"","V1","V2","V3","V4","V5","V6","V7","V8","V9","V10","V11","V12","V13","V14","V15","V16","V17","V18","V19","V20","V21","V22","V23","V24","V25","V26","V27","V28","V29","V30","V31","V32","V33","V34","V35","V36","V37","V38","V39","V40","V41","V42","V43","V44","V45","V46","V47","V48","V49","V50","V51","V52","V53","V54","V55","V56","V57","V58","V59","V60","V61","V62","V63","V64","V65","V66","V67","V68","V69","V70","V71","V72","V73","V74","V75","V76","V77","V78","V79","V80","V81","V82","V83","V84","V85","V86","V87","V88","V89","V90","V91","V92","V93","V94","V95","V96","V97","V98","V99","V100","V101","V102","V103","V104","V105","V106","V107","V108","V109","V110","V111","V112","V113","V114","V115","V116","V117","V118","V119","V120","V121","V122","V123","V124","V125","V126","V127","V128","V129","V130","V131","V132","V133","V134","V135","V136","V137","V138","V139","V140","V141","V142","V143","V144","V145","V146","V147","V148","V149","V150","V151","V152","V153","V154","V155","V156","V157","V158","V159","V160","V161","V162","V163","V164","V165","V166","V167","V168","V169","V170","V171","V172","V173","V174","V175","V176","V177","V178","V179","V180","V181","V182","V183","V184","V185","V186","V187","V188","V189","V190","V191","V192","V193","V194","V195","V196","V197","V198","V199","V200","V201","V202","V203","V204","V205","V206","V207","V208","V209","V210","V211","V212","V213","V214","V215","V216","V217","V218","V219","V220","V221","V222","V223","V224","V225","V226","V227","V228","V229","V230","V231","V232","V233","V234","V235","V236","V237","V238","V239","V240","V241","V242","V243","V244","V245","V246","V247","V248","V249","V250","V251","V252","V253","V254","V255","V256","V257","V258","V259","V260","V261","V262","V263","V264","V265","V266","V267","V268","V269","V270","V271","V272","V273","V274","V275","V276","V277","V278","V279","V280","V281","V282","V283","V284","V285","V286","V287","V288","V289","V290","V291","V292","V293","V294","V295","V296","V297","V298","V299","V300","V301","V302","V303","V304","V305","V306","V307","V308","V309","V310","V311","V312","V313","V314","V315","V316","V317","V318","V319","V320","V321","V322","V323","V324","V325","V326","V327","V328","V329","V330","V331","V332","V333","V334","V335","V336","V337","V338","V339","V340","V341","V342","V343","V344","V345","V346","V347","V348","V349","V350","V351","V352","V353","V354","V355","V356","V357","V358","V359","V360","V361","V362","V363","V364","V365","V366","V367","V368","V369","V370","V371","V372","V373","V374","V375","V376","V377","V378","V379","V380","V381","V382","V383","V384","V385","V386","V387","V388","V389","V390","V391","V392","V393","V394","V395","V396","V397","V398","V399","V400","V401","V402","V403","V404","V405","V406","V407","V408","V409","V410","V411","V412","V413","V414","V415","V416","V417","V418","V419","V420","V421","V422","V423","V424","V425","V426","V427","V428","V429","V430","V431","V432","V433","V434","V435","V436","V437","V438","V439","V440","V441","V442","V443","V444","V445","V446","V447","V448","V449","V450","V451","V452","V453","V454","V455","V456","V457","V458","V459","V460","V461","V462","V463","V464","V465","V466","V467","V468","V469","V470","V471","V472","V473","V474","V475","V476","V477","V478","V479","V480","V481","V482","V483","V484","V485","V486","V487","V488","V489","V490","V491","V492","V493","V494","V495","V496","V497","V498","V499","V500","V501","V502","V503","V504","V505","V506","V507","V508","V509","V510","V511","V512","V513","V514","V515","V516","V517","V518","V519","V520","V521","V522","V523","V524","V525","V526","V527","V528","V529","V530","V531","V532","V533","V534","V535","V536","V537","V538","V539","V540","V541","V542","V543","V544","V545","V546","V547","V548","V549","V550","V551","V552","V553","V554","V555","V556","V557","V558","V559","V560","V561","V562","V563","V564","V565","V566","V567","V568","V569","V570","V571","V572","V573","V574","V575","V576","V577","V578","V579","V580","V581","V582","V583","V584","V585","V586","V587","V588","V589","V590","V591","V592","V593","V594","V595","V596","V597","V598","V599","V600","V601","V602","V603","V604","V605","V606","V607","V608","V609","V610","V611","V612","V613","V614","V615","V616","V617","V618","V619","V620","V621","V622","V623","V624","V625","V626","V627","V628","V629","V630","V631","V632","V633","V634","V635","V636","V637","V638","V639","V640","V641","V642","V643","V644","V645","V646","V647","V648","V649","V650","V651","V652","V653","V654","V655","V656","V657","V658","V659","V660","V661","V662","V663","V664","V665","V666","V667","V668","V669","V670","V671","V672","V673","V674","V675","V676","V677","V678","V679","V680","V681","V682","V683","V684","V685","V686","V687","V688","V689","V690","V691","V692","V693","V694","V695","V696","V697","V698","V699","V700","V701","V702","V703","V704","V705","V706","V707","V708","V709","V710","V711","V712","V713","V714","V715","V716","V717","V718","V719","V720","V721","V722","V723","V724","V725","V726","V727","V728","V729","V730","V731","V732","V733","V734","V735","V736","V737","V738","V739","V740","V741","V742","V743","V744","V745","V746","V747","V748","V749","V750","V751","V752","V753","V754","V755","V756","V757","V758","V759","V760","V761","V762","V763","V764","V765","V766","V767","V768","V769","V770","V771","V772","V773","V774","V775","V776","V777","V778","V779","V780","V781","V782","V783","V784","V785","V786","V787","V788","V789","V790","V791","V792","V793","V794","V795","V796","V797","V798","V799","V800","V801","V802","V803","V804","V805","V806","V807","V808","V809","V810","V811","V812","V813","V814","V815","V816","V817","V818","V819","V820","V821","V822","V823","V824","V825","V826","V827","V828","V829","V830","V831","V832","V833","V834","V835","V836","V837","V838","V839","V840","V841","V842","V843","V844","V845","V846","V847"
"1",1,0.996860282574568,0.973643410852713,0.944170771756979,0.987012987012987,0.998366013071895,0.89792663476874,0.974317817014446,0.996918335901387,0,0.996815286624204,0,0.558359621451104,0.9968,0.0400641025641026,0.0111464968152866,0,0.0158227848101266,0.995184590690209,0.9808,0.166405023547881,0.0376432078559738,0.984202211690363,0,0.95253164556962,0.256077795786062,0.111464968152866,0.988467874794069,0.467391304347826,0.69170579029734,0.00317460317460317,0.684713375796178,0.780448717948718,0.286392405063291,0,0.998420221169036,0.0158227848101266,0.993779160186625,0.261068702290076,0.892628205128205,0.00158730158730159,0.0172955974842767,0.00626959247648903,0.998376623376623,0.788429752066116,0.0229508196721311,0.516025641025641,0.00162866449511401,0.475077881619938,0.142857142857143,0,0.990369181380417,0.27536231884058,0.9968,0.890145395799677,0.161500815660685,0,0.971014492753623,0.962674961119751,0.910094637223975,0.2921875,0.434169278996865,0.00162866449511401,0,0.904838709677419,0.820472440944882,0,0.987240829346092,0,0.00326797385620915,0.848818897637795,0.0094488188976378,0.0176,0.998422712933754,0,0.725581395348837,0.0501567398119122,0.582278481012658,0.903814262023217,0.270134228187919,0,0.70735524256651,0.223076923076923,0.995348837209302,0.121405750798722,0.909233176838811,0.993720565149137,0.966929133858268,0.970496894409938,0.0125391849529781,0.987138263665595,0.996820349761526,0,0,0.97092084006462,0,0.307570977917981,0.9826224328594,0.00788643533123028,0.00961538461538462,0.618210862619808,0,0.291935483870968,0.998355263157895,0.0955315870570108,0.996715927750411,0.0112903225806452,0.976190476190476,0.0016366612111293,0.00967741935483871,0.00949367088607595,0.908082408874802,0.329052969502408,0.990415335463259,0,0.987381703470032,0.706896551724138,0,0.00158982511923688,0.229166666666667,0,0.778135048231511,0.253943217665615,0.0805921052631579,0.976489028213166,0.155864197530864,0.993730407523511,0.993670886075949,0,0.565286624203822,0.929967426710098,0.493464052287582,0.986885245901639,0,0.99016393442623,0.0234009360374415,0,0.216965742251224,0.636510500807754,0.530744336569579,0,0,0.982484076433121,0.76,0.180623973727422,0.998373983739837,0.00801282051282051,0.923930269413629,0.413398692810457,0.982704402515723,0.139767054908486,0.985759493670886,0.996747967479675,0.820634920634921,0.995222929936306,0.00325732899022801,0.998425196850394,0.00324149108589951,0,0.737439222042139,0.874015748031496,0.9792,0.0189274447949527,0,0.998442367601246,0.443708609271523,0.99837925445705,0.998420221169036,0.998427672955975,0.281733746130031,0.9824,0.00474683544303797,0.9546875,0.00306748466257669,0.8992,0.3728,0,0.9808,0,0.836702954898911,0.996875,0.120192307692308,0.985530546623794,0.948275862068966,0.986089644513138,0.971608832807571,0.101587301587302,0.381475667189953,0.922824302134647,0.94299674267101,0.0518867924528302,0.00786163522012579,0.9872,0.866559485530547,0,0,0.307324840764331,0.00157232704402516,0.996894409937888,0.2546875,0.884105960264901,0.753554502369668,0.993817619783617,0.446945337620579,0.431962025316456,0.311183144246353,0.917073170731707,0.958266452648475,0.8859375,0,0.889235569422777,0.177446102819237,0.951377633711507,0.00161030595813205,0.0693374422187981,0.551779935275081,0.974723538704581,0.982704402515723,0.835463258785943,0.998415213946117,0.892455858747994,0,0.0718849840255591,0.664576802507837,0.995268138801262,0,0.98740157480315,0.982785602503912,0.562300319488818,0.550955414012739,0.98876404494382,0.996699669966997,0.374800637958533,0,0.893023255813953,0.530708661417323,0.970588235294118,0.00318471337579618,0.95968992248062,0.995230524642289,0.998444790046656,0.95260663507109,0.525821596244131,0.00495049504950495,0.96969696969697,0.545741324921136,0.0062015503875969,0.0031055900621118,0.199021207177814,0.0032258064516129,0.151712887438825,0.680124223602484,0.00158478605388273,0.00626959247648903,0.0144,0.591614906832298,0.0419354838709677,0.980861244019139,0.0145867098865478,0.0032,0,0.232484076433121,0.9967585089141,0.979233226837061,0.89622641509434,0,0.87479674796748,0.848101265822785,0.684887459807074,0.596491228070175,0.454258675078864,0.4544,0.0127186009538951,0.996747967479675,0.0947030497592295,0.702479338842975,0.963492063492064,0.0158478605388273,0.754045307443366,0.0048780487804878,0.120689655172414,0.996884735202492,0.996753246753247,0.896774193548387,0,0.634375,0.888529886914378,0,0.00156494522691706,0.893416927899687,0.985483870967742,0,0.00317460317460317,0.00317965023847377,0.987138263665595,0.893312101910828,0.00325732899022801,0,0.387820512820513,0.993485342019544,0.784037558685446,0.39652448657188,0.648780487804878,0.960876369327074,0.0111287758346582,0.99685534591195,0.996789727126806,0.00485436893203883,0.965463108320251,0.998394863563403,0.970345963756178,0.993640699523052,0.178628389154705,0.319422150882825,0.293460925039872,0.976228209191759,0.931147540983607,0.0568720379146919,0.263754045307443,0.975409836065574,0.148562300319489,0.301223241590214,0.996840442338073,0.9936,0.974643423137876,0.690322580645161,0.993759750390016,0.248803827751196,0.965023847376789,0.993558776167472,0,0.325949367088608,0.559543230016313,0.0158982511923688,0.0609951845906902,0.0094488188976378,0.899053627760252,0.0223285486443381,0,0,0.216429699842022,0.992025518341308,0.0768,0.988673139158576,0.970125786163522,0.9888,0.292079207920792,0.295751633986928,0.682182985553772,0.458333333333333,0,0.817749603803486,0.0170278637770898,0.0404984423676012,0.194928684627575,0.99670510708402,0.00157977883096367,0,0.335974643423138,0.0126582278481013,0.0273311897106109,0.48,0.998402555910543,0.268292682926829,0.99835255354201,0.962843295638126,0,0.993930197268589,0.00157977883096367,0.995348837209302,0.82484076433121,0.996763754045307,0.0112721417069243,0.976744186046512,0.00313479623824451,0.871224165341812,0.711726384364821,0.940993788819876,0.987281399046105,0.995268138801262,0.301765650080257,0.964573268921095,0.996845425867508,0.00305810397553517,0.0237717908082409,0.998373983739837,0.996810207336523,0.3248,0.876755070202808,0.965116279069767,0.955905511811024,0.996815286624204,0,0.116987179487179,0.996825396825397,0.00158730158730159,0,0.96742671009772,0.0114754098360656,0.0430622009569378,0.996835443037975,0.96656050955414,0.00321027287319422,0.629032258064516,0.422222222222222,0.987034035656402,0.00495867768595041,0.859223300970874,0.998371335504886,0.375198728139905,0.609794628751975,0.790996784565916,0,0.165329052969502,0.978861788617886,0.995169082125604,0.451104100946372,0.996889580093313,0.968120805369127,0.0333333333333333,0,0.990712074303406,0.991974317817014,0.953821656050955,0.695238095238095,0.00956937799043062,0.868589743589744,0.239165329052969,0.183533447684391,0.0078740157480315,0.622366288492707,0.597133757961783,0.610410094637224,0,0.284329563812601,0.916139240506329,0.648475120385233,0.511737089201878,0.0769230769230769,0,0,0.998484848484849,0.971875,0,0.925806451612903,0.0128205128205128,0,0,0.995169082125604,0,0.998347107438017,0.770206022187005,0.549689440993789,0.996860282574568,0,0,0.988835725677831,0.959876543209877,0.726844583987441,0.00308166409861325,0.00329489291598023,0.8859375,0.603421461897356,1,0.537242472266244,0.352657004830918,0,0.977917981072555,0.00164473684210526,0.959150326797386,0.088,0,0.00927357032457496,0.12480252764613,0.489864864864865,0.973228346456693,0,0.945736434108527,0.974723538704581,0.998415213946117,0,0.0679611650485437,0.925549915397631,0.00822368421052632,0.996815286624204,1,0.00943396226415094,0.996789727126806,0.305511811023622,0.803827751196172,0.0127388535031847,0.16887417218543,0.961904761904762,0.0130718954248366,0.00324149108589951,0.977952755905512,0.00977198697068404,0.675409836065574,0.391373801916933,0,0.119426751592357,0.743589743589744,0.275862068965517,0.981012658227848,0,0.14576802507837,0.452861952861953,0.954898911353033,0.894080996884735,0.960127591706539,0.754471544715447,0,0.979591836734694,0.00156739811912226,0.963317384370016,0.399350649350649,0.00154559505409583,0.996840442338073,0.996794871794872,0.998384491114701,0.646964856230032,0.9858934169279,0.133333333333333,0.186795491143317,0.94524959742351,0.882170542635659,0,0,0.99194847020934,0.932896890343699,0.0146103896103896,0.983844911147011,0.993690851735016,0.374407582938389,0.929738562091503,0.7376,0.893682588597843,0,0.966292134831461,0.347266881028939,0.996789727126806,0.998454404945904,0,0.635220125786163,0.974317817014446,0.00318979266347687,0.68370607028754,0.382911392405063,0.796610169491525,0.694533762057878,0.953125,0.0820433436532508,0.980551053484603,1,0.9826224328594,0.298850574712644,0.0982839313572543,0.99203821656051,0.996830427892235,0.00792393026941363,0.768025078369906,0.450236966824645,0.253164556962025,0.763866877971474,0.9968,0.873397435897436,0.996850393700787,0.119122257053292,0.00325732899022801,0,0.826984126984127,0.00484652665589661,0.0032258064516129,0.269537480063796,0,0.993640699523052,0.913522012578616,0.9952,0.995290423861852,0.0871632329635499,0.00160771704180064,0,0,0.172357723577236,0.076797385620915,0.151515151515152,0,0.00313971742543171,0.996850393700787,0.0110584518167457,0.306946688206785,0.996742671009772,0.594043887147335,0.969354838709677,0.656877897990726,0.647151898734177,0,0.996913580246914,0.4016,0.503174603174603,0.928792569659443,0.988941548183254,0.4,0.00950871632329636,0.949286846275753,0.955315870570108,0,0.970219435736677,0.0160513643659711,0.987012987012987,0.427899686520376,0,0.00956937799043062,0.527960526315789,0.839285714285714,0.00317460317460317,0.131147540983607,0.0125786163522013,0.0016366612111293,0.745454545454545,0.0275526742301459,0.996666666666667,0.318181818181818,0.993680884676145,0.00313971742543171,0.369230769230769,0.327390599675851,0.866995073891626,0.105610561056106,0.0046875,0.00317460317460317,0.0483091787439614,0,0.993836671802773,0.0461285008237232,0.983050847457627,0.00637958532695375,0.996784565916399,0,0.517295597484277,0.465709728867624,0.998412698412698,0,0.998442367601246,0,0.391869918699187,0.989079563182527,0,0.656597774244833,0.982343499197432,0.756019261637239,0.953225806451613,0.0455259026687598,0,0.9968,0.252459016393443,0,0.679245283018868,0.00155763239875389,0.0188679245283019,0.996699669966997,1,0.990639625585023,0.976,0.982142857142857,0,0.974481658692185,0.0253968253968254,0.358139534883721,0.282258064516129,0.992088607594937,0.987240829346092,0.990491283676704,0.989028213166144,0.0481540930979133,0.0145631067961165,0.98841059602649,0.961965134706815,0.72626582278481,0.976525821596244,0.996889580093313,0.971563981042654,0,0,0.980182926829268,0,0.0689102564102564,0,0.947784810126582,0.281505728314239,0.20097244732577,0.120634920634921,0.916398713826367,0,0.0996884735202492,0.996835443037975,0.998427672955975,0.64,0.426829268292683,0.218320610687023,0.187793427230047,0.655339805825243,0.00158982511923688,0.115987460815047,0.551505546751189,0.258064516129032,0.714285714285714,0.0142630744849445,0,0.00162866449511401,0.327332242225859,0.996753246753247,0.625796178343949,0.230650154798762,0.629570747217806,0.873239436619718,0.986046511627907,0.95928338762215,0.985365853658537,0.996768982229402,0.996779388083736,0.542586750788643,0.423566878980892,0.995230524642289,0.00610687022900763,0.0110584518167457,0.873801916932907,0.0126182965299685,0.996879875195008,0.967136150234742,0,0.120661157024793,0,0.956869009584665,0,0.972929936305732,0.998405103668262,0.0077639751552795,0.837096774193548,0.996860282574568,0.656862745098039,0.628346456692913,0.882447665056361,0,0,0.931438127090301,0.942771084337349,0.992101105845182,0,0,0.00161812297734628,0.229430379746835,0.498397435897436,0,0.444444444444444,0,0.928455284552846,0.996794871794872,0.164251207729469,0.244548286604361,0,0.345276872964169,0.602848101265823,0.851097178683386,0.965732087227414,0.77373417721519,0.00319488817891374,0.991816693944354,0.0128617363344051,0.996774193548387,0,0.982892690513219,0.00802568218298555,0.996753246753247,0.0144,0.0146341463414634,0,0,0.823343848580442,0.923202614379085,0.94375,0.709876543209877,0.0244274809160305,0.00803858520900321,0.822047244094488,0.839009287925697,0,0.0144,0.971291866028708,0,0.980327868852459,0.954898911353033,0.0613207547169811,0.0495207667731629,0.00475435816164818,0.99685534591195,0.467741935483871,0.0769230769230769,0.0998363338788871,0.114285714285714,0.697560975609756,0.101404056162246,0.998417721518987,0,0.752012882447665,0.979876160990712,0.00481540930979133,0,0.0030441400304414,0,0.00317460317460317,0.998427672955975,0.712887438825449,0,0.00316957210776545,0.550161812297735,0.958266452648475,0.430599369085173,0.0588235294117647,0.0032626427406199,0.0642504118616145,0.0177133655394525,0,0.035426731078905,0.00928792569659443,0.00470219435736677,0.0141065830721003,0.00157232704402516,0.057784911717496,0.0649762282091918,0.0175718849840256,0.0192926045016077,0.00491803278688525,0.027027027027027,0.0253164556962025,0.0664556962025316,0.0111642743221691,0.0221870047543582,0,0.00643086816720257,0.0547504025764895,0.00963081861958266,0.0233281493001555,0.00315457413249211,0.0332805071315372,0.0046583850931677,0.00486223662884927
"2",0.996860282574568,1,0.967642526964561,0.933870967741935,0.984076433121019,1,0.880804953560371,0.972222222222222,1,0,1,0,0.564341085271318,1,0.0384615384615385,0.00768049155145929,0,0.0154083204930663,0.996875,0.986024844720497,0.155763239875389,0.0342019543973941,0.989280245022971,0,0.958268933539413,0.274167987321712,0.109034267912773,0.985576923076923,0.465648854961832,0.677966101694915,0,0.688679245283019,0.755591054313099,0.282334384858044,0,1,0.0153139356814701,0.9953125,0.266165413533835,0.902140672782875,0,0.0186335403726708,0.00618238021638331,1,0.782747603833866,0.0192,0.516228748068006,0,0.462235649546828,0.131297709923664,0,0.993759750390016,0.262422360248447,1,0.871875,0.170382165605096,0,0.971608832807571,0.955521472392638,0.899691358024691,0.285046728971963,0.431221020092736,0,0,0.906200317965024,0.83179012345679,0,0.990580847723705,0,0,0.845329249617152,0.0062111801242236,0.0188976377952756,1,0,0.710606060606061,0.046969696969697,0.577812018489985,0.894060995184591,0.246280991735537,0,0.699544764795144,0.223583460949464,0.998459167950693,0.109546165884194,0.896499238964992,0.996870109546166,0.967391304347826,0.96141975308642,0.010752688172043,0.987281399046105,1,0,0,0.9728,0,0.306278713629403,0.978361669242658,0.00778816199376947,0.00930232558139535,0.620904836193448,0,0.2816,1,0.100154083204931,1,0.00940438871473354,0.974960876369327,0,0.0093603744149766,0.00923076923076923,0.896988906497623,0.331269349845201,0.992223950233281,0,0.984375,0.701996927803379,0,0,0.22848200312989,0,0.751937984496124,0.2574568288854,0.0769230769230769,0.968944099378882,0.160493827160494,0.996918335901387,0.996875,0,0.551937984496124,0.933333333333333,0.494417862838915,0.990506329113924,0,0.996825396825397,0.0229709035222052,0,0.210191082802548,0.634375,0.529983792544571,0,0,0.978328173374613,0.753510140405616,0.1776,1,0.00788643533123028,0.920489296636086,0.414442700156986,0.978723404255319,0.136363636363636,0.984276729559748,1,0.825347758887172,0.993769470404984,0,1,0,0,0.736677115987461,0.858015267175573,0.97984496124031,0.0170542635658915,0,1,0.441786283891547,1,1,1,0.280728376327769,0.973805855161787,0.00157728706624606,0.946646341463415,0,0.8896,0.390092879256966,0,0.986024844720497,0,0.838810641627543,1,0.119309262166405,0.981337480559876,0.947611710323575,0.991004497751124,0.973684210526316,0.096875,0.374807987711214,0.918789808917197,0.943217665615142,0.0561622464898596,0.00614439324116743,0.977883096366509,0.844827586206897,0,0,0.301412872841444,0,1,0.260188087774295,0.862838915470494,0.749620637329287,0.987635239567233,0.440894568690096,0.435658914728682,0.296703296703297,0.9234375,0.969889064976228,0.873065015479876,0,0.878648233486943,0.178743961352657,0.939778129952456,0,0.0702290076335878,0.547880690737834,0.97456279809221,0.980091883614089,0.820754716981132,0.998415213946117,0.888540031397174,0,0.071875,0.656441717791411,0.993620414673046,0,0.992260061919505,0.980480480480481,0.561514195583596,0.546728971962617,0.988941548183254,1,0.37111801242236,0,0.884146341463415,0.516329704510109,0.966507177033493,0,0.953703703703704,0.998410174880763,1,0.953051643192488,0.52760736196319,0,0.96594427244582,0.545878693623639,0.00451807228915663,0.00153609831029186,0.199680511182109,0,0.162679425837321,0.673343605546995,0,0.00465116279069767,0.00923076923076923,0.590839694656489,0.0335463258785942,0.982511923688394,0.00949367088607595,0,0,0.22397476340694,1,0.9796875,0.894080996884735,0,0.8608,0.859111791730475,0.6828125,0.580996884735203,0.4625,0.465079365079365,0.0093167701863354,1,0.0919003115264797,0.688102893890675,0.959627329192547,0.0108191653786708,0.738724727838258,0.00157232704402516,0.117829457364341,1,1,0.881219903691814,0,0.647779479326187,0.873015873015873,0,0,0.886850152905199,0.976708074534162,0,0.00155038759689922,0.00154559505409583,0.979623824451411,0.876190476190476,0,0,0.3963133640553,0.987519500780031,0.79601226993865,0.394654088050314,0.647619047619048,0.96030534351145,0.0093603744149766,1,1,0.00778816199376947,0.959311424100156,1,0.9712,0.99685534591195,0.191222570532915,0.313271604938272,0.283720930232558,0.974763406940063,0.94345718901454,0.0459418070444104,0.262166405023548,0.973684210526316,0.159375,0.311450381679389,0.993769470404984,0.996865203761755,0.967289719626168,0.689984101748808,0.998454404945904,0.245669291338583,0.963358778625954,0.99685534591195,0,0.322884012539185,0.556962025316456,0.0173501577287066,0.0532915360501567,0.00303951367781155,0.906976744186046,0.0201238390092879,0,0,0.235658914728682,0.992,0.0644654088050314,0.983844911147011,0.965678627145086,0.9859375,0.285266457680251,0.283227848101266,0.672955974842767,0.461912479740681,0,0.828926905132193,0.0137825421133231,0.0401234567901235,0.203416149068323,1,0.00154320987654321,0,0.328173374613003,0.0108864696734059,0.0251572327044025,0.475077881619938,1,0.275080906148867,1,0.964968152866242,0,0.989536621823617,0,0.998482549317147,0.826356589147287,1,0.00947867298578199,0.976958525345622,0,0.883647798742138,0.709935897435897,0.948012232415902,0.984615384615385,0.996889580093313,0.285714285714286,0.968354430379747,1,0,0.0236593059936909,1,1,0.31937984496124,0.8828125,0.967637540453074,0.945038167938931,1,0,0.117174959871589,1,0.00157728706624606,0,0.963375796178344,0.00797448165869218,0.0438871473354232,1,0.968895800933126,0.00315457413249211,0.639751552795031,0.429245283018868,0.984152139461173,0.0016025641025641,0.869085173501577,0.996789727126806,0.377567140600316,0.599388379204893,0.7796875,0,0.161904761904762,0.974723538704581,0.998461538461539,0.453978159126365,1,0.968698517298188,0.0267295597484277,0,0.983076923076923,0.995297805642633,0.95440251572327,0.683229813664596,0.00782472613458529,0.856692913385827,0.238759689922481,0.168831168831169,0.00615384615384615,0.624801271860095,0.607535321821036,0.613924050632911,0,0.292721518987342,0.913312693498452,0.648351648351648,0.512977099236641,0.0798192771084337,0,0,1,0.97239263803681,0,0.921630094043887,0.0110935023771791,0,0,0.998442367601246,0,1,0.767550702028081,0.534142640364188,1,0,0,0.995290423861852,0.960665658093797,0.7217125382263,0,0.00321543408360129,0.866057838660578,0.590769230769231,1,0.536776212832551,0.343799058084772,0,0.981424148606811,0,0.952380952380952,0.0916271721958926,0,0.00612557427258806,0.11128526645768,0.485342019543974,0.973561430793157,0,0.948170731707317,0.972093023255814,1,0,0.0691318327974277,0.924342105263158,0.00162074554294976,1,1,0.00773993808049536,1,0.3,0.80188679245283,0.0109204368174727,0.161084529505582,0.953748006379585,0.00777604976671851,0,0.972434915773354,0.00791139240506329,0.656050955414013,0.380726698262243,0,0.111627906976744,0.733226837060703,0.262910798122066,0.976923076923077,0,0.151468315301391,0.464052287581699,0.940729483282675,0.88,0.964285714285714,0.754358161648177,0,0.987730061349693,0,0.965408805031447,0.390749601275917,0,1,1,1,0.629860031104199,0.984567901234568,0.12755905511811,0.187096774193548,0.9484375,0.869362363919129,0,0,0.990430622009569,0.927330173775671,0.0176,0.980952380952381,0.992248062015504,0.377916018662519,0.925039872408293,0.73208722741433,0.874425727411945,0,0.967238689547582,0.34493670886076,1,0.998449612403101,0,0.636932707355243,0.973270440251572,0,0.687697160883281,0.377742946708464,0.801503759398496,0.694006309148265,0.959028831562974,0.0884146341463415,0.982511923688394,1,0.98145285935085,0.303425774877651,0.0889235569422777,0.990783410138249,1,0.00461538461538462,0.772657450076805,0.457627118644068,0.257364341085271,0.75314465408805,1,0.879173290937997,1,0.130568356374808,0,0,0.811023622047244,0.00312989045383412,0,0.267692307692308,0,0.987596899224806,0.903374233128834,0.998473282442748,0.995475113122172,0.0971786833855799,0,0,0,0.1743264659271,0.0788253477588872,0.159744408945687,0,0,1,0.00606980273141123,0.295886075949367,1,0.596546310832025,0.973312401883831,0.66412213740458,0.640672782874618,0,1,0.396875,0.49445324881141,0.914110429447853,0.98936170212766,0.398119122257053,0.0061633281972265,0.950769230769231,0.952959028831563,0,0.962406015037594,0.015600624024961,0.982171799027553,0.433021806853583,0,0.00771604938271605,0.52124183006536,0.827856025039124,0,0.133858267716535,0.0109034267912773,0,0.734234234234234,0.0252764612954186,1,0.316998468606432,0.992343032159265,0,0.370030581039755,0.322378716744914,0.85829307568438,0.103448275862069,0.00458015267175573,0.00156494522691706,0.0364500792393027,0,0.995419847328244,0.0353697749196141,0.97869101978691,0.0031496062992126,1,0,0.520423600605144,0.455538221528861,1,0,0.998468606431853,0,0.397727272727273,0.98780487804878,0,0.652307692307692,0.976525821596244,0.7359375,0.947368421052632,0.0419254658385093,0,1,0.264659270998415,0,0.680124223602484,0,0.0185758513931889,1,1,0.99075500770416,0.967289719626168,0.977707006369427,0,0.979430379746835,0.0186625194401244,0.361280487804878,0.284829721362229,0.992283950617284,0.992125984251969,0.99388379204893,0.990654205607477,0.0514018691588785,0.0141287284144427,0.983739837398374,0.955177743431221,0.723338485316847,0.979655712050078,1,0.972519083969466,0,0,0.979041916167665,0,0.0685358255451713,0,0.952978056426332,0.2776886035313,0.209415584415584,0.116923076923077,0.926447574334898,0,0.106976744186047,1,1,0.627943485086342,0.411411411411411,0.221889055472264,0.17457886676876,0.648089171974522,0,0.118012422360248,0.55868544600939,0.252747252747253,0.705521472392638,0.00630914826498423,0,0,0.329011345218801,1,0.621913580246914,0.224270353302611,0.625386996904025,0.866564417177914,0.986068111455108,0.954545454545455,0.980982567353407,1,0.998407643312102,0.53822629969419,0.416923076923077,1,0.00600600600600601,0.0106060606060606,0.864566929133858,0.00925925925925926,1,0.970404984423676,0,0.121019108280255,0,0.94383775351014,0,0.971080669710807,1,0.00611620795107034,0.829652996845426,1,0.648089171974522,0.625194401244168,0.865168539325843,0,0,0.924092409240924,0.942942942942943,0.987748851454824,0,0,0,0.235474006116208,0.503164556962025,0,0.446009389671362,0,0.920760697305864,1,0.148969889064976,0.244992295839753,0,0.352848101265823,0.59190031152648,0.866666666666667,0.961948249619482,0.773940345368917,0,0.987179487179487,0.0140625,1,0,0.980392156862745,0.00789889415481832,1,0.0203761755485893,0.0078125,0,0,0.808641975308642,0.931854199683043,0.933539412673879,0.709480122324159,0.0287009063444109,0.00626959247648903,0.829192546583851,0.829787234042553,0,0.0156494522691706,0.968553459119497,0,0.983922829581994,0.954682779456193,0.0607476635514019,0.0414746543778802,0.00313971742543171,1,0.469291338582677,0.0849358974358974,0.109149277688604,0.111111111111111,0.685303514376997,0.093167701863354,1,0,0.76031746031746,0.987711213517665,0.0046656298600311,0,0,0,0,1,0.7152,0,0,0.552,0.953674121405751,0.42967542503864,0.0442748091603053,0.00158730158730159,0.0512820512820513,0.013953488372093,0,0.0299684542586751,0.00455235204855842,0.0015748031496063,0.00940438871473354,0,0.0496124031007752,0.0567484662576687,0.00938967136150235,0.0139751552795031,0.00638977635782748,0.0215384615384615,0.0169491525423729,0.0577223088923557,0.00627943485086342,0.0140625,0,0.0016025641025641,0.0448717948717949,0.00463678516228748,0.0184615384615385,0,0.0354391371340524,0,0.0015600624024961
"3",0.973643410852713,0.967642526964561,1,0.948275862068966,0.98256735340729,0.973228346456693,0.920560747663551,0.979655712050078,0.969558599695586,0,0.973270440251572,0,0.595712098009188,0.968847352024922,0.0704441041347626,0.0428790199081164,0,0.00934579439252336,0.965354330708661,0.954337899543379,0.184848484848485,0.0591054313099042,0.963133640552995,0,0.938366718027735,0.285939968404423,0.128284389489954,0.961965134706815,0.48159509202454,0.701078582434515,0.0306278713629403,0.722137404580153,0.798107255520505,0.304615384615385,0,0.970724191063174,0.0151057401812689,0.963746223564955,0.276785714285714,0.885022692889561,0,0.0124031007751938,0.00461538461538462,0.971608832807571,0.797124600638978,0.0538461538461538,0.527301092043682,0.029320987654321,0.490136570561457,0.157575757575758,0,0.967289719626168,0.283720930232558,0.965354330708661,0.908385093167702,0.181102362204724,0,0.942367601246106,0.977168949771689,0.910606060606061,0.303265940902022,0.439509954058193,0.0297805642633229,0,0.880434782608696,0.820395738203957,0,0.959752321981424,0,0.0235478806907378,0.850453172205438,0.0352760736196319,0.0419254658385093,0.970858895705521,0,0.73820395738204,0.0726429675425039,0.605740181268882,0.917721518987342,0.301302931596091,0,0.726443768996961,0.242424242424242,0.966463414634146,0.138719512195122,0.949074074074074,0.969418960244648,0.965891472868217,0.944272445820433,0.0121765601217656,0.966613672496025,0.966205837173579,0,0,0.952830188679245,0,0.309815950920245,0.961538461538462,0.00457317073170732,0.0060882800608828,0.646875,0,0.300157977883096,0.970125786163522,0.136157337367625,0.973015873015873,0.0124223602484472,0.987692307692308,0.031201248049922,0.0391849529780564,0.0324074074074074,0.930340557275542,0.358461538461538,0.964341085271318,0,0.989147286821705,0.743076923076923,0,0.0306748466257669,0.243788819875776,0,0.796557120500782,0.267281105990783,0.095389507154213,0.966257668711656,0.170506912442396,0.967987804878049,0.970903522205207,0,0.560490045941807,0.9453125,0.488226059654631,0.962674961119751,0,0.96656050955414,0.0487804878048781,0,0.235478806907378,0.636363636363636,0.542586750788643,0,0,0.970724191063174,0.763975155279503,0.204081632653061,0.967542503863988,0.032967032967033,0.936073059360731,0.440251572327044,0.992424242424242,0.155448717948718,0.963020030816641,0.974803149606299,0.829754601226994,0.968992248062015,0.0266875981161695,0.969512195121951,0.0325581395348837,0,0.750783699059561,0.890060240963855,0.95405819295559,0.0503048780487805,0,0.969834087481146,0.478468899521531,0.969745222929936,0.969040247678019,0.969088098918083,0.311349693251534,0.977029096477795,0.0307692307692308,0.946188340807175,0.0332326283987915,0.919129082426128,0.394171779141104,0,0.962674961119751,0,0.840978593272171,0.967791411042945,0.1546875,0.969230769230769,0.933846153846154,0.962462462462462,0.95144157814871,0.120879120879121,0.401826484018265,0.927215189873418,0.935897435897436,0.0806201550387597,0.0363086232980333,0.976744186046512,0.884615384615385,0,0,0.318818040435459,0,0.966867469879518,0.277693474962064,0.903633491311216,0.754198473282443,0.979969183359014,0.4609375,0.445121951219512,0.313385826771654,0.904836193447738,0.933641975308642,0.904109589041096,0,0.865151515151515,0.202875399361022,0.941085271317829,0.0327613104524181,0.0967261904761905,0.546875,0.961119751166407,0.972350230414747,0.854714064914992,0.972477064220184,0.878461538461539,0,0.0990853658536585,0.667175572519084,0.966824644549763,0,0.960244648318043,0.98340874811463,0.569659442724458,0.56989247311828,0.956656346749226,0.971291866028708,0.379256965944272,0,0.917168674698795,0.55895865237366,0.990551181102362,0.029595015576324,0.949618320610687,0.976489028213166,0.972434915773354,0.931993817619784,0.533333333333333,0.0326594090202177,0.993817619783617,0.55521472392638,0.0346385542168675,0.0331325301204819,0.221518987341772,0.0295489891135303,0.175824175824176,0.693939393939394,0.0277349768875193,0.0320610687022901,0.0364741641337386,0.606060606060606,0.0647709320695103,0.968503937007874,0.0110410094637224,0.0231839258114374,0,0.244204018547141,0.978021978021978,0.958139534883721,0.897239263803681,0,0.892913385826772,0.825757575757576,0.7109375,0.638065522620905,0.481424148606811,0.452830188679245,0.0124031007751938,0.968354430379747,0.129032258064516,0.722488038277512,0.993827160493827,0.0395738203957382,0.763608087091757,0.0309119010819165,0.147465437788018,0.972727272727273,0.9696,0.921630094043887,0,0.659541984732824,0.90809968847352,0,0.0301659125188537,0.920060331825038,0.992211838006231,0,0.033434650455927,0.0259146341463415,0.968602825745683,0.899686520376176,0.0347551342812006,0,0.3963133640553,0.98145285935085,0.809379727685325,0.419207317073171,0.668769716088328,0.948249619482496,0.0307692307692308,0.966412213740458,0.969230769230769,0.031201248049922,0.963076923076923,0.97196261682243,0.946708463949843,0.969088098918083,0.200312989045383,0.329249617151608,0.306027820710974,0.984152139461173,0.919558359621451,0.0521472392638037,0.267828843106181,0.982892690513219,0.175115207373272,0.316816816816817,0.98297213622291,0.969135802469136,0.969230769230769,0.70404984423676,0.966717095310136,0.248037676609105,0.987596899224806,0.965354330708661,0,0.339939024390244,0.570532915360502,0.043613707165109,0.0532724505327245,0.0346385542168675,0.893353941267388,0.0564885496183206,0.0231481481481481,0,0.246932515337423,0.97045101088647,0.103395061728395,0.979166666666667,0.995405819295559,0.981012658227848,0.3,0.313971742543171,0.695652173913043,0.481967213114754,0,0.822458270106222,0.0451807228915663,0.0709969788519638,0.224427480916031,0.971742543171115,0.0309119010819165,0,0.343076923076923,0.0397553516819572,0.0536277602523659,0.4890625,0.975497702909648,0.317034700315457,0.969453376205788,0.936825885978428,0,0.973837209302326,0.0275650842266462,0.971385542168675,0.825954198473282,0.96875,0.0404354587869362,0.95166163141994,0.031104199066874,0.865237366003063,0.748417721518987,0.91640866873065,0.983154670750383,0.966309341500766,0.309230769230769,0.938176197836167,0.969650986342944,0.0301659125188537,0.0415384615384615,0.965189873417722,0.96594427244582,0.353846153846154,0.857361963190184,0.941935483870968,0.947049924357035,0.972685887708649,0,0.143533123028391,0.965891472868217,0.0291858678955453,0,0.996879875195008,0.00940438871473354,0.0717628705148206,0.967692307692308,1,0.00313479623824451,0.656298600311042,0.432766615146832,0.971742543171115,0.0283018867924528,0.842857142857143,0.971742543171115,0.386292834890966,0.612307692307692,0.8149300155521,0,0.185358255451713,0.984251968503937,0.967642526964561,0.462732919254658,0.97542242703533,0.953301127214171,0.0617283950617284,0.00154798761609907,0.975572519083969,0.967592592592593,0.948837209302326,0.702453987730061,0.0341614906832298,0.894819466248038,0.253067484662577,0.20259319286872,0.0046801872074883,0.625194401244168,0.603421461897356,0.639016897081413,0,0.3,0.923676012461059,0.659476117103236,0.554033485540335,0.111111111111111,0,0,0.971851851851852,0.939301972685888,0,0.952453987730061,0.0109546165884194,0,0,0.967441860465116,0,0.974603174603175,0.786271450858034,0.545180722891566,0.968036529680365,0,0,0.967391304347826,0.943768996960486,0.737082066869301,0.0288315629742033,0.00159235668789809,0.903614457831325,0.614220877458396,0.976816074188563,0.545454545454545,0.374805598755832,0,0.953632148377125,0.0315955766192733,0.968798751950078,0.106646058732612,0,0.0343796711509716,0.1484375,0.479871175523349,0.94435857805255,0,0.965413533834587,0.958841463414634,0.975572519083969,0,0.0992125984251968,0.911960132890365,0.0365659777424483,0.967642526964561,0.972350230414747,0.037037037037037,0.967592592592593,0.321100917431193,0.820433436532508,0.0401234567901235,0.18957345971564,0.958904109589041,0.00943396226415094,0.0339506172839506,0.973886328725038,0.03486529318542,0.68370607028754,0.394080996884735,0,0.140030441400304,0.75796178343949,0.278538812785388,0.967492260061919,0.0264797507788162,0.171732522796353,0.456,0.943768996960486,0.904109589041096,0.944099378881988,0.75314465408805,0,0.954128440366973,0.0303490136570561,0.941915227629513,0.411858974358974,0.0287009063444109,0.970814132104455,0.972006220839813,0.970125786163522,0.647515527950311,0.984662576687117,0.161949685534591,0.21608832807571,0.927357032457496,0.90381679389313,0,0,0.967238689547582,0.927672955974843,0.0454545454545455,0.975155279503106,0.97542242703533,0.384259259259259,0.957547169811321,0.736111111111111,0.908814589665654,0,0.948757763975155,0.346749226006192,0.975155279503106,0.973684210526316,0,0.647425897035881,0.998417721518987,0.0335365853658537,0.709320695102686,0.402457757296467,0.805349182763744,0.701095461658842,0.936106983655275,0.108761329305136,0.969793322734499,0.96793893129771,0.984639016897081,0.312,0.116564417177914,0.973765432098765,0.96793893129771,0.00755287009063444,0.788990825688073,0.456086286594761,0.290322580645161,0.783004552352049,0.970948012232416,0.8609375,0.968847352024922,0.137462235649547,0.0274193548387097,0,0.848062015503876,0.0332278481012658,0.029595015576324,0.299531981279251,0,0.968895800933126,0.918960244648318,0.973886328725038,0.972350230414747,0.117465224111283,0.0321592649310873,0,0,0.200317965023847,0.0984615384615385,0.171875,0,0.0290519877675841,0.967889908256881,0.0212443095599393,0.309486780715397,0.97045101088647,0.615384615384615,0.949526813880126,0.690184049079755,0.658536585365854,0,0.970326409495549,0.411490683229814,0.526315789473684,0.944108761329305,0.978494623655914,0.409509202453988,0.00927357032457496,0.956989247311828,0.954545454545455,0,0.940564635958395,0.0448916408668731,0.966129032258065,0.442572741194487,0,0.00763358778625954,0.538338658146965,0.85202492211838,0.0307219662058372,0.1669341894061,0.0110062893081761,0,0.744011976047904,0.0479876160990712,0.971153846153846,0.346153846153846,0.974203338391502,0.0269865067466267,0.388379204892966,0.337025316455696,0.885167464114832,0.129541864139021,0.0321100917431193,0,0.0676100628930818,0,0.973013493253373,0.0574162679425837,0.986506746626687,0.0358255451713396,0.970358814352574,0,0.552352048558422,0.47581903276131,0.967741935483871,0,0.974320241691843,0,0.430141287284144,0.965045592705167,0,0.670731707317073,0.96998420221169,0.749611197511664,0.979719188767551,0.0567484662576687,0,0.967542503863988,0.274015748031496,0,0.717791411042945,0.0303030303030303,0.0483383685800604,0.971786833855799,0.97191887675507,0.964992389649924,0.944968553459119,0.957943925233645,0,0.952681388012618,0.0244274809160305,0.370992366412214,0.313664596273292,0.967889908256881,0.956989247311828,0.963414634146341,0.963414634146341,0.0555555555555556,0.0422535211267606,0.974235104669887,0.94435857805255,0.727409638554217,0.953632148377125,0.972809667673716,0.992354740061162,0,0,0.955947136563877,0,0.0950920245398773,0,0.962616822429907,0.298869143780291,0.230407523510972,0.145454545454545,0.897515527950311,0,0.13312693498452,0.969418960244648,0.972093023255814,0.666153846153846,0.447604790419162,0.249262536873156,0.207831325301205,0.65891472868217,0.0259146341463415,0.150537634408602,0.565485362095532,0.267080745341615,0.71580547112462,0.0398162327718224,0,0.0222222222222222,0.333333333333333,0.970588235294118,0.639191290824261,0.245112781954887,0.633281972265023,0.896499238964992,0.954819277108434,0.961352657004831,0.964230171073095,0.974763406940063,0.971742543171115,0.576982892690513,0.447530864197531,0.969088098918083,0.0330827067669173,0.04,0.900928792569659,0.0121580547112462,0.97112462006079,0.945121951219512,0,0.14171974522293,0,0.950233281493002,0,0.958268933539413,0.970496894409938,0.0285285285285285,0.853395061728395,0.965413533834587,0.678233438485804,0.644274809160305,0.902325581395349,0,0,0.935691318327974,0.970544918998527,0.978260869565217,0,0,0.0284810126582278,0.241221374045802,0.5,0,0.494640122511485,0,0.923809523809524,0.965571205007825,0.176100628930818,0.2701062215478,0,0.355905511811024,0.597842835130971,0.854517611026034,0.990977443609023,0.790769230769231,0.0263565891472868,0.981366459627329,0.0138248847926267,0.967897271268058,0,0.981873111782477,0.00768049155145929,0.970633693972179,0.0444444444444444,0.0283018867924528,0,0,0.858695652173913,0.906200317965024,0.954407294832827,0.710606060606061,0.0539730134932534,0.0387596899224806,0.840490797546012,0.832585949177877,0,0.0421216848673947,0.943683409436834,0,0.950479233226837,0.98780487804878,0.0828220858895705,0.0428134556574924,0.0307692307692308,0.967889908256881,0.491365777080063,0.0967238689547582,0.132911392405063,0.14525993883792,0.721958925750395,0.118361153262519,0.973354231974922,0,0.762870514820593,0.952743902439024,0.0031496062992126,0,0.0345345345345345,0,0.037037037037037,0.966101694915254,0.707006369426752,0.0238853503184713,0.0329153605015674,0.559105431309904,0.97360248447205,0.455235204855842,0.0492307692307692,0.0271565495207668,0.0608,0.0168453292496172,0,0.0576323987538941,0.0358744394618834,0.0265210608424337,0.0422322775263952,0.0256024096385542,0.0482115085536547,0.0563165905631659,0.0413476263399694,0.0173775671406003,0.00476947535771065,0.0247678018575851,0.0215716486902928,0.0564885496183206,0.0404984423676012,0.0182648401826484,0.0272,0.0358814352574103,0.0438871473354232,0.0375586854460094,0.0226586102719033,0.0306278713629403,0.0545171339563863,0.0347432024169184,0.0340030911901082
"4",0.944170771756979,0.933870967741935,0.948275862068966,1,0.941463414634146,0.938842975206612,0.876006441223833,0.938906752411576,0.938775510204082,0,0.936995153473344,0,0.641269841269841,0.935960591133005,0.102564102564103,0.0706260032102729,0,0.0111111111111111,0.935064935064935,0.935691318327974,0.222222222222222,0.0898502495840266,0.931309904153355,0,0.899053627760252,0.299674267100977,0.176375404530744,0.928571428571429,0.513470681458003,0.702362204724409,0.0634920634920635,0.738019169329074,0.794871794871795,0.326018808777429,0,0.936102236421725,0.0188679245283019,0.931962025316456,0.315467075038285,0.875583203732504,0.00163934426229508,0.0111642743221691,0.00157728706624606,0.939641109298532,0.799019607843137,0.0856219709208401,0.502471169686985,0.0550161812297735,0.4953125,0.182389937106918,0,0.930868167202572,0.335463258785943,0.935794542536116,0.86525974025974,0.211475409836066,0,0.912,0.925039872408293,0.923076923076923,0.3392,0.471337579617834,0.0629032258064516,0,0.872785829307568,0.810725552050473,0,0.930081300813008,0,0.0632090761750405,0.814173228346457,0.0657051282051282,0.0827922077922078,0.934294871794872,0,0.726844583987441,0.0984375,0.608214849921011,0.909238249594814,0.327586206896552,0,0.762870514820593,0.259433962264151,0.937791601866252,0.165605095541401,0.908945686900958,0.93730407523511,0.967084639498433,0.919047619047619,0.00632911392405063,0.92845786963434,0.941269841269841,0,0,0.934533551554828,0,0.337579617834395,0.934713375796178,0.00316957210776545,0.0032,0.647727272727273,0,0.330097087378641,0.936170212765957,0.15527950310559,0.938906752411576,0.00646203554119548,0.9376,0.0584518167456556,0.064873417721519,0.0742496050552923,0.882636655948553,0.382911392405063,0.935587761674718,0,0.944532488114105,0.752396166134185,0,0.0592948717948718,0.272430668841762,0,0.789308176100629,0.310236220472441,0.136065573770492,0.926282051282051,0.2016,0.946456692913386,0.943037974683544,0,0.57556270096463,0.944983818770227,0.507389162561576,0.92520325203252,0,0.939837398373984,0.0860215053763441,0,0.266666666666667,0.623604465709729,0.552238805970149,0,0,0.933544303797468,0.781701444622793,0.214052287581699,0.940226171243942,0.0641025641025641,0.922834645669291,0.465909090909091,0.949447077409163,0.186161449752883,0.954983922829582,0.942716857610475,0.80379746835443,0.941935483870968,0.0612903225806452,0.936204146730462,0.0649350649350649,0,0.737785016286645,0.873239436619718,0.92368839427663,0.0758513931888545,0,0.940717628705148,0.517571884984026,0.942716857610475,0.941176470588235,0.938095238095238,0.329211746522411,0.943910256410256,0.0647249190938511,0.920436817472699,0.06,0.902120717781403,0.404388714733542,0,0.923076923076923,0,0.822503961965135,0.939778129952456,0.190864600326264,0.941548183254344,0.909235668789809,0.934049079754601,0.930817610062893,0.161137440758294,0.418897637795276,0.901639344262295,0.938411669367909,0.110759493670886,0.0669856459330144,0.941935483870968,0.849206349206349,0,0,0.358974358974359,0.00159489633173844,0.936630602782071,0.306376360808709,0.864077669902913,0.741679873217116,0.945226917057903,0.477832512315271,0.456964006259781,0.350961538461538,0.887459807073955,0.916139240506329,0.892628205128205,0,0.849840255591054,0.238486842105263,0.916118421052632,0.0625,0.138845553822153,0.567307692307692,0.931419457735247,0.941640378548896,0.853697749196141,0.942583732057416,0.871175523349436,0,0.130781499202552,0.678233438485804,0.932148626817447,0,0.93730407523511,0.942277691107644,0.579804560260586,0.578778135048232,0.9296,0.939244663382594,0.411111111111111,0,0.869291338582677,0.561996779388084,0.947368421052632,0.0645669291338583,0.928348909657321,0.94620253164557,0.936,0.910277324632953,0.551724137931034,0.0626003210272873,0.951612903225806,0.543443917851501,0.065625,0.0586370839936609,0.251582278481013,0.0608974358974359,0.200996677740864,0.695787831513261,0.0591054313099042,0.062992125984252,0.0712025316455696,0.620472440944882,0.105008077544426,0.932676518883415,0.00649350649350649,0.0540540540540541,0,0.261363636363636,0.940226171243942,0.925806451612903,0.874003189792663,0,0.892739273927393,0.827258320126783,0.729299363057325,0.642405063291139,0.51219512195122,0.475649350649351,0.00638977635782748,0.935483870967742,0.150793650793651,0.745542949756888,0.938709677419355,0.0698412698412698,0.7552,0.060126582278481,0.18025078369906,0.938679245283019,0.940397350993378,0.873977086743044,0,0.657232704402516,0.864,0,0.0568720379146919,0.87797147385103,0.944444444444444,0,0.0628019323671498,0.0564263322884013,0.943181818181818,0.923701298701299,0.0596774193548387,0,0.419047619047619,0.94551282051282,0.807874015748032,0.434294871794872,0.692182410423453,0.93217665615142,0.0664556962025316,0.935433070866142,0.9375,0.0653907496012759,0.93603744149766,0.940322580645161,0.916530278232406,0.939102564102564,0.238782051282051,0.360446570972887,0.350157728706625,0.939641109298532,0.903010033444816,0.0448,0.297560975609756,0.943820224719101,0.213607594936709,0.336923076923077,0.954911433172303,0.933006535947712,0.940705128205128,0.707920792079208,0.941176470588235,0.28130081300813,0.940532081377152,0.936482084690554,0,0.388364779874214,0.591503267973856,0.0743670886075949,0.045958795562599,0.0705329153605016,0.868378812199037,0.0936507936507937,0.0596546310832025,0,0.286624203821656,0.942903752039152,0.128571428571429,0.947107438016529,0.949764521193093,0.939297124600639,0.328502415458937,0.330592105263158,0.696969696969697,0.495114006514658,0,0.83974358974359,0.0783699059561129,0.100313479623824,0.255150554675119,0.929260450160772,0.0620031796502385,0,0.385826771653543,0.0723270440251572,0.0807248764415156,0.5296,0.937399678972713,0.344155844155844,0.935537190082645,0.910685805422648,0,0.944954128440367,0.0506329113924051,0.941085271317829,0.834683954619125,0.941080196399345,0.071656050955414,0.924409448818898,0.0609951845906902,0.850961538461538,0.750809061488673,0.908517350157729,0.936507936507937,0.934817170111288,0.361331220285261,0.917207792207792,0.930555555555556,0.0612244897959184,0.0758064516129032,0.938808373590982,0.929824561403509,0.373417721518987,0.850891410048622,0.91404958677686,0.930379746835443,0.93217665615142,0,0.167763157894737,0.933227344992051,0.064,0,0.948387096774194,0.00654664484451719,0.106451612903226,0.94383775351014,0.9375,0.00163934426229508,0.65112540192926,0.441935483870968,0.946078431372549,0.0528925619834711,0.832247557003257,0.940418679549114,0.411669367909238,0.620031796502385,0.830917874396135,0,0.225283630470016,0.946254071661238,0.935691318327974,0.465266558966074,0.938193343898574,0.916666666666667,0.0922098569157393,0.00157232704402516,0.93563579277865,0.929260450160772,0.93900481540931,0.708006279434851,0.0758064516129032,0.872,0.2976,0.224108658743633,0.00321027287319422,0.641357027463651,0.627450980392157,0.650238473767886,0,0.326699834162521,0.904,0.659375,0.565420560747664,0.138198757763975,0,0,0.938271604938272,0.921174652241113,0,0.895666131621188,0.00493421052631579,0,0,0.942307692307692,0,0.94,0.77491961414791,0.548895899053628,0.939252336448598,0,0,0.92914653784219,0.924382716049383,0.729430379746835,0.060126582278481,0.00162866449511401,0.865506329113924,0.611544461778471,0.945425361155698,0.547619047619048,0.397058823529412,0,0.924679487179487,0.0595813204508857,0.950413223140496,0.140293637846656,0,0.0790697674418605,0.167471819645733,0.499168053244592,0.925396825396825,0,0.951334379905808,0.932283464566929,0.935837245696401,0,0.131707317073171,0.875207986688852,0.0580431177446103,0.936608557844691,0.942675159235669,0.0742496050552923,0.933977455716586,0.3536,0.8064,0.08,0.215106732348112,0.923566878980892,0.00798722044728434,0.0673076923076923,0.946287519747235,0.0730897009966777,0.672077922077922,0.448717948717949,0,0.14785373608903,0.769357495881384,0.314009661835749,0.924050632911392,0.0594855305466238,0.211267605633803,0.469320066334992,0.920807453416149,0.911949685534591,0.918831168831169,0.768092105263158,0,0.919303797468354,0.0641627543035994,0.899038461538462,0.437194127243067,0.0639625585023401,0.937898089171974,0.945901639344262,0.934533551554828,0.628058727569331,0.936406995230525,0.185483870967742,0.241042345276873,0.910828025477707,0.872408293460925,0,0,0.940129449838188,0.897993311036789,0.07085346215781,0.934747145187602,0.940226171243942,0.407290015847861,0.913680781758958,0.737520128824477,0.870866141732283,0,0.928338762214984,0.375201288244767,0.939393939393939,0.937299035369775,0,0.661341853035144,0.937908496732026,0.0616883116883117,0.72258064516129,0.42741935483871,0.783616692426584,0.72741935483871,0.914196567862715,0.151326053042122,0.926829268292683,0.939393939393939,0.950479233226837,0.344262295081967,0.149206349206349,0.941082802547771,0.940251572327044,0.00625,0.791332263242376,0.477777777777778,0.321486268174475,0.8048,0.936688311688312,0.847003154574132,0.931854199683043,0.13713405238829,0.064891846921797,0,0.841269841269841,0.0660225442834139,0.0544,0.329073482428115,0,0.945425361155698,0.901430842607313,0.9376,0.941548183254344,0.146103896103896,0.0593900481540931,0,0,0.226688102893891,0.143089430894309,0.215559157212318,0,0.0625,0.933544303797468,0.0265625,0.336538461538462,0.933656957928803,0.618066561014263,0.91866028708134,0.70253164556962,0.682888540031397,0,0.935975609756098,0.4432,0.535598705501618,0.910216718266254,0.946456692913386,0.445482866043614,0.0062992125984252,0.940705128205128,0.943573667711599,0,0.927018633540373,0.0780254777070064,0.955810147299509,0.450949367088608,0,0.00478468899521531,0.555189456342669,0.87459807073955,0.0574162679425837,0.195439739413681,0.00478468899521531,0.00164473684210526,0.744945567651633,0.0769230769230769,0.94,0.369668246445498,0.943396226415094,0.0670826833073323,0.416932907348243,0.367741935483871,0.874183006535948,0.147157190635452,0.0658307210031348,0.00157728706624606,0.102773246329527,0,0.936728395061728,0.0766721044045677,0.952599388379205,0.059967585089141,0.947967479674797,0,0.586206896551724,0.493630573248408,0.9375,0,0.947619047619048,0,0.435980551053485,0.952153110047847,0,0.674085850556439,0.9375,0.722852512155592,0.94345718901454,0.0877742946708464,0,0.933438985736926,0.313504823151125,0,0.7392,0.0540958268933539,0.0707547169811321,0.944353518821604,0.942028985507246,0.938775510204082,0.925566343042071,0.93030794165316,0,0.931818181818182,0.0171606864274571,0.390749601275917,0.345104333868379,0.932907348242812,0.928571428571429,0.928012519561815,0.93522906793049,0.0580847723704867,0.0759289176090469,0.944353518821604,0.930379746835443,0.73125,0.923809523809524,0.941362916006339,0.945425361155698,0,0,0.922018348623853,0,0.124401913875598,0,0.931419457735247,0.322950819672131,0.273026315789474,0.164012738853503,0.893964110929853,0,0.146067415730337,0.935897435897436,0.942277691107644,0.67741935483871,0.462848297213622,0.259938837920489,0.232919254658385,0.641109298531811,0.055379746835443,0.180354267310789,0.565640194489465,0.29073482428115,0.729393468118196,0.0630048465266559,0,0.0593900481540931,0.366174055829228,0.932231404958678,0.641025641025641,0.287051482059282,0.6432,0.886115444617785,0.923794712286159,0.933115823817292,0.933656957928803,0.940199335548173,0.939641109298532,0.598715890850722,0.473684210526316,0.937996820349762,0.0679012345679012,0.0647149460708783,0.888888888888889,0.00791139240506329,0.937984496124031,0.904088050314465,0,0.158677685950413,0,0.914653784219002,0,0.929936305732484,0.941082802547771,0.0643642072213501,0.8368,0.938871473354232,0.683441558441558,0.658692185007974,0.863563402889246,0,0,0.918739635157546,0.929230769230769,0.95260663507109,0,0,0.0573770491803279,0.283653846153846,0.50801282051282,0,0.50402576489533,0,0.886513157894737,0.941935483870968,0.215559157212318,0.285266457680251,0,0.390675241157556,0.605136436597111,0.837320574162679,0.94006309148265,0.805031446540881,0.064,0.947540983606557,0.0176565008025682,0.934426229508197,0,0.94679186228482,0.00313971742543171,0.936378466557912,0.0703764320785597,0.0434083601286174,0,0,0.840579710144927,0.897106109324759,0.905132192846034,0.694227769110764,0.0855365474339036,0.0690208667736758,0.799679487179487,0.823076923076923,0,0.0685805422647528,0.925925925925926,0,0.918433931484502,0.948837209302326,0.123397435897436,0.0381558028616852,0.0586370839936609,0.933962264150943,0.503236245954693,0.137820512820513,0.152823920265781,0.168769716088328,0.707792207792208,0.146875,0.933764135702746,0,0.757188498402556,0.926282051282051,0.00161550888529887,0,0.0648148148148148,0,0.0636942675159236,0.931854199683043,0.71900826446281,0.0614886731391586,0.0581583198707593,0.568438003220612,0.933764135702746,0.481132075471698,0.045958795562599,0.0642504118616145,0.0561797752808989,0.0157728706624606,0,0.0745542949756888,0.0677165354330709,0.0586319218241042,0.0804416403785489,0.062111801242236,0.0439024390243902,0.0543130990415335,0.0698757763975155,0.0144,0.0033003300330033,0.0226171243941842,0.0205047318611987,0.0523809523809524,0.0669856459330144,0.0176565008025682,0.0591133004926108,0.0653907496012759,0.0422077922077922,0.0674157303370786,0.0221518987341772,0.0619047619047619,0.0992,0.0681114551083591,0.0638977635782748
"5",0.987012987012987,0.984076433121019,0.98256735340729,0.941463414634146,1,0.985507246376812,0.900813008130081,0.982371794871795,0.982594936708861,0,0.983974358974359,0,0.585483870967742,0.981907894736842,0.0551948051948052,0.0188087774294671,0,0.0114192495921697,0.983792544570502,0.9712,0.153968253968254,0.0462046204620462,0.973143759873618,0,0.945859872611465,0.27831715210356,0.114649681528662,0.974025974025974,0.472353870458136,0.7008,0.0124031007751938,0.701754385964912,0.787096774193548,0.298887122416534,0,0.988654781199352,0.0157977883096366,0.977671451355662,0.245022970903522,0.897035881435257,0,0.0126782884310618,0.00473186119873817,0.982229402261712,0.787728026533997,0.0423452768729642,0.541533546325879,0.0176,0.475894245723173,0.134259259259259,0,0.980861244019139,0.269413629160063,0.980738362760835,0.888157894736842,0.168300653594771,0,0.962418300653595,0.958466453674121,0.908082408874802,0.315047021943574,0.430842607313196,0.0146103896103896,0,0.887043189368771,0.817891373801917,0,0.97741935483871,0,0.0130932896890344,0.855345911949686,0.0193236714975845,0.0352,0.988993710691824,0,0.699842022116904,0.0552922590837283,0.579872204472843,0.90311986863711,0.277966101694915,0,0.712715855572998,0.221875,0.984177215189873,0.126198083067093,0.919303797468354,0.980707395498392,0.968203497615262,0.963434022257552,0.010989010989011,0.980738362760835,0.980676328502415,0,0,0.962233169129721,0,0.292332268370607,0.972491909385113,0.00622083981337481,0.00806451612903226,0.621405750798722,0,0.275974025974026,0.985342019543974,0.110764430577223,0.986776859504132,0.00952380952380952,0.984126984126984,0.0177133655394525,0.0211038961038961,0.0220472440944882,0.907617504051864,0.33968253968254,0.980861244019139,0,1,0.729857819905213,0,0.0173228346456693,0.222402597402597,0,0.771986970684039,0.24025974025974,0.0918032786885246,0.975806451612903,0.153354632587859,0.9796875,0.988853503184713,0,0.542993630573248,0.939641109298532,0.48130081300813,0.975490196078431,0,0.981818181818182,0.0393081761006289,0,0.210696920583468,0.64390243902439,0.51227495908347,0,0,0.9936,0.758508914100486,0.176375404530744,0.98538961038961,0.0194489465153971,0.930379746835443,0.430441898527005,0.9890625,0.133663366336634,0.972843450479233,0.988617886178862,0.82484076433121,0.985714285714286,0.0130932896890344,0.987179487179487,0.019672131147541,0,0.737190082644628,0.870716510903427,0.968152866242038,0.0315955766192733,0,0.985804416403785,0.469055374592834,0.98489932885906,0.984177215189873,0.984227129337539,0.294952681388013,0.995207667731629,0.0144,0.960998439937597,0.0169491525423729,0.902597402597403,0.39968152866242,0,0.971014492753623,0,0.834394904458599,0.9824,0.124193548387097,0.984051036682616,0.938582677165354,0.976635514018692,0.960691823899371,0.106858054226475,0.386327503974563,0.92809364548495,0.945072697899838,0.0666666666666667,0.0206022187004754,0.982456140350877,0.862838915470494,0,0,0.296416938110749,0,0.984496124031008,0.261075949367089,0.885245901639344,0.751203852327448,0.992150706436421,0.437601296596434,0.425837320574163,0.29951690821256,0.925686591276252,0.95,0.884858044164038,0,0.861852433281005,0.175986842105263,0.956381260096931,0.0174603174603175,0.084375,0.528662420382166,0.967479674796748,0.982539682539682,0.837025316455696,0.9872,0.88780487804878,0,0.087719298245614,0.656597774244833,0.983948635634029,0,0.976114649681529,0.989113530326594,0.546474358974359,0.563779527559055,0.975806451612903,0.981697171381032,0.365971107544141,0,0.897959183673469,0.527597402597403,0.980487804878049,0.015748031496063,0.960876369327074,0.98876404494382,0.98256735340729,0.940418679549114,0.538950715421304,0.0161812297734628,0.977198697068404,0.56043956043956,0.0219435736677116,0.0169230769230769,0.214516129032258,0.0177133655394525,0.149671052631579,0.679186228482003,0.0143540669856459,0.0174050632911392,0.0224,0.586477987421384,0.0502431118314425,0.978964401294498,0.0113268608414239,0.0141509433962264,0,0.228896103896104,0.983416252072968,0.969255663430421,0.90224358974359,0,0.881578947368421,0.845794392523365,0.706645056726094,0.619582664526485,0.46353322528363,0.442122186495177,0.00967741935483871,0.983844911147011,0.097444089456869,0.720465890183028,0.967793880837359,0.0221518987341772,0.758842443729904,0.016025641025641,0.131955484896661,0.982785602503912,0.985197368421053,0.893719806763285,0,0.641838351822504,0.888888888888889,0,0.0171073094867807,0.894245723172628,0.98740157480315,0,0.0174603174603175,0.0142857142857143,0.982286634460548,0.888349514563107,0.0163132137030995,0,0.379032258064516,0.99021207177814,0.789799072642968,0.401626016260163,0.670988654781199,0.965079365079365,0.024,0.981102362204724,0.982539682539682,0.0145161290322581,0.971518987341772,0.984051036682616,0.960848287112561,0.979430379746835,0.201288244766506,0.31629392971246,0.290015847860539,0.980582524271845,0.927973199329983,0.0493630573248408,0.257281553398058,0.982084690553746,0.174679487179487,0.298461538461538,0.990353697749196,0.978964401294498,0.990369181380417,0.680395387149918,0.981012658227848,0.234146341463415,0.971653543307087,0.980707395498392,0,0.328548644338118,0.539473684210526,0.0352564102564103,0.050314465408805,0.0217729393468118,0.895734597156398,0.0408805031446541,0.0144694533762058,0,0.240063593004769,0.982229402261712,0.0814696485623003,0.99016393442623,0.974358974358974,0.985623003194888,0.284565916398714,0.290484140233723,0.671474358974359,0.475,0,0.819935691318328,0.0283018867924528,0.0605095541401274,0.206022187004754,0.985553772070626,0.0177133655394525,0,0.340288924558588,0.0266875981161695,0.0391517128874388,0.480769230769231,0.98705501618123,0.28665568369028,0.98330550918197,0.949180327868852,0,0.989130434782609,0.0110759493670886,0.979365079365079,0.832802547770701,0.983443708609272,0.0285714285714286,0.967032967032967,0.0161030595813204,0.870550161812298,0.727569331158238,0.928684627575277,0.988817891373802,0.9808,0.297427652733119,0.954248366013072,0.984615384615385,0.0109204368174727,0.0318471337579618,0.982200647249191,0.982343499197432,0.338118022328549,0.8736,0.956953642384106,0.960191082802548,0.985668789808917,0,0.12396694214876,0.984202211690363,0.0161550888529887,0,0.975490196078431,0.00974025974025974,0.0521172638436482,0.982539682539682,0.975961538461538,0.00160513643659711,0.625396825396825,0.444983818770227,0.986970684039088,0.0149006622516556,0.856209150326797,0.988313856427379,0.370065789473684,0.608214849921011,0.791190864600326,0,0.165861513687601,0.983766233766234,0.980830670926518,0.474959612277868,0.982315112540193,0.958745874587459,0.0411392405063291,0.0015748031496063,0.984152139461173,0.982456140350877,0.951298701298701,0.681020733652313,0.0189873417721519,0.871710526315789,0.251177394034537,0.187817258883249,0.00631911532385466,0.624390243902439,0.598726114649682,0.629392971246006,0,0.292079207920792,0.911433172302738,0.65149136577708,0.531948881789137,0.0995405819295559,0,0,0.986259541984733,0.951638065522621,0,0.92914653784219,0.0113452188006483,0,0,0.983922829581994,0,0.983766233766234,0.769968051118211,0.517774343122102,0.985959438377535,0,0,0.980952380952381,0.950920245398773,0.725705329153605,0.0142630744849445,0.00330578512396694,0.885271317829457,0.609250398724083,0.988924050632911,0.56120826709062,0.364217252396166,0,0.970031545741325,0.0164473684210526,0.959083469721768,0.101639344262295,0,0.0229709035222052,0.129084967320261,0.467116357504216,0.963081861958267,0,0.956318252730109,0.971608832807571,0.987117552334944,0,0.086038961038961,0.922033898305085,0.02,0.984126984126984,0.985849056603774,0.0192307692307692,0.985645933014354,0.297124600638978,0.830670926517572,0.0272873194221509,0.171749598715891,0.965964343598055,0.00974025974025974,0.0193861066235864,0.971107544141252,0.0231404958677686,0.649918962722853,0.407407407407407,0,0.125,0.752079866888519,0.258320126782884,0.9792663476874,0.0158730158730159,0.17007874015748,0.447058823529412,0.960063897763578,0.8953125,0.948635634028893,0.744186046511628,0,0.969889064976228,0.0141509433962264,0.956451612903226,0.378246753246753,0.015748031496063,0.987220447284345,0.987012987012987,0.985483870967742,0.648298217179903,0.987577639751553,0.128367670364501,0.192063492063492,0.939393939393939,0.881141045958796,0,0,0.981937602627258,0.929967426710098,0.0280528052805281,0.980676328502415,0.992076069730586,0.363782051282051,0.935691318327974,0.725779967159278,0.886792452830189,0,0.960380348652932,0.329617834394904,0.985759493670886,0.987179487179487,0,0.631239935587762,0.980263157894737,0.0193548387096774,0.679611650485437,0.383252818035427,0.788018433179724,0.702265372168285,0.944099378881988,0.0942812982998454,0.973941368078176,0.985781990521327,0.985691573926868,0.300492610837438,0.102272727272727,0.988906497622821,0.981566820276498,0.00627943485086342,0.776357827476038,0.441786283891547,0.269230769230769,0.760188087774295,0.982258064516129,0.871794871794872,0.984276729559748,0.1198738170347,0.0165562913907285,0,0.828200972447326,0.0193548387096774,0.0143312101910828,0.284565916398714,0,0.983818770226537,0.927444794952681,0.984025559105431,0.990506329113924,0.10327868852459,0.0175438596491228,0,0,0.176661264181524,0.0850722311396469,0.170144462279294,0,0.0142405063291139,0.981102362204724,0.0173228346456693,0.294498381877023,0.9808,0.587955625990491,0.959807073954984,0.674603174603175,0.637071651090343,0,0.981481481481482,0.391935483870968,0.497576736672052,0.921630094043887,0.987301587301587,0.392063492063492,0.0096,0.954186413902054,0.957680250783699,0,0.962674961119751,0.0272435897435897,0.976744186046512,0.418789808917197,0,0.00632911392405063,0.521594684385382,0.837662337662338,0.0176282051282051,0.148208469055375,0.00950871632329636,0,0.74922600619195,0.0338709677419355,0.984667802385009,0.31637519872814,0.984423676012461,0.016,0.382677165354331,0.341977309562399,0.870703764320786,0.10983606557377,0.0173775671406003,0.00158730158730159,0.053484602917342,0,0.982731554160126,0.0450751252086811,0.989197530864197,0.0177993527508091,0.982142857142857,0,0.5320813771518,0.453376205787781,0.982428115015974,0,0.984301412872841,0,0.4,0.979495268138801,0,0.6484375,0.97557003257329,0.763285024154589,0.958333333333333,0.0500782472613459,0,0.983792544570502,0.266129032258065,0,0.704113924050633,0.0138036809815951,0.0280811232449298,0.982286634460548,0.987096774193548,0.979397781299525,0.971014492753623,0.97427652733119,0,0.959481361426256,0.0220125786163522,0.350793650793651,0.293185419968304,0.985530546623794,0.975845410628019,0.976303317535545,0.974882260596546,0.048,0.0293159609120521,0.98330550918197,0.957278481012658,0.711811023622047,0.96984126984127,0.9828125,0.982539682539682,0,0,0.969465648854962,0,0.082018927444795,0,0.961476725521669,0.277049180327869,0.227868852459016,0.134920634920635,0.915702479338843,0,0.113237639553429,0.983870967741935,0.983948635634029,0.645161290322581,0.424382716049383,0.224924012158055,0.195892575039494,0.6624,0.0110236220472441,0.114832535885167,0.550239234449761,0.252019386106624,0.69435736677116,0.0222929936305732,0,0.0129659643435981,0.309090909090909,0.980327868852459,0.625806451612903,0.224111282843895,0.6272,0.877165354330709,0.972136222910217,0.966887417218543,0.985342019543974,0.985197368421053,0.984,0.563897763578275,0.441786283891547,0.983739837398374,0.0198473282442748,0.0204724409448819,0.88474025974026,0.00938967136150235,0.984101748807631,0.958664546899841,0,0.115447154471545,0,0.969354838709677,0,0.968503937007874,0.983948635634029,0.0172955974842767,0.85048231511254,0.982594936708861,0.656301145662848,0.620634920634921,0.880452342487884,0,0,0.935919055649241,0.947772657450077,0.993690851735016,0,0,0.0132890365448505,0.229430379746835,0.487220447284345,0,0.464,0,0.921951219512195,0.983844911147011,0.163987138263666,0.256692913385827,0,0.352365415986949,0.59170653907496,0.852327447833066,0.973561430793157,0.780410742496051,0.0142630744849445,0.993399339933993,0.0128617363344051,0.982084690553746,0,0.979876160990712,0.0078740157480315,0.988524590163934,0.028892455858748,0.0225442834138486,0,0,0.82753164556962,0.916802610114193,0.937996820349762,0.705882352941177,0.0403726708074534,0.0214168039538715,0.841680129240711,0.843226788432268,0,0.0275080906148867,0.9584,0,0.968903436988543,0.966981132075472,0.0758064516129032,0.0415335463258786,0.016,0.984202211690363,0.4736,0.0881410256410256,0.106969205834684,0.127591706539075,0.69672131147541,0.10459587955626,0.985623003194888,0,0.748387096774194,0.971698113207547,0.00486223662884927,0,0.0186046511627907,0,0.0188976377952756,0.985645933014354,0.71107544141252,0.0147299509001637,0.0164744645799012,0.538336052202284,0.963141025641026,0.43217665615142,0.0473186119873817,0.0147783251231527,0.0483091787439614,0.0173775671406003,0,0.0384615384615385,0.0234009360374415,0.0177133655394525,0.0282574568288854,0.0127388535031847,0.0450885668276973,0.0570522979397781,0.0268562401263823,0.0193236714975845,0.00490196078431373,0.0241545893719807,0.0225442834138486,0.0557324840764331,0.0225442834138486,0.01743264659271,0.0132231404958678,0.0209677419354839,0.0485436893203883,0.0225806451612903,0.0220472440944882,0.0193861066235864,0.0368,0.0154083204930663,0.0174603174603175
"6",0.998366013071895,1,0.973228346456693,0.938842975206612,0.985507246376812,1,0.900826446280992,0.977272727272727,1,0,1,0,0.573482428115016,1,0.0457516339869281,0.00966183574879227,0,0.0113268608414239,0.998384491114701,0.980645161290323,0.16025641025641,0.0360655737704918,0.990291262135922,0,0.954330708661417,0.244663382594417,0.108974358974359,0.988486842105263,0.476415094339623,0.678855325914149,0,0.682692307692308,0.773710482529118,0.286407766990291,0,1,0.017515923566879,0.995238095238095,0.255417956656347,0.908064516129032,0.00161290322580645,0.0112179487179487,0.0048,1,0.78441127694859,0.0229508196721311,0.5,0,0.477777777777778,0.130434782608696,0,0.99198717948718,0.267090620031797,1,0.887438825448613,0.169129720853859,0,0.980263157894737,0.958532695374801,0.91219512195122,0.2914653784219,0.446909667194929,0,0,0.897689768976898,0.825878594249201,0,0.98876404494382,0,0,0.862123613312203,0.00641025641025641,0.016025641025641,1,0,0.716772151898734,0.048,0.57556270096463,0.898527004909984,0.268835616438356,0,0.706539074960128,0.222397476340694,0.998402555910543,0.106858054226475,0.916403785488959,0.995238095238095,0.9712,0.965463108320251,0.0125786163522013,0.988727858293076,1,0,0,0.972267536704731,0,0.294212218649518,0.982315112540193,0.00802568218298555,0.00802568218298555,0.619741100323625,0,0.285024154589372,1,0.0996884735202492,1,0.00969305331179321,0.979066022544283,0,0.00975609756097561,0.00969305331179321,0.907915993537964,0.331707317073171,0.995169082125604,0,0.987341772151899,0.706924315619968,0,0,0.217179902755267,0,0.767741935483871,0.236421725239617,0.0801963993453355,0.979299363057325,0.155802861685215,0.996830427892235,1,0,0.545886075949367,0.946254071661238,0.464882943143813,0.990082644628099,0,0.995033112582781,0.0220125786163522,0,0.202635914332784,0.616013071895425,0.520525451559934,0,0,0.979066022544283,0.770967741935484,0.178688524590164,1,0.00810372771474878,0.931854199683043,0.419141914191419,0.982428115015974,0.125205930807249,0.985507246376812,1,0.848484848484849,0.996805111821086,0,1,0,0,0.754442649434572,0.869291338582677,0.984051036682616,0.0191082802547771,0,1,0.459637561779242,1,1,1,0.288188976377953,0.980738362760835,0.00162337662337662,0.949843260188088,0,0.8928,0.363784665579119,0,0.980922098569157,0,0.84688995215311,1,0.116504854368932,0.9826224328594,0.952076677316294,0.99075500770416,0.971786833855799,0.100961538461538,0.383177570093458,0.92671009771987,0.946945337620579,0.0561797752808989,0.00475435816164818,0.985413290113452,0.857369255150555,0,0,0.284779050736498,0.00161030595813205,1,0.261562998405104,0.875205254515599,0.75801282051282,0.992175273865415,0.423014586709887,0.421383647798742,0.281505728314239,0.916666666666667,0.962783171521036,0.877742946708464,0,0.875806451612903,0.169717138103161,0.946843853820598,0,0.0671875,0.535369774919614,0.979299363057325,0.977987421383648,0.830097087378641,1,0.906349206349206,0,0.0715421303656598,0.673534072900158,0.996747967479675,0,0.992063492063492,0.984326018808777,0.555915721231767,0.55111821086262,0.99198717948718,1,0.364649681528662,0,0.887480190174326,0.523500810372772,0.971380471380471,0,0.960691823899371,0.998360655737705,1,0.958466453674121,0.530805687203792,0.00163132137030995,0.975845410628019,0.52555910543131,0.0046656298600311,0.00153846153846154,0.202898550724638,0,0.144736842105263,0.676190476190476,0,0.00478468899521531,0.00645161290322581,0.585987261146497,0.0372168284789644,0.988745980707395,0.0113636363636364,0,0,0.219709208400646,1,0.980830670926518,0.910543130990415,0,0.869281045751634,0.849445324881141,0.683954619124797,0.597464342313788,0.458401305057096,0.434991974317817,0.0113636363636364,1,0.0860719874804382,0.701492537313433,0.963317384370016,0.00805152979066022,0.746753246753247,0.0016260162601626,0.121642969984202,1,1,0.897727272727273,0,0.651898734177215,0.890145395799677,0,0,0.893481717011129,0.980707395498392,0,0.00159235668789809,0.00159235668789809,0.982055464926591,0.887987012987013,0,0,0.389067524115756,0.99184339314845,0.797191887675507,0.392628205128205,0.651050080775444,0.958664546899841,0.00643086816720257,1,1,0.00807754442649435,0.9664,1,0.976897689768977,0.996789727126806,0.182847896440129,0.309677419354839,0.28006329113924,0.980165289256198,0.936772046589018,0.0473933649289099,0.246753246753247,0.979133226324238,0.156451612903226,0.293023255813953,0.996768982229402,0.998363338788871,0.969502407704655,0.703826955074875,0.998425196850394,0.229885057471264,0.969889064976228,1,0,0.316614420062696,0.558441558441558,0.0174603174603175,0.0536277602523659,0.0094488188976378,0.919614147909968,0.0241545893719807,0,0,0.227707006369427,0.995137763371151,0.0685805422647528,0.985197368421053,0.97444089456869,0.99198717948718,0.270491803278689,0.286666666666667,0.675850891410049,0.465661641541039,0,0.834670947030498,0.0142405063291139,0.0403877221324717,0.199044585987261,1,0.00158478605388273,0,0.324717285945073,0.0125195618153365,0.0227642276422764,0.472402597402597,1,0.276143790849673,1,0.970540098199673,0,0.99236641221374,0,0.998444790046656,0.84775641025641,1,0.0145867098865478,0.979623824451411,0,0.878246753246753,0.725457570715474,0.939586645468998,0.988727858293076,0.996845425867508,0.285031847133758,0.969354838709677,1,0,0.0209339774557166,1,1,0.328025477707006,0.880763116057234,0.961409395973154,0.955625990491284,1,0,0.113085621970921,1,0.00161550888529887,0,0.969551282051282,0.011437908496732,0.0453808752025932,1,0.969745222929936,0.00486223662884927,0.624600638977636,0.423756019261637,0.983525535420099,0.0016366612111293,0.881107491856677,0.998349834983498,0.382636655948553,0.607936507936508,0.796084828711256,0,0.149443561208267,0.978583196046129,0.998394863563403,0.442492012779553,1,0.971476510067114,0.0243111831442464,0.00161030595813205,0.985915492957746,0.9984,0.954911433172303,0.691222570532915,0.00643086816720257,0.865040650406504,0.223113964686998,0.171477079796265,0.00638977635782748,0.624793388429752,0.604575163398693,0.60223642172524,0,0.29016393442623,0.911003236245955,0.642857142857143,0.526232114467409,0.0734375,0,0,1,0.976114649681529,0,0.918138041733547,0.00972447325769854,0,0,0.998371335504886,0,1,0.785031847133758,0.530516431924883,1,0,0,0.992138364779874,0.965625,0.7296,0,0.0033112582781457,0.878787878787879,0.599358974358974,1,0.521462639109698,0.352090032154341,0,0.982594936708861,0,0.963492063492064,0.0879478827361563,0,0.0107361963190184,0.113085621970921,0.469491525423729,0.976152623211447,0,0.957210776545166,0.97741935483871,1,0,0.0682926829268293,0.938144329896907,0.005,1,1,0.00805152979066022,1,0.289348171701113,0.806349206349206,0.00955414012738853,0.168053244592346,0.960629921259842,0.0113268608414239,0,0.977917981072555,0.0066334991708126,0.662358642972536,0.381493506493506,0,0.120192307692308,0.75,0.248387096774194,0.977382875605816,0,0.139240506329114,0.451505016722408,0.95,0.88503937007874,0.969155844155844,0.749593495934959,0,0.981012658227848,0,0.969502407704655,0.392092257001647,0,1,1,1,0.6192,0.984152139461173,0.12379421221865,0.184168012924071,0.94551282051282,0.876602564102564,0,0,0.990291262135922,0.941368078175896,0.016025641025641,0.988709677419355,0.990476190476191,0.359098228663446,0.932786885245902,0.723127035830619,0.889922480620155,0,0.968954248366013,0.341503267973856,1,1,0,0.656301145662848,0.973813420621931,0,0.686178861788618,0.383280757097792,0.799377916018662,0.690163934426229,0.965678627145086,0.0883720930232558,0.983792544570502,1,0.982484076433121,0.29635761589404,0.087719298245614,0.990445859872611,1,0.00952380952380952,0.790551181102362,0.438003220611916,0.258012820512821,0.761290322580645,1,0.888709677419355,1,0.123028391167192,0,0,0.82051282051282,0.00161550888529887,0,0.27591706539075,0,0.991896272285251,0.9168,0.998410174880763,0.995253164556962,0.0912,0,0,0,0.165316045380875,0.0773026315789474,0.158908507223114,0,0,1,0.00626959247648903,0.281967213114754,1,0.595238095238095,0.972222222222222,0.66824644549763,0.642857142857143,0,1,0.393203883495146,0.493485342019544,0.921259842519685,0.990610328638498,0.388535031847134,0.0127591706539075,0.963081861958267,0.964856230031949,0,0.968992248062015,0.0159489633173844,0.985245901639344,0.417197452229299,0,0.0112179487179487,0.51864406779661,0.846787479406919,0,0.136513157894737,0.0111464968152866,0.00163934426229508,0.751937984496124,0.0258481421647819,1,0.323343848580442,0.995297805642633,0,0.3801261829653,0.322422258592471,0.869565217391304,0.0919732441471572,0.00478468899521531,0.00317965023847377,0.0440456769983687,0,0.996845425867508,0.0332225913621262,0.984639016897081,0.00489396411092985,1,0,0.526148969889065,0.461788617886179,1,0,0.998415213946117,0,0.403940886699507,0.990506329113924,0,0.654088050314465,0.983552631578947,0.731825525040388,0.95417348608838,0.0394321766561514,0,1,0.266233766233766,0,0.683962264150943,0,0.0157728706624606,1,1,0.990580847723705,0.972624798711755,0.980519480519481,0,0.974193548387097,0.0224719101123595,0.354531001589825,0.284578696343402,0.992,0.991935483870968,0.995297805642633,0.99211356466877,0.0595813204508857,0.0130293159609121,0.985,0.966824644549763,0.7184,0.979032258064516,1,0.974317817014446,0,0,0.984472049689441,0,0.0649762282091918,0,0.961538461538462,0.282644628099174,0.198347107438017,0.130990415335463,0.921951219512195,0,0.0989010989010989,1,1,0.648387096774194,0.408814589665653,0.226299694189602,0.189792663476874,0.638436482084691,0,0.122778675282714,0.541666666666667,0.236628849270664,0.697965571205008,0.0127186009538951,0,0,0.320261437908497,1,0.637820512820513,0.226917057902973,0.616852146263911,0.872641509433962,0.987421383647799,0.963875205254516,0.980424143556281,1,0.998381877022654,0.5553772070626,0.411949685534591,0.998392282958199,0.00625978090766823,0.00943396226415094,0.870340356564019,0.0111464968152866,1,0.969936708860759,0,0.10797342192691,0,0.954248366013072,0,0.979397781299525,1,0.00635930047694754,0.831730769230769,1,0.655228758169935,0.608346709470305,0.880452342487884,0,0,0.929530201342282,0.946153846153846,0.990521327014218,0,0,0,0.223765432098765,0.489499192245557,0,0.457006369426752,0,0.931147540983607,1,0.148692810457516,0.248407643312102,0,0.34789644012945,0.581993569131833,0.858064516129032,0.970172684458399,0.7744,0,0.98858075040783,0.00970873786407767,1,0,0.982731554160126,0.00792393026941363,1,0.0206349206349206,0.00823723228995058,0,0,0.830940988835726,0.941272430668842,0.938709677419355,0.712918660287081,0.0268987341772152,0.00649350649350649,0.8432,0.844827586206897,0,0.0159235668789809,0.972624798711755,0,0.988654781199352,0.960443037974684,0.0559105431309904,0.0448717948717949,0.00315457413249211,1,0.461285008237232,0.0784,0.0983606557377049,0.116242038216561,0.686274509803922,0.0901898734177215,1,0,0.76537216828479,0.981012658227848,0.00324149108589951,0,0,0,0,1,0.723509933774834,0,0,0.540584415584416,0.955271565495208,0.439102564102564,0.0487421383647799,0.0016260162601626,0.0559210526315789,0.0158478605388273,0,0.025974025974026,0.00632911392405063,0.00162074554294976,0.012779552715655,0,0.0468497576736672,0.0561797752808989,0.0159489633173844,0.0147058823529412,0.00327332242225859,0.0224,0.0190174326465927,0.0595813204508857,0.00802568218298555,0.0144694533762058,0,0.00165016501650165,0.0455284552845528,0.008,0.0172143974960876,0,0.0271565495207668,0.00156739811912226,0.0016260162601626
"7",0.89792663476874,0.880804953560371,0.920560747663551,0.876006441223833,0.900813008130081,0.900826446280992,1,0.905660377358491,0.884914463452566,0.011400651465798,0.889589905362776,0.0125391849529781,0.613564668769716,0.888888888888889,0.136363636363636,0.11198738170347,0.0107692307692308,0.0222929936305732,0.889423076923077,0.884555382215289,0.249607535321821,0.115823817292007,0.8734375,0.0124416796267496,0.880434782608696,0.32741935483871,0.212361331220285,0.880718954248366,0.54434250764526,0.734883720930233,0.1015625,0.700636942675159,0.797752808988764,0.3552,0.0109204368174727,0.887640449438202,0.0283018867924528,0.883942766295707,0.345399698340875,0.843894899536321,0.0128617363344051,0.018957345971564,0.0234741784037559,0.889064976228209,0.76759410801964,0.121163166397415,0.526898734177215,0.0888888888888889,0.528771384136858,0.22257053291536,0.0141065830721003,0.887122416534181,0.355450236966825,0.889245585874799,0.998417721518987,0.255216693418941,0.0130081300813008,0.872374798061389,0.93563579277865,0.87673343605547,0.361934477379095,0.500780031201248,0.101748807631161,0.0146818923327896,0.840130505709625,0.804992199687988,0.0096,0.877165354330709,0.0063391442155309,0.087378640776699,0.794025157232704,0.0952380952380952,0.120253164556962,0.894654088050314,0.0078125,0.768160741885626,0.145510835913313,0.6046875,0.905383360522023,0.353233830845771,0.0129032258064516,0.721362229102167,0.30077519379845,0.888544891640867,0.202492211838006,0.869905956112853,0.884437596302003,0.8875,0.875583203732504,0.0280373831775701,0.881685575364668,0.878504672897196,0.0145395799676898,0.0110410094637224,0.8736,0.0111464968152866,0.391236306729264,0.882995319812793,0.0172413793103448,0.0223642172523962,0.71606864274571,0.0111111111111111,0.373996789727127,0.890675241157556,0.206471494607088,0.898058252427185,0.0258064516129032,0.91875,0.0932475884244373,0.097444089456869,0.103448275862069,0.990476190476191,0.404724409448819,0.878594249201278,0.0128617363344051,0.910236220472441,0.740506329113924,0.0124416796267496,0.0959119496855346,0.317460317460317,0.0124416796267496,0.801901743264659,0.329635499207607,0.173354735152488,0.888540031397174,0.219242902208202,0.888888888888889,0.889240506329114,0.0157728706624606,0.629746835443038,0.872841444270016,0.539325842696629,0.889776357827476,0.0139103554868624,0.875,0.11353032659409,0.0140845070422535,0.297124600638978,0.623233908948195,0.609046849757674,0.0145395799676898,0.0164203612479475,0.901253918495298,0.769230769230769,0.251623376623377,0.886581469648562,0.0979462875197472,0.8712715855573,0.486223662884927,0.894573643410853,0.234146341463415,0.891547049441786,0.892234548335975,0.79874213836478,0.885400313971743,0.0915032679738562,0.891509433962264,0.0958466453674121,0.0141287284144427,0.758564437194127,0.925349922239502,0.889763779527559,0.123456790123457,0.0155763239875389,0.893081761006289,0.508116883116883,0.886178861788618,0.887480190174326,0.886115444617785,0.347352024922118,0.900630914826498,0.100478468899522,0.882800608828006,0.0990712074303406,0.931962025316456,0.422427035330261,0.0111111111111111,0.88301282051282,0.0141732283464567,0.80248833592535,0.89622641509434,0.207336523125997,0.886614173228346,0.866043613707165,0.883156297420334,0.8890625,0.200312989045383,0.439749608763693,0.873990306946688,0.869983948635634,0.139904610492846,0.110584518167457,0.9024,0.974683544303797,0.012326656394453,0.0140405616224649,0.380258899676375,0.0140625,0.884012539184953,0.342679127725857,0.995161290322581,0.737248840803709,0.893846153846154,0.522435897435897,0.502377179080824,0.387096774193548,0.849056603773585,0.869634340222575,0.897832817337461,0.0143312101910828,0.821596244131455,0.272875816993464,0.887459807073955,0.103174603174603,0.166409861325116,0.616852146263911,0.896389324960754,0.895865237366003,0.836477987421384,0.883757961783439,0.838862559241706,0.0125786163522013,0.168238993710692,0.701399688958009,0.883942766295707,0.0141732283464567,0.879499217527387,0.904320987654321,0.637931034482759,0.56043956043956,0.891167192429022,0.88595041322314,0.455974842767296,0.0162337662337662,0.981927710843373,0.568,0.916129032258065,0.0993690851735016,0.877488514548239,0.894822006472492,0.886292834890966,0.868167202572347,0.567026194144838,0.105263157894737,0.910112359550562,0.544303797468354,0.0987841945288754,0.100154083204931,0.270531400966184,0.1024,0.233387358184765,0.70679012345679,0.0875,0.0981308411214953,0.108108108108108,0.646511627906977,0.130645161290323,0.881977671451356,0.0272873194221509,0.0976377952755905,0.0109034267912773,0.314009661835749,0.896440129449838,0.871632329635499,0.833333333333333,0.0141509433962264,0.917609046849758,0.805031446540881,0.711568938193344,0.641148325358852,0.520440251572327,0.507177033492823,0.029595015576324,0.885350318471338,0.205371248025276,0.71078431372549,0.90521327014218,0.109034267912773,0.777070063694268,0.104361370716511,0.217527386541471,0.893249607535322,0.886513157894737,1,0.0139103554868624,0.696682464454976,0.998427672955975,0.0141732283464567,0.0913385826771654,0.998456790123457,0.907643312101911,0.00943396226415094,0.0957613814756672,0.0970724191063174,0.903381642512077,0.856451612903226,0.0932896890343699,0.0111642743221691,0.481540930979133,0.904991948470209,0.816232771822358,0.456828885400314,0.699044585987261,0.881804043545879,0.102523659305994,0.894333843797856,0.886435331230284,0.0956937799043062,0.874411302982732,0.894230769230769,0.884984025559105,0.8984375,0.2625,0.39937106918239,0.3801261829653,0.906752411575563,0.86634460547504,0.0530421216848674,0.340288924558588,0.903937007874016,0.216429699842022,0.396923076923077,0.9072,0.887122416534181,0.902208201892745,0.734726688102894,0.890282131661442,0.323809523809524,0.912636505460218,0.896496815286624,0.0144,0.400630914826498,0.659163987138264,0.109350237717908,0.060126582278481,0.103076923076923,0.841692789968652,0.127329192546584,0.0951638065522621,0.013719512195122,0.30503144654088,0.885532591414944,0.167464114832536,0.913256955810147,0.913657770800628,0.903846153846154,0.367670364500792,0.375404530744337,0.678343949044586,0.492586490939044,0.0125391849529781,0.79304897314376,0.111111111111111,0.129829984544049,0.3046875,0.888529886914378,0.0957613814756672,0.0154083204930663,0.411490683229814,0.109697933227345,0.109677419354839,0.526984126984127,0.883386581469649,0.362012987012987,0.893964110929853,0.868589743589744,0.0124416796267496,0.900602409638554,0.090625,0.888888888888889,0.799058084772371,0.888709677419355,0.11216429699842,0.88062015503876,0.0932069510268562,0.822503961965135,0.718901453957997,0.856481481481482,0.906940063091483,0.896661367249603,0.380216383307573,0.87797147385103,0.880434782608696,0.0967741935483871,0.113744075829384,0.895071542130366,0.880503144654088,0.395931142410016,0.82120253164557,0.882926829268293,0.877742946708464,0.890965732087227,0.00651465798045603,0.198412698412698,0.889580093312597,0.103833865814696,0.0161290322580645,0.923566878980892,0.0176848874598071,0.140127388535032,0.883280757097792,0.916932907348243,0.0192616372391653,0.725832012678288,0.4672,0.90224358974359,0.100977198697068,0.806089743589744,0.891585760517799,0.453396524486572,0.656877897990726,0.793322734499205,0.0096,0.252782193958665,0.909238249594814,0.891167192429022,0.482649842271293,0.894488188976378,0.866220735785953,0.120063191153239,0.0110062893081761,0.893081761006289,0.890649762282092,0.872641509433962,0.688783570300158,0.106109324758842,0.92,0.308306709265176,0.282861896838602,0.0221169036334913,0.644951140065147,0.628751974723539,0.634920634920635,0.0125391849529781,0.358766233766234,0.89540412044374,0.656346749226006,0.563579277864992,0.174846625766871,0.0109204368174727,0.0138036809815951,0.883509833585477,0.87211093990755,0.0123647604327666,0.889937106918239,0.0223285486443381,0.0108864696734059,0.014446227929374,0.886762360446571,0.0126582278481013,0.894480519480519,0.788401253918495,0.613394216133942,0.887345679012346,0.0125195618153365,0.00970873786407767,0.891373801916933,0.870570107858243,0.747269890795632,0.089644513137558,0.0147058823529412,1,0.668730650154799,0.903633491311216,0.548837209302326,0.416403785488959,0.0125984251968504,0.8801261829653,0.101777059773829,0.907166123778502,0.182985553772071,0.0124031007751938,0.103125,0.207874015748031,0.515702479338843,0.881064162754304,0.015625,0.892307692307692,0.886292834890966,0.893682588597843,0.0157977883096366,0.174193548387097,0.851913477537438,0.104918032786885,0.893682588597843,0.886292834890966,0.0966719492868463,0.87906976744186,0.385220125786164,0.804381846635368,0.111287758346582,0.265472312703583,0.883572567783094,0.0252365930599369,0.105095541401274,0.905660377358491,0.102728731942215,0.690705128205128,0.447452229299363,0.0156494522691706,0.208137715179969,0.774557165861514,0.342679127725857,0.89589905362776,0.0984126984126984,0.2390625,0.507563025210084,0.881435257410296,0.866562009419152,0.865814696485623,0.746411483253589,0.0126182965299685,0.880804953560371,0.0961240310077519,0.869905956112853,0.48705501618123,0.100154083204931,0.888024883359253,0.899038461538462,0.890302066772655,0.629160063391442,0.901253918495298,0.230769230769231,0.2864,0.873417721518987,0.987321711568938,0.0138036809815951,0.0112540192926045,0.897151898734177,0.856219709208401,0.118971061093248,0.901898734177215,0.894736842105263,0.437106918238994,0.894060995184591,0.734726688102894,1,0.0123647604327666,0.89776357827476,0.420127795527157,0.896661367249603,0.892523364485981,0.0138888888888889,0.670382165605096,0.909677419354839,0.102523659305994,0.735524256651017,0.443037974683544,0.778115501519757,0.703583061889251,0.865834633385335,0.174183514774495,0.89968152866242,0.897476340694006,0.911949685534591,0.395161290322581,0.188087774294671,0.898119122257053,0.9015625,0.0232558139534884,0.786499215070644,0.513385826771654,0.337480559875583,0.784251968503937,0.886217948717949,0.825396825396825,0.888888888888889,0.159509202453988,0.104132231404959,0.0154798761609907,0.859424920127795,0.106518282988871,0.0998415213946117,0.347417840375587,0.0143540669856459,0.890092879256966,0.863141524105754,0.888188976377953,0.889408099688474,0.186305732484076,0.100638977635783,0.0108024691358025,0.0142405063291139,0.272141706924316,0.177705977382876,0.25,0.0126182965299685,0.0965732087227414,0.890282131661442,0.0608424336973479,0.37799043062201,0.894308943089431,0.6736,0.874203821656051,0.678125,0.666666666666667,0.0108024691358025,0.888719512195122,0.4752,0.579872204472843,0.96,0.891509433962264,0.47626582278481,0.0235478806907378,0.894230769230769,0.898595943837754,0.0110584518167457,0.862595419847328,0.110584518167457,0.882636655948553,0.497630331753554,0.0110759493670886,0.0234741784037559,0.607201309328969,0.828843106180666,0.104037267080745,0.236044657097289,0.0252365930599369,0.0146818923327896,0.724031007751938,0.121405750798722,0.894909688013136,0.397515527950311,0.903726708074534,0.0938461538461538,0.4375,0.383870967741935,0.902120717781403,0.186776859504132,0.109034267912773,0.0143540669856459,0.140575079872204,0.0141732283464567,0.894171779141104,0.118314424635332,0.907407407407407,0.106687898089172,0.888535031847134,0.0124223602484472,0.568807339449541,0.531847133757962,0.892405063291139,0.0145867098865478,0.891640866873065,0.016,0.456910569105691,0.886645962732919,0.0153609831029186,0.747648902821317,0.9008,0.717252396166134,0.91679748822606,0.126934984520124,0.0126182965299685,0.883830455259027,0.352,0.0109034267912773,0.704510108864697,0.1,0.124610591900312,0.884615384615385,0.892455858747994,0.872472783825817,0.862123613312203,0.885113268608414,0.0143769968051118,0.888178913738019,0.0344827586206897,0.447852760736196,0.360189573459716,0.88801261829653,0.884126984126984,0.902208201892745,0.890965732087227,0.075,0.112519809825674,0.895424836601307,0.872037914691943,0.730232558139535,0.875583203732504,0.88785046728972,0.91499227202473,0.0138888888888889,0.0108864696734059,0.888379204892966,0.014018691588785,0.160377358490566,0.0112721417069243,0.903481012658228,0.352272727272727,0.289389067524116,0.21939586645469,0.85214626391097,0.0142405063291139,0.209702660406886,0.889067524115756,0.884914463452566,0.670866141732283,0.51063829787234,0.301515151515152,0.267801857585139,0.6416,0.0919003115264797,0.2018779342723,0.621794871794872,0.339171974522293,0.724031007751938,0.106918238993711,0.014446227929374,0.0862619808306709,0.4185303514377,0.889250814332248,0.732283464566929,0.319444444444444,0.655502392344498,0.929245283018868,0.881435257410296,0.891410048622366,0.88961038961039,0.892455858747994,0.896607431340872,0.583333333333333,0.481191222570533,0.889589905362776,0.0998487140695915,0.108231707317073,0.905511811023622,0.0266875981161695,0.886792452830189,0.865325077399381,0.0142857142857143,0.211382113821138,0.0127591706539075,0.885483870967742,0.0113636363636364,0.885400313971743,0.887323943661972,0.0984375,0.832278481012658,0.884969325153374,0.726537216828479,0.672926447574335,0.998397435897436,0.0123839009287926,0.0112359550561798,0.885807504078303,0.897125567322239,0.899686520376176,0.0138888888888889,0.00783699059561128,0.104501607717042,0.308755760368664,0.541269841269841,0.0139103554868624,0.502384737678855,0.00940438871473354,0.85781990521327,0.886217948717949,0.253634894991922,0.335913312693498,0.0105740181268882,0.411858974358974,0.580286168521463,0.810344827586207,0.90795631825273,0.802839116719243,0.0956112852664577,0.898692810457516,0.033175355450237,0.8832,0.0128617363344051,0.897709923664122,0.0205047318611987,0.884057971014493,0.122186495176849,0.087378640776699,0.0124804992199688,0.0128205128205128,0.835680751173709,0.840460526315789,0.962441314553991,0.722480620155039,0.118098159509202,0.106518282988871,0.789308176100629,0.78328173374613,0.00809061488673139,0.112698412698413,0.870192307692308,0.00923076923076923,0.874193548387097,0.921752738654147,0.151181102362205,0.0559006211180124,0.0887480190174326,0.886328725038402,0.509677419354839,0.175806451612903,0.194762684124386,0.201574803149606,0.728896103896104,0.186830015313936,0.894488188976378,0.0144,0.768488745980707,0.870866141732283,0.0208667736757624,0.014308426073132,0.0987841945288754,0.009375,0.104761904761905,0.88503937007874,0.712887438825449,0.0932069510268562,0.107424960505529,0.628058727569331,0.929936305732484,0.505460218408736,0.0571870170015456,0.0962479608482871,0.0693548387096774,0.0330708661417323,0.0158982511923688,0.123417721518987,0.110077519379845,0.0921875,0.114728682170543,0.09375,0.05229793977813,0.0627943485086342,0.112877583465819,0.0285261489698891,0.0114192495921697,0.0407523510971787,0.0327613104524181,0.0618066561014263,0.105345911949686,0.0332278481012658,0.0916530278232406,0.103833865814696,0.0530546623794212,0.104333868378812,0.0387596899224806,0.107936507936508,0.110935023771791,0.0969230769230769,0.0932069510268562
"8",0.974317817014446,0.972222222222222,0.979655712050078,0.938906752411576,0.982371794871795,0.977272727272727,0.905660377358491,1,0.969230769230769,0.00162074554294976,0.974763406940063,0.0015748031496063,0.602201257861635,0.972843450479233,0.0686427457098284,0.0328125,0.00152905198776758,0.0141955835962145,0.97275641025641,0.959501557632399,0.183514774494557,0.0616883116883117,0.961538461538462,0,0.931570762052877,0.276295133437991,0.136150234741784,0.962903225806452,0.498461538461538,0.708333333333333,0.0246913580246914,0.712286158631415,0.77007874015748,0.298273155416013,0,0.976340694006309,0.0168711656441718,0.967391304347826,0.291101055806938,0.887864823348694,0.00158730158730159,0.0156985871271586,0.0062402496099844,0.974603174603175,0.800963081861958,0.0511182108626198,0.533227848101266,0.0205696202531646,0.480499219968799,0.155824508320726,0.00153846153846154,0.973228346456693,0.302936630602782,0.970219435736677,0.890995260663507,0.1648,0,0.9472,0.97196261682243,0.929447852760736,0.306729264475743,0.46656298600311,0.0257648953301127,0.00160513643659711,0.8832,0.815100154083205,0,0.962616822429907,0,0.019047619047619,0.848159509202454,0.0334394904458599,0.0455974842767296,0.976780185758514,0.0015552099533437,0.735963581183611,0.06,0.57345971563981,0.911392405063291,0.293159609120521,0.0016,0.745788667687596,0.244239631336406,0.969088098918083,0.149300155520995,0.924265842349305,0.970266040688576,0.967542503863988,0.9515625,0.00914634146341463,0.969793322734499,0.968847352024922,0.0015552099533437,0.00158227848101266,0.95859872611465,0.00158227848101266,0.3265625,0.964285714285714,0.00627943485086342,0.00789889415481832,0.63125,0,0.314696485623003,0.97933227344992,0.128834355828221,0.975688816855754,0.00947867298578199,0.993769470404984,0.025518341307815,0.0331230283911672,0.0308641975308642,0.91679748822606,0.359937402190923,0.966772151898734,0.00157728706624606,0.990769230769231,0.748829953198128,0.00154559505409583,0.0265625,0.255961844197138,0.0015552099533437,0.778309409888357,0.277165354330709,0.107615894039735,0.961119751166407,0.180277349768875,0.972136222910217,0.973561430793157,0.00158982511923688,0.565354330708661,0.931782945736434,0.49203821656051,0.963607594936709,0.0015552099533437,0.970967741935484,0.043613707165109,0.00155763239875389,0.239935587761675,0.630573248407643,0.535369774919614,0.00157977883096367,0.00159489633173844,0.984496124031008,0.761829652996845,0.200949367088608,0.971830985915493,0.0327102803738318,0.928348909657321,0.424290220820189,0.980122324159021,0.15112540192926,0.963893249607535,0.97626582278481,0.835680751173709,0.971653543307087,0.0206349206349206,0.973186119873817,0.0285261489698891,0.00154559505409583,0.745283018867924,0.885321100917431,0.961783439490446,0.0402476780185759,0.00155038759689922,0.976599063962558,0.4688995215311,0.9744,0.975155279503106,0.972093023255814,0.317901234567901,0.981279251170047,0.0238095238095238,0.950075642965204,0.0259938837920489,0.918789808917197,0.387247278382582,0.00157232704402516,0.968553459119497,0.0015527950310559,0.8390625,0.968102073365231,0.141945773524721,0.978395061728395,0.928571428571429,0.967741935483871,0.956043956043956,0.119309262166405,0.396875,0.9216,0.942766295707472,0.0733229329173167,0.0325077399380805,0.984,0.861635220125786,0.00154798761609907,0.00157977883096367,0.330721003134796,0,0.97239263803681,0.28110599078341,0.885714285714286,0.756548536209553,0.981538461538462,0.446031746031746,0.448916408668731,0.321259842519685,0.92246835443038,0.944707740916272,0.897798742138365,0.0015748031496063,0.86697965571205,0.203821656050955,0.952830188679245,0.0251968503937008,0.0984615384615385,0.565149136577708,0.955974842767296,0.970948012232416,0.8421875,0.978125,0.873617693522907,0.00156739811912226,0.0998415213946117,0.675716440422323,0.970031545741325,0.00153374233128834,0.961890243902439,0.981735159817352,0.58179012345679,0.571428571428571,0.963549920760697,0.970443349753695,0.392125984251968,0.00162074554294976,0.897674418604651,0.541009463722397,0.982258064516129,0.0264385692068429,0.951070336391437,0.977917981072555,0.971875,0.938775510204082,0.538819875776398,0.0270700636942675,0.979591836734694,0.559375,0.0287009063444109,0.0288753799392097,0.22626582278481,0.0249221183800623,0.1792,0.696923076923077,0.0235849056603774,0.0242057488653555,0.0356037151702786,0.610510046367852,0.0684713375796178,0.968051118210863,0.00947867298578199,0.0233644859813084,0.00156739811912226,0.247603833865815,0.977491961414791,0.956386292834891,0.9015625,0.00151975683890578,0.884927066450567,0.842349304482226,0.724409448818898,0.615987460815047,0.479559748427673,0.451968503937008,0.010752688172043,0.968051118210863,0.118296529968454,0.718901453957997,0.974803149606299,0.0356589147286822,0.774494556765163,0.0238473767885533,0.136858475894246,0.973805855161787,0.970967741935484,0.897271268057785,0,0.671802773497689,0.890822784810127,0.00155763239875389,0.0247295208655332,0.90519877675841,0.998432601880878,0.0015600624024961,0.0308641975308642,0.0220125786163522,0.975922953451043,0.911811023622047,0.024232633279483,0,0.40625,0.982704402515723,0.816358024691358,0.404388714733542,0.685805422647528,0.953846153846154,0.036624203821656,0.972477064220184,0.971608832807571,0.0268562401263823,0.960505529225908,0.979527559055118,0.950479233226837,0.96875,0.205087440381558,0.343122102009274,0.303317535545024,0.987421383647799,0.926829268292683,0.0510046367851623,0.286604361370716,0.987421383647799,0.18167701863354,0.31859756097561,0.979397781299525,0.971428571428571,0.975,0.701587301587302,0.968944099378882,0.271860095389507,0.975232198142415,0.969889064976228,0.00158730158730159,0.35202492211838,0.567567567567568,0.0408805031446541,0.0517241379310345,0.0335365853658537,0.8984375,0.0479876160990712,0.0250783699059561,0.00153846153846154,0.248427672955975,0.971291866028708,0.100946372239748,0.981967213114754,0.981132075471698,0.981072555205047,0.312599681020734,0.319148936170213,0.657320872274143,0.486970684039088,0.0015625,0.817749603803486,0.0432098765432099,0.0666666666666667,0.227769110764431,0.971608832807571,0.0283018867924528,0.00155763239875389,0.357254290171607,0.0347551342812006,0.0448,0.499212598425197,0.974723538704581,0.301794453507341,0.970873786407767,0.940157480314961,0.00154559505409583,0.98036253776435,0.0213089802130898,0.967492260061919,0.822530864197531,0.969305331179321,0.0394321766561514,0.955792682926829,0.0267716535433071,0.861635220125786,0.727858293075684,0.922600619195046,0.9828125,0.968203497615262,0.308892355694228,0.946708463949843,0.970903522205207,0.0231839258114374,0.046583850931677,0.974763406940063,0.968895800933126,0.340625,0.868878357030016,0.944170771756979,0.947204968944099,0.973684210526316,0,0.141479099678457,0.970172684458399,0.0284810126582278,0.00157728706624606,0.977671451355662,0.00641025641025641,0.0630914826498423,0.972644376899696,0.977455716586151,0.00479233226837061,0.647619047619048,0.437400950871632,0.97626582278481,0.024232633279483,0.852614896988906,0.977491961414791,0.4032,0.634108527131783,0.81042654028436,0,0.184834123222749,1,0.97007874015748,0.459935897435897,0.97196261682243,0.945762711864407,0.0556438791732909,0.003125,0.975460122699387,0.974683544303797,0.952234206471495,0.678571428571429,0.0300157977883096,0.880952380952381,0.242236024844721,0.200333889816361,0.0046875,0.612277867528271,0.607751937984496,0.633647798742138,0.00155038759689922,0.297872340425532,0.915094339622642,0.639817629179331,0.53343701399689,0.0995405819295559,0.0015527950310559,0.00153846153846154,0.97737556561086,0.941628264208909,0.00156985871271586,0.935534591194969,0.008,0.00154320987654321,0.00161550888529887,0.973228346456693,0,0.977455716586151,0.788216560509554,0.549230769230769,0.973846153846154,0.00159489633173844,0,0.974723538704581,0.949152542372881,0.730061349693252,0.0232919254658385,0,0.886535552193646,0.629107981220657,0.973312401883831,0.546995377503852,0.378335949764521,0.00156494522691706,0.958990536277603,0.0287081339712919,0.966237942122186,0.106180665610143,0.00153139356814701,0.037037037037037,0.146067415730337,0.491027732463295,0.950310559006211,0.00154320987654321,0.950844854070661,0.956723338485317,0.976744186046512,0.0015600624024961,0.095389507154213,0.909240924092409,0.0292207792207792,0.973520249221184,0.976671850699845,0.0326086956521739,0.970588235294118,0.325581395348837,0.824644549763033,0.033175355450237,0.18341307814992,0.957613814756672,0.00467289719626168,0.0268562401263823,0.967741935483871,0.0270700636942675,0.682034976152623,0.403149606299213,0.00154320987654321,0.134165366614665,0.763578274760383,0.277777777777778,0.972093023255814,0.0235109717868339,0.172043010752688,0.452459016393443,0.948275862068966,0.920731707317073,0.95253164556962,0.743178170144462,0,0.956181533646322,0.0244648318042813,0.941823899371069,0.411580594679186,0.024653312788906,0.973684210526316,0.974358974358974,0.973143759873618,0.6375,0.986068111455108,0.146456692913386,0.211446740858506,0.930015552099533,0.886115444617785,0.00153374233128834,0.00156985871271586,0.974151857835218,0.930756843800322,0.0365079365079365,0.967948717948718,0.981102362204724,0.401234567901235,0.948635634028893,0.742857142857143,0.892857142857143,0.00153374233128834,0.94794952681388,0.365231259968102,0.979559748427673,0.974960876369327,0.00151975683890578,0.653125,0.97933227344992,0.0297339593114241,0.688087774294671,0.38828967642527,0.793674698795181,0.707395498392283,0.93558282208589,0.113003095975232,0.967479674796748,0.972093023255814,0.981337480559876,0.321543408360129,0.112519809825674,0.976708074534162,0.96937212863706,0.00623052959501558,0.77984496124031,0.455259026687598,0.276461295418641,0.798473282442748,0.971428571428571,0.873217115689382,0.970172684458399,0.129485179407176,0.0248344370860927,0.0015527950310559,0.84080370942813,0.0296875,0.0232198142414861,0.28391167192429,0.0015552099533437,0.970496894409938,0.916149068322981,0.978021978021978,0.978461538461538,0.119047619047619,0.0288461538461538,0.00151057401812689,0.0015748031496063,0.194928684627575,0.104761904761905,0.161695447409733,0.00155038759689922,0.0201863354037267,0.968847352024922,0.0124804992199688,0.323151125401929,0.971428571428571,0.613458528951487,0.954758190327613,0.678461538461538,0.657056145675266,0,0.971385542168675,0.415064102564103,0.520064205457464,0.933846153846154,0.981510015408321,0.423676012461059,0.00777604976671851,0.957878315132605,0.955589586523737,0,0.946236559139785,0.0425196850393701,0.967213114754098,0.426810477657935,0.00158982511923688,0.00471698113207547,0.545751633986928,0.869158878504673,0.0217729393468118,0.154704944178628,0.00786163522012579,0.00160513643659711,0.74885145482389,0.0400641025641026,0.973597359735974,0.339449541284404,0.978560490045942,0.0231839258114374,0.390357698289269,0.348101265822785,0.879556259904913,0.13128038897893,0.0277777777777778,0.0015527950310559,0.069620253164557,0.00152439024390244,0.970724191063174,0.0566343042071197,0.998470948012232,0.0270700636942675,0.969889064976228,0.00152439024390244,0.547945205479452,0.493650793650794,0.974882260596546,0,0.977029096477795,0.00158227848101266,0.411669367909238,0.967692307692308,0.00154798761609907,0.664624808575804,0.965354330708661,0.746081504702194,0.963081861958267,0.058641975308642,0.00158227848101266,0.973228346456693,0.277165354330709,0.00153374233128834,0.71583850931677,0.0226928895612708,0.0386996904024768,0.974358974358974,0.9776,0.973724884080371,0.953271028037383,0.968203497615262,0.00156985871271586,0.950871632329635,0.0170542635658915,0.37173579109063,0.306376360808709,0.973354231974922,0.9703125,0.975193798449612,0.963779527559055,0.0511627906976744,0.0394944707740916,0.974068071312804,0.945397815912636,0.709428129829985,0.962962962962963,0.972136222910217,0.98125,0.00151975683890578,0.00153609831029186,0.960244648318043,0.00152439024390244,0.0965732087227414,0,0.954758190327613,0.283870967741935,0.22488038277512,0.138413685847589,0.906793048973144,0.0015552099533437,0.126365054602184,0.970125786163522,0.976958525345622,0.659375,0.436555891238671,0.247005988023952,0.205882352941176,0.65511811023622,0.0229357798165138,0.149532710280374,0.580696202531646,0.282574568288854,0.69242658423493,0.0344827586206897,0.00161812297734628,0.0205371248025276,0.341346153846154,0.97275641025641,0.649842271293375,0.248085758039816,0.621495327102804,0.890262751159196,0.961832061068702,0.962783171521036,0.967948717948718,0.977635782747604,0.974643423137876,0.559808612440191,0.447040498442368,0.973354231974922,0.0301659125188537,0.0369230769230769,0.893915756630265,0.00923076923076923,0.974045801526718,0.945141065830721,0.00158730158730159,0.136876006441224,0,0.959247648902821,0.0016260162601626,0.958139534883721,0.970266040688576,0.0265625,0.853312302839117,0.972307692307692,0.670866141732283,0.641304347826087,0.883280757097792,0,0.00158982511923688,0.930578512396694,0.962630792227205,0.984544049459042,0.00154083204930663,0,0.024232633279483,0.25652841781874,0.498447204968944,0.00154083204930663,0.466141732283465,0,0.924558587479936,0.96998420221169,0.176190476190476,0.275494672754947,0.00150829562594268,0.366771159874608,0.590979782270607,0.854714064914992,0.976887519260401,0.80188679245283,0.02660406885759,0.985436893203884,0.0190174326465927,0.971337579617834,0.00157728706624606,0.977168949771689,0.0047244094488189,0.971153846153846,0.0390015600624025,0.0208,0.00155038759689922,0.00158227848101266,0.844375963020031,0.904306220095694,0.942277691107644,0.717125382262997,0.0479876160990712,0.0285714285714286,0.830188679245283,0.829493087557604,0.00162074554294976,0.0361067503924647,0.94488188976378,0,0.955484896661367,0.969135802469136,0.0879120879120879,0.0408163265306122,0.0236593059936909,0.972477064220184,0.486443381180223,0.107424960505529,0.124183006535948,0.140625,0.703403565640194,0.119195046439628,0.974643423137876,0.00156494522691706,0.76,0.959564541213064,0.00318979266347687,0.00156739811912226,0.0287878787878788,0.00156739811912226,0.0296411856474259,0.971830985915493,0.716323296354992,0.0272,0.0271132376395534,0.558587479935794,0.971061093247588,0.469325153374233,0.0474006116207951,0.0243111831442464,0.0481540930979133,0.0172413793103448,0.00158227848101266,0.046031746031746,0.0351145038167939,0.0272435897435897,0.0418604651162791,0.0200617283950617,0.047244094488189,0.0564263322884013,0.0358255451713396,0.0205047318611987,0.00638977635782748,0.0236220472440945,0.0217391304347826,0.0590062111801242,0.0333333333333333,0.0186335403726708,0.0209003215434084,0.0331230283911672,0.0457413249211356,0.0327613104524181,0.0245775729646697,0.0233281493001555,0.0566037735849057,0.0242792109256449,0.0253968253968254
"9",0.996918335901387,1,0.969558599695586,0.938775510204082,0.982594936708861,1,0.884914463452566,0.969230769230769,1,0,1,0,0.557077625570776,1,0.0432098765432099,0.00612557427258806,0,0.0152905198776758,0.996830427892235,0.981873111782477,0.155038759689922,0.0332278481012658,0.992424242424242,0,0.96,0.248818897637795,0.113178294573643,0.989010989010989,0.463901689708141,0.685670261941448,0,0.693129770992366,0.772727272727273,0.291731669266771,0,1,0.0182370820668693,0.995454545454545,0.260416666666667,0.900611620795107,0.00153374233128834,0.0168970814132104,0.00757575757575758,1,0.7776,0.0248062015503876,0.515673981191223,0,0.47218045112782,0.13984962406015,0,0.996865203761755,0.266770670826833,1,0.872274143302181,0.17007874015748,0,0.978227060653188,0.956060606060606,0.901234567901235,0.304545454545455,0.439509954058193,0,0,0.909952606635071,0.840490797546012,0,0.989147286821705,0,0,0.859090909090909,0.00617283950617284,0.0202177293934681,1,0,0.714285714285714,0.048048048048048,0.585843373493976,0.886115444617785,0.270049099836334,0,0.705343511450382,0.208643815201192,1,0.113003095975232,0.907993966817496,0.996965098634294,0.966767371601209,0.967987804878049,0.0137614678899083,0.985981308411215,1,0,0,0.976303317535545,0,0.279320987654321,0.980122324159021,0.00764525993883792,0.00933125972006221,0.606811145510836,0,0.284591194968553,1,0.103139013452915,1,0.0124223602484472,0.975460122699387,0,0.00934579439252336,0.00769230769230769,0.899686520376176,0.322033898305085,0.992272024729521,0,0.984567901234568,0.706422018348624,0,0,0.242009132420091,0,0.774494556765163,0.244582043343653,0.0766773162939297,0.972685887708649,0.143950995405819,0.996932515337423,0.996894409937888,0,0.529862174578867,0.931570762052877,0.503875968992248,0.99211356466877,0,0.995253164556962,0.0257186081694402,0,0.205521472392638,0.63125,0.503974562798092,0,0,0.978294573643411,0.763440860215054,0.167721518987342,1,0.00617283950617284,0.918674698795181,0.414596273291925,0.979135618479881,0.142633228840125,0.986238532110092,1,0.835114503816794,0.993817619783617,0,1,0,0,0.751552795031056,0.857798165137615,0.983257229832572,0.0200617283950617,0,1,0.445324881141046,1,1,1,0.299694189602446,0.973886328725038,0.00156985871271586,0.944193061840121,0,0.888544891640867,0.373660030627871,0,0.986089644513138,0,0.852534562211982,1,0.128325508607199,0.981337480559876,0.95405819295559,0.992469879518072,0.973966309341501,0.102446483180428,0.374622356495468,0.922955974842767,0.94488188976378,0.050381679389313,0.0060882800608828,0.978227060653188,0.848392036753446,0,0,0.278461538461538,0.00151975683890578,1,0.267267267267267,0.864992150706436,0.757575757575758,0.987915407854985,0.430577223088924,0.447488584474886,0.282608695652174,0.920122887864823,0.964506172839506,0.871165644171779,0,0.88719512195122,0.173015873015873,0.938967136150235,0,0.0662650602409639,0.533646322378717,0.975270479134467,0.980538922155689,0.82542113323124,0.998444790046656,0.892523364485981,0,0.0708782742681048,0.659638554216867,0.993670886075949,0,0.993920972644377,0.978978978978979,0.545595054095827,0.558282208588957,0.990668740279938,1,0.3359375,0,0.879464285714286,0.524105754276827,0.965189873417722,0,0.961077844311377,0.9984375,1,0.961538461538462,0.530674846625767,0.00158478605388273,0.964885496183206,0.546707503828484,0.00454545454545455,0.00148588410104012,0.199687987519501,0,0.148902821316614,0.662121212121212,0,0.0045045045045045,0.0107692307692308,0.579819277108434,0.0434782608695652,0.984276729559748,0.0141955835962145,0,0,0.216174183514774,1,0.984567901234568,0.894171779141104,0,0.858054226475279,0.859541984732824,0.692546583850932,0.600917431192661,0.445131375579598,0.464898595943838,0.013677811550152,1,0.1,0.698738170347003,0.959055118110236,0.0139318885448916,0.739938080495356,0,0.127300613496933,1,1,0.882629107981221,0,0.640483383685801,0.872274143302181,0,0,0.884673748103187,0.979591836734694,0,0,0.00152905198776758,0.979813664596273,0.88646967340591,0,0,0.362928348909657,0.990639625585023,0.788432267884323,0.394695787831513,0.643192488262911,0.962406015037594,0.0108191653786708,1,1,0.0046583850931677,0.966565349544073,1,0.974481658692185,0.996923076923077,0.2,0.31306990881459,0.278816199376947,0.970496894409938,0.946287519747235,0.0487062404870624,0.264150943396226,0.972307692307692,0.155384615384615,0.308157099697885,0.993865030674847,0.998439937597504,0.965785381026439,0.69375,0.998484848484849,0.246511627906977,0.960122699386503,0.996899224806202,0,0.318862275449102,0.542130365659777,0.0186046511627907,0.0560606060606061,0.00753012048192771,0.911719939117199,0.0274809160305344,0,0,0.235384615384615,0.99211356466877,0.0726429675425039,0.988853503184713,0.966101694915254,0.984423676012461,0.27115987460815,0.273015873015873,0.6921875,0.47444089456869,0,0.831546707503829,0.0136363636363636,0.042042042042042,0.192424242424242,1,0.00151515151515152,0,0.320300751879699,0.00769230769230769,0.0218408736349454,0.475232198142415,1,0.28328173374613,1,0.967340590979782,0,0.989675516224189,0,0.998502994011976,0.838167938931298,1,0.0124223602484472,0.978527607361963,0,0.878461538461539,0.706161137440758,0.944954128440367,0.986153846153846,0.996894409937888,0.287037037037037,0.972136222910217,1,0,0.0275650842266462,1,1,0.334876543209877,0.880434782608696,0.968253968253968,0.9558599695586,1,0,0.11198738170347,1,0,0,0.962558502340094,0.0124031007751938,0.0518053375196232,1,0.966049382716049,0.00473186119873817,0.629283489096573,0.420807453416149,0.984276729559748,0.00157232704402516,0.869701726844584,0.996820349761526,0.375389408099688,0.590909090909091,0.779160186625194,0,0.15968992248062,0.973228346456693,1,0.451313755795981,1,0.975767366720517,0.0310077519379845,0.00151975683890578,0.986153846153846,0.995327102803738,0.953917050691244,0.699846860643185,0.0062111801242236,0.850931677018634,0.239567233384853,0.171749598715891,0.00765696784073507,0.6328125,0.59253499222395,0.620743034055728,0,0.28436018957346,0.902927580893683,0.656108597285068,0.519025875190259,0.0870206489675516,0,0,1,0.977341389728097,0,0.920560747663551,0.0126582278481013,0,0,0.9984375,0,1,0.773291925465838,0.516666666666667,1,0,0,0.996899224806202,0.964125560538117,0.734351145038168,0,0.00318471337579618,0.866464339908953,0.582450832072617,1,0.542682926829268,0.343122102009274,0,0.978787878787879,0,0.95447409733124,0.0993788819875776,0,0.00888888888888889,0.12037037037037,0.4912,0.972350230414747,0,0.948406676783004,0.973966309341501,1,0,0.0725552050473186,0.942528735632184,0.00476947535771065,1,1,0.00770416024653313,1,0.283742331288344,0.796923076923077,0.0108527131782946,0.169303797468354,0.962732919254658,0.012326656394453,0,0.97289156626506,0.00782472613458529,0.668759811616955,0.394409937888199,0,0.114114114114114,0.7375,0.251141552511416,0.977134146341463,0,0.145038167938931,0.469453376205788,0.944858420268256,0.888059701492537,0.970496894409938,0.761075949367089,0,0.984709480122324,0,0.967692307692308,0.382165605095541,0,1,1,1,0.627871362940276,0.984802431610942,0.128086419753086,0.188650306748466,0.946483180428135,0.86687306501548,0,0,0.993798449612403,0.930708661417323,0.0141955835962145,0.981072555205047,0.992331288343558,0.354938271604938,0.9234375,0.733755942947702,0.873282442748092,0,0.967238689547582,0.315707620528771,1,0.9984375,0,0.649452269170579,0.971786833855799,0,0.676056338028169,0.397849462365591,0.804511278195489,0.685271317829457,0.965824665676077,0.0807174887892377,0.979623824451411,1,0.980122324159021,0.274603174603175,0.0918836140888208,0.992248062015504,1,0.00923076923076923,0.792890262751159,0.454407294832827,0.273846153846154,0.767692307692308,1,0.885625965996909,1,0.120795107033639,0,0,0.819018404907976,0.00153139356814701,0,0.284829721362229,0,0.992354740061162,0.914241960183767,1,0.993911719939117,0.0851393188854489,0,0,0,0.175632911392405,0.075,0.165634674922601,0,0,1,0.0106544901065449,0.280373831775701,1,0.587057010785824,0.976708074534162,0.662162162162162,0.640060240963855,0,1,0.382445141065831,0.48531684698609,0.914503816793893,0.987860394537178,0.384969325153374,0.0107858243451464,0.948837209302326,0.953030303030303,0,0.96551724137931,0.0121765601217656,0.984076433121019,0.445468509984639,0,0.0108191653786708,0.50796178343949,0.833850931677019,0,0.147744945567652,0.0138036809815951,0.00159489633173844,0.744460856720827,0.0203125,1,0.322727272727273,0.992424242424242,0,0.386706948640483,0.318110236220472,0.853312302839117,0.094488188976378,0.00303951367781155,0.00309597523219814,0.0371517027863777,0,0.995502248875562,0.0408805031446541,0.977611940298508,0.00305343511450382,1,0,0.512820512820513,0.46046511627907,1,0,0.998500749625187,0,0.3984375,0.989489489489489,0,0.645896656534954,0.979719188767551,0.741379310344828,0.943661971830986,0.0411585365853659,0,1,0.269470404984424,0,0.686821705426357,0,0.0165413533834586,1,1,0.990963855421687,0.97196261682243,0.982839313572543,0,0.972350230414747,0.0242792109256449,0.335347432024169,0.300925925925926,0.993948562783661,0.992389649923896,0.994011976047904,0.992458521870287,0.0521472392638037,0.0170015455950541,0.985507246376812,0.966049382716049,0.732522796352584,0.983308042488619,1,0.966153846153846,0,0,0.985141158989599,0,0.0629685157421289,0,0.950844854070661,0.290529695024077,0.208860759493671,0.118003025718608,0.923076923076923,0,0.107361963190184,1,1,0.636363636363636,0.406855439642325,0.205317577548006,0.192073170731707,0.652241112828439,0,0.124054462934947,0.537984496124031,0.264296754250386,0.713629402756508,0.0108024691358025,0,0,0.302215189873418,1,0.620481927710843,0.225563909774436,0.62962962962963,0.86535552193646,0.990895295902883,0.958730158730159,0.979559748427673,1,0.998439937597504,0.558139534883721,0.418320610687023,0.998452012383901,0.0029673590504451,0.00748502994011976,0.861538461538462,0.0138248847926267,1,0.973013493253373,0,0.107936507936508,0,0.945038167938931,0,0.974124809741248,1,0.0075187969924812,0.832822085889571,1,0.642633228840125,0.614678899082569,0.863636363636364,0,0,0.925324675324675,0.940652818991098,0.986153846153846,0,0,0,0.241960183767228,0.514774494556765,0,0.451863354037267,0,0.921996879875195,1,0.146645865834633,0.235204855842185,0,0.357032457496136,0.598449612403101,0.862385321100917,0.96390977443609,0.765696784073507,0,0.988871224165342,0.0154320987654321,1,0,0.98036253776435,0.00923076923076923,1,0.0200617283950617,0.0109546165884194,0,0,0.829493087557604,0.937898089171974,0.934749620637329,0.71342383107089,0.0282738095238095,0.00462249614791988,0.835147744945568,0.841554559043348,0,0.0170542635658915,0.970404984423676,0,0.985826771653543,0.952023988005997,0.0626911314984709,0.0442748091603053,0.00310077519379845,1,0.471518987341772,0.0712074303405573,0.0965732087227414,0.117737003058104,0.6992,0.103186646433991,1,0,0.769470404984424,0.983358547655068,0.00469483568075117,0,0,0,0,1,0.709728867623604,0,0,0.540372670807453,0.949843260188088,0.43531202435312,0.0489296636085627,0,0.0524642289348172,0.018348623853211,0,0.0283018867924528,0.0045045045045045,0,0.00768049155145929,0,0.0500782472613459,0.0565749235474006,0.0151745068285281,0.0184049079754601,0.0031496062992126,0.0247295208655332,0.0243161094224924,0.0582822085889571,0.00614439324116743,0.0230769230769231,0,0.00309119010819165,0.0438184663536776,0.0062015503875969,0.0224887556221889,0,0.0299684542586751,0.00150375939849624,0
"10",0,0,0,0,0,0,0.011400651465798,0.00162074554294976,0,1,0,1,0,0,0,0,1,0.980676328502415,0,0,0,0,0,1,0,0,0,0,0,0,0,0,0.00161812297734628,0,1,0,0.978021978021978,0,0,0,0.998373983739837,0.980830670926518,0.992125984251969,0,0,0,0,0,0,0,1,0,0,0,0.0113636363636364,0,1,0,0.00157728706624606,0,0,0,0,1,0,0,1,0,1,0,0,0,0,0,1,0.00156494522691706,0,0,0.00163398692810458,0,1,0,0,0,0,0,0,0,0.00159489633173844,0.987281399046105,0,0,1,1,0,1,0.0158478605388273,0,0.990566037735849,0.988835725677831,0.00806451612903226,1,0,0,0,0,0.988727858293076,0.00162074554294976,0,0,0,0.0114192495921697,0,0,1,0,0,1,0,0,1,0.00161030595813205,0,0,0,0,0,0,1,0.00479233226837061,0,0,0,1,0,0,1,0,0,0.00490998363338789,1,1,0,0,0,0,0,0,0,0,0,0,0,0,0,0,0,0,1,0,0.0062992125984252,0,0,1,0,0,0,0,0,0,0,0,0,0,0.00324675324675325,0,1,0,1,0,0,0,0,0,0,0,0,0,0,0,0,0,0,0.0175718849840256,1,1,0,0.998415213946117,0,0,0.0112359550561798,0,0,0,0,0,0,0,0.00156494522691706,1,0,0,0,0,0,0.00162074554294976,0,0,0.00159489633173844,0,0,1,0,0,0,1,0,0,0.00479233226837061,0,0,0,0.0175718849840256,1,0.0108359133126935,0,0,0,0,0,0,0,0,0,0,0,0,0,0,0,0,0,0,0,0,0,0,0,0.986970684039088,0,1,0.00484652665589661,0,0,0,1,0.00164473684210526,0.00157977883096367,0,0,0,0,0.987240829346092,0,0,0,0,0,0,0,0,0,0,0.00967741935483871,1,0,0.0130293159609121,1,0,0.0124610591900312,0.00161812297734628,1,0,0,0,0,0,1,0.0172143974960876,0,0,0,0,0,0,0,0,0,0,0,0,0,0,0,0,0.0016260162601626,0,0.944620253164557,0,0,0,0,0,0,0,0,0,0,0,0,1,0,0.008,0,0.941640378548896,0,0,0,0,1,0,0,0,0,0,0,0,0,0,0,1,0,0,0,0,0,0,1,0,0,0,0.00321027287319422,0,0,0,0,1,0,0,0,0,0,0,0,0,0,0,0,0,0.00321027287319422,0,0,0,0,0,0,0,0,0,0,0,0,1,0,0,0,1,0,0.98694942903752,0,0,0,0.995169082125604,0.00789889415481832,0,0,0,0,0,0,0,0,1,0,0.00162866449511401,0,0,0,0,0,0.998442367601246,0,0,0,0,0,0.00643086816720257,0,0.0136518771331058,0.992050874403816,0,0,0,1,0,0.0016025641025641,0,0,0,1,1,0,0,1,0,0.988636363636364,1,1,0,1,0,0,0.0046656298600311,0,1,1,0,0,0,0,0.996747967479675,0.0158227848101266,0,0,0,0,1,0,0,0.00160513643659711,0,1,0,0,0,0,1,0,0,0,1,0,0,0,0,0,0,0,0,0,0,0.00164744645799012,0,0.988727858293076,0,0,0,0,0.0147299509001637,1,0,0.0032626427406199,0,0,0,0,0,0,0,0,0,1,0,0,0,0.00328947368421053,0,0,0,0,0,0,0,0,0,0.0145161290322581,1,1,0,0,0,0,0,0,0,0,0.0126182965299685,1,0,0.0162866449511401,0,0,1,0,0,0,0.00163398692810458,0,0,0,0,0,0.0032626427406199,0,0,0.0149006622516556,0.028892455858748,0,0,0.990683229813665,0,0,0,0,0,0,0,0.775157232704403,0,1,0.0016,0,0,0,1,0,0,0,0,0,0,1,1,0,0,0,1,0,0,0.582278481012658,0,0,0.00798722044728434,0,0,0,1,0,0,0,0.00630914826498423,0,0,0.987421383647799,0,0,1,0,0,0,0,1,0.988906497622821,0,0,0,0,0.985736925515055,0.998341625207297,0,0,0,0,0,0,0,0,0.00649350649350649,0,0,0.996840442338073,0,1,0,0.166942148760331,0.0015527950310559,0,0,1,0,0,0,1,0,1,0,0,1,0.0173775671406003,0,0,0.00161550888529887,0,1,0,0,1,0,0,0,0,0,0,0.00159235668789809,0,1,0,0.972972972972973,0.0173775671406003,0,0,0,0,0,0.916006339144215,0,0,0,0,0,0,0,1,1,0,1,0,1,0,0,0,0,0,0.998387096774194,0,0,0,0,0,0,0,0,0,0,0,0,0,0,1,0,0.0214168039538715,0,0.0289855072463768,0,0,0.00630914826498423,0,0.00164203612479475,0,0,0,0,0,0,0,0,0.00318979266347687,0.987441130298273,0,0,1,0,1,0,1,0,0,0,0,0,0,0,0.016,1,1,0,0,0,1,1,0,0,0,1,0,1,0,0,0.0358890701468189,0,1,0,0,0,0,0,0,0,0.899350649350649,0,1,0,0.990445859872611,0,0,0.380097879282219,1,1,0.00159744408945687,0,0.00627943485086342,0,0,0,0,0,1,0,0,1,0,0,0,0.9584,0,0,0,0,0,0,0,0,0,1,0,0,0.995161290322581,1,0,1,0,0,0,0,0,0.00329489291598023,0.0032258064516129,0,0.943217665615142,0,0.896103896103896,0.972886762360447,1,0.163723916532905,0,0,0.00630914826498423,0,0.944353518821604,0.937299035369775,0,0.974068071312804,0.991896272285251,0.946456692913386,0.971698113207547,0.937106918238994,0,0.968304278922345,0,0,0.950900163666121,0,0.929012345679012,0,0.0565428109854604,0,0
"11",0.996815286624204,1,0.973270440251572,0.936995153473344,0.983974358974359,1,0.889589905362776,0.974763406940063,1,0,1,0,0.572327044025157,1,0.0383435582822086,0.00631911532385466,0,0.0157232704402516,0.998387096774194,0.987519500780031,0.160493827160494,0.0273752012882448,0.990839694656489,0,0.953703703703704,0.245222929936306,0.117739403453689,0.987220447284345,0.449230769230769,0.682464454976303,0,0.686728395061728,0.77373417721519,0.284591194968553,0,1,0.0201863354037267,0.996904024767802,0.261329305135952,0.909923664122137,0.00158478605388273,0.0171875,0.00617283950617284,1,0.775974025974026,0.024,0.509463722397476,0,0.466767371601208,0.117283950617284,0,0.992150706436421,0.278637770897833,1,0.879556259904913,0.161904761904762,0,0.974643423137876,0.960998439937597,0.900466562986003,0.29922480620155,0.423076923076923,0,0,0.9072,0.836702954898911,0,0.992236024844721,0,0,0.864696734059098,0.0046583850931677,0.0189274447949527,1,0,0.717357910906298,0.0431432973805855,0.577399380804954,0.901587301587302,0.260940032414911,0,0.701538461538462,0.207261724659607,0.998444790046656,0.102964118564743,0.910493827160494,0.996884735202492,0.970496894409938,0.970858895705521,0.00923076923076923,0.987138263665595,1,0,0,0.972712680577849,0,0.292307692307692,0.979655712050078,0.00777604976671851,0.00938967136150235,0.6078125,0,0.287301587301587,1,0.098613251155624,1,0.00789889415481832,0.978090766823161,0,0.00789889415481832,0.00771604938271605,0.905063291139241,0.345794392523364,0.995275590551181,0,0.984639016897081,0.708920187793427,0,0,0.235849056603774,0,0.773524720893142,0.243328100470958,0.0826580226904376,0.978260869565217,0.136222910216718,0.996927803379416,0.998425196850394,0,0.53448275862069,0.933962264150943,0.482371794871795,0.99203821656051,0,0.993610223642173,0.0198776758409786,0,0.214285714285714,0.623417721518987,0.511254019292605,0,0,0.975077881619938,0.765258215962441,0.163695299837925,1,0.004739336492891,0.923794712286159,0.42512077294686,0.981481481481482,0.134706814580032,0.9859375,1,0.826625386996904,0.995334370139969,0,1,0,0,0.747619047619048,0.874233128834356,0.98310291858679,0.0199692780337942,0,1,0.442122186495177,1,1,1,0.285714285714286,0.975232198142415,0.0015748031496063,0.944954128440367,0,0.897476340694006,0.371875,0,0.9796875,0,0.848909657320872,1,0.123809523809524,0.97984496124031,0.952307692307692,0.991004497751124,0.984825493171472,0.0946372239747634,0.383206106870229,0.92741935483871,0.942307692307692,0.0544323483670296,0.00627943485086342,0.979032258064516,0.850931677018634,0,0,0.3078125,0.0015600624024961,1,0.256965944272446,0.86741214057508,0.75462962962963,0.989197530864197,0.431746031746032,0.435054773082942,0.294975688816856,0.920560747663551,0.961059190031153,0.878461538461539,0,0.872841444270016,0.175040518638574,0.943485086342229,0,0.0680061823802164,0.528951486697966,0.979591836734694,0.978461538461538,0.833070866141732,1,0.898119122257053,0,0.0747663551401869,0.6671826625387,0.995222929936306,0,0.993720565149137,0.984848484848485,0.533541341653666,0.547286821705426,0.993610223642173,1,0.356012658227848,0,0.889739663093415,0.526232114467409,0.97258064516129,0,0.955521472392638,0.998425196850394,1,0.962145110410095,0.534775888717156,0.0016025641025641,0.971786833855799,0.532915360501567,0.003003003003003,0.0015015015015015,0.192063492063492,0,0.156299840510367,0.663009404388715,0,0.0015600624024961,0.009375,0.574500768049155,0.0418006430868167,0.987075928917609,0.0110062893081761,0,0,0.219047619047619,1,0.979719188767551,0.901869158878505,0,0.87800963081862,0.860031104199067,0.678740157480315,0.60731319554849,0.460093896713615,0.465818759936407,0.00933125972006221,1,0.0919003115264797,0.695934959349593,0.965189873417722,0.0123456790123457,0.734920634920635,0,0.12597200622084,1,1,0.88529886914378,0,0.636923076923077,0.875598086124402,0,0,0.891437308868501,0.981072555205047,0,0,0,0.977707006369427,0.8848,0,0,0.366306027820711,0.988958990536278,0.785714285714286,0.397476340694006,0.653061224489796,0.959028831562974,0.009375,1,1,0.0046656298600311,0.96417445482866,1,0.976038338658147,0.996889580093313,0.182945736434109,0.311349693251534,0.28006329113924,0.977635782747604,0.94408945686901,0.0479134466769706,0.261205564142195,0.973228346456693,0.15,0.306870229007634,0.995334370139969,0.996830427892235,0.967032967032967,0.698234349919743,0.998463901689708,0.245585874799358,0.964341085271318,1,0,0.324031007751938,0.545310015898251,0.0170278637770898,0.0544323483670296,0.00771604938271605,0.904238618524333,0.0217729393468118,0,0,0.229199372056515,0.995319812792512,0.0657276995305164,0.985221674876847,0.9703125,0.988958990536278,0.282539682539683,0.2928,0.677672955974843,0.458670988654781,0,0.840189873417722,0.0108191653786708,0.0351145038167939,0.19620253164557,1,0.0015625,0,0.331259720062208,0.00768049155145929,0.0238095238095238,0.491365777080063,1,0.2768,1,0.96875,0,0.991044776119403,0,0.998463901689708,0.840944881889764,1,0.0124804992199688,0.978494623655914,0,0.890625,0.707667731629393,0.96594427244582,0.986068111455108,0.996889580093313,0.289556962025316,0.971653543307087,1,0,0.0279503105590062,1,1,0.317757009345794,0.886435331230284,0.961290322580645,0.952234206471495,1,0,0.117088607594937,1,0.00155763239875389,0,0.970031545741325,0.00950871632329636,0.0400641025641026,1,0.970125786163522,0.0032,0.611464968152866,0.416798732171157,0.9808,0.00160513643659711,0.865079365079365,0.996810207336523,0.367576243980738,0.594090202177294,0.779179810725552,0,0.159055118110236,0.976152623211447,0.998412698412698,0.449612403100775,1,0.974747474747475,0.0299684542586751,0,0.982758620689655,0.996860282574568,0.952681388012618,0.695652173913043,0.0046656298600311,0.869085173501577,0.23728813559322,0.175585284280936,0.00784929356357928,0.611727416798732,0.606012658227848,0.598746081504702,0,0.28921568627451,0.916666666666667,0.642967542503864,0.508474576271186,0.0706766917293233,0,0,1,0.975270479134467,0,0.92515923566879,0.0110584518167457,0,0,0.998427672955975,0,1,0.757911392405063,0.518348623853211,1,0,0,0.9921875,0.960546282245827,0.725856697819315,0,0.00316957210776545,0.874418604651163,0.587423312883436,1,0.525741029641186,0.349683544303797,0,0.982892690513219,0,0.957074721780604,0.096,0,0.0107197549770291,0.101246105919003,0.485294117647059,0.972307692307692,0,0.952095808383233,0.975535168195719,1,0,0.0698412698412698,0.930693069306931,0.00484652665589661,1,1,0.00772797527047913,1,0.30503144654088,0.798136645962733,0.00956937799043062,0.166931637519873,0.961059190031153,0.00952380952380952,0,0.972006220839813,0.00637958532695375,0.66877971473851,0.4,0,0.104199066874028,0.746388443017656,0.259659969088099,0.972006220839813,0,0.145736434108527,0.441127694859038,0.945371775417299,0.886503067484663,0.968404423380727,0.755102040816326,0,0.984520123839009,0,0.969745222929936,0.387096774193548,0,1,1,1,0.631083202511774,0.984447900466563,0.126582278481013,0.197160883280757,0.939968404423381,0.87111801242236,0,0,0.992101105845182,0.937299035369775,0.0175438596491228,0.988817891373802,0.990683229813665,0.371517027863777,0.931746031746032,0.730210016155089,0.886503067484663,0,0.967032967032967,0.321766561514196,1,0.998430141287284,0,0.649122807017544,0.97933227344992,0,0.689710610932476,0.381761978361669,0.807633587786259,0.676656151419558,0.963246554364472,0.0854961832061069,0.984301412872841,1,0.981366459627329,0.301765650080257,0.0909090909090909,0.989180834621329,1,0.00622083981337481,0.784403669724771,0.447737909516381,0.257861635220126,0.759811616954474,1,0.881619937694704,1,0.118279569892473,0,0,0.818611987381703,0.00160513643659711,0,0.27639751552795,0,0.987519500780031,0.912307692307692,0.998452012383901,0.993846153846154,0.0967238689547582,0,0,0,0.176375404530744,0.0791139240506329,0.169329073482428,0,0,1,0.0109546165884194,0.301435406698565,1,0.571428571428571,0.969551282051282,0.653726708074534,0.631741140215716,0,1,0.394568690095847,0.485133020344288,0.919876733436055,0.989393939393939,0.391912908242613,0.0078740157480315,0.949606299212598,0.952012383900929,0,0.969465648854962,0.0156739811912226,0.985413290113452,0.430359937402191,0,0.0093603744149766,0.513157894736842,0.839370078740157,0,0.128775834658188,0.0123839009287926,0.00163132137030995,0.758778625954198,0.0222222222222222,1,0.328703703703704,0.993808049535604,0,0.372093023255814,0.323671497584541,0.869218500797448,0.0838709677419355,0.00307692307692308,0.0031201248049922,0.0446570972886762,0,0.993920972644377,0.0426929392446634,0.981566820276498,0.00321027287319422,1,0,0.516030534351145,0.445482866043614,1,0,0.998468606431853,0,0.400651465798046,0.992272024729521,0,0.64031007751938,0.985849056603774,0.748006379585327,0.951923076923077,0.0390015600624025,0,1,0.262479871175523,0,0.679447852760736,0,0.0199081163859112,1,1,0.992260061919505,0.973354231974922,0.980830670926518,0,0.981481481481482,0.0245398773006135,0.34,0.285714285714286,0.990580847723705,0.99211356466877,0.99537037037037,0.990712074303406,0.0501567398119122,0.0157977883096366,0.981937602627258,0.960815047021944,0.734789391575663,0.975155279503106,1,0.970542635658915,0,0,0.985007496251874,0,0.0677966101694915,0,0.953271028037383,0.278219395866455,0.205128205128205,0.118564742589704,0.915605095541401,0,0.101382488479263,1,1,0.617924528301887,0.415915915915916,0.202985074626866,0.176110260336907,0.647619047619048,0,0.121451104100946,0.530708661417323,0.252764612954186,0.712519319938176,0.0110584518167457,0,0,0.314785373608903,1,0.618012422360248,0.232876712328767,0.622047244094488,0.881720430107527,0.989230769230769,0.956521739130435,0.984126984126984,1,0.998427672955975,0.54858934169279,0.417310664605873,0.998427672955975,0.00457317073170732,0.010752688172043,0.870662460567823,0.00917431192660551,1,0.972049689440994,0,0.100638977635783,0,0.949606299212598,0,0.973724884080371,1,0.0077639751552795,0.837245696400626,1,0.640378548895899,0.618098159509202,0.8712715855573,0,0,0.93030794165316,0.944527736131934,0.987673343605547,0,0,0,0.233231707317073,0.496087636932707,0,0.443057722308892,0,0.922829581993569,1,0.1536,0.232307692307692,0,0.351822503961965,0.582417582417582,0.872611464968153,0.969230769230769,0.769953051643192,0,0.987281399046105,0.0190779014308426,1,0,0.982998454404946,0.0077639751552795,1,0.0142630744849445,0.0128824476650564,0,0,0.827044025157233,0.938709677419355,0.937404580152672,0.702909647779479,0.0256024096385542,0.00632911392405063,0.837282780410742,0.833333333333333,0,0.0174050632911392,0.973228346456693,0,0.987179487179487,0.956521739130435,0.0635658914728682,0.0485133020344288,0.00316455696202532,1,0.48,0.0805687203791469,0.103174603174603,0.117924528301887,0.69620253164557,0.0840978593272171,1,0,0.7664,0.984544049459042,0.00473186119873817,0,0,0,0,1,0.719412724306688,0,0,0.534700315457413,0.956730769230769,0.419656786271451,0.0490045941807044,0,0.0570032573289902,0.0172413793103448,0,0.0331230283911672,0.00303951367781155,0,0.00924499229583975,0,0.0505529225908373,0.0598159509202454,0.015527950310559,0.0188087774294671,0.00641025641025641,0.0296875,0.0249609984399376,0.0612244897959184,0.0047244094488189,0.021875,0,0.00317460317460317,0.0507131537242472,0.0078003120124805,0.0274809160305344,0,0.0377358490566038,0.00149700598802395,0
"12",0,0,0,0,0,0,0.0125391849529781,0.0015748031496063,0,1,0,1,0,0,0,0,1,0.984,0,0,0,0,0,1,0,0,0,0.00161812297734628,0,0,0,0,0.00157977883096367,0,1,0,0.974842767295597,0,0,0,0.998387096774194,0.984177215189873,0.996894409937888,0,0,0,0,0,0,0,1,0,0,0,0.0126782884310618,0,1,0,0.00155038759689922,0,0,0,0,1,0,0,1,0,1,0,0,0,0,0,1,0.00154559505409583,0,0,0.00161290322580645,0,1,0,0,0,0,0,0,0,0.0046875,0.99075500770416,0,0,1,1,0,1,0.0173501577287066,0,0.99375,0.993798449612403,0.00933125972006221,1,0,0,0,0,0.992175273865415,0.00158227848101266,0,0,0,0.014218009478673,0,0,1,0,0,1,0,0,1,0.0015748031496063,0,0,0,0,0,0,1,0.00477707006369427,0,0,0,1,0,0,1,0,0,0.00485436893203883,1,1,0,0,0,0,0,0,0,0,0,0,0,0,0,0,0,0,1,0,0.0061633281972265,0,0,1,0,0,0,0,0,0,0,0,0,0,0.00317460317460317,0,1,0,1,0,0,0,0,0,0,0,0,0,0,0,0,0,0,0.021978021978022,1,1,0,0.998470948012232,0,0,0.0113636363636364,0,0,0,0,0,0,0,0.00154320987654321,1,0,0,0,0,0,0.00316957210776545,0,0,0.00159744408945687,0,0,1,0,0,0,1,0,0,0.00469483568075117,0,0,0,0.01743264659271,1,0.0123456790123457,0,0,0,0,0,0,0,0,0,0,0,0,0,0,0,0,0,0,0,0,0,0,0,0.992025518341308,0,1,0.00319488817891374,0,0,0,1,0.00161030595813205,0.00155038759689922,0,0,0,0,0.990654205607477,0,0,0,0,0,0,0,0,0,0,0.0125391849529781,1,0,0.0142630744849445,1,0,0.0152671755725191,0.00159235668789809,1,0,0,0,0,0,1,0.0157232704402516,0,0,0,0,0,0,0,0,0,0,0,0,0,0,0,0,0.0016025641025641,0,0.949308755760369,0,0,0,0,0,0,0,0,0,0,0,0,1,0,0.00798722044728434,0,0.94679186228482,0,0,0,0,1,0,0,0,0,0,0,0,0,0,0,1,0,0,0,0,0,0,1,0,0,0,0.00317460317460317,0,0,0,0,1,0,0,0,0,0,0,0,0,0,0,0,0,0.0031201248049922,0,0,0,0,0,0,0,0,0,0,0,0,1,0,0,0,1,0,0.99021207177814,0,0,0,0.995215311004785,0.0077639751552795,0,0,0,0,0,0,0,0,1,0,0.00159235668789809,0,0,0,0,0,0.998397435897436,0,0,0,0,0,0.00638977635782748,0,0.0147299509001637,0.9953125,0,0,0,1,0,0.00157977883096367,0,0,0,1,1,0,0,1,0,0.993589743589744,1,1,0,1,0,0.00158227848101266,0.00462962962962963,0,1,1,0,0,0,0,0.998394863563403,0.02,0,0,0,0,1,0,0,0.00158982511923688,0,1,0,0,0,0.0015600624024961,1,0,0,0,1,0,0,0,0,0,0,0,0,0,0,0.00161812297734628,0,0.992076069730586,0,0,0,0,0.0094488188976378,1,0,0.00317460317460317,0,0,0,0,0,0,0,0,0,1,0,0,0,0.0016366612111293,0,0,0,0,0,0,0,0,0,0.0141509433962264,1,1,0,0,0,0,0,0,0,0,0.0153609831029186,1,0,0.0159235668789809,0,0,1,0,0,0,0.00158982511923688,0,0,0,0,0,0.00323624595469256,0,0,0.0145161290322581,0.028125,0,0,0.990740740740741,0,0,0,0,0,0,0,0.76,0,1,0.00154798761609907,0,0,0,1,0,0,0,0,0,0,1,1,0,0,0,1,0,0,0.570542635658915,0,0,0.00777604976671851,0,0,0,1,0,0,0,0.00605143721633888,0,0,0.989028213166144,0,0,1,0.0015015015015015,0,0,0,1,0.990683229813665,0,0,0,0,0.990476190476191,0.998381877022654,0,0,0,0,0,0,0,0,0.0064,0,0,0.998442367601246,0,1,0,0.150081566068515,0.0015220700152207,0,0,1,0,0,0,1,0,1,0,0,1,0.015552099533437,0,0,0.0016025641025641,0,1,0,0,1,0,0,0,0,0,0,0.00479233226837061,0.00156985871271586,1,0,0.98145285935085,0.0185471406491499,0,0,0,0,0,0.910798122065728,0,0,0,0,0,0,0,1,1,0,1,0,0.998422712933754,0,0,0,0,0,0.9984375,0,0,0,0,0,0,0,0,0,0,0,0,0,0,1,0,0.0208,0,0.0358255451713396,0,0,0.00613496932515337,0,0.00162074554294976,0,0,0,0,0,0,0,0,0.00315457413249211,0.990853658536585,0,0,1,0,1,0,1,0,0,0,0,0,0.00159235668789809,0,0.0174603174603175,1,1,0,0,0,1,1,0,0,0,1,0,1,0,0,0.0356564019448947,0,1,0,0,0,0,0,0,0,0.891167192429022,0,1,0,0.993730407523511,0,0,0.365384615384615,1,1,0.0015600624024961,0,0.00920245398773006,0,0,0,0,0,1,0,0,1,0,0,0,0.960505529225908,0,0,0,0,0,0,0,0,0,1,0,0,0.998430141287284,1,0,1,0,0,0,0,0,0.00320512820512821,0.00315955766192733,0,0.953632148377125,0,0.89983844911147,0.975,1,0.151757188498403,0,0,0.00615384615384615,0,0.954041204437401,0.948916408668731,0,0.974842767295597,0.99347471451876,0.946624803767661,0.970588235294118,0.943661971830986,0,0.9671875,0,0,0.957142857142857,0,0.927131782945736,0,0.055205047318612,0,0
"13",0.558359621451104,0.564341085271318,0.595712098009188,0.641269841269841,0.585483870967742,0.573482428115016,0.613564668769716,0.602201257861635,0.557077625570776,0,0.572327044025157,0,1,0.570747217806041,0.474763406940063,0.453560371517028,0,0.0126182965299685,0.573033707865168,0.575153374233129,0.508527131782946,0.446945337620579,0.562403697996918,0,0.583333333333333,0.609717868338558,0.469291338582677,0.546899841017488,0.610606060606061,0.611026033690659,0.433641975308642,0.727987421383648,0.693163751987281,0.5125,0,0.56269592476489,0.0203125,0.55968992248062,0.571214392803598,0.587692307692308,0.00159744408945687,0.00934579439252336,0.0031496062992126,0.554848966613672,0.63961038961039,0.456556082148499,0.668261562998405,0.433281004709576,0.594180704441041,0.492378048780488,0,0.565354330708661,0.531446540880503,0.56386292834891,0.60223642172524,0.536624203821656,0,0.57097288676236,0.564263322884012,0.683881064162754,0.5265625,0.598755832037325,0.432907348242812,0,0.596463022508039,0.615146831530139,0,0.556259904912837,0,0.426751592356688,0.574534161490683,0.419003115264797,0.43167701863354,0.552307692307692,0,0.648773006134969,0.458588957055215,0.637770897832817,0.63258785942492,0.586319218241042,0,0.707317073170732,0.636792452830189,0.56793893129771,0.499231950844854,0.624233128834356,0.558282208588957,0.574766355140187,0.578947368421053,0.00152671755725191,0.571207430340557,0.563579277864992,0,0,0.584,0,0.56832298136646,0.568965517241379,0.00461538461538462,0.00630914826498423,0.6640625,0,0.58161648177496,0.566302652106084,0.493939393939394,0.557692307692308,0.003125,0.581903276131045,0.446909667194929,0.428120063191153,0.43125,0.599056603773585,0.591263650546022,0.567398119122257,0,0.593167701863354,0.726006191950464,0,0.446153846153846,0.537124802527646,0,0.712732919254658,0.578864353312303,0.464454976303318,0.575663026521061,0.517940717628705,0.562596599690881,0.568503937007874,0,0.630030959752322,0.611464968152866,0.591482649842271,0.565768621236133,0,0.58161648177496,0.445454545454545,0,0.548076923076923,0.6875,0.621019108280255,0,0,0.576086956521739,0.648233486943164,0.548489666136725,0.554502369668246,0.43956043956044,0.609034267912773,0.6203125,0.571860816944024,0.5136,0.576138147566719,0.565079365079365,0.607476635514019,0.559875583203733,0.427432216905901,0.567026194144838,0.438485804416404,0,0.627358490566038,0.633738601823708,0.569422776911076,0.447166921898928,0,0.57032457496136,0.607142857142857,0.573743922204214,0.573619631901841,0.5640625,0.508270676691729,0.583975346687211,0.431464174454829,0.576923076923077,0.449165402124431,0.624801271860095,0.642301710730949,0,0.5796875,0,0.618380062305296,0.561622464898596,0.501602564102564,0.580343213728549,0.608424336973479,0.571212121212121,0.560490045941807,0.498452012383901,0.601538461538462,0.599041533546326,0.598387096774194,0.466458658346334,0.44031007751938,0.57556270096463,0.596573208722741,0,0,0.615625,0.00155038759689922,0.550613496932515,0.570542635658915,0.607655502392344,0.639016897081413,0.566615620214395,0.587955625990491,0.574303405572755,0.578125,0.600311041990669,0.60031847133758,0.654377880184332,0,0.584251968503937,0.54414125200642,0.593301435406699,0.43125,0.51840490797546,0.631083202511774,0.576138147566719,0.573820395738204,0.702060221870048,0.566978193146417,0.63265306122449,0,0.537007874015748,0.638330757341577,0.558176100628931,0,0.570121951219512,0.579268292682927,0.637658227848101,0.605263157894737,0.5625,0.570739549839228,0.586854460093897,0,0.599085365853659,0.677672955974843,0.581059390048154,0.437795275590551,0.605182926829268,0.561320754716981,0.548686244204019,0.59717868338558,0.591185410334346,0.434231378763867,0.582417582417582,0.669218989280245,0.434848484848485,0.425954198473282,0.511923688394277,0.444270015698587,0.519354838709677,0.608294930875576,0.4375,0.433641975308642,0.44375,0.621580547112462,0.480830670926518,0.578274760383387,0.00313971742543171,0.424050632911392,0,0.537735849056604,0.5744,0.566246056782334,0.606531881804043,0,0.632,0.591117917304747,0.721617418351477,0.697996918335901,1,0.565560821484992,0.0031055900621118,0.546899841017488,0.478125,0.710651828298887,0.598746081504702,0.44822256568779,0.615863141524106,0.434645669291339,0.49922480620155,0.556574923547401,0.56957928802589,0.603559870550162,0,0.605546995377504,0.606299212598425,0,0.426791277258567,0.602739726027397,0.582677165354331,0,0.453834115805947,0.433846153846154,0.577669902912621,0.753225806451613,0.448717948717949,0,0.596875,0.583465818759936,0.655487804878049,0.605783866057839,0.625786163522013,0.589230769230769,0.446708463949843,0.581538461538462,0.551401869158878,0.44391785150079,0.60596546310832,0.5671875,0.56957928802589,0.572964669738863,0.550702028081123,0.547546012269939,0.574102964118565,0.576736672051696,0.596122778675283,0.0279503105590062,0.557324840764331,0.579029733959311,0.550231839258114,0.554887218045113,0.572530864197531,0.564945226917058,0.596875,0.648264984227129,0.552795031055901,0.534700315457413,0.599071207430341,0.564263322884012,0,0.574500768049155,0.602543720190779,0.443037974683544,0.0348484848484849,0.426829268292683,0.593700787401575,0.431432973805855,0.428571428571429,0,0.572100313479624,0.568965517241379,0.468553459119497,0.585760517799353,0.59717868338558,0.580441640378549,0.58161648177496,0.590322580645161,0.640944881889764,0.607431340872375,0,0.639498432601881,0.445966514459665,0.452599388379205,0.542056074766355,0.568690095846645,0.443585780525502,0,0.574730354391371,0.434715821812596,0.463722397476341,0.707740916271722,0.56828885400314,0.583732057416268,0.554828150572831,0.565008025682183,0,0.570796460176991,0.429447852760736,0.56468797564688,0.628125,0.5625,0.453396524486572,0.571207430340557,0.416798732171157,0.597809076682316,0.654281098546042,0.576631259484067,0.576323987538941,0.56828885400314,0.578125,0.563380281690141,0.570987654320988,0.439024390243902,0.443410852713178,0.559241706161137,0.567441860465116,0.601550387596899,0.574303405572755,0.580592105263158,0.61633281972265,0.545595054095827,0,0.4928,0.570977917981073,0.440944881889764,0,0.58307210031348,0.00477707006369427,0.474015748031496,0.563467492260062,0.586046511627907,0.00158227848101266,0.638668779714738,0.665615141955836,0.57784911717496,0.432216905901116,0.609448818897638,0.558544303797468,0.582018927444795,0.614906832298137,0.693163751987281,0,0.531645569620253,0.575277337559429,0.572784810126582,0.670347003154574,0.562305295950156,0.552459016393443,0.453689167974882,0.00153374233128834,0.572317262830482,0.5796875,0.601866251944012,0.656877897990726,0.440570522979398,0.634645669291339,0.556942277691108,0.499189627228525,0.00465116279069767,0.629160063391442,0.598101265822785,0.642414860681115,0,0.571884984025559,0.622670807453416,0.636785162287481,0.672839506172839,0.483383685800604,0,0,0.552870090634441,0.569230769230769,0,0.604724409448819,0.00317460317460317,0,0,0.574102964118565,0,0.584935897435897,0.593059936908517,0.603395061728395,0.55521472392638,0,0,0.565420560747664,0.601208459214502,0.662519440124417,0.447166921898928,0.00162074554294976,0.602134146341463,0.608628659476117,0.563779527559055,0.673374613003096,0.596214511041009,0,0.573899371069182,0.449044585987261,0.614533965244866,0.474921630094044,0,0.439577039274924,0.486443381180223,0.557213930348259,0.57032457496136,0,0.61280487804878,0.572755417956656,0.558641975308642,0,0.481832543443918,0.558333333333333,0.435980551053485,0.563076923076923,0.56859756097561,0.432766615146832,0.554517133956386,0.583975346687211,0.613458528951487,0.435458786936236,0.519354838709677,0.592823712948518,0.00317965023847377,0.44251968503937,0.582945736434109,0.451923076923077,0.660855784469097,0.591194968553459,0,0.483568075117371,0.723472668810289,0.575193798449612,0.5765625,0.440251572327044,0.540123456790123,0.574013157894737,0.583717357910906,0.655015197568389,0.584251968503937,0.65149136577708,0,0.575153374233129,0.428571428571429,0.546728971962617,0.615136876006441,0.428571428571429,0.54531490015361,0.582938388625592,0.547021943573668,0.686915887850467,0.567692307692308,0.498417721518987,0.537007874015748,0.571651090342679,0.612055641421947,0,0,0.573717948717949,0.588235294117647,0.437096774193548,0.587096774193548,0.579192546583851,0.6046875,0.595505617977528,0.613924050632911,0.60061919504644,0,0.569620253164557,0.575899843505477,0.570542635658915,0.56984126984127,0,0.605633802816901,0.60126582278481,0.440494590417311,0.618897637795276,0.598425196850394,0.634586466165414,0.67515923566879,0.576452599388379,0.531437125748503,0.572337042925278,0.580495356037152,0.600624024960998,0.583732057416268,0.461658841940532,0.570093457943925,0.557959814528594,0.0031055900621118,0.62691131498471,0.565217391304348,0.577464788732394,0.708722741433022,0.557275541795666,0.602503912363067,0.568992248062016,0.127131782945736,0.441558441558442,0,0.684952978056426,0.43581616481775,0.423676012461059,0.580495356037152,0,0.566358024691358,0.662576687116564,0.550387596899225,0.556748466257669,0.564668769716088,0.435534591194969,0,0,0.52755905511811,0.463492063492064,0.522906793048973,0,0.430817610062893,0.552795031055901,0.194528875379939,0.559429477020602,0.574568288854003,0.635239567233385,0.579617834394904,0.655384615384615,0.616564417177914,0,0.564102564102564,0.601880877742947,0.592767295597484,0.614567526555387,0.566820276497696,0.574074074074074,0.0031201248049922,0.599071207430341,0.606106870229008,0,0.586102719033233,0.4453125,0.556982343499197,0.551020408163265,0,0.00306748466257669,0.625199362041467,0.708006279434851,0.43613707165109,0.509493670886076,0.00467289719626168,0.00161030595813205,0.615844544095665,0.45141065830721,0.556836902800659,0.584355828220859,0.565284178187404,0.432721712538226,0.5515625,0.622257053291536,0.657051282051282,0.483091787439614,0.444444444444444,0.00155763239875389,0.456556082148499,0,0.576687116564417,0.381260096930533,0.577211394302849,0.44375,0.568,0,1,0.617784711388456,0.562403697996918,0,0.573820395738204,0,0.59775641025641,0.569444444444444,0,0.637904468412943,0.566929133858268,0.670906200317965,0.598425196850394,0.44945567651633,0,0.552995391705069,0.559429477020602,0,0.724137931034483,0.425113464447806,0.441221374045802,0.559618441971383,0.571656050955414,0.577039274924471,0.566718995290424,0.5808,0,0.56418383518225,0.0108359133126935,0.592248062015504,0.582298136645963,0.561349693251534,0.56418383518225,0.567651632970451,0.558599695585997,0.0551301684532925,0.460691823899371,0.568659127625202,0.589783281733746,0.628482972136223,0.575384615384615,0.569659442724458,0.6,0,0,0.564759036144578,0,0.510869565217391,0,0.585516178736518,0.557142857142857,0.575320512820513,0.491525423728814,0.615873015873016,0.0015552099533437,0.484326018808777,0.5765625,0.565217391304348,0.618012422360248,0.612951807228916,0.597345132743363,0.530674846625767,0.673076923076923,0.419504643962848,0.496904024767802,0.63275039745628,0.53125,0.630699088145897,0.44,0,0.427457098283931,0.582802547770701,0.564308681672026,0.585023400936037,0.557575757575758,0.640746500777605,0.646511627906977,0.561162079510703,0.600321027287319,0.568938193343899,0.57097288676236,0.579439252336449,0.658267716535433,0.624806201550388,0.554330708661417,0.45,0.429663608562691,0.661442006269592,0.00452488687782805,0.567901234567901,0.547140649149923,0,0.501612903225806,0,0.603448275862069,0,0.56859756097561,0.566037735849057,0.441896024464832,0.619718309859155,0.553846153846154,0.618441971383148,0.612903225806452,0.604133545310016,0,0,0.602627257799672,0.602102102102102,0.575235109717868,0,0,0.443381180223285,0.532307692307692,0.5546875,0,0.673343605546995,0,0.584,0.565560821484992,0.477917981072555,0.63849765258216,0,0.5936,0.638198757763975,0.590909090909091,0.589147286821705,0.628659476117103,0.438485804416404,0.589257503949447,0.0499219968798752,0.560192616372392,0,0.570552147239264,0.00312989045383412,0.561093247588424,0.443396226415094,0.293375394321767,0,0,0.724137931034483,0.592532467532468,0.595092024539877,0.591117917304747,0.440366972477064,0.420221169036335,0.59904912836767,0.614457831325301,0,0.453834115805947,0.578199052132701,0,0.5814696485623,0.590769230769231,0.477379095163807,0.0250783699059561,0.4328125,0.554054054054054,0.611635220125786,0.508634222919937,0.580385852090032,0.497674418604651,0.66068515497553,0.468702290076336,0.5734375,0,0.63751987281399,0.570769230769231,0.0031496062992126,0,0.439509954058193,0,0.444961240310077,0.568111455108359,0.6176,0.431279620853081,0.420221169036335,0.638263665594855,0.588785046728972,0.606201550387597,0.0290964777947933,0.426517571884984,0.057784911717496,0.0186915887850467,0,0.37245696400626,0.433734939759036,0.432646592709984,0.441717791411043,0.43558282208589,0.029874213836478,0.036979969183359,0.435857805255023,0.0221518987341772,0.00805152979066022,0.0346456692913386,0.0231124807395994,0.0338983050847458,0.458658346333853,0.0230769230769231,0.447325769854133,0.452380952380952,0.0284810126582278,0.438080495356037,0.0395136778115502,0.43701399688958,0.419906687402799,0.430534351145038,0.44031007751938
"14",0.9968,1,0.968847352024922,0.935960591133005,0.981907894736842,1,0.888888888888889,0.972843450479233,1,0,1,0,0.570747217806041,1,0.04,0.00963081861958266,0,0.0142630744849445,0.996715927750411,0.982343499197432,0.1584,0.0360655737704918,0.989010989010989,0,0.949286846275753,0.256077795786062,0.102106969205835,0.988505747126437,0.460443037974684,0.679365079365079,0,0.688888888888889,0.753694581280788,0.280193236714976,0,1,0.0170807453416149,0.995283018867924,0.251920122887865,0.900158478605388,0.00162074554294976,0.0158227848101266,0.00634920634920635,1,0.783112582781457,0.0222929936305732,0.523424878836834,0,0.460829493087558,0.126934984520124,0,0.993589743589744,0.262987012987013,1,0.876823338735819,0.15609756097561,0,0.978896103896104,0.957074721780604,0.900158478605388,0.293185419968304,0.420970266040689,0,0,0.905073649754501,0.841017488076312,0,0.990353697749196,0,0,0.866043613707165,0.008,0.0143312101910828,1,0,0.702830188679245,0.0391236306729265,0.564945226917058,0.893267651888342,0.255932203389831,0,0.689984101748808,0.21993670886076,1,0.107255520504732,0.903276131045242,0.995268138801262,0.96969696969697,0.961965134706815,0.00928792569659443,0.985691573926868,1,0,0,0.973898858075041,0,0.297637795275591,0.979462875197472,0.00783699059561128,0.00967741935483871,0.617460317460317,0,0.286871961102107,1,0.0907668231611894,1,0.00805152979066022,0.974643423137876,0,0.00964630225080386,0.00480769230769231,0.909090909090909,0.308681672025723,0.991961414790997,0,0.984202211690363,0.704838709677419,0,0,0.231391585760518,0,0.7568,0.246835443037975,0.0780487804878049,0.973228346456693,0.152380952380952,0.998430141287284,0.995192307692308,0,0.536624203821656,0.93719806763285,0.487883683360259,0.988467874794069,0,0.993421052631579,0.0189274447949527,0,0.208333333333333,0.639553429027113,0.512479201331115,0,0,0.974603174603175,0.757097791798107,0.178981937602627,1,0.00324149108589951,0.923809523809524,0.405144694533762,0.975270479134467,0.123577235772358,0.982371794871795,1,0.836012861736334,0.995215311004785,0,1,0,0,0.739482200647249,0.861370716510903,0.980891719745223,0.0126382306477093,0,1,0.448675496688742,1,1,1,0.285053929121726,0.971563981042654,0.00158478605388273,0.948517940717629,0,0.892156862745098,0.38375796178344,0,0.983974358974359,0,0.851968503937008,1,0.118210862619808,0.980952380952381,0.950479233226837,0.989197530864197,0.977917981072555,0.0873015873015873,0.362928348909657,0.929508196721311,0.943801652892562,0.0558213716108453,0.00470219435736677,0.97741935483871,0.856466876971609,0,0,0.293269230769231,0.00159489633173844,1,0.234920634920635,0.871175523349436,0.7671875,0.987538940809969,0.427884615384615,0.434231378763867,0.287096774193548,0.910828025477707,0.9664,0.8703125,0,0.881141045958796,0.165845648604269,0.937806873977087,0,0.073208722741433,0.527070063694268,0.97427652733119,0.976303317535545,0.817152103559871,0.998397435897436,0.8912,0,0.0725806451612903,0.660377358490566,0.995121951219512,0,0.990551181102362,0.9828125,0.5424,0.545886075949367,0.992012779552716,1,0.359424920127796,0,0.884012539184953,0.524271844660194,0.970049916805324,0,0.957680250783699,0.998389694041868,1,0.951298701298701,0.52276295133438,0.00163132137030995,0.96656050955414,0.549363057324841,0.00156985871271586,0.00155763239875389,0.2,0,0.138933764135703,0.663536776212833,0,0.00316957210776545,0.00321543408360129,0.581143740340031,0.042833607907743,0.98546042003231,0.0113085621970921,0,0,0.213716108452951,1,0.97752808988764,0.903937007874016,0,0.864686468646865,0.869426751592357,0.678571428571429,0.6016,0.460547504025765,0.446428571428571,0.00950871632329636,1,0.0854430379746835,0.688741721854305,0.96,0.0078740157480315,0.741935483870968,0.00161290322580645,0.109697933227345,1,1,0.895174708818636,0,0.621664050235479,0.881685575364668,0,0,0.896496815286624,0.979166666666667,0,0.00159235668789809,0,0.97708674304419,0.889070146818923,0,0,0.381180223285486,0.98705501618123,0.792778649921507,0.376602564102564,0.651612903225806,0.952681388012618,0.00317460317460317,1,1,0.00638977635782748,0.965299684542587,1,0.973684210526316,0.998394863563403,0.187800963081862,0.315372424722662,0.280448717948718,0.975845410628019,0.939542483660131,0.046031746031746,0.259259259259259,0.972712680577849,0.154330708661417,0.290123456790123,0.995290423861852,0.996789727126806,0.9632,0.692307692307692,0.996860282574568,0.245980707395498,0.966666666666667,0.998389694041868,0,0.315541601255887,0.547967479674797,0.0158730158730159,0.0490506329113924,0.00934579439252336,0.9072,0.0251572327044025,0,0,0.225755166931638,0.99185667752443,0.0673981191222571,0.985123966942149,0.968051118210863,0.987075928917609,0.279293739967897,0.276666666666667,0.670988654781199,0.452420701168614,0,0.824175824175824,0.0078740157480315,0.035548686244204,0.1875,1,0.00157728706624606,0,0.332807570977918,0.0110236220472441,0.0222222222222222,0.478190630048465,1,0.262135922330097,1,0.968,0,0.992458521870287,0,0.998454404945904,0.826984126984127,1,0.00958466453674121,0.978361669242658,0,0.881329113924051,0.707920792079208,0.954186413902054,0.988871224165342,0.9968,0.28503937007874,0.965686274509804,1,0,0.0190174326465927,1,1,0.31687898089172,0.87758346581876,0.960526315789474,0.952681388012618,1,0,0.112903225806452,1,0.00160771704180064,0,0.963081861958267,0.00980392156862745,0.042483660130719,1,0.96656050955414,0.00323101777059774,0.6198738170347,0.424679487179487,0.980360065466448,0.00161812297734628,0.861290322580645,0.996742671009772,0.363636363636364,0.592709984152139,0.781553398058252,0,0.151273885350318,0.974193548387097,0.99837925445705,0.460063897763578,1,0.974315068493151,0.024,0.00159744408945687,0.982511923688394,0.996768982229402,0.952076677316294,0.68266253869969,0.00807754442649435,0.855305466237942,0.238546603475513,0.171381031613977,0.00786163522012579,0.616639477977161,0.611023622047244,0.6,0,0.273752012882448,0.907051282051282,0.625786163522013,0.515974440894569,0.0732824427480916,0,0,1,0.976525821596244,0,0.92,0.0112179487179487,0,0,0.998384491114701,0,1,0.755555555555556,0.516535433070866,1,0,0,0.9936,0.962848297213622,0.713607594936709,0,0.0032626427406199,0.874418604651163,0.592,1,0.535321821036107,0.331723027375201,0,0.981191222570533,0,0.955271565495208,0.0885668276972625,0,0.00933125972006221,0.103559870550162,0.50584307178631,0.973186119873817,0,0.953125,0.971518987341772,1,0,0.0666666666666667,0.933104631217839,0.00496688741721854,1,1,0.00949367088607595,1,0.289556962025316,0.807383627608347,0.00473186119873817,0.151067323481117,0.9616,0.00969305331179321,0,0.970172684458399,0.00655737704918033,0.640522875816993,0.36248012718601,0,0.108626198083067,0.73257698541329,0.261829652996845,0.973015873015873,0,0.142628205128205,0.451666666666667,0.945736434108527,0.882352941176471,0.962783171521036,0.746293245469522,0,0.979527559055118,0,0.971246006389776,0.390082644628099,0,1,1,1,0.634920634920635,0.985714285714286,0.112012987012987,0.177993527508091,0.939102564102564,0.871835443037975,0,0,0.990306946688207,0.938842975206612,0.0128617363344051,0.982200647249191,0.99194847020934,0.357827476038339,0.930645161290323,0.729641693811075,0.882260596546311,0,0.967479674796748,0.33495145631068,1,0.998394863563403,0,0.6288,0.975490196078431,0,0.663446054750403,0.370786516853933,0.785493827160494,0.674157303370786,0.952012383900929,0.0839813374805599,0.981878088962109,1,0.982428115015974,0.294019933554817,0.0874403815580286,0.988906497622821,1,0.00628930817610063,0.785046728971963,0.4672,0.2491961414791,0.760450160771704,1,0.878836833602585,1,0.12280701754386,0,0,0.809825673534073,0.0016025641025641,0,0.256692913385827,0,0.987158908507223,0.905511811023622,0.998392282958199,0.993670886075949,0.088,0,0,0,0.155591572123177,0.0645161290322581,0.157303370786517,0,0,1,0.00927357032457496,0.289644012944984,1,0.588697017268446,0.9744,0.641838351822504,0.639625585023401,0,1,0.374592833876221,0.486970684039088,0.922360248447205,0.988924050632911,0.379968203497615,0.00955414012738853,0.94896331738437,0.953488372093023,0,0.964285714285714,0.014446227929374,0.986885245901639,0.426332288401254,0,0.0094488188976378,0.505804311774461,0.839344262295082,0,0.127450980392157,0.0128824476650564,0.00166389351081531,0.746130030959752,0.024,1,0.302215189873418,0.993690851735016,0,0.379968203497615,0.321895424836601,0.858075040783034,0.104918032786885,0.00318471337579618,0.0032,0.0441176470588235,0,0.993817619783617,0.0365448504983389,0.976958525345622,0.00483870967741936,1,0,0.524691358024691,0.453376205787781,1,0,0.998447204968944,0,0.390365448504983,0.987460815047022,0,0.643423137876387,0.977564102564103,0.739336492890995,0.950080515297907,0.0358814352574103,0,1,0.250809061488673,0,0.685805422647528,0,0.0142405063291139,1,1,0.990654205607477,0.969404186795491,0.980582524271845,0,0.982286634460548,0.0205371248025276,0.34748427672956,0.270142180094787,0.990595611285266,0.990476190476191,0.995334370139969,0.992076069730586,0.0573248407643312,0.015748031496063,0.981757877280265,0.957074721780604,0.712948517940718,0.974803149606299,1,0.971153846153846,0,0,0.984567901234568,0,0.0704,0,0.958466453674121,0.270181219110379,0.207455429497569,0.114551083591331,0.9248,0,0.0955414012738854,1,1,0.630470016207455,0.408320493066256,0.210769230769231,0.173166926677067,0.655948553054662,0,0.106583072100313,0.538095238095238,0.255216693418941,0.696062992125984,0.0127388535031847,0,0,0.322475570032573,1,0.621664050235479,0.215625,0.607655502392344,0.867601246105919,0.987596899224806,0.955592105263158,0.9776,1,1,0.547504025764895,0.401574803149606,1,0.0061633281972265,0.00614439324116743,0.868670886075949,0.00940438871473354,1,0.973015873015873,0,0.11437908496732,0,0.946031746031746,0,0.971653543307087,1,0.00782472613458529,0.8336,1,0.652173913043478,0.607655502392344,0.879807692307692,0,0,0.927487352445194,0.939907550077042,0.985759493670886,0,0,0,0.228346456692913,0.502369668246445,0,0.44888178913738,0,0.925686591276252,1,0.149837133550489,0.238924050632911,0,0.345718901453958,0.595161290322581,0.859424920127795,0.963779527559055,0.772655007949126,0,0.988599348534202,0.0142857142857143,1,0,0.981279251170047,0.00794912559618442,1,0.0176565008025682,0.00978792822185971,0,0,0.820919175911252,0.923824959481361,0.94006309148265,0.713841368584759,0.0216383307573416,0.00480769230769231,0.840836012861736,0.834365325077399,0,0.0112903225806452,0.97007874015748,0,0.985413290113452,0.9546875,0.0569620253164557,0.0443740095087163,0.00162074554294976,1,0.453355155482815,0.076555023923445,0.103109656301146,0.105511811023622,0.681229773462783,0.0926216640502355,1,0,0.758957654723127,0.979462875197472,0.00480769230769231,0,0,0,0,1,0.707993474714519,0,0,0.536115569823435,0.957928802588997,0.424528301886792,0.0438871473354232,0.00164203612479475,0.0510708401976936,0.0159235668789809,0,0.0305466237942122,0.0015527950310559,0.00158982511923688,0.00625,0,0.0466237942122186,0.056782334384858,0.0158730158730159,0.0191693290734824,0.00492610837438424,0.0269413629160063,0.0235478806907378,0.0558213716108453,0.00797448165869218,0.0224358974358974,0,0.00324149108589951,0.0422077922077922,0.00643086816720257,0.021978021978022,0,0.0265625,0.0015527950310559,0.00159489633173844
"15",0.0400641025641026,0.0384615384615385,0.0704441041347626,0.102564102564103,0.0551948051948052,0.0457516339869281,0.136363636363636,0.0686427457098284,0.0432098765432099,0,0.0383435582822086,0,0.474763406940063,0.04,1,0.951104100946372,0,0.0015625,0.0447284345047923,0.0619195046439628,0.830745341614907,0.930868167202572,0.0526315789473684,0,0.0859375,0.732594936708861,0.856240126382307,0.045016077170418,0.57469512195122,0.358461538461538,0.957120980091884,0.362637362637363,0.289308176100629,0.703761755485893,0,0.0432,0.00927357032457496,0.046583850931677,0.744712990936556,0.135514018691589,0,0,0,0.0448,0.258426966292135,0.945945945945946,0.501577287066246,0.959119496855346,0.554033485540335,0.865443425076453,0,0.0474683544303797,0.738317757009346,0.0409448818897638,0.134375,0.822503961965135,0,0.0714285714285714,0.078125,0.152647975077882,0.705790297339593,0.60061919504644,0.956043956043956,0,0.146067415730337,0.220183486238532,0,0.0498442367601246,0,0.956730769230769,0.185758513931889,0.95748031496063,0.939586645468998,0.0432098765432099,0,0.347560975609756,0.933539412673879,0.472527472527473,0.146263910969793,0.752883031301483,0,0.344236760124611,0.795107033639144,0.0385802469135802,0.872472783825817,0.130769230769231,0.0445468509984639,0.080370942812983,0.0822981366459627,0,0.0527156549520767,0.0414110429447853,0,0,0.0625,0,0.695517774343122,0.0632716049382716,0,0,0.411111111111111,0,0.71405750798722,0.0488958990536278,0.877272727272727,0.0428571428571429,0,0.0580847723704867,0.957006369426752,0.954041204437401,0.953775038520801,0.118296529968454,0.695987654320988,0.046583850931677,0,0.0546875,0.351766513056836,0,0.958139534883721,0.765625,0,0.291798107255521,0.748031496062992,0.886914378029079,0.0684292379471229,0.833590138674884,0.0418604651162791,0.0403726708074534,0,0.486902927580894,0.11214953271028,0.509493670886076,0.0526315789473684,0,0.0461049284578696,0.934150076569678,0,0.794303797468354,0.394984326018809,0.506472491909385,0,0,0.0595611285266458,0.283699059561129,0.820967741935484,0.0391236306729265,0.953271028037383,0.127329192546584,0.634304207119741,0.0583717357910906,0.862559241706161,0.0499219968798752,0.0429936305732484,0.2,0.0401234567901235,0.958730158730159,0.0388802488335925,0.95968992248062,0,0.316957210776545,0.156626506024096,0.0599369085173502,0.942901234567901,0,0.0414110429447853,0.579113924050633,0.0399361022364217,0.0403100775193798,0.0385208012326656,0.68960244648318,0.0661417322834646,0.962264150943396,0.0918836140888208,0.959459459459459,0.14576802507837,0.642745709828393,0,0.0514018691588785,0,0.190251572327044,0.0424528301886792,0.895238095238095,0.0662557781201849,0.0881889763779528,0.043609022556391,0.0704441041347626,0.875,0.668195718654434,0.116504854368932,0.107936507936508,0.933649289099526,0.965785381026439,0.0631911532385466,0.15919629057187,0,0,0.720379146919431,0,0.0323076923076923,0.756508422664625,0.13946117274168,0.277862595419847,0.0572755417956656,0.589540412044374,0.568778979907264,0.704180064308682,0.126959247648903,0.062992125984252,0.162826420890937,0,0.152380952380952,0.817307692307692,0.0995260663507109,0.9578125,0.914596273291925,0.489827856025039,0.0666666666666667,0.0675883256528418,0.222047244094488,0.0417956656346749,0.15541601255887,0,0.91692789968652,0.389649923896499,0.0400641025641026,0,0.0445468509984639,0.057315233785822,0.47900466562986,0.489891135303266,0.0516431924882629,0.0434083601286174,0.632075471698113,0,0.136085626911315,0.513428120063191,0.0707395498392283,0.963133640552995,0.0895061728395062,0.0451010886469673,0.0452418096723869,0.0909090909090909,0.5,0.95625,0.06875,0.482919254658385,0.957575757575758,0.954407294832827,0.780757097791798,0.956043956043956,0.846153846153846,0.359253499222395,0.962025316455696,0.951713395638629,0.952012383900929,0.462365591397849,0.924071082390953,0.0556438791732909,0,0.956521739130435,0,0.779874213836478,0.0429252782193959,0.0654205607476635,0.140378548895899,0,0.167731629392971,0.191588785046729,0.372641509433962,0.436708860759494,0.563182527301092,0.5456,0,0.0349206349206349,0.89060092449923,0.346341463414634,0.0768025078369906,0.946875,0.30564263322884,0.962616822429907,0.861801242236025,0.033587786259542,0.0422764227642276,0.1312,0,0.408256880733945,0.141732283464567,0,0.957251908396947,0.132716049382716,0.065625,0,0.950233281493002,0.952380952380952,0.0556438791732909,0.1669341894061,0.954248366013072,0,0.622464898595944,0.0490506329113924,0.255417956656347,0.656832298136646,0.3968,0.0816640986132511,0.946708463949843,0.0412844036697248,0.0373250388802488,0.953271028037383,0.0819165378670788,0.0458860759493671,0.0688,0.0442748091603053,0.797147385103011,0.684292379471229,0.725118483412322,0.0653907496012759,0.0909090909090909,0.00153609831029186,0.733124018838305,0.0642633228840125,0.846273291925466,0.707317073170732,0.0425867507886435,0.0529695024077047,0.0717628705148206,0.354943273905997,0.0382262996941896,0.758241758241758,0.0773993808049536,0.0470957613814757,0,0.692901234567901,0.459807073954984,0.940717628705148,0.00308641975308642,0.94954128440367,0.135593220338983,0.937888198757764,0.9546875,0,0.765891472868217,0.0507936507936508,0.904984423676013,0.058252427184466,0.0709876543209877,0.0411392405063291,0.727272727272727,0.729335494327391,0.371294851794072,0.581320450885668,0,0.227488151658768,0.948091603053435,0.923664122137405,0.789719626168224,0.0443037974683544,0.950617283950617,0,0.683641975308642,0.95,0.957074721780604,0.553125,0.0378548895899054,0.738095238095238,0.0420711974110032,0.0758513931888545,0,0.0518518518518519,0.959752321981424,0.0424886191198786,0.222047244094488,0.0388349514563107,0.946372239747634,0.0647149460708783,0.954828660436137,0.162717219589258,0.34775641025641,0.0980091883614089,0.0639269406392694,0.0394321766561514,0.706708268330733,0.0800627943485086,0.0368663594470046,0.955589586523737,0.940809968847352,0.0312989045383412,0.0500782472613459,0.696594427244582,0.160990712074303,0.0846905537459283,0.0950920245398773,0.035548686244204,0,0.854660347551343,0.0421875,0.955625990491284,0,0.0788643533123028,0,0.921875,0.036697247706422,0.0705329153605016,0,0.39047619047619,0.599364069952305,0.0576923076923077,0.957345971563981,0.180952380952381,0.0461783439490446,0.653061224489796,0.4399375975039,0.266666666666667,0,0.835182250396197,0.0673981191222571,0.0423197492163009,0.585780525502318,0.0421216848673947,0.0602605863192182,0.942457231726283,0,0.0626959247648903,0.0470219435736677,0.0989010989010989,0.366003062787136,0.95253164556962,0.163265306122449,0.767801857585139,0.79734219269103,0,0.44408945686901,0.421296296296296,0.421052631578947,0,0.734177215189873,0.136507936507936,0.416536661466459,0.517450682852807,0.896813353566009,0,0,0.0375375375375375,0.0690184049079755,0,0.118195956454121,0,0,0,0.0362204724409449,0,0.0415335463258786,0.278740157480315,0.498489425981873,0.0442073170731707,0,0,0.0484375,0.0776255707762557,0.337442218798151,0.961832061068702,0,0.134883720930233,0.447368421052632,0.0456692913385827,0.493023255813954,0.680511182108626,0,0.0564263322884013,0.962479608482871,0.0883280757097792,0.883942766295707,0,0.953846153846154,0.875981161695447,0.517857142857143,0.062015503875969,0,0.0949464012251149,0.0674846625766871,0.0446153846153846,0,0.896331738437002,0.0998336106489185,0.953947368421053,0.0428790199081164,0.0430769230769231,0.951181102362205,0.0385802469135802,0.717628705148206,0.25194401244168,0.947619047619048,0.819354838709677,0.0876369327073552,0,0.956112852664577,0.065015479876161,0.953674121405751,0.393987341772152,0.628389154704944,0,0.874613003095975,0.298217179902755,0.736760124610592,0.061128526645768,0.95583596214511,0.841538461538462,0.560855263157895,0.0940819423368741,0.166921898928025,0.0755905511811024,0.30503144654088,0,0.0554699537750385,0.957120980091884,0.071875,0.62760834670947,0.954198473282443,0.0462962962962963,0.042654028436019,0.0420560747663551,0.391236306729264,0.054858934169279,0.869291338582677,0.802215189873418,0.0937019969278034,0.147744945567652,0,0,0.0491283676703645,0.105348460291734,0.957613814756672,0.0576,0.0517241379310345,0.666153846153846,0.1104,0.311912225705329,0.131498470948012,0,0.0770440251572327,0.67192429022082,0.0393700787401575,0.0425196850393701,0,0.40625,0.0666666666666667,0.955696202531646,0.347068145800317,0.650231124807396,0.24390243902439,0.350877192982456,0.0754147812971342,0.901840490797546,0.055379746835443,0.0422535211267606,0.055205047318612,0.687600644122383,0.853312302839117,0.0516431924882629,0.0415384615384615,0,0.260188087774295,0.562596599690881,0.753894080996885,0.286604361370716,0.040625,0.171296296296296,0.0391236306729265,0.107197549770291,0.963875205254516,0,0.220634920634921,0.963549920760697,0.962323390894819,0.75195007800312,0,0.049306625577812,0.138036809815951,0.0503937007874016,0.0465116279069767,0.890282131661442,0.957345971563981,0,0,0.810897435897436,0.884194053208138,0.827371695178849,0,0.959375,0.0404354587869362,0.410687022900763,0.727858293075684,0.0385852090032154,0.445839874411303,0.0663507109004739,0.384146341463415,0.395419847328244,0,0.0421052631578947,0.630914826498423,0.533333333333333,0.11178247734139,0.0547112462006079,0.634222919937206,0,0.0873634945397816,0.0828220858895705,0,0.0716463414634146,0.943573667711599,0.0574712643678161,0.55993690851735,0,0,0.520798668885191,0.213946117274168,0.962558502340094,0.858064516129032,0,0,0.276073619631902,0.940345368916798,0.0407830342577488,0.708074534161491,0.0492307692307692,0.961479198767334,0.630841121495327,0.693910256410256,0.174121405750799,0.877250409165303,0.950693374422188,0,0.918918918918919,0,0.047040971168437,0.778675282714055,0.0637329286798179,0.9609375,0.0475435816164818,0,0.516923076923077,0.580594679186229,0.0397456279809221,0,0.0432766615146832,0,0.6368,0.0555555555555556,0,0.364615384615385,0.0676100628930818,0.276827371695179,0.0873015873015873,0.928682170542636,0,0.0419254658385093,0.734177215189873,0,0.369565217391304,0.961715160796325,0.963076923076923,0.0400641025641026,0.042654028436019,0.0481366459627329,0.06875,0.062992125984252,0,0.0659340659340659,0,0.644961240310078,0.74414976599064,0.0513219284603421,0.0550314465408805,0.048062015503876,0.0489296636085627,0.03125,0.946117274167987,0.0610932475884244,0.0841121495327103,0.325115562403698,0.0644171779141104,0.0461538461538462,0.0756172839506173,0,0,0.0538922155688623,0,0.907232704402516,0.0015748031496063,0.0799373040752351,0.738095238095238,0.8,0.88135593220339,0.112519809825674,0.00155763239875389,0.878274268104777,0.0405616224648986,0.0473186119873817,0.409162717219589,0.601492537313433,0.791666666666667,0.824884792626728,0.366771159874608,0.96,0.932098765432099,0.502340093603744,0.731974921630094,0.342635658914729,0.952456418383518,0,0.956661316211878,0.671497584541063,0.0352,0.37442218798151,0.779816513761468,0.444444444444444,0.154559505409583,0.055045871559633,0.0869565217391304,0.0561622464898596,0.0441640378548896,0.0478468899521531,0.490566037735849,0.615863141524106,0.0455259026687598,0.955223880597015,0.955725190839695,0.169517884914463,0,0.0458715596330275,0.0622083981337481,0,0.866028708133971,0,0.102803738317757,0,0.0596546310832025,0.0425867507886435,0.952815829528158,0.212361331220285,0.044478527607362,0.392405063291139,0.408227848101266,0.144427001569859,0,0,0.109149277688604,0.0950226244343891,0.0560747663551402,0,0,0.957210776545166,0.756880733944954,0.507836990595611,0,0.577881619937695,0,0.134185303514377,0.0398724082934609,0.792063492063492,0.772036474164134,0,0.674085850556439,0.437898089171975,0.172093023255814,0.0738461538461539,0.264385692068429,0.963665086887836,0.0550161812297735,0.0877742946708464,0.045958795562599,0,0.058641975308642,0,0.0399361022364217,0.935331230283912,0.608064516129032,0,0,0.220679012345679,0.110754414125201,0.0998487140695915,0.313161875945537,1,0.957278481012658,0.223101265822785,0.197268588770865,0,0.953198127925117,0.0764430577223089,0,0.0542264752791069,0.0884146341463415,0.904538341158059,0.00156494522691706,0.962441314553991,0.0445468509984639,0.589540412044374,0.907086614173228,0.877221324717286,0.883647798742138,0.355095541401274,0.894333843797856,0.0383386581469649,0,0.293563579277865,0.0591805766312595,0,0,0.953172205438066,0,0.954968944099379,0.046656298600311,0.317817014446228,0.955696202531646,0.959119496855346,0.484944532488114,0.0822784810126582,0.599693251533742,0.00154559505409583,0.952614379084967,0.0466988727858293,0.0108864696734059,0,0.787638668779715,0.957703927492447,0.963949843260188,0.950844854070661,0.958652373660031,0.0015748031496063,0.00151975683890578,0.951334379905808,0.00946372239747634,0.00482315112540193,0.032967032967033,0.009375,0.00155763239875389,0.959438377535101,0.0141732283464567,0.958064516129032,0.963893249607535,0.00161550888529887,0.948916408668731,0.053680981595092,0.963076923076923,0.878930817610063,0.961019490254873,0.9578125
"16",0.0111464968152866,0.00768049155145929,0.0428790199081164,0.0706260032102729,0.0188087774294671,0.00966183574879227,0.11198738170347,0.0328125,0.00612557427258806,0,0.00631911532385466,0,0.453560371517028,0.00963081861958266,0.951104100946372,1,0,0.00159235668789809,0.0111464968152866,0.0253565768621236,0.847352024922118,0.9648,0.0214067278287462,0,0.0458015267175573,0.76875,0.891304347826087,0.0171073094867807,0.542682926829268,0.316279069767442,0.996969696969697,0.333333333333333,0.249605055292259,0.726708074534162,0,0.0078125,0.00618238021638331,0.0153374233128834,0.746626686656672,0.101515151515152,0,0,0,0.00627943485086342,0.2416,0.980891719745223,0.5152,0.990610328638498,0.540178571428571,0.873860182370821,0,0.0124416796267496,0.728943338437979,0.009375,0.12755905511811,0.844444444444444,0,0.03486529318542,0.0509259259259259,0.11353032659409,0.719754977029097,0.571870170015456,0.993730407523511,0,0.110047846889952,0.183359013867488,0,0.0186915887850467,0,0.991935483870968,0.147286821705426,0.98755832037325,0.973765432098765,0.00763358778625954,0,0.31832298136646,0.948170731707317,0.441358024691358,0.1216,0.738486842105263,0,0.312883435582822,0.805810397553517,0.0061633281972265,0.892966360856269,0.102290076335878,0.0125786163522013,0.0390625,0.0339506172839506,0,0.0236220472440945,0.00615384615384615,0,0,0.0375,0,0.692780337941628,0.0280373831775701,0,0,0.39906103286385,0,0.727129337539432,0.0078125,0.89060092449923,0.00797448165869218,0,0.029595015576324,0.990654205607477,0.984472049689441,0.982785602503912,0.0957613814756672,0.670261941448382,0.0173501577287066,0,0.0217391304347826,0.298761609907121,0,0.992211838006231,0.774494556765163,0,0.2578125,0.762578616352201,0.935379644588045,0.0389408099688473,0.87888198757764,0.0106870229007634,0.0108864696734059,0,0.464012251148545,0.0793157076205288,0.519747235387046,0.0175438596491228,0,0.0127186009538951,0.972093023255814,0,0.806299212598425,0.383411580594679,0.492753623188406,0,0,0.0279937791601866,0.257009345794392,0.858505564387917,0.00791139240506329,0.982945736434109,0.0860719874804382,0.596491228070175,0.0289193302891933,0.868044515103339,0.025,0.00952380952380952,0.176838810641628,0.0109204368174727,0.990338164251208,0.00777604976671851,0.990595611285266,0,0.264705882352941,0.151702786377709,0.0217391304347826,0.974045801526718,0,0.00764525993883792,0.562401263823065,0.0064,0.00777604976671851,0.00775193798449612,0.72281776416539,0.0309119010819165,0.992150706436421,0.0582822085889571,0.991058122205663,0.125984251968504,0.649612403100775,0,0.0204724409448819,0,0.161949685534591,0.0093167701863354,0.888888888888889,0.0217729393468118,0.0642201834862385,0.0151057401812689,0.0306278713629403,0.911490683229814,0.63030303030303,0.0947867298578199,0.0685805422647528,0.936204146730462,0.989280245022971,0.0303030303030303,0.146189735614308,0,0,0.718553459119497,0,0.00754147812971342,0.749235474006116,0.131329113924051,0.262751159196291,0.0183767228177642,0.586854460093897,0.5703125,0.719745222929936,0.0866141732283465,0.0435458786936236,0.140695915279879,0,0.131901840490798,0.830917874396135,0.0626959247648903,0.99537037037037,0.929663608562691,0.481946624803768,0.0328638497652582,0.0275229357798165,0.196567862714509,0.0077639751552795,0.114104595879556,0,0.9258114374034,0.358461538461538,0.0110410094637224,0,0.0184331797235023,0.0287443267776097,0.465408805031447,0.455950540958269,0.0187207488299532,0.00797448165869218,0.635220125786163,0,0.121913580246914,0.492979719188768,0.0418679549114332,0.992295839753467,0.05,0.00797448165869218,0.00777604976671851,0.0456692913385827,0.479876160990712,0.988924050632911,0.0419906687402799,0.476635514018692,0.992389649923896,0.993911719939117,0.80188679245283,0.993808049535604,0.861198738170347,0.335889570552147,0.990811638591118,0.992283950617284,0.980091883614089,0.421538461538462,0.953821656050955,0.0267716535433071,0,0.99211356466877,0,0.77602523659306,0.00792393026941363,0.031055900621118,0.109737248840804,0,0.151368760064412,0.151001540832049,0.322884012539185,0.418856259659969,0.562403697996918,0.543581616481775,0,0.0062992125984252,0.906009244992296,0.315286624203822,0.0516431924882629,0.97737556561086,0.270897832817337,0.993720565149137,0.873261205564142,0.0060790273556231,0.00490196078431373,0.112341772151899,0,0.368012422360248,0.121451104100946,0,0.99537750385208,0.110599078341014,0.0285714285714286,0,0.990697674418605,0.993874425727412,0.0270700636942675,0.137223974763407,0.990430622009569,0,0.6296875,0.0143769968051118,0.223926380368098,0.61633281972265,0.352201257861635,0.0421875,0.981366459627329,0.00623052959501558,0.00934579439252336,0.996845425867508,0.0403726708074534,0.00784929356357928,0.0337620578778135,0.0107858243451464,0.819165378670788,0.693023255813954,0.720125786163522,0.0315955766192733,0.0680713128038898,0,0.733333333333333,0.033175355450237,0.858914728682171,0.700920245398773,0.0110236220472441,0.0108864696734059,0.0398773006134969,0.327974276527331,0.0120663650075415,0.758241758241758,0.0475460122699387,0.0125391849529781,0,0.686064318529862,0.469354838709677,0.982839313572543,0,0.981707317073171,0.110599078341014,0.978461538461538,0.992331288343558,0,0.792834890965732,0.0173501577287066,0.940902021772939,0.0129449838187702,0.0436817472698908,0.021875,0.723370429252782,0.719354838709677,0.347692307692308,0.545602605863192,0,0.187793427230047,0.983257229832572,0.95405819295559,0.808936825885978,0.00158730158730159,0.98937784522003,0,0.672868217054264,0.996941896024465,0.971473851030111,0.538461538461538,0.00475435816164818,0.733755942947702,0.00811688311688312,0.0390015600624025,0,0.0180722891566265,0.992307692307692,0.00771604938271605,0.176923076923077,0.00810372771474878,0.982945736434109,0.027906976744186,0.993798449612403,0.129890453834116,0.315372424722662,0.0628834355828221,0.0244274809160305,0.0062015503875969,0.725,0.0406885758998435,0.00764525993883792,0.992378048780488,0.966257668711656,0.00958466453674121,0.0046583850931677,0.68167701863354,0.124423963133641,0.0435483870967742,0.0544323483670296,0.00933125972006221,0,0.889067524115756,0.00308641975308642,0.993720565149137,0,0.0473933649289099,0,0.949526813880126,0.00615384615384615,0.0425867507886435,0,0.378548895899054,0.608150470219436,0.0255591054313099,0.990506329113924,0.14488188976378,0.0112359550561798,0.629337539432177,0.409861325115562,0.23861852433281,0,0.839813374805599,0.0347003154574132,0.00792393026941363,0.572327044025157,0.00925925925925926,0.038961038961039,0.965408805031447,0,0.0235109717868339,0.015625,0.0592823712948518,0.343122102009274,0.9890625,0.15506329113924,0.781345565749236,0.811881188118812,0,0.399361022364217,0.405660377358491,0.409733124018838,0,0.719298245614035,0.0993788819875776,0.377300613496933,0.507716049382716,0.92089552238806,0,0,0.00596125186289121,0.0308166409861325,0,0.095679012345679,0,0,0,0.00950871632329636,0,0.00643086816720257,0.241112828438949,0.487915407854985,0.00612557427258806,0,0,0.0125984251968504,0.0502283105022831,0.298921417565485,0.993836671802773,0,0.124423963133641,0.415123456790123,0.00793650793650794,0.486153846153846,0.662460567823344,0,0.0278637770897833,0.993527508090615,0.0561797752808989,0.90521327014218,0,0.983433734939759,0.891509433962264,0.527687296416938,0.0371517027863777,0,0.0589123867069486,0.0311526479750779,0.00770416024653313,0,0.929022082018927,0.0728476821192053,0.988486842105263,0.00768049155145929,0.00462249614791988,0.982839313572543,0.00469483568075117,0.718944099378882,0.199687987519501,0.984375,0.830427892234548,0.0465116279069767,0,0.993759750390016,0.0368098159509202,0.983974358974359,0.367576243980738,0.589424572317263,0,0.888888888888889,0.282780410742496,0.755832037325039,0.0278637770897833,0.993788819875776,0.853395061728395,0.551219512195122,0.0639269406392694,0.134969325153374,0.04375,0.2671875,0,0.0215716486902928,0.995412844036697,0.0329153605015674,0.628389154704944,0.990853658536585,0.00777604976671851,0.00628930817610063,0.0046875,0.388802488335925,0.0230061349693252,0.871473354231975,0.819466248037677,0.0652503793626707,0.128125,0,0,0.0156494522691706,0.0713153724247227,0.977952755905512,0.0252764612954186,0.015625,0.644409937888199,0.0769230769230769,0.283018867924528,0.121165644171779,0,0.0421875,0.660377358490566,0.00920245398773006,0.0108359133126935,0,0.362068965517241,0.0345911949685535,0.9904,0.339116719242902,0.636913767019667,0.210762331838565,0.333865814696486,0.0525525525525526,0.911544227886057,0.0238095238095238,0.0093167701863354,0.0282574568288854,0.688888888888889,0.872274143302181,0.0140405616224649,0.00766871165644172,0,0.233281493001555,0.553488372093023,0.75077399380805,0.263565891472868,0.00627943485086342,0.132398753894081,0.00461538461538462,0.119195046439628,0.993579454253612,0,0.202511773940345,0.9921875,0.993730407523511,0.733024691358025,0,0.0173501577287066,0.0984375,0.00927357032457496,0.0107858243451464,0.902053712480253,0.993836671802773,0,0,0.835483870967742,0.924764890282132,0.844236760124611,0,0.993730407523511,0.00623052959501558,0.418461538461538,0.714511041009464,0.00635930047694754,0.428571428571429,0.0380348652931854,0.362654320987654,0.381240544629349,0,0.00744047619047619,0.616954474097331,0.517405063291139,0.0928462709284627,0.0167427701674277,0.614088820826952,0,0.061128526645768,0.0533536585365854,0,0.0393343419062027,0.984472049689441,0.0221870047543582,0.567441860465116,0,0,0.505728314238953,0.188589540412044,0.992138364779874,0.862838915470494,0,0,0.25948406676783,0.985668789808917,0.00827814569536424,0.689024390243902,0.0167682926829268,0.990811638591118,0.646788990825688,0.680314960629921,0.149920255183413,0.9216,0.992248062015504,0,0.971291866028708,0,0.0121028744326778,0.793269230769231,0.0255639097744361,0.988976377952756,0.00635930047694754,0,0.509923664122137,0.551342812006319,0.00771604938271605,0,0.00763358778625954,0,0.611556982343499,0.0169230769230769,0,0.351393188854489,0.028169014084507,0.277691107644306,0.0604133545310016,0.961832061068702,0,0.00777604976671851,0.744075829383886,0,0.333333333333333,0.990990990990991,0.975497702909648,0.00791139240506329,0.00791139240506329,0.015552099533437,0.0298273155416013,0.0218068535825545,0,0.035548686244204,0,0.649691358024691,0.723172628304821,0.0122511485451761,0.0124416796267496,0.0136363636363636,0.0124223602484472,0.0297339593114241,0.98116169544741,0.0208333333333333,0.0525502318392581,0.301391035548686,0.0264385692068429,0.00462962962962963,0.0371517027863777,0,0,0.025297619047619,0,0.933229813664596,0.00157977883096367,0.0559875583203732,0.730337078651685,0.805379746835443,0.87308868501529,0.089622641509434,0.0015748031496063,0.897515527950311,0.0046875,0.0078003120124805,0.380216383307573,0.604477611940298,0.808320950965825,0.817629179331307,0.363057324840764,0.992272024729521,0.878125,0.470679012345679,0.745682888540031,0.320373250388802,0.979938271604938,0,0.993720565149137,0.67879746835443,0.00955414012738853,0.371775417298938,0.782674772036474,0.393188854489164,0.144393241167435,0.0152439024390244,0.0494417862838915,0.027027027027027,0.0096,0.0110062893081761,0.483720930232558,0.593508500772797,0.0109375,0.997001499250375,0.983383685800604,0.14756671899529,0,0.00763358778625954,0.0279937791601866,0,0.917721518987342,0,0.0588235294117647,0,0.0328125,0.0093167701863354,0.986153846153846,0.171339563862928,0.00765696784073507,0.368421052631579,0.389489953632148,0.125,0,0,0.0808580858085809,0.0672645739910314,0.0197568389057751,0,0,0.990461049284579,0.76793893129771,0.500772797527048,0,0.566096423017107,0,0.0873015873015873,0.0094488188976378,0.8096,0.783742331288344,0,0.667721518987342,0.423197492163009,0.140866873065015,0.0475460122699387,0.240683229813665,0.990580847723705,0.0208667736757624,0.0870917573872473,0.00801282051282051,0,0.0257186081694402,0,0.00471698113207547,0.97191887675507,0.611727416798732,0,0,0.201550387596899,0.0705128205128205,0.0689127105666156,0.300604229607251,0.965465465465465,0.985759493670886,0.172741679873217,0.178947368421053,0,0.979591836734694,0.0419906687402799,0,0.0237717908082409,0.0531914893617021,0.930015552099533,0,0.990683229813665,0.0093167701863354,0.546875,0.918876755070203,0.898251192368839,0.886850152905199,0.329563812600969,0.910060975609756,0.00792393026941363,0,0.251956181533646,0.0210843373493976,0,0,0.992481203007519,0,0.9921875,0.009375,0.296529968454259,0.990445859872611,0.996860282574568,0.482594936708861,0.0537974683544304,0.581679389312977,0,0.990384615384615,0.0509554140127389,0.00625,0,0.802839116719243,0.987711213517665,0.990445859872611,0.976851851851852,0.990895295902883,0,0,0.973312401883831,0.0015527950310559,0,0.0252764612954186,0.00463678516228748,0,0.984202211690363,0.00923076923076923,0.992025518341308,0.987577639751553,0,0.985871271585557,0.0491551459293395,0.993788819875776,0.907120743034056,0.989457831325301,0.990639625585023
"17",0,0,0,0,0,0,0.0107692307692308,0.00152905198776758,0,1,0,1,0,0,0,0,1,0.981566820276498,0,0,0,0,0,1,0,0,0,0,0,0,0,0,0.00156494522691706,0,1,0,0.974124809741248,0,0,0,0.998432601880878,0.983308042488619,0.992354740061162,0,0,0,0,0,0,0,1,0,0,0,0.0109375,0,1,0,0.00302571860816944,0,0,0,0,1,0,0,1,0,1,0,0,0,0,0,1,0,0,0,0.0015625,0,1,0,0,0,0,0,0,0,0.00152671755725191,0.986646884272997,0,0,1,1,0,1,0.0184899845916795,0,0.992319508448541,0.99075500770416,0.00771604938271605,1,0,0,0,0,0.98755832037325,0.0031055900621118,0,0,0,0.0124416796267496,0,0,1,0,0,1,0,0,1,0.00151057401812689,0,0,0,0,0,0,1,0.00614439324116743,0,0,0,1,0,0,1,0,0,0.00631911532385466,1,1,0,0,0,0,0,0,0,0,0,0,0,0,0,0,0,0,1,0,0.00452488687782805,0,0,1,0,0,0,0,0,0,0,0,0,0,0.0015625,0,1,0,1,0,0,0,0,0,0,0,0,0,0,0,0,0,0,0.0184331797235023,1,1,0,0.998459167950693,0,0,0.0124610591900312,0,0,0,0,0,0,0,0.00151057401812689,1,0,0,0,0,0,0.00461538461538462,0,0,0.00154798761609907,0,0,1,0,0,0,1,0,0,0.00614439324116743,0,0,0,0.0200927357032458,1,0.0121765601217656,0,0,0,0,0,0,0,0,0,0,0,0,0,0,0,0,0,0,0,0,0,0,0,0.985826771653543,0,1,0.0031496062992126,0,0,0,1,0.0015600624024961,0.00149700598802395,0,0,0,0,0.986342943854325,0,0,0,0,0,0,0,0,0,0,0.0109546165884194,1,0,0.015552099533437,1,0,0.0121765601217656,0.00152439024390244,1,0,0,0,0,0,1,0.0185185185185185,0,0,0,0,0,0,0,0,0,0,0,0,0,0,0,0,0.00313971742543171,0,0.93984962406015,0,0,0,0,0,0,0,0,0,0,0,0,1,0,0.00782472613458529,0,0.938622754491018,0,0,0,0,1,0,0,0,0,0,0,0,0,0,0,1,0,0,0,0,0,0,1,0,0,0,0.00153846153846154,0,0,0,0,1,0,0,0,0,0,0,0,0,0,0,0,0,0.0015527950310559,0,0,0,0,0,0,0,0,0,0,0,0,1,0,0,0,1,0,0.987341772151899,0,0,0,0.9953125,0.00765696784073507,0,0,0,0,0,0,0,0,1,0,0.0015552099533437,0,0,0,0,0,1,0,0,0,0,0,0.0046801872074883,0,0.0161030595813204,0.992331288343558,0,0,0,1,0,0.00153609831029186,0,0,0,1,1,0,0,1,0,0.987654320987654,1,1,0,1,0,0,0.00603318250377074,0,1,1,0,0,0,0,0.996870109546166,0.0181818181818182,0,0,0,0,1,0,0,0.00157728706624606,0,1,0,0,0,0,1,0,0,0,1,0,0,0,0,0,0,0,0,0,0,0,0,0.987538940809969,0,0,0,0,0.0109204368174727,1,0,0.0015625,0,0,0,0,0,0,0,0,0,1,0,0,0,0.00467289719626168,0,0,0,0,0,0,0,0,0,0.0137614678899083,1,1,0,0,0,0,0,0,0,0,0.0165413533834586,1,0,0.0170542635658915,0,0,1,0,0,0,0.0015552099533437,0,0,0,0,0,0.0031055900621118,0,0,0.0172684458398744,0.0246153846153846,0,0,0.990853658536585,0,0,0,0,0,0,0,0.762917933130699,0,1,0.00152905198776758,0,0,0,1,0,0,0,0,0,0,1,1,0,0,0,1,0,0,0.565349544072948,0,0,0.0091324200913242,0,0,0,1,0,0,0,0.00449101796407186,0,0,0.989312977099237,0,0,1,0,0,0,0,1,0.989263803680982,0,0,0,0,0.986280487804878,0.998407643312102,0,0,0,0,0,0,0,0,0.00473186119873817,0,0,0.996889580093313,0,1,0,0.15748031496063,0.00149925037481259,0,0,1,0,0,0,1,0,1,0,0,1,0.0167682926829268,0,0,0.0015625,0,1,0,0,1,0,0,0,0,0,0,0.00154559505409583,0,1,0,0.974358974358974,0.0211480362537764,0,0,0,0,0,0.914634146341463,0,0,0,0,0,0,0,1,1,0,1,0,0.998466257668712,0,0,0,0,0,0.998468606431853,0,0,0,0,0,0,0,0,0,0,0,0,0,0,1,0,0.0204724409448819,0,0.0284857571214393,0,0,0.0045662100456621,0,0.0015748031496063,0,0,0,0,0,0,0,0,0.00155763239875389,0.986342943854325,0,0,1,0,1,0,1,0,0,0,0,0,0,0,0.0169230769230769,1,1,0,0,0,1,1,0,0,0,1,0,1,0,0,0.0332278481012658,0,1,0,0,0,0,0,0,0,0.899236641221374,0,1,0,0.990769230769231,0,0,0.362637362637363,1,1,0,0,0.00747384155455904,0,0,0,0,0,1,0,0,1,0,0,0,0.952743902439024,0,0,0,0,0,0,0,0,0,1,0,0,0.995341614906832,1,0,1,0,0,0,0,0,0.00626959247648903,0.00311526479750779,0,0.94578313253012,0,0.8953125,0.972560975609756,1,0.159509202453988,0,0,0.00603318250377074,0,0.943396226415094,0.936923076923077,0,0.974006116207951,0.99211356466877,0.945904173106646,0.96969696969697,0.935483870967742,0,0.964777947932619,0,0,0.951863354037267,0,0.922492401215805,0,0.0569230769230769,0,0
"18",0.0158227848101266,0.0154083204930663,0.00934579439252336,0.0111111111111111,0.0114192495921697,0.0113268608414239,0.0222929936305732,0.0141955835962145,0.0152905198776758,0.980676328502415,0.0157232704402516,0.984,0.0126182965299685,0.0142630744849445,0.0015625,0.00159235668789809,0.981566820276498,1,0.014446227929374,0.0125588697017268,0.00318979266347687,0.00165289256198347,0.0111287758346582,0.983154670750383,0.0124223602484472,0.00317965023847377,0.0047244094488189,0.0176565008025682,0.0108024691358025,0.0109204368174727,0.00156739811912226,0.00947867298578199,0.0112,0.00469483568075117,0.984301412872841,0.0157728706624606,0.966876971608833,0.0184615384615385,0.00459418070444104,0.015600624024961,0.982594936708861,1,0.986003110419907,0.0143312101910828,0.0114192495921697,0.00159744408945687,0.00637958532695375,0.00159744408945687,0.0123456790123457,0.00465116279069767,0.982731554160126,0.012779552715655,0.00631911532385466,0.0111642743221691,0.0240384615384615,0.0016025641025641,0.983922829581994,0.0142857142857143,0.0203442879499218,0.0139968895800933,0.0078003120124805,0.00770416024653313,0.00159489633173844,0.984076433121019,0.0174880763116057,0.015600624024961,0.980982567353407,0.0172413793103448,0.985915492957746,0.0016,0.00933125972006221,0.0015748031496063,0.00159235668789809,0.015527950310559,0.984496124031008,0.0125391849529781,0.00310077519379845,0.0123839009287926,0.0114192495921697,0,0.983974358974359,0.00792393026941363,0.00154798761609907,0.0139103554868624,0.0046801872074883,0.0123647604327666,0.0171875,0.0139103554868624,0.0188383045525903,0.98468606431853,0.0112179487179487,0.015748031496063,0.988871224165342,0.981072555205047,0.0128617363344051,0.984202211690363,0.0202808112324493,0.0157232704402516,0.9890625,0.995260663507109,0.0172684458398744,0.982594936708861,0.00644122383252818,0.0160771704180064,0.0015600624024961,0.016025641025641,0.982539682539682,0.0157977883096366,0.00159744408945687,0,0.0015552099533437,0.03125,0.00631911532385466,0.0172413793103448,0.9856,0.0141287284144427,0.00940438871473354,0.987692307692308,0.0015748031496063,0.00634920634920635,0.98297213622291,0.0127186009538951,0.00467289719626168,0.00162866449511401,0.0174050632911392,0.00313479623824451,0.0137825421133231,0.0125,0.984301412872841,0.0157728706624606,0.0109717868338558,0.0113821138211382,0.0112359550561798,0.982866043613707,0.0146579804560261,0,0.984251968503937,0.0032258064516129,0.00791139240506329,0.0113268608414239,0.982456140350877,0.98389694041868,0.0126182965299685,0.00950871632329636,0.00162337662337662,0.015625,0,0.0125195618153365,0.00324675324675325,0.0139318885448916,0.00315955766192733,0.015600624024961,0.0127388535031847,0.00784929356357928,0.0174050632911392,0,0.0156739811912226,0.00159235668789809,0.984326018808777,0.0144230769230769,0.0217729393468118,0.0125984251968504,0.0015527950310559,0.9890625,0.0155038759689922,0.00798722044728434,0.0146818923327896,0.0174050632911392,0.0154320987654321,0.0046583850931677,0.0174880763116057,0,0.0137404580152672,0.00154559505409583,0.0176565008025682,0.00465116279069767,0.980922098569157,0.013953488372093,0.984423676012461,0.0125,0.0170807453416149,0.00160771704180064,0.0139318885448916,0.0124610591900312,0.0108024691358025,0.0141509433962264,0.0016,0.00463678516228748,0.012779552715655,0.0111642743221691,0.0047244094488189,0.00156985871271586,0.0143540669856459,0.0380348652931854,0.981651376146789,0.985826771653543,0.00644122383252818,0.984375,0.0139751552795031,0.0046583850931677,0.0239234449760766,0.0108024691358025,0.0138674884437596,0.00486223662884927,0.00930232558139535,0.00631911532385466,0.0158982511923688,0.0126382306477093,0.0154083204930663,0.98256735340729,0.0125391849529781,0.00322061191626409,0.0160513643659711,0.0015748031496063,0.00152671755725191,0.0141287284144427,0.0189274447949527,0.0170807453416149,0.0110410094637224,0.0188679245283019,0.0173501577287066,0.982839313572543,0.0015600624024961,0.014018691588785,0.0112540192926045,0.982839313572543,0.0169753086419753,0.0121765601217656,0.0143312101910828,0.00788643533123028,0.0141732283464567,0.0162866449511401,0.025518341307815,0.98546042003231,0.0276923076923077,0.0046801872074883,0.0145867098865478,0.00156494522691706,0.0153846153846154,0.015748031496063,0.015527950310559,0.0172955974842767,0.0108191653786708,0.00161030595813205,0.0157977883096366,0.00777604976671851,0.00153374233128834,0.00157232704402516,0.00477707006369427,0.0016,0.00489396411092985,0.0046875,0,0.00156739811912226,0.00156985871271586,0.00923076923076923,0.00161812297734628,0.00955414012738853,0.983948635634029,0.0015527950310559,0.982839313572543,0.00469483568075117,0.0191082802547771,0.014308426073132,0.0109204368174727,0.982839313572543,0.0146579804560261,0.0155763239875389,0.00796178343949045,0.00482315112540193,0.0078740157480315,0.00811688311688312,0.98116169544741,0.0162074554294976,0.00156985871271586,0.00983606557377049,0.0126382306477093,0,0.0124416796267496,0.00159744408945687,0,0.0185185185185185,0.0180327868852459,0.0275080906148867,0.97984496124031,0.0109546165884194,0.0287081339712919,0.984496124031008,0.00154083204930663,0.0292758089368259,0.0159744408945687,0.982866043613707,0.00156494522691706,0.00155763239875389,0.0128824476650564,0.0127186009538951,0.00157977883096367,0.985530546623794,0.0204724409448819,0.0143312101910828,0.010752688172043,0.0062015503875969,0.0127388535031847,0.0139751552795031,0.00159744408945687,0.0170015455950541,0.0141287284144427,0,0.0158478605388273,0.0126182965299685,0.0128205128205128,0.0171606864274571,0.00316455696202532,0.00772797527047913,0.0062111801242236,0.0159235668789809,0.012987012987013,0.961119751166407,0.0032258064516129,0.0175438596491228,0.00311526479750779,0.00307692307692308,0.0141509433962264,0.0185758513931889,0.0188976377952756,0.00978792822185971,0.0168195718654434,0.00643086816720257,0.0138674884437596,0.01743264659271,0.984202211690363,0.0062402496099844,0.0128,0,0.961119751166407,0.00152439024390244,0.015600624024961,0.003125,0.00157232704402516,0.983024691358025,0.0015625,0.0130505709624796,0.00158478605388273,0.0145867098865478,0.0127186009538951,0.0175438596491228,0.00643086816720257,0.0032626427406199,0.0159235668789809,0.00486223662884927,0.987321711568938,0.014308426073132,0.00153609831029186,0.00154798761609907,0.00313971742543171,0.0126582278481013,0.00157977883096367,0.984350547730829,0.00789889415481832,0.0015625,0,0.0110759493670886,0.0127388535031847,0.00162074554294976,0.0130293159609121,0.0158227848101266,0.981366459627329,0.0119940029985007,0.0015527950310559,0.0140405616224649,0.0140845070422535,0.013136288998358,0.00156985871271586,0.0109034267912773,0,0.0144,0.011437908496732,0.0187207488299532,0.0185471406491499,0.0141509433962264,0.00623052959501558,0.0208,0.015527950310559,0.00153374233128834,0.00315457413249211,0.017515923566879,0.0172955974842767,0.00156985871271586,0.0173228346456693,0.017741935483871,0.0125195618153365,0.0186915887850467,0.980922098569157,0.0016260162601626,0.01875,0.00158982511923688,0.979166666666667,0.014446227929374,0.990445859872611,0.0016025641025641,0.0167427701674277,0.0139318885448916,0.993610223642173,0.0172143974960876,0.00625978090766823,0.0176282051282051,0.00161290322580645,0.0129659643435981,0.0144230769230769,0.00476190476190476,0.00934579439252336,0.0125786163522013,0.983948635634029,0.00313479623824451,0.0191387559808612,0.0126182965299685,0.00632911392405063,0.0169753086419753,0.0132890365448505,0.00158227848101266,0.989079563182527,0.0172143974960876,0.0158478605388273,0.0111111111111111,0.0154798761609907,0.0015748031496063,0.0222222222222222,0.00623052959501558,0.0167224080267559,0.990726429675425,0.014308426073132,0.00636942675159236,0.0109717868338558,0.979719188767551,0.0065252854812398,0.0112359550561798,0.0123647604327666,0.00473186119873817,0.00152905198776758,0.984447900466563,0.984639016897081,0.0151057401812689,0.0154798761609907,0.982839313572543,0.0125195618153365,0.982315112540193,0.982785602503912,0.982055464926591,0.0172955974842767,0.987421383647799,0.0145631067961165,0.00947867298578199,0.0124804992199688,0.013719512195122,0.984152139461173,0.982371794871795,0.0142630744849445,0.0123839009287926,0.0167173252279635,0.0015527950310559,0.98841059602649,0.0356589147286822,0.0094488188976378,0.0174603174603175,0.00934579439252336,0.00482315112540193,0.984177215189873,0.0170807453416149,0.00161550888529887,0.0207006369426752,0.00159489633173844,0.9859375,0.00152671755725191,0.00159489633173844,0.00504201680672269,0.0156494522691706,0.982785602503912,0.0139318885448916,0.0171339563862928,0.0158478605388273,0.985736925515055,0.00161812297734628,0.0119047619047619,0.00164744645799012,0.0171339563862928,0.0138888888888889,0.00154559505409583,0.015552099533437,0.00630914826498423,0.0141287284144427,0,0.00644122383252818,0.0140625,0.985736925515055,0.00156739811912226,0.015625,0,0.00966183574879227,0.0189873417721519,0.981481481481482,0.00313479623824451,0.0128617363344051,0.00634920634920635,0.0156985871271586,0.00157232704402516,0.00154798761609907,0.00821018062397373,0.0170015455950541,0.0154083204930663,0.0191082802547771,0.0147540983606557,0.985714285714286,0.0172413793103448,0.00156494522691706,0.0158730158730159,0.00978792822185971,0.00153846153846154,0.0172684458398744,0.0192307692307692,0.0160771704180064,0.0062402496099844,0.0110584518167457,0.00317460317460317,0.0031496062992126,0.015625,0.0221870047543582,0.984520123839009,0.982539682539682,0.0143312101910828,0.0159744408945687,0,0.016025641025641,0.0158982511923688,0.00316455696202532,0.0127186009538951,0.0110935023771791,0.0324574961360124,0.984520123839009,0.0127186009538951,0.0190174326465927,0.0158982511923688,0.0156739811912226,0.985029940119761,0.00955414012738853,0.0126984126984127,0.00161290322580645,0.0111111111111111,0.00319488817891374,0.0182370820668693,0.0125195618153365,0.0150375939849624,0.0015527950310559,0.0193548387096774,0.0189873417721519,0.00941915227629513,0.0211038961038961,0.0234375,0.0172413793103448,0.0138248847926267,0.987635239567233,0.0137614678899083,0.00627943485086342,0.00156494522691706,0.00627943485086342,0.0155763239875389,0.015625,0.015600624024961,0.761978361669243,0.0016366612111293,0.980030721966206,0.016,0.00156985871271586,0.00157977883096367,0.00156739811912226,0.985759493670886,0.0156985871271586,0.0123456790123457,0.014018691588785,0.0155038759689922,0,0.00158478605388273,0.981679389312977,0.981191222570533,0.0032258064516129,0.00158730158730159,0.00316957210776545,0.981220657276995,0,0.0170015455950541,0.555038759689922,0.00479233226837061,0.014308426073132,0.0156739811912226,0.0128617363344051,0.0109717868338558,0.00773993808049536,0.984423676012461,0.0151057401812689,0.00644122383252818,0.00650406504065041,0.0184331797235023,0.0138461538461538,0.0047244094488189,0.98755832037325,0.0157232704402516,0.0155763239875389,0.984301412872841,0.0186625194401244,0.0016,0.0147783251231527,0.00626959247648903,0.980922098569157,0.98876404494382,0.00665557404326123,0.0127591706539075,0.00158227848101266,0.0016,0.98613251155624,0.982343499197432,0.0136157337367625,0.00157977883096367,0.0164744645799012,0.0062111801242236,0.01875,0.0015600624024961,0.0061633281972265,0.00478468899521531,0.0210355987055016,0.00162866449511401,0.00158227848101266,0.990580847723705,0.00159489633173844,0.981132075471698,0.0137404580152672,0.146818923327896,0.0138036809815951,0.00157977883096367,0.016025641025641,0.979559748427673,0.00921658986175115,0.0111642743221691,0.0126382306477093,0.980551053484603,0.0172143974960876,0.984101748807631,0.00483091787439614,0.0155038759689922,0.986024844720497,0.0294573643410853,0.0111464968152866,0.00949367088607595,0.014446227929374,0.00154559505409583,0.9826224328594,0.00952380952380952,0.0016025641025641,0.986238532110092,0.00786163522012579,0.00154559505409583,0.00157232704402516,0.0111821086261981,0.0143312101910828,0.0139751552795031,0.0205371248025276,0.0161030595813204,0.984051036682616,0.0141955835962145,0.979559748427673,0.0261538461538462,0.00158478605388273,0.0123076923076923,0.0125786163522013,0.0152905198776758,0.0156985871271586,0.91601866251944,0.00157232704402516,0.0181818181818182,0.0141509433962264,0.0154320987654321,0.0141065830721003,0.0125195618153365,0.0140845070422535,0.984639016897081,0.986322188449848,0.0151515151515152,0.984591679506934,0.0015625,0.979655712050078,0.0155038759689922,0.00161812297734628,0.00488599348534202,0.00464396284829721,0.0144927536231884,0.984101748807631,0.0015600624024961,0.0188087774294671,0.0123456790123457,0.00947867298578199,0.0061633281972265,0.00303490136570561,0.00155038759689922,0.00801282051282051,0.0015600624024961,0,0.00471698113207547,0.00318979266347687,0.0171073094867807,0.00156494522691706,0.980738362760835,0.00159744408945687,0.021523178807947,0.0146103896103896,0.0425867507886435,0.00464396284829721,0.0110584518167457,0.0230414746543779,0.015600624024961,0.0196399345335516,0.016025641025641,0.0145631067961165,0.0126582278481013,0.00318471337579618,0.00625978090766823,0.0188679245283019,0.00151975683890578,0.00153374233128834,0.017515923566879,0.986046511627907,0.0167427701674277,0.0125984251968504,0.985623003194888,0.00161290322580645,0.982785602503912,0.0189274447949527,0.983948635634029,0.0183767228177642,0.0157728706624606,0.00154798761609907,0.0125391849529781,0.015527950310559,0.00645161290322581,0.00631911532385466,0.0315955766192733,0.982704402515723,0.980952380952381,0.011437908496732,0.0091324200913242,0.0140845070422535,0.982919254658385,0.984375,0.00162337662337662,0.00154559505409583,0.0109546165884194,0.981308411214953,0.00316957210776545,0.986003110419907,0.00961538461538462,0.0158982511923688,0.0351437699680511,0.00307219662058372,0.981510015408321,0.00478468899521531,0.0062992125984252,0.0156985871271586,0.0123076923076923,0.0124416796267496,0.00157728706624606,0.016260162601626,0.888357256778309,0.0193861066235864,0.983818770226537,0.0138674884437596,0.988958990536278,0.0126984126984127,0.00158478605388273,0.353130016051364,0.982539682539682,0.983870967741935,0.00941915227629513,0.0178861788617886,0.0232919254658385,0.00930232558139535,0.00153846153846154,0,0.00947867298578199,0.0153374233128834,0.9888,0.00156494522691706,0.0110410094637224,0.982758620689655,0.0162866449511401,0.0122887864823349,0.00158982511923688,0.968652037617555,0,0.015552099533437,0.00636942675159236,0.00157728706624606,0.0016260162601626,0,0.0161290322580645,0.0046656298600311,0.0141287284144427,0.979719188767551,0.01743264659271,0.0172684458398744,0.990445859872611,0.982594936708861,0,0.984126984126984,0.00158227848101266,0.0141287284144427,0.00966183574879227,0,0.00158478605388273,0.0158982511923688,0.0190779014308426,0.009375,0.965785381026439,0.00162337662337662,0.906752411575563,0.97007874015748,0.982594936708861,0.156494522691706,0.00154559505409583,0.00157232704402516,0.00622083981337481,0,0.966772151898734,0.956043956043956,0.00158227848101266,0.971786833855799,0.986906710310966,0.948678071539658,0.970172684458399,0.959247648902821,0.00160513643659711,0.964506172839506,0.0016025641025641,0.00159489633173844,0.966346153846154,0,0.920807453416149,0.00156739811912226,0.053125,0.00149476831091181,0.00157728706624606
"19",0.995184590690209,0.996875,0.965354330708661,0.935064935064935,0.983792544570502,0.998384491114701,0.889423076923077,0.97275641025641,0.996830427892235,0,0.998387096774194,0,0.573033707865168,0.996715927750411,0.0447284345047923,0.0111464968152866,0,0.014446227929374,1,0.981012658227848,0.156050955414013,0.033167495854063,0.987361769352291,0,0.960254372019078,0.2496,0.113964686998395,0.981666666666667,0.444444444444444,0.693037974683544,0.00321027287319422,0.683954619124797,0.762376237623762,0.280844155844156,0,1,0.017515923566879,0.99203821656051,0.262015503875969,0.902208201892745,0.00161550888529887,0.016025641025641,0.00622083981337481,0.996732026143791,0.767710049423394,0.0194805194805195,0.505728314238953,0.0032258064516129,0.462848297213622,0.144200626959248,0,0.991896272285251,0.258064516129032,0.996845425867508,0.880952380952381,0.161237785016287,0,0.977455716586151,0.952153110047847,0.904836193447738,0.280757097791798,0.411392405063291,0.00162337662337662,0,0.890145395799677,0.814352574102964,0,0.985691573926868,0,0.00162337662337662,0.864779874213837,0.00643086816720257,0.0206677265500795,0.996865203761755,0,0.699523052464229,0.0469483568075117,0.57120253164557,0.897727272727273,0.269949066213922,0,0.703937007874016,0.213607594936709,0.995305164319249,0.120634920634921,0.89938080495356,0.993640699523052,0.968102073365231,0.959677419354839,0.0110236220472441,0.98858075040783,0.996830427892235,0,0,0.974068071312804,0,0.302066772655008,0.976377952755906,0.00642054574638844,0.00801282051282051,0.6352,0,0.291734197730956,1,0.101694915254237,0.996710526315789,0.00974025974025974,0.971061093247588,0.00328407224958949,0.0110759493670886,0.0127186009538951,0.905996758508914,0.332802547770701,0.990306946688207,0,0.983948635634029,0.706896551724138,0,0.00317965023847377,0.239482200647249,0,0.767628205128205,0.245954692556634,0.0754098360655738,0.972972972972973,0.1616,0.996835443037975,0.995253164556962,0,0.56687898089172,0.933441558441558,0.5,0.986885245901639,0,0.99510603588907,0.0234375,0,0.205546492659054,0.620967741935484,0.53,0,0,0.979299363057325,0.741157556270096,0.175986842105263,0.996768982229402,0.00956937799043062,0.91875,0.411184210526316,0.979430379746835,0.132773109243697,0.980830670926518,1,0.841772151898734,0.991922455573506,0,0.998405103668262,0.0032258064516129,0,0.73257698541329,0.874411302982732,0.983948635634029,0.0158982511923688,0,0.998430141287284,0.440261865793781,0.996655518394649,0.998405103668262,0.996860282574568,0.2859375,0.974481658692185,0.00160513643659711,0.954545454545455,0.003125,0.90032154340836,0.368503937007874,0,0.982484076433121,0,0.8528,0.9968,0.123355263157895,0.980830670926518,0.946031746031746,0.987730061349693,0.96984126984127,0.0984126984126984,0.380726698262243,0.915702479338843,0.947540983606557,0.0493630573248408,0.00794912559618442,0.978964401294498,0.847512038523275,0,0,0.300653594771242,0.00157977883096367,0.996875,0.246056782334385,0.869494290375204,0.755520504731861,0.989028213166144,0.435483870967742,0.450479233226837,0.294685990338164,0.922829581993569,0.967793880837359,0.87719298245614,0,0.884012539184953,0.175986842105263,0.94299674267101,0.00323624595469256,0.0697305863708399,0.55,0.976114649681529,0.982839313572543,0.830342577487765,0.998417721518987,0.888709677419355,0,0.0701754385964912,0.639240506329114,0.991803278688525,0,0.988958990536278,0.979813664596273,0.567043618739903,0.547049441786284,0.990369181380417,0.99670510708402,0.377813504823151,0,0.883540372670807,0.5088,0.96551724137931,0.00159235668789809,0.951863354037267,0.998392282958199,0.9968,0.950479233226837,0.528481012658228,0.00483870967741936,0.964401294498382,0.540157480314961,0.00772797527047913,0.00310077519379845,0.207395498392283,0.00318979266347687,0.14662273476112,0.679304897314376,0.00318979266347687,0.00793650793650794,0.0095389507154213,0.595505617977528,0.0422077922077922,0.9824,0.0130293159609121,0.00159744408945687,0,0.235772357723577,0.996742671009772,0.9792663476874,0.898089171974522,0,0.872937293729373,0.839370078740157,0.681229773462783,0.590982286634461,0.460674157303371,0.469354838709677,0.0112721417069243,0.996768982229402,0.0979462875197472,0.694078947368421,0.957928802588997,0.00789889415481832,0.753993610223642,0.00317460317460317,0.110236220472441,0.996879875195008,0.996644295302013,0.885993485342019,0,0.643423137876387,0.878048780487805,0,0.00315457413249211,0.88871473354232,0.975649350649351,0,0.00321027287319422,0.00474683544303797,0.983948635634029,0.888888888888889,0.00327868852459016,0,0.394184168012924,0.99025974025974,0.784037558685446,0.398073836276083,0.656957928802589,0.965408805031447,0.00967741935483871,0.996875,0.996840442338073,0.00964630225080386,0.963317384370016,0.996774193548387,0.975206611570248,0.993620414673046,0.186688311688312,0.311320754716981,0.294770206022187,0.973983739837398,0.945454545454545,0.0538827258320127,0.267741935483871,0.97427652733119,0.157977883096367,0.309923664122137,0.990415335463259,0.996794871794872,0.966876971608833,0.669902912621359,0.995290423861852,0.252442996742671,0.960753532182104,0.995137763371151,0,0.31637519872814,0.574225122349103,0.019047619047619,0.0557324840764331,0.0126582278481013,0.91866028708134,0.0287081339712919,0.00323624595469256,0,0.228070175438596,0.990275526742301,0.0816,0.985270049099836,0.963317384370016,0.9872,0.293159609120521,0.285950413223141,0.660828025477707,0.464696223316913,0,0.816129032258065,0.0172955974842767,0.0379746835443038,0.209048361934477,0.998360655737705,0.00483091787439614,0,0.33122028526149,0.0142857142857143,0.0305466237942122,0.470113085621971,0.998402555910543,0.28171334431631,0.996774193548387,0.967637540453074,0,0.990740740740741,0,0.9953125,0.82475884244373,0.996726677577741,0.0175718849840256,0.980952380952381,0.0032,0.887480190174326,0.706270627062706,0.936507936507937,0.988853503184713,0.99512987012987,0.296062992125984,0.963081861958267,0.996870109546166,0.00316455696202532,0.0287539936102236,0.996774193548387,0.998417721518987,0.328025477707006,0.881219903691814,0.961730449251248,0.953968253968254,0.996825396825397,0,0.12436974789916,0.998405103668262,0.00490196078431373,0,0.964343598055105,0.0115321252059308,0.0407166123778502,0.996815286624204,0.96513470681458,0.00322061191626409,0.635350318471338,0.408723747980614,0.988617886178862,0.00493421052631579,0.881578947368421,0.993579454253612,0.358064516129032,0.60702875399361,0.782113821138211,0,0.160655737704918,0.970394736842105,0.995161290322581,0.440191387559809,0.996840442338073,0.96969696969697,0.0270700636942675,0.00160513643659711,0.984375,0.993464052287582,0.950949367088608,0.676236044657097,0.00796178343949045,0.87075928917609,0.2234375,0.18212478920742,0.0078740157480315,0.612641815235008,0.596463022508039,0.598736176935229,0,0.280788177339901,0.913461538461538,0.632423756019262,0.51510333863275,0.0823170731707317,0,0,0.996955859969559,0.973478939157566,0,0.919871794871795,0.0113085621970921,0,0,0.995245641838352,0,0.996726677577741,0.7728,0.533950617283951,0.996840442338073,0,0,0.993537964458804,0.965785381026439,0.715434083601286,0.00159235668789809,0.00327868852459016,0.872813990461049,0.599056603773585,0.998387096774194,0.5320813771518,0.350961538461538,0,0.976377952755906,0.00328947368421053,0.952614379084967,0.0853462157809984,0,0.0139751552795031,0.120826709062003,0.478040540540541,0.968304278922345,0,0.94794952681388,0.972049689440994,0.996830427892235,0,0.0601626016260163,0.935702199661591,0.0050761421319797,1,0.996845425867508,0.0111642743221691,0.996815286624204,0.299050632911392,0.808988764044944,0.00955414012738853,0.166112956810631,0.960063897763578,0.0112540192926045,0.00318979266347687,0.976152623211447,0.00991735537190083,0.635157545605307,0.381493506493506,0,0.108832807570978,0.733118971061093,0.259968102073365,0.982539682539682,0.00314465408805031,0.1424,0.465,0.94794952681388,0.885220125786163,0.960063897763578,0.736585365853659,0,0.979623824451411,0.00315457413249211,0.966613672496025,0.408866995073892,0.0031201248049922,0.998427672955975,0.9967585089141,1,0.624798711755233,0.987341772151899,0.128664495114007,0.190553745928339,0.946031746031746,0.872611464968153,0,0,0.98858075040783,0.933333333333333,0.0209677419354839,0.982200647249191,0.995192307692308,0.376395534290271,0.930533117932149,0.739967897271268,0.8796875,0,0.9688013136289,0.337115072933549,0.998389694041868,0.995297805642633,0,0.624193548387097,0.970443349753695,0.00159235668789809,0.670436187399031,0.378378378378378,0.801232665639445,0.668789808917197,0.959752321981424,0.0822981366459627,0.980230642504119,1,0.981132075471698,0.302588996763754,0.0956937799043062,0.990445859872611,0.9968,0.00773993808049536,0.771428571428571,0.462616822429907,0.257551669316375,0.760064412238325,0.9968,0.88961038961039,0.996825396825397,0.132075471698113,0.00165562913907285,0,0.819218241042345,0.0016366612111293,0.0032520325203252,0.273865414710485,0,0.98740157480315,0.912974683544304,0.998387096774194,0.993720565149137,0.0884244372990354,0.00324675324675325,0,0,0.174629324546952,0.0783034257748776,0.144,0,0.00316455696202532,0.99685534591195,0.00784929356357928,0.298360655737705,0.998387096774194,0.598070739549839,0.969205834683955,0.652582159624413,0.625978090766823,0,0.996974281391831,0.401294498381877,0.493527508090615,0.919811320754717,0.984544049459042,0.39047619047619,0.0111821086261981,0.947867298578199,0.949447077409163,0,0.9625,0.0173775671406003,0.983416252072968,0.449526813880126,0,0.00801282051282051,0.524834437086093,0.832512315270936,0.00158730158730159,0.137254901960784,0.0113085621970921,0.00164744645799012,0.745682888540031,0.0258064516129032,0.998333333333333,0.310344827586207,0.993620414673046,0.00314465408805031,0.375399361022364,0.326797385620915,0.869281045751634,0.0993485342019544,0.0063391442155309,0.0032,0.0386473429951691,0,0.992272024729521,0.0367278797996661,0.979527559055118,0.00807754442649435,0.996715927750411,0,0.521193092621664,0.438511326860841,0.996865203761755,0,0.995230524642289,0,0.384615384615385,0.987138263665595,0,0.654205607476635,0.977671451355662,0.746341463414634,0.949180327868852,0.0377358490566038,0,0.998410174880763,0.254098360655738,0,0.676751592356688,0.00308641975308642,0.0235849056603774,0.996747967479675,0.996779388083736,0.989010989010989,0.966507177033493,0.97427652733119,0,0.969055374592834,0.026813880126183,0.365203761755486,0.283227848101266,0.992088607594937,0.988636363636364,0.990551181102362,0.988993710691824,0.05625,0.0143769968051118,0.988155668358714,0.958925750394945,0.702830188679245,0.982731554160126,0.996815286624204,0.972929936305732,0,0,0.982998454404946,0,0.0662460567823344,0,0.953376205787781,0.270627062706271,0.204582651391162,0.114147909967846,0.925278219395866,0,0.113237639553429,0.996825396825397,0.998407643312102,0.62760834670947,0.424615384615385,0.216257668711656,0.175824175824176,0.641479099678457,0.00315955766192733,0.115015974440895,0.554140127388535,0.263665594855305,0.692789968652038,0.0128617363344051,0,0.00328947368421053,0.328968903436989,0.996726677577741,0.636505460218409,0.226415094339623,0.618441971383148,0.879120879120879,0.988924050632911,0.965058236272879,0.986970684039088,0.99672131147541,0.9967585089141,0.55111821086262,0.420545746388443,0.996753246753247,0.00923076923076923,0.0124804992199688,0.874003189792663,0.0110759493670886,0.998439937597504,0.969793322734499,0,0.110927152317881,0,0.951534733441034,0,0.973015873015873,0.998389694041868,0.0110584518167457,0.83974358974359,0.996889580093313,0.662884927066451,0.624193548387097,0.868378812199037,0,0,0.927631578947368,0.942367601246106,0.989010989010989,0,0,0.00161290322580645,0.235478806907378,0.519169329073482,0,0.451456310679612,0,0.92109500805153,0.998363338788871,0.164227642276423,0.244408945686901,0,0.355987055016181,0.579967689822294,0.864779874213837,0.961360123647604,0.771565495207668,0.00319488817891374,0.991869918699187,0.0126582278481013,0.996688741721854,0,0.984591679506934,0.00807754442649435,0.996763754045307,0.0161550888529887,0.00986842105263158,0,0,0.829073482428115,0.92358803986711,0.934504792332268,0.720565149136578,0.0279503105590062,0.00975609756097561,0.835463258785943,0.830246913580247,0,0.0160513643659711,0.966074313408724,0,0.98531810766721,0.95859872611465,0.0664556962025316,0.0431309904153355,0.00481540930979133,0.996825396825397,0.466666666666667,0.072,0.102272727272727,0.117739403453689,0.687296416938111,0.105511811023622,0.998410174880763,0,0.75796178343949,0.9796875,0.00487012987012987,0,0.0031201248049922,0,0.00321027287319422,0.998425196850394,0.716417910447761,0.00163132137030995,0.00328407224958949,0.553571428571429,0.949756888168558,0.415748031496063,0.0506329113924051,0.0033500837520938,0.0530546623794212,0.0176282051282051,0,0.0260162601626016,0.00617283950617284,0,0.0142630744849445,0.0032258064516129,0.0485436893203883,0.0576923076923077,0.0174880763116057,0.0177133655394525,0.00495867768595041,0.023696682464455,0.023696682464455,0.0591054313099042,0.00801282051282051,0.0206022187004754,0.00166389351081531,0.00481540930979133,0.0463258785942492,0.00801282051282051,0.0200927357032458,0.00317965023847377,0.029874213836478,0.00467289719626168,0.00162337662337662
"20",0.9808,0.986024844720497,0.954337899543379,0.935691318327974,0.9712,0.980645161290323,0.884555382215289,0.959501557632399,0.981873111782477,0,0.987519500780031,0,0.575153374233129,0.982343499197432,0.0619195046439628,0.0253565768621236,0,0.0125588697017268,0.981012658227848,1,0.165390505359877,0.0402576489533011,0.975497702909648,0,0.948678071539658,0.26038338658147,0.124018838304553,0.974193548387097,0.482549317147193,0.694656488549618,0.0168453292496172,0.711568938193344,0.787974683544304,0.2921875,0,0.9859375,0.018348623853211,0.978361669242658,0.273273273273273,0.893188854489164,0.0015600624024961,0.0122887864823349,0.0062402496099844,0.9826224328594,0.771474878444084,0.0427215189873418,0.521193092621664,0.0202808112324493,0.493920972644377,0.149847094801223,0,0.981191222570533,0.275384615384615,0.982785602503912,0.871835443037975,0.182692307692308,0,0.965571205007825,0.940729483282675,0.906727828746177,0.301857585139319,0.450769230769231,0.0172413793103448,0,0.913461538461538,0.844135802469136,0,0.992163009404389,0,0.016025641025641,0.851226993865031,0.0203125,0.0357698289269051,0.986322188449848,0,0.726717557251908,0.0540123456790123,0.585889570552147,0.889240506329114,0.276143790849673,0,0.727692307692308,0.225308641975309,0.981735159817352,0.125386996904025,0.900611620795107,0.987616099071207,0.96141975308642,0.944272445820433,0.0107197549770291,0.973015873015873,0.982866043613707,0,0,0.968354430379747,0,0.301857585139319,0.964885496183206,0.00773993808049536,0.0093603744149766,0.632148377125193,0,0.294025157232704,0.980982567353407,0.10806697108067,0.979066022544283,0.0110062893081761,0.957878315132605,0.0160513643659711,0.021875,0.0232198142414861,0.894654088050314,0.352112676056338,0.976635514018692,0,0.976851851851852,0.733644859813084,0,0.0199081163859112,0.250393700787402,0,0.782131661442006,0.259938837920489,0.0925039872408294,0.959752321981424,0.161042944785276,0.98340874811463,0.976525821596244,0,0.572307692307692,0.928348909657321,0.503949447077409,0.970125786163522,0,0.982142857142857,0.0380517503805175,0,0.225196850393701,0.637931034482759,0.540284360189573,0,0,0.970588235294118,0.785046728971963,0.185897435897436,0.98740157480315,0.0199386503067485,0.922958397534669,0.43879173290938,0.963414634146341,0.146496815286624,0.971875,0.984152139461173,0.844615384615385,0.984375,0.017515923566879,0.984662576687117,0.0173228346456693,0,0.757861635220126,0.863076923076923,0.970769230769231,0.0296411856474259,0,0.983024691358025,0.454253611556982,0.990415335463259,0.982594936708861,0.98297213622291,0.289230769230769,0.96594427244582,0.0188087774294671,0.941807044410414,0.0194902548725637,0.891849529780564,0.3828125,0,0.969648562300319,0,0.858934169278997,0.987519500780031,0.137440758293839,0.967592592592593,0.946236559139785,0.979073243647235,0.966412213740458,0.115805946791862,0.388544891640867,0.923444976076555,0.934817170111288,0.0646687697160883,0.0185758513931889,0.963949843260188,0.85099846390169,0,0,0.312401883830455,0.00153374233128834,0.98468606431853,0.269817073170732,0.866028708133971,0.762269938650307,0.971299093655589,0.450155763239875,0.453703703703704,0.299524564183835,0.923676012461059,0.965408805031447,0.878274268104777,0,0.867924528301887,0.190016103059581,0.939490445859873,0.0154320987654321,0.0781010719754977,0.562893081761006,0.965354330708661,0.967741935483871,0.85062893081761,0.982892690513219,0.909667194928685,0,0.075,0.680786686838124,0.985530546623794,0,0.980182926829268,0.965045592705167,0.579598145285935,0.569659442724458,0.972179289026275,0.982084690553746,0.371653543307087,0,0.879204892966361,0.536661466458658,0.963607594936709,0.0199692780337942,0.955993930197269,0.984301412872841,0.986111111111111,0.957547169811321,0.54953560371517,0.0141732283464567,0.949921752738654,0.558103975535168,0.0180995475113122,0.0181543116490166,0.213836477987421,0.0156985871271586,0.165329052969502,0.690658499234303,0.0155038759689922,0.0217729393468118,0.0277349768875193,0.605143721633888,0.0509554140127389,0.970358814352574,0.0111287758346582,0.0124804992199688,0,0.237795275590551,0.98256735340729,0.959375,0.890262751159196,0,0.878740157480315,0.86890243902439,0.705790297339593,0.616224648985959,0.462264150943396,0.474178403755869,0.0122887864823349,0.982539682539682,0.109204368174727,0.717041800643087,0.946372239747634,0.0261136712749616,0.755832037325039,0.0188383045525903,0.129082426127527,0.981707317073171,0.983766233766234,0.879365079365079,0,0.659021406727829,0.874613003095975,0,0.0169491525423729,0.877828054298643,0.960691823899371,0,0.0170542635658915,0.0186625194401244,0.965244865718799,0.88529886914378,0.0174880763116057,0,0.393026941362916,0.9796875,0.793051359516616,0.41471048513302,0.670886075949367,0.958966565349544,0.0248833592534992,0.981707317073171,0.981337480559876,0.0218068535825545,0.962558502340094,0.982677165354331,0.963434022257552,0.981191222570533,0.202211690363349,0.323664122137405,0.291277258566978,0.958990536277603,0.944620253164557,0.0500758725341426,0.284603421461897,0.961300309597523,0.170245398773006,0.332330827067669,0.979591836734694,0.980891719745223,0.959375,0.712680577849117,0.978658536585366,0.272292993630573,0.950540958268934,0.982866043613707,0,0.329249617151608,0.568037974683544,0.0298273155416013,0.0535168195718654,0.027231467473525,0.919254658385093,0.0382848392036753,0.0154559505409583,0,0.245341614906832,0.976635514018692,0.089622641509434,0.97258064516129,0.951486697965571,0.966824644549763,0.2921875,0.296950240770466,0.691823899371069,0.471451876019576,0,0.84472049689441,0.0214067278287462,0.0486322188449848,0.207430340557276,0.985781990521327,0.015625,0,0.336405529953917,0.0216049382716049,0.0393700787401575,0.484567901234568,0.982539682539682,0.296650717703349,0.982142857142857,0.95447409733124,0,0.980769230769231,0.0137404580152672,0.986196319018405,0.856692913385827,0.985553772070626,0.028169014084507,0.963636363636364,0.0170278637770898,0.871517027863777,0.730769230769231,0.942546583850932,0.971786833855799,0.981102362204724,0.305164319248826,0.96875,0.981424148606811,0.0153846153846154,0.0401854714064915,0.984101748807631,0.986175115207373,0.334890965732087,0.877329192546584,0.944625407166124,0.955108359133127,0.984567901234568,0,0.131410256410256,0.98297213622291,0.0157728706624606,0,0.9515625,0.0110759493670886,0.0572337042925278,0.986111111111111,0.952755905511811,0.00477707006369427,0.652037617554859,0.442857142857143,0.976228209191759,0.0174880763116057,0.881410256410256,0.980830670926518,0.390625,0.614678899082569,0.801261829652997,0,0.164556962025316,0.957142857142857,0.98755832037325,0.465732087227414,0.98159509202454,0.962233169129721,0.0404354587869362,0,0.968944099378882,0.978328173374613,0.944186046511628,0.699074074074074,0.0250391236306729,0.862559241706161,0.244992295839753,0.190082644628099,0.0062111801242236,0.639810426540284,0.619496855345912,0.621374045801527,0,0.302931596091205,0.90251572327044,0.65015479876161,0.520673813169985,0.0876132930513595,0,0,0.985096870342772,0.960960960960961,0,0.909516380655226,0.00963081861958266,0,0,0.984177215189873,0,0.988941548183254,0.781446540880503,0.548238897396631,0.983282674772036,0,0,0.981072555205047,0.969834087481146,0.744712990936556,0.0153609831029186,0.00160513643659711,0.868501529051988,0.611872146118721,0.983050847457627,0.539877300613497,0.356589147286822,0,0.976744186046512,0.0194174757281553,0.941362916006339,0.105426356589147,0,0.0256410256410256,0.132701421800948,0.492610837438424,0.956723338485317,0,0.946236559139785,0.964831804281346,0.989214175654854,0,0.0920634920634921,0.930348258706468,0.0224358974358974,0.987767584097859,0.984639016897081,0.0216383307573416,0.984496124031008,0.316118935837246,0.814641744548287,0.0299212598425197,0.179407176287051,0.956181533646322,0.00940438871473354,0.0201863354037267,0.960183767228178,0.0208333333333333,0.685446009389671,0.407582938388626,0,0.125581395348837,0.752791068580542,0.266666666666667,0.967391304347826,0.0140405616224649,0.158295281582953,0.469918699186992,0.93587786259542,0.894009216589862,0.964285714285714,0.764423076923077,0,0.987654320987654,0.0171875,0.957746478873239,0.408,0.0166919575113809,0.981762917933131,0.985915492957746,0.985759493670886,0.645962732919255,0.965571205007825,0.145339652448657,0.194928684627575,0.933641975308642,0.87037037037037,0,0,0.976303317535545,0.917460317460317,0.028436018957346,0.973270440251572,0.976744186046512,0.379471228615863,0.920127795527157,0.724842767295597,0.877488514548239,0,0.956318252730109,0.343402225755167,0.985849056603774,0.986046511627907,0,0.662037037037037,0.9552,0.0189873417721519,0.714733542319749,0.406593406593407,0.817351598173516,0.704472843450479,0.957831325301205,0.0963302752293578,0.96998420221169,0.981220657276995,0.965625,0.309562398703404,0.105919003115265,0.979527559055118,0.983231707317073,0.00925925925925926,0.795384615384615,0.470496894409938,0.28110599078341,0.782270606531882,0.98145285935085,0.892018779342723,0.983154670750383,0.136503067484663,0.0147783251231527,0,0.84080370942813,0.0158730158730159,0.015625,0.29375,0,0.976525821596244,0.919452887537994,0.983050847457627,0.981707317073171,0.103937007874016,0.0174050632911392,0,0,0.17981072555205,0.0883280757097792,0.163009404388715,0,0.0201863354037267,0.98159509202454,0.0182926829268293,0.309148264984227,0.981279251170047,0.60625,0.958730158730159,0.665634674922601,0.635802469135803,0,0.988023952095808,0.413522012578616,0.510077519379845,0.916795069337442,0.978328173374613,0.403755868544601,0.00784929356357928,0.941915227629513,0.947368421052632,0,0.950151057401813,0.0276073619631902,0.978827361563518,0.452713178294574,0,0.00940438871473354,0.535369774919614,0.846031746031746,0.0187207488299532,0.1568,0.0123456790123457,0.00161290322580645,0.754916792738275,0.0393700787401575,0.990131578947368,0.33641975308642,0.978560490045942,0.0138461538461538,0.387442572741194,0.342229199372057,0.871382636655949,0.109350237717908,0.0169491525423729,0.00153846153846154,0.0561797752808989,0,0.980122324159021,0.0501618122977346,0.962235649546828,0.0202808112324493,0.984375,0,0.525114155251142,0.487341772151899,0.982785602503912,0,0.986153846153846,0,0.41025641025641,0.978193146417445,0,0.666151468315301,0.966876971608833,0.749221183800623,0.93522906793049,0.0569230769230769,0,0.984472049689441,0.27373417721519,0,0.708920187793427,0.0179640718562874,0.0323076923076923,0.985826771653543,0.982594936708861,0.975757575757576,0.957746478873239,0.961844197138315,0,0.962616822429907,0.0213414634146341,0.358024691358025,0.304347826086957,0.978260869565217,0.974803149606299,0.978294573643411,0.983050847457627,0.0559875583203732,0.0326594090202177,0.973813420621931,0.967391304347826,0.734254992319508,0.972434915773354,0.984520123839009,0.961180124223602,0,0,0.96865671641791,0,0.0746951219512195,0,0.942277691107644,0.301612903225806,0.215873015873016,0.137557959814529,0.936204146730462,0,0.121306376360809,0.982866043613707,0.987635239567233,0.65511811023622,0.43328335832084,0.226527570789866,0.197268588770865,0.652996845425868,0.0170278637770898,0.137825421133231,0.566510172143975,0.279251170046802,0.719939117199391,0.024653312788906,0,0.014308426073132,0.335443037974684,0.982286634460548,0.636363636363636,0.231707317073171,0.64031007751938,0.875583203732504,0.971080669710807,0.946341463414634,0.968354430379747,0.984101748807631,0.989028213166144,0.555384615384615,0.428134556574924,0.990595611285266,0.0224887556221889,0.0168711656441718,0.876755070202808,0.0123076923076923,0.983024691358025,0.960753532182104,0,0.127009646302251,0,0.950310559006211,0,0.956723338485317,0.985981308411215,0.021671826625387,0.848200312989045,0.98310291858679,0.670364500792393,0.65144596651446,0.861852433281005,0,0,0.924920127795527,0.933035714285714,0.973886328725038,0,0,0.0193236714975845,0.253086419753086,0.514913657770801,0,0.459752321981424,0,0.918918918918919,0.982758620689655,0.165109034267913,0.256923076923077,0,0.357827476038339,0.594043887147335,0.854263565891473,0.948837209302326,0.7890625,0.0169230769230769,0.974643423137876,0.0141509433962264,0.98256735340729,0,0.966360856269113,0.00775193798449612,0.98256735340729,0.0303514376996805,0.0239234449760766,0,0,0.833592534992224,0.939102564102564,0.928902627511592,0.7217125382263,0.04,0.020440251572327,0.82015503875969,0.822358346094946,0,0.0282574568288854,0.956318252730109,0,0.968503937007874,0.944099378881988,0.078125,0.0403100775193798,0.0232919254658385,0.98,0.484177215189873,0.0902021772939347,0.114649681528662,0.137071651090343,0.704472843450479,0.113149847094801,0.984202211690363,0,0.778301886792453,0.981395348837209,0.0031496062992126,0,0.0162962962962963,0,0.0171073094867807,0.982919254658385,0.727416798732171,0.0204724409448819,0.0125391849529781,0.570063694267516,0.946456692913386,0.455246913580247,0.0494590417310665,0.0145631067961165,0.0528,0.021671826625387,0,0.046875,0.0227617602427921,0.0110935023771791,0.0247295208655332,0.0153846153846154,0.0458860759493671,0.0532724505327245,0.029874213836478,0.0216383307573416,0.00628930817610063,0.0278637770897833,0.0274809160305344,0.05625,0.0188679245283019,0.021875,0.017515923566879,0.0205696202531646,0.0445151033386327,0.0186335403726708,0.0290076335877863,0.0168711656441718,0.0530421216848674,0.0135338345864662,0.0172955974842767
"21",0.166405023547881,0.155763239875389,0.184848484848485,0.222222222222222,0.153968253968254,0.16025641025641,0.249607535321821,0.183514774494557,0.155038759689922,0,0.160493827160494,0,0.508527131782946,0.1584,0.830745341614907,0.847352024922118,0,0.00318979266347687,0.156050955414013,0.165390505359877,1,0.841166936790924,0.169014084507042,0,0.199391171993912,0.705329153605016,0.841781874039939,0.178060413354531,0.642965204236006,0.452119309262166,0.839258114374034,0.462015503875969,0.380348652931854,0.687306501547988,0,0.15748031496063,0.00768049155145929,0.161538461538462,0.818862275449102,0.246177370030581,0,0.00152905198776758,0,0.15541601255887,0.377633711507293,0.842607313195548,0.56269592476489,0.852895148669797,0.614916286149163,0.788990825688073,0,0.162204724409449,0.855799373040752,0.161741835147745,0.268445839874411,0.770440251572327,0,0.188976377952756,0.190184049079755,0.267692307692308,0.692307692307692,0.659476117103236,0.85126582278481,0,0.262321144674086,0.331269349845201,0,0.160990712074303,0,0.838862559241706,0.269230769230769,0.828125,0.838006230529595,0.14854517611026,0,0.434250764525994,0.853658536585366,0.510802469135803,0.262992125984252,0.71900826446281,0,0.432307692307692,0.743511450381679,0.150306748466258,0.804651162790698,0.248085758039816,0.155624036979969,0.180277349768875,0.182945736434109,0,0.164852255054432,0.157320872274143,0,0,0.186305732484076,0,0.78680981595092,0.172955974842767,0,0,0.54320987654321,0,0.82472613458529,0.163522012578616,0.869831546707504,0.153354632587859,0,0.182103610675039,0.849445324881141,0.834384858044164,0.847094801223242,0.242472266244057,0.672955974842767,0.161695447409733,0,0.169230769230769,0.445652173913043,0,0.84031007751938,0.731132075471698,0,0.377567140600316,0.920062695924765,0.811708860759494,0.184615384615385,0.792569659442725,0.15220700152207,0.161189358372457,0,0.614791987673344,0.234472049689441,0.563579277864992,0.165625,0,0.16,0.836890243902439,0,0.993730407523511,0.444794952681388,0.643086816720257,0,0,0.183385579937304,0.39906103286385,0.77938808373591,0.149136577708006,0.838304552590267,0.233687405159332,0.623211446740858,0.170506912442396,0.907936507936508,0.177469135802469,0.141955835962145,0.289634146341463,0.147058823529412,0.835987261146497,0.147919876733436,0.845070422535211,0,0.421216848673947,0.288721804511278,0.172093023255814,0.83206106870229,0,0.150537634408602,0.663492063492063,0.148089171974522,0.154320987654321,0.150537634408602,0.67651632970451,0.192546583850932,0.852614896988906,0.198484848484848,0.835866261398176,0.2601246105919,0.658461538461538,0,0.173106646058733,0,0.284375,0.149842271293375,0.79746835443038,0.186520376175549,0.205928237129485,0.177443609022556,0.184899845916795,0.813271604938272,0.641881638846737,0.228934817170111,0.212121212121212,0.855813953488372,0.841121495327103,0.181818181818182,0.279251170046802,0,0,0.888712241653418,0,0.157492354740061,0.717628705148206,0.261562998405104,0.36517719568567,0.170992366412214,0.733755942947702,0.606153846153846,0.888888888888889,0.2140625,0.177952755905512,0.275115919629057,0,0.281733746130031,0.9328,0.217868338557994,0.856697819314642,0.81039755351682,0.625585023400936,0.177394034536892,0.174772036474164,0.323899371069182,0.157566302652106,0.268025078369906,0,0.815625,0.476263399693721,0.168238993710692,0,0.156105100463679,0.16793893129771,0.601236476043277,0.523809523809524,0.175355450236967,0.149350649350649,0.763693270735524,0,0.252293577981651,0.570982839313573,0.182829888712242,0.845201238390093,0.199395770392749,0.1546875,0.162037037037037,0.194620253164557,0.526234567901235,0.855365474339036,0.187993680884676,0.530046224961479,0.847305389221557,0.839097744360902,0.706436420722135,0.838810641627543,0.950320512820513,0.484018264840183,0.834876543209877,0.836166924265842,0.838810641627543,0.574242424242424,0.82753164556962,0.175078864353312,0,0.839813374805599,0,0.85214626391097,0.164012738853503,0.181395348837209,0.256211180124224,0,0.282009724473258,0.286149162861492,0.454545454545455,0.499219968798752,0.588050314465409,0.584126984126984,0,0.148264984227129,0.882800608828006,0.449760765550239,0.181533646322379,0.855403348554033,0.409937888198758,0.851330203442879,0.787925696594427,0.16385911179173,0.152350081037277,0.258267716535433,0,0.507716049382716,0.25511811023622,0,0.84012539184953,0.25,0.167974882260597,0,0.849462365591398,0.846625766871166,0.177235772357724,0.27591706539075,0.846275752773376,0,0.753943217665615,0.166405023547881,0.36517719568567,0.635514018691589,0.488993710691824,0.187403993855607,0.840062111801242,0.154320987654321,0.150621118012422,0.830427892234548,0.191063174114022,0.158059467918623,0.186195826645265,0.155624036979969,0.761240310077519,0.833594976452119,0.878930817610063,0.184294871794872,0.21669341894061,0.0121580547112462,0.724137931034483,0.178683385579937,0.78125,0.686011904761905,0.156346749226006,0.159810126582278,0.183641975308642,0.463836477987421,0.150769230769231,0.734076433121019,0.196946564885496,0.145800316957211,0,0.81651376146789,0.615384615384615,0.831007751937984,0.0169491525423729,0.837672281776417,0.233846153846154,0.836166924265842,0.849612403100775,0,0.7359375,0.162679425837321,0.81259842519685,0.166394779771615,0.192846034214619,0.163551401869159,0.888364779874214,0.888,0.435054773082942,0.581967213114754,0,0.337442218798151,0.850523168908819,0.820121951219512,0.855365474339036,0.149606299212598,0.848062015503876,0,0.829420970266041,0.835147744945568,0.864992150706436,0.573667711598746,0.159305993690852,0.715408805031447,0.159869494290375,0.176190476190476,0,0.173913043478261,0.840062111801242,0.153139356814701,0.3078125,0.154952076677316,0.856920684292379,0.183359013867488,0.842923794712286,0.274691358024691,0.43338683788122,0.213292117465224,0.175738724727838,0.1546875,0.870866141732283,0.193146417445483,0.149691358024691,0.838368580060423,0.825273010920437,0.158227848101266,0.138413685847589,0.674418604651163,0.262751159196291,0.196774193548387,0.206842923794712,0.16,0,0.785373608903021,0.137715179968701,0.844827586206897,0,0.18957345971564,0,0.81042654028436,0.150537634408602,0.172413793103448,0,0.5328125,0.610675039246468,0.170382165605096,0.8304,0.263492063492063,0.155448717948718,0.693877551020408,0.560490045941807,0.360808709175739,0,0.912636505460218,0.177777777777778,0.167441860465116,0.600931677018634,0.148148148148148,0.17056856187291,0.842923794712286,0,0.182235834609495,0.164835164835165,0.195987654320988,0.432307692307692,0.85202492211838,0.285939968404423,0.734789391575663,0.822475570032573,0,0.491255961844197,0.528213166144201,0.506849315068493,0,0.704944178628389,0.24375,0.463565891472868,0.547546012269939,0.8,0,0,0.147761194029851,0.17298937784522,0,0.233070866141732,0,0,0,0.139240506329114,0,0.165605095541401,0.386046511627907,0.628185907046477,0.148148148148148,0,0,0.162790697674419,0.206060606060606,0.419254658385093,0.847328244274809,0,0.268702290076336,0.568356374807988,0.160493827160494,0.538931297709924,0.668224299065421,0,0.161490683229814,0.838658146964856,0.197138314785374,0.800312012480499,0,0.849772382397572,0.789308176100629,0.564935064935065,0.17737003058104,0,0.21580547112462,0.18558282208589,0.158878504672897,0,0.82018927444795,0.212317666126418,0.856913183279743,0.138198757763975,0.150306748466258,0.839753466872111,0.137825421133231,0.881538461538461,0.347417840375587,0.846394984326019,0.8832,0.195618153364632,0,0.836923076923077,0.183076923076923,0.840255591054313,0.49047619047619,0.625978090766823,0,0.856049004594181,0.389154704944179,0.913846153846154,0.187697160883281,0.836734693877551,0.800918836140888,0.598694942903752,0.208206686930091,0.254211332312404,0.193037974683544,0.386075949367089,0,0.168486739469579,0.839203675344564,0.188589540412044,0.744038155802862,0.839203675344564,0.149390243902439,0.166405023547881,0.148205928237129,0.463722397476341,0.171779141104294,0.901098901098901,0.898089171974522,0.217729393468118,0.257410296411856,0,0,0.159489633173844,0.215625,0.85126582278481,0.178515007898894,0.175824175824176,0.808641975308642,0.214516129032258,0.43217665615142,0.256488549618321,0,0.196594427244582,0.776049766718507,0.158059467918623,0.149300155520995,0,0.488924050632911,0.178628389154705,0.84375,0.439873417721519,0.625954198473282,0.32579185520362,0.45583596214511,0.186544342507645,0.793313069908815,0.170886075949367,0.15625,0.181114551083591,0.790660225442834,0.821263482280431,0.156832298136646,0.156202143950995,0,0.381395348837209,0.61609907120743,0.717592592592593,0.36517719568567,0.15251572327044,0.254317111459969,0.157566302652106,0.138036809815951,0.844155844155844,0,0.333855799373041,0.85243328100471,0.838509316770186,0.715625,0,0.173913043478261,0.237577639751553,0.158555729984301,0.163833075734158,0.8,0.846875,0,0,0.876996805111821,0.839116719242902,0.771293375394322,0,0.842507645259939,0.151468315301391,0.363636363636364,0.873831775700935,0.16380655226209,0.574303405572755,0.181818181818182,0.484520123839009,0.505359877488515,0,0.153046062407132,0.770569620253165,0.680685358255452,0.226646248085758,0.168224299065421,0.771251931993818,0,0.207430340557276,0.195158850226929,0,0.187594553706505,0.845669291338583,0.166666666666667,0.593059936908517,0,0,0.666129032258065,0.328616352201258,0.846153846153846,0.793375394321767,0,0,0.38391502276176,0.845911949685535,0.148026315789474,0.679012345679012,0.153374233128834,0.845440494590417,0.639876352395672,0.662957074721781,0.284329563812601,0.817749603803486,0.842507645259939,0,0.834130781499203,0,0.158850226928896,0.710443037974684,0.186081694402421,0.852664576802508,0.167197452229299,0,0.543674698795181,0.634069400630915,0.15527950310559,0,0.152439024390244,0,0.63301282051282,0.166921898928025,0,0.506172839506173,0.173166926677067,0.363057324840764,0.204437400950872,0.838957055214724,0,0.160186625194401,0.708860759493671,0,0.474576271186441,0.838368580060423,0.845565749235474,0.160377358490566,0.1504,0.168168168168168,0.18408736349454,0.187697160883281,0,0.181388012618297,0.00308641975308642,0.773846153846154,0.710485133020344,0.166153846153846,0.163009404388715,0.166149068322981,0.168224299065421,0.0470219435736677,0.84375,0.175040518638574,0.190993788819876,0.415503875968992,0.171296296296296,0.142857142857143,0.195384615384615,0,0,0.174366616989568,0,0.805513016845329,0.00158982511923688,0.190402476780186,0.712,0.756756756756757,0.861586314152411,0.21656050955414,0.0015600624024961,0.859133126934985,0.15600624024961,0.161094224924012,0.504658385093168,0.745508982035928,0.741791044776119,0.766412213740458,0.449920508744038,0.84080370942813,0.796352583586626,0.620094191522763,0.727975270479134,0.426810477657935,0.84031007751938,0,0.85031847133758,0.7808,0.15311004784689,0.505359877488515,0.867867867867868,0.485225505443235,0.27047913446677,0.171732522796353,0.213247172859451,0.175632911392405,0.176656151419558,0.165109034267913,0.537037037037037,0.63594470046083,0.167456556082148,0.846385542168675,0.840978593272171,0.286604361370716,0,0.16,0.175654853620955,0,0.808,0,0.208722741433022,0,0.182795698924731,0.157164869029276,0.847457627118644,0.314641744548287,0.151515151515152,0.52411575562701,0.524767801857585,0.273301737756714,0,0,0.216748768472906,0.20414201183432,0.170278637770898,0,0,0.824088748019017,0.729938271604938,0.557299843014129,0,0.601837672281776,0,0.225039619651347,0.156985871271586,0.782608695652174,0.730182926829268,0,0.661881977671451,0.513302034428795,0.274844720496894,0.187878787878788,0.372093023255814,0.85625,0.17515923566879,0.0816640986132511,0.159305993690852,0,0.171032357473035,0,0.14785373608903,0.831230283911672,0.531645569620253,0,0,0.311627906976744,0.212662337662338,0.218798151001541,0.420091324200913,0.853474320241692,0.846031746031746,0.304953560371517,0.276073619631902,0,0.834645669291339,0.192789968652038,0,0.158982511923688,0.200312989045383,0.81832298136646,0.0123076923076923,0.841940532081377,0.153013910355487,0.569858712715856,0.796825396825397,0.789137380191693,0.802795031055901,0.439490445859873,0.796296296296296,0.15015479876161,0,0.414442700156986,0.167692307692308,0,0,0.848854961832061,0,0.836641221374046,0.15600624024961,0.433962264150943,0.849206349206349,0.83015873015873,0.610062893081761,0.200626959247649,0.656298600311042,0.0137614678899083,0.840579710144927,0.0587301587301587,0.0109204368174727,0,0.70606531881804,0.832307692307692,0.836220472440945,0.843076923076923,0.850539291217257,0.0126582278481013,0.0168970814132104,0.834890965732087,0.00933125972006221,0.00317965023847377,0.0328125,0.010752688172043,0.0123456790123457,0.852255054432348,0.0170807453416149,0.851612903225806,0.848341232227488,0.0127186009538951,0.839563862928349,0.0561456752655539,0.849230769230769,0.792834890965732,0.847432024169184,0.839622641509434
"22",0.0376432078559738,0.0342019543973941,0.0591054313099042,0.0898502495840266,0.0462046204620462,0.0360655737704918,0.115823817292007,0.0616883116883117,0.0332278481012658,0,0.0273752012882448,0,0.446945337620579,0.0360655737704918,0.930868167202572,0.9648,0,0.00165289256198347,0.033167495854063,0.0402576489533011,0.841166936790924,1,0.0425867507886435,0,0.0749601275917065,0.76260162601626,0.863414634146341,0.0382059800664452,0.559875583203733,0.320574162679426,0.971246006389776,0.329581993569132,0.267441860465116,0.701130856219709,0,0.0382775119617225,0.00623052959501558,0.0385232744783307,0.75195007800312,0.121794871794872,0,0,0,0.037953795379538,0.251689189189189,0.960975609756098,0.520259319286872,0.970588235294118,0.544025157232704,0.862559241706161,0,0.0422764227642276,0.722675367047308,0.0310965630114566,0.116968698517298,0.845140032948929,0,0.0598006644518272,0.0653907496012759,0.121359223300971,0.703403565640194,0.596153846153846,0.9688013136289,0,0.142148760330579,0.205834683954619,0,0.0490196078431373,0,0.967479674796748,0.182829888712242,0.983922829581994,0.9456,0.0303030303030303,0,0.314465408805031,0.92109500805153,0.451456310679612,0.12624584717608,0.735494880546075,0,0.310509554140127,0.812995245641838,0.0362776025236593,0.886035313001605,0.11198738170347,0.0388978930307942,0.0653907496012759,0.0580847723704867,0,0.0528052805280528,0.0338709677419355,0,0,0.0584415584415584,0,0.677316293929712,0.0498392282958199,0,0,0.394822006472492,0,0.724306688417618,0.0363636363636364,0.876369327073552,0.0264026402640264,0,0.0504065040650407,0.972085385878489,0.963993453355156,0.966292134831461,0.0983870967741935,0.668261562998405,0.0336538461538462,0,0.0452342487883683,0.304777594728171,0,0.969453376205788,0.790849673202614,0,0.262057877813505,0.743178170144462,0.903973509933775,0.0610932475884244,0.871753246753247,0.0368,0.0385232744783307,0,0.461414790996785,0.102605863192182,0.530944625407166,0.0429752066115702,0,0.0363036303630363,0.95253164556962,0,0.78369384359401,0.401976935749588,0.490848585690516,0,0,0.058252427184466,0.261513157894737,0.848837209302326,0.0360065466448445,0.965244865718799,0.106858054226475,0.592409240924092,0.0527156549520767,0.857377049180328,0.0419354838709677,0.0294117647058824,0.191626409017713,0.036741214057508,0.966996699669967,0.0258899676375405,0.965798045602606,0,0.285251215559157,0.149277688603531,0.0451612903225806,0.960254372019078,0,0.0302547770700637,0.557213930348259,0.0314569536423841,0.035031847133758,0.0369181380417336,0.70440251572327,0.062200956937799,0.964285714285714,0.0870253164556962,0.965625,0.122749590834697,0.658496732026144,0,0.0522875816993464,0,0.17515923566879,0.0322061191626409,0.855737704918033,0.0531400966183575,0.0700636942675159,0.037914691943128,0.0526315789473684,0.888888888888889,0.635634028892456,0.105785123966942,0.0849673202614379,0.925686591276252,0.963022508038585,0.0545454545454545,0.145631067961165,0,0,0.700162074554295,0,0.0304975922953451,0.738170347003155,0.127450980392157,0.27373417721519,0.0471698113207547,0.583606557377049,0.586429725363489,0.70935960591133,0.119868637110016,0.0717781402936378,0.136217948717949,0,0.153481012658228,0.816971713810316,0.0948419301164725,0.969404186795491,0.917065390749601,0.466882067851373,0.0616883116883117,0.0492063492063492,0.205501618122977,0.0338709677419355,0.137479541734861,0,0.909822866344606,0.370839936608558,0.042833607907743,0,0.0335463258785942,0.0538827258320127,0.456628477905074,0.474193548387097,0.0395387149917628,0.0336700336700337,0.605519480519481,0,0.133228840125392,0.503257328990228,0.0549084858569052,0.967320261437909,0.0759493670886076,0.0338164251207729,0.032051282051282,0.0812603648424544,0.491935483870968,0.967585089141005,0.0691318327974277,0.487261146496815,0.965299684542587,0.9640625,0.797734627831715,0.974151857835218,0.830065359477124,0.352380952380952,0.971014492753623,0.963549920760697,0.958333333333333,0.421393841166937,0.950083194675541,0.05,0,0.959742351046699,0,0.756933115823817,0.0298013245033113,0.0487804878048781,0.13452188006483,0,0.149750415973378,0.170144462279294,0.340390879478827,0.420711974110032,0.548440065681445,0.56836902800659,0,0.0381426202321725,0.888,0.314189189189189,0.0725806451612903,0.9584,0.274061990212072,0.967845659163987,0.865695792880259,0.0332805071315372,0.0372250423011844,0.114427860696517,0,0.363492063492063,0.12106135986733,0,0.964343598055105,0.121069182389937,0.0453074433656958,0,0.974317817014446,0.965079365079365,0.0444078947368421,0.153973509933775,0.966832504145937,0,0.60129659643436,0.0459770114942529,0.243630573248408,0.621138211382114,0.365131578947368,0.0787781350482315,0.96260162601626,0.0302547770700637,0.0337620578778135,0.957860615883306,0.0578778135048231,0.0358890701468189,0.0481727574750831,0.0288,0.825320512820513,0.690821256038647,0.713584288052373,0.0514096185737977,0.1,0,0.747967479674797,0.0570962479608483,0.855519480519481,0.710691823899371,0.0420711974110032,0.0383386581469649,0.0690208667736758,0.336092715231788,0.0283464566929134,0.791869918699187,0.0692913385826772,0.0313531353135314,0,0.681672025723473,0.454106280193237,0.956168831168831,0,0.959501557632399,0.113268608414239,0.950558213716108,0.975922953451043,0,0.8,0.035031847133758,0.91437802907916,0.050251256281407,0.0652866242038217,0.0444078947368421,0.717285945072698,0.706176961602671,0.356677524429967,0.551666666666667,0,0.198036006546645,0.957547169811321,0.940717628705148,0.797427652733119,0.0337620578778135,0.965798045602606,0,0.671497584541063,0.959546925566343,0.951298701298701,0.5536,0.0324675324675325,0.742148760330579,0.0285714285714286,0.058252427184466,0,0.044478527607362,0.96474358974359,0.0358814352574103,0.196428571428571,0.0329489291598023,0.955810147299509,0.0561797752808989,0.964343598055105,0.13452188006483,0.310286677908938,0.0832,0.0532258064516129,0.0309446254071661,0.713114754098361,0.0703764320785597,0.0316957210776545,0.9648,0.95253164556962,0.0358306188925081,0.023961661341853,0.679365079365079,0.146964856230032,0.0693739424703892,0.0850722311396469,0.0336,0,0.882736156351791,0.0372168284789644,0.970731707317073,0,0.0654664484451719,0,0.938610662358643,0.0287539936102236,0.0649350649350649,0,0.37785016286645,0.601957585644372,0.0504885993485342,0.97029702970297,0.147783251231527,0.0395387149917628,0.643790849673203,0.418940609951846,0.232786885245902,0,0.835526315789474,0.06,0.0325732899022801,0.569805194805195,0.0322061191626409,0.064957264957265,0.95114006514658,0,0.0544871794871795,0.0377668308702791,0.072463768115942,0.3359375,0.962295081967213,0.158238172920065,0.775080906148867,0.792027729636049,0,0.415435139573071,0.423263327948304,0.409756097560976,0,0.722408026755853,0.112211221122112,0.392,0.515007898894155,0.894573643410853,0,0,0.0292307692307692,0.0519685039370079,0,0.101777059773829,0,0,0,0.03125,0,0.0315614617940199,0.240650406504065,0.482758620689655,0.02660406885759,0,0,0.0453808752025932,0.0761904761904762,0.301612903225806,0.971291866028708,0,0.126984126984127,0.414790996784566,0.0289389067524116,0.491143317230274,0.66936790923825,0,0.0531400966183575,0.963272120200334,0.0792880258899676,0.898360655737705,0,0.961844197138315,0.881877022653722,0.516074450084602,0.0579710144927536,0,0.0857142857142857,0.0478468899521531,0.0383386581469649,0,0.910277324632953,0.0859106529209622,0.966044142614601,0.0336,0.0366826156299841,0.966346153846154,0.0336538461538462,0.703049759229534,0.216216216216216,0.96260162601626,0.818032786885246,0.073051948051948,0,0.965853658536585,0.0549273021001615,0.969055374592834,0.369458128078818,0.608766233766234,0,0.864433811802233,0.281923714759536,0.736089030206677,0.0527156549520767,0.966074313408724,0.849358974358974,0.570219966159052,0.093603744149766,0.14375,0.0667752442996743,0.278688524590164,0,0.0570522979397781,0.967793880837359,0.0638297872340425,0.610197368421053,0.970404984423676,0.0300157977883096,0.0296540362438221,0.0373983739837398,0.395498392282958,0.0476947535771065,0.856913183279743,0.808130081300813,0.0884244372990354,0.13452188006483,0,0,0.0323101777059774,0.103448275862069,0.949756888168558,0.0516129032258065,0.0419354838709677,0.640394088669951,0.106135986733002,0.295566502463054,0.128980891719745,0,0.0671031096563011,0.640650406504065,0.0256,0.0293637846655791,0,0.383116883116883,0.0593080724876442,0.964856230031949,0.339901477832512,0.636510500807754,0.244514106583072,0.351307189542484,0.0759493670886076,0.902053712480253,0.0473856209150327,0.0373983739837398,0.0479233226837061,0.672158154859967,0.870065789473684,0.0432,0.0304487179487179,0,0.244019138755981,0.549679487179487,0.764991896272285,0.262738853503185,0.0322061191626409,0.145662847790507,0.0275526742301459,0.110210696920583,0.963210702341137,0,0.208333333333333,0.961165048543689,0.967793880837359,0.734726688102894,0,0.0447284345047923,0.118022328548644,0.032520325203252,0.0415335463258786,0.891056910569106,0.972402597402597,0,0,0.822368421052632,0.890909090909091,0.841845140032949,0,0.964516129032258,0.032,0.390625,0.704248366013072,0.0264900662251656,0.432038834951456,0.0598006644518272,0.37239165329053,0.386687797147385,0,0.0276923076923077,0.61247947454844,0.512355848434926,0.0971786833855799,0.0469255663430421,0.607431340872375,0,0.0787781350482315,0.0738993710691824,0,0.0568720379146919,0.961352657004831,0.0480928689883914,0.585874799357945,0,0,0.498322147651007,0.195161290322581,0.967897271268058,0.870065789473684,0,0,0.288611544461778,0.957095709570957,0.0345423143350604,0.691943127962085,0.0425867507886435,0.968454258675079,0.624203821656051,0.679933665008292,0.157284768211921,0.913851351351351,0.96260162601626,0,0.944170771756979,0,0.0375,0.773333333333333,0.0488958990536278,0.964169381107492,0.0285714285714286,0,0.486356340288925,0.569805194805195,0.0294117647058824,0,0.032967032967033,0,0.617021276595745,0.0417335473515249,0,0.348726114649682,0.0553745928338762,0.292079207920792,0.0876623376623377,0.949044585987261,0,0.0337620578778135,0.749185667752443,0,0.32475884244373,0.967340590979782,0.94888178913738,0.033003300330033,0.0340356564019449,0.0416666666666667,0.0536585365853659,0.0427631578947368,0,0.0551948051948052,0,0.629570747217806,0.725521669341894,0.0359477124183007,0.0409165302782324,0.0399361022364217,0.0398724082934609,0.0291734197730956,0.962540716612378,0.0461538461538462,0.073015873015873,0.30952380952381,0.053968253968254,0.0366826156299841,0.0544871794871795,0,0,0.0475460122699387,0,0.916398713826367,0.00164473684210526,0.0775444264943457,0.736754966887417,0.796747967479675,0.866352201257862,0.114516129032258,0,0.875,0.0333333333333333,0.0334394904458599,0.388709677419355,0.596899224806202,0.808936825885978,0.827751196172249,0.380872483221476,0.963375796178344,0.866666666666667,0.460674157303371,0.756933115823817,0.337025316455696,0.953451043338684,0,0.964343598055105,0.646579804560261,0.031404958677686,0.363489499192246,0.76875,0.411290322580645,0.1408,0.0410094637223975,0.0818030050083473,0.0545454545454545,0.0344827586206897,0.0327868852459016,0.487138263665595,0.6,0.0357142857142857,0.965463108320251,0.959311424100156,0.158064516129032,0,0.0369181380417336,0.0617088607594937,0,0.896838602329451,0,0.0854838709677419,0,0.0589198036006547,0.0357723577235772,0.963492063492064,0.184764991896272,0.0330708661417323,0.350162866449511,0.398724082934609,0.127035830618893,0,0,0.0976027397260274,0.0920436817472699,0.0431309904153355,0,0,0.968067226890756,0.787267080745342,0.524959742351047,0,0.572131147540984,0,0.112026359143328,0.0391517128874388,0.794069192751236,0.786624203821656,0,0.677631578947368,0.44281045751634,0.158319870759289,0.0681458003169572,0.258675078864353,0.966019417475728,0.0464344941956882,0.0779220779220779,0.0311475409836066,0,0.0496794871794872,0,0.0311475409836066,0.957377049180328,0.579207920792079,0,0,0.194847020933977,0.105436573311367,0.0855784469096672,0.303571428571429,0.94375,0.957377049180328,0.208400646203554,0.181533646322379,0,0.957654723127036,0.0537459283387622,0,0.0373983739837398,0.0749601275917065,0.905996758508914,0,0.968,0.0345368916797488,0.545454545454545,0.914893617021277,0.880199667221298,0.880952380952381,0.333892617449664,0.893650793650794,0.0309446254071661,0,0.286634460547504,0.0540540540540541,0,0,0.96875,0,0.9664,0.0357142857142857,0.325581395348837,0.965964343598055,0.963815789473684,0.454242928452579,0.0737704918032787,0.591414944356121,0,0.967479674796748,0.0416666666666667,0.00803858520900321,0,0.777960526315789,0.960380348652932,0.964227642276423,0.957074721780604,0.963722397476341,0,0,0.958730158730159,0.00645161290322581,0.00329489291598023,0.0271132376395534,0.00636942675159236,0,0.962722852512156,0.0130081300813008,0.968227424749164,0.963081861958267,0,0.962903225806452,0.0473933649289099,0.971337579617834,0.888529886914378,0.965678627145086,0.973856209150327
"23",0.984202211690363,0.989280245022971,0.963133640552995,0.931309904153355,0.973143759873618,0.990291262135922,0.8734375,0.961538461538462,0.992424242424242,0,0.990839694656489,0,0.562403697996918,0.989010989010989,0.0526315789473684,0.0214067278287462,0,0.0111287758346582,0.987361769352291,0.975497702909648,0.169014084507042,0.0425867507886435,1,0,0.953632148377125,0.262090483619345,0.116279069767442,0.97933227344992,0.46606334841629,0.67741935483871,0.0108024691358025,0.686244204018547,0.763322884012539,0.293291731669267,0,0.987635239567233,0.0152671755725191,0.984544049459042,0.27736131934033,0.899543378995434,0.00156739811912226,0.0122324159021407,0.00763358778625954,0.989079563182527,0.787974683544304,0.0349761526232114,0.521462639109698,0.0076103500761035,0.473919523099851,0.145427286356822,0,0.985871271585557,0.279141104294479,0.987519500780031,0.871913580246914,0.166666666666667,0,0.9796875,0.946236559139785,0.88719512195122,0.3078125,0.429892141756549,0.0125984251968504,0,0.901430842607313,0.814641744548287,0,0.981395348837209,0,0.0110236220472441,0.851289833080425,0.0139968895800933,0.0313971742543171,0.987915407854985,0,0.704819277108434,0.0574018126888218,0.567026194144838,0.887480190174326,0.276872964169381,0,0.702290076335878,0.215568862275449,0.989393939393939,0.12326656394453,0.90273556231003,0.987730061349693,0.95968992248062,0.961832061068702,0.0075642965204236,0.976525821596244,0.989164086687306,0,0,0.963607594936709,0,0.295208655332303,0.970496894409938,0.00764525993883792,0.00938967136150235,0.610591900311526,0,0.296529968454259,0.989010989010989,0.10806697108067,0.99211356466877,0.00623052959501558,0.964615384615385,0.00788643533123028,0.0201550387596899,0.0169491525423729,0.896551724137931,0.338461538461538,0.984375,0,0.97428139183056,0.703875968992248,0,0.0122137404580153,0.25,0,0.758190327613105,0.260736196319018,0.0846645367412141,0.961360123647604,0.157076205287714,0.989263803680982,0.9859375,0,0.546707503828484,0.923430321592649,0.50390015600624,0.987480438184664,0,0.982892690513219,0.0303030303030303,0,0.22848200312989,0.629107981220657,0.524486571879937,0,0,0.964669738863287,0.758566978193146,0.169329073482428,0.992260061919505,0.0170807453416149,0.913312693498452,0.422118380062305,0.974436090225564,0.147744945567652,0.975,0.990476190476191,0.833590138674884,0.981424148606811,0.00946372239747634,0.990668740279938,0.0107858243451464,0,0.734059097978227,0.861911987860395,0.978361669242658,0.0245022970903522,0,0.987767584097859,0.447452229299363,0.988871224165342,0.992307692307692,0.990625,0.295558958652374,0.967741935483871,0.0109717868338558,0.934650455927052,0.0105580693815988,0.88871473354232,0.374045801526718,0,0.971875,0,0.850931677018634,0.990668740279938,0.138364779874214,0.973520249221184,0.94,0.980654761904762,0.966817496229261,0.105590062111801,0.389649923896499,0.917721518987342,0.935534591194969,0.062015503875969,0.0168453292496172,0.973228346456693,0.854070660522273,0,0,0.321259842519685,0.00154083204930663,0.98796992481203,0.263636363636364,0.872307692307692,0.757341576506955,0.978819969742814,0.440124416796268,0.452160493827161,0.306853582554517,0.911042944785276,0.953416149068323,0.868702290076336,0,0.87673343605547,0.189320388349515,0.92879746835443,0.00930232558139535,0.0725075528700906,0.522012578616352,0.970542635658915,0.968133535660091,0.816358024691358,0.989197530864197,0.88871473354232,0,0.0773993808049536,0.653905053598775,0.982919254658385,0,1,0.968373493975904,0.544323483670295,0.541795665634675,0.977952755905512,0.988817891373802,0.362229102167183,0,0.879939209726444,0.532710280373832,0.959119496855346,0.0124031007751938,0.952887537993921,0.985871271585557,0.989230769230769,0.956521739130435,0.53393665158371,0.0124416796267496,0.959814528593508,0.554364471669219,0.016566265060241,0.0105263157894737,0.2140625,0.00928792569659443,0.170616113744076,0.673252279635258,0.00934579439252336,0.0137825421133231,0.0156494522691706,0.584848484848485,0.0461783439490446,0.974921630094044,0.00949367088607595,0.00782472613458529,0,0.24251968503937,0.990506329113924,0.973724884080371,0.886645962732919,0,0.8624,0.850769230769231,0.681047765793529,0.606481481481482,0.457627118644068,0.478806907378336,0.00916030534351145,0.989096573208723,0.109737248840804,0.704838709677419,0.95,0.0230414746543779,0.737327188940092,0.00924499229583975,0.126934984520124,0.989329268292683,0.988853503184713,0.880314960629921,0,0.634146341463415,0.873065015479876,0,0.0121951219512195,0.882352941176471,0.967391304347826,0,0.0106060606060606,0.0107033639143731,0.968847352024922,0.869496855345912,0.00958466453674121,0,0.378086419753086,0.984152139461173,0.782805429864253,0.393468118195956,0.661927330173776,0.947611710323575,0.0199692780337942,0.992331288343558,0.989197530864197,0.013953488372093,0.962848297213622,0.990783410138249,0.971698113207547,0.987730061349693,0.201538461538462,0.328220858895706,0.299684542586751,0.9625,0.929133858267717,0.0490045941807044,0.2828125,0.966981132075472,0.155384615384615,0.316816816816817,0.982785602503912,0.98755832037325,0.956589147286822,0.681962025316456,0.986404833836858,0.261075949367089,0.951788491446345,0.989096573208723,0,0.333333333333333,0.557120500782473,0.0294573643410853,0.0508474576271186,0.0167427701674277,0.906976744186046,0.0390977443609023,0.00938967136150235,0,0.238021638330757,0.982758620689655,0.0764430577223089,0.970873786407767,0.959501557632399,0.976671850699845,0.299373040752351,0.305732484076433,0.665629860031104,0.458804523424879,0,0.822429906542056,0.0226928895612708,0.0484848484848485,0.209800918836141,0.990551181102362,0.0138248847926267,0,0.341538461538462,0.0214723926380368,0.0328638497652582,0.468118195956454,0.989197530864197,0.282504012841092,0.990322580645161,0.9629057187017,0,0.982430453879941,0.0105580693815988,0.990825688073395,0.824773413897281,0.990476190476191,0.0187793427230047,0.97428139183056,0.0093167701863354,0.877708978328173,0.702702702702703,0.945288753799392,0.973765432098765,0.986003110419907,0.302507836990596,0.960998439937597,0.989280245022971,0.012326656394453,0.0375586854460094,0.989147286821705,0.989263803680982,0.338931297709924,0.879256965944272,0.954911433172303,0.946236559139785,0.992343032159265,0,0.120826709062003,0.990639625585023,0.0108191653786708,0,0.956589147286822,0.00789889415481832,0.0489296636085627,0.992331288343558,0.959183673469388,0.00467289719626168,0.625978090766823,0.423380726698262,0.974842767295597,0.0111821086261981,0.864864864864865,0.987361769352291,0.373626373626374,0.600303951367781,0.769470404984424,0,0.17601246105919,0.963549920760697,0.989010989010989,0.453703703703704,0.98936170212766,1,0.0344287949921753,0.0015552099533437,0.977029096477795,0.9875,0.948757763975155,0.685887708649469,0.0156494522691706,0.855799373040752,0.251552795031056,0.179153094462541,0.0062015503875969,0.612852664576803,0.606918238993711,0.609230769230769,0,0.29047619047619,0.897515527950311,0.633435582822086,0.528158295281583,0.087797619047619,0,0,0.989705882352941,0.968036529680365,0,0.917829457364341,0.00782472613458529,0,0,0.990726429675425,0,0.995222929936306,0.770670826833073,0.513719512195122,0.990839694656489,0,0,0.9859375,0.951807228915663,0.714503816793893,0.0106221547799697,0.0015748031496063,0.861911987860395,0.591679506933744,0.987596899224806,0.525423728813559,0.34585289514867,0,0.966257668711656,0.0128410914927769,0.941732283464567,0.0882352941176471,0,0.0179640718562874,0.120184899845917,0.501633986928105,0.967741935483871,0,0.943854324734446,0.967889908256881,0.990867579908676,0,0.0746031746031746,0.927868852459016,0.0161290322580645,0.989329268292683,0.989425981873112,0.0217391304347826,0.989164086687306,0.314024390243902,0.802795031055901,0.0201550387596899,0.183673469387755,0.955177743431221,0.00625,0.00771604938271605,0.963358778625954,0.0189274447949527,0.657232704402516,0.393650793650794,0,0.125757575757576,0.728571428571429,0.273556231003039,0.964230171073095,0.0123647604327666,0.164086687306502,0.461412151067323,0.935975609756098,0.87062404870624,0.962323390894819,0.754358161648177,0,0.983154670750383,0.0121765601217656,0.963893249607535,0.387096774193548,0.0119760479041916,0.989230769230769,0.989113530326594,0.990610328638498,0.636080870917574,0.976599063962558,0.134493670886076,0.197802197802198,0.936825885978428,0.876923076923077,0,0,0.984375,0.9248,0.0265625,0.976525821596244,0.984350547730829,0.38,0.917316692667707,0.714738510301109,0.875957120980092,0,0.961119751166407,0.327102803738318,0.989164086687306,0.987692307692308,0,0.641975308641975,0.961059190031153,0.00773993808049536,0.679186228482003,0.397553516819572,0.789237668161435,0.68798751950078,0.966966966966967,0.0895295902883156,0.977883096366509,0.987577639751553,0.968992248062015,0.297124600638978,0.101538461538462,0.978328173374613,0.990895295902883,0.0045662100456621,0.772445820433437,0.466973886328725,0.274809160305344,0.761240310077519,0.993769470404984,0.8796875,0.987748851454824,0.131498470948012,0.00803858520900321,0,0.809006211180124,0.0124223602484472,0.0124223602484472,0.282131661442006,0,0.979938271604938,0.90519877675841,0.990726429675425,0.981510015408321,0.0969230769230769,0.00949367088607595,0,0,0.186708860759494,0.088646967340591,0.166666666666667,0,0.0108191653786708,0.992283950617284,0.0107692307692308,0.313971742543171,0.989010989010989,0.589783281733746,0.963949843260188,0.655589123867069,0.639570552147239,0,0.991084695393759,0.391849529780564,0.499217527386541,0.912442396313364,0.974164133738602,0.405864197530864,0.00924499229583975,0.936335403726708,0.940458015267176,0,0.968133535660091,0.0233644859813084,0.9792,0.440860215053763,0,0.0061633281972265,0.516693163751987,0.8375,0.0121212121212121,0.142857142857143,0.00928792569659443,0.00162337662337662,0.760119940029985,0.0359937402190923,0.988617886178862,0.328220858895706,0.986238532110092,0.0121951219512195,0.381316998468606,0.340189873417722,0.859177215189873,0.104,0.0107033639143731,0.0031104199066874,0.0550314465408805,0,0.984962406015038,0.046031746031746,0.96875,0.0142630744849445,0.990551181102362,0,0.515197568389058,0.450858034321373,0.987730061349693,0,0.990825688073395,0,0.4016,0.983128834355828,0,0.647604327666152,0.970266040688576,0.748043818466354,0.935433070866142,0.0517503805175038,0,0.990839694656489,0.265822784810127,0,0.680491551459293,0.012012012012012,0.0230061349693252,0.990595611285266,0.988976377952756,0.987933634992459,0.970404984423676,0.976671850699845,0,0.972179289026275,0.0199081163859112,0.354642313546423,0.298165137614679,0.980213089802131,0.982785602503912,0.986175115207373,0.984544049459042,0.049306625577812,0.0246913580246914,0.974068071312804,0.947286821705426,0.709923664122137,0.969418960244648,0.990853658536585,0.958652373660031,0,0,0.976331360946746,0,0.074468085106383,0,0.942724458204334,0.292063492063492,0.219589257503949,0.130769230769231,0.909516380655226,0,0.117647058823529,0.989045383411581,0.990825688073395,0.628930817610063,0.419790104947526,0.21037037037037,0.196107784431138,0.655172413793103,0.00615384615384615,0.115919629057187,0.543343653250774,0.280185758513932,0.699236641221374,0.0201238390092879,0,0.0062111801242236,0.317535545023697,0.990536277602524,0.627300613496933,0.237593984962406,0.603715170278638,0.870170015455951,0.978851963746224,0.953674121405751,0.965785381026439,0.993710691823899,0.987519500780031,0.555038759689922,0.423076923076923,0.989180834621329,0.014792899408284,0.0167682926829268,0.864615384615385,0.00763358778625954,0.987823439878234,0.966767371601209,0,0.1109375,0,0.940902021772939,0,0.969183359013868,0.990683229813665,0.0198170731707317,0.828125,0.989473684210526,0.644654088050314,0.621745788667688,0.866141732283465,0,0,0.913398692810457,0.933726067746686,0.977203647416413,0,0,0.0095389507154213,0.248085758039816,0.515527950310559,0,0.46319018404908,0,0.911811023622047,0.989180834621329,0.164576802507837,0.240061162079511,0,0.347551342812006,0.597523219814242,0.865030674846626,0.953030303030303,0.761467889908257,0.0108864696734059,0.9796875,0.015600624024961,0.991974317817014,0,0.974358974358974,0.00622083981337481,0.990506329113924,0.0295489891135303,0.01743264659271,0,0,0.811728395061728,0.931089743589744,0.923312883435583,0.720121028744327,0.0379362670713202,0.0186625194401244,0.824615384615385,0.835820895522388,0,0.0219092331768388,0.962790697674419,0,0.985714285714286,0.943511450381679,0.0782472613458529,0.0415384615384615,0.0139751552795031,0.989247311827957,0.468253968253968,0.0786163522012579,0.1088,0.131045241809672,0.688995215311005,0.107413010590015,0.995207667731629,0,0.746478873239437,0.981762917933131,0.00313479623824451,0,0.00750750750750751,0,0.0125588697017268,0.990740740740741,0.715654952076677,0.00943396226415094,0.0110759493670886,0.539556962025316,0.951713395638629,0.43531202435312,0.0475460122699387,0.0128,0.0527156549520767,0.0123076923076923,0,0.040625,0.0164424514200299,0.0125391849529781,0.0247678018575851,0.00754147812971342,0.0438871473354232,0.0555555555555556,0.0186335403726708,0.015600624024961,0.00635930047694754,0.0258751902587519,0.0198473282442748,0.0570987654320988,0.0153609831029186,0.0184899845916795,0.0127388535031847,0.0124804992199688,0.0423861852433281,0.0187793427230047,0.0196671709531014,0.00768049155145929,0.0448916408668731,0.0134932533733133,0.0107858243451464
"24",0,0,0,0,0,0,0.0124416796267496,0,0,1,0,1,0,0,0,0,1,0.983154670750383,0,0,0,0,0,1,0,0,0,0.00157977883096367,0,0,0,0,0.00156739811912226,0,1,0,0.980091883614089,0,0,0,0.998425196850394,0.983231707317073,0.993865030674847,0,0,0,0,0,0,0,1,0,0,0,0.0125391849529781,0,1,0,0.00153139356814701,0,0,0,0,1,0,0,1,0,1,0,0,0,0,0,1,0.00155038759689922,0,0,0.00157232704402516,0,1,0,0,0,0,0,0,0,0.00467289719626168,0.989247311827957,0,0,1,1,0,1,0.0182094081942337,0,0.992389649923896,0.990625,0.0093603744149766,1,0,0,0,0,0.988976377952756,0.0015748031496063,0,0,0,0.0141732283464567,0,0,1,0,0,1,0,0,1,0.00157728706624606,0,0,0,0,0,0,1,0.00769230769230769,0,0,0,1,0,0,1,0,0,0.00625978090766823,1,1,0,0,0,0,0,0,0,0,0,0,0,0,0,0,0,0,1,0,0.00457317073170732,0,0,1,0,0,0,0,0,0,0,0,0,0,0.0031104199066874,0,1,0,1,0,0,0,0,0,0,0,0,0,0,0,0,0,0,0.0199692780337942,1,1,0,0.998454404945904,0,0,0.00938967136150235,0,0,0,0,0,0,0,0.0015220700152207,1,0,0,0,0,0,0.00313971742543171,0,0,0.0015527950310559,0,0,1,0,0,0,1,0,0,0.00463678516228748,0,0,0,0.0203125,1,0.0136157337367625,0,0,0,0,0,0,0,0,0,0,0,0,0,0,0,0,0,0,0,0,0,0,0,0.9890625,0,1,0.00465116279069767,0,0,0,1,0.00157977883096367,0.00153609831029186,0,0,0,0,0.987711213517665,0,0,0,0,0,0,0,0,0,0,0.0125588697017268,1,0,0.0139968895800933,1,0,0.0121396054628225,0,1,0,0,0,0,0,1,0.0170278637770898,0,0,0,0,0,0,0,0,0,0,0,0,0,0,0,0,0.00157232704402516,0,0.948484848484848,0,0,0,0,0,0,0,0,0,0,0,0,1,0,0.00940438871473354,0,0.945121951219512,0,0,0,0,1,0,0,0,0,0,0,0,0,0,0,1,0,0,0,0,0,0,1,0,0,0,0.00307219662058372,0,0,0,0,1,0,0,0,0,0,0,0,0,0,0,0,0,0.00309119010819165,0,0,0,0,0,0,0,0,0,0,0,0,1,0,0,0,1,0,0.990506329113924,0,0,0,0.995348837209302,0.00916030534351145,0,0,0,0,0,0,0,0,1,0,0,0,0,0,0,0,0.998439937597504,0,0,0,0,0,0.00470219435736677,0,0.014827018121911,0.99388379204893,0,0,0,1,0,0.00153374233128834,0,0,0,1,1,0,0,1,0,0.989010989010989,1,1,0,1,0,0.00153846153846154,0.00762195121951219,0,1,1,0,0,0,0,0.998407643312102,0.0181268882175227,0,0,0,0,1,0,0,0.00156739811912226,0,1,0,0,0,0.00154559505409583,1,0,0,0,1,0,0,0,0,0,0,0,0,0,0,0.00157977883096367,0,0.990580847723705,0,0,0,0,0.0093167701863354,1,0,0.00316957210776545,0,0,0,0,0,0,0,0,0,1,0,0,0,0.0048,0,0,0,0,0,0,0,0,0,0.0122699386503067,1,1,0,0,0,0,0,0,0,0,0.0151057401812689,1,0,0.0157232704402516,0,0,1,0,0,0,0.0015527950310559,0,0,0,0,0,0.00155763239875389,0,0,0.0177133655394525,0.0262751159196291,0,0,0.992389649923896,0,0,0,0,0,0,0,0.77557251908397,0,1,0.00153609831029186,0,0,0,1,0,0,0,0,0,0,1,1,0,0,0,1,0,0,0.555219364599092,0,0,0.00775193798449612,0,0,0,1,0,0,0,0.00302571860816944,0,0,0.990769230769231,0,0,1,0.00151745068285281,0,0,0,1,0.990811638591118,0,0,0,0,0.98780487804878,0.998397435897436,0,0,0,0,0,0,0,0,0.00478468899521531,0,0,0.998447204968944,0,1,0,0.152,0,0,0,1,0,0,0,1,0,1,0,0,1,0.0167682926829268,0,0,0.00160513643659711,0,1,0,0,1,0,0,0,0,0,0,0.0046583850931677,0.0015600624024961,1,0,0.977307110438729,0.0211800302571861,0,0,0,0,0,0.922839506172839,0,0,0,0,0,0,0,1,1,0,1,0,0.998449612403101,0,0,0,0,0,0.998459167950693,0,0,0,0,0,0,0,0,0,0,0,0,0,0,1,0,0.0205696202531646,0,0.0290519877675841,0,0,0.00458015267175573,0,0.00159235668789809,0,0,0,0,0,0,0,0,0.00307219662058372,0.98780487804878,0,0,1,0,1,0,1,0,0,0,0,0,0.0015748031496063,0,0.0173228346456693,1,1,0,0,0,1,1,0,0,0,1,0,1,0,0,0.0358814352574103,0,1,0,0,0,0,0,0,0,0.90527950310559,0,1,0,0.992435703479576,0,0,0.361370716510903,1,1,0.00152905198776758,0,0.00766871165644172,0,0,0,0,0,1,0,0,1,0,0,0,0.956454121306376,0,0,0,0,0,0,0,0,0,1,0,0,0.996904024767802,1,0,1,0,0,0,0,0,0.00625,0.00463678516228748,0,0.952671755725191,0,0.890995260663507,0.976047904191617,1,0.149842271293375,0,0,0.00606060606060606,0,0.949843260188088,0.94478527607362,0,0.976671850699845,0.99211356466877,0.95046439628483,0.974045801526718,0.942249240121581,0,0.969418960244648,0,0,0.9515625,0,0.933634992458522,0,0.0540123456790123,0,0
"25",0.95253164556962,0.958268933539413,0.938366718027735,0.899053627760252,0.945859872611465,0.954330708661417,0.880434782608696,0.931570762052877,0.96,0,0.953703703703704,0,0.583333333333333,0.949286846275753,0.0859375,0.0458015267175573,0,0.0124223602484472,0.960254372019078,0.948678071539658,0.199391171993912,0.0749601275917065,0.953632148377125,0,1,0.282131661442006,0.160436137071651,0.941455696202532,0.494656488549618,0.701834862385321,0.0508474576271186,0.716279069767442,0.789638932496075,0.332302936630603,0,0.949843260188088,0.0154083204930663,0.952160493827161,0.291044776119403,0.876923076923077,0,0.0152671755725191,0.0031104199066874,0.964285714285714,0.7712,0.0624,0.53343701399689,0.0422535211267606,0.499241274658574,0.177177177177177,0,0.9484375,0.314728682170543,0.955108359133127,0.864,0.200317965023847,0,0.941823899371069,0.920245398773006,0.875,0.327639751552795,0.471406491499227,0.0457413249211356,0,0.872,0.831050228310502,0,0.95,0,0.041335453100159,0.857361963190184,0.0499219968798752,0.0608424336973479,0.955725190839695,0,0.725308641975309,0.086232980332829,0.60061919504644,0.881619937694704,0.309484193011647,0,0.711684370257967,0.242009132420091,0.957055214723926,0.14900153609831,0.894171779141104,0.957943925233645,0.940092165898618,0.930662557781202,0.00906344410876133,0.943217665615142,0.95852534562212,0,0,0.941823899371069,0,0.342507645259939,0.937597503900156,0.0062111801242236,0.0078003120124805,0.646604938271605,0,0.31378763866878,0.954545454545455,0.15695067264574,0.953821656050955,0.00783699059561128,0.940902021772939,0.046875,0.0515625,0.0483619344773791,0.889060092449923,0.3578125,0.951788491446345,0,0.943164362519201,0.725609756097561,0,0.0449612403100775,0.274603174603175,0,0.785826771653543,0.305810397553517,0.12241653418124,0.940993788819876,0.192901234567901,0.957251908396947,0.951863354037267,0,0.589312977099237,0.90809968847352,0.522012578616352,0.950949367088608,0,0.959807073954984,0.0652503793626707,0,0.262321144674086,0.635220125786163,0.55591054313099,0,0,0.9375,0.778471138845554,0.20450885668277,0.952978056426332,0.0463678516228748,0.908116385911179,0.442857142857143,0.938837920489297,0.182108626198083,0.94679186228482,0.955625990491284,0.858024691358025,0.950617283950617,0.0427215189873418,0.958904109589041,0.0440944881889764,0,0.761146496815287,0.851908396946565,0.942367601246106,0.0564024390243902,0,0.955177743431221,0.464342313787639,0.966292134831461,0.959501557632399,0.95405819295559,0.326807228915663,0.93953488372093,0.0477657935285054,0.913978494623656,0.0425531914893617,0.864864864864865,0.389908256880734,0,0.949771689497717,0,0.842592592592593,0.964506172839506,0.161392405063291,0.940092165898618,0.922360248447205,0.95187969924812,0.934451219512195,0.144859813084112,0.403053435114504,0.902362204724409,0.924170616113744,0.0996932515337423,0.0434782608695652,0.936708860759494,0.838759689922481,0,0,0.346333853354134,0,0.960122699386503,0.284615384615385,0.86762360446571,0.76036866359447,0.946188340807175,0.474576271186441,0.47758887171561,0.337025316455696,0.878504672897196,0.936908517350158,0.864197530864197,0,0.874809160305344,0.225806451612903,0.905362776025237,0.0361067503924647,0.115384615384615,0.578461538461538,0.934272300469484,0.931921331316188,0.836166924265842,0.951486697965571,0.869905956112853,0,0.118296529968454,0.680555555555556,0.950387596899225,0,0.956723338485317,0.944193061840121,0.59190031152648,0.562305295950156,0.949230769230769,0.96,0.406885758998435,0,0.864615384615385,0.558359621451104,0.932148626817447,0.0354938271604938,0.914373088685015,0.959311424100156,0.951219512195122,0.917316692667707,0.547112462006079,0.0423861852433281,0.934272300469484,0.554531490015361,0.0535168195718654,0.0468277945619335,0.23696682464455,0.04375,0.183544303797468,0.699236641221374,0.0449612403100775,0.0449612403100775,0.0527131782945736,0.636225266362253,0.0803149606299213,0.95260663507109,0.00940438871473354,0.0438184663536776,0,0.278740157480315,0.954113924050633,0.948916408668731,0.884735202492212,0,0.858505564387917,0.840245775729647,0.7078125,0.627725856697819,0.49144634525661,0.481946624803768,0.00775193798449612,0.961119751166407,0.14064914992272,0.714738510301109,0.93613707165109,0.0535168195718654,0.767080745341615,0.0503937007874016,0.153488372093023,0.951515151515152,0.953525641025641,0.88125,0,0.702786377708978,0.87797147385103,0,0.0430769230769231,0.883861236802413,0.940251572327044,0,0.0432766615146832,0.0441400304414003,0.937898089171974,0.854864433811802,0.0436187399030695,0,0.423676012461059,0.94912559618442,0.787234042553192,0.418856259659969,0.694136291600634,0.91499227202473,0.0481366459627329,0.955589586523737,0.959627329192547,0.0486656200941915,0.940902021772939,0.962441314553991,0.941176470588235,0.967692307692308,0.234567901234568,0.369230769230769,0.335413416536661,0.930926216640502,0.914012738853503,0.044478527607362,0.304278922345483,0.931570762052877,0.181818181818182,0.345808383233533,0.946889226100152,0.954113924050633,0.930015552099533,0.712480252764613,0.95398773006135,0.289763779527559,0.929230769230769,0.95440251572327,0,0.370426829268293,0.580188679245283,0.0556414219474498,0.0476190476190476,0.0564885496183206,0.907407407407407,0.0750382848392037,0.0373250388802488,0,0.273291925465839,0.954330708661417,0.117554858934169,0.944894651539708,0.932411674347158,0.94392523364486,0.334384858044164,0.334913112164297,0.694099378881988,0.482258064516129,0,0.812302839116719,0.0506912442396313,0.0779816513761468,0.239567233384853,0.958990536277603,0.0418604651162791,0,0.380434782608696,0.049079754601227,0.0681458003169572,0.47900466562986,0.960998439937597,0.310789049919485,0.955954323001631,0.924409448818898,0,0.946587537091988,0.0351145038167939,0.96030534351145,0.819875776397516,0.962085308056872,0.0564263322884013,0.943511450381679,0.0436817472698908,0.850699844479005,0.709728867623604,0.91304347826087,0.950693374422188,0.948837209302326,0.334370139968896,0.940345368916798,0.952380952380952,0.0474732006125574,0.0679012345679012,0.95447409733124,0.950769230769231,0.357585139318885,0.857361963190184,0.940514469453376,0.922374429223744,0.958966565349544,0,0.15689381933439,0.956521739130435,0.0521327014218009,0,0.933544303797468,0.00952380952380952,0.0824088748019017,0.957446808510638,0.937205651491366,0.00155038759689922,0.667192429022082,0.442338072669826,0.942857142857143,0.0518867924528302,0.875993640699523,0.952456418383518,0.4125,0.661016949152542,0.785150078988942,0,0.21259842519685,0.938193343898574,0.954828660436137,0.471048513302034,0.959214501510574,0.932896890343699,0.0744186046511628,0.0015527950310559,0.939814814814815,0.9609375,0.928682170542636,0.721109399075501,0.0501567398119122,0.846635367762128,0.263157894736842,0.217821782178218,0.00614439324116743,0.644338118022329,0.655063291139241,0.619565217391304,0,0.316211878009631,0.89922480620155,0.673913043478261,0.548780487804878,0.116941529235382,0,0,0.956780923994039,0.936555891238671,0,0.893188854489164,0.00947867298578199,0,0,0.957210776545166,0,0.958664546899841,0.786499215070644,0.566869300911854,0.957251908396947,0,0,0.959938366718028,0.931818181818182,0.742331288343558,0.0462962962962963,0.00321027287319422,0.860606060606061,0.655913978494624,0.958139534883721,0.558282208588957,0.366929133858268,0,0.937984496124031,0.0463258785942492,0.925750394944708,0.118483412322275,0,0.0490045941807044,0.15600624024961,0.513687600644122,0.926791277258567,0,0.922960725075529,0.947852760736196,0.954198473282443,0,0.120063191153239,0.923076923076923,0.0476190476190476,0.957186544342508,0.957055214723926,0.0549618320610687,0.955453149001536,0.34984520123839,0.813186813186813,0.0564263322884013,0.214968152866242,0.927357032457496,0.00782472613458529,0.04375,0.94081942336874,0.0525477707006369,0.682539682539683,0.43171114599686,0,0.151326053042122,0.741679873217116,0.30568356374808,0.937308868501529,0.0449612403100775,0.165390505359877,0.482815057283142,0.918305597579425,0.859327217125382,0.9390625,0.77293934681182,0,0.941358024691358,0.0440729483282675,0.934375,0.43317230273752,0.0474732006125574,0.955453149001536,0.962264150943396,0.953051643192488,0.63312693498452,0.941358024691358,0.174114021571649,0.236593059936909,0.931034482758621,0.8609375,0,0,0.947867298578199,0.918138041733547,0.0573248407643312,0.949286846275753,0.956318252730109,0.417565485362096,0.911251980982567,0.763955342902711,0.869831546707504,0,0.949921752738654,0.378335949764521,0.952086553323029,0.956181533646322,0,0.655226209048362,0.9472,0.043956043956044,0.705696202531646,0.413476263399694,0.82051282051282,0.6875,0.929323308270677,0.127080181543116,0.948635634028893,0.953416149068323,0.943768996960486,0.349683544303797,0.138629283489097,0.946153846153846,0.955725190839695,0.0062402496099844,0.782208588957055,0.505376344086022,0.289968652037618,0.76,0.95,0.879256965944272,0.958461538461538,0.128398791540786,0.0432,0,0.830218068535826,0.0441640378548896,0.0446841294298921,0.29249617151608,0,0.951713395638629,0.889739663093415,0.957613814756672,0.947772657450077,0.135433070866142,0.0469483568075117,0,0,0.216174183514774,0.1234375,0.194312796208531,0,0.0414110429447853,0.956923076923077,0.0321100917431193,0.3453125,0.95859872611465,0.625,0.9456,0.655712050078247,0.64750378214826,0,0.954209748892171,0.44006309148265,0.55968992248062,0.894977168949772,0.945121951219512,0.43778801843318,0.00923076923076923,0.9171875,0.920122887864823,0,0.932203389830508,0.0598425196850394,0.948635634028893,0.462616822429907,0,0.00615384615384615,0.576298701298701,0.827639751552795,0.0495356037151703,0.163232963549921,0.00775193798449612,0,0.751117734724292,0.065625,0.954098360655738,0.355932203389831,0.95565749235474,0.0426179604261796,0.417054263565891,0.342313787638669,0.848966613672496,0.138977635782748,0.0398773006134969,0.00152905198776758,0.0900473933649289,0,0.961077844311377,0.0750798722044728,0.93815987933635,0.0488958990536278,0.956661316211878,0,0.537993920972644,0.486780715396579,0.959438377535101,0,0.95475113122172,0,0.432216905901116,0.942812982998454,0,0.682242990654206,0.942857142857143,0.732919254658385,0.909667194928685,0.0766871165644172,0,0.95852534562212,0.303317535545024,0,0.708588957055215,0.0375375375375375,0.0632716049382716,0.955414012738854,0.957413249211357,0.947692307692308,0.934782608695652,0.945054945054945,0,0.940532081377152,0.0185185185185185,0.387247278382582,0.312401883830455,0.952380952380952,0.951334379905808,0.94969512195122,1,0.0552995391705069,0.057542768273717,0.944625407166124,0.929467084639498,0.746130030959752,0.951863354037267,0.953775038520801,0.933229813664596,0,0,0.937406855439642,0,0.116207951070336,0,0.919876733436055,0.307073954983923,0.228434504792332,0.169254658385093,0.897356143079316,0,0.152647975077882,0.9515625,0.959876543209877,0.659442724458204,0.464447806354009,0.246268656716418,0.224582701062215,0.666141732283465,0.0444104134762634,0.169753086419753,0.602484472049689,0.2984375,0.741984732824427,0.049306625577812,0,0.0418604651162791,0.370253164556962,0.957074721780604,0.646511627906977,0.264661654135338,0.65015479876161,0.858678955453149,0.943283582089552,0.925925925925926,0.94006309148265,0.957345971563981,0.958268933539413,0.573208722741433,0.436055469953775,0.956127080181543,0.0406626506024096,0.0493827160493827,0.855384615384615,0.00759878419452888,0.958841463414634,0.942161339421613,0,0.151033386327504,0,0.9125,0,0.94856278366112,0.956856702619414,0.0505359877488515,0.834645669291339,0.960061443932412,0.681889763779528,0.665123456790123,0.864906832298137,0,0,0.899513776337115,0.916417910447761,0.943076923076923,0,0,0.0365659777424483,0.28680981595092,0.517611026033691,0,0.48159509202454,0,0.901430842607313,0.949921752738654,0.205696202531646,0.274961597542243,0,0.372239747634069,0.610248447204969,0.835658914728682,0.926605504587156,0.7782874617737,0.0473933649289099,0.9456,0.0188087774294671,0.953748006379585,0,0.945121951219512,0.00777604976671851,0.9536,0.0608424336973479,0.0412698412698413,0,0,0.813084112149533,0.8976,0.910060975609756,0.776255707762557,0.0661654135338346,0.0489731437598736,0.833333333333333,0.801213960546282,0,0.0644654088050314,0.936532507739938,0,0.942492012779553,0.923076923076923,0.111627906976744,0.040625,0.0479134466769706,0.95738203957382,0.491419656786271,0.1287284144427,0.143759873617694,0.157407407407407,0.736842105263158,0.137404580152672,0.962558502340094,0,0.783018867924528,0.941358024691358,0.00474683544303797,0,0.045045045045045,0,0.046583850931677,0.954828660436137,0.749598715890851,0.0440251572327044,0.0462519936204147,0.579872204472843,0.918110236220472,0.466973886328725,0.0453857791225416,0.0483870967741935,0.054140127388535,0.0187207488299532,0,0.0752351097178683,0.0457317073170732,0.043956043956044,0.0557275541795666,0.0395738203957382,0.0425867507886435,0.0534351145038168,0.0635658914728682,0.0219092331768388,0.00644122383252818,0.0264385692068429,0.0245022970903522,0.050381679389313,0.0498442367601246,0.0234375,0.043956043956044,0.0436817472698908,0.0441640378548896,0.0546021840873635,0.0287009063444109,0.0430769230769231,0.0657492354740061,0.0461997019374069,0.0453125
"26",0.256077795786062,0.274167987321712,0.285939968404423,0.299674267100977,0.27831715210356,0.244663382594417,0.32741935483871,0.276295133437991,0.248818897637795,0,0.245222929936306,0,0.609717868338558,0.256077795786062,0.732594936708861,0.76875,0,0.00317965023847377,0.2496,0.26038338658147,0.705329153605016,0.76260162601626,0.262090483619345,0,0.282131661442006,1,0.7232,0.270531400966184,0.580343213728549,0.466353677621283,0.74922600619195,0.513428120063191,0.455858747993579,0.696124031007752,0,0.234076433121019,0.00927357032457496,0.244131455399061,0.692541856925419,0.316358024691358,0,0.0031201248049922,0,0.246006389776358,0.415584415584416,0.751211631663974,0.772213247172859,0.753968253968254,0.599388379204893,0.722560975609756,0,0.249605055292259,0.671949286846276,0.258012820512821,0.323151125401929,0.726247987117552,0,0.268921095008052,0.285046728971963,0.362637362637363,0.736925515055468,0.605304212168487,0.7508038585209,0,0.346645367412141,0.378504672897196,0,0.260252365930599,0,0.735483870967742,0.3734375,0.7296875,0.746434231378764,0.246081504702194,0,0.478193146417445,0.745709828393136,0.576619273301738,0.356792144026187,0.684729064039409,0,0.511811023622047,0.812596006144393,0.248833592534992,0.728571428571429,0.31924882629108,0.259433962264151,0.280185758513932,0.289308176100629,0.00153374233128834,0.259083728278041,0.24251968503937,0,0,0.259259259259259,0,0.646129541864139,0.266561514195584,0,0,0.507911392405063,0,0.676656151419558,0.246753246753247,0.731182795698925,0.258481421647819,0.00158982511923688,0.271428571428571,0.754746835443038,0.751962323390895,0.7390625,0.310618066561014,0.669316375198728,0.2736,0,0.265079365079365,0.485133020344288,0,0.755485893416928,0.681458003169572,0,0.4528,0.689984101748808,0.74481658692185,0.276295133437991,0.736593059936908,0.257861635220126,0.247648902821317,0,0.54,0.29570747217806,0.557165861513688,0.261290322580645,0,0.258169934640523,0.744548286604361,0,0.723472668810289,0.645833333333333,0.54414125200642,0,0,0.273015873015873,0.450479233226837,0.742765273311897,0.258267716535433,0.743589743589744,0.303459119496855,0.632686084142395,0.258914728682171,0.735056542810985,0.257364341085271,0.2352,0.374805598755832,0.2515625,0.739967897271268,0.252747252747253,0.751974723538705,0,0.44794952681388,0.36833855799373,0.266561514195584,0.750390015600624,0,0.258215962441315,0.622366288492707,0.244262295081967,0.25,0.246445497630332,0.718266253869969,0.262090483619345,0.747235387045814,0.28680981595092,0.74079754601227,0.332288401253919,0.94392523364486,0,0.262166405023548,0,0.394944707740916,0.235387045813586,0.702791461412151,0.269716088328076,0.287301587301587,0.259600614439324,0.258620689655172,0.738170347003155,0.632558139534884,0.333333333333333,0.286407766990291,0.72755905511811,0.75195007800312,0.27602523659306,0.355345911949686,0,0,0.684294871794872,0,0.253499222395023,0.690031152647975,0.340255591054313,0.50625,0.24079754601227,0.606349206349206,0.580594679186229,0.678913738019169,0.294212218649518,0.280448717948718,0.352574102964119,0,0.345425867507886,0.726537216828479,0.293650793650794,0.736925515055468,0.80370942812983,0.54416403785489,0.28,0.272868217054264,0.425632911392405,0.2515625,0.36724960254372,0,0.799373040752351,0.507086614173228,0.258730158730159,0,0.253477588871716,0.276234567901235,0.536115569823435,0.52276295133438,0.25314465408805,0.25531914893617,0.634185303514377,0,0.333333333333333,0.601941747572815,0.278501628664495,0.756289308176101,0.29375,0.253543307086614,0.250393700787402,0.303514376996805,0.554347826086957,0.747603833865815,0.282296650717703,0.716981132075472,0.75808936825886,0.746177370030581,0.670382165605096,0.736677115987461,0.729903536977492,0.450310559006211,0.753993610223642,0.747634069400631,0.737909516380655,0.507020280811232,0.742301458670989,0.258785942492013,0.00160771704180064,0.751962323390895,0,0.678913738019169,0.2592,0.263406940063092,0.352941176470588,0,0.357495881383855,0.346333853354134,0.522012578616352,0.54675118858954,0.640944881889764,0.562599049128368,0.00153846153846154,0.243506493506494,0.739403453689168,0.500818330605565,0.284820031298905,0.743390357698289,0.429022082018927,0.746835443037975,0.722488038277512,0.2453125,0.245469522240527,0.33605220228385,0,0.468315301391036,0.312302839116719,0,0.741784037558685,0.325227963525836,0.276729559748428,0,0.756289308176101,0.750390015600624,0.265040650406504,0.375404530744337,0.756137479541735,0,0.619273301737757,0.272151898734177,0.4046875,0.619718309859155,0.488599348534202,0.279434850863422,0.742496050552923,0.265079365079365,0.257911392405063,0.763492063492063,0.268933539412674,0.253184713375796,0.266881028938907,0.250393700787402,0.770932069510269,0.657276995305164,0.676609105180534,0.266881028938907,0.306425041186161,0.015748031496063,0.676422764227642,0.268562401263823,0.865203761755486,0.658536585365854,0.263650546021841,0.257410296411856,0.295133437990581,0.479674796747967,0.245723172628305,0.6752,0.286384976525822,0.248,0,0.666666666666667,0.5232,0.762360446570973,0.0125786163522013,0.74375,0.326984126984127,0.75,0.757624398073836,0,0.800314465408805,0.252818035426731,0.735015772870662,0.270315091210614,0.285261489698891,0.271565495207668,0.688,0.67156862745098,0.513556618819777,0.597063621533442,0,0.419152276295133,0.74347158218126,0.753894080996885,0.70404984423676,0.249190938511327,0.741679873217116,0,0.649206349206349,0.761682242990654,0.736507936507937,0.661835748792271,0.255520504731861,0.678688524590164,0.254515599343186,0.2704,0,0.271341463414634,0.744582043343653,0.2546875,0.402843601895735,0.255627009646302,0.738924050632911,0.275272161741835,0.742496050552923,0.3312,0.492682926829268,0.299065420560748,0.273865414710485,0.250783699059561,0.686614173228347,0.297906602254428,0.248847926267281,0.746177370030581,0.740095087163233,0.240829346092504,0.247226624405705,0.661927330173776,0.31974921630094,0.270491803278689,0.300623052959502,0.255520504731861,0,0.731078904991948,0.249201277955272,0.750397456279809,0,0.268370607028754,0,0.746006389776358,0.259375,0.290220820189274,0,0.491987179487179,0.931746031746032,0.27373417721519,0.762903225806452,0.353503184713376,0.249597423510467,0.630990415335463,0.50390015600624,0.443910256410256,0,0.729032258064516,0.272727272727273,0.259141494435612,0.842767295597484,0.246875,0.276666666666667,0.736507936507937,0,0.266875981161695,0.261637239165329,0.291139240506329,0.510903426791277,0.75594294770206,0.3664,0.822884012539185,0.671118530884808,0,0.562197092084006,0.546623794212219,0.561622464898596,0,0.66721044045677,0.312202852614897,0.547581903276131,0.588516746411483,0.73780487804878,0,0,0.24390243902439,0.277089783281734,0,0.31911532385466,0.00160771704180064,0,0,0.2528,0,0.264026402640264,0.40251572327044,0.552147239263804,0.2328125,0,0,0.262658227848101,0.289433384379786,0.478806907378336,0.747663551401869,0,0.3328173374613,0.513975155279503,0.259780907668232,0.741885625965997,0.662358642972536,0,0.273716951788491,0.760975609756098,0.295886075949367,0.732463295269168,0,0.745736434108527,0.728,0.624172185430464,0.272583201267829,0,0.298136645962733,0.271585557299843,0.249216300940439,0,0.74481658692185,0.288107202680067,0.741407528641571,0.236024844720497,0.264566929133858,0.744479495268139,0.248037676609105,0.690590111642743,0.388364779874214,0.736925515055468,0.712218649517685,0.279620853080569,0.00161550888529887,0.7424,0.2734375,0.755700325732899,0.519354838709677,0.596153846153846,0,0.721698113207547,0.482142857142857,0.680124223602484,0.277864992150706,0.755555555555556,0.805337519623234,0.581967213114754,0.299382716049383,0.354037267080745,0.2976,0.475120385232745,0,0.283720930232558,0.750392464678179,0.256778309409888,0.616013071895425,0.753125,0.250388802488336,0.262738853503185,0.2512,0.641479099678457,0.25625,0.73538961038961,0.711783439490446,0.290880503144654,0.360062893081761,0,0,0.260162601626016,0.317152103559871,0.76517571884984,0.267515923566879,0.267405063291139,0.656298600311042,0.309562398703404,0.419093851132686,0.321428571428571,0,0.277337559429477,0.624193548387097,0.254372019077901,0.256369426751592,0,0.49685534591195,0.28594249201278,0.742765273311897,0.476725521669342,0.625796178343949,0.427258805513017,0.547504025764895,0.286585365853659,0.801857585139319,0.241830065359477,0.260530421216849,0.281889763779528,0.651960784313726,0.700949367088608,0.26530612244898,0.244548286604361,0,0.417061611374408,0.625,0.673015873015873,0.441679626749611,0.259141494435612,0.34384858044164,0.259493670886076,0.124223602484472,0.743801652892562,0,0.413183279742765,0.764227642276423,0.753554502369668,0.670364500792393,0,0.268987341772152,0.322429906542056,0.251184834123223,0.2546875,0.782608695652174,0.744444444444444,0,0,0.707667731629393,0.734276729559748,0.724960254372019,0,0.735109717868339,0.261345852895149,0.302507836990596,0.665605095541401,0.266990291262136,0.516587677725118,0.274167987321712,0.518053375196232,0.502304147465438,0,0.242424242424242,0.631921824104234,0.560509554140127,0.315384615384615,0.255813953488372,0.632492113564669,0,0.296062992125984,0.288611544461778,0,0.287925696594427,0.730891719745223,0.264705882352941,0.58740157480315,0,0.00158982511923688,0.573553719008264,0.412420382165605,0.748829953198128,0.72013093289689,0.00159489633173844,0,0.433179723502304,0.762204724409449,0.263071895424837,0.671406003159558,0.253456221198157,0.745736434108527,0.666139240506329,0.762057877813505,0.381877022653722,0.753719008264463,0.734375,0,0.74481658692185,0,0.254992319508449,0.609120521172638,0.266362252663623,0.757575757575758,0.245928338762215,0,0.614307931570762,0.603503184713376,0.253543307086614,0,0.247678018575851,0,0.651465798045603,0.256172839506173,0,0.476415094339623,0.263157894736842,0.5260663507109,0.296596434359805,0.744615384615385,0,0.236507936507937,0.663492063492063,0,0.506230529595016,0.741538461538462,0.721698113207547,0.249594813614263,0.25518341307815,0.263157894736842,0.27373417721519,0.256451612903226,0,0.26038338658147,0.00459418070444104,0.622670807453416,0.663026521060842,0.256651017214397,0.256369426751592,0.256965944272446,0.256609642301711,0.0395569620253165,0.758842443729904,0.241776315789474,0.284591194968553,0.482919254658385,0.263650546021841,0.251968503937008,0.290015847860539,0,0,0.26646248085758,0,0.784375,0.00160513643659711,0.299684542586751,0.666666666666667,0.810679611650485,0.724727838258165,0.317891373801917,0,0.72386895475819,0.243369734789392,0.253521126760563,0.500792393026941,0.625189681335357,0.774242424242424,0.706976744186047,0.625607779578606,0.745341614906832,0.7,0.544303797468354,0.67948717948718,0.491365777080063,0.73469387755102,0,0.754777070063694,0.63915857605178,0.243589743589744,0.453543307086614,0.691107644305772,0.551020408163265,0.359937402190923,0.240740740740741,0.28830313014827,0.274478330658106,0.24232633279483,0.267741935483871,0.551669316375199,0.637223974763407,0.24483306836248,0.757990867579909,0.749613601236476,0.384615384615385,0.0015625,0.255023183925811,0.253184713375796,0,0.75516693163752,0,0.288888888888889,0,0.278125,0.264240506329114,0.7339593114241,0.353322528363047,0.234276729559748,0.473684210526316,0.492935635792779,0.323763955342903,0,0,0.309090909090909,0.296686746987952,0.24804992199688,0,0,0.769105691056911,0.685670261941448,0.541341653666147,0,0.621875,0,0.329073482428115,0.256778309409888,0.676422764227642,0.783076923076923,0,0.648475120385233,0.657728706624606,0.335974643423138,0.281538461538462,0.409235668789809,0.755868544600939,0.26517571884984,0.0664556962025316,0.253634894991922,0,0.256289308176101,0,0.233494363929147,0.743670886075949,0.453074433656958,0,0,0.419906687402799,0.322422258592471,0.284389489953632,0.445987654320988,0.731182795698925,0.734726688102894,0.393258426966292,0.389908256880734,0,0.747181964573269,0.285251215559157,0,0.256410256410256,0.294392523364486,0.761526232114467,0.00476190476190476,0.739336492890995,0.243410852713178,0.573926868044515,0.7984,0.776337115072934,0.720379146919431,0.496742671009772,0.71606864274571,0.263843648208469,0,0.439490445859873,0.273010920436817,0,0,0.746564885496183,0,0.758241758241758,0.258675078864353,0.48705501618123,0.763665594855305,0.744372990353698,0.546623794212219,0.300324675324675,0.600315955766193,0.0125,0.738988580750408,0.0487804878048781,0.0094488188976378,0,0.604133545310016,0.735159817351598,0.758730158730159,0.755134281200632,0.747252747252747,0.012779552715655,0.0158982511923688,0.738654147104851,0.00791139240506329,0.00484652665589661,0.028436018957346,0.0093167701863354,0.0141065830721003,0.749603803486529,0.0140845070422535,0.739059967585089,0.746774193548387,0.00970873786407767,0.721518987341772,0.043343653250774,0.746434231378764,0.692429022082019,0.75077399380805,0.749606299212598
"27",0.111464968152866,0.109034267912773,0.128284389489954,0.176375404530744,0.114649681528662,0.108974358974359,0.212361331220285,0.136150234741784,0.113178294573643,0,0.117739403453689,0,0.469291338582677,0.102106969205835,0.856240126382307,0.891304347826087,0,0.0047244094488189,0.113964686998395,0.124018838304553,0.841781874039939,0.863414634146341,0.116279069767442,0,0.160436137071651,0.7232,1,0.111111111111111,0.582822085889571,0.383886255924171,0.890262751159196,0.391849529780564,0.331746031746032,0.766192733017378,0,0.0989010989010989,0.00623052959501558,0.107981220657277,0.75531914893617,0.196018376722818,0.00161030595813205,0.00155038759689922,0.0015600624024961,0.108064516129032,0.305331179321486,0.882636655948553,0.5515625,0.880952380952381,0.582952815829528,0.811836115326252,0,0.118296529968454,0.764341085271318,0.114241001564945,0.2265625,0.786173633440514,0,0.129746835443038,0.145996860282575,0.202786377708978,0.775888717156105,0.596546310832025,0.893819334389857,0,0.208667736757624,0.26219512195122,0,0.121875,0,0.893312101910828,0.243034055727554,0.887147335423197,0.905660377358491,0.1015625,0,0.374414976599064,0.881538461538461,0.491419656786271,0.208333333333333,0.730769230769231,0,0.384615384615385,0.734351145038168,0.102325581395349,0.820349761526232,0.199381761978362,0.110764430577223,0.136712749615975,0.132307692307692,0,0.104761904761905,0.105180533751962,0,0,0.130094043887147,0,0.7171875,0.136075949367089,0.0015552099533437,0.00156985871271586,0.452566096423017,0,0.738853503184713,0.110764430577223,0.8546875,0.106858054226475,0,0.127760252365931,0.897151898734177,0.893416927899687,0.88646967340591,0.184126984126984,0.675507020280811,0.1201248049922,0,0.130030959752322,0.384615384615385,0,0.888888888888889,0.742496050552923,0,0.328025477707006,0.783227848101266,0.934747145187602,0.128526645768025,0.823529411764706,0.108728943338438,0.116169544740973,0,0.529320987654321,0.157320872274143,0.55111821086262,0.0993589743589744,0,0.116169544740973,0.879019908116386,0,0.819488817891374,0.441176470588235,0.558966074313409,0,0,0.133956386292835,0.344827586206897,0.790660225442834,0.108150470219436,0.881889763779528,0.179012345679012,0.608974358974359,0.121804511278195,0.855305466237942,0.1201248049922,0.0982286634460548,0.253086419753086,0.1109375,0.882160392798691,0.108320251177394,0.889763779527559,0,0.333333333333333,0.225114854517611,0.128125,0.872472783825817,0,0.108490566037736,0.594294770206022,0.113300492610837,0.105990783410138,0.107309486780715,0.763803680981595,0.133647798742138,0.888364779874214,0.146153846153846,0.891104294478528,0.205974842767296,0.65015479876161,0,0.130365659777424,0,0.244865718799368,0.117370892018779,0.831210191082803,0.128682170542636,0.158705701078582,0.118975903614458,0.13587786259542,0.843601895734597,0.638759689922481,0.183870967741935,0.169329073482428,0.874613003095975,0.8859375,0.135566188197767,0.240683229813665,0,0,0.746434231378764,0.00156494522691706,0.109737248840804,0.734883720930233,0.230891719745223,0.335949764521193,0.116385911179173,0.627980922098569,0.596244131455399,0.767295597484277,0.181818181818182,0.149136577708006,0.233176838810642,0,0.221879815100154,0.834405144694534,0.154213036565978,0.892063492063492,0.836702954898911,0.534591194968553,0.126382306477093,0.139570552147239,0.274167987321712,0.100931677018634,0.215088282504013,0,0.846394984326019,0.422360248447205,0.10989010989011,0,0.107981220657277,0.123664122137405,0.524922118380062,0.482484076433121,0.1287284144427,0.112,0.675675675675676,0,0.2052067381317,0.527692307692308,0.144,0.890795631825273,0.155963302752294,0.116987179487179,0.105100463678516,0.157142857142857,0.523510971786834,0.892109500805153,0.133956386292835,0.532283464566929,0.896813353566009,0.89193302891933,0.73961661341853,0.893650793650794,0.845161290322581,0.404907975460123,0.892141756548536,0.880184331797235,0.880877742946709,0.485496183206107,0.8578352180937,0.113418530351438,0.00159489633173844,0.88646967340591,0,0.768370607028754,0.105431309904153,0.133858267716535,0.201267828843106,0,0.229268292682927,0.22257053291536,0.394984326018809,0.467817896389325,0.568690095846645,0.580286168521463,0.00154798761609907,0.111464968152866,0.858934169278997,0.387888707037643,0.133228840125392,0.88785046728972,0.332810047095761,0.88783570300158,0.828438948995363,0.120060790273556,0.106451612903226,0.213946117274168,0,0.441860465116279,0.202551834130782,0,0.8890625,0.212307692307692,0.118296529968454,0,0.889937106918239,0.896923076923077,0.1312,0.218500797448166,0.896103896103896,0,0.661538461538462,0.120689655172414,0.312404287901991,0.627145085803432,0.431528662420382,0.139498432601881,0.882911392405063,0.109230769230769,0.105426356589147,0.901116427432217,0.146189735614308,0.116352201257862,0.132258064516129,0.109375,0.780715396578538,0.751937984496124,0.762951334379906,0.130365659777424,0.166936790923825,0.00923076923076923,0.726989079563182,0.1376,0.79874213836478,0.692541856925419,0.113385826771654,0.118296529968454,0.1328125,0.406349206349206,0.106870229007634,0.7376,0.139280125195618,0.109500805152979,0,0.730769230769231,0.499205087440382,0.893249607535322,0.00930232558139535,0.891640866873065,0.191424196018377,0.892857142857143,0.88871473354232,0,0.770186335403727,0.1104,0.84384858044164,0.126009693053312,0.137007874015748,0.111287758346582,0.750798722044728,0.757624398073836,0.406542056074766,0.563934426229508,0,0.279293739967897,0.908242612752722,0.859111791730475,0.7921875,0.103392568659128,0.8875,0,0.747648902821317,0.882995319812793,0.885350318471338,0.550955414012739,0.116903633491311,0.714285714285714,0.116086235489221,0.1421875,0,0.12202380952381,0.884555382215289,0.107361963190184,0.270061728395062,0.124394184168013,0.876777251184834,0.134351145038168,0.8890625,0.22015503875969,0.384244372990354,0.157492354740061,0.122511485451761,0.103610675039246,0.75748031496063,0.141732283464567,0.106976744186047,0.892966360856269,0.887323943661972,0.121835443037975,0.107255520504732,0.689167974882261,0.20820189274448,0.119086460032626,0.156202143950995,0.117829457364341,0,0.821256038647343,0.104524180967239,0.900316455696203,0,0.132701421800948,0.00159489633173844,0.868044515103339,0.111111111111111,0.137984496124031,0.00158478605388273,0.444094488188976,0.611111111111111,0.133757961783439,0.883683360258481,0.234920634920635,0.104,0.644094488188976,0.474178403755869,0.317262830482115,0,0.837753510140406,0.128980891719745,0.1232,0.594043887147335,0.11353032659409,0.130794701986755,0.870514820592824,0,0.116640746500778,0.109034267912773,0.153238546603476,0.401550387596899,0.880763116057234,0.239302694136292,0.802180685358255,0.796445880452342,0.0015552099533437,0.466453674121406,0.518110236220472,0.491499227202473,0,0.713141025641026,0.192733017377567,0.431888544891641,0.521604938271605,0.846385542168675,0,0,0.112443778110945,0.128834355828221,0,0.175824175824176,0,0,0,0.108320251177394,0,0.110754414125201,0.315955766192733,0.551359516616314,0.110419906687403,0,0,0.119122257053292,0.138931297709924,0.356037151702786,0.894899536321484,0,0.206471494607088,0.48382126348228,0.115444617784711,0.534992223950233,0.666139240506329,0,0.122480620155039,0.888712241653418,0.140378548895899,0.837060702875399,0,0.883614088820827,0.802839116719243,0.598993288590604,0.12788906009245,0,0.149460708782743,0.116640746500778,0.103875968992248,0,0.849358974358974,0.179401993355482,0.900990099009901,0.113178294573643,0.109567901234568,0.887323943661972,0.101404056162246,0.761075949367089,0.290220820189274,0.88783570300158,0.821484992101106,0.138755980861244,0.00158982511923688,0.882262996941896,0.121495327102804,0.887640449438202,0.413078149920255,0.592125984251968,0,0.837795275590551,0.348726114649682,0.771653543307087,0.137715179968701,0.893141945773525,0.821705426356589,0.593851132686084,0.149162861491629,0.214618973561431,0.142410015649452,0.363636363636364,0,0.116923076923077,0.895148669796557,0.13302034428795,0.660771704180064,0.889057750759878,0.11791730474732,0.11216429699842,0.105919003115265,0.453834115805947,0.121069182389937,0.842679127725857,0.812400635930048,0.160125588697017,0.225,0,0,0.109854604200323,0.16,0.900161030595813,0.118296529968454,0.1109375,0.682316118935837,0.164012738853503,0.363782051282051,0.213395638629283,0,0.127962085308057,0.684292379471229,0.112877583465819,0.113029827315542,0,0.434439178515008,0.133545310015898,0.896988906497623,0.394654088050314,0.628346456692913,0.313725490196078,0.400641025641026,0.146969696969697,0.833333333333333,0.129392971246006,0.108695652173913,0.131375579598145,0.729857819905213,0.820031298904538,0.117647058823529,0.108396946564885,0.00155763239875389,0.307931570762053,0.638932496075353,0.731782945736434,0.334384858044164,0.106349206349206,0.218700475435816,0.10989010989011,0.124615384615385,0.896890343698854,0,0.287037037037037,0.898119122257053,0.892575039494471,0.723004694835681,0,0.1296875,0.196567862714509,0.111111111111111,0.12210200927357,0.822605965463108,0.890127388535032,0,0,0.81421647819063,0.996794871794872,0.808,0,0.883540372670807,0.0938967136150235,0.384496124031008,0.752365930599369,0.104928457869634,0.465189873417722,0.136724960254372,0.431464174454829,0.441896024464832,0,0.115097159940209,0.656597774244833,0.574638844301766,0.186046511627907,0.11609907120743,0.684375,0.00156985871271586,0.161695447409733,0.146153846153846,0,0.138345864661654,0.890795631825273,0.118892508143322,0.598145285935085,0,0.0015625,0.57001647446458,0.283227848101266,0.893416927899687,0.816129032258065,0.00158227848101266,0.00162337662337662,0.340874811463047,0.874213836477987,0.108374384236453,0.690625,0.118827160493827,0.882896764252696,0.690140845070423,0.686688311688312,0.24025974025974,0.849025974025974,0.881141045958796,0.00158227848101266,0.894819466248038,0,0.106707317073171,0.726229508196721,0.130827067669173,0.883386581469649,0.106687898089172,0,0.497709923664122,0.584541062801932,0.102362204724409,0,0.109034267912773,0,0.617886178861789,0.126153846153846,0,0.418604651162791,0.125596184419714,0.353407290015848,0.161341853035144,0.867692307692308,0,0.111455108359133,0.721780604133545,0,0.4015625,0.889908256880734,0.889230769230769,0.113924050632911,0.109350237717908,0.112480739599384,0.115323854660348,0.112540192926045,0,0.1359375,0.0062402496099844,0.682588597842835,0.707278481012658,0.105345911949686,0.117834394904459,0.110939907550077,0.109717868338558,0.0331230283911672,0.88801261829653,0.126418152350081,0.137931034482759,0.386153846153846,0.123630672926448,0.1,0.135646687697161,0,0,0.118796992481203,0,0.848062015503876,0,0.141045958795563,0.713141025641026,0.809135399673736,0.841368584758942,0.18312101910828,0.0015527950310559,0.841940532081377,0.1056,0.10989010989011,0.453689167974882,0.636500754147813,0.757164404223228,0.781010719754977,0.438202247191011,0.897081413210445,0.824261275272162,0.530805687203792,0.732171156893819,0.388888888888889,0.88006230529595,0,0.885167464114832,0.701468189233279,0.0956239870340357,0.410658307210031,0.780337941628264,0.457231726283048,0.223765432098765,0.1112828438949,0.157212317666126,0.12621359223301,0.109120521172638,0.11216429699842,0.494505494505495,0.618524332810047,0.117554858934169,0.8910741301059,0.890076335877863,0.235387045813586,0.00154320987654321,0.110248447204969,0.133748055987558,0,0.828478964401295,0,0.15814696485623,0,0.124804992199688,0.123052959501558,0.882896764252696,0.259316770186335,0.104199066874028,0.431818181818182,0.445468509984639,0.223642172523962,0,0,0.168316831683168,0.151651651651652,0.124409448818898,0,0,0.891056910569106,0.750387596899225,0.552590266875981,0,0.578369905956113,0,0.182965299684543,0.10828025477707,0.758842443729904,0.733637747336377,0,0.669918699186992,0.472929936305732,0.222565687789799,0.143504531722054,0.314465408805031,0.89937106918239,0.1136,0.0832,0.110932475884244,0,0.12326656394453,0,0.113782051282051,0.875389408099688,0.552215189873418,0,0,0.262422360248447,0.179902755267423,0.158385093167702,0.366261398176292,0.880184331797235,0.894060995184591,0.283048211508554,0.243451463790447,0,0.870253164556962,0.140822784810127,0,0.116987179487179,0.15015479876161,0.880989180834621,0.00626959247648903,0.886942675159236,0.106750392464678,0.5712,0.828346456692913,0.823151125401929,0.818897637795276,0.387820512820513,0.819018404907976,0.116057233704293,0,0.314285714285714,0.121875,0,0,0.889393939393939,0,0.88871473354232,0.1109375,0.4,0.887301587301587,0.889776357827476,0.521531100478469,0.149136577708006,0.608294930875576,0.0061633281972265,0.88379705400982,0.0547504025764895,0.0108191653786708,0,0.726989079563182,0.882896764252696,0.886075949367089,0.883830455259027,0.892690513219285,0.0064,0.00784929356357928,0.875981161695447,0.00631911532385466,0.00321543408360129,0.028169014084507,0.00777604976671851,0.00622083981337481,0.882539682539683,0.015625,0.887122416534181,0.887122416534181,0.00318471337579618,0.886792452830189,0.0510046367851623,0.889235569422777,0.813953488372093,0.89209726443769,0.89589905362776
"28",0.988467874794069,0.985576923076923,0.961965134706815,0.928571428571429,0.974025974025974,0.988486842105263,0.880718954248366,0.962903225806452,0.989010989010989,0,0.987220447284345,0.00161812297734628,0.546899841017488,0.988505747126437,0.045016077170418,0.0171073094867807,0,0.0176565008025682,0.981666666666667,0.974193548387097,0.178060413354531,0.0382059800664452,0.97933227344992,0.00157977883096367,0.941455696202532,0.270531400966184,0.111111111111111,1,0.4453125,0.68621236133122,0.00947867298578199,0.6864,0.756933115823817,0.282296650717703,0.0016025641025641,0.988599348534202,0.0190174326465927,0.9858934169279,0.258970358814353,0.895734597156398,0.00162074554294976,0.0207667731629393,0.008,0.99025974025974,0.788778877887789,0.0343698854337152,0.508090614886731,0.0111642743221691,0.482225656877898,0.141965678627145,0.00158982511923688,0.982084690553746,0.290113452188006,0.985623003194888,0.867430441898527,0.1669341894061,0.00164203612479475,0.964285714285714,0.949044585987261,0.89297124600639,0.290529695024077,0.419558359621451,0.0112903225806452,0.00162866449511401,0.889983579638752,0.808306709265176,0.00161290322580645,0.980952380952381,0.00157977883096367,0.0131795716639209,0.859621451104101,0.0190174326465927,0.0207336523125997,0.98740157480315,0,0.69826224328594,0.0507131537242472,0.565977742448331,0.890322580645161,0.26271186440678,0.00163398692810458,0.715408805031447,0.21183800623053,0.98740157480315,0.117088607594937,0.913875598086124,0.982594936708861,0.964516129032258,0.984152139461173,0.0154559505409583,0.97588424437299,0.988888888888889,0.0016025641025641,0,0.961857379767827,0,0.296178343949045,0.974683544303797,0.00788643533123028,0.00977198697068404,0.608346709470305,0.00161030595813205,0.282178217821782,0.988727858293076,0.114420062695925,0.988524590163934,0.0146818923327896,0.969502407704655,0.012924071082391,0.0160771704180064,0.0192,0.888709677419355,0.332258064516129,0.980769230769231,0.0016025641025641,0.977455716586151,0.707865168539326,0,0.00958466453674121,0.231884057971014,0.00156985871271586,0.756843800322061,0.249602543720191,0.0822368421052632,0.966507177033493,0.15625,0.984076433121019,0.987117552334944,0.00159489633173844,0.535143769968051,0.934189406099519,0.490998363338789,0.988562091503268,0.00162337662337662,0.986863711001642,0.026984126984127,0.0016025641025641,0.21486268174475,0.636807817589576,0.507438016528926,0,0.00163132137030995,0.9712,0.753646677471637,0.17741935483871,0.990369181380417,0.012924071082391,0.92332268370607,0.421824104234528,0.973101265822785,0.152350081037277,0.972536348949919,0.986863711001642,0.826645264847512,0.9904,0.0115321252059308,0.992050874403816,0.00815660685154975,0.00158730158730159,0.723027375201288,0.848673946957878,0.974317817014446,0.028436018957346,0,0.987321711568938,0.459546925566343,0.99009900990099,0.988782051282051,0.987240829346092,0.290171606864275,0.9728,0.0112903225806452,0.939721792890263,0.0121951219512195,0.878444084278768,0.375594294770206,0.00161030595813205,0.971428571428571,0.00157977883096367,0.829617834394904,0.987321711568938,0.124595469255663,0.971153846153846,0.939873417721519,0.976452119309262,0.957142857142857,0.10207336523126,0.376377952755906,0.929738562091503,0.941368078175896,0.061389337641357,0.0159235668789809,0.975609756097561,0.847860538827258,0.0015748031496063,0.00159489633173844,0.293375394321767,0.0016,0.989164086687306,0.263074484944533,0.866449511400652,0.74481658692185,0.981191222570533,0.431818181818182,0.43581616481775,0.295161290322581,0.913680781758958,0.95016077170418,0.868670886075949,0,0.871835443037975,0.195652173913043,0.940032414910859,0.00969305331179321,0.0686427457098284,0.52411575562701,0.964458804523425,0.968602825745683,0.818910256410256,0.985781990521327,0.882447665056361,0.00158227848101266,0.0771653543307087,0.649612403100775,0.986970684039088,0.00162337662337662,0.982594936708861,0.97196261682243,0.541062801932367,0.549363057324841,0.979133226324238,0.987034035656402,0.370967741935484,0.00162074554294976,0.869009584664537,0.523424878836834,0.965058236272879,0.012924071082391,0.951638065522621,0.987012987012987,0.988835725677831,0.941176470588235,0.530708661417323,0.0146341463414634,0.966129032258065,0.53968253968254,0.012326656394453,0.0062015503875969,0.212662337662338,0.00955414012738853,0.154098360655738,0.666141732283465,0.00958466453674121,0.0159235668789809,0.0125984251968504,0.575427682737169,0.0505709624796085,0.974025974025974,0.0143312101910828,0.0127388535031847,0.00160513643659711,0.233278955954323,0.98546042003231,0.969305331179321,0.900158478605388,0.00159489633173844,0.859450726978998,0.844690966719493,0.690208667736758,0.597087378640777,0.439490445859873,0.448780487804878,0.0140845070422535,0.98705501618123,0.106687898089172,0.705,0.953225806451613,0.0208,0.735576923076923,0.0128,0.119741100323625,0.987460815047022,0.990115321252059,0.875816993464052,0,0.634222919937206,0.864433811802233,0.00161290322580645,0.0111464968152866,0.880763116057234,0.974358974358974,0.00157977883096367,0.0127388535031847,0.00949367088607595,0.972039473684211,0.868078175895766,0.0114942528735632,0.00162866449511401,0.383386581469649,0.982113821138211,0.787539936102236,0.394524959742351,0.659609120521173,0.951181102362205,0.017741935483871,0.985781990521327,0.990476190476191,0.0145631067961165,0.963434022257552,0.988673139158576,0.962418300653595,0.984202211690363,0.185185185185185,0.327476038338658,0.291139240506329,0.968903436988543,0.926910299003322,0.0634920634920635,0.27536231884058,0.967741935483871,0.160513643659711,0.313664596273292,0.988727858293076,0.990228013029316,0.962962962962963,0.67816091954023,0.985691573926868,0.256117455138662,0.957142857142857,0.988727858293076,0.00159744408945687,0.34585289514867,0.548543689320388,0.0257648953301127,0.0634920634920635,0.0158982511923688,0.898222940226171,0.0363349131121643,0.00958466453674121,0.00156739811912226,0.222929936305732,0.982258064516129,0.0855784469096672,0.974789915966387,0.964686998394864,0.97588424437299,0.290113452188006,0.28995057660626,0.658615136876006,0.468120805369128,0.00157232704402516,0.819935691318328,0.0250391236306729,0.043956043956044,0.207278481012658,0.991935483870968,0.008,0,0.348242811501597,0.0188976377952756,0.0304,0.472843450479233,0.985436893203884,0.279935275080906,0.988255033557047,0.959742351046699,0,0.984399375975039,0.00952380952380952,0.988958990536278,0.822866344605475,0.990131578947368,0.0209003215434084,0.968102073365231,0.00643086816720257,0.869218500797448,0.706754530477759,0.93343653250774,0.979527559055118,0.98256735340729,0.293075684380032,0.954838709677419,0.985959438377535,0.0094488188976378,0.0225442834138486,0.988543371522095,0.985413290113452,0.319354838709677,0.8704,0.951342281879195,0.950479233226837,0.987441130298273,0,0.122749590834697,0.988745980707395,0.011437908496732,0,0.95928338762215,0.0132450331125828,0.0511182108626198,0.987240829346092,0.960127591706539,0.00322061191626409,0.620967741935484,0.42443729903537,0.973640856672158,0.0114566284779051,0.853225806451613,0.988391376451078,0.361111111111111,0.595879556259905,0.784810126582278,0.00162337662337662,0.175523349436393,0.967532467532468,0.985365853658537,0.444976076555024,0.987321711568938,0.963149078726968,0.0337078651685393,0.00158227848101266,0.977952755905512,0.985714285714286,0.951690821256039,0.674603174603175,0.0193861066235864,0.843548387096774,0.243285939968404,0.174418604651163,0.00806451612903226,0.612111292962357,0.608626198083067,0.6128,0,0.286189683860233,0.901612903225806,0.625196850393701,0.505511811023622,0.088785046728972,0.00161030595813205,0.00158227848101266,0.990839694656489,0.965571205007825,0.00158730158730159,0.9185303514377,0.0146103896103896,0.00157728706624606,0.00165289256198347,0.987096774193548,0.00159235668789809,0.988505747126437,0.76555023923445,0.521060842433697,0.987577639751553,0,0,0.983974358974359,0.950078003120125,0.715873015873016,0.0125786163522013,0.00493421052631579,0.860282574568289,0.584786053882726,0.990384615384615,0.535143769968051,0.349436392914654,0.00160513643659711,0.976377952755906,0.00970873786407767,0.945812807881773,0.0983870967741935,0,0.0201238390092879,0.116504854368932,0.487603305785124,0.974481658692185,0.00158730158730159,0.949764521193093,0.962025316455696,0.988853503184713,0,0.0813008130081301,0.924496644295302,0.0115702479338843,0.988888888888889,0.990415335463259,0.0173775671406003,0.9875,0.292134831460674,0.797147385103011,0.0190779014308426,0.175609756097561,0.955056179775281,0.0128824476650564,0.0128205128205128,0.96594427244582,0.0152027027027027,0.645424836601307,0.408653846153846,0.00162337662337662,0.119236883942766,0.728618421052632,0.257142857142857,0.968051118210863,0.00981996726677578,0.158059467918623,0.456081081081081,0.942457231726283,0.872274143302181,0.948553054662379,0.732258064516129,0.00158982511923688,0.968203497615262,0.00946372239747634,0.954765751211632,0.373553719008264,0.0078003120124805,0.987261146496815,0.988562091503268,0.991961414790997,0.63884430176565,0.97444089456869,0.1456,0.192616372391653,0.927444794952681,0.868589743589744,0.00158227848101266,0,0.992,0.932006633499171,0.0228758169934641,0.972491909385113,0.983870967741935,0.362619808306709,0.929276315789474,0.718901453957997,0.871069182389937,0.0015625,0.948470209339775,0.335483870967742,0.992,0.993579454253612,0.0015748031496063,0.626229508196721,0.963875205254516,0.00975609756097561,0.666666666666667,0.369426751592357,0.791987673343606,0.688816855753647,0.942367601246106,0.0845070422535211,0.978653530377668,0.993610223642173,0.970172684458399,0.297385620915033,0.0962479608482871,0.980769230769231,0.99211356466877,0.00792393026941363,0.768987341772152,0.461538461538462,0.263327948303716,0.761075949367089,0.987117552334944,0.860576923076923,0.98740157480315,0.125195618153365,0.00995024875621891,0.00156985871271586,0.812903225806452,0.0128617363344051,0.00643086816720257,0.275039745627981,0.00158982511923688,0.983766233766234,0.912974683544304,0.988871224165342,0.987421383647799,0.0922098569157393,0.00806451612903226,0,0.00159489633173844,0.181372549019608,0.0756843800322061,0.158576051779935,0,0.0112,0.985849056603774,0.015600624024961,0.304,0.988543371522095,0.578199052132701,0.959415584415584,0.670926517571885,0.645412130637636,0.00159235668789809,0.986024844720497,0.395498392282958,0.502423263327948,0.91601866251944,0.982594936708861,0.409375,0.0126382306477093,0.947535771065183,0.950310559006211,0.0016025641025641,0.982594936708861,0.0176565008025682,0.986644407345576,0.433753943217666,0.00162337662337662,0.00943396226415094,0.518333333333333,0.830618892508143,0.0112540192926045,0.152597402597403,0.0144694533762058,0.00163934426229508,0.7398753894081,0.0372168284789644,0.989864864864865,0.329635499207607,0.984276729559748,0.00789889415481832,0.377813504823151,0.333881578947368,0.85337726523888,0.103852596314908,0.0112721417069243,0.0016,0.0484652665589661,0.00159235668789809,0.982785602503912,0.0411184210526316,0.975155279503106,0.0160513643659711,0.988543371522095,0.00159235668789809,0.5,0.448330683624801,0.987179487179487,0,0.990551181102362,0,0.406611570247934,0.978294573643411,0.00157728706624606,0.63751987281399,0.967105263157895,0.744038155802862,0.947967479674797,0.0488188976377953,0.00161550888529887,0.986991869918699,0.267857142857143,0.00156494522691706,0.686305732484076,0.00933125972006221,0.0291858678955453,0.988599348534202,0.99016393442623,0.996894409937888,0.983844911147011,1,0.00160513643659711,0.959481361426256,0.0267716535433071,0.348171701112878,0.280898876404494,0.979495268138801,0.977671451355662,0.982785602503912,0.979299363057325,0.0552922590837283,0.0242718446601942,0.973288814691152,0.949606299212598,0.704761904761905,0.969793322734499,0.985915492957746,0.966824644549763,0,0.00158478605388273,0.972006220839813,0.0015625,0.0751173708920188,0.00164473684210526,0.944707740916272,0.267651888341544,0.208333333333333,0.135646687697161,0.915447154471545,0.00158982511923688,0.1072,0.985781990521327,0.990461049284579,0.643987341772152,0.415384615384615,0.223076923076923,0.185243328100471,0.657937806873977,0.0128824476650564,0.130434782608696,0.53160453808752,0.256910569105691,0.693623639191291,0.0193236714975845,0,0.0132013201320132,0.317355371900826,0.988636363636364,0.621236133122029,0.226851851851852,0.614634146341463,0.856692913385827,0.973684210526316,0.959731543624161,0.969354838709677,0.988543371522095,0.98694942903752,0.537842190016103,0.406542056074766,0.987034035656402,0.0154083204930663,0.0171339563862928,0.856682769726248,0.0143312101910828,0.987321711568938,0.959119496855346,0,0.120263591433278,0.00158982511923688,0.940609951845907,0.00164473684210526,0.96417445482866,0.988673139158576,0.0145395799676898,0.830097087378641,0.985759493670886,0.635024549918167,0.614285714285714,0.862969004893964,0.00160771704180064,0,0.922818791946309,0.940275650842266,0.980707395498392,0,0.0015600624024961,0.0115702479338843,0.234076433121019,0.495207667731629,0.00159489633173844,0.449044585987261,0.00156739811912226,0.923202614379085,0.99021207177814,0.162379421221865,0.237421383647799,0.00158730158730159,0.343648208469055,0.584814216478191,0.851851851851852,0.958990536277603,0.773524720893142,0.0095389507154213,0.978930307941653,0.0145395799676898,0.986842105263158,0.00164203612479475,0.975077881619938,0.00964630225080386,0.987075928917609,0.0243506493506494,0.0211726384364821,0,0.00162074554294976,0.819488817891374,0.916256157635468,0.925867507886435,0.699376947040498,0.0295489891135303,0.017741935483871,0.832792207792208,0.833070866141732,0.00164473684210526,0.025518341307815,0.959546925566343,0,0.973856209150327,0.952978056426332,0.0548387096774194,0.0476947535771065,0.00967741935483871,0.98740157480315,0.46677471636953,0.0786516853932584,0.100660066006601,0.119162640901771,0.676666666666667,0.102564102564103,0.987034035656402,0.00159744408945687,0.742765273311897,0.966772151898734,0.00648298217179903,0.00158227848101266,0.00930232558139535,0.00161030595813205,0.0094488188976378,0.987381703470032,0.71900826446281,0.0114754098360656,0.0129449838187702,0.532362459546926,0.948717948717949,0.41091492776886,0.0574534161490683,0.0115894039735099,0.0602605863192182,0.0175438596491228,0.00159744408945687,0.0438311688311688,0.0190174326465927,0.00809061488673139,0.0221870047543582,0.00471698113207547,0.0593080724876442,0.0672926447574335,0.023696682464455,0.0194174757281553,0.00668896321070234,0.0287081339712919,0.0254372019077901,0.069620253164557,0.016025641025641,0.0207336523125997,0.00826446280991736,0.012987012987013,0.0555555555555556,0.0160513643659711,0.0235849056603774,0.0110935023771791,0.0414012738853503,0.0109546165884194,0.0127186009538951
"29",0.467391304347826,0.465648854961832,0.48159509202454,0.513470681458003,0.472353870458136,0.476415094339623,0.54434250764526,0.498461538461538,0.463901689708141,0,0.449230769230769,0,0.610606060606061,0.460443037974684,0.57469512195122,0.542682926829268,0,0.0108024691358025,0.444444444444444,0.482549317147193,0.642965204236006,0.559875583203733,0.46606334841629,0,0.494656488549618,0.580343213728549,0.582822085889571,0.4453125,1,0.606060606060606,0.536474164133739,0.671274961597542,0.670347003154574,0.594180704441041,0,0.476635514018692,0.0152439024390244,0.467987804878049,0.677611940298507,0.545176110260337,0.00154320987654321,0.00758725341426404,0.0015015015015015,0.463678516228748,0.585443037974684,0.553990610328638,0.607692307692308,0.529230769230769,0.675555555555556,0.673192771084337,0,0.476993865030675,0.665123456790123,0.465437788018433,0.525345622119816,0.60625,0,0.481366459627329,0.486646884272997,0.555052790346908,0.613876319758673,0.993893129770992,0.528771384136858,0,0.595015576323987,0.645259938837921,0,0.459090909090909,0,0.541341653666147,0.520361990950226,0.541729893778452,0.540123456790123,0.474397590361446,0,0.769001490312966,0.575987841945289,0.678899082568807,0.558823529411765,0.615511551155115,0,0.64741641337386,0.6289592760181,0.460725075528701,0.670245398773006,0.53951367781155,0.452307692307692,0.489984591679507,0.482442748091603,0,0.474921630094044,0.461068702290076,0,0,0.484177215189873,0,0.668195718654434,0.466666666666667,0.00300751879699248,0.00307692307692308,0.631498470948012,0,0.674347158218126,0.471048513302034,0.616191904047976,0.4734375,0,0.480122324159021,0.53582554517134,0.532924961715161,0.54531490015361,0.527863777089783,0.63093415007657,0.477134146341463,0,0.477794793261868,0.644171779141104,0,0.530395136778115,0.641421947449768,0,0.673374613003096,0.690658499234303,0.5640625,0.473282442748092,0.629742033383915,0.46969696969697,0.469512195121951,0,0.673780487804878,0.513803680981595,0.696682464454976,0.469096671949287,0,0.458658346333853,0.529850746268657,0,0.682737169517885,0.591263650546022,0.685126582278481,0,0,0.487101669195751,0.712328767123288,0.643081761006289,0.45679012345679,0.535060975609756,0.504615384615385,0.621283255086072,0.464339908952959,0.645061728395062,0.474809160305344,0.467791411042945,0.546423135464231,0.452599388379205,0.524332810047096,0.459909228441755,0.53587786259542,0,0.742681047765794,0.5625,0.489164086687306,0.549253731343284,0,0.457013574660633,0.654028436018957,0.47275641025641,0.473200612557427,0.458143074581431,0.59606656580938,0.476993865030675,0.544600938967136,0.493293591654247,0.552083333333333,0.531152647975078,0.593220338983051,0,0.466360856269113,0,0.532824427480916,0.473035439137134,0.61189358372457,0.474962063732929,0.506060606060606,0.473529411764706,0.496217851739788,0.596651445966514,0.634873323397914,0.535885167464115,0.516975308641975,0.580152671755725,0.526881720430108,0.461059190031153,0.538694992412747,0,0,0.700617283950617,0.00153374233128834,0.467374810318665,0.641768292682927,0.545878693623639,0.56793893129771,0.465256797583082,0.681181959564541,0.690548780487805,0.705974842767296,0.4884437596302,0.482115085536547,0.545592705167173,0,0.539156626506024,0.657232704402516,0.503105590062112,0.534456355283308,0.55187969924812,0.67427701674277,0.479389312977099,0.473363774733638,0.625192012288787,0.472012102874433,0.609034267912773,0,0.573394495412844,0.791540785498489,0.47906976744186,0,0.461769115442279,0.472346786248132,0.672281776416539,0.587057010785824,0.466153846153846,0.450704225352113,0.667185069984448,0,0.535444947209653,0.656923076923077,0.491283676703645,0.519083969465649,0.508295625942685,0.450155763239875,0.461890243902439,0.514592933947773,0.610015174506829,0.538221528861154,0.496171516079632,0.618541033434651,0.537777777777778,0.527736131934033,0.53323029366306,0.534351145038168,0.631578947368421,0.602134146341463,0.531393568147014,0.542857142857143,0.544764795144158,0.678195488721804,0.535211267605634,0.486068111455108,0.00153846153846154,0.53323029366306,0,0.663536776212833,0.464506172839506,0.492354740061162,0.517665130568356,0,0.550156739811912,0.617246596066566,0.646788990825688,0.654377880184332,0.590138674884438,0.689922480620155,0.00149925037481259,0.444099378881988,0.624242424242424,0.657686212361331,0.488299531981279,0.541729893778452,0.613981762917933,0.547799696509863,0.599695585996956,0.48575712143928,0.464968152866242,0.5265625,0,0.650075414781297,0.535493827160494,0,0.531818181818182,0.530460624071322,0.482115085536547,0,0.557575757575758,0.532137518684604,0.4770206022187,0.563291139240506,0.531446540880503,0,0.673748103186646,0.501577287066246,0.595588235294118,0.625,0.648606811145511,0.485584218512898,0.540958268933539,0.476621417797888,0.454407294832827,0.523584905660377,0.480857580398162,0.455813953488372,0.488188976377953,0.464723926380368,0.589230769230769,0.669195751138088,0.695454545454545,0.474842767295597,0.511111111111111,0.0261136712749616,0.63594470046083,0.503888024883359,0.593323216995448,0.662721893491124,0.474006116207951,0.473765432098765,0.493108728943338,0.791139240506329,0.456845238095238,0.647058823529412,0.49923896499239,0.466666666666667,0,0.668195718654434,0.643192488262911,0.533026113671275,0.0300751879699248,0.531626506024096,0.520865533230294,0.556060606060606,0.548536209553159,0,0.610852713178295,0.471406491499227,0.608562691131499,0.483253588516746,0.486153846153846,0.481538461538462,0.690402476780186,0.69170579029734,0.683153013910355,0.608557844690967,0,0.630602782071097,0.530734632683658,0.53984962406015,0.669218989280245,0.46801872074883,0.552307692307692,0,0.687878787878788,0.522003034901366,0.563944530046225,0.608763693270736,0.4515625,0.615023474178404,0.462757527733756,0.489922480620155,0,0.468115942028985,0.51963746223565,0.449319213313162,0.625766871165644,0.482003129890454,0.544478527607362,0.502269288956127,0.527522935779816,0.563165905631659,0.61259842519685,0.508245877061469,0.480421686746988,0.470769230769231,0.690769230769231,0.513056835637481,0.453030303030303,0.540419161676647,0.544186046511628,0.45226917057903,0.46048632218845,0.617151607963247,0.571209800918836,0.496025437201908,0.515243902439024,0.470319634703196,0,0.566978193146417,0.462480857580398,0.539877300613497,0,0.501529051987768,0.00156739811912226,0.557275541795666,0.456586826347305,0.475232198142415,0.00154559505409583,0.632465543644717,0.607142857142857,0.485271317829457,0.529968454258675,0.535276073619632,0.462015503875969,0.930981595092024,0.658054711246201,0.603686635944701,0,0.655436447166922,0.482704402515723,0.460342146189736,0.602739726027397,0.461305007587253,0.477124183006536,0.550151975683891,0,0.478787878787879,0.4679186228482,0.500772797527048,0.659606656580938,0.542813455657492,0.548536209553159,0.592933947772657,0.636655948553055,0.00151057401812689,0.768503937007874,0.644376899696049,0.63969465648855,0,0.636363636363636,0.52099533437014,0.702909647779479,0.632930513595166,0.557037037037037,0,0,0.456011730205279,0.483532934131737,0,0.506191950464396,0,0,0,0.455676516329705,0,0.468652037617555,0.578386605783866,0.68018018018018,0.458646616541353,0,0,0.470679012345679,0.506060606060606,0.764437689969605,0.542857142857143,0,0.534534534534535,0.665171898355755,0.468277945619335,0.588325652841782,0.627906976744186,0,0.465224111282844,0.54320987654321,0.504672897196262,0.5600624024961,0,0.545727136431784,0.68160741885626,0.627228525121556,0.473524962178517,0,0.489520958083832,0.483076923076923,0.45662100456621,0,0.582159624413146,0.499189627228525,0.540284360189573,0.459665144596651,0.454545454545455,0.549923195084485,0.453846153846154,0.710566615620214,0.576219512195122,0.529953917050691,0.625,0.509345794392523,0.00153139356814701,0.544891640866873,0.494623655913978,0.545166402535658,0.78680981595092,0.60093896713615,0,0.594553706505295,0.6125,0.687405159332322,0.48698315467075,0.537750385208012,0.591251885369532,0.698387096774194,0.497744360902256,0.542986425339366,0.4953125,0.680685358255452,0,0.485584218512898,0.546003016591252,0.48159509202454,0.676470588235294,0.544227886056971,0.457703927492447,0.468944099378882,0.446646341463415,0.590417310664606,0.478461538461538,0.64018691588785,0.655436447166922,0.509893455098935,0.532428355957768,0,0,0.481946624803768,0.496875,0.539877300613497,0.46046511627907,0.483128834355828,0.707132018209408,0.506289308176101,0.626168224299065,0.539393939393939,0,0.483771251931994,0.675465838509317,0.466257668711656,0.459665144596651,0,0.828438948995363,0.470137825421133,0.533127889060092,0.681047765793529,0.60882800608828,0.632352941176471,0.62402496099844,0.500747384155456,0.558867362146051,0.465408805031447,0.464615384615385,0.488584474885845,0.670347003154574,0.584992343032159,0.473684210526316,0.455370650529501,0.0015015015015015,0.704545454545455,0.651651651651652,0.619482496194825,0.610091743119266,0.465543644716692,0.533950617283951,0.476335877862595,0.13963963963964,0.537720706260032,0,0.611963190184049,0.530232558139535,0.541666666666667,0.626339969372129,0,0.48714069591528,0.516666666666667,0.461890243902439,0.458646616541353,0.586687306501548,0.532608695652174,0,0,0.647692307692308,0.559875583203733,0.593114241001565,0,0.523956723338485,0.445112781954887,0.207831325301205,0.689230769230769,0.463949843260188,0.64750378214826,0.494573643410853,0.637059724349158,0.635135135135135,0,0.467647058823529,0.68895800933126,0.704791344667697,0.53003003003003,0.461538461538462,0.668188736681887,0.00153139356814701,0.502318392581144,0.497744360902256,0,0.484984984984985,0.52833078101072,0.49445324881141,0.677914110429448,0,0.00152439024390244,0.725649350649351,0.592307692307692,0.545176110260337,0.602803738317757,0.00151975683890578,0.00158227848101266,0.580838323353293,0.531782945736434,0.469522240527183,0.64812030075188,0.469357249626308,0.533834586466165,0.588938714499253,0.589703588143526,0.565149136577708,0.589825119236884,0.518181818181818,0.00154083204930663,0.540958268933539,0,0.460269865067466,0.471337579617834,0.475336322869955,0.552147239263804,0.461417322834646,0,0.598496240601504,0.984567901234568,0.458715596330275,0,0.469788519637462,0,0.65251572327044,0.48936170212766,0,0.626126126126126,0.472868217054264,0.561051004636785,0.502325581395349,0.546969696969697,0,0.461538461538462,0.603125,0,0.669195751138088,0.530920060331825,0.538116591928251,0.460587326120556,0.475308641975309,0.459016393442623,0.476190476190476,0.473684210526316,0,0.478395061728395,0.00458015267175573,0.668154761904762,0.606060606060606,0.473282442748092,0.464898595943838,0.487878787878788,0.457703927492447,0.0594512195121951,0.558641975308642,0.489698890649762,0.495468277945619,0.697108066971081,0.464831804281346,0.448698315467075,0.496229260935143,0,0,0.483823529411765,0,0.551671732522796,0.00153846153846154,0.49618320610687,0.620689655172414,0.597200622083981,0.611195158850227,0.524105754276827,0.00153139356814701,0.611111111111111,0.459787556904401,0.465753424657534,0.631498470948012,0.702662721893491,0.626099706744868,0.603603603603604,0.594679186228482,0.53587786259542,0.609756097560976,0.695852534562212,0.637480798771121,0.697329376854599,0.527047913446677,0,0.521604938271605,0.666666666666667,0.454833597464342,0.609682299546142,0.660740740740741,0.724615384615385,0.555052790346908,0.472012102874433,0.510268562401264,0.47906976744186,0.477564102564103,0.480182926829268,0.625,0.629402756508423,0.482280431432974,0.543026706231454,0.548961424332344,0.554033485540335,0.00150602409638554,0.465568862275449,0.483383685800604,0,0.625,0,0.507788161993769,0,0.480974124809741,0.467275494672755,0.536953242835596,0.552631578947368,0.452743902439024,0.646781789638933,0.608628659476117,0.533333333333333,0,0,0.511111111111111,0.497084548104956,0.479514415781487,0,0,0.531881804043546,0.634328358208955,0.711450381679389,0,0.641975308641975,0,0.5078125,0.473520249221184,0.599063962558502,0.62406015037594,0,0.601255886970173,0.613496932515337,0.569230769230769,0.491778774289985,0.588325652841782,0.536098310291859,0.478056426332288,0.0698757763975155,0.468553459119497,0,0.46996996996997,0,0.460244648318043,0.552959501557632,0.321259842519685,0,0,0.597560975609756,0.537854889589905,0.514285714285714,0.615269461077844,0.54954954954955,0.535321821036107,0.537267080745342,0.494768310911809,0,0.555900621118012,0.486780715396579,0,0.477379095163807,0.493087557603687,0.563636363636364,0.021671826625387,0.53393665158371,0.453313253012048,0.605304212168487,0.546583850931677,0.579365079365079,0.593607305936073,0.756289308176101,0.634848484848485,0.461300309597523,0,0.738794435857805,0.477134146341463,0,0,0.537890044576523,0,0.532110091743119,0.464831804281346,0.615023474178404,0.543035993740219,0.536209553158706,0.676609105180534,0.489953632148377,0.989614243323442,0.0302114803625378,0.529874213836478,0.0647709320695103,0.0170807453416149,0,0.475,0.544227886056971,0.547839506172839,0.542168674698795,0.520423600605144,0.0245398773006135,0.0346907993966818,0.542296072507553,0.0154083204930663,0.00465116279069767,0.0352220520673813,0.0164179104477612,0.0346385542168675,0.556060606060606,0.0181268882175227,0.526984126984127,0.525741029641186,0.0249221183800623,0.534351145038168,0.0423600605143722,0.546142208774584,0.532625189681335,0.547904191616767,0.543076923076923
"30",0.69170579029734,0.677966101694915,0.701078582434515,0.702362204724409,0.7008,0.678855325914149,0.734883720930233,0.708333333333333,0.685670261941448,0,0.682464454976303,0,0.611026033690659,0.679365079365079,0.358461538461538,0.316279069767442,0,0.0109204368174727,0.693037974683544,0.694656488549618,0.452119309262166,0.320574162679426,0.67741935483871,0,0.701834862385321,0.466353677621283,0.383886255924171,0.68621236133122,0.606060606060606,1,0.308980213089802,0.706521739130435,0.704510108864697,0.444961240310077,0,0.683881064162754,0.0121951219512195,0.680981595092024,0.532934131736527,0.675344563552833,0.00153609831029186,0.00917431192660551,0.0015552099533437,0.684867394695788,0.690938511326861,0.32755905511811,0.574102964118565,0.301261829652997,0.614220877458396,0.400606980273141,0,0.694444444444444,0.509316770186335,0.675118858954041,0.714285714285714,0.441786283891547,0,0.669811320754717,0.711213517665131,0.712977099236641,0.47887323943662,0.577639751552795,0.318037974683544,0,0.6928,0.675799086757991,0,0.697492163009404,0,0.315047021943574,0.657450076804916,0.29264475743349,0.321928460342146,0.704718417047184,0,0.691603053435115,0.348623853211009,0.63482280431433,0.719047619047619,0.522950819672131,0,0.687595712098009,0.458966565349544,0.698142414860681,0.38863287250384,0.721109399075501,0.681114551083591,0.698907956318253,0.686453576864536,0.00152439024390244,0.683464566929134,0.669218989280245,0,0,0.697784810126582,0,0.532110091743119,0.687405159332322,0.00305343511450382,0.00313479623824451,0.685271317829457,0,0.543720190779014,0.687898089171974,0.404545454545455,0.688709677419355,0.00156739811912226,0.703588143525741,0.31201248049922,0.315625,0.325617283950617,0.705974842767296,0.541795665634675,0.697996918335901,0,0.693846153846154,0.698924731182796,0,0.307098765432099,0.470858895705521,0,0.717592592592593,0.486902927580894,0.362760834670947,0.711009174311927,0.411674347158218,0.692073170731707,0.69375,0,0.685847589424572,0.700468018720749,0.541732283464567,0.674528301886792,0,0.679936305732484,0.32375189107413,0,0.483412322274882,0.613207547169811,0.670364500792393,0,0,0.702290076335878,0.673405909797823,0.418897637795276,0.6875,0.309006211180124,0.738794435857805,0.586370839936609,0.693009118541033,0.428346456692913,0.683720930232558,0.690095846645367,0.71875,0.696923076923077,0.308306709265176,0.668702290076336,0.312401883830455,0,0.668769716088328,0.72972972972973,0.690513219284603,0.321699544764795,0,0.68140243902439,0.565495207667732,0.6928,0.693374422187982,0.683409436834094,0.449319213313162,0.699386503067485,0.3198127925117,0.734234234234234,0.325757575757576,0.724299065420561,0.528125,0,0.675425038639876,0,0.683153013910355,0.687306501547988,0.3734375,0.693251533742331,0.69922480620155,0.684603886397608,0.683409436834094,0.408037094281298,0.560490045941807,0.71656050955414,0.71606864274571,0.372488408037094,0.321100917431193,0.702492211838006,0.714285714285714,0,0,0.530421216848674,0.00155038759689922,0.671191553544495,0.508422664624809,0.71496062992126,0.650306748466258,0.70196671709531,0.625391849529781,0.539291217257319,0.52803738317757,0.701095461658842,0.708722741433022,0.72824427480916,0,0.697852760736196,0.472089314194577,0.711145996860283,0.3125,0.349085365853659,0.662576687116564,0.694444444444444,0.712307692307692,0.718944099378882,0.681538461538462,0.708268330733229,0,0.369327073552426,0.65296803652968,0.6875,0,0.685975609756098,0.708520179372197,0.674528301886792,0.582043343653251,0.692667706708268,0.706451612903226,0.577952755905512,0,0.705882352941177,0.637636080870918,0.708333333333333,0.316358024691358,0.702127659574468,0.695787831513261,0.68944099378882,0.689167974882261,0.629573170731707,0.3198127925117,0.714285714285714,0.569422776911076,0.303625377643505,0.3202416918429,0.421630094043887,0.304075235109718,0.425396825396825,0.66966966966967,0.305900621118012,0.312111801242236,0.316358024691358,0.73972602739726,0.334920634920635,0.71405750798722,0.003125,0.288819875776398,0,0.5,0.696485623003195,0.678899082568807,0.703245749613601,0,0.725274725274725,0.673748103186646,0.689814814814815,0.671850699844479,0.5546875,0.527472527472527,0.00309119010819165,0.687598116169545,0.395738203957382,0.699530516431925,0.713178294573643,0.323664122137405,1,0.307086614173228,0.414746543778802,0.70196671709531,0.689710610932476,0.731366459627329,0,0.7442218798151,0.716951788491446,0,0.304482225656878,0.723564954682779,0.709119496855346,0,0.318042813455657,0.30781010719755,0.716981132075472,0.694753577106518,0.313694267515924,0,0.587774294670846,0.714733542319749,0.710166919575114,0.562790697674419,0.889952153110048,0.702160493827161,0.325617283950617,0.67427701674277,0.685185185185185,0.307098765432099,0.713414634146341,0.686335403726708,0.6928,0.694444444444444,0.436817472698908,0.532924961715161,0.543778801843318,0.700315457413249,0.702127659574468,0.0384024577572965,0.47887323943662,0.695787831513261,0.391371340523883,0.52781954887218,0.697637795275591,0.685758513931889,0.706422018348624,0.654895666131621,0.671274961597542,0.471428571428571,0.71097372488408,0.687598116169545,0,0.531393568147014,0.648818897637795,0.327743902439024,0.0412844036697248,0.30781010719755,0.724191063174114,0.330275229357798,0.313364055299539,0,0.4609375,0.688575899843505,0.3625,0.701277955271565,0.728125,0.687106918238994,0.526645768025078,0.514820592823713,0.657364341085271,0.570274636510501,0,0.713836477987421,0.317771084337349,0.329341317365269,0.47926267281106,0.691943127962085,0.319444444444444,0,0.55521472392638,0.306501547987616,0.3296875,0.554858934169279,0.6859375,0.53968253968254,0.675762439807384,0.687306501547988,0,0.702781844802343,0.307807807807808,0.680851063829787,0.708527131782946,0.701112877583466,0.323029366306028,0.69969040247678,0.318112633181126,0.670826833073323,0.670382165605096,0.699088145896657,0.707620528771384,0.696400625978091,0.538699690402477,0.696734059097978,0.683812405446294,0.310030395136778,0.322480620155039,0.685758513931889,0.685185185185185,0.573872472783826,0.672839506172839,0.694753577106518,0.698924731182796,0.694915254237288,0,0.381329113924051,0.690880989180835,0.319685039370079,0,0.720820189274448,0.00158227848101266,0.349529780564263,0.686544342507645,0.724247226624406,0.00156494522691706,0.680555555555556,0.554858934169279,0.703001579778831,0.31687898089172,0.722308892355694,0.691573926868045,0.563779527559055,0.777950310559006,0.705047318611987,0,0.451863354037267,0.712241653418124,0.699846860643185,0.570987654320988,0.684848484848485,0.677524429967427,0.343653250773994,0.00154798761609907,0.694656488549618,0.685271317829457,0.702954898911353,0.652777777777778,0.314641744548287,0.736349453978159,0.436532507739938,0.445350734094617,0.00154559505409583,0.634674922600619,0.64018691588785,0.634146341463415,0,0.52373417721519,0.714506172839506,0.639876352395672,0.653726708074534,0.367316341829085,0,0,0.681547619047619,0.683890577507599,0,0.697674418604651,0.00156739811912226,0,0,0.68125,0,0.691222570532915,0.734472049689441,0.663109756097561,0.686453576864536,0,0,0.679012345679012,0.698056801195815,0.689024390243902,0.311827956989247,0,0.725341426403642,0.778801843317972,0.704160246533128,0.588325652841782,0.52755905511811,0,0.698315467075038,0.315372424722662,0.705696202531646,0.382075471698113,0,0.308845577211394,0.377151799687011,0.560260586319218,0.683153013910355,0,0.698340874811463,0.705069124423963,0.697388632872504,0,0.38375796178344,0.671031096563011,0.328968903436989,0.685975609756098,0.685800604229607,0.303680981595092,0.68,0.547256097560976,0.894573643410853,0.329738058551618,0.447284345047923,0.699212598425197,0.00309597523219814,0.31924882629108,0.702909647779479,0.317460317460317,0.657364341085271,0.517996870109546,0,0.394736842105263,0.665610142630745,0.501538461538461,0.702619414483821,0.300940438871473,0.398773006134969,0.534621578099839,0.692771084337349,0.700607902735562,0.700787401574803,0.689655172413793,0,0.701201201201201,0.323170731707317,0.6801872074883,0.593004769475358,0.325757575757576,0.692780337941628,0.698907956318253,0.690140845070423,0.611544461778471,0.703416149068323,0.434439178515008,0.452978056426332,0.711213517665131,0.715596330275229,0,0,0.677215189873418,0.6944,0.316535433070866,0.712749615975422,0.694835680751174,0.591331269349845,0.74198717948718,0.737169517884914,0.724924012158055,0,0.693623639191291,0.550955414012739,0.697819314641745,0.6765625,0,0.628705148205928,0.7312,0.327639751552795,0.684782608695652,0.574500768049155,0.686943620178042,0.670906200317965,0.67624810892587,0.362275449101796,0.688783570300158,0.698315467075038,0.712307692307692,0.523052464228935,0.382581648522551,0.700763358778626,0.679817905918058,0.00151285930408472,0.672256097560976,0.572755417956656,0.528771384136858,0.70398773006135,0.689922480620155,0.721362229102167,0.692073170731707,0.149230769230769,0.304347826086957,0,0.719492868462758,0.305379746835443,0.300155520995334,0.537383177570093,0,0.709035222052067,0.69618320610687,0.69969040247678,0.688821752265861,0.365740740740741,0.322932917316693,0,0,0.45141065830721,0.3546875,0.417818740399386,0,0.305471124620061,0.694573643410853,0.132018209408194,0.525660964230171,0.677672955974843,0.682098765432099,0.671899529042386,0.658499234303216,0.627092846270928,0,0.700447093889717,0.598746081504702,0.692667706708268,0.731297709923664,0.684532924961715,0.588957055214724,0.00309597523219814,0.715396578538103,0.719939117199391,0,0.67629179331307,0.322137404580153,0.683870967741935,0.518518518518518,0,0.00310077519379845,0.723747980613893,0.710031347962382,0.319938176197836,0.435897435897436,0.00308641975308642,0.00160513643659711,0.676646706586826,0.325077399380805,0.680129240710824,0.554033485540335,0.69969512195122,0.318181818181818,0.514548238897397,0.481658692185008,0.736089030206677,0.369354838709677,0.330289193302892,0.00154559505409583,0.328050713153724,0,0.696646341463415,0.277511961722488,0.700892857142857,0.31733746130031,0.687301587301587,0,0.578313253012048,0.593700787401575,0.685185185185185,0,0.688172043010753,0,0.563779527559055,0.706422018348624,0,0.676691729323308,0.6921875,0.646511627906977,0.723704866562009,0.346749226006192,0,0.665653495440729,0.503949447077409,0,0.695718654434251,0.312406576980568,0.331325301204819,0.697933227344992,0.691943127962085,0.690402476780186,0.690513219284603,0.697965571205008,0,0.682098765432099,0.0108527131782946,0.541284403669725,0.535493827160494,0.691833590138675,0.67906976744186,0.69618320610687,0.691019786910198,0.0566615620214395,0.332807570977918,0.707395498392283,0.7,0.66820987654321,0.696048632218845,0.676923076923077,0.711627906976744,0,0,0.686011904761905,0,0.339939024390244,0.0015600624024961,0.726283048211509,0.523125996810207,0.431061806656101,0.414746543778802,0.707278481012658,0.00157232704402516,0.417701863354037,0.677570093457944,0.688650306748466,0.673913043478261,0.637853949329359,0.457059679767103,0.501515151515151,0.613312202852615,0.302147239263804,0.390697674418605,0.725155279503106,0.486196319018405,0.668702290076336,0.319314641744548,0,0.309262166405024,0.532488114104596,0.676656151419558,0.677621283255086,0.506807866868381,0.653786707882535,0.74079754601227,0.674242424242424,0.711323763955343,0.692913385826772,0.686119873817035,0.695447409733124,0.66046511627907,0.55968992248062,0.68380062305296,0.319940476190476,0.312594840667678,0.7265625,0.00306748466257669,0.699088145896657,0.678787878787879,0,0.3776,0,0.705148205928237,0,0.689127105666156,0.690140845070423,0.313364055299539,0.891849529780564,0.683812405446294,0.706730769230769,0.671296296296296,0.713836477987421,0,0,0.739967897271268,0.709251101321586,0.696784073506891,0,0,0.314194577352472,0.470588235294118,0.557275541795666,0,0.6171875,0,0.699842022116904,0.673469387755102,0.406593406593407,0.467075038284839,0,0.533123028391167,0.592592592592593,0.651234567901235,0.696646341463415,0.69969040247678,0.304347826086957,0.693910256410256,0.0512422360248447,0.672955974842767,0,0.683658170914543,0,0.684294871794872,0.322429906542056,0.199683042789223,0,0,0.690993788819876,0.689655172413793,0.718181818181818,0.688549618320611,0.331316187594554,0.3203125,0.649452269170579,0.645015105740181,0,0.325949367088608,0.687402799377916,0,0.6704,0.720247295208655,0.368421052631579,0.0295489891135303,0.308755760368664,0.682779456193353,0.58307210031348,0.357254290171607,0.360446570972887,0.429012345679012,0.691573926868045,0.380952380952381,0.687697160883281,0,0.666666666666667,0.67530487804878,0,0,0.313343328335832,0,0.330246913580247,0.685185185185185,0.68,0.303514376996805,0.318611987381703,0.663507109004739,0.733333333333333,0.581538461538462,0.037821482602118,0.304278922345483,0.060126582278481,0.0140845070422535,0,0.270866141732283,0.308845577211394,0.292527821939587,0.319083969465649,0.317557251908397,0.0362204724409449,0.0455927051671733,0.328149300155521,0.015552099533437,0.00631911532385466,0.029595015576324,0.0183767228177642,0.0435458786936236,0.315384615384615,0.0201238390092879,0.304140127388535,0.317683881064163,0.032967032967033,0.315789473684211,0.0426179604261796,0.291079812206573,0.304953560371517,0.314589665653495,0.302362204724409
"31",0.00317460317460317,0,0.0306278713629403,0.0634920634920635,0.0124031007751938,0,0.1015625,0.0246913580246914,0,0,0,0,0.433641975308642,0,0.957120980091884,0.996969696969697,0,0.00156739811912226,0.00321027287319422,0.0168453292496172,0.839258114374034,0.971246006389776,0.0108024691358025,0,0.0508474576271186,0.74922600619195,0.890262751159196,0.00947867298578199,0.536474164133739,0.308980213089802,1,0.312989045383412,0.236923076923077,0.719626168224299,0,0,0.00606060606060606,0.00454545454545455,0.745588235294118,0.0972644376899696,0,0,0,0,0.226114649681529,0.978294573643411,0.50231124807396,1,0.52,0.877218934911243,0,0.00772797527047913,0.732006125574273,0,0.112324492979719,0.842105263157895,0,0.0249221183800623,0.0393343419062027,0.102134146341463,0.701078582434515,0.564885496183206,1,0,0.0874403815580286,0.167664670658683,0,0.0109546165884194,0,1,0.142208774583964,0.993827160493827,0.97984496124031,0,0,0.301059001512859,0.952815829528158,0.43167701863354,0.105345911949686,0.73538961038961,0,0.3,0.795216741405082,0.00149925037481259,0.891472868217054,0.0938461538461538,0.00154320987654321,0.0320121951219512,0.0321100917431193,0,0.010752688172043,0,0,0,0.0315955766192733,0,0.688549618320611,0.0166666666666667,0,0,0.382126348228043,0,0.718068535825545,0,0.889728096676737,0,0,0.0171875,1,0.992319508448541,0.990909090909091,0.0897832817337461,0.66973886328725,0.00917431192660551,0,0.010752688172043,0.284627092846271,0,1,0.766975308641975,0,0.241960183767228,0.756548536209553,0.931089743589744,0.0245775729646697,0.854103343465046,0.00303490136570561,0.00462249614791988,0,0.464615384615385,0.0692307692307692,0.497645211930926,0.0126182965299685,0,0.00625978090766823,0.981845688350983,0,0.788253477588872,0.375776397515528,0.495253164556962,0,0,0.0199081163859112,0.236476043276662,0.833597464342314,0,0.99375,0.0752688172043011,0.594090202177294,0.018018018018018,0.871473354231975,0.0170278637770898,0,0.177099236641221,0.00460829493087558,1,0,1,0,0.253105590062112,0.137878787878788,0.0168970814132104,0.984709480122324,0,0,0.54874213836478,0,0,0,0.712328767123288,0.0229357798165138,0.9984375,0.05,1,0.110419906687403,0.626153846153846,0,0.0169230769230769,0,0.147286821705426,0,0.881889763779528,0.0123456790123457,0.045662100456621,0.0102790014684288,0.0256024096385542,0.906976744186046,0.626707132018209,0.0838607594936709,0.0594679186228482,0.949843260188088,0.995391705069124,0.021505376344086,0.131901840490798,0,0,0.716257668711656,0,0,0.746564885496183,0.121495327102804,0.231818181818182,0.0105263157894737,0.575,0.560675883256528,0.7171875,0.0854961832061069,0.0402476780185759,0.124615384615385,0,0.122887864823349,0.823899371069182,0.0518867924528302,1,0.931506849315068,0.469325153374233,0.0231124807395994,0.0212121212121212,0.174183514774495,0.0015220700152207,0.110419906687403,0,0.929555895865237,0.340393343419062,0.00471698113207547,0,0.00925925925925926,0.0192878338278932,0.454968944099379,0.450617283950617,0.0110062893081761,0,0.619783616692427,0,0.106060606060606,0.486821705426357,0.0304,1,0.0408472012102874,0.00155763239875389,0,0.0491551459293395,0.470948012232416,1,0.0325581395348837,0.466049382716049,0.995555555555556,0.998491704374057,0.806853582554517,1,0.844094488188976,0.337797619047619,1,0.995426829268293,0.989425981873112,0.427299703264095,0.964912280701754,0.015748031496063,0,1,0,0.772870662460568,0,0.0203442879499218,0.103076923076923,0,0.140157480314961,0.132018209408194,0.313084112149533,0.407407407407407,0.542372881355932,0.537867078825348,0,0,0.911719939117199,0.301587301587302,0.0417956656346749,0.986404833836858,0.254545454545455,1,0.882442748091603,0,0,0.106518282988871,0,0.375191424196018,0.111111111111111,0,1,0.0963855421686747,0.0184899845916795,0,0.998468606431853,1,0.0174603174603175,0.122641509433962,1,0,0.609642301710731,0.0109034267912773,0.218320610687023,0.603053435114504,0.337984496124031,0.0396341463414634,0.989197530864197,0,0,0.996941896024465,0.0322085889570552,0,0.0240770465489567,0.00305343511450382,0.816358024691358,0.684848484848485,0.725038402457757,0.0220820189274448,0.0672,0.00152905198776758,0.732283464566929,0.0232198142414861,0.848159509202454,0.693452380952381,0.00464396284829721,0.00309597523219814,0.0293663060278207,0.312893081761006,0.00303030303030303,0.754330708661417,0.038109756097561,0.0031496062992126,0,0.680241327300151,0.45933014354067,0.984496124031008,0.00153609831029186,0.993975903614458,0.0996978851963746,0.976011994002999,1,0,0.768992248062015,0.00938967136150235,0.93394777265745,0.014308426073132,0.029595015576324,0.014018691588785,0.724409448818898,0.717011128775835,0.336448598130841,0.543130990415335,0,0.176470588235294,0.986526946107784,0.962462462462462,0.803379416282642,0,0.998475609756098,0,0.675226586102719,0.993911719939117,0.979559748427673,0.540247678018576,0,0.729559748427673,0,0.0282131661442006,0,0.00890207715133531,1,0,0.162576687116564,0,0.989296636085627,0.0214067278287462,1,0.113707165109034,0.282608695652174,0.0516717325227964,0.0135746606334842,0,0.711213517665131,0.035548686244204,0,1,0.972477064220184,0,0,0.684931506849315,0.118361153262519,0.0317460317460317,0.0462249614791988,0,0,0.886115444617785,0,1,0,0.0362776025236593,0,0.951863354037267,0,0.0328125,0,0.375389408099688,0.584234930448223,0.0169230769230769,0.998425196850394,0.139103554868624,0.00157728706624606,0.624223602484472,0.407350689127106,0.214506172839506,0,0.838759689922481,0.0238473767885533,0.00153846153846154,0.551301684532925,0,0.0275974025974026,0.978395061728395,0,0.0153846153846154,0.0060882800608828,0.0509259259259259,0.31441717791411,0.99375,0.138198757763975,0.764525993883792,0.799671592775041,0,0.390551181102362,0.407066052227343,0.386046511627907,0,0.721958925750395,0.0906298003072197,0.367223065250379,0.503048780487805,0.921713441654357,0,0,0,0.0254872563718141,0,0.0752688172043011,0,0,0,0.0015552099533437,0,0,0.237577639751553,0.485671191553544,0,0,0,0.00766871165644172,0.0434131736526946,0.283763277693475,1,0,0.115151515151515,0.407575757575758,0,0.465543644716692,0.6578125,0,0.0167173252279635,1,0.0456692913385827,0.907523510971787,0,0.992548435171386,0.886970172684458,0.498392282958199,0.0322085889570552,0,0.050520059435364,0.0231124807395994,0,0,0.925465838509317,0.0588235294117647,1,0,0,0.99236641221374,0,0.708978328173375,0.19969512195122,0.990595611285266,0.8359375,0.0386398763523957,0,1,0.0242057488653555,0.992125984251969,0.347826086956522,0.596899224806202,0,0.893846153846154,0.263736263736264,0.748456790123457,0.0229357798165138,1,0.857791225416036,0.533870967741935,0.0523168908819133,0.11890243902439,0.036697247706422,0.260061919504644,0,0.0151057401812689,1,0.0306278713629403,0.610062893081761,1,0,0,0,0.374807987711214,0.014018691588785,0.8678955453149,0.816037735849057,0.0539291217257319,0.120184899845917,0,0,0.0110236220472441,0.0661417322834646,0.987480438184664,0.0125588697017268,0.00764525993883792,0.642424242424242,0.0702028081123245,0.273584905660377,0.107946026986507,0,0.0339506172839506,0.645510835913313,0,0.00155038759689922,0,0.346811819595645,0.0279937791601866,1,0.3234375,0.631415241057543,0.201470588235294,0.309597523219814,0.0461309523809524,0.917541229385307,0.014218009478673,0,0.0200927357032458,0.687400318979266,0.872472783825817,0.00771604938271605,0,0,0.212538226299694,0.541666666666667,0.744615384615385,0.240853658536585,0,0.130030959752322,0,0.100609756097561,1,0,0.184782608695652,0.996932515337423,1,0.730769230769231,0,0.010752688172043,0.0784313725490196,0.00152439024390244,0.00301204819277108,0.911179173047473,1,0,0,0.827751196172249,0.925696594427245,0.844615384615385,0,1,0,0.424615384615385,0.717391304347826,0,0.413476263399694,0.0292307692307692,0.338391502276176,0.37219730941704,0,0,0.616692426584235,0.514548238897397,0.0778625954198473,0.0107033639143731,0.613251155624037,0,0.043343653250774,0.0389805097451274,0,0.0340236686390533,0.984662576687117,0.0144927536231884,0.565084226646248,0,0,0.498402555910543,0.177469135802469,1,0.869701726844584,0,0,0.267857142857143,0.979782270606532,0,0.685887708649469,0.00757575757575758,1,0.621745788667688,0.674565560821485,0.1392,0.903536977491961,0.996955859969559,0,0.960815047021944,0,0.00300751879699248,0.802507836990596,0.0193452380952381,0.996884735202492,0,0,0.482602118003026,0.539755351681957,0,0,0.00149925037481259,0,0.605388272583201,0.0106544901065449,0,0.349013657056146,0.0169230769230769,0.254716981132075,0.0513219284603421,0.961832061068702,0,0,0.741433021806854,0,0.313178294573643,1,0.984756097560976,0,0,0.00903614457831325,0.0279937791601866,0.0185471406491499,0,0.0218068535825545,0,0.638591117917305,0.719512195121951,0.00615384615384615,0.00925925925925926,0.00460122699386503,0.0093167701863354,0.0306278713629403,0.984544049459042,0.0158730158730159,0.0410334346504559,0.285932721712538,0.0216049382716049,0,0.0277777777777778,0,0,0.0162481536189069,0,0.93455098934551,0.00155038759689922,0.0462249614791988,0.7264,0.795918367346939,0.891437308868501,0.0859375,0.0015220700152207,0.890076335877863,0,0,0.363777089783282,0.5952023988006,0.79646017699115,0.815315315315315,0.35748031496063,1,0.88109756097561,0.454263565891473,0.738058551617874,0.298003072196621,0.992307692307692,0,1,0.6640625,0,0.346153846153846,0.776611694152924,0.378834355828221,0.129770992366412,0.00894187779433681,0.0384,0.0156494522691706,0,0.00156985871271586,0.467592592592593,0.573820395738204,0.00154083204930663,0.997005988023952,0.992548435171386,0.129032258064516,0,0,0.0256024096385542,0,0.892913385826772,0,0.0491551459293395,0,0.0259938837920489,0,0.993930197268589,0.168453292496172,0,0.363207547169811,0.386259541984733,0.115987460815047,0,0,0.0665610142630745,0.0564635958395245,0.0107197549770291,0,0,1,0.759571209800919,0.489197530864198,0,0.552833078101072,0,0.0789889415481833,0,0.798136645962733,0.773613193403298,0,0.661016949152542,0.405819295558959,0.130769230769231,0.0349544072948328,0.224299065420561,1,0.0110935023771791,0.0835913312693498,0,0,0.016566265060241,0,0,0.978159126365055,0.623639191290824,0,0,0.18348623853211,0.073015873015873,0.0560606060606061,0.280597014925373,0.974588938714499,0.995275590551181,0.168730650154799,0.163418290854573,0,0.986301369863014,0.0276497695852535,0,0.0124804992199688,0.0455927051671733,0.929121725731895,0,0.998468606431853,0,0.529780564263323,0.923076923076923,0.905956112852665,0.88208269525268,0.317965023847377,0.911719939117199,0,0,0.237421383647799,0.0152671755725191,0,0,1,0,1,0,0.286846275752773,1,1,0.465408805031447,0.040625,0.570992366412214,0,0.998442367601246,0.0435458786936236,0.00918836140888208,0,0.815047021943574,0.995502248875562,0.998420221169036,0.983333333333333,1,0,0,0.989230769230769,0.00606060606060606,0.00321027287319422,0.0323076923076923,0.00605143721633888,0,0.995319812792512,0.0136986301369863,1,0.998430141287284,0,0.996923076923077,0.0535987748851455,1,0.916413373860182,1,0.998449612403101
"32",0.684713375796178,0.688679245283019,0.722137404580153,0.738019169329074,0.701754385964912,0.682692307692308,0.700636942675159,0.712286158631415,0.693129770992366,0,0.686728395061728,0,0.727987421383648,0.688888888888889,0.362637362637363,0.333333333333333,0,0.00947867298578199,0.683954619124797,0.711568938193344,0.462015503875969,0.329581993569132,0.686244204018547,0,0.716279069767442,0.513428120063191,0.391849529780564,0.6864,0.671274961597542,0.706521739130435,0.312989045383412,1,0.820919175911252,0.473684210526316,0,0.694835680751174,0.0203761755485893,0.695852534562212,0.552395209580838,0.668202764976959,0,0.00772797527047913,0,0.692307692307692,0.741518578352181,0.328025477707006,0.634645669291339,0.302936630602782,0.657975460122699,0.434848484848485,0,0.69435736677116,0.534375,0.67981072555205,0.690851735015773,0.454833597464342,0,0.689984101748808,0.685271317829457,0.798136645962733,0.484567901234568,0.631172839506173,0.312202852614897,0,0.712241653418124,0.72386895475819,0,0.700315457413249,0,0.302250803858521,0.665130568356375,0.322530864197531,0.322480620155039,0.682027649769585,0,0.794294294294294,0.362519201228879,0.661490683229814,0.788121990369181,0.553542009884679,0,0.889230769230769,0.477064220183486,0.672897196261682,0.414219474497682,0.739938080495356,0.683969465648855,0.716279069767442,0.682515337423313,0.00462962962962963,0.682034976152623,0.689763779527559,0,0,0.705047318611987,0,0.55607476635514,0.705882352941177,0.00307692307692308,0.00309597523219814,0.680061823802164,0,0.555729984301413,0.682539682539683,0.411042944785276,0.689763779527559,0.0048,0.696734059097978,0.317535545023697,0.320251177394035,0.31924882629108,0.703125,0.606864274570983,0.678740157480315,0,0.70750382848392,0.946624803767661,0,0.320373250388802,0.481308411214953,0,0.816037735849057,0.520504731861199,0.369774919614148,0.691833590138675,0.420647149460709,0.68160741885626,0.690402476780186,0,0.659409020217729,0.729430379746835,0.590243902439024,0.691437802907916,0,0.673076923076923,0.331297709923664,0,0.513687600644122,0.674603174603175,0.66403785488959,0,0,0.703761755485893,0.750392464678179,0.450320512820513,0.687697160883281,0.318037974683544,0.733333333333333,0.632329635499208,0.691131498470948,0.440894568690096,0.689167974882261,0.68362480127186,0.687402799377916,0.68895800933126,0.303317535545024,0.684952978056426,0.309375,0,0.733441033925687,0.771084337349398,0.695384615384615,0.326625386996904,0,0.681181959564541,0.666666666666667,0.687196110210697,0.689814814814815,0.678516228748068,0.48159509202454,0.71097372488408,0.3140625,0.709677419354839,0.323170731707317,0.756756756756757,0.572100313479624,0,0.687402799377916,0,0.720679012345679,0.673913043478261,0.395931142410016,0.709230769230769,0.7015625,0.681749622926094,0.691717791411043,0.397798742138365,0.634408602150538,0.711974110032362,0.719745222929936,0.360248447204969,0.30757341576507,0.698717948717949,0.714285714285714,0,0,0.57433489827856,0,0.686821705426357,0.549618320610687,0.715670436187399,0.717829457364341,0.684049079754601,0.613458528951487,0.56221198156682,0.548387096774194,0.689763779527559,0.693623639191291,0.791601866251944,0,0.6953125,0.483870967741935,0.708333333333333,0.315625,0.375,0.670846394984326,0.693877551020408,0.692901234567901,0.830963665086888,0.694444444444444,0.743827160493827,0,0.37962962962963,0.724031007751938,0.692307692307692,0,0.686728395061728,0.706948640483384,0.662015503875969,0.644859813084112,0.680445151033386,0.685897435897436,0.599378881987578,0,0.713629402756508,0.81055900621118,0.702875399361022,0.3198127925117,0.713629402756508,0.691573926868045,0.682316118935837,0.70606531881804,0.644916540212443,0.320754716981132,0.710031347962382,0.639016897081413,0.311649016641452,0.30441400304414,0.43859649122807,0.296411856474259,0.44811320754717,0.685975609756098,0.311827956989247,0.32,0.325038880248834,0.685015290519878,0.360576923076923,0.700934579439252,0.00321027287319422,0.304075235109718,0,0.504716981132076,0.690363349131122,0.70015455950541,0.701863354037267,0,0.7744,0.700305810397553,0.985826771653543,0.845553822152886,0.668253968253968,0.5390625,0.0031104199066874,0.677316293929712,0.42015503875969,1,0.727848101265823,0.319182389937107,0.715408805031447,0.325984251968504,0.416536661466459,0.692073170731707,0.690938511326861,0.704654895666132,0,0.702492211838006,0.705696202531646,0,0.298136645962733,0.708141321044547,0.711568938193344,0,0.324116743471582,0.30298273155416,0.707592891760905,0.812199036918138,0.308917197452229,0,0.599063962558502,0.713607594936709,0.785822021116139,0.630094043887147,0.709576138147567,0.698738170347003,0.330757341576507,0.690658499234303,0.685758513931889,0.328571428571429,0.711627906976744,0.703296703296703,0.689984101748808,0.691950464396285,0.453125,0.555038759689922,0.565830721003135,0.701421800947867,0.728867623604466,0.0370942812982998,0.500789889415482,0.707547169811321,0.429017160686427,0.530211480362538,0.703761755485893,0.702060221870048,0.702492211838006,0.730769230769231,0.680981595092024,0.489698890649762,0.715170278637771,0.681747269890796,0,0.568992248062016,0.661417322834646,0.319938176197836,0.0385208012326656,0.312404287901991,0.706521739130435,0.326625386996904,0.307931570762053,0,0.480376766091052,0.695046439628483,0.383411580594679,0.701639344262295,0.715408805031447,0.693037974683544,0.562599049128368,0.544283413848631,0.697492163009404,0.642857142857143,0,0.737678855325914,0.317557251908397,0.339969372128637,0.504658385093168,0.6848,0.338582677165354,0,0.576982892690513,0.302936630602782,0.327503974562798,0.643533123028391,0.68798751950078,0.560581583198708,0.6677471636953,0.689274447949527,0,0.693572496263079,0.295558958652374,0.682027649769585,0.7328125,0.692675159235669,0.326984126984127,0.701357466063348,0.31104199066874,0.675465838509317,0.796474358974359,0.702453987730061,0.696124031007752,0.676056338028169,0.551181102362205,0.709119496855346,0.686244204018547,0.320668693009119,0.332307692307692,0.690625,0.68062015503876,0.593114241001565,0.672897196261682,0.695299837925446,0.716510903426791,0.679012345679012,0,0.409162717219589,0.687402799377916,0.33596214511041,0,0.713836477987421,0.00318471337579618,0.358851674641148,0.693374422187982,0.698289269051322,0,0.690251572327044,0.595576619273302,0.70906200317965,0.301435406698565,0.706539074960128,0.6752,0.615262321144674,0.667716535433071,0.8515625,0,0.468454258675079,0.706260032102729,0.68895800933126,0.621283255086072,0.687306501547988,0.679276315789474,0.345368916797488,0,0.681181959564541,0.696875,0.712715855572998,0.708588957055215,0.313408723747981,0.776898734177215,0.473846153846154,0.457377049180328,0.0015527950310559,0.697452229299363,0.646031746031746,0.744548286604361,0,0.55591054313099,0.758241758241758,0.696124031007752,0.76271186440678,0.395522388059701,0,0,0.679160419790105,0.680981595092024,0,0.711783439490446,0.00321027287319422,0,0,0.700468018720749,0,0.695024077046549,0.6796875,0.648148148148148,0.679506933744222,0,0,0.695652173913043,0.725341426403642,0.779141104294479,0.318461538461538,0.00161550888529887,0.695454545454545,0.678516228748068,0.698907956318253,0.668188736681887,0.596518987341772,0,0.694915254237288,0.314102564102564,0.743710691823899,0.370662460567823,0,0.319880418535127,0.415094339622642,0.557723577235772,0.674922600619195,0,0.728943338437979,0.711009174311927,0.68075117370892,0,0.381933438985737,0.69672131147541,0.321027287319422,0.678018575851393,0.687789799072643,0.331259720062208,0.6671826625387,0.573228346456693,0.716510903426791,0.325949367088608,0.452380952380952,0.712286158631415,0.0047244094488189,0.31839258114374,0.704791344667697,0.337579617834395,0.794585987261146,0.65251572327044,0,0.407914764079148,0.81421647819063,0.539657853810264,0.687010954616588,0.314728682170543,0.446511627906977,0.565359477124183,0.719512195121951,0.798484848484848,0.717011128775835,0.7312,0,0.684049079754601,0.319018404907975,0.672868217054264,0.592417061611374,0.311077389984825,0.690292758089368,0.709320695102686,0.683544303797468,0.680379746835443,0.70750382848392,0.433489827856025,0.491365777080063,0.705607476635514,0.709627329192547,0,0,0.690402476780186,0.688498402555911,0.32695374800638,0.715421303656598,0.703761755485893,0.621283255086072,0.716346153846154,0.685624012638231,0.705972434915773,0,0.702362204724409,0.5796875,0.682464454976303,0.672496025437202,0,0.699212598425197,0.6992,0.306122448979592,0.7339593114241,0.572981366459627,0.703030303030303,0.779874213836478,0.695454545454545,0.393712574850299,0.694136291600634,0.70440251572327,0.712480252764613,0.554675118858954,0.382488479262673,0.704791344667697,0.68075117370892,0.00307219662058372,0.737984496124031,0.590979782270607,0.537267080745342,0.844375963020031,0.687598116169545,0.706624605678233,0.695987654320988,0.152542372881356,0.316476345840131,0,0.82018927444795,0.308176100628931,0.312989045383412,0.552590266875981,0,0.696062992125984,0.736434108527132,0.682170542635659,0.678516228748068,0.401574803149606,0.323390894819466,0,0,0.460925039872408,0.369969040247678,0.439873417721519,0,0.312210200927357,0.682316118935837,0.152777777777778,0.554347826086957,0.689102564102564,0.680124223602484,0.678972712680578,0.763239875389408,0.72281776416539,0,0.692077727952167,0.583201267828843,0.646592709984152,0.73820395738204,0.69218989280245,0.617873651771957,0.00155763239875389,0.735109717868339,0.725460122699387,0,0.679938744257274,0.320433436532508,0.692058346839546,0.537750385208012,0,0.00309119010819165,0.673770491803279,0.831513260530421,0.323343848580442,0.447284345047923,0.00311526479750779,0,0.750755287009063,0.326053042121685,0.684124386252046,0.591962905718702,0.693023255813954,0.314589665653495,0.531055900621118,0.521531100478469,0.79746835443038,0.375399361022364,0.317411402157165,0,0.34775641025641,0,0.695121951219512,0.28391167192429,0.689393939393939,0.312698412698413,0.696540880503145,0,0.71580547112462,0.657686212361331,0.671802773497689,0,0.686635944700461,0,0.662379421221865,0.688854489164087,0,0.690184049079755,0.681458003169572,0.693396226415094,0.732594936708861,0.358139534883721,0,0.676656151419558,0.518341307814992,0,1,0.293129770992366,0.327217125382263,0.687106918238994,0.68312101910828,0.690769230769231,0.676056338028169,0.694227769110764,0,0.689274447949527,0.0123456790123457,0.579754601226994,0.555382215288612,0.693498452012384,0.697852760736196,0.68348623853211,0.691588785046729,0.0679012345679012,0.333333333333333,0.696920583468395,0.714285714285714,0.716486902927581,0.689922480620155,0.694573643410853,0.728971962616822,0,0,0.689189189189189,0,0.363076923076923,0.00158730158730159,0.707165109034268,0.524332810047096,0.477707006369427,0.439814814814815,0.724247226624406,0,0.415765069551777,0.687598116169545,0.693623639191291,0.736434108527132,0.60546282245827,0.472346786248132,0.46177370030581,0.678740157480315,0.315950920245399,0.394409937888199,0.683544303797468,0.496884735202492,0.717156105100464,0.31619937694704,0,0.306477093206951,0.567567567567568,0.691437802907916,0.665109034267913,0.511380880121396,0.687888198757764,0.789393939393939,0.676335877862595,0.733441033925687,0.687797147385103,0.700949367088608,0.699530516431925,0.740683229813665,0.654263565891473,0.684952978056426,0.318731117824773,0.308510638297872,0.80188679245283,0.0046801872074883,0.686821705426357,0.675840978593272,0,0.411858974358974,0,0.72884012539185,0,0.7015625,0.683464566929134,0.312788906009245,0.711356466876972,0.686838124054463,0.70440251572327,0.669767441860465,0.706070287539936,0,0,0.725938009787928,0.712556732223903,0.687692307692308,0,0,0.3232,0.489230769230769,0.574730354391371,0,0.732394366197183,0,0.696141479099678,0.687400318979266,0.416666666666667,0.48297213622291,0,0.580286168521463,0.677165354330709,0.666151468315301,0.702909647779479,0.742236024844721,0.328660436137072,0.705977382875606,0.0438184663536776,0.69377990430622,0,0.690909090909091,0.00157232704402516,0.684713375796178,0.323854660347551,0.20846394984326,0,0,0.82398753894081,0.709935897435897,0.712962962962963,0.647058823529412,0.32572298325723,0.320907617504052,0.661904761904762,0.664110429447853,0,0.335433070866142,0.704581358609795,0,0.685805422647528,0.708333333333333,0.367762128325509,0.028125,0.303543913713405,0.683153013910355,0.647151898734177,0.369158878504673,0.404458598726115,0.420970266040689,0.782608695652174,0.3796875,0.696825396825397,0,0.727416798732171,0.681538461538462,0.00156739811912226,0,0.309774436090226,0,0.312893081761006,0.679626749611198,0.677316293929712,0.322734499205087,0.307692307692308,0.680577849117175,0.722662440570523,0.637636080870918,0.0368663594470046,0.308064516129032,0.0644122383252818,0.019047619047619,0,0.290015847860539,0.302891933028919,0.308186195826645,0.327131782945736,0.304615384615385,0.0361635220125786,0.0412844036697248,0.327073552425665,0.0201550387596899,0.00480769230769231,0.0379746835443038,0.0248833592534992,0.0421875,0.3296875,0.024653312788906,0.316957210776545,0.333848531684699,0.0335463258785942,0.313572542901716,0.0412213740458015,0.31937984496124,0.318110236220472,0.321699544764795,0.320552147239264
"33",0.780448717948718,0.755591054313099,0.798107255520505,0.794871794871795,0.787096774193548,0.773710482529118,0.797752808988764,0.77007874015748,0.772727272727273,0.00161812297734628,0.77373417721519,0.00157977883096367,0.693163751987281,0.753694581280788,0.289308176100629,0.249605055292259,0.00156494522691706,0.0112,0.762376237623762,0.787974683544304,0.380348652931854,0.267441860465116,0.763322884012539,0.00156739811912226,0.789638932496075,0.455858747993579,0.331746031746032,0.756933115823817,0.670347003154574,0.704510108864697,0.236923076923077,0.820919175911252,1,0.438095238095238,0.0015625,0.772151898734177,0.0188976377952756,0.766192733017378,0.459167950693374,0.773148148148148,0,0.00943396226415094,0.00317460317460317,0.768115942028985,0.739344262295082,0.265238879736409,0.621019108280255,0.221153846153846,0.598765432098765,0.3484375,0.00156739811912226,0.778129952456418,0.46749226006192,0.769230769230769,0.76537216828479,0.372742200328407,0.00164744645799012,0.759170653907496,0.764240506329114,0.84458398744113,0.462132921174652,0.618971061093248,0.238325281803543,0.00163398692810458,0.808752025931929,0.799684542586751,0.0016,0.767295597484277,0.00158730158730159,0.218849840255591,0.735524256651017,0.235294117647059,0.238782051282051,0.770800627943485,0,0.873065015479876,0.279179810725552,0.752773375594295,0.849757673667205,0.454695222405272,0.00160513643659711,0.796208530805687,0.428129829984544,0.761682242990654,0.344551282051282,0.794392523364486,0.77373417721519,0.779179810725552,0.763322884012539,0.0046656298600311,0.770800627943485,0.763406940063092,0.00158730158730159,0.00158478605388273,0.767479674796748,0,0.471786833855799,0.76813880126183,0.003125,0.00481540930979133,0.696343402225755,0.00156985871271586,0.466129032258065,0.754807692307692,0.32312404287902,0.756978653530378,0.00637958532695375,0.779552715654952,0.232,0.236044657097289,0.245696400625978,0.784,0.519561815336463,0.76138147566719,0.0016025641025641,0.779527559055118,0.816745655608215,0.00157728706624606,0.230046948356808,0.431781701444623,0.00154559505409583,1,0.456112852664577,0.306946688206785,0.768388106416275,0.366043613707165,0.769230769230769,0.758064516129032,0.00161030595813205,0.656786271450858,0.777777777777778,0.628058727569331,0.757188498402556,0.00157232704402516,0.75796178343949,0.235478806907378,0.00156494522691706,0.4384,0.670947030497592,0.6557911908646,0.0016366612111293,0.00159744408945687,0.776545166402536,0.833597464342314,0.388709677419355,0.754838709677419,0.227053140096618,0.77567140600316,0.560064935064935,0.774343122102009,0.365105008077544,0.762360446570973,0.773615635179153,0.735247208931419,0.766295707472178,0.225239616613419,0.755485893416928,0.243670886075949,0.00157728706624606,0.826086956521739,0.827044025157233,0.777777777777778,0.245669291338583,0.0015625,0.762282091917591,0.593192868719611,0.772046589018303,0.764984227129338,0.756671899529042,0.443585780525502,0.776714513556619,0.246006389776358,0.770542635658915,0.243827160493827,0.827697262479871,0.544303797468354,0.00157977883096367,0.776167471819646,0.00156739811912226,0.783783783783784,0.77373417721519,0.335987261146497,0.781990521327014,0.779874213836478,0.767477203647416,0.779527559055118,0.318541996830428,0.543581616481775,0.781402936378467,0.784219001610306,0.279620853080569,0.232114467408585,0.783870967741935,0.78816199376947,0,0,0.517571884984026,0.0015625,0.765069551777434,0.45839874411303,0.785016286644951,0.757527733755943,0.769585253456221,0.592948717948718,0.593301435406699,0.500805152979066,0.741626794258373,0.770967741935484,0.864566929133858,0.00159235668789809,0.756630265210608,0.401315789473684,0.776545166402536,0.231511254019293,0.29375,0.659842519685039,0.764705882352941,0.769706336939722,0.984101748807631,0.764150943396226,0.849683544303797,0.00160771704180064,0.300157977883096,0.803125,0.7712,0.0015625,0.766666666666667,0.783950617283951,0.658307210031348,0.635071090047393,0.769354838709677,0.761437908496732,0.536858974358974,0.00161812297734628,0.807453416149068,0.705414012738854,0.79635761589404,0.232704402515723,0.781645569620253,0.769354838709677,0.761609907120743,0.802568218298555,0.615503875968992,0.246422893481717,0.790143084260731,0.631329113924051,0.234398782343988,0.229230769230769,0.367149758454106,0.224,0.367479674796748,0.686821705426357,0.23015873015873,0.236220472440945,0.250783699059561,0.682316118935837,0.260586319218241,0.782958199356913,0.00641025641025641,0.232594936708861,0.00156494522691706,0.4336,0.770597738287561,0.7632,0.759811616954474,0.00156739811912226,0.840579710144927,0.772511848341232,0.796178343949045,0.763955342902711,0.621019108280255,0.598101265822785,0.0062992125984252,0.752808988764045,0.325914149443561,0.80655737704918,0.794628751974723,0.241057542768274,0.748807631160572,0.234076433121019,0.340255591054313,0.766871165644172,0.753670473083197,0.782958199356913,0.0015552099533437,0.706896551724138,0.799050632911392,0.00158227848101266,0.2265625,0.780152671755725,0.783570300157978,0,0.245222929936306,0.227987421383648,0.783171521035599,0.85024154589372,0.240196078431373,0,0.539432176656151,0.784,0.7828125,0.540880503144654,0.726829268292683,0.764890282131661,0.233807266982622,0.763608087091757,0.754358161648177,0.239302694136292,0.801872074882995,0.770800627943485,0.769480519480519,0.773082942097027,0.371428571428571,0.489891135303266,0.495283018867925,0.778501628664495,0.777597402597403,0.04375,0.456418383518225,0.792544570502431,0.343949044585987,0.489891135303266,0.783570300157978,0.769108280254777,0.788976377952756,0.818032786885246,0.767660910518053,0.442857142857143,0.783570300157978,0.771929824561403,0.00160771704180064,0.514774494556765,0.650641025641026,0.253588516746411,0.0464,0.2390625,0.758785942492013,0.255485893416928,0.22662440570523,0.00155763239875389,0.415094339622642,0.770700636942675,0.304212168486739,0.791118421052632,0.798722044728435,0.786283891547049,0.508116883116883,0.500810372771475,0.808176100628931,0.582637729549249,0,0.846645367412141,0.23206106870229,0.266666666666667,0.407582938388626,0.762520193861066,0.241653418124006,0.00158227848101266,0.5171875,0.23208722741433,0.237096774193548,0.658805031446541,0.759493670886076,0.458670988654781,0.749180327868852,0.766192733017378,0.00158730158730159,0.769461077844311,0.219284603421462,0.755070202808112,0.83125,0.779411764705882,0.248417721518987,0.775700934579439,0.228346456692913,0.763492063492063,0.752808988764045,0.782270606531882,0.786163522012579,0.762128325508607,0.488151658767773,0.793375394321767,0.762870514820593,0.238828967642527,0.248803827751196,0.7728,0.759554140127389,0.485179407176287,0.7734375,0.768976897689769,0.804381846635368,0.758190327613105,0.00160771704180064,0.323529411764706,0.764984227129338,0.236044657097289,0.00161550888529887,0.793700787401575,0.00327332242225859,0.261712439418417,0.773228346456693,0.782051282051282,0.00162337662337662,0.679748822605965,0.584664536741214,0.775280898876405,0.216129032258065,0.741157556270096,0.764516129032258,0.571879936808847,0.681818181818182,0.8032,0.00161030595813205,0.381329113924051,0.795161290322581,0.778662420382166,0.580343213728549,0.773584905660377,0.753355704697987,0.257551669316375,0.00157977883096367,0.78391167192429,0.779365079365079,0.776714513556619,0.802527646129542,0.232484076433121,0.822327044025157,0.420221169036335,0.394342762063228,0.0031496062992126,0.804173354735153,0.65251572327044,0.685483870967742,0.00156494522691706,0.471544715447154,0.822115384615385,0.808049535603715,0.654263565891473,0.317073170731707,0.00156494522691706,0.00157977883096367,0.763993948562784,0.7703125,0,0.762658227848101,0.00320512820512821,0.00153846153846154,0.00164203612479475,0.774760383386581,0.00158730158730159,0.772131147540984,0.732258064516129,0.646875,0.766355140186916,0.0016025641025641,0.00158730158730159,0.778481012658228,0.782012195121951,0.896062992125984,0.235202492211838,0.00163132137030995,0.77602523659306,0.687211093990755,0.776190476190476,0.637071651090343,0.516025641025641,0.0016025641025641,0.769352290679305,0.238249594813614,0.805466237942122,0.308681672025723,0.00155038759689922,0.234567901234568,0.3322528363047,0.560530679933665,0.761310452418097,0.00158227848101266,0.783076923076923,0.773885350318471,0.770800627943485,0.00159744408945687,0.298722044728434,0.772954924874791,0.230263157894737,0.764984227129338,0.761171032357473,0.231629392971246,0.767772511848341,0.504643962848297,0.783699059561129,0.242811501597444,0.37378640776699,0.802884615384615,0.00479233226837061,0.238924050632911,0.773940345368917,0.253246753246753,0.840064620355412,0.58974358974359,0.0015600624024961,0.314785373608903,0.862745098039216,0.480252764612954,0.770206022187005,0.223809523809524,0.363919129082426,0.601990049751244,0.787037037037037,0.846875,0.802232854864434,0.856677524429967,0.00161030595813205,0.782945736434108,0.228260869565217,0.766666666666667,0.55663430420712,0.237129485179407,0.7578125,0.777955271565495,0.761075949367089,0.686614173228347,0.782334384858044,0.355877616747182,0.402889245585875,0.763492063492063,0.7904,0.00154083204930663,0,0.765273311897106,0.761437908496732,0.246794871794872,0.786407766990291,0.79559748427673,0.552590266875981,0.778688524590164,0.71405750798722,0.784283513097072,0,0.766666666666667,0.504807692307692,0.766457680250784,0.76984126984127,0.00153139356814701,0.768488745980707,0.78330658105939,0.23015873015873,0.857142857142857,0.518927444794953,0.815548780487805,0.741100323624595,0.796352583586626,0.301538461538462,0.774350649350649,0.773524720893142,0.790322580645161,0.495867768595041,0.313291139240506,0.775280898876405,0.765891472868217,0.00313971742543171,0.82807570977918,0.566929133858268,0.443037974683544,0.795918367346939,0.762820512820513,0.761904761904762,0.766561514195584,0.142857142857143,0.235679214402619,0.00153609831029186,0.931637519872814,0.230524642289348,0.228070175438596,0.465079365079365,0.00158982511923688,0.788461538461538,0.814641744548287,0.7671875,0.762282091917591,0.3312,0.243670886075949,0.00152905198776758,0.00156985871271586,0.39344262295082,0.3072,0.378812199036918,0,0.231611893583725,0.75594294770206,0.115506329113924,0.5008,0.767145135566188,0.68503937007874,0.759472817133443,0.721518987341772,0.701863354037267,0.00158478605388273,0.767228177641654,0.560192616372392,0.634894991922456,0.800933125972006,0.777604976671851,0.545454545454545,0.0062992125984252,0.788216560509554,0.788491446345257,0.0016,0.76056338028169,0.242472266244057,0.781553398058252,0.566666666666667,0,0.00319488817891374,0.656301145662848,0.827751196172249,0.237795275590551,0.347266881028939,0.0048,0,0.726858877086495,0.241157556270096,0.771004942339374,0.50625,0.768388106416275,0.23861852433281,0.502369668246445,0.502431118314425,0.855072463768116,0.314238952536825,0.227906976744186,0,0.273021001615509,0.00157728706624606,0.7703125,0.23240589198036,0.78,0.227564102564103,0.763157894736842,0.0015527950310559,0.66046511627907,0.661367249602544,0.75801282051282,0.00161812297734628,0.760629921259843,0.00161550888529887,0.552674230145867,0.774143302180685,0.00156739811912226,0.687301587301587,0.781150159744409,0.7184,0.803921568627451,0.268217054263566,0.00156739811912226,0.759493670886076,0.440944881889764,0.0015625,0.819047619047619,0.225114854517611,0.247692307692308,0.769854132901134,0.770465489566613,0.767801857585139,0.766233766233766,0.766505636070853,0.00156494522691706,0.767772511848341,0.0156739811912226,0.517940717628705,0.478806907378336,0.762204724409449,0.766295707472178,0.7734375,0.7792,0.0664556962025316,0.252427184466019,0.768092105263158,0.792125984251968,0.8390625,0.763866877971474,0.77151799687011,0.788309636650869,0.00153609831029186,0.00155038759689922,0.772519083969466,0.00154798761609907,0.27906976744186,0.0016,0.7776,0.436988543371522,0.408064516129032,0.336990595611285,0.824561403508772,0.00315955766192733,0.318181818181818,0.755905511811024,0.762282091917591,0.701612903225806,0.583841463414634,0.437878787878788,0.369397217928903,0.680194805194805,0.224648985959438,0.341121495327103,0.659744408945687,0.459069020866774,0.845070422535211,0.239935587761675,0.0016025641025641,0.226984126984127,0.506493506493506,0.763458401305057,0.662480376766091,0.430981595092025,0.813804173354735,0.834115805946792,0.750387596899225,0.819218241042345,0.768370607028754,0.783034257748777,0.777777777777778,0.653543307086614,0.567398119122257,0.758730158730159,0.245022970903522,0.234567901234568,0.85126582278481,0.0062111801242236,0.761075949367089,0.768273716951788,0.00164203612479475,0.337078651685393,0.00158730158730159,0.79454253611557,0,0.792511700468019,0.762738853503185,0.230769230769231,0.769352290679305,0.771028037383178,0.710144927536232,0.673501577287066,0.78330658105939,0.0015527950310559,0.00159489633173844,0.814876033057851,0.772519083969466,0.766929133858268,0.00154083204930663,0,0.222585924713584,0.426584234930448,0.616954474097331,0.0016025641025641,0.613312202852615,0.0015625,0.748387096774194,0.778481012658228,0.371794871794872,0.461897356143079,0.00154320987654321,0.502407704654896,0.665094339622642,0.766561514195584,0.779874213836478,0.742496050552923,0.240829346092504,0.788685524126456,0.0373376623376623,0.764516129032258,0,0.763322884012539,0.00318471337579618,0.762135922330097,0.246774193548387,0.161030595813205,0.00157232704402516,0.00158982511923688,0.903726708074534,0.806188925081433,0.797822706065319,0.7125,0.243788819875776,0.2304,0.709984152139461,0.706521739130435,0.0016260162601626,0.24232633279483,0.783094098883573,0,0.749185667752443,0.795348837209302,0.290015847860539,0.0296411856474259,0.220985691573927,0.75920245398773,0.585326953748006,0.291079812206573,0.333333333333333,0.339652448657188,0.910277324632953,0.307692307692308,0.7744,0.00157728706624606,0.798061389337641,0.774803149606299,0.00320512820512821,0.00157977883096367,0.227692307692308,0,0.238546603475513,0.759554140127389,0.692682926829268,0.236334405144695,0.228571428571429,0.66936790923825,0.789389067524116,0.639498432601881,0.040625,0.231132075471698,0.0591133004926108,0.0224719101123595,0.00159744408945687,0.218500797448166,0.230293663060278,0.228571428571429,0.243410852713178,0.233070866141732,0.0357723577235772,0.0424528301886792,0.248826291079812,0.0224358974358974,0.00966183574879227,0.0412698412698413,0.025,0.0456692913385827,0.259615384615385,0.0250783699059561,0.24390243902439,0.239165329052969,0.0355987055016181,0.234349919743178,0.0399385560675883,0.24251968503937,0.257142857142857,0.235294117647059,0.234076433121019
"34",0.286392405063291,0.282334384858044,0.304615384615385,0.326018808777429,0.298887122416534,0.286407766990291,0.3552,0.298273155416013,0.291731669266771,0,0.284591194968553,0,0.5125,0.280193236714976,0.703761755485893,0.726708074534162,0,0.00469483568075117,0.280844155844156,0.2921875,0.687306501547988,0.701130856219709,0.293291731669267,0,0.332302936630603,0.696124031007752,0.766192733017378,0.282296650717703,0.594180704441041,0.444961240310077,0.719626168224299,0.473684210526316,0.438095238095238,1,0,0.297674418604651,0.00467289719626168,0.285493827160494,0.661169415292354,0.348909657320872,0.00157232704402516,0.00309597523219814,0.00156494522691706,0.304278922345483,0.434022257551669,0.726688102893891,0.618296529968454,0.712050078247261,0.580398162327718,0.688854489164087,0,0.297507788161994,0.6734375,0.2890625,0.348031496062992,0.681372549019608,0,0.315707620528771,0.29153605015674,0.362229102167183,0.907378335949764,0.611801242236025,0.717460317460317,0,0.348171701112878,0.405660377358491,0,0.293185419968304,0,0.712903225806452,0.438080495356037,0.694227769110764,0.722834645669291,0.291217257318952,0,0.473363774733638,0.720430107526882,0.548091603053435,0.345659163987138,0.646766169154229,0,0.47906976744186,0.638846737481032,0.27639751552795,0.695787831513261,0.357361963190184,0.293023255813953,0.310502283105023,0.309968847352025,0,0.281200631911532,0.266244057052298,0,0,0.309636650868878,0,0.623655913978495,0.285491419656786,0.00153846153846154,0.00157728706624606,0.520634920634921,0,0.646592709984152,0.284345047923323,0.697568389057751,0.293929712460064,0,0.29320987654321,0.713836477987421,0.709119496855346,0.711180124223602,0.341269841269841,0.632492113564669,0.292913385826772,0,0.294573643410853,0.459501557632399,0,0.71141975308642,0.710691823899371,0,0.453834115805947,0.665629860031104,0.819935691318328,0.30625,0.725581395348837,0.280916030534351,0.29595015576324,0,0.542056074766355,0.334928229665072,0.611650485436893,0.275316455696203,0,0.276699029126214,0.700310559006211,0,0.70253164556962,0.540157480314961,0.553429027113238,0,0,0.3,0.472527472527473,0.675806451612903,0.290423861852433,0.691222570532915,0.337984496124031,0.585874799357945,0.292569659442724,0.702702702702703,0.295418641390205,0.275477707006369,0.400936037441498,0.29922480620155,0.697749196141479,0.274143302180685,0.722135007849294,0,0.457735247208931,0.361963190184049,0.296875,0.710566615620214,0,0.270928462709285,0.582802547770701,0.269168026101142,0.276661514683153,0.291217257318952,0.942812982998454,0.296875,0.719242902208202,0.294207317073171,0.727134146341463,0.346031746031746,0.661466458658346,0,0.306729264475743,0,0.399075500770416,0.275541795665635,0.691437802907916,0.285491419656786,0.307086614173228,0.288549618320611,0.304147465437788,0.721875,0.617151607963247,0.340764331210191,0.331738437001595,0.7,0.70679012345679,0.299840510366826,0.376543209876543,0,0,0.671428571428571,0.00158730158730159,0.291858678955453,0.667706708268331,0.359055118110236,0.483619344773791,0.280185758513932,0.617693522906793,0.62,0.659235668789809,0.32182103610675,0.294117647058824,0.34375,0,0.379471228615863,0.693548387096774,0.32120253164557,0.700626959247649,0.696319018404908,0.553654743390358,0.304278922345483,0.291021671826625,0.400621118012422,0.28149300155521,0.369496855345912,0,0.722308892355694,0.516279069767442,0.271450858034321,0,0.282208588957055,0.30381679389313,0.550156739811912,0.516746411483254,0.305246422893482,0.282258064516129,0.604724409448819,0,0.347560975609756,0.566666666666667,0.32463295269168,0.715625,0.31039755351682,0.281847133757962,0.290372670807453,0.323854660347551,0.564814814814815,0.711568938193344,0.315047021943574,0.608359133126935,0.713855421686747,0.70516717325228,0.658767772511848,0.72386895475819,0.684126984126984,0.483771251931994,0.719435736677116,0.712074303405573,0.722222222222222,0.525835866261398,0.674193548387097,0.315372424722662,0.00159744408945687,0.724409448818898,0,0.679873217115689,0.272727272727273,0.307692307692308,0.371517027863777,0,0.35725677830941,0.388036809815951,0.470404984423676,0.517774343122102,0.561514195583596,0.614896988906498,0.0015625,0.294585987261146,0.708722741433022,0.463295269168026,0.31201248049922,0.719188767550702,0.43213728549142,0.721698113207547,0.682316118935837,0.290909090909091,0.286173633440514,0.339228295819936,0,0.512269938650307,0.349922239502333,0,0.721958925750395,0.342549923195084,0.302547770700637,0,0.71585557299843,0.715396578538103,0.294685990338164,0.363057324840764,0.710569105691057,0,0.610510046367852,0.294952681388013,0.432926829268293,0.599063962558502,0.508885298869144,0.296583850931677,0.720748829953198,0.286153846153846,0.28149300155521,0.718553459119497,0.306729264475743,0.289719626168224,0.30952380952381,0.280125195618153,0.727838258164852,0.666146645865835,0.658423493044822,0.284126984126984,0.299837925445705,0.015527950310559,0.708661417322835,0.317111459968603,0.723004694835681,0.657012195121951,0.291021671826625,0.284810126582278,0.316614420062696,0.509584664536741,0.286363636363636,0.717011128775835,0.319018404907975,0.298412698412698,0,0.654961832061069,0.525236593059937,0.7171875,0.0155763239875389,0.703533026113671,0.3421875,0.760736196319018,0.723101265822785,0,0.729393468118196,0.290015847860539,0.701399688958009,0.292763157894737,0.320552147239264,0.2976,0.671383647798742,0.665040650406504,0.513931888544892,0.561996779388084,0,0.416932907348243,0.708018154311649,0.701219512195122,0.669278996865204,0.293929712460064,0.728260869565217,0,0.663594470046083,0.717325227963526,0.731132075471698,0.548644338118022,0.274015748031496,0.634460547504026,0.280844155844156,0.289514866979656,0,0.299552906110283,0.712519319938176,0.287037037037037,0.409020217729393,0.2992,0.706260032102729,0.312404287901991,0.714508580343214,0.374414976599064,0.469096671949287,0.324574961360124,0.30030959752322,0.279874213836478,0.6609375,0.310126582278481,0.283513097072419,0.737654320987654,0.715396578538103,0.280388978930308,0.284820031298905,0.624413145539906,0.360983102918587,0.302931596091205,0.308411214953271,0.28129829984544,0,0.6944,0.275039745627981,0.708920187793427,0,0.302066772655008,0.00159235668789809,0.709119496855346,0.295281582952816,0.308777429467085,0.00159235668789809,0.513260530421217,0.6513470681458,0.289137380191693,0.708064516129032,0.381877022653722,0.270833333333333,0.627980922098569,0.5390625,0.430599369085173,0,0.694136291600634,0.292063492063492,0.29153605015674,0.636792452830189,0.294670846394984,0.307438016528926,0.707086614173228,0,0.291472868217054,0.293650793650794,0.335423197492163,0.510140405616225,0.702660406885759,0.349606299212598,0.740340030911901,0.652317880794702,0.00155038759689922,0.528391167192429,0.605678233438486,0.550925925925926,0,0.653160453808752,0.337025316455696,0.529230769230769,0.549689440993789,0.715151515151515,0,0,0.279279279279279,0.305936073059361,0,0.345911949685535,0,0,0,0.26905132192846,0,0.277147487844408,0.433070866141732,0.563748079877112,0.281345565749235,0,0,0.303405572755418,0.31866464339909,0.492236024844721,0.71097372488408,0,0.351063829787234,0.539412673879444,0.286846275752773,0.617283950617284,0.638668779714738,0,0.291731669266771,0.702746365105008,0.323763955342903,0.694753577106518,0,0.709923664122137,0.691573926868045,0.698517298187809,0.307210031347962,0,0.327666151468315,0.296703296703297,0.281645569620253,0,0.70906200317965,0.318032786885246,0.716612377850163,0.287037037037037,0.28149300155521,0.724137931034483,0.285266457680251,0.666151468315301,0.410094637223975,0.717219589257504,0.697784810126582,0.320126782884311,0.00158982511923688,0.725984251968504,0.310452418096724,0.713355048859935,0.5,0.559429477020602,0,0.696400625978091,0.414239482200647,0.665625,0.279320987654321,0.727838258164852,0.721286370597244,0.607553366174056,0.324655436447167,0.35474006116208,0.314553990610329,0.471428571428571,0,0.290964777947933,0.717592592592593,0.304552590266876,0.603559870550162,0.718461538461538,0.276995305164319,0.287284144427002,0.282296650717703,0.549679487179487,0.28680981595092,0.695924764890282,0.669341894060995,0.333853354134165,0.361801242236025,0,0,0.286846275752773,0.337078651685393,0.723472668810289,0.299065420560748,0.2921875,0.642969984202212,0.338072669826224,0.4448,0.347222222222222,0,0.307570977917981,0.609375,0.289433384379786,0.276661514683153,0,0.518282988871224,0.304552590266876,0.708133971291866,0.478740157480315,0.593846153846154,0.426605504587156,0.516025641025641,0.305597579425113,0.670229007633588,0.289099526066351,0.289269051321928,0.307332293291732,0.643086816720257,0.675078864353312,0.298136645962733,0.289230769230769,0.00154798761609907,0.452160493827161,0.698608964451314,0.646875,0.434514637904468,0.28343949044586,0.361635220125786,0.287022900763359,0.134762633996937,0.720893141945773,0,0.413416536661466,0.702060221870048,0.71850699844479,0.627358490566038,0,0.293838862559242,0.343799058084772,0.2921875,0.28328173374613,0.691455696202532,0.706624605678233,0,0,0.666666666666667,0.768,0.676751592356688,0,0.726851851851852,0.26530612244898,0.303543913713405,0.662460567823344,0.277070063694268,0.516329704510109,0.307324840764331,0.504672897196262,0.496194824961948,0,0.288721804511278,0.619047619047619,0.581358609794629,0.349544072948328,0.306278713629403,0.636363636363636,0.00152671755725191,0.319685039370079,0.309119010819165,0,0.310030395136778,0.71183800623053,0.295269168026101,0.59904912836767,0,0.0015748031496063,0.582258064516129,0.414173228346457,0.713166144200627,0.689490445859873,0.0015552099533437,0.00162337662337662,0.418320610687023,0.725274725274725,0.288524590163934,0.631987577639752,0.284839203675345,0.712749615975422,1,0.644338118022329,0.362041467304625,0.718241042345277,0.70820189274448,0.0015527950310559,0.785483870967742,0,0.281391830559758,0.588709677419355,0.290854572713643,0.713153724247227,0.282988871224165,0,0.537867078825348,0.600311041990669,0.277258566978193,0,0.289230769230769,0,0.6192,0.28328173374613,0,0.491472868217054,0.300157977883096,0.486614173228346,0.32300163132137,0.700460829493088,0,0.28391167192429,0.644904458598726,0,0.47196261682243,0.707390648567119,0.70679012345679,0.286858974358974,0.291600633914422,0.287480680061824,0.300469483568075,0.306603773584906,0,0.302839116719243,0.00615384615384615,0.613003095975232,0.637795275590551,0.285266457680251,0.2859375,0.278033794162826,0.294851794071763,0.0344827586206897,0.706624605678233,0.300324675324675,0.307448494453249,0.502318392581144,0.285935085007728,0.283018867924528,0.30757341576507,0,0,0.292537313432836,0,0.700763358778626,0,0.331269349845201,0.629984051036683,0.729468599033816,0.694992412746586,0.332283464566929,0.00154798761609907,0.69620253164557,0.2734375,0.280185758513932,0.498417721518987,0.620272314674735,0.655223880597015,0.671826625386997,0.539184952978056,0.721617418351477,0.676970633693972,0.547140649149923,0.708006279434851,0.5,0.696734059097978,0,0.715873015873016,0.632850241545894,0.275641025641026,0.466353677621283,0.66973886328725,0.529595015576324,0.362928348909657,0.280060882800609,0.324104234527687,0.309791332263242,0.290322580645161,0.280314960629921,0.543443917851501,0.594679186228482,0.278996865203762,0.718844984802432,0.722137404580153,0.366043613707165,0.00153609831029186,0.280487804878049,0.300157977883096,0,0.722488038277512,0,0.335453100158982,0,0.302003081664099,0.290880503144654,0.707882534775889,0.385220125786164,0.271056661562021,0.501597444089457,0.524332810047096,0.362637362637363,0,0,0.322899505766063,0.32383808095952,0.285493827160494,0,0,0.714975845410628,0.718266253869969,0.579937304075235,0,0.581761006289308,0,0.350162866449511,0.28391167192429,0.639937106918239,0.640866873065015,0,0.622432859399684,0.554858934169279,0.382581648522551,0.323216995447648,0.43613707165109,0.720247295208655,0.285024154589372,0.0694006309148265,0.287081339712919,0,0.306748466257669,0,0.286624203821656,0.711568938193344,0.453968253968254,0,0,0.382352941176471,0.333868378812199,0.313935681470138,0.473200612557427,0.705614567526555,0.716129032258065,0.491392801251956,0.373271889400922,0,0.705511811023622,0.310344827586207,0,0.294975688816856,0.328660436137072,0.749608763693271,0.0110062893081761,0.705882352941177,0.274268104776579,0.551181102362205,0.694006309148265,0.678972712680578,0.687402799377916,0.502407704654896,0.703245749613601,0.289719626168224,0,0.469291338582677,0.299236641221374,0,0,0.724812030075188,0,0.725705329153605,0.273716951788491,0.532051282051282,0.712,0.716772151898734,0.544444444444444,0.306376360808709,0.603421461897356,0.015527950310559,0.70859872611465,0.0528846153846154,0.00933125972006221,0,0.584375,0.705438066465257,0.711568938193344,0.721698113207547,0.706153846153846,0.016025641025641,0.0185758513931889,0.700468018720749,0.00625978090766823,0.0032,0.0252365930599369,0.00463678516228748,0.0186915887850467,0.69826224328594,0.0124031007751938,0.710862619808307,0.71937984496124,0.0141955835962145,0.697637795275591,0.0449612403100775,0.722397476340694,0.667721518987342,0.711684370257967,0.710485133020344
"35",0,0,0,0,0,0,0.0109204368174727,0,0,1,0,1,0,0,0,0,1,0.984301412872841,0,0,0,0,0,1,0,0,0,0.0016025641025641,0,0,0,0,0.0015625,0,1,0,0.977987421383648,0,0,0,0.998442367601246,0.986153846153846,0.99388379204893,0,0,0,0,0,0,0,1,0,0,0,0.0109717868338558,0,1,0,0.0015527950310559,0,0,0,0,1,0,0,1,0,1,0,0,0,0,0,1,0.00153609831029186,0,0,0.0016,0,1,0,0,0,0,0,0,0,0.00460122699386503,0.987711213517665,0,0,1,1,0,1,0.0170542635658915,0,0.990625,0.990610328638498,0.010752688172043,1,0,0,0,0,0.990445859872611,0.00157728706624606,0,0,0,0.0140625,0,0,1,0,0,1,0,0,1,0.00155763239875389,0,0,0,0,0,0,1,0.0062111801242236,0,0,0,1,0,0,1,0,0,0.00630914826498423,1,1,0,0,0,0,0,0,0,0,0,0,0,0,0,0,0,0,1,0,0.00459418070444104,0,0,1,0,0,0,0,0,0,0,0,0,0,0.00316455696202532,0,1,0,1,0,0,0,0,0,0,0,0,0,0,0,0,0,0,0.0185758513931889,1,1,0,0.998447204968944,0,0,0.00967741935483871,0,0,0,0,0,0,0,0.0015625,1,0,0,0,0,0,0.00470957613814757,0,0,0.00156739811912226,0,0,1,0,0,0,1,0,0,0.00469483568075117,0,0,0,0.0172413793103448,1,0.0122324159021407,0,0,0,0,0,0,0,0,0,0,0,0,0,0,0,0,0,0,0,0,0,0,0,0.988835725677831,0,1,0.00317460317460317,0,0,0,1,0.00159744408945687,0.0030441400304414,0,0,0,0,0.989280245022971,0,0,0,0,0,0,0,0,0,0,0.0128,1,0,0.0125984251968504,1,0,0.0121951219512195,0,1,0,0,0,0,0,1,0.0156739811912226,0,0,0,0,0,0,0,0,0,0,0,0,0,0,0,0,0.0016,0,0.952160493827161,0,0,0,0,0,0,0,0,0,0,0,0,1,0,0.00949367088607595,0,0.942635658914729,0,0,0,0,1,0,0,0,0,0,0,0,0,0,0,1,0,0,0,0,0,0,1,0,0,0,0.0031055900621118,0,0,0,0,1,0,0,0,0,0,0,0,0,0,0,0,0,0.00156739811912226,0,0,0,0,0,0,0,0,0,0,0,0,1,0,0,0,1,0,0.988871224165342,0,0,0,0.995245641838352,0.00946372239747634,0,0,0,0,0,0,0,0,1,0,0,0,0,0,0,0,1,0,0,0,0,0,0.00462962962962963,0,0.0132231404958678,0.993798449612403,0,0,0,1,0,0.00158730158730159,0,0,0,1,1,0,0,1,0,0.990491283676704,1,1,0,1,0,0.00154320987654321,0.00604229607250755,0,1,1,0,0,0,0,0.9968,0.0169230769230769,0,0,0,0,1,0,0,0.00159489633173844,0,1,0,0,0,0.00154559505409583,1,0,0,0,1,0,0,0,0,0,0,0,0,0,0,0.00159235668789809,0,0.989113530326594,0,0,0,0,0.0140625,1,0,0.00319488817891374,0,0,0,0,0,0,0,0,0,1,0,0,0,0.0016,0,0,0,0,0,0,0,0,0,0.0124031007751938,1,1,0,0,0,0,0,0,0,0,0.0123647604327666,1,0,0.01743264659271,0,0,1,0,0,0,0.00157232704402516,0,0,0,0,0,0.0016025641025641,0,0,0.0162074554294976,0.0185185185185185,0,0,0.990726429675425,0,0,0,0,0,0,0,0.773006134969325,0,1,0.00155763239875389,0,0,0,1,0,0,0,0,0,0,1,1,0,0,0,1,0,0,0.552511415525114,0,0,0.00943396226415094,0,0,0,1,0,0,0,0.00455235204855842,0,0,0.99075500770416,0,0,1,0.00150375939849624,0,0,0,1,0.990610328638498,0,0,0,0,0.989130434782609,0.998381877022654,0,0,0,0,0,0,0,0,0.00476947535771065,0,0,0.996908809891808,0,1,0,0.146496815286624,0,0,0,1,0,0,0,1,0,1,0,0,1,0.0185758513931889,0,0,0.00157977883096367,0,1,0,0,1,0,0,0,0,0,0,0.0047244094488189,0.00159744408945687,1,0,0.975572519083969,0.0200308166409861,0,0,0,0,0,0.917445482866044,0,0,0,0,0,0,0,1,1,0,1,0,0.998412698412698,0,0,0,0,0,0.998432601880878,0,0,0,0,0,0,0,0,0,0,0,0,0,0,1,0,0.0172955974842767,0,0.0297805642633229,0,0,0.00461538461538462,0,0.0015748031496063,0,0,0,0,0,0,0,0,0.0031496062992126,0.989214175654854,0,0,1,0,1,0,1,0,0,0,0,0,0.00159489633173844,0,0.0158730158730159,1,1,0,0,0,1,1,0,0,0,1,0,1,0,0,0.0318471337579618,0,1,0,0,0,0,0,0,0,0.89622641509434,0,1,0,0.9921875,0,0,0.359177215189873,1,1,0.0015552099533437,0,0.00907715582450832,0,0,0,0,0,1,0,0,1,0,0,0,0.956923076923077,0,0,0,0,0,0,0,0,0,1,0,0,0.996810207336523,1,0,1,0,0,0,0,0,0.00477707006369427,0.00475435816164818,0,0.948328267477204,0,0.899038461538462,0.974960876369327,1,0.145135566188198,0,0,0.0061633281972265,0,0.946031746031746,0.942989214175655,0,0.978361669242658,0.992012779552716,0.948757763975155,0.97360248447205,0.940275650842266,0,0.970633693972179,0,0,0.952681388012618,0,0.929770992366412,0,0.054773082942097,0,0
"36",0.998420221169036,1,0.970724191063174,0.936102236421725,0.988654781199352,1,0.887640449438202,0.976340694006309,1,0,1,0,0.56269592476489,1,0.0432,0.0078125,0,0.0157728706624606,1,0.9859375,0.15748031496063,0.0382775119617225,0.987635239567233,0,0.949843260188088,0.234076433121019,0.0989010989010989,0.988599348534202,0.476635514018692,0.683881064162754,0,0.694835680751174,0.772151898734177,0.297674418604651,0,1,0.018348623853211,0.995348837209302,0.25114854517611,0.9015625,0.00157977883096367,0.0170278637770898,0.0062402496099844,1,0.780487804878049,0.0178861788617886,0.510301109350238,0,0.466973886328725,0.121913580246914,0,0.996875,0.26875,1,0.881028938906752,0.157556270096463,0,0.976038338658147,0.95583596214511,0.90015600624025,0.292569659442724,0.443057722308892,0,0,0.908653846153846,0.827956989247312,0,0.990521327014218,0,0,0.86046511627907,0.00631911532385466,0.0191693290734824,1,0,0.709284627092846,0.0404984423676012,0.586687306501548,0.893650793650794,0.265886287625418,0,0.707241910631741,0.204268292682927,0.998449612403101,0.109004739336493,0.908950617283951,0.996894409937888,0.966981132075472,0.965625,0.0123839009287926,0.990353697749196,1,0,0,0.976114649681529,0,0.303543913713405,0.982484076433121,0.0078740157480315,0.00952380952380952,0.598086124401914,0,0.274478330658106,1,0.0940819423368741,1,0.0109717868338558,0.974842767295597,0,0.00471698113207547,0.00627943485086342,0.899212598425197,0.340189873417722,0.992199687987519,0,0.990566037735849,0.708268330733229,0,0,0.227129337539432,0,0.763116057233704,0.240506329113924,0.072463768115942,0.973478939157566,0.145736434108527,0.996899224806202,0.995348837209302,0,0.5296,0.932496075353218,0.482484076433121,0.988958990536278,0,0.995245641838352,0.0231839258114374,0,0.210272873194221,0.630818619582664,0.506389776357827,0,0,0.981279251170047,0.765990639625585,0.163695299837925,1,0.00635930047694754,0.923556942277691,0.422077922077922,0.979969183359014,0.134304207119741,0.984544049459042,1,0.829984544049459,0.995327102803738,0,1,0,0,0.74488188976378,0.8678955453149,0.984251968503937,0.0184331797235023,0,1,0.456591639871383,1,1,1,0.2859375,0.982945736434109,0,0.955792682926829,0,0.896825396825397,0.352484472049689,0,0.984472049689441,0,0.853211009174312,1,0.122257053291536,0.990625,0.954128440366973,0.995461422087746,0.97869101978691,0.0913385826771654,0.396604938271605,0.927066450567261,0.940894568690096,0.0516431924882629,0.00470957613814757,0.982315112540193,0.855799373040752,0,0,0.299679487179487,0.00156739811912226,1,0.258751902587519,0.868670886075949,0.756965944272446,0.993710691823899,0.433753943217666,0.430577223088924,0.290271132376396,0.926163723916533,0.963607594936709,0.873475609756098,0,0.882170542635659,0.168284789644013,0.95389507154213,0,0.0698027314112291,0.518927444794953,0.977742448330684,0.983024691358025,0.82601880877743,1,0.897798742138365,0,0.073094867807154,0.667706708268331,0.995153473344103,0,0.990625,0.984756097560976,0.538950715421304,0.550079491255962,0.992125984251969,1,0.350793650793651,0,0.887537993920973,0.520700636942675,0.972536348949919,0,0.958204334365325,1,1,0.955414012738854,0.531055900621118,0,0.971653543307087,0.540958268933539,0.00455927051671732,0.00152671755725191,0.212962962962963,0,0.141233766233766,0.667716535433071,0,0.0046583850931677,0.00782472613458529,0.58179012345679,0.0429936305732484,0.982704402515723,0.0140625,0,0,0.229665071770335,1,0.97933227344992,0.904088050314465,0,0.87075928917609,0.862068965517241,0.690208667736758,0.593406593406593,0.454258675078864,0.445151033386327,0.0124416796267496,1,0.0923317683881064,0.704065040650407,0.962616822429907,0.00933125972006221,0.748407643312102,0.00157977883096367,0.107424960505529,1,1,0.891373801916933,0,0.627300613496933,0.884676145339652,0,0,0.894495412844037,0.981072555205047,0,0.00155038759689922,0,0.985365853658537,0.877777777777778,0,0,0.374203821656051,0.99198717948718,0.787925696594427,0.400936037441498,0.660194174757282,0.967542503863988,0.00789889415481832,1,1,0.00793650793650794,0.967238689547582,1,0.97588424437299,0.99685534591195,0.162460567823344,0.308661417322835,0.282131661442006,0.97933227344992,0.949511400651466,0.0497667185069984,0.2592,0.974603174603175,0.143518518518519,0.301204819277108,0.996884735202492,1,0.974842767295597,0.696774193548387,0.996941896024465,0.245222929936306,0.963549920760697,0.998417721518987,0,0.324031007751938,0.538827258320127,0.0125,0.0572755417956656,0.00918836140888208,0.908661417322835,0.0236593059936909,0,0,0.207606973058637,0.993660855784469,0.0668740279937792,0.990180032733224,0.970404984423676,0.992101105845182,0.284345047923323,0.286644951140065,0.680685358255452,0.463815789473684,0,0.818759936406995,0.00923076923076923,0.0383435582822086,0.186813186813187,1,0.00158227848101266,0,0.330733229329173,0.0109546165884194,0.020440251572327,0.468253968253968,1,0.276083467094703,1,0.968652037617555,0,0.99405646359584,0,0.998449612403101,0.831007751937984,1,0.0125786163522013,0.98125,0,0.88125,0.70859872611465,0.952904238618524,0.987519500780031,0.998430141287284,0.286624203821656,0.968404423380727,1,0,0.0251968503937008,1,1,0.323390894819466,0.8798751950078,0.96551724137931,0.952755905511811,1,0,0.119808306709265,1,0.00156985871271586,0,0.965354330708661,0.0112721417069243,0.0445151033386327,1,0.964856230031949,0.00318471337579618,0.608346709470305,0.406645569620253,0.985507246376812,0,0.871224165341812,0.996779388083736,0.373397435897436,0.602782071097372,0.782608695652174,0,0.154330708661417,0.97752808988764,1,0.442396313364055,1,0.971476510067114,0.0286624203821656,0,0.990595611285266,0.996815286624204,0.954616588419405,0.690184049079755,0.0062111801242236,0.864,0.224648985959438,0.172185430463576,0.0078003120124805,0.624012638230648,0.5952,0.605388272583201,0,0.280388978930308,0.903785488958991,0.643076923076923,0.517774343122102,0.08,0,0,1,0.978428351309707,0,0.919175911251981,0.0129449838187702,0,0,0.998412698412698,0,1,0.752396166134185,0.513803680981595,1,0,0,0.995319812792512,0.968325791855204,0.723704866562009,0,0.00321543408360129,0.877138413685848,0.584758942457232,1,0.528593508500773,0.359300476947536,0,0.982866043613707,0,0.957210776545166,0.083596214511041,0,0.00927357032457496,0.1072,0.477272727272727,0.968798751950078,0,0.951070336391437,0.976635514018692,1,0,0.0699523052464229,0.938333333333333,0.0032626427406199,1,1,0.009375,1,0.297380585516179,0.8125,0.00947867298578199,0.160513643659711,0.962085308056872,0.0127591706539075,0,0.976452119309262,0.0032520325203252,0.663492063492063,0.395534290271132,0,0.106976744186047,0.740445859872611,0.256568778979907,0.98116169544741,0,0.136645962732919,0.448445171849427,0.957251908396947,0.888379204892966,0.969745222929936,0.736757624398074,0,0.984423676012461,0,0.971742543171115,0.379310344827586,0,1,1,1,0.634768740031898,0.987460815047022,0.128205128205128,0.177777777777778,0.9453125,0.872841444270016,0,0,0.992,0.9392,0.0125391849529781,0.987220447284345,0.993769470404984,0.361198738170347,0.931528662420382,0.727858293075684,0.885093167701863,0,0.969502407704655,0.326984126984127,1,0.998402555910543,0,0.64622641509434,0.972668810289389,0,0.683042789223455,0.37597503900156,0.811178247734139,0.673566878980892,0.962006079027356,0.086890243902439,0.982484076433121,1,0.981191222570533,0.282009724473258,0.0927672955974843,0.993769470404984,1,0.0077639751552795,0.788819875776398,0.437990580847724,0.262578616352201,0.769706336939722,1,0.883464566929134,1,0.123613312202853,0,0,0.819466248037677,0.0031496062992126,0,0.273584905660377,0,0.990506329113924,0.911353032659409,1,0.99537750385208,0.0952380952380952,0,0,0,0.161812297734628,0.0695102685624013,0.146964856230032,0,0,1,0.00617283950617284,0.286168521462639,1,0.575193798449612,0.980861244019139,0.649068322981366,0.633693972179289,0,1,0.38755980861244,0.486443381180223,0.923676012461059,0.987635239567233,0.391705069124424,0.0093167701863354,0.949526813880126,0.953416149068323,0,0.966257668711656,0.0124416796267496,0.98538961038961,0.420970266040689,0,0.0093167701863354,0.504091653027823,0.836734693877551,0,0.1296,0.0125,0.0016260162601626,0.751524390243902,0.027027027027027,1,0.31832298136646,0.993836671802773,0,0.376947040498442,0.323296354992076,0.865814696485623,0.086677367576244,0.0031201248049922,0.00311526479750779,0.0393081761006289,0,0.995461422087746,0.0385852090032154,0.981790591805766,0.0048,1,0,0.515527950310559,0.463258785942492,1,0,1,0,0.407108239095315,0.989180834621329,0,0.634945397815913,0.984051036682616,0.7536,0.951923076923077,0.0354938271604938,0,1,0.256778309409888,0,0.687888198757764,0,0.0153609831029186,1,1,0.990697674418605,0.971518987341772,0.981042654028436,0,0.976744186046512,0.028125,0.337442218798151,0.292569659442724,0.99375,0.995268138801262,0.993846153846154,0.992175273865415,0.0525502318392581,0.00943396226415094,0.987034035656402,0.965244865718799,0.718944099378882,0.982731554160126,1,0.971653543307087,0,0,0.986322188449848,0,0.0685358255451713,0,0.951104100946372,0.27741935483871,0.193343898573693,0.11875,0.928684627575277,0,0.0984126984126984,1,1,0.631160572337043,0.414523449319213,0.208144796380091,0.181679389312977,0.6432,0,0.11609907120743,0.545171339563863,0.253918495297806,0.709876543209877,0.0125391849529781,0,0,0.311320754716981,1,0.617088607594937,0.224242424242424,0.616954474097331,0.875776397515528,0.990811638591118,0.957723577235772,0.985553772070626,1,0.9984375,0.552547770700637,0.429237947122862,0.998422712933754,0.0045662100456621,0.00772797527047913,0.874411302982732,0.0125786163522013,1,0.973966309341501,0,0.0983870967741935,0,0.957413249211357,0,0.974842767295597,1,0.00773993808049536,0.838258164852255,1,0.640253565768621,0.61609907120743,0.875195007800312,0,0,0.938211382113821,0.943028485757121,0.992260061919505,0,0,0,0.222222222222222,0.492088607594937,0,0.442006269592476,0,0.926282051282051,1,0.1488,0.231012658227848,0,0.33868378812199,0.594383775351014,0.859177215189873,0.964615384615385,0.769706336939722,0,0.991935483870968,0.0126782884310618,1,0,0.984472049689441,0.00788643533123028,1,0.0189873417721519,0.00805152979066022,0,0,0.825816485225505,0.930533117932149,0.93343653250774,0.708782742681048,0.0274809160305344,0.00641025641025641,0.837025316455696,0.830015313935682,0,0.0175718849840256,0.970172684458399,0,0.985576923076923,0.958139534883721,0.0580847723704867,0.0456692913385827,0.0031496062992126,1,0.482539682539683,0.0772797527047913,0.104065040650407,0.118461538461538,0.684887459807074,0.0937019969278034,1,0,0.764516129032258,0.982866043613707,0.00483091787439614,0,0,0,0,1,0.70429252782194,0,0,0.526232114467409,0.958466453674121,0.432098765432099,0.0525502318392581,0.00161030595813205,0.0569105691056911,0.0202177293934681,0,0.0299212598425197,0.00459418070444104,0.0016,0.00941915227629513,0,0.054140127388535,0.0598425196850394,0.0173228346456693,0.0206022187004754,0.00481540930979133,0.0256,0.0248062015503876,0.062111801242236,0.0078125,0.0203442879499218,0,0.0015748031496063,0.0496794871794872,0.00789889415481832,0.0229357798165138,0,0.0347003154574132,0.00153139356814701,0.00155763239875389
"37",0.0158227848101266,0.0153139356814701,0.0151057401812689,0.0188679245283019,0.0157977883096366,0.017515923566879,0.0283018867924528,0.0168711656441718,0.0182370820668693,0.978021978021978,0.0201863354037267,0.974842767295597,0.0203125,0.0170807453416149,0.00927357032457496,0.00618238021638331,0.974124809741248,0.966876971608833,0.017515923566879,0.018348623853211,0.00768049155145929,0.00623052959501558,0.0152671755725191,0.980091883614089,0.0154083204930663,0.00927357032457496,0.00623052959501558,0.0190174326465927,0.0152439024390244,0.0121951219512195,0.00606060606060606,0.0203761755485893,0.0188976377952756,0.00467289719626168,0.977987421383648,0.018348623853211,1,0.0196671709531014,0.0117820324005891,0.0122887864823349,0.981481481481482,0.965996908809892,0.974045801526718,0.018957345971564,0.018957345971564,0.00793650793650794,0.012326656394453,0.0046583850931677,0.0182094081942337,0.00600600600600601,0.976993865030675,0.0154083204930663,0.00927357032457496,0.015552099533437,0.0328638497652582,0.00784929356357928,0.975767366720517,0.0191387559808612,0.0214067278287462,0.0212443095599393,0.0061633281972265,0.0151975683890578,0.0062111801242236,0.977707006369427,0.0189274447949527,0.02,0.975384615384615,0.0185185185185185,0.976816074188563,0.00474683544303797,0.0166163141993958,0.0061633281972265,0.0062402496099844,0.0181818181818182,0.976780185758514,0.0166666666666667,0.00306278713629403,0.0183767228177642,0.0206349206349206,0.0147299509001637,0.97339593114241,0.0136986301369863,0.0105421686746988,0.0152905198776758,0.00769230769230769,0.0151057401812689,0.0186046511627907,0.0169491525423729,0.0229709035222052,0.978723404255319,0.0186625194401244,0.0167682926829268,0.973966309341501,0.976744186046512,0.020440251572327,0.976780185758514,0.0366412213740458,0.0153846153846154,0.978527607361963,0.975077881619938,0.0232558139534884,0.975270479134467,0.015600624024961,0.015748031496063,0.00753012048192771,0.0189274447949527,0.974683544303797,0.0183767228177642,0.0046875,0.0046875,0.0062015503875969,0.0327102803738318,0.0154320987654321,0.01875,0.977952755905512,0.0202492211838006,0.0168711656441718,0.980332829046899,0.00460829493087558,0.00933125972006221,0.981735159817352,0.021875,0.0153609831029186,0.00480769230769231,0.0169753086419753,0.00310077519379845,0.0198473282442748,0.0152439024390244,0.976744186046512,0.0273141122913505,0.0172684458398744,0.010989010989011,0.0171339563862928,0.976851851851852,0.0142857142857143,0.00461538461538462,0.978395061728395,0.0078003120124805,0.0127186009538951,0.023696682464455,0.97444089456869,0.980922098569157,0.0155038759689922,0.0141509433962264,0.00645161290322581,0.0140405616224649,0.0062992125984252,0.0182648401826484,0.0156739811912226,0.0149700598802395,0.0126382306477093,0.0186915887850467,0.0188976377952756,0.0169753086419753,0.0185758513931889,0.00632911392405063,0.0214395099540582,0.00470957613814757,0.978560490045942,0.0170278637770898,0.0256797583081571,0.0184331797235023,0.00301659125188537,0.981762917933131,0.0155763239875389,0.0157232704402516,0.0222929936305732,0.0170278637770898,0.015527950310559,0.00606980273141123,0.0155763239875389,0.00460829493087558,0.0166414523449319,0.00300751879699248,0.021875,0.0123076923076923,0.974643423137876,0.0108024691358025,0.976958525345622,0.0153374233128834,0.0217391304347826,0.00623052959501558,0.0201863354037267,0.0168970814132104,0.018018018018018,0.0198776758409786,0.00769230769230769,0.0152439024390244,0.0191693290734824,0.0188087774294671,0.00766871165644172,0.00618238021638331,0.0188679245283019,0.0419254658385093,0.974550898203593,0.978361669242658,0.0156739811912226,0.979462875197472,0.0181818181818182,0.0123076923076923,0.0313479623824451,0.0138888888888889,0.0182648401826484,0.0169230769230769,0.0107033639143731,0.0155763239875389,0.0140625,0.0168453292496172,0.0213414634146341,0.976599063962558,0.0154083204930663,0.0111642743221691,0.0141955835962145,0.00154798761609907,0.00453857791225416,0.0186625194401244,0.0172413793103448,0.02,0.0229357798165138,0.0200927357032458,0.0199692780337942,0.98297213622291,0.00464396284829721,0.0138036809815951,0.0141287284144427,0.976816074188563,0.0168195718654434,0.014792899408284,0.0156985871271586,0.012326656394453,0.0185471406491499,0.0192307692307692,0.0357142857142857,0.974643423137876,0.0315789473684211,0.0108527131782946,0.0208,0.00462249614791988,0.0194902548725637,0.0156494522691706,0.0200927357032458,0.01875,0.0151515151515152,0.00157728706624606,0.0185185185185185,0.0106382978723404,0.00601503759398496,0.00443131462333826,0.00934579439252336,0.00623052959501558,0.0110759493670886,0.00903614457831325,0.00622083981337481,0.00610687022900763,0.00619195046439629,0.0183206106870229,0.00476190476190476,0.0188383045525903,0.968602825745683,0.00461538461538462,0.975270479134467,0.0141955835962145,0.0206022187004754,0.0109717868338558,0.0200617283950617,0.974124809741248,0.022508038585209,0.0212765957446809,0.0170807453416149,0.0123456790123457,0.013953488372093,0.0140845070422535,0.970496894409938,0.0173228346456693,0.00924499229583975,0.0209003215434084,0.0139751552795031,0.00614439324116743,0.015552099533437,0.00623052959501558,0.00775193798449612,0.0195195195195195,0.0177133655394525,0.0238095238095238,0.972644376899696,0.015220700152207,0.0359937402190923,0.973478939157566,0.00307219662058372,0.03125,0.0186046511627907,0.975720789074355,0.00457317073170732,0.00611620795107034,0.015625,0.0187793427230047,0.00158227848101266,0.977987421383648,0.034375,0.0125391849529781,0.0150829562594268,0.0138461538461538,0.01875,0.018018018018018,0.0031201248049922,0.0198473282442748,0.0170015455950541,0.00613496932515337,0.0184331797235023,0.0186625194401244,0.0190174326465927,0.0156494522691706,0.00773993808049536,0.0122511485451761,0.0170542635658915,0.0189873417721519,0.0221518987341772,0.938931297709924,0.00940438871473354,0.0169491525423729,0.0093167701863354,0.0134730538922156,0.0170015455950541,0.0202808112324493,0.0184899845916795,0.0155038759689922,0.018018018018018,0.0109034267912773,0.0197869101978691,0.0189274447949527,0.977812995245642,0.0138461538461538,0.0363349131121643,0.00312989045383412,0.935779816513762,0.00764525993883792,0.0201238390092879,0.0062015503875969,0.00460829493087558,0.978560490045942,0.00770416024653313,0.0219435736677116,0.0046583850931677,0.0176848874598071,0.0153609831029186,0.0219435736677116,0.0141732283464567,0.0156739811912226,0.0170807453416149,0.016,0.980152671755725,0.0202177293934681,0.00603318250377074,0.00302114803625378,0.010752688172043,0.0207667731629393,0.00612557427258806,0.979782270606532,0.0107361963190184,0.0045662100456621,0.00470957613814757,0.0124031007751938,0.0186335403726708,0.0109546165884194,0.014308426073132,0.0171606864274571,0.978658536585366,0.0103092783505155,0.0060790273556231,0.0180722891566265,0.0155763239875389,0.0159235668789809,0.00458715596330275,0.0122324159021407,0.0046875,0.0170542635658915,0.0188383045525903,0.0181818181818182,0.0200617283950617,0.0185758513931889,0.0154083204930663,0.0186335403726708,0.0150829562594268,0.00452488687782805,0.00613496932515337,0.0202808112324493,0.0153139356814701,0.0121951219512195,0.0153139356814701,0.0206349206349206,0.0154320987654321,0.0182926829268293,0.975308641975309,0.00940438871473354,0.0200308166409861,0.00463678516228748,0.978159126365055,0.0126782884310618,0.976415094339623,0.00627943485086342,0.0168195718654434,0.0171875,0.977848101265823,0.0297805642633229,0.0109204368174727,0.0203761755485893,0.00644122383252818,0.0158227848101266,0.0174880763116057,0.0144,0.0138674884437596,0.0170278637770898,0.973561430793157,0.0093167701863354,0.0205047318611987,0.0185758513931889,0.0137614678899083,0.0169753086419753,0.0128617363344051,0.0015552099533437,0.975155279503106,0.0184331797235023,0.0185471406491499,0.0124031007751938,0.0151975683890578,0.00475435816164818,0.0251177394034537,0.00765696784073507,0.0261865793780687,0.976993865030675,0.0174880763116057,0.0170542635658915,0.0124610591900312,0.976923076923077,0.00952380952380952,0.0187207488299532,0.016793893129771,0.013719512195122,0.00597907324364723,0.976958525345622,0.98036253776435,0.0193740685543964,0.0163690476190476,0.980030721966206,0.0169753086419753,0.973228346456693,0.977134146341463,0.972929936305732,0.0188976377952756,0.983024691358025,0.0205371248025276,0.0184615384615385,0.0229007633587786,0.0167682926829268,0.976114649681529,0.981072555205047,0.013953488372093,0.0180995475113122,0.0153139356814701,0.00453172205438067,0.982649842271293,0.0334855403348554,0.0107858243451464,0.0199692780337942,0.0106221547799697,0.0125195618153365,0.979907264296754,0.0182926829268293,0.00478468899521531,0.0204081632653061,0.0078125,0.978658536585366,0.00601503759398496,0.00777604976671851,0.00970873786407767,0.021978021978022,0.975497702909648,0.0166414523449319,0.0201863354037267,0.0136986301369863,0.98145285935085,0.00628930817610063,0.00993377483443709,0.00323624595469256,0.016566265060241,0.0182926829268293,0.00308166409861325,0.0200617283950617,0.0124804992199688,0.0199386503067485,0.00463678516228748,0.0156494522691706,0.0199692780337942,0.97045101088647,0.00307692307692308,0.0139103554868624,0.0048,0.0140845070422535,0.0251968503937008,0.980597014925373,0.00772797527047913,0.0219092331768388,0.0170015455950541,0.0168195718654434,0.00462249614791988,0.00758725341426404,0.0129449838187702,0.0148148148148148,0.018348623853211,0.0188087774294671,0.0158730158730159,0.979655712050078,0.0184331797235023,0.00617283950617284,0.013953488372093,0.0207006369426752,0.00455235204855842,0.013719512195122,0.0220472440944882,0.0170807453416149,0.015600624024961,0.015600624024961,0.00941915227629513,0.0126182965299685,0.0184899845916795,0.0321592649310873,0.977409638554217,0.979559748427673,0.0188976377952756,0.0191082802547771,0.00635930047694754,0.0186625194401244,0.0216383307573416,0.0124031007751938,0.018957345971564,0.0205371248025276,0.0306278713629403,0.978851963746224,0.0186625194401244,0.0339506172839506,0.0201238390092879,0.0170807453416149,0.981954887218045,0.0170807453416149,0.0171606864274571,0.00614439324116743,0.0125391849529781,0.0169230769230769,0.0148588410104012,0.013953488372093,0.0151975683890578,0.00453857791225416,0.0238095238095238,0.0197568389057751,0.0152439024390244,0.0349206349206349,0.0328125,0.0168711656441718,0.0136570561456753,0.978851963746224,0.0152671755725191,0.0106870229007634,0.00927357032457496,0.0138674884437596,0.02,0.0139751552795031,0.0138248847926267,0.777439024390244,0.00489396411092985,0.978461538461538,0.0217729393468118,0.0062111801242236,0.00465116279069767,0.0139751552795031,0.978260869565217,0.0171875,0.0183206106870229,0.0183206106870229,0.0166666666666667,0.00949367088607595,0.0046801872074883,0.977744807121662,0.978260869565217,0.0095389507154213,0.00309119010819165,0.00778816199376947,0.975384615384615,0.00459418070444104,0.013953488372093,0.553412462908012,0.0139968895800933,0.015600624024961,0.0280373831775701,0.0186625194401244,0.0169230769230769,0.0166919575113809,0.977029096477795,0.0119402985074627,0.0140845070422535,0.0138674884437596,0.0224887556221889,0.0184049079754601,0.0121396054628225,0.971080669710807,0.01875,0.0164670658682635,0.983024691358025,0.0211480362537764,0.00613496932515337,0.0161290322580645,0.013719512195122,0.984447900466563,0.975346687211094,0.0145867098865478,0.0186046511627907,0.00612557427258806,0.00777604976671851,0.971036585365854,0.977491961414791,0.0180451127819549,0.00630914826498423,0.0145867098865478,0.0121951219512195,0.0166666666666667,0.0046583850931677,0.010752688172043,0.0125984251968504,0.0271132376395534,0.00477707006369427,0.00463678516228748,0.978560490045942,0.00626959247648903,0.975232198142415,0.0180995475113122,0.163265306122449,0.0180722891566265,0.0063391442155309,0.0186046511627907,0.978947368421053,0.0164917541229385,0.0185185185185185,0.0202177293934681,0.974842767295597,0.0209895052473763,0.974921630094044,0.0111821086261981,0.0208955223880597,0.978755690440061,0.039453717754173,0.0173775671406003,0.014018691588785,0.017515923566879,0.00303490136570561,0.98310291858679,0.0214723926380368,0.00934579439252336,0.972560975609756,0.0166919575113809,0.00598802395209581,0.00610687022900763,0.0192307692307692,0.015527950310559,0.015015015015015,0.0230414746543779,0.0156739811912226,0.976958525345622,0.0154798761609907,0.965045592705167,0.0393939393939394,0.013719512195122,0.0186625194401244,0.0184615384615385,0.0180995475113122,0.0199386503067485,0.933641975308642,0.0031104199066874,0.0113268608414239,0.016793893129771,0.0197268588770865,0.02,0.0198170731707317,0.0168711656441718,0.97583081570997,0.975757575757576,0.0164917541229385,0.974320241691843,0.00606060606060606,0.986046511627907,0.0153609831029186,0.0110410094637224,0.0109204368174727,0.0106707317073171,0.0186915887850467,0.978494623655914,0.00918836140888208,0.0182648401826484,0.0183767228177642,0.0110410094637224,0.0164424514200299,0.00592592592592593,0.00902255639097744,0.0142405063291139,0.00457317073170732,0.00615384615384615,0.0124416796267496,0.00928792569659443,0.0151975683890578,0.00615384615384615,0.976114649681529,0.00469483568075117,0.0391236306729265,0.0127591706539075,0.0527131782945736,0.0119940029985007,0.0106221547799697,0.0214067278287462,0.0164424514200299,0.0177133655394525,0.0186915887850467,0.0157728706624606,0.0221169036334913,0.0138674884437596,0.012326656394453,0.0170542635658915,0.00600600600600601,0.00603318250377074,0.0201863354037267,0.969604863221885,0.0152905198776758,0.0168711656441718,0.974683544303797,0.00479233226837061,0.981424148606811,0.0122324159021407,0.977812995245642,0.016793893129771,0.0151975683890578,0.0045662100456621,0.0141955835962145,0.0180451127819549,0.0187207488299532,0.0120663650075415,0.0345368916797488,0.978851963746224,0.980152671755725,0.016,0.0161764705882353,0.0169491525423729,0.977064220183486,0.977203647416413,0.00475435816164818,0.0135746606334842,0.014018691588785,0.975077881619938,0.00770416024653313,0.978527607361963,0.0188383045525903,0.015748031496063,0.0445151033386327,0.0076103500761035,0.978947368421053,0.0125984251968504,0.0110584518167457,0.0153609831029186,0.0212765957446809,0.0168195718654434,0.0046801872074883,0.0206677265500795,0.882716049382716,0.0191082802547771,0.979365079365079,0.0197268588770865,0.978395061728395,0.0156739811912226,0.0062111801242236,0.369255150554675,0.974474474474474,0.979719188767551,0.0152671755725191,0.0172955974842767,0.0275229357798165,0.0120300751879699,0.00601503759398496,0.0046801872074883,0.0154559505409583,0.0224887556221889,0.976340694006309,0.0062402496099844,0.0170015455950541,0.980182926829268,0.0189873417721519,0.013595166163142,0.00772797527047913,0.947772657450077,0.00618238021638331,0.0182370820668693,0.0126582278481013,0.00771604938271605,0.00794912559618442,0.0060882800608828,0.0191387559808612,0.00454545454545455,0.0110410094637224,0.978494623655914,0.0189274447949527,0.0153609831029186,0.979876160990712,0.978395061728395,0.00299850074962519,0.973354231974922,0.00462249614791988,0.0153139356814701,0.0157232704402516,0.00473186119873817,0.0062015503875969,0.0191082802547771,0.0203125,0.0138248847926267,0.93993993993994,0.00634920634920635,0.891547049441786,0.987635239567233,0.976377952755906,0.160686427457098,0.00453857791225416,0.0062111801242236,0.00909090909090909,0.00451807228915663,0.937106918238994,0.92802450229709,0.00753012048192771,0.987538940809969,0.971473851030111,0.970858895705521,0.990909090909091,0.931192660550459,0.00308166409861325,0.989180834621329,0.00321027287319422,0.004739336492891,0.941362916006339,0.00623052959501558,0.945205479452055,0.00455927051671732,0.0725308641975309,0.00601503759398496,0.0062992125984252
"38",0.993779160186625,0.9953125,0.963746223564955,0.931962025316456,0.977671451355662,0.995238095238095,0.883942766295707,0.967391304347826,0.995454545454545,0,0.996904024767802,0,0.55968992248062,0.995283018867924,0.046583850931677,0.0153374233128834,0,0.0184615384615385,0.99203821656051,0.978361669242658,0.161538461538462,0.0385232744783307,0.984544049459042,0,0.952160493827161,0.244131455399061,0.107981220657277,0.9858934169279,0.467987804878049,0.680981595092024,0.00454545454545455,0.695852534562212,0.766192733017378,0.285493827160494,0,0.995348837209302,0.0196671709531014,1,0.256371814092954,0.895865237366003,0.00156985871271586,0.019578313253012,0.00753012048192771,0.996875,0.770334928229665,0.0221518987341772,0.510108864696734,0.0046801872074883,0.47910447761194,0.133535660091047,0,0.99375,0.275430359937402,0.993740219092332,0.876755070202808,0.150641025641026,0,0.97933227344992,0.950617283950617,0.896604938271605,0.287901990811639,0.445635528330781,0.0031201248049922,0,0.897476340694006,0.825617283950617,0,0.983154670750383,0,0.00315955766192733,0.851908396946565,0.0109546165884194,0.0265210608424337,0.998477929984779,0,0.710769230769231,0.0442073170731707,0.584732824427481,0.888,0.26797385620915,0,0.709876543209877,0.214285714285714,0.992435703479576,0.108359133126935,0.905775075987842,0.989230769230769,0.962790697674419,0.963470319634703,0.013677811550152,0.981279251170047,0.993948562783661,0,0,0.976076555023923,0,0.284603421461897,0.98,0.00923076923076923,0.0108191653786708,0.601866251944012,0,0.283699059561129,0.993610223642173,0.103915662650602,0.995253164556962,0.0124610591900312,0.972136222910217,0.00627943485086342,0.0124031007751938,0.0107361963190184,0.89358372456964,0.330708661417323,0.987538940809969,0,0.979938271604938,0.705614567526555,0,0.0045662100456621,0.223950233281493,0,0.765527950310559,0.23728813559322,0.0801282051282051,0.970679012345679,0.151745068285281,0.99079754601227,0.989247311827957,0,0.533333333333333,0.928125,0.4890625,0.984177215189873,0,0.9936,0.027190332326284,0,0.208398133748056,0.628346456692913,0.496825396825397,0,0,0.975384615384615,0.767080745341615,0.169059011164274,0.995327102803738,0.00928792569659443,0.918711656441718,0.411392405063291,0.977064220183486,0.132911392405063,0.976452119309262,0.995238095238095,0.831546707503829,0.990639625585023,0.00626959247648903,0.993874425727412,0.00469483568075117,0,0.742589703588144,0.861702127659574,0.976851851851852,0.0199386503067485,0,0.993893129770992,0.453968253968254,0.995268138801262,0.995334370139969,0.993893129770992,0.292237442922374,0.972477064220184,0.00455927051671732,0.947129909365559,0.00602409638554217,0.886792452830189,0.371559633027523,0,0.979782270606532,0,0.852307692307692,0.995412844036697,0.120500782472613,0.98145285935085,0.945652173913043,0.991017964071856,0.970724191063174,0.0902140672782875,0.380809595202399,0.919047619047619,0.938775510204082,0.0555555555555556,0.009375,0.979591836734694,0.849085365853659,0,0,0.28902627511592,0.0015748031496063,0.995447647951442,0.256172839506173,0.867716535433071,0.759878419452888,0.984917043740573,0.426791277258567,0.448170731707317,0.287758346581876,0.912225705329154,0.962558502340094,0.873846153846154,0,0.875957120980092,0.174121405750799,0.943396226415094,0.00467289719626168,0.0681818181818182,0.537151702786378,0.970679012345679,0.975646879756469,0.823076923076923,0.993836671802773,0.884615384615385,0,0.0740740740740741,0.665644171779141,0.992163009404389,0,0.987823439878234,0.975867269984917,0.5359375,0.554868624420402,0.993827160493827,0.9967585089141,0.352755905511811,0,0.874051593323217,0.507716049382716,0.964968152866242,0.00464396284829721,0.956456456456456,0.992211838006231,0.995440729483283,0.954828660436137,0.52416918429003,0.00628930817610063,0.960998439937597,0.53951367781155,0.00770416024653313,0.00150829562594268,0.199052132701422,0.0062992125984252,0.153481012658228,0.663636363636364,0.00617283950617284,0.00308166409861325,0.0093167701863354,0.583963691376702,0.0489731437598736,0.982704402515723,0.0140845070422535,0.00153374233128834,0,0.21978021978022,0.995230524642289,0.975346687211094,0.897356143079316,0,0.863057324840764,0.854070660522273,0.686915887850467,0.593457943925234,0.446372239747634,0.454689984101749,0.013953488372093,0.993874425727412,0.0939907550077042,0.703225806451613,0.954968944099379,0.0123647604327666,0.741140215716487,0.00626959247648903,0.121538461538462,0.995447647951442,0.995153473344103,0.882629107981221,0,0.62557781201849,0.877519379844961,0,0.00459418070444104,0.883861236802413,0.97360248447205,0,0.00772797527047913,0.00459418070444104,0.978021978021978,0.876190476190476,0.0048,0,0.361370716510903,0.985849056603774,0.781155015197568,0.388973966309342,0.653125,0.958715596330275,0.00925925925925926,0.995412844036697,0.995391705069124,0.0108024691358025,0.961479198767334,0.996860282574568,0.974603174603175,0.990683229813665,0.183835182250396,0.314984709480122,0.285271317829457,0.969793322734499,0.930645161290323,0.0462249614791988,0.262243285939968,0.971698113207547,0.159937888198758,0.301204819277108,0.987767584097859,0.995305164319249,0.964230171073095,0.695721077654517,0.992447129909366,0.239811912225705,0.960061443932412,0.993670886075949,0,0.324615384615385,0.534810126582278,0.0201238390092879,0.0540123456790123,0.0149925037481259,0.896604938271605,0.0319634703196347,0.0046875,0,0.228878648233487,0.984423676012461,0.0729813664596273,0.980613893376414,0.962382445141066,0.98125,0.288643533123028,0.284565916398714,0.683229813664596,0.458064516129032,0,0.826356589147287,0.0166163141993958,0.0458015267175573,0.19047619047619,0.993680884676145,0.0062015503875969,0,0.325153374233129,0.013595166163142,0.0265625,0.472698907956318,0.996835443037975,0.270186335403727,0.995192307692308,0.967289719626168,0,0.986646884272997,0.00461538461538462,0.993948562783661,0.834101382488479,0.995184590690209,0.0184049079754601,0.980182926829268,0.00615384615384615,0.877300613496933,0.720379146919431,0.938253012048193,0.979907264296754,0.990697674418605,0.28902627511592,0.958925750394945,0.99400299850075,0.00451127819548872,0.0273972602739726,0.993720565149137,0.993779160186625,0.320987654320988,0.877086494688923,0.961414790996785,0.949074074074074,0.995447647951442,0,0.12280701754386,0.995398773006135,0.00773993808049536,0,0.959183673469388,0.0127388535031847,0.0506329113924051,0.993939393939394,0.960998439937597,0.0046656298600311,0.616588419405321,0.412225705329154,0.979559748427673,0.00477707006369427,0.859375,0.993680884676145,0.38351822503962,0.591679506933744,0.78783151326053,0,0.158878504672897,0.971563981042654,0.993788819875776,0.442546583850932,0.995468277945619,0.967159277504105,0.0373250388802488,0.00153139356814701,0.982919254658385,0.996879875195008,0.94556765163297,0.691729323308271,0.0108695652173913,0.85511811023622,0.236111111111111,0.171849427168576,0.00758725341426404,0.61198738170347,0.591836734693878,0.616564417177914,0,0.28343949044586,0.906441717791411,0.639016897081413,0.513931888544892,0.0794602698650675,0,0,0.994038748137109,0.972560975609756,0,0.915756630265211,0.0127186009538951,0,0,0.995305164319249,0,0.993620414673046,0.761609907120743,0.50609756097561,0.996946564885496,0,0,0.99075500770416,0.96078431372549,0.716463414634146,0.00460122699386503,0.00320512820512821,0.867378048780488,0.582317073170732,0.993817619783617,0.534142640364188,0.351477449455676,0,0.974006116207951,0.00470957613814757,0.957680250783699,0.095679012345679,0,0.0119760479041916,0.118195956454121,0.485483870967742,0.972519083969466,0,0.945205479452055,0.969650986342944,0.99388379204893,0,0.0754716981132075,0.925686591276252,0.011400651465798,0.995426829268293,0.993911719939117,0.0153139356814701,0.996908809891808,0.293129770992366,0.797839506172839,0.0139103554868624,0.166931637519873,0.958397534668721,0.0125786163522013,0.00618238021638331,0.968085106382979,0.0112,0.661367249602544,0.391236306729264,0,0.115562403697997,0.746500777604977,0.257668711656442,0.972477064220184,0.00617283950617284,0.147692307692308,0.449111470113086,0.945864661654135,0.882352941176471,0.958588957055215,0.755451713395639,0,0.977341389728097,0.00609756097560976,0.968992248062015,0.379365079365079,0.00454545454545455,0.993865030674847,0.995297805642633,0.996908809891808,0.625776397515528,0.976851851851852,0.123052959501558,0.186046511627907,0.939157566302652,0.868421052631579,0,0,0.985759493670886,0.927330173775671,0.0188087774294671,0.976489028213166,0.989147286821705,0.363496932515337,0.917057902973396,0.71496062992126,0.877828054298643,0,0.958074534161491,0.31832298136646,0.995334370139969,0.995391705069124,0,0.647335423197492,0.965023847376789,0.00625,0.679873217115689,0.393798449612403,0.8,0.675507020280811,0.953383458646617,0.087797619047619,0.978125,0.995481927710843,0.978260869565217,0.285714285714286,0.0897832817337461,0.987538940809969,0.993930197268589,0.00911854103343465,0.781538461538462,0.450301204819277,0.252293577981651,0.761609907120743,0.995341614906832,0.8703125,0.99390243902439,0.112633181126332,0.00632911392405063,0,0.826224328593997,0.00943396226415094,0.00458715596330275,0.266355140186916,0,0.987730061349693,0.909090909090909,0.996913580246914,0.992319508448541,0.0958268933539413,0.00619195046439629,0,0,0.163492063492063,0.0773993808049536,0.155905511811024,0,0.00154559505409583,0.993817619783617,0.0152671755725191,0.286624203821656,0.995260663507109,0.571207430340557,0.97191887675507,0.66046511627907,0.628614916286149,0,0.994020926756353,0.383411580594679,0.484375,0.911144578313253,0.984756097560976,0.397553516819572,0.0123456790123457,0.952743902439024,0.958904109589041,0,0.963414634146341,0.01875,0.979591836734694,0.430321592649311,0,0.0108191653786708,0.501623376623377,0.836477987421384,0.00470219435736677,0.135860979462875,0.0137404580152672,0.00159235668789809,0.730015082956259,0.0239234449760766,0.995137763371151,0.319758672699849,0.992378048780488,0.00305343511450382,0.373271889400922,0.330696202531646,0.8592,0.0913461538461538,0.00614439324116743,0.0030441400304414,0.046031746031746,0,0.98937784522003,0.0447284345047923,0.976011994002999,0.00778816199376947,0.993759750390016,0,0.508320726172466,0.470957613814757,0.995319812792512,0,0.996937212863706,0,0.394611727416799,0.983383685800604,0,0.641221374045801,0.973354231974922,0.73208722741433,0.944620253164557,0.0350076103500761,0,0.996850393700787,0.253543307086614,0,0.687022900763359,0.00452488687782805,0.0212765957446809,0.993610223642173,0.995222929936306,0.986280487804878,0.964615384615385,0.978090766823161,0,0.967642526964561,0.0274809160305344,0.330757341576507,0.286158631415241,0.992307692307692,0.989180834621329,1,0.989441930618401,0.0580152671755725,0.0217729393468118,0.980551053484603,0.957120980091884,0.720858895705521,0.98159509202454,0.995384615384615,0.965996908809892,0,0,0.983532934131736,0,0.074468085106383,0,0.950155763239875,0.274322169059011,0.210776545166403,0.128682170542636,0.91588785046729,0,0.100154083204931,0.993827160493827,0.995440729483283,0.635239567233385,0.400894187779434,0.203898050974513,0.180597014925373,0.643302180685358,0.00457317073170732,0.13587786259542,0.537383177570093,0.25508607198748,0.710526315789474,0.0153374233128834,0,0.00316957210776545,0.312698412698413,0.996830427892235,0.614307931570762,0.219879518072289,0.619414483821264,0.866666666666667,0.990936555891239,0.961227786752827,0.977883096366509,0.993720565149137,0.993740219092332,0.544186046511628,0.430534351145038,0.992248062015504,0.00891530460624071,0.013353115727003,0.866359447004608,0.0136986301369863,0.993865030674847,0.972477064220184,0,0.11038961038961,0,0.945820433436533,0,0.969278033794163,0.998452012383901,0.0138888888888889,0.827160493827161,0.993930197268589,0.645962732919255,0.609422492401216,0.86748844375963,0,0,0.929936305732484,0.934718100890208,0.984544049459042,0,0,0.004739336492891,0.231124807395994,0.505443234836703,0,0.444099378881988,0,0.921011058451817,0.993710691823899,0.152037617554859,0.23394495412844,0,0.346811819595645,0.598755832037325,0.863496932515337,0.958904109589041,0.770061728395062,0.00306278713629403,0.980952380952381,0.015527950310559,0.995222929936306,0,0.975683890577508,0.00927357032457496,0.995275590551181,0.0233281493001555,0.0171875,0,0,0.821428571428571,0.927099841521395,0.927803379416283,0.704268292682927,0.0302114803625378,0.00934579439252336,0.827586206896552,0.824508320726172,0,0.0185758513931889,0.962558502340094,0,0.990536277602524,0.947932618683001,0.062015503875969,0.0427480916030534,0.0062111801242236,0.995426829268293,0.465408805031447,0.0796875,0.108108108108108,0.118461538461538,0.683544303797468,0.0952380952380952,0.993769470404984,0,0.765625,0.977168949771689,0.00465116279069767,0,0.00443786982248521,0,0.00457317073170732,0.996908809891808,0.707936507936508,0.00317965023847377,0.004739336492891,0.538950715421304,0.950155763239875,0.438650306748466,0.0464396284829721,0.00476947535771065,0.048,0.0200617283950617,0,0.0338461538461538,0.0075642965204236,0.00771604938271605,0.0106870229007634,0.00597907324364723,0.0470219435736677,0.0549618320610687,0.0200617283950617,0.0217054263565891,0.00638977635782748,0.0280373831775701,0.0274390243902439,0.0535168195718654,0.0126582278481013,0.0228310502283105,0.00482315112540193,0.00627943485086342,0.0414012738853503,0.0108527131782946,0.0289634146341463,0.00611620795107034,0.0434108527131783,0.00754147812971342,0.00625
"39",0.261068702290076,0.266165413533835,0.276785714285714,0.315467075038285,0.245022970903522,0.255417956656347,0.345399698340875,0.291101055806938,0.260416666666667,0,0.261329305135952,0,0.571214392803598,0.251920122887865,0.744712990936556,0.746626686656672,0,0.00459418070444104,0.262015503875969,0.273273273273273,0.818862275449102,0.75195007800312,0.27736131934033,0,0.291044776119403,0.692541856925419,0.75531914893617,0.258970358814353,0.677611940298507,0.532934131736527,0.745588235294118,0.552395209580838,0.459167950693374,0.661169415292354,0,0.25114854517611,0.0117820324005891,0.256371814092954,1,0.339762611275964,0.00149253731343284,0.00150829562594268,0.00149700598802395,0.251920122887865,0.464788732394366,0.759630200308166,0.585476550680787,0.743666169895678,0.665185185185185,0.74014598540146,0,0.267776096822995,0.780923994038748,0.257229832572298,0.365740740740741,0.769706336939722,0,0.287901990811639,0.298192771084337,0.36865671641791,0.688059701492537,0.672645739910314,0.745398773006135,0,0.363354037267081,0.413432835820896,0,0.254185692541857,0,0.733637747336377,0.342771982116244,0.748114630467572,0.759146341463415,0.264792899408284,0,0.520289855072464,0.769345238095238,0.557548579970105,0.367781155015198,0.740095087163233,0,0.521545319465082,0.714074074074074,0.263392857142857,0.737951807228916,0.341142020497804,0.24517087667162,0.288059701492537,0.263473053892216,0,0.265243902439024,0.2481426448737,0,0,0.285496183206107,0,0.805059523809524,0.269172932330827,0.00148588410104012,0.00151975683890578,0.607726597325409,0,0.987748851454824,0.246951219512195,0.827232796486091,0.267496111975117,0,0.28030303030303,0.749620637329287,0.744326777609682,0.750741839762611,0.344879518072289,0.712990936555891,0.269817073170732,0,0.26865671641791,0.535502958579882,0,0.758982035928144,0.711246200607903,0,0.469418960244648,0.840909090909091,0.753918495297806,0.281481481481481,0.733133433283358,0.255192878338279,0.256676557863501,0,0.684992570579495,0.318181818181818,0.609907120743034,0.274418604651163,0,0.248840803709428,0.738484398216939,0,0.83661119515885,0.523592085235921,0.713846153846154,0,0,0.278787878787879,0.477544910179641,0.705426356589147,0.258358662613982,0.751497005988024,0.331352154531946,0.647779479326187,0.262150220913108,0.853168469860896,0.260935143288084,0.253477588871716,0.38796992481203,0.245827010622155,0.722560975609756,0.24287856071964,0.740061162079511,0,0.4884437596302,0.397643593519882,0.273809523809524,0.745535714285714,0,0.262686567164179,0.652439024390244,0.255485893416928,0.257871064467766,0.24773413897281,0.668174962292609,0.278860569715142,0.752688172043011,0.300295857988166,0.74591381872214,0.348623853211009,0.65424739195231,0,0.26928895612708,0,0.368975903614458,0.259314456035768,0.728915662650602,0.276853252647504,0.312594840667678,0.264748201438849,0.277526395173454,0.766272189349112,0.67007299270073,0.3328173374613,0.330781010719755,0.762557077625571,0.752608047690015,0.278382581648523,0.384500745156483,0,0,0.830559757942511,0.0015015015015015,0.262536873156342,0.734814814814815,0.382262996941896,0.441930618401207,0.270190895741557,0.734848484848485,0.646268656716418,0.823619631901841,0.310136157337368,0.287425149700599,0.369207772795217,0,0.378787878787879,0.871473354231975,0.301391035548686,0.757207890743551,0.729411764705882,0.679160419790105,0.273542600896861,0.278026905829596,0.424698795180723,0.258982035928144,0.378012048192771,0,0.737631184407796,0.529761904761905,0.263719512195122,0,0.265275707898659,0.27810650887574,0.671171171171171,0.536098310291859,0.265060240963855,0.251177394034537,0.791158536585366,0,0.351270553064275,0.655589123867069,0.277602523659306,0.750373692077728,0.289747399702823,0.254992319508449,0.255952380952381,0.303353658536585,0.5949177877429,0.758461538461538,0.290715372907154,0.583208395802099,0.743401759530792,0.739766081871345,0.705069124423963,0.738023952095808,0.824508320726172,0.563235294117647,0.740573152337858,0.742081447963801,0.740963855421687,0.642540620384047,0.741194486983155,0.26646248085758,0.00151745068285281,0.731411229135053,0,0.837920489296636,0.263318112633181,0.279635258358663,0.333333333333333,0,0.370139968895801,0.386666666666667,0.539755351681957,0.603915662650602,0.621745788667688,0.596923076923077,0.00151515151515152,0.243451463790447,0.813432835820896,0.55625,0.288315629742033,0.757800891530461,0.499250374812594,0.745098039215686,0.7821482602118,0.262295081967213,0.253943217665615,0.349157733537519,0,0.597922848664688,0.360606060606061,0,0.733031674208145,0.359011627906977,0.274924471299094,0,0.746626686656672,0.745127436281859,0.292307692307692,0.384259259259259,0.746875,0,0.7847533632287,0.259878419452888,0.4860088365243,0.674140508221226,0.578625954198473,0.299703264094956,0.748475609756098,0.257100149476831,0.26355421686747,0.748103186646434,0.297297297297297,0.250381679389313,0.287692307692308,0.254464285714286,0.741741741741742,0.757164404223228,0.837593984962406,0.278033794162826,0.3,0.0133333333333333,0.713636363636364,0.281818181818182,0.717717717717718,0.692419825072886,0.254160363086233,0.263482280431433,0.283132530120482,0.527777777777778,0.242647058823529,0.702290076335878,0.284638554216867,0.25652841781874,0,0.745937961595273,0.686153846153846,0.759146341463415,0.0148367952522255,0.745562130177515,0.326894502228826,0.743975903614458,0.741017964071856,0,0.73984962406015,0.261398176291793,0.74773413897281,0.266770670826833,0.292609351432881,0.275187969924812,0.834101382488479,0.838258164852255,0.506787330316742,0.617088607594937,0,0.4051593323217,0.755555555555556,0.738304093567251,0.921013412816691,0.249614791987673,0.74702380952381,0,0.756390977443609,0.745535714285714,0.757716049382716,0.620060790273556,0.254573170731707,0.732612055641422,0.24804992199688,0.285932721712538,0,0.25904486251809,0.737704918032787,0.256637168141593,0.421779141104294,0.269645608628659,0.752623688155922,0.282317979197623,0.743161094224924,0.352852852852853,0.52093023255814,0.31892697466468,0.281626506024096,0.256410256410256,0.832831325301205,0.289592760180996,0.246676514032496,0.746312684365782,0.757575757575758,0.251896813353566,0.257966616084977,0.720720720720721,0.337837837837838,0.2875,0.303571428571429,0.261194029850746,0,0.734567901234568,0.249244712990937,0.746223564954683,0,0.287461773700306,0.00156739811912226,0.742770167427702,0.273402674591382,0.289355322338831,0.00151057401812689,0.59606656580938,0.623672230652504,0.276595744680851,0.741835147744946,0.358778625954198,0.260336906584992,0.69558599695586,0.621661721068249,0.455792682926829,0,0.870229007633588,0.279937791601866,0.26015037593985,0.625377643504532,0.251488095238095,0.273162939297125,0.738345864661654,0,0.28101644245142,0.262121212121212,0.300150829562594,0.488165680473373,0.75531914893617,0.378995433789954,0.721212121212121,0.789308176100629,0.00149700598802395,0.545454545454545,0.571646341463415,0.546407185628742,0,0.726708074534162,0.334848484848485,0.516176470588235,0.619047619047619,0.749633967789165,0,0,0.23342939481268,0.28,0,0.334828101644245,0,0,0,0.248097412480974,0,0.271450858034321,0.483282674772036,0.700740740740741,0.25,0,0,0.255287009063444,0.29160530191458,0.498520710059172,0.740740740740741,0,0.365126676602086,0.627627627627628,0.256676557863501,0.56547619047619,0.682370820668693,0,0.277693474962064,0.754224270353303,0.308641975308642,0.743202416918429,0,0.742647058823529,0.73030303030303,0.608557844690967,0.264437689969605,0,0.293255131964809,0.285074626865672,0.251851851851852,0,0.75920245398773,0.314465408805031,0.758675078864353,0.248511904761905,0.25037037037037,0.732035928143713,0.237593984962406,0.848348348348348,0.437689969604863,0.7526395173454,0.872472783825817,0.292682926829268,0.00151285930408472,0.74024024024024,0.293154761904762,0.760869565217391,0.560490045941807,0.623867069486405,0,0.765861027190332,0.478461538461538,0.841791044776119,0.277611940298507,0.75037147102526,0.766716196136701,0.610932475884244,0.313323572474378,0.367164179104478,0.296969696969697,0.464939024390244,0,0.27218045112782,0.743628185907046,0.281391830559758,0.836734693877551,0.752923976608187,0.236526946107784,0.257186081694402,0.246177370030581,0.519578313253012,0.266666666666667,0.831029185867896,0.875192604006163,0.321804511278195,0.366366366366366,0,0,0.256838905775076,0.308641975308642,0.757341576506955,0.294027565084227,0.279940119760479,0.79080118694362,0.325545171339564,0.512232415902141,0.364444444444444,0,0.293494704992436,0.808157099697885,0.252647503782148,0.259878419452888,0,0.550989345509893,0.296296296296296,0.739329268292683,0.525114155251142,0.657185628742515,0.420588235294118,0.514503816793893,0.295389048991354,0.729411764705882,0.271472392638037,0.264487369985141,0.278026905829596,0.809076682316119,0.785285285285285,0.263473053892216,0.245901639344262,0.00148367952522255,0.44947209653092,0.641566265060241,0.722473604826546,0.475187969924812,0.262996941896024,0.354642313546423,0.255223880597015,0.14540059347181,0.738654147104851,0,0.426229508196721,0.752279635258359,0.731523378582202,0.742033383915023,0,0.272727272727273,0.331858407079646,0.267669172932331,0.26962962962963,0.728943338437979,0.74251497005988,0,0,0.871715610510046,0.744648318042814,0.766412213740458,0,0.739457831325301,0.248868778280543,0.32383808095952,0.820826952526799,0.26646248085758,0.657185628742515,0.291158536585366,0.54585798816568,0.557206537890045,0,0.254385964912281,0.774691358024691,0.704545454545455,0.335276967930029,0.262368815592204,0.726726726726727,0.0015015015015015,0.292974588938714,0.302806499261448,0,0.270742358078603,0.755622188905547,0.266770670826833,0.608370702541106,0,0.00149700598802395,0.703875968992248,0.436363636363636,0.737313432835821,0.824427480916031,0.00151975683890578,0.00156739811912226,0.507246376811594,0.758461538461538,0.246056782334385,0.721556886227545,0.250374812593703,0.738938053097345,0.626686656671664,0.674311926605505,0.397196261682243,0.728813559322034,0.748878923766816,0.00149700598802395,0.741301059001513,0,0.263157894736842,0.644615384615385,0.273792093704246,0.731297709923664,0.266768292682927,0,0.57393850658858,0.65296803652968,0.258358662613982,0,0.256296296296296,0,0.687402799377916,0.275707898658718,0,0.573134328358209,0.263719512195122,0.450532724505327,0.314728682170543,0.751497005988024,0,0.253414264036419,0.723502304147465,0,0.554054054054054,0.736151603498542,0.751488095238095,0.267584097859327,0.246932515337423,0.255539143279173,0.267371601208459,0.268702290076336,0,0.283763277693475,0.00297619047619048,0.799701046337818,0.720610687022901,0.268365817091454,0.260736196319018,0.274074074074074,0.267563527653214,0.0507462686567164,0.759090909090909,0.271565495207668,0.306092124814265,0.494752623688156,0.270833333333333,0.249624060150376,0.293591654247392,0,0,0.278832116788321,0,0.745156482861401,0,0.289393939393939,0.719814241486068,0.736923076923077,0.770614692653673,0.32262996941896,0.00151745068285281,0.844311377245509,0.253393665158371,0.264487369985141,0.570996978851964,0.748191027496382,0.689956331877729,0.749627421758569,0.506269592476489,0.735512630014859,0.708898944193062,0.668674698795181,0.708396946564885,0.484257871064468,0.73604826546003,0,0.733128834355828,0.799086757990868,0.259026687598116,0.586102719033233,0.967551622418879,0.535660091047041,0.38038632986627,0.268148148148148,0.301412872841444,0.266153846153846,0.262751159196291,0.26605504587156,0.607518796992481,0.641255605381166,0.258015267175572,0.751453488372093,0.749266862170088,0.380368098159509,0.00148809523809524,0.261584454409567,0.276374442793462,0,0.740279937791602,0,0.292974588938714,0,0.285714285714286,0.258646616541353,0.750369276218611,0.407350689127106,0.256296296296296,0.579352850539291,0.600591715976331,0.36697247706422,0,0,0.328100470957614,0.310693641618497,0.271916790490342,0,0,0.73959938366718,0.723214285714286,0.592307692307692,0,0.679817905918058,0,0.318461538461538,0.253456221198157,0.756508422664625,0.685157421289355,0,0.701357466063348,0.538812785388128,0.359398496240601,0.293768545994065,0.484210526315789,0.748858447488584,0.276234567901235,0.0739064856711916,0.262422360248447,0,0.263929618768328,0,0.254211332312404,0.736600306278714,0.47239263803681,0,0,0.407575757575758,0.322530864197531,0.308259587020649,0.47787610619469,0.752577319587629,0.738131699846861,0.362121212121212,0.36,0,0.742424242424242,0.287461773700306,0,0.279320987654321,0.308823529411765,0.751131221719457,0.0104947526236882,0.740629685157421,0.256371814092954,0.619047619047619,0.714939024390244,0.726153846153846,0.754491017964072,0.511450381679389,0.72700296735905,0.262121212121212,0,0.478395061728395,0.259259259259259,0,0,0.746724890829694,0,0.744292237442922,0.272036474164134,0.489922480620155,0.743827160493827,0.74079754601227,0.682242990654206,0.292758089368259,0.682779456193353,0.0116959064327485,0.733846153846154,0.0493827160493827,0.0119940029985007,0,0.636363636363636,0.729289940828402,0.744257274119449,0.745937961595273,0.752958579881657,0.0107858243451464,0.0148367952522255,0.747384155455904,0.00900900900900901,0.00462249614791988,0.0303951367781155,0.0117994100294985,0.0134328358208955,0.763358778625954,0.0180995475113122,0.748043818466354,0.758409785932722,0.0091324200913242,0.746606334841629,0.0491803278688525,0.749253731343284,0.717717717717718,0.745213549337261,0.737082066869301
"40",0.892628205128205,0.902140672782875,0.885022692889561,0.875583203732504,0.897035881435257,0.908064516129032,0.843894899536321,0.887864823348694,0.900611620795107,0,0.909923664122137,0,0.587692307692308,0.900158478605388,0.135514018691589,0.101515151515152,0,0.015600624024961,0.902208201892745,0.893188854489164,0.246177370030581,0.121794871794872,0.899543378995434,0,0.876923076923077,0.316358024691358,0.196018376722818,0.895734597156398,0.545176110260337,0.675344563552833,0.0972644376899696,0.668202764976959,0.773148148148148,0.348909657320872,0,0.9015625,0.0122887864823349,0.895865237366003,0.339762611275964,1,0.00158982511923688,0.0168195718654434,0.00759878419452888,0.908668730650155,0.746434231378764,0.119496855345912,0.547987616099071,0.089644513137558,0.502235469448584,0.222390317700454,0,0.902173913043478,0.338957055214724,0.904984423676013,0.836702954898911,0.23696682464455,0,0.90015600624025,0.876146788990826,0.85145482388974,0.362519201228879,0.514503816793893,0.0846394984326019,0,0.880382775119617,0.853620955315871,0,0.89358372456964,0,0.0950155763239875,0.79066265060241,0.0962732919254658,0.114906832298137,0.915151515151515,0,0.718181818181818,0.131901840490798,0.628440366972477,0.837320574162679,0.318627450980392,0,0.683409436834094,0.274242424242424,0.902587519025875,0.19969040247678,0.858895705521472,0.894333843797856,0.890743550834598,0.884792626728111,0.0120845921450151,0.900306748466258,0.900763358778626,0,0,0.891509433962264,0,0.362252663622527,0.889922480620155,0.00911854103343465,0.0108191653786708,0.625192012288787,0,0.354037267080745,0.9015625,0.201210287443268,0.904088050314465,0.0109034267912773,0.894080996884735,0.0847457627118644,0.0981308411214953,0.0958904109589041,0.85243328100471,0.377503852080123,0.908527131782946,0,0.899082568807339,0.684129429892142,0,0.109567901234568,0.315217391304348,0,0.771028037383178,0.321100917431193,0.166931637519873,0.886191198786039,0.232522796352584,0.907600596125186,0.904468412942989,0,0.57469512195122,0.857364341085271,0.559505409582689,0.897798742138365,0,0.898251192368839,0.108270676691729,0,0.298136645962733,0.6171875,0.554330708661417,0,0,0.887864823348694,0.777265745007681,0.260596546310832,0.905426356589147,0.104938271604938,0.869631901840491,0.443561208267091,0.894029850746269,0.221690590111643,0.8953125,0.903633491311216,0.777947932618683,0.898911353032659,0.0910518053375196,0.907692307692308,0.0911901081916538,0,0.797488226059655,0.813432835820896,0.913897280966767,0.102564102564103,0,0.906060606060606,0.483670295489891,0.908653846153846,0.907153729071537,0.897081413210445,0.362121212121212,0.892261001517451,0.103286384976526,0.870676691729323,0.0915915915915916,0.8328125,0.414634146341463,0,0.899696048632219,0,0.815384615384615,0.901960784313726,0.1953125,0.90077519379845,0.869300911854103,0.903417533432392,0.918836140888208,0.187403993855607,0.417818740399386,0.851968503937008,0.878548895899054,0.145962732919255,0.0957446808510638,0.890625,0.811232449297972,0,0,0.366459627329193,0.0015220700152207,0.907046476761619,0.322678843226788,0.833333333333333,0.741085271317829,0.893455098934551,0.485849056603774,0.512345679012346,0.374213836477987,0.839813374805599,0.882170542635659,0.821646341463415,0,0.842024539877301,0.25625,0.861635220125786,0.106317411402157,0.15,0.569018404907976,0.900153609831029,0.885022692889561,0.794712286158631,0.905053598774885,0.858914728682171,0,0.161290322580645,0.710806697108067,0.904088050314465,0,0.900763358778626,0.900900900900901,0.575851393188854,0.549230769230769,0.914728682170543,0.913249211356467,0.416923076923077,0,0.844410876132931,0.518633540372671,0.885895404120444,0.0895061728395062,0.884792626728111,0.901898734177215,0.894977168949772,0.886292834890966,0.550746268656716,0.0953125,0.88135593220339,0.57032457496136,0.10192023633678,0.0937972768532526,0.252307692307692,0.0890625,0.228125,0.661194029850746,0.0995334370139969,0.0906389301634472,0.100308641975309,0.591743119266055,0.125984251968504,0.900621118012422,0.0124804992199688,0.0934150076569678,0,0.303265940902022,0.9078125,0.891975308641975,0.836923076923077,0,0.819488817891374,0.879154078549849,0.665137614678899,0.584615384615385,0.482919254658385,0.533333333333333,0.0123647604327666,0.900943396226415,0.187594553706505,0.682182985553772,0.880184331797235,0.103658536585366,0.73159509202454,0.0996932515337423,0.20516717325228,0.901812688821752,0.9056,0.8328125,0,0.64540059347181,0.832049306625578,0,0.0856269113149847,0.84077380952381,0.894409937888199,0,0.098613251155624,0.0909090909090909,0.903174603174603,0.843949044585987,0.0974842767295598,0,0.444104134762634,0.91358024691358,0.760968229954614,0.431221020092736,0.647709320695103,0.876899696048632,0.114329268292683,0.912254160363086,0.900763358778626,0.100308641975309,0.889393939393939,0.902208201892745,0.923809523809524,0.90519877675841,0.262996941896024,0.377300613496933,0.369969040247678,0.888888888888889,0.865203761755486,0.0484848484848485,0.353582554517134,0.889408099688474,0.230652503793627,0.378625954198473,0.90288315629742,0.90726429675425,0.892523364485981,0.737756714060032,0.911719939117199,0.338557993730408,0.885145482388974,0.90282131661442,0,0.39453717754173,0.567026194144838,0.112633181126332,0.0506912442396313,0.102564102564103,0.835365853658537,0.115963855421687,0.0931297709923664,0,0.305810397553517,0.905956112852665,0.165898617511521,0.911433172302738,0.890092879256966,0.9015625,0.37904468412943,0.36650868878357,0.7109375,0.483412322274882,0,0.800933125972006,0.107033639143731,0.13984962406015,0.280487804878049,0.906103286384977,0.103235747303544,0,0.401826484018265,0.103658536585366,0.119195046439628,0.509230769230769,0.897196261682243,0.337539432176656,0.904684975767367,0.91601866251944,0,0.897473997028232,0.0916030534351145,0.900459418070444,0.80952380952381,0.914421553090333,0.107858243451464,0.914156626506024,0.093558282208589,1,0.699367088607595,0.911042944785276,0.901515151515151,0.910518053375196,0.368421052631579,0.882170542635659,0.904047976011994,0.103759398496241,0.115562403697997,0.905426356589147,0.901840490797546,0.35474006116208,1,0.901453957996769,0.887864823348694,0.896551724137931,0,0.181674565560821,0.906584992343032,0.107142857142857,0,0.889580093312597,0.0109546165884194,0.134375,0.90990990990991,0.888364779874214,0.00477707006369427,0.627871362940276,0.455950540958269,0.9,0.0926216640502355,0.812206572769953,0.904538341158059,0.462992125984252,0.616793893129771,0.753918495297806,0,0.242703533026114,0.889240506329114,0.906542056074766,0.476923076923077,0.910631741140216,0.882926829268293,0.126934984520124,0.0015552099533437,0.894419306184012,0.906727828746177,0.878693623639191,0.725609756097561,0.100308641975309,0.808709175738725,0.291603053435115,0.245980707395498,0.00765696784073507,0.681047765793529,0.612752721617418,0.61993769470405,0,0.344992050874404,0.850467289719626,0.69195751138088,0.529500756429652,0.164222873900293,0,0,0.899122807017544,0.921331316187595,0,0.857364341085271,0.0124416796267496,0,0,0.902173913043478,0,0.901098901098901,0.741140215716487,0.551415797317437,0.90785498489426,0,0,0.899536321483771,0.897590361445783,0.738863287250384,0.0899390243902439,0.0031496062992126,0.826021180030257,0.613293051359517,0.900928792569659,0.548872180451128,0.386645962732919,0,0.883720930232558,0.102362204724409,0.8798751950078,0.178571428571429,0,0.106766917293233,0.214953271028037,0.511290322580645,0.895545314900154,0,0.874813710879285,0.892638036809816,0.900306748466258,0,0.171114599686028,0.880913539967374,0.0898876404494382,0.90273556231003,0.901215805471125,0.106870229007634,0.904109589041096,0.380434782608696,0.769349845201238,0.106976744186047,0.248427672955975,0.888888888888889,0.010752688172043,0.1,0.890769230769231,0.107424960505529,0.675,0.415241057542768,0,0.196923076923077,0.70253164556962,0.344036697247706,0.887171561051005,0.0995334370139969,0.214611872146119,0.540930979133226,0.871064467766117,0.83206106870229,0.875776397515528,0.766355140186916,0,0.902587519025875,0.0931297709923664,0.905426356589147,0.4464,0.0922844175491679,0.909090909090909,0.907407407407407,0.898278560250391,0.628440366972477,0.898928024502297,0.209448818897638,0.265527950310559,0.870426829268293,0.825153374233129,0,0,0.903125,0.863422291993721,0.104361370716511,0.89922480620155,0.89644513137558,0.431888544891641,0.861635220125786,0.708268330733229,0.83987915407855,0,0.886153846153846,0.399686520376176,0.912307692307692,0.902140672782875,0,0.717829457364341,0.894819466248038,0.0967238689547582,0.689922480620155,0.414781297134238,0.800878477306003,0.687789799072643,0.877061469265367,0.173192771084337,0.895148669796557,0.90077519379845,0.895454545454546,0.361669242658423,0.1671875,0.900466562986003,0.909774436090226,0.0075642965204236,0.803379416282642,0.48382126348228,0.314329738058552,0.729071537290715,0.907523510971787,0.822884012539185,0.901215805471125,0.133738601823708,0.101748807631161,0,0.783742331288344,0.0855365474339036,0.0883720930232558,0.338931297709924,0,0.897865853658537,0.857142857142857,0.911450381679389,0.903759398496241,0.18,0.0900621118012422,0,0,0.260252365930599,0.164615384615385,0.220839813374806,0,0.0963302752293578,0.899096385542169,0.0518292682926829,0.366459627329193,0.90625,0.603100775193798,0.897356143079316,0.66156202143951,0.629850746268657,0,0.906389301634473,0.43613707165109,0.55,0.854354354354354,0.892261001517451,0.45565749235474,0.0108359133126935,0.874806800618238,0.877611940298507,0,0.882265275707899,0.106811145510836,0.905901116427432,0.50229709035222,0,0.0108191653786708,0.559294871794872,0.789799072642968,0.0918836140888208,0.21259842519685,0.0140625,0.00159235668789809,0.711111111111111,0.0974842767295598,0.907348242811502,0.368663594470046,0.905263157894737,0.0922844175491679,0.43613707165109,0.374213836477987,0.808411214953271,0.180223285486443,0.102134146341463,0.00304878048780488,0.129485179407176,0,0.896296296296296,0.120634920634921,0.893016344725111,0.103235747303544,0.901253918495298,0,0.540178571428571,0.539781591263651,0.907012195121951,0,0.909228441754917,0,0.424528301886792,0.90288315629742,0,0.659541984732824,0.904538341158059,0.726989079563182,0.874608150470219,0.121765601217656,0,0.903522205206738,0.327613104524181,0,0.66820987654321,0.0938897168405365,0.113808801213961,0.896713615023474,0.903481012658228,0.898330804248862,0.893915756630265,0.893188854489164,0,0.913446676970634,0.0255255255255255,0.402777777777778,0.333843797856049,0.906009244992296,0.89938080495356,0.894817073170732,0.892966360856269,0.0486322188449848,0.10625,0.893719806763285,0.882621951219512,0.753363228699552,0.878234398782344,0.903030303030303,0.898176291793313,0,0,0.914925373134328,0,0.147919876733436,0,0.884437596302003,0.323854660347551,0.264890282131661,0.192716236722307,0.858475894245723,0,0.190769230769231,0.919003115264797,0.905487804878049,0.644615384615385,0.480882352941176,0.299259259259259,0.257440476190476,0.652173913043478,0.0853658536585366,0.217457886676876,0.561919504643963,0.348367029548989,0.731634182908546,0.109034267912773,0,0.089922480620155,0.383045525902669,0.906497622820919,0.613496932515337,0.310344827586207,0.672360248447205,0.825757575757576,0.907324364723468,0.893141945773525,0.894904458598726,0.9088,0.903726708074534,0.557098765432099,0.459418070444104,0.913978494623656,0.102373887240356,0.105812220566319,0.822188449848024,0.0120481927710843,0.917933130699088,0.903076923076923,0,0.2018779342723,0,0.880877742946709,0,0.898461538461538,0.899845916795069,0.101823708206687,0.7890625,0.916286149162861,0.658267716535433,0.63030303030303,0.829721362229102,0,0,0.864951768488746,0.874626865671642,0.903030303030303,0,0,0.0910543130990415,0.322822822822823,0.582952815829528,0,0.469230769230769,0,0.842679127725857,0.911949685534591,0.23015873015873,0.315548780487805,0,0.381761978361669,0.614791987673344,1,0.889728096676737,0.743119266055046,0.0939907550077042,0.905660377358491,0.0264385692068429,0.9,0,0.899399399399399,0.00918836140888208,0.915227629513344,0.113354037267081,0.0681114551083591,0,0,0.787461773700306,0.86875,0.860816944024206,0.722560975609756,0.123511904761905,0.106583072100313,0.772093023255814,0.776946107784431,0,0.104361370716511,0.885758998435055,0,0.910658307210031,0.885196374622356,0.157164869029276,0.0428134556574924,0.0883720930232558,0.901812688821752,0.486862442040185,0.171073094867807,0.18370607028754,0.190993788819876,0.726837060702875,0.191424196018377,0.90077519379845,0,0.805598755832037,0.898021308980213,0.00469483568075117,0,0.0988023952095808,0,0.093558282208589,0.903125,0.710443037974684,0.10062893081761,0.0940438871473354,0.570977917981073,0.881619937694704,0.519756838905775,0.048411497730711,0.0901898734177215,0.0530421216848674,0.015220700152207,0,0.0964230171073095,0.099554234769688,0.107476635514019,0.108231707317073,0.0948012232415902,0.0490506329113924,0.0560606060606061,0.105740181268882,0.0186046511627907,0.00628930817610063,0.0250783699059561,0.0198776758409786,0.0565749235474006,0.106221547799697,0.0182926829268293,0.0930979133226324,0.0934150076569678,0.0407523510971787,0.0947204968944099,0.027027027027027,0.0964777947932619,0.126153846153846,0.101190476190476,0.101226993865031
"41",0.00158730158730159,0,0,0.00163934426229508,0,0.00161290322580645,0.0128617363344051,0.00158730158730159,0.00153374233128834,0.998373983739837,0.00158478605388273,0.998387096774194,0.00159744408945687,0.00162074554294976,0,0,0.998432601880878,0.982594936708861,0.00161550888529887,0.0015600624024961,0,0,0.00156739811912226,0.998425196850394,0,0,0.00161030595813205,0.00162074554294976,0.00154320987654321,0.00153609831029186,0,0,0,0.00157232704402516,0.998442367601246,0.00157977883096367,0.981481481481482,0.00156985871271586,0.00149253731343284,0.00158982511923688,1,0.9828125,0.996875,0.0016,0.00163398692810458,0,0,0,0.00156739811912226,0.00153846153846154,0.998405103668262,0.00157232704402516,0,0.00160513643659711,0.012987012987013,0,0.998344370860927,0.00158982511923688,0.00314465408805031,0.0015625,0.00156739811912226,0.00156494522691706,0,1,0.00160513643659711,0.00154320987654321,0.998410174880763,0.00157977883096367,0.998412698412698,0,0,0,0,0.0015552099533437,0.998417721518987,0.00154798761609907,0,0.00157977883096367,0.00160771704180064,0,0.9984,0,0,0.00157728706624606,0.00157232704402516,0.00153139356814701,0.00157232704402516,0.00154083204930663,0.0046801872074883,0.99079754601227,0,0,0.998392282958199,0.998444790046656,0.00161550888529887,0.998439937597504,0.0214723926380368,0.00155038759689922,0.993779160186625,0.993610223642173,0.0110584518167457,0.998402555910543,0.0016025641025641,0.00160513643659711,0,0.00165289256198347,0.991909385113269,0.0031496062992126,0,0,0,0.0126582278481013,0,0.00158730158730159,1,0.00158730158730159,0,0.998449612403101,0,0,1,0,0.00159235668789809,0,0.00156985871271586,0,0.00156985871271586,0,0.998410174880763,0.0062015503875969,0.0015748031496063,0,0,0.998442367601246,0.00161030595813205,0,1,0,0,0.00809061488673139,0.998363338788871,0.998376623376623,0.0015748031496063,0.00159744408945687,0,0.00160771704180064,0,0.0015748031496063,0,0,0,0.0015748031496063,0.0015748031496063,0,0.00157728706624606,0,0.00156494522691706,0,0.998412698412698,0.00158227848101266,0.0046656298600311,0.0015748031496063,0,1,0.0015527950310559,0,0.00164744645799012,0.00156494522691706,0.00157232704402516,0,0.0015748031496063,0,0,0,0.00321027287319422,0,0.9984,0,1,0.00156739811912226,0.00158227848101266,0,0.0015552099533437,0.00158478605388273,0.00154320987654321,0.00157232704402516,0,0,0.00161290322580645,0.00163132137030995,0,0,0,0.0170015455950541,0.998466257668712,0.998425196850394,0.00158478605388273,1,0,0,0.0128205128205128,0.00157977883096367,0.00151975683890578,0.00157728706624606,0,0.00160771704180064,0.00158478605388273,0.00159489633173844,0.00155038759689922,0.998417721518987,0.00157232704402516,0,0,0,0,0.0047244094488189,0.00158478605388273,0.0015600624024961,0,0.0015527950310559,0.00158730158730159,0.998430141287284,0,0.00153374233128834,0,1,0.0015552099533437,0,0.00473186119873817,0,0.00160771704180064,0.00164203612479475,0.0192,1,0.013953488372093,0,0.00163398692810458,0,0.00154798761609907,0.0016,0.0015625,0.0015748031496063,0.0015552099533437,0,0.00157232704402516,0,0,0,0,0,0,0,0,0,0,0.00153609831029186,0,0.0016,0.993710691823899,0,0.998412698412698,0.00484652665589661,0.00159744408945687,0,0.00157977883096367,0.998427672955975,0.00160513643659711,0.00465116279069767,0,0,0,0,0.993769470404984,0.00160771704180064,0,0,0.00162337662337662,0,0.00155763239875389,0,0,0.00153139356814701,0.00165562913907285,0.012779552715655,0.998461538461539,0,0.0142405063291139,0.998410174880763,0,0.0122699386503067,0.00317460317460317,0.998442367601246,0,0,0,0,0,0.998402555910543,0.0158227848101266,0.00159235668789809,0.00154320987654321,0,0.00160513643659711,0.00156494522691706,0,0.00157232704402516,0.00157728706624606,0,0.0015600624024961,0.0016,0.00161812297734628,0.00156739811912226,0,0.00158478605388273,0.0015600624024961,0.00321027287319422,0.0016366612111293,0.95141065830721,0,0.0015748031496063,0,0,0.0015748031496063,0.00157728706624606,0.00155763239875389,0,0.00156494522691706,0,0.00159235668789809,0.00159489633173844,0.998410174880763,0,0.0112179487179487,0,0.947368421052632,0,0.0015600624024961,0,0,0.998430141287284,0,0.00158730158730159,0,0.00161812297734628,0.00157977883096367,0.00158478605388273,0.00160513643659711,0.00163132137030995,0.00157977883096367,0,0.998435054773083,0.00155763239875389,0,0,0,0.00161812297734628,0,0.998417721518987,0,0,0,0.00158730158730159,0.00157728706624606,0,0.00163132137030995,0,0.998435054773083,0,0,0.00155038759689922,0.00158227848101266,0.00165562913907285,0,0.00156494522691706,0,0.00159489633173844,0.00160771704180064,0.00155038759689922,0.0015748031496063,0.003125,0.00156985871271586,0.00159235668789809,0.00156985871271586,0,0.00158478605388273,0.0016,0.00156494522691706,0,0.00156739811912226,0.00163132137030995,0,0.00154798761609907,0.998405103668262,0,0.00158730158730159,0,0.998402555910543,0.00158730158730159,0.993453355155483,0,0.0015625,0.00158982511923688,0.998387096774194,0.00955414012738853,0,0.0016,0,0.00158982511923688,0.0016260162601626,0.00158227848101266,0.00158982511923688,0.00160513643659711,0.9984,0,0.00318471337579618,0.0015552099533437,0,0.00157728706624606,0.00165562913907285,0,0.998397435897436,0.00156494522691706,0.00156494522691706,0.00156739811912226,0.00157232704402516,0,0.0047244094488189,0.00156739811912226,0.0135823429541596,0.996875,0.00159489633173844,0.00157977883096367,0.0015552099533437,0.998444790046656,0,0,0.0015748031496063,0,0,0.998456790123457,1,0.00150602409638554,0.00154083204930663,0.998417721518987,0.00159235668789809,0.992050874403816,0.998452012383901,0.998360655737705,0.00159489633173844,1,0.00161030595813205,0.00158227848101266,0.00460122699386503,0.0015527950310559,0.9984,1,0.00156739811912226,0.00153374233128834,0.00154559505409583,0,0.996768982229402,0.0171339563862928,0.00156494522691706,0.0015600624024961,0,0,0.998417721518987,0.00153846153846154,0,0.00161290322580645,0,1,0,0.0016025641025641,0,0.00317965023847377,1,0.00154320987654321,0.0015625,0.0015625,1,0,0.00165837479270315,0,0.0015527950310559,0,0,0.00157977883096367,0.00157977883096367,0.00157232704402516,0,0.0032520325203252,0.0015625,0.992125984251969,0,0,0,0,0.00958466453674121,0.998449612403101,0,0.00324149108589951,0.00157232704402516,0,0,0,0,0.00153139356814701,0.00154320987654321,0.0015600624024961,0.00161030595813205,0.998422712933754,0.0015600624024961,0,0.00157728706624606,0.00488599348534202,0,0.0015552099533437,0.00160771704180064,0,0,0.00158227848101266,0,0,0.00157977883096367,0.0139968895800933,0.998468606431853,0.998392282958199,0.00159235668789809,0.00162337662337662,0,0.00159235668789809,0.00157728706624606,0,0.00160771704180064,0.00161550888529887,0.0153609831029186,1,0,0.01743264659271,0.00156494522691706,0.0015748031496063,1,0.00162337662337662,0.00161290322580645,0,0.00163398692810458,0,0.00151745068285281,0.00158982511923688,0,0,0.00321543408360129,0.0015600624024961,0.0015748031496063,0.0148026315789474,0.0267716535433071,0.00158227848101266,0,0.995391705069124,0.00156494522691706,0.0015600624024961,0,0,0.00161290322580645,0.0016025641025641,0.0015600624024961,0.767692307692308,0,0.998439937597504,0.00158730158730159,0,0,0,1,0.00156739811912226,0,0.00156494522691706,0.00156739811912226,0,0,0.998461538461539,0.998415213946117,0,0,0,0.998420221169036,0,0.00156494522691706,0.563380281690141,0.00157977883096367,0,0.00777604976671851,0.00161812297734628,0.00156494522691706,0,0.9984375,0,0.00160771704180064,0.00157728706624606,0.0062111801242236,0.0015600624024961,0,0.992150706436421,0.00156494522691706,0.00155763239875389,1,0.0031104199066874,0,0.00163398692810458,0,0.998412698412698,0.992101105845182,0.00164744645799012,0.0016,0,0,0.992138364779874,1,0.00154320987654321,0,0.00168634064080944,0,0.0015527950310559,0,0.0015748031496063,0,0.00324149108589951,0,0,0.998427672955975,0,0.998425196850394,0.00152439024390244,0.159935379644588,0.00307219662058372,0,0,0.998427672955975,0,0.00156739811912226,0.00157728706624606,0.998381877022654,0.0015552099533437,0.998381877022654,0,0.00156494522691706,0.998442367601246,0.0170015455950541,0,0,0.00159235668789809,0,0.998417721518987,0.00157728706624606,0,0.998432601880878,0,0,0,0.00163132137030995,0.00159489633173844,0,0.00476947535771065,0.00322061191626409,0.998425196850394,0.00156494522691706,0.982866043613707,0.0202492211838006,0,0,0.00157232704402516,0.00156494522691706,0.00154559505409583,0.916006339144215,0,0.00164744645799012,0.00156739811912226,0.0015600624024961,0.0015748031496063,0.0015625,0.00156985871271586,0.998452012383901,0.998439937597504,0.00152905198776758,0.998456790123457,0,0.996815286624204,0.00157232704402516,0,0.00162337662337662,0,0.00160513643659711,0.996845425867508,0,0.00156985871271586,0.00157728706624606,0,0.00153139356814701,0,0,0,0,0,0.00157977883096367,0,0.0015527950310559,0,0.998389694041868,0,0.0208333333333333,0,0.028169014084507,0.00152671755725191,0,0.0046656298600311,0.00153609831029186,0.00324675324675325,0.00160513643659711,0,0.00162866449511401,0,0,0.00160771704180064,0,0,0.0031496062992126,0.992211838006231,0.00156494522691706,0.00157977883096367,0.9984,0,1,0.00158982511923688,0.99837925445705,0.00157232704402516,0,0,0.00158227848101266,0.00155038759689922,0,0.00156739811912226,0.0176282051282051,0.998422712933754,0.998392282958199,0.00162866449511401,0.00151285930408472,0.00154559505409583,0.998447204968944,0.9984375,0,0,0,0.998427672955975,0,1,0.00163132137030995,0.00158982511923688,0.0362776025236593,0,0.998475609756098,0.00160513643659711,0,0.00156739811912226,0.00155038759689922,0.00158227848101266,0,0.00161030595813205,0.903481012658228,0.00161290322580645,1,0.00153139356814701,0.993720565149137,0.00162074554294976,0,0.35426731078905,0.998430141287284,1,0.00155038759689922,0.00160771704180064,0.00769230769230769,0,0,0,0,0.00153846153846154,0.998402555910543,0,0,0.998442367601246,0.00161290322580645,0.00156494522691706,0,0.962145110410095,0,0.0015600624024961,0,0,0,0,0.00162074554294976,0.0015625,0,0.998407643312102,0.00158730158730159,0.00154320987654321,0.996805111821086,1,0,0.998387096774194,0,0,0,0,0,0.00316455696202532,0.00318979266347687,0.00158227848101266,0.953560371517028,0,0.906752411575563,0.981042654028436,0.998405103668262,0.158576051779935,0,0,0.00469483568075117,0,0.949044585987261,0.942989214175655,0,0.981102362204724,0.9936,0.953125,0.978125,0.943037974683544,0,0.973270440251572,0,0,0.956661316211878,0,0.936532507739938,0,0.0524642289348172,0,0
"42",0.0172955974842767,0.0186335403726708,0.0124031007751938,0.0111642743221691,0.0126782884310618,0.0112179487179487,0.018957345971564,0.0156985871271586,0.0168970814132104,0.980830670926518,0.0171875,0.984177215189873,0.00934579439252336,0.0158227848101266,0,0,0.983308042488619,1,0.016025641025641,0.0122887864823349,0.00152905198776758,0,0.0122324159021407,0.983231707317073,0.0152671755725191,0.0031201248049922,0.00155038759689922,0.0207667731629393,0.00758725341426404,0.00917431192660551,0,0.00772797527047913,0.00943396226415094,0.00309597523219814,0.986153846153846,0.0170278637770898,0.965996908809892,0.019578313253012,0.00150829562594268,0.0168195718654434,0.9828125,1,0.987767584097859,0.014218009478673,0.0112,0,0.00628930817610063,0,0.010590015128593,0.00150375939849624,0.981566820276498,0.0125195618153365,0.00463678516228748,0.0110062893081761,0.0218408736349454,0,0.985483870967742,0.0157977883096366,0.0184615384615385,0.0106382978723404,0.00615384615384615,0.0045662100456621,0,0.984202211690363,0.017515923566879,0.015220700152207,0.981481481481482,0.0185758513931889,0.987635239567233,0,0.0122137404580153,0,0,0.0168970814132104,0.986196319018405,0.0107197549770291,0.00153609831029186,0.0107361963190184,0.0109546165884194,0,0.985959438377535,0.0076103500761035,0,0.0138674884437596,0.0015748031496063,0.0138248847926267,0.0182926829268293,0.0138888888888889,0.0170807453416149,0.986342943854325,0.0139968895800933,0.0169491525423729,0.989096573208723,0.983024691358025,0.0112179487179487,0.982998454404946,0.0172143974960876,0.015527950310559,0.989345509893455,0.9953125,0.0138888888888889,0.982919254658385,0.00313479623824451,0.0172955974842767,0,0.0175718849840256,0.984423676012461,0.0137614678899083,0,0,0,0.0300632911392405,0.00465116279069767,0.0170278637770898,0.984126984126984,0.0138248847926267,0.00921658986175115,0.987730061349693,0,0.00473186119873817,0.981679389312977,0.0108527131782946,0.0015600624024961,0,0.0183767228177642,0.00153139356814701,0.0121951219512195,0.0124416796267496,0.982866043613707,0.0123839009287926,0.0109034267912773,0.00943396226415094,0.0142857142857143,0.98297213622291,0.0157977883096366,0,0.984472049689441,0.00315457413249211,0.0078125,0.00964630225080386,0.982649842271293,0.985645933014354,0.0108527131782946,0.009375,0,0.0139968895800933,0,0.0122137404580153,0.00158730158730159,0.0166919575113809,0.00159744408945687,0.0168711656441718,0.0141287284144427,0.00763358778625954,0.0182648401826484,0,0.0170278637770898,0,0.986068111455108,0.0141065830721003,0.0183767228177642,0.0124223602484472,0,0.987878787878788,0.0167682926829268,0.00636942675159236,0.0159489633173844,0.0185758513931889,0.0153609831029186,0.00447761194029851,0.0186625194401244,0,0.0167682926829268,0,0.0157977883096366,0.00464396284829721,0.984202211690363,0.0169230769230769,0.984520123839009,0.0108527131782946,0.0182926829268293,0,0.0154083204930663,0.0138248847926267,0.0119402985074627,0.0152439024390244,0,0.00455235204855842,0.0128617363344051,0.0093603744149766,0.00310077519379845,0,0.0156985871271586,0.0352760736196319,0.981981981981982,0.984544049459042,0.00316455696202532,0.98297213622291,0.0136363636363636,0.00301659125188537,0.0235849056603774,0.00920245398773006,0.013677811550152,0.0015600624024961,0.00766871165644172,0.00317460317460317,0.0156985871271586,0.0139751552795031,0.0122324159021407,0.982785602503912,0.0138036809815951,0.00158478605388273,0.0157728706624606,0,0,0.0123839009287926,0.0203442879499218,0.0166163141993958,0.0107692307692308,0.0200927357032458,0.0139318885448916,0.982998454404946,0,0.0107033639143731,0.014218009478673,0.98145285935085,0.0182648401826484,0.0151285930408472,0.014218009478673,0.0061633281972265,0.0139968895800933,0.0176848874598071,0.01875,0.984399375975039,0.0275229357798165,0.00309597523219814,0.0128205128205128,0,0.0136986301369863,0.0172413793103448,0.0170015455950541,0.0155038759689922,0.00921658986175115,0,0.0154798761609907,0.00765696784073507,0,0,0.00311526479750779,0,0.00315955766192733,0.00453172205438067,0,0,0,0.00755287009063444,0,0.0093603744149766,0.9858934169279,0,0.983180428134557,0.0015552099533437,0.0188679245283019,0.015527950310559,0.0110062893081761,0.984615384615385,0.010989010989011,0.0168970814132104,0.0078003120124805,0.00462962962962963,0.0062402496099844,0.00630914826498423,0.983333333333333,0.0171073094867807,0,0.00796178343949045,0.0138888888888889,0,0.010752688172043,0,0,0.0181268882175227,0.0193548387096774,0.0265625,0.980213089802131,0.0108359133126935,0.0251968503937008,0.986153846153846,0,0.0275650842266462,0.015552099533437,0.983383685800604,0,0,0.0141732283464567,0.0110935023771791,0,0.985849056603774,0.0186625194401244,0.0155763239875389,0.00900900900900901,0.00462249614791988,0.0108191653786708,0.0137404580152672,0,0.0169491525423729,0.0154083204930663,0,0.0153846153846154,0.0108864696734059,0.0126582278481013,0.0184331797235023,0.00157232704402516,0.00614439324116743,0.00309597523219814,0.0159489633173844,0.0128205128205128,0.961656441717791,0.0031055900621118,0.0171073094867807,0.00156494522691706,0.00148809523809524,0.0154798761609907,0.0207006369426752,0.0170278637770898,0.00947867298578199,0.0182648401826484,0.0046656298600311,0.0153609831029186,0.0186915887850467,0.984423676012461,0.00614439324116743,0.0110236220472441,0,0.962674961119751,0,0.0138248847926267,0.00154083204930663,0,0.983128834355828,0.00154559505409583,0.0124804992199688,0,0.0145395799676898,0.0138248847926267,0.0171606864274571,0.00317965023847377,0.00157728706624606,0.0141732283464567,0.00479233226837061,0.987673343605547,0.0125,0,0,0.00152439024390244,0.0143312101910828,0,0.984399375975039,0.0077639751552795,0,0,0.00925925925925926,0.013953488372093,0,0.0144694533762058,0.0186915887850467,0.981424148606811,0.0148809523809524,0,0.0153609831029186,0.0122887864823349,0.0142857142857143,0,0.0107197549770291,0,0.014018691588785,0.00934579439252336,0.0198170731707317,0.0185471406491499,0.015527950310559,0.00307692307692308,0.020440251572327,0.0166919575113809,0,0,0.016793893129771,0.0171339563862928,0,0.0168970814132104,0.0191693290734824,0.0123456790123457,0.0198776758409786,0.980891719745223,0,0.0200927357032458,0,0.981042654028436,0.0141065830721003,0.990536277602524,0,0.0168453292496172,0.0140625,0.993759750390016,0.015552099533437,0.00469483568075117,0.0173228346456693,0,0.0108359133126935,0.0157977883096366,0.003125,0.00772797527047913,0.0109375,0.984375,0.00155038759689922,0.0173775671406003,0.0139751552795031,0.0046583850931677,0.0168970814132104,0.0146818923327896,0,0.985981308411215,0.0186625194401244,0.0171606864274571,0.0109546165884194,0.0136986301369863,0,0.0189873417721519,0.00309597523219814,0.0163132137030995,0.990867579908676,0.0109546165884194,0.0063391442155309,0.00917431192660551,0.98125,0.00481540930979133,0.0139968895800933,0.0108527131782946,0.0030441400304414,0,0.984496124031008,0.98340874811463,0.0164179104477612,0.0166414523449319,0.984709480122324,0.0141509433962264,0.9828125,0.983308042488619,0.982649842271293,0.019047619047619,0.984709480122324,0.0144927536231884,0.00613496932515337,0.0106544901065449,0.0153139356814701,0.984447900466563,0.981279251170047,0.0153609831029186,0.0120300751879699,0.0138036809815951,0,0.987075928917609,0.0303030303030303,0.00770416024653313,0.0185185185185185,0.00766871165644172,0.00314465408805031,0.984520123839009,0.0166666666666667,0,0.0205047318611987,0,0.986046511627907,0,0,0.00635930047694754,0.0153609831029186,0.981566820276498,0.0136570561456753,0.0185185185185185,0.0170015455950541,0.984496124031008,0,0.0113085621970921,0,0.016793893129771,0.0167682926829268,0,0.0170807453416149,0.00307692307692308,0.0154083204930663,0,0.00159235668789809,0.012326656394453,0.98740157480315,0,0.0184615384615385,0,0.00783699059561128,0.0141732283464567,0.98159509202454,0.00150829562594268,0.0110935023771791,0.00311526479750779,0.0184615384615385,0,0,0.00657894736842105,0.0150829562594268,0.0121212121212121,0.0154083204930663,0.0126182965299685,0.985871271585557,0.0184899845916795,0,0.0172955974842767,0.00641025641025641,0,0.0184331797235023,0.0202492211838006,0.0186625194401244,0.00619195046439629,0.0124804992199688,0.00157232704402516,0.0015600624024961,0.0151975683890578,0.0218068535825545,0.983257229832572,0.982866043613707,0.0125984251968504,0.0159235668789809,0,0.015600624024961,0.0171073094867807,0.00306748466257669,0.0142630744849445,0.00778816199376947,0.028657616892911,0.983483483483483,0.015625,0.013953488372093,0.015600624024961,0.0170807453416149,0.985029940119761,0.00925925925925926,0.0126582278481013,0,0.00786163522012579,0.00155763239875389,0.0178571428571429,0.0112179487179487,0.0151057401812689,0,0.0174050632911392,0.02,0.0108191653786708,0.0145395799676898,0.021978021978022,0.0186625194401244,0.0166666666666667,0.987730061349693,0.0106221547799697,0.0046656298600311,0,0.00619195046439629,0.0171339563862928,0.0154559505409583,0.0154320987654321,0.763197586726998,0,0.98,0.0140845070422535,0,0,0,0.984399375975039,0.0172413793103448,0.0106870229007634,0.0152905198776758,0.0169491525423729,0,0,0.982116244411326,0.981366459627329,0.00157977883096367,0,0.00156739811912226,0.981308411214953,0,0.0185185185185185,0.558103975535168,0.0015600624024961,0.0156739811912226,0.015552099533437,0.0141287284144427,0.00902255639097744,0.00907715582450832,0.984662576687117,0.0177514792899408,0.0031055900621118,0.00463678516228748,0.0183206106870229,0.0137614678899083,0.00460829493087558,0.986153846153846,0.015600624024961,0.0151745068285281,0.9859375,0.0179640718562874,0,0.0143312101910828,0.00619195046439629,0.982704402515723,0.989197530864197,0.00323624595469256,0.0110062893081761,0,0,0.987616099071207,0.980830670926518,0.011887072808321,0,0.0178861788617886,0.0045662100456621,0.0198170731707317,0,0.00461538461538462,0.00311526479750779,0.018957345971564,0,0,0.9890625,0,0.981279251170047,0.0151285930408472,0.1552,0.0136363636363636,0,0.01875,0.981538461538462,0.00766871165644172,0.00946372239747634,0.0140405616224649,0.984251968503937,0.0184899845916795,0.984301412872841,0.0031496062992126,0.0170278637770898,0.987748851454824,0.0229709035222052,0.0141509433962264,0.00933125972006221,0.0126382306477093,0,0.984423676012461,0.0107361963190184,0,0.986301369863014,0.00763358778625954,0,0,0.0126182965299685,0.0159489633173844,0.0165912518853695,0.0200927357032458,0.015600624024961,0.984567901234568,0.0153846153846154,0.97869101978691,0.0199386503067485,0,0.0154559505409583,0.0126182965299685,0.0152905198776758,0.0169230769230769,0.911353032659409,0,0.0188976377952756,0.0122511485451761,0.0137614678899083,0.0154320987654321,0.013677811550152,0.0154798761609907,0.984567901234568,0.989312977099237,0.0149253731343284,0.984639016897081,0,0.981220657276995,0.0138461538461538,0,0.00157977883096367,0.00307219662058372,0.0127388535031847,0.984591679506934,0,0.0201238390092879,0.0138674884437596,0.0108359133126935,0.003003003003003,0.00148809523809524,0,0.00786163522012579,0,0,0.00308166409861325,0.00311526479750779,0.0153609831029186,0,0.981279251170047,0,0.016,0.0173228346456693,0.0336391437308868,0.00151515151515152,0.0109375,0.0182648401826484,0.0167682926829268,0.0192926045016077,0.0156494522691706,0.0173228346456693,0.0125786163522013,0.00155038759689922,0.00611620795107034,0.0184049079754601,0,0,0.0152905198776758,0.987730061349693,0.0181818181818182,0.013953488372093,0.9858934169279,0,0.981366459627329,0.0170278637770898,0.984051036682616,0.0201238390092879,0.0170542635658915,0,0.0139318885448916,0.0153846153846154,0.00483870967741936,0.00461538461538462,0.0284810126582278,0.983180428134557,0.982731554160126,0.0128617363344051,0.0103244837758112,0.0154320987654321,0.985007496251874,0.984756097560976,0,0.00152671755725191,0.00910470409711684,0.981366459627329,0.00154083204930663,0.984756097560976,0.0110236220472441,0.0173775671406003,0.0346456692913386,0.0015220700152207,0.981818181818182,0.00157232704402516,0.00462962962962963,0.0171339563862928,0.0136363636363636,0.0107361963190184,0,0.0176565008025682,0.8798751950078,0.0205047318611987,0.984126984126984,0.0151515151515152,0.990697674418605,0.0143312101910828,0,0.364779874213836,0.983024691358025,0.984177215189873,0.0106870229007634,0.0141732283464567,0.0215384615384615,0.0106221547799697,0,0,0.0108359133126935,0.0135542168674699,0.990353697749196,0,0.013953488372093,0.986384266263237,0.0158730158730159,0.0136157337367625,0,0.972222222222222,0,0.0151745068285281,0.00469483568075117,0,0,0,0.0126984126984127,0.00151515151515152,0.0171606864274571,0.981220657276995,0.0173775671406003,0.0169230769230769,0.988906497622821,0.983128834355828,0,0.984350547730829,0,0.0154083204930663,0.00783699059561128,0,0,0.0142405063291139,0.0186335403726708,0.00762195121951219,0.971342383107089,0,0.920255183413078,0.973684210526316,0.982892690513219,0.158139534883721,0,0,0.00462249614791988,0,0.9671875,0.958966565349544,0,0.972434915773354,0.988941548183254,0.941823899371069,0.971212121212121,0.96177370030581,0,0.963581183611533,0,0,0.970031545741325,0,0.920122887864823,0,0.0514820592823713,0,0
"43",0.00626959247648903,0.00618238021638331,0.00461538461538462,0.00157728706624606,0.00473186119873817,0.0048,0.0234741784037559,0.0062402496099844,0.00757575757575758,0.992125984251969,0.00617283950617284,0.996894409937888,0.0031496062992126,0.00634920634920635,0,0,0.992354740061162,0.986003110419907,0.00622083981337481,0.0062402496099844,0,0,0.00763358778625954,0.993865030674847,0.0031104199066874,0,0.0015600624024961,0.008,0.0015015015015015,0.0015552099533437,0,0,0.00317460317460317,0.00156494522691706,0.99388379204893,0.0062402496099844,0.974045801526718,0.00753012048192771,0.00149700598802395,0.00759878419452888,0.996875,0.987767584097859,1,0.0046583850931677,0.00481540930979133,0,0.00153374233128834,0,0.0045045045045045,0.00150602409638554,0.993836671802773,0.00618238021638331,0,0.00475435816164818,0.021671826625387,0,0.993558776167472,0.00632911392405063,0.0106544901065449,0.00151285930408472,0.00153374233128834,0.00153609831029186,0,0.993720565149137,0.00631911532385466,0.0060790273556231,0.99388379204893,0.00762195121951219,0.993836671802773,0,0.00153139356814701,0,0,0.0060882800608828,0.993865030674847,0.00309119010819165,0,0.00307219662058372,0.0063391442155309,0,0.993730407523511,0,0,0.00765696784073507,0.00153139356814701,0.00460122699386503,0.00619195046439629,0.00459418070444104,0.0106707317073171,0.998484848484849,0.00157728706624606,0.00462249614791988,0.995356037151703,0.995405819295559,0.00316455696202532,0.992248062015504,0.0216383307573416,0.00764525993883792,0.99537750385208,0.996946564885496,0.0154320987654321,0.993846153846154,0.00156739811912226,0.0063391442155309,0,0.00636942675159236,0.998435054773083,0.0108864696734059,0,0,0,0.0247678018575851,0.0015625,0.0062111801242236,0.995215311004785,0.00771604938271605,0.00153846153846154,0.99390243902439,0,0,0.993920972644377,0.00467289719626168,0.00154559505409583,0,0.00460829493087558,0,0.00304878048780488,0.00307692307692308,0.992307692307692,0.0124416796267496,0.00473186119873817,0.003125,0.0046801872074883,0.995440729483283,0.00797448165869218,0,0.993788819875776,0,0.0015625,0.012924071082391,0.993769470404984,0.995319812792512,0.0077639751552795,0.0046801872074883,0,0.00792393026941363,0,0.00460829493087558,0.0015748031496063,0.00303490136570561,0,0.00464396284829721,0.0063391442155309,0.0030441400304414,0.0046583850931677,0,0.00778816199376947,0,0.993874425727412,0.00626959247648903,0.012012012012012,0.00613496932515337,0,0.996937212863706,0.00618238021638331,0.0015748031496063,0.00635930047694754,0.0062015503875969,0.00618238021638331,0,0.00769230769230769,0,0.00458715596330275,0,0.00933125972006221,0.00151975683890578,0.992163009404389,0.00464396284829721,0.995356037151703,0.00308641975308642,0.00769230769230769,0,0.00460829493087558,0.00460122699386503,0.0045045045045045,0.00765696784073507,0,0.00150829562594268,0.00318471337579618,0.00471698113207547,0,0,0.00467289719626168,0.0323574730354391,0.99400299850075,0.993817619783617,0.00158227848101266,0.993846153846154,0.00451127819548872,0,0.0203761755485893,0.00306748466257669,0.0076103500761035,0.0015748031496063,0.00305343511450382,0.00157977883096367,0.00612557427258806,0.00627943485086342,0.00768049155145929,0.9921875,0.00460122699386503,0,0.00317460317460317,0,0,0.00766871165644172,0.00613496932515337,0.00757575757575758,0.00311526479750779,0.0062111801242236,0.00474683544303797,0.992150706436421,0,0.00302571860816944,0.0064,0.995412844036697,0.00763358778625954,0.00447093889716841,0.00927357032457496,0.00154798761609907,0.00784929356357928,0.00797448165869218,0.0248833592534992,0.995222929936306,0.0228658536585366,0,0.00485436893203883,0,0.00302571860816944,0.00630914826498423,0.00606060606060606,0.00619195046439629,0.00462962962962963,0,0.00464396284829721,0.0015527950310559,0,0,0.00154083204930663,0,0,0.00153846153846154,0,0,0,0.00303030303030303,0,0.00314465408805031,0.998412698412698,0,0.993808049535604,0.00471698113207547,0.00784929356357928,0.00469483568075117,0.00306748466257669,0.993948562783661,0.00482315112540193,0.00768049155145929,0.00155763239875389,0,0.00154083204930663,0.0031496062992126,0.998459167950693,0.00619195046439629,0,0,0.0046801872074883,0,0.0031201248049922,0,0,0.00764525993883792,0.00801282051282051,0.0220820189274448,0.992424242424242,0.00304878048780488,0.0263975155279503,0.992236024844721,0,0.0230414746543779,0.00778816199376947,0.993893129770992,0,0,0.00317460317460317,0.00315457413249211,0,0.993798449612403,0.021505376344086,0.00789889415481832,0.00459418070444104,0.00153609831029186,0.00313971742543171,0.00610687022900763,0,0.00606980273141123,0.00463678516228748,0,0.00463678516228748,0.00314465408805031,0.00788643533123028,0.00614439324116743,0,0.00299850074962519,0.00153139356814701,0.0078003120124805,0.00482315112540193,0.960244648318043,0,0.00630914826498423,0,0,0.0046583850931677,0.0077639751552795,0.00611620795107034,0.00156494522691706,0.00757575757575758,0,0.00455927051671732,0.00622083981337481,0.99375,0,0.0156985871271586,0,0.958652373660031,0,0.0031055900621118,0,0,0.992389649923896,0,0.00623052959501558,0,0.00488599348534202,0.00464396284829721,0.0046801872074883,0.0015625,0.00161290322580645,0.00311526479750779,0.0016260162601626,0.995419847328244,0.00460829493087558,0,0,0,0.0063391442155309,0,0.992319508448541,0.00151285930408472,0,0,0.00463678516228748,0.00625,0,0.00479233226837061,0.0046656298600311,0.992343032159265,0.00293255131964809,0,0.0075642965204236,0.00461538461538462,0.00630914826498423,0,0.00614439324116743,0,0.00770416024653313,0.00467289719626168,0.00615384615384615,0.00768049155145929,0.00778816199376947,0.00154798761609907,0.00789889415481832,0.00770416024653313,0,0.00153846153846154,0.00617283950617284,0.00768049155145929,0,0.0078003120124805,0.00638977635782748,0.00306748466257669,0.00768049155145929,0.99375,0,0.00769230769230769,0,0.993740219092332,0.003125,1,0,0.00604229607250755,0.0062111801242236,0.9984375,0.0155763239875389,0,0.00796178343949045,0,0.00314465408805031,0.00634920634920635,0.00157232704402516,0.0030441400304414,0.00464396284829721,0.995283018867924,0,0.0078003120124805,0.00463678516228748,0.00154083204930663,0.00619195046439629,0.00814332247557003,0,0.995412844036697,0.00766871165644172,0.0062402496099844,0.0046875,0.00307692307692308,0,0.010989010989011,0.00155763239875389,0.0164203612479475,0.998466257668712,0.00316957210776545,0.00153846153846154,0.00462962962962963,0.992319508448541,0.00156494522691706,0.00617283950617284,0.00154320987654321,0,0,0.993827160493827,0.995433789954338,0.00443131462333826,0.00451807228915663,0.99236641221374,0.003125,0.998420221169036,0.993975903614458,0.992012779552716,0.00786163522012579,0.99388379204893,0.00630914826498423,0.00609756097560976,0.00903614457831325,0.00769230769230769,0.993670886075949,0.993779160186625,0.00465116279069767,0.00296296296296296,0.0045662100456621,0,0.996815286624204,0.0303030303030303,0.00302571860816944,0.00775193798449612,0.00151515151515152,0.00155038759689922,0.995419847328244,0.00461538461538462,0,0.00623052959501558,0,0.995433789954338,0,0.00157728706624606,0,0.0061633281972265,0.993865030674847,0.00604229607250755,0.00613496932515337,0.00762195121951219,0.993779160186625,0,0.0048780487804878,0,0.00773993808049536,0.00303030303030303,0,0.0077639751552795,0.0015600624024961,0.00463678516228748,0,0.00318979266347687,0.0046801872074883,0.998439937597504,0,0.00463678516228748,0,0.00315955766192733,0.0125195618153365,0.993966817496229,0,0.00638977635782748,0.00154083204930663,0.00618238021638331,0,0,0,0.00455927051671732,0.00606980273141123,0.0078740157480315,0.00314465408805031,0.993759750390016,0.00614439324116743,0,0.00622083981337481,0.00635930047694754,0,0.00766871165644172,0.00783699059561128,0.00463678516228748,0.00153846153846154,0.00615384615384615,0,0,0.00622083981337481,0.021875,0.995419847328244,0.992175273865415,0.00467289719626168,0.0046875,0,0.00634920634920635,0.0062111801242236,0,0.0047244094488189,0.00158730158730159,0.0239520958083832,0.995454545454545,0.00469483568075117,0.0189873417721519,0.00612557427258806,0.00771604938271605,0.994011976047904,0.0046875,0.00470219435736677,0,0.00630914826498423,0,0.00589970501474926,0.00473186119873817,0.00446428571428571,0,0.00955414012738853,0.00766871165644172,0.00305343511450382,0.0205371248025276,0.0219092331768388,0.00765696784073507,0.00601503759398496,0.998468606431853,0.00308641975308642,0.00151975683890578,0,0.00463678516228748,0.0061633281972265,0.003125,0.00615384615384615,0.761760242792109,0,0.992424242424242,0.00618238021638331,0,0,0,0.995398773006135,0.00458015267175573,0.00154320987654321,0.00622083981337481,0.0060882800608828,0,0,0.992447129909366,0.992331288343558,0,0,0,0.993827160493827,0,0.00617283950617284,0.561643835616438,0.00154559505409583,0.00478468899521531,0.0122699386503067,0.00631911532385466,0.00459418070444104,0.00299850074962519,0.995412844036697,0.00589970501474926,0.00153609831029186,0.00154320987654321,0.0121951219512195,0.00611620795107034,0,0.995356037151703,0.00617283950617284,0.0060882800608828,0.993874425727412,0.00763358778625954,0,0.0048780487804878,0.00153609831029186,0.995327102803738,1,0.0016260162601626,0.0062111801242236,0,0,1,0.993558776167472,0.00301659125188537,0,0.00645161290322581,0.00151745068285281,0.00605143721633888,0,0.00155763239875389,0,0.0112,0,0,1,0,0.993788819875776,0.0075642965204236,0.145833333333333,0.00750750750750751,0,0.00635930047694754,0.992378048780488,0,0.00315955766192733,0.00613496932515337,0.993630573248408,0.00606980273141123,0.995341614906832,0,0.00613496932515337,0.993957703927492,0.0241691842900302,0.00470957613814757,0.00155038759689922,0.0047244094488189,0,0.992150706436421,0.0062015503875969,0,0.993984962406015,0.0015527950310559,0,0,0.00316455696202532,0.00625978090766823,0.00615384615384615,0.0110584518167457,0.00789889415481832,0.992150706436421,0.0062402496099844,0.987897125567322,0.0275229357798165,0,0.00614439324116743,0.00619195046439629,0.00600600600600601,0.00764525993883792,0.916279069767442,0,0.00486223662884927,0.00305810397553517,0.00455235204855842,0.00612557427258806,0.00451807228915663,0.00458715596330275,0.995356037151703,0.99388379204893,0.00747384155455904,0.993893129770992,0,0.992331288343558,0.00619195046439629,0,0.00158982511923688,0,0.00477707006369427,0.993710691823899,0,0.00772797527047913,0.00775193798449612,0.00153139356814701,0.0014792899408284,0,0,0.00159235668789809,0,0,0.0015527950310559,0,0.00458715596330275,0,0.992163009404389,0,0.0222222222222222,0.00628930817610063,0.0429447852760736,0.00148367952522255,0.00154320987654321,0.0122511485451761,0.0075642965204236,0.008,0.00474683544303797,0.00313479623824451,0.00470957613814757,0,0.00305810397553517,0.00772797527047913,0,0,0.00924499229583975,0.998475609756098,0.00758725341426404,0.00605143721633888,0.993710691823899,0,0.993788819875776,0.00465116279069767,0.995192307692308,0.00617283950617284,0.00619195046439629,0,0.00467289719626168,0.00766871165644172,0.00318471337579618,0.0015220700152207,0.0286168521462639,0.992378048780488,0.993779160186625,0.00318979266347687,0.00297619047619048,0.00460122699386503,0.992458521870287,0.992211838006231,0,0,0.00307692307692308,0.992295839753467,0,0.99537037037037,0.00315457413249211,0.00637958532695375,0.0313479623824451,0,0.992354740061162,0.00315457413249211,0.00155763239875389,0.00773993808049536,0.00302114803625378,0.00461538461538462,0,0.00632911392405063,0.88871473354232,0.0078740157480315,0.995245641838352,0.00749625187406297,0.998442367601246,0.00628930817610063,0,0.359177215189873,0.995391705069124,0.993740219092332,0.0062015503875969,0.00477707006369427,0.016793893129771,0.00153609831029186,0,0,0.00311526479750779,0.00609756097560976,0.995245641838352,0,0.00313479623824451,0.993827160493827,0.0078125,0.00306748466257669,0,0.969325153374233,0,0.00617283950617284,0.00155763239875389,0,0,0,0.00313971742543171,0.00151745068285281,0.00631911532385466,0.992354740061162,0.00634920634920635,0.00606980273141123,1,0.993710691823899,0,0.993808049535604,0,0.00460122699386503,0,0,0,0.00941915227629513,0.0126582278481013,0.00153609831029186,0.958778625954198,0,0.8992,0.970814132104455,0.995207667731629,0.149136577708006,0,0,0.0060882800608828,0,0.961119751166407,0.955589586523737,0,0.973846153846154,0.990461049284579,0.942901234567901,0.969650986342944,0.951713395638629,0,0.967642526964561,0,0,0.963434022257552,0,0.930408472012103,0,0.0490506329113924,0,0
"44",0.998376623376623,1,0.971608832807571,0.939641109298532,0.982229402261712,1,0.889064976228209,0.974603174603175,1,0,1,0,0.554848966613672,1,0.0448,0.00627943485086342,0,0.0143312101910828,0.996732026143791,0.9826224328594,0.15541601255887,0.037953795379538,0.989079563182527,0,0.964285714285714,0.246006389776358,0.108064516129032,0.99025974025974,0.463678516228748,0.684867394695788,0,0.692307692307692,0.768115942028985,0.304278922345483,0,1,0.018957345971564,0.996875,0.251920122887865,0.908668730650155,0.0016,0.014218009478673,0.0046583850931677,1,0.775777414075286,0.0228013029315961,0.510172143974961,0,0.468412942989214,0.138248847926267,0,0.995176848874598,0.266025641025641,1,0.879227053140097,0.16198347107438,0,0.977309562398703,0.956386292834891,0.899053627760252,0.289269051321928,0.431279620853081,0,0,0.913821138211382,0.828346456692913,0,0.988906497622821,0,0,0.864274570982839,0.00626959247648903,0.0159744408945687,1,0,0.710031347962382,0.040625,0.57667731629393,0.895666131621188,0.250417362270451,0,0.719626168224299,0.209375,0.998422712933754,0.114779874213836,0.90527950310559,0.996865203761755,0.967084639498433,0.968701095461659,0.0078003120124805,0.985507246376812,1,0,0,0.975922953451043,0,0.292527821939587,0.9826224328594,0.00792393026941363,0.00801282051282051,0.609872611464968,0,0.282258064516129,1,0.106750392464678,1,0.00637958532695375,0.977917981072555,0,0.00789889415481832,0.00784929356357928,0.907496012759171,0.3152,0.99198717948718,0,0.985714285714286,0.718068535825545,0,0,0.227564102564103,0,0.7696,0.24483306836248,0.0814332247557003,0.973312401883831,0.143759873617694,0.996875,0.9968,0,0.536741214057508,0.93312101910828,0.48936170212766,0.990353697749196,0,0.9967585089141,0.0231124807395994,0,0.207395498392283,0.628980891719745,0.51227495908347,0,0,0.979559748427673,0.7625,0.168576104746318,1,0.00481540930979133,0.923913043478261,0.398042414355628,0.978021978021978,0.138314785373609,0.984227129337539,1,0.841940532081377,0.995245641838352,0,1,0,0,0.749201277955272,0.87211093990755,0.985849056603774,0.0173501577287066,0,1,0.449346405228758,1,1,1,0.2953125,0.979655712050078,0,0.947772657450077,0,0.902711323763955,0.358372456964006,0,0.987321711568938,0,0.8421875,1,0.118022328548644,0.984472049689441,0.952229299363057,0.993808049535604,0.976671850699845,0.0971786833855799,0.361635220125786,0.920792079207921,0.93900481540931,0.048,0.00625978090766823,0.980861244019139,0.86031746031746,0,0,0.286644951140065,0.00158227848101266,1,0.244929797191888,0.871589085072231,0.756671899529042,0.989230769230769,0.434022257551669,0.434375,0.282958199356913,0.914149443561208,0.963141025641026,0.882995319812793,0,0.897798742138365,0.170454545454545,0.9424,0,0.0699844479004666,0.531001589825119,0.97275641025641,0.9765625,0.832012678288431,0.998432601880878,0.887301587301587,0,0.0721003134796238,0.664596273291925,0.995215311004785,0,0.992175273865415,0.978494623655914,0.541471048513302,0.543859649122807,0.990521327014218,1,0.356564019448947,0,0.886503067484663,0.523424878836834,0.970345963756178,0,0.956589147286822,0.99837925445705,1,0.947030497592295,0.533541341653666,0,0.969745222929936,0.530063291139241,0.00308641975308642,0,0.2064,0,0.1456,0.661514683153014,0,0.00310077519379845,0.0109204368174727,0.582298136645963,0.0446570972886762,0.987158908507223,0.00644122383252818,0,0,0.230894308943089,1,0.980982567353407,0.901587301587302,0,0.878688524590164,0.863849765258216,0.698564593301435,0.607936507936508,0.436908517350158,0.456026058631922,0.00789889415481832,1,0.0987460815047022,0.706362153344209,0.961414790996785,0.0124416796267496,0.742811501597444,0,0.125796178343949,1,1,0.892857142857143,0,0.634645669291339,0.889423076923077,0,0,0.893682588597843,0.980982567353407,0,0.0015600624024961,0.0015748031496063,0.982200647249191,0.883116883116883,0,0,0.374009508716323,0.990306946688207,0.794670846394984,0.373205741626794,0.654895666131621,0.960876369327074,0.00941915227629513,1,1,0.00644122383252818,0.970172684458399,1,0.977309562398703,0.996860282574568,0.178060413354531,0.312111801242236,0.287284144427002,0.9744,0.938311688311688,0.0517241379310345,0.2688,0.971107544141252,0.147104851330203,0.314589665653495,0.993740219092332,0.998417721518987,0.968051118210863,0.695723684210526,0.998447204968944,0.25,0.961844197138315,0.996835443037975,0,0.3198127925117,0.536231884057971,0.017515923566879,0.0551181102362205,0.00768049155145929,0.90251572327044,0.0296875,0,0,0.21608832807571,0.991896272285251,0.0721153846153846,0.98671096345515,0.970967741935484,0.987220447284345,0.278582930756844,0.279674796747967,0.673667205169628,0.441666666666667,0,0.814285714285714,0.0108864696734059,0.0388198757763975,0.19175911251981,1,0.0016,0,0.330203442879499,0.0110410094637224,0.0209339774557166,0.466346153846154,1,0.273905996758509,1,0.968354430379747,0,0.990909090909091,0,1,0.823343848580442,1,0.012779552715655,0.982785602503912,0,0.88783570300158,0.714518760195759,0.953271028037383,0.985781990521327,0.998415213946117,0.283676703645008,0.960848287112561,1,0,0.0238095238095238,1,1,0.307210031347962,0.880248833592535,0.964110929853181,0.952380952380952,1,0,0.110378912685338,1,0.0016025641025641,0,0.964856230031949,0.00643086816720257,0.0441640378548896,1,0.96969696969697,0.00482315112540193,0.621621621621622,0.407704654895666,0.982084690553746,0.00162337662337662,0.867954911433172,0.998381877022654,0.3712,0.591482649842271,0.794258373205742,0,0.159489633173844,0.977049180327869,1,0.436708860759494,1,0.971428571428571,0.0270700636942675,0.00158227848101266,0.9858934169279,0.995169082125604,0.944620253164557,0.694488188976378,0.00794912559618442,0.870253164556962,0.219589257503949,0.17056856187291,0.00473186119873817,0.623987034035656,0.613526570048309,0.614420062695925,0,0.275080906148867,0.910094637223975,0.646129541864139,0.51033386327504,0.0737327188940092,0,0,1,0.976415094339623,0,0.924920127795527,0.00646203554119548,0,0,0.998402555910543,0,1,0.759873617693523,0.525190839694657,1,0,0,0.996884735202492,0.963076923076923,0.712264150943396,0,0.00162866449511401,0.875389408099688,0.592476489028213,1,0.529503105590062,0.336,0,0.979750778816199,0,0.953968253968254,0.0890625,0,0.009375,0.117073170731707,0.466115702479339,0.973058637083994,0,0.949308755760369,0.974683544303797,1,0,0.0747967479674797,0.932773109243697,0.00165016501650165,1,1,0.00634920634920635,1,0.287758346581876,0.801901743264659,0.0095389507154213,0.166936790923825,0.964458804523425,0.00641025641025641,0,0.972136222910217,0.00655737704918033,0.65139116202946,0.4,0,0.10952380952381,0.737864077669903,0.251980982567353,0.97741935483871,0,0.140625,0.450081833060556,0.946564885496183,0.886645962732919,0.956730769230769,0.7491961414791,0,0.98297213622291,0,0.968602825745683,0.38752052545156,0,1,1,1,0.630990415335463,0.984202211690363,0.12379421221865,0.192,0.944620253164557,0.877165354330709,0,0,0.990430622009569,0.93030794165316,0.016025641025641,0.980738362760835,0.990595611285266,0.353407290015848,0.925324675324675,0.736842105263158,0.884735202492212,0,0.963607594936709,0.328478964401294,1,1,0,0.649038461538462,0.972491909385113,0,0.691056910569106,0.371248025276461,0.798780487804878,0.691437802907916,0.950540958268934,0.0874233128834356,0.980676328502415,1,0.977777777777778,0.296296296296296,0.0936995153473344,0.993680884676145,1,0.00626959247648903,0.79047619047619,0.449920508744038,0.2484375,0.778996865203762,1,0.873990306946688,1,0.132283464566929,0,0,0.829307568438003,0.0032,0,0.263074484944533,0,0.990521327014218,0.912140575079872,1,0.995238095238095,0.0830670926517572,0,0,0,0.165302782324059,0.0737179487179487,0.158878504672897,0,0,1,0.0109546165884194,0.291866028708134,1,0.583860759493671,0.97588424437299,0.659969088098918,0.63482280431433,0,1,0.394184168012924,0.495238095238095,0.923676012461059,0.987596899224806,0.396899224806202,0.00784929356357928,0.955414012738854,0.95679012345679,0,0.968798751950078,0.0171875,0.985172981878089,0.425396825396825,0,0.00635930047694754,0.501655629139073,0.847512038523275,0,0.127625201938611,0.00796178343949045,0.00165562913907285,0.749618320610687,0.025518341307815,1,0.312893081761006,0.992272024729521,0,0.393700787401575,0.327922077922078,0.871335504885994,0.0913539967373573,0.00471698113207547,0.00156985871271586,0.0418006430868167,0,0.993769470404984,0.0431309904153355,0.980182926829268,0.00483870967741936,1,0,0.504702194357367,0.452648475120385,1,0,1,0,0.397394136807818,0.987538940809969,0,0.640062597809077,0.976152623211447,0.742448330683625,0.950320512820513,0.0385208012326656,0,1,0.264331210191083,0,0.697965571205008,0,0.0173228346456693,1,1,0.992199687987519,0.971337579617834,0.983922829581994,0,0.978056426332288,0.0141955835962145,0.334379905808477,0.275752773375594,0.995297805642633,0.993730407523511,0.995305164319249,0.995341614906832,0.0602218700475436,0.0144,0.983792544570502,0.961844197138315,0.712715855572998,0.981191222570533,1,0.971653543307087,0,0,0.981762917933131,0,0.0647709320695103,0,0.9546875,0.273026315789474,0.192868719611021,0.120879120879121,0.923824959481361,0,0.0990566037735849,1,1,0.636075949367089,0.412213740458015,0.210445468509985,0.176470588235294,0.646203554119548,0,0.1287284144427,0.537480063795853,0.257503949447077,0.705972434915773,0.0093167701863354,0,0,0.312903225806452,1,0.613312202852615,0.22015503875969,0.621835443037975,0.878740157480315,0.990668740279938,0.962662337662338,0.975530179445351,1,0.998410174880763,0.540752351097179,0.409810126582278,0.998417721518987,0.00303030303030303,0.0109717868338558,0.871835443037975,0.0077639751552795,1,0.973805855161787,0,0.0992,0,0.949367088607595,0,0.973520249221184,1,0.00470219435736677,0.829073482428115,1,0.646964856230032,0.615264797507788,0.873376623376623,0,0,0.925864909390445,0.945205479452055,0.987361769352291,0,0,0,0.233542319749216,0.489827856025039,0,0.44391785150079,0,0.925742574257426,1,0.16,0.240126382306477,0,0.33387358184765,0.585443037974684,0.869009584664537,0.962848297213622,0.764890282131661,0,0.985294117647059,0.0177705977382876,1,0,0.98,0.0046875,1,0.0174050632911392,0.0130932896890344,0,0,0.823809523809524,0.920711974110032,0.933014354066986,0.725705329153605,0.0278207109737249,0.00491803278688525,0.8272,0.834115805946792,0,0.0160513643659711,0.974151857835218,0,0.988524590163934,0.952904238618524,0.0642633228840125,0.0423861852433281,0.00318979266347687,1,0.457516339869281,0.0777777777777778,0.0970394736842105,0.109717868338558,0.691318327974277,0.0979462875197472,1,0,0.766025641025641,0.982839313572543,0.00161030595813205,0,0,0,0,1,0.720516962843296,0,0,0.5424,0.957723577235772,0.434439178515008,0.0514018691588785,0.00163398692810458,0.0573770491803279,0.0191082802547771,0,0.0353697749196141,0.00618238021638331,0.00162074554294976,0.0110062893081761,0,0.0545746388443018,0.0580847723704867,0.0142405063291139,0.0193236714975845,0.00488599348534202,0.027027027027027,0.0251177394034537,0.062111801242236,0.00483870967741936,0.021978021978022,0,0.00159489633173844,0.0483870967741935,0.00635930047694754,0.0279937791601866,0,0.033175355450237,0.0015527950310559,0.00159235668789809
"45",0.788429752066116,0.782747603833866,0.797124600638978,0.799019607843137,0.787728026533997,0.78441127694859,0.76759410801964,0.800963081861958,0.7776,0,0.775974025974026,0,0.63961038961039,0.783112582781457,0.258426966292135,0.2416,0,0.0114192495921697,0.767710049423394,0.771474878444084,0.377633711507293,0.251689189189189,0.787974683544304,0,0.7712,0.415584415584416,0.305331179321486,0.788778877887789,0.585443037974684,0.690938511326861,0.226114649681529,0.741518578352181,0.739344262295082,0.434022257551669,0,0.780487804878049,0.018957345971564,0.770334928229665,0.464788732394366,0.746434231378764,0.00163398692810458,0.0112,0.00481540930979133,0.775777414075286,1,0.248344370860927,0.618122977346278,0.20545746388443,0.670886075949367,0.344391785150079,0,0.78525641025641,0.475649350649351,0.761513157894737,0.777219430485762,0.368595041322314,0,0.779552715654952,0.784,0.804724409448819,0.436102236421725,0.568037974683544,0.220032840722496,0,0.75487012987013,0.722132471728595,0,0.780487804878049,0,0.233443708609272,0.754330708661417,0.22258064516129,0.243464052287582,0.781102362204724,0,0.723270440251572,0.262910798122066,0.643659711075441,0.791190864600326,0.44957264957265,0,0.798076923076923,0.394230769230769,0.776190476190476,0.329635499207607,0.888188976377953,0.768115942028985,0.789473684210526,0.781645569620253,0.00473186119873817,0.765751211631664,0.778662420382166,0,0,0.770247933884298,0,0.4624,0.792937399678973,0.00480769230769231,0.00656814449917898,0.664526484751204,0,0.469354838709677,0.781967213114754,0.311320754716981,0.783828382838284,0.00647249190938511,0.7888,0.229641693811075,0.230769230769231,0.236883942766296,0.772357723577236,0.476947535771065,0.781045751633987,0,0.789983844911147,0.771704180064309,0,0.221337579617834,0.409836065573771,0,0.744849445324881,0.445337620578778,0.286423841059603,0.797077922077922,0.344497607655502,0.778662420382166,0.788025889967638,0,0.647727272727273,0.845161290322581,0.54726368159204,0.792358803986711,0,0.774957698815567,0.242138364779874,0,0.415156507413509,0.675806451612903,0.618032786885246,0,0,0.775777414075286,0.725677830940989,0.35738255033557,0.783034257748777,0.223491027732463,0.833602584814216,0.534959349593496,0.797788309636651,0.327242524916944,0.773095623987034,0.783112582781457,0.722488038277512,0.77741935483871,0.201986754966887,0.774193548387097,0.207455429497569,0,0.715686274509804,0.786283891547049,0.790322580645161,0.235668789808917,0,0.784591194968553,0.672158154859967,0.775747508305648,0.781906300484653,0.787539936102236,0.422047244094488,0.77724358974359,0.230519480519481,0.779342723004695,0.2203125,0.790163934426229,0.519292604501608,0,0.772946859903382,0,0.743961352657005,0.772292993630573,0.308441558441558,0.778846153846154,0.774557165861514,0.768867924528302,0.766666666666667,0.3104,0.521060842433697,0.865695792880259,0.781666666666667,0.276872964169381,0.225396825396825,0.782679738562091,0.773015873015873,0,0,0.493485342019544,0.0016025641025641,0.775477707006369,0.445151033386327,0.766339869281046,0.705511811023622,0.79454253611557,0.582113821138211,0.526729559748428,0.5,0.752039151712887,0.75609756097561,0.794830371567044,0,0.758785942492013,0.393388429752066,0.779605263157895,0.228525121555916,0.3008,0.619902120717781,0.791190864600326,0.783094098883573,0.779935275080906,0.775444264943457,0.75487012987013,0,0.290996784565916,0.703001579778831,0.776490066225166,0,0.772357723577236,0.782472613458529,0.652173913043478,0.594202898550725,0.773095623987034,0.784539473684211,0.531147540983607,0,0.767145135566188,0.621359223300971,0.797678275290216,0.223101265822785,0.786271450858034,0.782752902155887,0.777777777777778,0.795454545454545,0.698738170347003,0.22824302134647,0.815235008103728,0.630573248407643,0.222748815165877,0.227488151658768,0.36260162601626,0.210272873194221,0.346026490066225,0.713831478537361,0.229132569558101,0.226114649681529,0.220257234726688,0.677777777777778,0.257425742574257,0.802287581699346,0.00657894736842105,0.20873786407767,0,0.426470588235294,0.789297658862876,0.778140293637847,0.800970873786408,0,0.787021630615641,0.734177215189873,0.75,0.674230145867099,0.566068515497553,0.510534846029173,0.00802568218298555,0.77175697865353,0.303858520900322,0.756622516556291,0.81342062193126,0.234920634920635,0.738709677419355,0.222764227642276,0.336025848142165,0.791732909379968,0.780889621087315,0.784641068447412,0,0.694620253164557,0.756843800322061,0,0.227987421383648,0.780907668231612,0.794117647058823,0,0.228155339805825,0.222222222222222,0.787479406919275,0.798013245033113,0.223509933774834,0,0.541139240506329,0.784893267651888,0.793427230046948,0.52,0.718954248366013,0.773015873015873,0.227786752827141,0.78125,0.782467532467532,0.222940226171244,0.782258064516129,0.785483870967742,0.78125,0.768860353130016,0.38599348534202,0.529126213592233,0.490196078431373,0.79344262295082,0.759197324414716,0.0405186385737439,0.43163097199341,0.798722044728435,0.356230031948882,0.452566096423017,0.795786061588331,0.77258064516129,0.781553398058252,0.697712418300654,0.767295597484277,0.418032786885246,0.80952380952381,0.782467532467532,0,0.55748031496063,0.632450331125828,0.232633279483037,0.0415335463258786,0.227344992050874,0.752411575562701,0.241987179487179,0.225239616613419,0,0.446808510638298,0.78052805280528,0.29073482428115,0.7834179357022,0.824193548387097,0.791190864600326,0.4768,0.484033613445378,0.675806451612903,0.548494983277592,0,0.737520128824477,0.226917057902973,0.247191011235955,0.416932907348243,0.776490066225166,0.216346153846154,0,0.57395498392283,0.226837060702875,0.232172470978441,0.577741407528642,0.771844660194175,0.461157024793388,0.77834179357022,0.754746835443038,0,0.782071097372488,0.222575516693164,0.774244833068362,0.736757624398074,0.774789915966387,0.232899022801303,0.782539682539683,0.210696920583468,0.732463295269168,0.860197368421053,0.763866877971474,0.797427652733119,0.77741935483871,0.481717011128776,0.77741935483871,0.776545166402536,0.215654952076677,0.226171243941842,0.775609756097561,0.773828756058158,0.487883683360259,0.730081300813008,0.783606557377049,0.792604501607717,0.770334928229665,0,0.311148086522463,0.785826771653543,0.220779220779221,0,0.798045602605863,0.00496688741721854,0.25487012987013,0.779904306220096,0.80064308681672,0.00325732899022801,0.682926829268293,0.55810147299509,0.785478547854785,0.20327868852459,0.739703459637562,0.76126878130217,0.535073409461664,0.698083067092652,0.8578352180937,0,0.366174055829228,0.796694214876033,0.7776,0.582651391162029,0.780645161290323,0.784615384615385,0.2491961414791,0,0.775862068965517,0.779578606158833,0.788368336025848,0.681020733652313,0.211129296235679,0.780687397708674,0.417721518987342,0.365646258503401,0.00318471337579618,0.635467980295567,0.66557911908646,0.812995245641838,0,0.454394693200663,0.801282051282051,0.661835748792271,0.609872611464968,0.288854003139717,0,0,0.78416149068323,0.762870514820593,0,0.80064829821718,0.0048780487804878,0,0,0.781553398058252,0,0.787928221859706,0.73482428115016,0.625592417061611,0.773015873015873,0,0,0.776699029126214,0.769592476489028,0.70952380952381,0.229067930489731,0,0.767885532591415,0.6912,0.784440842787682,0.630818619582664,0.514802631578947,0,0.768488745980707,0.220735785953177,0.818476499189627,0.28780487804878,0,0.225396825396825,0.32843137254902,0.547738693467337,0.7792,0,0.836220472440945,0.805152979066023,0.790243902439024,0,0.288778877887789,0.732323232323232,0.214285714285714,0.773311897106109,0.781499202551834,0.231017770597738,0.77724358974359,0.487883683360259,0.760765550239234,0.229132569558101,0.371100164203612,0.776190476190476,0.00485436893203883,0.216612377850163,0.804451510333863,0.226072607260726,0.691419141914191,0.519480519480519,0,0.3216,0.699499165275459,0.449275362318841,0.76555023923445,0.23202614379085,0.347619047619048,0.518581081081081,0.795918367346939,0.791139240506329,0.784440842787682,0.709836065573771,0,0.7792,0.227488151658768,0.761674718196457,0.548760330578512,0.221518987341772,0.770700636942675,0.786061588330632,0.765957446808511,0.690048939641109,0.784440842787682,0.329563812600969,0.402662229617304,0.794912559618442,0.773095623987034,0,0,0.778333333333333,0.80794701986755,0.237147595356551,0.807565789473684,0.783171521035599,0.549363057324841,0.812807881773399,0.706451612903226,0.758730158730159,0,0.783521809369952,0.490131578947368,0.779904306220096,0.778675282714055,0,0.661211129296236,0.809446254071661,0.211726384364821,0.684640522875817,0.515248796147673,0.721362229102167,0.86088379705401,0.77115987460815,0.296529968454259,0.79,0.771065182829889,0.802610114192496,0.485099337748344,0.315447154471545,0.778501628664495,0.783783783783784,0.00318979266347687,0.733652312599681,0.560702875399361,0.436893203883495,0.797716150081566,0.774877650897227,0.730392156862745,0.770334928229665,0.145339652448657,0.218487394957983,0,0.768608414239482,0.220032840722496,0.200652528548124,0.459459459459459,0,0.789644012944984,0.778309409888357,0.778481012658228,0.776714513556619,0.307438016528926,0.226384364820847,0,0,0.379310344827586,0.276872964169381,0.36318407960199,0,0.220257234726688,0.758842443729904,0.113782051282051,0.477124183006536,0.79050736497545,0.6645056726094,0.769354838709677,0.868167202572347,0.952830188679245,0,0.780864197530864,0.548172757475083,0.617405582922824,0.794348508634223,0.783783783783784,0.637820512820513,0.00320512820512821,0.836867862969005,0.812006319115324,0,0.785046728971963,0.2272,0.780984719864177,0.500805152979066,0,0.00480769230769231,0.655,0.838709677419355,0.215434083601286,0.365609348914858,0.00648298217179903,0.00167224080267559,0.7,0.238172920065253,0.780033840947547,0.487381703470032,0.783570300157978,0.222748815165877,0.503225806451613,0.483443708609272,0.787375415282392,0.312080536912752,0.225396825396825,0.00160771704180064,0.251623376623377,0,0.784,0.224625623960067,0.796875,0.224755700325733,0.777227722772277,0,0.606060606060606,0.575609756097561,0.766721044045677,0,0.776545166402536,0,0.543801652892562,0.789983844911147,0,0.687702265372168,0.78921568627451,0.743548387096774,0.80623973727422,0.257861635220126,0,0.777059773828756,0.423645320197044,0,0.735668789808917,0.205287713841369,0.233176838810642,0.779069767441861,0.78125,0.786499215070644,0.77741935483871,0.791666666666667,0,0.767100977198697,0.0144927536231884,0.50788643533123,0.448387096774194,0.77741935483871,0.776527331189711,0.784929356357928,0.776714513556619,0.05103668261563,0.225859247135843,0.779089376053963,0.758064516129032,0.685126582278481,0.762439807383628,0.769968051118211,0.811501597444089,0,0,0.770769230769231,0,0.2848,0,0.801612903225806,0.426666666666667,0.40625,0.322528363047002,0.755301794453507,0,0.306089743589744,0.779904306220096,0.784810126582278,0.838815789473684,0.57007874015748,0.400936037441498,0.381102362204724,0.681962025316456,0.210272873194221,0.306962025316456,0.65905383360522,0.411382113821138,0.689763779527559,0.221854304635762,0,0.217948717948718,0.491776315789474,0.777777777777778,0.65112540192926,0.419713831478537,0.659270998415214,0.784810126582278,0.769352290679305,0.8003300330033,0.788429752066116,0.794019933554817,0.772131147540984,0.617363344051447,0.576,0.777955271565495,0.229430379746835,0.228209191759113,0.79047619047619,0.00782472613458529,0.778309409888357,0.759170653907496,0,0.316139767054908,0,0.780130293159609,0,0.79304897314376,0.792332268370607,0.2208,0.762520193861066,0.769108280254777,0.71869918699187,0.692675159235669,0.763636363636364,0,0,0.777777777777778,0.800618238021638,0.805422647527911,0,0,0.22,0.403815580286169,0.539967373572594,0,0.5718901453958,0,0.821138211382114,0.79050736497545,0.353896103896104,0.407290015847861,0,0.535073409461664,0.641479099678457,0.7328,0.80564263322884,0.782113821138211,0.225961538461538,0.781758957654723,0.0392156862745098,0.76797385620915,0,0.794071762870515,0.00323101777059774,0.773333333333333,0.233660130718954,0.156351791530945,0,0,0.752427184466019,0.748366013071895,0.793650793650794,0.656050955414013,0.254658385093168,0.231527093596059,0.745192307692308,0.735340729001585,0,0.228758169934641,0.764135702746365,0,0.783606557377049,0.804724409448819,0.277955271565495,0.0308441558441558,0.221324717285945,0.780096308186196,0.553571428571429,0.27823240589198,0.303630363036304,0.318840579710145,0.706953642384106,0.298555377207063,0.78052805280528,0,0.72168284789644,0.768621236133122,0.00163132137030995,0,0.223270440251572,0,0.221498371335505,0.773885350318471,0.716193656093489,0.218905472636816,0.221859706362153,0.636963696369637,0.795751633986928,0.56984126984127,0.0397456279809221,0.234295415959253,0.0695364238410596,0.0192616372391653,0,0.226600985221675,0.225505443234837,0.217675941080196,0.240829346092504,0.224489795918367,0.0392798690671031,0.0434083601286174,0.238019169329073,0.0196399345335516,0.0066334991708126,0.0414673046251994,0.0272435897435897,0.0466237942122186,0.221674876847291,0.0258064516129032,0.230252100840336,0.228155339805825,0.0279605263157895,0.227848101265823,0.0393700787401575,0.225806451612903,0.231884057971014,0.225,0.225283630470016
"46",0.0229508196721311,0.0192,0.0538461538461538,0.0856219709208401,0.0423452768729642,0.0229508196721311,0.121163166397415,0.0511182108626198,0.0248062015503876,0,0.024,0,0.456556082148499,0.0222929936305732,0.945945945945946,0.980891719745223,0,0.00159744408945687,0.0194805194805195,0.0427215189873418,0.842607313195548,0.960975609756098,0.0349761526232114,0,0.0624,0.751211631663974,0.882636655948553,0.0343698854337152,0.553990610328638,0.32755905511811,0.978294573643411,0.328025477707006,0.265238879736409,0.726688102893891,0,0.0178861788617886,0.00793650793650794,0.0221518987341772,0.759630200308166,0.119496855345912,0,0,0,0.0228013029315961,0.248344370860927,1,0.516025641025641,0.975961538461538,0.559561128526646,0.849612403100775,0,0.0257234726688103,0.736421725239617,0.0206349206349206,0.1312,0.891268533772652,0,0.0422764227642276,0.0669781931464174,0.118589743589744,0.722929936305732,0.598086124401914,0.979166666666667,0,0.132786885245902,0.201892744479495,0,0.0318471337579618,0,0.978998384491115,0.168503937007874,0.979527559055118,0.966929133858268,0.020440251572327,0,0.319182389937107,0.943661971830986,0.455414012738854,0.120065789473684,0.758333333333333,0,0.320373250388802,0.809220985691574,0.0251968503937008,0.874213836477987,0.109375,0.025,0.0618066561014263,0.0496124031007752,0,0.0352564102564103,0.0204081632653061,0,0,0.0426229508196721,0,0.704944178628389,0.0412044374009509,0,0,0.394904458598726,0,0.727707006369427,0.0162337662337662,0.904024767801858,0.0245098039215686,0,0.0432692307692308,0.977635782747604,0.987220447284345,0.9728,0.111287758346582,0.68370607028754,0.0316957210776545,0,0.0411392405063291,0.310618066561014,0,0.979719188767551,0.792332268370607,0,0.266982622432859,0.761453396524487,0.915857605177994,0.0512,0.844690966719493,0.0252764612954186,0.026984126984127,0,0.468253968253968,0.0964630225080386,0.540322580645161,0.0339805825242718,0,0.0256,0.964285714285714,0,0.791599353796446,0.400641025641026,0.494271685761047,0,0,0.0440251572327044,0.259842519685039,0.843548387096774,0.0255591054313099,0.966772151898734,0.0944,0.617977528089888,0.0405616224648986,0.874794069192751,0.0349206349206349,0.0209339774557166,0.185826771653543,0.0204724409448819,0.978896103896104,0.0253968253968254,0.978964401294498,0,0.285024154589372,0.153488372093023,0.0442338072669826,0.973354231974922,0,0.0217729393468118,0.555194805194805,0.0247524752475248,0.0238473767885533,0.0220125786163522,0.721698113207547,0.0456692913385827,0.977491961414791,0.0704225352112676,0.978260869565217,0.129392971246006,0.65149136577708,0,0.0352564102564103,0,0.159744408945687,0.0241545893719807,0.869565217391304,0.0394321766561514,0.0727848101265823,0.0306748466257669,0.0502354788069074,0.944620253164557,0.64251968503937,0.0998363338788871,0.0831973898858075,0.929936305732484,0.981072555205047,0.0475435816164818,0.150078988941548,0,0,0.7232,0,0.0171073094867807,0.76875,0.133440514469453,0.257097791798107,0.029874213836478,0.591869918699187,0.581761006289308,0.72463768115942,0.106180665610143,0.05229793977813,0.145736434108527,0,0.13237639553429,0.84297520661157,0.0861244019138756,0.977848101265823,0.922018348623853,0.482428115015974,0.0353697749196141,0.0386996904024768,0.205834683954619,0.0190779014308426,0.133858267716535,0,0.9216,0.359013867488444,0.0288,0,0.0260736196319018,0.0417310664605873,0.460567823343849,0.484076433121019,0.0304975922953451,0.0231788079470199,0.638535031847134,0,0.12755905511811,0.505636070853462,0.0530546623794212,0.974803149606299,0.0657492354740061,0.0225806451612903,0.0207336523125997,0.0711974110032362,0.486068111455108,0.977564102564103,0.0511182108626198,0.489827856025039,0.973684210526316,0.978056426332288,0.811594202898551,0.987421383647799,0.850961538461538,0.343701399688958,0.981102362204724,0.978294573643411,0.979495268138801,0.433903576982893,0.939344262295082,0.0372168284789644,0,0.979430379746835,0,0.780844155844156,0.0211038961038961,0.0444444444444444,0.11496062992126,0,0.158154859967051,0.1671875,0.3296,0.41838351822504,0.5648,0.564102564102564,0,0.0243506493506494,0.910969793322735,0.323529411764706,0.0570962479608483,0.976340694006309,0.268680445151033,0.976152623211447,0.895734597156398,0.0215384615384615,0.0266222961730449,0.119281045751634,0,0.368916797488226,0.127388535031847,0,0.979655712050078,0.1109375,0.0416,0,0.982677165354331,0.978090766823161,0.0420032310177706,0.141479099678457,0.978723404255319,0,0.619651347068146,0.032520325203252,0.247278382581649,0.634340222575517,0.375201288244767,0.0570522979397781,0.971428571428571,0.0231839258114374,0.0221169036334913,0.975450081833061,0.0599369085173502,0.0240384615384615,0.0484652665589661,0.0188087774294671,0.832268370607029,0.689274447949527,0.733858267716535,0.0469255663430421,0.0789473684210526,0.00313479623824451,0.769726247987118,0.0559105431309904,0.847723704866562,0.726006191950464,0.0265210608424337,0.0192616372391653,0.0568720379146919,0.334426229508197,0.0200617283950617,0.793214862681745,0.0590111642743222,0.0226171243941842,0,0.684292379471229,0.460162601626016,1,0.00156985871271586,0.96937212863706,0.110584518167457,0.959247648902821,0.981102362204724,0,0.797770700636943,0.0340909090909091,0.907496012759171,0.0387722132471729,0.056,0.0309446254071661,0.72463768115942,0.725040916530278,0.356913183279743,0.566284779050736,0,0.20952380952381,0.97007874015748,0.950233281493002,0.816901408450704,0.0212418300653595,0.982484076433121,0,0.678855325914149,0.978159126365055,0.958532695374801,0.539936102236422,0.0222575516693164,0.760586319218241,0.0196078431372549,0.0481540930979133,0,0.0287009063444109,0.977777777777778,0.0230769230769231,0.195826645264847,0.0226537216828479,0.96474358974359,0.0440251572327044,0.976038338658147,0.140575079872204,0.303921568627451,0.0843949044585987,0.0349206349206349,0.020440251572327,0.724409448818898,0.064873417721519,0.021505376344086,0.976887519260401,0.959119496855346,0.0179445350734095,0.0204081632653061,0.713166144200627,0.139240506329114,0.0490998363338789,0.0704225352112676,0.0232198142414861,0,0.888888888888889,0.0190174326465927,0.97557003257329,0,0.0527156549520767,0,0.967793880837359,0.01875,0.0555555555555556,0,0.380348652931854,0.5984,0.0422077922077922,0.975369458128079,0.155088852988691,0.0259319286871961,0.647909967845659,0.407582938388626,0.237179487179487,0,0.856913183279743,0.0487012987012987,0.0224358974358974,0.579288025889968,0.0221518987341772,0.0508474576271186,0.95859872611465,0,0.0410742496050553,0.0224719101123595,0.07223113964687,0.345911949685535,0.969551282051282,0.161341853035144,0.765923566878981,0.81135225375626,0,0.407643312101911,0.403846153846154,0.399366085578447,0,0.749190938511327,0.109697933227345,0.400928792569659,0.517133956386293,0.916158536585366,0,0,0.0182648401826484,0.0434782608695652,0,0.104761904761905,0,0,0,0.0223285486443381,0,0.0257648953301127,0.243630573248408,0.496124031007752,0.0170807453416149,0,0,0.0271565495207668,0.0559875583203732,0.303599374021909,0.984152139461173,0,0.129230769230769,0.425396825396825,0.0266875981161695,0.484326018808777,0.671497584541063,0,0.0425196850393701,0.978896103896104,0.0721153846153846,0.931596091205212,0,0.967642526964561,0.86634460547504,0.530988274706868,0.0503937007874016,0,0.0795631825273011,0.0328638497652582,0.0189274447949527,0,0.973898858075041,0.0831946755407654,0.978405315614618,0.0217729393468118,0.0219435736677116,0.973643410852713,0.0221870047543582,0.720820189274448,0.219242902208202,0.971383147853736,0.839486356340289,0.0654952076677316,0,0.979032258064516,0.05103668261563,0.983870967741935,0.382838283828383,0.59967845659164,0,0.873634945397816,0.278768233387358,0.748822605965463,0.0500782472613459,0.982343499197432,0.856466876971609,0.567921440261866,0.0804416403785489,0.143525741029641,0.0654952076677316,0.277960526315789,0,0.0405616224648986,0.978090766823161,0.0518867924528302,0.635179153094462,0.978395061728395,0.0172684458398744,0.0241157556270096,0.0129032258064516,0.391653290529695,0.0363924050632911,0.8832,0.819063004846527,0.0700636942675159,0.134920634920635,0,0,0.032,0.0830618892508143,0.969155844155844,0.0353130016051364,0.0333333333333333,0.650717703349282,0.0903225806451613,0.272285251215559,0.118380062305296,0,0.0484652665589661,0.664516129032258,0.0190779014308426,0.0238853503184713,0,0.394568690095847,0.0419354838709677,0.980922098569157,0.333333333333333,0.659235668789809,0.233486943164363,0.333876221498371,0.0702290076335878,0.907668231611894,0.0360655737704918,0.0205047318611987,0.0380952380952381,0.708881578947368,0.878594249201278,0.0352564102564103,0.0238095238095238,0,0.237947122861586,0.55868544600939,0.774447949526814,0.267716535433071,0.0266457680250784,0.14446227929374,0.0237341772151899,0.122257053291536,0.978618421052632,0,0.205741626794258,0.982315112540193,0.97427652733119,0.768503937007874,0,0.0285261489698891,0.111635220125786,0.0238473767885533,0.0298273155416013,0.904238618524333,0.983948635634029,0,0,0.838187702265372,0.91025641025641,0.860128617363344,0,0.980922098569157,0.0204081632653061,0.422291993720565,0.719298245614035,0.0239234449760766,0.421216848673947,0.0506329113924051,0.3584,0.376175548589342,0,0.0213414634146341,0.627642276422764,0.530377668308703,0.0933125972006221,0.031496062992126,0.624801271860095,0,0.0682539682539682,0.0662460567823344,0,0.0558139534883721,0.960876369327074,0.0409165302782324,0.580847723704867,0,0,0.512437810945274,0.201288244766506,0.975077881619938,0.895424836601307,0,0,0.289269051321928,0.964573268921095,0.0249169435215947,0.710730948678072,0.031201248049922,0.975720789074355,0.638668779714738,0.692182410423453,0.153970826580227,0.897727272727273,0.977848101265823,0,0.942947702060222,0,0.0246913580246914,0.790584415584416,0.0454545454545455,0.972668810289389,0.019672131147541,0,0.500777604976672,0.549520766773163,0.0238095238095238,0,0.0249221183800623,0,0.631404958677686,0.0345911949685535,0,0.360062893081761,0.0358306188925081,0.288676236044657,0.0768,0.961180124223602,0,0.0208333333333333,0.782679738562091,0,0.328025477707006,0.982892690513219,0.961722488038278,0.0243111831442464,0.0192926045016077,0.0372670807453416,0.05,0.0414012738853503,0,0.0452342487883683,0,0.643987341772152,0.751974723538705,0.0290076335877863,0.0271565495207668,0.0280373831775701,0.0251968503937008,0.0268987341772152,1,0.0359477124183007,0.0661417322834646,0.316279069767442,0.0411392405063291,0.0204724409448819,0.0495207667731629,0,0,0.0371517027863777,0,0.924050632911392,0.00162074554294976,0.0605095541401274,0.76797385620915,0.794117647058823,0.868544600938967,0.0988835725677831,0.00158478605388273,0.913875598086124,0.0206349206349206,0.0221870047543582,0.379746835443038,0.607033639143731,0.803007518796993,0.852534562211982,0.382258064516129,0.981424148606811,0.869701726844584,0.472178060413355,0.770833333333333,0.331210191082803,0.969453376205788,0,0.97411003236246,0.674267100977199,0.0147783251231527,0.367029548989114,0.78328173374613,0.412130637636081,0.151326053042122,0.0297339593114241,0.0646766169154229,0.0420032310177706,0.0196078431372549,0.0256410256410256,0.487179487179487,0.603448275862069,0.0240770465489567,0.977029096477795,0.973926380368098,0.160771704180064,0,0.0236593059936909,0.0561622464898596,0,0.889802631578947,0,0.072463768115942,0,0.0456692913385827,0.0236220472440945,0.969936708860759,0.178913738019169,0.015625,0.357371794871795,0.394944707740916,0.128617363344051,0,0,0.0916666666666667,0.0903522205206738,0.0347003154574132,0,0,0.981937602627258,0.8046875,0.511923688394277,0,0.579365079365079,0,0.1,0.0206677265500795,0.814992025518341,0.775,0,0.690048939641109,0.432907348242812,0.156050955414013,0.0566037735849057,0.249216300940439,0.979299363057325,0.0360655737704918,0.0944,0.0195439739413681,0,0.0390625,0,0.0227642276422764,0.972843450479233,0.618589743589744,0,0,0.193343898573693,0.0959349593495935,0.0772870662460568,0.308641975308642,0.962674961119751,0.9696,0.187898089171975,0.186915887850467,0,0.974481658692185,0.0592,0,0.0358890701468189,0.065625,0.924764890282132,0,0.97339593114241,0.0233281493001555,0.55784469096672,0.912420382165605,0.889430894308943,0.903576982892691,0.334943639291465,0.88062015503876,0.0225442834138486,0,0.272,0.0424528301886792,0,0,0.979938271604938,0,0.98125,0.0220125786163522,0.295566502463054,0.975490196078431,0.977635782747604,0.474959612277868,0.0689102564102564,0.578783151326053,0.00155038759689922,0.978861788617886,0.0480132450331126,0.00788643533123028,0,0.80226904376013,0.973643410852713,0.975806451612903,0.965571205007825,0.979969183359014,0,0.00158227848101266,0.965299684542587,0.00630914826498423,0.00165289256198347,0.0272435897435897,0.00786163522012579,0.00158227848101266,0.971383147853736,0.0144927536231884,0.980551053484603,0.980891719745223,0,0.974723538704581,0.0408805031446541,0.981102362204724,0.897151898734177,0.976923076923077,0.976076555023923
"47",0.516025641025641,0.516228748068006,0.527301092043682,0.502471169686985,0.541533546325879,0.5,0.526898734177215,0.533227848101266,0.515673981191223,0,0.509463722397476,0,0.668261562998405,0.523424878836834,0.501577287066246,0.5152,0,0.00637958532695375,0.505728314238953,0.521193092621664,0.56269592476489,0.520259319286872,0.521462639109698,0,0.53343701399689,0.772213247172859,0.5515625,0.508090614886731,0.607692307692308,0.574102964118565,0.50231124807396,0.634645669291339,0.621019108280255,0.618296529968454,0,0.510301109350238,0.012326656394453,0.510108864696734,0.585476550680787,0.547987616099071,0,0.00628930817610063,0.00153374233128834,0.510172143974961,0.618122977346278,0.516025641025641,1,0.500787401574803,0.609230769230769,0.548387096774194,0,0.516640253565769,0.581210191082803,0.510236220472441,0.535369774919614,0.554119547657512,0,0.536115569823435,0.509345794392523,0.594936708860759,0.681458003169572,0.611635220125786,0.496835443037975,0,0.553921568627451,0.566978193146417,0,0.507836990595611,0,0.480645161290323,0.605015673981191,0.483306836248013,0.51510333863275,0.525902668759812,0,0.63125,0.510140405616225,0.658878504672897,0.553054662379421,0.597989949748744,0,0.645510835913313,0.637770897832817,0.502362204724409,0.545454545454545,0.5578125,0.515772870662461,0.514195583596215,0.524767801857585,0.00309119010819165,0.517684887459807,0.506269592476489,0,0,0.517628205128205,0,0.547987616099071,0.532283464566929,0,0.00159235668789809,0.594043887147335,0,0.584142394822006,0.506410256410256,0.53582554517134,0.520259319286872,0.00482315112540193,0.518167456556082,0.496815286624204,0.514285714285714,0.494539781591264,0.522012578616352,0.594339622641509,0.533123028391167,0,0.521193092621664,0.627575277337559,0,0.497659906396256,0.566718995290424,0,0.621794871794872,0.590266875981162,0.552504038772213,0.537124802527646,0.563467492260062,0.514728682170543,0.507042253521127,0,0.603149606299213,0.538950715421304,0.580542264752791,0.512116316639742,0,0.5024,0.503076923076923,0,0.586261980830671,0.911717495987159,0.602564102564103,0,0,0.528125,0.626198083067093,0.609477124183007,0.516746411483254,0.473270440251572,0.523956723338485,0.605177993527508,0.523956723338485,0.548387096774194,0.515772870662461,0.5008,0.5515625,0.511700468018721,0.477198697068404,0.515151515151515,0.487961476725522,0,0.595541401273885,0.562403697996918,0.523659305993691,0.492979719188768,0,0.511773940345369,0.645933014354067,0.502431118314425,0.51496062992126,0.510108864696734,0.665116279069767,0.527386541471048,0.503949447077409,0.534775888717156,0.488408037094281,0.547657512116317,0.904088050314465,0,0.511111111111111,0,0.610675039246468,0.496865203761755,0.540284360189573,0.519623233908948,0.54559748427673,0.506134969325153,0.507739938080495,0.536163522012579,0.601236476043277,0.566068515497553,0.548231511254019,0.505409582689335,0.493730407523511,0.5168,0.539906103286385,0,0,0.595879556259905,0,0.517133956386293,0.581395348837209,0.523125996810207,0.682242990654206,0.504672897196262,0.593996840442338,0.573899371069182,0.603503184713376,0.521943573667712,0.523961661341853,0.547433903576983,0,0.550860719874804,0.572123176661264,0.562599049128368,0.4913112164297,0.560790273556231,0.593406593406593,0.51993620414673,0.517884914463453,0.605678233438486,0.507836990595611,0.579778830963665,0,0.558544303797468,0.646697388632873,0.514423076923077,0,0.50231124807396,0.526153846153846,0.595879556259905,0.58609794628752,0.518867924528302,0.512315270935961,0.563607085346216,0,0.52760736196319,0.65086887835703,0.517857142857143,0.499217527386541,0.529411764705882,0.508856682769726,0.4953125,0.547318611987382,0.613003095975232,0.503205128205128,0.539808917197452,0.977987421383648,0.508422664624809,0.478527607361963,0.525236593059937,0.484751203852327,0.550324675324675,0.56786271450858,0.489698890649762,0.482003129890454,0.492913385826772,0.579598145285935,0.491143317230274,0.531645569620253,0.00477707006369427,0.480190174326466,0,0.567961165048544,0.517017828200972,0.524409448818898,0.585055643879173,0,0.566343042071197,0.535603715170279,0.646781789638933,0.650793650793651,0.6528,0.552547770700637,0.00470957613814757,0.504051863857374,0.527950310559006,0.631147540983607,0.5264,0.502290076335878,0.568938193343899,0.494488188976378,0.525821596244131,0.515337423312883,0.518092105263158,0.5472,0,0.578125,0.512038523274478,0,0.489197530864198,0.520123839009288,0.520376175548589,0,0.507911392405063,0.489096573208723,0.521669341894061,0.597110754414125,0.487096774193548,0,0.58528951486698,0.516693163751987,0.590062111801242,0.5904,0.590614886731392,0.520249221183801,0.498407643312102,0.520610687022901,0.527910685805423,0.505582137161085,0.526645768025078,0.513513513513513,0.5296,0.505546751188589,0.609872611464968,0.58528951486698,0.582417582417582,0.5184,0.538336052202284,0.0266875981161695,0.56984126984127,0.518282988871224,0.682464454976303,0.566465256797583,0.52112676056338,0.517295597484277,0.551724137931034,0.641479099678457,0.49768875192604,0.557165861513688,0.5234375,0.506493506493506,0,0.601880877742947,0.575516693163752,0.518927444794953,0.0251968503937008,0.496932515337423,0.540372670807453,0.509523809523809,0.478056426332288,0,0.688679245283019,0.530805687203792,0.523584905660377,0.514003294892916,0.532710280373832,0.509584664536741,0.592,0.604269293924466,0.656050955414013,0.602965403624382,0,0.604430379746835,0.488584474885845,0.50392464678179,0.582677165354331,0.518225039619651,0.489763779527559,0,0.606864274570983,0.500787401574803,0.506451612903226,0.644757433489828,0.513513513513513,0.599348534201954,0.511627906976744,0.51188589540412,0,0.522727272727273,0.483870967741935,0.502304147465438,0.596850393700787,0.512,0.496050552922591,0.519747235387046,0.478806907378336,0.548286604361371,0.646964856230032,0.534375,0.521259842519685,0.511811023622047,0.606918238993711,0.533653846153846,0.502325581395349,0.484520123839009,0.495268138801262,0.5024,0.512461059190031,0.613312202852615,0.534591194968553,0.512738853503185,0.56298600311042,0.502325581395349,0,0.547077922077922,0.5152,0.485668789808917,0,0.535031847133758,0.0032258064516129,0.523885350318471,0.508422664624809,0.522082018927445,0,0.571428571428571,0.915739268680445,0.537720706260032,0.507936507936508,0.550561797752809,0.501628664495114,0.598715890850722,0.5859375,0.644338118022329,0,0.566037735849057,0.5264,0.52112676056338,0.943217665615142,0.5141065830721,0.522689075630252,0.514240506329114,0.00156985871271586,0.520865533230294,0.522082018927445,0.53015873015873,0.650546021840874,0.491228070175439,0.561320754716981,0.720634920634921,0.509181969949916,0.00154320987654321,0.667731629392971,0.638801261829653,0.660347551342812,0,0.595879556259905,0.542130365659777,0.665116279069767,0.656441717791411,0.527439024390244,0,0,0.511380880121396,0.519877675840979,0,0.546310832025118,0.00322061191626409,0,0,0.5,0,0.530351437699681,0.560821484992101,0.612903225806452,0.500772797527048,0,0,0.525660964230171,0.531818181818182,0.628482972136223,0.490683229813665,0,0.526234567901235,0.595275590551181,0.521531100478469,0.872670807453416,0.606635071090047,0,0.52276295133438,0.4944,0.533965244865719,0.539074960127592,0,0.495341614906832,0.528938906752412,0.667752442996743,0.508607198748044,0,0.540123456790123,0.520865533230294,0.503115264797508,0,0.532362459546926,0.512355848434926,0.48130081300813,0.487421383647799,0.524316109422492,0.49607535321821,0.5140625,0.597464342313788,0.567567567567568,0.487961476725522,0.559429477020602,0.530254777070064,0.00321027287319422,0.473270440251572,0.519260400616333,0.496774193548387,0.651888341543514,0.564102564102564,0,0.552715654952077,0.627642276422764,0.584518167456556,0.538341158059468,0.488924050632911,0.632970451010886,0.577371048252912,0.5734375,0.566770186335404,0.536277602523659,0.650159744408946,0,0.513931888544892,0.484472049689441,0.5103668261563,0.587096774193548,0.486196319018405,0.513219284603421,0.515527950310559,0.507936507936508,0.917981072555205,0.521875,0.540031397174254,0.577777777777778,0.513428120063191,0.554160125588697,0,0,0.501577287066246,0.562197092084006,0.497568881685575,0.542264752791069,0.524922118380062,0.5953125,0.529695024077046,0.56782334384858,0.5171875,0,0.51875,0.545454545454545,0.518110236220472,0.523584905660377,0,0.608695652173913,0.522653721682848,0.491338582677165,0.5888,0.605055292259084,0.604261796042618,0.688498402555911,0.536697247706422,0.566615620214395,0.513687600644122,0.514240506329114,0.531347962382445,0.567260940032415,0.512738853503185,0.530063291139241,0.49306625577812,0.0015552099533437,0.614906832298137,0.637209302325581,0.585714285714286,0.622464898595944,0.51993620414673,0.533653846153846,0.512539184952978,0.13312693498452,0.482644628099174,0,0.60952380952381,0.478537360890302,0.479430379746835,0.586206896551724,0,0.53416149068323,0.56043956043956,0.501607717041801,0.525502318392581,0.556414219474498,0.492957746478873,0,0,0.560975609756098,0.545310015898251,0.561996779388084,0,0.472613458528951,0.499222395023328,0.223765432098765,0.582802547770701,0.512779552715655,0.602848101265823,0.522151898734177,0.644961240310078,0.606758832565284,0,0.5,0.58161648177496,0.571205007824726,0.530959752321981,0.510802469135803,0.60410094637224,0.00470219435736677,0.535321821036107,0.525902668759812,0,0.548780487804878,0.490625,0.514657980456026,0.536661466458658,0,0.00156739811912226,0.582781456953642,0.613672496025437,0.496805111821086,0.541666666666667,0.00314465408805031,0,0.591962905718702,0.509493670886076,0.499178981937603,0.587025316455696,0.513056835637481,0.496124031007752,0.649921507064364,0.691176470588235,0.575121163166397,0.527868852459016,0.479750778816199,0,0.500805152979066,0,0.498447204968944,0.421900161030596,0.527272727272727,0.494417862838915,0.503205128205128,0,0.656441717791411,0.627009646302251,0.5,0,0.506976744186047,0,0.615508885298869,0.514913657770801,0,0.579937304075235,0.505582137161085,0.840510366826156,0.531400966183575,0.506211180124224,0,0.505582137161085,0.562197092084006,0,0.639751552795031,0.490106544901065,0.487538940809969,0.506430868167203,0.507223113964687,0.516329704510109,0.518110236220472,0.515923566878981,0,0.515822784810127,0.00782472613458529,0.565830721003135,0.582159624413146,0.506191950464396,0.511075949367089,0.52241112828439,0.50547730829421,0.0425196850393701,0.503164556962025,0.491803278688525,0.522012578616352,0.657853810264386,0.515723270440252,0.516483516483517,0.54773082942097,0,0,0.503030303030303,0,0.551242236024845,0,0.522834645669291,0.570967741935484,0.679611650485437,0.544049459041731,0.551342812006319,0.00156494522691706,0.54874213836478,0.497637795275591,0.516329704510109,0.605095541401274,0.590288315629742,0.636363636363636,0.559577677224736,0.909235668789809,0.476263399693721,0.537360890302067,0.5904,0.574162679425837,0.634108527131783,0.480376766091052,0,0.503174603174603,0.5584,0.509060955518946,0.528301886792453,0.573596358118361,0.667716535433071,0.552959501557632,0.495356037151703,0.537964458804523,0.548956661316212,0.5088,0.510500807754443,0.630503144654088,0.6078125,0.513513513513513,0.489393939393939,0.496865203761755,0.575277337559429,0.00464396284829721,0.512345679012346,0.516228748068006,0,0.561488673139159,0,0.557324840764331,0,0.526813880126183,0.510903426791277,0.481072555205047,0.549920760697306,0.491603053435115,0.57484076433121,0.579937304075235,0.528,0,0,0.538971807628524,0.529862174578867,0.524486571879937,0,0,0.5,0.553822152886115,0.571656050955414,0,0.645468998410175,0,0.567567567567568,0.511290322580645,0.49445324881141,0.646058732612056,0,0.623376623376623,0.766295707472178,0.545166402535658,0.530326594090202,0.549606299212598,0.494488188976378,0.52572347266881,0.0557324840764331,0.514469453376206,0,0.515337423312883,0.00156985871271586,0.49445324881141,0.502377179080824,0.323854660347551,0,0,0.6,0.5376,0.510869565217391,0.571653543307087,0.483180428134557,0.476422764227642,0.621621621621622,0.588325652841782,0,0.507086614173228,0.556270096463023,0,0.510433386837881,0.525581395348837,0.54416403785489,0.0189274447949527,0.482484076433121,0.495384615384615,0.594855305466238,0.555379746835443,0.565428109854604,0.511006289308176,0.633440514469453,0.510869565217391,0.522906793048973,0,0.586261980830671,0.509404388714734,0.00160513643659711,0,0.495412844036697,0,0.491961414790997,0.488299531981279,0.630470016207455,0.495921696574225,0.488888888888889,0.598705501618123,0.516962843295638,0.624223602484472,0.0245398773006135,0.481421647819063,0.0523731587561375,0.0139751552795031,0,0.422047244094488,0.467391304347826,0.484848484848485,0.512578616352201,0.478461538461538,0.0225806451612903,0.0277349768875193,0.5,0.015600624024961,0.00488599348534202,0.033175355450237,0.0168970814132104,0.0267295597484277,0.484992101105845,0.015748031496063,0.494345718901454,0.483516483516484,0.0238473767885533,0.48503937007874,0.0376766091051805,0.489763779527559,0.473354231974922,0.482280431432974,0.500794912559618
"48",0.00162866449511401,0,0.029320987654321,0.0550161812297735,0.0176,0,0.0888888888888889,0.0205696202531646,0,0,0,0,0.433281004709576,0,0.959119496855346,0.990610328638498,0,0.00159744408945687,0.0032258064516129,0.0202808112324493,0.852895148669797,0.970588235294118,0.0076103500761035,0,0.0422535211267606,0.753968253968254,0.880952380952381,0.0111642743221691,0.529230769230769,0.301261829652997,1,0.302936630602782,0.221153846153846,0.712050078247261,0,0,0.0046583850931677,0.0046801872074883,0.743666169895678,0.089644513137558,0,0,0,0,0.20545746388443,0.975961538461538,0.500787401574803,1,0.529953917050691,0.878086419753086,0,0.00793650793650794,0.727414330218069,0,0.100787401574803,0.839171974522293,0,0.0257234726688103,0.0361635220125786,0.0993788819875776,0.700626959247649,0.5703125,1,0,0.100961538461538,0.168789808917197,0,0.0124610591900312,0,1,0.135725429017161,0.992175273865415,0.983974358974359,0,0,0.280811232449298,0.953846153846154,0.427018633540373,0.0888888888888889,0.731666666666667,0,0.28858024691358,0.795031055900621,0.0015600624024961,0.891509433962264,0.0850077279752705,0.00317965023847377,0.0282131661442006,0.029595015576324,0,0.0127186009538951,0,0,0,0.0302547770700637,0,0.691222570532915,0.0172955974842767,0,0,0.382677165354331,0,0.715890850722311,0,0.898305084745763,0,0,0.0157232704402516,1,0.990506329113924,0.993710691823899,0.0786163522012579,0.671361502347418,0.00638977635782748,0,0.0155038759689922,0.289808917197452,0,1,0.76984126984127,0,0.224165341812401,0.765451664025357,0.919275123558484,0.0236220472440945,0.864615384615385,0,0.0031201248049922,0,0.455246913580247,0.0619047619047619,0.518110236220472,0.0112179487179487,0,0.00486223662884927,0.981481481481482,0,0.807153965785381,0.386473429951691,0.48705501618123,0,0,0.0238095238095238,0.24685534591195,0.839486356340289,0,0.993700787401575,0.0697305863708399,0.5888,0.0231839258114374,0.876623376623377,0.0158478605388273,0,0.170616113744076,0.00313479623824451,1,0,1,0,0.259780907668232,0.111627906976744,0.0183767228177642,0.979750778816199,0,0,0.556982343499197,0,0,0,0.712715855572998,0.0217391304347826,0.998417721518987,0.0544323483670296,1,0.084375,0.630672926447574,0,0.020440251572327,0,0.149136577708006,0,0.8801261829653,0.020440251572327,0.0487421383647799,0.0107361963190184,0.0201550387596899,0.903785488958991,0.62037037037037,0.0694006309148265,0.058252427184466,0.942947702060222,0.995334370139969,0.0158478605388273,0.1112828438949,0,0,0.7136,0,0,0.744186046511628,0.104333868378812,0.253943217665615,0.0123647604327666,0.578947368421053,0.563291139240506,0.719047619047619,0.0771653543307087,0.037914691943128,0.106481481481481,0,0.119565217391304,0.831168831168831,0.0592948717948718,1,0.928353658536585,0.467817896389325,0.0253968253968254,0.0219435736677116,0.15541601255887,0.00156739811912226,0.110759493670886,0,0.924646781789639,0.341538461538462,0.00322061191626409,0,0.00614439324116743,0.0184331797235023,0.451010886469673,0.45226917057903,0.0094488188976378,0,0.619122257053291,0,0.0934579439252336,0.471246006389776,0.0274636510500808,1,0.0445468509984639,0.00159744408945687,0,0.0521327014218009,0.447530864197531,0.998397435897436,0.0316455696202532,0.481308411214953,0.996965098634294,0.998473282442748,0.810810810810811,1,0.850793650793651,0.329192546583851,1,0.998435054773083,0.990566037735849,0.412037037037037,0.961661341853035,0.0144230769230769,0,1,0,0.786499215070644,0,0.0157232704402516,0.0993690851735016,0,0.11038961038961,0.139751552795031,0.311708860759494,0.386541471048513,0.547049441786284,0.543887147335423,0,0,0.911214953271028,0.291935483870968,0.0345911949685535,0.987577639751553,0.236220472440945,0.998402555910543,0.874411302982732,0,0,0.0917874396135266,0,0.347692307692308,0.0968253968253968,0,1,0.0906298003072197,0.0173501577287066,0,0.998447204968944,0.998425196850394,0.019047619047619,0.113821138211382,1,0,0.596518987341772,0.00946372239747634,0.204855842185129,0.60347551342812,0.332258064516129,0.0405616224648986,0.989130434782609,0,0,0.993740219092332,0.0345911949685535,0,0.0253968253968254,0,0.80824088748019,0.684210526315789,0.719936708860759,0.0176282051282051,0.0629032258064516,0.0015527950310559,0.734920634920635,0.0251572327044025,0.84447900466563,0.70516717325228,0.004739336492891,0.00316957210776545,0.033175355450237,0.313311688311688,0.00307219662058372,0.764612954186414,0.0310077519379845,0.00157977883096367,0,0.674772036474164,0.437699680511182,0.98256735340729,0.00154083204930663,0.995412844036697,0.0956112852664577,0.972049689440994,1,0,0.764150943396226,0.00632911392405063,0.930599369085173,0.0130293159609121,0.031496062992126,0.0128,0.723642172523962,0.726677577741408,0.330173775671406,0.537190082644628,0,0.171383647798742,0.984615384615385,0.970633693972179,0.789638932496075,0,0.998475609756098,0,0.668721109399075,0.989147286821705,0.9776,0.528301886792453,0,0.727707006369427,0,0.0249609984399376,0,0.00754147812971342,1,0.00154559505409583,0.1578125,0,0.992211838006231,0.0200927357032458,1,0.113564668769716,0.2928,0.0509259259259259,0.0109034267912773,0,0.713375796178344,0.0394321766561514,0,1,0.976851851851852,0,0,0.663551401869159,0.115506329113924,0.0358306188925081,0.0511627906976744,0,0,0.893650793650794,0,0.998412698412698,0,0.0316455696202532,0,0.951612903225806,0,0.0297805642633229,0,0.367762128325509,0.585209003215434,0.0161550888529887,0.998417721518987,0.132911392405063,0.0016,0.626984126984127,0.385692068429238,0.207336523125997,0,0.848966613672496,0.0190174326465927,0.00157728706624606,0.553125,0,0.0269814502529511,0.968602825745683,0,0.0156739811912226,0.00313479623824451,0.047244094488189,0.312883435582822,0.995176848874598,0.113744075829384,0.7578125,0.807308970099668,0,0.379585326953748,0.404153354632588,0.394695787831513,0,0.717285945072698,0.078740157480315,0.358139534883721,0.46594427244582,0.930722891566265,0,0,0,0.0261941448382126,0,0.0723270440251572,0,0,0,0,0,0,0.214733542319749,0.475535168195719,0,0,0,0.00777604976671851,0.0385208012326656,0.277691107644306,1,0,0.0966257668711656,0.394777265745008,0,0.474339035769829,0.648089171974522,0,0.0172413793103448,1,0.0397456279809221,0.904836193447738,0,0.993855606758833,0.89010989010989,0.52396694214876,0.0232919254658385,0,0.0445468509984639,0.021875,0,0,0.927215189873418,0.0666666666666667,0.995090016366612,0,0,0.990580847723705,0,0.719626168224299,0.181674565560821,0.988958990536278,0.83968253968254,0.0425867507886435,0,1,0.0294573643410853,0.991909385113269,0.338607594936709,0.602870813397129,0,0.886075949367089,0.246794871794872,0.753869969040248,0.0235109717868339,1,0.848531684698609,0.551724137931034,0.0570987654320988,0.108527131782946,0.0395569620253165,0.248397435897436,0,0.01875,1,0.0350877192982456,0.6,1,0,0,0,0.380952380952381,0.015600624024961,0.882725832012678,0.817170111287758,0.0535987748851455,0.0962732919254658,0,0,0.00946372239747634,0.0589171974522293,0.982142857142857,0.0176282051282051,0.0094488188976378,0.639937106918239,0.0631067961165049,0.271132376395534,0.0943683409436834,0,0.0302547770700637,0.647527910685805,0,0,0,0.362916006339144,0.0224,1,0.315873015873016,0.615384615384615,0.2,0.308943089430894,0.0459418070444104,0.91131498470948,0.0113636363636364,0,0.0171875,0.686591276252019,0.888364779874214,0.00952380952380952,0,0,0.218408736349454,0.557098765432099,0.743307086614173,0.235109717868339,0,0.122186495176849,0,0.104776579352851,1,0,0.165884194053208,0.9984,1,0.717460317460317,0,0.00940438871473354,0.0902140672782875,0.00155763239875389,0.00467289719626168,0.9078125,1,0,0,0.827140549273021,0.918495297805643,0.833597464342314,0,1,0,0.439509954058193,0.714738510301109,0,0.412403100775194,0.0304,0.347286821705426,0.354294478527607,0,0,0.619047619047619,0.5086887835703,0.0569230769230769,0.00938967136150235,0.609448818897638,0,0.0458135860979463,0.0422535211267606,0,0.0319148936170213,0.989147286821705,0.0130081300813008,0.566302652106084,0,0,0.482758620689655,0.150729335494327,1,0.866242038216561,0,0,0.23969465648855,0.976340694006309,0,0.684049079754601,0.00455927051671732,1,0.62015503875969,0.6784,0.111290322580645,0.912,0.996840442338073,0,0.961661341853035,0,0.0046875,0.808130081300813,0.015220700152207,0.995245641838352,0,0,0.483920367534456,0.545886075949367,0,0,0.00153846153846154,0,0.611111111111111,0.00943396226415094,0,0.33641975308642,0.0221518987341772,0.264240506329114,0.045016077170418,0.962962962962963,0,0,0.736421725239617,0,0.314241486068111,1,0.981510015408321,0,0,0.00921658986175115,0.02660406885759,0.0190779014308426,0,0.0222929936305732,0,0.63020030816641,0.716744913928013,0.00773993808049536,0.00946372239747634,0.00460829493087558,0.00626959247648903,0.0330188679245283,0.982758620689655,0.0162866449511401,0.0390625,0.282407407407407,0.0235849056603774,0,0.027906976744186,0,0,0.0181543116490166,0,0.929339477726575,0.00159489633173844,0.0391236306729265,0.714285714285714,0.794498381877023,0.880804953560371,0.0828025477707006,0.00155763239875389,0.895734597156398,0,0,0.358255451713396,0.600301659125189,0.791044776119403,0.820552147239264,0.364365971107544,1,0.87888198757764,0.456418383518225,0.74481658692185,0.299065420560748,0.992076069730586,0,1,0.668261562998405,0,0.345368916797488,0.781437125748503,0.380434782608696,0.100313479623824,0.012326656394453,0.0387096774193548,0.0191082802547771,0,0,0.437106918238994,0.576323987538941,0.00157232704402516,0.993939393939394,0.990668740279938,0.110410094637224,0,0,0.0311526479750779,0,0.891935483870968,0,0.04858934169279,0,0.0249221183800623,0,0.992248062015504,0.154446177847114,0,0.3424,0.384615384615385,0.103668261562998,0,0,0.0723684210526316,0.0523952095808383,0.0137825421133231,0,0,1,0.770290964777948,0.499207606973059,0,0.544585987261146,0,0.0740157480314961,0,0.815409309791332,0.760869565217391,0,0.648475120385233,0.4064,0.129746835443038,0.0290076335877863,0.211356466876972,1,0.0127388535031847,0.080824088748019,0,0,0.0169753086419753,0,0,0.982343499197432,0.631160572337043,0,0,0.160436137071651,0.0744336569579288,0.0540123456790123,0.306027820710974,0.975384615384615,0.995176848874598,0.163779527559055,0.165123456790123,0,0.982511923688394,0.029126213592233,0,0.0128205128205128,0.0386398763523957,0.941176470588235,0,0.996830427892235,0,0.53577106518283,0.921752738654147,0.896103896103896,0.894321766561514,0.3072,0.908668730650155,0,0,0.247619047619048,0.0185471406491499,0,0,1,0,1,0,0.283870967741935,1,1,0.457463884430177,0.0362776025236593,0.565485362095532,0,0.998387096774194,0.0512820512820513,0.0062111801242236,0,0.811410459587956,0.995398773006135,0.998394863563403,0.984375,1,0,0,0.988993710691824,0.00473186119873817,0.00319488817891374,0.0232198142414861,0.0031055900621118,0,0.993740219092332,0.0109717868338558,1,0.998412698412698,0,0.995283018867924,0.0379939209726444,1,0.917460317460317,0.998468606431853,0.998417721518987
"49",0.475077881619938,0.462235649546828,0.490136570561457,0.4953125,0.475894245723173,0.477777777777778,0.528771384136858,0.480499219968799,0.47218045112782,0,0.466767371601208,0,0.594180704441041,0.460829493087558,0.554033485540335,0.540178571428571,0,0.0123456790123457,0.462848297213622,0.493920972644377,0.614916286149163,0.544025157232704,0.473919523099851,0,0.499241274658574,0.599388379204893,0.582952815829528,0.482225656877898,0.675555555555556,0.614220877458396,0.52,0.657975460122699,0.598765432098765,0.580398162327718,0,0.466973886328725,0.0182094081942337,0.47910447761194,0.665185185185185,0.502235469448584,0.00156739811912226,0.010590015128593,0.0045045045045045,0.468412942989214,0.670886075949367,0.559561128526646,0.609230769230769,0.529953917050691,1,0.592481203007519,0,0.480739599383667,0.711684370257967,0.452054794520548,0.526645768025078,0.641653905053599,0,0.486943164362519,0.473363774733638,0.530827067669173,0.593893129770992,0.663093415007657,0.532407407407407,0,0.53416149068323,0.545727136431784,0,0.485407066052227,0,0.535714285714286,0.529850746268657,0.544615384615385,0.553680981595092,0.47910447761194,0,0.63093415007657,0.557575757575758,0.62178517397882,0.538461538461538,0.712418300653595,0,0.645209580838323,0.600299401197605,0.466367713004484,0.576864535768645,0.542600896860987,0.460365853658537,0.495454545454545,0.476190476190476,0.0029806259314456,0.456221198156682,0.447963800904977,0,0,0.491365777080063,0,0.628048780487805,0.472012102874433,0.00303951367781155,0.00458015267175573,0.620795107033639,0,0.667177914110429,0.461897356143079,0.597615499254843,0.46749226006192,0.00462249614791988,0.467987804878049,0.554868624420402,0.540458015267176,0.543674698795181,0.508500772797527,0.744648318042814,0.481651376146789,0,0.478195488721805,0.667175572519084,0,0.536585365853659,0.617511520737327,0,0.596676737160121,0.624808575803982,0.572769953051643,0.518853695324284,0.565413533834586,0.468277945619335,0.463525835866261,0,0.632930513595166,0.527272727272727,0.6156202143951,0.47906976744186,0,0.470404984423676,0.536621823617339,0,0.642967542503864,0.605783866057839,0.62992125984252,0,0,0.474242424242424,0.601823708206687,0.566302652106084,0.468509984639017,0.537750385208012,0.525114155251142,0.727131782945736,0.483433734939759,0.623639191290824,0.464447806354009,0.469291338582677,0.603369065849923,0.458770614692654,0.515007898894155,0.46,0.538699690402477,0,0.595454545454545,0.569506726457399,0.483870967741935,0.541353383458647,0,0.469357249626308,0.746894409937888,0.456,0.468797564687976,0.451367781155015,0.581081081081081,0.470319634703196,0.540581929555896,0.486607142857143,0.542600896860987,0.529411764705882,0.621580547112462,0,0.48936170212766,0,0.540458015267176,0.453172205438066,0.563664596273292,0.478063540090772,0.509833585476551,0.459654178674352,0.473134328358209,0.608964451313756,0.746646795827124,0.555727554179567,0.506998444790047,0.58868501529052,0.516516516516517,0.475077881619938,0.553516819571865,0,0,0.642857142857143,0.00150375939849624,0.479166666666667,0.730134932533733,0.535603715170279,0.573596358118361,0.472673559822747,0.631741140215716,0.60960960960961,0.665116279069767,0.507668711656442,0.49615975422427,0.564102564102564,0,0.525525525525526,0.632075471698113,0.493044822256569,0.551301684532925,0.566964285714286,0.619266055045872,0.480739599383667,0.476761619190405,0.576923076923077,0.464831804281346,0.530674846625767,0,0.53951367781155,0.63001485884101,0.463452566096423,0,0.466463414634146,0.477104874446086,0.620795107033639,0.651376146788991,0.474576271186441,0.458786936236392,0.65284178187404,0,0.532738095238095,0.653555219364599,0.490506329113924,0.554054054054054,0.491044776119403,0.470679012345679,0.477477477477477,0.49613601236476,0.811463046757164,0.533646322378717,0.496987951807229,0.615384615384615,0.528443113772455,0.532448377581121,0.573415765069552,0.525993883792049,0.619344773790952,0.596701649175412,0.544764795144158,0.534039334341906,0.537634408602151,0.649331352154532,0.540157480314961,0.493023255813954,0.00462962962962963,0.520610687022901,0,0.624036979969183,0.46749226006192,0.470137825421133,0.528072837632777,0,0.562009419152276,0.548048048048048,0.659509202453988,0.661585365853659,0.599393019726859,0.576323987538941,0.00605143721633888,0.457231726283048,0.604826546003017,0.658267716535433,0.498461538461538,0.550224887556222,0.59480122324159,0.533536585365854,0.621987951807229,0.482300884955752,0.471786833855799,0.536547433903577,0,0.630630630630631,0.521604938271605,0,0.516819571865443,0.534328358208955,0.493769470404984,0,0.54434250764526,0.538461538461538,0.481012658227848,0.537617554858934,0.527733755942948,0,0.652042360060514,0.486322188449848,0.598811292719168,0.745814307458143,0.641304347826087,0.498489425981873,0.554545454545455,0.471036585365854,0.457446808510638,0.537519142419602,0.497751124437781,0.472477064220183,0.488958990536278,0.475460122699386,0.613251155624037,0.718373493975904,0.66973886328725,0.479750778816199,0.523584905660377,0.0287009063444109,0.622874806800618,0.489230769230769,0.5895865237366,0.641481481481481,0.492354740061162,0.487767584097859,0.480243161094225,0.610675039246468,0.461309523809524,0.62596599690881,0.481818181818182,0.470679012345679,0,0.744712990936556,0.636363636363636,0.552833078101072,0.0298507462686567,0.533532041728763,0.535987748851455,0.543939393939394,0.55030487804878,0,0.635400907715582,0.465331278890601,0.550151975683891,0.485759493670886,0.507692307692308,0.483969465648855,0.647149460708783,0.655172413793103,0.607033639143731,0.705696202531646,0,0.560975609756098,0.544642857142857,0.54962962962963,0.63013698630137,0.461180124223602,0.544901065449011,0,0.767964071856287,0.518684603886398,0.56468797564688,0.578866768759571,0.46583850931677,0.708333333333333,0.454258675078864,0.462480857580398,0,0.473607038123167,0.524663677130045,0.459580838323353,0.542553191489362,0.470957613814757,0.532824427480916,0.491754122938531,0.525267993874426,0.526636225266362,0.684867394695788,0.499243570347958,0.482089552238806,0.476851851851852,0.66012084592145,0.49537037037037,0.457227138643068,0.550810014727541,0.542296072507553,0.46676970633694,0.457317073170732,0.706870229007634,0.532110091743119,0.473101265822785,0.501510574018127,0.467987804878049,0,0.614173228346457,0.459665144596651,0.548686244204019,0,0.490825688073394,0.00470957613814757,0.566096423017107,0.462908011869436,0.487062404870624,0.00309597523219814,0.608562691131499,0.6156202143951,0.4953125,0.525502318392581,0.610687022900763,0.458074534161491,0.661608497723824,0.643939393939394,0.631659056316591,0,0.611111111111111,0.485362095531587,0.463901689708141,0.621004566210046,0.466966966966967,0.4688,0.521148036253776,0,0.466767371601208,0.477996965098634,0.505409582689335,0.59789156626506,0.524767801857585,0.547839506172839,0.609351432880845,0.578606158833063,0.0030441400304414,0.614664586583463,0.634703196347032,0.719271623672231,0,0.765625,0.52241112828439,0.590634441087613,0.677710843373494,0.583577712609971,0,0,0.468521229868228,0.483433734939759,0,0.529953917050691,0.0031496062992126,0,0,0.468509984639017,0,0.480314960629921,0.571870170015456,0.624082232011747,0.457957957957958,0,0,0.469230769230769,0.515328467153285,0.629742033383915,0.535714285714286,0,0.534431137724551,0.65158371040724,0.469230769230769,0.601837672281776,0.75462962962963,0,0.465857359635812,0.521739130434783,0.512383900928793,0.589783281733746,0,0.524853801169591,0.583975346687211,0.585874799357945,0.472809667673716,0,0.512743628185907,0.491577335375191,0.464661654135338,0,0.593798449612403,0.489465153970827,0.528301886792453,0.459580838323353,0.47218045112782,0.535232383808096,0.467592592592593,0.672727272727273,0.573596358118361,0.550769230769231,0.618066561014263,0.50386398763524,0.00306748466257669,0.54,0.482496194824962,0.559055118110236,0.64696734059098,0.628930817610063,0,0.582701062215478,0.568992248062016,0.649546827794562,0.471927162367223,0.538461538461538,0.604229607250755,0.619047619047619,0.502242152466368,0.535714285714286,0.489984591679507,0.584234930448223,0,0.481146304675716,0.540419161676647,0.470679012345679,0.654028436018957,0.543833580980683,0.47112462006079,0.482549317147193,0.461187214611872,0.613003095975232,0.481762917933131,0.618012422360248,0.622291021671827,0.51219512195122,0.541411042944785,0,0,0.453560371517028,0.510204081632653,0.538819875776398,0.491551459293395,0.478723404255319,0.646084337349398,0.525423728813559,0.5796875,0.530551415797317,0,0.498452012383901,0.634259259259259,0.46142208774584,0.458143074581431,0,0.618683001531394,0.492957746478873,0.537519142419602,0.592649310872894,0.699846860643185,0.547584187408492,0.693374422187982,0.498538011695906,0.547337278106509,0.490683229813665,0.473363774733638,0.485496183206107,0.634645669291339,0.559270516717325,0.467175572519084,0.473053892215569,0.00298507462686567,0.57078313253012,0.639517345399698,0.694528875379939,0.610942249240122,0.476407914764079,0.528771384136858,0.471385542168675,0.15220700152207,0.521060842433697,0,0.580451127819549,0.550387596899225,0.528682170542636,0.699395770392749,0,0.482496194824962,0.511346444780635,0.466360856269113,0.471471471471471,0.579109062980031,0.543778801843318,0,0,0.620253164556962,0.586523736600306,0.636923076923077,0,0.543778801843318,0.453592814371257,0.244712990936556,0.64696734059098,0.472136222910217,0.624808575803982,0.491419656786271,0.738275340393343,0.70392749244713,0,0.469208211143695,0.640746500777605,0.653963414634146,0.531531531531532,0.458083832335329,0.742175856929955,0.00305810397553517,0.515243902439024,0.50222882615156,0,0.48533724340176,0.552352048558422,0.470866141732283,0.591251885369532,0,0.00460122699386503,0.672523961661342,0.602134146341463,0.545592705167173,0.631741140215716,0.00600600600600601,0.0015600624024961,0.59077380952381,0.548837209302326,0.466034755134281,0.78517397881997,0.484210526315789,0.537650602409639,0.592085235920852,0.607142857142857,0.552425665101721,0.546310832025118,0.535232383808096,0.00153374233128834,0.546165884194053,0,0.476261127596439,0.479365079365079,0.486725663716814,0.534668721109399,0.473684210526316,0,0.587443946188341,0.660493827160494,0.45662100456621,0,0.462349397590361,0,0.749216300940439,0.478978978978979,0,0.620689655172414,0.472049689440994,0.576399394856278,0.506153846153846,0.557721139430285,0,0.458588957055215,0.677469135802469,0,0.650746268656716,0.514074074074074,0.54160363086233,0.469953775038521,0.459715639810427,0.480654761904762,0.469135802469136,0.480182926829268,0,0.482496194824962,0.00750750750750751,0.63963963963964,0.704204204204204,0.459459459459459,0.459167950693374,0.480176211453745,0.48030303030303,0.0606060606060606,0.53587786259542,0.500794912559618,0.485584218512898,0.585218702865762,0.483333333333333,0.468892261001517,0.494656488549618,0,0,0.474452554744526,0,0.54954954954955,0.00155038759689922,0.516871165644172,0.685185185185185,0.609375,0.613636363636364,0.525114155251142,0.00150602409638554,0.583963691376702,0.459909228441755,0.466565349544073,0.870481927710843,0.650957290132548,0.59393063583815,0.637444279346211,0.592823712948518,0.539969834087481,0.570561456752656,0.663093415007657,0.612654320987654,0.58974358974359,0.521341463414634,0,0.524539877300613,0.642072213500785,0.454545454545455,0.607305936073059,0.63946587537092,0.610687022900763,0.547655068078669,0.460725075528701,0.506269592476489,0.474921630094044,0.482003129890454,0.451219512195122,0.689127105666156,0.746177370030581,0.463076923076923,0.538461538461538,0.538116591928251,0.55895865237366,0.00602409638554217,0.463963963963964,0.484848484848485,0,0.572542901716069,0,0.500768049155146,0,0.490769230769231,0.463414634146341,0.534328358208955,0.563944530046225,0.452914798206278,0.614173228346457,0.608433734939759,0.524539877300613,0,0,0.508038585209003,0.494134897360704,0.486404833836858,0,0,0.522620904836194,0.625757575757576,0.599383667180277,0,0.690548780487805,0,0.540832049306626,0.475968992248062,0.561514195583596,0.606287425149701,0,0.755417956656347,0.591679506933744,0.522935779816514,0.500740740740741,0.599393019726859,0.54337899543379,0.490536277602524,0.0711043872919818,0.448818897637795,0,0.463746223564955,0.00303490136570561,0.458074534161491,0.54434250764526,0.344827586206897,0,0,0.565151515151515,0.491499227202473,0.494720965309201,0.593471810089021,0.55425219941349,0.533026113671275,0.526234567901235,0.50521609538003,0,0.538461538461538,0.475683890577508,0,0.46749226006192,0.49923896499239,0.558599695585997,0.0210843373493976,0.539755351681957,0.443438914027149,0.720930232558139,0.545731707317073,0.565625,0.615501519756839,0.636923076923077,0.565610859728507,0.469230769230769,0,0.593558282208589,0.469265367316342,0.00153846153846154,0,0.538461538461538,0,0.53857791225416,0.458588957055215,0.596875,0.544186046511628,0.525581395348837,0.621913580246914,0.493044822256569,0.663157894736842,0.0273972602739726,0.541009463722397,0.0679304897314376,0.0199081163859112,0,0.476043276661515,0.522693997071742,0.519817073170732,0.530642750373692,0.526315789473684,0.0263157894736842,0.0318181818181818,0.539274924471299,0.0182370820668693,0.00786163522012579,0.0410958904109589,0.0225225225225225,0.0287443267776097,0.537519142419602,0.027231467473525,0.519809825673534,0.542635658914729,0.0217391304347826,0.538343558282209,0.0464767616191904,0.541353383458647,0.496240601503759,0.534124629080119,0.532012195121951
"50",0.142857142857143,0.131297709923664,0.157575757575758,0.182389937106918,0.134259259259259,0.130434782608696,0.22257053291536,0.155824508320726,0.13984962406015,0,0.117283950617284,0,0.492378048780488,0.126934984520124,0.865443425076453,0.873860182370821,0,0.00465116279069767,0.144200626959248,0.149847094801223,0.788990825688073,0.862559241706161,0.145427286356822,0,0.177177177177177,0.722560975609756,0.811836115326252,0.141965678627145,0.673192771084337,0.400606980273141,0.877218934911243,0.434848484848485,0.3484375,0.688854489164087,0,0.121913580246914,0.00600600600600601,0.133535660091047,0.74014598540146,0.222390317700454,0.00153846153846154,0.00150375939849624,0.00150602409638554,0.138248847926267,0.344391785150079,0.849612403100775,0.548387096774194,0.878086419753086,0.592481203007519,1,0,0.144615384615385,0.744615384615385,0.11854103343465,0.224961479198767,0.762790697674419,0,0.156398104265403,0.162613981762918,0.230652503793627,0.701834862385321,0.707646176911544,0.867394695787831,0,0.241433021806854,0.29803328290469,0,0.136712749615975,0,0.875,0.239393939393939,0.875757575757576,0.868098159509202,0.137048192771084,0,0.431784107946027,0.834080717488789,0.527272727272727,0.233176838810642,0.726688102893891,0,0.401206636500754,0.780966767371601,0.135338345864662,0.983128834355828,0.209509658246657,0.13089802130898,0.149546827794562,0.156060606060606,0,0.139103554868624,0.123287671232877,0,0,0.164852255054432,0,0.709284627092846,0.150914634146341,0.00149476831091181,0.00153374233128834,0.474006116207951,0,0.72,0.13302034428795,0.830860534124629,0.129541864139021,0,0.141321044546851,0.882534775888717,0.851681957186544,0.871362940275651,0.213622291021672,0.685015290519878,0.145929339477727,0,0.131934032983508,0.400921658986175,0,0.865853658536585,0.785824345146379,0,0.362095531587057,0.742283950617284,0.828125,0.150829562594268,0.84779299847793,0.13134328358209,0.128048780487805,0,0.546707503828484,0.196319018404908,0.602782071097372,0.151326053042122,0,0.13125,0.853512705530643,0,0.773497688751926,0.455813953488372,0.57753164556962,0,0,0.154078549848943,0.369300911854103,0.84031007751938,0.130232558139535,0.86412213740458,0.203363914373089,0.625776397515528,0.141566265060241,0.8203125,0.145234493192133,0.126348228043143,0.287878787878788,0.115384615384615,0.873617693522907,0.136294027565084,0.866359447004608,0,0.386850152905199,0.254160363086233,0.15220700152207,0.863363363363363,0,0.124812030075188,0.593406593406593,0.129283489096573,0.130568356374808,0.126331811263318,0.676783004552352,0.144596651445967,0.867175572519084,0.184684684684685,0.874260355029586,0.233176838810642,0.648484848484848,0,0.145896656534954,0,0.270801815431165,0.132420091324201,0.834108527131783,0.143730886850153,0.173913043478261,0.134416543574594,0.150829562594268,0.812596006144393,0.649624060150376,0.203761755485893,0.180404354587869,0.851681957186544,0.859541984732824,0.135593220338983,0.243119266055046,0,0,0.719512195121951,0.00152671755725191,0.126696832579186,0.735029940119761,0.233644859813084,0.361027190332326,0.136023916292975,0.623655913978495,0.664670658682635,0.713622291021672,0.199381761978362,0.168469860896445,0.237951807228916,0,0.251543209876543,0.772151898734177,0.171826625386997,0.870967741935484,0.830584707646177,0.564220183486238,0.153139356814701,0.144144144144144,0.290571870170015,0.144596651445967,0.253067484662577,0,0.839339339339339,0.478723404255319,0.135514018691589,0,0.142208774583964,0.145588235294118,0.555045871559633,0.50229709035222,0.140215716486903,0.128526645768025,0.66969696969697,0,0.233883058470765,0.551617873651772,0.15541601255887,0.863429438543247,0.166917293233083,0.124223602484472,0.12743628185907,0.177099236641221,0.526080476900149,0.869029275808937,0.15668202764977,0.53030303030303,0.881305637982196,0.858858858858859,0.760802469135803,0.865648854961832,0.790697674418605,0.424739195230999,0.865151515151515,0.865740740740741,0.86322188449848,0.5,0.841194968553459,0.144838212634823,0.0015552099533437,0.861068702290076,0,0.755760368663594,0.133333333333333,0.156105100463679,0.200303490136571,0,0.237577639751553,0.269172932330827,0.427244582043344,0.493108728943338,0.574923547400612,0.642967542503864,0.00151975683890578,0.123647604327666,0.851226993865031,0.417582417582418,0.153013910355487,0.864457831325301,0.358346094946401,0.874617737003058,0.807926829268293,0.138235294117647,0.128571428571429,0.215625,0,0.460606060606061,0.220338983050847,0,0.859281437125748,0.219879518072289,0.146969696969697,0,0.875,0.871987951807229,0.150234741784038,0.230889235569423,0.853354134165367,0,0.659574468085106,0.147744945567652,0.346210995542348,0.631419939577039,0.432973805855162,0.158610271903323,0.859756097560976,0.126676602086438,0.12788906009245,0.866359447004608,0.155120481927711,0.134052388289676,0.158139534883721,0.132930513595166,0.78419452887538,0.694189602446483,0.718027734976888,0.1390625,0.196513470681458,0.0120845921450151,0.751926040061633,0.152307692307692,0.803951367781155,0.74302496328928,0.136085626911315,0.146604938271605,0.16030534351145,0.451713395638629,0.126315789473684,0.768273716951788,0.161290322580645,0.142638036809816,0,0.702255639097744,0.533123028391167,0.861751152073733,0.0106382978723404,0.873873873873874,0.22289156626506,0.858662613981763,0.875957120980092,0,0.773071104387292,0.141321044546851,0.9629057187017,0.142172523961661,0.153963414634146,0.138036809815951,0.728395061728395,0.715625,0.448382126348228,0.5792,0,0.305007587253414,0.854572713643178,0.847988077496274,0.767371601208459,0.122291021671827,0.867069486404834,0,0.694402420574887,0.855842185128983,0.872868217054264,0.571648690292758,0.132218844984802,0.723004694835681,0.131955484896661,0.156589147286822,0,0.131964809384164,0.86036036036036,0.125,0.302114803625378,0.137984496124031,0.864615384615385,0.141566265060241,0.869300911854103,0.246575342465753,0.382445141065831,0.18018018018018,0.147368421052632,0.13719512195122,0.708333333333333,0.168711656441718,0.128935532233883,0.867164179104478,0.875,0.131782945736434,0.131172839506173,0.678353658536585,0.246246246246246,0.150943396226415,0.18429003021148,0.133131618759455,0,0.805255023183926,0.127496159754224,0.86286594761171,0,0.161490683229814,0.0015600624024961,0.862229102167183,0.134441087613293,0.153013910355487,0.00154798761609907,0.461538461538462,0.611801242236025,0.153013910355487,0.870514820592824,0.26,0.128526645768025,0.754250386398764,0.485540334855403,0.337984496124031,0,0.786707882534776,0.137285491419657,0.128284389489954,0.600303951367781,0.129429892141757,0.154458598726115,0.86280487804878,0,0.153383458646617,0.136923076923077,0.175038051750381,0.427710843373494,0.865947611710324,0.253067484662577,0.714714714714715,0.766129032258065,0.00152671755725191,0.513137557959815,0.475232198142415,0.453717754172989,0,0.704761904761905,0.203053435114504,0.484066767830046,0.532724505327245,0.843426883308715,0,0,0.128888888888889,0.154992548435171,0,0.195084485407066,0,0,0,0.125193199381762,0,0.133437990580848,0.340909090909091,0.554896142433234,0.134238310708899,0,0,0.13677811550152,0.170623145400593,0.416541353383459,0.866965620328849,0,0.23030303030303,0.509230769230769,0.143721633888048,0.532330827067669,0.676380368098159,0,0.149253731343284,0.863207547169811,0.169014084507042,0.816485225505443,0,0.853982300884956,0.965891472868217,0.576489533011272,0.158295281582953,0,0.180866965620329,0.146969696969697,0.129909365558912,0,0.834633385335413,0.173015873015873,0.879227053140097,0.126696832579186,0.118440779610195,0.860816944024206,0.125382262996942,0.708396946564885,0.292944785276074,0.859567901234568,0.768388106416275,0.173453996983409,0.0015527950310559,0.861586314152411,0.154311649016641,0.866359447004608,0.473520249221184,0.620214395099541,0,0.803030303030303,0.37245696400626,0.741248097412481,0.154907975460123,0.866564417177914,0.77645305514158,0.6578125,0.16966966966967,0.228699551569507,0.163076923076923,0.381987577639752,0,0.13719512195122,0.867867867867868,0.155145929339478,0.649532710280374,0.85972850678733,0.128935532233883,0.131782945736434,0.125,0.467275494672755,0.152567975830816,0.819444444444444,0.769706336939722,0.180576631259484,0.235474006116208,0,0,0.14175654853621,0.188854489164087,0.879499217527387,0.141965678627145,0.12937595129376,0.696374622356495,0.194099378881988,0.382716049382716,0.225331369661267,0,0.157012195121951,0.672839506172839,0.136085626911315,0.137345679012346,0,0.49618320610687,0.137984496124031,0.862654320987654,0.421052631578947,0.63302752293578,0.348529411764706,0.395672333848532,0.180059523809524,0.830584707646177,0.129082426127527,0.138931297709924,0.154545454545455,0.699367088607595,0.798151001540832,0.13914373088685,0.127627627627628,0.00149253731343284,0.346969696969697,0.61236802413273,0.717987804878049,0.35,0.125757575757576,0.258409785932722,0.126888217522659,0.131934032983508,0.869085173501577,0,0.298621745788668,0.859111791730475,0.87062404870624,0.720300751879699,0,0.143950995405819,0.204204204204204,0.125,0.142428785607196,0.822358346094946,0.856923076923077,0,0,0.768025078369906,0.823889739663093,0.781538461538462,0,0.863157894736842,0.125,0.354009077155825,0.734756097560976,0.12597200622084,0.503782148260212,0.170278637770898,0.42406015037594,0.443609022556391,0,0.132743362831858,0.665109034267913,0.592933947772657,0.21044776119403,0.127465857359636,0.65,0.0015220700152207,0.170437405731523,0.171945701357466,0,0.164917541229385,0.845565749235474,0.143759873617694,0.656626506024096,0,0.0015220700152207,0.5776,0.289269051321928,0.878971255673222,0.802816901408451,0.00153609831029186,0.00158730158730159,0.358490566037736,0.85935085007728,0.1376,0.698956780923994,0.137724550898204,0.878603945371775,0.610194902548726,0.665109034267913,0.256965944272446,0.888888888888889,0.866666666666667,0.00151285930408472,0.836166924265842,0,0.133233532934132,0.721698113207547,0.131964809384164,0.860501567398119,0.124416796267496,0,0.512820512820513,0.68558282208589,0.122356495468278,0,0.131147540983607,0,0.638801261829653,0.14540059347181,0,0.435897435897436,0.137345679012346,0.37442218798151,0.181818181818182,0.837837837837838,0,0.126911314984709,0.721362229102167,0,0.431164901664145,0.859443631039531,0.886567164179105,0.123647604327666,0.1390625,0.138138138138138,0.142419601837672,0.144615384615385,0,0.14854517611026,0.00148809523809524,0.665653495440729,0.700152207001522,0.13587786259542,0.13719512195122,0.133834586466165,0.133333333333333,0.0349013657056146,0.867078825347759,0.140600315955766,0.166163141993958,0.408408408408408,0.158132530120482,0.129909365558912,0.155015197568389,0,0,0.151111111111111,0,0.83609022556391,0.00154083204930663,0.168929110105581,0.705607476635514,0.728813559322034,0.813253012048193,0.2203125,0,0.818045112781955,0.134146341463415,0.134146341463415,0.450769230769231,0.655375552282769,0.783625730994152,0.760355029585799,0.460122699386503,0.873323397913562,0.82642089093702,0.543076923076923,0.755038759689923,0.429429429429429,0.870769230769231,0,0.860248447204969,0.68266253869969,0.140822784810127,0.437689969604863,0.766369047619048,0.493192133131619,0.253373313343328,0.144360902255639,0.177777777777778,0.148318042813456,0.13015873015873,0.129770992366412,0.509954058192956,0.612951807228916,0.127272727272727,0.86217008797654,0.875748502994012,0.256060606060606,0.00151057401812689,0.140060240963855,0.153731343283582,0,0.877934272300469,0,0.181679389312977,0,0.156060606060606,0.136712749615975,0.861911987860395,0.263482280431433,0.126315789473684,0.444790046656299,0.459580838323353,0.229583975346687,0,0,0.190322580645161,0.190336749633968,0.148260211800303,0,0,0.869701726844584,0.767830045523521,0.615267175572519,0,0.588414634146341,0,0.194006309148265,0.133131618759455,0.756589147286822,0.763040238450075,0,0.647058823529412,0.482654600301659,0.25920245398773,0.162929745889387,0.350689127105666,0.869499241274659,0.14018691588785,0.0809160305343511,0.132605304212168,0,0.136904761904762,0,0.131172839506173,0.859541984732824,0.543035993740219,0,0,0.293674698795181,0.214285714285714,0.1797583081571,0.397301349325337,0.863976083707025,0.869085173501577,0.255742725880551,0.268436578171091,0,0.868098159509202,0.146788990825688,0,0.145996860282575,0.180327868852459,0.836336336336336,0.00613496932515337,0.871951219512195,0.133233532934132,0.574303405572755,0.819722650231125,0.818325434439178,0.805135951661631,0.441130298273155,1,0.130970724191063,0,0.376360808709176,0.150746268656716,0,0,0.867362146050671,0,0.873846153846154,0.133942161339422,0.391025641025641,0.867601246105919,0.869565217391304,0.548387096774194,0.167701863354037,0.726597325408618,0.011887072808321,0.866666666666667,0.0533536585365854,0.00757575757575758,0,0.716279069767442,0.867060561299852,0.878274268104777,0.860182370820669,0.868381240544629,0.00930232558139535,0.00916030534351145,0.86232980332829,0.00604229607250755,0.00158982511923688,0.0216049382716049,0.00599700149925037,0.0106544901065449,0.874051593323217,0.0105421686746988,0.876160990712074,0.875,0.00778816199376947,0.872919818456883,0.0421052631578947,0.875375375375375,0.811263318112633,0.877245508982036,0.875379939209726
"51",0,0,0,0,0,0,0.0141065830721003,0.00153846153846154,0,1,0,1,0,0,0,0,1,0.982731554160126,0,0,0,0,0,1,0,0,0,0.00158982511923688,0,0,0,0,0.00156739811912226,0,1,0,0.976993865030675,0,0,0,0.998405103668262,0.981566820276498,0.993836671802773,0,0,0,0,0,0,0,1,0,0,0,0.0140405616224649,0,1,0,0.00309119010819165,0,0,0,0,1,0,0,1,0,1,0,0,0,0,0,1,0.00153374233128834,0,0,0.00159235668789809,0,1,0,0,0,0,0,0,0,0.00461538461538462,0.987841945288754,0,0,1,1,0,1,0.02,0,0.992248062015504,0.990639625585023,0.0109546165884194,1,0,0,0,0,0.988976377952756,0.00315457413249211,0,0,0,0.0172684458398744,0,0,1,0,0,1,0,0,1,0.00154559505409583,0,0,0,0,0,0,1,0.0062015503875969,0,0,0,1,0,0,1,0,0,0.00630914826498423,1,1,0,0,0,0,0,0,0,0,0,0,0,0,0,0,0,0,1,0,0.00599700149925037,0,0,1,0,0,0,0,0,0,0,0,0,0,0.003125,0,1,0,1,0,0,0,0,0,0,0,0,0,0,0,0,0,0,0.021505376344086,1,1,0,0.998449612403101,0,0,0.0127591706539075,0,0,0,0,0,0,0,0.00153139356814701,1,0,0,0,0,0,0.00470219435736677,0,0,0.0015527950310559,0,0,1,0,0,0,1,0,0,0.0046875,0,0,0,0.020440251572327,1,0.0151975683890578,0,0,0,0,0,0,0,0,0,0,0,0,0,0,0,0,0,0,0,0,0,0,0,0.985714285714286,0,1,0.00316957210776545,0,0,0,1,0.00162337662337662,0.00308166409861325,0,0,0,0,0.987692307692308,0,0,0,0,0,0,0,0,0,0,0.015552099533437,1,0,0.0172143974960876,1,0,0.0166163141993958,0.00155763239875389,1,0,0,0,0,0,1,0.0186625194401244,0,0,0,0,0,0,0,0,0,0,0,0,0,0,0,0,0.00319488817891374,0,0.942249240121581,0,0,0,0,0,0,0,0,0,0,0,0,1,0,0.0095389507154213,0,0.936335403726708,0,0,0,0,1,0,0,0,0,0,0,0,0,0,0,1,0,0,0,0,0,0,1,0,0,0,0.00314465408805031,0,0,0,0,1,0,0,0,0,0,0,0,0,0,0,0,0,0.00313971742543171,0,0,0,0,0,0,0,0,0,0,0,0,1,0,0,0,1,0,0.988941548183254,0,0,0,0.99685534591195,0.00930232558139535,0,0,0,0,0,0,0,0,1,0,0.00158982511923688,0,0,0,0,0,1,0,0,0,0,0,0.00630914826498423,0,0.0161290322580645,0.992163009404389,0,0,0,1,0,0.0015600624024961,0,0,0,1,1,0,0,1,0,0.987381703470032,1,1,0,1,0,0.00156494522691706,0.0060790273556231,0,1,1,0,0,0,0,0.996825396825397,0.0212121212121212,0,0,0,0,1,0,0,0.00158982511923688,0,1,0,0,0,0.00154320987654321,1,0,0,0,1,0,0,0,0,0,0,0,0,0,0,0.00159744408945687,0,0.987381703470032,0,0,0,0,0.0126582278481013,1,0,0.00313479623824451,0,0,0,0,0,0,0,0,0,1,0,0,0,0.00321027287319422,0,0,0,0,0,0,0,0,0,0.015527950310559,1,1,0,0,0,0,0,0,0,0,0.0166919575113809,1,0,0.0191082802547771,0,0,1,0,0,0,0.00158478605388273,0,0,0,0,0,0.00315955766192733,0,0,0.017515923566879,0.0248447204968944,0,0,0.992307692307692,0,0,0,0,0,0,0,0.776923076923077,0,1,0.00152671755725191,0,0,0,1,0,0,0,0,0,0,1,1,0,0,0,1,0,0,0.569444444444444,0,0,0.00924499229583975,0,0,0,1,0,0,0,0.00613496932515337,0,0,0.990712074303406,0,0,1,0.00151515151515152,0,0,0,1,0.990697674418605,0,0,0,0,0.987711213517665,0.998394863563403,0,0,0,0,0,0,0,0,0.00644122383252818,0,0,0.996918335901387,0,1,0,0.157303370786517,0.00150375939849624,0,0,1,0,0,0,1,0,1,0,0,1,0.0183767228177642,0,0,0.0016025641025641,0,1,0,0,1,0,0,0,0,0,0,0.00469483568075117,0.00156739811912226,1,0,0.972602739726027,0.0214067278287462,0,0,0,0,0,0.924846625766871,0,0,0,0,0,0,0,1,1,0,1,0,0.998430141287284,0,0,0,0,0,0.998452012383901,0,0,0,0,0,0,0,0,0,0,0,0,0,0,1,0,0.020440251572327,0,0.0338983050847458,0,0,0.00628930817610063,0,0.00160513643659711,0,0,0,0,0,0,0,0,0.00309597523219814,0.987786259541985,0,0,1,0,1,0,1,0,0,0,0,0,0.0015625,0,0.0204724409448819,1,1,0,0,0,1,1,0,0,0,1,0,1,0,0,0.0330708661417323,0,1,0,0,0,0,0,0,0,0.905132192846034,0,1,0,0.992295839753467,0,0,0.369496855345912,1,1,0.00153609831029186,0,0.010752688172043,0,0,0,0,0,1,0,0,1,0,0,0,0.951219512195122,0,0,0,0,0,0,0,0,0,1,0,0,0.995215311004785,1,0,1,0,0,0,0,0,0.00477707006369427,0.0047244094488189,0,0.941717791411043,0,0.889776357827476,0.97542242703533,1,0.1546875,0,0,0.00619195046439629,0,0.944267515923567,0.934681181959565,0,0.975077881619938,0.992025518341308,0.946624803767661,0.969088098918083,0.933641975308642,0,0.967741935483871,0,0,0.946708463949843,0,0.924961715160796,0,0.0527950310559006,0,0
"52",0.990369181380417,0.993759750390016,0.967289719626168,0.930868167202572,0.980861244019139,0.99198717948718,0.887122416534181,0.973228346456693,0.996865203761755,0,0.992150706436421,0,0.565354330708661,0.993589743589744,0.0474683544303797,0.0124416796267496,0,0.012779552715655,0.991896272285251,0.981191222570533,0.162204724409449,0.0422764227642276,0.985871271585557,0,0.9484375,0.249605055292259,0.118296529968454,0.982084690553746,0.476993865030675,0.694444444444444,0.00772797527047913,0.69435736677116,0.778129952456418,0.297507788161994,0,0.996875,0.0154083204930663,0.99375,0.267776096822995,0.902173913043478,0.00157232704402516,0.0125195618153365,0.00618238021638331,0.995176848874598,0.78525641025641,0.0257234726688103,0.516640253565769,0.00793650793650794,0.480739599383667,0.144615384615385,0,1,0.278125,0.992025518341308,0.870192307692308,0.170144462279294,0,0.971563981042654,0.951638065522621,0.900311526479751,0.302652106084243,0.448598130841121,0.00794912559618442,0,0.9008,0.834645669291339,0,0.985826771653543,0,0.0063391442155309,0.856474258970359,0.0108527131782946,0.0206349206349206,0.993920972644377,0,0.717592592592593,0.0538461538461538,0.58307210031348,0.896166134185304,0.271356783919598,0,0.717156105100464,0.204018547140649,0.990697674418605,0.11993769470405,0.914503816793893,0.990712074303406,0.964341085271318,0.964831804281346,0.0108359133126935,0.982258064516129,0.992101105845182,0,0,0.9728,0,0.303875968992248,0.976489028213166,0.00623052959501558,0.00619195046439629,0.617924528301887,0,0.28594249201278,0.993690851735016,0.110769230769231,0.992,0.00793650793650794,0.973058637083994,0.00798722044728434,0.0125195618153365,0.0155763239875389,0.89968152866242,0.342767295597484,0.987441130298273,0,0.9828125,0.718068535825545,0,0.00474683544303797,0.237717908082409,0,0.769230769230769,0.255485893416928,0.0941558441558442,0.967692307692308,0.152542372881356,0.990654205607477,0.990610328638498,0,0.551401869158878,0.938582677165354,0.506430868167203,0.982456140350877,0,0.993537964458804,0.0277349768875193,0,0.217741935483871,0.625,0.52555910543131,0,0,0.978260869565217,0.774603174603175,0.174193548387097,0.995169082125604,0.0125588697017268,0.924050632911392,0.418495297805643,0.97542242703533,0.143312101910828,0.977707006369427,0.992012779552716,0.844375963020031,0.989028213166144,0.00641025641025641,0.993680884676145,0.00626959247648903,0,0.747235387045814,0.874806800618238,0.981191222570533,0.0232558139534884,0,0.993855606758833,0.459807073954984,0.99512987012987,0.992138364779874,0.992211838006231,0.296583850931677,0.9765625,0.0063391442155309,0.947368421052632,0.00460122699386503,0.888535031847134,0.364217252396166,0,0.996860282574568,0,0.849056603773585,0.99211356466877,0.127962085308057,0.976415094339623,0.949367088607595,0.99251497005988,0.970542635658915,0.0992125984251968,0.380434782608696,0.92109500805153,0.938095238095238,0.0702875399361022,0.00933125972006221,0.980861244019139,0.854714064914992,0,0,0.307814992025518,0.00157728706624606,0.996927803379416,0.261609907120743,0.874603174603175,0.7625,0.987878787878788,0.430842607313196,0.454263565891473,0.298245614035088,0.9056,0.963836477987421,0.881901840490798,0,0.877112135176651,0.180354267310789,0.936608557844691,0.0063391442155309,0.0723076923076923,0.538221528861154,0.972843450479233,0.974921630094044,0.829652996845426,0.990697674418605,0.899841017488076,0,0.0737833594976452,0.670807453416149,0.987321711568938,0,0.992211838006231,0.983282674772036,0.546296296296296,0.549450549450549,0.988924050632911,0.991869918699187,0.357594936708861,0,0.877519379844961,0.517515923566879,0.972624798711755,0.0077639751552795,0.956386292834891,0.99198717948718,0.992236024844721,0.94912559618442,0.540123456790123,0.00320512820512821,0.970266040688576,0.534375,0.0122887864823349,0.00451807228915663,0.207667731629393,0.00789889415481832,0.157556270096463,0.664615384615385,0.0046801872074883,0.0109375,0.0154083204930663,0.579439252336449,0.0368,0.976452119309262,0.0111464968152866,0.00475435816164818,0,0.235955056179775,0.991922455573506,0.97626582278481,0.910236220472441,0,0.871335504885994,0.860215053763441,0.696682464454976,0.591836734693878,0.461059190031153,0.461783439490446,0.0107692307692308,0.992125984251969,0.100313479623824,0.708064516129032,0.960691823899371,0.0157977883096366,0.745283018867924,0.00625978090766823,0.126168224299065,0.993865030674847,0.993485342019544,0.888888888888889,0,0.63182527301092,0.877551020408163,0,0.00623052959501558,0.887519260400616,0.979527559055118,0,0.0093167701863354,0.0062402496099844,0.975688816855754,0.880452342487884,0.0063391442155309,0,0.385466034755134,0.988782051282051,0.791730474732006,0.390965732087227,0.654340836012862,0.95125786163522,0.0139318885448916,0.992138364779874,0.993690851735016,0.0126782884310618,0.960998439937597,0.995215311004785,0.972843450479233,0.990654205607477,0.1850699844479,0.319875776397516,0.293103448275862,0.977235772357724,0.935064935064935,0.0510046367851623,0.27027027027027,0.974723538704581,0.143081761006289,0.31306990881459,0.988993710691824,0.995283018867924,0.963607594936709,0.710191082802548,0.990740740740741,0.259259259259259,0.966666666666667,0.9936,0,0.32398753894081,0.551446945337621,0.0232198142414861,0.054858934169279,0.0138674884437596,0.909952606635071,0.0294117647058824,0.0078003120124805,0,0.225039619651347,0.987220447284345,0.0746500777604977,0.985342019543974,0.968798751950078,0.98740157480315,0.299363057324841,0.292604501607717,0.680379746835443,0.446102819237148,0,0.83596214511041,0.0217054263565891,0.0477657935285054,0.204018547140649,0.9936,0.00784929356357928,0,0.335413416536661,0.0170542635658915,0.0266457680250784,0.480891719745223,0.993640699523052,0.274038461538462,0.993453355155483,0.961783439490446,0,0.984984984984985,0.0062402496099844,0.990697674418605,0.84037558685446,0.99347471451876,0.0205371248025276,0.973643410852713,0.0078740157480315,0.882352941176471,0.709886547811994,0.939628482972136,0.981042654028436,0.989079563182527,0.292527821939587,0.960254372019078,0.992343032159265,0.00605143721633888,0.0317460317460317,0.993589743589744,0.992125984251969,0.329635499207607,0.886115444617785,0.955954323001631,0.951334379905808,0.9953125,0,0.123595505617978,0.995305164319249,0.00946372239747634,0,0.965244865718799,0.00963081861958266,0.045958795562599,0.992163009404389,0.966981132075472,0.00474683544303797,0.619426751592357,0.412322274881517,0.981042654028436,0.00793650793650794,0.865293185419968,0.988906497622821,0.388178913738019,0.59717868338558,0.799357945425361,0,0.162974683544304,0.974522292993631,0.995275590551181,0.458267716535433,0.99375,0.96849087893864,0.0438184663536776,0.0015625,0.98,0.990491283676704,0.951713395638629,0.691833590138675,0.00958466453674121,0.864217252396166,0.23950233281493,0.173841059602649,0.00467289719626168,0.628246753246753,0.60031847133758,0.612341772151899,0,0.288,0.906542056074766,0.647058823529412,0.5125,0.0911901081916538,0,0,0.992469879518072,0.96583850931677,0,0.916271721958926,0.00794912559618442,0,0,0.996830427892235,0,0.993589743589744,0.774647887323944,0.530864197530864,0.995327102803738,0,0,1,0.962292609351433,0.723172628304821,0.00772797527047913,0.00159744408945687,0.868217054263566,0.598746081504702,0.99375,0.529503105590062,0.334905660377358,0,0.974763406940063,0.00807754442649435,0.954041204437401,0.0963081861958267,0,0.013719512195122,0.120967741935484,0.484702093397746,0.968503937007874,0,0.948249619482496,0.969936708860759,0.993690851735016,0,0.0774091627172196,0.933665008291874,0.00996677740863787,0.992319508448541,0.992236024844721,0.0154559505409583,0.993700787401575,0.299531981279251,0.80811232449298,0.0174603174603175,0.177133655394525,0.957547169811321,0.00966183574879227,0.0063391442155309,0.971698113207547,0.00974025974025974,0.657142857142857,0.39589905362776,0,0.114906832298137,0.738134206219313,0.258730158730159,0.973354231974922,0.00625978090766823,0.14797507788162,0.472906403940887,0.940639269406393,0.881064162754304,0.960998439937597,0.757575757575758,0,0.98297213622291,0.00766871165644172,0.967238689547582,0.395730706075534,0.00611620795107034,0.993769470404984,0.993558776167472,0.993579454253612,0.628389154704944,0.983154670750383,0.138263665594855,0.187697160883281,0.93522906793049,0.868462757527734,0,0,0.987220447284345,0.937106918238994,0.023696682464455,0.981072555205047,0.990595611285266,0.377151799687011,0.928115015974441,0.732258064516129,0.878461538461539,0,0.962085308056872,0.33974358974359,0.9953125,0.993640699523052,0,0.652448657187994,0.971107544141252,0.00632911392405063,0.691943127962085,0.383647798742138,0.79940119760479,0.686591276252019,0.952887537993921,0.0824427480916031,0.977455716586151,0.993769470404984,0.979559748427673,0.298076923076923,0.0886075949367089,0.985959438377535,0.993779160186625,0.00782472613458529,0.787037037037037,0.440251572327044,0.256211180124224,0.76875,0.992088607594937,0.870813397129187,0.993759750390016,0.12093023255814,0.00815660685154975,0,0.82753164556962,0.0111464968152866,0.0062402496099844,0.275272161741835,0,0.984447900466563,0.909937888198758,0.993700787401575,0.993779160186625,0.0914826498422713,0.00630914826498423,0,0,0.168269230769231,0.0823909531502423,0.160828025477707,0,0.00462249614791988,0.993788819875776,0.0124804992199688,0.303174603174603,0.993558776167472,0.590909090909091,0.985623003194888,0.660964230171073,0.643076923076923,0,0.992570579494799,0.388888888888889,0.496865203761755,0.918181818181818,0.984350547730829,0.390965732087227,0.0125588697017268,0.95253164556962,0.959876543209877,0,0.96177370030581,0.0235849056603774,0.981907894736842,0.437596302003082,0,0.00938967136150235,0.510603588907015,0.844339622641509,0.00778816199376947,0.137161084529506,0.0110062893081761,0.00162337662337662,0.742424242424242,0.02660406885759,0.995024875621891,0.325115562403698,0.989230769230769,0.0061633281972265,0.382352941176471,0.317384370015949,0.870703764320786,0.0986842105263158,0.00917431192660551,0.00312989045383412,0.05103668261563,0,0.986196319018405,0.0448717948717949,0.978819969742814,0.00634920634920635,0.992,0,0.513636363636364,0.474603174603175,0.99685534591195,0,0.990769230769231,0,0.404186795491143,0.982998454404946,0,0.645705521472393,0.976190476190476,0.746456692913386,0.95016077170418,0.0381679389312977,0,0.995319812792512,0.271268057784912,0,0.690140845070423,0.00611620795107034,0.0234741784037559,0.993630573248408,0.992088607594937,0.984567901234568,0.965299684542587,0.97626582278481,0,0.968503937007874,0.0220125786163522,0.345736434108527,0.280757097791798,0.9875,0.993720565149137,0.992343032159265,0.987577639751553,0.0504731861198738,0.019047619047619,0.98019801980198,0.95625,0.73469387755102,0.984375,0.992354740061162,0.976599063962558,0,0,0.980421686746988,0,0.0683229813664596,0,0.956923076923077,0.276083467094703,0.207395498392283,0.130368098159509,0.927786499215071,0,0.110410094637224,0.992199687987519,0.995348837209302,0.634796238244514,0.415545590433483,0.217522658610272,0.185185185185185,0.641148325358852,0.00619195046439629,0.124018838304553,0.542056074766355,0.262479871175523,0.714946070878274,0.0141287284144427,0,0.00797448165869218,0.324367088607595,0.993569131832797,0.623639191290824,0.235114503816794,0.634375,0.87037037037037,0.984615384615385,0.965686274509804,0.9744,0.995153473344103,0.993730407523511,0.54375,0.412673879443586,0.992088607594937,0.0121951219512195,0.0149476831091181,0.8712715855573,0.00933125972006221,0.992331288343558,0.968895800933126,0,0.119935170178282,0,0.943661971830986,0,0.971563981042654,0.993769470404984,0.0124610591900312,0.840255591054313,0.993720565149137,0.646869983948636,0.616224648985959,0.868462757527734,0,0,0.922950819672131,0.943368107302534,0.987654320987654,0,0,0.0064,0.242331288343558,0.515432098765432,0,0.450949367088608,0,0.916264090177134,0.993610223642173,0.154213036565978,0.238390092879257,0,0.346092503987241,0.592651757188498,0.867807153965785,0.961948249619482,0.773082942097027,0.00784929356357928,0.986928104575163,0.0156494522691706,0.992025518341308,0,0.978527607361963,0.00623052959501558,0.9936,0.0221870047543582,0.0142857142857143,0,0,0.827315541601256,0.92948717948718,0.927244582043344,0.731782945736434,0.0350609756097561,0.0096,0.829855537720706,0.842349304482226,0,0.0190174326465927,0.962025316455696,0,0.982229402261712,0.955315870570108,0.0685358255451713,0.0427892234548336,0.0094488188976378,0.995384615384615,0.475435816164818,0.0766823161189358,0.107142857142857,0.116640746500778,0.694041867954911,0.102918586789555,0.992150706436421,0,0.761904761904762,0.98159509202454,0.00159235668789809,0,0.0075187969924812,0,0.0062992125984252,0.993730407523511,0.711290322580645,0.00806451612903226,0.00786163522012579,0.545893719806763,0.95583596214511,0.455950540958269,0.0477657935285054,0.00961538461538462,0.0572831423895254,0.0172143974960876,0,0.0299684542586751,0.00920245398773006,0.00638977635782748,0.0187207488299532,0.00770416024653313,0.0518638573743922,0.0586370839936609,0.0203125,0.015748031496063,0.00160513643659711,0.0219435736677116,0.0219092331768388,0.0585443037974684,0.00946372239747634,0.0187793427230047,0.00797448165869218,0.00947867298578199,0.0422764227642276,0.014218009478673,0.0229007633587786,0.00782472613458529,0.0401854714064915,0.00750750750750751,0.00933125972006221
"53",0.27536231884058,0.262422360248447,0.283720930232558,0.335463258785943,0.269413629160063,0.267090620031797,0.355450236966825,0.302936630602782,0.266770670826833,0,0.278637770897833,0,0.531446540880503,0.262987012987013,0.738317757009346,0.728943338437979,0,0.00631911532385466,0.258064516129032,0.275384615384615,0.855799373040752,0.722675367047308,0.279141104294479,0,0.314728682170543,0.671949286846276,0.764341085271318,0.290113452188006,0.665123456790123,0.509316770186335,0.732006125574273,0.534375,0.46749226006192,0.6734375,0,0.26875,0.00927357032457496,0.275430359937402,0.780923994038748,0.338957055214724,0,0.00463678516228748,0,0.266025641025641,0.475649350649351,0.736421725239617,0.581210191082803,0.727414330218069,0.711684370257967,0.744615384615385,0,0.278125,1,0.260869565217391,0.360446570972887,0.701923076923077,0,0.287319422150883,0.299689440993789,0.37111801242236,0.663026521060842,0.666149068322981,0.737179487179487,0,0.353697749196141,0.405572755417957,0,0.266355140186916,0,0.733436055469954,0.368098159509202,0.73469387755102,0.7339593114241,0.260336906584992,0,0.516871165644172,0.774733637747336,0.558320373250389,0.369668246445498,0.695439739413681,0,0.529411764705882,0.705792682926829,0.253477588871716,0.744548286604361,0.360182370820669,0.271875,0.297045101088647,0.291472868217054,0,0.26984126984127,0.2671875,0,0,0.295238095238095,0,0.730769230769231,0.287949921752739,0.00155038759689922,0.0015552099533437,0.545741324921136,0,0.790551181102362,0.257551669316375,0.778120184899846,0.254019292604502,0,0.2828125,0.737341772151899,0.740973312401884,0.741835147744946,0.339035769828927,0.673374613003096,0.277777777777778,0,0.273291925465839,0.523809523809524,0,0.742589703588144,0.698890649762282,0,0.461059190031153,0.823161189358372,0.744372990353698,0.304075235109718,0.711450381679389,0.244582043343653,0.269890795631825,0,0.608294930875576,0.332814930015552,0.61648177496038,0.277337559429477,0,0.271293375394322,0.729646697388633,0,0.866459627329193,0.496894409937888,0.620192307692308,0,0,0.294573643410853,0.49452269170579,0.709415584415584,0.26031746031746,0.728125,0.34012539184953,0.63768115942029,0.281818181818182,0.815873015873016,0.273584905660377,0.262820512820513,0.388455538221529,0.2671875,0.718799368088468,0.255886970172684,0.729559748427673,0,0.486697965571205,0.386363636363636,0.270606531881804,0.734157650695518,0,0.263482280431433,0.8048,0.258169934640523,0.265940902021773,0.260061919504644,0.670245398773006,0.299373040752351,0.749211356466877,0.312883435582822,0.728915662650602,0.359055118110236,0.647798742138365,0,0.28343949044586,0,0.389937106918239,0.254290171606864,0.743710691823899,0.291472868217054,0.306625577812018,0.27893175074184,0.286585365853659,0.733644859813084,0.664634146341463,0.331210191082803,0.32120253164557,0.816745655608215,0.725460122699387,0.2848,0.367441860465116,0,0,0.813586097946288,0,0.266153846153846,0.68558282208589,0.365814696485623,0.457364341085271,0.281818181818182,0.713607594936709,0.637931034482759,0.844936708860759,0.3198127925117,0.300155520995334,0.375963020030817,0,0.359937402190923,0.833333333333333,0.314553990610329,0.751572327044025,0.726299694189602,0.618012422360248,0.293023255813953,0.287250384024578,0.41692789968652,0.271317829457364,0.383411580594679,0,0.74079754601227,0.54601226993865,0.27373417721519,0,0.274570982839314,0.287650602409639,0.6049766718507,0.552307692307692,0.281200631911532,0.266881028938907,0.721875,0,0.348837209302326,0.602201257861635,0.289644012944984,0.729770992366412,0.302611367127496,0.259842519685039,0.257763975155279,0.307086614173228,0.591962905718702,0.752396166134185,0.296529968454259,0.547286821705426,0.745426829268293,0.721884498480243,0.671899529042386,0.720565149136578,0.817014446227929,0.541411042944785,0.744945567651633,0.724842767295597,0.720496894409938,0.588785046728972,0.722397476340694,0.29093799682035,0,0.72755905511811,0,0.783151326053042,0.274167987321712,0.289922480620155,0.354391371340524,0,0.388709677419355,0.379256965944272,0.518867924528302,0.572981366459627,0.584518167456556,0.613057324840764,0,0.263157894736842,0.7900466562986,0.525974025974026,0.308411214953271,0.756508422664625,0.472698907956318,0.737577639751553,0.739130434782609,0.283969465648855,0.258536585365854,0.362776025236593,0,0.546850998463902,0.355345911949686,0,0.737248840803709,0.348281016442451,0.280507131537242,0,0.735384615384615,0.736111111111111,0.295886075949367,0.381028938906752,0.723472668810289,0,0.710280373831776,0.266875981161695,0.459214501510574,0.657320872274143,0.5578125,0.300153139356815,0.742589703588144,0.271450858034321,0.257410296411856,0.722135007849294,0.300925925925926,0.274015748031496,0.294585987261146,0.267080745341615,0.703875968992248,0.955589586523737,0.845553822152886,0.296178343949045,0.329635499207607,0.0172143974960876,0.70015455950541,0.293563579277865,0.70404984423676,0.666666666666667,0.264705882352941,0.263578274760383,0.27892234548336,0.529032258064516,0.261001517450683,0.697933227344992,0.301538461538462,0.263492063492063,0,1,0.620472440944882,0.741835147744946,0.0156739811912226,0.749235474006116,0.328149300155521,0.731669266770671,0.736677115987461,0,0.692068429237947,0.279179810725552,0.736263736263736,0.277511961722488,0.298904538341158,0.276295133437991,0.824367088607595,0.816558441558442,0.504716981132076,0.607491856677524,0,0.404088050314465,0.746564885496183,0.73159509202454,0.784496124031008,0.259141494435612,0.730354391371341,0,0.942812982998454,0.716951788491446,0.7640625,0.599041533546326,0.266244057052298,0.680645161290323,0.262903225806452,0.284603421461897,0,0.273402674591382,0.719626168224299,0.26840490797546,0.393798449612403,0.26742301458671,0.745341614906832,0.277016742770167,0.738993710691824,0.351648351648352,0.512903225806452,0.310077519379845,0.274961597542243,0.268025078369906,0.864274570982839,0.304897314375987,0.265151515151515,0.732415902140673,0.726698262243286,0.275316455696203,0.255023183925811,0.655226209048362,0.355828220858896,0.281098546042003,0.310185185185185,0.270769230769231,0,0.71474358974359,0.255451713395639,0.738582677165354,0,0.302507836990596,0,0.737089201877934,0.271875,0.286604361370716,0,0.542721518987342,0.61259842519685,0.27724358974359,0.7248,0.376582278481013,0.258373205741627,0.700315457413249,0.578369905956113,0.478605388272583,0,0.8203125,0.286604361370716,0.257503949447077,0.6198738170347,0.261538461538462,0.277227722772277,0.739336492890995,0,0.284615384615385,0.265625,0.314553990610329,0.505376344086022,0.7328125,0.3734375,0.684867394695788,0.731023102310231,0,0.551779935275081,0.573228346456693,0.593114241001565,0,0.679936305732484,0.35303265940902,0.528593508500773,0.582434514637905,0.730538922155689,0,0,0.252252252252252,0.270928462709285,0,0.333333333333333,0,0,0,0.247663551401869,0,0.270226537216828,0.439370078740157,0.618320610687023,0.253435114503817,0,0,0.270897832817337,0.310708898944193,0.505343511450382,0.752321981424149,0,0.35474006116208,0.600917431192661,0.263975155279503,0.591549295774648,0.697637795275591,0,0.274418604651163,0.719685039370079,0.316535433070866,0.718354430379747,0,0.73820395738204,0.721617418351477,0.582236842105263,0.284389489953632,0,0.317147192716237,0.290769230769231,0.262996941896024,0,0.726984126984127,0.308441558441558,0.750402576489533,0.257364341085271,0.262121212121212,0.741935483870968,0.247663551401869,0.832298136645963,0.430359937402191,0.74198717948718,0.796825396825397,0.291277258566978,0,0.741085271317829,0.287901990811639,0.751987281399046,0.568690095846645,0.594936708860759,0,0.819182389937107,0.451298701298701,0.8296875,0.291139240506329,0.733024691358025,0.724349157733537,0.633825944170772,0.315950920245399,0.364471669218989,0.307324840764331,0.45583596214511,0,0.271875,0.738863287250384,0.2828125,0.707395498392283,0.729198184568835,0.262751159196291,0.267828843106181,0.252396166134185,0.516431924882629,0.282371294851794,0.80824088748019,0.832550860719875,0.317683881064163,0.359497645211931,0,0,0.264150943396226,0.319422150882825,0.751962323390895,0.286384976525822,0.28149300155521,0.752321981424149,0.3168,0.480952380952381,0.358139534883721,0,0.300314465408805,0.724409448818898,0.263239875389408,0.252351097178683,0,0.536163522012579,0.280952380952381,0.733858267716535,0.511006289308176,0.62826420890937,0.410958904109589,0.532283464566929,0.317771084337349,0.722560975609756,0.267741935483871,0.270897832817337,0.2921875,0.72859450726979,0.732612055641422,0.270353302611367,0.264615384615385,0,0.450076804915515,0.634375,0.681818181818182,0.471786833855799,0.261345852895149,0.348031496062992,0.263803680981595,0.147465437788018,0.740196078431373,0,0.431924882629108,0.740625,0.734059097978227,0.682737169517885,0,0.279937791601866,0.308755760368664,0.273584905660377,0.275384615384615,0.73186119873817,0.740683229813665,0,0,0.8144,0.752351097178683,0.736507936507937,0,0.743034055727554,0.248447204968944,0.31651376146789,0.815165876777251,0.255555555555556,0.571875,0.278662420382166,0.566153846153846,0.601823708206687,0,0.270676691729323,0.740858505564388,0.67651632970451,0.344563552833078,0.280674846625767,0.94435857805255,0,0.305379746835443,0.293129770992366,0,0.289393939393939,0.734254992319508,0.266347687400319,0.618380062305296,0,0,0.684124386252046,0.44131455399061,0.740340030911901,0.7168,0,0,0.443778110944528,0.743307086614173,0.264705882352941,0.68558282208589,0.274268104776579,0.724458204334365,0.631172839506173,0.645933014354067,0.393650793650794,0.728434504792332,0.745736434108527,0,0.735909822866345,0,0.27190332326284,0.638263665594855,0.291603053435115,0.742088607594937,0.269230769230769,0,0.546282245827011,0.647909967845659,0.253164556962025,0,0.273155416012559,0,0.662358642972536,0.274143302180685,0,0.525502318392581,0.288188976377953,0.440570522979398,0.307692307692308,0.739811912225705,0,0.262015503875969,0.666666666666667,0,0.541213063763608,0.724659606656581,0.737577639751553,0.26813880126183,0.259433962264151,0.268217054263566,0.28149300155521,0.290679304897314,0,0.293129770992366,0.00617283950617284,0.721792890262751,0.674884437596302,0.265432098765432,0.259720062208398,0.285060975609756,0.2625,0.0451010886469673,0.738095238095238,0.276527331189711,0.297674418604651,0.486068111455108,0.282608695652174,0.24886191198786,0.295774647887324,0,0,0.282738095238095,0,0.724191063174114,0.00159744408945687,0.310725552050473,0.65818759936407,0.70906200317965,0.84,0.333860759493671,0.0015625,0.774294670846395,0.266355140186916,0.268633540372671,0.631172839506173,0.732937685459941,0.701807228915663,0.693846153846154,0.5024,0.734662576687117,0.741379310344828,0.622641509433962,0.696875,0.497695852534562,0.746500777604977,0,0.727987421383648,0.75,0.261146496815287,0.541085271317829,0.819004524886878,0.556765163297045,0.37111801242236,0.264036418816388,0.317891373801917,0.288244766505636,0.270358306188925,0.269537480063796,0.565015479876161,0.665130568356375,0.272300469483568,0.739064856711916,0.738461538461539,0.384735202492212,0,0.266975308641975,0.274691358024691,0,0.72463768115942,0,0.31911532385466,0,0.299531981279251,0.259720062208398,0.728813559322034,0.405023547880691,0.259938837920489,0.540540540540541,0.569875776397516,0.358730158730159,0,0,0.328968903436989,0.307121661721068,0.274268104776579,0,0,0.72397476340694,0.696696696696697,0.585023400936037,0,0.597809076682316,0,0.340694006309148,0.273885350318471,0.715179968701095,0.696734059097978,0,0.671949286846276,0.5578125,0.377708978328173,0.303353658536585,0.458528951486698,0.736434108527132,0.280388978930308,0.0768025078369906,0.258842443729904,0,0.27190332326284,0,0.261980830670927,0.74294670846395,0.464856230031949,0,0,0.399075500770416,0.336,0.312404287901991,0.482442748091603,0.752307692307692,0.729857819905213,0.37442218798151,0.34855403348554,0,0.731437598736177,0.297674418604651,0,0.267090620031797,0.300613496932515,0.716981132075472,0.009375,0.740157480314961,0.249221183800623,0.599364069952305,0.71183800623053,0.709003215434084,0.71606864274571,0.537360890302067,0.734848484848485,0.270735524256651,0,0.480830670926518,0.268633540372671,0,0,0.755192878338279,0,0.742589703588144,0.256609642301711,0.497615262321145,0.741029641185647,0.740219092331768,0.60952380952381,0.293838862559242,0.66306027820711,0.0137614678899083,0.74198717948718,0.0559105431309904,0.0140625,0,0.63015873015873,0.7217125382263,0.725677830940989,0.748043818466354,0.732115677321157,0.015600624024961,0.0169230769230769,0.7359375,0.0126984126984127,0.00631911532385466,0.0380952380952381,0.0138888888888889,0.0172413793103448,0.742857142857143,0.0188679245283019,0.731391585760518,0.731132075471698,0.0127388535031847,0.737421383647799,0.0565749235474006,0.735109717868339,0.69922480620155,0.741839762611276,0.729984301412873
"54",0.9968,1,0.965354330708661,0.935794542536116,0.980738362760835,1,0.889245585874799,0.970219435736677,1,0,1,0,0.56386292834891,1,0.0409448818897638,0.009375,0,0.0111642743221691,0.996845425867508,0.982785602503912,0.161741835147745,0.0310965630114566,0.987519500780031,0,0.955108359133127,0.258012820512821,0.114241001564945,0.985623003194888,0.465437788018433,0.675118858954041,0,0.67981072555205,0.769230769230769,0.2890625,0,1,0.015552099533437,0.993740219092332,0.257229832572298,0.904984423676013,0.00160513643659711,0.0110062893081761,0.00475435816164818,1,0.761513157894737,0.0206349206349206,0.510236220472441,0,0.452054794520548,0.11854103343465,0,0.992025518341308,0.260869565217391,1,0.879173290937997,0.169105691056911,0,0.973058637083994,0.953488372093023,0.902053712480253,0.290769230769231,0.43213728549142,0,0,0.901898734177215,0.825196850393701,0,0.98755832037325,0,0,0.864197530864197,0.0046801872074883,0.0186046511627907,1,0,0.709428129829985,0.0388802488335925,0.557959814528594,0.893312101910828,0.259136212624585,0,0.697819314641745,0.211981566820276,0.998442367601246,0.103715170278638,0.901365705614568,0.996884735202492,0.965732087227414,0.965678627145086,0.010752688172043,0.990536277602524,1,0,0,0.97456279809221,0,0.293375394321767,0.981072555205047,0.0077639751552795,0.00797448165869218,0.604465709728868,0,0.284345047923323,1,0.0932721712538226,1,0.00788643533123028,0.973186119873817,0,0.00470219435736677,0.00473186119873817,0.9,0.318327974276527,0.993817619783617,0,0.983024691358025,0.705329153605016,0,0,0.226475279106858,0,0.768253968253968,0.245253164556962,0.0838709677419355,0.974522292993631,0.143962848297214,0.996913580246914,0.996875,0,0.527386541471048,0.930489731437599,0.4816,0.990306946688207,0,0.996768982229402,0.0214723926380368,0,0.206677265500795,0.628389154704944,0.505709624796085,0,0,0.978090766823161,0.7609375,0.16852146263911,1,0.00477707006369427,0.917445482866044,0.41091492776886,0.975308641975309,0.125611745513866,0.985781990521327,1,0.829420970266041,0.995363214837713,0,1,0,0,0.7408,0.871165644171779,0.981042654028436,0.0169230769230769,0,1,0.442492012779553,1,1,1,0.289676425269646,0.976452119309262,0.00159489633173844,0.955521472392638,0,0.895498392282958,0.374213836477987,0,0.982839313572543,0,0.834890965732087,1,0.108108108108108,0.979719188767551,0.950078003120125,0.990963855421687,0.973684210526316,0.102040816326531,0.370769230769231,0.920583468395462,0.939586645468998,0.05,0.0046875,0.975961538461538,0.851330203442879,0,0,0.295886075949367,0.00156985871271586,1,0.244961240310078,0.866559485530547,0.74375,0.98755832037325,0.423380726698262,0.4265625,0.287735849056604,0.918918918918919,0.968152866242038,0.876335877862595,0,0.878125,0.166666666666667,0.950949367088608,0,0.0664605873261206,0.522364217252396,0.976599063962558,0.981623277182236,0.828843106180666,0.998420221169036,0.892690513219285,0,0.0686427457098284,0.663093415007657,0.9952,0,0.990610328638498,0.978527607361963,0.536392405063291,0.550239234449761,0.988871224165342,1,0.358730158730159,0,0.885145482388974,0.52373417721519,0.965909090909091,0,0.956856702619414,0.998392282958199,1,0.951937984496124,0.518633540372671,0.0016025641025641,0.963949843260188,0.539657853810264,0.00151285930408472,0.00154320987654321,0.199367088607595,0,0.144012944983819,0.671274961597542,0,0.0015527950310559,0.0078003120124805,0.588235294117647,0.037037037037037,0.984202211690363,0.010989010989011,0,0,0.222047244094488,1,0.978125,0.904836193447738,0,0.867313915857605,0.854489164086687,0.680314960629921,0.606687898089172,0.450079239302694,0.451510333863275,0.00947867298578199,1,0.08125,0.688311688311688,0.957680250783699,0.0124031007751938,0.73968253968254,0.00158982511923688,0.116822429906542,1,1,0.885668276972625,0,0.638888888888889,0.879556259904913,0,0,0.891437308868501,0.976,0,0.00154320987654321,0.00156494522691706,0.980952380952381,0.884493670886076,0,0,0.37888198757764,0.988727858293076,0.777952755905512,0.388178913738019,0.647435897435897,0.964341085271318,0.00786163522012579,1,1,0.008,0.96417445482866,1,0.972929936305732,0.996894409937888,0.184952978056426,0.306976744186047,0.278740157480315,0.972624798711755,0.943089430894309,0.0482115085536547,0.270015698587127,0.96984126984127,0.15955766192733,0.299847792998478,0.995290423861852,0.996768982229402,0.967136150234742,0.689984101748808,0.996932515337423,0.248376623376623,0.958795562599049,0.998402555910543,0,0.307453416149068,0.552,0.0159235668789809,0.053680981595092,0.00460829493087558,0.911076443057722,0.0251572327044025,0,0,0.229329173166927,0.993690851735016,0.060702875399361,0.983818770226537,0.962145110410095,0.987341772151899,0.280254777070064,0.28006589785832,0.66877971473851,0.465040650406504,0,0.8296875,0.0151975683890578,0.0340030911901082,0.19435736677116,1,0.0015625,0,0.315707620528771,0.00920245398773006,0.018957345971564,0.481946624803768,1,0.267536704730832,1,0.966613672496025,0,0.99251497005988,0,0.998456790123457,0.836193447737909,1,0.0141287284144427,0.975497702909648,0,0.886970172684458,0.708399366085578,0.946153846153846,0.984375,0.996850393700787,0.28414442700157,0.9632,1,0,0.0250391236306729,1,1,0.318681318681319,0.884012539184953,0.965853658536585,0.948356807511737,1,0,0.119086460032626,1,0.00158478605388273,0,0.964006259780908,0.00809061488673139,0.046031746031746,1,0.963893249607535,0.00316455696202532,0.6078125,0.425632911392405,0.984,0,0.875399361022364,0.996830427892235,0.369668246445498,0.605590062111801,0.778301886792453,0,0.148089171974522,0.971428571428571,0.998425196850394,0.44392523364486,1,0.970099667774086,0.0288,0.00157728706624606,0.984472049689441,0.995230524642289,0.94811320754717,0.686427457098284,0.00789889415481832,0.865506329113924,0.231974921630094,0.169463087248322,0.00628930817610063,0.624203821656051,0.605388272583201,0.602523659305994,0,0.283171521035599,0.911111111111111,0.631336405529954,0.519260400616333,0.0737951807228916,0,0,1,0.977029096477795,0,0.915227629513344,0.00961538461538462,0,0,0.998405103668262,0,1,0.762738853503185,0.515432098765432,1,0,0,0.992138364779874,0.967889908256881,0.720820189274448,0,0.00320512820512821,0.874039938556068,0.598755832037325,1,0.525581395348837,0.34585289514867,0,0.98125,0,0.949675324675325,0.0939490445859873,0,0.0107197549770291,0.105511811023622,0.476190476190476,0.972049689440994,0,0.947611710323575,0.974803149606299,1,0,0.0750798722044728,0.932896890343699,0.0016260162601626,1,1,0.00766871165644172,1,0.294117647058824,0.804451510333863,0.00794912559618442,0.165594855305466,0.957547169811321,0.0113268608414239,0,0.971742543171115,0.00649350649350649,0.65818759936407,0.388272583201268,0,0.10126582278481,0.743506493506494,0.248833592534992,0.976190476190476,0,0.142414860681115,0.445723684210526,0.950310559006211,0.882175226586103,0.963549920760697,0.749606299212598,0,0.981510015408321,0,0.967238689547582,0.387301587301587,0,1,1,1,0.620031796502385,0.982785602503912,0.116427432216906,0.178170144462279,0.948031496062992,0.870109546165884,0,0,0.99194847020934,0.938610662358643,0.0111111111111111,0.984227129337539,0.992138364779874,0.360629921259843,0.92604501607717,0.737756714060032,0.880877742946709,0,0.969936708860759,0.330173775671406,1,0.9984375,0,0.634920634920635,0.973058637083994,0,0.679549114331723,0.370139968895801,0.802773497688752,0.674565560821485,0.9558599695586,0.0851393188854489,0.980645161290323,1,0.978361669242658,0.297770700636943,0.0911949685534591,0.990595611285266,1,0.00613496932515337,0.7900466562986,0.453125,0.257503949447077,0.752704791344668,1,0.889415481832543,1,0.125960061443932,0,0,0.8203125,0.00159744408945687,0,0.270142180094787,0,0.990697674418605,0.91601866251944,0.998425196850394,0.993779160186625,0.0890625,0,0,0,0.161084529505582,0.0784,0.15955766192733,0,0,1,0.00770416024653313,0.286614173228346,1,0.578866768759571,0.97588424437299,0.646058732612056,0.625192012288787,0,1,0.379807692307692,0.495207667731629,0.920560747663551,0.986153846153846,0.381846635367762,0.00923076923076923,0.944532488114105,0.949308755760369,0,0.966463414634146,0.0173228346456693,0.983633387888707,0.422291993720565,0,0.00786163522012579,0.508223684210526,0.832528180354267,0,0.128980891719745,0.00938967136150235,0.00164744645799012,0.749235474006116,0.0208333333333333,1,0.30757341576507,0.993798449612403,0,0.380804953560372,0.333865814696486,0.8624,0.0938511326860841,0.0046656298600311,0.00311526479750779,0.0448,0,0.99390243902439,0.0296540362438221,0.977064220183486,0.00479233226837061,1,0,0.511450381679389,0.46984126984127,1,0,1,0,0.384863123993559,0.989312977099237,0,0.641860465116279,0.979233226837061,0.737261146496815,0.945425361155698,0.035548686244204,0,1,0.260869565217391,0,0.685099846390169,0,0.0139318885448916,1,1,0.992389649923896,0.967441860465116,0.979623824451411,0,0.973354231974922,0.0216049382716049,0.348694316436252,0.277349768875193,0.992199687987519,0.99211356466877,0.992260061919505,0.992260061919505,0.0561622464898596,0.0127186009538951,0.983498349834984,0.96,0.726283048211509,0.977987421383648,1,0.97045101088647,0,0,0.983308042488619,0,0.0647709320695103,0,0.949843260188088,0.281505728314239,0.208267090620032,0.109907120743034,0.927672955974843,0,0.0964230171073095,1,1,0.616113744075829,0.402420574886536,0.214071856287425,0.174506828528073,0.644904458598726,0,0.113003095975232,0.551020408163265,0.256692913385827,0.709779179810726,0.00782472613458529,0,0,0.324193548387097,1,0.62015503875969,0.218181818181818,0.625396825396825,0.873239436619718,0.987767584097859,0.954619124797407,0.982484076433121,1,0.998427672955975,0.547169811320755,0.41259842519685,0.998430141287284,0.0060790273556231,0.00769230769230769,0.868544600938967,0.00928792569659443,1,0.968602825745683,0,0.106858054226475,0,0.952456418383518,0,0.972049689440994,1,0.00619195046439629,0.840625,1,0.642172523961661,0.61875,0.873239436619718,0,0,0.931372549019608,0.938714499252616,0.9859375,0,0,0,0.23728813559322,0.499212598425197,0,0.455813953488372,0,0.9185303514377,1,0.157303370786517,0.247663551401869,0,0.338658146964856,0.574603174603175,0.860248447204969,0.961597542242704,0.7640625,0,0.987096774193548,0.009375,1,0,0.98159509202454,0.00473186119873817,1,0.0172684458398744,0.00956937799043062,0,0,0.828438948995363,0.927184466019418,0.93343653250774,0.709480122324159,0.0167427701674277,0.00322061191626409,0.839313572542902,0.833080424886191,0,0.0140845070422535,0.968602825745683,0,0.982286634460548,0.952086553323029,0.062111801242236,0.0414746543778802,0.00157232704402516,1,0.464401294498382,0.071656050955414,0.10586319218241,0.113884555382215,0.68860353130016,0.0850077279752705,1,0,0.761980830670926,0.981395348837209,0.00318979266347687,0,0,0,0,1,0.722675367047308,0,0,0.533117932148627,0.954041204437401,0.428571428571429,0.0451713395638629,0.00161290322580645,0.0476947535771065,0.0125,0,0.0253565768621236,0.00613496932515337,0.00158478605388273,0.0109546165884194,0,0.0466237942122186,0.0546875,0.0110759493670886,0.0159235668789809,0.00323624595469256,0.0220125786163522,0.0186625194401244,0.059190031152648,0.0062992125984252,0.0142857142857143,0,0.00317460317460317,0.042654028436019,0.00317965023847377,0.0213740458015267,0,0.0328638497652582,0,0.00157977883096367
"55",0.890145395799677,0.871875,0.908385093167702,0.86525974025974,0.888157894736842,0.887438825448613,0.998417721518987,0.890995260663507,0.872274143302181,0.0113636363636364,0.879556259904913,0.0126782884310618,0.60223642172524,0.876823338735819,0.134375,0.12755905511811,0.0109375,0.0240384615384615,0.880952380952381,0.871835443037975,0.268445839874411,0.116968698517298,0.871913580246914,0.0125391849529781,0.864,0.323151125401929,0.2265625,0.867430441898527,0.525345622119816,0.714285714285714,0.112324492979719,0.690851735015773,0.76537216828479,0.348031496062992,0.0109717868338558,0.881028938906752,0.0328638497652582,0.876755070202808,0.365740740740741,0.836702954898911,0.012987012987013,0.0218408736349454,0.021671826625387,0.879227053140097,0.777219430485762,0.1312,0.535369774919614,0.100787401574803,0.526645768025078,0.224961479198767,0.0140405616224649,0.870192307692308,0.360446570972887,0.879173290937997,1,0.238879736408567,0.0114192495921697,0.863123993558776,0.926905132192846,0.856474258970359,0.354531001589825,0.474339035769829,0.105177993527508,0.0146341463414634,0.828478964401295,0.773524720893142,0.0109717868338558,0.870458135860979,0.00627943485086342,0.103225806451613,0.77639751552795,0.107644305772231,0.124401913875598,0.881889763779528,0.0093603744149766,0.7359375,0.151419558359621,0.582554517133956,0.894308943089431,0.348797250859107,0.0112179487179487,0.713178294573643,0.298461538461538,0.875,0.199052132701422,0.868827160493827,0.870458135860979,0.879936808846761,0.85423197492163,0.0265210608424337,0.875786163522013,0.868253968253968,0.0143312101910828,0.0095389507154213,0.863782051282051,0.010989010989011,0.396825396825397,0.873417721518987,0.0184615384615385,0.0219435736677116,0.720820189274448,0.0110062893081761,0.385232744783307,0.883223684210526,0.199074074074074,0.887438825448613,0.0224719101123595,0.912280701754386,0.106796116504854,0.11216429699842,0.110248447204969,0.983844911147011,0.404024767801858,0.86762360446571,0.0128205128205128,0.905660377358491,0.712480252764613,0.0142405063291139,0.103338632750397,0.304625199362041,0.0108191653786708,0.7712,0.334935897435897,0.172638436482085,0.882352941176471,0.222575516693164,0.877488514548239,0.877358490566038,0.016025641025641,0.644654088050314,0.865718799368088,0.523424878836834,0.876602564102564,0.0125,0.869774919614148,0.116822429906542,0.0141287284144427,0.314785373608903,0.621187800963082,0.632090761750405,0.0143312101910828,0.0145395799676898,0.880690737833595,0.747603833865815,0.261788617886179,0.879746835443038,0.105008077544426,0.859842519685039,0.482258064516129,0.884259259259259,0.240589198036007,0.879365079365079,0.882736156351791,0.78416149068323,0.88,0.0954692556634304,0.883830455259027,0.104430379746835,0.012779552715655,0.722852512155592,0.913446676970634,0.876369327073552,0.130637636080871,0.0154320987654321,0.882260596546311,0.504854368932039,0.878444084278768,0.878594249201278,0.878787878787879,0.343799058084772,0.891167192429022,0.110032362459547,0.86748844375963,0.10752688172043,0.927884615384615,0.417840375586854,0.0128410914927769,0.869983948635634,0.0142405063291139,0.775641025641026,0.885895404120444,0.213826366559486,0.881329113924051,0.860282574568289,0.875957120980092,0.877742946708464,0.19872813990461,0.435458786936236,0.851373182552504,0.861244019138756,0.153364632237872,0.12,0.885668276972625,0.973058637083994,0.0109546165884194,0.0142405063291139,0.397456279809221,0.0144230769230769,0.879256965944272,0.344287949921753,0.996810207336523,0.707086614173228,0.879499217527387,0.5328,0.475513428120063,0.399345335515548,0.82615629984051,0.85691573926868,0.882260596546311,0.014218009478673,0.805598755832037,0.282926829268293,0.875605815831987,0.115384615384615,0.172955974842767,0.626959247648903,0.89589905362776,0.881987577639752,0.817014446227929,0.877742946708464,0.809904153354633,0.0126382306477093,0.177570093457944,0.674491392801252,0.870550161812298,0.015748031496063,0.869362363919129,0.895223420647149,0.645367412140575,0.548989113530327,0.877388535031847,0.875,0.476114649681529,0.016366612111293,0.974882260596546,0.581993569131833,0.910112359550562,0.109034267912773,0.86697965571205,0.880382775119617,0.883177570093458,0.852848101265823,0.571653543307087,0.110932475884244,0.904610492845787,0.541009463722397,0.1089258698941,0.115264797507788,0.262738853503185,0.108452950558214,0.240384615384615,0.725308641975309,0.0987261146496815,0.1078125,0.125391849529781,0.661068702290076,0.150974025974026,0.881219903691814,0.024232633279483,0.10702875399361,0.0126984126984127,0.301127214170692,0.881685575364668,0.864353312302839,0.821371610845295,0.014308426073132,0.911620294599018,0.783570300157978,0.693548387096774,0.643081761006289,0.506389776357827,0.491909385113269,0.0268562401263823,0.875806451612903,0.210280373831776,0.704065040650407,0.889937106918239,0.122257053291536,0.768740031897927,0.115689381933439,0.225396825396825,0.884259259259259,0.876644736842105,1,0.0138461538461538,0.696261682242991,1,0.014218009478673,0.100313479623824,1,0.900161030595813,0.00930232558139535,0.105754276827372,0.104430379746835,0.894651539708266,0.842443729903537,0.101941747572816,0.0112179487179487,0.486614173228346,0.884552845528455,0.815789473684211,0.455555555555556,0.689710610932476,0.864992150706436,0.10952380952381,0.889570552147239,0.876947040498442,0.106858054226475,0.871473354231975,0.882539682539683,0.880064829821718,0.89010989010989,0.252782193958665,0.3984375,0.386541471048513,0.898713826366559,0.852459016393443,0.0527950310559006,0.328571428571429,0.901743264659271,0.222047244094488,0.364741641337386,0.898278560250391,0.880452342487884,0.88801261829653,0.702093397745572,0.88062015503876,0.310897435897436,0.905956112852665,0.888349514563107,0.014308426073132,0.404120443740095,0.654220779220779,0.116613418530351,0.0610932475884244,0.118098159509202,0.824367088607595,0.129429892141757,0.102728731942215,0.0139318885448916,0.297637795275591,0.878548895899054,0.170347003154574,0.898527004909984,0.904388714733542,0.894060995184591,0.38610662358643,0.392798690671031,0.6576,0.486666666666667,0.0125,0.771790808240888,0.115740740740741,0.138198757763975,0.304012345679012,0.880382775119617,0.103174603174603,0.0154083204930663,0.414826498422713,0.121306376360809,0.119236883942766,0.509523809523809,0.876602564102564,0.358766233766234,0.890499194847021,0.860576923076923,0.0125588697017268,0.88955223880597,0.1,0.88390092879257,0.777602523659306,0.878444084278768,0.123595505617978,0.87673343605547,0.103448275862069,0.817170111287758,0.713128038897893,0.841940532081377,0.891849529780564,0.882911392405063,0.389507154213037,0.865079365079365,0.874223602484472,0.10625,0.114420062695925,0.886581469648562,0.871473354231975,0.4,0.811320754716981,0.870431893687708,0.867601246105919,0.885758998435055,0.00650406504065041,0.192,0.881889763779528,0.111642743221691,0.0160513643659711,0.91653290529695,0.016025641025641,0.143312101910828,0.875389408099688,0.905063291139241,0.0191387559808612,0.729299363057325,0.455573505654281,0.892109500805153,0.114331723027375,0.791139240506329,0.877616747181965,0.445859872611465,0.656786271450858,0.787781350482315,0.00977198697068404,0.2624,0.896940418679549,0.877777777777778,0.480314960629921,0.885093167701863,0.861386138613861,0.128367670364501,0.0126984126984127,0.889922480620155,0.880382775119617,0.868878357030016,0.663026521060842,0.114649681528662,0.912280701754386,0.313880126182965,0.28665568369028,0.0202808112324493,0.620967741935484,0.603833865814696,0.639937106918239,0.0109546165884194,0.362459546925566,0.881435257410296,0.637362637362637,0.570977917981073,0.180981595092025,0.0111642743221691,0.0124031007751938,0.872534142640364,0.860719874804382,0.0109717868338558,0.896825396825397,0.0226537216828479,0.0109204368174727,0.0145631067961165,0.884676145339652,0.0109375,0.887459807073955,0.787301587301587,0.62402496099844,0.879120879120879,0.0145395799676898,0.00966183574879227,0.878740157480315,0.860429447852761,0.707547169811321,0.101587301587302,0.0130718954248366,0.996860282574568,0.677115987460815,0.899841017488076,0.543478260869565,0.420545746388443,0.0108527131782946,0.873040752351097,0.104669887278583,0.899350649350649,0.176090468497577,0.0125,0.107197549770291,0.210526315789474,0.499184339314845,0.861417322834646,0.0157977883096366,0.8859375,0.877551020408163,0.885448916408669,0.0157728706624606,0.171701112877583,0.837792642140468,0.115635179153094,0.882170542635659,0.876947040498442,0.111635220125786,0.869085173501577,0.388888888888889,0.794348508634223,0.125,0.273021001615509,0.869218500797448,0.0256821829855538,0.113782051282051,0.890822784810127,0.113114754098361,0.660771704180064,0.4448,0.0156985871271586,0.209448818897638,0.753184713375796,0.351014040561622,0.889415481832543,0.105263157894737,0.243328100470958,0.48019801980198,0.863914373088685,0.847352024922118,0.850793650793651,0.712,0.0128824476650564,0.862714508580343,0.107255520504732,0.855769230769231,0.491961414790997,0.107361963190184,0.882260596546311,0.888535031847134,0.8816,0.629570747217806,0.889580093312597,0.232258064516129,0.291666666666667,0.858730158730159,0.9875,0.0140405616224649,0.0111821086261981,0.876623376623377,0.842607313195548,0.1248,0.8896,0.883096366508689,0.446031746031746,0.884615384615385,0.734726688102894,0.998444790046656,0.0125588697017268,0.884244372990354,0.437001594896332,0.889763779527559,0.88503937007874,0.0138461538461538,0.638977635782748,0.90032154340836,0.115323854660348,0.701923076923077,0.428571428571429,0.758778625954198,0.708064516129032,0.847589424572317,0.176656151419558,0.895330112721417,0.889763779527559,0.895148669796557,0.412052117263844,0.193037974683544,0.886792452830189,0.894245723172628,0.0219435736677116,0.764705882352941,0.491392801251956,0.322784810126582,0.770440251572327,0.8796875,0.818611987381703,0.874603174603175,0.160246533127889,0.112012987012987,0.0157232704402516,0.834905660377358,0.119741100323625,0.110236220472441,0.338607594936709,0.0141509433962264,0.879173290937997,0.856025039123631,0.880952380952381,0.8796875,0.189189189189189,0.108974358974359,0.012326656394453,0.014218009478673,0.277049180327869,0.179487179487179,0.257551669316375,0.0125786163522013,0.106280193236715,0.876369327073552,0.0649149922720247,0.380348652931854,0.884126984126984,0.685358255451713,0.862619808306709,0.67906976744186,0.651305683563748,0.009375,0.879573170731707,0.487138263665595,0.583333333333333,0.961059190031153,0.882534775888717,0.476038338658147,0.0234009360374415,0.884310618066561,0.890937019969278,0.0096,0.847926267281106,0.113057324840764,0.865448504983389,0.475279106858054,0.0112,0.0234741784037559,0.609555189456343,0.817307692307692,0.106750392464678,0.234248788368336,0.0253164556962025,0.0163132137030995,0.717391304347826,0.128367670364501,0.882059800664452,0.409302325581395,0.89375,0.105180533751962,0.419811320754717,0.39268680445151,0.898858075040783,0.183006535947712,0.116719242902208,0.0157977883096366,0.141924959216966,0.0141287284144427,0.885093167701863,0.128038897893031,0.893455098934551,0.114467408585056,0.879032258064516,0.010989010989011,0.553680981595092,0.508885298869144,0.882165605095541,0.0142630744849445,0.88006230529595,0.0143312101910828,0.446774193548387,0.88390092879257,0.015625,0.756211180124224,0.891547049441786,0.7223113964687,0.902086677367576,0.133545310015898,0.0127388535031847,0.880690737833595,0.329652996845426,0.0109375,0.696682464454976,0.107197549770291,0.127962085308057,0.876823338735819,0.880645161290323,0.862654320987654,0.846275752773376,0.874799357945425,0.0125588697017268,0.881028938906752,0.037037037037037,0.46551724137931,0.3546875,0.878125,0.867088607594937,0.886115444617785,0.877777777777778,0.0811232449297972,0.12199036918138,0.887772194304858,0.871835443037975,0.701399688958009,0.866242038216561,0.881804043545879,0.902208201892745,0.0156739811912226,0.0109204368174727,0.877675840978593,0.0140405616224649,0.16304347826087,0.0110759493670886,0.894984326018809,0.333884297520661,0.294975688816856,0.226299694189602,0.836012861736334,0.0158982511923688,0.213607594936709,0.881703470031546,0.8796875,0.648089171974522,0.514459665144597,0.300604229607251,0.26046511627907,0.642054574638844,0.105828220858896,0.199683042789223,0.634768740031898,0.329211746522411,0.693396226415094,0.123824451410658,0.0145161290322581,0.0947712418300654,0.4281098546042,0.874799357945425,0.734276729559748,0.336405529953917,0.630265210608424,0.920508744038156,0.873065015479876,0.882352941176471,0.884057971014493,0.882825040128411,0.884984025559105,0.585443037974684,0.482594936708861,0.885895404120444,0.107250755287009,0.120556414219474,0.895071542130366,0.0249221183800623,0.868217054263566,0.855590062111801,0.0125786163522013,0.212071778140294,0.0127186009538951,0.872,0.0114566284779051,0.881619937694704,0.876190476190476,0.107476635514019,0.815047021943574,0.871473354231975,0.740095087163233,0.696062992125984,0.998407643312102,0.0125195618153365,0.0111111111111111,0.865894039735099,0.889570552147239,0.886292834890966,0.013953488372093,0.00770416024653313,0.115942028985507,0.29393468118196,0.51496062992126,0.0127388535031847,0.51188589540412,0.00949367088607595,0.844551282051282,0.875202593192869,0.246753246753247,0.327131782945736,0.0107858243451464,0.410048622366288,0.574603174603175,0.8046875,0.902668759811617,0.811410459587956,0.103668261562998,0.888704318936877,0.0348101265822785,0.874587458745875,0.0130505709624796,0.88719512195122,0.0194174757281553,0.87459807073955,0.127760252365931,0.0917874396135266,0.0125984251968504,0.0128,0.810641627543036,0.817292006525285,0.955905511811024,0.694573643410853,0.13125,0.117073170731707,0.772655007949126,0.769110764430577,0.00654664484451719,0.126582278481013,0.863057324840764,0.00964630225080386,0.867430441898527,0.910077519379845,0.154818325434439,0.0519685039370079,0.102685624012638,0.881538461538461,0.518638573743922,0.17219589257504,0.200652528548124,0.205974842767296,0.694308943089431,0.188589540412044,0.884126984126984,0.0141065830721003,0.737678855325914,0.854460093896714,0.0188976377952756,0.0144230769230769,0.105263157894737,0.00956937799043062,0.118483412322275,0.871632329635499,0.679214402618658,0.0942148760330579,0.111111111111111,0.635483870967742,0.924071082390953,0.4858934169279,0.059748427672956,0.107142857142857,0.0778145695364238,0.028436018957346,0.0158227848101266,0.128824476650564,0.11937984496124,0.101286173633441,0.125984251968504,0.103395061728395,0.0543130990415335,0.0666666666666667,0.120634920634921,0.0257648953301127,0.0129449838187702,0.045958795562599,0.031496062992126,0.0618066561014263,0.112341772151899,0.0329153605015674,0.102106969205835,0.108974358974359,0.0532258064516129,0.111642743221691,0.0462249614791988,0.110759493670886,0.120385232744783,0.105182926829268,0.101105845181675
"56",0.161500815660685,0.170382165605096,0.181102362204724,0.211475409836066,0.168300653594771,0.169129720853859,0.255216693418941,0.1648,0.17007874015748,0,0.161904761904762,0,0.536624203821656,0.15609756097561,0.822503961965135,0.844444444444444,0,0.0016025641025641,0.161237785016287,0.182692307692308,0.770440251572327,0.845140032948929,0.166666666666667,0,0.200317965023847,0.726247987117552,0.786173633440514,0.1669341894061,0.60625,0.441786283891547,0.842105263157895,0.454833597464342,0.372742200328407,0.681372549019608,0,0.157556270096463,0.00784929356357928,0.150641025641026,0.769706336939722,0.23696682464455,0,0,0,0.16198347107438,0.368595041322314,0.891268533772652,0.554119547657512,0.839171974522293,0.641653905053599,0.762790697674419,0,0.170144462279294,0.701923076923077,0.169105691056911,0.238879736408567,1,0,0.182266009852217,0.19047619047619,0.258730158730159,0.693163751987281,0.63349131121643,0.838762214983713,0,0.25,0.329617834394904,0,0.177993527508091,0,0.837096774193548,0.264331210191083,0.840189873417722,0.850961538461538,0.168769716088328,0,0.437209302325581,0.827586206896552,0.526315789473684,0.255737704918033,0.88659793814433,0,0.434022257551669,0.753918495297806,0.145539906103286,0.79549114331723,0.254777070063694,0.158982511923688,0.198412698412698,0.182677165354331,0,0.162074554294976,0.159677419354839,0,0,0.188006482982172,0,0.694006309148265,0.191387559808612,0,0,0.501597444089457,0,0.735576923076923,0.15780998389694,0.814756671899529,0.157635467980296,0,0.170418006430868,0.844051446945338,0.851030110935024,0.828478964401295,0.2352,0.799043062200957,0.175523349436393,0,0.175355450236967,0.426073131955485,0,0.846153846153846,0.778309409888357,0,0.389507154213037,0.749201277955272,0.824302134646962,0.18312101910828,0.781990521327014,0.160828025477707,0.162974683544304,0,0.551181102362205,0.225283630470016,0.57516339869281,0.180032733224223,0,0.144499178981938,0.837209302325581,0,0.751227495908347,0.482428115015974,0.5625,0,0,0.17384370015949,0.390822784810127,0.773462783171521,0.157980456026059,0.830371567043619,0.226984126984127,0.758508914100486,0.17425431711146,0.800327332242226,0.176751592356688,0.158908507223114,0.321428571428571,0.1616,0.830564784053156,0.154340836012862,0.829545454545455,0,0.41091492776886,0.278816199376947,0.182410423452769,0.85214626391097,0,0.152139461172742,0.62046204620462,0.157894736842105,0.154205607476636,0.156549520766773,0.690625,0.163723916532905,0.834920634920635,0.221003134796238,0.840062111801242,0.237704918032787,0.665064102564103,0,0.16984126984127,0,0.29047619047619,0.168789808917197,0.786173633440514,0.173633440514469,0.227848101265823,0.157407407407407,0.182108626198083,1,0.783783783783784,0.240464344941957,0.21474358974359,0.821829855537721,0.835182250396197,0.166118421052632,0.280507131537242,0,0,0.726837060702875,0,0.152755905511811,0.85511811023622,0.262642740619902,0.359621451104101,0.1625,0.62379421221865,0.582018927444795,0.715686274509804,0.2352,0.187908496732026,0.271028037383178,0,0.267515923566879,0.784789644012945,0.228155339805825,0.849025974025974,0.80030959752322,0.547770700636943,0.1648,0.177215189873418,0.315286624203822,0.16025641025641,0.272151898734177,0,0.804140127388535,0.462264150943396,0.164763458401305,0,0.149606299212598,0.171561051004637,0.540192926045016,0.606060606060606,0.168789808917197,0.164763458401305,0.65615141955836,0,0.25,0.6096,0.176372712146423,0.845425867507886,0.200949367088608,0.154458598726115,0.1632,0.204472843450479,0.614173228346457,0.84329563812601,0.186009538950715,0.549363057324841,0.83203732503888,0.843410852713178,0.778501628664495,0.847133757961783,0.784313725490196,0.449074074074074,0.82670906200318,0.847619047619048,0.837096774193548,0.515723270440252,0.820388349514563,0.186195826645265,0,0.826433121019108,0,0.747163695299838,0.172077922077922,0.179650238473768,0.252380952380952,0,0.269867549668874,0.28503937007874,0.459677419354839,0.543269230769231,0.610576923076923,0.568438003220612,0,0.159609120521173,0.815873015873016,0.453795379537954,0.181818181818182,0.850157728706625,0.389776357827476,0.828843106180666,0.837025316455696,0.152037617554859,0.163606010016695,0.247960848287113,0,0.480314960629921,0.253289473684211,0,0.827315541601256,0.245696400625978,0.184764991896272,0,0.850556438791733,0.834905660377358,0.190553745928339,0.270935960591133,0.846905537459283,0,0.64274322169059,0.17258064516129,0.360759493670886,0.794912559618442,0.476345840130506,0.203442879499218,0.829383886255924,0.158307210031348,0.165329052969502,0.840322580645161,0.186195826645265,0.157467532467532,0.193181818181818,0.153846153846154,0.841521394611727,0.6784,0.723809523809524,0.181364392678869,0.217532467532468,0.00473186119873817,0.782258064516129,0.185365853658537,0.768233387358185,0.768633540372671,0.162420382165605,0.157467532467532,0.182250396196513,0.444625407166124,0.150234741784038,0.779220779220779,0.196232339089482,0.160194174757282,0,0.662480376766091,0.525806451612903,0.86053882725832,0.00317460317460317,0.825396825396825,0.262820512820513,0.835987261146497,0.842857142857143,0,0.80127186009539,0.170967741935484,0.7968,0.184818481848185,0.189189189189189,0.166666666666667,0.724473257698541,0.712171052631579,0.440514469453376,0.703947368421053,0,0.32755905511811,0.829383886255924,0.83695652173913,0.788309636650869,0.16366612111293,0.844936708860759,0,0.681388012618297,0.842022116903633,0.823909531502423,0.57007874015748,0.163723916532905,0.889250814332248,0.154228855721393,0.1872,0,0.165905631659056,0.836448598130841,0.169811320754717,0.321656050955414,0.160392798690671,0.833070866141732,0.184496124031008,0.841423948220065,0.267100977198697,0.446078431372549,0.21656050955414,0.17246835443038,0.151273885350318,0.725363489499192,0.1957928802589,0.152037617554859,0.854037267080745,0.849840255591054,0.163461538461538,0.156451612903226,0.852848101265823,0.253543307086614,0.201970443349754,0.206070287539936,0.163492063492063,0,0.849025974025974,0.15506329113924,0.84775641025641,0,0.179775280898876,0,0.873801916932907,0.150316455696203,0.194489465153971,0,0.480645161290323,0.622792937399679,0.172413793103448,0.83739837398374,0.311582381729201,0.17156862745098,0.677884615384615,0.492845786963434,0.378029079159935,0,0.793650793650794,0.174193548387097,0.165594855305466,0.624405705229794,0.166402535657686,0.195615514333895,0.841680129240711,0,0.175078864353312,0.159810126582278,0.190705128205128,0.427662957074722,0.833602584814216,0.280327868852459,0.733017377567141,0.744500846023689,0,0.494271685761047,0.4704,0.498397435897436,0,0.844628099173554,0.235008103727715,0.469096671949287,0.657728706624606,0.844984802431611,0,0,0.152439024390244,0.188679245283019,0,0.234920634920635,0,0,0,0.161812297734628,0,0.166666666666667,0.356466876971609,0.569444444444444,0.151799687010955,0,0,0.155339805825243,0.204724409448819,0.4234375,0.843014128728414,0,0.255150554675119,0.515625,0.158730158730159,0.556089743589744,0.797077922077922,0,0.19047619047619,0.839024390243902,0.19645732689211,0.857605177993528,0,0.824074074074074,0.786173633440514,0.561461794019934,0.179775280898876,0,0.217527386541471,0.181089743589744,0.155172413793103,0,0.951534733441034,0.202725724020443,0.844155844155844,0.1453125,0.154088050314465,0.839622641509434,0.163492063492063,0.722397476340694,0.339712918660287,0.838304552590267,0.794069192751236,0.189102564102564,0,0.835483870967742,0.186009538950715,0.846774193548387,0.489326765188834,0.618421052631579,0,0.773082942097027,0.382258064516129,0.749601275917065,0.181528662420382,0.855987055016181,0.798412698412698,0.597337770382696,0.21216848673947,0.2601246105919,0.20450885668277,0.389694041867955,0,0.168,0.828393135725429,0.185419968304279,0.662273476112026,0.841121495327103,0.1536,0.166666666666667,0.150242326332795,0.481540930979133,0.172628304821151,0.812398042414356,0.788961038961039,0.222748815165877,0.2496,0,0,0.152709359605911,0.219110378912685,0.831423895253682,0.176948051948052,0.164556962025316,0.667741935483871,0.226600985221675,0.392092257001647,0.241809672386895,0,0.189189189189189,0.67047308319739,0.159744408945687,0.161084529505582,0,0.485436893203884,0.189406099518459,0.847512038523275,0.449275362318841,0.794628751974723,0.326153846153846,0.468599033816425,0.199391171993912,0.786377708978328,0.173419773095624,0.161949685534591,0.1728,0.708126036484245,0.792544570502431,0.1696,0.17984496124031,0,0.368088467614534,0.593004769475358,0.90302066772655,0.374009508716323,0.168769716088328,0.289902280130293,0.167464114832536,0.113707165109034,0.830845771144279,0,0.310897435897436,0.835796387520525,0.837096774193548,0.931419457735247,0,0.159810126582278,0.227129337539432,0.161084529505582,0.159744408945687,0.797054009819967,0.856910569105691,0,0,0.798701298701299,0.822866344605475,0.82670906200318,0,0.832,0.160629921259843,0.353218210361067,0.70873786407767,0.157467532467532,0.507911392405063,0.189406099518459,0.496865203761755,0.480376766091052,0,0.157894736842105,0.652032520325203,0.582258064516129,0.224299065420561,0.170846394984326,0.6448,0,0.2,0.191153238546603,0,0.195618153364632,0.824367088607595,0.154859967051071,0.582677165354331,0,0,0.57286432160804,0.312803889789303,0.846761453396525,0.89776357827476,0,0,0.392857142857143,0.833865814696486,0.165,0.82018927444795,0.160629921259843,0.839370078740157,0.621236133122029,0.680064308681672,0.28171334431631,0.796052631578947,0.841269841269841,0,0.817589576547231,0,0.15527950310559,0.693843594009983,0.171339563862928,0.837320574162679,0.1664,0,0.557632398753894,0.610305958132045,0.151658767772512,0,0.157650695517774,0,0.753333333333333,0.172897196261682,0,0.465927099841521,0.17258064516129,0.385737439222042,0.201970443349754,0.852848101265823,0,0.153846153846154,0.885852090032154,0,0.45226917057903,0.844236760124611,0.825471698113208,0.17483660130719,0.147909967845659,0.174922600619195,0.179611650485437,0.170454545454545,0,0.180936995153473,0,0.668217054263566,0.885895404120444,0.164556962025316,0.168831168831169,0.168730650154799,0.169303797468354,0.0302547770700637,0.852380952380952,0.180762852404643,0.197784810126582,0.401898734177215,0.17981072555205,0.152755905511811,0.181089743589744,0,0,0.172628304821151,0,0.805031446540881,0.00160771704180064,0.195275590551181,0.898527004909984,0.758899676375405,0.775157232704403,0.22488038277512,0.00161030595813205,0.848966613672496,0.153481012658228,0.15615141955836,0.490384615384615,0.648484848484848,0.764885496183206,0.916279069767442,0.474193548387097,0.851910828025478,0.780063291139241,0.551834130781499,0.777059773828756,0.43015873015873,0.821939586645469,0,0.830870279146141,0.679802955665025,0.14759535655058,0.443217665615142,0.755795981452859,0.487220447284345,0.268680445151033,0.162460567823344,0.198003327787022,0.181669394435352,0.1620294599018,0.15780998389694,0.639810426540284,0.733542319749216,0.158576051779935,0.844375963020031,0.837753510140406,0.28343949044586,0,0.162204724409449,0.193037974683544,0,0.793269230769231,0,0.201288244766506,0,0.175911251980983,0.165605095541401,0.836220472440945,0.326892109500805,0.150943396226415,0.454692556634304,0.498402555910543,0.248376623376623,0,0,0.226130653266332,0.214939024390244,0.168992248062016,0,0,0.836633663366337,0.80811232449298,0.555555555555556,0,0.713166144200627,0,0.23739837398374,0.159609120521173,0.749598715890851,0.740506329113924,0,0.789303079416532,0.5,0.271844660194175,0.185758513931889,0.368421052631579,0.84384858044164,0.177133655394525,0.0784,0.154228855721393,0,0.1734375,0,0.166394779771615,0.858306188925081,0.518760195758564,0,0,0.317683881064163,0.222039473684211,0.196875,0.406940063091483,0.826224328593997,0.836538461538462,0.2896,0.311912225705329,0,0.855784469096672,0.184168012924071,0,0.183006535947712,0.191153238546603,0.841935483870968,0.00315955766192733,0.833333333333333,0.156050955414013,0.709624796084829,0.797770700636943,0.788709677419355,0.917591125198098,0.437704918032787,0.787735849056604,0.166123778501629,0,0.385483870967742,0.180094786729858,0,0,0.847113884555382,0,0.847133757961783,0.165876777251185,0.396351575456053,0.829821717990275,0.840322580645161,0.558213716108453,0.19773095623987,0.626602564102564,0.00614439324116743,0.832236842105263,0.0470016207455429,0.00956937799043062,0,0.701298701298701,0.825,0.8288,0.82992125984252,0.847003154574132,0.00330578512396694,0.00628930817610063,0.835443037974684,0.00650406504065041,0.0033112582781457,0.0255591054313099,0.0047244094488189,0.0062992125984252,0.844094488188976,0.0111287758346582,0.837620578778135,0.834415584415584,0.00487012987012987,0.837359098228664,0.0483619344773791,0.850393700787402,0.781102362204724,0.833592534992224,0.840836012861736
"57",0,0,0,0,0,0,0.0130081300813008,0,0,1,0,1,0,0,0,0,1,0.983922829581994,0,0,0,0,0,1,0,0,0,0.00164203612479475,0,0,0,0,0.00164744645799012,0,1,0,0.975767366720517,0,0,0,0.998344370860927,0.985483870967742,0.993558776167472,0,0,0,0,0,0,0,1,0,0,0,0.0114192495921697,0,1,0,0.00159489633173844,0,0,0,0,1,0,0,1,0,1,0,0,0,0,0,1,0,0,0,0.00165562913907285,0,1,0,0,0,0,0,0,0,0.00320512820512821,0.987240829346092,0,0,1,1,0,1,0.0193236714975845,0,0.992025518341308,0.990243902439024,0.0113821138211382,1,0,0,0,0,0.986928104575163,0.00160771704180064,0,0,0,0.0144694533762058,0,0,1,0,0,1,0,0,1,0.0016366612111293,0,0,0,0,0,0,1,0.00644122383252818,0,0,0,1,0,0,1,0,0,0.00823723228995058,1,1,0,0,0,0,0,0,0,0,0,0,0,0,0,0,0,0,1,0,0.00156494522691706,0,0,1,0,0,0,0,0,0,0,0,0,0,0,0,1,0,1,0,0,0,0,0,0,0,0,0,0,0,0,0,0,0.0212071778140294,1,1,0,0.998412698412698,0,0,0.0113452188006483,0,0,0,0,0,0,0,0.00156985871271586,1,0,0,0,0,0,0.00482315112540193,0,0,0.0016025641025641,0,0,1,0,0,0,1,0,0,0.00482315112540193,0,0,0,0.0177133655394525,1,0.0141509433962264,0,0,0,0,0,0,0,0,0,0,0,0,0,0,0,0,0,0,0,0,0,0,0,0.986928104575163,0,1,0.00490998363338789,0,0,0,1,0,0.00317965023847377,0,0,0,0,0.985576923076923,0,0,0,0,0,0,0,0,0,0,0.0130932896890344,1,0,0.0162866449511401,1,0,0.0125195618153365,0,1,0,0,0,0,0,1,0.0176848874598071,0,0,0,0,0,0,0,0,0,0,0,0,0,0,0,0,0.00161550888529887,0,0.944620253164557,0,0,0,0,0,0,0,0,0,0,0,0,1,0,0.0113636363636364,0,0.941176470588235,0,0,0,0,1,0,0,0,0,0,0,0,0,0,0,1,0,0,0,0,0,0,1,0,0,0,0.00160513643659711,0,0,0,0,1,0,0,0,0,0,0,0,0,0,0,0,0,0.0032258064516129,0,0,0,0,0,0,0,0,0,0,0,0,1,0,0,0,1,0,0.988429752066116,0,0,0,0.995114006514658,0.00810372771474878,0,0,0,0,0,0,0,0,1,0,0,0,0,0,0,0,1,0,0,0,0,0,0.00165016501650165,0,0.011986301369863,0.993537964458804,0,0,0,1,0,0.0016,0,0,0,1,1,0,0,1,0,0.988486842105263,1,1,0,1,0,0.00158982511923688,0.00632911392405063,0,1,1,0,0,0,0,0.998347107438017,0.0189274447949527,0,0,0,0,1,0,0,0.00161812297734628,0,1,0,0,0,0.00161812297734628,1,0,0,0,1,0,0,0,0,0,0,0,0,0,0,0.00163934426229508,0,0.98858075040783,0,0,0,0,0.0130932896890344,1,0,0.00163132137030995,0,0,0,0,0,0,0,0,0,1,0,0,0,0.00498338870431894,0,0,0,0,0,0,0,0,0,0.0128,1,1,0,0,0,0,0,0,0,0,0.0172684458398744,1,0,0.0161550888529887,0,0,1,0,0,0,0.00163398692810458,0,0,0,0,0,0.0016260162601626,0,0,0.0147783251231527,0.0261437908496732,0,0,0.990461049284579,0,0,0,0,0,0,0,0.7671875,0,1,0.00163132137030995,0,0,0,1,0,0,0,0,0,0,1,1,0,0,0,1,0,0,0.578696343402226,0,0,0.00966183574879227,0,0,0,1,0,0,0,0.00471698113207547,0,0,0.990369181380417,0,0,1,0.00156494522691706,0,0,0,1,0.990275526742301,0,0,0,0,0.987075928917609,0.998319327731092,0,0,0,0,0,0,0,0,0.00164203612479475,0,0,0.998402555910543,0,1,0,0.155778894472362,0,0,0,1,0,0,0,1,0,1,0,0,1,0.0158478605388273,0,0,0.00164744645799012,0,1,0,0,1,0,0,0,0,0,0,0.00322061191626409,0.0016366612111293,1,0,0.976190476190476,0.0190174326465927,0,0,0,0,0,0.912559618441971,0,0,0,0,0,0,0,1,1,0,1,0,0.998384491114701,0,0,0,0,0,0.998384491114701,0,0,0,0,0,0,0,0,0,0,0,0,0,0,1,0,0.0199667221297837,0,0.0336538461538462,0,0,0.00158982511923688,0,0.00168634064080944,0,0,0,0,0,0,0,0,0.0016260162601626,0.985736925515055,0,0,1,0,1,0,1,0,0,0,0,0,0.0016366612111293,0,0.0179738562091503,1,1,0,0,0,1,1,0,0,0,1,0,1,0,0,0.0328947368421053,0,1,0,0,0,0,0,0,0,0.895238095238095,0,1,0,0.992012779552716,0,0,0.380952380952381,1,1,0,0,0.00797448165869218,0,0,0,0,0,1,0,0,1,0,0,0,0.954911433172303,0,0,0,0,0,0,0,0,0,1,0,0,0.99672131147541,1,0,1,0,0,0,0,0,0.00490998363338789,0.00487012987012987,0,0.943217665615142,0,0.894563426688633,0.975728155339806,1,0.161449752883031,0,0,0.00637958532695375,0,0.949096880131363,0.936,0,0.97741935483871,0.993421052631579,0.952691680261011,0.969502407704655,0.936406995230525,0,0.966772151898734,0,0,0.950657894736842,0,0.923317683881064,0,0.0543130990415335,0,0
"58",0.971014492753623,0.971608832807571,0.942367601246106,0.912,0.962418300653595,0.980263157894737,0.872374798061389,0.9472,0.978227060653188,0,0.974643423137876,0,0.57097288676236,0.978896103896104,0.0714285714285714,0.03486529318542,0,0.0142857142857143,0.977455716586151,0.965571205007825,0.188976377952756,0.0598006644518272,0.9796875,0,0.941823899371069,0.268921095008052,0.129746835443038,0.964285714285714,0.481366459627329,0.669811320754717,0.0249221183800623,0.689984101748808,0.759170653907496,0.315707620528771,0,0.976038338658147,0.0191387559808612,0.97933227344992,0.287901990811639,0.90015600624025,0.00158982511923688,0.0157977883096366,0.00632911392405063,0.977309562398703,0.779552715654952,0.0422764227642276,0.536115569823435,0.0257234726688103,0.486943164362519,0.156398104265403,0,0.971563981042654,0.287319422150883,0.973058637083994,0.863123993558776,0.182266009852217,0,1,0.931357254290172,0.888540031397174,0.321316614420063,0.446708463949843,0.0254777070063694,0,0.899841017488076,0.820919175911252,0,0.969936708860759,0,0.0275526742301459,0.844690966719493,0.0241545893719807,0.0467741935483871,0.982758620689655,0,0.70606531881804,0.0625978090766823,0.592417061611374,0.878836833602585,0.286677908937605,0,0.711111111111111,0.220657276995305,0.974842767295597,0.132911392405063,0.894736842105263,0.972624798711755,0.943037974683544,0.946540880503145,0.0108527131782946,0.969404186795491,0.97456279809221,0,0,0.953225806451613,0,0.32120253164557,0.95859872611465,0.0063391442155309,0.00796178343949045,0.635499207606973,0,0.303858520900322,0.972312703583062,0.132192846034215,0.975728155339806,0.00974025974025974,0.952305246422893,0.0225806451612903,0.0304487179487179,0.028169014084507,0.873217115689382,0.34850863422292,0.964516129032258,0,0.965354330708661,0.705229793977813,0,0.0268987341772152,0.264423076923077,0,0.757624398073836,0.265723270440252,0.101973684210526,0.946957878315133,0.170616113744076,0.970358814352574,0.966876971608833,0,0.573692551505547,0.92018779342723,0.515497553017945,0.967532467532468,0,0.970247933884298,0.046801872074883,0,0.231746031746032,0.634768740031898,0.542207792207792,0,0,0.962204724409449,0.753623188405797,0.191489361702128,0.977707006369427,0.0297805642633229,0.906902086677368,0.440322580645161,0.955038759689922,0.172357723577236,0.954911433172303,0.978792822185971,0.829457364341085,0.973270440251572,0.025974025974026,0.973101265822785,0.027027027027027,0,0.744299674267101,0.8515625,0.9792663476874,0.0369230769230769,0,0.970496894409938,0.462540716612378,0.981937602627258,0.9792,0.974683544303797,0.312401883830455,0.950310559006211,0.025518341307815,0.923556942277691,0.0264797507788162,0.871019108280255,0.391373801916933,0,0.96474358974359,0,0.854632587859425,0.976152623211447,0.155844155844156,0.95748031496063,0.930489731437599,0.973805855161787,0.949685534591195,0.110935023771791,0.389230769230769,0.904376012965964,0.931147540983607,0.0774091627172196,0.028169014084507,0.954471544715447,0.837837837837838,0,0,0.324104234527687,0.00159489633173844,0.976780185758514,0.270569620253165,0.855519480519481,0.776377952755905,0.962732919254658,0.448717948717949,0.464114832535885,0.316912972085386,0.898876404494382,0.945425361155698,0.86053882725832,0,0.869905956112853,0.20327868852459,0.931818181818182,0.0241157556270096,0.0875,0.560126582278481,0.960380348652932,0.947784810126582,0.807383627608347,0.975961538461538,0.882258064516129,0,0.0964630225080386,0.652647975077882,0.974193548387097,0,0.97933227344992,0.959938366718028,0.573926868044515,0.556451612903226,0.978998384491115,0.981727574750831,0.394568690095847,0,0.868012422360248,0.5344,0.945990180032733,0.0251968503937008,0.956454121306376,0.972447325769854,0.973015873015873,0.934294871794872,0.5515625,0.0275974025974026,0.945945945945946,0.566188197767145,0.0322085889570552,0.0219092331768388,0.215780998389694,0.026984126984127,0.166397415185784,0.669278996865204,0.0222929936305732,0.0282574568288854,0.0298273155416013,0.606201550387597,0.0573770491803279,0.961538461538462,0.0130505709624796,0.0191693290734824,0,0.254019292604502,0.974358974358974,0.954113924050633,0.882352941176471,0,0.843234323432343,0.852614896988906,0.695161290322581,0.600961538461538,0.45,0.485759493670886,0.0108695652173913,0.975728155339806,0.127186009538951,0.707438016528926,0.93719806763285,0.0358814352574103,0.736334405144695,0.0257648953301127,0.140822784810127,0.979495268138801,0.975767366720517,0.874183006535948,0,0.655608214849921,0.858520900321543,0,0.020440251572327,0.872641509433962,0.946945337620579,0,0.027027027027027,0.0296875,0.953947368421053,0.866449511400652,0.0227642276422764,0,0.400316455696203,0.964912280701754,0.781055900621118,0.410742496050553,0.658576051779935,0.932389937106918,0.0334928229665072,0.976708074534162,0.972712680577849,0.0322061191626409,0.95748031496063,0.984126984126984,0.982142857142857,0.974643423137876,0.205741626794258,0.334913112164297,0.309262166405024,0.94888178913738,0.920195439739414,0.0500782472613459,0.282747603833866,0.945337620578778,0.175078864353312,0.331775700934579,0.974522292993631,0.975961538461538,0.944707740916272,0.686274509803922,0.977029096477795,0.277777777777778,0.94006309148265,0.975688816855754,0,0.342723004694836,0.556089743589744,0.041335453100159,0.0537974683544304,0.034375,0.895569620253165,0.0526315789473684,0.025,0,0.250398724082935,0.964573268921095,0.0942492012779553,0.957912457912458,0.945425361155698,0.962903225806452,0.307317073170732,0.304777594728171,0.682888540031397,0.47479674796748,0,0.814580031695721,0.0386398763523957,0.0685358255451713,0.209448818897638,0.97557003257329,0.0263565891472868,0,0.353503184713376,0.0404984423676012,0.0489396411092985,0.488745980707395,0.974643423137876,0.298679867986799,0.973288814691152,0.969889064976228,0,0.968036529680365,0.0266457680250784,0.976780185758514,0.832268370607029,0.976744186046512,0.0352,0.982866043613707,0.0224358974358974,0.880952380952381,0.711290322580645,0.924764890282132,0.960753532182104,0.9744,0.311605723370429,0.95253164556962,0.970219435736677,0.0297339593114241,0.0509554140127389,0.970731707317073,0.973228346456693,0.347266881028939,0.884244372990354,0.940789473684211,0.957943925233645,0.9826224328594,0,0.133986928104575,0.979527559055118,0.0302547770700637,0,0.940322580645161,0.0113636363636364,0.0670926517571885,0.981132075471698,0.9456,0.00321543408360129,0.639240506329114,0.4336,0.956730769230769,0.024390243902439,0.855305466237942,0.970873786407767,0.383386581469649,0.6140625,0.772435897435897,0,0.183144246353323,0.945072697899838,0.969889064976228,0.472353870458136,0.976228209191759,0.974402730375427,0.0543130990415335,0,0.95748031496063,0.980952380952381,0.929936305732484,0.679873217115689,0.0336538461538462,0.83974358974359,0.255485893416928,0.197969543147208,0.00788643533123028,0.625396825396825,0.613672496025437,0.609105180533752,0,0.307941653160454,0.8896,0.645211930926217,0.532710280373832,0.0973724884080371,0,0,0.972519083969466,0.975232198142415,0,0.9008,0.0112359550561798,0,0,0.976114649681529,0,0.977235772357724,0.770465489566613,0.541925465838509,0.977917981072555,0,0,0.974960876369327,0.943251533742331,0.719492868462758,0.0234375,0.00326797385620915,0.853312302839117,0.605546995377504,0.971337579617834,0.543171114599686,0.355305466237942,0,0.960505529225908,0.0249169435215947,0.932148626817447,0.108589951377634,0,0.0295489891135303,0.13258785942492,0.521381578947368,0.942307692307692,0,0.935085007727975,0.950949367088608,0.979527559055118,0,0.0904605263157895,0.940878378378378,0.0309446254071661,0.973228346456693,0.976415094339623,0.0338164251207729,0.978056426332288,0.320512820512821,0.792663476874003,0.0366826156299841,0.190864600326264,0.953451043338684,0.0111821086261981,0.0238853503184713,0.950233281493002,0.0327332242225859,0.674757281553398,0.408874801901743,0,0.128775834658188,0.741042345276873,0.26813880126183,0.944794952681388,0.0253565768621236,0.172955974842767,0.475953565505804,0.931993817619784,0.864274570982839,0.946688206785137,0.755627009646302,0,0.965571205007825,0.029874213836478,0.967948717948718,0.418032786885246,0.0278637770897833,0.976377952755906,0.97626582278481,0.976,0.646869983948636,0.961783439490446,0.158730158730159,0.219155844155844,0.92368839427663,0.858730158730159,0,0,0.964343598055105,0.908360128617363,0.0336,0.964686998394864,0.965079365079365,0.393364928909953,0.907166123778502,0.736089030206677,0.865414710485133,0,0.939490445859873,0.357259380097879,0.972929936305732,0.973186119873817,0,0.64,0.948387096774194,0.0253968253968254,0.682615629984051,0.4048,0.804915514592934,0.688709677419355,0.947611710323575,0.105343511450382,0.957377049180328,0.977987421383648,0.958466453674121,0.314332247557003,0.124416796267496,0.961904761904762,0.978090766823161,0.0078003120124805,0.777602523659306,0.487301587301587,0.283018867924528,0.76984126984127,0.979233226837061,0.853080568720379,0.978056426332288,0.134615384615385,0.0233722871452421,0,0.812101910828026,0.0253968253968254,0.0238473767885533,0.288854003139717,0,0.964630225080386,0.907232704402516,0.977812995245642,0.968602825745683,0.117174959871589,0.023961661341853,0,0,0.203583061889251,0.104333868378812,0.178743961352657,0,0.023696682464455,0.9734375,0.0251572327044025,0.316129032258064,0.979066022544283,0.609375,0.958132045088567,0.656549520766773,0.65891472868217,0,0.975794251134644,0.411858974358974,0.517741935483871,0.892523364485981,0.96417445482866,0.416534181240064,0.0096,0.922953451043339,0.928571428571429,0,0.947772657450077,0.0384,0.957236842105263,0.452076677316294,0,0.00794912559618442,0.53960396039604,0.829073482428115,0.0220472440944882,0.151465798045603,0.0110236220472441,0.00162074554294976,0.736923076923077,0.0499194847020934,0.973109243697479,0.334920634920635,0.968992248062015,0.0234741784037559,0.391785150078989,0.345659163987138,0.849270664505673,0.112,0.0236593059936909,0.00316957210776545,0.0738362760834671,0,0.970358814352574,0.0604575163398693,0.949771689497717,0.0285261489698891,0.977272727272727,0,0.524844720496894,0.46474358974359,0.976076555023923,0,0.979559748427673,0,0.413290113452188,0.966613672496025,0,0.661392405063291,0.962662337662338,0.756410256410256,0.924315619967794,0.0557275541795666,0,0.979397781299525,0.276872964169381,0,0.690095846645367,0.0230061349693252,0.0387596899224806,0.972267536704731,0.972312703583062,0.965785381026439,0.953451043338684,0.960191082802548,0,0.955414012738854,0.0268562401263823,0.373801916932907,0.312599681020734,0.968203497615262,0.968354430379747,0.984375,0.96998420221169,0.0496794871794872,0.036624203821656,0.962108731466227,0.945141065830721,0.725155279503106,0.957413249211357,0.979462875197472,0.946708463949843,0,0,0.983154670750383,0,0.0987460815047022,0,0.937106918238994,0.298360655737705,0.223491027732463,0.138582677165354,0.901430842607313,0,0.125,0.976152623211447,0.974882260596546,0.639423076923077,0.426605504587156,0.24,0.203100775193798,0.657004830917874,0.0189274447949527,0.147104851330203,0.562204724409449,0.288888888888889,0.708920187793427,0.0304,0,0.0209677419354839,0.338842975206612,0.974068071312804,0.622222222222222,0.253477588871716,0.628526645768025,0.863076923076923,0.980122324159021,0.939344262295082,0.956661316211878,0.975609756097561,0.972624798711755,0.559748427672956,0.421383647798742,0.979133226324238,0.0306748466257669,0.031201248049922,0.854166666666667,0.0110759493670886,0.973643410852713,0.969040247678019,0,0.122383252818035,0,0.938511326860841,0,0.951181102362205,0.975961538461538,0.031496062992126,0.813504823151125,0.973270440251572,0.658615136876006,0.626373626373626,0.854430379746835,0,0,0.899671052631579,0.924961715160796,0.960629921259842,0,0,0.0293159609120521,0.259433962264151,0.531782945736434,0,0.464856230031949,0,0.898550724637681,0.976190476190476,0.182847896440129,0.2546875,0,0.351219512195122,0.620634920634921,0.863207547169811,0.93953488372093,0.764331210191083,0.0239234449760766,0.959083469721768,0.0145161290322581,0.978896103896104,0,0.957746478873239,0.00796178343949045,0.976038338658147,0.0414673046251994,0.0323624595469256,0,0,0.813374805598756,0.916666666666667,0.910216718266254,0.714733542319749,0.0496124031007752,0.0337078651685393,0.822966507177033,0.819314641744548,0,0.0333863275039746,0.940514469453376,0,0.995137763371151,0.925867507886435,0.0922098569157393,0.0455974842767296,0.0286624203821656,0.973143759873618,0.478330658105939,0.104761904761905,0.119476268412439,0.129485179407176,0.682410423452769,0.121019108280255,0.976076555023923,0,0.762439807383628,0.968354430379747,0.00476947535771065,0,0.0212443095599393,0,0.027027027027027,0.979495268138801,0.712439418416801,0.0272873194221509,0.0238473767885533,0.560386473429952,0.927868852459016,0.446177847113885,0.0507936507936508,0.0210696920583468,0.0588235294117647,0.0141287284144427,0,0.0523809523809524,0.0279503105590062,0.0256,0.0361067503924647,0.0234741784037559,0.0504065040650407,0.0599369085173502,0.0317460317460317,0.017515923566879,0.00495049504950495,0.0272,0.0218068535825545,0.0598425196850394,0.0272435897435897,0.018957345971564,0.0277324632952692,0.0235849056603774,0.0477707006369427,0.0304,0.0233644859813084,0.0220820189274448,0.0579029733959311,0.0276073619631902,0.0224358974358974
"59",0.962674961119751,0.955521472392638,0.977168949771689,0.925039872408293,0.958466453674121,0.958532695374801,0.93563579277865,0.97196261682243,0.956060606060606,0.00157728706624606,0.960998439937597,0.00155038759689922,0.564263322884012,0.957074721780604,0.078125,0.0509259259259259,0.00302571860816944,0.0203442879499218,0.952153110047847,0.940729483282675,0.190184049079755,0.0653907496012759,0.946236559139785,0.00153139356814701,0.920245398773006,0.285046728971963,0.145996860282575,0.949044585987261,0.486646884272997,0.711213517665131,0.0393343419062027,0.685271317829457,0.764240506329114,0.29153605015674,0.0015527950310559,0.95583596214511,0.0214067278287462,0.950617283950617,0.298192771084337,0.876146788990826,0.00314465408805031,0.0184615384615385,0.0106544901065449,0.956386292834891,0.784,0.0669781931464174,0.509345794392523,0.0361635220125786,0.473363774733638,0.162613981762918,0.00309119010819165,0.951638065522621,0.299689440993789,0.953488372093023,0.926905132192846,0.19047619047619,0.00159489633173844,0.931357254290172,1,0.893617021276596,0.313572542901716,0.441578148710167,0.0392464678178964,0.00314465408805031,0.872641509433962,0.802147239263804,0.00154083204930663,0.944444444444444,0.00155038759689922,0.0363924050632911,0.825688073394495,0.0426829268292683,0.05625,0.958904109589041,0.00309597523219814,0.718608169440242,0.0804953560371517,0.569908814589666,0.925632911392405,0.30048465266559,0.00312989045383412,0.707951070336391,0.237237237237237,0.955089820359281,0.14375,0.915022761760243,0.951219512195122,0.950844854070661,0.930232558139535,0.0152905198776758,0.948517940717629,0.953775038520801,0.00156494522691706,0.00309119010819165,0.940184049079755,0.0031055900621118,0.318818040435459,0.952526799387443,0.0107033639143731,0.0140405616224649,0.632716049382716,0.00151745068285281,0.320433436532508,0.959311424100156,0.138297872340426,0.955905511811024,0.0140625,0.987596899224806,0.0362204724409449,0.048062015503876,0.0465116279069767,0.95046439628483,0.352941176470588,0.948757763975155,0.00317965023847377,0.975346687211094,0.719626168224299,0.00303030303030303,0.0414746543778802,0.250388802488336,0.00305343511450382,0.777258566978193,0.274143302180685,0.1,0.939024390243902,0.167682926829268,0.95565749235474,0.961240310077519,0.0031104199066874,0.570769230769231,0.918876755070203,0.4896,0.945226917057903,0.00311526479750779,0.950715421303657,0.0601503759398496,0.0031104199066874,0.236677115987461,0.613924050632911,0.540540540540541,0.00315457413249211,0.00320512820512821,0.961059190031153,0.7398753894081,0.185007974481659,0.95800933125972,0.0398162327718224,0.917956656346749,0.437694704049844,0.971036585365854,0.171383647798742,0.946957878315133,0.953343701399689,0.823889739663093,0.959938366718028,0.0315457413249211,0.958588957055215,0.0357142857142857,0.00156494522691706,0.731554160125589,0.897280966767372,0.945205479452055,0.0672782874617737,0.00153374233128834,0.960426179604262,0.469194312796209,0.9568,0.952012383900929,0.95565749235474,0.294930875576037,0.958397534668721,0.0385802469135802,0.929663608562691,0.0430906389301634,0.928792569659443,0.387596899224806,0.00314465408805031,0.953917050691244,0.00153846153846154,0.813084112149533,0.958904109589041,0.141269841269841,0.953632148377125,0.917557251908397,0.949177877428999,0.938556067588326,0.138036809815951,0.409090909090909,0.89937106918239,0.916932907348243,0.0911949685534591,0.0482866043613707,0.961240310077519,0.901081916537867,0.0015015015015015,0.00309597523219814,0.327014218009479,0.00306278713629403,0.957767722473605,0.286585365853659,0.9203125,0.730769230769231,0.961656441717791,0.467391304347826,0.444274809160305,0.320126782884311,0.894984326018809,0.927469135802469,0.905343511450382,0.00313479623824451,0.850609756097561,0.214285714285714,0.928682170542636,0.0419254658385093,0.0980091883614089,0.538699690402477,0.950617283950617,0.954614220877458,0.841121495327103,0.95852534562212,0.864274570982839,0.00309119010819165,0.100931677018634,0.651840490797546,0.955484896661367,0.00306278713629403,0.946319018404908,0.96996996996997,0.562691131498471,0.549141965678627,0.951026856240126,0.963607594936709,0.384496124031008,0.00321543408360129,0.924357034795764,0.543478260869565,0.971107544141252,0.0399385560675883,0.936267071320182,0.959311424100156,0.953416149068323,0.92018779342723,0.53343701399689,0.0417310664605873,0.974960876369327,0.531881804043546,0.0421052631578947,0.0442073170731707,0.231726283048211,0.0404354587869362,0.176470588235294,0.691131498470948,0.0324074074074074,0.0414110429447853,0.0509259259259259,0.609682299546142,0.0699523052464229,0.943217665615142,0.0159235668789809,0.0407523510971787,0.00308641975308642,0.249612403100775,0.962441314553991,0.942812982998454,0.875195007800312,0.00304878048780488,0.893819334389857,0.825347758887172,0.689335394126739,0.607142857142857,0.454404945904173,0.460691823899371,0.0151285930408472,0.954330708661417,0.143297380585516,0.707667731629393,0.968553459119497,0.0519083969465649,0.763608087091757,0.0421216848673947,0.147013782542113,0.956060606060606,0.956521739130435,0.934065934065934,0.00151285930408472,0.660060975609756,0.924882629107981,0.00309597523219814,0.0386398763523957,0.937689969604863,0.982866043613707,0.00306278713629403,0.0379939209726444,0.0368663594470046,0.955555555555556,0.880690737833595,0.0416,0.00158227848101266,0.390092879256966,0.97007874015748,0.809667673716012,0.417177914110429,0.671974522292994,0.937694704049844,0.0498442367601246,0.95565749235474,0.953846153846154,0.0375586854460094,0.943076923076923,0.962145110410095,0.934065934065934,0.953416149068323,0.205287713841369,0.326219512195122,0.321766561514196,0.984472049689441,0.907051282051282,0.0544323483670296,0.275541795665635,0.972006220839813,0.170506912442396,0.328808446455505,0.969135802469136,0.958990536277603,0.952978056426332,0.679936305732484,0.956127080181543,0.258320126782884,0.966412213740458,0.95260663507109,0.00315457413249211,0.328746177370031,0.561514195583596,0.0515625,0.0538461538461538,0.0451807228915663,0.893023255813953,0.0640243902439024,0.0354938271604938,0.00150602409638554,0.247295208655332,0.956723338485317,0.108864696734059,0.970779220779221,0.973520249221184,0.970358814352574,0.299684542586751,0.311708860759494,0.657276995305164,0.473767885532591,0.00154083204930663,0.802773497688752,0.0606980273141123,0.0743550834597876,0.232771822358346,0.959119496855346,0.04,0.00153846153846154,0.328220858895706,0.0448916408668731,0.0521327014218009,0.482758620689655,0.958268933539413,0.313694267515924,0.958199356913183,0.926100628930818,0.00305343511450382,0.958579881656805,0.0332326283987915,0.954407294832827,0.805900621118012,0.955484896661367,0.0489296636085627,0.935185185185185,0.0403726708074534,0.857805255023184,0.718354430379747,0.905918057663126,0.967840735068913,0.955384615384615,0.31733746130031,0.930015552099533,0.957767722473605,0.0389221556886228,0.0594512195121951,0.959247648902821,0.953051643192488,0.353395061728395,0.860681114551084,0.936204146730462,0.929663608562691,0.963581183611533,0.00156739811912226,0.142172523961661,0.959152798789713,0.0419906687402799,0.00313479623824451,0.979559748427673,0.012779552715655,0.0752351097178683,0.951293759512938,0.976780185758514,0.0078740157480315,0.642089093701997,0.428571428571429,0.955246913580247,0.0424528301886792,0.84399375975039,0.957142857142857,0.392801251956182,0.617151607963247,0.793103448275862,0,0.194444444444444,0.979623824451411,0.9629057187017,0.459876543209877,0.964669738863287,0.935537190082645,0.0690184049079755,0.00306278713629403,0.958652373660031,0.953488372093023,0.932601880877743,0.67687595712098,0.0473933649289099,0.900311526479751,0.256651017214397,0.203225806451613,0.0106382978723404,0.60093896713615,0.587677725118483,0.613104524180967,0.00305810397553517,0.310725552050473,0.925696594427245,0.626749611197512,0.538109756097561,0.112107623318386,0.00303030303030303,0.00301659125188537,0.955752212389381,0.925531914893617,0.00153374233128834,0.933846153846154,0.0141732283464567,0.0030441400304414,0.00316957210776545,0.954545454545455,0.00153374233128834,0.957006369426752,0.778637770897833,0.55045871559633,0.9558599695586,0.00318471337579618,0.00157977883096367,0.954758190327613,0.930091185410334,0.710365853658537,0.0382848392036753,0.00476947535771065,0.924812030075188,0.616564417177914,0.963358778625954,0.52824427480916,0.386292834890966,0.00153139356814701,0.946236559139785,0.0446570972886762,0.959935897435897,0.113385826771654,0.00305343511450382,0.0476190476190476,0.144200626959248,0.487961476725522,0.938271604938272,0.00303030303030303,0.941616766467066,0.941807044410414,0.965045592705167,0.0031104199066874,0.11128526645768,0.9008,0.0477707006369427,0.952743902439024,0.958904109589041,0.047112462006079,0.952526799387443,0.330232558139535,0.810264385692068,0.0494590417310665,0.19872813990461,0.944186046511628,0.0124804992199688,0.0423197492163009,0.961832061068702,0.042654028436019,0.657728706624606,0.409090909090909,0.00305810397553517,0.153374233128834,0.755070202808112,0.281972265023112,0.949464012251149,0.0420560747663551,0.171993911719939,0.455573505654281,0.924242424242424,0.89041095890411,0.936923076923077,0.72626582278481,0.00154083204930663,0.943939393939394,0.0382848392036753,0.917956656346749,0.420967741935484,0.0392749244712991,0.961597542242704,0.962025316455696,0.957680250783699,0.625786163522013,0.967492260061919,0.169036334913112,0.21996879875195,0.919254658385093,0.921296296296296,0.00303951367781155,0.00315955766192733,0.951486697965571,0.908227848101266,0.0529595015576324,0.966929133858268,0.95968992248062,0.38828967642527,0.934609250398724,0.722308892355694,0.926829268292683,0.00303030303030303,0.934169278996865,0.3515625,0.966257668711656,0.958715596330275,0.00305343511450382,0.63452566096423,0.975039001560062,0.0450310559006211,0.700156985871272,0.406727828746177,0.773333333333333,0.687211093990755,0.920060331825038,0.110429447852761,0.962962962962963,0.959564541213064,0.966049382716049,0.327503974562798,0.127105666156202,0.956656346749226,0.961890243902439,0.0091324200913242,0.761978361669243,0.452418096723869,0.290322580645161,0.769113149847095,0.957055214723926,0.8609375,0.952453987730061,0.136503067484663,0.0355987055016181,0.00306278713629403,0.841781874039939,0.0408805031446541,0.0447530864197531,0.301538461538462,0.0031201248049922,0.951788491446345,0.903225806451613,0.964669738863287,0.957639939485628,0.125386996904025,0.0432766615146832,0.00298953662182362,0.00153609831029186,0.208791208791209,0.105180533751962,0.1796875,0.00153846153846154,0.0400616332819723,0.96177370030581,0.0242424242424242,0.320987654320988,0.955555555555556,0.603975535168196,0.939297124600639,0.671875,0.638297872340426,0.00154320987654321,0.962518740629685,0.423197492163009,0.520376175548589,0.961948249619482,0.967840735068913,0.398753894080997,0.0108359133126935,0.944012441679627,0.946889226100152,0.00154559505409583,0.924812030075188,0.057542768273717,0.947712418300654,0.438356164383562,0.00314465408805031,0.0124031007751938,0.545307443365696,0.842105263157895,0.0397553516819572,0.178628389154705,0.0153846153846154,0.0032,0.739393939393939,0.0506134969325153,0.964686998394864,0.341463414634146,0.963691376701967,0.0334855403348554,0.377675840978593,0.340659340659341,0.897476340694006,0.12741935483871,0.0486322188449848,0.00618238021638331,0.0811232449297972,0.00155038759689922,0.960665658093797,0.0706260032102729,0.977477477477477,0.0420560747663551,0.955905511811024,0.00306748466257669,0.522935779816514,0.46417445482866,0.955384615384615,0.0015552099533437,0.95952023988006,0.00313971742543171,0.414239482200647,0.953101361573374,0.00152439024390244,0.666156202143951,0.955384615384615,0.737577639751553,0.955974842767296,0.0727272727272727,0.00306748466257669,0.959938366718028,0.293291731669267,0.00305343511450382,0.688854489164087,0.0419161676646707,0.0552995391705069,0.957278481012658,0.960753532182104,0.957186544342508,0.929121725731895,0.945736434108527,0.00313971742543171,0.937984496124031,0.0260336906584992,0.371165644171779,0.315870570107858,0.953242835595777,0.947040498442368,0.957639939485628,0.945371775417299,0.0634674922600619,0.0524691358024691,0.953301127214171,0.932618683001531,0.695718654434251,0.943683409436834,0.95398773006135,0.974882260596546,0.00151057401812689,0.00300751879699248,0.942050520059435,0.00303951367781155,0.0971168437025797,0.0015748031496063,0.950233281493002,0.315873015873016,0.225705329153605,0.153374233128834,0.888188976377953,0.0030441400304414,0.143076923076923,0.957317073170732,0.962962962962963,0.63312693498452,0.451564828614009,0.238165680473373,0.213313161875946,0.63968253968254,0.0371517027863777,0.149390243902439,0.574730354391371,0.273006134969325,0.686635944700461,0.0513219284603421,0.00315457413249211,0.0343213728549142,0.328616352201258,0.957142857142857,0.646697388632873,0.259370314842579,0.605182926829268,0.905487804878049,0.943198804185351,0.951923076923077,0.949367088607595,0.9616,0.956043956043956,0.56,0.44478527607362,0.96078431372549,0.0422322775263952,0.0526315789473684,0.903875968992248,0.0151975683890578,0.956723338485317,0.923076923076923,0.00313971742543171,0.134796238244514,0.00153846153846154,0.925,0.00323101777059774,0.950387596899225,0.962382445141066,0.0375375375375375,0.840062111801242,0.957186544342508,0.664596273291925,0.644916540212443,0.921507064364207,0.00155038759689922,0.00308166409861325,0.919484702093398,0.949101796407186,0.963581183611533,0.00306748466257669,0.00152439024390244,0.0412044374009509,0.252663622526636,0.497674418604651,0.00153846153846154,0.479452054794521,0.00154083204930663,0.906200317965024,0.954968944099379,0.192429022082019,0.25948406676783,0.00303490136570561,0.362341772151899,0.587596899224806,0.849693251533742,0.965256797583082,0.792307692307692,0.0352220520673813,0.963317384370016,0.0234741784037559,0.956310679611651,0.00316957210776545,0.965465465465465,0.0093603744149766,0.956386292834891,0.0520504731861199,0.0333333333333333,0.00309597523219814,0.00155763239875389,0.825885978428351,0.886942675159236,0.976851851851852,0.708649468892261,0.0647590361445783,0.0458860759493671,0.809375,0.821917808219178,0.00315955766192733,0.0543478260869565,0.93125,0,0.939778129952456,0.961948249619482,0.0906298003072197,0.043010752688172,0.0401234567901235,0.956259426847662,0.489795918367347,0.0995405819295559,0.132471728594507,0.155487804878049,0.692063492063492,0.126331811263318,0.958333333333333,0.0030441400304414,0.746031746031746,0.943511450381679,0.00791139240506329,0.00308641975308642,0.0432190760059613,0.00156985871271586,0.0462249614791988,0.961597542242704,0.69935691318328,0.0333333333333333,0.043613707165109,0.558502340093604,1,0.448170731707317,0.0547112462006079,0.0381558028616852,0.0650793650793651,0.0248062015503876,0.00308641975308642,0.0641627543035994,0.0440060698027314,0.0361067503924647,0.0519083969465649,0.0369230769230769,0.0519685039370079,0.0593607305936073,0.0479876160990712,0.0214067278287462,0.0078740157480315,0.0324574961360124,0.0260736196319018,0.0630769230769231,0.0460122699386503,0.0246153846153846,0.0398724082934609,0.0510835913312693,0.0477707006369427,0.0457413249211356,0.0274390243902439,0.0412213740458015,0.0698757763975155,0.0406626506024096,0.0361635220125786
"60",0.910094637223975,0.899691358024691,0.910606060606061,0.923076923076923,0.908082408874802,0.91219512195122,0.87673343605547,0.929447852760736,0.901234567901235,0,0.900466562986003,0,0.683881064162754,0.900158478605388,0.152647975077882,0.11353032659409,0,0.0139968895800933,0.904836193447738,0.906727828746177,0.267692307692308,0.121359223300971,0.88719512195122,0,0.875,0.362637362637363,0.202786377708978,0.89297124600639,0.555052790346908,0.712977099236641,0.102134146341463,0.798136645962733,0.84458398744113,0.362229102167183,0,0.90015600624025,0.0212443095599393,0.896604938271605,0.36865671641791,0.85145482388974,0.0015625,0.0106382978723404,0.00151285930408472,0.899053627760252,0.804724409448819,0.118589743589744,0.594936708860759,0.0993788819875776,0.530827067669173,0.230652503793627,0,0.900311526479751,0.37111801242236,0.902053712480253,0.856474258970359,0.258730158730159,0,0.888540031397174,0.893617021276596,1,0.376524390243902,0.506849315068493,0.100156494522692,0,0.870253164556962,0.816232771822358,0,0.891104294478528,0,0.0950920245398773,0.817220543806647,0.101694915254237,0.114906832298137,0.911987860394537,0,0.786585365853659,0.13587786259542,0.628614916286149,0.902021772939347,0.36963696369637,0,0.818042813455658,0.31306990881459,0.896341463414634,0.218553459119497,0.88597842835131,0.904173106646059,0.910060975609756,0.882352941176471,0.00455235204855842,0.901408450704225,0.894573643410853,0,0,0.892355694227769,0,0.389147286821705,0.902290076335878,0.00462962962962963,0.00467289719626168,0.674382716049383,0,0.375389408099688,0.895148669796557,0.215477996965099,0.90224358974359,0.00470219435736677,0.909375,0.10062893081761,0.0979782270606532,0.109062980030722,0.866459627329193,0.441221374045802,0.896389324960754,0,0.924731182795699,0.811728395061728,0,0.100456621004566,0.320126782884311,0,0.848765432098765,0.361934477379095,0.179936305732484,0.893188854489164,0.231707317073171,0.907575757575758,0.904173106646059,0,0.612403100775194,0.902362204724409,0.53448275862069,0.890282131661442,0,0.892455858747994,0.119515885022693,0,0.321981424148607,0.661538461538462,0.593949044585987,0,0,0.926791277258567,0.788819875776398,0.267828843106181,0.904836193447738,0.104037267080745,0.88719512195122,0.521943573667712,0.899390243902439,0.24405705229794,0.897081413210445,0.905511811023622,0.808219178082192,0.89409984871407,0.0972886762360447,0.896124031007752,0.101721439749609,0,0.775038520801233,0.880916030534351,0.898911353032659,0.113496932515337,0,0.898928024502297,0.548489666136725,0.9024,0.900928792569659,0.898148148148148,0.358778625954198,0.915151515151515,0.102964118564743,0.894259818731118,0.105740181268882,0.905132192846034,0.464831804281346,0,0.895148669796557,0,0.824806201550388,0.906153846153846,0.21283255086072,0.91271056661562,0.871362940275651,0.892857142857143,0.901065449010654,0.197530864197531,0.469325153374233,0.884126984126984,0.899521531100478,0.146189735614308,0.104545454545455,0.920062695924765,0.851097178683386,0,0,0.408805031446541,0.0015600624024961,0.903522205206738,0.36036036036036,0.860759493670886,0.762633996937213,0.902402402402402,0.51875,0.479389312977099,0.391849529780564,0.864197530864197,0.889415481832543,0.911214953271028,0,0.827956989247312,0.2864,0.912636505460218,0.0932069510268562,0.166412213740458,0.607142857142857,0.877519379844961,0.903669724770642,0.885271317829457,0.904109589041096,0.877358490566038,0,0.167177914110429,0.710122699386503,0.898278560250391,0,0.902587519025875,0.908955223880597,0.616459627329193,0.616692426584235,0.8921875,0.89968152866242,0.440677966101695,0,0.879336349924585,0.630914826498423,0.911532385466035,0.0953846153846154,0.912121212121212,0.89937106918239,0.894495412844037,0.890625,0.584355828220859,0.107142857142857,0.910377358490566,0.609831029185868,0.0939393939393939,0.100917431192661,0.272012578616352,0.0847457627118644,0.257097791798107,0.704441041347626,0.0916030534351145,0.0984848484848485,0.103235747303544,0.648648648648649,0.138095238095238,0.895569620253165,0.004739336492891,0.0962732919254658,0,0.325,0.896713615023474,0.894409937888199,0.869905956112853,0,0.891338582677165,0.824427480916031,0.801538461538462,0.706521739130435,0.559006211180124,0.484177215189873,0.00460122699386503,0.898305084745763,0.211180124223602,0.793322734499205,0.916537867078825,0.115919629057187,0.765625,0.0949464012251149,0.199066874027994,0.900151285930408,0.888888888888889,0.860282574568289,0,0.686544342507645,0.864696734059098,0,0.0966767371601208,0.858858858858859,0.909375,0,0.0971168437025797,0.0913312693498452,0.920886075949367,1,0.0874403815580286,0,0.467175572519084,0.911949685534591,0.829819277108434,0.485362095531587,0.707547169811321,0.893518518518518,0.0962732919254658,0.905343511450382,0.891304347826087,0.106976744186047,0.913178294573643,0.900311526479751,0.888178913738019,0.903076923076923,0.280125195618153,0.397280966767372,0.387692307692308,0.906396255850234,0.879614767255217,0.043010752688172,0.337559429477021,0.920807453416149,0.254211332312404,0.383358098068351,0.90527950310559,0.903328050713154,0.933021806853583,0.745571658615137,0.893129770992366,0.324492979719189,0.910741301059002,0.895475819032761,0,0.41304347826087,0.600624024960998,0.106976744186047,0.0417956656346749,0.106927710843373,0.864197530864197,0.131498470948012,0.0937019969278034,0,0.330232558139535,0.903726708074534,0.172628304821151,0.913539967373573,0.918461538461538,0.910216718266254,0.390965732087227,0.392,0.717628705148206,0.544585987261146,0,0.83125,0.107575757575758,0.136157337367625,0.30381679389313,0.897476340694006,0.0948678071539658,0,0.434514637904468,0.108024691358025,0.116535433070866,0.5703125,0.896764252696456,0.3744,0.890675241157556,0.875583203732504,0,0.902077151335312,0.0931297709923664,0.898617511520737,0.832317073170732,0.8976,0.111455108359133,0.883969465648855,0.0883720930232558,0.841294298921418,0.801574803149606,0.891603053435114,0.908132530120482,0.892857142857143,0.390769230769231,0.897356143079316,0.904109589041096,0.103658536585366,0.117554858934169,0.905660377358491,0.904320987654321,0.422187981510015,0.836923076923077,0.8848,0.920807453416149,0.899068322981366,0,0.204724409448819,0.905864197530864,0.102040816326531,0,0.911949685534591,0.00476947535771065,0.136012364760433,0.904468412942989,0.909233176838811,0.00157728706624606,0.681747269890796,0.513428120063191,0.912908242612753,0.0883280757097792,0.837282780410742,0.89968152866242,0.462875197472354,0.656441717791411,0.861586314152411,0,0.276461295418641,0.920886075949367,0.902476780185758,0.54320987654321,0.910060975609756,0.883415435139573,0.116640746500778,0.0015527950310559,0.910906298003072,0.896923076923077,0.897959183673469,0.722054380664653,0.097331240188383,0.885220125786163,0.346564885496183,0.274220032840722,0.00308641975308642,0.6828125,0.631746031746032,0.696923076923077,0,0.383647798742138,0.897798742138365,0.71097372488408,0.625954198473282,0.173192771084337,0,0,0.899270072992701,0.886706948640483,0,0.875776397515528,0.00318979266347687,0,0,0.896923076923077,0,0.913112164296998,0.764252696456086,0.591591591591592,0.901990811638591,0,0,0.906976744186046,0.904334828101644,0.792682926829268,0.100154083204931,0.00158982511923688,0.852807283763278,0.658573596358118,0.903225806451613,0.616207951070336,0.434375,0,0.902777777777778,0.1,0.921850079744817,0.176287051482059,0,0.11377245508982,0.223255813953488,0.512820512820513,0.889739663093415,0,0.898928024502297,0.891437308868501,0.913446676970634,0,0.172684458398744,0.868204283360791,0.102439024390244,0.903374233128834,0.900611620795107,0.0998463901689708,0.904173106646059,0.412403100775194,0.810975609756098,0.111635220125786,0.261006289308176,0.911214953271028,0.00625,0.0970266040688576,0.904024767801858,0.110223642172524,0.739938080495356,0.501567398119122,0,0.200305810397554,0.818181818181818,0.371695178849145,0.905572755417957,0.100931677018634,0.258064516129032,0.486970684039088,0.907153729071537,0.990811638591118,0.904761904761905,0.791139240506329,0,0.89060092449923,0.0958904109589041,0.872699386503067,0.495207667731629,0.108231707317073,0.903225806451613,0.910216718266254,0.899529042386185,0.677570093457944,0.919753086419753,0.2288,0.294670846394984,0.879443585780526,0.861586314152411,0,0,0.904538341158059,0.888364779874214,0.108490566037736,0.895638629283489,0.921658986175115,0.474576271186441,0.893416927899687,0.729001584786054,0.868501529051988,0,0.890282131661442,0.425,0.905864197530864,0.907120743034056,0,0.687789799072643,0.90809968847352,0.104037267080745,0.746031746031746,0.463678516228748,0.79372197309417,0.7671875,0.889055472263868,0.181681681681682,0.896,0.909647779479326,0.921898928024502,0.382636655948553,0.199386503067485,0.914241960183767,0.893072289156627,0.0045045045045045,0.792944785276074,0.487654320987654,0.351851851851852,0.864274570982839,0.911214953271028,0.833594976452119,0.901538461538462,0.145705521472393,0.103338632750397,0,0.882352941176471,0.0924764890282132,0.103875968992248,0.37037037037037,0,0.911901081916538,0.903669724770642,0.895295902883156,0.893518518518518,0.179407176287051,0.102201257861635,0,0,0.269716088328076,0.186153846153846,0.239747634069401,0,0.10061919504644,0.893778452200303,0.053030303030303,0.392801251956182,0.898894154818325,0.651090342679128,0.887323943661972,0.742236024844721,0.703196347031963,0,0.904833836858006,0.472952086553323,0.578864353312303,0.901812688821752,0.912844036697248,0.484520123839009,0.00459418070444104,0.907975460122699,0.909502262443439,0,0.875190258751903,0.108527131782946,0.907166123778502,0.458461538461538,0,0.00465116279069767,0.592592592592593,0.923317683881064,0.103030303030303,0.230524642289348,0.00464396284829721,0.00160513643659711,0.753383458646616,0.114906832298137,0.900651465798046,0.422087745839637,0.904400606980273,0.0967741935483871,0.449230769230769,0.430599369085173,0.889064976228209,0.184,0.0966257668711656,0.00153846153846154,0.133228840125392,0,0.904109589041096,0.111287758346582,0.925981873111782,0.0984375,0.903426791277259,0,0.629007633587786,0.547140649149923,0.898484848484848,0,0.902290076335878,0,0.490536277602524,0.905426356589147,0,0.695517774343122,0.887171561051005,0.752755905511811,0.910094637223975,0.13109756097561,0,0.901538461538462,0.343307086614173,0,0.794162826420891,0.1,0.118279569892473,0.893915756630265,0.904836193447738,0.901215805471125,0.885271317829457,0.888024883359253,0,0.894080996884735,0.0151975683890578,0.429438543247344,0.387944358578053,0.906542056074766,0.905426356589147,0.906009244992296,0.893188854489164,0.0596330275229358,0.0995334370139969,0.903691813804173,0.910077519379845,0.752671755725191,0.885321100917431,0.90519877675841,0.918586789554531,0,0,0.892171344165436,0,0.164133738601824,0,0.896764252696456,0.35725677830941,0.322378716744914,0.217457886676876,0.880314960629921,0.00154083204930663,0.206842923794712,0.909937888198758,0.909509202453988,0.690031152647975,0.503725782414307,0.311475409836066,0.276853252647504,0.6890625,0.0964777947932619,0.212863705972435,0.619783616692427,0.3390625,0.742813918305598,0.107309486780715,0,0.096875,0.40746500777605,0.896496815286624,0.645608628659476,0.335329341317365,0.685099846390169,0.900611620795107,0.892749244712991,0.944983818770227,0.903785488958991,0.9104,0.906687402799378,0.634259259259259,0.515576323987539,0.902021772939347,0.102526002971768,0.104947526236882,0.895223420647149,0.00611620795107034,0.895612708018154,0.877112135176651,0,0.201267828843106,0,0.921174652241113,0,0.890262751159196,0.897832817337461,0.102564102564103,0.823348694316436,0.900763358778626,0.691943127962085,0.670676691729323,0.851500789889415,0,0,0.8896,0.897209985315712,0.91131498470948,0,0,0.0914927768860353,0.314112291350531,0.521739130434783,0,0.562883435582822,0,0.872472783825817,0.900630914826498,0.251170046801872,0.334351145038168,0,0.428120063191153,0.641104294478528,0.827160493827161,0.904334828101644,0.797839506172839,0.0998463901689708,0.92443729903537,0.0248833592534992,0.900630914826498,0,0.900302114803625,0.00152439024390244,0.894899536321484,0.108490566037736,0.0707547169811321,0,0,0.903726708074534,0.879556259904913,0.885885885885886,0.705089820359281,0.115326251896813,0.100946372239748,0.823076923076923,0.786786786786787,0,0.115919629057187,0.892355694227769,0,0.886255924170616,0.898484848484848,0.160883280757098,0.027906976744186,0.0876369327073552,0.898305084745763,0.548031496062992,0.164319248826291,0.192789968652038,0.211009174311927,0.772585669781931,0.17984496124031,0.907086614173228,0,0.78021978021978,0.892966360856269,0.00156985871271586,0,0.0948795180722892,0,0.0980091883614089,0.897832817337461,0.722662440570523,0.109872611464968,0.0989010989010989,0.624213836477987,0.897959183673469,0.525914634146341,0.0367534456355283,0.0910543130990415,0.0494417862838915,0.0200308166409861,0,0.113057324840764,0.109939759036145,0.0998415213946117,0.118098159509202,0.086890243902439,0.0382165605095541,0.0416024653312789,0.115384615384615,0.0202808112324493,0.004739336492891,0.0308166409861325,0.0275229357798165,0.0449612403100775,0.106976744186047,0.0228310502283105,0.104,0.112341772151899,0.031496062992126,0.102009273570325,0.0328849028400598,0.104134762633997,0.130769230769231,0.101796407185629,0.0990712074303406
"61",0.2921875,0.285046728971963,0.303265940902022,0.3392,0.315047021943574,0.2914653784219,0.361934477379095,0.306729264475743,0.304545454545455,0,0.29922480620155,0,0.5265625,0.293185419968304,0.705790297339593,0.719754977029097,0,0.0078003120124805,0.280757097791798,0.301857585139319,0.692307692307692,0.703403565640194,0.3078125,0,0.327639751552795,0.736925515055468,0.775888717156105,0.290529695024077,0.613876319758673,0.47887323943662,0.701078582434515,0.484567901234568,0.462132921174652,0.907378335949764,0,0.292569659442724,0.0061633281972265,0.287901990811639,0.688059701492537,0.362519201228879,0.00156739811912226,0.00615384615384615,0.00153374233128834,0.289269051321928,0.436102236421725,0.722929936305732,0.681458003169572,0.700626959247649,0.593893129770992,0.701834862385321,0,0.302652106084243,0.663026521060842,0.290769230769231,0.354531001589825,0.693163751987281,0,0.321316614420063,0.313572542901716,0.376524390243902,1,0.615146831530139,0.71606864274571,0,0.351735015772871,0.403374233128834,0,0.302325581395349,0,0.697160883280757,0.412942989214176,0.69242658423493,0.722308892355694,0.299689440993789,0,0.497723823975721,0.704718417047184,0.573415765069552,0.367924528301887,0.653465346534653,0,0.504643962848297,0.647239263803681,0.292944785276074,0.693846153846154,0.36030534351145,0.294656488549618,0.320987654320988,0.316436251920123,0.00304878048780488,0.295665634674923,0.279752704791345,0,0,0.307448494453249,0,0.622670807453416,0.293663060278207,0.0030441400304414,0.00315457413249211,0.515673981191223,0,0.669254658385093,0.286821705426357,0.708018154311649,0.298245614035088,0.003125,0.307332293291732,0.708527131782946,0.706436420722135,0.700310559006211,0.364353312302839,0.631987577639752,0.299689440993789,0,0.294753086419753,0.481481481481481,0,0.708722741433022,0.707547169811321,0,0.470125786163522,0.678071539657854,0.824561403508772,0.320493066255778,0.749615975422427,0.301391035548686,0.286384976525822,0,0.542901716068643,0.348837209302326,0.587579617834395,0.28594249201278,0,0.29073482428115,0.699846860643185,0,0.688888888888889,0.583596214511041,0.553259141494436,0,0,0.309230769230769,0.469953775038521,0.691573926868045,0.295886075949367,0.686708860759494,0.328197226502311,0.611821086261981,0.295902883156297,0.698083067092652,0.302652106084243,0.283227848101266,0.405864197530864,0.302936630602782,0.698587127158556,0.28393135725429,0.711388455538221,0,0.466772151898734,0.38,0.29393468118196,0.707390648567119,0,0.291021671826625,0.5776,0.281803542673108,0.289473684210526,0.282843894899536,0.944530046224962,0.3125,0.711388455538221,0.314984709480122,0.719457013574661,0.364928909952607,0.7265625,0,0.31201248049922,0,0.403076923076923,0.28902627511592,0.678018575851393,0.296296296296296,0.320433436532508,0.289940828402367,0.308868501529052,0.719188767550702,0.626524390243902,0.369426751592357,0.347003154574132,0.708268330733229,0.69922480620155,0.308917197452229,0.388544891640867,0,0,0.683881064162754,0.00154798761609907,0.302147239263804,0.670229007633588,0.374803149606299,0.494556765163297,0.296803652968037,0.604724409448819,0.599688473520249,0.669826224328594,0.334375,0.310344827586207,0.361963190184049,0,0.379416282642089,0.703525641025641,0.328616352201258,0.691107644305772,0.701674277016743,0.543613707165109,0.302325581395349,0.303759398496241,0.415241057542768,0.276661514683153,0.390015600624025,0,0.712715855572998,0.506912442396313,0.284810126582278,0,0.298299845440495,0.308734939759036,0.540498442367601,0.530232558139535,0.310832025117739,0.287319422150883,0.618604651162791,0,0.358662613981763,0.584234930448223,0.316211878009631,0.70679012345679,0.329787234042553,0.300157977883096,0.291858678955453,0.338050314465409,0.56441717791411,0.70846394984326,0.32755905511811,0.679938744257274,0.700453857791225,0.699236641221374,0.669278996865204,0.709375,0.673015873015873,0.480974124809741,0.700617283950617,0.70750382848392,0.714953271028037,0.516768292682927,0.670364500792393,0.316535433070866,0.00316455696202532,0.709627329192547,0,0.674085850556439,0.29153605015674,0.305511811023622,0.383045525902669,0,0.362760834670947,0.395136778115502,0.492138364779874,0.529042386185243,0.575899843505477,0.585055643879173,0.003125,0.292259083728278,0.69242658423493,0.477491961414791,0.314728682170543,0.719135802469136,0.464454976303318,0.707165109034268,0.695046439628483,0.290519877675841,0.300970873786408,0.365231259968102,0,0.513056835637481,0.353503184713376,0,0.702909647779479,0.345622119815668,0.296875,0,0.714285714285714,0.696319018404908,0.306962025316456,0.375196232339089,0.7085346215781,0,0.610062893081761,0.317034700315457,0.419354838709677,0.616719242902208,0.513470681458003,0.317972350230415,0.715179968701095,0.299694189602446,0.292117465224111,0.713395638629283,0.319444444444444,0.295031055900621,0.298245614035088,0.292758089368259,0.759433962264151,0.651908396946565,0.670769230769231,0.304140127388535,0.315024232633279,0.0170015455950541,0.706436420722135,0.313880126182965,0.772445820433437,0.656967840735069,0.304482225656878,0.29559748427673,0.326625386996904,0.509554140127389,0.288990825688073,0.710031347962382,0.326153846153846,0.302507836990596,0,0.646969696969697,0.526148969889065,0.725581395348837,0.015527950310559,0.711043872919818,0.344287949921753,0.747320061255743,0.705246913580247,0,0.78328173374613,0.297939778129952,0.707882534775889,0.30718954248366,0.325038880248834,0.302839116719243,0.695447409733124,0.675762439807384,0.541732283464567,0.580906148867314,0,0.447040498442368,0.701807228915663,0.69218989280245,0.684129429892142,0.3008,0.703875968992248,0,0.645412130637636,0.702160493827161,0.711356466876972,0.547880690737834,0.290171606864275,0.647619047619048,0.29126213592233,0.300940438871473,0,0.306332842415317,0.699537750385208,0.295281582952816,0.426332288401254,0.307692307692308,0.7,0.309815950920245,0.694227769110764,0.377708978328173,0.473767885532591,0.345622119815668,0.315217391304348,0.288819875776398,0.682242990654206,0.324367088607595,0.301684532924962,0.736363636363636,0.72626582278481,0.276295133437991,0.297380585516179,0.645705521472393,0.354391371340524,0.308186195826645,0.322932917316693,0.305426356589147,0,0.690590111642743,0.292569659442724,0.696594427244582,0,0.32018927444795,0.00316957210776545,0.71830985915493,0.301242236024845,0.302362204724409,0.00157728706624606,0.507763975155279,0.711598746081505,0.311320754716981,0.695447409733124,0.393700787401575,0.277602523659306,0.638364779874214,0.525660964230171,0.450393700787402,0,0.709828393135725,0.302066772655008,0.299065420560748,0.706422018348624,0.289230769230769,0.320325203252033,0.708268330733229,0.0015527950310559,0.306976744186047,0.303599374021909,0.330745341614907,0.523956723338485,0.708722741433022,0.36875,0.843410852713178,0.672158154859967,0.00307692307692308,0.567092651757188,0.618973561430793,0.561051004636785,0,0.656,0.344773790951638,0.558641975308642,0.578703703703704,0.704204204204204,0,0,0.287610619469027,0.319083969465649,0,0.355555555555556,0.00313971742543171,0,0,0.274447949526814,0,0.303370786516854,0.438291139240506,0.549770290964778,0.28657616892911,0,0,0.307453416149068,0.32370820668693,0.499229583975347,0.708841463414634,0.00159235668789809,0.368024132730015,0.539050535987749,0.312111801242236,0.66358024691358,0.626934984520124,0,0.312883435582822,0.707278481012658,0.334384858044164,0.692913385826772,0,0.695195195195195,0.704866562009419,0.793159609120521,0.31055900621118,0,0.327188940092166,0.30077519379845,0.284615384615385,0,0.700949367088608,0.338259441707718,0.71107544141252,0.288343558282209,0.289393939393939,0.709627329192547,0.29320987654321,0.676335877862595,0.429663608562691,0.702660406885759,0.69935691318328,0.34009360374415,0.00470957613814757,0.705426356589147,0.325652841781874,0.710144927536232,0.524409448818898,0.588050314465409,0,0.696124031007752,0.440191387559809,0.677621283255086,0.304953560371517,0.723704866562009,0.76791277258567,0.596747967479675,0.328220858895706,0.367624810892587,0.325508607198748,0.481889763779528,0,0.296352583586626,0.704268292682927,0.29595015576324,0.610328638497653,0.698170731707317,0.289230769230769,0.288611544461778,0.278041074249605,0.599063962558502,0.297380585516179,0.705974842767296,0.672496025437202,0.336973478939158,0.379471228615863,0,0,0.304821150855365,0.334913112164297,0.72755905511811,0.313385826771654,0.305810397553517,0.640062597809077,0.342356687898089,0.432389937106918,0.347692307692308,0,0.316770186335404,0.60828025477707,0.306501547987616,0.295489891135303,0,0.521875,0.311912225705329,0.708399366085578,0.475279106858054,0.602167182662539,0.427719821162444,0.525741029641186,0.316109422492401,0.667166416791604,0.297770700636943,0.299539170506912,0.328173374613003,0.659744408945687,0.674846625766871,0.308527131782946,0.298484848484848,0.0031055900621118,0.459541984732824,0.754224270353303,0.666666666666667,0.464898595943838,0.29595015576324,0.369496855345912,0.289922480620155,0.13109756097561,0.714285714285714,0,0.420560747663551,0.709576138147567,0.703761755485893,0.642638036809816,0,0.31974921630094,0.360060514372163,0.300155520995334,0.302752293577982,0.67398119122257,0.712025316455696,0,0,0.688888888888889,0.781446540880503,0.686427457098284,0,0.712098009188361,0.272161741835148,0.298621745788668,0.672955974842767,0.283489096573209,0.524031007751938,0.312302839116719,0.504643962848297,0.496194824961948,0,0.289120715350224,0.611727416798732,0.577287066246057,0.349157733537519,0.305007587253414,0.623076923076923,0.00307692307692308,0.317034700315457,0.32370820668693,0,0.310291858678955,0.713836477987421,0.3024,0.576323987538941,0,0.00463678516228748,0.587275693311582,0.42654028436019,0.707241910631741,0.691823899371069,0.0046875,0.00159744408945687,0.459580838323353,0.71656050955414,0.294892915980231,0.634556574923547,0.296803652968037,0.705246913580247,0.838957055214724,0.713831478537361,0.390127388535032,0.723101265822785,0.690993788819876,0.00156739811912226,0.765451664025357,0,0.293577981651376,0.592891760904685,0.293674698795181,0.7104,0.286624203821656,0,0.539393939393939,0.609105180533752,0.284820031298905,0,0.297872340425532,0,0.615629984051037,0.297674418604651,0,0.493108728943338,0.309262166405024,0.518987341772152,0.32484076433121,0.717391304347826,0,0.291079812206573,0.652996845425868,0,0.489891135303266,0.702865761689291,0.702743902439024,0.307332293291732,0.296875,0.302891933028919,0.306122448979592,0.312989045383412,0,0.311145510835913,0.00766871165644172,0.616564417177914,0.648985959438378,0.289922480620155,0.292259083728278,0.287692307692308,0.295665634674923,0.0354938271604938,0.712264150943396,0.288676236044657,0.329211746522411,0.509893455098935,0.295665634674923,0.289634146341463,0.325617283950617,0,0,0.294642857142857,0,0.701078582434515,0,0.335925349922239,0.65210355987055,0.770334928229665,0.684210526315789,0.332278481012658,0.00155763239875389,0.715610510046368,0.281004709576138,0.297971918876755,0.49144634525661,0.617691154422789,0.670149253731343,0.677321156773212,0.580441640378549,0.715821812596006,0.672333848531685,0.541732283464567,0.709828393135725,0.507575757575758,0.686821705426357,0,0.696540880503145,0.622222222222222,0.282258064516129,0.461068702290076,0.686544342507645,0.554179566563467,0.371340523882897,0.292682926829268,0.351437699680511,0.310897435897436,0.307324840764331,0.290679304897314,0.556414219474498,0.600624024960998,0.285714285714286,0.715568862275449,0.719033232628399,0.385448916408669,0.00460122699386503,0.299093655589124,0.292117465224111,0,0.732909379968203,0,0.339622641509434,0,0.320987654320988,0.297674418604651,0.69969512195122,0.416024653312789,0.28129829984544,0.477917981072555,0.499227202472952,0.374213836477987,0,0,0.340909090909091,0.316816816816817,0.309006211180124,0,0,0.714285714285714,0.723664122137405,0.574568288854003,0,0.615863141524106,0,0.357142857142857,0.293563579277865,0.654458598726115,0.642967542503864,0,0.627760252365931,0.612055641421947,0.374233128834356,0.336377473363775,0.4296875,0.710485133020344,0.288643533123028,0.0757097791798107,0.2864,0,0.307228915662651,0.0015527950310559,0.301261829652997,0.70735524256651,0.442700156985871,0,0,0.407176287051482,0.36115569823435,0.328746177370031,0.470858895705521,0.703479576399395,0.700159489633174,0.462848297213622,0.401225114854518,0,0.70125786163522,0.326086956521739,0,0.298869143780291,0.327217125382263,0.774494556765163,0.0109375,0.6984375,0.293313069908815,0.582677165354331,0.6875,0.671406003159558,0.688172043010753,0.515723270440252,0.7,0.307453416149068,0,0.45839874411303,0.302469135802469,0.00154320987654321,0,0.714285714285714,0,0.709627329192547,0.291277258566978,0.556089743589744,0.701112877583466,0.705229793977813,0.538095238095238,0.325949367088608,0.624036979969183,0.0167682926829268,0.694136291600634,0.0537974683544304,0.00928792569659443,0,0.572337042925278,0.702290076335878,0.703174603174603,0.699544764795144,0.714946070878274,0.0158730158730159,0.0185471406491499,0.689814814814815,0.0062992125984252,0.00157977883096367,0.0296411856474259,0.00771604938271605,0.0202492211838006,0.697347893915757,0.0154320987654321,0.702265372168285,0.70440251572327,0.012779552715655,0.691472868217054,0.0484848484848485,0.715160796324655,0.665629860031104,0.695252679938744,0.714285714285714
"62",0.434169278996865,0.431221020092736,0.439509954058193,0.471337579617834,0.430842607313196,0.446909667194929,0.500780031201248,0.46656298600311,0.439509954058193,0,0.423076923076923,0,0.598755832037325,0.420970266040689,0.60061919504644,0.571870170015456,0,0.00770416024653313,0.411392405063291,0.450769230769231,0.659476117103236,0.596153846153846,0.429892141756549,0,0.471406491499227,0.605304212168487,0.596546310832025,0.419558359621451,0.993893129770992,0.577639751552795,0.564885496183206,0.631172839506173,0.618971061093248,0.611801242236025,0,0.443057722308892,0.0151975683890578,0.445635528330781,0.672645739910314,0.514503816793893,0.00156494522691706,0.0045662100456621,0.00153609831029186,0.431279620853081,0.568037974683544,0.598086124401914,0.611635220125786,0.5703125,0.663093415007657,0.707646176911544,0,0.448598130841121,0.666149068322981,0.43213728549142,0.474339035769829,0.63349131121643,0,0.446708463949843,0.441578148710167,0.506849315068493,0.615146831530139,1,0.558359621451104,0,0.546021840873635,0.598449612403101,0,0.436817472698908,0,0.564541213063764,0.496194824961948,0.567278287461774,0.579029733959311,0.442572741194487,0,0.72768532526475,0.601217656012177,0.665144596651446,0.516587677725118,0.620860927152318,0,0.622154779969651,0.645454545454546,0.43030303030303,0.712074303405573,0.505359877488515,0.418461538461538,0.45565749235474,0.451313755795981,0,0.43171114599686,0.430321592649311,0,0,0.455696202531646,0,0.662576687116564,0.43531202435312,0.00151975683890578,0.00154559505409583,0.62015503875969,0,0.680685358255452,0.44391785150079,0.638138138138138,0.434375,0,0.451010886469673,0.561128526645768,0.558502340093604,0.578616352201258,0.480499219968799,0.628705148205928,0.447040498442368,0,0.444274809160305,0.622119815668203,0,0.562596599690881,0.656786271450858,0,0.629107981220657,0.702453987730061,0.580128205128205,0.442040185471406,0.658054711246201,0.436447166921899,0.437888198757764,0,0.670295489891135,0.476708074534161,0.694753577106518,0.437898089171975,0,0.426073131955485,0.57469512195122,0,0.697674418604651,0.597791798107255,0.677830940988836,0,0,0.453576864535769,0.673946957878315,0.669871794871795,0.434920634920635,0.564945226917058,0.470858895705521,0.614649681528662,0.438461538461538,0.665064102564103,0.446676970633694,0.433811802232855,0.519319938176198,0.426810477657935,0.563779527559055,0.429237947122862,0.565687789799073,0,0.699685534591195,0.514328808446455,0.45398773006135,0.576452599388379,0,0.429003021148036,0.6416,0.431118314424635,0.447040498442368,0.425954198473282,0.592261904761905,0.439814814814815,0.57433489827856,0.454545454545455,0.579185520361991,0.486614173228346,0.62037037037037,0,0.433697347893916,0,0.503805175038052,0.440184049079755,0.615987460815047,0.436447166921899,0.475308641975309,0.439461883408072,0.467987804878049,0.632307692307692,0.630467571644042,0.481717011128776,0.482649842271293,0.604724409448819,0.558641975308642,0.433281004709576,0.49768875192604,0,0,0.713836477987421,0.00151515151515152,0.431643625192012,0.650914634146341,0.485530546623794,0.548686244204019,0.429457364341085,0.682539682539683,0.698924731182796,0.710651828298887,0.452418096723869,0.441860465116279,0.493939393939394,0,0.506998444790047,0.670436187399031,0.4609375,0.563091482649842,0.581538461538462,0.674454828660436,0.452978056426332,0.435508345978756,0.590342679127726,0.441538461538462,0.564341085271318,0,0.610687022900763,0.770516717325228,0.45324881141046,0,0.431643625192012,0.440119760479042,0.667716535433071,0.571865443425077,0.44131455399061,0.424960505529226,0.663026521060842,0,0.487878787878788,0.628125,0.447325769854133,0.56030534351145,0.463302752293578,0.413312693498452,0.426332288401254,0.478056426332288,0.594135802469136,0.578446909667195,0.459752321981424,0.618320610687023,0.570359281437126,0.559398496240601,0.559190031152648,0.567398119122257,0.652996845425868,0.6049766718507,0.571428571428571,0.571865443425077,0.571648690292758,0.660091047040971,0.560509554140127,0.4546875,0.0015600624024961,0.569422776911076,0,0.670261941448382,0.438871473354232,0.459715639810427,0.485271317829457,0,0.506430868167203,0.589230769230769,0.625,0.625,0.589147286821705,0.690140845070423,0.00155038759689922,0.416796267496112,0.646341463414634,0.630645161290323,0.453396524486572,0.571428571428571,0.574803149606299,0.569659442724458,0.619414483821264,0.44947209653092,0.432216905901116,0.468152866242038,0,0.641452344931921,0.482059282371295,0,0.563165905631659,0.486153846153846,0.447737909516381,0,0.593846153846154,0.56468797564688,0.45253164556962,0.513470681458003,0.570532915360502,0,0.674922600619195,0.466876971608833,0.569678407350689,0.619631901840491,0.622047244094488,0.457055214723926,0.569206842923795,0.437878787878788,0.420970266040689,0.557993730407524,0.42967542503864,0.422776911076443,0.457547169811321,0.436817472698908,0.618683001531394,0.678955453149002,0.701095461658842,0.441455696202532,0.487961476725522,0.0229709035222052,0.652647975077882,0.467889908256881,0.61633281972265,0.680119581464873,0.435857805255023,0.431034482758621,0.468217054263566,0.769352290679305,0.424657534246575,0.665064102564103,0.456488549618321,0.426073131955485,0,0.66969696969697,0.640822784810127,0.570987654320988,0.0263975155279503,0.5662100456621,0.491551459293395,0.578386605783866,0.573189522342065,0,0.629457364341085,0.433229813664596,0.623824451410658,0.458937198067633,0.450617283950617,0.450393700787402,0.696400625978091,0.692307692307692,0.6671875,0.59805510534846,0,0.599071207430341,0.553706505295008,0.575572519083969,0.670229007633588,0.43730407523511,0.578538102643857,0,0.681114551083591,0.557098765432099,0.593354430379747,0.598746081504702,0.424148606811146,0.611374407582938,0.428341384863124,0.456964006259781,0,0.433035714285714,0.54434250764526,0.41743119266055,0.597826086956522,0.445686900958466,0.569422776911076,0.46048632218845,0.5578125,0.526964560862866,0.590697674418605,0.473282442748092,0.440677966101695,0.429230769230769,0.689335394126739,0.476635514018692,0.42185128983308,0.57469512195122,0.582568807339449,0.414826498422713,0.434984520123839,0.614307931570762,0.533742331288344,0.476650563607085,0.474085365853659,0.437116564417178,0,0.601910828025478,0.430340557275542,0.572530864197531,0,0.457869634340223,0.0015748031496063,0.588328075709779,0.429457364341085,0.438184663536776,0.00158227848101266,0.614197530864197,0.626356589147287,0.452418096723869,0.574193548387097,0.509316770186335,0.425465838509317,0.993798449612403,0.645357686453577,0.58814352574103,0,0.66306027820711,0.448275862068966,0.430769230769231,0.614791987673344,0.434108527131783,0.44205298013245,0.591962905718702,0,0.452859350850077,0.439137134052388,0.46875,0.656626506024096,0.568075117370892,0.503164556962025,0.619631901840491,0.644262295081967,0.0015527950310559,0.742448330683625,0.624213836477987,0.626339969372129,0,0.645110410094637,0.483024691358025,0.677321156773212,0.599688473520249,0.582089552238806,0,0,0.429850746268657,0.454128440366972,0,0.462848297213622,0,0,0,0.416012558869702,0,0.433441558441558,0.562790697674419,0.6732223903177,0.4209726443769,0,0,0.440809968847352,0.473604826546003,0.707055214723926,0.577572964669739,0,0.476621417797888,0.65296803652968,0.435054773082942,0.583206106870229,0.634796238244514,0,0.429438543247344,0.584126984126984,0.461783439490446,0.580188679245283,0,0.584218512898331,0.701421800947867,0.634028892455859,0.440494590417311,0,0.457013574660633,0.446676970633694,0.421133231240429,0,0.618524332810047,0.467980295566502,0.576051779935275,0.428129829984544,0.42185128983308,0.576687116564417,0.420890937019969,0.713395638629283,0.545454545454545,0.560250391236307,0.647527910685805,0.46417445482866,0.00157728706624606,0.570093457943925,0.460244648318043,0.57097288676236,0.755868544600939,0.579029733959311,0,0.610591900311526,0.561320754716981,0.704334365325077,0.449297971918877,0.57032457496136,0.620060790273556,0.703403565640194,0.458841463414634,0.502269288956127,0.46583850931677,0.654631083202512,0,0.452012383900929,0.572507552870091,0.447204968944099,0.677725118483412,0.569069069069069,0.421947449768161,0.435458786936236,0.428120063191153,0.590979782270607,0.444790046656299,0.655608214849921,0.666666666666667,0.478395061728395,0.496147919876733,0,0,0.444794952681388,0.461417322834646,0.569157392686804,0.43125,0.449768160741886,0.706521739130435,0.466353677621283,0.61189358372457,0.479514415781487,0,0.452566096423017,0.666144200626959,0.426356589147287,0.424336973478939,0,0.798136645962733,0.437106918238994,0.564945226917058,0.649206349206349,0.5948406676783,0.622754491017964,0.6,0.472809667673716,0.589312977099237,0.42902711323764,0.438080495356037,0.447530864197531,0.670926517571885,0.590697674418605,0.441860465116279,0.427710843373494,0.00152439024390244,0.665144596651446,0.670295489891135,0.621004566210046,0.586314152410575,0.429457364341085,0.50547730829421,0.443768996960486,0.147013782542113,0.563812600969305,0,0.566718995290424,0.565560821484992,0.567398119122257,0.629800307219662,0,0.456556082148499,0.482388973966309,0.422427035330261,0.435897435897436,0.615506329113924,0.563981042654028,0,0,0.64951768488746,0.580495356037152,0.607874015748031,0,0.563076923076923,0.409302325581395,0.223241590214067,0.689922480620155,0.438985736925515,0.632465543644717,0.471228615863142,0.617283950617284,0.623867069486405,0,0.431578947368421,0.694704049844237,0.694227769110764,0.482549317147193,0.436555891238671,0.66358024691358,0.00152905198776758,0.466049382716049,0.468373493975904,0,0.462595419847328,0.562790697674419,0.4608,0.684292379471229,0,0.0015600624024961,0.717569786535304,0.558869701726845,0.581648522550544,0.618819776714514,0.00153374233128834,0.00159235668789809,0.559090909090909,0.570542635658915,0.428104575163399,0.648062015503876,0.44,0.569044006069803,0.602782071097372,0.594679186228482,0.520766773162939,0.635634028892456,0.546439628482972,0.00154559505409583,0.569620253164557,0,0.431164901664145,0.48314606741573,0.436281859070465,0.578616352201258,0.428794992175274,0,0.583333333333333,1,0.431888544891641,0,0.44309559939302,0,0.653061224489796,0.452887537993921,0,0.613981762917933,0.438871473354232,0.557120500782473,0.46129541864139,0.580745341614907,0,0.437403400309119,0.610062893081761,0,0.630769230769231,0.561746987951807,0.575617283950617,0.427230046948357,0.44391785150079,0.426626323751891,0.451313755795981,0.441497659906396,0,0.451713395638629,0.00460122699386503,0.661016949152542,0.601255886970173,0.444790046656299,0.434715821812596,0.45045045045045,0.435779816513761,0.0572755417956656,0.591836734693878,0.455573505654281,0.458015267175573,0.676737160120846,0.439324116743472,0.421613394216134,0.452160493827161,0,0,0.446455505279035,0,0.587962962962963,0,0.457364341085271,0.624600638977636,0.615863141524106,0.628834355828221,0.488993710691824,0,0.632716049382716,0.428571428571429,0.433587786259542,0.6109375,0.705357142857143,0.648609077598829,0.625954198473282,0.59253499222395,0.569465648854962,0.625,0.692546583850932,0.666151468315301,0.681818181818182,0.572317262830482,0,0.552922590837283,0.66877971473851,0.420062695924765,0.601837672281776,0.672699849170437,0.706153846153846,0.50609756097561,0.443609022556391,0.475120385232745,0.448818897637795,0.433697347893916,0.440251572327044,0.598159509202454,0.627480916030534,0.441860465116279,0.573795180722892,0.581954887218045,0.520673813169985,0.00153609831029186,0.43030303030303,0.460244648318043,0,0.655948553054662,0,0.477308294209703,0,0.455792682926829,0.436532507739938,0.571646341463415,0.511075949367089,0.428571428571429,0.619496855345912,0.612213740458015,0.481308411214953,0,0,0.480645161290323,0.474074074074074,0.449010654490107,0,0,0.576086956521739,0.66015037593985,0.710280373831776,0,0.609302325581395,0,0.474921630094044,0.437106918238994,0.594339622641509,0.637048192771084,0,0.617693522906793,0.598145285935085,0.533026113671275,0.442424242424242,0.562305295950156,0.565625,0.441786283891547,0.0690737833594976,0.4375,0,0.436251920122888,0,0.417322834645669,0.580343213728549,0.351437699680511,0,0,0.539412673879444,0.502347417840376,0.455792682926829,0.589939024390244,0.584084084084084,0.567610062893082,0.505511811023622,0.475187969924812,0,0.578864353312303,0.446345256609642,0,0.44620253164557,0.452887537993921,0.595015576323987,0.0186915887850467,0.558823529411765,0.424615384615385,0.593004769475358,0.584905660377358,0.610305958132045,0.617647058823529,0.706539074960128,0.66464339908953,0.437209302325581,0,0.691222570532915,0.444444444444444,0,0,0.566517189835576,0,0.575899843505477,0.43778801843318,0.602523659305994,0.580188679245283,0.563291139240506,0.662440570522979,0.451816745655608,0.978395061728395,0.0226928895612708,0.559105431309904,0.0627943485086342,0.014018691588785,0,0.500770416024653,0.577211394302849,0.576138147566719,0.57427258805513,0.55690440060698,0.020440251572327,0.027355623100304,0.575384615384615,0.015552099533437,0.00159235668789809,0.0368663594470046,0.0184049079754601,0.0295489891135303,0.580343213728549,0.0213414634146341,0.568,0.553488372093023,0.0189873417721519,0.569875776397516,0.0508221225710015,0.581395348837209,0.556589147286822,0.585476550680787,0.574102964118565
"63",0.00162866449511401,0,0.0297805642633229,0.0629032258064516,0.0146103896103896,0,0.101748807631161,0.0257648953301127,0,0,0,0,0.432907348242812,0,0.956043956043956,0.993730407523511,0,0.00159489633173844,0.00162337662337662,0.0172413793103448,0.85126582278481,0.9688013136289,0.0125984251968504,0,0.0457413249211356,0.7508038585209,0.893819334389857,0.0112903225806452,0.528771384136858,0.318037974683544,1,0.312202852614897,0.238325281803543,0.717460317460317,0,0,0.0062111801242236,0.0031201248049922,0.745398773006135,0.0846394984326019,0,0,0,0,0.220032840722496,0.979166666666667,0.496835443037975,1,0.532407407407407,0.867394695787831,0,0.00794912559618442,0.737179487179487,0,0.105177993527508,0.838762214983713,0,0.0254777070063694,0.0392464678178964,0.100156494522692,0.71606864274571,0.558359621451104,1,0,0.0943708609271523,0.176100628930818,0,0.0110410094637224,0,1,0.144654088050314,0.992,0.979397781299525,0,0,0.287267080745342,0.956112852664577,0.442338072669826,0.10327868852459,0.753820033955857,0,0.3,0.787735849056604,0,0.88125,0.0924764890282132,0.00318471337579618,0.0359375,0.0284810126582278,0,0.0114192495921697,0,0,0,0.0274636510500808,0,0.694620253164557,0.0205696202531646,0,0,0.380348652931854,0,0.725363489499192,0,0.898911353032659,0,0,0.0203125,1,0.993650793650794,0.993769470404984,0.0840064620355412,0.67879746835443,0.00941915227629513,0,0.0126382306477093,0.303265940902022,0,1,0.771065182829889,0,0.236044657097289,0.75,0.921474358974359,0.0268562401263823,0.853697749196141,0.00308166409861325,0.00469483568075117,0,0.458003169572108,0.062200956937799,0.505636070853462,0.00807754442649435,0,0.00487012987012987,0.974882260596546,0,0.797124600638978,0.36984126984127,0.486088379705401,0,0,0.0207667731629393,0.246056782334385,0.823624595469256,0,0.993700787401575,0.073208722741433,0.595505617977528,0.0218408736349454,0.862459546925566,0.0158227848101266,0,0.170846394984326,0.0047244094488189,1,0,1,0,0.253611556982344,0.130094043887147,0.0188976377952756,0.981072555205047,0,0,0.545602605863192,0,0,0,0.718799368088468,0.0207336523125997,1,0.0483619344773791,1,0.104501607717042,0.638198757763975,0,0.0174603174603175,0,0.142857142857143,0,0.875605815831987,0.0142405063291139,0.0560747663551402,0.0108695652173913,0.0252365930599369,0.905750798722045,0.64031007751938,0.0732899022801303,0.0600649350649351,0.94551282051282,0.993660855784469,0.0209339774557166,0.125198098256735,0,0,0.705400981996727,0,0,0.75195007800312,0.113452188006483,0.233807266982622,0.00930232558139535,0.571656050955414,0.559561128526646,0.709208400646204,0.0774091627172196,0.0317965023847377,0.126168224299065,0,0.118670886075949,0.824390243902439,0.0551053484602917,1,0.929906542056075,0.463452566096423,0.0222222222222222,0.0188679245283019,0.1728,0.00158982511923688,0.110223642172524,0,0.930868167202572,0.34375,0.00483091787439614,0,0.00940438871473354,0.0201863354037267,0.448946515397083,0.466353677621283,0.00967741935483871,0,0.6208,0,0.0979462875197472,0.479806138933764,0.0291734197730956,1,0.0420560747663551,0.0016,0,0.0507936507936508,0.459876543209877,0.998405103668262,0.032,0.4578125,0.996908809891808,0.998444790046656,0.797101449275362,1,0.85172981878089,0.323574730354391,1,0.995245641838352,0.992125984251969,0.416149068322981,0.960912052117264,0.014446227929374,0,1,0,0.774960380348653,0,0.0221518987341772,0.0969793322734499,0,0.128289473684211,0.142857142857143,0.31911532385466,0.398089171974522,0.548489666136725,0.540192926045016,0,0,0.904238618524333,0.3003300330033,0.0385232744783307,0.990654205607477,0.261637239165329,0.998422712933754,0.883359253499222,0,0,0.0957792207792208,0,0.36031746031746,0.0966183574879227,0,1,0.0902021772939347,0.0173501577287066,0,0.998405103668262,0.998430141287284,0.0193861066235864,0.124394184168013,1,0,0.61198738170347,0.00961538461538462,0.211180124223602,0.623809523809524,0.359098228663446,0.0345911949685535,0.992,0,0,0.993569131832797,0.0315955766192733,0,0.0241157556270096,0.00318471337579618,0.829346092503987,0.68088467614534,0.715873015873016,0.0210696920583468,0.0561056105610561,0.0015527950310559,0.740680713128039,0.0258064516129032,0.859621451104101,0.695652173913043,0.0046875,0.00322061191626409,0.0303514376996805,0.314424635332253,0.00307692307692308,0.751219512195122,0.0341614906832298,0.0032,0,0.678125,0.449838187702265,0.984076433121019,0.0015625,0.993798449612403,0.0907643312101911,0.974921630094044,1,0,0.788216560509554,0.00796178343949045,0.919431279620853,0.0116666666666667,0.0304487179487179,0.0144230769230769,0.722852512155592,0.710355987055016,0.348101265822785,0.556464811783961,0,0.191318327974277,0.990668740279938,0.9578125,0.80811232449298,0,1,0,0.664586583463339,0.989164086687306,0.977491961414791,0.515248796147673,0,0.730519480519481,0,0.0338164251207729,0,0.00754147812971342,1,0.0015552099533437,0.184713375796178,0,0.988691437802908,0.0218068535825545,1,0.116903633491311,0.286634460547504,0.0518053375196232,0.00946372239747634,0,0.711111111111111,0.0398724082934609,0,1,0.974317817014446,0,0,0.6953125,0.118483412322275,0.0292207792207792,0.0485133020344288,0,0,0.888524590163934,0,0.998405103668262,0,0.0382165605095541,0,0.95024077046549,0,0.0305958132045089,0,0.372239747634069,0.59170653907496,0.0145867098865478,0.998402555910543,0.125200642054575,0.00324675324675325,0.619967793880837,0.398425196850394,0.213375796178344,0,0.846031746031746,0.0230642504118616,0.00157977883096367,0.563291139240506,0,0.0347682119205298,0.963492063492064,0,0.0111111111111111,0.00474683544303797,0.0478468899521531,0.32753164556962,0.993620414673046,0.130990415335463,0.776714513556619,0.822934232715008,0,0.384615384615385,0.401587301587302,0.385714285714286,0,0.730645161290323,0.0822784810126582,0.374203821656051,0.496111975116641,0.924012158054711,0,0,0,0.0246913580246914,0,0.0800627943485086,0,0,0,0.00159744408945687,0,0,0.222222222222222,0.485179407176287,0,0,0,0.0064,0.037037037037037,0.289763779527559,1,0,0.1046875,0.406593406593407,0,0.481366459627329,0.666666666666667,0,0.0172143974960876,1,0.0420032310177706,0.906451612903226,0,0.992331288343558,0.879421221864952,0.531456953642384,0.0266457680250784,0,0.0451010886469673,0.0205371248025276,0,0,0.932038834951456,0.0677966101694915,0.996747967479675,0,0,0.992063492063492,0,0.711568938193344,0.194928684627575,0.990384615384615,0.832236842105263,0.0403877221324717,0,1,0.0252365930599369,0.995073891625616,0.342902711323764,0.604501607717042,0,0.894321766561514,0.26461038961039,0.744444444444444,0.023961661341853,1,0.855828220858896,0.551894563426689,0.0497667185069984,0.113207547169811,0.0405186385737439,0.268370607028754,0,0.018957345971564,1,0.032,0.607491856677524,1,0,0,0,0.370253164556962,0.0112179487179487,0.872813990461049,0.819354838709677,0.0470219435736677,0.112698412698413,0,0,0.00645161290322581,0.059967585089141,0.985436893203884,0.0176,0.00631911532385466,0.6368,0.0684039087947883,0.268370607028754,0.0962732919254658,0,0.0268562401263823,0.66025641025641,0,0.00157977883096367,0,0.359872611464968,0.0244299674267101,1,0.316211878009631,0.623604465709729,0.211332312404288,0.320126782884311,0.0478395061728395,0.917701863354037,0.0163132137030995,0,0.0173775671406003,0.7008,0.885400313971743,0.00798722044728434,0,0,0.218500797448166,0.558359621451104,0.750392464678179,0.237421383647799,0,0.119426751592357,0,0.112341772151899,1,0,0.180223285486443,0.996805111821086,1,0.734920634920635,0,0.0062992125984252,0.090625,0.00158730158730159,0.00623052959501558,0.91025641025641,1,0,0,0.83974358974359,0.92368839427663,0.844444444444444,0,1,0,0.421461897356143,0.7140549273021,0,0.41259842519685,0.0256410256410256,0.3408,0.37245696400626,0,0,0.610662358642973,0.499186991869919,0.0727554179566563,0.0112,0.615262321144674,0,0.0456692913385827,0.0425867507886435,0,0.0317460317460317,0.982945736434109,0.0146341463414634,0.565560821484992,0,0,0.480737018425461,0.166397415185784,1,0.865384615384615,0,0,0.2557781201849,0.97557003257329,0,0.689873417721519,0.00628930817610063,1,0.625391849529781,0.684552845528455,0.133116883116883,0.904448105436573,0.995238095238095,0,0.961290322580645,0,0.0046801872074883,0.803921568627451,0.0184899845916795,0.996742671009772,0,0,0.485496183206107,0.527868852459016,0,0,0,0,0.616504854368932,0.0123839009287926,0,0.347286821705426,0.0194489465153971,0.255924170616114,0.0442622950819672,0.964451313755796,0,0,0.742671009771987,0,0.316118935837246,1,0.984447900466563,0,0,0.00626959247648903,0.0272,0.0176848874598071,0,0.0253164556962025,0,0.641955835962145,0.716772151898734,0.00783699059561128,0.00955414012738853,0.0046583850931677,0.00938967136150235,0.028125,0.987158908507223,0.0128410914927769,0.0414012738853503,0.296923076923077,0.0202492211838006,0,0.0283018867924528,0,0,0.0169230769230769,0,0.93217665615142,0.0016025641025641,0.0462519936204147,0.726973684210526,0.794453507340946,0.884375,0.0755627009646302,0.00157728706624606,0.896988906497623,0,0,0.3632,0.593655589123867,0.781345565749236,0.821538461538462,0.354368932038835,1,0.878164556962025,0.465299684542587,0.73968253968254,0.309748427672956,0.992050874403816,0,1,0.680781758957655,0,0.356012658227848,0.778120184899846,0.391912908242613,0.119309262166405,0.0107692307692308,0.0390243902439024,0.0161030595813204,0,0.00162866449511401,0.4608,0.592125984251968,0.0015748031496063,0.993893129770992,0.992272024729521,0.126984126984127,0,0,0.0282131661442006,0,0.886178861788618,0,0.0497592295345104,0,0.0251968503937008,0,0.993700787401575,0.161084529505582,0,0.356913183279743,0.384126984126984,0.106451612903226,0,0,0.063973063973064,0.0590909090909091,0.0110935023771791,0,0,1,0.765069551777434,0.501592356687898,0,0.560702875399361,0,0.076797385620915,0,0.809294871794872,0.759811616954474,0,0.665562913907285,0.409309791332263,0.13166144200627,0.0344827586206897,0.22662440570523,1,0.00813008130081301,0.0977564102564103,0,0,0.0184899845916795,0,0,0.977777777777778,0.611821086261981,0,0,0.18408736349454,0.074313408723748,0.0575079872204473,0.286370597243492,0.976816074188563,0.995145631067961,0.169871794871795,0.175193798449612,0,0.982594936708861,0.035031847133758,0,0.0146341463414634,0.0432098765432099,0.937597503900156,0,0.996835443037975,0,0.537964458804523,0.927786499215071,0.900161030595813,0.890822784810127,0.31869918699187,0.900928792569659,0,0,0.240770465489567,0.018957345971564,0,0,1,0,1,0,0.291803278688525,1,1,0.456026058631922,0.0429936305732484,0.561014263074485,0,0.998363338788871,0.0449438202247191,0.00949367088607595,0,0.80577849117175,0.993798449612403,0.998402555910543,0.9828125,1,0,0,0.987220447284345,0.00482315112540193,0.00321543408360129,0.0253565768621236,0.00476947535771065,0,0.993640699523052,0.0124804992199688,1,0.996794871794872,0,0.995319812792512,0.046583850931677,1,0.907523510971787,1,0.998397435897436
"64",0,0,0,0,0,0,0.0146818923327896,0.00160513643659711,0,1,0,1,0,0,0,0,1,0.984076433121019,0,0,0,0,0,1,0,0,0,0.00162866449511401,0,0,0,0,0.00163398692810458,0,1,0,0.977707006369427,0,0,0,1,0.984202211690363,0.993720565149137,0,0,0,0,0,0,0,1,0,0,0,0.0146341463414634,0,1,0,0.00314465408805031,0,0,0,0,1,0,0,1,0,1,0,0,0,0,0,1,0.00156985871271586,0,0,0.00162074554294976,0,1,0,0,0,0,0,0,0,0.00478468899521531,0.987519500780031,0,0,1,1,0,1,0.0192307692307692,0,0.993650793650794,0.991961414790997,0.0112,1,0,0,0,0,0.987138263665595,0.0032,0,0,0,0.016025641025641,0,0,1,0,0,1,0,0,1,0.00161550888529887,0,0,0,0,0,0,1,0.00628930817610063,0,0,0,1,0,0,1,0,0,0.0066334991708126,1,1,0,0,0,0,0,0,0,0,0,0,0,0,0,0,0,0,1,0,0.0062402496099844,0,0,1,0,0,0,0,0,0,0,0,0,0,0.00322061191626409,0,1,0,1,0,0,0,0,0,0,0,0,0,0,0,0,0,0,0.0238095238095238,1,1,0,1,0,0,0.0132669983416252,0,0,0,0,0,0,0,0.0015625,1,0,0,0,0,0,0.00477707006369427,0,0,0.00158730158730159,0,0,1,0,0,0,1,0,0,0.00638977635782748,0,0,0,0.0192616372391653,1,0.0159489633173844,0,0,0,0,0,0,0,0,0,0,0,0,0,0,0,0,0,0,0,0,0,0,0,0.988853503184713,0,1,0.00324149108589951,0,0,0,1,0.00166112956810631,0.00312989045383412,0,0,0,0,0.988924050632911,0,0,0,0,0,0,0,0,0,0,0.0147058823529412,1,0,0.0177993527508091,1,0,0.015552099533437,0.00162337662337662,1,0,0,0,0,0,1,0.0191082802547771,0,0,0,0,0,0,0,0,0,0,0,0,0,0,0,0,0.00319488817891374,0,0.946708463949843,0,0,0,0,0,0,0,0,0,0,0,0,1,0,0.00816993464052288,0,0.939102564102564,0,0,0,0,1,0,0,0,0,0,0,0,0,0,0,1,0,0,0,0,0,0,1,0,0,0,0.00322061191626409,0,0,0,0,1,0,0,0,0,0,0,0,0,0,0,0,0,0.00318979266347687,0,0,0,0,0,0,0,0,0,0,0,0,1,0,0,0,1,0,0.990180032733224,0,0,0,0.998381877022654,0.00961538461538462,0,0,0,0,0,0,0,0,1,0,0.00164744645799012,0,0,0,0,0,0.998412698412698,0,0,0,0,0,0.0065359477124183,0,0.0152284263959391,0.995290423861852,0,0,0,1,0,0.00159235668789809,0,0,0,1,1,0,0,1,0,0.9888,1,1,0,1,0,0.00157728706624606,0.0062992125984252,0,1,1,0,0,0,0,0.99670510708402,0.0202177293934681,0,0,0,0,1,0,0,0.00164203612479475,0,1,0,0,0,0.00155763239875389,1,0,0,0,1,0,0,0,0,0,0,0,0,0,0,0.00165016501650165,0,0.98858075040783,0,0,0,0,0.0113268608414239,1,0,0.00323101777059774,0,0,0,0,0,0,0,0,0,1,0,0,0,0.00495867768595041,0,0,0,0,0,0,0,0,0,0.0159489633173844,1,1,0,0,0,0,0,0,0,0,0.0185758513931889,1,0,0.0145395799676898,0,0,1,0,0,0,0.0016260162601626,0,0,0,0,0,0.00327868852459016,0,0,0.0149253731343284,0.0258481421647819,0,0,0.993690851735016,0,0,0,0,0,0,0,0.76303317535545,0,1,0.0016025641025641,0,0,0,1,0,0,0,0,0,0,1,1,0,0,0,1,0,0,0.56043956043956,0,0,0.00958466453674121,0,0,0,1,0,0,0,0.0046801872074883,0,0,0.99203821656051,0,0,1,0.0015552099533437,0,0,0,1,0.99203821656051,0,0,0,0,0.988727858293076,1,0,0,0,0,0,0,0,0,0.00647249190938511,0,0,0.998410174880763,0,1,0,0.152960526315789,0.0015527950310559,0,0,1,0,0,0,1,0,1,0,0,1,0.0186915887850467,0,0,0.00163934426229508,0,1,0,0,1,0,0,0,0,0,0,0.00481540930979133,0.00160771704180064,1,0,0.979462875197472,0.019047619047619,0,0,0,0,0,0.914012738853503,0,0,0,0,0,0,0,1,1,0,1,0,0.998384491114701,0,0,0,0,0,0.998389694041868,0,0,0,0,0,0,0,0,0,0,0,0,0,0,1,0,0.0179153094462541,0,0.0345911949685535,0,0,0.00623052959501558,0,0.00166112956810631,0,0,0,0,0,0,0,0,0.00318979266347687,0.98755832037325,0,0,1,0,1,0,1,0,0,0,0,0,0.00163132137030995,0,0.0191693290734824,1,1,0,0,0,1,1,0,0,0,1,0,1,0,0,0.0344827586206897,0,1,0,0,0,0,0,0,0,0.902086677367576,0,1,0,0.992063492063492,0,0,0.367741935483871,1,1,0.0016025641025641,0,0.00949367088607595,0,0,0,0,0,1,0,0,1,0,0,0,0.957345971563981,0,0,0,0,0,0,0,0,0,1,0,0,0.995145631067961,1,0,1,0,0,0,0,0,0.00655737704918033,0.00325732899022801,0,0.94794952681388,0,0.891625615763547,0.97444089456869,1,0.152597402597403,0,0,0.00469483568075117,0,0.946774193548387,0.938871473354232,0,0.974358974358974,0.99349593495935,0.947619047619048,0.968354430379747,0.936204146730462,0,0.965023847376789,0,0,0.952768729641694,0,0.922834645669291,0,0.053968253968254,0,0
"65",0.904838709677419,0.906200317965024,0.880434782608696,0.872785829307568,0.887043189368771,0.897689768976898,0.840130505709625,0.8832,0.909952606635071,0,0.9072,0,0.596463022508039,0.905073649754501,0.146067415730337,0.110047846889952,0,0.0174880763116057,0.890145395799677,0.913461538461538,0.262321144674086,0.142148760330579,0.901430842607313,0,0.872,0.346645367412141,0.208667736757624,0.889983579638752,0.595015576323987,0.6928,0.0874403815580286,0.712241653418124,0.808752025931929,0.348171701112878,0,0.908653846153846,0.0189274447949527,0.897476340694006,0.363354037267081,0.880382775119617,0.00160513643659711,0.017515923566879,0.00631911532385466,0.913821138211382,0.75487012987013,0.132786885245902,0.553921568627451,0.100961538461538,0.53416149068323,0.241433021806854,0,0.9008,0.353697749196141,0.901898734177215,0.828478964401295,0.25,0,0.899841017488076,0.872641509433962,0.870253164556962,0.351735015772871,0.546021840873635,0.0943708609271523,0,1,0.922222222222222,0,0.898222940226171,0,0.106109324758842,0.8048,0.101587301587302,0.114147909967846,0.899843505477308,0,0.782131661442006,0.13968253968254,0.668253968253968,0.846655791190865,0.345,0,0.719685039370079,0.310077519379845,0.902668759811617,0.22866344605475,0.844375963020031,0.906793048973144,0.885532591414944,0.88,0.0077639751552795,0.895238095238095,0.895330112721417,0,0,0.878489326765189,0,0.386327503974563,0.896496815286624,0.00634920634920635,0.008,0.648298217179903,0,0.384,0.898058252427185,0.208791208791209,0.900974025974026,0.00805152979066022,0.886547811993517,0.102439024390244,0.1088,0.100478468899522,0.837096774193548,0.379807692307692,0.891373801916933,0,0.899038461538462,0.721337579617834,0,0.0993589743589744,0.343548387096774,0,0.801292407108239,0.348314606741573,0.16887417218543,0.875796178343949,0.248417721518987,0.902973395931142,0.896607431340872,0,0.609250398724083,0.85828025477707,0.580327868852459,0.884297520661157,0,0.89344262295082,0.118564742589704,0,0.317666126418152,0.650819672131148,0.582651391162029,0,0,0.89171974522293,0.850722311396469,0.281456953642384,0.899022801302932,0.10828025477707,0.8576,0.470491803278689,0.881889763779528,0.241721854304636,0.893819334389857,0.896774193548387,0.781102362204724,0.896496815286624,0.106451612903226,0.892455858747994,0.0943089430894309,0,0.878088962108731,0.821036106750393,0.893416927899687,0.112852664576803,0,0.897637795275591,0.516501650165016,0.914754098360656,0.892282958199357,0.894488188976378,0.351937984496124,0.897271268057785,0.106109324758842,0.869905956112853,0.0996884735202492,0.830618892508143,0.435612082670906,0,0.89297124600639,0,0.809448818897638,0.909379968203498,0.224222585924714,0.886075949367089,0.88503937007874,0.905132192846034,0.921135646687697,0.19620253164557,0.425897035881435,0.840650406504065,0.86709886547812,0.1536,0.0962145110410095,0.891056910569106,0.808681672025723,0,0,0.4016,0.00158730158730159,0.908661417322835,0.339089481946625,0.824104234527687,0.746456692913386,0.895962732919255,0.519543973941368,0.53953488372093,0.389337641357027,0.839869281045752,0.87220447284345,0.836477987421384,0,0.866028708133971,0.28735632183908,0.878836833602585,0.107717041800643,0.169544740973312,0.615755627009646,0.888709677419355,0.884914463452566,0.826433121019108,0.902362204724409,0.888529886914378,0,0.170616113744076,0.778481012658228,0.891410048622366,0,0.887658227848101,0.88783570300158,0.605519480519481,0.568218298555377,0.891410048622366,0.898858075040783,0.452380952380952,0,0.833333333333333,0.57784911717496,0.888707037643208,0.1008,0.890282131661442,0.901453957996769,0.894904458598726,0.901929260450161,0.568910256410256,0.102439024390244,0.894904458598726,0.577777777777778,0.0911949685534591,0.10410094637224,0.260517799352751,0.0980707395498392,0.252019386106624,0.671949286846276,0.102728731942215,0.101246105919003,0.103338632750397,0.655172413793103,0.141924959216966,0.88780487804878,0.00972447325769854,0.0947030497592295,0,0.315112540192926,0.913680781758958,0.888178913738019,0.829073482428115,0,0.824302134646962,0.950871632329635,0.705977382875606,0.635930047694754,0.512861736334405,0.562903225806452,0.00797448165869218,0.889250814332248,0.198127925117005,0.717990275526742,0.867954911433172,0.108320251177394,0.73961661341853,0.10459587955626,0.223832528180354,0.899686520376176,0.897058823529412,0.824793388429752,0,0.68944099378882,0.833860759493671,0,0.0957613814756672,0.835680751173709,0.885993485342019,0,0.104761904761905,0.0972886762360447,0.89344262295082,0.860162601626016,0.0952380952380952,0,0.4768,0.895424836601307,0.782677165354331,0.439297124600639,0.697712418300654,0.871224165341812,0.0901771336553945,0.899841017488076,0.892628205128205,0.098546042003231,0.889937106918239,0.901771336553945,0.894308943089431,0.902086677367576,0.266244057052298,0.376190476190476,0.386327503974563,0.888519134775374,0.870065789473684,0.042654028436019,0.367313915857605,0.8832,0.231884057971014,0.41185647425897,0.912420382165605,0.902711323763955,0.895833333333333,0.808130081300813,0.899843505477308,0.35632183908046,0.875796178343949,0.900163666121113,0,0.390551181102362,0.570723684210526,0.114331723027375,0.0458135860979463,0.114599686028257,0.832797427652733,0.123003194888179,0.0983870967741935,0,0.3008,0.898058252427185,0.183574879227053,0.890365448504983,0.881685575364668,0.8944,0.388254486133768,0.387788778877888,0.750402576489533,0.488175675675676,0,0.855769230769231,0.103875968992248,0.135860979462875,0.294488188976378,0.894736842105263,0.106349206349206,0,0.40224358974359,0.116352201257862,0.127831715210356,0.53322528363047,0.893719806763285,0.349180327868852,0.891846921797005,0.899676375404531,0,0.894495412844037,0.086677367576244,0.896875,0.847266881028939,0.906300484652666,0.106623586429725,0.899529042386185,0.0974025974025974,0.875590551181102,0.736065573770492,0.932601880877743,0.887122416534181,0.892455858747994,0.394904458598726,0.9136,0.888888888888889,0.10410094637224,0.114285714285714,0.897226753670473,0.906793048973144,0.380348652931854,0.879173290937997,0.87751677852349,0.89540412044374,0.898573692551506,0,0.207236842105263,0.904836193447738,0.103059581320451,0,0.880064829821718,0.00825082508250825,0.132686084142395,0.89540412044374,0.889967637540453,0.00161550888529887,0.652665589660743,0.478537360890302,0.891891891891892,0.0986842105263158,0.802610114192496,0.895424836601307,0.491830065359477,0.654952076677316,0.777424483306836,0,0.261562998405104,0.881383855024712,0.8944,0.509646302250804,0.902711323763955,0.885470085470085,0.13237639553429,0,0.888198757763975,0.911330049261084,0.872,0.740157480314961,0.114331723027375,0.820097244732577,0.310832025117739,0.273333333333333,0.00630914826498423,0.722222222222222,0.646774193548387,0.639810426540284,0,0.366942148760331,0.851674641148325,0.723101265822785,0.553627760252366,0.180834621329212,0,0,0.897081413210445,0.894409937888199,0,0.852327447833066,0.00977198697068404,0,0,0.899361022364217,0,0.90671031096563,0.75796178343949,0.598130841121495,0.894819466248038,0,0,0.908227848101266,0.883177570093458,0.80127186009539,0.0967238689547582,0.0033003300330033,0.825396825396825,0.648264984227129,0.896166134185304,0.568037974683544,0.391304347826087,0,0.888540031397174,0.107843137254902,0.882544861337684,0.192,0,0.1046875,0.230031948881789,0.508389261744966,0.8704,0,0.878357030015798,0.880258899676375,0.904153354632588,0,0.181818181818182,0.865996649916248,0.108108108108108,0.90077519379845,0.890995260663507,0.114285714285714,0.896,0.395161290322581,0.79073482428115,0.121359223300971,0.258899676375405,0.890675241157556,0.00961538461538462,0.105939004815409,0.893650793650794,0.104825291181364,0.746710526315789,0.445544554455446,0,0.192,0.738287560581583,0.363492063492063,0.883757961783439,0.100478468899522,0.229199372056515,0.574013157894737,0.88062015503876,0.85062893081761,0.89983844911147,0.812297734627832,0,0.904912836767036,0.105180533751962,0.900974025974026,0.479541734860884,0.0976377952755905,0.9,0.9056,0.891980360065466,0.650717703349282,0.884984025559105,0.224193548387097,0.285483870967742,0.862459546925566,0.817170111287758,0,0,0.895330112721417,0.845161290322581,0.106796116504854,0.892282958199357,0.896496815286624,0.467408585055644,0.863192182410424,0.745571658615137,0.828438948995363,0,0.882825040128411,0.435691318327974,0.908507223113965,0.899212598425197,0,0.772727272727273,0.881493506493506,0.103789126853377,0.739967897271268,0.444270015698587,0.850609756097561,0.711507293354943,0.8828125,0.189358372456964,0.889070146818923,0.886970172684458,0.892455858747994,0.380872483221476,0.196825396825397,0.89297124600639,0.906793048973144,0.00473186119873817,0.872,0.515151515151515,0.341384863123994,0.75,0.898251192368839,0.821428571428571,0.912698412698413,0.138314785373609,0.0837520938023451,0,0.813204508856683,0.0970873786407767,0.0920840064620355,0.353035143769968,0,0.8992,0.853582554517134,0.898089171974522,0.886970172684458,0.188311688311688,0.0940032414910859,0,0,0.274061990212072,0.167213114754098,0.25,0,0.0913461538461538,0.893819334389857,0.0554675118858954,0.390127388535032,0.903225806451613,0.6336,0.899038461538462,0.687010954616588,0.6625,0,0.903669724770642,0.480707395498392,0.583468395461912,0.848818897637795,0.89873417721519,0.455974842767296,0.00630914826498423,0.86677367576244,0.88125,0,0.875195007800312,0.112341772151899,0.897858319604613,0.528363047001621,0,0.00796178343949045,0.597643097643098,0.805194805194805,0.0971337579617834,0.2128,0.0112359550561798,0.00165562913907285,0.728395061728395,0.127214170692432,0.899006622516556,0.405362776025237,0.889240506329114,0.0893416927899686,0.434169278996865,0.383606557377049,0.824877250409165,0.202970297029703,0.101721439749609,0.0031496062992126,0.138263665594855,0,0.891135303265941,0.125412541254125,0.886996904024768,0.104669887278583,0.902479338842975,0,0.557299843014129,0.578025477707006,0.910112359550562,0,0.909375,0,0.462295081967213,0.90077519379845,0,0.668261562998405,0.88529886914378,0.737179487179487,0.86677367576244,0.123417721518987,0,0.904761904761905,0.322899505766063,0,0.694227769110764,0.0927672955974843,0.115323854660348,0.897520661157025,0.895498392282958,0.892405063291139,0.881410256410256,0.874003189792663,0,0.922204213938412,0.01875,0.43581616481775,0.363924050632911,0.898251192368839,0.905448717948718,0.897314375987362,0.910543130990415,0.0563607085346216,0.116013071895425,0.895622895622896,0.874403815580286,0.800623052959502,0.875993640699523,0.901273885350318,0.8912,0,0,0.900621118012422,0,0.16984126984127,0,0.882825040128411,0.347826086956522,0.283828382838284,0.212264150943396,0.864600326264274,0,0.20625,0.898089171974522,0.900943396226415,0.654516640253566,0.50920245398773,0.326865671641791,0.255451713395639,0.650819672131148,0.10459587955626,0.23015873015873,0.610032362459547,0.364077669902913,0.788732394366197,0.106349206349206,0,0.0934426229508197,0.410214168039539,0.897727272727273,0.624600638977636,0.330188679245283,0.724842767295597,0.827102803738318,0.900473933649289,0.89202657807309,0.901639344262295,0.894909688013136,0.912337662337662,0.57556270096463,0.475357710651828,0.91437802907916,0.104134762633997,0.10061919504644,0.835164835164835,0.00955414012738853,0.9,0.898876404494382,0,0.208809135399674,0,0.881789137380192,0,0.887323943661972,0.900158478605388,0.101748807631161,0.789727126805779,0.909810126582278,0.667757774140753,0.642633228840125,0.821656050955414,0,0,0.872516556291391,0.871517027863777,0.897476340694006,0,0,0.0980392156862745,0.340590979782271,0.602848101265823,0,0.512,0,0.842105263157895,0.897435897435897,0.25,0.342767295597484,0,0.420967741935484,0.627868852459016,0.863123993558776,0.875,0.747980613893376,0.0951612903225806,0.905073649754501,0.0260162601626016,0.911037891268534,0,0.881435257410296,0.00647249190938511,0.89344262295082,0.11525974025974,0.0681063122923588,0,0,0.815873015873016,0.890909090909091,0.857369255150555,0.738582677165354,0.116822429906542,0.0951612903225806,0.775477707006369,0.779342723004695,0,0.109120521172638,0.891410048622366,0,0.895522388059702,0.873217115689382,0.152487961476726,0.0336538461538462,0.106858054226475,0.895238095238095,0.499184339314845,0.178456591639871,0.200663349917081,0.199685534591195,0.783387622149837,0.201892744479495,0.900326797385621,0,0.8784,0.900787401574803,0.0047244094488189,0,0.0990853658536585,0,0.112179487179487,0.9,0.720198675496689,0.107317073170732,0.104265402843602,0.608,0.870703764320786,0.560509554140127,0.0440944881889764,0.106907894736842,0.0552845528455285,0.0192,0,0.108943089430894,0.104037267080745,0.103109656301146,0.117460317460317,0.0990415335463259,0.0441176470588235,0.0511182108626198,0.118564742589704,0.0207006369426752,0.00495049504950495,0.0305466237942122,0.0264385692068429,0.0495207667731629,0.115755627009646,0.0221169036334913,0.0962479608482871,0.104166666666667,0.0368,0.109500805152979,0.0297805642633229,0.104265402843602,0.133550488599349,0.101694915254237,0.106451612903226
"66",0.820472440944882,0.83179012345679,0.820395738203957,0.810725552050473,0.817891373801917,0.825878594249201,0.804992199687988,0.815100154083205,0.840490797546012,0,0.836702954898911,0,0.615146831530139,0.841017488076312,0.220183486238532,0.183359013867488,0,0.015600624024961,0.814352574102964,0.844135802469136,0.331269349845201,0.205834683954619,0.814641744548287,0,0.831050228310502,0.378504672897196,0.26219512195122,0.808306709265176,0.645259938837921,0.675799086757991,0.167664670658683,0.72386895475819,0.799684542586751,0.405660377358491,0,0.827956989247312,0.02,0.825617283950617,0.413432835820896,0.853620955315871,0.00154320987654321,0.015220700152207,0.0060790273556231,0.828346456692913,0.722132471728595,0.201892744479495,0.566978193146417,0.168789808917197,0.545727136431784,0.29803328290469,0,0.834645669291339,0.405572755417957,0.825196850393701,0.773524720893142,0.329617834394904,0,0.820919175911252,0.802147239263804,0.816232771822358,0.403374233128834,0.598449612403101,0.176100628930818,0,0.922222222222222,1,0,0.828843106180666,0,0.16403785488959,0.764252696456086,0.179012345679012,0.18558282208589,0.834101382488479,0,0.781345565749236,0.218654434250765,0.67906976744186,0.796474358974359,0.39413680781759,0,0.705792682926829,0.348694316436252,0.819444444444444,0.293663060278207,0.800307219662058,0.827426810477658,0.828125,0.823348694316436,0.00909090909090909,0.822784810126582,0.823889739663093,0,0,0.817307692307692,0,0.455108359133127,0.822804314329738,0.00933125972006221,0.0107692307692308,0.669796557120501,0,0.443217665615142,0.833333333333333,0.279816513761468,0.829073482428115,0.00783699059561128,0.828125,0.159055118110236,0.175078864353312,0.182795698924731,0.791208791208791,0.431221020092736,0.821036106750393,0,0.831029185867896,0.734254992319508,0,0.171875,0.4015625,0,0.79874213836478,0.421553090332805,0.247588424437299,0.816485225505443,0.317901234567901,0.826893353941267,0.817757009345794,0,0.631172839506173,0.807153965785381,0.628571428571429,0.826086956521739,0,0.818181818181818,0.189522342064715,0,0.385826771653543,0.625,0.622611464968153,0,0,0.8234375,0.864274570982839,0.330670926517572,0.820592823712949,0.18622848200313,0.810477657935285,0.488924050632911,0.821263482280431,0.309148264984227,0.81875,0.825396825396825,0.757433489827856,0.817054263565892,0.174959871589085,0.818604651162791,0.177215189873418,0,0.949367088607595,0.775449101796407,0.836702954898911,0.185128983308042,0,0.816109422492401,0.545310015898251,0.8464,0.820710973724884,0.810477657935285,0.411944869831547,0.829721362229102,0.192429022082019,0.807926829268293,0.179910044977511,0.782270606531882,0.468217054263566,0,0.818885448916409,0,0.780185758513932,0.8359375,0.293375394321767,0.820592823712949,0.844375963020031,0.827844311377245,0.862951807228916,0.26840490797546,0.462121212121212,0.803486529318542,0.821939586645469,0.224961479198767,0.16385911179173,0.821596244131455,0.7703125,0,0,0.458267716535433,0.00153846153846154,0.831325301204819,0.398773006134969,0.77602523659306,0.731182795698925,0.830275229357798,0.569182389937107,0.586626139817629,0.457231726283048,0.772585669781931,0.8109375,0.784732824427481,0,0.814814814814815,0.354992076069731,0.808477237048666,0.167192429022082,0.22015503875969,0.647604327666152,0.813169984686064,0.817351598173516,0.801550387596899,0.821263482280431,0.849921011058452,0,0.234472049689441,0.812596006144393,0.828843106180666,0,0.815548780487805,0.822556390977444,0.631007751937985,0.567901234567901,0.818885448916409,0.832528180354267,0.510903426791277,0,0.7947932618683,0.609034267912773,0.8384,0.167434715821813,0.827743902439024,0.821150855365474,0.829721362229102,0.849765258215962,0.584097859327217,0.183254344391785,0.823161189358372,0.581143740340031,0.179331306990881,0.169724770642202,0.326465927099842,0.169014084507042,0.318910256410256,0.676335877862595,0.1796875,0.174726989079563,0.18266253869969,0.668702290076336,0.20253164556962,0.829073482428115,0.00947867298578199,0.17457886676876,0,0.3856,0.842767295597484,0.821981424148607,0.782407407407407,0,0.781847133757962,0.934150076569678,0.724884080370943,0.661490683229814,0.545171339563863,0.606349206349206,0.00920245398773006,0.82225656877898,0.267692307692308,0.717948717948718,0.836702954898911,0.184331797235023,0.732503888024883,0.185358255451713,0.281155015197568,0.836363636363636,0.827922077922078,0.785826771653543,0,0.711890243902439,0.791732909379968,0,0.165644171779141,0.787692307692308,0.8140625,0,0.178571428571429,0.177641653905054,0.831210191082803,0.806299212598425,0.177884615384615,0,0.523956723338485,0.831230283911672,0.756923076923077,0.474497681607419,0.709728867623604,0.803680981595092,0.174846625766871,0.819295558958652,0.818604651162791,0.183385579937304,0.826224328593997,0.8203125,0.841680129240711,0.832550860719875,0.324960753532182,0.446511627906977,0.455813953488372,0.814580031695721,0.807754442649435,0.0358255451713396,0.434375,0.825816485225505,0.288786482334869,0.474320241691843,0.834890965732087,0.831269349845201,0.827906976744186,0.841194968553459,0.82701062215478,0.41471048513302,0.833073322932917,0.82670906200318,0,0.451070336391437,0.605055292259084,0.189655172413793,0.0445468509984639,0.178461538461538,0.779661016949153,0.192901234567901,0.171032357473035,0,0.366459627329193,0.820063694267516,0.243451463790447,0.838141025641026,0.827856025039124,0.815217391304348,0.462875197472354,0.4496,0.756965944272446,0.5,0,0.841444270015699,0.186830015313936,0.207890743550835,0.370716510903427,0.831746031746032,0.178187403993856,0,0.462006079027356,0.170769230769231,0.194312796208531,0.544444444444444,0.818461538461538,0.399053627760252,0.818035426731079,0.827586206896552,0,0.813333333333333,0.168195718654434,0.837138508371385,0.837672281776417,0.845295055821372,0.187403993855607,0.844854070660522,0.170579029733959,0.84399375975039,0.721958925750395,0.887692307692308,0.837245696400626,0.830455259026688,0.46417445482866,0.84375,0.809815950920245,0.182779456193353,0.191653786707883,0.81591263650546,0.825885978428351,0.430793157076205,0.855606758832565,0.8128,0.830482115085537,0.814701378254211,0,0.263327948303716,0.834621329211746,0.180379746835443,0,0.826291079812207,0.0111821086261981,0.211267605633803,0.81859756097561,0.81591263650546,0.00471698113207547,0.666666666666667,0.504702194357367,0.843014128728414,0.17741935483871,0.75594294770206,0.824476650563607,0.553125,0.666151468315301,0.748031496062992,0,0.328571428571429,0.824921135646688,0.83125,0.537037037037037,0.829230769230769,0.802610114192496,0.197819314641745,0,0.825273010920437,0.836193447737909,0.817034700315457,0.749240121580547,0.190251572327044,0.771028037383178,0.366564417177914,0.324058919803601,0.00777604976671851,0.753918495297806,0.636505460218409,0.638330757341577,0,0.400641025641026,0.804381846635368,0.73497688751926,0.586046511627907,0.235382308845577,0,0,0.823262839879154,0.834080717488789,0,0.798761609907121,0.009375,0,0,0.82398753894081,0,0.836276083467095,0.75,0.63001485884101,0.818042813455658,0,0,0.827102803738318,0.826807228915663,0.836448598130841,0.164362519201229,0.00320512820512821,0.783489096573209,0.668721109399075,0.832298136645963,0.586890243902439,0.427672955974843,0,0.816232771822358,0.178170144462279,0.820349761526232,0.251552795031056,0,0.180722891566265,0.283699059561129,0.537459283387622,0.818320610687023,0,0.826747720364742,0.820433436532508,0.821150855365474,0,0.256329113924051,0.827242524916944,0.176661264181524,0.828220858895706,0.827160493827161,0.182380216383308,0.825885978428351,0.4703125,0.764341085271318,0.190697674418605,0.323899371069182,0.834905660377358,0.00778816199376947,0.189147286821705,0.825077399380805,0.183574879227053,0.77007874015748,0.499202551834131,0,0.273570324574961,0.738170347003155,0.440993788819876,0.828746177370031,0.169036334913112,0.296352583586626,0.623164763458401,0.814589665653495,0.803076923076923,0.8265625,0.799050632911392,0,0.824961948249619,0.17737003058104,0.833073322932917,0.530351437699681,0.180152671755725,0.822458270106222,0.827856025039124,0.817896389324961,0.632398753894081,0.820031298904538,0.31104199066874,0.367601246105919,0.805295950155763,0.767801857585139,0,0,0.834905660377358,0.80226904376013,0.184126984126984,0.821316614420063,0.835889570552147,0.518633540372671,0.81974921630094,0.750394944707741,0.77947932618683,0,0.820472440944882,0.49047619047619,0.833592534992224,0.8203125,0,0.850769230769231,0.8304,0.183925811437403,0.726134585289515,0.475308641975309,0.839285714285714,0.703245749613601,0.821321321321321,0.24886191198786,0.829113924050633,0.830745341614907,0.829007633587786,0.458333333333333,0.246511627906977,0.82,0.828703703703704,0.0077639751552795,0.900763358778626,0.543939393939394,0.392248062015504,0.721439749608764,0.82472613458529,0.76813880126183,0.833333333333333,0.155384615384615,0.170731707317073,0,0.794628751974723,0.177293934681182,0.184782608695652,0.411944869831547,0,0.837712519319938,0.804580152671756,0.820592823712949,0.823076923076923,0.25077399380805,0.175193798449612,0,0,0.34913112164297,0.2375,0.314241486068111,0,0.17298937784522,0.820987654320988,0.0726429675425039,0.456964006259781,0.834658187599364,0.663565891472868,0.834658187599364,0.690548780487805,0.654545454545455,0,0.829376854599407,0.531446540880503,0.614906832298137,0.787461773700306,0.830769230769231,0.502325581395349,0.0078125,0.815748031496063,0.821100917431193,0,0.823262839879154,0.178294573643411,0.834405144694534,0.595348837209302,0,0.0108527131782946,0.625396825396825,0.766823161189358,0.169517884914463,0.283699059561129,0.0124610591900312,0.00159235668789809,0.698198198198198,0.18944099378882,0.830618892508143,0.44,0.81441717791411,0.166412213740458,0.479750778816199,0.422222222222222,0.776545166402536,0.260663507109005,0.186544342507645,0.0031055900621118,0.218604651162791,0,0.833082706766917,0.169082125603865,0.826021180030257,0.1796875,0.818759936406995,0,0.584848484848485,0.630094043887147,0.822429906542056,0,0.833590138674884,0,0.496825396825397,0.818740399385561,0,0.687116564417178,0.815217391304348,0.697160883280757,0.823899371069182,0.202472952086553,0,0.829984544049459,0.378335949764521,0,0.713178294573643,0.172413793103448,0.195121951219512,0.810344827586207,0.8234375,0.823255813953488,0.821263482280431,0.816037735849057,0,0.85625,0.0186915887850467,0.503058103975535,0.412307692307692,0.836671802773498,0.818466353677621,0.82642089093702,0.822900763358779,0.0632716049382716,0.19435736677116,0.836012861736334,0.808575803981623,0.808510638297872,0.81619937694704,0.821100917431193,0.831288343558282,0,0,0.83134328358209,0,0.224961479198767,0.00157728706624606,0.8328125,0.391442155309033,0.336553945249597,0.273993808049536,0.816326530612245,0.00156494522691706,0.277950310559006,0.818466353677621,0.827426810477658,0.637345679012346,0.562406015037594,0.362573099415205,0.328267477203647,0.638801261829653,0.173312883435583,0.296124031007752,0.63452566096423,0.424336973478939,0.792569659442725,0.178187403993856,0,0.173775671406003,0.474683544303797,0.830342577487765,0.645510835913313,0.409365558912387,0.744615384615385,0.788432267884323,0.824773413897281,0.818471337579618,0.828125,0.827751196172249,0.838095238095238,0.611023622047244,0.503875968992248,0.833594976452119,0.181547619047619,0.172205438066465,0.791666666666667,0.00916030534351145,0.833841463414634,0.829984544049459,0,0.282958199356913,0,0.814465408805031,0,0.826893353941267,0.82398753894081,0.17638036809816,0.752721617418352,0.834355828220859,0.676145339652449,0.647058823529412,0.77293934681182,0,0,0.805993690851735,0.819277108433735,0.829457364341085,0,0,0.171974522292994,0.403374233128834,0.654263565891473,0,0.522935779816514,0,0.791732909379968,0.827258320126783,0.2992,0.379362670713202,0,0.477707006369427,0.621329211746522,0.836702954898911,0.825688073394495,0.733644859813084,0.1859375,0.831746031746032,0.0267295597484277,0.831746031746032,0,0.826807228915663,0.00927357032457496,0.823622047244094,0.1984375,0.0995260663507109,0,0,0.791730474732006,0.834394904458599,0.801223241590214,0.751506024096386,0.187214611872146,0.182527301092044,0.752688172043011,0.735735735735736,0,0.190031152647975,0.847457627118644,0,0.815286624203822,0.82542113323124,0.241112828438949,0.0326086956521739,0.171826625386997,0.810030395136778,0.504716981132076,0.243369734789392,0.258320126782884,0.298761609907121,0.798107255520505,0.253776435045317,0.827315541601256,0,1,0.81969696969697,0.00478468899521531,0,0.175226586102719,0,0.182945736434109,0.817764165390505,0.718649517684887,0.168503937007874,0.169036334913112,0.632492113564669,0.804140127388535,0.615975422427035,0.0383435582822086,0.166666666666667,0.0511182108626198,0.0217054263565891,0,0.159810126582278,0.176119402985075,0.1828125,0.190108191653787,0.167692307692308,0.0397456279809221,0.0443425076452599,0.198461538461538,0.0232198142414861,0.00789889415481832,0.0337941628264209,0.0231124807395994,0.0462249614791988,0.190402476780186,0.0248062015503876,0.1648,0.180379746835443,0.0316455696202532,0.172360248447205,0.0349013657056146,0.180277349768875,0.205882352941176,0.175675675675676,0.175
"67",0,0,0,0,0,0,0.0096,0,0,1,0,1,0,0,0,0,1,0.980982567353407,0,0,0,0,0,1,0,0,0,0.00161290322580645,0,0,0,0,0.0016,0,1,0,0.975384615384615,0,0,0,0.998410174880763,0.981481481481482,0.99388379204893,0,0,0,0,0,0,0,1,0,0,0,0.0109717868338558,0,1,0,0.00154083204930663,0,0,0,0,1,0,0,1,0,1,0,0,0,0,0,1,0,0,0,0.00158227848101266,0,1,0,0,0,0,0,0,0,0.00310077519379845,0.987767584097859,0,0,1,1,0,1,0.020440251572327,0,0.992125984251969,0.990595611285266,0.010989010989011,1,0,0,0,0,0.987240829346092,0.0015748031496063,0,0,0,0.0126782884310618,0,0,1,0,0,1,0,0,1,0.00159235668789809,0,0,0,0,0,0,1,0.00793650793650794,0,0,0,1,0,0,1,0,0,0.008,1,1,0,0,0,0,0,0,0,0,0,0,0,0,0,0,0,0,1,0,0.00306278713629403,0,0,1,0,0,0,0,0,0,0,0,0,0,0.0016025641025641,0,1,0,1,0,0,0,0,0,0,0,0,0,0,0,0,0,0,0.0201238390092879,1,1,0,0.998439937597504,0,0,0.0112721417069243,0,0,0,0,0,0,0,0.0015600624024961,1,0,0,0,0,0,0.00476190476190476,0,0,0.00156985871271586,0,0,1,0,0,0,1,0,0,0.00627943485086342,0,0,0,0.0204081632653061,1,0.0122699386503067,0,0,0,0,0,0,0,0,0,0,0,0,0,0,0,0,0,0,0,0,0,0,0,0.987096774193548,0,1,0.00474683544303797,0,0,0,1,0.00161030595813205,0.00308641975308642,0,0,0,0,0.9858934169279,0,0,0,0,0,0,0,0,0,0,0.0112903225806452,1,0,0.0141065830721003,1,0,0.0108024691358025,0,1,0,0,0,0,0,1,0.0207006369426752,0,0,0,0,0,0,0,0,0,0,0,0,0,0,0,0,0.00160513643659711,0,0.946624803767661,0,0,0,0,0,0,0,0,0,0,0,0,1,0,0.0110935023771791,0,0.942277691107644,0,0,0,0,1,0,0,0,0,0,0,0,0,0,0,1,0,0,0,0,0,0,1,0,0,0,0.00158730158730159,0,0,0,0,1,0,0,0,0,0,0,0,0,0,0,0,0,0.00317460317460317,0,0,0,0,0,0,0,0,0,0,0,0,1,0,0,0,1,0,0.988654781199352,0,0,0,0.995305164319249,0.00947867298578199,0,0,0,0,0,0,0,0,1,0,0,0,0,0,0,0,0.998427672955975,0,0,0,0,0,0.0031496062992126,0,0.0148760330578512,0.993700787401575,0,0,0,1,0,0.00153846153846154,0,0,0,1,1,0,0,1,0,0.988853503184713,1,1,0,1,0,0.00156985871271586,0.00764525993883792,0,1,1,0,0,0,0,0.998397435897436,0.0138248847926267,0,0,0,0,1,0,0,0.00159489633173844,0,1,0,0,0,0,1,0,0,0,1,0,0,0,0,0,0,0,0,0,0,0.0016025641025641,0,0.988782051282051,0,0,0,0,0.0111464968152866,1,0,0.00158982511923688,0,0,0,0,0,0,0,0,0,1,0,0,0,0.00483091787439614,0,0,0,0,0,0,0,0,0,0.0125,1,1,0,0,0,0,0,0,0,0,0.012326656394453,1,0,0.0174603174603175,0,0,1,0,0,0,0.00160771704180064,0,0,0,0,0,0.00159744408945687,0,0,0.0176282051282051,0.0283018867924528,0,0,0.990683229813665,0,0,0,0,0,0,0,0.771121351766513,0,1,0.00158227848101266,0,0,0,1,0,0,0,0,0,0,1,1,0,0,0,1,0,0,0.563944530046225,0,0,0.0111287758346582,0,0,0,1,0,0,0,0.00458715596330275,0,0,0.989010989010989,0,0,1,0,0,0,0,1,0.990639625585023,0,0,0,0,0.987441130298273,0.998410174880763,0,0,0,0,0,0,0,0,0.00327332242225859,0,0,0.998435054773083,0,1,0,0.151465798045603,0,0,0,1,0,0,0,1,0,1,0,0,1,0.0167682926829268,0,0,0.00161290322580645,0,1,0,0,1,0,0,0,0,0,0,0.003125,0.00158982511923688,1,0,0.973926380368098,0.0214723926380368,0,0,0,0,0,0.91692789968652,0,0,0,0,0,0,0,1,1,0,1,0,0.998417721518987,0,0,0,0,0,1,0,0,0,0,0,0,0,0,0,0,0,0,0,0,1,0,0.0208333333333333,0,0.0313971742543171,0,0,0.0031496062992126,0,0.00161550888529887,0,0,0,0,0,0,0,0,0.00158478605388273,0.986175115207373,0,0,1,0,1,0,1,0,0,0,0,0,0.00161812297734628,0,0.0143312101910828,1,1,0,0,0,1,1,0,0,0,1,0,1,0,0,0.0359937402190923,0,1,0,0,0,0,0,0,0,0.908372827804107,0,1,0,0.99203821656051,0,0,0.363929146537842,1,1,0,0,0.00930232558139535,0,0,0,0,0,1,0,0,1,0,0,0,0.956112852664577,0,0,0,0,0,0,0,0,0,1,0,0,0.996820349761526,1,0,1,0,0,0,0,0,0.00637958532695375,0.00477707006369427,0,0.946070878274268,0,0.893203883495146,0.968944099378882,1,0.159489633173844,0,0,0.00615384615384615,0,0.946372239747634,0.938271604938272,0,0.971428571428571,0.990461049284579,0.941548183254344,0.967084639498433,0.93563579277865,0,0.964723926380368,0,0,0.952076677316294,0,0.924615384615385,0,0.0492063492063492,0,0
"68",0.987240829346092,0.990580847723705,0.959752321981424,0.930081300813008,0.97741935483871,0.98876404494382,0.877165354330709,0.962616822429907,0.989147286821705,0,0.992236024844721,0,0.556259904912837,0.990353697749196,0.0498442367601246,0.0186915887850467,0,0.0172413793103448,0.985691573926868,0.992163009404389,0.160990712074303,0.0490196078431373,0.981395348837209,0,0.95,0.260252365930599,0.121875,0.980952380952381,0.459090909090909,0.697492163009404,0.0109546165884194,0.700315457413249,0.767295597484277,0.293185419968304,0,0.990521327014218,0.0185185185185185,0.983154670750383,0.254185692541857,0.89358372456964,0.00157977883096367,0.0185758513931889,0.00762195121951219,0.988906497622821,0.780487804878049,0.0318471337579618,0.507836990595611,0.0124610591900312,0.485407066052227,0.136712749615975,0,0.985826771653543,0.266355140186916,0.98755832037325,0.870458135860979,0.177993527508091,0,0.969936708860759,0.944444444444444,0.891104294478528,0.302325581395349,0.436817472698908,0.0110410094637224,0,0.898222940226171,0.828843106180666,0,1,0,0.0109204368174727,0.852484472049689,0.0139318885448916,0.0287081339712919,0.993827160493827,0,0.707241910631741,0.0552995391705069,0.56828885400314,0.89047619047619,0.280672268907563,0,0.709119496855346,0.205882352941176,0.989230769230769,0.1125,0.910216718266254,0.987361769352291,0.956521739130435,0.957746478873239,0.0108527131782946,0.977564102564103,0.987596899224806,0,0,0.962323390894819,0,0.305084745762712,0.97196261682243,0.0093603744149766,0.0109375,0.614896988906498,0,0.287974683544304,0.988924050632911,0.112462006079027,0.987012987012987,0.0094488188976378,0.964451313755796,0.00797448165869218,0.0172413793103448,0.0174050632911392,0.894488188976378,0.34789391575663,0.981072555205047,0,0.978193146417445,0.706161137440758,0,0.0124223602484472,0.236133122028526,0,0.755555555555556,0.244548286604361,0.0914927768860353,0.965625,0.168992248062016,0.987673343605547,0.985826771653543,0,0.54375,0.933753943217666,0.474522292993631,0.976038338658147,0,0.983792544570502,0.0304878048780488,0,0.213063763608087,0.616352201257862,0.502454991816694,0,0,0.97196261682243,0.756714060031596,0.173139158576052,0.990566037735849,0.0157232704402516,0.918083462132921,0.421900161030596,0.970769230769231,0.149443561208267,0.973270440251572,0.98740157480315,0.842835130970724,0.989045383411581,0.0128,0.989147286821705,0.0111287758346582,0,0.747235387045814,0.860681114551084,0.97339593114241,0.0290076335877863,0,0.990610328638498,0.459069020866774,0.993506493506494,0.98755832037325,0.990625,0.3015625,0.968652037617555,0.0126182965299685,0.939117199391172,0.0122324159021407,0.884375,0.370892018779343,0,0.969936708860759,0,0.842271293375394,0.993710691823899,0.133333333333333,0.978125,0.94,0.98030303030303,0.970948012232416,0.105666156202144,0.396024464831804,0.924920127795527,0.937299035369775,0.0643642072213501,0.0125786163522013,0.971337579617834,0.8453125,0,0,0.302694136291601,0.00155763239875389,0.989230769230769,0.275384615384615,0.8656,0.75,0.980122324159021,0.429022082018927,0.440438871473354,0.294303797468354,0.912559618441971,0.957074721780604,0.87402799377916,0,0.8712715855573,0.18657937806874,0.937399678972713,0.00803858520900321,0.0788253477588872,0.537383177570093,0.972049689440994,0.966205837173579,0.819776714513557,0.989010989010989,0.892744479495268,0,0.0717628705148206,0.662595419847328,0.987220447284345,0,0.984423676012461,0.973013493253373,0.544025157232704,0.537124802527646,0.977707006369427,0.988691437802908,0.375198728139905,0,0.873261205564142,0.541009463722397,0.967320261437909,0.0124804992199688,0.953172205438066,0.990476190476191,0.990639625585023,0.966719492868463,0.556923076923077,0.0094488188976378,0.958925750394945,0.529411764705882,0.0106544901065449,0.0108024691358025,0.202572347266881,0.00949367088607595,0.165605095541401,0.656298600311042,0.0108695652173913,0.0140405616224649,0.0217729393468118,0.586046511627907,0.0464,0.97444089456869,0.0110410094637224,0.00773993808049536,0,0.236421725239617,0.988906497622821,0.963722397476341,0.894080996884735,0,0.859677419354839,0.856259659969088,0.690208667736758,0.6109375,0.451816745655608,0.449760765550239,0.0110062893081761,0.992063492063492,0.1078125,0.712662337662338,0.95253164556962,0.0232558139534884,0.742589703588144,0.00946372239747634,0.138801261829653,0.990712074303406,0.991896272285251,0.886914378029079,0,0.646417445482866,0.873801916932907,0,0.0109546165884194,0.883792048929664,0.968,0,0.0108864696734059,0.0124804992199688,0.972357723577236,0.873217115689382,0.0111287758346582,0,0.381395348837209,0.981132075471698,0.786153846153846,0.407176287051482,0.657142857142857,0.950844854070661,0.0226904376012966,0.987635239567233,0.987538940809969,0.0171339563862928,0.960629921259842,0.988853503184713,0.962843295638126,0.984615384615385,0.187599364069952,0.309341500765697,0.291139240506329,0.96656050955414,0.9328,0.0477657935285054,0.277337559429477,0.965463108320251,0.166409861325116,0.321100917431193,0.984301412872841,0.987361769352291,0.958664546899841,0.686178861788618,0.984662576687117,0.263578274760383,0.95800933125972,0.990506329113924,0,0.317484662576687,0.554848966613672,0.0254777070063694,0.0525502318392581,0.0199692780337942,0.904984423676013,0.0340557275541796,0.0108527131782946,0,0.2328125,0.982484076433121,0.075,0.975369458128079,0.960380348652932,0.974603174603175,0.299679487179487,0.282988871224165,0.672496025437202,0.45,0,0.822884012539185,0.0182648401826484,0.0404984423676012,0.199372056514914,0.99203821656051,0.0111287758346582,0,0.319314641744548,0.0200927357032458,0.032051282051282,0.4768,0.9888,0.305825242718447,0.986991869918699,0.960629921259842,0,0.985163204747775,0.00923076923076923,0.990697674418605,0.827258320126783,0.990384615384615,0.0157232704402516,0.966153846153846,0.0108864696734059,0.872307692307692,0.715421303656598,0.947286821705426,0.975193798449612,0.987616099071207,0.29153605015674,0.976228209191759,0.987730061349693,0.0108191653786708,0.0331230283911672,0.9872,0.990491283676704,0.34012539184953,0.876755070202808,0.952380952380952,0.9484375,0.989180834621329,0,0.1184,0.988958990536278,0.00938967136150235,0,0.960505529225908,0.0112721417069243,0.0536277602523659,0.989180834621329,0.9584,0.0048,0.626959247648903,0.418641390205371,0.97741935483871,0.0112721417069243,0.876777251184834,0.987179487179487,0.375786163522013,0.60708782742681,0.783570300157978,0,0.167987321711569,0.964912280701754,0.990580847723705,0.444272445820433,0.987538940809969,0.968543046357616,0.0333863275039746,0,0.973684210526316,0.981132075471698,0.951104100946372,0.681181959564541,0.0188383045525903,0.857142857142857,0.240188383045526,0.185550082101806,0.00786163522012579,0.608,0.593406593406593,0.609375,0,0.309409888357257,0.906542056074766,0.629860031104199,0.543478260869565,0.0801815431164902,0,0,0.991097922848665,0.964669738863287,0,0.911353032659409,0.0111821086261981,0,0,0.988941548183254,0,0.993464052287582,0.779365079365079,0.525037936267071,0.992319508448541,0,0,0.984152139461173,0.95475113122172,0.710769230769231,0.0062111801242236,0.00321543408360129,0.866251944012442,0.59472049689441,0.9890625,0.532208588957055,0.366929133858268,0,0.976525821596244,0.012924071082391,0.942307692307692,0.10410094637224,0,0.0151745068285281,0.115384615384615,0.484349258649094,0.958074534161491,0,0.950693374422188,0.970679012345679,0.992389649923896,0,0.082670906200318,0.928571428571429,0.0146341463414634,0.992283950617284,0.992458521870287,0.01875,0.992175273865415,0.307570977917981,0.811320754716981,0.0207336523125997,0.181380417335474,0.956937799043062,0.00958466453674121,0.0110759493670886,0.970496894409938,0.014827018121911,0.6448,0.376582278481013,0,0.12,0.732057416267943,0.255813953488372,0.967084639498433,0.00788643533123028,0.162287480680062,0.473856209150327,0.938461538461538,0.869431643625192,0.969793322734499,0.739967897271268,0,0.987711213517665,0.00930232558139535,0.960629921259842,0.383012820512821,0.00923076923076923,0.987538940809969,0.989028213166144,0.990654205607477,0.625786163522013,0.973478939157566,0.145833333333333,0.192125984251969,0.940438871473354,0.866028708133971,0,0,0.980487804878049,0.927652733118971,0.0237341772151899,0.977742448330684,0.987460815047022,0.366197183098592,0.922705314009662,0.725521669341894,0.875384615384615,0,0.958532695374801,0.334394904458599,0.992199687987519,0.99211356466877,0,0.653907496012759,0.964006259780908,0.0128205128205128,0.673566878980892,0.3953125,0.81203007518797,0.6896,0.957186544342508,0.0906344410876133,0.97456279809221,0.987596899224806,0.968798751950078,0.294975688816856,0.10625,0.984472049689441,0.98937784522003,0.00759878419452888,0.773291925465838,0.46,0.29153605015674,0.758190327613105,0.990625,0.881619937694704,0.987441130298273,0.124807395993837,0.00978792822185971,0,0.815336463223787,0.00966183574879227,0.00949367088607595,0.285714285714286,0,0.981337480559876,0.904320987654321,0.989045383411581,0.989010989010989,0.0946372239747634,0.0095389507154213,0,0,0.172523961661342,0.0883280757097792,0.175355450236967,0,0.0125391849529781,0.987538940809969,0.00941915227629513,0.303459119496855,0.987301587301587,0.587677725118483,0.962145110410095,0.666666666666667,0.645259938837921,0,0.989489489489489,0.382775119617225,0.496012759170654,0.909937888198758,0.976923076923077,0.388455538221529,0.00943396226415094,0.949764521193093,0.9558599695586,0,0.95852534562212,0.0253565768621236,0.978547854785479,0.435534591194969,0,0.0109034267912773,0.519134775374376,0.829581993569132,0.0126182965299685,0.144694533762058,0.0140845070422535,0.00162337662337662,0.755795981452859,0.0382775119617225,0.991694352159468,0.333848531684699,0.986111111111111,0.0109204368174727,0.38863287250384,0.32258064516129,0.859934853420195,0.107491856677524,0.0123839009287926,0.00316455696202532,0.0560897435897436,0,0.987692307692308,0.0432692307692308,0.96969696969697,0.0158982511923688,0.990338164251208,0,0.509174311926605,0.466034755134281,0.990445859872611,0,0.990521327014218,0,0.415605095541401,0.978395061728395,0,0.653726708074534,0.974358974358974,0.732283464566929,0.945425361155698,0.0523882896764253,0,0.987421383647799,0.275316455696203,0,0.692068429237947,0.0107033639143731,0.0262751159196291,0.988727858293076,0.99025974025974,0.983154670750383,0.966929133858268,0.970031545741325,0,0.968454258675079,0.0236593059936909,0.347758887171561,0.307332293291732,0.983024691358025,0.98125,0.984423676012461,0.98145285935085,0.0579937304075235,0.0236593059936909,0.975688816855754,0.955384615384615,0.718944099378882,0.9671875,0.989113530326594,0.965732087227414,0,0,0.969788519637462,0,0.0718654434250764,0,0.947122861586314,0.294770206022187,0.221870047543582,0.13312693498452,0.92,0,0.107981220657277,0.989096573208723,0.993690851735016,0.641148325358852,0.409436834094368,0.220877458396369,0.204892966360856,0.637380191693291,0.0108864696734059,0.126365054602184,0.545166402535658,0.267405063291139,0.695454545454545,0.0223642172523962,0,0.0111111111111111,0.317965023847377,0.988636363636364,0.629860031104199,0.231003039513678,0.6125,0.867601246105919,0.975232198142415,0.956381260096931,0.972929936305732,0.991869918699187,0.992088607594937,0.572100313479624,0.437888198757764,0.996904024767802,0.0167427701674277,0.0138461538461538,0.864649681528662,0.0108864696734059,0.990697674418605,0.965891472868217,0,0.118780096308186,0,0.94620253164557,0,0.964285714285714,0.9890625,0.0155763239875389,0.846394984326019,0.989312977099237,0.647727272727273,0.608087091757387,0.865293185419968,0,0,0.914754098360656,0.935724962630792,0.981279251170047,0,0,0.0129659643435981,0.243119266055046,0.507020280811232,0,0.479623824451411,0,0.919047619047619,0.990445859872611,0.170111287758347,0.24191063174114,0,0.363782051282051,0.584786053882726,0.85377358490566,0.955792682926829,0.772727272727273,0.0110759493670886,0.977564102564103,0.016,0.990384615384615,0,0.976744186046512,0.00941915227629513,0.988993710691824,0.0268562401263823,0.0129659643435981,0,0,0.810769230769231,0.937704918032787,0.925696594427245,0.703245749613601,0.0367534456355283,0.0126782884310618,0.82120253164557,0.819722650231125,0,0.0267295597484277,0.953821656050955,0,0.977635782747604,0.9484375,0.0748829953198128,0.0357698289269051,0.0156739811912226,0.987654320987654,0.468051118210863,0.0849056603773585,0.1088,0.133228840125392,0.682410423452769,0.105182926829268,0.988871224165342,0,0.751602564102564,0.984447900466563,0.00478468899521531,0,0.0106221547799697,0,0.0125195618153365,0.990610328638498,0.697933227344992,0.0130081300813008,0.00947867298578199,0.543130990415335,0.946117274167987,0.428571428571429,0.0474006116207951,0.00966183574879227,0.0525477707006369,0.0188087774294671,0,0.0365079365079365,0.0168453292496172,0.00947867298578199,0.0154083204930663,0.00772797527047913,0.0429252782193959,0.0538461538461538,0.0248833592534992,0.0205696202531646,0.00641025641025641,0.0283018867924528,0.0262345679012346,0.0559006211180124,0.0125,0.0234375,0.0127388535031847,0.0127186009538951,0.0402576489533011,0.0126984126984127,0.0305343511450382,0.0109546165884194,0.046801872074883,0.0105740181268882,0.00946372239747634
"69",0,0,0,0,0,0,0.0063391442155309,0,0,1,0,1,0,0,0,0,1,0.985915492957746,0,0,0,0,0,1,0,0,0,0.00157977883096367,0,0,0,0,0.00158730158730159,0,1,0,0.976816074188563,0,0,0,0.998412698412698,0.987635239567233,0.993836671802773,0,0,0,0,0,0,0,1,0,0,0,0.00627943485086342,0,1,0,0.00155038759689922,0,0,0,0,1,0,0,1,0,1,0,0,0,0,0,1,0,0,0,0.00157977883096367,0,1,0,0,0,0,0,0,0,0.00451127819548872,0.987635239567233,0,0,1,1,0,1,0.0171606864274571,0,0.992283950617284,0.99211356466877,0.00464396284829721,1,0,0,0,0,0.989113530326594,0.00156739811912226,0,0,0,0.0110584518167457,0,0,1,0,0,1,0,0,1,0.00158982511923688,0,0,0,0,0,0,1,0.00469483568075117,0,0,0,1,0,0,1,0,0,0.00318979266347687,1,1,0,0,0,0,0,0,0,0,0,0,0,0,0,0,0,0,1,0,0.00303951367781155,0,0,1,0,0,0,0,0,0,0,0,0,0,0.00159235668789809,0,1,0,1,0,0,0,0,0,0,0,0,0,0,0,0,0,0,0.0140405616224649,1,1,0,0.998470948012232,0,0,0.00786163522012579,0,0,0,0,0,0,0,0.00154798761609907,1,0,0,0,0,0,0.00156739811912226,0,0,0.00156739811912226,0,0,1,0,0,0,1,0,0,0.00156739811912226,0,0,0,0.0171339563862928,1,0.00916030534351145,0,0,0,0,0,0,0,0,0,0,0,0,0,0,0,0,0,0,0,0,0,0,0,0.98876404494382,0,1,0.00315457413249211,0,0,0,1,0.00162074554294976,0.00309597523219814,0,0,0,0,0.989164086687306,0,0,0,0,0,0,0,0,0,0,0.00961538461538462,1,0,0.0110584518167457,1,0,0.00923076923076923,0,1,0,0,0,0,0,1,0.0170278637770898,0,0,0,0,0,0,0,0,0,0,0,0,0,0,0,0,0.00158730158730159,0,0.955453149001536,0,0,0,0,0,0,0,0,0,0,0,0,1,0,0.00789889415481832,0,0.95046439628483,0,0,0,0,1,0,0,0,0,0,0,0,0,0,0,1,0,0,0,0,0,0,1,0,0,0,0.00156985871271586,0,0,0,0,1,0,0,0,0,0,0,0,0,0,0,0,0,0.0031496062992126,0,0,0,0,0,0,0,0,0,0,0,0,1,0,0,0,1,0,0.990384615384615,0,0,0,0.996835443037975,0.0062111801242236,0,0,0,0,0,0,0,0,1,0,0,0,0,0,0,0,0.998456790123457,0,0,0,0,0,0.00316957210776545,0,0.0149501661129568,0.995356037151703,0,0,0,1,0,0.00156985871271586,0,0,0,1,1,0,0,1,0,0.990338164251208,1,1,0,1,0,0,0.00460122699386503,0,1,1,0,0,0,0,0.996805111821086,0.013953488372093,0,0,0,0,1,0,0,0.00157977883096367,0,1,0,0,0,0.00157232704402516,1,0,0,0,1,0,0,0,0,0,0,0,0,0,0,0.0016,0,0.987480438184664,0,0,0,0,0.0141065830721003,1,0,0.00157728706624606,0,0,0,0,0,0,0,0,0,1,0,0,0,0.00321543408360129,0,0,0,0,0,0,0,0,0,0.00928792569659443,1,1,0,0,0,0,0,0,0,0,0.00923076923076923,1,0,0.0157977883096366,0,0,1,0,0,0,0.0015625,0,0,0,0,0,0.0016,0,0,0.0144694533762058,0.0251572327044025,0,0,0.992199687987519,0,0,0,0,0,0,0,0.758778625954198,0,1,0.00155763239875389,0,0,0,1,0,0,0,0,0,0,1,1,0,0,0,1,0,0,0.572741194486983,0,0,0.00625978090766823,0,0,0,1,0,0,0,0.00304878048780488,0,0,0.989147286821705,0,0,1,0.0015220700152207,0,0,0,1,0.990740740740741,0,0,0,0,0.989113530326594,0.998366013071895,0,0,0,0,0,0,0,0,0.00321543408360129,0,0,0.996904024767802,0,1,0,0.164274322169059,0,0,0,1,0,0,0,1,0,1,0,0,1,0.0154083204930663,0,0,0.00161290322580645,0,1,0,0,1,0,0,0,0,0,0,0.0046583850931677,0.00157232704402516,1,0,0.980030721966206,0.0182648401826484,0,0,0,0,0,0.915360501567398,0,0,0,0,0,0,0,1,1,0,1,0,0.998405103668262,0,0,0,0,0,1,0,0,0,0,0,0,0,0,0,0,0,0,0,0,1,0,0.017741935483871,0,0.0232919254658385,0,0,0.00309597523219814,0,0.00159489633173844,0,0,0,0,0,0,0,0,0.0015625,0.987748851454824,0,0,1,0,1,0,1,0,0,0,0,0,0,0,0.0112,1,1,0,0,0,1,1,0,0,0,1,0,1,0,0,0.0350877192982456,0,1,0,0,0,0,0,0,0,0.905362776025237,0,1,0,0.993769470404984,0,0,0.37799043062201,1,1,0,0,0.00465116279069767,0,0,0,0,0,1,0,0,1,0,0,0,0.9629057187017,0,0,0,0,0,0,0,0,0,1,0,0,0.996879875195008,1,0,1,0,0,0,0,0,0.00316957210776545,0.00470957613814757,0,0.955038759689922,0,0.9008,0.973684210526316,1,0.16380655226209,0,0,0.00625,0,0.957278481012658,0.947204968944099,0,0.975039001560062,0.991896272285251,0.954545454545455,0.972093023255814,0.944272445820433,0,0.971875,0,0,0.962264150943396,0,0.934650455927052,0,0.059375,0,0
"70",0.00326797385620915,0,0.0235478806907378,0.0632090761750405,0.0130932896890344,0,0.087378640776699,0.019047619047619,0,0,0,0,0.426751592356688,0,0.956730769230769,0.991935483870968,0,0.0016,0.00162337662337662,0.016025641025641,0.838862559241706,0.967479674796748,0.0110236220472441,0,0.041335453100159,0.735483870967742,0.893312101910828,0.0131795716639209,0.541341653666147,0.315047021943574,1,0.302250803858521,0.218849840255591,0.712903225806452,0,0,0.00474683544303797,0.00315955766192733,0.733637747336377,0.0950155763239875,0,0,0,0,0.233443708609272,0.978998384491115,0.480645161290323,1,0.535714285714286,0.875,0,0.0063391442155309,0.733436055469954,0,0.103225806451613,0.837096774193548,0,0.0275526742301459,0.0363924050632911,0.0950920245398773,0.697160883280757,0.564541213063764,1,0,0.106109324758842,0.16403785488959,0,0.0109204368174727,0,1,0.145539906103286,0.993710691823899,0.980830670926518,0,0,0.285266457680251,0.957006369426752,0.432432432432432,0.0916398713826367,0.72972972972973,0,0.286833855799373,0.781102362204724,0.00158982511923688,0.886075949367089,0.0863422291993721,0.00475435816164818,0.0343213728549142,0.0294573643410853,0,0.0130932896890344,0,0,0,0.0256410256410256,0,0.675632911392405,0.01743264659271,0,0,0.376788553259142,0,0.710610932475884,0,0.897196261682243,0,0,0.0174603174603175,1,0.993589743589744,0.992050874403816,0.0781499202551834,0.652380952380952,0.00952380952380952,0,0.0111111111111111,0.275641025641026,0,1,0.756410256410256,0,0.225396825396825,0.744408945686901,0.919093851132686,0.026813880126183,0.840189873417722,0.00315457413249211,0.00478468899521531,0,0.444444444444444,0.0591054313099042,0.517684887459807,0.011400651465798,0,0.00647249190938511,0.979876160990712,0,0.787638668779715,0.382911392405063,0.470873786407767,0,0,0.0206677265500795,0.232963549920761,0.831442463533225,0,0.993670886075949,0.0743670886075949,0.586429725363489,0.0138674884437596,0.865168539325843,0.0141509433962264,0,0.154574132492114,0.00628930817610063,1,0,1,0,0.253993610223642,0.11993769470405,0.0206677265500795,0.984496124031008,0,0,0.547231270358306,0,0,0,0.702954898911353,0.019047619047619,0.998389694041868,0.0479876160990712,1,0.101123595505618,0.622848200312989,0,0.0192,0,0.15955766192733,0,0.880952380952381,0.0187793427230047,0.05320813771518,0.00758725341426404,0.0249609984399376,0.903785488958991,0.606349206349206,0.0811688311688312,0.0594855305466238,0.94888178913738,0.993808049535604,0.0189873417721519,0.12792511700468,0,0,0.699044585987261,0,0,0.729813664596273,0.103668261562998,0.252747252747253,0.00613496932515337,0.567043618739903,0.564873417721519,0.699029126213592,0.0830670926517572,0.0274193548387097,0.116459627329193,0,0.117465224111283,0.828150572831424,0.0600649350649351,1,0.931357254290172,0.459501557632399,0.0221870047543582,0.021671826625387,0.159305993690852,0,0.109717868338558,0,0.928684627575277,0.328660436137072,0.00655737704918033,0,0.009375,0.0137825421133231,0.45253164556962,0.4432,0.00955414012738853,0,0.607936507936508,0,0.0990566037735849,0.473015873015873,0.0246710526315789,1,0.046801872074883,0,0,0.0483870967741935,0.4679186228482,0.998376623376623,0.0240770465489567,0.459375,0.996941896024465,0.998459167950693,0.803542673107891,1,0.841935483870968,0.339009287925697,1,0.996875,0.990430622009569,0.408163265306122,0.963022508038585,0.0162074554294976,0,1,0,0.753184713375796,0,0.0191387559808612,0.0941915227629513,0,0.115321252059308,0.139784946236559,0.302884615384615,0.388272583201268,0.541139240506329,0.551053484602917,0,0,0.9024,0.291873963515755,0.03486529318542,0.989028213166144,0.253565768621236,0.9984,0.881703470031546,0,0,0.0957792207792208,0,0.353677621283255,0.1008,0,1,0.0938461538461538,0.0175718849840256,0,0.998432601880878,0.998420221169036,0.0162866449511401,0.11437908496732,1,0,0.595054095826893,0.00801282051282051,0.216848673946958,0.592767295597484,0.3472,0.0407523510971787,0.992012779552716,0,0,0.992076069730586,0.0349206349206349,0,0.0262725779967159,0.00315457413249211,0.815165876777251,0.6984375,0.722222222222222,0.0146341463414634,0.0561056105610561,0.00158227848101266,0.732258064516129,0.0222929936305732,0.837025316455696,0.684049079754601,0.00636942675159236,0.00320512820512821,0.0297805642633229,0.300324675324675,0.00311526479750779,0.758842443729904,0.0316455696202532,0.00320512820512821,0,0.692789968652038,0.440514469453376,0.983844911147011,0.00159235668789809,0.990683229813665,0.0837282780410742,0.976152623211447,1,0,0.762282091917591,0.00952380952380952,0.923197492163009,0.0147058823529412,0.0288,0.00797448165869218,0.720257234726688,0.708943089430894,0.331730769230769,0.530578512396694,0,0.172741679873217,0.9875,0.966929133858268,0.800314465408805,0,0.998417721518987,0,0.688679245283019,0.9890625,0.976303317535545,0.512116316639742,0,0.7166392092257,0,0.0318979266347687,0,0.00907715582450832,1,0.00154083204930663,0.173775671406003,0,0.988871224165342,0.0233281493001555,1,0.112877583465819,0.291935483870968,0.0541795665634675,0.0110062893081761,0,0.708064516129032,0.0350877192982456,0,1,0.974317817014446,0,0,0.665615141955836,0.113564668769716,0.039344262295082,0.0481540930979133,0,0,0.88562091503268,0,0.998376623376623,0,0.0289389067524116,0,0.952229299363057,0,0.029126213592233,0,0.364649681528662,0.5718901453958,0.0158982511923688,0.998371335504886,0.121753246753247,0.00320512820512821,0.626003210272873,0.388625592417062,0.215088282504013,0,0.836507936507937,0.0211382113821138,0.00161550888529887,0.545886075949367,0,0.0282861896838602,0.972929936305732,0,0.0171875,0.00475435816164818,0.0528,0.31875,0.99184339314845,0.12379421221865,0.748427672955975,0.803691275167785,0,0.394822006472492,0.41025641025641,0.405616224648986,0,0.703225806451613,0.0759493670886076,0.376190476190476,0.464285714285714,0.929121725731895,0,0,0,0.0267716535433071,0,0.0743670886075949,0,0,0,0.00160513643659711,0,0,0.223101265822785,0.463565891472868,0,0,0,0.00802568218298555,0.033587786259542,0.27742946708464,1,0,0.104524180967239,0.396923076923077,0,0.47244094488189,0.648,0,0.0222222222222222,1,0.0423452768729642,0.908496732026144,0,0.992343032159265,0.888888888888889,0.513071895424837,0.0286168521462639,0,0.0421875,0.0265625,0,0,0.925081433224756,0.065546218487395,0.995008319467554,0,0,0.992307692307692,0,0.703174603174603,0.196485623003195,0.988906497622821,0.825242718446602,0.0418006430868167,0,1,0.0271565495207668,0.993548387096774,0.346341463414634,0.59967845659164,0,0.886435331230284,0.24297520661157,0.734177215189873,0.0220125786163522,1,0.843949044585987,0.54228855721393,0.0590062111801242,0.112519809825674,0.0357142857142857,0.253225806451613,0,0.0174603174603175,1,0.032,0.6,1,0,0,0,0.377329192546584,0.0125391849529781,0.86709886547812,0.811290322580645,0.0588235294117647,0.105939004815409,0,0,0.00966183574879227,0.0631067961165049,0.985623003194888,0.0144694533762058,0.00623052959501558,0.635646687697161,0.0629032258064516,0.270226537216828,0.100463678516229,0,0.0303030303030303,0.641357027463651,0,0.0016,0,0.358851674641148,0.0225442834138486,1,0.309178743961353,0.6125,0.198170731707317,0.315447154471545,0.0412213740458015,0.91271056661562,0.016260162601626,0,0.0188087774294671,0.677685950413223,0.871632329635499,0.00947867298578199,0,0,0.221528861154446,0.555900621118012,0.732704402515723,0.237261146496815,0,0.115141955835962,0,0.107644305772231,1,0,0.167456556082148,0.996774193548387,1,0.717011128775835,0,0.0110410094637224,0.0881889763779528,0.00157977883096367,0.00464396284829721,0.907790143084261,1,0,0,0.830894308943089,0.918269230769231,0.845541401273885,0,1,0,0.40251572327044,0.707936507936508,0,0.406593406593407,0.0306946688206785,0.347551342812006,0.376160990712074,0,0,0.611745513866232,0.492776886035313,0.0762052877138414,0.00782472613458529,0.621405750798722,0,0.0470957613814757,0.0419906687402799,0,0.0309597523219814,0.987421383647799,0.0178861788617886,0.581504702194357,0,0,0.470491803278689,0.157142857142857,1,0.856451612903226,0,0,0.249235474006116,0.976452119309262,0,0.677115987460815,0.00465116279069767,1,0.620904836193448,0.666666666666667,0.118314424635332,0.898026315789474,0.995356037151703,0,0.96,0,0.00460829493087558,0.809917355371901,0.0125391849529781,0.995245641838352,0,0,0.48062015503876,0.541935483870968,0,0,0,0,0.602893890675241,0.0141509433962264,0,0.339035769828927,0.0206677265500795,0.274636510500808,0.0470779220779221,0.959055118110236,0,0,0.729166666666667,0,0.308661417322835,1,0.982649842271293,0,0,0.00946372239747634,0.0256410256410256,0.0207667731629393,0,0.0206349206349206,0,0.619496855345912,0.70859872611465,0.00782472613458529,0.00632911392405063,0.00464396284829721,0.00946372239747634,0.0235109717868339,0.988853503184713,0.0150753768844221,0.0443037974683544,0.280125195618153,0.0252764612954186,0,0.0217729393468118,0,0,0.0181818181818182,0,0.934272300469484,0,0.0399361022364217,0.709415584415584,0.785829307568438,0.884858044164038,0.0646203554119548,0.00159235668789809,0.896062992125984,0,0,0.373608903020668,0.592987804878049,0.791730474732006,0.81441717791411,0.36115569823435,1,0.881410256410256,0.454258675078864,0.734299516908213,0.306122448979592,0.987034035656402,0,1,0.650974025974026,0,0.339593114241002,0.773148148148148,0.393312101910828,0.114599686028257,0.0109375,0.0392798690671031,0.0180623973727422,0,0.00160771704180064,0.438291139240506,0.579113924050633,0,0.993911719939117,0.990740740740741,0.1216,0,0,0.0251177394034537,0,0.879084967320261,0,0.0529695024077047,0,0.028436018957346,0,0.993700787401575,0.160513643659711,0,0.345718901453958,0.393700787401575,0.098705501618123,0,0,0.0653266331658292,0.0528700906344411,0.00792393026941363,0,0,1,0.763523956723339,0.502377179080824,0,0.536741214057508,0,0.0829346092503987,0,0.797077922077922,0.762204724409449,0,0.653658536585366,0.415584415584416,0.1328,0.0321100917431193,0.231746031746032,1,0.00980392156862745,0.0849358974358974,0,0,0.015527950310559,0,0,0.9824,0.60586319218241,0,0,0.158059467918623,0.0703764320785597,0.0517241379310345,0.263888888888889,0.975346687211094,0.995215311004785,0.167974882260597,0.164341085271318,0,0.985576923076923,0.0380348652931854,0,0.0143540669856459,0.0347003154574132,0.931962025316456,0,0.996820349761526,0,0.511254019292605,0.920760697305864,0.901315789473684,0.886115444617785,0.310569105691057,0.905053598774885,0,0,0.238325281803543,0.0171606864274571,0,0,1,0,1,0,0.28500823723229,1,1,0.459150326797386,0.0343137254901961,0.580542264752791,0,0.998381877022654,0.0409165302782324,0.0063391442155309,0,0.810985460420032,0.993846153846154,0.998407643312102,0.982839313572543,1,0,0,0.9826224328594,0.00483091787439614,0.00319488817891374,0.0288,0.00473186119873817,0,0.992050874403816,0.0110584518167457,1,0.996794871794872,0,0.992088607594937,0.048062015503876,1,0.909667194928685,0.998466257668712,0.998405103668262
"71",0.848818897637795,0.845329249617152,0.850453172205438,0.814173228346457,0.855345911949686,0.862123613312203,0.794025157232704,0.848159509202454,0.859090909090909,0,0.864696734059098,0,0.574534161490683,0.866043613707165,0.185758513931889,0.147286821705426,0,0.00933125972006221,0.864779874213837,0.851226993865031,0.269230769230769,0.182829888712242,0.851289833080425,0,0.857361963190184,0.3734375,0.243034055727554,0.859621451104101,0.520361990950226,0.657450076804916,0.142208774583964,0.665130568356375,0.735524256651017,0.438080495356037,0,0.86046511627907,0.0166163141993958,0.851908396946565,0.342771982116244,0.79066265060241,0,0.0122137404580153,0.00153139356814701,0.864274570982839,0.754330708661417,0.168503937007874,0.605015673981191,0.135725429017161,0.529850746268657,0.239393939393939,0,0.856474258970359,0.368098159509202,0.864197530864197,0.77639751552795,0.264331210191083,0,0.844690966719493,0.825688073394495,0.817220543806647,0.412942989214176,0.496194824961948,0.144654088050314,0,0.8048,0.764252696456086,0,0.852484472049689,0,0.145539906103286,1,0.137557959814529,0.153013910355487,0.86232980332829,0,0.671686746987952,0.174436090225564,0.592307692307692,0.80625,0.359400998336107,0,0.707390648567119,0.324850299401198,0.856925418569254,0.229102167182663,0.824773413897281,0.863849765258216,0.844274809160305,0.846625766871166,0.00911854103343465,0.858255451713396,0.847352024922118,0,0,0.853582554517134,0,0.36793893129771,0.836641221374046,0.00462962962962963,0.00462962962962963,0.63312693498452,0,0.375193798449612,0.854003139717425,0.234586466165414,0.868131868131868,0.00782472613458529,0.846986089644513,0.140405616224649,0.153139356814701,0.13914373088685,0.797191887675507,0.416275430359937,0.862714508580343,0,0.870170015455951,0.697996918335901,0,0.149230769230769,0.347826086956522,0,0.738244514106583,0.337442218798151,0.222929936305732,0.890769230769231,0.291858678955453,0.859939759036145,0.862654320987654,0,0.572542901716069,0.85,0.520440251572327,0.853035143769968,0,0.856466876971609,0.157012195121951,0,0.311627906976744,0.68167701863354,0.552,0,0,0.857805255023184,0.749230769230769,0.3,0.853125,0.145085803432137,0.833078101071976,0.471518987341772,0.857357357357357,0.264659270998415,0.848062015503876,0.860282574568289,0.786153846153846,0.856488549618321,0.1390625,0.861963190184049,0.142633228840125,0,0.716279069767442,0.774045801526718,0.841463414634146,0.146564885496183,0,0.861911987860395,0.514240506329114,0.852848101265823,0.848623853211009,0.864864864864865,0.431137724550898,0.853620955315871,0.146379044684129,0.814871016691957,0.148872180451128,0.790880503144654,0.482280431432974,0,0.850678733031674,0,0.790199081163859,0.862442040185471,0.221875,0.863076923076923,0.857142857142857,0.846381093057607,0.839939024390244,0.22257053291536,0.449165402124431,0.9056,0.838810641627543,0.186728395061728,0.139817629179331,0.854714064914992,0.766513056835638,0,0,0.389408099688474,0,0.8649468892261,0.336842105263158,0.774244833068362,0.737730061349693,0.856060606060606,0.5078125,0.488584474885845,0.378930817610063,0.82,0.838304552590267,0.787136294027565,0,0.807339449541284,0.290584415584416,0.880573248407643,0.132307692307692,0.201834862385321,0.573619631901841,0.85243328100471,0.843939393939394,0.765891472868217,0.86890243902439,0.803125,0,0.208588957055215,0.67420814479638,0.854889589905363,0,0.847201210287443,0.844879518072289,0.58528951486698,0.572964669738863,0.847962382445141,0.862123613312203,0.410575427682737,0,0.786786786786787,0.546439628482972,0.855325914149444,0.140888208269525,0.843702579666161,0.855365474339036,0.851851851851852,0.843014128728414,0.575113808801214,0.140157480314961,0.852080123266564,0.629800307219662,0.153383458646617,0.146118721461187,0.302652106084243,0.139751552795031,0.25625,0.664624808575804,0.136012364760433,0.14567526555387,0.140432098765432,0.607305936073059,0.169811320754717,0.86875,0.00625978090766823,0.134762633996937,0,0.33125,0.858267716535433,0.849923430321593,0.937404580152672,0,0.778662420382166,0.766666666666667,0.665629860031104,0.608024691358025,0.489922480620155,0.4921875,0.00765696784073507,0.855325914149444,0.214953271028037,0.664025356576862,0.846860643185299,0.155487804878049,0.703125,0.145736434108527,0.236923076923077,0.856711915535445,0.855284552845528,0.786963434022258,0,0.66156202143951,0.772585669781931,0,0.144171779141104,0.782674772036474,0.85981308411215,0,0.145285935085008,0.147465437788018,0.846275752773376,0.808917197452229,0.146645865834633,0,0.446646341463415,0.859154929577465,0.731707317073171,0.464723926380368,0.662480376766091,0.836641221374046,0.150855365474339,0.866261398176292,0.862928348909657,0.139280125195618,0.850226928895613,0.871317829457364,0.841017488076312,0.865325077399381,0.317757009345794,0.403400309119011,0.364760432766615,0.835423197492163,0.839116719242902,0.0411585365853659,0.365930599369085,0.854070660522273,0.297839506172839,0.403249630723781,0.858914728682171,0.865947611710324,0.859541984732824,0.695652173913043,0.851796407185629,0.352755905511811,0.851162790697674,0.860719874804382,0,0.424427480916031,0.5703125,0.152542372881356,0.0412844036697248,0.148260211800303,0.807153965785381,0.163608562691131,0.141104294478528,0,0.363496932515337,0.865325077399381,0.194144838212635,0.855305466237942,0.850931677018634,0.855590062111801,0.37245696400626,0.385714285714286,0.672333848531685,0.508771929824561,0,0.776073619631902,0.153030303030303,0.158850226928896,0.289393939393939,0.865625,0.149230769230769,0,0.422018348623853,0.143518518518519,0.169014084507042,0.511591962905719,0.856920684292379,0.36231884057971,0.848387096774194,0.821705426356589,0,0.853766617429838,0.144171779141104,0.854961832061069,0.778461538461538,0.870253164556962,0.145510835913313,0.838905775075988,0.136858475894246,0.775541795665635,0.722044728434505,0.834365325077399,0.858447488584475,0.856697819314642,0.380216383307573,0.85202492211838,0.858420268256334,0.126506024096386,0.165898617511521,0.859567901234568,0.851622874806801,0.406153846153846,0.779661016949153,0.861244019138756,0.842424242424242,0.86697247706422,0,0.246422893481717,0.86697247706422,0.151181102362205,0,0.840873634945398,0.0078740157480315,0.18408736349454,0.845688350983359,0.838660578386606,0.00316455696202532,0.636363636363636,0.524691358024691,0.851500789889415,0.136075949367089,0.784615384615385,0.854914196567863,0.443217665615142,0.618759455370651,0.7673343605547,0,0.272307692307692,0.835725677830941,0.86286594761171,0.53198127925117,0.865443425076453,0.851791530944625,0.167950693374422,0.00154320987654321,0.845921450151057,0.8640625,0.856481481481482,0.685496183206107,0.14175654853621,0.772230889235569,0.375963020030817,0.270049099836334,0.00309597523219814,0.639810426540284,0.68621236133122,0.663594470046083,0,0.369426751592357,0.813740458015267,0.651234567901235,0.547400611620795,0.191458026509573,0,0,0.860740740740741,0.840120663650075,0,0.840557275541796,0.00625,0,0,0.855161787365177,0,0.865079365079365,0.73497688751926,0.563988095238095,0.862891207153502,0,0,0.858678955453149,0.830792682926829,0.70196671709531,0.135338345864662,0.0015625,0.770167427701674,0.622699386503067,0.862595419847328,0.62780269058296,0.419847328244275,0,0.857142857142857,0.138582677165354,0.847692307692308,0.215748031496063,0,0.158132530120482,0.223270440251572,0.569131832797428,0.840978593272171,0,0.857784431137725,0.875,0.857798165137615,0,0.2015625,0.819834710743802,0.14968152866242,0.852134146341463,0.861861861861862,0.151975683890578,0.860031104199067,0.387096774193548,0.747692307692308,0.148669796557121,0.282574568288854,0.857585139318885,0.00619195046439629,0.144859813084112,0.864615384615385,0.152866242038217,0.639751552795031,0.41588785046729,0,0.234042553191489,0.69377990430622,0.344512195121951,0.853168469860896,0.13719512195122,0.271212121212121,0.502423263327948,0.867283950617284,0.789954337899543,0.841368584758942,0.728571428571429,0,0.848998459167951,0.134556574923547,0.824074074074074,0.459375,0.135746606334842,0.861963190184049,0.862559241706161,0.856474258970359,0.682170542635659,0.848024316109423,0.261068702290076,0.303265940902022,0.865740740740741,0.775700934579439,0,0,0.864566929133858,0.923809523809524,0.161648177496038,0.872641509433962,0.859567901234568,0.448540706605223,0.833073322932917,0.723704866562009,0.776416539050536,0,0.866771159874608,0.388802488335925,0.857364341085271,0.860896445131376,0,0.648690292758089,0.839313572542902,0.140845070422535,0.642633228840125,0.452054794520548,0.758258258258258,0.722135007849294,0.833333333333333,0.199395770392749,0.856012658227848,0.859784283513097,0.849462365591398,0.371428571428571,0.208655332302937,0.865151515151515,0.855842185128983,0.0075187969924812,0.746969696969697,0.563552833078101,0.352574102964119,0.72782874617737,0.853582554517134,0.7953125,0.861111111111111,0.131419939577039,0.13365539452496,0,0.755795981452859,0.140888208269525,0.146831530139104,0.352941176470588,0,0.861370716510903,0.814589665653495,0.856049004594181,0.86,0.224299065420561,0.140378548895899,0,0,0.275590551181102,0.210852713178295,0.259780907668232,0,0.132921174652241,0.842349304482226,0.0681818181818182,0.384615384615385,0.856037151702786,0.621495327102804,0.840944881889764,0.691950464396285,0.645801526717557,0,0.856296296296296,0.474178403755869,0.559006211180124,0.807283763277693,0.855842185128983,0.474732006125574,0.0091324200913242,0.846986089644513,0.832326283987915,0,0.852852852852853,0.160436137071651,0.859649122807018,0.484709480122324,0,0.0076103500761035,0.5616,0.772797527047913,0.143518518518519,0.268987341772152,0.00771604938271605,0,0.689655172413793,0.164556962025316,0.862179487179487,0.401515151515151,0.853658536585366,0.144817073170732,0.557275541795666,0.431962025316456,0.79140127388535,0.237179487179487,0.137404580152672,0,0.181962025316456,0,0.855842185128983,0.148499210110585,0.851190476190476,0.139968895800933,0.859399684044234,0,0.555891238670695,0.508744038155803,0.863354037267081,0,0.86085626911315,0,0.462519936204147,0.852986217457887,0,0.641538461538462,0.860719874804382,0.751572327044025,0.828298887122417,0.179878048780488,0,0.854938271604938,0.360890302066773,0,0.675425038639876,0.136363636363636,0.151376146788991,0.860282574568289,0.851968503937008,0.862068965517241,0.850539291217257,0.853125,0,0.844274809160305,0.0165912518853695,0.40763358778626,0.378670788253478,0.847222222222222,0.842748091603053,0.860394537177542,0.861068702290076,0.0592705167173252,0.148205928237129,0.850722311396469,0.829562594268477,0.708841463414634,0.855182926829268,0.859070464767616,0.854517611026034,0,0,0.844213649851632,0,0.192955589586524,0,0.845794392523365,0.363492063492063,0.320695102685624,0.232980332829047,0.829457364341085,0.00153846153846154,0.225114854517611,0.852255054432348,0.852941176470588,0.6578125,0.484984984984985,0.337278106508876,0.29607250755287,0.702660406885759,0.143939393939394,0.234930448222566,0.590979782270607,0.367851622874807,0.701378254211332,0.143302180685358,0,0.145110410094637,0.377952755905512,0.845295055821372,0.60741885625966,0.322338830584708,0.638036809815951,0.772657450076805,0.847305389221557,0.854632587859425,0.885220125786163,0.863275039745628,0.864485981308411,0.572093023255814,0.4884437596302,0.856049004594181,0.145645645645646,0.150746268656716,0.784496124031008,0.00755287009063444,0.860182370820669,0.833333333333333,0,0.244094488188976,0,0.848062015503876,0,0.867078825347759,0.861801242236025,0.151975683890578,0.7640625,0.859756097560976,0.647887323943662,0.621329211746522,0.769828926905132,0,0,0.816558441558442,0.829662261380323,0.860681114551084,0,0,0.135303265940902,0.346564885496183,0.533026113671275,0,0.494640122511485,0,0.914330218068536,0.871428571428571,0.261682242990654,0.347626339969372,0,0.426584234930448,0.636932707355243,0.762790697674419,0.844311377245509,0.7339593114241,0.151840490797546,0.858044164037855,0.026984126984127,0.86031746031746,0,0.863429438543247,0.00627943485086342,0.861852433281005,0.149691358024691,0.0934579439252336,0,0,0.753846153846154,0.820872274143302,0.822085889570552,0.701515151515152,0.158850226928896,0.145736434108527,1,0.773006134969325,0,0.158139534883721,0.869029275808937,0,0.834123222748815,0.835889570552147,0.213740458015267,0.0338461538461538,0.140215716486903,0.862745098039216,0.506329113924051,0.201248049921997,0.233807266982622,0.23374613003096,0.6736,0.216995447647951,0.868544600938967,0,0.73125,0.855813953488372,0.00156494522691706,0,0.149773071104387,0,0.145061728395062,0.851622874806801,0.771293375394322,0.145110410094637,0.129133858267717,0.567233384853168,0.825196850393701,0.492331288343558,0.0382262996941896,0.1488,0.054773082942097,0.0139318885448916,0,0.1375,0.144360902255639,0.142635658914729,0.153139356814701,0.14050822122571,0.0394944707740916,0.0457317073170732,0.149300155520995,0.0171073094867807,0.00473186119873817,0.0295489891135303,0.0197869101978691,0.0458715596330275,0.150076569678407,0.0199692780337942,0.144674085850556,0.133545310015898,0.0349206349206349,0.147465437788018,0.0272727272727273,0.139784946236559,0.156589147286822,0.138763197586727,0.136363636363636
"72",0.0094488188976378,0.0062111801242236,0.0352760736196319,0.0657051282051282,0.0193236714975845,0.00641025641025641,0.0952380952380952,0.0334394904458599,0.00617283950617284,0,0.0046583850931677,0,0.419003115264797,0.008,0.95748031496063,0.98755832037325,0,0.0015748031496063,0.00643086816720257,0.0203125,0.828125,0.983922829581994,0.0139968895800933,0,0.0499219968798752,0.7296875,0.887147335423197,0.0190174326465927,0.541729893778452,0.29264475743349,0.993827160493827,0.322530864197531,0.235294117647059,0.694227769110764,0,0.00631911532385466,0.0061633281972265,0.0109546165884194,0.748114630467572,0.0962732919254658,0,0,0,0.00626959247648903,0.22258064516129,0.979527559055118,0.483306836248013,0.992175273865415,0.544615384615385,0.875757575757576,0,0.0108527131782946,0.73469387755102,0.0046801872074883,0.107644305772231,0.840189873417722,0,0.0241545893719807,0.0426829268292683,0.101694915254237,0.69242658423493,0.567278287461774,0.992,0,0.101587301587302,0.179012345679012,0,0.0139318885448916,0,0.993710691823899,0.137557959814529,1,0.976780185758514,0.00757575757575758,0,0.289676425269646,0.946708463949843,0.419254658385093,0.107371794871795,0.737541528239203,0,0.296754250386399,0.786259541984733,0.00930232558139535,0.891640866873065,0.0937019969278034,0.0124416796267496,0.0372093023255814,0.0404984423676012,0,0.0188976377952756,0.00782472613458529,0,0,0.0316957210776545,0,0.685758513931889,0.0216383307573416,0,0,0.373831775700935,0,0.721518987341772,0.00481540930979133,0.894736842105263,0.00644122383252818,0,0.0232558139534884,0.995253164556962,0.987381703470032,0.984472049689441,0.0791139240506329,0.680817610062893,0.00943396226415094,0,0.0169230769230769,0.294952681388013,0,0.992211838006231,0.782270606531882,0,0.243410852713178,0.741486068111455,0.9152,0.0329153605015674,0.861325115562404,0.00786163522012579,0.0062015503875969,0,0.451313755795981,0.0669781931464174,0.5296,0.0160513643659711,0,0.00793650793650794,0.96793893129771,0,0.776357827476038,0.366666666666667,0.472266244057052,0,0,0.0278207109737249,0.244514106583072,0.8336,0.00784929356357928,0.985915492957746,0.0762052877138414,0.58974358974359,0.0198473282442748,0.859177215189873,0.0186046511627907,0.00476190476190476,0.155038759689922,0.0093603744149766,0.992025518341308,0.00771604938271605,0.993730407523511,0,0.260663507109005,0.124809741248097,0.0233281493001555,0.983076923076923,0,0.00458715596330275,0.557142857142857,0.00646203554119548,0.0078740157480315,0.0078125,0.692780337941628,0.0265625,0.993710691823899,0.0572755417956656,0.992424242424242,0.107594936708861,0.622257053291536,0,0.0202492211838006,0,0.1484375,0.00772797527047913,0.883647798742138,0.0234741784037559,0.0587326120556414,0.00904977375565611,0.0319148936170213,0.903276131045242,0.636503067484663,0.0786516853932584,0.0634920634920635,0.941915227629513,0.987538940809969,0.0284810126582278,0.121538461538462,0,0,0.69170579029734,0,0.00464396284829721,0.755760368663594,0.109149277688604,0.252321981424149,0.0151975683890578,0.572784810126582,0.576086956521739,0.700636942675159,0.0883280757097792,0.0412044374009509,0.126348228043143,0,0.121306376360809,0.814144736842105,0.0669856459330144,0.992236024844721,0.927914110429448,0.468118195956454,0.0248833592534992,0.0230414746543779,0.173501577287066,0.00778816199376947,0.108320251177394,0,0.923913043478261,0.341945288753799,0.0125588697017268,0,0.0107692307692308,0.0254872563718141,0.4484375,0.468847352024922,0.0156985871271586,0.00642054574638844,0.6138147566719,0,0.10355486862442,0.476340694006309,0.0365659777424483,0.996870109546166,0.045662100456621,0.00794912559618442,0.0046656298600311,0.0536277602523659,0.478395061728395,0.990551181102362,0.0336538461538462,0.46046511627907,0.987654320987654,0.99390243902439,0.81629392971246,0.995334370139969,0.843354430379747,0.321212121212121,0.995363214837713,0.990769230769231,0.983076923076923,0.415123456790123,0.955625990491284,0.0207336523125997,0,0.9921875,0,0.773228346456693,0.0063391442155309,0.026813880126183,0.088646967340591,0,0.126198083067093,0.143511450381679,0.322378716744914,0.397798742138365,0.52241112828439,0.556782334384858,0,0.008,0.899691358024691,0.311290322580645,0.0441640378548896,0.978294573643411,0.244961240310078,0.990595611285266,0.877138413685848,0.00610687022900763,0.00815660685154975,0.0903328050713154,0,0.350689127105666,0.105015673981191,0,0.992248062015504,0.0980091883614089,0.0221870047543582,0,1,0.992223950233281,0.0177705977382876,0.123809523809524,0.991974317817014,0,0.591549295774648,0.0125984251968504,0.216589861751152,0.619047619047619,0.329635499207607,0.0432098765432099,0.982839313572543,0.00764525993883792,0.00768049155145929,0.987381703470032,0.0341614906832298,0.00791139240506329,0.027027027027027,0.00622083981337481,0.819314641744548,0.687888198757764,0.7078125,0.0255591054313099,0.0653907496012759,0.00156494522691706,0.739811912225705,0.0280373831775701,0.8453125,0.696107784431138,0.0109717868338558,0.00947867298578199,0.0340030911901082,0.3088,0.00597907324364723,0.764521193092622,0.0432766615146832,0.00947867298578199,0,0.681114551083591,0.439749608763693,0.979559748427673,0.0015552099533437,0.987711213517665,0.0855365474339036,0.972222222222222,0.996918335901387,0,0.775700934579439,0.0127388535031847,0.928571428571429,0.0212765957446809,0.0295489891135303,0.015625,0.703470031545741,0.697411003236246,0.329133858267717,0.558631921824104,0,0.183800623052959,0.98030303030303,0.953101361573374,0.802163833075734,0.00792393026941363,0.995290423861852,0,0.673343605546995,0.986196319018405,0.969354838709677,0.510204081632653,0.00316455696202532,0.723370429252782,0.00321543408360129,0.0344287949921753,0,0.0176991150442478,0.993827160493827,0.00769230769230769,0.170542635658915,0.00797448165869218,0.984177215189873,0.0244648318042813,0.993720565149137,0.122480620155039,0.293548387096774,0.0591805766312595,0.021671826625387,0.0062015503875969,0.696400625978091,0.0389408099688473,0.00462249614791988,0.993846153846154,0.969088098918083,0.00793650793650794,0.00610687022900763,0.68266253869969,0.12111801242236,0.0387722132471729,0.0576323987538941,0.00463678516228748,0,0.881789137380192,0.0077639751552795,0.993660855784469,0,0.0335463258785942,0,0.956112852664577,0.0062402496099844,0.0388802488335925,0,0.369734789391576,0.571205007824726,0.0189274447949527,0.990445859872611,0.123809523809524,0.0112540192926045,0.618897637795276,0.395962732919255,0.21656050955414,0,0.832550860719875,0.0336538461538462,0.0031201248049922,0.555382215288612,0.00619195046439629,0.0330578512396694,0.965625,0,0.0217391304347826,0.0140625,0.0514820592823713,0.313935681470138,0.989010989010989,0.125596184419714,0.75,0.818181818181818,0,0.387301587301587,0.407176287051482,0.399068322981366,0,0.728731942215088,0.0933125972006221,0.357698289269051,0.48382126348228,0.917417417417417,0,0,0.00609756097560976,0.0263157894736842,0,0.0795631825273011,0,0,0,0.00940438871473354,0,0.0048,0.230534351145038,0.472644376899696,0.00454545454545455,0,0,0.0109204368174727,0.040785498489426,0.283720930232558,0.995319812792512,0,0.104938271604938,0.399375975039002,0.00617283950617284,0.470496894409938,0.667194928684628,0,0.0200308166409861,0.993579454253612,0.0505529225908373,0.906200317965024,0,0.984802431610942,0.892282958199357,0.514754098360656,0.034375,0,0.050381679389313,0.0217054263565891,0.00770416024653313,0,0.926163723916533,0.0665557404326123,0.990131578947368,0.00460122699386503,0.00462249614791988,0.989147286821705,0.00619195046439629,0.689167974882261,0.187017001545595,0.982866043613707,0.827751196172249,0.0406885758998435,0,0.992150706436421,0.0294573643410853,0.990338164251208,0.346518987341772,0.587677725118483,0,0.882445141065831,0.258785942492013,0.731366459627329,0.0267716535433071,0.996879875195008,0.845201238390093,0.554471544715447,0.0602782071097372,0.125,0.0403726708074534,0.247619047619048,0,0.0184331797235023,0.992354740061162,0.0375,0.6032,0.992389649923896,0.00459418070444104,0.00786163522012579,0.0062992125984252,0.3568,0.0202177293934681,0.860062893081761,0.806603773584906,0.0618238021638331,0.107476635514019,0,0,0.0159235668789809,0.0644654088050314,0.975767366720517,0.0158227848101266,0.0153374233128834,0.616822429906542,0.0770465489566613,0.2765625,0.106870229007634,0,0.0347551342812006,0.641627543035994,0.00619195046439629,0.0062015503875969,0,0.365054602184087,0.0315955766192733,0.993680884676145,0.326433121019108,0.63125,0.213751868460389,0.320872274143302,0.0452488687782805,0.909509202453988,0.0193861066235864,0.0062111801242236,0.0276497695852535,0.680129240710824,0.879310344827586,0.0139968895800933,0.00615384615384615,0,0.226586102719033,0.551724137931034,0.746105919003115,0.238828967642527,0.00625,0.111635220125786,0.0015552099533437,0.111951588502269,0.991922455573506,0,0.172955974842767,0.993589743589744,0.993700787401575,0.734472049689441,0,0.0141732283464567,0.0886850152905199,0.00778816199376947,0.0139968895800933,0.898573692551506,0.996815286624204,0,0,0.826645264847512,0.913385826771654,0.840944881889764,0,0.992283950617284,0.0061633281972265,0.405819295558959,0.691222570532915,0.00473186119873817,0.417445482866044,0.031496062992126,0.349157733537519,0.368663594470046,0,0.00447093889716841,0.608557844690967,0.505564387917329,0.0753846153846154,0.0138036809815951,0.606431852986217,0,0.0532915360501567,0.0487804878048781,0,0.0396341463414634,0.979876160990712,0.0212765957446809,0.580594679186229,0,0,0.4848,0.166666666666667,0.993779160186625,0.861464968152866,0,0,0.256716417910448,0.974723538704581,0.00827814569536424,0.69218989280245,0.0122324159021407,0.993836671802773,0.606531881804043,0.675078864353312,0.127158555729984,0.907766990291262,0.989113530326594,0,0.952456418383518,0,0.00911854103343465,0.799682034976153,0.0241691842900302,0.990654205607477,0.0062992125984252,0,0.465648854961832,0.537735849056604,0.0078125,0,0.00772797527047913,0,0.616260162601626,0.0168711656441718,0,0.343076923076923,0.0171339563862928,0.252713178294574,0.0593900481540931,0.963246554364472,0,0.00623052959501558,0.743221690590112,0,0.314641744548287,0.993984962406015,0.973684210526316,0.008,0.00635930047694754,0.0167682926829268,0.0345368916797488,0.0224358974358974,0,0.0294117647058824,0,0.630094043887147,0.727975270479134,0.0123647604327666,0.0139968895800933,0.0139103554868624,0.0124416796267496,0.0296875,0.985871271585557,0.0198675496688742,0.04375,0.284603421461897,0.0214395099540582,0.00613496932515337,0.0325077399380805,0,0,0.0227272727272727,0,0.925418569254186,0.0015527950310559,0.046801872074883,0.723916532905297,0.7856,0.874425727411945,0.0806962025316456,0.00153374233128834,0.893915756630265,0.00618238021638331,0.00773993808049536,0.36817472698908,0.587797619047619,0.789473684210526,0.814528593508501,0.350237717908082,0.995384615384615,0.881538461538461,0.454976303317536,0.753532182103611,0.301242236024845,0.984520123839009,0,0.99211356466877,0.662921348314607,0.00642054574638844,0.340590979782271,0.766666666666667,0.37888198757764,0.117647058823529,0.0168195718654434,0.0499194847020934,0.0284810126582278,0.00642054574638844,0.00789889415481832,0.446708463949843,0.591836734693878,0.00784929356357928,0.987878787878788,0.984894259818731,0.132307692307692,0,0.00758725341426404,0.034375,0,0.897476340694006,0,0.0579937304075235,0,0.0282574568288854,0.0078125,0.987767584097859,0.14937106918239,0.00625,0.349206349206349,0.365054602184087,0.108414239482201,0,0,0.0766721044045677,0.0626865671641791,0.0154083204930663,0,0,0.996805111821086,0.780635400907716,0.513975155279503,0,0.546875,0,0.0754716981132075,0.00636942675159236,0.810810810810811,0.76605504587156,0,0.669329073482428,0.41588785046729,0.135860979462875,0.0411585365853659,0.228971962616822,0.996904024767802,0.0175718849840256,0.0860719874804382,0.00477707006369427,0,0.0228310502283105,0,0.00474683544303797,0.976452119309262,0.606741573033708,0,0,0.177115987460815,0.0745542949756888,0.0524691358024691,0.285714285714286,0.96969696969697,0.987361769352291,0.175,0.173780487804878,0,0.981132075471698,0.0409448818897638,0,0.0159744408945687,0.0492307692307692,0.933858267716535,0,0.989296636085627,0.0061633281972265,0.546774193548387,0.917956656346749,0.887640449438202,0.882442748091603,0.309178743961353,0.909090909090909,0.0046656298600311,0,0.244929797191888,0.0216049382716049,0,0,0.998487140695915,0,0.993817619783617,0.0078125,0.286871961102107,0.993640699523052,0.99211356466877,0.458199356913183,0.0471698113207547,0.57032457496136,0,0.993527508090615,0.0463258785942492,0.00783699059561128,0,0.803174603174603,0.989473684210526,0.996840442338073,0.983180428134557,0.995412844036697,0,0,0.98297213622291,0.00631911532385466,0.0032,0.0247678018575851,0.00462962962962963,0,0.990654205607477,0.0124804992199688,0.99347471451876,0.992125984251969,0,0.990610328638498,0.0440729483282675,0.99537750385208,0.9109375,0.990922844175492,0.995334370139969
"73",0.0176,0.0188976377952756,0.0419254658385093,0.0827922077922078,0.0352,0.016025641025641,0.120253164556962,0.0455974842767296,0.0202177293934681,0,0.0189274447949527,0,0.43167701863354,0.0143312101910828,0.939586645468998,0.973765432098765,0,0.00159235668789809,0.0206677265500795,0.0357698289269051,0.838006230529595,0.9456,0.0313971742543171,0,0.0608424336973479,0.746434231378764,0.905660377358491,0.0207336523125997,0.540123456790123,0.321928460342146,0.97984496124031,0.322480620155039,0.238782051282051,0.722834645669291,0,0.0191693290734824,0.0062402496099844,0.0265210608424337,0.759146341463415,0.114906832298137,0,0,0,0.0159744408945687,0.243464052287582,0.966929133858268,0.51510333863275,0.983974358974359,0.553680981595092,0.868098159509202,0,0.0206349206349206,0.7339593114241,0.0186046511627907,0.124401913875598,0.850961538461538,0,0.0467741935483871,0.05625,0.114906832298137,0.722308892355694,0.579029733959311,0.979397781299525,0,0.114147909967846,0.18558282208589,0,0.0287081339712919,0,0.980830670926518,0.153013910355487,0.976780185758514,1,0.0168711656441718,0,0.301075268817204,0.9515625,0.449843260188088,0.119741100323625,0.742671009771987,0,0.303076923076923,0.788667687595712,0.0139318885448916,0.889580093312597,0.111459968602826,0.0215716486902928,0.043956043956044,0.046875,0,0.0224,0.0188087774294671,0,0,0.0431309904153355,0,0.702492211838006,0.040625,0,0,0.397496087636933,0,0.733333333333333,0.0171606864274571,0.904615384615385,0.0161812297734628,0,0.0407523510971787,0.984051036682616,0.978090766823161,0.973478939157566,0.1008,0.684713375796178,0.0271565495207668,0,0.0357142857142857,0.300787401574803,0,0.9828125,0.786963434022258,0,0.255451713395639,0.762578616352201,0.937898089171974,0.04375,0.845440494590417,0.0201238390092879,0.0217391304347826,0,0.471138845553822,0.0846394984326019,0.53160453808752,0.0304,0,0.0209339774557166,0.961180124223602,0,0.792937399678973,0.384496124031008,0.502407704654896,0,0,0.0427892234548336,0.243328100470958,0.833068362480127,0.0193861066235864,0.976303317535545,0.0965732087227414,0.596434359805511,0.0354938271604938,0.86871961102107,0.0329153605015674,0.0224358974358974,0.168486739469579,0.0217729393468118,0.982428115015974,0.0171339563862928,0.985691573926868,0,0.272292993630573,0.149460708782743,0.0376766091051805,0.964285714285714,0,0.0170278637770898,0.5664,0.0194174757281553,0.0218408736349454,0.0138248847926267,0.723241590214067,0.0374414976599064,0.984202211690363,0.0692307692307692,0.984894259818731,0.12924071082391,0.6453125,0,0.0282131661442006,0,0.169781931464174,0.0188383045525903,0.888888888888889,0.0346456692913386,0.0667701863354037,0.0274809160305344,0.0446153846153846,0.919558359621451,0.630769230769231,0.0967213114754098,0.074313408723748,0.939586645468998,0.978461538461538,0.0337620578778135,0.143987341772152,0,0,0.717011128775835,0,0.014018691588785,0.761978361669243,0.133440514469453,0.263157894736842,0.0259146341463415,0.584126984126984,0.575235109717868,0.715421303656598,0.094488188976378,0.0473186119873817,0.138629283489097,0,0.130094043887147,0.829268292682927,0.0719874804381847,0.982731554160126,0.925696594427245,0.489795918367347,0.0440944881889764,0.0309597523219814,0.185358255451713,0.01875,0.120500782472613,0,0.926216640502355,0.343653250773994,0.0240770465489567,0,0.0246913580246914,0.0395738203957382,0.4671875,0.446708463949843,0.0282131661442006,0.0163398692810458,0.638230647709321,0,0.118564742589704,0.492012779552716,0.0470957613814757,0.981651376146789,0.0597243491577335,0.01743264659271,0.0205696202531646,0.0612244897959184,0.480499219968799,0.981132075471698,0.0455974842767296,0.480680061823802,0.983383685800604,0.981818181818182,0.806962025316456,0.982704402515723,0.8592,0.343605546995377,0.981337480559876,0.976599063962558,0.981191222570533,0.435857805255023,0.937299035369775,0.0315955766192733,0,0.978159126365055,0,0.770800627943485,0.0176282051282051,0.0376175548589342,0.112480739599384,0,0.1504,0.153609831029186,0.331761006289308,0.412772585669782,0.542264752791069,0.551834130781499,0,0.017515923566879,0.907668231611894,0.320261437908497,0.0497667185069984,0.973478939157566,0.262992125984252,0.982594936708861,0.884012539184953,0.016793893129771,0.0164744645799012,0.12,0,0.383540372670807,0.117834394904459,0,0.978294573643411,0.107692307692308,0.0383386581469649,0,0.982919254658385,0.978395061728395,0.0388349514563107,0.139240506329114,0.983974358974359,0,0.62085308056872,0.0271565495207668,0.222222222222222,0.61198738170347,0.356576862123613,0.0546021840873635,0.978193146417445,0.0199386503067485,0.0141955835962145,0.979133226324238,0.0488958990536278,0.0156985871271586,0.0417335473515249,0.0187207488299532,0.830275229357798,0.70846394984326,0.723538704581359,0.035426731078905,0.0760517799352751,0,0.749211356466877,0.0410094637223975,0.8390625,0.723664122137405,0.0219435736677116,0.0204081632653061,0.047244094488189,0.314424635332253,0.024390243902439,0.764044943820225,0.0513219284603421,0.0237341772151899,0,0.686821705426357,0.473684210526316,0.970266040688576,0,0.975572519083969,0.0919003115264797,0.961119751166407,0.9828125,0,0.793650793650794,0.0234375,0.919685039370079,0.0325732899022801,0.0452418096723869,0.0299212598425197,0.730283911671924,0.722495894909688,0.34488188976378,0.550580431177446,0,0.180379746835443,0.976816074188563,0.953846153846154,0.814814814814815,0.0142405063291139,0.982758620689655,0,0.691588785046729,0.975384615384615,0.961904761904762,0.534375,0.0174880763116057,0.739903069466882,0.0178282009724473,0.055205047318612,0,0.027231467473525,0.979782270606532,0.0202177293934681,0.184210526315789,0.0177993527508091,0.973270440251572,0.0405616224648986,0.982677165354331,0.130708661417323,0.315359477124183,0.0682170542635659,0.0282131661442006,0.0205696202531646,0.721183800623053,0.0492063492063492,0.0182094081942337,0.986217457886677,1,0.0190174326465927,0.0219435736677116,0.694704049844237,0.133333333333333,0.0517799352750809,0.0667726550079491,0.0202177293934681,0,0.888188976377953,0.0202808112324493,0.9826224328594,0,0.0518867924528302,0,0.959055118110236,0.0171606864274571,0.0390015600624025,0,0.387755102040816,0.584639498432602,0.0362204724409449,0.980613893376414,0.148325358851675,0.019047619047619,0.6416,0.4140625,0.232594936708861,0,0.846153846153846,0.0430622009569378,0.0237341772151899,0.567140600315956,0.0171339563862928,0.0478547854785479,0.958466453674121,0,0.0326594090202177,0.0221518987341772,0.0625978090766823,0.334370139968896,0.971291866028708,0.151515151515152,0.777604976671851,0.808441558441558,0,0.392063492063492,0.409162717219589,0.409302325581395,0,0.737357259380098,0.101910828025478,0.374233128834356,0.506230529595016,0.921212121212121,0,0,0.0152671755725191,0.0384615384615385,0,0.10126582278481,0,0,0,0.016,0,0.0195121951219512,0.249211356466877,0.486196319018405,0.015527950310559,0,0,0.0221870047543582,0.0515151515151515,0.289922480620155,0.984496124031008,0,0.120795107033639,0.418641390205371,0.015625,0.482115085536547,0.66025641025641,0,0.0340030911901082,0.979397781299525,0.0574162679425837,0.90952380952381,0,0.969558599695586,0.881516587677725,0.540362438220758,0.0463678516228748,0,0.0664605873261206,0.0376766091051805,0.0170278637770898,0,0.930926216640502,0.0847176079734219,0.977382875605816,0.0154083204930663,0.0214723926380368,0.981042654028436,0.0173775671406003,0.707278481012658,0.201248049921997,0.980952380952381,0.840064620355412,0.0566037735849057,0,0.979938271604938,0.0416666666666667,0.981848184818482,0.359677419354839,0.614649681528662,0,0.882170542635659,0.279935275080906,0.75625,0.0423197492163009,0.981132075471698,0.859784283513097,0.555371900826446,0.0665634674922601,0.134052388289676,0.0504731861198738,0.27831715210356,0,0.0412213740458015,0.981538461538462,0.0532915360501567,0.636363636363636,0.980182926829268,0.0170278637770898,0.0142405063291139,0.0111464968152866,0.386792452830189,0.0284810126582278,0.874213836477987,0.82018927444795,0.0715396578538103,0.12792511700468,0,0,0.0226171243941842,0.0857605177993527,0.974481658692185,0.0348101265822785,0.0250783699059561,0.644859813084112,0.0894308943089431,0.282296650717703,0.11353032659409,0,0.0449438202247191,0.670347003154574,0.0157232704402516,0.0220472440944882,0,0.37914691943128,0.0365659777424483,0.9826224328594,0.331210191082803,0.628304821150855,0.224085365853659,0.347133757961783,0.0578386605783866,0.915384615384615,0.0333333333333333,0.0155038759689922,0.0345368916797488,0.70906200317965,0.873015873015873,0.028169014084507,0.0184049079754601,0,0.22360248447205,0.561128526645768,0.75625,0.253846153846154,0.0141287284144427,0.121835443037975,0.01875,0.113496932515337,0.985148514851485,0,0.201574803149606,0.979299363057325,0.9828125,0.748837209302326,0,0.0262345679012346,0.107309486780715,0.0157728706624606,0.0247295208655332,0.907668231611894,0.982649842271293,0,0,0.8336,0.94408945686901,0.849840255591054,0,0.981337480559876,0.0110062893081761,0.417310664605873,0.710191082802548,0.0207667731629393,0.42015503875969,0.0462519936204147,0.379471228615863,0.391104294478528,0,0.018018018018018,0.621664050235479,0.524720893141946,0.0851393188854489,0.0265210608424337,0.623456790123457,0,0.0658307210031348,0.0605590062111801,0,0.0494590417310665,0.966772151898734,0.0307941653160454,0.578294573643411,0,0,0.515248796147673,0.179365079365079,0.989079563182527,0.866559485530547,0,0,0.266263237518911,0.96031746031746,0.0180327868852459,0.705701078582434,0.0200617283950617,0.983282674772036,0.637931034482759,0.682615629984051,0.149443561208267,0.894822006472492,0.979559748427673,0,0.94896331738437,0,0.02,0.79050736497545,0.0302114803625378,0.977742448330684,0.0205696202531646,0,0.476190476190476,0.539936102236422,0.0169753086419753,0,0.0168711656441718,0,0.629392971246006,0.0279937791601866,0,0.360501567398119,0.0382775119617225,0.269968051118211,0.0676328502415459,0.953198127925117,0,0.0155038759689922,0.762658227848101,0,0.329704510108865,0.980273141122914,0.969183359013868,0.0188679245283019,0.0159489633173844,0.0263157894736842,0.046656298600311,0.0379746835443038,0,0.0427892234548336,0,0.661042944785276,0.732283464566929,0.0247295208655332,0.0280811232449298,0.0262751159196291,0.0251968503937008,0.0278637770897833,0.96998420221169,0.0308441558441558,0.0574534161490683,0.293846153846154,0.036979969183359,0.0138674884437596,0.0405616224648986,0,0,0.0329341317365269,0,0.924731182795699,0.00156985871271586,0.0599369085173502,0.736089030206677,0.788961038961039,0.872307692307692,0.0937996820349762,0.00158227848101266,0.903576982892691,0.014018691588785,0.0201550387596899,0.383647798742138,0.602102102102102,0.788375558867362,0.818461538461538,0.369951534733441,0.984567901234568,0.87888198757764,0.473015873015873,0.760765550239234,0.316436251920123,0.968652037617555,0,0.979495268138801,0.677265500794913,0.016260162601626,0.372239747634069,0.792109256449165,0.400625978090767,0.146645865834633,0.0259541984732824,0.0578778135048231,0.0349206349206349,0.0207006369426752,0.0144694533762058,0.472698907956318,0.601550387596899,0.0157977883096366,0.983282674772036,0.974588938714499,0.143081761006289,0,0.0184899845916795,0.0424528301886792,0,0.888357256778309,0,0.0670826833073323,0,0.0387596899224806,0.0204081632653061,0.976816074188563,0.173501577287066,0.0169230769230769,0.368088467614534,0.397196261682243,0.128205128205128,0,0,0.0888529886914378,0.0742942050520059,0.0329153605015674,0,0,0.988745980707395,0.789719626168224,0.510172143974961,0,0.564945226917058,0,0.095389507154213,0.0189274447949527,0.803827751196172,0.761538461538461,0,0.674267100977199,0.435736677115987,0.15600624024961,0.0506134969325153,0.244131455399061,0.985714285714286,0.032258064516129,0.0864779874213836,0.0160513643659711,0,0.0323076923076923,0,0.0175718849840256,0.97984496124031,0.608,0,0,0.185126582278481,0.0838709677419355,0.073959938366718,0.300153139356815,0.961538461538462,0.981102362204724,0.186520376175549,0.193251533742331,0,0.963836477987421,0.0457413249211356,0,0.0380952380952381,0.0619195046439628,0.962382445141066,0,0.984177215189873,0.0154798761609907,0.541269841269841,0.919175911251981,0.896496815286624,0.87789799072643,0.317741935483871,0.909090909090909,0.0207336523125997,0,0.246835443037975,0.0354938271604938,0,0,0.98468606431853,0,0.978227060653188,0.0186915887850467,0.305466237942122,0.98116169544741,0.985623003194888,0.48006379585327,0.054773082942097,0.572981366459627,0,0.980676328502415,0.0496794871794872,0.0078740157480315,0,0.78806907378336,0.976744186046512,0.979430379746835,0.964451313755796,0.983050847457627,0,0,0.968798751950078,0.00313971742543171,0.00161550888529887,0.0254777070063694,0.00470957613814757,0,0.974522292993631,0.0109204368174727,0.982343499197432,0.977952755905512,0,0.976816074188563,0.0445468509984639,0.982892690513219,0.903276131045242,0.978658536585366,0.977812995245642
"74",0.998422712933754,1,0.970858895705521,0.934294871794872,0.988993710691824,1,0.894654088050314,0.976780185758514,1,0,1,0,0.552307692307692,1,0.0432098765432099,0.00763358778625954,0,0.015527950310559,0.996865203761755,0.986322188449848,0.14854517611026,0.0303030303030303,0.987915407854985,0,0.955725190839695,0.246081504702194,0.1015625,0.98740157480315,0.474397590361446,0.704718417047184,0,0.682027649769585,0.770800627943485,0.291217257318952,0,1,0.0181818181818182,0.998477929984779,0.264792899408284,0.915151515151515,0.0015552099533437,0.0168970814132104,0.0060882800608828,1,0.781102362204724,0.020440251572327,0.525902668759812,0,0.47910447761194,0.137048192771084,0,0.993920972644377,0.260336906584992,1,0.881889763779528,0.168769716088328,0,0.982758620689655,0.958904109589041,0.911987860394537,0.299689440993789,0.442572741194487,0,0,0.899843505477308,0.834101382488479,0,0.993827160493827,0,0,0.86232980332829,0.00757575757575758,0.0168711656441718,1,0,0.707831325301205,0.0448430493273543,0.578220858895706,0.896551724137931,0.268729641693811,0,0.711864406779661,0.193740685543964,0.998496240601504,0.111791730474732,0.906202723146747,0.996941896024465,0.970992366412214,0.963525835866261,0.00904977375565611,0.98755832037325,1,0,0,0.971698113207547,0,0.293577981651376,0.984639016897081,0.0060790273556231,0.00772797527047913,0.622874806800618,0,0.283076923076923,1,0.0917293233082707,1,0.00941915227629513,0.979813664596273,0,0.00763358778625954,0.00455235204855842,0.907120743034056,0.334360554699538,0.995356037151703,0,0.990853658536585,0.711450381679389,0,0,0.221036585365854,0,0.776049766718507,0.241960183767228,0.0691823899371069,0.974550898203593,0.142857142857143,0.998489425981873,0.996941896024465,0,0.552469135802469,0.932707355242567,0.463836477987421,0.987538940809969,0,0.995192307692308,0.0212443095599393,0,0.195924764890282,0.626356589147287,0.522151898734177,0,0,0.980122324159021,0.766823161189358,0.160572337042925,1,0.00611620795107034,0.930513595166163,0.412403100775194,0.981900452488688,0.129337539432177,0.987538940809969,1,0.834876543209877,0.995440729483283,0,1,0,0,0.750390015600624,0.870588235294118,0.983206106870229,0.0179910044977511,0,1,0.448979591836735,1,1,1,0.274809160305344,0.978560490045942,0.00154798761609907,0.945864661654135,0,0.8921875,0.367283950617284,0,0.984732824427481,0,0.844615384615385,1,0.108832807570978,0.980152671755725,0.952815829528158,0.991044776119403,0.973013493253373,0.0937972768532526,0.381381381381381,0.927786499215071,0.943573667711599,0.0458715596330275,0.00306278713629403,0.981538461538462,0.859327217125382,0,0,0.293478260869565,0.00155763239875389,1,0.259426847662142,0.873817034700315,0.75,0.989489489489489,0.424615384615385,0.424657534246575,0.28416149068323,0.91601866251944,0.959564541213064,0.880418535127055,0,0.884969325153374,0.17693522906793,0.945652173913043,0,0.0669710806697108,0.533846153846154,0.976635514018692,0.97737556561086,0.829153605015674,0.998470948012232,0.889751552795031,0,0.065015479876161,0.672699849170437,0.995305164319249,0,0.990909090909091,0.979197622585438,0.546564885496183,0.54953560371517,0.9953125,1,0.354134165366615,0,0.888721804511278,0.515432098765432,0.973058637083994,0,0.959881129271917,0.998415213946117,1,0.950387596899225,0.539755351681957,0.00154559505409583,0.968992248062015,0.541666666666667,0.00301204819277108,0.0014903129657228,0.205521472392638,0,0.15251572327044,0.674735249621785,0,0.0045662100456621,0.00930232558139535,0.587349397590361,0.0295031055900621,0.984544049459042,0.0108695652173913,0,0,0.225856697819315,1,0.982866043613707,0.906298003072197,0,0.873417721518987,0.860986547085202,0.689814814814815,0.589939024390244,0.439509954058193,0.43213728549142,0.0122511485451761,1,0.0886850152905199,0.698083067092652,0.961300309597523,0.0106382978723404,0.748091603053435,0,0.11854103343465,1,1,0.891338582677165,0,0.641993957703928,0.883540372670807,0,0,0.891729323308271,0.982758620689655,0,0.00150829562594268,0.00153609831029186,0.981072555205047,0.886255924170616,0,0,0.37403400309119,0.989079563182527,0.797904191616767,0.395993836671803,0.66046511627907,0.95738203957382,0.0091324200913242,1,1,0.00623052959501558,0.967642526964561,1,0.97741935483871,0.998468606431853,0.172782874617737,0.301369863013699,0.286153846153846,0.975077881619938,0.930489731437599,0.0489296636085627,0.245723172628305,0.980030721966206,0.151702786377709,0.296686746987952,0.995341614906832,0.998454404945904,0.972350230414747,0.702194357366771,0.996978851963746,0.234930448222566,0.966309341500766,0.99685534591195,0,0.316109422492401,0.551083591331269,0.0151515151515152,0.0499243570347958,0.0060882800608828,0.906344410876133,0.0230414746543779,0,0,0.212732919254658,0.993817619783617,0.0658499234303216,0.985736925515055,0.973846153846154,0.986238532110092,0.290423861852433,0.290064102564103,0.668217054263566,0.462279293739968,0,0.829984544049459,0.0150829562594268,0.0391566265060241,0.197549770290965,1,0.00151975683890578,0,0.317829457364341,0.0105105105105105,0.0217391304347826,0.473846153846154,1,0.281733746130031,1,0.964723926380368,0,0.991202346041056,0,0.998491704374057,0.840425531914894,1,0.0108359133126935,0.981679389312977,0,0.893939393939394,0.717665615141956,0.945454545454545,0.987692307692308,0.996946564885496,0.288786482334869,0.9629057187017,1,0,0.0230769230769231,1,1,0.32572298325723,0.9,0.961352657004831,0.957186544342508,1,0,0.114599686028257,1,0.00154559505409583,0,0.966049382716049,0.00789889415481832,0.0403100775193798,1,0.97196261682243,0.0046583850931677,0.626749611197512,0.417840375586854,0.981279251170047,0.00156985871271586,0.860759493670886,0.998410174880763,0.376175548589342,0.604863221884498,0.791925465838509,0,0.150914634146341,0.9796875,0.998468606431853,0.445482866043614,1,0.973898858075041,0.0259938837920489,0.00153609831029186,0.98340874811463,0.996946564885496,0.953703703703704,0.678733031674208,0.00623052959501558,0.868624420401855,0.241274658573596,0.17329093799682,0.00458015267175573,0.627906976744186,0.604361370716511,0.610169491525424,0,0.290679304897314,0.905053598774885,0.639570552147239,0.526555386949924,0.0756676557863502,0,0,1,0.975683890577508,0,0.923076923076923,0.00792393026941363,0,0,1,0,1,0.778801843317972,0.528614457831325,1,0,0,0.993865030674847,0.961136023916293,0.729198184568835,0,0,0.874811463046757,0.592933947772657,1,0.52959028831563,0.350387596899225,0,0.983333333333333,0,0.959375,0.0822981366459627,0,0.00892857142857143,0.116535433070866,0.484602917341977,0.967741935483871,0,0.952167414050822,0.975609756097561,1,0,0.0683229813664596,0.93042071197411,0.00486223662884927,1,1,0.00917431192660551,1,0.296124031007752,0.816358024691358,0.0093167701863354,0.163779527559055,0.9671875,0.00777604976671851,0,0.975572519083969,0.00476190476190476,0.656739811912226,0.385579937304075,0,0.113671274961598,0.738654147104851,0.252293577981651,0.975497702909648,0,0.153729071537291,0.4496,0.950226244343891,0.88855421686747,0.959438377535101,0.748447204968944,0,0.983383685800604,0,0.97045101088647,0.384858044164038,0,1,1,1,0.637770897832817,0.984615384615385,0.1234375,0.1890625,0.946646341463415,0.875192604006163,0,0,0.988993710691824,0.942097026604069,0.0126984126984127,0.983076923076923,0.99079754601227,0.368098159509202,0.933229813664596,0.729001584786054,0.876854599406528,0,0.964506172839506,0.326120556414219,1,1,0,0.648148148148148,0.972093023255814,0,0.682888540031397,0.386748844375963,0.794117647058823,0.693877551020408,0.952238805970149,0.081570996978852,0.984520123839009,1,0.980091883614089,0.287519747235387,0.096875,0.990769230769231,1,0.00594353640416048,0.782012195121951,0.458914728682171,0.26646248085758,0.76416539050536,1,0.877300613496933,1,0.122727272727273,0,0,0.823255813953488,0.0031201248049922,0,0.282874617737003,0,0.989197530864197,0.917682926829268,1,0.995426829268293,0.0828125,0,0,0,0.166405023547881,0.0668740279937792,0.154320987654321,0,0,1,0.00910470409711684,0.2921875,1,0.590625,0.975270479134467,0.662650602409639,0.632286995515695,0,1,0.385093167701863,0.489230769230769,0.927382753403933,0.990825688073395,0.388127853881279,0.00921658986175115,0.954128440366973,0.956586826347305,0,0.963800904977376,0.0136570561456753,0.985668789808917,0.417298937784522,0,0.0060882800608828,0.513643659711075,0.839874411302983,0,0.13322632423756,0.00903614457831325,0.00160771704180064,0.754074074074074,0.0246913580246914,1,0.312977099236641,0.993957703927492,0,0.374045801526718,0.318681318681319,0.867601246105919,0.0960629921259843,0.00457317073170732,0.00152671755725191,0.0391236306729265,0,0.993966817496229,0.0412698412698413,0.982169390787519,0.003125,1,0,0.496987951807229,0.463223787167449,1,0,0.998500749625187,0,0.393939393939394,0.990881458966565,0,0.652042360060514,0.981191222570533,0.753105590062112,0.948275862068966,0.0346907993966818,0,1,0.259842519685039,0,0.682634730538922,0,0.0136986301369863,1,1,0.989329268292683,0.967340590979782,0.978395061728395,0,0.973643410852713,0.0212121212121212,0.341984732824427,0.290076335877863,0.992307692307692,0.992343032159265,0.996960486322188,0.993865030674847,0.0564024390243902,0.0122699386503067,0.982315112540193,0.963746223564955,0.719879518072289,0.980182926829268,1,0.975535168195719,0,0,0.986686390532544,0,0.0649546827794562,0,0.95852534562212,0.282780410742496,0.211180124223602,0.116030534351145,0.923312883435583,0,0.100917431192661,1,1,0.651090342679128,0.413489736070381,0.209748892171344,0.183055975794251,0.642857142857143,0,0.125,0.544323483670295,0.241001564945227,0.692771084337349,0.0093167701863354,0,0,0.313572542901716,1,0.626524390243902,0.231797919762259,0.618604651162791,0.878603945371775,0.992469879518072,0.968152866242038,0.976489028213166,1,0.998452012383901,0.552671755725191,0.420245398773006,0.998459167950693,0.00446428571428571,0.00754147812971342,0.870458135860979,0.0105263157894737,1,0.975572519083969,0,0.110062893081761,0,0.952380952380952,0,0.973886328725038,1,0.00754147812971342,0.841294298921418,1,0.65210608424337,0.621374045801527,0.872472783825817,0,0,0.925515055467512,0.95007342143906,0.988041853512706,0,0,0,0.218373493975904,0.490740740740741,0,0.456656346749226,0,0.932496075353218,1,0.167711598746081,0.224582701062215,0,0.332807570977918,0.584097859327217,0.872894333843798,0.966966966966967,0.778120184899846,0,0.987460815047022,0.014218009478673,1,0,0.981707317073171,0.00460829493087558,1,0.0170278637770898,0.00941915227629513,0,0,0.827639751552795,0.928343949044586,0.939117199391172,0.718181818181818,0.024024024024024,0.0046583850931677,0.829007633587786,0.831325301204819,0,0.0154320987654321,0.965678627145086,0,0.9875,0.958904109589041,0.0638629283489097,0.0425531914893617,0.00301659125188537,1,0.471608832807571,0.0724191063174114,0.089622641509434,0.114155251141553,0.694968553459119,0.093558282208589,1,0,0.763076923076923,0.984894259818731,0.00156494522691706,0,0,0,0,1,0.7168,0,0,0.540031397174254,0.960183767228178,0.447166921898928,0.0514372163388805,0.00156739811912226,0.0535433070866142,0.0197568389057751,0,0.0292758089368259,0.00597907324364723,0.0015600624024961,0.00921658986175115,0,0.0464396284829721,0.0547112462006079,0.0136986301369863,0.0199081163859112,0.0047244094488189,0.0243531202435312,0.0259146341463415,0.0578386605783866,0.00771604938271605,0.0217729393468118,0,0.00309119010819165,0.0470219435736677,0.00611620795107034,0.024024024024024,0,0.0351681957186544,0.00148367952522255,0.0015552099533437
"75",0,0,0,0,0,0,0.0078125,0.0015552099533437,0,1,0,1,0,0,0,0,1,0.984496124031008,0,0,0,0,0,1,0,0,0,0,0,0,0,0,0,0,1,0,0.976780185758514,0,0,0,0.998417721518987,0.986196319018405,0.993865030674847,0,0,0,0,0,0,0,1,0,0,0,0.0093603744149766,0,1,0,0.00309597523219814,0,0,0,0,1,0,0,1,0,1,0,0,0,0,0,1,0,0,0,0,0,1,0,0,0,0,0,0,0,0.00308166409861325,0.989425981873112,0,0,1,1,0,1,0.0186625194401244,0,0.993817619783617,0.992150706436421,0.0078125,1,0,0,0,0,0.989197530864197,0.0031055900621118,0,0,0,0.0110935023771791,0,0,1,0,0,1,0,0,1,0,0,0,0,0,0,0,1,0.0046875,0,0,0,1,0,0,1,0,0,0.00475435816164818,1,1,0,0,0,0,0,0,0,0,0,0,0,0,0,0,0,0,1,0,0.00302114803625378,0,0,1,0,0,0,0,0,0,0,0,0,0,0.00154559505409583,0,1,0,1,0,0,0,0,0,0,0,0,0,0,0,0,0,0,0.0185185185185185,1,1,0,0.998466257668712,0,0,0.0109375,0,0,0,0,0,0,0,0,1,0,0,0,0,0,0.0031104199066874,0,0,0,0,0,1,0,0,0,1,0,0,0.00460122699386503,0,0,0,0.0172413793103448,1,0.0122324159021407,0,0,0,0,0,0,0,0,0,0,0,0,0,0,0,0,0,0,0,0,0,0,0,0.988958990536278,0,1,0.0046656298600311,0,0,0,1,0.00158227848101266,0.00308166409861325,0,0,0,0,0.987538940809969,0,0,0,0,0,0,0,0,0,0,0.0109546165884194,1,0,0.0140625,1,0,0.0107033639143731,0.00156739811912226,1,0,0,0,0,0,1,0.0171073094867807,0,0,0,0,0,0,0,0,0,0,0,0,0,0,0,0,0.00319488817891374,0,0.947932618683001,0,0,0,0,0,0,0,0,0,0,0,0,1,0,0.00952380952380952,0,0.946564885496183,0,0,0,0,1,0,0,0,0,0,0,0,0,0,0,1,0,0,0,0,0,0,1,0,0,0,0,0,0,0,0,1,0,0,0,0,0,0,0,0,0,0,0,0,0.00312989045383412,0,0,0,0,0,0,0,0,0,0,0,0,1,0,0,0,1,0,0.990551181102362,0,0,0,0.995275590551181,0.00625978090766823,0,0,0,0,0,0,0,0,1,0,0.00157977883096367,0,0,0,0,0,0.998477929984779,0,0,0,0,0,0.00317460317460317,0,0.0114942528735632,0.993700787401575,0,0,0,1,0,0,0,0,0,1,1,0,0,1,0,0.990506329113924,1,1,0,1,0,0.00158227848101266,0.00457317073170732,0,1,1,0,0,0,0,0.998387096774194,0.0139103554868624,0,0,0,0,1,0,0,0,0,1,0,0,0,0.00153139356814701,1,0,0,0,1,0,0,0,0,0,0,0,0,0,0,0.00158227848101266,0,0.990491283676704,0,0,0,0,0.00946372239747634,1,0,0,0,0,0,0,0,0,0,0,0,1,0,0,0,0.00469483568075117,0,0,0,0,0,0,0,0,0,0.0110410094637224,1,1,0,0,0,0,0,0,0,0,0.0136570561456753,1,0,0.0169230769230769,0,0,1,0,0,0,0,0,0,0,0,0,0.00158478605388273,0,0,0.0143312101910828,0.0269413629160063,0,0,0.992343032159265,0,0,0,0,0,0,0,0.777609682299546,0,1,0,0,0,0,1,0,0,0,0,0,0,1,1,0,0,0,1,0,0,0.569465648854962,0,0,0.00763358778625954,0,0,0,1,0,0,0,0.00301659125188537,0,0,0.990712074303406,0,0,1,0.00151285930408472,0,0,0,1,0.992223950233281,0,0,0,0,0.989180834621329,0.998397435897436,0,0,0,0,0,0,0,0,0.00315955766192733,0,0,0.998473282442748,0,1,0,0.14975845410628,0.00152671755725191,0,0,1,0,0,0,1,0,1,0,0,1,0.015220700152207,0,0,0,0,1,0,0,1,0,0,0,0,0,0,0.0031496062992126,0,1,0,0.977341389728097,0.0184899845916795,0,0,0,0,0,0.91588785046729,0,0,0,0,0,0,0,1,1,0,1,0,0.998417721518987,0,0,0,0,0,0.998442367601246,0,0,0,0,0,0,0,0,0,0,0,0,0,0,1,0,0.019047619047619,0,0.0308166409861325,0,0,0.00308641975308642,0,0.00159489633173844,0,0,0,0,0,0,0,0,0,0.987635239567233,0,0,1,0,1,0,1,0,0,0,0,0,0.00158227848101266,0,0.0157728706624606,1,1,0,0,0,1,1,0,0,0,1,0,1,0,0,0.0332805071315372,0,1,0,0,0,0,0,0,0,0.900943396226415,0,1,0,0.993808049535604,0,0,0.380503144654088,1,1,0,0,0.00754147812971342,0,0,0,0,0,1,0,0,1,0,0,0,0.956923076923077,0,0,0,0,0,0,0,0,0,1,0,0,0.996870109546166,1,0,1,0,0,0,0,0,0.00474683544303797,0.00156494522691706,0,0.954898911353033,0,0.899841017488076,0.976635514018692,1,0.164817749603803,0,0,0.00461538461538462,0,0.952755905511811,0.949230769230769,0,0.976816074188563,0.993730407523511,0.951713395638629,0.970679012345679,0.946070878274268,0,0.970588235294118,0,0,0.956043956043956,0,0.930722891566265,0,0.0518053375196232,0,0
"76",0.725581395348837,0.710606060606061,0.73820395738204,0.726844583987441,0.699842022116904,0.716772151898734,0.768160741885626,0.735963581183611,0.714285714285714,0.00156494522691706,0.717357910906298,0.00154559505409583,0.648773006134969,0.702830188679245,0.347560975609756,0.31832298136646,0,0.0125391849529781,0.699523052464229,0.726717557251908,0.434250764525994,0.314465408805031,0.704819277108434,0.00155038759689922,0.725308641975309,0.478193146417445,0.374414976599064,0.69826224328594,0.769001490312966,0.691603053435115,0.301059001512859,0.794294294294294,0.873065015479876,0.473363774733638,0.00153609831029186,0.709284627092846,0.0166666666666667,0.710769230769231,0.520289855072464,0.718181818181818,0.00154798761609907,0.0107197549770291,0.00309119010819165,0.710031347962382,0.723270440251572,0.319182389937107,0.63125,0.280811232449298,0.63093415007657,0.431784107946027,0.00153374233128834,0.717592592592593,0.516871165644172,0.709428129829985,0.7359375,0.437209302325581,0,0.70606531881804,0.718608169440242,0.786585365853659,0.497723823975721,0.72768532526475,0.287267080745342,0.00156985871271586,0.782131661442006,0.781345565749236,0,0.707241910631741,0,0.285266457680251,0.671686746987952,0.289676425269646,0.301075268817204,0.707831325301205,0,1,0.337899543378995,0.738058551617874,0.792834890965732,0.486133768352365,0.00156494522691706,0.78030303030303,0.482035928143713,0.703196347031963,0.398763523956723,0.739329268292683,0.706686930091185,0.741301059001513,0.710166919575114,0.00453857791225416,0.710031347962382,0.712749615975422,0.0015527950310559,0.00151285930408472,0.719242902208202,0,0.53822629969419,0.716463414634146,0.00459418070444104,0.00467289719626168,0.699846860643185,0,0.529780564263323,0.712715855572998,0.403298350824588,0.711627906976744,0.00308641975308642,0.730650154798762,0.285271317829457,0.30077519379845,0.297134238310709,0.753869969040248,0.553654743390358,0.703076923076923,0.00155763239875389,0.726586102719033,0.775038520801233,0.0015015015015015,0.280245022970904,0.495398773006135,0.0015015015015015,0.865740740740741,0.514503816793893,0.359177215189873,0.716486902927581,0.41131498470948,0.704374057315234,0.698630136986301,0.00155038759689922,0.679012345679012,0.71875,0.655007949125596,0.712025316455696,0,0.704225352112676,0.302255639097744,0,0.492138364779874,0.649068322981366,0.68621236133122,0.00157232704402516,0.00158478605388273,0.719754977029097,0.830508474576271,0.462992125984252,0.7015625,0.284178187403994,0.714285714285714,0.589341692789969,0.722727272727273,0.433544303797468,0.712715855572998,0.703245749613601,0.717791411042945,0.70750382848392,0.272012578616352,0.711656441717791,0.286153846153846,0,0.815165876777251,0.779788838612368,0.721461187214612,0.311746987951807,0.00151975683890578,0.710806697108067,0.603149606299213,0.718799368088468,0.714719271623672,0.698630136986301,0.468373493975904,0.714285714285714,0.301391035548686,0.723723723723724,0.29080118694362,0.781789638932496,0.56386292834891,0.0015625,0.7,0.00150375939849624,0.732115677321157,0.713850837138508,0.397174254317111,0.725731895223421,0.733637747336377,0.704411764705882,0.727272727272727,0.394171779141104,0.571209800918836,0.737833594976452,0.737833594976452,0.337461300309598,0.29601226993865,0.712050078247261,0.757296466973886,0.00149253731343284,0.00153374233128834,0.562403697996918,0.00153374233128834,0.709531013615734,0.496217851739788,0.752755905511811,0.720610687022901,0.711450381679389,0.633385335413417,0.628398791540785,0.556426332288401,0.716257668711656,0.715384615384615,0.779816513761468,0.0015527950310559,0.705343511450382,0.462145110410095,0.7339593114241,0.298600311041991,0.350453172205438,0.681538461538462,0.720543806646526,0.726858877086495,0.845440494590417,0.702865761689291,0.801223241590214,0.00156985871271586,0.372519083969466,0.824773413897281,0.71583850931677,0.00151975683890578,0.710806697108067,0.722551928783383,0.68348623853211,0.629800307219662,0.711864406779661,0.710031347962382,0.589230769230769,0.0015748031496063,0.770290964777948,0.716300940438871,0.741784037558685,0.293577981651376,0.723146747352496,0.713846153846154,0.711656441717791,0.743034055727554,0.623318385650224,0.305426356589147,0.738863287250384,0.624427480916031,0.286135693215339,0.285928143712575,0.410493827160494,0.271186440677966,0.423861852433281,0.677710843373494,0.286594761171032,0.298192771084337,0.311349693251534,0.708270676691729,0.315707620528771,0.725609756097561,0.00314465408805031,0.294027565084227,0,0.473035439137134,0.728549141965679,0.713846153846154,0.722650231124807,0.00151745068285281,0.781102362204724,0.745839636913767,0.770440251572327,0.734567901234568,0.593220338983051,0.609302325581395,0.00455927051671732,0.69435736677116,0.391768292682927,0.778649921507064,0.738863287250384,0.299694189602446,0.722650231124807,0.298761609907121,0.400914634146341,0.717717717717718,0.709984152139461,0.758346581875994,0.00149925037481259,0.720653789004458,0.754303599374022,0,0.28158295281583,0.75,0.72281776416539,0.00151975683890578,0.304545454545455,0.28030303030303,0.730829420970266,0.786936236391913,0.299363057324841,0.00153846153846154,0.588325652841782,0.732394366197183,0.765060240963855,0.56,0.710900473933649,0.723241590214067,0.301223241590214,0.716666666666667,0.692780337941628,0.28816199376947,0.724505327245053,0.706240487062405,0.724683544303797,0.712977099236641,0.433130699088146,0.534456355283308,0.551987767584098,0.727838258164852,0.741732283464567,0.0364741641337386,0.513219284603421,0.742635658914729,0.406727828746177,0.542728635682159,0.726153846153846,0.721538461538462,0.740458015267176,0.84375,0.712990936555891,0.497667185069984,0.73071104387292,0.700460829493088,0.0015748031496063,0.545180722891566,0.669753086419753,0.304615384615385,0.0368098159509202,0.291729323308271,0.732006125574273,0.322775263951735,0.286363636363636,0,0.478328173374613,0.708333333333333,0.356269113149847,0.737864077669903,0.73959938366718,0.722910216718266,0.557632398753894,0.53343949044586,0.770542635658915,0.592592592592593,0.00152905198776758,0.809597523219814,0.294910179640719,0.317073170731707,0.483870967741935,0.703703703703704,0.296466973886329,0.00152905198776758,0.551671732522796,0.289592760180996,0.300623052959502,0.624420401854714,0.698142414860681,0.508580343213729,0.697262479871176,0.728395061728395,0,0.718061674008811,0.26646248085758,0.695324283559578,0.801815431164902,0.723270440251572,0.308641975308642,0.729198184568835,0.284615384615385,0.717357910906298,0.7390625,0.734756097560976,0.721036585365854,0.700617283950617,0.556923076923077,0.732824427480916,0.698170731707317,0.303892215568862,0.300623052959502,0.708978328173375,0.708206686930091,0.532012195121951,0.72768532526475,0.716108452950558,0.746177370030581,0.711940298507463,0,0.376377952755906,0.703196347031963,0.302003081664099,0.00157977883096367,0.747678018575851,0.00318471337579618,0.337442218798151,0.707390648567119,0.730354391371341,0.00308166409861325,0.696124031007752,0.588325652841782,0.729264475743349,0.282334384858044,0.726989079563182,0.705790297339593,0.671875,0.702095808383233,0.769706336939722,0,0.438948995363215,0.738782051282051,0.721109399075501,0.599085365853659,0.720430107526882,0.692182410423453,0.326594090202177,0.00154559505409583,0.724924012158055,0.710122699386503,0.722222222222222,0.766768292682927,0.292117465224111,0.78021978021978,0.476993865030675,0.456591639871383,0.00154559505409583,0.819032761310452,0.675507020280811,0.707241910631741,0.00149925037481259,0.504792332268371,0.761102603369066,0.791540785498489,0.666666666666667,0.365671641791045,0,0.0015015015015015,0.705014749262537,0.718140929535232,0.00154798761609907,0.711213517665131,0,0.00150375939849624,0.00157728706624606,0.709230769230769,0.00149700598802395,0.720379146919431,0.713622291021672,0.674698795180723,0.702255639097744,0.00156739811912226,0.00156985871271586,0.713178294573643,0.737704918032787,0.895136778115502,0.296851574212894,0,0.753403933434191,0.700152207001522,0.719754977029097,0.621987951807229,0.540498442367601,0,0.716463414634146,0.293650793650794,0.755070202808112,0.367601246105919,0,0.301943198804185,0.401538461538462,0.608,0.710166919575114,0.00149925037481259,0.724962630792227,0.711450381679389,0.698630136986301,0.00153139356814701,0.357366771159875,0.723856209150327,0.298555377207063,0.689393939393939,0.700453857791225,0.299689440993789,0.701834862385321,0.540372670807453,0.724770642201835,0.297090352220521,0.430577223088924,0.740683229813665,0.00307219662058372,0.292424242424242,0.726315789473684,0.301412872841444,0.989045383411581,0.584234930448223,0.00151515151515152,0.384036144578313,0.784496124031008,0.52623688155922,0.712765957446808,0.29249617151608,0.420091324200913,0.638263665594855,0.730015082956259,0.781763826606876,0.734157650695518,0.827692307692308,0.00156985871271586,0.715151515151515,0.299236641221374,0.710323574730354,0.591414944356121,0.292168674698795,0.708018154311649,0.716279069767442,0.692901234567901,0.660436137071651,0.72281776416539,0.412403100775194,0.485225505443235,0.720430107526882,0.76103500761035,0.00151515151515152,0,0.711598746081505,0.699059561128527,0.300632911392405,0.714728682170543,0.724615384615385,0.59606656580938,0.73015873015873,0.719814241486068,0.75113808801214,0.00151057401812689,0.720247295208655,0.552469135802469,0.720858895705521,0.71141975308642,0.00149253731343284,0.801213960546282,0.714508580343214,0.287022900763359,0.80625,0.562021439509954,0.773134328358209,0.726429675425039,0.731634182908546,0.358630952380952,0.716744913928013,0.705792682926829,0.737327188940092,0.540930979133226,0.380664652567976,0.720610687022901,0.709923664122137,0.0045662100456621,0.824961948249619,0.616207951070336,0.484066767830046,0.783987915407855,0.703125,0.728682170542636,0.703196347031963,0.165644171779141,0.288888888888889,0.0015015015015015,0.844615384615385,0.294930875576037,0.289269051321928,0.50231124807396,0.00153609831029186,0.741641337386018,0.748137108792846,0.703875968992248,0.71342383107089,0.390697674418605,0.299531981279251,0.00148588410104012,0.00152671755725191,0.454121306376361,0.364760432766615,0.434169278996865,0,0.285067873303167,0.699236641221374,0.13767019667171,0.544323483670295,0.704968944099379,0.688073394495413,0.709828393135725,0.717948717948718,0.68133535660091,0.00151515151515152,0.712797619047619,0.606918238993711,0.671361502347418,0.761329305135952,0.720610687022901,0.565084226646248,0.00308166409861325,0.734254992319508,0.735159817351598,0,0.713643178410795,0.294207317073171,0.735247208931419,0.605828220858896,0,0.00304878048780488,0.691573926868045,0.796899224806202,0.28902627511592,0.402208201892744,0.00153139356814701,0.00158478605388273,0.725258493353028,0.309230769230769,0.717781402936378,0.546142208774584,0.712349397590361,0.282904689863843,0.524390243902439,0.52276295133438,0.8046875,0.36525974025974,0.29607250755287,0.00152671755725191,0.32753164556962,0.00153846153846154,0.721556886227545,0.287519747235387,0.727544910179641,0.29375,0.711811023622047,0.0015220700152207,0.631498470948012,0.766975308641975,0.690769230769231,0.0015625,0.705614567526555,0.0015527950310559,0.583465818759936,0.723823975720789,0.00152905198776758,0.70257966616085,0.721617418351477,0.679566563467492,0.748829953198128,0.328787878787879,0.00153609831029186,0.713622291021672,0.496865203761755,0,0.787596899224806,0.294814814814815,0.300455235204856,0.705229793977813,0.7015625,0.698813056379822,0.709035222052067,0.70735524256651,0.00153139356814701,0.721792890262751,0.00923076923076923,0.572289156626506,0.516079632465544,0.70750382848392,0.7125,0.730650154798762,0.713414634146341,0.0625,0.313664596273292,0.721153846153846,0.737404580152672,0.820552147239264,0.704892966360856,0.706605222734255,0.743119266055046,0.00151285930408472,0.00151057401812689,0.704747774480712,0.00149476831091181,0.34984984984985,0,0.714285714285714,0.493710691823899,0.454976303317536,0.389570552147239,0.764615384615385,0.00307219662058372,0.398773006134969,0.7,0.716692189892802,0.683076923076923,0.631578947368421,0.483918128654971,0.421289355322339,0.661993769470405,0.285496183206107,0.401215805471125,0.692901234567901,0.512422360248447,0.811178247734139,0.296466973886329,0.0015600624024961,0.280125195618153,0.554364471669219,0.718553459119497,0.68558282208589,0.488095238095238,0.802731411229135,0.790419161676647,0.700453857791225,0.756369426751592,0.712962962962963,0.717219589257504,0.722480620155039,0.669242658423493,0.583076923076923,0.707430340557275,0.291666666666667,0.294642857142857,0.788990825688073,0.00303490136570561,0.703647416413374,0.700453857791225,0.00156985871271586,0.410296411856474,0.00151745068285281,0.743390357698289,0.0016025641025641,0.724770642201835,0.71097372488408,0.291540785498489,0.724458204334365,0.712574850299401,0.731782945736434,0.681818181818182,0.757763975155279,0.00154320987654321,0,0.743221690590112,0.722141823444284,0.717557251908397,0.00149476831091181,0,0.28169014084507,0.48729446935725,0.654377880184332,0.00153846153846154,0.608895705521472,0.00152671755725191,0.70735524256651,0.717592592592593,0.415241057542768,0.505311077389985,0,0.531782945736434,0.653963414634146,0.724505327245053,0.727952167414051,0.73780487804878,0.295384615384615,0.72884012539185,0.0497667185069984,0.712480252764613,0.00156985871271586,0.710682492581602,0.00154559505409583,0.704225352112676,0.3078125,0.193199381761978,0.0015220700152207,0.00154798761609907,0.824884792626728,0.750793650793651,0.749240121580547,0.697151424287856,0.304932735426009,0.288611544461778,0.668217054263566,0.671171171171171,0,0.310185185185185,0.722480620155039,0.00150829562594268,0.712933753943218,0.729198184568835,0.348228043143297,0.0273972602739726,0.283333333333333,0.695522388059701,0.600624024960998,0.355038759689922,0.390282131661442,0.391371340523883,0.920634920634921,0.369760479041916,0.718266253869969,0.00153374233128834,0.817472698907956,0.707207207207207,0.0015625,0.00154798761609907,0.280415430267062,0.00154559505409583,0.305426356589147,0.701700154559505,0.691222570532915,0.293103448275862,0.292379471228616,0.697819314641745,0.7339593114241,0.725880551301684,0.0343283582089552,0.28436018957346,0.047244094488189,0.0167173252279635,0.00154559505409583,0.2671875,0.292792792792793,0.28816199376947,0.306990881458967,0.282934131736527,0.0300632911392405,0.0367534456355283,0.293129770992366,0.0154320987654321,0.00310077519379845,0.0308641975308642,0.0211161387631976,0.0398162327718224,0.30568356374808,0.0167173252279635,0.289137380191693,0.294851794071763,0.0283464566929134,0.29320987654321,0.0375375375375375,0.283536585365854,0.296296296296296,0.293051359516616,0.293663060278207
"77",0.0501567398119122,0.046969696969697,0.0726429675425039,0.0984375,0.0552922590837283,0.048,0.145510835913313,0.06,0.048048048048048,0,0.0431432973805855,0,0.458588957055215,0.0391236306729265,0.933539412673879,0.948170731707317,0,0.00310077519379845,0.0469483568075117,0.0540123456790123,0.853658536585366,0.92109500805153,0.0574018126888218,0,0.086232980332829,0.745709828393136,0.881538461538461,0.0507131537242472,0.575987841945289,0.348623853211009,0.952815829528158,0.362519201228879,0.279179810725552,0.720430107526882,0,0.0404984423676012,0.00306278713629403,0.0442073170731707,0.769345238095238,0.131901840490798,0,0.00153609831029186,0,0.040625,0.262910798122066,0.943661971830986,0.510140405616225,0.953846153846154,0.557575757575758,0.834080717488789,0,0.0538461538461538,0.774733637747336,0.0388802488335925,0.151419558359621,0.827586206896552,0,0.0625978090766823,0.0804953560371517,0.13587786259542,0.704718417047184,0.601217656012177,0.956112852664577,0,0.13968253968254,0.218654434250765,0,0.0552995391705069,0,0.957006369426752,0.174436090225564,0.946708463949843,0.9515625,0.0448430493273543,0,0.337899543378995,1,0.464723926380368,0.160377358490566,0.747163695299838,0,0.326219512195122,0.77526395173454,0.0409711684370258,0.863914373088685,0.136294027565084,0.0492307692307692,0.0706605222734255,0.0790273556231003,0,0.0449612403100775,0.044478527607362,0,0,0.0708661417322835,0,0.691842900302115,0.0607476635514019,0,0,0.416793893129771,0,0.74805598755832,0.0448916408668731,0.888048411497731,0.0396196513470681,0,0.0581039755351682,0.962323390894819,0.955108359133127,0.956989247311828,0.116279069767442,0.689497716894977,0.0527950310559006,0,0.0555555555555556,0.339939024390244,0,0.958715596330275,0.755038759689923,0,0.281733746130031,0.766355140186916,0.901587301587302,0.0615384615384615,0.825077399380805,0.0430769230769231,0.046656298600311,0,0.482496194824962,0.111801242236025,0.521259842519685,0.0542264752791069,0,0.0518053375196232,0.942336874051593,0,0.81733746130031,0.412403100775194,0.506329113924051,0,0,0.0659509202453988,0.286377708978328,0.817307692307692,0.0407523510971787,0.954758190327613,0.12037037037037,0.622874806800618,0.0618401206636501,0.863275039745628,0.0614439324116743,0.0425196850393701,0.19482496194825,0.0445468509984639,0.950558213716108,0.0419254658385093,0.957680250783699,0,0.297213622291022,0.167173252279635,0.0664605873261206,0.941628264208909,0,0.0384024577572965,0.576190476190476,0.0495207667731629,0.0396341463414634,0.0380517503805175,0.710166919575114,0.0645161290322581,0.957943925233645,0.0899550224887556,0.956390977443609,0.141287284144427,0.641104294478528,0,0.0614439324116743,0,0.19047619047619,0.0447530864197531,0.863207547169811,0.0642201834862385,0.0963302752293578,0.0531757754800591,0.0662650602409639,0.884146341463415,0.649700598802395,0.101587301587302,0.103833865814696,0.937791601866252,0.961656441717791,0.0695102685624013,0.170506912442396,0,0,0.723704866562009,0,0.045662100456621,0.763358778625954,0.150234741784038,0.282674772036474,0.0545454545454545,0.598116169544741,0.571644042232277,0.739811912225705,0.121951219512195,0.080370942812983,0.163109756097561,0,0.159754224270353,0.836507936507937,0.0878274268104777,0.953703703703704,0.889057750759878,0.483024691358025,0.0745341614906832,0.0599078341013825,0.22360248447205,0.0434782608695652,0.15962441314554,0,0.889400921658986,0.393665158371041,0.043956043956044,0,0.047112462006079,0.0641791044776119,0.468797564687976,0.485407066052227,0.0485133020344288,0.0475435816164818,0.638759689922481,0,0.140243902439024,0.51496062992126,0.0741324921135647,0.957120980091884,0.0771558245083207,0.0515625,0.044478527607362,0.093558282208589,0.489296636085627,0.9609375,0.0689655172413793,0.490963855421687,0.953662182361734,0.953592814371258,0.782608695652174,0.951713395638629,0.862068965517241,0.377643504531722,0.958268933539413,0.951588502269289,0.954898911353033,0.435975609756098,0.909937888198758,0.0590062111801242,0,0.96,0,0.786499215070644,0.0411392405063291,0.062015503875969,0.129230769230769,0,0.167987321711569,0.177541729893778,0.357698289269051,0.447692307692308,0.560747663551402,0.553459119496855,0,0.0402476780185759,0.892141756548536,0.3472,0.0885093167701863,0.955315870570108,0.289676425269646,0.956923076923077,0.872894333843798,0.0452488687782805,0.0430622009569378,0.144215530903328,0,0.388888888888889,0.142410015649452,0,0.955792682926829,0.13719512195122,0.062402496099844,0,0.956923076923077,0.952599388379205,0.0664556962025316,0.154446177847114,0.957547169811321,0,0.625776397515528,0.0514018691588785,0.246987951807229,0.635239567233385,0.37597503900156,0.0812883435582822,0.950769230769231,0.0396341463414634,0.0496894409937888,0.948678071539658,0.0707692307692308,0.043956043956044,0.0698412698412698,0.0451713395638629,0.811526479750779,0.741538461538462,0.746081504702194,0.0596546310832025,0.0993589743589744,0.00462962962962963,0.738724727838258,0.0641221374045802,0.827692307692308,0.710014947683109,0.0495356037151703,0.0440944881889764,0.0708782742681048,0.365625,0.0437405731523379,0.746031746031746,0.0805471124620061,0.0460122699386503,0,0.719033232628399,0.470031545741325,0.942367601246106,0.00308166409861325,0.945038167938931,0.131901840490798,0.940909090909091,0.958139534883721,0,0.773006134969325,0.053125,0.891975308641975,0.0552922590837283,0.0717628705148206,0.0604651162790698,0.73497688751926,0.736593059936908,0.367534456355283,0.566188197767145,0,0.214953271028037,0.954954954954955,0.933534743202417,0.81859756097561,0.0470219435736677,0.953775038520801,0,0.710122699386503,0.945736434108527,0.960443037974684,0.539412673879444,0.043613707165109,0.733226837060703,0.043338683788122,0.0829420970266041,0,0.0549777117384844,0.951145038167939,0.0409090909090909,0.216923076923077,0.0466988727858293,0.951863354037267,0.0717557251908397,0.953775038520801,0.1546875,0.331269349845201,0.0875576036866359,0.0590062111801242,0.0402476780185759,0.750387596899225,0.0796875,0.0441400304414003,0.955725190839695,0.939814814814815,0.0452418096723869,0.0434782608695652,0.69922480620155,0.161585365853659,0.0784,0.0885496183206107,0.0489296636085627,0,0.872037914691943,0.0461538461538462,0.955453149001536,0,0.0734375,0,0.925117004680187,0.0457317073170732,0.0816640986132511,0,0.400943396226415,0.597156398104265,0.0645669291338583,0.96,0.17425431711146,0.0381558028616852,0.649612403100775,0.429878048780488,0.265210608424337,0,0.84331797235023,0.0651828298887122,0.0402476780185759,0.568992248062016,0.0414110429447853,0.0685154975530179,0.932515337423313,0,0.058641975308642,0.0473282442748092,0.0927357032457496,0.359208523592085,0.95,0.165109034267913,0.76793893129771,0.803571428571429,0,0.4234375,0.423913043478261,0.423076923076923,0,0.728,0.136294027565084,0.401826484018265,0.50462962962963,0.903417533432392,0,0,0.0444444444444444,0.0743550834597876,0,0.12093023255814,0,0,0,0.0448916408668731,0,0.0461049284578696,0.258164852255054,0.502248875562219,0.0417287630402385,0,0,0.0513219284603421,0.0873493975903614,0.31651376146789,0.954268292682927,0,0.144376899696049,0.434108527131783,0.0419254658385093,0.483532934131737,0.68062015503876,0,0.060790273556231,0.957006369426752,0.0873634945397816,0.893915756630265,0,0.951734539969834,0.858954041204437,0.529032258064516,0.0690184049079755,0,0.0960960960960961,0.0655487804878049,0.0424886191198786,0,0.913322632423756,0.113300492610837,0.9616,0.0483383685800604,0.0425531914893617,0.949848024316109,0.0356589147286822,0.741935483870968,0.228971962616822,0.951788491446345,0.845669291338583,0.0832049306625578,0,0.963020030816641,0.0721966205837174,0.947867298578199,0.386895475819033,0.599688473520249,0,0.972477064220184,0.289137380191693,0.768292682926829,0.0682170542635659,0.95141065830721,0.848942598187311,0.561996779388084,0.0876132930513595,0.155120481927711,0.0817901234567901,0.294209702660407,0,0.0655487804878049,0.961890243902439,0.0778816199376947,0.631496062992126,0.956456456456456,0.0439393939393939,0.048062015503876,0.0373250388802488,0.410296411856474,0.0648148148148148,0.878461538461539,0.838557993730408,0.0944272445820433,0.15015479876161,0,0,0.0502354788069074,0.104265402843602,0.966981132075472,0.0638629283489097,0.0570987654320988,0.668702290076336,0.102643856920684,0.311320754716981,0.145038167938931,0,0.0788643533123028,0.663076923076923,0.0442748091603053,0.043343653250774,0,0.401550387596899,0.0727554179566563,0.954968944099379,0.3734375,0.643518518518518,0.247422680412371,0.344186046511628,0.0907715582450832,0.875562218890555,0.062111801242236,0.0416024653312789,0.066358024691358,0.70364500792393,0.867692307692308,0.0599078341013825,0.0446153846153846,0,0.264525993883792,0.564142194744977,0.758409785932722,0.274844720496894,0.043343653250774,0.163009404388715,0.0427480916030534,0.102874432677761,0.962843295638126,0,0.223088923556942,0.96594427244582,0.956318252730109,0.747320061255743,0,0.0504587155963303,0.128482972136223,0.0479876160990712,0.0458015267175573,0.874223602484472,0.949606299212598,0,0,0.837245696400626,0.901253918495298,0.850157728706625,0,0.9558599695586,0.0412844036697248,0.418045112781955,0.728682170542636,0.0410742496050553,0.445468509984639,0.0717628705148206,0.375,0.404833836858006,0,0.047976011994003,0.634222919937206,0.546439628482972,0.118003025718608,0.0576631259484067,0.662538699690402,0,0.0904907975460123,0.0896656534954407,0,0.0770392749244713,0.943164362519201,0.0598705501618123,0.567073170731707,0,0,0.529505582137161,0.203732503888025,0.958588957055215,0.868462757527734,0,0,0.299248120300752,0.933544303797468,0.0423452768729642,0.709230769230769,0.0510510510510511,0.954337899543379,0.645015105740181,0.681020733652313,0.170886075949367,0.868044515103339,0.949308755760369,0,0.925632911392405,0,0.0455235204855842,0.782193958664547,0.0581222056631893,0.954330708661417,0.0470957613814757,0,0.497005988023952,0.576744186046512,0.043343653250774,0,0.0467571644042232,0,0.635922330097087,0.0566615620214395,0,0.375191424196018,0.0666666666666667,0.30503144654088,0.0911949685534591,0.940729483282675,0,0.0398773006134969,0.750394944707741,0,0.368501529051988,0.956390977443609,0.960365853658537,0.0458135860979463,0.043956043956044,0.0499243570347958,0.0745341614906832,0.0668740279937792,0,0.0625978090766823,0.00153846153846154,0.653846153846154,0.729071537290715,0.0498489425981873,0.0450310559006211,0.0506134969325153,0.0485584218512898,0.0307219662058372,0.950078003120125,0.0543130990415335,0.0782208588957055,0.326251896813354,0.0672782874617737,0.0476923076923077,0.0721966205837174,0,0,0.0611940298507463,0,0.894977168949772,0,0.0925925925925926,0.728571428571429,0.791139240506329,0.921658986175115,0.127527216174184,0,0.899691358024691,0.0390625,0.0474006116207951,0.403755868544601,0.622613803230543,0.778761061946903,0.831562974203338,0.391785150078989,0.960183767228178,0.868624420401855,0.490625,0.734567901234568,0.331797235023041,0.93944099378882,0,0.955905511811024,0.672413793103448,0.0464,0.373088685015291,0.8,0.421947449768161,0.157492354740061,0.0515933232169954,0.0818619582664527,0.0613207547169811,0.0499219968798752,0.046801872074883,0.481424148606811,0.601837672281776,0.0457317073170732,0.95900439238653,0.955725190839695,0.170542635658915,0,0.0440060698027314,0.0764525993883792,0,0.856466876971609,0,0.0880989180834621,0,0.0682170542635659,0.0428790199081164,0.946646341463415,0.2,0.0397553516819572,0.389324960753532,0.425076452599388,0.151799687010955,0,0,0.115072933549433,0.0982142857142857,0.0548780487804878,0,0,0.95625,0.767019667170953,0.507788161993769,0,0.566978193146417,0,0.110047846889952,0.0421216848673947,0.805946791862285,0.751914241960184,0,0.66046511627907,0.436834094368341,0.177541729893778,0.0784313725490196,0.26905132192846,0.96,0.0540540540540541,0.0872274143302181,0.0445151033386327,0,0.0621212121212121,0,0.040625,0.94679186228482,0.601851851851852,0,0,0.217791411042945,0.115873015873016,0.100609756097561,0.322137404580153,0.949852507374631,0.958730158730159,0.201238390092879,0.206015037593985,0,0.950155763239875,0.0788253477588872,0,0.0573248407643312,0.0842105263157895,0.910631741140216,0.00152671755725191,0.959876543209877,0.0436746987951807,0.557661927330174,0.886970172684458,0.873617693522907,0.878315132605304,0.35062893081761,0.874622356495468,0.0462962962962963,0,0.285271317829457,0.0582822085889571,0,0,0.961367013372957,0,0.958204334365325,0.0459418070444104,0.319935691318328,0.958990536277603,0.959627329192547,0.483720930232558,0.0774091627172196,0.590563165905632,0.00459418070444104,0.954258675078864,0.0533751962323391,0.00758725341426404,0,0.788819875776398,0.948717948717949,0.952904238618524,0.949074074074074,0.955223880597015,0.0015748031496063,0.00307219662058372,0.943164362519201,0.00613496932515337,0.00316455696202532,0.0325077399380805,0.00618238021638331,0.00303490136570561,0.952887537993921,0.0138674884437596,0.959119496855346,0.956318252730109,0.00157977883096367,0.950693374422188,0.0466867469879518,0.95398773006135,0.877675840978593,0.959881129271917,0.957547169811321
"78",0.582278481012658,0.577812018489985,0.605740181268882,0.608214849921011,0.579872204472843,0.57556270096463,0.6046875,0.57345971563981,0.585843373493976,0,0.577399380804954,0,0.637770897832817,0.564945226917058,0.472527472527473,0.441358024691358,0,0.0123839009287926,0.57120253164557,0.585889570552147,0.510802469135803,0.451456310679612,0.567026194144838,0,0.60061919504644,0.576619273301738,0.491419656786271,0.565977742448331,0.678899082568807,0.63482280431433,0.43167701863354,0.661490683229814,0.752773375594295,0.548091603053435,0,0.586687306501548,0.0183767228177642,0.584732824427481,0.557548579970105,0.628440366972477,0.00157977883096367,0.0107361963190184,0.00307219662058372,0.57667731629393,0.643659711075441,0.455414012738854,0.658878504672897,0.427018633540373,0.62178517397882,0.527272727272727,0,0.58307210031348,0.558320373250389,0.557959814528594,0.582554517133956,0.526315789473684,0,0.592417061611374,0.569908814589666,0.628614916286149,0.573415765069552,0.665144596651446,0.442338072669826,0,0.668253968253968,0.67906976744186,0,0.56828885400314,0,0.432432432432432,0.592307692307692,0.419254658385093,0.449843260188088,0.578220858895706,0,0.738058551617874,0.464723926380368,1,0.620414673046252,0.571428571428571,0,0.641975308641975,0.596006144393241,0.557959814528594,0.523148148148148,0.626543209876543,0.577335375191424,0.600308641975309,0.570769230769231,0.00454545454545455,0.5640625,0.563552833078101,0,0,0.578538102643857,0,0.570107858243451,0.570532915360502,0.00455927051671732,0.00622083981337481,0.650470219435737,0,0.554160125588697,0.559055118110236,0.481536189069424,0.567961165048544,0.00628930817610063,0.584375,0.430842607313196,0.430340557275542,0.436728395061728,0.6078125,0.583850931677019,0.579192546583851,0,0.577881619937695,0.657276995305164,0,0.423312883435583,0.619496855345912,0,0.742496050552923,0.558502340093604,0.480190174326466,0.574534161490683,0.546439628482972,0.56797583081571,0.565217391304348,0,0.6390625,0.612403100775194,0.698412698412698,0.580286168521463,0,0.569377990430622,0.434715821812596,0,0.541666666666667,0.653543307086614,0.636363636363636,0,0,0.590839694656489,0.744615384615385,0.60062893081761,0.559375,0.421216848673947,0.613354037267081,0.62200956937799,0.571428571428571,0.503174603174603,0.577287066246057,0.580031695721078,0.622119815668203,0.578461538461538,0.437201907790143,0.565149136577708,0.437694704049844,0,0.724842767295597,0.625187406296852,0.58,0.441221374045802,0,0.577099236641221,0.617977528089888,0.56957928802589,0.580093312597201,0.551145038167939,0.555895865237366,0.575153374233129,0.432973805855162,0.599085365853659,0.439878234398782,0.616352201257862,0.649847094801223,0,0.571875,0,0.657407407407407,0.58179012345679,0.521531100478469,0.578461538461538,0.611111111111111,0.574660633484163,0.592705167173252,0.495327102803738,0.580060422960725,0.624798711755233,0.617322834645669,0.446177847113885,0.419504643962848,0.572567783094099,0.599688473520249,0,0,0.580542264752791,0.00154798761609907,0.580152671755725,0.558103975535168,0.591194968553459,0.661608497723824,0.573170731707317,0.610062893081761,0.692780337941628,0.580745341614907,0.580343213728549,0.582689335394127,0.620060790273556,0,0.598159509202454,0.50796178343949,0.596875,0.426791277258567,0.488479262672811,0.629160063391442,0.58359133126935,0.595454545454545,0.6828125,0.554347826086957,0.685446009389671,0,0.494607087827427,0.770769230769231,0.579454253611557,0,0.579268292682927,0.56793893129771,0.627906976744186,0.607751937984496,0.573208722741433,0.584126984126984,0.608557844690967,0,0.610350076103501,0.650546021840874,0.589540412044374,0.42967542503864,0.591463414634146,0.581903276131045,0.58868501529052,0.626373626373626,0.618098159509202,0.444790046656299,0.61128526645768,0.669266770670827,0.427921092564492,0.413897280966767,0.504746835443038,0.421216848673947,0.500792393026941,0.606431852986217,0.413312693498452,0.437025796661609,0.438569206842924,0.635114503816794,0.447284345047923,0.582159624413146,0.00626959247648903,0.423017107309487,0,0.52803738317757,0.570093457943925,0.576802507836991,0.612307692307692,0,0.624398073836276,0.64,0.650943396226415,0.655384615384615,0.627575277337559,0.687400318979266,0.00619195046439629,0.560629921259843,0.463901689708141,0.65378421900161,0.593167701863354,0.420245398773006,0.648606811145511,0.430340557275542,0.492236024844721,0.572507552870091,0.569805194805195,0.609448818897638,0,0.647328244274809,0.595611285266458,0,0.417956656346749,0.586989409984871,0.576190476190476,0,0.439509954058193,0.418320610687023,0.5776,0.641390205371248,0.437001594896332,0,0.614533965244866,0.577287066246057,0.63302752293578,0.593798449612403,0.664556962025316,0.576219512195122,0.41588785046729,0.571209800918836,0.568567026194145,0.45226917057903,0.600614439324117,0.572784810126582,0.581358609794629,0.574730354391371,0.5421875,0.563748079877112,0.577464788732394,0.568253968253968,0.6064,0.0307692307692308,0.607255520504732,0.565625,0.530959752321981,0.633888048411498,0.585023400936037,0.578538102643857,0.588697017268446,0.778309409888357,0.578549848942598,0.588607594936709,0.606758832565284,0.561514195583596,0,0.583717357910906,0.616224648985959,0.441679626749611,0.0357698289269051,0.431818181818182,0.597560975609756,0.451219512195122,0.436923076923077,0,0.5828125,0.57433489827856,0.49609984399376,0.582258064516129,0.604615384615385,0.576138147566719,0.579277864992151,0.576051779935275,0.964396284829721,0.607142857142857,0,0.771875,0.434451219512195,0.445966514459665,0.516819571865443,0.585023400936037,0.429892141756549,0,0.578703703703704,0.433846153846154,0.451816745655608,0.626373626373626,0.561708860759494,0.578696343402226,0.559543230016313,0.588976377952756,0,0.57847533632287,0.406392694063927,0.56969696969697,0.756508422664625,0.580906148867314,0.433229813664596,0.581143740340031,0.415094339622642,0.634945397815913,0.645211930926217,0.603975535168196,0.58814352574103,0.565354330708661,0.596625766871166,0.608557844690967,0.555045871559633,0.436834094368341,0.455384615384615,0.570093457943925,0.569206842923795,0.587326120556414,0.644615384615385,0.578696343402226,0.615146831530139,0.576452599388379,0,0.492063492063492,0.575153374233129,0.417582417582418,0,0.606635071090047,0.00635930047694754,0.464968152866242,0.577572964669739,0.567026194144838,0.00159489633173844,0.635093167701863,0.645569620253165,0.590266875981162,0.409235668789809,0.602848101265823,0.571205007824726,0.648177496038035,0.631659056316591,0.641185647425897,0,0.506289308176101,0.588328075709779,0.579277864992151,0.660436137071651,0.579185520361991,0.572368421052632,0.475155279503106,0.00155038759689922,0.58868501529052,0.56793893129771,0.596273291925466,0.902140672782875,0.429022082018927,0.623255813953488,0.544461778471139,0.509031198686371,0.0046801872074883,0.885400313971743,0.63349131121643,0.642201834862385,0,0.574162679425837,0.596899224806202,0.938744257274119,0.628048780487805,0.487951807228916,0,0,0.558173784977909,0.578866768759571,0,0.608832807570978,0.00476190476190476,0,0,0.572542901716069,0,0.572115384615385,0.610591900311526,0.627659574468085,0.554711246200608,0,0,0.576744186046512,0.603630862329803,0.778637770897833,0.43558282208589,0.00159744408945687,0.591185410334346,0.632307692307692,0.579598145285935,0.675799086757991,0.592125984251968,0,0.564814814814815,0.435897435897436,0.609177215189873,0.479495268138801,0,0.426204819277108,0.511811023622047,0.636215334420881,0.580547112462006,0,0.60882800608828,0.580745341614907,0.561051004636785,0,0.474683544303797,0.588617886178862,0.420289855072464,0.557251908396947,0.562883435582822,0.447166921898928,0.556574923547401,0.595348837209302,0.65,0.433333333333333,0.512779552715655,0.599688473520249,0.00623052959501558,0.442700156985871,0.587155963302752,0.449438202247191,0.753554502369668,0.566510172143975,0,0.476851851851852,0.656050955414013,0.567651632970451,0.590769230769231,0.440438871473354,0.521472392638037,0.714983713355049,0.604261796042618,0.619266055045872,0.616588419405321,0.864139020537125,0,0.598755832037325,0.429007633587786,0.570300157977883,0.624798711755233,0.423831070889894,0.557427258805513,0.581648522550544,0.568720379146919,0.655712050078247,0.580996884735203,0.465709728867624,0.511811023622047,0.573872472783826,0.597156398104265,0,0,0.578446909667195,0.596518987341772,0.438985736925515,0.582677165354331,0.582554517133956,0.60625,0.589825119236884,0.614285714285714,0.595679012345679,0,0.583717357910906,0.596825396825397,0.583987441130298,0.574303405572755,0,0.733438485804416,0.572567783094099,0.425196850393701,0.682888540031397,0.601851851851852,0.761261261261261,0.672985781990521,0.606656580937973,0.478658536585366,0.568503937007874,0.582554517133956,0.579937304075235,0.569157392686804,0.448062015503876,0.585780525502318,0.576219512195122,0.0045662100456621,0.727692307692308,0.6328125,0.576506955177743,0.626728110599078,0.565217391304348,0.613207547169811,0.575617283950617,0.154320987654321,0.42215088282504,0,0.667692307692308,0.428120063191153,0.41875,0.579109062980031,0,0.596273291925466,0.605919003115265,0.573208722741433,0.572085889570552,0.499219968798752,0.421216848673947,0,0,0.518341307814992,0.469673405909798,0.507861635220126,0,0.429892141756549,0.561162079510703,0.184049079754601,0.564465408805031,0.573717948717949,0.644961240310078,0.607594936708861,0.648401826484018,0.636913767019667,0,0.585329341317365,0.595576619273302,0.622848200312989,0.596676737160121,0.567484662576687,0.606201550387597,0.00461538461538462,0.600308641975309,0.590062111801242,0,0.591185410334346,0.423493044822257,0.595121951219512,0.661971830985915,0,0.00463678516228748,0.657467532467532,0.639370078740157,0.445482866043614,0.492845786963434,0.00625,0.00159235668789809,0.624815361890694,0.444099378881988,0.565640194489465,0.592024539877301,0.567484662576687,0.424471299093656,0.560490045941807,0.611023622047244,0.635634028892456,0.495222929936306,0.415123456790123,0.00153139356814701,0.451816745655608,0,0.57814871016692,0.378421900161031,0.574468085106383,0.428571428571429,0.577287066246057,0,0.635400907715582,0.673343605546995,0.564263322884012,0,0.56859756097561,0,0.633333333333333,0.593323216995448,0,0.621580547112462,0.58125,0.65149136577708,0.594855305466238,0.44,0,0.575663026521061,0.564873417721519,0,0.657407407407407,0.377443609022556,0.43030303030303,0.569182389937107,0.567398119122257,0.571646341463415,0.575899843505477,0.568938193343899,0,0.590697674418605,0.0153374233128834,0.593893129770992,0.587057010785824,0.581395348837209,0.575851393188854,0.575113808801214,0.585516178736518,0.0673981191222571,0.435054773082942,0.588138385502471,0.596244131455399,0.892638036809816,0.589703588143526,0.57427258805513,0.600614439324117,0,0,0.564564564564565,0,0.470948012232416,0,0.585889570552147,0.5792,0.546456692913386,0.476335877862595,0.629513343799058,0.0015527950310559,0.469040247678019,0.571209800918836,0.574961360123648,0.6375,0.618975903614458,0.63946587537092,0.518181818181818,0.657728706624606,0.425531914893617,0.551829268292683,0.641744548286604,0.637795275590551,0.914860681114551,0.431464174454829,0,0.424960505529226,0.583596214511041,0.575277337559429,0.601851851851852,0.543543543543544,0.923556942277691,0.617873651771957,0.556574923547401,0.604501607717042,0.575663026521061,0.580952380952381,0.572327044025157,0.630841121495327,0.609494640122512,0.565830721003135,0.438356164383562,0.424012158054711,0.624806201550388,0.00765696784073507,0.585106382978723,0.577223088923557,0,0.521739130434783,0,0.606583072100313,0,0.584615384615385,0.574303405572755,0.426179604261796,0.631415241057543,0.564024390243902,0.639240506329114,0.618827160493827,0.616113744075829,0,0,0.611021069692058,0.592867756315007,0.566615620214395,0,0,0.424878836833603,0.590490797546012,0.700617283950617,0,0.625978090766823,0,0.604430379746835,0.587025316455696,0.477308294209703,0.634146341463415,0,0.613312202852615,0.669278996865204,0.644817073170732,0.597907324364723,0.627300613496933,0.433641975308642,0.582539682539683,0.0488958990536278,0.56782334384858,0,0.563253012048193,0.00309597523219814,0.5536,0.441130298273155,0.275477707006369,0,0,0.658423493044822,0.634185303514377,0.572298325722983,0.675883256528418,0.428139183055976,0.42472266244057,0.585889570552147,0.600605143721634,0,0.428794992175274,0.591614906832298,0,0.562401263823065,0.594470046082949,0.487616099071207,0.0200308166409861,0.418604651162791,0.551145038167939,0.594507269789984,0.472222222222222,0.518167456556082,0.487062404870624,0.786516853932584,0.5,0.577639751552795,0,0.724409448818898,0.592933947772657,0.00313971742543171,0,0.438805970149254,0,0.434514637904468,0.564814814814815,0.634768740031898,0.427892234548336,0.411949685534591,0.644094488188976,0.583860759493671,0.684532924961715,0.0303490136570561,0.421135646687697,0.0520504731861199,0.0276497695852535,0,0.377535101404056,0.43531202435312,0.424290220820189,0.435114503816794,0.419354838709677,0.02660406885759,0.0290519877675841,0.433641975308642,0.0263157894736842,0.008,0.0452418096723869,0.0276073619631902,0.0313971742543171,0.447737909516381,0.0291411042944785,0.434920634920635,0.440625,0.0220472440944882,0.418897637795276,0.0535987748851455,0.431888544891641,0.449526813880126,0.425373134328358,0.418711656441718
"79",0.903814262023217,0.894060995184591,0.917721518987342,0.909238249594814,0.90311986863711,0.898527004909984,0.905383360522023,0.911392405063291,0.886115444617785,0.00163398692810458,0.901587301587302,0.00161290322580645,0.63258785942492,0.893267651888342,0.146263910969793,0.1216,0.0015625,0.0114192495921697,0.897727272727273,0.889240506329114,0.262992125984252,0.12624584717608,0.887480190174326,0.00157232704402516,0.881619937694704,0.356792144026187,0.208333333333333,0.890322580645161,0.558823529411765,0.719047619047619,0.105345911949686,0.788121990369181,0.849757673667205,0.345659163987138,0.0016,0.893650793650794,0.0206349206349206,0.888,0.367781155015198,0.837320574162679,0.00160771704180064,0.0109546165884194,0.0063391442155309,0.895666131621188,0.791190864600326,0.120065789473684,0.553054662379421,0.0888888888888889,0.538461538461538,0.233176838810642,0.00159235668789809,0.896166134185304,0.369668246445498,0.893312101910828,0.894308943089431,0.255737704918033,0.00165562913907285,0.878836833602585,0.925632911392405,0.902021772939347,0.367924528301887,0.516587677725118,0.10327868852459,0.00162074554294976,0.846655791190865,0.796474358974359,0.00158227848101266,0.89047619047619,0.00157977883096367,0.0916398713826367,0.80625,0.107371794871795,0.119741100323625,0.896551724137931,0,0.792834890965732,0.160377358490566,0.620414673046252,1,0.361486486486487,0.0016,0.788553259141494,0.311320754716981,0.89297124600639,0.213938411669368,0.884057971014493,0.8944,0.910969793322735,0.880763116057234,0.0093603744149766,0.893030794165316,0.888712241653418,0.0016,0.00161550888529887,0.893030794165316,0,0.394230769230769,0.897151898734177,0.00625,0.00648298217179903,0.681229773462783,0.00160513643659711,0.375409836065574,0.901116427432217,0.1921875,0.893030794165316,0.00813008130081301,0.917721518987342,0.0993589743589744,0.112519809825674,0.111642743221691,0.897435897435897,0.429487179487179,0.889952153110048,0.00162866449511401,0.914149443561208,0.793322734499205,0.00156985871271586,0.107594936708861,0.315359477124183,0.00156739811912226,0.861513687600644,0.350961538461538,0.166118421052632,0.897798742138365,0.23968253968254,0.893141945773525,0.906349206349206,0.0016025641025641,0.618670886075949,0.904838709677419,0.53257328990228,0.885761589403974,0.00157232704402516,0.89016393442623,0.122480620155039,0.00158227848101266,0.31810766721044,0.6448,0.613114754098361,0.00165562913907285,0.0016260162601626,0.903381642512077,0.781350482315113,0.270799347471452,0.896440129449838,0.108452950558214,0.890850722311397,0.5,0.910658307210031,0.237704918032787,0.904306220095694,0.905073649754501,0.802527646129542,0.892455858747994,0.0868852459016393,0.889064976228209,0.104166666666667,0.00159235668789809,0.748792270531401,0.936708860759494,0.889067524115756,0.1328,0.0015748031496063,0.8976,0.527331189710611,0.892384105960265,0.891338582677165,0.887278582930757,0.3484375,0.9008,0.107717041800643,0.883830455259027,0.107309486780715,0.947882736156352,0.453396524486572,0.00161030595813205,0.895071542130366,0.0015748031496063,0.800632911392405,0.90032154340836,0.217886178861789,0.900787401574803,0.879936808846761,0.895545314900154,0.883647798742138,0.191387559808612,0.45141065830721,0.883223684210526,0.899676375404531,0.159489633173844,0.106180665610143,0.914100486223663,0.895071542130366,0,0,0.404423380726698,0.00318979266347687,0.889937106918239,0.356037151702786,0.898360655737705,0.750788643533123,0.901098901098901,0.520259319286872,0.504716981132076,0.388709677419355,0.847154471544715,0.875605815831987,0.973101265822785,0.00158982511923688,0.811501597444089,0.275862068965517,0.88099173553719,0.106109324758842,0.179487179487179,0.60702875399361,0.889245585874799,0.89937106918239,0.92443729903537,0.892405063291139,0.854889589905363,0.0016,0.1728,0.705790297339593,0.888529886914378,0.00161290322580645,0.884858044164038,0.911627906976744,0.629746835443038,0.576243980738363,0.890322580645161,0.891268533772652,0.472929936305732,0.00164744645799012,0.90282131661442,0.617363344051447,0.920195439739414,0.109697933227345,0.890649762282092,0.909531502423263,0.894230769230769,0.868292682926829,0.579872204472843,0.112377850162866,0.91869918699187,0.573926868044515,0.1015625,0.10061919504644,0.266982622432859,0.0972886762360447,0.245065789473684,0.699685534591195,0.101246105919003,0.112676056338028,0.119236883942766,0.652448657187994,0.139837398373984,0.901453957996769,0.00964630225080386,0.101286173633441,0.00156494522691706,0.320197044334975,0.900813008130081,0.890701468189233,0.853968253968254,0.0015748031496063,0.933884297520661,0.815748031496063,0.771844660194175,0.685805422647528,0.517857142857143,0.490322580645161,0.0110410094637224,0.894389438943894,0.200315457413249,0.789819376026273,0.92109500805153,0.101748807631161,0.770226537216828,0.1072,0.220634920634921,0.895475819032761,0.895424836601307,0.892282958199357,0.00155763239875389,0.702194357366771,0.89792663476874,0.00158478605388273,0.102362204724409,0.905132192846034,0.927536231884058,0,0.105263157894737,0.101910828025478,0.908045977011494,0.902120717781403,0.103448275862069,0,0.473015873015873,0.909238249594814,0.827906976744186,0.467408585055644,0.693679092382496,0.879499217527387,0.113418530351438,0.894080996884735,0.896,0.106518282988871,0.898573692551506,0.894060995184591,0.886855241264559,0.901253918495298,0.274760383386581,0.41390205371248,0.400958466453674,0.918433931484502,0.878048780487805,0.0463678516228748,0.354838709677419,0.9168,0.238924050632911,0.376744186046512,0.905750798722045,0.890701468189233,0.901116427432217,0.736497545008183,0.882170542635659,0.330618892508143,0.9203125,0.899186991869919,0.00161812297734628,0.420472440944882,0.622977346278317,0.1168,0.042654028436019,0.11216429699842,0.8512,0.138314785373609,0.101748807631161,0.00154083204930663,0.317891373801917,0.906602254428341,0.16984126984127,0.909240924092409,0.91653290529695,0.903846153846154,0.390243902439024,0.387888707037643,0.691437802907916,0.513957307060755,0,0.8192,0.116719242902208,0.1287284144427,0.305511811023622,0.888888888888889,0.110932475884244,0.0016,0.42258064516129,0.103668261562998,0.116584564860427,0.5712,0.893141945773525,0.375409836065574,0.893760539629005,0.887278582930757,0.00156985871271586,0.895136778115502,0.0992125984251968,0.891509433962264,0.825396825396825,0.892915980230643,0.120192307692308,0.883177570093458,0.1,0.824561403508772,0.745513866231648,0.878787878787879,0.911532385466035,0.896,0.392628205128205,0.883942766295707,0.893249607535322,0.102201257861635,0.117739403453689,0.895833333333333,0.897271268057785,0.425837320574163,0.819488817891374,0.883333333333333,0.896389324960754,0.897637795275591,0.00162866449511401,0.207516339869281,0.897151898734177,0.1104,0.0016260162601626,0.924071082390953,0.0065359477124183,0.143086816720257,0.902711323763955,0.922077922077922,0.00646203554119548,0.693679092382496,0.498381877022654,0.903908794788274,0.0912052117263844,0.824675324675325,0.888341543513957,0.470016207455429,0.657187993680885,0.849358974358974,0.00160771704180064,0.260731319554849,0.926829268292683,0.8976,0.516640253565769,0.904,0.871794871794872,0.136942675159236,0.00158730158730159,0.898894154818325,0.886217948717949,0.9024,0.703174603174603,0.101612903225806,0.941080196399345,0.324367088607595,0.282828282828283,0.00479233226837061,0.665024630541872,0.625607779578606,0.66403785488959,0.00158227848101266,0.371941272430669,1,0.680379746835443,0.609105180533752,0.176470588235294,0.0015600624024961,0.00157977883096367,0.892638036809816,0.869496855345912,0,0.890145395799677,0.00490998363338789,0.00155763239875389,0.00162866449511401,0.906148867313916,0.00158982511923688,0.901153212520593,0.784810126582278,0.60062893081761,0.896062992125984,0.00162337662337662,0.00162074554294976,0.903846153846154,0.890965732087227,0.770334928229665,0.106583072100313,0.00165562913907285,0.890453834115806,0.651419558359621,0.909090909090909,0.593354430379747,0.436597110754414,0.00158227848101266,0.886942675159236,0.104838709677419,0.940789473684211,0.178170144462279,0.00156985871271586,0.114285714285714,0.220779220779221,0.512396694214876,0.879173290937997,0.0016,0.917956656346749,0.886075949367089,0.904153354632588,0.00161812297734628,0.166666666666667,0.868686868686869,0.104477611940299,0.894154818325434,0.892913385826772,0.108626198083067,0.891025641025641,0.4,0.8016,0.121951219512195,0.271241830065359,0.8992,0.00798722044728434,0.106858054226475,0.927444794952681,0.116393442622951,0.731707317073171,0.485714285714286,0.00157232704402516,0.217252396166134,0.817886178861789,0.36875,0.892063492063492,0.104430379746835,0.244897959183673,0.499162479061977,0.874806800618238,0.911811023622047,0.8816,0.775806451612903,0.00159489633173844,0.886075949367089,0.102803738317757,0.873397435897436,0.486178861788618,0.101088646967341,0.903785488958991,0.901771336553945,0.886547811993517,0.664536741214057,0.909667194928685,0.225649350649351,0.296116504854369,0.881028938906752,0.904458598726115,0.00155763239875389,0,0.893312101910828,0.868292682926829,0.124595469255663,0.909677419354839,0.904912836767036,0.4608,0.909677419354839,0.74468085106383,0.899068322981366,0,0.898550724637681,0.426966292134831,0.901134521880065,0.8976,0.0015552099533437,0.680645161290323,0.9136,0.103338632750397,0.757723577235772,0.451664025356577,0.780864197530864,0.727422003284072,0.860501567398119,0.18266253869969,0.90655737704918,0.894819466248038,0.917851500789889,0.400326797385621,0.196141479099678,0.906349206349206,0.902973395931142,0.0078740157480315,0.79080824088748,0.495222929936306,0.352564102564103,0.837620578778135,0.890499194847021,0.833865814696486,0.888535031847134,0.147798742138365,0.0991735537190083,0.00159489633173844,0.910798122065728,0.105691056910569,0.0935023771790808,0.371019108280255,0.00158227848101266,0.899361022364217,0.893819334389857,0.896331738437002,0.898412698412698,0.199362041467305,0.110569105691057,0.00154798761609907,0.0016,0.277777777777778,0.176182707993475,0.256038647342995,0,0.108150470219436,0.894654088050314,0.0537124802527646,0.391653290529695,0.891585760517799,0.650393700787402,0.876422764227642,0.698564593301435,0.68125,0.00159489633173844,0.901538461538462,0.4736,0.572347266881029,0.941548183254344,0.913522012578616,0.482539682539683,0.0111287758346582,0.91653290529695,0.911671924290221,0.00161812297734628,0.874804381846635,0.113924050632911,0.898163606010017,0.4704,0,0.00632911392405063,0.588138385502471,0.886762360446571,0.0987261146496815,0.230642504118616,0.00805152979066022,0.00163398692810458,0.755832037325039,0.109500805152979,0.907563025210084,0.405362776025237,0.905660377358491,0.105345911949686,0.428115015974441,0.399022801302932,0.938906752411576,0.192182410423453,0.113207547169811,0.00159235668789809,0.12987012987013,0.00156985871271586,0.8984375,0.114238410596026,0.917829457364341,0.102728731942215,0.894563426688633,0.0015552099533437,0.589905362776025,0.552117263843648,0.892063492063492,0.00165289256198347,0.897151898734177,0.00163132137030995,0.47427652733119,0.895734597156398,0.00157977883096367,0.716300940438871,0.889250814332248,0.731629392971246,0.924558587479936,0.135646687697161,0.00161550888529887,0.891509433962264,0.355628058727569,0.00156739811912226,0.786604361370717,0.100154083204931,0.130503144654088,0.895330112721417,0.895666131621188,0.893249607535322,0.868167202572347,0.88301282051282,0.00158730158730159,0.8848,0.0204724409448819,0.448818897637795,0.379585326953748,0.897106109324759,0.898387096774194,0.902668759811617,0.889064976228209,0.0726698262243286,0.113924050632911,0.899665551839465,0.890649762282092,0.731629392971246,0.891891891891892,0.903125,0.9248,0.0015625,0.00157232704402516,0.881172839506173,0.00158982511923688,0.163009404388715,0.00160771704180064,0.905750798722045,0.358677685950413,0.304065040650407,0.22884012539185,0.857610474631751,0.00157977883096367,0.2,0.893719806763285,0.901430842607313,0.687301587301587,0.500763358778626,0.314984709480122,0.277519379844961,0.668308702791461,0.0976377952755905,0.212460063897764,0.617124394184168,0.347826086956522,0.732503888024883,0.1136,0.00164744645799012,0.101612903225806,0.421900161030596,0.892857142857143,0.690966719492868,0.327613104524181,0.670926517571885,0.942766295707472,0.884194053208138,0.920661157024793,0.891447368421053,0.906095551894563,0.8928,0.63015873015873,0.485086342229199,0.89873417721519,0.103395061728395,0.117283950617284,0.962323390894819,0.00952380952380952,0.894488188976378,0.881172839506173,0.00164744645799012,0.211129296235679,0.0016,0.881410256410256,0,0.901273885350318,0.89968152866242,0.103174603174603,0.822866344605475,0.898753894080997,0.703525641025641,0.668759811616955,0.892332789559543,0.00160771704180064,0.00162074554294976,0.900169204737733,0.907012195121951,0.905808477237049,0.00157728706624606,0,0.102773246329527,0.322327044025157,0.530254777070064,0.0016,0.538216560509554,0.00156985871271586,0.87459807073955,0.9024,0.262987012987013,0.337559429477021,0.0015527950310559,0.425837320574163,0.612540192926045,0.812199036918138,0.913446676970634,0.807874015748032,0.101449275362319,0.918604651162791,0.025518341307815,0.895424836601307,0,0.904836193447738,0.0047244094488189,0.893719806763285,0.1168,0.0685154975530179,0.00156739811912226,0.00161812297734628,0.898251192368839,0.862068965517241,0.915227629513344,0.719874804381847,0.124223602484472,0.1088,0.796208530805687,0.784591194968553,0.00160513643659711,0.111650485436893,0.884244372990354,0,0.879478827361563,0.924170616113744,0.160453808752026,0.0322061191626409,0.10223642172524,0.894154818325434,0.52741935483871,0.170653907496013,0.197044334975369,0.213716108452951,0.76797385620915,0.188291139240506,0.89171974522293,0.00158730158730159,0.760129659643436,0.884493670886076,0.00163132137030995,0.00161290322580645,0.101088646967341,0,0.110047846889952,0.896,0.707037643207856,0.100323624595469,0.100323624595469,0.623397435897436,0.946859903381642,0.525236593059937,0.0420560747663551,0.110561056105611,0.0611570247933884,0.0190779014308426,0.00162074554294976,0.109149277688604,0.110260336906585,0.10327868852459,0.115625,0.101105845181675,0.0362438220757825,0.0471698113207547,0.10952380952381,0.0176282051282051,0.00165289256198347,0.0336538461538462,0.0249609984399376,0.0492063492063492,0.1136,0.0253968253968254,0.104477611940299,0.11470113085622,0.0356564019448947,0.100486223662885,0.0345911949685535,0.102685624012638,0.131621187800963,0.102803738317757,0.0993589743589744
"80",0.270134228187919,0.246280991735537,0.301302931596091,0.327586206896552,0.277966101694915,0.268835616438356,0.353233830845771,0.293159609120521,0.270049099836334,0,0.260940032414911,0,0.586319218241042,0.255932203389831,0.752883031301483,0.738486842105263,0,0,0.269949066213922,0.276143790849673,0.71900826446281,0.735494880546075,0.276872964169381,0,0.309484193011647,0.684729064039409,0.730769230769231,0.26271186440678,0.615511551155115,0.522950819672131,0.73538961038961,0.553542009884679,0.454695222405272,0.646766169154229,0,0.265886287625418,0.0147299509001637,0.26797385620915,0.740095087163233,0.318627450980392,0,0,0,0.250417362270451,0.44957264957265,0.758333333333333,0.597989949748744,0.731666666666667,0.712418300653595,0.726688102893891,0,0.271356783919598,0.695439739413681,0.259136212624585,0.348797250859107,0.88659793814433,0,0.286677908937605,0.30048465266559,0.36963696369637,0.653465346534653,0.620860927152318,0.753820033955857,0,0.345,0.39413680781759,0,0.280672268907563,0,0.72972972972973,0.359400998336107,0.737541528239203,0.742671009771987,0.268729641693811,0,0.486133768352365,0.747163695299838,0.571428571428571,0.361486486486487,1,0,0.492610837438424,0.709150326797386,0.255700325732899,0.728896103896104,0.357142857142857,0.270226537216828,0.285240464344942,0.29016393442623,0,0.273789649415693,0.267213114754098,0,0,0.28643216080402,0,0.661764705882353,0.299003322259136,0,0,0.535537190082645,0,0.720735785953177,0.254575707154742,0.727422003284072,0.258503401360544,0,0.280265339966833,0.72927241962775,0.750418760469012,0.736585365853659,0.328382838283828,0.883333333333333,0.270588235294118,0,0.296416938110749,0.495065789473684,0,0.742718446601942,0.723618090452261,0,0.466442953020134,0.71356783919598,0.740237691001698,0.295867768595041,0.698854337152209,0.252032520325203,0.266998341625207,0,0.578861788617886,0.330578512396694,0.582342954159593,0.280672268907563,0,0.240270727580372,0.750413223140496,0,0.7166392092257,0.548440065681445,0.581512605042017,0,0,0.282894736842105,0.472545757071547,0.693493150684932,0.267558528428094,0.721122112211221,0.341584158415842,0.847972972972973,0.297872340425532,0.747008547008547,0.280936454849498,0.262103505843072,0.408637873754153,0.274834437086093,0.721283783783784,0.245819397993311,0.738255033557047,0,0.470389170896785,0.366987179487179,0.282714054927302,0.745874587458746,0,0.265700483091787,0.647457627118644,0.250425894378194,0.247078464106845,0.250819672131148,0.649918962722853,0.285472972972973,0.734761120263591,0.313531353135314,0.748376623376623,0.350083752093802,0.664495114006515,0,0.268533772652389,0,0.39708265802269,0.268092105263158,0.720930232558139,0.28171334431631,0.321895424836601,0.263327948303716,0.281758957654723,0.834983498349835,0.875202593192869,0.342372881355932,0.318027210884354,0.740432612312812,0.740196078431373,0.280467445742905,0.384873949579832,0,0,0.701517706576729,0,0.259016393442623,0.902597402597403,0.367892976588629,0.448275862068966,0.275974025974026,0.629194630872483,0.591803278688525,0.701666666666667,0.33993399339934,0.292561983471074,0.373572593800979,0,0.338842975206612,0.741116751269036,0.332231404958678,0.747088186356073,0.723916532905297,0.5787728026534,0.29159802306425,0.279032258064516,0.42237061769616,0.258706467661692,0.365131578947368,0,0.716887417218543,0.508196721311475,0.269360269360269,0,0.257425742574257,0.276527331189711,0.57331136738056,0.703947368421053,0.266666666666667,0.262798634812287,0.636060100166945,0,0.346341463414634,0.700167504187605,0.289340101522843,0.743333333333333,0.310569105691057,0.262458471760797,0.26418152350081,0.301164725457571,0.695581014729951,0.742904841402337,0.287128712871287,0.578861788617886,0.733118971061093,0.738636363636364,0.706867671691792,0.74496644295302,0.731418918918919,0.492635024549918,0.737976782752902,0.736842105263158,0.725165562913907,0.561576354679803,0.727272727272727,0.287394957983193,0,0.717391304347826,0,0.698175787728027,0.274247491638796,0.276948590381426,0.3442088091354,0,0.376910016977929,0.351882160392799,0.520798668885191,0.647933884297521,0.654036243822076,0.57672849915683,0,0.262267343485618,0.756535947712418,0.547660311958406,0.292358803986711,0.740619902120718,0.480865224625624,0.74384236453202,0.776508972267537,0.263242375601926,0.269896193771626,0.351443123938879,0,0.545901639344262,0.345963756177924,0,0.72258064516129,0.355048859934853,0.284297520661157,0,0.736754966887417,0.736065573770492,0.299159663865546,0.391959798994975,0.74061433447099,0,0.637417218543046,0.281923714759536,0.440650406504065,0.883986928104575,0.534223706176962,0.291118421052632,0.747068676716918,0.269480519480519,0.264026402640264,0.737704918032787,0.3,0.269360269360269,0.295302013422819,0.254098360655738,0.769102990033223,0.671009771986971,0.708263069139966,0.27710843373494,0.305982905982906,0.015025041736227,0.720853858784893,0.303333333333333,0.721122112211221,0.729299363057325,0.277960526315789,0.271074380165289,0.285478547854785,0.490598290598291,0.239413680781759,0.705685618729097,0.29450915141431,0.252100840336134,0,0.677577741407529,0.569023569023569,0.758278145695364,0.0146818923327896,0.729032258064516,0.368852459016393,0.735785953177257,0.755443886097152,0,0.740432612312812,0.279264214046823,0.742043551088777,0.286206896551724,0.301482701812191,0.27363184079602,0.698492462311558,0.689713322091062,0.496655518394649,0.812280701754386,0,0.409317803660566,0.737012987012987,0.752845528455285,0.740196078431373,0.250841750841751,0.738842975206612,0,0.678104575163399,0.727124183006536,0.749152542372881,0.597662771285476,0.261904761904762,0.954391891891892,0.248722316865417,0.281198003327787,0,0.274725274725275,0.730081300813008,0.260296540362438,0.399671052631579,0.271477663230241,0.72176759410802,0.288778877887789,0.729235880398671,0.341666666666667,0.527303754266212,0.3,0.28006589785832,0.267651888341544,0.708609271523179,0.302013422818792,0.255354200988468,0.747588424437299,0.743333333333333,0.263772954924875,0.255737704918033,1,0.333878887070376,0.290322580645161,0.315702479338843,0.270664505672609,0,0.793515358361775,0.267536704730832,0.731666666666667,0,0.290540540540541,0,0.76578073089701,0.247933884297521,0.307820299500832,0,0.518092105263158,0.631666666666667,0.285950413223141,0.741935483870968,0.40495867768595,0.261744966442953,0.653846153846154,0.554098360655738,0.456998313659359,0,0.73421926910299,0.273031825795645,0.266556291390728,0.642140468227425,0.261437908496732,0.279437609841828,0.749185667752443,0.00165289256198347,0.272430668841762,0.256711409395973,0.291873963515755,0.481907894736842,0.733443708609272,0.368333333333333,0.708609271523179,0.68006993006993,0,0.535655058043118,0.509121061359867,0.558292282430213,0,0.900514579759863,0.335526315789474,0.522727272727273,0.764026402640264,0.773311897106109,0,0,0.249201277955272,0.288492706645057,0,0.320723684210526,0,0,0,0.263069139966273,0,0.275979557069847,0.430717863105175,0.579710144927536,0.254071661237785,0,0,0.26865671641791,0.296474358974359,0.493464052287582,0.737704918032787,0,0.353697749196141,0.578175895765472,0.273476112026359,0.597039473684211,0.86046511627907,0,0.287581699346405,0.721367521367521,0.305227655986509,0.793729372937294,0,0.7248,0.725423728813559,0.582167832167832,0.284779050736498,0,0.322422258592471,0.282467532467532,0.258649093904448,0,0.810316139767055,0.298456260720412,0.749562171628722,0.246353322528363,0.258899676375405,0.742043551088777,0.25615763546798,0.708126036484245,0.430948419301165,0.735,0.713310580204778,0.316912972085386,0,0.728187919463087,0.288052373158756,0.765993265993266,0.539267015706806,0.60672268907563,0,0.730706075533662,0.471890971039182,0.712887438825449,0.286195286195286,0.737104825291181,0.75487012987013,0.60548885077187,0.319148936170213,0.362760834670947,0.295986622073579,0.457286432160804,0,0.283653846153846,0.738211382113821,0.27906976744186,0.639794168096055,0.742811501597444,0.259016393442623,0.266556291390728,0.247920133111481,0.529801324503311,0.282218597063622,0.741350906095552,0.725913621262459,0.309328968903437,0.360330578512397,0,0,0.263865546218487,0.321243523316062,0.736040609137056,0.287145242070117,0.27317880794702,0.671592775041051,0.340677966101695,0.456998313659359,0.342105263157895,0,0.278145695364238,0.639261744966443,0.267651888341544,0.260869565217391,0,0.517412935323383,0.297161936560935,0.742622950819672,0.501689189189189,0.854098360655738,0.405103668261563,0.549668874172185,0.307324840764331,0.7264,0.284991568296796,0.279220779220779,0.275577557755776,0.664948453608247,0.692682926829268,0.266556291390728,0.261290322580645,0,0.432565789473684,0.605220228384992,0.944353518821604,0.463934426229508,0.280936454849498,0.370491803278689,0.264367816091954,0.138436482084691,0.726027397260274,0,0.420701168614357,0.73489932885906,0.738916256157635,0.976705490848586,0,0.254637436762226,0.33931484502447,0.265339966832504,0.257377049180328,0.733668341708543,0.740196078431373,0,0,0.733898305084746,0.742904841402337,0.795379537953795,0,0.73134328358209,0.252059308072488,0.338709677419355,0.680532445923461,0.261744966442953,0.542345276872964,0.288590604026846,0.571194762684124,0.5248,0,0.268057784911718,0.65593220338983,0.619127516778524,0.33063209076175,0.274350649350649,0.661740558292282,0.00164744645799012,0.30718954248366,0.306818181818182,0,0.302100161550889,0.728026533996683,0.275337837837838,0.583471074380165,0,0,0.626072041166381,0.405,0.741042345276873,0.851851851851852,0,0,0.474683544303797,0.72,0.246913580246914,0.891803278688525,0.258116883116883,0.734527687296417,0.618811881188119,0.649746192893401,0.372448979591837,0.700680272108844,0.736318407960199,0,0.740432612312812,0,0.268174474959612,0.615780445969125,0.286168521462639,0.742043551088777,0.275042444821732,0,0.605769230769231,0.605960264900662,0.252873563218391,0,0.256038647342995,0,0.843270868824532,0.269480519480519,0,0.511437908496732,0.266441821247892,0.481967213114754,0.305280528052805,0.755663430420712,0,0.264119601328904,0.872268907563025,0,0.531914893617021,0.742351046698873,0.747540983606557,0.274576271186441,0.256666666666667,0.276422764227642,0.279338842975207,0.282608695652174,0,0.274247491638796,0.00327332242225859,0.638157894736842,0.95253682487725,0.264705882352941,0.267651888341544,0.259380097879282,0.263591433278418,0.0347107438016529,0.749169435215947,0.282828282828283,0.292006525285481,0.466346153846154,0.294498381877023,0.254901960784314,0.28171334431631,0,0,0.281150159744409,0,0.724755700325733,0.00168067226890756,0.298333333333333,0.932642487046632,0.716442953020134,0.738768718801997,0.332775919732441,0,0.772504091653028,0.262642740619902,0.263245033112583,0.575456053067993,0.666666666666667,0.707547169811321,0.917851500789889,0.536626916524702,0.733009708737864,0.726973684210526,0.601666666666667,0.71118530884808,0.475328947368421,0.719211822660099,0,0.719734660033168,0.642737896494157,0.254575707154742,0.492537313432836,0.715670436187399,0.535234899328859,0.376413570274637,0.256077795786062,0.308474576271186,0.285714285714286,0.267006802721088,0.254237288135593,0.740802675585284,0.807443365695793,0.253731343283582,0.749201277955272,0.738362760834671,0.386776859504132,0,0.264705882352941,0.282679738562091,0,0.703259005145798,0,0.318181818181818,0,0.279338842975207,0.274542429284526,0.732258064516129,0.433993399339934,0.253658536585366,0.505942275042445,0.533003300330033,0.350584307178631,0,0,0.322970639032815,0.3184,0.276143790849673,0,0,0.72849915682968,0.735056542810985,0.574257425742574,0,0.822259136212625,0,0.353637901861252,0.262541806020067,0.687919463087248,0.704361873990307,0,0.827702702702703,0.555,0.349025974025974,0.296416938110749,0.44991789819376,0.746268656716418,0.286926994906621,0.0687919463087248,0.250420168067227,0,0.269662921348315,0,0.26271186440678,0.749585406301824,0.479522184300341,0,0,0.42174629324547,0.318027210884354,0.311986863711002,0.491909385113269,0.738562091503268,0.733558178752108,0.369384359400998,0.383116883116883,0,0.772194304857621,0.287853577371048,0,0.279661016949153,0.306946688206785,0.752883031301483,0.0115321252059308,0.732441471571906,0.253634894991922,0.814070351758794,0.725619834710744,0.737649063032368,0.873544093178037,0.502504173622704,0.728013029315961,0.272268907563025,0,0.439189189189189,0.28341384863124,0,0,0.742448330683625,0,0.741830065359477,0.270491803278689,0.460767946577629,0.729549248747913,0.736408566721582,0.576666666666667,0.30514096185738,0.629084967320261,0.00818330605564648,0.725255972696246,0.0588235294117647,0.0166666666666667,0,0.629324546952224,0.72508038585209,0.732441471571906,0.727272727272727,0.745513866231648,0.0102389078498294,0.0163398692810458,0.728618421052632,0.01,0.00340715502555366,0.0278688524590164,0.0149253731343284,0.00974025974025974,0.750836120401338,0.0198019801980198,0.744932432432432,0.730508474576271,0.0134228187919463,0.750830564784053,0.0516962843295638,0.736585365853659,0.687086092715232,0.730645161290323,0.747107438016529
"81",0,0,0,0,0,0,0.0129032258064516,0.0016,0,1,0,1,0,0,0,0,1,0.983974358974359,0,0,0,0,0,1,0,0,0,0.00163398692810458,0,0,0,0,0.00160513643659711,0,1,0,0.97339593114241,0,0,0,0.9984,0.985959438377535,0.993730407523511,0,0,0,0,0,0,0,1,0,0,0,0.0112179487179487,0,1,0,0.00312989045383412,0,0,0,0,1,0,0,1,0,1,0,0,0,0,0,1,0.00156494522691706,0,0,0.0016,0,1,0,0,0,0,0,0,0,0.00469483568075117,0.987519500780031,0,0,1,1,0,1,0.0188383045525903,0,0.992223950233281,0.992076069730586,0.00797448165869218,1,0,0,0,0,0.990306946688207,0.00317460317460317,0,0,0,0.0128,0,0,1,0,0,1,0,0,1,0.00157977883096367,0,0,0,0,0,0,1,0.00313479623824451,0,0,0,1,0,0,1,0,0,0.00488599348534202,1,1,0,0,0,0,0,0,0,0,0,0,0,0,0,0,0,0,1,0,0.00462249614791988,0,0,1,0,0,0,0,0,0,0,0,0,0,0.0016025641025641,0,1,0,1,0,0,0,0,0,0,0,0,0,0,0,0,0,0,0.0188976377952756,1,1,0,0.998432601880878,0,0,0.00813008130081301,0,0,0,0,0,0,0,0.00155038759689922,1,0,0,0,0,0,0.00470219435736677,0,0,0.00157977883096367,0,0,1,0,0,0,1,0,0,0.00315457413249211,0,0,0,0.017741935483871,1,0.0109717868338558,0,0,0,0,0,0,0,0,0,0,0,0,0,0,0,0,0,0,0,0,0,0,0,0.988691437802908,0,1,0.00319488817891374,0,0,0,1,0,0.0031055900621118,0,0,0,0,0.988888888888889,0,0,0,0,0,0,0,0,0,0,0.0112,1,0,0.0129449838187702,1,0,0.0122324159021407,0.00161030595813205,1,0,0,0,0,0,1,0.0158982511923688,0,0,0,0,0,0,0,0,0,0,0,0,0,0,0,0,0.00318471337579618,0,0.949526813880126,0,0,0,0,0,0,0,0,0,0,0,0,1,0,0.00818330605564648,0,0.948275862068966,0,0,0,0,1,0,0,0,0,0,0,0,0,0,0,1,0,0,0,0,0,0,1,0,0,0,0.00315457413249211,0,0,0,0,1,0,0,0,0,0,0,0,0,0,0,0,0,0.00316957210776545,0,0,0,0,0,0,0,0,0,0,0,0,1,0,0,0,1,0,0.988691437802908,0,0,0,0.995153473344103,0.0048780487804878,0,0,0,0,0,0,0,0,1,0,0.0016,0,0,0,0,0,0.998425196850394,0,0,0,0,0,0.004739336492891,0,0.0132669983416252,0.993759750390016,0,0,0,1,0,0.00156985871271586,0,0,0,1,1,0,0,1,0,0.99021207177814,1,1,0,1,0,0.00155763239875389,0.00311526479750779,0,1,1,0,0,0,0,0.996732026143791,0.0186335403726708,0,0,0,0,1,0,0,0.0016025641025641,0,1,0,0,0,0.00157728706624606,1,0,0,0,1,0,0,0,0,0,0,0,0,0,0,0.0016025641025641,0,0.989028213166144,0,0,0,0,0.0143769968051118,1,0,0.00324149108589951,0,0,0,0,0,0,0,0,0,1,0,0,0,0.0016260162601626,0,0,0,0,0,0,0,0,0,0.0110410094637224,1,1,0,0,0,0,0,0,0,0,0.0171073094867807,1,0,0.0173775671406003,0,0,1,0,0,0,0.00160513643659711,0,0,0,0,0,0.00323101777059774,0,0,0.016366612111293,0.0220820189274448,0,0,0.990566037735849,0,0,0,0,0,0,0,0.771384136858476,0,1,0.00158982511923688,0,0,0,1,0,0,0,0,0,0,1,1,0,0,0,1,0,0,0.573643410852713,0,0,0.00476190476190476,0,0,0,1,0,0,0,0.00470957613814757,0,0,0.987519500780031,0,0,1,0.00153609831029186,0,0,0,1,0.989045383411581,0,0,0,0,0.987519500780031,0.998366013071895,0,0,0,0,0,0,0,0,0.00490998363338789,0,0,0.996879875195008,0,1,0,0.161030595813205,0.00154798761609907,0,0,1,0,0,0,1,0,1,0,0,1,0.0141287284144427,0,0,0.00161812297734628,0,1,0,0,1,0,0,0,0,0,0,0.00489396411092985,0.00160771704180064,1,0,0.974960876369327,0.0204081632653061,0,0,0,0,0,0.914556962025316,0,0,0,0,0,0,0,1,1,0,1,0,0.998384491114701,0,0,0,0,0,0.998412698412698,0,0,0,0,0,0,0,0,0,0,0,0,0,0,1,0,0.0176565008025682,0,0.0297339593114241,0,0,0.0046583850931677,0,0.00162337662337662,0,0,0,0,0,0,0,0,0.00315457413249211,0.989079563182527,0,0,1,0,1,0,1,0,0,0,0,0,0.00159744408945687,0,0.016,1,1,0,0,0,1,1,0,0,0,1,0,1,0,0,0.0352,0,1,0,0,0,0,0,0,0,0.901116427432217,0,1,0,0.992076069730586,0,0,0.37459807073955,1,1,0.00157728706624606,0,0.00782472613458529,0,0,0,0,0,1,0,0,1,0,0,0,0.957613814756672,0,0,0,0,0,0,0,0,0,1,0,0,0.996779388083736,1,0,1,0,0,0,0,0,0.00324149108589951,0.00323624595469256,0,0.951638065522621,0,0.902960526315789,0.973143759873618,1,0.167741935483871,0,0,0.00478468899521531,0,0.949526813880126,0.944444444444444,0,0.974522292993631,0.993589743589744,0.939968404423381,0.968553459119497,0.944968553459119,0,0.963893249607535,0,0,0.954692556634304,0,0.919254658385093,0,0.0584518167456556,0,0
"82",0.70735524256651,0.699544764795144,0.726443768996961,0.762870514820593,0.712715855572998,0.706539074960128,0.721362229102167,0.745788667687596,0.705343511450382,0,0.701538461538462,0,0.707317073170732,0.689984101748808,0.344236760124611,0.312883435582822,0,0.00792393026941363,0.703937007874016,0.727692307692308,0.432307692307692,0.310509554140127,0.702290076335878,0,0.711684370257967,0.511811023622047,0.384615384615385,0.715408805031447,0.64741641337386,0.687595712098009,0.3,0.889230769230769,0.796208530805687,0.47906976744186,0,0.707241910631741,0.0136986301369863,0.709876543209877,0.521545319465082,0.683409436834094,0,0.0076103500761035,0,0.719626168224299,0.798076923076923,0.320373250388802,0.645510835913313,0.28858024691358,0.645209580838323,0.401206636500754,0,0.717156105100464,0.529411764705882,0.697819314641745,0.713178294573643,0.434022257551669,0,0.711111111111111,0.707951070336391,0.818042813455658,0.504643962848297,0.622154779969651,0.3,0,0.719685039370079,0.705792682926829,0,0.709119496855346,0,0.286833855799373,0.707390648567119,0.296754250386399,0.303076923076923,0.711864406779661,0,0.78030303030303,0.326219512195122,0.641975308641975,0.788553259141494,0.492610837438424,0,1,0.470499243570348,0.704097116843703,0.400611620795107,0.772865853658537,0.696923076923077,0.746153846153846,0.713850837138508,0.00303490136570561,0.68798751950078,0.705343511450382,0,0,0.734597156398104,0,0.507020280811232,0.723338485316847,0.00154083204930663,0.00153139356814701,0.675590551181102,0,0.521259842519685,0.703761755485893,0.396369137670197,0.7046875,0.00309597523219814,0.719685039370079,0.304552590266876,0.3015625,0.300911854103343,0.726283048211509,0.558641975308642,0.692780337941628,0,0.730886850152905,0.945904173106646,0,0.312883435582822,0.464454976303318,0,0.792248062015504,0.506153846153846,0.36624203821656,0.714723926380368,0.403323262839879,0.702255639097744,0.708527131782946,0,0.649769585253456,0.758998435054773,0.570287539936102,0.706436420722135,0,0.688372093023256,0.312688821752266,0,0.484326018808777,0.682242990654206,0.636363636363636,0,0,0.729357798165138,0.754224270353303,0.43581616481775,0.698587127158556,0.303125,0.751914241960184,0.578125,0.722727272727273,0.433489827856025,0.711145996860283,0.703761755485893,0.69478527607362,0.699537750385208,0.281200631911532,0.694227769110764,0.288401253918495,0,0.728125,0.774962742175857,0.711656441717791,0.319083969465649,0,0.702909647779479,0.664025356576862,0.716535433070866,0.709923664122137,0.706870229007634,0.487878787878788,0.732824427480916,0.3,0.718027734976888,0.287218045112782,0.750392464678179,0.592307692307692,0,0.714285714285714,0,0.729938271604938,0.701538461538462,0.367762128325509,0.725429017160686,0.725880551301684,0.711940298507463,0.70257966616085,0.393846153846154,0.583333333333333,0.753125,0.737089201877934,0.337442218798151,0.285060975609756,0.717868338557994,0.723338485316847,0,0,0.548895899053628,0,0.70381679389313,0.503048780487805,0.717908082408875,0.722910216718266,0.716867469879518,0.597200622083981,0.540212443095599,0.518575851393189,0.717628705148206,0.705148205928237,0.786707882534776,0,0.701807228915663,0.456418383518225,0.735849056603774,0.294851794071763,0.378995433789954,0.64797507788162,0.714064914992272,0.707025411061285,0.80811232449298,0.713201820940819,0.739197530864197,0,0.369565217391304,0.732522796352584,0.712050078247261,0,0.693374422187982,0.726726726726727,0.653726708074534,0.625,0.702325581395349,0.70429252782194,0.564615384615385,0,0.721633888048411,0.722308892355694,0.72972972972973,0.293759512937595,0.728658536585366,0.709828393135725,0.690402476780186,0.71585557299843,0.651771956856703,0.297045101088647,0.734883720930233,0.650077760497667,0.305007587253414,0.281203007518797,0.417721518987342,0.282170542635659,0.410015649452269,0.716867469879518,0.297546012269939,0.305084745762712,0.303759398496241,0.675187969924812,0.331230283911672,0.721698113207547,0.003125,0.284375,0,0.468354430379747,0.710443037974684,0.713395638629283,0.723076923076923,0,0.762439807383628,0.711043872919818,0.923076923076923,0.774242424242424,0.636080870917574,0.519623233908948,0.00308641975308642,0.699530516431925,0.403053435114504,0.880573248407643,0.753488372093023,0.303951367781155,0.697063369397218,0.298136645962733,0.407120743034056,0.712574850299401,0.703525641025641,0.71585557299843,0,0.685496183206107,0.71671826625387,0,0.284615384615385,0.714714714714715,0.731132075471698,0,0.298761609907121,0.290030211480363,0.717908082408875,0.817610062893082,0.304897314375987,0,0.579192546583851,0.722834645669291,0.821052631578947,0.575384615384615,0.691823899371069,0.723404255319149,0.306027820710974,0.716012084592145,0.696923076923077,0.297339593114241,0.727549467275495,0.7125,0.706730769230769,0.700607902735562,0.454961832061069,0.535276073619632,0.534668721109399,0.719685039370079,0.728571428571429,0.0340557275541796,0.476851851851852,0.736842105263158,0.432098765432099,0.5096011816839,0.714719271623672,0.710443037974684,0.740458015267176,0.735015772870662,0.687116564417178,0.477308294209703,0.75,0.702362204724409,0,0.565349544072948,0.646031746031746,0.308755760368664,0.0352220520673813,0.297744360902256,0.703703703703704,0.309230769230769,0.294753086419753,0,0.488299531981279,0.720125786163522,0.353870458135861,0.725363489499192,0.747286821705426,0.719135802469136,0.529862174578867,0.536392405063291,0.677067082683307,0.606060606060606,0,0.723270440251572,0.292867981790592,0.321699544764795,0.481651376146789,0.700626959247649,0.307219662058372,0,0.577335375191424,0.291666666666667,0.318181818181818,0.670295489891135,0.702160493827161,0.529133858267717,0.692431561996779,0.698907956318253,0,0.707964601769911,0.291350531107739,0.707025411061285,0.728658536585366,0.7136,0.3,0.720858895705521,0.292307692307692,0.689547581903276,0.821316614420063,0.720965309200603,0.710323574730354,0.697063369397218,0.523291925465838,0.715396578538103,0.705263157894737,0.307228915662651,0.298761609907121,0.7109375,0.700607902735562,0.534562211981567,0.680851063829787,0.704180064308682,0.740458015267176,0.705705705705706,0,0.389589905362776,0.708141321044547,0.304821150855365,0,0.730232558139535,0.00157232704402516,0.336492890995261,0.708708708708709,0.733333333333333,0,0.694573643410853,0.623824451410658,0.745253164556962,0.28594249201278,0.717156105100464,0.69377990430622,0.592823712948518,0.655384615384615,0.921417565485362,0,0.447737909516381,0.72827804107425,0.709576138147567,0.643518518518518,0.702619414483821,0.695161290322581,0.323529411764706,0,0.71141975308642,0.719435736677116,0.736111111111111,0.684931506849315,0.298273155416013,0.770800627943485,0.500758725341426,0.433224755700326,0,0.695374800637959,0.648264984227129,0.823348694316436,0,0.507911392405063,0.758887171561051,0.693939393939394,0.696646341463415,0.37890044576523,0,0,0.702503681885125,0.7,0,0.744582043343653,0.00157977883096367,0,0,0.70625,0,0.715890850722311,0.70077519379845,0.643609022556391,0.705792682926829,0,0,0.718266253869969,0.732745961820852,0.766768292682927,0.302431610942249,0,0.716236722306525,0.660606060606061,0.712749615975422,0.681887366818874,0.5546875,0,0.709090909090909,0.302795031055901,0.760697305863708,0.370253164556962,0,0.304675716440422,0.404984423676012,0.574675324675325,0.69969040247678,0,0.762762762762763,0.725190839694656,0.719939117199391,0,0.355450236966825,0.706362153344209,0.296474358974359,0.698484848484848,0.708396946564885,0.309707241910632,0.692073170731707,0.539412673879444,0.715396578538103,0.317757009345794,0.44392523364486,0.727414330218069,0.00313971742543171,0.29922480620155,0.737160120845921,0.317460317460317,0.767036450079239,0.628659476117103,0,0.365891472868217,0.798076923076923,0.517829457364341,0.706240487062405,0.298461538461538,0.4375,0.5488,0.741691842900302,0.810526315789474,0.7171875,0.734076433121019,0,0.702786377708978,0.298621745788668,0.68167701863354,0.58740157480315,0.289833080424886,0.705972434915773,0.717391304347826,0.688372093023256,0.711145996860283,0.718461538461538,0.42015503875969,0.451104100946372,0.735474006116208,0.719814241486068,0,0,0.715625,0.721259842519685,0.311320754716981,0.724247226624406,0.718461538461538,0.581430745814307,0.73186119873817,0.682965299684543,0.71969696969697,0,0.714285714285714,0.529874213836478,0.705426356589147,0.702619414483821,0,0.699844479004666,0.722488038277512,0.289433384379786,0.7234375,0.544207317073171,0.713432835820896,0.817322834645669,0.693572496263079,0.380809595202399,0.719936708860759,0.710122699386503,0.729071537290715,0.524038461538462,0.357032457496136,0.729357798165138,0.69969512195122,0.00153609831029186,0.75,0.594135802469136,0.501529051987768,0.948012232415902,0.699844479004666,0.703761755485893,0.717557251908397,0.157894736842105,0.29903536977492,0,0.807153965785381,0.289308176100629,0.289676425269646,0.50611620795107,0,0.729393468118196,0.743034055727554,0.69431643625192,0.701219512195122,0.38863287250384,0.309262166405024,0,0,0.433281004709576,0.357366771159875,0.427899686520376,0,0.293478260869565,0.691833590138675,0.142208774583964,0.528593508500773,0.702660406885759,0.666666666666667,0.692546583850932,0.789393939393939,0.75531914893617,0,0.704309063893016,0.560371517027864,0.628086419753086,0.746606334841629,0.713629402756508,0.606431852986217,0.00153374233128834,0.763076923076923,0.753030303030303,0,0.721804511278195,0.305936073059361,0.714285714285714,0.51219512195122,0,0.00154320987654321,0.64968152866242,0.901081916537867,0.297546012269939,0.423861852433281,0.00152671755725191,0,0.693572496263079,0.301857585139319,0.713355048859935,0.547256097560976,0.713201820940819,0.290419161676647,0.550077041602465,0.560250391236307,0.795918367346939,0.353322528363047,0.297709923664122,0,0.330218068535826,0,0.698650674662669,0.2544,0.71875,0.2796875,0.71606864274571,0,0.688449848024316,0.65,0.694915254237288,0,0.700301204819277,0,0.617363344051447,0.716257668711656,0,0.678407350689127,0.716300940438871,0.722308892355694,0.741835147744946,0.326747720364742,0,0.695454545454545,0.489096573208723,0,0.89922480620155,0.275297619047619,0.308980213089802,0.7072,0.705329153605016,0.711278195488722,0.714953271028037,0.710031347962382,0,0.698142414860681,0.00916030534351145,0.538694992412747,0.512345679012346,0.706153846153846,0.71671826625387,0.710365853658537,0.710769230769231,0.053680981595092,0.313572542901716,0.714285714285714,0.712732919254658,0.705614567526555,0.705426356589147,0.708527131782946,0.745038167938931,0,0,0.700447093889717,0,0.355283307810107,0,0.733846153846154,0.485804416403785,0.50796178343949,0.410687022900763,0.733229329173167,0.00153139356814701,0.39236641221374,0.701078582434515,0.716463414634146,0.734157650695518,0.587443946188341,0.473372781065089,0.426605504587156,0.684458398744113,0.287878787878788,0.384615384615385,0.663026521060842,0.477449455676516,0.70499243570348,0.293663060278207,0,0.287692307692308,0.53525641025641,0.706624605678233,0.651515151515151,0.488095238095238,0.683001531393568,0.769347496206373,0.698795180722892,0.751196172248804,0.706708268330733,0.720748829953198,0.711811023622047,0.679127725856698,0.630030959752322,0.7046875,0.302806499261448,0.3,0.795031055900621,0.00305343511450382,0.709090909090909,0.689497716894977,0,0.382539682539683,0,0.744548286604361,0,0.729646697388633,0.706336939721793,0.290964777947933,0.709828393135725,0.693009118541033,0.720125786163522,0.701834862385321,0.708074534161491,0,0,0.741883116883117,0.731386861313869,0.716923076923077,0,0,0.304897314375987,0.466767371601208,0.552307692307692,0,0.664098613251156,0,0.720565149136578,0.708661417322835,0.402190923317684,0.477409638554217,0,0.559375,0.69969040247678,0.668202764976959,0.731117824773414,0.778120184899846,0.309230769230769,0.723101265822785,0.0451010886469673,0.701112877583466,0,0.718608169440242,0,0.703588143525741,0.313846153846154,0.202830188679245,0,0,0.823439878234399,0.706624605678233,0.72239263803681,0.629685157421289,0.314842578710645,0.302839116719243,0.71671826625387,0.692771084337349,0,0.317411402157165,0.704615384615385,0,0.7140625,0.735562310030395,0.354838709677419,0.0229709035222052,0.288786482334869,0.697428139183056,0.600931677018634,0.362095531587057,0.390205371248025,0.380585516178737,0.759055118110236,0.364741641337386,0.712962962962963,0,0.733124018838305,0.696456086286595,0,0,0.302571860816944,0,0.3,0.700152207001522,0.681458003169572,0.304278922345483,0.289719626168224,0.667711598746082,0.73953488372093,0.618541033434651,0.037593984962406,0.285714285714286,0.0654952076677316,0.0201238390092879,0,0.265210608424337,0.287856071964018,0.289968652037618,0.311926605504587,0.289833080424886,0.0330188679245283,0.0350609756097561,0.301684532924962,0.0202492211838006,0.0078740157480315,0.0384615384615385,0.0231481481481481,0.0397553516819572,0.299065420560748,0.0231839258114374,0.2914653784219,0.3078125,0.0299212598425197,0.291217257318952,0.036036036036036,0.296466973886329,0.300613496932515,0.301349325337331,0.297872340425532
"83",0.223076923076923,0.223583460949464,0.242424242424242,0.259433962264151,0.221875,0.222397476340694,0.30077519379845,0.244239631336406,0.208643815201192,0,0.207261724659607,0,0.636792452830189,0.21993670886076,0.795107033639144,0.805810397553517,0,0.00154798761609907,0.213607594936709,0.225308641975309,0.743511450381679,0.812995245641838,0.215568862275449,0,0.242009132420091,0.812596006144393,0.734351145038168,0.21183800623053,0.6289592760181,0.458966565349544,0.795216741405082,0.477064220183486,0.428129829984544,0.638846737481032,0,0.204268292682927,0.0105421686746988,0.214285714285714,0.714074074074074,0.274242424242424,0,0,0,0.209375,0.394230769230769,0.809220985691574,0.637770897832817,0.795031055900621,0.600299401197605,0.780966767371601,0,0.204018547140649,0.705792682926829,0.211981566820276,0.298461538461538,0.753918495297806,0,0.220657276995305,0.237237237237237,0.31306990881459,0.647239263803681,0.645454545454546,0.787735849056604,0,0.310077519379845,0.348694316436252,0,0.205882352941176,0,0.781102362204724,0.324850299401198,0.786259541984733,0.788667687595712,0.193740685543964,0,0.482035928143713,0.77526395173454,0.596006144393241,0.311320754716981,0.709150326797386,0,0.470499243570348,1,0.199088145896657,0.775757575757576,0.279635258358663,0.210287443267776,0.231707317073171,0.224550898203593,0.0014903129657228,0.208655332302937,0.196923076923077,0,0,0.233070866141732,0,0.667173252279635,0.221538461538462,0,0,0.512307692307692,0,0.698924731182796,0.203125,0.751479289940828,0.197767145135566,0.00156739811912226,0.23583460949464,0.804651162790698,0.803981623277182,0.78517397881997,0.260869565217391,0.658536585365854,0.218461538461538,0,0.206106870229008,0.478787878787879,0,0.804012345679012,0.741085271317829,0,0.443076923076923,0.708898944193062,0.75796178343949,0.228787878787879,0.798484848484848,0.211480362537764,0.205128205128205,0,0.554033485540335,0.263719512195122,0.583724569640063,0.21608832807571,0,0.213395638629283,0.777448071216617,0,0.73469387755102,0.547021943573668,0.587301587301587,0,0,0.235920852359209,0.427035330261137,0.891975308641975,0.202786377708978,0.804012345679012,0.264350453172205,0.61648177496038,0.234138972809668,0.762578616352201,0.220679012345679,0.207751937984496,0.333333333333333,0.212349397590361,0.792125984251968,0.20763358778626,0.799689440993789,0,0.438569206842924,0.338855421686747,0.209800918836141,0.790519877675841,0,0.210045662100457,0.618524332810047,0.202511773940345,0.217125382262997,0.206738131699847,0.631578947368421,0.226100151745068,0.787692307692308,0.265957446808511,0.805637982195846,0.298136645962733,0.768532526475038,0,0.224085365853659,0,0.337837837837838,0.199692780337942,0.758190327613105,0.224924012158055,0.26395173453997,0.212574850299401,0.22406015037594,0.780525502318393,0.633781763826607,0.27742946708464,0.262422360248447,0.781010719754977,0.792168674698795,0.218068535825545,0.308868501529052,0,0,0.697674418604651,0,0.212257100149477,0.68429003021148,0.303405572755418,0.420091324200913,0.20627802690583,0.62,0.61178247734139,0.688575899843505,0.265337423312883,0.241538461538462,0.317147192716237,0,0.288753799392097,0.723538704581359,0.274294670846395,0.791666666666667,0.853474320241692,0.556574923547401,0.208074534161491,0.222556390977444,0.389908256880734,0.196018376722818,0.339477726574501,0,0.851963746223565,0.498493975903614,0.217322834645669,0,0.208206686930091,0.218181818181818,0.554198473282443,0.496894409937888,0.209627329192547,0.214173228346457,0.643856920684292,0,0.283987915407855,0.587869362363919,0.231259968102073,0.795731707317073,0.243939393939394,0.196319018404908,0.190909090909091,0.264615384615385,0.516819571865443,0.807751937984496,0.225954198473282,0.607575757575758,0.794602698650675,0.786248131539611,0.71671826625387,0.791090629800307,0.731669266770671,0.457957957957958,0.805471124620061,0.794251134644478,0.796352583586626,0.52023988005997,0.821766561514196,0.229457364341085,0.0015552099533437,0.78907435508346,0,0.692307692307692,0.217928902627512,0.223241590214067,0.30441400304414,0,0.332278481012658,0.328849028400598,0.498470948012232,0.550834597875569,0.704892966360856,0.585780525502318,0.00151975683890578,0.185358255451713,0.765861027190332,0.4592,0.246177370030581,0.793313069908815,0.421538461538462,0.800911854103343,0.772865853658537,0.206636500754148,0.217806041335453,0.294488188976378,0,0.466266866566717,0.29601226993865,0,0.784546805349183,0.28335832083958,0.227554179566563,0,0.800599700149925,0.793051359516616,0.228706624605678,0.325617283950617,0.788709677419355,0,0.644615384615385,0.227906976744186,0.394259818731118,0.629230769230769,0.472136222910217,0.243119266055046,0.792944785276074,0.222390317700454,0.208588957055215,0.788667687595712,0.226527570789866,0.206153846153846,0.221183800623053,0.212990936555891,0.776758409785933,0.673282442748092,0.693251533742331,0.223787167449139,0.2703125,0.0121396054628225,0.701863354037267,0.222900763358779,0.811263318112633,0.684365781710914,0.214939024390244,0.208588957055215,0.234930448222566,0.487301587301587,0.185907046476762,0.70404984423676,0.249621785173979,0.213728549141966,0,0.683001531393568,0.550925925925926,0.800918836140888,0.0106870229007634,0.798179059180577,0.272024729520866,0.771428571428571,0.792248062015504,0,0.773556231003039,0.197836166924266,0.780487804878049,0.220285261489699,0.235562310030395,0.214939024390244,0.689763779527559,0.688888888888889,0.510802469135803,0.576923076923077,0,0.38006230529595,0.777117384843982,0.792424242424242,0.727549467275495,0.207165109034268,0.793846153846154,0,0.674242424242424,0.783987915407855,0.80248833592535,0.765163297045101,0.203675344563553,0.716744913928013,0.207874015748031,0.229709035222052,0,0.209677419354839,0.793984962406015,0.205925925925926,0.379362670713202,0.20695102685624,0.792569659442725,0.222222222222222,0.794162826420891,0.286798179059181,0.462132921174652,0.263237518910741,0.225075528700906,0.202786377708978,0.691358024691358,0.251170046801872,0.209580838323353,0.793626707132018,0.788819875776398,0.206201550387597,0.20398773006135,0.685015290519878,0.28657616892911,0.236883942766296,0.254185692541857,0.198473282442748,0,0.753869969040248,0.206153846153846,0.788906009244992,0,0.237209302325581,0,0.796557120500782,0.192133131618759,0.225806451612903,0,0.498447204968944,0.725190839694656,0.224458204334365,0.792393026941363,0.308641975308642,0.202830188679245,0.679566563467492,0.509863429438543,0.396578538102644,0,0.746564885496183,0.216640502354788,0.214506172839506,0.69558599695586,0.209800918836141,0.211974110032362,0.804915514592934,0,0.237160120845921,0.216174183514774,0.248475609756098,0.507507507507508,0.790446841294299,0.320433436532508,0.752293577981651,0.715686274509804,0,0.563664596273292,0.529230769230769,0.535660091047041,0,0.692185007974482,0.292048929663609,0.547546012269939,0.591527987897126,0.773529411764706,0,0,0.195906432748538,0.22473604826546,0,0.271889400921659,0.00155038759689922,0,0,0.204968944099379,0,0.215408805031447,0.397832817337461,0.558867362146051,0.19969512195122,0,0,0.213740458015267,0.243283582089552,0.471299093655589,0.807866868381241,0,0.296803652968037,0.522727272727273,0.205882352941176,0.608761329305136,0.6421875,0,0.229832572298326,0.805031446540881,0.260596546310832,0.77639751552795,0,0.780597014925373,0.7671875,0.590690208667737,0.224270353302611,0,0.248153618906942,0.226299694189602,0.20933734939759,0,0.790123456790123,0.239482200647249,0.786061588330632,0.205438066465257,0.214177978883861,0.790839694656489,0.20679012345679,0.69683257918552,0.371559633027523,0.790697674418605,0.722570532915361,0.243451463790447,0.00155038759689922,0.795454545454545,0.231354642313546,0.795275590551181,0.536776212832551,0.634674922600619,0,0.756508422664625,0.480559875583204,0.699395770392749,0.234303215926493,0.795698924731183,0.800911854103343,0.601926163723916,0.254814814814815,0.307346326836582,0.241960183767228,0.460587326120556,0,0.240181268882175,0.796610169491525,0.211981566820276,0.633647798742138,0.790104947526237,0.192955589586524,0.205882352941176,0.206471494607088,0.552671755725191,0.215384615384615,0.749615975422427,0.74,0.243939393939394,0.320121951219512,0,0,0.210365853658537,0.2660406885759,0.786707882534776,0.22257053291536,0.216463414634146,0.668683812405446,0.261755485893417,0.422187981510015,0.296352583586626,0,0.236476043276662,0.645061728395062,0.202143950995406,0.215596330275229,0,0.50855365474339,0.234009360374415,0.794753086419753,0.470957613814757,0.646433990895296,0.410979228486647,0.486024844720497,0.240713224368499,0.862595419847328,0.208137715179969,0.2178517397882,0.231003039513678,0.667716535433071,0.724505327245053,0.218125960061444,0.195814648729447,0,0.402124430955994,0.593655589123867,0.71319018404908,0.418429003021148,0.209553158705701,0.301075268817204,0.202453987730061,0.12874251497006,0.78060413354531,0,0.392248062015504,0.786604361370717,0.796042617960426,0.700617283950617,0,0.222900763358779,0.297872340425532,0.200303490136571,0.214177978883861,0.872503840245776,0.794392523364486,0,0,0.736349453978159,0.741835147744946,0.751166407465008,0,0.780487804878049,0.196969696969697,0.331811263318113,0.67687595712098,0.213953488372093,0.533742331288344,0.241486068111455,0.501506024096386,0.482758620689655,0,0.208579881656805,0.661442006269592,0.594135802469136,0.265671641791045,0.208144796380091,0.636500754147813,0,0.246969696969697,0.247391952309985,0,0.247774480712166,0.774045801526718,0.2272,0.586626139817629,0,0.00152439024390244,0.592948717948718,0.377742946708464,0.795795795795796,0.773082942097027,0.00151515151515152,0,0.395209580838323,0.800933125972006,0.214170692431562,0.664652567975831,0.21092564491654,0.784107946026987,0.606015037593985,0.7900466562986,0.344186046511628,0.796208530805687,0.782805429864253,0,0.775,0,0.208823529411765,0.659305993690852,0.223053892215569,0.802197802197802,0.212403100775194,0,0.665158371040724,0.631741140215716,0.204268292682927,0,0.204783258594918,0,0.622432859399684,0.220877458396369,0,0.470137825421133,0.211746522411128,0.447204968944099,0.243410852713178,0.791855203619909,0,0.204018547140649,0.686028257456829,0,0.498480243161094,0.791356184798808,0.781345565749236,0.19629057187017,0.204018547140649,0.213313161875946,0.22052067381317,0.212403100775194,0,0.211981566820276,0.00302571860816944,0.648401826484018,0.701834862385321,0.208144796380091,0.218654434250765,0.213740458015267,0.204892966360856,0.039453717754173,0.797839506172839,0.215873015873016,0.238239757207891,0.470499243570348,0.226726726726727,0.208206686930091,0.242283950617284,0,0,0.217455621301775,0,0.847662141779789,0,0.246913580246914,0.687697160883281,0.766666666666667,0.753753753753754,0.284591194968553,0.00151745068285281,0.750755287009063,0.201834862385321,0.213517665130568,0.469135802469136,0.647407407407407,0.933530280649926,0.739520958083832,0.536277602523659,0.784615384615385,0.764437689969605,0.544461778471139,0.711864406779661,0.503782148260212,0.781010719754977,0,0.792307692307692,0.654205607476635,0.206677265500795,0.467374810318665,0.71301775147929,0.573189522342065,0.312688821752266,0.21044776119403,0.237639553429027,0.231611893583725,0.202572347266881,0.207221350078493,0.569018404907976,0.606106870229008,0.199692780337942,0.794985250737463,0.795216741405082,0.336434108527132,0.00151975683890578,0.213213213213213,0.219847328244275,0,0.814352574102964,0,0.242236024844721,0,0.238380809595202,0.213395638629283,0.806015037593985,0.341500765696784,0.198795180722892,0.479938271604938,0.496960486322188,0.303680981595092,0,0,0.287974683544304,0.266471449487555,0.210843373493976,0,0,0.798425196850394,0.701515151515152,0.556240369799692,0,0.625,0,0.277519379844961,0.214285714285714,0.701587301587302,1,0,0.65284178187404,0.532608695652174,0.304953560371517,0.235649546827795,0.406106870229008,0.795107033639144,0.225039619651347,0.0762052877138414,0.201267828843106,0,0.211077844311377,0,0.184496124031008,0.805555555555556,0.50390015600624,0,0,0.375766871165644,0.274603174603175,0.24390243902439,0.403903903903904,0.7847533632287,0.786271450858034,0.353211009174312,0.343891402714932,0,0.802450229709035,0.245022970903522,0,0.208978328173375,0.257186081694402,0.773556231003039,0.00604229607250755,0.807633587786259,0.204783258594918,0.578864353312303,0.854263565891473,0.868462757527734,0.764885496183206,0.5015625,0.779122541603631,0.21483771251932,0,0.420560747663551,0.222900763358779,0,0,0.787296898079764,0,0.801857585139319,0.204580152671756,0.44131455399061,0.794628751974723,0.781733746130031,0.568992248062016,0.236024844720497,0.649390243902439,0.0076103500761035,0.796529968454259,0.0514820592823713,0.0106060606060606,0,0.661538461538462,0.789156626506024,0.785714285714286,0.793577981651376,0.792168674698795,0.0093167701863354,0.012012012012012,0.796042617960426,0.00617283950617284,0.00312989045383412,0.0290964777947933,0.0106060606060606,0.0105740181268882,0.785276073619632,0.0136157337367625,0.803486529318542,0.806106870229008,0.0046801872074883,0.785714285714286,0.042042042042042,0.789954337899543,0.728813559322034,0.797037037037037,0.789877300613497
"84",0.995348837209302,0.998459167950693,0.966463414634146,0.937791601866252,0.984177215189873,0.998402555910543,0.888544891640867,0.969088098918083,1,0,0.998444790046656,0,0.56793893129771,1,0.0385802469135802,0.0061633281972265,0,0.0139103554868624,0.995305164319249,0.981735159817352,0.150306748466258,0.0362776025236593,0.989393939393939,0,0.957055214723926,0.248833592534992,0.102325581395349,0.98740157480315,0.460725075528701,0.698142414860681,0.00149925037481259,0.672897196261682,0.761682242990654,0.27639751552795,0,0.998449612403101,0.0152905198776758,0.992435703479576,0.263392857142857,0.902587519025875,0.00157728706624606,0.0138674884437596,0.00765696784073507,0.998422712933754,0.776190476190476,0.0251968503937008,0.502362204724409,0.0015600624024961,0.466367713004484,0.135338345864662,0,0.990697674418605,0.253477588871716,0.998442367601246,0.875,0.145539906103286,0,0.974842767295597,0.955089820359281,0.896341463414634,0.292944785276074,0.43030303030303,0,0,0.902668759811617,0.819444444444444,0,0.989230769230769,0,0.00158982511923688,0.856925418569254,0.00930232558139535,0.0139318885448916,0.998496240601504,0,0.703196347031963,0.0409711684370258,0.557959814528594,0.89297124600639,0.255700325732899,0,0.704097116843703,0.199088145896657,1,0.111620795107034,0.900914634146341,0.995433789954338,0.970542635658915,0.966463414634146,0.00910470409711684,0.984423676012461,0.998466257668712,0,0,0.97191887675507,0,0.294753086419753,0.983076923076923,0.00619195046439629,0.00766871165644172,0.615748031496063,0,0.285935085007728,0.998454404945904,0.0928462709284627,0.998417721518987,0.00927357032457496,0.976780185758514,0.0015748031496063,0.0107197549770291,0.0061633281972265,0.896284829721362,0.317829457364341,0.990740740740741,0,0.984567901234568,0.699846860643185,0,0.00152905198776758,0.223255813953488,0,0.761240310077519,0.238759689922481,0.0732484076433121,0.975384615384615,0.14567526555387,0.996974281391831,0.993874425727412,0,0.539657853810264,0.925867507886435,0.485759493670886,0.987692307692308,0,0.995283018867924,0.0194610778443114,0,0.204368174726989,0.630672926447574,0.517515923566879,0,0,0.975193798449612,0.753125,0.165094339622642,0.998463901689708,0.0062402496099844,0.920367534456355,0.39375,0.98030303030303,0.1390625,0.984709480122324,0.998422712933754,0.837920489296636,0.996904024767802,0.00158982511923688,1,0.0015625,0,0.7328125,0.860606060606061,0.983308042488619,0.0181818181818182,0,0.998496240601504,0.424100156494523,0.998407643312102,1,0.998470948012232,0.285498489425982,0.973684210526316,0.00311526479750779,0.945288753799392,0.00151745068285281,0.8890625,0.353395061728395,0,0.983128834355828,0,0.856259659969088,0.998461538461539,0.115384615384615,0.979782270606532,0.946070878274268,0.987951807228916,0.972602739726027,0.0889570552147239,0.358662613981763,0.918711656441718,0.942367601246106,0.0474732006125574,0.00762195121951219,0.976415094339623,0.848531684698609,0,0,0.292168674698795,0.00154083204930663,1,0.24357034795764,0.862015503875969,0.755725190839695,0.988059701492537,0.420807453416149,0.444444444444444,0.288372093023256,0.921259842519685,0.964341085271318,0.870426829268293,0,0.883614088820827,0.17329093799682,0.941085271317829,0,0.0664652567975831,0.534883720930233,0.977134146341463,0.98036253776435,0.82642089093702,0.996918335901387,0.887323943661972,0,0.0661538461538462,0.641221374045801,0.996889580093313,0,0.99075500770416,0.979166666666667,0.551987767584098,0.532407407407407,0.989130434782609,0.998405103668262,0.359327217125382,0,0.88112927191679,0.514503816793893,0.968304278922345,0.00154798761609907,0.960843373493976,0.998444790046656,0.998473282442748,0.950233281493002,0.520300751879699,0.0015527950310559,0.968944099378882,0.542728635682159,0.00298953662182362,0.00302114803625378,0.191522762951334,0,0.14756671899529,0.660091047040971,0.00156739811912226,0.00306278713629403,0.00921658986175115,0.577912254160363,0.0458860759493671,0.984375,0.0108695652173913,0.00153609831029186,0,0.222741433021807,0.998444790046656,0.976635514018692,0.900153609831029,0,0.856913183279743,0.851289833080425,0.674922600619195,0.588785046728972,0.455246913580247,0.468847352024922,0.0107033639143731,0.998461538461539,0.0910493827160494,0.678972712680578,0.956589147286822,0.0107033639143731,0.748103186646434,0.00153609831029186,0.126153846153846,0.998491704374057,0.998405103668262,0.883464566929134,0,0.638972809667674,0.877329192546584,0,0.00154798761609907,0.887218045112782,0.975,0,0.00310077519379845,0.00307692307692308,0.982539682539682,0.871674491392801,0.0015748031496063,0,0.378670788253478,0.989147286821705,0.782012195121951,0.372488408037094,0.659340659340659,0.961597542242704,0.00771604938271605,1,0.998459167950693,0.00462962962962963,0.967592592592593,1,0.974358974358974,0.996923076923077,0.183925811437403,0.298003072196621,0.277089783281734,0.972929936305732,0.94524959742351,0.0486322188449848,0.262422360248447,0.97191887675507,0.149068322981366,0.307692307692308,0.996923076923077,0.995297805642633,0.964451313755796,0.676703645007924,0.995433789954338,0.249216300940439,0.960061443932412,0.996894409937888,0,0.311178247734139,0.544303797468354,0.0186335403726708,0.0549618320610687,0.00906344410876133,0.911901081916538,0.0256797583081571,0.00154320987654321,0,0.222222222222222,0.990712074303406,0.0747663551401869,0.985436893203884,0.967391304347826,0.98755832037325,0.275968992248062,0.28,0.665644171779141,0.44,0,0.807987711213518,0.0166666666666667,0.0346907993966818,0.193984962406015,0.998420221169036,0.00306748466257669,0,0.316666666666667,0.00762195121951219,0.0220125786163522,0.453978159126365,0.998454404945904,0.264566929133858,0.99837925445705,0.964006259780908,0,0.994100294985251,0.00151057401812689,0.996983408748115,0.818320610687023,0.9984,0.0124416796267496,0.974203338391502,0.00153374233128834,0.884615384615385,0.694533762057878,0.943939393939394,0.984709480122324,0.995334370139969,0.287713841368585,0.962790697674419,0.99851411589896,0,0.0232558139534884,0.998417721518987,1,0.309230769230769,0.884437596302003,0.961844197138315,0.952959028831563,0.998484848484849,0,0.10077519379845,0.998475609756098,0.00310077519379845,0,0.965189873417722,0.0078125,0.0406885758998435,1,0.965045592705167,0.00307692307692308,0.625386996904025,0.413312693498452,0.984152139461173,0.00316455696202532,0.8712715855573,0.996815286624204,0.367924528301887,0.598755832037325,0.776212832550861,0,0.163297045101089,0.97007874015748,0.996918335901387,0.434108527131783,0.998473282442748,0.972312703583062,0.0295031055900621,0.00152671755725191,0.983308042488619,0.993827160493827,0.952234206471495,0.679331306990882,0.00771604938271605,0.856025039123631,0.234206471494607,0.17524115755627,0.00458715596330275,0.609794628751975,0.604724409448819,0.606758832565284,0,0.2736,0.911214953271028,0.636085626911315,0.50834597875569,0.0698365527488856,0,0,0.998520710059172,0.97593984962406,0,0.913446676970634,0.00946372239747634,0,0,0.998456790123457,0,0.998405103668262,0.769230769230769,0.519756838905775,0.998496240601504,0,0,0.990726429675425,0.965620328849028,0.71141975308642,0,0.0015625,0.872754491017964,0.598774885145482,1,0.522796352583587,0.323390894819466,0,0.979938271604938,0.0015748031496063,0.950078003120125,0.0913385826771654,0,0.0105421686746988,0.112324492979719,0.478605388272583,0.970858895705521,0,0.943854324734446,0.973846153846154,0.998480243161094,0,0.0666666666666667,0.930533117932149,0.0048,0.998489425981873,0.998482549317147,0.00917431192660551,0.998470948012232,0.286370597243492,0.808346213292117,0.00464396284829721,0.164296998420221,0.960426179604262,0.00946372239747634,0.00155038759689922,0.974164133738602,0.00786163522012579,0.652380952380952,0.374608150470219,0,0.101851851851852,0.730407523510972,0.248085758039816,0.978461538461538,0.0015552099533437,0.150455927051672,0.459807073954984,0.945022288261516,0.871406959152799,0.9629057187017,0.741029641185647,0,0.978883861236802,0.00153609831029186,0.966153846153846,0.386792452830189,0.00150602409638554,0.998473282442748,1,0.998430141287284,0.633647798742138,0.983180428134557,0.121495327102804,0.179968701095462,0.949074074074074,0.869631901840491,0,0,0.9890625,0.933544303797468,0.012326656394453,0.985826771653543,0.992307692307692,0.355083459787557,0.924148606811146,0.718995290423862,0.881024096385542,0,0.967492260061919,0.330781010719755,0.998459167950693,0.996951219512195,0,0.640432098765432,0.970633693972179,0.00154798761609907,0.68062015503876,0.37888198757764,0.790178571428571,0.675118858954041,0.953731343283582,0.0809160305343511,0.984202211690363,0.998466257668712,0.980122324159021,0.297297297297297,0.0941358024691358,0.990963855421687,0.998466257668712,0.00455927051671732,0.768292682926829,0.44969512195122,0.256211180124224,0.760242792109256,0.998461538461539,0.882534775888717,0.998477929984779,0.121804511278195,0.0016025641025641,0,0.812693498452012,0.003125,0,0.261538461538462,0,0.990783410138249,0.910606060606061,0.996937212863706,0.995433789954338,0.0867507886435331,0.00154559505409583,0,0,0.166407465007776,0.0700934579439252,0.165884194053208,0,0,0.998454404945904,0.00904977375565611,0.282334384858044,0.998444790046656,0.586523736600306,0.975039001560062,0.64750378214826,0.62178517397882,0,0.998500749625187,0.382306477093207,0.493023255813954,0.91578947368421,0.986259541984733,0.377099236641221,0.00918836140888208,0.950310559006211,0.955752212389381,0,0.96390977443609,0.0168711656441718,0.988976377952756,0.443251533742331,0,0.00771604938271605,0.515055467511886,0.822804314329738,0.00152905198776758,0.127760252365931,0.0107033639143731,0.00161030595813205,0.747005988023952,0.0189873417721519,0.998373983739837,0.309230769230769,0.990936555891239,0,0.370597243491577,0.328100470957614,0.859872611464968,0.0906200317965024,0.00604229607250755,0.00305810397553517,0.0424528301886792,0,0.992435703479576,0.03486529318542,0.97737556561086,0.00469483568075117,0.9984375,0,0.51285930408472,0.449612403100775,1,0,0.998473282442748,0,0.386473429951691,0.98780487804878,0,0.648401826484018,0.982785602503912,0.752738654147105,0.94556765163297,0.0348484848484849,0,1,0.254372019077901,0,0.674772036474164,0,0.0121580547112462,1,0.998442367601246,0.992526158445441,0.970404984423676,0.978260869565217,0,0.975039001560062,0.0215384615384615,0.344086021505376,0.274961597542243,0.992378048780488,0.990668740279938,0.990936555891239,0.992401215805471,0.0509259259259259,0.0186335403726708,0.985623003194888,0.959501557632399,0.711915535444947,0.981651376146789,0.998482549317147,0.973886328725038,0,0,0.980654761904762,0,0.0689127105666156,0,0.953917050691244,0.261829652996845,0.20820189274448,0.111963190184049,0.928571428571429,0,0.0995405819295559,0.998456790123457,0.998482549317147,0.629057187017002,0.404160475482912,0.201459854014599,0.173978819969743,0.648062015503876,0.00153139356814701,0.112654320987654,0.536321483771252,0.255054432348367,0.705614567526555,0.0108191653786708,0,0,0.31378763866878,0.998425196850394,0.615267175572519,0.228441754916793,0.607142857142857,0.867269984917044,0.98796992481203,0.955484896661367,0.98116169544741,0.998427672955975,0.998466257668712,0.543035993740219,0.402457757296467,0.996918335901387,0.00298953662182362,0.00601503759398496,0.863496932515337,0.0106544901065449,0.998480243161094,0.970769230769231,0,0.101286173633441,0,0.947784810126582,0,0.972222222222222,1,0.00601503759398496,0.842748091603053,0.998489425981873,0.631496062992126,0.606481481481482,0.869158878504673,0,0,0.92891760904685,0.935103244837758,0.987673343605547,0,0,0,0.235384615384615,0.508580343213729,0,0.448854961832061,0,0.924646781789639,0.998439937597504,0.15541601255887,0.223744292237443,0,0.3296875,0.595348837209302,0.865947611710324,0.957639939485628,0.768160741885626,0.00153846153846154,0.987261146496815,0.0154083204930663,0.998425196850394,0,0.98159509202454,0.00612557427258806,1,0.0171606864274571,0.0094488188976378,0,0,0.810030395136778,0.920127795527157,0.930981595092024,0.698484848484848,0.0253353204172876,0.00316455696202532,0.823802163833076,0.842261904761905,0,0.0171339563862928,0.967692307692308,0,0.981337480559876,0.952887537993921,0.0581039755351682,0.043010752688172,0.00308641975308642,0.998473282442748,0.444976076555024,0.0756172839506173,0.0913385826771654,0.112633181126332,0.68362480127186,0.0953846153846154,0.998454404945904,0,0.742635658914729,0.978755690440061,0.00309119010819165,0,0.00147275405007364,0,0.00153609831029186,0.998477929984779,0.71656050955414,0.00158478605388273,0.00154083204930663,0.53870458135861,0.955177743431221,0.423547400611621,0.0503048780487805,0.00318471337579618,0.0542264752791069,0.015527950310559,0,0.0232558139534884,0.00746268656716418,0.00311526479750779,0.0106382978723404,0.00153139356814701,0.0515625,0.0606980273141123,0.0122324159021407,0.0168195718654434,0.00635930047694754,0.024653312788906,0.0217729393468118,0.0591805766312595,0.00769230769230769,0.0184331797235023,0.00158982511923688,0.0046583850931677,0.0455974842767296,0.00612557427258806,0.0210526315789474,0.00152671755725191,0.0280373831775701,0,0.0031104199066874
"85",0.121405750798722,0.109546165884194,0.138719512195122,0.165605095541401,0.126198083067093,0.106858054226475,0.202492211838006,0.149300155520995,0.113003095975232,0,0.102964118564743,0,0.499231950844854,0.107255520504732,0.872472783825817,0.892966360856269,0,0.0046801872074883,0.120634920634921,0.125386996904025,0.804651162790698,0.886035313001605,0.12326656394453,0,0.14900153609831,0.728571428571429,0.820349761526232,0.117088607594937,0.670245398773006,0.38863287250384,0.891472868217054,0.414219474497682,0.344551282051282,0.695787831513261,0,0.109004739336493,0.00769230769230769,0.108359133126935,0.737951807228916,0.19969040247678,0.00157232704402516,0.0015748031496063,0.00153139356814701,0.114779874213836,0.329635499207607,0.874213836477987,0.545454545454545,0.891509433962264,0.576864535768645,0.983128834355828,0,0.11993769470405,0.744548286604361,0.103715170278638,0.199052132701422,0.79549114331723,0,0.132911392405063,0.14375,0.218553459119497,0.693846153846154,0.712074303405573,0.88125,0,0.22866344605475,0.293663060278207,0,0.1125,0,0.886075949367089,0.229102167182663,0.891640866873065,0.889580093312597,0.111791730474732,0,0.398763523956723,0.863914373088685,0.523148148148148,0.213938411669368,0.728896103896104,0,0.400611620795107,0.775757575757576,0.111620795107034,1,0.201538461538462,0.109567901234568,0.131578947368421,0.130568356374808,0,0.127527216174184,0.0990853658536585,0,0,0.140822784810127,0,0.710526315789474,0.13251155624037,0.00154083204930663,0.0015625,0.468454258675079,0,0.722834645669291,0.115569823434992,0.848484848484849,0.107544141252006,0,0.129283489096573,0.902668759811617,0.878548895899054,0.894656488549618,0.181533646322379,0.687797147385103,0.128930817610063,0,0.12037037037037,0.384024577572965,0,0.889751552795031,0.777080062794348,0,0.344391785150079,0.759259259259259,0.847266881028939,0.135802469135802,0.858895705521472,0.100456621004566,0.113884555382215,0,0.546583850931677,0.190923317683881,0.582278481012658,0.13015873015873,0,0.105263157894737,0.869894099848714,0,0.788216560509554,0.438291139240506,0.572107765451664,0,0,0.149136577708006,0.351097178683386,0.845070422535211,0.111811023622047,0.8921875,0.187306501547988,0.611727416798732,0.128787878787879,0.8256735340729,0.135433070866142,0.110576923076923,0.255023183925811,0.102964118564743,0.886762360446571,0.106811145510836,0.882445141065831,0,0.380503144654088,0.232277526395173,0.12888198757764,0.880664652567976,0,0.102134146341463,0.593004769475358,0.106969205834684,0.107142857142857,0.107142857142857,0.682926829268293,0.13166144200627,0.883177570093458,0.161787365177196,0.894495412844037,0.213836477987421,0.640552995391705,0,0.123244929797192,0,0.247692307692308,0.108320251177394,0.829383886255924,0.130769230769231,0.164596273291925,0.112951807228916,0.138036809815951,0.84375,0.650842266462481,0.184375,0.162337662337662,0.862928348909657,0.886821705426357,0.12241653418124,0.218944099378882,0,0,0.733644859813084,0.00153374233128834,0.103500761035008,0.752252252252252,0.217115689381933,0.335394126738794,0.127300613496933,0.632716049382716,0.645608628659476,0.730462519936204,0.172897196261682,0.140405616224649,0.217457886676876,0,0.228527607361963,0.783653846153846,0.162717219589258,0.890995260663507,0.830534351145038,0.552959501557632,0.130970724191063,0.126717557251908,0.27602523659306,0.117465224111283,0.23186119873817,0,0.836702954898911,0.457757296466974,0.115942028985507,0,0.113354037267081,0.129323308270677,0.540581929555896,0.509230769230769,0.111635220125786,0.106180665610143,0.666144200626959,0,0.209627329192547,0.537383177570093,0.1312,0.885271317829457,0.147013782542113,0.106012658227848,0.106317411402157,0.150554675118859,0.524242424242424,0.889235569422777,0.137071651090343,0.516923076923077,0.899096385542169,0.886535552193646,0.748407643312102,0.878693623639191,0.8096,0.416158536585366,0.895800933125972,0.88006230529595,0.880551301684533,0.495356037151703,0.868167202572347,0.126984126984127,0.00158730158730159,0.881619937694704,0,0.766929133858268,0.112519809825674,0.130503144654088,0.201848998459168,0,0.228896103896104,0.244992295839753,0.421133231240429,0.4796875,0.5890625,0.625,0.00154559505409583,0.105180533751962,0.862385321100917,0.405492730210016,0.133956386292835,0.875379939209726,0.359133126934985,0.888372093023256,0.82,0.114503816793893,0.105348460291734,0.186305732484076,0,0.454121306376361,0.198425196850394,0,0.885145482388974,0.202160493827161,0.137658227848101,0,0.899543378995434,0.890937019969278,0.121753246753247,0.218446601941748,0.880452342487884,0,0.661417322834646,0.131329113924051,0.333333333333333,0.640746500777605,0.42332268370607,0.132824427480916,0.882260596546311,0.109939759036145,0.108864696734059,0.883096366508689,0.142635658914729,0.115085536547434,0.136507936507936,0.111801242236025,0.802215189873418,0.707241910631741,0.727838258164852,0.130914826498423,0.1712,0.00933125972006221,0.75,0.137715179968701,0.812018489984592,0.741691842900302,0.114728682170543,0.118296529968454,0.154205607476636,0.423622047244094,0.107858243451464,0.769968051118211,0.143740340030912,0.120063191153239,0,0.707317073170732,0.529411764705882,0.880434782608696,0.00920245398773006,0.897239263803681,0.186728395061728,0.86687306501548,0.902476780185758,0,0.77151799687011,0.117554858934169,0.9984375,0.12520325203252,0.133437990580848,0.124409448818898,0.73469387755102,0.742671009771987,0.430793157076205,0.581730769230769,0,0.288611544461778,0.884322678843227,0.850609756097561,0.78680981595092,0.10223642172524,0.8887171561051,0,0.705069124423963,0.877708978328173,0.900630914826498,0.582159624413146,0.11216429699842,0.720893141945773,0.113418530351438,0.12597200622084,0,0.119117647058824,0.882621951219512,0.107250755287009,0.285271317829457,0.114147909967846,0.885220125786163,0.126543209876543,0.894977168949772,0.227414330218069,0.384370015948963,0.16030534351145,0.135725429017161,0.105590062111801,0.731554160125589,0.137223974763407,0.112480739599384,0.892261001517451,0.89644513137558,0.108974358974359,0.11128526645768,0.679012345679012,0.224458204334365,0.13915857605178,0.1625,0.108024691358025,0,0.815873015873016,0.102325581395349,0.882445141065831,0,0.1359375,0.00158478605388273,0.867924528301887,0.109422492401216,0.135007849293564,0.00157977883096367,0.457547169811321,0.616224648985959,0.135350318471338,0.895238095238095,0.223101265822785,0.1152,0.7601246105919,0.486821705426357,0.333333333333333,0,0.803100775193798,0.128571428571429,0.104199066874028,0.594090202177294,0.111963190184049,0.125205930807249,0.879310344827586,0,0.132605304212168,0.119309262166405,0.157320872274143,0.417177914110429,0.889937106918239,0.235478806907378,0.720858895705521,0.785831960461285,0.00154083204930663,0.486529318541997,0.471048513302034,0.475077881619938,0,0.723370429252782,0.187106918238994,0.462962962962963,0.517133956386293,0.840361445783133,0,0,0.113602391629297,0.134351145038168,0,0.175548589341693,0,0,0,0.103875968992248,0,0.105263157894737,0.328197226502311,0.554198473282443,0.105426356589147,0,0,0.115987460815047,0.148318042813456,0.397217928902628,0.88597842835131,0,0.204930662557781,0.49613601236476,0.122861586314152,0.525914634146341,0.6875,0,0.131578947368421,0.888,0.155172413793103,0.828967642526965,0,0.877643504531722,0.995275590551181,0.548281505728314,0.134069400630915,0,0.165390505359877,0.129082426127527,0.113846153846154,0,0.859842519685039,0.149253731343284,0.890145395799677,0.107858243451464,0.104072398190045,0.878125,0.107033639143731,0.730407523510972,0.294851794071763,0.886292834890966,0.802907915993538,0.143518518518519,0.00154320987654321,0.884012539184953,0.135670731707317,0.888357256778309,0.461414790996785,0.613207547169811,0,0.826771653543307,0.339774557165862,0.761240310077519,0.129829984544049,0.885400313971743,0.790372670807453,0.634426229508197,0.15220700152207,0.225266362252664,0.138582677165354,0.366929133858268,0,0.108359133126935,0.894899536321484,0.143081761006289,0.660883280757098,0.885542168674699,0.105919003115265,0.107255520504732,0.106750392464678,0.439749608763693,0.137658227848101,0.841772151898734,0.782051282051282,0.164362519201229,0.205607476635514,0,0,0.121684867394696,0.17981072555205,0.896988906497623,0.129337539432177,0.114906832298137,0.707882534775889,0.175911251980983,0.378164556962025,0.204855842185129,0,0.138629283489097,0.685303514376997,0.116459627329193,0.118195956454121,0,0.477848101265823,0.125596184419714,0.8859375,0.388625592417062,0.629860031104199,0.32370820668693,0.391236306729264,0.152337858220211,0.828787878787879,0.110047846889952,0.117465224111283,0.135093167701863,0.704472843450479,0.805993690851735,0.116923076923077,0.102446483180428,0.00154559505409583,0.338414634146341,0.590138674884438,0.734567901234568,0.339506172839506,0.108661417322835,0.220496894409938,0.106811145510836,0.129969418960245,0.883986928104575,0,0.28169014084507,0.880690737833595,0.893915756630265,0.738461538461539,0,0.129485179407176,0.186259541984733,0.105919003115265,0.122699386503067,0.823622047244094,0.88006230529595,0,0,0.786392405063291,0.842767295597484,0.790880503144654,0,0.882629107981221,0.109567901234568,0.366306027820711,0.745283018867924,0.110236220472441,0.49144634525661,0.141494435612083,0.427682737169518,0.43969465648855,0,0.12012012012012,0.670926517571885,0.590764331210191,0.183890577507599,0.114728682170543,0.660493827160494,0.00154320987654321,0.153846153846154,0.153963414634146,0,0.13855421686747,0.870917573872473,0.12280701754386,0.63182527301092,0,0.0015625,0.570962479608483,0.277070063694268,0.897356143079316,0.83147853736089,0.0015527950310559,0.00158982511923688,0.335338345864662,0.873217115689382,0.111475409836066,0.702453987730061,0.120795107033639,0.899390243902439,0.615853658536585,0.656549520766773,0.247987117552335,0.903846153846154,0.888364779874214,0.00156985871271586,0.855325914149444,0,0.114803625377644,0.726984126984127,0.11854103343465,0.882911392405063,0.1088,0,0.525679758308157,0.67981072555205,0.0964230171073095,0,0.116923076923077,0,0.646031746031746,0.127527216174184,0,0.426791277258567,0.124006359300477,0.352112676056338,0.163009404388715,0.862229102167183,0,0.100931677018634,0.7339593114241,0,0.424806201550388,0.883614088820827,0.901840490797546,0.103937007874016,0.118022328548644,0.119083969465649,0.122641509433962,0.122448979591837,0,0.133647798742138,0.00155763239875389,0.673748103186646,0.709677419354839,0.115085536547434,0.110248447204969,0.10939907550077,0.106153846153846,0.0354938271604938,0.883177570093458,0.126009693053312,0.138888888888889,0.399089529590288,0.13251155624037,0.110077519379845,0.134969325153374,0,0,0.12797619047619,0,0.831306990881459,0.00157728706624606,0.153374233128834,0.721337579617834,0.733118971061093,0.823439878234399,0.189735614307932,0.00154320987654321,0.837672281776417,0.110077519379845,0.110419906687403,0.430842607313196,0.658610271903323,0.78955223880597,0.797872340425532,0.442675159235669,0.889922480620155,0.833855799373041,0.543307086614173,0.755832037325039,0.410852713178295,0.888540031397174,0,0.884194053208138,0.686119873817035,0.114832535885167,0.424148606811146,0.760606060606061,0.490595611285266,0.234472049689441,0.121351766513057,0.151612903225806,0.131455399061033,0.109149277688604,0.111464968152866,0.496062992125984,0.624413145539906,0.110769230769231,0.889387144992526,0.901990811638591,0.235387045813586,0.00154083204930663,0.113149847094801,0.130914826498423,0,0.882825040128411,0,0.170616113744076,0,0.135593220338983,0.109907120743034,0.879019908116386,0.262992125984252,0.107575757575758,0.426307448494453,0.455259026687598,0.209048361934477,0,0,0.175523349436393,0.16966966966967,0.130232558139535,0,0,0.896,0.772247360482655,0.588607594936709,0,0.596850393700787,0,0.185007974481659,0.114779874213836,0.769108280254777,0.753030303030303,0,0.677777777777778,0.476415094339623,0.241860465116279,0.147640791476408,0.326018808777429,0.88871473354232,0.123003194888179,0.0890625,0.108626198083067,0,0.122571001494768,0,0.103896103896104,0.870514820592824,0.556618819776715,0,0,0.278890600924499,0.186900958466454,0.148773006134969,0.376524390243902,0.879389312977099,0.887096774193548,0.248833592534992,0.256060606060606,0,0.886614173228346,0.127358490566038,0,0.1256038647343,0.159817351598174,0.869767441860465,0.0062111801242236,0.890262751159196,0.109062980030722,0.565217391304348,0.817204301075269,0.817152103559871,0.833841463414634,0.435406698564593,0.998468606431853,0.109546165884194,0,0.363076923076923,0.131699846860643,0,0,0.893553223388306,0,0.891679748822606,0.116743471582181,0.393312101910828,0.889240506329114,0.887323943661972,0.549520766773163,0.147151898734177,0.71183800623053,0.0107361963190184,0.895498392282958,0.0558213716108453,0.0125195618153365,0,0.73469387755102,0.890577507598784,0.897637795275591,0.881278538812785,0.892261001517451,0.00789889415481832,0.00768049155145929,0.884080370942813,0.009375,0.00323101777059774,0.0249609984399376,0.00927357032457496,0.00921658986175115,0.892523364485981,0.015625,0.894822006472492,0.892018779342723,0.00788643533123028,0.895962732919255,0.0475460122699387,0.890432098765432,0.818885448916409,0.890577507598784,0.893353941267388
"86",0.909233176838811,0.896499238964992,0.949074074074074,0.908945686900958,0.919303797468354,0.916403785488959,0.869905956112853,0.924265842349305,0.907993966817496,0,0.910493827160494,0,0.624233128834356,0.903276131045242,0.130769230769231,0.102290076335878,0,0.0123647604327666,0.89938080495356,0.900611620795107,0.248085758039816,0.11198738170347,0.90273556231003,0,0.894171779141104,0.31924882629108,0.199381761978362,0.913875598086124,0.53951367781155,0.721109399075501,0.0938461538461538,0.739938080495356,0.794392523364486,0.357361963190184,0,0.908950617283951,0.0151057401812689,0.905775075987842,0.341142020497804,0.858895705521472,0.00153139356814701,0.0138248847926267,0.00460122699386503,0.90527950310559,0.888188976377953,0.109375,0.5578125,0.0850077279752705,0.542600896860987,0.209509658246657,0,0.914503816793893,0.360182370820669,0.901365705614568,0.868827160493827,0.254777070063694,0,0.894736842105263,0.915022761760243,0.88597842835131,0.36030534351145,0.505359877488515,0.0924764890282132,0,0.844375963020031,0.800307219662058,0,0.910216718266254,0,0.0863422291993721,0.824773413897281,0.0937019969278034,0.111459968602826,0.906202723146747,0,0.739329268292683,0.136294027565084,0.626543209876543,0.884057971014493,0.357142857142857,0,0.772865853658537,0.279635258358663,0.900914634146341,0.201538461538462,1,0.904907975460123,0.924846625766871,0.894817073170732,0.00900900900900901,0.901098901098901,0.903076923076923,0,0,0.897314375987362,0,0.371385083713851,0.910631741140216,0.00759878419452888,0.00925925925925926,0.659969088098918,0,0.36150234741784,0.909797822706065,0.194570135746606,0.910377358490566,0.0093167701863354,0.931357254290172,0.0864779874213836,0.104615384615385,0.103658536585366,0.884375,0.396024464831804,0.906153846153846,0,0.917682926829268,0.761760242792109,0,0.095679012345679,0.305295950155763,0,0.796296296296296,0.338485316846986,0.167197452229299,0.906298003072197,0.231007751937985,0.907012195121951,0.918083462132921,0,0.599697885196375,0.932926829268293,0.536776212832551,0.903785488958991,0,0.908227848101266,0.101515151515152,0,0.305295950155763,0.648606811145511,0.565079365079365,0,0,0.915514592933948,0.788343558282209,0.251582278481013,0.903426791277259,0.0913312693498452,0.938366718027735,0.479750778816199,0.92921686746988,0.216300940438871,0.908809891808346,0.90625,0.791987673343606,0.911450381679389,0.0837209302325581,0.910769230769231,0.0830721003134796,0,0.761609907120743,0.846616541353383,0.902140672782875,0.109756097560976,0,0.907324364723468,0.545454545454545,0.912698412698413,0.90937019969278,0.910470409711684,0.360606060606061,0.922839506172839,0.0959752321981424,0.897709923664122,0.0915915915915916,0.8640625,0.436335403726708,0,0.895223420647149,0,0.825493171471927,0.908809891808346,0.211023622047244,0.901689708141321,0.89193302891933,0.901785714285714,0.886877828054299,0.185758513931889,0.444776119402985,0.906349206349206,0.90625,0.144409937888199,0.0959752321981424,0.9125,0.851289833080425,0,0,0.392801251956182,0.00154083204930663,0.901639344262295,0.342383107088989,0.85981308411215,0.753030303030303,0.91969696969697,0.506976744186047,0.488549618320611,0.388178913738019,0.846986089644513,0.88390092879257,0.860606060606061,0,0.835365853658537,0.272583201267829,0.900311526479751,0.0919003115264797,0.165402124430956,0.576506955177743,0.911214953271028,0.906344410876133,0.833590138674884,0.910060975609756,0.846153846153846,0,0.164615384615385,0.701515151515152,0.909235668789809,0,0.903323262839879,0.925757575757576,0.604294478527607,0.584496124031008,0.903426791277259,0.90952380952381,0.446676970633694,0,0.865558912386707,0.595611285266458,0.936507936507937,0.0952380952380952,0.90210843373494,0.911671924290221,0.909937888198758,0.890965732087227,0.616793893129771,0.0920634920634921,0.936728395061728,0.584218512898331,0.103293413173653,0.0911808669656203,0.271028037383178,0.0783410138248848,0.233908948194662,0.726299694189602,0.0921658986175115,0.0883720930232558,0.0953846153846154,0.64624808575804,0.131045241809672,0.915625,0.00925925925925926,0.0842433697347894,0,0.308544303797468,0.917981072555205,0.902290076335878,0.874608150470219,0,0.848966613672496,0.813253012048193,0.746835443037975,0.659476117103236,0.515673981191223,0.5,0.0108359133126935,0.903276131045242,0.188449848024316,0.762057877813505,0.93953488372093,0.0975609756097561,0.785602503912363,0.0938461538461538,0.20398773006135,0.911808669656203,0.907915993537964,0.877358490566038,0,0.703759398496241,0.868217054263566,0,0.0953846153846154,0.88030303030303,0.925233644859813,0,0.0937019969278034,0.0837138508371385,0.910518053375196,0.86697965571205,0.104430379746835,0,0.456656346749226,0.914596273291925,0.810526315789474,0.459418070444104,0.705329153605016,0.889894419306184,0.100931677018634,0.898791540785498,0.910077519379845,0.0965732087227414,0.912307692307692,0.905426356589147,0.8976,0.907692307692308,0.262121212121212,0.391830559757943,0.374045801526718,0.914330218068536,0.8768,0.0463678516228748,0.328703703703704,0.928237129485179,0.233486943164363,0.365126676602086,0.919753086419753,0.906009244992296,0.913713405238829,0.725705329153605,0.902548725637181,0.31911532385466,0.938366718027735,0.90809968847352,0,0.415037593984962,0.596214511041009,0.105828220858896,0.0515933232169954,0.0981873111782477,0.854037267080745,0.110939907550077,0.0945736434108527,0,0.302147239263804,0.91304347826087,0.148773006134969,0.918006430868167,0.937106918238994,0.914196567862715,0.370942812982998,0.373801916932907,0.705972434915773,0.50655737704918,0,0.802147239263804,0.0952380952380952,0.1236802413273,0.291158536585366,0.909379968203498,0.0932721712538226,0,0.417047184170472,0.0975232198142415,0.104615384615385,0.531055900621118,0.91283676703645,0.366614664586583,0.907790143084261,0.883720930232558,0,0.922287390029325,0.0886850152905199,0.906626506024096,0.796583850931677,0.907790143084261,0.106976744186047,0.896813353566009,0.0878274268104777,0.825954198473282,0.799043062200957,0.87037037037037,0.928462709284627,0.906870229007634,0.363777089783282,0.89010989010989,0.910334346504559,0.0911854103343465,0.110091743119266,0.902587519025875,0.898176291793313,0.409509202453988,0.836140888208269,0.898713826366559,0.916537867078825,0.910741301059002,0,0.215408805031447,0.905053598774885,0.0920436817472699,0,0.942367601246106,0.0095389507154213,0.13166144200627,0.906870229007634,0.938650306748466,0.00464396284829721,0.672333848531685,0.4859375,0.917721518987342,0.0853080568720379,0.828393135725429,0.911949685534591,0.453834115805947,0.661538461538462,0.854714064914992,0,0.25193199381762,0.9296875,0.914596273291925,0.517719568567026,0.915151515151515,0.90311986863711,0.120556414219474,0,0.904320987654321,0.915384615384615,0.907692307692308,0.717522658610272,0.0972222222222222,0.850077279752705,0.301369863013699,0.265676567656766,0.00611620795107034,0.662480376766091,0.64797507788162,0.706605222734255,0,0.359937402190923,0.885802469135803,0.682442748091603,0.580792682926829,0.178571428571429,0,0,0.911242603550296,0.886191198786039,0,0.921417565485362,0.00947867298578199,0,0,0.917057902973396,0,0.918367346938776,0.790769230769231,0.580060422960725,0.900751879699248,0,0,0.902476780185758,0.888721804511278,0.745889387144993,0.0933734939759036,0.00156985871271586,0.856269113149847,0.661585365853659,0.913713405238829,0.59304084720121,0.430124223602484,0,0.898638426626324,0.0947867298578199,0.930708661417323,0.175824175824176,0,0.102409638554217,0.208791208791209,0.531400966183575,0.888036809815951,0,0.939485627836611,0.916030534351145,0.913446676970634,0,0.160629921259843,0.867647058823529,0.0910543130990415,0.909774436090226,0.906298003072197,0.0984615384615385,0.903963414634146,0.377880184331797,0.81832298136646,0.103875968992248,0.248417721518987,0.910769230769231,0.0078003120124805,0.0956112852664577,0.93202416918429,0.0965189873417722,0.6953125,0.452713178294574,0,0.196899224806202,0.750798722044728,0.346094946401225,0.906441717791411,0.0944272445820433,0.212765957446809,0.491961414790997,0.910741301059002,0.871016691957511,0.885093167701863,0.7734375,0,0.910334346504559,0.0895295902883156,0.883435582822086,0.457413249211356,0.0982142857142857,0.907834101382488,0.915625,0.903426791277259,0.660493827160494,0.917933130699088,0.2078125,0.269890795631825,0.894409937888199,0.863076923076923,0,0,0.906793048973144,0.896875,0.103937007874016,0.929133858267717,0.914330218068536,0.447328244274809,0.925750394944708,0.74805598755832,0.862068965517241,0,0.900928792569659,0.414330218068536,0.903225806451613,0.912172573189522,0,0.677672955974843,0.93522906793049,0.0855365474339036,0.697637795275591,0.443234836702955,0.786135693215339,0.782334384858044,0.876876876876877,0.168168168168168,0.908227848101266,0.908536585365854,0.920489296636086,0.388888888888889,0.174311926605505,0.905864197530864,0.91131498470948,0.00753012048192771,0.796946564885496,0.513888888888889,0.347286821705426,0.803981623277182,0.898773006134969,0.8328125,0.907435508345979,0.135384615384615,0.088,0,0.827639751552795,0.0893416927899686,0.0858034321372855,0.351309707241911,0,0.91271056661562,0.88821752265861,0.907435508345979,0.909797822706065,0.179080824088748,0.100154083204931,0,0,0.257911392405063,0.160377358490566,0.234108527131783,0,0.0883720930232558,0.897990726429675,0.0442073170731707,0.373015873015873,0.908242612752722,0.63302752293578,0.8796875,0.76416539050536,0.772113943028486,0,0.906666666666667,0.482919254658385,0.564742589703588,0.897897897897898,0.907715582450832,0.491551459293395,0.0060790273556231,0.944954128440367,0.93202416918429,0,0.904047976011994,0.108231707317073,0.919614147909968,0.480122324159021,0,0.00921658986175115,0.598694942903752,0.865625,0.0899390243902439,0.22626582278481,0.0108359133126935,0.00161550888529887,0.737388724035608,0.103286384976526,0.907617504051864,0.404870624048706,0.917557251908397,0.0915915915915916,0.441679626749611,0.393081761006289,0.855555555555556,0.18312101910828,0.0968229954614221,0.00154320987654321,0.130434782608696,0,0.91553544494721,0.0976377952755905,0.928358208955224,0.102040816326531,0.909952606635071,0,0.576119402985075,0.534883720930233,0.898278560250391,0,0.91566265060241,0,0.462025316455696,0.911411411411411,0,0.690909090909091,0.920807453416149,0.756134969325153,0.925396825396825,0.134146341463415,0,0.905572755417957,0.327014218009479,0,0.745426829268293,0.0870206489675516,0.107033639143731,0.914012738853503,0.912307692307692,0.908132530120482,0.896875,0.918622848200313,0,0.892261001517451,0.0196671709531014,0.428353658536585,0.374613003095975,0.911854103343465,0.896923076923077,0.906626506024096,0.910334346504559,0.0540123456790123,0.11402157164869,0.908945686900958,0.894656488549618,0.731818181818182,0.897553516819572,0.905053598774885,0.944099378881988,0,0,0.894029850746269,0,0.155487804878049,0,0.934883720930233,0.34181240063593,0.278125,0.203030303030303,0.863354037267081,0,0.189522342064715,0.90726429675425,0.912442396313364,0.712948517940718,0.495562130177515,0.290560471976401,0.258308157099698,0.666146645865835,0.0814132104454685,0.206471494607088,0.629457364341085,0.316358024691358,0.726027397260274,0.098310291858679,0,0.0872274143302181,0.393987341772152,0.906497622820919,0.65296803652968,0.30576070901034,0.672754946727549,0.856269113149847,0.893129770992366,0.927302100161551,0.904984423676013,0.923556942277691,0.910377358490566,0.605182926829268,0.499231950844854,0.9125,0.0945347119645495,0.095952023988006,0.85935085007728,0.010590015128593,0.912844036697248,0.883792048929664,0,0.205928237129485,0,0.900306748466258,0,0.911450381679389,0.905343511450382,0.0903522205206738,0.837209302325581,0.906727828746177,0.714953271028037,0.684698608964451,0.861963190184049,0,0,0.891760904684976,0.93205317577548,0.919575113808801,0,0,0.0973724884080371,0.30640243902439,0.532012195121951,0,0.531152647975078,0,0.882075471698113,0.906687402799378,0.235015772870662,0.322188449848024,0,0.4296875,0.630602782071097,0.827272727272727,0.945701357466063,0.807395993836672,0.0978260869565217,0.915064102564103,0.0216383307573416,0.903633491311216,0,0.929429429429429,0.00775193798449612,0.905362776025237,0.101088646967341,0.0657276995305164,0,0,0.831029185867896,0.863422291993721,0.900306748466258,0.694736842105263,0.113095238095238,0.105180533751962,0.810477657935285,0.804477611940299,0,0.101721439749609,0.890092879256966,0,0.89589905362776,0.936170212765957,0.140243902439024,0.0344287949921753,0.0839813374805599,0.909228441754917,0.515873015873016,0.152798789712557,0.189320388349515,0.197901049475262,0.725,0.181268882175227,0.90809968847352,0,0.764252696456086,0.894656488549618,0.00310077519379845,0,0.1,0,0.0921658986175115,0.905572755417957,0.727707006369427,0.096875,0.088646967340591,0.601255886970173,0.9171875,0.510077519379845,0.047112462006079,0.094551282051282,0.0569620253164557,0.0153609831029186,0,0.111455108359133,0.0945945945945946,0.0919003115264797,0.105828220858896,0.0863636363636364,0.0434108527131783,0.0519083969465649,0.0977099236641221,0.01875,0.00626959247648903,0.027906976744186,0.0212121212121212,0.0555555555555556,0.100308641975309,0.0200617283950617,0.0949367088607595,0.0976744186046512,0.037914691943128,0.096875,0.0227272727272727,0.100763358778626,0.117824773413897,0.0979228486646884,0.0945736434108527
"87",0.993720565149137,0.996870109546166,0.969418960244648,0.93730407523511,0.980707395498392,0.995238095238095,0.884437596302003,0.970266040688576,0.996965098634294,0,0.996884735202492,0,0.558282208588957,0.995268138801262,0.0445468509984639,0.0125786163522013,0,0.0171875,0.993640699523052,0.987616099071207,0.155624036979969,0.0388978930307942,0.987730061349693,0,0.957943925233645,0.259433962264151,0.110764430577223,0.982594936708861,0.452307692307692,0.681114551083591,0.00154320987654321,0.683969465648855,0.77373417721519,0.293023255813953,0,0.996894409937888,0.0186046511627907,0.989230769230769,0.24517087667162,0.894333843797856,0.00157232704402516,0.0182926829268293,0.00619195046439629,0.996865203761755,0.768115942028985,0.025,0.515772870662461,0.00317965023847377,0.460365853658537,0.13089802130898,0,0.990712074303406,0.271875,0.996884735202492,0.870458135860979,0.158982511923688,0,0.972624798711755,0.951219512195122,0.904173106646059,0.294656488549618,0.418461538461538,0.00318471337579618,0,0.906793048973144,0.827426810477658,0,0.987361769352291,0,0.00475435816164818,0.863849765258216,0.0124416796267496,0.0215716486902928,0.996941896024465,0,0.706686930091185,0.0492307692307692,0.577335375191424,0.8944,0.270226537216828,0,0.696923076923077,0.210287443267776,0.995433789954338,0.109567901234568,0.904907975460123,1,0.969135802469136,0.958461538461538,0.0122324159021407,0.992223950233281,0.996908809891808,0,0,0.969936708860759,0,0.289922480620155,0.9796875,0.0075187969924812,0.00943396226415094,0.606811145510836,0,0.272727272727273,0.99685534591195,0.105263157894737,0.998384491114701,0.0125984251968504,0.972307692307692,0.0047244094488189,0.0109717868338558,0.0108695652173913,0.896875,0.31832298136646,0.989079563182527,0,0.983024691358025,0.70398773006135,0,0.0031055900621118,0.231726283048211,0,0.76791277258567,0.243710691823899,0.0813397129186603,0.978527607361963,0.149460708782743,0.996927803379416,0.993700787401575,0,0.534562211981567,0.922360248447205,0.48811410459588,0.985668789808917,0,0.988958990536278,0.0257186081694402,0,0.210031347962382,0.632237871674491,0.518053375196232,0,0,0.9765625,0.763076923076923,0.168503937007874,0.995319812792512,0.009375,0.915644171779141,0.407348242811502,0.980213089802131,0.1264,0.984375,0.995290423861852,0.83206106870229,0.989263803680982,0.00322061191626409,0.995305164319249,0.00308166409861325,0,0.742902208201893,0.864457831325301,0.975232198142415,0.0214723926380368,0,0.996955859969559,0.451104100946372,0.995176848874598,0.995348837209302,0.996932515337423,0.287692307692308,0.974045801526718,0.00313971742543171,0.945288753799392,0.00455235204855842,0.889751552795031,0.368098159509202,0,0.978090766823161,0,0.850539291217257,0.996865203761755,0.115987460815047,0.98145285935085,0.956386292834891,0.989457831325301,0.971080669710807,0.0950155763239875,0.365413533834586,0.924315619967794,0.937402190923318,0.0556414219474498,0.00758725341426404,0.977671451355662,0.84399375975039,0,0,0.28169014084507,0.00154320987654321,0.996960486322188,0.245398773006135,0.864139020537125,0.751533742331288,0.986384266263237,0.426100628930818,0.430955993930197,0.288401253918495,0.917316692667707,0.961479198767334,0.875,0,0.885579937304075,0.173501577287066,0.948356807511737,0.00154798761609907,0.0615384615384615,0.536891679748823,0.975193798449612,0.975609756097561,0.8328125,0.995398773006135,0.8984375,0,0.0657276995305164,0.665648854961832,0.990521327014218,0,0.992307692307692,0.974045801526718,0.541666666666667,0.559561128526646,0.984496124031008,0.995253164556962,0.362654320987654,0,0.876712328767123,0.52276295133438,0.969936708860759,0.00473186119873817,0.960546282245827,0.995283018867924,0.996908809891808,0.959438377535101,0.513097072419106,0.00625978090766823,0.97007874015748,0.538694992412747,0.00455927051671732,0.00455927051671732,0.195583596214511,0.00158730158730159,0.146687697160883,0.658054711246201,0.00461538461538462,0.00765696784073507,0.00925925925925926,0.56969696969697,0.0414673046251994,0.987480438184664,0.0126582278481013,0.00311526479750779,0,0.220472440944882,0.996845425867508,0.973270440251572,0.898928024502297,0,0.862179487179487,0.851622874806801,0.684867394695788,0.599383667180277,0.448275862068966,0.451104100946372,0.0138036809815951,0.995290423861852,0.0906298003072197,0.686900958466454,0.957746478873239,0.0170015455950541,0.741324921135647,0.00460829493087558,0.114551083591331,0.995433789954338,0.995176848874598,0.875590551181102,0,0.626728110599078,0.875,0,0.00306748466257669,0.885844748858447,0.976303317535545,0,0.00611620795107034,0.00460829493087558,0.972886762360447,0.879746835443038,0.00478468899521531,0,0.37984496124031,0.9872,0.783206106870229,0.376360808709176,0.643879173290938,0.95619335347432,0.012326656394453,0.996937212863706,0.998461538461539,0.0126382306477093,0.969040247678019,0.998430141287284,0.963434022257552,0.995405819295559,0.179723502304147,0.318952234206472,0.278637770897833,0.971563981042654,0.935587761674718,0.053125,0.254237288135593,0.973561430793157,0.155660377358491,0.295625942684766,0.990712074303406,0.992138364779874,0.965678627145086,0.685303514376997,0.993893129770992,0.238473767885533,0.960183767228178,0.992138364779874,0,0.323574730354391,0.546031746031746,0.0156494522691706,0.0546021840873635,0.0121765601217656,0.908242612752722,0.029320987654321,0.0045662100456621,0,0.224489795918367,0.990536277602524,0.0689655172413793,0.983766233766234,0.967840735068913,0.982919254658385,0.273865414710485,0.269662921348315,0.672897196261682,0.454248366013072,0,0.823255813953488,0.0152671755725191,0.0417310664605873,0.187786259541985,0.995260663507109,0.00465116279069767,0,0.322137404580153,0.0155763239875389,0.0280373831775701,0.459119496855346,0.996850393700787,0.2672,0.99512987012987,0.962204724409449,0,0.986686390532544,0.00459418070444104,0.993948562783661,0.824806201550388,0.996779388083736,0.0157232704402516,0.970814132104455,0.0046801872074883,0.875394321766562,0.715210355987055,0.939393939393939,0.98468606431853,0.993779160186625,0.291666666666667,0.974763406940063,0.995398773006135,0.00302571860816944,0.0296875,0.995341614906832,0.996913580246914,0.31733746130031,0.878048780487805,0.956239870340357,0.951937984496124,0.995363214837713,0,0.111111111111111,0.998468606431853,0.00471698113207547,0,0.965189873417722,0.0110584518167457,0.0419906687402799,0.996913580246914,0.968847352024922,0.00480769230769231,0.616459627329193,0.415748031496063,0.977564102564103,0.00474683544303797,0.866666666666667,0.993660855784469,0.366929133858268,0.589861751152074,0.7888,0,0.153488372093023,0.972447325769854,0.996904024767802,0.447244094488189,0.996946564885496,0.968595041322314,0.0327613104524181,0.0015552099533437,0.980030721966206,0.992199687987519,0.947611710323575,0.686544342507645,0.00943396226415094,0.85243328100471,0.231007751937985,0.169871794871795,0.00623052959501558,0.617224880382775,0.599369085173502,0.608024691358025,0,0.27591706539075,0.904238618524333,0.649310872894334,0.514548238897397,0.0744047619047619,0,0,0.997014925373134,0.965098634294385,0,0.918335901386749,0.0108864696734059,0,0,0.995297805642633,0,0.996865203761755,0.765069551777434,0.515933232169954,0.996951219512195,0,0,0.990595611285266,0.960960960960961,0.722650231124807,0.00303951367781155,0.0016,0.864741641337386,0.575851393188854,0.996894409937888,0.53030303030303,0.334379905808477,0,0.976708074534162,0.00476190476190476,0.955555555555556,0.0913385826771654,0,0.0135338345864662,0.112852664576803,0.481540930979133,0.968895800933126,0,0.940366972477064,0.970496894409938,0.995348837209302,0,0.0625,0.924959216965742,0.00807754442649435,0.996960486322188,0.995426829268293,0.0108191653786708,0.996923076923077,0.28902627511592,0.804953560371517,0.0141287284144427,0.162974683544304,0.96411856474259,0.0110236220472441,0.00311526479750779,0.971471471471472,0.00809061488673139,0.664012738853503,0.402496099843994,0,0.113003095975232,0.72741935483871,0.25193199381762,0.969278033794163,0.0047244094488189,0.132218844984802,0.453507340946166,0.955792682926829,0.883233532934132,0.96875,0.751196172248804,0,0.983358547655068,0.00455927051671732,0.9578125,0.376582278481013,0.00458015267175573,0.99537750385208,0.995363214837713,0.996825396825397,0.630094043887147,0.98,0.119236883942766,0.173775671406003,0.941448382126348,0.863354037267081,0,0,0.988906497622821,0.932148626817447,0.0173501577287066,0.981132075471698,0.986089644513138,0.354489164086687,0.93217665615142,0.721698113207547,0.873111782477341,0,0.965299684542587,0.331775700934579,0.998466257668712,0.995290423861852,0,0.64031007751938,0.973101265822785,0.00470219435736677,0.68075117370892,0.378294573643411,0.799698795180723,0.689381933438986,0.960902255639098,0.0800604229607251,0.981042654028436,0.995305164319249,0.975077881619938,0.28892455858748,0.0889235569422777,0.986111111111111,0.995384615384615,0.00928792569659443,0.781538461538462,0.450769230769231,0.252713178294574,0.762269938650307,0.995245641838352,0.8798751950078,0.996884735202492,0.128637059724349,0.00483091787439614,0,0.822884012539185,0.00627943485086342,0.00311526479750779,0.269890795631825,0,0.9875,0.905864197530864,0.995327102803738,0.992307692307692,0.086286594761171,0.0046583850931677,0,0,0.169278996865204,0.0828125,0.153125,0,0,0.99537750385208,0.00770416024653313,0.290880503144654,0.995222929936306,0.583076923076923,0.968253968253968,0.654434250764526,0.623867069486405,0,0.995548961424332,0.378930817610063,0.488853503184713,0.914241960183767,0.986217457886677,0.387096774193548,0.0108864696734059,0.947286821705426,0.948640483383686,0,0.960902255639098,0.0184331797235023,0.985294117647059,0.429878048780488,0,0.00927357032457496,0.500807754442649,0.835680751173709,0.00311526479750779,0.12888198757764,0.0124610591900312,0.00157728706624606,0.740181268882175,0.0267716535433071,0.99510603588907,0.309707241910632,0.992295839753467,0.00303030303030303,0.383792048929664,0.313694267515924,0.858054226475279,0.0967741935483871,0.00764525993883792,0.00155038759689922,0.0430622009569378,0,0.990922844175492,0.0408163265306122,0.98030303030303,0.00949367088607595,0.995319812792512,0,0.511450381679389,0.452119309262166,0.996879875195008,0,0.998473282442748,0,0.393939393939394,0.984756097560976,0,0.63969465648855,0.977952755905512,0.744075829383886,0.948356807511737,0.0398162327718224,0,0.995356037151703,0.260663507109005,0,0.680555555555556,0.00302571860816944,0.0211480362537764,0.998412698412698,0.996825396825397,0.986342943854325,0.961300309597523,0.97588424437299,0,0.97339593114241,0.0228310502283105,0.350689127105666,0.281972265023112,0.987730061349693,0.98755832037325,0.989197530864197,0.993817619783617,0.0601851851851852,0.0173228346456693,0.980676328502415,0.955038759689922,0.718223583460949,0.97360248447205,0.996899224806202,0.973724884080371,0,0,0.975757575757576,0,0.0645645645645646,0,0.947368421052632,0.274603174603175,0.190095846645367,0.1201248049922,0.923317683881064,0,0.108895705521472,0.99537037037037,0.995384615384615,0.618012422360248,0.407952871870398,0.210995542347697,0.180597014925373,0.649842271293375,0.00310077519379845,0.118279569892473,0.525984251968504,0.253894080996885,0.706505295007564,0.0154559505409583,0,0.00474683544303797,0.317817014446228,0.995207667731629,0.612654320987654,0.219033232628399,0.62037037037037,0.868702290076336,0.981651376146789,0.959871589085072,0.982785602503912,0.998427672955975,0.996870109546166,0.548136645962733,0.409160305343511,0.993846153846154,0.00917431192660551,0.0104166666666667,0.866564417177914,0.0139103554868624,0.99537037037037,0.962848297213622,0,0.10828025477707,0,0.954330708661417,0,0.967642526964561,0.995348837209302,0.00920245398773006,0.842349304482226,0.996983408748115,0.645211930926217,0.612213740458015,0.863636363636364,0,0,0.936204146730462,0.943703703703704,0.987577639751553,0,0,0.00313971742543171,0.22782874617737,0.487538940809969,0,0.453271028037383,0,0.921850079744817,0.995356037151703,0.14951768488746,0.231354642313546,0,0.328173374613003,0.581504702194357,0.860248447204969,0.96319018404908,0.76791277258567,0.00464396284829721,0.984051036682616,0.0170807453416149,0.998407643312102,0,0.978658536585366,0.0077639751552795,0.995230524642289,0.0171875,0.00952380952380952,0,0,0.816614420062696,0.941176470588235,0.931087289433384,0.715596330275229,0.0226244343891403,0.00630914826498423,0.829721362229102,0.839150227617602,0,0.0188679245283019,0.967136150234742,0,0.97933227344992,0.955246913580247,0.0631741140215717,0.0447530864197531,0.00777604976671851,0.99537750385208,0.461661341853035,0.0724409448818898,0.092948717948718,0.120184899845917,0.695583596214511,0.0964777947932619,0.995319812792512,0,0.755980861244019,0.983206106870229,0.00315457413249211,0,0.00451807228915663,0,0.0046801872074883,0.995391705069124,0.724247226624406,0.00324149108589951,0.00469483568075117,0.534072900158479,0.953846153846154,0.421052631578947,0.0520673813169985,0.0063391442155309,0.0589171974522293,0.0202492211838006,0,0.0330708661417323,0.0105105105105105,0.0046583850931677,0.0138248847926267,0.00306748466257669,0.0536277602523659,0.0583717357910906,0.0182926829268293,0.0201863354037267,0.0048,0.024653312788906,0.0259938837920489,0.0597243491577335,0.0109034267912773,0.021671826625387,0.00478468899521531,0.00791139240506329,0.0503937007874016,0.00627943485086342,0.0244274809160305,0.00305810397553517,0.0370942812982998,0.00451807228915663,0.0062402496099844
"88",0.966929133858268,0.967391304347826,0.965891472868217,0.967084639498433,0.968203497615262,0.9712,0.8875,0.967542503863988,0.966767371601209,0,0.970496894409938,0,0.574766355140187,0.96969696969697,0.080370942812983,0.0390625,0,0.0139103554868624,0.968102073365231,0.96141975308642,0.180277349768875,0.0653907496012759,0.95968992248062,0,0.940092165898618,0.280185758513932,0.136712749615975,0.964516129032258,0.489984591679507,0.698907956318253,0.0320121951219512,0.716279069767442,0.779179810725552,0.310502283105023,0,0.966981132075472,0.0169491525423729,0.962790697674419,0.288059701492537,0.890743550834598,0.00154083204930663,0.0138888888888889,0.00459418070444104,0.967084639498433,0.789473684210526,0.0618066561014263,0.514195583596215,0.0282131661442006,0.495454545454545,0.149546827794562,0,0.964341085271318,0.297045101088647,0.965732087227414,0.879936808846761,0.198412698412698,0,0.943037974683544,0.950844854070661,0.910060975609756,0.320987654320988,0.45565749235474,0.0359375,0,0.885532591414944,0.828125,0,0.956521739130435,0,0.0343213728549142,0.844274809160305,0.0372093023255814,0.043956043956044,0.970992366412214,0,0.741301059001513,0.0706605222734255,0.600308641975309,0.910969793322735,0.285240464344942,0,0.746153846153846,0.231707317073171,0.970542635658915,0.131578947368421,0.924846625766871,0.969135802469136,1,0.947368421052632,0.00914634146341463,0.960753532182104,0.967987804878049,0,0,0.954041204437401,0,0.318252730109204,0.959438377535101,0.00613496932515337,0.00782472613458529,0.631987577639752,0,0.302325581395349,0.968602825745683,0.130168453292496,0.971107544141252,0.010989010989011,0.964506172839506,0.0356037151702786,0.0388802488335925,0.0412844036697248,0.898595943837754,0.359133126934985,0.965996908809892,0,0.973886328725038,0.724458204334365,0,0.034375,0.273010920436817,0,0.784037558685446,0.269230769230769,0.107424960505529,0.960365853658537,0.177293934681182,0.969742813918306,0.970679012345679,0,0.557427258805513,0.951638065522621,0.518167456556082,0.960629921259842,0,0.965189873417722,0.0512820512820513,0,0.235668789808917,0.62085308056872,0.54066985645933,0,0,0.963133640552995,0.783825816485226,0.192868719611021,0.971742543171115,0.0343213728549142,0.936923076923077,0.429022082018927,0.972685887708649,0.151658767772512,0.970588235294118,0.971830985915493,0.829984544049459,0.969040247678019,0.0296411856474259,0.972136222910217,0.0296411856474259,0,0.741324921135647,0.877272727272727,0.96030534351145,0.0522273425499232,0,0.970588235294118,0.461912479740681,0.971246006389776,0.966412213740458,0.969230769230769,0.303625377643505,0.964560862865948,0.0342679127725857,0.932126696832579,0.0314842578710645,0.897314375987362,0.399390243902439,0,0.954616588419405,0,0.8515625,0.972265023112481,0.165615141955836,0.966463414634146,0.936532507739938,0.963746223564955,0.950844854070661,0.136434108527132,0.393343419062027,0.920127795527157,0.985915492957746,0.0826833073322933,0.0416024653312789,0.9629057187017,0.849923430321593,0,0,0.325545171339564,0.00152905198776758,0.968181818181818,0.285496183206107,0.867716535433071,0.76793893129771,0.97239263803681,0.451104100946372,0.460587326120556,0.309262166405024,0.899068322981366,0.940438871473354,0.886821705426357,0,0.8678955453149,0.196141479099678,0.936507936507937,0.0283018867924528,0.102874432677761,0.55054432348367,0.95,0.95933734939759,0.835658914728682,0.969325153374233,0.889240506329114,0,0.0941358024691358,0.687116564417178,0.968553459119497,0,0.9629057187017,0.971168437025797,0.567398119122257,0.558869701726845,0.96417445482866,0.963949843260188,0.385579937304075,0,0.884322678843227,0.532915360501567,0.9728,0.0294573643410853,0.953242835595777,0.973684210526316,0.967441860465116,0.932496075353218,0.54531490015361,0.0329153605015674,0.97191887675507,0.541411042944785,0.0364188163884674,0.0289193302891933,0.230889235569423,0.0326594090202177,0.165876777251185,0.7,0.0296875,0.0353302611367127,0.0419906687402799,0.607196401799101,0.0674157303370786,0.962145110410095,0.00950871632329636,0.0310077519379845,0,0.240126382306477,0.971428571428571,0.959752321981424,0.893518518518518,0,0.882636655948553,0.853395061728395,0.712962962962963,0.608490566037736,0.452830188679245,0.468553459119497,0.0108024691358025,0.966929133858268,0.113178294573643,0.720516962843296,0.962204724409449,0.0396341463414634,0.754276827371695,0.0280373831775701,0.147919876733436,0.969512195121951,0.963549920760697,0.879173290937997,0,0.663109756097561,0.886792452830189,0,0.0305810397553517,0.887537993920973,0.970404984423676,0,0.0323076923076923,0.0198776758409786,0.963081861958267,0.895498392282958,0.0302547770700637,0,0.400611620795107,0.970266040688576,0.795763993948563,0.411402157164869,0.672926447574335,0.944700460829493,0.0390625,0.968277945619335,0.972222222222222,0.0360501567398119,0.970903522205207,0.97007874015748,0.949206349206349,0.97045101088647,0.217054263565891,0.329286798179059,0.307931570762053,0.966772151898734,0.914691943127962,0.0463678516228748,0.297770700636943,0.969278033794163,0.182380216383308,0.328808446455505,0.973926380368098,0.964285714285714,0.963302752293578,0.711111111111111,0.963358778625954,0.2828125,0.961656441717791,0.96998420221169,0,0.346504559270517,0.5625,0.0451010886469673,0.0490045941807044,0.0350609756097561,0.895136778115502,0.0612557427258806,0.0327613104524181,0,0.266563944530046,0.9703125,0.0920245398773006,0.967793880837359,0.968992248062015,0.968203497615262,0.30173775671406,0.307324840764331,0.683720930232558,0.475040257648953,0,0.842105263157895,0.0441400304414003,0.0702290076335878,0.21969696969697,0.966824644549763,0.032967032967033,0,0.337442218798151,0.0382848392036753,0.0529595015576324,0.482170542635659,0.966929133858268,0.307814992025518,0.967373572593801,0.940902021772939,0,0.977645305514158,0.0258751902587519,0.966616084977238,0.84472049689441,0.974522292993631,0.0389408099688473,0.95475113122172,0.0279503105590062,0.856920684292379,0.728867623604466,0.922018348623853,0.964992389649924,0.963949843260188,0.310030395136778,0.9421875,0.963358778625954,0.028657616892911,0.0495356037151703,0.970219435736677,0.96551724137931,0.347826086956522,0.862654320987654,0.95389507154213,0.955993930197269,0.967692307692308,0,0.14171974522293,0.96411856474259,0.0300632911392405,0,0.967136150234742,0.00950871632329636,0.0789889415481833,0.968468468468468,0.967340590979782,0.00316455696202532,0.640625,0.452418096723869,0.963893249607535,0.0222575516693164,0.861370716510903,0.971742543171115,0.397496087636933,0.622699386503067,0.813186813186813,0,0.175738724727838,0.973228346456693,0.96551724137931,0.474097331240188,0.970358814352574,0.936482084690554,0.0617283950617284,0,0.961360123647604,0.967289719626168,0.980091883614089,0.709531013615734,0.0403726708074534,0.871317829457364,0.268104776579353,0.202341137123746,0.00469483568075117,0.627358490566038,0.614420062695925,0.645412130637636,0,0.311111111111111,0.915254237288136,0.654434250764526,0.538699690402477,0.108761329305136,0,0,0.970717423133236,0.949848024316109,0,0.915094339622642,0.00789889415481832,0,0,0.971786833855799,0,0.97275641025641,0.777434312210201,0.550989345509893,0.969465648854962,0,0,0.960567823343849,0.951293759512938,0.742813918305598,0.0319148936170213,0.00158478605388273,0.868381240544629,0.621004566210046,0.970633693972179,0.548387096774194,0.360062893081761,0,0.967238689547582,0.0319488817891374,0.957210776545166,0.120443740095087,0,0.0409711684370258,0.140378548895899,0.512987012987013,0.955315870570108,0,0.959090909090909,0.956386292834891,0.967987804878049,0,0.105678233438486,0.918166939443535,0.0344827586206897,0.966360856269113,0.969742813918306,0.035548686244204,0.971830985915493,0.318952234206472,0.803738317757009,0.0419906687402799,0.188498402555911,0.95679012345679,0.00925925925925926,0.0329153605015674,0.964506172839506,0.0418006430868167,0.678740157480315,0.416139240506329,0,0.134969325153374,0.75,0.28149300155521,0.954545454545455,0.0344287949921753,0.170992366412214,0.479541734860884,0.939393939393939,0.896396396396396,0.941538461538462,0.765451664025357,0,0.949308755760369,0.0323076923076923,0.936335403726708,0.420634920634921,0.0317220543806647,0.969788519637462,0.972006220839813,0.966929133858268,0.62888198757764,0.96793893129771,0.145800316957211,0.215625,0.934169278996865,0.878125,0,0,0.965354330708661,0.920684292379471,0.0457413249211356,0.959311424100156,0.966360856269113,0.386292834890966,0.933014354066986,0.733333333333333,0.870030581039755,0,0.948757763975155,0.351181102362205,0.973186119873817,0.970219435736677,0,0.652037617554859,0.962441314553991,0.0299684542586751,0.7024,0.404615384615385,0.794294294294294,0.7109375,0.934032983508246,0.106060606060606,0.963665086887836,0.964451313755796,0.969183359013868,0.319488817891374,0.118012422360248,0.967889908256881,0.969512195121951,0.00765696784073507,0.788018433179724,0.494607087827427,0.286153846153846,0.789473684210526,0.965299684542587,0.859872611464968,0.96594427244582,0.13914373088685,0.0323624595469256,0,0.826893353941267,0.0280373831775701,0.0294117647058824,0.298921417565485,0,0.972222222222222,0.924846625766871,0.969418960244648,0.973805855161787,0.113207547169811,0.0317965023847377,0,0,0.19751166407465,0.100787401574803,0.192604006163328,0,0.0279503105590062,0.964506172839506,0.0232558139534884,0.308661417322835,0.967032967032967,0.604037267080745,0.941640378548896,0.67427701674277,0.66012084592145,0,0.967310549777117,0.41390205371248,0.52276295133438,0.910606060606061,0.969834087481146,0.410575427682737,0.00618238021638331,0.953198127925117,0.950075642965204,0,0.950920245398773,0.048062015503876,1,0.451010886469673,0,0.0078003120124805,0.548543689320388,0.85511811023622,0.0341085271317829,0.166666666666667,0.00918836140888208,0.00158730158730159,0.750373692077728,0.0518053375196232,0.969205834683955,0.348484848484849,0.969650986342944,0.0325077399380805,0.393846153846154,0.355799373040752,0.876602564102564,0.125200642054575,0.035548686244204,0.00154083204930663,0.0680379746835443,0,0.969512195121951,0.0588235294117647,0.975975975975976,0.0331230283911672,0.9744,0,0.529141104294479,0.485086342229199,0.966153846153846,0,0.972644376899696,0,0.416275430359937,0.971080669710807,0,0.669195751138088,0.964285714285714,0.729133858267716,0.945945945945946,0.0638297872340425,0,0.96513470681458,0.288188976377953,0,0.7171875,0.0313432835820895,0.0447530864197531,0.971291866028708,0.968553459119497,0.970948012232416,0.953271028037383,0.959311424100156,0,0.948194662480377,0.0197268588770865,0.362095531587057,0.312111801242236,0.967592592592593,0.96319018404908,0.963020030816641,0.964939024390244,0.0525502318392581,0.0485133020344288,0.966237942122186,0.962732919254658,0.732415902140673,0.94969512195122,0.969325153374233,0.967840735068913,0,0,0.953592814371258,0,0.0868217054263566,0,0.95,0.30016051364366,0.244444444444444,0.142194744976816,0.906976744186046,0,0.134259259259259,0.9629057187017,0.972307692307692,0.667185069984448,0.428358208955224,0.236336779911374,0.203313253012048,0.65251572327044,0.0307692307692308,0.158385093167702,0.565687789799073,0.292259083728278,0.712328767123288,0.031055900621118,0,0.0327102803738318,0.336507936507937,0.966346153846154,0.633281972265023,0.248875562218891,0.64031007751938,0.88208269525268,0.956259426847662,0.954983922829582,0.953968253968254,0.97275641025641,0.971428571428571,0.5671875,0.430340557275542,0.969088098918083,0.029940119760479,0.0379362670713202,0.882534775888717,0.0122137404580153,0.96390977443609,0.938931297709924,0,0.143081761006289,0,0.949843260188088,0,0.958268933539413,0.972049689440994,0.0348484848484849,0.83179012345679,0.967840735068913,0.674603174603175,0.642301710730949,0.870514820592824,0,0,0.922829581993569,0.93841642228739,0.972560975609756,0,0,0.0267295597484277,0.270229007633588,0.516975308641975,0,0.469767441860465,0,0.92259083728278,0.966929133858268,0.187106918238994,0.259938837920489,0,0.357366771159875,0.615748031496063,0.841860465116279,0.961715160796325,0.796296296296296,0.0309597523219814,0.971518987341772,0.0155763239875389,0.966346153846154,0,0.974045801526718,0.00619195046439629,0.966453674121406,0.0483619344773791,0.0300157977883096,0,0,0.835384615384615,0.913657770800628,0.930930930930931,0.707762557077626,0.054380664652568,0.035031847133758,0.828746177370031,0.822995461422088,0,0.0417310664605873,0.94679186228482,0,0.955271565495208,0.960061443932412,0.0872274143302181,0.0353302611367127,0.0278637770897833,0.967987804878049,0.479233226837061,0.0956112852664577,0.125984251968504,0.145061728395062,0.720190779014308,0.114803625377644,0.965785381026439,0,0.766457680250784,0.949152542372881,0.00316455696202532,0,0.0312965722801788,0,0.0339506172839506,0.968944099378882,0.714748784440843,0.0317460317460317,0.031496062992126,0.556259904912837,0.951334379905808,0.454263565891473,0.0485584218512898,0.0288461538461538,0.0535433070866142,0.0198776758409786,0,0.0543478260869565,0.0377643504531722,0.0296411856474259,0.0479134466769706,0.0259938837920489,0.0485133020344288,0.050381679389313,0.0400616332819723,0.0217054263565891,0.00630914826498423,0.0296875,0.0260336906584992,0.055379746835443,0.0404354587869362,0.0216049382716049,0.0251177394034537,0.0312989045383412,0.041335453100159,0.0287081339712919,0.0259938837920489,0.0339506172839506,0.0702028081123245,0.0328849028400598,0.0338983050847458
"89",0.970496894409938,0.96141975308642,0.944272445820433,0.919047619047619,0.963434022257552,0.965463108320251,0.875583203732504,0.9515625,0.967987804878049,0.00159489633173844,0.970858895705521,0.0046875,0.578947368421053,0.961965134706815,0.0822981366459627,0.0339506172839506,0.00152671755725191,0.0188383045525903,0.959677419354839,0.944272445820433,0.182945736434109,0.0580847723704867,0.961832061068702,0.00467289719626168,0.930662557781202,0.289308176100629,0.132307692307692,0.984152139461173,0.482442748091603,0.686453576864536,0.0321100917431193,0.682515337423313,0.763322884012539,0.309968847352025,0.00460122699386503,0.965625,0.0229709035222052,0.963470319634703,0.263473053892216,0.884792626728111,0.0046801872074883,0.0170807453416149,0.0106707317073171,0.968701095461659,0.781645569620253,0.0496124031007752,0.524767801857585,0.029595015576324,0.476190476190476,0.156060606060606,0.00461538461538462,0.964831804281346,0.291472868217054,0.965678627145086,0.85423197492163,0.182677165354331,0.00320512820512821,0.946540880503145,0.930232558139535,0.882352941176471,0.316436251920123,0.451313755795981,0.0284810126582278,0.00478468899521531,0.88,0.823348694316436,0.00310077519379845,0.957746478873239,0.00451127819548872,0.0294573643410853,0.846625766871166,0.0404984423676012,0.046875,0.963525835866261,0.00308166409861325,0.710166919575114,0.0790273556231003,0.570769230769231,0.880763116057234,0.29016393442623,0.00469483568075117,0.713850837138508,0.224550898203593,0.966463414634146,0.130568356374808,0.894817073170732,0.958461538461538,0.947368421052632,1,0.015220700152207,0.959438377535101,0.965891472868217,0.00312989045383412,0.00308641975308642,0.943573667711599,0.00308166409861325,0.308892355694228,0.955384615384615,0.00910470409711684,0.00927357032457496,0.607361963190184,0.00465116279069767,0.291277258566978,0.968404423380727,0.123123123123123,0.96984126984127,0.0109546165884194,0.954758190327613,0.0293663060278207,0.0373831775700935,0.0370942812982998,0.879499217527387,0.356143079315708,0.967542503863988,0.00316957210776545,0.961479198767334,0.71583850931677,0.00153374233128834,0.029320987654321,0.259259259259259,0.00303951367781155,0.763157894736842,0.270769230769231,0.109697933227345,0.953703703703704,0.170245398773006,0.96390977443609,0.971875,0.00314465408805031,0.555209953343701,0.922239502332815,0.49211356466877,0.96998420221169,0.00460829493087558,0.963779527559055,0.0491803278688525,0.00465116279069767,0.233070866141732,0.653481012658228,0.517684887459807,0.00315457413249211,0.00475435816164818,0.959814528593508,0.752704791344668,0.170111287758347,0.968652037617555,0.0344287949921753,0.913928012519562,0.425196850393701,0.953030303030303,0.169036334913112,0.957746478873239,0.966772151898734,0.821263482280431,0.966101694915254,0.028436018957346,0.962962962962963,0.0267295597484277,0.00463678516228748,0.742496050552923,0.857791225416036,0.952012383900929,0.044478527607362,0.00153374233128834,0.964992389649924,0.478740157480315,0.966772151898734,0.961479198767334,0.969278033794163,0.303951367781155,0.957186544342508,0.0296411856474259,0.92412746585736,0.0285714285714286,0.8765625,0.400616332819723,0.0031055900621118,0.950310559006211,0.00464396284829721,0.820987654320988,0.967391304347826,0.14375,0.955453149001536,0.934681181959565,0.956521739130435,0.942989214175655,0.11937984496124,0.401206636500754,0.917316692667707,0.928237129485179,0.0807453416149068,0.0352220520673813,0.960629921259842,0.834101382488479,0.00455927051671732,0.0046656298600311,0.312111801242236,0.00465116279069767,0.974085365853659,0.284839203675345,0.858954041204437,0.742770167427702,0.968181818181818,0.443410852713178,0.444613050075873,0.298578199052133,0.897832817337461,0.932203389830508,0.862951807228916,0.00156985871271586,0.874613003095975,0.196485623003195,0.925117004680187,0.0296875,0.0977443609022556,0.550077041602465,0.949230769230769,0.953917050691244,0.823802163833076,0.967592592592593,0.868217054263566,0.0031104199066874,0.105022831050228,0.664133738601824,0.96417445482866,0.00307692307692308,0.95738203957382,0.956060606060606,0.549923195084485,0.561728395061728,0.961300309597523,0.966453674121406,0.373065015479876,0.004739336492891,0.869300911854103,0.529874213836478,0.950871632329635,0.0340557275541796,0.934150076569678,0.963893249607535,0.967441860465116,0.920560747663551,0.545454545454545,0.0315955766192733,0.955108359133127,0.560185185185185,0.0343283582089552,0.0237741456166419,0.237795275590551,0.0233281493001555,0.17007874015748,0.656534954407295,0.0294573643410853,0.0341085271317829,0.0353846153846154,0.59236641221374,0.0680379746835443,0.958990536277603,0.0128410914927769,0.0313479623824451,0.00463678516228748,0.235109717868339,0.9712,0.961240310077519,0.893518518518518,0.00302571860816944,0.851851851851852,0.835384615384615,0.690402476780186,0.604361370716511,0.472049689440994,0.446540880503145,0.0138036809815951,0.970358814352574,0.123244929797192,0.703049759229534,0.938871473354232,0.0400616332819723,0.738170347003155,0.029874213836478,0.1515625,0.962178517397882,0.969648562300319,0.858490566037736,0.0029940119760479,0.63013698630137,0.867716535433071,0.00459418070444104,0.0321100917431193,0.868381240544629,0.961300309597523,0.00306748466257669,0.0321592649310873,0.0278207109737249,0.959564541213064,0.874801901743265,0.0318979266347687,0.0047244094488189,0.391575663026521,0.96656050955414,0.760670731707317,0.405909797822706,0.660377358490566,0.946401225114854,0.0417310664605873,0.963963963963964,0.970858895705521,0.0343213728549142,0.942546583850932,0.96875,0.953674121405751,0.967289719626168,0.205564142194745,0.332312404287902,0.297339593114241,0.95253164556962,0.906902086677368,0.0531914893617021,0.283018867924528,0.947122861586314,0.183925811437403,0.317293233082707,0.969278033794163,0.969135802469136,0.950920245398773,0.684044233807267,0.965256797583082,0.273155416012559,0.944869831546707,0.963836477987421,0.004739336492891,0.348837209302326,0.547318611987382,0.0447530864197531,0.0537634408602151,0.0319148936170213,0.880184331797235,0.0570987654320988,0.027906976744186,0.00455235204855842,0.250778816199377,0.968503937007874,0.0892307692307692,0.962662337662338,0.948517940717629,0.9629057187017,0.304278922345483,0.30379746835443,0.660990712074303,0.470209339774557,0.00457317073170732,0.804381846635368,0.0395738203957382,0.0656488549618321,0.219135802469136,0.974882260596546,0.0262751159196291,0.00306748466257669,0.354294478527607,0.0383435582822086,0.0512422360248447,0.481012658227848,0.967592592592593,0.295345104333868,0.966183574879227,0.940532081377152,0.00151975683890578,0.965976331360947,0.0259541984732824,0.966463414634146,0.809815950920245,0.974317817014446,0.0327102803738318,0.950920245398773,0.0233281493001555,0.854714064914992,0.716300940438871,0.918960244648318,0.964230171073095,0.96411856474259,0.302507836990596,0.9328125,0.966153846153846,0.0256410256410256,0.0533751962323391,0.969936708860759,0.964831804281346,0.346153846153846,0.853881278538813,0.948553054662379,0.937019969278034,0.964831804281346,0.0015600624024961,0.1359375,0.965996908809892,0.028125,0.00159744408945687,0.94375,0.0125984251968504,0.0675039246467818,0.966309341500766,0.940438871473354,0.00627943485086342,0.62111801242236,0.4515625,0.959055118110236,0.0256,0.847244094488189,0.964630225080386,0.397781299524564,0.608294930875576,0.782608695652174,0.0046656298600311,0.186153846153846,0.954616588419405,0.9703125,0.471406491499227,0.969183359013868,0.946341463414634,0.0514820592823713,0.00460829493087558,0.964615384615385,0.967441860465116,0.935837245696401,0.672281776416539,0.0379746835443038,0.85179407176287,0.266666666666667,0.188925081433225,0.00914634146341463,0.609302325581395,0.606531881804043,0.602484472049689,0.00307692307692308,0.303599374021909,0.897959183673469,0.626153846153846,0.520673813169985,0.105740181268882,0.00307219662058372,0.0030441400304414,0.970238095238095,0.951807228915663,0.00462249614791988,0.896713615023474,0.00940438871473354,0.00452488687782805,0.00486223662884927,0.96551724137931,0.0046583850931677,0.96969696969697,0.765069551777434,0.531914893617021,0.964777947932619,0.00314465408805031,0.003125,0.961538461538462,0.931547619047619,0.730061349693252,0.0303490136570561,0.00625978090766823,0.85,0.590417310664606,0.973561430793157,0.548780487804878,0.360374414976599,0.0046656298600311,0.951788491446345,0.0286168521462639,0.937007874015748,0.126182965299685,0.00302114803625378,0.0396341463414634,0.124409448818898,0.492845786963434,0.96594427244582,0.00306278713629403,0.934749620637329,0.952307692307692,0.965098634294385,0.00154798761609907,0.100313479623824,0.914473684210526,0.0290791599353796,0.964885496183206,0.970992366412214,0.0308166409861325,0.969278033794163,0.306870229007634,0.799377916018662,0.0403100775193798,0.186728395061728,0.935736677115988,0.0142405063291139,0.0326594090202177,0.955521472392638,0.0314465408805031,0.648264984227129,0.400621118012422,0.00459418070444104,0.131868131868132,0.736507936507937,0.274539877300614,0.962121212121212,0.029320987654321,0.183076923076923,0.462540716612378,0.927492447129909,0.868827160493827,0.934272300469484,0.736593059936908,0.00476190476190476,0.954614220877458,0.0261136712749616,0.936335403726708,0.39047619047619,0.0316742081447964,0.963358778625954,0.968553459119497,0.969088098918083,0.647798742138365,0.957251908396947,0.162790697674419,0.206842923794712,0.924031007751938,0.860681114551084,0.00447093889716841,0.00316957210776545,0.978227060653188,0.921725239616613,0.0443740095087163,0.9568,0.963302752293578,0.370992366412214,0.901430842607313,0.735340729001585,0.864406779661017,0.00302114803625378,0.937106918238994,0.33175355450237,0.975232198142415,0.967238689547582,0.003003003003003,0.6515625,0.94896331738437,0.0232558139534884,0.675507020280811,0.402777777777778,0.782222222222222,0.701112877583466,0.923192771084337,0.112781954887218,0.950558213716108,0.970542635658915,0.955589586523737,0.309636650868878,0.106583072100313,0.961479198767334,0.972265023112481,0.00925925925925926,0.779969650986343,0.455521472392638,0.276827371695179,0.756630265210608,0.962732919254658,0.857589984350548,0.976887519260401,0.133738601823708,0.0292682926829268,0.00457317073170732,0.812403100775194,0.0299684542586751,0.0275229357798165,0.297805642633229,0.0031201248049922,0.967391304347826,0.895061728395062,0.964451313755796,0.97045101088647,0.12,0.0326594090202177,0.00300751879699248,0.00306278713629403,0.185897435897436,0.105590062111801,0.188180404354588,0.0031055900621118,0.0216383307573416,0.964285714285714,0.0229709035222052,0.306729264475743,0.963665086887836,0.583333333333333,0.937791601866252,0.674311926605505,0.639269406392694,0.00459418070444104,0.964071856287425,0.393700787401575,0.506269592476489,0.903759398496241,0.960665658093797,0.419254658385093,0.0139318885448916,0.942457231726283,0.939301972685888,0.00311526479750779,1,0.043343653250774,0.962722852512156,0.428571428571429,0.0031496062992126,0.0107197549770291,0.517857142857143,0.828616352201258,0.027190332326284,0.144859813084112,0.0139103554868624,0.00476947535771065,0.735029940119761,0.0523809523809524,0.969453376205788,0.341463414634146,0.963581183611533,0.0242057488653555,0.393241167434716,0.343799058084772,0.860576923076923,0.114147909967846,0.0353846153846154,0.00623052959501558,0.0628930817610063,0.00309597523219814,0.965361445783133,0.0583596214511041,0.956127080181543,0.0303514376996805,0.964912280701754,0.00453857791225416,0.519578313253012,0.473270440251572,0.96583850931677,0.00158730158730159,0.969879518072289,0.00314465408805031,0.410543130990415,0.963302752293578,0.00461538461538462,0.637770897832817,0.948598130841122,0.757097791798107,0.934272300469484,0.0652503793626707,0.0046583850931677,0.964230171073095,0.272583201267829,0.00448430493273543,0.686244204018547,0.0284431137724551,0.0444104134762634,0.965079365079365,0.968652037617555,0.978461538461538,1,0.998430141287284,0.00464396284829721,0.942367601246106,0.0235849056603774,0.352220520673813,0.310344827586207,0.964831804281346,0.957746478873239,0.967840735068913,0.966309341500766,0.0402476780185759,0.0436817472698908,0.957996768982229,0.932203389830508,0.701834862385321,0.955108359133127,0.967889908256881,0.953917050691244,0.00152439024390244,0.00453172205438067,0.953242835595777,0.00454545454545455,0.0865533230293663,0.0047244094488189,0.939907550077042,0.292332268370607,0.236507936507937,0.145482388973966,0.9,0.00155763239875389,0.12788906009245,0.962732919254658,0.972434915773354,0.644961240310078,0.428358208955224,0.222388059701493,0.197869101978691,0.668224299065421,0.0337941628264209,0.146189735614308,0.541341653666147,0.272445820433437,0.698924731182796,0.0356037151702786,0.00312989045383412,0.0317460317460317,0.327014218009479,0.968304278922345,0.614551083591331,0.247041420118343,0.614906832298137,0.853658536585366,0.957511380880121,0.942583732057416,0.952153110047847,0.969936708860759,0.965678627145086,0.543913713405239,0.436251920122888,0.967542503863988,0.0314842578710645,0.0424242424242424,0.857589984350548,0.0152439024390244,0.97125567322239,0.942989214175655,0.00315955766192733,0.128410914927769,0.00465116279069767,0.930489731437599,0.0031496062992126,0.957186544342508,0.967492260061919,0.0337941628264209,0.81832298136646,0.969183359013868,0.650621118012422,0.611532625189681,0.853312302839117,0.00308641975308642,0.00309119010819165,0.907467532467532,0.916790490341753,0.961479198767334,0.00305343511450382,0.00457317073170732,0.0304487179487179,0.262121212121212,0.499231950844854,0.00462249614791988,0.454545454545455,0.00308166409861325,0.912698412698413,0.970031545741325,0.175632911392405,0.25609756097561,0.00453857791225416,0.351735015772871,0.60625,0.835913312693498,0.942161339421613,0.758513931888545,0.0279937791601866,0.963258785942492,0.0202808112324493,0.971875,0.00314465408805031,0.962235649546828,0.00762195121951219,0.968602825745683,0.0358814352574103,0.0253164556962025,0.00308166409861325,0.004739336492891,0.815336463223787,0.902912621359223,0.91324200913242,0.704160246533128,0.0546282245827011,0.0393700787401575,0.822981366459627,0.898484848484848,0.00314465408805031,0.0460122699386503,0.94811320754717,0.00303030303030303,0.949764521193093,0.932824427480916,0.100609756097561,0.0405616224648986,0.0266875981161695,0.961832061068702,0.487460815047022,0.0995260663507109,0.130990415335463,0.13302752293578,0.689381933438986,0.115326251896813,0.962790697674419,0.00459418070444104,0.760765550239234,0.949230769230769,0.00617283950617284,0.00470219435736677,0.028023598820059,0.0046875,0.0280373831775701,0.970814132104455,0.718196457326892,0.0317965023847377,0.0328638497652582,0.542264752791069,0.9328125,0.447900466562986,0.0535987748851455,0.0299684542586751,0.0588235294117647,0.0198776758409786,0.0046875,0.0482866043613707,0.0349544072948328,0.0250783699059561,0.0398773006134969,0.024132730015083,0.0550314465408805,0.06,0.0401854714064915,0.0231481481481481,0.00788643533123028,0.0305810397553517,0.0261136712749616,0.0625,0.0368663594470046,0.0245775729646697,0.0288,0.0280373831775701,0.0438871473354232,0.0328125,0.0259938837920489,0.0291411042944785,0.0605590062111801,0.0254110612855007,0.031055900621118
"90",0.0125391849529781,0.010752688172043,0.0121765601217656,0.00632911392405063,0.010989010989011,0.0125786163522013,0.0280373831775701,0.00914634146341463,0.0137614678899083,0.987281399046105,0.00923076923076923,0.99075500770416,0.00152671755725191,0.00928792569659443,0,0,0.986646884272997,0.98468606431853,0.0110236220472441,0.0107197549770291,0,0,0.0075642965204236,0.989247311827957,0.00906344410876133,0.00153374233128834,0,0.0154559505409583,0,0.00152439024390244,0,0.00462962962962963,0.0046656298600311,0,0.987711213517665,0.0123839009287926,0.978723404255319,0.013677811550152,0,0.0120845921450151,0.99079754601227,0.986342943854325,0.998484848484849,0.0078003120124805,0.00473186119873817,0,0.00309119010819165,0,0.0029806259314456,0,0.987841945288754,0.0108359133126935,0,0.010752688172043,0.0265210608424337,0,0.987240829346092,0.0108527131782946,0.0152905198776758,0.00455235204855842,0.00304878048780488,0,0,0.987519500780031,0.0077639751552795,0.00909090909090909,0.987767584097859,0.0108527131782946,0.987635239567233,0,0.00911854103343465,0,0,0.00904977375565611,0.989425981873112,0.00453857791225416,0,0.00454545454545455,0.0093603744149766,0,0.987519500780031,0.00303490136570561,0.0014903129657228,0.00910470409711684,0,0.00900900900900901,0.0122324159021407,0.00914634146341463,0.015220700152207,1,0.0107858243451464,0.0121396054628225,0.990726429675425,0.99075500770416,0.00778816199376947,0.987767584097859,0.0211161387631976,0.0106221547799697,0.990990990990991,0.993808049535604,0.0137825421133231,0.98936170212766,0,0.00938967136150235,0,0.010989010989011,1,0.0151975683890578,0,0,0,0.0261538461538462,0,0.0123076923076923,0.990697674418605,0.0122137404580153,0.00148809523809524,0.989441930618401,0,0.00153374233128834,0.989457831325301,0.00618238021638331,0,0,0.0106707317073171,0.00150829562594268,0.00898203592814371,0.00914634146341463,0.987596899224806,0.0106707317073171,0.00768049155145929,0.00313971742543171,0.00952380952380952,0.990783410138249,0.0108864696734059,0,0.987841945288754,0,0,0.0110584518167457,0.988958990536278,0.993710691823899,0.0108864696734059,0.00459418070444104,0.0015527950310559,0.00924499229583975,0,0.00611620795107034,0,0.0104011887072808,0,0.0107033639143731,0.0108864696734059,0.00604229607250755,0.00914634146341463,0,0.0137825421133231,0,0.987951807228916,0.00775193798449612,0.015015015015015,0.00613496932515337,0,0.987897125567322,0.0105421686746988,0.0031201248049922,0.0125391849529781,0.0107033639143731,0.00909090909090909,0.0029940119760479,0.0106870229007634,0,0.0136986301369863,0,0.0124223602484472,0,0.990595611285266,0.0106707317073171,0.990825688073395,0.00306748466257669,0.0138036809815951,0.00158227848101266,0.00911854103343465,0.00916030534351145,0.00887573964497041,0.0106382978723404,0,0,0.00628930817610063,0.0078125,0,0,0.0109034267912773,0.0336906584992343,0.989583333333333,0.989230769230769,0,0.987692307692308,0.0119760479041916,0,0.0186915887850467,0.00151745068285281,0.0120663650075415,0,0.00152439024390244,0.00154320987654321,0.00924499229583975,0.0123076923076923,0.00895522388059702,0.98937784522003,0.00909090909090909,0,0.00775193798449612,0,0,0.00771604938271605,0.0124223602484472,0.0120845921450151,0.00612557427258806,0.0122887864823349,0.00921658986175115,0.98780487804878,0,0.00151515151515152,0.010989010989011,0.988059701492537,0.0106707317073171,0.0105105105105105,0.0108024691358025,0.00305343511450382,0.0139751552795031,0.0109034267912773,0.0200617283950617,0.987519500780031,0.0239520958083832,0,0.00783699059561128,0,0.00909090909090909,0.0138888888888889,0.0107361963190184,0.00766871165644172,0.003003003003003,0,0.00763358778625954,0.00301659125188537,0,0,0,0,0,0.00300751879699248,0,0,0,0.00295420974889217,0,0.00772797527047913,1,0,0.989312977099237,0.00464396284829721,0.00930232558139535,0.00606060606060606,0.00768049155145929,0.990853658536585,0.00784929356357928,0.0121951219512195,0.00303490136570561,0,0.00153846153846154,0.00309119010819165,1,0.0109034267912773,0,0.00315955766192733,0.00766871165644172,0,0.0015220700152207,0,0,0.00899550224887556,0.0126582278481013,0.0264797507788162,0.986547085201794,0.00151515151515152,0.0310077519379845,0.987692307692308,0,0.0286144578313253,0.0125,0.986363636363636,0,0,0.0109204368174727,0.00625,0,0.990610328638498,0.0199081163859112,0.0122511485451761,0.00451807228915663,0.00151975683890578,0.0015552099533437,0.00910470409711684,0,0.0105580693815988,0.0122511485451761,0,0.00923076923076923,0.00757575757575758,0.00943396226415094,0.00904977375565611,0,0.00150375939849624,0,0.0109546165884194,0.00794912559618442,0.95738203957382,0.0015600624024961,0.0107361963190184,0.00153139356814701,0.00291545189504373,0.010590015128593,0.0141065830721003,0.00923076923076923,0,0.0119940029985007,0.0015625,0.0106060606060606,0.00927357032457496,0.989280245022971,0.00150375939849624,0.0126984126984127,0,0.956325301204819,0,0.00612557427258806,0,0,0.988077496274218,0.0015552099533437,0.0124804992199688,0,0.00955414012738853,0.00927357032457496,0.0106707317073171,0,0,0.00309597523219814,0,0.987897125567322,0.00609756097560976,0,0,0,0.0124223602484472,0,0.987767584097859,0.00153139356814701,0,0,0.00618238021638331,0.013953488372093,0,0.0110935023771791,0.0108695652173913,0.987933634992459,0.00736377025036819,0,0.0134730538922156,0.0045662100456621,0.0128,0,0.00744047619047619,0,0.0123647604327666,0.00314465408805031,0.00904977375565611,0.0123647604327666,0.0139318885448916,0,0.0123839009287926,0.0136157337367625,0,0,0.0109717868338558,0.00606980273141123,0,0.0122324159021407,0.0127186009538951,0.00755287009063444,0.0136986301369863,0.989079563182527,0,0.0137825421133231,0,0.990654205607477,0.00771604938271605,0.998425196850394,0,0.0105105105105105,0.0093603744149766,0.998447204968944,0.0139751552795031,0.00308641975308642,0.0141732283464567,0,0.0062111801242236,0.0095389507154213,0,0,0.00307692307692308,0.990683229813665,0,0.0093603744149766,0.00921658986175115,0.00154798761609907,0.0134730538922156,0.0144230769230769,0,0.989247311827957,0.0121580547112462,0.0107361963190184,0.00313479623824451,0.00307219662058372,0,0.0138674884437596,0.00152439024390244,0.0161812297734628,0.996969696969697,0.00312989045383412,0.00308641975308642,0.00303951367781155,0.990922844175492,0,0.0123076923076923,0.00454545454545455,0,0,0.990881458966565,0.989520958083832,0.0103397341211226,0.00892857142857143,0.987915407854985,0.00770416024653313,1,0.992481203007519,0.985849056603774,0.0140845070422535,0.987933634992459,0.00789889415481832,0.00460829493087558,0.00738552437223043,0.013677811550152,0.989096573208723,0.987519500780031,0.00920245398773006,0.00744047619047619,0.00605143721633888,0,0.9921875,0.0303030303030303,0,0.0136986301369863,0.00151515151515152,0,0.99236641221374,0.00907715582450832,0,0.0109717868338558,0,0.98780487804878,0,0,0.00321027287319422,0.00907715582450832,0.987823439878234,0.00892857142857143,0.0107033639143731,0.0105740181268882,0.990726429675425,0,0.00970873786407767,0,0.0135135135135135,0.0105421686746988,0,0.0137825421133231,0,0.0060882800608828,0,0.00155763239875389,0.00772797527047913,1,0,0.0121396054628225,0,0.00309119010819165,0.00771604938271605,0.989473684210526,0,0.00789889415481832,0,0.0136986301369863,0,0,0.00317460317460317,0.00449101796407186,0.00603318250377074,0.0093603744149766,0.00465116279069767,0.986217457886677,0.010590015128593,0,0.00775193798449612,0.00469483568075117,0,0.0121028744326778,0.0124610591900312,0.0107361963190184,0.00152905198776758,0.0107361963190184,0,0,0.0122887864823349,0.0245022970903522,0.991004497751124,0.989180834621329,0.0093167701863354,0.00943396226415094,0,0.0109717868338558,0.0106707317073171,0,0.00617283950617284,0.0061633281972265,0.0298953662182362,0.988059701492537,0.0124223602484472,0.015527950310559,0.00920245398773006,0.00765696784073507,0.98962962962963,0.0062111801242236,0.00772797527047913,0,0.00759878419452888,0,0.00588235294117647,0.00309119010819165,0.0103703703703704,0,0.0157232704402516,0.0120481927710843,0.00910470409711684,0.0188976377952756,0.0230769230769231,0.0108527131782946,0.00895522388059702,0.995447647951442,0.00152671755725191,0.00306278713629403,0,0.00610687022900763,0.0107361963190184,0.00465116279069767,0.0105740181268882,0.772659732540862,0,0.987786259541985,0.00622083981337481,0,0,0,0.992447129909366,0.00916030534351145,0.00606060606060606,0.0108695652173913,0.0121212121212121,0,0,0.986745213549337,0.987730061349693,0,0,0,0.989296636085627,0,0.00916030534351145,0.559757942511346,0,0.009375,0.0134529147982063,0.00927357032457496,0.0030441400304414,0.00445103857566766,0.989263803680982,0.0116788321167883,0,0,0.0134932533733133,0.0119047619047619,0.00151515151515152,0.992295839753467,0.00769230769230769,0.00748502994011976,0.989230769230769,0.012012012012012,0,0.00794912559618442,0.00153374233128834,0.992272024729521,0.998475609756098,0,0.00465116279069767,0,0,0.998473282442748,0.985553772070626,0.00451807228915663,0,0.0129032258064516,0,0.0119760479041916,0,0.00305343511450382,0.0015625,0.0156494522691706,0,0,0.99537037037037,0,0.986322188449848,0.0104011887072808,0.144215530903328,0.0103857566765579,0,0.0141955835962145,0.989425981873112,0.0029940119760479,0,0.00911854103343465,0.9890625,0.0120845921450151,0.987635239567233,0,0.0121028744326778,0.990853658536585,0.024390243902439,0.00927357032457496,0.00305343511450382,0.00938967136150235,0,0.986322188449848,0.0123076923076923,0,0.986506746626687,0.00307219662058372,0,0,0.00626959247648903,0.0109034267912773,0.0119402985074627,0.0121580547112462,0.0109034267912773,0.986153846153846,0.00920245398773006,0.989505247376312,0.0213089802130898,0,0.0105740181268882,0.0107361963190184,0.00900900900900901,0.013719512195122,0.921898928024502,0,0.00963081861958266,0.00611620795107034,0.0060790273556231,0.0121396054628225,0.00918836140888208,0.010590015128593,0.987915407854985,0.990977443609023,0.0118518518518519,0.987915407854985,0,0.992211838006231,0.0075187969924812,0,0.00156494522691706,0,0.0093167701863354,0.987897125567322,0,0.0138036809815951,0.0120481927710843,0.00460122699386503,0,0.00146627565982405,0,0.0031055900621118,0,0.00151975683890578,0,0.00155038759689922,0.00610687022900763,0,0.987577639751553,0,0.0186335403726708,0.00927357032457496,0.0399385560675883,0,0.00305810397553517,0.0119940029985007,0.0136363636363636,0.012779552715655,0.00925925925925926,0.0111287758346582,0.00925925925925926,0,0.00153139356814701,0.0123456790123457,0,0,0.00940438871473354,1,0.012012012012012,0.00755287009063444,0.990683229813665,0,0.98613251155624,0.00467289719626168,0.9888,0.0105580693815988,0.0123839009287926,0,0.0060882800608828,0.0120300751879699,0.00461538461538462,0.0015220700152207,0.0339506172839506,0.989489489489489,0.992354740061162,0.00635930047694754,0.00443786982248521,0.00916030534351145,0.989409984871407,0.989489489489489,0,0.00149925037481259,0.00308166409861325,0.986196319018405,0,0.990825688073395,0.00934579439252336,0.00943396226415094,0.0295489891135303,0.00149925037481259,0.988005997001499,0,0.00307219662058372,0.0107692307692308,0.00748502994011976,0.00308166409861325,0,0.0111642743221691,0.897239263803681,0.0139968895800933,0.992211838006231,0.0104166666666667,0.996927803379416,0.0124804992199688,0,0.359937402190923,0.989345509893455,0.990668740279938,0.00757575757575758,0.0078003120124805,0.0209895052473763,0.00595238095238095,0,0,0.00759878419452888,0.0104790419161677,0.990639625585023,0,0.0107197549770291,0.990881458966565,0.0126984126984127,0.00916030534351145,0,0.966360856269113,0,0.012012012012012,0.0015552099533437,0,0,0,0.00314465408805031,0,0.0106870229007634,0.989473684210526,0.00934579439252336,0.0106870229007634,0.996894409937888,0.985915492957746,0,0.990712074303406,0,0.0107197549770291,0.00632911392405063,0,0,0.00920245398773006,0.0138888888888889,0,0.957317073170732,0,0.90015600624025,0.977168949771689,0.989180834621329,0.155384615384615,0,0,0.00605143721633888,0,0.96141975308642,0.954337899543379,0,0.976851851851852,0.987421383647799,0.948170731707317,0.977064220183486,0.953101361573374,0,0.967889908256881,0,0,0.961180124223602,0,0.92781954887218,0,0.0545454545454545,0,0
"91",0.987138263665595,0.987281399046105,0.966613672496025,0.92845786963434,0.980738362760835,0.988727858293076,0.881685575364668,0.969793322734499,0.985981308411215,0,0.987138263665595,0,0.571207430340557,0.985691573926868,0.0527156549520767,0.0236220472440945,0,0.0112179487179487,0.98858075040783,0.973015873015873,0.164852255054432,0.0528052805280528,0.976525821596244,0,0.943217665615142,0.259083728278041,0.104761904761905,0.97588424437299,0.474921630094044,0.683464566929134,0.010752688172043,0.682034976152623,0.770800627943485,0.281200631911532,0,0.990353697749196,0.0186625194401244,0.981279251170047,0.265243902439024,0.900306748466258,0,0.0139968895800933,0.00157728706624606,0.985507246376812,0.765751211631664,0.0352564102564103,0.517684887459807,0.0127186009538951,0.456221198156682,0.139103554868624,0,0.982258064516129,0.26984126984127,0.990536277602524,0.875786163522013,0.162074554294976,0,0.969404186795491,0.948517940717629,0.901408450704225,0.295665634674923,0.43171114599686,0.0114192495921697,0,0.895238095238095,0.822784810126582,0,0.977564102564103,0,0.0130932896890344,0.858255451713396,0.0188976377952756,0.0224,0.98755832037325,0,0.710031347962382,0.0449612403100775,0.5640625,0.893030794165316,0.273789649415693,0,0.68798751950078,0.208655332302937,0.984423676012461,0.127527216174184,0.901098901098901,0.992223950233281,0.960753532182104,0.959438377535101,0.0107858243451464,1,0.987341772151899,0,0,0.969155844155844,0,0.306349206349206,0.974882260596546,0.00467289719626168,0.00484652665589661,0.603503184713376,0,0.28548644338118,0.988745980707395,0.105182926829268,0.990275526742301,0.0096,0.969936708860759,0.0158478605388273,0.0224358974358974,0.0186625194401244,0.893890675241158,0.335974643423138,0.980922098569157,0,0.979719188767551,0.6984375,0,0.0110062893081761,0.240322580645161,0,0.774647887323944,0.262090483619345,0.0823909531502423,0.979462875197472,0.150621118012422,0.984496124031008,0.990625,0,0.544303797468354,0.923444976076555,0.491171749598716,0.973856209150327,0,0.980645161290323,0.0337941628264209,0,0.21939586645469,0.640901771336554,0.518638573743922,0,0,0.974763406940063,0.762282091917591,0.17515923566879,0.985826771653543,0.0193236714975845,0.913657770800628,0.408945686900958,0.972307692307692,0.146341463414634,0.974317817014446,0.987220447284345,0.834115805946792,0.981102362204724,0.00970873786407767,0.985759493670886,0.0126182965299685,0,0.746365105008078,0.857805255023184,0.973270440251572,0.0278637770897833,0,0.9875,0.448553054662379,0.98538961038961,0.988835725677831,0.987421383647799,0.288372093023256,0.975,0.0127186009538951,0.937694704049844,0.0152439024390244,0.890127388535032,0.362341772151899,0,0.971153846153846,0,0.831761006289308,0.987519500780031,0.138486312399356,0.98116169544741,0.946540880503145,0.981845688350983,0.962848297213622,0.0923566878980892,0.382581648522551,0.92891760904685,0.9424,0.0678233438485804,0.0173501577287066,0.974358974358974,0.84384858044164,0,0,0.304278922345483,0,0.987823439878234,0.262658227848101,0.86677367576244,0.738993710691824,0.98159509202454,0.4368,0.438184663536776,0.296950240770466,0.912762520193861,0.955271565495208,0.87402799377916,0,0.8765625,0.186161449752883,0.954765751211632,0.0126984126984127,0.0793157076205288,0.539936102236422,0.968051118210863,0.967592592592593,0.832543443917852,0.98740157480315,0.8944,0,0.0867507886435331,0.661993769470405,0.985483870967742,0,0.979813664596273,0.973926380368098,0.550314465408805,0.543478260869565,0.977346278317152,0.983974358974359,0.366352201257862,0,0.874613003095975,0.517571884984026,0.968333333333333,0.0141955835962145,0.955453149001536,0.990338164251208,0.9858934169279,0.953748006379585,0.511848341232227,0.0158982511923688,0.965079365079365,0.551020408163265,0.0154083204930663,0.0123647604327666,0.20414673046252,0.0126984126984127,0.155115511551155,0.665658093797277,0.0126582278481013,0.0139103554868624,0.0187793427230047,0.579439252336449,0.0486223662884927,0.985507246376812,0.00949367088607595,0.0141287284144427,0,0.22792937399679,0.987138263665595,0.968304278922345,0.902053712480253,0,0.862459546925566,0.8515625,0.67246835443038,0.595879556259905,0.464968152866242,0.4448,0.00941915227629513,0.984051036682616,0.1046875,0.696284329563813,0.954186413902054,0.0261941448382126,0.752396166134185,0.016,0.133437990580848,0.986068111455108,0.988524590163934,0.878444084278768,0,0.633540372670807,0.874799357945425,0,0.014308426073132,0.886292834890966,0.972357723577236,0,0.0172143974960876,0.0125588697017268,0.970779220779221,0.881493506493506,0.0115702479338843,0,0.382677165354331,0.980738362760835,0.7765625,0.394366197183099,0.656910569105691,0.951334379905808,0.0208,0.989079563182527,0.989045383411581,0.0223642172523962,0.966049382716049,0.988958990536278,0.962903225806452,0.987381703470032,0.193343898573693,0.309859154929577,0.293929712460064,0.967845659163987,0.930533117932149,0.0479134466769706,0.264752791068581,0.968354430379747,0.171428571428571,0.30640243902439,0.985981308411215,0.98705501618123,0.968253968253968,0.688291139240506,0.98297213622291,0.246774193548387,0.958204334365325,0.988673139158576,0,0.322530864197531,0.532154340836013,0.0284810126582278,0.0518867924528302,0.0216049382716049,0.8984375,0.0347003154574132,0.0110759493670886,0,0.234548335974643,0.985576923076923,0.0881889763779528,0.975288303130148,0.966981132075472,0.982484076433121,0.289430894308943,0.292282430213465,0.661881977671451,0.452459016393443,0,0.817610062893082,0.0232198142414861,0.0522151898734177,0.205329153605016,0.98694942903752,0.0170807453416149,0,0.327503974562798,0.0249609984399376,0.0352,0.466876971608833,0.987220447284345,0.28525641025641,0.983525535420099,0.958466453674121,0,0.983383685800604,0.0125391849529781,0.984472049689441,0.831189710610932,0.988617886178862,0.0159744408945687,0.965678627145086,0.0111111111111111,0.872611464968153,0.712662337662338,0.942006269592476,0.979527559055118,0.981132075471698,0.291079812206573,0.961904761904762,0.986111111111111,0.0124416796267496,0.0285261489698891,0.985553772070626,0.985645933014354,0.325396825396825,0.872611464968153,0.955223880597015,0.951181102362205,0.989130434782609,0,0.1248,0.9890625,0.0127186009538951,0,0.958664546899841,0.00650406504065041,0.0522022838499184,0.990639625585023,0.963434022257552,0.00159235668789809,0.620472440944882,0.408227848101266,0.975922953451043,0.0161030595813204,0.862619808306709,0.987012987012987,0.371019108280255,0.598101265822785,0.775280898876405,0,0.167721518987342,0.973941368078176,0.988745980707395,0.437001594896332,0.987460815047022,0.959731543624161,0.0381558028616852,0.00157977883096367,0.9765625,0.987441130298273,0.952229299363057,0.677672955974843,0.0177993527508091,0.855325914149444,0.23861852433281,0.18801996672213,0.00311526479750779,0.620031796502385,0.602848101265823,0.600931677018634,0,0.283171521035599,0.901587301587302,0.640866873065015,0.503134796238245,0.0856269113149847,0,0,0.989409984871407,0.965996908809892,0,0.911717495987159,0.0095389507154213,0,0,0.988817891373802,0,0.985365853658537,0.758785942492013,0.523809523809524,0.986068111455108,0,0,0.985915492957746,0.958461538461538,0.7296875,0.014018691588785,0.00163398692810458,0.865116279069767,0.588976377952756,0.987179487179487,0.524922118380062,0.3488,0,0.973270440251572,0.0163398692810458,0.952076677316294,0.108626198083067,0,0.0168970814132104,0.120063191153239,0.498355263157895,0.963836477987421,0,0.938080495356037,0.971608832807571,0.9858934169279,0,0.0768,0.919275123558484,0.0179738562091503,0.989028213166144,0.986046511627907,0.0202177293934681,0.989028213166144,0.307086614173228,0.807210031347962,0.0220472440944882,0.170731707317073,0.962145110410095,0.00955414012738853,0.0127186009538951,0.967542503863988,0.0197044334975369,0.660194174757282,0.397727272727273,0,0.113418530351438,0.7296,0.270700636942675,0.966981132075472,0.016,0.158307210031348,0.458881578947368,0.959627329192547,0.880989180834621,0.963258785942492,0.741883116883117,0,0.975039001560062,0.0110062893081761,0.953748006379585,0.39413680781759,0.0124416796267496,0.988924050632911,0.987261146496815,0.985759493670886,0.633333333333333,0.974960876369327,0.1344,0.197138314785374,0.93563579277865,0.869905956112853,0,0,0.979066022544283,0.93719806763285,0.026813880126183,0.974317817014446,0.984227129337539,0.36817472698908,0.921951219512195,0.72741935483871,0.877708978328173,0,0.961352657004831,0.346518987341772,0.988835725677831,0.988924050632911,0,0.635499207606973,0.968253968253968,0.0142857142857143,0.677367576243981,0.375,0.796636085626911,0.677316293929712,0.953560371517028,0.0950155763239875,0.972085385878489,0.9859375,0.970031545741325,0.303921568627451,0.0977917981072555,0.979365079365079,0.986068111455108,0.0062015503875969,0.7921875,0.460443037974684,0.257188498402556,0.743390357698289,0.9858934169279,0.8656,0.988888888888889,0.116640746500778,0.0145867098865478,0,0.8234375,0.0112721417069243,0.008,0.275641025641026,0,0.979430379746835,0.918622848200313,0.987361769352291,0.989130434782609,0.100478468899522,0.0128824476650564,0,0,0.191011235955056,0.08,0.172741679873217,0,0.00793650793650794,0.984301412872841,0.0171875,0.293460925039872,0.984076433121019,0.596546310832025,0.956521739130435,0.652996845425868,0.625,0,0.984709480122324,0.394863563402889,0.491961414790997,0.914860681114551,0.979969183359014,0.379905808477237,0.00797448165869218,0.941362916006339,0.943683409436834,0,0.955177743431221,0.0254372019077901,0.978861788617886,0.421553090332805,0,0.00626959247648903,0.510603588907015,0.821256038647343,0.0141955835962145,0.136876006441224,0.00783699059561128,0,0.750759878419453,0.0302066772655008,0.988372093023256,0.3198127925117,0.9828125,0.0110410094637224,0.376971608832808,0.338141025641026,0.859477124183007,0.109477124183007,0.0125984251968504,0,0.0497592295345104,0,0.982839313572543,0.0477759472817133,0.977134146341463,0.0144,0.98705501618123,0,0.528682170542636,0.451355661881978,0.987421383647799,0,0.98755832037325,0,0.404255319148936,0.981366459627329,0,0.642072213500785,0.972402597402597,0.753577106518283,0.949756888168558,0.046801872074883,0,0.984177215189873,0.256,0,0.683962264150943,0.0107692307692308,0.0283018867924528,0.986991869918699,0.988654781199352,0.980213089802131,0.963258785942492,0.96998420221169,0,0.96969696969697,0.0199692780337942,0.360062893081761,0.288372093023256,0.978090766823161,0.977883096366509,0.984350547730829,0.979623824451411,0.0570522979397781,0.0304975922953451,0.97682119205298,0.956181533646322,0.712732919254658,0.965571205007825,0.988993710691824,0.968553459119497,0,0,0.974164133738602,0,0.0839813374805599,0,0.945054945054945,0.270049099836334,0.213247172859451,0.126760563380282,0.914100486223663,0,0.105180533751962,0.984152139461173,0.985915492957746,0.620414673046252,0.415525114155251,0.212443095599393,0.194144838212635,0.65818759936407,0.0093167701863354,0.130298273155416,0.539556962025316,0.258730158730159,0.698587127158556,0.0233644859813084,0,0.012924071082391,0.322169059011164,0.985436893203884,0.608214849921011,0.223420647149461,0.625391849529781,0.865203761755486,0.977099236641221,0.953719008264463,0.991869918699187,0.98858075040783,0.987075928917609,0.536163522012579,0.420886075949367,0.984399375975039,0.0196969696969697,0.0246153846153846,0.860979462875197,0.0093603744149766,0.986322188449848,0.954545454545455,0,0.121311475409836,0,0.954471544715447,0,0.968701095461659,0.984350547730829,0.0172413793103448,0.836767036450079,0.9858934169279,0.642172523961661,0.61741835147745,0.862903225806452,0,0,0.918739635157546,0.937595129375951,0.982866043613707,0,0,0.011400651465798,0.237209302325581,0.503184713375796,0,0.4453125,0,0.925278219395866,0.983870967741935,0.16,0.2328125,0,0.341194968553459,0.575899843505477,0.859872611464968,0.959183673469388,0.762282091917591,0.0125984251968504,0.983792544570502,0.0126782884310618,0.990384615384615,0,0.978527607361963,0.0047244094488189,0.988691437802908,0.0240770465489567,0.0209339774557166,0,0,0.827906976744186,0.93042071197411,0.926332288401254,0.721109399075501,0.037037037037037,0.0143312101910828,0.82753164556962,0.827906976744186,0,0.025518341307815,0.961783439490446,0,0.977309562398703,0.951638065522621,0.0669856459330144,0.042654028436019,0.0140405616224649,0.984709480122324,0.4624,0.0858505564387917,0.102893890675241,0.126198083067093,0.705107084019769,0.0977917981072555,0.984227129337539,0,0.7584,0.975193798449612,0.00156739811912226,0,0.015220700152207,0,0.014218009478673,0.984472049689441,0.711726384364821,0.0146341463414634,0.012987012987013,0.537124802527646,0.952456418383518,0.433070866141732,0.0486656200941915,0.0146103896103896,0.0589198036006547,0.0158478605388273,0,0.045016077170418,0.0212443095599393,0.0112540192926045,0.0250783699059561,0.0124031007751938,0.046474358974359,0.0563380281690141,0.0277349768875193,0.0171606864274571,0.0048,0.0220820189274448,0.021978021978022,0.0561622464898596,0.0235849056603774,0.0171073094867807,0.0132890365448505,0.01743264659271,0.0496794871794872,0.014218009478673,0.0202808112324493,0.0125588697017268,0.0457413249211356,0.0123456790123457,0.0142857142857143
"92",0.996820349761526,1,0.966205837173579,0.941269841269841,0.980676328502415,1,0.878504672897196,0.968847352024922,1,0,1,0,0.563579277864992,1,0.0414110429447853,0.00615384615384615,0,0.015748031496063,0.996830427892235,0.982866043613707,0.157320872274143,0.0338709677419355,0.989164086687306,0,0.95852534562212,0.24251968503937,0.105180533751962,0.988888888888889,0.461068702290076,0.669218989280245,0,0.689763779527559,0.763406940063092,0.266244057052298,0,1,0.0167682926829268,0.993948562783661,0.2481426448737,0.900763358778626,0,0.0169491525423729,0.00462249614791988,1,0.778662420382166,0.0204081632653061,0.506269592476489,0,0.447963800904977,0.123287671232877,0,0.992101105845182,0.2671875,1,0.868253968253968,0.159677419354839,0,0.97456279809221,0.953775038520801,0.894573643410853,0.279752704791345,0.430321592649311,0,0,0.895330112721417,0.823889739663093,0,0.987596899224806,0,0,0.847352024922118,0.00782472613458529,0.0188087774294671,1,0,0.712749615975422,0.044478527607362,0.563552833078101,0.888712241653418,0.267213114754098,0,0.705343511450382,0.196923076923077,0.998466257668712,0.0990853658536585,0.903076923076923,0.996908809891808,0.967987804878049,0.965891472868217,0.0121396054628225,0.987341772151899,1,0,0,0.971428571428571,0,0.280125195618153,0.981566820276498,0.00614439324116743,0.00782472613458529,0.603100775193798,0,0.273885350318471,1,0.10105580693816,1,0.0125984251968504,0.972049689440994,0,0.00784929356357928,0.00775193798449612,0.895384615384615,0.321875,0.990580847723705,0,0.983050847457627,0.710526315789474,0,0,0.220839813374806,0,0.761006289308176,0.25194401244168,0.0748407643312102,0.975460122699387,0.129969418960245,0.996941896024465,0.995319812792512,0,0.53323029366306,0.929906542056075,0.476947535771065,0.987281399046105,0,0.995253164556962,0.0227617602427921,0,0.2,0.624213836477987,0.494417862838915,0,0,0.973561430793157,0.750769230769231,0.158730158730159,1,0.00463678516228748,0.919083969465649,0.407290015847861,0.976923076923077,0.125996810207337,0.982785602503912,1,0.831530139103555,0.995319812792512,0,1,0,0,0.732909379968203,0.856488549618321,0.98125,0.0138248847926267,0,1,0.443910256410256,1,1,1,0.281972265023112,0.973805855161787,0.00156739811912226,0.943939393939394,0,0.886435331230284,0.360681114551084,0,0.982785602503912,0,0.847962382445141,1,0.118564742589704,0.98145285935085,0.9453125,0.989520958083832,0.975232198142415,0.095679012345679,0.370426829268293,0.918238993710692,0.936406995230525,0.0533751962323391,0.0015625,0.976415094339623,0.844036697247706,0,0,0.292721518987342,0,1,0.247328244274809,0.864864864864865,0.74885145482389,0.987860394537178,0.414556962025316,0.424196018376723,0.286173633440514,0.920684292379471,0.965571205007825,0.866043613707165,0,0.872670807453416,0.168852459016393,0.944178628389155,0,0.060882800608828,0.524256651017214,0.973886328725038,0.974045801526718,0.820872274143302,0.998459167950693,0.8890625,0,0.0681114551083591,0.658015267175573,0.995297805642633,0,0.990769230769231,0.975903614457831,0.534775888717156,0.542944785276074,0.987460815047022,1,0.345911949685535,0,0.872340425531915,0.511773940345369,0.965079365079365,0,0.957446808510638,0.9984375,1,0.945686900958466,0.524844720496894,0.00158227848101266,0.965625,0.541538461538462,0.00303490136570561,0.00151057401812689,0.191522762951334,0,0.142410015649452,0.659574468085106,0,0.00304878048780488,0.00777604976671851,0.573373676248109,0.032,0.984326018808777,0.0110935023771791,0,0,0.219047619047619,1,0.977952755905512,0.891304347826087,0,0.863636363636364,0.851226993865031,0.681538461538462,0.591194968553459,0.45141065830721,0.441971383147854,0.0124804992199688,1,0.0893939393939394,0.700813008130081,0.955696202531646,0.0121212121212121,0.728125,0,0.117103235747304,1,1,0.8736,0,0.640243902439024,0.869158878504673,0,0,0.881818181818182,0.976340694006309,0,0.00154320987654321,0,0.97741935483871,0.875796178343949,0,0,0.369734789391576,0.987341772151899,0.798151001540832,0.381761978361669,0.642172523961661,0.958966565349544,0.0093603744149766,1,1,0.00155763239875389,0.967289719626168,1,0.971428571428571,0.996899224806202,0.185647425897036,0.310291858678955,0.270866141732283,0.971830985915493,0.939102564102564,0.0477657935285054,0.250783699059561,0.971563981042654,0.148091603053435,0.293051359516616,0.993798449612403,0.998412698412698,0.962674961119751,0.685393258426966,0.996955859969559,0.234276729559748,0.960122699386503,0.996860282574568,0,0.319571865443425,0.532051282051282,0.015625,0.0523076923076923,0.00758725341426404,0.904615384615385,0.0260736196319018,0,0,0.221538461538462,0.990639625585023,0.0678233438485804,0.982343499197432,0.968847352024922,0.984251968503937,0.2832,0.27831715210356,0.657276995305164,0.453525641025641,0,0.8125,0.00921658986175115,0.0352760736196319,0.1875,1,0.0015527950310559,0,0.323619631901841,0.00463678516228748,0.0205371248025276,0.473684210526316,1,0.281446540880503,1,0.963020030816641,0,0.991031390134529,0,1,0.813953488372093,1,0.0137825421133231,0.976708074534162,0,0.878357030015798,0.710900473933649,0.944700460829493,0.982945736434109,0.998435054773083,0.284829721362229,0.95583596214511,1,0,0.0231839258114374,1,1,0.324615384615385,0.878086419753086,0.963434022257552,0.950617283950617,1,0,0.114649681528662,1,0.00158982511923688,0,0.960815047021944,0.00958466453674121,0.0463258785942492,1,0.963549920760697,0.00316455696202532,0.614779874213837,0.419558359621451,0.979495268138801,0,0.864992150706436,0.996810207336523,0.362341772151899,0.594090202177294,0.791862284820031,0,0.152037617554859,0.969551282051282,0.998449612403101,0.444444444444444,1,0.971807628524046,0.0302547770700637,0.00156739811912226,0.982945736434109,0.993690851735016,0.943037974683544,0.683890577507599,0.00473186119873817,0.856025039123631,0.227414330218069,0.185123966942149,0.00464396284829721,0.611821086261981,0.585139318885449,0.616588419405321,0,0.277511961722488,0.899845916795069,0.626934984520124,0.517665130568356,0.0776119402985075,0,0,1,0.97112462006079,0,0.917057902973396,0.0110935023771791,0,0,0.998427672955975,0,1,0.767692307692308,0.505327245053272,1,0,0,0.992150706436421,0.962121212121212,0.714953271028037,0,0.00159235668789809,0.862745098039216,0.582181259600614,1,0.534562211981567,0.339171974522293,0,0.981366459627329,0,0.950558213716108,0.0805687203791469,0,0.0106382978723404,0.102523659305994,0.471636952998379,0.970496894409938,0,0.948170731707317,0.973561430793157,1,0,0.0635930047694754,0.932896890343699,0.00324149108589951,1,1,0.00925925925925926,1,0.285053929121726,0.782270606531882,0.00927357032457496,0.16504854368932,0.959627329192547,0.00927357032457496,0,0.968992248062015,0.008,0.648648648648649,0.390965732087227,0,0.0995334370139969,0.734177215189873,0.254658385093168,0.972350230414747,0,0.146564885496183,0.439024390243902,0.946808510638298,0.878234398782344,0.956112852664577,0.725,0,0.979876160990712,0,0.96583850931677,0.384,0,1,1,1,0.628571428571429,0.981191222570533,0.119047619047619,0.192733017377567,0.94392523364486,0.8640625,0,0,0.989113530326594,0.929824561403509,0.0126582278481013,0.982892690513219,0.990566037735849,0.354489164086687,0.921850079744817,0.718354430379747,0.872699386503067,0,0.964723926380368,0.323296354992076,1,0.998427672955975,0,0.630841121495327,0.968701095461659,0,0.684627575277338,0.370199692780338,0.787425149700599,0.695583596214511,0.951515151515152,0.0811638591117917,0.980830670926518,1,0.97542242703533,0.283018867924528,0.0953125,0.990639625585023,1,0.00773993808049536,0.775229357798165,0.433179723502304,0.253869969040248,0.769592476489028,1,0.875786163522013,1,0.119515885022693,0,0,0.820433436532508,0.00321027287319422,0,0.271317829457364,0,0.987519500780031,0.911585365853659,0.998442367601246,0.993930197268589,0.0833333333333333,0,0,0,0.178170144462279,0.0699844479004666,0.154330708661417,0,0,1,0.00927357032457496,0.28169014084507,1,0.580246913580247,0.971742543171115,0.653786707882535,0.636913767019667,0,1,0.381789137380192,0.482866043613707,0.916158536585366,0.987673343605547,0.379416282642089,0.00928792569659443,0.947040498442368,0.952453987730061,0,0.966767371601209,0.0170542635658915,0.983922829581994,0.4203125,0,0.00771604938271605,0.507364975450082,0.834905660377358,0,0.1296,0.0108527131782946,0,0.743202416918429,0.0190174326465927,1,0.312404287901991,0.99390243902439,0,0.358461538461538,0.322274881516588,0.862559241706161,0.0850722311396469,0.00462249614791988,0,0.0410742496050553,0,0.993808049535604,0.0398724082934609,0.97593984962406,0.00475435816164818,1,0,0.5115562403698,0.450393700787402,1,0,0.998452012383901,0,0.39268680445151,0.987786259541985,0,0.643076923076923,0.977952755905512,0.744514106583072,0.945945945945946,0.0338983050847458,0,1,0.256735340729002,0,0.682098765432099,0,0.0153609831029186,1,1,0.990839694656489,0.967032967032967,0.979591836734694,0,0.977952755905512,0.0215384615384615,0.331804281345566,0.280185758513932,0.992401215805471,0.990740740740741,0.992343032159265,0.990697674418605,0.0527131782945736,0.0141955835962145,0.980676328502415,0.954198473282443,0.703363914373089,0.977099236641221,1,0.967441860465116,0,0,0.979041916167665,0,0.0628834355828221,0,0.949843260188088,0.272583201267829,0.204761904761905,0.113354037267081,0.92368839427663,0,0.105100463678516,1,1,0.631415241057543,0.396706586826347,0.202682563338301,0.178353658536585,0.649842271293375,0,0.114374034003091,0.52931854199683,0.24375,0.688549618320611,0.0109375,0,0,0.309033280507132,1,0.607142857142857,0.212443095599393,0.609375,0.870170015455951,0.987823439878234,0.957996768982229,0.979495268138801,1,0.998417721518987,0.553125,0.414746543778802,0.998427672955975,0.00297619047619048,0.00604229607250755,0.865414710485133,0.0122699386503067,1,0.969325153374233,0,0.100638977635783,0,0.951026856240126,0,0.968992248062015,1,0.00768049155145929,0.825196850393701,1,0.655608214849921,0.611455108359133,0.864353312302839,0,0,0.924092409240924,0.938345864661654,0.986196319018405,0,0,0,0.222222222222222,0.486697965571205,0,0.445300462249615,0,0.917721518987342,1,0.160572337042925,0.226646248085758,0,0.3359375,0.595015576323987,0.859541984732824,0.959028831562974,0.774494556765163,0,0.985759493670886,0.0125786163522013,1,0,0.980332829046899,0.00769230769230769,1,0.0172684458398744,0.0110236220472441,0,0,0.818740399385561,0.91866028708134,0.93030303030303,0.70196671709531,0.0228310502283105,0.00637958532695375,0.819875776397516,0.822556390977444,0,0.0125,0.96551724137931,0,0.984301412872841,0.94969512195122,0.0634674922600619,0.0407523510971787,0.00308166409861325,1,0.459715639810427,0.0749601275917065,0.0944,0.11353032659409,0.6832,0.0866965620328849,1,0,0.752351097178683,0.98145285935085,0.0031496062992126,0,0,0,0,1,0.700475435816165,0,0,0.535433070866142,0.951334379905808,0.430340557275542,0.0518292682926829,0.00158982511923688,0.053968253968254,0.0185471406491499,0,0.0300157977883096,0.00453172205438067,0.00158227848101266,0.0106707317073171,0,0.0481366459627329,0.0590062111801242,0.0140405616224649,0.0203125,0.0064,0.0246153846153846,0.0246913580246914,0.057542768273717,0.00782472613458529,0.0203125,0,0.0031055900621118,0.0474683544303797,0.00471698113207547,0.0242057488653555,0,0.0340557275541796,0,0.00156739811912226
"93",0,0,0,0,0,0,0.0145395799676898,0.0015552099533437,0,1,0,1,0,0,0,0,1,0.988871224165342,0,0,0,0,0,1,0,0,0,0.0016025641025641,0,0,0,0,0.00158730158730159,0,1,0,0.973966309341501,0,0,0,0.998392282958199,0.989096573208723,0.995356037151703,0,0,0,0,0,0,0,1,0,0,0,0.0143312101910828,0,1,0,0.00156494522691706,0,0,0,0,1,0,0,1,0,1,0,0,0,0,0,1,0.0015527950310559,0,0,0.0016,0,1,0,0,0,0,0,0,0,0.00312989045383412,0.990726429675425,0,0,1,1,0,1,0.0187793427230047,0,0.995305164319249,0.9953125,0.00791139240506329,1,0,0,0,0,0.990491283676704,0.0015625,0,0,0,0.012779552715655,0,0,1,0,0,1,0,0,1,0.00157232704402516,0,0,0,0,0,0,1,0.0046875,0,0,0,1,0,0,1,0,0,0.00487012987012987,1,1,0,0,0,0,0,0,0,0,0,0,0,0,0,0,0,0,1,0,0.00623052959501558,0,0,1,0,0,0,0,0,0,0,0,0,0,0.00317460317460317,0,1,0,1,0,0,0,0,0,0,0,0,0,0,0,0,0,0,0.0156494522691706,1,1,0,0.998415213946117,0,0,0.00946372239747634,0,0,0,0,0,0,0,0.00156985871271586,1,0,0,0,0,0,0.0031055900621118,0,0,0.0016025641025641,0,0,1,0,0,0,1,0,0,0.00631911532385466,0,0,0,0.0174050632911392,1,0.012326656394453,0,0,0,0,0,0,0,0,0,0,0,0,0,0,0,0,0,0,0,0,0,0,0,0.992101105845182,0,1,0.00479233226837061,0,0,0,1,0.00161812297734628,0.00308641975308642,0,0,0,0,0.990491283676704,0,0,0,0,0,0,0,0,0,0,0.011400651465798,1,0,0.0141955835962145,1,0,0.0138888888888889,0.00159489633173844,1,0,0,0,0,0,1,0.015600624024961,0,0,0,0,0,0,0,0,0,0,0,0,0,0,0,0,0.00159489633173844,0,0.954898911353033,0,0,0,0,0,0,0,0,0,0,0,0,1,0,0.00803858520900321,0,0.950155763239875,0,0,0,0,1,0,0,0,0,0,0,0,0,0,0,1,0,0,0,0,0,0,1,0,0,0,0.0031496062992126,0,0,0,0,1,0,0,0,0,0,0,0,0,0,0,0,0,0.00314465408805031,0,0,0,0,0,0,0,0,0,0,0,0,1,0,0,0,1,0,0.991816693944354,0,0,0,0.996815286624204,0.00626959247648903,0,0,0,0,0,0,0,0,1,0,0.00162074554294976,0,0,0,0,0,0.998442367601246,0,0,0,0,0,0.00641025641025641,0,0.0132890365448505,0.996894409937888,0,0,0,1,0,0.0015552099533437,0,0,0,1,1,0,0,1,0,0.993548387096774,1,1,0,1,0,0.00157232704402516,0.00461538461538462,0,1,1,0,0,0,0,0.998371335504886,0.0186046511627907,0,0,0,0,1,0,0,0.00161550888529887,0,1,0,0,0,0.00158478605388273,1,0,0,0,1,0,0,0,0,0,0,0,0,0,0,0.00161550888529887,0,0.990476190476191,0,0,0,0,0.00961538461538462,1,0,0.0032626427406199,0,0,0,0,0,0,0,0,0,1,0,0,0,0.0032258064516129,0,0,0,0,0,0,0,0,0,0.0125391849529781,1,1,0,0,0,0,0,0,0,0,0.0170278637770898,1,0,0.0141955835962145,0,0,1,0,0,0,0.0016025641025641,0,0,0,0,0,0.00324675324675325,0,0,0.0180032733224223,0.0221518987341772,0,0,0.992283950617284,0,0,0,0,0,0,0,0.774343122102009,0,1,0.00156494522691706,0,0,0,1,0,0,0,0,0,0,1,1,0,0,0,1,0,0,0.568965517241379,0,0,0.00622083981337481,0,0,0,1,0,0,0,0.00470219435736677,0,0,0.992199687987519,0,0,1,0.00152439024390244,0,0,0,1,0.993779160186625,0,0,0,0,0.992012779552716,0.998373983739837,0,0,0,0,0,0,0,0,0.00638977635782748,0,0,0.998435054773083,0,1,0,0.156199677938808,0.00153609831029186,0,0,1,0,0,0,1,0,1,0,0,1,0.0156739811912226,0,0,0.00161812297734628,0,1,0,0,1,0,0,0,0,0,0,0.00316455696202532,0.00156985871271586,1,0,0.978260869565217,0.0186915887850467,0,0,0,0,0,0.906832298136646,0,0,0,0,0,0,0,1,1,0,1,0,0.998425196850394,0,0,0,0,0,1,0,0,0,0,0,0,0,0,0,0,0,0,0,0,1,0,0.0191693290734824,0,0.0265625,0,0,0.0062015503875969,0,0,0,0,0,0,0,0,0,0,0.00316455696202532,0.989214175654854,0,0,1,0,1,0,1,0,0,0,0,0,0.00158730158730159,0,0.0172955974842767,1,1,0,0,0,1,1,0,0,0,1,0,1,0,0,0.0304487179487179,0,1,0,0,0,0,0,0,0,0.880690737833595,0,1,0,0.995268138801262,0,0,0.368,1,1,0.00156739811912226,0,0.0078125,0,0,0,0,0,1,0,0,1,0,0,0,0.963779527559055,0,0,0,0,0,0,0,0,0,1,0,0,0.998405103668262,1,0,1,0,0,0,0,0,0.00476947535771065,0.00159235668789809,0,0.954968944099379,0,0.898058252427185,0.974317817014446,1,0.1616,0,0,0.00156494522691706,0,0.952076677316294,0.950617283950617,0,0.977848101265823,0.995098039215686,0.946957878315133,0.970266040688576,0.946624803767661,0,0.967238689547582,0,0,0.957006369426752,0,0.92093023255814,0,0.0502354788069074,0,0
"94",0,0,0,0,0,0,0.0110410094637224,0.00158227848101266,0,1,0,1,0,0,0,0,1,0.981072555205047,0,0,0,0,0,1,0,0,0,0,0,0,0,0,0.00158478605388273,0,1,0,0.976744186046512,0,0,0,0.998444790046656,0.983024691358025,0.995405819295559,0,0,0,0,0,0,0,1,0,0,0,0.0095389507154213,0,1,0,0.00309119010819165,0,0,0,0,1,0,0,1,0,1,0,0,0,0,0,1,0.00151285930408472,0,0,0.00161550888529887,0,1,0,0,0,0,0,0,0,0.00308641975308642,0.99075500770416,0,0,1,1,0,1,0.0154798761609907,0,0.99390243902439,0.992101105845182,0.0093603744149766,1,0,0,0,0,0.990536277602524,0.00309597523219814,0,0,0,0.0111821086261981,0,0,1,0,0,1,0,0,1,0.00157232704402516,0,0,0,0,0,0,1,0.00470219435736677,0,0,0,1,0,0,1,0,0,0.00478468899521531,1,1,0,0,0,0,0,0,0,0,0,0,0,0,0,0,0,0,1,0,0.00453172205438067,0,0,1,0,0,0,0,0,0,0,0,0,0,0.00160771704180064,0,1,0,1,0,0,0,0,0,0,0,0,0,0,0,0,0,0,0.0200927357032458,1,1,0,0.998439937597504,0,0,0.00946372239747634,0,0,0,0,0,0,0,0.00154559505409583,1,0,0,0,0,0,0.00156739811912226,0,0,0.0015600624024961,0,0,1,0,0,0,1,0,0,0.00156494522691706,0,0,0,0.0157232704402516,1,0.0107858243451464,0,0,0,0,0,0,0,0,0,0,0,0,0,0,0,0,0,0,0,0,0,0,0,0.988709677419355,0,1,0.00469483568075117,0,0,0,1,0,0.00154320987654321,0,0,0,0,0.99075500770416,0,0,0,0,0,0,0,0,0,0,0.00961538461538462,1,0,0.0126782884310618,1,0,0.0106707317073171,0.00157728706624606,1,0,0,0,0,0,1,0.0141732283464567,0,0,0,0,0,0,0,0,0,0,0,0,0,0,0,0,0.00319488817891374,0,0.951788491446345,0,0,0,0,0,0,0,0,0,0,0,0,1,0,0.00952380952380952,0,0.945987654320988,0,0,0,0,1,0,0,0,0,0,0,0,0,0,0,1,0,0,0,0,0,0,1,0,0,0,0.00313971742543171,0,0,0,0,1,0,0,0,0,0,0,0,0,0,0,0,0,0.00313971742543171,0,0,0,0,0,0,0,0,0,0,0,0,1,0,0,0,1,0,0.99025974025974,0,0,0,0.998425196850394,0.00784929356357928,0,0,0,0,0,0,0,0,1,0,0.00159489633173844,0,0,0,0,0,0.998427672955975,0,0,0,0,0,0.0046875,0,0.00986842105263158,0.993798449612403,0,0,0,1,0,0.00157728706624606,0,0,0,1,1,0,0,1,0,0.990338164251208,1,1,0,1,0,0.00157728706624606,0.00460122699386503,0,1,1,0,0,0,0,0.996768982229402,0.0168195718654434,0,0,0,0,1,0,0,0.00157728706624606,0,1,0,0,0,0.00153846153846154,1,0,0,0,1,0,0,0,0,0,0,0,0,0,0,0.00159235668789809,0,0.989010989010989,0,0,0,0,0.0126382306477093,1,0,0.00321543408360129,0,0,0,0,0,0,0,0,0,1,0,0,0,0.00480769230769231,0,0,0,0,0,0,0,0,0,0.0124031007751938,1,1,0,0,0,0,0,0,0,0,0.0154559505409583,1,0,0.0142405063291139,0,0,1,0,0,0,0.0016025641025641,0,0,0,0,0,0.0032,0,0,0.0129449838187702,0.0234009360374415,0,0,0.993893129770992,0,0,0,0,0,0,0,0.77217125382263,0,1,0.00157977883096367,0,0,0,1,0,0,0,0,0,0,1,1,0,0,0,1,0,0,0.574102964118565,0,0,0.0062015503875969,0,0,0,1,0,0,0,0.00458015267175573,0,0,0.990639625585023,0,0,1,0.00151057401812689,0,0,0,1,0.992175273865415,0,0,0,0,0.990712074303406,0.998389694041868,0,0,0,0,0,0,0,0,0.00485436893203883,0,0,0.996865203761755,0,1,0,0.155482815057283,0.00152439024390244,0,0,1,0,0,0,1,0,1,0,0,1,0.0199692780337942,0,0,0.00158730158730159,0,1,0,0,1,0,0,0,0,0,0,0.00311526479750779,0,1,0,0.978395061728395,0.0168711656441718,0,0,0,0,0,0.915756630265211,0,0,0,0,0,0,0,1,1,0,1,0,0.998417721518987,0,0,0,0,0,0.998427672955975,0,0,0,0,0,0,0,0,0,0,0,0,0,0,1,0,0.0173228346456693,0,0.031104199066874,0,0,0.00461538461538462,0,0,0,0,0,0,0,0,0,0,0.00312989045383412,0.989164086687306,0,0,1,0,1,0,1,0,0,0,0,0,0.00160771704180064,0,0.0158982511923688,1,1,0,0,0,1,1,0,0,0,1,0,1,0,0,0.0303514376996805,0,1,0,0,0,0,0,0,0,0.903328050713154,0,1,0,0.993720565149137,0,0,0.36984126984127,1,1,0.00155038759689922,0,0.00623052959501558,0,0,0,0,0,1,0,0,1,0,0,0,0.955384615384615,0,0,0,0,0,0,0,0,0,1,0,0,0.995305164319249,1,0,1,0,0,0,0,0,0.0032,0.00470957613814757,0,0.950387596899225,0,0.901771336553945,0.973354231974922,1,0.163232963549921,0,0,0.00615384615384615,0,0.948303715670436,0.939346811819596,0,0.976489028213166,0.990306946688207,0.945820433436533,0.970496894409938,0.940993788819876,0,0.968354430379747,0,0,0.954186413902054,0,0.928682170542636,0,0.0532915360501567,0,0
"95",0.97092084006462,0.9728,0.952830188679245,0.934533551554828,0.962233169129721,0.972267536704731,0.8736,0.95859872611465,0.976303317535545,0,0.972712680577849,0,0.584,0.973898858075041,0.0625,0.0375,0,0.0128617363344051,0.974068071312804,0.968354430379747,0.186305732484076,0.0584415584415584,0.963607594936709,0,0.941823899371069,0.259259259259259,0.130094043887147,0.961857379767827,0.484177215189873,0.697784810126582,0.0315955766192733,0.705047318611987,0.767479674796748,0.309636650868878,0,0.976114649681529,0.020440251572327,0.976076555023923,0.285496183206107,0.891509433962264,0.00161550888529887,0.0112179487179487,0.00316455696202532,0.975922953451043,0.770247933884298,0.0426229508196721,0.517628205128205,0.0302547770700637,0.491365777080063,0.164852255054432,0,0.9728,0.295238095238095,0.97456279809221,0.863782051282051,0.188006482982172,0,0.953225806451613,0.940184049079755,0.892355694227769,0.307448494453249,0.455696202531646,0.0274636510500808,0,0.878489326765189,0.817307692307692,0,0.962323390894819,0,0.0256410256410256,0.853582554517134,0.0316957210776545,0.0431309904153355,0.971698113207547,0,0.719242902208202,0.0708661417322835,0.578538102643857,0.893030794165316,0.28643216080402,0,0.734597156398104,0.233070866141732,0.97191887675507,0.140822784810127,0.897314375987362,0.969936708860759,0.954041204437401,0.943573667711599,0.00778816199376947,0.969155844155844,0.971428571428571,0,0,1,0,0.324409448818898,0.962145110410095,0.00475435816164818,0.00638977635782748,0.616747181964573,0,0.306089743589744,0.974603174603175,0.126543209876543,0.967105263157895,0.00964630225080386,0.955056179775281,0.032258064516129,0.032258064516129,0.0302547770700637,0.887459807073955,0.360890302066773,0.966183574879227,0,0.963549920760697,0.737261146496815,0,0.027027027027027,0.2508038585209,0,0.77207062600321,0.270700636942675,0.102272727272727,0.952229299363057,0.177215189873418,0.978056426332288,0.970172684458399,0,0.557142857142857,0.933977455716586,0.495114006514658,0.961038961038961,0,0.981818181818182,0.0475435816164818,0,0.230273752012882,0.621019108280255,0.530278232405892,0,0,0.958532695374801,0.753205128205128,0.181219110378913,0.975845410628019,0.0356564019448947,0.921725239616613,0.444262295081967,0.961240310077519,0.159935379644588,0.955484896661367,0.974235104669887,0.858267716535433,0.969205834683955,0.0295566502463054,0.980769230769231,0.0253968253968254,0,0.734094616639478,0.865414710485133,0.961965134706815,0.0376175548589342,0,0.973270440251572,0.470684039087948,0.97029702970297,0.973312401883831,0.970542635658915,0.298273155416013,0.961661341853035,0.0302547770700637,0.93730407523511,0.0278207109737249,0.892857142857143,0.374009508716323,0,0.971246006389776,0,0.856025039123631,0.974763406940063,0.137987012987013,0.965244865718799,0.932069510268562,0.979938271604938,0.957413249211357,0.125200642054575,0.401898734177215,0.914893617021277,0.93517017828201,0.0750798722044728,0.0251177394034537,0.957860615883306,0.837881219903692,0,0,0.324058919803601,0.0016,0.97339593114241,0.274725274725275,0.858784893267652,0.768503937007874,0.968553459119497,0.454976303317536,0.4528,0.316129032258064,0.91025641025641,0.985553772070626,0.872239747634069,0,0.861370716510903,0.200980392156863,0.93192868719611,0.0222575516693164,0.0929133858267717,0.552674230145867,0.957074721780604,0.962790697674419,0.824561403508772,0.966876971608833,0.885483870967742,0,0.0935023771790808,0.66877971473851,0.970443349753695,0,0.971653543307087,0.967692307692308,0.55993690851735,0.578274760383387,0.969354838709677,0.971807628524046,0.389507154213037,0,0.874223602484472,0.548076923076923,0.958881578947368,0.0239234449760766,0.943661971830986,0.973813420621931,0.973101265822785,0.933441558441558,0.5484375,0.0289855072463768,0.954619124797407,0.5390625,0.031104199066874,0.0185471406491499,0.22792937399679,0.0303030303030303,0.175324675324675,0.683042789223455,0.0191387559808612,0.0266875981161695,0.0349761526232114,0.6,0.0732899022801303,0.9648,0.00977198697068404,0.0206677265500795,0,0.245954692556634,0.970826580226904,0.94912559618442,0.895734597156398,0,0.868770764119601,0.842857142857143,0.709208400646204,0.609324758842444,0.468497576736672,0.453947368421053,0.00946372239747634,0.968954248366013,0.124006359300477,0.706176961602671,0.951612903225806,0.0364500792393027,0.761290322580645,0.0275080906148867,0.141045958795563,0.973101265822785,0.97504159733777,0.876623376623377,0,0.643192488262911,0.87075928917609,0,0.0284810126582278,0.869767441860465,0.960127591706539,0,0.0297339593114241,0.0221518987341772,0.96260162601626,0.873977086743044,0.028006589785832,0,0.403174603174603,0.97258064516129,0.799058084772371,0.419457735247209,0.671031096563011,0.949764521193093,0.0369181380417336,0.970219435736677,0.9776,0.0337620578778135,0.952,0.972536348949919,0.956521739130435,0.971698113207547,0.220447284345048,0.330696202531646,0.310679611650485,0.963022508038585,0.96260162601626,0.0490506329113924,0.284329563812601,0.961290322580645,0.174679487179487,0.325153374233129,0.967741935483871,0.97588424437299,0.954041204437401,0.692058346839546,0.9734375,0.269918699186992,0.95447409733124,0.972886762360447,0,0.333333333333333,0.565008025682183,0.0387722132471729,0.0520504731861199,0.029320987654321,0.925984251968504,0.0396825396825397,0.0313479623824451,0,0.259493670886076,0.966129032258065,0.103503184713376,0.970149253731343,0.957413249211357,0.965354330708661,0.307692307692308,0.30114566284779,0.680577849117175,0.484140233722871,0,0.802232854864434,0.0359937402190923,0.0664605873261206,0.214170692431562,0.973941368078176,0.024,0,0.352290679304897,0.0359937402190923,0.0516962843295638,0.482258064516129,0.97092084006462,0.306425041186161,0.972927241962775,0.941935483870968,0,0.967741935483871,0.0203442879499218,0.973143759873618,0.813614262560778,0.971993410214168,0.0402576489533011,0.957547169811321,0.0290322580645161,0.868878357030016,0.728314238952537,0.927786499215071,0.962025316455696,0.969793322734499,0.315789473684211,0.948220064724919,0.97007874015748,0.0283464566929134,0.0561622464898596,0.975530179445351,0.973228346456693,0.344605475040258,0.87519747235387,0.942339373970346,0.940251572327044,0.97456279809221,0,0.137931034482759,0.969648562300319,0.0304975922953451,0,0.951456310679612,0.00814332247557003,0.0694668820678514,0.974723538704581,0.948635634028893,0.00162866449511401,0.624213836477987,0.425081433224756,0.972402597402597,0.0289389067524116,0.891233766233766,0.970588235294118,0.396468699839486,0.620414673046252,0.813614262560778,0,0.183144246353323,0.953074433656958,0.971061093247588,0.446031746031746,0.971563981042654,0.946488294314381,0.0548387096774194,0,0.966613672496025,0.97275641025641,0.943037974683544,0.684713375796178,0.0289855072463768,0.853658536585366,0.254428341384863,0.194957983193277,0.00479233226837061,0.612111292962357,0.619354838709677,0.613418530351438,0,0.311688311688312,0.906645569620253,0.63391442155309,0.541269841269841,0.102167182662539,0,0,0.972809667673716,0.953775038520801,0,0.907051282051282,0.00803858520900321,0,0,0.974317817014446,0,0.975165562913907,0.765751211631664,0.55054432348367,0.975039001560062,0,0,0.973270440251572,1,0.71585557299843,0.0284810126582278,0.00165289256198347,0.866043613707165,0.624012638230648,0.979527559055118,0.54559748427673,0.372611464968153,0,0.952380952380952,0.0294599018003273,0.944894651539708,0.112377850162866,0,0.0312989045383412,0.143780290791599,0.505942275042445,0.951456310679612,0,0.93944099378882,0.961844197138315,0.968798751950078,0,0.0912,0.930976430976431,0.0316139767054908,0.973312401883831,0.974763406940063,0.0394321766561514,0.97427652733119,0.318255250403877,0.814516129032258,0.0420032310177706,0.190864600326264,0.944532488114105,0.00972447325769854,0.0258899676375405,0.957547169811321,0.035426731078905,0.661764705882353,0.390048154093098,0,0.131537242472266,0.76260162601626,0.284345047923323,0.961783439490446,0.0259319286871961,0.172897196261682,0.468333333333333,0.936532507739938,0.879936808846761,0.945072697899838,0.73538961038961,0,0.966666666666667,0.026813880126183,0.945773524720893,0.413961038961039,0.031201248049922,0.979166666666667,0.974317817014446,0.972668810289389,0.62085308056872,0.963492063492064,0.1552,0.210355987055016,0.928343949044586,0.861370716510903,0,0,0.967845659163987,0.922950819672131,0.040650406504065,0.9648,0.973228346456693,0.385737439222042,0.913621262458472,0.741042345276873,0.865834633385335,0,0.951690821256039,0.354066985645933,0.971153846153846,0.969551282051282,0,0.648953301127214,0.960063897763578,0.0275080906148867,0.689210950080515,0.405362776025237,0.791021671826625,0.693181818181818,0.935085007727975,0.105990783410138,0.965460526315789,0.97456279809221,0.970125786163522,0.3278955954323,0.112519809825674,0.971383147853736,0.976452119309262,0.00636942675159236,0.781847133757962,0.477564102564103,0.287319422150883,0.787974683544304,0.968,0.901273885350318,0.974683544303797,0.127358490566038,0.0293637846655791,0,0.823712948517941,0.0313479623824451,0.0271132376395534,0.293354943273906,0,0.971246006389776,0.897271268057785,0.974358974358974,0.979462875197472,0.112540192926045,0.0304975922953451,0,0,0.200642054574639,0.102106969205835,0.167987321711569,0,0.0285714285714286,0.969889064976228,0.0190174326465927,0.318979266347687,0.97557003257329,0.597133757961783,0.964285714285714,0.662420382165605,0.6359375,0,0.974006116207951,0.411954765751212,0.512903225806452,0.910077519379845,0.962382445141066,0.416666666666667,0.00644122383252818,0.941362916006339,0.950871632329635,0,0.942724458204334,0.042654028436019,0.96,0.434713375796178,0,0.00635930047694754,0.535353535353535,0.857369255150555,0.0304487179487179,0.158238172920065,0.00798722044728434,0.00165289256198347,0.778816199376947,0.0479233226837061,0.974958263772955,0.34185303514377,0.966981132075472,0.028169014084507,0.394904458598726,0.343598055105348,0.867862969004894,0.122349102773246,0.028436018957346,0.00159489633173844,0.0620915032679739,0,0.968701095461659,0.0637254901960784,0.966257668711656,0.0240770465489567,0.97588424437299,0,0.540372670807453,0.482758620689655,0.974317817014446,0,0.971698113207547,0,0.414355628058728,0.962441314553991,0,0.645468998410175,0.962962962962963,0.736156351791531,0.946166394779772,0.0630914826498423,0,0.973312401883831,0.279935275080906,0,0.699523052464229,0.0217054263565891,0.0440944881889764,0.978930307941653,0.972357723577236,0.966666666666667,0.950558213716108,0.96260162601626,0,0.952,0.0204081632653061,0.36405529953917,0.307936507936508,0.971383147853736,0.973312401883831,0.97360248447205,0.971383147853736,0.0585443037974684,0.0365079365079365,0.970394736842105,0.942675159235669,0.70735524256651,0.973186119873817,0.973101265822785,0.955555555555556,0,0,0.958204334365325,0,0.0893416927899686,0,0.94488188976378,0.296235679214403,0.218597063621533,0.14218009478673,0.955056179775281,0,0.125996810207337,0.9728,0.972886762360447,0.652733118971061,0.442901234567901,0.223255813953488,0.204968944099379,0.639802631578947,0.0253164556962025,0.137876386687797,0.563402889245586,0.292063492063492,0.704581358609795,0.0299212598425197,0,0.0260162601626016,0.338788870703764,0.96551724137931,0.615506329113924,0.251162790697674,0.625,0.86984126984127,0.961119751166407,0.933333333333333,0.967213114754098,0.973813420621931,0.975609756097561,0.588141025641026,0.437299035369775,0.966772151898734,0.0358814352574103,0.0299684542586751,0.864516129032258,0.0109546165884194,0.969936708860759,0.944968553459119,0,0.150729335494327,0,0.936790923824959,0,0.958860759493671,0.97456279809221,0.0343213728549142,0.839427662957075,0.973926380368098,0.665056360708535,0.630434782608696,0.861290322580645,0,0,0.924623115577889,0.92802450229709,0.971563981042654,0,0,0.0297029702970297,0.262166405023548,0.512820512820513,0,0.479559748427673,0,0.907467532467532,0.965686274509804,0.185064935064935,0.261006289308176,0,0.363047001620746,0.597738287560582,0.852380952380952,0.948194662480377,0.78743961352657,0.0252764612954186,0.967105263157895,0.0144230769230769,0.968333333333333,0,0.965625,0.00474683544303797,0.973941368078176,0.0350877192982456,0.0279605263157895,0,0,0.836220472440945,0.909090909090909,0.917316692667707,0.721003134796238,0.0542635658914729,0.0258481421647819,0.825878594249201,0.823712948517941,0,0.0387096774193548,0.946078431372549,0,0.959481361426256,0.943307086614173,0.0936507936507937,0.0411392405063291,0.0288,0.97196261682243,0.495161290322581,0.0930979133226324,0.131795716639209,0.13968253968254,0.685245901639344,0.125386996904025,0.967689822294023,0,0.760586319218241,0.963722397476341,0.0032626427406199,0,0.0296411856474259,0,0.0303030303030303,0.972179289026275,0.734323432343234,0.028892455858748,0.0273311897106109,0.552287581699346,0.939102564102564,0.448818897637795,0.0515625,0.027823240589198,0.0570962479608483,0.0223285486443381,0,0.0532258064516129,0.031201248049922,0.016260162601626,0.0330708661417323,0.0265210608424337,0.0485436893203883,0.0588235294117647,0.0382775119617225,0.0223285486443381,0.00658978583196046,0.0289855072463768,0.028125,0.0591054313099042,0.0350877192982456,0.023696682464455,0.0294599018003273,0.0300632911392405,0.0453074433656958,0.0304487179487179,0.02660406885759,0.0266457680250784,0.0636942675159236,0.0260736196319018,0.0254777070063694
"96",0,0,0,0,0,0,0.0111464968152866,0.00158227848101266,0,1,0,1,0,0,0,0,1,0.984202211690363,0,0,0,0,0,1,0,0,0,0,0,0,0,0,0,0,1,0,0.976780185758514,0,0,0,0.998439937597504,0.982998454404946,0.992248062015504,0,0,0,0,0,0,0,1,0,0,0,0.010989010989011,0,1,0,0.0031055900621118,0,0,0,0,1,0,0,1,0,1,0,0,0,0,0,1,0,0,0,0,0,1,0,0,0,0,0,0,0,0.00308166409861325,0.987767584097859,0,0,1,1,0,1,0.0171875,0,0.990783410138249,0.988906497622821,0.00946372239747634,1,0,0,0,0,0.988871224165342,0.0031104199066874,0,0,0,0.0142630744849445,0,0,1,0,0,1,0,0,1,0,0,0,0,0,0,0,1,0.00625978090766823,0,0,0,1,0,0,1,0,0,0.00642054574638844,1,1,0,0,0,0,0,0,0,0,0,0,0,0,0,0,0,0,1,0,0.00304878048780488,0,0,1,0,0,0,0,0,0,0,0,0,0,0.00158227848101266,0,1,0,1,0,0,0,0,0,0,0,0,0,0,0,0,0,0,0.0202177293934681,1,1,0,0.998454404945904,0,0,0.0126782884310618,0,0,0,0,0,0,0,0,1,0,0,0,0,0,0.00471698113207547,0,0,0,0,0,1,0,0,0,1,0,0,0.00469483568075117,0,0,0,0.0174880763116057,1,0.0138461538461538,0,0,0,0,0,0,0,0,0,0,0,0,0,0,0,0,0,0,0,0,0,0,0,0.9872,0,1,0.00158227848101266,0,0,0,1,0.00157232704402516,0.00308166409861325,0,0,0,0,0.987616099071207,0,0,0,0,0,0,0,0,0,0,0.0146818923327896,1,0,0.0158982511923688,1,0,0.0137614678899083,0.00158478605388273,1,0,0,0,0,0,1,0.015552099533437,0,0,0,0,0,0,0,0,0,0,0,0,0,0,0,0,0.00321027287319422,0,0.946153846153846,0,0,0,0,0,0,0,0,0,0,0,0,1,0,0.00794912559618442,0,0.94620253164557,0,0,0,0,1,0,0,0,0,0,0,0,0,0,0,1,0,0,0,0,0,0,1,0,0,0,0,0,0,0,0,1,0,0,0,0,0,0,0,0,0,0,0,0,0.00315457413249211,0,0,0,0,0,0,0,0,0,0,0,0,1,0,0,0,1,0,0.987261146496815,0,0,0,0.995283018867924,0.00778816199376947,0,0,0,0,0,0,0,0,1,0,0.0016260162601626,0,0,0,0,0,1,0,0,0,0,0,0.00321543408360129,0,0.0149501661129568,0.992248062015504,0,0,0,1,0,0,0,0,0,1,1,0,0,1,0,0.9890625,1,1,0,1,0,0.00156985871271586,0.00606980273141123,0,1,1,0,0,0,0,0.996768982229402,0.0201863354037267,0,0,0,0,1,0,0,0,0,1,0,0,0,0.00154083204930663,1,0,0,0,1,0,0,0,0,0,0,0,0,0,0,0,0,0.988958990536278,0,0,0,0,0.00956937799043062,1,0,0,0,0,0,0,0,0,0,0,0,1,0,0,0,0.00320512820512821,0,0,0,0,0,0,0,0,0,0.0124031007751938,1,1,0,0,0,0,0,0,0,0,0.015527950310559,1,0,0.0157977883096366,0,0,1,0,0,0,0,0,0,0,0,0,0.00159235668789809,0,0,0.0144230769230769,0.0265210608424337,0,0,0.990867579908676,0,0,0,0,0,0,0,0.771121351766513,0,1,0,0,0,0,1,0,0,0,0,0,0,1,1,0,0,0,1,0,0,0.553158705701079,0,0,0.00923076923076923,0,0,0,1,0,0,0,0.00460122699386503,0,0,0.990697674418605,0,0,1,0.00153139356814701,0,0,0,1,0.990580847723705,0,0,0,0,0.9875,0.998371335504886,0,0,0,0,0,0,0,0,0.00323101777059774,0,0,0.996830427892235,0,1,0,0.152979066022544,0.00152439024390244,0,0,1,0,0,0,1,0,1,0,0,1,0.0152905198776758,0,0,0,0,1,0,0,1,0,0,0,0,0,0,0.0031104199066874,0,1,0,0.97542242703533,0.01875,0,0,0,0,0,0.910077519379845,0,0,0,0,0,0,0,1,1,0,1,0,1,0,0,0,0,0,1,0,0,0,0,0,0,0,0,0,0,0,0,0,0,1,0,0.0176,0,0.0297339593114241,0,0,0.0031055900621118,0,0.00164203612479475,0,0,0,0,0,0,0,0,0,0.987692307692308,0,0,1,0,1,0,1,0,0,0,0,0,0.00160771704180064,0,0.017515923566879,1,1,0,0,0,1,1,0,0,0,1,0,1,0,0,0.0349761526232114,0,1,0,0,0,0,0,0,0,0.902476780185758,0,1,0,0.990668740279938,0,0,0.352290679304897,1,1,0,0,0.0109204368174727,0,0,0,0,0,1,0,0,1,0,0,0,0.956318252730109,0,0,0,0,0,0,0,0,0,1,0,0,0.995207667731629,1,0,1,0,0,0,0,0,0.00474683544303797,0.00321027287319422,0,0.948995363214838,0,0.895161290322581,0.97007874015748,1,0.156645569620253,0,0,0.00459418070444104,0,0.950479233226837,0.942097026604069,0,0.970172684458399,0.990384615384615,0.939721792890263,0.964506172839506,0.942546583850932,0,0.962848297213622,0,0,0.955696202531646,0,0.924265842349305,0,0.0470957613814757,0,0
"97",0.307570977917981,0.306278713629403,0.309815950920245,0.337579617834395,0.292332268370607,0.294212218649518,0.391236306729264,0.3265625,0.279320987654321,0.0158478605388273,0.292307692307692,0.0173501577287066,0.56832298136646,0.297637795275591,0.695517774343122,0.692780337941628,0.0184899845916795,0.0202808112324493,0.302066772655008,0.301857585139319,0.78680981595092,0.677316293929712,0.295208655332303,0.0182094081942337,0.342507645259939,0.646129541864139,0.7171875,0.296178343949045,0.668195718654434,0.532110091743119,0.688549618320611,0.55607476635514,0.471786833855799,0.623655913978495,0.0170542635658915,0.303543913713405,0.0366412213740458,0.284603421461897,0.805059523809524,0.362252663622527,0.0214723926380368,0.0172143974960876,0.0216383307573416,0.292527821939587,0.4624,0.704944178628389,0.547987616099071,0.691222570532915,0.628048780487805,0.709284627092846,0.02,0.303875968992248,0.730769230769231,0.293375394321767,0.396825396825397,0.694006309148265,0.0193236714975845,0.32120253164557,0.318818040435459,0.389147286821705,0.622670807453416,0.662576687116564,0.694620253164557,0.0192307692307692,0.386327503974563,0.455108359133127,0.020440251572327,0.305084745762712,0.0171606864274571,0.675632911392405,0.36793893129771,0.685758513931889,0.702492211838006,0.293577981651376,0.0186625194401244,0.53822629969419,0.691842900302115,0.570107858243451,0.394230769230769,0.661764705882353,0.0188383045525903,0.507020280811232,0.667173252279635,0.294753086419753,0.710526315789474,0.371385083713851,0.289922480620155,0.318252730109204,0.308892355694228,0.0211161387631976,0.306349206349206,0.280125195618153,0.0187793427230047,0.0154798761609907,0.324409448818898,0.0171875,1,0.315870570107858,0.0138888888888889,0.0172684458398744,0.689814814814815,0.0203442879499218,0.812006319115324,0.287974683544304,0.763803680981595,0.287974683544304,0.0171606864274571,0.31619937694704,0.681318681318681,0.690140845070423,0.696456086286595,0.380503144654088,0.661538461538462,0.296703296703297,0.015748031496063,0.311728395061728,0.524105754276827,0.0151515151515152,0.703703703703704,0.672985781990521,0.0166666666666667,0.488076311605723,0.830482115085537,0.686804451510334,0.323529411764706,0.689393939393939,0.290030211480363,0.304147465437788,0.0200617283950617,0.7640625,0.362928348909657,0.60731319554849,0.308426073131955,0.0169753086419753,0.303317535545024,0.687311178247734,0.0201550387596899,0.824175824175824,0.482704402515723,0.802861685214626,0.0142630744849445,0.01743264659271,0.327692307692308,0.495327102803738,0.691943127962085,0.289968652037618,0.684375,0.363214837712519,0.604430379746835,0.295352323838081,0.813915857605178,0.3,0.288401253918495,0.412942989214176,0.294573643410853,0.672,0.304482225656878,0.680061823802164,0.0106707317073171,0.512307692307692,0.418070444104135,0.30781010719755,0.683001531393568,0.0197869101978691,0.290322580645161,0.621794871794872,0.296596434359805,0.301710730948678,0.287692307692308,0.613981762917933,0.30521472392638,0.687402799377916,0.337899543378995,0.689291101055807,0.378029079159935,0.606864274570983,0.0173228346456693,0.313664596273292,0.0139318885448916,0.393798449612403,0.299689440993789,0.686821705426357,0.310664605873261,0.341500765696784,0.297297297297297,0.312307692307692,0.714728682170543,0.624808575803982,0.363636363636364,0.357371794871795,0.693396226415094,0.693251533742331,0.317460317460317,0.430124223602484,0.0150602409638554,0.021875,0.857594936708861,0.0155038759689922,0.290909090909091,0.68,0.417981072555205,0.460949464012251,0.296803652968037,0.7671875,0.623639191290824,0.81042654028436,0.32,0.316037735849057,0.397534668721109,0.0173228346456693,0.401225114854518,0.817447495961228,0.3296875,0.697305863708399,0.684766214177979,0.779661016949153,0.3078125,0.316998468606432,0.433489827856025,0.292379471228616,0.396899224806202,0.0154559505409583,0.69170579029734,0.557926829268293,0.304140127388535,0.0170015455950541,0.297709923664122,0.313343328335832,0.754716981132076,0.527047913446677,0.299373040752351,0.29746835443038,0.974921630094044,0.0208,0.388719512195122,0.582945736434109,0.313001605136437,0.685847589424572,0.320061255742726,0.292134831460674,0.298904538341158,0.328638497652582,0.554364471669219,0.6984375,0.315707620528771,0.543076923076923,0.686186186186186,0.687311178247734,0.65086887835703,0.67981072555205,0.775157232704403,0.59236641221374,0.675548589341693,0.692546583850932,0.68944099378882,0.698027314112291,0.690140845070423,0.322429906542056,0.0186625194401244,0.6801872074883,0.0204081632653061,0.905808477237049,0.299050632911392,0.304347826086957,0.35548686244204,0.0153846153846154,0.419405320813772,0.415644171779141,0.527472527472527,0.537383177570093,0.610328638497653,0.594976452119309,0.0182926829268293,0.283464566929134,0.773700305810398,0.540322580645161,0.31055900621118,0.692780337941628,0.525581395348837,0.70606531881804,0.69195751138088,0.301369863013699,0.286407766990291,0.398119122257053,0.016793893129771,0.63312693498452,0.408385093167702,0.0217729393468118,0.708074534161491,0.372932330827068,0.317484662576687,0.0169491525423729,0.691489361702128,0.697996918335901,0.306089743589744,0.404153354632588,0.692551505546751,0.0190174326465927,0.956723338485317,0.302795031055901,0.493865030674847,0.631741140215716,0.596491228070175,0.3125,0.684375,0.284178187403994,0.28129829984544,0.694488188976378,0.327613104524181,0.292721518987342,0.330683624801272,0.293291731669267,0.688473520249221,0.707620528771384,0.816485225505443,0.317610062893082,0.344,0.0261136712749616,0.670846394984326,0.31875,0.675,0.655172413793103,0.302003081664099,0.313084112149533,0.317757009345794,0.570063694267516,0.28978978978979,0.661927330173776,0.333333333333333,0.2921875,0.0155763239875389,0.704615384615385,0.79140127388535,0.70404984423676,0.0323076923076923,0.678353658536585,0.36055469953775,0.684451219512195,0.682370820668693,0.0151975683890578,0.68025078369906,0.306376360808709,0.716510903426791,0.31637519872814,0.327666151468315,0.293291731669267,0.848818897637795,0.845161290322581,0.519623233908948,0.577049180327869,0.0170015455950541,0.450858034321373,0.692537313432836,0.672782874617737,0.791344667697063,0.27742946708464,0.702619414483821,0.0168195718654434,0.710166919575114,0.7,0.698738170347003,0.5953125,0.30503144654088,0.657004830917874,0.296774193548387,0.316037735849057,0.0170542635658915,0.293333333333333,0.676829268292683,0.30381679389313,0.440809968847352,0.298245614035088,0.697492163009404,0.31859756097561,0.685670261941448,0.381475667189953,0.4913112164297,0.356269113149847,0.315789473684211,0.291021671826625,0.797488226059655,0.326018808777429,0.282674772036474,0.682027649769585,0.695721077654517,0.289968652037618,0.286153846153846,0.641975308641975,0.37245696400626,0.321086261980831,0.321592649310873,0.275914634146341,0.0172684458398744,0.669856459330144,0.290372670807453,0.694835680751174,0.0223642172523962,0.313880126182965,0.0192,0.679873217115689,0.292237442922374,0.320754716981132,0.0171875,0.695859872611465,0.596244131455399,0.325434439178515,0.685714285714286,0.376788553259142,0.285714285714286,0.692307692307692,0.658986175115207,0.453543307086614,0.0141287284144427,0.818740399385561,0.292913385826772,0.304347826086957,0.582945736434109,0.291411042944785,0.295161290322581,0.700310559006211,0.0125391849529781,0.313546423135464,0.293023255813953,0.343605546995377,0.497723823975721,0.702954898911353,0.419152276295133,0.661042944785276,0.878688524590164,0.0186046511627907,0.547169811320755,0.537854889589905,0.548136645962733,0.0168970814132104,0.668276972624799,0.377300613496933,0.534775888717156,0.576168929110106,0.684131736526946,0.0169491525423729,0.0179640718562874,0.28928046989721,0.320121951219512,0.0151285930408472,0.358578052550232,0.0141509433962264,0.013595166163142,0.0177705977382876,0.286833855799373,0.0170542635658915,0.303030303030303,0.513219284603421,0.78907435508346,0.286798179059181,0.0142405063291139,0.0127186009538951,0.294027565084227,0.333841463414634,0.52093023255814,0.691489361702128,0.01875,0.400921658986175,0.685271317829457,0.294573643410853,0.539877300613497,0.630434782608696,0.0185758513931889,0.31441717791411,0.697933227344992,0.332288401253919,0.686427457098284,0.0182094081942337,0.691489361702128,0.711356466876972,0.553054662379421,0.324031007751938,0.0154559505409583,0.355932203389831,0.318461538461538,0.28,0.0201238390092879,0.689274447949527,0.315875613747954,0.695161290322581,0.281538461538462,0.299539170506912,0.680555555555556,0.281733746130031,0.829721362229102,0.467692307692308,0.684458398744113,0.814102564102564,0.336477987421384,0.0190174326465927,0.693972179289026,0.331297709923664,0.693037974683544,0.568965517241379,0.618066561014263,0.0184615384615385,0.695787831513261,0.493610223642172,0.838810641627543,0.308892355694228,0.67601246105919,0.707241910631741,0.621187800963082,0.337442218798151,0.389908256880734,0.340625,0.476489028213166,0.0188383045525903,0.298621745788668,0.697568389057751,0.297805642633229,0.874801901743265,0.695121951219512,0.281931464174455,0.293563579277865,0.277864992150706,0.480739599383667,0.305426356589147,0.797488226059655,0.799368088467615,0.346811819595645,0.409582689335394,0.015220700152207,0.0173501577287066,0.296825396825397,0.336492890995261,0.687598116169545,0.324492979719189,0.306027820710974,0.84375,0.345425867507886,0.552099533437014,0.394736842105263,0.021505376344086,0.311320754716981,0.984399375975039,0.302469135802469,0.287713841368585,0.0150375939849624,0.55625,0.315132605304212,0.682737169517885,0.531055900621118,0.61136712749616,0.441930618401207,0.503912363067293,0.31866464339909,0.687218045112782,0.307210031347962,0.28816199376947,0.325688073394495,1,0.797191887675507,0.290769230769231,0.286363636363636,0.0184615384615385,0.48531684698609,0.596302003081664,0.6609375,0.470137825421133,0.290015847860539,0.373250388802488,0.294656488549618,0.200617283950617,0.681672025723473,0.0165912518853695,0.452978056426332,0.682389937106918,0.691358024691358,0.66306027820711,0.0218068535825545,0.313084112149533,0.361832061068702,0.298136645962733,0.307692307692308,0.684627575277338,0.693396226415094,0.0152905198776758,0.0171875,0.790551181102362,0.694488188976378,0.691943127962085,0.0183767228177642,0.681047765793529,0.289922480620155,0.300925925925926,0.854889589905363,0.299684542586751,0.729393468118196,0.319620253164557,0.520610687022901,0.549923195084485,0.0185471406491499,0.292974588938714,0.802839116719243,0.74414976599064,0.378012048192771,0.298937784522003,0.690769230769231,0.0202177293934681,0.335913312693498,0.337920489296636,0.0188679245283019,0.305135951661631,0.701399688958009,0.308056872037915,0.62,0.0172684458398744,0.0198776758409786,0.742718446601942,0.446875,0.692307692307692,0.676328502415459,0.0186625194401244,0.0147540983606557,0.459016393442623,0.699212598425197,0.296416938110749,0.661068702290076,0.292424242424242,0.690184049079755,0.6,0.637658227848101,0.420127795527157,0.712918660287081,0.698924731182796,0.0216383307573416,0.698587127158556,0.0185758513931889,0.298192771084337,0.639741518578352,0.307807807807808,0.698461538461538,0.301916932907348,0.0201863354037267,0.571212121212121,0.63265306122449,0.301412872841444,0.0174050632911392,0.298003072196621,0.01875,0.640699523052464,0.307219662058372,0.0184615384615385,0.66412213740458,0.297939778129952,0.417582417582418,0.343354430379747,0.690292758089368,0.0184049079754601,0.291472868217054,0.656050955414013,0.0168195718654434,0.552147239263804,0.684684684684685,0.68960244648318,0.280507131537242,0.290625,0.291158536585366,0.305772230889236,0.315541601255887,0.0154798761609907,0.31937984496124,0.0231481481481481,0.976816074188563,0.654263565891473,0.296923076923077,0.29984544049459,0.301059001512859,0.301829268292683,0.0768049155145929,0.708141321044547,0.311074918566775,0.322530864197531,0.507668711656442,0.30757341576507,0.292758089368259,0.330733229329173,0.0168711656441718,0.0198170731707317,0.305847076461769,0.0122324159021407,0.690402476780186,0.0185758513931889,0.349529780564263,0.650393700787402,0.669341894060995,0.711890243902439,0.352941176470588,0.0201550387596899,0.751543209876543,0.295031055900621,0.290571870170015,0.533541341653666,0.774814814814815,0.680722891566265,0.673780487804878,0.489795918367347,0.685975609756098,0.673374613003096,0.73125,0.6703125,0.510606060606061,0.687975646879756,0.0141732283464567,0.686915887850467,0.996845425867508,0.280193236714976,0.690402476780186,0.828787878787879,0.544323483670295,0.425696594427245,0.316590563165906,0.3376,0.296825396825397,0.29903536977492,0.308426073131955,0.569206842923795,0.607692307692308,0.302066772655008,0.705089820359281,0.699395770392749,0.41304347826087,0.0200308166409861,0.286149162861492,0.292048929663609,0.0203442879499218,0.716346153846154,0.015600624024961,0.328703703703704,0.019047619047619,0.318885448916409,0.297971918876755,0.706605222734255,0.429017160686427,0.289193302891933,0.639240506329114,0.621745788667688,0.412974683544304,0.0168195718654434,0.0172684458398744,0.354471544715447,0.360119047619048,0.306625577812018,0.0169230769230769,0.0170542635658915,0.685897435897436,0.664652567975831,0.58887171561051,0.0171606864274571,0.606299212598425,0.015220700152207,0.340222575516693,0.2984375,0.786053882725832,0.665644171779141,0.0149700598802395,0.63968253968254,0.517241379310345,0.3796875,0.328725038402458,0.513219284603421,0.693498452012384,0.308306709265176,0.115625,0.300314465408805,0.0173228346456693,0.290909090909091,0.018957345971564,0.3,0.689873417721519,0.452076677316294,0.0155038759689922,0.0111111111111111,0.423017107309487,0.347551342812006,0.340943683409437,0.514503816793893,0.693939393939394,0.687797147385103,0.3950233281493,0.359583952451709,0.0126182965299685,0.68503937007874,0.324031007751938,0.0138248847926267,0.305246422893482,0.32572298325723,0.692546583850932,0.0278207109737249,0.684698608964451,0.304147465437788,0.594637223974763,0.683464566929134,0.684126984126984,0.675883256528418,0.524959742351047,0.712074303405573,0.293375394321767,0.0205047318611987,0.516693163751987,0.30441400304414,0.0203761755485893,0.0186625194401244,0.693939393939394,0.0156494522691706,0.706896551724138,0.294117647058824,0.482371794871795,0.688291139240506,0.686427457098284,0.756671899529042,0.334379905808477,0.671274961597542,0.027355623100304,0.6928,0.0715421303656598,0.0323574730354391,0.0174603174603175,0.61128526645768,0.673716012084592,0.683307332293292,0.70015455950541,0.680555555555556,0.0298273155416013,0.0325077399380805,0.700468018720749,0.0287539936102236,0.0191082802547771,0.0564024390243902,0.0338983050847458,0.0231481481481481,0.703296703296703,0.0430769230769231,0.689381933438986,0.697063369397218,0.0268987341772152,0.698587127158556,0.076103500761035,0.689922480620155,0.669218989280245,0.696296296296296,0.676656151419558
"98",0.9826224328594,0.978361669242658,0.961538461538462,0.934713375796178,0.972491909385113,0.982315112540193,0.882995319812793,0.964285714285714,0.980122324159021,0,0.979655712050078,0,0.568965517241379,0.979462875197472,0.0632716049382716,0.0280373831775701,0,0.0157232704402516,0.976377952755906,0.964885496183206,0.172955974842767,0.0498392282958199,0.970496894409938,0,0.937597503900156,0.266561514195584,0.136075949367089,0.974683544303797,0.466666666666667,0.687405159332322,0.0166666666666667,0.705882352941177,0.76813880126183,0.285491419656786,0,0.982484076433121,0.0153846153846154,0.98,0.269172932330827,0.889922480620155,0.00155038759689922,0.015527950310559,0.00764525993883792,0.9826224328594,0.792937399678973,0.0412044374009509,0.532283464566929,0.0172955974842767,0.472012102874433,0.150914634146341,0,0.976489028213166,0.287949921752739,0.981072555205047,0.873417721518987,0.191387559808612,0,0.95859872611465,0.952526799387443,0.902290076335878,0.293663060278207,0.43531202435312,0.0205696202531646,0,0.896496815286624,0.822804314329738,0,0.97196261682243,0,0.01743264659271,0.836641221374046,0.0216383307573416,0.040625,0.984639016897081,0,0.716463414634146,0.0607476635514019,0.570532915360502,0.897151898734177,0.299003322259136,0,0.723338485316847,0.221538461538462,0.983076923076923,0.13251155624037,0.910631741140216,0.9796875,0.959438377535101,0.955384615384615,0.0106221547799697,0.974882260596546,0.981566820276498,0,0,0.962145110410095,0,0.315870570107858,1,0.00619195046439629,0.00788643533123028,0.608150470219436,0,0.296411856474259,0.979462875197472,0.124242424242424,0.982315112540193,0.00955414012738853,0.964396284829721,0.0189274447949527,0.0236593059936909,0.0294117647058824,0.892018779342723,0.357698289269051,0.976489028213166,0,0.977134146341463,0.72281776416539,0,0.0201238390092879,0.241269841269841,0,0.765258215962441,0.254290171606864,0.0936507936507937,0.963358778625954,0.160246533127889,0.98,0.976708074534162,0,0.547581903276131,0.930448222565688,0.488188976377953,0.968652037617555,0,0.977564102564103,0.0442748091603053,0,0.21978021978022,0.650470219435737,0.521531100478469,0,0,0.970358814352574,0.762052877138414,0.17515923566879,0.982594936708861,0.0263157894736842,0.918711656441718,0.44006309148265,0.97239263803681,0.152866242038217,0.973015873015873,0.98389694041868,0.825545171339564,0.984423676012461,0.0210355987055016,0.983050847457627,0.0186046511627907,0,0.744514106583072,0.857805255023184,0.970724191063174,0.036979969183359,0,0.980243161094225,0.471061093247588,0.981937602627258,0.984375,0.983024691358025,0.296296296296296,0.966049382716049,0.021875,0.95,0.0196969696969697,0.897035881435257,0.384375,0,0.971518987341772,0,0.843410852713178,0.984251968503937,0.135220125786164,0.981366459627329,0.938366718027735,0.973053892215569,0.957055214723926,0.11353032659409,0.398162327718224,0.916535433070866,0.937106918238994,0.0675039246467818,0.0248447204968944,0.968701095461659,0.850152905198777,0,0,0.304552590266876,0.00153374233128834,0.98310291858679,0.278963414634146,0.8712715855573,0.760061919504644,0.978851963746224,0.434375,0.438080495356037,0.29570747217806,0.909810126582278,0.956937799043062,0.871517027863777,0,0.867394695787831,0.2,0.935126582278481,0.0187793427230047,0.0893682588597843,0.5390625,0.957746478873239,0.972307692307692,0.829113924050633,0.979750778816199,0.879120879120879,0,0.0862068965517241,0.669218989280245,0.990521327014218,0,0.970992366412214,0.968373493975904,0.557120500782473,0.585780525502318,0.973186119873817,0.979099678456592,0.366197183098592,0,0.878234398782344,0.528571428571429,0.958466453674121,0.0217391304347826,0.95398773006135,0.985691573926868,0.98125,0.941455696202532,0.527863777089783,0.0203442879499218,0.962382445141066,0.555209953343701,0.024390243902439,0.0149253731343284,0.2078125,0.0215716486902928,0.16380655226209,0.665151515151515,0.020440251572327,0.0199692780337942,0.0291858678955453,0.581929555895865,0.0611916264090177,0.971653543307087,0.0127186009538951,0.015600624024961,0,0.241269841269841,0.979655712050078,0.965625,0.885802469135803,0,0.864779874213837,0.853620955315871,0.697637795275591,0.610591900311526,0.466981132075472,0.456964006259781,0.0124031007751938,0.977777777777778,0.113323124042879,0.708399366085578,0.950871632329635,0.0264797507788162,0.746105919003115,0.0234009360374415,0.140405616224649,0.977341389728097,0.981042654028436,0.880763116057234,0,0.630769230769231,0.877329192546584,0,0.0186915887850467,0.882621951219512,0.969889064976228,0,0.0170015455950541,0.0200927357032458,0.976190476190476,0.8848,0.0177705977382876,0,0.384251968503937,0.984276729559748,0.792626728110599,0.407176287051482,0.658805031446541,0.953632148377125,0.0250783699059561,0.983076923076923,0.979813664596273,0.0264797507788162,0.961360123647604,0.98125,0.962962962962963,0.981220657276995,0.208722741433022,0.320552147239264,0.297805642633229,0.968102073365231,0.926751592356688,0.049306625577812,0.267828843106181,0.966309341500766,0.169491525423729,0.31859756097561,0.984276729559748,0.978260869565217,0.960691823899371,0.699842022116904,0.978560490045942,0.2496,0.952307692307692,0.981132075471698,0,0.334360554699538,0.550955414012739,0.0375,0.0541795665634675,0.0247678018575851,0.901081916537867,0.0357698289269051,0.0184899845916795,0,0.239938080495356,0.974842767295597,0.0927672955974843,0.975688816855754,0.962674961119751,0.979623824451411,0.291798107255521,0.295527156549521,0.662037037037037,0.487883683360259,0,0.807692307692308,0.0256797583081571,0.0605143721633888,0.210526315789474,0.979397781299525,0.0169753086419753,0,0.339449541284404,0.0322085889570552,0.0410094637223975,0.480190174326466,0.987635239567233,0.2921875,0.979299363057325,0.950078003120125,0,0.988005997001499,0.0167173252279635,0.983154670750383,0.813374805598756,0.986991869918699,0.0219092331768388,0.961656441717791,0.0185758513931889,0.8712715855573,0.71563981042654,0.930981595092024,0.973724884080371,0.984375,0.302215189873418,0.95,0.977341389728097,0.0200308166409861,0.0496124031007752,0.978227060653188,0.979782270606532,0.341013824884793,0.870967741935484,0.943089430894309,0.947040498442368,0.982785602503912,0,0.126582278481013,0.981366459627329,0.0218408736349454,0,0.957006369426752,0.0110935023771791,0.059748427672956,0.98145285935085,0.957413249211357,0.00469483568075117,0.624213836477987,0.435257410296412,0.979365079365079,0.0175718849840256,0.859154929577465,0.982428115015974,0.377567140600316,0.590214067278288,0.799377916018662,0,0.1743264659271,0.964516129032258,0.98125,0.4578125,0.981395348837209,0.95364238410596,0.0486656200941915,0.0015600624024961,0.978361669242658,0.979623824451411,0.941548183254344,0.677570093457944,0.0237341772151899,0.860062893081761,0.25194401244168,0.190243902439024,0.0061633281972265,0.62779552715655,0.589622641509434,0.618012422360248,0,0.303656597774245,0.905132192846034,0.639016897081413,0.533950617283951,0.104633781763827,0,0,0.980683506686478,0.957120980091884,0,0.912363067292645,0.00950871632329636,0,0,0.978328173374613,0,0.980769230769231,0.763523956723339,0.527272727272727,0.978428351309707,0,0,0.975346687211094,0.952167414050822,0.725880551301684,0.0169230769230769,0.00159235668789809,0.87308868501529,0.58599695585997,0.981481481481482,0.551987767584098,0.36650868878357,0,0.967542503863988,0.0191082802547771,0.944532488114105,0.104928457869634,0,0.0257966616084977,0.141955835962145,0.478688524590164,0.957878315132605,0,0.94856278366112,0.956656346749226,0.979969183359014,0,0.0950871632329636,0.931818181818182,0.0211382113821138,0.983257229832572,0.981679389312977,0.0248447204968944,0.981424148606811,0.309230769230769,0.799377916018662,0.0288,0.182965299684543,0.953051643192488,0.009375,0.0184899845916795,0.964669738863287,0.0303030303030303,0.667711598746082,0.397174254317111,0,0.128125,0.737341772151899,0.268445839874411,0.973684210526316,0.0217391304347826,0.170015455950541,0.464579901153213,0.940998487140696,0.881458966565349,0.945736434108527,0.743264659270998,0,0.967791411042945,0.0152905198776758,0.958461538461538,0.409385113268608,0.0197268588770865,0.984544049459042,0.976489028213166,0.979462875197472,0.651702786377709,0.969325153374233,0.145110410094637,0.206022187004754,0.924031007751938,0.869362363919129,0,0,0.972843450479233,0.92246835443038,0.0349761526232114,0.967289719626168,0.981279251170047,0.371473354231975,0.914556962025316,0.724683544303797,0.877300613496933,0,0.94794952681388,0.335453100158982,0.979719188767551,0.984520123839009,0,0.656739811912226,0.963779527559055,0.0185471406491499,0.692307692307692,0.399068322981366,0.793363499245852,0.686708860759494,0.936073059360731,0.106544901065449,0.96984126984127,0.981651376146789,0.973886328725038,0.308441558441558,0.104851330203443,0.984350547730829,0.983333333333333,0.00763358778625954,0.781201848998459,0.449074074074074,0.27906976744186,0.765069551777434,0.979495268138801,0.866877971473851,0.987616099071207,0.125960061443932,0.0194489465153971,0,0.821428571428571,0.0219092331768388,0.0139318885448916,0.299689440993789,0,0.979527559055118,0.909797822706065,0.983024691358025,0.98468606431853,0.104037267080745,0.0188383045525903,0,0,0.187096774193548,0.0969793322734499,0.177672955974843,0,0.0154798761609907,0.979559748427673,0.0140405616224649,0.307210031347962,0.980830670926518,0.575193798449612,0.955342902711324,0.669753086419753,0.655436447166922,0,0.982274741506647,0.405705229793978,0.495297805642633,0.90990990990991,0.975609756097561,0.405616224648986,0.0125588697017268,0.944968553459119,0.95,0,0.954545454545455,0.0305343511450382,0.972402597402597,0.431221020092736,0,0.00773993808049536,0.510603588907015,0.836767036450079,0.0202492211838006,0.1616,0.0108527131782946,0.00161812297734628,0.740399385560676,0.0378548895899054,0.982171799027553,0.340523882896764,0.976489028213166,0.0181543116490166,0.372093023255814,0.324281150159744,0.864951768488746,0.113452188006483,0.0215716486902928,0.0031104199066874,0.053968253968254,0,0.981651376146789,0.0527156549520767,0.973053892215569,0.0190174326465927,0.982839313572543,0,0.526964560862866,0.462025316455696,0.978294573643411,0,0.983050847457627,0,0.412698412698413,0.975155279503106,0,0.650381679389313,0.967441860465116,0.757763975155279,0.941269841269841,0.0553846153846154,0,0.9796875,0.275039745627981,0,0.702954898911353,0.0153374233128834,0.0352760736196319,0.975922953451043,0.984,0.976744186046512,0.957943925233645,0.966666666666667,0,0.96411856474259,0.0214723926380368,0.358118361153263,0.304212168486739,0.979813664596273,0.973354231974922,0.981735159817352,0.973765432098765,0.0542635658914729,0.0328125,0.980922098569157,0.947449768160742,0.712328767123288,0.960426179604262,0.983128834355828,0.96141975308642,0,0,0.967407407407407,0,0.0857580398162328,0,0.94383775351014,0.30064308681672,0.217741935483871,0.134762633996937,0.917981072555205,0,0.123839009287926,0.978361669242658,0.981366459627329,0.649921507064364,0.410979228486647,0.215453194650817,0.216793893129771,0.659305993690852,0.0168195718654434,0.144409937888199,0.529968454258675,0.264659270998415,0.700617283950617,0.0276923076923077,0,0.0202492211838006,0.338095238095238,0.979099678456592,0.627511591962906,0.236196319018405,0.619195046439629,0.867378048780488,0.972602739726027,0.946601941747573,0.96969696969697,0.982286634460548,0.9792663476874,0.555382215288612,0.445121951219512,0.979938271604938,0.0284857571214393,0.0302114803625378,0.880989180834621,0.0106707317073171,0.984567901234568,0.955177743431221,0,0.12987012987013,0,0.941915227629513,0,0.963076923076923,0.981337480559876,0.0242424242424242,0.8390625,0.978527607361963,0.652380952380952,0.620743034055728,0.867924528301887,0,0,0.927750410509031,0.936011904761905,0.982839313572543,0,0,0.01875,0.246153846153846,0.510204081632653,0,0.4515625,0,0.917197452229299,0.981012658227848,0.171428571428571,0.241641337386018,0,0.358609794628752,0.600931677018634,0.858914728682171,0.953030303030303,0.767080745341615,0.0188976377952756,0.980861244019139,0.0190174326465927,0.979495268138801,0,0.968085106382979,0.0078125,0.982594936708861,0.0380952380952381,0.0221870047543582,0,0,0.817764165390505,0.91025641025641,0.926829268292683,0.714064914992272,0.0422960725075529,0.0253565768621236,0.812018489984592,0.829230769230769,0,0.0330188679245283,0.953051643192488,0,0.972886762360447,0.94435857805255,0.0841121495327103,0.0403100775193798,0.0214395099540582,0.98159509202454,0.500789889415482,0.0929133858267717,0.119236883942766,0.139318885448916,0.703174603174603,0.118003025718608,0.984276729559748,0,0.758293838862559,0.966205837173579,0.00310077519379845,0,0.0193740685543964,0,0.0220820189274448,0.982919254658385,0.698697068403909,0.0187207488299532,0.0189873417721519,0.536,0.960815047021944,0.443076923076923,0.0474006116207951,0.0176282051282051,0.054140127388535,0.0186335403726708,0,0.0469255663430421,0.0164670658682635,0.0190174326465927,0.0278207109737249,0.0151057401812689,0.0494417862838915,0.0521472392638037,0.0344827586206897,0.0172143974960876,0.0048,0.0232558139534884,0.021505376344086,0.0559006211180124,0.0249609984399376,0.0186625194401244,0.0145161290322581,0.0203761755485893,0.0456692913385827,0.0263157894736842,0.0215384615384615,0.0200617283950617,0.0506329113924051,0.0167427701674277,0.0205371248025276
"99",0.00788643533123028,0.00778816199376947,0.00457317073170732,0.00316957210776545,0.00622083981337481,0.00802568218298555,0.0172413793103448,0.00627943485086342,0.00764525993883792,0.990566037735849,0.00777604976671851,0.99375,0.00461538461538462,0.00783699059561128,0,0,0.992319508448541,0.9890625,0.00642054574638844,0.00773993808049536,0,0,0.00764525993883792,0.992389649923896,0.0062111801242236,0,0.0015552099533437,0.00788643533123028,0.00300751879699248,0.00305343511450382,0,0.00307692307692308,0.003125,0.00153846153846154,0.990625,0.0078740157480315,0.978527607361963,0.00923076923076923,0.00148588410104012,0.00911854103343465,0.993779160186625,0.989345509893455,0.99537750385208,0.00792393026941363,0.00480769230769231,0,0,0,0.00303951367781155,0.00149476831091181,0.992248062015504,0.00623052959501558,0.00155038759689922,0.0077639751552795,0.0184615384615385,0,0.992025518341308,0.0063391442155309,0.0107033639143731,0.00462962962962963,0.0030441400304414,0.00151975683890578,0,0.993650793650794,0.00634920634920635,0.00933125972006221,0.992125984251969,0.0093603744149766,0.992283950617284,0,0.00462962962962963,0,0,0.0060790273556231,0.993817619783617,0.00459418070444104,0,0.00455927051671732,0.00625,0,0.992223950233281,0.00154083204930663,0,0.00619195046439629,0.00154083204930663,0.00759878419452888,0.0075187969924812,0.00613496932515337,0.00910470409711684,0.990990990990991,0.00467289719626168,0.00614439324116743,0.995305164319249,0.99390243902439,0.00475435816164818,0.990783410138249,0.0138888888888889,0.00619195046439629,1,0.998454404945904,0.0077639751552795,0.992272024729521,0.0015600624024961,0.00772797527047913,0,0.00789889415481832,0.989096573208723,0.0107858243451464,0,0,0,0.0171339563862928,0,0.00777604976671851,0.995268138801262,0.0091324200913242,0.00154320987654321,0.993893129770992,0,0,0.992458521870287,0.00315955766192733,0.00154559505409583,0,0.00769230769230769,0,0.00458015267175573,0.00467289719626168,0.992175273865415,0.00758725341426404,0.0061633281972265,0.00157728706624606,0.00471698113207547,0.990783410138249,0.00949367088607595,0,0.99388379204893,0.00154798761609907,0,0.0064,0.992101105845182,0.995319812792512,0.00469483568075117,0.00611620795107034,0,0.0062111801242236,0,0.00613496932515337,0,0.00606060606060606,0,0.00773993808049536,0.00473186119873817,0.00152905198776758,0.00917431192660551,0,0.00920245398773006,0,0.993893129770992,0.00784929356357928,0.0135542168674699,0.00461538461538462,0,0.993836671802773,0.00918836140888208,0.00319488817891374,0.00955414012738853,0.00920245398773006,0.00460122699386503,0.00153609831029186,0.00911854103343465,0,0.00757575757575758,0,0.0108191653786708,0,0.99211356466877,0.0062992125984252,0.995391705069124,0.00307219662058372,0.00920245398773006,0,0.00619195046439629,0.00615384615384615,0.00599700149925037,0.00910470409711684,0,0,0.00476190476190476,0.00628930817610063,0.00154083204930663,0,0.00471698113207547,0.0258751902587519,0.992503748125937,0.992150706436421,0.0031104199066874,0.99388379204893,0.00455235204855842,0,0.0125588697017268,0.00307692307692308,0.00762195121951219,0.00307219662058372,0.00152671755725191,0.00316957210776545,0.00614439324116743,0.00623052959501558,0.00758725341426404,0.990580847723705,0.00612557427258806,0,0.00473186119873817,0,0,0.00618238021638331,0.00933125972006221,0.00768049155145929,0.00470219435736677,0.00910470409711684,0.00770416024653313,0.99236641221374,0,0.00306278713629403,0.00473186119873817,0.993846153846154,0.00757575757575758,0.00604229607250755,0.00615384615384615,0,0.00934579439252336,0.0096,0.0200927357032458,0.995283018867924,0.0150829562594268,0.00154559505409583,0.00634920634920635,0,0.00611620795107034,0.00940438871473354,0.00933125972006221,0.00770416024653313,0.00306278713629403,0,0.0062015503875969,0,0,0,0,0,0.00158730158730159,0.00303490136570561,0,0,0,0.00453857791225416,0,0.0047244094488189,0.989028213166144,0,0.992283950617284,0.00154083204930663,0.0078003120124805,0.00309597523219814,0.00613496932515337,0.993893129770992,0.00797448165869218,0.0107033639143731,0.00153846153846154,0.00154320987654321,0,0.00317965023847377,0.989197530864197,0.0078740157480315,0,0.00161030595813205,0.00778816199376947,0,0.0046656298600311,0,0,0.00904977375565611,0.00964630225080386,0.0161030595813204,0.990881458966565,0.00306748466257669,0.018957345971564,0.992319508448541,0,0.0180995475113122,0.0093603744149766,0.990950226244344,0,0,0.00631911532385466,0.00314465408805031,0,0.993630573248408,0.013953488372093,0.00626959247648903,0.00300751879699248,0,0.00475435816164818,0.00458015267175573,0,0.00610687022900763,0.0077639751552795,0,0.00612557427258806,0.00469483568075117,0.00631911532385466,0.00768049155145929,0,0.00305810397553517,0.003125,0.00933125972006221,0.00474683544303797,0.952380952380952,0,0.00938967136150235,0,0,0.00775193798449612,0.00941915227629513,0.00766871165644172,0.00159489633173844,0.00914634146341463,0,0.00769230769230769,0.00938967136150235,0.995341614906832,0.00151515151515152,0.00470219435736677,0,0.952234206471495,0,0.00610687022900763,0,0,0.992492492492492,0,0.00782472613458529,0,0.008,0.0046875,0.00783699059561128,0.00310077519379845,0.00157232704402516,0.00463678516228748,0,0.993836671802773,0.0046583850931677,0,0,0,0.00943396226415094,0,0.992412746585736,0.00154320987654321,0,0,0.00308641975308642,0.00788643533123028,0,0.00794912559618442,0.00622083981337481,0.990922844175492,0.00591715976331361,0,0.00902255639097744,0.00464396284829721,0.00642054574638844,0,0.00603318250377074,0,0.00775193798449612,0.00470219435736677,0.00925925925925926,0.0076103500761035,0.0060882800608828,0.00308166409861325,0.00923076923076923,0.00758725341426404,0,0.00152671755725191,0.00927357032457496,0.00770416024653313,0,0.00927357032457496,0.00955414012738853,0.00461538461538462,0.00920245398773006,0.990639625585023,0,0.00924499229583975,0,0.9921875,0.00625,0.993680884676145,0,0.00759878419452888,0.00469483568075117,1,0.00765696784073507,0.00158730158730159,0.00938967136150235,0,0.00622083981337481,0.00635930047694754,0.00314465408805031,0.00308641975308642,0.00473186119873817,0.993808049535604,0,0.00796178343949045,0.00464396284829721,0,0.00911854103343465,0.00978792822185971,0,0.992389649923896,0.00924499229583975,0.0078125,0.00313479623824451,0.00458715596330275,0,0.0141509433962264,0.0015527950310559,0.0163132137030995,0.996932515337423,0.00316957210776545,0.00308641975308642,0.00460829493087558,0.992307692307692,0,0.00617283950617284,0.00455927051671732,0.0015220700152207,0,0.992343032159265,0.993939393939394,0.00749625187406297,0.00906344410876133,0.992272024729521,0.00772797527047913,0.990610328638498,0.993920972644377,0.990491283676704,0.00949367088607595,0.992354740061162,0.00474683544303797,0.00461538461538462,0.00452488687782805,0.0091324200913242,0.991974317817014,0.992260061919505,0.0062015503875969,0.0075642965204236,0.00612557427258806,0,0.995245641838352,0.0212121212121212,0.00304878048780488,0.00938967136150235,0.00154320987654321,0,0.995426829268293,0.00766871165644172,0,0.00949367088607595,0,0.99236641221374,0,0.00153846153846154,0,0.00613496932515337,0.992223950233281,0.0075187969924812,0.00923076923076923,0.00930232558139535,0.995297805642633,0,0.00489396411092985,0,0.00894187779433681,0.0060790273556231,0,0.00921658986175115,0.00306748466257669,0.00611620795107034,0,0.003125,0.00462249614791988,0.9921875,0,0.00765696784073507,0,0.00313479623824451,0.014018691588785,0.992389649923896,0,0.008,0.00309597523219814,0.00762195121951219,0,0,0,0.00451807228915663,0.0060882800608828,0.00778816199376947,0.0046875,0.9921875,0.0075642965204236,0,0.00617283950617284,0.0031496062992126,0,0.0091324200913242,0.009375,0.0061633281972265,0,0.00766871165644172,0,0,0.00911854103343465,0.015220700152207,0.992412746585736,0.992236024844721,0.00625978090766823,0.00783699059561128,0,0.00940438871473354,0.00778816199376947,0,0.00788643533123028,0.0031201248049922,0.0164179104477612,0.992435703479576,0.0078740157480315,0.013953488372093,0.0062111801242236,0.0093167701863354,0.993893129770992,0.0046875,0.00630914826498423,0,0.00628930817610063,0,0.00891530460624071,0.00473186119873817,0.00746268656716418,0,0.0111111111111111,0.00927357032457496,0.00467289719626168,0.0141732283464567,0.0236220472440945,0.00914634146341463,0.00602409638554217,0.995481927710843,0.00303030303030303,0.00154083204930663,0,0.00311526479750779,0.00773993808049536,0.0046583850931677,0.00612557427258806,0.761329305135952,0,0.990740740740741,0.00782472613458529,0,0,0,0.993798449612403,0.00772797527047913,0.00303951367781155,0.00623052959501558,0.00763358778625954,0,0,0.990922844175492,0.990936555891239,0,0,0,0.992283950617284,0,0.00771604938271605,0.561162079510703,0.00154320987654321,0.00475435816164818,0.0060882800608828,0.00783699059561128,0.00461538461538462,0.00302571860816944,0.992272024729521,0.00590841949778434,0.0031496062992126,0.00312989045383412,0.0106870229007634,0.00758725341426404,0.00152905198776758,0.992389649923896,0.00614439324116743,0.0061633281972265,0.9953125,0.00742942050520059,0,0.00487012987012987,0,0.993788819875776,0.996918335901387,0.0032,0.00470957613814757,0,0,0.992272024729521,0.99194847020934,0.00449775112443778,0,0.00981996726677578,0,0.0091324200913242,0,0.00306748466257669,0,0.0127591706539075,0,0,0.998422712933754,0,0.990853658536585,0.00914634146341463,0.162118780096308,0.00747384155455904,0,0.00773993808049536,0.992354740061162,0.00302114803625378,0.00309597523219814,0.00619195046439629,0.992088607594937,0.0076103500761035,0.992088607594937,0,0.00759878419452888,0.996932515337423,0.0181543116490166,0.00470957613814757,0,0.00626959247648903,0,0.990580847723705,0.00769230769230769,0,0.992447129909366,0.00154083204930663,0,0,0.0062402496099844,0.00625978090766823,0.0076103500761035,0.00933125972006221,0.00770416024653313,0.990867579908676,0.00784929356357928,0.980091883614089,0.018348623853211,0,0.00769230769230769,0.0062111801242236,0.00462249614791988,0.00764525993883792,0.916666666666667,0,0.00802568218298555,0.00462962962962963,0.00604229607250755,0.00770416024653313,0.00606980273141123,0.00762195121951219,0.992283950617284,0.995440729483283,0.00890207715133531,0.992424242424242,0,0.992223950233281,0.0061633281972265,0,0.00157232704402516,0.00152905198776758,0.00623052959501558,0.992272024729521,0,0.00918836140888208,0.00755287009063444,0.00307219662058372,0.00294550810014728,0,0,0,0,0,0.0015552099533437,0,0.0060882800608828,0,0.992088607594937,0,0.0174880763116057,0.00635930047694754,0.0305810397553517,0.00151057401812689,0.00156985871271586,0.012326656394453,0.00910470409711684,0.00958466453674121,0.00628930817610063,0.00627943485086342,0.00788643533123028,0.00155763239875389,0.00154083204930663,0.00925925925925926,0,0,0.00920245398773006,0.989425981873112,0.00762195121951219,0.00458015267175573,0.995305164319249,0,0.992331288343558,0.00619195046439629,0.993660855784469,0.00914634146341463,0.00622083981337481,0,0.00618238021638331,0.00757575757575758,0.00312989045383412,0.00306748466257669,0.021875,0.992248062015504,0.993740219092332,0.00482315112540193,0.00594353640416048,0.0061633281972265,0.990963855421687,0.990881458966565,0,0,0.00154320987654321,0.990697674418605,0,0.995454545454545,0.00635930047694754,0.0078125,0.033175355450237,0,0.992492492492492,0.00156985871271586,0.00153846153846154,0.00930232558139535,0.00611620795107034,0.00463678516228748,0,0.00625,0.887692307692308,0.00947867298578199,0.993730407523511,0.00903614457831325,0.996904024767802,0.00789889415481832,0,0.3640625,0.99079754601227,0.993700787401575,0.00464396284829721,0.00794912559618442,0.0151285930408472,0.00151745068285281,0,0,0.00309119010819165,0.00755287009063444,0.995283018867924,0,0.00464396284829721,0.993836671802773,0.00789889415481832,0.00769230769230769,0,0.962323390894819,0,0.00753012048192771,0,0,0,0,0.00478468899521531,0.00154083204930663,0.00625,0.992260061919505,0.0093603744149766,0.00771604938271605,0.998439937597504,0.992272024729521,0,0.9921875,0,0.00622083981337481,0.0031496062992126,0,0,0.0062402496099844,0.00930232558139535,0.00153609831029186,0.95144157814871,0,0.89873417721519,0.97542242703533,0.993808049535604,0.156923076923077,0,0,0.00455927051671732,0,0.952153110047847,0.946319018404908,0,0.975155279503106,0.991974317817014,0.952453987730061,0.972644376899696,0.947611710323575,0,0.965678627145086,0,0,0.955696202531646,0,0.933434190620272,0,0.0618238021638331,0,0
"100",0.00961538461538462,0.00930232558139535,0.0060882800608828,0.0032,0.00806451612903226,0.00802568218298555,0.0223642172523962,0.00789889415481832,0.00933125972006221,0.988835725677831,0.00938967136150235,0.993798449612403,0.00630914826498423,0.00967741935483871,0,0,0.99075500770416,0.995260663507109,0.00801282051282051,0.0093603744149766,0,0,0.00938967136150235,0.990625,0.0078003120124805,0,0.00156985871271586,0.00977198697068404,0.00307692307692308,0.00313479623824451,0,0.00309597523219814,0.00481540930979133,0.00157728706624606,0.990610328638498,0.00952380952380952,0.975077881619938,0.0108191653786708,0.00151975683890578,0.0108191653786708,0.993610223642173,0.9953125,0.996946564885496,0.00801282051282051,0.00656814449917898,0,0.00159235668789809,0,0.00458015267175573,0.00153374233128834,0.990639625585023,0.00619195046439629,0.0015552099533437,0.00797448165869218,0.0219435736677116,0,0.990243902439024,0.00796178343949045,0.0140405616224649,0.00467289719626168,0.00315457413249211,0.00154559505409583,0,0.991961414790997,0.008,0.0107692307692308,0.990595611285266,0.0109375,0.99211356466877,0,0.00462962962962963,0,0,0.00772797527047913,0.992150706436421,0.00467289719626168,0,0.00622083981337481,0.00648298217179903,0,0.992076069730586,0.00153139356814701,0,0.00766871165644172,0.0015625,0.00925925925925926,0.00943396226415094,0.00782472613458529,0.00927357032457496,0.993808049535604,0.00484652665589661,0.00782472613458529,0.9953125,0.992101105845182,0.00638977635782748,0.988906497622821,0.0172684458398744,0.00788643533123028,0.998454404945904,1,0.015748031496063,0.990445859872611,0.00158227848101266,0.00949367088607595,0,0.00966183574879227,0.993630573248408,0.0141955835962145,0,0,0,0.0253164556962025,0.00156985871271586,0.00943396226415094,0.993610223642173,0.0108024691358025,0.00313971742543171,0.992248062015504,0,0,0.990769230769231,0.00478468899521531,0.00157977883096367,0,0.00950871632329636,0,0.00458715596330275,0.0046583850931677,0.990461049284579,0.0124031007751938,0.00784929356357928,0.00315955766192733,0.00634920634920635,0.990610328638498,0.0110759493670886,0,0.992199687987519,0.00157977883096367,0.00156985871271586,0.012987012987013,0.990476190476191,0.993517017828201,0.00625978090766823,0.00777604976671851,0,0.008,0,0.00773993808049536,0.0016025641025641,0.00762195121951219,0,0.00950871632329636,0.00637958532695375,0.00305810397553517,0.00941915227629513,0,0.010989010989011,0,0.992138364779874,0.0094488188976378,0.0152905198776758,0.0062111801242236,0,0.993769470404984,0.00924499229583975,0.00321543408360129,0.00972447325769854,0.0110062893081761,0.00623052959501558,0.00154798761609907,0.0108359133126935,0,0.00772797527047913,0,0.0125984251968504,0.00154320987654321,0.990536277602524,0.00792393026941363,0.993720565149137,0.00474683544303797,0.0110584518167457,0,0.00784929356357928,0.00784929356357928,0.0060790273556231,0.0108864696734059,0,0.00152905198776758,0.00477707006369427,0.00803858520900321,0.00158730158730159,0,0.0063391442155309,0.0326594090202177,0.990867579908676,0.990491283676704,0.00314465408805031,0.992260061919505,0.00462962962962963,0,0.0207336523125997,0.0046656298600311,0.00921658986175115,0.00313479623824451,0.00315457413249211,0.00319488817891374,0.00794912559618442,0.00788643533123028,0.0093167701863354,0.989045383411581,0.0077639751552795,0,0.00628930817610063,0,0,0.00947867298578199,0.0110584518167457,0.00927357032457496,0.00637958532695375,0.0110062893081761,0.00783699059561128,0.990353697749196,0,0.0046656298600311,0.00636942675159236,0.992272024729521,0.0093603744149766,0.00763358778625954,0.0094488188976378,0.00155038759689922,0.0110935023771791,0.0112721417069243,0.0219092331768388,0.993579454253612,0.0228658536585366,0.00159489633173844,0.00813008130081301,0,0.00619195046439629,0.0095389507154213,0.0110584518167457,0.00946372239747634,0.00460122699386503,0,0.00791139240506329,0.00157728706624606,0,0,0.00160513643659711,0,0.00159489633173844,0.00305343511450382,0,0,0,0.00465116279069767,0,0.00476190476190476,0.993569131832797,0,0.990654205607477,0,0.00950871632329636,0.00470219435736677,0.00623052959501558,0.992295839753467,0.00821018062397373,0.0139318885448916,0.00313479623824451,0.00155763239875389,0.00156739811912226,0.00474683544303797,0.993680884676145,0.00952380952380952,0,0.00161812297734628,0.0095389507154213,0,0.00630914826498423,0,0,0.0108024691358025,0.0114566284779051,0.0226537216828479,0.989230769230769,0.00461538461538462,0.0267295597484277,0.990625,0,0.0246913580246914,0.0110935023771791,0.990654205607477,0,0,0.00648298217179903,0.00483870967741936,0,0.992101105845182,0.0172143974960876,0.00813008130081301,0.00459418070444104,0.00156494522691706,0.00647249190938511,0.00625978090766823,0,0.00773993808049536,0.00792393026941363,0,0.00778816199376947,0.00480769230769231,0.00806451612903226,0.00940438871473354,0,0.0046801872074883,0.00316455696202532,0.0113268608414239,0.00643086816720257,0.955453149001536,0,0.0110236220472441,0,0,0.009375,0.0112359550561798,0.00943396226415094,0.00323624595469256,0.010752688172043,0,0.00950871632329636,0.0112179487179487,0.993650793650794,0.0015625,0.0112179487179487,0,0.956521739130435,0,0.0062015503875969,0,0,0.990811638591118,0,0.0095389507154213,0,0.00967741935483871,0.00638977635782748,0.00801282051282051,0.00317460317460317,0.00159235668789809,0.0063391442155309,0.00163934426229508,0.99375,0.00638977635782748,0,0,0,0.0095389507154213,0,0.990726429675425,0.0031104199066874,0,0,0.00479233226837061,0.00796178343949045,0,0.00811688311688312,0.00786163522012579,0.989147286821705,0.00602409638554217,0,0.0106382978723404,0.00626959247648903,0.00642054574638844,0,0.00772797527047913,0,0.00940438871473354,0.00644122383252818,0.0110062893081761,0.00925925925925926,0.00628930817610063,0.00313479623824451,0.0111642743221691,0.00923076923076923,0,0.00157232704402516,0.0112359550561798,0.00940438871473354,0,0.0110410094637224,0.0114192495921697,0.0061633281972265,0.0109204368174727,0.988958990536278,0,0.0108527131782946,0,0.990384615384615,0.00796178343949045,0.996789727126806,0,0.00917431192660551,0.0063391442155309,0.998402555910543,0.0141509433962264,0.0016025641025641,0.0112903225806452,0,0.00650406504065041,0.00805152979066022,0.0032,0.0046801872074883,0.00625978090766823,0.992076069730586,0,0.00972447325769854,0.00638977635782748,0.00158227848101266,0.0093167701863354,0.0114942528735632,0,0.993779160186625,0.0108359133126935,0.00958466453674121,0.00470957613814757,0.00622083981337481,0,0.0142857142857143,0.00158478605388273,0.0163132137030995,0.998439937597504,0.00477707006369427,0.00320512820512821,0.00625978090766823,0.990654205607477,0.00161030595813205,0.0078125,0.00461538461538462,0.0015527950310559,0,0.990683229813665,0.992223950233281,0.00904977375565611,0.00928792569659443,0.990697674418605,0.0078740157480315,0.993660855784469,0.992295839753467,0.988636363636364,0.0112179487179487,0.990639625585023,0.00651465798045603,0.00627943485086342,0.0091324200913242,0.0108527131782946,0.990353697749196,0.990415335463259,0.00788643533123028,0.00764525993883792,0.00772797527047913,0,0.9952,0.0290964777947933,0.00458015267175573,0.0110236220472441,0.003125,0.00159235668789809,0.993630573248408,0.00782472613458529,0,0.0112,0,0.990712074303406,0,0.00158730158730159,0,0.0078740157480315,0.990610328638498,0.0093603744149766,0.0109375,0.0108695652173913,0.993660855784469,0,0.00504201680672269,0,0.0108024691358025,0.0061633281972265,0,0.0109034267912773,0.00315457413249211,0.00786163522012579,0,0.00158982511923688,0.00625,0.995238095238095,0,0.00927357032457496,0,0.00479233226837061,0.0173228346456693,0.990654205607477,0,0.00967741935483871,0.00315955766192733,0.00947867298578199,0,0,0,0.00606980273141123,0.00768049155145929,0.0094488188976378,0.00646203554119548,0.992076069730586,0.009375,0,0.00791139240506329,0.00646203554119548,0,0.0108864696734059,0.0109546165884194,0.00802568218298555,0.00158478605388273,0.00775193798449612,0,0,0.0109204368174727,0.021875,0.99079754601227,0.9904,0.00631911532385466,0.00807754442649435,0,0.0112179487179487,0.0093603744149766,0,0.00961538461538462,0.00321543408360129,0.0230061349693252,0.990839694656489,0.00949367088607595,0.016025641025641,0.0078740157480315,0.0112359550561798,0.992424242424242,0.00636942675159236,0.00643086816720257,0,0.00796178343949045,0,0.0105740181268882,0.00636942675159236,0.0091324200913242,0,0.0128410914927769,0.0110410094637224,0.0046656298600311,0.0160771704180064,0.0221518987341772,0.0108024691358025,0.00766871165644172,0.996889580093313,0.00463678516228748,0.00153609831029186,0,0.00473186119873817,0.00946372239747634,0.00628930817610063,0.00625978090766823,0.770897832817337,0,0.989028213166144,0.0094488188976378,0,0,0,0.992199687987519,0.00783699059561128,0.00461538461538462,0.00631911532385466,0.00924499229583975,0,0,0.989263803680982,0.988993710691824,0,0,0,0.990551181102362,0,0.0093167701863354,0.566978193146417,0.00157977883096367,0.00479233226837061,0.0126382306477093,0.00952380952380952,0.00606060606060606,0.00465116279069767,0.990697674418605,0.00745156482861401,0.00318979266347687,0.00313971742543171,0.0154320987654321,0.00923076923076923,0.00157232704402516,0.996850393700787,0.00786163522012579,0.00766871165644172,0.993700787401575,0.00914634146341463,0,0.00658978583196046,0.0015625,0.992138364779874,0.996889580093313,0.00334448160535117,0.0062992125984252,0,0,0.993740219092332,0.990445859872611,0.00609756097560976,0,0.00977198697068404,0.0015527950310559,0.0107858243451464,0,0.00309597523219814,0,0.0144694533762058,0,0,0.998442367601246,0,0.990610328638498,0.0106382978723404,0.153094462540717,0.00914634146341463,0,0.00966183574879227,0.990595611285266,0.00310077519379845,0.00475435816164818,0.00792393026941363,0.990521327014218,0.00927357032457496,0.99198717948718,0,0.00924499229583975,0.995245641838352,0.0265210608424337,0.00643086816720257,0.00158982511923688,0.00646203554119548,0,0.988871224165342,0.00783699059561128,0,0.99236641221374,0.0031055900621118,0,0,0.00645161290322581,0.00792393026941363,0.00934579439252336,0.0111111111111111,0.00788643533123028,0.988941548183254,0.00941915227629513,0.984567901234568,0.0220472440944882,0,0.00938967136150235,0.00791139240506329,0.00614439324116743,0.00933125972006221,0.914826498422713,0,0.00967741935483871,0.00471698113207547,0.0078003120124805,0.009375,0.00766871165644172,0.00938967136150235,0.992295839753467,0.993846153846154,0.0105105105105105,0.99075500770416,0,0.990595611285266,0.00789889415481832,0,0.00163132137030995,0.00154798761609907,0.008,0.989010989010989,0,0.0109204368174727,0.009375,0.00308166409861325,0.00303030303030303,0,0,0.0016,0,0,0.00159235668789809,0,0.0078003120124805,0,0.990476190476191,0,0.017515923566879,0.00802568218298555,0.0373250388802488,0.00152671755725191,0.00313479623824451,0.0138248847926267,0.0108527131782946,0.00970873786407767,0.0078740157480315,0.00805152979066022,0.00958466453674121,0.00156494522691706,0.00310077519379845,0.0110062893081761,0,0,0.0109375,0.993836671802773,0.00930232558139535,0.00619195046439629,0.993630573248408,0,0.990491283676704,0.00782472613458529,0.993569131832797,0.0108024691358025,0.00792393026941363,0,0.008,0.0093167701863354,0.00317965023847377,0.0031201248049922,0.0283018867924528,0.99075500770416,0.992125984251969,0.00658978583196046,0.00606980273141123,0.00770416024653313,0.98937784522003,0.989247311827957,0,0,0.0031104199066874,0.989028213166144,0,0.993808049535604,0.00807754442649435,0.00958466453674121,0.0306946688206785,0,0.990740740740741,0.0032,0.00315457413249211,0.0108527131782946,0.00615384615384615,0.0063391442155309,0,0.00811688311688312,0.886762360446571,0.0113085621970921,0.991922455573506,0.0107197549770291,0.998447204968944,0.00801282051282051,0,0.363782051282051,0.990625,0.992088607594937,0.00623052959501558,0.00802568218298555,0.0199386503067485,0.0031104199066874,0,0,0.00475435816164818,0.00920245398773006,0.995215311004785,0,0.0063391442155309,0.992199687987519,0.00961538461538462,0.00770416024653313,0,0.966772151898734,0,0.00940438871473354,0.00159489633173844,0,0,0,0.00650406504065041,0.0015527950310559,0.00793650793650794,0.990654205607477,0.0110236220472441,0.00928792569659443,1,0.990476190476191,0,0.990625,0,0.00770416024653313,0.00326797385620915,0,0,0.00963081861958266,0.014218009478673,0.00154083204930663,0.963133640552995,0,0.912479740680713,0.977917981072555,0.992125984251969,0.164274322169059,0,0,0.00465116279069767,0,0.95859872611465,0.95125786163522,0,0.980922098569157,0.993558776167472,0.956656346749226,0.976635514018692,0.952978056426332,0,0.971875,0,0,0.963141025641026,0,0.935285053929122,0,0.0571428571428571,0,0
"101",0.618210862619808,0.620904836193448,0.646875,0.647727272727273,0.621405750798722,0.619741100323625,0.71606864274571,0.63125,0.606811145510836,0.00806451612903226,0.6078125,0.00933125972006221,0.6640625,0.617460317460317,0.411111111111111,0.39906103286385,0.00771604938271605,0.0172684458398744,0.6352,0.632148377125193,0.54320987654321,0.394822006472492,0.610591900311526,0.0093603744149766,0.646604938271605,0.507911392405063,0.452566096423017,0.608346709470305,0.631498470948012,0.685271317829457,0.382126348228043,0.680061823802164,0.696343402225755,0.520634920634921,0.010752688172043,0.598086124401914,0.0232558139534884,0.601866251944012,0.607726597325409,0.625192012288787,0.0110584518167457,0.0138888888888889,0.0154320987654321,0.609872611464968,0.664526484751204,0.394904458598726,0.594043887147335,0.382677165354331,0.620795107033639,0.474006116207951,0.0109546165884194,0.617924528301887,0.545741324921136,0.604465709728868,0.720820189274448,0.501597444089457,0.0113821138211382,0.635499207606973,0.632716049382716,0.674382716049383,0.515673981191223,0.62015503875969,0.380348652931854,0.0112,0.648298217179903,0.669796557120501,0.010989010989011,0.614896988906498,0.00464396284829721,0.376788553259142,0.63312693498452,0.373831775700935,0.397496087636933,0.622874806800618,0.0078125,0.699846860643185,0.416793893129771,0.650470219435737,0.681229773462783,0.535537190082645,0.00797448165869218,0.675590551181102,0.512307692307692,0.615748031496063,0.468454258675079,0.659969088098918,0.606811145510836,0.631987577639752,0.607361963190184,0.0137825421133231,0.603503184713376,0.603100775193798,0.00791139240506329,0.0093603744149766,0.616747181964573,0.00946372239747634,0.689814814814815,0.608150470219436,0.0077639751552795,0.015748031496063,1,0.00947867298578199,0.632075471698113,0.616,0.485451761102603,0.614035087719298,0.0127186009538951,0.646031746031746,0.36624203821656,0.37799043062201,0.390432098765432,0.689873417721519,0.556782334384858,0.599063962558502,0.0112359550561798,0.633228840125392,0.687888198757764,0.00930232558139535,0.378763866877971,0.514376996805112,0.00918836140888208,0.708661417322835,0.625786163522013,0.427652733118971,0.626182965299685,0.47360248447205,0.617511520737327,0.602184087363494,0.0125391849529781,0.930124223602484,0.647798742138365,0.603225806451613,0.621236133122029,0.0109375,0.612341772151899,0.385692068429238,0.0109204368174727,0.605136436597111,0.609250398724083,0.915605095541401,0.0110935023771791,0.0129659643435981,0.638198757763975,0.677570093457944,0.491935483870968,0.60410094637224,0.382677165354331,0.667180277349769,0.563981042654028,0.618683001531394,0.535369774919614,0.616954474097331,0.596463022508039,0.659340659340659,0.608087091757387,0.358851674641148,0.613846153846154,0.373608903020668,0.0093603744149766,0.686804451510334,0.690292758089368,0.615625,0.396578538102644,0.0107197549770291,0.606758832565284,0.578696343402226,0.616393442622951,0.623417721518987,0.609302325581395,0.516079632465544,0.628125,0.392405063291139,0.62037037037037,0.389570552147239,0.67192429022082,0.56386292834891,0.00955414012738853,0.612403100775194,0.00930232558139535,0.644094488188976,0.616822429906542,0.446540880503145,0.613104524180967,0.647779479326187,0.615037593984962,0.631496062992126,0.472353870458136,0.574045801526718,0.646496815286624,0.654895666131621,0.413522012578616,0.380877742946708,0.621236133122029,0.729393468118196,0.00916030534351145,0.0109034267912773,0.7,0.0126182965299685,0.607692307692308,0.530326594090202,0.736593059936908,0.635802469135803,0.613251155624037,0.760697305863708,0.612752721617418,0.65224358974359,0.627760252365931,0.632329635499208,0.674961119751166,0.0110935023771791,0.649532710280374,0.582539682539683,0.651968503937008,0.376377952755906,0.438837920489297,0.913178294573643,0.628751974723539,0.622900763358779,0.688291139240506,0.609302325581395,0.664546899841017,0.00788643533123028,0.429457364341085,0.668702290076336,0.606687898089172,0.0123456790123457,0.61633281972265,0.626339969372129,0.931962025316456,0.571870170015456,0.621283255086072,0.618122977346278,0.756756756756757,0.0113452188006483,0.694099378881988,0.651757188498403,0.6432,0.388364779874214,0.629860031104199,0.601574803149606,0.601538461538462,0.637223974763407,0.609230769230769,0.397129186602871,0.642745709828393,0.602484472049689,0.36969696969697,0.374810318664643,0.458730158730159,0.384251968503937,0.5328,0.765506807866868,0.369158878504673,0.382215288611544,0.398461538461538,0.854103343465046,0.403536977491961,0.627760252365931,0.0175718849840256,0.369905956112853,0.00940438871473354,0.612341772151899,0.607717041800643,0.614307931570762,0.653125,0.0108864696734059,0.681967213114754,0.66306027820711,0.667711598746082,0.659305993690852,0.624012638230648,0.596546310832025,0.0187207488299532,0.6032,0.496087636932707,0.675453047775947,0.6304,0.386046511627907,0.731319554848967,0.385466034755134,0.468847352024922,0.62691131498471,0.599358974358974,0.7232,0.0121212121212121,0.827102803738318,0.718110236220472,0.0094488188976378,0.381761978361669,0.693251533742331,0.632398753894081,0.00618238021638331,0.397476340694006,0.374233128834356,0.632090761750405,0.674157303370786,0.375806451612903,0.00941915227629513,0.770186335403727,0.626198083067093,0.759146341463415,0.575709779179811,0.751987281399046,0.634945397815913,0.392405063291139,0.605873261205564,0.602167182662539,0.379905808477237,0.642405063291139,0.601574803149606,0.631832797427653,0.612244897959184,0.510268562401264,0.579598145285935,0.655063291139241,0.617322834645669,0.647909967845659,0.0434782608695652,0.5296,0.6375,0.464566929133858,0.553030303030303,0.629107981220657,0.620253164556962,0.633693972179289,0.6944,0.611801242236025,0.50788643533123,0.651090342679128,0.623809523809524,0.0111287758346582,0.574303405572755,0.859399684044234,0.390625,0.0451713395638629,0.380434782608696,0.633802816901408,0.384012539184953,0.380655226209048,0.00772797527047913,0.515576323987539,0.605136436597111,0.446875,0.621359223300971,0.638230647709321,0.612244897959184,0.670382165605096,0.657556270096463,0.66824644549763,0.563607085346216,0.009375,0.668231611893584,0.380733944954128,0.389312977099237,0.565084226646248,0.635048231511254,0.379527559055118,0.0108695652173913,0.592823712948518,0.39258114374034,0.4048,0.605345911949686,0.603503184713376,0.536858974358974,0.602605863192182,0.606687898089172,0.009375,0.608433734939759,0.369397217928903,0.625,0.677115987460815,0.625,0.40095087163233,0.638759689922481,0.376971608832808,0.641509433962264,0.666131621187801,0.648606811145511,0.628125,0.601255886970173,0.634108527131783,0.632492113564669,0.594135802469136,0.386259541984733,0.393798449612403,0.606635071090047,0.608150470219436,0.552922590837283,0.621495327102804,0.645528455284553,0.650231124807396,0.605919003115265,0.00635930047694754,0.453968253968254,0.589424572317263,0.375594294770206,0.0129659643435981,0.644444444444444,0.0146103896103896,0.403815580286169,0.6049766718507,0.65,0.0126984126984127,1,0.582417582417582,0.6384,0.376395534290271,0.632075471698113,0.606973058637084,0.606635071090047,0.80030959752322,0.69435736677116,0.00632911392405063,0.541009463722397,0.625201938610662,0.625592417061611,0.579710144927536,0.6,0.605960264900662,0.401574803149606,0.0109546165884194,0.629283489096573,0.611635220125786,0.63349131121643,0.640672782874618,0.376582278481013,0.680379746835443,0.506269592476489,0.549019607843137,0.0141509433962264,0.650546021840874,0.6421875,0.641390205371248,0.0109204368174727,0.558064516129032,0.65008025682183,0.657320872274143,0.6375,0.422900763358779,0.00769230769230769,0.00916030534351145,0.608695652173913,0.617873651771957,0.00933125972006221,0.680685358255452,0.0142857142857143,0.00777604976671851,0.00970873786407767,0.608414239482201,0.0108527131782946,0.630573248407643,0.796238244514107,0.904761904761905,0.603395061728395,0.0112721417069243,0.00625978090766823,0.606299212598425,0.637878787878788,0.689708141321045,0.362790697674419,0.0112,0.728110599078341,0.822804314329738,0.62402496099844,0.61128526645768,0.554858934169279,0.00775193798449612,0.614088820826952,0.382306477093207,0.654516640253566,0.429252782193959,0.0093603744149766,0.382262996941896,0.479495268138801,0.552459016393443,0.611455108359133,0.0126382306477093,0.653786707882535,0.636645962732919,0.60596546310832,0.0125195618153365,0.443910256410256,0.606010016694491,0.402618657937807,0.613003095975232,0.61633281972265,0.37442218798151,0.602218700475436,0.675590551181102,0.711180124223602,0.390551181102362,0.560509554140127,0.654458598726115,0.0173228346456693,0.395238095238095,0.628659476117103,0.392,0.687400318979266,0.550387596899225,0.0108695652173913,0.456656346749226,0.68370607028754,0.639876352395672,0.623639191290824,0.378670788253478,0.47887323943662,0.601957585644372,0.635811836115326,0.651702786377709,0.632329635499208,0.667731629392971,0.0112359550561798,0.621374045801527,0.377708978328173,0.588141025641026,0.774350649350649,0.393393393393393,0.606481481481482,0.615384615384615,0.603833865814696,0.610142630744849,0.615264797507788,0.527646129541864,0.577464788732394,0.646322378716745,0.711356466876972,0.0108024691358025,0.00952380952380952,0.614420062695925,0.637239165329053,0.393650793650794,0.631410256410256,0.629230769230769,0.740279937791602,0.667741935483871,0.759615384615385,0.712749615975422,0.0123456790123457,0.640253565768621,0.72397476340694,0.607198748043818,0.596546310832025,0.0122324159021407,0.672985781990521,0.627980922098569,0.378378378378378,0.661417322834646,0.553488372093023,0.672699849170437,0.683279742765273,0.618541033434651,0.43247344461305,0.629746835443038,0.622641509433962,0.643302180685358,0.6848,0.459752321981424,0.629283489096573,0.625,0.0153609831029186,0.678571428571429,0.599688473520249,0.530516431924883,0.666153846153846,0.606635071090047,0.651828298887122,0.604615384615385,0.220839813374806,0.384491114701131,0.010752688172043,0.703245749613601,0.382539682539683,0.377358490566038,0.541085271317829,0.0110062893081761,0.627329192546584,0.66306027820711,0.606583072100313,0.613846153846154,0.432859399684044,0.385466034755134,0.00916030534351145,0.00938967136150235,0.539087947882736,0.432389937106918,0.474522292993631,0.0094488188976378,0.367601246105919,0.595015576323987,0.15668202764977,0.685805422647528,0.616352201257862,1,0.629570747217806,0.666149068322981,0.66,0.0077639751552795,0.603318250377074,0.762135922330097,0.805337519623234,0.672256097560976,0.61171032357473,0.616822429906542,0.0173228346456693,0.64171974522293,0.653374233128834,0.0094488188976378,0.616923076923077,0.388364779874214,0.632352941176471,0.603030303030303,0.0110935023771791,0.0141732283464567,0.80718954248366,0.67304625199362,0.372670807453416,0.478740157480315,0.0141955835962145,0.0129032258064516,0.645454545454546,0.409733124018838,0.600326264274062,0.560185185185185,0.62962962962963,0.380281690140845,0.568075117370892,0.530805687203792,0.681159420289855,0.451043338683788,0.3984375,0.0125391849529781,0.384863123993559,0.00938967136150235,0.602782071097372,0.346092503987241,0.619482496194825,0.386687797147385,0.61244019138756,0.00934579439252336,0.638461538461538,0.633647798742138,0.619783616692427,0.0111464968152866,0.615975422427035,0.0127591706539075,0.57667731629393,0.624610591900312,0.0110410094637224,0.967238689547582,0.619651347068146,0.616242038216561,0.646031746031746,0.403076923076923,0.00783699059561128,0.602523659305994,0.52555910543131,0.00775193798449612,0.685847589424572,0.367469879518072,0.390357698289269,0.614285714285714,0.606158833063209,0.608231707317073,0.618819776714514,0.6176,0.0109034267912773,0.625776397515528,0.0234375,0.746153846153846,0.531152647975078,0.609230769230769,0.594936708860759,0.618683001531394,0.62095531587057,0.0719754977029096,0.406299212598425,0.630894308943089,0.652307692307692,0.676100628930818,0.626168224299065,0.617511520737327,0.65527950310559,0.0107692307692308,0.00769230769230769,0.617339312406577,0.0106870229007634,0.424615384615385,0.0111111111111111,0.650943396226415,0.520064205457464,0.501612903225806,0.48382126348228,0.651419558359621,0.0127186009538951,0.482003129890454,0.615141955835962,0.63020030816641,0.665605095541401,0.762762762762763,0.527488855869242,0.472560975609756,0.625,0.385335413416537,0.422187981510015,0.833594976452119,0.521259842519685,0.672386895475819,0.3801261829653,0.0110935023771791,0.372424722662441,0.703937007874016,0.612012987012987,0.84044233807267,0.607033639143731,0.64937106918239,0.69478527607362,0.607963246554365,0.638263665594855,0.625796178343949,0.610410094637224,0.630672926447574,0.64937106918239,0.566096423017107,0.610759493670886,0.389649923896499,0.387537993920973,0.682316118935837,0.0168711656441718,0.606758832565284,0.601236476043277,0.00967741935483871,0.490353697749196,0.0110584518167457,0.627358490566038,0.00955414012738853,0.633956386292835,0.6125,0.375389408099688,0.664050235478807,0.605304212168487,0.8656,0.787692307692308,0.740095087163233,0.00921658986175115,0.0094488188976378,0.631067961165049,0.658646616541353,0.624233128834356,0.0106382978723404,0.0062015503875969,0.380417335473515,0.50231124807396,0.608087091757387,0.0078003120124805,0.618066561014263,0.00777604976671851,0.644549763033175,0.610675039246468,0.492776886035313,0.522273425499232,0.00763358778625954,0.557692307692308,0.605678233438486,0.626356589147287,0.637770897832817,0.768388106416275,0.378548895899054,0.630225080385852,0.0425867507886435,0.5952,0.0111642743221691,0.609160305343511,0.0109717868338558,0.609951845906902,0.395534290271132,0.244408945686901,0.00934579439252336,0.008,0.662460567823344,0.622186495176849,0.677215189873418,0.66820987654321,0.392749244712991,0.380191693290735,0.643642072213501,0.605828220858896,0.00483091787439614,0.396899224806202,0.621835443037975,0.00773993808049536,0.610675039246468,0.649769585253456,0.42246835443038,0.0375586854460094,0.382488479262673,0.596302003081664,0.584518167456556,0.4234375,0.440705128205128,0.46801872074883,0.6864,0.443076923076923,0.621069182389937,0.0108864696734059,0.687203791469194,0.597222222222222,0.014308426073132,0.0124416796267496,0.386363636363636,0.00792393026941363,0.401587301587302,0.593114241001565,0.651757188498403,0.390675241157556,0.378594249201278,0.936688311688312,0.647058823529412,0.608359133126935,0.043010752688172,0.37741935483871,0.0621019108280255,0.028391167192429,0.0127186009538951,0.330696202531646,0.363914373088685,0.378125,0.398763523956723,0.382126348228043,0.0378548895899054,0.0514820592823713,0.39375,0.0265625,0.0144230769230769,0.0377358490566038,0.0245398773006135,0.0421875,0.402476780185758,0.0265625,0.3728,0.383647798742138,0.0380952380952381,0.376160990712074,0.0482866043613707,0.392523364485981,0.378716744913928,0.384962406015038,0.367924528301887
"102",0,0,0,0,0,0,0.0111111111111111,0,0,1,0,1,0,0,0,0,1,0.982594936708861,0,0,0,0,0,1,0,0,0,0.00161030595813205,0,0,0,0,0.00156985871271586,0,1,0,0.975270479134467,0,0,0,0.998402555910543,0.982919254658385,0.993846153846154,0,0,0,0,0,0,0,1,0,0,0,0.0110062893081761,0,1,0,0.00151745068285281,0,0,0,0,1,0,0,1,0,1,0,0,0,0,0,1,0,0,0,0.00160513643659711,0,1,0,0,0,0,0,0,0,0.00465116279069767,0.98936170212766,0,0,1,1,0,1,0.0203442879499218,0,0.992272024729521,0.990445859872611,0.00947867298578199,1,0,0,0,0,0.990610328638498,0.00156985871271586,0,0,0,0.0141065830721003,0,0,1,0,0,1,0,0,1,0.0015625,0,0,0,0,0,0,1,0.00791139240506329,0,0,0,1,0,0,1,0,0,0.00810372771474878,1,1,0,0,0,0,0,0,0,0,0,0,0,0,0,0,0,0,1,0,0.00309119010819165,0,0,1,0,0,0,0,0,0,0,0,0,0,0.00158982511923688,0,1,0,1,0,0,0,0,0,0,0,0,0,0,0,0,0,0,0.0186625194401244,1,1,0,0.998449612403101,0,0,0.0126182965299685,0,0,0,0,0,0,0,0.00152905198776758,1,0,0,0,0,0,0.00476947535771065,0,0,0.00155763239875389,0,0,1,0,0,0,1,0,0,0.00626959247648903,0,0,0,0.0202492211838006,1,0.0134730538922156,0,0,0,0,0,0,0,0,0,0,0,0,0,0,0,0,0,0,0,0,0,0,0,0.987158908507223,0,1,0.00474683544303797,0,0,0,1,0.00159489633173844,0.0031201248049922,0,0,0,0,0.989147286821705,0,0,0,0,0,0,0,0,0,0,0.0128,1,0,0.0159489633173844,1,0,0.0123456790123457,0,1,0,0,0,0,0,1,0.0203125,0,0,0,0,0,0,0,0,0,0,0,0,0,0,0,0,0.0016,0,0.954898911353033,0,0,0,0,0,0,0,0,0,0,0,0,1,0,0.0111111111111111,0,0.9515625,0,0,0,0,1,0,0,0,0,0,0,0,0,0,0,1,0,0,0,0,0,0,1,0,0,0,0.00156494522691706,0,0,0,0,1,0,0,0,0,0,0,0,0,0,0,0,0,0.00157232704402516,0,0,0,0,0,0,0,0,0,0,0,0,1,0,0,0,1,0,0.988853503184713,0,0,0,0.996850393700787,0.00946372239747634,0,0,0,0,0,0,0,0,1,0,0,0,0,0,0,0,0.998432601880878,0,0,0,0,0,0.00315955766192733,0,0.0149750415973378,0.992175273865415,0,0,0,1,0,0.00157728706624606,0,0,0,1,1,0,0,1,0,0.988941548183254,1,1,0,1,0,0,0.00763358778625954,0,1,1,0,0,0,0,0.9968,0.0169753086419753,0,0,0,0,1,0,0,0.00156739811912226,0,1,0,0,0,0.00153139356814701,1,0,0,0,1,0,0,0,0,0,0,0,0,0,0,0.0016,0,0.988924050632911,0,0,0,0,0.0078125,1,0,0.00160771704180064,0,0,0,0,0,0,0,0,0,1,0,0,0,0.004739336492891,0,0,0,0,0,0,0,0,0,0.0138888888888889,1,1,0,0,0,0,0,0,0,0,0.0138248847926267,1,0,0.0173501577287066,0,0,1,0,0,0,0.00158227848101266,0,0,0,0,0,0.0016025641025641,0,0,0.0177133655394525,0.0279937791601866,0,0,0.992343032159265,0,0,0,0,0,0,0,0.769585253456221,0,1,0.00157232704402516,0,0,0,1,0,0,0,0,0,0,1,1,0,0,0,1,0,0,0.571428571428571,0,0,0.0106544901065449,0,0,0,1,0,0,0,0.00461538461538462,0,0,0.989147286821705,0,0,1,0.00151515151515152,0,0,0,1,0.9921875,0,0,0,0,0.988993710691824,0.998373983739837,0,0,0,0,0,0,0,0,0.0032520325203252,0,0,0.996870109546166,0,1,0,0.155844155844156,0,0,0,1,0,0,0,1,0,1,0,0,1,0.0155763239875389,0,0,0.00156985871271586,0,1,0,0,1,0,0,0,0,0,0,0.0046875,0.00159489633173844,1,0,0.974242424242424,0.021671826625387,0,0,0,0,0,0.919937205651491,0,0,0,0,0,0,0,1,1,0,1,0,0.998412698412698,0,0,0,0,0,1,0,0,0,0,0,0,0,0,0,0,0,0,0,0,1,0,0.0208,0,0.0300157977883096,0,0,0.00306748466257669,0,0,0,0,0,0,0,0,0,0,0.00155038759689922,0.989180834621329,0,0,1,0,1,0,1,0,0,0,0,0,0,0,0.0175438596491228,1,1,0,0,0,1,1,0,0,0,1,0,1,0,0,0.036624203821656,0,1,0,0,0,0,0,0,0,0.892455858747994,0,1,0,0.99211356466877,0,0,0.373801916932907,1,1,0,0,0.00768049155145929,0,0,0,0,0,1,0,0,1,0,0,0,0.961300309597523,0,0,0,0,0,0,0,0,0,1,0,0,0.995275590551181,1,0,1,0,0,0,0,0,0.00634920634920635,0.00479233226837061,0,0.953632148377125,0,0.898692810457516,0.971742543171115,1,0.157320872274143,0,0,0.00623052959501558,0,0.958532695374801,0.950540958268934,0,0.973015873015873,0.99025974025974,0.948194662480377,0.971653543307087,0.948275862068966,0,0.969040247678019,0,0,0.957074721780604,0,0.930618401206637,0,0.0560747663551402,0,0
"103",0.291935483870968,0.2816,0.300157977883096,0.330097087378641,0.275974025974026,0.285024154589372,0.373996789727127,0.314696485623003,0.284591194968553,0,0.287301587301587,0,0.58161648177496,0.286871961102107,0.71405750798722,0.727129337539432,0,0.00644122383252818,0.291734197730956,0.294025157232704,0.82472613458529,0.724306688417618,0.296529968454259,0,0.31378763866878,0.676656151419558,0.738853503184713,0.282178217821782,0.674347158218126,0.543720190779014,0.718068535825545,0.555729984301413,0.466129032258065,0.646592709984152,0,0.274478330658106,0.015600624024961,0.283699059561129,0.987748851454824,0.354037267080745,0.0016025641025641,0.00313479623824451,0.00156739811912226,0.282258064516129,0.469354838709677,0.727707006369427,0.584142394822006,0.715890850722311,0.667177914110429,0.72,0,0.28594249201278,0.790551181102362,0.284345047923323,0.385232744783307,0.735576923076923,0,0.303858520900322,0.320433436532508,0.375389408099688,0.669254658385093,0.680685358255452,0.725363489499192,0,0.384,0.443217665615142,0,0.287974683544304,0,0.710610932475884,0.375193798449612,0.721518987341772,0.733333333333333,0.283076923076923,0,0.529780564263323,0.74805598755832,0.554160125588697,0.375409836065574,0.720735785953177,0,0.521259842519685,0.698924731182796,0.285935085007728,0.722834645669291,0.36150234741784,0.272727272727273,0.302325581395349,0.291277258566978,0,0.28548644338118,0.273885350318471,0,0,0.306089743589744,0,0.812006319115324,0.296411856474259,0.0015600624024961,0.00158227848101266,0.632075471698113,0,1,0.27741935483871,0.819165378670788,0.279742765273312,0,0.304897314375987,0.73482428115016,0.724247226624406,0.729133858267716,0.365539452495974,0.691082802547771,0.28525641025641,0,0.291731669266771,0.536507936507936,0,0.72972972972973,0.698564593301435,0,0.479166666666667,0.863924050632911,0.735340729001585,0.301261829652997,0.711145996860283,0.274268104776579,0.27244094488189,0,0.703125,0.33868378812199,0.603864734299517,0.301612903225806,0,0.270664505672609,0.704334365325077,0,0.855555555555556,0.517829457364341,0.726973684210526,0,0,0.294025157232704,0.493690851735016,0.689320388349515,0.284126984126984,0.719551282051282,0.344444444444444,0.642394822006472,0.288401253918495,0.859934853420195,0.27591706539075,0.28343949044586,0.415481832543444,0.276357827476038,0.692682926829268,0.273301737756714,0.711568938193344,0,0.5,0.411949685534591,0.296178343949045,0.717156105100464,0,0.288372093023256,0.647154471544715,0.283142389525368,0.280125195618153,0.2703125,0.650546021840874,0.309859154929577,0.734076433121019,0.326120556414219,0.717948717948718,0.36248012718601,0.644654088050314,0,0.290064102564103,0,0.384615384615385,0.284810126582278,0.719936708860759,0.297674418604651,0.32182103610675,0.291793313069909,0.302652106084243,0.740157480314961,0.656346749226006,0.361873990306947,0.354632587859425,0.745253164556962,0.721003134796238,0.3024,0.394654088050314,0,0,0.849445324881141,0.00158730158730159,0.287051482059282,0.727272727272727,0.39047619047619,0.445839874411303,0.291666666666667,0.762820512820513,0.639625585023401,0.843800322061192,0.330658105939005,0.306089743589744,0.383177570093458,0,0.392405063291139,0.873581847649919,0.329581993569132,0.733755942947702,0.710323574730354,0.701112877583466,0.290220820189274,0.309486780715397,0.432859399684044,0.28503937007874,0.397781299524564,0,0.719492868462758,0.541341653666147,0.294498381877023,0,0.278560250391236,0.295558958652374,0.678288431061807,0.556603773584906,0.286846275752773,0.27841845140033,0.806962025316456,0,0.372670807453416,0.640575079872205,0.305691056910569,0.718995290423862,0.31201248049922,0.26984126984127,0.278041074249605,0.33652312599681,0.589703588143526,0.729468599033816,0.311501597444089,0.578783151326053,0.717557251908397,0.714946070878274,0.695024077046549,0.712948517940718,0.835218093699515,0.590490797546012,0.711323763955343,0.713395638629283,0.712933753943218,0.666151468315301,0.723127035830619,0.295886075949367,0.00156985871271586,0.706896551724138,0,0.846153846153846,0.291734197730956,0.291731669266771,0.361198738170347,0,0.387358184764992,0.404984423676012,0.532695374800638,0.594936708860759,0.621283255086072,0.598070739549839,0.00156494522691706,0.271860095389507,0.80811232449298,0.550488599348534,0.311424100156495,0.729559748427673,0.513385826771654,0.714285714285714,0.767660910518053,0.293023255813953,0.286871961102107,0.367741935483871,0,0.611544461778471,0.374392220421394,0,0.71183800623053,0.378834355828221,0.292604501607717,0,0.732171156893819,0.725429017160686,0.314935064935065,0.401929260450161,0.717532467532468,0,0.806603773584906,0.286846275752773,0.507042253521127,0.6671875,0.603149606299213,0.326018808777429,0.7216,0.28125,0.294952681388013,0.71563981042654,0.309375,0.281803542673108,0.306946688206785,0.279179810725552,0.71585557299843,0.767550702028081,0.855325914149444,0.300970873786408,0.313821138211382,0.0109034267912773,0.703049759229534,0.2984375,0.69047619047619,0.682299546142209,0.285939968404423,0.285024154589372,0.298245614035088,0.546178343949045,0.268633540372671,0.687797147385103,0.315384615384615,0.272141706924316,0,0.758566978193146,0.714748784440843,0.714738510301109,0.0141509433962264,0.722308892355694,0.3546875,0.722308892355694,0.717460317460317,0,0.704472843450479,0.2848,0.717219589257504,0.288052373158756,0.322683706070288,0.295055821371611,0.855325914149444,0.861290322580645,0.510301109350238,0.618181818181818,0,0.435126582278481,0.727838258164852,0.703416149068323,0.9258114374034,0.276422764227642,0.725961538461538,0,0.758675078864353,0.7140625,0.737179487179487,0.623604465709729,0.276083467094703,0.709150326797386,0.28125,0.304487179487179,0,0.286149162861492,0.714508580343214,0.282131661442006,0.430176565008026,0.290375203915171,0.730708661417323,0.30077519379845,0.71585557299843,0.375399361022364,0.506410256410256,0.346273291925466,0.297805642633229,0.285939968404423,0.85214626391097,0.319554848966614,0.274539877300614,0.716257668711656,0.733652312599681,0.284565916398714,0.289763779527559,0.701892744479495,0.357030015797788,0.301794453507341,0.315047021943574,0.283676703645008,0,0.730337078651685,0.269413629160063,0.725118483412322,0,0.316720257234727,0.0016260162601626,0.715909090909091,0.288819875776398,0.30503144654088,0.00161812297734628,0.627831715210356,0.618122977346278,0.308562197092084,0.718901453957997,0.380875202593193,0.28892455858748,0.693418940609952,0.641509433962264,0.461783439490446,0,0.876602564102564,0.297734627831715,0.283227848101266,0.61648177496038,0.2734375,0.3,0.709935897435897,0,0.305993690851735,0.281150159744409,0.324324324324324,0.503076923076923,0.729299363057325,0.399030694668821,0.703937007874016,0.786666666666667,0.0015600624024961,0.54066985645933,0.58213716108453,0.554858934169279,0,0.709677419354839,0.341692789968652,0.519809825673534,0.60377358490566,0.72809667673716,0,0,0.261068702290076,0.290769230769231,0,0.355661881977671,0,0,0,0.264752791068581,0,0.297253634894992,0.5,0.709876543209877,0.264890282131661,0,0,0.283018867924528,0.311349693251534,0.508634222919937,0.7125,0,0.3859375,0.645962732919255,0.285714285714286,0.563981042654028,0.672552166934189,0,0.294952681388013,0.726978998384491,0.3232,0.717703349282297,0,0.718223583460949,0.710862619808307,0.605960264900662,0.293103448275862,0,0.314728682170543,0.304416403785489,0.269767441860465,0,0.738362760834671,0.327841845140033,0.732558139534884,0.277777777777778,0.269890795631825,0.716300940438871,0.264659270998415,0.868462757527734,0.464856230031949,0.724247226624406,0.885483870967742,0.315047021943574,0.0015748031496063,0.717073170731707,0.303125,0.729064039408867,0.565286624203822,0.624,0,0.753894080996885,0.495098039215686,0.860095389507154,0.302839116719243,0.7232,0.732503888024883,0.623140495867769,0.325115562403698,0.378834355828221,0.322834645669291,0.471169686985173,0,0.3015625,0.714508580343214,0.304761904761905,0.862681744749596,0.725155279503106,0.277165354330709,0.284329563812601,0.27491961414791,0.515772870662461,0.285491419656786,0.831730769230769,0.881329113924051,0.334913112164297,0.371653543307087,0,0,0.281350482315113,0.333876221498371,0.722222222222222,0.317230273752013,0.306089743589744,0.82120253164557,0.339171974522293,0.538834951456311,0.377880184331797,0,0.309148264984227,0.825878594249201,0.278740157480315,0.280952380952381,0,0.550239234449761,0.314424635332253,0.714285714285714,0.527508090614887,0.658841940532081,0.44104134762634,0.506389776357827,0.331804281345566,0.703416149068323,0.291734197730956,0.29093799682035,0.302694136291601,0.818770226537217,0.760629921259843,0.276295133437991,0.279434850863422,0.00154559505409583,0.482115085536547,0.6513470681458,0.706436420722135,0.480891719745223,0.29047619047619,0.375601926163724,0.285935085007728,0.163297045101089,0.713584288052373,0,0.44215530903328,0.73015873015873,0.709984152139461,0.722570532915361,0,0.298107255520505,0.345368916797488,0.284375,0.286384976525822,0.713607594936709,0.719354838709677,0,0,0.873015873015873,0.732484076433121,0.740445859872611,0,0.720125786163522,0.273010920436817,0.298578199052133,0.837539432176656,0.282504012841092,0.669291338582677,0.3152,0.533751962323391,0.56441717791411,0,0.2782874617737,0.794830371567044,0.722852512155592,0.361408882082695,0.281931464174455,0.735849056603774,0.0015748031496063,0.323343848580442,0.328220858895706,0,0.297507788161994,0.735849056603774,0.292282430213465,0.619344773790952,0,0.00157977883096367,0.730263157894737,0.449044585987261,0.719814241486068,0.756369426751592,0.00157232704402516,0.00163132137030995,0.523006134969325,0.7248,0.26578073089701,0.716535433070866,0.281446540880503,0.712074303405573,0.616822429906542,0.66131621187801,0.402936378466558,0.701639344262295,0.728971962616822,0.0015600624024961,0.713365539452496,0,0.290220820189274,0.639291465378422,0.290322580645161,0.712439418416801,0.296998420221169,0,0.586046511627907,0.65251572327044,0.275590551181102,0,0.286821705426357,0,0.672638436482085,0.29375,0,0.6,0.293739967897271,0.462639109697933,0.340189873417722,0.727272727272727,0,0.280507131537242,0.712218649517685,0,0.550314465408805,0.712307692307692,0.716744913928013,0.295345104333868,0.271428571428571,0.281055900621118,0.296703296703297,0.304140127388535,0,0.317307692307692,0.0031055900621118,0.807874015748032,0.706161137440758,0.294952681388013,0.282747603833866,0.301684532924962,0.291021671826625,0.0523809523809524,0.736507936507937,0.299840510366826,0.324074074074074,0.504672897196262,0.296411856474259,0.273010920436817,0.311216429699842,0,0,0.296520423600605,0,0.718701700154559,0,0.311605723370429,0.703099510603589,0.70655737704918,0.750764525993884,0.347133757961783,0,0.828843106180666,0.279179810725552,0.291666666666667,0.587025316455696,0.779610194902549,0.682442748091603,0.724569640062598,0.501623376623377,0.715408805031447,0.703125,0.70253164556962,0.689655172413793,0.507020280811232,0.71563981042654,0,0.703174603174603,0.813504823151125,0.293159609120521,0.611023622047244,1,0.551724137931034,0.4,0.280373831775701,0.324013157894737,0.298387096774194,0.27823240589198,0.289808917197452,0.588419405320814,0.639318885448916,0.28391167192429,0.727549467275495,0.71606864274571,0.410174880763116,0.00153374233128834,0.283048211508554,0.288611544461778,0,0.714285714285714,0,0.306320907617504,0,0.315047021943574,0.275430359937402,0.722910216718266,0.420634920634921,0.27639751552795,0.612244897959184,0.627118644067797,0.382022471910112,0,0,0.34860883797054,0.33587786259542,0.3,0,0,0.7,0.707086614173228,0.599369085173502,0,0.653481012658228,0,0.347826086956522,0.276972624798712,0.752012882447665,0.689127105666156,0,0.6912,0.532385466034755,0.380655226209048,0.323943661971831,0.511773940345369,0.727272727272727,0.295638126009693,0.0817307692307692,0.292134831460674,0,0.290880503144654,0,0.280388978930308,0.721417069243156,0.456310679611651,0,0,0.421303656597774,0.337078651685393,0.326153846153846,0.511848341232227,0.730769230769231,0.702439024390244,0.388364779874214,0.373643410852713,0,0.710610932475884,0.30173775671406,0,0.286173633440514,0.332273449920509,0.722135007849294,0.0110759493670886,0.714738510301109,0.280125195618153,0.59805510534846,0.707278481012658,0.717285945072698,0.729264475743349,0.521531100478469,0.70404984423676,0.278219395866455,0,0.494363929146538,0.287758346581876,0,0,0.723564954682779,0,0.716981132075472,0.291798107255521,0.517073170731707,0.717741935483871,0.714968152866242,0.688394276629571,0.3168,0.68798751950078,0.014018691588785,0.718446601941748,0.0592948717948718,0.0174050632911392,0,0.619651347068146,0.708588957055215,0.7168,0.723172628304821,0.729813664596273,0.0112903225806452,0.0172413793103448,0.722480620155039,0.0143312101910828,0.00476947535771065,0.0394944707740916,0.0188383045525903,0.014218009478673,0.736925515055468,0.0267716535433071,0.713584288052373,0.733226837060703,0.011437908496732,0.72755905511811,0.0602782071097372,0.721617418351477,0.702702702702703,0.721538461538462,0.71656050955414
"104",0.998355263157895,1,0.970125786163522,0.936170212765957,0.985342019543974,1,0.890675241157556,0.97933227344992,1,0,1,0,0.566302652106084,1,0.0488958990536278,0.0078125,0,0.0160771704180064,1,0.980982567353407,0.163522012578616,0.0363636363636364,0.989010989010989,0,0.954545454545455,0.246753246753247,0.110764430577223,0.988727858293076,0.471048513302034,0.687898089171974,0,0.682539682539683,0.754807692307692,0.284345047923323,0,1,0.015748031496063,0.993610223642173,0.246951219512195,0.9015625,0.00160513643659711,0.0172955974842767,0.0063391442155309,1,0.781967213114754,0.0162337662337662,0.506410256410256,0,0.461897356143079,0.13302034428795,0,0.993690851735016,0.257551669316375,1,0.883223684210526,0.15780998389694,0,0.972312703583062,0.959311424100156,0.895148669796557,0.286821705426357,0.44391785150079,0,0,0.898058252427185,0.833333333333333,0,0.988924050632911,0,0,0.854003139717425,0.00481540930979133,0.0171606864274571,1,0,0.712715855572998,0.0448916408668731,0.559055118110236,0.901116427432217,0.254575707154742,0,0.703761755485893,0.203125,0.998454404945904,0.115569823434992,0.909797822706065,0.99685534591195,0.968602825745683,0.968404423380727,0.00938967136150235,0.988745980707395,1,0,0,0.974603174603175,0,0.287974683544304,0.979462875197472,0.00772797527047913,0.00949367088607595,0.616,0,0.27741935483871,1,0.0979782270606532,1,0.00955414012738853,0.976377952755906,0,0.00479233226837061,0.00478468899521531,0.905901116427432,0.315457413249211,0.99203821656051,0,0.9856,0.712025316455696,0,0,0.235668789808917,0,0.759229534510433,0.243548387096774,0.0825242718446602,0.973354231974922,0.143759873617694,0.996889580093313,0.995341614906832,0,0.545166402535658,0.934920634920635,0.474631751227496,0.990369181380417,0,0.99347471451876,0.0246153846153846,0,0.210862619808307,0.617224880382775,0.51797385620915,0,0,0.976340694006309,0.749606299212598,0.175986842105263,1,0.00321543408360129,0.917981072555205,0.393890675241158,0.97984496124031,0.132471728594507,0.984301412872841,1,0.843700159489633,0.993620414673046,0,1,0,0,0.74512987012987,0.87111801242236,0.982785602503912,0.0172684458398744,0,1,0.443729903536977,1,1,1,0.278816199376947,0.9765625,0.00159489633173844,0.946540880503145,0,0.898089171974522,0.364632237871674,0,0.987220447284345,0,0.845541401273885,1,0.119354838709677,0.982371794871795,0.952456418383518,0.989425981873112,0.978527607361963,0.0938967136150235,0.363919129082426,0.918138041733547,0.941080196399345,0.0568720379146919,0.0031201248049922,0.978930307941653,0.860719874804382,0,0,0.2944,0.00159744408945687,1,0.245283018867925,0.870550161812298,0.751572327044025,0.990712074303406,0.4208,0.436018957345972,0.289556962025316,0.921725239616613,0.961102106969206,0.877934272300469,0,0.893081761006289,0.165289256198347,0.942307692307692,0,0.0622083981337481,0.530744336569579,0.977812995245642,0.981424148606811,0.822884012539185,1,0.8896,0,0.0704225352112676,0.663009404388715,0.99349593495935,0,0.9921875,0.981481481481482,0.54874213836478,0.526315789473684,0.987138263665595,1,0.34621578099839,0,0.884555382215289,0.532591414944356,0.969105691056911,0,0.956043956043956,0.998384491114701,1,0.954983922829582,0.537007874015748,0.00158730158730159,0.969889064976228,0.527386541471048,0,0.00156739811912226,0.206022187004754,0,0.146341463414634,0.670295489891135,0,0.00473186119873817,0.00794912559618442,0.587596899224806,0.0368,0.987261146496815,0.00966183574879227,0,0,0.231378763866878,1,0.975922953451043,0.895734597156398,0,0.866013071895425,0.859842519685039,0.68621236133122,0.601574803149606,0.446774193548387,0.450081833060556,0.010989010989011,1,0.0834645669291339,0.691029900332226,0.963949843260188,0.0109717868338558,0.7504,0.00157232704402516,0.115805946791862,1,1,0.893030794165316,0,0.643856920684292,0.8816,0,0,0.894009216589862,0.979397781299525,0,0.00158227848101266,0.0015625,0.983766233766234,0.875605815831987,0,0,0.36984126984127,0.988709677419355,0.783151326053042,0.3776,0.656,0.959627329192547,0.0094488188976378,1,1,0.0063391442155309,0.964630225080386,1,0.972712680577849,0.996815286624204,0.190551181102362,0.305426356589147,0.284578696343402,0.980360065466448,0.936790923824959,0.0516431924882629,0.264847512038523,0.975728155339806,0.148264984227129,0.302431610942249,0.995238095238095,0.996810207336523,0.964912280701754,0.694888178913738,0.996899224806202,0.245980707395498,0.968503937007874,0.996779388083736,0,0.313755795981453,0.553054662379421,0.0126782884310618,0.055379746835443,0.00928792569659443,0.907086614173228,0.0235849056603774,0,0,0.227272727272727,0.992,0.068362480127186,0.986863711001642,0.972491909385113,0.987281399046105,0.282780410742496,0.279032258064516,0.6576,0.446982055464927,0,0.8192,0.014018691588785,0.0371517027863777,0.184663536776213,1,0.00156739811912226,0,0.317460317460317,0.0109375,0.0240384615384615,0.469745222929936,1,0.276527331189711,1,0.965354330708661,0,0.99079754601227,0,0.998447204968944,0.8234375,1,0.0127388535031847,0.978193146417445,0,0.874804381846635,0.702093397745572,0.957142857142857,0.988993710691824,0.998407643312102,0.278740157480315,0.961722488038278,1,0,0.0272435897435897,1,1,0.323671497584541,0.878930817610063,0.967105263157895,0.946372239747634,1,0,0.114192495921697,1,0.00161030595813205,0,0.967845659163987,0.00981996726677578,0.0386473429951691,1,0.971786833855799,0.00481540930979133,0.621621621621622,0.42258064516129,0.9856,0,0.868167202572347,0.996732026143791,0.371980676328502,0.608424336973479,0.784126984126984,0,0.150943396226415,0.975845410628019,0.998410174880763,0.442006269592476,1,0.966555183946488,0.028892455858748,0.0015600624024961,0.985981308411215,0.993630573248408,0.950558213716108,0.675384615384615,0.00476947535771065,0.871382636655949,0.23943661971831,0.166389351081531,0.00626959247648903,0.604575163398693,0.593059936908517,0.60093896713615,0,0.280844155844156,0.915470494417863,0.6359375,0.523219814241486,0.0752688172043011,0,0,1,0.969088098918083,0,0.928,0.00810372771474878,0,0,0.998394863563403,0,1,0.777602523659306,0.527047913446677,1,0,0,0.993710691823899,0.961538461538462,0.714508580343214,0,0.00162866449511401,0.877708978328173,0.602803738317757,1,0.531446540880503,0.333333333333333,0,0.9796875,0,0.957928802588997,0.0846645367412141,0,0.0093167701863354,0.118589743589744,0.484349258649094,0.970172684458399,0,0.952086553323029,0.976415094339623,1,0,0.0691318327974277,0.931208053691275,0.00493421052631579,1,1,0.00946372239747634,1,0.289308176100629,0.80952380952381,0.00970873786407767,0.160453808752026,0.958730158730159,0.00807754442649435,0,0.974960876369327,0.00488599348534202,0.659711075441412,0.397727272727273,0,0.107644305772231,0.725779967159278,0.253943217665615,0.979527559055118,0,0.144427001569859,0.455138662316476,0.944099378881988,0.88135593220339,0.9648,0.73482428115016,0,0.982839313572543,0,0.968404423380727,0.372742200328407,0,1,1,1,0.626582278481013,0.988993710691824,0.122778675282714,0.173701298701299,0.945945945945946,0.879746835443038,0,0,0.991961414790997,0.934640522875817,0.0142630744849445,0.98546042003231,0.993660855784469,0.346518987341772,0.9375,0.73202614379085,0.881435257410296,0,0.967637540453074,0.328478964401294,1,0.998407643312102,0,0.631578947368421,0.972972972972973,0,0.667205169628433,0.379471228615863,0.799100449775112,0.682692307692308,0.958778625954198,0.0817901234567901,0.988727858293076,1,0.980982567353407,0.281553398058252,0.0871632329635499,0.99211356466877,1,0.00777604976671851,0.775351014040562,0.452681388012618,0.259083728278041,0.757188498402556,1,0.883280757097792,1,0.1203125,0,0,0.82018927444795,0.00158478605388273,0,0.271028037383178,0,0.988993710691824,0.906645569620253,0.998432601880878,0.995319812792512,0.0805687203791469,0,0,0,0.161030595813205,0.0777957860615883,0.150943396226415,0,0,1,0.00622083981337481,0.286858974358974,1,0.588050314465409,0.975845410628019,0.655712050078247,0.628482972136223,0,1,0.387358184764992,0.496,0.923794712286159,0.9859375,0.381558028616852,0.00958466453674121,0.956591639871383,0.956723338485317,0,0.96937212863706,0.0172413793103448,0.98330550918197,0.430599369085173,0,0.0062111801242236,0.507389162561576,0.8304,0,0.121359223300971,0.00958466453674121,0.00165837479270315,0.748466257668712,0.0255591054313099,1,0.312989045383412,0.99375,0,0.376971608832808,0.310064935064935,0.862903225806452,0.0848287112561175,0.00471698113207547,0.0015748031496063,0.0429936305732484,0,0.995391705069124,0.0328407224958949,0.983024691358025,0.00482315112540193,1,0,0.520123839009288,0.467304625199362,1,0,1,0,0.37987012987013,0.990521327014218,0,0.650695517774343,0.982286634460548,0.7328,0.954619124797407,0.0314465408805031,0,1,0.252427184466019,0,0.686915887850467,0,0.0185758513931889,1,1,0.992223950233281,0.973270440251572,0.981072555205047,0,0.979299363057325,0.0220472440944882,0.335403726708075,0.280314960629921,0.992163009404389,0.990415335463259,0.992272024729521,0.992199687987519,0.0619047619047619,0.0110584518167457,0.986733001658375,0.955108359133127,0.711356466876972,0.981072555205047,1,0.973101265822785,0,0,0.979969183359014,0,0.0642633228840125,0,0.955555555555556,0.272875816993464,0.209415584415584,0.120879120879121,0.914285714285714,0,0.0943396226415094,1,1,0.635367762128325,0.416793893129771,0.212669683257919,0.171339563862928,0.637820512820513,0,0.12480252764613,0.546603475513428,0.258320126782884,0.694704049844237,0.009375,0,0,0.307941653160454,1,0.626373626373626,0.214175654853621,0.611556982343499,0.878548895899054,0.98780487804878,0.962171052631579,0.982113821138211,1,0.998389694041868,0.552380952380952,0.406995230524642,0.998425196850394,0.00304878048780488,0.00627943485086342,0.873617693522907,0.0107361963190184,1,0.972929936305732,0,0.104404567699837,0,0.947535771065183,0,0.971563981042654,1,0.00773993808049536,0.836767036450079,1,0.65,0.611801242236025,0.874203821656051,0,0,0.923714759535655,0.947611710323575,0.990712074303406,0,0,0,0.230524642289348,0.497652582159624,0,0.455538221528861,0,0.92520325203252,1,0.150882825040128,0.232449297971919,0,0.354838709677419,0.580542264752791,0.858695652173913,0.965996908809892,0.77007874015748,0,0.990353697749196,0.0128410914927769,1,0,0.98613251155624,0.00626959247648903,1,0.0161550888529887,0.00801282051282051,0,0,0.816455696202532,0.927750410509031,0.936908517350158,0.718944099378882,0.0248062015503876,0.00317460317460317,0.823529411764706,0.842433697347894,0,0.0160513643659711,0.966613672496025,0,0.983922829581994,0.958139534883721,0.0649762282091918,0.046583850931677,0.00158478605388273,1,0.446774193548387,0.0668789808917197,0.0963081861958267,0.104265402843602,0.687702265372168,0.095679012345679,1,0,0.766233766233766,0.984350547730829,0.0032626427406199,0,0,0,0,1,0.710310965630115,0,0,0.538585209003215,0.960505529225908,0.430817610062893,0.0551181102362205,0.00162337662337662,0.0560897435897436,0.0205696202531646,0,0.0224358974358974,0.00614439324116743,0.00161550888529887,0.0108864696734059,0,0.0528846153846154,0.0599369085173502,0.0125,0.0190174326465927,0.00492610837438424,0.0254372019077901,0.0248833592534992,0.0604133545310016,0.00478468899521531,0.0206677265500795,0,0.00158730158730159,0.0521172638436482,0.00793650793650794,0.0250391236306729,0,0.0330708661417323,0.0015552099533437,0.00160513643659711
"105",0.0955315870570108,0.100154083204931,0.136157337367625,0.15527950310559,0.110764430577223,0.0996884735202492,0.206471494607088,0.128834355828221,0.103139013452915,0,0.098613251155624,0,0.493939393939394,0.0907668231611894,0.877272727272727,0.89060092449923,0,0.0015600624024961,0.101694915254237,0.10806697108067,0.869831546707504,0.876369327073552,0.10806697108067,0,0.15695067264574,0.731182795698925,0.8546875,0.114420062695925,0.616191904047976,0.404545454545455,0.889728096676737,0.411042944785276,0.32312404287902,0.697568389057751,0,0.0940819423368741,0.00753012048192771,0.103915662650602,0.827232796486091,0.201210287443268,0,0,0,0.106750392464678,0.311320754716981,0.904024767801858,0.53582554517134,0.898305084745763,0.597615499254843,0.830860534124629,0,0.110769230769231,0.778120184899846,0.0932721712538226,0.199074074074074,0.814756671899529,0,0.132192846034215,0.138297872340426,0.215477996965099,0.708018154311649,0.638138138138138,0.898911353032659,0,0.208791208791209,0.279816513761468,0,0.112462006079027,0,0.897196261682243,0.234586466165414,0.894736842105263,0.904615384615385,0.0917293233082707,0,0.403298350824588,0.888048411497731,0.481536189069424,0.1921875,0.727422003284072,0,0.396369137670197,0.751479289940828,0.0928462709284627,0.848484848484849,0.194570135746606,0.105263157894737,0.130168453292496,0.123123123123123,0,0.105182926829268,0.10105580693816,0,0,0.126543209876543,0,0.763803680981595,0.124242424242424,0,0,0.485451761102603,0,0.819165378670788,0.0979782270606532,1,0.0940438871473354,0,0.126934984520124,0.90519877675841,0.901081916537867,0.902439024390244,0.175840978593272,0.682515337423313,0.109090909090909,0,0.115326251896813,0.404833836858006,0,0.896813353566009,0.751159196290572,0,0.319444444444444,0.855007473841555,0.862068965517241,0.131618759455371,0.814307458143075,0.0930930930930931,0.100303951367781,0,0.54,0.169724770642202,0.543613707165109,0.115625,0,0.108320251177394,0.891369047619048,0,0.865834633385335,0.425925925925926,0.560821484992101,0,0,0.129573170731707,0.345454545454545,0.7921875,0.10077519379845,0.882442748091603,0.173192771084337,0.614307931570762,0.111607142857143,0.938193343898574,0.106153846153846,0.109204368174727,0.252994011976048,0.0903522205206738,0.890937019969278,0.101226993865031,0.899691358024691,0,0.369397217928903,0.231927710843373,0.107197549770291,0.897590361445783,0,0.104545454545455,0.593798449612403,0.104761904761905,0.102134146341463,0.103030303030303,0.701649175412294,0.135258358662614,0.894495412844037,0.153383458646617,0.895280235988201,0.202435312024353,0.645896656534954,0,0.114329268292683,0,0.232277526395173,0.0943683409436834,0.83695652173913,0.123100303951368,0.159159159159159,0.112259970457903,0.128593040847201,0.862174578866769,0.64424514200299,0.175548589341693,0.167950693374422,0.910334346504559,0.899390243902439,0.110599078341014,0.206106870229008,0,0,0.794753086419753,0,0.0988023952095808,0.746290801186944,0.213846153846154,0.331831831831832,0.113602391629297,0.671826625386997,0.587349397590361,0.801857585139319,0.180834621329212,0.128284389489954,0.208144796380091,0,0.225416036308623,0.918789808917197,0.155145929339478,0.908527131782946,0.853073463268366,0.552352048558422,0.12326656394453,0.126315789473684,0.263399693721286,0.107033639143731,0.209302325581395,0,0.864197530864197,0.43562874251497,0.115085536547434,0,0.100151745068285,0.118440779610195,0.525757575757576,0.506172839506173,0.108527131782946,0.096875,0.711480362537764,0,0.197901049475262,0.535603715170279,0.135646687697161,0.897435897435897,0.136842105263158,0.109204368174727,0.100299401197605,0.143740340030912,0.512012012012012,0.898148148148148,0.131498470948012,0.509833585476551,0.901931649331352,0.891207153502235,0.75462962962963,0.904907975460123,0.883792048929664,0.432190760059613,0.892966360856269,0.89039039039039,0.892424242424242,0.505263157894737,0.875,0.115384615384615,0,0.895061728395062,0,0.841538461538462,0.101851851851852,0.11937984496124,0.202127659574468,0,0.221183800623053,0.248854961832061,0.408882082695253,0.466463414634146,0.575803981623277,0.565284178187404,0,0.105919003115265,0.951219512195122,0.399684044233807,0.13251155624037,0.90273556231003,0.347758887171561,0.899236641221374,0.841149773071104,0.0962406015037594,0.107255520504732,0.194704049844237,0,0.463046757164404,0.210122699386503,0,0.899096385542169,0.191330343796712,0.119266055045872,0,0.903030303030303,0.896341463414634,0.126168224299065,0.224111282843895,0.904238618524333,0,0.698142414860681,0.102803738317757,0.30780559646539,0.635670731707317,0.442367601246106,0.149476831091181,0.894171779141104,0.0980392156862745,0.101669195751138,0.890092879256966,0.128440366972477,0.109062980030722,0.123824451410658,0.101208459214502,0.777265745007681,0.755725190839695,0.819018404907976,0.118195956454121,0.169036334913112,0.00297619047619048,0.73953488372093,0.128787878787879,0.800911854103343,0.717455621301775,0.109062980030722,0.105343511450382,0.128787878787879,0.414330218068536,0.100151745068285,0.740740740740741,0.143703703703704,0.0980091883614089,0,0.739064856711916,0.536277602523659,0.896499238964992,0.00151745068285281,0.889728096676737,0.17774343122102,0.884848484848485,0.905631659056317,0,0.760242792109256,0.110769230769231,0.865761689291101,0.115689381933439,0.134036144578313,0.1112828438949,0.809597523219814,0.819595645412131,0.408814589665653,0.575427682737169,0,0.273846153846154,0.903614457831325,0.866165413533835,0.909090909090909,0.100308641975309,0.910060975609756,0,0.744257274119449,0.891238670694864,0.903522205206738,0.55895865237366,0.101538461538462,0.717592592592593,0.0987261146496815,0.129829984544049,0,0.108187134502924,0.893778452200303,0.104229607250755,0.270353302611367,0.108108108108108,0.908256880733945,0.119760479041916,0.901990811638591,0.214939024390244,0.372128637059724,0.155589123867069,0.122699386503067,0.0924499229583975,0.81441717791411,0.13587786259542,0.105263157894737,0.891691394658754,0.905631659056317,0.0953846153846154,0.104294478527607,0.680365296803653,0.219033232628399,0.129337539432177,0.142201834862385,0.0995475113122172,0,0.825273010920437,0.0953101361573374,0.903225806451613,0,0.137984496124031,0,0.877138413685848,0.1,0.127496159754224,0,0.465437788018433,0.605222734254992,0.11875,0.890625,0.231611893583725,0.1109375,0.696923076923077,0.487767584097859,0.309968847352025,0,0.931297709923664,0.113385826771654,0.112307692307692,0.587155963302752,0.0977099236641221,0.130781499202552,0.888036809815951,0,0.116666666666667,0.105828220858896,0.150455927051672,0.394302848575712,0.893188854489164,0.220679012345679,0.759398496240602,0.824281150159744,0,0.445820433436532,0.492236024844721,0.468562874251497,0,0.718944099378882,0.178187403993856,0.439024390243902,0.518573551263002,0.841246290801187,0,0,0.0940665701881331,0.122754491017964,0,0.172256097560976,0,0,0,0.0964777947932619,0,0.110584518167457,0.332307692307692,0.566917293233083,0.0974512743628186,0,0,0.106317411402157,0.13353115727003,0.376524390243902,0.903417533432392,0,0.20392749244713,0.499245852187029,0.0966767371601208,0.524024024024024,0.655436447166922,0,0.117293233082707,0.902021772939347,0.149300155520995,0.839203675344564,0,0.902511078286558,0.835130970724191,0.553772070626003,0.11280487804878,0,0.162202380952381,0.118003025718608,0.0874811463046757,0,0.872670807453416,0.165594855305466,0.899841017488076,0.0980392156862745,0.102719033232628,0.906344410876133,0.100151745068285,0.804580152671756,0.298484848484848,0.887147335423197,0.909235668789809,0.138248847926267,0,0.894817073170732,0.13134328358209,0.897674418604651,0.454968944099379,0.636645962732919,0,0.8649468892261,0.335901386748844,0.833836858006042,0.117469879518072,0.902587519025875,0.822995461422088,0.580286168521463,0.15327380952381,0.212574850299401,0.142201834862385,0.34472049689441,0,0.104072398190045,0.897865853658537,0.125948406676783,0.695583596214511,0.902511078286558,0.0917431192660551,0.103715170278638,0.0920245398773006,0.434451219512195,0.11854103343465,0.962790697674419,0.908950617283951,0.157650695517774,0.213414634146341,0,0,0.110591900311526,0.160436137071651,0.901386748844376,0.113178294573643,0.111613876319759,0.745426829268293,0.168224299065421,0.378294573643411,0.197604790419162,0,0.135593220338983,0.744582043343653,0.0986342943854325,0.100763358778626,0,0.453717754172989,0.121875,0.895705521472393,0.409090909090909,0.625954198473282,0.292466765140325,0.391640866873065,0.138643067846608,0.844444444444444,0.115919629057187,0.0964777947932619,0.11890243902439,0.777602523659306,0.857580398162328,0.100609756097561,0.109118086696562,0,0.33030303030303,0.602118003025719,0.719083969465649,0.328808446455505,0.106060606060606,0.196969696969697,0.105343511450382,0.116138763197587,0.903174603174603,0,0.276435045317221,0.898911353032659,0.9,0.728787878787879,0,0.112633181126332,0.172932330827068,0.102134146341463,0.105022831050228,0.854294478527607,0.906441717791411,0,0,0.90251572327044,0.869431643625192,0.800613496932515,0,0.897280966767372,0.095952023988006,0.38763197586727,0.809006211180124,0.100931677018634,0.502222222222222,0.132192846034215,0.419548872180451,0.447407407407407,0,0.108345534407028,0.714285714285714,0.612307692307692,0.168908819133034,0.0990853658536585,0.690332326283988,0,0.151515151515152,0.148484848484848,0,0.131462333825702,0.898330804248862,0.108832807570978,0.589230769230769,0,0,0.593949044585987,0.271604938271605,0.9,0.829984544049459,0,0,0.345642540620384,0.890769230769231,0.10031847133758,0.704819277108434,0.102102102102102,0.906766917293233,0.632930513595166,0.673405909797823,0.223420647149461,0.856466876971609,0.899696048632219,0,0.873651771956857,0,0.108630952380952,0.762870514820593,0.12630014858841,0.895223420647149,0.105100463678516,0,0.518409425625921,0.610510046367852,0.098310291858679,0,0.101361573373676,0,0.631578947368421,0.122913505311077,0,0.428571428571429,0.115085536547434,0.325115562403698,0.165366614664587,0.885714285714286,0,0.104776579352851,0.746543778801843,0,0.406441717791411,0.901492537313433,0.899399399399399,0.101721439749609,0.0981308411214953,0.104166666666667,0.117465224111283,0.121913580246914,0,0.128682170542636,0,0.732223903177005,0.709090909090909,0.108396946564885,0.109756097560976,0.11144578313253,0.107197549770291,0.0425531914893617,0.91358024691358,0.124006359300477,0.143950995405819,0.371212121212121,0.118003025718608,0.0966767371601208,0.134036144578313,0,0,0.114369501466276,0,0.868778280542986,0,0.14567526555387,0.728706624605678,0.780715396578538,0.87062404870624,0.181395348837209,0.0015527950310559,0.947289156626506,0.0988023952095808,0.100763358778626,0.453560371517028,0.682422451994092,0.762811127379209,0.793154761904762,0.42,0.906485671191554,0.830045523520486,0.551671732522796,0.723765432098765,0.385083713850837,0.894495412844037,0,0.894009216589862,0.749613601236476,0.105919003115265,0.43161094224924,0.892697466467958,0.459909228441755,0.22473604826546,0.108792846497765,0.144215530903328,0.108359133126935,0.10625,0.107197549770291,0.490106544901065,0.607250755287009,0.103448275862069,0.892697466467958,0.890060240963855,0.229583975346687,0,0.0971168437025797,0.13030303030303,0,0.850863422291994,0,0.151468315301391,0,0.126315789473684,0.0966767371601208,0.907715582450832,0.258914728682171,0.101515151515152,0.420807453416149,0.468181818181818,0.211981566820276,0,0,0.1743264659271,0.159356725146199,0.114678899082569,0,0,0.897356143079316,0.756060606060606,0.535060975609756,0,0.593607305936073,0,0.174922600619195,0.0976744186046512,0.8046875,0.734539969834088,0,0.672307692307692,0.475609756097561,0.227692307692308,0.146487294469357,0.319571865443425,0.90273556231003,0.107981220657277,0.0914728682170543,0.109204368174727,0,0.112275449101796,0,0.105180533751962,0.897196261682243,0.570987654320988,0,0,0.259090909090909,0.161392405063291,0.148648648648649,0.364457831325301,0.90117994100295,0.902140672782875,0.263719512195122,0.239162929745889,0,0.892141756548536,0.128086419753086,0,0.113385826771654,0.143504531722054,0.879336349924585,0,0.891104294478528,0.102985074626866,0.569659442724458,0.853168469860896,0.84012539184953,0.824508320726172,0.408736349453978,0.845577211394303,0.0949464012251149,0,0.352941176470588,0.118003025718608,0,0,0.904129793510325,0,0.890743550834598,0.100299401197605,0.388976377952756,0.900928792569659,0.898617511520737,0.542452830188679,0.144186046511628,0.635114503816794,0.00302571860816944,0.900158478605388,0.0523882896764253,0.0106221547799697,0,0.751552795031056,0.888558692421991,0.896604938271605,0.893939393939394,0.907575757575758,0,0.00152905198776758,0.890225563909774,0.00916030534351145,0.0015748031496063,0.0259146341463415,0.0120481927710843,0.00150829562594268,0.89739663093415,0.016793893129771,0.900943396226415,0.903076923076923,0,0.894009216589862,0.0464071856287425,0.904689863842663,0.837461300309598,0.89807976366322,0.895454545454546
"106",0.996715927750411,1,0.973015873015873,0.938906752411576,0.986776859504132,1,0.898058252427185,0.975688816855754,1,0,1,0,0.557692307692308,1,0.0428571428571429,0.00797448165869218,0,0.016025641025641,0.996710526315789,0.979066022544283,0.153354632587859,0.0264026402640264,0.99211356466877,0,0.953821656050955,0.258481421647819,0.106858054226475,0.988524590163934,0.4734375,0.688709677419355,0,0.689763779527559,0.756978653530378,0.293929712460064,0,1,0.0189274447949527,0.995253164556962,0.267496111975117,0.904088050314465,0.00165289256198347,0.0175718849840256,0.00636942675159236,1,0.783828382838284,0.0245098039215686,0.520259319286872,0,0.46749226006192,0.129541864139021,0,0.992,0.254019292604502,1,0.887438825448613,0.157635467980296,0,0.975728155339806,0.955905511811024,0.90224358974359,0.298245614035088,0.434375,0,0,0.900974025974026,0.829073482428115,0,0.987012987012987,0,0,0.868131868131868,0.00644122383252818,0.0161812297734628,1,0,0.711627906976744,0.0396196513470681,0.567961165048544,0.893030794165316,0.258503401360544,0,0.7046875,0.197767145135566,0.998417721518987,0.107544141252006,0.910377358490566,0.998384491114701,0.971107544141252,0.96984126984127,0.010989010989011,0.990275526742301,1,0,0,0.967105263157895,0,0.287974683544304,0.982315112540193,0.00789889415481832,0.00966183574879227,0.614035087719298,0,0.279742765273312,1,0.0940438871473354,1,0.0114566284779051,0.977382875605816,0,0.00641025641025641,0.00473186119873817,0.912337662337662,0.337096774193548,0.992025518341308,0,0.990369181380417,0.715189873417722,0,0,0.236928104575163,0,0.758842443729904,0.238782051282051,0.0754098360655738,0.974317817014446,0.144654088050314,0.996840442338073,0.996805111821086,0,0.543859649122807,0.933224755700326,0.485342019543974,0.99016393442623,0,0.993431855500821,0.025,0,0.204582651391162,0.640776699029126,0.518760195758564,0,0,0.982055464926591,0.75487012987013,0.164451827242525,1,0.00650406504065041,0.923566878980892,0.408496732026144,0.982945736434109,0.122950819672131,0.983948635634029,1,0.8256,0.993610223642173,0,1,0,0,0.737012987012987,0.864197530864197,0.980922098569157,0.0206349206349206,0,1,0.452459016393443,1,1,1,0.287267080745342,0.977455716586151,0.0016,0.950949367088608,0,0.894308943089431,0.379807692307692,0,0.980952380952381,0,0.852090032154341,1,0.1248,0.984076433121019,0.95389507154213,0.990654205607477,0.976228209191759,0.0996835443037975,0.377179080824089,0.924466338259442,0.946254071661238,0.0559105431309904,0.00641025641025641,0.980582524271845,0.857827476038339,0,0,0.288743882544861,0.00158730158730159,1,0.254777070063694,0.880327868852459,0.762360446570973,0.992076069730586,0.432520325203252,0.43167701863354,0.292763157894737,0.924217462932455,0.957723577235772,0.875786163522013,0,0.890822784810127,0.174917491749175,0.945091514143095,0,0.0647709320695103,0.540453074433657,0.978998384491115,0.979591836734694,0.816129032258065,0.998427672955975,0.889245585874799,0,0.0712025316455696,0.658805031446541,0.993453355155483,0,0.995319812792512,0.979907264296754,0.549432739059968,0.547619047619048,0.990445859872611,1,0.357605177993528,0,0.886792452830189,0.521035598705502,0.972222222222222,0,0.96031746031746,1,1,0.946078431372549,0.543443917851501,0.00160771704180064,0.968203497615262,0.55591054313099,0.00308641975308642,0.0015527950310559,0.204878048780488,0,0.145214521452145,0.660347551342812,0,0.00479233226837061,0.00792393026941363,0.586206896551724,0.0327868852459016,0.98546042003231,0.0114566284779051,0,0,0.217179902755267,1,0.9824,0.897727272727273,0,0.866231647634584,0.85214626391097,0.693548387096774,0.5890625,0.453674121405751,0.459150326797386,0.0128617363344051,1,0.0825396825396825,0.707357859531773,0.960912052117264,0.0111821086261981,0.741518578352181,0.00160771704180064,0.128367670364501,1,1,0.895253682487725,0,0.645669291338583,0.889430894308943,0,0,0.895148669796557,0.980582524271845,0,0.00161812297734628,0.00156494522691706,0.980230642504119,0.872727272727273,0,0,0.377179080824089,0.990322580645161,0.784688995215311,0.390894819466248,0.65415986949429,0.958532695374801,0.00972447325769854,1,1,0.00650406504065041,0.966613672496025,1,0.973898858075041,0.9967585089141,0.189406099518459,0.301587301587302,0.287319422150883,0.975490196078431,0.932119205298013,0.055379746835443,0.26904376012966,0.975922953451043,0.158227848101266,0.306376360808709,0.995222929936306,0.998392282958199,0.969793322734499,0.692058346839546,0.996845425867508,0.248366013071895,0.963317384370016,0.996726677577741,0,0.30829420970266,0.552459016393443,0.0159744408945687,0.059748427672956,0.00791139240506329,0.895330112721417,0.0256,0,0,0.236156351791531,0.99198717948718,0.0768,0.988429752066116,0.969889064976228,0.987179487179487,0.275693311582382,0.275459098497496,0.683441558441558,0.453333333333333,0,0.820846905537459,0.0110410094637224,0.0446570972886762,0.199052132701422,1,0,0,0.322784810126582,0.0095389507154213,0.0227642276422764,0.468051118210863,1,0.270627062706271,1,0.965686274509804,0,0.992331288343558,0,0.998420221169036,0.818770226537217,1,0.0112721417069243,0.976452119309262,0,0.882636655948553,0.711475409836066,0.949286846275753,0.987261146496815,0.996810207336523,0.290271132376396,0.958132045088567,1,0,0.0267716535433071,1,1,0.32695374800638,0.882825040128411,0.970099667774086,0.952830188679245,1,0,0.118226600985222,1,0.00161290322580645,0,0.966237942122186,0.0114566284779051,0.0454545454545455,1,0.969404186795491,0.00485436893203883,0.62760834670947,0.423263327948304,0.985294117647059,0.0016260162601626,0.85924713584288,0.996742671009772,0.379705400981997,0.588976377952756,0.781350482315113,0,0.159163987138264,0.975728155339806,0.998384491114701,0.456418383518225,1,0.97,0.032520325203252,0.00161030595813205,0.984326018808777,0.993548387096774,0.950819672131147,0.692185007974482,0.00650406504065041,0.857605177993528,0.2384,0.181049069373942,0.00642054574638844,0.616144975288303,0.5952,0.60702875399361,0,0.290909090909091,0.901430842607313,0.647335423197492,0.512578616352201,0.0855365474339036,0,0,1,0.976303317535545,0,0.915721231766613,0.00975609756097561,0,0,0.998373983739837,0,1,0.767145135566188,0.524642289348172,1,0,0,0.993527508090615,0.957413249211357,0.719685039370079,0,0.00163934426229508,0.880763116057234,0.577352472089314,1,0.538950715421304,0.3568,0,0.977917981072555,0,0.955128205128205,0.0934426229508197,0,0.00783699059561128,0.11470113085622,0.486622073578595,0.977848101265823,0,0.949843260188088,0.972712680577849,1,0,0.0774193548387097,0.933333333333333,0.00498338870431894,1,1,0.00793650793650794,1,0.290529695024077,0.800970873786408,0.00961538461538462,0.148450244698206,0.964630225080386,0.00964630225080386,0,0.97626582278481,0.00494233937397035,0.65139116202946,0.401284109149278,0,0.1024,0.726829268292683,0.246815286624204,0.976190476190476,0,0.148148148148148,0.4321608040201,0.949526813880126,0.8801261829653,0.959349593495935,0.740740740740741,0,0.9826224328594,0,0.964912280701754,0.386401326699834,0,1,1,1,0.638095238095238,0.987096774193548,0.121359223300971,0.179775280898876,0.951219512195122,0.878444084278768,0,0,0.991803278688525,0.9376026272578,0.014827018121911,0.985483870967742,0.993690851735016,0.34913112164297,0.931596091205212,0.727124183006536,0.889240506329114,0,0.967479674796748,0.327476038338658,1,0.998394863563403,0,0.643322475570033,0.972357723577236,0,0.674718196457327,0.374407582938389,0.793798449612403,0.685667752442997,0.9546875,0.0830721003134796,0.982113821138211,1,0.982371794871795,0.292483660130719,0.0930979133226324,0.992063492063492,1,0.00955414012738853,0.78003120124805,0.448657187993681,0.252380952380952,0.759170653907496,1,0.865384615384615,1,0.126168224299065,0,0,0.818619582664527,0.00163132137030995,0,0.273015873015873,0,0.988782051282051,0.913385826771654,0.998405103668262,0.99685534591195,0.0894308943089431,0,0,0,0.166394779771615,0.0759289176090469,0.166397415185784,0,0,1,0.0093603744149766,0.276315789473684,1,0.596491228070175,0.969648562300319,0.660194174757282,0.6390625,0,1,0.393841166936791,0.49672131147541,0.920436817472699,0.988941548183254,0.382165605095541,0.0111821086261981,0.951456310679612,0.952456418383518,0,0.967542503863988,0.0128617363344051,0.985342019543974,0.423756019261637,0,0.00797448165869218,0.502463054187192,0.832528180354267,0,0.134328358208955,0.0111287758346582,0.00165289256198347,0.731132075471698,0.0242718446601942,1,0.32182103610675,0.992076069730586,0,0.384244372990354,0.308702791461412,0.863414634146341,0.0933333333333333,0.00316957210776545,0.0016025641025641,0.0388978930307942,0,0.993700787401575,0.0346534653465347,0.981337480559876,0.00487012987012987,1,0,0.515576323987539,0.459770114942529,1,0,0.998432601880878,0,0.398009950248756,0.987220447284345,0,0.651419558359621,0.981848184818482,0.7536,0.947712418300654,0.032967032967033,0,1,0.264943457189015,0,0.693053311793215,0,0.0157977883096366,1,1,0.990639625585023,0.9744,0.980230642504119,0,0.978827361563518,0.0241545893719807,0.34384858044164,0.286168521462639,0.993660855784469,0.992101105845182,0.993788819875776,0.990461049284579,0.0523809523809524,0.0146103896103896,0.986733001658375,0.957210776545166,0.714285714285714,0.9744,1,0.97456279809221,0,0,0.984447900466563,0,0.0684713375796178,0,0.962783171521036,0.275693311582382,0.206953642384106,0.106858054226475,0.915064102564103,0,0.105769230769231,1,1,0.628205128205128,0.407407407407407,0.20398773006135,0.175438596491228,0.671009771986971,0,0.117174959871589,0.537124802527646,0.263327948303716,0.703001579778831,0.0113636363636364,0,0,0.316993464052288,1,0.621835443037975,0.214397496087637,0.622186495176849,0.869218500797448,0.990551181102362,0.956953642384106,0.978896103896104,1,0.998389694041868,0.545166402535658,0.428571428571429,0.998402555910543,0.00618238021638331,0.0093603744149766,0.871589085072231,0.0126582278481013,1,0.97007874015748,0,0.108552631578947,0,0.951377633711507,0,0.974151857835218,1,0.00634920634920635,0.833876221498371,1,0.654098360655738,0.610223642172524,0.87620578778135,0,0,0.929411764705882,0.947611710323575,0.991935483870968,0,0,0,0.234548335974643,0.5,0,0.443561208267091,0,0.921182266009852,1,0.155228758169935,0.229199372056515,0,0.34640522875817,0.595846645367412,0.866028708133971,0.96551724137931,0.7648,0,0.99009900990099,0.0160513643659711,1,0,0.982539682539682,0.00810372771474878,1,0.0180623973727422,0.00972447325769854,0,0,0.815580286168522,0.924713584288052,0.937007874015748,0.711145996860283,0.0230414746543779,0.0048780487804878,0.839228295819936,0.83968253968254,0,0.0175438596491228,0.971061093247588,0,0.985436893203884,0.957210776545166,0.0636215334420881,0.0421393841166937,0.00321027287319422,1,0.4592,0.0759289176090469,0.100164203612479,0.10459587955626,0.690048939641109,0.0875796178343949,1,0,0.753623188405797,0.984101748807631,0.0032626427406199,0,0,0,0,1,0.70935960591133,0,0,0.542071197411003,0.954911433172303,0.428343949044586,0.0505529225908373,0.00165837479270315,0.0528052805280528,0.0190174326465927,0,0.025518341307815,0.00618238021638331,0.00163934426229508,0.0126984126984127,0,0.0508196721311475,0.0594855305466238,0.0144230769230769,0.0207336523125997,0.00655737704918033,0.0255591054313099,0.0253164556962025,0.0631911532385466,0.00647249190938511,0.0208667736757624,0,0.00161550888529887,0.0507364975450082,0.00807754442649435,0.0235478806907378,0,0.0349761526232114,0.00155038759689922,0.00163398692810458
"107",0.0112903225806452,0.00940438871473354,0.0124223602484472,0.00646203554119548,0.00952380952380952,0.00969305331179321,0.0258064516129032,0.00947867298578199,0.0124223602484472,0.988727858293076,0.00789889415481832,0.992175273865415,0.003125,0.00805152979066022,0,0,0.98755832037325,0.982539682539682,0.00974025974025974,0.0110062893081761,0,0,0.00623052959501558,0.988976377952756,0.00783699059561128,0.00158982511923688,0,0.0146818923327896,0,0.00156739811912226,0,0.0048,0.00637958532695375,0,0.990445859872611,0.0109717868338558,0.974683544303797,0.0124610591900312,0,0.0109034267912773,0.991909385113269,0.984423676012461,0.998435054773083,0.00637958532695375,0.00647249190938511,0,0.00482315112540193,0,0.00462249614791988,0,0.988976377952756,0.00793650793650794,0,0.00788643533123028,0.0224719101123595,0,0.986928104575163,0.00974025974025974,0.0140625,0.00470219435736677,0.003125,0,0,0.987138263665595,0.00805152979066022,0.00783699059561128,0.987240829346092,0.0094488188976378,0.989113530326594,0,0.00782472613458529,0,0,0.00941915227629513,0.989197530864197,0.00308641975308642,0,0.00628930817610063,0.00813008130081301,0,0.990306946688207,0.00309597523219814,0.00156739811912226,0.00927357032457496,0,0.0093167701863354,0.0125984251968504,0.010989010989011,0.0109546165884194,1,0.0096,0.0125984251968504,0.990491283676704,0.990536277602524,0.00964630225080386,0.988871224165342,0.0171606864274571,0.00955414012738853,0.989096573208723,0.993630573248408,0.0127186009538951,0.990610328638498,0,0.00955414012738853,0,0.0114566284779051,1,0.014308426073132,0,0,0,0.023961661341853,0.0016,0.0112179487179487,0.992063492063492,0.0109717868338558,0.003125,0.990654205607477,0,0.00157232704402516,0.99079754601227,0.008,0,0,0.0109204368174727,0.00157232704402516,0.009375,0.00782472613458529,0.988941548183254,0.0125984251968504,0.00788643533123028,0.00322061191626409,0.00801282051282051,0.993730407523511,0.0096,0,0.987321711568938,0,0.00157232704402516,0.0130718954248366,0.990461049284579,0.993506493506494,0.010989010989011,0.00320512820512821,0.00161550888529887,0.00963081861958266,0,0.0078125,0.0016,0.0107858243451464,0,0.00941915227629513,0.0096,0.0077639751552795,0.00630914826498423,0,0.0125786163522013,0,0.987381703470032,0.00635930047694754,0.0139751552795031,0.00773993808049536,0,0.989230769230769,0.0077639751552795,0.00323101777059774,0.00983606557377049,0.0093603744149766,0.0093167701863354,0.0031496062992126,0.0094488188976378,0,0.0108024691358025,0,0.0114566284779051,0.0015625,0.990353697749196,0.00952380952380952,0.989028213166144,0.00475435816164818,0.0124804992199688,0.00158730158730159,0.00943396226415094,0.0077639751552795,0.00758725341426404,0.00941915227629513,0,0.0015527950310559,0.00656814449917898,0.00966183574879227,0,0,0.0110236220472441,0.0282574568288854,0.990740740740741,0.988871224165342,0,0.989113530326594,0.0108024691358025,0,0.0145161290322581,0.00312989045383412,0.010752688172043,0,0.00156494522691706,0.00161812297734628,0.0109717868338558,0.0126984126984127,0.0109375,0.990430622009569,0.00777604976671851,0,0.00961538461538462,0,0,0.00798722044728434,0.0112179487179487,0.0124031007751938,0.0063391442155309,0.0109546165884194,0.00794912559618442,0.9888,0,0.0031201248049922,0.00964630225080386,0.989230769230769,0.00925925925925926,0.0108359133126935,0.0109204368174727,0.00469483568075117,0.0128410914927769,0.00961538461538462,0.0222929936305732,0.986842105263158,0.0186046511627907,0,0.00980392156862745,0,0.00916030534351145,0.0111111111111111,0.00950871632329636,0.00632911392405063,0.0046583850931677,0,0.0093603744149766,0.0046875,0,0,0.00159489633173844,0,0,0.00307692307692308,0,0,0,0.00308641975308642,0,0.00789889415481832,1,0,0.989028213166144,0.00157232704402516,0.0096,0.0062992125984252,0.00792393026941363,0.989096573208723,0.00811688311688312,0.0109717868338558,0.00478468899521531,0,0.00313479623824451,0.0032520325203252,1,0.00967741935483871,0,0.00321027287319422,0.00791139240506329,0,0.00315955766192733,0,0,0.0077639751552795,0.0113636363636364,0.0209339774557166,0.987730061349693,0.0031055900621118,0.0268562401263823,0.987654320987654,0,0.0245398773006135,0.0110584518167457,0.989130434782609,0,0,0.00813008130081301,0.00797448165869218,0,0.991935483870968,0.0205696202531646,0.0112179487179487,0.0062111801242236,0.00315955766192733,0.00325732899022801,0.0107361963190184,0,0.0123839009287926,0.0110410094637224,0,0.0109204368174727,0.0078003120124805,0.00956937799043062,0.00783699059561128,0,0.00309597523219814,0,0.00822368421052632,0.00967741935483871,0.958860759493671,0.0016025641025641,0.0095389507154213,0.00158478605388273,0.00306748466257669,0.00940438871473354,0.012924071082391,0.00955414012738853,0.00161030595813205,0.0108695652173913,0.0016,0.010989010989011,0.00794912559618442,0.987460815047022,0.00154798761609907,0.0129449838187702,0,0.95968992248062,0,0.00628930817610063,0,0,0.989345509893455,0.00157728706624606,0.0111821086261981,0,0.00825082508250825,0.00956937799043062,0.00947867298578199,0,0,0.00477707006369427,0.00164203612479475,0.990521327014218,0.00635930047694754,0,0,0,0.00956937799043062,0,0.989113530326594,0.00318471337579618,0,0,0.00636942675159236,0.0112540192926045,0,0.00833333333333333,0.0112179487179487,0.989197530864197,0.00452488687782805,0,0.0123456790123457,0.00475435816164818,0.00980392156862745,0,0.0078003120124805,0,0.0111287758346582,0.00482315112540193,0.00778816199376947,0.0127388535031847,0.0126582278481013,0,0.0111821086261981,0.0123076923076923,0,0,0.00967741935483871,0.00634920634920635,0,0.0109375,0.0115511551155116,0.00934579439252336,0.0124804992199688,0.9904,0,0.0125588697017268,0,0.99025974025974,0.00797448165869218,0.998394863563403,0,0.0108695652173913,0.010989010989011,0.996835443037975,0.0125391849529781,0.00317460317460317,0.0129449838187702,0,0.00634920634920635,0.00978792822185971,0,0.0015552099533437,0.0047244094488189,0.990506329113924,0,0.0111287758346582,0.00947867298578199,0.00316455696202532,0.0109546165884194,0.0135823429541596,0,0.992163009404389,0.0109546165884194,0.0110935023771791,0.00483091787439614,0.00460829493087558,0,0.0111821086261981,0.00156739811912226,0.0168918918918919,0.996884735202492,0.00476947535771065,0.00316455696202532,0.0047244094488189,0.990654205607477,0.00162866449511401,0.0125391849529781,0.00470219435736677,0,0,0.990639625585023,0.989096573208723,0.0107361963190184,0.00617283950617284,0.9875,0.00626959247648903,1,0.99375,0.987034035656402,0.0128205128205128,0.989010989010989,0.00985221674876847,0.00641025641025641,0.00923076923076923,0.0124223602484472,0.988709677419355,0.988871224165342,0.00946372239747634,0.00611620795107034,0.0078125,0,0.99349593495935,0.0277349768875193,0.0015527950310559,0.0125588697017268,0.0031104199066874,0.00159235668789809,0.992175273865415,0.00777604976671851,0,0.0110935023771791,0,0.989096573208723,0,0,0.0033167495854063,0.0093603744149766,0.989079563182527,0.00917431192660551,0.00946372239747634,0.0094488188976378,0.992101105845182,0,0.00672268907563025,0,0.0124223602484472,0.00775193798449612,0,0.0125786163522013,0,0.00643086816720257,0,0.00161550888529887,0.00963081861958266,1,0,0.0109034267912773,0,0.00481540930979133,0.0160513643659711,0.990625,0,0.0065252854812398,0,0.0126782884310618,0,0,0.00328947368421053,0.00619195046439629,0.00775193798449612,0.00963081861958266,0.00642054574638844,0.988853503184713,0.0107858243451464,0,0.00634920634920635,0.00483870967741936,0,0.0108191653786708,0.0111464968152866,0.0096,0.00318979266347687,0.00772797527047913,0,0,0.0110236220472441,0.0188976377952756,0.990726429675425,0.990369181380417,0.00970873786407767,0.00791139240506329,0,0.00961538461538462,0.00952380952380952,0,0.00644122383252818,0.00651465798045603,0.0263975155279503,0.989079563182527,0.0110584518167457,0.0156739811912226,0.0110410094637224,0.0063391442155309,0.989113530326594,0.00638977635782748,0.00806451612903226,0,0.0094488188976378,0,0.00462249614791988,0.00477707006369427,0.00925925925925926,0,0.0160771704180064,0.0109034267912773,0.00784929356357928,0.0161550888529887,0.021875,0.009375,0.00772797527047913,0.995290423861852,0.00314465408805031,0.0031201248049922,0,0.0078740157480315,0.00943396226415094,0.00643086816720257,0.00946372239747634,0.774494556765163,0,0.989263803680982,0.00635930047694754,0,0,0,0.993660855784469,0.00627943485086342,0.00768049155145929,0.0078740157480315,0.0125984251968504,0,0,0.987860394537178,0.989113530326594,0,0,0,0.990476190476191,0,0.008,0.546165884194053,0,0.00803858520900321,0.0124804992199688,0.00792393026941363,0.00473186119873817,0.00618238021638331,0.989164086687306,0.0106707317073171,0,0,0.014018691588785,0.010752688172043,0.00158982511923688,0.992025518341308,0.00797448165869218,0.0078003120124805,0.988924050632911,0.010752688172043,0,0.00977198697068404,0.0031055900621118,0.990415335463259,0.998439937597504,0,0.00638977635782748,0,0,0.998402555910543,0.986928104575163,0.00617283950617284,0,0.010016694490818,0.00156739811912226,0.0109546165884194,0,0.00316455696202532,0.00158982511923688,0.0146579804560261,0,0,0.995245641838352,0,0.988871224165342,0.00930232558139535,0.147967479674797,0.010590015128593,0,0.0129032258064516,0.9890625,0.00308641975308642,0.00158982511923688,0.00797448165869218,0.98858075040783,0.0109204368174727,0.990491283676704,0,0.0109034267912773,0.990654205607477,0.0234741784037559,0.00963081861958266,0.00475435816164818,0.00966183574879227,0,0.987301587301587,0.0095389507154213,0,0.989197530864197,0.00470219435736677,0,0,0.00488599348534202,0.0112903225806452,0.0108864696734059,0.00938967136150235,0.00963081861958266,0.987519500780031,0.00789889415481832,0.987441130298273,0.021671826625387,0,0.00940438871473354,0.0128617363344051,0.0110759493670886,0.0123456790123457,0.925515055467512,0,0.00980392156862745,0.00628930817610063,0.00617283950617284,0.0110062893081761,0.00920245398773006,0.0107858243451464,0.990712074303406,0.990783410138249,0.0106544901065449,0.989230769230769,0,0.992050874403816,0.00791139240506329,0,0.00161290322580645,0,0.011400651465798,0.989130434782609,0,0.0127186009538951,0.0111464968152866,0.00482315112540193,0,0.00151745068285281,0,0.00474683544303797,0,0.00157232704402516,0,0.00157977883096367,0.0062015503875969,0,0.988745980707395,0,0.0176282051282051,0.00811688311688312,0.0365659777424483,0,0.00471698113207547,0.0125195618153365,0.0123647604327666,0.013136288998358,0.00952380952380952,0.0112359550561798,0.00961538461538462,0,0.0031496062992126,0.0112359550561798,0,0,0.00793650793650794,1,0.0108191653786708,0.00635930047694754,0.988709677419355,0,0.987421383647799,0.00641025641025641,0.990115321252059,0.009375,0.0126382306477093,0,0.00631911532385466,0.0122887864823349,0.00478468899521531,0.00154083204930663,0.0273752012882448,0.990491283676704,0.991909385113269,0.0066006600660066,0.00303030303030303,0.00940438871473354,0.990654205607477,0.990610328638498,0,0.00154559505409583,0.00316455696202532,0.987361769352291,0,0.989197530864197,0.0095389507154213,0.00797448165869218,0.0302547770700637,0.00154798761609907,0.989113530326594,0.0016025641025641,0.00475435816164818,0.00943396226415094,0.00619195046439629,0.00473186119873817,0,0.00966183574879227,0.892063492063492,0.012987012987013,0.993589743589744,0.00914634146341463,0.996840442338073,0.00970873786407767,0,0.352290679304897,0.992050874403816,0.990506329113924,0.0062992125984252,0.00647249190938511,0.0203442879499218,0.00618238021638331,0,0,0.00949367088607595,0.0106382978723404,0.993640699523052,0,0.00940438871473354,0.988941548183254,0.0112721417069243,0.00770416024653313,0,0.968553459119497,0,0.0108527131782946,0.00318471337579618,0,0,0,0.00484652665589661,0,0.00956937799043062,0.989180834621329,0.00815660685154975,0.0109034267912773,0.996779388083736,0.987220447284345,0,0.992101105845182,0,0.00943396226415094,0.00649350649350649,0,0,0.00958466453674121,0.0141732283464567,0,0.959375,0,0.909238249594814,0.974522292993631,0.988817891373802,0.154330708661417,0,0,0.00631911532385466,0,0.958990536277603,0.952904238618524,0,0.973015873015873,0.991961414790997,0.949843260188088,0.969793322734499,0.954616588419405,0,0.966824644549763,0,0,0.961661341853035,0,0.930232558139535,0,0.0581761006289308,0,0
"108",0.976190476190476,0.974960876369327,0.987692307692308,0.9376,0.984126984126984,0.979066022544283,0.91875,0.993769470404984,0.975460122699387,0.00162074554294976,0.978090766823161,0.00158227848101266,0.581903276131045,0.974643423137876,0.0580847723704867,0.029595015576324,0.0031055900621118,0.0157977883096366,0.971061093247588,0.957878315132605,0.182103610675039,0.0504065040650407,0.964615384615385,0.0015748031496063,0.940902021772939,0.271428571428571,0.127760252365931,0.969502407704655,0.480122324159021,0.703588143525741,0.0171875,0.696734059097978,0.779552715654952,0.29320987654321,0.00157728706624606,0.974842767295597,0.0183767228177642,0.972136222910217,0.28030303030303,0.894080996884735,0.0031496062992126,0.0137614678899083,0.0108864696734059,0.977917981072555,0.7888,0.0432692307692308,0.518167456556082,0.0157232704402516,0.467987804878049,0.141321044546851,0.00315457413249211,0.973058637083994,0.2828125,0.973186119873817,0.912280701754386,0.170418006430868,0.00160771704180064,0.952305246422893,0.987596899224806,0.909375,0.307332293291732,0.451010886469673,0.0203125,0.0032,0.886547811993517,0.828125,0.0015748031496063,0.964451313755796,0.00156739811912226,0.0174603174603175,0.846986089644513,0.0232558139534884,0.0407523510971787,0.979813664596273,0.0031055900621118,0.730650154798762,0.0581039755351682,0.584375,0.917721518987342,0.280265339966833,0.00317460317460317,0.719685039370079,0.23583460949464,0.976780185758514,0.129283489096573,0.931357254290172,0.972307692307692,0.964506172839506,0.954758190327613,0.0151975683890578,0.969936708860759,0.972049689440994,0.0015625,0.00309597523219814,0.955056179775281,0.0031104199066874,0.31619937694704,0.964396284829721,0.0107858243451464,0.0141955835962145,0.646031746031746,0.00156985871271586,0.304897314375987,0.976377952755906,0.126934984520124,0.977382875605816,0.014308426073132,1,0.0173228346456693,0.028436018957346,0.0280811232449298,0.936335403726708,0.340625,0.96875,0.00319488817891374,0.990697674418605,0.720748829953198,0.00307219662058372,0.0199386503067485,0.241758241758242,0.00306278713629403,0.773311897106109,0.268330733229329,0.0951612903225806,0.956723338485317,0.159126365054602,0.973765432098765,0.979495268138801,0.00317965023847377,0.556426332288401,0.938679245283019,0.497637795275591,0.965408805031447,0.00311526479750779,0.97411003236246,0.0401854714064915,0.00312989045383412,0.225396825396825,0.627358490566038,0.531400966183575,0.00319488817891374,0.0032258064516129,0.982731554160126,0.76625386996904,0.186305732484076,0.977777777777778,0.0266875981161695,0.936236391912908,0.424242424242424,0.986238532110092,0.146537842190016,0.968304278922345,0.977707006369427,0.832288401253918,0.973684210526316,0.0192,0.981510015408321,0.0220125786163522,0.00157728706624606,0.755520504731861,0.892307692307692,0.957746478873239,0.0434782608695652,0.00153139356814701,0.978625954198473,0.468699839486356,0.979066022544283,0.975308641975309,0.975,0.317073170731707,0.981337480559876,0.0235849056603774,0.943768996960486,0.0229357798165138,0.919303797468354,0.387692307692308,0.00315955766192733,0.965571205007825,0.0015600624024961,0.846511627906977,0.975,0.139646869983949,0.975116640746501,0.928792569659443,0.968468468468468,0.958715596330275,0.111459968602826,0.380585516178737,0.913738019169329,0.934817170111288,0.0658307210031348,0.0264797507788162,0.9792,0.885448916408669,0.00152671755725191,0.00315955766192733,0.318541996830428,0.0031201248049922,0.973643410852713,0.2642089093702,0.907643312101911,0.752738654147105,0.98468606431853,0.452160493827161,0.451070336391437,0.312599681020734,0.911111111111111,0.9421875,0.901869158878505,0.00317965023847377,0.864485981308411,0.197411003236246,0.941176470588235,0.0187793427230047,0.0953846153846154,0.556240369799692,0.959055118110236,0.972560975609756,0.84384858044164,0.979430379746835,0.890995260663507,0.00313479623824451,0.100946372239748,0.672811059907834,0.973520249221184,0.00309119010819165,0.96594427244582,0.986153846153846,0.568075117370892,0.543887147335423,0.968553459119497,0.978998384491115,0.385579937304075,0.0032520325203252,0.913713405238829,0.539432176656151,0.983922829581994,0.0202808112324493,0.956181533646322,0.982511923688394,0.975155279503106,0.944099378881988,0.538345864661654,0.0220820189274448,0.984202211690363,0.546153846153846,0.0242792109256449,0.0199386503067485,0.218553459119497,0.0190779014308426,0.168789808917197,0.698170731707317,0.0172143974960876,0.0229709035222052,0.031055900621118,0.607692307692308,0.057784911717496,0.967948717948718,0.016025641025641,0.0203761755485893,0.00311526479750779,0.239234449760766,0.979299363057325,0.958990536277603,0.897832817337461,0.00309597523219814,0.8944,0.842835130970724,0.690251572327044,0.615023474178404,0.479813664596273,0.459459459459459,0.0157728706624606,0.974643423137876,0.112324492979719,0.709836065573771,0.979527559055118,0.0299212598425197,0.766457680250784,0.0220125786163522,0.142857142857143,0.976958525345622,0.977382875605816,0.923444976076555,0.00152905198776758,0.65414710485133,0.911392405063291,0.00308166409861325,0.0172143974960876,0.926493108728943,1,0.00308641975308642,0.0201550387596899,0.0140405616224649,0.972624798711755,0.889952153110048,0.0210696920583468,0.00158227848101266,0.391575663026521,0.981220657276995,0.811728395061728,0.39258114374034,0.667189952904239,0.949230769230769,0.0283464566929134,0.977064220183486,0.973228346456693,0.0252764612954186,0.964285714285714,0.978090766823161,0.956730769230769,0.973520249221184,0.198449612403101,0.332293291731669,0.306477093206951,0.993650793650794,0.922705314009662,0.0484375,0.27892234548336,0.989045383411581,0.174726989079563,0.311077389984825,0.9859375,0.97444089456869,0.971563981042654,0.710191082802548,0.975609756097561,0.25434439178515,0.981510015408321,0.973478939157566,0.00313971742543171,0.335413416536661,0.558213716108453,0.0332278481012658,0.0479134466769706,0.027906976744186,0.888188976377953,0.0494590417310665,0.0202492211838006,0.00153609831029186,0.244167962674961,0.976340694006309,0.0894819466248038,0.98531810766721,0.984375,0.98256735340729,0.30298273155416,0.312903225806452,0.67192429022082,0.462519936204147,0.0015527950310559,0.818604651162791,0.036144578313253,0.0590062111801242,0.225196850393701,0.976076555023923,0.0216049382716049,0.0015552099533437,0.342105263157895,0.0323574730354391,0.0396196513470681,0.489028213166144,0.976489028213166,0.2912,0.975609756097561,0.946708463949843,0.00307692307692308,0.97910447761194,0.0154798761609907,0.973520249221184,0.822884012539185,0.975288303130148,0.0313971742543171,0.959028831562974,0.0217054263565891,0.873831775700935,0.722488038277512,0.925696594427245,0.986046511627907,0.979559748427673,0.311627906976744,0.950558213716108,0.976993865030675,0.0184899845916795,0.0403100775193798,0.975845410628019,0.972179289026275,0.338582677165354,0.874213836477987,0.951026856240126,0.950155763239875,0.980091883614089,0.00158982511923688,0.117263843648208,0.973478939157566,0.0253968253968254,0.00315955766192733,0.987421383647799,0.0129032258064516,0.064,0.976744186046512,0.984251968503937,0.00797448165869218,0.648902821316614,0.4359375,0.97456279809221,0.0192616372391653,0.842105263157895,0.980707395498392,0.395238095238095,0.61993769470405,0.797752808988764,0,0.174050632911392,0.996763754045307,0.976228209191759,0.466876971608833,0.980122324159021,0.95253682487725,0.0535433070866142,0.004739336492891,0.975039001560062,0.972136222910217,0.943396226415094,0.690031152647975,0.0270700636942675,0.897151898734177,0.253125,0.195364238410596,0.0108864696734059,0.623417721518987,0.593996840442338,0.631578947368421,0.0031201248049922,0.285031847133758,0.927099841521395,0.641653905053599,0.525581395348837,0.0917293233082707,0.00309597523219814,0.00306278713629403,0.975903614457831,0.950844854070661,0.00154798761609907,0.943127962085308,0.0142857142857143,0.00308641975308642,0.00327868852459016,0.976452119309262,0.0015600624024961,0.980645161290323,0.793700787401575,0.544615384615385,0.980061349693252,0.00316957210776545,0.00160513643659711,0.9734375,0.945205479452055,0.735614307931571,0.0201238390092879,0.00480769230769231,0.906727828746177,0.607198748043818,0.978159126365055,0.540247678018576,0.356120826709062,0.0015748031496063,0.962323390894819,0.0227272727272727,0.969793322734499,0.106012658227848,0.00308641975308642,0.0302114803625378,0.139240506329114,0.483606557377049,0.9515625,0.0031201248049922,0.959028831562974,0.963949843260188,0.979655712050078,0.0031055900621118,0.0880503144654088,0.915702479338843,0.0273311897106109,0.975535168195719,0.977272727272727,0.02660406885759,0.976635514018692,0.318461538461538,0.821875,0.0312989045383412,0.190095846645367,0.959501557632399,0.0125195618153365,0.0250391236306729,0.972093023255814,0.0227272727272727,0.671428571428571,0.407643312101911,0.00306748466257669,0.128930817610063,0.749598715890851,0.272585669781931,0.967492260061919,0.018957345971564,0.166407465007776,0.466227347611203,0.942161339421613,0.900611620795107,0.956112852664577,0.7504,0.00157232704402516,0.964396284829721,0.0185185185185185,0.938485804416404,0.404153354632588,0.0197568389057751,0.9796875,0.977707006369427,0.976152623211447,0.629513343799058,0.985915492957746,0.153238546603476,0.2128,0.934272300469484,0.906153846153846,0.00306748466257669,0.00318471337579618,0.96998420221169,0.923076923076923,0.032051282051282,0.971786833855799,0.981366459627329,0.383307573415765,0.949685534591195,0.741573033707865,0.911490683229814,0.00307692307692308,0.956043956043956,0.347003154574132,0.981366459627329,0.978125,0.00305810397553517,0.65818759936407,0.987361769352291,0.0251968503937008,0.681818181818182,0.377916018662519,0.807866868381241,0.707472178060413,0.940366972477064,0.110260336906585,0.971246006389776,0.974803149606299,0.98145285935085,0.318979266347687,0.109177215189873,0.975193798449612,0.97542242703533,0.00914634146341463,0.792834890965732,0.456521739130435,0.277258566978193,0.77639751552795,0.976190476190476,0.857589984350548,0.973478939157566,0.129485179407176,0.0195758564437194,0.00309597523219814,0.842022116903633,0.0220472440944882,0.0203125,0.282843894899536,0.00308641975308642,0.978090766823161,0.925581395348837,0.984350547730829,0.980091883614089,0.117274167987322,0.0206677265500795,0.00302571860816944,0.00157232704402516,0.194006309148265,0.100787401574803,0.17601246105919,0.00155763239875389,0.0201863354037267,0.975077881619938,0.0199081163859112,0.318037974683544,0.977777777777778,0.605919003115265,0.954545454545455,0.674922600619195,0.652439024390244,0.00153139356814701,0.97583081570997,0.423380726698262,0.514150943396226,0.947611710323575,0.984591679506934,0.403400309119011,0.0110584518167457,0.965625,0.961656441717791,0.00157728706624606,0.946564885496183,0.0374414976599064,0.970198675496689,0.442879499217527,0.00316957210776545,0.0124416796267496,0.531810766721044,0.850793650793651,0.021671826625387,0.161392405063291,0.0156739811912226,0.00327868852459016,0.730538922155689,0.0365659777424483,0.976935749588138,0.324492979719189,0.984662576687117,0.0168453292496172,0.382488479262673,0.319047619047619,0.889952153110048,0.118122977346278,0.0250391236306729,0.00619195046439629,0.0590111642743222,0.00153609831029186,0.97239263803681,0.0549273021001615,0.996941896024465,0.0240770465489567,0.974481658692185,0.00309597523219814,0.538819875776398,0.47626582278481,0.974921630094044,0.00159744408945687,0.98145285935085,0.00317965023847377,0.409756097560976,0.967592592592593,0.0015625,0.668721109399075,0.967032967032967,0.738924050632911,0.963607594936709,0.0541795665634675,0.00308641975308642,0.975346687211094,0.272583201267829,0.00305810397553517,0.694704049844237,0.0199081163859112,0.035548686244204,0.977564102564103,0.977777777777778,0.972307692307692,0.954758190327613,0.967084639498433,0.00315457413249211,0.952978056426332,0.0232919254658385,0.368098159509202,0.302180685358255,0.972477064220184,0.970172684458399,0.975155279503106,0.969325153374233,0.0577223088923557,0.0313971742543171,0.972624798711755,0.95046439628483,0.7234375,0.95405819295559,0.975232198142415,0.984732824427481,0.00155038759689922,0.00304878048780488,0.959028831562974,0.00305810397553517,0.0923076923076923,0.00159235668789809,0.96551724137931,0.28892455858748,0.233438485804416,0.137984496124031,0.9024,0.00313971742543171,0.122448979591837,0.977742448330684,0.981132075471698,0.639498432601881,0.433534743202417,0.238738738738739,0.19478527607362,0.647619047619048,0.0141065830721003,0.132398753894081,0.570287539936102,0.26875,0.711656441717791,0.0328125,0.0032258064516129,0.0173501577287066,0.327503974562798,0.972886762360447,0.644859813084112,0.249244712990937,0.626582278481013,0.900306748466258,0.966309341500766,0.967213114754098,0.968051118210863,0.980738362760835,0.97444089456869,0.553459119496855,0.431432973805855,0.9765625,0.0253731343283582,0.0270676691729323,0.898119122257053,0.0153139356814701,0.976958525345622,0.946875,0.0032,0.122977346278317,0.00156985871271586,0.955625990491284,0.0032520325203252,0.961832061068702,0.979750778816199,0.0213740458015267,0.858490566037736,0.975609756097561,0.666131621187801,0.649612403100775,0.907643312101911,0.00154798761609907,0.00317460317460317,0.928455284552846,0.958333333333333,0.984447900466563,0.00304878048780488,0.00155763239875389,0.0208667736757624,0.238828967642527,0.509433962264151,0.00156494522691706,0.472613458528951,0.00154320987654321,0.917329093799682,0.974603174603175,0.173228346456693,0.266770670826833,0.00305343511450382,0.354943273905997,0.590837282780411,0.859154929577465,0.978395061728395,0.801550387596899,0.0200927357032458,0.983870967741935,0.0188087774294671,0.974068071312804,0.00319488817891374,0.983050847457627,0.00946372239747634,0.979462875197472,0.0412698412698413,0.0254777070063694,0.00309597523219814,0.0015748031496063,0.832550860719875,0.914421553090333,0.966309341500766,0.724505327245053,0.0437405731523379,0.0304975922953451,0.829457364341085,0.828483920367534,0.00316957210776545,0.0365659777424483,0.945652173913043,0,0.959935897435897,0.975232198142415,0.078125,0.04375,0.0188087774294671,0.975346687211094,0.461658841940532,0.100313479623824,0.121019108280255,0.132398753894081,0.706645056726094,0.11178247734139,0.974960876369327,0.00313479623824451,0.761980830670926,0.961597542242704,0.00797448165869218,0.0031055900621118,0.0224887556221889,0.00154798761609907,0.0251572327044025,0.975232198142415,0.708399366085578,0.0206022187004754,0.0222575516693164,0.562401263823065,0.981042654028436,0.453846153846154,0.0460829493087558,0.0146103896103896,0.0558213716108453,0.0172413793103448,0.00316957210776545,0.0491283676703645,0.0273141122913505,0.0206677265500795,0.032258064516129,0.0170807453416149,0.0506329113924051,0.0571870170015456,0.0297339593114241,0.0187207488299532,0.00635930047694754,0.0232198142414861,0.0187207488299532,0.0595611285266458,0.0267295597484277,0.0186625194401244,0.0179738562091503,0.028169014084507,0.0448,0.0266875981161695,0.0214723926380368,0.0204081632653061,0.0486656200941915,0.024024024024024,0.0173775671406003
"109",0.0016366612111293,0,0.031201248049922,0.0584518167456556,0.0177133655394525,0,0.0932475884244373,0.025518341307815,0,0,0,0,0.446909667194929,0,0.957006369426752,0.990654205607477,0,0.00159744408945687,0.00328407224958949,0.0160513643659711,0.849445324881141,0.972085385878489,0.00788643533123028,0,0.046875,0.754746835443038,0.897151898734177,0.012924071082391,0.53582554517134,0.31201248049922,1,0.317535545023697,0.232,0.713836477987421,0,0,0.0046875,0.00627943485086342,0.749620637329287,0.0847457627118644,0,0,0,0,0.229641693811075,0.977635782747604,0.496815286624204,1,0.554868624420402,0.882534775888717,0,0.00798722044728434,0.737341772151899,0,0.106796116504854,0.844051446945338,0,0.0225806451612903,0.0362204724409449,0.10062893081761,0.708527131782946,0.561128526645768,1,0,0.102439024390244,0.159055118110236,0,0.00797448165869218,0,1,0.140405616224649,0.995253164556962,0.984051036682616,0,0,0.285271317829457,0.962323390894819,0.430842607313196,0.0993589743589744,0.72927241962775,0,0.304552590266876,0.804651162790698,0.0015748031496063,0.902668759811617,0.0864779874213836,0.0047244094488189,0.0356037151702786,0.0293663060278207,0,0.0158478605388273,0,0,0,0.032258064516129,0,0.681318681318681,0.0189274447949527,0,0,0.36624203821656,0,0.73482428115016,0,0.90519877675841,0,0,0.0173228346456693,1,0.992150706436421,0.993670886075949,0.0846645367412141,0.673566878980892,0.00789889415481832,0,0.0158730158730159,0.29746835443038,0,1,0.779714738510301,0,0.242088607594937,0.766457680250784,0.924315619967794,0.028169014084507,0.862654320987654,0.00310077519379845,0.00316455696202532,0,0.4484375,0.0661290322580645,0.507223113964687,0.0114754098360656,0,0.00646203554119548,0.981132075471698,0,0.79585326953748,0.375987361769352,0.46677471636953,0,0,0.0222222222222222,0.237639553429027,0.836304700162075,0,0.995192307692308,0.073015873015873,0.593247588424437,0.0216049382716049,0.87479674796748,0.014308426073132,0,0.174050632911392,0.00464396284829721,1,0,1,0,0.252427184466019,0.132398753894081,0.0172955974842767,0.984227129337539,0,0,0.559870550161812,0,0,0,0.702619414483821,0.0222575516693164,0.998412698412698,0.0510046367851623,1,0.105177993527508,0.634920634920635,0,0.0207336523125997,0,0.148902821316614,0,0.882725832012678,0.017515923566879,0.0428571428571429,0.0105421686746988,0.0221518987341772,0.909952606635071,0.62596599690881,0.0838709677419355,0.058252427184466,0.944444444444444,0.996825396825397,0.0206022187004754,0.12480252764613,0,0,0.7088,0,0,0.742635658914729,0.115384615384615,0.235387045813586,0.0109375,0.577170418006431,0.571653543307087,0.715873015873016,0.0805687203791469,0.0379746835443038,0.121306376360809,0,0.117739403453689,0.830313014827018,0.0630048465266559,1,0.93944099378882,0.45511811023622,0.0145631067961165,0.0215716486902928,0.171156893819334,0.0015748031496063,0.0988835725677831,0,0.937996820349762,0.349922239502333,0.0048,0,0.0062111801242236,0.02,0.435126582278481,0.456692913385827,0.0111821086261981,0,0.618066561014263,0,0.105015673981191,0.4752,0.0250417362270451,1,0.0403726708074534,0.00161550888529887,0,0.0429936305732484,0.48062015503876,0.99836867862969,0.0275080906148867,0.472929936305732,0.998461538461539,0.998452012383901,0.793880837359098,1,0.861022364217252,0.333333333333333,1,0.995238095238095,0.990580847723705,0.410296411856474,0.961538461538462,0.0161550888529887,0,1,0,0.772727272727273,0,0.0222575516693164,0.111811023622047,0,0.13290113452188,0.146687697160883,0.320754716981132,0.399046104928458,0.560897435897436,0.549679487179487,0,0,0.913385826771654,0.306055646481178,0.0382775119617225,0.985804416403785,0.247619047619048,0.9984,0.879556259904913,0,0,0.0967741935483871,0,0.356697819314642,0.105431309904153,0,1,0.0941358024691358,0.019047619047619,0,0.998439937597504,0.998415213946117,0.0222929936305732,0.118506493506494,1,0,0.605055292259084,0.0112179487179487,0.210608424336973,0.609177215189873,0.345047923322684,0.0394944707740916,0.988871224165342,0,0,0.992138364779874,0.0283018867924528,0,0.0259319286871961,0.00315955766192733,0.828298887122417,0.699376947040498,0.71608832807571,0.0227272727272727,0.0532258064516129,0.00157728706624606,0.75,0.0253164556962025,0.849765258215962,0.708782742681048,0.00314465408805031,0.00317460317460317,0.0330188679245283,0.311183144246353,0.00309597523219814,0.770967741935484,0.0371517027863777,0.00159744408945687,0,0.683153013910355,0.449275362318841,0.982511923688394,0.00158227848101266,0.990697674418605,0.0966719492868463,0.973270440251572,1,0,0.783359497645212,0.00642054574638844,0.936608557844691,0.0130932896890344,0.0272,0.012987012987013,0.724358974358974,0.725806451612903,0.330670926517572,0.541528239202658,0,0.183673469387755,0.992272024729521,0.961656441717791,0.816037735849057,0,1,0,0.688575899843505,0.989197530864197,0.979462875197472,0.529780564263323,0,0.72168284789644,0,0.0253968253968254,0,0.00764525993883792,1,0,0.1648,0,0.989010989010989,0.0202177293934681,1,0.10952380952381,0.289689034369885,0.054858934169279,0.015600624024961,0,0.718354430379747,0.0318471337579618,0,1,0.982484076433121,0,0,0.672386895475819,0.119496855345912,0.0293159609120521,0.0425867507886435,0,0,0.890343698854337,0,0.998415213946117,0,0.0339256865912763,0,0.95389507154213,0,0.0304487179487179,0,0.361904761904762,0.596153846153846,0.0176565008025682,1,0.135922330097087,0.0032626427406199,0.618971061093248,0.402535657686212,0.227344992050874,0,0.848101265822785,0.0226537216828479,0.00156494522691706,0.558139534883721,0,0.0253378378378378,0.968354430379747,0,0.0141955835962145,0.00479233226837061,0.048,0.308892355694228,0.995222929936306,0.13614262560778,0.774091627172196,0.803660565723794,0,0.38610662358643,0.422222222222222,0.409020217729393,0,0.718849840255591,0.0797448165869219,0.361934477379095,0.480499219968799,0.921092564491654,0,0,0,0.0264797507788162,0,0.0839936608557845,0,0,0,0.00159489633173844,0,0,0.227707006369427,0.463338533541342,0,0,0,0.00797448165869218,0.0386398763523957,0.287051482059282,1,0,0.10939907550077,0.399068322981366,0,0.466141732283465,0.663522012578616,0,0.0127591706539075,1,0.0420711974110032,0.913875598086124,0,0.992307692307692,0.89622641509434,0.523809523809524,0.028169014084507,0,0.0462962962962963,0.0173775671406003,0,0,0.933006535947712,0.0654362416107383,0.99512987012987,0,0,0.992076069730586,0,0.716279069767442,0.2,0.990369181380417,0.844051446945338,0.0330708661417323,0,1,0.0218068535825545,0.991776315789474,0.33974358974359,0.594249201277955,0,0.899843505477308,0.263327948303716,0.754358161648177,0.026813880126183,1,0.863207547169811,0.556113902847571,0.0592705167173252,0.113707165109034,0.0333863275039746,0.25,0,0.0170542635658915,1,0.034375,0.608482871125612,1,0,0,0,0.381102362204724,0.0144,0.874603174603175,0.822115384615385,0.0482115085536547,0.111811023622047,0,0,0.00956937799043062,0.072463768115942,0.988853503184713,0.0128617363344051,0.00797448165869218,0.640378548895899,0.0680713128038898,0.270664505672609,0.104615384615385,0,0.028892455858748,0.653481012658228,0,0.0016,0,0.352657004830918,0.0258064516129032,1,0.315024232633279,0.622641509433962,0.198170731707317,0.321144674085851,0.0401854714064915,0.928353658536585,0.0130293159609121,0,0.0189873417721519,0.689542483660131,0.874403815580286,0.00938967136150235,0,0,0.211690363349131,0.560629921259843,0.738437001594896,0.242857142857143,0,0.123613312202853,0,0.107476635514019,1,0,0.184419713831479,0.998394863563403,1,0.730529595015576,0,0.00943396226415094,0.0763239875389408,0.00157728706624606,0.0062111801242236,0.920760697305864,1,0,0,0.841243862520458,0.92604501607717,0.8448,0,1,0,0.43581616481775,0.717011128775835,0,0.399686520376176,0.0318471337579618,0.346456692913386,0.37904468412943,0,0,0.6144,0.519543973941368,0.07981220657277,0.0125588697017268,0.622222222222222,0,0.0466988727858293,0.043613707165109,0,0.0351145038167939,0.984202211690363,0.0179445350734095,0.583596214511041,0,0,0.494233937397035,0.167202572347267,1,0.867741935483871,0,0,0.253393665158371,0.98256735340729,0,0.689230769230769,0.00619195046439629,1,0.623233908948195,0.687908496732026,0.138486312399356,0.909983633387889,0.995260663507109,0,0.956730769230769,0,0.0015552099533437,0.800970873786408,0.0182370820668693,0.996774193548387,0,0,0.49537037037037,0.544585987261146,0,0,0.00154798761609907,0,0.619124797406807,0.00943396226415094,0,0.331240188383046,0.0144927536231884,0.269716088328076,0.0496,0.968798751950078,0,0,0.737341772151899,0,0.319047619047619,1,0.984276729559748,0,0,0.00952380952380952,0.0285261489698891,0.0208667736757624,0,0.0237341772151899,0,0.640378548895899,0.713153724247227,0.0094488188976378,0.00956937799043062,0.00622083981337481,0.00634920634920635,0.0311526479750779,0.984076433121019,0.0163398692810458,0.0314465408805031,0.28149300155521,0.0250391236306729,0,0.028125,0,0,0.0182094081942337,0,0.941732283464567,0,0.0429936305732484,0.720394736842105,0.802610114192496,0.891679748822606,0.0745542949756888,0,0.907523510971787,0,0,0.381642512077295,0.600910470409712,0.801204819277108,0.822804314329738,0.355305466237942,1,0.891338582677165,0.460443037974684,0.754358161648177,0.293023255813953,0.988853503184713,0,1,0.667207792207792,0,0.346938775510204,0.790446841294299,0.380726698262243,0.127158555729984,0.0108024691358025,0.0423452768729642,0.0207336523125997,0,0.00162866449511401,0.440944881889764,0.58609794628752,0.00156494522691706,0.993911719939117,0.995341614906832,0.123028391167192,0,0,0.0312989045383412,0,0.897893030794165,0,0.0535433070866142,0,0.0232558139534884,0,0.993680884676145,0.156451612903226,0,0.344715447154472,0.383647798742138,0.107890499194847,0,0,0.066006600660066,0.0545454545454545,0.0125984251968504,0,0,1,0.780373831775701,0.503164556962025,0,0.552922590837283,0,0.0818619582664527,0,0.801282051282051,0.781990521327014,0,0.65742251223491,0.40095087163233,0.130298273155416,0.035548686244204,0.227488151658768,1,0.0113636363636364,0.0922098569157393,0,0,0.0170542635658915,0,0,0.9792,0.631410256410256,0,0,0.183544303797468,0.0629032258064516,0.0527950310559006,0.287051482059282,0.978755690440061,0.9952,0.169811320754717,0.165390505359877,0,0.985759493670886,0.0288461538461538,0,0.0130293159609121,0.0399385560675883,0.942947702060222,0,0.998410174880763,0,0.530645161290323,0.933014354066986,0.901800327332242,0.897314375987362,0.302737520128824,0.914860681114551,0,0,0.235104669887279,0.0172413793103448,0,0,1,0,1,0,0.306188925081433,1,1,0.444444444444444,0.0400641025641026,0.574603174603175,0,0.998360655737705,0.0499194847020934,0.00788643533123028,0,0.811501597444089,0.995290423861852,0.998381877022654,0.984301412872841,1,0,0,0.985849056603774,0.00626959247648903,0.0032258064516129,0.0267295597484277,0.00615384615384615,0,0.993700787401575,0.0125195618153365,1,0.996820349761526,0,0.993527508090615,0.0454545454545455,1,0.9184,0.998454404945904,0.998407643312102
"110",0.00967741935483871,0.0093603744149766,0.0391849529780564,0.064873417721519,0.0211038961038961,0.00975609756097561,0.097444089456869,0.0331230283911672,0.00934579439252336,0,0.00789889415481832,0,0.428120063191153,0.00964630225080386,0.954041204437401,0.984472049689441,0,0,0.0110759493670886,0.021875,0.834384858044164,0.963993453355156,0.0201550387596899,0,0.0515625,0.751962323390895,0.893416927899687,0.0160771704180064,0.532924961715161,0.315625,0.992319508448541,0.320251177394035,0.236044657097289,0.709119496855346,0,0.00471698113207547,0.0046875,0.0124031007751938,0.744326777609682,0.0981308411214953,0,0,0,0.00789889415481832,0.230769230769231,0.987220447284345,0.514285714285714,0.990506329113924,0.540458015267176,0.851681957186544,0,0.0125195618153365,0.740973312401884,0.00470219435736677,0.11216429699842,0.851030110935024,0,0.0304487179487179,0.048062015503876,0.0979782270606532,0.706436420722135,0.558502340093604,0.993650793650794,0,0.1088,0.175078864353312,0,0.0172413793103448,0,0.993589743589744,0.153139356814701,0.987381703470032,0.978090766823161,0.00763358778625954,0,0.30077519379845,0.955108359133127,0.430340557275542,0.112519809825674,0.750418760469012,0,0.3015625,0.803981623277182,0.0107197549770291,0.878548895899054,0.104615384615385,0.0109717868338558,0.0388802488335925,0.0373831775700935,0,0.0224358974358974,0.00784929356357928,0,0,0.032258064516129,0,0.690140845070423,0.0236593059936909,0,0,0.37799043062201,0,0.724247226624406,0.00479233226837061,0.901081916537867,0.00641025641025641,0,0.028436018957346,0.992150706436421,1,0.987460815047022,0.0913385826771654,0.673469387755102,0.0155763239875389,0,0.0187793427230047,0.299689440993789,0,0.993690851735016,0.781150159744409,0,0.237048665620094,0.760432766615147,0.925925925925926,0.0309597523219814,0.850077279752705,0.0107692307692308,0.0124031007751938,0,0.451713395638629,0.0666666666666667,0.516025641025641,0.0172684458398744,0,0.0162337662337662,0.978461538461538,0,0.795275590551181,0.384251968503937,0.46742671009772,0,0,0.0294573643410853,0.24405705229794,0.839486356340289,0.0094488188976378,0.985804416403785,0.084375,0.606109324758842,0.027906976744186,0.857142857142857,0.0232919254658385,0.00630914826498423,0.171339563862928,0.0108695652173913,0.993517017828201,0.00772797527047913,0.990536277602524,0,0.273015873015873,0.130168453292496,0.0219092331768388,0.979782270606532,0,0.00460122699386503,0.561996779388084,0.00807754442649435,0.009375,0.00927357032457496,0.715160796324655,0.0293663060278207,0.993700787401575,0.0609756097560976,0.990825688073395,0.10207336523126,0.643076923076923,0,0.0205047318611987,0,0.15552099533437,0.009375,0.874799357945425,0.0249609984399376,0.0661538461538462,0.0149253731343284,0.0276923076923077,0.910077519379845,0.632872503840246,0.0833333333333333,0.0668789808917197,0.938775510204082,0.990595611285266,0.0253968253968254,0.127725856697819,0,0,0.714285714285714,0,0.00625978090766823,0.75462962962963,0.118670886075949,0.252730109204368,0.0154320987654321,0.575516693163752,0.559505409582689,0.7168,0.0907668231611894,0.0408805031446541,0.124042879019908,0,0.121684867394696,0.822950819672131,0.0667726550079491,0.990625,0.924961715160796,0.462732919254658,0.0267716535433071,0.0262751159196291,0.176656151419558,0.0046656298600311,0.119122257053292,0,0.930817610062893,0.340943683409437,0.0143769968051118,0,0.0153609831029186,0.0274809160305344,0.446177847113885,0.445497630331754,0.0158227848101266,0.00809061488673139,0.628526645768025,0,0.0996932515337423,0.499217527386541,0.0356564019448947,0.990668740279938,0.0432766615146832,0.00796178343949045,0.0046875,0.054858934169279,0.481308411214953,0.993650793650794,0.0360501567398119,0.480499219968799,0.990936555891239,0.990867579908676,0.810207336523126,0.996835443037975,0.850556438791733,0.345679012345679,0.995356037151703,0.987692307692308,0.984496124031008,0.415007656967841,0.953225806451613,0.0173775671406003,0,0.990551181102362,0,0.773015873015873,0.00793650793650794,0.0280811232449298,0.104361370716511,0,0.124394184168013,0.144171779141104,0.314785373608903,0.416536661466459,0.544891640866873,0.542586750788643,0,0.00961538461538462,0.900630914826498,0.314102564102564,0.0442338072669826,0.979655712050078,0.260530421216849,0.989079563182527,0.894409937888199,0.00762195121951219,0.00815660685154975,0.0995184590690209,0,0.374045801526718,0.103937007874016,0,0.992307692307692,0.0945736434108527,0.0238473767885533,0,0.993740219092332,0.990740740740741,0.0285714285714286,0.121212121212121,0.995268138801262,0,0.605388272583201,0.0172684458398744,0.219135802469136,0.614173228346457,0.350237717908082,0.046583850931677,0.982866043613707,0.00771604938271605,0.00949367088607595,0.984301412872841,0.0372093023255814,0.00786163522012579,0.0258481421647819,0.00786163522012579,0.83179012345679,0.703196347031963,0.727272727272727,0.0271132376395534,0.0627009646302251,0.00155038759689922,0.748006379585327,0.0314465408805031,0.8453125,0.70750382848392,0.00788643533123028,0.00941915227629513,0.0372670807453416,0.3042071197411,0.0122887864823349,0.758842443729904,0.0404354587869362,0.00963081861958266,0,0.687306501547988,0.452830188679245,0.995253164556962,0.00156494522691706,0.986363636363636,0.0959119496855346,0.965996908809892,0.993690851735016,0,0.790372670807453,0.0142857142857143,0.916271721958926,0.0194489465153971,0.0377358490566038,0.0203125,0.72,0.720257234726688,0.337025316455696,0.546511627906977,0,0.180404354587869,0.983050847457627,0.961240310077519,0.812792511700468,0.00792393026941363,0.992175273865415,0,0.689547581903276,0.987673343605547,0.976190476190476,0.542056074766355,0.00792393026941363,0.742301458670989,0.00657894736842105,0.0330708661417323,0,0.0147275405007364,0.992236024844721,0.00930232558139535,0.175,0.00802568218298555,0.982945736434109,0.0234741784037559,0.990461049284579,0.117739403453689,0.306709265175719,0.0559006211180124,0.0233281493001555,0.00940438871473354,0.723404255319149,0.0448,0.00921658986175115,0.993911719939117,0.971698113207547,0.00632911392405063,0.00943396226415094,0.703076923076923,0.117647058823529,0.0418006430868167,0.0506134969325153,0.00775193798449612,0,0.886581469648562,0.00623052959501558,0.990639625585023,0,0.0428571428571429,0,0.95859872611465,0.00614439324116743,0.041335453100159,0,0.371248025276461,0.601895734597156,0.0240384615384615,0.991909385113269,0.139240506329114,0.0128205128205128,0.624,0.407120743034056,0.224683544303797,0,0.841121495327103,0.0288461538461538,0.00786163522012579,0.56828885400314,0.00777604976671851,0.0400667779632721,0.967289719626168,0,0.0232198142414861,0.0109546165884194,0.0533751962323391,0.324534161490683,0.985804416403785,0.132283464566929,0.776729559748428,0.800995024875622,0,0.38755980861244,0.392344497607655,0.4125,0,0.728455284552846,0.100308641975309,0.370716510903427,0.503852080123267,0.928358208955224,0,0,0.00749625187406297,0.0309119010819165,0,0.089644513137558,0,0,0,0.00793650793650794,0,0.00814332247557003,0.244131455399061,0.476335877862595,0.00615384615384615,0,0,0.0124416796267496,0.0424886191198786,0.286377708978328,0.993920972644377,0,0.11214953271028,0.413145539906103,0.0093603744149766,0.487022900763359,0.658730158730159,0,0.0231481481481481,0.990415335463259,0.0501618122977346,0.925396825396825,0,0.984756097560976,0.874203821656051,0.513029315960912,0.0342146189735614,0,0.0538461538461538,0.0280811232449298,0.00775193798449612,0,0.928343949044586,0.066006600660066,0.988636363636364,0.00618238021638331,0.00775193798449612,0.987519500780031,0.00941915227629513,0.714508580343214,0.206349206349206,0.984472049689441,0.842356687898089,0.0408805031446541,0,0.992199687987519,0.0353302611367127,0.995169082125604,0.355661881977671,0.613924050632911,0,0.896604938271605,0.259141494435612,0.75077399380805,0.0358814352574103,0.996815286624204,0.853168469860896,0.544117647058823,0.0563165905631659,0.117103235747304,0.0473186119873817,0.256821829855538,0,0.0266457680250784,0.992307692307692,0.0342679127725857,0.607142857142857,0.992354740061162,0.00771604938271605,0.00784929356357928,0.00471698113207547,0.379527559055118,0.0217391304347826,0.875605815831987,0.816037735849057,0.05625,0.122641509433962,0,0,0.0125391849529781,0.0738362760834671,0.982456140350877,0.0222222222222222,0.0156739811912226,0.643642072213501,0.0790322580645161,0.275477707006369,0.104776579352851,0,0.0315955766192733,0.65625,0.00477707006369427,0.00938967136150235,0,0.36984126984127,0.0333863275039746,0.992063492063492,0.315286624203822,0.638932496075353,0.196107784431138,0.331715210355987,0.0510510510510511,0.912772585669782,0.0224719101123595,0.00625,0.0221518987341772,0.685483870967742,0.86984126984127,0.0172143974960876,0.00758725341426404,0,0.227272727272727,0.534992223950233,0.758998435054773,0.244167962674961,0.0093603744149766,0.126168224299065,0.0061633281972265,0.111620795107034,0.993537964458804,0,0.1828125,0.990384615384615,0.990740740740741,0.74294670846395,0,0.0140405616224649,0.0819165378670788,0.00791139240506329,0.0139103554868624,0.914012738853503,0.995305164319249,0,0,0.833333333333333,0.926984126984127,0.860979462875197,0,0.992272024729521,0.00773993808049536,0.434108527131783,0.719242902208202,0.00635930047694754,0.411580594679186,0.0360501567398119,0.352307692307692,0.38109756097561,0,0.00600600600600601,0.610759493670886,0.50788643533123,0.0856269113149847,0.0170015455950541,0.624223602484472,0,0.0579029733959311,0.0547112462006079,0,0.0426179604261796,0.975077881619938,0.0196399345335516,0.571870170015456,0,0,0.484297520661157,0.17007874015748,0.992150706436421,0.87800963081862,0,0,0.258751902587519,0.974842767295597,0.00815660685154975,0.695178849144635,0.0170542635658915,0.992283950617284,0.62111801242236,0.684627575277338,0.137030995106036,0.900161030595813,0.987519500780031,0,0.954186413902054,0,0.00765696784073507,0.811594202898551,0.024390243902439,0.985668789808917,0.00970873786407767,0,0.490595611285266,0.525316455696203,0.00943396226415094,0,0.00925925925925926,0,0.608130081300813,0.0183206106870229,0,0.343605546995377,0.0224719101123595,0.273865414710485,0.0543130990415335,0.964777947932619,0,0.00625978090766823,0.751181102362205,0,0.316279069767442,0.99390243902439,0.979938271604938,0.0063391442155309,0.00632911392405063,0.0199081163859112,0.0365079365079365,0.0254372019077901,0,0.0299684542586751,0,0.640432098765432,0.73186119873817,0.0170278637770898,0.0158227848101266,0.0152905198776758,0.0110236220472441,0.0266875981161695,0.990712074303406,0.0226537216828479,0.0378548895899054,0.282170542635659,0.029320987654321,0.00775193798449612,0.0365659777424483,0,0,0.0225225225225225,0,0.932203389830508,0.00157232704402516,0.0471698113207547,0.730210016155089,0.806451612903226,0.888888888888889,0.0774091627172196,0.00154798761609907,0.900473933649289,0.0078740157480315,0.00927357032457496,0.374213836477987,0.583081570996979,0.795252225519288,0.833333333333333,0.366720516962843,0.993827160493827,0.875776397515528,0.459842519685039,0.751987281399046,0.302936630602782,0.982677165354331,0,0.992,0.667205169628433,0.00484652665589661,0.358814352574103,0.781155015197568,0.391849529780564,0.127725856697819,0.0183767228177642,0.0419354838709677,0.0268562401263823,0.00806451612903226,0.0110759493670886,0.46993670886076,0.590979782270607,0.00638977635782748,0.987823439878234,0.987786259541985,0.135725429017161,0,0.00769230769230769,0.0354938271604938,0,0.885167464114832,0,0.0582677165354331,0,0.0384024577572965,0.00947867298578199,0.989028213166144,0.168253968253968,0.00469483568075117,0.360062893081761,0.403426791277259,0.10702875399361,0,0,0.0776699029126214,0.0650887573964497,0.0186046511627907,0,0,0.993558776167472,0.780674846625767,0.499212598425197,0,0.565830721003135,0,0.0838709677419355,0.00473186119873817,0.795819935691318,0.773643410852713,0,0.669871794871795,0.415213946117274,0.137285491419657,0.0426829268292683,0.232339089481947,0.993759750390016,0.0176565008025682,0.0950871632329636,0.00638977635782748,0,0.0249221183800623,0,0.00797448165869218,0.976076555023923,0.624012638230648,0,0,0.177293934681182,0.0803858520900322,0.06,0.282608695652174,0.969278033794163,0.985623003194888,0.171653543307087,0.172043010752688,0,0.974882260596546,0.0397456279809221,0,0.0226171243941842,0.0512422360248447,0.943307086614173,0,0.992101105845182,0.00770416024653313,0.532488114104596,0.920436817472699,0.897226753670473,0.886850152905199,0.320907617504052,0.892307692307692,0.00792393026941363,0,0.245641838351823,0.0232558139534884,0,0,0.993957703927492,0,0.990639625585023,0.00924499229583975,0.285483870967742,0.990338164251208,0.993548387096774,0.462264150943396,0.0485133020344288,0.571875,0,0.990445859872611,0.0447284345047923,0.004739336492891,0,0.817322834645669,0.986322188449848,0.990476190476191,0.979876160990712,0.992331288343558,0,0,0.976152623211447,0.004739336492891,0.00159489633173844,0.0234375,0.00611620795107034,0,0.984251968503937,0.00947867298578199,0.993650793650794,0.988941548183254,0,0.990521327014218,0.0412844036697248,0.992163009404389,0.904088050314465,0.990909090909091,0.990521327014218
"111",0.00949367088607595,0.00923076923076923,0.0324074074074074,0.0742496050552923,0.0220472440944882,0.00969305331179321,0.103448275862069,0.0308641975308642,0.00769230769230769,0,0.00771604938271605,0,0.43125,0.00480769230769231,0.953775038520801,0.982785602503912,0,0.0015552099533437,0.0127186009538951,0.0232198142414861,0.847094801223242,0.966292134831461,0.0169491525423729,0,0.0483619344773791,0.7390625,0.88646967340591,0.0192,0.54531490015361,0.325617283950617,0.990909090909091,0.31924882629108,0.245696400625978,0.711180124223602,0,0.00627943485086342,0.0062015503875969,0.0107361963190184,0.750741839762611,0.0958904109589041,0,0,0,0.00784929356357928,0.236883942766296,0.9728,0.494539781591264,0.993710691823899,0.543674698795181,0.871362940275651,0,0.0155763239875389,0.741835147744946,0.00473186119873817,0.110248447204969,0.828478964401295,0,0.028169014084507,0.0465116279069767,0.109062980030722,0.700310559006211,0.578616352201258,0.993769470404984,0,0.100478468899522,0.182795698924731,0,0.0174050632911392,0,0.992050874403816,0.13914373088685,0.984472049689441,0.973478939157566,0.00455235204855842,0,0.297134238310709,0.956989247311828,0.436728395061728,0.111642743221691,0.736585365853659,0,0.300911854103343,0.78517397881997,0.0061633281972265,0.894656488549618,0.103658536585366,0.0108695652173913,0.0412844036697248,0.0370942812982998,0,0.0186625194401244,0.00775193798449612,0,0,0.0302547770700637,0,0.696456086286595,0.0294117647058824,0,0,0.390432098765432,0,0.729133858267716,0.00478468899521531,0.902439024390244,0.00473186119873817,0,0.0280811232449298,0.993670886075949,0.987460815047022,1,0.0817610062893082,0.66358024691358,0.0168970814132104,0,0.0184899845916795,0.302936630602782,0,0.992260061919505,0.768621236133122,0,0.240249609984399,0.765243902439024,0.917197452229299,0.0324074074074074,0.853582554517134,0.00769230769230769,0.0123647604327666,0,0.446511627906977,0.0733229329173167,0.511111111111111,0.0205696202531646,0,0.00955414012738853,0.970992366412214,0,0.7984375,0.380877742946708,0.477491961414791,0,0,0.027906976744186,0.242566510172144,0.828025477707006,0.00623052959501558,0.993817619783617,0.0808709175738725,0.583732057416268,0.024132730015083,0.860759493670886,0.0233281493001555,0.004739336492891,0.175384615384615,0.013953488372093,0.990521327014218,0.00623052959501558,0.9953125,0,0.26530612244898,0.138763197586727,0.0249609984399376,0.973724884080371,0,0.00455927051671732,0.561014263074485,0.00318979266347687,0.00769230769230769,0.00622083981337481,0.705614567526555,0.0327102803738318,0.990683229813665,0.0574018126888218,0.990909090909091,0.109717868338558,0.636785162287481,0,0.0249609984399376,0,0.162037037037037,0.0062402496099844,0.878930817610063,0.024390243902439,0.0538461538461538,0.0150829562594268,0.0325077399380805,0.890262751159196,0.625386996904025,0.0755627009646302,0.0592,0.95405819295559,0.986259541984733,0.029595015576324,0.135176651305684,0,0,0.711811023622047,0,0.00599700149925037,0.740853658536585,0.119236883942766,0.249230769230769,0.0181818181818182,0.575,0.572530864197531,0.721337579617834,0.0847723704866562,0.0403726708074534,0.132307692307692,0,0.128086419753086,0.832802547770701,0.0576323987538941,0.993769470404984,0.923896499238965,0.458786936236392,0.0295489891135303,0.0335365853658537,0.180685358255452,0.0106382978723404,0.117088607594937,0,0.9258114374034,0.342064714946071,0.0140625,0,0.0138888888888889,0.024132730015083,0.4399375975039,0.446483180428135,0.0187793427230047,0.00798722044728434,0.625,0,0.104037267080745,0.488299531981279,0.0330708661417323,0.990726429675425,0.0476923076923077,0.00783699059561128,0.00925925925925926,0.0495207667731629,0.477064220183486,0.988993710691824,0.0327613104524181,0.468944099378882,0.995488721804511,0.989441930618401,0.794303797468354,0.992211838006231,0.851437699680511,0.317293233082707,0.99211356466877,0.989164086687306,0.981395348837209,0.408748114630468,0.956730769230769,0.0187207488299532,0,0.99537037037037,0,0.782193958664547,0.00941915227629513,0.0279503105590062,0.104199066874028,0,0.141252006420546,0.141321044546851,0.326086956521739,0.422018348623853,0.542768273716952,0.551669316375199,0,0.00940438871473354,0.903374233128834,0.308306709265176,0.0404354587869362,0.981623277182236,0.264797507788162,0.990595611285266,0.880804953560371,0.00918836140888208,0.00958466453674121,0.106518282988871,0,0.358778625954198,0.107309486780715,0,0.993846153846154,0.101226993865031,0.0291411042944785,0,0.990825688073395,0.99236641221374,0.029874213836478,0.123809523809524,0.991974317817014,0,0.614664586583463,0.0172143974960876,0.21765601217656,0.604361370716511,0.352755905511811,0.0476923076923077,0.981220657276995,0.00755287009063444,0.0078003120124805,0.985871271585557,0.0445468509984639,0.00933125972006221,0.0333863275039746,0.0108695652173913,0.813374805598756,0.693498452012384,0.730354391371341,0.0300632911392405,0.0647709320695103,0.00155038759689922,0.739811912225705,0.0357698289269051,0.836166924265842,0.693693693693694,0.0140405616224649,0.00946372239747634,0.035548686244204,0.312302839116719,0.00921658986175115,0.757763975155279,0.0443425076452599,0.00947867298578199,0,0.683153013910355,0.452380952380952,0.97339593114241,0.00154559505409583,0.989263803680982,0.101694915254237,0.968036529680365,0.993798449612403,0,0.769110764430577,0.0168711656441718,0.928902627511592,0.0211726384364821,0.0374414976599064,0.0141509433962264,0.726415094339623,0.722662440570523,0.3359375,0.550239234449761,0,0.187981510015408,0.980213089802131,0.947368421052632,0.818740399385561,0.00793650793650794,0.992175273865415,0,0.679878048780488,0.980030721966206,0.9984,0.5421875,0.00782472613458529,0.73015873015873,0.00963081861958266,0.0386398763523957,0,0.0147275405007364,0.990936555891239,0.0106544901065449,0.179289026275116,0.00805152979066022,0.990726429675425,0.0276497695852535,0.990712074303406,0.117465224111283,0.295238095238095,0.0613496932515337,0.0199386503067485,0.00469483568075117,0.718701700154559,0.0434782608695652,0.0060882800608828,0.992401215805471,0.968944099378882,0.00470219435736677,0.00763358778625954,0.685670261941448,0.120556414219474,0.0380952380952381,0.0527131782945736,0.00606980273141123,0,0.883386581469649,0.0060790273556231,0.992088607594937,0,0.0410742496050553,0,0.946708463949843,0.00907715582450832,0.0384615384615385,0,0.366352201257862,0.58712715855573,0.025,0.990353697749196,0.133228840125392,0.0111642743221691,0.640502354788069,0.399693721286371,0.21993670886076,0,0.843601895734597,0.0304,0.00769230769230769,0.555729984301413,0.00773993808049536,0.0315091210613599,0.964230171073095,0,0.0230769230769231,0.0124223602484472,0.0510835913312693,0.316030534351145,0.985871271585557,0.138364779874214,0.765696784073507,0.803005008347245,0,0.3953125,0.406885758998435,0.384251968503937,0,0.717741935483871,0.0954616588419405,0.364760432766615,0.502318392581144,0.91679273827534,0,0,0.00748502994011976,0.0351145038167939,0,0.0717628705148206,0,0,0,0.0107858243451464,0,0.00788643533123028,0.225656877897991,0.472727272727273,0.0045662100456621,0,0,0.0124804992199688,0.043609022556391,0.285060975609756,0.992319508448541,0,0.109090909090909,0.409230769230769,0.0078125,0.476190476190476,0.654574132492114,0,0.0244648318042813,0.993620414673046,0.0471698113207547,0.906542056074766,0,0.989489489489489,0.893312101910828,0.512234910277325,0.0334855403348554,0,0.0571428571428571,0.0295489891135303,0.00773993808049536,0,0.913385826771654,0.0717781402936378,0.991762767710049,0.00923076923076923,0.00610687022900763,0.987635239567233,0.00925925925925926,0.715170278637771,0.203416149068323,0.984126984126984,0.839427662957075,0.0473186119873817,0,0.993798449612403,0.0333839150227618,0.984251968503937,0.346333853354134,0.609375,0,0.897553516819572,0.266666666666667,0.751926040061633,0.0309597523219814,0.99075500770416,0.851226993865031,0.547540983606557,0.0537634408602151,0.121351766513057,0.0457413249211356,0.25585023400936,0,0.0243531202435312,0.995384615384615,0.0407523510971787,0.616242038216561,0.990977443609023,0.00918836140888208,0.00784929356357928,0.00941915227629513,0.374805598755832,0.0234009360374415,0.877742946708464,0.81974921630094,0.0639625585023401,0.114241001564945,0,0,0.0172955974842767,0.0680379746835443,0.984152139461173,0.0235109717868339,0.0157728706624606,0.651305683563748,0.0746031746031746,0.264150943396226,0.105990783410138,0,0.0375586854460094,0.655712050078247,0.00768049155145929,0.0108864696734059,0,0.365203761755486,0.0298273155416013,0.995319812792512,0.324451410658307,0.624605678233438,0.203592814371257,0.313084112149533,0.0497737556561086,0.906485671191554,0.0234741784037559,0.0093167701863354,0.027906976744186,0.686708860759494,0.871875,0.0172143974960876,0.00606980273141123,0,0.219662058371736,0.55,0.74491392801252,0.243034055727554,0.00798722044728434,0.131578947368421,0.0061633281972265,0.102134146341463,0.993537964458804,0,0.185826771653543,0.993710691823899,0.992236024844721,0.71850699844479,0,0.0185758513931889,0.0945945945945946,0.00775193798449612,0.0138461538461538,0.902973395931142,0.992248062015504,0,0,0.835725677830941,0.920560747663551,0.843505477308294,0,0.992412746585736,0.00940438871473354,0.427469135802469,0.722488038277512,0.00949367088607595,0.415123456790123,0.034375,0.342987804878049,0.383206106870229,0,0.00881057268722467,0.61198738170347,0.51033386327504,0.0755287009063444,0.0212443095599393,0.618380062305296,0,0.0604651162790698,0.055045871559633,0,0.043609022556391,0.979938271604938,0.0229508196721311,0.572093023255814,0,0,0.479608482871126,0.18025078369906,0.990726429675425,0.871382636655949,0,0,0.263237518910741,0.965299684542587,0.00961538461538462,0.687116564417178,0.0166666666666667,0.995419847328244,0.626934984520124,0.67244094488189,0.134615384615385,0.898222940226171,0.992248062015504,0,0.956589147286822,0,0.0137614678899083,0.7984,0.0284857571214393,0.990625,0.00793650793650794,0,0.48411497730711,0.54773082942097,0.00773993808049536,0,0.00766871165644172,0,0.613418530351438,0.0228658536585366,0,0.336391437308869,0.0283018867924528,0.263322884012539,0.0559105431309904,0.961360123647604,0,0.009375,0.741835147744946,0,0.324574961360124,0.991017964071856,0.992319508448541,0.00789889415481832,0.0094488188976378,0.0182926829268293,0.0315457413249211,0.0252764612954186,0,0.0342679127725857,0,0.642089093701997,0.716923076923077,0.0168711656441718,0.0124610591900312,0.0108359133126935,0.0120845921450151,0.0263565891472868,0.974683544303797,0.0243111831442464,0.0449612403100775,0.284403669724771,0.0292307692307692,0.0077639751552795,0.0337941628264209,0,0,0.022354694485842,0,0.924615384615385,0.00157977883096367,0.0470219435736677,0.729903536977492,0.798412698412698,0.890577507598784,0.081377151799687,0.00155038759689922,0.900928792569659,0.00771604938271605,0.00766871165644172,0.370716510903427,0.590504451038576,0.791044776119403,0.821374045801527,0.35725677830941,0.990740740740741,0.872503840245776,0.454545454545455,0.736349453978159,0.303680981595092,0.982919254658385,0,0.995230524642289,0.673946957878315,0.00628930817610063,0.355140186915888,0.780635400907716,0.389830508474576,0.129032258064516,0.018348623853211,0.0453074433656958,0.026813880126183,0.00789889415481832,0.0110062893081761,0.46594427244582,0.577639751552795,0.0109204368174727,0.985096870342772,0.983231707317073,0.136434108527132,0,0.00920245398773006,0.0367534456355283,0,0.888888888888889,0,0.053125,0,0.029874213836478,0.0078125,0.986196319018405,0.172897196261682,0.00459418070444104,0.348101265822785,0.374414976599064,0.116459627329193,0,0,0.0780254777070064,0.0591715976331361,0.0200308166409861,0,0,0.993630573248408,0.763719512195122,0.497630331753554,0,0.557275541795666,0,0.0809968847352025,0.00632911392405063,0.797147385103011,0.764885496183206,0,0.662519440124417,0.424148606811146,0.137071651090343,0.0427480916030534,0.231481481481481,0.993769470404984,0.019047619047619,0.0808709175738725,0.00467289719626168,0,0.0261136712749616,0,0.00638977635782748,0.970266040688576,0.621835443037975,0,0,0.179289026275116,0.0740740740740741,0.0653495440729483,0.29803328290469,0.977238239757208,0.998410174880763,0.168970814132104,0.177272727272727,0,0.977952755905512,0.036979969183359,0,0.0191387559808612,0.048062015503876,0.930232558139535,0,0.989247311827957,0.00611620795107034,0.528571428571429,0.91358024691358,0.894651539708266,0.888888888888889,0.313880126182965,0.905718701700155,0.00784929356357928,0,0.238244514106583,0.0243531202435312,0,0,0.992548435171386,0,0.992272024729521,0.0077639751552795,0.287539936102236,0.992,0.992223950233281,0.462757527733756,0.0491283676703645,0.576271186440678,0,0.992025518341308,0.0513643659711075,0.00923076923076923,0,0.811819595645412,0.986404833836858,0.9921875,0.976780185758514,0.993827160493827,0,0,0.978294573643411,0.00623052959501558,0.00318471337579618,0.0293663060278207,0.0062111801242236,0,0.984202211690363,0.0139103554868624,0.99198717948718,0.992163009404389,0,0.984251968503937,0.0554699537750385,0.99236641221374,0.902476780185758,0.989441930618401,0.989147286821705
"112",0.908082408874802,0.896988906497623,0.930340557275542,0.882636655948553,0.907617504051864,0.907915993537964,0.990476190476191,0.91679748822606,0.899686520376176,0.0114192495921697,0.905063291139241,0.014218009478673,0.599056603773585,0.909090909090909,0.118296529968454,0.0957613814756672,0.0124416796267496,0.03125,0.905996758508914,0.894654088050314,0.242472266244057,0.0983870967741935,0.896551724137931,0.0141732283464567,0.889060092449923,0.310618066561014,0.184126984126984,0.888709677419355,0.527863777089783,0.705974842767296,0.0897832817337461,0.703125,0.784,0.341269841269841,0.0140625,0.899212598425197,0.0327102803738318,0.89358372456964,0.344879518072289,0.85243328100471,0.0126582278481013,0.0300632911392405,0.0247678018575851,0.907496012759171,0.772357723577236,0.111287758346582,0.522012578616352,0.0786163522012579,0.508500772797527,0.213622291021672,0.0172684458398744,0.89968152866242,0.339035769828927,0.9,0.983844911147011,0.2352,0.0144694533762058,0.873217115689382,0.95046439628483,0.866459627329193,0.364353312302839,0.480499219968799,0.0840064620355412,0.016025641025641,0.837096774193548,0.791208791208791,0.0126782884310618,0.894488188976378,0.0110584518167457,0.0781499202551834,0.797191887675507,0.0791139240506329,0.1008,0.907120743034056,0.0110935023771791,0.753869969040248,0.116279069767442,0.6078125,0.897435897435897,0.328382838283828,0.0128,0.726283048211509,0.260869565217391,0.896284829721362,0.181533646322379,0.884375,0.896875,0.898595943837754,0.879499217527387,0.0261538461538462,0.893890675241158,0.895384615384615,0.012779552715655,0.0111821086261981,0.887459807073955,0.0142630744849445,0.380503144654088,0.892018779342723,0.0171339563862928,0.0253164556962025,0.689873417721519,0.0141065830721003,0.365539452495974,0.905901116427432,0.175840978593272,0.912337662337662,0.023961661341853,0.936335403726708,0.0846645367412141,0.0913385826771654,0.0817610062893082,1,0.390127388535032,0.891167192429022,0.0128,0.926100628930818,0.738095238095238,0.0138674884437596,0.0817610062893082,0.2944,0.0108024691358025,0.784126984126984,0.313971742543171,0.151712887438825,0.899053627760252,0.205974842767296,0.90282131661442,0.906396255850234,0.0173501577287066,0.603100775193798,0.884676145339652,0.506389776357827,0.900161030595813,0.0126582278481013,0.894991922455573,0.10061919504644,0.0159235668789809,0.289855072463768,0.617693522906793,0.585209003215434,0.0146818923327896,0.0159489633173844,0.904610492845787,0.755555555555556,0.222039473684211,0.8992,0.0803149606299213,0.875981161695447,0.466141732283465,0.913312693498452,0.203252032520325,0.9,0.896103896103896,0.804416403785489,0.901898734177215,0.0682926829268293,0.911811023622047,0.0805687203791469,0.0126182965299685,0.743221690590112,0.912576687116564,0.893987341772152,0.1078125,0.0157728706624606,0.908527131782946,0.489465153970827,0.905144694533762,0.90251572327044,0.90251572327044,0.344186046511628,0.911811023622047,0.082018927444795,0.882352941176471,0.0823170731707317,0.926517571884984,0.416798732171157,0.0157728706624606,0.887658227848101,0.015527950310559,0.79375,0.911532385466035,0.185185185185185,0.89937106918239,0.882995319812793,0.898021308980213,0.905808477237049,0.179968701095462,0.420890937019969,0.868462757527734,0.8688,0.129186602870813,0.0911949685534591,0.903633491311216,0.958795562599049,0.0106060606060606,0.0126984126984127,0.367576243980738,0.0171606864274571,0.904173106646059,0.313271604938272,0.982258064516129,0.724569640062598,0.904255319148936,0.488817891373802,0.46875,0.36741214057508,0.847244094488189,0.878357030015798,0.891509433962264,0.0175718849840256,0.82780410742496,0.250401284109149,0.891547049441786,0.0875796178343949,0.155172413793103,0.587677725118483,0.90527950310559,0.895800933125972,0.832807570977918,0.901408450704225,0.842105263157895,0.0127186009538951,0.160629921259843,0.6875,0.8976,0.0156985871271586,0.898305084745763,0.916666666666667,0.6125,0.549363057324841,0.899212598425197,0.901294498381877,0.4448,0.0161550888529887,0.971875,0.573228346456693,0.929738562091503,0.0842433697347894,0.8859375,0.904458598726115,0.901869158878505,0.884676145339652,0.558869701726845,0.0817307692307692,0.922955974842767,0.545741324921136,0.0811638591117917,0.0880989180834621,0.251980982567353,0.0846645367412141,0.219551282051282,0.710077519379845,0.0716510903426791,0.0878274268104777,0.0956112852664577,0.645705521472393,0.111111111111111,0.89622641509434,0.0253968253968254,0.0847723704866562,0.0139968895800933,0.293548387096774,0.906940063091483,0.889589905362776,0.843653250773994,0.0154798761609907,0.910714285714286,0.806299212598425,0.702093397745572,0.625196850393701,0.502392344497608,0.476038338658147,0.028169014084507,0.899361022364217,0.173981191222571,0.721044045676998,0.916666666666667,0.0940438871473354,0.757097791798107,0.0881889763779528,0.196899224806202,0.904173106646059,0.901477832512315,0.992,0.015220700152207,0.695787831513261,0.984326018808777,0.0141287284144427,0.0793157076205288,0.989180834621329,0.922345483359746,0.00943396226415094,0.0768025078369906,0.0815047021943574,0.908794788273616,0.860095389507154,0.0800653594771242,0.012779552715655,0.465818759936407,0.908653846153846,0.817054263565892,0.438679245283019,0.688709677419355,0.886115444617785,0.0832025117739403,0.903875968992248,0.904912836767036,0.0788643533123028,0.891679748822606,0.903328050713154,0.887987012987013,0.903726708074534,0.252764612954186,0.37597503900156,0.347551342812006,0.925632911392405,0.869774919614148,0.0645669291338583,0.322683706070288,0.9185303514377,0.21671826625387,0.344461305007587,0.914421553090333,0.900958466453674,0.901898734177215,0.718954248366013,0.904615384615385,0.299050632911392,0.925465838509317,0.905063291139241,0.0142857142857143,0.376360808709176,0.629213483146067,0.0981012658227848,0.0694006309148265,0.0902021772939347,0.85423197492163,0.106084243369735,0.0771653543307087,0.0108359133126935,0.293269230769231,0.90302066772655,0.140350877192982,0.922204213938412,0.924170616113744,0.910112359550562,0.349514563106796,0.351132686084142,0.670347003154574,0.479541734860884,0.014018691588785,0.806603773584906,0.0945736434108527,0.111801242236025,0.28006329113924,0.903536977491961,0.0837282780410742,0.0159744408945687,0.391912908242613,0.100156494522692,0.101612903225806,0.501597444089457,0.8976,0.338735818476499,0.910891089108911,0.880382775119617,0.0154798761609907,0.909228441754917,0.073094867807154,0.905864197530864,0.802884615384615,0.903908794788274,0.0979782270606532,0.891603053435114,0.0780254777070064,0.84,0.711290322580645,0.873239436619718,0.917573872472784,0.907378335949764,0.356466876971609,0.886075949367089,0.904173106646059,0.0850077279752705,0.0985915492957746,0.904838709677419,0.893650793650794,0.380573248407643,0.830218068535826,0.889967637540453,0.885579937304075,0.911490683229814,0.00974025974025974,0.180645161290323,0.902973395931142,0.0922098569157393,0.0159489633173844,0.934713375796178,0.0194489465153971,0.125200642054575,0.901098901098901,0.929712460063898,0.0191387559808612,0.708133971291866,0.460925039872408,0.908360128617363,0.0791599353796446,0.812903225806452,0.905073649754501,0.424483306836248,0.653481012658228,0.800970873786408,0.012779552715655,0.228934817170111,0.924959216965742,0.905660377358491,0.496062992125984,0.905956112852665,0.888333333333333,0.108661417322835,0.0141509433962264,0.903426791277259,0.898573692551506,0.878787878787879,0.687888198757764,0.0907643312101911,0.92018779342723,0.300787401574803,0.264755480607083,0.0215384615384615,0.635048231511254,0.615136876006441,0.634222919937206,0.0123076923076923,0.33768352365416,0.892234548335975,0.647604327666152,0.555209953343701,0.155487804878049,0.0123839009287926,0.0125,0.897435897435897,0.871674491392801,0.00943396226415094,0.914012738853503,0.0212071778140294,0.0140845070422535,0.0147058823529412,0.904,0.0140845070422535,0.906752411575563,0.804075235109718,0.58359133126935,0.907668231611894,0.0144694533762058,0.0127591706539075,0.907523510971787,0.877329192546584,0.735849056603774,0.0825545171339564,0.0145161290322581,0.983050847457627,0.658307210031348,0.91496062992126,0.551242236024845,0.409309791332263,0.0094488188976378,0.894819466248038,0.082258064516129,0.912698412698413,0.161858974358974,0.0141287284144427,0.080370942812983,0.194533762057878,0.509803921568627,0.8921875,0.0172143974960876,0.904024767801858,0.89922480620155,0.9015625,0.0176,0.155448717948718,0.865793780687398,0.0868852459016393,0.902973395931142,0.896124031007752,0.0846394984326019,0.891640866873065,0.36031746031746,0.797788309636651,0.0968253968253968,0.245585874799358,0.891891891891892,0.0270700636942675,0.0874403815580286,0.911627906976744,0.0920634920634921,0.667736757624398,0.436220472440945,0.0155763239875389,0.178125,0.757624398073836,0.321372854914197,0.904984423676013,0.0777777777777778,0.225505443234837,0.473770491803279,0.883969465648855,0.863422291993721,0.885758998435055,0.737942122186495,0.0143540669856459,0.899843505477308,0.073959938366718,0.866141732283465,0.468085106382979,0.0835866261398176,0.904088050314465,0.911532385466035,0.899038461538462,0.628571428571429,0.915227629513344,0.205087440381558,0.260869565217391,0.877358490566038,0.974921630094044,0.0172955974842767,0.0143769968051118,0.901408450704225,0.867741935483871,0.0953150242326333,0.917065390749601,0.90282131661442,0.422047244094488,0.907317073170732,0.7344,0.981395348837209,0.0140625,0.900158478605388,0.4192,0.913249211356467,0.902362204724409,0.0153139356814701,0.661812297734628,0.92258064516129,0.0906200317965024,0.704654895666132,0.42472266244057,0.773273273273273,0.705024311183144,0.876335877862595,0.156589147286822,0.919540229885057,0.908227848101266,0.920508744038156,0.380952380952381,0.167197452229299,0.903875968992248,0.914241960183767,0.0202177293934681,0.784591194968553,0.498427672955975,0.310618066561014,0.770670826833073,0.90251572327044,0.840510366826156,0.90015600624025,0.144615384615385,0.0827814569536424,0.0154559505409583,0.834123222748815,0.089171974522293,0.0855365474339036,0.321428571428571,0.0141732283464567,0.896496815286624,0.858475894245723,0.900958466453674,0.904320987654321,0.164835164835165,0.0853080568720379,0.0136570561456753,0.0141065830721003,0.254019292604502,0.157728706624606,0.230046948356808,0.0128410914927769,0.0818897637795276,0.904610492845787,0.0587326120556414,0.3484375,0.906050955414013,0.652037617554859,0.881410256410256,0.664605873261206,0.656877897990726,0.00934579439252336,0.906441717791411,0.456279809220986,0.559429477020602,0.962732919254658,0.90894819466248,0.444617784711388,0.0235109717868339,0.898753894080997,0.898595943837754,0.0125391849529781,0.871016691957511,0.0963665086887836,0.889789303079417,0.456692913385827,0.012779552715655,0.0189873417721519,0.571428571428571,0.83015873015873,0.0870917573872473,0.218093699515347,0.0251968503937008,0.014827018121911,0.733436055469954,0.100638977635783,0.904918032786885,0.380503144654088,0.916279069767442,0.08,0.421216848673947,0.370192307692308,0.904918032786885,0.167213114754098,0.0987460815047022,0.0159235668789809,0.128367670364501,0.0123456790123457,0.90937019969278,0.10702875399361,0.91499227202473,0.090032154340836,0.897271268057785,0.0138888888888889,0.56298600311042,0.506493506493506,0.902053712480253,0.0161812297734628,0.899691358024691,0.014308426073132,0.446227929373997,0.896875,0.015625,0.719188767550702,0.907643312101911,0.724358974358974,0.924315619967794,0.111111111111111,0.0126782884310618,0.905660377358491,0.309178743961353,0.0138888888888889,0.704581358609795,0.0782208588957055,0.106750392464678,0.903846153846154,0.906200317965024,0.894009216589862,0.873801916932907,0.898089171974522,0.0141732283464567,0.909379968203498,0.037037037037037,0.437888198757764,0.340694006309148,0.899068322981366,0.896389324960754,0.908809891808346,0.9015625,0.0747217806041336,0.0996835443037975,0.897394136807818,0.886792452830189,0.709175738724728,0.884858044164038,0.903875968992248,0.926447574334898,0.0154083204930663,0.0106544901065449,0.895136778115502,0.0167682926829268,0.148902821316614,0.0144927536231884,0.909090909090909,0.315533980582524,0.279220779220779,0.187981510015408,0.853968253968254,0.0171073094867807,0.190993788819876,0.904836193447738,0.898595943837754,0.65,0.477996965098634,0.275187969924812,0.244204018547141,0.635782747603834,0.0791925465838509,0.187599364069952,0.609794628751975,0.31637519872814,0.708074534161491,0.0900473933649289,0.016,0.0717703349282297,0.410339256865913,0.903691813804173,0.713836477987421,0.313364055299539,0.63452566096423,0.91937984496124,0.887366818873668,0.907317073170732,0.897106109324759,0.910969793322735,0.912140575079872,0.573692551505547,0.471406491499227,0.907790143084261,0.0877458396369138,0.0930232558139535,0.899841017488076,0.028125,0.901253918495298,0.875,0.0112903225806452,0.187399030694669,0.015552099533437,0.893312101910828,0.0132890365448505,0.902668759811617,0.909667194928685,0.0855365474339036,0.812302839116719,0.899068322981366,0.7216,0.67817896389325,0.984,0.0156739811912226,0.0111464968152866,0.873146622734761,0.91044776119403,0.911949685534591,0.0140405616224649,0.00950871632329636,0.0884244372990354,0.284389489953632,0.501572327044025,0.0109717868338558,0.503154574132492,0.0124416796267496,0.87220447284345,0.903328050713154,0.233333333333333,0.3,0.0121951219512195,0.398373983739837,0.586261980830671,0.82120253164557,0.922137404580153,0.807874015748032,0.0752351097178683,0.908064516129032,0.0342019543973941,0.8976,0.0145161290322581,0.912037037037037,0.0172143974960876,0.9024,0.110223642172524,0.0764331210191083,0.015527950310559,0.0126984126984127,0.819314641744548,0.847376788553259,0.973684210526316,0.704866562009419,0.106481481481481,0.0875202593192869,0.779527559055118,0.78516228748068,0.0096,0.0996835443037975,0.890649762282092,0.0125391849529781,0.882447665056361,0.934065934065934,0.138314785373609,0.0584518167456556,0.0762052877138414,0.907668231611894,0.495161290322581,0.144904458598726,0.17124394184168,0.186813186813187,0.720967741935484,0.16796267496112,0.911111111111111,0.0171606864274571,0.759170653907496,0.889580093312597,0.0221518987341772,0.015748031496063,0.0833333333333333,0.0093167701863354,0.0920634920634921,0.899236641221374,0.704361873990307,0.0731319554848967,0.0839936608557845,0.594249201277955,0.937996820349762,0.492913385826772,0.0645161290322581,0.0814332247557003,0.0765472312703583,0.0347003154574132,0.0176,0.110062893081761,0.0917573872472784,0.0738362760834671,0.100156494522692,0.0763239875389408,0.0618066561014263,0.0741885625965997,0.0920436817472699,0.03125,0.016260162601626,0.0440251572327044,0.0342146189735614,0.0705329153605016,0.0881889763779528,0.0335463258785942,0.0802568218298555,0.0851735015772871,0.0555555555555556,0.0910518053375196,0.0419906687402799,0.0872274143302181,0.0979462875197472,0.0816640986132511,0.0789889415481833
"113",0.329052969502408,0.331269349845201,0.358461538461538,0.382911392405063,0.33968253968254,0.331707317073171,0.404724409448819,0.359937402190923,0.322033898305085,0,0.345794392523364,0,0.591263650546022,0.308681672025723,0.695987654320988,0.670261941448382,0,0.00631911532385466,0.332802547770701,0.352112676056338,0.672955974842767,0.668261562998405,0.338461538461538,0,0.3578125,0.669316375198728,0.675507020280811,0.332258064516129,0.63093415007657,0.541795665634675,0.66973886328725,0.606864274570983,0.519561815336463,0.632492113564669,0,0.340189873417722,0.0154320987654321,0.330708661417323,0.712990936555891,0.377503852080123,0,0.00465116279069767,0.0015625,0.3152,0.476947535771065,0.68370607028754,0.594339622641509,0.671361502347418,0.744648318042814,0.685015290519878,0,0.342767295597484,0.673374613003096,0.318327974276527,0.404024767801858,0.799043062200957,0,0.34850863422292,0.352941176470588,0.441221374045802,0.631987577639752,0.628705148205928,0.67879746835443,0,0.379807692307692,0.431221020092736,0,0.34789391575663,0,0.652380952380952,0.416275430359937,0.680817610062893,0.684713375796178,0.334360554699538,0,0.553654743390358,0.689497716894977,0.583850931677019,0.429487179487179,0.883333333333333,0,0.558641975308642,0.658536585365854,0.317829457364341,0.687797147385103,0.396024464831804,0.31832298136646,0.359133126934985,0.356143079315708,0,0.335974643423138,0.321875,0,0,0.360890302066773,0,0.661538461538462,0.357698289269051,0,0.00156985871271586,0.556782334384858,0,0.691082802547771,0.315457413249211,0.682515337423313,0.337096774193548,0.0016,0.340625,0.673566878980892,0.673469387755102,0.66358024691358,0.390127388535032,1,0.335463258785943,0,0.352574102964119,0.570762052877138,0,0.670826833073323,0.688188976377953,0,0.533123028391167,0.663507109004739,0.67524115755627,0.360123647604328,0.655332302936631,0.319938176197836,0.331230283911672,0,0.595384615384615,0.394080996884735,0.590764331210191,0.346456692913386,0,0.332268370607029,0.687306501547988,0,0.679186228482003,0.569620253164557,0.59904912836767,0,0,0.349606299212598,0.503937007874016,0.659127625201939,0.3344,0.659305993690852,0.382945736434109,0.893203883495146,0.34715821812596,0.693548387096774,0.344287949921753,0.323717948717949,0.473035439137134,0.32348367029549,0.6656,0.3375,0.657276995305164,0,0.502423263327948,0.438356164383562,0.337962962962963,0.693498452012384,0,0.322429906542056,0.684887459807074,0.330097087378641,0.31733746130031,0.317829457364341,0.644305772230889,0.34984520123839,0.667716535433071,0.378670788253478,0.676204819277108,0.43217665615142,0.663026521060842,0,0.33175355450237,0,0.442857142857143,0.3203125,0.680379746835443,0.356807511737089,0.377329192546584,0.332824427480916,0.33843797856049,0.759571209800919,0.975460122699387,0.404458598726115,0.373397435897436,0.688854489164087,0.672811059907834,0.343402225755167,0.439814814814815,0,0,0.669303797468354,0,0.32262996941896,0.927914110429448,0.436018957345972,0.498456790123457,0.331259720062208,0.626794258373206,0.604724409448819,0.667202572347267,0.413685847589425,0.347619047619048,0.456386292834891,0,0.405616224648986,0.690322580645161,0.384370015948963,0.6801872074883,0.664110429447853,0.590697674418605,0.337519623233909,0.350769230769231,0.4953125,0.336477987421384,0.421303656597774,0,0.667194928684628,0.527863777089783,0.333333333333333,0,0.328638497652582,0.340458015267176,0.581358609794629,0.785266457680251,0.335463258785943,0.332268370607029,0.645110410094637,0,0.401538461538462,0.702028081123245,0.339285714285714,0.6671875,0.347692307692308,0.327044025157233,0.3328125,0.380726698262243,0.756589147286822,0.68860353130016,0.364485981308411,0.595348837209302,0.659541984732824,0.666153846153846,0.677777777777778,0.673913043478261,0.703821656050955,0.537037037037037,0.677570093457944,0.669278996865204,0.664605873261206,0.573643410852713,0.652866242038217,0.342356687898089,0.00157232704402516,0.659937888198758,0,0.671428571428571,0.340764331210191,0.354330708661417,0.390282131661442,0,0.453957996768982,0.407407407407407,0.583850931677019,0.672926447574335,0.647151898734177,0.576377952755906,0.0015600624024961,0.3168,0.702786377708978,0.593851132686084,0.360062893081761,0.683153013910355,0.50547730829421,0.687402799377916,0.7359375,0.326687116564417,0.336025848142165,0.398724082934609,0,0.557781201848998,0.402535657686212,0,0.65,0.402157164869029,0.3568,0,0.663551401869159,0.658461538461538,0.369774919614148,0.44391785150079,0.682182985553772,0,0.633385335413417,0.350078492935636,0.486902927580894,0.978294573643411,0.552380952380952,0.376744186046512,0.679566563467492,0.324116743471582,0.323899371069182,0.678233438485804,0.3671875,0.332814930015552,0.370967741935484,0.332298136645963,0.723172628304821,0.664050235478807,0.660883280757098,0.342356687898089,0.378029079159935,0.0123456790123457,0.681388012618297,0.376377952755906,0.689814814814815,0.696048632218845,0.34009360374415,0.339563862928349,0.356697819314642,0.506329113924051,0.309707241910632,0.667197452229299,0.353582554517134,0.323854660347551,0,0.66407465007776,0.593059936908517,0.684292379471229,0.0125,0.658573596358118,0.409302325581395,0.689335394126739,0.685271317829457,0,0.722308892355694,0.353225806451613,0.6734375,0.348949919224556,0.352848101265823,0.342146189735614,0.651273885350318,0.66131621187801,0.538827258320127,0.887096774193548,0,0.461783439490446,0.67427701674277,0.689127105666156,0.69922480620155,0.318979266347687,0.675465838509317,0,0.675968992248062,0.662015503875969,0.681089743589744,0.607255520504732,0.331775700934579,0.8672,0.305418719211823,0.341121495327103,0,0.321907600596125,0.66,0.318731117824773,0.450858034321373,0.328455284552846,0.649068322981366,0.36517719568567,0.671361502347418,0.409733124018838,0.6032,0.365891472868217,0.342146189735614,0.321483771251932,0.687402799377916,0.369009584664537,0.331278890600925,0.680981595092024,0.672955974842767,0.320695102685624,0.326625386996904,0.869362363919129,0.402190923317684,0.339869281045752,0.376947040498442,0.328660436137072,0,0.756410256410256,0.330696202531646,0.675078864353312,0,0.358490566037736,0.00158730158730159,0.704581358609795,0.324031007751938,0.366826156299841,0,0.539906103286385,0.638668779714738,0.354066985645933,0.672523961661342,0.473767885532591,0.325842696629214,0.655608214849921,0.578125,0.524409448818898,0,0.694488188976378,0.347334410339257,0.33125,0.637636080870918,0.327666151468315,0.33167495854063,0.675465838509317,0,0.333333333333333,0.328548644338118,0.360062893081761,0.51702786377709,0.664586583463339,0.43968253968254,0.669254658385093,0.666112956810631,0.00157232704402516,0.575949367088608,0.543581616481775,0.60410094637224,0,0.918789808917197,0.405660377358491,0.557098765432099,0.740279937791602,0.732115677321157,0,0,0.321958456973294,0.348297213622291,0,0.384375,0.0016025641025641,0,0,0.33015873015873,0,0.340288924558588,0.45,0.60882800608828,0.316109422492401,0,0,0.333850931677019,0.375,0.544323483670295,0.669230769230769,0,0.419906687402799,0.581039755351682,0.335433070866142,0.605590062111801,0.944968553459119,0,0.341049382716049,0.655228758169935,0.380952380952381,0.740445859872611,0,0.666158536585366,0.680314960629921,0.57331136738056,0.347352024922118,0,0.386605783866058,0.342635658914729,0.334351145038168,0,0.742857142857143,0.370065789473684,0.685667752442997,0.312788906009245,0.324074074074074,0.665639445300462,0.317262830482115,0.677966101694915,0.461180124223602,0.673501577287066,0.660828025477707,0.370716510903427,0,0.671361502347418,0.342592592592593,0.695934959349593,0.601612903225806,0.62754303599374,0,0.684867394695788,0.527508090614887,0.677519379844961,0.368421052631579,0.673946957878315,0.715160796324655,0.601626016260163,0.389312977099237,0.430745814307458,0.36833855799373,0.5,0,0.351766513056836,0.674884437596302,0.340255591054313,0.654838709677419,0.677862595419847,0.330757341576507,0.340694006309148,0.330188679245283,0.550702028081123,0.348228043143297,0.690363349131122,0.690966719492868,0.373643410852713,0.4046875,0,0,0.328149300155521,0.388178913738019,0.673076923076923,0.34375,0.335394126738794,0.661514683153014,0.3904,0.485759493670886,0.397832817337461,0,0.343799058084772,0.648902821316614,0.330745341614907,0.333850931677019,0,0.554330708661417,0.349056603773585,0.665615141955836,0.535657686212361,0.812792511700468,0.462109955423477,0.5904,0.376701966717095,0.667687595712098,0.346092503987241,0.335413416536661,0.351851851851852,0.661835748792271,0.658267716535433,0.347352024922118,0.331782945736434,0,0.464678178963893,0.590697674418605,0.855590062111801,0.518575851393189,0.336990595611285,0.442700156985871,0.332814930015552,0.14,0.656301145662848,0,0.486697965571205,0.675078864353312,0.664566929133858,0.874801901743265,0,0.336973478939158,0.400625978090767,0.332814930015552,0.335394126738794,0.677265500794913,0.671899529042386,0,0,0.696343402225755,0.687598116169545,0.749603803486529,0,0.675425038639876,0.323170731707317,0.303265940902022,0.658730158730159,0.319182389937107,0.55054432348367,0.338141025641026,0.629800307219662,0.547400611620795,0,0.335832083958021,0.640625,0.604761904761905,0.390505359877489,0.3328173374613,0.659375,0,0.371069182389937,0.364741641337386,0,0.368258859784284,0.6671875,0.340460526315789,0.589703588143526,0,0,0.60495867768595,0.485759493670886,0.67741935483871,0.774603174603175,0.0015625,0,0.518126888217523,0.665079365079365,0.315789473684211,0.970358814352574,0.335375191424196,0.676425269645609,0.612557427258805,0.637820512820513,0.450393700787402,0.652665589660743,0.683720930232558,0,0.674085850556439,0,0.329754601226994,0.573505654281099,0.349618320610687,0.688394276629571,0.327974276527331,0,0.602134146341463,0.627943485086342,0.322327044025157,0,0.318885448916409,0,0.931309904153355,0.3328173374613,0,0.538699690402477,0.341614906832298,0.5,0.371794871794872,0.694227769110764,0,0.323390894819466,0.822222222222222,0,0.587596899224806,0.673748103186646,0.682370820668693,0.333865814696486,0.33015873015873,0.337480559875583,0.338028169014085,0.341269841269841,0,0.340625,0.00311526479750779,0.637636080870918,0.874015748031496,0.337519623233909,0.335925349922239,0.334855403348554,0.3234375,0.0417956656346749,0.681818181818182,0.352845528455285,0.359497645211931,0.509287925696594,0.345794392523364,0.3234375,0.356143079315708,0,0,0.339339339339339,0,0.669796557120501,0.0015748031496063,0.359133126934985,0.87220447284345,0.67741935483871,0.686915887850467,0.393258426966292,0.00157232704402516,0.712732919254658,0.316358024691358,0.326594090202177,0.607874015748031,0.643712574850299,0.666163141993958,0.831562974203338,0.5472,0.670769230769231,0.673879443585781,0.586477987421384,0.673374613003096,0.516380655226209,0.667192429022082,0,0.671974522292994,0.630818619582664,0.320450885668277,0.547839506172839,0.688622754491018,0.557632398753894,0.44104134762634,0.323076923076923,0.372357723577236,0.342902711323764,0.33974358974359,0.326433121019108,0.722834645669291,0.898894154818325,0.331768388106416,0.674772036474164,0.673312883435583,0.449526813880126,0.00152905198776758,0.334869431643625,0.3515625,0,0.675806451612903,0,0.378548895899054,0,0.342635658914729,0.340557275541796,0.658423493044822,0.450704225352113,0.31839258114374,0.536624203821656,0.554517133956386,0.397151898734177,0,0,0.391517128874388,0.376524390243902,0.344615384615385,0,0,0.66504854368932,0.694099378881988,0.577708006279435,0,0.784711388455538,0,0.399361022364217,0.333333333333333,0.659677419354839,0.649149922720247,0,0.839171974522293,0.575235109717868,0.401869158878505,0.356269113149847,0.485271317829457,0.672413793103448,0.34910277324633,0.0769230769230769,0.328502415458937,0,0.325581395348837,0.00156985871271586,0.332807570977918,0.688291139240506,0.427892234548336,0,0,0.489922480620155,0.386075949367089,0.368421052631579,0.487062404870624,0.693721286370597,0.669291338582677,0.437694704049844,0.427921092564492,0,0.703125,0.347222222222222,0,0.341423948220065,0.357698289269051,0.694006309148265,0.0109546165884194,0.661442006269592,0.321044546850998,0.90894819466248,0.670846394984326,0.699044585987261,0.794117647058823,0.543269230769231,0.666666666666667,0.332273449920509,0,0.472868217054264,0.356037151702786,0.00158227848101266,0,0.665653495440729,0,0.671317829457364,0.330708661417323,0.496784565916399,0.667731629392971,0.659842519685039,0.594202898550725,0.374800637958533,0.635239567233385,0.0108695652173913,0.665064102564103,0.0592948717948718,0.0168711656441718,0,0.577106518282989,0.648318042813456,0.673501577287066,0.666146645865835,0.670245398773006,0.00637958532695375,0.015220700152207,0.680491551459293,0.0139968895800933,0.00634920634920635,0.031496062992126,0.0170807453416149,0.0125391849529781,0.679245283018868,0.0217729393468118,0.666666666666667,0.68167701863354,0.0128,0.677621283255086,0.0538461538461538,0.676470588235294,0.625776397515528,0.66966966966967,0.6625
"114",0.990415335463259,0.992223950233281,0.964341085271318,0.935587761674718,0.980861244019139,0.995169082125604,0.878594249201278,0.966772151898734,0.992272024729521,0,0.995275590551181,0,0.567398119122257,0.991961414790997,0.046583850931677,0.0173501577287066,0,0.0172413793103448,0.990306946688207,0.976635514018692,0.161695447409733,0.0336538461538462,0.984375,0,0.951788491446345,0.2736,0.1201248049922,0.980769230769231,0.477134146341463,0.697996918335901,0.00917431192660551,0.678740157480315,0.76138147566719,0.292913385826772,0,0.992199687987519,0.01875,0.987538940809969,0.269817073170732,0.908527131782946,0.00158730158730159,0.0170278637770898,0.0062111801242236,0.99198717948718,0.781045751633987,0.0316957210776545,0.533123028391167,0.00638977635782748,0.481651376146789,0.145929339477727,0,0.987441130298273,0.277777777777778,0.993817619783617,0.86762360446571,0.175523349436393,0,0.964516129032258,0.948757763975155,0.896389324960754,0.299689440993789,0.447040498442368,0.00941915227629513,0,0.891373801916933,0.821036106750393,0,0.981072555205047,0,0.00952380952380952,0.862714508580343,0.00943396226415094,0.0271565495207668,0.995356037151703,0,0.703076923076923,0.0527950310559006,0.579192546583851,0.889952153110048,0.270588235294118,0,0.692780337941628,0.218461538461538,0.990740740740741,0.128930817610063,0.906153846153846,0.989079563182527,0.965996908809892,0.967542503863988,0.0123076923076923,0.980922098569157,0.990580847723705,0,0,0.966183574879227,0,0.296703296703297,0.976489028213166,0.00777604976671851,0.00943396226415094,0.599063962558502,0,0.28525641025641,0.99203821656051,0.109090909090909,0.992025518341308,0.0112179487179487,0.96875,0.00789889415481832,0.0155763239875389,0.0168970814132104,0.891167192429022,0.335463258785943,1,0,0.980061349693252,0.70404984423676,0,0.00928792569659443,0.238993710691824,0,0.756211180124224,0.251162790697674,0.0864,0.974842767295597,0.157320872274143,0.992307692307692,1,0,0.539906103286385,0.931034482758621,0.501612903225806,0.990461049284579,0,0.988835725677831,0.0306748466257669,0,0.21256038647343,0.644588045234249,0.515347334410339,0,0,0.975077881619938,0.764797507788162,0.180354267310789,0.992101105845182,0.0125588697017268,0.921538461538462,0.411483253588517,0.975572519083969,0.140096618357488,0.993769470404984,0.996805111821086,0.830721003134796,0.984591679506934,0.00803858520900321,0.992260061919505,0.00940438871473354,0,0.731132075471698,0.861027190332326,0.9696,0.0294117647058824,0,0.993788819875776,0.440894568690096,0.990196078431373,0.993740219092332,0.992272024729521,0.303490136570561,0.974921630094044,0.00792393026941363,0.942424242424242,0.00757575757575758,0.880952380952381,0.385335413416537,0,0.976489028213166,0,0.844135802469136,0.993740219092332,0.129952456418384,0.978328173374613,0.95968992248062,0.985163204747775,0.967289719626168,0.105511811023622,0.3828125,0.93217665615142,0.940251572327044,0.0653188180404355,0.0127186009538951,0.972972972972973,0.839009287925697,0,0,0.305993690851735,0.00154798761609907,0.992295839753467,0.261941448382126,0.860095389507154,0.75625,0.983024691358025,0.428571428571429,0.447737909516381,0.29635499207607,0.909379968203498,0.955696202531646,0.875,0,0.869029275808937,0.175040518638574,0.9392,0.00793650793650794,0.0763358778625954,0.530139103554869,0.971473851030111,0.969183359013868,0.822327044025157,0.990825688073395,0.895638629283489,0,0.0769230769230769,0.659541984732824,0.987240829346092,0,0.982945736434109,0.972519083969466,0.544881889763779,0.56055900621118,0.981191222570533,0.991869918699187,0.362204724409449,0,0.874039938556068,0.521193092621664,0.959677419354839,0.003125,0.950844854070661,0.990461049284579,0.992283950617284,0.950155763239875,0.537151702786378,0.00952380952380952,0.962558502340094,0.558502340093604,0.0122887864823349,0.00763358778625954,0.202875399361022,0.00793650793650794,0.14968152866242,0.664615384615385,0.00470219435736677,0.0108191653786708,0.0155763239875389,0.587155963302752,0.0446570972886762,0.982484076433121,0.0144,0.0063391442155309,0,0.233070866141732,0.990415335463259,0.984472049689441,0.905511811023622,0,0.861736334405145,0.843076923076923,0.682034976152623,0.594976452119309,0.463836477987421,0.468354430379747,0.0124416796267496,0.992012779552716,0.0980091883614089,0.688632619439868,0.95260663507109,0.020440251572327,0.749611197511664,0.00938967136150235,0.134375,0.990909090909091,0.990243902439024,0.877358490566038,0,0.641744548286604,0.86697965571205,0,0.00917431192660551,0.879815100154083,0.974803149606299,0,0.0062402496099844,0.00930232558139535,0.97626582278481,0.871382636655949,0.00802568218298555,0,0.380804953560372,0.980769230769231,0.771739130434783,0.399686520376176,0.652380952380952,0.951026856240126,0.0156739811912226,0.992272024729521,0.993759750390016,0.0141509433962264,0.962382445141066,0.992076069730586,0.965023847376789,0.990580847723705,0.190251572327044,0.320433436532508,0.289269051321928,0.971107544141252,0.932584269662921,0.053125,0.274038461538462,0.968895800933126,0.161392405063291,0.313546423135464,0.990639625585023,0.990491283676704,0.967441860465116,0.688575899843505,0.990668740279938,0.250393700787402,0.957943925233645,0.990369181380417,0,0.338414634146341,0.5311004784689,0.0263565891472868,0.0599078341013825,0.0168970814132104,0.9109375,0.029320987654321,0.00628930817610063,0,0.236476043276662,1,0.0766823161189358,0.977198697068404,0.961352657004831,0.979299363057325,0.284126984126984,0.292063492063492,0.67981072555205,0.464344941956882,0,0.834905660377358,0.0167427701674277,0.0511627906976744,0.205882352941176,0.992050874403816,0.00938967136150235,0,0.335913312693498,0.0184615384615385,0.0285261489698891,0.46551724137931,0.995297805642633,0.278846153846154,0.99344262295082,0.968253968253968,0,0.985096870342772,0.00463678516228748,0.989130434782609,0.841692789968652,0.993589743589744,0.0188679245283019,0.970219435736677,0.0064,0.887323943661972,0.705128205128205,0.940275650842266,0.976851851851852,0.992138364779874,0.293103448275862,0.957345971563981,0.992295839753467,0.00917431192660551,0.0351437699680511,0.992150706436421,0.992236024844721,0.329192546583851,0.884555382215289,0.967320261437909,0.947611710323575,0.993827160493827,0,0.116242038216561,0.990491283676704,0.00950871632329636,0,0.963665086887836,0.0113085621970921,0.0590111642743222,0.992319508448541,0.965244865718799,0.00315955766192733,0.6049766718507,0.443740095087163,0.976076555023923,0.00635930047694754,0.875590551181102,0.987240829346092,0.392801251956182,0.60741885625966,0.772292993630573,0,0.162204724409449,0.968051118210863,0.992138364779874,0.469040247678019,0.993788819875776,0.96523178807947,0.0392464678178964,0,0.976452119309262,0.986068111455108,0.951181102362205,0.7,0.0142857142857143,0.856025039123631,0.236133122028526,0.172757475083056,0.00791139240506329,0.628751974723539,0.58664546899841,0.602201257861635,0,0.298387096774194,0.903328050713154,0.651090342679128,0.512977099236641,0.088145896656535,0,0,0.992503748125937,0.965098634294385,0,0.914826498422713,0.012779552715655,0,0,0.996805111821086,0,0.991896272285251,0.761006289308176,0.525502318392581,0.993874425727412,0,0,0.984301412872841,0.952815829528158,0.711213517665131,0.00772797527047913,0.00321543408360129,0.857798165137615,0.599388379204893,0.990697674418605,0.541411042944785,0.3486529318542,0,0.975116640746501,0.00802568218298555,0.947452229299363,0.10016155088853,0,0.0151285930408472,0.121794871794872,0.486928104575163,0.970219435736677,0,0.947852760736196,0.9796875,0.992150706436421,0,0.0855784469096672,0.927152317880795,0.0148514851485149,0.992260061919505,0.992260061919505,0.0124223602484472,0.993808049535604,0.296875,0.795631825273011,0.0186335403726708,0.172302737520129,0.955128205128205,0.0126582278481013,0.00769230769230769,0.970358814352574,0.0176282051282051,0.662379421221865,0.381933438985737,0,0.113884555382215,0.7328,0.261205564142195,0.970858895705521,0.0078003120124805,0.155763239875389,0.462662337662338,0.942812982998454,0.871913580246914,0.96031746031746,0.761146496815287,0,0.978328173374613,0.00771604938271605,0.963549920760697,0.392220421393841,0.00765696784073507,0.993855606758833,0.993700787401575,0.9904,0.652582159624413,0.976599063962558,0.13322632423756,0.187993680884676,0.952681388012618,0.85824345146379,0,0,0.9904,0.94408945686901,0.0253164556962025,0.979559748427673,0.984447900466563,0.36833855799373,0.919685039370079,0.735576923076923,0.865853658536585,0,0.966719492868463,0.333333333333333,0.990566037735849,0.990566037735849,0,0.641025641025641,0.964856230031949,0.00626959247648903,0.685624012638231,0.390894819466248,0.801815431164902,0.676190476190476,0.954337899543379,0.0893682588597843,0.975530179445351,0.990580847723705,0.975232198142415,0.29073482428115,0.0967238689547582,0.98613251155624,0.992236024844721,0.00775193798449612,0.773006134969325,0.445482866043614,0.265432098765432,0.74491392801252,0.993710691823899,0.875394321766562,0.993798449612403,0.104361370716511,0.0065252854812398,0,0.80564263322884,0.00793650793650794,0.0078740157480315,0.286384976525822,0,0.981481481481482,0.908527131782946,0.992175273865415,0.987692307692308,0.0984375,0.00777604976671851,0,0,0.177884615384615,0.0857142857142857,0.17515923566879,0,0.0062402496099844,0.992236024844721,0.0155763239875389,0.295886075949367,0.990461049284579,0.582043343653251,0.968253968253968,0.654320987654321,0.637614678899083,0,0.994038748137109,0.397476340694006,0.495238095238095,0.910493827160494,0.980182926829268,0.397217928902628,0.00933125972006221,0.951181102362205,0.952307692307692,0,0.966205837173579,0.0253968253968254,0.981878088962109,0.438377535101404,0,0.0093603744149766,0.51328903654485,0.823624595469256,0.00947867298578199,0.139904610492846,0.0125786163522013,0.00161030595813205,0.760606060606061,0.023696682464455,0.99185667752443,0.327131782945736,0.986046511627907,0.00771604938271605,0.387596899224806,0.335453100158982,0.856459330143541,0.102439024390244,0.0093167701863354,0.00313971742543171,0.0494417862838915,0,0.989425981873112,0.0438311688311688,0.974085365853659,0.0110759493670886,0.991961414790997,0,0.515384615384615,0.466666666666667,0.992125984251969,0,0.992319508448541,0,0.402889245585875,0.996969696969697,0,0.637345679012346,0.97456279809221,0.758566978193146,0.935379644588045,0.0460122699386503,0,0.990639625585023,0.2752,0,0.686119873817035,0.00766871165644172,0.0261941448382126,0.99211356466877,0.992050874403816,0.986024844720497,0.970125786163522,0.97933227344992,0,0.972049689440994,0.0261538461538462,0.341426403641882,0.293103448275862,0.986068111455108,0.984202211690363,0.985981308411215,0.984520123839009,0.0469483568075117,0.0250783699059561,0.975083056478405,0.951863354037267,0.730650154798762,0.978056426332288,0.99079754601227,0.967289719626168,0,0,0.97428139183056,0,0.0741885625965997,0,0.94794952681388,0.28780487804878,0.210272873194221,0.122065727699531,0.917851500789889,0,0.113671274961598,0.990639625585023,0.992101105845182,0.643987341772152,0.416666666666667,0.224035608308605,0.19047619047619,0.66877971473851,0.00784929356357928,0.125581395348837,0.549450549450549,0.264797507788162,0.706976744186047,0.0140405616224649,0,0.00792393026941363,0.318979266347687,0.993620414673046,0.617283950617284,0.22473604826546,0.627760252365931,0.860896445131376,0.981566820276498,0.949511400651466,0.974358974358974,0.990445859872611,0.992163009404389,0.539657853810264,0.4171875,0.990580847723705,0.0121028744326778,0.0196374622356495,0.8609375,0.0123839009287926,0.992236024844721,0.9671875,0,0.123980424143556,0,0.946287519747235,0,0.976744186046512,0.992138364779874,0.0137404580152672,0.833850931677019,0.993827160493827,0.642289348171701,0.619565217391304,0.85781990521327,0,0,0.921052631578947,0.935338345864662,0.982998454404946,0,0,0.00481540930979133,0.24079754601227,0.522151898734177,0,0.439628482972136,0,0.931089743589744,0.990491283676704,0.153354632587859,0.244992295839753,0,0.342948717948718,0.581102362204724,0.871428571428571,0.961715160796325,0.76049766718507,0.00626959247648903,0.982484076433121,0.01743264659271,0.993630573248408,0,0.978260869565217,0.00789889415481832,0.992025518341308,0.0284810126582278,0.0158982511923688,0,0,0.812596006144393,0.927986906710311,0.927580893682589,0.725581395348837,0.0315789473684211,0.0143540669856459,0.834123222748815,0.844615384615385,0,0.0236220472440945,0.973724884080371,0,0.976,0.950387596899225,0.0777604976671851,0.0453125,0.0110062893081761,0.992295839753467,0.484126984126984,0.0809968847352025,0.106796116504854,0.107424960505529,0.685214626391097,0.106084243369735,0.990536277602524,0,0.749603803486529,0.976958525345622,0.0048,0,0.00907715582450832,0,0.009375,0.992295839753467,0.714285714285714,0.00631911532385466,0.00477707006369427,0.534621578099839,0.952229299363057,0.443759630200308,0.0499219968798752,0.00637958532695375,0.0544,0.0201238390092879,0,0.0361635220125786,0.0121951219512195,0.00963081861958266,0.0201550387596899,0.00617283950617284,0.0534591194968553,0.0580847723704867,0.0236220472440945,0.0236220472440945,0.00648298217179903,0.0298273155416013,0.0279937791601866,0.0615141955835962,0.0140625,0.0236220472440945,0.008,0.00938967136150235,0.0494417862838915,0.0157977883096366,0.0262751159196291,0.0093167701863354,0.0327613104524181,0.00904977375565611,0.0093167701863354
"115",0,0,0,0,0,0,0.0128617363344051,0.00157728706624606,0,1,0,1,0,0,0,0,1,0.9856,0,0,0,0,0,1,0,0,0,0.0016025641025641,0,0,0,0,0.0016025641025641,0,1,0,0.977952755905512,0,0,0,1,0.984126984126984,0.995215311004785,0,0,0,0,0,0,0,1,0,0,0,0.0128205128205128,0,1,0,0.00317965023847377,0,0,0,0,1,0,0,1,0,1,0,0,0,0,0,1,0.00155763239875389,0,0,0.00162866449511401,0,1,0,0,0,0,0,0,0,0.00316957210776545,0.990697674418605,0,0,1,1,0,1,0.015748031496063,0,0.995268138801262,0.993610223642173,0.0112359550561798,1,0,0,0,0,0.992063492063492,0.00319488817891374,0,0,0,0.0128,0,0,1,0,0,1,0,0,1,0.00160513643659711,0,0,0,0,0,0,1,0.00625,0,0,0,1,0,0,1,0,0,0.0066006600660066,1,1,0,0,0,0,0,0,0,0,0,0,0,0,0,0,0,0,1,0,0.0061633281972265,0,0,1,0,0,0,0,0,0,0,0,0,0,0.00324675324675325,0,1,0,1,0,0,0,0,0,0,0,0,0,0,0,0,0,0,0.0193236714975845,1,1,0,1,0,0,0.0112359550561798,0,0,0,0,0,0,0,0.0016025641025641,1,0,0,0,0,0,0.00315955766192733,0,0,0.0015625,0,0,1,0,0,0,1,0,0,0.00470219435736677,0,0,0,0.016025641025641,1,0.0124416796267496,0,0,0,0,0,0,0,0,0,0,0,0,0,0,0,0,0,0,0,0,0,0,0,0.988691437802908,0,1,0.00484652665589661,0,0,0,1,0.00163934426229508,0.00316957210776545,0,0,0,0,0.990476190476191,0,0,0,0,0,0,0,0,0,0,0.0113636363636364,1,0,0.0143312101910828,1,0,0.0123076923076923,0.00162337662337662,1,0,0,0,0,0,1,0.0176282051282051,0,0,0,0,0,0,0,0,0,0,0,0,0,0,0,0,0.00324149108589951,0,0.948837209302326,0,0,0,0,0,0,0,0,0,0,0,0,1,0,0.0114754098360656,0,0.941732283464567,0,0,0,0,1,0,0,0,0,0,0,0,0,0,0,1,0,0,0,0,0,0,1,0,0,0,0.00319488817891374,0,0,0,0,1,0,0,0,0,0,0,0,0,0,0,0,0,0.00158982511923688,0,0,0,0,0,0,0,0,0,0,0,0,1,0,0,0,1,0,0.991830065359477,0,0,0,0.99837925445705,0.0095389507154213,0,0,0,0,0,0,0,0,1,0,0.00162337662337662,0,0,0,0,0,1,0,0,0,0,0,0.00638977635782748,0,0.00983606557377049,0.995230524642289,0,0,0,1,0,0.00159744408945687,0,0,0,1,1,0,0,1,0,0.990322580645161,1,1,0,1,0,0.00161030595813205,0.0062015503875969,0,1,1,0,0,0,0,0.998355263157895,0.0159235668789809,0,0,0,0,1,0,0,0.00161290322580645,0,1,0,0,0,0,1,0,0,0,1,0,0,0,0,0,0,0,0,0,0,0.0016260162601626,0,0.991974317817014,0,0,0,0,0.012924071082391,1,0,0.0032258064516129,0,0,0,0,0,0,0,0,0,1,0,0,0,0.00488599348534202,0,0,0,0,0,0,0,0,0,0.0141732283464567,1,1,0,0,0,0,0,0,0,0,0.0125588697017268,1,0,0.0144927536231884,0,0,1,0,0,0,0.00163132137030995,0,0,0,0,0,0.00324675324675325,0,0,0.0147540983606557,0.0252365930599369,0,0,0.995305164319249,0,0,0,0,0,0,0,0.786604361370717,0,1,0.00159235668789809,0,0,0,1,0,0,0,0,0,0,1,1,0,0,0,1,0,0,0.563779527559055,0,0,0.0094488188976378,0,0,0,1,0,0,0,0.00622083981337481,0,0,0.992088607594937,0,0,1,0,0,0,0,1,0.995238095238095,0,0,0,0,0.992,1,0,0,0,0,0,0,0,0,0.00642054574638844,0,0,0.998387096774194,0,1,0,0.157377049180328,0.00151745068285281,0,0,1,0,0,0,1,0,1,0,0,1,0.0220820189274448,0,0,0.00162866449511401,0,1,0,0,1,0,0,0,0,0,0,0.00315955766192733,0.00162074554294976,1,0,0.977777777777778,0.0172955974842767,0,0,0,0,0,0.918367346938776,0,0,0,0,0,0,0,1,1,0,1,0,0.998394863563403,0,0,0,0,0,0.998410174880763,0,0,0,0,0,0,0,0,0,0,0,0,0,0,1,0,0.0195439739413681,0,0.0303030303030303,0,0,0.00622083981337481,0,0,0,0,0,0,0,0,0,0,0.00315955766192733,0.992272024729521,0,0,1,0,1,0,1,0,0,0,0,0,0.0016260162601626,0,0.0161550888529887,1,1,0,0,0,1,1,0,0,0,1,0,1,0,0,0.0340909090909091,0,1,0,0,0,0,0,0,0,0.903846153846154,0,1,0,0.993759750390016,0,0,0.3696,1,1,0.0015527950310559,0,0.00941915227629513,0,0,0,0,0,1,0,0,1,0,0,0,0.958990536277603,0,0,0,0,0,0,0,0,0,1,0,0,0.996779388083736,1,0,1,0,0,0,0,0,0.00488599348534202,0.00483870967741936,0,0.952229299363057,0,0.893687707641196,0.9728,1,0.15224358974359,0,0,0.00469483568075117,0,0.949346405228758,0.943217665615142,0,0.975728155339806,0.99025974025974,0.948387096774194,0.96984126984127,0.941640378548896,0,0.966929133858268,0,0,0.952305246422893,0,0.921259842519685,0,0.054140127388535,0,0
"116",0.987381703470032,0.984375,0.989147286821705,0.944532488114105,1,0.987341772151899,0.910236220472441,0.990769230769231,0.984567901234568,0,0.984639016897081,0,0.593167701863354,0.984202211690363,0.0546875,0.0217391304347826,0,0.0141287284144427,0.983948635634029,0.976851851851852,0.169230769230769,0.0452342487883683,0.97428139183056,0,0.943164362519201,0.265079365079365,0.130030959752322,0.977455716586151,0.477794793261868,0.693846153846154,0.010752688172043,0.70750382848392,0.779527559055118,0.294573643410853,0,0.990566037735849,0.0202492211838006,0.979938271604938,0.26865671641791,0.899082568807339,0.00158730158730159,0.0138248847926267,0.00771604938271605,0.985714285714286,0.789983844911147,0.0411392405063291,0.521193092621664,0.0155038759689922,0.478195488721805,0.131934032983508,0,0.9828125,0.273291925465839,0.983024691358025,0.905660377358491,0.175355450236967,0,0.965354330708661,0.975346687211094,0.924731182795699,0.294753086419753,0.444274809160305,0.0126382306477093,0,0.899038461538462,0.831029185867896,0,0.978193146417445,0,0.0111111111111111,0.870170015455951,0.0169230769230769,0.0357142857142857,0.990853658536585,0,0.726586102719033,0.0555555555555556,0.577881619937695,0.914149443561208,0.296416938110749,0,0.730886850152905,0.206106870229008,0.984567901234568,0.12037037037037,0.917682926829268,0.983024691358025,0.973886328725038,0.961479198767334,0.0122137404580153,0.979719188767551,0.983050847457627,0,0,0.963549920760697,0,0.311728395061728,0.977134146341463,0.0091324200913242,0.0108024691358025,0.633228840125392,0,0.291731669266771,0.9856,0.115326251896813,0.990369181380417,0.0109717868338558,0.990697674418605,0.0158730158730159,0.0187793427230047,0.0184899845916795,0.926100628930818,0.352574102964119,0.980061349693252,0,1,0.726429675425039,0,0.0154083204930663,0.235478806907378,0,0.777429467084639,0.268217054263566,0.0950871632329636,0.96937212863706,0.146604938271605,0.980451127819549,0.989147286821705,0,0.559505409582689,0.934065934065934,0.488853503184713,0.977848101265823,0,0.980891719745223,0.0337423312883436,0,0.2208,0.639625585023401,0.5248,0,0,0.995426829268293,0.766823161189358,0.158555729984301,0.987240829346092,0.0203761755485893,0.935185185185185,0.44006309148265,0.990990990990991,0.146730462519936,0.973270440251572,0.988958990536278,0.831775700934579,0.986068111455108,0.0128205128205128,0.989113530326594,0.0172413793103448,0,0.749601275917065,0.888549618320611,0.968944099378882,0.0324574961360124,0,0.986322188449848,0.470031545741325,0.988817891373802,0.986089644513138,0.985959438377535,0.300455235204856,0.993846153846154,0.0154083204930663,0.9558599695586,0.0150375939849624,0.919504643962848,0.37984496124031,0,0.976452119309262,0,0.833587786259542,0.984544049459042,0.133956386292835,0.984567901234568,0.942635658914729,0.978883861236802,0.969558599695586,0.112676056338028,0.394856278366112,0.929712460063898,0.941548183254344,0.062015503875969,0.0202177293934681,0.9858934169279,0.879573170731707,0,0,0.314152410575428,0.0015220700152207,0.987748851454824,0.272307692307692,0.896661367249603,0.756468797564688,0.995412844036697,0.4390625,0.43010752688172,0.317965023847377,0.91496062992126,0.954616588419405,0.902587519025875,0,0.867283950617284,0.188197767145136,0.952755905511811,0.0155763239875389,0.0823353293413174,0.543778801843318,0.972049689440994,0.979938271604938,0.8453125,0.989280245022971,0.894573643410853,0,0.0837282780410742,0.666160849772382,0.986003110419907,0,0.978593272171254,0.986466165413534,0.552099533437014,0.563165905631659,0.973966309341501,0.98389694041868,0.374613003095975,0,0.91324200913242,0.541009463722397,0.982594936708861,0.0139103554868624,0.968277945619335,0.990536277602524,0.984496124031008,0.948031496062992,0.539170506912442,0.014218009478673,0.98297213622291,0.551242236024845,0.0210843373493976,0.0152905198776758,0.212732919254658,0.0154798761609907,0.165615141955836,0.69618320610687,0.0122699386503067,0.0169230769230769,0.0231839258114374,0.596358118361153,0.0514469453376206,0.97339593114241,0.0126582278481013,0.0108695652173913,0,0.230046948356808,0.987321711568938,0.966153846153846,0.911179173047473,0,0.895498392282958,0.850393700787402,0.704968944099379,0.614551083591331,0.472868217054264,0.450393700787402,0.0123647604327666,0.984326018808777,0.107692307692308,0.71656050955414,0.975232198142415,0.0233281493001555,0.751166407465008,0.0156985871271586,0.126331811263318,0.985029940119761,0.9872,0.910518053375196,0,0.650842266462481,0.905132192846034,0,0.0138888888888889,0.912844036697248,0.993798449612403,0,0.0168711656441718,0.0122887864823349,0.982511923688394,0.903174603174603,0.0143540669856459,0,0.389147286821705,0.988976377952756,0.802130898021309,0.409861325115562,0.65990639625585,0.961059190031153,0.0218408736349454,0.983257229832572,0.984375,0.0140625,0.972222222222222,0.986217457886677,0.958860759493671,0.981510015408321,0.193199381761978,0.327666151468315,0.294573643410853,0.988871224165342,0.93312101910828,0.0520673813169985,0.264475743348983,0.990740740740741,0.161787365177196,0.300150829562594,0.993817619783617,0.982677165354331,0.992307692307692,0.699523052464229,0.984756097560976,0.243285939968404,0.975646879756469,0.982511923688394,0,0.332302936630603,0.546310832025118,0.0310077519379845,0.0553846153846154,0.0168453292496172,0.904907975460123,0.0337423312883436,0.0123647604327666,0,0.235202492211838,0.981220657276995,0.0737833594976452,0.99198717948718,0.981220657276995,0.987673343605547,0.289763779527559,0.307814992025518,0.668721109399075,0.478896103896104,0,0.824534161490683,0.0290519877675841,0.0547945205479452,0.210769230769231,0.987361769352291,0.0154798761609907,0,0.335384615384615,0.024390243902439,0.0362204724409449,0.481424148606811,0.9890625,0.29073482428115,0.985645933014354,0.952456418383518,0,0.989536621823617,0.0121212121212121,0.98145285935085,0.829984544049459,0.98538961038961,0.0264385692068429,0.964615384615385,0.0154083204930663,0.870769230769231,0.735849056603774,0.94,0.990740740740741,0.984301412872841,0.305900621118012,0.957943925233645,0.986322188449848,0.00914634146341463,0.040625,0.984375,0.984301412872841,0.345622119815668,0.875389408099688,0.956730769230769,0.966257668711656,0.987786259541985,0,0.131621187800963,0.986068111455108,0.0158730158730159,0,0.979719188767551,0.0126984126984127,0.0551181102362205,0.984825493171472,0.981279251170047,0.0046656298600311,0.631741140215716,0.437795275590551,0.984202211690363,0.0126782884310618,0.862559241706161,0.990430622009569,0.384012539184953,0.613251155624037,0.811819595645412,0,0.174652241112828,0.990668740279938,0.982839313572543,0.456692913385827,0.984662576687117,0.964686998394864,0.0403726708074534,0.00156494522691706,0.984615384615385,0.98297213622291,0.9515625,0.688073394495413,0.0170542635658915,0.891679748822606,0.247663551401869,0.184640522875817,0.0077639751552795,0.611801242236025,0.601574803149606,0.633956386292835,0,0.293739967897271,0.921417565485362,0.644916540212443,0.543939393939394,0.0947368421052632,0,0,0.98813056379822,0.95398773006135,0,0.932098765432099,0.010989010989011,0,0,0.986046511627907,0,0.987381703470032,0.772445820433437,0.534534534534535,0.986363636363636,0,0,0.981651376146789,0.954209748892171,0.73497688751926,0.0138036809815951,0.00319488817891374,0.896341463414634,0.61171032357473,0.990712074303406,0.549923195084485,0.365777080062794,0,0.975193798449612,0.0141955835962145,0.969648562300319,0.107594936708861,0,0.0211161387631976,0.114285714285714,0.482142857142857,0.96793893129771,0,0.95619335347432,0.973520249221184,0.987616099071207,0,0.0917721518987342,0.927066450567261,0.0192616372391653,0.984709480122324,0.987951807228916,0.0183767228177642,0.986238532110092,0.312404287901991,0.811349693251534,0.0264797507788162,0.181533646322379,0.968992248062015,0.0110410094637224,0.0170542635658915,0.972560975609756,0.0208667736757624,0.673015873015873,0.395638629283489,0,0.124042879019908,0.766091051805338,0.269230769230769,0.975497702909648,0.0125984251968504,0.163109756097561,0.446254071661238,0.955453149001536,0.911179173047473,0.955521472392638,0.740095087163233,0,0.972307692307692,0.0122511485451761,0.954545454545455,0.401273885350318,0.0137404580152672,0.986280487804878,0.989113530326594,0.985826771653543,0.64,0.990769230769231,0.137876386687797,0.19188767550702,0.942367601246106,0.903076923076923,0,0,0.982677165354331,0.938388625592417,0.026984126984127,0.985826771653543,0.989147286821705,0.373271889400922,0.950715421303657,0.729102167182663,0.90381679389313,0,0.962441314553991,0.347551342812006,0.987538940809969,0.987519500780031,0,0.651090342679128,0.985714285714286,0.0172955974842767,0.6953125,0.393188854489164,0.800898203592814,0.703125,0.944277108433735,0.0910470409711684,0.976415094339623,0.986111111111111,0.987748851454824,0.301765650080257,0.101538461538462,0.984615384615385,0.983257229832572,0.00923076923076923,0.776255707762557,0.443251533742331,0.281733746130031,0.776049766718507,0.986024844720497,0.874804381846635,0.986175115207373,0.126524390243902,0.0159489633173844,0,0.843260188087774,0.0172413793103448,0.0124804992199688,0.293394777265745,0,0.984350547730829,0.924615384615385,0.984399375975039,0.992248062015504,0.102362204724409,0.0142857142857143,0,0,0.175355450236967,0.0960629921259843,0.170046801872075,0,0.0108191653786708,0.982839313572543,0.0154083204930663,0.305511811023622,0.982677165354331,0.599693251533742,0.96998420221169,0.675265553869499,0.649847094801223,0,0.985096870342772,0.396850393700787,0.504,0.932618683001531,0.992492492492492,0.405819295558959,0.0124804992199688,0.96,0.961597542242704,0,0.960183767228178,0.031055900621118,0.9808,0.423547400611621,0,0.00938967136150235,0.526742301458671,0.855345911949686,0.0153846153846154,0.155309033280507,0.0124416796267496,0.00159489633173844,0.754122938530735,0.026813880126183,0.985436893203884,0.339939024390244,0.986089644513138,0.0121028744326778,0.386503067484663,0.333333333333333,0.885167464114832,0.1024,0.0170278637770898,0.00316957210776545,0.0538827258320127,0,0.984894259818731,0.0526315789473684,0.995535714285714,0.0172955974842767,0.984276729559748,0,0.549317147192716,0.464898595943838,0.984732824427481,0,0.986322188449848,0,0.414012738853503,0.980030721966206,0,0.66,0.979719188767551,0.756630265210608,0.959935897435897,0.048048048048048,0,0.984779299847793,0.272012578616352,0,0.703076923076923,0.0105740181268882,0.0260736196319018,0.985871271585557,0.990521327014218,0.983154670750383,0.9640625,0.979495268138801,0,0.970266040688576,0.0246153846153846,0.361573373676248,0.302180685358255,0.98310291858679,0.978361669242658,0.978395061728395,0.977064220183486,0.0540123456790123,0.031104199066874,0.9826224328594,0.960061443932412,0.714946070878274,0.966153846153846,0.984567901234568,0.979907264296754,0,0,0.969788519637462,0,0.0809160305343511,0,0.964506172839506,0.29047619047619,0.220064724919094,0.136085626911315,0.917445482866044,0,0.115740740740741,0.984276729559748,0.987635239567233,0.651968503937008,0.419970631424376,0.21513353115727,0.199095022624434,0.664566929133858,0.010752688172043,0.126168224299065,0.559748427672956,0.262422360248447,0.69431643625192,0.0217391304347826,0,0.010989010989011,0.328025477707006,0.982456140350877,0.637904468412943,0.231927710843373,0.622699386503067,0.897356143079316,0.972602739726027,0.970219435736677,0.977883096366509,0.987281399046105,0.987480438184664,0.56656346749226,0.437596302003082,0.9859375,0.0194610778443114,0.0212121212121212,0.897196261682243,0.0123456790123457,0.984662576687117,0.955315870570108,0,0.117647058823529,0,0.9671875,0,0.967441860465116,0.987616099071207,0.0151975683890578,0.839813374805599,0.986217457886677,0.659305993690852,0.645608628659476,0.8953125,0,0,0.937397034596376,0.959701492537313,0.99537750385208,0,0,0.0125984251968504,0.227272727272727,0.493846153846154,0,0.471317829457364,0,0.933858267716535,0.984423676012461,0.15311004784689,0.239197530864198,0,0.358851674641148,0.598159509202454,0.857575757575758,0.976923076923077,0.793157076205288,0.0124416796267496,0.995260663507109,0.0157232704402516,0.983974358974359,0,0.983180428134557,0.009375,0.988853503184713,0.0329153605015674,0.0205371248025276,0,0,0.846986089644513,0.922829581993569,0.951070336391437,0.709480122324159,0.0392156862745098,0.0207336523125997,0.8453125,0.835082458770615,0,0.0251177394034537,0.9578125,0,0.968553459119497,0.967741935483871,0.0762052877138414,0.0465116279069767,0.0153846153846154,0.984662576687117,0.484076433121019,0.0876369327073552,0.110032362459547,0.133540372670807,0.706539074960128,0.0965309200603318,0.986068111455108,0,0.77151799687011,0.972644376899696,0.00469483568075117,0,0.0162721893491124,0,0.0170807453416149,0.984639016897081,0.714968152866242,0.0125984251968504,0.014218009478673,0.546603475513428,0.97045101088647,0.449386503067485,0.0490045941807044,0.0141955835962145,0.055379746835443,0.0217054263565891,0,0.043956043956044,0.0225225225225225,0.0173228346456693,0.0275229357798165,0.0107361963190184,0.0526315789473684,0.0571870170015456,0.0261538461538462,0.0234375,0.00635930047694754,0.0278637770897833,0.0275650842266462,0.0592823712948518,0.021875,0.0230061349693252,0.0095389507154213,0.0188087774294671,0.0464396284829721,0.0202177293934681,0.0240601503759399,0.0168453292496172,0.0444104134762634,0.0134328358208955,0.0168711656441718
"117",0.706896551724138,0.701996927803379,0.743076923076923,0.752396166134185,0.729857819905213,0.706924315619968,0.740506329113924,0.748829953198128,0.706422018348624,0,0.708920187793427,0,0.726006191950464,0.704838709677419,0.351766513056836,0.298761609907121,0,0.00940438871473354,0.706896551724138,0.733644859813084,0.445652173913043,0.304777594728171,0.703875968992248,0,0.725609756097561,0.485133020344288,0.384615384615385,0.707865168539326,0.644171779141104,0.698924731182796,0.284627092846271,0.946624803767661,0.816745655608215,0.459501557632399,0,0.708268330733229,0.0168711656441718,0.705614567526555,0.535502958579882,0.684129429892142,0,0.00921658986175115,0.00153846153846154,0.718068535825545,0.771704180064309,0.310618066561014,0.627575277337559,0.289808917197452,0.667175572519084,0.400921658986175,0,0.718068535825545,0.523809523809524,0.705329153605016,0.712480252764613,0.426073131955485,0,0.705229793977813,0.719626168224299,0.811728395061728,0.481481481481481,0.622119815668203,0.303265940902022,0,0.721337579617834,0.734254992319508,0,0.706161137440758,0,0.275641025641026,0.697996918335901,0.294952681388013,0.300787401574803,0.711450381679389,0,0.775038520801233,0.339939024390244,0.657276995305164,0.793322734499205,0.495065789473684,0,0.945904173106646,0.478787878787879,0.699846860643185,0.384024577572965,0.761760242792109,0.70398773006135,0.724458204334365,0.71583850931677,0.00148809523809524,0.6984375,0.710526315789474,0,0,0.737261146496815,0,0.524105754276827,0.72281776416539,0.00154320987654321,0.00313971742543171,0.687888198757764,0,0.536507936507936,0.712025316455696,0.404833836858006,0.715189873417722,0.003125,0.720748829953198,0.29746835443038,0.299689440993789,0.302936630602782,0.738095238095238,0.570762052877138,0.70404984423676,0,0.726429675425039,1,0,0.297971918876755,0.460567823343849,0,0.816745655608215,0.497681607418856,0.365354330708661,0.714946070878274,0.395738203957382,0.705069124423963,0.710526315789474,0,0.6546875,0.755485893416928,0.571428571428571,0.712264150943396,0,0.684458398744113,0.313935681470138,0,0.486614173228346,0.667706708268331,0.645933014354067,0,0,0.7203125,0.763076923076923,0.42246835443038,0.705790297339593,0.304552590266876,0.753846153846154,0.598412698412698,0.717522658610272,0.430176565008026,0.7078125,0.709320695102686,0.701996927803379,0.705972434915773,0.288676236044657,0.70750382848392,0.280314960629921,0,0.731437598736177,0.777777777777778,0.710730948678072,0.312307692307692,0,0.700460829493088,0.665605095541401,0.719211822660099,0.713414634146341,0.712962962962963,0.470046082949309,0.73374613003096,0.29264475743349,0.727134146341463,0.299546142208775,0.770800627943485,0.571209800918836,0,0.717868338557994,0,0.722910216718266,0.702830188679245,0.361198738170347,0.731366459627329,0.738461538461539,0.711278195488722,0.707241910631741,0.377329192546584,0.606153846153846,0.732909379968203,0.741732283464567,0.335433070866142,0.283720930232558,0.717219589257504,0.736434108527132,0,0,0.549920760697306,0,0.707055214723926,0.509259259259259,0.744444444444444,0.717357910906298,0.709923664122137,0.609717868338558,0.549770290964778,0.530708661417323,0.713166144200627,0.712698412698413,0.803405572755418,0,0.701996927803379,0.456140350877193,0.741324921135647,0.288854003139717,0.360730593607306,0.653250773993808,0.70606531881804,0.708782742681048,0.835443037974684,0.707620528771384,0.749221183800623,0,0.362068965517241,0.724615384615385,0.70820189274448,0,0.700763358778626,0.724924012158055,0.664556962025316,0.638198757763975,0.703937007874016,0.715210355987055,0.575277337559429,0,0.743119266055046,0.755070202808112,0.733870967741935,0.298136645962733,0.719325153374233,0.716981132075472,0.697388632872504,0.725274725274725,0.63944530046225,0.299684542586751,0.728706624605678,0.642638036809816,0.299698795180723,0.28335832083958,0.426771653543307,0.273010920436817,0.414673046251994,0.707762557077626,0.289763779527559,0.301092043681747,0.303076923076923,0.679878048780488,0.332802547770701,0.719685039370079,0.0031496062992126,0.275430359937402,0,0.4928,0.70952380952381,0.717628705148206,0.728260869565217,0,0.779032258064516,0.723823975720789,1,0.805946791862285,0.665109034267913,0.525821596244131,0.00307692307692308,0.702830188679245,0.395384615384615,0.925566343042071,0.750783699059561,0.294670846394984,0.709320695102686,0.302034428794992,0.396946564885496,0.709923664122137,0.703349282296651,0.739811912225705,0,0.691603053435115,0.742990654205608,0,0.272585669781931,0.741984732824427,0.736757624398074,0,0.288854003139717,0.290519877675841,0.722741433021807,0.815457413249211,0.302066772655008,0,0.591614906832298,0.729299363057325,0.807395993836672,0.604327666151468,0.704944178628389,0.718701700154559,0.294488188976378,0.707241910631741,0.702619414483821,0.287949921752739,0.73094867807154,0.71496062992126,0.71474358974359,0.707882534775889,0.444617784711388,0.537519142419602,0.554179566563467,0.730891719745223,0.732899022801303,0.0340030911901082,0.470957613814757,0.733229329173167,0.41304347826087,0.521021021021021,0.71671826625387,0.719242902208202,0.731974921630094,0.738095238095238,0.696646341463415,0.4704,0.740740740740741,0.711356466876972,0,0.572085889570552,0.641185647425897,0.305810397553517,0.0384615384615385,0.292682926829268,0.722910216718266,0.302469135802469,0.294209702660407,0,0.473765432098765,0.710443037974684,0.33489827856025,0.727272727272727,0.73953488372093,0.720748829953198,0.535483870967742,0.532051282051282,0.691107644305772,0.621578099838969,0,0.747619047619048,0.298299845440495,0.331782945736434,0.481203007518797,0.707865168539326,0.307219662058372,0,0.573619631901841,0.277777777777778,0.313291139240506,0.644654088050314,0.706539074960128,0.518518518518518,0.687296416938111,0.702325581395349,0,0.700296735905044,0.28902627511592,0.702290076335878,0.7578125,0.712918660287081,0.30188679245283,0.715160796324655,0.291993720565149,0.682389937106918,0.817891373801917,0.728787878787879,0.719188767550702,0.698587127158556,0.532710280373832,0.716981132075472,0.708588957055215,0.302611367127496,0.305772230889236,0.711145996860283,0.71183800623053,0.525993883792049,0.676470588235294,0.713355048859935,0.732718894009217,0.705882352941177,0,0.401913875598086,0.706521739130435,0.30829420970266,0,0.742088607594937,0.00322061191626409,0.328616352201258,0.711009174311927,0.724247226624406,0,0.69811320754717,0.588697017268446,0.7504,0.27892234548336,0.71608832807571,0.6976,0.592125984251968,0.65990639625585,0.8890625,0,0.45226917057903,0.733755942947702,0.709428129829985,0.622083981337481,0.708006279434851,0.695581014729951,0.316770186335404,0,0.709175738724728,0.715610510046368,0.729264475743349,0.703875968992248,0.285491419656786,0.783359497645212,0.476923076923077,0.440261865793781,0.00152905198776758,0.700159489633174,0.656298600311042,0.755038759689923,0,0.54140127388535,0.775351014040562,0.7078125,0.701700154559505,0.382882882882883,0,0,0.70254110612855,0.701515151515152,0,0.735524256651017,0.00156985871271586,0,0,0.713607594936709,0,0.722929936305732,0.697347893915757,0.651840490797546,0.700617283950617,0,0,0.715625,0.72768532526475,0.774733637747336,0.303543913713405,0,0.727554179566563,0.669753086419753,0.708978328173375,0.648690292758089,0.571651090342679,0,0.713622291021672,0.295055821371611,0.767628205128205,0.358695652173913,0,0.305597579425113,0.388364779874214,0.577922077922078,0.695102685624013,0,0.758258258258258,0.71937984496124,0.715170278637771,0,0.357030015797788,0.707641196013289,0.294498381877023,0.696646341463415,0.700763358778626,0.304953560371517,0.693023255813954,0.562893081761006,0.719874804381847,0.3078125,0.445337620578778,0.727272727272727,0.00155763239875389,0.291798107255521,0.726299694189602,0.311688311688312,0.76038338658147,0.710236220472441,0,0.390282131661442,0.821371610845295,0.520440251572327,0.716279069767442,0.285491419656786,0.44,0.543230016313214,0.736681887366819,0.808801213960546,0.7234375,0.746081504702194,0,0.707241910631741,0.281055900621118,0.683881064162754,0.600644122383253,0.285280728376328,0.708074534161491,0.7203125,0.698587127158556,0.698924731182796,0.726006191950464,0.419152276295133,0.461417322834646,0.730829420970266,0.739130434782609,0,0,0.71563981042654,0.719298245614035,0.301109350237718,0.726415094339623,0.7296875,0.58887171561051,0.738437001594896,0.685624012638231,0.730474732006126,0,0.725705329153605,0.548183254344392,0.705148205928237,0.7046875,0,0.694620253164557,0.73208722741433,0.286163522012579,0.733542319749216,0.541925465838509,0.724242424242424,0.783018867924528,0.706948640483384,0.375375375375375,0.719551282051282,0.708206686930091,0.726153846153846,0.533227848101266,0.37111801242236,0.726153846153846,0.709230769230769,0.00152671755725191,0.752321981424149,0.600308641975309,0.50077519379845,0.8887171561051,0.696734059097978,0.712715855572998,0.727554179566563,0.153495440729483,0.297427652733119,0,0.821316614420063,0.281931464174455,0.283720930232558,0.509287925696594,0,0.731182795698925,0.741590214067278,0.697530864197531,0.705701078582434,0.392,0.298273155416013,0,0,0.444267515923567,0.350078492935636,0.421383647798742,0,0.282608695652174,0.70015455950541,0.142194744976816,0.534700315457413,0.706161137440758,0.668730650154799,0.710191082802548,0.76875,0.742331288343558,0,0.706146926536732,0.579617834394904,0.640944881889764,0.762121212121212,0.717125382262997,0.613394216133942,0.0015600624024961,0.755832037325039,0.755351681957186,0,0.702743902439024,0.314241486068111,0.707592891760905,0.509230769230769,0,0,0.657377049180328,0.8765625,0.300469483568075,0.408227848101266,0.00154083204930663,0,0.722727272727273,0.304897314375987,0.712195121951219,0.562691131498471,0.721109399075501,0.289433384379786,0.527950310559006,0.55379746835443,0.805111821086262,0.351524879614767,0.287901990811639,0,0.342356687898089,0,0.704309063893016,0.265079365079365,0.719879518072289,0.284345047923323,0.71608832807571,0,0.700906344410876,0.637931034482759,0.694488188976378,0,0.710077519379845,0,0.637083993660856,0.715610510046368,0,0.689708141321045,0.718110236220472,0.714508580343214,0.746411483253589,0.326687116564417,0,0.701587301587302,0.478537360890302,0,0.96177370030581,0.273684210526316,0.317073170731707,0.713141025641026,0.700475435816165,0.704268292682927,0.70625,0.716535433070866,0,0.710691823899371,0.010752688172043,0.565687789799073,0.515673981191223,0.71689497716895,0.714728682170543,0.713414634146341,0.706336939721793,0.0658307210031348,0.311320754716981,0.723472668810289,0.723172628304821,0.729938271604938,0.716257668711656,0.712962962962963,0.751159196290572,0,0,0.710606060606061,0,0.34,0,0.74491392801252,0.48811410459588,0.479233226837061,0.436532507739938,0.730283911671924,0.0015625,0.3875,0.706624605678233,0.720679012345679,0.7339593114241,0.59214501510574,0.458702064896755,0.429230769230769,0.669278996865204,0.291411042944785,0.38366718027735,0.67398119122257,0.469040247678019,0.718266253869969,0.295489891135303,0,0.282091917591125,0.555555555555556,0.7152,0.661042944785276,0.504615384615385,0.702492211838006,0.781345565749236,0.703196347031963,0.746365105008078,0.695374800637959,0.721698113207547,0.717703349282297,0.682170542635659,0.634108527131783,0.716772151898734,0.29745889387145,0.298621745788668,0.803432137285491,0.00306278713629403,0.721884498480243,0.687595712098009,0,0.383386581469649,0,0.744514106583072,0,0.725460122699387,0.703761755485893,0.292758089368259,0.708333333333333,0.696923076923077,0.721780604133545,0.7,0.730708661417323,0,0,0.734726688102894,0.742469879518072,0.706686930091185,0,0,0.307086614173228,0.471927162367223,0.54858934169279,0,0.67741935483871,0,0.71474358974359,0.704225352112676,0.404388714733542,0.483870967741935,0,0.56875,0.667721518987342,0.673913043478261,0.731707317073171,0.776744186046512,0.306603773584906,0.728896103896104,0.0525502318392581,0.704838709677419,0,0.719271623672231,0.00156739811912226,0.704944178628389,0.319314641744548,0.19435736677116,0,0,0.825885978428351,0.708064516129032,0.732006125574273,0.654545454545455,0.320300751879699,0.300632911392405,0.695517774343122,0.681137724550898,0,0.30188679245283,0.717425431711146,0,0.708064516129032,0.729938271604938,0.3578125,0.0250783699059561,0.285932721712538,0.700460829493088,0.635646687697161,0.356143079315708,0.389337641357027,0.38006230529595,0.771653543307087,0.351145038167939,0.70679012345679,0,0.741784037558685,0.693498452012384,0.00158478605388273,0,0.29940119760479,0,0.298299845440495,0.702909647779479,0.695374800637959,0.29746835443038,0.290679304897314,0.66403785488959,0.74414976599064,0.611801242236025,0.0325077399380805,0.281399046104928,0.0624,0.0189274447949527,0,0.275752773375594,0.285714285714286,0.297637795275591,0.311926605504587,0.288343558282209,0.0302547770700637,0.0357698289269051,0.302795031055901,0.0188976377952756,0.00794912559618442,0.0375,0.0245775729646697,0.0351681957186544,0.316118935837246,0.0234009360374415,0.294871794871795,0.296825396825397,0.0283018867924528,0.293478260869565,0.036979969183359,0.298761609907121,0.310077519379845,0.302752293577982,0.302469135802469
"118",0,0,0,0,0,0,0.0124416796267496,0.00154559505409583,0,1,0,1,0,0,0,0,1,0.987692307692308,0,0,0,0,0,1,0,0,0,0,0,0,0,0,0.00157728706624606,0,1,0,0.980332829046899,0,0,0,0.998449612403101,0.987730061349693,0.99390243902439,0,0,0,0,0,0,0,1,0,0,0,0.0142405063291139,0,1,0,0.00303030303030303,0,0,0,0,1,0,0,1,0,1,0,0,0,0,0,1,0.0015015015015015,0,0,0.00156985871271586,0,1,0,0,0,0,0,0,0,0.00153374233128834,0.989441930618401,0,0,1,1,0,1,0.0151515151515152,0,0.993893129770992,0.992248062015504,0.00930232558139535,1,0,0,0,0,0.990654205607477,0.00307219662058372,0,0,0,0.0138674884437596,0,0,1,0,0,1,0,0,1,0.00155763239875389,0,0,0,0,0,0,1,0.00612557427258806,0,0,0,1,0,0,1,0,0,0.00630914826498423,1,1,0,0,0,0,0,0,0,0,0,0,0,0,0,0,0,0,1,0,0.00602409638554217,0,0,1,0,0,0,0,0,0,0,0,0,0,0.00313971742543171,0,1,0,1,0,0,0,0,0,0,0,0,0,0,0,0,0,0,0.0182370820668693,1,1,0,0.998491704374057,0,0,0.00934579439252336,0,0,0,0,0,0,0,0.00151975683890578,1,0,0,0,0,0,0.00458015267175573,0,0,0.00153609831029186,0,0,1,0,0,0,1,0,0,0.00461538461538462,0,0,0,0.0154320987654321,1,0.0119047619047619,0,0,0,0,0,0,0,0,0,0,0,0,0,0,0,0,0,0,0,0,0,0,0,0.98755832037325,0,1,0.0015527950310559,0,0,0,1,0.00158730158730159,0.00152905198776758,0,0,0,0,0.989247311827957,0,0,0,0,0,0,0,0,0,0,0.0125588697017268,1,0,0.014018691588785,1,0,0.0135338345864662,0.00151285930408472,1,0,0,0,0,0,1,0.0140625,0,0,0,0,0,0,0,0,0,0,0,0,0,0,0,0,0.00308166409861325,0,0.954407294832827,0,0,0,0,0,0,0,0,0,0,0,0,1,0,0.00778816199376947,0,0.956127080181543,0,0,0,0,1,0,0,0,0,0,0,0,0,0,0,1,0,0,0,0,0,0,1,0,0,0,0.00309119010819165,0,0,0,0,1,0,0,0,0,0,0,0,0,0,0,0,0,0.00154559505409583,0,0,0,0,0,0,0,0,0,0,0,0,1,0,0,0,1,0,0.990595611285266,0,0,0,0.996870109546166,0.00782472613458529,0,0,0,0,0,0,0,0,1,0,0.0015600624024961,0,0,0,0,0,0.998468606431853,0,0,0,0,0,0.00628930817610063,0,0.0130505709624796,0.992331288343558,0,0,0,1,0,0.00155763239875389,0,0,0,1,1,0,0,1,0,0.989028213166144,1,1,0,1,0,0.00152439024390244,0.00594353640416048,0,1,1,0,0,0,0,0.996870109546166,0.0180995475113122,0,0,0,0,1,0,0,0.00154083204930663,0,1,0,0,0,0,1,0,0,0,1,0,0,0,0,0,0,0,0,0,0,0,0,0.989214175654854,0,0,0,0,0.0107858243451464,1,0,0.00313971742543171,0,0,0,0,0,0,0,0,0,1,0,0,0,0.00158982511923688,0,0,0,0,0,0,0,0,0,0.0122887864823349,1,1,0,0,0,0,0,0,0,0,0.0151515151515152,1,0,0.0156985871271586,0,0,1,0,0,0,0.00153846153846154,0,0,0,0,0,0.00315457413249211,0,0,0.0141509433962264,0.0233281493001555,0,0,0.993966817496229,0,0,0,0,0,0,0,0.772590361445783,0,1,0.00153609831029186,0,0,0,1,0,0,0,0,0,0,1,1,0,0,0,1,0,0,0.57469512195122,0,0,0.00778816199376947,0,0,0,1,0,0,0,0.00603318250377074,0,0,0.990895295902883,0,0,1,0,0,0,0,1,0.992307692307692,0,0,0,0,0.989312977099237,0.998412698412698,0,0,0,0,0,0,0,0,0.00641025641025641,0,0,0.996941896024465,0,1,0,0.158227848101266,0.0014903129657228,0,0,1,0,0,0,1,0,1,0,0,1,0.00928792569659443,0,0,0.0015600624024961,0,1,0,0,1,0,0,0,0,0,0,0.00155038759689922,0,1,0,0.974164133738602,0.0183767228177642,0,0,0,0,0,0.914373088685015,0,0,0,0,0,0,0,1,1,0,1,0,0.998454404945904,0,0,0,0,0,0.998463901689708,0,0,0,0,0,0,0,0,0,0,0,0,0,0,1,0,0.0156739811912226,0,0.0214395099540582,0,0,0.00611620795107034,0,0.0016025641025641,0,0,0,0,0,0,0,0,0.00313479623824451,0.989280245022971,0,0,1,0,1,0,1,0,0,0,0,0,0.0015625,0,0.0171606864274571,1,1,0,0,0,1,1,0,0,0,1,0,1,0,0,0.0312989045383412,0,1,0,0,0,0,0,0,0,0.901538461538462,0,1,0,0.993874425727412,0,0,0.372056514913658,1,1,0.00151057401812689,0,0.0104633781763827,0,0,0,0,0,1,0,0,1,0,0,0,0.960365853658537,0,0,0,0,0,0,0,0,0,1,0,0,0.995341614906832,1,0,1,0,0,0,0,0,0.00470219435736677,0.00469483568075117,0,0.957957957957958,0,0.907378335949764,0.977134146341463,1,0.163076923076923,0,0,0.00461538461538462,0,0.959814528593508,0.951515151515152,0,0.976923076923077,0.993670886075949,0.947530864197531,0.974124809741248,0.95,0,0.969512195121951,0,0,0.962790697674419,0,0.926940639269406,0,0.0495356037151703,0,0
"119",0.00158982511923688,0,0.0306748466257669,0.0592948717948718,0.0173228346456693,0,0.0959119496855346,0.0265625,0,0,0,0,0.446153846153846,0,0.958139534883721,0.992211838006231,0,0.0015748031496063,0.00317965023847377,0.0199081163859112,0.84031007751938,0.969453376205788,0.0122137404580153,0,0.0449612403100775,0.755485893416928,0.888888888888889,0.00958466453674121,0.530395136778115,0.307098765432099,1,0.320373250388802,0.230046948356808,0.71141975308642,0,0,0.00460829493087558,0.0045662100456621,0.758982035928144,0.109567901234568,0,0,0,0,0.221337579617834,0.979719188767551,0.497659906396256,1,0.536585365853659,0.865853658536585,0,0.00474683544303797,0.742589703588144,0,0.103338632750397,0.846153846153846,0,0.0268987341772152,0.0414746543778802,0.100456621004566,0.708722741433022,0.562596599690881,1,0,0.0993589743589744,0.171875,0,0.0124223602484472,0,1,0.149230769230769,0.992211838006231,0.9828125,0,0,0.280245022970904,0.958715596330275,0.423312883435583,0.107594936708861,0.742718446601942,0,0.312883435582822,0.804012345679012,0.00152905198776758,0.889751552795031,0.095679012345679,0.0031055900621118,0.034375,0.029320987654321,0,0.0110062893081761,0,0,0,0.027027027027027,0,0.703703703703704,0.0201238390092879,0,0,0.378763866877971,0,0.72972972972973,0,0.896813353566009,0,0,0.0199386503067485,1,0.993690851735016,0.992260061919505,0.0817610062893082,0.670826833073323,0.00928792569659443,0,0.0154083204930663,0.297971918876755,0,1,0.778649921507064,0,0.236507936507937,0.751152073732719,0.921630094043887,0.0294573643410853,0.857361963190184,0.00303951367781155,0.00460829493087558,0,0.449074074074074,0.0712074303405573,0.521060842433697,0.0125,0,0.00482315112540193,0.981790591805766,0,0.793478260869565,0.378930817610063,0.486443381180223,0,0,0.0232919254658385,0.25115562403698,0.833865814696486,0,0.993779160186625,0.0839813374805599,0.585173501577287,0.0229709035222052,0.866666666666667,0.0187207488299532,0,0.160796324655436,0.00463678516228748,1,0,1,0,0.263736263736264,0.127659574468085,0.0217054263565891,0.984591679506934,0,0,0.55379746835443,0,0,0,0.71319018404908,0.0214395099540582,0.9984375,0.0488549618320611,1,0.102201257861635,0.646433990895296,0,0.0109546165884194,0,0.165898617511521,0,0.874213836477987,0.0170542635658915,0.0523882896764253,0.00903614457831325,0.0259541984732824,0.908527131782946,0.627871362940276,0.0796178343949045,0.0653907496012759,0.952160493827161,0.99537037037037,0.0219092331768388,0.123076923076923,0,0,0.712074303405573,0,0,0.744615384615385,0.113057324840764,0.26840490797546,0.0121765601217656,0.56298600311042,0.564615384615385,0.713385826771654,0.0818897637795276,0.0365659777424483,0.121765601217656,0,0.12326656394453,0.827697262479871,0.0585443037974684,1,0.930091185410334,0.462382445141066,0.027906976744186,0.0208643815201192,0.164362519201229,0.00155038759689922,0.0962732919254658,0,0.927244582043344,0.33984962406015,0.00476190476190476,0,0.00918836140888208,0.0212443095599393,0.4515625,0.449074074074074,0.0109375,0,0.630744849445325,0,0.103500761035008,0.489028213166144,0.0315457413249211,1,0.0443425076452599,0.00158227848101266,0,0.0467289719626168,0.471036585365854,1,0.0323574730354391,0.476190476190476,0.995481927710843,1,0.799687010954617,1,0.851735015772871,0.340909090909091,1,0.996923076923077,0.992223950233281,0.412746585735964,0.96513470681458,0.01743264659271,0,1,0,0.787539936102236,0,0.0216049382716049,0.102760736196319,0,0.128164556962025,0.145929339477727,0.321538461538462,0.406201550387597,0.568253968253968,0.545171339563863,0,0,0.908950617283951,0.307568438003221,0.040625,0.987711213517665,0.246894409937888,0.998425196850394,0.885145482388974,0,0,0.0962145110410095,0,0.362229102167183,0.100787401574803,0,1,0.0929535232383808,0.01875,0,0.998463901689708,1,0.020440251572327,0.116883116883117,1,0,0.618827160493827,0.00947867298578199,0.212307692307692,0.603395061728395,0.339563862928349,0.0399385560675883,0.990668740279938,0,0,0.995238095238095,0.0386996904024768,0,0.0303030303030303,0.00308641975308642,0.824534161490683,0.698924731182796,0.720565149136578,0.0221870047543582,0.0592948717948718,0.0015220700152207,0.739336492890995,0.027906976744186,0.855828220858896,0.700301204819277,0.00617283950617284,0.00313479623824451,0.0328638497652582,0.316455696202532,0.00303951367781155,0.7625,0.0368663594470046,0.0031496062992126,0,0.686453576864536,0.445512820512821,0.984202211690363,0.00151515151515152,0.99388379204893,0.0961832061068702,0.970814132104455,1,0,0.786377708978328,0.0093603744149766,0.924528301886792,0.0130293159609121,0.0327613104524181,0.014218009478673,0.720379146919431,0.725363489499192,0.321928460342146,0.535369774919614,0,0.168503937007874,0.987897125567322,0.968229954614221,0.808936825885978,0,0.998468606431853,0,0.684615384615385,0.992236024844721,0.977812995245642,0.543478260869565,0,0.723101265822785,0,0.0345911949685535,0,0.00892857142857143,1,0.00151975683890578,0.166924265842349,0,0.989096573208723,0.0259938837920489,1,0.119010819165379,0.284591194968553,0.0508474576271186,0.0123456790123457,0,0.708074534161491,0.033587786259542,0,1,0.978361669242658,0,0,0.687789799072643,0.122324159021407,0.0387722132471729,0.0521472392638037,0,0,0.892234548335975,0,0.998430141287284,0,0.0375,0,0.961360123647604,0,0.0330188679245283,0,0.374805598755832,0.590266875981162,0.0159235668789809,1,0.134706814580032,0.0016025641025641,0.626582278481013,0.394777265745008,0.226356589147287,0,0.84251968503937,0.0235849056603774,0,0.57120253164557,0,0.0281923714759536,0.972136222910217,0,0.0139103554868624,0.00469483568075117,0.053125,0.312883435582822,0.992163009404389,0.130769230769231,0.770769230769231,0.811688311688312,0,0.377151799687011,0.387045813586098,0.390697674418605,0,0.714508580343214,0.0947204968944099,0.358895705521472,0.490881458966565,0.926646706586826,0,0,0,0.0287878787878788,0,0.0824261275272162,0,0,0,0.0015527950310559,0,0,0.237129485179407,0.478787878787879,0,0,0,0.00615384615384615,0.04047976011994,0.271186440677966,1,0,0.103030303030303,0.40625,0,0.484709480122324,0.662992125984252,0,0.0184331797235023,1,0.0428571428571429,0.914330218068536,0,0.990853658536585,0.884858044164038,0.527093596059113,0.0245022970903522,0,0.0564024390243902,0.0262345679012346,0,0,0.931142410015649,0.0715447154471545,0.996747967479675,0,0,0.992272024729521,0,0.707165109034268,0.1850699844479,0.995334370139969,0.832278481012658,0.0425867507886435,0,1,0.0292307692307692,0.993710691823899,0.340764331210191,0.592417061611374,0,0.886153846153846,0.270142180094787,0.746522411128284,0.0250391236306729,1,0.852359208523592,0.552287581699346,0.0553846153846154,0.114503816793893,0.0329153605015674,0.256,0,0.0182094081942337,1,0.0374414976599064,0.62379421221865,1,0,0,0,0.371473354231975,0.0170807453416149,0.878125,0.810344827586207,0.0571870170015456,0.108359133126935,0,0,0.009375,0.0643086816720257,0.984202211690363,0.0188976377952756,0.00933125972006221,0.646417445482866,0.0746500777604977,0.267828843106181,0.0975609756097561,0,0.0330188679245283,0.665086887835703,0,0,0,0.381933438985737,0.0253565768621236,1,0.304075235109718,0.620904836193448,0.204204204204204,0.318611987381703,0.0422960725075529,0.916666666666667,0.0175438596491228,0,0.0200617283950617,0.699059561128527,0.88783570300158,0.0078125,0,0,0.231124807395994,0.555555555555556,0.753488372093023,0.24922600619195,0,0.122448979591837,0,0.112135176651306,1,0,0.179127725856698,0.996860282574568,1,0.73094867807154,0,0.00938967136150235,0.0904907975460123,0.00152439024390244,0.0045662100456621,0.911076443057722,1,0,0,0.830940988835726,0.925750394944708,0.844197138314785,0,1,0,0.429007633587786,0.712074303405573,0,0.409302325581395,0.0221169036334913,0.349693251533742,0.365325077399381,0,0,0.594637223974763,0.503184713375796,0.0743550834597876,0.0106544901065449,0.617647058823529,0,0.0525502318392581,0.0487062404870624,0,0.033434650455927,0.9875,0.016366612111293,0.568111455108359,0,0,0.487844408427877,0.167192429022082,1,0.880314960629921,0,0,0.260089686098655,0.976489028213166,0,0.687692307692308,0.00609756097560976,1,0.624810892586989,0.690705128205128,0.13290113452188,0.901273885350318,0.996908809891808,0,0.960254372019078,0,0.00464396284829721,0.801932367149758,0.0180722891566265,0.995341614906832,0,0,0.49618320610687,0.540752351097179,0,0,0.00153846153846154,0,0.612179487179487,0.0136570561456753,0,0.349157733537519,0.0234741784037559,0.259780907668232,0.0518053375196232,0.969465648854962,0,0,0.753993610223642,0,0.318461538461538,1,0.980122324159021,0,0,0.0106060606060606,0.0235849056603774,0.0188087774294671,0,0.0266457680250784,0,0.645896656534954,0.722480620155039,0.00618238021638331,0.00933125972006221,0.00610687022900763,0.00928792569659443,0.0320121951219512,0.984152139461173,0.0160513643659711,0.0417956656346749,0.278207109737249,0.0216049382716049,0,0.0306748466257669,0,0,0.0210843373493976,0,0.933846153846154,0.00156494522691706,0.0496124031007752,0.727272727272727,0.800627943485086,0.876524390243902,0.0847723704866562,0.00156985871271586,0.901081916537867,0,0,0.368916797488226,0.581081081081081,0.795827123695976,0.831578947368421,0.360629921259843,1,0.874613003095975,0.453416149068323,0.750392464678179,0.299079754601227,0.992211838006231,0,1,0.67246835443038,0,0.349768875192604,0.785074626865672,0.384012539184953,0.121351766513057,0.0136157337367625,0.0401284109149278,0.0190174326465927,0,0.0015625,0.458914728682171,0.584474885844749,0.00156985871271586,0.99400299850075,0.990853658536585,0.129133858267717,0,0,0.0326086956521739,0,0.885714285714286,0,0.0488188976377953,0,0.0265625,0,0.993893129770992,0.158139534883721,0,0.346394984326019,0.381901840490798,0.105919003115265,0,0,0.0710743801652893,0.0606508875739645,0.0138674884437596,0,0,1,0.776758409785933,0.493001555209953,0,0.567441860465116,0,0.0846645367412141,0,0.814992025518341,0.776234567901235,0,0.664556962025316,0.434312210200927,0.13914373088685,0.0367534456355283,0.224111282843895,1,0.0142630744849445,0.0872274143302181,0,0,0.0182094081942337,0,0,0.981191222570533,0.619344773790952,0,0,0.179245283018868,0.0667726550079491,0.0581929555895865,0.285496183206107,0.975609756097561,0.993680884676145,0.175925925925926,0.168908819133034,0,0.9859375,0.0344287949921753,0,0.0160513643659711,0.0443425076452599,0.934272300469484,0,0.998442367601246,0,0.533123028391167,0.922222222222222,0.901098901098901,0.895638629283489,0.304552590266876,0.901234567901235,0,0,0.240887480190174,0.0197568389057751,0,0,1,0,1,0,0.272012578616352,1,1,0.454545454545455,0.0421875,0.569678407350689,0,0.998420221169036,0.0509554140127389,0.00765696784073507,0,0.805337519623234,0.995454545454545,0.998435054773083,0.990853658536585,1,0,0,0.987596899224806,0.00462962962962963,0.00158730158730159,0.0245775729646697,0.00461538461538462,0,0.993798449612403,0.0108024691358025,1,1,0,0.993817619783617,0.0488549618320611,1,0.9140625,0.998482549317147,0.998435054773083
"120",0.229166666666667,0.22848200312989,0.243788819875776,0.272430668841762,0.222402597402597,0.217179902755267,0.317460317460317,0.255961844197138,0.242009132420091,0,0.235849056603774,0,0.537124802527646,0.231391585760518,0.765625,0.774494556765163,0,0.00634920634920635,0.239482200647249,0.250393700787402,0.731132075471698,0.790849673202614,0.25,0,0.274603174603175,0.681458003169572,0.742496050552923,0.231884057971014,0.641421947449768,0.470858895705521,0.766975308641975,0.481308411214953,0.431781701444623,0.710691823899371,0,0.227129337539432,0.00933125972006221,0.223950233281493,0.711246200607903,0.315217391304348,0,0.00473186119873817,0,0.227564102564103,0.409836065573771,0.792332268370607,0.566718995290424,0.76984126984127,0.617511520737327,0.785824345146379,0,0.237717908082409,0.698890649762282,0.226475279106858,0.304625199362041,0.778309409888357,0,0.264423076923077,0.250388802488336,0.320126782884311,0.707547169811321,0.656786271450858,0.771065182829889,0,0.343548387096774,0.4015625,0,0.236133122028526,0,0.756410256410256,0.347826086956522,0.782270606531882,0.786963434022258,0.221036585365854,0,0.495398773006135,0.755038759689923,0.619496855345912,0.315359477124183,0.723618090452261,0,0.464454976303318,0.741085271317829,0.223255813953488,0.777080062794348,0.305295950155763,0.231726283048211,0.273010920436817,0.259259259259259,0.00153374233128834,0.240322580645161,0.220839813374806,0,0,0.2508038585209,0,0.672985781990521,0.241269841269841,0,0,0.514376996805112,0,0.698564593301435,0.235668789808917,0.751159196290572,0.236928104575163,0.00157232704402516,0.241758241758242,0.779714738510301,0.781150159744409,0.768621236133122,0.2944,0.688188976377953,0.238993710691824,0,0.235478806907378,0.460567823343849,0,0.778649921507064,1,0,0.451298701298701,0.70125786163522,0.763665594855305,0.252336448598131,0.824534161490683,0.236391912908243,0.227987421383648,0,0.5671875,0.286833855799373,0.741100323624595,0.237864077669903,0,0.225806451612903,0.765337423312883,0,0.714511041009464,0.496038034865293,0.578175895765472,0,0,0.245669291338583,0.459119496855346,0.780487804878049,0.222929936305732,0.766929133858268,0.304897314375987,0.634460547504026,0.241538461538462,0.731907894736842,0.2375,0.229534510433387,0.383886255924171,0.227272727272727,0.77133655394525,0.215288611544462,0.774143302180685,0,0.475961538461538,0.323619631901841,0.240188383045526,0.765527950310559,0,0.221362229102167,0.599033816425121,0.237179487179487,0.237717908082409,0.223088923556942,0.674085850556439,0.242236024844721,0.769475357710652,0.26905132192846,0.77760736196319,0.311501597444089,0.641955835962145,0,0.238924050632911,0,0.368088467614534,0.223622047244094,0.808306709265176,0.225908372827804,0.276461295418641,0.223564954682779,0.267281105990783,0.781395348837209,0.66046511627907,0.303225806451613,0.287081339712919,0.758620689655172,0.758566978193146,0.253164556962025,0.304075235109718,0,0,0.695447409733124,0,0.228748068006182,0.738390092879257,0.304140127388535,0.426332288401254,0.23950233281493,0.631746031746032,0.772445820433437,0.691693290734824,0.276295133437991,0.259083728278041,0.30298273155416,0,0.328682170542636,0.735152487961477,0.2816,0.763578274760383,0.768992248062015,0.56418383518225,0.247619047619048,0.244131455399061,0.383886255924171,0.2390625,0.358520900321543,0,0.763975155279503,0.536434108527132,0.230524642289348,0,0.227414330218069,0.241221374045802,0.560250391236307,0.554858934169279,0.22488038277512,0.241491085899514,0.651898734177215,0,0.301857585139319,0.589905362776025,0.260586319218241,0.772151898734177,0.266666666666667,0.2272,0.227987421383648,0.274881516587678,0.588325652841782,0.771929824561403,0.260663507109005,0.56055900621118,0.765793528505393,0.754198473282443,0.721780604133545,0.782884310618067,0.740322580645161,0.465543644716692,0.776898734177215,0.781538461538462,0.7765625,0.551301684532925,0.7696,0.243285939968404,0.0016,0.764797507788162,0,0.69620253164557,0.224719101123595,0.254317111459969,0.305863708399366,0,0.301948051948052,0.380655226209048,0.487341772151899,0.554313099041534,0.598736176935229,0.7552,0.0015600624024961,0.219745222929936,0.725038402457757,0.490228013029316,0.259493670886076,0.770769230769231,0.436708860759494,0.770061728395062,0.750387596899225,0.230414746543779,0.239413680781759,0.3056,0,0.524922118380062,0.284565916398714,0,0.7671875,0.309006211180124,0.235576923076923,0,0.784126984126984,0.772151898734177,0.262658227848101,0.335987261146497,0.775409836065574,0,0.633173843700159,0.240829346092504,0.3953125,0.662974683544304,0.514516129032258,0.249612403100775,0.765923566878981,0.235294117647059,0.227202472952087,0.771565495207668,0.25434439178515,0.231629392971246,0.247172859450727,0.234076433121019,0.865625,0.678516228748068,0.688888888888889,0.234076433121019,0.284297520661157,0.0139751552795031,0.990384615384615,0.233974358974359,0.745283018867924,0.88719512195122,0.233974358974359,0.231746031746032,0.253543307086614,0.515248796147673,0.228527607361963,0.990536277602524,0.259433962264151,0.229166666666667,0,0.672360248447205,0.540453074433657,0.771293375394322,0.0186046511627907,0.773643410852713,0.29922480620155,0.771875,0.77151799687011,0,0.865625,0.231378763866878,0.770569620253165,0.23240589198036,0.251592356687898,0.23015873015873,0.6976,0.686998394863563,0.558213716108453,0.622549019607843,0,0.404458598726115,0.769828926905132,0.770864946889226,0.724247226624406,0.224719101123595,0.777258566978193,0,0.677672955974843,0.762128325508607,0.780952380952381,0.600633914421553,0.22662440570523,0.744444444444444,0.227868852459016,0.255485893416928,0,0.237160120845921,0.766871165644172,0.225609756097561,0.392405063291139,0.236842105263158,0.754746835443038,0.262422360248447,0.75748031496063,0.346394984326019,0.449760765550239,0.282170542635659,0.25,0.217115689381933,0.701421800947867,0.280952380952381,0.215288611544462,0.77526395173454,0.796557120500782,0.2272,0.224683544303797,0.715625,0.32967032967033,0.265139116202946,0.285488958990536,0.236024844720497,0,0.762135922330097,0.241758241758242,0.7712,0,0.250401284109149,0,0.792,0.224111282843895,0.243630573248408,0,0.512038523274478,0.6192,0.237942122186495,0.77511961722488,0.338211382113821,0.228070175438596,0.659235668789809,0.54773082942097,0.385964912280702,0,0.715873015873016,0.244766505636071,0.238546603475513,0.599688473520249,0.225352112676056,0.243781094527363,0.779874213836478,0,0.245398773006135,0.235576923076923,0.261417322834646,0.527131782945736,0.770700636942675,0.320695102685624,0.701726844583987,0.706754530477759,0,0.578861788617886,0.56140350877193,0.515873015873016,0,0.722488038277512,0.292721518987342,0.574102964118565,0.580893682588598,0.772247360482655,0,0,0.21765601217656,0.252307692307692,0,0.29264475743349,0.00158478605388273,0,0,0.236507936507937,0,0.258957654723127,0.393135725429017,0.569659442724458,0.212538226299694,0,0,0.225908372827804,0.260670731707317,0.492957746478873,0.772585669781931,0,0.304147465437788,0.532407407407407,0.21993670886076,0.552795031055901,0.67244094488189,0,0.242088607594937,0.780844155844156,0.269291338582677,0.78740157480315,0,0.755351681957186,0.769475357710652,0.687813021702838,0.251956181533646,0,0.264385692068429,0.236677115987461,0.225155279503106,0,0.7872,0.285714285714286,0.776119402985075,0.23374613003096,0.229938271604938,0.761609907120743,0.215625,0.683385579937304,0.377952755905512,0.762282091917591,0.738636363636364,0.270569620253165,0.00158478605388273,0.766295707472178,0.250391236306729,0.776337115072934,0.5376,0.589622641509434,0,0.740683229813665,0.426494345718901,0.691472868217054,0.246081504702194,0.774647887323944,0.735015772870662,0.752864157119476,0.283720930232558,0.313846153846154,0.265402843601896,0.477977161500816,0,0.24,0.771956856702619,0.251552795031056,0.643659711075441,0.776758409785933,0.230650154798762,0.2384,0.224842767295597,0.486486486486487,0.230171073094868,0.730283911671924,0.730210016155089,0.272870662460568,0.318818040435459,0,0,0.240506329113924,0.277511961722488,0.762820512820513,0.236883942766296,0.238021638330757,0.659305993690852,0.291866028708134,0.459807073954984,0.301075268817204,0,0.242088607594937,0.651757188498403,0.232704402515723,0.226415094339623,0,0.545166402535658,0.242375601926164,0.7696,0.515772870662461,0.690625,0.425954198473282,0.476874003189793,0.277862595419847,0.745038167938931,0.247172859450727,0.233176838810642,0.227769110764431,0.67524115755627,0.721183800623053,0.236677115987461,0.231481481481481,0,0.445300462249615,0.713607594936709,0.737169517884914,0.417721518987342,0.22992125984252,0.319554848966614,0.221350078492936,0.144171779141104,0.763458401305057,0,0.378205128205128,0.754716981132076,0.774447949526814,0.731554160125589,0,0.250393700787402,0.290171606864275,0.224683544303797,0.243076923076923,0.746456692913386,0.776729559748428,0,0,0.744783306581059,0.75516693163752,0.7504,0,0.762870514820593,0.229199372056515,0.328660436137072,0.686119873817035,0.2288,0.548183254344392,0.261075949367089,0.493044822256569,0.504601226993865,0,0.24390243902439,0.639291465378422,0.619047619047619,0.289473684210526,0.231240428790199,0.6359375,0,0.265210608424337,0.260802469135802,0,0.257274119448698,0.763322884012539,0.246329526916803,0.755134281200632,0,0.00154559505409583,0.612377850162866,0.359872611464968,0.771875,0.769105691056911,0.00158227848101266,0,0.438356164383562,0.781789638932496,0.226973684210526,0.711627906976744,0.243076923076923,0.772445820433437,0.673946957878315,0.676282051282051,0.330658105939005,0.792822185970636,0.761075949367089,0,0.762820512820513,0,0.235023041474654,0.639477977161501,0.225609756097561,0.780373831775701,0.223832528180354,0,0.567901234567901,0.64274322169059,0.210110584518167,0,0.234930448222566,0,0.67047308319739,0.239197530864198,0,0.488549618320611,0.252411575562701,0.4128,0.267942583732057,0.771875,0,0.228209191759113,0.81421647819063,0,0.483619344773791,0.770864946889226,0.777950310559006,0.229665071770335,0.218849840255591,0.238317757009346,0.248397435897436,0.244444444444444,0,0.243034055727554,0.0031496062992126,0.651702786377709,0.747648902821317,0.23015873015873,0.236133122028526,0.237795275590551,0.244897959183673,0.0347003154574132,0.7776,0.22824302134647,0.268217054263566,0.5140625,0.2398753894081,0.234741784037559,0.246130030959752,0,0,0.239329268292683,0,0.760188087774295,0.00158730158730159,0.259083728278041,0.747163695299838,0.703821656050955,0.726989079563182,0.305379746835443,0.00158478605388273,0.756289308176101,0.219242902208202,0.228706624605678,0.50390015600624,0.658646616541353,0.754545454545455,0.750382848392037,0.5,0.781931464174455,0.765354330708661,0.568,1,0.52803738317757,0.764612954186414,0,0.75,0.656401944894652,0.23482428115016,0.466876971608833,0.714064914992272,0.578616352201258,0.31201248049922,0.221362229102167,0.252873563218391,0.236593059936909,0.235864297253635,0.22866344605475,0.561014263074485,0.63349131121643,0.242566510172144,0.772247360482655,0.772093023255814,0.334920634920635,0.00154320987654321,0.243410852713178,0.265210608424337,0,0.789389067524116,0,0.274167987321712,0,0.256692913385827,0.227554179566563,0.768388106416275,0.369951534733441,0.230886850152905,0.484848484848485,0.5,0.314285714285714,0,0,0.274350649350649,0.285714285714286,0.233542319749216,0,0,0.769354838709677,0.975460122699387,0.717252396166134,0,0.624605678233438,0,0.278768233387358,0.2352,0.69935691318328,0.740625,0,0.692556634304207,0.522834645669291,0.361067503924647,0.2515625,0.423197492163009,0.764521193092622,0.229534510433387,0.0806962025316456,0.216346153846154,0,0.24191063174114,0,0.240384615384615,0.786392405063291,0.486356340288925,0,0,0.376971608832808,0.301612903225806,0.273993808049536,0.528682170542636,0.751914241960184,0.766192733017378,0.371382636655949,0.341013824884793,0,0.774244833068362,0.257911392405063,0,0.246753246753247,0.265243902439024,0.8125,0.0109034267912773,0.778662420382166,0.215625,0.603559870550162,0.747252747252747,0.749601275917065,0.76056338028169,0.51373182552504,0.784283513097072,0.233704292527822,0,0.463141025641026,0.246511627906977,0,0,0.770516717325228,0,0.769110764430577,0.240249609984399,0.477124183006536,0.7568,0.770833333333333,0.569620253164557,0.246329526916803,0.669303797468354,0.0078003120124805,0.768729641693811,0.0377049180327869,0.0109375,0,0.636075949367089,0.755795981452859,0.7648,0.770542635658915,0.772445820433437,0.0128410914927769,0.0125588697017268,0.7609375,0.0062402496099844,0.00318471337579618,0.028391167192429,0.00626959247648903,0.0142630744849445,0.774647887323944,0.0126984126984127,0.773095623987034,0.763492063492063,0.00802568218298555,0.777424483306836,0.0399385560675883,0.770670826833073,0.725118483412322,0.767080745341615,0.761829652996845
"121",0,0,0,0,0,0,0.0124416796267496,0.0015552099533437,0,1,0,1,0,0,0,0,1,0.98297213622291,0,0,0,0,0,1,0,0,0,0.00156985871271586,0,0,0,0,0.00154559505409583,0,1,0,0.981735159817352,0,0,0,1,0.981679389312977,0.993920972644377,0,0,0,0,0,0,0,1,0,0,0,0.0108191653786708,0,1,0,0.00305343511450382,0,0,0,0,1,0,0,1,0,1,0,0,0,0,0,1,0.0015015015015015,0,0,0.00156739811912226,0,1,0,0,0,0,0,0,0,0.00303951367781155,0.989457831325301,0,0,1,1,0,1,0.0166666666666667,0,0.992458521870287,0.990769230769231,0.00918836140888208,1,0,0,0,0,0.99079754601227,0.00306278713629403,0,0,0,0.0108024691358025,0,0,1,0,0,1,0,0,1,0.00153374233128834,0,0,0,0,0,0,1,0.00455235204855842,0,0,0,1,0,0,1,0,0,0.00623052959501558,1,1,0,0,0,0,0,0,0,0,0,0,0,0,0,0,0,0,1,0,0.00451807228915663,0,0,1,0,0,0,0,0,0,0,0,0,0,0.00155038759689922,0,1,0,1,0,0,0,0,0,0,0,0,0,0,0,0,0,0,0.0198776758409786,1,1,0,1,0,0,0.0093167701863354,0,0,0,0,0,0,0,0.00150829562594268,1,0,0,0,0,0,0.00305343511450382,0,0,0.00153846153846154,0,0,1,0,0,0,1,0,0,0.00304878048780488,0,0,0,0.0166666666666667,1,0.0104477611940299,0,0,0,0,0,0,0,0,0,0,0,0,0,0,0,0,0,0,0,0,0,0,0,0.990610328638498,0,1,0.0030441400304414,0,0,0,1,0,0.003003003003003,0,0,0,0,0.99079754601227,0,0,0,0,0,0,0,0,0,0,0.00938967136150235,1,0,0.0123456790123457,1,0,0.0106060606060606,0.00156494522691706,1,0,0,0,0,0,1,0.015220700152207,0,0,0,0,0,0,0,0,0,0,0,0,0,0,0,0,0.00310077519379845,0,0.943768996960486,0,0,0,0,0,0,0,0,0,0,0,0,1,0,0.00946372239747634,0,0.939759036144578,0,0,0,0,1,0,0,0,0,0,0,0,0,0,0,1,0,0,0,0,0,0,1,0,0,0,0.00309597523219814,0,0,0,0,1,0,0,0,0,0,0,0,0,0,0,0,0,0.00307219662058372,0,0,0,0,0,0,0,0,0,0,0,0,1,0,0,0,1,0,0.990654205607477,0,0,0,0.996923076923077,0.00615384615384615,0,0,0,0,0,0,0,0,1,0,0.00157232704402516,0,0,0,0,0,0.998466257668712,0,0,0,0,0,0.00465116279069767,0,0.0112903225806452,0.993808049535604,0,0,0,1,0,0.00152439024390244,0,0,0,1,1,0,0,1,0,0.990654205607477,1,1,0,1,0,0.00154320987654321,0.00447093889716841,0,1,1,0,0,0,0,0.996850393700787,0.0152671755725191,0,0,0,0,1,0,0,0.00155763239875389,0,1,0,0,0,0.00151285930408472,1,0,0,0,1,0,0,0,0,0,0,0,0,0,0,0.00156494522691706,0,0.9921875,0,0,0,0,0.0109546165884194,1,0,0.00313971742543171,0,0,0,0,0,0,0,0,0,1,0,0,0,0.00470219435736677,0,0,0,0,0,0,0,0,0,0.012326656394453,1,1,0,0,0,0,0,0,0,0,0.0135135135135135,1,0,0.0153609831029186,0,0,1,0,0,0,0.00155038759689922,0,0,0,0,0,0.00315457413249211,0,0,0.0126782884310618,0.0261136712749616,0,0,0.993939393939394,0,0,0,0,0,0,0,0.771558245083207,0,1,0.0015527950310559,0,0,0,1,0,0,0,0,0,0,1,1,0,0,0,1,0,0,0.574660633484163,0,0,0.0060790273556231,0,0,0,1,0,0,0,0.00596125186289121,0,0,0.990839694656489,0,0,1,0.00150602409638554,0,0,0,1,0.993874425727412,0,0,0,0,0.990867579908676,1,0,0,0,0,0,0,0,0,0.00471698113207547,0,0,0.998473282442748,0,1,0,0.161695447409733,0.00148367952522255,0,0,1,0,0,0,1,0,1,0,0,1,0.0180995475113122,0,0,0.00154320987654321,0,1,0,0,1,0,0,0,0,0,0,0.00305810397553517,0.00154083204930663,1,0,0.980182926829268,0.0166666666666667,0,0,0,0,0,0.921658986175115,0,0,0,0,0,0,0,1,1,0,1,0,1,0,0,0,0,0,0.998482549317147,0,0,0,0,0,0,0,0,0,0,0,0,0,0,1,0,0.0173228346456693,0,0.0291858678955453,0,0,0.00460829493087558,0,0,0,0,0,0,0,0,0,0,0.00307219662058372,0.990990990990991,0,0,1,0,1,0,1,0,0,0,0,0,0.0015625,0,0.013953488372093,1,1,0,0,0,1,1,0,0,0,1,0,1,0,0,0.0373250388802488,0,1,0,0,0,0,0,0,0,0.906584992343032,0,1,0,0.992319508448541,0,0,0.377151799687011,1,1,0.00151515151515152,0,0.00754147812971342,0,0,0,0,0,1,0,0,1,0,0,0,0.952743902439024,0,0,0,0,0,0,0,0,0,1,0,0,0.995334370139969,1,0,1,0,0,0,0,0,0.00312989045383412,0.00464396284829721,0,0.946889226100152,0,0.895569620253165,0.974085365853659,1,0.160436137071651,0,0,0.00602409638554217,0,0.944530046224962,0.935975609756098,0,0.978428351309707,0.993690851735016,0.955521472392638,0.973886328725038,0.934250764525994,0,0.971080669710807,0,0,0.948194662480377,0,0.926093514328808,0,0.0476923076923077,0,0
"122",0.778135048231511,0.751937984496124,0.796557120500782,0.789308176100629,0.771986970684039,0.767741935483871,0.801901743264659,0.778309409888357,0.774494556765163,0.00161030595813205,0.773524720893142,0.0015748031496063,0.712732919254658,0.7568,0.291798107255521,0.2578125,0.00151057401812689,0.0127186009538951,0.767628205128205,0.782131661442006,0.377567140600316,0.262057877813505,0.758190327613105,0.00157728706624606,0.785826771653543,0.4528,0.328025477707006,0.756843800322061,0.673374613003096,0.717592592592593,0.241960183767228,0.816037735849057,1,0.453834115805947,0.00155763239875389,0.763116057233704,0.021875,0.765527950310559,0.469418960244648,0.771028037383178,0,0.0108527131782946,0.00467289719626168,0.7696,0.744849445324881,0.266982622432859,0.621794871794872,0.224165341812401,0.596676737160121,0.362095531587057,0.00154559505409583,0.769230769230769,0.461059190031153,0.768253968253968,0.7712,0.389507154213037,0.0016366612111293,0.757624398073836,0.777258566978193,0.848765432098765,0.470125786163522,0.629107981220657,0.236044657097289,0.00161550888529887,0.801292407108239,0.79874213836478,0.00159235668789809,0.755555555555556,0.00158982511923688,0.225396825396825,0.738244514106583,0.243410852713178,0.255451713395639,0.776049766718507,0,0.865740740740741,0.281733746130031,0.742496050552923,0.861513687600644,0.466442953020134,0.00157977883096367,0.792248062015504,0.443076923076923,0.761240310077519,0.344391785150079,0.796296296296296,0.76791277258567,0.784037558685446,0.763157894736842,0.00618238021638331,0.774647887323944,0.761006289308176,0.00157232704402516,0.00157232704402516,0.77207062600321,0,0.488076311605723,0.765258215962441,0.00315955766192733,0.00478468899521531,0.708661417322835,0.0015625,0.479166666666667,0.759229534510433,0.319444444444444,0.758842443729904,0.008,0.773311897106109,0.242088607594937,0.237048665620094,0.240249609984399,0.784126984126984,0.533123028391167,0.756211180124224,0.00160513643659711,0.777429467084639,0.816745655608215,0.00155763239875389,0.236507936507937,0.451298701298701,0.00153374233128834,1,0.468847352024922,0.305466237942122,0.776729559748428,0.372670807453416,0.762422360248447,0.763779527559055,0.00157728706624606,0.674528301886792,0.77602523659306,0.620355411954766,0.7568,0.00156985871271586,0.75487012987013,0.241758241758242,0.00154798761609907,0.438110749185668,0.671383647798742,0.669934640522876,0.0016025641025641,0.00159489633173844,0.774803149606299,0.816455696202532,0.402555910543131,0.751592356687898,0.229793977812995,0.771384136858476,0.583465818759936,0.771822358346095,0.362179487179487,0.762052877138414,0.770096463022508,0.7421875,0.762790697674419,0.220285261489699,0.743348982785602,0.237341772151899,0.0015625,0.810509554140127,0.834108527131783,0.782677165354331,0.2515625,0.0015527950310559,0.764079147640791,0.596214511041009,0.762767710049423,0.767550702028081,0.758513931888545,0.452307692307692,0.773228346456693,0.251582278481013,0.763157894736842,0.246969696969697,0.840694006309148,0.534375,0.00161550888529887,0.767405063291139,0.00156739811912226,0.782334384858044,0.7765625,0.330658105939005,0.781733746130031,0.776911076443058,0.767584097859327,0.768518518518518,0.33489827856025,0.556589147286822,0.790322580645161,0.784469096671949,0.270735524256651,0.233846153846154,0.773524720893142,0.792569659442725,0,0,0.509615384615385,0.00156739811912226,0.761978361669243,0.472613458528951,0.787974683544304,0.746543778801843,0.763277693474962,0.583201267828843,0.587677725118483,0.5,0.75,0.764331210191083,0.874418604651163,0.00157977883096367,0.756329113924051,0.408566721581549,0.790143084260731,0.237261146496815,0.302936630602782,0.660910518053375,0.7625,0.773700305810398,0.973561430793157,0.765163297045101,0.844236760124611,0.00157728706624606,0.310509554140127,0.794435857805255,0.766129032258065,0.00157977883096367,0.761310452418097,0.781733746130031,0.669278996865204,0.640944881889764,0.764705882352941,0.762987012987013,0.547619047619048,0.00161550888529887,0.805900621118012,0.7104,0.789126853377265,0.233333333333333,0.780821917808219,0.764044943820225,0.759055118110236,0.794258373205742,0.61189358372457,0.253205128205128,0.783570300157978,0.638801261829653,0.234567901234568,0.232449297971919,0.373817034700315,0.223101265822785,0.378205128205128,0.684931506849315,0.225,0.239811912225705,0.256568778979907,0.689922480620155,0.263591433278418,0.78343949044586,0.00642054574638844,0.238244514106583,0.00153846153846154,0.434294871794872,0.767145135566188,0.77602523659306,0.763608087091757,0.00153609831029186,0.839344262295082,0.764615384615385,0.801872074882995,0.764797507788162,0.641838351822504,0.577952755905512,0.0077639751552795,0.745980707395498,0.331269349845201,0.801932367149758,0.79073482428115,0.241758241758242,0.753184713375796,0.233438485804416,0.347286821705426,0.766153846153846,0.755700325732899,0.786407766990291,0.00153139356814701,0.723502304147465,0.788709677419355,0.00158478605388273,0.231481481481481,0.783742331288344,0.773228346456693,0,0.248447204968944,0.2265625,0.784,0.855784469096672,0.238325281803543,0,0.563091482649842,0.785031847133758,0.779160186625194,0.554347826086957,0.731746031746032,0.769349845201238,0.241324921135647,0.763440860215054,0.752755905511811,0.242375601926164,0.797169811320755,0.763116057233704,0.772357723577236,0.770897832817337,0.400313971742543,0.487538940809969,0.492935635792779,0.776872964169381,0.783606557377049,0.0423197492163009,0.473515248796148,0.788491446345257,0.359375,0.495426829268293,0.770932069510269,0.76031746031746,0.784496124031008,0.807383627608347,0.761538461538461,0.448657187993681,0.780525502318393,0.757527733755943,0.00157232704402516,0.505392912172573,0.658653846153846,0.25,0.0417956656346749,0.238310708898944,0.762870514820593,0.255813953488372,0.232704402515723,0.00153609831029186,0.44496855345912,0.76038338658147,0.301391035548686,0.781094527363184,0.787638668779715,0.782193958664547,0.508716323296355,0.492706645056726,0.789889415481833,0.599009900990099,0,0.84375,0.237366003062787,0.266355140186916,0.406885758998435,0.760450160771704,0.2432,0.00157728706624606,0.509287925696594,0.238170347003155,0.233974358974359,0.655007949125596,0.7504,0.480582524271845,0.752012882447665,0.7734375,0.0015600624024961,0.765060240963855,0.223787167449139,0.758887171561051,0.834905660377358,0.773524720893142,0.247244094488189,0.772445820433437,0.229559748427673,0.762790697674419,0.747967479674797,0.774844720496894,0.786046511627907,0.755038759689923,0.489827856025039,0.780564263322884,0.756880733944954,0.246913580246914,0.250793650793651,0.762282091917591,0.767550702028081,0.510140405616225,0.772370486656201,0.767213114754098,0.804347826086957,0.753918495297806,0.00162074554294976,0.320512820512821,0.761755485893417,0.238924050632911,0.00159744408945687,0.797147385103011,0.00486223662884927,0.27831715210356,0.7671875,0.779904306220096,0.00315955766192733,0.695374800637959,0.585209003215434,0.774038461538462,0.221138211382114,0.745253164556962,0.76537216828479,0.594294770206022,0.681889763779528,0.809983896940419,0.0016025641025641,0.389589905362776,0.791666666666667,0.775157232704403,0.579277864992151,0.773584905660377,0.749590834697218,0.262578616352201,0,0.770800627943485,0.775477707006369,0.784345047923323,0.793846153846154,0.235015772870662,0.832807570977918,0.437795275590551,0.393989983305509,0.00316957210776545,0.802884615384615,0.664556962025316,0.6859375,0.0015527950310559,0.473101265822785,0.826833073322933,0.8125,0.671339563862928,0.306766917293233,0.0015552099533437,0.00154320987654321,0.757894736842105,0.769347496206373,0,0.762422360248447,0.0032,0.00153609831029186,0.00161030595813205,0.77337559429477,0.0015625,0.770465489566613,0.733124018838305,0.661538461538462,0.765069551777434,0.00159744408945687,0.00158982511923688,0.774603174603175,0.780152671755725,0.880434782608696,0.23780487804878,0.00159744408945687,0.77947932618683,0.6953125,0.769828926905132,0.635367762128325,0.522508038585209,0.0015600624024961,0.766355140186916,0.242472266244057,0.799674267100977,0.316129032258064,0.00154559505409583,0.232522796352584,0.345541401273885,0.580165289256198,0.7601246105919,0.0015748031496063,0.784829721362229,0.771653543307087,0.772093023255814,0.0016,0.313001605136437,0.774834437086093,0.222405271828666,0.761310452418097,0.752307692307692,0.234645669291339,0.757097791798107,0.513428120063191,0.777080062794348,0.248826291079812,0.373608903020668,0.792063492063492,0.00476190476190476,0.240683229813665,0.78003120124805,0.262214983713355,0.824959481361426,0.577287066246057,0.00155763239875389,0.323529411764706,0.871382636655949,0.484662576687117,0.77337559429477,0.227987421383648,0.372056514913658,0.587064676616915,0.790951638065523,0.852760736196319,0.791139240506329,0.857142857142857,0.0016025641025641,0.782208588957055,0.2326656394453,0.764430577223089,0.565428109854604,0.235658914728682,0.758887171561051,0.782193958664547,0.749211356466877,0.686708860759494,0.781102362204724,0.359677419354839,0.3984,0.759811616954474,0.79080824088748,0.00151745068285281,0,0.769108280254777,0.765957446808511,0.254838709677419,0.784345047923323,0.788643533123028,0.558544303797468,0.778140293637847,0.722662440570523,0.786707882534776,0,0.77207062600321,0.5232,0.764430577223089,0.765354330708661,0.00151515151515152,0.748417721518987,0.7856,0.230283911671924,0.829073482428115,0.529042386185243,0.81089258698941,0.75,0.789230769230769,0.31937984496124,0.768488745980707,0.769230769230769,0.803858520900322,0.506451612903226,0.308892355694228,0.783489096573209,0.762422360248447,0.00465116279069767,0.807153965785381,0.581143740340031,0.457943925233645,0.802816901408451,0.758620689655172,0.75516693163752,0.768273716951788,0.165891472868217,0.232899022801303,0.0015625,0.929936305732484,0.238473767885533,0.233494363929147,0.471786833855799,0.00157232704402516,0.778471138845554,0.807395993836672,0.767772511848341,0.758566978193146,0.329113924050633,0.25518341307815,0.00150829562594268,0.00157232704402516,0.393548387096774,0.308917197452229,0.379527559055118,0,0.239370078740157,0.753532182103611,0.111455108359133,0.501597444089457,0.762738853503185,0.695384615384615,0.7504,0.73015873015873,0.698776758409786,0.00155763239875389,0.763277693474962,0.570739549839228,0.637958532695375,0.807153965785381,0.771875,0.540157480314961,0.00622083981337481,0.784591194968553,0.792944785276074,0.00157232704402516,0.758409785932722,0.241758241758242,0.773246329526917,0.55188679245283,0,0.00471698113207547,0.66334991708126,0.82780410742496,0.240126382306477,0.351910828025478,0.0062111801242236,0,0.726027397260274,0.246081504702194,0.763245033112583,0.522480620155039,0.764705882352941,0.239393939393939,0.508607198748044,0.498402555910543,0.864649681528662,0.319218241042345,0.233908948194662,0,0.268987341772152,0.00155763239875389,0.770061728395062,0.231511254019293,0.778963414634146,0.233704292527822,0.763371150729335,0.00153609831029186,0.67624810892587,0.668810289389068,0.762052877138414,0.00161812297734628,0.761609907120743,0.00161030595813205,0.57258064516129,0.770440251572327,0.00154083204930663,0.702954898911353,0.781499202551834,0.713836477987421,0.802907915993538,0.278461538461538,0.00157977883096367,0.759170653907496,0.450320512820513,0.00153846153846154,0.811320754716981,0.228787878787879,0.258970358814353,0.764135702746365,0.766881028938907,0.760736196319018,0.763492063492063,0.766129032258065,0.00157232704402516,0.762360446570973,0.0171073094867807,0.535384615384615,0.482758620689655,0.766355140186916,0.765354330708661,0.775038520801233,0.776212832550861,0.062111801242236,0.253943217665615,0.762767710049423,0.784037558685446,0.832298136645963,0.766457680250784,0.767660910518053,0.785602503912363,0.0015552099533437,0.00152905198776758,0.77217125382263,0.00153609831029186,0.289877300613497,0.00158478605388273,0.779365079365079,0.455128205128205,0.430894308943089,0.340062111801242,0.801282051282051,0.00313971742543171,0.320813771517997,0.75,0.772585669781931,0.702702702702703,0.599697885196375,0.440601503759398,0.385093167701863,0.683788121990369,0.229102167182663,0.358024691358025,0.663492063492063,0.4679186228482,0.844236760124611,0.23696682464455,0.00156494522691706,0.234645669291339,0.514563106796116,0.763754045307443,0.676609105180534,0.438167938931298,0.805900621118012,0.852941176470588,0.751937984496124,0.816225165562914,0.7696,0.773524720893142,0.764150943396226,0.6671875,0.583724569640063,0.758730158730159,0.244615384615385,0.234662576687117,0.861154446177847,0.0077639751552795,0.766871165644172,0.7640625,0.00159489633173844,0.353420195439739,0.00156985871271586,0.788888888888889,0,0.791068580542265,0.761755485893417,0.234206471494607,0.771929824561403,0.767692307692308,0.715890850722311,0.671899529042386,0.789727126805779,0.00158227848101266,0.00159744408945687,0.797716150081566,0.769113149847095,0.768160741885626,0.00153609831029186,0,0.232633279483037,0.442040185471406,0.60702875399361,0.00157232704402516,0.628125,0.0015625,0.761146496815287,0.766295707472178,0.377207062600321,0.477657935285054,0.0015527950310559,0.502377179080824,0.66403785488959,0.771565495207668,0.774343122102009,0.746875,0.242236024844721,0.79126213592233,0.0398724082934609,0.761120263591433,0,0.765069551777434,0.00469483568075117,0.756843800322061,0.254746835443038,0.161858974358974,0.00153139356814701,0.0016025641025641,0.912363067292645,0.794165316045381,0.795631825273011,0.711811023622047,0.248475609756098,0.233070866141732,0.729559748427673,0.717357910906298,0.00161550888529887,0.236677115987461,0.774091627172196,0,0.755591054313099,0.791021671826625,0.29595015576324,0.0248833592534992,0.228615863141524,0.759630200308166,0.614516129032258,0.293375394321767,0.348460291734198,0.3578125,0.893719806763285,0.322085889570552,0.772292993630573,0.00154798761609907,0.798092209856916,0.769230769230769,0.00317460317460317,0.00157232704402516,0.231003039513678,0,0.247663551401869,0.754224270353303,0.7104,0.22866344605475,0.231629392971246,0.686274509803922,0.795918367346939,0.654743390357698,0.0373250388802488,0.227053140096618,0.0581583198707593,0.0234009360374415,0.0015748031496063,0.21669341894061,0.227480916030534,0.228295819935691,0.252336448598131,0.229329173166927,0.0336,0.040625,0.248037676609105,0.0237341772151899,0.00815660685154975,0.0410094637223975,0.0262345679012346,0.0430769230769231,0.2609375,0.0277349768875193,0.247987117552335,0.241758241758242,0.0319488817891374,0.231132075471698,0.04,0.244094488188976,0.261682242990654,0.24390243902439,0.230647709320695
"123",0.253943217665615,0.2574568288854,0.267281105990783,0.310236220472441,0.24025974025974,0.236421725239617,0.329635499207607,0.277165354330709,0.244582043343653,0,0.243328100470958,0,0.578864353312303,0.246835443037975,0.748031496062992,0.762578616352201,0,0.00467289719626168,0.245954692556634,0.259938837920489,0.920062695924765,0.743178170144462,0.260736196319018,0,0.305810397553517,0.689984101748808,0.783227848101266,0.249602543720191,0.690658499234303,0.486902927580894,0.756548536209553,0.520504731861199,0.456112852664577,0.665629860031104,0,0.240506329113924,0.0153609831029186,0.23728813559322,0.840909090909091,0.321100917431193,0.00159235668789809,0.0015600624024961,0.00154559505409583,0.24483306836248,0.445337620578778,0.761453396524487,0.590266875981162,0.765451664025357,0.624808575803982,0.742283950617284,0,0.255485893416928,0.823161189358372,0.245253164556962,0.334935897435897,0.749201277955272,0,0.265723270440252,0.274143302180685,0.361934477379095,0.678071539657854,0.702453987730061,0.75,0,0.348314606741573,0.421553090332805,0,0.244548286604361,0,0.744408945686901,0.337442218798151,0.741486068111455,0.762578616352201,0.241960183767228,0,0.514503816793893,0.766355140186916,0.558502340093604,0.350961538461538,0.71356783919598,0,0.506153846153846,0.708898944193062,0.238759689922481,0.759259259259259,0.338485316846986,0.243710691823899,0.269230769230769,0.270769230769231,0,0.262090483619345,0.25194401244168,0,0,0.270700636942675,0,0.830482115085537,0.254290171606864,0.00154559505409583,0.00157977883096367,0.625786163522013,0,0.863924050632911,0.243548387096774,0.855007473841555,0.238782051282051,0,0.268330733229329,0.766457680250784,0.760432766615147,0.765243902439024,0.313971742543171,0.663507109004739,0.251162790697674,0,0.268217054263566,0.497681607418856,0,0.751152073732719,0.70125786163522,0,0.468847352024922,1,0.761674718196457,0.265723270440252,0.734883720930233,0.236363636363636,0.25625,0,0.6890625,0.30298273155416,0.611821086261981,0.264090177133655,0,0.249597423510467,0.76,0,0.976114649681529,0.503095975232198,0.707792207792208,0,0,0.269170579029734,0.488993710691824,0.734920634920635,0.228070175438596,0.74565560821485,0.312597200622084,0.623164763458401,0.253048780487805,0.90224358974359,0.2574568288854,0.242811501597444,0.358255451713396,0.235747303543914,0.737942122186495,0.244548286604361,0.754716981132076,0,0.496025437201908,0.366818873668189,0.245723172628305,0.747678018575851,0,0.241221374045802,0.654028436018957,0.241157556270096,0.253125,0.237577639751553,0.649016641452345,0.281055900621118,0.764890282131661,0.275650842266462,0.750380517503805,0.326530612244898,0.661042944785276,0,0.251920122887865,0,0.364485981308411,0.247663551401869,0.758785942492013,0.271186440677966,0.296296296296296,0.262917933130699,0.278207109737249,0.771384136858476,0.645161290322581,0.315112540192926,0.303514376996805,0.783825816485226,0.755102040816326,0.26813880126183,0.352574102964119,0,0,0.957210776545166,0.0015625,0.248085758039816,0.717156105100464,0.349436392914654,0.43944099378882,0.25609756097561,0.812006319115324,0.647515527950311,0.943910256410256,0.286392405063291,0.262992125984252,0.353395061728395,0,0.358730158730159,0.941747572815534,0.285714285714286,0.756671899529042,0.752671755725191,0.709230769230769,0.262992125984252,0.267281105990783,0.406593406593407,0.248833592534992,0.358044164037855,0,0.754250386398764,0.551671732522796,0.259026687598116,0,0.253414264036419,0.261654135338346,0.665109034267913,0.542452830188679,0.255924170616114,0.245192307692308,0.803486529318542,0,0.334876543209877,0.601880877742947,0.276252019386107,0.750778816199377,0.274242424242424,0.23015873015873,0.251177394034537,0.291798107255521,0.570336391437309,0.7632,0.277089783281734,0.579352850539291,0.761398176291793,0.750759878419453,0.686821705426357,0.758675078864353,0.916271721958926,0.570992366412214,0.753943217665615,0.747648902821317,0.7515625,0.649390243902439,0.7491961414791,0.263823064770932,0.00159235668789809,0.754658385093168,0,0.872037914691943,0.262738853503185,0.263823064770932,0.327073552425665,0,0.365814696485623,0.381538461538462,0.503852080123267,0.548837209302326,0.620472440944882,0.60377358490566,0.00154083204930663,0.23696682464455,0.858695652173913,0.523349436392915,0.2765625,0.760802469135803,0.467289719626168,0.761310452418097,0.742635658914729,0.255742725880551,0.243156199677939,0.330658105939005,0,0.598173515981735,0.333333333333333,0,0.757763975155279,0.324655436447167,0.259026687598116,0,0.772585669781931,0.76,0.268867924528302,0.368503937007874,0.768987341772152,0,0.799684542586751,0.248826291079812,0.45679012345679,0.639625585023401,0.5472,0.275808936825886,0.751962323390895,0.248484848484848,0.24294670846395,0.755451713395639,0.279874213836478,0.247261345852895,0.2704,0.242236024844721,0.735849056603774,0.826356589147287,0.934681181959565,0.266666666666667,0.293460925039872,0.0123647604327666,0.714511041009464,0.276995305164319,0.724569640062598,0.676204819277108,0.255451713395639,0.249602543720191,0.272585669781931,0.544303797468354,0.234303215926493,0.701754385964912,0.289230769230769,0.2224,0,0.802163833075734,0.690705128205128,0.7546875,0.015600624024961,0.743076923076923,0.306477093206951,0.72782874617737,0.757296466973886,0,0.722397476340694,0.252764612954186,0.74884437596302,0.2624,0.290171606864275,0.258267716535433,0.968152866242038,0.963434022257552,0.503125,0.60392798690671,0,0.417582417582418,0.76036866359447,0.739197530864197,0.873831775700935,0.248826291079812,0.76049766718507,0,0.809968847352025,0.761102603369066,0.771653543307087,0.627906976744186,0.254263565891473,0.692926045016077,0.247540983606557,0.262243285939968,0,0.257731958762887,0.74537037037037,0.25114854517611,0.404423380726698,0.258426966292135,0.773940345368917,0.267175572519084,0.746932515337423,0.348623853211009,0.484992101105845,0.306027820710974,0.266975308641975,0.240740740740741,0.937888198757764,0.284820031298905,0.243491577335375,0.746969696969697,0.760188087774295,0.241491085899514,0.245775729646697,0.666139240506329,0.342592592592593,0.270531400966184,0.283763277693475,0.251920122887865,0,0.736507936507937,0.234375,0.751173708920188,0,0.27892234548336,0.00160771704180064,0.752827140549273,0.250377073906486,0.268445839874411,0.00158982511923688,0.619047619047619,0.630914826498423,0.27591706539075,0.753968253968254,0.334389857369255,0.257234726688103,0.732594936708861,0.621538461538461,0.439370078740157,0,0.923664122137405,0.266990291262136,0.259493670886076,0.613953488372093,0.24031007751938,0.259075907590759,0.756671899529042,0,0.274570982839314,0.24685534591195,0.280564263322884,0.491525423728814,0.763406940063092,0.356466876971609,0.716951788491446,0.790969899665552,0.0015625,0.559808612440191,0.559429477020602,0.544881889763779,0,0.704180064308682,0.3125,0.534668721109399,0.574730354391371,0.737388724035608,0,0,0.233532934131737,0.258409785932722,0,0.314152410575428,0,0,0,0.229067930489731,0,0.265700483091787,0.4796875,0.701834862385321,0.249617151607963,0,0,0.253894080996885,0.285280728376328,0.504601226993865,0.754250386398764,0,0.344563552833078,0.633956386292835,0.246894409937888,0.572085889570552,0.663551401869159,0,0.248456790123457,0.752827140549273,0.286163522012579,0.739336492890995,0,0.772657450076805,0.738019169329074,0.590082644628099,0.262751159196291,0,0.301059001512859,0.2609375,0.23374613003096,0,0.757433489827856,0.281045751633987,0.769726247987118,0.24191063174114,0.239938080495356,0.752321981424149,0.231366459627329,0.960998439937597,0.419152276295133,0.756289308176101,0.891025641025641,0.283255086071987,0.00158227848101266,0.759316770186335,0.259426847662142,0.755267423014587,0.561904761904762,0.620689655172414,0,0.79153605015674,0.465709728867624,1,0.26530612244898,0.754716981132076,0.757763975155279,0.621753246753247,0.287250384024578,0.347496206373293,0.280757097791798,0.447325769854133,0,0.255054432348367,0.760061919504644,0.265079365079365,0.796084828711256,0.756134969325153,0.233281493001555,0.247261345852895,0.22706065318818,0.494539781591264,0.262910798122066,0.890965732087227,0.933962264150943,0.30298273155416,0.339477726574501,0,0,0.249216300940439,0.298076923076923,0.766192733017378,0.271268057784912,0.26791277258567,0.896604938271605,0.315705128205128,0.529133858267717,0.322188449848024,0,0.274603174603175,0.817749603803486,0.2484375,0.236842105263158,0,0.558730158730159,0.264659270998415,0.752755905511811,0.491392801251956,0.6234375,0.423780487804878,0.50314465408805,0.280728376327769,0.741935483870968,0.253205128205128,0.240249609984399,0.264705882352941,0.823248407643312,0.767550702028081,0.245283018867925,0.232771822358346,0.00154083204930663,0.446345256609642,0.631415241057543,0.694189602446483,0.444617784711388,0.245696400625978,0.316957210776545,0.255742725880551,0.168970814132104,0.756843800322061,0,0.425431711145997,0.761904761904762,0.746835443037975,0.70125786163522,0,0.270440251572327,0.3125,0.245022970903522,0.251170046801872,0.752351097178683,0.761609907120743,0,0,0.894654088050314,0.76984126984127,0.738924050632911,0,0.753894080996885,0.238461538461538,0.314589665653495,0.950871632329635,0.255555555555556,0.647515527950311,0.275752773375594,0.519319938176198,0.541158536585366,0,0.236722306525038,0.834920634920635,0.742811501597444,0.314112291350531,0.253048780487805,0.776416539050536,0.0015527950310559,0.289514866979656,0.280060882800609,0,0.277439024390244,0.761609907120743,0.252818035426731,0.621913580246914,0,0.0015552099533437,0.737704918032787,0.418006430868167,0.757763975155279,0.736263736263736,0.00153846153846154,0.00161290322580645,0.438066465256798,0.760629921259843,0.232673267326733,0.688271604938272,0.245022970903522,0.751145038167939,0.627118644067797,0.659744408945687,0.368253968253968,0.750809061488673,0.757763975155279,0.00156494522691706,0.758675078864353,0,0.250379362670713,0.654895666131621,0.274096385542169,0.766773162939297,0.250793650793651,0,0.579268292682927,0.676145339652449,0.250386398763524,0,0.255023183925811,0,0.653721682847896,0.256923076923077,0,0.577639751552795,0.257861635220126,0.433962264150943,0.2928,0.758409785932722,0,0.244514106583072,0.684627575277338,0,0.519561815336463,0.745068285280728,0.755417956656347,0.249206349206349,0.245614035087719,0.243788819875776,0.269662921348315,0.269413629160063,0,0.27639751552795,0.0046583850931677,0.820754716981132,0.686427457098284,0.253086419753086,0.245341614906832,0.257621951219512,0.256923076923077,0.0539291217257319,0.764612954186414,0.26580226904376,0.28129829984544,0.48698315467075,0.262672811059908,0.238828967642527,0.273148148148148,0,0,0.26969696969697,0,0.750764525993884,0.0015552099533437,0.277258566978193,0.681672025723473,0.731012658227848,0.799691833590139,0.302652106084243,0.0015552099533437,0.838509316770186,0.25,0.249617151607963,0.549363057324841,0.809309309309309,0.726726726726727,0.725880551301684,0.516693163751987,0.756965944272446,0.726006191950464,0.688372093023256,0.70429252782194,0.5,0.753510140405616,0,0.75195007800312,0.822115384615385,0.245557350565428,0.578461538461538,0.909647779479326,0.551617873651772,0.345679012345679,0.256880733944954,0.296774193548387,0.255150554675119,0.258320126782884,0.256692913385827,0.552590266875981,0.63482280431433,0.25,0.760119940029985,0.749235474006116,0.372854914196568,0.00153374233128834,0.246223564954683,0.260869565217391,0,0.752791068580542,0,0.279434850863422,0,0.264797507788162,0.242283950617284,0.764615384615385,0.380726698262243,0.238461538461538,0.589540412044374,0.619783616692427,0.34384858044164,0,0,0.310679611650485,0.304932735426009,0.266666666666667,0,0,0.748387096774194,0.717156105100464,0.595576619273302,0,0.625192012288787,0,0.3,0.243710691823899,0.753184713375796,0.713622291021672,0,0.676236044657097,0.546875,0.352574102964119,0.276497695852535,0.475667189952904,0.761609907120743,0.256,0.0864,0.253205128205128,0,0.261868300153139,0,0.237560192616372,0.753993610223642,0.460567823343849,0,0,0.384375,0.297939778129952,0.29249617151608,0.486196319018405,0.764795144157815,0.746456692913386,0.358695652173913,0.356707317073171,0,0.750783699059561,0.276827371695179,0,0.251993620414673,0.287925696594427,0.760697305863708,0.0123076923076923,0.7453125,0.242283950617284,0.589540412044374,0.741324921135647,0.743178170144462,0.731669266770671,0.535885167464115,0.733024691358025,0.250391236306729,0,0.492957746478873,0.256568778979907,0,0,0.764350453172205,0,0.755134281200632,0.245723172628305,0.484702093397746,0.768370607028754,0.752380952380952,0.691437802907916,0.288611544461778,0.704866562009419,0.0124804992199688,0.754019292604502,0.0589171974522293,0.0124031007751938,0,0.632492113564669,0.746200607902736,0.753918495297806,0.755795981452859,0.761609907120743,0.0126782884310618,0.015552099533437,0.74806800618238,0.0139103554868624,0.0016025641025641,0.0366412213740458,0.0184899845916795,0.0108695652173913,0.761526232114467,0.0247295208655332,0.75767366720517,0.762790697674419,0.012779552715655,0.748019017432647,0.0572289156626506,0.752721617418352,0.710526315789474,0.759818731117825,0.752351097178683
"124",0.0805921052631579,0.0769230769230769,0.095389507154213,0.136065573770492,0.0918032786885246,0.0801963993453355,0.173354735152488,0.107615894039735,0.0766773162939297,0,0.0826580226904376,0,0.464454976303318,0.0780487804878049,0.886914378029079,0.935379644588045,0,0.00162866449511401,0.0754098360655738,0.0925039872408294,0.811708860759494,0.903973509933775,0.0846645367412141,0,0.12241653418124,0.74481658692185,0.934747145187602,0.0822368421052632,0.5640625,0.362760834670947,0.931089743589744,0.369774919614148,0.306946688206785,0.819935691318328,0,0.072463768115942,0.00480769230769231,0.0801282051282051,0.753918495297806,0.166931637519873,0,0,0,0.0814332247557003,0.286423841059603,0.915857605177994,0.552504038772213,0.919275123558484,0.572769953051643,0.828125,0,0.0941558441558442,0.744372990353698,0.0838709677419355,0.172638436482085,0.824302134646962,0,0.101973684210526,0.1,0.179936305732484,0.824561403508772,0.580128205128205,0.921474358974359,0,0.16887417218543,0.247588424437299,0,0.0914927768860353,0,0.919093851132686,0.222929936305732,0.9152,0.937898089171974,0.0691823899371069,0,0.359177215189873,0.901587301587302,0.480190174326466,0.166118421052632,0.740237691001698,0,0.36624203821656,0.75796178343949,0.0732484076433121,0.847266881028939,0.167197452229299,0.0813397129186603,0.107424960505529,0.109697933227345,0,0.0823909531502423,0.0748407643312102,0,0,0.102272727272727,0,0.686804451510334,0.0936507936507937,0,0,0.427652733118971,0,0.735340729001585,0.0825242718446602,0.862068965517241,0.0754098360655738,0,0.0951612903225806,0.924315619967794,0.925925925925926,0.917197452229299,0.151712887438825,0.67524115755627,0.0864,0,0.0950871632329636,0.365354330708661,0,0.921630094043887,0.763665594855305,0,0.305466237942122,0.761674718196457,1,0.103668261562998,0.8464,0.0799373040752351,0.0838607594936709,0,0.490353697749196,0.13614262560778,0.545304777594728,0.0875202593192869,0,0.0696517412935323,0.901273885350318,0,0.780290791599354,0.43968253968254,0.523887973640857,0,0,0.0930979133226324,0.311605723370429,0.804311774461028,0.0753205128205128,0.914893617021277,0.146964856230032,0.618739903069467,0.0842607313195548,0.855960264900662,0.0907643312101911,0.0858995137763371,0.23015873015873,0.0782747603833866,0.915857605177994,0.076555023923445,0.920325203252032,0,0.320846905537459,0.190031152647975,0.0850722311396469,0.907378335949764,0,0.0760697305863708,0.575907590759076,0.076158940397351,0.0811688311688312,0.064873417721519,0.822152886115445,0.0980707395498392,0.92776886035313,0.117924528301887,0.930599369085173,0.174055829228243,0.664556962025316,0,0.0947030497592295,0,0.220985691573927,0.0805687203791469,0.830065359477124,0.0966719492868463,0.12280701754386,0.0854037267080745,0.10410094637224,0.876404494382023,0.635930047694754,0.15625,0.140983606557377,0.883683360258481,0.916139240506329,0.101286173633441,0.201277955271566,0,0,0.728314238952537,0,0.0794912559618442,0.742902208201893,0.18657937806874,0.311216429699842,0.0824088748019017,0.614262560777958,0.587025316455696,0.746732026143791,0.163430420711974,0.107142857142857,0.192063492063492,0,0.192616372391653,0.820168067226891,0.124797406807131,0.92604501607717,0.864696734059098,0.507269789983845,0.0840064620355412,0.105754276827372,0.248397435897436,0.0732484076433121,0.189014539579968,0,0.868253968253968,0.397456279809221,0.0783034257748776,0,0.0796178343949045,0.0944272445820433,0.489499192245557,0.483516483516484,0.0996784565916399,0.0702614379084967,0.631921824104234,0,0.167456556082148,0.540930979133226,0.111111111111111,0.926163723916533,0.115506329113924,0.0765472312703583,0.0806451612903226,0.126418152350081,0.503164556962025,0.92156862745098,0.11219512195122,0.523510971786834,0.922600619195046,0.914196567862715,0.772875816993464,0.922330097087379,0.813114754098361,0.396255850234009,0.926634768740032,0.919558359621451,0.910828025477707,0.463722397476341,0.888157894736842,0.0964052287581699,0,0.914653784219002,0,0.774140752864157,0.065359477124183,0.0913461538461538,0.173076923076923,0,0.195758564437194,0.20859872611465,0.383386581469649,0.465378421900161,0.565008025682183,0.573051948051948,0,0.0747967479674797,0.8704,0.364842454394693,0.111290322580645,0.9184,0.324193548387097,0.923948220064725,0.837579617834395,0.0825545171339564,0.0741350906095552,0.167752442996743,0,0.417721518987342,0.159349593495935,0,0.92368839427663,0.165884194053208,0.0998363338788871,0,0.925515055467512,0.926751592356688,0.108552631578947,0.18494271685761,0.921440261865794,0,0.628389154704944,0.0841423948220065,0.284591194968553,0.626984126984127,0.40064620355412,0.119808306709265,0.913398692810457,0.0821484992101106,0.076555023923445,0.923824959481361,0.108108108108108,0.08,0.105436573311367,0.0893141945773525,0.8224,0.705414012738854,0.738709677419355,0.0888157894736842,0.127035830618893,0.00476190476190476,0.744262295081967,0.0991869918699187,0.8192,0.720062208398134,0.0739549839228296,0.0807754442649435,0.0983870967741935,0.371150729335494,0.0842607313195548,0.763843648208469,0.120443740095087,0.0814332247557003,0,0.696540880503145,0.492659053833605,0.924679487179487,0.00636942675159236,0.921974522292994,0.157051282051282,0.932692307692308,0.919743178170145,0,0.795751633986928,0.0774193548387097,0.864433811802233,0.0929054054054054,0.115384615384615,0.086677367576244,0.731391585760518,0.725490196078431,0.389337641357027,0.569051580698835,0,0.2592,0.921259842519685,0.904238618524333,0.794303797468354,0.072013093289689,0.9216,0,0.697784810126582,0.913875598086124,0.909822866344606,0.547385620915033,0.0786516853932584,0.731466227347611,0.0731292517006803,0.109149277688604,0,0.0895061728395062,0.919685039370079,0.073208722741433,0.2464,0.0868113522537563,0.905844155844156,0.101910828025478,0.928343949044586,0.188925081433225,0.345276872964169,0.125996810207337,0.0936995153473344,0.0804416403785489,0.717665615141956,0.104501607717042,0.0701754385964912,0.934169278996865,0.933333333333333,0.0794165316045381,0.0790322580645161,0.705790297339593,0.19175911251981,0.099009900990099,0.119309262166405,0.0830670926517572,0,0.864909390444811,0.0705128205128205,0.936065573770492,0,0.100977198697068,0,0.905691056910569,0.0744849445324881,0.104,0,0.41091492776886,0.615635179153095,0.100826446280992,0.916802610114193,0.214754098360656,0.0736497545008183,0.633116883116883,0.462639109697933,0.2859450726979,0,0.829307568438003,0.101639344262295,0.0888529886914378,0.594551282051282,0.0764331210191083,0.0938023450586265,0.906752411575563,0,0.098256735340729,0.0735294117647059,0.121163166397415,0.375198728139905,0.906602254428341,0.194174757281553,0.795562599049128,0.783276450511945,0,0.450406504065041,0.48314606741573,0.450320512820513,0,0.723051409618574,0.15689381933439,0.421135646687697,0.53525641025641,0.890076335877863,0,0,0.0735068912710567,0.108661417322835,0,0.153225806451613,0,0,0,0.073051948051948,0,0.0827814569536424,0.298578199052133,0.510108864696734,0.0782472613458529,0,0,0.0878594249201278,0.1109375,0.352380952380952,0.92246835443038,0,0.174050632911392,0.473270440251572,0.0873015873015873,0.5390625,0.666123778501629,0,0.0920634920634921,0.91869918699187,0.109854604200323,0.873146622734761,0,0.913793103448276,0.829268292682927,0.606365159128978,0.0988835725677831,0,0.121642969984202,0.0890302066772655,0.0775316455696203,0,0.881877022653722,0.130653266331658,0.926666666666667,0.080188679245283,0.073208722741433,0.920760697305864,0.0779014308426073,0.728867623604466,0.264516129032258,0.921696574225122,0.823920265780731,0.11219512195122,0,0.914516129032258,0.0920634920634921,0.911519198664441,0.423452768729642,0.605220228384992,0,0.841772151898734,0.312913907284768,0.746774193548387,0.106518282988871,0.929712460063898,0.849445324881141,0.574105621805792,0.123630672926448,0.185419968304279,0.11219512195122,0.337115072933549,0,0.0929133858267717,0.917701863354037,0.107936507936508,0.636807817589576,0.928125,0.0818897637795276,0.0764227642276423,0.0766721044045677,0.436688311688312,0.0846645367412141,0.84329563812601,0.801302931596091,0.127186009538951,0.185007974481659,0,0,0.0800653594771242,0.132669983416252,0.921696574225122,0.088379705400982,0.0840064620355412,0.6688,0.140293637846656,0.31953642384106,0.1734375,0,0.103896103896104,0.661211129296236,0.0866013071895425,0.0879478827361563,0,0.413290113452188,0.10586319218241,0.921440261865794,0.382113821138211,0.632686084142395,0.263803680981595,0.372168284789644,0.121259842519685,0.851030110935024,0.0904684975767367,0.0825242718446602,0.0947030497592295,0.693944353518822,0.844551282051282,0.0862619808306709,0.0780254777070064,0,0.294770206022187,0.626602564102564,0.753577106518283,0.3136,0.0700325732899023,0.194888178913738,0.0789049919484702,0.125391849529781,0.926421404682274,0,0.252045826513912,0.92156862745098,0.9248,0.733226837060703,0,0.0930979133226324,0.156299840510367,0.0763116057233704,0.0825396825396825,0.854368932038835,0.921696574225122,0,0,0.808130081300813,0.977198697068404,0.819672131147541,0,0.915470494417863,0.0657051282051282,0.401273885350318,0.726247987117552,0.0687397708674304,0.446372239747634,0.108414239482201,0.388888888888889,0.423137876386688,0,0.0763239875389408,0.638297872340426,0.557536466774716,0.142405063291139,0.0873015873015873,0.661392405063291,0,0.120443740095087,0.116535433070866,0,0.108150470219436,0.945859872611465,0.0945273631840796,0.575079872204473,0,0,0.546052631578947,0.249586776859504,0.926751592356688,0.839403973509934,0,0,0.319314641744548,0.916398713826367,0.0868113522537563,0.695721077654517,0.0850393700787402,0.917065390749601,0.717011128775835,0.702302631578947,0.201309328968903,0.878378378378378,0.920127795527157,0,0.978618421052632,0,0.0847723704866562,0.752066115702479,0.0979782270606532,0.917874396135266,0.0731707317073171,0,0.5,0.563011456628478,0.074313408723748,0,0.0729001584786054,0,0.632450331125828,0.0837282780410742,0,0.391025641025641,0.0886699507389163,0.337641357027464,0.121555915721232,0.888,0,0.0728155339805825,0.745065789473684,0,0.3776,0.920684292379471,0.911111111111111,0.0785597381342062,0.0819672131147541,0.089171974522293,0.0980392156862745,0.0909090909090909,0,0.108626198083067,0.00157977883096367,0.647798742138365,0.72168284789644,0.0792393026941363,0.0932475884244373,0.0793650793650794,0.0772870662460568,0.0337078651685393,0.917065390749601,0.0874587458745875,0.11198738170347,0.356120826709062,0.0937996820349762,0.0661290322580645,0.104928457869634,0,0,0.087962962962963,0,0.879936808846761,0.00161812297734628,0.127009646302251,0.731147540983607,0.798013245033113,0.840694006309148,0.157980456026059,0.0016025641025641,0.846031746031746,0.0715421303656598,0.0799373040752351,0.424193548387097,0.631987577639752,0.770769230769231,0.792778649921507,0.432475884244373,0.923197492163009,0.828525641025641,0.5072,0.760975609756098,0.374603174603175,0.909967845659164,0,0.915857605177994,0.67816091954023,0.0668896321070234,0.380952380952381,0.771384136858476,0.450320512820513,0.19175911251981,0.082670906200318,0.125838926174497,0.0953150242326333,0.0838815789473684,0.0798045602605863,0.512738853503185,0.6032,0.0775316455696203,0.929121725731895,0.919431279620853,0.193910256410256,0,0.0818897637795276,0.0966719492868463,0,0.86525974025974,0,0.122778675282714,0,0.0936507936507937,0.0849358974358974,0.9184,0.236245954692557,0.0725552050473186,0.399678972712681,0.436220472440945,0.178456591639871,0,0,0.135678391959799,0.126543209876543,0.0996784565916399,0,0,0.928213689482471,0.76984126984127,0.524193548387097,0,0.599681020733652,0,0.157635467980296,0.0750407830342577,0.779578606158833,0.756289308176101,0,0.688013136288998,0.485483870967742,0.205414012738854,0.113237639553429,0.289855072463768,0.926163723916533,0.0840197693574959,0.0907643312101911,0.0816993464052288,0,0.0913385826771654,0,0.0816666666666667,0.915584415584416,0.5814332247557,0,0,0.246376811594203,0.14983164983165,0.112676056338028,0.340694006309148,0.904538341158059,0.921182266009852,0.252396166134185,0.234920634920635,0,0.902912621359223,0.101123595505618,0,0.0852459016393443,0.115987460815047,0.925039872408293,0.0032,0.922330097087379,0.073015873015873,0.555023923444976,0.87220447284345,0.848837209302326,0.846645367412141,0.38752052545156,0.854430379746835,0.0826580226904376,0,0.310965630114566,0.0956937799043062,0,0,0.925581395348837,0,0.919224555735057,0.0798722044728434,0.376644736842105,0.922442244224422,0.930194805194805,0.491935483870968,0.110223642172524,0.580952380952381,0,0.921311475409836,0.0462809917355372,0.00650406504065041,0,0.758064516129032,0.915227629513344,0.917741935483871,0.912,0.917445482866044,0.00323101777059774,0.00474683544303797,0.906902086677368,0.00486223662884927,0.00163398692810458,0.0253164556962025,0.00473186119873817,0.0016,0.912559618441971,0.0111464968152866,0.922570016474465,0.91869918699187,0.00162866449511401,0.920840064620355,0.043956043956044,0.916006339144215,0.837060702875399,0.921383647798742,0.926517571884984
"125",0.976489028213166,0.968944099378882,0.966257668711656,0.926282051282051,0.975806451612903,0.979299363057325,0.888540031397174,0.961119751166407,0.972685887708649,0,0.978260869565217,0,0.575663026521061,0.973228346456693,0.0684292379471229,0.0389408099688473,0,0.0174050632911392,0.972972972972973,0.959752321981424,0.184615384615385,0.0610932475884244,0.961360123647604,0,0.940993788819876,0.276295133437991,0.128526645768025,0.966507177033493,0.473282442748092,0.711009174311927,0.0245775729646697,0.691833590138675,0.768388106416275,0.30625,0,0.973478939157566,0.0169753086419753,0.970679012345679,0.281481481481481,0.886191198786039,0.00156985871271586,0.0183767228177642,0.00460829493087558,0.973312401883831,0.797077922077922,0.0512,0.537124802527646,0.0236220472440945,0.518853695324284,0.150829562594268,0,0.967692307692308,0.304075235109718,0.974522292993631,0.882352941176471,0.18312101910828,0,0.946957878315133,0.939024390243902,0.893188854489164,0.320493066255778,0.442040185471406,0.0268562401263823,0,0.875796178343949,0.816485225505443,0,0.965625,0,0.026813880126183,0.890769230769231,0.0329153605015674,0.04375,0.974550898203593,0,0.716486902927581,0.0615384615384615,0.574534161490683,0.897798742138365,0.295867768595041,0,0.714723926380368,0.228787878787879,0.975384615384615,0.135802469135802,0.906298003072197,0.978527607361963,0.960365853658537,0.953703703703704,0.0106707317073171,0.979462875197472,0.975460122699387,0,0,0.952229299363057,0,0.323529411764706,0.963358778625954,0.00769230769230769,0.00950871632329636,0.626182965299685,0,0.301261829652997,0.973354231974922,0.131618759455371,0.974317817014446,0.0109204368174727,0.956723338485317,0.028169014084507,0.0309597523219814,0.0324074074074074,0.899053627760252,0.360123647604328,0.974842767295597,0,0.96937212863706,0.714946070878274,0,0.0294573643410853,0.252336448598131,0,0.776729559748428,0.265723270440252,0.103668261562998,1,0.166924265842349,0.968992248062015,0.979907264296754,0,0.557275541795666,0.9359375,0.486356340288925,0.971653543307087,0,0.966129032258065,0.0410958904109589,0,0.240506329113924,0.6578125,0.543408360128617,0,0,0.965463108320251,0.7640625,0.194577352472089,0.972049689440994,0.0325581395348837,0.921875,0.427892234548336,0.969924812030075,0.159744408945687,0.968602825745683,0.971518987341772,0.84,0.969230769230769,0.026813880126183,0.970358814352574,0.0278637770897833,0,0.742857142857143,0.8649468892261,0.952012383900929,0.0446841294298921,0,0.975646879756469,0.479495268138801,0.970873786407767,0.975609756097561,0.973643410852713,0.309006211180124,0.968036529680365,0.0263975155279503,0.933834586466165,0.0318181818181818,0.889922480620155,0.402476780185758,0,0.958074534161491,0,0.841781874039939,0.9703125,0.141509433962264,0.970496894409938,0.953416149068323,0.964285714285714,0.955453149001536,0.111975116640746,0.404870624048706,0.95389507154213,0.933333333333333,0.0788643533123028,0.0290519877675841,0.969936708860759,0.856481481481482,0,0,0.316279069767442,0.00154320987654321,0.975720789074355,0.283076923076923,0.871794871794872,0.76605504587156,0.971036585365854,0.446345256609642,0.44131455399061,0.312,0.9078125,0.938967136150235,0.878048780487805,0,0.869631901840491,0.2,0.964912280701754,0.0293663060278207,0.0960365853658537,0.548989113530327,0.965408805031447,0.958588957055215,0.827044025157233,0.978395061728395,0.875389408099688,0,0.0938967136150235,0.674809160305344,0.972886762360447,0,0.963076923076923,0.972768532526475,0.5600624024961,0.560185185185185,0.965244865718799,0.97275641025641,0.382581648522551,0,0.877862595419847,0.522550544323484,0.966292134831461,0.0294117647058824,0.957317073170732,0.976525821596244,0.97191887675507,0.935331230283912,0.550231839258114,0.0297339593114241,0.967692307692308,0.561815336463224,0.0349013657056146,0.0240963855421687,0.21978021978022,0.0282574568288854,0.16852146263911,0.68167701863354,0.0250391236306729,0.0296411856474259,0.0326594090202177,0.586890243902439,0.0645669291338583,1,0.0110584518167457,0.0280373831775701,0,0.251968503937008,0.974603174603175,0.962382445141066,0.934782608695652,0,0.871382636655949,0.842507645259939,0.688087774294671,0.592823712948518,0.461778471138846,0.444794952681388,0.012326656394453,0.970031545741325,0.124042879019908,0.701277955271565,0.955905511811024,0.0401234567901235,0.760188087774295,0.029595015576324,0.142857142857143,0.974164133738602,0.975961538461538,0.888540031397174,0,0.648233486943164,0.883464566929134,0,0.0276923076923077,0.891603053435114,0.962085308056872,0,0.031866464339909,0.0262751159196291,0.968102073365231,0.875590551181102,0.0269413629160063,0,0.401898734177215,0.973312401883831,0.789954337899543,0.417445482866044,0.665610142630745,0.946070878274268,0.0361067503924647,0.977168949771689,0.975193798449612,0.0280373831775701,0.966049382716049,0.978227060653188,0.946515397082658,0.974921630094044,0.199687987519501,0.331288343558282,0.300623052959502,0.960505529225908,0.917591125198098,0.0479876160990712,0.282334384858044,0.965354330708661,0.180834621329212,0.323170731707317,0.976708074534162,0.974763406940063,0.958268933539413,0.695374800637959,0.969135802469136,0.270142180094787,0.964777947932619,0.973684210526316,0,0.350152905198777,0.557142857142857,0.0470957613814757,0.049306625577812,0.0325581395348837,0.893846153846154,0.0415384615384615,0.021875,0,0.253125,0.981072555205047,0.093558282208589,0.967266775777414,0.963779527559055,0.978395061728395,0.300319488817891,0.306581059390048,0.669826224328594,0.482315112540193,0,0.822804314329738,0.0365296803652968,0.0591805766312595,0.215926493108729,0.980861244019139,0.031201248049922,0,0.355694227769111,0.0337941628264209,0.047244094488189,0.475155279503106,0.978159126365055,0.301916932907348,0.969404186795491,0.938775510204082,0,0.974814814814815,0.0245022970903522,0.968373493975904,0.824534161490683,0.977346278317152,0.0369230769230769,0.950995405819296,0.0218068535825545,0.859133126934985,0.725832012678288,0.928792569659443,0.972049689440994,0.967136150234742,0.311526479750779,0.940157480314961,0.972727272727273,0.0256797583081571,0.0508474576271186,0.974603174603175,0.968102073365231,0.343167701863354,0.862928348909657,0.953301127214171,0.953703703703704,0.975384615384615,0,0.13237639553429,0.973520249221184,0.0250391236306729,0,0.963607594936709,0.0110410094637224,0.0738993710691824,0.975,0.960567823343849,0.00471698113207547,0.626771653543307,0.452566096423017,0.967592592592593,0.0253968253968254,0.865116279069767,0.971337579617834,0.385220125786164,0.605222734254992,0.796147672552167,0,0.18266253869969,0.963836477987421,0.972307692307692,0.472136222910217,0.973478939157566,0.950819672131147,0.0525502318392581,0,0.967642526964561,0.976525821596244,0.943573667711599,0.688549618320611,0.0298273155416013,0.861904761904762,0.255813953488372,0.196399345335516,0.00619195046439629,0.630672926447574,0.607594936708861,0.624413145539906,0,0.310015898251192,0.904088050314465,0.639191290824261,0.539291217257319,0.0956651718983558,0,0,0.979351032448378,0.948406676783004,0,0.913446676970634,0.00943396226415094,0,0,0.975,0,0.97588424437299,0.781931464174455,0.535384615384615,0.972434915773354,0,0,0.973270440251572,0.94553706505295,0.721633888048411,0.0245775729646697,0.00159744408945687,0.871951219512195,0.600614439324117,0.975,0.557251908396947,0.376582278481013,0,0.959938366718028,0.025,0.955128205128205,0.108527131782946,0,0.0359820089955022,0.134796238244514,0.494290375203915,0.959752321981424,0,0.948640483383686,0.973354231974922,0.972307692307692,0,0.0981012658227848,0.913907284768212,0.0335463258785942,0.970858895705521,0.972644376899696,0.0324074074074074,0.97360248447205,0.309341500765697,0.798751950078003,0.0334394904458599,0.192556634304207,0.963949843260188,0.00938967136150235,0.0234009360374415,0.970903522205207,0.0339805825242718,0.66031746031746,0.397174254317111,0,0.133956386292835,0.733017377567141,0.273425499231951,0.961360123647604,0.0266875981161695,0.171296296296296,0.452459016393443,0.969879518072289,0.875,0.94375,0.746006389776358,0,0.95738203957382,0.0261538461538462,0.943661971830986,0.414239482200647,0.0304878048780488,0.975646879756469,0.97339593114241,0.97339593114241,0.655813953488372,0.967987804878049,0.156050955414013,0.211930926216641,0.944186046511628,0.873456790123457,0,0,0.968553459119497,0.960127591706539,0.0414012738853503,0.976415094339623,0.97191887675507,0.372093023255814,0.928909952606635,0.73968253968254,0.879573170731707,0,0.962616822429907,0.346518987341772,0.975077881619938,0.971786833855799,0,0.643962848297214,0.964630225080386,0.026813880126183,0.689763779527559,0.403993855606759,0.787330316742081,0.70125786163522,0.940639269406393,0.103030303030303,0.9625,0.975039001560062,0.96583850931677,0.316558441558442,0.114241001564945,0.972179289026275,0.972434915773354,0.00927357032457496,0.794117647058823,0.46749226006192,0.281733746130031,0.768049155145929,0.972049689440994,0.863422291993721,0.976851851851852,0.135670731707317,0.0322061191626409,0,0.81875,0.02660406885759,0.0218408736349454,0.295489891135303,0,0.97191887675507,0.912172573189522,0.973478939157566,0.973886328725038,0.1171875,0.028169014084507,0,0,0.190923317683881,0.1,0.174922600619195,0,0.0187207488299532,0.967642526964561,0.0198170731707317,0.308176100628931,0.971473851030111,0.599063962558502,0.948470209339775,0.684292379471229,0.655487804878049,0,0.97037037037037,0.405864197530864,0.500768049155146,0.917293233082707,0.970542635658915,0.414110429447853,0.0093603744149766,0.9515625,0.955315870570108,0,0.958778625954198,0.0417310664605873,0.966237942122186,0.440909090909091,0,0.00925925925925926,0.519417475728155,0.834645669291339,0.0278637770897833,0.158908507223114,0.0108359133126935,0.00160513643659711,0.739520958083832,0.0462519936204147,0.971061093247588,0.341013824884793,0.974164133738602,0.0273972602739726,0.400936037441498,0.334394904458599,0.856219709208401,0.116613418530351,0.0263157894736842,0.00156739811912226,0.0612244897959184,0,0.974203338391502,0.051948051948052,0.964071856287425,0.0284810126582278,0.969793322734499,0,0.528787878787879,0.463108320251177,0.975572519083969,0,0.973643410852713,0,0.416267942583732,0.972644376899696,0,0.654907975460123,0.971337579617834,0.7765625,0.944356120826709,0.0646153846153846,0,0.967441860465116,0.278560250391236,0,0.692780337941628,0.0211480362537764,0.044822256568779,0.973312401883831,0.97456279809221,0.971168437025797,0.95748031496063,0.96513470681458,0,0.956043956043956,0.0233281493001555,0.360182370820669,0.306477093206951,0.967238689547582,0.964230171073095,0.967791411042945,0.969040247678019,0.0625,0.0420560747663551,0.974358974358974,0.942812982998454,0.718223583460949,0.956923076923077,0.976671850699845,0.966101694915254,0,0,0.956586826347305,0,0.0861538461538462,0,0.946875,0.306188925081433,0.219092331768388,0.146341463414634,0.905511811023622,0,0.130030959752322,0.968798751950078,0.973520249221184,0.669796557120501,0.423019431988042,0.235735735735736,0.212213740458015,0.6801872074883,0.0247678018575851,0.145962732919255,0.551020408163265,0.286392405063291,0.698315467075038,0.031496062992126,0,0.0252764612954186,0.341232227488152,0.976076555023923,0.617873651771957,0.245053272450533,0.623456790123457,0.871016691957511,0.95852534562212,0.945686900958466,0.985915492957746,0.976228209191759,0.97456279809221,0.560250391236307,0.447004608294931,0.970724191063174,0.0301204819277108,0.0364188163884674,0.867716535433071,0.0124223602484472,0.973886328725038,0.940092165898618,0,0.13258785942492,0,0.959876543209877,0,0.973966309341501,0.967289719626168,0.0309597523219814,0.834375,0.970858895705521,0.66031746031746,0.640122511485452,0.866666666666667,0,0,0.916398713826367,0.93993993993994,0.973886328725038,0,0,0.0267716535433071,0.251162790697674,0.49609984399376,0,0.467592592592593,0,0.959183673469388,0.975193798449612,0.169572107765452,0.253846153846154,0,0.36650868878357,0.6140625,0.844375963020031,0.958333333333333,0.783410138248848,0.0294117647058824,0.977382875605816,0.0140405616224649,0.97444089456869,0,0.971036585365854,0.00791139240506329,0.976525821596244,0.0363924050632911,0.026813880126183,0,0,0.820592823712949,0.909235668789809,0.923312883435583,0.717987804878049,0.0488549618320611,0.0329153605015674,0.867716535433071,0.836391437308868,0,0.0420560747663551,0.965625,0,0.956239870340357,0.954407294832827,0.089922480620155,0.0432098765432099,0.0276497695852535,0.970903522205207,0.499210110584518,0.0987654320987654,0.116613418530351,0.135384615384615,0.696969696969697,0.118098159509202,0.9734375,0,0.755070202808112,0.958588957055215,0.00314465408805031,0,0.0284431137724551,0,0.0282574568288854,0.970903522205207,0.7232,0.026813880126183,0.0283464566929134,0.554502369668246,0.947368421052632,0.447328244274809,0.0520673813169985,0.0285261489698891,0.063391442155309,0.0196671709531014,0,0.0470957613814757,0.0287009063444109,0.0269413629160063,0.033434650455927,0.0274809160305344,0.0489731437598736,0.0561456752655539,0.0385802469135802,0.0182370820668693,0.0064,0.0252764612954186,0.024390243902439,0.0579268292682927,0.0375586854460094,0.0200308166409861,0.0241157556270096,0.02660406885759,0.0492063492063492,0.031201248049922,0.0244274809160305,0.0277777777777778,0.0605590062111801,0.0287878787878788,0.0276497695852535
"126",0.155864197530864,0.160493827160494,0.170506912442396,0.2016,0.153354632587859,0.155802861685215,0.219242902208202,0.180277349768875,0.143950995405819,0,0.136222910216718,0,0.517940717628705,0.152380952380952,0.833590138674884,0.87888198757764,0,0.00313479623824451,0.1616,0.161042944785276,0.792569659442725,0.871753246753247,0.157076205287714,0,0.192901234567901,0.736593059936908,0.823529411764706,0.15625,0.629742033383915,0.411674347158218,0.854103343465046,0.420647149460709,0.366043613707165,0.725581395348837,0,0.145736434108527,0.00310077519379845,0.151745068285281,0.733133433283358,0.232522796352584,0,0.00153139356814701,0,0.143759873617694,0.344497607655502,0.844690966719493,0.563467492260062,0.864615384615385,0.565413533834586,0.84779299847793,0,0.152542372881356,0.711450381679389,0.143962848297214,0.222575516693164,0.781990521327014,0,0.170616113744076,0.167682926829268,0.231707317073171,0.749615975422427,0.658054711246201,0.853697749196141,0,0.248417721518987,0.317901234567901,0,0.168992248062016,0,0.840189873417722,0.291858678955453,0.861325115562404,0.845440494590417,0.142857142857143,0,0.41131498470948,0.825077399380805,0.546439628482972,0.23968253968254,0.698854337152209,0,0.403323262839879,0.798484848484848,0.14567526555387,0.858895705521472,0.231007751937985,0.149460708782743,0.177293934681182,0.170245398773006,0.00150829562594268,0.150621118012422,0.129969418960245,0,0,0.177215189873418,0,0.689393939393939,0.160246533127889,0,0,0.47360248447205,0,0.711145996860283,0.143759873617694,0.814307458143075,0.144654088050314,0.00157232704402516,0.159126365054602,0.862654320987654,0.850077279752705,0.853582554517134,0.205974842767296,0.655332302936631,0.157320872274143,0,0.146604938271605,0.395738203957382,0,0.857361963190184,0.824534161490683,0,0.372670807453416,0.734883720930233,0.8464,0.166924265842349,1,0.145454545454545,0.147013782542113,0,0.537634408602151,0.218152866242038,0.619426751592357,0.160436137071651,0,0.151419558359621,0.832317073170732,0,0.770800627943485,0.478328173374613,0.567092651757188,0,0,0.16304347826087,0.389147286821705,0.89589905362776,0.141509433962264,0.852664576802508,0.232307692307692,0.590837282780411,0.165653495440729,0.805687203791469,0.163608562691131,0.146875,0.290909090909091,0.13953488372093,0.864217252396166,0.143074581430746,0.852255054432348,0,0.410852713178295,0.239097744360902,0.153250773993808,0.845801526717557,0,0.139183055975794,0.595238095238095,0.143312101910828,0.157975460122699,0.141768292682927,0.722560975609756,0.151745068285281,0.847113884555382,0.180995475113122,0.857142857142857,0.234472049689441,0.675465838509317,0,0.163009404388715,0,0.277777777777778,0.143511450381679,0.813374805598756,0.150537634408602,0.202177293934681,0.142644873699851,0.171253822629969,0.828438948995363,0.62691131498471,0.218700475435816,0.218500797448166,0.814352574102964,0.84,0.160741885625966,0.237730061349693,0,0,0.730769230769231,0,0.150455927051672,0.698170731707317,0.21993670886076,0.366412213740458,0.154078549848943,0.631578947368421,0.664624808575804,0.718110236220472,0.214285714285714,0.17601246105919,0.245083207261725,0,0.263399693721286,0.77337559429477,0.188180404354588,0.852201257861635,0.822458270106222,0.554517133956386,0.169254658385093,0.166412213740458,0.28902627511592,0.144157814871017,0.269592476489028,0,0.829192546583851,0.484257871064468,0.152037617554859,0,0.148606811145511,0.155589123867069,0.540832049306626,0.471228615863142,0.156985871271586,0.152380952380952,0.659375,0,0.227752639517345,0.541732283464567,0.184764991896272,0.843558282208589,0.187311178247734,0.152037617554859,0.13914373088685,0.192846034214619,0.520610687022901,0.85828025477707,0.160686427457098,0.552469135802469,0.855855855855856,0.843939393939394,0.748815165876777,0.852941176470588,0.794303797468354,0.441754916792738,0.848297213622291,0.852134146341463,0.855623100303951,0.515197568389058,0.848818897637795,0.165354330708661,0.00156985871271586,0.848062015503876,0,0.739811912225705,0.146417445482866,0.165634674922601,0.241538461538462,0,0.247648902821317,0.295665634674923,0.426584234930448,0.475667189952904,0.598130841121495,0.656832298136646,0.00153609831029186,0.135725429017161,0.812213740458015,0.4064,0.182965299684543,0.847457627118644,0.37037037037037,0.856697819314642,0.785604900459418,0.148872180451128,0.145161290322581,0.221350078492936,0,0.464723926380368,0.22992125984252,0,0.852307692307692,0.225114854517611,0.151181102362205,0,0.874617737003058,0.850077279752705,0.156494522691706,0.245222929936306,0.851437699680511,0,0.655332302936631,0.157076205287714,0.332824427480916,0.611620795107034,0.445859872611465,0.178736517719569,0.85,0.141104294478528,0.153488372093023,0.856474258970359,0.175840978593272,0.147744945567652,0.168486739469579,0.151607963246554,0.80564263322884,0.684129429892142,0.714285714285714,0.150078988941548,0.195476575121163,0.0107033639143731,0.788401253918495,0.165094339622642,0.813374805598756,0.75187969924812,0.152777777777778,0.156739811912226,0.163551401869159,0.456,0.137614678899083,0.818759936406995,0.191063174114022,0.137931034482759,0,0.685240963855422,0.526813880126183,0.857366771159875,0.0107858243451464,0.844175491679274,0.221036585365854,0.848765432098765,0.85935085007728,0,0.795031055900621,0.1453125,0.872503840245776,0.149593495934959,0.1703125,0.16796267496112,0.734789391575663,0.728139904610493,0.454258675078864,0.555737704918033,0,0.32469512195122,0.852134146341463,0.823975720789074,0.756838905775076,0.1456,0.856049004594181,0,0.697247706422018,0.875766871165644,0.850467289719626,0.589506172839506,0.145962732919255,0.698083067092652,0.149108589951378,0.171826625386997,0,0.152141802067947,0.845921450151057,0.147640791476408,0.315950920245399,0.15506329113924,0.841860465116279,0.169254658385093,0.847692307692308,0.243827160493827,0.40064620355412,0.198473282442748,0.162287480680062,0.152886115444618,0.714285714285714,0.187888198757764,0.133535660091047,0.86144578313253,0.84984520123839,0.145339652448657,0.141304347826087,0.672868217054264,0.25194401244168,0.181076672104405,0.197530864197531,0.150455927051672,0,0.789719626168224,0.144393241167435,0.864274570982839,0,0.187793427230047,0,0.825273010920437,0.14741641337386,0.171339563862928,0,0.457496136012365,0.634108527131783,0.15987460815047,0.848726114649682,0.25511811023622,0.148562300319489,0.694488188976378,0.500772797527048,0.344186046511628,0,0.780185758513932,0.160436137071651,0.151090342679128,0.608628659476117,0.141085271317829,0.17258064516129,0.84375,0,0.165653495440729,0.152755905511811,0.190697674418605,0.436923076923077,0.85062893081761,0.253894080996885,0.756172839506173,0.748376623376623,0,0.512618296529968,0.533858267716535,0.472560975609756,0,0.686520376175549,0.227554179566563,0.476117103235747,0.51969696969697,0.8,0,0,0.137982195845697,0.169954476479514,0,0.217391304347826,0.00155763239875389,0,0,0.144409937888199,0,0.154838709677419,0.358024691358025,0.558245083207262,0.142201834862385,0,0,0.158950617283951,0.18552036199095,0.406344410876133,0.858433734939759,0,0.224242424242424,0.502276176024279,0.149460708782743,0.552671755725191,0.646511627906977,0,0.151937984496124,0.858267716535433,0.194662480376766,0.812792511700468,0,0.844776119402985,0.859133126934985,0.658536585365854,0.164901664145234,0,0.186746987951807,0.163328197226502,0.13914373088685,0,0.826356589147287,0.191489361702128,0.851851851851852,0.13914373088685,0.139605462822458,0.846749226006192,0.144171779141104,0.714946070878274,0.320813771517997,0.845553822152886,0.772012578616352,0.187981510015408,0.00155763239875389,0.859133126934985,0.171945701357466,0.852201257861635,0.453689167974882,0.579109062980031,0,0.786271450858034,0.373205741626794,0.737654320987654,0.165898617511521,0.848909657320872,0.782208588957055,0.669407894736842,0.18361153262519,0.240853658536585,0.1875,0.390822784810127,0,0.166921898928025,0.852760736196319,0.164319248826291,0.633870967741936,0.841463414634146,0.139570552147239,0.145482388973966,0.148205928237129,0.4625,0.155145929339478,0.793157076205288,0.765354330708661,0.190993788819876,0.241167434715822,0,0,0.149765990639626,0.193343898573693,0.859594383775351,0.161741835147745,0.160741885625966,0.682098765432099,0.202551834130782,0.421875,0.234303215926493,0,0.174454828660436,0.671317829457364,0.15015479876161,0.146831530139104,0,0.49452269170579,0.160125588697017,0.848200312989045,0.432389937106918,0.640909090909091,0.345185185185185,0.41875,0.187869822485207,0.806596701649175,0.161648177496038,0.148377125193199,0.162538699690402,0.695238095238095,0.773291925465838,0.156923076923077,0.13595166163142,0,0.358778625954198,0.691358024691358,0.720496894409938,0.347094801223242,0.145736434108527,0.250783699059561,0.13595166163142,0.126717557251908,0.853035143769968,0,0.307692307692308,0.849445324881141,0.856025039123631,0.695517774343122,0,0.161290322580645,0.227272727272727,0.137770897832817,0.153030303030303,0.799065420560748,0.866459627329193,0,0,0.772511848341232,0.840873634945398,0.762282091917591,0,0.842349304482226,0.142201834862385,0.342592592592593,0.7265625,0.153125,0.5,0.175078864353312,0.435658914728682,0.440909090909091,0,0.140089418777943,0.65891472868217,0.587869362363919,0.204545454545455,0.155688622754491,0.643939393939394,0,0.19629057187017,0.179173047473201,0,0.168693009118541,0.851162790697674,0.174193548387097,0.656967840735069,0,0.00154320987654321,0.577669902912621,0.296238244514107,0.868702290076336,0.793322734499205,0.00154320987654321,0,0.342814371257485,0.87402799377916,0.1536,0.670196671709531,0.150537634408602,0.857571214392804,0.669218989280245,0.674565560821485,0.273015873015873,1,0.848531684698609,0,0.84384858044164,0,0.153153153153153,0.687400318979266,0.151057401812689,0.85179407176287,0.141732283464567,0,0.539755351681957,0.630030959752322,0.1375,0,0.150076569678407,0,0.637658227848101,0.158461538461538,0,0.444790046656299,0.158631415241058,0.368012422360248,0.190174326465927,0.840909090909091,0,0.136150234741784,0.7171875,0,0.438837920489297,0.849170437405732,0.848392036753446,0.144674085850556,0.142630744849445,0.155251141552511,0.167449139280125,0.154330708661417,0,0.159442724458204,0.00155763239875389,0.674347158218126,0.698484848484848,0.15220700152207,0.151234567901235,0.14525993883792,0.142857142857143,0.0383435582822086,0.851968503937008,0.155339805825243,0.172256097560976,0.425499231950845,0.161042944785276,0.145038167938931,0.182098765432099,0,0,0.162481536189069,0,0.817204301075269,0.0015552099533437,0.186830015313936,0.697637795275591,0.752808988764045,0.776595744680851,0.213500784929356,0.00153846153846154,0.817204301075269,0.144615384615385,0.14854517611026,0.455813953488372,0.648888888888889,0.842962962962963,0.767964071856287,0.452978056426332,0.85369532428356,0.806354009077156,0.544186046511628,0.808049535603715,0.447289156626506,0.849144634525661,0,0.8546875,0.682034976152623,0.138709677419355,0.434312210200927,0.739788199697428,0.5115562403698,0.245454545454545,0.151607963246554,0.179487179487179,0.161993769470405,0.1584,0.159810126582278,0.513846153846154,0.594135802469136,0.14937106918239,0.853293413173653,0.857359635811836,0.248466257668712,0.00153609831029186,0.149321266968326,0.178625954198473,0,0.961722488038278,0,0.188976377952756,0,0.164362519201229,0.152777777777778,0.855606758832565,0.286158631415241,0.145454545454545,0.45625,0.473926380368098,0.234930448222566,0,0,0.200956937799043,0.198813056379822,0.147013782542113,0,0,0.864217252396166,0.805471124620061,0.614551083591331,0,0.594224924012158,0,0.2078125,0.153125,0.722308892355694,0.789554531490015,0,0.64873417721519,0.49922480620155,0.2642089093702,0.183890577507599,0.355384615384615,0.855403348554033,0.150554675118859,0.073208722741433,0.138263665594855,0,0.153030303030303,0,0.14622641509434,0.846153846153846,0.523659305993691,0,0,0.290519877675841,0.213946117274168,0.17351598173516,0.402439024390244,0.830838323353293,0.843260188087774,0.312404287901991,0.269578313253012,0,0.833073322932917,0.171073094867807,0,0.162420382165605,0.187116564417178,0.830482115085537,0.00778816199376947,0.855140186915888,0.137825421133231,0.550702028081123,0.804992199687988,0.811501597444089,0.808641975308642,0.427215189873418,0.864615384615385,0.144634525660964,0,0.394366197183099,0.170992366412214,0,0,0.856711915535445,0,0.848909657320872,0.141104294478528,0.438095238095238,0.857589984350548,0.842022116903633,0.537735849056604,0.171296296296296,0.666153846153846,0.00765696784073507,0.855784469096672,0.0525477707006369,0.00765696784073507,0,0.695583596214511,0.848484848484849,0.851735015772871,0.858461538461538,0.858015267175573,0.00963081861958266,0.00921658986175115,0.841368584758942,0.00626959247648903,0.0032258064516129,0.0277777777777778,0.00462249614791988,0.0106870229007634,0.843653250773994,0.0121396054628225,0.856682769726248,0.848765432098765,0.0078740157480315,0.852895148669797,0.045662100456621,0.854070660522273,0.78516228748068,0.854354354354354,0.850931677018634
"127",0.993730407523511,0.996918335901387,0.967987804878049,0.946456692913386,0.9796875,0.996830427892235,0.888888888888889,0.972136222910217,0.996932515337423,0,0.996927803379416,0,0.562596599690881,0.998430141287284,0.0418604651162791,0.0106870229007634,0,0.0137825421133231,0.996835443037975,0.98340874811463,0.15220700152207,0.0368,0.989263803680982,0,0.957251908396947,0.257861635220126,0.108728943338438,0.984076433121019,0.46969696969697,0.692073170731707,0.00303490136570561,0.68160741885626,0.769230769230769,0.280916030534351,0,0.996899224806202,0.0198473282442748,0.99079754601227,0.255192878338279,0.907600596125186,0.00156985871271586,0.0121951219512195,0.00304878048780488,0.996875,0.778662420382166,0.0252764612954186,0.514728682170543,0,0.468277945619335,0.13134328358209,0,0.990654205607477,0.244582043343653,0.996913580246914,0.877488514548239,0.160828025477707,0,0.970358814352574,0.95565749235474,0.907575757575758,0.301391035548686,0.436447166921899,0.00308166409861325,0,0.902973395931142,0.826893353941267,0,0.987673343605547,0,0.00315457413249211,0.859939759036145,0.00786163522012579,0.0201238390092879,0.998489425981873,0,0.704374057315234,0.0430769230769231,0.56797583081571,0.893141945773525,0.252032520325203,0,0.702255639097744,0.211480362537764,0.996974281391831,0.100456621004566,0.907012195121951,0.996927803379416,0.969742813918306,0.96390977443609,0.00898203592814371,0.984496124031008,0.996941896024465,0,0,0.978056426332288,0,0.290030211480363,0.98,0.00458015267175573,0.00458715596330275,0.617511520737327,0,0.274268104776579,0.996889580093313,0.0930930930930931,0.996840442338073,0.009375,0.973765432098765,0.00310077519379845,0.0107692307692308,0.00769230769230769,0.90282131661442,0.319938176197836,0.992307692307692,0,0.980451127819549,0.705069124423963,0,0.00303951367781155,0.236391912908243,0,0.762422360248447,0.236363636363636,0.0799373040752351,0.968992248062015,0.145454545454545,1,0.993808049535604,0,0.551145038167939,0.933333333333333,0.491338582677165,0.987321711568938,0,0.992138364779874,0.0258358662613982,0,0.195652173913043,0.630841121495327,0.525396825396825,0,0,0.972644376899696,0.762422360248447,0.165079365079365,0.998447204968944,0.0046583850931677,0.920489296636086,0.412307692307692,0.974436090225564,0.127962085308057,0.984496124031008,0.998425196850394,0.841781874039939,0.990811638591118,0.0031496062992126,0.996951219512195,0.00155038759689922,0,0.748456790123457,0.867469879518072,0.983383685800604,0.0208643815201192,0,0.998477929984779,0.442006269592476,0.99685534591195,0.996937212863706,0.996960486322188,0.292237442922374,0.972093023255814,0.00309119010819165,0.947209653092006,0.00148809523809524,0.891509433962264,0.372163388804841,0,0.978593272171254,0,0.860248447204969,0.996932515337423,0.125588697017268,0.978658536585366,0.944444444444444,0.98962962962963,0.980243161094225,0.100609756097561,0.366917293233083,0.922480620155039,0.938193343898574,0.0465116279069767,0.00766871165644172,0.975308641975309,0.849544072948328,0,0,0.289676425269646,0.00154320987654321,0.996983408748115,0.253799392097264,0.8671875,0.763803680981595,0.987878787878788,0.425897035881435,0.440060698027314,0.287713841368585,0.923676012461059,0.96937212863706,0.882352941176471,0,0.880368098159509,0.175632911392405,0.940809968847352,0.00154559505409583,0.0675883256528418,0.53858024691358,0.972049689440994,0.975794251134644,0.834108527131783,0.996899224806202,0.894899536321484,0,0.0754147812971342,0.661608497723824,0.990580847723705,0,0.992343032159265,0.974777448071217,0.550769230769231,0.553191489361702,0.986111111111111,0.996845425867508,0.355140186915888,0,0.883233532934132,0.509463722397476,0.969889064976228,0,0.956390977443609,0.995305164319249,0.996983408748115,0.951638065522621,0.53984962406015,0.00310077519379845,0.966360856269113,0.546423135464231,0.00448430493273543,0.00451127819548872,0.199386503067485,0.0031201248049922,0.145510835913313,0.668665667166417,0.00151975683890578,0.00762195121951219,0.0121396054628225,0.590909090909091,0.0395569620253165,0.979907264296754,0.00938967136150235,0.00309119010819165,0,0.21875,0.998412698412698,0.977099236641221,0.901664145234493,0,0.866877971473851,0.856060606060606,0.679447852760736,0.592248062015504,0.455098934550989,0.460691823899371,0.0091324200913242,0.996865203761755,0.0824427480916031,0.696,0.95968992248062,0.0153139356814701,0.747320061255743,0.00458015267175573,0.115384615384615,0.997014925373134,0.996825396825397,0.885579937304075,0,0.633587786259542,0.882534775888717,0,0.00305343511450382,0.891768292682927,0.9796875,0,0.0030441400304414,0.00303030303030303,0.979462875197472,0.891167192429022,0.00158982511923688,0,0.371165644171779,0.986089644513138,0.784313725490196,0.380368098159509,0.660990712074303,0.956325301204819,0.0093167701863354,0.996978851963746,0.998475609756098,0.0062015503875969,0.961715160796325,0.996899224806202,0.973101265822785,1,0.1890625,0.302611367127496,0.28419452887538,0.973478939157566,0.944267515923567,0.0482654600301659,0.261006289308176,0.972179289026275,0.157251908396947,0.3003003003003,0.990853658536585,0.995341614906832,0.961597542242704,0.693270735524257,0.995475113122172,0.246130030959752,0.96048632218845,0.993759750390016,0,0.307228915662651,0.539781591263651,0.0198776758409786,0.052790346907994,0.0105105105105105,0.911719939117199,0.0273972602739726,0.00307692307692308,0,0.237366003062787,0.992236024844721,0.066358024691358,0.980952380952381,0.968847352024922,0.982731554160126,0.273010920436817,0.273449920508744,0.671732522796353,0.451043338683788,0,0.821150855365474,0.0178837555886736,0.0405405405405405,0.190184049079755,0.996894409937888,0.00306278713629403,0,0.314024390243902,0.0107361963190184,0.0186335403726708,0.469673405909798,0.996850393700787,0.266561514195584,0.998394863563403,0.965354330708661,0,0.986784140969163,0,0.995502248875562,0.825153374233129,0.996815286624204,0.012326656394453,0.977443609022556,0.00307219662058372,0.888888888888889,0.719188767550702,0.95398773006135,0.983257229832572,0.996908809891808,0.283969465648855,0.966514459665145,0.996960486322188,0.00299850074962519,0.0265625,0.998439937597504,0.996918335901387,0.317557251908397,0.884615384615385,0.962085308056872,0.954682779456193,0.998484848484849,0,0.117004680187207,0.996941896024465,0.0046583850931677,0,0.96177370030581,0.00627943485086342,0.0489731437598736,0.997010463378176,0.96583850931677,0.00156985871271586,0.626728110599078,0.422600619195046,0.979623824451411,0.00470219435736677,0.875,0.993720565149137,0.373817034700315,0.598774885145482,0.782208588957055,0,0.150914634146341,0.973143759873618,0.99537037037037,0.451162790697674,1,0.967266775777414,0.0323574730354391,0.00153139356814701,0.980392156862745,0.992319508448541,0.950387596899225,0.687218045112782,0.0077639751552795,0.855799373040752,0.244615384615385,0.177524429967427,0.00302114803625378,0.618461538461539,0.6,0.601217656012177,0,0.2848,0.906009244992296,0.629007633587786,0.51301684532925,0.0744047619047619,0,0,0.997071742313324,0.972768532526475,0,0.923664122137405,0.0077639751552795,0,0,0.998439937597504,0,0.9984375,0.768633540372671,0.521084337349398,0.998487140695915,0,0,0.989409984871407,0.967065868263473,0.713201820940819,0.00303490136570561,0.00158478605388273,0.873873873873874,0.591397849462366,0.998468606431853,0.537993920972644,0.348297213622291,0,0.975384615384615,0.0031496062992126,0.957878315132605,0.0904761904761905,0,0.0105580693815988,0.102964118564743,0.489891135303266,0.96594427244582,0,0.948948948948949,0.975346687211094,0.996955859969559,0,0.0707692307692308,0.933656957928803,0.00481540930979133,0.997014925373134,0.996996996996997,0.00615384615384615,0.998468606431853,0.288401253918495,0.806106870229008,0.013953488372093,0.159375,0.958778625954198,0.0109375,0.00308641975308642,0.971299093655589,0.0110410094637224,0.649532710280374,0.384496124031008,0,0.109923664122137,0.737678855325914,0.243865030674847,0.974045801526718,0.00309597523219814,0.148036253776435,0.456591639871383,0.944444444444444,0.889570552147239,0.963076923076923,0.73961661341853,0,0.981762917933131,0.0030441400304414,0.962025316455696,0.386687797147385,0.00305343511450382,0.996955859969559,1,0.996879875195008,0.637770897832817,0.984639016897081,0.116822429906542,0.181818181818182,0.946401225114854,0.872727272727273,0,0,0.987577639751553,0.936808846761453,0.0124804992199688,0.979655712050078,0.987635239567233,0.344512195121951,0.928348909657321,0.729813664596273,0.879154078549849,0,0.968944099378882,0.333333333333333,0.996884735202492,0.996904024767802,0,0.651090342679128,0.969230769230769,0.00311526479750779,0.68944099378882,0.38391502276176,0.791855203619909,0.692429022082019,0.957894736842105,0.0857142857142857,0.978021978021978,0.996946564885496,0.974124809741248,0.290625,0.0980091883614089,0.986322188449848,0.996978851963746,0.00601503759398496,0.77760736196319,0.451313755795981,0.248475609756098,0.758139534883721,0.996908809891808,0.886645962732919,0.996951219512195,0.124624624624625,0.00318471337579618,0,0.81733746130031,0.0046875,0.00153846153846154,0.265553869499241,0,0.987692307692308,0.911450381679389,0.99537750385208,0.990936555891239,0.0903426791277259,0.00309119010819165,0,0,0.16852146263911,0.0724191063174114,0.148318042813456,0,0.00151745068285281,0.996983408748115,0.00907715582450832,0.273993808049536,0.996908809891808,0.591117917304747,0.9734375,0.655487804878049,0.636094674556213,0,0.996987951807229,0.378716744913928,0.493769470404984,0.919452887537994,0.984848484848485,0.372907153729072,0.00768049155145929,0.949771689497717,0.95067264573991,0,0.962462462462462,0.0200617283950617,0.984051036682616,0.442396313364055,0,0.00615384615384615,0.516693163751987,0.833070866141732,0.00301204819277108,0.129337539432177,0.00770416024653313,0.00159744408945687,0.763235294117647,0.0234009360374415,0.99673735725938,0.313161875945537,0.990825688073395,0.00302571860816944,0.375766871165644,0.33596214511041,0.861904761904762,0.0977917981072555,0.00611620795107034,0.00153139356814701,0.0470219435736677,0,0.995495495495496,0.0378548895899054,0.977777777777778,0.0046801872074883,1,0,0.513595166163142,0.460708782742681,0.996923076923077,0,0.998480243161094,0,0.392405063291139,0.987878787878788,0,0.652173913043478,0.976489028213166,0.744582043343653,0.945226917057903,0.0393939393939394,0,0.996899224806202,0.250391236306729,0,0.678353658536585,0.0029673590504451,0.0104477611940299,0.996923076923077,0.996845425867508,0.987860394537178,0.967441860465116,0.975155279503106,0,0.978361669242658,0.0197568389057751,0.339477726574501,0.280185758513932,0.989113530326594,0.989312977099237,0.989393939393939,0.996951219512195,0.0519083969465649,0.0184899845916795,0.979032258064516,0.954545454545455,0.713855421686747,0.977238239757208,0.996974281391831,0.96793893129771,0,0,0.979320531757755,0,0.0668693009118541,0,0.952380952380952,0.263492063492063,0.214397496087637,0.113636363636364,0.935837245696401,0,0.0960365853658537,0.996955859969559,0.996987951807229,0.630841121495327,0.41740412979351,0.208823529411765,0.17814371257485,0.64696734059098,0.00301659125188537,0.120426829268293,0.549230769230769,0.257716049382716,0.695121951219512,0.0106870229007634,0,0.0031496062992126,0.314375987361769,0.996810207336523,0.623853211009174,0.219910846953938,0.611963190184049,0.86969696969697,0.988059701492537,0.95389507154213,0.976635514018692,0.998417721518987,1,0.55640243902439,0.419753086419753,0.995426829268293,0.00749625187406297,0.00899550224887556,0.87111801242236,0.0106544901065449,0.997001499250375,0.967492260061919,0,0.10952380952381,0,0.951863354037267,0,0.969604863221885,0.998452012383901,0.0076103500761035,0.834365325077399,0.998482549317147,0.658307210031348,0.622154779969651,0.870967741935484,0,0,0.9312,0.941002949852507,0.984825493171472,0,0,0,0.235562310030395,0.50229709035222,0,0.439878234398782,0,0.924409448818898,0.996884735202492,0.159055118110236,0.228878648233487,0,0.33596214511041,0.603715170278638,0.870426829268293,0.960960960960961,0.775729646697389,0.00154559505409583,0.987341772151899,0.0172684458398744,0.996815286624204,0,0.980625931445604,0.00311526479750779,0.996850393700787,0.0218408736349454,0.0109034267912773,0,0,0.824884792626728,0.930599369085173,0.9375,0.716236722306525,0.0271493212669683,0.0062992125984252,0.828967642526965,0.838612368024133,0,0.0203125,0.966257668711656,0,0.984227129337539,0.953242835595777,0.0702290076335878,0.0430769230769231,0.00459418070444104,0.998496240601504,0.465007776049767,0.0785824345146379,0.102523659305994,0.114854517611026,0.687697160883281,0.0916030534351145,0.996894409937888,0,0.7578125,0.983308042488619,0.0015600624024961,0,0.0029585798816568,0,0.00307692307692308,0.996927803379416,0.707740916271722,0.00315955766192733,0.0015748031496063,0.543887147335423,0.953632148377125,0.437308868501529,0.0529500756429652,0.00315457413249211,0.0568356374807988,0.0199386503067485,0,0.0342146189735614,0.00750750750750751,0.00153139356814701,0.0136986301369863,0.00303030303030303,0.0517241379310345,0.0576631259484067,0.0184615384615385,0.0215716486902928,0.00474683544303797,0.0276497695852535,0.0259938837920489,0.0621212121212121,0.00933125972006221,0.0212121212121212,0.0031496062992126,0.0046656298600311,0.0471698113207547,0.00924499229583975,0.0256797583081571,0.00308166409861325,0.0368098159509202,0.00147710487444609,0.00306748466257669
"128",0.993670886075949,0.996875,0.970903522205207,0.943037974683544,0.988853503184713,1,0.889240506329114,0.973561430793157,0.996894409937888,0,0.998425196850394,0,0.568503937007874,0.995192307692308,0.0403726708074534,0.0108864696734059,0,0.0125,0.995253164556962,0.976525821596244,0.161189358372457,0.0385232744783307,0.9859375,0,0.951863354037267,0.247648902821317,0.116169544740973,0.987117552334944,0.469512195121951,0.69375,0.00462249614791988,0.690402476780186,0.758064516129032,0.29595015576324,0,0.995348837209302,0.0152439024390244,0.989247311827957,0.256676557863501,0.904468412942989,0,0.0124416796267496,0.00307692307692308,0.9968,0.788025889967638,0.026984126984127,0.507042253521127,0.0031201248049922,0.463525835866261,0.128048780487805,0,0.990610328638498,0.269890795631825,0.996875,0.877358490566038,0.162974683544304,0,0.966876971608833,0.961240310077519,0.904173106646059,0.286384976525822,0.437888198757764,0.00469483568075117,0,0.896607431340872,0.817757009345794,0,0.985826771653543,0,0.00478468899521531,0.862654320987654,0.0062015503875969,0.0217391304347826,0.996941896024465,0,0.698630136986301,0.046656298600311,0.565217391304348,0.906349206349206,0.266998341625207,0,0.708527131782946,0.205128205128205,0.993874425727412,0.113884555382215,0.918083462132921,0.993700787401575,0.970679012345679,0.971875,0.00914634146341463,0.990625,0.995319812792512,0,0,0.970172684458399,0,0.304147465437788,0.976708074534162,0.00467289719626168,0.0046583850931677,0.602184087363494,0,0.27244094488189,0.995341614906832,0.100303951367781,0.996805111821086,0.00782472613458529,0.979495268138801,0.00316455696202532,0.0124031007751938,0.0123647604327666,0.906396255850234,0.331230283911672,1,0,0.989147286821705,0.710526315789474,0,0.00460829493087558,0.227987421383648,0,0.763779527559055,0.25625,0.0838607594936709,0.979907264296754,0.147013782542113,0.993808049535604,1,0,0.548387096774194,0.94794952681388,0.496805111821086,0.990566037735849,0,0.988745980707395,0.0261136712749616,0,0.214626391096979,0.625194401244168,0.514423076923077,0,0,0.981279251170047,0.760188087774295,0.172413793103448,0.99685534591195,0.00941915227629513,0.93343653250774,0.406645569620253,0.981818181818182,0.130016051364366,0.992319508448541,0.998405103668262,0.837962962962963,0.990625,0.00319488817891374,0.996923076923077,0.00469483568075117,0,0.730407523510972,0.871559633027523,0.976525821596244,0.0231481481481481,0,0.996913580246914,0.445324881141046,0.995161290322581,0.998435054773083,0.995412844036697,0.287671232876712,0.98,0.00464396284829721,0.942073170731707,0.00452488687782805,0.896661367249603,0.367851622874807,0,0.978294573643411,0,0.846749226006192,0.996850393700787,0.119496855345912,0.979813664596273,0.951486697965571,0.988023952095808,0.969278033794163,0.0950155763239875,0.378254211332312,0.93030794165316,0.9515625,0.0546021840873635,0.0077639751552795,0.977883096366509,0.856702619414484,0,0,0.298578199052133,0,0.996969696969697,0.251524390243902,0.8743961352657,0.750764525993884,0.990825688073395,0.428129829984544,0.438759689922481,0.295055821371611,0.911392405063291,0.954113924050633,0.885271317829457,0,0.879019908116386,0.176470588235294,0.9424,0.00476947535771065,0.0729483282674772,0.532710280373832,0.978159126365055,0.976923076923077,0.826771653543307,0.995348837209302,0.892857142857143,0,0.0753532182103611,0.655384615384615,0.993569131832797,0,0.986046511627907,0.980392156862745,0.549295774647887,0.541341653666147,0.982892690513219,0.9967585089141,0.36517719568567,0,0.883256528417819,0.52112676056338,0.97007874015748,0.00155763239875389,0.95852534562212,0.995283018867924,0.995319812792512,0.949367088607595,0.520123839009288,0.00626959247648903,0.970172684458399,0.52639751552795,0.0091324200913242,0.0030441400304414,0.195583596214511,0.00310077519379845,0.153354632587859,0.659021406727829,0.0015625,0.00770416024653313,0.0125786163522013,0.584218512898331,0.0331230283911672,0.987341772151899,0.00793650793650794,0.0031055900621118,0,0.226917057902973,0.995215311004785,0.990566037735849,0.910798122065728,0,0.876996805111821,0.844615384615385,0.692429022082019,0.5953125,0.447040498442368,0.443573667711599,0.00627943485086342,0.9953125,0.0951638065522621,0.706168831168831,0.962382445141066,0.0122887864823349,0.744945567651633,0.0046656298600311,0.120610687022901,0.995419847328244,0.995121951219512,0.890995260663507,0,0.643730886850153,0.878930817610063,0,0.00462249614791988,0.893292682926829,0.981279251170047,0,0.0062111801242236,0.003125,0.979365079365079,0.877616747181965,0.00323624595469256,0,0.386748844375963,0.988993710691824,0.782012195121951,0.391912908242613,0.655063291139241,0.956656346749226,0.0139318885448916,0.996932515337423,0.996904024767802,0.00625,0.966049382716049,0.995275590551181,0.968102073365231,0.993740219092332,0.177847113884555,0.310077519379845,0.286163522012579,0.973354231974922,0.93026941362916,0.0430769230769231,0.26038338658147,0.978193146417445,0.154446177847114,0.291350531107739,0.995283018867924,0.993759750390016,0.970588235294118,0.685897435897436,0.995447647951442,0.237717908082409,0.966049382716049,0.995305164319249,0,0.3171875,0.532591414944356,0.0219092331768388,0.0460122699386503,0.012012012012012,0.901234567901235,0.0246913580246914,0.0031496062992126,0,0.220657276995305,1,0.0728682170542636,0.983922829581994,0.970496894409938,0.984152139461173,0.286168521462639,0.292407108239095,0.666149068322981,0.458536585365854,0,0.816455696202532,0.0122137404580153,0.0444104134762634,0.198776758409786,0.996779388083736,0.00469483568075117,0,0.320552147239264,0.0122887864823349,0.0267716535433071,0.463836477987421,0.998425196850394,0.27373417721519,0.9967585089141,0.962382445141066,0,0.989660265878877,0.00307219662058372,0.993769470404984,0.822884012539185,0.998381877022654,0.0154083204930663,0.977029096477795,0.0015625,0.886645962732919,0.70926517571885,0.944186046511628,0.983206106870229,0.993690851735016,0.30188679245283,0.958860759493671,0.996955859969559,0.00455927051671732,0.0185758513931889,0.996840442338073,0.996870109546166,0.326594090202177,0.883359253499222,0.967689822294023,0.954407294832827,0.996889580093313,0,0.1168,0.995356037151703,0.0047244094488189,0,0.968,0.00645161290322581,0.0462519936204147,0.996932515337423,0.973724884080371,0,0.619496855345912,0.417956656346749,0.980952380952381,0.00316455696202532,0.8672,0.9936,0.376947040498442,0.605919003115265,0.784929356357928,0,0.163265306122449,0.976303317535545,0.995290423861852,0.439814814814815,0.996899224806202,0.963576158940397,0.0357698289269051,0.0015552099533437,0.981424148606811,0.990521327014218,0.960691823899371,0.684532924961715,0.010989010989011,0.871224165341812,0.236760124610592,0.171900826446281,0.00309119010819165,0.607936507936508,0.606060606060606,0.604037267080745,0,0.270967741935484,0.916537867078825,0.632148377125193,0.516228748068006,0.0787878787878788,0,0,0.995555555555556,0.967840735068913,0,0.918110236220472,0.008,0,0,0.998444790046656,0,0.995090016366612,0.766718506998445,0.514459665144597,0.996946564885496,0,0,0.987596899224806,0.957120980091884,0.707132018209408,0.0031055900621118,0.00324675324675325,0.874425727411945,0.594427244582043,0.995341614906832,0.526073619631902,0.35031847133758,0,0.975497702909648,0.00477707006369427,0.955056179775281,0.092948717948718,0,0.0107361963190184,0.113744075829384,0.469354838709677,0.973886328725038,0,0.956259426847662,0.984350547730829,0.996899224806202,0,0.07223113964687,0.925249169435216,0.00818330605564648,0.996908809891808,0.995384615384615,0.0122137404580153,0.996879875195008,0.304347826086957,0.803767660910518,0.0124031007751938,0.159609120521173,0.964006259780908,0.0094488188976378,0.00313971742543171,0.979969183359014,0.0112,0.653846153846154,0.381329113924051,0,0.115625,0.731132075471698,0.26,0.973643410852713,0.00312989045383412,0.152307692307692,0.459415584415584,0.946889226100152,0.888036809815951,0.957746478873239,0.729984301412873,0,0.98159509202454,0.00305810397553517,0.962441314553991,0.386075949367089,0.00305810397553517,0.996904024767802,0.996879875195008,0.995215311004785,0.629746835443038,0.98468606431853,0.129541864139021,0.183962264150943,0.948678071539658,0.868827160493827,0,0,0.990353697749196,0.939586645468998,0.0171606864274571,0.987577639751553,0.989113530326594,0.369734789391576,0.933227344992051,0.743178170144462,0.875,0,0.968602825745683,0.339622641509434,0.995238095238095,0.993769470404984,0,0.6272,0.971473851030111,0.00155038759689922,0.676751592356688,0.372307692307692,0.792792792792793,0.671406003159558,0.95,0.0867579908675799,0.979365079365079,0.995334370139969,0.983024691358025,0.305466237942122,0.0942812982998454,0.989164086687306,0.996899224806202,0.00457317073170732,0.784829721362229,0.444961240310077,0.259026687598116,0.761006289308176,0.996879875195008,0.8712715855573,0.996908809891808,0.120426829268293,0.00321543408360129,0,0.811145510835913,0.004739336492891,0.00307692307692308,0.263157894736842,0,0.986111111111111,0.911450381679389,0.996889580093313,0.993930197268589,0.0884676145339652,0.00316957210776545,0,0,0.163723916532905,0.0829346092503987,0.155309033280507,0,0.00154083204930663,0.99537037037037,0.0108024691358025,0.289099526066351,0.995283018867924,0.5765625,0.968354430379747,0.647692307692308,0.63020030816641,0,0.998509687034277,0.390205371248025,0.49607535321821,0.927710843373494,0.989247311827957,0.391640866873065,0.00789889415481832,0.95968992248062,0.96319018404908,0,0.969465648854962,0.0188383045525903,0.984051036682616,0.426584234930448,0,0.00470957613814757,0.516339869281046,0.833594976452119,0.00467289719626168,0.134920634920635,0.00619195046439629,0,0.736196319018405,0.0220820189274448,0.996753246753247,0.306376360808709,0.989280245022971,0.00303951367781155,0.386503067484663,0.313291139240506,0.8688,0.099025974025974,0.0047244094488189,0.00153139356814701,0.0453074433656958,0,0.990867579908676,0.0402576489533011,0.979041916167665,0.00789889415481832,0.995245641838352,0,0.509803921568627,0.451043338683788,0.995297805642633,0,0.995341614906832,0,0.389337641357027,0.996913580246914,0,0.63969465648855,0.982428115015974,0.741324921135647,0.947030497592295,0.0357698289269051,0,0.995268138801262,0.256735340729002,0,0.690402476780186,0.0030441400304414,0.02,0.995297805642633,0.996835443037975,0.99079754601227,0.971698113207547,0.981042654028436,0,0.970358814352574,0.0182094081942337,0.349085365853659,0.283048211508554,0.989247311827957,0.989045383411581,0.987673343605547,0.989028213166144,0.0519685039370079,0.0171875,0.981996726677578,0.959438377535101,0.699844479004666,0.978527607361963,0.99537750385208,0.975077881619938,0,0,0.977443609022556,0,0.0662557781201849,0,0.965891472868217,0.272012578616352,0.213036565977742,0.126738794435858,0.9125,0,0.108359133126935,0.995319812792512,0.996899224806202,0.635220125786163,0.413173652694611,0.211161387631976,0.183333333333333,0.64576802507837,0.00303951367781155,0.117647058823529,0.554868624420402,0.245641838351823,0.686427457098284,0.014018691588785,0,0.004739336492891,0.31911532385466,0.998397435897436,0.609375,0.222560975609756,0.604615384615385,0.878971255673222,0.983206106870229,0.962843295638126,0.985736925515055,0.995169082125604,0.993670886075949,0.551020408163265,0.420970266040689,0.993817619783617,0.00757575757575758,0.0135338345864662,0.879499217527387,0.00773993808049536,0.996965098634294,0.963133640552995,0,0.10828025477707,0,0.953198127925117,0,0.981510015408321,0.995305164319249,0.0121951219512195,0.836477987421384,0.998473282442748,0.645569620253165,0.615030674846626,0.87244094488189,0,0,0.924590163934426,0.940029985007496,0.99079754601227,0,0,0.00160771704180064,0.222390317700454,0.500782472613459,0,0.445482866043614,0,0.931746031746032,0.995260663507109,0.161341853035144,0.231481481481481,0,0.33489827856025,0.584639498432602,0.875389408099688,0.965891472868217,0.774343122102009,0.00463678516228748,0.9888,0.0141287284144427,0.996820349761526,0,0.985029940119761,0.00462962962962963,0.996850393700787,0.0218068535825545,0.0111287758346582,0,0,0.811437403400309,0.924193548387097,0.938271604938272,0.716279069767442,0.0270676691729323,0.00938967136150235,0.83695652173913,0.837386018237082,0,0.0186915887850467,0.971608832807571,0,0.979133226324238,0.958461538461538,0.062111801242236,0.0357142857142857,0.00467289719626168,0.996908809891808,0.4656,0.0773993808049536,0.0987261146496815,0.112480739599384,0.673015873015873,0.0913312693498452,0.995319812792512,0,0.746031746031746,0.979750778816199,0.00316455696202532,0,0.00458015267175573,0,0.0046875,0.996908809891808,0.726688102893891,0.0047244094488189,0.00313479623824451,0.5344,0.965354330708661,0.435384615384615,0.0444104134762634,0.00634920634920635,0.048,0.0137614678899083,0,0.028391167192429,0.00911854103343465,0.0062402496099844,0.0123839009287926,0.0031055900621118,0.047244094488189,0.0526315789473684,0.0185758513931889,0.0157728706624606,0.00321027287319422,0.0173228346456693,0.0184899845916795,0.0526315789473684,0.0125195618153365,0.0124416796267496,0.00321027287319422,0.00470957613814757,0.0444444444444444,0.0108695652173913,0.0185185185185185,0.0046656298600311,0.0357698289269051,0.00453172205438067,0.0062402496099844
"129",0,0,0,0,0,0,0.0157728706624606,0.00158982511923688,0,1,0,1,0,0,0,0,1,0.984301412872841,0,0,0,0,0,1,0,0,0,0.00159489633173844,0,0,0,0,0.00161030595813205,0,1,0,0.976744186046512,0,0,0,0.998410174880763,0.982866043613707,0.992307692307692,0,0,0,0,0,0,0,1,0,0,0,0.016025641025641,0,1,0,0.0031104199066874,0,0,0,0,1,0,0,1,0,1,0,0,0,0,0,1,0.00155038759689922,0,0,0.0016025641025641,0,1,0,0,0,0,0,0,0,0.00314465408805031,0.987596899224806,0,0,1,1,0,1,0.0200617283950617,0,0.992175273865415,0.990461049284579,0.0125391849529781,1,0,0,0,0,0.988941548183254,0.00317965023847377,0,0,0,0.0173501577287066,0,0,1,0,0,1,0,0,1,0.00157728706624606,0,0,0,0,0,0,1,0.00772797527047913,0,0,0,1,0,0,1,0,0,0.00815660685154975,1,1,0,0,0,0,0,0,0,0,0,0,0,0,0,0,0,0,1,0,0.0061633281972265,0,0,1,0,0,0,0,0,0,0,0,0,0,0.00317965023847377,0,1,0,1,0,0,0,0,0,0,0,0,0,0,0,0,0,0,0.0249221183800623,1,1,0,0.9984375,0,0,0.0143312101910828,0,0,0,0,0,0,0,0.00154798761609907,1,0,0,0,0,0,0.00469483568075117,0,0,0.00158227848101266,0,0,1,0,0,0,1,0,0,0.00626959247648903,0,0,0,0.0206677265500795,1,0.0170542635658915,0,0,0,0,0,0,0,0,0,0,0,0,0,0,0,0,0,0,0,0,0,0,0,0.985714285714286,0,1,0.00469483568075117,0,0,0,1,0.00163934426229508,0.00309597523219814,0,0,0,0,0.986024844720497,0,0,0,0,0,0,0,0,0,0,0.0161030595813204,1,0,0.0188087774294671,1,0,0.0171073094867807,0.00158982511923688,1,0,0,0,0,0,1,0.0188679245283019,0,0,0,0,0,0,0,0,0,0,0,0,0,0,0,0,0.00317460317460317,0,0.942947702060222,0,0,0,0,0,0,0,0,0,0,0,0,1,0,0.0111642743221691,0,0.941732283464567,0,0,0,0,1,0,0,0,0,0,0,0,0,0,0,1,0,0,0,0,0,0,1,0,0,0,0.00313971742543171,0,0,0,0,1,0,0,0,0,0,0,0,0,0,0,0,0,0.00315955766192733,0,0,0,0,0,0,0,0,0,0,0,0,1,0,0,0,1,0,0.988835725677831,0,0,0,0.995305164319249,0.0109546165884194,0,0,0,0,0,0,0,0,1,0,0.00160513643659711,0,0,0,0,0,0.998444790046656,0,0,0,0,0,0.0063391442155309,0,0.0148514851485149,0.993740219092332,0,0,0,1,0,0.00157728706624606,0,0,0,1,1,0,0,1,0,0.988976377952756,1,1,0,1,0,0.00158478605388273,0.00775193798449612,0,1,1,0,0,0,0,0.998392282958199,0.0230061349693252,0,0,0,0,1,0,0,0.00159489633173844,0,1,0,0,0,0.0015625,1,0,0,0,1,0,0,0,0,0,0,0,0,0,0,0.00162074554294976,0,0.988853503184713,0,0,0,0,0.0128617363344051,1,0,0.00322061191626409,0,0,0,0,0,0,0,0,0,1,0,0,0,0.00482315112540193,0,0,0,0,0,0,0,0,0,0.0174880763116057,1,1,0,0,0,0,0,0,0,0,0.0200927357032458,1,0,0.0192307692307692,0,0,1,0,0,0,0.00158730158730159,0,0,0,0,0,0.00316957210776545,0,0,0.0177133655394525,0.0253968253968254,0,0,0.992283950617284,0,0,0,0,0,0,0,0.76219512195122,0,1,0.00154559505409583,0,0,0,1,0,0,0,0,0,0,1,1,0,0,0,1,0,0,0.563182527301092,0,0,0.0108864696734059,0,0,0,1,0,0,0,0.00615384615384615,0,0,0.989147286821705,0,0,1,0.00153374233128834,0,0,0,1,0.990521327014218,0,0,0,0,0.987441130298273,0.998355263157895,0,0,0,0,0,0,0,0,0.0065252854812398,0,0,0.996875,0,1,0,0.160453808752026,0.00154320987654321,0,0,1,0,0,0,1,0,1,0,0,1,0.0201863354037267,0,0,0.00158730158730159,0,1,0,0,1,0,0,0,0,0,0,0.00317460317460317,0.0016025641025641,1,0,0.973684210526316,0.0218068535825545,0,0,0,0,0,0.915873015873016,0,0,0,0,0,0,0,1,1,0,1,0,0.998410174880763,0,0,0,0,0,0.998430141287284,0,0,0,0,0,0,0,0,0,0,0,0,0,0,1,0,0.0208333333333333,0,0.0358814352574103,0,0,0.00622083981337481,0,0.00161812297734628,0,0,0,0,0,0,0,0,0.00312989045383412,0.987460815047022,0,0,1,0,1,0,1,0,0,0,0,0,0.00158227848101266,0,0.0223642172523962,1,1,0,0,0,1,1,0,0,0,1,0,1,0,0,0.036624203821656,0,1,0,0,0,0,0,0,0,0.901587301587302,0,1,0,0.992125984251969,0,0,0.361290322580645,1,1,0.0015625,0,0.010989010989011,0,0,0,0,0,1,0,0,1,0,0,0,0.953703703703704,0,0,0,0,0,0,0,0,0,1,0,0,0.996830427892235,1,0,1,0,0,0,0,0,0.00646203554119548,0.00470219435736677,0,0.946624803767661,0,0.892682926829268,0.971786833855799,1,0.163779527559055,0,0,0.00611620795107034,0,0.948717948717949,0.937205651491366,0,0.973228346456693,0.990196078431373,0.945054945054945,0.967289719626168,0.937597503900156,0,0.963949843260188,0,0,0.953451043338684,0,0.924846625766871,0,0.0577223088923557,0,0
"130",0.565286624203822,0.551937984496124,0.560490045941807,0.57556270096463,0.542993630573248,0.545886075949367,0.629746835443038,0.565354330708661,0.529862174578867,0.00479233226837061,0.53448275862069,0.00477707006369427,0.630030959752322,0.536624203821656,0.486902927580894,0.464012251148545,0.00614439324116743,0.0157728706624606,0.56687898089172,0.572307692307692,0.614791987673344,0.461414790996785,0.546707503828484,0.00769230769230769,0.589312977099237,0.54,0.529320987654321,0.535143769968051,0.673780487804878,0.685847589424572,0.464615384615385,0.659409020217729,0.656786271450858,0.542056074766355,0.0062111801242236,0.5296,0.0273141122913505,0.533333333333333,0.684992570579495,0.57469512195122,0.0062015503875969,0.0123839009287926,0.0124416796267496,0.536741214057508,0.647727272727273,0.468253968253968,0.603149606299213,0.455246913580247,0.632930513595166,0.546707503828484,0.0062015503875969,0.551401869158878,0.608294930875576,0.527386541471048,0.644654088050314,0.551181102362205,0.00644122383252818,0.573692551505547,0.570769230769231,0.612403100775194,0.542901716068643,0.670295489891135,0.458003169572108,0.00628930817610063,0.609250398724083,0.631172839506173,0.00793650793650794,0.54375,0.00469483568075117,0.444444444444444,0.572542901716069,0.451313755795981,0.471138845553822,0.552469135802469,0.0046875,0.679012345679012,0.482496194824962,0.6390625,0.618670886075949,0.578861788617886,0.00313479623824451,0.649769585253456,0.554033485540335,0.539657853810264,0.546583850931677,0.599697885196375,0.534562211981567,0.557427258805513,0.555209953343701,0.0106707317073171,0.544303797468354,0.53323029366306,0.0046875,0.00470219435736677,0.557142857142857,0.00625978090766823,0.7640625,0.547581903276131,0.00758725341426404,0.0124031007751938,0.930124223602484,0.00791139240506329,0.703125,0.545166402535658,0.54,0.543859649122807,0.0125984251968504,0.556426332288401,0.4484375,0.451713395638629,0.446511627906977,0.603100775193798,0.595384615384615,0.539906103286385,0.00625,0.559505409582689,0.6546875,0.00612557427258806,0.449074074074074,0.5671875,0.00455235204855842,0.674528301886792,0.6890625,0.490353697749196,0.557275541795666,0.537634408602151,0.551145038167939,0.548387096774194,0.00772797527047913,1,0.590625,0.61698717948718,0.557324840764331,0.0061633281972265,0.543720190779014,0.460365853658537,0.00769230769230769,0.669278996865204,0.587774294670846,0.977777777777778,0.00796178343949045,0.00637958532695375,0.562790697674419,0.655226209048362,0.532385466034755,0.533227848101266,0.44375,0.613251155624037,0.57120253164557,0.544764795144158,0.608346709470305,0.542901716068643,0.535885167464115,0.615146831530139,0.550925925925926,0.439178515007899,0.54434250764526,0.444617784711388,0.00469483568075117,0.672496025437202,0.636913767019667,0.553488372093023,0.462365591397849,0.00610687022900763,0.533541341653666,0.605095541401274,0.550561797752809,0.549295774647887,0.541795665634675,0.52833078101072,0.555031446540881,0.459501557632399,0.563552833078101,0.46015037593985,0.608150470219436,0.585516178736518,0.00476190476190476,0.535101404056162,0.0046656298600311,0.593700787401575,0.546165884194053,0.514866979655712,0.549450549450549,0.58641975308642,0.534328358208955,0.557077625570776,0.526813880126183,0.592085235920852,0.607936507936508,0.594637223974763,0.487381703470032,0.465007776049767,0.555555555555556,0.651771956856703,0.00455927051671732,0.00784929356357928,0.772585669781931,0.00925925925925926,0.547511312217195,0.580893682588598,0.648902821316614,0.614791987673344,0.559451219512195,0.828525641025641,0.623076923076923,0.724193548387097,0.552262090483619,0.569640062597809,0.608024691358025,0.0062402496099844,0.617511520737327,0.646302250803859,0.5765625,0.448757763975155,0.4779299847793,0.98310291858679,0.557632398753894,0.559322033898305,0.637658227848101,0.548686244204019,0.618604651162791,0.00622083981337481,0.480680061823802,0.675799086757991,0.550632911392405,0.00777604976671851,0.551301684532925,0.562310030395137,0.989113530326594,0.563664596273292,0.546728971962617,0.537480063795853,0.817472698907956,0.00801282051282051,0.614916286149163,0.643192488262911,0.577170418006431,0.462962962962963,0.568807339449541,0.533018867924528,0.531152647975078,0.570982839313573,0.603343465045593,0.485668789808917,0.571207430340557,0.596006144393241,0.451908396946565,0.446455505279035,0.51496062992126,0.455399061032864,0.602848101265823,0.758358662613982,0.446345256609642,0.453978159126365,0.466049382716049,0.923430321592649,0.467948717948718,0.564341085271318,0.0124804992199688,0.455399061032864,0.0061633281972265,0.686804451510334,0.549763033175355,0.54,0.602150537634409,0.00765696784073507,0.624595469255663,0.614197530864197,0.658346333853354,0.6265625,0.603715170278638,0.605304212168487,0.015527950310559,0.525316455696203,0.553488372093023,0.66394779771615,0.558320373250389,0.464012251148545,0.735294117647059,0.457098283931357,0.53448275862069,0.562406015037594,0.545893719806763,0.632165605095541,0.00759878419452888,0.851289833080425,0.627725856697819,0.00772797527047913,0.453149001536098,0.620481927710843,0.552099533437014,0.0045662100456621,0.469387755102041,0.447692307692308,0.565495207667732,0.619651347068146,0.452032520325203,0.00786163522012579,0.836193447737909,0.554330708661417,0.709480122324159,0.589506172839506,0.778301886792453,0.565015479876161,0.465732087227414,0.54,0.547839506172839,0.447368421052632,0.568965517241379,0.534700315457413,0.569823434991974,0.544600938967136,0.551242236024845,0.631987577639752,0.717791411042945,0.548335974643423,0.578446909667195,0.0356589147286822,0.575899843505477,0.558320373250389,0.50462962962963,0.585218702865762,0.548686244204019,0.55,0.574568288854003,0.684294871794872,0.534456355283308,0.557632398753894,0.574730354391371,0.555729984301413,0.00628930817610063,0.637614678899083,0.853543307086614,0.465224111282844,0.0369230769230769,0.458270106221548,0.591397849462366,0.462480857580398,0.454545454545455,0.00602409638554217,0.549450549450549,0.542586750788643,0.52639751552795,0.55591054313099,0.58712715855573,0.550156739811912,0.741732283464567,0.719611021069692,0.647887323943662,0.559157212317666,0.00462962962962963,0.618524332810047,0.454682779456193,0.461890243902439,0.621913580246914,0.556618819776715,0.4515625,0.00625,0.650231124807396,0.453416149068323,0.473520249221184,0.599690880989181,0.536392405063291,0.578616352201258,0.546644844517185,0.555382215288612,0.0062111801242236,0.540178571428571,0.445468509984639,0.548632218844985,0.644200626959248,0.559294871794872,0.467614533965245,0.568147013782542,0.44031007751938,0.597809076682316,0.6513470681458,0.587155963302752,0.569018404907976,0.540832049306626,0.695517774343122,0.572998430141287,0.521472392638037,0.45839636913767,0.460122699386503,0.538819875776398,0.531782945736434,0.585516178736518,0.58,0.561093247588424,0.588325652841782,0.536474164133739,0.00467289719626168,0.513428120063191,0.537984496124031,0.44811320754717,0.00794912559618442,0.566510172143975,0.0144,0.464856230031949,0.52833078101072,0.575,0.0109034267912773,0.924846625766871,0.596518987341772,0.575039494470774,0.449526813880126,0.598101265822785,0.536115569823435,0.664566929133858,0.852534562211982,0.655226209048362,0.00321543408360129,0.605304212168487,0.54885993485342,0.55993690851735,0.596302003081664,0.537290715372907,0.546511627906977,0.472222222222222,0.00465116279069767,0.562021439509954,0.544461778471139,0.571205007824726,0.631259484066768,0.45839874411303,0.629160063391442,0.54858934169279,0.641815235008104,0.0108191653786708,0.639810426540284,0.650470219435737,0.637770897832817,0.00611620795107034,0.585443037974684,0.592767295597484,0.636785162287481,0.622900763358779,0.493293591654247,0.00622083981337481,0.00603318250377074,0.543026706231454,0.570552147239264,0.00469483568075117,0.6140625,0.0110935023771791,0.00308641975308642,0.00641025641025641,0.529874213836478,0.00619195046439629,0.564593301435407,0.758409785932722,1,0.531393568147014,0.00788643533123028,0.00463678516228748,0.539906103286385,0.562218890554723,0.667682926829268,0.438167938931298,0.00644122383252818,0.638167938931298,0.863496932515337,0.553654743390358,0.602167182662539,0.58125,0.00306748466257669,0.562596599690881,0.45,0.586261980830671,0.499207606973059,0.0061633281972265,0.447852760736196,0.54160125588697,0.574257425742574,0.539170506912442,0.00771604938271605,0.593373493975904,0.562596599690881,0.532407407407407,0.00786163522012579,0.504731861198738,0.553333333333333,0.479740680713128,0.537634408602151,0.542372881355932,0.442218798151002,0.525581395348837,0.743076923076923,0.69375,0.463338533541342,0.631160572337043,0.575617283950617,0.0124804992199688,0.460093896713615,0.567901234567901,0.458466453674121,0.685805422647528,0.568720379146919,0.00771604938271605,0.521671826625387,0.649038461538462,0.70679012345679,0.559006211180124,0.443234836702955,0.537519142419602,0.622977346278317,0.568421052631579,0.593220338983051,0.576036866359447,0.637083993660856,0.00772797527047913,0.549467275494673,0.452307692307692,0.54160125588697,0.845541401273885,0.463378176382661,0.542635658914729,0.547169811320755,0.531847133757962,0.587962962962963,0.548536209553159,0.587869362363919,0.654574132492114,0.584876543209877,0.641627543035994,0.00610687022900763,0.00628930817610063,0.537124802527646,0.584786053882726,0.458267716535433,0.564465408805031,0.559322033898305,0.818040435458787,0.613526570048309,0.754385964912281,0.631659056316591,0.00759878419452888,0.561240310077519,0.789889415481833,0.528951486697966,0.53582554517134,0.00750750750750751,0.676656151419558,0.562401263823065,0.459375,0.654516640253566,0.593558282208589,0.638805970149254,0.648902821316614,0.56865671641791,0.483483483483483,0.563897763578275,0.557299843014129,0.569659442724458,0.756410256410256,0.538102643856921,0.551242236024845,0.539877300613497,0.0107197549770291,0.652777777777778,0.62015503875969,0.551083591331269,0.647239263803681,0.54066985645933,0.595911949685535,0.548238897396631,0.23206106870229,0.456730769230769,0.00764525993883792,0.6375,0.457231726283048,0.448382126348228,0.578369905956113,0.0078003120124805,0.560250391236307,0.595092024539877,0.55,0.551359516616314,0.497637795275591,0.46801872074883,0.0060790273556231,0.0046656298600311,0.617834394904459,0.498432601880878,0.517996870109546,0.0062015503875969,0.438948995363215,0.532507739938081,0.198767334360555,0.746031746031746,0.555379746835443,0.9640625,0.56,0.65296803652968,0.667669172932331,0.00460829493087558,0.536621823617339,0.840189873417722,0.871473354231975,0.609422492401216,0.543778801843318,0.664605873261206,0.0138036809815951,0.580495356037152,0.581538461538462,0.00467289719626168,0.53984962406015,0.462145110410095,0.560702875399361,0.612752721617418,0.00777604976671851,0.0108359133126935,0.878444084278768,0.635220125786163,0.447204968944099,0.541269841269841,0.0139968895800933,0.008,0.615267175572519,0.465732087227414,0.519543973941368,0.587962962962963,0.560121765601218,0.452054794520548,0.572317262830482,0.541062801932367,0.638230647709321,0.513556618819777,0.463836477987421,0.00940438871473354,0.47244094488189,0.00463678516228748,0.538109756097561,0.407830342577488,0.559757942511346,0.466034755134281,0.544585987261146,0.00308166409861325,0.611026033690659,0.670807453416149,0.554858934169279,0.00796178343949045,0.543778801843318,0.0064,0.6,0.547945205479452,0.00611620795107034,0.889570552147239,0.55188679245283,0.578625954198473,0.578778135048232,0.469953775038521,0.00788643533123028,0.539781591263651,0.542857142857143,0.0060790273556231,0.662595419847328,0.440729483282675,0.459167950693374,0.537974683544304,0.531645569620253,0.536363636363636,0.543613707165109,0.550473186119874,0.00617283950617284,0.562009419152276,0.018348623853211,0.806697108066971,0.572317262830482,0.537519142419602,0.531847133757962,0.552870090634441,0.552262090483619,0.0720858895705521,0.478672985781991,0.5568,0.573619631901841,0.652241112828439,0.557275541795666,0.542682926829268,0.582689335394127,0.00613496932515337,0.00606060606060606,0.55952380952381,0.00611620795107034,0.477272727272727,0.00791139240506329,0.583724569640063,0.562101910828026,0.546178343949045,0.555386949924128,0.587227414330218,0.00617283950617284,0.553353658536585,0.538341158059468,0.568992248062016,0.665620094191523,0.825373134328358,0.563150074294205,0.52824427480916,0.598412698412698,0.445468509984639,0.490712074303406,0.8984375,0.562111801242236,0.648062015503876,0.46129541864139,0.0063391442155309,0.442879499217527,0.780063291139241,0.541195476575121,0.791730474732006,0.670676691729323,0.639876352395672,0.633281972265023,0.548238897396631,0.583732057416268,0.545454545454545,0.544585987261146,0.545023696682464,0.639191290824261,0.591614906832298,0.546875,0.465465465465465,0.466266866566717,0.614197530864197,0.0152905198776758,0.541666666666667,0.533541341653666,0.00628930817610063,0.551505546751189,0.00627943485086342,0.55625,0.00641025641025641,0.564220183486238,0.545031055900621,0.445966514459665,0.636932707355243,0.540334855403349,0.848673946957878,0.791277258566978,0.6578125,0.00614439324116743,0.0062402496099844,0.576923076923077,0.594955489614243,0.567651632970451,0.00757575757575758,0.00606980273141123,0.456418383518225,0.540909090909091,0.620743034055728,0.00311526479750779,0.603100775193798,0.00610687022900763,0.584518167456556,0.549763033175355,0.568471337579618,0.563748079877112,0.00457317073170732,0.586921850079745,0.608150470219436,0.58307210031348,0.560975609756098,0.716257668711656,0.455974842767296,0.55591054313099,0.0642633228840125,0.542264752791069,0.00789889415481832,0.543913713405239,0.0122511485451761,0.537007874015748,0.459247648902821,0.299531981279251,0.00610687022900763,0.0062992125984252,0.601236476043277,0.5744,0.58868501529052,0.654263565891473,0.46969696969697,0.454689984101749,0.577223088923557,0.539050535987749,0.00320512820512821,0.457943925233645,0.554675118858954,0.00306278713629403,0.547504025764895,0.58678955453149,0.502340093603744,0.0296411856474259,0.453125,0.542113323124043,0.590837282780411,0.477165354330709,0.496012759170654,0.520186335403727,0.660771704180064,0.523809523809524,0.559055118110236,0.00618238021638331,0.675425038639876,0.522935779816514,0.00950871632329636,0.00791139240506329,0.453592814371257,0.00312989045383412,0.460949464012251,0.540752351097179,0.653225806451613,0.466034755134281,0.453978159126365,0.984227129337539,0.573899371069182,0.662037037037037,0.0352760736196319,0.449760765550239,0.0685805422647528,0.024653312788906,0.00784929356357928,0.388544891640867,0.435703479576399,0.453543307086614,0.458966565349544,0.454268292682927,0.0316455696202532,0.0396946564885496,0.471317829457364,0.0231124807395994,0.0126782884310618,0.0478395061728395,0.0287878787878788,0.0325077399380805,0.46875,0.0278207109737249,0.424635332252836,0.455676516329705,0.0317965023847377,0.460815047021944,0.0599078341013825,0.460815047021944,0.445987654320988,0.455639097744361,0.452713178294574
"131",0.929967426710098,0.933333333333333,0.9453125,0.944983818770227,0.939641109298532,0.946254071661238,0.872841444270016,0.931782945736434,0.931570762052877,0,0.933962264150943,0,0.611464968152866,0.93719806763285,0.11214953271028,0.0793157076205288,0,0.0109717868338558,0.933441558441558,0.928348909657321,0.234472049689441,0.102605863192182,0.923430321592649,0,0.90809968847352,0.29570747217806,0.157320872274143,0.934189406099519,0.513803680981595,0.700468018720749,0.0692307692307692,0.729430379746835,0.777777777777778,0.334928229665072,0,0.932496075353218,0.0172684458398744,0.928125,0.318181818181818,0.857364341085271,0.0015748031496063,0.0109034267912773,0.00473186119873817,0.93312101910828,0.845161290322581,0.0964630225080386,0.538950715421304,0.0619047619047619,0.527272727272727,0.196319018404908,0,0.938582677165354,0.332814930015552,0.930489731437599,0.865718799368088,0.225283630470016,0,0.92018779342723,0.918876755070203,0.902362204724409,0.348837209302326,0.476708074534161,0.062200956937799,0,0.85828025477707,0.807153965785381,0,0.933753943217666,0,0.0591054313099042,0.85,0.0669781931464174,0.0846394984326019,0.932707355242567,0,0.71875,0.111801242236025,0.612403100775194,0.904838709677419,0.330578512396694,0,0.758998435054773,0.263719512195122,0.925867507886435,0.190923317683881,0.932926829268293,0.922360248447205,0.951638065522621,0.922239502332815,0.00768049155145929,0.923444976076555,0.929906542056075,0,0,0.933977455716586,0,0.362928348909657,0.930448222565688,0.0061633281972265,0.00784929356357928,0.647798742138365,0,0.33868378812199,0.934920634920635,0.169724770642202,0.933224755700326,0.00788643533123028,0.938679245283019,0.0661290322580645,0.0666666666666667,0.0733229329173167,0.884676145339652,0.394080996884735,0.931034482758621,0,0.934065934065934,0.755485893416928,0,0.0712074303405573,0.286833855799373,0,0.77602523659306,0.30298273155416,0.13614262560778,0.9359375,0.218152866242038,0.933333333333333,0.94794952681388,0,0.590625,1,0.519047619047619,0.926751592356688,0,0.927215189873418,0.0893682588597843,0,0.27172195892575,0.642405063291139,0.56418383518225,0,0,0.933021806853583,0.776377952755905,0.232899022801303,0.935736677115988,0.0704225352112676,0.962382445141066,0.475513428120063,0.936532507739938,0.1952,0.934375,0.935379644588045,0.829984544049459,0.93217665615142,0.0670926517571885,0.933229813664596,0.0612244897959184,0,0.751974723538705,0.856697819314642,0.930708661417323,0.0893416927899686,0,0.930662557781202,0.53160453808752,0.932038834951456,0.941176470588235,0.935736677115988,0.346153846153846,0.935837245696401,0.0706436420722135,0.912307692307692,0.0715372907153729,0.894488188976378,0.413145539906103,0,0.932496075353218,0,0.825196850393701,0.932069510268562,0.188679245283019,0.938080495356037,0.904907975460123,0.930408472012103,0.909375,0.1671875,0.442396313364055,0.92879746835443,0.944444444444444,0.123028391167192,0.0688575899843505,0.937908496732026,0.851330203442879,0,0,0.365659777424483,0.0015600624024961,0.92802450229709,0.324074074074074,0.860759493670886,0.760061919504644,0.936651583710407,0.490445859872611,0.488151658767773,0.338658146964856,0.875796178343949,0.913875598086124,0.873831775700935,0,0.836671802773498,0.248772504091653,0.913738019169329,0.0665610142630745,0.135593220338983,0.568535825545171,0.924170616113744,0.927357032457496,0.842356687898089,0.936708860759494,0.863492063492064,0,0.123824451410658,0.693846153846154,0.9312,0,0.925581395348837,0.945904173106646,0.598130841121495,0.576086956521739,0.927444794952681,0.935587761674718,0.426984126984127,0,0.875957120980092,0.567140600315956,0.956026058631922,0.0736677115987461,0.920684292379471,0.941362916006339,0.93730407523511,0.9056,0.584905660377358,0.0727848101265823,0.953343701399689,0.564945226917058,0.0717557251908397,0.0601851851851852,0.250798722044728,0.0642633228840125,0.2224,0.703076923076923,0.0635658914728682,0.0697674418604651,0.0762052877138414,0.638167938931298,0.106035889070147,0.948635634028893,0.00947867298578199,0.0578125,0,0.281399046104928,0.935379644588045,0.920760697305864,0.894984326018809,0,0.871753246753247,0.820031298904538,0.7376,0.645007923930269,0.500794912559618,0.490353697749196,0.0078740157480315,0.92822966507177,0.162790697674419,0.744224422442244,0.948031496062992,0.0784615384615385,0.765451664025357,0.0729001584786054,0.184899845916795,0.934984520123839,0.936,0.873617693522907,0,0.674961119751166,0.870253164556962,0,0.0669781931464174,0.876524390243902,0.939778129952456,0,0.0699844479004666,0.0632716049382716,0.92604501607717,0.89047619047619,0.067741935483871,0,0.441269841269841,0.9375,0.807692307692308,0.457098283931357,0.691935483870968,0.916279069767442,0.0716510903426791,0.930015552099533,0.93125,0.0746031746031746,0.933229813664596,0.933649289099526,0.923566878980892,0.936728395061728,0.240566037735849,0.366771159874608,0.339116719242902,0.932258064516129,0.896890343698854,0.0423197492163009,0.311320754716981,0.94383775351014,0.213953488372093,0.354294478527607,0.943037974683544,0.936908517350158,0.94006309148265,0.706730769230769,0.930448222565688,0.295238095238095,0.9578125,0.939873417721519,0,0.394080996884735,0.588709677419355,0.0818897637795276,0.0470219435736677,0.0721966205837174,0.867507886435331,0.0828125,0.0671875,0,0.292834890965732,0.937898089171974,0.139937106918239,0.945634266886326,0.946372239747634,0.941640378548896,0.33968253968254,0.351612903225806,0.695046439628483,0.497560975609756,0,0.820634920634921,0.0737327188940092,0.0995334370139969,0.259375,0.937799043062201,0.0699523052464229,0,0.385448916408669,0.0670826833073323,0.0846645367412141,0.510433386837881,0.935023771790808,0.339144215530903,0.929373996789727,0.916403785488959,0,0.941877794336811,0.0684292379471229,0.936825885978428,0.822429906542056,0.936065573770492,0.0818897637795276,0.921630094043887,0.0595611285266458,0.847003154574132,0.773311897106109,0.895223420647149,0.938176197836167,0.928,0.342767295597484,0.914012738853503,0.927162367223065,0.0708782742681048,0.0877742946708464,0.937996820349762,0.93125,0.391304347826087,0.8375,0.91437802907916,0.92802450229709,0.929663608562691,0,0.173633440514469,0.934984520123839,0.0665610142630745,0,0.948275862068966,0.00814332247557003,0.115506329113924,0.934579439252336,0.950636942675159,0.00158982511923688,0.658730158730159,0.47275641025641,0.938485804416404,0.0561797752808989,0.842271293375394,0.93030794165316,0.429022082018927,0.6484375,0.848101265822785,0,0.222575516693164,0.935691318327974,0.93217665615142,0.488076311605723,0.931570762052877,0.908333333333333,0.0888888888888889,0.0015600624024961,0.930124223602484,0.935331230283912,0.9484375,0.697160883280757,0.0723472668810289,0.866454689984102,0.278560250391236,0.228476821192053,0.00627943485086342,0.632911392405063,0.632165605095541,0.673946957878315,0,0.352272727272727,0.914556962025316,0.653726708074534,0.554364471669219,0.134848484848485,0,0,0.935240963855422,0.914463452566096,0,0.913657770800628,0.00955414012738853,0,0,0.934817170111288,0,0.944,0.792393026941363,0.569465648854962,0.934681181959565,0,0,0.939873417721519,0.916923076923077,0.736842105263158,0.0662557781201849,0.0032,0.863287250384025,0.639751552795031,0.937106918238994,0.559875583203733,0.421303656597774,0,0.933125972006221,0.071656050955414,0.945425361155698,0.154330708661417,0,0.0749235474006116,0.194888178913738,0.527182866556837,0.921630094043887,0,1,0.928348909657321,0.941176470588235,0,0.134920634920635,0.887973640856672,0.0721311475409836,0.934749620637329,0.935483870967742,0.0725552050473186,0.930926216640502,0.352201257861635,0.813084112149533,0.0839936608557845,0.235668789808917,0.92259083728278,0.00963081861958266,0.0625978090766823,0.956386292834891,0.0749185667752443,0.675548589341693,0.445497630331754,0,0.173981191222571,0.757723577235772,0.317535545023697,0.919937205651491,0.0620031796502385,0.204301075268817,0.488524590163934,0.922256097560976,0.888719512195122,0.914826498422713,0.760834670947031,0,0.916537867078825,0.0680061823802164,0.91496062992126,0.448946515397083,0.067175572519084,0.936434108527132,0.933544303797468,0.930756843800322,0.6484375,0.947122861586314,0.188291139240506,0.246835443037975,0.902021772939347,0.864353312302839,0,0,0.939102564102564,0.921974522292994,0.0925039872408294,0.936507936507937,0.937007874015748,0.429017160686427,0.929373996789727,0.741679873217116,0.862654320987654,0,0.922953451043339,0.391025641025641,0.930379746835443,0.933438985736926,0,0.664025356576862,0.945072697899838,0.0584518167456556,0.704472843450479,0.426584234930448,0.788199697428139,0.742811501597444,0.907692307692308,0.14175654853621,0.93030794165316,0.933333333333333,0.947867298578199,0.35,0.149842271293375,0.934477379095164,0.933028919330289,0.00465116279069767,0.794348508634223,0.5,0.331775700934579,0.797507788161994,0.933858267716535,0.848101265822785,0.938485804416404,0.137071651090343,0.0637254901960784,0,0.822503961965135,0.0679304897314376,0.059748427672956,0.341692789968652,0,0.932389937106918,0.898461538461538,0.940345368916798,0.933846153846154,0.159126365054602,0.0698412698412698,0,0,0.232520325203252,0.134185303514377,0.217115689381933,0,0.0649149922720247,0.9265625,0.0332805071315372,0.349761526232114,0.945161290322581,0.629057187017002,0.919047619047619,0.724299065420561,0.716923076923077,0,0.937031484257871,0.457413249211356,0.547021943573668,0.90937019969278,0.937984496124031,0.465625,0.0062015503875969,0.962441314553991,0.955589586523737,0,0.924846625766871,0.0881889763779528,0.938709677419355,0.45839874411303,0,0.00782472613458529,0.561779242174629,0.865814696485623,0.0673981191222571,0.210110584518167,0.00946372239747634,0.00161550888529887,0.73587786259542,0.0848,0.939542483660131,0.388364779874214,0.936923076923077,0.0718654434250764,0.434312210200927,0.36608557844691,0.865573770491803,0.156957928802589,0.0713178294573643,0.00314465408805031,0.107424960505529,0,0.934782608695652,0.0777957860615883,0.945038167938931,0.0723472668810289,0.938411669367909,0,0.560675883256528,0.492163009404389,0.930708661417323,0,0.934883720930233,0,0.474548440065681,0.927803379416283,0,0.674884437596302,0.933227344992051,0.740973312401884,0.93900481540931,0.0975232198142415,0,0.927018633540373,0.315619967793881,0,0.734254992319508,0.0610687022900763,0.0862068965517241,0.942307692307692,0.936406995230525,0.933846153846154,0.919558359621451,0.92332268370607,0,0.917573872472784,0.021671826625387,0.410493827160494,0.351648351648352,0.933229813664596,0.924882629107981,0.928571428571429,0.928125,0.0571428571428571,0.0764331210191083,0.942716857610475,0.918876755070203,0.732612055641422,0.93167701863354,0.935433070866142,0.952012383900929,0,0,0.925981873111782,0,0.12788906009245,0,0.9609375,0.338187702265372,0.261980830670927,0.177641653905054,0.884676145339652,0,0.170542635658915,0.93343653250774,0.941628264208909,0.708006279434851,0.465045592705167,0.278115501519757,0.248456790123457,0.655660377358491,0.0664605873261206,0.179527559055118,0.598715890850722,0.298107255520505,0.714285714285714,0.0628930817610063,0,0.0591054313099042,0.378421900161031,0.926829268292683,0.659340659340659,0.285276073619632,0.64171974522293,0.87888198757764,0.924731182795699,0.933441558441558,0.934713375796178,0.934920634920635,0.928,0.595348837209302,0.483720930232558,0.934579439252336,0.0703363914373089,0.0653495440729483,0.869905956112853,0.00923076923076923,0.938461538461538,0.911214953271028,0,0.174121405750799,0,0.916139240506329,0,0.93125,0.930708661417323,0.0682170542635659,0.833068362480127,0.926905132192846,0.68860353130016,0.658767772511848,0.864353312302839,0,0,0.90327868852459,0.944277108433735,0.934477379095164,0,0,0.0610932475884244,0.284603421461897,0.5296875,0,0.503194888178914,0,0.914149443561208,0.935023771790808,0.221324717285945,0.295208655332303,0,0.406050955414013,0.608214849921011,0.830670926517572,0.9515625,0.801574803149606,0.0665610142630745,0.94524959742351,0.0204081632653061,0.927184466019418,0,0.954337899543379,0.00626959247648903,0.938110749185668,0.0753532182103611,0.0497592295345104,0,0,0.82807570977918,0.880913539967374,0.91358024691358,0.708006279434851,0.0944272445820433,0.0746031746031746,0.834645669291339,0.812596006144393,0,0.0721153846153846,0.9088,0,0.92604501607717,0.953488372093023,0.119496855345912,0.0392464678178964,0.0678233438485804,0.937694704049844,0.506369426751592,0.125,0.168852459016393,0.180555555555556,0.707037643207856,0.160686427457098,0.938291139240506,0,0.765723270440252,0.914596273291925,0.00474683544303797,0,0.0703363914373089,0,0.0698412698412698,0.93968253968254,0.722222222222222,0.0690737833594976,0.0649762282091918,0.580952380952381,0.931309904153355,0.47906976744186,0.043010752688172,0.0715421303656598,0.0536585365853659,0.0156985871271586,0,0.0850722311396469,0.0718654434250764,0.062992125984252,0.081377151799687,0.0585516178736518,0.0443037974683544,0.0541795665634675,0.0722135007849294,0.0156985871271586,0.00484652665589661,0.031201248049922,0.0232198142414861,0.05320813771518,0.069620253164557,0.0200617283950617,0.0686274509803922,0.0692913385826772,0.0396196513470681,0.0717628705148206,0.0246153846153846,0.0680061823802164,0.0924764890282132,0.0681818181818182,0.0671875
"132",0.493464052287582,0.494417862838915,0.488226059654631,0.507389162561576,0.48130081300813,0.464882943143813,0.539325842696629,0.49203821656051,0.503875968992248,0,0.482371794871795,0,0.591482649842271,0.487883683360259,0.509493670886076,0.519747235387046,0,0.0113821138211382,0.5,0.503949447077409,0.563579277864992,0.530944625407166,0.50390015600624,0,0.522012578616352,0.557165861513688,0.55111821086262,0.490998363338789,0.696682464454976,0.541732283464567,0.497645211930926,0.590243902439024,0.628058727569331,0.611650485436893,0,0.482484076433121,0.010989010989011,0.4890625,0.609907120743034,0.559505409582689,0,0.00943396226415094,0.003125,0.48936170212766,0.54726368159204,0.540322580645161,0.580542264752791,0.518110236220472,0.6156202143951,0.602782071097372,0,0.506430868167203,0.61648177496038,0.4816,0.523424878836834,0.57516339869281,0,0.515497553017945,0.4896,0.53448275862069,0.587579617834395,0.694753577106518,0.505636070853462,0,0.580327868852459,0.628571428571429,0,0.474522292993631,0,0.517684887459807,0.520440251572327,0.5296,0.53160453808752,0.463836477987421,0,0.655007949125596,0.521259842519685,0.698412698412698,0.53257328990228,0.582342954159593,0,0.570287539936102,0.583724569640063,0.485759493670886,0.582278481012658,0.536776212832551,0.48811410459588,0.518167456556082,0.49211356466877,0.00313971742543171,0.491171749598716,0.476947535771065,0,0,0.495114006514658,0,0.60731319554849,0.488188976377953,0.00157728706624606,0.00315955766192733,0.603225806451613,0,0.603864734299517,0.474631751227496,0.543613707165109,0.485342019543974,0.00322061191626409,0.497637795275591,0.507223113964687,0.516025641025641,0.511111111111111,0.506389776357827,0.590764331210191,0.501612903225806,0,0.488853503184713,0.571428571428571,0,0.521060842433697,0.741100323624595,0,0.620355411954766,0.611821086261981,0.545304777594728,0.486356340288925,0.619426751592357,0.491338582677165,0.496805111821086,0,0.61698717948718,0.519047619047619,1,0.48371335504886,0,0.486666666666667,0.524486571879937,0,0.612277867528271,0.56120826709062,0.613861386138614,0,0,0.4944,0.669291338582677,0.599018003273322,0.488745980707395,0.517628205128205,0.521462639109698,0.584814216478191,0.50390015600624,0.56,0.4848,0.490291262135922,0.570093457943925,0.484944532488114,0.51227495908347,0.474683544303797,0.520259319286872,0,0.685393258426966,0.535321821036107,0.492012779552716,0.525078369905956,0,0.4765625,0.590538336052202,0.495881383855025,0.495987158908507,0.481012658227848,0.5734375,0.484076433121019,0.513866231647635,0.524332810047096,0.52093023255814,0.515248796147673,0.5671875,0,0.496742671009772,0,0.567307692307692,0.475120385232745,0.6592,0.480952380952381,0.507911392405063,0.489197530864198,0.510236220472441,0.5703125,0.581102362204724,0.509771986970684,0.508116883116883,0.531746031746032,0.509493670886076,0.502439024390244,0.522292993630573,0,0,0.6192,0,0.496875,0.580093312597201,0.523424878836834,0.594427244582043,0.484472049689441,0.639423076923077,0.982539682539682,0.644480519480519,0.480519480519481,0.501607717041801,0.526645768025078,0,0.551779935275081,0.579378068739771,0.4928,0.512698412698413,0.531446540880503,0.622820919175911,0.497584541062802,0.485133020344288,0.589285714285714,0.497592295345104,0.579617834394904,0,0.537964458804523,0.682316118935837,0.477346278317152,0,0.482539682539683,0.506172839506173,0.623397435897436,0.559561128526646,0.4896331738437,0.5,0.621794871794872,0,0.519500780031201,0.593004769475358,0.500829187396352,0.512038523274478,0.494488188976378,0.482084690553746,0.481308411214953,0.5344,0.574766355140187,0.515347334410339,0.488709677419355,0.567140600315956,0.506998444790047,0.496932515337423,0.563694267515924,0.522364217252396,0.566343042071197,0.606349206349206,0.519685039370079,0.529968454258675,0.516129032258065,0.605015673981191,0.533551554828151,0.508116883116883,0.00486223662884927,0.512861736334405,0,0.5888,0.491114701130856,0.5,0.508038585209003,0,0.531045751633987,0.611111111111111,0.57484076433121,0.585326953748006,0.576243980738363,0.959742351046699,0.00315955766192733,0.482982171799028,0.541666666666667,0.574503311258278,0.515723270440252,0.522012578616352,0.55111821086262,0.514240506329114,0.544,0.492935635792779,0.505804311774461,0.522727272727273,0,0.610675039246468,0.508064516129032,0,0.501587301587302,0.514018691588785,0.484751203852327,0,0.534920634920635,0.513556618819777,0.506535947712418,0.557536466774716,0.528830313014827,0,0.5984,0.491283676703645,0.567610062893082,0.578025477707006,0.596434359805511,0.483670295489891,0.515248796147673,0.500784929356358,0.477346278317152,0.510569105691057,0.500787401574803,0.491114701130856,0.516447368421053,0.499202551834131,0.607085346215781,0.62754303599374,0.624,0.471358428805237,0.501639344262295,0.020440251572327,0.758899676375405,0.508828250401284,0.557299843014129,0.746105919003115,0.501587301587302,0.503974562798092,0.508716323296355,0.690048939641109,0.4921875,0.761437908496732,0.510268562401264,0.479166666666667,0,0.623604465709729,0.584843492586491,0.524038461538462,0.0250783699059561,0.5203125,0.511848341232227,0.514240506329114,0.519047619047619,0,0.601255886970173,0.482315112540193,0.566666666666667,0.512437810945274,0.501592356687898,0.481540930979133,0.6128,0.619281045751634,0.684887459807074,0.577181208053691,0,0.61244019138756,0.510077519379845,0.513260530421217,0.59748427672956,0.493485342019544,0.521943573667712,0,0.623809523809524,0.5056,0.52132701421801,0.585760517799353,0.49185667752443,0.571428571428571,0.477611940298507,0.504038772213247,0,0.492447129909366,0.489763779527559,0.489859594383775,0.60952380952381,0.498371335504886,0.510466988727858,0.509523809523809,0.5103668261563,0.590189873417722,0.548701298701299,0.533858267716535,0.504761904761905,0.479871175523349,0.624398073836276,0.517571884984026,0.472868217054264,0.510268562401264,0.52572347266881,0.487138263665595,0.507836990595611,0.585209003215434,0.605633802816901,0.518151815181518,0.520064205457464,0.486529318541997,0,0.555008210180624,0.487961476725522,0.522653721682848,0,0.493548387096774,0.00328947368421053,0.529886914378029,0.48489666136725,0.5008,0,0.595121951219512,0.561904761904762,0.5,0.502423263327948,0.520967741935484,0.484451718494272,0.67373572593801,0.597133757961783,0.544861337683524,0,0.582792207792208,0.492730210016155,0.479935794542536,0.562700964630225,0.5,0.499153976311337,0.528571428571429,0,0.481774960380349,0.506451612903226,0.514285714285714,0.649842271293375,0.528735632183908,0.522875816993464,0.551282051282051,0.570234113712375,0.00315955766192733,0.707717569786535,0.598705501618123,0.576190476190476,0,0.555735056542811,0.522364217252396,0.687203791469194,0.574367088607595,0.559505409582689,0,0,0.467987804878049,0.515576323987539,0,0.527733755942948,0.00489396411092985,0,0,0.493569131832797,0,0.496763754045307,0.561904761904762,0.616588419405321,0.473767885532591,0,0,0.495238095238095,0.525423728813559,0.672926447574335,0.527472527472527,0.00163132137030995,0.510903426791277,0.604133545310016,0.492753623188406,0.575471698113208,0.5664,0,0.4832,0.532125205930807,0.511551155115512,0.548231511254019,0,0.5,0.580906148867314,0.688333333333333,0.503154574132492,0,0.519561815336463,0.490415335463259,0.478193146417445,0,0.545746388443018,0.531772575250836,0.495812395309883,0.482866043613707,0.477519379844961,0.522082018927445,0.482594936708861,0.612954186413902,0.54414125200642,0.520833333333333,0.560975609756098,0.515055467511886,0.00320512820512821,0.532051282051282,0.514516129032258,0.513071895424837,0.666123778501629,0.526655896607431,0,0.54281098546042,0.577487765089723,0.620253164556962,0.503987240829346,0.522022838499184,0.552380952380952,0.962171052631579,0.506998444790047,0.530708661417323,0.517515923566879,0.650974025974026,0,0.507836990595611,0.514728682170543,0.504807692307692,0.615640599001664,0.521531100478469,0.468652037617555,0.505582137161085,0.479674796747967,0.559808612440191,0.492138364779874,0.555194805194805,0.583061889250814,0.513470681458003,0.526232114467409,0,0,0.482982171799028,0.517741935483871,0.509031198686371,0.489465153970827,0.497622820919176,0.625796178343949,0.50814332247557,0.583198707592892,0.525157232704403,0,0.503184713375796,0.60702875399361,0.486312399355878,0.476650563607085,0,0.724919093851133,0.478190630048465,0.511254019292605,0.632850241545894,0.59047619047619,0.600609756097561,0.563106796116505,0.53582554517134,0.520376175548589,0.492753623188406,0.482539682539683,0.493650793650794,0.609634551495017,0.517571884984026,0.493690851735016,0.474842767295597,0,0.648648648648649,0.7,0.565354330708661,0.55379746835443,0.477165354330709,0.516025641025641,0.482371794871795,0.132283464566929,0.503344481605351,0,0.5648,0.50801282051282,0.513428120063191,0.5818759936407,0,0.500794912559618,0.532608695652174,0.482371794871795,0.498427672955975,0.5392,0.506472491909385,0,0,0.590538336052202,0.530351437699681,0.561904761904762,0,0.518167456556082,0.486571879936809,0.234076433121019,0.617741935483871,0.482084690553746,0.618122977346278,0.515923566878981,0.563091482649842,0.582434514637905,0,0.496951219512195,0.627035830618892,0.642628205128205,0.521806853582555,0.487460815047022,0.60828025477707,0.00160771704180064,0.496784565916399,0.513846153846154,0,0.498452012383901,0.517295597484277,0.502487562189055,0.931746031746032,0,0.00317460317460317,0.648829431438127,0.545161290322581,0.515151515151515,0.547811993517018,0.00478468899521531,0,0.562305295950156,0.52442996742671,0.478920741989882,0.602825745682888,0.494539781591264,0.513219284603421,0.591194968553459,0.574675324675325,0.536945812807882,0.577235772357724,0.501567398119122,0.00159489633173844,0.521739130434783,0,0.493788819875776,0.445723684210526,0.474809160305344,0.523274478330658,0.491830065359477,0,0.576744186046512,0.674718196457327,0.483253588516746,0,0.496087636932707,0,0.602965403624382,0.502340093603744,0,0.594936708860759,0.505654281098546,0.561174551386623,0.506472491909385,0.526232114467409,0,0.47588424437299,0.610749185667752,0,0.581993569131833,0.506230529595016,0.521739130434783,0.492730210016155,0.483922829581994,0.492890995260663,0.487138263665595,0.48538961038961,0,0.499205087440382,0.010989010989011,0.615506329113924,0.585987261146497,0.499215070643642,0.488958990536278,0.491525423728814,0.490536277602524,0.0512,0.526484751203852,0.5,0.509433962264151,0.687106918238994,0.510971786833856,0.484177215189873,0.496805111821086,0,0,0.508448540706605,0,0.5359375,0.00161290322580645,0.515007898894155,0.57799671592775,0.54885993485342,0.552959501557632,0.54071661237785,0.00162866449511401,0.567140600315956,0.490384615384615,0.496845425867508,0.55784469096672,0.640552995391705,0.614457831325301,0.561815336463224,0.574193548387097,0.522834645669291,0.544871794871795,0.60223642172524,0.780096308186196,0.669291338582677,0.496794871794872,0,0.501612903225806,0.614634146341463,0.489326765188834,0.563981042654028,0.5895865237366,0.715890850722311,0.524564183835182,0.469040247678019,0.498333333333333,0.493464052287582,0.505672609400324,0.479166666666667,0.565640194489465,0.581210191082803,0.491171749598716,0.516923076923077,0.514774494556765,0.556782334384858,0.00318979266347687,0.503164556962025,0.519500780031201,0,0.58957654723127,0,0.513513513513513,0,0.505529225908373,0.495987158908507,0.516693163751987,0.533546325878594,0.493730407523511,0.586038961038961,0.598715890850722,0.533762057877814,0,0,0.53,0.503852080123267,0.4848,0,0,0.506578947368421,0.725984251968504,0.967845659163987,0,0.573482428115016,0,0.488853503184713,0.497560975609756,0.53125,0.601550387596899,0,0.608130081300813,0.587378640776699,0.629160063391442,0.502354788069074,0.575757575757576,0.506389776357827,0.480519480519481,0.0544871794871795,0.477198697068404,0,0.504702194357367,0.00317965023847377,0.497545008183306,0.536231884057971,0.340288924558588,0,0,0.564668769716088,0.5408,0.495283018867925,0.74414976599064,0.489891135303266,0.511326860841424,0.526813880126183,0.514728682170543,0,0.527821939586645,0.511146496815287,0,0.499176276771005,0.50788643533123,0.549520766773163,0.0174880763116057,0.518341307814992,0.477379095163807,0.547077922077922,0.51685393258427,0.539708265802269,0.556618819776715,0.660194174757282,0.584786053882726,0.485483870967742,0,0.683788121990369,0.510301109350238,0.00329489291598023,0,0.51937984496124,0,0.518459069020867,0.492822966507177,0.584158415841584,0.515548281505728,0.51063829787234,0.6224,0.48780487804878,0.698890649762282,0.0202492211838006,0.512437810945274,0.0439739413680782,0.0159744408945687,0,0.443910256410256,0.517774343122102,0.509615384615385,0.520440251572327,0.525902668759812,0.0207667731629393,0.0236220472440945,0.522222222222222,0.0175438596491228,0.00657894736842105,0.0289389067524116,0.0172955974842767,0.0253565768621236,0.519872813990461,0.0192,0.502454991816694,0.497584541062802,0.0162074554294976,0.512578616352201,0.0419254658385093,0.521531100478469,0.500802568218299,0.509174311926605,0.498381877022654
"133",0.986885245901639,0.990506329113924,0.962674961119751,0.92520325203252,0.975490196078431,0.990082644628099,0.889776357827476,0.963607594936709,0.99211356466877,0,0.99203821656051,0,0.565768621236133,0.988467874794069,0.0526315789473684,0.0175438596491228,0,0.0112359550561798,0.986885245901639,0.970125786163522,0.165625,0.0429752066115702,0.987480438184664,0,0.950949367088608,0.261290322580645,0.0993589743589744,0.988562091503268,0.469096671949287,0.674528301886792,0.0126182965299685,0.691437802907916,0.757188498402556,0.275316455696203,0,0.988958990536278,0.0171339563862928,0.984177215189873,0.274418604651163,0.897798742138365,0,0.0142857142857143,0.0046801872074883,0.990353697749196,0.792358803986711,0.0339805825242718,0.512116316639742,0.0112179487179487,0.47906976744186,0.151326053042122,0,0.982456140350877,0.277337559429477,0.990306946688207,0.876602564102564,0.180032733224223,0,0.967532467532468,0.945226917057903,0.890282131661442,0.28594249201278,0.437898089171975,0.00807754442649435,0,0.884297520661157,0.826086956521739,0,0.976038338658147,0,0.011400651465798,0.853035143769968,0.0160513643659711,0.0304,0.987538940809969,0,0.712025316455696,0.0542264752791069,0.580286168521463,0.885761589403974,0.280672268907563,0,0.706436420722135,0.21608832807571,0.987692307692308,0.13015873015873,0.903785488958991,0.985668789808917,0.960629921259842,0.96998420221169,0.00952380952380952,0.973856209150327,0.987281399046105,0,0,0.961038961038961,0,0.308426073131955,0.968652037617555,0.00471698113207547,0.00634920634920635,0.621236133122029,0,0.301612903225806,0.990369181380417,0.115625,0.99016393442623,0.00801282051282051,0.965408805031447,0.0114754098360656,0.0172684458398744,0.0205696202531646,0.900161030595813,0.346456692913386,0.990461049284579,0,0.977848101265823,0.712264150943396,0,0.0125,0.237864077669903,0,0.7568,0.264090177133655,0.0875202593192869,0.971653543307087,0.160436137071651,0.987321711568938,0.990566037735849,0,0.557324840764331,0.926751592356688,0.48371335504886,1,0,0.983579638752053,0.0357142857142857,0,0.223300970873786,0.62962962962963,0.530844155844156,0,0,0.968553459119497,0.749596122778675,0.171009771986971,0.988727858293076,0.0192,0.914421553090333,0.410339256865913,0.971563981042654,0.153344208809135,0.9856,0.990306946688207,0.835164835164835,0.982428115015974,0.00650406504065041,0.988924050632911,0.0113636363636364,0,0.733755942947702,0.868544600938967,0.974603174603175,0.0315955766192733,0,0.989028213166144,0.447154471544715,0.988505747126437,0.990476190476191,0.990476190476191,0.285488958990536,0.969551282051282,0.00958466453674121,0.936728395061728,0.00770416024653313,0.883870967741936,0.3734375,0,0.972668810289389,0,0.8496,0.988958990536278,0.130016051364366,0.972843450479233,0.94006309148265,0.982866043613707,0.971653543307087,0.113564668769716,0.374803149606299,0.92443729903537,0.934083601286174,0.0729001584786054,0.012779552715655,0.972085385878489,0.849921011058452,0,0,0.306188925081433,0,0.989028213166144,0.271317829457364,0.873015873015873,0.746794871794872,0.981510015408321,0.434782608695652,0.445669291338583,0.300163132137031,0.902597402597403,0.948717948717949,0.871473354231975,0,0.889937106918239,0.199341021416804,0.936204146730462,0.0112179487179487,0.08125,0.54675118858954,0.968102073365231,0.969088098918083,0.821656050955414,0.988853503184713,0.876996805111821,0,0.0825396825396825,0.658841940532081,0.982171799027553,0,0.986003110419907,0.965996908809892,0.557692307692308,0.544283413848631,0.975649350649351,0.991652754590985,0.36741214057508,0,0.888024883359253,0.52572347266881,0.962295081967213,0.00949367088607595,0.947368421052632,0.9856,0.990683229813665,0.940226171243942,0.53198127925117,0.00967741935483871,0.966237942122186,0.530903328050713,0.0168970814132104,0.0108527131782946,0.233870967741935,0.0111821086261981,0.167213114754098,0.668231611893584,0.00802568218298555,0.0158982511923688,0.0187207488299532,0.588509316770186,0.0518638573743922,0.977161500815661,0.0112540192926045,0.00793650793650794,0,0.248387096774194,0.988673139158576,0.977564102564103,0.896988906497623,0,0.864909390444811,0.84775641025641,0.690208667736758,0.607371794871795,0.456279809220986,0.456591639871383,0.00969305331179321,0.990338164251208,0.107086614173228,0.705980066445183,0.951768488745981,0.0219092331768388,0.737678855325914,0.0128,0.134281200631912,0.989113530326594,0.988372093023256,0.88474025974026,0,0.639751552795031,0.882447665056361,0,0.0126182965299685,0.889400921658986,0.972668810289389,0,0.0126182965299685,0.0093167701863354,0.97411003236246,0.866556836902801,0.0114566284779051,0,0.397129186602871,0.982200647249191,0.782270606531882,0.391653290529695,0.664526484751204,0.949764521193093,0.0221870047543582,0.990697674418605,0.992138364779874,0.0144230769230769,0.9616,0.988924050632911,0.967479674796748,0.987261146496815,0.190251572327044,0.309968847352025,0.302694136291601,0.967532467532468,0.929508196721311,0.0493630573248408,0.270531400966184,0.961352657004831,0.164296998420221,0.320433436532508,0.982539682539682,0.988709677419355,0.961722488038278,0.681818181818182,0.992076069730586,0.257648953301127,0.955128205128205,0.98740157480315,0,0.332278481012658,0.565008025682183,0.0256,0.0542264752791069,0.0186915887850467,0.899361022364217,0.029595015576324,0.00803858520900321,0,0.23125,0.992,0.0852090032154341,0.976744186046512,0.961661341853035,0.974193548387097,0.298387096774194,0.296416938110749,0.666136724960254,0.45757071547421,0,0.821428571428571,0.0185758513931889,0.0494590417310665,0.210608424336973,0.993431855500821,0.0110759493670886,0,0.339622641509434,0.0203125,0.0387722132471729,0.463375796178344,0.991961414790997,0.286871961102107,0.988486842105263,0.958795562599049,0,0.981762917933131,0.00928792569659443,0.989045383411581,0.825816485225505,0.99347471451876,0.0222575516693164,0.971428571428571,0.0064,0.869009584664537,0.715220949263502,0.941548183254344,0.981279251170047,0.985623003194888,0.300955414012739,0.951377633711507,0.989010989010989,0.0125,0.0336,0.995081967213115,0.989079563182527,0.32755905511811,0.873397435897436,0.962295081967213,0.94620253164557,0.988976377952756,0,0.126644736842105,0.988906497622821,0.00802568218298555,0,0.959481361426256,0.00815660685154975,0.0627009646302251,0.98740157480315,0.96260162601626,0.00161290322580645,0.625396825396825,0.421900161030596,0.973597359735974,0.00649350649350649,0.862745098039216,0.983552631578947,0.385483870967742,0.599056603773585,0.774193548387097,0,0.177316293929712,0.965964343598055,0.988691437802908,0.4432,0.995230524642289,0.971137521222411,0.0417335473515249,0.00158982511923688,0.977029096477795,0.985553772070626,0.947452229299363,0.688188976377953,0.0176848874598071,0.861022364217252,0.240829346092504,0.181818181818182,0.00479233226837061,0.6176,0.608346709470305,0.609872611464968,0,0.286178861788618,0.898251192368839,0.638932496075353,0.523885350318471,0.0925925925925926,0,0,0.990769230769231,0.96594427244582,0,0.913875598086124,0.00970873786407767,0,0,0.988709677419355,0,0.988505747126437,0.769854132901134,0.527950310559006,0.990506329113924,0,0,0.9826224328594,0.950387596899225,0.705329153605016,0.00930232558139535,0.0016,0.866562009419152,0.589984350547731,0.993700787401575,0.529225908372828,0.350245499181669,0,0.97007874015748,0.00963081861958266,0.948470209339775,0.107890499194847,0,0.0214067278287462,0.1312,0.477386934673367,0.981012658227848,0,0.947784810126582,0.969889064976228,0.990595611285266,0,0.0887096774193548,0.925549915397631,0.0147783251231527,0.98740157480315,0.989130434782609,0.0171339563862928,0.992063492063492,0.315457413249211,0.789049919484702,0.0208667736757624,0.189144736842105,0.954765751211632,0.00809061488673139,0.00947867298578199,0.971742543171115,0.0148026315789474,0.662337662337662,0.391585760517799,0,0.12199036918138,0.73257698541329,0.267942583732057,0.969354838709677,0.0110759493670886,0.16380655226209,0.454545454545455,0.942635658914729,0.874613003095975,0.953674121405751,0.747126436781609,0,0.972929936305732,0.0126984126984127,0.95859872611465,0.407960199004975,0.0109375,0.990551181102362,0.990384615384615,0.991974317817014,0.628019323671498,0.976415094339623,0.148325358851675,0.203554119547658,0.9472,0.874015748031496,0,0,1,0.93431855500821,0.0292207792207792,0.976152623211447,0.984126984126984,0.376190476190476,0.921696574225122,0.726384364820847,0.878930817610063,0,0.9664,0.334405144694534,0.988888888888889,0.987281399046105,0,0.636070853462158,0.965853658536585,0.00632911392405063,0.679032258064516,0.391509433962264,0.793939393939394,0.681372549019608,0.949152542372881,0.100313479623824,0.970636215334421,0.990610328638498,0.969793322734499,0.309677419354839,0.102728731942215,0.984152139461173,0.990521327014218,0.0046583850931677,0.770569620253165,0.458990536277603,0.264659270998415,0.762658227848101,0.990476190476191,0.8736,0.993690851735016,0.123028391167192,0.0099009900990099,0,0.808,0.00964630225080386,0.0127388535031847,0.29047619047619,0,0.982286634460548,0.902053712480253,0.9904,0.982704402515723,0.0972886762360447,0.0109717868338558,0,0,0.180921052631579,0.0833333333333333,0.173076923076923,0,0.00625,0.988888888888889,0.0125195618153365,0.308306709265176,0.990551181102362,0.589825119236884,0.964686998394864,0.660347551342812,0.643533123028391,0,0.990881458966565,0.412238325281804,0.498392282958199,0.913446676970634,0.977917981072555,0.402843601895735,0.00793650793650794,0.947368421052632,0.94620253164557,0,0.970404984423676,0.0224358974358974,0.983552631578947,0.43859649122807,0,0.00483870967741936,0.522537562604341,0.820063694267516,0.0110062893081761,0.149350649350649,0.00796178343949045,0,0.741085271317829,0.0308943089430894,0.988372093023256,0.329153605015674,0.985959438377535,0.00947867298578199,0.361331220285261,0.331707317073171,0.866883116883117,0.112396694214876,0.0110935023771791,0.00158982511923688,0.0423452768729642,0,0.986111111111111,0.0474631751227496,0.972222222222222,0.0147058823529412,0.99025974025974,0,0.512422360248447,0.45933014354067,0.988782051282051,0,0.990491283676704,0,0.415156507413509,0.988976377952756,0,0.64873417721519,0.969453376205788,0.745954692556634,0.941935483870968,0.0453125,0,0.9888,0.270967741935484,0,0.69620253164557,0.00928792569659443,0.0334394904458599,0.987158908507223,0.991830065359477,0.995356037151703,0.971107544141252,0.9872,0,0.966292134831461,0.0172143974960876,0.357142857142857,0.295055821371611,0.98256735340729,0.983870967741935,0.982704402515723,0.981042654028436,0.0544,0.0223642172523962,0.978476821192053,0.947535771065183,0.719936708860759,0.971608832807571,0.988958990536278,0.958925750394945,0,0,0.969742813918306,0,0.0791139240506329,0,0.947368421052632,0.289689034369885,0.203525641025641,0.137071651090343,0.907348242811502,0,0.116057233704293,0.988958990536278,0.993589743589744,0.640253565768621,0.423547400611621,0.215361445783133,0.191522762951334,0.649350649350649,0.010989010989011,0.122641509433962,0.546191247974068,0.255216693418941,0.70077519379845,0.0208667736757624,0,0.0128410914927769,0.336038961038961,0.991974317817014,0.631410256410256,0.241057542768274,0.610223642172524,0.875786163522013,0.9796875,0.949180327868852,0.965964343598055,0.991816693944354,0.985342019543974,0.56661316211878,0.415625,0.986991869918699,0.0122699386503067,0.0202492211838006,0.862123613312203,0.00769230769230769,0.990639625585023,0.962025316455696,0,0.128500823723229,0,0.941935483870968,0,0.968503937007874,0.988888888888889,0.0156494522691706,0.820063694267516,0.993670886075949,0.645833333333333,0.624806201550388,0.87220447284345,0,0,0.922689075630252,0.936555891238671,0.979623824451411,0,0,0.00988467874794069,0.238244514106583,0.501592356687898,0,0.4592,0,0.917609046849758,0.988871224165342,0.174757281553398,0.244131455399061,0,0.355411954765751,0.588976377952756,0.853269537480064,0.958074534161491,0.775351014040562,0.0111287758346582,0.978998384491115,0.0125588697017268,0.99009900990099,0,0.979559748427673,0.0063391442155309,0.990147783251232,0.0305466237942122,0.0148514851485149,0,0,0.818325434439178,0.914191419141914,0.928012519561815,0.724247226624406,0.0389408099688473,0.0181219110378913,0.828711256117455,0.8453125,0,0.0275526742301459,0.964401294498382,0,0.975247524752475,0.949764521193093,0.0733652312599681,0.0414012738853503,0.0129032258064516,0.988888888888889,0.458804523424879,0.0884676145339652,0.110561056105611,0.123824451410658,0.68189233278956,0.110759493670886,0.990521327014218,0,0.755627009646302,0.971653543307087,0.00321027287319422,0,0.00765696784073507,0,0.00949367088607595,0.990445859872611,0.719211822660099,0.0112179487179487,0.0130293159609121,0.551779935275081,0.948553054662379,0.435331230283912,0.0486656200941915,0.0132013201320132,0.0528052805280528,0.0172955974842767,0,0.0372168284789644,0.015600624024961,0.00972447325769854,0.0205047318611987,0.00930232558139535,0.0502431118314425,0.0602218700475436,0.0270700636942675,0.0191082802547771,0.00651465798045603,0.0238473767885533,0.0219092331768388,0.0569620253164557,0.0176,0.0176,0.0133111480865225,0.0127388535031847,0.0516962843295638,0.0173228346456693,0.0218408736349454,0.0125984251968504,0.0380952380952381,0.0106382978723404,0.0129659643435981
"134",0,0,0,0,0,0,0.0139103554868624,0.0015552099533437,0,1,0,1,0,0,0,0,1,0.982866043613707,0,0,0,0,0,1,0,0,0,0.00162337662337662,0,0,0,0,0.00157232704402516,0,1,0,0.976851851851852,0,0,0,0.998442367601246,0.98297213622291,0.995440729483283,0,0,0,0,0,0,0,1,0,0,0,0.0125,0,1,0,0.00311526479750779,0,0,0,0,1,0,0,1,0,1,0,0,0,0,0,1,0,0,0,0.00157232704402516,0,1,0,0,0,0,0,0,0,0.00460829493087558,0.990783410138249,0,0,1,1,0,1,0.0169753086419753,0,0.990783410138249,0.990610328638498,0.0109375,1,0,0,0,0,0.993730407523511,0.00311526479750779,0,0,0,0.0126582278481013,0,0,1,0,0,1,0,0,1,0.00156985871271586,0,0,0,0,0,0,1,0.0061633281972265,0,0,0,1,0,0,1,0,0,0.00802568218298555,1,1,0,0,0,0,0,0,0,0,0,0,0,0,0,0,0,0,1,0,0.00303490136570561,0,0,1,0,0,0,0,0,0,0,0,0,0,0,0,1,0,1,0,0,0,0,0,0,0,0,0,0,0,0,0,0,0.0185758513931889,1,1,0,0.998459167950693,0,0,0.0110759493670886,0,0,0,0,0,0,0,0.00154083204930663,1,0,0,0,0,0,0.0046583850931677,0,0,0.00159744408945687,0,0,1,0,0,0,1,0,0,0.0046656298600311,0,0,0,0.0171073094867807,1,0.0122511485451761,0,0,0,0,0,0,0,0,0,0,0,0,0,0,0,0,0,0,0,0,0,0,0,0.992076069730586,0,1,0.00313479623824451,0,0,0,1,0,0,0,0,0,0,0.992211838006231,0,0,0,0,0,0,0,0,0,0,0.0110236220472441,1,0,0.0157728706624606,1,0,0.0121396054628225,0.00157232704402516,1,0,0,0,0,0,1,0.0171073094867807,0,0,0,0,0,0,0,0,0,0,0,0,0,0,0,0,0.00315457413249211,0,0.956989247311828,0,0,0,0,0,0,0,0,0,0,0,0,1,0,0.00943396226415094,0,0.953917050691244,0,0,0,0,1,0,0,0,0,0,0,0,0,0,0,1,0,0,0,0,0,0,1,0,0,0,0.0015748031496063,0,0,0,0,1,0,0,0,0,0,0,0,0,0,0,0,0,0.00307692307692308,0,0,0,0,0,0,0,0,0,0,0,0,1,0,0,0,1,0,0.990384615384615,0,0,0,0.995260663507109,0.00782472613458529,0,0,0,0,0,0,0,0,1,0,0.00158227848101266,0,0,0,0,0,0.998435054773083,0,0,0,0,0,0.00310077519379845,0,0.0131147540983607,0.993769470404984,0,0,0,1,0,0.00157728706624606,0,0,0,1,1,0,0,1,0,0.992101105845182,1,1,0,1,0,0.00154559505409583,0.0060882800608828,0,1,1,0,0,0,0,0.996789727126806,0.0182648401826484,0,0,0,0,1,0,0,0.00159744408945687,0,1,0,0,0,0.00154798761609907,1,0,0,0,1,0,0,0,0,0,0,0,0,0,0,0,0,0.992125984251969,0,0,0,0,0.0139968895800933,1,0,0.00156494522691706,0,0,0,0,0,0,0,0,0,1,0,0,0,0.00476190476190476,0,0,0,0,0,0,0,0,0,0.0121951219512195,1,1,0,0,0,0,0,0,0,0,0.0168711656441718,1,0,0.0156739811912226,0,0,1,0,0,0,0.00158478605388273,0,0,0,0,0,0.00319488817891374,0,0,0.0145395799676898,0.0249221183800623,0,0,0.992319508448541,0,0,0,0,0,0,0,0.779456193353474,0,1,0.00155763239875389,0,0,0,1,0,0,0,0,0,0,1,1,0,0,0,1,0,0,0.573373676248109,0,0,0.00921658986175115,0,0,0,1,0,0,0,0.00606980273141123,0,0,0.989113530326594,0,0,1,0.00153374233128834,0,0,0,1,0.989230769230769,0,0,0,0,0.989147286821705,0.998402555910543,0,0,0,0,0,0,0,0,0.00314465408805031,0,0,0.996879875195008,0,1,0,0.160453808752026,0.00149253731343284,0,0,1,0,0,0,1,0,1,0,0,1,0.0155038759689922,0,0,0.00158730158730159,0,1,0,0,1,0,0,0,0,0,0,0.00471698113207547,0.00158982511923688,1,0,0.978428351309707,0.0184615384615385,0,0,0,0,0,0.909923664122137,0,0,0,0,0,0,0,1,1,0,1,0,0.998449612403101,0,0,0,0,0,0.998425196850394,0,0,0,0,0,0,0,0,0,0,0,0,0,0,1,0,0.0171606864274571,0,0.0279937791601866,0,0,0.00310077519379845,0,0.00161030595813205,0,0,0,0,0,0,0,0,0.00154798761609907,0.992307692307692,0,0,1,0,1,0,1,0,0,0,0,0,0.0015748031496063,0,0.0174050632911392,1,1,0,0,0,1,1,0,0,0,1,0,1,0,0,0.0301587301587302,0,1,0,0,0,0,0,0,0,0.900621118012422,0,1,0,0.992223950233281,0,0,0.382165605095541,1,1,0,0,0.00914634146341463,0,0,0,0,0,1,0,0,1,0,0,0,0.967692307692308,0,0,0,0,0,0,0,0,0,1,0,0,0.996860282574568,1,0,1,0,0,0,0,0,0.00474683544303797,0.0047244094488189,0,0.96206373292868,0,0.907378335949764,0.97542242703533,1,0.164835164835165,0,0,0.00308166409861325,0,0.955974842767296,0.95625,0,0.978021978021978,0.993620414673046,0.945820433436533,0.972560975609756,0.953703703703704,0,0.967340590979782,0,0,0.962382445141066,0,0.925644916540212,0,0.0526315789473684,0,0
"135",0.99016393442623,0.996825396825397,0.96656050955414,0.939837398373984,0.981818181818182,0.995033112582781,0.875,0.970967741935484,0.995253164556962,0,0.993610223642173,0,0.58161648177496,0.993421052631579,0.0461049284578696,0.0127186009538951,0,0.0146579804560261,0.99510603588907,0.982142857142857,0.16,0.0363036303630363,0.982892690513219,0,0.959807073954984,0.258169934640523,0.116169544740973,0.986863711001642,0.458658346333853,0.679936305732484,0.00625978090766823,0.673076923076923,0.75796178343949,0.276699029126214,0,0.995245641838352,0.0142857142857143,0.9936,0.248840803709428,0.898251192368839,0.00161030595813205,0.0157977883096366,0.00797448165869218,0.9967585089141,0.774957698815567,0.0256,0.5024,0.00486223662884927,0.470404984423676,0.13125,0,0.993537964458804,0.271293375394322,0.996768982229402,0.869774919614148,0.144499178981938,0,0.970247933884298,0.950715421303657,0.892455858747994,0.29073482428115,0.426073131955485,0.00487012987012987,0,0.89344262295082,0.818181818181818,0,0.983792544570502,0,0.00647249190938511,0.856466876971609,0.00793650793650794,0.0209339774557166,0.995192307692308,0,0.704225352112676,0.0518053375196232,0.569377990430622,0.89016393442623,0.240270727580372,0,0.688372093023256,0.213395638629283,0.995283018867924,0.105263157894737,0.908227848101266,0.988958990536278,0.965189873417722,0.963779527559055,0.0108864696734059,0.980645161290323,0.995253164556962,0,0,0.981818181818182,0,0.303317535545024,0.977564102564103,0.00949367088607595,0.0110759493670886,0.612341772151899,0,0.270664505672609,0.99347471451876,0.108320251177394,0.993431855500821,0.0096,0.97411003236246,0.00646203554119548,0.0162337662337662,0.00955414012738853,0.894991922455573,0.332268370607029,0.988835725677831,0,0.980891719745223,0.684458398744113,0,0.00482315112540193,0.225806451612903,0,0.75487012987013,0.249597423510467,0.0696517412935323,0.966129032258065,0.151419558359621,0.992138364779874,0.988745980707395,0,0.543720190779014,0.927215189873418,0.486666666666667,0.983579638752053,0,1,0.0232558139534884,0,0.213938411669368,0.636655948553055,0.518945634266886,0,0,0.978193146417445,0.76537216828479,0.166118421052632,0.99512987012987,0.00649350649350649,0.917329093799682,0.409756097560976,0.978193146417445,0.140752864157119,0.979032258064516,0.995098039215686,0.830427892234548,0.990353697749196,0.00494233937397035,0.993700787401575,0.00637958532695375,0,0.729468599033816,0.85243328100471,0.97626582278481,0.0207006369426752,0,0.993660855784469,0.444625407166124,0.996726677577741,0.995215311004785,0.996820349761526,0.297045101088647,0.976377952755906,0.00803858520900321,0.949447077409163,0.00622083981337481,0.890701468189233,0.361934477379095,0,0.991896272285251,0,0.84219001610306,0.996779388083736,0.128,0.980922098569157,0.946287519747235,0.990867579908676,0.963893249607535,0.0903328050713154,0.369009584664537,0.917627677100494,0.942339373970346,0.0631911532385466,0.00625978090766823,0.972491909385113,0.846761453396525,0,0,0.302250803858521,0.00158730158730159,0.998420221169036,0.250788643533123,0.86437908496732,0.751188589540412,0.984567901234568,0.435562805872757,0.428343949044586,0.291935483870968,0.927330173775671,0.97258064516129,0.862619808306709,0,0.880191693290735,0.170529801324503,0.939641109298532,0.00483870967741936,0.0626959247648903,0.540584415584416,0.969354838709677,0.9828125,0.811688311688312,0.99194847020934,0.880258899676375,0,0.0694006309148265,0.656101426307448,0.990291262135922,0,0.987519500780031,0.975232198142415,0.552,0.548644338118022,0.98538961038961,0.99670510708402,0.36231884057971,0,0.869085173501577,0.519354838709677,0.965686274509804,0.00622083981337481,0.95447409733124,0.99512987012987,0.995245641838352,0.949756888168558,0.541996830427892,0.00646203554119548,0.966876971608833,0.540540540540541,0.00773993808049536,0.00462962962962963,0.201298701298701,0.00643086816720257,0.161716171617162,0.67601246105919,0.00484652665589661,0.00789889415481832,0.0174880763116057,0.580286168521463,0.0377668308702791,0.978930307941653,0.011437908496732,0.00323101777059774,0,0.228384991843393,0.995114006514658,0.972886762360447,0.891025641025641,0,0.85667215815486,0.847962382445141,0.666666666666667,0.599686028257457,0.46839546191248,0.453525641025641,0.0112179487179487,0.993485342019544,0.0935023771790808,0.684818481848185,0.956869009584665,0.0159744408945687,0.748397435897436,0.00782472613458529,0.117460317460317,0.995305164319249,0.99347471451876,0.879139072847682,0,0.635646687697161,0.872340425531915,0,0.00477707006369427,0.887301587301587,0.977346278317152,0,0.0063391442155309,0.00626959247648903,0.978512396694215,0.869281045751634,0.0066006600660066,0,0.381102362204724,0.987012987012987,0.784375,0.383280757097792,0.657331136738056,0.971653543307087,0.0142857142857143,0.996825396825397,0.996840442338073,0.0144927536231884,0.968253968253968,0.996784565916399,0.967266775777414,0.992076069730586,0.178628389154705,0.317384370015949,0.287081339712919,0.973770491803279,0.949096880131363,0.0506329113924051,0.265079365079365,0.974522292993631,0.150159744408946,0.293663060278207,0.988958990536278,0.995121951219512,0.965023847376789,0.685154975530179,0.993769470404984,0.23240589198036,0.9584,0.991922455573506,0,0.330708661417323,0.550653594771242,0.0192926045016077,0.0544323483670296,0.010989010989011,0.910112359550562,0.0334394904458599,0.00638977635782748,0,0.218649517684887,0.985483870967742,0.0672,0.983525535420099,0.965853658536585,0.978896103896104,0.287560581583199,0.281618887015177,0.672,0.447236180904523,0,0.818035426731079,0.018957345971564,0.0359375,0.198412698412698,0.9936,0.00793650793650794,0,0.332807570977918,0.0142630744849445,0.0290322580645161,0.460162601626016,0.9952,0.255354200988468,0.996688741721854,0.957654723127036,0,0.986217457886677,0.00314465408805031,0.992236024844721,0.827974276527331,0.993506493506494,0.0192307692307692,0.97007874015748,0.00637958532695375,0.875399361022364,0.700164744645799,0.93522906793049,0.984276729559748,0.995192307692308,0.282504012841092,0.954619124797407,0.993788819875776,0.00465116279069767,0.032258064516129,0.995081967213115,0.9967585089141,0.304761904761905,0.875796178343949,0.955298013245033,0.954186413902054,0.998425196850394,0,0.120325203252033,0.993558776167472,0.00803858520900321,0,0.966453674121406,0.0114192495921697,0.0485436893203883,0.996835443037975,0.967585089141005,0.00486223662884927,0.63275039745628,0.420880913539967,0.985197368421053,0.00651465798045603,0.880064829821718,0.990338164251208,0.363929146537842,0.606583072100313,0.768370607028754,0,0.164251207729469,0.974025974025974,0.996784565916399,0.439297124600639,0.993589743589744,0.964467005076142,0.0272873194221509,0.00159489633173844,0.980891719745223,0.991909385113269,0.953968253968254,0.700626959247649,0.0146103896103896,0.8528,0.22992125984252,0.182432432432432,0.00792393026941363,0.6032,0.59771986970684,0.623211446740858,0,0.280788177339901,0.905296950240771,0.629746835443038,0.502369668246445,0.07981220657277,0,0,0.993836671802773,0.968404423380727,0,0.912903225806452,0.0112,0,0,0.995215311004785,0,0.993431855500821,0.764991896272285,0.527692307692308,0.995268138801262,0,0,0.990384615384615,0.972049689440994,0.713607594936709,0.00630914826498423,0.00327868852459016,0.862838915470494,0.592476489028213,0.993630573248408,0.52258064516129,0.331723027375201,0,0.977564102564103,0.00654664484451719,0.952076677316294,0.0869565217391304,0,0.0140625,0.111464968152866,0.479338842975207,0.965023847376789,0,0.947530864197531,0.967897271268058,0.995238095238095,0,0.06957928802589,0.929883138564274,0.0066334991708126,0.993680884676145,0.993700787401575,0.0126984126984127,0.993680884676145,0.286163522012579,0.80952380952381,0.0112540192926045,0.169381107491857,0.960975609756098,0.00970873786407767,0.00644122383252818,0.96656050955414,0.00816993464052288,0.655284552845528,0.398042414355628,0,0.118110236220472,0.734426229508197,0.261146496815287,0.973270440251572,0.00486223662884927,0.140866873065015,0.450166112956811,0.9453125,0.875786163522013,0.954765751211632,0.745954692556634,0,0.977812995245642,0.00638977635782748,0.957654723127036,0.383116883116883,0.00612557427258806,0.995283018867924,0.995065789473684,0.993453355155483,0.630048465266559,0.982539682539682,0.136436597110754,0.190864600326264,0.931818181818182,0.8672,0,0,0.98705501618123,0.921440261865794,0.0226904376012966,0.979133226324238,0.9858934169279,0.368760064412238,0.924466338259442,0.726229508196721,0.868878357030016,0,0.961290322580645,0.334410339256866,0.9952,0.993589743589744,0,0.634615384615385,0.973941368078176,0.0016,0.680194805194805,0.373397435897436,0.801232665639445,0.679873217115689,0.949152542372881,0.0816640986132511,0.978723404255319,0.995207667731629,0.977848101265823,0.297520661157025,0.106109324758842,0.990476190476191,0.995260663507109,0.00793650793650794,0.779552715654952,0.449920508744038,0.2384,0.748387096774194,0.993527508090615,0.880645161290323,0.996774193548387,0.115444617784711,0.00664451827242525,0,0.807383627608347,0.00813008130081301,0.00478468899521531,0.250793650793651,0,0.985576923076923,0.917591125198098,0.998363338788871,0.992211838006231,0.0964630225080386,0.00492610837438424,0,0,0.167218543046358,0.0760517799352751,0.1504,0,0.00479233226837061,0.995238095238095,0.0110584518167457,0.298387096774194,0.995222929936306,0.590764331210191,0.977382875605816,0.658805031446541,0.629513343799058,0,0.998470948012232,0.400326797385621,0.502415458937198,0.912908242612753,0.985781990521327,0.394863563402889,0.0111642743221691,0.946031746031746,0.95125786163522,0,0.9629057187017,0.0222575516693164,0.980230642504119,0.424878836833603,0,0.00950871632329636,0.513377926421405,0.829545454545455,0.00631911532385466,0.1328,0.0127388535031847,0.00165562913907285,0.743431221020093,0.0307443365695793,0.996694214876033,0.308056872037915,0.990639625585023,0.0062992125984252,0.378930817610063,0.331179321486268,0.855500821018062,0.0901502504173623,0.00796178343949045,0.0032258064516129,0.0450885668276973,0,0.9875,0.0491803278688525,0.978125,0.00649350649350649,0.995169082125604,0,0.525502318392581,0.448553054662379,0.995260663507109,0,0.993630573248408,0,0.388349514563107,0.984202211690363,0,0.647058823529412,0.976038338658147,0.729468599033816,0.950576606260296,0.0384,0,0.993640699523052,0.251215559157212,0,0.666141732283465,0.00311526479750779,0.0234741784037559,0.993431855500821,0.993527508090615,0.987480438184664,0.967793880837359,0.980360065466448,0,0.96474358974359,0.023696682464455,0.350961538461538,0.271875,0.993640699523052,0.988691437802908,0.992175273865415,0.988941548183254,0.0573248407643312,0.0211382113821138,0.983471074380165,0.959375,0.720190779014308,1,0.996850393700787,0.96998420221169,0,0,0.975270479134467,0,0.062200956937799,0,0.949838187702265,0.259319286871961,0.20650406504065,0.127962085308057,0.934504792332268,0,0.107644305772231,0.993579454253612,0.996815286624204,0.632329635499208,0.421538461538462,0.211246200607903,0.16820987654321,0.645631067961165,0.0062402496099844,0.1216,0.538461538461538,0.255924170616114,0.708133971291866,0.0112721417069243,0,0.00495049504950495,0.318181818181818,0.993453355155483,0.634460547504026,0.221362229102167,0.619741100323625,0.864433811802233,0.982892690513219,0.95253682487725,0.974235104669887,0.995090016366612,0.993517017828201,0.540930979133226,0.406995230524642,0.993548387096774,0.0122887864823349,0.015552099533437,0.8544,0.0110062893081761,0.993690851735016,0.961722488038278,0,0.110378912685338,0,0.952768729641694,0,0.966183574879227,0.996763754045307,0.0110062893081761,0.833865814696486,0.995305164319249,0.654664484451719,0.621187800963082,0.861066235864297,0,0,0.926666666666667,0.939907550077042,0.987240829346092,0,0,0.00646203554119548,0.229813664596273,0.489698890649762,0,0.431309904153355,0,0.912052117263844,0.9936,0.169628432956381,0.242472266244057,0,0.336079077429984,0.579032258064516,0.855305466237942,0.96411856474259,0.7728,0.00321027287319422,0.983579638752053,0.0141287284144427,0.995090016366612,0,0.979430379746835,0.00964630225080386,0.995121951219512,0.0207336523125997,0.0148026315789474,0,0,0.811616954474097,0.920065252854812,0.926791277258567,0.69826224328594,0.034375,0.0113821138211382,0.828200972447326,0.839874411302983,0,0.0174880763116057,0.959935897435897,0,0.981937602627258,0.955696202531646,0.0665610142630745,0.0386473429951691,0.00955414012738853,0.995297805642633,0.458881578947368,0.07223113964687,0.105175292153589,0.10952380952381,0.681818181818182,0.0973724884080371,0.9936,0,0.755737704918033,0.972843450479233,0.00479233226837061,0,0.0062015503875969,0,0.00484652665589661,0.995192307692308,0.707717569786535,0.00644122383252818,0.0048780487804878,0.546492659053834,0.953150242326333,0.431924882629108,0.0514018691588785,0.00487012987012987,0.0530679933665008,0.0128410914927769,0,0.0354838709677419,0.0062992125984252,0.00322061191626409,0.0144,0.00475435816164818,0.0517799352750809,0.0599369085173502,0.0192307692307692,0.0159744408945687,0.00661157024793388,0.0238853503184713,0.0191693290734824,0.0632911392405063,0.00963081861958266,0.0176565008025682,0.00492610837438424,0.00964630225080386,0.0470016207455429,0.00805152979066022,0.0207006369426752,0.00641025641025641,0.032051282051282,0.0031201248049922,0.0062992125984252
"136",0.0234009360374415,0.0229709035222052,0.0487804878048781,0.0860215053763441,0.0393081761006289,0.0220125786163522,0.11353032659409,0.043613707165109,0.0257186081694402,0,0.0198776758409786,0,0.445454545454545,0.0189274447949527,0.934150076569678,0.972093023255814,0,0,0.0234375,0.0380517503805175,0.836890243902439,0.95253164556962,0.0303030303030303,0,0.0652503793626707,0.744548286604361,0.879019908116386,0.026984126984127,0.529850746268657,0.32375189107413,0.981845688350983,0.331297709923664,0.235478806907378,0.700310559006211,0,0.0231839258114374,0.00461538461538462,0.027190332326284,0.738484398216939,0.108270676691729,0,0,0,0.0231124807395994,0.242138364779874,0.964285714285714,0.503076923076923,0.981481481481482,0.536621823617339,0.853512705530643,0,0.0277349768875193,0.729646697388633,0.0214723926380368,0.116822429906542,0.837209302325581,0,0.046801872074883,0.0601503759398496,0.119515885022693,0.699846860643185,0.57469512195122,0.974882260596546,0,0.118564742589704,0.189522342064715,0,0.0304878048780488,0,0.979876160990712,0.157012195121951,0.96793893129771,0.961180124223602,0.0212443095599393,0,0.302255639097744,0.942336874051593,0.434715821812596,0.122480620155039,0.750413223140496,0,0.312688821752266,0.777448071216617,0.0194610778443114,0.869894099848714,0.101515151515152,0.0257186081694402,0.0512820512820513,0.0491803278688525,0,0.0337941628264209,0.0227617602427921,0,0,0.0475435816164818,0,0.687311178247734,0.0442748091603053,0,0,0.385692068429238,0,0.704334365325077,0.0246153846153846,0.891369047619048,0.025,0,0.0401854714064915,0.981132075471698,0.978461538461538,0.970992366412214,0.10061919504644,0.687306501547988,0.0306748466257669,0,0.0337423312883436,0.313935681470138,0,0.981790591805766,0.765337423312883,0,0.241758241758242,0.76,0.901273885350318,0.0410958904109589,0.832317073170732,0.0258358662613982,0.0261136712749616,0,0.460365853658537,0.0893682588597843,0.524486571879937,0.0357142857142857,0,0.0232558139534884,1,0,0.792511700468019,0.390205371248025,0.488958990536278,0,0,0.0428134556574924,0.251533742331288,0.817484662576687,0.0153846153846154,0.969325153374233,0.0978915662650602,0.607751937984496,0.04047976011994,0.85126582278481,0.0351681957186544,0.0198776758409786,0.197247706422018,0.0233281493001555,0.978090766823161,0.0256797583081571,0.97542242703533,0,0.264296754250386,0.15592203898051,0.037821482602118,0.959214501510574,0,0.0225563909774436,0.548335974643423,0.0250783699059561,0.0198473282442748,0.0152905198776758,0.705089820359281,0.0414814814814815,0.979430379746835,0.0750750750750751,0.977578475336323,0.120743034055728,0.624810892586989,0,0.0386398763523957,0,0.192012288786482,0.0228310502283105,0.863987635239567,0.0395738203957382,0.0749235474006116,0.0309734513274336,0.0453172205438066,0.893353941267388,0.645015105740181,0.097331240188383,0.0819165378670788,0.930448222565688,0.975535168195719,0.0418604651162791,0.137462235649547,0,0,0.711450381679389,0,0.0258751902587519,0.754491017964072,0.125195618153365,0.268588770864947,0.0298953662182362,0.577952755905512,0.564954682779456,0.720565149136578,0.102918586789555,0.059190031152648,0.14630467571644,0,0.140695915279879,0.829383886255924,0.0695517774343122,0.973765432098765,0.920539730134933,0.468085106382979,0.0520673813169985,0.0409090909090909,0.191358024691358,0.0229709035222052,0.12824427480916,0,0.920489296636086,0.345345345345345,0.0279937791601866,0,0.0303030303030303,0.0384615384615385,0.450532724505327,0.475535168195719,0.0310077519379845,0.0219435736677116,0.619047619047619,0,0.118975903614458,0.487538940809969,0.0485133020344288,0.977272727272727,0.0526315789473684,0.0261941448382126,0.0245022970903522,0.0706605222734255,0.478723404255319,0.978494623655914,0.0475460122699387,0.464447806354009,0.977908689248895,0.976047904191617,0.82542113323124,0.975384615384615,0.847860538827258,0.340909090909091,0.981623277182236,0.975683890577508,0.972434915773354,0.418777943368107,0.93603744149766,0.0384615384615385,0,0.978328173374613,0,0.772230889235569,0.0218408736349454,0.0370942812982998,0.116030534351145,0,0.154818325434439,0.154078549848943,0.333333333333333,0.406392694063927,0.560371517027864,0.550387596899225,0,0.0203125,0.89193302891933,0.325471698113208,0.0589147286821705,0.969650986342944,0.267776096822995,0.97984496124031,0.876923076923077,0.0178571428571429,0.0188976377952756,0.115444617784711,0,0.36404833836858,0.11864406779661,0,0.978883861236802,0.109445277361319,0.0341085271317829,0,0.977272727272727,0.975903614457831,0.0412044374009509,0.141509433962264,0.982594936708861,0,0.598159509202454,0.0329153605015674,0.225225225225225,0.634408602150538,0.352664576802508,0.0572289156626506,0.970814132104455,0.0227272727272727,0.0231839258114374,0.969230769230769,0.0486322188449848,0.0265210608424337,0.0527131782945736,0.0214395099540582,0.801526717557252,0.694992412746586,0.730354391371341,0.046801872074883,0.0747217806041336,0.00152671755725191,0.748466257668712,0.0494590417310665,0.836115326251897,0.700292397660819,0.0259146341463415,0.0247678018575851,0.0558139534883721,0.309148264984227,0.024024024024024,0.755007704160247,0.0559757942511346,0.0246913580246914,0,0.678733031674208,0.446511627906977,0.970903522205207,0.00152905198776758,0.970059880239521,0.118098159509202,0.949479940564636,0.97583081570997,0,0.765069551777434,0.027190332326284,0.911901081916538,0.0416666666666667,0.0505359877488515,0.04,0.712538226299694,0.71563981042654,0.334869431643625,0.560629921259843,0,0.192307692307692,0.966817496229261,1,0.798780487804878,0.021671826625387,0.977029096477795,0,0.672230652503794,0.965045592705167,0.954898911353033,0.525914634146341,0.0201550387596899,0.72360248447205,0.0222929936305732,0.0522273425499232,0,0.0307017543859649,0.974320241691843,0.0179640718562874,0.182235834609495,0.0283464566929134,0.965891472868217,0.0424242424242424,0.975646879756469,0.135093167701863,0.303459119496855,0.0660522273425499,0.0359820089955022,0.0197268588770865,0.725609756097561,0.0589147286821705,0.0238450074515648,0.978978978978979,0.960426179604262,0.0217391304347826,0.0200617283950617,0.689814814814815,0.128637059724349,0.0559105431309904,0.0623100303951368,0.0226586102719033,0,0.917445482866044,0.0226244343891403,0.976708074534162,0,0.0509259259259259,0,0.946875,0.0242792109256449,0.0432098765432099,0,0.374807987711214,0.579192546583851,0.043343653250774,0.977848101265823,0.1578125,0.020440251572327,0.626153846153846,0.410060975609756,0.227480916030534,0,0.841781874039939,0.0391236306729265,0.0245775729646697,0.548929663608563,0.0226586102719033,0.0499194847020934,0.955315870570108,0,0.0389805097451274,0.0265625,0.0721966205837174,0.316890881913303,0.970588235294118,0.152886115444618,0.755287009063444,0.790064102564103,0,0.386153846153846,0.411402157164869,0.410606060606061,0,0.726688102893891,0.11609907120743,0.370992366412214,0.492447129909366,0.949778434268833,0,0,0.0175438596491228,0.0452488687782805,0,0.0932721712538226,0,0,0,0.0244274809160305,0,0.0252365930599369,0.235920852359209,0.477678571428571,0.0242792109256449,0,0,0.031104199066874,0.062407132243685,0.28030303030303,0.983433734939759,0,0.116941529235382,0.40763358778626,0.0199692780337942,0.475113122171946,0.678683385579937,0,0.0384024577572965,0.973520249221184,0.0627871362940276,0.905718701700155,0,0.970104633781764,0.86687306501548,0.522222222222222,0.0430769230769231,0,0.0734632683658171,0.0421052631578947,0.0212121212121212,0,0.919254658385093,0.0915032679738562,0.9859375,0.0240601503759399,0.0228310502283105,0.974085365853659,0.0230769230769231,0.709230769230769,0.223076923076923,0.990726429675425,0.821766561514196,0.0546021840873635,0,0.979969183359014,0.0506706408345753,0.976599063962558,0.352941176470588,0.598130841121495,0,0.885321100917431,0.278560250391236,0.751159196290572,0.0485584218512898,0.975535168195719,0.846504559270517,0.558730158730159,0.0689655172413793,0.134328358208955,0.0572755417956656,0.273155416012559,0,0.04047976011994,0.981790591805766,0.0599078341013825,0.60031847133758,0.979228486646884,0.024024024024024,0.0201238390092879,0.015220700152207,0.383177570093458,0.0381679389312977,0.85625,0.813846153846154,0.0746500777604977,0.129829984544049,0,0,0.0294573643410853,0.0788643533123028,0.969183359013868,0.0401234567901235,0.0338461538461538,0.645259938837921,0.0890625,0.286604361370716,0.109445277361319,0,0.0521472392638037,0.647709320695103,0.0196671709531014,0.0241691842900302,0,0.358895705521472,0.0388802488335925,0.976887519260401,0.318681318681319,0.632218844984802,0.21513353115727,0.327666151468315,0.0693215339233038,0.908682634730539,0.0311526479750779,0.0228310502283105,0.0410334346504559,0.69435736677116,0.872894333843798,0.033434650455927,0.024024024024024,0,0.225266362252664,0.553030303030303,0.743865030674847,0.26040061633282,0.0234375,0.151001540832049,0.024390243902439,0.109445277361319,0.977455716586151,0,0.190108191653787,0.97191887675507,0.975384615384615,0.738461538461539,0,0.033587786259542,0.10590015128593,0.0229709035222052,0.027231467473525,0.908809891808346,0.975346687211094,0,0,0.825949367088608,0.910493827160494,0.842349304482226,0,0.976816074188563,0.0213740458015267,0.409160305343511,0.708006279434851,0.0248833592534992,0.412307692307692,0.043613707165109,0.351432880844646,0.371775417298938,0,0.0237037037037037,0.616822429906542,0.511664074650078,0.094311377245509,0.0331825037707391,0.613149847094801,0,0.0658499234303216,0.0570570570570571,0,0.0505952380952381,0.963246554364472,0.0332805071315372,0.574045801526718,0,0,0.493650793650794,0.181818181818182,0.978593272171254,0.861370716510903,0,0,0.266369047619048,0.950693374422188,0.0205371248025276,0.697289156626506,0.0288315629742033,0.976011994002999,0.607250755287009,0.667706708268331,0.14937106918239,0.890995260663507,0.97737556561086,0,0.941915227629513,0,0.0316265060240964,0.786053882725832,0.0417910447761194,0.973926380368098,0.0186915887850467,0,0.5,0.54434250764526,0.0226586102719033,0,0.0255639097744361,0,0.629746835443038,0.0226244343891403,0,0.35249621785174,0.043343653250774,0.263736263736264,0.0695517774343122,0.953313253012048,0,0.0196078431372549,0.7398753894081,0,0.330804248861912,0.976331360946746,0.957575757575758,0.0250391236306729,0.0218068535825545,0.0297619047619048,0.044478527607362,0.0371517027863777,0,0.044822256568779,0,0.641768292682927,0.720247295208655,0.027027027027027,0.0338461538461538,0.0301659125188537,0.0299850074962519,0.0258751902587519,0.972179289026275,0.0337078651685393,0.0625,0.293494704992436,0.0419790104947526,0.0195488721804511,0.0410958904109589,0,0,0.0427098674521355,0,0.917664670658683,0.0015600624024961,0.0698027314112291,0.72884012539185,0.785714285714286,0.875,0.0944272445820433,0.00151057401812689,0.887537993920973,0.0259541984732824,0.0245022970903522,0.37821482602118,0.591445427728614,0.771723122238586,0.827893175074184,0.363636363636364,0.977341389728097,0.865648854961832,0.4609375,0.752307692307692,0.304545454545455,0.972265023112481,0,0.973966309341501,0.657894736842105,0.0219435736677116,0.353120243531202,0.767511177347243,0.393292682926829,0.146341463414634,0.0335365853658537,0.0558213716108453,0.0313971742543171,0.0222575516693164,0.0217729393468118,0.459787556904401,0.601226993865031,0.0230414746543779,0.971935007385524,0.978883861236802,0.150769230769231,0,0.0240601503759399,0.0515933232169954,0,0.874003189792663,0,0.0716510903426791,0,0.0473282442748092,0.0213740458015267,0.969879518072289,0.18960244648318,0.0213740458015267,0.356918238993711,0.392694063926941,0.122511485451761,0,0,0.0969793322734499,0.0756914119359534,0.0349544072948328,0,0,0.979365079365079,0.763826606875934,0.504587155963303,0,0.563358778625954,0,0.103076923076923,0.0231481481481481,0.800925925925926,0.746223564954683,0,0.672360248447205,0.429906542056075,0.140909090909091,0.0509745127436282,0.241691842900302,0.976923076923077,0.037914691943128,0.0867579908675799,0.0217729393468118,0,0.0382848392036753,0,0.0219435736677116,0.967289719626168,0.6,0,0,0.197568389057751,0.0932069510268562,0.06797583081571,0.314674735249622,0.958083832335329,0.972006220839813,0.18,0.181277860326894,0,0.972093023255814,0.0525502318392581,0,0.0348101265822785,0.0577507598784195,0.922360248447205,0,0.978560490045942,0.0226928895612708,0.550473186119874,0.912225705329154,0.905511811023622,0.888048411497731,0.304278922345483,0.886676875957121,0.0280811232449298,0,0.252321981424149,0.0393939393939394,0,0,0.977810650887574,0,0.977099236641221,0.0214723926380368,0.296062992125984,0.974921630094044,0.982758620689655,0.462015503875969,0.054773082942097,0.559270516717325,0,0.974603174603175,0.0486656200941915,0.00613496932515337,0,0.80184331797235,0.974512743628186,0.978227060653188,0.958904109589041,0.976261127596439,0.00156494522691706,0,0.966257668711656,0.00460122699386503,0.00156494522691706,0.0259541984732824,0.00601503759398496,0,0.973846153846154,0.0108527131782946,0.987220447284345,0.971875,0.00157232704402516,0.975346687211094,0.0463378176382661,0.980213089802131,0.891437308868501,0.976047904191617,0.973886328725038
"137",0,0,0,0,0,0,0.0140845070422535,0.00155763239875389,0,1,0,1,0,0,0,0,1,0.984251968503937,0,0,0,0,0,1,0,0,0,0.0016025641025641,0,0,0,0,0.00156494522691706,0,1,0,0.978395061728395,0,0,0,1,0.984472049689441,0.993788819875776,0,0,0,0,0,0,0,1,0,0,0,0.0141287284144427,0,1,0,0.0031104199066874,0,0,0,0,1,0,0,1,0,1,0,0,0,0,0,1,0,0,0,0.00158227848101266,0,1,0,0,0,0,0,0,0,0.00465116279069767,0.987841945288754,0,0,1,1,0,1,0.0201550387596899,0,0.99388379204893,0.992199687987519,0.0109204368174727,1,0,0,0,0,0.987321711568938,0.00312989045383412,0,0,0,0.0159235668789809,0,0,1,0,0,1,0,0,1,0.00154798761609907,0,0,0,0,0,0,1,0.00769230769230769,0,0,0,1,0,0,1,0,0,0.00806451612903226,1,1,0,0,0,0,0,0,0,0,0,0,0,0,0,0,0,0,1,0,0.0045662100456621,0,0,1,0,0,0,0,0,0,0,0,0,0,0.0015748031496063,0,1,0,1,0,0,0,0,0,0,0,0,0,0,0,0,0,0,0.0232558139534884,1,1,0,1,0,0,0.0142630744849445,0,0,0,0,0,0,0,0.00153609831029186,1,0,0,0,0,0,0.0046875,0,0,0.00154559505409583,0,0,1,0,0,0,1,0,0,0.00625,0,0,0,0.0172684458398744,1,0.0152439024390244,0,0,0,0,0,0,0,0,0,0,0,0,0,0,0,0,0,0,0,0,0,0,0,0.988888888888889,0,1,0.00316455696202532,0,0,0,1,0.00159744408945687,0.00306748466257669,0,0,0,0,0.989180834621329,0,0,0,0,0,0,0,0,0,0,0.0144927536231884,1,0,0.0188679245283019,1,0,0.0151285930408472,0.00156985871271586,1,0,0,0,0,0,1,0.0170807453416149,0,0,0,0,0,0,0,0,0,0,0,0,0,0,0,0,0.00317460317460317,0,0.947449768160742,0,0,0,0,0,0,0,0,0,0,0,0,1,0,0.00956937799043062,0,0.942812982998454,0,0,0,0,1,0,0,0,0,0,0,0,0,0,0,1,0,0,0,0,0,0,1,0,0,0,0.00156985871271586,0,0,0,0,1,0,0,0,0,0,0,0,0,0,0,0,0,0.00307219662058372,0,0,0,0,0,0,0,0,0,0,0,0,1,0,0,0,1,0,0.990353697749196,0,0,0,0.998422712933754,0.009375,0,0,0,0,0,0,0,0,1,0,0.00157977883096367,0,0,0,0,0,0.998430141287284,0,0,0,0,0,0.00471698113207547,0,0.0149750415973378,0.995305164319249,0,0,0,1,0,0.00156494522691706,0,0,0,1,1,0,0,1,0,0.989010989010989,1,1,0,1,0,0.00156494522691706,0.00766871165644172,0,1,1,0,0,0,0,0.996815286624204,0.021505376344086,0,0,0,0,1,0,0,0.00157977883096367,0,1,0,0,0,0.0015527950310559,1,0,0,0,1,0,0,0,0,0,0,0,0,0,0,0,0,0.988888888888889,0,0,0,0,0.00941915227629513,1,0,0.00159489633173844,0,0,0,0,0,0,0,0,0,1,0,0,0,0.00473186119873817,0,0,0,0,0,0,0,0,0,0.0154320987654321,1,1,0,0,0,0,0,0,0,0,0.0183767228177642,1,0,0.0142630744849445,0,0,1,0,0,0,0.00158982511923688,0,0,0,0,0,0.00314465408805031,0,0,0.0162074554294976,0.0250783699059561,0,0,0.993779160186625,0,0,0,0,0,0,0,0.778120184899846,0,1,0.00156985871271586,0,0,0,1,0,0,0,0,0,0,1,1,0,0,0,1,0,0,0.554347826086957,0,0,0.0109546165884194,0,0,0,1,0,0,0,0.00606060606060606,0,0,0.990668740279938,0,0,1,0.00149925037481259,0,0,0,1,0.992260061919505,0,0,0,0,0.989028213166144,1,0,0,0,0,0,0,0,0,0.00474683544303797,0,0,0.998447204968944,0,1,0,0.146774193548387,0.00150602409638554,0,0,1,0,0,0,1,0,1,0,0,1,0.0169230769230769,0,0,0.00156494522691706,0,1,0,0,1,0,0,0,0,0,0,0.00471698113207547,0.00157728706624606,1,0,0.978494623655914,0.0186046511627907,0,0,0,0,0,0.924382716049383,0,0,0,0,0,0,0,1,1,0,1,0,0.998412698412698,0,0,0,0,0,1,0,0,0,0,0,0,0,0,0,0,0,0,0,0,1,0,0.0176565008025682,0,0.0308641975308642,0,0,0.0046583850931677,0,0.00161290322580645,0,0,0,0,0,0,0,0,0.00154559505409583,0.987654320987654,0,0,1,0,1,0,1,0,0,0,0,0,0.00156494522691706,0,0.0201863354037267,1,1,0,0,0,1,1,0,0,0,1,0,1,0,0,0.0297805642633229,0,1,0,0,0,0,0,0,0,0.897798742138365,0,1,0,0.992211838006231,0,0,0.36150234741784,1,1,0,0,0.0107033639143731,0,0,0,0,0,1,0,0,1,0,0,0,0.954828660436137,0,0,0,0,0,0,0,0,0,1,0,0,0.995283018867924,1,0,1,0,0,0,0,0,0.00636942675159236,0.004739336492891,0,0.949924127465857,0,0.904458598726115,0.976377952755906,1,0.161137440758294,0,0,0.0046656298600311,0,0.947535771065183,0.938744257274119,0,0.977952755905512,0.991961414790997,0.948995363214838,0.972093023255814,0.939346811819596,0,0.970125786163522,0,0,0.951612903225806,0,0.926380368098159,0,0.0464396284829721,0,0
"138",0.216965742251224,0.210191082802548,0.235478806907378,0.266666666666667,0.210696920583468,0.202635914332784,0.297124600638978,0.239935587761675,0.205521472392638,0,0.214285714285714,0,0.548076923076923,0.208333333333333,0.794303797468354,0.806299212598425,0,0.0032258064516129,0.205546492659054,0.225196850393701,0.993730407523511,0.78369384359401,0.22848200312989,0,0.262321144674086,0.723472668810289,0.819488817891374,0.21486268174475,0.682737169517885,0.483412322274882,0.788253477588872,0.513687600644122,0.4384,0.70253164556962,0,0.210272873194221,0.0078003120124805,0.208398133748056,0.83661119515885,0.298136645962733,0,0.00315457413249211,0,0.207395498392283,0.415156507413509,0.791599353796446,0.586261980830671,0.807153965785381,0.642967542503864,0.773497688751926,0,0.217741935483871,0.866459627329193,0.206677265500795,0.314785373608903,0.751227495908347,0,0.231746031746032,0.236677115987461,0.321981424148607,0.688888888888889,0.697674418604651,0.797124600638978,0,0.317666126418152,0.385826771653543,0,0.213063763608087,0,0.787638668779715,0.311627906976744,0.776357827476038,0.792937399678973,0.195924764890282,0,0.492138364779874,0.81733746130031,0.541666666666667,0.31810766721044,0.7166392092257,0,0.484326018808777,0.73469387755102,0.204368174726989,0.788216560509554,0.305295950155763,0.210031347962382,0.235668789808917,0.233070866141732,0,0.21939586645469,0.2,0,0,0.230273752012882,0,0.824175824175824,0.21978021978022,0.00154798761609907,0.00157977883096367,0.605136436597111,0,0.855555555555556,0.210862619808307,0.865834633385335,0.204582651391162,0,0.225396825396825,0.79585326953748,0.795275590551181,0.7984375,0.289855072463768,0.679186228482003,0.21256038647343,0,0.2208,0.486614173228346,0,0.793478260869565,0.714511041009464,0,0.438110749185668,0.976114649681529,0.780290791599354,0.240506329113924,0.770800627943485,0.195652173913043,0.214626391096979,0,0.669278996865204,0.27172195892575,0.612277867528271,0.223300970873786,0,0.213938411669368,0.792511700468019,0,1,0.480769230769231,0.708469055374593,0,0,0.238095238095238,0.45324881141046,0.757425742574257,0.195548489666137,0.784688995215311,0.281847133757962,0.631493506493506,0.222222222222222,0.91437802907916,0.230283911671924,0.191558441558442,0.332810047095761,0.198098256735341,0.775609756097561,0.197492163009404,0.790064102564103,0,0.475513428120063,0.33693972179289,0.217257318952234,0.78716744913928,0,0.206471494607088,0.668284789644013,0.194444444444444,0.207488299531981,0.199367088607595,0.679748822605965,0.24483306836248,0.795238095238095,0.241112828438949,0.78328173374613,0.297770700636943,0.6734375,0,0.225755166931638,0,0.341692789968652,0.201267828843106,0.777070063694268,0.239302694136292,0.2625,0.229709035222052,0.239370078740157,0.787066246056782,0.6515625,0.281350482315113,0.270664505672609,0.827258320126783,0.794952681388013,0.231017770597738,0.322734499205087,0,0,0.944532488114105,0,0.209048361934477,0.721538461538462,0.315619967793881,0.416275430359937,0.224111282843895,0.792332268370607,0.649762282091918,0.951690821256039,0.2528,0.215780998389694,0.317111459968603,0,0.32807570977918,0.943089430894309,0.263578274760383,0.806656101426308,0.782472613458529,0.676100628930818,0.232114467408585,0.226415094339623,0.375,0.213375796178344,0.328525641025641,0,0.791469194312796,0.538341158059468,0.22168284789644,0,0.203761755485893,0.225806451612903,0.651968503937008,0.543859649122807,0.2272,0.201612903225806,0.81259842519685,0,0.303543913713405,0.58664546899841,0.243021346469622,0.790297339593114,0.2398753894081,0.203497615262321,0.209048361934477,0.25,0.547880690737834,0.806818181818182,0.244444444444444,0.559875583203733,0.800608828006088,0.787267080745342,0.700320512820513,0.795527156549521,0.962903225806452,0.549689440993789,0.792452830188679,0.789638932496075,0.792993630573248,0.640502354788069,0.784219001610306,0.224358974358974,0,0.788309636650869,0,0.870662460567823,0.217179902755267,0.227906976744186,0.295886075949367,0,0.334967320261438,0.3453125,0.492012779552716,0.524256651017214,0.617977528089888,0.613268608414239,0,0.198098256735341,0.880952380952381,0.501650165016502,0.236044657097289,0.806552262090484,0.444794952681388,0.801587301587302,0.766929133858268,0.211093990755008,0.201970443349754,0.308056872037915,0,0.581538461538462,0.303514376996805,0,0.787735849056604,0.304212168486739,0.218800648298217,0,0.799058084772371,0.797822706065319,0.23202614379085,0.326332794830372,0.79344262295082,0,0.798425196850394,0.211446740858506,0.433962264150943,0.65378421900161,0.5328,0.227769110764431,0.796147672552167,0.2078125,0.201907790143084,0.786833855799373,0.246875,0.217041800643087,0.245528455284553,0.203821656050955,0.745222929936306,0.864779874213837,0.931528662420382,0.231629392971246,0.254457050243112,0.0141065830721003,0.72,0.233009708737864,0.762951334379906,0.693498452012384,0.212361331220285,0.210862619808307,0.237560192616372,0.522508038585209,0.191588785046729,0.723747980613893,0.24294670846395,0.194533762057878,0,0.838212634822804,0.668292682926829,0.790143084260731,0.0188087774294671,0.789473684210526,0.283048211508554,0.774603174603175,0.797788309636651,0,0.738582677165354,0.224919093851133,0.794912559618442,0.22,0.243630573248408,0.220779220779221,0.945686900958466,0.951219512195122,0.473767885532591,0.601639344262295,0,0.378504672897196,0.800312012480499,0.783950617283951,0.870662460567823,0.199680511182109,0.804043545878694,0,0.849683544303797,0.789391575663027,0.819672131147541,0.612277867528271,0.203497615262321,0.710862619808307,0.210963455149502,0.231139646869984,0,0.225266362252664,0.786499215070644,0.209230769230769,0.360890302066773,0.208264462809917,0.80625,0.237209302325581,0.787735849056604,0.334384858044164,0.467511885895404,0.266770670826833,0.223270440251572,0.205047318611987,0.9312,0.25,0.201550387596899,0.782945736434108,0.787301587301587,0.207792207792208,0.200315457413249,0.676470588235294,0.317535545023697,0.246732026143791,0.252336448598131,0.213622291021672,0,0.767479674796748,0.192733017377567,0.793269230769231,0,0.241214057507987,0,0.77741935483871,0.210110584518167,0.230769230769231,0,0.600315955766193,0.640901771336554,0.22508038585209,0.780487804878049,0.307814992025518,0.202614379084967,0.724358974358974,0.618380062305296,0.408805031446541,0,0.924558587479936,0.225442834138486,0.222748815165877,0.620472440944882,0.20404984423676,0.226351351351351,0.789223454833597,0,0.22884012539185,0.21259842519685,0.24405705229794,0.4828125,0.799050632911392,0.334928229665072,0.734920634920635,0.823232323232323,0,0.538709677419355,0.564387917329094,0.54858934169279,0,0.7072,0.29559748427673,0.5125,0.564263322884012,0.776611694152924,0,0,0.201219512195122,0.220496894409938,0,0.279503105590062,0,0,0,0.192616372391653,0,0.225442834138486,0.446909667194929,0.693623639191291,0.194704049844237,0,0,0.213036565977742,0.254601226993865,0.47360248447205,0.795631825273011,0,0.325471698113208,0.634945397815913,0.212933753943218,0.575277337559429,0.671974522292994,0,0.213607594936709,0.781402936378467,0.252854812398042,0.761829652996845,0,0.801538461538462,0.7664,0.603305785123967,0.237717908082409,0,0.265625,0.234375,0.201550387596899,0,0.7888,0.257903494176373,0.811382113821138,0.188888888888889,0.204651162790698,0.789473684210526,0.191823899371069,0.943217665615142,0.392125984251968,0.8,0.893203883495146,0.253184713375796,0,0.795527156549521,0.236024844720497,0.792880258899676,0.54983922829582,0.605431309904153,0,0.832025117739403,0.425806451612903,0.966772151898734,0.235387045813586,0.785373608903021,0.777777777777778,0.640599001663893,0.26646248085758,0.301857585139319,0.246835443037975,0.43485342019544,0,0.222919937205651,0.794162826420891,0.231139646869984,0.777957860615883,0.787692307692308,0.196567862714509,0.216429699842022,0.199052132701422,0.493670886075949,0.22432859399684,0.898387096774194,0.916129032258065,0.265116279069767,0.309409888357257,0,0,0.206785137318255,0.257748776508972,0.800319488817891,0.234349919743178,0.229793977812995,0.867834394904459,0.271428571428571,0.499194847020934,0.306122448979592,0,0.240829346092504,0.818327974276527,0.21183800623053,0.194847020933977,0,0.543720190779014,0.226837060702875,0.786963434022258,0.491056910569106,0.625,0.376524390243902,0.491987179487179,0.248466257668712,0.770642201834862,0.219903691813804,0.207874015748031,0.231132075471698,0.82843137254902,0.796178343949045,0.201587301587302,0.203076923076923,0,0.416403785488959,0.647604327666152,0.700787401574803,0.421800947867299,0.2096,0.30379746835443,0.207874015748031,0.15625,0.793831168831169,0,0.387301587301587,0.807631160572337,0.793650793650794,0.712241653418124,0,0.224842767295597,0.289514866979656,0.206677265500795,0.213846153846154,0.779904306220096,0.802547770700637,0,0,0.883606557377049,0.803514376996805,0.764895330112721,0,0.789308176100629,0.202830188679245,0.334384858044164,0.928802588996764,0.222042139384117,0.633956386292835,0.235387045813586,0.515007898894155,0.533333333333333,0,0.199692780337942,0.824281150159744,0.738362760834671,0.279874213836478,0.213395638629283,0.801574803149606,0,0.259433962264151,0.244514106583072,0,0.236111111111111,0.796208530805687,0.218032786885246,0.626391096979332,0,0,0.736842105263158,0.389337641357027,0.789808917197452,0.763371150729335,0,0,0.419207317073171,0.803542673107891,0.200663349917081,0.69826224328594,0.210361067503925,0.79304897314376,0.650621118012422,0.656,0.337190082644628,0.789559543230016,0.789638932496075,0,0.792663476874003,0,0.209048361934477,0.686885245901639,0.235023041474654,0.797770700636943,0.212121212121212,0,0.572755417956656,0.665615141955836,0.204113924050633,0,0.209302325581395,0,0.653846153846154,0.219662058371736,0,0.560250391236307,0.22258064516129,0.418416801292407,0.253634894991922,0.80564263322884,0,0.207936507936508,0.7008,0,0.518053375196232,0.78858024691358,0.794628751974723,0.213826366559486,0.204838709677419,0.212962962962963,0.236044657097289,0.233807266982622,0,0.238689547581903,0.00154320987654321,0.81259842519685,0.698738170347003,0.214397496087637,0.213500784929356,0.220125786163522,0.221698113207547,0.0506329113924051,0.805466237942122,0.230642504118616,0.236760124610592,0.46,0.223787167449139,0.19309262166405,0.238689547581903,0,0,0.23159509202454,0,0.780185758513932,0,0.243156199677939,0.691437802907916,0.752025931928687,0.847962382445141,0.25518341307815,0.00158227848101266,0.847723704866562,0.207606973058637,0.210110584518167,0.54746835443038,0.803625377643505,0.731182795698925,0.743390357698289,0.5,0.794712286158631,0.764984227129338,0.691943127962085,0.731746031746032,0.469767441860465,0.793103448275862,0,0.789644012944984,0.828990228013029,0.204545454545455,0.553627760252366,0.894817073170732,0.526813880126183,0.32018927444795,0.218604651162791,0.258592471358429,0.225806451612903,0.220949263502455,0.214516129032258,0.54746835443038,0.631578947368421,0.216981132075472,0.804248861911988,0.789638932496075,0.332288401253919,0,0.204724409448819,0.22992125984252,0,0.789473684210526,0,0.25518341307815,0,0.233908948194662,0.202211690363349,0.805337519623234,0.348726114649682,0.202453987730061,0.573248407643312,0.597791798107255,0.321486268174475,0,0,0.279534109816972,0.261001517450683,0.223622047244094,0,0,0.780448717948718,0.7234375,0.588888888888889,0,0.608346709470305,0,0.278846153846154,0.206119162640902,0.765751211631664,0.726134585289515,0,0.673076923076923,0.541471048513302,0.32755905511811,0.236476043276662,0.441971383147854,0.807936507936508,0.217741935483871,0.082670906200318,0.20949263502455,0,0.214953271028037,0,0.1872,0.792544570502431,0.494363929146538,0,0,0.359253499222395,0.26904376012966,0.262345679012346,0.47900466562986,0.806552262090484,0.794258373205742,0.334384858044164,0.314503816793893,0,0.790996784565916,0.238924050632911,0,0.215210355987055,0.262243285939968,0.783359497645212,0.0141065830721003,0.793977812995246,0.205564142194745,0.584142394822006,0.765650080256822,0.756888168557536,0.777429467084639,0.495934959349593,0.776212832550861,0.205169628432956,0,0.4688995215311,0.22360248447205,0,0,0.796352583586626,0,0.787735849056604,0.202830188679245,0.486088379705401,0.805466237942122,0.780998389694042,0.660855784469097,0.247987117552335,0.700468018720749,0.0156739811912226,0.798045602605863,0.0594855305466238,0.012779552715655,0,0.67483660130719,0.777265745007681,0.791732909379968,0.797805642633229,0.800618238021638,0.0143312101910828,0.0201863354037267,0.784591194968553,0.0111111111111111,0.00483091787439614,0.0347551342812006,0.0138248847926267,0.0141065830721003,0.804992199687988,0.0191387559808612,0.794407894736842,0.793548387096774,0.0161030595813204,0.791139240506329,0.0530421216848674,0.797805642633229,0.75796178343949,0.804043545878694,0.784
"139",0.636510500807754,0.634375,0.636363636363636,0.623604465709729,0.64390243902439,0.616013071895425,0.623233908948195,0.630573248407643,0.63125,0,0.623417721518987,0,0.6875,0.639553429027113,0.394984326018809,0.383411580594679,0,0.00791139240506329,0.620967741935484,0.637931034482759,0.444794952681388,0.401976935749588,0.629107981220657,0,0.635220125786163,0.645833333333333,0.441176470588235,0.636807817589576,0.591263650546022,0.613207547169811,0.375776397515528,0.674603174603175,0.670947030497592,0.540157480314961,0,0.630818619582664,0.0127186009538951,0.628346456692913,0.523592085235921,0.6171875,0,0.0078125,0.0015625,0.628980891719745,0.675806451612903,0.400641025641026,0.911717495987159,0.386473429951691,0.605783866057839,0.455813953488372,0,0.625,0.496894409937888,0.628389154704944,0.621187800963082,0.482428115015974,0,0.634768740031898,0.613924050632911,0.661538461538462,0.583596214511041,0.597791798107255,0.36984126984127,0,0.650819672131148,0.625,0,0.616352201257862,0,0.382911392405063,0.68167701863354,0.366666666666667,0.384496124031008,0.626356589147287,0,0.649068322981366,0.412403100775194,0.653543307086614,0.6448,0.548440065681445,0,0.682242990654206,0.547021943573668,0.630672926447574,0.438291139240506,0.648606811145511,0.632237871674491,0.62085308056872,0.653481012658228,0,0.640901771336554,0.624213836477987,0,0,0.621019108280255,0,0.482704402515723,0.650470219435737,0,0.00156985871271586,0.609250398724083,0,0.517829457364341,0.617224880382775,0.425925925925926,0.640776699029126,0.00157232704402516,0.627358490566038,0.375987361769352,0.384251968503937,0.380877742946708,0.617693522906793,0.569620253164557,0.644588045234249,0,0.639625585023401,0.667706708268331,0,0.378930817610063,0.496038034865293,0,0.671383647798742,0.503095975232198,0.43968253968254,0.6578125,0.478328173374613,0.630841121495327,0.625194401244168,0,0.587774294670846,0.642405063291139,0.56120826709062,0.62962962962963,0,0.636655948553055,0.390205371248025,0,0.480769230769231,1,0.588045234248788,0,0,0.636220472440945,0.665625,0.521951219512195,0.628389154704944,0.358044164037855,0.640625,0.599358974358974,0.628659476117103,0.453074433656958,0.627906976744186,0.626984126984127,0.625391849529781,0.630094043887147,0.360975609756098,0.629746835443038,0.370662460567823,0,0.610576923076923,0.648148148148148,0.629107981220657,0.376175548589342,0,0.634259259259259,0.614147909967846,0.630048465266559,0.633647798742138,0.620528771384137,0.560862865947612,0.641955835962145,0.380348652931854,0.634259259259259,0.36085626911315,0.626373626373626,0.751533742331288,0,0.621835443037975,0,0.691943127962085,0.611374407582938,0.434713375796178,0.613707165109034,0.647515527950311,0.622119815668203,0.617283950617284,0.438759689922481,0.583975346687211,0.67741935483871,0.649122807017544,0.394568690095847,0.373250388802488,0.631160572337043,0.615863141524106,0,0,0.520128824476651,0,0.636645962732919,0.518575851393189,0.618441971383148,0.734567901234568,0.629007633587786,0.562798092209857,0.552099533437014,0.515397082658023,0.623417721518987,0.626182965299685,0.639625585023401,0,0.630841121495327,0.454397394136808,0.680511182108626,0.371794871794872,0.452012383900929,0.572115384615385,0.622432859399684,0.639751552795031,0.67192429022082,0.624012638230648,0.672496025437202,0,0.441269841269841,0.647149460708783,0.655339805825243,0,0.617054263565891,0.629402756508423,0.579527559055118,0.623824451410658,0.633333333333333,0.634304207119741,0.521531100478469,0,0.627329192546584,0.629984051036683,0.625615763546798,0.3765625,0.653374233128834,0.623188405797101,0.619496855345912,0.64968152866242,0.602503912363067,0.378763866877971,0.644904458598726,0.954545454545455,0.384146341463415,0.361408882082695,0.462025316455696,0.354992076069731,0.45,0.596006144393241,0.372239747634069,0.372274143302181,0.3609375,0.581538461538462,0.386731391585761,0.638668779714738,0.00159235668789809,0.357927786499215,0,0.478468899521531,0.621138211382114,0.647798742138365,0.666666666666667,0,0.635782747603834,0.611111111111111,0.677830940988836,0.657728706624606,0.643987341772152,0.536624203821656,0.00154559505409583,0.632329635499208,0.408385093167702,0.673234811165846,0.632,0.380434782608696,0.620904836193448,0.372239747634069,0.446511627906977,0.634969325153374,0.633116883116883,0.630645161290323,0,0.594761171032357,0.6096,0,0.375193798449612,0.623076923076923,0.628980891719745,0,0.377742946708464,0.37111801242236,0.637239165329053,0.677938808373591,0.380726698262243,0,0.549520766773163,0.634945397815913,0.646417445482866,0.5671875,0.612698412698413,0.630769230769231,0.385093167701863,0.626356589147287,0.644549763033175,0.390822784810127,0.6513470681458,0.624405705229794,0.624590163934426,0.626749611197512,0.504658385093168,0.50390015600624,0.494417862838915,0.628019323671498,0.639024390243902,0.028169014084507,0.513178294573643,0.631746031746032,0.545023696682464,0.52833078101072,0.64873417721519,0.632423756019262,0.667189952904239,0.6656,0.609907120743034,0.486486486486487,0.629230769230769,0.623211446740858,0,0.530612244897959,0.567783094098884,0.390127388535032,0.0280373831775701,0.370716510903427,0.640062597809077,0.390625,0.372854914196568,0,0.5792,0.635350318471338,0.407176287051482,0.622734761120264,0.632165605095541,0.635930047694754,0.507936507936508,0.511400651465798,0.661858974358974,0.609917355371901,0,0.665610142630745,0.370139968895801,0.390432098765432,0.493827160493827,0.64,0.365054602184087,0,0.542319749216301,0.37597503900156,0.394321766561514,0.624405705229794,0.620634920634921,0.539837398373984,0.632520325203252,0.60952380952381,0,0.640298507462687,0.373831775700935,0.623076923076923,0.651898734177215,0.641571194762684,0.362916006339144,0.638759689922481,0.350078492935636,0.622820919175911,0.694805194805195,0.638065522620905,0.625,0.619273301737757,0.507861635220126,0.635930047694754,0.629457364341085,0.36793893129771,0.375198728139905,0.61244019138756,0.622820919175911,0.562401263823065,0.611635220125786,0.624183006535948,0.678571428571429,0.62962962962963,0,0.474878444084279,0.630030959752322,0.364069952305246,0,0.6336,0.00160513643659711,0.4046875,0.636363636363636,0.621283255086072,0,0.59047619047619,0.776190476190476,0.63301282051282,0.381107491856678,0.6272,0.626016260162602,0.558359621451104,0.609105180533752,0.697784810126582,0,0.450479233226837,0.634493670886076,0.625786163522013,0.810344827586207,0.633802816901408,0.64321608040201,0.4,0.00156739811912226,0.626959247648903,0.636075949367089,0.644094488188976,0.672307692307692,0.369255150554675,0.628346456692913,0.610142630744849,0.417637271214642,0.00158982511923688,0.663446054750403,0.635071090047393,0.672386895475819,0,0.541800643086817,0.632148377125193,0.668238993710692,0.6265625,0.439878234398782,0,0,0.620583717357911,0.633846153846154,0,0.625396825396825,0.0016,0,0,0.621283255086072,0,0.636215334420881,0.609034267912773,0.572317262830482,0.611801242236025,0,0,0.623233908948195,0.641221374045801,0.677570093457944,0.368827160493827,0,0.613707165109034,0.595015576323987,0.635499207606973,0.81259842519685,0.579365079365079,0,0.647709320695103,0.3792,0.6336,0.440570522979398,0,0.378048780487805,0.416666666666667,0.612850082372323,0.613953488372093,0,0.649149922720247,0.625,0.625585023400936,0,0.427642276422764,0.640856672158155,0.365131578947368,0.6296875,0.640060240963855,0.373608903020668,0.6328125,0.514150943396226,0.634945397815913,0.374213836477987,0.457326892109501,0.65086887835703,0,0.358730158730159,0.6359375,0.379807692307692,0.657097288676236,0.5392,0,0.441497659906396,0.663934426229508,0.511811023622047,0.642405063291139,0.375987361769352,0.51937984496124,0.553921568627451,0.686244204018547,0.657935285053929,0.644549763033175,0.684210526315789,0,0.63914373088685,0.361067503924647,0.627145085803432,0.557911908646003,0.371559633027523,0.6265625,0.630914826498423,0.637223974763407,1,0.627329192546584,0.434439178515008,0.478330658105939,0.626771653543307,0.629457364341085,0,0,0.627831715210356,0.657556270096463,0.381642512077295,0.634768740031898,0.640253565768621,0.5375,0.635048231511254,0.613564668769716,0.609907120743034,0,0.631410256410256,0.493650793650794,0.637083993660856,0.639240506329114,0,0.620031796502385,0.626391096979332,0.379527559055118,0.622820919175911,0.560509554140127,0.656012176560122,0.712460063897764,0.659021406727829,0.453435114503817,0.616113744075829,0.637770897832817,0.636942675159236,0.498371335504886,0.413416536661466,0.633070866141732,0.613354037267081,0,0.659375,0.604068857589984,0.529411764705882,0.662480376766091,0.627388535031847,0.620472440944882,0.639937106918239,0.138248847926267,0.367986798679868,0,0.672985781990521,0.373608903020668,0.358044164037855,0.534775888717156,0,0.636650868878357,0.659409020217729,0.613707165109034,0.632237871674491,0.477777777777778,0.378378378378378,0,0,0.470304975922953,0.434504792332268,0.4890625,0,0.353218210361067,0.617784711388456,0.167441860465116,0.494417862838915,0.632686084142395,0.595015576323987,0.621621621621622,0.677725118483412,0.643730886850153,0,0.61890243902439,0.5376,0.561797752808989,0.625570776255708,0.630265210608424,0.556765163297045,0.00317460317460317,0.64797507788162,0.636645962732919,0,0.678461538461538,0.375963020030817,0.629934210526316,0.526898734177215,0,0,0.574918566775244,0.658653846153846,0.379527559055118,0.472402597402597,0.00157977883096367,0,0.63109756097561,0.39403453689168,0.621710526315789,0.554502369668246,0.616822429906542,0.37245696400626,0.593004769475358,0.643423137876387,0.644122383252818,0.432565789473684,0.364207221350078,0,0.378763866877971,0,0.613354037267081,0.339256865912762,0.627836611195159,0.378029079159935,0.625199362041467,0,0.655963302752294,0.624600638977636,0.617647058823529,0,0.635658914728682,0,0.607260726072607,0.6296875,0,0.586206896551724,0.626198083067093,0.974882260596546,0.635048231511254,0.395931142410016,0,0.621236133122029,0.495987158908507,0,0.682242990654206,0.360983102918587,0.369905956112853,0.629570747217806,0.638263665594855,0.643410852713178,0.649206349206349,0.644904458598726,0,0.630914826498423,0.00777604976671851,0.52093023255814,0.529225908372828,0.623639191290824,0.631578947368421,0.634146341463415,0.61993769470405,0.0443037974683544,0.395866454689984,0.614147909967846,0.630602782071097,0.677966101694915,0.624413145539906,0.639191290824261,0.643192488262911,0,0,0.619970193740686,0,0.436018957345972,0,0.635367762128325,0.517017828200972,0.57799671592775,0.428792569659443,0.64968152866242,0.00157232704402516,0.417981072555205,0.62085308056872,0.633802816901408,0.652448657187994,0.550151975683891,0.553706505295008,0.498452012383901,0.985623003194888,0.364906832298137,0.445300462249615,0.595879556259905,0.503974562798092,0.670261941448382,0.349529780564263,0,0.376788553259142,0.51685393258427,0.624793388429752,0.543171114599686,0.497695852534562,0.6578125,0.619414483821264,0.617054263565891,0.640983606557377,0.661904761904762,0.63275039745628,0.623003194888179,0.603421461897356,0.607963246554365,0.619426751592357,0.375,0.36906584992343,0.665615141955836,0.0015600624024961,0.632716049382716,0.628086419753086,0,0.4544,0,0.667731629392971,0,0.636932707355243,0.637071651090343,0.365891472868217,0.625,0.613003095975232,0.606109324758842,0.604361370716511,0.602254428341385,0,0,0.641322314049587,0.63013698630137,0.631987577639752,0,0,0.368932038834951,0.486739469578783,0.560629921259843,0,0.601275917065391,0,0.674050632911392,0.622186495176849,0.422647527910686,0.567484662576687,0,0.587859424920128,0.75,0.627118644067797,0.62888198757764,0.618670886075949,0.378548895899054,0.640322580645161,0.0448,0.633279483037157,0,0.623475609756098,0.00156985871271586,0.610845295055821,0.386687797147385,0.253246753246753,0,0,0.665625,0.630990415335463,0.605504587155963,0.606153846153846,0.373456790123457,0.364649681528662,0.69435736677116,0.686028257456829,0,0.378378378378378,0.653481012658228,0,0.621533442088091,0.628930817610063,0.435126582278481,0.0205371248025276,0.36724960254372,0.62557781201849,0.601286173633441,0.435897435897436,0.472178060413355,0.425897035881435,0.663974151857835,0.400311526479751,0.625196850393701,0,0.629392971246006,0.628346456692913,0.00159744408945687,0,0.383076923076923,0,0.376744186046512,0.609105180533752,0.656301145662848,0.369255150554675,0.37914691943128,0.577777777777778,0.623604465709729,0.601246105919003,0.0249609984399376,0.367313915857605,0.0528,0.00943396226415094,0,0.328571428571429,0.359013867488444,0.368421052631579,0.383540372670807,0.3734375,0.0225442834138486,0.0283018867924528,0.385103011093502,0.0113085621970921,0.00648298217179903,0.0266457680250784,0.0141287284144427,0.0280373831775701,0.373801916932907,0.0141955835962145,0.377049180327869,0.372611464968153,0.0237717908082409,0.370716510903427,0.0341085271317829,0.384136858475894,0.369327073552426,0.370597243491577,0.374009508716323
"140",0.530744336569579,0.529983792544571,0.542586750788643,0.552238805970149,0.51227495908347,0.520525451559934,0.609046849757674,0.535369774919614,0.503974562798092,0.00490998363338789,0.511254019292605,0.00485436893203883,0.621019108280255,0.512479201331115,0.506472491909385,0.492753623188406,0.00631911532385466,0.0113268608414239,0.53,0.540284360189573,0.643086816720257,0.490848585690516,0.524486571879937,0.00625978090766823,0.55591054313099,0.54414125200642,0.558966074313409,0.507438016528926,0.685126582278481,0.670364500792393,0.495253164556962,0.66403785488959,0.6557911908646,0.553429027113238,0.00630914826498423,0.506389776357827,0.023696682464455,0.496825396825397,0.713846153846154,0.554330708661417,0.00809061488673139,0.00964630225080386,0.012924071082391,0.51227495908347,0.618032786885246,0.494271685761047,0.602564102564103,0.48705501618123,0.62992125984252,0.57753164556962,0.00630914826498423,0.52555910543131,0.620192307692308,0.505709624796085,0.632090761750405,0.5625,0.00823723228995058,0.542207792207792,0.540540540540541,0.593949044585987,0.553259141494436,0.677830940988836,0.486088379705401,0.0066334991708126,0.582651391162029,0.622611464968153,0.008,0.502454991816694,0.00318979266347687,0.470873786407767,0.552,0.472266244057052,0.502407704654896,0.522151898734177,0.00475435816164818,0.68621236133122,0.506329113924051,0.636363636363636,0.613114754098361,0.581512605042017,0.00488599348534202,0.636363636363636,0.587301587301587,0.517515923566879,0.572107765451664,0.565079365079365,0.518053375196232,0.54066985645933,0.517684887459807,0.0110584518167457,0.518638573743922,0.494417862838915,0.00487012987012987,0.00478468899521531,0.530278232405892,0.00642054574638844,0.802861685214626,0.521531100478469,0.0064,0.012987012987013,0.915605095541401,0.00810372771474878,0.726973684210526,0.51797385620915,0.560821484992101,0.518760195758564,0.0130718954248366,0.531400966183575,0.46677471636953,0.46742671009772,0.477491961414791,0.585209003215434,0.59904912836767,0.515347334410339,0.0066006600660066,0.5248,0.645933014354067,0.00630914826498423,0.486443381180223,0.578175895765472,0.00623052959501558,0.669934640522876,0.707792207792208,0.523887973640857,0.543408360128617,0.567092651757188,0.525396825396825,0.514423076923077,0.00815660685154975,0.977777777777778,0.56418383518225,0.613861386138614,0.530844155844156,0.00802568218298555,0.518945634266886,0.488958990536278,0.00806451612903226,0.708469055374593,0.588045234248788,1,0.00825082508250825,0.00829187396351575,0.538585209003215,0.644338118022329,0.576104746317512,0.505691056910569,0.472491909385113,0.580906148867314,0.5814332247557,0.512698412698413,0.633333333333333,0.51510333863275,0.500837520938023,0.603503184713376,0.520458265139116,0.466019417475728,0.513556618819777,0.466988727858293,0.00632911392405063,0.656451612903226,0.623028391167192,0.526655896607431,0.487381703470032,0.0063391442155309,0.515923566878981,0.595,0.521008403361345,0.521669341894061,0.511182108626198,0.544303797468354,0.52373417721519,0.496774193548387,0.542452830188679,0.4953125,0.595813204508857,0.578696343402226,0.0048780487804878,0.507293354943274,0.00484652665589661,0.56687898089172,0.508771929824561,0.546925566343042,0.52827140549273,0.555555555555556,0.507716049382716,0.531446540880503,0.545746388443018,0.600311041990669,0.58,0.572123176661264,0.508771929824561,0.493610223642172,0.532679738562091,0.636507936507936,0.00469483568075117,0.00805152979066022,0.794871794871795,0.00801282051282051,0.519809825673534,0.593406593406593,0.635772357723577,0.58712715855573,0.521943573667712,0.815533980582524,0.631083202511774,0.741573033707865,0.536704730831974,0.54,0.6032,0.00648298217179903,0.586370839936609,0.687603305785124,0.546644844517185,0.483870967741935,0.522620904836194,0.969255663430421,0.520193861066236,0.534700315457413,0.630573248407643,0.523125996810207,0.602543720190779,0.00483091787439614,0.516025641025641,0.677215189873418,0.518760195758564,0.00797448165869218,0.517571884984026,0.528505392912173,0.968051118210863,0.574638844301766,0.520504731861199,0.513201320132013,0.844006568144499,0.00827814569536424,0.596546310832025,0.651960784313726,0.554635761589404,0.48966613672496,0.536661466458658,0.508885298869144,0.505494505494505,0.548281505728314,0.602543720190779,0.504950495049505,0.537337662337662,0.603174603174603,0.478056426332288,0.466981132075472,0.538587848932677,0.473344103392569,0.634105960264901,0.724727838258165,0.475961538461538,0.479495268138801,0.495207667731629,0.883464566929134,0.504078303425775,0.54679802955665,0.0130718954248366,0.483037156704362,0.00636942675159236,0.703150912106136,0.527687296416938,0.512038523274478,0.567567567567568,0.00643086816720257,0.620689655172414,0.593247588424437,0.637380191693291,0.629570747217806,0.610662358642973,0.614634146341463,0.0158982511923688,0.492659053833605,0.582802547770701,0.654822335025381,0.536348949919225,0.492012779552716,0.706624605678233,0.480707395498392,0.542264752791069,0.535545023696682,0.512437810945274,0.614754098360656,0.0078125,0.829888712241653,0.605431309904153,0.00798722044728434,0.478537360890302,0.6015625,0.527508090614887,0.00470957613814757,0.493630573248408,0.46984126984127,0.53518821603928,0.599673202614379,0.475409836065574,0.00803858520900321,0.865384615384615,0.529126213592233,0.708722741433022,0.600969305331179,0.745874587458746,0.537974683544304,0.485804416403785,0.506389776357827,0.518341307814992,0.487844408427877,0.544881889763779,0.504854368932039,0.54679802955665,0.521462639109698,0.562300319488818,0.638095238095238,0.742351046698873,0.53322528363047,0.550918196994992,0.036741214057508,0.592532467532468,0.535947712418301,0.515151515151515,0.607535321821036,0.51685393258427,0.51993620414673,0.5456,0.684474123539232,0.499219968798752,0.570962479608483,0.554675118858954,0.525040387722132,0.00638977635782748,0.647619047619048,0.878205128205128,0.495192307692308,0.0368,0.475513428120063,0.57097288676236,0.497622820919176,0.483870967741935,0.00622083981337481,0.562903225806452,0.527331189710611,0.543408360128617,0.538079470198676,0.5488,0.520967741935484,0.75702479338843,0.749588138385502,0.635634028892456,0.586378737541528,0.00480769230769231,0.617224880382775,0.482059282371295,0.490506329113924,0.640378548895899,0.52520325203252,0.484076433121019,0.00642054574638844,0.647249190938511,0.485849056603774,0.495908346972177,0.605815831987076,0.508744038155803,0.570502431118314,0.515806988352745,0.527687296416938,0.00637958532695375,0.507598784194529,0.479495268138801,0.515673981191223,0.630818619582664,0.529801324503311,0.489566613162119,0.549050632911392,0.47427652733119,0.568218298555377,0.636065573770492,0.560821484992101,0.530254777070064,0.504051863857374,0.709677419354839,0.553745928338762,0.498427672955975,0.489859594383775,0.488,0.506535947712418,0.497576736672052,0.589456869009585,0.552547770700637,0.539867109634552,0.560386473429952,0.498412698412698,0.00491803278688525,0.540983606557377,0.503174603174603,0.48202614379085,0.00818330605564648,0.540362438220758,0.0148760330578512,0.488486842105263,0.500787401574803,0.543089430894309,0.00958466453674121,0.908064516129032,0.594551282051282,0.545161290322581,0.472312703583062,0.578606158833063,0.51063829787234,0.674718196457327,0.831189710610932,0.632786885245902,0.00321027287319422,0.638263665594855,0.518032786885246,0.519169329073482,0.590111642743222,0.506349206349206,0.5,0.495161290322581,0.00488599348534202,0.538216560509554,0.514516129032258,0.5472,0.621069182389937,0.484451718494272,0.616883116883117,0.56140350877193,0.664418212478921,0.00961538461538462,0.641357027463651,0.634894991922456,0.635646687697161,0.00632911392405063,0.593645484949833,0.580645161290323,0.635792778649921,0.6144,0.52418096723869,0.00632911392405063,0.00778816199376947,0.510971786833856,0.529505582137161,0.00632911392405063,0.582258064516129,0.0115511551155116,0.00315457413249211,0.0066334991708126,0.503257328990228,0.00632911392405063,0.54950495049505,0.715447154471545,0.959375,0.51033386327504,0.0066334991708126,0.00325732899022801,0.511290322580645,0.551242236024845,0.679365079365079,0.4703125,0.00829187396351575,0.624203821656051,0.840510366826156,0.522508038585209,0.583732057416268,0.585483870967742,0.00481540930979133,0.530254777070064,0.489396411092985,0.55700325732899,0.505709624796085,0.00636942675159236,0.476415094339623,0.563426688632619,0.566889632107023,0.520634920634921,0.00798722044728434,0.566929133858268,0.531400966183575,0.500794912559618,0.00802568218298555,0.520661157024793,0.517766497461929,0.505862646566164,0.513687600644122,0.522691705790297,0.476874003189793,0.495192307692308,0.7568,0.667197452229299,0.499197431781701,0.647634584013051,0.567092651757188,0.0128617363344051,0.488038277511962,0.533546325878594,0.482815057283142,0.689034369885434,0.592,0.00791139240506329,0.535143769968051,0.628099173553719,0.7296,0.525477707006369,0.457326892109501,0.544881889763779,0.621392190152801,0.537242472266244,0.572769953051643,0.5504,0.630114566284779,0.00818330605564648,0.534072900158479,0.489028213166144,0.513687600644122,0.898502495840266,0.487341772151899,0.513470681458003,0.512,0.499181669394435,0.5776,0.524720893141946,0.614516129032258,0.667736757624398,0.549520766773163,0.62258064516129,0.0061633281972265,0.00650406504065041,0.526742301458671,0.541533546325879,0.483766233766234,0.533870967741935,0.5264,0.835483870967742,0.570951585976628,0.738486842105263,0.618524332810047,0.00797448165869218,0.524879614767255,0.833605220228385,0.504777070063694,0.50402576489533,0.00778816199376947,0.680713128038898,0.529983792544571,0.487179487179487,0.652448657187994,0.581320450885668,0.6049766718507,0.634304207119741,0.539432176656151,0.525902668759812,0.538714991762768,0.524720893141946,0.543689320388349,0.783251231527094,0.567524115755627,0.524486571879937,0.506369426751592,0.0125195618153365,0.626602564102564,0.609250398724083,0.55,0.628164556962025,0.50402576489533,0.586038961038961,0.499212598425197,0.22626582278481,0.483277591973244,0.00793650793650794,0.647154471544715,0.480519480519481,0.470588235294118,0.580226904376013,0.00805152979066022,0.538461538461538,0.589257503949447,0.509708737864078,0.5260663507109,0.533762057877814,0.490415335463259,0.00464396284829721,0.00483091787439614,0.632183908045977,0.528363047001621,0.541195476575121,0.00646203554119548,0.474921630094044,0.492957746478873,0.203525641025641,0.779032258064516,0.522240527182867,0.961783439490446,0.535143769968051,0.642394822006472,0.646417445482866,0.00476947535771065,0.505376344086022,0.828200972447326,0.853462157809984,0.578125,0.522012578616352,0.659235668789809,0.0142630744849445,0.543130990415335,0.5568,0.00650406504065041,0.509433962264151,0.490322580645161,0.542009884678748,0.620967741935484,0.00813008130081301,0.0129032258064516,0.860738255033557,0.62987012987013,0.474358974358974,0.553921568627451,0.0143312101910828,0.00815660685154975,0.608424336973479,0.497584541062802,0.496644295302013,0.599369085173502,0.536392405063291,0.491255961844197,0.583465818759936,0.550488599348534,0.622331691297209,0.540630182421227,0.499202551834131,0.00946372239747634,0.504901960784314,0.00476947535771065,0.506289308176101,0.435430463576159,0.531782945736434,0.488709677419355,0.528180354267311,0.00477707006369427,0.601895734597156,0.672077922077922,0.515248796147673,0.00822368421052632,0.511923688394277,0.00805152979066022,0.596694214876033,0.521259842519685,0.00635930047694754,0.873617693522907,0.534201954397394,0.56957928802589,0.552066115702479,0.501587301587302,0.00642054574638844,0.512038523274478,0.559738134206219,0.00476190476190476,0.669316375198728,0.468847352024922,0.484276729559748,0.510708401976936,0.514657980456026,0.515723270440252,0.512116316639742,0.51869918699187,0.0064,0.536741214057508,0.0173775671406003,0.844094488188976,0.565217391304348,0.518167456556082,0.512155591572123,0.522620904836194,0.5248,0.0750798722044728,0.508943089430894,0.533884297520661,0.549114331723027,0.644654088050314,0.535321821036107,0.5104,0.556603773584906,0.0063391442155309,0.00470957613814757,0.530326594090202,0.00628930817610063,0.520634920634921,0.00969305331179321,0.547049441786284,0.566164154103853,0.543046357615894,0.54675118858954,0.573268921095008,0.00802568218298555,0.569823434991974,0.512820512820513,0.522222222222222,0.65008025682183,0.80952380952381,0.584097859327217,0.543035993740219,0.607431340872375,0.46422893481717,0.532695374800638,0.86634460547504,0.571658615136876,0.637795275590551,0.491987179487179,0.00648298217179903,0.477977161500816,0.811382113821138,0.507413509060956,0.800319488817891,0.70606531881804,0.641838351822504,0.624600638977636,0.52276295133438,0.553542009884679,0.514900662251656,0.523731587561375,0.525285481239804,0.636217948717949,0.585173501577287,0.521880064829822,0.5,0.49144634525661,0.60031847133758,0.015748031496063,0.507936507936508,0.507987220447284,0.00815660685154975,0.576158940397351,0.0064,0.523424878836834,0.00661157024793388,0.534181240063593,0.513556618819777,0.488151658767773,0.619281045751634,0.504731861198738,0.833060556464812,0.754385964912281,0.640650406504065,0.00631911532385466,0.00651465798045603,0.559265442404007,0.575153374233129,0.528391167192429,0.00634920634920635,0.00471698113207547,0.470978441127695,0.56786271450858,0.623586429725363,0.00483091787439614,0.606451612903226,0.00476190476190476,0.564356435643564,0.523349436392915,0.579119086460033,0.583860759493671,0.0046583850931677,0.583881578947368,0.590243902439024,0.563779527559055,0.540157480314961,0.694753577106518,0.477272727272727,0.528830313014827,0.0631067961165049,0.51219512195122,0.00657894736842105,0.5141065830721,0.0111464968152866,0.512437810945274,0.493610223642172,0.316558441558442,0.00636942675159236,0.00487012987012987,0.601910828025478,0.559016393442623,0.565560821484992,0.648177496038035,0.492913385826772,0.48440065681445,0.560386473429952,0.524642289348172,0.0032626427406199,0.488745980707395,0.538585209003215,0.00320512820512821,0.513911620294599,0.555379746835443,0.51207729468599,0.0338164251207729,0.477491961414791,0.504807692307692,0.60392798690671,0.506410256410256,0.538842975206612,0.539325842696629,0.677152317880795,0.546031746031746,0.524590163934426,0.00635930047694754,0.665584415584416,0.503987240829346,0.00983606557377049,0.00810372771474878,0.479750778816199,0.00477707006369427,0.492730210016155,0.5072,0.617304492512479,0.494252873563218,0.469551282051282,0.967320261437909,0.54635761589404,0.663461538461538,0.0375586854460094,0.486798679867987,0.0666666666666667,0.0224719101123595,0.00805152979066022,0.41747572815534,0.472783825816485,0.469055374592834,0.4928,0.489731437598736,0.0325732899022801,0.0427892234548336,0.500789889415482,0.0163132137030995,0.0115702479338843,0.0439739413680782,0.0224719101123595,0.0334394904458599,0.496805111821086,0.0207336523125997,0.463934426229508,0.490353697749196,0.0338164251207729,0.498376623376623,0.0491283676703645,0.487138263665595,0.479099678456592,0.4828125,0.468954248366013
"141",0,0,0,0,0,0,0.0145395799676898,0.00157977883096367,0,1,0,1,0,0,0,0,1,0.982456140350877,0,0,0,0,0,1,0,0,0,0,0,0,0,0,0.0016366612111293,0,1,0,0.97444089456869,0,0,0,0.998363338788871,0.982649842271293,0.993769470404984,0,0,0,0,0,0,0,1,0,0,0,0.0143312101910828,0,1,0,0.00315457413249211,0,0,0,0,1,0,0,1,0,1,0,0,0,0,0,1,0.00157232704402516,0,0,0.00165562913907285,0,1,0,0,0,0,0,0,0,0.00315457413249211,0.988958990536278,0,0,1,1,0,1,0.0142630744849445,0,0.992101105845182,0.990476190476191,0.0110935023771791,1,0,0,0,0,0.990461049284579,0.00319488817891374,0,0,0,0.0146818923327896,0,0,1,0,0,1,0,0,1,0.0016025641025641,0,0,0,0,0,0,1,0.00796178343949045,0,0,0,1,0,0,1,0,0,0.00825082508250825,1,1,0,0,0,0,0,0,0,0,0,0,0,0,0,0,0,0,1,0,0.00622083981337481,0,0,1,0,0,0,0,0,0,0,0,0,0,0.00324149108589951,0,1,0,1,0,0,0,0,0,0,0,0,0,0,0,0,0,0,0.0238095238095238,1,1,0,0.998427672955975,0,0,0.0130081300813008,0,0,0,0,0,0,0,0.00158730158730159,1,0,0,0,0,0,0.00479233226837061,0,0,0.0016025641025641,0,0,1,0,0,0,1,0,0,0.00638977635782748,0,0,0,0.0174880763116057,1,0.0141065830721003,0,0,0,0,0,0,0,0,0,0,0,0,0,0,0,0,0,0,0,0,0,0,0,0.987034035656402,0,1,0.00318979266347687,0,0,0,1,0.00165837479270315,0.00313971742543171,0,0,0,0,0.989028213166144,0,0,0,0,0,0,0,0,0,0,0.0128617363344051,1,0,0.0162074554294976,1,0,0.0141955835962145,0.00160513643659711,1,0,0,0,0,0,1,0.0142857142857143,0,0,0,0,0,0,0,0,0,0,0,0,0,0,0,0,0.00320512820512821,0,0.946540880503145,0,0,0,0,0,0,0,0,0,0,0,0,1,0,0.00827814569536424,0,0.943307086614173,0,0,0,0,1,0,0,0,0,0,0,0,0,0,0,1,0,0,0,0,0,0,1,0,0,0,0.00323624595469256,0,0,0,0,1,0,0,0,0,0,0,0,0,0,0,0,0,0.00320512820512821,0,0,0,0,0,0,0,0,0,0,0,0,1,0,0,0,1,0,0.988673139158576,0,0,0,0.996789727126806,0.00961538461538462,0,0,0,0,0,0,0,0,1,0,0.00162866449511401,0,0,0,0,0,0.998415213946117,0,0,0,0,0,0.00638977635782748,0,0.0116086235489221,0.992125984251969,0,0,0,1,0,0.00162074554294976,0,0,0,1,1,0,0,1,0,0.988486842105263,1,1,0,1,0,0.00161030595813205,0.00771604938271605,0,1,1,0,0,0,0,0.996774193548387,0.020440251572327,0,0,0,0,1,0,0,0.00161030595813205,0,1,0,0,0,0.00159235668789809,1,0,0,0,1,0,0,0,0,0,0,0,0,0,0,0.00161812297734628,0,0.988673139158576,0,0,0,0,0.0112359550561798,1,0,0.00333333333333333,0,0,0,0,0,0,0,0,0,1,0,0,0,0.00322061191626409,0,0,0,0,0,0,0,0,0,0.0160513643659711,1,1,0,0,0,0,0,0,0,0,0.0173228346456693,1,0,0.0143769968051118,0,0,1,0,0,0,0.00162074554294976,0,0,0,0,0,0.00327332242225859,0,0,0.016366612111293,0.0188679245283019,0,0,0.992050874403816,0,0,0,0,0,0,0,0.776,0,1,0.00157728706624606,0,0,0,1,0,0,0,0,0,0,1,1,0,0,0,1,0,0,0.566037735849057,0,0,0.00947867298578199,0,0,0,1,0,0,0,0.0062111801242236,0,0,0.988853503184713,0,0,1,0.0015748031496063,0,0,0,1,0.992063492063492,0,0,0,0,0.988636363636364,0.998344370860927,0,0,0,0,0,0,0,0,0.00658978583196046,0,0,0.996784565916399,0,1,0,0.148026315789474,0.00154798761609907,0,0,1,0,0,0,1,0,1,0,0,1,0.0156494522691706,0,0,0.00162337662337662,0,1,0,0,1,0,0,0,0,0,0,0.00322061191626409,0,1,0,0.978021978021978,0.0170807453416149,0,0,0,0,0,0.919685039370079,0,0,0,0,0,0,0,1,1,0,1,0,0.998389694041868,0,0,0,0,0,1,0,0,0,0,0,0,0,0,0,0,0,0,0,0,1,0,0.0147058823529412,0,0.028892455858748,0,0,0.00631911532385466,0,0,0,0,0,0,0,0,0,0,0.00317965023847377,0.988941548183254,0,0,1,0,1,0,1,0,0,0,0,0,0.00161812297734628,0,0.0193236714975845,1,1,0,0,0,1,1,0,0,0,1,0,1,0,0,0.025974025974026,0,1,0,0,0,0,0,0,0,0.895238095238095,0,1,0,0.99198717948718,0,0,0.369105691056911,1,1,0.0016,0,0.0110062893081761,0,0,0,0,0,1,0,0,1,0,0,0,0.954258675078864,0,0,0,0,0,0,0,0,0,1,0,0,0.995161290322581,1,0,1,0,0,0,0,0,0.00646203554119548,0.00482315112540193,0,0.94811320754717,0,0.893617021276596,0.974643423137876,1,0.162118780096308,0,0,0.00157977883096367,0,0.950558213716108,0.943661971830986,0,0.976076555023923,0.993399339933993,0.949367088607595,0.968354430379747,0.93968253968254,0,0.968152866242038,0,0,0.952076677316294,0,0.931888544891641,0,0.0563607085346216,0,0
"142",0,0,0,0,0,0,0.0164203612479475,0.00159489633173844,0,1,0,1,0,0,0,0,1,0.98389694041868,0,0,0,0,0,1,0,0,0,0.00163132137030995,0,0,0,0,0.00159744408945687,0,1,0,0.980922098569157,0,0,0,0.998376623376623,0.985645933014354,0.995319812792512,0,0,0,0,0,0,0,1,0,0,0,0.0145395799676898,0,1,0,0.00320512820512821,0,0,0,0,1,0,0,1,0,1,0,0,0,0,0,1,0.00158478605388273,0,0,0.0016260162601626,0,1,0,0,0,0,0,0,0,0.00475435816164818,0.993710691823899,0,0,1,1,0,1,0.01743264659271,0,0.995319812792512,0.993517017828201,0.0129659643435981,1,0,0,0,0,0.993506493506494,0.0032258064516129,0,0,0,0.0159489633173844,0,0,1,0,0,1,0,0,1,0.00159489633173844,0,0,0,0,0,0,1,0.00637958532695375,0,0,0,1,0,0,1,0,0,0.00829187396351575,1,1,0,0,0,0,0,0,0,0,0,0,0,0,0,0,0,0,1,0,0.00470957613814757,0,0,1,0,0,0,0,0,0,0,0,0,0,0.00161290322580645,0,1,0,1,0,0,0,0,0,0,0,0,0,0,0,0,0,0,0.0221518987341772,1,1,0,0.998415213946117,0,0,0.013136288998358,0,0,0,0,0,0,0,0.00159744408945687,1,0,0,0,0,0,0.0048,0,0,0.00161812297734628,0,0,1,0,0,0,1,0,0,0.00479233226837061,0,0,0,0.0176565008025682,1,0.015748031496063,0,0,0,0,0,0,0,0,0,0,0,0,0,0,0,0,0,0,0,0,0,0,0,0.990353697749196,0,1,0.00483870967741936,0,0,0,1,0,0.00314465408805031,0,0,0,0,0.992101105845182,0,0,0,0,0,0,0,0,0,0,0.0147783251231527,1,0,0.0177705977382876,1,0,0.0156985871271586,0.00162337662337662,1,0,0,0,0,0,1,0.0161550888529887,0,0,0,0,0,0,0,0,0,0,0,0,0,0,0,0,0.00326797385620915,0,0.957413249211357,0,0,0,0,0,0,0,0,0,0,0,0,1,0,0.0114942528735632,0,0.947368421052632,0,0,0,0,1,0,0,0,0,0,0,0,0,0,0,1,0,0,0,0,0,0,1,0,0,0,0.00316957210776545,0,0,0,0,1,0,0,0,0,0,0,0,0,0,0,0,0,0.00317460317460317,0,0,0,0,0,0,0,0,0,0,0,0,1,0,0,0,1,0,0.991789819376026,0,0,0,0.998407643312102,0.00956937799043062,0,0,0,0,0,0,0,0,1,0,0.00165562913907285,0,0,0,0,0,0.998412698412698,0,0,0,0,0,0.00490998363338789,0,0.0119250425894378,0.995192307692308,0,0,0,1,0,0.00159489633173844,0,0,0,1,1,0,0,1,0,0.993527508090615,1,1,0,1,0,0.00162866449511401,0.0062015503875969,0,1,1,0,0,0,0,0.998349834983498,0.0224,0,0,0,0,1,0,0,0.00161550888529887,0,1,0,0,0,0.00160513643659711,1,0,0,0,1,0,0,0,0,0,0,0,0,0,0,0.00165837479270315,0,0.991869918699187,0,0,0,0,0.00651465798045603,1,0,0.0032626427406199,0,0,0,0,0,0,0,0,0,1,0,0,0,0.00325732899022801,0,0,0,0,0,0,0,0,0,0.016025641025641,1,1,0,0,0,0,0,0,0,0,0.0206677265500795,1,0,0.0164473684210526,0,0,1,0,0,0,0.00161812297734628,0,0,0,0,0,0.0033167495854063,0,0,0.0181518151815182,0.025974025974026,0,0,0.995297805642633,0,0,0,0,0,0,0,0.763975155279503,0,1,0.00161030595813205,0,0,0,1,0,0,0,0,0,0,1,1,0,0,0,1,0,0,0.563897763578275,0,0,0.00961538461538462,0,0,0,1,0,0,0,0.00628930817610063,0,0,0.990369181380417,0,0,1,0.0015625,0,0,0,1,0.995121951219512,0,0,0,0,0.993527508090615,0.998357963875205,0,0,0,0,0,0,0,0,0.00495049504950495,0,0,0.996815286624204,0,1,0,0.139767054908486,0.00153846153846154,0,0,1,0,0,0,1,0,1,0,0,1,0.018957345971564,0,0,0.00164203612479475,0,1,0,0,1,0,0,0,0,0,0,0.00479233226837061,0.00161290322580645,1,0,0.985826771653543,0.0205047318611987,0,0,0,0,0,0.916129032258065,0,0,0,0,0,0,0,1,1,0,1,0,1,0,0,0,0,0,0.998412698412698,0,0,0,0,0,0,0,0,0,0,0,0,0,0,1,0,0.0179153094462541,0,0.0316957210776545,0,0,0.00478468899521531,0,0,0,0,0,0,0,0,0,0,0.00315955766192733,0.992101105845182,0,0,1,0,1,0,1,0,0,0,0,0,0.00162337662337662,0,0.0210016155088853,1,1,0,0,0,1,1,0,0,0,1,0,1,0,0,0.0345963756177924,0,1,0,0,0,0,0,0,0,0.897271268057785,0,1,0,0.995192307692308,0,0,0.350498338870432,1,1,0.00159489633173844,0,0.00950871632329636,0,0,0,0,0,1,0,0,1,0,0,0,0.958925750394945,0,0,0,0,0,0,0,0,0,1,0,0,0.996742671009772,1,0,1,0,0,0,0,0,0.00484652665589661,0.00484652665589661,0,0.952755905511811,0,0.901960784313726,0.97444089456869,1,0.147487844408428,0,0,0.00641025641025641,0,0.952922077922078,0.946117274167987,0,0.977272727272727,0.991776315789474,0.951768488745981,0.971830985915493,0.946601941747573,0,0.970684039087948,0,0,0.957516339869281,0,0.93015873015873,0,0.0525477707006369,0,0
"143",0.982484076433121,0.978328173374613,0.970724191063174,0.933544303797468,0.9936,0.979066022544283,0.901253918495298,0.984496124031008,0.978294573643411,0,0.975077881619938,0,0.576086956521739,0.974603174603175,0.0595611285266458,0.0279937791601866,0,0.0126182965299685,0.979299363057325,0.970588235294118,0.183385579937304,0.058252427184466,0.964669738863287,0,0.9375,0.273015873015873,0.133956386292835,0.9712,0.487101669195751,0.702290076335878,0.0199081163859112,0.703761755485893,0.776545166402536,0.3,0,0.981279251170047,0.0155038759689922,0.975384615384615,0.278787878787879,0.887864823348694,0.0015748031496063,0.0108527131782946,0.0077639751552795,0.979559748427673,0.775777414075286,0.0440251572327044,0.528125,0.0238095238095238,0.474242424242424,0.154078549848943,0,0.978260869565217,0.294573643410853,0.978090766823161,0.880690737833595,0.17384370015949,0,0.962204724409449,0.961059190031153,0.926791277258567,0.309230769230769,0.453576864535769,0.0207667731629393,0,0.89171974522293,0.8234375,0,0.97196261682243,0,0.0206677265500795,0.857805255023184,0.0278207109737249,0.0427892234548336,0.980122324159021,0,0.719754977029097,0.0659509202453988,0.590839694656489,0.903381642512077,0.282894736842105,0,0.729357798165138,0.235920852359209,0.975193798449612,0.149136577708006,0.915514592933948,0.9765625,0.963133640552995,0.959814528593508,0.0108864696734059,0.974763406940063,0.973561430793157,0,0,0.958532695374801,0,0.327692307692308,0.970358814352574,0.00469483568075117,0.00625978090766823,0.638198757763975,0,0.294025157232704,0.976340694006309,0.129573170731707,0.982055464926591,0.010989010989011,0.982731554160126,0.0222222222222222,0.0294573643410853,0.027906976744186,0.904610492845787,0.349606299212598,0.975077881619938,0,0.995426829268293,0.7203125,0,0.0232919254658385,0.245669291338583,0,0.774803149606299,0.269170579029734,0.0930979133226324,0.965463108320251,0.16304347826087,0.972644376899696,0.981279251170047,0,0.562790697674419,0.933021806853583,0.4944,0.968553459119497,0,0.978193146417445,0.0428134556574924,0,0.238095238095238,0.636220472440945,0.538585209003215,0,0,1,0.765163297045101,0.193650793650794,0.979527559055118,0.027906976744186,0.925233644859813,0.426282051282051,0.981623277182236,0.160572337042925,0.97045101088647,0.980891719745223,0.840625,0.979750778816199,0.0224719101123595,0.978193146417445,0.0223285486443381,0,0.750783699059561,0.871016691957511,0.962848297213622,0.0351145038167939,0,0.978328173374613,0.464968152866242,0.980769230769231,0.978328173374613,0.98116169544741,0.307926829268293,1,0.0219092331768388,0.94954128440367,0.019578313253012,0.906103286384977,0.386259541984733,0,0.967136150234742,0,0.832288401253918,0.976635514018692,0.14218009478673,0.981623277182236,0.941807044410414,0.974814814814815,0.96141975308642,0.113564668769716,0.397553516819572,0.915360501567398,0.938095238095238,0.0723270440251572,0.0263975155279503,0.982677165354331,0.86286594761171,0,0,0.322784810126582,0.0015527950310559,0.980152671755725,0.273425499231951,0.880690737833595,0.748456790123457,0.989312977099237,0.455696202531646,0.437694704049844,0.3234375,0.928571428571429,0.946875,0.87962962962963,0,0.863565891472868,0.192182410423453,0.965244865718799,0.0221169036334913,0.0900763358778626,0.555555555555556,0.959438377535101,0.977134146341463,0.835147744945568,0.981279251170047,0.888372093023256,0,0.0917573872472784,0.668188736681887,0.976452119309262,0,0.972644376899696,0.979010494752624,0.569620253164557,0.574766355140187,0.967084639498433,0.975649350649351,0.3828125,0,0.890743550834598,0.533227848101266,0.974522292993631,0.0232198142414861,0.96793893129771,0.982704402515723,0.9765625,0.938679245283019,0.538812785388128,0.0233644859813084,0.973561430793157,0.548989113530327,0.027231467473525,0.0226586102719033,0.215189873417722,0.0252764612954186,0.158982511923688,0.686363636363636,0.0188976377952756,0.0199386503067485,0.0294573643410853,0.607692307692308,0.0568720379146919,0.967136150234742,0.0126182965299685,0.0187793427230047,0,0.248025276461295,0.979299363057325,0.962616822429907,0.904538341158059,0,0.877777777777778,0.84472049689441,0.70735524256651,0.612244897959184,0.470404984423676,0.446708463949843,0.0125195618153365,0.982594936708861,0.121725731895223,0.717781402936378,0.96411856474259,0.0290519877675841,0.7601246105919,0.0249609984399376,0.129283489096573,0.980182926829268,0.980551053484603,0.890499194847021,0,0.661608497723824,0.886614173228346,0,0.0201550387596899,0.894656488549618,0.984662576687117,0,0.0217729393468118,0.0199692780337942,0.983974358974359,0.903691813804173,0.022508038585209,0,0.400928792569659,0.989010989010989,0.802130898021309,0.410015649452269,0.677725118483412,0.964285714285714,0.0234375,0.976958525345622,0.978193146417445,0.0268562401263823,0.96875,0.979527559055118,0.961722488038278,0.975039001560062,0.196850393700787,0.34715821812596,0.309597523219814,0.980676328502415,0.932584269662921,0.0538461538461538,0.267605633802817,0.978294573643411,0.162204724409449,0.314503816793893,0.985915492957746,0.978125,0.998449612403101,0.697115384615385,0.973561430793157,0.250401284109149,0.970542635658915,0.974683544303797,0,0.337461300309598,0.561430793157076,0.0405616224648986,0.0513219284603421,0.0274809160305344,0.902325581395349,0.0457317073170732,0.01875,0,0.236391912908243,0.976525821596244,0.0961240310077519,0.988727858293076,0.96969696969697,0.981042654028436,0.306962025316456,0.311501597444089,0.679873217115689,0.476973684210526,0,0.824644549763033,0.0373831775700935,0.0563165905631659,0.215503875968992,0.977812995245642,0.0235849056603774,0,0.348837209302326,0.0375586854460094,0.0449612403100775,0.483568075117371,0.979655712050078,0.295238095238095,0.977272727272727,0.94794952681388,0,0.980712166172107,0.0168195718654434,0.975646879756469,0.829953198127925,0.973856209150327,0.0331230283911672,0.95852534562212,0.0187793427230047,0.875,0.735109717868339,0.93161094224924,0.981679389312977,0.971563981042654,0.306122448979592,0.95141065830721,0.978560490045942,0.0182094081942337,0.0476190476190476,0.974921630094044,0.974803149606299,0.341653666146646,0.864197530864197,0.949511400651466,0.965891472868217,0.980091883614089,0,0.135265700483092,0.976887519260401,0.0236593059936909,0,0.968404423380727,0.00964630225080386,0.0532915360501567,0.975384615384615,0.968847352024922,0.00321543408360129,0.65210608424337,0.438291139240506,0.982484076433121,0.0193236714975845,0.855799373040752,0.98125,0.403481012658228,0.625386996904025,0.800623052959502,0,0.174454828660436,0.980922098569157,0.976780185758514,0.461897356143079,0.976744186046512,0.950083194675541,0.0560747663551402,0.0015552099533437,0.98145285935085,0.971698113207547,0.94679186228482,0.700763358778626,0.0251572327044025,0.872813990461049,0.254237288135593,0.196369636963696,0.00470957613814757,0.628346456692913,0.590979782270607,0.636505460218409,0,0.301458670988655,0.914463452566096,0.647692307692308,0.52760736196319,0.0942249240121581,0,0,0.979228486646884,0.955384615384615,0,0.921383647798742,0.00947867298578199,0,0,0.977812995245642,0,0.983870967741935,0.788976377952756,0.551671732522796,0.981481481481482,0,0,0.976851851851852,0.949101796407186,0.738058551617874,0.0245775729646697,0.00159489633173844,0.88030303030303,0.616923076923077,0.98116169544741,0.541795665634675,0.358372456964006,0,0.966309341500766,0.0240770465489567,0.965079365079365,0.105095541401274,0,0.0308166409861325,0.143307086614173,0.476499189627229,0.965571205007825,0,0.950617283950617,0.967238689547582,0.979938271604938,0,0.0976,0.925742574257426,0.0292682926829268,0.977134146341463,0.981679389312977,0.0262345679012346,0.979907264296754,0.316279069767442,0.818040435458787,0.0346456692913386,0.186900958466454,0.97191887675507,0.0109717868338558,0.025,0.97045101088647,0.0285714285714286,0.676145339652449,0.394366197183099,0,0.131987577639752,0.754385964912281,0.280125195618153,0.976452119309262,0.0205047318611987,0.156832298136646,0.461038961038961,0.969325153374233,0.904761904761905,0.947204968944099,0.757097791798107,0,0.965732087227414,0.0199081163859112,0.953125,0.407582938388626,0.0229007633587786,0.981510015408321,0.980891719745223,0.977987421383648,0.644654088050314,0.984567901234568,0.150793650793651,0.2109375,0.934681181959565,0.876352395672334,0,0,0.980982567353407,0.931854199683043,0.032967032967033,0.974643423137876,0.982731554160126,0.380585516178737,0.930645161290323,0.739403453689168,0.885145482388974,0,0.953051643192488,0.355095541401274,0.978193146417445,0.981102362204724,0,0.659937888198758,0.971291866028708,0.0248062015503876,0.694136291600634,0.39375,0.799100449775112,0.704510108864697,0.939393939393939,0.102874432677761,0.96969696969697,0.978527607361963,0.976816074188563,0.321428571428571,0.119751166407465,0.984399375975039,0.976923076923077,0.00614439324116743,0.775384615384615,0.452566096423017,0.277691107644306,0.779320987654321,0.974882260596546,0.874411302982732,0.98145285935085,0.132307692307692,0.0213114754098361,0,0.82472613458529,0.0253164556962025,0.0220125786163522,0.288611544461778,0,0.983024691358025,0.938366718027735,0.978193146417445,0.986196319018405,0.1046875,0.0220125786163522,0,0,0.183144246353323,0.1,0.165366614664587,0,0.0217391304347826,0.973926380368098,0.0182370820668693,0.312597200622084,0.976190476190476,0.610328638497653,0.957547169811321,0.689335394126739,0.644817073170732,0,0.976119402985075,0.402889245585875,0.521943573667712,0.927051671732523,0.988005997001499,0.410138248847926,0.0107033639143731,0.961597542242704,0.960061443932412,0,0.960183767228178,0.0358814352574103,0.97588424437299,0.431432973805855,0,0.0078003120124805,0.539579967689822,0.853125,0.0245398773006135,0.152597402597403,0.0108359133126935,0.00159235668789809,0.746246246246246,0.0425867507886435,0.977011494252874,0.331278890600925,0.98159509202454,0.0199081163859112,0.390697674418605,0.338735818476499,0.87620578778135,0.116883116883117,0.0230414746543779,0.0031055900621118,0.0590111642743222,0,0.974164133738602,0.0596774193548387,0.98644578313253,0.0249221183800623,0.976190476190476,0,0.530395136778115,0.482866043613707,0.978159126365055,0,0.978560490045942,0,0.403846153846154,0.974045801526718,0,0.66412213740458,0.969889064976228,0.753532182103611,0.954983922829582,0.0540958268933539,0,0.978090766823161,0.2768,0,0.697063369397218,0.0183206106870229,0.0326086956521739,0.976,0.984227129337539,0.975794251134644,0.963949843260188,0.973058637083994,0,0.957878315132605,0.024390243902439,0.366614664586583,0.304347826086957,0.978395061728395,0.977883096366509,0.972307692307692,0.97196261682243,0.0526315789473684,0.0363349131121643,0.980582524271845,0.963133640552995,0.727134146341463,0.970542635658915,0.976780185758514,0.976851851851852,0,0,0.962630792227205,0,0.0865533230293663,0,0.952012383900929,0.282958199356913,0.216346153846154,0.142419601837672,0.911627906976744,0,0.123456790123457,0.978021978021978,0.982998454404946,0.640746500777605,0.432432432432432,0.246246246246246,0.194486983154671,0.660347551342812,0.015220700152207,0.147335423197492,0.578199052132701,0.26625386996904,0.712328767123288,0.0326594090202177,0,0.0190779014308426,0.336463223787167,0.9744,0.643410852713178,0.25,0.636932707355243,0.884969325153374,0.966565349544073,0.967479674796748,0.974842767295597,0.979133226324238,0.978056426332288,0.570532915360502,0.436728395061728,0.976340694006309,0.0222882615156018,0.0333333333333333,0.880248833592535,0.0123076923076923,0.975460122699387,0.952234206471495,0,0.130016051364366,0,0.986003110419907,0,0.96141975308642,0.9796875,0.0247678018575851,0.836477987421384,0.978395061728395,0.669796557120501,0.638888888888889,0.87402799377916,0,0,0.926829268292683,0.944858420268256,0.989164086687306,0,0,0.0209003215434084,0.243531202435312,0.506134969325153,0,0.464012251148545,0,0.921259842519685,0.97456279809221,0.180379746835443,0.271472392638037,0,0.354166666666667,0.586687306501548,0.854263565891473,0.968036529680365,0.796875,0.0203761755485893,0.988993710691824,0.0125588697017268,0.979032258064516,0,0.978755690440061,0.0062402496099844,0.979397781299525,0.0313479623824451,0.027027027027027,0,0,0.834876543209877,0.916666666666667,0.941085271317829,0.715384615384615,0.0467571644042232,0.0302547770700637,0.842767295597484,0.836641221374046,0,0.0313479623824451,0.952456418383518,0,0.964630225080386,0.961832061068702,0.0865533230293663,0.0429447852760736,0.0217729393468118,0.977272727272727,0.487301587301587,0.0911949685534591,0.121951219512195,0.131901840490798,0.705414012738854,0.119266055045872,0.979623824451411,0,0.765354330708661,0.967741935483871,0.0031201248049922,0,0.0242424242424242,0,0.0234009360374415,0.978461538461538,0.71107544141252,0.0224358974358974,0.0253565768621236,0.568720379146919,0.960567823343849,0.452859350850077,0.049079754601227,0.0189873417721519,0.0516962843295638,0.0141065830721003,0,0.0473186119873817,0.0256410256410256,0.0203125,0.032967032967033,0.0197268588770865,0.0504731861198738,0.0589147286821705,0.0390015600624025,0.0140405616224649,0.00318471337579618,0.021875,0.0197869101978691,0.0577223088923557,0.0313971742543171,0.0184899845916795,0.017741935483871,0.026813880126183,0.0443740095087163,0.031201248049922,0.0213089802130898,0.0250783699059561,0.0497667185069984,0.0241691842900302,0.0217391304347826
"144",0.76,0.753510140405616,0.763975155279503,0.781701444622793,0.758508914100486,0.770967741935484,0.769230769230769,0.761829652996845,0.763440860215054,0,0.765258215962441,0,0.648233486943164,0.757097791798107,0.283699059561129,0.257009345794392,0,0.00950871632329636,0.741157556270096,0.785046728971963,0.39906103286385,0.261513157894737,0.758566978193146,0,0.778471138845554,0.450479233226837,0.344827586206897,0.753646677471637,0.712328767123288,0.673405909797823,0.236476043276662,0.750392464678179,0.833597464342314,0.472527472527473,0,0.765990639625585,0.0141509433962264,0.767080745341615,0.477544910179641,0.777265745007681,0.00159744408945687,0.009375,0.0046801872074883,0.7625,0.725677830940989,0.259842519685039,0.626198083067093,0.24685534591195,0.601823708206687,0.369300911854103,0,0.774603174603175,0.49452269170579,0.7609375,0.747603833865815,0.390822784810127,0,0.753623188405797,0.7398753894081,0.788819875776398,0.469953775038521,0.673946957878315,0.246056782334385,0,0.850722311396469,0.864274570982839,0,0.756714060031596,0,0.232963549920761,0.749230769230769,0.244514106583072,0.243328100470958,0.766823161189358,0,0.830508474576271,0.286377708978328,0.744615384615385,0.781350482315113,0.472545757071547,0,0.754224270353303,0.427035330261137,0.753125,0.351097178683386,0.788343558282209,0.763076923076923,0.783825816485226,0.752704791344668,0.00459418070444104,0.762282091917591,0.750769230769231,0,0,0.753205128205128,0,0.495327102803738,0.762052877138414,0.00611620795107034,0.00777604976671851,0.677570093457944,0,0.493690851735016,0.749606299212598,0.345454545454545,0.75487012987013,0.00320512820512821,0.76625386996904,0.237639553429027,0.24405705229794,0.242566510172144,0.755555555555556,0.503937007874016,0.764797507788162,0,0.766823161189358,0.763076923076923,0,0.25115562403698,0.459119496855346,0,0.816455696202532,0.488993710691824,0.311605723370429,0.7640625,0.389147286821705,0.762422360248447,0.760188087774295,0,0.655226209048362,0.776377952755905,0.669291338582677,0.749596122778675,0,0.76537216828479,0.251533742331288,0,0.45324881141046,0.665625,0.644338118022329,0,0,0.765163297045101,1,0.403225806451613,0.752773375594295,0.234375,0.769349845201238,0.546325878594249,0.764705882352941,0.370967741935484,0.768633540372671,0.757234726688103,0.747286821705426,0.753510140405616,0.229299363057325,0.763157894736842,0.241324921135647,0,0.897106109324759,0.753048780487805,0.76840490797546,0.25585023400936,0,0.75077399380805,0.582258064516129,0.775244299674267,0.76036866359447,0.755384615384615,0.465224111282844,0.763779527559055,0.258730158730159,0.76840490797546,0.24390243902439,0.762204724409449,0.547987616099071,0,0.759055118110236,0,0.764430577223089,0.774294670846395,0.364069952305246,0.768875192604006,0.814814814814815,0.76602086438152,0.773790951638066,0.334913112164297,0.532208588957055,0.767741935483871,0.776,0.289514866979656,0.229559748427673,0.75801282051282,0.753125,0,0,0.518225039619651,0.00157232704402516,0.755832037325039,0.453435114503817,0.745192307692308,0.743511450381679,0.763523956723339,0.622257053291536,0.628304821150855,0.518518518518518,0.734276729559748,0.763492063492063,0.776744186046512,0,0.763523956723339,0.416260162601626,0.768867924528302,0.234548335974643,0.313364055299539,0.652996845425868,0.750392464678179,0.761832061068702,0.804724409448819,0.756589147286822,0.851097178683386,0,0.301261829652997,0.963302752293578,0.76555023923445,0,0.763239875389408,0.774193548387097,0.65,0.612852664576803,0.756410256410256,0.759677419354839,0.550793650793651,0,0.758887171561051,0.643642072213501,0.769983686786297,0.237947122861586,0.769592476489028,0.762738853503185,0.757763975155279,0.806603773584906,0.626153846153846,0.261562998405104,0.77337559429477,0.629860031104199,0.242792109256449,0.226788432267884,0.365384615384615,0.237577639751553,0.388272583201268,0.695252679938744,0.240428790199081,0.238897396630934,0.253918495297806,0.683720930232558,0.277511961722488,0.780063291139241,0.00793650793650794,0.22848200312989,0,0.4496,0.763322884012539,0.768273716951788,0.774844720496894,0,0.752,0.825617283950617,0.744514106583072,0.694444444444444,0.585987261146497,0.626198083067093,0.0062111801242236,0.743589743589744,0.333333333333333,0.747557003257329,0.782945736434108,0.247663551401869,0.707165109034268,0.2453125,0.347068145800317,0.766412213740458,0.760064412238325,0.746835443037975,0,0.725984251968504,0.770206022187005,0,0.234930448222566,0.746969696969697,0.763866877971474,0,0.249617151607963,0.227202472952087,0.768115942028985,0.793929712460064,0.248387096774194,0,0.553846153846154,0.76555023923445,0.759878419452888,0.5375,0.689984101748808,0.742990654205608,0.235658914728682,0.757716049382716,0.752773375594295,0.2484375,0.769828926905132,0.7648,0.7744,0.772797527047913,0.406349206349206,0.507645259938838,0.513260530421217,0.751974723538705,0.761290322580645,0.0423861852433281,0.4913112164297,0.783151326053042,0.385335413416537,0.534848484848485,0.77293934681182,0.764984227129338,0.782131661442006,1,0.744648318042814,0.474193548387097,0.769470404984424,0.756329113924051,0,0.516129032258065,0.634768740031898,0.25508607198748,0.043613707165109,0.248073959938367,0.755134281200632,0.264385692068429,0.239197530864198,0,0.455259026687598,0.761904761904762,0.309486780715397,0.775080906148867,0.773885350318471,0.763322884012539,0.523885350318471,0.512155591572123,0.8112,0.557536466774716,0,0.84748427672956,0.239197530864198,0.269938650306748,0.41640866873065,0.765451664025357,0.241706161137441,0,0.51702786377709,0.248833592534992,0.267295597484277,0.585987261146497,0.750788643533123,0.482649842271293,0.758116883116883,0.772445820433437,0,0.768768768768769,0.222222222222222,0.759316770186335,0.835147744945568,0.782820097244733,0.252396166134185,0.791277258566978,0.240625,0.77151799687011,0.742448330683625,0.782012195121951,0.761829652996845,0.75705329153605,0.519500780031201,0.7888,0.743511450381679,0.255023183925811,0.255924170616114,0.752336448598131,0.75625,0.494505494505495,0.785714285714286,0.750405186385737,0.773940345368917,0.76625386996904,0,0.333333333333333,0.76875,0.247619047619048,0,0.781990521327014,0.00642054574638844,0.274881516587678,0.758778625954198,0.753577106518283,0.00318979266347687,0.677165354330709,0.58161648177496,0.774760383386581,0.237179487179487,0.746456692913386,0.757575757575758,0.617693522906793,0.687116564417178,0.777251184834123,0,0.387301587301587,0.762903225806452,0.765923566878981,0.585780525502318,0.768518518518518,0.761666666666667,0.260252365930599,0,0.756630265210608,0.764240506329114,0.7734375,0.796610169491525,0.252747252747253,0.738317757009346,0.445987654320988,0.388888888888889,0.00622083981337481,0.853035143769968,0.691455696202532,0.700468018720749,0,0.4768,0.766929133858268,0.801857585139319,0.639751552795031,0.310708898944193,0,0,0.7518573551263,0.773353751914242,0,0.751181102362205,0.00647249190938511,0,0,0.759375,0,0.764991896272285,0.7203125,0.647692307692308,0.75920245398773,0,0,0.768388106416275,0.773071104387292,0.886850152905199,0.245723172628305,0.0016,0.740399385560676,0.682588597842835,0.766823161189358,0.63182527301092,0.495222929936306,0,0.763888888888889,0.2384,0.782747603833866,0.321316614420063,0,0.247328244274809,0.360759493670886,0.613223140495868,0.759433962264151,0,0.781010719754977,0.768388106416275,0.757009345794392,0,0.308544303797468,0.785357737104825,0.246329526916803,0.755007704160247,0.751902587519026,0.255520504731861,0.753105590062112,0.534992223950233,0.740973312401884,0.251980982567353,0.388083735909823,0.776911076443058,0.00477707006369427,0.241758241758242,0.76138147566719,0.248788368336026,0.821086261980831,0.5234375,0,0.322884012539185,0.777251184834123,0.500782472613459,0.759630200308166,0.235849056603774,0.375,0.660194174757282,0.768181818181818,0.778801843317972,0.795562599049128,0.849206349206349,0,0.776416539050536,0.238021638330757,0.771028037383178,0.559677419354839,0.237518910741301,0.757296466973886,0.764331210191083,0.755555555555556,0.661392405063291,0.763322884012539,0.351822503961965,0.420967741935484,0.75625,0.753918495297806,0,0,0.7616,0.766129032258065,0.247588424437299,0.763116057233704,0.768987341772152,0.5625,0.759433962264151,0.742088607594937,0.744976816074189,0,0.756329113924051,0.519169329073482,0.766929133858268,0.762951334379906,0,0.846635367762128,0.770465489566613,0.2515625,0.792452830188679,0.534883720930233,0.850453172205438,0.735668789808917,0.777265745007681,0.313846153846154,0.7632,0.759873617693523,0.767405063291139,0.489499192245557,0.310832025117739,0.758566978193146,0.762128325508607,0.003125,0.970404984423676,0.625386996904025,0.465625,0.757097791798107,0.757433489827856,0.754385964912281,0.75625,0.150537634408602,0.239165329052969,0,0.806962025316456,0.240887480190174,0.238689547581903,0.465408805031447,0,0.780373831775701,0.776744186046512,0.751166407465008,0.762269938650307,0.323343848580442,0.232594936708861,0,0,0.395833333333333,0.314194577352472,0.381180223285486,0,0.2296875,0.743827160493827,0.118012422360248,0.522012578616352,0.752808988764045,0.66875,0.782747603833866,0.72386895475819,0.693251533742331,0,0.770392749244713,0.5824,0.65814696485623,0.772519083969466,0.763975155279503,0.562111801242236,0.0046875,0.765258215962441,0.776234567901235,0,0.758725341426404,0.246894409937888,0.785831960461285,0.603448275862069,0,0.0062015503875969,0.680194805194805,0.789968652037618,0.252730109204368,0.3648,0.0078740157480315,0.00161290322580645,0.691729323308271,0.250398724082935,0.754530477759473,0.5,0.76030534351145,0.227692307692308,0.529595015576324,0.504823151125402,0.770597738287561,0.328025477707006,0.241860465116279,0.0031104199066874,0.269537480063796,0,0.754601226993865,0.229773462783172,0.764795144157815,0.246445497630332,0.751196172248804,0,0.621705426356589,0.700159489633174,0.740916271721959,0,0.763523956723339,0,0.549114331723027,0.773148148148148,0,0.683881064162754,0.748031496062992,0.714508580343214,0.778129952456418,0.267387944358578,0,0.764521193092622,0.45933014354067,0,0.743390357698289,0.240487062404871,0.243451463790447,0.759170653907496,0.762360446570973,0.755417956656347,0.750402576489533,0.752791068580542,0,0.766929133858268,0.0137614678899083,0.539291217257319,0.4770206022187,0.761978361669243,0.755905511811024,0.762917933130699,0.775541795665635,0.0661417322834646,0.2625,0.76537216828479,0.763608087091757,0.8703125,0.763239875389408,0.756589147286822,0.775700934579439,0,0,0.762121212121212,0,0.292834890965732,0,0.762738853503185,0.461165048543689,0.427884615384615,0.354037267080745,0.782608695652174,0.0015600624024961,0.330203442879499,0.743348982785602,0.764705882352941,0.673946957878315,0.609022556390977,0.425339366515837,0.393568147013783,0.68,0.236842105263158,0.359937402190923,0.666666666666667,0.495283018867925,0.856481481481482,0.228706624605678,0,0.225396825396825,0.511111111111111,0.749190938511327,0.64576802507837,0.458841463414634,0.828346456692913,0.761682242990654,0.7453125,0.785714285714286,0.779578606158833,0.770597738287561,0.769230769230769,0.646129541864139,0.563779527559055,0.75462962962963,0.259036144578313,0.240061162079511,0.782472613458529,0.00457317073170732,0.76103500761035,0.768273716951788,0,0.350565428109855,0,0.764890282131661,0,0.778801843317972,0.755102040816326,0.242748091603053,0.741784037558685,0.75462962962963,0.7024,0.686335403726708,0.745253164556962,0,0,0.787337662337662,0.757894736842105,0.762422360248447,0,0,0.219354838709677,0.46319018404908,0.661417322834646,0,0.583333333333333,0,0.758116883116883,0.762820512820513,0.363349131121643,0.44945567651633,0,0.517515923566879,0.6546875,0.76625386996904,0.761467889908257,0.735849056603774,0.251968503937008,0.773311897106109,0.0344287949921753,0.76537216828479,0,0.764079147640791,0.00470219435736677,0.753225806451613,0.255627009646302,0.162420382165605,0,0,0.79595015576324,0.811290322580645,0.746543778801843,0.74347158218126,0.245083207261725,0.238546603475513,0.744514106583072,0.708841463414634,0,0.259433962264151,0.804416403785489,0,0.764423076923077,0.761978361669243,0.31832298136646,0.0372670807453416,0.237871674491393,0.741433021806854,0.571653543307087,0.30952380952381,0.343089430894309,0.343122102009274,0.86970684039088,0.328197226502311,0.760188087774295,0,0.896331738437002,0.764252696456086,0.00320512820512821,0,0.25,0,0.254658385093168,0.757433489827856,0.724025974025974,0.240770465489567,0.242857142857143,0.667711598746082,0.756329113924051,0.6875,0.036979969183359,0.227707006369427,0.0498392282958199,0.0201238390092879,0,0.225,0.242378048780488,0.239747634069401,0.254658385093168,0.236280487804878,0.0330708661417323,0.0467289719626168,0.242990654205607,0.0203761755485893,0.00814332247557003,0.033175355450237,0.0232919254658385,0.0467289719626168,0.263406940063092,0.0236220472440945,0.233278955954323,0.244019138755981,0.0339256865912763,0.248025276461295,0.0379939209726444,0.2625,0.255813953488372,0.244648318042813,0.251980982567353
"145",0.180623973727422,0.1776,0.204081632653061,0.214052287581699,0.176375404530744,0.178688524590164,0.251623376623377,0.200949367088608,0.167721518987342,0,0.163695299837925,0,0.548489666136725,0.178981937602627,0.820967741935484,0.858505564387917,0,0.00162337662337662,0.175986842105263,0.185897435897436,0.77938808373591,0.848837209302326,0.169329073482428,0,0.20450885668277,0.742765273311897,0.790660225442834,0.17741935483871,0.643081761006289,0.418897637795276,0.833597464342314,0.450320512820513,0.388709677419355,0.675806451612903,0,0.163695299837925,0.00645161290322581,0.169059011164274,0.705426356589147,0.260596546310832,0,0,0,0.168576104746318,0.35738255033557,0.843548387096774,0.609477124183007,0.839486356340289,0.566302652106084,0.84031007751938,0,0.174193548387097,0.709415584415584,0.16852146263911,0.261788617886179,0.773462783171521,0,0.191489361702128,0.185007974481659,0.267828843106181,0.691573926868045,0.669871794871795,0.823624595469256,0,0.281456953642384,0.330670926517572,0,0.173139158576052,0,0.831442463533225,0.3,0.8336,0.833068362480127,0.160572337042925,0,0.462992125984252,0.817307692307692,0.60062893081761,0.270799347471452,0.693493150684932,0,0.43581616481775,0.891975308641975,0.165094339622642,0.845070422535211,0.251582278481013,0.168503937007874,0.192868719611021,0.170111287758347,0.0015527950310559,0.17515923566879,0.158730158730159,0,0,0.181219110378913,0,0.691943127962085,0.17515923566879,0,0,0.491935483870968,0,0.689320388349515,0.175986842105263,0.7921875,0.164451827242525,0.00161550888529887,0.186305732484076,0.836304700162075,0.839486356340289,0.828025477707006,0.222039473684211,0.659127625201939,0.180354267310789,0,0.158555729984301,0.42246835443038,0,0.833865814696486,0.780487804878049,0,0.402555910543131,0.734920634920635,0.804311774461028,0.194577352472089,0.89589905362776,0.165079365079365,0.172413793103448,0,0.532385466034755,0.232899022801303,0.599018003273322,0.171009771986971,0,0.166118421052632,0.817484662576687,0,0.757425742574257,0.521951219512195,0.576104746317512,0,0,0.193650793650794,0.403225806451613,1,0.166134185303514,0.831987075928918,0.233704292527822,0.598360655737705,0.184251968503937,0.78369384359401,0.185064935064935,0.170491803278689,0.295819935691318,0.161858974358974,0.833060556464812,0.173775671406003,0.830917874396135,0,0.414826498422713,0.28414442700157,0.176182707993475,0.837579617834395,0,0.160828025477707,0.586092715231788,0.164451827242525,0.17693522906793,0.160828025477707,0.680952380952381,0.183098591549296,0.823338735818476,0.208722741433022,0.837245696400626,0.262295081967213,0.708661417322835,0,0.185483870967742,0,0.314285714285714,0.166666666666667,0.812191103789127,0.181674565560821,0.221337579617834,0.170015455950541,0.200312989045383,0.814814814814815,0.625796178343949,0.230016313213703,0.226475279106858,0.81421647819063,0.8336,0.174055829228243,0.278135048231511,0,0,0.72258064516129,0,0.174528301886792,0.690140845070423,0.254934210526316,0.394654088050314,0.177847113884555,0.619741100323625,0.650793650793651,0.692939244663383,0.229773462783172,0.192556634304207,0.265625,0,0.266875981161695,0.752491694352159,0.222402597402597,0.8352,0.830455259026688,0.548701298701299,0.180223285486443,0.184952978056426,0.320967741935484,0.162162162162162,0.292721518987342,0,0.831730769230769,0.499202551834131,0.16996699669967,0,0.17192429022082,0.171296296296296,0.540540540540541,0.484992101105845,0.159677419354839,0.175,0.663507109004739,0,0.261006289308176,0.545307443365696,0.195758564437194,0.825878594249201,0.202194357366771,0.167752442996743,0.15224358974359,0.224222585924714,0.518225039619651,0.839080459770115,0.184590690208668,0.598412698412698,0.834115805946792,0.830985915492958,0.72875816993464,0.827361563517915,0.762852404643449,0.448062015503876,0.841444270015699,0.834123222748815,0.829383886255924,0.493610223642172,0.823723228995058,0.188524590163934,0.00161030595813205,0.823529411764706,0,0.711974110032362,0.169657422512235,0.181380417335474,0.2592,0,0.289735099337748,0.299050632911392,0.441786283891547,0.511254019292605,0.6192,0.624390243902439,0.00158730158730159,0.153846153846154,0.796502384737679,0.431404958677686,0.19773095623987,0.821316614420063,0.378812199036918,0.8416,0.793650793650794,0.160063391442155,0.169435215946844,0.247135842880524,0,0.469194312796209,0.257698541329011,0,0.827476038338658,0.24294670846395,0.182539682539683,0,0.847512038523275,0.828885400313972,0.17483660130719,0.271844660194175,0.833607907742998,0,0.648,0.177133655394525,0.3486529318542,0.625204582651391,0.445337620578778,0.207667731629393,0.831746031746032,0.170616113744076,0.167456556082148,0.83739837398374,0.186520376175549,0.169354838709677,0.177235772357724,0.177672955974843,0.769726247987118,0.666666666666667,0.697305863708399,0.179276315789474,0.235,0.0125195618153365,0.7504,0.182985553772071,0.810810810810811,0.725581395348837,0.181962025316456,0.179738562091503,0.192926045016077,0.475409836065574,0.150078988941548,0.769105691056911,0.212361331220285,0.161858974358974,0,0.66877971473851,0.537704918032787,0.826498422712934,0.0111287758346582,0.8296875,0.233226837060703,0.810852713178295,0.834920634920635,0,0.777424483306836,0.1712,0.850556438791733,0.172981878088962,0.190779014308426,0.182258064516129,0.715210355987055,0.721393034825871,0.5,0.558922558922559,0,0.351910828025478,0.820031298904538,0.82472613458529,0.749221183800623,0.162640901771337,0.835748792270531,0,0.676703645007924,0.842271293375394,0.839486356340289,0.67515923566879,0.163987138263666,0.702922077922078,0.171900826446281,0.192556634304207,0,0.17457886676876,0.831496062992126,0.176377952755906,0.348171701112878,0.180327868852459,0.831987075928918,0.187697160883281,0.831460674157303,0.27027027027027,0.418181818181818,0.22432859399684,0.188888888888889,0.168,0.689210950080515,0.212218649517685,0.172897196261682,0.834384858044164,0.82484076433121,0.169105691056911,0.153970826580227,0.660828025477707,0.270569620253165,0.201331114808652,0.215654952076677,0.165354330708661,0,0.772652388797364,0.162118780096308,0.824959481361426,0,0.198051948051948,0,0.829545454545455,0.167456556082148,0.178743961352657,0,0.469155844155844,0.66612641815235,0.187192118226601,0.840909090909091,0.279605263157895,0.163961038961039,0.705882352941177,0.496025437201908,0.36115569823435,0,0.769354838709677,0.178981937602627,0.17329093799682,0.656,0.170653907496013,0.18561872909699,0.849117174959872,0,0.194662480376766,0.180064308681672,0.200642054574639,0.492088607594937,0.830097087378641,0.288961038961039,0.739059967585089,0.734453781512605,0,0.548701298701299,0.488817891373802,0.51993620414673,0,0.676126878130217,0.2368,0.536624203821656,0.533858267716535,0.787692307692308,0,0,0.163076923076923,0.186625194401244,0,0.233118971061093,0.0016260162601626,0,0,0.167207792207792,0,0.176079734219269,0.362041467304625,0.550156739811912,0.155763239875389,0,0,0.179936305732484,0.205564142194745,0.4375,0.836477987421384,0,0.253565768621236,0.497607655502392,0.165605095541401,0.576744186046512,0.666666666666667,0,0.189792663476874,0.837171052631579,0.205930807248764,0.810679611650485,0,0.830745341614907,0.843393148450245,0.593023255813954,0.192616372391653,0,0.2125,0.174050632911392,0.167987321711569,0,0.805152979066023,0.201353637901861,0.821963394342762,0.165079365079365,0.17219589257504,0.829383886255924,0.16403785488959,0.704944178628389,0.337060702875399,0.826580226904376,0.743801652892562,0.212071778140294,0.0016,0.835748792270531,0.195618153364632,0.836092715231788,0.50487012987013,0.587859424920128,0,0.7888,0.393548387096774,0.736089030206677,0.188197767145136,0.838709677419355,0.774760383386581,0.637417218543046,0.208137715179969,0.274418604651163,0.202283849918434,0.436482084690554,0,0.18740157480315,0.831496062992126,0.190553745928339,0.652459016393443,0.825196850393701,0.166134185303514,0.165032679738562,0.160453808752026,0.517628205128205,0.174757281553398,0.779771615008157,0.763492063492063,0.199036918138042,0.273170731707317,0,0,0.168557536466775,0.228525121555916,0.823240589198036,0.182985553772071,0.1743264659271,0.678233438485804,0.220228384991843,0.415584415584416,0.265940902021773,0,0.201923076923077,0.672697368421053,0.169354838709677,0.169871794871795,0,0.499189627228525,0.179902755267423,0.830128205128205,0.431118314424635,0.619426751592357,0.382488479262673,0.457990115321252,0.205928237129485,0.825196850393701,0.181666666666667,0.179365079365079,0.18370607028754,0.684552845528455,0.751196172248804,0.188709677419355,0.153488372093023,0,0.377358490566038,0.609250398724083,0.712903225806452,0.38351822503962,0.165584415584416,0.272292993630573,0.159235668789809,0.137658227848101,0.831423895253682,0,0.336553945249597,0.824281150159744,0.836012861736334,0.691056910569106,0,0.181380417335474,0.249206349206349,0.1632,0.172143974960876,0.830645161290323,0.838762214983713,0,0,0.752827140549273,0.780448717948718,0.77258064516129,0,0.830427892234548,0.162939297124601,0.340729001584786,0.707317073170732,0.178104575163399,0.508856682769726,0.207395498392283,0.462157809983897,0.450549450549451,0,0.161189358372457,0.646864686468647,0.583196046128501,0.228260869565217,0.154952076677316,0.624600638977636,0,0.215873015873016,0.20625,0,0.1890625,0.807631160572337,0.19047619047619,0.631415241057543,0,0.00158227848101266,0.578073089700997,0.3264,0.843700159489633,0.787479406919275,0.00158982511923688,0,0.367601246105919,0.840130505709625,0.165275459098498,0.662992125984252,0.163779527559055,0.829953198127925,0.626582278481013,0.716129032258065,0.30114566284779,0.900332225913621,0.815112540192926,0,0.806763285024155,0,0.167721518987342,0.677740863787375,0.17638036809816,0.8288,0.165594855305466,0,0.582018927444795,0.643322475570033,0.168284789644013,0,0.180817610062893,0,0.611666666666667,0.178515007898894,0,0.44794952681388,0.181229773462783,0.4189852700491,0.213464696223317,0.826771653543307,0,0.157303370786517,0.707395498392283,0,0.458135860979463,0.828393135725429,0.822327044025157,0.155448717948718,0.170491803278689,0.178125,0.182985553772071,0.180032733224223,0,0.183574879227053,0.00159744408945687,0.664566929133858,0.67879746835443,0.166405023547881,0.182258064516129,0.173166926677067,0.175632911392405,0.0412698412698413,0.835725677830941,0.179571663920923,0.200317965023847,0.448165869218501,0.18341307814992,0.1728,0.197411003236246,0,0,0.176651305683564,0,0.821316614420063,0,0.199367088607595,0.693311582381729,0.754966887417219,0.77602523659306,0.242276422764228,0.00158730158730159,0.791332263242376,0.172302737520129,0.177215189873418,0.458333333333333,0.645896656534954,0.975535168195719,0.771028037383178,0.506514657980456,0.833597464342314,0.796178343949045,0.539808917197452,0.772357723577236,0.493650793650794,0.822784810126582,0,0.828478964401295,0.669950738916256,0.168026101141925,0.43879173290938,0.71875,0.559105431309904,0.270015698587127,0.177847113884555,0.201331114808652,0.186795491143317,0.184514003294893,0.174267100977199,0.516908212560386,0.613672496025437,0.163398692810458,0.836923076923077,0.83695652173913,0.279293739967897,0.00157728706624606,0.175632911392405,0.185714285714286,0,0.92358803986711,0,0.222402597402597,0,0.194312796208531,0.170178282009724,0.836507936507937,0.302215189873418,0.166929133858268,0.46677471636953,0.491961414790997,0.263843648208469,0,0,0.242524916943522,0.224770642201835,0.165341812400636,0,0,0.834170854271357,0.760188087774295,0.592,0,0.592709984152139,0,0.233009708737864,0.17741935483871,0.727564102564103,0.89375,0,0.63961038961039,0.520193861066236,0.28436018957346,0.196261682242991,0.364207221350078,0.836248012718601,0.178807947019868,0.0760517799352751,0.168595041322314,0,0.186119873817035,0,0.156862745098039,0.829268292682927,0.520525451559934,0,0,0.315024232633279,0.234323432343234,0.193037974683544,0.393026941362916,0.814756671899529,0.815359477124183,0.325396825396825,0.287713841368585,0,0.822294022617124,0.2,0,0.168333333333333,0.214516129032258,0.801932367149758,0.00811688311688312,0.836734693877551,0.173775671406003,0.579638752052545,0.818181818181818,0.823723228995058,0.789223454833597,0.46843853820598,0.84251968503937,0.173076923076923,0,0.403846153846154,0.172741679873217,0,0,0.835658914728682,0,0.819620253164557,0.162717219589258,0.409836065573771,0.842364532019704,0.820554649265905,0.556291390728477,0.20032310177706,0.662440570522979,0.0108191653786708,0.834710743801653,0.04,0.00632911392405063,0,0.685667752442997,0.829493087557604,0.826580226904376,0.82807570977918,0.835463258785943,0.00970873786407767,0.00947867298578199,0.818619582664527,0.00654664484451719,0.00161030595813205,0.0240384615384615,0.00791139240506329,0.0128617363344051,0.821829855537721,0.012779552715655,0.839607201309329,0.831987075928918,0.00985221674876847,0.821543408360129,0.044822256568779,0.837925445705024,0.76038338658147,0.832807570977918,0.83147853736089
"146",0.998373983739837,1,0.967542503863988,0.940226171243942,0.98538961038961,1,0.886581469648562,0.971830985915493,1,0,1,0,0.554502369668246,1,0.0391236306729265,0.00791139240506329,0,0.015625,0.996768982229402,0.98740157480315,0.149136577708006,0.0360065466448445,0.992260061919505,0,0.952978056426332,0.258267716535433,0.108150470219436,0.990369181380417,0.45679012345679,0.6875,0,0.687697160883281,0.754838709677419,0.290423861852433,0,1,0.0140405616224649,0.995327102803738,0.258358662613982,0.905426356589147,0.00160771704180064,0.0139968895800933,0.00792393026941363,1,0.783034257748777,0.0255591054313099,0.516746411483254,0,0.468509984639017,0.130232558139535,0,0.995169082125604,0.26031746031746,1,0.879746835443038,0.157980456026059,0,0.977707006369427,0.95800933125972,0.904836193447738,0.295886075949367,0.434920634920635,0,0,0.899022801302932,0.820592823712949,0,0.990566037735849,0,0,0.853125,0.00784929356357928,0.0193861066235864,1,0,0.7015625,0.0407523510971787,0.559375,0.896440129449838,0.267558528428094,0,0.698587127158556,0.202786377708978,0.998463901689708,0.111811023622047,0.903426791277259,0.995319812792512,0.971742543171115,0.968652037617555,0.00924499229583975,0.985826771653543,1,0,0,0.975845410628019,0,0.289968652037618,0.982594936708861,0.0062111801242236,0.008,0.60410094637224,0,0.284126984126984,1,0.10077519379845,1,0.00963081861958266,0.977777777777778,0,0.0094488188976378,0.00623052959501558,0.8992,0.3344,0.992101105845182,0,0.987240829346092,0.705790297339593,0,0,0.222929936305732,0,0.751592356687898,0.228070175438596,0.0753205128205128,0.972049689440994,0.141509433962264,0.998447204968944,0.99685534591195,0,0.533227848101266,0.935736677115988,0.488745980707395,0.988727858293076,0,0.99512987012987,0.0153846153846154,0,0.195548489666137,0.628389154704944,0.505691056910569,0,0,0.979527559055118,0.752773375594295,0.166134185303514,1,0.00475435816164818,0.927131782945736,0.420545746388443,0.978260869565217,0.128,0.987381703470032,1,0.831007751937984,0.995283018867924,0,1,0,0,0.728571428571429,0.86748844375963,0.984544049459042,0.0155763239875389,0,1,0.456730769230769,1,1,1,0.291277258566978,0.976671850699845,0.00159489633173844,0.943251533742331,0,0.890822784810127,0.381846635367762,0,0.982456140350877,0,0.854889589905363,1,0.117834394904459,0.982785602503912,0.950078003120125,0.99390243902439,0.975308641975309,0.0959119496855346,0.379471228615863,0.92776886035313,0.944267515923567,0.0505529225908373,0.00465116279069767,0.980707395498392,0.852201257861635,0,0,0.28436018957346,0.00157232704402516,1,0.250386398763524,0.872408293460925,0.762128325508607,0.987748851454824,0.421974522292994,0.433846153846154,0.279874213836478,0.919047619047619,0.968102073365231,0.877708978328173,0,0.87906976744186,0.173913043478261,0.943729903536977,0,0.0712074303405573,0.5312,0.979430379746835,0.976816074188563,0.824175824175824,0.998425196850394,0.888888888888889,0,0.075,0.646697388632873,0.995192307692308,0,0.9921875,0.980213089802131,0.545171339563863,0.54858934169279,0.990625,1,0.350157728706625,0,0.879573170731707,0.522222222222222,0.967845659163987,0,0.959564541213064,0.998389694041868,1,0.952305246422893,0.52755905511811,0,0.966824644549763,0.539412673879444,0.0030441400304414,0.00154320987654321,0.196513470681458,0,0.143312101910828,0.671253822629969,0,0.00156985871271586,0.00772797527047913,0.576086956521739,0.0405844155844156,0.983948635634029,0.0111287758346582,0,0,0.223809523809524,1,0.979623824451411,0.899843505477308,0,0.87012987012987,0.854714064914992,0.68025078369906,0.594976452119309,0.44006309148265,0.445859872611465,0.010989010989011,1,0.0945736434108527,0.698517298187809,0.95800933125972,0.013953488372093,0.740973312401884,0.00159235668789809,0.1125,1,1,0.883870967741936,0,0.63125,0.877813504823151,0,0,0.889400921658986,0.980582524271845,0,0.00155763239875389,0,0.977812995245642,0.887987012987013,0,0,0.373831775700935,0.990430622009569,0.782071097372488,0.392405063291139,0.65224358974359,0.957680250783699,0.00946372239747634,1,1,0.00473186119873817,0.968454258675079,1,0.974481658692185,0.998420221169036,0.180064308681672,0.296124031007752,0.27373417721519,0.973312401883831,0.942903752039152,0.04858934169279,0.250398724082935,0.974803149606299,0.153125,0.287037037037037,0.99375,0.998415213946117,0.971830985915493,0.678048780487805,0.996923076923077,0.234076433121019,0.961965134706815,0.996825396825397,0,0.3125,0.537360890302067,0.0190174326465927,0.0486656200941915,0.00918836140888208,0.90625,0.0234375,0,0,0.231481481481481,0.99203821656051,0.0723270440251572,0.988617886178862,0.968203497615262,0.987240829346092,0.275039745627981,0.272292993630573,0.670846394984326,0.463414634146341,0,0.816614420062696,0.0077639751552795,0.0294573643410853,0.19435736677116,1,0.00156739811912226,0,0.317535545023697,0.00923076923076923,0.0192307692307692,0.4688,1,0.275806451612903,1,0.96551724137931,0,0.991004497751124,0,0.998442367601246,0.825347758887172,1,0.00950871632329636,0.979750778816199,0,0.881889763779528,0.720779220779221,0.950769230769231,0.987519500780031,0.996835443037975,0.280757097791798,0.968652037617555,1,0,0.028436018957346,1,1,0.31875,0.881889763779528,0.963934426229508,0.959564541213064,1,0,0.108943089430894,1,0.00161812297734628,0,0.961783439490446,0.00974025974025974,0.0411392405063291,1,0.966772151898734,0.0031496062992126,0.605055292259084,0.426100628930818,0.98256735340729,0.00159235668789809,0.870662460567823,0.998363338788871,0.371835443037975,0.58609794628752,0.786053882725832,0,0.159090909090909,0.975806451612903,1,0.452681388012618,1,0.973377703826955,0.0267716535433071,0,0.984227129337539,0.995192307692308,0.952153110047847,0.671339563862928,0.00628930817610063,0.86741214057508,0.248818897637795,0.16996699669967,0.00471698113207547,0.606796116504854,0.607594936708861,0.61214953271028,0,0.282926829268293,0.907790143084261,0.629283489096573,0.51875,0.0688073394495413,0,0,1,0.970769230769231,0,0.91496062992126,0.00802568218298555,0,0,0.998420221169036,0,1,0.761755485893417,0.513888888888889,1,0,0,0.9953125,0.963246554364472,0.708333333333333,0,0.00161030595813205,0.868954758190328,0.580594679186229,1,0.540123456790123,0.343450479233227,0,0.979907264296754,0,0.955342902711324,0.0825396825396825,0,0.00759878419452888,0.109872611464968,0.489256198347107,0.973186119873817,0,0.953198127925117,0.975270479134467,1,0,0.0718849840255591,0.935749588138385,0.00325732899022801,1,1,0.00947867298578199,1,0.277165354330709,0.8,0.00626959247648903,0.164781906300485,0.968354430379747,0.0094488188976378,0,0.972006220839813,0.00805152979066022,0.648475120385233,0.393548387096774,0,0.108661417322835,0.728896103896104,0.244019138755981,0.974960876369327,0,0.151033386327504,0.454695222405272,0.948091603053435,0.887345679012346,0.9664,0.738211382113821,0,0.986003110419907,0,0.966453674121406,0.3824,0,1,1,1,0.634768740031898,0.982919254658385,0.123397435897436,0.17693522906793,0.948194662480377,0.873634945397816,0,0,0.990445859872611,0.936790923824959,0.0111642743221691,0.984177215189873,0.990415335463259,0.355242566510172,0.92258064516129,0.715670436187399,0.879256965944272,0,0.968253968253968,0.322734499205087,1,1,0,0.625990491283677,0.970873786407767,0,0.682258064516129,0.375,0.786259541984733,0.690966719492868,0.96141975308642,0.0883720930232558,0.983739837398374,1,0.977952755905512,0.286634460547504,0.0833333333333333,0.992101105845182,1,0.00623052959501558,0.773790951638066,0.451162790697674,0.253588516746411,0.764341085271318,1,0.881889763779528,1,0.127725856697819,0,0,0.821875,0.0032,0,0.26813880126183,0,0.990551181102362,0.920062695924765,1,0.995348837209302,0.0927672955974843,0,0,0,0.174121405750799,0.0725552050473186,0.158730158730159,0,0,1,0.00938967136150235,0.282988871224165,1,0.579778830963665,0.972843450479233,0.664605873261206,0.630841121495327,0,1,0.381558028616852,0.472668810289389,0.916158536585366,0.989197530864197,0.378548895899054,0.00930232558139535,0.953968253968254,0.95968992248062,0,0.96583850931677,0.0175438596491228,0.988543371522095,0.431924882629108,0,0.0078125,0.505654281098546,0.836248012718601,0,0.133012820512821,0.0109034267912773,0.0016366612111293,0.749615975422427,0.021978021978022,1,0.307086614173228,0.996913580246914,0,0.3796875,0.322683706070288,0.863123993558776,0.0983870967741935,0.00462249614791988,0.00313971742543171,0.045958795562599,0,0.995356037151703,0.0309446254071661,0.980091883614089,0.0015552099533437,1,0,0.505295007564297,0.45141065830721,1,0,0.998449612403101,0,0.400656814449918,0.989180834621329,0,0.631172839506173,0.979032258064516,0.736593059936908,0.951768488745981,0.0368663594470046,0,1,0.254019292604502,0,0.682316118935837,0,0.0137825421133231,1,1,0.992307692307692,0.973270440251572,0.9824,0,0.976190476190476,0.0185185185185185,0.333850931677019,0.284603421461897,0.993779160186625,0.993670886075949,0.995398773006135,0.995297805642633,0.0504731861198738,0.0171073094867807,0.983498349834984,0.968304278922345,0.71583850931677,0.978125,1,0.96875,0,0,0.983358547655068,0,0.0737327188940092,0,0.958730158730159,0.271268057784912,0.205834683954619,0.114906832298137,0.923809523809524,0,0.111287758346582,1,1,0.6416,0.405775075987842,0.20392749244713,0.176923076923077,0.642289348171701,0,0.11864406779661,0.525984251968504,0.242088607594937,0.698924731182796,0.0126182965299685,0,0,0.305466237942122,1,0.602201257861635,0.224427480916031,0.605678233438486,0.875,0.990740740740741,0.959349593495935,0.979066022544283,1,1,0.545310015898251,0.420970266040689,0.998425196850394,0.0060882800608828,0.00775193798449612,0.873417721518987,0.0107858243451464,1,0.97191887675507,0,0.106451612903226,0,0.957074721780604,0,0.975039001560062,1,0.0077639751552795,0.829617834394904,1,0.644694533762058,0.622464898595944,0.867298578199052,0,0,0.920065252854812,0.941087613293051,0.985804416403785,0,0,0,0.215503875968992,0.494488188976378,0,0.443057722308892,0,0.921348314606742,1,0.144715447154472,0.231366459627329,0,0.341269841269841,0.5904,0.866562009419152,0.963076923076923,0.775193798449612,0,0.9872,0.0093603744149766,1,0,0.982998454404946,0.00632911392405063,1,0.0144230769230769,0.0112,0,0,0.814528593508501,0.930533117932149,0.934883720930233,0.712098009188361,0.0188087774294671,0.00632911392405063,0.82753164556962,0.826687116564417,0,0.0125984251968504,0.968,0,0.988617886178862,0.953703703703704,0.0634920634920635,0.0374414976599064,0.0015625,1,0.471061093247588,0.0800627943485086,0.100977198697068,0.112852664576803,0.679365079365079,0.095679012345679,1,0,0.749190938511327,0.984447900466563,0.00321027287319422,0,0,0,0,1,0.720893141945773,0,0,0.530448717948718,0.954330708661417,0.427682737169518,0.0464396284829721,0.00163132137030995,0.0516129032258065,0.015600624024961,0,0.0314465408805031,0.00458715596330275,0.00160513643659711,0.009375,0,0.0445859872611465,0.0546875,0.0174880763116057,0.0177133655394525,0.00638977635782748,0.0234375,0.0216049382716049,0.05320813771518,0.00782472613458529,0.0189873417721519,0,0.00159235668789809,0.0416,0.00789889415481832,0.0216049382716049,0,0.0346456692913386,0.00153609831029186,0.00158478605388273
"147",0.00801282051282051,0.00788643533123028,0.032967032967033,0.0641025641025641,0.0194489465153971,0.00810372771474878,0.0979462875197472,0.0327102803738318,0.00617283950617284,0,0.004739336492891,0,0.43956043956044,0.00324149108589951,0.953271028037383,0.982945736434109,0,0,0.00956937799043062,0.0199386503067485,0.838304552590267,0.965244865718799,0.0170807453416149,0,0.0463678516228748,0.743589743589744,0.881889763779528,0.012924071082391,0.535060975609756,0.309006211180124,0.99375,0.318037974683544,0.227053140096618,0.691222570532915,0,0.00635930047694754,0.0062992125984252,0.00928792569659443,0.751497005988024,0.104938271604938,0,0,0,0.00481540930979133,0.223491027732463,0.966772151898734,0.473270440251572,0.993700787401575,0.537750385208012,0.86412213740458,0,0.0125588697017268,0.728125,0.00477707006369427,0.105008077544426,0.830371567043619,0,0.0297805642633229,0.0398162327718224,0.104037267080745,0.686708860759494,0.564945226917058,0.993700787401575,0,0.10828025477707,0.18622848200313,0,0.0157232704402516,0,0.993670886075949,0.145085803432137,0.985915492957746,0.976303317535545,0.00611620795107034,0,0.284178187403994,0.954758190327613,0.421216848673947,0.108452950558214,0.721122112211221,0,0.303125,0.804012345679012,0.0062402496099844,0.8921875,0.0913312693498452,0.009375,0.0343213728549142,0.0344287949921753,0,0.0193236714975845,0.00463678516228748,0,0,0.0356564019448947,0,0.684375,0.0263157894736842,0,0,0.382677165354331,0,0.719551282051282,0.00321543408360129,0.882442748091603,0.00650406504065041,0,0.0266875981161695,0.995192307692308,0.985804416403785,0.993817619783617,0.0803149606299213,0.659305993690852,0.0125588697017268,0,0.0203761755485893,0.304552590266876,0,0.993779160186625,0.766929133858268,0,0.229793977812995,0.74565560821485,0.914893617021277,0.0325581395348837,0.852664576802508,0.0046583850931677,0.00941915227629513,0,0.44375,0.0704225352112676,0.517628205128205,0.0192,0,0.00649350649350649,0.969325153374233,0,0.784688995215311,0.358044164037855,0.472491909385113,0,0,0.027906976744186,0.234375,0.831987075928918,0.00475435816164818,1,0.0796875,0.571653543307087,0.0293663060278207,0.8578352180937,0.0206677265500795,0.00481540930979133,0.16380655226209,0.0124223602484472,0.993690851735016,0.00625,0.993579454253612,0,0.264984227129338,0.132921174652241,0.0217391304347826,0.979750778816199,0,0.00619195046439629,0.552504038772213,0.00483091787439614,0.00315457413249211,0.0046583850931677,0.693623639191291,0.0311526479750779,0.990476190476191,0.0552147239263804,0.99236641221374,0.10828025477707,0.627760252365931,0,0.0219435736677116,0,0.143540669856459,0.0047244094488189,0.876404494382023,0.0285261489698891,0.0571870170015456,0.0122699386503067,0.0325581395348837,0.891849529780564,0.615030674846626,0.0782747603833866,0.062992125984252,0.94896331738437,0.988958990536278,0.0301587301587302,0.125996810207337,0,0,0.701421800947867,0,0.0062111801242236,0.730354391371341,0.117647058823529,0.236842105263158,0.0167682926829268,0.558544303797468,0.566246056782334,0.704472843450479,0.0824088748019017,0.0443037974683544,0.128125,0,0.112852664576803,0.814814814814815,0.0507936507936508,0.993660855784469,0.929906542056075,0.4625,0.0263157894736842,0.0291858678955453,0.165876777251185,0.00775193798449612,0.108832807570978,0,0.933962264150943,0.333853354134165,0.0113821138211382,0,0.0156494522691706,0.0276923076923077,0.445987654320988,0.448979591836735,0.0175718849840256,0.00486223662884927,0.625196850393701,0,0.104776579352851,0.487261146496815,0.0310457516339869,0.993788819875776,0.0414110429447853,0.00791139240506329,0.00788643533123028,0.0525477707006369,0.4578125,0.990491283676704,0.0317965023847377,0.440625,0.996937212863706,0.990825688073395,0.786516853932584,0.992,0.843548387096774,0.320610687022901,0.992199687987519,0.990551181102362,0.984399375975039,0.394736842105263,0.9616,0.0189274447949527,0,0.996870109546166,0,0.761290322580645,0.00641025641025641,0.0234009360374415,0.0993690851735016,0,0.135179153094463,0.155864197530864,0.326498422712934,0.406885758998435,0.552547770700637,0.548136645962733,0,0.00796178343949045,0.895475819032761,0.3042071197411,0.0385852090032154,0.984399375975039,0.257410296411856,0.990566037735849,0.876160990712074,0.00762195121951219,0.00821018062397373,0.0936995153473344,0,0.342105263157895,0.105845181674566,0,0.993808049535604,0.0934150076569678,0.0239234449760766,0,0.992050874403816,0.996918335901387,0.0272435897435897,0.123003194888179,0.99347471451876,0,0.607535321821036,0.018957345971564,0.212634822804314,0.603448275862069,0.345104333868379,0.0404984423676012,0.984126984126984,0.00622083981337481,0.00623052959501558,0.987301587301587,0.0390625,0.00798722044728434,0.0274193548387097,0.00784929356357928,0.805295950155763,0.6890625,0.717219589257504,0.0285261489698891,0.0698051948051948,0.0015552099533437,0.733438485804416,0.0342679127725857,0.839009287925697,0.681538461538462,0.0109717868338558,0.00798722044728434,0.0393700787401575,0.307448494453249,0.00612557427258806,0.744479495268139,0.0398162327718224,0.00802568218298555,0,0.683563748079877,0.457547169811321,0.971698113207547,0.0015552099533437,0.989079563182527,0.0927672955974843,0.967391304347826,0.993690851735016,0,0.769592476489028,0.010989010989011,0.931142410015649,0.0195121951219512,0.0312989045383412,0.0206349206349206,0.710443037974684,0.710097719869707,0.325508607198748,0.535031847133758,0,0.169544740973312,0.978527607361963,0.954898911353033,0.809006211180124,0.00470219435736677,0.992223950233281,0,0.673913043478261,0.981102362204724,0.980861244019139,0.536163522012579,0.00794912559618442,0.723027375201288,0.0065252854812398,0.0394944707740916,0,0.0136570561456753,0.992295839753467,0.0076103500761035,0.166666666666667,0.00803858520900321,0.981191222570533,0.021671826625387,0.993730407523511,0.121642969984202,0.299837925445705,0.0600924499229584,0.0202808112324493,0.00314465408805031,0.703296703296703,0.037914691943128,0.00463678516228748,0.995327102803738,0.967340590979782,0.00642054574638844,0.00618238021638331,0.657232704402516,0.12326656394453,0.0372771474878444,0.0487421383647799,0.00614439324116743,0,0.881493506493506,0.00622083981337481,0.992125984251969,0,0.0409448818897638,0,0.946117274167987,0.00778816199376947,0.0345911949685535,0,0.366771159874608,0.574162679425837,0.0238473767885533,0.99198717948718,0.124605678233438,0.0112721417069243,0.632329635499208,0.387247278382582,0.216905901116427,0,0.836990595611285,0.0305466237942122,0.00789889415481832,0.545886075949367,0.00623052959501558,0.0327022375215146,0.968553459119497,0,0.0236220472440945,0.0111111111111111,0.0516431924882629,0.305295950155763,0.985736925515055,0.135860979462875,0.747235387045814,0.795751633986928,0,0.375198728139905,0.390822784810127,0.401253918495298,0,0.709415584415584,0.0970266040688576,0.356589147286822,0.483076923076923,0.914156626506024,0,0,0.0060790273556231,0.0337941628264209,0,0.0799373040752351,0,0,0,0.0062992125984252,0,0.00650406504065041,0.2171875,0.464723926380368,0.00465116279069767,0,0,0.0110410094637224,0.0445468509984639,0.276995305164319,0.992223950233281,0,0.101538461538462,0.396604938271605,0.00618238021638331,0.466049382716049,0.6352,0,0.0218408736349454,0.9952,0.0445151033386327,0.90251572327044,0,0.984662576687117,0.89047619047619,0.505785123966942,0.0375586854460094,0,0.0525502318392581,0.0294573643410853,0.00464396284829721,0,0.9136,0.079734219269103,0.993333333333333,0.00627943485086342,0.00609756097560976,0.985781990521327,0.00782472613458529,0.705790297339593,0.201892744479495,0.982945736434109,0.820678513731826,0.0416666666666667,0,0.993759750390016,0.0339506172839506,0.984025559105431,0.338632750397456,0.604761904761905,0,0.88646967340591,0.260940032414911,0.736593059936908,0.0275650842266462,0.99211356466877,0.844375963020031,0.546952224052718,0.0523882896764253,0.122480620155039,0.043956043956044,0.248803827751196,0,0.0246153846153846,0.996904024767802,0.0393081761006289,0.60655737704918,0.992378048780488,0.00775193798449612,0.00784929356357928,0.00630914826498423,0.358161648177496,0.0184615384615385,0.862123613312203,0.802215189873418,0.0565149136577708,0.113707165109034,0,0,0.0161550888529887,0.067524115755627,0.987261146496815,0.0235478806907378,0.0144,0.628482972136223,0.0717703349282297,0.276629570747218,0.101246105919003,0,0.04,0.653418124006359,0.00630914826498423,0.00933125972006221,0,0.368670886075949,0.0277324632952692,0.995238095238095,0.3024,0.597842835130971,0.208269525267994,0.317741935483871,0.0487062404870624,0.916666666666667,0.0211382113821138,0.00778816199376947,0.0280811232449298,0.683006535947712,0.873239436619718,0.0141509433962264,0.00462962962962963,0,0.229938271604938,0.54773082942097,0.730407523510972,0.25,0.0062992125984252,0.120634920634921,0.0078125,0.107594936708861,0.995065789473684,0,0.175824175824176,0.990384615384615,0.995297805642633,0.724247226624406,0,0.0140625,0.0903426791277259,0.00786163522012579,0.0138888888888889,0.906050955414013,0.995230524642289,0,0,0.821829855537721,0.915873015873016,0.83968253968254,0,0.992138364779874,0.00464396284829721,0.425233644859813,0.704,0.00809061488673139,0.401263823064771,0.0336,0.360374414976599,0.363919129082426,0,0.00742942050520059,0.600961538461538,0.490506329113924,0.0753846153846154,0.0185471406491499,0.613207547169811,0,0.0499219968798752,0.0464396284829721,0,0.0373692077727952,0.979813664596273,0.0178282009724473,0.564465408805031,0,0,0.476345840130506,0.1728,0.992175273865415,0.872785829307568,0,0,0.251141552511416,0.968304278922345,0.00825082508250825,0.680428134556575,0.0137825421133231,0.993911719939117,0.613707165109034,0.669871794871795,0.136655948553055,0.89983844911147,0.989147286821705,0,0.956521739130435,0,0.0123076923076923,0.801612903225806,0.0228310502283105,0.990430622009569,0.00323101777059774,0,0.484567901234568,0.54416403785489,0.0063391442155309,0,0.00770416024653313,0,0.600644122383253,0.0139751552795031,0,0.329211746522411,0.0253968253968254,0.250396196513471,0.0538827258320127,0.959938366718028,0,0.00784929356357928,0.724522292993631,0,0.322378716744914,0.993865030674847,0.985981308411215,0.00476190476190476,0.00635930047694754,0.0170015455950541,0.0283464566929134,0.0253164556962025,0,0.0328638497652582,0,0.630265210608424,0.707865168539326,0.015527950310559,0.0110759493670886,0.0107361963190184,0.0108359133126935,0.0296411856474259,0.977952755905512,0.0246710526315789,0.0388198757763975,0.274143302180685,0.0248833592534992,0.00623052959501558,0.0389408099688473,0,0,0.0227617602427921,0,0.934375,0.00158730158730159,0.0516431924882629,0.699680511182109,0.78343949044586,0.883177570093458,0.0775444264943457,0.0015748031496063,0.894984326018809,0.00628930817610063,0.00469483568075117,0.373015873015873,0.584084084084084,0.798807749627422,0.812883435582822,0.341232227488152,0.992272024729521,0.877165354330709,0.444794952681388,0.7390625,0.298761609907121,0.982649842271293,0,0.993730407523511,0.662440570522979,0.0065252854812398,0.355694227769111,0.776934749620637,0.380368098159509,0.121725731895223,0.0168195718654434,0.040453074433657,0.0257234726688103,0.00649350649350649,0.00938967136150235,0.447244094488189,0.580093312597201,0.00784929356357928,0.98956780923994,0.989263803680982,0.139498432601881,0,0.0062402496099844,0.0354938271604938,0,0.886363636363636,0,0.0522151898734177,0,0.028125,0.0062992125984252,0.9858934169279,0.170111287758347,0.00632911392405063,0.341894060995185,0.368916797488226,0.106687898089172,0,0,0.0738916256157636,0.0558069381598793,0.0198776758409786,0,0,0.993680884676145,0.758832565284178,0.496875,0,0.547049441786284,0,0.0806962025316456,0.00481540930979133,0.806709265175719,0.773006134969325,0,0.6512,0.400318979266348,0.141304347826087,0.04,0.21996879875195,0.992236024844721,0.0176848874598071,0.0862619808306709,0.00483870967741936,0,0.0232558139534884,0,0.00793650793650794,0.973101265822785,0.621794871794872,0,0,0.180404354587869,0.073051948051948,0.0544323483670296,0.282208588957055,0.978294573643411,1,0.169036334913112,0.165905631659056,0,0.97933227344992,0.0384615384615385,0,0.0206022187004754,0.0446841294298921,0.924382716049383,0,0.990551181102362,0.00613496932515337,0.525984251968504,0.920886075949367,0.90032154340836,0.886115444617785,0.304777594728171,0.907120743034056,0.00631911532385466,0,0.2544,0.0243531202435312,0,0,0.992458521870287,0,0.993710691823899,0.00631911532385466,0.274636510500808,0.992,0.992125984251969,0.451612903225806,0.0505529225908373,0.567233384853168,0,0.99194847020934,0.0542264752791069,0.00934579439252336,0,0.805379746835443,0.987841945288754,0.995222929936306,0.979462875197472,0.995384615384615,0,0,0.978090766823161,0.00630914826498423,0.00319488817891374,0.0265210608424337,0.0062111801242236,0,0.987321711568938,0.014218009478673,0.993527508090615,0.992125984251969,0,0.9858934169279,0.0481366459627329,0.99211356466877,0.912908242612753,0.990922844175492,0.992050874403816
"148",0.923930269413629,0.920489296636086,0.936073059360731,0.922834645669291,0.930379746835443,0.931854199683043,0.8712715855573,0.928348909657321,0.918674698795181,0,0.923794712286159,0,0.609034267912773,0.923809523809524,0.127329192546584,0.0860719874804382,0,0.0125195618153365,0.91875,0.922958397534669,0.233687405159332,0.106858054226475,0.913312693498452,0,0.908116385911179,0.303459119496855,0.179012345679012,0.92332268370607,0.504615384615385,0.738794435857805,0.0752688172043011,0.733333333333333,0.77567140600316,0.337984496124031,0,0.923556942277691,0.0182648401826484,0.918711656441718,0.331352154531946,0.869631901840491,0.0015748031496063,0.0122137404580153,0.00460829493087558,0.923913043478261,0.833602584814216,0.0944,0.523956723338485,0.0697305863708399,0.525114155251142,0.203363914373089,0,0.924050632911392,0.34012539184953,0.917445482866044,0.859842519685039,0.226984126984127,0,0.906902086677368,0.917956656346749,0.88719512195122,0.328197226502311,0.470858895705521,0.073208722741433,0,0.8576,0.810477657935285,0,0.918083462132921,0,0.0743670886075949,0.833078101071976,0.0762052877138414,0.0965732087227414,0.930513595166163,0,0.714285714285714,0.12037037037037,0.613354037267081,0.890850722311397,0.341584158415842,0,0.751914241960184,0.264350453172205,0.920367534456355,0.187306501547988,0.938366718027735,0.915644171779141,0.936923076923077,0.913928012519562,0.00611620795107034,0.913657770800628,0.919083969465649,0,0,0.921725239616613,0,0.363214837712519,0.918711656441718,0.00613496932515337,0.00773993808049536,0.667180277349769,0,0.344444444444444,0.917981072555205,0.173192771084337,0.923566878980892,0.0078125,0.936236391912908,0.073015873015873,0.084375,0.0808709175738725,0.875981161695447,0.382945736434109,0.921538461538462,0,0.935185185185185,0.753846153846154,0,0.0839813374805599,0.304897314375987,0,0.771384136858476,0.312597200622084,0.146964856230032,0.921875,0.232307692307692,0.920489296636086,0.93343653250774,0,0.613251155624037,0.962382445141066,0.521462639109698,0.914421553090333,0,0.917329093799682,0.0978915662650602,0,0.281847133757962,0.640625,0.580906148867314,0,0,0.925233644859813,0.769349845201238,0.233704292527822,0.927131782945736,0.0796875,1,0.44888178913738,0.93140243902439,0.192675159235669,0.930817610062893,0.920760697305864,0.825954198473282,0.929770992366412,0.0672,0.927692307692308,0.0804953560371517,0,0.745709828393136,0.851289833080425,0.917557251908397,0.0904907975460123,0,0.922720247295209,0.505511811023622,0.924558587479936,0.923547400611621,0.925465838509317,0.332321699544765,0.923195084485407,0.0754716981132075,0.909090909090909,0.0743550834597876,0.881703470031546,0.415902140672783,0,0.918711656441718,0,0.828173374613003,0.919129082426128,0.193447737909516,0.91601866251944,0.903374233128834,0.914285714285714,0.908116385911179,0.172307692307692,0.425499231950845,0.917207792207792,0.910377358490566,0.123824451410658,0.0832049306625578,0.93026941362916,0.840490797546012,0,0,0.363779527559055,0.00152439024390244,0.921898928024502,0.317484662576687,0.852614896988906,0.758887171561051,0.940029985007496,0.504746835443038,0.478527607361963,0.357030015797788,0.861370716510903,0.90894819466248,0.858015267175573,0,0.848200312989045,0.248397435897436,0.908082408874802,0.0752351097178683,0.137404580152672,0.601246105919003,0.93125,0.922256097560976,0.828926905132193,0.923794712286159,0.8546875,0,0.137984496124031,0.687022900763359,0.927215189873418,0,0.916413373860182,0.933333333333333,0.623076923076923,0.571207430340557,0.925465838509317,0.924193548387097,0.424100156494523,0,0.873303167420814,0.569422776911076,0.955342902711324,0.0808709175738725,0.911987860394537,0.926216640502355,0.93394777265745,0.894245723172628,0.587596899224806,0.0769230769230769,0.942457231726283,0.55521472392638,0.0834597875569044,0.0803571428571429,0.273716951788491,0.0769230769230769,0.21939586645469,0.746564885496183,0.0699844479004666,0.0812883435582822,0.0864197530864197,0.673813169984686,0.120385232744783,0.930379746835443,0.00627943485086342,0.0653188180404355,0,0.278816199376947,0.92246835443038,0.90894819466248,0.877138413685848,0,0.859903381642512,0.818320610687023,0.732198142414861,0.65,0.497652582159624,0.479623824451411,0.00762195121951219,0.91866028708134,0.168469860896445,0.743548387096774,0.94383775351014,0.0815384615384615,0.794348508634223,0.0784615384615385,0.181395348837209,0.925981873111782,0.927652733118971,0.863924050632911,0,0.736434108527132,0.858934169278997,0,0.0689127105666156,0.86535552193646,0.93603744149766,0,0.0801232665639445,0.0758725341426404,0.919047619047619,0.87797147385103,0.0781499202551834,0,0.443057722308892,0.924170616113744,0.822530864197531,0.434984520123839,0.710443037974684,0.903669724770642,0.0777604976671851,0.922137404580153,0.916279069767442,0.0846394984326019,0.927692307692308,0.923317683881064,0.912698412698413,0.929906542056075,0.246511627906977,0.381538461538462,0.360123647604328,0.935023771790808,0.899676375404531,0.0414110429447853,0.324921135646688,0.927899686520376,0.210200927357032,0.3710407239819,0.931570762052877,0.926447574334898,0.931034482758621,0.708064516129032,0.919575113808801,0.314194577352472,0.944272445820433,0.923809523809524,0,0.396923076923077,0.604430379746835,0.0895061728395062,0.0471841704718417,0.087218045112782,0.877300613496933,0.0949464012251149,0.0770416024653313,0,0.289922480620155,0.925984251968504,0.149532710280374,0.935794542536116,0.944099378881988,0.93343653250774,0.354134165366615,0.3504,0.697965571205008,0.488486842105263,0,0.809672386895476,0.0902140672782875,0.106870229007634,0.265842349304482,0.921630094043887,0.0872274143302181,0,0.400616332819723,0.0713178294573643,0.0949367088607595,0.514150943396226,0.927330173775671,0.337539432176656,0.916129032258065,0.887301587301587,0,0.935007385524372,0.0722135007849294,0.92824427480916,0.800312012480499,0.926282051282051,0.088785046728972,0.915773353751914,0.0695102685624013,0.841294298921418,0.766025641025641,0.889230769230769,0.928902627511592,0.925465838509317,0.351014040561622,0.906645569620253,0.922492401215805,0.073394495412844,0.0941915227629513,0.925,0.93343653250774,0.387755102040816,0.838509316770186,0.920255183413078,0.928902627511592,0.921898928024502,0,0.198717948717949,0.91640866873065,0.0763239875389408,0,0.93730407523511,0.00791139240506329,0.116987179487179,0.916666666666667,0.942097026604069,0.00314465408805031,0.68798751950078,0.470404984423676,0.929936305732484,0.0638977635782748,0.846635367762128,0.922955974842767,0.41588785046729,0.678516228748068,0.82780410742496,0,0.222748815165877,0.934294871794872,0.922239502332815,0.488299531981279,0.925925925925926,0.905785123966942,0.0933125972006221,0,0.918335901386749,0.927444794952681,0.915756630265211,0.708396946564885,0.0846394984326019,0.858914728682171,0.293478260869565,0.237704918032787,0.00460829493087558,0.645367412140575,0.645110410094637,0.657407407407407,0,0.333333333333333,0.898753894080997,0.670769230769231,0.572317262830482,0.157421289355322,0,0,0.921597633136095,0.901065449010654,0,0.917829457364341,0.00475435816164818,0,0,0.919254658385093,0,0.942307692307692,0.805687203791469,0.595166163141994,0.91969696969697,0,0,0.925581395348837,0.90785498489426,0.732115677321157,0.0823170731707317,0.00160513643659711,0.861111111111111,0.667673716012085,0.930875576036866,0.572519083969466,0.398753894080997,0,0.925190839694657,0.0886075949367089,0.93026941362916,0.15541601255887,0,0.0859259259259259,0.19435736677116,0.487961476725522,0.90527950310559,0,0.978625954198473,0.926717557251908,0.922492401215805,0,0.147104851330203,0.883223684210526,0.0802568218298555,0.926605504587156,0.930769230769231,0.0804953560371517,0.922839506172839,0.365891472868217,0.816793893129771,0.0909090909090909,0.229430379746835,0.924409448818898,0.00625,0.0848765432098765,0.945121951219512,0.0856219709208401,0.670926517571885,0.429017160686427,0,0.185410334346505,0.749606299212598,0.325581395348837,0.913446676970634,0.0765625,0.207430340557276,0.484076433121019,0.919207317073171,0.868975903614458,0.903576982892691,0.761006289308176,0,0.920489296636086,0.0731707317073171,0.900928792569659,0.45933014354067,0.0813253012048193,0.924846625766871,0.927018633540373,0.922480620155039,0.642857142857143,0.932307692307692,0.197819314641745,0.253565768621236,0.916279069767442,0.855345911949686,0,0,0.927672955974843,0.9072,0.103503184713376,0.9328125,0.926153846153846,0.4359375,0.94620253164557,0.769110764430577,0.862121212121212,0,0.934272300469484,0.386435331230284,0.926791277258567,0.916923076923077,0,0.65987460815047,0.932283464566929,0.0677165354330709,0.697347893915757,0.432515337423313,0.790273556231003,0.736421725239617,0.898176291793313,0.14525993883792,0.9171875,0.927692307692308,0.93343653250774,0.358609794628752,0.161993769470405,0.9258114374034,0.920122887864823,0.00605143721633888,0.80030959752322,0.493087557603687,0.331240188383046,0.788491446345257,0.921011058451817,0.847962382445141,0.923076923076923,0.134883720930233,0.0765472312703583,0,0.8171875,0.0803149606299213,0.0736196319018405,0.331775700934579,0,0.927357032457496,0.895865237366003,0.933333333333333,0.925076452599388,0.153364632237872,0.0903426791277259,0,0,0.233870967741935,0.138582677165354,0.214733542319749,0,0.0665634674922601,0.918836140888208,0.0321592649310873,0.363067292644757,0.92259083728278,0.656786271450858,0.907232704402516,0.705521472392638,0.697885196374622,0,0.922848664688427,0.467948717948718,0.574534161490683,0.896656534954407,0.926605504587156,0.476117103235747,0.00460122699386503,0.959752321981424,0.954268292682927,0,0.911854103343465,0.093603744149766,0.926984126984127,0.452160493827161,0,0.00455927051671732,0.593137254901961,0.855572998430141,0.075,0.211356466876972,0.0062402496099844,0.00161030595813205,0.735649546827795,0.093603744149766,0.926948051948052,0.373065015479876,0.931714719271624,0.0837209302325581,0.422360248447205,0.373205741626794,0.853269537480064,0.172025723472669,0.089644513137558,0.00155763239875389,0.115506329113924,0,0.921013412816691,0.0812101910828025,0.931750741839763,0.0839936608557845,0.928012519561815,0,0.557926829268293,0.494539781591264,0.928125,0,0.931506849315068,0,0.446570972886762,0.912442396313364,0,0.691131498470948,0.940345368916798,0.745253164556962,0.929936305732484,0.112828438948995,0,0.915384615384615,0.324451410658307,0,0.734848484848485,0.0720588235294118,0.0960365853658537,0.935126582278481,0.924528301886792,0.922492401215805,0.916149068322981,0.924170616113744,0,0.909233176838811,0.0153609831029186,0.409509202453988,0.355038759689922,0.924357034795764,0.913312693498452,0.920610687022901,0.919876733436055,0.0604651162790698,0.089922480620155,0.929260450160772,0.919129082426128,0.731818181818182,0.911627906976744,0.923312883435583,0.947286821705426,0,0,0.913561847988077,0,0.131419939577039,0,1,0.33122028526149,0.273449920508744,0.187692307692308,0.885579937304075,0,0.172839506172839,0.920852359208524,0.932411674347158,0.730829420970266,0.49777117384844,0.271364317841079,0.24468085106383,0.653666146645866,0.0744186046511628,0.193498452012384,0.6390625,0.317901234567901,0.718844984802432,0.0756172839506173,0,0.0735524256651017,0.378335949764521,0.918789808917197,0.674961119751166,0.295454545454545,0.648606811145511,0.865237366003063,0.909638554216867,0.915993537964459,0.920508744038156,0.931746031746032,0.919504643962848,0.605304212168487,0.471582181259601,0.921135646687697,0.081203007518797,0.0778625954198473,0.862068965517241,0.00921658986175115,0.924698795180723,0.903726708074534,0,0.182108626198083,0,0.914728682170543,0,0.925418569254186,0.922839506172839,0.0728376327769348,0.844236760124611,0.924242424242424,0.721153846153846,0.703761755485893,0.85202492211838,0,0,0.892682926829268,0.946508172362556,0.926717557251908,0,0,0.08,0.306278713629403,0.521806853582555,0,0.504643962848297,0,0.894736842105263,0.921383647798742,0.216640502354788,0.300925925925926,0,0.406593406593407,0.613458528951487,0.830721003134796,0.939024390243902,0.829192546583851,0.0794392523364486,0.93603744149766,0.0249221183800623,0.911575562700965,0,0.940729483282675,0.00467289719626168,0.92259083728278,0.0890625,0.0507936507936508,0,0,0.82398753894081,0.8752,0.908675799086758,0.712749615975422,0.100917431192661,0.0841121495327103,0.825816485225505,0.817764165390505,0,0.0875,0.912363067292645,0,0.906645569620253,0.947530864197531,0.140822784810127,0.0352760736196319,0.0751173708920188,0.927692307692308,0.493730407523511,0.138582677165354,0.165354330708661,0.181114551083591,0.707086614173228,0.165905631659056,0.921875,0,0.765527950310559,0.911353032659409,0.0032,0,0.0785498489425982,0,0.0811232449297972,0.925581395348837,0.726550079491256,0.0829346092503987,0.0812101910828025,0.609951845906902,0.924646781789639,0.467692307692308,0.0458015267175573,0.0758064516129032,0.0543130990415335,0.0184049079754601,0,0.0863422291993721,0.0805471124620061,0.0734375,0.0924499229583975,0.0735068912710567,0.0427215189873418,0.0490045941807044,0.0828125,0.0186625194401244,0.00482315112540193,0.027906976744186,0.0248062015503876,0.0522273425499232,0.0849056603773585,0.0217391304347826,0.0825242718446602,0.0824088748019017,0.037037037037037,0.073094867807154,0.0269058295964126,0.0788253477588872,0.108191653786708,0.0787878787878788,0.0807453416149068
"149",0.413398692810457,0.414442700156986,0.440251572327044,0.465909090909091,0.430441898527005,0.419141914191419,0.486223662884927,0.424290220820189,0.414596273291925,0,0.42512077294686,0,0.6203125,0.405144694533762,0.634304207119741,0.596491228070175,0,0.00324675324675325,0.411184210526316,0.43879173290938,0.623211446740858,0.592409240924092,0.422118380062305,0,0.442857142857143,0.632686084142395,0.608974358974359,0.421824104234528,0.621283255086072,0.586370839936609,0.594090202177294,0.632329635499208,0.560064935064935,0.585874799357945,0,0.422077922077922,0.0156739811912226,0.411392405063291,0.647779479326187,0.443561208267091,0,0.00158730158730159,0.0015748031496063,0.398042414355628,0.534959349593496,0.617977528089888,0.605177993527508,0.5888,0.727131782945736,0.625776397515528,0,0.418495297805643,0.63768115942029,0.41091492776886,0.482258064516129,0.758508914100486,0,0.440322580645161,0.437694704049844,0.521943573667712,0.611821086261981,0.614649681528662,0.595505617977528,0,0.470491803278689,0.488924050632911,0,0.421900161030596,0,0.586429725363489,0.471518987341772,0.58974358974359,0.596434359805511,0.412403100775194,0,0.589341692789969,0.622874806800618,0.62200956937799,0.5,0.847972972972973,0,0.578125,0.61648177496038,0.39375,0.611727416798732,0.479750778816199,0.407348242811502,0.429022082018927,0.425196850393701,0,0.408945686900958,0.407290015847861,0,0,0.444262295081967,0,0.604430379746835,0.44006309148265,0,0.0016025641025641,0.563981042654028,0,0.642394822006472,0.393890675241158,0.614307931570762,0.408496732026144,0.0016,0.424242424242424,0.593247588424437,0.606109324758842,0.583732057416268,0.466141732283465,0.893203883495146,0.411483253588517,0,0.44006309148265,0.598412698412698,0,0.585173501577287,0.634460547504026,0,0.583465818759936,0.623164763458401,0.618739903069467,0.427892234548336,0.590837282780411,0.412307692307692,0.406645569620253,0,0.57120253164557,0.475513428120063,0.584814216478191,0.410339256865913,0,0.409756097560976,0.607751937984496,0,0.631493506493506,0.599358974358974,0.5814332247557,0,0,0.426282051282051,0.546325878594249,0.598360655737705,0.420545746388443,0.571653543307087,0.44888178913738,1,0.41692789968652,0.625,0.407348242811502,0.397415185783522,0.525396825396825,0.412420382165605,0.578688524590164,0.418789808917197,0.583201267828843,0,0.5504,0.495268138801262,0.433544303797468,0.609105180533752,0,0.415625,0.67862969004894,0.397708674304419,0.400630914826498,0.39297124600639,0.594679186228482,0.436507936507937,0.586816720257235,0.465116279069767,0.6,0.481658692185008,0.638095238095238,0,0.422829581993569,0,0.51033386327504,0.411575562700965,0.609477124183007,0.454976303317536,0.447619047619048,0.415902140672783,0.419811320754717,0.694006309148265,0.906976744186046,0.467637540453074,0.455138662316476,0.6048,0.589540412044374,0.424878836833603,0.512820512820513,0,0,0.621187800963082,0,0.412974683544304,0.834115805946792,0.500789889415482,0.54746835443038,0.41640866873065,0.625806451612903,0.5828125,0.628205128205128,0.498392282958199,0.426771653543307,0.519747235387046,0,0.44006309148265,0.621533442088091,0.464926590538336,0.603559870550162,0.602484472049689,0.564102564102564,0.413738019169329,0.422360248447205,0.557692307692308,0.409448818897638,0.498397435897436,0,0.599364069952305,0.564668769716088,0.411003236245955,0,0.415873015873016,0.403426791277259,0.566129032258065,0.875,0.414790996784566,0.410801963993453,0.598101265822785,0,0.483670295489891,0.733226837060703,0.434083601286174,0.590909090909091,0.444270015698587,0.416129032258065,0.410459587955626,0.441033925686591,0.75516693163752,0.616883116883117,0.441033925686591,0.601574803149606,0.58411214953271,0.58641975308642,0.625816993464052,0.586538461538462,0.632619439868204,0.556414219474498,0.574162679425837,0.60093896713615,0.583860759493671,0.580343213728549,0.587947882736156,0.423510466988728,0.00159744408945687,0.576,0,0.605220228384992,0.42604501607717,0.418641390205371,0.450320512820513,0,0.50814332247557,0.477308294209703,0.603896103896104,0.701095461658842,0.646496815286624,0.57395498392283,0.00156494522691706,0.397415185783522,0.6208,0.627677100494234,0.445161290322581,0.592417061611374,0.552380952380952,0.600321027287319,0.650316455696203,0.403426791277259,0.418032786885246,0.474714518760196,0,0.56055900621118,0.470588235294118,0,0.582159624413146,0.488372093023256,0.432,0,0.5856,0.573926868044515,0.450819672131148,0.532362459546926,0.589285714285714,0,0.6032,0.429252782193959,0.529874213836478,0.939490445859873,0.593548387096774,0.45511811023622,0.598116169544741,0.40405616224649,0.401913875598086,0.593192868719611,0.456279809220986,0.42443729903537,0.445880452342488,0.420472440944882,0.6688,0.619273301737757,0.626771653543307,0.42512077294686,0.448613376835237,0.0267716535433071,0.64297253634895,0.442307692307692,0.624203821656051,0.657894736842105,0.431089743589744,0.412140575079872,0.425361155698234,0.559157212317666,0.400309119010819,0.621970920840065,0.442700156985871,0.396468699839486,0,0.629107981220657,0.568,0.608974358974359,0.0188087774294671,0.583333333333333,0.490536277602524,0.597791798107255,0.583860759493671,0,0.67304625199362,0.420289855072464,0.593900481540931,0.425496688741722,0.437299035369775,0.41786283891547,0.62540192926045,0.616260162601626,0.585055643879173,0.95702479338843,0,0.529225908372828,0.586259541984733,0.611374407582938,0.638668779714738,0.406862745098039,0.602848101265823,0,0.636650868878357,0.584639498432602,0.58908507223114,0.5952,0.403846153846154,0.825525040387722,0.406666666666667,0.409967845659164,0,0.405446293494705,0.591614906832298,0.415625,0.514423076923077,0.412828947368421,0.591054313099042,0.434375,0.587761674718196,0.468152866242038,0.632450331125828,0.444270015698587,0.412140575079872,0.400966183574879,0.634920634920635,0.441130298273155,0.400936037441498,0.602503912363067,0.593247588424437,0.411669367909238,0.403508771929825,0.891167192429022,0.443561208267091,0.42156862745098,0.463338533541342,0.41335453100159,0,0.699013157894737,0.404388714733542,0.591639871382637,0,0.4272,0.0016366612111293,0.627009646302251,0.410742496050553,0.442857142857143,0,0.540192926045016,0.625,0.434083601286174,0.586885245901639,0.532051282051282,0.399673735725938,0.630990415335463,0.577464788732394,0.573717948717949,0,0.625990491283677,0.419672131147541,0.409385113268608,0.635930047694754,0.419152276295133,0.415959252971138,0.605177993527508,0.00156494522691706,0.412225705329154,0.402576489533011,0.441971383147854,0.571653543307087,0.58252427184466,0.502392344497608,0.626602564102564,0.587354409317804,0.00157977883096367,0.625,0.569823434991974,0.614173228346457,0,0.846153846153846,0.481012658227848,0.599686028257457,0.769592476489028,0.673879443585781,0,0,0.389649923896499,0.425196850393701,0,0.448657187993681,0.00166389351081531,0,0,0.41786283891547,0,0.423701298701299,0.493630573248408,0.583463338533541,0.393364928909953,0,0,0.42741935483871,0.457496136012365,0.593650793650794,0.6015625,0,0.485981308411215,0.593301435406699,0.406349206349206,0.629160063391442,0.886731391585761,0,0.431309904153355,0.577741407528642,0.445705024311183,0.6677471636953,0,0.589861751152074,0.6,0.568333333333333,0.428571428571429,0,0.460218408736349,0.433753943217666,0.406349206349206,0,0.663987138263666,0.441077441077441,0.60556464811784,0.400625978090767,0.394321766561514,0.596214511041009,0.394654088050314,0.645833333333333,0.526232114467409,0.606012658227848,0.590614886731392,0.446945337620579,0,0.581059390048154,0.420722135007849,0.615883306320908,0.634615384615385,0.595505617977528,0,0.615873015873016,0.573529411764706,0.63751987281399,0.440251572327044,0.583061889250814,0.643423137876387,0.604414261460102,0.46676970633694,0.514018691588785,0.445686900958466,0.557377049180328,0,0.429022082018927,0.588697017268446,0.420722135007849,0.611842105263158,0.591263650546022,0.405405405405405,0.433441558441558,0.396103896103896,0.594202898550725,0.428571428571429,0.625816993464052,0.621578099838969,0.43317230273752,0.49452269170579,0,0,0.417886178861789,0.444983818770227,0.59771986970684,0.436988543371522,0.412322274881517,0.61198738170347,0.456869009584665,0.521103896103896,0.470774091627172,0,0.431561996779388,0.597774244833068,0.406148867313916,0.403536977491961,0,0.570739549839228,0.430441898527005,0.594896331738437,0.587859424920128,0.793375394321767,0.512898330804249,0.623376623376623,0.451162790697674,0.604068857589984,0.417910447761194,0.42246835443038,0.428343949044586,0.600328947368421,0.577352472089314,0.4256,0.420886075949367,0,0.530708661417323,0.596875,0.817891373801917,0.559618441971383,0.417197452229299,0.491143317230274,0.409733124018838,0.120500782472613,0.576859504132231,0,0.545166402535658,0.594202898550725,0.584541062801932,0.85031847133758,0,0.416534181240064,0.476038338658147,0.419614147909968,0.412942989214176,0.619047619047619,0.593900481540931,0,0,0.615508885298869,0.606158833063209,0.696343402225755,0,0.606349206349206,0.410459587955626,0.261755485893417,0.616883116883117,0.400974025974026,0.557993730407524,0.432258064516129,0.64696734059098,0.576982892690513,0,0.423312883435583,0.621970920840065,0.605431309904153,0.486656200941915,0.4288,0.63258785942492,0.00159489633173844,0.449760765550239,0.4390625,0,0.441860465116279,0.585326953748006,0.398042414355628,0.5824,0,0,0.61247947454844,0.535598705501618,0.592417061611374,0.705501618122977,0.00159235668789809,0,0.570542635658915,0.590322580645161,0.387959866220736,0.9,0.412403100775194,0.591836734693878,0.582938388625592,0.614516129032258,0.522167487684729,0.569051580698835,0.594294770206022,0,0.595161290322581,0,0.408385093167702,0.490131578947368,0.432558139534884,0.59935379644588,0.423701298701299,0,0.615863141524106,0.628389154704944,0.403481012658228,0,0.402190923317684,0,0.871287128712871,0.417582417582418,0,0.547880690737834,0.428802588996764,0.547077922077922,0.45928338762215,0.620472440944882,0,0.418269230769231,0.777049180327869,0,0.617924528301887,0.585403726708075,0.5984,0.42512077294686,0.404878048780488,0.422118380062305,0.418269230769231,0.419871794871795,0,0.415730337078652,0.00313479623824451,0.599683544303797,0.840764331210191,0.4265625,0.413461538461538,0.427244582043344,0.411111111111111,0.0522151898734177,0.606973058637084,0.411371237458194,0.437898089171975,0.561014263074485,0.41838351822504,0.404120443740095,0.423622047244094,0,0,0.422427035330261,0,0.594976452119309,0,0.424193548387097,0.835772357723577,0.624183006535948,0.624413145539906,0.449526813880126,0.00160771704180064,0.657097288676236,0.406752411575563,0.410377358490566,0.622977346278317,0.641104294478528,0.64339908952959,0.769352290679305,0.569331158238173,0.602523659305994,0.6120826709062,0.591935483870968,0.634615384615385,0.577952755905512,0.56418383518225,0,0.579617834394904,0.58252427184466,0.403973509933775,0.532710280373832,0.62962962962963,0.5952,0.504777070063694,0.399686520376176,0.438825448613377,0.419871794871795,0.41747572815534,0.411003236245955,0.760697305863708,0.855325914149444,0.405103668261563,0.5953125,0.586687306501548,0.5136,0.00154798761609907,0.43171114599686,0.413629160063391,0,0.600977198697068,0,0.446774193548387,0,0.421725239616613,0.430379746835443,0.598755832037325,0.5312,0.402208201892744,0.558631921824104,0.571884984025559,0.480645161290323,0,0,0.468543046357616,0.462595419847328,0.427444794952681,0,0,0.577487765089723,0.64937106918239,0.565705128205128,0,0.797147385103011,0,0.473941368078176,0.413680781758958,0.582113821138211,0.629107981220657,0,0.817733990147783,0.596518987341772,0.459968602825746,0.429477020602219,0.531001589825119,0.596491228070175,0.425986842105263,0.0668789808917197,0.406862745098039,0,0.421947449768161,0.00161030595813205,0.406451612903226,0.608414239482201,0.365415986949429,0,0,0.543269230769231,0.464696223316913,0.445151033386327,0.529320987654321,0.605304212168487,0.588235294117647,0.486312399355878,0.49388379204893,0,0.626003210272873,0.428571428571429,0,0.419141914191419,0.429457364341085,0.608763693270736,0.0143312101910828,0.57484076433121,0.41185647425897,0.916264090177134,0.603225806451613,0.645695364238411,0.709779179810726,0.604234527687296,0.589257503949447,0.420711974110032,0,0.531045751633987,0.429699842022117,0.00160771704180064,0,0.57984496124031,0,0.595813204508857,0.407232704402516,0.524207011686144,0.585644371941272,0.585089141004862,0.568438003220612,0.45440251572327,0.622848200312989,0.0156494522691706,0.566502463054187,0.0552845528455285,0.0174880763116057,0,0.506389776357827,0.576744186046512,0.573268921095008,0.589341692789969,0.58740157480315,0.0144694533762058,0.0251177394034537,0.595541401273885,0.0143312101910828,0.0065252854812398,0.0316957210776545,0.0173228346456693,0.0220820189274448,0.5953125,0.0203125,0.591433278418451,0.603252032520325,0.0179738562091503,0.588235294117647,0.0440944881889764,0.588888888888889,0.564465408805031,0.583333333333333,0.594551282051282
"150",0.982704402515723,0.978723404255319,0.992424242424242,0.949447077409163,0.9890625,0.982428115015974,0.894573643410853,0.980122324159021,0.979135618479881,0,0.981481481481482,0,0.571860816944024,0.975270479134467,0.0583717357910906,0.0289193302891933,0,0.0139318885448916,0.979430379746835,0.963414634146341,0.170506912442396,0.0527156549520767,0.974436090225564,0,0.938837920489297,0.258914728682171,0.121804511278195,0.973101265822785,0.464339908952959,0.693009118541033,0.018018018018018,0.691131498470948,0.774343122102009,0.292569659442724,0,0.979969183359014,0.0149700598802395,0.977064220183486,0.262150220913108,0.894029850746269,0,0.0166919575113809,0.00303490136570561,0.978021978021978,0.797788309636651,0.0405616224648986,0.523956723338485,0.0231839258114374,0.483433734939759,0.141566265060241,0,0.97542242703533,0.281818181818182,0.975308641975309,0.884259259259259,0.17425431711146,0,0.955038759689922,0.971036585365854,0.899390243902439,0.295902883156297,0.438461538461538,0.0218408736349454,0,0.881889763779528,0.821263482280431,0,0.970769230769231,0,0.0138674884437596,0.857357357357357,0.0198473282442748,0.0354938271604938,0.981900452488688,0,0.722727272727273,0.0618401206636501,0.571428571428571,0.910658307210031,0.297872340425532,0,0.722727272727273,0.234138972809668,0.98030303030303,0.128787878787879,0.92921686746988,0.980213089802131,0.972685887708649,0.953030303030303,0.0104011887072808,0.972307692307692,0.976923076923077,0,0,0.961240310077519,0,0.295352323838081,0.97239263803681,0.00606060606060606,0.00762195121951219,0.618683001531394,0,0.288401253918495,0.97984496124031,0.111607142857143,0.982945736434109,0.0107858243451464,0.986238532110092,0.0216049382716049,0.027906976744186,0.024132730015083,0.913312693498452,0.34715821812596,0.975572519083969,0,0.990990990990991,0.717522658610272,0,0.0229709035222052,0.241538461538462,0,0.771822358346095,0.253048780487805,0.0842607313195548,0.969924812030075,0.165653495440729,0.974436090225564,0.981818181818182,0,0.544764795144158,0.936532507739938,0.50390015600624,0.971563981042654,0,0.978193146417445,0.04047976011994,0,0.222222222222222,0.628659476117103,0.512698412698413,0,0,0.981623277182236,0.764705882352941,0.184251968503937,0.978260869565217,0.0293663060278207,0.93140243902439,0.41692789968652,1,0.134796238244514,0.971168437025797,0.982866043613707,0.836336336336336,0.978819969742814,0.0157232704402516,0.981623277182236,0.0231839258114374,0,0.740340030911901,0.875923190546529,0.958778625954198,0.0349544072948328,0,0.980243161094225,0.46594427244582,0.980738362760835,0.978787878787879,0.978494623655914,0.287856071964018,0.983358547655068,0.0215716486902928,0.950375939849624,0.0194610778443114,0.910631741140216,0.3843797856049,0,0.967642526964561,0,0.847094801223242,0.981651376146789,0.141965678627145,0.979938271604938,0.940029985007496,0.974814814814815,0.957446808510638,0.10752688172043,0.389312977099237,0.9265625,0.93953488372093,0.0755007704160247,0.0226586102719033,0.981279251170047,0.863013698630137,0,0,0.297256097560976,0,0.979073243647235,0.265151515151515,0.881703470031546,0.757575757575758,0.991017964071856,0.427469135802469,0.450769230769231,0.286614173228346,0.910493827160494,0.950078003120125,0.887537993920973,0,0.857142857142857,0.178060413354531,0.94383775351014,0.0198776758409786,0.0824587706146927,0.533742331288344,0.972434915773354,0.974045801526718,0.831530139103555,0.980030721966206,0.888888888888889,0,0.0824427480916031,0.663636363636364,0.976635514018692,0,0.973926380368098,0.985185185185185,0.541666666666667,0.564220183486238,0.970814132104455,0.981279251170047,0.363636363636364,0,0.889716840536513,0.526315789473684,0.985981308411215,0.02,0.959214501510574,0.982998454404946,0.981510015408321,0.942901234567901,0.535552193645991,0.0201238390092879,0.990726429675425,0.552870090634441,0.0284431137724551,0.0210526315789474,0.222395023328149,0.0200617283950617,0.156494522691706,0.675265553869499,0.0186046511627907,0.0240601503759399,0.0277349768875193,0.588235294117647,0.0505529225908373,0.973684210526316,0.0093167701863354,0.0169230769230769,0,0.221705426356589,0.984326018808777,0.966514459665145,0.901515151515151,0,0.886942675159236,0.843609022556391,0.688473520249221,0.60061919504644,0.466257668711656,0.462848297213622,0.0107033639143731,0.976599063962558,0.10806697108067,0.703470031545741,0.984662576687117,0.0290519877675841,0.755868544600939,0.0198170731707317,0.136294027565084,0.980451127819549,0.980891719745223,0.891509433962264,0,0.644345238095238,0.886850152905199,0,0.0181543116490166,0.902402402402402,0.990625,0,0.0199386503067485,0.0182648401826484,0.98125,0.882911392405063,0.0222929936305732,0,0.373292867981791,0.987616099071207,0.798496240601504,0.407012195121951,0.6609375,0.951070336391437,0.0312989045383412,0.977307110438729,0.98159509202454,0.0261538461538462,0.966205837173579,0.98159509202454,0.951104100946372,0.975346687211094,0.197836166924266,0.325652841781874,0.289634146341463,0.981481481481482,0.921011058451817,0.0428134556574924,0.264890282131661,0.981845688350983,0.165653495440729,0.310549777117385,0.984848484848485,0.9765625,0.973805855161787,0.703416149068323,0.978723404255319,0.246153846153846,0.98036253776435,0.975308641975309,0,0.336336336336336,0.544303797468354,0.0339506172839506,0.0485584218512898,0.0253731343283582,0.900151285930408,0.0437405731523379,0.0168970814132104,0,0.245801526717557,0.979591836734694,0.0873493975903614,0.984025559105431,0.989147286821705,0.987538940809969,0.284389489953632,0.29047619047619,0.665116279069767,0.47427652733119,0,0.816923076923077,0.0317220543806647,0.0597907324364723,0.208841463414634,0.979750778816199,0.0214723926380368,0,0.333333333333333,0.0319634703196347,0.0422535211267606,0.484615384615385,0.986175115207373,0.303174603174603,0.9792663476874,0.943683409436834,0,0.982430453879941,0.0165413533834586,0.977611940298508,0.821875,0.976340694006309,0.0323076923076923,0.962292609351433,0.0217054263565891,0.864535768645358,0.7234375,0.922492401215805,0.984871406959153,0.976635514018692,0.290372670807453,0.952380952380952,0.978978978978979,0.0179910044977511,0.0353846153846154,0.976415094339623,0.975794251134644,0.342507645259939,0.871165644171779,0.95125786163522,0.950226244343891,0.982008995502249,0,0.131329113924051,0.97737556561086,0.0230414746543779,0,0.992295839753467,0.009375,0.0579937304075235,0.979010494752624,0.989180834621329,0.0031201248049922,0.616692426584235,0.431007751937985,0.976816074188563,0.015552099533437,0.869362363919129,0.9828125,0.373250388802488,0.600910470409712,0.796636085626911,0,0.164869029275809,0.982866043613707,0.978294573643411,0.456883509833585,0.980182926829268,0.966346153846154,0.0460829493087558,0,0.981651376146789,0.977029096477795,0.952012383900929,0.682228915662651,0.0214723926380368,0.873846153846154,0.25,0.179936305732484,0.0045662100456621,0.60708782742681,0.594135802469136,0.623853211009174,0,0.294952681388013,0.91705069124424,0.639269406392694,0.527653213751868,0.0992592592592593,0,0,0.982430453879941,0.95166163141994,0,0.94,0.00928792569659443,0,0,0.98145285935085,0,0.9826224328594,0.780674846625767,0.529411764705882,0.980480480480481,0,0,0.972136222910217,0.94856278366112,0.722222222222222,0.0196969696969697,0.00156985871271586,0.875748502994012,0.59789156626506,0.983128834355828,0.541284403669725,0.360429447852761,0,0.966412213740458,0.018957345971564,0.970219435736677,0.108527131782946,0,0.0267459138187221,0.123028391167192,0.479166666666667,0.957639939485628,0,0.956973293768546,0.967987804878049,0.98036253776435,0,0.0903426791277259,0.913680781758958,0.025518341307815,0.978915662650602,0.980480480480481,0.0262345679012346,0.978787878787879,0.287022900763359,0.812596006144393,0.0292307692307692,0.164319248826291,0.961832061068702,0.00766871165644172,0.0214067278287462,0.977443609022556,0.0250783699059561,0.661417322834646,0.392638036809816,0,0.125948406676783,0.742448330683625,0.263636363636364,0.974124809741248,0.0196969696969697,0.152671755725191,0.464516129032258,0.946348733233979,0.891729323308271,0.956521739130435,0.746130030959752,0,0.968421052631579,0.0184331797235023,0.943511450381679,0.376766091051805,0.0181268882175227,0.984939759036145,0.98145285935085,0.981566820276498,0.630534351145038,0.984709480122324,0.137715179968701,0.194704049844237,0.940092165898618,0.880551301684533,0,0,0.975193798449612,0.933125972006221,0.0315955766192733,0.984423676012461,0.984802431610942,0.356923076923077,0.953051643192488,0.720125786163522,0.885714285714286,0,0.96,0.327160493827161,0.981873111782477,0.981566820276498,0,0.648773006134969,0.989197530864197,0.0232558139534884,0.693374422187982,0.392036753445636,0.802631578947368,0.698757763975155,0.949404761904762,0.0896860986547085,0.976780185758514,0.98030303030303,0.980152671755725,0.299531981279251,0.11280487804878,0.980091883614089,0.977678571428571,0.00754147812971342,0.786259541984733,0.448484848484848,0.28110599078341,0.78,0.978428351309707,0.875957120980092,0.980122324159021,0.134932533733133,0.0207006369426752,0,0.827480916030534,0.0168195718654434,0.0198776758409786,0.294385432473445,0,0.978428351309707,0.91904047976012,0.981424148606811,0.986322188449848,0.103875968992248,0.0186046511627907,0,0,0.178060413354531,0.0890937019969278,0.168693009118541,0,0.0184331797235023,0.980213089802131,0.0195488721804511,0.282170542635659,0.976599063962558,0.58359133126935,0.953775038520801,0.670713201820941,0.652042360060514,0,0.981021897810219,0.379416282642089,0.484423676012461,0.926756352765321,0.983433734939759,0.396630934150077,0.00759878419452888,0.959375,0.960902255639098,0,0.954209748892171,0.0335365853658537,0.976340694006309,0.43247344461305,0,0.0075642965204236,0.5103668261563,0.849378881987578,0.0211161387631976,0.160377358490566,0.00927357032457496,0,0.729970326409496,0.0390015600624025,0.983922829581994,0.328808446455505,0.989473684210526,0.0208023774145617,0.396024464831804,0.323529411764706,0.874223602484472,0.111290322580645,0.021505376344086,0,0.0542635658914729,0,0.980683506686478,0.0536277602523659,0.989690721649485,0.0231839258114374,0.982866043613707,0,0.52810650887574,0.4640625,0.977099236641221,0,0.980392156862745,0,0.402843601895735,0.975609756097561,0,0.640909090909091,0.978125,0.7442218798151,0.966507177033493,0.052710843373494,0,0.980030721966206,0.272868217054264,0,0.68558282208589,0.0178306092124814,0.0402985074626866,0.981279251170047,0.981308411214953,0.975903614457831,0.954898911353033,0.971786833855799,0,0.955108359133127,0.0209267563527653,0.341389728096677,0.300455235204856,0.975308641975309,0.972519083969466,0.974550898203593,0.972477064220184,0.047112462006079,0.0325581395348837,0.979559748427673,0.946727549467275,0.714939024390244,0.962121212121212,0.980392156862745,0.989312977099237,0,0,0.958762886597938,0,0.0853658536585366,0,0.962962962962963,0.288431061806656,0.216429699842022,0.135746606334842,0.906687402799378,0,0.113636363636364,0.978328173374613,0.98036253776435,0.650231124807396,0.417276720351391,0.23397913561848,0.204204204204204,0.654798761609907,0.015015015015015,0.13767019667171,0.544753086419753,0.264931087289433,0.697428139183056,0.0280373831775701,0,0.0184049079754601,0.314785373608903,0.978056426332288,0.624434389140271,0.225563909774436,0.615151515151515,0.884322678843227,0.966717095310136,0.962085308056872,0.969183359013868,0.987635239567233,0.979782270606532,0.554531490015361,0.430091185410334,0.979813664596273,0.025260029717682,0.028657616892911,0.883076923076923,0.0105105105105105,0.981707317073171,0.950075642965204,0,0.129890453834116,0,0.95619335347432,0,0.968277945619335,0.980273141122914,0.0209895052473763,0.846969696969697,0.978915662650602,0.657320872274143,0.629909365558912,0.881538461538461,0,0,0.938193343898574,0.964338781575037,0.989393939393939,0,0,0.01875,0.237237237237237,0.505295007564297,0,0.456923076923077,0,0.930015552099533,0.978294573643411,0.162790697674419,0.254185692541857,0,0.354788069073783,0.581395348837209,0.856707317073171,0.983606557377049,0.788343558282209,0.0151057401812689,0.985736925515055,0.0170807453416149,0.979462875197472,0,0.98955223880597,0.00769230769230769,0.9796875,0.0308641975308642,0.0251968503937008,0,0,0.819018404907976,0.921875,0.947209653092006,0.713432835820896,0.0460624071322437,0.0309597523219814,0.838414634146341,0.839046199701937,0,0.0263157894736842,0.952234206471495,0,0.9664,0.980243161094225,0.0786686838124055,0.0395738203957382,0.0199081163859112,0.975720789074355,0.484375,0.0861538461538462,0.112,0.1321044546851,0.694620253164557,0.109939759036145,0.981538461538462,0,0.758566978193146,0.968229954614221,0.003125,0,0.0236686390532544,0,0.0248447204968944,0.97869101978691,0.703296703296703,0.0186625194401244,0.0214723926380368,0.531446540880503,0.972093023255814,0.448170731707317,0.0484848484848485,0.0157977883096366,0.0550314465408805,0.0167427701674277,0,0.046583850931677,0.0267459138187221,0.01875,0.0348484848484849,0.0168453292496172,0.044822256568779,0.052790346907994,0.0321592649310873,0.0185185185185185,0.00637958532695375,0.0246913580246914,0.0225903614457831,0.0522273425499232,0.0264385692068429,0.0196374622356495,0.0172684458398744,0.0258751902587519,0.0462249614791988,0.0245775729646697,0.0243161094224924,0.0214395099540582,0.0509259259259259,0.0223880597014925,0.0228310502283105
"151",0.139767054908486,0.136363636363636,0.155448717948718,0.186161449752883,0.133663366336634,0.125205930807249,0.234146341463415,0.15112540192926,0.142633228840125,0,0.134706814580032,0,0.5136,0.123577235772358,0.862559241706161,0.868044515103339,0,0.00315955766192733,0.132773109243697,0.146496815286624,0.907936507936508,0.857377049180328,0.147744945567652,0,0.182108626198083,0.735056542810985,0.855305466237942,0.152350081037277,0.645061728395062,0.428346456692913,0.871473354231975,0.440894568690096,0.365105008077544,0.702702702702703,0,0.134304207119741,0.0126382306477093,0.132911392405063,0.853168469860896,0.221690590111643,0,0.00159744408945687,0,0.138314785373609,0.327242524916944,0.874794069192751,0.548387096774194,0.876623376623377,0.623639191290824,0.8203125,0,0.143312101910828,0.815873015873016,0.125611745513866,0.240589198036007,0.800327332242226,0,0.172357723577236,0.171383647798742,0.24405705229794,0.698083067092652,0.665064102564103,0.862459546925566,0,0.241721854304636,0.309148264984227,0,0.149443561208267,0,0.865168539325843,0.264659270998415,0.859177215189873,0.86871961102107,0.129337539432177,0,0.433544303797468,0.863275039745628,0.503174603174603,0.237704918032787,0.747008547008547,0,0.433489827856025,0.762578616352201,0.1390625,0.8256735340729,0.216300940438871,0.1264,0.151658767772512,0.169036334913112,0,0.146341463414634,0.125996810207337,0,0,0.159935379644588,0,0.813915857605178,0.152866242038217,0,0,0.535369774919614,0,0.859934853420195,0.132471728594507,0.938193343898574,0.122950819672131,0,0.146537842190016,0.87479674796748,0.857142857142857,0.860759493670886,0.203252032520325,0.693548387096774,0.140096618357488,0,0.146730462519936,0.430176565008026,0,0.866666666666667,0.731907894736842,0,0.362179487179487,0.90224358974359,0.855960264900662,0.159744408945687,0.805687203791469,0.127962085308057,0.130016051364366,0,0.608346709470305,0.1952,0.56,0.153344208809135,0,0.140752864157119,0.85126582278481,0,0.91437802907916,0.453074433656958,0.633333333333333,0,0,0.160572337042925,0.370967741935484,0.78369384359401,0.128,0.8578352180937,0.192675159235669,0.625,0.134796238244514,1,0.137987012987013,0.129508196721311,0.289719626168224,0.124409448818898,0.853618421052632,0.131621187800963,0.869354838709677,0,0.406752411575563,0.248447204968944,0.139423076923077,0.85511811023622,0,0.130708661417323,0.631840796019901,0.138795986622074,0.133440514469453,0.13237639553429,0.692307692307692,0.157977883096367,0.87378640776699,0.177847113884555,0.864485981308411,0.226753670473083,0.663461538461538,0,0.150242326332795,0,0.260450160771704,0.139871382636656,0.812398042414356,0.158730158730159,0.1939586645469,0.1453125,0.16031746031746,0.84688995215311,0.651419558359621,0.208609271523179,0.196694214876033,0.86970684039088,0.869634340222575,0.148936170212766,0.252380952380952,0,0,0.854368932038835,0,0.134920634920635,0.75,0.251633986928105,0.349683544303797,0.140378548895899,0.730081300813008,0.605678233438486,0.866449511400652,0.213036565977742,0.158908507223114,0.244094488188976,0,0.263492063492063,0.967479674796748,0.194762684124386,0.875796178343949,0.829113924050633,0.623188405797101,0.154574132492114,0.151515151515152,0.302066772655008,0.138582677165354,0.257799671592775,0,0.823529411764706,0.464898595943838,0.147967479674797,0,0.134281200631912,0.147104851330203,0.603503184713376,0.521035598705502,0.1421647819063,0.136212624584718,0.762903225806452,0,0.238532110091743,0.553366174055829,0.151565074135091,0.862838915470494,0.168769716088328,0.126829268292683,0.133757961783439,0.187702265372168,0.531645569620253,0.865912762520194,0.1616,0.538461538461538,0.8671875,0.865414710485133,0.74313408723748,0.865814696485623,0.916802610114193,0.468217054263566,0.865168539325843,0.863492063492064,0.858505564387917,0.576190476190476,0.85831960461285,0.144758735440932,0,0.858306188925081,0,0.880645161290323,0.140322580645161,0.155088852988691,0.223113964686998,0,0.259075907590759,0.28414442700157,0.434713375796178,0.49203821656051,0.59170653907496,0.574013157894737,0,0.13474025974026,0.998442367601246,0.439669421487603,0.153094462540717,0.864353312302839,0.3824,0.863708399366086,0.831210191082803,0.136577708006279,0.129934210526316,0.228476821192053,0,0.498412698412698,0.23538961038961,0,0.866242038216561,0.225196850393701,0.149038461538462,0,0.870813397129187,0.86984126984127,0.151260504201681,0.248355263157895,0.86326194398682,0,0.745161290322581,0.137096774193548,0.359937402190923,0.648475120385233,0.473257698541329,0.180094786729858,0.855555555555556,0.132492113564669,0.130365659777424,0.857605177993528,0.154340836012862,0.138709677419355,0.163636363636364,0.133012820512821,0.766990291262136,0.79047619047619,0.876006441223833,0.151465798045603,0.1892797319933,0.0078740157480315,0.715686274509804,0.164251207729469,0.793214862681745,0.699846860643185,0.136507936507936,0.138933764135703,0.164536741214058,0.449752883031302,0.12202852614897,0.727868852459016,0.15780998389694,0.133333333333333,0,0.777251184834123,0.590834697217676,0.867313915857605,0.00941915227629513,0.860896445131376,0.209003215434084,0.853697749196141,0.86984126984127,0,0.741626794258373,0.145161290322581,0.839228295819936,0.139303482587065,0.155844155844156,0.133004926108374,0.869009584664537,0.869851729818781,0.441412520064205,0.590460526315789,0,0.317965023847377,0.876755070202808,0.840694006309148,0.907643312101911,0.124794745484401,0.870607028753994,0,0.783227848101266,0.851030110935024,0.875605815831987,0.5810147299509,0.131832797427653,0.732786885245902,0.123745819397993,0.169902912621359,0,0.149321266968326,0.862068965517241,0.134069400630915,0.315372424722662,0.13,0.857142857142857,0.152139461172742,0.858747993579454,0.253588516746411,0.40625,0.1939586645469,0.1536,0.138263665594855,0.856219709208401,0.175040518638574,0.127131782945736,0.856025039123631,0.861685214626391,0.121112929623568,0.132165605095541,0.698717948717949,0.247603833865815,0.180165289256198,0.187800963081862,0.137440758293839,0,0.814754098360656,0.127009646302251,0.8672,0,0.15780998389694,0,0.850406504065041,0.131121642969984,0.148692810457516,0,0.526829268292683,0.615384615384615,0.149425287356322,0.867862969004894,0.246753246753247,0.133779264214047,0.708265802269044,0.539936102236422,0.342995169082126,0,0.975845410628019,0.154975530179445,0.141935483870968,0.604838709677419,0.126805778491172,0.157284768211921,0.857142857142857,0,0.1584,0.13968253968254,0.178571428571429,0.4328125,0.863563402889246,0.256451612903226,0.769968051118211,0.843959731543624,0,0.492635024549918,0.518518518518518,0.484992101105845,0,0.735632183908046,0.209076175040519,0.455696202531646,0.545023696682464,0.823076923076923,0,0,0.133535660091047,0.14308426073132,0,0.19935691318328,0,0,0,0.126602564102564,0,0.142148760330579,0.370786516853933,0.631496062992126,0.131955484896661,0,0,0.144951140065147,0.171114599686028,0.414173228346457,0.868462757527734,0,0.238546603475513,0.542264752791069,0.1408,0.5359375,0.67536704730832,0,0.153354632587859,0.867430441898527,0.175609756097561,0.831987075928918,0,0.857366771159875,0.814332247557003,0.567062818336163,0.154574132492114,0,0.176838810641628,0.15689381933439,0.128571428571429,0,0.851549755301794,0.191452991452991,0.869782971619366,0.125,0.134165366614665,0.861464968152866,0.128571428571429,0.871961102106969,0.319422150882825,0.851437699680511,0.934640522875817,0.162420382165605,0,0.863492063492064,0.153968253968254,0.866115702479339,0.494271685761047,0.636070853462158,0,0.844690966719493,0.380634390651085,0.886792452830189,0.148562300319489,0.86709886547812,0.832278481012658,0.598673300165838,0.188767550702028,0.229813664596273,0.171799027552674,0.36260162601626,0,0.14785373608903,0.8656,0.152733118971061,0.753246753246753,0.862992125984252,0.128775834658188,0.135179153094463,0.130781499202552,0.464169381107492,0.141025641025641,1,0.94345718901454,0.189189189189189,0.229032258064516,0,0,0.150572831423895,0.183908045977011,0.873581847649919,0.14497528830313,0.14951768488746,0.803225806451613,0.181523500810373,0.4,0.234741784037559,0,0.155088852988691,0.784,0.123613312202853,0.134087237479806,0,0.487844408427877,0.157212317666126,0.85553772070626,0.437096774193548,0.641815235008104,0.322981366459627,0.415986949429038,0.177293934681182,0.809006211180124,0.140233722871452,0.134185303514377,0.150159744408946,0.802306425041186,0.840064620355412,0.134920634920635,0.139020537124803,0,0.352941176470588,0.609872611464968,0.73354735152488,0.371382636655949,0.142857142857143,0.230145867098865,0.139904610492846,0.123003194888179,0.865894039735099,0,0.310679611650485,0.871382636655949,0.864951768488746,0.740740740740741,0,0.14446227929374,0.215189873417722,0.140600315955766,0.136507936507936,0.81658692185008,0.880645161290323,0,0,0.924713584288052,0.857843137254902,0.814029363784666,0,0.8656,0.128980891719745,0.352755905511811,0.862969004893964,0.135399673735726,0.556270096463023,0.169381107491857,0.449438202247191,0.462757527733756,0,0.139393939393939,0.770967741935484,0.667741935483871,0.2046875,0.140625,0.739549839228296,0,0.173015873015873,0.175548589341693,0,0.167449139280125,0.858490566037736,0.14003294892916,0.601941747572815,0,0,0.648648648648649,0.311688311688312,0.864864864864865,0.817733990147783,0,0,0.358895705521472,0.866129032258064,0.133671742808799,0.712933753943218,0.133757961783439,0.872239747634069,0.645264847512038,0.696223316912972,0.257001647446458,0.837209302325581,0.863708399366086,0,0.854604200323102,0,0.136291600633914,0.729903536977492,0.14756671899529,0.86385737439222,0.137645107794362,0,0.53448275862069,0.6384,0.134304207119741,0,0.132492113564669,0,0.652459016393443,0.146964856230032,0,0.487301587301587,0.144012944983819,0.367313915857605,0.179032258064516,0.857827476038339,0,0.133971291866029,0.721153846153846,0,0.4446227929374,0.87402799377916,0.864139020537125,0.145135566188198,0.137763371150729,0.138801261829653,0.146774193548387,0.16260162601626,0,0.169871794871795,0.00158227848101266,0.771929824561403,0.71656050955414,0.142172523961661,0.1376,0.142405063291139,0.141955835962145,0.0478468899521531,0.877022653721683,0.144295302013423,0.169329073482428,0.407874015748032,0.158730158730159,0.132492113564669,0.155948553054662,0,0,0.148773006134969,0,0.833065810593901,0.0016025641025641,0.168810289389068,0.722314049586777,0.800327332242226,0.873801916932907,0.206219312602291,0.00161290322580645,0.916666666666667,0.134615384615385,0.130573248407643,0.504118616144975,0.735202492211838,0.766718506998445,0.785714285714286,0.452614379084967,0.87797147385103,0.810897435897436,0.605815831987076,0.715434083601286,0.41390205371248,0.858505564387917,0,0.867954911433172,0.783960720130933,0.133884297520661,0.485576923076923,0.911353032659409,0.478330658105939,0.250396196513471,0.15,0.178929765886288,0.152597402597403,0.135537190082645,0.144262295081967,0.527687296416938,0.626198083067093,0.136363636363636,0.868827160493827,0.867924528301887,0.263578274760383,0,0.131329113924051,0.152996845425868,0,0.836120401337793,0,0.176565008025682,0,0.161392405063291,0.133768352365416,0.864566929133858,0.273752012882448,0.128930817610063,0.498349834983498,0.511400651465798,0.237864077669903,0,0,0.211314475873544,0.171561051004637,0.144904458598726,0,0,0.860927152317881,0.736263736263736,0.559055118110236,0,0.594896331738437,0,0.201320132013201,0.128246753246753,0.803252032520325,0.753532182103611,0,0.692179700499168,0.50801282051282,0.258064516129032,0.148499210110585,0.362916006339144,0.872785829307568,0.148692810457516,0.0898692810457516,0.143092105263158,0,0.133956386292835,0,0.137030995106036,0.864217252396166,0.528641571194763,0,0,0.283227848101266,0.204582651391162,0.185358255451713,0.400309119010819,0.88006230529595,0.870431893687708,0.291666666666667,0.272585669781931,0,0.868589743589744,0.1712,0,0.144480519480519,0.169036334913112,0.839486356340289,0.00638977635782748,0.859450726978998,0.132701421800948,0.573070607553366,0.821371610845295,0.804523424878837,0.8144,0.440261865793781,0.820872274143302,0.127035830618893,0,0.394039735099338,0.154574132492114,0,0,0.862015503875969,0,0.864734299516908,0.137096774193548,0.424040066777963,0.868421052631579,0.86437908496732,0.613008130081301,0.174959871589085,0.647527910685805,0.0095389507154213,0.866776315789474,0.0599001663893511,0.0145161290322581,0,0.716393442622951,0.8515625,0.856913183279743,0.852848101265823,0.863275039745628,0.0065252854812398,0.0110410094637224,0.859903381642512,0.00961538461538462,0.00330578512396694,0.0351437699680511,0.014308426073132,0.00636942675159236,0.868378812199037,0.0221169036334913,0.874380165289256,0.872374798061389,0.00654664484451719,0.875,0.0572337042925278,0.867834394904459,0.812600969305331,0.875394321766562,0.858505564387917
"152",0.985759493670886,0.984276729559748,0.963020030816641,0.954983922829582,0.972843450479233,0.985507246376812,0.891547049441786,0.963893249607535,0.986238532110092,0,0.9859375,0,0.576138147566719,0.982371794871795,0.0499219968798752,0.025,0,0.015600624024961,0.980830670926518,0.971875,0.177469135802469,0.0419354838709677,0.975,0,0.94679186228482,0.257364341085271,0.1201248049922,0.972536348949919,0.474809160305344,0.683720930232558,0.0170278637770898,0.689167974882261,0.762360446570973,0.295418641390205,0,0.984544049459042,0.0186915887850467,0.976452119309262,0.260935143288084,0.8953125,0.0015748031496063,0.0168711656441718,0.00464396284829721,0.984227129337539,0.773095623987034,0.0349206349206349,0.515772870662461,0.0158478605388273,0.464447806354009,0.145234493192133,0,0.977707006369427,0.273584905660377,0.985781990521327,0.879365079365079,0.176751592356688,0,0.954911433172303,0.946957878315133,0.897081413210445,0.302652106084243,0.446676970633694,0.0158227848101266,0,0.893819334389857,0.81875,0,0.973270440251572,0,0.0141509433962264,0.848062015503876,0.0186046511627907,0.0329153605015674,0.987538940809969,0,0.712715855572998,0.0614439324116743,0.577287066246057,0.904306220095694,0.280936454849498,0,0.711145996860283,0.220679012345679,0.984709480122324,0.135433070866142,0.908809891808346,0.984375,0.970588235294118,0.957746478873239,0.0107033639143731,0.974317817014446,0.982785602503912,0,0,0.955484896661367,0,0.3,0.973015873015873,0.00773993808049536,0.00950871632329636,0.616954474097331,0,0.27591706539075,0.984301412872841,0.106153846153846,0.983948635634029,0.00941915227629513,0.968304278922345,0.014308426073132,0.0232919254658385,0.0233281493001555,0.9,0.344287949921753,0.993769470404984,0,0.973270440251572,0.7078125,0,0.0187207488299532,0.2375,0,0.762052877138414,0.2574568288854,0.0907643312101911,0.968602825745683,0.163608562691131,0.984496124031008,0.992319508448541,0,0.542901716068643,0.934375,0.4848,0.9856,0,0.979032258064516,0.0351681957186544,0,0.230283911671924,0.627906976744186,0.51510333863275,0,0,0.97045101088647,0.768633540372671,0.185064935064935,0.987381703470032,0.0206677265500795,0.930817610062893,0.407348242811502,0.971168437025797,0.137987012987013,1,0.988727858293076,0.827906976744186,0.978159126365055,0.012779552715655,0.986024844720497,0.0186046511627907,0,0.744479495268139,0.865947611710324,0.964006259780908,0.0369230769230769,0,0.986068111455108,0.4464,0.987034035656402,0.987616099071207,0.987616099071207,0.30077519379845,0.968454258675079,0.0158227848101266,0.934650455927052,0.0153374233128834,0.895148669796557,0.375963020030817,0,0.96551724137931,0,0.84,0.984326018808777,0.129952456418384,0.972179289026275,0.942367601246106,0.974397590361446,0.961597542242704,0.114241001564945,0.386748844375963,0.913461538461538,0.949685534591195,0.0625,0.0187793427230047,0.96969696969697,0.85625,0,0,0.30503144654088,0.00158227848101266,0.984520123839009,0.269406392694064,0.874799357945425,0.75,0.981845688350983,0.420722135007849,0.439509954058193,0.294585987261146,0.904458598726115,0.9453125,0.874051593323217,0,0.870170015455951,0.189320388349515,0.938095238095238,0.015625,0.0775193798449612,0.527301092043682,0.966929133858268,0.967289719626168,0.825545171339564,0.984399375975039,0.891135303265941,0,0.0800627943485086,0.666666666666667,0.980952380952381,0,0.976489028213166,0.967840735068913,0.546899841017488,0.549763033175355,0.973058637083994,0.982171799027553,0.35828025477707,0,0.89247311827957,0.528481012658228,0.965346534653465,0.0123839009287926,0.949771689497717,0.984177215189873,0.986024844720497,0.946624803767661,0.519319938176198,0.0191693290734824,0.965678627145086,0.538940809968847,0.0195488721804511,0.0137825421133231,0.201907790143084,0.0172684458398744,0.158653846153846,0.666666666666667,0.0109717868338558,0.0186046511627907,0.0204724409448819,0.575987841945289,0.0561797752808989,0.976525821596244,0.0127186009538951,0.0125984251968504,0,0.21656050955414,0.980707395498392,0.985849056603774,0.890965732087227,0,0.873194221508828,0.845916795069337,0.686614173228347,0.600313479623824,0.462145110410095,0.46031746031746,0.0108864696734059,0.984276729559748,0.0959119496855346,0.697411003236246,0.955128205128205,0.0294573643410853,0.741784037558685,0.01743264659271,0.134674922600619,0.983154670750383,0.983739837398374,0.886075949367089,0,0.632872503840246,0.882539682539683,0,0.0166919575113809,0.892638036809816,0.973186119873817,0,0.0156494522691706,0.0170807453416149,0.975845410628019,0.873617693522907,0.0144,0,0.37888198757764,0.977917981072555,0.779503105590062,0.39873417721519,0.64171974522293,0.948916408668731,0.023696682464455,0.984544049459042,0.985781990521327,0.0207006369426752,0.962441314553991,0.984496124031008,0.9552,0.981510015408321,0.189147286821705,0.315789473684211,0.283076923076923,0.968102073365231,0.925566343042071,0.0476190476190476,0.27742946708464,0.966824644549763,0.163265306122449,0.316187594553706,0.987421383647799,0.980982567353407,0.960998439937597,0.705314009661836,0.981566820276498,0.261980830670927,0.959501557632399,0.984152139461173,0,0.325652841781874,0.54416403785489,0.0332805071315372,0.0590062111801242,0.0184049079754601,0.892018779342723,0.0341614906832298,0.0124416796267496,0,0.237129485179407,1,0.084375,0.973898858075041,0.965354330708661,0.974842767295597,0.280373831775701,0.292880258899676,0.677115987460815,0.463175122749591,0,0.825,0.0272727272727273,0.052790346907994,0.201538461538462,0.984,0.019047619047619,0,0.338533541341654,0.0247295208655332,0.031496062992126,0.4703125,0.988924050632911,0.2914653784219,0.985342019543974,0.9515625,0,0.980597014925373,0.0139318885448916,0.981566820276498,0.82992125984252,0.985714285714286,0.0294117647058824,0.960753532182104,0.0141509433962264,0.877519379844961,0.714052287581699,0.931034482758621,0.970903522205207,0.982649842271293,0.297507788161994,0.955108359133127,0.983180428134557,0.0180722891566265,0.0394321766561514,0.984227129337539,0.985826771653543,0.336448598130841,0.870716510903427,0.958266452648475,0.943338437978561,0.985915492957746,0,0.129541864139021,0.982945736434109,0.0158227848101266,0,0.962382445141066,0.0112179487179487,0.0585443037974684,0.983050847457627,0.9625,0.00319488817891374,0.628751974723539,0.414173228346457,0.97444089456869,0.0130293159609121,0.854864433811802,0.980551053484603,0.386435331230284,0.596573208722741,0.788643533123028,0,0.166929133858268,0.968304278922345,0.982839313572543,0.451713395638629,0.98613251155624,0.95514950166113,0.0453834115805947,0.00157232704402516,0.976635514018692,0.9808,0.954258675078864,0.702743902439024,0.0236593059936909,0.859375,0.247678018575851,0.186046511627907,0.0078003120124805,0.619808306709265,0.594294770206022,0.609567901234568,0,0.293269230769231,0.913928012519562,0.646511627906977,0.523956723338485,0.0848484848484849,0,0,0.986404833836858,0.957639939485628,0,0.916535433070866,0.0111642743221691,0,0,0.990521327014218,0,0.98858075040783,0.765243902439024,0.518348623853211,0.984639016897081,0,0,0.974643423137876,0.946969696969697,0.719188767550702,0.0123076923076923,0.00318471337579618,0.876712328767123,0.590697674418605,0.986068111455108,0.533846153846154,0.358730158730159,0,0.965996908809892,0.0144,0.950636942675159,0.10641627543036,0,0.0261136712749616,0.123613312202853,0.46481178396072,0.9609375,0,0.949386503067485,0.970542635658915,0.98755832037325,0,0.0840064620355412,0.913188647746244,0.0196078431372549,0.984447900466563,0.987730061349693,0.0187207488299532,0.986089644513138,0.299065420560748,0.795886075949367,0.0251968503937008,0.161290322580645,0.95125786163522,0.0111642743221691,0.015748031496063,0.9734375,0.0234741784037559,0.66031746031746,0.381933438985737,0,0.121351766513057,0.726384364820847,0.270061728395062,0.971473851030111,0.0143540669856459,0.156589147286822,0.462418300653595,0.945454545454545,0.8765625,0.955484896661367,0.754385964912281,0,0.970769230769231,0.0169491525423729,0.952380952380952,0.390048154093098,0.016793893129771,0.98613251155624,0.985959438377535,0.982649842271293,0.634375,0.972434915773354,0.13258785942492,0.197492163009404,0.947040498442368,0.87402799377916,0,0,0.982704402515723,0.924920127795527,0.0283464566929134,0.976038338658147,0.981191222570533,0.370139968895801,0.927536231884058,0.733333333333333,0.877675840978593,0,0.963779527559055,0.332283464566929,0.981510015408321,0.98125,0,0.64171974522293,0.963607594936709,0.016025641025641,0.689984101748808,0.372641509433962,0.801204819277108,0.677725118483412,0.944610778443114,0.0910470409711684,0.968102073365231,0.984567901234568,0.973846153846154,0.303715670436187,0.105990783410138,0.978361669242658,0.983180428134557,0.00769230769230769,0.781931464174455,0.433697347893916,0.275700934579439,0.762870514820593,0.984251968503937,0.863849765258216,0.986068111455108,0.130232558139535,0.0163398692810458,0,0.817460317460317,0.0157232704402516,0.0171606864274571,0.280373831775701,0,0.981424148606811,0.90527950310559,0.984227129337539,0.980091883614089,0.0974842767295598,0.0158982511923688,0,0,0.181523500810373,0.0930599369085174,0.169572107765452,0,0.0155763239875389,0.986046511627907,0.0154798761609907,0.301242236024845,0.984025559105431,0.581504702194357,0.958664546899841,0.661538461538462,0.634146341463415,0,0.987823439878234,0.389067524115756,0.496087636932707,0.911901081916538,0.978428351309707,0.395962732919255,0.0093167701863354,0.949764521193093,0.953488372093023,0,0.95738203957382,0.028169014084507,0.982286634460548,0.425897035881435,0,0.00934579439252336,0.518032786885246,0.833855799373041,0.0172143974960876,0.142172523961661,0.0109375,0.0016025641025641,0.734138972809668,0.0317460317460317,0.983579638752053,0.32348367029549,0.98145285935085,0.0153374233128834,0.38785046728972,0.312698412698413,0.866028708133971,0.111650485436893,0.013953488372093,0.00309597523219814,0.0556438791732909,0,0.980273141122914,0.0434083601286174,0.97125567322239,0.0156985871271586,0.984076433121019,0,0.523736600306279,0.458466453674121,0.984472049689441,0,0.984639016897081,0,0.405448717948718,1,0,0.652647975077882,0.969793322734499,0.746031746031746,0.940418679549114,0.0546875,0,0.985849056603774,0.282574568288854,0,0.690880989180835,0.0138036809815951,0.0294573643410853,0.984,0.988924050632911,0.979907264296754,0.9640625,0.967032967032967,0,0.9625,0.021671826625387,0.353582554517134,0.296124031007752,0.976744186046512,0.976303317535545,0.974045801526718,0.976851851851852,0.0518867924528302,0.03125,0.975728155339806,0.949606299212598,0.732198142414861,0.965996908809892,0.984615384615385,0.967340590979782,0,0,0.968133535660091,0,0.0790697674418605,0,0.955108359133127,0.289137380191693,0.218298555377207,0.126738794435858,0.903481012658228,0,0.111975116640746,0.983050847457627,0.987748851454824,0.630503144654088,0.418045112781955,0.221396731054978,0.190769230769231,0.648089171974522,0.0139103554868624,0.14018691588785,0.547286821705426,0.27115987460815,0.708527131782946,0.019047619047619,0,0.0144,0.319422150882825,0.988599348534202,0.616692426584235,0.229007633587786,0.615863141524106,0.871913580246914,0.972222222222222,0.947967479674797,0.968354430379747,0.984076433121019,0.984101748807631,0.566510172143975,0.4234375,0.982511923688394,0.016566265060241,0.0245398773006135,0.870109546165884,0.0109204368174727,0.986175115207373,0.959938366718028,0,0.12199036918138,0,0.938485804416404,0,0.967032967032967,0.988958990536278,0.0211480362537764,0.828393135725429,0.9859375,0.646496815286624,0.62557781201849,0.878164556962025,0,0,0.919275123558484,0.936651583710407,0.979782270606532,0,0,0.012924071082391,0.253414264036419,0.503961965134707,0,0.45511811023622,0,0.919047619047619,0.9824,0.157467532467532,0.244204018547141,0,0.355799373040752,0.586314152410575,0.862015503875969,0.960365853658537,0.769716088328076,0.0141065830721003,0.980861244019139,0.0187207488299532,0.9872,0,0.973926380368098,0.0078125,0.982456140350877,0.0318471337579618,0.0161030595813204,0,0,0.813559322033898,0.923566878980892,0.937116564417178,0.705607476635514,0.0317220543806647,0.0219435736677116,0.830482115085537,0.837138508371385,0,0.0315955766192733,0.965408805031447,0,0.964630225080386,0.953775038520801,0.0796875,0.0485133020344288,0.0173775671406003,0.984472049689441,0.482484076433121,0.080952380952381,0.112721417069243,0.11864406779661,0.701587301587302,0.109034267912773,0.984126984126984,0,0.754303599374022,0.966049382716049,0.00483870967741936,0,0.0168711656441718,0,0.0124610591900312,0.984399375975039,0.706260032102729,0.0128205128205128,0.0109717868338558,0.534920634920635,0.954258675078864,0.447204968944099,0.0531914893617021,0.0129032258064516,0.0592948717948718,0.01875,0,0.0422535211267606,0.0212121212121212,0.0141509433962264,0.0280373831775701,0.0138461538461538,0.0504731861198738,0.0596546310832025,0.0278637770897833,0.0220125786163522,0.00484652665589661,0.0253565768621236,0.0249221183800623,0.0603715170278638,0.0234741784037559,0.0218408736349454,0.0144694533762058,0.0172955974842767,0.0504731861198738,0.0172955974842767,0.0231839258114374,0.0123647604327666,0.0425867507886435,0.0151975683890578,0.0188679245283019
"153",0.996747967479675,1,0.974803149606299,0.942716857610475,0.988617886178862,1,0.892234548335975,0.97626582278481,1,0,1,0,0.565079365079365,1,0.0429936305732484,0.00952380952380952,0,0.0127388535031847,1,0.984152139461173,0.141955835962145,0.0294117647058824,0.990476190476191,0,0.955625990491284,0.2352,0.0982286634460548,0.986863711001642,0.467791411042945,0.690095846645367,0,0.68362480127186,0.773615635179153,0.275477707006369,0,1,0.0188976377952756,0.995238095238095,0.253477588871716,0.903633491311216,0.0015748031496063,0.0141287284144427,0.0063391442155309,1,0.783112582781457,0.0209339774557166,0.5008,0,0.469291338582677,0.126348228043143,0,0.992012779552716,0.262820512820513,1,0.882736156351791,0.158908507223114,0,0.978792822185971,0.953343701399689,0.905511811023622,0.283227848101266,0.433811802232855,0,0,0.896774193548387,0.825396825396825,0,0.98740157480315,0,0,0.860282574568289,0.00476190476190476,0.0224358974358974,1,0,0.703245749613601,0.0425196850393701,0.580031695721078,0.905073649754501,0.262103505843072,0,0.703761755485893,0.207751937984496,0.998422712933754,0.110576923076923,0.90625,0.995290423861852,0.971830985915493,0.966772151898734,0.0108864696734059,0.987220447284345,1,0,0,0.974235104669887,0,0.288401253918495,0.98389694041868,0.00473186119873817,0.00637958532695375,0.596463022508039,0,0.28343949044586,1,0.109204368174727,1,0.0096,0.977707006369427,0,0.00630914826498423,0.004739336492891,0.896103896103896,0.323717948717949,0.996805111821086,0,0.988958990536278,0.709320695102686,0,0,0.229534510433387,0,0.770096463022508,0.242811501597444,0.0858995137763371,0.971518987341772,0.146875,0.998425196850394,0.998405103668262,0,0.535885167464115,0.935379644588045,0.490291262135922,0.990306946688207,0,0.995098039215686,0.0198776758409786,0,0.191558441558442,0.626984126984127,0.500837520938023,0,0,0.980891719745223,0.757234726688103,0.170491803278689,1,0.00481540930979133,0.920760697305864,0.397415185783522,0.982866043613707,0.129508196721311,0.988727858293076,1,0.8296875,0.9936,0,1,0,0,0.735576923076923,0.87037037037037,0.985553772070626,0.0156739811912226,0,1,0.446254071661238,1,1,1,0.282539682539683,0.980830670926518,0.00160513643659711,0.95440251572327,0,0.902086677367576,0.351648351648352,0,0.982286634460548,0,0.855345911949686,1,0.12379421221865,0.985576923076923,0.954330708661417,0.992272024729521,0.976340694006309,0.0971337579617834,0.36833855799373,0.928571428571429,0.946515397082658,0.0562700964630225,0.00630914826498423,0.980519480519481,0.853269537480064,0,0,0.279483037156704,0.00158478605388273,1,0.254372019077901,0.871382636655949,0.759873617693523,0.992248062015504,0.417460317460317,0.439178515007899,0.27536231884058,0.924193548387097,0.969354838709677,0.885400313971743,0,0.87719298245614,0.168026101141925,0.940418679549114,0,0.0576323987538941,0.523424878836834,0.974358974358974,0.978428351309707,0.836507936507937,1,0.89047619047619,0,0.0627943485086342,0.653968253968254,0.993558776167472,0,0.993740219092332,0.979623824451411,0.536392405063291,0.544444444444444,0.988673139158576,1,0.353968253968254,0,0.8859375,0.519292604501608,0.968595041322314,0,0.956043956043956,1,1,0.959216965742251,0.519809825673534,0.00160513643659711,0.970967741935484,0.540540540540541,0.0015625,0.0015552099533437,0.195121951219512,0,0.140293637846656,0.653312788906009,0,0.00158227848101266,0.00947867298578199,0.57032457496136,0.0373376623376623,0.984051036682616,0.0145161290322581,0,0,0.220421393841167,1,0.985714285714286,0.906349206349206,0,0.872340425531915,0.852895148669797,0.69551282051282,0.601587301587302,0.454983922829582,0.452495974235105,0.0125195618153365,1,0.0875,0.693944353518822,0.961352657004831,0.0124804992199688,0.746031746031746,0.00161550888529887,0.119751166407465,1,1,0.887070376432079,0,0.624413145539906,0.879614767255217,0,0,0.891640866873065,0.982428115015974,0,0,0.00157728706624606,0.982055464926591,0.882736156351791,0,0,0.378980891719745,0.990322580645161,0.781733746130031,0.385579937304075,0.649754500818331,0.962323390894819,0.00955414012738853,1,1,0.0064,0.9671875,1,0.977309562398703,0.998415213946117,0.174121405750799,0.303656597774245,0.265402843601896,0.976859504132231,0.947967479674797,0.046031746031746,0.255150554675119,0.977564102564103,0.134493670886076,0.308166409861325,0.995268138801262,0.9967585089141,0.970967741935484,0.683006535947712,0.996889580093313,0.246353322528363,0.962441314553991,0.996789727126806,0,0.3171875,0.541269841269841,0.0145161290322581,0.047244094488189,0.00614439324116743,0.905750798722045,0.0285261489698891,0,0,0.217041800643087,0.99673735725938,0.0733652312599681,0.986666666666667,0.971563981042654,0.987075928917609,0.274478330658106,0.272875816993464,0.68026101141925,0.444821731748727,0,0.824561403508772,0.00627943485086342,0.0296875,0.202852614896989,1,0.0015625,0,0.320813771517997,0.00950871632329636,0.0223642172523962,0.471337579617834,1,0.274061990212072,1,0.97092084006462,0,0.990867579908676,0,0.998442367601246,0.833065810593901,1,0.00803858520900321,0.979655712050078,0,0.87758346581876,0.722039473684211,0.94896331738437,0.987321711568938,0.996845425867508,0.274478330658106,0.9664,1,0,0.0273311897106109,1,1,0.303514376996805,0.875598086124402,0.960720130932897,0.95748031496063,1,0,0.108239095315024,1,0.00159744408945687,0,0.9664,0.00980392156862745,0.0473856209150327,1,0.969105691056911,0.00324149108589951,0.620355411954766,0.397435897435897,0.985413290113452,0.00162074554294976,0.872990353697749,0.996699669966997,0.37012987012987,0.588697017268446,0.787096774193548,0,0.156050955414013,0.977198697068404,0.998389694041868,0.430379746835443,1,0.969594594594595,0.0300632911392405,0.0016,0.985759493670886,0.995184590690209,0.955271565495208,0.692063492063492,0.00630914826498423,0.864516129032258,0.2352,0.170648464163823,0.00628930817610063,0.620521172638437,0.5829307568438,0.6109375,0,0.278877887788779,0.9184,0.636507936507936,0.5109375,0.0657276995305164,0,0,1,0.97360248447205,0,0.916264090177134,0.0110062893081761,0,0,1,0,1,0.762820512820513,0.506269592476489,1,0,0,0.995230524642289,0.966772151898734,0.70735524256651,0,0.00164203612479475,0.874411302982732,0.5796875,1,0.516640253565769,0.336569579288026,0,0.978090766823161,0,0.958064516129032,0.0897226753670473,0,0.00612557427258806,0.110754414125201,0.482587064676617,0.971383147853736,0,0.951181102362205,0.976114649681529,1,0,0.0709677419354839,0.943201376936317,0.0032626427406199,1,1,0.00644122383252818,1,0.288025889967638,0.810810810810811,0.00803858520900321,0.166397415185784,0.9648,0.0112359550561798,0,0.9792663476874,0.00829187396351575,0.655448717948718,0.383116883116883,0,0.0971786833855799,0.741293532338308,0.248397435897436,0.977883096366509,0,0.151799687010955,0.446666666666667,0.942277691107644,0.890625,0.965964343598055,0.752827140549273,0,0.979719188767551,0,0.971337579617834,0.368506493506494,0,1,1,1,0.630225080385852,0.988871224165342,0.12199036918138,0.185185185185185,0.94488188976378,0.873015873015873,0,0,0.99194847020934,0.939641109298532,0.0130718954248366,0.98531810766721,0.993640699523052,0.347003154574132,0.925081433224756,0.706070287539936,0.883720930232558,0,0.968051118210863,0.328548644338118,1,0.998420221169036,0,0.637380191693291,0.972624798711755,0,0.691318327974277,0.377179080824089,0.799086757990868,0.685393258426966,0.961360123647604,0.0778816199376947,0.983922829581994,1,0.977812995245642,0.290697674418605,0.0841423948220065,0.992025518341308,1,0.00623052959501558,0.777424483306836,0.438485804416404,0.257648953301127,0.762578616352201,1,0.881789137380192,1,0.12888198757764,0,0,0.828525641025641,0.00161290322580645,0,0.272151898734177,0,0.987421383647799,0.913522012578616,0.998432601880878,0.996835443037975,0.0872374798061389,0,0,0,0.169105691056911,0.0761904761904762,0.155844155844156,0,0,1,0.00946372239747634,0.273752012882448,1,0.581358609794629,0.97275641025641,0.659340659340659,0.636080870917574,0,1,0.381260096930533,0.473941368078176,0.925349922239502,0.990654205607477,0.38351822503962,0.0111111111111111,0.9584,0.957680250783699,0,0.9640625,0.0172955974842767,0.99,0.4328125,0,0.00810372771474878,0.500840336134454,0.840909090909091,0,0.127831715210356,0.0111287758346582,0.00164744645799012,0.748837209302326,0.0188976377952756,1,0.314814814814815,0.993690851735016,0,0.368670886075949,0.328502415458937,0.870491803278688,0.0971524288107203,0.00313971742543171,0.00319488817891374,0.0434083601286174,0,0.996918335901387,0.0374592833876222,0.98145285935085,0.00323624595469256,1,0,0.517133956386293,0.460925039872408,1,0,0.998420221169036,0,0.387417218543046,0.995319812792512,0,0.638330757341577,0.980769230769231,0.735668789808917,0.951690821256039,0.0342146189735614,0,1,0.259380097879282,0,0.691455696202532,0,0.0171606864274571,1,1,0.990639625585023,0.968,0.978723404255319,0,0.976114649681529,0.0235109717868339,0.344287949921753,0.278662420382166,0.993620414673046,0.9936,0.993740219092332,0.993660855784469,0.0526315789473684,0.0142857142857143,0.986820428336079,0.962382445141066,0.724842767295597,0.977917981072555,1,0.971473851030111,0,0,0.982945736434109,0,0.0583596214511041,0,0.95440251572327,0.276699029126214,0.201639344262295,0.10625,0.926350245499182,0,0.104928457869634,1,1,0.631746031746032,0.406779661016949,0.209800918836141,0.173913043478261,0.650406504065041,0,0.126382306477093,0.53343949044586,0.252818035426731,0.7046875,0.00958466453674121,0,0,0.315789473684211,1,0.604395604395604,0.218897637795276,0.616719242902208,0.873617693522907,0.987321711568938,0.961730449251248,0.9792,1,0.998363338788871,0.540930979133226,0.405705229793978,0.998389694041868,0.00615384615384615,0.00772797527047913,0.875598086124402,0.010989010989011,1,0.97339593114241,0,0.111650485436893,0,0.949180327868852,0,0.97456279809221,1,0.00625978090766823,0.838141025641026,1,0.640575079872205,0.610591900311526,0.869354838709677,0,0,0.9375,0.94359756097561,0.992260061919505,0,0,0,0.231496062992126,0.5,0,0.44251968503937,0,0.931372549019608,1,0.15224358974359,0.236677115987461,0,0.332258064516129,0.5808,0.859424920127795,0.9640625,0.7648,0,0.990243902439024,0.0163398692810458,1,0,0.9828125,0.00636942675159236,1,0.0178861788617886,0.0114566284779051,0,0,0.834123222748815,0.928802588996764,0.929577464788732,0.705426356589147,0.0261538461538462,0.00322061191626409,0.831730769230769,0.82472613458529,0,0.0127591706539075,0.9712,0,0.987117552334944,0.956043956043956,0.0697305863708399,0.0384,0.00318979266347687,1,0.457326892109501,0.0718849840255591,0.0935483870967742,0.106349206349206,0.678571428571429,0.0938967136150235,1,0,0.752025931928687,0.97933227344992,0.0032258064516129,0,0,0,0,1,0.701639344262295,0,0,0.5376,0.95609756097561,0.433070866141732,0.0421875,0,0.0490196078431373,0.0172413793103448,0,0.0291734197730956,0.00313479623824451,0,0.009375,0,0.0405186385737439,0.0502354788069074,0.0143540669856459,0.0192307692307692,0.00491803278688525,0.0252365930599369,0.0238473767885533,0.0520504731861199,0.00483870967741936,0.0189873417721519,0,0.00323101777059774,0.0372168284789644,0.00638977635782748,0.0220472440944882,0,0.0368,0,0
"154",0.820634920634921,0.825347758887172,0.829754601226994,0.80379746835443,0.82484076433121,0.848484848484849,0.79874213836478,0.835680751173709,0.835114503816794,0,0.826625386996904,0,0.607476635514019,0.836012861736334,0.2,0.176838810641628,0,0.00784929356357928,0.841772151898734,0.844615384615385,0.289634146341463,0.191626409017713,0.833590138674884,0,0.858024691358025,0.374805598755832,0.253086419753086,0.826645264847512,0.546423135464231,0.71875,0.177099236641221,0.687402799377916,0.735247208931419,0.400936037441498,0,0.829984544049459,0.0169753086419753,0.831546707503829,0.38796992481203,0.777947932618683,0,0.00763358778625954,0.0030441400304414,0.841940532081377,0.722488038277512,0.185826771653543,0.5515625,0.170616113744076,0.603369065849923,0.287878787878788,0,0.844375963020031,0.388455538221529,0.829420970266041,0.78416149068323,0.321428571428571,0,0.829457364341085,0.823889739663093,0.808219178082192,0.405864197530864,0.519319938176198,0.170846394984326,0,0.781102362204724,0.757433489827856,0,0.842835130970724,0,0.154574132492114,0.786153846153846,0.155038759689922,0.168486739469579,0.834876543209877,0,0.717791411042945,0.19482496194825,0.622119815668203,0.802527646129542,0.408637873754153,0,0.69478527607362,0.333333333333333,0.837920489296636,0.255023183925811,0.791987673343606,0.83206106870229,0.829984544049459,0.821263482280431,0.00604229607250755,0.834115805946792,0.831530139103555,0,0,0.858267716535433,0,0.412942989214176,0.825545171339564,0.00152905198776758,0.00305810397553517,0.659340659340659,0,0.415481832543444,0.843700159489633,0.252994011976048,0.8256,0.0077639751552795,0.832288401253918,0.174050632911392,0.171339563862928,0.175384615384615,0.804416403785489,0.473035439137134,0.830721003134796,0,0.831775700934579,0.701996927803379,0,0.160796324655436,0.383886255924171,0,0.7421875,0.358255451713396,0.23015873015873,0.84,0.290909090909091,0.841781874039939,0.837962962962963,0,0.615146831530139,0.829984544049459,0.570093457943925,0.835164835164835,0,0.830427892234548,0.197247706422018,0,0.332810047095761,0.625391849529781,0.603503184713376,0,0,0.840625,0.747286821705426,0.295819935691318,0.831007751937984,0.16380655226209,0.825954198473282,0.525396825396825,0.836336336336336,0.289719626168224,0.827906976744186,0.8296875,1,0.829230769230769,0.151419558359621,0.840490797546012,0.16796267496112,0,0.718995290423862,0.796636085626911,0.823802163833076,0.170992366412214,0,0.837173579109063,0.505582137161085,0.837925445705024,0.84031007751938,0.838167938931298,0.400309119010819,0.823076923076923,0.174528301886792,0.833585476550681,0.163608562691131,0.803125,0.45679012345679,0,0.849293563579278,0,0.778637770897833,0.838709677419355,0.266347687400319,0.8375,0.822981366459627,0.840840840840841,0.835403726708075,0.244615384615385,0.502290076335878,0.818471337579618,0.818037974683544,0.211180124223602,0.156060606060606,0.824175824175824,0.781055900621118,0,0,0.414976599063963,0,0.841389728096677,0.40763358778626,0.791208791208791,0.721109399075501,0.838368580060423,0.501587301587302,0.538461538461538,0.394276629570747,0.838759689922481,0.868421052631579,0.791021671826625,0,0.794435857805255,0.326860841423948,0.822327044025157,0.149532710280374,0.229357798165138,0.603744149765991,0.839116719242902,0.84,0.775193798449612,0.850077279752705,0.809672386895476,0,0.226851851851852,0.697388632872504,0.82484076433121,0,0.844036697247706,0.834586466165414,0.608294930875576,0.603125,0.828926905132193,0.837282780410742,0.469387755102041,0,0.792481203007519,0.584496124031008,0.832012678288431,0.164869029275809,0.818740399385561,0.849056603773585,0.828703703703704,0.823161189358372,0.630434782608696,0.160572337042925,0.821596244131455,0.55968992248062,0.168421052631579,0.166666666666667,0.330232558139535,0.166149068322981,0.276898734177215,0.670713201820941,0.152410575427683,0.162327718223583,0.174772036474164,0.649230769230769,0.199680511182109,0.84012539184953,0.00626959247648903,0.162246489859594,0,0.343450479233227,0.836220472440945,0.815789473684211,0.815384615384615,0,0.791068580542265,0.767801857585139,0.678683385579937,0.642633228840125,0.534267912772586,0.512539184952978,0.00768049155145929,0.821316614420063,0.254601226993865,0.695859872611465,0.8390625,0.18,0.779160186625194,0.155038759689922,0.278713629402757,0.829819277108434,0.826645264847512,0.797147385103011,0,0.696048632218845,0.79153605015674,0,0.159509202453988,0.806646525679758,0.828926905132193,0,0.171032357473035,0.162538699690402,0.834394904458599,0.79140127388535,0.1669341894061,0,0.486862442040185,0.858034321372855,0.749625187406297,0.516228748068006,0.741784037558685,0.833590138674884,0.177469135802469,0.835616438356164,0.832558139534884,0.169278996865204,0.836923076923077,0.835703001579779,0.820031298904538,0.840978593272171,0.341614906832298,0.417310664605873,0.391236306729264,0.843949044585987,0.846029173419773,0.0424886191198786,0.408163265306122,0.833592534992224,0.281055900621118,0.455223880597015,0.834101382488479,0.845425867507886,0.8328125,0.706814580031696,0.842900302114804,0.387459807073955,0.834101382488479,0.837753510140406,0,0.429457364341085,0.608557844690967,0.183925811437403,0.0414110429447853,0.166666666666667,0.91937984496124,0.179012345679012,0.17774343122102,0,0.369905956112853,0.835680751173709,0.236306729264476,0.838187702265372,0.833333333333333,0.838050314465409,0.396850393700787,0.406003159557662,0.6859375,0.553398058252427,0,0.770800627943485,0.160796324655436,0.210445468509985,0.319938176197836,0.844339622641509,0.169230769230769,0,0.441176470588235,0.168992248062016,0.19175911251981,0.503937007874016,0.843410852713178,0.4176,0.830894308943089,0.811819595645412,0,0.839097744360902,0.152905198776758,0.834597875569044,0.765243902439024,0.848966613672496,0.175193798449612,0.824615384615385,0.164615384615385,0.779503105590062,0.699367088607595,0.818320610687023,0.829230769230769,0.83203732503888,0.388802488335925,0.834876543209877,0.831070889894419,0.175384615384615,0.174454828660436,0.843260188087774,0.838050314465409,0.446676970633694,0.773993808049536,0.816693944353519,0.830508474576271,0.838709677419355,0,0.28006329113924,0.833333333333333,0.157566302652106,0,0.834123222748815,0.00632911392405063,0.205928237129485,0.828483920367534,0.83125,0.0015748031496063,0.654205607476635,0.503164556962025,0.847376788553259,0.160063391442155,0.934272300469484,0.8256,0.465927099841521,0.670245398773006,0.750788643533123,0,0.301109350237718,0.8272,0.838006230529595,0.508527131782946,0.834876543209877,0.803953871499176,0.192901234567901,0,0.841860465116279,0.836448598130841,0.830218068535826,0.68348623853211,0.169303797468354,0.772230889235569,0.372827804107425,0.307692307692308,0.00154083204930663,0.655063291139241,0.630914826498423,0.613981762917933,0,0.434439178515008,0.8078125,0.660030627871363,0.591117917304747,0.253414264036419,0,0,0.828655834564254,0.828006088280061,0,0.812111801242236,0.00479233226837061,0,0,0.836767036450079,0,0.85062893081761,0.769592476489028,0.602150537634409,0.83695652173913,0,0,0.846034214618974,0.864741641337386,0.712519319938176,0.175572519083969,0,0.785714285714286,0.671274961597542,0.852941176470588,0.56969696969697,0.46875,0,0.83179012345679,0.16852146263911,0.832535885167464,0.240740740740741,0,0.162121212121212,0.2734375,0.543548387096774,0.826687116564417,0,0.834094368340944,0.852760736196319,0.841221374045802,0,0.22992125984252,0.827868852459016,0.165837479270315,0.840425531914894,0.851681957186544,0.167441860465116,0.844854070660522,0.405956112852665,0.805255023183926,0.179127725856698,0.305295950155763,0.840182648401826,0.00474683544303797,0.166405023547881,0.838414634146341,0.175040518638574,0.684380032206119,0.4679186228482,0,0.248447204968944,0.707667731629393,0.383775351014041,0.831513260530421,0.166407465007776,0.294117647058824,0.553571428571429,0.81969696969697,0.783004552352049,0.823802163833076,0.729264475743349,0,0.842987804878049,0.171826625386997,0.8265625,0.488038277511962,0.173780487804878,0.849544072948328,0.8328173374613,0.836702954898911,0.637209302325581,0.82574568288854,0.275316455696203,0.33122028526149,0.846034214618974,0.78806907378336,0,0,0.845047923322684,0.819905213270142,0.172741679873217,0.829420970266041,0.848297213622291,0.462015503875969,0.813586097946288,0.714738510301109,0.794207317073171,0,0.846635367762128,0.444790046656299,0.837962962962963,0.833850931677019,0,0.655813953488372,0.837753510140406,0.17192429022082,0.687402799377916,0.539781591263651,0.736920777279522,0.669811320754717,0.830838323353293,0.23134328358209,0.828025477707006,0.846635367762128,0.838461538461538,0.408653846153846,0.242088607594937,0.841614906832298,0.842266462480858,0.00459418070444104,0.763975155279503,0.537177541729894,0.404651162790698,0.745038167938931,0.834621329211746,0.880503144654088,0.834101382488479,0.132716049382716,0.17156862745098,0,0.764521193092622,0.161189358372457,0.159574468085106,0.403149606299213,0,0.842923794712286,0.800918836140888,0.826893353941267,0.844274809160305,0.238993710691824,0.166926677067083,0,0,0.306836248012719,0.231132075471698,0.299363057324841,0,0.156202143950995,0.831288343558282,0.0812883435582822,0.40251572327044,0.841017488076312,0.6484375,0.851622874806801,0.645962732919255,0.635528330781011,0,0.845925925925926,0.477987421383648,0.569206842923795,0.811836115326252,0.831070889894419,0.478527607361963,0.00458715596330275,0.828125,0.840978593272171,0,0.828267477203647,0.183800623052959,0.834967320261438,0.512383900928793,0,0.00460829493087558,0.59640522875817,0.78816199376947,0.163328197226502,0.2816,0.0061633281972265,0,0.720121028744327,0.1734375,0.833881578947368,0.475683890577508,0.849315068493151,0.153262518968134,0.469953775038521,0.422222222222222,0.783094098883573,0.242811501597444,0.157975460122699,0,0.211356466876972,0,0.847201210287443,0.169781931464174,0.835866261398176,0.157232704402516,0.8352,0,0.572298325722983,0.5296875,0.829984544049459,0,0.830015313935682,0,0.520458265139116,0.826893353941267,0,0.668711656441718,0.832278481012658,0.694835680751174,0.828525641025641,0.187403993855607,0,0.830985915492958,0.428343949044586,0,0.688549618320611,0.154992548435171,0.171253822629969,0.837837837837838,0.834890965732087,0.843797856049005,0.825273010920437,0.832278481012658,0,0.824921135646688,0.0169753086419753,0.449768160741886,0.419656786271451,0.835658914728682,0.847328244274809,0.832822085889571,0.849544072948328,0.0636645962732919,0.167987321711569,0.844155844155844,0.817901234567901,0.717592592592593,0.882716049382716,0.828220858895706,0.833073322932917,0,0,0.830838323353293,0,0.214067278287462,0,0.845220030349014,0.417335473515249,0.339622641509434,0.261941448382126,0.86031746031746,0.00154798761609907,0.253894080996885,0.835384615384615,0.844615384615385,0.660910518053375,0.506726457399103,0.329359165424739,0.320300751879699,0.640062597809077,0.157975460122699,0.265527950310559,0.614551083591331,0.398449612403101,0.714285714285714,0.169724770642202,0,0.151368760064412,0.432859399684044,0.822866344605475,0.650695517774343,0.357142857142857,0.643518518518518,0.798771121351767,0.820121951219512,0.832797427652733,0.832802547770701,0.84688995215311,0.847244094488189,0.650943396226415,0.512345679012346,0.841772151898734,0.168421052631579,0.170471841704718,0.794435857805255,0.00759878419452888,0.838612368024133,0.818181818181818,0,0.253164556962025,0,0.830482115085537,0,0.838709677419355,0.837753510140406,0.165390505359877,0.820031298904538,0.839258114374034,0.692429022082019,0.63093415007657,0.774143302180685,0,0,0.813614262560778,0.815201192250373,0.833333333333333,0,0,0.14968152866242,0.391502276176024,0.555384615384615,0,0.543343653250774,0,0.818037974683544,0.833597464342314,0.305732484076433,0.362363919129082,0,0.47196261682243,0.590625,0.758998435054773,0.831091180866966,0.736842105263158,0.15968992248062,0.849445324881141,0.0277777777777778,0.834920634920635,0,0.833078101071976,0.00470219435736677,0.839936608557845,0.16358024691358,0.122257053291536,0,0,0.75920245398773,0.812400635930048,0.815950920245399,0.863777089783282,0.190690690690691,0.160125588697017,0.764797507788162,0.765060240963855,0,0.177394034536892,0.82472613458529,0,0.833597464342314,0.840735068912711,0.227906976744186,0.0326086956521739,0.15919629057187,0.835384615384615,0.567140600315956,0.223270440251572,0.26461038961039,0.271889400921659,0.7,0.231839258114374,0.841368584758942,0,0.735340729001585,0.843076923076923,0.00158478605388273,0,0.167420814479638,0,0.177115987460815,0.833075734157651,0.715434083601286,0.161030595813205,0.151181102362205,0.622820919175911,0.820754716981132,0.508448540706605,0.0428790199081164,0.17329093799682,0.0573248407643312,0.013677811550152,0,0.155905511811024,0.158371040723982,0.163009404388715,0.172360248447205,0.16358024691358,0.036624203821656,0.0492307692307692,0.175548589341693,0.0154320987654321,0.00642054574638844,0.0263975155279503,0.0182094081942337,0.045662100456621,0.172043010752688,0.0167682926829268,0.161392405063291,0.151702786377709,0.0345911949685535,0.16793893129771,0.0293663060278207,0.164869029275809,0.189814814814815,0.157894736842105,0.159442724458204
"155",0.995222929936306,0.993769470404984,0.968992248062015,0.941935483870968,0.985714285714286,0.996805111821086,0.885400313971743,0.971653543307087,0.993817619783617,0,0.995334370139969,0,0.559875583203733,0.995215311004785,0.0401234567901235,0.0109204368174727,0,0.0174050632911392,0.991922455573506,0.984375,0.147058823529412,0.036741214057508,0.981424148606811,0,0.950617283950617,0.2515625,0.1109375,0.9904,0.452599388379205,0.696923076923077,0.00460829493087558,0.68895800933126,0.766295707472178,0.29922480620155,0,0.995327102803738,0.0185758513931889,0.990639625585023,0.245827010622155,0.898911353032659,0.00157728706624606,0.0182648401826484,0.0046583850931677,0.995245641838352,0.77741935483871,0.0204724409448819,0.511700468018721,0.00313479623824451,0.458770614692654,0.115384615384615,0,0.989028213166144,0.2671875,0.995363214837713,0.88,0.1616,0,0.973270440251572,0.959938366718028,0.89409984871407,0.302936630602782,0.426810477657935,0.0047244094488189,0,0.896496815286624,0.817054263565892,0,0.989045383411581,0,0.00628930817610063,0.856488549618321,0.0093603744149766,0.0217729393468118,0.995440729483283,0,0.70750382848392,0.0445468509984639,0.578461538461538,0.892455858747994,0.274834437086093,0,0.699537750385208,0.212349397590361,0.996904024767802,0.102964118564743,0.911450381679389,0.989263803680982,0.969040247678019,0.966101694915254,0.00914634146341463,0.981102362204724,0.995319812792512,0,0,0.969205834683955,0,0.294573643410853,0.984423676012461,0.00917431192660551,0.00941915227629513,0.608087091757387,0,0.276357827476038,0.993620414673046,0.0903522205206738,0.993610223642173,0.00630914826498423,0.973684210526316,0.00464396284829721,0.0108695652173913,0.013953488372093,0.901898734177215,0.32348367029549,0.984591679506934,0,0.986068111455108,0.705972434915773,0,0.00463678516228748,0.227272727272727,0,0.762790697674419,0.235747303543914,0.0782747603833866,0.969230769230769,0.13953488372093,0.990811638591118,0.990625,0,0.550925925925926,0.93217665615142,0.484944532488114,0.982428115015974,0,0.990353697749196,0.0233281493001555,0,0.198098256735341,0.630094043887147,0.520458265139116,0,0,0.979750778816199,0.753510140405616,0.161858974358974,0.995283018867924,0.0124223602484472,0.929770992366412,0.412420382165605,0.978819969742814,0.124409448818898,0.978159126365055,0.9936,0.829230769230769,1,0.0047244094488189,0.995356037151703,0.00474683544303797,0,0.717425431711146,0.869894099848714,0.97984496124031,0.0185185185185185,0,0.995440729483283,0.440251572327044,0.996747967479675,0.995334370139969,0.995419847328244,0.294930875576037,0.977134146341463,0.0077639751552795,0.952526799387443,0.00602409638554217,0.9015625,0.366614664586583,0,0.985959438377535,0,0.84399375975039,0.995327102803738,0.116427432216906,0.981481481481482,0.947530864197531,0.984802431610942,0.969325153374233,0.0890625,0.368181818181818,0.919175911251981,0.944267515923567,0.050314465408805,0.0124610591900312,0.978125,0.85377358490566,0,0,0.281847133757962,0.00153846153846154,0.995391705069124,0.251920122887865,0.872641509433962,0.747678018575851,0.989247311827957,0.427215189873418,0.419811320754717,0.273015873015873,0.918876755070203,0.962323390894819,0.871913580246914,0,0.863636363636364,0.162074554294976,0.949606299212598,0.00464396284829721,0.0707692307692308,0.541213063763608,0.974723538704581,0.980182926829268,0.829153605015674,0.993730407523511,0.896389324960754,0,0.0721003134796238,0.654377880184332,1,0,0.984423676012461,0.983333333333333,0.552262090483619,0.555905511811024,0.985915492957746,0.9952,0.363067292644757,0,0.884498480243161,0.52132701421801,0.971291866028708,0.00625,0.966463414634146,0.996820349761526,0.996875,0.952456418383518,0.537151702786378,0.00792393026941363,0.971786833855799,0.536661466458658,0.00909090909090909,0.0060882800608828,0.192733017377567,0.00626959247648903,0.141955835962145,0.665634674922601,0.00462249614791988,0.00930232558139535,0.015527950310559,0.58761329305136,0.0401284109149278,0.977848101265823,0.008,0.00313971742543171,0,0.217391304347826,0.993620414673046,0.9703125,0.894654088050314,0,0.884984025559105,0.844748858447489,0.673469387755102,0.602484472049689,0.455259026687598,0.454828660436137,0.0076103500761035,0.993710691823899,0.0927051671732523,0.698697068403909,0.961240310077519,0.0123456790123457,0.753184713375796,0.0062111801242236,0.11128526645768,0.993939393939394,0.995176848874598,0.892455858747994,0,0.64624808575804,0.878930817610063,0,0.00458715596330275,0.888379204892966,0.977917981072555,0,0.0062015503875969,0.00463678516228748,0.980982567353407,0.880573248407643,0.00479233226837061,0,0.376947040498442,0.992063492063492,0.791411042944785,0.3921875,0.65112540192926,0.962616822429907,0.0124031007751938,0.995305164319249,0.993788819875776,0.00793650793650794,0.975308641975309,0.9953125,0.969354838709677,0.990625,0.185358255451713,0.295107033639144,0.262015503875969,0.973561430793157,0.942492012779553,0.044822256568779,0.257097791798107,0.972006220839813,0.147744945567652,0.290909090909091,0.996913580246914,0.992150706436421,0.970542635658915,0.683544303797468,0.992307692307692,0.229166666666667,0.967542503863988,0.995290423861852,0,0.30381679389313,0.538095238095238,0.0170807453416149,0.0535168195718654,0.0139751552795031,0.911076443057722,0.0292758089368259,0.0031104199066874,0,0.2140625,0.984375,0.0639625585023401,0.98546042003231,0.968404423380727,0.988941548183254,0.264890282131661,0.27491961414791,0.671383647798742,0.454545454545455,0,0.815047021943574,0.0152671755725191,0.043343653250774,0.188650306748466,0.995356037151703,0.00623052959501558,0,0.3015625,0.0122324159021407,0.0206677265500795,0.458528951486698,0.993730407523511,0.2704,0.995176848874598,0.961783439490446,0,0.99554234769688,0,0.99388379204893,0.817034700315457,0.9952,0.0125195618153365,0.975308641975309,0.00630914826498423,0.8671875,0.708006279434851,0.941807044410414,0.986153846153846,0.993759750390016,0.270353302611367,0.961965134706815,0.993930197268589,0.00304878048780488,0.0295489891135303,0.995275590551181,0.995305164319249,0.3328173374613,0.868131868131868,0.95928338762215,0.958588957055215,0.995334370139969,0,0.114285714285714,0.993808049535604,0.00470219435736677,0,0.963779527559055,0.00967741935483871,0.046583850931677,0.995398773006135,0.963607594936709,0.00467289719626168,0.620094191522763,0.412420382165605,0.982286634460548,0.0048,0.868253968253968,0.996774193548387,0.361904761904762,0.598159509202454,0.774844720496894,0,0.147335423197492,0.975922953451043,0.993720565149137,0.438377535101404,0.995398773006135,0.965742251223491,0.0360501567398119,0.00154798761609907,0.984447900466563,0.990697674418605,0.950636942675159,0.69079939668175,0.0127388535031847,0.865947611710324,0.230293663060278,0.166123778501629,0.00615384615384615,0.603833865814696,0.588976377952756,0.605263157894737,0,0.282539682539683,0.908661417322835,0.634945397815913,0.525423728813559,0.0827067669172932,0,0,0.995522388059702,0.969465648854962,0,0.923076923076923,0.00636942675159236,0,0,0.99375,0,0.993548387096774,0.779527559055118,0.532824427480916,0.993846153846154,0,0,0.989197530864197,0.95933734939759,0.715610510046368,0.00458015267175573,0.00317460317460317,0.873475609756098,0.607033639143731,0.996875,0.524767801857585,0.341894060995185,0,0.996904024767802,0.00479233226837061,0.958664546899841,0.0901898734177215,0,0.0135135135135135,0.102040816326531,0.485436893203884,0.96594427244582,0,0.948012232415902,0.973684210526316,0.995348837209302,0,0.0724409448818898,0.929508196721311,0.00975609756097561,0.993846153846154,0.996960486322188,0.0124031007751938,0.995348837209302,0.281733746130031,0.817204301075269,0.014446227929374,0.161137440758294,0.96551724137931,0.00791139240506329,0.0062402496099844,0.972179289026275,0.00964630225080386,0.643659711075441,0.389589905362776,0,0.106646058732612,0.727272727272727,0.244167962674961,0.97360248447205,0.00470219435736677,0.14,0.448675496688742,0.95,0.886706948640483,0.958074534161491,0.749608763693271,0,0.978625954198473,0.00460122699386503,0.962204724409449,0.389337641357027,0.00152439024390244,0.993788819875776,0.995245641838352,0.995283018867924,0.630914826498423,0.98125,0.117088607594937,0.173015873015873,0.937984496124031,0.877777777777778,0,0,0.987381703470032,0.92845786963434,0.0173501577287066,0.985849056603774,0.989028213166144,0.351181102362205,0.926984126984127,0.725961538461538,0.881638846737481,0,0.962085308056872,0.332283464566929,0.995341614906832,0.996879875195008,0,0.623255813953488,0.971518987341772,0.00313479623824451,0.673469387755102,0.3828125,0.802130898021309,0.686305732484076,0.950226244343891,0.0832072617246596,0.985576923076923,0.996932515337423,0.9796875,0.294022617124394,0.0914826498422713,0.989263803680982,0.995384615384615,0.00759878419452888,0.77217125382263,0.451313755795981,0.261345852895149,0.766355140186916,0.993720565149137,0.877358490566038,0.995384615384615,0.121725731895223,0.00479233226837061,0,0.814465408805031,0.00632911392405063,0.00314465408805031,0.272024729520866,0,0.989247311827957,0.930448222565688,0.993779160186625,0.993855606758833,0.097444089456869,0.00470957613814757,0,0,0.1552,0.0771653543307087,0.153605015673981,0,0.00469483568075117,0.993846153846154,0.0121951219512195,0.28902627511592,0.995230524642289,0.586206896551724,0.97444089456869,0.657975460122699,0.634969325153374,0,0.995488721804511,0.381180223285486,0.495207667731629,0.921898928024502,0.987878787878788,0.368584758942457,0.0107692307692308,0.952380952380952,0.957120980091884,0,0.966616084977238,0.0170278637770898,0.988654781199352,0.416796267496112,0,0.00917431192660551,0.513071895424837,0.836220472440945,0.0061633281972265,0.127186009538951,0.00934579439252336,0.00158982511923688,0.755656108597285,0.0237341772151899,0.996694214876033,0.311827956989247,0.99390243902439,0.0045662100456621,0.379256965944272,0.3184,0.869565217391304,0.0848,0.00768049155145929,0.00311526479750779,0.0425867507886435,0,0.98936170212766,0.0384,0.977409638554217,0.0095389507154213,0.998397435897436,0,0.51588502269289,0.44392523364486,0.993759750390016,0,0.998449612403101,0,0.393258426966292,0.982892690513219,0,0.645357686453577,0.981012658227848,0.737984496124031,0.952229299363057,0.044822256568779,0,0.993759750390016,0.2491961414791,0,0.680491551459293,0.00454545454545455,0.0168195718654434,0.993670886075949,0.996840442338073,0.990811638591118,0.973228346456693,0.98145285935085,0,0.97196261682243,0.0184899845916795,0.344615384615385,0.290171606864275,0.987596899224806,0.985959438377535,0.987538940809969,0.986089644513138,0.0538461538461538,0.0156494522691706,0.985365853658537,0.970633693972179,0.718223583460949,0.976780185758514,0.995363214837713,0.972477064220184,0,0,0.976083707025411,0,0.0682170542635659,0,0.955625990491284,0.275806451612903,0.197138314785374,0.111801242236025,0.92246835443038,0,0.0971786833855799,0.993808049535604,0.995334370139969,0.634069400630915,0.405731523378582,0.21203007518797,0.180428134556575,0.647709320695103,0.00618238021638331,0.115264797507788,0.544891640866873,0.253125,0.701399688958009,0.015748031496063,0,0.00473186119873817,0.321543408360129,0.993548387096774,0.620743034055728,0.216095380029806,0.615384615384615,0.879256965944272,0.983050847457627,0.957860615883306,0.978125,0.993690851735016,0.993660855784469,0.552590266875981,0.416012558869702,0.995260663507109,0.00911854103343465,0.0168195718654434,0.872841444270016,0.00762195121951219,0.993817619783617,0.964451313755796,0,0.1,0,0.954758190327613,0,0.970769230769231,0.9953125,0.0107692307692308,0.854263565891473,0.995334370139969,0.6448,0.61741835147745,0.873040752351097,0,0,0.936482084690554,0.94170403587444,0.987616099071207,0,0,0.00481540930979133,0.226928895612708,0.4890625,0,0.446511627906977,0,0.914285714285714,0.993779160186625,0.150793650793651,0.233024691358025,0,0.34185303514377,0.577223088923557,0.852895148669797,0.965098634294385,0.772797527047913,0.00464396284829721,0.988782051282051,0.0142857142857143,0.995215311004785,0,0.980061349693252,0.00625,0.996820349761526,0.0203125,0.0178282009724473,0,0,0.813880126182965,0.925515055467512,0.936630602782071,0.707951070336391,0.0270676691729323,0.0126382306477093,0.832288401253918,0.835616438356164,0,0.0139968895800933,0.968304278922345,0,0.982315112540193,0.955792682926829,0.0612244897959184,0.0419254658385093,0.0078003120124805,0.993846153846154,0.468652037617555,0.0754716981132075,0.109500805152979,0.112654320987654,0.688,0.093558282208589,0.995275590551181,0,0.747634069400631,0.976816074188563,0.00313971742543171,0,0.00597014925373134,0,0.0062402496099844,0.995327102803738,0.707993474714519,0.0048,0.004739336492891,0.546474358974359,0.960191082802548,0.415765069551777,0.0465116279069767,0.00646203554119548,0.0551181102362205,0.0170015455950541,0,0.0344827586206897,0.0106544901065449,0.00474683544303797,0.0168453292496172,0.0015552099533437,0.0506329113924051,0.0513219284603421,0.0217391304347826,0.0172684458398744,0.00318471337579618,0.0218408736349454,0.0230061349693252,0.0535168195718654,0.0124416796267496,0.0169491525423729,0.00323101777059774,0.00943396226415094,0.0455974842767296,0.0110410094637224,0.018348623853211,0.00622083981337481,0.0393700787401575,0.00451807228915663,0.00783699059561128
"156",0.00325732899022801,0,0.0266875981161695,0.0612903225806452,0.0130932896890344,0,0.0915032679738562,0.0206349206349206,0,0,0,0,0.427432216905901,0,0.958730158730159,0.990338164251208,0,0,0,0.017515923566879,0.835987261146497,0.966996699669967,0.00946372239747634,0,0.0427215189873418,0.739967897271268,0.882160392798691,0.0115321252059308,0.524332810047096,0.308306709265176,1,0.303317535545024,0.225239616613419,0.697749196141479,0,0,0.00632911392405063,0.00626959247648903,0.722560975609756,0.0910518053375196,0,0,0,0,0.201986754966887,0.978896103896104,0.477198697068404,1,0.515007898894155,0.873617693522907,0,0.00641025641025641,0.718799368088468,0,0.0954692556634304,0.830564784053156,0,0.025974025974026,0.0315457413249211,0.0972886762360447,0.698587127158556,0.563779527559055,1,0,0.106451612903226,0.174959871589085,0,0.0128,0,1,0.1390625,0.992025518341308,0.982428115015974,0,0,0.272012578616352,0.950558213716108,0.437201907790143,0.0868852459016393,0.721283783783784,0,0.281200631911532,0.792125984251968,0.00158982511923688,0.886762360446571,0.0837209302325581,0.00322061191626409,0.0296411856474259,0.028436018957346,0,0.00970873786407767,0,0,0,0.0295566502463054,0,0.672,0.0210355987055016,0,0,0.358851674641148,0,0.692682926829268,0,0.890937019969278,0,0,0.0192,1,0.993517017828201,0.990521327014218,0.0682926829268293,0.6656,0.00803858520900321,0,0.0128205128205128,0.288676236044657,0,1,0.77133655394525,0,0.220285261489699,0.737942122186495,0.915857605177994,0.026813880126183,0.864217252396166,0.0031496062992126,0.00319488817891374,0,0.439178515007899,0.0670926517571885,0.51227495908347,0.00650406504065041,0,0.00494233937397035,0.978090766823161,0,0.775609756097561,0.360975609756098,0.466019417475728,0,0,0.0224719101123595,0.229299363057325,0.833060556464812,0,0.993690851735016,0.0672,0.578688524590164,0.0157232704402516,0.853618421052632,0.012779552715655,0,0.151419558359621,0.0047244094488189,1,0,1,0,0.258842443729904,0.111111111111111,0.0156739811912226,0.984447900466563,0,0,0.548281505728314,0,0,0,0.697347893915757,0.0205696202531646,0.998417721518987,0.0447530864197531,1,0.0940032414910859,0.612341772151899,0,0.012779552715655,0,0.156739811912226,0,0.877650897226754,0.0158730158730159,0.0492845786963434,0.0108359133126935,0.0220820189274448,0.899038461538462,0.618604651162791,0.0723684210526316,0.0535714285714286,0.93900481540931,0.9936,0.0161290322580645,0.116693679092382,0,0,0.688524590163934,0,0,0.735849056603774,0.10016155088853,0.242612752721617,0.0077639751552795,0.562300319488818,0.577170418006431,0.696920583468395,0.0707395498392283,0.0301587301587302,0.106811145510836,0,0.110062893081761,0.8125,0.0516962843295638,1,0.927899686520376,0.451456310679612,0.0208,0.0187207488299532,0.159489633173844,0,0.108108108108108,0,0.9264,0.328593996840442,0.00491803278688525,0,0.00636942675159236,0.0171073094867807,0.428802588996764,0.457869634340223,0.0113085621970921,0,0.608557844690967,0,0.0901898734177215,0.452614379084967,0.0248344370860927,1,0.034375,0,0,0.048,0.457006369426752,0.998371335504886,0.0224,0.446031746031746,0.995334370139969,0.998432601880878,0.790923824959481,1,0.837171052631579,0.315217391304348,1,0.996810207336523,0.99211356466877,0.405023547880691,0.96039603960396,0.0160513643659711,0,1,0,0.761290322580645,0,0.0205371248025276,0.0916398713826367,0,0.113114754098361,0.150316455696203,0.312599681020734,0.374800637958533,0.544728434504792,0.54281098546042,0,0,0.894154818325434,0.29042904290429,0.0321543408360129,0.990476190476191,0.24232633279483,0.998394863563403,0.875,0,0,0.0919540229885057,0,0.347417840375587,0.0912052117263844,0,1,0.0856697819314642,0.0159235668789809,0,0.9984,1,0.0149253731343284,0.110929853181077,1,0,0.582018927444795,0.0065359477124183,0.208137715179969,0.601587301587302,0.331691297208539,0.0394321766561514,0.990461049284579,0,0,0.992101105845182,0.0269413629160063,0,0.0226904376012966,0.00317460317460317,0.803542673107891,0.679245283018868,0.703821656050955,0.0162074554294976,0.0516666666666667,0.0015748031496063,0.736585365853659,0.0192616372391653,0.8272,0.695178849144635,0.00477707006369427,0.0032258064516129,0.0303030303030303,0.294788273615635,0.00158227848101266,0.755663430420712,0.0333863275039746,0.00163132137030995,0,0.671339563862928,0.426948051948052,0.985759493670886,0.00158982511923688,0.993730407523511,0.0829346092503987,0.976452119309262,1,0,0.754414125200642,0.00801282051282051,0.924050632911392,0.0132450331125828,0.0241157556270096,0.00650406504065041,0.697865353037767,0.712871287128713,0.333333333333333,0.542713567839196,0,0.179487179487179,0.987673343605547,0.957278481012658,0.789137380191693,0,0.9984,0,0.666131621187801,0.9890625,0.974151857835218,0.5216,0,0.715220949263502,0,0.0319488817891374,0,0.00757575757575758,1,0,0.171974522292994,0,0.987075928917609,0.0234375,1,0.118210862619808,0.286184210526316,0.0533751962323391,0.00636942675159236,0,0.70429252782194,0.0351437699680511,0,1,0.977635782747604,0,0,0.658267716535433,0.117460317460317,0.0299003322259136,0.0428571428571429,0,0,0.88379705400982,0,0.998402555910543,0,0.0276422764227642,0,0.959349593495935,0,0.0256,0,0.354992076069731,0.569805194805195,0.0112903225806452,0.99836867862969,0.123397435897436,0.00325732899022801,0.620689655172414,0.389589905362776,0.212662337662338,0,0.833063209076175,0.0211726384364821,0.00161290322580645,0.538338658146965,0,0.023489932885906,0.966346153846154,0,0.0110236220472441,0.00490196078431373,0.0449438202247191,0.319444444444444,0.991922455573506,0.116316639741519,0.744038155802862,0.804713804713805,0,0.394088669950739,0.387722132471729,0.374592833876221,0,0.705882352941177,0.07223113964687,0.368670886075949,0.461658841940532,0.917573872472784,0,0,0,0.0186915887850467,0,0.0732484076433121,0,0,0,0.00160771704180064,0,0,0.210191082802548,0.458860759493671,0,0,0,0.00318979266347687,0.0371517027863777,0.275157232704403,1,0,0.0954616588419405,0.390015600624025,0,0.463338533541342,0.647342995169082,0,0.0174603174603175,1,0.040453074433657,0.908064516129032,0,0.990697674418605,0.88780487804878,0.50584307178631,0.0286168521462639,0,0.0470957613814757,0.0264385692068429,0,0,0.93042071197411,0.0642978003384095,0.995049504950495,0,0,0.990521327014218,0,0.697933227344992,0.183835182250396,0.991961414790997,0.822847682119205,0.0303030303030303,0,1,0.0222222222222222,0.993431855500821,0.338164251207729,0.595432300163132,0,0.884493670886076,0.241776315789474,0.728,0.0174603174603175,1,0.842679127725857,0.54228855721393,0.0517241379310345,0.106750392464678,0.0357142857142857,0.252459016393443,0,0.0188087774294671,1,0.0363349131121643,0.598684210526316,1,0,0,0,0.354531001589825,0.00952380952380952,0.863711001642036,0.799674267100977,0.045958795562599,0.0956239870340357,0,0,0.00644122383252818,0.0560131795716639,0.982286634460548,0.0126782884310618,0.00638977635782748,0.621794871794872,0.0607553366174056,0.267100977198697,0.0924764890282132,0,0.0318471337579618,0.639741518578352,0,0.00163398692810458,0,0.361198738170347,0.0195758564437194,1,0.311183144246353,0.597133757961783,0.203100775193798,0.310064935064935,0.0389408099688473,0.916795069337442,0.0115321252059308,0,0.0191387559808612,0.673267326732673,0.8768,0.0110410094637224,0,0,0.20859872611465,0.542857142857143,0.736334405144695,0.222222222222222,0,0.107544141252006,0,0.105180533751962,1,0,0.170653907496013,0.998384491114701,1,0.715434083601286,0,0.00955414012738853,0.0858034321372855,0.00159235668789809,0.004739336492891,0.91304347826087,1,0,0,0.822368421052632,0.915873015873016,0.8416,0,1,0,0.421800947867299,0.7,0,0.394321766561514,0.0245098039215686,0.348242811501597,0.361934477379095,0,0,0.596774193548387,0.493589743589744,0.0623052959501558,0.0110935023771791,0.611544461778471,0,0.0492063492063492,0.0451713395638629,0,0.031201248049922,0.982343499197432,0.0132890365448505,0.576862123613312,0,0,0.478333333333333,0.158653846153846,1,0.865353037766831,0,0,0.248073959938367,0.974317817014446,0,0.677725118483412,0.00157977883096367,1,0.610576923076923,0.662884927066451,0.115447154471545,0.907766990291262,0.995319812792512,0,0.958064516129032,0,0.00473186119873817,0.800986842105263,0.013953488372093,0.996779388083736,0,0,0.482059282371295,0.529411764705882,0,0,0.00157728706624606,0,0.600644122383253,0.00946372239747634,0,0.316211878009631,0.0176282051282051,0.249607535321821,0.038961038961039,0.9616,0,0,0.725938009787928,0,0.298722044728434,1,0.981072555205047,0,0,0.00789889415481832,0.0241157556270096,0.0174880763116057,0,0.0222575516693164,0,0.618012422360248,0.701923076923077,0.00949367088607595,0.0096,0.00775193798449612,0.00947867298578199,0.0253565768621236,0.983844911147011,0.0117252931323283,0.0332805071315372,0.287284144427002,0.017515923566879,0,0.0222222222222222,0,0,0.0153374233128834,0,0.930708661417323,0.0016025641025641,0.0398724082934609,0.713114754098361,0.777594728171334,0.878548895899054,0.072463768115942,0,0.886217948717949,0,0,0.344715447154472,0.582066869300912,0.795069337442219,0.813291139240506,0.337078651685393,1,0.881141045958796,0.4464,0.745627980922099,0.305993690851735,0.990306946688207,0,1,0.648780487804878,0,0.338658146964856,0.756630265210608,0.391373801916933,0.107765451664025,0.0093167701863354,0.0414593698175788,0.0144230769230769,0,0.00162866449511401,0.42879746835443,0.58161648177496,0.00157977883096367,0.995327102803738,0.989096573208723,0.108108108108108,0,0,0.0316957210776545,0,0.896210873146623,0,0.0487012987012987,0,0.023961661341853,0,0.992088607594937,0.151368760064412,0,0.327868852459016,0.363492063492063,0.100323624595469,0,0,0.0627062706270627,0.0496124031007752,0.00943396226415094,0,0,1,0.766929133858268,0.506998444790047,0,0.530448717948718,0,0.0710743801652893,0,0.801963993453355,0.766192733017378,0,0.651465798045603,0.409967845659164,0.134493670886076,0.0333863275039746,0.216,1,0.00649350649350649,0.0844155844155844,0,0,0.0126382306477093,0,0,0.982055464926591,0.625204582651391,0,0,0.159055118110236,0.0746268656716418,0.0456692913385827,0.272300469483568,0.976489028213166,0.993589743589744,0.157723577235772,0.160436137071651,0,0.984076433121019,0.0318471337579618,0,0.0142857142857143,0.0345911949685535,0.940157480314961,0,0.998410174880763,0,0.524350649350649,0.922222222222222,0.899186991869919,0.891509433962264,0.307692307692308,0.911214953271028,0,0,0.240829346092504,0.0175718849840256,0,0,1,0,1,0,0.274193548387097,1,1,0.448275862068966,0.0358306188925081,0.563579277864992,0,0.998363338788871,0.0471544715447154,0.00955414012738853,0,0.8096,0.993759750390016,0.998387096774194,0.982371794871795,1,0,0,0.987261146496815,0.00646203554119548,0.00323624595469256,0.0273311897106109,0.00623052959501558,0,0.993589743589744,0.0142857142857143,1,0.998381877022654,0,0.993548387096774,0.0501567398119122,1,0.913183279742765,0.998452012383901,0.998387096774194
"157",0.998425196850394,1,0.969512195121951,0.936204146730462,0.987179487179487,1,0.891509433962264,0.973186119873817,1,0,1,0,0.567026194144838,1,0.0388802488335925,0.00777604976671851,0,0.0156739811912226,0.998405103668262,0.984662576687117,0.147919876733436,0.0258899676375405,0.990668740279938,0,0.958904109589041,0.252747252747253,0.108320251177394,0.992050874403816,0.459909228441755,0.668702290076336,0,0.684952978056426,0.755485893416928,0.274143302180685,0,1,0.0214395099540582,0.993874425727412,0.24287856071964,0.907692307692308,0.00156494522691706,0.0170278637770898,0.00778816199376947,1,0.774193548387097,0.0253968253968254,0.515151515151515,0,0.46,0.136294027565084,0,0.993680884676145,0.255886970172684,1,0.883830455259027,0.154340836012862,0,0.973101265822785,0.958588957055215,0.896124031007752,0.28393135725429,0.429237947122862,0,0,0.892455858747994,0.818604651162791,0,0.989147286821705,0,0,0.861963190184049,0.00771604938271605,0.0171339563862928,1,0,0.711656441717791,0.0419254658385093,0.565149136577708,0.889064976228209,0.245819397993311,0,0.694227769110764,0.20763358778626,1,0.106811145510836,0.910769230769231,0.995305164319249,0.972136222910217,0.962962962962963,0.0137825421133231,0.985759493670886,1,0,0,0.980769230769231,0,0.304482225656878,0.983050847457627,0.00920245398773006,0.010989010989011,0.613846153846154,0,0.273301737756714,1,0.101226993865031,1,0.0125786163522013,0.981510015408321,0,0.00772797527047913,0.00623052959501558,0.911811023622047,0.3375,0.992260061919505,0,0.989113530326594,0.70750382848392,0,0,0.215288611544462,0,0.743348982785602,0.244548286604361,0.076555023923445,0.970358814352574,0.143074581430746,0.996951219512195,0.996923076923077,0,0.54434250764526,0.933229813664596,0.474683544303797,0.988924050632911,0,0.993700787401575,0.0256797583081571,0,0.197492163009404,0.629746835443038,0.513556618819777,0,0,0.978193146417445,0.763157894736842,0.173775671406003,1,0.00625,0.927692307692308,0.418789808917197,0.981623277182236,0.131621187800963,0.986024844720497,1,0.840490797546012,0.995356037151703,0,1,0,0,0.73125,0.862121212121212,0.982998454404946,0.0214067278287462,0,1,0.44391785150079,1,1,1,0.283513097072419,0.978395061728395,0.00156739811912226,0.950075642965204,0,0.895071542130366,0.379095163806552,0,0.989130434782609,0,0.84399375975039,1,0.10828025477707,0.979719188767551,0.950540958268934,0.992503748125937,0.96875,0.093167701863354,0.375384615384615,0.921507064364207,0.946456692913386,0.0570987654320988,0.00473186119873817,0.98256735340729,0.860643185298622,0,0,0.292527821939587,0.00156985871271586,1,0.249230769230769,0.878205128205128,0.76036866359447,0.990783410138249,0.431061806656101,0.425897035881435,0.28525641025641,0.9140625,0.970172684458399,0.870570107858243,0,0.876543209876543,0.169628432956381,0.9392,0,0.0698757763975155,0.539291217257319,0.978056426332288,0.977099236641221,0.82018927444795,0.998454404945904,0.893915756630265,0,0.0712074303405573,0.658015267175573,0.9953125,0,0.992307692307692,0.980273141122914,0.556942277691108,0.551987767584098,0.9875,1,0.3640625,0,0.882621951219512,0.518110236220472,0.967897271268058,0,0.957251908396947,0.998439937597504,1,0.961300309597523,0.531587057010786,0.00158730158730159,0.97045101088647,0.539412673879444,0.00299850074962519,0.00150829562594268,0.201574803149606,0,0.148089171974522,0.67629179331307,0,0.00465116279069767,0.00772797527047913,0.593323216995448,0.036624203821656,0.984076433121019,0.0140845070422535,0,0,0.22360248447205,1,0.979938271604938,0.900306748466258,0,0.870458135860979,0.845329249617152,0.67398119122257,0.592476489028213,0.456386292834891,0.445669291338583,0.0139103554868624,1,0.0877742946708464,0.692556634304207,0.959119496855346,0.0107858243451464,0.741732283464567,0.00158478605388273,0.126934984520124,1,1,0.89792663476874,0,0.637480798771121,0.884012539184953,0,0,0.892307692307692,0.981279251170047,0,0.00156494522691706,0.00154798761609907,0.977346278317152,0.869983948635634,0,0,0.382716049382716,0.990536277602524,0.787234042553192,0.390769230769231,0.643879173290938,0.959752321981424,0.00771604938271605,1,1,0.00313479623824451,0.962674961119751,1,0.973312401883831,0.996875,0.175738724727838,0.303680981595092,0.27639751552795,0.97626582278481,0.944805194805195,0.0532915360501567,0.252336448598131,0.981308411214953,0.142414860681115,0.292424242424242,0.995305164319249,0.998449612403101,0.970266040688576,0.693290734824281,0.996946564885496,0.228571428571429,0.96583850931677,0.996830427892235,0,0.305343511450382,0.546310832025118,0.0186915887850467,0.0570107858243451,0.00754147812971342,0.910216718266254,0.0260336906584992,0,0,0.213953488372093,0.992272024729521,0.0716510903426791,0.987096774193548,0.970358814352574,0.987538940809969,0.278481012658228,0.281803542673108,0.674528301886792,0.459546925566343,0,0.825471698113208,0.0107692307692308,0.0393343419062027,0.1921875,1,0,0,0.312597200622084,0.0061633281972265,0.0203761755485893,0.471698113207547,1,0.266982622432859,1,0.968354430379747,0,0.992548435171386,0,0.998456790123457,0.832543443917852,1,0.0109375,0.974006116207951,0,0.875776397515528,0.708133971291866,0.937019969278034,0.984496124031008,0.998442367601246,0.2828125,0.96417445482866,1,0,0.0216049382716049,1,1,0.313178294573643,0.879256965944272,0.963875205254516,0.946957878315133,1,0,0.117460317460317,1,0.00158478605388273,0,0.963722397476341,0.0127186009538951,0.0448,1,0.968354430379747,0.00470219435736677,0.625786163522013,0.421383647798742,0.981012658227848,0.0016025641025641,0.872841444270016,0.998410174880763,0.3640625,0.601866251944012,0.785381026438569,0,0.156398104265403,0.976,0.998435054773083,0.455108359133127,1,0.971854304635762,0.0329153605015674,0.00154320987654321,0.982892690513219,0.993690851735016,0.950769230769231,0.687022900763359,0.0046656298600311,0.862123613312203,0.222919937205651,0.180032733224223,0.00773993808049536,0.615264797507788,0.606012658227848,0.609494640122512,0,0.283227848101266,0.902173913043478,0.637904468412943,0.50693374422188,0.0763473053892216,0,0,1,0.972560975609756,0,0.916149068322981,0.0125,0,0,0.998427672955975,0,1,0.756211180124224,0.530674846625767,1,0,0,0.995398773006135,0.966817496229261,0.717357910906298,0,0.00321543408360129,0.878274268104777,0.594470046082949,1,0.533026113671275,0.338632750397456,0,0.979876160990712,0,0.95859872611465,0.0919175911251981,0,0.00902255639097744,0.111464968152866,0.472402597402597,0.97360248447205,0,0.951807228915663,0.975346687211094,1,0,0.0686427457098284,0.931484502446982,0.00492610837438424,1,1,0.00777604976671851,1,0.285714285714286,0.796583850931677,0.0107033639143731,0.163751987281399,0.957680250783699,0.0125,0,0.972434915773354,0.00647249190938511,0.6608,0.387658227848101,0,0.109907120743034,0.730283911671924,0.25194401244168,0.972307692307692,0,0.139356814701378,0.439868204283361,0.943854324734446,0.878461538461539,0.968553459119497,0.744849445324881,0,0.983231707317073,0,0.965463108320251,0.37987012987013,0,1,1,1,0.638198757763975,0.982704402515723,0.125391849529781,0.188679245283019,0.941085271317829,0.879310344827586,0,0,0.990491283676704,0.931419457735247,0.0143769968051118,0.984177215189873,0.990697674418605,0.362928348909657,0.931419457735247,0.73186119873817,0.879756468797565,0,0.965299684542587,0.340729001584786,1,1,0,0.638364779874214,0.972624798711755,0,0.689381933438986,0.374807987711214,0.804841149773071,0.685214626391097,0.960665658093797,0.0854961832061069,0.980830670926518,1,0.979813664596273,0.29570747217806,0.0985915492957746,0.990697674418605,1,0.00909090909090909,0.77947932618683,0.450682852807284,0.246105919003115,0.758513931888545,1,0.87175572519084,1,0.127080181543116,0,0,0.811145510835913,0.00156494522691706,0,0.260061919504644,0,0.989147286821705,0.909923664122137,0.998452012383901,0.995454545454545,0.0947867298578199,0,0,0,0.168,0.0743034055727554,0.161137440758294,0,0,1,0.00924499229583975,0.282091917591125,1,0.581102362204724,0.977812995245642,0.648233486943164,0.625382262996942,0,1,0.4,0.499210110584518,0.918918918918919,0.990811638591118,0.374613003095975,0.0125588697017268,0.956521739130435,0.960244648318043,0,0.966514459665145,0.0171606864274571,0.988817891373802,0.427035330261137,0,0.0107692307692308,0.518760195758564,0.831730769230769,0,0.131537242472266,0.014218009478673,0.00160771704180064,0.74024024024024,0.0188679245283019,1,0.311248073959938,0.992401215805471,0,0.366818873668189,0.322115384615385,0.864433811802233,0.0969793322734499,0.0046583850931677,0.00308641975308642,0.0443740095087163,0,0.99390243902439,0.0399361022364217,0.983282674772036,0.0031104199066874,1,0,0.509954058192956,0.4546875,1,0,0.998449612403101,0,0.390322580645161,0.9890625,0,0.646058732612056,0.979365079365079,0.741538461538462,0.95253164556962,0.036979969183359,0,1,0.259842519685039,0,0.678955453149002,0,0.0153609831029186,1,1,0.989312977099237,0.970172684458399,0.982594936708861,0,0.973228346456693,0.0217054263565891,0.34984520123839,0.280125195618153,0.992343032159265,0.993855606758833,0.993846153846154,0.990726429675425,0.058641975308642,0.0140625,0.982171799027553,0.964615384615385,0.720496894409938,0.983206106870229,1,0.972265023112481,0,0,0.977645305514158,0,0.0667701863354037,0,0.954828660436137,0.274038461538462,0.194312796208531,0.123853211009174,0.929022082018927,0,0.102803738317757,1,1,0.62888198757764,0.413273001508296,0.218934911242604,0.170992366412214,0.65251572327044,0,0.116279069767442,0.545454545454545,0.236593059936909,0.698315467075038,0.0108191653786708,0,0,0.320126782884311,1,0.62888198757764,0.210287443267776,0.615146831530139,0.872868217054264,0.986322188449848,0.961352657004831,0.978090766823161,1,0.9984375,0.532915360501567,0.412673879443586,0.998454404945904,0.00455927051671732,0.00602409638554217,0.864406779661017,0.0136570561456753,1,0.968992248062015,0,0.112877583465819,0,0.948194662480377,0,0.975270479134467,1,0.00623052959501558,0.8296875,1,0.648177496038035,0.6234375,0.874608150470219,0,0,0.93192868719611,0.945266272189349,0.989296636085627,0,0,0,0.222056631892697,0.490015360983103,0,0.440124416796268,0,0.918269230769231,1,0.168539325842697,0.23583460949464,0,0.342229199372057,0.596244131455399,0.85981308411215,0.964885496183206,0.782472613458529,0,0.987341772151899,0.0138248847926267,1,0,0.980091883614089,0.00947867298578199,1,0.0172955974842767,0.0111464968152866,0,0,0.809230769230769,0.934294871794872,0.936825885978428,0.707692307692308,0.0259146341463415,0.00470219435736677,0.827102803738318,0.821646341463415,0,0.01875,0.968503937007874,0,0.985530546623794,0.955725190839695,0.0623052959501558,0.0453834115805947,0.00308641975308642,1,0.469483568075117,0.0776545166402536,0.106451612903226,0.104294478527607,0.690208667736758,0.0897832817337461,1,0,0.759493670886076,0.98297213622291,0.00473186119873817,0,0,0,0,1,0.71451355661882,0,0,0.542721518987342,0.957345971563981,0.427914110429448,0.055045871559633,0.00158227848101266,0.0572337042925278,0.0218068535825545,0,0.0326594090202177,0.00152439024390244,0.00156985871271586,0.0061633281972265,0,0.0536277602523659,0.0609375,0.0155763239875389,0.0236220472440945,0.00475435816164818,0.0296411856474259,0.0291411042944785,0.0625978090766823,0.00778816199376947,0.0248447204968944,0,0.00316455696202532,0.0494417862838915,0.00630914826498423,0.0292307692307692,0,0.0338461538461538,0.00150375939849624,0.00158227848101266
"158",0.00324149108589951,0,0.0325581395348837,0.0649350649350649,0.019672131147541,0,0.0958466453674121,0.0285261489698891,0,0,0,0,0.438485804416404,0,0.95968992248062,0.990595611285266,0,0.00159235668789809,0.0032258064516129,0.0173228346456693,0.845070422535211,0.965798045602606,0.0107858243451464,0,0.0440944881889764,0.751974723538705,0.889763779527559,0.00815660685154975,0.53587786259542,0.312401883830455,1,0.309375,0.243670886075949,0.722135007849294,0,0,0.00470957613814757,0.00469483568075117,0.740061162079511,0.0911901081916538,0,0,0,0,0.207455429497569,0.978964401294498,0.487961476725522,1,0.538699690402477,0.866359447004608,0,0.00626959247648903,0.729559748427673,0,0.104430379746835,0.829545454545455,0,0.027027027027027,0.0357142857142857,0.101721439749609,0.711388455538221,0.565687789799073,1,0,0.0943089430894309,0.177215189873418,0,0.0111287758346582,0,1,0.142633228840125,0.993730407523511,0.985691573926868,0,0,0.286153846153846,0.957680250783699,0.437694704049844,0.104166666666667,0.738255033557047,0,0.288401253918495,0.799689440993789,0.0015625,0.882445141065831,0.0830721003134796,0.00308166409861325,0.0296411856474259,0.0267295597484277,0,0.0126182965299685,0,0,0,0.0253968253968254,0,0.680061823802164,0.0186046511627907,0,0,0.373608903020668,0,0.711568938193344,0,0.899691358024691,0,0,0.0220125786163522,1,0.990536277602524,0.9953125,0.0805687203791469,0.657276995305164,0.00940438871473354,0,0.0172413793103448,0.280314960629921,0,1,0.774143302180685,0,0.237341772151899,0.754716981132076,0.920325203252032,0.0278637770897833,0.852255054432348,0.00155038759689922,0.00469483568075117,0,0.444617784711388,0.0612244897959184,0.520259319286872,0.0113636363636364,0,0.00637958532695375,0.97542242703533,0,0.790064102564103,0.370662460567823,0.466988727858293,0,0,0.0223285486443381,0.241324921135647,0.830917874396135,0,0.993579454253612,0.0804953560371517,0.583201267828843,0.0231839258114374,0.869354838709677,0.0186046511627907,0,0.16796267496112,0.00474683544303797,1,0,1,0,0.258012820512821,0.129230769230769,0.01743264659271,0.981102362204724,0,0,0.551612903225806,0,0,0,0.703703703703704,0.0245022970903522,0.998417721518987,0.0540958268933539,1,0.104928457869634,0.641390205371248,0,0.014308426073132,0,0.154088050314465,0,0.884244372990354,0.0170542635658915,0.0441640378548896,0.0091324200913242,0.0246153846153846,0.89937106918239,0.613496932515337,0.0723472668810289,0.057784911717496,0.946708463949843,0.993720565149137,0.0238473767885533,0.122641509433962,0,0,0.705128205128205,0,0,0.7375,0.114331723027375,0.258730158730159,0.0123076923076923,0.57051282051282,0.57007874015748,0.698564593301435,0.078003120124805,0.0346456692913386,0.125391849529781,0,0.12755905511811,0.830645161290323,0.062200956937799,1,0.93603744149766,0.457098283931357,0.0251968503937008,0.0232919254658385,0.177215189873418,0.00155763239875389,0.109872611464968,0,0.93217665615142,0.337984496124031,0.00479233226837061,0,0.0078125,0.0229357798165138,0.443910256410256,0.452119309262166,0.00784929356357928,0,0.619273301737757,0,0.0987654320987654,0.485576923076923,0.0309446254071661,1,0.0435458786936236,0.00161030595813205,0,0.0476190476190476,0.461897356143079,0.998412698412698,0.0299212598425197,0.453543307086614,0.996941896024465,0.998468606431853,0.799043062200957,1,0.856219709208401,0.332302936630603,1,0.995341614906832,0.992248062015504,0.415007656967841,0.960063897763578,0.0158227848101266,0,1,0,0.773162939297125,0,0.026813880126183,0.1008,0,0.130225080385852,0.137876386687797,0.302694136291601,0.407643312101911,0.546899841017488,0.551020408163265,0,0,0.908805031446541,0.293354943273906,0.0412044374009509,0.990551181102362,0.250793650793651,0.998405103668262,0.876175548589342,0,0,0.0982286634460548,0,0.350931677018634,0.0993589743589744,0,1,0.0896656534954407,0.0221169036334913,0,0.998430141287284,0.998447204968944,0.0221870047543582,0.12540192926045,1,0,0.594249201277955,0.0110759493670886,0.216589861751152,0.601880877742947,0.342902711323764,0.0419906687402799,0.992211838006231,0,0,0.992050874403816,0.034375,0,0.025974025974026,0.0015552099533437,0.818471337579618,0.678071539657854,0.710900473933649,0.0206677265500795,0.0598705501618123,0,0.731746031746032,0.0268562401263823,0.853354134165367,0.690184049079755,0.00470219435736677,0.00317965023847377,0.0332805071315372,0.314606741573034,0.00304878048780488,0.756369426751592,0.0404354587869362,0,0,0.66820987654321,0.451510333863275,0.9859375,0,0.992211838006231,0.0933125972006221,0.975039001560062,1,0,0.7728,0.00966183574879227,0.92246835443038,0.0164203612479475,0.0303514376996805,0.0125786163522013,0.717460317460317,0.714518760195759,0.335433070866142,0.539473684210526,0,0.182692307692308,0.987823439878234,0.958588957055215,0.798425196850394,0,1,0,0.663551401869159,0.989096573208723,0.982785602503912,0.524038461538462,0,0.723916532905297,0,0.0330708661417323,0,0.00750750750750751,1,0.00154559505409583,0.178060413354531,0,0.992101105845182,0.0247678018575851,1,0.119309262166405,0.278501628664495,0.0517241379310345,0.0170542635658915,0,0.702060221870048,0.0377358490566038,0,1,0.980952380952381,0,0,0.674528301886792,0.118935837245696,0.0324675324675325,0.0515625,0,0,0.889245585874799,0,0.998420221169036,0,0.0349761526232114,0,0.954258675078864,0,0.032967032967033,0,0.360629921259843,0.590837282780411,0.0191082802547771,0.998410174880763,0.1256038647343,0.00321027287319422,0.620578778135048,0.395604395604396,0.206677265500795,0,0.845911949685535,0.0275526742301459,0,0.568535825545171,0,0.0267111853088481,0.966613672496025,0,0.0154798761609907,0.00315955766192733,0.0518053375196232,0.317972350230415,0.993730407523511,0.128164556962025,0.77337559429477,0.812603648424544,0,0.395498392282958,0.408945686900958,0.385579937304075,0,0.70873786407767,0.0897637795275591,0.372274143302181,0.492260061919505,0.927051671732523,0,0,0,0.0231839258114374,0,0.073015873015873,0,0,0,0.00158227848101266,0,0,0.225552050473186,0.465437788018433,0,0,0,0.00625978090766823,0.0353302611367127,0.294851794071763,1,0,0.101538461538462,0.393798449612403,0,0.481651376146789,0.647619047619048,0,0.020440251572327,1,0.04858934169279,0.9056,0,0.993855606758833,0.889240506329114,0.526666666666667,0.0252365930599369,0,0.0460829493087558,0.0249609984399376,0,0,0.926829268292683,0.0701168614357262,0.995081967213115,0,0,0.993759750390016,0,0.703125,0.191222570532915,0.9904,0.837133550488599,0.0414012738853503,0,1,0.028125,0.993464052287582,0.33868378812199,0.603803486529319,0,0.888198757763975,0.267100977198697,0.746894409937888,0.0268987341772152,1,0.858490566037736,0.554276315789474,0.0563165905631659,0.126911314984709,0.04,0.257281553398058,0,0.0186625194401244,1,0.0349206349206349,0.597381342062193,1,0,0,0,0.362041467304625,0.0171073094867807,0.873801916932907,0.810207336523126,0.0546021840873635,0.110419906687403,0,0,0.00947867298578199,0.0610932475884244,0.984,0.0160513643659711,0.00949367088607595,0.628346456692913,0.0699523052464229,0.270833333333333,0.102167182662539,0,0.0334928229665072,0.654281098546042,0,0.0015600624024961,0,0.368421052631579,0.0288,1,0.321656050955414,0.617737003058104,0.213960546282246,0.310015898251192,0.0458015267175573,0.92093023255814,0.012779552715655,0,0.023696682464455,0.686688311688312,0.875981161695447,0.00934579439252336,0,0,0.2234375,0.559375,0.734789391575663,0.229067930489731,0,0.118670886075949,0,0.106976744186047,1,0,0.181818181818182,0.998430141287284,1,0.724683544303797,0,0.0111287758346582,0.0972222222222222,0.00157728706624606,0.0062111801242236,0.912698412698413,1,0,0,0.823909531502423,0.920382165605096,0.840255591054313,0,1,0,0.402190923317684,0.70926517571885,0,0.404945904173107,0.0258064516129032,0.327613104524181,0.348694316436252,0,0,0.600953895071542,0.500792393026941,0.0682170542635659,0.0124031007751938,0.599056603773585,0,0.0519685039370079,0.0479134466769706,0,0.0280373831775701,0.981279251170047,0.0161812297734628,0.575851393188854,0,0,0.486088379705401,0.154458598726115,1,0.871794871794872,0,0,0.259938837920489,0.976076555023923,0,0.673879443585781,0.00764525993883792,1,0.625585023400936,0.689102564102564,0.12199036918138,0.895253682487725,0.995334370139969,0,0.952922077922078,0,0.00460829493087558,0.80226904376013,0.0225563909774436,0.995207667731629,0,0,0.486821705426357,0.544728434504792,0,0,0.00155038759689922,0,0.596774193548387,0.0138248847926267,0,0.328173374613003,0.0207006369426752,0.251993620414673,0.0517799352750809,0.964230171073095,0,0,0.7232,0,0.304897314375987,1,0.984375,0,0,0.00777604976671851,0.0234375,0.0173775671406003,0,0.0235478806907378,0,0.63312693498452,0.713841368584759,0.00783699059561128,0.00941915227629513,0.00610687022900763,0.00772797527047913,0.0319488817891374,0.985871271585557,0.0179445350734095,0.042654028436019,0.29320987654321,0.0247678018575851,0,0.02660406885759,0,0,0.0166919575113809,0,0.942901234567901,0.00160771704180064,0.0470219435736677,0.714518760195759,0.807131280388979,0.880804953560371,0.0805687203791469,0.0015600624024961,0.897151898734177,0,0,0.3671875,0.580693815987934,0.792998477929985,0.819148936170213,0.342812006319115,1,0.878274268104777,0.449367088607595,0.741029641185647,0.312693498452012,0.988941548183254,0,1,0.663414634146341,0,0.353218210361067,0.772797527047913,0.386792452830189,0.118195956454121,0.0124031007751938,0.0366666666666667,0.0222575516693164,0,0,0.462616822429907,0.57007874015748,0.00154559505409583,0.995384615384615,0.989096573208723,0.121451104100946,0,0,0.0327613104524181,0,0.886178861788618,0,0.0544,0,0.0248833592534992,0,0.995341614906832,0.154818325434439,0,0.343354430379747,0.384136858475894,0.106180665610143,0,0,0.0699186991869919,0.0579268292682927,0.0140625,0,0,1,0.76661514683153,0.503961965134707,0,0.556782334384858,0,0.0745542949756888,0,0.807443365695793,0.773993808049536,0,0.658653846153846,0.427230046948357,0.132283464566929,0.0398773006134969,0.241324921135647,1,0.0145631067961165,0.078740157480315,0,0,0.0199081163859112,0,0,0.980830670926518,0.609120521172638,0,0,0.184375,0.0747217806041336,0.0514018691588785,0.297045101088647,0.983128834355828,0.996794871794872,0.178233438485804,0.172043010752688,0,0.985668789808917,0.0321543408360129,0,0.0143769968051118,0.0454545454545455,0.943037974683544,0,0.996865203761755,0,0.520128824476651,0.927444794952681,0.898387096774194,0.888188976377953,0.324237560192616,0.902973395931142,0,0,0.249206349206349,0.0187793427230047,0,0,1,0,1,0,0.292483660130719,1,1,0.448717948717949,0.0351437699680511,0.576923076923077,0,0.998384491114701,0.0413223140495868,0.00786163522012579,0,0.807692307692308,0.993930197268589,0.998402555910543,0.982866043613707,1,0,0,0.985871271585557,0.0063391442155309,0.0032520325203252,0.0300157977883096,0.00622083981337481,0,0.99203821656051,0.0125195618153365,1,0.998394863563403,0,0.993610223642173,0.0487804878048781,1,0.912698412698413,0.998452012383901,0.998430141287284
"159",0,0,0,0,0,0,0.0141287284144427,0.00154559505409583,0,1,0,1,0,0,0,0,1,0.984326018808777,0,0,0,0,0,1,0,0,0,0.00158730158730159,0,0,0,0,0.00157728706624606,0,1,0,0.978560490045942,0,0,0,0.998412698412698,0.986068111455108,0.993874425727412,0,0,0,0,0,0,0,1,0,0,0,0.012779552715655,0,1,0,0.00156494522691706,0,0,0,0,1,0,0,1,0,1,0,0,0,0,0,1,0,0,0,0.00159235668789809,0,1,0,0,0,0,0,0,0,0.00463678516228748,0.987951807228916,0,0,1,1,0,1,0.0106707317073171,0,0.993893129770992,0.992138364779874,0.0093603744149766,1,0,0,0,0,0.987381703470032,0.00157728706624606,0,0,0,0.0126182965299685,0,0,1,0,0,1,0,0,1,0.0015625,0,0,0,0,0,0,1,0.00469483568075117,0,0,0,1,0,0,1,0,0,0.00632911392405063,1,1,0,0,0,0,0,0,0,0,0,0,0,0,0,0,0,0,1,0,0.00302114803625378,0,0,1,0,0,0,0,0,0,0,0,0,0,0,0,1,0,1,0,0,0,0,0,0,0,0,0,0,0,0,0,0,0.0184899845916795,1,1,0,0.998463901689708,0,0,0.0110410094637224,0,0,0,0,0,0,0,0.00153139356814701,1,0,0,0,0,0,0.0031055900621118,0,0,0.0015527950310559,0,0,1,0,0,0,1,0,0,0.00458715596330275,0,0,0,0.0124416796267496,1,0.0121580547112462,0,0,0,0,0,0,0,0,0,0,0,0,0,0,0,0,0,0,0,0,0,0,0,0.9875,0,1,0.00313479623824451,0,0,0,1,0,0.00303030303030303,0,0,0,0,0.986046511627907,0,0,0,0,0,0,0,0,0,0,0.0110236220472441,1,0,0.015527950310559,1,0,0.0135542168674699,0.00157232704402516,1,0,0,0,0,0,1,0.00916030534351145,0,0,0,0,0,0,0,0,0,0,0,0,0,0,0,0,0.00159744408945687,0,0.945205479452055,0,0,0,0,0,0,0,0,0,0,0,0,1,0,0.00632911392405063,0,0.942073170731707,0,0,0,0,1,0,0,0,0,0,0,0,0,0,0,1,0,0,0,0,0,0,1,0,0,0,0.00156985871271586,0,0,0,0,1,0,0,0,0,0,0,0,0,0,0,0,0,0.00157728706624606,0,0,0,0,0,0,0,0,0,0,0,0,1,0,0,0,1,0,0.988853503184713,0,0,0,0.995327102803738,0.00628930817610063,0,0,0,0,0,0,0,0,1,0,0.00158227848101266,0,0,0,0,0,1,0,0,0,0,0,0.00315457413249211,0,0.00827814569536424,0.993788819875776,0,0,0,1,0,0.00155038759689922,0,0,0,1,1,0,0,1,0,0.988906497622821,1,1,0,1,0,0.0015625,0.00453857791225416,0,1,1,0,0,0,0,0.998412698412698,0.0166414523449319,0,0,0,0,1,0,0,0.00159744408945687,0,1,0,0,0,0.00154798761609907,1,0,0,0,1,0,0,0,0,0,0,0,0,0,0,0.0016,0,0.989010989010989,0,0,0,0,0.0094488188976378,1,0,0.00158478605388273,0,0,0,0,0,0,0,0,0,1,0,0,0,0.00319488817891374,0,0,0,0,0,0,0,0,0,0.0125195618153365,1,1,0,0,0,0,0,0,0,0,0.0155038759689922,1,0,0.0110584518167457,0,0,1,0,0,0,0.00157232704402516,0,0,0,0,0,0.00318979266347687,0,0,0.0111821086261981,0.0203442879499218,0,0,0.990853658536585,0,0,0,0,0,0,0,0.769585253456221,0,1,0.0015527950310559,0,0,0,1,0,0,0,0,0,0,1,1,0,0,0,1,0,0,0.570107858243451,0,0,0.00772797527047913,0,0,0,1,0,0,0,0.00611620795107034,0,0,0.990712074303406,0,0,1,0.00153139356814701,0,0,0,1,0.990654205607477,0,0,0,0,0.987635239567233,0.998392282958199,0,0,0,0,0,0,0,0,0.00322061191626409,0,0,0.998454404945904,0,1,0,0.152209492635025,0.00150375939849624,0,0,1,0,0,0,1,0,1,0,0,1,0.013719512195122,0,0,0.00161030595813205,0,1,0,0,1,0,0,0,0,0,0,0.0046656298600311,0.00158478605388273,1,0,0.975460122699387,0.010590015128593,0,0,0,0,0,0.908809891808346,0,0,0,0,0,0,0,1,1,0,1,0,0.998444790046656,0,0,0,0,0,0.998432601880878,0,0,0,0,0,0,0,0,0,0,0,0,0,0,1,0,0.012924071082391,0,0.0264385692068429,0,0,0.00305810397553517,0,0.0016260162601626,0,0,0,0,0,0,0,0,0.0015748031496063,0.986175115207373,0,0,1,0,1,0,1,0,0,0,0,0,0.00156739811912226,0,0.0174603174603175,1,1,0,0,0,1,1,0,0,0,1,0,1,0,0,0.0317965023847377,0,1,0,0,0,0,0,0,0,0.906103286384977,0,1,0,0.992236024844721,0,0,0.359300476947536,1,1,0,0,0.00772797527047913,0,0,0,0,0,1,0,0,1,0,0,0,0.955555555555556,0,0,0,0,0,0,0,0,0,1,0,0,0.996850393700787,1,0,1,0,0,0,0,0,0.00321543408360129,0.00315457413249211,0,0.948249619482496,0,0.891025641025641,0.977099236641221,1,0.147798742138365,0,0,0.00455927051671732,0,0.949286846275753,0.939814814814815,0,0.975270479134467,0.9952,0.9515625,0.972222222222222,0.939628482972136,0,0.967642526964561,0,0,0.953416149068323,0,0.930091185410334,0,0.0556438791732909,0,0
"160",0.737439222042139,0.736677115987461,0.750783699059561,0.737785016286645,0.737190082644628,0.754442649434572,0.758564437194127,0.745283018867924,0.751552795031056,0,0.747619047619048,0,0.627358490566038,0.739482200647249,0.316957210776545,0.264705882352941,0,0.0144230769230769,0.73257698541329,0.757861635220126,0.421216848673947,0.285251215559157,0.734059097978227,0,0.761146496815287,0.44794952681388,0.333333333333333,0.723027375201288,0.742681047765794,0.668769716088328,0.253105590062112,0.733441033925687,0.826086956521739,0.457735247208931,0,0.74488188976378,0.0170278637770898,0.742589703588144,0.4884437596302,0.797488226059655,0.00158227848101266,0.0141065830721003,0.00626959247648903,0.749201277955272,0.715686274509804,0.285024154589372,0.595541401273885,0.259780907668232,0.595454545454545,0.386850152905199,0,0.747235387045814,0.486697965571205,0.7408,0.722852512155592,0.41091492776886,0,0.744299674267101,0.731554160125589,0.775038520801233,0.466772151898734,0.699685534591195,0.253611556982344,0,0.878088962108731,0.949367088607595,0,0.747235387045814,0,0.253993610223642,0.716279069767442,0.260663507109005,0.272292993630573,0.750390015600624,0,0.815165876777251,0.297213622291022,0.724842767295597,0.748792270531401,0.470389170896785,0,0.728125,0.438569206842924,0.7328125,0.380503144654088,0.761609907120743,0.742902208201893,0.741324921135647,0.742496050552923,0.00775193798449612,0.746365105008078,0.732909379968203,0,0,0.734094616639478,0,0.512307692307692,0.744514106583072,0.00784929356357928,0.0094488188976378,0.686804451510334,0,0.5,0.74512987012987,0.369397217928903,0.737012987012987,0.00635930047694754,0.755520504731861,0.252427184466019,0.273015873015873,0.26530612244898,0.743221690590112,0.502423263327948,0.731132075471698,0,0.749601275917065,0.731437598736177,0,0.263736263736264,0.475961538461538,0,0.810509554140127,0.496025437201908,0.320846905537459,0.742857142857143,0.410852713178295,0.748456790123457,0.730407523510972,0,0.672496025437202,0.751974723538705,0.685393258426966,0.733755942947702,0,0.729468599033816,0.264296754250386,0,0.475513428120063,0.610576923076923,0.656451612903226,0,0,0.750783699059561,0.897106109324759,0.414826498422713,0.728571428571429,0.264984227129338,0.745709828393136,0.5504,0.740340030911901,0.406752411575563,0.744479495268139,0.735576923076923,0.718995290423862,0.717425431711146,0.258842443729904,0.73125,0.258012820512821,0,1,0.735294117647059,0.7552,0.275862068965517,0,0.722049689440994,0.604200323101777,0.753670473083197,0.738853503184713,0.72397476340694,0.468454258675079,0.747678018575851,0.280507131537242,0.73780487804878,0.276661514683153,0.731511254019293,0.531746031746032,0,0.7376,0,0.755134281200632,0.745571658615137,0.3792,0.741433021806854,0.778637770897833,0.7442218798151,0.782945736434108,0.355095541401274,0.528213166144201,0.748784440842788,0.738362760834671,0.310015898251192,0.248818897637795,0.74025974025974,0.73354735152488,0,0,0.538585209003215,0.00157232704402516,0.741029641185647,0.483670295489891,0.734076433121019,0.727848101265823,0.752688172043011,0.624193548387097,0.6546875,0.533011272141707,0.705414012738854,0.726837060702875,0.748427672955975,0,0.772012578616352,0.435897435897436,0.746006389776358,0.260663507109005,0.326530612244898,0.68370607028754,0.7424,0.731746031746032,0.803514376996805,0.734177215189873,0.820919175911252,0,0.333853354134165,0.872868217054264,0.73354735152488,0,0.731366459627329,0.741433021806854,0.678683385579937,0.601895734597156,0.730031948881789,0.734959349593496,0.563492063492063,0,0.743034055727554,0.644904458598726,0.752845528455285,0.258675078864353,0.749615975422427,0.738019169329074,0.7375,0.78594249201278,0.614906832298137,0.2672,0.748019017432647,0.605345911949686,0.263482280431433,0.251908396946565,0.386327503974563,0.2576,0.4064,0.678571428571429,0.259316770186335,0.258064516129032,0.266875981161695,0.696400625978091,0.281553398058252,0.753225806451613,0.00963081861958266,0.264150943396226,0,0.462279293739968,0.758116883116883,0.7421875,0.731554160125589,0,0.733552631578947,0.9,0.729264475743349,0.686614173228347,0.573248407643312,0.679611650485437,0.00946372239747634,0.726837060702875,0.351181102362205,0.734860883797054,0.75516693163752,0.272012578616352,0.714968152866242,0.278041074249605,0.370892018779343,0.743119266055046,0.739565943238731,0.742351046698873,0,0.730354391371341,0.750814332247557,0,0.25194401244168,0.747286821705426,0.73851030110935,0,0.264797507788162,0.260252365930599,0.753646677471637,0.781553398058252,0.255284552845528,0,0.568,0.752411575562701,0.747648902821317,0.532385466034755,0.709677419354839,0.724842767295597,0.252006420545746,0.732057416267943,0.72972972972973,0.267515923566879,0.759055118110236,0.735909822866345,0.760765550239234,0.757097791798107,0.413461538461538,0.506230529595016,0.534290271132376,0.733766233766234,0.739413680781759,0.0396196513470681,0.502415458937198,0.752773375594295,0.375394321766562,0.557275541795666,0.749211356466877,0.747993579454254,0.760834670947031,0.897520661157025,0.737833594976452,0.501602564102564,0.752336448598131,0.741679873217116,0,0.517829457364341,0.635048231511254,0.268174474959612,0.046875,0.272868217054264,0.720125786163522,0.282371294851794,0.259493670886076,0,0.441971383147854,0.748397435897436,0.337539432176656,0.746341463414634,0.753577106518283,0.74198717948718,0.55,0.534313725490196,0.7859375,0.555921052631579,0,0.826366559485531,0.266153846153846,0.268633540372671,0.433489827856025,0.746794871794872,0.274143302180685,0,0.527777777777778,0.253588516746411,0.29093799682035,0.58252427184466,0.728434504792332,0.476575121163166,0.721044045676998,0.768860353130016,0,0.733433734939759,0.24804992199688,0.744548286604361,0.827044025157233,0.769736842105263,0.281889763779528,0.7609375,0.252380952380952,0.793929712460064,0.737096774193548,0.80030959752322,0.749608763693271,0.740916271721959,0.533227848101266,0.770800627943485,0.717357910906298,0.274961597542243,0.278662420382166,0.727714748784441,0.729166666666667,0.498427672955975,0.802816901408451,0.752864157119476,0.758241758241758,0.7328125,0,0.33868378812199,0.755134281200632,0.261075949367089,0,0.75,0.0099009900990099,0.294585987261146,0.735109717868339,0.74203821656051,0.00482315112540193,0.683360258481422,0.560702875399361,0.757281553398058,0.257698541329011,0.708064516129032,0.732258064516129,0.658064516129032,0.692546583850932,0.744075829383886,0,0.416398713826367,0.732689210950081,0.73961661341853,0.580441640378549,0.745341614906832,0.731543624161074,0.283227848101266,0,0.7453125,0.75,0.741269841269841,0.754250386398764,0.274322169059011,0.733652312599681,0.442700156985871,0.413333333333333,0.0062111801242236,0.824,0.663461538461538,0.681528662420382,0,0.487961476725522,0.752380952380952,0.774647887323944,0.627943485086342,0.309119010819165,0,0,0.738931297709924,0.757009345794392,0,0.737421383647799,0.00815660685154975,0,0,0.744,0,0.759016393442623,0.735340729001585,0.667692307692308,0.729393468118196,0,0,0.746031746031746,0.750382848392037,0.881329113924051,0.260061919504644,0.0016366612111293,0.73469387755102,0.695924764890282,0.741379310344828,0.604361370716511,0.498397435897436,0,0.730283911671924,0.274061990212072,0.749601275917065,0.32475884244373,0,0.272588055130168,0.378246753246753,0.583196046128501,0.735109717868339,0,0.756589147286822,0.745709828393136,0.737833594976452,0,0.334920634920635,0.760797342192691,0.264119601328904,0.736677115987461,0.73125,0.2703125,0.741679873217116,0.5552,0.73851030110935,0.2752,0.412438625204583,0.754777070063694,0.00641025641025641,0.274015748031496,0.75077399380805,0.272727272727273,0.803174603174603,0.533980582524272,0,0.359937402190923,0.740196078431373,0.516640253565769,0.745253164556962,0.267295597484277,0.378763866877971,0.691927512355848,0.749230769230769,0.758566978193146,0.767295597484277,0.8064,0,0.758785942492013,0.263565891472868,0.754019292604502,0.586709886547812,0.268445839874411,0.735433070866142,0.749201277955272,0.728139904610493,0.618441971383148,0.738244514106583,0.384116693679092,0.437795275590551,0.737089201877934,0.730337078651685,0,0,0.748792270531401,0.730031948881789,0.276252019386107,0.750798722044728,0.757097791798107,0.591263650546022,0.744299674267101,0.745571658615137,0.733644859813084,0,0.744,0.556618819776715,0.744479495268139,0.726837060702875,0,1,0.745571658615137,0.262910798122066,0.775280898876405,0.538341158059468,0.823975720789074,0.718196457326892,0.760802469135803,0.33026113671275,0.750814332247557,0.736507936507937,0.753205128205128,0.517915309446254,0.321766561514196,0.742448330683625,0.745709828393136,0.00619195046439629,0.921135646687697,0.596899224806202,0.468152866242038,0.72408293460925,0.739268680445151,0.723300970873786,0.746365105008078,0.146919431279621,0.244698205546493,0,0.784126984126984,0.254457050243112,0.265700483091787,0.485804416403785,0,0.751181102362205,0.737984496124031,0.736421725239617,0.73374613003096,0.338632750397456,0.258012820512821,0,0,0.423014586709887,0.309904153354633,0.39047619047619,0,0.25077399380805,0.738993710691824,0.117647058823529,0.532051282051282,0.752808988764045,0.681962025316456,0.752,0.721617418351477,0.671826625386997,0,0.74468085106383,0.592295345104334,0.664,0.733229329173167,0.743390357698289,0.565149136577708,0.00789889415481832,0.745283018867924,0.753105590062112,0,0.740683229813665,0.2574568288854,0.754901960784314,0.645211930926217,0,0.00952380952380952,0.676567656765677,0.742351046698873,0.264475743348983,0.375404530744337,0.0111111111111111,0.00162866449511401,0.675968992248062,0.266347687400319,0.74,0.515772870662461,0.733231707317073,0.247278382581649,0.524409448818898,0.478330658105939,0.747967479674797,0.348534201954397,0.257503949447077,0.0031496062992126,0.293075684380032,0,0.742681047765794,0.240527182866557,0.738863287250384,0.272583201267829,0.735152487961477,0,0.6046875,0.700475435816165,0.734920634920635,0,0.745709828393136,0,0.559210526315789,0.748447204968944,0,0.69969040247678,0.737785016286645,0.657643312101911,0.752427184466019,0.290880503144654,0,0.743221690590112,0.472843450479233,0,0.724569640062598,0.259938837920489,0.282642089093702,0.726688102893891,0.739967897271268,0.743119266055046,0.735340729001585,0.72508038585209,0,0.763406940063092,0.0153374233128834,0.572981366459627,0.483568075117371,0.744186046511628,0.728867623604466,0.736024844720497,0.751196172248804,0.0550314465408805,0.283699059561129,0.754471544715447,0.733858267716535,0.823255813953488,0.73208722741433,0.728706624605678,0.759170653907496,0,0,0.746969696969697,0,0.3078125,0.0016,0.759112519809826,0.477635782747604,0.413629160063391,0.362928348909657,0.75796178343949,0.00157728706624606,0.359177215189873,0.726989079563182,0.74565560821485,0.6384,0.627836611195159,0.463855421686747,0.411214953271028,0.624600638977636,0.265210608424337,0.382945736434109,0.68370607028754,0.500807754442649,0.805071315372425,0.25508607198748,0,0.252365930599369,0.52588996763754,0.731270358306189,0.65149136577708,0.479134466769706,0.785714285714286,0.748807631160572,0.746875,0.766942148760331,0.744715447154472,0.741518578352181,0.747619047619048,0.640699523052464,0.572530864197531,0.745222929936306,0.265648854961832,0.262751159196291,0.755868544600939,0.00782472613458529,0.7425431711146,0.752365930599369,0,0.372771474878444,0,0.745571658615137,0,0.751582278481013,0.728867623604466,0.257410296411856,0.72408293460925,0.74491392801252,0.698872785829308,0.675590551181102,0.733118971061093,0,0,0.754966887417219,0.740356083086053,0.735849056603774,0,0,0.255250403877221,0.470769230769231,0.716323296354992,0,0.576,0,0.729032258064516,0.732283464566929,0.376811594202899,0.4640625,0,0.523125996810207,0.646781789638933,0.792125984251968,0.741486068111455,0.717703349282297,0.276629570747218,0.754071661237785,0.0317965023847377,0.75487012987013,0,0.746056782334385,0.008,0.736925515055468,0.278662420382166,0.159539473684211,0,0,0.777777777777778,0.783739837398374,0.746894409937888,0.746894409937888,0.277349768875193,0.277597402597403,0.707740916271722,0.677811550151976,0,0.276190476190476,0.768488745980707,0,0.735483870967742,0.743348982785602,0.313880126182965,0.0304,0.247603833865815,0.720565149136578,0.556982343499197,0.326433121019108,0.338235294117647,0.374803149606299,0.85,0.344827586206897,0.744372990353698,0,0.976038338658147,0.748456790123457,0.00324675324675325,0,0.260061919504644,0,0.268562401263823,0.732394366197183,0.71264367816092,0.26580226904376,0.260450160771704,0.675895765472313,0.739903069466882,0.727414330218069,0.0372093023255814,0.249594813614263,0.0556464811783961,0.0220820189274448,0,0.2464,0.257274119448698,0.266025641025641,0.275862068965517,0.258566978193146,0.0369774919614148,0.0436817472698908,0.27602523659306,0.022508038585209,0.00645161290322581,0.0361067503924647,0.0233281493001555,0.0456692913385827,0.29073482428115,0.0219092331768388,0.257748776508972,0.260731319554849,0.032520325203252,0.257911392405063,0.0361067503924647,0.270700636942675,0.292452830188679,0.271056661562021,0.26031746031746
"161",0.874015748031496,0.858015267175573,0.890060240963855,0.873239436619718,0.870716510903427,0.869291338582677,0.925349922239502,0.885321100917431,0.857798165137615,0.0062992125984252,0.874233128834356,0.0061633281972265,0.633738601823708,0.861370716510903,0.156626506024096,0.151702786377709,0.00452488687782805,0.0217729393468118,0.874411302982732,0.863076923076923,0.288721804511278,0.149277688603531,0.861911987860395,0.00457317073170732,0.851908396946565,0.36833855799373,0.225114854517611,0.848673946957878,0.5625,0.72972972972973,0.137878787878788,0.771084337349398,0.827044025157233,0.361963190184049,0.00459418070444104,0.8678955453149,0.0256797583081571,0.861702127659574,0.397643593519882,0.813432835820896,0.0046656298600311,0.0183767228177642,0.012012012012012,0.87211093990755,0.786283891547049,0.153488372093023,0.562403697996918,0.111627906976744,0.569506726457399,0.254160363086233,0.00599700149925037,0.874806800618238,0.386363636363636,0.871165644171779,0.913446676970634,0.278816199376947,0.00156494522691706,0.8515625,0.897280966767372,0.880916030534351,0.38,0.514328808446455,0.130094043887147,0.0062402496099844,0.821036106750393,0.775449101796407,0.00306278713629403,0.860681114551084,0.00303951367781155,0.11993769470405,0.774045801526718,0.124809741248097,0.149460708782743,0.870588235294118,0.00302114803625378,0.779788838612368,0.167173252279635,0.625187406296852,0.936708860759494,0.366987179487179,0.00462249614791988,0.774962742175857,0.338855421686747,0.860606060606061,0.232277526395173,0.846616541353383,0.864457831325301,0.877272727272727,0.857791225416036,0.015015015015015,0.857805255023184,0.856488549618321,0.00623052959501558,0.00453172205438067,0.865414710485133,0.00304878048780488,0.418070444104135,0.857805255023184,0.0135542168674699,0.0152905198776758,0.690292758089368,0.00309119010819165,0.411949685534591,0.87111801242236,0.231927710843373,0.864197530864197,0.0139751552795031,0.892307692307692,0.132398753894081,0.130168453292496,0.138763197586727,0.912576687116564,0.438356164383562,0.861027190332326,0.0061633281972265,0.888549618320611,0.777777777777778,0.00602409638554217,0.127659574468085,0.323619631901841,0.00451807228915663,0.834108527131783,0.366818873668189,0.190031152647975,0.8649468892261,0.239097744360902,0.867469879518072,0.871559633027523,0.0061633281972265,0.636913767019667,0.856697819314642,0.535321821036107,0.868544600938967,0.00303490136570561,0.85243328100471,0.15592203898051,0.0045662100456621,0.33693972179289,0.648148148148148,0.623028391167192,0.00622083981337481,0.00470957613814757,0.871016691957511,0.753048780487805,0.28414442700157,0.86748844375963,0.132921174652241,0.851289833080425,0.495268138801262,0.875923190546529,0.248447204968944,0.865947611710324,0.87037037037037,0.796636085626911,0.869894099848714,0.111111111111111,0.862121212121212,0.129230769230769,0.00302114803625378,0.735294117647059,1,0.858447488584475,0.146926536731634,0.00600600600600601,0.876506024096386,0.555038759689922,0.86031746031746,0.86280487804878,0.863568215892054,0.366111951588502,0.882800608828006,0.127329192546584,0.86036036036036,0.126843657817109,0.981072555205047,0.468373493975904,0.00618238021638331,0.856278366111952,0.00610687022900763,0.794561933534743,0.87062404870624,0.223088923556942,0.872534142640364,0.846036585365854,0.865300146412884,0.86676875957121,0.214177978883861,0.458646616541353,0.850863422291994,0.856481481481482,0.184170471841705,0.13984962406015,0.872239747634069,0.926829268292683,0.00297176820208024,0.00464396284829721,0.425696594427245,0.00613496932515337,0.863703703703704,0.35,0.924499229583975,0.739393939393939,0.867069486404834,0.532307692307692,0.502269288956127,0.407120743034056,0.825273010920437,0.853435114503817,0.960725075528701,0.00623052959501558,0.790273556231003,0.3015625,0.868098159509202,0.143302180685358,0.203647416413374,0.626153846153846,0.874617737003058,0.868975903614458,0.900928792569659,0.87062404870624,0.826893353941267,0.00612557427258806,0.196946564885496,0.699101796407186,0.869029275808937,0.0060882800608828,0.858858858858859,0.881231671554252,0.633435582822086,0.575342465753425,0.856697819314642,0.864,0.490683229813665,0.00632911392405063,0.929110105580694,0.625386996904025,0.895148669796557,0.140243902439024,0.857784431137725,0.868827160493827,0.860606060606061,0.853658536585366,0.576219512195122,0.137345679012346,0.883076923076923,0.580209895052474,0.127055306427504,0.130434782608696,0.292569659442724,0.12037037037037,0.269170579029734,0.712349397590361,0.127496159754224,0.139183055975794,0.136503067484663,0.666666666666667,0.174922600619195,0.875776397515528,0.0138461538461538,0.126348228043143,0.00455235204855842,0.348837209302326,0.869905956112853,0.855161787365177,0.828746177370031,0.00604229607250755,0.992088607594937,0.781297134238311,0.766412213740458,0.692660550458716,0.544615384615385,0.495384615384615,0.0168711656441718,0.859784283513097,0.231117824773414,0.772511848341232,0.888198757763975,0.143292682926829,0.776758409785933,0.129032258064516,0.236196319018405,0.868263473053892,0.867088607594937,0.912363067292645,0.00446428571428571,0.691729323308271,0.919753086419753,0.00467289719626168,0.123867069486405,0.926426426426426,0.885271317829457,0.00459418070444104,0.127465857359636,0.132930513595166,0.8828125,0.883096366508689,0.123222748815166,0.00304878048780488,0.504615384615385,0.877138413685848,0.817073170731707,0.470948012232416,0.710526315789474,0.855421686746988,0.136986301369863,0.87518573551263,0.86232980332829,0.130434782608696,0.861491628614916,0.86676875957121,0.85511811023622,0.870229007633588,0.27906976744186,0.430745814307458,0.419601837672282,0.895734597156398,0.851500789889415,0.0515151515151515,0.352941176470588,0.890262751159196,0.249235474006116,0.385185185185185,0.877862595419847,0.8640625,0.877086494688923,0.7203125,0.864457831325301,0.333850931677019,0.882800608828006,0.866459627329193,0.00618238021638331,0.430513595166163,0.653188180404355,0.132132132132132,0.0555555555555556,0.12927191679049,0.839203675344564,0.162613981762918,0.127692307692308,0.00443786982248521,0.322480620155039,0.863565891472868,0.201228878648233,0.884984025559105,0.890937019969278,0.87175572519084,0.40809968847352,0.403149606299213,0.67817896389325,0.519047619047619,0.0045662100456621,0.793577981651376,0.136023916292975,0.15187969924812,0.342507645259939,0.862229102167183,0.132218844984802,0.00614439324116743,0.43993993993994,0.137462235649547,0.151840490797546,0.585626911314985,0.863076923076923,0.374414976599064,0.872239747634069,0.851162790697674,0.00448430493273543,0.871156661786237,0.119155354449472,0.858841010401189,0.783151326053042,0.872239747634069,0.153013910355487,0.853915662650602,0.124807395993837,0.802431610942249,0.744548286604361,0.845220030349014,0.873846153846154,0.870229007633588,0.406779661016949,0.856481481481482,0.86322188449848,0.129464285714286,0.136294027565084,0.865443425076453,0.870570107858243,0.414746543778802,0.795069337442219,0.853932584269663,0.861027190332326,0.866566716641679,0.00154798761609907,0.227769110764431,0.869230769230769,0.131987577639752,0.0062402496099844,0.892307692307692,0.0109375,0.152276295133438,0.873134328358209,0.885093167701863,0.0107692307692308,0.69478527607362,0.5,0.882170542635659,0.120063191153239,0.797527047913447,0.862559241706161,0.476190476190476,0.664098613251156,0.819875776397516,0.0031055900621118,0.284627092846271,0.894321766561514,0.857585139318885,0.522273425499232,0.87556904400607,0.853462157809984,0.150227617602428,0.00462962962962963,0.871794871794872,0.866464339908953,0.85824345146379,0.689708141321045,0.1321044546851,1,0.343987823439878,0.313099041533546,0.0122324159021407,0.65987460815047,0.615030674846626,0.686544342507645,0.00453172205438067,0.3765625,0.916666666666667,0.676737160120846,0.616071428571429,0.203566121842496,0.00454545454545455,0.00453857791225416,0.860088365243004,0.842814371257485,0.00308641975308642,0.868501529051988,0.0109375,0.00600600600600601,0.0062402496099844,0.874039938556068,0.00305810397553517,0.879499217527387,0.778115501519757,0.622526636225266,0.868181818181818,0.00634920634920635,0.00462249614791988,0.87211093990755,0.864985163204748,0.756024096385542,0.126696832579186,0.00315457413249211,0.911278195488722,0.667678300455235,0.882621951219512,0.579666160849772,0.442396313364055,0.00303030303030303,0.864329268292683,0.132283464566929,0.899691358024691,0.193798449612403,0.00453172205438067,0.128698224852071,0.243369734789392,0.503184713375796,0.855384615384615,0.00606060606060606,0.865384615384615,0.862745098039216,0.871794871794872,0.0062111801242236,0.198461538461538,0.833865814696486,0.131537242472266,0.865269461077844,0.862275449101796,0.130827067669173,0.861702127659574,0.422900763358779,0.813559322033898,0.147919876733436,0.288188976377953,0.860429447852761,0.0121580547112462,0.137345679012346,0.883861236802413,0.140822784810127,0.713615023474178,0.504658385093168,0.00598802395209581,0.224961479198767,0.841017488076312,0.387692307692308,0.860896445131376,0.121913580246914,0.276018099547511,0.499194847020934,0.865067466266867,0.891891891891892,0.861751152073733,0.742681047765794,0.0045662100456621,0.854765506807867,0.129464285714286,0.834862385321101,0.510971786833856,0.132835820895522,0.85949177877429,0.87673343605547,0.863141524105754,0.659937888198758,0.875766871165644,0.258566978193146,0.316923076923077,0.860816944024206,0.935240963855422,0.00597907324364723,0.0031201248049922,0.870570107858243,0.838607594936709,0.142857142857143,0.875389408099688,0.875957120980092,0.484848484848485,0.86875,0.718068535825545,0.914414414414414,0.00451127819548872,0.869969040247678,0.44954128440367,0.874039938556068,0.867692307692308,0.00598802395209581,0.661016949152542,0.878125,0.132420091324201,0.749235474006116,0.46412213740458,0.773809523809524,0.728813559322034,0.842105263157895,0.216617210682493,0.88871473354232,0.865558912386707,0.890225563909774,0.42566510172144,0.219474497681607,0.87062404870624,0.866965620328849,0.0121580547112462,0.770045385779123,0.48936170212766,0.341500765696784,0.824143070044709,0.865740740740741,0.825077399380805,0.856495468277946,0.147761194029851,0.1392,0.00602409638554217,0.90809968847352,0.132398753894081,0.127496159754224,0.364885496183206,0.00610687022900763,0.86748844375963,0.85369532428356,0.863287250384025,0.862537764350453,0.219814241486068,0.134351145038168,0.00597014925373134,0.0060790273556231,0.3109375,0.202127659574468,0.282170542635659,0.00307219662058372,0.122511485451761,0.867069486404834,0.0706766917293233,0.406491499227202,0.864696734059098,0.662613981762918,0.859111791730475,0.714501510574018,0.683035714285714,0.00301204819277108,0.87039764359352,0.498447204968944,0.581288343558282,0.938897168405365,0.880121396054628,0.49390243902439,0.0108527131782946,0.870229007633588,0.864661654135338,0.00153846153846154,0.838805970149254,0.143740340030912,0.863344051446945,0.483282674772036,0.00308641975308642,0.0122511485451761,0.622222222222222,0.875,0.13109756097561,0.251192368839428,0.0152439024390244,0.00631911532385466,0.767407407407407,0.137557959814529,0.873194221508828,0.421374045801527,0.870535714285714,0.129850746268657,0.431192660550459,0.413312693498452,0.985804416403785,0.195275590551181,0.137614678899083,0.00606980273141123,0.167177914110429,0.00610687022900763,0.87856071964018,0.136942675159236,0.887240356083086,0.128682170542636,0.856037151702786,0.00457317073170732,0.587976539589443,0.55607476635514,0.858678955453149,0.0046583850931677,0.86969696969697,0.00464396284829721,0.475590551181102,0.874062968515742,0.00603318250377074,0.71969696969697,0.8671875,0.728658536585366,0.893416927899687,0.152337858220211,0.00619195046439629,0.86,0.361669242658423,0.0045045045045045,0.771822358346095,0.12316715542522,0.145427286356822,0.866141732283465,0.866153846153846,0.858646616541353,0.832049306625578,0.865740740740741,0.00462249614791988,0.863565891472868,0.0273141122913505,0.469325153374233,0.382488479262673,0.858015267175573,0.86377245508982,0.874626865671642,0.861236802413273,0.0737951807228916,0.13587786259542,0.868131868131868,0.862121212121212,0.715568862275449,0.857359635811836,0.873684210526316,0.893617021276596,0.00597907324364723,0.00600600600600601,0.856093979441997,0.00602409638554217,0.186259541984733,0.00154559505409583,0.864615384615385,0.371835443037975,0.331768388106416,0.247706422018349,0.834633385335413,0.00764525993883792,0.237654320987654,0.861538461538462,0.875375375375375,0.697388632872504,0.528189910979229,0.322674418604651,0.277860326894502,0.660377358490566,0.13030303030303,0.227067669172932,0.627692307692308,0.329230769230769,0.720720720720721,0.136712749615975,0.00618238021638331,0.123244929797192,0.454121306376361,0.862776025236593,0.731003039513678,0.362043795620438,0.654377880184332,1,0.851351351351351,0.881703470031546,0.863987635239567,0.871875,0.871517027863777,0.62,0.509893455098935,0.865740740740741,0.125553914327917,0.144578313253012,0.982998454404946,0.0151745068285281,0.867669172932331,0.837837837837838,0.0046583850931677,0.22432859399684,0.00459418070444104,0.852986217457887,0.00470957613814757,0.871601208459215,0.8678955453149,0.135135135135135,0.819165378670788,0.866261398176292,0.725429017160686,0.677811550151976,0.910355486862442,0.00451127819548872,0.0046656298600311,0.8743961352657,0.862222222222222,0.874051593323217,0.00598802395209581,0.00151745068285281,0.12888198757764,0.314925373134328,0.527692307692308,0.00458015267175573,0.566517189835576,0.00461538461538462,0.833075734157651,0.863354037267081,0.293103448275862,0.362537764350453,0.00449101796407186,0.43217665615142,0.616207951070336,0.786910197869102,0.879464285714286,0.788432267884323,0.126911314984709,0.883359253499222,0.0304878048780488,0.853582554517134,0.0046875,0.869369369369369,0.0091324200913242,0.853354134165367,0.144409937888199,0.094488188976378,0.00600600600600601,0.00610687022900763,0.883861236802413,0.820919175911252,0.909365558912387,0.716196136701337,0.150220913107511,0.135725429017161,0.759571209800919,0.749627421758569,0.003125,0.136923076923077,0.847926267281106,0.00305810397553517,0.85625,0.900452488687783,0.183076923076923,0.0479134466769706,0.125382262996942,0.86404833836858,0.530232558139535,0.192955589586524,0.23444976076555,0.227067669172932,0.747252747252747,0.209895052473763,0.869158878504673,0.00617283950617284,0.754250386398764,0.856711915535445,0.00940438871473354,0.00618238021638331,0.122571001494768,0.00306278713629403,0.140458015267176,0.863842662632375,0.70429252782194,0.126168224299065,0.1296875,0.641955835962145,0.915902140672783,0.532526475037821,0.0570570570570571,0.131329113924051,0.0676100628930818,0.0259541984732824,0.0062015503875969,0.145929339477727,0.144578313253012,0.122137404580153,0.147192716236722,0.132621951219512,0.0478395061728395,0.0584707646176912,0.13713405238829,0.0276497695852535,0.00950871632329636,0.043343653250774,0.0302114803625378,0.0611620795107034,0.136923076923077,0.0289634146341463,0.125,0.142857142857143,0.046801872074883,0.126911314984709,0.0421686746987952,0.136923076923077,0.149847094801223,0.129080118694362,0.128012048192771
"162",0.9792,0.97984496124031,0.95405819295559,0.92368839427663,0.968152866242038,0.984051036682616,0.889763779527559,0.961783439490446,0.983257229832572,0,0.98310291858679,0,0.569422776911076,0.980891719745223,0.0599369085173502,0.0217391304347826,0,0.0125984251968504,0.983948635634029,0.970769230769231,0.172093023255814,0.0451612903225806,0.978361669242658,0,0.942367601246106,0.266561514195584,0.128125,0.974317817014446,0.489164086687306,0.690513219284603,0.0168970814132104,0.695384615384615,0.777777777777778,0.296875,0,0.984251968503937,0.0184331797235023,0.976851851851852,0.273809523809524,0.913897280966767,0.0015748031496063,0.0124223602484472,0.00613496932515337,0.985849056603774,0.790322580645161,0.0442338072669826,0.523659305993691,0.0183767228177642,0.483870967741935,0.15220700152207,0,0.981191222570533,0.270606531881804,0.981042654028436,0.876369327073552,0.182410423452769,0,0.9792663476874,0.945205479452055,0.898911353032659,0.29393468118196,0.45398773006135,0.0188976377952756,0,0.893416927899687,0.836702954898911,0,0.97339593114241,0,0.0206677265500795,0.841463414634146,0.0233281493001555,0.0376766091051805,0.983206106870229,0,0.721461187214612,0.0664605873261206,0.58,0.889067524115756,0.282714054927302,0,0.711656441717791,0.209800918836141,0.983308042488619,0.12888198757764,0.902140672782875,0.975232198142415,0.96030534351145,0.952012383900929,0.00613496932515337,0.973270440251572,0.98125,0,0,0.961965134706815,0,0.30781010719755,0.970724191063174,0.00461538461538462,0.0062111801242236,0.615625,0,0.296178343949045,0.982785602503912,0.107197549770291,0.980922098569157,0.00773993808049536,0.957746478873239,0.0172955974842767,0.0219092331768388,0.0249609984399376,0.893987341772152,0.337962962962963,0.9696,0,0.968944099378882,0.710730948678072,0,0.0217054263565891,0.240188383045526,0,0.782677165354331,0.245723172628305,0.0850722311396469,0.952012383900929,0.153250773993808,0.983383685800604,0.976525821596244,0,0.553488372093023,0.930708661417323,0.492012779552716,0.974603174603175,0,0.97626582278481,0.037821482602118,0,0.217257318952234,0.629107981220657,0.526655896607431,0,0,0.962848297213622,0.76840490797546,0.176182707993475,0.984544049459042,0.0217391304347826,0.917557251908397,0.433544303797468,0.958778625954198,0.139423076923077,0.964006259780908,0.985553772070626,0.823802163833076,0.97984496124031,0.0156739811912226,0.982998454404946,0.01743264659271,0,0.7552,0.858447488584475,1,0.0275650842266462,0,0.978787878787879,0.464968152866242,0.985413290113452,0.982892690513219,0.981424148606811,0.293394777265745,0.960815047021944,0.01875,0.932411674347158,0.0195488721804511,0.885758998435055,0.380952380952381,0,0.975155279503106,0,0.851968503937008,0.983050847457627,0.131455399061033,0.962616822429907,0.92846034214619,0.980451127819549,0.958588957055215,0.116923076923077,0.381679389312977,0.912280701754386,0.931637519872814,0.0726698262243286,0.0234741784037559,0.965354330708661,0.854714064914992,0,0,0.303317535545024,0.00154798761609907,0.984639016897081,0.268292682926829,0.870716510903427,0.754250386398764,0.974006116207951,0.456692913385827,0.443076923076923,0.289099526066351,0.904088050314465,0.950310559006211,0.870030581039755,0,0.887022900763359,0.185897435897436,0.938095238095238,0.0158478605388273,0.0837138508371385,0.544025157232704,0.961300309597523,0.961948249619482,0.828885400313972,0.978428351309707,0.882629107981221,0,0.0919003115264797,0.68160741885626,0.981012658227848,0,0.979876160990712,0.972560975609756,0.55607476635514,0.553654743390358,0.981308411214953,0.987321711568938,0.370486656200942,0,0.880551301684533,0.530612244897959,0.9536,0.0184615384615385,0.960365853658537,0.980830670926518,0.979813664596273,0.941640378548896,0.552833078101072,0.0202492211838006,0.957680250783699,0.548929663608563,0.0213740458015267,0.0185185185185185,0.20440251572327,0.0141955835962145,0.15615141955836,0.661042944785276,0.0141287284144427,0.0185185185185185,0.0262345679012346,0.595712098009188,0.0624,0.971653543307087,0.00796178343949045,0.015625,0,0.23186119873817,0.977883096366509,0.960691823899371,0.877519379844961,0,0.863782051282051,0.857359635811836,0.68895800933126,0.608695652173913,0.45046439628483,0.459842519685039,0.0093603744149766,0.979527559055118,0.102134146341463,0.708064516129032,0.949606299212598,0.0278637770897833,0.743390357698289,0.0185758513931889,0.133437990580848,0.983333333333333,0.982371794871795,0.8875,0,0.64624808575804,0.874411302982732,0,0.0138461538461538,0.884322678843227,0.963779527559055,0,0.0214723926380368,0.0184899845916795,0.968253968253968,0.882352941176471,0.0174880763116057,0,0.396255850234009,0.974603174603175,0.786039453717754,0.4,0.658730158730159,0.94392523364486,0.0297339593114241,0.983050847457627,0.979876160990712,0.0231481481481481,0.962558502340094,0.985871271585557,0.995253164556962,0.984177215189873,0.196899224806202,0.327188940092166,0.290824261275272,0.9648,0.92443729903537,0.0502283105022831,0.267716535433071,0.959752321981424,0.152647975077882,0.317293233082707,0.982892690513219,0.984177215189873,0.95679012345679,0.714060031595577,0.978560490045942,0.244444444444444,0.955108359133127,0.982594936708861,0,0.332824427480916,0.542901716068643,0.0375586854460094,0.0496894409937888,0.0226928895612708,0.897196261682243,0.0400616332819723,0.0201863354037267,0,0.236559139784946,0.97191887675507,0.0825396825396825,0.972624798711755,0.96411856474259,0.969936708860759,0.294770206022187,0.290064102564103,0.6703125,0.460162601626016,0,0.827586206896552,0.0340557275541796,0.0564024390243902,0.206201550387597,0.982866043613707,0.0202177293934681,0,0.333846153846154,0.0276923076923077,0.0390625,0.461897356143079,0.982649842271293,0.290996784565916,0.982171799027553,0.971518987341772,0,0.977544910179641,0.0186335403726708,0.98468606431853,0.834633385335413,0.985413290113452,0.0283018867924528,0.989263803680982,0.0154559505409583,0.892018779342723,0.722488038277512,0.939157566302652,0.973520249221184,0.982704402515723,0.297339593114241,0.957547169811321,0.979969183359014,0.0197268588770865,0.0404984423676012,0.981191222570533,0.984496124031008,0.338557993730408,0.891304347826087,0.954041204437401,0.954828660436137,0.984662576687117,0,0.124006359300477,0.983050847457627,0.0202808112324493,0,0.949447077409163,0.00641025641025641,0.053968253968254,0.98468606431853,0.959438377535101,0.00315457413249211,0.627511591962906,0.424764890282132,0.966876971608833,0.0175718849840256,0.856697819314642,0.979299363057325,0.397129186602871,0.617151607963247,0.801251956181534,0,0.162790697674419,0.962025316455696,0.978159126365055,0.456112852664577,0.983154670750383,0.958540630182421,0.0508474576271186,0,0.968895800933126,0.984202211690363,0.940157480314961,0.680061823802164,0.0220472440944882,0.858490566037736,0.233176838810642,0.198360655737705,0.00308166409861325,0.625199362041467,0.599681020733652,0.613354037267081,0,0.293075684380032,0.893188854489164,0.632621951219512,0.526315789473684,0.092814371257485,0,0,0.980654761904762,0.983257229832572,0,0.909657320872274,0.00643086816720257,0,0,0.981220657276995,0,0.984076433121019,0.765625,0.530581039755352,0.980152671755725,0,0,0.984399375975039,0.956390977443609,0.73353751914242,0.0184049079754601,0,0.872894333843798,0.606106870229008,0.979813664596273,0.521538461538462,0.360062893081761,0,0.964669738863287,0.0210016155088853,0.948194662480377,0.100158982511924,0,0.0242424242424242,0.133858267716535,0.5,0.956521739130435,0,0.937972768532526,0.956723338485317,0.984756097560976,0,0.0935023771790808,0.945364238410596,0.0272,0.980213089802131,0.981623277182236,0.0279503105590062,0.983076923076923,0.304075235109718,0.797527047913447,0.0253164556962025,0.175911251980983,0.9609375,0.00630914826498423,0.0140625,0.95679012345679,0.0271565495207668,0.6784,0.39403453689168,0,0.137285491419657,0.748006379585327,0.267496111975117,0.959938366718028,0.0171875,0.150306748466258,0.462662337662338,0.947049924357035,0.882175226586103,0.947286821705426,0.75,0,0.95852534562212,0.018348623853211,0.982649842271293,0.403508771929825,0.0182926829268293,0.986024844720497,0.982731554160126,0.981102362204724,0.643856920684292,0.976993865030675,0.134796238244514,0.194267515923567,0.931570762052877,0.870769230769231,0,0,0.974803149606299,0.917591125198098,0.0302066772655008,0.968503937007874,0.976708074534162,0.376360808709176,0.916139240506329,0.71671826625387,0.877862595419847,0,0.948194662480377,0.343354430379747,0.979938271604938,0.981220657276995,0,0.661993769470405,0.965354330708661,0.0156985871271586,0.699212598425197,0.407066052227343,0.806354009077156,0.697160883280757,0.942771084337349,0.104863221884498,0.9696,0.98,0.970496894409938,0.310015898251192,0.115625,0.970542635658915,0.983180428134557,0.00458715596330275,0.78680981595092,0.466666666666667,0.284829721362229,0.770897832817337,0.984472049689441,0.8671875,0.984544049459042,0.127692307692308,0.0146579804560261,0,0.817472698907956,0.0189274447949527,0.0171073094867807,0.293759512937595,0,0.976452119309262,0.914503816793893,0.985849056603774,0.979876160990712,0.112852664576803,0.0201863354037267,0,0,0.189102564102564,0.0932069510268562,0.170046801872075,0,0.015625,0.981308411214953,0.0182926829268293,0.299684542586751,0.988782051282051,0.594383775351014,0.963081861958267,0.673846153846154,0.644478063540091,0,0.981651376146789,0.406299212598425,0.518167456556082,0.910606060606061,0.966049382716049,0.386398763523957,0.00622083981337481,0.9375,0.942511346444781,0,0.948872180451128,0.0341085271317829,0.969745222929936,0.453416149068323,0,0.0062111801242236,0.524879614767255,0.835703001579779,0.0168453292496172,0.153354632587859,0.00934579439252336,0.00162866449511401,0.745481927710843,0.0394944707740916,0.980456026058632,0.328100470957614,0.972307692307692,0.0168453292496172,0.384969325153374,0.327447833065811,0.858505564387917,0.105431309904153,0.0198776758409786,0.00153609831029186,0.0554675118858954,0,0.978851963746224,0.0560897435897436,0.964179104477612,0.0203761755485893,0.980830670926518,0,0.526636225266362,0.476415094339623,0.984447900466563,0,0.980182926829268,0,0.413848631239936,0.969558599695586,0,0.651771956856703,0.968503937007874,0.756671899529042,0.95125786163522,0.0506912442396313,0,0.979591836734694,0.277337559429477,0,0.690184049079755,0.0180722891566265,0.0349544072948328,0.980982567353407,0.982594936708861,0.975535168195719,0.959564541213064,0.963375796178344,0,0.96411856474259,0.018348623853211,0.35981308411215,0.308411214953271,0.972136222910217,0.975116640746501,0.981762917933131,0.977099236641221,0.0569230769230769,0.0328125,0.972402597402597,0.953775038520801,0.719754977029097,0.962382445141066,0.981707317073171,0.96,0,0,0.992526158445441,0,0.0830769230769231,0,0.94794952681388,0.297427652733119,0.207395498392283,0.141984732824427,0.912420382165605,0,0.120556414219474,0.982892690513219,0.980122324159021,0.6515625,0.431111111111111,0.217455621301775,0.2,0.653968253968254,0.0170542635658915,0.142857142857143,0.555209953343701,0.256692913385827,0.697204968944099,0.0248062015503876,0,0.0157977883096366,0.329113924050633,0.980738362760835,0.615987460815047,0.234234234234234,0.616588419405321,0.864406779661017,0.984848484848485,0.95016077170418,0.966876971608833,0.979166666666667,0.979527559055118,0.561430793157076,0.431924882629108,0.984326018808777,0.0229007633587786,0.0245775729646697,0.870109546165884,0.00920245398773006,0.986259541984733,0.982839313572543,0,0.126602564102564,0,0.943251533742331,0,0.950387596899225,0.981220657276995,0.0261136712749616,0.819032761310452,0.983128834355828,0.66131621187801,0.610248447204969,0.870514820592824,0,0,0.915309446254072,0.929745889387145,0.972179289026275,0,0,0.019047619047619,0.24054462934947,0.510140405616225,0,0.464678178963893,0,0.904458598726115,0.98116169544741,0.176,0.242658423493045,0,0.36115569823435,0.595611285266458,0.875195007800312,0.948406676783004,0.765527950310559,0.01875,0.977707006369427,0.0125195618153365,0.980922098569157,0,0.966463414634146,0.00470219435736677,0.982142857142857,0.0349206349206349,0.0220125786163522,0,0,0.830246913580247,0.914285714285714,0.925581395348837,0.692541856925419,0.0442073170731707,0.0221870047543582,0.815503875968992,0.823795180722892,0,0.0239234449760766,0.94488188976378,0,0.988853503184713,0.945288753799392,0.0740740740740741,0.0401854714064915,0.0233281493001555,0.983024691358025,0.455538221528861,0.0965189873417722,0.123397435897436,0.13587786259542,0.696343402225755,0.112307692307692,0.982677165354331,0,0.77337559429477,0.960606060606061,0.00156494522691706,0,0.0136157337367625,0,0.0218068535825545,0.986153846153846,0.711538461538462,0.0207006369426752,0.0222575516693164,0.550955414012739,0.9456,0.453978159126365,0.0475460122699387,0.0158982511923688,0.0529695024077047,0.0186046511627907,0,0.043956043956044,0.0184049079754601,0.0221518987341772,0.029320987654321,0.0135542168674699,0.0474683544303797,0.0571870170015456,0.0266875981161695,0.0202492211838006,0.00632911392405063,0.0311526479750779,0.0256410256410256,0.0572755417956656,0.0265625,0.0236593059936909,0.0161030595813204,0.0173228346456693,0.0430622009569378,0.0218068535825545,0.0277349768875193,0.0154083204930663,0.0515625,0.0211161387631976,0.0185185185185185
"163",0.0189274447949527,0.0170542635658915,0.0503048780487805,0.0758513931888545,0.0315955766192733,0.0191082802547771,0.123456790123457,0.0402476780185759,0.0200617283950617,0,0.0199692780337942,0,0.447166921898928,0.0126382306477093,0.942901234567901,0.974045801526718,0,0.0015527950310559,0.0158982511923688,0.0296411856474259,0.83206106870229,0.960254372019078,0.0245022970903522,0,0.0564024390243902,0.750390015600624,0.872472783825817,0.028436018957346,0.549253731343284,0.321699544764795,0.984709480122324,0.326625386996904,0.245669291338583,0.710566615620214,0,0.0184331797235023,0.00301659125188537,0.0199386503067485,0.745535714285714,0.102564102564103,0,0,0,0.0173501577287066,0.235668789808917,0.973354231974922,0.492979719188768,0.979750778816199,0.541353383458647,0.863363363363363,0,0.0232558139534884,0.734157650695518,0.0169230769230769,0.130637636080871,0.85214626391097,0,0.0369230769230769,0.0672782874617737,0.113496932515337,0.707390648567119,0.576452599388379,0.981072555205047,0,0.112852664576803,0.185128983308042,0,0.0290076335877863,0,0.984496124031008,0.146564885496183,0.983076923076923,0.964285714285714,0.0179910044977511,0,0.311746987951807,0.941628264208909,0.441221374045802,0.1328,0.745874587458746,0,0.319083969465649,0.790519877675841,0.0181818181818182,0.880664652567976,0.109756097560976,0.0214723926380368,0.0522273425499232,0.044478527607362,0,0.0278637770897833,0.0138248847926267,0,0,0.0376175548589342,0,0.683001531393568,0.036979969183359,0,0,0.396578538102644,0,0.717156105100464,0.0172684458398744,0.897590361445783,0.0206349206349206,0,0.0434782608695652,0.984227129337539,0.979782270606532,0.973724884080371,0.1078125,0.693498452012384,0.0294117647058824,0,0.0324574961360124,0.312307692307692,0,0.984591679506934,0.765527950310559,0,0.2515625,0.747678018575851,0.907378335949764,0.0446841294298921,0.845801526717557,0.0208643815201192,0.0231481481481481,0,0.462365591397849,0.0893416927899686,0.525078369905956,0.0315955766192733,0,0.0207006369426752,0.959214501510574,0,0.78716744913928,0.376175548589342,0.487381703470032,0,0,0.0351145038167939,0.25585023400936,0.837579617834395,0.0155763239875389,0.979750778816199,0.0904907975460123,0.609105180533752,0.0349544072948328,0.85511811023622,0.0369230769230769,0.0156739811912226,0.170992366412214,0.0185185185185185,0.984447900466563,0.0214067278287462,0.981102362204724,0,0.275862068965517,0.146926536731634,0.0275650842266462,1,0,0.0151745068285281,0.557993730407524,0.0175438596491228,0.0123456790123457,0.0182370820668693,0.705792682926829,0.0414746543778802,0.979623824451411,0.0703592814371257,0.980509745127436,0.132701421800948,0.63944530046225,0,0.0384024577572965,0,0.149922720247295,0.0198473282442748,0.861586314152411,0.0336391437308868,0.0685975609756098,0.0237037037037037,0.0365853658536585,0.91131498470948,0.650986342943854,0.0909090909090909,0.0777777777777778,0.937694704049844,0.983128834355828,0.0360501567398119,0.145705521472393,0,0,0.697996918335901,0,0.014903129657228,0.752688172043011,0.136577708006279,0.252293577981651,0.0306278713629403,0.569206842923795,0.571209800918836,0.705426356589147,0.0992248062015504,0.0498442367601246,0.15,0,0.120980091883614,0.824,0.0672926447574335,0.978395061728395,0.918552036199095,0.475155279503106,0.0429447852760736,0.0453857791225416,0.194704049844237,0.0213740458015267,0.125960061443932,0,0.917417417417417,0.350453172205438,0.0203125,0,0.0228310502283105,0.0398818316100443,0.462249614791988,0.491472868217054,0.0295489891135303,0.0191387559808612,0.62015503875969,0,0.123475609756098,0.507763975155279,0.0478468899521531,0.979907264296754,0.0623145400593472,0.015748031496063,0.0165912518853695,0.0652173913043478,0.481873111782477,0.981651376146789,0.0521472392638037,0.46177370030581,0.977443609022556,0.978560490045942,0.799065420560748,0.987519500780031,0.83596214511041,0.348228043143297,0.986153846153846,1,0.970724191063174,0.429864253393665,0.941732283464567,0.028125,0,0.981762917933131,0,0.759316770186335,0.0189274447949527,0.0470957613814757,0.111455108359133,0,0.155309033280507,0.160060975609756,0.329268292682927,0.429230769230769,0.565015479876161,0.551724137931034,0,0.0157728706624606,0.898176291793313,0.322061191626409,0.0609756097560976,0.977272727272727,0.274418604651163,0.986153846153846,0.894009216589862,0.0166414523449319,0.0174880763116057,0.1265625,0,0.370820668693009,0.1296875,0,0.981735159817352,0.11854103343465,0.0405616224648986,0,0.984732824427481,0.980421686746988,0.0375586854460094,0.135860979462875,0.984423676012461,0,0.6,0.031055900621118,0.236363636363636,0.630368098159509,0.352664576802508,0.0627871362940276,0.977238239757208,0.0194902548725637,0.018348623853211,0.976816074188563,0.0487062404870624,0.0185758513931889,0.0376175548589342,0.0168970814132104,0.824806201550388,0.679938744257274,0.701378254211332,0.0410094637223975,0.0681458003169572,0,0.737089201877934,0.0469483568075117,0.841294298921418,0.69578313253012,0.0247678018575851,0.0199081163859112,0.0459418070444104,0.320754716981132,0.0181543116490166,0.7546875,0.059190031152648,0.0205696202531646,0,0.674772036474164,0.44945567651633,0.976851851851852,0,0.972809667673716,0.100931677018634,0.961832061068702,0.983231707317073,0,0.778120184899846,0.0279937791601866,0.921296296296296,0.0370967741935484,0.0476923076923077,0.0328638497652582,0.706976744186047,0.709935897435897,0.342146189735614,0.566037735849057,0,0.190697674418605,0.968181818181818,0.945454545454545,0.800307219662058,0.0171073094867807,0.981538461538462,0,0.670278637770898,0.971428571428571,0.96594427244582,0.524767801857585,0.0188383045525903,0.743307086614173,0.0128,0.0404354587869362,0,0.0251479289940828,0.978947368421053,0.0166919575113809,0.190031152647975,0.0159744408945687,0.974203338391502,0.0332326283987915,0.981510015408321,0.124807395993837,0.306603773584906,0.0652503793626707,0.0334855403348554,0.0203442879499218,0.705426356589147,0.0521472392638037,0.0181818181818182,0.978915662650602,0.958904109589041,0.0186625194401244,0.0183206106870229,0.68558282208589,0.120795107033639,0.0494417862838915,0.0614439324116743,0.0167682926829268,0,0.886996904024768,0.0183767228177642,0.982998454404946,0,0.0607476635514019,0,0.978227060653188,0.0134529147982063,0.0577223088923557,0,0.382126348228043,0.587692307692308,0.0344827586206897,0.977848101265823,0.150554675118859,0.0234375,0.641955835962145,0.408882082695253,0.242658423493045,0,0.845440494590417,0.0430622009569378,0.0200617283950617,0.561051004636785,0.0168453292496172,0.0407166123778502,0.956656346749226,0,0.0335365853658537,0.0248447204968944,0.0603715170278638,0.326717557251908,0.978193146417445,0.158307210031348,0.751159196290572,0.799674267100977,0,0.400630914826498,0.405616224648986,0.409861325115562,0,0.722222222222222,0.113003095975232,0.379362670713202,0.488514548238897,0.917910447761194,0,0,0.0178837555886736,0.0287009063444109,0,0.0934579439252336,0,0,0,0.0218408736349454,0,0.0192,0.242009132420091,0.487218045112782,0.0121396054628225,0,0,0.0247678018575851,0.0536512667660209,0.302611367127496,0.981873111782477,0,0.132420091324201,0.419601837672282,0.0212121212121212,0.485496183206107,0.68160741885626,0,0.0385802469135802,0.984051036682616,0.0689655172413793,0.92368839427663,0,0.974358974358974,0.8798751950078,0.521739130434783,0.0476190476190476,0,0.075642965204236,0.0323574730354391,0.0166919575113809,0,0.934579439252336,0.0819935691318328,0.977742448330684,0.0151057401812689,0.0181543116490166,0.977238239757208,0.0183767228177642,0.702453987730061,0.204334365325077,0.974960876369327,0.824281150159744,0.0526315789473684,0,0.982839313572543,0.0523882896764253,0.982511923688394,0.36817472698908,0.60377358490566,0,0.881720430107527,0.281399046104928,0.733644859813084,0.0479134466769706,0.986024844720497,0.846273291925466,0.547619047619048,0.062874251497006,0.131818181818182,0.05,0.259780907668232,0,0.0350609756097561,0.980030721966206,0.0410094637223975,0.607255520504732,0.984756097560976,0.0169230769230769,0.0200308166409861,0.0172955974842767,0.374608150470219,0.0353302611367127,0.869496855345912,0.814641744548287,0.0679012345679012,0.13587786259542,0,0,0.021978021978022,0.0818897637795276,0.973805855161787,0.035548686244204,0.0287878787878788,0.636785162287481,0.0960629921259843,0.273993808049536,0.124615384615385,0,0.0434782608695652,0.646781789638933,0.0168195718654434,0.0173775671406003,0,0.372274143302181,0.0463678516228748,0.989197530864197,0.332293291731669,0.632716049382716,0.204783258594918,0.332810047095761,0.0581222056631893,0.905829596412556,0.0391849529780564,0.0168195718654434,0.0417956656346749,0.6832,0.856697819314642,0.0290964777947933,0.016793893129771,0,0.243491577335375,0.556574923547401,0.760061919504644,0.264036418816388,0.02,0.13713405238829,0.0196671709531014,0.115151515151515,0.980613893376414,0,0.195084485407066,0.984301412872841,0.981566820276498,0.738390092879257,0,0.0230061349693252,0.0989345509893455,0.0184899845916795,0.024132730015083,0.896923076923077,0.982945736434109,0,0,0.827586206896552,0.904238618524333,0.860979462875197,0,0.98310291858679,0.0184331797235023,0.421052631578947,0.702492211838006,0.0157977883096366,0.413846153846154,0.0377358490566038,0.363358778625954,0.371814092953523,0,0.0192878338278932,0.622257053291536,0.510869565217391,0.0940298507462687,0.0302571860816944,0.611872146118721,0,0.0679012345679012,0.0602409638554217,0,0.0513595166163142,0.965571205007825,0.0287081339712919,0.574074074074074,0,0,0.492822966507177,0.190769230769231,0.981395348837209,0.87758346581876,0,0,0.264179104477612,0.959564541213064,0.0210355987055016,0.7,0.0257966616084977,0.980061349693252,0.620637329286798,0.664050235478807,0.1578125,0.89589905362776,0.983308042488619,0,0.940345368916798,0,0.0223880597014925,0.791068580542265,0.0375375375375375,0.978125,0.0125391849529781,0,0.493975903614458,0.547140649149923,0.0140405616224649,0,0.0183767228177642,0,0.622257053291536,0.0335365853658537,0,0.347222222222222,0.0315457413249211,0.263975155279503,0.0702028081123245,0.957575757575758,0,0.0169491525423729,0.753488372093023,0,0.324773413897281,0.985119047619048,0.965204236006051,0.0203761755485893,0.0159235668789809,0.0289193302891933,0.0375,0.0341085271317829,0,0.0419906687402799,0,0.64741641337386,0.739197530864197,0.0295031055900621,0.0290964777947933,0.027190332326284,0.0261136712749616,0.031866464339909,0.979655712050078,0.0384,0.0558069381598793,0.295558958652374,0.0342679127725857,0.0182370820668693,0.0461538461538462,0,0,0.0340740740740741,0,0.921658986175115,0,0.0672782874617737,0.739336492890995,0.785488958990536,0.878971255673222,0.0872274143302181,0.00153374233128834,0.890795631825273,0.0153374233128834,0.0166919575113809,0.377300613496933,0.591654247391952,0.790560471976401,0.83030303030303,0.362928348909657,0.984732824427481,0.860429447852761,0.470404984423676,0.737169517884914,0.309923664122137,0.970814132104455,0,0.983128834355828,0.664086687306502,0.0128410914927769,0.359253499222395,0.776096822995461,0.396578538102644,0.146118721461187,0.0229357798165138,0.064,0.0354391371340524,0.0111642743221691,0.0203125,0.45839874411303,0.6049766718507,0.0169491525423729,0.977578475336323,0.974664679582712,0.154198473282443,0,0.016566265060241,0.0430769230769231,0,0.888535031847134,0,0.0622083981337481,0,0.0410958904109589,0.0169753086419753,0.975757575757576,0.179407176287051,0.0164917541229385,0.362637362637363,0.396923076923077,0.130232558139535,0,0,0.0909090909090909,0.0760059612518629,0.0290076335877863,0,0,0.984076433121019,0.767477203647416,0.5,0,0.56656346749226,0,0.094488188976378,0.02,0.792778649921507,0.754977029096478,0,0.669278996865204,0.412772585669782,0.142414860681115,0.0562310030395137,0.245398773006135,0.98159509202454,0.0317460317460317,0.0844854070660522,0.0139968895800933,0,0.036144578313253,0,0.0188087774294671,0.989079563182527,0.61189358372457,0,0,0.193798449612403,0.089171974522293,0.078907435508346,0.293674698795181,0.960725075528701,0.975193798449612,0.180834621329212,0.188536953242836,0,1,0.0506912442396313,0,0.025,0.0657492354740061,0.924148606811146,0,0.976851851851852,0.0180451127819549,0.56043956043956,0.907120743034056,0.89622641509434,0.891729323308271,0.338072669826224,0.900153609831029,0.0202492211838006,0,0.256172839506173,0.0338983050847458,0,0,0.98379970544919,0,0.982785602503912,0.0186625194401244,0.2928,0.982892690513219,0.978159126365055,0.46875,0.0672926447574335,0.572964669738863,0,0.980922098569157,0.05320813771518,0.00769230769230769,0,0.803379416282642,0.976011994002999,0.98,0.971471471471472,0.987933634992459,0,0,0.966205837173579,0.00626959247648903,0.00315457413249211,0.0214723926380368,0.00457317073170732,0,0.975346687211094,0.0122137404580153,0.982892690513219,0.978361669242658,0,0.976923076923077,0.0389805097451274,0.984709480122324,0.890092879256966,0.980568011958146,0.984520123839009
"164",0,0,0,0,0,0,0.0155763239875389,0.00155038759689922,0,1,0,1,0,0,0,0,1,0.9890625,0,0,0,0,0,1,0,0,0,0,0,0,0,0,0.0015625,0,1,0,0.981762917933131,0,0,0,1,0.987878787878788,0.996937212863706,0,0,0,0,0,0,0,1,0,0,0,0.0154320987654321,0,1,0,0.00153374233128834,0,0,0,0,1,0,0,1,0,1,0,0,0,0,0,1,0.00151975683890578,0,0,0.0015748031496063,0,1,0,0,0,0,0,0,0,0.00153374233128834,0.987897125567322,0,0,1,1,0,1,0.0197869101978691,0,0.993836671802773,0.993769470404984,0.0107197549770291,1,0,0,0,0,0.989230769230769,0.00153139356814701,0,0,0,0.0157728706624606,0,0,1,0,0,1,0,0,1,0.0015527950310559,0,0,0,0,0,0,1,0.00610687022900763,0,0,0,1,0,0,1,0,0,0.0063391442155309,1,1,0,0,0,0,0,0,0,0,0,0,0,0,0,0,0,0,1,0,0.00600600600600601,0,0,1,0,0,0,0,0,0,0,0,0,0,0.00311526479750779,0,1,0,1,0,0,0,0,0,0,0,0,0,0,0,0,0,0,0.0230061349693252,1,1,0,1,0,0,0.0125,0,0,0,0,0,0,0,0.00152905198776758,1,0,0,0,0,0,0.00306278713629403,0,0,0.00154559505409583,0,0,1,0,0,0,1,0,0,0.00615384615384615,0,0,0,0.0185185185185185,1,0.0151057401812689,0,0,0,0,0,0,0,0,0,0,0,0,0,0,0,0,0,0,0,0,0,0,0,0.990697674418605,0,1,0.0046656298600311,0,0,0,1,0.0015748031496063,0.0015220700152207,0,0,0,0,0.989247311827957,0,0,0,0,0,0,0,0,0,0,0.0140405616224649,1,0,0.0169753086419753,1,0,0.0166666666666667,0.00155763239875389,1,0,0,0,0,0,1,0.0167682926829268,0,0,0,0,0,0,0,0,0,0,0,0,0,0,0,0,0.0015600624024961,0,0.955453149001536,0,0,0,0,0,0,0,0,0,0,0,0,1,0,0.00964630225080386,0,0.953846153846154,0,0,0,0,1,0,0,0,0,0,0,0,0,0,0,1,0,0,0,0,0,0,1,0,0,0,0.003125,0,0,0,0,1,0,0,0,0,0,0,0,0,0,0,0,0,0.00308641975308642,0,0,0,0,0,0,0,0,0,0,0,0,1,0,0,0,1,0,0.992088607594937,0,0,0,0.996904024767802,0.00923076923076923,0,0,0,0,0,0,0,0,1,0,0.00156985871271586,0,0,0,0,0,0.998456790123457,0,0,0,0,0,0.0062402496099844,0,0.0143540669856459,0.996889580093313,0,0,0,1,0,0.00152905198776758,0,0,0,1,1,0,0,1,0,0.990595611285266,1,1,0,1,0,0.00153609831029186,0.00606060606060606,0,1,1,0,0,0,0,0.998417721518987,0.0212121212121212,0,0,0,0,1,0,0,0.00158227848101266,0,1,0,0,0,0.00152671755725191,1,0,0,0,1,0,0,0,0,0,0,0,0,0,0,0.0015625,0,0.99075500770416,0,0,0,0,0.0093603744149766,1,0,0.00315955766192733,0,0,0,0,0,0,0,0,0,1,0,0,0,0.00315955766192733,0,0,0,0,0,0,0,0,0,0.0154798761609907,1,1,0,0,0,0,0,0,0,0,0.0181818181818182,1,0,0.0153609831029186,0,0,1,0,0,0,0.00156985871271586,0,0,0,0,0,0.00315457413249211,0,0,0.0173501577287066,0.0245022970903522,0,0,0.992492492492492,0,0,0,0,0,0,0,0.770516717325228,0,1,0.00155038759689922,0,0,0,1,0,0,0,0,0,0,1,1,0,0,0,1,0,0,0.573619631901841,0,0,0.00921658986175115,0,0,0,1,0,0,0,0.00604229607250755,0,0,0.99075500770416,0,0,1,0.00149925037481259,0,0,0,1,0.992307692307692,0,0,0,0,0.990726429675425,1,0,0,0,0,0,0,0,0,0.0063391442155309,0,0,1,0,1,0,0.157894736842105,0.0015015015015015,0,0,1,0,0,0,1,0,1,0,0,1,0.0180722891566265,0,0,0.00157728706624606,0,1,0,0,1,0,0,0,0,0,0,0.0015600624024961,0,1,0,0.978787878787879,0.02,0,0,0,0,0,0.921052631578947,0,0,0,0,0,0,0,1,1,0,1,0,0.9984375,0,0,0,0,0,0.998473282442748,0,0,0,0,0,0,0,0,0,0,0,0,0,0,1,0,0.0205047318611987,0,0.0338983050847458,0,0,0.00605143721633888,0,0.0015748031496063,0,0,0,0,0,0,0,0,0.00313479623824451,0.98936170212766,0,0,1,0,1,0,1,0,0,0,0,0,0.00156494522691706,0,0.0202492211838006,1,1,0,0,0,1,1,0,0,0,1,0,1,0,0,0.0344827586206897,0,1,0,0,0,0,0,0,0,0.896764252696456,0,1,0,0.993827160493827,0,0,0.371473354231975,1,1,0.00152439024390244,0,0.00909090909090909,0,0,0,0,0,1,0,0,1,0,0,0,0.964939024390244,0,0,0,0,0,0,0,0,0,1,0,0,0.998444790046656,1,0,1,0,0,0,0,0,0.0047244094488189,0.00311526479750779,0,0.957317073170732,0,0.903174603174603,0.977134146341463,1,0.160186625194401,0,0,0.00609756097560976,0,0.957943925233645,0.949618320610687,0,0.976708074534162,0.992175273865415,0.952380952380952,0.97289156626506,0.951219512195122,0,0.970724191063174,0,0,0.957746478873239,0,0.930930930930931,0,0.0557275541795666,0,0
"165",0.998442367601246,1,0.969834087481146,0.940717628705148,0.985804416403785,1,0.893081761006289,0.976599063962558,1,0,1,0,0.57032457496136,1,0.0414110429447853,0.00764525993883792,0,0.0155038759689922,0.998430141287284,0.983024691358025,0.150537634408602,0.0302547770700637,0.987767584097859,0,0.955177743431221,0.258215962441315,0.108490566037736,0.987321711568938,0.457013574660633,0.68140243902439,0,0.681181959564541,0.762282091917591,0.270928462709285,0,1,0.0155763239875389,0.993893129770992,0.262686567164179,0.906060606060606,0.0015527950310559,0.0167682926829268,0.00618238021638331,1,0.784591194968553,0.0217729393468118,0.511773940345369,0,0.469357249626308,0.124812030075188,0,0.993855606758833,0.263482280431433,1,0.882260596546311,0.152139461172742,0,0.970496894409938,0.960426179604262,0.898928024502297,0.291021671826625,0.429003021148036,0,0,0.897637795275591,0.816109422492401,0,0.990610328638498,0,0,0.861911987860395,0.00458715596330275,0.0170278637770898,1,0,0.710806697108067,0.0384024577572965,0.577099236641221,0.8976,0.265700483091787,0,0.702909647779479,0.210045662100457,0.998496240601504,0.102134146341463,0.907324364723468,0.996955859969559,0.970588235294118,0.964992389649924,0.0105421686746988,0.9875,1,0,0,0.973270440251572,0,0.290322580645161,0.980243161094225,0.00918836140888208,0.00924499229583975,0.606758832565284,0,0.288372093023256,1,0.104545454545455,1,0.0077639751552795,0.978625954198473,0,0.00460122699386503,0.00455927051671732,0.908527131782946,0.322429906542056,0.993788819875776,0,0.986322188449848,0.700460829493088,0,0,0.221362229102167,0,0.764079147640791,0.241221374045802,0.0760697305863708,0.975646879756469,0.139183055975794,0.998477929984779,0.996913580246914,0,0.533541341653666,0.930662557781202,0.4765625,0.989028213166144,0,0.993660855784469,0.0225563909774436,0,0.206471494607088,0.634259259259259,0.515923566878981,0,0,0.978328173374613,0.75077399380805,0.160828025477707,1,0.00619195046439629,0.922720247295209,0.415625,0.980243161094225,0.130708661417323,0.986068111455108,1,0.837173579109063,0.995440729483283,0,1,0,0,0.722049689440994,0.876506024096386,0.978787878787879,0.0151745068285281,0,1,0.467408585055644,1,1,1,0.285496183206107,0.978461538461538,0.00156739811912226,0.956060606060606,0,0.899845916795069,0.375579598145286,0,0.984496124031008,0,0.862174578866769,1,0.115444617784711,0.983282674772036,0.949464012251149,0.989489489489489,0.977341389728097,0.0911854103343465,0.374242424242424,0.92755905511811,0.943217665615142,0.0485133020344288,0.00613496932515337,0.98125,0.858231707317073,0,0,0.293478260869565,0.0015220700152207,1,0.254901960784314,0.873065015479876,0.763358778625954,0.992469879518072,0.416149068322981,0.425981873111782,0.283255086071987,0.928125,0.963246554364472,0.881638846737481,0,0.875957120980092,0.172523961661342,0.941915227629513,0,0.0707831325301205,0.527272727272727,0.978361669242658,0.981981981981982,0.831269349845201,1,0.897356143079316,0,0.0749235474006116,0.654434250764526,0.995334370139969,0,0.990922844175492,0.983483483483483,0.547140649149923,0.552671755725191,0.987654320987654,1,0.349378881987578,0,0.889055472263868,0.505494505494505,0.968701095461659,0,0.95565749235474,0.998442367601246,1,0.951863354037267,0.534954407294833,0.00155038759689922,0.968944099378882,0.545454545454545,0.00301204819277108,0,0.190851735015773,0,0.149920255183413,0.679273827534039,0,0.00153846153846154,0.00758725341426404,0.580060422960725,0.0369774919614148,0.987361769352291,0.00930232558139535,0,0,0.217928902627512,1,0.978328173374613,0.904836193447738,0,0.874804381846635,0.845801526717557,0.68,0.591049382716049,0.459627329192547,0.448979591836735,0.00924499229583975,1,0.0917293233082707,0.68503937007874,0.960183767228178,0.00917431192660551,0.741029641185647,0.00154320987654321,0.116030534351145,1,1,0.895638629283489,0,0.635400907715582,0.882995319812793,0,0,0.897125567322239,0.981366459627329,0,0.00151745068285281,0.0015220700152207,0.984326018808777,0.879499217527387,0,0,0.370199692780338,0.990595611285266,0.782407407407407,0.389230769230769,0.647425897035881,0.963581183611533,0.00769230769230769,1,1,0.0062015503875969,0.965045592705167,1,0.968404423380727,0.998461538461539,0.185867895545315,0.305936073059361,0.275384615384615,0.976489028213166,0.937799043062201,0.0533536585365854,0.252351097178683,0.975308641975309,0.149847094801223,0.291479820627803,0.996908809891808,0.996904024767802,0.969230769230769,0.694620253164557,0.998484848484849,0.230171073094868,0.963414634146341,0.996875,0,0.324116743471582,0.532182103610675,0.0152439024390244,0.0534351145038168,0.0075642965204236,0.914893617021277,0.0212443095599393,0,0,0.231611893583725,0.995283018867924,0.0636645962732919,0.984152139461173,0.969325153374233,0.987635239567233,0.2734375,0.277070063694268,0.665130568356375,0.464,0,0.823076923076923,0.0136363636363636,0.0410958904109589,0.189522342064715,1,0,0,0.322137404580153,0.0107197549770291,0.0141065830721003,0.4609375,1,0.264659270998415,1,0.963076923076923,0,0.994100294985251,0,0.998477929984779,0.826687116564417,1,0.00764525993883792,0.974242424242424,0,0.882352941176471,0.712933753943218,0.943164362519201,0.98613251155624,0.998463901689708,0.282245827010622,0.963949843260188,1,0,0.0259938837920489,1,1,0.319083969465649,0.881720430107527,0.963022508038585,0.94969512195122,1,0,0.110935023771791,1,0.00154320987654321,0,0.965678627145086,0.00940438871473354,0.0360501567398119,1,0.966205837173579,0.0046583850931677,0.610591900311526,0.4265625,0.9859375,0.0016,0.868878357030016,0.998415213946117,0.363636363636364,0.582689335394127,0.787925696594427,0,0.15527950310559,0.978021978021978,0.998427672955975,0.459167950693374,1,0.970826580226904,0.0277777777777778,0.00153374233128834,0.987786259541985,0.993769470404984,0.9515625,0.684931506849315,0.00773993808049536,0.871715610510046,0.243531202435312,0.169129720853859,0.00613496932515337,0.618012422360248,0.595611285266458,0.609756097560976,0,0.279179810725552,0.914728682170543,0.635811836115326,0.504559270516717,0.0762331838565022,0,0,1,0.968373493975904,0,0.922610015174507,0.00786163522012579,0,0,1,0,1,0.770416024653313,0.509893455098935,1,0,0,0.993865030674847,0.961019490254873,0.704374057315234,0,0.00316957210776545,0.873873873873874,0.589041095890411,1,0.548632218844985,0.349378881987578,0,0.984802431610942,0,0.953271028037383,0.0832025117739403,0,0.00451127819548872,0.10625,0.4848,0.967741935483871,0,0.94553706505295,0.976923076923077,1,0,0.0699844479004666,0.926163723916533,0.0048,1,1,0.00918836140888208,1,0.285280728376328,0.802773497688752,0.00930232558139535,0.163779527559055,0.956856702619414,0.00946372239747634,0,0.972685887708649,0.00474683544303797,0.650316455696203,0.394944707740916,0,0.10806697108067,0.73961661341853,0.254237288135593,0.979938271604938,0,0.152798789712557,0.440129449838188,0.946727549467275,0.881913303437967,0.963020030816641,0.748829953198128,0,0.983308042488619,0,0.961479198767334,0.376996805111821,0,1,1,1,0.635658914728682,0.986238532110092,0.126153846153846,0.181538461538462,0.946483180428135,0.87556904400607,0,0,0.989045383411581,0.93217665615142,0.010989010989011,0.9875,0.995426829268293,0.351309707241911,0.926447574334898,0.720858895705521,0.884146341463415,0,0.968798751950078,0.323943661971831,1,0.998459167950693,0,0.625386996904025,0.97196261682243,0,0.68025078369906,0.375757575757576,0.795252225519288,0.696875,0.957163958641064,0.0900900900900901,0.9859375,1,0.981424148606811,0.285261489698891,0.0871559633027523,0.990895295902883,1,0.00765696784073507,0.773413897280967,0.443932411674347,0.254573170731707,0.759571209800919,1,0.882896764252696,1,0.119878603945372,0,0,0.818740399385561,0.00311526479750779,0,0.270229007633588,0,0.99075500770416,0.915680473372781,0.998456790123457,0.995419847328244,0.0969230769230769,0,0,0,0.169517884914463,0.0729813664596273,0.152410575427683,0,0,1,0.00455235204855842,0.277864992150706,1,0.581430745814307,0.972049689440994,0.665144596651446,0.646084337349398,0,1,0.386398763523957,0.482059282371295,0.922619047619048,0.989296636085627,0.394777265745008,0.0106707317073171,0.952380952380952,0.95738203957382,0,0.962686567164179,0.01875,0.990369181380417,0.424012158054711,0,0.00924499229583975,0.508064516129032,0.833333333333333,0,0.123824451410658,0.0107033639143731,0.00157977883096367,0.736920777279522,0.0232198142414861,1,0.311349693251534,0.993939393939394,0,0.359090909090909,0.325,0.866666666666667,0.0886075949367089,0.00453172205438067,0.00306278713629403,0.0449612403100775,0,0.996992481203008,0.0362776025236593,0.980797636632201,0.00470957613814757,1,0,0.520485584218513,0.457231726283048,1,0,0.998496240601504,0,0.394366197183099,0.992389649923896,0,0.634556574923547,0.984423676012461,0.7453125,0.952978056426332,0.0304878048780488,0,1,0.253918495297806,0,0.678407350689127,0,0.0121580547112462,1,1,0.990977443609023,0.965891472868217,0.978328173374613,0,0.973478939157566,0.0214395099540582,0.333839150227618,0.278033794162826,0.990839694656489,0.990853658536585,0.992412746585736,0.994011976047904,0.0478395061728395,0.0124804992199688,0.987261146496815,0.961890243902439,0.717791411042945,0.980122324159021,1,0.969278033794163,0,0,0.977777777777778,0,0.0688073394495413,0,0.953632148377125,0.26517571884984,0.20952380952381,0.117647058823529,0.924031007751938,0,0.0964777947932619,1,1,0.646153846153846,0.401470588235294,0.205278592375367,0.170471841704718,0.650470219435737,0,0.122137404580153,0.535768645357686,0.243410852713178,0.698484848484848,0.0107361963190184,0,0,0.307332293291732,1,0.609494640122512,0.226666666666667,0.615975422427035,0.879284649776453,0.986175115207373,0.961476725521669,0.984326018808777,1,0.998412698412698,0.536585365853659,0.424382716049383,0.998447204968944,0.00595238095238095,0.00896860986547085,0.879019908116386,0.0091324200913242,1,0.966049382716049,0,0.10459587955626,0,0.948837209302326,0,0.973926380368098,1,0.00757575757575758,0.836734693877551,1,0.64576802507837,0.619414483821264,0.873634945397816,0,0,0.935897435897436,0.939794419970631,0.990853658536585,0,0,0,0.230884557721139,0.488408037094281,0,0.446841294298921,0,0.934065934065934,1,0.150387596899225,0.23216995447648,0,0.342146189735614,0.606481481481482,0.868098159509202,0.962462462462462,0.772445820433437,0,0.992101105845182,0.0153609831029186,1,0,0.983333333333333,0.0062015503875969,1,0.0139751552795031,0.00625978090766823,0,0,0.823619631901841,0.926791277258567,0.937689969604863,0.713859910581222,0.0194610778443114,0.00312989045383412,0.833333333333333,0.834328358208955,0,0.0123647604327666,0.97191887675507,0,0.982892690513219,0.953313253012048,0.0549618320610687,0.043343653250774,0.00154083204930663,1,0.463338533541342,0.0794392523364486,0.103448275862069,0.101669195751138,0.685358255451713,0.0819423368740516,1,0,0.75,0.983433734939759,0.003125,0,0,0,0,1,0.713831478537361,0,0,0.5265625,0.957878315132605,0.429447852760736,0.0503048780487805,0.0016025641025641,0.0527156549520767,0.0184331797235023,0,0.0217391304347826,0.00595238095238095,0.0015600624024961,0.0122137404580153,0,0.0518053375196232,0.0567484662576687,0.0123456790123457,0.0152905198776758,0.00474683544303797,0.0230769230769231,0.0216383307573416,0.0614439324116743,0.00766871165644172,0.0169230769230769,0,0.00309119010819165,0.0469483568075117,0.00609756097560976,0.021021021021021,0,0.0308641975308642,0.0015015015015015,0.0015625
"166",0.443708609271523,0.441786283891547,0.478468899521531,0.517571884984026,0.469055374592834,0.459637561779242,0.508116883116883,0.4688995215311,0.445324881141046,0,0.442122186495177,0,0.607142857142857,0.448675496688742,0.579113924050633,0.562401263823065,0,0.00798722044728434,0.440261865793781,0.454253611556982,0.663492063492063,0.557213930348259,0.447452229299363,0,0.464342313787639,0.622366288492707,0.594294770206022,0.459546925566343,0.654028436018957,0.565495207667732,0.54874213836478,0.666666666666667,0.593192868719611,0.582802547770701,0,0.456591639871383,0.0157232704402516,0.453968253968254,0.652439024390244,0.483670295489891,0,0.00636942675159236,0.0015748031496063,0.449346405228758,0.672158154859967,0.555194805194805,0.645933014354067,0.556982343499197,0.746894409937888,0.593406593406593,0,0.459807073954984,0.8048,0.442492012779553,0.504854368932039,0.62046204620462,0,0.462540716612378,0.469194312796209,0.548489666136725,0.5776,0.6416,0.545602605863192,0,0.516501650165016,0.545310015898251,0,0.459069020866774,0,0.547231270358306,0.514240506329114,0.557142857142857,0.5664,0.448979591836735,0,0.603149606299213,0.576190476190476,0.617977528089888,0.527331189710611,0.647457627118644,0,0.664025356576862,0.618524332810047,0.424100156494523,0.593004769475358,0.545454545454545,0.451104100946372,0.461912479740681,0.478740157480315,0.0031201248049922,0.448553054662379,0.443910256410256,0,0,0.470684039087948,0,0.621794871794872,0.471061093247588,0.00319488817891374,0.00321543408360129,0.578696343402226,0,0.647154471544715,0.443729903536977,0.593798449612403,0.452459016393443,0.00323101777059774,0.468699839486356,0.559870550161812,0.561996779388084,0.561014263074485,0.489465153970827,0.684887459807074,0.440894568690096,0,0.470031545741325,0.665605095541401,0,0.55379746835443,0.599033816425121,0,0.596214511041009,0.654028436018957,0.575907590759076,0.479495268138801,0.595238095238095,0.442006269592476,0.445324881141046,0,0.605095541401274,0.53160453808752,0.590538336052202,0.447154471544715,0,0.444625407166124,0.548335974643423,0,0.668284789644013,0.614147909967846,0.595,0,0,0.464968152866242,0.582258064516129,0.586092715231788,0.456730769230769,0.552504038772213,0.505511811023622,0.67862969004894,0.46594427244582,0.631840796019901,0.4464,0.446254071661238,0.505582137161085,0.440251572327044,0.548281505728314,0.44391785150079,0.551612903225806,0,0.604200323101777,0.555038759689922,0.464968152866242,0.557993730407524,0,0.467408585055644,1,0.440261865793781,0.451510333863275,0.442857142857143,0.579937304075235,0.481540930979133,0.570967741935484,0.485362095531587,0.554517133956386,0.540322580645161,0.674565560821485,0,0.459935897435897,0,0.552547770700637,0.44391785150079,0.590614886731392,0.475961538461538,0.475513428120063,0.452054794520548,0.4578125,0.590189873417722,0.722397476340694,0.513821138211382,0.494290375203915,0.58974358974359,0.542130365659777,0.453047775947282,0.5312,0,0,0.658615136876006,0,0.44811320754717,0.65527950310559,0.529032258064516,0.590322580645161,0.449139280125196,0.65210355987055,0.592356687898089,0.677631578947368,0.479674796747967,0.479166666666667,0.553627760252366,0,0.504823151125402,0.658978583196046,0.488745980707395,0.558917197452229,0.5734375,0.585760517799353,0.456168831168831,0.458267716535433,0.583724569640063,0.44888178913738,0.526742301458671,0,0.588516746411483,0.6109375,0.459546925566343,0,0.45583596214511,0.469230769230769,0.607936507936508,0.62843295638126,0.454545454545455,0.435139573070608,0.634185303514377,0,0.513428120063191,0.634146341463415,0.481907894736842,0.552215189873418,0.484992101105845,0.439739413680782,0.439873417721519,0.476650563607085,0.687898089171974,0.563402889245586,0.495207667731629,0.613924050632911,0.55607476635514,0.54559748427673,0.581210191082803,0.530351437699681,0.636363636363636,0.604430379746835,0.559294871794872,0.550079491255962,0.544303797468354,0.59748427672956,0.571895424836601,0.479935794542536,0.00161290322580645,0.530546623794212,0,0.632090761750405,0.457236842105263,0.459677419354839,0.505546751188589,0,0.556291390728477,0.534072900158479,0.668810289389068,0.654895666131621,0.604166666666667,0.576985413290113,0.00321027287319422,0.449675324675325,0.607535321821036,0.672212978369384,0.491171749598716,0.562101910828026,0.553054662379421,0.564593301435407,0.609375,0.459247648902821,0.445923460898502,0.530844155844156,0,0.575039494470774,0.5008,0,0.544025157232704,0.515723270440252,0.467845659163987,0,0.558869701726845,0.5552,0.477198697068404,0.571194762684124,0.547540983606557,0,0.63301282051282,0.454253611556982,0.598412698412698,0.678855325914149,0.612903225806452,0.47444089456869,0.570048309178744,0.45440251572327,0.449760765550239,0.561093247588424,0.478468899521531,0.45928338762215,0.468189233278956,0.447619047619048,0.604200323101777,0.765822784810127,0.6736,0.458401305057096,0.477905073649754,0.0238095238095238,0.591346153846154,0.47275641025641,0.59775641025641,0.5875,0.452495974235105,0.451876019575856,0.463722397476341,0.61038961038961,0.449367088607595,0.596463022508039,0.488993710691824,0.444084278768233,0,0.788732394366197,0.602941176470588,0.561290322580645,0.0186046511627907,0.557275541795666,0.472266244057052,0.562798092209857,0.542130365659777,0,0.613057324840764,0.453225806451613,0.56687898089172,0.454242928452579,0.493485342019544,0.4576,0.649837133550489,0.657762938230384,0.585760517799353,0.674536256323777,0,0.539452495974235,0.569182389937107,0.583596214511041,0.633333333333333,0.454695222405272,0.552380952380952,0,0.826923076923077,0.537735849056604,0.563106796116505,0.615015974440895,0.440842787682334,0.643564356435644,0.438333333333333,0.442834138486312,0,0.447166921898928,0.536547433903577,0.439749608763693,0.520967741935484,0.445378151260504,0.567567567567568,0.453834115805947,0.547619047619048,0.493650793650794,0.802610114192496,0.488151658767773,0.454976303317536,0.4288,0.701468189233279,0.47244094488189,0.45839874411303,0.561832061068702,0.5553772070626,0.453808752025932,0.431089743589744,0.634028892455859,0.4832,0.460032626427406,0.496815286624204,0.456828885400314,0,0.60291734197731,0.463607594936709,0.553398058252427,0,0.476575121163166,0.00163934426229508,0.57331136738056,0.449139280125196,0.4672,0.00162866449511401,0.582802547770701,0.662440570522979,0.456342668863262,0.559870550161812,0.508972267536705,0.430894308943089,0.658576051779935,0.573899371069182,0.722675367047308,0,0.645264847512038,0.462046204620462,0.451664025356577,0.671428571428571,0.43859649122807,0.456706281833616,0.568218298555377,0.0015748031496063,0.445859872611465,0.4448,0.47741935483871,0.575709779179811,0.559294871794872,0.546925566343042,0.625786163522013,0.598319327731092,0,0.616776315789474,0.597087378640777,0.726688102893891,0,0.663430420711974,0.514516129032258,0.589341692789969,0.660883280757098,0.585139318885449,0,0,0.433179723502304,0.45226917057903,0,0.501582278481013,0.00159235668789809,0,0,0.438709677419355,0,0.462932454695222,0.524879614767255,0.594637223974763,0.430599369085173,0,0,0.463934426229508,0.494607087827427,0.606583072100313,0.566455696202532,0,0.515822784810127,0.588888888888889,0.44888178913738,0.653968253968254,0.733974358974359,0,0.454545454545455,0.561576354679803,0.499186991869919,0.572357723577236,0,0.553459119496855,0.584415584415584,0.554635761589404,0.447284345047923,0,0.500777604976672,0.462783171521036,0.449920508744038,0,0.586991869918699,0.463497453310696,0.559865092748735,0.43968253968254,0.4421875,0.559241706161137,0.423809523809524,0.6875,0.537480063795853,0.564516129032258,0.622149837133551,0.46515397082658,0.00158478605388273,0.553429027113238,0.463722397476341,0.579378068739771,0.642262895174709,0.641935483870968,0,0.643879173290938,0.582922824302135,0.667197452229299,0.462145110410095,0.5625,0.617834394904459,0.599337748344371,0.496124031007752,0.55625,0.481540930979133,0.565640194489465,0,0.457869634340223,0.556259904912837,0.427876823338736,0.637271214642263,0.558730158730159,0.429252782193959,0.459546925566343,0.440191387559809,0.639741518578352,0.462639109697933,0.616260162601626,0.656957928802589,0.473684210526316,0.517405063291139,0,0,0.438511326860841,0.488636363636364,0.571428571428571,0.456910569105691,0.454253611556982,0.641025641025641,0.508885298869144,0.536065573770492,0.509404388714734,0,0.464169381107492,0.612377850162866,0.448165869218501,0.43968253968254,0,0.615629984051037,0.477198697068404,0.543973941368078,0.585874799357945,0.633173843700159,0.561349693251534,0.757234726688103,0.480438184663537,0.577399380804954,0.470684039087948,0.4464,0.4688,0.618811881188119,0.581583198707593,0.456,0.446031746031746,0.00159744408945687,0.5703125,0.594637223974763,0.642405063291139,0.616852146263911,0.445161290322581,0.484076433121019,0.449367088607595,0.140405616224649,0.555555555555556,0,0.58664546899841,0.547504025764895,0.556818181818182,0.647709320695103,0,0.4512,0.469194312796209,0.4432,0.461904761904762,0.581993569131833,0.543408360128617,0,0,0.640650406504065,0.588045234248788,0.610032362459547,0,0.547770700636943,0.427892234548336,0.260188087774295,0.634920634920635,0.453355155482815,0.591125198098257,0.461538461538462,0.800319488817891,0.735614307931571,0,0.434049079754601,0.638436482084691,0.615883306320908,0.517295597484277,0.45839874411303,0.79304897314376,0.00317965023847377,0.504792332268371,0.480438184663537,0,0.466049382716049,0.546178343949045,0.446102819237148,0.563779527559055,0,0.00316957210776545,0.635607321131448,0.614649681528662,0.568037974683544,0.602543720190779,0.00318979266347687,0,0.562596599690881,0.567699836867863,0.433110367892977,0.694888178913738,0.446875,0.54559748427673,0.610576923076923,0.601957585644372,0.565640194489465,0.57843137254902,0.558587479935794,0,0.551612903225806,0,0.446345256609642,0.491721854304636,0.474242424242424,0.557692307692308,0.462295081967213,0,0.614551083591331,0.645161290322581,0.432258064516129,0,0.450079239302694,0,0.709886547811994,0.463108320251177,0,0.587479935794542,0.449511400651466,0.5904,0.491056910569106,0.557120500782473,0,0.448657187993681,0.623987034035656,0,0.671949286846276,0.538102643856921,0.553259141494436,0.45928338762215,0.431340872374798,0.461538461538462,0.466666666666667,0.470779220779221,0,0.462418300653595,0.00636942675159236,0.622641509433962,0.66347687400319,0.453674121405751,0.445337620578778,0.465625,0.466988727858293,0.061128526645768,0.54414125200642,0.463743676222597,0.449438202247191,0.593004769475358,0.451355661881978,0.430842607313196,0.490415335463259,0,0,0.459293394777266,0,0.564263322884012,0,0.48792270531401,0.635024549918167,0.636363636363636,0.659842519685039,0.506410256410256,0.00159744408945687,0.602870813397129,0.4432,0.457278481012658,0.73538961038961,0.645510835913313,0.61633281972265,0.613104524180967,0.604234527687296,0.546899841017488,0.595238095238095,0.6096,0.574193548387097,0.591414944356121,0.552674230145867,0,0.543230016313214,0.617647058823529,0.429284525790349,0.579527559055118,0.6515625,0.603864734299517,0.536050156739812,0.436817472698908,0.500818330605565,0.459677419354839,0.459150326797386,0.442857142857143,0.647527910685805,0.754442649434572,0.456730769230769,0.548387096774194,0.549763033175355,0.55379746835443,0.00314465408805031,0.452418096723869,0.447115384615385,0,0.581320450885668,0,0.498376623376623,0,0.460443037974684,0.450793650793651,0.556603773584906,0.5344,0.438485804416404,0.601286173633441,0.607874015748031,0.506389776357827,0,0,0.521452145214521,0.493129770992366,0.449044585987261,0,0,0.548760330578512,0.594339622641509,0.584,0,0.644654088050314,0,0.511290322580645,0.459935897435897,0.589660743134087,0.618973561430793,0,0.702746365105008,0.633870967741936,0.516129032258065,0.478125,0.5952,0.55877616747182,0.471854304635762,0.0598705501618123,0.446254071661238,0,0.454263565891473,0.00160771704180064,0.434571890145396,0.552504038772213,0.360197368421053,0,0,0.574603174603175,0.476345840130506,0.480438184663537,0.534883720930233,0.570287539936102,0.542673107890499,0.511254019292605,0.504716981132076,0,0.56,0.462903225806452,0,0.444983818770227,0.496815286624204,0.5728,0.0128617363344051,0.538095238095238,0.442879499217527,0.666666666666667,0.564308681672026,0.580698835274542,0.593949044585987,0.620521172638437,0.5744,0.460547504025765,0,0.591935483870968,0.434375,0,0,0.563467492260062,0,0.556270096463023,0.441269841269841,0.568403908794788,0.562295081967213,0.553366174055829,0.615131578947368,0.487179487179487,0.663009404388715,0.019047619047619,0.55718954248366,0.0639344262295082,0.0160513643659711,0,0.503215434083601,0.543443917851501,0.556818181818182,0.573899371069182,0.537360890302067,0.0228384991843393,0.0257234726688103,0.570747217806041,0.0160513643659711,0.00673400673400673,0.0379746835443038,0.0187207488299532,0.0238473767885533,0.56,0.0207667731629393,0.54606365159129,0.563694267515924,0.0163132137030995,0.553627760252366,0.0568720379146919,0.566929133858268,0.549206349206349,0.548286604361371,0.55111821086262
"167",0.99837925445705,1,0.969745222929936,0.942716857610475,0.98489932885906,1,0.886178861788618,0.9744,1,0,1,0,0.573743922204214,1,0.0399361022364217,0.0064,0,0.0146818923327896,0.996655518394649,0.990415335463259,0.148089171974522,0.0314569536423841,0.988871224165342,0,0.966292134831461,0.244262295081967,0.113300492610837,0.99009900990099,0.47275641025641,0.6928,0,0.687196110210697,0.772046589018303,0.269168026101142,0,1,0.0222929936305732,0.995268138801262,0.255485893416928,0.908653846153846,0.00164744645799012,0.0159489633173844,0.00635930047694754,1,0.775747508305648,0.0247524752475248,0.502431118314425,0,0.456,0.129283489096573,0,0.99512987012987,0.258169934640523,1,0.878444084278768,0.157894736842105,0,0.981937602627258,0.9568,0.9024,0.281803542673108,0.431118314424635,0,0,0.914754098360656,0.8464,0,0.993506493506494,0,0,0.852848101265823,0.00646203554119548,0.0194174757281553,1,0,0.718799368088468,0.0495207667731629,0.56957928802589,0.892384105960265,0.250425894378194,0,0.716535433070866,0.202511773940345,0.998407643312102,0.106969205834684,0.912698412698413,0.995176848874598,0.971246006389776,0.966772151898734,0.0125391849529781,0.98538961038961,1,0,0,0.97029702970297,0,0.296596434359805,0.981937602627258,0.00955414012738853,0.00972447325769854,0.616393442622951,0,0.283142389525368,1,0.104761904761905,1,0.00983606557377049,0.979066022544283,0,0.00807754442649435,0.00318979266347687,0.905144694533762,0.330097087378641,0.990196078431373,0,0.988817891373802,0.719211822660099,0,0,0.237179487179487,0,0.762767710049423,0.241157556270096,0.076158940397351,0.970873786407767,0.143312101910828,0.99685534591195,0.995161290322581,0,0.550561797752809,0.932038834951456,0.495881383855025,0.988505747126437,0,0.996726677577741,0.0250783699059561,0,0.194444444444444,0.630048465266559,0.521008403361345,0,0,0.980769230769231,0.775244299674267,0.164451827242525,1,0.00483091787439614,0.924558587479936,0.397708674304419,0.980738362760835,0.138795986622074,0.987034035656402,1,0.837925445705024,0.996747967479675,0,1,0,0,0.753670473083197,0.86031746031746,0.985413290113452,0.0175438596491228,0,1,0.440261865793781,1,1,1,0.279106858054226,0.977455716586151,0.00163934426229508,0.9536,0,0.887230514096186,0.352090032154341,0,0.983818770226537,0,0.855305466237942,1,0.124584717607973,0.982315112540193,0.954041204437401,0.992163009404389,0.976303317535545,0.0969305331179321,0.368916797488226,0.924092409240924,0.944444444444444,0.0465489566613162,0.00316455696202532,0.983660130718954,0.847402597402597,0,0,0.289689034369885,0.00160513643659711,1,0.259904912836767,0.87479674796748,0.752396166134185,0.990566037735849,0.430213464696223,0.445141065830721,0.283630470016207,0.922330097087379,0.964458804523425,0.880503144654088,0,0.889967637540453,0.179661016949153,0.943986820428336,0,0.0659163987138264,0.544871794871795,0.978653530377668,0.97933227344992,0.829821717990275,0.998407643312102,0.896103896103896,0,0.0672,0.669303797468354,0.996732026143791,0,0.992,0.98125,0.559870550161812,0.552922590837283,0.988486842105263,1,0.361022364217252,0,0.884676145339652,0.510673234811166,0.970149253731343,0,0.961783439490446,0.998363338788871,1,0.961227786752827,0.522653721682848,0.00163132137030995,0.965630114566285,0.528571428571429,0.00156494522691706,0.00157977883096367,0.198360655737705,0,0.146864686468647,0.67948717948718,0,0.00476190476190476,0.00810372771474878,0.592063492063492,0.0309446254071661,0.983792544570502,0.0113821138211382,0,0,0.222764227642276,1,0.982258064516129,0.903225806451613,0,0.861435726210351,0.868167202572347,0.691935483870968,0.587947882736156,0.454844006568144,0.458128078817734,0.0111111111111111,1,0.0935023771790808,0.701342281879195,0.960063897763578,0.0127591706539075,0.744783306581059,0.00163132137030995,0.111831442463533,1,1,0.893267651888342,0,0.636655948553055,0.881188118811881,0,0,0.891891891891892,0.982315112540193,0,0,0.00158730158730159,0.981848184818482,0.882644628099174,0,0,0.375404530744337,0.991762767710049,0.786858974358974,0.375609756097561,0.657377049180328,0.9632,0.00978792822185971,1,1,0.00646203554119548,0.969502407704655,1,0.975206611570248,0.996779388083736,0.175697865353038,0.305863708399366,0.277955271565495,0.975206611570248,0.938435940099834,0.0451612903225806,0.268292682926829,0.975688816855754,0.142172523961661,0.3015625,0.993527508090615,1,0.972176759410802,0.700499168053245,0.9968,0.247172859450727,0.964856230031949,0.996753246753247,0,0.3168,0.549668874172185,0.0192926045016077,0.0478468899521531,0.00788643533123028,0.901134521880065,0.0257648953301127,0,0,0.222042139384117,0.990243902439024,0.0633116883116883,0.988215488215488,0.969055374592834,0.98694942903752,0.275693311582382,0.275747508305648,0.665040650406504,0.456081081081081,0,0.829508196721311,0.0125391849529781,0.0410742496050553,0.1957928802589,1,0.00157232704402516,0,0.322222222222222,0.0112540192926045,0.0210696920583468,0.46481178396072,1,0.268533772652389,1,0.967845659163987,0,0.992248062015504,0,1,0.831987075928918,1,0.0113268608414239,0.985668789808917,0,0.881493506493506,0.710482529118136,0.956521739130435,0.987240829346092,0.996742671009772,0.285714285714286,0.975328947368421,1,0,0.0210696920583468,1,1,0.304,0.882825040128411,0.966442953020134,0.958333333333333,1,0,0.12106135986733,1,0.00164744645799012,0,0.964573268921095,0.0115511551155116,0.0466237942122186,1,0.968543046357616,0.0048780487804878,0.629449838187702,0.409090909090909,0.983686786296901,0.00166112956810631,0.859934853420195,0.998336106489185,0.364686468646865,0.605177993527508,0.783739837398374,0,0.166936790923825,0.980613893376414,1,0.447284345047923,1,0.974182444061962,0.0288461538461538,0,0.985530546623794,0.995049504950495,0.949919224555735,0.670926517571885,0.00489396411092985,0.862012987012987,0.232142857142857,0.181818181818182,0.00645161290322581,0.612956810631229,0.605220228384992,0.606012658227848,0,0.272425249169435,0.905691056910569,0.628389154704944,0.495934959349593,0.0830721003134796,0,0,1,0.973478939157566,0,0.925445705024311,0.01,0,0,0.998376623376623,0,1,0.769354838709677,0.527733755942948,1,0,0,0.995145631067961,0.962204724409449,0.730708661417323,0,0.00328947368421053,0.867088607594937,0.594249201277955,1,0.521035598705502,0.336585365853659,0,0.982594936708861,0,0.959349593495935,0.0846905537459283,0,0.0093603744149766,0.103109656301146,0.479131886477462,0.970873786407767,0,0.953968253968254,0.977455716586151,1,0,0.0711920529801325,0.938879456706282,0.00505902192242833,1,1,0.00642054574638844,1,0.288,0.808988764044944,0.00983606557377049,0.166666666666667,0.967479674796748,0.0114566284779051,0,0.974481658692185,0.00658978583196046,0.669435215946844,0.390879478827362,0,0.110223642172524,0.752475247524752,0.254428341384863,0.977812995245642,0,0.151273885350318,0.473333333333333,0.946117274167987,0.882825040128411,0.965346534653465,0.747540983606557,0,0.984276729559748,0,0.970684039087948,0.386513157894737,0,1,1,1,0.634894991922456,0.983844911147011,0.127591706539075,0.180194805194805,0.948136142625608,0.871019108280255,0,0,0.990180032733224,0.935108153078203,0.0146341463414634,0.986733001658375,0.990353697749196,0.368,0.925864909390445,0.737439222042139,0.884126984126984,0,0.970684039087948,0.332242225859247,1,1,0,0.654781199351702,0.971854304635762,0,0.701986754966887,0.375601926163724,0.800623052959502,0.692307692307692,0.9568,0.0881410256410256,0.980707395498392,1,0.982200647249191,0.291457286432161,0.0944625407166124,0.992,1,0.00955414012738853,0.788888888888889,0.444983818770227,0.251612903225806,0.771704180064309,1,0.869565217391304,1,0.124600638977636,0,0,0.831189710610932,0.00161550888529887,0,0.261637239165329,0,0.992076069730586,0.920967741935484,1,0.9952,0.0951612903225806,0,0,0,0.169435215946844,0.0793388429752066,0.151857835218094,0,0,1,0.0111642743221691,0.290849673202614,1,0.583198707592892,0.974317817014446,0.65008025682183,0.643312101910828,0,1,0.393739703459638,0.495081967213115,0.913249211356467,0.990476190476191,0.381410256410256,0.0113821138211382,0.961414790996785,0.965354330708661,0,0.965244865718799,0.0161812297734628,0.988294314381271,0.44,0,0.0110935023771791,0.512562814070352,0.836833602584814,0,0.127659574468085,0.0128410914927769,0.0016750418760469,0.743827160493827,0.0227642276422764,1,0.311004784688995,0.996835443037975,0,0.374193548387097,0.326732673267327,0.856435643564356,0.096989966555184,0.00478468899521531,0.0032258064516129,0.0373376623376623,0,0.993740219092332,0.0415282392026578,0.982704402515723,0.00486223662884927,1,0,0.523885350318471,0.461912479740681,1,0,0.998405103668262,0,0.401666666666667,0.989113530326594,0,0.646496815286624,0.981907894736842,0.734299516908213,0.952998379254457,0.0381558028616852,0,1,0.253756260434057,0,0.680129240710824,0,0.017515923566879,1,1,0.990430622009569,0.969205834683955,0.981907894736842,0,0.982084690553746,0.0207336523125997,0.339652448657188,0.278768233387358,0.993579454253612,0.991961414790997,0.993537964458804,0.996815286624204,0.0549273021001615,0.014827018121911,0.984873949579832,0.967637540453074,0.717741935483871,0.980551053484603,1,0.96969696969697,0,0,0.984326018808777,0,0.0636942675159236,0,0.958132045088567,0.261157024793388,0.205254515599343,0.114516129032258,0.922697368421053,0,0.0969793322734499,1,1,0.631663974151858,0.414219474497682,0.214506172839506,0.180379746835443,0.644736842105263,0,0.118506493506494,0.548123980424144,0.25686591276252,0.695859872611465,0.0112721417069243,0,0,0.315,1,0.626229508196721,0.234472049689441,0.618589743589744,0.871589085072231,0.990461049284579,0.959731543624161,0.978723404255319,1,0.998373983739837,0.533117932148627,0.4112,1,0.00313479623824451,0.00626959247648903,0.868932038834951,0.0110935023771791,1,0.973015873015873,0,0.110016420361248,0,0.950819672131147,0,0.973101265822785,1,0.00643086816720257,0.838815789473684,1,0.657467532467532,0.626391096979332,0.868932038834951,0,0,0.931208053691275,0.938176197836167,0.988906497622821,0,0,0,0.238019169329073,0.519354838709677,0,0.427884615384615,0,0.922056384742952,1,0.161550888529887,0.231378763866878,0,0.337115072933549,0.592471358428805,0.863414634146341,0.963375796178344,0.766025641025641,0,0.988448844884488,0.0145631067961165,1,0,0.98256735340729,0.00814332247557003,1,0.0199667221297837,0.0130293159609121,0,0,0.828478964401295,0.933333333333333,0.940418679549114,0.713831478537361,0.0189274447949527,0.00484652665589661,0.824193548387097,0.837245696400626,0,0.0161030595813204,0.970588235294118,0,0.988467874794069,0.953748006379585,0.0680713128038898,0.0372771474878444,0.00327332242225859,1,0.461920529801325,0.077175697865353,0.100502512562814,0.115569823434992,0.699173553719008,0.0862619808306709,1,0,0.775777414075286,0.982343499197432,0.00323624595469256,0,0,0,0,1,0.726666666666667,0,0,0.545155993431856,0.953719008264463,0.440322580645161,0.0481540930979133,0,0.0542763157894737,0.0160513643659711,0,0.0308441558441558,0.00317460317460317,0,0.00797448165869218,0,0.0443349753694581,0.0544871794871795,0.0159744408945687,0.0194805194805195,0.00498338870431894,0.0273311897106109,0.0243506493506494,0.0531400966183575,0.00646203554119548,0.0192926045016077,0,0.00328407224958949,0.0462046204620462,0.00818330605564648,0.021978021978022,0,0.0288,0.00156494522691706,0
"168",0.998420221169036,1,0.969040247678019,0.941176470588235,0.984177215189873,1,0.887480190174326,0.975155279503106,1,0,1,0,0.573619631901841,1,0.0403100775193798,0.00777604976671851,0,0.0174050632911392,0.998405103668262,0.982594936708861,0.154320987654321,0.035031847133758,0.992307692307692,0,0.959501557632399,0.25,0.105990783410138,0.988782051282051,0.473200612557427,0.693374422187982,0,0.689814814814815,0.764984227129338,0.276661514683153,0,1,0.0170278637770898,0.995334370139969,0.257871064467766,0.907153729071537,0.00156494522691706,0.0185758513931889,0.0062015503875969,1,0.781906300484653,0.0238473767885533,0.51496062992126,0,0.468797564687976,0.130568356374808,0,0.992138364779874,0.265940902021773,1,0.878594249201278,0.154205607476636,0,0.9792,0.952012383900929,0.900928792569659,0.289473684210526,0.447040498442368,0,0,0.892282958199357,0.820710973724884,0,0.98755832037325,0,0,0.848623853211009,0.0078740157480315,0.0218408736349454,1,0,0.714719271623672,0.0396341463414634,0.580093312597201,0.891338582677165,0.247078464106845,0,0.709923664122137,0.217125382262997,1,0.107142857142857,0.90937019969278,0.995348837209302,0.966412213740458,0.961479198767334,0.0107033639143731,0.988835725677831,1,0,0,0.973312401883831,0,0.301710730948678,0.984375,0.00920245398773006,0.0110062893081761,0.623417721518987,0,0.280125195618153,1,0.102134146341463,1,0.0093603744149766,0.975308641975309,0,0.009375,0.00769230769230769,0.90251572327044,0.31733746130031,0.993740219092332,0,0.986089644513138,0.713414634146341,0,0,0.237717908082409,0,0.767550702028081,0.253125,0.0811688311688312,0.975609756097561,0.157975460122699,0.996937212863706,0.998435054773083,0,0.549295774647887,0.941176470588235,0.495987158908507,0.990476190476191,0,0.995215311004785,0.0198473282442748,0,0.207488299531981,0.633647798742138,0.521669341894061,0,0,0.978328173374613,0.76036866359447,0.17693522906793,1,0.00315457413249211,0.923547400611621,0.400630914826498,0.978787878787879,0.133440514469453,0.987616099071207,1,0.84031007751938,0.995334370139969,0,1,0,0,0.738853503184713,0.86280487804878,0.982892690513219,0.0123456790123457,0,1,0.451510333863275,1,1,1,0.296240601503759,0.978361669242658,0.0015552099533437,0.955927051671733,0,0.896389324960754,0.370769230769231,0,0.981481481481482,0,0.848531684698609,1,0.122065727699531,0.982892690513219,0.945652173913043,0.991044776119403,0.975384615384615,0.0966257668711656,0.36906584992343,0.933441558441558,0.94488188976378,0.04858934169279,0.0061633281972265,0.98256735340729,0.855365474339036,0,0,0.299050632911392,0.00153846153846154,1,0.245481927710843,0.874203821656051,0.751937984496124,0.99079754601227,0.423380726698262,0.442040185471406,0.289308176100629,0.915360501567398,0.968,0.880184331797235,0,0.880484114977307,0.182692307692308,0.943661971830986,0,0.0657492354740061,0.530326594090202,0.973520249221184,0.976923076923077,0.825816485225505,0.998466257668712,0.9,0,0.0690737833594976,0.660060975609756,0.995297805642633,0,0.993865030674847,0.978819969742814,0.553488372093023,0.542242703533026,0.99211356466877,1,0.372093023255814,0,0.885145482388974,0.520376175548589,0.967793880837359,0,0.955993930197269,0.9984375,1,0.953821656050955,0.533950617283951,0.00159744408945687,0.96984126984127,0.549230769230769,0.00302571860816944,0.00150375939849624,0.197138314785374,0,0.153125,0.669767441860465,0,0.00152905198776758,0.00618238021638331,0.587423312883436,0.0395569620253165,0.987240829346092,0.0110759493670886,0,0,0.217806041335453,1,0.979782270606532,0.899691358024691,0,0.8688,0.854740061162079,0.688575899843505,0.600308641975309,0.462025316455696,0.458135860979463,0.0109546165884194,1,0.0947204968944099,0.70364500792393,0.9578125,0.00773993808049536,0.759316770186335,0.0015600624024961,0.101851851851852,1,1,0.892405063291139,0,0.634408602150538,0.876386687797147,0,0,0.889570552147239,0.977777777777778,0,0.00155038759689922,0,0.980861244019139,0.879310344827586,0,0,0.381395348837209,0.987341772151899,0.788343558282209,0.379471228615863,0.660883280757098,0.956989247311828,0.00772797527047913,1,1,0.00470957613814757,0.9671875,1,0.975649350649351,0.996913580246914,0.187306501547988,0.306853582554517,0.280674846625767,0.974763406940063,0.9424,0.0505359877488515,0.258675078864353,0.971742543171115,0.143297380585516,0.298192771084337,0.996879875195008,0.996860282574568,0.967441860465116,0.692675159235669,1,0.244865718799368,0.964831804281346,0.998412698412698,0,0.326687116564417,0.551834130781499,0.0171606864274571,0.0537634408602151,0.0061633281972265,0.90894819466248,0.0292758089368259,0,0,0.228748068006182,0.995268138801262,0.0632716049382716,0.983922829581994,0.972093023255814,0.984276729559748,0.287519747235387,0.285488958990536,0.675548589341693,0.454838709677419,0,0.818466353677621,0.010590015128593,0.0366412213740458,0.198748043818466,1,0.0015552099533437,0,0.324116743471582,0.00921658986175115,0.0175718849840256,0.474763406940063,1,0.2672,1,0.973186119873817,0,0.992526158445441,0,0.998473282442748,0.836448598130841,1,0.0125391849529781,0.980213089802131,0,0.885579937304075,0.708399366085578,0.946483180428135,0.984567901234568,0.996870109546166,0.284810126582278,0.965408805031447,1,0,0.0297805642633229,1,1,0.31055900621118,0.890282131661442,0.959807073954984,0.954128440366973,1,0,0.110410094637224,1,0,0,0.965408805031447,0.0111464968152866,0.0388198757763975,1,0.966876971608833,0.00470957613814757,0.633540372670807,0.420722135007849,0.982677165354331,0.00158227848101266,0.870514820592824,0.996774193548387,0.380216383307573,0.601574803149606,0.78858024691358,0,0.161741835147745,0.976415094339623,0.9984375,0.449612403100775,1,0.974151857835218,0.0297805642633229,0.00154798761609907,0.982998454404946,0.995412844036697,0.953198127925117,0.694444444444444,0.0031201248049922,0.863422291993721,0.2326656394453,0.1892797319933,0.00777604976671851,0.625,0.600311041990669,0.595054095826893,0,0.280701754385965,0.909937888198758,0.643185298621746,0.513803680981595,0.0763473053892216,0,0,1,0.974085365853659,0,0.919753086419753,0.0095389507154213,0,0,0.998415213946117,0,1,0.778816199376947,0.527522935779816,1,0,0,0.992319508448541,0.962406015037594,0.727975270479134,0,0.00316957210776545,0.873831775700935,0.590288315629742,1,0.526234567901235,0.335974643423138,0,0.982785602503912,0,0.955342902711324,0.0795631825273011,0,0.00899550224887556,0.111287758346582,0.482815057283142,0.968895800933126,0,0.953383458646617,0.975460122699387,1,0,0.0670926517571885,0.932896890343699,0.00480769230769231,1,1,0.0093167701863354,1,0.294117647058824,0.806501547987616,0.00930232558139535,0.165615141955836,0.958139534883721,0.00940438871473354,0,0.972136222910217,0.00789889415481832,0.667194928684628,0.384251968503937,0,0.108527131782946,0.744408945686901,0.254290171606864,0.975346687211094,0,0.141321044546851,0.454106280193237,0.946808510638298,0.88719512195122,0.965571205007825,0.747619047619048,0,0.98468606431853,0,0.967238689547582,0.388535031847134,0,1,1,1,0.638198757763975,0.982919254658385,0.120689655172414,0.191455696202532,0.942546583850932,0.877742946708464,0,0,0.989010989010989,0.936608557844691,0.0156739811912226,0.980952380952381,0.993798449612403,0.363207547169811,0.936608557844691,0.724683544303797,0.879939209726444,0,0.97007874015748,0.33641975308642,1,0.998463901689708,0,0.640625,0.971608832807571,0,0.683307332293292,0.367692307692308,0.8003003003003,0.681889763779528,0.964071856287425,0.0816023738872404,0.984101748807631,1,0.978294573643411,0.293838862559242,0.102201257861635,0.992295839753467,1,0.00772797527047913,0.773643410852713,0.449922958397535,0.249216300940439,0.766153846153846,1,0.878930817610063,1,0.116385911179173,0,0,0.827102803738318,0.00313479623824451,0,0.261755485893417,0,0.992272024729521,0.907692307692308,0.998427672955975,0.993846153846154,0.0858034321372855,0,0,0,0.171974522292994,0.0760869565217391,0.139498432601881,0,0,1,0.00604229607250755,0.29559748427673,1,0.587057010785824,0.975039001560062,0.653786707882535,0.632930513595166,0,1,0.390127388535032,0.4875,0.920122887864823,0.989247311827957,0.386153846153846,0.0107033639143731,0.952755905511811,0.953775038520801,0,0.963855421686747,0.0169491525423729,0.985714285714286,0.427921092564492,0,0.00938967136150235,0.515347334410339,0.839563862928349,0,0.12755905511811,0.0108527131782946,0.0016,0.756756756756757,0.0222222222222222,1,0.302795031055901,0.992331288343558,0,0.374045801526718,0.325396825396825,0.864864864864865,0.101123595505618,0.00307692307692308,0.00308166409861325,0.0373831775700935,0,0.995475113122172,0.0384,0.979073243647235,0.00313971742543171,1,0,0.527355623100304,0.466453674121406,1,0,1,0,0.390822784810127,0.990726429675425,0,0.652439024390244,0.977952755905512,0.754777070063694,0.951026856240126,0.036697247706422,0,1,0.259083728278041,0,0.694528875379939,0,0.015220700152207,1,1,0.989296636085627,0.967391304347826,0.981220657276995,0,0.977707006369427,0.0230414746543779,0.350850077279753,0.277519379844961,0.992248062015504,0.992150706436421,0.995348837209302,0.99236641221374,0.0559875583203732,0.0141287284144427,0.983870967741935,0.962382445141066,0.725075528700906,0.98125,1,0.970769230769231,0,0,0.982008995502249,0,0.0687022900763359,0,0.955108359133127,0.271860095389507,0.207062600321027,0.11791730474732,0.928237129485179,0,0.105590062111801,1,1,0.640062597809077,0.409295352323838,0.215361445783133,0.167173252279635,0.658653846153846,0,0.12093023255814,0.542901716068643,0.253918495297806,0.712328767123288,0.00938967136150235,0,0,0.313001605136437,1,0.620426829268293,0.224397590361446,0.621329211746522,0.869431643625192,0.989425981873112,0.954838709677419,0.981012658227848,1,0.998425196850394,0.547581903276131,0.410493827160494,0.998427672955975,0.00606060606060606,0.0106382978723404,0.867601246105919,0.0108359133126935,1,0.969418960244648,0,0.118971061093248,0,0.952681388012618,0,0.973561430793157,1,0.00771604938271605,0.838258164852255,1,0.649452269170579,0.618012422360248,0.868878357030016,0,0,0.935379644588045,0.948529411764706,0.989214175654854,0,0,0,0.235474006116208,0.50390015600624,0,0.45398773006135,0,0.924920127795527,1,0.167449139280125,0.239938080495356,0,0.332814930015552,0.581143740340031,0.865325077399381,0.963525835866261,0.777434312210201,0,0.987261146496815,0.0172684458398744,1,0,0.980213089802131,0.00782472613458529,1,0.0156494522691706,0.00797448165869218,0,0,0.823802163833076,0.931464174454829,0.926717557251908,0.718844984802432,0.0227272727272727,0.00474683544303797,0.822981366459627,0.839339339339339,0,0.0110062893081761,0.968454258675079,0,0.987381703470032,0.9558599695586,0.0709876543209877,0.0436817472698908,0.00309597523219814,1,0.452978056426332,0.0714285714285714,0.0948553054662379,0.1,0.695374800637959,0.0838414634146342,1,0,0.755102040816326,0.984779299847793,0.00475435816164818,0,0,0,0,1,0.709984152139461,0,0,0.545886075949367,0.951026856240126,0.441860465116279,0.0541353383458647,0.00159235668789809,0.0579937304075235,0.02,0,0.0253164556962025,0.00302114803625378,0.0015625,0.00916030534351145,0,0.0522151898734177,0.0599078341013825,0.0124031007751938,0.0216383307573416,0.00637958532695375,0.029320987654321,0.0278637770897833,0.0627871362940276,0.0062015503875969,0.0232558139534884,0,0.00158227848101266,0.0466988727858293,0.00784929356357928,0.027231467473525,0,0.0373250388802488,0.00150375939849624,0.0015527950310559
"169",0.998427672955975,1,0.969088098918083,0.938095238095238,0.984227129337539,1,0.886115444617785,0.972093023255814,1,0,1,0,0.5640625,1,0.0385208012326656,0.00775193798449612,0,0.0154320987654321,0.996860282574568,0.98297213622291,0.150537634408602,0.0369181380417336,0.990625,0,0.95405819295559,0.246445497630332,0.107309486780715,0.987240829346092,0.458143074581431,0.683409436834094,0,0.678516228748068,0.756671899529042,0.291217257318952,0,1,0.015527950310559,0.993893129770992,0.24773413897281,0.897081413210445,0.00157232704402516,0.0153609831029186,0.00618238021638331,1,0.787539936102236,0.0220125786163522,0.510108864696734,0,0.451367781155015,0.126331811263318,0,0.992211838006231,0.260061919504644,1,0.878787878787879,0.156549520766773,0,0.974683544303797,0.95565749235474,0.898148148148148,0.282843894899536,0.425954198473282,0,0,0.894488188976378,0.810477657935285,0,0.990625,0,0,0.864864864864865,0.0078125,0.0138248847926267,1,0,0.698630136986301,0.0380517503805175,0.551145038167939,0.887278582930757,0.250819672131148,0,0.706870229007634,0.206738131699847,0.998470948012232,0.107142857142857,0.910470409711684,0.996932515337423,0.969230769230769,0.969278033794163,0.00909090909090909,0.987421383647799,1,0,0,0.970542635658915,0,0.287692307692308,0.983024691358025,0.00460122699386503,0.00623052959501558,0.609302325581395,0,0.2703125,1,0.103030303030303,1,0.0093167701863354,0.975,0,0.00927357032457496,0.00622083981337481,0.90251572327044,0.317829457364341,0.992272024729521,0,0.985959438377535,0.712962962962963,0,0,0.223088923556942,0,0.758513931888545,0.237577639751553,0.064873417721519,0.973643410852713,0.141768292682927,0.996960486322188,0.995412844036697,0,0.541795665634675,0.935736677115988,0.481012658227848,0.990476190476191,0,0.996820349761526,0.0152905198776758,0,0.199367088607595,0.620528771384137,0.511182108626198,0,0,0.98116169544741,0.755384615384615,0.160828025477707,1,0.0046583850931677,0.925465838509317,0.39297124600639,0.978494623655914,0.13237639553429,0.987616099071207,1,0.838167938931298,0.995419847328244,0,1,0,0,0.72397476340694,0.863568215892054,0.981424148606811,0.0182370820668693,0,1,0.442857142857143,1,1,1,0.277526395173454,0.976887519260401,0,0.951588502269289,0,0.894488188976378,0.357142857142857,0,0.9796875,0,0.847692307692308,1,0.108661417322835,0.981481481481482,0.944530046224962,0.990990990990991,0.970858895705521,0.0852713178294574,0.366261398176292,0.923076923076923,0.946540880503145,0.0475460122699387,0.00613496932515337,0.979655712050078,0.846749226006192,0,0,0.279552715654952,0.00156494522691706,1,0.244712990936556,0.871674491392801,0.756630265210608,0.990683229813665,0.426127527216174,0.422900763358779,0.274725274725275,0.921875,0.962674961119751,0.874039938556068,0,0.889057750759878,0.172025723472669,0.948837209302326,0,0.067175572519084,0.536209553158706,0.978260869565217,0.977409638554217,0.821316614420063,0.998482549317147,0.889763779527559,0,0.0670826833073323,0.655120481927711,0.995260663507109,0,0.993930197268589,0.98036253776435,0.552099533437014,0.551937984496124,0.9875,1,0.354330708661417,0,0.881458966565349,0.525741029641186,0.970636215334421,0,0.960546282245827,0.998427672955975,1,0.947204968944099,0.525679758308157,0,0.968895800933126,0.531722054380665,0.0014903129657228,0.00150602409638554,0.196594427244582,0,0.149068322981366,0.677321156773212,0,0.00463678516228748,0.00917431192660551,0.584732824427481,0.0407523510971787,0.987480438184664,0.0109204368174727,0,0,0.220839813374806,1,0.978260869565217,0.897990726429675,0,0.867298578199052,0.849544072948328,0.685534591194969,0.60625,0.453834115805947,0.449139280125196,0.0107361963190184,1,0.0931297709923664,0.688709677419355,0.9609375,0.00927357032457496,0.738058551617874,0.00155038759689922,0.109756097560976,1,1,0.888178913738019,0,0.650842266462481,0.876755070202808,0,0,0.892802450229709,0.97933227344992,0,0.0015527950310559,0.00152671755725191,0.982511923688394,0.877358490566038,0,0,0.375776397515528,0.988993710691824,0.783004552352049,0.380585516178737,0.647887323943662,0.963246554364472,0.00775193798449612,1,1,0.00622083981337481,0.967642526964561,1,0.971473851030111,0.996884735202492,0.186335403726708,0.298921417565485,0.266666666666667,0.973143759873618,0.934083601286174,0.0462249614791988,0.252365930599369,0.973724884080371,0.148773006134969,0.301043219076006,0.995341614906832,0.996794871794872,0.969040247678019,0.68312101910828,0.996923076923077,0.242472266244057,0.96594427244582,0.996840442338073,0,0.305007587253414,0.539936102236422,0.0154559505409583,0.0510046367851623,0.0075187969924812,0.909647779479326,0.0215384615384615,0,0,0.230061349693252,0.992025518341308,0.0649149922720247,0.98858075040783,0.970358814352574,0.984447900466563,0.264385692068429,0.267515923566879,0.646875,0.458199356913183,0,0.812792511700468,0.0105263157894737,0.0257966616084977,0.195652173913043,1,0.00152905198776758,0,0.319571865443425,0.00925925925925926,0.0220125786163522,0.457098283931357,1,0.2624,1,0.967136150234742,0,0.992559523809524,0,0.998477929984779,0.819444444444444,1,0.0125,0.977029096477795,0,0.875590551181102,0.70846394984326,0.944615384615385,0.987748851454824,0.998454404945904,0.276073619631902,0.961783439490446,1,0,0.0186335403726708,1,1,0.309341500765697,0.874425727411945,0.969551282051282,0.953775038520801,1,0,0.106180665610143,1,0.00153846153846154,0,0.961904761904762,0.00949367088607595,0.0389408099688473,1,0.968895800933126,0.00314465408805031,0.628440366972477,0.420634920634921,0.982511923688394,0.00158227848101266,0.86698717948718,0.996815286624204,0.350710900473934,0.6,0.792511700468019,0,0.15527950310559,0.974683544303797,0.998459167950693,0.438948995363215,1,0.97092084006462,0.0265210608424337,0.0015625,0.984756097560976,0.993710691823899,0.958268933539413,0.668683812405446,0.00625,0.858034321372855,0.232919254658385,0.171617161716172,0.00460829493087558,0.604395604395604,0.6109375,0.617511520737327,0,0.272870662460568,0.904615384615385,0.622496147919877,0.507692307692308,0.0655737704918033,0,0,1,0.972350230414747,0,0.924265842349305,0.00801282051282051,0,0,0.998432601880878,0,1,0.77217125382263,0.522590361445783,1,0,0,0.992295839753467,0.958904109589041,0.70679012345679,0,0.00158982511923688,0.869760479041916,0.594090202177294,1,0.521538461538462,0.333333333333333,0,0.981679389312977,0,0.956043956043956,0.080188679245283,0,0.00906344410876133,0.109375,0.482142857142857,0.972179289026275,0,0.95059880239521,0.980091883614089,1,0,0.0658307210031348,0.931707317073171,0.00325732899022801,1,1,0.0061633281972265,1,0.279320987654321,0.798151001540832,0.00622083981337481,0.161137440758294,0.962674961119751,0.00930232558139535,0,0.973926380368098,0.00477707006369427,0.640449438202247,0.388364779874214,0,0.103715170278638,0.737520128824477,0.24031007751938,0.976744186046512,0,0.143939393939394,0.448387096774194,0.952671755725191,0.878419452887538,0.957943925233645,0.726688102893891,0,0.981762917933131,0,0.968798751950078,0.384615384615385,0,1,1,1,0.631007751937985,0.986301369863014,0.126348228043143,0.173913043478261,0.956856702619414,0.868624420401855,0,0,0.992138364779874,0.938291139240506,0.0123647604327666,0.98256735340729,0.992331288343558,0.348694316436252,0.930599369085173,0.737089201877934,0.876876876876877,0,0.975077881619938,0.322530864197531,1,0.998439937597504,0,0.616352201257862,0.973312401883831,0,0.678571428571429,0.363919129082426,0.787425149700599,0.686915887850467,0.95475113122172,0.0842105263157895,0.985826771653543,1,0.983024691358025,0.291139240506329,0.0878274268104777,0.990811638591118,1,0.00612557427258806,0.768875192604006,0.450858034321373,0.243034055727554,0.767692307692308,1,0.874613003095975,1,0.117557251908397,0,0,0.820592823712949,0.00313971742543171,0,0.253894080996885,0,0.992260061919505,0.911179173047473,0.998456790123457,0.993930197268589,0.088785046728972,0,0,0,0.156985871271586,0.0727848101265823,0.142857142857143,0,0,1,0.00910470409711684,0.281733746130031,1,0.582043343653251,0.967340590979782,0.652439024390244,0.636923076923077,0,1,0.384244372990354,0.496062992125984,0.91981845688351,0.989280245022971,0.378086419753086,0.0108359133126935,0.953271028037383,0.957055214723926,0,0.967213114754098,0.0137614678899083,0.985436893203884,0.423676012461059,0,0.00782472613458529,0.51219512195122,0.84031007751938,0,0.12480252764613,0.00934579439252336,0.00158478605388273,0.74251497005988,0.0214723926380368,1,0.309451219512195,0.993966817496229,0,0.38030303030303,0.324409448818898,0.858712715855573,0.0881410256410256,0.00462962962962963,0.00307692307692308,0.0328638497652582,0,0.995461422087746,0.0390625,0.978915662650602,0.00314465408805031,1,0,0.513636363636364,0.449526813880126,1,0,0.998461538461539,0,0.380952380952381,0.98936170212766,0,0.643730886850153,0.979782270606532,0.742138364779874,0.949606299212598,0.0320121951219512,0,1,0.250793650793651,0,0.68558282208589,0,0.0151057401812689,1,1,0.992283950617284,0.96937212863706,0.981102362204724,0,0.971875,0.0154083204930663,0.338368580060423,0.266975308641975,0.990668740279938,0.992283950617284,0.992389649923896,0.992307692307692,0.0461538461538462,0.0124416796267496,0.983844911147011,0.962848297213622,0.699846860643185,0.978494623655914,1,0.972434915773354,0,0,0.980625931445604,0,0.0620272314674735,0,0.952012383900929,0.265402843601896,0.206070287539936,0.115207373271889,0.924290220820189,0,0.100308641975309,1,1,0.633385335413417,0.407796101949025,0.202941176470588,0.168195718654434,0.640253565768621,0,0.110248447204969,0.544323483670295,0.253869969040248,0.682926829268293,0.0109375,0,0,0.312302839116719,1,0.614307931570762,0.214814814814815,0.599690880989181,0.87175572519084,0.987951807228916,0.955414012738854,0.981012658227848,1,0.998427672955975,0.53198127925117,0.408037094281298,0.998454404945904,0.00447093889716841,0.00755287009063444,0.865325077399381,0.0107858243451464,1,0.972350230414747,0,0.10031847133758,0,0.956521739130435,0,0.974320241691843,1,0.00458015267175573,0.818466353677621,1,0.648264984227129,0.621374045801527,0.867394695787831,0,0,0.931818181818182,0.943283582089552,0.989263803680982,0,0,0,0.233486943164363,0.483720930232558,0,0.449848024316109,0,0.9232,1,0.149765990639626,0.229938271604938,0,0.336990595611285,0.584639498432602,0.855161787365177,0.967065868263473,0.768645357686454,0,0.9904,0.0158478605388273,1,0,0.983282674772036,0.0062015503875969,1,0.0170278637770898,0.0109204368174727,0,0,0.812403100775194,0.925867507886435,0.934150076569678,0.719325153374233,0.0238805970149254,0.0046583850931677,0.837962962962963,0.844311377245509,0,0.0171073094867807,0.964006259780908,0,0.985781990521327,0.957446808510638,0.0636645962732919,0.0427480916030534,0.0015527950310559,1,0.463722397476341,0.0745341614906832,0.0984126984126984,0.101823708206687,0.679873217115689,0.0889570552147239,1,0,0.7453125,0.98159509202454,0.00313479623824451,0,0,0,0,1,0.720447284345048,0,0,0.544461778471139,0.954545454545455,0.423547400611621,0.0442748091603053,0.00157728706624606,0.0521327014218009,0.0169491525423729,0,0.0251177394034537,0.00603318250377074,0.0015625,0.0123076923076923,0,0.0473186119873817,0.0523076923076923,0.0108191653786708,0.0186335403726708,0.00481540930979133,0.0221518987341772,0.0216383307573416,0.0559757942511346,0.00613496932515337,0.0201550387596899,0,0.00153139356814701,0.0440251572327044,0.00617283950617284,0.0198170731707317,0,0.0321100917431193,0.00148809523809524,0.0015625
"170",0.281733746130031,0.280728376327769,0.311349693251534,0.329211746522411,0.294952681388013,0.288188976377953,0.347352024922118,0.317901234567901,0.299694189602446,0,0.285714285714286,0,0.508270676691729,0.285053929121726,0.68960244648318,0.72281776416539,0,0.0046583850931677,0.2859375,0.289230769230769,0.67651632970451,0.70440251572327,0.295558958652374,0,0.326807228915663,0.718266253869969,0.763803680981595,0.290171606864275,0.59606656580938,0.449319213313162,0.712328767123288,0.48159509202454,0.443585780525502,0.942812982998454,0,0.2859375,0.00606980273141123,0.292237442922374,0.668174962292609,0.362121212121212,0,0.00447761194029851,0,0.2953125,0.422047244094488,0.721698113207547,0.665116279069767,0.712715855572998,0.581081081081081,0.676783004552352,0,0.296583850931677,0.670245398773006,0.289676425269646,0.343799058084772,0.690625,0,0.312401883830455,0.294930875576037,0.358778625954198,0.944530046224962,0.592261904761905,0.718799368088468,0,0.351937984496124,0.411944869831547,0,0.3015625,0,0.702954898911353,0.431137724550898,0.692780337941628,0.723241590214067,0.274809160305344,0,0.468373493975904,0.710166919575114,0.555895865237366,0.3484375,0.649918962722853,0,0.487878787878788,0.631578947368421,0.285498489425982,0.682926829268293,0.360606060606061,0.287692307692308,0.303625377643505,0.303951367781155,0.0029940119760479,0.288372093023256,0.281972265023112,0,0,0.298273155416013,0,0.613981762917933,0.296296296296296,0.00153609831029186,0.00154798761609907,0.516079632465544,0,0.650546021840874,0.278816199376947,0.701649175412294,0.287267080745342,0.0031496062992126,0.317073170731707,0.702619414483821,0.715160796324655,0.705614567526555,0.344186046511628,0.644305772230889,0.303490136570561,0,0.300455235204856,0.470046082949309,0,0.71319018404908,0.674085850556439,0,0.452307692307692,0.649016641452345,0.822152886115445,0.309006211180124,0.722560975609756,0.292237442922374,0.287671232876712,0,0.52833078101072,0.346153846153846,0.5734375,0.285488958990536,0,0.297045101088647,0.705089820359281,0,0.679748822605965,0.560862865947612,0.544303797468354,0,0,0.307926829268293,0.465224111282844,0.680952380952381,0.291277258566978,0.693623639191291,0.332321699544765,0.594679186228482,0.287856071964018,0.692307692307692,0.30077519379845,0.282539682539683,0.400309119010819,0.294930875576037,0.697347893915757,0.283513097072419,0.703703703703704,0,0.468454258675079,0.366111951588502,0.293394777265745,0.705792682926829,0,0.285496183206107,0.579937304075235,0.279106858054226,0.296240601503759,0.277526395173454,1,0.306870229007634,0.714503816793893,0.310606060606061,0.723214285714286,0.355242566510172,0.69218989280245,0,0.303543913713405,0,0.414634146341463,0.274961597542243,0.663551401869159,0.293313069908815,0.319571865443425,0.29037037037037,0.301515151515152,0.720610687022901,0.622556390977444,0.351822503961965,0.323076923076923,0.708588957055215,0.712098009188361,0.299373040752351,0.374613003095975,0,0,0.6578125,0,0.301659125188537,0.682706766917293,0.364485981308411,0.487022900763359,0.283382789317507,0.579439252336449,0.586259541984733,0.651162790697674,0.320987654320988,0.308641975308642,0.358231707317073,0,0.36969696969697,0.688888888888889,0.328616352201258,0.6953125,0.696048632218845,0.545171339563863,0.30030959752322,0.294469357249626,0.398133748055988,0.277349768875193,0.373643410852713,0,0.704334365325077,0.497744360902256,0.281931464174455,0,0.300751879699248,0.306092124814265,0.533950617283951,0.51840490797546,0.315384615384615,0.284591194968553,0.594427244582043,0,0.338880484114977,0.571865443425077,0.301412872841444,0.713414634146341,0.310606060606061,0.293023255813953,0.291411042944785,0.332814930015552,0.56969696969697,0.713615023474178,0.326153846153846,0.655538694992413,0.71577380952381,0.705621301775148,0.6703125,0.708333333333333,0.657686212361331,0.481818181818182,0.714723926380368,0.709284627092846,0.710166919575114,0.516666666666667,0.676703645007924,0.301261829652997,0.00156494522691706,0.710077519379845,0,0.676425269645609,0.279106858054226,0.301829268292683,0.381538461538462,0,0.347133757961783,0.382397572078907,0.480857580398162,0.522273425499232,0.56055900621118,0.573619631901841,0.00151975683890578,0.293291731669267,0.697709923664122,0.481658692185008,0.311526479750779,0.710769230769231,0.429007633587786,0.721792890262751,0.688350983358548,0.295522388059701,0.290220820189274,0.340694006309148,0,0.502269288956127,0.34009360374415,0,0.720300751879699,0.332833583208396,0.307453416149068,0,0.713414634146341,0.710644677661169,0.296411856474259,0.363494539781591,0.709576138147567,0,0.597842835130971,0.309148264984227,0.425339366515837,0.613636363636364,0.493730407523511,0.305343511450382,0.723241590214067,0.297297297297297,0.277950310559006,0.717357910906298,0.303680981595092,0.295031055900621,0.314641744548287,0.283536585365854,0.705972434915773,0.656060606060606,0.655436447166922,0.2984375,0.319047619047619,0.0167427701674277,0.683881064162754,0.323029366306028,0.740458015267176,0.638805970149254,0.290273556231003,0.294298921417565,0.309451219512195,0.492979719188768,0.284638554216867,0.6796875,0.322678843226788,0.306603773584906,0,0.65052950075643,0.514195583596215,0.721362229102167,0.0167173252279635,0.712977099236641,0.346213292117465,0.758308157099698,0.716692189892802,0,0.724770642201835,0.291217257318952,0.699849170437406,0.300632911392405,0.326251896813354,0.302325581395349,0.666666666666667,0.646687697160883,0.521875,0.579967689822294,0,0.429447852760736,0.705089820359281,0.692307692307692,0.672727272727273,0.3,0.716049382716049,0,0.642526964560863,0.704545454545455,0.718995290423862,0.535987748851455,0.28129829984544,0.63968253968254,0.294022617124394,0.301075268817204,0,0.297058823529412,0.710606060606061,0.285280728376328,0.400306748466258,0.299524564183835,0.702160493827161,0.315315315315315,0.709774436090226,0.373846153846154,0.477449455676516,0.331316187594554,0.306990881458967,0.278207109737249,0.662632375189107,0.32093023255814,0.282477341389728,0.734939759036145,0.71689497716895,0.2734375,0.289230769230769,0.626139817629179,0.359877488514548,0.307570977917981,0.309090909090909,0.298325722983257,0,0.715179968701095,0.281391830559758,0.719135802469136,0,0.314728682170543,0.00157728706624606,0.714285714285714,0.295081967213115,0.309119010819165,0,0.502276176024279,0.683720930232558,0.289719626168224,0.706161137440758,0.38390092879257,0.27742946708464,0.627906976744186,0.50384024577573,0.443234836702955,0,0.695252679938744,0.300157977883096,0.281055900621118,0.672307692307692,0.294478527607362,0.3184,0.7140625,0.0015220700152207,0.29500756429652,0.290769230769231,0.332312404287902,0.50611620795107,0.710280373831776,0.362654320987654,0.760242792109256,0.661764705882353,0.00153139356814701,0.543035993740219,0.588785046728972,0.577812018489985,0,0.664025356576862,0.346625766871166,0.537519142419602,0.561456752655539,0.707964601769911,0,0,0.279761904761905,0.307458143074581,0,0.346153846153846,0.003125,0,0,0.276827371695179,0,0.2928,0.408950617283951,0.554380664652568,0.281391830559758,0,0,0.302611367127496,0.323795180722892,0.478723404255319,0.708649468892261,0.00158478605388273,0.341945288753799,0.515151515151515,0.294478527607362,0.671779141104294,0.645061728395062,0,0.295281582952816,0.682170542635659,0.323529411764706,0.688679245283019,0,0.693939393939394,0.690513219284603,0.686028257456829,0.295180722891566,0,0.328380386329866,0.306525037936267,0.283513097072419,0,0.703588143525741,0.340322580645161,0.707865168539326,0.282674772036474,0.283132530120482,0.716257668711656,0.291858678955453,0.668188736681887,0.403053435114504,0.714285714285714,0.702830188679245,0.319508448540707,0.00311526479750779,0.70381679389313,0.3202416918429,0.714285714285714,0.508634222919937,0.548286604361371,0,0.692307692307692,0.425465838509317,0.648148148148148,0.293129770992366,0.727272727272727,0.733736762481089,0.575806451612903,0.329359165424739,0.35832083958021,0.339477726574501,0.475968992248062,0,0.292424242424242,0.710166919575114,0.313572542901716,0.593700787401575,0.708270676691729,0.282642089093702,0.291858678955453,0.277519379844961,0.574468085106383,0.294027565084227,0.70015455950541,0.664566929133858,0.327160493827161,0.367534456355283,0,0,0.293663060278207,0.337559429477021,0.717391304347826,0.298600311041991,0.298325722983257,0.638591117917305,0.321316614420063,0.443234836702955,0.340874811463047,0,0.318252730109204,0.605873261205564,0.287480680061824,0.287925696594427,0,0.526479750778816,0.305379746835443,0.717592592592593,0.468217054263566,0.608294930875576,0.428358208955224,0.519747235387046,0.316816816816817,0.667655786350148,0.284603421461897,0.290769230769231,0.313935681470138,0.639370078740157,0.681114551083591,0.304482225656878,0.289120715350224,0.00153846153846154,0.450229709035222,0.671253822629969,0.665629860031104,0.440494590417311,0.288611544461778,0.378670788253478,0.287901990811639,0.12125748502994,0.720706260032103,0,0.402496099843994,0.709828393135725,0.717557251908397,0.639876352395672,0,0.3,0.334341906202723,0.290076335877863,0.291540785498489,0.673374613003096,0.707430340557275,0,0,0.685446009389671,0.771384136858476,0.681818181818182,0,0.714723926380368,0.262996941896024,0.306766917293233,0.651771956856703,0.28393135725429,0.519756838905775,0.30625,0.516666666666667,0.497744360902256,0,0.290510948905109,0.6046875,0.56,0.34575260804769,0.295625942684766,0.629685157421289,0.00153374233128834,0.326687116564417,0.320950965824666,0,0.312781954887218,0.72239263803681,0.299840510366826,0.568835098335855,0,0.00302571860816944,0.565768621236133,0.406201550387597,0.718266253869969,0.679245283018868,0.00306278713629403,0,0.433878157503715,0.714733542319749,0.302250803858521,0.643939393939394,0.288753799392097,0.709923664122137,0.881203007518797,0.656739811912226,0.37007874015748,0.7136,0.703363914373089,0,0.770440251572327,0,0.289747399702823,0.573899371069182,0.298375184638109,0.707430340557275,0.292452830188679,0,0.532233883058471,0.603100775193798,0.283513097072419,0,0.292353823088456,0,0.631007751937985,0.30421686746988,0,0.478723404255319,0.304347826086957,0.497681607418856,0.316614420062696,0.715596330275229,0,0.29066265060241,0.651162790697674,0,0.481651376146789,0.71664167916042,0.705521472392638,0.288401253918495,0.286158631415241,0.292609351432881,0.299689440993789,0.305772230889236,0,0.305555555555556,0.0076103500761035,0.602118003025719,0.640672782874618,0.294656488549618,0.288786482334869,0.287218045112782,0.29483282674772,0.0304878048780488,0.716279069767442,0.30064308681672,0.308980213089802,0.501497005988024,0.292048929663609,0.285498489425982,0.312788906009245,0,0,0.292035398230089,0,0.7,0.00154083204930663,0.324031007751938,0.649921507064364,0.748019017432647,0.685015290519878,0.329211746522411,0,0.70516717325228,0.273700305810398,0.292237442922374,0.496147919876733,0.592920353982301,0.651403249630724,0.681818181818182,0.572981366459627,0.722054380664653,0.656967840735069,0.534351145038168,0.681538461538462,0.503782148260212,0.695517774343122,0,0.709876543209877,0.618296529968454,0.277864992150706,0.468797564687976,0.673559822747415,0.54364471669219,0.376681614349776,0.295625942684766,0.33652312599681,0.317757009345794,0.300632911392405,0.287713841368585,0.550989345509893,0.609422492401216,0.283076923076923,0.713643178410795,0.711940298507463,0.371559633027523,0.00302571860816944,0.285714285714286,0.304878048780488,0,0.738782051282051,0,0.3328173374613,0,0.309707241910632,0.297380585516179,0.706325301204819,0.395638629283489,0.278443113772455,0.483412322274882,0.495384615384615,0.361240310077519,0,0,0.329073482428115,0.309384164222874,0.295107033639144,0,0,0.711598746081505,0.691603053435115,0.553191489361702,0,0.589939024390244,0,0.361801242236025,0.289269051321928,0.652582159624413,0.628048780487805,0,0.6328125,0.587692307692308,0.384732824427481,0.316187594553706,0.423728813559322,0.729102167182663,0.292913385826772,0.0679012345679012,0.29559748427673,0,0.302710843373494,0.00154559505409583,0.29570747217806,0.711213517665131,0.446177847113885,0,0,0.392694063926941,0.346938775510204,0.316666666666667,0.4779299847793,0.701780415430267,0.717391304347826,0.485407066052227,0.390532544378698,0,0.70606531881804,0.307458143074581,0,0.29874213836478,0.309774436090226,0.729938271604938,0.0108359133126935,0.704097116843703,0.281626506024096,0.56828885400314,0.681538461538462,0.6875,0.689497716894977,0.493710691823899,0.691376701966717,0.294851794071763,0,0.469230769230769,0.308166409861325,0.00153374233128834,0,0.717872968980798,0,0.716486902927581,0.279752704791345,0.524105754276827,0.710236220472441,0.716510903426791,0.540880503144654,0.312597200622084,0.599388379204893,0.0152439024390244,0.70440251572327,0.0496124031007752,0.00462962962962963,0,0.573208722741433,0.700751879699248,0.713395638629283,0.70392749244713,0.708018154311649,0.0170278637770898,0.0198170731707317,0.699088145896657,0.00455927051671732,0.00156494522691706,0.0201863354037267,0.00302114803625378,0.0197268588770865,0.700763358778626,0.00768049155145929,0.711783439490446,0.709677419354839,0.015625,0.697530864197531,0.0439393939393939,0.711684370257967,0.664615384615385,0.705014749262537,0.714285714285714
"171",0.9824,0.973805855161787,0.977029096477795,0.943910256410256,0.995207667731629,0.980738362760835,0.900630914826498,0.981279251170047,0.973886328725038,0,0.975232198142415,0,0.583975346687211,0.971563981042654,0.0661417322834646,0.0309119010819165,0,0.0174880763116057,0.974481658692185,0.96594427244582,0.192546583850932,0.062200956937799,0.967741935483871,0,0.93953488372093,0.262090483619345,0.133647798742138,0.9728,0.476993865030675,0.699386503067485,0.0229357798165138,0.71097372488408,0.776714513556619,0.296875,0,0.982945736434109,0.0155763239875389,0.972477064220184,0.278860569715142,0.892261001517451,0.0015748031496063,0.0186625194401244,0.00769230769230769,0.979655712050078,0.77724358974359,0.0456692913385827,0.527386541471048,0.0217391304347826,0.470319634703196,0.144596651445967,0,0.9765625,0.299373040752351,0.976452119309262,0.891167192429022,0.163723916532905,0,0.950310559006211,0.958397534668721,0.915151515151515,0.3125,0.439814814814815,0.0207336523125997,0,0.897271268057785,0.829721362229102,0,0.968652037617555,0,0.019047619047619,0.853620955315871,0.0265625,0.0374414976599064,0.978560490045942,0,0.714285714285714,0.0645161290322581,0.575153374233129,0.9008,0.285472972972973,0,0.732824427480916,0.226100151745068,0.973684210526316,0.13166144200627,0.922839506172839,0.974045801526718,0.964560862865948,0.957186544342508,0.0106870229007634,0.975,0.973805855161787,0,0,0.961661341853035,0,0.30521472392638,0.966049382716049,0.00911854103343465,0.0108359133126935,0.628125,0,0.309859154929577,0.9765625,0.135258358662614,0.977455716586151,0.0094488188976378,0.981337480559876,0.0222575516693164,0.0293663060278207,0.0327102803738318,0.911811023622047,0.34984520123839,0.974921630094044,0,0.993846153846154,0.73374613003096,0,0.0214395099540582,0.242236024844721,0,0.773228346456693,0.281055900621118,0.0980707395498392,0.968036529680365,0.151745068285281,0.972093023255814,0.98,0,0.555031446540881,0.935837245696401,0.484076433121019,0.969551282051282,0,0.976377952755906,0.0414814814814815,0,0.24483306836248,0.641955835962145,0.52373417721519,0,0,1,0.763779527559055,0.183098591549296,0.976671850699845,0.0311526479750779,0.923195084485407,0.436507936507937,0.983358547655068,0.157977883096367,0.968454258675079,0.980830670926518,0.823076923076923,0.977134146341463,0.0205696202531646,0.978395061728395,0.0245022970903522,0,0.747678018575851,0.882800608828006,0.960815047021944,0.0414746543778802,0,0.978461538461538,0.481540930979133,0.977455716586151,0.978361669242658,0.976887519260401,0.306870229007634,1,0.0232919254658385,0.956325301204819,0.0196969696969697,0.911214953271028,0.384735202492212,0,0.971653543307087,0,0.830745341614907,0.976489028213166,0.142410015649452,0.987673343605547,0.934681181959565,0.971471471471472,0.955792682926829,0.102484472049689,0.397590361445783,0.921474358974359,0.937799043062201,0.081377151799687,0.0262345679012346,0.979623824451411,0.864274570982839,0,0,0.3203125,0.00153374233128834,0.978395061728395,0.271186440677966,0.887301587301587,0.753822629969419,0.98780487804878,0.444794952681388,0.430769230769231,0.322169059011164,0.919876733436055,0.949447077409163,0.893518518518518,0,0.863287250384025,0.202852614896989,0.962204724409449,0.02660406885759,0.0849772382397572,0.5421875,0.959501557632399,0.977064220183486,0.84012539184953,0.981510015408321,0.883256528417819,0,0.093603744149766,0.656156156156156,0.977883096366509,0,0.972222222222222,0.978851963746224,0.557632398753894,0.574102964118565,0.964006259780908,0.976152623211447,0.37403400309119,0,0.897081413210445,0.534181240063593,0.969502407704655,0.0251968503937008,0.967987804878049,0.979462875197472,0.976489028213166,0.933753943217666,0.539291217257319,0.021671826625387,0.97360248447205,0.5625,0.028657616892911,0.0226928895612708,0.215288611544462,0.0248062015503876,0.170886075949367,0.671732522796353,0.0202808112324493,0.02,0.0292307692307692,0.590015128593041,0.0590111642743222,0.971291866028708,0.0110236220472441,0.0188976377952756,0,0.23696682464455,0.976415094339623,0.959375,0.901408450704225,0,0.887658227848101,0.854517611026034,0.719188767550702,0.617873651771957,0.466248037676609,0.45468509984639,0.0107858243451464,0.974803149606299,0.126153846153846,0.718649517684887,0.963949843260188,0.0294117647058824,0.757861635220126,0.0219435736677116,0.132716049382716,0.981735159817352,0.977671451355662,0.9,0,0.642424242424242,0.890282131661442,0,0.0200308166409861,0.900900900900901,0.985714285714286,0,0.0245775729646697,0.0186625194401244,0.984025559105431,0.89792663476874,0.0239234449760766,0,0.393135725429017,0.987441130298273,0.800613496932515,0.408385093167702,0.67246835443038,0.956923076923077,0.0263975155279503,0.97542242703533,0.978193146417445,0.028436018957346,0.96594427244582,0.976635514018692,0.95389507154213,0.972350230414747,0.205564142194745,0.33641975308642,0.30757341576507,0.977848101265823,0.929824561403509,0.0482115085536547,0.27613104524181,0.975039001560062,0.168970814132104,0.307692307692308,0.983024691358025,0.97626582278481,1,0.688995215311005,0.973846153846154,0.253565768621236,0.970814132104455,0.9744,0,0.346153846153846,0.554662379421222,0.0356589147286822,0.0540958268933539,0.0274809160305344,0.893188854489164,0.0461538461538462,0.0184899845916795,0,0.242283950617284,0.976525821596244,0.0864197530864197,0.987075928917609,0.97191887675507,0.98145285935085,0.3046875,0.311897106109325,0.675425038639876,0.477635782747604,0,0.816358024691358,0.0353302611367127,0.0577507598784195,0.223420647149461,0.976452119309262,0.0230414746543779,0,0.347692307692308,0.0353846153846154,0.050314465408805,0.480376766091052,0.98125,0.290791599353796,0.973983739837398,0.946117274167987,0,0.982062780269058,0.019578313253012,0.972602739726027,0.82,0.975845410628019,0.0328638497652582,0.955246913580247,0.0217391304347826,0.862992125984252,0.730283911671924,0.937019969278034,0.984423676012461,0.973478939157566,0.315217391304348,0.942947702060222,0.978787878787879,0.0211480362537764,0.0419254658385093,0.976228209191759,0.97360248447205,0.343307086614173,0.863636363636364,0.946688206785137,0.961656441717791,0.98125,0,0.125596184419714,0.975193798449612,0.0220820189274448,0,0.97191887675507,0.0111821086261981,0.055205047318612,0.974006116207951,0.973270440251572,0.00478468899521531,0.635792778649921,0.429699842022117,0.979623824451411,0.0190174326465927,0.851735015772871,0.981042654028436,0.377813504823151,0.606758832565284,0.807631160572337,0,0.184952978056426,0.981102362204724,0.976708074534162,0.449297971918877,0.975116640746501,0.957446808510638,0.0423861852433281,0.00154559505409583,0.984567901234568,0.973270440251572,0.946624803767661,0.685015290519878,0.0266875981161695,0.884676145339652,0.254185692541857,0.190630048465267,0.00773993808049536,0.628751974723539,0.606012658227848,0.6359375,0,0.301109350237718,0.912363067292645,0.645705521472393,0.532012195121951,0.0955223880597015,0,0,0.978883861236802,0.947772657450077,0,0.921383647798742,0.0110759493670886,0,0,0.975039001560062,0,0.980922098569157,0.765990639625585,0.530487804878049,0.982919254658385,0,0,0.975384615384615,0.949924127465857,0.732198142414861,0.0245398773006135,0.00317460317460317,0.885321100917431,0.599078341013825,0.981072555205047,0.547945205479452,0.356143079315708,0,0.968701095461659,0.0237717908082409,0.965244865718799,0.110410094637224,0,0.0303030303030303,0.125984251968504,0.49512987012987,0.962616822429907,0,0.950075642965204,0.962558502340094,0.978056426332288,0,0.0880503144654088,0.916398713826367,0.0277324632952692,0.980152671755725,0.980091883614089,0.0247295208655332,0.976744186046512,0.322884012539185,0.817901234567901,0.0330708661417323,0.195892575039494,0.967084639498433,0.00941915227629513,0.0262345679012346,0.966717095310136,0.0289389067524116,0.666666666666667,0.421461897356143,0,0.137715179968701,0.759289176090469,0.282843894899536,0.974164133738602,0.0203125,0.1671826625387,0.441033925686591,0.968373493975904,0.907294832826748,0.940438871473354,0.74488188976378,0,0.964506172839506,0.0212765957446809,0.944272445820433,0.398073836276083,0.0244648318042813,0.980061349693252,0.976993865030675,0.976377952755906,0.655172413793103,0.982892690513219,0.159055118110236,0.21608832807571,0.923197492163009,0.889580093312597,0,0,0.979750778816199,0.93217665615142,0.0370942812982998,0.973724884080371,0.982731554160126,0.389147286821705,0.935483870967742,0.718354430379747,0.888208269525268,0,0.949685534591195,0.344444444444444,0.978428351309707,0.976525821596244,0,0.651419558359621,0.975961538461538,0.0264797507788162,0.687402799377916,0.388036809815951,0.807228915662651,0.717252396166134,0.933534743202417,0.103186646433991,0.974643423137876,0.979591836734694,0.982839313572543,0.305111821086262,0.115141955835962,0.982945736434109,0.978819969742814,0.00766871165644172,0.781733746130031,0.458333333333333,0.269592476489028,0.78716744913928,0.975116640746501,0.865203761755486,0.978527607361963,0.125,0.0210016155088853,0,0.838258164852255,0.0235849056603774,0.0235849056603774,0.288401253918495,0,0.976851851851852,0.93394777265745,0.978294573643411,0.984848484848485,0.105100463678516,0.0249221183800623,0,0,0.197160883280757,0.097331240188383,0.1625,0,0.0203125,0.972093023255814,0.0186335403726708,0.310126582278481,0.974763406940063,0.599690880989181,0.95583596214511,0.68348623853211,0.649769585253456,0,0.977678571428571,0.416403785488959,0.508607198748044,0.931506849315068,0.986301369863014,0.416536661466459,0.0108191653786708,0.955384615384615,0.956060606060606,0,0.956259426847662,0.0403726708074534,0.967585089141005,0.417177914110429,0,0.00933125972006221,0.526484751203852,0.855799373040752,0.0247678018575851,0.155555555555556,0.0125,0.0016025641025641,0.748493975903614,0.0428571428571429,0.977346278317152,0.332824427480916,0.981707317073171,0.0227272727272727,0.394126738794436,0.333333333333333,0.878787878787879,0.106858054226475,0.0263565891472868,0.00307692307692308,0.0690208667736758,0,0.973966309341501,0.059967585089141,0.986547085201794,0.0282574568288854,0.976377952755906,0,0.537634408602151,0.473354231974922,0.978260869565217,0,0.977064220183486,0,0.399676375404531,0.975535168195719,0,0.654377880184332,0.9671875,0.7640625,0.958532695374801,0.0507692307692308,0,0.978294573643411,0.275316455696203,0,0.710077519379845,0.018018018018018,0.0410958904109589,0.976076555023923,0.985691573926868,0.978593272171254,0.959564541213064,0.971563981042654,0,0.959438377535101,0.021505376344086,0.353566009104704,0.304482225656878,0.979750778816199,0.975270479134467,0.967592592592593,0.966205837173579,0.0539291217257319,0.0359375,0.979233226837061,0.958652373660031,0.722137404580153,0.966205837173579,0.976993865030675,0.975535168195719,0,0,0.956259426847662,0,0.0875,0,0.948356807511737,0.290113452188006,0.230031948881789,0.150306748466258,0.912908242612753,0,0.126168224299065,0.976923076923077,0.982945736434109,0.653786707882535,0.428783382789317,0.226190476190476,0.189681335356601,0.657276995305164,0.0197869101978691,0.141104294478528,0.55,0.268633540372671,0.70381679389313,0.0295031055900621,0,0.0237341772151899,0.317965023847377,0.974317817014446,0.627329192546584,0.258015267175572,0.627692307692308,0.888208269525268,0.960365853658537,0.966237942122186,0.97007874015748,0.982456140350877,0.977777777777778,0.55968992248062,0.442724458204334,0.975232198142415,0.0237741456166419,0.0349013657056146,0.89060092449923,0.0107858243451464,0.97869101978691,0.948406676783004,0,0.117647058823529,0,0.979591836734694,0,0.960061443932412,0.976489028213166,0.0261941448382126,0.846511627906977,0.978755690440061,0.655063291139241,0.613251155624037,0.882075471698113,0,0,0.931372549019608,0.952095808383233,0.989296636085627,0,0,0.0222222222222222,0.24357034795764,0.490712074303406,0,0.456221198156682,0,0.922222222222222,0.973520249221184,0.17219589257504,0.252713178294574,0,0.357710651828299,0.599374021909233,0.841940532081377,0.967791411042945,0.775351014040562,0.02,0.9888,0.0124610591900312,0.976228209191759,0,0.978494623655914,0.0093603744149766,0.977883096366509,0.0313971742543171,0.0268562401263823,0,0,0.836193447737909,0.907643312101911,0.940909090909091,0.696456086286595,0.0518292682926829,0.0316957210776545,0.833075734157651,0.844311377245509,0,0.0370942812982998,0.953051643192488,0,0.957142857142857,0.961597542242704,0.0858034321372855,0.0431432973805855,0.021671826625387,0.973886328725038,0.493650793650794,0.0959119496855346,0.115689381933439,0.12210200927357,0.704761904761905,0.110248447204969,0.979591836734694,0,0.765079365079365,0.964560862865948,0.004739336492891,0,0.0254872563718141,0,0.0264797507788162,0.978361669242658,0.715434083601286,0.0255591054313099,0.0250783699059561,0.545310015898251,0.970219435736677,0.445652173913043,0.0493827160493827,0.0219092331768388,0.0561797752808989,0.0168970814132104,0,0.0520504731861199,0.0288315629742033,0.0219092331768388,0.0367534456355283,0.0169753086419753,0.0503937007874016,0.0571870170015456,0.0375,0.0186046511627907,0.00631911532385466,0.0266875981161695,0.0228658536585366,0.0579029733959311,0.0315457413249211,0.021505376344086,0.0176282051282051,0.0253164556962025,0.0474683544303797,0.0298273155416013,0.0229709035222052,0.0248833592534992,0.05320813771518,0.0226586102719033,0.0247678018575851
"172",0.00474683544303797,0.00157728706624606,0.0307692307692308,0.0647249190938511,0.0144,0.00162337662337662,0.100478468899522,0.0238095238095238,0.00156985871271586,0,0.0015748031496063,0,0.431464174454829,0.00158478605388273,0.962264150943396,0.992150706436421,0,0,0.00160513643659711,0.0188087774294671,0.852614896988906,0.964285714285714,0.0109717868338558,0,0.0477657935285054,0.747235387045814,0.888364779874214,0.0112903225806452,0.544600938967136,0.3198127925117,0.9984375,0.3140625,0.246006389776358,0.719242902208202,0,0,0.00460829493087558,0.00455927051671732,0.752688172043011,0.103286384976526,0,0,0,0,0.230519480519481,0.977491961414791,0.503949447077409,0.998417721518987,0.540581929555896,0.867175572519084,0,0.0063391442155309,0.749211356466877,0.00159489633173844,0.110032362459547,0.834920634920635,0,0.025518341307815,0.0385802469135802,0.102964118564743,0.711388455538221,0.57433489827856,1,0,0.106109324758842,0.192429022082019,0,0.0126182965299685,0,0.998389694041868,0.146379044684129,0.993710691823899,0.984202211690363,0.00154798761609907,0,0.301391035548686,0.957943925233645,0.432973805855162,0.107717041800643,0.734761120263591,0,0.3,0.787692307692308,0.00311526479750779,0.883177570093458,0.0959752321981424,0.00313971742543171,0.0342679127725857,0.0296411856474259,0,0.0127186009538951,0.00156739811912226,0,0,0.0302547770700637,0,0.687402799377916,0.021875,0,0,0.392405063291139,0,0.734076433121019,0.00159489633173844,0.894495412844037,0.0016,0,0.0235849056603774,0.998412698412698,0.993700787401575,0.990683229813665,0.082018927444795,0.667716535433071,0.00792393026941363,0,0.0154083204930663,0.29264475743349,0,0.9984375,0.769475357710652,0,0.251582278481013,0.764890282131661,0.92776886035313,0.0263975155279503,0.847113884555382,0.00309119010819165,0.00464396284829721,0,0.459501557632399,0.0706436420722135,0.513866231647635,0.00958466453674121,0,0.00803858520900321,0.979430379746835,0,0.795238095238095,0.380348652931854,0.496774193548387,0,0,0.0219092331768388,0.258730158730159,0.823338735818476,0.00159489633173844,0.990476190476191,0.0754716981132075,0.586816720257235,0.0215716486902928,0.87378640776699,0.0158227848101266,0.00160513643659711,0.174528301886792,0.0077639751552795,0.998417721518987,0.00156739811912226,0.998417721518987,0,0.280507131537242,0.127329192546584,0.01875,0.979623824451411,0,0.00156739811912226,0.570967741935484,0.00163934426229508,0.0015552099533437,0,0.714503816793893,0.0232919254658385,1,0.0540123456790123,0.998466257668712,0.100961538461538,0.636222910216718,0,0.0185758513931889,0,0.158307210031348,0.00158478605388273,0.888712241653418,0.0156494522691706,0.0556414219474498,0.00923076923076923,0.0266457680250784,0.903785488958991,0.624233128834356,0.0815660685154976,0.0635179153094463,0.94375,0.993700787401575,0.0174880763116057,0.126782884310618,0,0,0.70859872611465,0,0.0015600624024961,0.750382848392037,0.114147909967846,0.257410296411856,0.00923076923076923,0.567567567567568,0.568503937007874,0.699523052464229,0.0833333333333333,0.0384615384615385,0.1234375,0,0.125776397515528,0.831460674157303,0.0528,0.998435054773083,0.938366718027735,0.476038338658147,0.026813880126183,0.0217729393468118,0.180533751962323,0.00155763239875389,0.114467408585056,0,0.932907348242812,0.357251908396947,0.00814332247557003,0,0.00778816199376947,0.0199081163859112,0.459375,0.452830188679245,0.0126382306477093,0.0016260162601626,0.625796178343949,0,0.102290076335878,0.498427672955975,0.0294117647058824,0.998425196850394,0.0402476780185759,0.00158478605388273,0.00156985871271586,0.0480769230769231,0.48382126348228,0.996784565916399,0.0331230283911672,0.471048513302034,0.993798449612403,0.998480243161094,0.801932367149758,0.998410174880763,0.8578352180937,0.337920489296636,0.998425196850394,0.995334370139969,0.990551181102362,0.417054263565891,0.959016393442623,0.017515923566879,0,0.9984375,0,0.77511961722488,0.00161030595813205,0.0217054263565891,0.106918238993711,0,0.126623376623377,0.149765990639626,0.310618066561014,0.426751592356688,0.538950715421304,0.541269841269841,0,0.00161030595813205,0.90726429675425,0.3,0.0414012738853503,0.987635239567233,0.25705329153605,0.996835443037975,0.883830455259027,0.00153609831029186,0.0016366612111293,0.1024,0,0.367762128325509,0.109149277688604,0,0.998447204968944,0.099236641221374,0.0186625194401244,0,0.996884735202492,0.998442367601246,0.0174880763116057,0.12280701754386,0.99836867862969,0,0.61648177496038,0.00961538461538462,0.222222222222222,0.611197511664075,0.362179487179487,0.0432098765432099,0.993740219092332,0.00153846153846154,0,0.995297805642633,0.0345911949685535,0.00154320987654321,0.0290791599353796,0.00318471337579618,0.82753164556962,0.700310559006211,0.706976744186047,0.0207667731629393,0.0630048465266559,0.00156494522691706,0.739130434782609,0.0236220472440945,0.856918238993711,0.691833590138675,0.00778816199376947,0.00474683544303797,0.029874213836478,0.327476038338658,0.00154798761609907,0.754385964912281,0.0372670807453416,0.00317965023847377,0,0.695787831513261,0.459935897435897,0.985826771653543,0.0015600624024961,0.993855606758833,0.0940438871473354,0.972136222910217,0.998430141287284,0,0.784688995215311,0.00794912559618442,0.927099841521395,0.0165837479270315,0.0317460317460317,0.0110410094637224,0.725239616613419,0.721951219512195,0.345541401273885,0.545008183306056,0,0.186413902053712,0.986196319018405,0.961240310077519,0.804953560371517,0.00159489633173844,0.996850393700787,0,0.685446009389671,0.992260061919505,0.974643423137876,0.536434108527132,0.00157728706624606,0.733441033925687,0.0016366612111293,0.0354838709677419,0,0.0104477611940299,0.998442367601246,0.0031104199066874,0.183359013867488,0,0.988941548183254,0.0261538461538462,0.998468606431853,0.129429892141757,0.303370786516854,0.0609375,0.0125195618153365,0.0015748031496063,0.709175738724728,0.0383386581469649,0.00154320987654321,1,0.976038338658147,0.0016025641025641,0.00157728706624606,0.671826625386997,0.129485179407176,0.0373983739837398,0.04858934169279,0.00155038759689922,0,0.884430176565008,0.00157977883096367,1,0,0.0366826156299841,0,0.953150242326333,0.00154798761609907,0.0361635220125786,0,0.378594249201278,0.595846645367412,0.016,1,0.14171974522293,0.00320512820512821,0.636650868878357,0.398753894080997,0.228434504792332,0,0.851968503937008,0.0252365930599369,0.00157728706624606,0.570522979397781,0.00154798761609907,0.0281456953642384,0.96551724137931,0,0.0125391849529781,0.00625978090766823,0.0537974683544304,0.325652841781874,0.992125984251969,0.134706814580032,0.779342723004695,0.82,0,0.4032,0.39873417721519,0.400943396226415,0,0.723472668810289,0.0930232558139535,0.36650868878357,0.503125,0.922492401215805,0,0,0.00151285930408472,0.0276497695852535,0,0.0781499202551834,0,0,0,0.00319488817891374,0,0.00161290322580645,0.229299363057325,0.486068111455108,0.0015552099533437,0,0,0.00628930817610063,0.0409711684370258,0.297380585516179,0.998432601880878,0,0.107361963190184,0.408668730650155,0.0015600624024961,0.468944099378882,0.647527910685805,0,0.0201863354037267,0.998397435897436,0.0438871473354232,0.908372827804107,0,0.989280245022971,0.883386581469649,0.509151414309484,0.0279937791601866,0,0.0519083969465649,0.0293663060278207,0.00158227848101266,0,0.9216,0.0701168614357262,0.993399339933993,0.0015527950310559,0.0015625,0.990712074303406,0.00157728706624606,0.706896551724138,0.198127925117005,0.990551181102362,0.842105263157895,0.0405616224648986,0,1,0.0278637770897833,0.991896272285251,0.361873990306947,0.608903020667727,0,0.885714285714286,0.266025641025641,0.755485893416928,0.0219092331768388,0.998435054773083,0.862229102167183,0.557911908646003,0.0474006116207951,0.118098159509202,0.0393081761006289,0.274760383386581,0,0.0203442879499218,0.998466257668712,0.0378548895899054,0.617977528089888,0.998456790123457,0.00156985871271586,0.00158227848101266,0.00157728706624606,0.382445141065831,0.0139318885448916,0.8752,0.822605965463108,0.0536277602523659,0.107644305772231,0,0,0.0096,0.0628019323671498,0.984152139461173,0.01743264659271,0.00786163522012579,0.639498432601881,0.0672,0.281446540880503,0.0998463901689708,0,0.0286168521462639,0.656101426307448,0.00156739811912226,0.00314465408805031,0,0.382306477093207,0.0292207792207792,0.998425196850394,0.324921135646688,0.634069400630915,0.2,0.330112721417069,0.0439393939393939,0.920367534456355,0.0161030595813204,0,0.0218408736349454,0.698083067092652,0.886075949367089,0.0109034267912773,0.00154320987654321,0,0.232449297971919,0.5515625,0.74294670846395,0.250788643533123,0.0015748031496063,0.127760252365931,0.0015552099533437,0.106976744186047,0.998394863563403,0,0.183254344391785,0.996810207336523,1,0.734059097978227,0,0.0125588697017268,0.0914728682170543,0.0031496062992126,0.00619195046439629,0.914691943127962,1,0,0,0.838969404186795,0.925515055467512,0.85214626391097,0,0.998456790123457,0.00156739811912226,0.432515337423313,0.719354838709677,0.00161030595813205,0.427215189873418,0.0287539936102236,0.35625,0.391912908242613,0,0.00151057401812689,0.614649681528662,0.513513513513513,0.0723076923076923,0.0139968895800933,0.633228840125392,0,0.0501567398119122,0.0462962962962963,0,0.0294573643410853,0.99211356466877,0.016260162601626,0.56832298136646,0,0,0.487644151565074,0.171156893819334,1,0.867862969004894,0,0,0.259090909090909,0.980861244019139,0.00164203612479475,0.689922480620155,0.00622083981337481,1,0.628705148205928,0.676282051282051,0.131707317073171,0.897394136807818,0.996840442338073,0,0.966237942122186,0,0.00771604938271605,0.815485996705107,0.0182648401826484,0.9952,0.00160771704180064,0,0.48297213622291,0.556438791732909,0.00155763239875389,0,0.00307692307692308,0,0.610749185667752,0.0125,0,0.350931677018634,0.0222929936305732,0.262578616352201,0.0490196078431373,0.959627329192547,0,0.00156494522691706,0.746365105008078,0,0.304821150855365,0.998466257668712,0.98145285935085,0.00158730158730159,0,0.010752688172043,0.0234375,0.0191082802547771,0,0.0252365930599369,0,0.643410852713178,0.719435736677116,0.0094488188976378,0.0077639751552795,0.00772797527047913,0.00934579439252336,0.0282131661442006,0.982704402515723,0.0148026315789474,0.04375,0.293663060278207,0.0251177394034537,0.00156494522691706,0.0286168521462639,0,0,0.0227617602427921,0,0.934782608695652,0.00158227848101266,0.0473186119873817,0.72463768115942,0.814332247557003,0.879310344827586,0.0859872611464968,0.00156739811912226,0.890965732087227,0.00157728706624606,0.00156739811912226,0.382677165354331,0.586523736600306,0.783661119515885,0.819295558958652,0.363779527559055,1,0.889408099688474,0.456140350877193,0.746815286624204,0.315132605304212,0.990595611285266,0,0.998405103668262,0.667741935483871,0,0.360248447204969,0.795069337442219,0.394695787831513,0.122065727699531,0.0137825421133231,0.0439024390243902,0.0175718849840256,0,0.00157232704402516,0.468354430379747,0.590551181102362,0.00313479623824451,0.992307692307692,0.990853658536585,0.128930817610063,0,0.00155038759689922,0.0326086956521739,0,0.884244372990354,0,0.0429252782193959,0,0.0286624203821656,0.00157728706624606,0.992223950233281,0.165079365079365,0.0015527950310559,0.350877192982456,0.384853168469861,0.112341772151899,0,0,0.0707236842105263,0.0542986425339367,0.0109717868338558,0,0,0.998397435897436,0.770516717325228,0.504702194357367,0,0.564873417721519,0,0.0747967479674797,0.00157977883096367,0.811501597444089,0.760432766615147,0,0.679032258064516,0.4288,0.150078988941548,0.037037037037037,0.232339089481947,1,0.00975609756097561,0.0852090032154341,0.00163398692810458,0,0.0168711656441718,0,0.00160771704180064,0.981012658227848,0.626003210272873,0,0,0.183098591549296,0.0744336569579288,0.0556414219474498,0.292913385826772,0.974203338391502,0.992063492063492,0.176100628930818,0.170245398773006,0,0.982758620689655,0.0331230283911672,0,0.0158227848101266,0.046583850931677,0.9359375,0,0.996850393700787,0.00154083204930663,0.530448717948718,0.923676012461059,0.893548387096774,0.883720930232558,0.330645161290323,0.897709923664122,0.00156985871271586,0,0.259554140127389,0.0185758513931889,0,0,0.998496240601504,0,1,0,0.286407766990291,0.998387096774194,0.998422712933754,0.471910112359551,0.0425196850393701,0.577223088923557,0,0.996747967479675,0.05,0.00782472613458529,0,0.810126582278481,0.99390243902439,0.996850393700787,0.984732824427481,0.998456790123457,0,0,0.9859375,0.0046583850931677,0.00325732899022801,0.0235849056603774,0.00308166409861325,0,0.992076069730586,0.00928792569659443,0.998376623376623,0.995268138801262,0,0.993798449612403,0.0482115085536547,0.998459167950693,0.913928012519562,0.996941896024465,0.996845425867508
"173",0.9546875,0.946646341463415,0.946188340807175,0.920436817472699,0.960998439937597,0.949843260188088,0.882800608828006,0.950075642965204,0.944193061840121,0,0.944954128440367,0,0.576923076923077,0.948517940717629,0.0918836140888208,0.0582822085889571,0,0.0137404580152672,0.954545454545455,0.941807044410414,0.198484848484848,0.0870253164556962,0.934650455927052,0,0.913978494623656,0.28680981595092,0.146153846153846,0.939721792890263,0.493293591654247,0.734234234234234,0.05,0.709677419354839,0.770542635658915,0.294207317073171,0,0.955792682926829,0.0166414523449319,0.947129909365559,0.300295857988166,0.870676691729323,0,0.0167682926829268,0.00458715596330275,0.947772657450077,0.779342723004695,0.0704225352112676,0.534775888717156,0.0544323483670296,0.486607142857143,0.184684684684685,0,0.947368421052632,0.312883435582822,0.955521472392638,0.86748844375963,0.221003134796238,0,0.923556942277691,0.929663608562691,0.894259818731118,0.314984709480122,0.454545454545455,0.0483619344773791,0,0.869905956112853,0.807926829268293,0,0.939117199391172,0,0.0479876160990712,0.814871016691957,0.0572755417956656,0.0692307692307692,0.945864661654135,0,0.723723723723724,0.0899550224887556,0.599085365853659,0.883830455259027,0.313531353135314,0,0.718027734976888,0.265957446808511,0.945288753799392,0.161787365177196,0.897709923664122,0.945288753799392,0.932126696832579,0.92412746585736,0.0136986301369863,0.937694704049844,0.943939393939394,0,0,0.93730407523511,0,0.337899543378995,0.95,0.00757575757575758,0.00772797527047913,0.62037037037037,0,0.326120556414219,0.946540880503145,0.153383458646617,0.950949367088608,0.0108024691358025,0.943768996960486,0.0510046367851623,0.0609756097560976,0.0574018126888218,0.882352941176471,0.378670788253478,0.942424242424242,0,0.9558599695586,0.727134146341463,0,0.0488549618320611,0.26905132192846,0,0.763157894736842,0.275650842266462,0.117924528301887,0.933834586466165,0.180995475113122,0.947209653092006,0.942073170731707,0,0.563552833078101,0.912307692307692,0.524332810047096,0.936728395061728,0,0.949447077409163,0.0750750750750751,0,0.241112828438949,0.634259259259259,0.542452830188679,0,0,0.94954128440367,0.76840490797546,0.208722741433022,0.943251533742331,0.0552147239263804,0.909090909090909,0.465116279069767,0.950375939849624,0.177847113884555,0.934650455927052,0.95440251572327,0.833585476550681,0.952526799387443,0.0447530864197531,0.950075642965204,0.0540958268933539,0,0.73780487804878,0.86036036036036,0.932411674347158,0.0703592814371257,0,0.956060606060606,0.485362095531587,0.9536,0.955927051671733,0.951588502269289,0.310606060606061,0.956325301204819,0.0540123456790123,1,0.0492537313432836,0.886328725038402,0.400921658986175,0,0.943076923076923,0,0.836363636363636,0.950310559006211,0.165123456790123,0.948249619482496,0.903963414634146,0.938506588579795,0.934749620637329,0.142414860681115,0.422788605697151,0.897196261682243,0.909657320872274,0.100456621004566,0.0523076923076923,0.947932618683001,0.851063829787234,0,0,0.323076923076923,0,0.954268292682927,0.30316742081448,0.857805255023184,0.7526395173454,0.959701492537313,0.448062015503876,0.467374810318665,0.318818040435459,0.914728682170543,0.940184049079755,0.867669172932331,0,0.847432024169184,0.214849921011058,0.923547400611621,0.0552147239263804,0.117734724292101,0.554198473282443,0.931087289433384,0.974164133738602,0.82648401826484,0.948484848484848,0.867078825347759,0,0.115615615615616,0.677130044843049,0.955246913580247,0,0.941616766467066,0.960176991150443,0.571209800918836,0.564296520423601,0.941807044410414,0.938775510204082,0.398449612403101,0,0.874062968515742,0.545736434108527,0.939778129952456,0.0478325859491779,0.926756352765321,0.953703703703704,0.946727549467275,0.907012195121951,0.566917293233083,0.0535168195718654,0.94556765163297,0.551515151515152,0.0544117647058824,0.0457227138643068,0.242658423493045,0.0520673813169985,0.174803149606299,0.687218045112782,0.0489296636085627,0.0546282245827011,0.0534351145038168,0.603915662650602,0.0904836193447738,0.942901234567901,0.0107361963190184,0.0455235204855842,0,0.252321981424149,0.951486697965571,0.927131782945736,0.880121396054628,0,0.869701726844584,0.828006088280061,0.716486902927581,0.635239567233385,0.475609756097561,0.489763779527559,0.0106544901065449,0.942367601246106,0.145929339477727,0.710651828298887,0.944615384615385,0.0625,0.793261868300153,0.0570107858243451,0.164110429447853,0.946107784431138,0.951334379905808,0.881064162754304,0,0.639517345399698,0.871715610510046,0,0.0439393939393939,0.882530120481928,0.953560371517028,0,0.0553064275037369,0.0482654600301659,0.959438377535101,0.873634945397816,0.05320813771518,0,0.40393343419062,0.962732919254658,0.789712556732224,0.436055469953775,0.689708141321045,0.946808510638298,0.0595419847328244,0.945945945945946,0.951070336391437,0.0535987748851455,0.935681470137825,0.949843260188088,0.934375,0.946646341463415,0.225266362252664,0.327245053272451,0.305597579425113,0.948517940717629,0.911251980982567,0.0467571644042232,0.315217391304348,0.947122861586314,0.191842900302115,0.35832083958021,0.952453987730061,0.954828660436137,0.949074074074074,0.70906200317965,0.946188340807175,0.289719626168224,0.940909090909091,0.943037974683544,0,0.358006042296073,0.556259904912837,0.0611620795107034,0.0506912442396313,0.0568862275449102,0.894656488549618,0.0667655786350148,0.0534351145038168,0,0.270897832817337,0.942724458204334,0.126911314984709,0.968102073365231,0.945482866043614,0.953560371517028,0.309597523219814,0.299843014128728,0.679447852760736,0.487301587301587,0,0.802450229709035,0.0569715142428786,0.088145896656535,0.242009132420091,0.948916408668731,0.0507692307692308,0,0.360482654600302,0.055472263868066,0.0725308641975309,0.493044822256569,0.950844854070661,0.325984251968504,0.947535771065183,0.924382716049383,0,0.950437317784257,0.040785498489426,0.944024205748865,0.809451219512195,0.945141065830721,0.0648567119155355,0.942161339421613,0.0538461538461538,0.859784283513097,0.723370429252782,0.911278195488722,0.963470319634703,0.944615384615385,0.315629742033384,0.915384615384615,0.943028485757121,0.0534918276374443,0.0709876543209877,0.947772657450077,0.952086553323029,0.372699386503067,0.855203619909502,0.919129082426128,0.925869894099849,0.95166163141994,0,0.155763239875389,0.951367781155015,0.053680981595092,0,0.953632148377125,0.00938967136150235,0.0848765432098765,0.945945945945946,0.944186046511628,0.003125,0.627480916030534,0.447852760736196,0.974921630094044,0.047244094488189,0.863141524105754,0.95141065830721,0.408037094281298,0.614220877458396,0.787925696594427,0,0.200617283950617,0.95125786163522,0.952380952380952,0.478527607361963,0.950151057401813,0.924193548387097,0.0738461538461539,0,0.959028831562974,0.942277691107644,0.91640866873065,0.684603886397608,0.0523882896764253,0.859594383775351,0.269938650306748,0.233009708737864,0.00455927051671732,0.636363636363636,0.6078125,0.617873651771957,0,0.327014218009479,0.892307692307692,0.650455927051672,0.549848942598187,0.135493372606775,0,0,0.945668135095448,0.924924924924925,0,0.903875968992248,0.0108695652173913,0,0,0.947611710323575,0,0.957547169811321,0.763719512195122,0.54066265060241,0.946107784431138,0,0,0.952599388379205,0.934328358208955,0.717557251908397,0.0525525525525526,0.003125,0.866666666666667,0.605182926829268,0.956521739130435,0.560357675111773,0.388364779874214,0,0.939814814814815,0.0518867924528302,0.928682170542636,0.124233128834356,0,0.0587371512481645,0.167177914110429,0.517628205128205,0.925981873111782,0,0.92548435171386,0.934451219512195,0.947129909365559,0,0.121351766513057,0.904991948470209,0.0458135860979463,0.947129909365559,0.952095808383233,0.0640243902439024,0.95144157814871,0.323262839879154,0.840245775729647,0.0610687022900763,0.193146417445483,0.927469135802469,0.0107197549770291,0.0534351145038168,0.942161339421613,0.0588235294117647,0.670261941448382,0.427244582043344,0,0.157012195121951,0.747648902821317,0.280060882800609,0.958778625954198,0.0475460122699387,0.185975609756098,0.488924050632911,0.92433234421365,0.878012048192771,0.921658986175115,0.737984496124031,0,0.943425076452599,0.0487062404870624,0.933744221879815,0.419047619047619,0.055472263868066,0.953101361573374,0.957120980091884,0.954545454545455,0.634294385432473,0.963470319634703,0.165884194053208,0.234042553191489,0.909785932721712,0.859756097560976,0,0,0.942277691107644,0.904836193447738,0.0653188180404355,0.943076923076923,0.961948249619482,0.391975308641975,0.9140625,0.727272727272727,0.873684210526316,0,0.930340557275542,0.353395061728395,0.949771689497717,0.949230769230769,0,0.645161290322581,0.946070878274268,0.0522273425499232,0.690625,0.423135464231355,0.78939617083947,0.684458398744113,0.910313901345291,0.126676602086438,0.943573667711599,0.949152542372881,0.978755690440061,0.330696202531646,0.148773006134969,0.961538461538462,0.943870014771049,0.00741839762611276,0.786039453717754,0.478915662650602,0.321044546850998,0.774390243902439,0.946070878274268,0.871317829457364,0.952959028831563,0.126696832579186,0.0566037735849057,0,0.823619631901841,0.0460122699386503,0.0514820592823713,0.331288343558282,0,0.953101361573374,0.88821752265861,0.949308755760369,0.957575757575758,0.130568356374808,0.0507692307692308,0,0,0.213728549141966,0.116385911179173,0.189814814814815,0,0.0497737556561086,0.94856278366112,0.0257186081694402,0.315217391304348,0.949447077409163,0.602719033232628,0.934375,0.667678300455235,0.649546827794562,0,0.949852507374631,0.413846153846154,0.514728682170543,0.905970149253731,0.954682779456193,0.427701674277017,0.0091324200913242,0.925696594427245,0.938622754491018,0,0.925373134328358,0.0677966101694915,0.937898089171974,0.458461538461538,0,0.00911854103343465,0.539184952978056,0.837712519319938,0.0531914893617021,0.194053208137715,0.0104790419161677,0,0.747787610619469,0.0715396578538103,0.947619047619048,0.364741641337386,0.952743902439024,0.0439393939393939,0.384266263237519,0.34585289514867,0.859399684044234,0.132492113564669,0.0512820512820513,0.00154320987654321,0.0879120879120879,0,0.952095808383233,0.0813397129186603,0.957037037037037,0.0527950310559006,0.945038167938931,0,0.537091988130564,0.478527607361963,0.946236559139785,0,0.947368421052632,0,0.4203125,0.948301329394387,0,0.647239263803681,0.938176197836167,0.741140215716487,0.94392523364486,0.0855855855855856,0,0.949848024316109,0.325115562403698,0,0.710407239819005,0.0459940652818991,0.0571428571428571,0.945736434108527,0.950387596899225,0.947526236881559,0.925581395348837,0.941176470588235,0,0.931782945736434,0.0181543116490166,0.381305637982196,0.334341906202723,0.954476479514416,0.948328267477204,0.948717948717949,0.941176470588235,0.0590909090909091,0.0615384615384615,0.961783439490446,0.922137404580153,0.718844984802432,0.945205479452055,0.946889226100152,0.950844854070661,0,0,0.938235294117647,0,0.119335347432024,0,0.928125,0.329192546583851,0.250783699059561,0.166666666666667,0.89938080495356,0,0.15015479876161,0.944869831546707,0.960244648318043,0.660522273425499,0.43026706231454,0.259259259259259,0.231797919762259,0.646153846153846,0.0455235204855842,0.16289592760181,0.558139534883721,0.302936630602782,0.705970149253731,0.0615384615384615,0,0.0499219968798752,0.3546875,0.951026856240126,0.625954198473282,0.25975975975976,0.634146341463415,0.86969696969697,0.938714499252616,0.92755905511811,0.94383775351014,0.953343701399689,0.95046439628483,0.578947368421053,0.465045592705167,0.950233281493002,0.0573529411764706,0.0537313432835821,0.86697247706422,0.0104790419161677,0.950075642965204,0.927272727272727,0,0.151515151515152,0,0.92530487804878,0,0.934749620637329,0.95398773006135,0.0491071428571429,0.883333333333333,0.949101796407186,0.662538699690402,0.629007633587786,0.867807153965785,0,0,0.985507246376812,0.921052631578947,0.961715160796325,0,0,0.0440944881889764,0.287833827893175,0.529680365296804,0,0.474497681607419,0,0.894488188976378,0.945987654320988,0.210852713178295,0.289592760180996,0,0.390551181102362,0.592024539877301,0.835866261398176,0.938345864661654,0.757942511346445,0.0487062404870624,0.968944099378882,0.0183206106870229,0.945141065830721,0,0.947209653092006,0.00764525993883792,0.945652173913043,0.0596546310832025,0.0408163265306122,0,0,0.819969742813918,0.888364779874214,0.911940298507463,0.723467862481315,0.0717488789237668,0.0542635658914729,0.798165137614679,0.821958456973294,0,0.0692307692307692,0.92,0,0.933544303797468,0.9375,0.112480739599384,0.0369230769230769,0.0487062404870624,0.953030303030303,0.5,0.113003095975232,0.150234741784038,0.164362519201229,0.697492163009404,0.146341463414634,0.952086553323029,0,0.757716049382716,0.939393939393939,0.00311526479750779,0,0.0491071428571429,0,0.0475460122699387,0.946564885496183,0.711598746081505,0.046875,0.0558139534883721,0.554012345679012,0.924382716049383,0.462235649546828,0.0438729198184569,0.0556414219474498,0.0538827258320127,0.0153374233128834,0,0.0712074303405573,0.0538116591928251,0.0462962962962963,0.0609756097560976,0.0507462686567164,0.0481366459627329,0.053030303030303,0.0679012345679012,0.0154320987654321,0.0047244094488189,0.0200308166409861,0.0198473282442748,0.0576631259484067,0.060790273556231,0.0154083204930663,0.0471698113207547,0.0570107858243451,0.0430769230769231,0.0597243491577335,0.0239880059970015,0.0565749235474006,0.0821705426356589,0.0496240601503759,0.0509259259259259
"174",0.00306748466257669,0,0.0332326283987915,0.06,0.0169491525423729,0,0.0990712074303406,0.0259938837920489,0,0,0,0,0.449165402124431,0,0.959459459459459,0.991058122205663,0,0.00154559505409583,0.003125,0.0194902548725637,0.835866261398176,0.965625,0.0105580693815988,0,0.0425531914893617,0.74079754601227,0.891104294478528,0.0121951219512195,0.552083333333333,0.325757575757576,1,0.323170731707317,0.243827160493827,0.727134146341463,0,0,0.00300751879699248,0.00602409638554217,0.74591381872214,0.0915915915915916,0,0,0,0,0.2203125,0.978260869565217,0.488408037094281,1,0.542600896860987,0.874260355029586,0,0.00460122699386503,0.728915662650602,0,0.10752688172043,0.840062111801242,0,0.0264797507788162,0.0430906389301634,0.105740181268882,0.719457013574661,0.579185520361991,1,0,0.0996884735202492,0.179910044977511,0,0.0122324159021407,0,1,0.148872180451128,0.992424242424242,0.984894259818731,0,0,0.29080118694362,0.956390977443609,0.439878234398782,0.107309486780715,0.748376623376623,0,0.287218045112782,0.805637982195846,0.00151745068285281,0.894495412844037,0.0915915915915916,0.00455235204855842,0.0314842578710645,0.0285714285714286,0,0.0152439024390244,0,0,0,0.0278207109737249,0,0.689291101055807,0.0196969696969697,0,0,0.389570552147239,0,0.717948717948718,0,0.895280235988201,0,0,0.0229357798165138,1,0.990825688073395,0.990909090909091,0.0823170731707317,0.676204819277108,0.00757575757575758,0,0.0150375939849624,0.299546142208775,0,1,0.77760736196319,0,0.246969696969697,0.750380517503805,0.930599369085173,0.0318181818181818,0.857142857142857,0.00148809523809524,0.00452488687782805,0,0.46015037593985,0.0715372907153729,0.52093023255814,0.00770416024653313,0,0.00622083981337481,0.977578475336323,0,0.78328173374613,0.36085626911315,0.4953125,0,0,0.019578313253012,0.24390243902439,0.837245696400626,0,0.99236641221374,0.0743550834597876,0.6,0.0194610778443114,0.864485981308411,0.0153374233128834,0,0.163608562691131,0.00602409638554217,1,0,1,0,0.276661514683153,0.126843657817109,0.0195488721804511,0.980509745127436,0,0,0.554517133956386,0,0,0,0.723214285714286,0.0196969696969697,0.998466257668712,0.0492537313432836,1,0.101071975497703,0.625757575757576,0,0.0153374233128834,0,0.161832061068702,0,0.879573170731707,0.0180451127819549,0.0523952095808383,0.00733137829912024,0.0226586102719033,0.903963414634146,0.635416666666667,0.0757341576506955,0.0625978090766823,0.940366972477064,0.993930197268589,0.02,0.119940029985007,0,0,0.711864406779661,0,0,0.758160237388724,0.114551083591331,0.251497005988024,0.00899550224887556,0.575572519083969,0.582335329341317,0.711627906976744,0.0757575757575758,0.038109756097561,0.125,0,0.114754098360656,0.826833073322933,0.0554699537750385,1,0.940564635958395,0.47209653092006,0.0197869101978691,0.0177514792899408,0.177443609022556,0.00151285930408472,0.105666156202144,0,0.939117199391172,0.34575260804769,0.00613496932515337,0,0.00749625187406297,0.0222551928783383,0.464012251148545,0.453996983408748,0.0105421686746988,0,0.617647058823529,0,0.101190476190476,0.493788819875776,0.0326594090202177,1,0.0428994082840237,0.00154083204930663,0,0.0476923076923077,0.468468468468468,1,0.0306748466257669,0.460725075528701,0.995515695067265,0.998491704374057,0.788199697428139,1,0.847826086956522,0.335820895522388,1,0.995502248875562,0.992424242424242,0.419019316493314,0.959247648902821,0.0183767228177642,0,1,0,0.777265745007681,0,0.0226928895612708,0.102719033232628,0,0.121913580246914,0.144144144144144,0.32,0.403053435114504,0.559090909090909,0.571865443425077,0,0,0.905120481927711,0.301261829652997,0.043010752688172,0.989536621823617,0.268817204301075,0.998477929984779,0.877611940298507,0,0,0.10077519379845,0,0.358630952380952,0.102874432677761,0,1,0.0968703427719821,0.0199692780337942,0,0.998500749625187,0.998500749625187,0.0186046511627907,0.125386996904025,1,0,0.60882800608828,0.00770416024653313,0.218100890207715,0.615151515151515,0.357032457496136,0.0346907993966818,0.992389649923896,0,0,0.992223950233281,0.0332829046898638,0,0.029595015576324,0.00152439024390244,0.823889739663093,0.693815987933635,0.718027734976888,0.024653312788906,0.062992125984252,0.0015220700152207,0.747663551401869,0.0259541984732824,0.846153846153846,0.714705882352941,0.00611620795107034,0.00305343511450382,0.0303490136570561,0.309597523219814,0.00149253731343284,0.764252696456086,0.0408472012102874,0.00307692307692308,0,0.680119581464873,0.45,0.983383685800604,0.0015015015015015,0.991044776119403,0.0939393939393939,0.979010494752624,1,0,0.777777777777778,0.00759878419452888,0.931137724550898,0.0124031007751938,0.0322085889570552,0.013719512195122,0.720062208398134,0.713836477987421,0.341013824884793,0.547619047619048,0,0.185128983308042,0.989473684210526,0.965568862275449,0.800599700149925,0,0.998475609756098,0,0.68018018018018,0.987897125567322,0.973805855161787,0.528158295281583,0,0.737984496124031,0,0.0339506172839506,0,0.0101449275362319,1,0.0014903129657228,0.17737003058104,0,0.98780487804878,0.0237037037037037,1,0.120426829268293,0.292682926829268,0.0503703703703704,0.0149476831091181,0,0.716692189892802,0.0383435582822086,0,1,0.983333333333333,0,0,0.680428134556575,0.11890243902439,0.0318979266347687,0.048411497730711,0,0,0.889589905362776,0,0.998461538461539,0,0.0365296803652968,0,0.957120980091884,0,0.0338461538461538,0,0.36979969183359,0.581039755351682,0.0167427701674277,0.998444790046656,0.137345679012346,0.003125,0.643625192012289,0.406626506024096,0.22052067381317,0,0.847328244274809,0.0232198142414861,0,0.547112462006079,0,0.026984126984127,0.971036585365854,0,0.0151057401812689,0.00612557427258806,0.0523076923076923,0.32089552238806,0.993846153846154,0.135007849293564,0.765506807866868,0.813099041533546,0,0.395061728395062,0.411402157164869,0.396369137670197,0,0.725705329153605,0.0922844175491679,0.375757575757576,0.494736842105263,0.927007299270073,0,0,0,0.0294117647058824,0,0.0849772382397572,0,0,0,0.00153609831029186,0,0,0.229135053110774,0.477172312223859,0,0,0,0.0060882800608828,0.0399408284023669,0.289156626506024,1,0,0.106824925816024,0.411940298507463,0,0.461890243902439,0.661016949152542,0,0.0180451127819549,1,0.0492307692307692,0.902627511591963,0,0.991058122205663,0.888372093023256,0.5234375,0.0259146341463415,0,0.0517751479289941,0.0256410256410256,0,0,0.927357032457496,0.0709779179810726,0.99685534591195,0,0,0.995447647951442,0,0.710606060606061,0.204892966360856,0.99236641221374,0.83125,0.0393939393939394,0,1,0.0300751879699248,0.993710691823899,0.349453978159126,0.604261796042618,0,0.883861236802413,0.267801857585139,0.741691842900302,0.0227963525835866,1,0.862481315396114,0.562401263823065,0.0522388059701493,0.121122599704579,0.0365296803652968,0.260802469135802,0,0.0165165165165165,1,0.0383435582822086,0.618380062305296,1,0,0,0,0.359013867488444,0.0151057401812689,0.86890243902439,0.817764165390505,0.0521609538002981,0.112781954887218,0,0,0.00769230769230769,0.0649149922720247,0.984709480122324,0.0152905198776758,0.00904977375565611,0.648773006134969,0.0726429675425039,0.274961597542243,0.1,0,0.0321592649310873,0.663076923076923,0,0.00151285930408472,0,0.378086419753086,0.0298273155416013,1,0.328149300155521,0.629685157421289,0.206794682422452,0.314329738058552,0.0432190760059613,0.92548435171386,0.0170807453416149,0,0.0211480362537764,0.692541856925419,0.878419452887538,0.0091324200913242,0,0,0.226502311248074,0.559815950920245,0.754887218045113,0.245454545454545,0,0.121396054628225,0,0.112759643916914,1,0,0.188736681887367,0.996918335901387,1,0.735963581183611,0,0.0091324200913242,0.0895522388059701,0.00152671755725191,0.00601503759398496,0.917168674698795,1,0,0,0.83179012345679,0.927244582043344,0.842185128983308,0,1,0,0.419019316493314,0.720543806646526,0,0.413010590015129,0.0248833592534992,0.347957639939486,0.361481481481481,0,0,0.614678899082569,0.511627906976744,0.0734214390602056,0.0104477611940299,0.621621621621622,0,0.0555555555555556,0.0507462686567164,0,0.0326409495548961,0.986363636363636,0.0125,0.590288315629742,0,0,0.49609984399376,0.168469860896445,1,0.873239436619718,0,0,0.24962852897474,0.976816074188563,0,0.694736842105263,0.00597907324364723,1,0.635400907715582,0.687789799072643,0.125193199381762,0.908661417322835,0.995468277945619,0,0.966049382716049,0,0.00595238095238095,0.807324840764331,0.0191740412979351,0.995334370139969,0,0,0.5,0.548837209302326,0,0,0,0,0.618238021638331,0.0119225037257824,0,0.335329341317365,0.0168970814132104,0.247720364741641,0.0550314465408805,0.964338781575037,0,0,0.747320061255743,0,0.322727272727273,1,0.980538922155689,0,0,0.00744047619047619,0.0272727272727273,0.0167427701674277,0,0.0226244343891403,0,0.644478063540091,0.732415902140673,0.0076103500761035,0.00757575757575758,0.00739644970414201,0.00605143721633888,0.024024024024024,0.98780487804878,0.0159489633173844,0.0406015037593985,0.286995515695067,0.0194029850746269,0,0.0302114803625378,0,0,0.0204379562043796,0,0.947447447447447,0.00155038759689922,0.0462962962962963,0.733124018838305,0.801872074882995,0.869565217391304,0.0746500777604977,0,0.893393393393393,0,0,0.367692307692308,0.587209302325581,0.792753623188406,0.827123695976155,0.346811819595645,1,0.886706948640483,0.462822458270106,0.750375939849624,0.305185185185185,0.987841945288754,0,1,0.670788253477589,0,0.357034795763994,0.777126099706745,0.394302848575712,0.125377643504532,0.011887072808321,0.0458860759493671,0.021505376344086,0,0,0.467275494672755,0.590634441087613,0.00153139356814701,0.994177583697234,0.991111111111111,0.123475609756098,0,0,0.0315789473684211,0,0.895148669796557,0,0.0491551459293395,0,0.0286144578313253,0,0.996996996996997,0.163833075734158,0,0.352760736196319,0.391566265060241,0.108695652173913,0,0,0.069620253164557,0.0627737226277372,0.0104790419161677,0,0,1,0.776946107784431,0.518910741301059,0,0.560422960725076,0,0.0821705426356589,0,0.812982998454405,0.775449101796407,0,0.659340659340659,0.410958904109589,0.138888888888889,0.04,0.231003039513678,1,0.0109034267912773,0.0876132930513595,0,0,0.0176991150442478,0,0,0.98159509202454,0.614197530864197,0,0,0.182779456193353,0.0734375,0.0590015128593041,0.290178571428571,0.973333333333333,0.993836671802773,0.174382716049383,0.162444113263785,0,0.983206106870229,0.0320610687022901,0,0.0170807453416149,0.0476190476190476,0.942598187311178,0,0.998473282442748,0,0.545176110260337,0.931714719271624,0.912087912087912,0.891044776119403,0.314641744548287,0.913946587537092,0,0,0.25077399380805,0.0179372197309417,0,0,1,0,1,0,0.294025157232704,1,1,0.466257668711656,0.0365853658536585,0.581183611532625,0,0.998410174880763,0.05,0.00606980273141123,0,0.811059907834101,0.994117647058824,0.998456790123457,0.984917043740573,1,0,0,0.984756097560976,0.00455927051671732,0.00153609831029186,0.0226928895612708,0.00299850074962519,0,0.992401215805471,0.00899550224887556,1,0.998484848484849,0,0.992378048780488,0.0433482810164425,1,0.91131498470948,0.998533724340176,0.998477929984779
"175",0.8992,0.8896,0.919129082426128,0.902120717781403,0.902597402597403,0.8928,0.931962025316456,0.918789808917197,0.888544891640867,0.00324675324675325,0.897476340694006,0.00317460317460317,0.624801271860095,0.892156862745098,0.14576802507837,0.125984251968504,0.0015625,0.0176565008025682,0.90032154340836,0.891849529780564,0.2601246105919,0.122749590834697,0.88871473354232,0.0031104199066874,0.864864864864865,0.332288401253919,0.205974842767296,0.878444084278768,0.531152647975078,0.724299065420561,0.110419906687403,0.756756756756757,0.827697262479871,0.346031746031746,0.00316455696202532,0.896825396825397,0.021875,0.886792452830189,0.348623853211009,0.8328125,0.00321027287319422,0.0157977883096366,0.00933125972006221,0.902711323763955,0.790163934426229,0.129392971246006,0.547657512116317,0.084375,0.529411764705882,0.233176838810642,0.003125,0.888535031847134,0.359055118110236,0.895498392282958,0.927884615384615,0.237704918032787,0,0.871019108280255,0.928792569659443,0.905132192846034,0.364928909952607,0.486614173228346,0.104501607717042,0.00322061191626409,0.830618892508143,0.782270606531882,0.0016025641025641,0.884375,0.00159235668789809,0.101123595505618,0.790880503144654,0.107594936708861,0.12924071082391,0.8921875,0.00154559505409583,0.781789638932496,0.141287284144427,0.616352201257862,0.947882736156352,0.350083752093802,0.0016025641025641,0.750392464678179,0.298136645962733,0.8890625,0.213836477987421,0.8640625,0.889751552795031,0.897314375987362,0.8765625,0.0124223602484472,0.890127388535032,0.886435331230284,0.00317460317460317,0.00160771704180064,0.892857142857143,0.00158227848101266,0.378029079159935,0.897035881435257,0.0108191653786708,0.0125984251968504,0.67192429022082,0.00158982511923688,0.36248012718601,0.898089171974522,0.202435312024353,0.894308943089431,0.0114566284779051,0.919303797468354,0.105177993527508,0.10207336523126,0.109717868338558,0.926517571884984,0.43217665615142,0.880952380952381,0.00324675324675325,0.919504643962848,0.770800627943485,0.00313971742543171,0.102201257861635,0.311501597444089,0.00155038759689922,0.840694006309148,0.326530612244898,0.174055829228243,0.889922480620155,0.234472049689441,0.891509433962264,0.896661367249603,0.00317965023847377,0.608150470219436,0.894488188976378,0.515248796147673,0.883870967741936,0,0.890701468189233,0.120743034055728,0.0015748031496063,0.297770700636943,0.626373626373626,0.595813204508857,0.00324149108589951,0.00161290322580645,0.906103286384977,0.762204724409449,0.262295081967213,0.890822784810127,0.10828025477707,0.881703470031546,0.481658692185008,0.910631741140216,0.226753670473083,0.895148669796557,0.902086677367576,0.803125,0.9015625,0.0940032414910859,0.895071542130366,0.104928457869634,0,0.731511254019293,0.981072555205047,0.885758998435055,0.132701421800948,0.00311526479750779,0.899845916795069,0.540322580645161,0.887230514096186,0.896389324960754,0.894488188976378,0.355242566510172,0.911214953271028,0.100961538461538,0.886328725038402,0.101071975497703,1,0.44794952681388,0.00322061191626409,0.886035313001605,0.0031496062992126,0.799050632911392,0.8976,0.21405750798722,0.906793048973144,0.871835443037975,0.8887171561051,0.890937019969278,0.1890625,0.452160493827161,0.87012987012987,0.87741935483871,0.152037617554859,0.113707165109034,0.906349206349206,0.923076923076923,0.00153139356814701,0.00320512820512821,0.393258426966292,0.00464396284829721,0.888544891640867,0.336973478939158,0.929936305732484,0.735109717868339,0.897239263803681,0.50801282051282,0.480252764612954,0.370839936608558,0.858505564387917,0.875598086124402,0.95141065830721,0.00318979266347687,0.812006319115324,0.2569558101473,0.901929260450161,0.108452950558214,0.170807453416149,0.603833865814696,0.897476340694006,0.899236641221374,0.897151898734177,0.897959183673469,0.843450479233227,0.00312989045383412,0.168769716088328,0.683307332293292,0.892282958199357,0.00315457413249211,0.8921875,0.908242612752722,0.613672496025437,0.584664536741214,0.880573248407643,0.891760904684976,0.4608,0.00318979266347687,0.945987654320988,0.6120826709062,0.920661157024793,0.10989010989011,0.886115444617785,0.893890675241158,0.882445141065831,0.869009584664537,0.558359621451104,0.114147909967846,0.906793048973144,0.567610062893082,0.101382488479263,0.106544901065449,0.269968051118211,0.1008,0.240983606557377,0.693023255813954,0.100787401574803,0.108864696734059,0.123244929797192,0.642405063291139,0.13136288998358,0.901612903225806,0.0112903225806452,0.10459587955626,0.00157728706624606,0.302439024390244,0.895765472312704,0.892628205128205,0.849529780564263,0.0031496062992126,0.982055464926591,0.791862284820031,0.745283018867924,0.682965299684543,0.51685393258427,0.492063492063492,0.0140625,0.890127388535032,0.199376947040498,0.757377049180328,0.915739268680445,0.116822429906542,0.780254777070064,0.105095541401274,0.212361331220285,0.895638629283489,0.889967637540453,0.919224555735057,0.00307219662058372,0.682098765432099,0.929022082018927,0.00158227848101266,0.0965189873417722,0.927244582043344,0.918269230769231,0.00311526479750779,0.105345911949686,0.1015625,0.918433931484502,0.896825396825397,0.098546042003231,0.00317460317460317,0.463108320251177,0.9152,0.818181818181818,0.455696202531646,0.708064516129032,0.888364779874214,0.109350237717908,0.898753894080997,0.885714285714286,0.0988835725677831,0.897798742138365,0.891410048622366,0.885433715220949,0.891472868217054,0.270569620253165,0.4078125,0.3776,0.93042071197411,0.881493506493506,0.0497667185069984,0.339712918660287,0.921974522292994,0.2453125,0.375963020030817,0.908653846153846,0.8976,0.906349206349206,0.71078431372549,0.884914463452566,0.315112540192926,0.916006339144215,0.895833333333333,0.00320512820512821,0.404651162790698,0.6336,0.115384615384615,0.0520504731861199,0.108695652173913,0.847113884555382,0.138845553822153,0.0974842767295598,0.0015527950310559,0.31378763866878,0.892857142857143,0.169329073482428,0.920529801324503,0.919871794871795,0.906793048973144,0.368506493506494,0.364516129032258,0.677884615384615,0.508196721311475,0.0031496062992126,0.809294871794872,0.115444617784711,0.134585289514867,0.29595015576324,0.891935483870968,0.103610675039246,0.00315457413249211,0.404423380726698,0.118110236220472,0.120385232744783,0.515151515151515,0.898412698412698,0.36,0.897394136807818,0.871632329635499,0.00156739811912226,0.900302114803625,0.088646967340591,0.887147335423197,0.7936,0.892156862745098,0.12,0.877934272300469,0.102040816326531,0.821484992101106,0.74512987012987,0.870716510903427,0.908242612752722,0.888535031847134,0.372056514913658,0.875,0.890092879256966,0.104938271604938,0.118110236220472,0.897435897435897,0.898573692551506,0.414173228346457,0.814173228346457,0.877450980392157,0.89010989010989,0.894573643410853,0,0.208130081300813,0.899536321483771,0.109677419354839,0.00324149108589951,0.925867507886435,0.0112179487179487,0.140822784810127,0.896713615023474,0.918789808917197,0.00803858520900321,0.680511182108626,0.491027732463295,0.912621359223301,0.101941747572816,0.816037735849057,0.893617021276596,0.441455696202532,0.65511811023622,0.826923076923077,0.00160513643659711,0.240829346092504,0.921221864951768,0.8944,0.509463722397476,0.894488188976378,0.875207986688852,0.125198098256735,0.004739336492891,0.905296950240771,0.887323943661972,0.8912,0.693623639191291,0.104166666666667,0.983974358974359,0.318037974683544,0.278797996661102,0.00955414012738853,0.647527910685805,0.618506493506494,0.654574132492114,0.0015552099533437,0.364500792393027,0.935126582278481,0.67244094488189,0.598130841121495,0.177099236641221,0.0015748031496063,0.00154559505409583,0.889561270801815,0.870716510903427,0.00156739811912226,0.896713615023474,0.00966183574879227,0.0031201248049922,0.00323624595469256,0.901587301587302,0.0015748031496063,0.904376012965964,0.78740157480315,0.593508500772797,0.896389324960754,0.0032,0.00321543408360129,0.90521327014218,0.89060092449923,0.759112519809826,0.100308641975309,0.00165016501650165,0.922839506172839,0.6578125,0.903328050713154,0.579439252336449,0.440705128205128,0,0.895238095238095,0.108239095315024,0.913875598086124,0.17384370015949,0.00156739811912226,0.111627906976744,0.220472440944882,0.5,0.875776397515528,0.00317460317460317,0.904615384615385,0.896988906497623,0.898251192368839,0.00317965023847377,0.174679487179487,0.847826086956522,0.110743801652893,0.893023255813953,0.89644513137558,0.107371794871795,0.884735202492212,0.380726698262243,0.813694267515924,0.118296529968454,0.26038338658147,0.892913385826772,0.0113268608414239,0.10828025477707,0.905956112852665,0.118506493506494,0.701112877583466,0.481540930979133,0.00311526479750779,0.215530903328051,0.818770226537217,0.347417840375587,0.901898734177215,0.0996835443037975,0.245283018867925,0.479338842975207,0.885802469135803,0.911042944785276,0.878205128205128,0.74512987012987,0.0032,0.877138413685848,0.100946372239748,0.865414710485133,0.480263157894737,0.104199066874028,0.897035881435257,0.901898734177215,0.889240506329114,0.649762282091918,0.908385093167702,0.222940226171244,0.282051282051282,0.879746835443038,0.943127962085308,0.00313479623824451,0.00161290322580645,0.9,0.863563402889246,0.118314424635332,0.899361022364217,0.905660377358491,0.446372239747634,0.901294498381877,0.715421303656598,0.923794712286159,0.00310077519379845,0.893964110929853,0.424679487179487,0.910236220472441,0.900158478605388,0.00306748466257669,0.650793650793651,0.91653290529695,0.108832807570978,0.7408,0.453689167974882,0.771472392638037,0.7264,0.860816944024206,0.184899845916795,0.905750798722045,0.895569620253165,0.921011058451817,0.380794701986755,0.192063492063492,0.905901116427432,0.897515527950311,0.00920245398773006,0.781789638932496,0.483568075117371,0.342679127725857,0.811708860759494,0.899212598425197,0.836220472440945,0.889937106918239,0.148606811145511,0.106844741235392,0.00318471337579618,0.900630914826498,0.108108108108108,0.1056,0.362068965517241,0.00317460317460317,0.901898734177215,0.884012539184953,0.894321766561514,0.894573643410853,0.1890625,0.105845181674566,0.00308641975308642,0.00315457413249211,0.262560777957861,0.181089743589744,0.251582278481013,0.00158227848101266,0.105345911949686,0.890282131661442,0.0563380281690141,0.376996805111821,0.896774193548387,0.640253565768621,0.881977671451356,0.710485133020344,0.680555555555556,0.00156985871271586,0.895454545454546,0.468152866242038,0.567353407290016,0.962848297213622,0.914196567862715,0.475590551181102,0.00956937799043062,0.897435897435897,0.900928792569659,0,0.868012422360248,0.117088607594937,0.895348837209302,0.460815047021944,0.00161030595813205,0.00964630225080386,0.594370860927152,0.8736,0.107594936708861,0.232,0.0127591706539075,0.00489396411092985,0.748837209302326,0.118022328548644,0.900662251655629,0.4048,0.904024767801858,0.101694915254237,0.429477020602219,0.382978723404255,0.970540098199673,0.186688311688312,0.112852664576803,0.00470957613814757,0.144012944983819,0.0031201248049922,0.9,0.116504854368932,0.919083969465649,0.106451612903226,0.894991922455573,0.00158227848101266,0.571646341463415,0.5229793977813,0.89358372456964,0.0032,0.889922480620155,0.00159744408945687,0.484602917341977,0.90625,0.00315457413249211,0.704791344667697,0.886075949367089,0.731825525040388,0.923577235772358,0.127725856697819,0.00317460317460317,0.888364779874214,0.330683624801272,0.00152439024390244,0.746875,0.10061919504644,0.125581395348837,0.894480519480519,0.897637795275591,0.894245723172628,0.869143780290792,0.884927066450567,0.00160513643659711,0.895238095238095,0.0205371248025276,0.440758293838863,0.379310344827586,0.889589905362776,0.89297124600639,0.897515527950311,0.882539682539683,0.0659163987138264,0.119808306709265,0.898858075040783,0.893081761006289,0.71496062992126,0.884012539184953,0.901098901098901,0.922712933753943,0.00311526479750779,0.00311526479750779,0.881901840490798,0.0031055900621118,0.166405023547881,0,0.895734597156398,0.351973684210526,0.294975688816856,0.21875,0.855305466237942,0.00479233226837061,0.198738170347003,0.886942675159236,0.906940063091483,0.696875,0.492378048780488,0.301801801801802,0.25508607198748,0.653225806451613,0.097331240188383,0.21671826625387,0.610492845786963,0.327447833065811,0.71183800623053,0.116987179487179,0.00324149108589951,0.0933977455716586,0.409090909090909,0.894308943089431,0.70364500792393,0.318818040435459,0.652173913043478,0.990668740279938,0.886115444617785,0.915282392026578,0.897058823529412,0.894651539708266,0.896661367249603,0.61244019138756,0.501582278481013,0.895666131621188,0.104294478527607,0.121684867394696,0.971153846153846,0.0123647604327666,0.88646967340591,0.866771159874608,0.0016025641025641,0.208333333333333,0.00318979266347687,0.890649762282092,0.00323624595469256,0.896875,0.8984375,0.0995260663507109,0.828025477707006,0.892857142857143,0.71658615136876,0.661442006269592,0.921348314606742,0.00308166409861325,0.00159235668789809,0.894389438943894,0.895545314900154,0.902973395931142,0.00309119010819165,0.0015552099533437,0.102605863192182,0.303738317757009,0.520700636942675,0.00159489633173844,0.539184952978056,0.0031496062992126,0.858520900321543,0.890322580645161,0.250809061488673,0.330745341614907,0.00155763239875389,0.423076923076923,0.615873015873016,0.806299212598425,0.91640866873065,0.79585326953748,0.0962145110410095,0.917874396135266,0.0241157556270096,0.883415435139573,0.00324149108589951,0.901716068642746,0.00797448165869218,0.885852090032154,0.117363344051447,0.0784313725490196,0.00316455696202532,0.0032,0.882911392405063,0.839669421487603,0.938388625592417,0.705607476635514,0.129969418960245,0.1136,0.784251968503937,0.779179810725552,0,0.117647058823529,0.885852090032154,0.00314465408805031,0.874183006535948,0.927444794952681,0.161189358372457,0.0438871473354232,0.100478468899522,0.893081761006289,0.530645161290323,0.170616113744076,0.199675324675325,0.212264150943396,0.746774193548387,0.185126582278481,0.894480519480519,0.00313479623824451,0.746794871794872,0.876175548589342,0.00641025641025641,0.00314465408805031,0.099388379204893,0.00157977883096367,0.11216429699842,0.890453834115806,0.704838709677419,0.0974025974025974,0.110754414125201,0.615755627009646,0.946601941747573,0.493670886075949,0.05,0.100486223662885,0.059967585089141,0.0233644859813084,0.0031496062992126,0.124595469255663,0.116490166414523,0.098705501618123,0.12111801242236,0.103286384976526,0.0446570972886762,0.0550314465408805,0.11875,0.0222222222222222,0.00646203554119548,0.032967032967033,0.0296411856474259,0.0549450549450549,0.115323854660348,0.0253164556962025,0.100328947368421,0.113057324840764,0.0419354838709677,0.10223642172524,0.0338461538461538,0.109697933227345,0.123809523809524,0.103975535168196,0.103174603174603
"176",0.3728,0.390092879256966,0.394171779141104,0.404388714733542,0.39968152866242,0.363784665579119,0.422427035330261,0.387247278382582,0.373660030627871,0,0.371875,0,0.642301710730949,0.38375796178344,0.642745709828393,0.649612403100775,0,0.00465116279069767,0.368503937007874,0.3828125,0.658461538461538,0.658496732026144,0.374045801526718,0,0.389908256880734,0.94392523364486,0.65015479876161,0.375594294770206,0.593220338983051,0.528125,0.626153846153846,0.572100313479624,0.544303797468354,0.661466458658346,0,0.352484472049689,0.0123076923076923,0.371559633027523,0.65424739195231,0.414634146341463,0,0.00464396284829721,0.00151975683890578,0.358372456964006,0.519292604501608,0.65149136577708,0.904088050314465,0.630672926447574,0.621580547112462,0.648484848484848,0,0.364217252396166,0.647798742138365,0.374213836477987,0.417840375586854,0.665064102564103,0,0.391373801916933,0.387596899224806,0.464831804281346,0.7265625,0.62037037037037,0.638198757763975,0,0.435612082670906,0.468217054263566,0,0.370892018779343,0,0.622848200312989,0.482280431432974,0.622257053291536,0.6453125,0.367283950617284,0,0.56386292834891,0.641104294478528,0.649847094801223,0.453396524486572,0.664495114006515,0,0.592307692307692,0.768532526475038,0.353395061728395,0.640552995391705,0.436335403726708,0.368098159509202,0.399390243902439,0.400616332819723,0,0.362341772151899,0.360681114551084,0,0,0.374009508716323,0,0.606864274570983,0.384375,0,0.00154320987654321,0.56386292834891,0,0.644654088050314,0.364632237871674,0.645896656534954,0.379807692307692,0.0015625,0.387692307692308,0.634920634920635,0.643076923076923,0.636785162287481,0.416798732171157,0.663026521060842,0.385335413416537,0,0.37984496124031,0.571209800918836,0,0.646433990895296,0.641955835962145,0,0.534375,0.661042944785276,0.664556962025316,0.402476780185758,0.675465838509317,0.372163388804841,0.367851622874807,0,0.585516178736518,0.413145539906103,0.5671875,0.3734375,0,0.361934477379095,0.624810892586989,0,0.6734375,0.751533742331288,0.578696343402226,0,0,0.386259541984733,0.547987616099071,0.708661417322835,0.381846635367762,0.627760252365931,0.415902140672783,0.638095238095238,0.3843797856049,0.663461538461538,0.375963020030817,0.351648351648352,0.45679012345679,0.366614664586583,0.612341772151899,0.379095163806552,0.641390205371248,0,0.531746031746032,0.468373493975904,0.380952380952381,0.63944530046225,0,0.375579598145286,0.674565560821485,0.352090032154341,0.370769230769231,0.357142857142857,0.69218989280245,0.384735202492212,0.636222910216718,0.400921658986175,0.625757575757576,0.44794952681388,1,0,0.37984496124031,0,0.513219284603421,0.346333853354134,0.6421875,0.375766871165644,0.414483821263482,0.366515837104072,0.368663594470046,0.657450076804916,0.636363636363636,0.435331230283912,0.414556962025316,0.634222919937206,0.636785162287481,0.387755102040816,0.448916408668731,0,0,0.65818759936407,0,0.361538461538462,0.660606060606061,0.422955974842767,0.617021276595745,0.362940275650842,0.598145285935085,0.565749235474006,0.655063291139241,0.416666666666667,0.390625,0.451761102603369,0,0.42572741194487,0.670364500792393,0.420970266040689,0.628930817610063,0.713850837138508,0.5859375,0.384375,0.385196374622357,0.5171875,0.362068965517241,0.47360248447205,0,0.708074534161491,0.580060422960725,0.37007874015748,0,0.373271889400922,0.393292682926829,0.584758942457232,0.573872472783826,0.375394321766562,0.362459546925566,0.614664586583463,0,0.423368740515933,0.653312788906009,0.384737678855326,0.638461538461538,0.404191616766467,0.361067503924647,0.352134146341463,0.41259842519685,0.597222222222222,0.647798742138365,0.4046875,0.821981424148607,0.648854961832061,0.629909365558912,0.617647058823529,0.624610591900312,0.651685393258427,0.501543209876543,0.627943485086342,0.645510835913313,0.63312693498452,0.555555555555556,0.646592709984152,0.375196232339089,0.00160771704180064,0.625585023400936,0,0.618441971383148,0.373608903020668,0.38006230529595,0.463901689708141,0,0.465378421900161,0.43206106870229,0.587774294670846,0.619565217391304,0.651162790697674,0.55054432348367,0.00154083204930663,0.357927786499215,0.653188180404355,0.565640194489465,0.380804953560372,0.636503067484663,0.499217527386541,0.638198757763975,0.66407465007776,0.374622356495468,0.361464968152866,0.436507936507937,0,0.531297709923664,0.410658307210031,0,0.619414483821264,0.412912912912913,0.392801251956182,0,0.642526964560863,0.628659476117103,0.383280757097792,0.476190476190476,0.635930047694754,0,0.623028391167192,0.384126984126984,0.493865030674847,0.626934984520124,0.551669316375199,0.400611620795107,0.641860465116279,0.374233128834356,0.371294851794072,0.649921507064364,0.387596899224806,0.365054602184087,0.378980891719745,0.365325077399381,0.730232558139535,0.63013698630137,0.651090342679128,0.371428571428571,0.411111111111111,0.0154798761609907,0.632492113564669,0.381619937694704,0.835130970724191,0.616417910447761,0.390015600624025,0.375786163522013,0.416012558869702,0.568075117370892,0.361280487804878,0.63166144200627,0.395061728395062,0.366666666666667,0,0.648233486943164,0.566302652106084,0.652582159624413,0.0139318885448916,0.634703196347032,0.4203125,0.636503067484663,0.636363636363636,0,0.784829721362229,0.372854914196568,0.63312693498452,0.384244372990354,0.386996904024768,0.373040752351097,0.655712050078247,0.6448,0.610328638497653,0.625,0,0.512618296529968,0.62557781201849,0.639269406392694,0.662100456621005,0.366666666666667,0.618604651162791,0,0.641860465116279,0.634408602150538,0.636645962732919,0.68380062305296,0.362928348909657,0.667726550079491,0.369774919614148,0.384858044164038,0,0.387240356083086,0.627511591962906,0.361408882082695,0.503115264797508,0.3632,0.629283489096573,0.390432098765432,0.6203125,0.419656786271451,0.585874799357945,0.40405616224649,0.38719512195122,0.371695178849145,0.668195718654434,0.412037037037037,0.368258859784284,0.634036144578313,0.62402496099844,0.354788069073783,0.356697819314642,0.656877897990726,0.41112828438949,0.383252818035427,0.420489296636086,0.375193798449612,0,0.656692913385827,0.363496932515337,0.628164556962025,0,0.399053627760252,0.00159744408945687,0.66403785488959,0.368975903614458,0.3953125,0,0.548136645962733,0.990580847723705,0.39589905362776,0.639553429027113,0.443037974683544,0.3632,0.632492113564669,0.548387096774194,0.55188679245283,0,0.667706708268331,0.391849529780564,0.37245696400626,1,0.367692307692308,0.394039735099338,0.645161290322581,0,0.378834355828221,0.38125,0.411764705882353,0.596358118361153,0.625391849529781,0.46046511627907,0.8,0.613008130081301,0.00154320987654321,0.643769968051118,0.586854460093897,0.633435582822086,0,0.666129032258065,0.42015503875969,0.634408602150538,0.636363636363636,0.644677661169415,0,0,0.357142857142857,0.38368580060423,0,0.412130637636081,0.00157232704402516,0,0,0.369158878504673,0,0.388978930307942,0.484423676012461,0.591743119266055,0.351766513056836,0,0,0.376160990712074,0.39344262295082,0.571207430340557,0.637931034482759,0,0.417818740399386,0.562883435582822,0.377125193199382,0.863705972434916,0.661949685534591,0,0.384853168469861,0.644094488188976,0.411580594679186,0.652647975077882,0,0.63969465648855,0.6328125,0.656451612903226,0.383775351014041,0,0.41131498470948,0.379416282642089,0.362654320987654,0,0.655763239875389,0.382636655948553,0.631663974151858,0.347094801223242,0.372519083969466,0.632148377125193,0.355590062111801,0.661016949152542,0.477449455676516,0.624036979969183,0.642072213500785,0.397515527950311,0,0.61993769470405,0.389230769230769,0.646129541864139,0.593301435406699,0.619496855345912,0,0.644409937888199,0.568,0.646788990825688,0.396899224806202,0.639191290824261,0.746564885496183,0.576051779935275,0.42185128983308,0.462121212121212,0.409657320872274,0.576489533011272,0,0.391768292682927,0.629573170731707,0.368421052631579,0.619047619047619,0.633181126331811,0.364885496183206,0.3801261829653,0.371069182389937,0.781591263650546,0.381761978361669,0.661442006269592,0.662480376766091,0.389489953632148,0.452200303490137,0,0,0.374608150470219,0.4272,0.651898734177215,0.39937106918239,0.386075949367089,0.641509433962264,0.4181240063593,0.497630331753554,0.408882082695253,0,0.386792452830189,0.606864274570983,0.373250388802488,0.382215288611544,0,0.566718995290424,0.385220125786164,0.6296875,0.542721518987342,0.641185647425897,0.520361990950226,0.639240506329114,0.396369137670197,0.709090909090909,0.364928909952607,0.363494539781591,0.39906103286385,0.625,0.607476635514019,0.382215288611544,0.360482654600302,0,0.511591962905719,0.642638036809816,0.658805031446541,0.52099533437014,0.373831775700935,0.431888544891641,0.376146788990826,0.127300613496933,0.633173843700159,0,0.511664074650078,0.634493670886076,0.628526645768025,0.645211930926217,0,0.394695787831513,0.445300462249615,0.366929133858268,0.376344086021505,0.690513219284603,0.632075471698113,0,0,0.660828025477707,0.644757433489828,0.674454828660436,0,0.614906832298137,0.364760432766615,0.275914634146341,0.630030959752322,0.376190476190476,0.56386292834891,0.387301587301587,0.609448818897638,0.553383458646617,0,0.353731343283582,0.613312202852615,0.576433121019108,0.420814479638009,0.367283950617284,0.629800307219662,0,0.399688958009331,0.389751552795031,0,0.404870624048706,0.61875,0.385852090032154,0.550231839258114,0,0,0.58252427184466,0.510869565217391,0.651632970451011,0.650470219435737,0.00154559505409583,0,0.503782148260212,0.655384615384615,0.366559485530547,0.65284178187404,0.368258859784284,0.623475609756098,0.663076923076923,0.76813880126183,0.479099678456592,0.654340836012862,0.618098159509202,0,0.640378548895899,0,0.364188163884674,0.533762057877814,0.381165919282511,0.635071090047393,0.357142857142857,0,0.638846737481032,0.629337539432177,0.370769230769231,0,0.366718027734977,0,0.66025641025641,0.365705614567527,0,0.531055900621118,0.381475667189953,0.660377358490566,0.396850393700787,0.646511627906977,0,0.362363919129082,0.6432,0,0.576219512195122,0.629685157421289,0.613496932515337,0.363492063492063,0.364353312302839,0.377473363774734,0.392125984251968,0.378716744913928,0,0.372670807453416,0.00455927051671732,0.615384615384615,0.657935285053929,0.375384615384615,0.369969040247678,0.377675840978593,0.367851622874807,0.0368663594470046,0.65015479876161,0.361290322580645,0.395384615384615,0.567901234567901,0.372670807453416,0.368501529051988,0.404945904173107,0,0,0.377272727272727,0,0.692541856925419,0,0.3984375,0.64968152866242,0.775280898876405,0.660030627871363,0.427444794952681,0.00154320987654321,0.653846153846154,0.345256609642302,0.373292867981791,0.558176100628931,0.617246596066566,0.74251497005988,0.652042360060514,0.744514106583072,0.623839009287926,0.629057187017002,0.572100313479624,0.63166144200627,0.588235294117647,0.620904836193448,0,0.640378548895899,0.608424336973479,0.353322528363047,0.5,0.646795827123696,0.639876352395672,0.450532724505327,0.348623853211009,0.405582922824302,0.390551181102362,0.364649681528662,0.380503144654088,0.610062893081761,0.653312788906009,0.359567901234568,0.638805970149254,0.63855421686747,0.472783825816485,0.00154083204930663,0.372907153729072,0.374617737003058,0,0.677367576243981,0,0.412044374009509,0,0.396923076923077,0.375193798449612,0.617960426179604,0.443759630200308,0.345038167938931,0.534700315457413,0.534668721109399,0.417840375586854,0,0,0.429497568881686,0.404191616766467,0.369158878504673,0,0,0.646774193548387,0.63020030816641,0.545166402535658,0,0.655487804878049,0,0.444615384615385,0.375399361022364,0.607255520504732,0.751524390243902,0,0.669871794871795,0.748829953198128,0.411214953271028,0.396024464831804,0.4953125,0.643192488262911,0.386837881219904,0.0657276995305164,0.36741214057508,0,0.371385083713851,0.00154083204930663,0.347003154574132,0.629107981220657,0.3953125,0,0,0.507042253521127,0.419558359621451,0.393518518518519,0.49923896499239,0.634703196347032,0.624413145539906,0.504643962848297,0.485451761102603,0,0.641304347826087,0.4,0,0.363636363636364,0.4,0.665625,0.0061633281972265,0.635658914728682,0.356374807987711,0.605055292259084,0.70440251572327,0.682539682539683,0.629860031104199,0.565768621236133,0.614220877458396,0.381475667189953,0,0.514195583596215,0.375191424196018,0.00157977883096367,0,0.62704309063893,0,0.632398753894081,0.358346094946401,0.547880690737834,0.647527910685805,0.622848200312989,0.596463022508039,0.406885758998435,0.620426829268293,0.0153139356814701,0.635048231511254,0.0509554140127389,0.013677811550152,0,0.525,0.615037593984962,0.637223974763407,0.649769585253456,0.634294385432473,0.0109546165884194,0.0168711656441718,0.630368098159509,0.0125,0.00321543408360129,0.0337423312883436,0.0182926829268293,0.0151975683890578,0.634796238244514,0.0185185185185185,0.6304,0.638668779714738,0.0111642743221691,0.613846153846154,0.0455927051671733,0.636785162287481,0.601550387596899,0.629742033383915,0.640432098765432
"177",0,0,0,0,0,0,0.0111111111111111,0.00157232704402516,0,1,0,1,0,0,0,0,1,0.980922098569157,0,0,0,0,0,1,0,0,0,0.00161030595813205,0,0,0,0,0.00157977883096367,0,1,0,0.974643423137876,0,0,0,0.9984,0.984202211690363,0.992163009404389,0,0,0,0,0,0,0,1,0,0,0,0.0128410914927769,0,1,0,0.00314465408805031,0,0,0,0,1,0,0,1,0,1,0,0,0,0,0,1,0.0015625,0,0,0.00161030595813205,0,1,0,0,0,0,0,0,0,0.0031055900621118,0.990595611285266,0,0,1,1,0,1,0.0173228346456693,0,0.99211356466877,0.990536277602524,0.00955414012738853,1,0,0,0,0,0.990353697749196,0.00315955766192733,0,0,0,0.0157728706624606,0,0,1,0,0,1,0,0,1,0.00161550888529887,0,0,0,0,0,0,1,0.00476190476190476,0,0,0,1,0,0,1,0,0,0.0048780487804878,1,1,0,0,0,0,0,0,0,0,0,0,0,0,0,0,0,0,1,0,0.00618238021638331,0,0,1,0,0,0,0,0,0,0,0,0,0,0.00322061191626409,0,1,0,1,0,0,0,0,0,0,0,0,0,0,0,0,0,0,0.0189274447949527,1,1,0,0.998412698412698,0,0,0.011437908496732,0,0,0,0,0,0,0,0.00154559505409583,1,0,0,0,0,0,0.0048,0,0,0.00161812297734628,0,0,1,0,0,0,1,0,0,0.00482315112540193,0,0,0,0.01743264659271,1,0.0141509433962264,0,0,0,0,0,0,0,0,0,0,0,0,0,0,0,0,0,0,0,0,0,0,0,0.990461049284579,0,1,0.00328407224958949,0,0,0,1,0.00164203612479475,0.00312989045383412,0,0,0,0,0.990536277602524,0,0,0,0,0,0,0,0,0,0,0.0146341463414634,1,0,0.0161030595813204,1,0,0.0154559505409583,0.00159235668789809,1,0,0,0,0,0,1,0.01743264659271,0,0,0,0,0,0,0,0,0,0,0,0,0,0,0,0,0.0032520325203252,0,0.950320512820513,0,0,0,0,0,0,0,0,0,0,0,0,1,0,0.00807754442649435,0,0.946708463949843,0,0,0,0,1,0,0,0,0,0,0,0,0,0,0,1,0,0,0,0,0,0,1,0,0,0,0.00322061191626409,0,0,0,0,1,0,0,0,0,0,0,0,0,0,0,0,0,0.0015625,0,0,0,0,0,0,0,0,0,0,0,0,1,0,0,0,1,0,0.99021207177814,0,0,0,0.996794871794872,0.00794912559618442,0,0,0,0,0,0,0,0,1,0,0.00161290322580645,0,0,0,0,0,0.998427672955975,0,0,0,0,0,0.00638977635782748,0,0.0134003350083752,0.993620414673046,0,0,0,1,0,0.00161030595813205,0,0,0,1,1,0,0,1,0,0.990291262135922,1,1,0,1,0,0.00157977883096367,0.0046801872074883,0,1,1,0,0,0,0,0.996784565916399,0.0201863354037267,0,0,0,0,1,0,0,0.00161290322580645,0,1,0,0,0,0,1,0,0,0,1,0,0,0,0,0,0,0,0,0,0,0.00163132137030995,0,0.990243902439024,0,0,0,0,0.014308426073132,1,0,0.00326797385620915,0,0,0,0,0,0,0,0,0,1,0,0,0,0.00326797385620915,0,0,0,0,0,0,0,0,0,0.0141065830721003,1,1,0,0,0,0,0,0,0,0,0.0184331797235023,1,0,0.0175438596491228,0,0,1,0,0,0,0.0016,0,0,0,0,0,0.00318471337579618,0,0,0.0147058823529412,0.0253565768621236,0,0,0.993720565149137,0,0,0,0,0,0,0,0.754303599374022,0,1,0.00159235668789809,0,0,0,1,0,0,0,0,0,0,1,1,0,0,0,1,0,0,0.569206842923795,0,0,0.00791139240506329,0,0,0,1,0,0,0,0.00464396284829721,0,0,0.990683229813665,0,0,1,0,0,0,0,1,0.992076069730586,0,0,0,0,0.988924050632911,0.99837925445705,0,0,0,0,0,0,0,0,0.00646203554119548,0,0,0.996870109546166,0,1,0,0.15359477124183,0.00153374233128834,0,0,1,0,0,0,1,0,1,0,0,1,0.0172413793103448,0,0,0.00160513643659711,0,1,0,0,1,0,0,0,0,0,0,0.00320512820512821,0.00161812297734628,1,0,0.979591836734694,0.0187207488299532,0,0,0,0,0,0.915227629513344,0,0,0,0,0,0,0,1,1,0,1,0,0.998410174880763,0,0,0,0,0,0.998417721518987,0,0,0,0,0,0,0,0,0,0,0,0,0,0,1,0,0.0179445350734095,0,0.029595015576324,0,0,0.00606980273141123,0,0.00161812297734628,0,0,0,0,0,0,0,0,0.00319488817891374,0.989130434782609,0,0,1,0,1,0,1,0,0,0,0,0,0.00158227848101266,0,0.0192,1,1,0,0,0,1,1,0,0,0,1,0,1,0,0,0.0275080906148867,0,1,0,0,0,0,0,0,0,0.895330112721417,0,1,0,0.992050874403816,0,0,0.371941272430669,1,1,0.00157728706624606,0,0.00938967136150235,0,0,0,0,0,1,0,0,1,0,0,0,0.956112852664577,0,0,0,0,0,0,0,0,0,1,0,0,0.995207667731629,1,0,1,0,0,0,0,0,0.00483091787439614,0.0032,0,0.947122861586314,0,0.891760904684976,0.976228209191759,1,0.161904761904762,0,0,0.00467289719626168,0,0.948303715670436,0.940438871473354,0,0.977382875605816,0.993464052287582,0.946031746031746,0.970358814352574,0.940809968847352,0,0.970219435736677,0,0,0.949511400651466,0,0.9234375,0,0.0537124802527646,0,0
"178",0.9808,0.986024844720497,0.962674961119751,0.923076923076923,0.971014492753623,0.980922098569157,0.88301282051282,0.968553459119497,0.986089644513138,0,0.9796875,0,0.5796875,0.983974358974359,0.0514018691588785,0.0204724409448819,0,0.013953488372093,0.982484076433121,0.969648562300319,0.173106646058733,0.0522875816993464,0.971875,0,0.949771689497717,0.262166405023548,0.130365659777424,0.971428571428571,0.466360856269113,0.675425038639876,0.0169230769230769,0.687402799377916,0.776167471819646,0.306729264475743,0,0.984472049689441,0.0108024691358025,0.979782270606532,0.26928895612708,0.899696048632219,0,0.0169230769230769,0.00464396284829721,0.987321711568938,0.772946859903382,0.0352564102564103,0.511111111111111,0.020440251572327,0.48936170212766,0.145896656534954,0,0.996860282574568,0.28343949044586,0.982839313572543,0.869983948635634,0.16984126984127,0,0.96474358974359,0.953917050691244,0.895148669796557,0.31201248049922,0.433697347893916,0.0174603174603175,0,0.89297124600639,0.818885448916409,0,0.969936708860759,0,0.0192,0.850678733031674,0.0202492211838006,0.0282131661442006,0.984732824427481,0,0.7,0.0614439324116743,0.571875,0.895071542130366,0.268533772652389,0,0.714285714285714,0.224085365853659,0.983128834355828,0.123244929797192,0.895223420647149,0.978090766823161,0.954616588419405,0.950310559006211,0.0106707317073171,0.971153846153846,0.982785602503912,0,0,0.971246006389776,0,0.313664596273292,0.971518987341772,0.0062992125984252,0.00792393026941363,0.612403100775194,0,0.290064102564103,0.987220447284345,0.114329268292683,0.980952380952381,0.00952380952380952,0.965571205007825,0.0207336523125997,0.0205047318611987,0.0249609984399376,0.887658227848101,0.33175355450237,0.976489028213166,0,0.976452119309262,0.717868338557994,0,0.0109546165884194,0.238924050632911,0,0.767405063291139,0.251920122887865,0.0947030497592295,0.958074534161491,0.163009404388715,0.978593272171254,0.978294573643411,0,0.535101404056162,0.932496075353218,0.496742671009772,0.972668810289389,0,0.991896272285251,0.0386398763523957,0,0.225755166931638,0.621835443037975,0.507293354943274,0,0,0.967136150234742,0.759055118110236,0.185483870967742,0.982456140350877,0.0219435736677116,0.918711656441718,0.422829581993569,0.967642526964561,0.150242326332795,0.96551724137931,0.982286634460548,0.849293563579278,0.985959438377535,0.012779552715655,0.989130434782609,0.014308426073132,0,0.7376,0.856278366111952,0.975155279503106,0.0384024577572965,0,0.984496124031008,0.459935897435897,0.983818770226537,0.981481481481482,0.9796875,0.303543913713405,0.971653543307087,0.0185758513931889,0.943076923076923,0.0153374233128834,0.886035313001605,0.37984496124031,0,1,0,0.847589424572317,0.984152139461173,0.12379421221865,0.969040247678019,0.936236391912908,0.986506746626687,0.959564541213064,0.100787401574803,0.385670731707317,0.910112359550562,0.933858267716535,0.0748829953198128,0.0186915887850467,0.973270440251572,0.849765258215962,0,0,0.294303797468354,0,0.987711213517665,0.266871165644172,0.864433811802233,0.764885496183206,0.976671850699845,0.438095238095238,0.437888198757764,0.297507788161994,0.91679748822606,0.960443037974684,0.878274268104777,0,0.883540372670807,0.191082802547771,0.9312,0.0141509433962264,0.0875,0.528213166144201,0.965463108320251,0.970496894409938,0.829457364341085,0.979591836734694,0.888188976377953,0,0.0904836193447738,0.65990639625585,0.980676328502415,0,0.979719188767551,0.978755690440061,0.549920760697306,0.565830721003135,0.976340694006309,0.979397781299525,0.365625,0,0.87175572519084,0.520634920634921,0.957928802588997,0.0171875,0.950233281493002,0.980922098569157,0.9828125,0.938582677165354,0.53680981595092,0.0144,0.960127591706539,0.531881804043546,0.0214395099540582,0.0136986301369863,0.21608832807571,0.0156985871271586,0.159420289855072,0.664086687306502,0.0141287284144427,0.0187793427230047,0.0266457680250784,0.585139318885449,0.0576923076923077,0.968102073365231,0.0112540192926045,0.015552099533437,0,0.241379310344828,0.980613893376414,0.965891472868217,0.892018779342723,0,0.858306188925081,0.851226993865031,0.689335394126739,0.609448818897638,0.478672985781991,0.454976303317536,0.009375,0.979066022544283,0.108320251177394,0.697411003236246,0.957613814756672,0.027906976744186,0.737909516380655,0.0186915887850467,0.135725429017161,0.986259541984733,0.985148514851485,0.881789137380192,0,0.633956386292835,0.868544600938967,0,0.0171073094867807,0.883969465648855,0.976377952755906,0,0.0216049382716049,0.0139103554868624,0.972176759410802,0.875399361022364,0.0176848874598071,0,0.380877742946708,0.982758620689655,0.786039453717754,0.400630914826498,0.652312599681021,0.953271028037383,0.0250391236306729,0.981481481481482,0.980952380952381,0.0221169036334913,0.955905511811024,0.98740157480315,0.96474358974359,0.979495268138801,0.189873417721519,0.327073552425665,0.294488188976378,0.969793322734499,0.935855263157895,0.0500782472613459,0.277337559429477,0.9703125,0.161741835147745,0.316816816816817,0.982919254658385,0.984350547730829,0.960876369327074,0.692551505546751,0.983128834355828,0.25511811023622,0.95800933125972,0.984126984126984,0,0.342064714946071,0.538585209003215,0.03125,0.0559006211180124,0.0214723926380368,0.921011058451817,0.0386398763523957,0.0171606864274571,0,0.235387045813586,0.973015873015873,0.0853080568720379,0.979066022544283,0.956318252730109,0.98116169544741,0.29093799682035,0.287560581583199,0.67524115755627,0.474714518760196,0,0.815873015873016,0.0337423312883436,0.0602782071097372,0.21183800623053,0.984101748807631,0.0187793427230047,0,0.3515625,0.0218068535825545,0.0415335463258786,0.478740157480315,0.984,0.2736,0.983739837398374,0.951690821256039,0,0.979041916167665,0.0185471406491499,0.984496124031008,0.821150855365474,0.980551053484603,0.0297339593114241,0.964451313755796,0.0186625194401244,0.877708978328173,0.703049759229534,0.938176197836167,0.976415094339623,0.982866043613707,0.299684542586751,0.955905511811024,0.980273141122914,0.0152671755725191,0.0394321766561514,0.981366459627329,0.979719188767551,0.327586206896552,0.879443585780526,0.949429037520392,0.944444444444444,0.986089644513138,0,0.135702746365105,0.984375,0.0190779014308426,0,0.954983922829582,0.00805152979066022,0.0570522979397781,0.981735159817352,0.95447409733124,0.00156985871271586,0.618296529968454,0.42515923566879,0.976114649681529,0.016,0.881703470031546,0.979299363057325,0.375394321766562,0.599063962558502,0.788976377952756,0,0.176197836166924,0.967741935483871,0.984423676012461,0.451713395638629,0.984276729559748,0.958333333333333,0.0454545454545455,0.00156985871271586,0.973805855161787,0.980922098569157,0.940157480314961,0.687888198757764,0.0188976377952756,0.855095541401274,0.246875,0.174418604651163,0.00625978090766823,0.618739903069467,0.598746081504702,0.609375,0,0.292207792207792,0.906396255850234,0.638330757341577,0.524031007751938,0.100149476831091,0,0,0.983508245877061,0.95625,0,0.915094339622642,0.0125,0,0,0.985849056603774,0,0.987138263665595,0.754716981132076,0.520610687022901,0.983050847457627,0,0,0.990566037735849,0.959876543209877,0.720496894409938,0.0184899845916795,0.00321543408360129,0.864615384615385,0.598755832037325,0.984276729559748,0.534668721109399,0.351351351351351,0,0.965785381026439,0.0176848874598071,0.950558213716108,0.10016155088853,0,0.0245398773006135,0.122222222222222,0.492730210016155,0.962616822429907,0,0.945038167938931,0.961119751166407,0.982919254658385,0,0.0855784469096672,0.925864909390445,0.0179738562091503,0.986068111455108,0.981790591805766,0.0251177394034537,0.9858934169279,0.305772230889236,0.80564263322884,0.028436018957346,0.183739837398374,0.951334379905808,0.00946372239747634,0.0158227848101266,0.961240310077519,0.0243506493506494,0.652733118971061,0.393026941362916,0,0.12597200622084,0.735247208931419,0.258914728682171,0.968503937007874,0.0154798761609907,0.164086687306502,0.459770114942529,0.932926829268293,0.878274268104777,0.957210776545166,0.747181964573269,0,0.973270440251572,0.0169753086419753,0.955484896661367,0.386731391585761,0.0153374233128834,0.984423676012461,0.980707395498392,0.982511923688394,0.640944881889764,0.976671850699845,0.145996860282575,0.198449612403101,0.929467084639498,0.863987635239567,0,0,0.977883096366509,0.92332268370607,0.026984126984127,0.972843450479233,0.9796875,0.370942812982998,0.925278219395866,0.7232,0.868012422360248,0,0.95260663507109,0.345483359746434,0.984126984126984,0.984251968503937,0,0.631160572337043,0.967948717948718,0.0172143974960876,0.685714285714286,0.384375,0.800904977375566,0.671974522292994,0.945371775417299,0.101978691019787,0.976038338658147,0.981220657276995,0.972434915773354,0.302100161550889,0.108150470219436,0.975077881619938,0.981481481481482,0.00460829493087558,0.775193798449612,0.457547169811321,0.26813880126183,0.7796875,0.9792,0.891679748822606,0.98297213622291,0.107361963190184,0.0209677419354839,0,0.825949367088608,0.0205047318611987,0.018957345971564,0.266770670826833,0,0.974522292993631,0.90726429675425,0.985826771653543,0.987577639751553,0.110935023771791,0.0174050632911392,0,0,0.186602870813397,0.0933544303797468,0.167711598746081,0,0.0142405063291139,0.984567901234568,0.013953488372093,0.295819935691318,0.985804416403785,0.58712715855573,1,0.650621118012422,0.631007751937985,0,0.985119047619048,0.389154704944179,0.495207667731629,0.912037037037037,0.975572519083969,0.40809968847352,0.0062015503875969,0.94488188976378,0.955384615384615,0,0.953775038520801,0.0297805642633229,0.967532467532468,0.43778801843318,0,0.00778816199376947,0.514900662251656,0.853462157809984,0.0157232704402516,0.146456692913386,0.0109204368174727,0,0.750755287009063,0.0364500792393027,0.985645933014354,0.327131782945736,0.978159126365055,0.0124031007751938,0.389147286821705,0.338632750397456,0.861244019138756,0.113636363636364,0.0171073094867807,0.00153374233128834,0.0518867924528302,0,0.977168949771689,0.0495207667731629,0.970059880239521,0.0112359550561798,0.982539682539682,0,0.537037037037037,0.453968253968254,0.985849056603774,0,0.98159509202454,0,0.410801963993453,0.970588235294118,0,0.644409937888199,0.96656050955414,0.742138364779874,0.948553054662379,0.0544323483670296,0,0.986003110419907,0.276357827476038,0,0.690031152647975,0.0151057401812689,0.0324574961360124,0.982594936708861,0.980891719745223,0.97428139183056,0.956521739130435,0.967136150234742,0,0.965571205007825,0.0217391304347826,0.352484472049689,0.28414442700157,0.981337480559876,0.989010989010989,0.981366459627329,0.98145285935085,0.0481366459627329,0.028391167192429,0.97557003257329,0.9484375,0.717391304347826,0.9826224328594,0.982892690513219,0.961360123647604,0,0,0.974242424242424,0,0.0850077279752705,0,0.943076923076923,0.280448717948718,0.223472668810289,0.138413685847589,0.92368839427663,0,0.1109375,0.982758620689655,0.984276729559748,0.63849765258216,0.417549167927383,0.224035608308605,0.192716236722307,0.635646687697161,0.0155763239875389,0.131987577639752,0.543887147335423,0.270142180094787,0.710526315789474,0.0250391236306729,0,0.0126782884310618,0.322528363047002,0.983792544570502,0.62111801242236,0.229135053110774,0.62015503875969,0.866666666666667,0.974006116207951,0.958266452648475,0.966346153846154,0.983766233766234,0.980830670926518,0.555379746835443,0.415384615384615,0.981132075471698,0.0212765957446809,0.0227617602427921,0.866562009419152,0.00930232558139535,0.982919254658385,0.954758190327613,0,0.125596184419714,0,0.938176197836167,0,0.959564541213064,0.982866043613707,0.0185471406491499,0.828843106180666,0.986175115207373,0.638126009693053,0.610510046367852,0.868012422360248,0,0,0.923577235772358,0.939393939393939,0.974960876369327,0,0,0.0158227848101266,0.25,0.4921875,0,0.466353677621283,0,0.911111111111111,0.984076433121019,0.17384370015949,0.247278382581649,0,0.34991974317817,0.608087091757387,0.859621451104101,0.95565749235474,0.765527950310559,0.0172143974960876,0.9808,0.0158227848101266,0.98371335504886,0,0.967889908256881,0.0077639751552795,0.985691573926868,0.0316455696202532,0.0178571428571429,0,0,0.822706065318818,0.918918918918919,0.916795069337442,0.712962962962963,0.0423600605143722,0.0142857142857143,0.82472613458529,0.824345146379045,0,0.0377952755905512,0.949921752738654,0,0.971246006389776,0.947692307692308,0.0815384615384615,0.0409448818897638,0.0188679245283019,0.984496124031008,0.479559748427673,0.0930599369085174,0.121359223300971,0.12597200622084,0.681962025316456,0.103235747303544,0.982839313572543,0,0.756289308176101,0.967642526964561,0.00474683544303797,0,0.018348623853211,0,0.0155763239875389,0.982594936708861,0.702093397745572,0.0144927536231884,0.0142405063291139,0.534920634920635,0.944356120826709,0.434782608695652,0.0488549618320611,0.0214521452145215,0.0538827258320127,0.0141287284144427,0,0.0334928229665072,0.0151285930408472,0.0186335403726708,0.0263565891472868,0.0170015455950541,0.0538827258320127,0.059748427672956,0.0328125,0.0155763239875389,0.0065252854812398,0.0189274447949527,0.0171606864274571,0.0615384615384615,0.0231124807395994,0.0156494522691706,0.0146579804560261,0.0191082802547771,0.0465489566613162,0.0219092331768388,0.0154559505409583,0.0154798761609907,0.0344827586206897,0.0137404580152672,0.0171073094867807
"179",0,0,0,0,0,0,0.0141732283464567,0.0015527950310559,0,1,0,1,0,0,0,0,1,0.984423676012461,0,0,0,0,0,1,0,0,0,0.00157977883096367,0,0,0,0,0.00156739811912226,0,1,0,0.976958525345622,0,0,0,1,0.984520123839009,0.995356037151703,0,0,0,0,0,0,0,1,0,0,0,0.0142405063291139,0,1,0,0.00153846153846154,0,0,0,0,1,0,0,1,0,1,0,0,0,0,0,1,0.00150375939849624,0,0,0.0015748031496063,0,1,0,0,0,0,0,0,0,0.00464396284829721,0.990825688073395,0,0,1,1,0,1,0.0139318885448916,0,0.995391705069124,0.993720565149137,0.00930232558139535,1,0,0,0,0,0.989028213166144,0.0015600624024961,0,0,0,0.015527950310559,0,0,1,0,0,1,0,0,1,0.00156739811912226,0,0,0,0,0,0,1,0.0046656298600311,0,0,0,1,0,0,1,0,0,0.00484652665589661,1,1,0,0,0,0,0,0,0,0,0,0,0,0,0,0,0,0,1,0,0.00610687022900763,0,0,1,0,0,0,0,0,0,0,0,0,0,0.0031496062992126,0,1,0,1,0,0,0,0,0,0,0,0,0,0,0,0,0,0,0.0186335403726708,1,1,0,1,0,0,0.0111111111111111,0,0,0,0,0,0,0,0.00152671755725191,1,0,0,0,0,0,0.00312989045383412,0,0,0.00153846153846154,0,0,1,0,0,0,1,0,0,0.00462962962962963,0,0,0,0.0122887864823349,1,0.0137404580152672,0,0,0,0,0,0,0,0,0,0,0,0,0,0,0,0,0,0,0,0,0,0,0,0.992150706436421,0,1,0.00318471337579618,0,0,0,1,0.00159235668789809,0.00305810397553517,0,0,0,0,0.990740740740741,0,0,0,0,0,0,0,0,0,0,0.0143312101910828,1,0,0.0158227848101266,1,0,0.016566265060241,0.00157232704402516,1,0,0,0,0,0,1,0.0139318885448916,0,0,0,0,0,0,0,0,0,0,0,0,0,0,0,0,0.0015552099533437,0,0.952380952380952,0,0,0,0,0,0,0,0,0,0,0,0,1,0,0.00792393026941363,0,0.946889226100152,0,0,0,0,1,0,0,0,0,0,0,0,0,0,0,1,0,0,0,0,0,0,1,0,0,0,0.00312989045383412,0,0,0,0,1,0,0,0,0,0,0,0,0,0,0,0,0,0.00307219662058372,0,0,0,0,0,0,0,0,0,0,0,0,1,0,0,0,1,0,0.99203821656051,0,0,0,0.998430141287284,0.00770416024653313,0,0,0,0,0,0,0,0,1,0,0.00156985871271586,0,0,0,0,0,0.998461538461539,0,0,0,0,0,0.00623052959501558,0,0.0113821138211382,0.996927803379416,0,0,0,1,0,0.0015527950310559,0,0,0,1,1,0,0,1,0,0.992050874403816,1,1,0,1,0,0.00154083204930663,0.00455927051671732,0,1,1,0,0,0,0,0.998397435897436,0.0197869101978691,0,0,0,0,1,0,0,0.00157232704402516,0,1,0,0,0,0.00155038759689922,1,0,0,0,1,0,0,0,0,0,0,0,0,0,0,0.00159235668789809,0,0.9921875,0,0,0,0,0.0108191653786708,1,0,0.00317965023847377,0,0,0,0,0,0,0,0,0,1,0,0,0,0.0016,0,0,0,0,0,0,0,0,0,0.0138461538461538,1,1,0,0,0,0,0,0,0,0,0.0150375939849624,1,0,0.0109204368174727,0,0,1,0,0,0,0.0015625,0,0,0,0,0,0.00315457413249211,0,0,0.0113085621970921,0.0232558139534884,0,0,0.993920972644377,0,0,0,0,0,0,0,0.785388127853881,0,1,0.00152905198776758,0,0,0,1,0,0,0,0,0,0,1,1,0,0,0,1,0,0,0.572078907435508,0,0,0.00759878419452888,0,0,0,1,0,0,0,0.0060790273556231,0,0,0.992223950233281,0,0,1,0.00151285930408472,0,0,0,1,0.995363214837713,0,0,0,0,0.992307692307692,1,0,0,0,0,0,0,0,0,0.00637958532695375,0,0,1,0,1,0,0.14785373608903,0.00149925037481259,0,0,1,0,0,0,1,0,1,0,0,1,0.0167173252279635,0,0,0.00158478605388273,0,1,0,0,1,0,0,0,0,0,0,0.00470957613814757,0.00157232704402516,1,0,0.983206106870229,0.0136570561456753,0,0,0,0,0,0.91640866873065,0,0,0,0,0,0,0,1,1,0,1,0,0.998435054773083,0,0,0,0,0,0.998454404945904,0,0,0,0,0,0,0,0,0,0,0,0,0,0,1,0,0.0157977883096366,0,0.0307219662058372,0,0,0.00614439324116743,0,0.00159744408945687,0,0,0,0,0,0,0,0,0.0031104199066874,0.989393939393939,0,0,1,0,1,0,1,0,0,0,0,0,0.00156985871271586,0,0.0188679245283019,1,1,0,0,0,1,1,0,0,0,1,0,1,0,0,0.0299684542586751,0,1,0,0,0,0,0,0,0,0.902021772939347,0,1,0,0.993893129770992,0,0,0.375196232339089,1,1,0.00155038759689922,0,0.00910470409711684,0,0,0,0,0,1,0,0,1,0,0,0,0.956589147286822,0,0,0,0,0,0,0,0,0,1,0,0,0.996879875195008,1,0,1,0,0,0,0,0,0.0031104199066874,0.0031055900621118,0,0.946483180428135,0,0.90282131661442,0.973846153846154,1,0.152037617554859,0,0,0.00455235204855842,0,0.953198127925117,0.943164362519201,0,0.975460122699387,0.990430622009569,0.948598130841122,0.969135802469136,0.943854324734446,0,0.96875,0,0,0.95,0,0.927051671732523,0,0.0552147239263804,0,0
"180",0.836702954898911,0.838810641627543,0.840978593272171,0.822503961965135,0.834394904458599,0.84688995215311,0.80248833592535,0.8390625,0.852534562211982,0,0.848909657320872,0,0.618380062305296,0.851968503937008,0.190251572327044,0.161949685534591,0,0.0125,0.8528,0.858934169278997,0.284375,0.17515923566879,0.850931677018634,0,0.842592592592593,0.394944707740916,0.244865718799368,0.829617834394904,0.532824427480916,0.683153013910355,0.147286821705426,0.720679012345679,0.783783783783784,0.399075500770416,0,0.853211009174312,0.0153374233128834,0.852307692307692,0.368975903614458,0.815384615384615,0.00156739811912226,0.0108527131782946,0.00308641975308642,0.8421875,0.743961352657005,0.159744408945687,0.610675039246468,0.149136577708006,0.540458015267176,0.270801815431165,0,0.849056603773585,0.389937106918239,0.834890965732087,0.775641025641026,0.29047619047619,0,0.854632587859425,0.813084112149533,0.824806201550388,0.403076923076923,0.503805175038052,0.142857142857143,0,0.809448818897638,0.780185758513932,0,0.842271293375394,0,0.15955766192733,0.790199081163859,0.1484375,0.169781931464174,0.844615384615385,0,0.732115677321157,0.19047619047619,0.657407407407407,0.800632911392405,0.39708265802269,0,0.729938271604938,0.337837837837838,0.856259659969088,0.247692307692308,0.825493171471927,0.850539291217257,0.8515625,0.820987654320988,0.00306748466257669,0.831761006289308,0.847962382445141,0,0,0.856025039123631,0,0.393798449612403,0.843410852713178,0.00307219662058372,0.00474683544303797,0.644094488188976,0,0.384615384615385,0.845541401273885,0.232277526395173,0.852090032154341,0.00475435816164818,0.846511627906977,0.148902821316614,0.15552099533437,0.162037037037037,0.79375,0.442857142857143,0.844135802469136,0,0.833587786259542,0.722910216718266,0,0.165898617511521,0.368088467614534,0,0.782334384858044,0.364485981308411,0.220985691573927,0.841781874039939,0.277777777777778,0.860248447204969,0.846749226006192,0,0.593700787401575,0.825196850393701,0.567307692307692,0.8496,0,0.84219001610306,0.192012288786482,0,0.341692789968652,0.691943127962085,0.56687898089172,0,0,0.832288401253918,0.764430577223089,0.314285714285714,0.854889589905363,0.143540669856459,0.828173374613003,0.51033386327504,0.847094801223242,0.260450160771704,0.84,0.855345911949686,0.778637770897833,0.84399375975039,0.156739811912226,0.84399375975039,0.154088050314465,0,0.755134281200632,0.794561933534743,0.851968503937008,0.149922720247295,0,0.862174578866769,0.552547770700637,0.855305466237942,0.848531684698609,0.847692307692308,0.414634146341463,0.830745341614907,0.158307210031348,0.836363636363636,0.161832061068702,0.799050632911392,0.513219284603421,0,0.847589424572317,0,1,0.844236760124611,0.268680445151033,0.838509316770186,0.817472698907956,0.844879518072289,0.842349304482226,0.240188383045526,0.470679012345679,0.830917874396135,0.823343848580442,0.197204968944099,0.147239263803681,0.835987261146497,0.777604976671851,0,0,0.408385093167702,0.00154320987654321,0.840245775729647,0.377099236641221,0.780952380952381,0.985981308411215,0.840120663650075,0.499210110584518,0.535987748851455,0.3879173290938,0.823899371069182,0.840764331210191,0.813740458015267,0,0.787365177195686,0.301765650080257,0.822503961965135,0.14756671899529,0.224582701062215,0.582554517133956,0.846275752773376,0.841781874039939,0.794712286158631,0.840062111801242,0.850539291217257,0,0.21583850931677,0.696509863429439,0.845425867507886,0,0.855140186915888,0.849923430321593,0.594043887147335,0.599063962558502,0.843167701863354,0.848142164781906,0.438569206842924,0,0.799079754601227,0.602201257861635,0.842532467532468,0.158878504672897,0.837209302325581,0.849529780564263,0.846270928462709,0.851500789889415,0.586046511627907,0.159305993690852,0.836448598130841,0.638330757341577,0.16289592760181,0.150602409638554,0.32182103610675,0.140822784810127,0.268057784911718,0.653374233128834,0.152647975077882,0.154320987654321,0.146645865834633,0.627118644067797,0.187301587301587,0.856025039123631,0.00635930047694754,0.148669796557121,0,0.333858267716535,0.855345911949686,0.846034214618974,0.8078125,0,0.789808917197452,0.782012195121951,0.70440251572327,0.661490683229814,0.541996830427892,0.534920634920635,0.00617283950617284,0.842857142857143,0.222049689440994,0.7024,0.835164835164835,0.164341085271318,0.726844583987441,0.146875,0.245426829268293,0.850837138508371,0.840909090909091,0.798732171156894,0,0.647865853658537,0.782539682539683,0,0.158139534883721,0.798151001540832,0.834633385335413,0,0.153963414634146,0.153013910355487,0.8528,0.813694267515924,0.159869494290375,0,0.465408805031447,0.860979462875197,0.750385208012327,0.483516483516484,0.677725118483412,0.83203732503888,0.162974683544304,0.852307692307692,0.84748427672956,0.165366614664587,0.84447900466563,0.85824345146379,0.865506329113924,0.84031007751938,0.324492979719189,0.41321044546851,0.386503067484663,0.837282780410742,0.842356687898089,0.0435458786936236,0.408163265306122,0.844236760124611,0.297045101088647,0.433333333333333,0.850234009360374,0.84748427672956,0.827102803738318,0.730769230769231,0.848254931714719,0.373397435897436,0.84984520123839,0.845181674565561,0,0.427480916030534,0.588697017268446,0.173846153846154,0.0461538461538462,0.157012195121951,0.823802163833076,0.175738724727838,0.151090342679128,0,0.380281690140845,0.84458398744113,0.21583850931677,0.851132686084142,0.852307692307692,0.82992125984252,0.400958466453674,0.393026941362916,0.718068535825545,0.523654159869494,0,0.790625,0.161339421613394,0.197530864197531,0.324451410658307,0.843450479233227,0.149765990639626,0,0.447368421052632,0.154083204930663,0.179365079365079,0.540498442367601,0.834645669291339,0.401273885350318,0.84775641025641,0.847723704866562,0,0.849478390461997,0.147744945567652,0.850381679389313,0.804075235109718,0.850722311396469,0.154088050314465,0.883720930232558,0.157232704402516,0.804012345679012,0.725984251968504,0.814814814814815,0.832822085889571,0.846635367762128,0.404388714733542,0.845070422535211,0.837423312883436,0.154779969650986,0.165366614664587,0.842607313195548,0.849056603773585,0.435658914728682,0.806800618238022,0.831987075928918,0.852201257861635,0.854517611026034,0,0.249605055292259,0.843014128728414,0.1546875,0,0.841614906832298,0.00489396411092985,0.1921875,0.852713178294574,0.827856025039124,0.00157232704402516,0.64375,0.547169811320755,0.84384858044164,0.156606851549755,0.793700787401575,0.842696629213483,0.462639109697933,0.627092846270928,0.758730158730159,0,0.285714285714286,0.837620578778135,0.84748427672956,0.584496124031008,0.838258164852255,0.848184818481848,0.177115987460815,0.00156985871271586,0.834108527131783,0.846875,0.832298136645963,0.714067278287462,0.157232704402516,0.781446540880503,0.369565217391304,0.285953177257525,0.00313479623824451,0.681089743589744,0.624012638230648,0.638759689922481,0,0.398724082934609,0.802180685358255,0.687116564417178,0.583850931677019,0.24024024024024,0,0,0.841554559043348,0.839939024390244,0,0.809748427672956,0.0031201248049922,0,0,0.845679012345679,0,0.852564102564103,0.727272727272727,0.564142194744977,0.840490797546012,0,0,0.841860465116279,0.842662632375189,0.754198473282443,0.148091603053435,0,0.770642201834862,0.627118644067797,0.852201257861635,0.682515337423313,0.455696202531646,0,0.835913312693498,0.155555555555556,0.847020933977456,0.230046948356808,0,0.161290322580645,0.2464,0.54071661237785,0.834108527131783,0,0.836140888208269,0.839563862928349,0.848297213622291,0,0.208267090620032,0.855500821018062,0.16366612111293,0.84080370942813,0.86,0.166924265842349,0.835658914728682,0.409657320872274,0.764797507788162,0.161741835147745,0.294585987261146,0.840944881889764,0.00471698113207547,0.15251572327044,0.83179012345679,0.157051282051282,0.69620253164557,0.47626582278481,0,0.253846153846154,0.754358161648177,0.380434782608696,0.838258164852255,0.160063391442155,0.294117647058824,0.554828150572831,0.831818181818182,0.808641975308642,0.842857142857143,0.768867924528302,0,0.868624420401855,0.160493827160494,0.85935085007728,0.477165354330709,0.157407407407407,0.84031007751938,0.857369255150555,0.837025316455696,0.693270735524257,0.84037558685446,0.24405705229794,0.28393135725429,0.825273010920437,0.782012195121951,0,0,0.842767295597484,0.8224,0.164012738853503,0.854460093896714,0.863422291993721,0.463790446841294,0.818037974683544,0.698890649762282,0.791021671826625,0,0.836193447737909,0.432389937106918,0.845911949685535,0.833070866141732,0,0.681962025316456,0.846275752773376,0.14756671899529,0.716981132075472,0.461180124223602,0.774924471299094,0.703125,0.849772382397572,0.234493192133132,0.842443729903537,0.851393188854489,0.85202492211838,0.393258426966292,0.224458204334365,0.843014128728414,0.841049382716049,0.00307692307692308,0.785381026438569,0.534351145038168,0.381395348837209,0.739263803680982,0.855784469096672,0.812893081761006,0.851622874806801,0.128086419753086,0.150729335494327,0,0.801857585139319,0.151419558359621,0.151419558359621,0.384259259259259,0,0.851622874806801,0.802773497688752,0.844961240310077,0.837672281776417,0.240445859872611,0.15689381933439,0,0,0.289556962025316,0.222575516693164,0.281004709576138,0,0.152307692307692,0.846511627906977,0.0720858895705521,0.3875,0.86031746031746,0.607692307692308,0.854889589905363,0.68,0.648773006134969,0,0.847560975609756,0.474418604651163,0.552215189873418,0.809230769230769,0.839449541284404,0.475535168195719,0.00462249614791988,0.827371695178849,0.842835130970724,0,0.82542113323124,0.166405023547881,0.852988691437803,0.520186335403727,0,0.0031055900621118,0.570048309178744,0.780410742496051,0.158878504672897,0.268370607028754,0.0046801872074883,0.00162337662337662,0.720478325859492,0.170886075949367,0.834426229508197,0.437403400309119,0.836702954898911,0.149847094801223,0.475894245723173,0.434920634920635,0.807631160572337,0.241157556270096,0.155864197530864,0.0015600624024961,0.1828125,0,0.851127819548872,0.142628205128205,0.835082458770615,0.15251572327044,0.855572998430141,0,0.583586626139818,0.545886075949367,0.841692789968652,0,0.853658536585366,0,0.492012779552716,0.842748091603053,0,0.637480798771121,0.833068362480127,0.759055118110236,0.838095238095238,0.185758513931889,0,0.848101265822785,0.3824,0,0.702325581395349,0.150227617602428,0.161787365177196,0.85214626391097,0.839370078740157,0.851226993865031,0.84,0.851500789889415,0,0.840694006309148,0.0137614678899083,0.43778801843318,0.403697996918336,0.83695652173913,0.852760736196319,0.850077279752705,0.849085365853659,0.046656298600311,0.155802861685215,0.850891410048622,0.82615629984051,0.741984732824427,0.841368584758942,0.849378881987578,0.835913312693498,0,0,0.852017937219731,0,0.207430340557276,0,0.846273291925466,0.38474025974026,0.341732283464567,0.25585023400936,0.84012539184953,0,0.226006191950464,0.842271293375394,0.845440494590417,0.660910518053375,0.485842026825633,0.339677891654466,0.311550151975684,0.69620253164557,0.142857142857143,0.263239875389408,0.583203732503888,0.403726708074534,0.73820395738204,0.150234741784038,0,0.142172523961661,0.411575562700965,0.8528,0.625196850393701,0.344931921331316,0.68,0.802773497688752,0.844748858447489,0.840579710144927,0.839427662957075,0.860759493670886,0.858054226475279,0.600311041990669,0.509375,0.841692789968652,0.147590361445783,0.153614457831325,0.811437403400309,0.00619195046439629,0.848392036753446,0.840873634945398,0,0.249201277955272,0,0.840764331210191,0,0.827856025039124,0.853125,0.145038167938931,0.783570300157978,0.857142857142857,0.653481012658228,0.631024096385542,0.780757097791798,0,0,0.838449111470113,0.815592203898051,0.834876543209877,0,0,0.145569620253165,0.371165644171779,0.575384615384615,0,0.533127889060092,0,0.824193548387097,0.842022116903633,0.263492063492063,0.352484472049689,0,0.459501557632399,0.786271450858034,0.798151001540832,0.829754601226994,0.717425431711146,0.157076205287714,0.848242811501597,0.0189274447949527,0.852564102564103,0,0.844748858447489,0.00157977883096367,0.84044233807267,0.169811320754717,0.1088,0,0,0.801232665639445,0.843949044585987,0.817629179331307,0.724615384615385,0.160550458715596,0.149606299212598,0.767295597484277,0.743161094224924,0,0.167731629392971,0.830963665086888,0,0.860128617363344,0.835384615384615,0.218266253869969,0.0391236306729265,0.154559505409583,0.847560975609756,0.531001589825119,0.2265625,0.249190938511327,0.249609984399376,0.7168,0.231240428790199,0.852380952380952,0,0.741269841269841,0.856481481481482,0.00159744408945687,0,0.148036253776435,0,0.154818325434439,0.841049382716049,0.69377990430622,0.149765990639626,0.147672552166934,0.588697017268446,0.82574568288854,0.514820592823713,0.0396341463414634,0.15506329113924,0.0512,0.0170015455950541,0,0.145800316957211,0.148710166919575,0.15748031496063,0.169724770642202,0.148148148148148,0.0432,0.0478395061728395,0.168486739469579,0.0204724409448819,0.00643086816720257,0.0265625,0.0235109717868339,0.0499219968798752,0.166924265842349,0.0215716486902928,0.157894736842105,0.14375,0.0409448818897638,0.143533123028391,0.0305343511450382,0.14064914992272,0.182527301092044,0.151515151515152,0.154205607476636
"181",0.996875,1,0.967791411042945,0.939778129952456,0.9824,1,0.89622641509434,0.968102073365231,1,0,1,0,0.561622464898596,1,0.0424528301886792,0.0093167701863354,0,0.0170807453416149,0.9968,0.987519500780031,0.149842271293375,0.0322061191626409,0.990668740279938,0,0.964506172839506,0.235387045813586,0.117370892018779,0.987321711568938,0.473035439137134,0.687306501547988,0,0.673913043478261,0.77373417721519,0.275541795665635,0,1,0.0217391304347826,0.995412844036697,0.259314456035768,0.901960784313726,0.00158227848101266,0.0182926829268293,0.00769230769230769,1,0.772292993630573,0.0241545893719807,0.496865203761755,0,0.453172205438066,0.132420091324201,0,0.99211356466877,0.254290171606864,1,0.885895404120444,0.168789808917197,0,0.976152623211447,0.958904109589041,0.906153846153846,0.28902627511592,0.440184049079755,0,0,0.909379968203498,0.8359375,0,0.993710691823899,0,0,0.862442040185471,0.00772797527047913,0.0188383045525903,1,0,0.713850837138508,0.0447530864197531,0.58179012345679,0.90032154340836,0.268092105263158,0,0.701538461538462,0.199692780337942,0.998461538461539,0.108320251177394,0.908809891808346,0.996865203761755,0.972265023112481,0.967391304347826,0.0138036809815951,0.987519500780031,1,0,0,0.974763406940063,0,0.299689440993789,0.984251968503937,0.00920245398773006,0.0110584518167457,0.616822429906542,0,0.284810126582278,1,0.0943683409436834,1,0.0124804992199688,0.975,0,0.009375,0.0062402496099844,0.911532385466035,0.3203125,0.993740219092332,0,0.984544049459042,0.702830188679245,0,0,0.223622047244094,0,0.7765625,0.247663551401869,0.0805687203791469,0.9703125,0.143511450381679,0.996932515337423,0.996850393700787,0,0.546165884194053,0.932069510268562,0.475120385232745,0.988958990536278,0,0.996779388083736,0.0228310502283105,0,0.201267828843106,0.611374407582938,0.508771929824561,0,0,0.976635514018692,0.774294670846395,0.166666666666667,1,0.0047244094488189,0.919129082426128,0.411575562700965,0.981651376146789,0.139871382636656,0.984326018808777,1,0.838709677419355,0.995327102803738,0,1,0,0,0.745571658615137,0.87062404870624,0.983050847457627,0.0198473282442748,0,1,0.44391785150079,1,1,1,0.274961597542243,0.976489028213166,0.00158478605388273,0.950310559006211,0,0.8976,0.346333853354134,0,0.984152139461173,0,0.844236760124611,1,0.112341772151899,0.980061349693252,0.95405819295559,0.992526158445441,0.975155279503106,0.0992248062015504,0.369465648854962,0.920508744038156,0.945686900958466,0.05320813771518,0.00615384615384615,0.977883096366509,0.86280487804878,0,0,0.299050632911392,0.00154559505409583,1,0.256609642301711,0.881703470031546,0.745762711864407,0.989345509893455,0.427230046948357,0.426153846153846,0.291139240506329,0.920436817472699,0.967032967032967,0.88135593220339,0,0.875583203732504,0.172638436482085,0.944178628389155,0,0.0581929555895865,0.536547433903577,0.981042654028436,0.977203647416413,0.838461538461538,0.998452012383901,0.898894154818325,0,0.0585516178736518,0.672307692307692,0.995253164556962,0,0.993779160186625,0.981900452488688,0.546456692913386,0.537735849056604,0.990595611285266,1,0.360062893081761,0,0.890909090909091,0.512461059190031,0.968354430379747,0,0.954337899543379,1,1,0.95800933125972,0.52639751552795,0,0.967136150234742,0.522137404580153,0.00150829562594268,0,0.191455696202532,0,0.14308426073132,0.668188736681887,0,0.0031055900621118,0.00771604938271605,0.584732824427481,0.031201248049922,0.98145285935085,0.0141955835962145,0,0,0.216429699842022,1,0.976780185758514,0.89622641509434,0,0.873015873015873,0.860896445131376,0.676145339652449,0.589622641509434,0.444790046656299,0.440842787682334,0.014018691588785,1,0.0942812982998454,0.689935064935065,0.959814528593508,0.00930232558139535,0.744113029827316,0.0015748031496063,0.1125,1,1,0.890850722311397,0,0.644615384615385,0.885758998435055,0,0,0.893846153846154,0.977987421383648,0,0.0015552099533437,0.00155038759689922,0.982315112540193,0.890127388535032,0,0,0.382945736434109,0.989010989010989,0.77557251908397,0.390168970814132,0.652173913043478,0.964285714285714,0.00775193798449612,1,1,0.00786163522012579,0.964831804281346,1,0.97444089456869,0.996913580246914,0.181388012618297,0.304615384615385,0.286392405063291,0.973101265822785,0.940129449838188,0.0484375,0.261904761904762,0.971428571428571,0.135384615384615,0.308270676691729,0.993759750390016,0.996875,0.967391304347826,0.704944178628389,0.998470948012232,0.246835443037975,0.959375,0.9984375,0,0.30640243902439,0.5484375,0.0170807453416149,0.0548780487804878,0.0076103500761035,0.906976744186046,0.0263975155279503,0,0,0.22052067381317,0.992101105845182,0.06875,0.983844911147011,0.966360856269113,0.987519500780031,0.276898734177215,0.284810126582278,0.677777777777778,0.454545454545455,0,0.827044025157233,0.0121396054628225,0.0381679389312977,0.202743902439024,1,0.0015527950310559,0,0.315541601255887,0.00924499229583975,0.0220820189274448,0.468118195956454,1,0.279293739967897,1,0.96417445482866,0,0.992492492492492,0,0.998447204968944,0.8328125,1,0.00789889415481832,0.976744186046512,0,0.88006230529595,0.712241653418124,0.946070878274268,0.984591679506934,0.996923076923077,0.28416149068323,0.968203497615262,1,0,0.0217054263565891,1,1,0.327692307692308,0.879443585780526,0.969255663430421,0.9546875,1,0,0.10702875399361,1,0.00156494522691706,0,0.963492063492064,0.012924071082391,0.0461049284578696,1,0.964968152866242,0.00473186119873817,0.623639191290824,0.403481012658228,0.982539682539682,0.00158227848101266,0.866877971473851,0.996774193548387,0.377777777777778,0.594383775351014,0.791277258566978,0,0.164319248826291,0.973015873015873,0.998452012383901,0.434514637904468,1,0.970491803278689,0.0314465408805031,0.0015527950310559,0.981566820276498,0.995334370139969,0.954258675078864,0.69242658423493,0.00625,0.872813990461049,0.236024844720497,0.17109634551495,0.0077639751552795,0.620904836193448,0.60410094637224,0.603395061728395,0,0.292407108239095,0.918110236220472,0.642301710730949,0.513302034428795,0.0753012048192771,0,0,1,0.978819969742814,0,0.915625,0.0125786163522013,0,0,0.998417721518987,0,1,0.77373417721519,0.524316109422492,1,0,0,0.992150706436421,0.964885496183206,0.726006191950464,0,0.00316957210776545,0.877675840978593,0.595679012345679,1,0.510802469135803,0.343898573692552,0,0.978227060653188,0,0.957345971563981,0.0875,0,0.00453857791225416,0.108452950558214,0.491027732463295,0.971742543171115,0,0.948091603053435,0.979623824451411,1,0,0.0745542949756888,0.935749588138385,0.00324675324675325,1,1,0.00614439324116743,1,0.298273155416013,0.807874015748032,0.00941915227629513,0.16025641025641,0.95625,0.0126582278481013,0,0.978361669242658,0.00814332247557003,0.66131621187801,0.387045813586098,0,0.102803738317757,0.742765273311897,0.256651017214397,0.978328173374613,0,0.140243902439024,0.443894389438944,0.94856278366112,0.887537993920973,0.960753532182104,0.753993610223642,0,0.984802431610942,0,0.970266040688576,0.391653290529695,0,1,1,1,0.615264797507788,0.982919254658385,0.129485179407176,0.182389937106918,0.951863354037267,0.87962962962963,0,0,0.988976377952756,0.933441558441558,0.0142405063291139,0.98740157480315,0.99375,0.359375,0.922345483359746,0.726415094339623,0.886018237082067,0,0.971786833855799,0.331269349845201,1,0.998459167950693,0,0.63182527301092,0.971742543171115,0,0.682464454976303,0.386996904024768,0.809595202398801,0.683385579937304,0.959459459459459,0.0729813664596273,0.981132075471698,1,0.978294573643411,0.29073482428115,0.0993788819875776,0.990867579908676,1,0.00924499229583975,0.78858024691358,0.46046511627907,0.257097791798107,0.767550702028081,1,0.876190476190476,1,0.12824427480916,0,0,0.83203732503888,0.00316455696202532,0,0.275541795665635,0,0.988993710691824,0.912037037037037,0.998442367601246,0.995348837209302,0.07981220657277,0,0,0,0.164274322169059,0.0769230769230769,0.149206349206349,0,0,1,0.00918836140888208,0.283464566929134,1,0.580093312597201,0.971698113207547,0.658346333853354,0.635400907715582,0,1,0.3890625,0.497630331753554,0.922018348623853,0.986259541984733,0.375572519083969,0.0123456790123457,0.95046439628483,0.95398773006135,0,0.965671641791045,0.0125,0.98538961038961,0.414110429447853,0,0.0108359133126935,0.515548281505728,0.836220472440945,0,0.135782747603834,0.0139968895800933,0.00161550888529887,0.747368421052632,0.0221518987341772,1,0.317972350230415,0.992378048780488,0,0.3609375,0.312202852614897,0.87258064516129,0.0919354838709677,0.00306278713629403,0.00312989045383412,0.0398089171974522,0,0.995475113122172,0.0437601296596434,0.978851963746224,0.00156739811912226,1,0,0.518348623853211,0.470866141732283,1,0,0.998466257668712,0,0.3872,0.990811638591118,0,0.650231124807396,0.985826771653543,0.7296875,0.946372239747634,0.0350076103500761,0,1,0.269413629160063,0,0.675344563552833,0,0.015625,1,1,0.990668740279938,0.969936708860759,0.978125,0,0.976489028213166,0.0261941448382126,0.347626339969372,0.291021671826625,0.992236024844721,0.993808049535604,0.99390243902439,0.992354740061162,0.054858934169279,0.0172955974842767,0.983579638752053,0.95852534562212,0.72239263803681,0.978361669242658,1,0.97196261682243,0,0,0.982116244411326,0,0.0584615384615385,0,0.947932618683001,0.282258064516129,0.203470031545741,0.109204368174727,0.92368839427663,0,0.105263157894737,1,1,0.628125,0.408618127786033,0.205663189269747,0.17737003058104,0.630672926447574,0,0.127692307692308,0.545171339563863,0.253164556962025,0.708782742681048,0.0109034267912773,0,0,0.314285714285714,1,0.626984126984127,0.226299694189602,0.621283255086072,0.879019908116386,0.987748851454824,0.968354430379747,0.982428115015974,1,0.998410174880763,0.554179566563467,0.4171875,1,0.00458015267175573,0.0105740181268882,0.877742946708464,0.0138036809815951,1,0.970769230769231,0,0.110759493670886,0,0.94811320754717,0,0.977987421383648,1,0.00460122699386503,0.836220472440945,1,0.649038461538462,0.61741835147745,0.878548895899054,0,0,0.929967426710098,0.935820895522388,0.987823439878234,0,0,0,0.235920852359209,0.493690851735016,0,0.455676516329705,0,0.918918918918919,1,0.162460567823344,0.224111282843895,0,0.347068145800317,0.582159624413146,0.858231707317073,0.960426179604262,0.771384136858476,0,0.987179487179487,0.0124804992199688,1,0,0.984709480122324,0.00933125972006221,1,0.0203442879499218,0.0110584518167457,0,0,0.838759689922481,0.934713375796178,0.938650306748466,0.717325227963526,0.0241691842900302,0.00313971742543171,0.838509316770186,0.832326283987915,0,0.0154798761609907,0.970219435736677,0,0.985530546623794,0.952743902439024,0.0655226209048362,0.0417310664605873,0.00309119010819165,1,0.466876971608833,0.0697305863708399,0.0972886762360447,0.110077519379845,0.690821256038647,0.0944272445820433,1,0,0.763116057233704,0.984567901234568,0.0046656298600311,0,0,0,0,1,0.719101123595506,0,0,0.539074960127592,0.957345971563981,0.43343653250774,0.0496124031007752,0.00160771704180064,0.054140127388535,0.0199081163859112,0,0.0362776025236593,0.00612557427258806,0.0016025641025641,0.0124223602484472,0,0.0518867924528302,0.0576323987538941,0.0153139356814701,0.0217054263565891,0.00646203554119548,0.029595015576324,0.0279937791601866,0.0587326120556414,0.00788643533123028,0.0233281493001555,0,0,0.0473933649289099,0.00635930047694754,0.0258751902587519,0,0.0373831775700935,0.00151515151515152,0.00155763239875389
"182",0.120192307692308,0.119309262166405,0.1546875,0.190864600326264,0.124193548387097,0.116504854368932,0.207336523125997,0.141945773524721,0.128325508607199,0,0.123809523809524,0,0.501602564102564,0.118210862619808,0.895238095238095,0.888888888888889,0,0.00160771704180064,0.123355263157895,0.137440758293839,0.79746835443038,0.855737704918033,0.138364779874214,0,0.161392405063291,0.702791461412151,0.831210191082803,0.124595469255663,0.61189358372457,0.3734375,0.881889763779528,0.395931142410016,0.335987261146497,0.691437802907916,0,0.122257053291536,0.00623052959501558,0.120500782472613,0.728915662650602,0.1953125,0,0,0,0.118022328548644,0.308441558441558,0.869565217391304,0.540284360189573,0.8801261829653,0.563664596273292,0.834108527131783,0,0.127962085308057,0.743710691823899,0.108108108108108,0.213826366559486,0.786173633440514,0,0.155844155844156,0.141269841269841,0.21283255086072,0.678018575851393,0.615987460815047,0.875605815831987,0,0.224222585924714,0.293375394321767,0,0.133333333333333,0,0.880952380952381,0.221875,0.883647798742138,0.888888888888889,0.108832807570978,0,0.397174254317111,0.863207547169811,0.521531100478469,0.217886178861789,0.720930232558139,0,0.367762128325509,0.758190327613105,0.115384615384615,0.829383886255924,0.211023622047244,0.115987460815047,0.165615141955836,0.14375,0.00158227848101266,0.138486312399356,0.118564742589704,0,0,0.137987012987013,0,0.686821705426357,0.135220125786164,0,0,0.446540880503145,0,0.719936708860759,0.119354838709677,0.83695652173913,0.1248,0.00158730158730159,0.139646869983949,0.882725832012678,0.874799357945425,0.878930817610063,0.185185185185185,0.680379746835443,0.129952456418384,0,0.133956386292835,0.361198738170347,0,0.874213836477987,0.808306709265176,0,0.330658105939005,0.758785942492013,0.830065359477124,0.141509433962264,0.813374805598756,0.125588697017268,0.119496855345912,0,0.514866979655712,0.188679245283019,0.6592,0.130016051364366,0,0.128,0.863987635239567,0,0.777070063694268,0.434713375796178,0.546925566343042,0,0,0.14218009478673,0.364069952305246,0.812191103789127,0.117834394904459,0.876404494382023,0.193447737909516,0.609477124183007,0.141965678627145,0.812398042414356,0.129952456418384,0.12379421221865,0.266347687400319,0.116427432216906,0.877650897226754,0.10828025477707,0.884244372990354,0,0.3792,0.223088923556942,0.131455399061033,0.861586314152411,0,0.115444617784711,0.590614886731392,0.124584717607973,0.122065727699531,0.108661417322835,0.663551401869159,0.142410015649452,0.888712241653418,0.165123456790123,0.879573170731707,0.21405750798722,0.6421875,0,0.12379421221865,0,0.268680445151033,0.112341772151899,1,0.132492113564669,0.164835164835165,0.122511485451761,0.153605015673981,0.827856025039124,0.648351648351648,0.183606557377049,0.174267100977199,0.866141732283465,0.87888198757764,0.138709677419355,0.224137931034483,0,0,0.707936507936508,0,0.116279069767442,0.724031007751938,0.210610932475884,0.344339622641509,0.139318885448916,0.603559870550162,0.690737833594976,0.719806763285024,0.186084142394822,0.15224358974359,0.217868338557994,0,0.217868338557994,0.798045602605863,0.156398104265403,0.885532591414944,0.855161787365177,0.533965244865719,0.149206349206349,0.13251155624037,0.266025641025641,0.126182965299685,0.231139646869984,0,0.847376788553259,0.453857791225416,0.111290322580645,0,0.126348228043143,0.138088012139605,0.511326860841424,0.494470774091627,0.133647798742138,0.121753246753247,0.653418124006359,0,0.209627329192547,0.531001589825119,0.151565074135091,0.872641509433962,0.151799687010955,0.120385232744783,0.119496855345912,0.174121405750799,0.521806853582555,0.874608150470219,0.1584,0.499212598425197,0.885145482388974,0.869631901840491,0.738287560581583,0.884493670886076,0.820678513731826,0.410852713178295,0.879556259904913,0.880690737833595,0.884126984126984,0.472307692307692,0.8496,0.126418152350081,0.0016,0.887301587301587,0,0.756843800322061,0.1232,0.140350877192982,0.192982456140351,0,0.221138211382114,0.258675078864353,0.388709677419355,0.460925039872408,0.5728,0.665064102564103,0.0015552099533437,0.12199036918138,0.837025316455696,0.381578947368421,0.155555555555556,0.880952380952381,0.337559429477021,0.887459807073955,0.808544303797468,0.12037037037037,0.121753246753247,0.199675324675325,0,0.45125786163522,0.20096463022508,0,0.890092879256966,0.194053208137715,0.134185303514377,0,0.884735202492212,0.876190476190476,0.138486312399356,0.244299674267101,0.875202593192869,0,0.624803767660911,0.138486312399356,0.30188679245283,0.637931034482759,0.435691318327974,0.143079315707621,0.873397435897436,0.120426829268293,0.112341772151899,0.878740157480315,0.1609375,0.123376623376623,0.141447368421053,0.123028391167192,0.785826771653543,0.712480252764613,0.726415094339623,0.131493506493506,0.174267100977199,0.00783699059561128,0.779578606158833,0.146067415730337,0.787735849056604,0.733231707317073,0.136217948717949,0.137380191693291,0.153488372093023,0.427184466019417,0.114779874213836,0.805422647527911,0.159810126582278,0.120772946859903,0,0.705329153605016,0.505654281098546,0.858954041204437,0.0109034267912773,0.882352941176471,0.179365079365079,0.871674491392801,0.882539682539683,0,0.7616,0.13237639553429,0.8496,0.130505709624796,0.154574132492114,0.130914826498423,0.7152,0.725779967159278,0.433070866141732,0.5667215815486,0,0.281399046104928,0.869158878504673,0.858934169278997,0.776049766718507,0.111831442463533,0.871428571428571,0,0.703761755485893,0.879120879120879,0.889245585874799,0.5664,0.10828025477707,0.730645161290323,0.127906976744186,0.15112540192926,0,0.133535660091047,0.875968992248062,0.128682170542636,0.282371294851794,0.116883116883117,0.867716535433071,0.146189735614308,0.875590551181102,0.228706624605678,0.384742951907131,0.168730650154799,0.130298273155416,0.109204368174727,0.736,0.163461538461538,0.117283950617284,0.882534775888717,0.882352941176471,0.109500805152979,0.123028391167192,0.686520376175549,0.222047244094488,0.160975609756098,0.17879746835443,0.117004680187207,0,0.801932367149758,0.111811023622047,0.882447665056361,0,0.163461538461538,0,0.855784469096672,0.117004680187207,0.151273885350318,0,0.450793650793651,0.592709984152139,0.135782747603834,0.873397435897436,0.236245954692557,0.119162640901771,0.658653846153846,0.472,0.310509554140127,0,0.818037974683544,0.146537842190016,0.126382306477093,0.588328075709779,0.113564668769716,0.151162790697674,0.883870967741936,0,0.126582278481013,0.136,0.17524115755627,0.420560747663551,0.876190476190476,0.22168284789644,0.731974921630094,0.774086378737541,0,0.480519480519481,0.464630225080386,0.457142857142857,0,0.685897435897436,0.18957345971564,0.4609375,0.526479750778816,0.85145482388974,0,0,0.121987951807229,0.140845070422535,0,0.1904,0.0016025641025641,0,0,0.123993558776167,0,0.123355263157895,0.328050713153724,0.537151702786378,0.120556414219474,0,0,0.116352201257862,0.145736434108527,0.400630914826498,0.881538461538461,0,0.206201550387597,0.482334869431644,0.110599078341014,0.507836990595611,0.666666666666667,0,0.127760252365931,0.885668276972625,0.166666666666667,0.824,0,0.874806800618238,0.825040128410915,0.574225122349103,0.141509433962264,0,0.165378670788253,0.132701421800948,0.120689655172414,0,0.8304,0.184300341296928,0.881493506493506,0.1265625,0.126717557251908,0.884676145339652,0.114420062695925,0.714508580343214,0.300940438871473,0.871382636655949,0.786752827140549,0.162679425837321,0.00158478605388273,0.884310618066561,0.142633228840125,0.870340356564019,0.430645161290323,0.6,0,0.841692789968652,0.346905537459283,0.740506329113924,0.134493670886076,0.881141045958796,0.785266457680251,0.672158154859967,0.161290322580645,0.228177641653905,0.152350081037277,0.370015948963317,0,0.14375,0.891640866873065,0.152755905511811,0.645631067961165,0.881172839506173,0.125581395348837,0.12280701754386,0.123993558776167,0.432907348242812,0.132192846034215,0.818327974276527,0.802232854864434,0.1734375,0.215408805031447,0,0,0.130990415335463,0.171974522292994,0.888,0.141269841269841,0.132283464566929,0.650316455696203,0.179487179487179,0.359550561797753,0.204968944099379,0,0.152380952380952,0.678288431061807,0.1125,0.118296529968454,0,0.466453674121406,0.138041733547352,0.874015748031496,0.401273885350318,0.644409937888199,0.319571865443425,0.40064620355412,0.165891472868217,0.834355828220859,0.135265700483092,0.115085536547434,0.150078988941548,0.700980392156863,0.7953125,0.121642969984202,0.111455108359133,0,0.342767295597484,0.607255520504732,0.721183800623053,0.322327044025157,0.119808306709265,0.22884012539185,0.112877583465819,0.126959247648903,0.884488448844885,0,0.276729559748428,0.872,0.883280757097792,0.727987421383648,0,0.129952456418384,0.217391304347826,0.109004739336493,0.129133858267717,0.844197138314785,0.881028938906752,0,0,0.807073954983923,0.847266881028939,0.789137380191693,0,0.8801261829653,0.111635220125786,0.360374414976599,0.714285714285714,0.121794871794872,0.489891135303266,0.143540669856459,0.425431711145997,0.45398773006135,0,0.128048780487805,0.650641025641026,0.572784810126582,0.187692307692308,0.129337539432177,0.644904458598726,0,0.165615141955836,0.158461538461538,0,0.145038167938931,0.867298578199052,0.143790849673203,0.67032967032967,0,0.0016025641025641,0.55,0.267515923566879,0.882911392405063,0.78743961352657,0.0016025641025641,0,0.334869431643625,0.859872611464968,0.108695652173913,0.688473520249221,0.123630672926448,0.879746835443038,0.607198748043818,0.657004830917874,0.221498371335505,0.833876221498371,0.871632329635499,0,0.853697749196141,0,0.137984496124031,0.71004942339374,0.135593220338983,0.889067524115756,0.116987179487179,0,0.533434650455927,0.58161648177496,0.117274167987322,0,0.122670807453416,0,0.627228525121556,0.138629283489097,0,0.420062695924765,0.143556280587276,0.345541401273885,0.169082125603865,0.853125,0,0.109324758842444,0.725490196078431,0,0.396875,0.883076923076923,0.889763779527559,0.11620294599018,0.106012658227848,0.128284389489954,0.131868131868132,0.133550488599349,0,0.144654088050314,0.00156739811912226,0.656739811912226,0.719435736677116,0.129283489096573,0.123028391167192,0.121684867394696,0.128526645768025,0.0301109350237718,0.8752,0.132450331125828,0.161648177496038,0.395604395604396,0.135646687697161,0.121875,0.1484375,0,0,0.1350531107739,0,0.852080123266564,0.0016,0.154093097913323,0.713592233009709,0.758677685950413,0.831496062992126,0.192982456140351,0.00156985871271586,0.824261275272162,0.114420062695925,0.123028391167192,0.431781701444623,0.627836611195159,0.787136294027565,0.769817073170732,0.421474358974359,0.88125,0.963893249607535,0.504,0.791469194312796,0.4015625,0.870813397129187,0,0.879614767255217,0.674267100977199,0.123355263157895,0.417322834645669,0.763975155279503,0.476190476190476,0.211598746081505,0.115562403697997,0.167752442996743,0.130225080385852,0.132686084142395,0.113237639553429,0.495283018867925,0.616352201257862,0.125,0.879756468797565,0.885670731707317,0.237795275590551,0.00157977883096367,0.122887864823349,0.144409937888199,0,0.839805825242718,0,0.163166397415186,0,0.141732283464567,0.1198738170347,0.882170542635659,0.260663507109005,0.118195956454121,0.424483306836248,0.455414012738854,0.227053140096618,0,0,0.193069306930693,0.173716012084592,0.13015873015873,0,0,0.881107491856677,0.790297339593114,0.6352,0,0.5765625,0,0.180511182108626,0.125611745513866,0.737439222042139,0.743630573248408,0,0.660771704180064,0.469194312796209,0.246006389776358,0.15541601255887,0.323717948717949,0.875404530744337,0.13237639553429,0.083596214511041,0.119086460032626,0,0.134883720930233,0,0.112,0.867954911433172,0.532283464566929,0,0,0.279620853080569,0.196141479099678,0.1796875,0.392801251956182,0.910518053375196,0.888529886914378,0.253543307086614,0.240369799691834,0,0.875,0.161290322580645,0,0.138933764135703,0.170245398773006,0.850722311396469,0.0078740157480315,0.884080370942813,0.118670886075949,0.573268921095008,0.841017488076312,0.815789473684211,0.809148264984227,0.410828025477707,0.845911949685535,0.11525974025974,0,0.361290322580645,0.141321044546851,0,0,0.876335877862595,0,0.87797147385103,0.117739403453689,0.36038961038961,0.874388254486134,0.88,0.531502423263328,0.145867098865478,0.635514018691589,0.00618238021638331,0.876019575856444,0.0460526315789474,0.00471698113207547,0,0.736089030206677,0.869631901840491,0.887301587301587,0.865533230293663,0.883096366508689,0.00649350649350649,0.00934579439252336,0.867834394904459,0.00473186119873817,0.0016260162601626,0.0254372019077901,0.0046875,0.00792393026941363,0.867507886435331,0.00471698113207547,0.879282218597064,0.880452342487884,0.00477707006369427,0.872,0.0403726708074534,0.883280757097792,0.806603773584906,0.876899696048632,0.874603174603175
"183",0.985530546623794,0.981337480559876,0.969230769230769,0.941548183254344,0.984051036682616,0.9826224328594,0.886614173228346,0.978395061728395,0.981337480559876,0,0.97984496124031,0,0.580343213728549,0.980952380952381,0.0662557781201849,0.0217729393468118,0,0.0139318885448916,0.980830670926518,0.967592592592593,0.186520376175549,0.0531400966183575,0.973520249221184,0,0.940092165898618,0.269716088328076,0.128682170542636,0.971153846153846,0.474962063732929,0.693251533742331,0.0123456790123457,0.709230769230769,0.781990521327014,0.285491419656786,0,0.990625,0.0201863354037267,0.98145285935085,0.276853252647504,0.90077519379845,0.0015552099533437,0.0154083204930663,0.00460829493087558,0.984472049689441,0.778846153846154,0.0394321766561514,0.519623233908948,0.020440251572327,0.478063540090772,0.143730886850153,0,0.976415094339623,0.291472868217054,0.979719188767551,0.881329113924051,0.173633440514469,0,0.95748031496063,0.953632148377125,0.91271056661562,0.296296296296296,0.436447166921899,0.0142405063291139,0,0.886075949367089,0.820592823712949,0,0.978125,0,0.0187793427230047,0.863076923076923,0.0234741784037559,0.0346456692913386,0.980152671755725,0,0.725731895223421,0.0642201834862385,0.578461538461538,0.900787401574803,0.28171334431631,0,0.725429017160686,0.224924012158055,0.979782270606532,0.130769230769231,0.901689708141321,0.98145285935085,0.966463414634146,0.955453149001536,0.00911854103343465,0.98116169544741,0.98145285935085,0,0,0.965244865718799,0,0.310664605873261,0.981366459627329,0.00619195046439629,0.00784929356357928,0.613104524180967,0,0.297674418604651,0.982371794871795,0.123100303951368,0.984076433121019,0.00943396226415094,0.975116640746501,0.017515923566879,0.0249609984399376,0.024390243902439,0.89937106918239,0.356807511737089,0.978328173374613,0,0.984567901234568,0.731366459627329,0,0.0170542635658915,0.225908372827804,0,0.781733746130031,0.271186440677966,0.0966719492868463,0.970496894409938,0.150537634408602,0.978658536585366,0.979813664596273,0,0.549450549450549,0.938080495356037,0.480952380952381,0.972843450479233,0,0.980922098569157,0.0395738203957382,0,0.239302694136292,0.613707165109034,0.52827140549273,0,0,0.981623277182236,0.768875192604006,0.181674565560821,0.982785602503912,0.0285261489698891,0.91601866251944,0.454976303317536,0.979938271604938,0.158730158730159,0.972179289026275,0.985576923076923,0.8375,0.981481481481482,0.0158730158730159,0.979719188767551,0.0170542635658915,0,0.741433021806854,0.872534142640364,0.962616822429907,0.0336391437308868,0,0.983282674772036,0.475961538461538,0.982315112540193,0.982892690513219,0.981481481481482,0.293313069908815,0.987673343605547,0.0156494522691706,0.948249619482496,0.0180451127819549,0.906793048973144,0.375766871165644,0,0.969040247678019,0,0.838509316770186,0.980061349693252,0.132492113564669,1,0.941628264208909,0.979073243647235,0.964831804281346,0.106976744186047,0.393241167434716,0.931637519872814,0.941455696202532,0.0694006309148265,0.0268562401263823,0.97933227344992,0.857798165137615,0,0,0.311811023622047,0.00154320987654321,0.981707317073171,0.26928895612708,0.874213836477987,0.758778625954198,0.986322188449848,0.4390625,0.427914110429448,0.311320754716981,0.934272300469484,0.953846153846154,0.881538461538461,0,0.865030674846626,0.195512820512821,0.955625990491284,0.021978021978022,0.0900763358778626,0.544753086419753,0.965244865718799,0.981679389312977,0.847113884555382,0.983308042488619,0.895962732919255,0,0.0958268933539413,0.672281776416539,0.980922098569157,0,0.975270479134467,0.974320241691843,0.565149136577708,0.580495356037152,0.970496894409938,0.979462875197472,0.369905956112853,0,0.884673748103187,0.52755905511811,0.9712,0.021671826625387,0.958715596330275,0.984276729559748,0.979876160990712,0.94006309148265,0.540458015267176,0.0206349206349206,0.9703125,0.532507739938081,0.0240601503759399,0.0181268882175227,0.206572769953052,0.0185758513931889,0.171156893819334,0.675675675675676,0.0154798761609907,0.0168195718654434,0.0296411856474259,0.591743119266055,0.0523809523809524,0.974683544303797,0.0110062893081761,0.015748031496063,0,0.231259968102073,0.981220657276995,0.961059190031153,0.913385826771654,0,0.871835443037975,0.846153846153846,0.715396578538103,0.6171875,0.471698113207547,0.448818897637795,0.0123839009287926,0.979782270606532,0.117465224111283,0.717041800643087,0.95800933125972,0.0305343511450382,0.748031496062992,0.0201863354037267,0.125574272588055,0.983257229832572,0.982200647249191,0.883757961783439,0,0.638591117917305,0.883830455259027,0,0.0215716486902928,0.894977168949772,0.979813664596273,0,0.0198473282442748,0.0200308166409861,0.993589743589744,0.890145395799677,0.0127591706539075,0,0.386046511627907,0.990668740279938,0.802731411229135,0.401898734177215,0.655226209048362,0.963302752293578,0.0297339593114241,0.980243161094225,0.982758620689655,0.0251177394034537,0.97196261682243,0.982704402515723,0.958990536277603,0.980273141122914,0.187993680884676,0.328767123287671,0.296466973886329,0.97626582278481,0.93719806763285,0.0525502318392581,0.251956181533646,0.973270440251572,0.161442006269592,0.296520423600605,0.982539682539682,0.981102362204724,0.976599063962558,0.703703703703704,0.978260869565217,0.233704292527822,0.96177370030581,0.979719188767551,0,0.348228043143297,0.54416403785489,0.0341614906832298,0.0543478260869565,0.0244648318042813,0.910077519379845,0.0384024577572965,0.015600624024961,0,0.231726283048211,0.980891719745223,0.0906298003072197,0.9824,0.967391304347826,0.984326018808777,0.297770700636943,0.305958132045089,0.678683385579937,0.491114701130856,0,0.821150855365474,0.0335365853658537,0.0617283950617284,0.213089802130898,0.984126984126984,0.0206022187004754,0,0.352850539291217,0.0274809160305344,0.04375,0.484227129337539,0.984251968503937,0.282051282051282,0.9792,0.952830188679245,0,0.983703703703704,0.012326656394453,0.983154670750383,0.833592534992224,0.97933227344992,0.0327613104524181,0.958966565349544,0.0186625194401244,0.877329192546584,0.726114649681529,0.934749620637329,0.98145285935085,0.978227060653188,0.305555555555556,0.957278481012658,0.98030303030303,0.0182370820668693,0.0436817472698908,0.981366459627329,0.98116169544741,0.338931297709924,0.875195007800312,0.951219512195122,0.956989247311828,0.984496124031008,0,0.123613312202853,0.979969183359014,0.0159235668789809,0,0.963722397476341,0.00950871632329636,0.0509554140127389,0.986322188449848,0.965408805031447,0.00476947535771065,0.623233908948195,0.422712933753943,0.993650793650794,0.0176282051282051,0.869905956112853,0.984101748807631,0.382911392405063,0.595679012345679,0.796850393700787,0,0.179407176287051,0.975922953451043,0.982839313572543,0.448757763975155,0.982945736434109,0.965853658536585,0.0498442367601246,0.0015552099533437,1,0.980982567353407,0.951104100946372,0.692424242424242,0.0249221183800623,0.875786163522013,0.243788819875776,0.194127243066884,0.00461538461538462,0.621621621621622,0.60596546310832,0.636080870917574,0,0.302362204724409,0.913446676970634,0.647604327666152,0.532307692307692,0.0930930930930931,0,0,0.983606557377049,0.96177370030581,0,0.920436817472699,0.00809061488673139,0,0,0.981191222570533,0,0.985483870967742,0.75968992248062,0.540983606557377,0.980273141122914,0,0,0.979719188767551,0.956521739130435,0.724770642201835,0.0169230769230769,0,0.874242424242424,0.596006144393241,0.984326018808777,0.529953917050691,0.361769352290679,0,0.970404984423676,0.0143769968051118,0.95260663507109,0.0952380952380952,0,0.0292307692307692,0.128,0.48371335504886,0.9625,0,0.948091603053435,0.969512195121951,0.981651376146789,0,0.0841269841269841,0.919141914191419,0.0213114754098361,0.979813664596273,0.986175115207373,0.0248833592534992,0.984496124031008,0.316614420062696,0.814641744548287,0.0283464566929134,0.1872,0.961597542242704,0.00791139240506329,0.0202808112324493,0.973805855161787,0.0258064516129032,0.672926447574335,0.406050955414013,0,0.127527216174184,0.755233494363929,0.277089783281734,0.992223950233281,0.0171875,0.161189358372457,0.448387096774194,0.961656441717791,0.893455098934551,0.950949367088608,0.75,0,0.972265023112481,0.018348623853211,0.955625990491284,0.3984,0.0179640718562874,0.986046511627907,0.980769230769231,0.980952380952381,0.625,0.984423676012461,0.144654088050314,0.209702660406886,0.940625,0.876543209876543,0,0,0.977987421383648,0.944707740916272,0.031201248049922,0.975,0.992163009404389,0.37442218798151,0.919685039370079,0.729001584786054,0.881278538812785,0,0.965299684542587,0.332302936630603,0.9828125,0.984251968503937,0,0.64576802507837,0.966824644549763,0.0218068535825545,0.689873417721519,0.373643410852713,0.800604229607251,0.693037974683544,0.947289156626506,0.109756097560976,0.973228346456693,0.981424148606811,0.976671850699845,0.313971742543171,0.110591900311526,0.995398773006135,0.98159509202454,0.00770416024653313,0.78419452887538,0.447900466562986,0.2515625,0.775038520801233,0.977742448330684,0.884676145339652,0.983050847457627,0.121951219512195,0.0209677419354839,0,0.838509316770186,0.0207006369426752,0.0140845070422535,0.28149300155521,0,0.989214175654854,0.921538461538462,0.986046511627907,0.987748851454824,0.111811023622047,0.0171606864274571,0,0,0.193343898573693,0.0933544303797468,0.168224299065421,0,0.0185185185185185,0.978361669242658,0.0123076923076923,0.3078125,0.979430379746835,0.593220338983051,0.96031746031746,0.674961119751166,0.649546827794562,0,0.983532934131736,0.404423380726698,0.510268562401264,0.921921921921922,0.981679389312977,0.409711684370258,0.0108191653786708,0.951863354037267,0.958904109589041,0,0.961832061068702,0.029595015576324,0.977272727272727,0.413416536661466,0,0.00786163522012579,0.532362459546926,0.850157728706625,0.0171073094867807,0.138147566718995,0.00934579439252336,0.00158730158730159,0.756390977443609,0.0358814352574103,0.985507246376812,0.33693972179289,0.983508245877061,0.0200308166409861,0.376744186046512,0.324881141045959,0.873801916932907,0.111821086261981,0.0201863354037267,0.0015527950310559,0.0520504731861199,0,0.980030721966206,0.0467741935483871,0.980769230769231,0.0187207488299532,0.986046511627907,0,0.535987748851455,0.468118195956454,0.984375,0,0.981651376146789,0,0.399030694668821,0.977134146341463,0,0.647239263803681,0.971653543307087,0.735340729001585,0.953968253968254,0.0567484662576687,0,0.984350547730829,0.265402843601896,0,0.709035222052067,0.0151745068285281,0.0290076335877863,0.979397781299525,0.984276729559748,0.978819969742814,0.963607594936709,0.971698113207547,0,0.965785381026439,0.0197268588770865,0.353566009104704,0.288819875776398,0.989214175654854,0.975535168195719,0.97869101978691,0.975683890577508,0.0541795665634675,0.0312989045383412,0.996794871794872,0.960426179604262,0.714067278287462,0.968847352024922,0.983128834355828,0.972265023112481,0,0,0.965620328849028,0,0.0893682588597843,0,0.94375,0.281150159744409,0.227344992050874,0.139784946236559,0.924764890282132,0,0.121913580246914,0.980030721966206,0.986238532110092,0.65149136577708,0.425373134328358,0.216012084592145,0.191424196018377,0.642857142857143,0.0123456790123457,0.145736434108527,0.549450549450549,0.250396196513471,0.714067278287462,0.025,0,0.0157728706624606,0.330658105939005,0.980891719745223,0.620528771384137,0.249249249249249,0.62754303599374,0.881901840490798,0.969650986342944,0.957928802588997,0.974683544303797,0.985714285714286,0.9828125,0.557299843014129,0.436728395061728,0.983024691358025,0.021021021021021,0.0272727272727273,0.883830455259027,0.0107033639143731,0.984732824427481,0.955177743431221,0,0.127962085308057,0,0.965023847376789,0,0.962848297213622,0.97984496124031,0.0198776758409786,0.847962382445141,0.979813664596273,0.652931854199683,0.621664050235479,0.87037037037037,0,0,0.932038834951456,0.941265060240964,0.986217457886677,0,0,0.0158227848101266,0.229832572298326,0.480680061823802,0,0.470866141732283,0,0.934477379095164,0.981220657276995,0.180094786729858,0.249230769230769,0,0.357142857142857,0.593167701863354,0.856918238993711,0.959752321981424,0.778471138845554,0.0157977883096366,0.990521327014218,0.0156985871271586,0.983948635634029,0,0.980273141122914,0.0062402496099844,0.984350547730829,0.025518341307815,0.0173228346456693,0,0,0.835637480798771,0.9216,0.930769230769231,0.701399688958009,0.0438729198184569,0.0267716535433071,0.838957055214724,0.839339339339339,0,0.0252365930599369,0.960815047021944,0,0.97411003236246,0.955521472392638,0.0766823161189358,0.0403100775193798,0.0186625194401244,0.98,0.500784929356358,0.0941915227629513,0.126805778491172,0.125581395348837,0.6992,0.10790273556231,0.984447900466563,0,0.755868544600939,0.97360248447205,0.0015748031496063,0,0.0196374622356495,0,0.021875,0.983076923076923,0.719551282051282,0.0206677265500795,0.0188087774294671,0.548489666136725,0.967238689547582,0.447488584474886,0.0476190476190476,0.0143312101910828,0.0521327014218009,0.02,0,0.0424528301886792,0.0225563909774436,0.0141732283464567,0.0303490136570561,0.0150602409638554,0.0488188976377953,0.0577223088923557,0.0357698289269051,0.0218068535825545,0.00632911392405063,0.0278637770897833,0.0264797507788162,0.0598159509202454,0.0221518987341772,0.021671826625387,0.0191082802547771,0.0222929936305732,0.0446570972886762,0.0233281493001555,0.0261136712749616,0.02,0.0560747663551402,0.0165912518853695,0.0218068535825545
"184",0.948275862068966,0.947611710323575,0.933846153846154,0.909235668789809,0.938582677165354,0.952076677316294,0.866043613707165,0.928571428571429,0.95405819295559,0,0.952307692307692,0,0.608424336973479,0.950479233226837,0.0881889763779528,0.0642201834862385,0,0.0124610591900312,0.946031746031746,0.946236559139785,0.205928237129485,0.0700636942675159,0.94,0,0.922360248447205,0.287301587301587,0.158705701078582,0.939873417721519,0.506060606060606,0.69922480620155,0.045662100456621,0.7015625,0.779874213836478,0.307086614173228,0,0.954128440366973,0.0168970814132104,0.945652173913043,0.312594840667678,0.869300911854103,0.00158478605388273,0.0138248847926267,0.00460122699386503,0.952229299363057,0.774557165861514,0.0727848101265823,0.54559748427673,0.0487421383647799,0.509833585476551,0.173913043478261,0,0.949367088607595,0.306625577812018,0.950078003120125,0.860282574568289,0.227848101265823,0,0.930489731437599,0.917557251908397,0.871362940275651,0.320433436532508,0.475308641975309,0.0560747663551402,0,0.88503937007874,0.844375963020031,0,0.94,0,0.05320813771518,0.857142857142857,0.0587326120556414,0.0667701863354037,0.952815829528158,0,0.733637747336377,0.0963302752293578,0.611111111111111,0.879936808846761,0.321895424836601,0,0.725880551301684,0.26395173453997,0.946070878274268,0.164596273291925,0.89193302891933,0.956386292834891,0.936532507739938,0.934681181959565,0.00916030534351145,0.946540880503145,0.9453125,0,0,0.932069510268562,0,0.341500765696784,0.938366718027735,0.00615384615384615,0.00784929356357928,0.647779479326187,0,0.32182103610675,0.952456418383518,0.159159159159159,0.95389507154213,0.0077639751552795,0.928792569659443,0.0428571428571429,0.0661538461538462,0.0538461538461538,0.882995319812793,0.377329192546584,0.95968992248062,0,0.942635658914729,0.738461538461539,0,0.0523882896764253,0.276461295418641,0,0.776911076443058,0.296296296296296,0.12280701754386,0.953416149068323,0.202177293934681,0.944444444444444,0.951486697965571,0,0.58641975308642,0.904907975460123,0.507911392405063,0.94006309148265,0,0.946287519747235,0.0749235474006116,0,0.2625,0.647515527950311,0.555555555555556,0,0,0.941807044410414,0.814814814814815,0.221337579617834,0.950078003120125,0.0571870170015456,0.903374233128834,0.447619047619048,0.940029985007496,0.1939586645469,0.942367601246106,0.954330708661417,0.822981366459627,0.947530864197531,0.0492845786963434,0.950540958268934,0.0441640378548896,0,0.778637770897833,0.846036585365854,0.92846034214619,0.0685975609756098,0,0.949464012251149,0.475513428120063,0.954041204437401,0.945652173913043,0.944530046224962,0.319571865443425,0.934681181959565,0.0556414219474498,0.903963414634146,0.0523952095808383,0.871835443037975,0.414483821263482,0,0.936236391912908,0,0.817472698907956,0.95405819295559,0.164835164835165,0.941628264208909,1,0.947839046199702,0.940998487140696,0.1515625,0.423192771084337,0.909810126582278,0.910543130990415,0.108864696734059,0.0474006116207951,0.937898089171974,0.833070866141732,0,0,0.348909657320872,0.0015552099533437,0.951293759512938,0.310911808669656,0.858044164037855,0.735068912710567,0.945619335347432,0.486529318541997,0.448757763975155,0.340222575516693,0.874213836477987,0.92755905511811,0.868702290076336,0,0.856037151702786,0.22488038277512,0.914691943127962,0.0414746543778802,0.115853658536585,0.572085889570552,0.944012441679627,0.93140243902439,0.835703001579779,0.949618320610687,0.8890625,0,0.114854517611026,0.712977099236641,0.94896331738437,0,0.939209726443769,0.93815987933635,0.584234930448223,0.572542901716069,0.938193343898574,0.955271565495208,0.401869158878505,0,0.86015037593985,0.544600938967136,0.936708860759494,0.0496894409937888,0.92156862745098,0.945141065830721,0.947772657450077,0.937205651491366,0.569018404907976,0.0564263322884013,0.932601880877743,0.559633027522936,0.0559757942511346,0.047112462006079,0.233908948194662,0.0486656200941915,0.199376947040498,0.689969604863222,0.044822256568779,0.060790273556231,0.0595419847328244,0.632621951219512,0.0884676145339652,0.952904238618524,0.0125391849529781,0.0515625,0,0.266244057052298,0.950949367088608,0.944186046511628,0.891603053435114,0,0.847512038523275,0.854070660522273,0.704866562009419,0.618012422360248,0.491338582677165,0.461059190031153,0.0107033639143731,0.949044585987261,0.149691358024691,0.72258064516129,0.930926216640502,0.0601851851851852,0.748837209302326,0.0559006211180124,0.168469860896445,0.95,0.949286846275753,0.858054226475279,0,0.67741935483871,0.862068965517241,0,0.0486322188449848,0.865151515151515,0.936434108527132,0,0.0585516178736518,0.0501519756838906,0.938775510204082,0.866141732283465,0.055205047318612,0,0.425499231950845,0.948717948717949,0.790909090909091,0.443251533742331,0.681181959564541,0.915514592933948,0.0541795665634675,0.943076923076923,0.961479198767334,0.0605590062111801,0.936335403726708,0.948517940717629,0.927066450567261,0.95852534562212,0.226006191950464,0.356589147286822,0.327613104524181,0.929133858267717,0.909235668789809,0.0476923076923077,0.29874213836478,0.934477379095164,0.195652173913043,0.363086232980333,0.95141065830721,0.953560371517028,0.93603744149766,0.723642172523962,0.946564885496183,0.28006329113924,0.928682170542636,0.949685534591195,0,0.362095531587057,0.565286624203822,0.0734375,0.0516717325227964,0.0577507598784195,0.876352395672334,0.0699088145896656,0.0488549618320611,0,0.271450858034321,0.953051643192488,0.117378048780488,0.938906752411576,0.931464174454829,0.9484375,0.326018808777429,0.324281150159744,0.702194357366771,0.489499192245557,0,0.835403726708075,0.0668693009118541,0.0769230769230769,0.25114854517611,0.949921752738654,0.0590062111801242,0,0.36687306501548,0.0635658914728682,0.0703125,0.513931888544892,0.95141065830721,0.3296,0.948635634028893,0.922360248447205,0,0.947136563876652,0.0446841294298921,0.945288753799392,0.846986089644513,0.956869009584665,0.0672926447574335,0.935681470137825,0.0481366459627329,0.849230769230769,0.738654147104851,0.919504643962848,0.938176197836167,0.94383775351014,0.34181240063593,0.937007874015748,0.942161339421613,0.0555555555555556,0.0748829953198128,0.949606299212598,0.94556765163297,0.375193798449612,0.860248447204969,0.935483870967742,0.92,0.947932618683001,0,0.172741679873217,0.948091603053435,0.0533751962323391,0,0.92755905511811,0.00950871632329636,0.0878594249201278,0.946483180428135,0.927131782945736,0.00313971742543171,0.643962848297214,0.456112852664577,0.942006269592476,0.0448717948717949,0.838557993730408,0.944178628389155,0.411580594679186,0.633996937212864,0.802795031055901,0,0.214395099540582,0.93312101910828,0.950387596899225,0.493001555209953,0.95405819295559,0.92358803986711,0.0790697674418605,0,0.940184049079755,0.9546875,0.911076443057722,0.708527131782946,0.0589147286821705,0.8375,0.287480680061824,0.216965742251224,0.00615384615384615,0.664012738853503,0.63166144200627,0.643962848297214,0,0.3456,0.888024883359253,0.67906976744186,0.553191489361702,0.124624624624625,0,0,0.95230998509687,0.936825885978428,0,0.891472868217054,0.00956937799043062,0,0,0.953703703703704,0,0.952380952380952,0.773291925465838,0.583586626139818,0.951145038167939,0,0,0.945141065830721,0.919939577039275,0.755760368663594,0.0518292682926829,0.0016,0.850381679389313,0.62095531587057,0.952599388379205,0.547140649149923,0.394409937888199,0,0.936363636363636,0.0493630573248408,0.921383647798742,0.133333333333333,0,0.0630630630630631,0.151658767772512,0.505691056910569,0.925925925925926,0,0.922374429223744,0.96078431372549,0.946319018404908,0,0.125,0.90311986863711,0.0575079872204473,0.947772657450077,0.948170731707317,0.0532724505327245,0.947204968944099,0.346333853354134,0.800618238021638,0.0559006211180124,0.216300940438871,0.926905132192846,0.00934579439252336,0.0489731437598736,0.939024390243902,0.0660225442834139,0.696540880503145,0.41692789968652,0,0.155624036979969,0.748427672955975,0.310185185185185,0.932707355242567,0.0511627906976744,0.199074074074074,0.47741935483871,0.922960725075529,0.86280487804878,0.934375,0.772727272727273,0,0.942901234567901,0.046583850931677,0.918367346938776,0.44,0.0483383685800604,0.948678071539658,0.950949367088608,0.949606299212598,0.641653905053599,0.941267387944359,0.184375,0.234645669291339,0.927899686520376,0.850931677018634,0,0,0.945686900958466,0.912087912087912,0.0649149922720247,0.950793650793651,0.947204968944099,0.4078125,0.898894154818325,0.765822784810127,0.86322188449848,0,0.934065934065934,0.372239747634069,0.953488372093023,0.950310559006211,0,0.690031152647975,0.93167701863354,0.0482866043613707,0.706896551724138,0.428571428571429,0.804185351270553,0.712933753943218,0.924961715160796,0.117021276595745,0.942006269592476,0.950693374422188,0.935185185185185,0.330658105939005,0.133956386292835,0.949074074074074,0.948795180722892,0.00612557427258806,0.835913312693498,0.487538940809969,0.308892355694228,0.763157894736842,0.945652173913043,0.853168469860896,0.953703703703704,0.132018209408194,0.0496794871794872,0,0.818897637795276,0.0519685039370079,0.0545171339563863,0.326687116564417,0,0.950078003120125,0.886328725038402,0.946319018404908,0.950844854070661,0.128930817610063,0.0394321766561514,0,0,0.210191082802548,0.128930817610063,0.203174603174603,0,0.0453857791225416,0.946153846153846,0.0303030303030303,0.331761006289308,0.941455696202532,0.622257053291536,0.93026941362916,0.691131498470948,0.651975683890577,0,0.949329359165425,0.442675159235669,0.533646322378717,0.894495412844037,0.944186046511628,0.429012345679012,0.00910470409711684,0.924615384615385,0.922727272727273,0,0.938253012048193,0.0665634674922601,0.94912559618442,0.435384615384615,0,0.00768049155145929,0.549180327868853,0.822966507177033,0.0573643410852713,0.18312101910828,0.0093603744149766,0.00161030595813205,0.743628185907046,0.073094867807154,0.951612903225806,0.36405529953917,0.942511346444781,0.049079754601227,0.411490683229814,0.369085173501577,0.851968503937008,0.142857142857143,0.0474732006125574,0.00308641975308642,0.0933125972006221,0,0.946808510638298,0.0706260032102729,0.934848484848485,0.054858934169279,0.948717948717949,0,0.561162079510703,0.500782472613459,0.950078003120125,0,0.950301204819277,0,0.444444444444444,0.955927051671733,0,0.656923076923077,0.944794952681388,0.75314465408805,0.908372827804107,0.0849772382397572,0,0.952681388012618,0.308426073131955,0,0.710077519379845,0.0479041916167665,0.0690184049079755,0.946624803767661,0.94896331738437,0.944700460829493,0.933753943217666,0.939778129952456,0,0.937308868501529,0.0230061349693252,0.390648567119155,0.342549923195084,0.947692307692308,0.938967136150235,0.942511346444781,0.952307692307692,0.0602782071097372,0.0663507109004739,0.935691318327974,0.921898928024502,0.743939393939394,0.93394777265745,0.946401225114854,0.941448382126348,0,0,0.932634730538922,0,0.106153846153846,0,0.917057902973396,0.332802547770701,0.250788643533123,0.16385911179173,0.895148669796557,0.00155763239875389,0.160186625194401,0.944272445820433,0.955453149001536,0.645962732919255,0.460176991150442,0.261584454409567,0.238897396630934,0.661971830985915,0.0538461538461538,0.16793893129771,0.600946372239748,0.293103448275862,0.727134146341463,0.0475460122699387,0,0.0533751962323391,0.361067503924647,0.953821656050955,0.625776397515528,0.27736131934033,0.670229007633588,0.846153846153846,0.942684766214178,0.917207792207792,0.947619047619048,0.955905511811024,0.959627329192547,0.580893682588598,0.455098934550989,0.954616588419405,0.0618401206636501,0.0609756097560976,0.8578125,0.00911854103343465,0.947692307692308,0.918836140888208,0,0.170886075949367,0,0.918622848200313,0,0.966309341500766,0.950310559006211,0.0535987748851455,0.822152886115445,0.951219512195122,0.674085850556439,0.654743390357698,0.85126582278481,0,0,0.891935483870968,0.906110283159464,0.948012232415902,0,0,0.0435483870967742,0.272865853658537,0.515432098765432,0,0.47758887171561,0,0.907523510971787,0.953051643192488,0.201574803149606,0.29320987654321,0,0.396255850234009,0.584496124031008,0.837282780410742,0.92530487804878,0.786936236391913,0.0499219968798752,0.947452229299363,0.0204724409448819,0.955555555555556,0,0.94359756097561,0.00622083981337481,0.947619047619048,0.0637636080870918,0.0379746835443038,0,0,0.826356589147287,0.917874396135266,0.903522205206738,0.725609756097561,0.0719640179910045,0.0609375,0.838509316770186,0.825112107623318,0,0.061633281972265,0.9859375,0,0.9359375,0.917431192660551,0.117004680187207,0.0427480916030534,0.0545171339563863,0.946070878274268,0.503937007874016,0.1125,0.148089171974522,0.167950693374422,0.7264,0.146564885496183,0.949921752738654,0,0.78021978021978,0.934150076569678,0.00313479623824451,0,0.0523952095808383,0,0.059375,0.950617283950617,0.728867623604466,0.0483619344773791,0.0527950310559006,0.583987441130298,0.914728682170543,0.468509984639017,0.0499219968798752,0.0492845786963434,0.0538827258320127,0.0169491525423729,0,0.0744849445324881,0.0476190476190476,0.0560747663551402,0.0638629283489097,0.0547945205479452,0.047244094488189,0.0564885496183206,0.0666666666666667,0.015600624024961,0.00318979266347687,0.0266457680250784,0.0215716486902928,0.0573643410852713,0.061633281972265,0.02,0.0494417862838915,0.0458135860979463,0.0488958990536278,0.0543478260869565,0.0239520958083832,0.0524691358024691,0.0837209302325581,0.0521609538002981,0.0556414219474498
"185",0.986089644513138,0.991004497751124,0.962462462462462,0.934049079754601,0.976635514018692,0.99075500770416,0.883156297420334,0.967741935483871,0.992469879518072,0,0.991004497751124,0,0.571212121212121,0.989197530864197,0.043609022556391,0.0151057401812689,0,0.0108024691358025,0.987730061349693,0.979073243647235,0.177443609022556,0.037914691943128,0.980654761904762,0,0.95187969924812,0.259600614439324,0.118975903614458,0.976452119309262,0.473529411764706,0.684603886397608,0.0102790014684288,0.681749622926094,0.767477203647416,0.288549618320611,0,0.995461422087746,0.018018018018018,0.991017964071856,0.264748201438849,0.903417533432392,0.00154320987654321,0.0119402985074627,0.0045045045045045,0.993808049535604,0.768867924528302,0.0306748466257669,0.506134969325153,0.0107361963190184,0.459654178674352,0.134416543574594,0,0.99251497005988,0.27893175074184,0.990963855421687,0.875957120980092,0.157407407407407,0,0.973805855161787,0.949177877428999,0.892857142857143,0.289940828402367,0.439461883408072,0.0108695652173913,0,0.905132192846034,0.827844311377245,0,0.98030303030303,0,0.00758725341426404,0.846381093057607,0.00904977375565611,0.0274809160305344,0.991044776119403,0,0.704411764705882,0.0531757754800591,0.574660633484163,0.895545314900154,0.263327948303716,0,0.711940298507463,0.212574850299401,0.987951807228916,0.112951807228916,0.901785714285714,0.989457831325301,0.963746223564955,0.956521739130435,0.00887573964497041,0.981845688350983,0.989520958083832,0,0,0.979938271604938,0,0.297297297297297,0.973053892215569,0.00599700149925037,0.0060790273556231,0.615037593984962,0,0.291793313069909,0.989425981873112,0.112259970457903,0.990654205607477,0.00758725341426404,0.968468468468468,0.0105421686746988,0.0149253731343284,0.0150829562594268,0.898021308980213,0.332824427480916,0.985163204747775,0,0.978883861236802,0.711278195488722,0,0.00903614457831325,0.223564954682779,0,0.767584097859327,0.262917933130699,0.0854037267080745,0.964285714285714,0.142644873699851,0.98962962962963,0.988023952095808,0,0.534328358208955,0.930408472012103,0.489197530864198,0.982866043613707,0,0.990867579908676,0.0309734513274336,0,0.229709035222052,0.622119815668203,0.507716049382716,0,0,0.974814814814815,0.76602086438152,0.170015455950541,0.99390243902439,0.0122699386503067,0.914285714285714,0.415902140672783,0.974814814814815,0.1453125,0.974397590361446,0.992272024729521,0.840840840840841,0.984802431610942,0.0108359133126935,0.992503748125937,0.0091324200913242,0,0.7442218798151,0.865300146412884,0.980451127819549,0.0237037037037037,0,0.989489489489489,0.452054794520548,0.992163009404389,0.991044776119403,0.990990990990991,0.29037037037037,0.971471471471472,0.00923076923076923,0.938506588579795,0.00733137829912024,0.8887171561051,0.366515837104072,0,0.986506746626687,0,0.844879518072289,0.992526158445441,0.122511485451761,0.979073243647235,0.947839046199702,1,0.973372781065089,0.0960365853658537,0.37147102526003,0.916795069337442,0.937106918238994,0.060882800608828,0.00900900900900901,0.970814132104455,0.848802395209581,0,0,0.309774436090226,0.00151285930408472,0.99405646359584,0.254038179148311,0.873261205564142,0.759342301943199,0.983870967741935,0.435779816513761,0.427927927927928,0.304878048780488,0.912442396313364,0.966360856269113,0.883928571428571,0,0.870919881305638,0.190923317683881,0.929555895865237,0.00765696784073507,0.0772659732540862,0.530211480362538,0.972809667673716,0.973372781065089,0.826807228915663,0.989536621823617,0.886018237082067,0,0.0749625187406297,0.665171898355755,0.987860394537178,0,0.988095238095238,0.972383720930233,0.537764350453172,0.555722891566265,0.98936170212766,0.989312977099237,0.368181818181818,0,0.87987987987988,0.502276176024279,0.960815047021944,0.0103857566765579,0.95187969924812,0.99236641221374,0.992492492492492,0.946564885496183,0.535502958579882,0.00611620795107034,0.96048632218845,0.529235382308846,0.0116959064327485,0.00875912408759124,0.195158850226929,0.0106544901065449,0.16820987654321,0.660687593423019,0.00452488687782805,0.0119940029985007,0.0196671709531014,0.582089552238806,0.0417310664605873,0.975646879756469,0.00909090909090909,0.00754147812971342,0,0.238390092879257,0.989230769230769,0.966309341500766,0.895295902883156,0,0.863987635239567,0.857784431137725,0.680851063829787,0.591867469879518,0.452887537993921,0.452160493827161,0.0105580693815988,0.989296636085627,0.103603603603604,0.69620253164557,0.954545454545455,0.021021021021021,0.743628185907046,0.0105740181268882,0.127627627627628,0.991111111111111,0.990654205607477,0.889230769230769,0,0.640060240963855,0.88030303030303,0,0.00747384155455904,0.890532544378698,0.970948012232416,0,0.00900900900900901,0.00590841949778434,0.976887519260401,0.873831775700935,0.0109546165884194,0,0.384848484848485,0.983154670750383,0.791666666666667,0.38821752265861,0.665137614678899,0.956325301204819,0.0178571428571429,0.991017964071856,0.992492492492492,0.0152905198776758,0.961309523809524,0.990867579908676,0.976708074534162,0.989536621823617,0.179487179487179,0.324963072378139,0.299093655589124,0.969088098918083,0.944099378881988,0.0462686567164179,0.258409785932722,0.968229954614221,0.149773071104387,0.292825768667643,0.986363636363636,0.990783410138249,0.962235649546828,0.697530864197531,0.989675516224189,0.235474006116208,0.960843373493976,0.989393939393939,0,0.334821428571429,0.545176110260337,0.0241691842900302,0.0462686567164179,0.0133333333333333,0.92065868263473,0.0333333333333333,0.0105263157894737,0,0.230182926829268,0.980182926829268,0.0750750750750751,0.984227129337539,0.963358778625954,0.980030721966206,0.296636085626911,0.293291731669267,0.677966101694915,0.458730158730159,0,0.816541353383459,0.0237037037037037,0.0482456140350877,0.203007518796992,0.990783410138249,0.0120481927710843,0,0.331831831831832,0.0192878338278932,0.028657616892911,0.480974124809741,0.992389649923896,0.267281105990783,0.995245641838352,0.969558599695586,0,0.98121387283237,0.00894187779433681,0.991058122205663,0.827534039334342,0.992211838006231,0.0213414634146341,0.976154992548435,0.00914634146341463,0.882175226586103,0.709230769230769,0.947049924357035,0.974164133738602,0.986384266263237,0.300763358778626,0.960546282245827,0.989720998531571,0.0102040816326531,0.0270676691729323,0.990811638591118,0.990909090909091,0.321321321321321,0.883928571428571,0.959438377535101,0.949253731343284,0.992503748125937,0,0.124233128834356,0.989409984871407,0.00759878419452888,0,0.958652373660031,0.00786163522012579,0.0507692307692308,0.98955223880597,0.963746223564955,0.0045662100456621,0.617691154422789,0.418816388467375,0.976816074188563,0.0077639751552795,0.878787878787879,0.98780487804878,0.373271889400922,0.601190476190476,0.78419452887538,0,0.174045801526718,0.965785381026439,0.992469879518072,0.442771084337349,0.989660265878877,0.964686998394864,0.0349544072948328,0.0015220700152207,0.97910447761194,0.987841945288754,0.941176470588235,0.690014903129657,0.0123456790123457,0.859969558599696,0.229041916167665,0.177033492822967,0.00301204819277108,0.614329268292683,0.594470046082949,0.587706146926537,0,0.289877300613497,0.903469079939668,0.636498516320475,0.510355029585799,0.084070796460177,0,0,0.98978102189781,0.971471471471472,0,0.912254160363086,0.00615384615384615,0,0,0.99236641221374,0,0.993730407523511,0.764970059880239,0.513313609467456,0.992537313432836,0,0,0.992401215805471,0.969253294289897,0.716196136701337,0.0103244837758112,0,0.872781065088757,0.602055800293686,0.990963855421687,0.529585798816568,0.339421613394216,0,0.971212121212121,0.0108695652173913,0.947772657450077,0.0903522205206738,0,0.0144927536231884,0.116459627329193,0.487538940809969,0.968468468468468,0,0.943703703703704,0.97189349112426,0.989751098096633,0,0.0715372907153729,0.933438985736926,0.0141509433962264,0.991058122205663,0.991176470588235,0.0179640718562874,0.990990990990991,0.30688622754491,0.800891530460624,0.0182370820668693,0.176744186046512,0.955589586523737,0.00762195121951219,0.00911854103343465,0.966767371601209,0.0140845070422535,0.663093415007657,0.399696048632219,0,0.120300751879699,0.741835147744946,0.271493212669683,0.973293768545994,0.00609756097560976,0.138345864661654,0.460691823899371,0.941262848751836,0.882615156017831,0.960546282245827,0.749618320610687,0,0.980332829046899,0.0103857566765579,0.966767371601209,0.385802469135802,0.0103703703703704,0.991163475699558,0.990895295902883,0.992307692307692,0.628614916286149,0.979041916167665,0.140458015267176,0.196946564885496,0.939577039274924,0.87256371814093,0,0,0.984709480122324,0.931888544891641,0.0245398773006135,0.978658536585366,0.984871406959153,0.370753323485968,0.926380368098159,0.722910216718266,0.880530973451327,0,0.965045592705167,0.33843797856049,0.989280245022971,0.990922844175492,0,0.638591117917305,0.961479198767334,0.00763358778625954,0.682515337423313,0.368024132730015,0.804347826086957,0.673813169984686,0.951683748169839,0.0961538461538462,0.98145285935085,0.992537313432836,0.973053892215569,0.29595015576324,0.101515151515152,0.985141158989599,0.991176470588235,0.00749625187406297,0.791044776119403,0.451908396946565,0.251121076233184,0.760968229954614,0.990867579908676,0.883509833585477,0.992559523809524,0.112592592592593,0.0109034267912773,0,0.825493171471927,0.0106382978723404,0.00900900900900901,0.263392857142857,0,0.983655274888559,0.910876132930514,0.990922844175492,0.991111111111111,0.0955993930197269,0.0107033639143731,0,0,0.189814814814815,0.0795107033639144,0.163109756097561,0,0.00747384155455904,0.990990990990991,0.0164424514200299,0.300150829562594,0.992343032159265,0.576807228915663,0.976958525345622,0.642857142857143,0.632047477744807,0,0.991304347826087,0.393343419062027,0.496206373292868,0.917417417417417,0.982248520710059,0.400297619047619,0.0104947526236882,0.946483180428135,0.949329359165425,0,0.954810495626822,0.0212765957446809,0.973270440251572,0.429850746268657,0,0.00594353640416048,0.511041009463722,0.841294298921418,0.0104321907600596,0.133640552995392,0.00769230769230769,0.00155038759689922,0.746705710102489,0.0276497695852535,0.992138364779874,0.316964285714286,0.98379970544919,0.00887573964497041,0.376506024096386,0.309486780715397,0.862015503875969,0.0987460815047022,0.0104477611940299,0.00151285930408472,0.0519083969465649,0,0.985207100591716,0.0501567398119122,0.972423802612482,0.00914634146341463,0.992307692307692,0,0.524926686217009,0.466257668711656,0.992469879518072,0,0.988183161004431,0,0.3953125,0.97910447761194,0,0.646706586826347,0.974164133738602,0.74884437596302,0.939628482972136,0.0445765230312036,0,0.990867579908676,0.252293577981651,0,0.680365296803653,0.0087719298245614,0.025260029717682,0.992354740061162,0.989214175654854,0.982222222222222,0.959090909090909,0.970858895705521,0,0.975757575757576,0.0194029850746269,0.351988217967599,0.268882175226586,0.989520958083832,1,0.992647058823529,0.988023952095808,0.0557228915662651,0.0242792109256449,0.974763406940063,0.953869047619048,0.728506787330317,0.979041916167665,0.989690721649485,0.965465465465465,0,0,0.981428571428571,0,0.0763582966226138,0,0.947129909365559,0.270642201834862,0.195618153364632,0.129129129129129,0.927601809954751,0,0.114155251141553,0.992503748125937,0.990867579908676,0.629007633587786,0.411255411255411,0.207194244604317,0.173020527859238,0.640243902439024,0.00738552437223043,0.126506024096386,0.546827794561934,0.250759878419453,0.71021021021021,0.0166414523449319,0,0.00923076923076923,0.32469512195122,0.992236024844721,0.617117117117117,0.234948604992658,0.619266055045872,0.872754491017964,0.986547085201794,0.947530864197531,0.97239263803681,0.992223950233281,0.993874425727412,0.54380664652568,0.416036308623298,0.989457831325301,0.0145560407569141,0.0146412884333821,0.873684210526316,0.00899550224887556,0.99112426035503,0.971684053651267,0,0.114374034003091,0,0.939209726443769,0,0.968229954614221,0.990867579908676,0.0134328358208955,0.828787878787879,0.994029850746269,0.650470219435737,0.624815361890694,0.87062404870624,0,0,0.918335901386749,0.936599423631124,0.985007496251874,0,0,0.00772797527047913,0.225519287833828,0.495426829268293,0,0.43928035982009,0,0.911627906976744,0.990811638591118,0.16358024691358,0.241017964071856,0,0.342592592592593,0.585476550680787,0.862121212121212,0.954209748892171,0.769687964338782,0.0075187969924812,0.98145285935085,0.0120300751879699,0.99079754601227,0,0.976573938506589,0.0045045045045045,0.990853658536585,0.0292758089368259,0.0198170731707317,0,0,0.831091180866966,0.922839506172839,0.927219796215429,0.718934911242604,0.0324963072378139,0.0121580547112462,0.81981981981982,0.832840236686391,0,0.0226586102719033,0.956259426847662,0,0.984399375975039,0.949479940564636,0.0674662668665667,0.0377073906485671,0.00909090909090909,0.98955223880597,0.469604863221884,0.0807926829268293,0.105426356589147,0.110778443113772,0.691019786910198,0.0962962962962963,0.990839694656489,0,0.760670731707317,0.982008995502249,0,0,0.00736377025036819,0,0.0106870229007634,0.992503748125937,0.719188767550702,0.00765696784073507,0.00921658986175115,0.528682170542636,0.950769230769231,0.434389140271493,0.0471976401179941,0.00925925925925926,0.0523076923076923,0.0166414523449319,0,0.0381679389312977,0.0118343195266272,0.0091324200913242,0.0180722891566265,0.00888888888888889,0.0442073170731707,0.0536512667660209,0.0228658536585366,0.0180995475113122,0.0046656298600311,0.0290964777947933,0.0236686390532544,0.0547945205479452,0.0120663650075415,0.0196969696969697,0.00626959247648903,0.00914634146341463,0.0423197492163009,0.0120481927710843,0.0266666666666667,0.0104790419161677,0.042042042042042,0.00734214390602056,0.00906344410876133
"186",0.971608832807571,0.973684210526316,0.95144157814871,0.930817610062893,0.960691823899371,0.971786833855799,0.8890625,0.956043956043956,0.973966309341501,0,0.984825493171472,0,0.560490045941807,0.977917981072555,0.0704441041347626,0.0306278713629403,0,0.0141509433962264,0.96984126984127,0.966412213740458,0.184899845916795,0.0526315789473684,0.966817496229261,0,0.934451219512195,0.258620689655172,0.13587786259542,0.957142857142857,0.496217851739788,0.683409436834094,0.0256024096385542,0.691717791411043,0.779527559055118,0.304147465437788,0,0.97869101978691,0.0198776758409786,0.970724191063174,0.277526395173454,0.918836140888208,0.00157232704402516,0.0152439024390244,0.00765696784073507,0.976671850699845,0.766666666666667,0.0502354788069074,0.507739938080495,0.0201550387596899,0.473134328358209,0.150829562594268,0,0.970542635658915,0.286585365853659,0.973684210526316,0.877742946708464,0.182108626198083,0,0.949685534591195,0.938556067588326,0.901065449010654,0.308868501529052,0.467987804878049,0.0252365930599369,0,0.921135646687697,0.862951807228916,0,0.970948012232416,0,0.0249609984399376,0.839939024390244,0.0319148936170213,0.0446153846153846,0.973013493253373,0,0.727272727272727,0.0662650602409639,0.592705167173252,0.883647798742138,0.281758957654723,0,0.70257966616085,0.22406015037594,0.972602739726027,0.138036809815951,0.886877828054299,0.971080669710807,0.950844854070661,0.942989214175655,0.0106382978723404,0.962848297213622,0.975232198142415,0,0,0.957413249211357,0,0.312307692307692,0.957055214723926,0.00910470409711684,0.0108864696734059,0.631496062992126,0,0.302652106084243,0.978527607361963,0.128593040847201,0.976228209191759,0.00941915227629513,0.958715596330275,0.0221518987341772,0.0276923076923077,0.0325077399380805,0.905808477237049,0.33843797856049,0.967289719626168,0,0.969558599695586,0.707241910631741,0,0.0259541984732824,0.267281105990783,0,0.768518518518518,0.278207109737249,0.10410094637224,0.955453149001536,0.171253822629969,0.980243161094225,0.969278033794163,0,0.557077625570776,0.909375,0.510236220472441,0.971653543307087,0,0.963893249607535,0.0453172205438066,0,0.239370078740157,0.617283950617284,0.531446540880503,0,0,0.96141975308642,0.773790951638066,0.200312989045383,0.975308641975309,0.0325581395348837,0.908116385911179,0.419811320754717,0.957446808510638,0.16031746031746,0.961597542242704,0.976340694006309,0.835403726708075,0.969325153374233,0.0220820189274448,0.96875,0.0246153846153846,0,0.782945736434108,0.86676875957121,0.958588957055215,0.0365853658536585,0,0.977341389728097,0.4578125,0.976303317535545,0.975384615384615,0.970858895705521,0.301515151515152,0.955792682926829,0.0266457680250784,0.934749620637329,0.0226586102719033,0.890937019969278,0.368663594470046,0,0.959564541213064,0,0.842349304482226,0.975155279503106,0.153605015673981,0.964831804281346,0.940998487140696,0.973372781065089,1,0.118721461187215,0.374429223744292,0.914556962025316,0.926100628930818,0.08125,0.0227617602427921,0.955246913580247,0.852713178294574,0,0,0.327102803738318,0.00152671755725191,0.975903614457831,0.265460030165913,0.871069182389937,0.741691842900302,0.970149253731343,0.449612403100775,0.465648854961832,0.313971742543171,0.900928792569659,0.951104100946372,0.872146118721461,0,0.876899696048632,0.200317965023847,0.926447574334898,0.0249221183800623,0.0816640986132511,0.554517133956386,0.952307692307692,0.960843373493976,0.821981424148607,0.978361669242658,0.890965732087227,0,0.0875576036866359,0.683257918552036,0.97191887675507,0,0.963020030816641,0.961136023916293,0.558103975535168,0.543076923076923,0.965996908809892,0.979495268138801,0.380216383307573,0,0.880664652567976,0.528593508500773,0.952978056426332,0.0244274809160305,0.939301972685888,0.973312401883831,0.981510015408321,0.944186046511628,0.536585365853659,0.0247678018575851,0.943076923076923,0.522342064714946,0.0254110612855007,0.0253731343283582,0.204968944099379,0.0263565891472868,0.173166926677067,0.688751926040062,0.0228658536585366,0.0288315629742033,0.0322085889570552,0.601796407185629,0.0646687697160883,0.965354330708661,0.0108864696734059,0.0278637770897833,0,0.248037676609105,0.982649842271293,0.954828660436137,0.890262751159196,0,0.874015748031496,0.9,0.68895800933126,0.609567901234568,0.455950540958269,0.495297805642633,0.0106870229007634,0.973886328725038,0.11890243902439,0.692185007974482,0.943164362519201,0.0365853658536585,0.746522411128284,0.0262345679012346,0.13595166163142,0.977611940298508,0.971014492753623,0.8912,0,0.649390243902439,0.880804953560371,0,0.0248447204968944,0.88821752265861,0.957680250783699,0,0.0326086956521739,0.0240963855421687,0.966613672496025,0.880503144654088,0.0251177394034537,0,0.399385560675883,0.972049689440994,0.798473282442748,0.392638036809816,0.672897196261682,0.942073170731707,0.0310077519379845,0.974164133738602,0.976599063962558,0.0246153846153846,0.951293759512938,0.97191887675507,0.952229299363057,0.975535168195719,0.204580152671756,0.318529862174579,0.310077519379845,0.957746478873239,0.93217665615142,0.0446841294298921,0.298003072196621,0.95625,0.173846153846154,0.33532041728763,0.978260869565217,0.975116640746501,0.955177743431221,0.7168,0.976011994002999,0.274725274725275,0.946236559139785,0.971786833855799,0,0.324242424242424,0.571875,0.0402476780185759,0.0516717325227964,0.0290964777947933,0.901386748844376,0.049079754601227,0.0229709035222052,0,0.254601226993865,0.970031545741325,0.0889570552147239,0.969502407704655,0.945038167938931,0.964560862865948,0.311912225705329,0.30622009569378,0.688650306748466,0.446945337620579,0,0.8328173374613,0.0406015037593985,0.0640243902439024,0.221362229102167,0.976340694006309,0.0215716486902928,0,0.338414634146341,0.0369230769230769,0.0533751962323391,0.472952086553323,0.973478939157566,0.287519747235387,0.972712680577849,0.946153846153846,0,0.96759941089838,0.0166666666666667,0.974085365853659,0.833080424886191,0.974683544303797,0.0338983050847458,0.963525835866261,0.0200308166409861,0.908396946564885,0.717665615141956,1,0.961948249619482,0.972222222222222,0.312788906009245,0.955696202531646,0.969924812030075,0.027231467473525,0.0493827160493827,0.978056426332288,0.976887519260401,0.328220858895706,0.903522205206738,0.949367088607595,0.938530734632684,0.974006116207951,0,0.129082426127527,0.974045801526718,0.0247678018575851,0,0.948995363214838,0.0125195618153365,0.065015479876161,0.974124809741248,0.947611710323575,0.0046801872074883,0.635514018691589,0.415360501567398,0.963722397476341,0.0250391236306729,0.865414710485133,0.974683544303797,0.404945904173107,0.61280487804878,0.779160186625194,0,0.185647425897036,0.950233281493002,0.976525821596244,0.445131375579598,0.977307110438729,0.949511400651466,0.0541795665634675,0,0.966412213740458,0.972006220839813,0.934984520123839,0.694402420574887,0.0342679127725857,0.86875,0.244615384615385,0.203225806451613,0.00770416024653313,0.635367762128325,0.610852713178295,0.61633281972265,0,0.301092043681747,0.891104294478528,0.651376146788991,0.527488855869242,0.0968703427719821,0,0,0.976539589442815,0.958841463414634,0,0.912037037037037,0.00943396226415094,0,0,0.972222222222222,0,0.977742448330684,0.769828926905132,0.537537537537538,0.972850678733032,0,0,0.966867469879518,0.948948948948949,0.734939759036145,0.0227617602427921,0.00315955766192733,0.878048780487805,0.605783866057839,0.97196261682243,0.535660091047041,0.351393188854489,0,0.954128440366973,0.026984126984127,0.937007874015748,0.106918238993711,0,0.0329341317365269,0.136222910216718,0.495161290322581,0.951219512195122,0,0.933933933933934,0.955315870570108,0.971036585365854,0,0.0949367088607595,0.919803600654664,0.0274636510500808,0.972477064220184,0.976923076923077,0.0308641975308642,0.969604863221885,0.319444444444444,0.804347826086957,0.0343213728549142,0.185714285714286,0.946564885496183,0.0093603744149766,0.0291858678955453,0.952671755725191,0.0316455696202532,0.669781931464174,0.40251572327044,0,0.13677811550152,0.7344,0.287022900763359,0.959501557632399,0.021875,0.168181818181818,0.491228070175439,0.934749620637329,0.876691729323308,0.94556765163297,0.742496050552923,0,0.964615384615385,0.0254872563718141,0.942989214175655,0.402866242038217,0.0275229357798165,0.977168949771689,0.973561430793157,0.973312401883831,0.620904836193448,0.966205837173579,0.152173913043478,0.214849921011058,0.927357032457496,0.865443425076453,0,0,0.972006220839813,0.924290220820189,0.0359937402190923,0.960998439937597,0.967840735068913,0.393568147013783,0.917721518987342,0.728571428571429,0.878603945371775,0,0.957680250783699,0.358490566037736,0.98,0.973643410852713,0,0.688854489164087,0.959055118110236,0.028125,0.690625,0.38391502276176,0.81044776119403,0.687789799072643,0.94213649851632,0.0950226244343891,0.968553459119497,0.975384615384615,0.959564541213064,0.317965023847377,0.120610687022901,0.970769230769231,0.977341389728097,0.00898203592814371,0.799086757990868,0.46417445482866,0.26625386996904,0.761978361669243,0.973643410852713,0.878274268104777,0.975572519083969,0.129179331306991,0.0227272727272727,0,0.819466248037677,0.0295031055900621,0.0203442879499218,0.288611544461778,0,0.966463414634146,0.902290076335878,0.969135802469136,0.969325153374233,0.111111111111111,0.0203125,0,0,0.1984375,0.106583072100313,0.179968701095462,0,0.024653312788906,0.973886328725038,0.0181543116490166,0.324451410658307,0.973478939157566,0.604580152671756,0.9578125,0.663125948406677,0.63030303030303,0,0.973293768545994,0.416149068322981,0.5171875,0.910334346504559,0.966463414634146,0.400304414003044,0.0108359133126935,0.925465838509317,0.936936936936937,0,0.948717948717949,0.0378787878787879,0.966613672496025,0.462848297213622,0,0.00924499229583975,0.528753993610224,0.834375,0.0228658536585366,0.150943396226415,0.0123456790123457,0.00158478605388273,0.744360902255639,0.0524691358024691,0.97411003236246,0.327666151468315,0.971212121212121,0.0226928895612708,0.384848484848485,0.326530612244898,0.855799373040752,0.121642969984202,0.0300751879699248,0.00307219662058372,0.0579029733959311,0,0.977511244377811,0.0557324840764331,0.960902255639098,0.0264797507788162,0.977952755905512,0,0.518796992481203,0.491419656786271,0.973684210526316,0,0.977511244377811,0,0.405750798722045,0.967791411042945,0,0.669184290030212,0.95968992248062,0.730109204368175,0.930379746835443,0.0516717325227964,0,0.978527607361963,0.280757097791798,0,0.686635944700461,0.025260029717682,0.0451807228915663,0.974763406940063,0.97196261682243,0.963414634146341,0.955384615384615,0.95679012345679,0,1,0.021505376344086,0.370257966616085,0.294027565084227,0.96937212863706,0.96594427244582,0.972768532526475,0.969465648854962,0.062015503875969,0.0383435582822086,0.968102073365231,0.941538461538462,0.730886850152905,0.954828660436137,0.977029096477795,0.946319018404908,0,0,0.965976331360947,0,0.0813253012048193,0,0.939907550077042,0.29264475743349,0.21283255086072,0.156773211567732,0.910493827160494,0.00152671755725191,0.125,0.976958525345622,0.976816074188563,0.624615384615385,0.442477876106195,0.23781388478582,0.200301204819277,0.635658914728682,0.0256410256410256,0.147013782542113,0.562596599690881,0.301710730948678,0.714719271623672,0.0358814352574103,0,0.024653312788906,0.3424,0.980861244019139,0.64031007751938,0.25,0.632776934749621,0.874432677760968,0.967065868263473,0.935794542536116,0.9609375,0.974522292993631,0.984350547730829,0.561919504643963,0.415007656967841,0.972222222222222,0.0311111111111111,0.0336391437308868,0.86748844375963,0.0107361963190184,0.971036585365854,0.943854324734446,0,0.14218009478673,0,0.940717628705148,0,0.958588957055215,0.973886328725038,0.027355623100304,0.8328173374613,0.975646879756469,0.669266770670827,0.633540372670807,0.87207488299532,0,0,0.914927768860353,0.928783382789317,0.972477064220184,0,0,0.0266457680250784,0.260336906584992,0.541925465838509,0,0.453576864535769,0,0.906940063091483,0.976525821596244,0.169230769230769,0.259938837920489,0,0.351097178683386,0.597842835130971,0.883540372670807,0.950151057401813,0.774045801526718,0.0232198142414861,0.974763406940063,0.0186625194401244,0.97456279809221,0,0.965568862275449,0.00933125972006221,0.9734375,0.047244094488189,0.0221870047543582,0,0,0.81859756097561,0.919303797468354,0.923664122137405,0.731117824773414,0.048411497730711,0.0314465408805031,0.816074188562597,0.821917808219178,0,0.0434782608695652,0.958204334365325,0,0.963141025641026,0.936073059360731,0.0925925925925926,0.0412844036697248,0.0217054263565891,0.971212121212121,0.459375,0.086687306501548,0.117739403453689,0.143511450381679,0.712050078247261,0.116138763197587,0.975116640746501,0,0.799377916018662,0.964777947932619,0.00469483568075117,0,0.025260029717682,0,0.0261538461538462,0.973478939157566,0.719685039370079,0.0234741784037559,0.0220125786163522,0.553459119496855,0.935534591194969,0.462006079027356,0.0516717325227964,0.0253164556962025,0.0580645161290323,0.0198776758409786,0,0.0464396284829721,0.0327868852459016,0.0268562401263823,0.0336391437308868,0.0274809160305344,0.0446570972886762,0.0547112462006079,0.0412844036697248,0.0186915887850467,0.00475435816164818,0.0288753799392097,0.0244274809160305,0.0564024390243902,0.0294573643410853,0.0214395099540582,0.0225442834138486,0.0266875981161695,0.0453125,0.0248833592534992,0.028657616892911,0.0247678018575851,0.0645161290322581,0.0255255255255255,0.0278207109737249
"187",0.101587301587302,0.096875,0.120879120879121,0.161137440758294,0.106858054226475,0.100961538461538,0.200312989045383,0.119309262166405,0.102446483180428,0,0.0946372239747634,0,0.498452012383901,0.0873015873015873,0.875,0.911490683229814,0,0.0016,0.0984126984126984,0.115805946791862,0.813271604938272,0.888888888888889,0.105590062111801,0,0.144859813084112,0.738170347003155,0.843601895734597,0.10207336523126,0.596651445966514,0.408037094281298,0.906976744186046,0.397798742138365,0.318541996830428,0.721875,0,0.0913385826771654,0.00769230769230769,0.0902140672782875,0.766272189349112,0.187403993855607,0,0,0,0.0971786833855799,0.3104,0.944620253164557,0.536163522012579,0.903785488958991,0.608964451313756,0.812596006144393,0,0.0992125984251968,0.733644859813084,0.102040816326531,0.19872813990461,1,0,0.110935023771791,0.138036809815951,0.197530864197531,0.719188767550702,0.632307692307692,0.905750798722045,0,0.19620253164557,0.26840490797546,0,0.105666156202144,0,0.903785488958991,0.22257053291536,0.903276131045242,0.919558359621451,0.0937972768532526,0,0.394171779141104,0.884146341463415,0.495327102803738,0.191387559808612,0.834983498349835,0,0.393846153846154,0.780525502318393,0.0889570552147239,0.84375,0.185758513931889,0.0950155763239875,0.136434108527132,0.11937984496124,0,0.0923566878980892,0.095679012345679,0,0,0.125200642054575,0,0.714728682170543,0.11353032659409,0,0,0.472353870458136,0,0.740157480314961,0.0938967136150235,0.862174578866769,0.0996835443037975,0,0.111459968602826,0.909952606635071,0.910077519379845,0.890262751159196,0.179968701095462,0.759571209800919,0.105511811023622,0,0.112676056338028,0.377329192546584,0,0.908527131782946,0.781395348837209,0,0.33489827856025,0.771384136858476,0.876404494382023,0.111975116640746,0.828438948995363,0.100609756097561,0.0950155763239875,0,0.526813880126183,0.1671875,0.5703125,0.113564668769716,0,0.0903328050713154,0.893353941267388,0,0.787066246056782,0.438759689922481,0.545746388443018,0,0,0.113564668769716,0.334913112164297,0.814814814814815,0.0959119496855346,0.891849529780564,0.172307692307692,0.694006309148265,0.10752688172043,0.84688995215311,0.114241001564945,0.0971337579617834,0.244615384615385,0.0890625,0.899038461538462,0.093167701863354,0.89937106918239,0,0.355095541401274,0.214177978883861,0.116923076923077,0.91131498470948,0,0.0911854103343465,0.590189873417722,0.0969305331179321,0.0966257668711656,0.0852713178294574,0.720610687022901,0.102484472049689,0.903785488958991,0.142414860681115,0.903963414634146,0.1890625,0.657450076804916,0,0.100787401574803,0,0.240188383045526,0.0992248062015504,0.827856025039124,0.106976744186047,0.1515625,0.0960365853658537,0.118721461187215,1,0.726717557251908,0.170926517571885,0.152866242038217,0.872274143302181,0.898278560250391,0.106858054226475,0.226502311248074,0,0,0.73851030110935,0,0.0880121396054628,0.828703703703704,0.203470031545741,0.327639751552795,0.100917431192661,0.617554858934169,0.582945736434109,0.721439749608764,0.175738724727838,0.124416796267496,0.207373271889401,0,0.21671826625387,0.823909531502423,0.152380952380952,0.917981072555205,0.859375,0.534267912772586,0.105426356589147,0.114678899082569,0.258970358814353,0.0903328050713154,0.2015625,0,0.860248447204969,0.42530487804878,0.102362204724409,0,0.0907692307692308,0.106060606060606,0.517133956386293,0.551401869158878,0.110410094637224,0.0996784565916399,0.655608214849921,0,0.193199381761978,0.567441860465116,0.121405750798722,0.902927580893683,0.130105900151286,0.0946372239747634,0.098613251155624,0.12480252764613,0.571209800918836,0.902668759811617,0.129541864139021,0.523219814241486,0.896499238964992,0.910334346504559,0.795665634674923,0.913178294573643,0.834645669291339,0.423312883435583,0.897637795275591,0.907550077041603,0.908385093167702,0.488514548238897,0.875806451612903,0.111811023622047,0,0.894245723172628,0,0.774960380348653,0.0955414012738854,0.117004680187207,0.184496124031008,0,0.2112,0.233486943164363,0.397174254317111,0.492331288343558,0.597464342313788,0.578616352201258,0,0.0977917981072555,0.871715610510046,0.387096774193548,0.124416796267496,0.908385093167702,0.353218210361067,0.903785488958991,0.871317829457364,0.0922844175491679,0.0925324675324675,0.190851735015773,0,0.43613707165109,0.197492163009404,0,0.896764252696456,0.188736681887367,0.121642969984202,0,0.915625,0.897990726429675,0.126365054602184,0.200315457413249,0.908064516129032,0,0.647887323943662,0.103875968992248,0.312404287901991,0.729393468118196,0.434920634920635,0.138674884437596,0.900473933649289,0.103186646433991,0.0981308411214953,0.905511811023622,0.129429892141757,0.0877742946708464,0.135782747603834,0.0959752321981424,0.861154446177847,0.693623639191291,0.727414330218069,0.114516129032258,0.155844155844156,0.00309119010819165,0.771875,0.123052959501558,0.811437403400309,0.749235474006116,0.0956112852664577,0.096875,0.127158555729984,0.397415185783522,0.0838414634146342,0.783653846153846,0.140215716486903,0.097331240188383,0,0.680981595092024,0.494435612082671,0.929467084639498,0.00153609831029186,0.890909090909091,0.186335403726708,0.899082568807339,0.909516380655226,0,0.814241486068111,0.101426307448494,0.860979462875197,0.114516129032258,0.126934984520124,0.1078125,0.73961661341853,0.737096774193548,0.412225705329154,0.643322475570033,0,0.268867924528302,0.893292682926829,0.88030303030303,0.816901408450704,0.0906200317965024,0.912442396313364,0,0.692068429237947,0.906584992343032,0.885532591414944,0.550860719874804,0.097331240188383,0.840189873417722,0.0872374798061389,0.133437990580848,0,0.102373887240356,0.898461538461538,0.102167182662539,0.268445839874411,0.094551282051282,0.893188854489164,0.125960061443932,0.911214953271028,0.213395638629283,0.396496815286624,0.153013910355487,0.10641627543036,0.0868217054263566,0.739469578783151,0.121259842519685,0.0928462709284627,0.910470409711684,0.904088050314465,0.100638977635783,0.0944272445820433,0.797235023041475,0.206153846153846,0.134206219312602,0.133435582822086,0.0989180834621329,0,0.883683360258481,0.089922480620155,0.908227848101266,0,0.125,0,0.924290220820189,0.0822981366459627,0.133437990580848,0,0.456964006259781,0.614173228346457,0.110047846889952,0.902711323763955,0.231746031746032,0.105177993527508,0.683962264150943,0.479134466769706,0.317034700315457,0,0.834384858044164,0.111821086261981,0.0993788819875776,0.609302325581395,0.0962145110410095,0.126666666666667,0.897196261682243,0,0.109907120743034,0.097331240188383,0.14018691588785,0.398763523956723,0.896875,0.214626391096979,0.758566978193146,0.799347471451876,0,0.453968253968254,0.437795275590551,0.446708463949843,0,0.8064,0.17984496124031,0.434049079754601,0.581903276131045,0.883509833585477,0,0,0.0885885885885886,0.127105666156202,0,0.178963893249608,0,0,0,0.0996835443037975,0,0.100638977635783,0.310344827586207,0.547945205479452,0.091324200913242,0,0,0.093167701863354,0.136712749615975,0.376923076923077,0.905864197530864,0,0.201550387596899,0.493827160493827,0.100470957613815,0.524844720496894,0.746913580246914,0,0.122861586314152,0.903937007874016,0.13258785942492,0.90302066772655,0,0.888386123680241,0.839370078740157,0.549019607843137,0.118195956454121,0,0.15220700152207,0.116385911179173,0.0967741935483871,0,0.995305164319249,0.155088852988691,0.906451612903226,0.0910470409711684,0.0917431192660551,0.904320987654321,0.0972222222222222,0.7328125,0.288135593220339,0.902173913043478,0.822784810126582,0.125,0,0.903726708074534,0.119565217391304,0.903481012658228,0.454263565891473,0.614173228346457,0,0.81441717791411,0.334370139968896,0.767441860465116,0.11937984496124,0.908385093167702,0.825545171339564,0.591205211726384,0.141104294478528,0.203313253012048,0.13125,0.341732283464567,0,0.0967741935483871,0.893518518518518,0.126365054602184,0.646496815286624,0.903875968992248,0.0934150076569678,0.101246105919003,0.0876369327073552,0.428348909657321,0.117004680187207,0.848341232227488,0.814696485623003,0.15552099533437,0.20404984423676,0,0,0.0989010989010989,0.162162162162162,0.893416927899687,0.116352201257862,0.101694915254237,0.672307692307692,0.170418006430868,0.348726114649682,0.189230769230769,0,0.126198083067093,0.685358255451713,0.0921875,0.0944272445820433,0,0.44794952681388,0.120879120879121,0.912908242612753,0.408517350157729,0.729357798165138,0.289393939393939,0.408227848101266,0.133633633633634,0.854572713643178,0.114649681528662,0.0914728682170543,0.110764430577223,0.733652312599681,0.839258114374034,0.109737248840804,0.113003095975232,0,0.309486780715397,0.586046511627907,0.857361963190184,0.33489827856025,0.108832807570978,0.220095693779904,0.0961240310077519,0.110260336906585,0.903814262023217,0,0.271028037383178,0.909667194928685,0.904024767801858,0.857805255023184,0,0.0962732919254658,0.161832061068702,0.0965732087227414,0.0909090909090909,0.856474258970359,0.919083969465649,0,0,0.824451410658307,0.879746835443038,0.849529780564263,0,0.900459418070444,0.0972222222222222,0.366153846153846,0.721003134796238,0.0995184590690209,0.468553459119497,0.120689655172414,0.44,0.430745814307458,0,0.0925373134328358,0.645669291338583,0.573208722741433,0.173192771084337,0.1,0.642414860681115,0,0.143302180685358,0.126888217522659,0,0.127272727272727,0.890092879256966,0.104234527687296,0.59253499222395,0,0,0.544444444444444,0.269413629160063,0.909667194928685,0.901116427432217,0,0,0.351963746223565,0.897959183673469,0.0953947368421053,0.783151326053042,0.0963302752293578,0.904109589041096,0.652905198776758,0.687598116169545,0.2144,0.855987055016181,0.904173106646059,0,0.874608150470219,0,0.0906344410876133,0.729032258064516,0.108597285067873,0.900158478605388,0.101286173633441,0,0.528158295281583,0.598116169544741,0.0903426791277259,0,0.101538461538462,0,0.701782820097245,0.110429447852761,0,0.426605504587156,0.111635220125786,0.323809523809524,0.141494435612083,0.906153846153846,0,0.0911949685534591,0.843014128728414,0,0.397832817337461,0.908408408408408,0.886328725038402,0.10410094637224,0.0894819466248038,0.111111111111111,0.122065727699531,0.106583072100313,0,0.113207547169811,0,0.673913043478261,0.827906976744186,0.0992125984251968,0.0934579439252336,0.106382978723404,0.107361963190184,0.0280811232449298,0.9171875,0.108414239482201,0.132621951219512,0.36969696969697,0.108695652173913,0.0883720930232558,0.113385826771654,0,0,0.115615615615616,0,0.866459627329193,0.00159744408945687,0.133956386292835,0.835443037974684,0.777251184834123,0.817757009345794,0.165354330708661,0.00155038759689922,0.903875968992248,0.0907668231611894,0.0958268933539413,0.4375,0.640298507462687,0.785928143712575,0.897081413210445,0.431340872374798,0.911042944785276,0.815100154083205,0.529042386185243,0.777258566978193,0.39209726443769,0.888372093023256,0,0.899053627760252,0.6912,0.0789049919484702,0.410687022900763,0.774885145482389,0.458074534161491,0.209800918836141,0.100456621004566,0.132471728594507,0.114285714285714,0.0906200317965024,0.0990566037735849,0.56269592476489,0.686821705426357,0.0943396226415094,0.909774436090226,0.904468412942989,0.223622047244094,0,0.0921658986175115,0.128637059724349,0,0.8544,0,0.141744548286604,0,0.112654320987654,0.10641627543036,0.900763358778626,0.263910969793323,0.0888208269525268,0.423380726698262,0.472222222222222,0.199680511182109,0,0,0.163166397415186,0.158850226928896,0.105504587155963,0,0,0.909810126582278,0.810687022900763,0.547880690737834,0,0.652582159624413,0,0.169572107765452,0.0929133858267717,0.780952380952381,0.76036866359447,0,0.748815165876777,0.474015748031496,0.216300940438871,0.125188536953243,0.32348367029549,0.901869158878505,0.104928457869634,0.101404056162246,0.0930599369085174,0,0.105828220858896,0,0.0998415213946117,0.9234375,0.550724637681159,0,0,0.262751159196291,0.1472,0.13953488372093,0.357361963190184,0.889570552147239,0.895148669796557,0.244548286604361,0.253414264036419,0,0.910493827160494,0.130637636080871,0,0.114516129032258,0.130769230769231,0.896389324960754,0,0.89937106918239,0.0937019969278034,0.649038461538462,0.860215053763441,0.842696629213483,0.923195084485407,0.396496815286624,0.841049382716049,0.0996835443037975,0,0.325396825396825,0.107033639143731,0,0,0.908814589665654,0,0.915756630265211,0.10077519379845,0.354430379746835,0.902053712480253,0.909667194928685,0.530351437699681,0.131537242472266,0.617924528301887,0.00153374233128834,0.902755267423015,0.0386473429951691,0.00622083981337481,0,0.739811912225705,0.895454545454546,0.897151898734177,0.902777777777778,0.90937019969278,0,0.00154559505409583,0.902476780185758,0.00467289719626168,0.00160771704180064,0.0248833592534992,0.00617283950617284,0.00154559505409583,0.902668759811617,0.00938967136150235,0.906300484652666,0.901253918495298,0,0.903125,0.0427480916030534,0.90809968847352,0.832298136645963,0.902402402402402,0.906793048973144
"188",0.381475667189953,0.374807987711214,0.401826484018265,0.418897637795276,0.386327503974563,0.383177570093458,0.439749608763693,0.396875,0.374622356495468,0,0.383206106870229,0,0.601538461538462,0.362928348909657,0.668195718654434,0.63030303030303,0,0.00463678516228748,0.380726698262243,0.388544891640867,0.641881638846737,0.635634028892456,0.389649923896499,0,0.403053435114504,0.632558139534884,0.638759689922481,0.376377952755906,0.634873323397914,0.560490045941807,0.626707132018209,0.634408602150538,0.543581616481775,0.617151607963247,0,0.396604938271605,0.0152439024390244,0.380809595202399,0.67007299270073,0.417818740399386,0,0.00455235204855842,0.00150829562594268,0.361635220125786,0.521060842433697,0.64251968503937,0.601236476043277,0.62037037037037,0.746646795827124,0.649624060150376,0,0.380434782608696,0.664634146341463,0.370769230769231,0.435458786936236,0.783783783783784,0,0.389230769230769,0.409090909090909,0.469325153374233,0.626524390243902,0.630467571644042,0.64031007751938,0,0.425897035881435,0.462121212121212,0,0.396024464831804,0,0.606349206349206,0.449165402124431,0.636503067484663,0.630769230769231,0.381381381381381,0,0.571209800918836,0.649700598802395,0.580060422960725,0.45141065830721,0.875202593192869,0,0.583333333333333,0.633781763826607,0.358662613981763,0.650842266462481,0.444776119402985,0.365413533834586,0.393343419062027,0.401206636500754,0,0.382581648522551,0.370426829268293,0,0,0.401898734177215,0,0.624808575803982,0.398162327718224,0,0.00152905198776758,0.574045801526718,0,0.656346749226006,0.363919129082426,0.64424514200299,0.377179080824089,0.0015527950310559,0.380585516178737,0.62596599690881,0.632872503840246,0.625386996904025,0.420890937019969,0.975460122699387,0.3828125,0,0.394856278366112,0.606153846153846,0,0.627871362940276,0.66046511627907,0,0.556589147286822,0.645161290322581,0.635930047694754,0.404870624048706,0.62691131498471,0.366917293233083,0.378254211332312,0,0.592085235920852,0.442396313364055,0.581102362204724,0.374803149606299,0,0.369009584664537,0.645015105740181,0,0.6515625,0.583975346687211,0.600311041990669,0,0,0.397553516819572,0.532208588957055,0.625796178343949,0.379471228615863,0.615030674846626,0.425499231950845,0.906976744186046,0.389312977099237,0.651419558359621,0.386748844375963,0.36833855799373,0.502290076335878,0.368181818181818,0.618604651162791,0.375384615384615,0.613496932515337,0,0.528213166144201,0.458646616541353,0.381679389312977,0.650986342943854,0,0.374242424242424,0.722397476340694,0.368916797488226,0.36906584992343,0.366261398176292,0.622556390977444,0.397590361445783,0.624233128834356,0.422788605697151,0.635416666666667,0.452160493827161,0.636363636363636,0,0.385670731707317,0,0.470679012345679,0.369465648854962,0.648351648351648,0.393241167434716,0.423192771084337,0.37147102526003,0.374429223744292,0.726717557251908,1,0.425632911392405,0.419753086419753,0.647239263803681,0.633587786259542,0.396923076923077,0.468797564687976,0,0,0.641304347826087,0,0.382882882882883,0.894171779141104,0.459293394777266,0.517503805175038,0.367069486404834,0.628304821150855,0.59480122324159,0.654028436018957,0.454823889739663,0.392036753445636,0.478915662650602,0,0.44478527607362,0.648264984227129,0.425,0.623839009287926,0.617378048780488,0.578220858895706,0.387442572741194,0.38030303030303,0.518181818181818,0.380733944954128,0.45468509984639,0,0.633846153846154,0.561561561561562,0.378716744913928,0,0.38763197586727,0.386329866270431,0.581430745814307,0.820433436532508,0.38145896656535,0.368503937007874,0.613104524180967,0,0.444613050075873,0.699537750385208,0.391096979332273,0.62962962962963,0.399408284023669,0.36734693877551,0.364485981308411,0.397239263803681,0.783004552352049,0.643533123028391,0.411402157164869,0.590214067278288,0.622950819672131,0.618618618618619,0.656298600311042,0.633693972179289,0.644305772230889,0.544901065449011,0.625,0.627906976744186,0.614329268292683,0.584592145015106,0.623052959501558,0.389489953632148,0.00155038759689922,0.615740740740741,0,0.626168224299065,0.383411580594679,0.391830559757943,0.420489296636086,0,0.470957613814757,0.430555555555556,0.60708782742681,0.679878048780488,0.642857142857143,0.559322033898305,0.00152439024390244,0.367029548989114,0.665158371040724,0.629984051036683,0.410852713178295,0.641566265060241,0.536209553158706,0.652647975077882,0.701674277016743,0.363636363636364,0.384012539184953,0.43217665615142,0,0.561643835616438,0.436817472698908,0,0.616766467065868,0.449404761904762,0.402190923317684,0,0.623475609756098,0.623298033282905,0.407643312101911,0.500780031201248,0.630744849445325,0,0.615740740740741,0.392744479495268,0.501483679525223,0.996946564885496,0.577812018489985,0.417549167927383,0.640364188163885,0.364599092284418,0.37962962962963,0.640672782874618,0.403053435114504,0.383411580594679,0.407643312101911,0.371559633027523,0.696124031007752,0.653495440729483,0.643939393939394,0.374407582938389,0.4128,0.0184899845916795,0.65987460815047,0.411944869831547,0.65296803652968,0.682779456193353,0.390092879256966,0.388198757763975,0.389984825493171,0.532182103610675,0.359939759036145,0.651090342679128,0.401526717557252,0.364485981308411,0,0.661631419939577,0.5890625,0.637904468412943,0.0182094081942337,0.620272314674735,0.457446808510638,0.647951441578149,0.633693972179289,0,0.701238390092879,0.389230769230769,0.631818181818182,0.389337641357027,0.401840490797546,0.386895475819033,0.629800307219662,0.638977635782748,0.544901065449011,0.914149443561208,0,0.483180428134557,0.626126126126126,0.652373660030628,0.671232876712329,0.375389408099688,0.630534351145038,0,0.666153846153846,0.626686656671664,0.633228840125392,0.604361370716511,0.369327073552426,0.850863422291994,0.358974358974359,0.375,0,0.368575624082232,0.623688155922039,0.37125748502994,0.472952086553323,0.380645161290323,0.610510046367852,0.397572078907436,0.63030303030303,0.43969465648855,0.62962962962963,0.40273556231003,0.380664652567976,0.363214837712519,0.663093415007657,0.395993836671803,0.368421052631579,0.638805970149254,0.621913580246914,0.36687306501548,0.364329268292683,0.869631901840491,0.43161094224924,0.378812199036918,0.417298937784522,0.376344086021505,0,0.735202492211838,0.377099236641221,0.634848484848485,0,0.404724409448819,0.00157977883096367,0.672386895475819,0.362670713201821,0.406153846153846,0,0.548387096774194,0.631415241057543,0.386792452830189,0.631083202511774,0.503912363067293,0.365625,0.6484375,0.587878787878788,0.568535825545171,0,0.646084337349398,0.388364779874214,0.377151799687011,0.629457364341085,0.370481927710843,0.379934210526316,0.638591117917305,0.00152905198776758,0.372519083969466,0.36875,0.398162327718224,0.531626506024096,0.62,0.456386292834891,0.658385093167702,0.615136876006441,0.00153374233128834,0.591194968553459,0.544891640866873,0.612557427258805,0,0.900787401574803,0.431888544891641,0.564024390243902,0.771558245083207,0.702941176470588,0,0,0.364306784660767,0.389140271493213,0,0.427692307692308,0.0015552099533437,0,0,0.373831775700935,0,0.380877742946708,0.486821705426357,0.6,0.36322188449848,0,0,0.38366718027735,0.427719821162444,0.562883435582822,0.623688155922039,0,0.448071216617211,0.584355828220859,0.369465648854962,0.610942249240122,0.981366459627329,0,0.383206106870229,0.621705426356589,0.422776911076443,0.709627329192547,0,0.620178041543027,0.642072213500785,0.569823434991974,0.378048780487805,0,0.429640718562874,0.389908256880734,0.367378048780488,0,0.703296703296703,0.402936378466558,0.637658227848101,0.367378048780488,0.369532428355958,0.633435582822086,0.364885496183206,0.658461538461538,0.499234303215926,0.634222919937206,0.625194401244168,0.411674347158218,0,0.618380062305296,0.384848484848485,0.661367249602544,0.6198738170347,0.614439324116744,0,0.666666666666667,0.545454545454545,0.655015197568389,0.395993836671803,0.633693972179289,0.67921686746988,0.592233009708738,0.421052631578947,0.473524962178517,0.401225114854518,0.518110236220472,0,0.395454545454545,0.632286995515695,0.386292834890966,0.627009646302251,0.62780269058296,0.379204892966361,0.379727685325265,0.372854914196568,0.579598145285935,0.38390092879257,0.655864197530864,0.656877897990726,0.407294832826748,0.438167938931298,0,0,0.356466876971609,0.41640866873065,0.622291021671827,0.386075949367089,0.38,0.627092846270928,0.443037974683544,0.516380655226209,0.438356164383562,0,0.384012539184953,0.624420401854714,0.373831775700935,0.369397217928903,0,0.561051004636785,0.400313971742543,0.62,0.562893081761006,0.791987673343606,0.472346786248132,0.629057187017002,0.409495548961424,0.626323751891074,0.3890625,0.384266263237519,0.391975308641975,0.619808306709265,0.607142857142857,0.386503067484663,0.376524390243902,0,0.496978851963746,0.59304084720121,0.848623853211009,0.539412673879444,0.381619937694704,0.469483568075117,0.370992366412214,0.130105900151286,0.619967793880837,0,0.511700468018721,0.630030959752322,0.616692426584235,0.854489164086687,0,0.371559633027523,0.439878234398782,0.368580060422961,0.374617737003058,0.647604327666152,0.631172839506173,0,0,0.65149136577708,0.649289099526066,0.727699530516432,0,0.631172839506173,0.37173579109063,0.294385432473445,0.63125,0.362363919129082,0.563271604938272,0.386748844375963,0.666158536585366,0.577611940298507,0,0.381656804733728,0.633956386292835,0.607751937984496,0.433681073025335,0.376701966717095,0.664133738601824,0.00150829562594268,0.418569254185693,0.402694610778443,0,0.411940298507463,0.622699386503067,0.391096979332273,0.572307692307692,0,0,0.611916264090177,0.514774494556765,0.638036809815951,0.743710691823899,0.00151975683890578,0,0.544227886056971,0.625776397515528,0.353503184713376,0.937404580152672,0.38145896656535,0.623277182235835,0.611532625189681,0.61128526645768,0.473354231974922,0.61259842519685,0.635384615384615,0,0.629107981220657,0,0.37593984962406,0.525660964230171,0.396706586826347,0.641975308641975,0.380348652931854,0,0.610194902548726,0.630434782608696,0.355932203389831,0,0.363358778625954,0,0.902053712480253,0.385196374622357,0,0.549618320610687,0.383561643835616,0.531684698608965,0.4171875,0.659541984732824,0,0.375579598145286,0.7953125,0,0.615037593984962,0.626865671641791,0.636085626911315,0.380877742946708,0.365740740740741,0.385196374622357,0.384853168469861,0.391975308641975,0,0.380804953560372,0.00604229607250755,0.619266055045872,0.850077279752705,0.382882882882883,0.368258859784284,0.384730538922156,0.373271889400922,0.0455235204855842,0.641538461538462,0.383411580594679,0.403348554033486,0.524886877828054,0.383206106870229,0.362940275650842,0.404287901990812,0,0,0.383582089552239,0,0.625748502994012,0.0015600624024961,0.403076923076923,0.850961538461538,0.658767772511848,0.674242424242424,0.44822256568779,0,0.66973886328725,0.360983102918587,0.37173579109063,0.623255813953488,0.638109305760709,0.645066273932253,0.813533834586466,0.565687789799073,0.635384615384615,0.646058732612056,0.606153846153846,0.637209302325581,0.526158445440957,0.619783616692427,0,0.627145085803432,0.593996840442338,0.368670886075949,0.558069381598793,0.647234678624813,0.56793893129771,0.467987804878049,0.361573373676248,0.410575427682737,0.392857142857143,0.385579937304075,0.366459627329193,0.754977029096478,0.934749620637329,0.366718027734977,0.617210682492582,0.63568215892054,0.474921630094044,0.00151515151515152,0.381024096385542,0.390243902439024,0,0.643423137876387,0,0.428351309707242,0,0.392966360856269,0.38,0.622526636225266,0.502325581395349,0.367469879518072,0.559561128526646,0.561456752655539,0.447737909516381,0,0,0.415481832543444,0.429197080291971,0.385083713850837,0,0,0.616352201257862,0.6797583081571,0.580398162327718,0,0.791021671826625,0,0.44496855345912,0.37888198757764,0.602848101265823,0.627871362940276,0,0.856466876971609,0.600924499229584,0.43969465648855,0.402402402402402,0.505426356589147,0.627871362940276,0.387658227848101,0.0655226209048362,0.36608557844691,0,0.384615384615385,0.00153609831029186,0.386895475819033,0.641304347826087,0.408668730650155,0,0,0.509230769230769,0.41185647425897,0.405775075987842,0.512084592145015,0.639760837070254,0.62992125984252,0.457757296466974,0.465875370919881,0,0.666666666666667,0.387345679012346,0,0.38785046728972,0.409638554216867,0.647951441578149,0.0137825421133231,0.621004566210046,0.369397217928903,0.944186046511628,0.62402496099844,0.665079365079365,0.754887218045113,0.577223088923557,0.621951219512195,0.371875,0,0.49922480620155,0.396630934150077,0.00152439024390244,0,0.624629080118694,0,0.633846153846154,0.377272727272727,0.504777070063694,0.627358490566038,0.624036979969183,0.580594679186229,0.423076923076923,0.632148377125193,0.0151745068285281,0.610675039246468,0.063391442155309,0.0167173252279635,0,0.548536209553159,0.603915662650602,0.621538461538461,0.625570776255708,0.622356495468278,0.0108359133126935,0.0211800302571861,0.635258358662614,0.0137404580152672,0.00469483568075117,0.0320610687022901,0.0182094081942337,0.0166666666666667,0.643185298621746,0.0215384615384615,0.625796178343949,0.641185647425897,0.015600624024961,0.645801526717557,0.0447761194029851,0.637048192771084,0.594761171032357,0.624629080118694,0.622699386503067
"189",0.922824302134647,0.918789808917197,0.927215189873418,0.901639344262295,0.92809364548495,0.92671009771987,0.873990306946688,0.9216,0.922955974842767,0,0.92741935483871,0,0.599041533546326,0.929508196721311,0.116504854368932,0.0947867298578199,0,0.012779552715655,0.915702479338843,0.923444976076555,0.228934817170111,0.105785123966942,0.917721518987342,0,0.902362204724409,0.333333333333333,0.183870967741935,0.929738562091503,0.535885167464115,0.71656050955414,0.0838607594936709,0.711974110032362,0.781402936378467,0.340764331210191,0,0.927066450567261,0.0191693290734824,0.919047619047619,0.3328173374613,0.851968503937008,0.00161290322580645,0.0128617363344051,0.00318471337579618,0.920792079207921,0.865695792880259,0.0998363338788871,0.566068515497553,0.0694006309148265,0.555727554179567,0.203761755485893,0,0.92109500805153,0.331210191082803,0.920583468395462,0.851373182552504,0.240464344941957,0,0.904376012965964,0.89937106918239,0.884126984126984,0.369426751592357,0.481717011128776,0.0732899022801303,0,0.840650406504065,0.803486529318542,0,0.924920127795527,0,0.0811688311688312,0.9056,0.0786516853932584,0.0967213114754098,0.927786499215071,0,0.737833594976452,0.101587301587302,0.624798711755233,0.883223684210526,0.342372881355932,0,0.753125,0.27742946708464,0.918711656441718,0.184375,0.906349206349206,0.924315619967794,0.920127795527157,0.917316692667707,0.00628930817610063,0.92891760904685,0.918238993710692,0,0,0.914893617021277,0,0.363636363636364,0.916535433070866,0.00476190476190476,0.00477707006369427,0.646496815286624,0,0.361873990306947,0.918138041733547,0.175548589341693,0.924466338259442,0.00656814449917898,0.913738019169329,0.0838709677419355,0.0833333333333333,0.0755627009646302,0.868462757527734,0.404458598726115,0.93217665615142,0,0.929712460063898,0.732909379968203,0,0.0796178343949045,0.303225806451613,0,0.790322580645161,0.315112540192926,0.15625,0.95389507154213,0.218700475435816,0.922480620155039,0.93030794165316,0,0.607936507936508,0.92879746835443,0.509771986970684,0.92443729903537,0,0.917627677100494,0.097331240188383,0,0.281350482315113,0.67741935483871,0.58,0,0,0.915360501567398,0.767741935483871,0.230016313213703,0.92776886035313,0.0782747603833866,0.917207792207792,0.467637540453074,0.9265625,0.208609271523179,0.913461538461538,0.928571428571429,0.818471337579618,0.919175911251981,0.0723684210526316,0.921507064364207,0.0723472668810289,0,0.748784440842788,0.850863422291994,0.912280701754386,0.0909090909090909,0,0.92755905511811,0.513821138211382,0.924092409240924,0.933441558441558,0.923076923076923,0.351822503961965,0.921474358974359,0.0815660685154976,0.897196261682243,0.0757341576506955,0.87012987012987,0.435331230283912,0,0.910112359550562,0,0.830917874396135,0.920508744038156,0.183606557377049,0.931637519872814,0.909810126582278,0.916795069337442,0.914556962025316,0.170926517571885,0.425632911392405,1,0.907131011608624,0.133870967741935,0.0801282051282051,0.914473684210526,0.841368584758942,0,0,0.37037037037037,0.00159489633173844,0.928684627575277,0.322834645669291,0.855072463768116,0.761750405186386,0.925,0.505672609400324,0.4816,0.366288492706645,0.87258064516129,0.899841017488076,0.86046511627907,0,0.8464,0.254515599343186,0.913539967373573,0.0799347471451876,0.138314785373609,0.590690208667737,0.927536231884058,0.91499227202473,0.829307568438003,0.928802588996764,0.855769230769231,0,0.140845070422535,0.699212598425197,0.931893687707641,0,0.919871794871795,0.923676012461059,0.605723370429253,0.590032154340836,0.909836065573771,0.927731092436975,0.4336,0,0.866771159874608,0.554848966613672,0.924466338259442,0.0713153724247227,0.909516380655226,0.926590538336052,0.9296,0.897058823529412,0.619651347068146,0.0787781350482315,0.925686591276252,0.6,0.0839813374805599,0.0763116057233704,0.276972624798712,0.0774091627172196,0.224755700325733,0.707278481012658,0.0723472668810289,0.087719298245614,0.0760697305863708,0.650393700787402,0.102439024390244,0.939297124600639,0.0065252854812398,0.0723472668810289,0,0.2976,0.925081433224756,0.923930269413629,0.963492063492064,0,0.854026845637584,0.812302839116719,0.705501618122977,0.63562091503268,0.488782051282051,0.481361426256078,0.00797448165869218,0.926282051282051,0.167202572347267,0.712146422628952,0.92258064516129,0.0919175911251981,0.772946859903382,0.0769230769230769,0.196172248803828,0.917573872472784,0.919866444073456,0.871753246753247,0,0.701726844583987,0.852272727272727,0,0.082018927444795,0.8640625,0.927184466019418,0,0.0754414125200642,0.0789889415481833,0.924092409240924,0.863711001642036,0.0802675585284281,0,0.451510333863275,0.917065390749601,0.799687010954617,0.441269841269841,0.710264900662252,0.9024,0.0869565217391304,0.929356357927786,0.928,0.0775444264943457,0.918918918918919,0.924679487179487,0.900974025974026,0.930047694753577,0.245192307692308,0.384493670886076,0.360975609756098,0.916666666666667,0.888146911519199,0.0445151033386327,0.3248,0.910858995137763,0.229430379746835,0.368421052631579,0.931419457735247,0.922455573505654,0.9216,0.706451612903226,0.916403785488959,0.315024232633279,0.934065934065934,0.92443729903537,0,0.401883830455259,0.57784911717496,0.090032154340836,0.0444444444444444,0.0859375,0.86698717948718,0.105263157894737,0.078525641025641,0,0.303937007874016,0.92483660130719,0.138662316476346,0.921666666666667,0.925081433224756,0.92891760904685,0.357142857142857,0.351260504201681,0.696629213483146,0.513513513513513,0,0.817014446227929,0.0832025117739403,0.107424960505529,0.277864992150706,0.937908496732026,0.0758293838862559,0,0.40251572327044,0.0816326530612245,0.0967741935483871,0.522727272727273,0.918006430868167,0.352365415986949,0.920922570016474,0.893203883495146,0,0.920367534456355,0.0794392523364486,0.923676012461059,0.822683706070288,0.917898193760263,0.078525641025641,0.9015625,0.0705128205128205,0.837579617834395,0.776167471819646,0.896389324960754,0.926984126984127,0.918789808917197,0.359223300970874,0.902755267423015,0.920886075949367,0.0756172839506173,0.0977564102564103,0.920265780730897,0.918789808917197,0.405103668261563,0.835443037974684,0.919191919191919,0.911111111111111,0.929712460063898,0,0.187399030694669,0.924290220820189,0.0781499202551834,0,0.929738562091503,0.00488599348534202,0.12379421221865,0.925984251968504,0.91747572815534,0.00320512820512821,0.667202572347267,0.492706645056726,0.929738562091503,0.0711974110032362,0.841423948220065,0.91869918699187,0.439542483660131,0.656597774244833,0.833605220228385,0,0.240589198036007,0.917763157894737,0.926517571884984,0.509523809523809,0.929712460063898,0.907849829351536,0.0963081861958267,0,0.915335463258786,0.931089743589744,0.913738019169329,0.714953271028037,0.073051948051948,0.843042071197411,0.307692307692308,0.241025641025641,0.00159235668789809,0.668276972624799,0.649038461538462,0.694267515923567,0,0.349753694581281,0.887987012987013,0.671361502347418,0.566929133858268,0.148837209302326,0,0,0.927803379416283,0.89968152866242,0,0.902912621359223,0.00324675324675325,0,0,0.92604501607717,0,0.925806451612903,0.79454253611557,0.573248407643312,0.929824561403509,0,0,0.917591125198098,0.9,0.748031496062992,0.0731319554848967,0,0.850863422291994,0.65086887835703,0.92879746835443,0.593004769475358,0.4,0,0.914556962025316,0.0726072607260726,0.917073170731707,0.160130718954248,0,0.0752351097178683,0.183279742765273,0.532125205930807,0.921348314606742,0,0.924882629107981,0.942307692307692,0.924170616113744,0,0.143556280587276,0.868243243243243,0.0760330578512397,0.919003115264797,0.927899686520376,0.0819935691318328,0.927099841521395,0.37037037037037,0.817307692307692,0.0906148867313916,0.240589198036007,0.912140575079872,0.00641025641025641,0.0694668820678514,0.931034482758621,0.0846905537459283,0.694581280788177,0.450406504065041,0,0.166936790923825,0.748768472906404,0.3168,0.916006339144215,0.0766721044045677,0.223454833597464,0.492462311557789,0.920489296636086,0.85781990521327,0.904065040650406,0.758957654723127,0,0.908945686900958,0.0775316455696203,0.899186991869919,0.462686567164179,0.080188679245283,0.927099841521395,0.929853181076672,0.922824302134647,0.671451355661882,0.922953451043339,0.197092084006462,0.262057877813505,0.920382165605096,0.84688995215311,0,0,0.936808846761453,0.977124183006536,0.0954692556634304,0.935960591133005,0.931089743589744,0.428115015974441,0.919934640522876,0.751623376623377,0.848580441640379,0,0.929738562091503,0.388524590163934,0.92443729903537,0.93026941362916,0,0.661788617886179,0.930807248764415,0.0755627009646302,0.690280065897858,0.451510333863275,0.782012195121951,0.764705882352941,0.902173913043478,0.146687697160883,0.925,0.925984251968504,0.92443729903537,0.374792703150912,0.171428571428571,0.920127795527157,0.919003115264797,0.00474683544303797,0.786392405063291,0.525236593059937,0.3328,0.777955271565495,0.921221864951768,0.852564102564103,0.928343949044586,0.147515527950311,0.0751633986928105,0,0.818619582664527,0.0772946859903382,0.076555023923445,0.361198738170347,0,0.925039872408293,0.878548895899054,0.920382165605096,0.92259083728278,0.167202572347267,0.0838709677419355,0,0,0.25,0.153225806451613,0.236714975845411,0,0.0701754385964912,0.915335463258786,0.046031746031746,0.361022364217252,0.923202614379085,0.645367412140575,0.899505766062603,0.741679873217116,0.715189873417722,0,0.924031007751938,0.465460526315789,0.563607085346216,0.894899536321484,0.924528301886792,0.457869634340223,0.00476947535771065,0.928,0.918622848200313,0,0.91601866251944,0.0888888888888889,0.919141914191419,0.472,0,0.00483870967741936,0.593645484949833,0.839546191247974,0.0737833594976452,0.221859706362153,0.00476190476190476,0.00166944908180301,0.754224270353303,0.0960912052117264,0.921535893155259,0.385103011093502,0.921135646687697,0.0796178343949045,0.442338072669826,0.394184168012924,0.853181076672104,0.170812603648425,0.073015873015873,0.00157977883096367,0.110016420361248,0,0.927131782945736,0.0958677685950413,0.919876733436055,0.0794165316045381,0.929392446633826,0,0.556426332288401,0.513687600644122,0.918962722852512,0,0.920634920634921,0,0.453047775947282,0.923930269413629,0,0.677672955974843,0.923701298701299,0.765650080256822,0.911858974358974,0.107309486780715,0,0.918138041733547,0.329032258064516,0,0.710610932475884,0.0669781931464174,0.0887480190174326,0.922330097087379,0.920065252854812,0.924050632911392,0.915739268680445,0.920583468395462,0,0.906050955414013,0.0144694533762058,0.4064,0.358520900321543,0.912280701754386,0.909836065573771,0.917573872472784,0.92515923566879,0.0530546623794212,0.0868167202572347,0.922948073701843,0.896496815286624,0.737261146496815,0.917197452229299,0.926517571884984,0.927099841521395,0,0,0.907975460122699,0,0.137440758293839,0,0.913875598086124,0.34747145187602,0.280587275693312,0.182539682539683,0.864649681528662,0,0.176565008025682,0.912420382165605,0.925396825396825,0.714968152866242,0.481366459627329,0.283950617283951,0.264475743348983,0.695161290322581,0.0700636942675159,0.185483870967742,0.613312202852615,0.332263242375602,0.722834645669291,0.0834670947030498,0,0.0746031746031746,0.390243902439024,0.918300653594771,0.631746031746032,0.290625,0.661264181523501,0.856025039123631,0.909797822706065,0.898193760262726,0.931596091205212,0.931147540983607,0.923824959481361,0.593004769475358,0.483464566929134,0.919743178170145,0.0838509316770186,0.0786163522012579,0.861958266452649,0.0078125,0.920382165605096,0.892405063291139,0,0.182866556836903,0,0.911290322580645,0,0.9344,0.93042071197411,0.0799373040752351,0.839486356340289,0.92,0.707516339869281,0.663507109004739,0.847649918962723,0,0,0.889632107023411,0.916279069767442,0.929906542056075,0,0,0.0673234811165846,0.305993690851735,0.536231884057971,0,0.488076311605723,0,1,0.933764135702746,0.230016313213703,0.298299845440495,0,0.413680781758958,0.6352,0.821256038647343,0.927786499215071,0.798092209856916,0.0784313725490196,0.934533551554828,0.0274636510500808,0.922442244224422,0,0.92879746835443,0.00160771704180064,0.922077922077922,0.0964630225080386,0.0600649350649351,0,0,0.82051282051282,0.878289473684211,0.896331738437002,0.707086614173228,0.102803738317757,0.076797385620915,0.875,0.811501597444089,0,0.0834670947030498,0.914653784219002,0,0.90625,0.925278219395866,0.152139461172742,0.0349761526232114,0.0829346092503987,0.93312101910828,0.513957307060755,0.137380191693291,0.177924217462932,0.2,0.73134328358209,0.167202572347267,0.924679487179487,0,0.765451664025357,0.906645569620253,0,0,0.0794392523364486,0,0.0768,0.917197452229299,0.754934210526316,0.0699186991869919,0.0735294117647059,0.6,0.906300484652666,0.496825396825397,0.0488188976377953,0.0814332247557003,0.0615883306320908,0.016260162601626,0,0.0916530278232406,0.0815047021943574,0.072463768115942,0.0851735015772871,0.0776545166402536,0.0439024390243902,0.0508744038155803,0.0966719492868463,0.016,0.00654664484451719,0.028391167192429,0.0202177293934681,0.0536277602523659,0.0769230769230769,0.0173775671406003,0.0759075907590759,0.0846645367412141,0.0392798690671031,0.0803149606299213,0.0268987341772152,0.0737179487179487,0.100486223662885,0.0791925465838509,0.0763116057233704
"190",0.94299674267101,0.943217665615142,0.935897435897436,0.938411669367909,0.945072697899838,0.946945337620579,0.869983948635634,0.942766295707472,0.94488188976378,0,0.942307692307692,0,0.598387096774194,0.943801652892562,0.107936507936508,0.0685805422647528,0,0.0111642743221691,0.947540983606557,0.934817170111288,0.212121212121212,0.0849673202614379,0.935534591194969,0,0.924170616113744,0.286407766990291,0.169329073482428,0.941368078175896,0.516975308641975,0.71606864274571,0.0594679186228482,0.719745222929936,0.784219001610306,0.331738437001595,0,0.940894568690096,0.0188087774294671,0.938775510204082,0.330781010719755,0.878548895899054,0.00163132137030995,0.0093603744149766,0.00471698113207547,0.93900481540931,0.781666666666667,0.0831973898858075,0.548231511254019,0.058252427184466,0.506998444790047,0.180404354587869,0,0.938095238095238,0.32120253164557,0.939586645468998,0.861244019138756,0.21474358974359,0,0.931147540983607,0.916932907348243,0.899521531100478,0.347003154574132,0.482649842271293,0.0600649350649351,0,0.86709886547812,0.821939586645469,0,0.937299035369775,0,0.0594855305466238,0.838810641627543,0.0634920634920635,0.074313408723748,0.943573667711599,0,0.737833594976452,0.103833865814696,0.617322834645669,0.899676375404531,0.318027210884354,0,0.737089201877934,0.262422360248447,0.942367601246106,0.162337662337662,0.90625,0.937402190923318,0.985915492957746,0.928237129485179,0.0078125,0.9424,0.936406995230525,0,0,0.93517017828201,0,0.357371794871795,0.937106918238994,0.00628930817610063,0.00803858520900321,0.654895666131621,0,0.354632587859425,0.941080196399345,0.167950693374422,0.946254071661238,0.00966183574879227,0.934817170111288,0.058252427184466,0.0668789808917197,0.0592,0.8688,0.373397435897436,0.940251572327044,0,0.941548183254344,0.741732283464567,0,0.0653907496012759,0.287081339712919,0,0.784469096671949,0.303514376996805,0.140983606557377,0.933333333333333,0.218500797448166,0.938193343898574,0.9515625,0,0.594637223974763,0.944444444444444,0.508116883116883,0.934083601286174,0,0.942339373970346,0.0819165378670788,0,0.270664505672609,0.649122807017544,0.572123176661264,0,0,0.938095238095238,0.776,0.226475279106858,0.944267515923567,0.062992125984252,0.910377358490566,0.455138662316476,0.93953488372093,0.196694214876033,0.949685534591195,0.946515397082658,0.818037974683544,0.944267515923567,0.0535714285714286,0.946456692913386,0.057784911717496,0,0.738362760834671,0.856481481481482,0.931637519872814,0.0777777777777778,0,0.943217665615142,0.494290375203915,0.944444444444444,0.94488188976378,0.946540880503145,0.323076923076923,0.937799043062201,0.0635179153094463,0.909657320872274,0.0625978090766823,0.87741935483871,0.414556962025316,0,0.933858267716535,0,0.823343848580442,0.945686900958466,0.174267100977199,0.941455696202532,0.910543130990415,0.937106918238994,0.926100628930818,0.152866242038217,0.419753086419753,0.907131011608624,1,0.114104595879556,0.0654952076677316,0.945161290322581,0.830985915492958,0,0,0.350081037277148,0.00157977883096367,0.948598130841122,0.308544303797468,0.848,0.751572327044025,0.942249240121581,0.477777777777778,0.481774960380349,0.342532467532468,0.883386581469649,0.913738019169329,0.8703125,0,0.844936708860759,0.245499181669394,0.903691813804173,0.0600315955766193,0.128526645768025,0.581993569131833,0.921221864951768,0.937205651491366,0.832807570977918,0.938582677165354,0.873801916932907,0,0.128526645768025,0.68167701863354,0.938610662358643,0,0.935126582278481,0.944700460829493,0.596491228070175,0.57487922705314,0.936204146730462,0.942148760330578,0.432216905901116,0,0.857585139318885,0.564516129032258,0.948929159802306,0.0616113744075829,0.940625,0.953968253968254,0.941732283464567,0.913461538461538,0.558213716108453,0.0660225442834139,0.944178628389155,0.574132492113565,0.0615384615384615,0.0570987654320988,0.258481421647819,0.0574162679425837,0.216528925619835,0.707547169811321,0.0570522979397781,0.0628930817610063,0.06875,0.635367762128325,0.0909090909090909,0.942307692307692,0.00801282051282051,0.05229793977813,0,0.280388978930308,0.940397350993378,0.92822966507177,0.877165354330709,0,0.863711001642036,0.8421875,0.722044728434505,0.639109697933227,0.498417721518987,0.47172859450727,0.00946372239747634,0.946859903381642,0.156645569620253,0.728314238952537,0.934504792332268,0.0620031796502385,0.780410742496051,0.0605095541401274,0.181674565560821,0.944444444444444,0.938211382113821,0.856451612903226,0,0.669767441860465,0.862681744749596,0,0.0563380281690141,0.865237366003063,0.942903752039152,0,0.0620031796502385,0.0491283676703645,0.932475884244373,0.881967213114754,0.0558292282430213,0,0.443037974683544,0.950738916256158,0.78806907378336,0.435612082670906,0.7024,0.929577464788732,0.0672,0.936204146730462,0.94912559618442,0.0634920634920635,0.958990536277603,0.94770206022187,0.926470588235294,0.94888178913738,0.250398724082935,0.345911949685535,0.342229199372057,0.928338762214984,0.881773399014778,0.0449612403100775,0.312,0.942307692307692,0.215408805031447,0.36055469953775,0.948635634028893,0.942492012779553,0.940988835725678,0.707717569786535,0.940902021772939,0.298245614035088,0.938679245283019,0.951456310679612,0,0.364928909952607,0.584814216478191,0.0791139240506329,0.0487421383647799,0.0644171779141104,0.878980891719745,0.0846394984326019,0.0591054313099042,0,0.296178343949045,0.943273905996759,0.125,0.941666666666667,0.941269841269841,0.939586645468998,0.3354943273906,0.341584158415842,0.698564593301435,0.490818030050083,0,0.830097087378641,0.0607476635514019,0.0979462875197472,0.264475743348983,0.942028985507246,0.0674157303370786,0,0.362041467304625,0.0606060606060606,0.0834670947030498,0.5072,0.93900481540931,0.321252059308072,0.934747145187602,0.922098569157393,0,0.952671755725191,0.0537974683544304,0.9359375,0.8368,0.950413223140496,0.0685805422647528,0.923913043478261,0.0515297906602254,0.84775641025641,0.738486842105263,0.907378335949764,0.940993788819876,0.938291139240506,0.349683544303797,0.916264090177134,0.938271604938272,0.059748427672956,0.0823909531502423,0.944356120826709,0.93517017828201,0.368503937007874,0.854430379746835,0.921440261865794,0.940993788819876,0.940717628705148,0,0.176567656765677,0.940705128205128,0.0604575163398693,0,0.93485342019544,0.00972447325769854,0.111470113085622,0.94770206022187,0.944983818770227,0.00318471337579618,0.661904761904762,0.460912052117264,0.939778129952456,0.0511551155115512,0.84,0.946428571428571,0.421800947867299,0.638535031847134,0.817460317460317,0,0.225442834138486,0.952691680261011,0.939873417721519,0.484177215189873,0.946372239747634,0.91156462585034,0.088,0.0015600624024961,0.931464174454829,0.945686900958466,1,0.738582677165354,0.0642054574638844,0.856230031948882,0.287337662337662,0.231810490693739,0.00479233226837061,0.649837133550489,0.630225080385852,0.646322378716745,0,0.340531561461794,0.901273885350318,0.676236044657097,0.567610062893082,0.147465437788018,0,0,0.944869831546707,0.921538461538462,0,0.902086677367576,0.00657894736842105,0,0,0.945072697899838,0,0.947454844006568,0.775477707006369,0.57032457496136,0.946540880503145,0,0,0.938871473354232,0.927244582043344,0.737678855325914,0.059190031152648,0.00162337662337662,0.849378881987578,0.644904458598726,0.940988835725678,0.567398119122257,0.390675241157556,0,0.938485804416404,0.0627009646302251,0.941176470588235,0.152350081037277,0,0.0673813169984686,0.17384370015949,0.53125,0.9296,0,0.941176470588235,0.928115015974441,0.943037974683544,0,0.129508196721311,0.891089108910891,0.0657672849915683,0.934920634920635,0.944794952681388,0.0587301587301587,0.943573667711599,0.353870458135861,0.813990461049285,0.0708661417322835,0.235576923076923,0.939297124600639,0.00807754442649435,0.0555555555555556,0.9484375,0.0665584415584416,0.689710610932476,0.428343949044586,0,0.171974522292994,0.747603833865815,0.311897106109325,0.924409448818898,0.0631911532385466,0.198425196850394,0.491554054054054,0.914196567862715,0.883464566929134,0.922098569157393,0.76537216828479,0,0.922098569157393,0.0614173228346457,0.913385826771654,0.460032626427406,0.058641975308642,0.946875,0.944805194805195,0.936585365853659,0.646964856230032,0.946540880503145,0.189542483660131,0.261980830670927,0.900158478605388,0.848726114649682,0,0,0.937096774193548,0.898387096774194,0.0800653594771242,0.931419457735247,0.941732283464567,0.419303797468354,0.899513776337115,0.721498371335505,0.851097178683386,0,0.921011058451817,0.398713826366559,0.944794952681388,0.942583732057416,0,0.668253968253968,0.93719806763285,0.0544871794871795,0.706924315619968,0.4144,0.800918836140888,0.712218649517685,0.911042944785276,0.1390625,0.936102236421725,0.940438871473354,0.949367088607595,0.35702479338843,0.142172523961661,0.942766295707472,0.953198127925117,0.00784929356357928,0.788309636650869,0.498432601880878,0.310509554140127,0.788976377952756,0.940705128205128,0.846153846153846,0.941269841269841,0.140866873065015,0.0560131795716639,0,0.820063694267516,0.0533117932148627,0.0498392282958199,0.312,0,0.947784810126582,0.929356357927786,0.950636942675159,0.946624803767661,0.147909967845659,0.0579710144927536,0,0,0.238249594813614,0.139871382636656,0.217252396166134,0,0.0537124802527646,0.93312101910828,0.0251572327044025,0.351132686084142,0.945072697899838,0.631578947368421,0.920508744038156,0.688087774294671,0.65149136577708,0,0.943683409436834,0.43739837398374,0.539808917197452,0.893353941267388,0.946708463949843,0.441640378548896,0.00946372239747634,0.931637519872814,0.929356357927786,0,0.930232558139535,0.0760517799352751,0.972085385878489,0.44888178913738,0,0.00796178343949045,0.551782682512733,0.851910828025478,0.0631067961165049,0.190243902439024,0.00940438871473354,0.0016366612111293,0.737169517884914,0.0696920583468395,0.941471571906355,0.370486656200942,0.944620253164557,0.0613207547169811,0.423676012461059,0.373801916932907,0.853225806451613,0.141004862236629,0.0613207547169811,0.00157728706624606,0.0938511326860841,0,0.942277691107644,0.0738916256157636,0.944954128440367,0.0544,0.944353518821604,0,0.548136645962733,0.5,0.93900481540931,0,0.943573667711599,0,0.435139573070608,0.945397815912636,0,0.685446009389671,0.934189406099519,0.737357259380098,0.919540229885057,0.0920436817472699,0,0.936708860759494,0.308917197452229,0,0.726247987117552,0.054858934169279,0.080824088748019,0.94299674267101,0.940705128205128,0.9453125,0.93719806763285,0.936,0,0.919685039370079,0.015748031496063,0.421216848673947,0.325878594249201,0.943037974683544,0.940894568690096,0.940902021772939,0.938906752411576,0.0563380281690141,0.071656050955414,0.942339373970346,0.944707740916272,0.742088607594937,0.938388625592417,0.945054945054945,0.93968253968254,0,0,0.9258114374034,0,0.119685039370079,0,0.9296,0.327922077922078,0.259803921568627,0.185243328100471,0.895330112721417,0,0.169059011164274,0.939297124600639,0.953271028037383,0.669278996865204,0.456752655538695,0.264931087289433,0.23943661971831,0.6672,0.0617088607594937,0.187697160883281,0.584,0.296178343949045,0.718553459119497,0.0606060606060606,0,0.0559105431309904,0.382352941176471,0.944353518821604,0.640625,0.296923076923077,0.655712050078247,0.864906832298137,0.930769230769231,0.941569282136895,0.933764135702746,0.945161290322581,0.9424,0.595813204508857,0.452418096723869,0.947867298578199,0.0584615384615385,0.0635658914728682,0.862838915470494,0.0110236220472441,0.939873417721519,0.91304347826087,0,0.158415841584158,0,0.921474358974359,0,0.942277691107644,0.944794952681388,0.0598425196850394,0.832268370607029,0.93953488372093,0.681528662420382,0.653418124006359,0.855325914149444,0,0,0.905073649754501,0.91679273827534,0.948356807511737,0,0,0.0502431118314425,0.287250384024578,0.534072900158479,0,0.507246376811594,0,0.903691813804173,0.939344262295082,0.216828478964401,0.288888888888889,0,0.391585760517799,0.614173228346457,0.839622641509434,0.94392523364486,0.787735849056604,0.0571428571428571,0.943894389438944,0.0192,0.939837398373984,0,0.945987654320988,0.00634920634920635,0.939641109298532,0.0713128038897893,0.037156704361874,0,0,0.824261275272162,0.896890343698854,0.906793048973144,0.712715855572998,0.0758513931888545,0.0628019323671498,0.822784810126582,0.80625,0,0.0702875399361022,0.91866028708134,0,0.929967426710098,0.933753943217666,0.125996810207337,0.0321543408360129,0.0583596214511041,0.939778129952456,0.501612903225806,0.1312,0.149501661129568,0.1743264659271,0.712662337662338,0.136577708006279,0.9375,0,0.763843648208469,0.920508744038156,0.00323624595469256,0,0.0587326120556414,0,0.0600315955766193,0.939907550077042,0.723404255319149,0.0608,0.056782334384858,0.57395498392283,0.921348314606742,0.480127186009539,0.0420560747663551,0.060556464811784,0.0507364975450082,0.0189873417721519,0,0.0674157303370786,0.0654205607476635,0.0552845528455285,0.0768025078369906,0.0560747663551402,0.0394088669950739,0.0483091787439614,0.0654205607476635,0.0210016155088853,0.00649350649350649,0.0301109350237718,0.0231481481481481,0.0503937007874016,0.0709677419354839,0.0177705977382876,0.0532445923460899,0.0530546623794212,0.0360655737704918,0.0586370839936609,0.0219092331768388,0.0658105939004815,0.0979133226324237,0.0582822085889571,0.0659163987138264
"191",0.0518867924528302,0.0561622464898596,0.0806201550387597,0.110759493670886,0.0666666666666667,0.0561797752808989,0.139904610492846,0.0733229329173167,0.050381679389313,0,0.0544323483670296,0,0.466458658346334,0.0558213716108453,0.933649289099526,0.936204146730462,0,0.0047244094488189,0.0493630573248408,0.0646687697160883,0.855813953488372,0.925686591276252,0.062015503875969,0,0.0996932515337423,0.72755905511811,0.874613003095975,0.061389337641357,0.580152671755725,0.372488408037094,0.949843260188088,0.360248447204969,0.279620853080569,0.7,0,0.0516431924882629,0.00766871165644172,0.0555555555555556,0.762557077625571,0.145962732919255,0,0.00310077519379845,0,0.048,0.276872964169381,0.929936305732484,0.505409582689335,0.942947702060222,0.58868501529052,0.851681957186544,0,0.0702875399361022,0.816745655608215,0.05,0.153364632237872,0.821829855537721,0,0.0774091627172196,0.0911949685534591,0.146189735614308,0.708268330733229,0.604724409448819,0.94551282051282,0,0.1536,0.224961479198767,0,0.0643642072213501,0,0.94888178913738,0.186728395061728,0.941915227629513,0.939586645468998,0.0458715596330275,0,0.337461300309598,0.937791601866252,0.446177847113885,0.159489633173844,0.740432612312812,0,0.337442218798151,0.781010719754977,0.0474732006125574,0.862928348909657,0.144409937888199,0.0556414219474498,0.0826833073322933,0.0807453416149068,0,0.0678233438485804,0.0533751962323391,0,0,0.0750798722044728,0,0.693396226415094,0.0675039246467818,0.00154083204930663,0.00158730158730159,0.413522012578616,0,0.745253164556962,0.0568720379146919,0.910334346504559,0.0559105431309904,0,0.0658307210031348,0.944444444444444,0.938775510204082,0.95405819295559,0.129186602870813,0.688854489164087,0.0653188180404355,0,0.062015503875969,0.335433070866142,0,0.952160493827161,0.758620689655172,0,0.270735524256651,0.783825816485226,0.883683360258481,0.0788643533123028,0.814352574102964,0.0465116279069767,0.0546021840873635,0,0.487381703470032,0.123028391167192,0.531746031746032,0.0729001584786054,0,0.0631911532385466,0.930448222565688,0,0.827258320126783,0.394568690095847,0.508771929824561,0,0,0.0723270440251572,0.289514866979656,0.81421647819063,0.0505529225908373,0.94896331738437,0.123824451410658,0.6048,0.0755007704160247,0.86970684039088,0.0625,0.0562700964630225,0.211180124223602,0.050314465408805,0.93900481540931,0.0570987654320988,0.946708463949843,0,0.310015898251192,0.184170471841705,0.0726698262243286,0.937694704049844,0,0.0485133020344288,0.58974358974359,0.0465489566613162,0.04858934169279,0.0475460122699387,0.708588957055215,0.081377151799687,0.94375,0.100456621004566,0.940366972477064,0.152037617554859,0.634222919937206,0,0.0748829953198128,0,0.197204968944099,0.05320813771518,0.866141732283465,0.0694006309148265,0.108864696734059,0.060882800608828,0.08125,0.872274143302181,0.647239263803681,0.133870967741935,0.114104595879556,1,0.950310559006211,0.0747217806041336,0.176656151419558,0,0,0.732283464566929,0,0.0478395061728395,0.754276827371695,0.1669341894061,0.287051482059282,0.0636363636363636,0.610675039246468,0.582554517133956,0.738654147104851,0.136075949367089,0.082670906200318,0.180404354587869,0,0.162246489859594,0.834138486312399,0.104430379746835,0.95125786163522,0.896024464831804,0.49144634525661,0.078740157480315,0.0702290076335878,0.216848673946958,0.053125,0.167456556082148,0,0.903785488958991,0.386398763523957,0.0461783439490446,0,0.0572755417956656,0.0735068912710567,0.481774960380349,0.461538461538462,0.063391442155309,0.0551948051948052,0.651685393258427,0,0.150076569678407,0.50920245398773,0.08,0.941267387944359,0.0812883435582822,0.0580847723704867,0.0527950310559006,0.0982839313572543,0.500768049155146,0.944356120826709,0.0769230769230769,0.481481481481481,0.94553706505295,0.946153846153846,0.782539682539683,0.944012441679627,0.852512155591572,0.367851622874807,0.953488372093023,0.949843260188088,0.935023771790808,0.452453987730061,0.902086677367576,0.0732484076433121,0,0.949152542372881,0,0.77337559429477,0.0520504731861199,0.0700934579439252,0.154929577464789,0,0.182829888712242,0.192901234567901,0.341013824884793,0.435054773082942,0.563981042654028,0.543581616481775,0,0.0516962843295638,0.894984326018809,0.342948717948718,0.0858034321372855,0.947932618683001,0.318252730109204,0.952160493827161,0.870170015455951,0.0540958268933539,0.0565428109854604,0.143089430894309,0,0.401244167962675,0.151273885350318,0,0.947040498442368,0.141104294478528,0.0667726550079491,0,0.940092165898618,0.946401225114854,0.0612244897959184,0.169059011164274,0.943639291465378,0,0.616588419405321,0.0600315955766193,0.269938650306748,0.638198757763975,0.401273885350318,0.0927357032457496,0.943661971830986,0.0506134969325153,0.0501567398119122,0.938582677165354,0.07981220657277,0.0582677165354331,0.0762987012987013,0.0564263322884013,0.7859375,0.759146341463415,0.7601246105919,0.0670926517571885,0.11470113085622,0.00469483568075117,0.736757624398074,0.0788643533123028,0.805946791862285,0.688253012048193,0.0606531881804044,0.0574162679425837,0.0793157076205288,0.362760834670947,0.0518292682926829,0.742857142857143,0.0839813374805599,0.0544,0,0.771121351766513,0.470774091627172,0.929245283018868,0.0062111801242236,0.935285053929122,0.130232558139535,0.930340557275542,0.945904173106646,0,0.757861635220126,0.0611916264090177,0.890282131661442,0.070840197693575,0.0860719874804382,0.0615141955835962,0.762282091917591,0.756369426751592,0.347551342812006,0.547967479674797,0,0.238019169329073,0.932533733133433,0.924846625766871,0.828173374613003,0.0478468899521531,0.942635658914729,0,0.750788643533123,0.933125972006221,0.958664546899841,0.561014263074485,0.054140127388535,0.723916532905297,0.0467741935483871,0.0854430379746835,0,0.0590841949778434,0.943164362519201,0.0545454545454545,0.21671826625387,0.0524642289348172,0.946456692913386,0.0758513931888545,0.93953488372093,0.1625,0.3296,0.111801242236025,0.0680061823802164,0.047244094488189,0.749606299212598,0.0832025117739403,0.0537634408602151,0.946564885496183,0.934272300469484,0.0581761006289308,0.0497667185069984,0.686427457098284,0.172413793103448,0.0864,0.0995334370139969,0.0545171339563863,0,0.861513687600644,0.0599369085173502,0.945141065830721,0,0.089171974522293,0,0.916139240506329,0.0540123456790123,0.0847723704866562,0,0.40282131661442,0.595879556259905,0.0653907496012759,0.94551282051282,0.184294871794872,0.0522151898734177,0.659305993690852,0.44375,0.268562401263823,0,0.839622641509434,0.0792393026941363,0.057542768273717,0.575471698113208,0.0495356037151703,0.0841584158415842,0.930599369085173,0,0.066358024691358,0.0550314465408805,0.0933544303797468,0.344667697063369,0.938080495356037,0.1828125,0.752321981424149,0.79042904290429,0,0.41259842519685,0.463492063492064,0.449139280125196,0,0.727272727272727,0.140157480314961,0.389489953632148,0.501547987616099,0.887708649468892,0,0,0.0508982035928144,0.0693374422187981,0,0.110584518167457,0,0,0,0.0502354788069074,0,0.0530546623794212,0.264890282131661,0.502290076335878,0.0482115085536547,0,0,0.0642633228840125,0.0886850152905199,0.328703703703704,0.948249619482496,0,0.147865853658537,0.456386292834891,0.0504731861198738,0.5,0.677884615384615,0,0.0741885625965997,0.947115384615385,0.0952380952380952,0.876777251184834,0,0.943425076452599,0.861852433281005,0.545602605863192,0.0758513931888545,0,0.111975116640746,0.0808709175738725,0.0455259026687598,0,0.892355694227769,0.11400651465798,0.943820224719101,0.0513219284603421,0.0517503805175038,0.942989214175655,0.0516431924882629,0.74488188976378,0.256609642301711,0.941176470588235,0.838095238095238,0.0946372239747634,0,0.950871632329635,0.0848765432098765,0.942492012779553,0.383886255924171,0.5936,0,0.905660377358491,0.292721518987342,0.775038520801233,0.06,0.941085271317829,0.829230769230769,0.56953642384106,0.101382488479263,0.162826420890937,0.0923317683881064,0.304975922953451,0,0.0680061823802164,0.947129909365559,0.0870253164556962,0.625199362041467,0.944954128440367,0.0540958268933539,0.053968253968254,0.0482866043613707,0.39403453689168,0.0714285714285714,0.884310618066561,0.843949044585987,0.1,0.158059467918623,0,0,0.0664556962025316,0.127625201938611,0.942947702060222,0.0684713375796178,0.0618238021638331,0.668231611893584,0.118110236220472,0.292880258899676,0.151234567901235,0,0.0916271721958926,0.664556962025316,0.0485133020344288,0.05,0,0.394984326018809,0.0832,0.949685534591195,0.360890302066773,0.625786163522013,0.239880059970015,0.361198738170347,0.0996978851963746,0.885802469135803,0.0606060606060606,0.057542768273717,0.071097372488408,0.701639344262295,0.840062111801242,0.0541795665634675,0.0570987654320988,0,0.272024729520866,0.584355828220859,0.729393468118196,0.282574568288854,0.0537124802527646,0.163297045101089,0.059190031152648,0.103975535168196,0.948635634028893,0,0.231974921630094,0.945141065830721,0.950078003120125,0.746081504702194,0,0.0595611285266458,0.135303265940902,0.0528771384136858,0.0566615620214395,0.897798742138365,0.952380952380952,0,0,0.85031847133758,0.8864,0.834394904458599,0,0.95046439628483,0.0473282442748092,0.394126738794436,0.73208722741433,0.0604133545310016,0.453149001536098,0.0748829953198128,0.397815912636505,0.439509954058193,0,0.0542168674698795,0.63968253968254,0.555031446540881,0.123664122137405,0.0644171779141104,0.679425837320574,0,0.101246105919003,0.0989180834621329,0,0.0833333333333333,0.936630602782071,0.0647249190938511,0.569422776911076,0,0,0.523809523809524,0.215408805031447,0.947530864197531,0.849206349206349,0,0,0.309309309309309,0.927672955974843,0.053156146179402,0.701219512195122,0.0625,0.950617283950617,0.628125,0.67741935483871,0.188405797101449,0.864217252396166,0.943661971830986,0,0.914556962025316,0,0.0541795665634675,0.769480519480519,0.0699088145896656,0.944267515923567,0.0531400966183575,0,0.512121212121212,0.5818759936407,0.0484375,0,0.0573643410852713,0,0.628205128205128,0.0652173913043478,0,0.377503852080123,0.0707547169811321,0.299363057324841,0.105095541401274,0.927803379416283,0,0.0467289719626168,0.739903069466882,0,0.355521936459909,0.949924127465857,0.953775038520801,0.0537124802527646,0.0543478260869565,0.0602782071097372,0.0752351097178683,0.0804416403785489,0,0.0828125,0.00154559505409583,0.656298600311042,0.715596330275229,0.0590979782270607,0.0603174603174603,0.0633693972179289,0.0587326120556414,0.0375,0.9424,0.0734094616639478,0.0963302752293578,0.316998468606432,0.0794392523364486,0.0530421216848674,0.0791925465838509,0,0,0.0661538461538462,0,0.892638036809816,0.00158227848101266,0.0911901081916538,0.723472668810289,0.784911717495987,0.922360248447205,0.127158555729984,0.00156494522691706,0.8953125,0.0482115085536547,0.0452418096723869,0.440993788819876,0.631024096385542,0.778110944527736,0.806354009077156,0.390205371248025,0.94556765163297,0.858255451713396,0.5,0.737169517884914,0.333848531684699,0.930232558139535,0,0.947784810126582,0.681089743589744,0.0587301587301587,0.385560675883257,0.800613496932515,0.412420382165605,0.17357910906298,0.0631741140215717,0.0938511326860841,0.0807754442649435,0.0531400966183575,0.056782334384858,0.479623824451411,0.6,0.0557275541795666,0.945205479452055,0.937984496124031,0.177394034536892,0,0.0505359877488515,0.08125,0,0.858075040783034,0,0.107936507936508,0,0.0846153846153846,0.0566037735849057,0.941267387944359,0.228571428571429,0.0490045941807044,0.391167192429022,0.41743119266055,0.164536741214058,0,0,0.1072,0.0936555891238671,0.06875,0,0,0.941653160453809,0.758139534883721,0.515772870662461,0,0.560629921259843,0,0.130016051364366,0.0552922590837283,0.793977812995246,0.760061919504644,0,0.657728706624606,0.44794952681388,0.180685358255452,0.0895295902883156,0.279251170046802,0.946456692913386,0.0700636942675159,0.0870917573872473,0.0477707006369427,0,0.0642201834862385,0,0.0544871794871795,0.936507936507937,0.584814216478191,0,0,0.224270353302611,0.127831715210356,0.110248447204969,0.335365853658537,0.952815829528158,0.967948717948718,0.222395023328149,0.201515151515152,0,0.936708860759494,0.083596214511041,0,0.0620031796502385,0.095679012345679,0.897515527950311,0.00157977883096367,0.946957878315133,0.0508474576271186,0.556818181818182,0.892638036809816,0.875,0.8609375,0.359746434231379,0.872472783825817,0.0506329113924051,0,0.295418641390205,0.0740740740740741,0,0,0.944024205748865,0,0.94488188976378,0.0565149136577708,0.33278955954323,0.946774193548387,0.944707740916272,0.491255961844197,0.0832,0.597503900156006,0.00309597523219814,0.946031746031746,0.0453074433656958,0.0126182965299685,0,0.777251184834123,0.938066465256798,0.94794952681388,0.93167701863354,0.946070878274268,0.00476947535771065,0.00471698113207547,0.930340557275542,0.00786163522012579,0.00643086816720257,0.0333863275039746,0.00765696784073507,0.00470957613814757,0.939721792890263,0.0125984251968504,0.947284345047923,0.953198127925117,0.00318979266347687,0.938485804416404,0.0540958268933539,0.949367088607595,0.864274570982839,0.942336874051593,0.944620253164557
"192",0.00786163522012579,0.00614439324116743,0.0363086232980333,0.0669856459330144,0.0206022187004754,0.00475435816164818,0.110584518167457,0.0325077399380805,0.0060882800608828,0,0.00627943485086342,0,0.44031007751938,0.00470219435736677,0.965785381026439,0.989280245022971,0,0.00156985871271586,0.00794912559618442,0.0185758513931889,0.841121495327103,0.963022508038585,0.0168453292496172,0,0.0434782608695652,0.75195007800312,0.8859375,0.0159235668789809,0.526881720430108,0.321100917431193,0.995391705069124,0.30757341576507,0.232114467408585,0.70679012345679,0,0.00470957613814757,0.00618238021638331,0.009375,0.752608047690015,0.0957446808510638,0,0,0,0.00625978090766823,0.225396825396825,0.981072555205047,0.493730407523511,0.995334370139969,0.516516516516517,0.859541984732824,0,0.00933125972006221,0.725460122699387,0.0046875,0.12,0.835182250396197,0,0.028169014084507,0.0482866043613707,0.104545454545455,0.69922480620155,0.558641975308642,0.993660855784469,0,0.0962145110410095,0.16385911179173,0,0.0125786163522013,0,0.993808049535604,0.139817629179331,0.987538940809969,0.978461538461538,0.00306278713629403,0,0.29601226993865,0.961656441717791,0.419504643962848,0.106180665610143,0.740196078431373,0,0.285060975609756,0.792168674698795,0.00762195121951219,0.886821705426357,0.0959752321981424,0.00758725341426404,0.0416024653312789,0.0352220520673813,0,0.0173501577287066,0.0015625,0,0,0.0251177394034537,0,0.693251533742331,0.0248447204968944,0,0,0.380877742946708,0,0.721003134796238,0.0031201248049922,0.899390243902439,0.00641025641025641,0,0.0264797507788162,0.996825396825397,0.990595611285266,0.986259541984733,0.0911949685534591,0.672811059907834,0.0127186009538951,0,0.0202177293934681,0.283720930232558,0,0.99537037037037,0.758566978193146,0,0.233846153846154,0.755102040816326,0.916139240506329,0.0290519877675841,0.84,0.00766871165644172,0.0077639751552795,0,0.465007776049767,0.0688575899843505,0.509493670886076,0.012779552715655,0,0.00625978090766823,0.975535168195719,0,0.794952681388013,0.373250388802488,0.493610223642172,0,0,0.0263975155279503,0.229559748427673,0.8336,0.00465116279069767,0.988958990536278,0.0832049306625578,0.589540412044374,0.0226586102719033,0.869634340222575,0.0187793427230047,0.00630914826498423,0.156060606060606,0.0124610591900312,0.9936,0.00473186119873817,0.993720565149137,0,0.248818897637795,0.13984962406015,0.0234741784037559,0.983128834355828,0,0.00613496932515337,0.542130365659777,0.00316455696202532,0.0061633281972265,0.00613496932515337,0.712098009188361,0.0262345679012346,0.993700787401575,0.0523076923076923,0.993930197268589,0.113707165109034,0.636785162287481,0,0.0186915887850467,0,0.147239263803681,0.00615384615384615,0.87888198757764,0.0268562401263823,0.0474006116207951,0.00900900900900901,0.0227617602427921,0.898278560250391,0.633587786259542,0.0801282051282051,0.0654952076677316,0.950310559006211,1,0.0238095238095238,0.137770897832817,0,0,0.709627329192547,0,0.00452488687782805,0.745038167938931,0.1296,0.242748091603053,0.0136363636363636,0.577287066246057,0.558641975308642,0.716951788491446,0.0856697819314642,0.0295489891135303,0.125960061443932,0,0.117465224111283,0.826923076923077,0.0647709320695103,0.993710691823899,0.934650455927052,0.474842767295597,0.0297805642633229,0.0260336906584992,0.173846153846154,0.00771604938271605,0.10625,0,0.937212863705972,0.336923076923077,0.0110584518167457,0,0.0153374233128834,0.0243531202435312,0.458461538461538,0.451713395638629,0.015600624024961,0.00480769230769231,0.622526636225266,0,0.10958904109589,0.468217054263566,0.0362776025236593,0.993817619783617,0.0524691358024691,0.008,0.00311526479750779,0.0470219435736677,0.468315301391036,0.993788819875776,0.0372093023255814,0.459167950693374,0.990936555891239,0.99236641221374,0.792663476874003,0.993740219092332,0.845425867507886,0.332822085889571,0.996937212863706,0.992307692307692,0.987577639751553,0.427244582043344,0.960567823343849,0.0158478605388273,0,0.995334370139969,0,0.77373417721519,0.00471698113207547,0.0236220472440945,0.104776579352851,0,0.14171974522293,0.137825421133231,0.306477093206951,0.388802488335925,0.558320373250389,0.546310832025118,0,0.00479233226837061,0.911450381679389,0.307073954983923,0.0440944881889764,0.98613251155624,0.263565891472868,0.995391705069124,0.887675507020281,0.00151515151515152,0.0032,0.1088,0,0.379939209726444,0.113207547169811,0,0.995398773006135,0.102918586789555,0.0249221183800623,0,0.993817619783617,0.993911719939117,0.028391167192429,0.118670886075949,0.995176848874598,0,0.60625,0.015552099533437,0.218045112781955,0.608024691358025,0.348580441640379,0.0413476263399694,0.987480438184664,0.0060790273556231,0.0060790273556231,0.9890625,0.0416024653312789,0.00469483568075117,0.0289389067524116,0.00460122699386503,0.817619783616692,0.693374422187982,0.713615023474178,0.0314465408805031,0.0573248407643312,0.00153374233128834,0.727987421383648,0.0345368916797488,0.847222222222222,0.684992570579495,0.0109375,0.00782472613458529,0.036979969183359,0.3072,0.00305343511450382,0.743710691823899,0.0388802488335925,0.00947867298578199,0,0.682228915662651,0.45125786163522,0.982892690513219,0.00151515151515152,0.986280487804878,0.0857580398162328,0.96937212863706,0.995356037151703,0,0.780185758513932,0.0126782884310618,0.926380368098159,0.0197044334975369,0.0356589147286822,0.0205696202531646,0.727129337539432,0.722662440570523,0.327586206896552,0.543548387096774,0,0.182389937106918,0.981762917933131,0.961715160796325,0.811145510835913,0.00314465408805031,0.992343032159265,0,0.668217054263566,0.983154670750383,0.973312401883831,0.541009463722397,0.0062402496099844,0.714285714285714,0.00489396411092985,0.037037037037037,0,0.0163934426229508,0.993930197268589,0.0075187969924812,0.167987321711569,0.00644122383252818,0.981279251170047,0.0227963525835866,0.99375,0.1171875,0.288676236044657,0.0487062404870624,0.0215716486902928,0.00628930817610063,0.711627906976744,0.0390015600624025,0.0060882800608828,0.995433789954338,0.976377952755906,0.0031496062992126,0.00460122699386503,0.680685358255452,0.113981762917933,0.0414673046251994,0.0524691358024691,0.00615384615384615,0,0.888712241653418,0.00460829493087558,0.993730407523511,0,0.0421216848673947,0,0.9578125,0.00455235204855842,0.0362776025236593,0,0.37403400309119,0.5890625,0.0222575516693164,0.995238095238095,0.11496062992126,0.00961538461538462,0.630672926447574,0.413145539906103,0.215189873417722,0,0.841772151898734,0.0315955766192733,0.00312989045383412,0.55379746835443,0.00462249614791988,0.0336538461538462,0.974723538704581,0,0.0231124807395994,0.00778816199376947,0.0532915360501567,0.317073170731707,0.990566037735849,0.140625,0.756880733944954,0.808196721311475,0,0.37799043062201,0.411949685534591,0.400616332819723,0,0.710144927536232,0.0926216640502355,0.363636363636364,0.480122324159021,0.92526158445441,0,0,0.00444444444444444,0.0290964777947933,0,0.0817901234567901,0,0,0,0.0077639751552795,0,0.00635930047694754,0.230650154798762,0.484939759036145,0.00302571860816944,0,0,0.0093167701863354,0.037593984962406,0.280431432973806,0.996955859969559,0,0.119631901840491,0.422664624808576,0.00470219435736677,0.472049689440994,0.657853810264386,0,0.0234009360374415,0.9936,0.0443037974683544,0.913249211356467,0,0.984984984984985,0.879499217527387,0.511326860841424,0.03125,0,0.0516717325227964,0.0262345679012346,0.00307692307692308,0,0.930489731437599,0.0734094616639478,0.991830065359477,0.00458015267175573,0.0061633281972265,0.987460815047022,0.0062402496099844,0.710730948678072,0.195618153364632,0.989079563182527,0.835463258785943,0.0454545454545455,0,0.993710691823899,0.0323574730354391,0.988782051282051,0.34185303514377,0.608490566037736,0,0.897081413210445,0.261637239165329,0.745341614906832,0.0325581395348837,0.996870109546166,0.848392036753446,0.521880064829822,0.0597243491577335,0.117737003058104,0.0390625,0.257188498402556,0,0.0184049079754601,0.995391705069124,0.0388198757763975,0.622820919175911,0.993993993993994,0.00611620795107034,0.0031104199066874,0.00156739811912226,0.368740515933232,0.0215716486902928,0.879936808846761,0.823161189358372,0.065015479876161,0.12597200622084,0,0,0.0123456790123457,0.0660225442834139,0.990461049284579,0.0219435736677116,0.0153374233128834,0.647425897035881,0.0749601275917065,0.286614173228346,0.115501519756839,0,0.0333863275039746,0.650393700787402,0.00464396284829721,0.00782472613458529,0,0.346273291925466,0.034375,0.993769470404984,0.321875,0.618012422360248,0.199101796407186,0.31496062992126,0.0449101796407186,0.920367534456355,0.0139968895800933,0.00467289719626168,0.0265625,0.694888178913738,0.87207488299532,0.015625,0.00153609831029186,0,0.204615384615385,0.545454545454545,0.738244514106583,0.236196319018405,0.0062402496099844,0.109004739336493,0.00455235204855842,0.108396946564885,0.995207667731629,0,0.178683385579937,0.992211838006231,0.995305164319249,0.727272727272727,0,0.0157232704402516,0.0979782270606532,0.00462962962962963,0.010752688172043,0.914860681114551,0.995348837209302,0,0,0.843505477308294,0.915756630265211,0.856474258970359,0,0.993740219092332,0.00460829493087558,0.41743119266055,0.704113924050633,0.00630914826498423,0.417582417582418,0.029595015576324,0.34,0.361702127659574,0,0.0045045045045045,0.622222222222222,0.513178294573643,0.081039755351682,0.0168970814132104,0.60741885625966,0,0.0543478260869565,0.0486322188449848,0,0.0375375375375375,0.978361669242658,0.0228013029315961,0.565950920245399,0,0,0.4976,0.171383647798742,0.993798449612403,0.871428571428571,0,0,0.249249249249249,0.97045101088647,0.00651465798045603,0.680061823802164,0.0121212121212121,0.993957703927492,0.621329211746522,0.678343949044586,0.139904610492846,0.898876404494382,0.989312977099237,0,0.955766192733017,0,0.0106382978723404,0.793269230769231,0.0228310502283105,0.989147286821705,0.00474683544303797,0,0.483433734939759,0.53577106518283,0.0046875,0,0.00611620795107034,0,0.599358974358974,0.0170015455950541,0,0.346687211093991,0.0253565768621236,0.263823064770932,0.0542264752791069,0.976887519260401,0,0.00156985871271586,0.736089030206677,0,0.309815950920245,0.997076023391813,0.98310291858679,0.00636942675159236,0.00626959247648903,0.0122699386503067,0.0309597523219814,0.0238473767885533,0,0.0249221183800623,0,0.637059724349158,0.712749615975422,0.0120845921450151,0.0093603744149766,0.00925925925925926,0.00930232558139535,0.0295031055900621,0.987361769352291,0.0192616372391653,0.0420560747663551,0.282674772036474,0.0230061349693252,0.00612557427258806,0.0339506172839506,0,0,0.0252225519287834,0,0.937019969278034,0.0015527950310559,0.049306625577812,0.724683544303797,0.79304897314376,0.888544891640867,0.0741885625965997,0.00155763239875389,0.907975460122699,0.0062015503875969,0.00462962962962963,0.366771159874608,0.5952023988006,0.794074074074074,0.823262839879154,0.355450236966825,0.995384615384615,0.885670731707317,0.47360248447205,0.735202492211838,0.295454545454545,0.981308411214953,0,0.996860282574568,0.660743134087238,0.0032,0.369969040247678,0.777777777777778,0.381395348837209,0.136503067484663,0.0167173252279635,0.0466237942122186,0.023961661341853,0.00638977635782748,0.0062111801242236,0.445652173913043,0.594761171032357,0.00471698113207547,0.987951807228916,0.998475609756098,0.136645962732919,0,0.00611620795107034,0.0358814352574103,0,0.884126984126984,0,0.0560747663551402,0,0.0265210608424337,0.00463678516228748,0.993930197268589,0.16796267496112,0.00453172205438067,0.361904761904762,0.388198757763975,0.120826709062003,0,0,0.0756843800322061,0.0648967551622419,0.0182926829268293,0,0,0.993558776167472,0.762269938650307,0.482059282371295,0,0.548837209302326,0,0.0810810810810811,0.00475435816164818,0.806349206349206,0.761240310077519,0,0.660406885758998,0.412225705329154,0.127527216174184,0.0407239819004525,0.23208722741433,0.993710691823899,0.0173775671406003,0.0820433436532508,0.00474683544303797,0,0.0228310502283105,0,0.00471698113207547,0.979876160990712,0.605345911949686,0,0,0.174922600619195,0.0733652312599681,0.0652503793626707,0.277272727272727,0.975903614457831,0.993730407523511,0.157076205287714,0.159398496240602,0,0.987538940809969,0.0329153605015674,0,0.018957345971564,0.0496124031007752,0.929121725731895,0,0.993759750390016,0.00464396284829721,0.538095238095238,0.923676012461059,0.904,0.889230769230769,0.308917197452229,0.897709923664122,0.00477707006369427,0,0.234645669291339,0.0211800302571861,0,0,0.994011976047904,0,0.993779160186625,0.00618238021638331,0.290996784565916,0.993630573248408,0.995297805642633,0.472178060413355,0.046031746031746,0.557453416149068,0,0.996815286624204,0.0494417862838915,0.0062015503875969,0,0.806656101426308,0.990977443609023,0.995356037151703,0.982919254658385,0.995419847328244,0,0,0.976415094339623,0.003125,0.00162337662337662,0.0232198142414861,0.00467289719626168,0,0.985981308411215,0.0108864696734059,0.9952,0.992199687987519,0,0.987616099071207,0.0467571644042232,0.995384615384615,0.900621118012422,0.992503748125937,0.9921875
"193",0.9872,0.977883096366509,0.976744186046512,0.941935483870968,0.982456140350877,0.985413290113452,0.9024,0.984,0.978227060653188,0,0.979032258064516,0,0.57556270096463,0.97741935483871,0.0631911532385466,0.0303030303030303,0,0.0143540669856459,0.978964401294498,0.963949843260188,0.181818181818182,0.0545454545454545,0.973228346456693,0,0.936708860759494,0.27602523659306,0.135566188197767,0.975609756097561,0.461059190031153,0.702492211838006,0.021505376344086,0.698717948717949,0.783870967741935,0.299840510366826,0,0.982315112540193,0.0188679245283019,0.979591836734694,0.278382581648523,0.890625,0,0.0156985871271586,0.00467289719626168,0.980861244019139,0.782679738562091,0.0475435816164818,0.5168,0.0158478605388273,0.475077881619938,0.135593220338983,0,0.980861244019139,0.2848,0.975961538461538,0.885668276972625,0.166118421052632,0,0.954471544715447,0.961240310077519,0.920062695924765,0.308917197452229,0.433281004709576,0.0209339774557166,0,0.891056910569106,0.821596244131455,0,0.971337579617834,0,0.0189873417721519,0.854714064914992,0.0284810126582278,0.0337620578778135,0.981538461538462,0,0.712050078247261,0.0695102685624013,0.572567783094099,0.914100486223663,0.280467445742905,0,0.717868338557994,0.218068535825545,0.976415094339623,0.12241653418124,0.9125,0.977671451355662,0.9629057187017,0.960629921259842,0.0109034267912773,0.974358974358974,0.976415094339623,0,0,0.957860615883306,0,0.317460317460317,0.968701095461659,0.00471698113207547,0.0063391442155309,0.621236133122029,0,0.3024,0.978930307941653,0.110599078341014,0.980582524271845,0.0110236220472441,0.9792,0.0206022187004754,0.0253968253968254,0.029595015576324,0.903633491311216,0.343402225755167,0.972972972972973,0,0.9858934169279,0.717219589257504,0,0.0219092331768388,0.253164556962025,0,0.773524720893142,0.26813880126183,0.101286173633441,0.969936708860759,0.160741885625966,0.975308641975309,0.977883096366509,0,0.555555555555556,0.937908496732026,0.502439024390244,0.972085385878489,0,0.972491909385113,0.0418604651162791,0,0.231017770597738,0.631160572337043,0.532679738562091,0,0,0.982677165354331,0.75801282051282,0.174055829228243,0.980707395498392,0.0301587301587302,0.93026941362916,0.424878836833603,0.981279251170047,0.148936170212766,0.96969696969697,0.980519480519481,0.824175824175824,0.978125,0.0161290322580645,0.98256735340729,0.0238473767885533,0,0.74025974025974,0.872239747634069,0.965354330708661,0.0360501567398119,0,0.98125,0.453047775947282,0.983660130718954,0.98256735340729,0.979655712050078,0.299373040752351,0.979623824451411,0.0174880763116057,0.947932618683001,0.02,0.906349206349206,0.387755102040816,0,0.973270440251572,0,0.835987261146497,0.977883096366509,0.138709677419355,0.97933227344992,0.937898089171974,0.970814132104455,0.955246913580247,0.106858054226475,0.396923076923077,0.914473684210526,0.945161290322581,0.0747217806041336,0.0238095238095238,1,0.860759493670886,0,0,0.3136,0,0.98297213622291,0.270440251572327,0.881493506493506,0.746056782334385,0.990668740279938,0.445512820512821,0.444794952681388,0.314332247557003,0.912280701754386,0.947284345047923,0.907523510971787,0,0.868670886075949,0.199021207177814,0.944715447154472,0.0207336523125997,0.0858034321372855,0.543581616481775,0.965023847376789,0.972179289026275,0.845786963434022,0.982839313572543,0.888178913738019,0,0.0849056603773585,0.662992125984252,0.978896103896104,0,0.976340694006309,0.980030721966206,0.563091482649842,0.577106518282989,0.971153846153846,0.980392156862745,0.383495145631068,0,0.888198757763975,0.526655896607431,0.978583196046129,0.0221169036334913,0.956454121306376,0.985530546623794,0.984152139461173,0.941653160453809,0.543887147335423,0.0206677265500795,0.97588424437299,0.546875,0.0261538461538462,0.0170807453416149,0.20873786407767,0.0223642172523962,0.164495114006515,0.681747269890796,0.0191082802547771,0.020440251572327,0.0313971742543171,0.602523659305994,0.0552845528455285,0.971153846153846,0.00972447325769854,0.0175438596491228,0,0.242671009771987,0.980230642504119,0.961038961038961,0.90032154340836,0,0.880718954248366,0.849293563579278,0.692307692307692,0.611111111111111,0.457869634340223,0.461038961038961,0.0109717868338558,0.977346278317152,0.11128526645768,0.70840197693575,0.97092084006462,0.0331230283911672,0.763693270735524,0.0239234449760766,0.131045241809672,0.984639016897081,0.981967213114754,0.894480519480519,0,0.665109034267913,0.886970172684458,0,0.0157728706624606,0.899536321483771,0.988871224165342,0,0.0188087774294671,0.0237717908082409,0.983948635634029,0.903069466882068,0.0195439739413681,0,0.396850393700787,0.985645933014354,0.796875,0.402208201892744,0.672,0.950155763239875,0.0283464566929134,0.979719188767551,0.980922098569157,0.0224719101123595,0.964006259780908,0.985645933014354,0.955810147299509,0.979462875197472,0.211878009630819,0.323809523809524,0.294952681388013,0.975845410628019,0.922824302134647,0.0510046367851623,0.281098546042003,0.982200647249191,0.175632911392405,0.312597200622084,0.9859375,0.977455716586151,0.9712,0.688709677419355,0.978395061728395,0.258842443729904,0.971608832807571,0.979133226324238,0,0.330757341576507,0.562805872756933,0.0335463258785942,0.0530421216848674,0.025,0.89047619047619,0.0425867507886435,0.0174603174603175,0,0.258730158730159,0.9776,0.0806962025316456,0.987034035656402,0.977812995245642,0.985436893203884,0.304560260586319,0.3042071197411,0.670906200317965,0.48202614379085,0,0.811912225705329,0.0356037151702786,0.0644654088050314,0.220125786163522,0.977272727272727,0.0238853503184713,0,0.338509316770186,0.0282131661442006,0.0451612903225806,0.4848,0.980738362760835,0.273462783171521,0.978688524590164,0.942766295707472,0,0.981790591805766,0.0188383045525903,0.978361669242658,0.813504823151125,0.978930307941653,0.0300157977883096,0.959375,0.0174880763116057,0.869634340222575,0.723577235772358,0.925039872408293,0.982839313572543,0.976114649681529,0.311708860759494,0.950479233226837,0.979813664596273,0.0201550387596899,0.0347003154574132,0.980738362760835,0.978964401294498,0.338557993730408,0.868670886075949,0.952302631578947,0.947867298578199,0.9826224328594,0,0.134087237479806,0.977635782747604,0.0174603174603175,0,0.975409836065574,0.00972447325769854,0.0614886731391586,0.979719188767551,0.972668810289389,0.0032,0.634340222575517,0.433870967741936,0.9856,0.0230263157894737,0.844660194174757,0.980487804878049,0.372964169381107,0.616113744075829,0.800319488817891,0,0.17693522906793,0.985736925515055,0.977564102564103,0.465489566613162,0.9826224328594,0.956155143338954,0.0395569620253165,0.0016,0.984350547730829,0.976,0.954330708661417,0.684292379471229,0.0256410256410256,0.875796178343949,0.247634069400631,0.199335548172757,0.00475435816164818,0.604465709728868,0.604838709677419,0.624203821656051,0,0.295934959349594,0.909967845659164,0.625,0.52112676056338,0.101694915254237,0,0,0.984825493171472,0.954968944099379,0,0.932283464566929,0.00964630225080386,0,0,0.980738362760835,0,0.983660130718954,0.785266457680251,0.535714285714286,0.976671850699845,0,0,0.979397781299525,0.950233281493002,0.714508580343214,0.0201550387596899,0.00163398692810458,0.88390092879257,0.61198738170347,0.9824,0.547433903576983,0.369774919614148,0,0.966719492868463,0.0196399345335516,0.9632,0.1056,0,0.0294573643410853,0.117274167987322,0.492487479131886,0.955108359133127,0,0.957878315132605,0.963549920760697,0.982866043613707,0,0.0825242718446602,0.916943521594684,0.0184873949579832,0.978056426332288,0.982677165354331,0.0219435736677116,0.981042654028436,0.307936507936508,0.816,0.0304,0.184039087947883,0.960063897763578,0.00801282051282051,0.0174880763116057,0.9765625,0.0245499181669394,0.647634584013051,0.393939393939394,0,0.138801261829653,0.742301458670989,0.278560250391236,0.973101265822785,0.017741935483871,0.164852255054432,0.459546925566343,0.942006269592476,0.907378335949764,0.951845906902087,0.742574257425743,0,0.964341085271318,0.0171875,0.949526813880126,0.413290113452188,0.0169230769230769,0.977848101265823,0.979233226837061,0.979099678456592,0.634894991922456,0.982594936708861,0.140322580645161,0.211111111111111,0.935331230283912,0.885350318471338,0,0,0.976,0.93192868719611,0.0321543408360129,0.976038338658147,0.987421383647799,0.386687797147385,0.938808373590982,0.737785016286645,0.88785046728972,0,0.958266452648475,0.352090032154341,0.983974358974359,0.980922098569157,0,0.632850241545894,0.97427652733119,0.0206677265500795,0.702922077922078,0.381703470031546,0.785604900459418,0.709208400646204,0.943511450381679,0.0981308411214953,0.977309562398703,0.979299363057325,0.982315112540193,0.316912972085386,0.111290322580645,0.982539682539682,0.9796875,0.0078003120124805,0.776377952755905,0.458990536277603,0.26984126984127,0.775834658187599,0.97933227344992,0.863057324840764,0.981102362204724,0.133748055987558,0.0211726384364821,0,0.84430176565008,0.0211726384364821,0.0163398692810458,0.279365079365079,0,0.978021978021978,0.91937984496124,0.977952755905512,0.985849056603774,0.1056,0.0191082802547771,0,0,0.1968,0.0950080515297907,0.163492063492063,0,0.0171073094867807,0.981132075471698,0.0218068535825545,0.307692307692308,0.977777777777778,0.59904912836767,0.956730769230769,0.673566878980892,0.638932496075353,0,0.98,0.402555910543131,0.51373182552504,0.933125972006221,0.982677165354331,0.393700787401575,0.00955414012738853,0.960191082802548,0.962441314553991,0,0.9578125,0.0365659777424483,0.975609756097561,0.441269841269841,0,0.00632911392405063,0.53518821603928,0.856,0.0188383045525903,0.156351791530945,0.00946372239747634,0,0.738461538461539,0.0397456279809221,0.983443708609272,0.329153605015674,0.987616099071207,0.0172143974960876,0.3952,0.333333333333333,0.878444084278768,0.107667210440457,0.0204724409448819,0,0.0600649350649351,0,0.97984496124031,0.0506535947712418,0.987748851454824,0.017741935483871,0.980456026058632,0,0.526073619631902,0.456869009584665,0.985849056603774,0,0.981279251170047,0,0.409090909090909,0.976489028213166,0,0.650077760497667,0.966824644549763,0.742857142857143,0.961414790996785,0.0530421216848674,0,0.978792822185971,0.264847512038523,0,0.69811320754717,0.0169753086419753,0.0362776025236593,0.98371335504886,0.988782051282051,0.977952755905512,0.95748031496063,0.969305331179321,0,0.954983922829582,0.0219435736677116,0.36547433903577,0.293563579277865,0.976415094339623,0.976038338658147,0.977987421383648,0.971608832807571,0.0557324840764331,0.0353130016051364,0.980360065466448,0.953051643192488,0.703296703296703,0.955766192733017,0.981395348837209,0.981012658227848,0,0,0.966360856269113,0,0.0851735015772871,0,0.960127591706539,0.277504105090312,0.221311475409836,0.145962732919255,0.9104,0,0.128526645768025,0.979623824451411,0.982484076433121,0.649206349206349,0.428790199081164,0.221198156682028,0.198786039453718,0.653605015673981,0.0140845070422535,0.118483412322275,0.559055118110236,0.276083467094703,0.691693290734824,0.0256,0,0.0177705977382876,0.341977309562399,0.982113821138211,0.636792452830189,0.232449297971919,0.604761904761905,0.882075471698113,0.967391304347826,0.972267536704731,0.969404186795491,0.983792544570502,0.980861244019139,0.546031746031746,0.448494453248811,0.979495268138801,0.0245398773006135,0.0294117647058824,0.891025641025641,0.0110584518167457,0.981308411214953,0.950310559006211,0,0.126022913256956,0,0.9536,0,0.958532695374801,0.982511923688394,0.0191387559808612,0.843548387096774,0.979813664596273,0.660743134087238,0.63452566096423,0.882911392405063,0,0,0.925864909390445,0.955453149001536,0.993670886075949,0,0,0.0177133655394525,0.256692913385827,0.508771929824561,0,0.457735247208931,0,0.92483660130719,0.980613893376414,0.187800963081862,0.243369734789392,0,0.359424920127796,0.591414944356121,0.85377358490566,0.9734375,0.775316455696203,0.0156494522691706,0.988524590163934,0.016025641025641,0.97875816993464,0,0.979813664596273,0.00783699059561128,0.978896103896104,0.037037037037037,0.025518341307815,0,0,0.850931677018634,0.923824959481361,0.936406995230525,0.715610510046368,0.0448916408668731,0.0257648953301127,0.8192,0.843505477308294,0,0.0300157977883096,0.94770206022187,0,0.965403624382208,0.966719492868463,0.0834670947030498,0.0412044374009509,0.0188976377952756,0.981191222570533,0.489533011272142,0.0928,0.115823817292007,0.1296,0.685154975530179,0.1,0.980861244019139,0,0.761827079934747,0.967238689547582,0.00318979266347687,0,0.0198776758409786,0,0.0222575516693164,0.979495268138801,0.727272727272727,0.0196078431372549,0.0191387559808612,0.556451612903226,0.962962962962963,0.431034482758621,0.0515625,0.0213114754098361,0.0572831423895254,0.0206349206349206,0,0.0420032310177706,0.0233644859813084,0.0209003215434084,0.0349206349206349,0.0186625194401244,0.0500807754442649,0.0589171974522293,0.0345368916797488,0.0188679245283019,0.00486223662884927,0.0283464566929134,0.0266457680250784,0.0583596214511041,0.0238095238095238,0.0235849056603774,0.0147540983606557,0.0225442834138486,0.0513643659711075,0.028391167192429,0.0248447204968944,0.0205371248025276,0.0491283676703645,0.0154320987654321,0.0223642172523962
"194",0.866559485530547,0.844827586206897,0.884615384615385,0.849206349206349,0.862838915470494,0.857369255150555,0.974683544303797,0.861635220125786,0.848392036753446,0.0175718849840256,0.850931677018634,0.021978021978022,0.596573208722741,0.856466876971609,0.15919629057187,0.146189735614308,0.0184331797235023,0.0380348652931854,0.847512038523275,0.85099846390169,0.279251170046802,0.145631067961165,0.854070660522273,0.0199692780337942,0.838759689922481,0.355345911949686,0.240683229813665,0.847860538827258,0.538694992412747,0.714285714285714,0.131901840490798,0.714285714285714,0.78816199376947,0.376543209876543,0.0185758513931889,0.855799373040752,0.0419254658385093,0.849085365853659,0.384500745156483,0.811232449297972,0.0170015455950541,0.0352760736196319,0.0323574730354391,0.86031746031746,0.773015873015873,0.150078988941548,0.539906103286385,0.1112828438949,0.553516819571865,0.243119266055046,0.021505376344086,0.854714064914992,0.367441860465116,0.851330203442879,0.973058637083994,0.280507131537242,0.0212071778140294,0.837837837837838,0.901081916537867,0.851097178683386,0.388544891640867,0.49768875192604,0.125198098256735,0.0238095238095238,0.808681672025723,0.7703125,0.0201238390092879,0.8453125,0.0140405616224649,0.12792511700468,0.766513056835638,0.121538461538462,0.143987341772152,0.859327217125382,0.0185185185185185,0.757296466973886,0.170506912442396,0.599688473520249,0.895071542130366,0.384873949579832,0.0188976377952756,0.723338485316847,0.308868501529052,0.848531684698609,0.218944099378882,0.851289833080425,0.84399375975039,0.849923430321593,0.834101382488479,0.0336906584992343,0.84384858044164,0.844036697247706,0.0156494522691706,0.0200927357032458,0.837881219903692,0.0202177293934681,0.430124223602484,0.850152905198777,0.0258751902587519,0.0326594090202177,0.729393468118196,0.0186625194401244,0.394654088050314,0.860719874804382,0.206106870229008,0.857827476038339,0.0282574568288854,0.885448916408669,0.12480252764613,0.127725856697819,0.135176651305684,0.958795562599049,0.439814814814815,0.839009287925697,0.0193236714975845,0.879573170731707,0.736434108527132,0.0182370820668693,0.123076923076923,0.304075235109718,0.0198776758409786,0.792569659442725,0.352574102964119,0.201277955271566,0.856481481481482,0.237730061349693,0.849544072948328,0.856702619414484,0.0249221183800623,0.651771956856703,0.851330203442879,0.522292993630573,0.849921011058452,0.0185758513931889,0.846761453396525,0.137462235649547,0.0232558139534884,0.322734499205087,0.615863141524106,0.636507936507936,0.0238095238095238,0.0221518987341772,0.86286594761171,0.753125,0.278135048231511,0.852201257861635,0.125996810207337,0.840490797546012,0.512820512820513,0.863013698630137,0.252380952380952,0.85625,0.853269537480064,0.781055900621118,0.85377358490566,0.116693679092382,0.860643185298622,0.122641509433962,0.0184899845916795,0.73354735152488,0.926829268292683,0.854714064914992,0.145705521472393,0.0230061349693252,0.858231707317073,0.5312,0.847402597402597,0.855365474339036,0.846749226006192,0.374613003095975,0.864274570982839,0.126782884310618,0.851063829787234,0.119940029985007,0.923076923076923,0.448916408668731,0.0189274447949527,0.849765258215962,0.0186335403726708,0.777604976671851,0.86280487804878,0.224137931034483,0.857798165137615,0.833070866141732,0.848802395209581,0.852713178294574,0.226502311248074,0.468797564687976,0.841368584758942,0.830985915492958,0.176656151419558,0.137770897832817,0.860759493670886,1,0.0182926829268293,0.0186335403726708,0.417445482866044,0.0232919254658385,0.850152905198777,0.358231707317073,0.9921875,0.729264475743349,0.85145482388974,0.531881804043546,0.497681607418856,0.4192,0.816455696202532,0.829888712241653,0.887022900763359,0.0217054263565891,0.786604361370717,0.293159609120521,0.852848101265823,0.138977635782748,0.192133131618759,0.62962962962963,0.866251944012442,0.858015267175573,0.829420970266041,0.850467289719626,0.807511737089202,0.0157977883096366,0.193498452012384,0.67737003058104,0.848726114649682,0.0204724409448819,0.854517611026034,0.871601208459215,0.661993769470405,0.566615620214395,0.854489164086687,0.85048231511254,0.492138364779874,0.0237341772151899,0.957251908396947,0.597826086956522,0.879365079365079,0.127692307692308,0.845092024539877,0.852380952380952,0.855590062111801,0.841692789968652,0.590214067278288,0.131455399061033,0.869969040247678,0.555384615384615,0.127465857359636,0.126506024096386,0.281931464174455,0.12888198757764,0.254807692307692,0.717125382262997,0.11128526645768,0.132192846034215,0.135384615384615,0.666158536585366,0.15780998389694,0.8546875,0.0332278481012658,0.129283489096573,0.0199692780337942,0.3390625,0.849840255591054,0.842349304482226,0.810725552050473,0.0215384615384615,0.926163723916533,0.771251931993818,0.713395638629283,0.662538699690402,0.513260530421217,0.486571879936809,0.0370942812982998,0.853125,0.225505443234837,0.714738510301109,0.873239436619718,0.136645962732919,0.765258215962441,0.136363636363636,0.236306729264476,0.861702127659574,0.847619047619048,0.976190476190476,0.0212121212121212,0.712307692307692,0.980952380952381,0.0201550387596899,0.122861586314152,0.971168437025797,0.871473354231975,0.0168711656441718,0.126738794435858,0.118098159509202,0.866251944012442,0.841091492776886,0.122977346278317,0.0159235668789809,0.511773940345369,0.865203761755486,0.810687022900763,0.483771251931994,0.710691823899371,0.841221374045802,0.124807395993837,0.861491628614916,0.8453125,0.127527216174184,0.854489164086687,0.853125,0.854166666666667,0.858712715855573,0.286158631415241,0.418461538461538,0.40282131661442,0.880191693290735,0.830670926517572,0.0653495440729483,0.34384858044164,0.872670807453416,0.246894409937888,0.373873873873874,0.864485981308411,0.853582554517134,0.864406779661017,0.712460063897764,0.854938271604938,0.317610062893082,0.88125,0.857371794871795,0.018957345971564,0.42,0.693877551020408,0.134165366614665,0.0729813664596273,0.134238310708899,0.81377151799687,0.158950617283951,0.118296529968454,0.0166163141993958,0.318818040435459,0.847826086956522,0.193199381761978,0.879227053140097,0.8765625,0.865506329113924,0.407936507936508,0.408874801901743,0.666666666666667,0.515548281505728,0.0199081163859112,0.788216560509554,0.13713405238829,0.155145929339478,0.322033898305085,0.859223300970874,0.123456790123457,0.0231481481481481,0.423963133640553,0.134556574923547,0.137285491419657,0.541341653666147,0.837837837837838,0.38375796178344,0.857605177993528,0.842767295597484,0.0212765957446809,0.857142857142857,0.116564417177914,0.854765506807867,0.7875,0.8496,0.141045958795563,0.85,0.121495327102804,0.806853582554517,0.7234375,0.827217125382263,0.870967741935484,0.85935085007728,0.398449612403101,0.840694006309148,0.845454545454545,0.128637059724349,0.140432098765432,0.857594936708861,0.845911949685535,0.431496062992126,0.796296296296296,0.849918433931484,0.850769230769231,0.855828220858896,0.015748031496063,0.222044728434505,0.85625,0.13015873015873,0.0236220472440945,0.891849529780564,0.0297805642633229,0.153968253968254,0.853658536585366,0.877165354330709,0.0277349768875193,0.741379310344828,0.490595611285266,0.875,0.124605678233438,0.780254777070064,0.854632587859425,0.457680250783699,0.670278637770898,0.797169811320755,0.015625,0.2660406885759,0.880690737833595,0.850699844479005,0.506191950464396,0.857585139318885,0.839403973509934,0.147104851330203,0.0186625194401244,0.855384615384615,0.852484472049689,0.834108527131783,0.671686746987952,0.126934984520124,0.932389937106918,0.331782945736434,0.300500834724541,0.0294117647058824,0.639498432601881,0.609448818897638,0.649068322981366,0.0212443095599393,0.390322580645161,0.874613003095975,0.644171779141104,0.598774885145482,0.204747774480712,0.02,0.0198170731707317,0.842342342342342,0.831050228310502,0.0168195718654434,0.87244094488189,0.0297339593114241,0.0183767228177642,0.0175438596491228,0.861852433281005,0.0198170731707317,0.860979462875197,0.794992175273865,0.625377643504532,0.851063829787234,0.0207336523125997,0.0174050632911392,0.857142857142857,0.830838323353293,0.723404255319149,0.118279569892473,0.0223285486443381,0.969650986342944,0.668195718654434,0.869767441860465,0.565485362095532,0.460191082802548,0.0156739811912226,0.8453125,0.130365659777424,0.884126984126984,0.19047619047619,0.0184899845916795,0.121396054628225,0.231974921630094,0.509031198686371,0.844236760124611,0.0251968503937008,0.862275449101796,0.856240126382307,0.861027190332326,0.0232558139534884,0.208267090620032,0.817733990147783,0.127009646302251,0.852760736196319,0.854294478527607,0.12962962962963,0.846749226006192,0.40809968847352,0.796583850931677,0.144200626959248,0.285714285714286,0.851162790697674,0.03125,0.135303265940902,0.867175572519084,0.135350318471338,0.688188976377953,0.462992125984252,0.0214067278287462,0.231124807395994,0.7664,0.371913580246914,0.853620955315871,0.131455399061033,0.275541795665635,0.482871125611745,0.847222222222222,0.84789156626506,0.835403726708075,0.727987421383648,0.019047619047619,0.848392036753446,0.125757575757576,0.82472613458529,0.511923688394277,0.12743628185907,0.854354354354354,0.860282574568289,0.857142857142857,0.628482972136223,0.864906832298137,0.244479495268139,0.311912225705329,0.843167701863354,0.993865030674847,0.0212121212121212,0.0208667736757624,0.846153846153846,0.829346092503987,0.145800316957211,0.866352201257862,0.861154446177847,0.459501557632399,0.864566929133858,0.716300940438871,0.967391304347826,0.0212765957446809,0.8609375,0.454545454545455,0.859594383775351,0.853354134165367,0.0229007633587786,0.65,0.876971608832808,0.131868131868132,0.708860759493671,0.46801872074883,0.763826606875934,0.705229793977813,0.837837837837838,0.204855842185129,0.872274143302181,0.861280487804878,0.872841444270016,0.42879746835443,0.2099533437014,0.858475894245723,0.861154446177847,0.0307692307692308,0.760432766615147,0.503048780487805,0.358461538461538,0.767080745341615,0.851968503937008,0.80188679245283,0.846986089644513,0.164179104477612,0.1328,0.0184899845916795,0.840873634945398,0.136792452830189,0.133956386292835,0.375586854460094,0.0217391304347826,0.858034321372855,0.834848484848485,0.856037151702786,0.850234009360374,0.204651162790698,0.1287284144427,0.0195488721804511,0.0217391304347826,0.297297297297297,0.202211690363349,0.277258566978193,0.0201863354037267,0.126738794435858,0.849612403100775,0.0745814307458143,0.405660377358491,0.8528,0.690402476780186,0.839171974522293,0.698142414860681,0.671779141104294,0.0137825421133231,0.850074962518741,0.500787401574803,0.592417061611374,0.946727549467275,0.861911987860395,0.478939157566303,0.0325077399380805,0.859594383775351,0.8671875,0.0139318885448916,0.826546003016591,0.135176651305684,0.844551282051282,0.478125,0.0203442879499218,0.028169014084507,0.622549019607843,0.819776714513557,0.132307692307692,0.267628205128205,0.0345368916797488,0.0196399345335516,0.720364741641337,0.137007874015748,0.8608,0.428351309707242,0.872868217054264,0.12143928035982,0.439024390243902,0.398412698412698,0.902555910543131,0.208530805687204,0.134466769706337,0.0247678018575851,0.176282051282051,0.0186046511627907,0.854517611026034,0.137820512820513,0.869760479041916,0.141045958795563,0.852380952380952,0.0203761755485893,0.562310030395137,0.517080745341615,0.854037267080745,0.0221518987341772,0.854263565891473,0.021671826625387,0.46993670886076,0.865853658536585,0.0231481481481481,0.769817073170732,0.864696734059098,0.70625,0.885350318471338,0.155624036979969,0.0201863354037267,0.856918238993711,0.363349131121643,0.0196078431372549,0.716049382716049,0.126315789473684,0.146525679758308,0.845181674565561,0.852895148669797,0.836140888208269,0.820592823712949,0.848909657320872,0.0200308166409861,0.848673946957878,0.0477657935285054,0.481538461538462,0.391640866873065,0.848909657320872,0.850077279752705,0.856925418569254,0.854740061162079,0.0869565217391304,0.132605304212168,0.863636363636364,0.846273291925466,0.703245749613601,0.844036697247706,0.86046511627907,0.877519379844961,0.0212121212121212,0.0198170731707317,0.847988077496274,0.0198473282442748,0.190108191653787,0.0201238390092879,0.868421052631579,0.371019108280255,0.317965023847377,0.23216995447648,0.810897435897436,0.0232558139534884,0.228177641653905,0.853846153846154,0.858695652173913,0.683881064162754,0.519402985074627,0.328828828828829,0.289433384379786,0.633070866141732,0.12210200927357,0.216383307573416,0.63452566096423,0.344339622641509,0.708141321044547,0.139784946236559,0.0233281493001555,0.114779874213836,0.44392523364486,0.850556438791733,0.816358024691358,0.343843843843844,0.639191290824261,0.932515337423313,0.838905775075988,0.8704,0.856025039123631,0.854199683042789,0.857594936708861,0.603100775193798,0.520061728395062,0.856466876971609,0.132730015082956,0.13464447806354,0.903276131045242,0.0341085271317829,0.841538461538462,0.827639751552795,0.018957345971564,0.226688102893891,0.0202808112324493,0.845440494590417,0.0208,0.857142857142857,0.862714508580343,0.129770992366412,0.802816901408451,0.848854961832061,0.734177215189873,0.68944099378882,0.973186119873817,0.0201863354037267,0.0205047318611987,0.853858784893268,0.868460388639761,0.859327217125382,0.0211161387631976,0.0154798761609907,0.131746031746032,0.309230769230769,0.514018691588785,0.0169491525423729,0.531782945736434,0.0183767228177642,0.827044025157233,0.85377358490566,0.270866141732283,0.342507645259939,0.0180722891566265,0.445669291338583,0.6046875,0.778120184899846,0.876899696048632,0.804347826086957,0.124804992199688,0.872239747634069,0.040625,0.845047923322684,0.0218408736349454,0.854765506807867,0.0248833592534992,0.849921011058452,0.149765990639626,0.101246105919003,0.0186046511627907,0.0204081632653061,0.811526479750779,0.800947867298578,0.931087289433384,0.682852807283763,0.149618320610687,0.1392,0.75748031496063,0.751533742331288,0.0141509433962264,0.142410015649452,0.838759689922481,0.0171875,0.844551282051282,0.886676875957121,0.174183514774495,0.0636645962732919,0.116640746500778,0.856269113149847,0.540031397174254,0.197492163009404,0.22508038585209,0.231481481481481,0.720634920634921,0.196620583717358,0.856012658227848,0.0186915887850467,0.737007874015748,0.834645669291339,0.0299212598425197,0.021505376344086,0.118086696562033,0.0140625,0.139280125195618,0.848297213622291,0.685897435897436,0.1136,0.1287284144427,0.651273885350318,0.902325581395349,0.498461538461538,0.0709969788519638,0.126959247648903,0.0817307692307692,0.0452418096723869,0.0245022970903522,0.142410015649452,0.135464231354642,0.115264797507788,0.147640791476408,0.122887864823349,0.0679304897314376,0.0792682926829268,0.135384615384615,0.0388802488335925,0.0190174326465927,0.0622083981337481,0.0430769230769231,0.0778816199376947,0.135860979462875,0.04375,0.12480252764613,0.130298273155416,0.0619047619047619,0.126738794435858,0.0581039755351682,0.132921174652241,0.154929577464789,0.126506024096386,0.118195956454121
"195",0,0,0,0,0,0,0.012326656394453,0.00154798761609907,0,1,0,1,0,0,0,0,1,0.981651376146789,0,0,0,0,0,1,0,0,0,0.0015748031496063,0,0,0,0,0,0,1,0,0.974550898203593,0,0,0,0.998466257668712,0.981981981981982,0.99400299850075,0,0,0,0,0,0,0,1,0,0,0,0.0109546165884194,0,1,0,0.0015015015015015,0,0,0,0,1,0,0,1,0,1,0,0,0,0,0,1,0.00149253731343284,0,0,0,0,1,0,0,0,0,0,0,0,0.00455927051671732,0.989583333333333,0,0,1,1,0,1,0.0150602409638554,0,0.992503748125937,0.990867579908676,0.00916030534351145,1,0,0,0,0,0.990740740740741,0.00152671755725191,0,0,0,0.0106060606060606,0,0,1,0,0,1,0,0,1,0,0,0,0,0,0,0,1,0.00455927051671732,0,0,0,1,0,0,1,0,0,0.00469483568075117,1,1,0,0,0,0,0,0,0,0,0,0,0,0,0,0,0,0,1,0,0.00297176820208024,0,0,1,0,0,0,0,0,0,0,0,0,0,0.00153139356814701,0,1,0,1,0,0,0,0,0,0,0,0,0,0,0,0,0,0,0.0182926829268293,1,1,0,0.998507462686567,0,0,0.00933125972006221,0,0,0,0,0,0,0,0,1,0,0,0,0,0,0.00152905198776758,0,0,0,0,0,1,0,0,0,1,0,0,0.00305810397553517,0,0,0,0.0151057401812689,1,0.0118168389955687,0,0,0,0,0,0,0,0,0,0,0,0,0,0,0,0,0,0,0,0,0,0,0,0.987860394537178,0,1,0.00307219662058372,0,0,0,1,0,0.00300751879699248,0,0,0,0,0.989393939393939,0,0,0,0,0,0,0,0,0,0,0.0109375,1,0,0.0122887864823349,1,0,0.0119581464872945,0.00154559505409583,1,0,0,0,0,0,1,0.0107033639143731,0,0,0,0,0,0,0,0,0,0,0,0,0,0,0,0,0.0015527950310559,0,0.94969512195122,0,0,0,0,0,0,0,0,0,0,0,0,1,0,0.00619195046439629,0,0.944277108433735,0,0,0,0,1,0,0,0,0,0,0,0,0,0,0,1,0,0,0,0,0,0,1,0,0,0,0.00155038759689922,0,0,0,0,1,0,0,0,0,0,0,0,0,0,0,0,0,0.00303030303030303,0,0,0,0,0,0,0,0,0,0,0,0,1,0,0,0,1,0,0.989113530326594,0,0,0,0.996894409937888,0.00770416024653313,0,0,0,0,0,0,0,0,1,0,0.00154798761609907,0,0,0,0,0,1,0,0,0,0,0,0.00303951367781155,0,0.0113268608414239,0.992378048780488,0,0,0,1,0,0,0,0,0,1,1,0,0,1,0,0.9890625,1,1,0,1,0,0.00151285930408472,0.00444444444444444,0,1,1,0,0,0,0,0.996865203761755,0.0167173252279635,0,0,0,0,1,0,0,0,0,1,0,0,0,0.00150375939849624,1,0,0,0,1,0,0,0,0,0,0,0,0,0,0,0.00156494522691706,0,0.9890625,0,0,0,0,0.013719512195122,1,0,0.00155763239875389,0,0,0,0,0,0,0,0,0,1,0,0,0,0.00317460317460317,0,0,0,0,0,0,0,0,0,0.0105740181268882,1,1,0,0,0,0,0,0,0,0,0.015015015015015,1,0,0.0106382978723404,0,0,1,0,0,0,0,0,0,0,0,0,0.00156985871271586,0,0,0.0108695652173913,0.0245398773006135,0,0,0.99251497005988,0,0,0,0,0,0,0,0.772795216741405,0,1,0,0,0,0,1,0,0,0,0,0,0,1,1,0,0,0,1,0,0,0.555555555555556,0,0,0.0060790273556231,0,0,0,1,0,0,0,0.00297176820208024,0,0,0.990895295902883,0,0,1,0.00147492625368732,0,0,0,1,0.992354740061162,0,0,0,0,0.989425981873112,0.998407643312102,0,0,0,0,0,0,0,0,0.00306278713629403,0,0,0.996969696969697,0,1,0,0.15600624024961,0.00146198830409357,0,0,1,0,0,0,1,0,1,0,0,1,0.0165912518853695,0,0,0,0,1,0,0,1,0,0,0,0,0,0,0.00462962962962963,0.00155038759689922,1,0,0.977134146341463,0.0151745068285281,0,0,0,0,0,0.911719939117199,0,0,0,0,0,0,0,1,1,0,1,0,0.998466257668712,0,0,0,0,0,0.998470948012232,0,0,0,0,0,0,0,0,0,0,0,0,0,0,1,0,0.0139318885448916,0,0.0302114803625378,0,0,0.00297176820208024,0,0.00157728706624606,0,0,0,0,0,0,0,0,0.00151515151515152,0.989520958083832,0,0,1,0,1,0,1,0,0,0,0,0,0.00154798761609907,0,0.0153846153846154,1,1,0,0,0,1,1,0,0,0,1,0,1,0,0,0.0325581395348837,0,1,0,0,0,0,0,0,0,0.900306748466258,0,1,0,0.992378048780488,0,0,0.356037151702786,1,1,0.00150829562594268,0,0.00602409638554217,0,0,0,0,0,1,0,0,1,0,0,0,0.954198473282443,0,0,0,0,0,0,0,0,0,1,0,0,0.995405819295559,1,0,1,0,0,0,0,0,0.00309119010819165,0.00154559505409583,0,0.952023988005997,0,0.901743264659271,0.971036585365854,1,0.158950617283951,0,0,0.00603318250377074,0,0.949152542372881,0.943198804185351,0,0.974203338391502,0.99211356466877,0.94856278366112,0.968703427719821,0.942336874051593,0,0.964992389649924,0,0,0.950540958268934,0,0.926865671641791,0,0.0581039755351682,0,0
"196",0,0,0,0,0,0,0.0140405616224649,0.00157977883096367,0,1,0,1,0,0,0,0,1,0.985826771653543,0,0,0,0,0,1,0,0,0,0.00159489633173844,0,0,0,0,0,0,1,0,0.978361669242658,0,0,0,0.998425196850394,0.984544049459042,0.993817619783617,0,0,0,0,0,0,0,1,0,0,0,0.0142405063291139,0,1,0,0.00309597523219814,0,0,0,0,1,0,0,1,0,1,0,0,0,0,0,1,0.00153374233128834,0,0,0,0,1,0,0,0,0,0,0,0,0.0046656298600311,0.989230769230769,0,0,1,1,0,1,0.021875,0,0.992150706436421,0.990491283676704,0.0109034267912773,1,0,0,0,0,0.988871224165342,0.00315955766192733,0,0,0,0.0126984126984127,0,0,1,0,0,1,0,0,1,0,0,0,0,0,0,0,1,0.00784929356357928,0,0,0,1,0,0,1,0,0,0.00805152979066022,1,1,0,0,0,0,0,0,0,0,0,0,0,0,0,0,0,0,1,0,0.00464396284829721,0,0,1,0,0,0,0,0,0,0,0,0,0,0.00320512820512821,0,1,0,1,0,0,0,0,0,0,0,0,0,0,0,0,0,0,0.0186335403726708,1,1,0,0.998415213946117,0,0,0.0112179487179487,0,0,0,0,0,0,0,0,1,0,0,0,0,0,0.0047244094488189,0,0,0,0,0,1,0,0,0,1,0,0,0.00630914826498423,0,0,0,0.0207006369426752,1,0.013953488372093,0,0,0,0,0,0,0,0,0,0,0,0,0,0,0,0,0,0,0,0,0,0,0,0.988888888888889,0,1,0.0048,0,0,0,1,0.00162074554294976,0.00313479623824451,0,0,0,0,0.987711213517665,0,0,0,0,0,0,0,0,0,0,0.0128,1,0,0.0142630744849445,1,0,0.0122511485451761,0.0016,1,0,0,0,0,0,1,0.0191082802547771,0,0,0,0,0,0,0,0,0,0,0,0,0,0,0,0,0.0031496062992126,0,0.952012383900929,0,0,0,0,0,0,0,0,0,0,0,0,1,0,0.0112,0,0.9484375,0,0,0,0,1,0,0,0,0,0,0,0,0,0,0,1,0,0,0,0,0,0,1,0,0,0,0.00158478605388273,0,0,0,0,1,0,0,0,0,0,0,0,0,0,0,0,0,0.00315457413249211,0,0,0,0,0,0,0,0,0,0,0,0,1,0,0,0,1,0,0.990338164251208,0,0,0,0.995192307692308,0.009375,0,0,0,0,0,0,0,0,1,0,0.00159489633173844,0,0,0,0,0,0.9984375,0,0,0,0,0,0.00470957613814757,0,0.0149750415973378,0.99375,0,0,0,1,0,0,0,0,0,1,1,0,0,1,0,0.988941548183254,1,1,0,1,0,0.00156985871271586,0.00765696784073507,0,1,1,0,0,0,0,0.998397435897436,0.0154083204930663,0,0,0,0,1,0,0,0,0,1,0,0,0,0.0015600624024961,1,0,0,0,1,0,0,0,0,0,0,0,0,0,0,0.0016,0,0.990566037735849,0,0,0,0,0.00952380952380952,1,0,0.00160771704180064,0,0,0,0,0,0,0,0,0,1,0,0,0,0.0048,0,0,0,0,0,0,0,0,0,0.0125195618153365,1,1,0,0,0,0,0,0,0,0,0.0124223602484472,1,0,0.0177993527508091,0,0,1,0,0,0,0,0,0,0,0,0,0.00161290322580645,0,0,0.0176,0.0282574568288854,0,0,0.992125984251969,0,0,0,0,0,0,0,0.764705882352941,0,1,0,0,0,0,1,0,0,0,0,0,0,1,1,0,0,0,1,0,0,0.567441860465116,0,0,0.00940438871473354,0,0,0,1,0,0,0,0.00463678516228748,0,0,0.990521327014218,0,0,1,0.00153139356814701,0,0,0,1,0.990384615384615,0,0,0,0,0.9875,0.998389694041868,0,0,0,0,0,0,0,0,0.00483870967741936,0,0,0.998420221169036,0,1,0,0.153225806451613,0.00150602409638554,0,0,1,0,0,0,1,0,1,0,0,1,0.0172143974960876,0,0,0,0,1,0,0,1,0,0,0,0,0,0,0.00477707006369427,0.00159744408945687,1,0,0.976708074534162,0.0216383307573416,0,0,0,0,0,0.921630094043887,0,0,0,0,0,0,0,1,1,0,1,0,0.998402555910543,0,0,0,0,0,0.998442367601246,0,0,0,0,0,0,0,0,0,0,0,0,0,0,1,0,0.0207006369426752,0,0.0316455696202532,0,0,0.00465116279069767,0,0,0,0,0,0,0,0,0,0,0.0015552099533437,0.987519500780031,0,0,1,0,1,0,1,0,0,0,0,0,0.00162337662337662,0,0.0157728706624606,1,1,0,0,0,1,1,0,0,0,1,0,1,0,0,0.037037037037037,0,1,0,0,0,0,0,0,0,0.904088050314465,0,1,0,0.992211838006231,0,0,0.369009584664537,1,1,0.00154798761609907,0,0.0108864696734059,0,0,0,0,0,1,0,0,1,0,0,0,0.953703703703704,0,0,0,0,0,0,0,0,0,1,0,0,0.996840442338073,1,0,1,0,0,0,0,0,0.00650406504065041,0.00319488817891374,0,0.953703703703704,0,0.903069466882068,0.976525821596244,1,0.151273885350318,0,0,0.00461538461538462,0,0.951612903225806,0.940993788819876,0,0.979462875197472,0.990291262135922,0.949447077409163,0.975155279503106,0.943661971830986,0,0.97007874015748,0,0,0.953748006379585,0,0.934049079754601,0,0.0549450549450549,0,0
"197",0.307324840764331,0.301412872841444,0.318818040435459,0.358974358974359,0.296416938110749,0.284779050736498,0.380258899676375,0.330721003134796,0.278461538461538,0,0.3078125,0,0.615625,0.293269230769231,0.720379146919431,0.718553459119497,0,0.00644122383252818,0.300653594771242,0.312401883830455,0.888712241653418,0.700162074554295,0.321259842519685,0,0.346333853354134,0.684294871794872,0.746434231378764,0.293375394321767,0.700617283950617,0.530421216848674,0.716257668711656,0.57433489827856,0.517571884984026,0.671428571428571,0,0.299679487179487,0.0156739811912226,0.28902627511592,0.830559757942511,0.366459627329193,0.00158478605388273,0.00316455696202532,0.00158227848101266,0.286644951140065,0.493485342019544,0.7232,0.595879556259905,0.7136,0.642857142857143,0.719512195121951,0,0.307814992025518,0.813586097946288,0.295886075949367,0.397456279809221,0.726837060702875,0,0.324104234527687,0.327014218009479,0.408805031446541,0.683881064162754,0.713836477987421,0.705400981996727,0,0.4016,0.458267716535433,0,0.302694136291601,0,0.699044585987261,0.389408099688474,0.69170579029734,0.717011128775835,0.293478260869565,0,0.562403697996918,0.723704866562009,0.580542264752791,0.404423380726698,0.701517706576729,0,0.548895899053628,0.697674418604651,0.292168674698795,0.733644859813084,0.392801251956182,0.28169014084507,0.325545171339564,0.312111801242236,0,0.304278922345483,0.292721518987342,0,0,0.324058919803601,0,0.857594936708861,0.304552590266876,0.0031104199066874,0.00314465408805031,0.7,0,0.849445324881141,0.2944,0.794753086419753,0.288743882544861,0,0.318541996830428,0.7088,0.714285714285714,0.711811023622047,0.367576243980738,0.669303797468354,0.305993690851735,0,0.314152410575428,0.549920760697306,0,0.712074303405573,0.695447409733124,0,0.509615384615385,0.957210776545166,0.728314238952537,0.316279069767442,0.730769230769231,0.289676425269646,0.298578199052133,0,0.772585669781931,0.365659777424483,0.6192,0.306188925081433,0,0.302250803858521,0.711450381679389,0,0.944532488114105,0.520128824476651,0.794871794871795,0,0,0.322784810126582,0.518225039619651,0.72258064516129,0.28436018957346,0.701421800947867,0.363779527559055,0.621187800963082,0.297256097560976,0.854368932038835,0.30503144654088,0.279483037156704,0.414976599063963,0.281847133757962,0.688524590163934,0.292527821939587,0.705128205128205,0,0.538585209003215,0.425696594427245,0.303317535545024,0.697996918335901,0,0.293478260869565,0.658615136876006,0.289689034369885,0.299050632911392,0.279552715654952,0.6578125,0.3203125,0.70859872611465,0.323076923076923,0.711864406779661,0.393258426966292,0.65818759936407,0,0.294303797468354,0,0.408385093167702,0.299050632911392,0.707936507936508,0.311811023622047,0.348909657320872,0.309774436090226,0.327102803738318,0.73851030110935,0.641304347826087,0.37037037037037,0.350081037277148,0.732283464566929,0.709627329192547,0.3136,0.417445482866044,0,0,1,0.00157232704402516,0.30077519379845,0.694573643410853,0.403536977491961,0.4739336492891,0.302469135802469,0.870607028753994,0.647149460708783,0.963141025641026,0.319488817891374,0.31687898089172,0.405956112852665,0,0.416275430359937,0.89983844911147,0.344715447154472,0.707936507936508,0.711864406779661,0.788976377952756,0.309262166405024,0.312989045383412,0.458528951486698,0.294952681388013,0.414944356120827,0,0.712074303405573,0.583850931677019,0.313099041533546,0,0.29559748427673,0.316998468606432,0.749603803486529,0.543720190779014,0.299684542586751,0.297253634894992,0.855325914149444,0,0.394736842105263,0.623028391167192,0.330112721417069,0.707740916271722,0.327102803738318,0.281803542673108,0.294025157232704,0.342313787638669,0.59253499222395,0.7248,0.326018808777429,0.597503900156006,0.702786377708978,0.695517774343122,0.654458598726115,0.713607594936709,0.878640776699029,0.640432098765432,0.710236220472441,0.703875968992248,0.705882352941177,0.736349453978159,0.712680577849117,0.312803889789303,0.00160771704180064,0.7024,0,0.8848,0.306962025316456,0.300940438871473,0.3828125,0,0.426016260162602,0.414596273291925,0.55993690851735,0.56782334384858,0.640944881889764,0.608346709470305,0.00156494522691706,0.28006329113924,0.810810810810811,0.572123176661264,0.335987261146497,0.722397476340694,0.523584905660377,0.717425431711146,0.71183800623053,0.309230769230769,0.298679867986799,0.394863563402889,0,0.661993769470405,0.383386581469649,0,0.715821812596006,0.382716049382716,0.308064516129032,0,0.7109375,0.702060221870048,0.318770226537217,0.4185667752443,0.707592891760905,0,0.846761453396525,0.308544303797468,0.527216174183515,0.637658227848101,0.606687898089172,0.31832298136646,0.702060221870048,0.296583850931677,0.292993630573248,0.693290734824281,0.331259720062208,0.294117647058824,0.326765188834154,0.294770206022187,0.723538704581359,0.812302839116719,0.956043956043956,0.309677419354839,0.355848434925865,0.0172955974842767,0.707006369426752,0.314375987361769,0.706436420722135,0.680555555555556,0.297169811320755,0.295934959349594,0.333858267716535,0.581699346405229,0.282371294851794,0.695581014729951,0.330696202531646,0.281350482315113,0,0.806800618238022,0.750809061488673,0.710191082802548,0.0186335403726708,0.707692307692308,0.363636363636364,0.70735524256651,0.713375796178344,0,0.711598746081505,0.313099041533546,0.726283048211509,0.313311688311688,0.344497607655502,0.306709265175719,1,1,0.538461538461538,0.595,0,0.458990536277603,0.716510903426791,0.697063369397218,0.82601880877743,0.296474358974359,0.70735524256651,0,0.809375,0.707620528771384,0.720190779014308,0.645669291338583,0.290064102564103,0.688816855753647,0.301980198019802,0.318541996830428,0,0.304804804804805,0.698907956318253,0.296296296296296,0.46031746031746,0.306688417618271,0.728706624605678,0.320433436532508,0.692063492063492,0.405320813771518,0.531300160513644,0.360248447204969,0.31496062992126,0.292993630573248,0.935794542536116,0.339652448657188,0.282407407407407,0.700310559006211,0.709375,0.283891547049442,0.28594249201278,0.670347003154574,0.379968203497615,0.32279534109817,0.327613104524181,0.295489891135303,0,0.712680577849117,0.288643533123028,0.701726844583987,0,0.324921135646688,0.00162074554294976,0.694668820678514,0.293478260869565,0.316535433070866,0.00157977883096367,0.696,0.632,0.317741935483871,0.702922077922078,0.389337641357027,0.293075684380032,0.75,0.693522906793049,0.493610223642172,0,0.864353312302839,0.315960912052117,0.304838709677419,0.619651347068146,0.287066246056782,0.30820770519263,0.713831478537361,0,0.320813771517997,0.304625199362041,0.334384858044164,0.513428120063191,0.71563981042654,0.428802588996764,0.703296703296703,0.793103448275862,0.00156494522691706,0.580906148867314,0.610062893081761,0.572784810126582,0,0.689655172413793,0.36741214057508,0.552922590837283,0.578461538461538,0.711246200607903,0,0,0.292867981790592,0.314641744548287,0,0.381642512077295,0,0,0,0.277777777777778,0,0.312703583061889,0.528662420382166,0.787596899224806,0.283513097072419,0,0,0.288188976377953,0.344984802431611,0.540706605222734,0.708588957055215,0,0.4,0.718553459119497,0.300157977883096,0.5734375,0.656597774244833,0,0.304278922345483,0.697749196141479,0.348949919224556,0.674641148325359,0,0.716923076923077,0.728295819935691,0.62046204620462,0.314465408805031,0,0.358578052550232,0.31832298136646,0.271739130434783,0,0.737942122186495,0.31900826446281,0.725165562913907,0.290372670807453,0.289719626168224,0.70606531881804,0.278560250391236,0.977917981072555,0.470496894409938,0.710191082802548,0.851373182552504,0.340764331210191,0.00156985871271586,0.713831478537361,0.313178294573643,0.712195121951219,0.602893890675241,0.621019108280255,0,0.744113029827316,0.496794871794872,0.978125,0.316770186335404,0.7024,0.735759493670886,0.646280991735537,0.342507645259939,0.385692068429238,0.33125,0.487096774193548,0,0.303125,0.711811023622047,0.304140127388535,0.856913183279743,0.716486902927581,0.282371294851794,0.298245614035088,0.278041074249605,0.524271844660194,0.303265940902022,0.843548387096774,0.884126984126984,0.353503184713376,0.408945686900958,0,0,0.290529695024077,0.350819672131148,0.718649517684887,0.328455284552846,0.3203125,0.97045101088647,0.357945425361156,0.578352180936995,0.385093167701863,0,0.324409448818898,0.8496,0.301412872841444,0.286833855799373,0,0.594679186228482,0.329073482428115,0.701444622792937,0.541269841269841,0.624213836477987,0.443939393939394,0.542264752791069,0.340943683409437,0.706422018348624,0.310177705977383,0.2921875,0.315789473684211,0.842880523731588,0.752380952380952,0.290372670807453,0.282608695652174,0.00154083204930663,0.489130434782609,0.66875,0.6784,0.50788643533123,0.288676236044657,0.368670886075949,0.29559748427673,0.179173047473201,0.713101160862355,0,0.465927099841521,0.717948717948718,0.699212598425197,0.691455696202532,0,0.314873417721519,0.368992248062016,0.30173775671406,0.296583850931677,0.7232,0.71451355661882,0,0,0.846905537459283,0.73354735152488,0.715654952076677,0,0.699842022116904,0.285266457680251,0.298273155416013,0.995245641838352,0.299674267100977,0.723809523809524,0.3184,0.558502340093604,0.596214511041009,0,0.286370597243492,0.908945686900958,0.824088748019017,0.372881355932203,0.297045101088647,0.78125,0.00154798761609907,0.333333333333333,0.332307692307692,0,0.313364055299539,0.7140625,0.303921568627451,0.6296875,0,0.0015600624024961,0.817589576547231,0.478330658105939,0.700949367088608,0.721498371335505,0.00158478605388273,0.00160513643659711,0.481818181818182,0.713831478537361,0.279146141215107,0.678071539657854,0.297971918876755,0.707317073170732,0.638364779874214,0.648177496038035,0.428571428571429,0.73419773095624,0.710485133020344,0.00157232704402516,0.720967741935484,0,0.290769230769231,0.615635179153095,0.310872894333844,0.719745222929936,0.300970873786408,0,0.619195046439629,0.698412698412698,0.294585987261146,0,0.296754250386399,0,0.649586776859504,0.313755795981453,0,0.6671875,0.301587301587302,0.466248037676609,0.347133757961783,0.711568938193344,0,0.291993720565149,0.674679487179487,0,0.58664546899841,0.697674418604651,0.70679012345679,0.3024,0.290679304897314,0.290769230769231,0.313099041533546,0.325320512820513,0,0.321027287319422,0.00465116279069767,0.848200312989045,0.678233438485804,0.30564263322884,0.293460925039872,0.297213622291022,0.308176100628931,0.0515625,0.728867623604466,0.313014827018122,0.335974643423138,0.52093023255814,0.306477093206951,0.283018867924528,0.325984251968504,0,0,0.320121951219512,0,0.706708268330733,0.00158982511923688,0.330173775671406,0.669354838709677,0.712662337662338,0.7671875,0.352090032154341,0.00157728706624606,0.780952380952381,0.286168521462639,0.297971918876755,0.585557299843014,0.870229007633588,0.707207207207207,0.698461538461538,0.531847133757962,0.703588143525741,0.690095846645367,0.774193548387097,0.696141479099678,0.523148148148148,0.708133971291866,0,0.702093397745572,0.850961538461538,0.271704180064309,0.639937106918239,0.872894333843798,0.561797752808989,0.414442700156986,0.313479623824451,0.3536,0.310569105691057,0.306688417618271,0.306581059390048,0.585023400936037,0.634375,0.29635499207607,0.713636363636364,0.708841463414634,0.421800947867299,0.0015552099533437,0.290964777947933,0.297637795275591,0,0.737012987012987,0,0.335949764521193,0,0.316358024691358,0.29570747217806,0.723004694835681,0.42515923566879,0.289676425269646,0.667726550079491,0.688372093023256,0.413848631239936,0,0,0.353233830845771,0.354545454545455,0.3203125,0,0,0.69047619047619,0.694704049844237,0.617322834645669,0,0.6265625,0,0.364516129032258,0.292604501607717,0.737179487179487,0.7078125,0,0.656692913385827,0.556962025316456,0.39403453689168,0.335394126738794,0.534920634920635,0.716828478964401,0.317512274959083,0.0768025078369906,0.303571428571429,0,0.3,0,0.291325695581015,0.696969696969697,0.447452229299363,0,0,0.442546583850932,0.35426731078905,0.342635658914729,0.520186335403727,0.717357910906298,0.708133971291866,0.410543130990415,0.368827160493827,0,0.70952380952381,0.31911532385466,0,0.307692307692308,0.341692789968652,0.722397476340694,0.0142405063291139,0.698890649762282,0.29375,0.584664536741214,0.6875,0.714516129032258,0.711598746081505,0.553366174055829,0.706976744186047,0.304487179487179,0,0.538338658146965,0.311912225705329,0,0,0.710407239819005,0,0.713178294573643,0.287735849056604,0.545008183306056,0.719869706840391,0.701954397394137,0.77207062600321,0.332258064516129,0.70440251572327,0.0185185185185185,0.713355048859935,0.0551948051948052,0.0174880763116057,0,0.59170653907496,0.689969604863222,0.703403565640194,0.7,0.703588143525741,0.0162337662337662,0.0217391304347826,0.717628705148206,0.0158227848101266,0.00496688741721854,0.0412044374009509,0.0186335403726708,0.0175718849840256,0.713607594936709,0.0237717908082409,0.701468189233279,0.711323763955343,0.0174603174603175,0.712948517940718,0.0543478260869565,0.7046875,0.665610142630745,0.720858895705521,0.705511811023622
"198",0.00157232704402516,0,0,0.00159489633173844,0,0.00161030595813205,0.0140625,0,0.00151975683890578,0.998415213946117,0.0015600624024961,0.998470948012232,0.00155038759689922,0.00159489633173844,0,0,0.998459167950693,0.984375,0.00157977883096367,0.00153374233128834,0,0,0.00154083204930663,0.998454404945904,0,0,0.00156494522691706,0.0016,0.00153374233128834,0.00155038759689922,0,0,0.0015625,0.00158730158730159,0.998447204968944,0.00156739811912226,0.979462875197472,0.0015748031496063,0.0015015015015015,0.0015220700152207,1,0.98297213622291,0.993846153846154,0.00158227848101266,0.0016025641025641,0,0,0,0.00150375939849624,0.00152671755725191,0.998449612403101,0.00157728706624606,0,0.00156985871271586,0.0144230769230769,0,0.998412698412698,0.00159489633173844,0.00306278713629403,0.0015600624024961,0.00154798761609907,0.00151515151515152,0,1,0.00158730158730159,0.00153846153846154,0.998439937597504,0.00155763239875389,0.998470948012232,0,0,0,0,0.00155763239875389,0.998466257668712,0.00153374233128834,0,0.00154798761609907,0.00318979266347687,0,0.998432601880878,0,0,0.00154083204930663,0.00153374233128834,0.00154083204930663,0.00154320987654321,0.00152905198776758,0.00465116279069767,0.987692307692308,0,0,0.998415213946117,0.998439937597504,0.0016,0.998454404945904,0.0155038759689922,0.00153374233128834,0.99388379204893,0.992260061919505,0.0126182965299685,0.998449612403101,0.00158730158730159,0.00159744408945687,0,0.00158730158730159,0.989113530326594,0.0031201248049922,0,0,0,0.0171606864274571,0,0.00154798761609907,1,0.0015220700152207,0,0.998491704374057,0,0,1,0.00156739811912226,0.0015625,0,0.00154320987654321,0,0.00154320987654321,0,0.9984375,0.00925925925925926,0.0015600624024961,0,0,0.998459167950693,0.00158730158730159,0,1,0,0,0.00801282051282051,0.998427672955975,0.998415213946117,0.0015527950310559,0.00157232704402516,0,0.00157232704402516,0,0.00152439024390244,0,0,0,0.00158227848101266,0.00158478605388273,0,0.00153846153846154,0,0.00156985871271586,0,0.998463901689708,0.00157232704402516,0.00613496932515337,0.00154798761609907,0,1,0.0015220700152207,0,0.00160513643659711,0.00153846153846154,0.00156494522691706,0,0.00153374233128834,0,0,0,0.00464396284829721,0,0.998412698412698,0,1,0.00154320987654321,0.00154559505409583,0,0.00154320987654321,0.0015552099533437,0.00151285930408472,0.00152671755725191,0,0,0.00159489633173844,0.00157977883096367,0,0,0,0.0232919254658385,0.998507462686567,0.998415213946117,0.00157232704402516,1,0,0,0.0124804992199688,0.0015625,0.00151285930408472,0.00156985871271586,0,0.00157977883096367,0.00157728706624606,0.00157232704402516,0.0031055900621118,0.9984375,0.00154083204930663,0,0,0,0,0.00470219435736677,0.00156739811912226,0.00152905198776758,0.00156739811912226,0.00155038759689922,0.0015625,0.998425196850394,0,0.00153374233128834,0,1,0.0015552099533437,0,0.0046583850931677,0,0.00158730158730159,0.00159489633173844,0.0184899845916795,1,0.0165165165165165,0,0.00161030595813205,0,0.00153139356814701,0.00154798761609907,0.00154559505409583,0.00156985871271586,0.00154320987654321,0,0.00156494522691706,0,0,0,0,0,0,0,0,0,0,0.00153374233128834,0,0.00155763239875389,0.989045383411581,0,0.998459167950693,0.00156739811912226,0.00158982511923688,0,0.0015527950310559,0.998461538461539,0.00324675324675325,0.00465116279069767,0,0,0,0,0.989096573208723,0.00158478605388273,0,0,0.0015625,0,0.00157728706624606,0,0,0.00152671755725191,0.00161550888529887,0.0158478605388273,0.998463901689708,0,0.0173228346456693,0.998427672955975,0,0.0136157337367625,0.00157728706624606,0.998461538461539,0,0,0,0,0,0.998417721518987,0.0124804992199688,0.0015748031496063,0.00153846153846154,0,0.00157232704402516,0.00153846153846154,0,0.0015552099533437,0.00156739811912226,0,0.00152671755725191,0.0015600624024961,0.00159235668789809,0.0015600624024961,0,0.00153609831029186,0.00154559505409583,0.00317965023847377,0.00160513643659711,0.950995405819296,0,0.00155763239875389,0,0,0.00154559505409583,0.00157977883096367,0.0015600624024961,0,0.00153846153846154,0,0.0015625,0.00158730158730159,0.998459167950693,0,0.00802568218298555,0,0.951219512195122,0,0.00154083204930663,0,0,0.998484848484849,0,0.00156494522691706,0,0.0016,0.00156494522691706,0.00158730158730159,0.00158478605388273,0.00158227848101266,0.00152905198776758,0,0.998459167950693,0.0015600624024961,0,0,0,0.00158478605388273,0,0.998466257668712,0,0,0,0.00309597523219814,0.0015625,0,0.00161290322580645,0,0.998461538461539,0,0,0.0015220700152207,0.00154798761609907,0.00159744408945687,0,0.00152671755725191,0,0.00158227848101266,0.0016,0.00154083204930663,0.00154083204930663,0.00156494522691706,0.00157232704402516,0.0015527950310559,0.00153374233128834,0,0.0015527950310559,0.00159235668789809,0.00155038759689922,0,0.00157728706624606,0.00162074554294976,0,0.00155763239875389,0.998420221169036,0,0.00154320987654321,0,0.998430141287284,0.00156739811912226,0.988745980707395,0,0.00153846153846154,0.00158730158730159,0.996850393700787,0.0123076923076923,0,0.00158478605388273,0,0.00156739811912226,0.00159489633173844,0.0015552099533437,0.00153846153846154,0.00159744408945687,0.998427672955975,0,0.0016025641025641,0.00155763239875389,0,0.0015527950310559,0.00163398692810458,0,0.998454404945904,0.0015600624024961,0.00156739811912226,0.00157232704402516,0.00153374233128834,0,0.00634920634920635,0.0015600624024961,0.0132669983416252,0.993788819875776,0.00158227848101266,0.00159235668789809,0.0015527950310559,0.998466257668712,0,0.0015600624024961,0.00154320987654321,0,0,0.998452012383901,1,0.00149476831091181,0.00152905198776758,0.998444790046656,0.00156985871271586,0.989010989010989,0.998475609756098,0.998420221169036,0.00157232704402516,1,0.00158982511923688,0.00311526479750779,0.0075642965204236,0.00154083204930663,0.9984,1,0.0015748031496063,0.00151975683890578,0.00154559505409583,0,0.9968,0.0213089802130898,0.00151975683890578,0.00156494522691706,0,0,0.998456790123457,0.00155763239875389,0,0.00313479623824451,0,1,0,0.00156739811912226,0,0.00155038759689922,1,0.00152671755725191,0.00154798761609907,0.00152905198776758,1,0,0.00164744645799012,0,0.00152905198776758,0,0,0.00153374233128834,0.00155038759689922,0.00155038759689922,0,0.0016,0.00157232704402516,0.990610328638498,0,0,0,0,0.0125391849529781,0.998466257668712,0,0.00476947535771065,0.00154320987654321,0,0,0,0,0.00152439024390244,0.00151057401812689,0.00156739811912226,0.00158227848101266,0.998430141287284,0.00153846153846154,0,0.00152671755725191,0.004739336492891,0,0.00153374233128834,0.0015552099533437,0,0,0.00155763239875389,0,0,0.00156739811912226,0.0156739811912226,0.998473282442748,0.998439937597504,0.00158982511923688,0.00157977883096367,0,0.00159489633173844,0.00155038759689922,0,0.0016025641025641,0.0015748031496063,0.0169491525423729,1,0,0.0126182965299685,0.0015748031496063,0.0015527950310559,1,0.00155763239875389,0.00157232704402516,0,0.003125,0,0.00150602409638554,0.00156985871271586,0,0,0.00318979266347687,0.00157232704402516,0.0015527950310559,0.0143769968051118,0.0234741784037559,0.00155038759689922,0,0.992343032159265,0.00154083204930663,0.00154320987654321,0,0,0.00156494522691706,0.0015748031496063,0.00152905198776758,0.773846153846154,0,0.998461538461539,0.00304878048780488,0,0,0,1,0.00156494522691706,0,0.00153609831029186,0.00154320987654321,0,0,0.998480243161094,0.998466257668712,0,0,0,0.998452012383901,0,0.0015552099533437,0.558461538461538,0.0015625,0,0.00930232558139535,0.00158227848101266,0.00152439024390244,0,0.998466257668712,0,0.0016025641025641,0.00156739811912226,0.0045662100456621,0.00153139356814701,0,0.989180834621329,0.00155763239875389,0.00153846153846154,1,0.00153609831029186,0,0.0016260162601626,0,0.998422712933754,0.992175273865415,0.00162866449511401,0.00158478605388273,0,0,0.989096573208723,1,0.0015015015015015,0,0.00160771704180064,0,0.00153139356814701,0,0.00155763239875389,0,0.00478468899521531,0,0,0.998430141287284,0,0.998442367601246,0.00151057401812689,0.146302250803859,0.0014903129657228,0,0,0.998452012383901,0,0.00158730158730159,0.00157728706624606,0.9984,0.00154320987654321,0.998439937597504,0,0.00154083204930663,0.998454404945904,0.0184615384615385,0,0,0.00315457413249211,0,0.998439937597504,0.00156739811912226,0,0.998489425981873,0,0,0,0.00158227848101266,0.00158478605388273,0,0.0047244094488189,0.0031201248049922,0.998470948012232,0.00158478605388273,0.978395061728395,0.0199081163859112,0,0,0.00156985871271586,0.00153609831029186,0.00152905198776758,0.921752738654147,0,0.00160771704180064,0.00154559505409583,0.00152905198776758,0.00153139356814701,0.00153846153846154,0.00154083204930663,0.998482549317147,0.998480243161094,0.00149925037481259,0.998480243161094,0,0.996860282574568,0.00158227848101266,0,0.00157977883096367,0,0.00158227848101266,0.996913580246914,0,0.0015527950310559,0.00154559505409583,0,0.00149925037481259,0,0,0,0,0,0.00153609831029186,0,0.00150829562594268,0,0.998422712933754,0,0.0177133655394525,0,0.031055900621118,0.00151515151515152,0,0.00614439324116743,0.00153846153846154,0.00324675324675325,0.00159744408945687,0,0.00157232704402516,0,0,0.0015625,0,0,0.00469483568075117,0.989312977099237,0.0015527950310559,0.00153846153846154,0.998407643312102,0,1,0.00156494522691706,0.998410174880763,0.00153609831029186,0,0,0.00158478605388273,0.0015220700152207,0.00158730158730159,0.0015552099533437,0.0205047318611987,0.998454404945904,0.998402555910543,0.00163934426229508,0.00150375939849624,0.00155038759689922,0.998475609756098,0.998447204968944,0,0,0,0.998461538461539,0,1,0.00159744408945687,0.00159489633173844,0.0299212598425197,0,0.998461538461539,0.00158730158730159,0,0.00154559505409583,0.00154083204930663,0.00153846153846154,0,0.00160513643659711,0.896661367249603,0.00159489633173844,1,0.00151745068285281,0.990668740279938,0.00159744408945687,0,0.356576862123613,0.998444790046656,1,0.0015552099533437,0.00158227848101266,0.00917431192660551,0,0,0,0,0.00153139356814701,0.998417721518987,0,0,0.998449612403101,0.00159235668789809,0.0015527950310559,0,0.958990536277603,0,0.0015527950310559,0,0,0,0,0.00158478605388273,0.00151515151515152,0,0.998449612403101,0.00157232704402516,0.00154083204930663,0.995283018867924,1,0,0.998435054773083,0,0,0,0,0,0.00641025641025641,0.00632911392405063,0.00153846153846154,0.95405819295559,0,0.89540412044374,0.975384615384615,0.998427672955975,0.15251572327044,0,0,0.0061633281972265,0,0.952681388012618,0.944186046511628,0,0.980091883614089,0.995161290322581,0.949386503067485,0.972179289026275,0.945397815912636,0,0.968992248062015,0,0,0.957142857142857,0,0.927051671732523,0,0.05320813771518,0,0
"199",0.996894409937888,1,0.966867469879518,0.936630602782071,0.984496124031008,1,0.884012539184953,0.97239263803681,1,0,1,0,0.550613496932515,1,0.0323076923076923,0.00754147812971342,0,0.0139751552795031,0.996875,0.98468606431853,0.157492354740061,0.0304975922953451,0.98796992481203,0,0.960122699386503,0.253499222395023,0.109737248840804,0.989164086687306,0.467374810318665,0.671191553544495,0,0.686821705426357,0.765069551777434,0.291858678955453,0,1,0.0181818181818182,0.995447647951442,0.262536873156342,0.907046476761619,0,0.0136363636363636,0.00451127819548872,1,0.775477707006369,0.0171073094867807,0.517133956386293,0,0.479166666666667,0.126696832579186,0,0.996927803379416,0.266153846153846,1,0.879256965944272,0.152755905511811,0,0.976780185758514,0.957767722473605,0.903522205206738,0.302147239263804,0.431643625192012,0,0,0.908661417322835,0.831325301204819,0,0.989230769230769,0,0,0.8649468892261,0.00464396284829721,0.014018691588785,1,0,0.709531013615734,0.045662100456621,0.580152671755725,0.889937106918239,0.259016393442623,0,0.70381679389313,0.212257100149477,1,0.103500761035008,0.901639344262295,0.996960486322188,0.968181818181818,0.974085365853659,0.0119760479041916,0.987823439878234,1,0,0,0.97339593114241,0,0.290909090909091,0.98310291858679,0.00455235204855842,0.00462962962962963,0.607692307692308,0,0.287051482059282,1,0.0988023952095808,1,0.0108024691358025,0.973643410852713,0,0.00625978090766823,0.00599700149925037,0.904173106646059,0.32262996941896,0.992295839753467,0,0.987748851454824,0.707055214723926,0,0,0.228748068006182,0,0.761978361669243,0.248085758039816,0.0794912559618442,0.975720789074355,0.150455927051672,0.996983408748115,0.996969696969697,0,0.547511312217195,0.92802450229709,0.496875,0.989028213166144,0,0.998420221169036,0.0258751902587519,0,0.209048361934477,0.636645962732919,0.519809825673534,0,0,0.980152671755725,0.755832037325039,0.174528301886792,1,0.0062111801242236,0.921898928024502,0.412974683544304,0.979073243647235,0.134920634920635,0.984520123839009,1,0.841389728096677,0.995391705069124,0,1,0,0,0.741029641185647,0.863703703703704,0.984639016897081,0.014903129657228,0,1,0.44811320754717,1,1,1,0.301659125188537,0.978395061728395,0.0015600624024961,0.954268292682927,0,0.888544891640867,0.361538461538462,0,0.987711213517665,0,0.840245775729647,1,0.116279069767442,0.981707317073171,0.951293759512938,0.99405646359584,0.975903614457831,0.0880121396054628,0.382882882882883,0.928684627575277,0.948598130841122,0.0478395061728395,0.00452488687782805,0.98297213622291,0.850152905198777,0,0,0.30077519379845,0,1,0.248484848484848,0.87111801242236,0.746543778801843,0.990936555891239,0.4375,0.445121951219512,0.295133437990581,0.92018779342723,0.968992248062015,0.867981790591806,0,0.886018237082067,0.174121405750799,0.945141065830721,0,0.0605143721633888,0.543613707165109,0.975193798449612,0.980122324159021,0.819004524886878,0.998475609756098,0.896284829721362,0,0.0709969788519638,0.653555219364599,0.995334370139969,0,0.991004497751124,0.980451127819549,0.552631578947368,0.541856925418569,0.989180834621329,1,0.360983102918587,0,0.878923766816143,0.530612244897959,0.968652037617555,0,0.957831325301205,1,1,0.95748031496063,0.539412673879444,0.00155763239875389,0.968133535660091,0.535384615384615,0.00447761194029851,0,0.18944099378882,0,0.142857142857143,0.677130044843049,0,0.00455927051671732,0.0106221547799697,0.593144560357675,0.0377358490566038,0.984567901234568,0.00918836140888208,0,0,0.2234375,1,0.977099236641221,0.899691358024691,0,0.869291338582677,0.863076923076923,0.676923076923077,0.612307692307692,0.434984520123839,0.451713395638629,0.00924499229583975,1,0.0977443609022556,0.70125786163522,0.957055214723926,0.0120481927710843,0.730061349693252,0.00154559505409583,0.107250755287009,1,1,0.884914463452566,0,0.645896656534954,0.871715610510046,0,0,0.885885885885886,0.976635514018692,0,0,0.00151975683890578,0.979655712050078,0.884375,0,0,0.378625954198473,0.990654205607477,0.784107946026987,0.387537993920973,0.651017214397496,0.962235649546828,0.010752688172043,1,1,0.00465116279069767,0.969879518072289,1,0.974803149606299,0.996932515337423,0.187596899224806,0.311649016641452,0.29249617151608,0.975039001560062,0.940251572327044,0.0514372163388805,0.26530612244898,0.972265023112481,0.142857142857143,0.306122448979592,0.993893129770992,0.998459167950693,0.97125567322239,0.691222570532915,0.996955859969559,0.242703533026114,0.959090909090909,0.996904024767802,0,0.320726172465961,0.539184952978056,0.013677811550152,0.0513595166163142,0.00895522388059702,0.905775075987842,0.0231839258114374,0,0,0.224582701062215,0.992248062015504,0.0669710806697108,0.985530546623794,0.966412213740458,0.989263803680982,0.279179810725552,0.285266457680251,0.678955453149002,0.45253164556962,0,0.835889570552147,0.0134328358208955,0.0419790104947526,0.199386503067485,1,0.00152671755725191,0,0.325688073394495,0.00909090909090909,0.0156739811912226,0.487022900763359,1,0.278301886792453,1,0.967889908256881,0,0.99266862170088,0,0.998511904761905,0.839753466872111,1,0.0122324159021407,0.977238239757208,0,0.882262996941896,0.706896551724138,0.948640483383686,0.986342943854325,0.996951219512195,0.287901990811639,0.96417445482866,1,0,0.0227963525835866,1,1,0.318042813455657,0.887864823348694,0.96,0.960426179604262,1,0,0.118564742589704,1,0.0015600624024961,0,0.962616822429907,0.00794912559618442,0.0375586854460094,1,0.964006259780908,0.00155038759689922,0.624806201550388,0.419254658385093,0.985915492957746,0.0015748031496063,0.867088607594937,0.996810207336523,0.368258859784284,0.59606656580938,0.789147286821705,0,0.156441717791411,0.974882260596546,1,0.448382126348228,1,0.965798045602606,0.0350076103500761,0.00153139356814701,0.984802431610942,0.995398773006135,0.954968944099379,0.693233082706767,0.00625978090766823,0.860501567398119,0.243788819875776,0.174757281553398,0.0030441400304414,0.625194401244168,0.598449612403101,0.60490045941807,0,0.283464566929134,0.905426356589147,0.644578313253012,0.529680365296804,0.0728083209509658,0,0,1,0.971428571428571,0,0.919504643962848,0.00938967136150235,0,0,0.998449612403101,0,1,0.772657450076805,0.528614457831325,1,0,0,0.996913580246914,0.962797619047619,0.721212121212121,0,0.00313971742543171,0.87218045112782,0.592933947772657,1,0.53030303030303,0.341576506955178,0,0.98297213622291,0,0.951104100946372,0.0758513931888545,0,0.00883652430044183,0.107981220657277,0.475667189952904,0.972265023112481,0,0.944277108433735,0.975609756097561,1,0,0.0625,0.932584269662921,0.0048,1,1,0.00764525993883792,1,0.291411042944785,0.795069337442219,0.0107858243451464,0.163492063492063,0.966463414634146,0.0106870229007634,0,0.973053892215569,0.00471698113207547,0.660883280757098,0.3890625,0,0.113981762917933,0.736263736263736,0.257621951219512,0.976993865030675,0,0.149546827794562,0.456279809220986,0.951219512195122,0.887724550898204,0.968085106382979,0.75705329153605,0,0.981790591805766,0,0.965571205007825,0.383147853736089,0,1,1,1,0.633435582822086,0.984802431610942,0.122065727699531,0.180817610062893,0.938744257274119,0.874809160305344,0,0,0.990783410138249,0.93563579277865,0.0109546165884194,0.9828125,0.993817619783617,0.362252663622527,0.925,0.728110599078341,0.877037037037037,0,0.964285714285714,0.330733229329173,1,0.998435054773083,0,0.63969465648855,0.97045101088647,0,0.681181959564541,0.378048780487805,0.798507462686567,0.680685358255452,0.960606060606061,0.0833333333333333,0.982594936708861,1,0.978787878787879,0.294670846394984,0.0961240310077519,0.99079754601227,1,0.00610687022900763,0.783004552352049,0.446969696969697,0.251533742331288,0.765957446808511,1,0.87211093990755,1,0.119515885022693,0,0,0.818320610687023,0.00153846153846154,0,0.265337423312883,0,0.989197530864197,0.919575113808801,1,0.995454545454545,0.0860215053763441,0,0,0,0.172628304821151,0.0744186046511628,0.143740340030912,0,0,1,0.00910470409711684,0.290171606864275,1,0.591463414634146,0.977099236641221,0.653030303030303,0.6274217585693,0,1,0.395962732919255,0.50231124807396,0.92065868263473,0.986425339366516,0.386363636363636,0.00910470409711684,0.952160493827161,0.956456456456456,0,0.971684053651267,0.0168711656441718,0.985668789808917,0.429663608562691,0,0.00765696784073507,0.515923566878981,0.836734693877551,0,0.133971291866029,0.00925925925925926,0,0.753383458646616,0.0218068535825545,1,0.31866464339909,0.992492492492492,0,0.378048780487805,0.321928460342146,0.864274570982839,0.0902021772939347,0.00455235204855842,0.00153374233128834,0.0419254658385093,0,0.994047619047619,0.0427892234548336,0.979320531757755,0.00311526479750779,1,0,0.503703703703704,0.460093896713615,1,0,1,0,0.394409937888199,0.987897125567322,0,0.642313546423135,0.979623824451411,0.74347158218126,0.946117274167987,0.0330827067669173,0,1,0.251543209876543,0,0.684370257966616,0,0.0118694362017804,1,1,0.992469879518072,0.973478939157566,0.981395348837209,0,0.978361669242658,0.0197869101978691,0.340978593272171,0.27906976744186,0.992412746585736,0.993808049535604,0.99406528189911,0.993930197268589,0.0547112462006079,0.00770416024653313,0.985576923076923,0.962518740629685,0.732522796352584,0.98159509202454,1,0.970588235294118,0,0,0.979710144927536,0,0.0651515151515152,0,0.953172205438066,0.263823064770932,0.20919175911252,0.123100303951368,0.929012345679012,0,0.103343465045593,1,1,0.628834355828221,0.417647058823529,0.216691068814056,0.17921686746988,0.65,0,0.114197530864198,0.548091603053435,0.257274119448698,0.705357142857143,0.0122887864823349,0,0,0.309859154929577,1,0.613981762917933,0.220389805097451,0.629402756508423,0.864253393665158,0.98796992481203,0.962204724409449,0.979907264296754,1,0.998439937597504,0.556414219474498,0.424886191198786,0.998475609756098,0.00296296296296296,0.0103703703703704,0.861325115562404,0.0106221547799697,1,0.968181818181818,0,0.107424960505529,0,0.95679012345679,0,0.974124809741248,1,0.0076103500761035,0.82398753894081,1,0.650943396226415,0.624615384615385,0.8678955453149,0,0,0.928343949044586,0.940564635958395,0.989425981873112,0,0,0,0.238670694864048,0.507716049382716,0,0.454268292682927,0,0.926447574334898,1,0.161490683229814,0.242792109256449,0,0.340490797546012,0.587878787878788,0.870570107858243,0.959641255605381,0.773211567732116,0,0.989180834621329,0.0124031007751938,1,0,0.980683506686478,0.0060790273556231,1,0.013953488372093,0.0109034267912773,0,0,0.827743902439024,0.933858267716535,0.930769230769231,0.721461187214612,0.0209895052473763,0.0031104199066874,0.834621329211746,0.841246290801187,0,0.0124031007751938,0.966049382716049,0,0.9859375,0.953030303030303,0.0602782071097372,0.0403100775193798,0.00308641975308642,1,0.467289719626168,0.0732824427480916,0.0985915492957746,0.110606060606061,0.694006309148265,0.0877458396369138,1,0,0.766718506998445,0.98030303030303,0.0031104199066874,0,0,0,0,1,0.7078125,0,0,0.537984496124031,0.959247648902821,0.435114503816794,0.0476923076923077,0,0.0551181102362205,0.013595166163142,0,0.0298273155416013,0.00298953662182362,0,0.00753012048192771,0,0.0535987748851455,0.0547945205479452,0.0137825421133231,0.015600624024961,0.00313479623824451,0.0228310502283105,0.0213414634146341,0.0568356374807988,0.00614439324116743,0.0183206106870229,0,0.00307219662058372,0.0445468509984639,0.00625,0.0226244343891403,0,0.0336906584992343,0.00147492625368732,0
"200",0.2546875,0.260188087774295,0.277693474962064,0.306376360808709,0.261075949367089,0.261562998405104,0.342679127725857,0.28110599078341,0.267267267267267,0,0.256965944272446,0,0.570542635658915,0.234920634920635,0.756508422664625,0.749235474006116,0,0.0046583850931677,0.246056782334385,0.269817073170732,0.717628705148206,0.738170347003155,0.263636363636364,0,0.284615384615385,0.690031152647975,0.734883720930233,0.263074484944533,0.641768292682927,0.508422664624809,0.746564885496183,0.549618320610687,0.45839874411303,0.667706708268331,0,0.258751902587519,0.0123076923076923,0.256172839506173,0.734814814814815,0.322678843226788,0,0.00301659125188537,0,0.244929797191888,0.445151033386327,0.76875,0.581395348837209,0.744186046511628,0.730134932533733,0.735029940119761,0,0.261609907120743,0.68558282208589,0.244961240310078,0.344287949921753,0.85511811023622,0,0.270569620253165,0.286585365853659,0.36036036036036,0.670229007633588,0.650914634146341,0.75195007800312,0,0.339089481946625,0.398773006134969,0,0.275384615384615,0,0.729813664596273,0.336842105263158,0.755760368663594,0.761978361669243,0.259426847662142,0,0.496217851739788,0.763358778625954,0.558103975535168,0.356037151702786,0.902597402597403,0,0.503048780487805,0.68429003021148,0.24357034795764,0.752252252252252,0.342383107088989,0.245398773006135,0.285496183206107,0.284839203675345,0,0.262658227848101,0.247328244274809,0,0,0.274725274725275,0,0.68,0.278963414634146,0,0,0.530326594090202,0,0.727272727272727,0.245283018867925,0.746290801186944,0.254777070063694,0,0.2642089093702,0.742635658914729,0.75462962962963,0.740853658536585,0.313271604938272,0.927914110429448,0.261941448382126,0,0.272307692307692,0.509259259259259,0,0.744615384615385,0.738390092879257,0,0.472613458528951,0.717156105100464,0.742902208201893,0.283076923076923,0.698170731707317,0.253799392097264,0.251524390243902,0,0.580893682588598,0.324074074074074,0.580093312597201,0.271317829457364,0,0.250788643533123,0.754491017964072,0,0.721538461538462,0.518575851393189,0.593406593406593,0,0,0.273425499231951,0.453435114503817,0.690140845070423,0.250386398763524,0.730354391371341,0.317484662576687,0.834115805946792,0.265151515151515,0.75,0.269406392694064,0.254372019077901,0.40763358778626,0.251920122887865,0.735849056603774,0.249230769230769,0.7375,0,0.483670295489891,0.35,0.268292682926829,0.752688172043011,0,0.254901960784314,0.65527950310559,0.259904912836767,0.245481927710843,0.244712990936556,0.682706766917293,0.271186440677966,0.750382848392037,0.30316742081448,0.758160237388724,0.336973478939158,0.660606060606061,0,0.266871165644172,0,0.377099236641221,0.256609642301711,0.724031007751938,0.26928895612708,0.310911808669656,0.254038179148311,0.265460030165913,0.828703703703704,0.894171779141104,0.322834645669291,0.308544303797468,0.754276827371695,0.745038167938931,0.270440251572327,0.358231707317073,0,0,0.694573643410853,0,0.248484848484848,1,0.35981308411215,0.422900763358779,0.260606060606061,0.627871362940276,0.610271903323263,0.692551505546751,0.331782945736434,0.274809160305344,0.364741641337386,0,0.34947049924357,0.744444444444444,0.310185185185185,0.751937984496124,0.719167904903418,0.58411214953271,0.265243902439024,0.272450532724505,0.41588785046729,0.253799392097264,0.353125,0,0.719325153374233,0.511346444780635,0.261755485893417,0,0.252293577981651,0.274626865671642,0.573189522342065,0.703076923076923,0.254601226993865,0.246081504702194,0.649230769230769,0,0.331811263318113,0.673343605546995,0.274294670846395,0.745814307458143,0.285714285714286,0.254263565891473,0.260736196319018,0.295774647887324,0.726858877086495,0.762422360248447,0.298136645962733,0.581929555895865,0.729041916167665,0.745508982035928,0.722222222222222,0.754946727549467,0.748079877112135,0.490990990990991,0.745398773006135,0.736681887366819,0.753086419753086,0.565413533834586,0.732909379968203,0.273010920436817,0,0.739329268292683,0,0.71850699844479,0.260663507109005,0.277349768875193,0.325190839694657,0,0.360189573459716,0.370597243491577,0.53405572755418,0.61171032357473,0.634674922600619,0.574766355140187,0,0.244548286604361,0.759455370650529,0.544303797468354,0.284603421461897,0.750380517503805,0.477726574500768,0.759090909090909,0.816232771822358,0.253012048192771,0.263823064770932,0.342105263157895,0,0.533536585365854,0.333853354134165,0,0.737878787878788,0.341426403641882,0.283489096573209,0,0.742424242424242,0.741641337386018,0.29093799682035,0.368421052631579,0.760450160771704,0,0.63594470046083,0.275157232704403,0.426865671641791,0.891472868217054,0.52093023255814,0.291793313069909,0.756508422664625,0.250374812593703,0.256609642301711,0.752704791344668,0.291217257318952,0.260336906584992,0.282091917591125,0.252679938744257,0.769938650306748,0.67629179331307,0.702160493827161,0.267801857585139,0.296238244514107,0.0122887864823349,0.727272727272727,0.305084745762712,0.724349157733537,0.734724292101341,0.274143302180685,0.271739130434783,0.284627092846271,0.482539682539683,0.226100151745068,0.712732919254658,0.277182235834609,0.251177394034537,0,0.661585365853659,0.565149136577708,0.765432098765432,0.0122699386503067,0.725075528700906,0.332312404287902,0.747706422018349,0.762557077625571,0,0.746522411128284,0.273010920436817,0.734539969834088,0.270226537216828,0.292237442922374,0.269170579029734,0.686028257456829,0.686028257456829,0.505443234836703,0.802547770700637,0,0.406441717791411,0.742770167427702,0.760180995475113,0.738601823708207,0.25625,0.756923076923077,0,0.669724770642202,0.742283950617284,0.742138364779874,0.583460949464012,0.2484375,0.881703470031546,0.245192307692308,0.273700305810398,0,0.254730713245997,0.743202416918429,0.246987951807229,0.40763358778626,0.265210608424337,0.726574500768049,0.279034690799397,0.745398773006135,0.348765432098765,0.5390625,0.295107033639144,0.260606060606061,0.253477588871716,0.703245749613601,0.297090352220521,0.239457831325301,0.763392857142857,0.758039816232772,0.253105590062112,0.25462962962963,0.875576036866359,0.328746177370031,0.272,0.302936630602782,0.26027397260274,0,0.786053882725832,0.241960183767228,0.740625,0,0.278301886792453,0,0.775351014040562,0.251885369532428,0.29984544049459,0,0.541795665634675,0.629230769230769,0.275590551181102,0.752791068580542,0.387147335423198,0.257097791798107,0.678018575851393,0.548929663608563,0.460815047021944,0,0.744186046511628,0.274725274725275,0.254290171606864,0.628614916286149,0.253414264036419,0.252836304700162,0.735294117647059,0.00152671755725191,0.26840490797546,0.248025276461295,0.289676425269646,0.478325859491779,0.739469578783151,0.351477449455676,0.722137404580153,0.682847896440129,0,0.544740973312402,0.517295597484277,0.575384615384615,0,0.998407643312102,0.335394126738794,0.522865853658537,0.710166919575114,0.769911504424779,0,0,0.247800586510264,0.270801815431165,0,0.307926829268293,0,0,0,0.2642089093702,0,0.259083728278041,0.408320493066256,0.599700149925038,0.239457831325301,0,0,0.261275272161742,0.300448430493274,0.490909090909091,0.749615975422427,0,0.354354354354354,0.558245083207262,0.260736196319018,0.577912254160363,0.885579937304075,0,0.272588055130168,0.7265625,0.306122448979592,0.804953560371517,0,0.737951807228916,0.731366459627329,0.557692307692308,0.276335877862595,0,0.308605341246291,0.259426847662142,0.264437689969605,0,0.815625,0.287560581583199,0.757142857142857,0.23583460949464,0.260869565217391,0.748466257668712,0.247328244274809,0.707762557077626,0.419254658385093,0.75,0.724137931034483,0.284820031298905,0,0.743034055727554,0.276018099547511,0.765723270440252,0.542130365659777,0.631415241057543,0,0.727549467275495,0.45125786163522,0.712556732223903,0.283742331288344,0.751515151515151,0.765765765765766,0.603833865814696,0.311844077961019,0.36322869955157,0.285046728971963,0.458914728682171,0,0.26969696969697,0.757251908396947,0.273570324574961,0.660347551342812,0.750373692077728,0.252307692307692,0.264797507788162,0.244897959183673,0.510077519379845,0.270229007633588,0.746081504702194,0.738654147104851,0.295107033639144,0.336906584992343,0,0,0.248833592534992,0.3078125,0.737169517884914,0.270866141732283,0.261136712749616,0.67906976744186,0.315707620528771,0.466248037676609,0.319758672699849,0,0.268217054263566,0.66358024691358,0.246932515337423,0.253477588871716,0,0.531055900621118,0.283489096573209,0.74685534591195,0.494573643410853,0.81010719754977,0.398818316100443,0.558544303797468,0.299703264094956,0.710682492581602,0.26530612244898,0.254573170731707,0.274119448698315,0.674015748031496,0.706153846153846,0.265337423312883,0.252279635258359,0,0.422900763358779,0.591743119266055,0.881278538812785,0.45046439628483,0.265116279069767,0.356589147286822,0.261001517450683,0.14027149321267,0.737864077669903,0,0.411764705882353,0.752365930599369,0.7398753894081,0.897239263803681,0,0.25462962962963,0.330815709969789,0.259259259259259,0.269525267993874,0.739263803680982,0.753846153846154,0,0,0.745682888540031,0.754303599374022,0.813664596273292,0,0.75,0.257274119448698,0.316666666666667,0.6859375,0.260663507109005,0.556060606060606,0.281538461538462,0.584848484848485,0.533632286995516,0,0.261447562776957,0.658805031446541,0.597200622083981,0.316742081447964,0.258805513016845,0.654078549848943,0.00151745068285281,0.312693498452012,0.302891933028919,0,0.291666666666667,0.742378048780488,0.264,0.592649310872894,0,0,0.610305958132045,0.40625,0.74884437596302,0.824644549763033,0,0,0.470149253731343,0.737984496124031,0.241157556270096,0.97737556561086,0.254992319508449,0.746200607902736,0.630862329803328,0.661971830985915,0.3640625,0.708661417322835,0.741248097412481,0,0.740279937791602,0,0.254135338345865,0.628389154704944,0.269911504424779,0.741140215716487,0.243369734789392,0,0.588502269288956,0.63265306122449,0.231839258114374,0,0.249244712990937,0,0.911076443057722,0.267175572519084,0,0.517397881996974,0.263157894736842,0.440993788819876,0.312597200622084,0.776255707762557,0,0.248073959938367,0.858490566037736,0,0.534743202416918,0.74773413897281,0.748114630467572,0.258215962441315,0.245723172628305,0.264840182648402,0.279752704791345,0.266666666666667,0,0.269406392694064,0.00303030303030303,0.647328244274809,0.885496183206107,0.267584097859327,0.255351681957187,0.262048192771084,0.249240121580547,0.0396341463414634,0.769938650306748,0.2768,0.284615384615385,0.472972972972973,0.275914634146341,0.251127819548872,0.276234567901235,0,0,0.261061946902655,0,0.720121028744327,0.00154559505409583,0.285935085007728,0.889937106918239,0.735524256651017,0.745098039215686,0.32398753894081,0.00154083204930663,0.766975308641975,0.238167938931298,0.253067484662577,0.562790697674419,0.662299854439592,0.690510948905109,0.875,0.506230529595016,0.749618320610687,0.711864406779661,0.590417310664606,0.711180124223602,0.472809667673716,0.735703245749614,0,0.738317757009346,0.638461538461538,0.242811501597444,0.506134969325153,0.721481481481482,0.533026113671275,0.358006042296073,0.24357034795764,0.3,0.268330733229329,0.251192368839428,0.2421875,0.685670261941448,0.816232771822358,0.24922600619195,0.753303964757709,0.744394618834081,0.372128637059724,0,0.259036144578313,0.273006134969325,0,0.732484076433121,0,0.293846153846154,0,0.269113149847095,0.262751159196291,0.727272727272727,0.41287284144427,0.233433734939759,0.499219968798752,0.515243902439024,0.341013824884793,0,0,0.311501597444089,0.309037900874636,0.273846153846154,0,0,0.746388443017656,0.742899850523169,0.576452599388379,0,0.767692307692308,0,0.331259720062208,0.257009345794392,0.68075117370892,0.679273827534039,0,0.858490566037736,0.539657853810264,0.343122102009274,0.281859070464768,0.428351309707242,0.749611197511664,0.263406940063092,0.0889235569422777,0.249201277955272,0,0.250750750750751,0,0.257551669316375,0.753869969040248,0.465818759936407,0,0,0.416158536585366,0.3046875,0.302571860816944,0.469604863221884,0.75187969924812,0.7375,0.360808709175739,0.37910447761194,0,0.780715396578538,0.270186335403727,0,0.276295133437991,0.294561933534743,0.757341576506955,0.00768049155145929,0.737248840803709,0.24468085106383,0.811023622047244,0.726574500768049,0.737678855325914,0.844175491679274,0.508607198748044,0.73071104387292,0.25625,0,0.446841294298921,0.281626506024096,0,0,0.73919523099851,0,0.736517719568567,0.261868300153139,0.45511811023622,0.739403453689168,0.745762711864407,0.5875,0.30564263322884,0.655384615384615,0.0105263157894737,0.7424,0.0598425196850394,0.0121396054628225,0,0.628705148205928,0.732628398791541,0.735614307931571,0.73780487804878,0.739457831325301,0.00946372239747634,0.015015015015015,0.740740740740741,0.00759878419452888,0.00158478605388273,0.0275650842266462,0.0121212121212121,0.0106870229007634,0.749240121580547,0.0170807453416149,0.763116057233704,0.756923076923077,0.0124610591900312,0.752688172043011,0.0494752623688156,0.750759878419453,0.697428139183056,0.743666169895678,0.75077399380805
"201",0.884105960264901,0.862838915470494,0.903633491311216,0.864077669902913,0.885245901639344,0.875205254515599,0.995161290322581,0.885714285714286,0.864992150706436,0.0112359550561798,0.86741214057508,0.0113636363636364,0.607655502392344,0.871175523349436,0.13946117274168,0.131329113924051,0.0124610591900312,0.0239234449760766,0.869494290375204,0.866028708133971,0.261562998405104,0.127450980392157,0.872307692307692,0.00938967136150235,0.86762360446571,0.340255591054313,0.230891719745223,0.866449511400652,0.545878693623639,0.71496062992126,0.121495327102804,0.715670436187399,0.785016286644951,0.359055118110236,0.00967741935483871,0.868670886075949,0.0313479623824451,0.867716535433071,0.382262996941896,0.833333333333333,0.0128205128205128,0.0235849056603774,0.0203761755485893,0.871589085072231,0.766339869281046,0.133440514469453,0.523125996810207,0.104333868378812,0.535603715170279,0.233644859813084,0.0127591706539075,0.874603174603175,0.365814696485623,0.866559485530547,0.996810207336523,0.262642740619902,0.0113452188006483,0.855519480519481,0.9203125,0.860759493670886,0.374803149606299,0.485530546623794,0.113452188006483,0.0132669983416252,0.824104234527687,0.77602523659306,0.0112721417069243,0.8656,0.00786163522012579,0.103668261562998,0.774244833068362,0.109149277688604,0.133440514469453,0.873817034700315,0.0109375,0.752755905511811,0.150234741784038,0.591194968553459,0.898360655737705,0.367892976588629,0.00813008130081301,0.717908082408875,0.303405572755418,0.862015503875969,0.217115689381933,0.85981308411215,0.864139020537125,0.867716535433071,0.858954041204437,0.0186915887850467,0.86677367576244,0.864864864864865,0.00946372239747634,0.00946372239747634,0.858784893267652,0.0126782884310618,0.417981072555205,0.8712715855573,0.0125588697017268,0.0207336523125997,0.736593059936908,0.0126182965299685,0.39047619047619,0.870550161812298,0.213846153846154,0.880327868852459,0.0145161290322581,0.907643312101911,0.115384615384615,0.118670886075949,0.119236883942766,0.982258064516129,0.436018957345972,0.860095389507154,0.0112359550561798,0.896661367249603,0.744444444444444,0.00934579439252336,0.113057324840764,0.304140127388535,0.0093167701863354,0.787974683544304,0.349436392914654,0.18657937806874,0.871794871794872,0.21993670886076,0.8671875,0.8743961352657,0.0143312101910828,0.648902821316614,0.860759493670886,0.523424878836834,0.873015873015873,0.0110759493670886,0.86437908496732,0.125195618153365,0.0142630744849445,0.315619967793881,0.618441971383148,0.635772357723577,0.0130081300813008,0.013136288998358,0.880690737833595,0.745192307692308,0.254934210526316,0.872408293460925,0.117647058823529,0.852614896988906,0.500789889415482,0.881703470031546,0.251633986928105,0.874799357945425,0.871382636655949,0.791208791208791,0.872641509433962,0.10016155088853,0.878205128205128,0.114331723027375,0.0110410094637224,0.734076433121019,0.924499229583975,0.870716510903427,0.136577708006279,0.0125,0.873065015479876,0.529032258064516,0.87479674796748,0.874203821656051,0.871674491392801,0.364485981308411,0.887301587301587,0.114147909967846,0.857805255023184,0.114551083591331,0.929936305732484,0.422955974842767,0.011437908496732,0.864433811802233,0.0111111111111111,0.780952380952381,0.881703470031546,0.210610932475884,0.874213836477987,0.858044164037855,0.873261205564142,0.871069182389937,0.203470031545741,0.459293394777266,0.855072463768116,0.848,0.1669341894061,0.1296,0.881493506493506,0.9921875,0.00933125972006221,0.0112179487179487,0.403536977491961,0.0124804992199688,0.87111801242236,0.35981308411215,1,0.710191082802548,0.877358490566038,0.530448717948718,0.483771251931994,0.406995230524642,0.826984126984127,0.844197138314785,0.891135303265941,0.012779552715655,0.814580031695721,0.289256198347107,0.869983948635634,0.127035830618893,0.18125,0.631746031746032,0.877388535031847,0.87888198757764,0.834670947030498,0.871069182389937,0.82258064516129,0.00956937799043062,0.189189189189189,0.673946957878315,0.862459546925566,0.0127186009538951,0.875,0.889235569422777,0.656298600311042,0.568881685575365,0.865384615384615,0.866336633663366,0.47588424437299,0.0133779264214047,0.9734375,0.587677725118483,0.896210873146623,0.1171875,0.854660347551343,0.870813397129187,0.877551020408163,0.8544,0.57007874015748,0.123595505617978,0.890850722311397,0.55,0.11402157164869,0.120556414219474,0.28525641025641,0.1152,0.24390243902439,0.72281776416539,0.103174603174603,0.119685039370079,0.121069182389937,0.664586583463339,0.152960526315789,0.86698717948718,0.0209677419354839,0.113964686998395,0.0125391849529781,0.335473515248796,0.877022653721683,0.870662460567823,0.82574568288854,0.0125588697017268,0.921696574225122,0.794303797468354,0.716346153846154,0.653125,0.515151515151515,0.497584541062802,0.0220125786163522,0.871835443037975,0.225155279503106,0.717863105175292,0.886035313001605,0.120063191153239,0.769475357710652,0.118670886075949,0.228295819935691,0.87906976744186,0.866995073891626,0.995081967213115,0.0108864696734059,0.709428129829985,0.998387096774194,0.0126382306477093,0.108150470219436,0.992223950233281,0.89873417721519,0.00940438871473354,0.109177215189873,0.116352201257862,0.888707037643208,0.845410628019324,0.109120521172638,0.011400651465798,0.498402555910543,0.880837359098229,0.819165378670788,0.465299684542587,0.7,0.86833855799373,0.111470113085622,0.875590551181102,0.865814696485623,0.12,0.872408293460925,0.8743961352657,0.880258899676375,0.884012539184953,0.263823064770932,0.416666666666667,0.398089171974522,0.900974025974026,0.846534653465347,0.0515625,0.33063209076175,0.890965732087227,0.23186119873817,0.365030674846626,0.882445141065831,0.8736,0.886792452830189,0.709415584415584,0.875981161695447,0.310789049919485,0.896496815286624,0.88301282051282,0.0111111111111111,0.40746500777605,0.6624,0.122065727699531,0.0538827258320127,0.122065727699531,0.827044025157233,0.143307086614173,0.106858054226475,0.00938967136150235,0.303174603174603,0.873801916932907,0.184590690208668,0.894214876033058,0.900161030595813,0.889789303079417,0.38610662358643,0.387987012987013,0.664,0.51006711409396,0.0110410094637224,0.7856,0.1265625,0.142857142857143,0.319182389937107,0.874799357945425,0.1104,0.0127388535031847,0.418495297805643,0.129890453834116,0.123376623376623,0.525806451612903,0.86634460547504,0.374392220421394,0.879032258064516,0.858954041204437,0.0124416796267496,0.877675840978593,0.107309486780715,0.873831775700935,0.786283891547049,0.867954911433172,0.133545310015898,0.869767441860465,0.109546165884194,0.824561403508772,0.72168284789644,0.85126582278481,0.889589905362776,0.877388535031847,0.39047619047619,0.864,0.865325077399381,0.116279069767442,0.133757961783439,0.879173290937997,0.869218500797448,0.411302982731554,0.814696485623003,0.864909390444811,0.858954041204437,0.878740157480315,0.00818330605564648,0.209076175040519,0.872,0.1232,0.0128617363344051,0.907617504051864,0.0198019801980198,0.150882825040128,0.869431643625192,0.899676375404531,0.016025641025641,0.749598715890851,0.460925039872408,0.890499194847021,0.111650485436893,0.7904,0.875816993464052,0.449111470113086,0.671949286846276,0.793929712460064,0.00805152979066022,0.267828843106181,0.894214876033058,0.87075928917609,0.475357710651828,0.880248833592535,0.861774744027304,0.141965678627145,0.0111287758346582,0.873817034700315,0.870340356564019,0.858520900321543,0.67032967032967,0.118971061093248,0.922330097087379,0.321656050955414,0.29933110367893,0.0189873417721519,0.617886178861789,0.637239165329053,0.645569620253165,0.0110584518167457,0.37378640776699,0.889952153110048,0.632237871674491,0.585139318885449,0.197869101978691,0.0124610591900312,0.0109717868338558,0.864535768645358,0.851030110935024,0.00958466453674121,0.889415481832543,0.0212765957446809,0.00938967136150235,0.00981996726677578,0.878980891719745,0.00950871632329636,0.881877022653722,0.808,0.628086419753086,0.873217115689382,0.0113268608414239,0.0064,0.879032258064516,0.854740061162079,0.732394366197183,0.111455108359133,0.011400651465798,0.990639625585023,0.678288431061807,0.895071542130366,0.539808917197452,0.436187399030695,0.00769230769230769,0.868670886075949,0.115755627009646,0.899521531100478,0.181528662420382,0.0125588697017268,0.114728682170543,0.232,0.518394648829431,0.86031746031746,0.0141955835962145,0.876175548589342,0.87758346581876,0.872641509433962,0.014446227929374,0.183870967741935,0.836666666666667,0.115702479338843,0.876160990712074,0.871715610510046,0.120634920634921,0.865930599369085,0.400630914826498,0.80448717948718,0.134585289514867,0.284109149277689,0.866242038216561,0.0175718849840256,0.124006359300477,0.8875,0.120717781402936,0.668852459016393,0.46515397082658,0.0125984251968504,0.217322834645669,0.769230769230769,0.364649681528662,0.874403815580286,0.114285714285714,0.259141494435612,0.46969696969697,0.862229102167183,0.85202492211838,0.850157728706625,0.729641693811075,0.0112903225806452,0.861685214626391,0.113207547169811,0.849921011058452,0.508196721311475,0.116640746500778,0.875786163522013,0.882736156351791,0.87258064516129,0.624600638977636,0.883647798742138,0.244698205546493,0.2976,0.863849765258216,1,0.0123647604327666,0.0126984126984127,0.875993640699523,0.849025974025974,0.128824476650564,0.886547811993517,0.882911392405063,0.450949367088608,0.8832,0.7184,0.992211838006231,0.0140625,0.885714285714286,0.436102236421725,0.8832,0.875394321766562,0.0138888888888889,0.658576051779935,0.900326797385621,0.123397435897436,0.716369529983793,0.447284345047923,0.752293577981651,0.710097719869707,0.849772382397572,0.191358024691358,0.887622149837134,0.876777251184834,0.893650793650794,0.415032679738562,0.199677938808374,0.8816,0.886821705426357,0.015625,0.759936406995231,0.515822784810127,0.345425867507886,0.761829652996845,0.8688,0.810725552050473,0.869701726844584,0.1484375,0.12396694214876,0.0125984251968504,0.8390625,0.124797406807131,0.122611464968153,0.358044164037855,0.0126782884310618,0.875786163522013,0.847723704866562,0.877165354330709,0.873817034700315,0.191693290734824,0.115323854660348,0.0108527131782946,0.0112,0.288743882544861,0.196078431372549,0.264423076923077,0.0125984251968504,0.11496062992126,0.873817034700315,0.0632911392405063,0.390675241157556,0.8672,0.694620253164557,0.85828025477707,0.680379746835443,0.657364341085271,0.00476947535771065,0.874432677760968,0.487765089722675,0.597087378640777,0.96411856474259,0.878548895899054,0.472613458528951,0.0217729393468118,0.876190476190476,0.882352941176471,0.00956937799043062,0.846390168970814,0.125198098256735,0.865131578947368,0.477917981072555,0.0143312101910828,0.0158730158730159,0.606260296540362,0.814516129032258,0.11609907120743,0.253993610223642,0.0238853503184713,0.0133333333333333,0.720679012345679,0.138263665594855,0.877483443708609,0.421052631578947,0.890795631825273,0.113207547169811,0.431279620853081,0.392914653784219,0.895666131621188,0.19281045751634,0.126582278481013,0.0158478605388273,0.1584,0.00947867298578199,0.877519379844961,0.134426229508197,0.887171561051005,0.123595505617978,0.872964169381108,0.00958466453674121,0.566096423017107,0.518225039619651,0.874003189792663,0.011400651465798,0.871069182389937,0.0115321252059308,0.470684039087948,0.883464566929134,0.0124610591900312,0.764890282131661,0.882926829268293,0.709779179810726,0.897435897435897,0.146456692913386,0.0110935023771791,0.8752,0.342532467532468,0.0108527131782946,0.714285714285714,0.115030674846626,0.134796238244514,0.866013071895425,0.87459807073955,0.858475894245723,0.845659163987138,0.871589085072231,0.0109375,0.87800963081862,0.0357142857142857,0.465408805031447,0.375394321766562,0.8712715855573,0.864297253634895,0.876175548589342,0.867601246105919,0.0566037735849057,0.128367670364501,0.883223684210526,0.868878357030016,0.703470031545741,0.862068965517241,0.878930817610063,0.901743264659271,0.0126582278481013,0.00930232558139535,0.869831546707504,0.0123839009287926,0.177394034536892,0.0111642743221691,0.889430894308943,0.354679802955665,0.302439024390244,0.233908948194662,0.830917874396135,0.0128410914927769,0.216429699842022,0.872641509433962,0.871224165341812,0.6672,0.5115562403698,0.306060606060606,0.27115987460815,0.635179153094462,0.105678233438486,0.195859872611465,0.623211446740858,0.32807570977918,0.695924764890282,0.130990415335463,0.012924071082391,0.103559870550162,0.439418416801292,0.870279146141215,0.759554140127389,0.3421875,0.629392971246006,0.929906542056075,0.865625,0.880597014925373,0.871753246753247,0.87741935483871,0.878444084278768,0.585987261146497,0.504792332268371,0.879173290937997,0.115151515151515,0.125960061443932,0.898894154818325,0.0203442879499218,0.862284820031299,0.860062893081761,0.00967741935483871,0.220421393841167,0.0110410094637224,0.85828025477707,0.0130293159609121,0.874213836477987,0.87519747235387,0.120500782472613,0.807570977917981,0.868544600938967,0.74313408723748,0.690251572327044,0.993579454253612,0.00955414012738853,0.0110759493670886,0.859766277128548,0.885321100917431,0.881410256410256,0.0108527131782946,0.0077639751552795,0.124183006535948,0.302180685358255,0.5229793977813,0.00807754442649435,0.517571884984026,0.00950871632329636,0.849180327868852,0.868044515103339,0.265573770491803,0.334379905808477,0.0108695652173913,0.421393841166937,0.58974358974359,0.799357945425361,0.892018779342723,0.814173228346457,0.108108108108108,0.886547811993517,0.036624203821656,0.868932038834951,0.0129449838187702,0.877708978328173,0.0142405063291139,0.870491803278688,0.143548387096774,0.0882352941176471,0.0125195618153365,0.0111287758346582,0.824644549763033,0.824561403508772,0.957413249211357,0.714285714285714,0.135802469135802,0.12741935483871,0.7632,0.766975308641975,0.00809061488673139,0.12779552715655,0.859677419354839,0.00788643533123028,0.857374392220421,0.903726708074534,0.1734375,0.0482315112540193,0.112540192926045,0.873831775700935,0.532258064516129,0.1856,0.21078431372549,0.214618973561431,0.723747980613893,0.199376947040498,0.877022653721683,0.0126782884310618,0.751188589540412,0.85377358490566,0.0174603174603175,0.0144927536231884,0.109256449165402,0.00797448165869218,0.127962085308057,0.862559241706161,0.718494271685761,0.105177993527508,0.120325203252033,0.650974025974026,0.921850079744817,0.498422712933754,0.0537124802527646,0.117549668874172,0.0704918032786885,0.0348101265822785,0.014308426073132,0.139904610492846,0.124804992199688,0.105008077544426,0.138629283489097,0.110764430577223,0.0502431118314425,0.063391442155309,0.132492113564669,0.028436018957346,0.0162866449511401,0.0458135860979463,0.031201248049922,0.0565149136577708,0.12280701754386,0.035031847133758,0.115755627009646,0.119354838709677,0.0469255663430421,0.12280701754386,0.0419254658385093,0.121875,0.131410256410256,0.11280487804878,0.104761904761905
"202",0.753554502369668,0.749620637329287,0.754198473282443,0.741679873217116,0.751203852327448,0.75801282051282,0.737248840803709,0.756548536209553,0.757575757575758,0,0.75462962962963,0,0.639016897081413,0.7671875,0.277862595419847,0.262751159196291,0,0.0108024691358025,0.755520504731861,0.762269938650307,0.36517719568567,0.27373417721519,0.757341576506955,0,0.76036866359447,0.50625,0.335949764521193,0.74481658692185,0.56793893129771,0.650306748466258,0.231818181818182,0.717829457364341,0.757527733755943,0.483619344773791,0,0.756965944272446,0.0138888888888889,0.759878419452888,0.441930618401207,0.741085271317829,0.00157977883096367,0.00920245398773006,0.00306748466257669,0.756671899529042,0.705511811023622,0.257097791798107,0.682242990654206,0.253943217665615,0.573596358118361,0.361027190332326,0,0.7625,0.457364341085271,0.74375,0.707086614173228,0.359621451104101,0,0.776377952755905,0.730769230769231,0.762633996937213,0.494556765163297,0.548686244204019,0.233807266982622,0,0.746456692913386,0.731182795698925,0,0.75,0,0.252747252747253,0.737730061349693,0.252321981424149,0.263157894736842,0.75,0,0.720610687022901,0.282674772036474,0.661608497723824,0.750788643533123,0.448275862068966,0,0.722910216718266,0.420091324200913,0.755725190839695,0.335394126738794,0.753030303030303,0.751533742331288,0.76793893129771,0.742770167427702,0.00151745068285281,0.738993710691824,0.74885145482389,0,0,0.768503937007874,0,0.460949464012251,0.760061919504644,0.00307692307692308,0.0046656298600311,0.635802469135803,0,0.445839874411303,0.751572327044025,0.331831831831832,0.762360446570973,0.00312989045383412,0.752738654147105,0.235387045813586,0.252730109204368,0.249230769230769,0.724569640062598,0.498456790123457,0.75625,0,0.756468797564688,0.717357910906298,0,0.26840490797546,0.426332288401254,0,0.746543778801843,0.43944099378882,0.311216429699842,0.76605504587156,0.366412213740458,0.763803680981595,0.750764525993884,0,0.614791987673344,0.760061919504644,0.594427244582043,0.746794871794872,0,0.751188589540412,0.268588770864947,0,0.416275430359937,0.734567901234568,0.58712715855573,0,0,0.748456790123457,0.743511450381679,0.394654088050314,0.762128325508607,0.236842105263158,0.758887171561051,0.54746835443038,0.757575757575758,0.349683544303797,0.75,0.759873617693523,0.721109399075501,0.747678018575851,0.242612752721617,0.76036866359447,0.258730158730159,0,0.727848101265823,0.739393939393939,0.754250386398764,0.252293577981651,0,0.763358778625954,0.590322580645161,0.752396166134185,0.751937984496124,0.756630265210608,0.487022900763359,0.753822629969419,0.257410296411856,0.7526395173454,0.251497005988024,0.735109717868339,0.617021276595745,0,0.764885496183206,0,0.985981308411215,0.745762711864407,0.344339622641509,0.758778625954198,0.735068912710567,0.759342301943199,0.741691842900302,0.327639751552795,0.517503805175038,0.761750405186386,0.751572327044025,0.287051482059282,0.242748091603053,0.746056782334385,0.729264475743349,0,0,0.4739336492891,0.0015625,0.746543778801843,0.422900763358779,0.710191082802548,1,0.753383458646616,0.539184952978056,0.560675883256528,0.458135860979463,0.743431221020093,0.747634069400631,0.757716049382716,0,0.741140215716487,0.378812199036918,0.751572327044025,0.244167962674961,0.315629742033384,0.606811145510836,0.755038759689923,0.751145038167939,0.755417956656347,0.741984732824427,0.781395348837209,0,0.312693498452012,0.686453576864536,0.756714060031596,0,0.755690440060698,0.769230769230769,0.612752721617418,0.602739726027397,0.753488372093023,0.761146496815287,0.504672897196262,0,0.729970326409496,0.6203125,0.746794871794872,0.256211180124224,0.761689291101056,0.775193798449612,0.747692307692308,0.765723270440252,0.584615384615385,0.252730109204368,0.755451713395639,0.694915254237288,0.255287009063444,0.251506024096386,0.39776357827476,0.234009360374415,0.353407290015848,0.651376146788991,0.254185692541857,0.253477588871716,0.244582043343653,0.627300613496933,0.280314960629921,0.761006289308176,0.0046801872074883,0.238021638330757,0,0.401883830455259,0.761310452418097,0.758887171561051,0.7357910906298,0,0.730462519936204,0.722727272727273,0.702954898911353,0.662557781201849,0.576506955177743,0.56043956043956,0.00457317073170732,0.751962323390895,0.312693498452012,0.7,0.748447204968944,0.256797583081571,0.667692307692308,0.249221183800623,0.326717557251908,0.760670731707317,0.761217948717949,0.730337078651685,0,0.636923076923077,0.723172628304821,0,0.244648318042813,0.727975270479134,0.759630200308166,0,0.244239631336406,0.242792109256449,0.757575757575758,0.760188087774295,0.260596546310832,0,0.517774343122102,0.770932069510269,0.723241590214067,0.519938650306748,0.650943396226415,0.746522411128284,0.261538461538462,0.758358662613982,0.75195007800312,0.262751159196291,0.757341576506955,0.768388106416275,0.771428571428571,0.755384615384615,0.414219474497682,0.461654135338346,0.454545454545455,0.753968253968254,0.771065182829889,0.0369230769230769,0.454404945904173,0.758139534883721,0.403697996918336,0.474550898203593,0.768273716951788,0.757251908396947,0.751926040061633,0.731746031746032,0.751515151515151,0.4328125,0.767584097859327,0.755070202808112,0,0.486943164362519,0.585173501577287,0.265116279069767,0.0387596899224806,0.238670694864048,0.757296466973886,0.269645608628659,0.252321981424149,0,0.465648854961832,0.753488372093023,0.303680981595092,0.76537216828479,0.756630265210608,0.747286821705426,0.468553459119497,0.452978056426332,0.7140625,0.547923322683706,0,0.736923076923077,0.259600614439324,0.294207317073171,0.402714932126697,0.746434231378764,0.248073959938367,0,0.504559270516717,0.25077399380805,0.263565891472868,0.572542901716069,0.741085271317829,0.459842519685039,0.756756756756757,0.749606299212598,0,0.758160237388724,0.240853658536585,0.761102603369066,0.755725190839695,0.756019261637239,0.250769230769231,0.784403669724771,0.241112828438949,0.73394495412844,0.704866562009419,0.738863287250384,0.745709828393136,0.753894080996885,0.460244648318043,0.754716981132076,0.749249249249249,0.246223564954683,0.252696456086287,0.7359375,0.755417956656347,0.492211838006231,0.738794435857805,0.747603833865815,0.773353751914242,0.765696784073507,0,0.34012539184953,0.754276827371695,0.250388802488336,0,0.765723270440252,0.0046875,0.281733746130031,0.758039816232772,0.741433021806854,0.0015600624024961,0.637083993660856,0.644757433489828,0.76056338028169,0.25796178343949,0.741835147744946,0.746411483253589,0.501552795031056,0.618012422360248,0.737248840803709,0,0.380503144654088,0.748829953198128,0.751543209876543,0.681114551083591,0.74885145482389,0.759868421052632,0.269349845201238,0,0.746105919003115,0.74685534591195,0.752307692307692,0.703076923076923,0.250396196513471,0.71875,0.462962962962963,0.360258481421648,0.00309597523219814,0.683307332293292,0.635220125786163,0.645161290322581,0,0.451510333863275,0.741486068111455,0.686064318529862,0.601217656012177,0.325264750378215,0,0,0.74251497005988,0.755255255255255,0,0.734567901234568,0.0015625,0,0,0.752321981424149,0,0.761146496815287,0.69431643625192,0.591117917304747,0.737237237237237,0,0,0.7515625,0.75712143928036,0.745788667687596,0.247706422018349,0,0.710566615620214,0.627871362940276,0.755832037325039,0.774924471299094,0.513302034428795,0,0.746543778801843,0.247648902821317,0.761904761904762,0.329133858267717,0,0.255639097744361,0.333853354134165,0.575364667747164,0.748103186646434,0,0.756468797564688,0.751926040061633,0.745426829268293,0,0.2953125,0.775409836065574,0.262135922330097,0.748858447488584,0.764976958525346,0.254263565891473,0.745398773006135,0.475308641975309,0.701078582434515,0.251968503937008,0.365079365079365,0.763076923076923,0.00315457413249211,0.246489859594384,0.751926040061633,0.257097791798107,0.698412698412698,0.525396825396825,0,0.326656394453005,0.730283911671924,0.447368421052632,0.759630200308166,0.252713178294574,0.37962962962963,0.568659127625202,0.761194029850746,0.74773413897281,0.752755905511811,0.730586370839937,0,0.774390243902439,0.251506024096386,0.770542635658915,0.507086614173228,0.252252252252252,0.746564885496183,0.758241758241758,0.744,0.729984301412873,0.749240121580547,0.339652448657188,0.370139968895801,0.751914241960184,0.725581395348837,0,0,0.746031746031746,0.749211356466877,0.253105590062112,0.773584905660377,0.763975155279503,0.504658385093168,0.756329113924051,0.662519440124417,0.718654434250764,0,0.75195007800312,0.486656200941915,0.74806800618238,0.74294670846395,0,0.673405909797823,0.755980861244019,0.246554364471669,0.712933753943218,0.497681607418856,0.742899850523169,0.693650793650794,0.764705882352941,0.317220543806647,0.744113029827316,0.765069551777434,0.762269938650307,0.451355661881978,0.300940438871473,0.75462962962963,0.740853658536585,0.0030441400304414,0.748484848484849,0.570987654320988,0.429457364341085,0.72360248447205,0.757716049382716,0.735384615384615,0.754250386398764,0.134259259259259,0.246774193548387,0,0.767405063291139,0.239197530864198,0.243865030674847,0.439137134052388,0,0.768292682926829,0.745454545454545,0.755760368663594,0.756468797564688,0.341614906832298,0.258267716535433,0,0,0.363207547169811,0.309859154929577,0.355242566510172,0,0.24079754601227,0.750380517503805,0.115853658536585,0.4464,0.759936406995231,0.6171875,0.769470404984424,0.67530487804878,0.651515151515151,0,0.752212389380531,0.513260530421217,0.570542635658915,0.735963581183611,0.753799392097264,0.531587057010786,0.00310077519379845,0.741486068111455,0.758358662613982,0,0.75,0.2642089093702,0.754045307443366,0.545592705167173,0,0.00154798761609907,0.580385852090032,0.750783699059561,0.261609907120743,0.346092503987241,0.0031104199066874,0.0016,0.703759398496241,0.266141732283465,0.745980707395498,0.478129713423831,0.748114630467572,0.248854961832061,0.538931297709924,0.522222222222222,0.757624398073836,0.329581993569132,0.251908396946565,0.00153846153846154,0.281645569620253,0,0.753403933434191,0.215189873417722,0.751891074130106,0.251177394034537,0.761453396524487,0,0.606707317073171,0.594090202177294,0.748079877112135,0,0.763277693474962,0,0.511146496815287,0.750385208012327,0,0.631901840490798,0.746522411128284,0.757763975155279,0.756714060031596,0.288990825688073,0,0.747648902821317,0.4375,0,0.694528875379939,0.24251497005988,0.249621785173979,0.757911392405063,0.742857142857143,0.76,0.755134281200632,0.758293838862559,0,0.751937984496124,0.015220700152207,0.493233082706767,0.458786936236392,0.74347158218126,0.764079147640791,0.758620689655172,0.751902587519026,0.0441400304414003,0.257364341085271,0.764991896272285,0.748091603053435,0.721461187214612,0.751166407465008,0.761467889908257,0.757296466973886,0,0,0.757847533632287,0,0.298600311041991,0,0.773846153846154,0.438485804416404,0.438679245283019,0.336377473363775,0.771604938271605,0.00155038759689922,0.324159021406728,0.733436055469954,0.751533742331288,0.663507109004739,0.521739130434783,0.413793103448276,0.382175226586103,0.72408293460925,0.234939759036145,0.344086021505376,0.592248062015504,0.458333333333333,0.72,0.242283950617284,0,0.242138364779874,0.477093206951027,0.76031746031746,0.615023474178404,0.416541353383459,0.68140243902439,0.741538461538462,0.744648318042814,0.761290322580645,0.757097791798107,0.763322884012539,0.76031746031746,0.618973561430793,0.549382716049383,0.74414976599064,0.24773413897281,0.23609022556391,0.759375,0.00465116279069767,0.764350453172205,0.745341614906832,0,0.340764331210191,0,0.754198473282443,0,0.746522411128284,0.756134969325153,0.236923076923077,0.699376947040498,0.758208955223881,0.634375,0.640432098765432,0.719626168224299,0,0,0.760765550239234,0.741839762611276,0.736600306278714,0,0,0.2352,0.431372549019608,0.58,0,0.55868544600939,0,0.748447204968944,0.748822605965463,0.332807570977918,0.42921686746988,0,0.510971786833856,0.878504672897196,0.727549467275495,0.743865030674847,0.695384615384615,0.25115562403698,0.764612954186414,0.0346456692913386,0.757861635220126,0,0.758620689655172,0.0015527950310559,0.739469578783151,0.25314465408805,0.163522012578616,0,0,0.746564885496183,0.764044943820225,0.732718894009217,0.694656488549618,0.258646616541353,0.234472049689441,0.730182926829268,0.698170731707317,0,0.26530612244898,0.751926040061633,0,0.75,0.74884437596302,0.312597200622084,0.0258751902587519,0.241860465116279,0.748125937031484,0.557324840764331,0.315457413249211,0.332802547770701,0.320552147239264,0.715873015873016,0.31866464339909,0.756965944272446,0,0.703588143525741,0.761467889908257,0.0015625,0,0.247391952309985,0,0.254992319508449,0.740458015267176,0.678972712680578,0.24031007751938,0.243788819875776,0.60596546310832,0.749211356466877,0.571648690292758,0.0363086232980333,0.242811501597444,0.0528,0.0169753086419753,0,0.211746522411128,0.239819004524887,0.248826291079812,0.257668711656442,0.239757207890744,0.0353302611367127,0.0353302611367127,0.262269938650307,0.0217391304347826,0.00791139240506329,0.0307692307692308,0.0230414746543779,0.0401234567901235,0.259026687598116,0.0216049382716049,0.240944881889764,0.237341772151899,0.031496062992126,0.2375,0.0363636363636364,0.234472049689441,0.265210608424337,0.236959761549925,0.25
"203",0.993817619783617,0.987635239567233,0.979969183359014,0.945226917057903,0.992150706436421,0.992175273865415,0.893846153846154,0.981538461538462,0.987915407854985,0,0.989197530864197,0,0.566615620214395,0.987538940809969,0.0572755417956656,0.0183767228177642,0,0.0138674884437596,0.989028213166144,0.971299093655589,0.170992366412214,0.0471698113207547,0.978819969742814,0,0.946188340807175,0.24079754601227,0.116385911179173,0.981191222570533,0.465256797583082,0.70196671709531,0.0105263157894737,0.684049079754601,0.769585253456221,0.280185758513932,0,0.993710691823899,0.0182648401826484,0.984917043740573,0.270190895741557,0.893455098934551,0.00151975683890578,0.013677811550152,0.0076103500761035,0.989230769230769,0.79454253611557,0.029874213836478,0.504672897196262,0.0123647604327666,0.472673559822747,0.136023916292975,0,0.987878787878788,0.281818181818182,0.98755832037325,0.879499217527387,0.1625,0,0.962732919254658,0.961656441717791,0.902402402402402,0.296803652968037,0.429457364341085,0.00930232558139535,0,0.895962732919255,0.830275229357798,0,0.980122324159021,0,0.00613496932515337,0.856060606060606,0.0151975683890578,0.0259146341463415,0.989489489489489,0,0.711450381679389,0.0545454545454545,0.573170731707317,0.901098901098901,0.275974025974026,0,0.716867469879518,0.20627802690583,0.988059701492537,0.127300613496933,0.91969696969697,0.986384266263237,0.97239263803681,0.968181818181818,0.0120663650075415,0.98159509202454,0.987860394537178,0,0,0.968553459119497,0,0.296803652968037,0.978851963746224,0.00762195121951219,0.00921658986175115,0.613251155624037,0,0.291666666666667,0.990712074303406,0.113602391629297,0.992076069730586,0.010752688172043,0.98468606431853,0.0109375,0.0154320987654321,0.0181818181818182,0.904255319148936,0.331259720062208,0.983024691358025,0,0.995412844036697,0.709923664122137,0,0.0121765601217656,0.23950233281493,0,0.763277693474962,0.25609756097561,0.0824088748019017,0.971036585365854,0.154078549848943,0.987878787878788,0.990825688073395,0,0.559451219512195,0.936651583710407,0.484472049689441,0.981510015408321,0,0.984567901234568,0.0298953662182362,0,0.224111282843895,0.629007633587786,0.521943573667712,0,0,0.989312977099237,0.763523956723339,0.177847113884555,0.987748851454824,0.0167682926829268,0.940029985007496,0.41640866873065,0.991017964071856,0.140378548895899,0.981845688350983,0.992248062015504,0.838368580060423,0.989247311827957,0.0077639751552795,0.990783410138249,0.0123076923076923,0,0.752688172043011,0.867069486404834,0.974006116207951,0.0306278713629403,0,0.992469879518072,0.449139280125196,0.990566037735849,0.99079754601227,0.990683229813665,0.283382789317507,0.98780487804878,0.00923076923076923,0.959701492537313,0.00899550224887556,0.897239263803681,0.362940275650842,0,0.976671850699845,0,0.840120663650075,0.989345509893455,0.139318885448916,0.986322188449848,0.945619335347432,0.983870967741935,0.970149253731343,0.100917431192661,0.367069486404834,0.925,0.942249240121581,0.0636363636363636,0.0136363636363636,0.990668740279938,0.85145482388974,0,0,0.302469135802469,0.00151285930408472,0.990936555891239,0.260606060606061,0.877358490566038,0.753383458646616,1,0.436251920122888,0.441754916792738,0.310769230769231,0.918083462132921,0.956656346749226,0.880733944954128,0,0.873303167420814,0.183254344391785,0.94811320754717,0.012326656394453,0.0726172465960666,0.545031055900621,0.972093023255814,0.983433734939759,0.830508474576271,0.993920972644377,0.882170542635659,0,0.0814132104454685,0.663663663663664,0.987519500780031,0,0.983358547655068,0.983458646616541,0.554033485540335,0.56030534351145,0.980030721966206,0.987381703470032,0.37037037037037,0,0.889387144992526,0.516975308641975,0.979623824451411,0.0107033639143731,0.961077844311377,0.992272024729521,0.989441930618401,0.946153846153846,0.531013615733737,0.012326656394453,0.980213089802131,0.532625189681335,0.0163447251114413,0.0119225037257824,0.211598746081505,0.0122511485451761,0.154929577464789,0.681952662721893,0.00907715582450832,0.0136157337367625,0.0182094081942337,0.602086438152012,0.0453834115805947,0.978260869565217,0.0139968895800933,0.00917431192660551,0,0.231726283048211,0.990668740279938,0.970588235294118,0.916540212443096,0,0.871632329635499,0.858433734939759,0.690548780487805,0.597859327217125,0.452566096423017,0.454545454545455,0.013595166163142,0.989079563182527,0.102760736196319,0.698890649762282,0.970903522205207,0.0211480362537764,0.760606060606061,0.0123456790123457,0.123475609756098,0.989520958083832,0.992088607594937,0.891509433962264,0,0.666666666666667,0.888549618320611,0,0.0105263157894737,0.897209985315712,0.989079563182527,0,0.0135135135135135,0.0107361963190184,0.985915492957746,0.875,0.0109034267912773,0,0.393846153846154,0.993769470404984,0.789712556732224,0.388973966309342,0.666666666666667,0.960606060606061,0.0181818181818182,0.987860394537178,0.99079754601227,0.0154798761609907,0.969742813918306,0.990683229813665,0.963665086887836,0.98796992481203,0.192604006163328,0.314285714285714,0.293577981651376,0.986024844720497,0.932069510268562,0.0523168908819133,0.270769230769231,0.984350547730829,0.162650602409639,0.301043219076006,0.993855606758833,0.987654320987654,0.978625954198473,0.694136291600634,0.988041853512706,0.244479495268139,0.974512743628186,0.987692307692308,0,0.328290468986384,0.560250391236307,0.0243531202435312,0.0513595166163142,0.0179910044977511,0.905918057663126,0.0345864661654135,0.00920245398773006,0,0.234042553191489,0.98613251155624,0.0830769230769231,0.990430622009569,0.980182926829268,0.990769230769231,0.290625,0.302215189873418,0.666666666666667,0.458730158730159,0,0.811728395061728,0.0254491017964072,0.0465465465465465,0.208523592085236,0.989096573208723,0.0138036809815951,0,0.342465753424658,0.0210843373493976,0.0338983050847458,0.473846153846154,0.993855606758833,0.280864197530864,0.988817891373802,0.951293759512938,0,0.992647058823529,0.00759878419452888,0.98956780923994,0.816793893129771,0.989045383411581,0.0216383307573416,0.963800904977376,0.00934579439252336,0.868181818181818,0.719936708860759,0.938438438438438,0.986486486486487,0.986238532110092,0.304147465437788,0.956521739130435,0.989598811292719,0.00894187779433681,0.0339506172839506,0.987596899224806,0.987767584097859,0.324812030075188,0.865853658536585,0.957680250783699,0.951734539969834,0.990881458966565,0,0.121725731895223,0.987915407854985,0.00770416024653313,0,0.979719188767551,0.0111464968152866,0.046583850931677,0.98937784522003,0.977099236641221,0.00458015267175573,0.629800307219662,0.416796267496112,0.987538940809969,0.00772797527047913,0.8640625,0.990625,0.373456790123457,0.612213740458015,0.800933125972006,0,0.165378670788253,0.984276729559748,0.987786259541985,0.443234836702955,0.989409984871407,0.965964343598055,0.0336906584992343,0.00151745068285281,0.987915407854985,0.98468606431853,0.953917050691244,0.688650306748466,0.0139751552795031,0.866564417177914,0.246951219512195,0.189233278955954,0.00605143721633888,0.615384615384615,0.608562691131499,0.613876319758673,0,0.281446540880503,0.915514592933948,0.629969418960245,0.512121212121212,0.0791044776119403,0,0,0.992636229749632,0.964017991004498,0,0.929121725731895,0.0110759493670886,0,0,0.990668740279938,0,0.992199687987519,0.782012195121951,0.532137518684604,0.98936170212766,0,0,0.984591679506934,0.956716417910448,0.725757575757576,0.0104790419161677,0.0015748031496063,0.876876876876877,0.612951807228916,0.992412746585736,0.534638554216867,0.343122102009274,0,0.972602739726027,0.0110062893081761,0.964506172839506,0.095679012345679,0,0.015015015015015,0.129829984544049,0.483037156704362,0.973966309341501,0,0.957639939485628,0.971080669710807,0.989425981873112,0,0.0746500777604977,0.930868167202572,0.012779552715655,0.990950226244344,0.992447129909366,0.013719512195122,0.990740740740741,0.303490136570561,0.817484662576687,0.0199692780337942,0.18025078369906,0.963133640552995,0.0109375,0.0124223602484472,0.978755690440061,0.0173775671406003,0.654205607476635,0.398473282442748,0,0.115562403697997,0.731782945736434,0.264296754250386,0.976887519260401,0.00918836140888208,0.157421289355322,0.460191082802548,0.950965824665676,0.881996974281392,0.957120980091884,0.73094867807154,0,0.972850678733032,0.00906344410876133,0.961656441717791,0.398744113029827,0.0104790419161677,0.991004497751124,0.990712074303406,0.990697674418605,0.631172839506173,0.987933634992459,0.135593220338983,0.19969040247678,0.938650306748466,0.876543209876543,0,0,0.985981308411215,0.941823899371069,0.0229709035222052,0.984639016897081,0.992378048780488,0.378048780487805,0.938775510204082,0.735202492211838,0.887556221889055,0,0.965996908809892,0.346811819595645,0.992378048780488,0.989147286821705,0,0.64696734059098,0.979559748427673,0.0123839009287926,0.682170542635659,0.38145896656535,0.794074074074074,0.686915887850467,0.94962962962963,0.0898203592814371,0.978494623655914,0.990936555891239,0.984639016897081,0.298273155416013,0.103030303030303,0.989263803680982,0.987915407854985,0.00757575757575758,0.784962406015038,0.455370650529501,0.265432098765432,0.764885496183206,0.989280245022971,0.878315132605304,0.989425981873112,0.134036144578313,0.00950871632329636,0,0.824159021406728,0.0109375,0.00764525993883792,0.275187969924812,0,0.986425339366516,0.920060331825038,0.989296636085627,0.995488721804511,0.0888208269525268,0.010989010989011,0,0,0.18167701863354,0.0859375,0.160246533127889,0,0.00758725341426404,0.987786259541985,0.0122511485451761,0.306625577812018,0.987480438184664,0.589393939393939,0.962848297213622,0.661094224924012,0.64381520119225,0,0.989644970414201,0.396255850234009,0.507621951219512,0.921921921921922,0.993939393939394,0.398782343987823,0.0121580547112462,0.965098634294385,0.967310549777117,0,0.965568862275449,0.0260336906584992,0.984152139461173,0.425531914893617,0,0.00918836140888208,0.531847133757962,0.841860465116279,0.00906344410876133,0.147744945567652,0.0122887864823349,0.00156739811912226,0.739705882352941,0.029320987654321,0.991909385113269,0.317220543806647,0.992378048780488,0.00902255639097744,0.384155455904335,0.318252730109204,0.874603174603175,0.105345911949686,0.0105105105105105,0.00303490136570561,0.0543478260869565,0,0.989520958083832,0.0410094637223975,0.991150442477876,0.0109204368174727,0.990625,0,0.518628912071535,0.460829493087558,0.989214175654854,0,0.989457831325301,0,0.395275590551181,0.986322188449848,0,0.639939485627837,0.98145285935085,0.745762711864407,0.96,0.0418535127055306,0,0.990769230769231,0.263975155279503,0,0.694528875379939,0.00744047619047619,0.0258751902587519,0.989045383411581,0.993817619783617,0.986547085201794,0.968944099378882,0.981395348837209,0,0.975155279503106,0.024132730015083,0.351145038167939,0.289833080424886,0.986217457886677,0.986217457886677,0.983679525222552,0.980509745127436,0.0531914893617021,0.0257966616084977,0.987117552334944,0.954337899543379,0.702453987730061,0.97428139183056,0.989457831325301,0.981679389312977,0,0,0.973451327433628,0,0.0732436472346786,0,0.963525835866261,0.276295133437991,0.214511041009464,0.125373134328358,0.917573872472784,0,0.110438729198185,0.987823439878234,0.992458521870287,0.648567119155354,0.424778761061947,0.217777777777778,0.181543116490166,0.645061728395062,0.00606980273141123,0.138719512195122,0.562021439509954,0.253105590062112,0.684603886397608,0.0198776758409786,0,0.00928792569659443,0.328593996840442,0.988888888888889,0.626139817629179,0.239583333333333,0.617737003058104,0.870870870870871,0.977810650887574,0.968203497615262,0.979813664596273,0.992211838006231,0.990639625585023,0.545864661654135,0.426403641881639,0.989329268292683,0.0133136094674556,0.0164917541229385,0.874809160305344,0.0121028744326778,0.991017964071856,0.962235649546828,0,0.118670886075949,0,0.955177743431221,0,0.967840735068913,0.989263803680982,0.0134932533733133,0.853810264385692,0.990963855421687,0.653605015673981,0.631259484066768,0.877488514548239,0,0,0.937699680511182,0.954209748892171,1,0,0,0.00796178343949045,0.243939393939394,0.490076335877863,0,0.440677966101695,0,0.929906542056075,0.989113530326594,0.173981191222571,0.238805970149254,0,0.351309707241911,0.589939024390244,0.84779299847793,0.974588938714499,0.781874039938556,0.0076103500761035,0.993710691823899,0.0155763239875389,0.989028213166144,0,0.989583333333333,0.0076103500761035,0.990566037735849,0.0214395099540582,0.0153609831029186,0,0,0.822556390977444,0.920255183413078,0.93984962406015,0.71969696969697,0.0297619047619048,0.0184899845916795,0.828746177370031,0.845345345345345,0,0.0259146341463415,0.960998439937597,0,0.972179289026275,0.967791411042945,0.0790273556231003,0.0428790199081164,0.00769230769230769,0.987933634992459,0.46417445482866,0.0814132104454685,0.101721439749609,0.117103235747304,0.700787401574803,0.104072398190045,0.992272024729521,0,0.761682242990654,0.97428139183056,0.00308166409861325,0,0.0118168389955687,0,0.0123839009287926,0.990839694656489,0.719626168224299,0.0108191653786708,0.0108359133126935,0.541925465838509,0.96417445482866,0.434250764525994,0.0494011976047904,0.0126382306477093,0.0550314465408805,0.016566265060241,0,0.0373250388802488,0.0180722891566265,0.00928792569659443,0.0213414634146341,0.0105740181268882,0.0478395061728395,0.0612557427258806,0.0276073619631902,0.0186046511627907,0.0047244094488189,0.0229357798165138,0.0242792109256449,0.0596330275229358,0.0186915887850467,0.0181543116490166,0.00631911532385466,0.0123839009287926,0.0449612403100775,0.0167427701674277,0.0222551928783383,0.0122887864823349,0.0458715596330275,0.0103550295857988,0.0123839009287926
"204",0.446945337620579,0.440894568690096,0.4609375,0.477832512315271,0.437601296596434,0.423014586709887,0.522435897435897,0.446031746031746,0.430577223088924,0,0.431746031746032,0,0.587955625990491,0.427884615384615,0.589540412044374,0.586854460093897,0,0.00486223662884927,0.435483870967742,0.450155763239875,0.733755942947702,0.583606557377049,0.440124416796268,0,0.474576271186441,0.606349206349206,0.627980922098569,0.431818181818182,0.681181959564541,0.625391849529781,0.575,0.613458528951487,0.592948717948718,0.617693522906793,0,0.433753943217666,0.0169230769230769,0.426791277258567,0.734848484848485,0.485849056603774,0.00157728706624606,0.0015600624024961,0.0015748031496063,0.434022257551669,0.582113821138211,0.591869918699187,0.593996840442338,0.578947368421053,0.631741140215716,0.623655913978495,0,0.430842607313196,0.713607594936709,0.423380726698262,0.5328,0.62379421221865,0,0.448717948717949,0.467391304347826,0.51875,0.604724409448819,0.682539682539683,0.571656050955414,0,0.519543973941368,0.569182389937107,0,0.429022082018927,0,0.567043618739903,0.5078125,0.572784810126582,0.584126984126984,0.424615384615385,0,0.633385335413417,0.598116169544741,0.610062893081761,0.520259319286872,0.629194630872483,0,0.597200622083981,0.62,0.420807453416149,0.632716049382716,0.506976744186047,0.426100628930818,0.451104100946372,0.443410852713178,0,0.4368,0.414556962025316,0,0,0.454976303317536,0,0.7671875,0.434375,0.00307219662058372,0.00313479623824451,0.760697305863708,0,0.762820512820513,0.4208,0.671826625386997,0.432520325203252,0,0.452160493827161,0.577170418006431,0.575516693163752,0.575,0.488817891373802,0.626794258373206,0.428571428571429,0,0.4390625,0.609717868338558,0,0.56298600311042,0.631746031746032,0,0.583201267828843,0.812006319115324,0.614262560777958,0.446345256609642,0.631578947368421,0.425897035881435,0.428129829984544,0,0.828525641025641,0.490445859872611,0.639423076923077,0.434782608695652,0,0.435562805872757,0.577952755905512,0,0.792332268370607,0.562798092209857,0.815533980582524,0,0,0.455696202531646,0.622257053291536,0.619741100323625,0.421974522292994,0.558544303797468,0.504746835443038,0.625806451612903,0.427469135802469,0.730081300813008,0.420722135007849,0.417460317460317,0.501587301587302,0.427215189873418,0.562300319488818,0.431061806656101,0.57051282051282,0,0.624193548387097,0.532307692307692,0.456692913385827,0.569206842923795,0,0.416149068322981,0.65210355987055,0.430213464696223,0.423380726698262,0.426127527216174,0.579439252336449,0.444794952681388,0.567567567567568,0.448062015503876,0.575572519083969,0.50801282051282,0.598145285935085,0,0.438095238095238,0,0.499210110584518,0.427230046948357,0.603559870550162,0.4390625,0.486529318541997,0.435779816513761,0.449612403100775,0.617554858934169,0.628304821150855,0.505672609400324,0.477777777777778,0.610675039246468,0.577287066246057,0.445512820512821,0.531881804043546,0,0,0.870607028753994,0.00156985871271586,0.4375,0.627871362940276,0.530448717948718,0.539184952978056,0.436251920122888,1,0.643302180685358,0.843700159489633,0.453074433656958,0.444267515923567,0.514018691588785,0,0.528771384136858,0.762520193861066,0.483660130718954,0.569823434991974,0.585557299843014,0.853035143769968,0.445669291338583,0.434984520123839,0.549206349206349,0.433753943217666,0.514376996805112,0,0.588607594936709,0.657770800627943,0.4375,0,0.425431711145997,0.438650306748466,0.823622047244094,0.591772151898734,0.432907348242812,0.44264943457189,0.775157232704403,0,0.512345679012346,0.619967793880837,0.469055374592834,0.588697017268446,0.440809968847352,0.418679549114332,0.414976599063963,0.464856230031949,0.599063962558502,0.587859424920128,0.447784810126582,0.600308641975309,0.569254185692542,0.563271604938272,0.576489533011272,0.574603174603175,0.72859450726979,0.726851851851852,0.577777777777778,0.581102362204724,0.57433489827856,0.848998459167951,0.586151368760064,0.452380952380952,0.0016025641025641,0.563981042654028,0,0.772292993630573,0.444264943457189,0.439252336448598,0.499212598425197,0,0.524959742351047,0.540498442367601,0.613672496025437,0.592948717948718,0.582278481012658,0.620634920634921,0.0015527950310559,0.409309791332263,0.674961119751166,0.613114754098361,0.462025316455696,0.58814352574103,0.645833333333333,0.581761006289308,0.627329192546584,0.446153846153846,0.428571428571429,0.530805687203792,0,0.789556962025316,0.509554140127389,0,0.5828125,0.511520737327189,0.439807383627608,0,0.587955625990491,0.564945226917058,0.451612903225806,0.532051282051282,0.567961165048544,0,0.786729857819905,0.422512234910277,0.633693972179289,0.6296875,0.710144927536232,0.444790046656299,0.560250391236307,0.422427035330261,0.435126582278481,0.562903225806452,0.466034755134281,0.431528662420382,0.464630225080386,0.428794992175274,0.632165605095541,0.736842105263158,0.846645367412141,0.440842787682334,0.466129032258065,0.0249221183800623,0.628019323671498,0.450636942675159,0.587774294670846,0.635670731707317,0.429245283018868,0.4336,0.451968503937008,0.668284789644013,0.411214953271028,0.628205128205128,0.456,0.430842607313196,0,0.722910216718266,0.7552,0.579113924050633,0.0238095238095238,0.566770186335404,0.476708074534161,0.582018927444795,0.568965517241379,0,0.625990491283677,0.431061806656101,0.6198738170347,0.443894389438944,0.463836477987421,0.437096774193548,0.859677419354839,0.851549755301794,0.606973058637084,0.613223140495868,0,0.55,0.572530864197531,0.574730354391371,0.713607594936709,0.44189852700491,0.5703125,0,0.73125,0.577881619937695,0.591549295774648,0.62085308056872,0.429936305732484,0.625816993464052,0.438825448613377,0.436708860759494,0,0.437025796661609,0.567398119122257,0.440809968847352,0.548183254344392,0.435897435897436,0.595576619273302,0.448062015503876,0.555900621118012,0.505511811023622,0.61244019138756,0.494573643410853,0.457496136012365,0.421135646687697,0.839622641509434,0.454545454545455,0.41321044546851,0.565015479876161,0.56984126984127,0.428343949044586,0.4234375,0.613418530351438,0.485086342229199,0.451559934318555,0.460443037974684,0.428346456692913,0,0.615883306320908,0.433333333333333,0.564945226917058,0,0.448553054662379,0.00163132137030995,0.565286624203822,0.438184663536776,0.451612903225806,0.00159235668789809,0.758454106280193,0.601910828025478,0.452950558213716,0.559294871794872,0.474603174603175,0.426948051948052,0.693037974683544,0.853543307086614,0.568181818181818,0,0.748006379585327,0.442122186495177,0.446708463949843,0.586370839936609,0.441497659906396,0.444628099173554,0.576619273301738,0,0.450858034321373,0.450949367088608,0.46984126984127,0.583987441130298,0.579778830963665,0.541996830427892,0.610410094637224,0.672268907563025,0.00156985871271586,0.631160572337043,0.665605095541401,0.624213836477987,0,0.623397435897436,0.488853503184713,0.615863141524106,0.593457943925234,0.591397849462366,0,0,0.425981873111782,0.44969512195122,0,0.494363929146538,0,0,0,0.413183279742765,0,0.438095238095238,0.651828298887122,0.846511627906977,0.424764890282132,0,0,0.423197492163009,0.466153846153846,0.611801242236025,0.571428571428571,0,0.533950617283951,0.831761006289308,0.443410852713178,0.5765625,0.617363344051447,0,0.436018957345972,0.576736672051696,0.470304975922953,0.5888,0,0.581538461538462,0.625196850393701,0.611570247933884,0.447784810126582,0,0.472477064220183,0.4421875,0.416536661466459,0,0.598387096774194,0.471074380165289,0.597063621533442,0.427457098283931,0.409302325581395,0.5818759936407,0.420062695924765,0.858267716535433,0.587579617834395,0.566037735849057,0.72258064516129,0.480438184663537,0.0016025641025641,0.577777777777778,0.435736677115987,0.575757575757576,0.650717703349282,0.60062893081761,0,0.636650868878357,0.566775244299674,0.834375,0.44006309148265,0.563779527559055,0.631496062992126,0.637729549248748,0.478527607361963,0.506134969325153,0.462519936204147,0.577170418006431,0,0.441717791411043,0.575193798449612,0.441130298273155,0.803514376996805,0.58125,0.41287284144427,0.433811802232855,0.411764705882353,0.565149136577708,0.447077409162717,0.716772151898734,0.756451612903226,0.469387755102041,0.5359375,0,0,0.434571890145396,0.46353322528363,0.575757575757576,0.447077409162717,0.449685534591195,0.875981161695447,0.488853503184713,0.703583061889251,0.511591962905719,0,0.439873417721519,0.771790808240888,0.431962025316456,0.424528301886792,0,0.644338118022329,0.456310679611651,0.561514195583596,0.608346709470305,0.611635220125786,0.551242236024845,0.611821086261981,0.455813953488372,0.580398162327718,0.439807383627608,0.432558139534884,0.439370078740157,0.755700325732899,0.617834394904459,0.425897035881435,0.418897637795276,0.0015527950310559,0.6109375,0.67651632970451,0.607371794871795,0.577044025157233,0.421383647798742,0.494363929146538,0.427899686520376,0.1850699844479,0.564437194127243,0,0.55608214849921,0.56957928802589,0.559561128526646,0.637958532695375,0,0.457142857142857,0.495356037151703,0.426307448494453,0.437694704049844,0.599358974358974,0.580952380952381,0,0,0.72463768115942,0.605431309904153,0.625592417061611,0,0.559241706161137,0.424050632911392,0.258114374034003,0.85214626391097,0.443910256410256,0.780564263322884,0.455858747993579,0.624605678233438,0.619718309859155,0,0.425339366515837,0.975728155339806,0.961904761904762,0.497674418604651,0.440809968847352,0.724137931034483,0.00158730158730159,0.465408805031447,0.467391304347826,0,0.430769230769231,0.57753164556962,0.436573311367381,0.636942675159236,0,0.00157232704402516,0.946308724832215,0.560509554140127,0.572327044025157,0.615755627009646,0.00158227848101266,0.00161812297734628,0.537764350453172,0.584394904458599,0.427620632279534,0.636505460218409,0.427230046948357,0.573208722741433,0.626373626373626,0.611464968152866,0.543657331136738,0.634146341463415,0.5859375,0.00157232704402516,0.584142394822006,0,0.429457364341085,0.51559934318555,0.445966514459665,0.576243980738363,0.42332268370607,0,0.578294573643411,0.673015873015873,0.425196850393701,0,0.4359375,0,0.62760834670947,0.440494590417311,0,0.735614307931571,0.437898089171975,0.537480063795853,0.467094703049759,0.579029733959311,0,0.424100156494523,0.597133757961783,0,0.620689655172414,0.566615620214395,0.578052550231839,0.42443729903537,0.42515923566879,0.414976599063963,0.441935483870968,0.443740095087163,0,0.461778471138846,0.0046583850931677,0.781487101669196,0.619496855345912,0.443561208267091,0.425897035881435,0.449526813880126,0.440124416796268,0.0727848101265823,0.584786053882726,0.443719412724307,0.472527472527473,0.6046875,0.441497659906396,0.415748031496063,0.445686900958466,0,0,0.461187214611872,0,0.580093312597201,0.00159744408945687,0.459119496855346,0.606451612903226,0.610932475884244,0.656346749226006,0.475120385232745,0.0015748031496063,0.653061224489796,0.420560747663551,0.431746031746032,0.60952380952381,0.998468606431853,0.619909502262443,0.599690880989181,0.58213716108453,0.576271186440678,0.60377358490566,0.874603174603175,0.619273301737757,0.593846153846154,0.574102964118565,0,0.560192616372392,0.768982229402262,0.413680781758958,0.682888540031397,0.770290964777948,0.629213483146067,0.521739130434783,0.445820433436532,0.465460526315789,0.43338683788122,0.43739837398374,0.428341384863124,0.591054313099042,0.614533965244866,0.420472440944882,0.589123867069486,0.569659442724458,0.536163522012579,0.00158730158730159,0.423622047244094,0.444790046656299,0,0.640650406504065,0,0.4672,0,0.4390625,0.431034482758621,0.577639751552795,0.538582677165354,0.430769230769231,0.76031746031746,0.774691358024691,0.543130990415335,0,0,0.473421926910299,0.480182926829268,0.444270015698587,0,0,0.575364667747164,0.617784711388456,0.628019323671498,0,0.6078125,0,0.486312399355878,0.429477020602219,0.631921824104234,0.633070866141732,0,0.648387096774194,0.576377952755906,0.503961965134707,0.445652173913043,0.659777424483307,0.579439252336449,0.4446227929374,0.0678513731825525,0.435275080906149,0,0.435508345978756,0,0.419934640522876,0.575320512820513,0.3712,0,0,0.51937984496124,0.482926829268293,0.462616822429907,0.598159509202454,0.576036866359447,0.571428571428571,0.510204081632653,0.453846153846154,0,0.581761006289308,0.452830188679245,0,0.436102236421725,0.461300309597523,0.601895734597156,0.020440251572327,0.560509554140127,0.423676012461059,0.596122778675283,0.576323987538941,0.598684210526316,0.603448275862069,0.609677419354839,0.615146831530139,0.441786283891547,0,0.625,0.433903576982893,0,0,0.579666160849772,0,0.576190476190476,0.428571428571429,0.607655502392344,0.579617834394904,0.5696,0.837925445705024,0.459715639810427,0.68075117370892,0.0218408736349454,0.569105691056911,0.0610561056105611,0.0172684458398744,0,0.490506329113924,0.571865443425077,0.56687898089172,0.565830721003135,0.563380281690141,0.0211038961038961,0.0265210608424337,0.572542901716069,0.0144230769230769,0.00323101777059774,0.0407523510971787,0.0217729393468118,0.0246913580246914,0.579778830963665,0.0252764612954186,0.572593800978793,0.576433121019108,0.0177705977382876,0.57345971563981,0.050314465408805,0.568778979907264,0.557324840764331,0.587057010785824,0.554313099041534
"205",0.431962025316456,0.435658914728682,0.445121951219512,0.456964006259781,0.425837320574163,0.421383647798742,0.502377179080824,0.448916408668731,0.447488584474886,0,0.435054773082942,0,0.574303405572755,0.434231378763867,0.568778979907264,0.5703125,0,0.00930232558139535,0.450479233226837,0.453703703703704,0.606153846153846,0.586429725363489,0.452160493827161,0,0.47758887171561,0.580594679186229,0.596244131455399,0.43581616481775,0.690548780487805,0.539291217257319,0.560675883256528,0.56221198156682,0.593301435406699,0.62,0,0.430577223088924,0.0107033639143731,0.448170731707317,0.646268656716418,0.512345679012346,0,0.00766871165644172,0.00305343511450382,0.434375,0.526729559748428,0.581761006289308,0.573899371069182,0.563291139240506,0.60960960960961,0.664670658682635,0,0.454263565891473,0.637931034482759,0.4265625,0.475513428120063,0.582018927444795,0,0.464114832535885,0.444274809160305,0.479389312977099,0.599688473520249,0.698924731182796,0.559561128526646,0,0.53953488372093,0.586626139817629,0,0.440438871473354,0,0.564873417721519,0.488584474885845,0.576086956521739,0.575235109717868,0.424657534246575,0,0.628398791540785,0.571644042232277,0.692780337941628,0.504716981132076,0.591803278688525,0,0.540212443095599,0.61178247734139,0.444444444444444,0.645608628659476,0.488549618320611,0.430955993930197,0.460587326120556,0.444613050075873,0.00152439024390244,0.438184663536776,0.424196018376723,0,0,0.4528,0,0.623639191290824,0.438080495356037,0.00152671755725191,0.00315457413249211,0.612752721617418,0,0.639625585023401,0.436018957345972,0.587349397590361,0.43167701863354,0.00156494522691706,0.451070336391437,0.571653543307087,0.559505409582689,0.572530864197531,0.46875,0.604724409448819,0.447737909516381,0,0.43010752688172,0.549770290964778,0,0.564615384615385,0.772445820433437,0,0.587677725118483,0.647515527950311,0.587025316455696,0.44131455399061,0.664624808575804,0.440060698027314,0.438759689922481,0,0.623076923076923,0.488151658767773,0.982539682539682,0.445669291338583,0,0.428343949044586,0.564954682779456,0,0.649762282091918,0.552099533437014,0.631083202511774,0,0,0.437694704049844,0.628304821150855,0.650793650793651,0.433846153846154,0.566246056782334,0.478527607361963,0.5828125,0.450769230769231,0.605678233438486,0.439509954058193,0.439178515007899,0.538461538461538,0.419811320754717,0.577170418006431,0.425897035881435,0.57007874015748,0,0.6546875,0.502269288956127,0.443076923076923,0.571209800918836,0,0.425981873111782,0.592356687898089,0.445141065830721,0.442040185471406,0.422900763358779,0.586259541984733,0.430769230769231,0.568503937007874,0.467374810318665,0.582335329341317,0.480252764612954,0.565749235474006,0,0.437888198757764,0,0.535987748851455,0.426153846153846,0.690737833594976,0.427914110429448,0.448757763975155,0.427927927927928,0.465648854961832,0.582945736434109,0.59480122324159,0.4816,0.481774960380349,0.582554517133956,0.558641975308642,0.444794952681388,0.497681607418856,0,0,0.647149460708783,0,0.445121951219512,0.610271903323263,0.483771251931994,0.560675883256528,0.441754916792738,0.643302180685358,1,0.6671826625387,0.43701399688958,0.453125,0.497730711043873,0,0.49768875192604,0.618441971383148,0.449685534591195,0.568503937007874,0.581430745814307,0.632970451010886,0.443234836702955,0.444274809160305,0.548686244204019,0.436532507739938,0.531347962382445,0,0.584992343032159,0.66464339908953,0.425233644859813,0,0.435384615384615,0.452238805970149,0.626959247648903,0.570542635658915,0.426810477657935,0.444267515923567,0.64,0,0.490225563909774,0.589147286821705,0.455414012738854,0.563944530046225,0.447004608294931,0.425431711145997,0.435975609756098,0.485271317829457,0.56793893129771,0.565830721003135,0.444444444444444,0.560675883256528,0.562218890554723,0.547511312217195,0.576271186440678,0.574074074074074,0.609177215189873,0.569924812030075,0.565485362095532,0.577912254160363,0.570982839313573,0.61280487804878,0.578446909667195,0.46656050955414,0.00315955766192733,0.561622464898596,0,0.617924528301887,0.434439178515008,0.461059190031153,0.47906976744186,0,0.489763779527559,0.563748079877112,0.549230769230769,0.581430745814307,0.581648522550544,0.960815047021944,0.00154320987654321,0.42879746835443,0.592592592592593,0.556618819776715,0.469040247678019,0.574730354391371,0.544186046511628,0.569875776397516,0.589230769230769,0.445121951219512,0.444267515923567,0.481012658227848,0,0.60490045941807,0.461778471138846,0,0.551359516616314,0.484756097560976,0.437795275590551,0,0.585889570552147,0.569465648854962,0.461661341853035,0.496050552922591,0.559429477020602,0,0.622047244094488,0.449139280125196,0.539050535987749,0.591397849462366,0.588607594936709,0.444277108433735,0.570982839313573,0.442396313364055,0.424100156494523,0.569400630914827,0.453292496171516,0.428792569659443,0.462264150943396,0.445635528330781,0.644305772230889,0.639751552795031,0.656346749226006,0.43217665615142,0.465378421900161,0.0168195718654434,0.795238095238095,0.4515625,0.584234930448223,0.807518796992481,0.452160493827161,0.448062015503876,0.460342146189736,0.669826224328594,0.4375,0.788401253918495,0.469767441860465,0.432973805855162,0,0.633587786259542,0.6,0.568111455108359,0.0214723926380368,0.572085889570552,0.471406491499227,0.567901234567901,0.579439252336449,0,0.645510835913313,0.444270015698587,0.627906976744186,0.452495974235105,0.456386292834891,0.431034482758621,0.656786271450858,0.651898734177215,0.654377880184332,0.583198707592892,0,0.574102964118565,0.568181818181818,0.567484662576687,0.629860031104199,0.433753943217666,0.57427258805513,0,0.63944530046225,0.559633027522936,0.580188679245283,0.581761006289308,0.426791277258567,0.588607594936709,0.434991974317817,0.462132921174652,0,0.441348973607038,0.546707503828484,0.442424242424242,0.576452599388379,0.44794952681388,0.559006211180124,0.453172205438066,0.567278287461774,0.559006211180124,0.544025157232704,0.491603053435115,0.447368421052632,0.428351309707242,0.656488549618321,0.461059190031153,0.411854103343465,0.566009104704097,0.583333333333333,0.429237947122862,0.449922958397535,0.595975232198142,0.562883435582822,0.456140350877193,0.470769230769231,0.443076923076923,0,0.595846645367412,0.445300462249615,0.572542901716069,0,0.445652173913043,0.0031496062992126,0.572327044025157,0.434131736526946,0.440438871473354,0,0.602167182662539,0.570552147239264,0.43968253968254,0.559808612440191,0.480952380952381,0.42332268370607,0.66984126984127,0.610271903323263,0.533333333333333,0,0.618098159509202,0.445512820512821,0.432348367029549,0.561728395061728,0.44031007751938,0.431818181818182,0.575153374233129,0,0.446319018404908,0.451104100946372,0.4765625,0.62015503875969,0.575277337559429,0.489953632148377,0.562883435582822,0.602254428341385,0.00307692307692308,0.688188976377953,0.588509316770186,0.558282208588957,0,0.595541401273885,0.489891135303266,0.664605873261206,0.573170731707317,0.590704647676162,0,0,0.413333333333333,0.465465465465465,0,0.468118195956454,0.00317965023847377,0,0,0.437888198757764,0,0.445141065830721,0.55968992248062,0.621460506706408,0.422087745839637,0,0,0.441823899371069,0.470149253731343,0.630769230769231,0.562783661119516,0.0015748031496063,0.480182926829268,0.597503900156006,0.433697347893916,0.568181818181818,0.583850931677019,0,0.423728813559322,0.583333333333333,0.478260869565217,0.577223088923557,0,0.552671755725191,0.63258785942492,0.678048780487805,0.448916408668731,0,0.470676691729323,0.435257410296412,0.435384615384615,0,0.578446909667195,0.489566613162119,0.565768621236133,0.433035714285714,0.43140243902439,0.56221198156682,0.423728813559322,0.646604938271605,0.524844720496894,0.578125,0.609872611464968,0.47360248447205,0.00157728706624606,0.574500768049155,0.464723926380368,0.559618441971383,0.644549763033175,0.514774494556765,0,0.585516178736518,0.531300160513644,0.646604938271605,0.445635528330781,0.572093023255814,0.580893682588598,0.970826580226904,0.461769115442279,0.480243161094225,0.459501557632399,0.623028391167192,0,0.456923076923077,0.56793893129771,0.473118279569892,0.643423137876387,0.572932330827068,0.425038639876352,0.451713395638629,0.433229813664596,0.542586750788643,0.443076923076923,0.594383775351014,0.623824451410658,0.457757296466974,0.487654320987654,0,0,0.437209302325581,0.477848101265823,0.571428571428571,0.447244094488189,0.453703703703704,0.649310872894334,0.458990536277603,0.568075117370892,0.477341389728097,0,0.451162790697674,0.61993769470405,0.443585780525502,0.425954198473282,0,0.70364500792393,0.434375,0.567651632970451,0.604724409448819,0.58641975308642,0.584569732937685,0.547433903576983,0.479228486646884,0.5790273556231,0.441823899371069,0.438271604938272,0.436728395061728,0.618524332810047,0.553323029366306,0.438650306748466,0.423312883435583,0,0.608895705521472,0.69242658423493,0.583975346687211,0.534351145038168,0.425465838509317,0.484375,0.427258805513017,0.129969418960245,0.55663430420712,0,0.520061728395062,0.5568,0.561728395061728,0.604037267080745,0,0.450858034321373,0.488584474885845,0.424615384615385,0.445121951219512,0.590769230769231,0.552959501557632,0,0,0.629107981220657,0.572784810126582,0.590266875981162,0,0.573394495412844,0.420731707317073,0.228441754916793,0.653125,0.434645669291339,0.621329211746522,0.468652037617555,0.560240963855422,0.570996978851964,0,0.448584202682563,0.653354632587859,0.65149136577708,0.471212121212121,0.437689969604863,0.625192012288787,0.00152905198776758,0.448062015503876,0.466165413533835,0,0.447407407407407,0.555895865237366,0.45016077170418,0.975384615384615,0,0.00154798761609907,0.653907496012759,0.51496062992126,0.567026194144838,0.58814352574103,0.00314465408805031,0,0.536953242835596,0.582434514637905,0.421138211382114,0.614088820826952,0.443267776096823,0.562121212121212,0.605504587155963,0.576802507836991,0.497622820919176,0.624390243902439,0.563358778625954,0.00154559505409583,0.580495356037152,0,0.440242057488654,0.473015873015873,0.427719821162444,0.570300157977883,0.427230046948357,0,0.5662100456621,0.672413793103448,0.425465838509317,0,0.437878787878788,0,0.610305958132045,0.452054794520548,0,0.589861751152074,0.446009389671362,0.528213166144201,0.463790446841294,0.571428571428571,0,0.42457231726283,0.626582278481013,0,0.554364471669219,0.556561085972851,0.586363636363636,0.432646592709984,0.431496062992126,0.440422322775264,0.432558139534884,0.441176470588235,0,0.452566096423017,0.00460829493087558,0.62095531587057,0.592085235920852,0.443768996960486,0.4359375,0.441400304414003,0.439324116743472,0.0564885496183206,0.57032457496136,0.441082802547771,0.455246913580247,0.654961832061069,0.451010886469673,0.43161094224924,0.446676970633694,0,0,0.453055141579732,0,0.577507598784195,0,0.470588235294118,0.590764331210191,0.567783094098884,0.593220338983051,0.486486486486487,0,0.592933947772657,0.433903576982893,0.442572741194487,0.560371517027864,0.654814814814815,0.657352941176471,0.592085235920852,0.556782334384858,0.574534161490683,0.599378881987578,0.615023474178404,0.813271604938272,0.642965204236006,0.56656346749226,0,0.561128526645768,0.62760834670947,0.439102564102564,0.571651090342679,0.629179331306991,0.675799086757991,0.490136570561457,0.419642857142857,0.456140350877193,0.436420722135008,0.453968253968254,0.43213728549142,0.570093457943925,0.584876543209877,0.440809968847352,0.576980568011958,0.565022421524664,0.513846153846154,0.00153609831029186,0.45565749235474,0.470404984423676,0,0.633333333333333,0,0.45679012345679,0,0.454961832061069,0.446153846153846,0.570552147239264,0.509259259259259,0.440909090909091,0.591482649842271,0.573373676248109,0.491419656786271,0,0,0.479674796747967,0.466275659824047,0.43778801843318,0,0,0.55608214849921,0.767267267267267,0.976671850699845,0,0.579754601226994,0,0.45933014354067,0.44496855345912,0.568965517241379,0.631818181818182,0,0.618153364632238,0.568356374807988,0.600609756097561,0.45933734939759,0.541795665634675,0.556923076923077,0.432859399684044,0.0528771384136858,0.422047244094488,0,0.453313253012048,0.00306278713629403,0.434231378763867,0.579439252336449,0.344773790951638,0,0,0.51896813353566,0.4896,0.457186544342508,0.69558599695586,0.555219364599092,0.563694267515924,0.5,0.463636363636364,0,0.570093457943925,0.462145110410095,0,0.436102236421725,0.464396284829721,0.603100775193798,0.0170807453416149,0.575899843505477,0.418070444104135,0.549141965678627,0.571875,0.587579617834395,0.586687306501548,0.633385335413417,0.636500754147813,0.425,0,0.642633228840125,0.454961832061069,0.00314465408805031,0,0.568249258160237,0,0.569018404907976,0.43140243902439,0.554140127388535,0.560386473429952,0.565217391304348,0.629057187017002,0.443573667711599,0.711213517665131,0.0198473282442748,0.569157392686804,0.040453074433657,0.0154559505409583,0,0.472353870458136,0.568862275449102,0.572107765451664,0.565809379727685,0.578625954198473,0.01743264659271,0.0216383307573416,0.572964669738863,0.0153609831029186,0.00642054574638844,0.0322085889570552,0.0153846153846154,0.0230769230769231,0.584615384615385,0.0198776758409786,0.561708860759494,0.55,0.0142405063291139,0.560747663551402,0.0466867469879518,0.570776255707763,0.5546875,0.571212121212121,0.551617873651772
"206",0.311183144246353,0.296703296703297,0.313385826771654,0.350961538461538,0.29951690821256,0.281505728314239,0.387096774193548,0.321259842519685,0.282608695652174,0,0.294975688816856,0,0.578125,0.287096774193548,0.704180064308682,0.719745222929936,0,0.00631911532385466,0.294685990338164,0.299524564183835,0.888888888888889,0.70935960591133,0.306853582554517,0,0.337025316455696,0.678913738019169,0.767295597484277,0.295161290322581,0.705974842767296,0.52803738317757,0.7171875,0.548387096774194,0.500805152979066,0.659235668789809,0,0.290271132376396,0.0155763239875389,0.287758346581876,0.823619631901841,0.374213836477987,0.00160771704180064,0.00317460317460317,0.00157977883096367,0.282958199356913,0.5,0.72463768115942,0.603503184713376,0.719047619047619,0.665116279069767,0.713622291021672,0,0.298245614035088,0.844936708860759,0.287735849056604,0.399345335515548,0.715686274509804,0,0.316912972085386,0.320126782884311,0.391849529780564,0.669826224328594,0.710651828298887,0.709208400646204,0,0.389337641357027,0.457231726283048,0,0.294303797468354,0,0.699029126213592,0.378930817610063,0.700636942675159,0.715421303656598,0.28416149068323,0,0.556426332288401,0.739811912225705,0.580745341614907,0.388709677419355,0.701666666666667,0,0.518575851393189,0.688575899843505,0.288372093023256,0.730462519936204,0.388178913738019,0.288401253918495,0.309262166405024,0.298578199052133,0.00154320987654321,0.296950240770466,0.286173633440514,0,0,0.316129032258064,0,0.81042654028436,0.29570747217806,0.00316957210776545,0.00319488817891374,0.65224358974359,0,0.843800322061192,0.289556962025316,0.801857585139319,0.292763157894737,0.00161812297734628,0.312599681020734,0.715873015873016,0.7168,0.721337579617834,0.36741214057508,0.667202572347267,0.29635499207607,0,0.317965023847377,0.530708661417323,0,0.713385826771654,0.691693290734824,0,0.5,0.943910256410256,0.746732026143791,0.312,0.718110236220472,0.287713841368585,0.295055821371611,0,0.724193548387097,0.338658146964856,0.644480519480519,0.300163132137031,0,0.291935483870968,0.720565149136578,0,0.951690821256039,0.515397082658023,0.741573033707865,0,0,0.3234375,0.518518518518518,0.692939244663383,0.279874213836478,0.704472843450479,0.357030015797788,0.628205128205128,0.286614173228346,0.866449511400652,0.294585987261146,0.27536231884058,0.394276629570747,0.273015873015873,0.696920583468395,0.28525641025641,0.698564593301435,0,0.533011272141707,0.407120743034056,0.289099526066351,0.705426356589147,0,0.283255086071987,0.677631578947368,0.283630470016207,0.289308176100629,0.274725274725275,0.651162790697674,0.322169059011164,0.699523052464229,0.318818040435459,0.711627906976744,0.370839936608558,0.655063291139241,0,0.297507788161994,0,0.3879173290938,0.291139240506329,0.719806763285024,0.311320754716981,0.340222575516693,0.304878048780488,0.313971742543171,0.721439749608764,0.654028436018957,0.366288492706645,0.342532467532468,0.738654147104851,0.716951788491446,0.314332247557003,0.4192,0,0,0.963141025641026,0.00157977883096367,0.295133437990581,0.692551505546751,0.406995230524642,0.458135860979463,0.310769230769231,0.843700159489633,0.6671826625387,1,0.321027287319422,0.310897435897436,0.394126738794436,0,0.395275590551181,0.907915993537964,0.334405144694534,0.722852512155592,0.70906200317965,0.732689210950081,0.30379746835443,0.317262830482115,0.443217665615142,0.293375394321767,0.398713826366559,0,0.711598746081505,0.583860759493671,0.294975688816856,0,0.281889763779528,0.314814814814815,0.706168831168831,0.547923322683706,0.301435406698565,0.288998357963875,0.818327974276527,0,0.377503852080123,0.611916264090177,0.320846905537459,0.721153846153846,0.316692667706708,0.280645161290323,0.2896,0.335483870967742,0.577639751552795,0.719101123595506,0.3184,0.588328075709779,0.709428129829985,0.695987654320988,0.651050080775444,0.712460063897764,0.872131147540984,0.610248447204969,0.712903225806452,0.700156985871272,0.709984152139461,0.698587127158556,0.721044045676998,0.316129032258064,0.00324675324675325,0.70926517571885,0,0.874799357945425,0.293460925039872,0.305825242718447,0.376788553259142,0,0.413621262458472,0.407176287051482,0.522906793048973,0.562599049128368,0.616260162601626,0.636363636363636,0.00319488817891374,0.27741935483871,0.809375,0.545008183306056,0.320695102685624,0.727838258164852,0.502369668246445,0.712241653418124,0.716108452950558,0.304953560371517,0.291873963515755,0.401305057096248,0,0.643081761006289,0.378594249201278,0,0.709779179810726,0.387596899224806,0.306709265175719,0,0.723004694835681,0.719242902208202,0.315447154471545,0.396411092985318,0.718494271685761,0,0.806299212598425,0.297939778129952,0.501547987616099,0.638932496075353,0.589869281045752,0.311424100156495,0.701587301587302,0.289719626168224,0.28548644338118,0.705314009661836,0.318037974683544,0.293460925039872,0.319286871961102,0.288431061806656,0.711811023622047,0.867078825347759,1,0.315533980582524,0.333878887070376,0.0216049382716049,0.694444444444444,0.319488817891374,0.702362204724409,0.68798751950078,0.299363057324841,0.290529695024077,0.318979266347687,0.574013157894737,0.28436018957346,0.697115384615385,0.316118935837246,0.278582930756844,0,0.849293563579278,0.71405750798722,0.719101123595506,0.021978021978022,0.705607476635514,0.346394984326019,0.712918660287081,0.712241653418124,0,0.700636942675159,0.300653594771242,0.727564102564103,0.314662273476112,0.33175355450237,0.302737520128824,0.961165048543689,0.957446808510638,0.544426494345719,0.599337748344371,0,0.446570972886762,0.726283048211509,0.709828393135725,0.83015873015873,0.278219395866455,0.726984126984127,0,0.865718799368088,0.709175738724728,0.73419773095624,0.620414673046252,0.290271132376396,0.686885245901639,0.298531810766721,0.295345104333868,0,0.29618320610687,0.698890649762282,0.288401253918495,0.449526813880126,0.294214876033058,0.730769230769231,0.313084112149533,0.697262479871176,0.40251572327044,0.514802631578947,0.353677621283255,0.317741935483871,0.299363057324841,0.970404984423676,0.336012861736334,0.281931464174455,0.7046875,0.706070287539936,0.28343949044586,0.276190476190476,0.688291139240506,0.392744479495268,0.316639741518578,0.327044025157233,0.298107255520505,0,0.725938009787928,0.276629570747218,0.713141025641026,0,0.319935691318328,0.00163398692810458,0.697305863708399,0.290423861852433,0.302694136291601,0.00161030595813205,0.644200626959248,0.631160572337043,0.314516129032258,0.703583061889251,0.362619808306709,0.295269168026101,0.737096774193548,0.678627145085803,0.476114649681529,0,0.8752,0.312297734627832,0.306709265175719,0.608626198083067,0.284591194968553,0.296979865771812,0.717219589257504,0,0.31201248049922,0.301612903225806,0.320388349514563,0.522691705790297,0.71405750798722,0.400635930047695,0.69826224328594,0.777777777777778,0.00158730158730159,0.59640522875817,0.613418530351438,0.594679186228482,0,0.688524590163934,0.356120826709062,0.555729984301413,0.588976377952756,0.713629402756508,0,0,0.285285285285285,0.296124031007752,0,0.360128617363344,0.00161812297734628,0,0,0.281847133757962,0,0.312913907284768,0.507177033492823,0.738317757009346,0.279320987654321,0,0,0.288461538461538,0.334355828220859,0.533018867924528,0.716510903426791,0,0.399375975039002,0.685126582278481,0.295886075949367,0.594936708860759,0.67258064516129,0,0.29140127388535,0.705400981996727,0.343089430894309,0.691680261011419,0,0.721286370597244,0.716346153846154,0.610561056105611,0.304761904761905,0,0.336448598130841,0.301435406698565,0.276827371695179,0,0.719806763285024,0.333333333333333,0.732558139534884,0.282371294851794,0.281538461538462,0.710900473933649,0.276629570747218,0.988993710691824,0.449139280125196,0.713153724247227,0.844551282051282,0.329093799682035,0.00319488817891374,0.7184,0.315457413249211,0.717821782178218,0.592,0.604538087520259,0,0.769108280254777,0.48371335504886,0.955056179775281,0.312,0.713141025641026,0.750392464678179,0.650741350906096,0.3453125,0.370139968895801,0.340189873417722,0.486223662884927,0,0.296411856474259,0.719936708860759,0.303030303030303,0.8125,0.719435736677116,0.282296650717703,0.295161290322581,0.273752012882448,0.521462639109698,0.295886075949367,0.842105263157895,0.882636655948553,0.346581875993641,0.402866242038217,0,0,0.286858974358974,0.341463414634146,0.7184,0.315789473684211,0.311424100156495,0.899841017488076,0.351132686084142,0.5667215815486,0.385093167701863,0,0.305958132045089,0.817460317460317,0.30064308681672,0.290996784565916,0,0.5888,0.314424635332253,0.696969696969697,0.536858974358974,0.614649681528662,0.442396313364055,0.540983606557377,0.331259720062208,0.697347893915757,0.297734627831715,0.292452830188679,0.311605723370429,0.811074918566775,0.746753246753247,0.289099526066351,0.278816199376947,0.00155038759689922,0.493690851735016,0.660406885758998,0.669826224328594,0.483464566929134,0.280314960629921,0.345718901453958,0.285714285714286,0.162538699690402,0.703389830508475,0,0.460547504025765,0.722044728434505,0.710031347962382,0.690966719492868,0,0.311320754716981,0.36150234741784,0.295418641390205,0.29140127388535,0.712,0.721153846153846,0,0,0.841166936790924,0.744783306581059,0.72397476340694,0,0.69047619047619,0.277864992150706,0.309375,0.95024077046549,0.292134831460674,0.676703645007924,0.319935691318328,0.564742589703588,0.6,0,0.279816513761468,0.86677367576244,0.787066246056782,0.359937402190923,0.291866028708134,0.828616352201258,0.0015748031496063,0.326018808777429,0.318885448916409,0,0.309968847352025,0.716772151898734,0.294892915980231,0.651419558359621,0,0.00158730158730159,0.796694214876033,0.458730158730159,0.708399366085578,0.714975845410628,0.00159235668789809,0.00161550888529887,0.475757575757576,0.72408293460925,0.280467445742905,0.672897196261682,0.3,0.702830188679245,0.633385335413417,0.658064516129032,0.401976935749588,0.725165562913907,0.715189873417722,0.0015748031496063,0.725961538461538,0,0.289230769230769,0.630114566284779,0.311627906976744,0.722044728434505,0.291866028708134,0,0.577399380804954,0.682182985553772,0.292880258899676,0,0.289514866979656,0,0.650819672131148,0.303265940902022,0,0.623839009287926,0.303225806451613,0.462903225806452,0.336025848142165,0.716510903426791,0,0.28594249201278,0.668820678513732,0,0.550473186119874,0.7,0.718110236220472,0.296774193548387,0.288888888888889,0.290372670807453,0.314375987361769,0.314194577352472,0,0.314606741573034,0.00626959247648903,0.82472613458529,0.680379746835443,0.284578696343402,0.2848,0.295774647887324,0.2921875,0.0657051282051282,0.735433070866142,0.302325581395349,0.322683706070288,0.527692307692308,0.296411856474259,0.273015873015873,0.315372424722662,0,0,0.308157099697885,0,0.706436420722135,0.00160513643659711,0.324367088607595,0.656910569105691,0.712418300653595,0.766929133858268,0.34887459807074,0.0015625,0.785483870967742,0.278219395866455,0.287066246056782,0.594594594594595,0.841049382716049,0.680119581464873,0.696261682242991,0.530179445350734,0.712948517940718,0.704581358609795,0.751602564102564,0.698234349919743,0.521060842433697,0.713836477987421,0,0.70873786407767,0.825448613376835,0.276422764227642,0.626391096979332,0.87207488299532,0.57097288676236,0.396875,0.304147465437788,0.346666666666667,0.303174603174603,0.292006525285481,0.30048465266559,0.569823434991974,0.64,0.3008,0.724770642201835,0.712732919254658,0.411111111111111,0.00309597523219814,0.290625,0.299212598425197,0,0.733870967741935,0,0.329052969502408,0,0.300940438871473,0.283464566929134,0.724299065420561,0.408874801901743,0.287925696594427,0.627642276422764,0.655226209048362,0.411003236245955,0,0,0.342105263157895,0.346094946401225,0.317610062893082,0,0,0.702614379084967,0.689167974882261,0.627575277337559,0,0.632,0,0.356907894736842,0.292407108239095,0.725649350649351,0.68798751950078,0,0.669381107491857,0.560509554140127,0.408653846153846,0.322981366459627,0.511111111111111,0.722662440570523,0.310618066561014,0.0812101910828025,0.294599018003273,0,0.302469135802469,0,0.27831715210356,0.718196457326892,0.460655737704918,0,0,0.43217665615142,0.352365415986949,0.335913312693498,0.520801232665639,0.712121212121212,0.708133971291866,0.38351822503962,0.37442218798151,0,0.711111111111111,0.322632423756019,0,0.284539473684211,0.3198127925117,0.719685039370079,0.015748031496063,0.700159489633174,0.2796875,0.594155844155844,0.689873417721519,0.701954397394137,0.718799368088468,0.551612903225806,0.705790297339593,0.294117647058824,0,0.522875816993464,0.30298273155416,0,0,0.721109399075501,0,0.709119496855346,0.284591194968553,0.531810766721044,0.731707317073171,0.706924315619968,0.715909090909091,0.326892109500805,0.715408805031447,0.0203442879499218,0.711256117455139,0.0666666666666667,0.014446227929374,0,0.618210862619808,0.692660550458716,0.698872785829308,0.704,0.709375,0.0195439739413681,0.0267716535433071,0.701923076923077,0.0127388535031847,0.00490998363338789,0.0412698412698413,0.0172143974960876,0.0221518987341772,0.731012658227848,0.0238853503184713,0.707119741100324,0.711290322580645,0.0175718849840256,0.7104,0.0561622464898596,0.712264150943396,0.68362480127186,0.712074303405573,0.70048309178744
"207",0.917073170731707,0.9234375,0.904836193447738,0.887459807073955,0.925686591276252,0.916666666666667,0.849056603773585,0.92246835443038,0.920122887864823,0,0.920560747663551,0,0.600311041990669,0.910828025477707,0.126959247648903,0.0866141732283465,0,0.0158982511923688,0.922829581993569,0.923676012461059,0.2140625,0.119868637110016,0.911042944785276,0,0.878504672897196,0.294212218649518,0.181818181818182,0.913680781758958,0.4884437596302,0.701095461658842,0.0854961832061069,0.689763779527559,0.741626794258373,0.32182103610675,0,0.926163723916533,0.0140625,0.912225705329154,0.310136157337368,0.839813374805599,0.00158478605388273,0.0156985871271586,0.00612557427258806,0.914149443561208,0.752039151712887,0.106180665610143,0.521943573667712,0.0771653543307087,0.507668711656442,0.199381761978362,0,0.9056,0.3198127925117,0.918918918918919,0.82615629984051,0.2352,0,0.898876404494382,0.894984326018809,0.864197530864197,0.334375,0.452418096723869,0.0774091627172196,0,0.839869281045752,0.772585669781931,0,0.912559618441971,0,0.0830670926517572,0.82,0.0883280757097792,0.094488188976378,0.91601866251944,0,0.716257668711656,0.121951219512195,0.580343213728549,0.847154471544715,0.33993399339934,0,0.717628705148206,0.265337423312883,0.921259842519685,0.172897196261682,0.846986089644513,0.917316692667707,0.899068322981366,0.897832817337461,0.00924499229583975,0.912762520193861,0.920684292379471,0,0,0.91025641025641,0,0.32,0.909810126582278,0.00614439324116743,0.00794912559618442,0.627760252365931,0,0.330658105939005,0.921725239616613,0.180834621329212,0.924217462932455,0.0109717868338558,0.911111111111111,0.0805687203791469,0.0907668231611894,0.0847723704866562,0.847244094488189,0.413685847589425,0.909379968203498,0,0.91496062992126,0.713166144200627,0,0.0818897637795276,0.276295133437991,0,0.75,0.286392405063291,0.163430420711974,0.9078125,0.214285714285714,0.923676012461059,0.911392405063291,0,0.552262090483619,0.875796178343949,0.480519480519481,0.902597402597403,0,0.927330173775671,0.102918586789555,0,0.2528,0.623417721518987,0.536704730831974,0,0,0.928571428571429,0.734276729559748,0.229773462783172,0.919047619047619,0.0824088748019017,0.861370716510903,0.498392282958199,0.910493827160494,0.213036565977742,0.904458598726115,0.924193548387097,0.838759689922481,0.918876755070203,0.0707395498392283,0.9140625,0.078003120124805,0,0.705414012738854,0.825273010920437,0.904088050314465,0.0992248062015504,0,0.928125,0.479674796747967,0.922330097087379,0.915360501567398,0.921875,0.320987654320988,0.919876733436055,0.0833333333333333,0.914728682170543,0.0757575757575758,0.858505564387917,0.416666666666667,0,0.91679748822606,0,0.823899371069182,0.920436817472699,0.186084142394822,0.934272300469484,0.874213836477987,0.912442396313364,0.900928792569659,0.175738724727838,0.454823889739663,0.87258064516129,0.883386581469649,0.136075949367089,0.0856697819314642,0.912280701754386,0.816455696202532,0,0,0.319488817891374,0.00157728706624606,0.92018779342723,0.331782945736434,0.826984126984127,0.743431221020093,0.918083462132921,0.453074433656958,0.43701399688958,0.321027287319422,1,0.921752738654147,0.839313572542902,0,0.813990461049285,0.232142857142857,0.899212598425197,0.0763116057233704,0.142194744976816,0.552884615384615,0.906542056074766,0.95679012345679,0.784591194968553,0.911671924290221,0.844690966719493,0,0.147619047619048,0.649310872894334,0.914100486223663,0,0.91820987654321,0.910493827160494,0.564541213063764,0.61189358372457,0.906050955414013,0.910112359550562,0.372611464968153,0,0.834890965732087,0.554140127388535,0.913961038961039,0.0834621329211747,0.903076923076923,0.919047619047619,0.911949685534591,0.886792452830189,0.599374021909233,0.0857142857142857,0.912280701754386,0.552099533437014,0.0759878419452888,0.0795107033639144,0.263823064770932,0.0845295055821372,0.2,0.668195718654434,0.077639751552795,0.0835913312693498,0.0842607313195548,0.588509316770186,0.108064516129032,0.922098569157393,0.00958466453674121,0.0774091627172196,0,0.259554140127389,0.925278219395866,0.89968152866242,0.846635367762128,0,0.837704918032787,0.798151001540832,0.680379746835443,0.629107981220657,0.498427672955975,0.451355661881978,0.0108359133126935,0.916666666666667,0.170807453416149,0.692556634304207,0.901273885350318,0.0911949685534591,0.752,0.081377151799687,0.191131498470948,0.914893617021277,0.915422885572139,0.834670947030498,0,0.637636080870918,0.837539432176656,0,0.0889570552147239,0.843410852713178,0.918110236220472,0,0.0826833073322933,0.0862068965517241,0.926282051282051,0.839936608557845,0.0831973898858075,0,0.405320813771518,0.938485804416404,0.773497688751926,0.469860896445131,0.673170731707317,1,0.096875,0.923556942277691,0.935736677115988,0.0871632329635499,0.91679748822606,0.91875,0.904220779220779,0.911353032659409,0.25511811023622,0.335901386748844,0.308661417322835,0.916398713826367,0.904220779220779,0.0486656200941915,0.305111821086262,0.909516380655226,0.209048361934477,0.349544072948328,0.913928012519562,0.910377358490566,0.913385826771654,0.6816,0.919753086419753,0.279552715654952,0.904984423676013,0.910543130990415,0,0.359253499222395,0.559294871794872,0.097444089456869,0.0514018691588785,0.0817901234567901,0.891135303265941,0.106317411402157,0.0743034055727554,0,0.28125,0.911671924290221,0.1328125,0.925925925925926,0.906349206349206,0.917460317460317,0.307936507936508,0.306688417618271,0.645962732919255,0.534653465346535,0,0.76984126984127,0.0906298003072197,0.12111801242236,0.264240506329114,0.915470494417863,0.0834645669291339,0,0.370892018779343,0.088785046728972,0.107317073170732,0.492913385826772,0.907051282051282,0.3568,0.91900826446281,0.897476340694006,0,0.914285714285714,0.0770416024653313,0.916923076923077,0.783489096573209,0.913183279742765,0.0885093167701863,0.9,0.0818897637795276,0.83596214511041,0.722132471728595,0.886075949367089,0.929467084639498,0.918495297805643,0.317111459968603,0.9,0.914196567862715,0.0770416024653313,0.0992125984251968,0.91866028708134,0.921135646687697,0.400928792569659,0.818181818181818,0.885807504078303,0.903125,0.921052631578947,0,0.198083067092652,0.924170616113744,0.0846394984326019,0,0.907496012759171,0.00792393026941363,0.130503144654088,0.91937984496124,0.910969793322735,0.00322061191626409,0.622257053291536,0.457326892109501,0.945773524720893,0.0814696485623003,0.874603174603175,0.925806451612903,0.414012738853503,0.600624024960998,0.772292993630573,0,0.2171875,0.908227848101266,0.923076923076923,0.478605388272583,0.913385826771654,0.900497512437811,0.117924528301887,0.00157728706624606,0.924290220820189,0.916006339144215,0.889415481832543,0.656298600311042,0.0824261275272162,0.826433121019108,0.294851794071763,0.230514096185738,0.00469483568075117,0.620192307692308,0.580031695721078,0.642745709828393,0,0.369354838709677,0.862992125984252,0.629800307219662,0.548286604361371,0.160606060606061,0,0,0.91981845688351,0.900466562986003,0,0.876369327073552,0.00952380952380952,0,0,0.913461538461538,0,0.92891760904685,0.743670886075949,0.538931297709924,0.924031007751938,0,0,0.915625,0.92,0.710730948678072,0.0777604976671851,0.00162074554294976,0.830769230769231,0.595645412130638,0.930817610062893,0.55625,0.425837320574163,0,0.905660377358491,0.0888529886914378,0.890822784810127,0.177033492822967,0,0.0902140672782875,0.180952380952381,0.487520798668885,0.900158478605388,0,0.884146341463415,0.902021772939347,0.914728682170543,0,0.151857835218094,0.867330016583748,0.0808580858085809,0.915254237288136,0.924846625766871,0.0884676145339652,0.921011058451817,0.31619937694704,0.809748427672956,0.0897637795275591,0.20926517571885,0.903846153846154,0.00949367088607595,0.0855784469096672,0.904238618524333,0.10016155088853,0.659677419354839,0.43338683788122,0,0.169781931464174,0.718901453957997,0.296583850931677,0.930708661417323,0.0868878357030016,0.214173228346457,0.454545454545455,0.889739663093415,0.845440494590417,0.889240506329114,0.727272727272727,0,0.916923076923077,0.0828125,0.889580093312597,0.398073836276083,0.0825825825825826,0.927018633540373,0.917981072555205,0.920508744038156,0.630503144654088,0.91875,0.197160883280757,0.253993610223642,0.875195007800312,0.831496062992126,0,0,0.917065390749601,0.87258064516129,0.0834670947030498,0.911532385466035,0.928909952606635,0.385466034755134,0.875399361022364,0.687400318979266,0.845911949685535,0,0.901273885350318,0.341232227488152,0.920560747663551,0.919614147909968,0,0.625199362041467,0.920195439739414,0.0887480190174326,0.668276972624799,0.442006269592476,0.759455370650529,0.698412698412698,0.889055472263868,0.161094224924012,0.917741935483871,0.920634920634921,0.921507064364207,0.306818181818182,0.163522012578616,0.934065934065934,0.920610687022901,0.0062015503875969,0.747252747252747,0.457231726283048,0.332814930015552,0.763322884012539,0.91692789968652,0.878548895899054,0.919003115264797,0.131699846860643,0.085667215815486,0,0.783227848101266,0.082018927444795,0.0803149606299213,0.34789391575663,0,0.925233644859813,0.870967741935484,0.91866028708134,0.929121725731895,0.166666666666667,0.0792393026941363,0,0,0.227053140096618,0.163166397415186,0.229534510433387,0,0.0826833073322933,0.912772585669782,0.0375586854460094,0.315955766192733,0.918269230769231,0.598130841121495,0.909379968203498,0.683464566929134,0.625776397515528,0,0.908132530120482,0.418940609951846,0.515772870662461,0.87906976744186,0.914596273291925,0.416666666666667,0.00625,0.889064976228209,0.908527131782946,0,0.897865853658537,0.0972886762360447,0.913398692810457,0.4399375975039,0,0.0078003120124805,0.524590163934426,0.821316614420063,0.0868878357030016,0.206451612903226,0.0111642743221691,0.0016260162601626,0.751515151515151,0.111111111111111,0.921182266009852,0.40405616224649,0.918836140888208,0.0826952526799387,0.408517350157729,0.3536,0.829617834394904,0.161764705882353,0.0841121495327103,0.00157232704402516,0.107667210440457,0,0.917956656346749,0.105348460291734,0.919452887537994,0.0768025078369906,0.919614147909968,0,0.554531490015361,0.4816,0.920634920634921,0,0.916666666666667,0,0.45,0.910798122065728,0,0.647335423197492,0.903633491311216,0.715189873417722,0.898089171974522,0.108490566037736,0,0.919431279620853,0.336585365853659,0,0.685624012638231,0.075642965204236,0.0807453416149068,0.918006430868167,0.920508744038156,0.916666666666667,0.900943396226415,0.905144694533762,0,0.905448717948718,0.0201863354037267,0.364341085271318,0.358695652173913,0.925233644859813,0.918622848200313,0.921417565485362,0.908517350157729,0.0557275541795666,0.0921875,0.941368078175896,0.901098901098901,0.6890625,0.918335901386749,0.917557251908397,0.911671924290221,0,0,0.901065449010654,0,0.139717425431711,0,0.882165605095541,0.365384615384615,0.269108280254777,0.180124223602484,0.890822784810127,0,0.184049079754601,0.911251980982567,0.92093023255814,0.647335423197492,0.443939393939394,0.271056661562021,0.260736196319018,0.634028892455859,0.0782472613458529,0.195652173913043,0.543887147335423,0.293838862559242,0.686244204018547,0.0907668231611894,0,0.0775316455696203,0.340872374798061,0.914516129032258,0.623028391167192,0.27190332326284,0.619565217391304,0.841614906832298,0.907550077041603,0.898858075040783,0.916932907348243,0.927302100161551,0.921221864951768,0.595611285266458,0.483619344773791,0.91283676703645,0.0873493975903614,0.0858034321372855,0.82807570977918,0.012326656394453,0.918461538461538,0.891849529780564,0,0.181089743589744,0,0.902668759811617,0,0.899845916795069,0.917981072555205,0.0861538461538462,0.842022116903633,0.913446676970634,0.651612903225806,0.607476635514019,0.822683706070288,0,0,0.889430894308943,0.885885885885886,0.936236391912908,0,0,0.0740740740740741,0.278713629402757,0.496865203761755,0,0.505529225908373,0,0.8743961352657,0.914012738853503,0.216,0.286158631415241,0,0.434146341463415,0.601880877742947,0.804724409448819,0.901081916537867,0.741269841269841,0.078003120124805,0.928687196110211,0.0268987341772152,0.920840064620355,0,0.906298003072197,0.0062015503875969,0.92,0.089622641509434,0.0588235294117647,0,0,0.786163522012579,0.861904761904762,0.8734375,0.690513219284603,0.110764430577223,0.0858505564387917,0.8,0.802752293577982,0,0.097331240188383,0.885579937304075,0,0.920127795527157,0.902208201892745,0.13166144200627,0.0388198757763975,0.0851735015772871,0.916537867078825,0.549180327868853,0.148562300319489,0.173354735152488,0.1850699844479,0.686305732484076,0.15668202764977,0.919303797468354,0,0.725961538461538,0.915094339622642,0.00315457413249211,0,0.0773899848254932,0,0.0747217806041336,0.915227629513344,0.686178861788618,0.0806962025316456,0.0821484992101106,0.563402889245586,0.891891891891892,0.4484375,0.0479876160990712,0.0786885245901639,0.0593080724876442,0.0173501577287066,0,0.0990415335463259,0.0797546012269939,0.078525641025641,0.0992248062015504,0.0736196319018405,0.0507936507936508,0.0590062111801242,0.102201257861635,0.0189274447949527,0.00644122383252818,0.0250391236306729,0.0235478806907378,0.0600315955766193,0.0906200317965024,0.021978021978022,0.0754414125200642,0.0806962025316456,0.0418006430868167,0.0838607594936709,0.0231839258114374,0.0816326530612245,0.1109375,0.0848484848484849,0.082018927444795
"208",0.958266452648475,0.969889064976228,0.933641975308642,0.916139240506329,0.95,0.962783171521036,0.869634340222575,0.944707740916272,0.964506172839506,0,0.961059190031153,0,0.60031847133758,0.9664,0.062992125984252,0.0435458786936236,0,0.0126382306477093,0.967793880837359,0.965408805031447,0.177952755905512,0.0717781402936378,0.953416149068323,0,0.936908517350158,0.280448717948718,0.149136577708006,0.95016077170418,0.482115085536547,0.708722741433022,0.0402476780185759,0.693623639191291,0.770967741935484,0.294117647058824,0,0.963607594936709,0.0168453292496172,0.962558502340094,0.287425149700599,0.882170542635659,0.00159489633173844,0.0139751552795031,0.00627943485086342,0.963141025641026,0.75609756097561,0.05229793977813,0.523961661341853,0.037914691943128,0.49615975422427,0.168469860896445,0,0.963836477987421,0.300155520995334,0.968152866242038,0.85691573926868,0.187908496732026,0,0.945425361155698,0.927469135802469,0.889415481832543,0.310344827586207,0.441860465116279,0.0317965023847377,0,0.87220447284345,0.8109375,0,0.957074721780604,0,0.0274193548387097,0.838304552590267,0.0412044374009509,0.0473186119873817,0.959564541213064,0,0.715384615384615,0.080370942812983,0.582689335394127,0.875605815831987,0.292561983471074,0,0.705148205928237,0.241538461538462,0.964341085271318,0.140405616224649,0.88390092879257,0.961479198767334,0.940438871473354,0.932203389830508,0.0123076923076923,0.955271565495208,0.965571205007825,0,0,0.985553772070626,0,0.316037735849057,0.956937799043062,0.00623052959501558,0.00788643533123028,0.632329635499208,0,0.306089743589744,0.961102106969206,0.128284389489954,0.957723577235772,0.0126984126984127,0.9421875,0.0379746835443038,0.0408805031446541,0.0403726708074534,0.878357030015798,0.347619047619048,0.955696202531646,0,0.954616588419405,0.712698412698413,0,0.0365659777424483,0.259083728278041,0,0.764331210191083,0.262992125984252,0.107142857142857,0.938967136150235,0.17601246105919,0.96937212863706,0.954113924050633,0,0.569640062597809,0.913875598086124,0.501607717041801,0.948717948717949,0,0.97258064516129,0.059190031152648,0,0.215780998389694,0.626182965299685,0.54,0,0,0.946875,0.763492063492063,0.192556634304207,0.968102073365231,0.0443037974683544,0.90894819466248,0.426771653543307,0.950078003120125,0.158908507223114,0.9453125,0.969354838709677,0.868421052631579,0.962323390894819,0.0301587301587302,0.970172684458399,0.0346456692913386,0,0.726837060702875,0.853435114503817,0.950310559006211,0.0498442367601246,0,0.963246554364472,0.479166666666667,0.964458804523425,0.968,0.962674961119751,0.308641975308642,0.949447077409163,0.0384615384615385,0.940184049079755,0.038109756097561,0.875598086124402,0.390625,0,0.960443037974684,0,0.840764331210191,0.967032967032967,0.15224358974359,0.953846153846154,0.92755905511811,0.966360856269113,0.951104100946372,0.124416796267496,0.392036753445636,0.899841017488076,0.913738019169329,0.082670906200318,0.0295489891135303,0.947284345047923,0.829888712241653,0,0,0.31687898089172,0.00157232704402516,0.968992248062015,0.274809160305344,0.844197138314785,0.747634069400631,0.956656346749226,0.444267515923567,0.453125,0.310897435897436,0.921752738654147,1,0.86697247706422,0,0.842433697347894,0.195081967213115,0.923444976076555,0.0334928229665072,0.100931677018634,0.549763033175355,0.947368421052632,0.962441314553991,0.826224328593997,0.954898911353033,0.867601246105919,0,0.104361370716511,0.66510172143975,0.9568,0,0.962790697674419,0.952959028831563,0.563467492260062,0.545886075949367,0.955414012738854,0.964573268921095,0.384370015948963,0,0.863777089783282,0.540064102564103,0.949919224555735,0.0342146189735614,0.935483870967742,0.969551282051282,0.961904761904762,0.925750394944708,0.55205047318612,0.0377358490566038,0.940705128205128,0.542993630573248,0.0367534456355283,0.0337941628264209,0.232594936708861,0.0369774919614148,0.175523349436393,0.679186228482003,0.028436018957346,0.0373250388802488,0.047244094488189,0.594090202177294,0.0751633986928105,0.953821656050955,0.0128617363344051,0.0301587301587302,0,0.244897959183673,0.962722852512156,0.942947702060222,0.876996805111821,0,0.858995137763371,0.841940532081377,0.695102685624013,0.60952380952381,0.489763779527559,0.455696202531646,0.014308426073132,0.959742351046699,0.116279069767442,0.703403565640194,0.931854199683043,0.0438184663536776,0.769110764430577,0.0375,0.153605015673981,0.964831804281346,0.966237942122186,0.859424920127795,0,0.637770897832817,0.857371794871795,0,0.0375,0.8671875,0.94770206022187,0,0.0394944707740916,0.0361635220125786,0.954983922829582,0.874403815580286,0.0353130016051364,0,0.401263823064771,0.970031545741325,0.796296296296296,0.393364928909953,0.665071770334928,0.950155763239875,0.0425196850393701,0.962558502340094,0.968701095461659,0.046031746031746,0.944012441679627,0.961290322580645,0.941747572815534,0.960567823343849,0.207874015748031,0.346273291925466,0.302034428794992,0.947115384615385,0.985270049099836,0.0540123456790123,0.295238095238095,0.945945945945946,0.178683385579937,0.335403726708075,0.960443037974684,0.965079365079365,0.94006309148265,0.692926045016077,0.963020030816641,0.278135048231511,0.93953488372093,0.960127591706539,0,0.343076923076923,0.5632,0.0488188976377953,0.0556414219474498,0.0404354587869362,0.944012441679627,0.0546875,0.0393700787401575,0,0.248407643312102,0.953225806451613,0.0988835725677831,0.960912052117264,0.941269841269841,0.956730769230769,0.301109350237718,0.28735632183908,0.6796875,0.459234608985025,0,0.8032,0.0399385560675883,0.0744186046511628,0.215288611544462,0.9632,0.0313479623824451,0,0.362776025236593,0.0418604651162791,0.0615141955835962,0.490445859872611,0.961904761904762,0.295345104333868,0.962233169129721,0.933858267716535,0,0.960665658093797,0.0246153846153846,0.959627329192547,0.814873417721519,0.961165048543689,0.0519685039370079,0.947692307692308,0.0364500792393027,0.861685214626391,0.711507293354943,0.92093023255814,0.956181533646322,0.959183673469388,0.306501547987616,0.935126582278481,0.96,0.0395738203957382,0.0652866242038217,0.9696,0.97007874015748,0.341121495327103,0.861635220125786,0.93126022913257,0.93613707165109,0.968701095461659,0,0.140983606557377,0.9629057187017,0.0406885758998435,0,0.938193343898574,0.0111287758346582,0.0827922077922078,0.967542503863988,0.938775510204082,0.00478468899521531,0.634945397815913,0.4416,0.969155844155844,0.0361842105263158,0.906050955414013,0.961414790996785,0.385852090032154,0.618670886075949,0.774038461538462,0,0.168769716088328,0.941463414634146,0.963317384370016,0.463836477987421,0.9640625,0.944816053511706,0.0737833594976452,0.00156985871271586,0.959375,0.960505529225908,0.921135646687697,0.682588597842835,0.0383386581469649,0.846153846153846,0.263239875389408,0.203020134228188,0.00625,0.613162118780096,0.609872611464968,0.613458528951487,0,0.297560975609756,0.893249607535322,0.635514018691589,0.536661466458658,0.114503816793893,0,0,0.965413533834587,0.949464012251149,0,0.894899536321484,0.0112179487179487,0,0,0.968203497615262,0,0.961102106969206,0.766091051805338,0.544186046511628,0.964939024390244,0,0,0.968152866242038,0.993846153846154,0.700934579439252,0.0403726708074534,0.00161550888529887,0.850609756097561,0.61128526645768,0.970031545741325,0.547286821705426,0.362204724409449,0,0.95141065830721,0.040453074433657,0.931089743589744,0.125396825396825,0,0.0379939209726444,0.139937106918239,0.492659053833605,0.935837245696401,0,0.930340557275542,0.94811320754717,0.965891472868217,0,0.0938511326860841,0.920133111480865,0.0382059800664452,0.964230171073095,0.96793893129771,0.0470957613814757,0.962790697674419,0.307086614173228,0.815748031496063,0.0423197492163009,0.178282009724473,0.937205651491366,0.0112,0.0359937402190923,0.94383775351014,0.0456026058631922,0.660287081339713,0.408,0,0.133333333333333,0.743589743589744,0.273865414710485,0.952681388012618,0.0364500792393027,0.186520376175549,0.459016393442623,0.923664122137405,0.876160990712074,0.931419457735247,0.745253164556962,0,0.955766192733017,0.0344287949921753,0.934504792332268,0.409461663947798,0.0416666666666667,0.967136150234742,0.966772151898734,0.963492063492064,0.636650868878357,0.955696202531646,0.151419558359621,0.208931419457735,0.918622848200313,0.858934169278997,0,0,0.955625990491284,0.906300484652666,0.0516129032258065,0.95,0.965463108320251,0.389751552795031,0.906497622820919,0.719936708860759,0.868421052631579,0,0.947452229299363,0.344992050874404,0.962025316455696,0.962674961119751,0,0.647151898734177,0.95016077170418,0.0351437699680511,0.685393258426966,0.420221169036335,0.794207317073171,0.6816,0.92781954887218,0.116385911179173,0.950320512820513,0.968701095461659,0.957878315132605,0.317891373801917,0.121875,0.963549920760697,0.968944099378882,0.0093603744149766,0.772093023255814,0.463722397476341,0.274725274725275,0.778301886792453,0.961783439490446,0.914149443561208,0.968553459119497,0.13312693498452,0.0411861614497529,0,0.817741935483871,0.0370967741935484,0.0332805071315372,0.295133437990581,0,0.960876369327074,0.882534775888717,0.9616,0.964285714285714,0.122222222222222,0.0391236306729265,0,0,0.192,0.1136,0.185243328100471,0,0.0375586854460094,0.963949843260188,0.0217054263565891,0.311004784688995,0.967793880837359,0.60410094637224,0.954911433172303,0.653786707882535,0.619414483821264,0,0.965045592705167,0.399350649350649,0.508661417322835,0.89409984871407,0.959438377535101,0.406779661016949,0.00952380952380952,0.925867507886435,0.939628482972136,0,0.927914110429448,0.0520504731861199,0.949511400651466,0.449922958397535,0,0.00940438871473354,0.535655058043118,0.835725677830941,0.0377952755905512,0.157556270096463,0.0126984126984127,0.00160771704180064,0.790909090909091,0.0507936507936508,0.968852459016393,0.335925349922239,0.96,0.0352760736196319,0.386687797147385,0.3354943273906,0.856219709208401,0.130856219709208,0.0390625,0.00157728706624606,0.0731319554848967,0,0.958652373660031,0.0660225442834139,0.950375939849624,0.028892455858748,0.962962962962963,0,0.54953560371517,0.47244094488189,0.965571205007825,0,0.961300309597523,0,0.405891980360065,0.954128440366973,0,0.65987460815047,0.949044585987261,0.742765273311897,0.937399678972713,0.0666666666666667,0,0.964230171073095,0.29047619047619,0,0.694704049844237,0.0276923076923077,0.0512422360248447,0.966824644549763,0.958730158730159,0.960061443932412,0.936608557844691,0.94896331738437,0,0.944178628389155,0.021875,0.366197183098592,0.312989045383412,0.963665086887836,0.960254372019078,0.964560862865948,0.961240310077519,0.0451010886469673,0.0421875,0.965630114566285,0.929906542056075,0.713395638629283,0.970358814352574,0.965785381026439,0.947204968944099,0,0,0.951588502269289,0,0.0946372239747634,0,0.942367601246106,0.303174603174603,0.233118971061093,0.14622641509434,0.982594936708861,0,0.135725429017161,0.962204724409449,0.970125786163522,0.638801261829653,0.429007633587786,0.22406015037594,0.196319018404908,0.6496,0.0358255451713396,0.136507936507936,0.568253968253968,0.277070063694268,0.712264150943396,0.0425196850393701,0,0.0368589743589744,0.343548387096774,0.957860615883306,0.628482972136223,0.252293577981651,0.626409017713366,0.857361963190184,0.95405819295559,0.93030794165316,0.950715421303657,0.964458804523425,0.966074313408724,0.575516693163752,0.430124223602484,0.96513470681458,0.0422960725075529,0.037821482602118,0.853968253968254,0.0138248847926267,0.962732919254658,0.932917316692668,0,0.145187601957586,0,0.925750394944708,0,0.942546583850932,0.962085308056872,0.0387596899224806,0.853543307086614,0.966205837173579,0.669341894060995,0.627725856697819,0.860979462875197,0,0,0.924466338259442,0.914414414414414,0.96583850931677,0,0,0.0400641025641026,0.267993874425727,0.509463722397476,0,0.467716535433071,0,0.889952153110048,0.958730158730159,0.180064308681672,0.259659969088099,0,0.361873990306947,0.592295345104334,0.843354430379747,0.933125972006221,0.762578616352201,0.0298273155416013,0.963993453355156,0.0171875,0.962171052631579,0,0.950693374422188,0.00772797527047913,0.964856230031949,0.0458860759493671,0.032258064516129,0,0,0.83695652173913,0.903691813804173,0.899529042386185,0.732307692307692,0.0579268292682927,0.0378548895899054,0.809076682316119,0.813169984686064,0,0.0524642289348172,0.933753943217666,0,0.951377633711507,0.930015552099533,0.0970266040688576,0.0440251572327044,0.03486529318542,0.967238689547582,0.47557003257329,0.108320251177394,0.137318255250404,0.141287284144427,0.693418940609952,0.121875,0.959311424100156,0,0.753205128205128,0.950078003120125,0.00318471337579618,0,0.0382262996941896,0,0.0363924050632911,0.959564541213064,0.712460063897764,0.042483660130719,0.0317965023847377,0.555194805194805,0.927884615384615,0.458461538461538,0.0546021840873635,0.0390243902439024,0.06645056726094,0.015748031496063,0,0.0542264752791069,0.0368098159509202,0.0272435897435897,0.0464396284829721,0.0382848392036753,0.0496,0.0609375,0.053125,0.0156494522691706,0.00477707006369427,0.0221169036334913,0.0202492211838006,0.0628930817610063,0.0445151033386327,0.0172684458398744,0.0377049180327869,0.0391849529780564,0.0496,0.0434782608695652,0.0202808112324493,0.0341085271317829,0.0689655172413793,0.0299850074962519,0.036624203821656
"209",0.8859375,0.873065015479876,0.904109589041096,0.892628205128205,0.884858044164038,0.877742946708464,0.897832817337461,0.897798742138365,0.871165644171779,0.00156494522691706,0.878461538461539,0.00154320987654321,0.654377880184332,0.8703125,0.162826420890937,0.140695915279879,0.00151057401812689,0.0154083204930663,0.87719298245614,0.878274268104777,0.275115919629057,0.136217948717949,0.868702290076336,0.0015220700152207,0.864197530864197,0.352574102964119,0.233176838810642,0.868670886075949,0.545592705167173,0.72824427480916,0.124615384615385,0.791601866251944,0.864566929133858,0.34375,0.0015625,0.873475609756098,0.0213414634146341,0.873846153846154,0.369207772795217,0.821646341463415,0.00155038759689922,0.0122324159021407,0.00768049155145929,0.882995319812793,0.794830371567044,0.145736434108527,0.547433903576983,0.106481481481481,0.564102564102564,0.237951807228916,0.00153139356814701,0.881901840490798,0.375963020030817,0.876335877862595,0.882260596546311,0.271028037383178,0.00156985871271586,0.86053882725832,0.905343511450382,0.911214953271028,0.361963190184049,0.493939393939394,0.126168224299065,0.0015625,0.836477987421384,0.784732824427481,0.0015600624024961,0.87402799377916,0.00154798761609907,0.116459627329193,0.787136294027565,0.126348228043143,0.138629283489097,0.880418535127055,0,0.779816513761468,0.163109756097561,0.620060790273556,0.973101265822785,0.373572593800979,0.00155038759689922,0.786707882534776,0.317147192716237,0.870426829268293,0.217457886676876,0.860606060606061,0.875,0.886821705426357,0.862951807228916,0.00895522388059702,0.87402799377916,0.866043613707165,0.00156985871271586,0.00154559505409583,0.872239747634069,0,0.397534668721109,0.871517027863777,0.00758725341426404,0.0093167701863354,0.674961119751166,0.00152905198776758,0.383177570093458,0.877934272300469,0.208144796380091,0.875786163522013,0.0109375,0.901869158878505,0.121306376360809,0.124042879019908,0.132307692307692,0.891509433962264,0.456386292834891,0.875,0.0016025641025641,0.902587519025875,0.803405572755418,0.00151975683890578,0.121765601217656,0.30298273155416,0.00150829562594268,0.874418604651163,0.353395061728395,0.192063492063492,0.878048780487805,0.245083207261725,0.882352941176471,0.885271317829457,0.00154798761609907,0.608024691358025,0.873831775700935,0.526645768025078,0.871473354231975,0.00154083204930663,0.862619808306709,0.14630467571644,0.00153609831029186,0.317111459968603,0.639625585023401,0.6032,0.00158730158730159,0.00159744408945687,0.87962962962963,0.776744186046512,0.265625,0.877708978328173,0.128125,0.858015267175573,0.519747235387046,0.887537993920973,0.244094488188976,0.874051593323217,0.885400313971743,0.791021671826625,0.871913580246914,0.106811145510836,0.870570107858243,0.125391849529781,0.00153139356814701,0.748427672955975,0.960725075528701,0.870030581039755,0.15,0.00152905198776758,0.881638846737481,0.553627760252366,0.880503144654088,0.880184331797235,0.874039938556068,0.358231707317073,0.893518518518518,0.1234375,0.867669172932331,0.125,0.95141065830721,0.451761102603369,0.00154559505409583,0.878274268104777,0.00152671755725191,0.813740458015267,0.88135593220339,0.217868338557994,0.881538461538461,0.868702290076336,0.883928571428571,0.872146118721461,0.207373271889401,0.478915662650602,0.86046511627907,0.8703125,0.180404354587869,0.125960061443932,0.907523510971787,0.887022900763359,0,0,0.405956112852665,0.0031055900621118,0.867981790591806,0.364741641337386,0.891135303265941,0.757716049382716,0.880733944954128,0.514018691588785,0.497730711043873,0.394126738794436,0.839313572542902,0.86697247706422,1,0.00157232704402516,0.810606060606061,0.2914653784219,0.864696734059098,0.128834355828221,0.19482496194825,0.594470046082949,0.873846153846154,0.877675840978593,0.924846625766871,0.882896764252696,0.853435114503817,0.00153609831029186,0.181679389312977,0.70392749244713,0.875786163522013,0.0015625,0.868702290076336,0.889055472263868,0.602782071097372,0.590769230769231,0.871674491392801,0.876602564102564,0.457098283931357,0.00158478605388273,0.908270676691729,0.641185647425897,0.90224358974359,0.127659574468085,0.868852459016393,0.893416927899687,0.873456790123457,0.869565217391304,0.593893129770992,0.129485179407176,0.8921875,0.575757575757576,0.115615615615616,0.121076233183857,0.292758089368259,0.116459627329193,0.258320126782884,0.694992412746586,0.121165644171779,0.119815668202765,0.130841121495327,0.64767616191904,0.160883280757098,0.882445141065831,0.00933125972006221,0.119122257053292,0.00152905198776758,0.341500765696784,0.881064162754304,0.871913580246914,0.840557275541796,0.0015220700152207,0.952153110047847,0.797235023041475,0.790446841294299,0.711180124223602,0.547692307692308,0.493690851735016,0.0107361963190184,0.871835443037975,0.215716486902928,0.7936,0.9015625,0.133846153846154,0.765432098765432,0.125386996904025,0.235747303543914,0.882352941176471,0.878205128205128,0.892355694227769,0.00151515151515152,0.686064318529862,0.893023255813953,0.00153846153846154,0.121580547112462,0.900593471810089,0.901716068642746,0,0.123076923076923,0.121804511278195,0.892913385826772,0.922345483359746,0.130503144654088,0,0.480559875583204,0.883096366508689,0.827534039334342,0.491628614916286,0.693877551020408,0.858895705521472,0.125382262996942,0.88,0.873651771956857,0.1359375,0.876712328767123,0.877329192546584,0.863708399366086,0.883076923076923,0.277777777777778,0.407751937984496,0.393846153846154,0.89792663476874,0.852090032154341,0.0458715596330275,0.3390625,0.9,0.246932515337423,0.376119402985075,0.886018237082067,0.870170015455951,0.883256528417819,0.722397476340694,0.871951219512195,0.327639751552795,0.904320987654321,0.874223602484472,0.00157728706624606,0.423831070889894,0.63452566096423,0.133540372670807,0.0473282442748092,0.123308270676692,0.850467289719626,0.155864197530864,0.118461538461538,0.00150602409638554,0.314728682170543,0.873817034700315,0.188361408882083,0.892063492063492,0.901253918495298,0.88062015503876,0.392801251956182,0.3824,0.683881064162754,0.53160453808752,0,0.804651162790698,0.13464447806354,0.150684931506849,0.313755795981453,0.864779874213837,0.127692307692308,0.00153139356814701,0.427469135802469,0.136157337367625,0.13713405238829,0.583850931677019,0.867283950617284,0.384126984126984,0.879365079365079,0.860062893081761,0.00152439024390244,0.875183553597651,0.120300751879699,0.866666666666667,0.799691833590139,0.886762360446571,0.140866873065015,0.860429447852761,0.116459627329193,0.818740399385561,0.761904761904762,0.861538461538462,0.883540372670807,0.87175572519084,0.389408099688474,0.875583203732504,0.870820668693009,0.128593040847201,0.132716049382716,0.871473354231975,0.872699386503067,0.431007751937985,0.811638591117917,0.8624,0.867378048780488,0.874233128834356,0.00156985871271586,0.224842767295597,0.876543209876543,0.128125,0.00157728706624606,0.903076923076923,0.0078740157480315,0.161442006269592,0.882716049382716,0.892141756548536,0.00469483568075117,0.667175572519084,0.485225505443235,0.893650793650794,0.117274167987322,0.813586097946288,0.8712715855573,0.462757527733756,0.645896656534954,0.836990595611285,0.00157232704402516,0.26840490797546,0.90937019969278,0.880503144654088,0.515432098765432,0.885496183206107,0.851791530944625,0.143076923076923,0.00154559505409583,0.874432677760968,0.873261205564142,0.87888198757764,0.692771084337349,0.122257053291536,0.951638065522621,0.327160493827161,0.28130081300813,0.00612557427258806,0.659375,0.624413145539906,0.673282442748092,0.00150829562594268,0.386942675159236,0.948916408668731,0.669195751138088,0.625382262996942,0.202080237741456,0.00153139356814701,0.00152439024390244,0.88,0.854984894259819,0,0.871875,0.0062015503875969,0.00151057401812689,0.00158730158730159,0.884858044164038,0.00154320987654321,0.882725832012678,0.761978361669243,0.59304084720121,0.881559220389805,0.0015600624024961,0.00155763239875389,0.882896764252696,0.863842662632375,0.771212121212121,0.125567322239032,0.0031201248049922,0.886877828054299,0.655226209048362,0.889408099688474,0.587878787878788,0.455676516329705,0.00153846153846154,0.863914373088685,0.125984251968504,0.915739268680445,0.199376947040498,0.00154320987654321,0.123880597014925,0.22257053291536,0.484602917341977,0.861963190184049,0.00151285930408472,0.887892376681614,0.871517027863777,0.88719512195122,0.0015552099533437,0.18622848200313,0.841761827079935,0.122611464968153,0.880551301684533,0.877488514548239,0.122699386503067,0.871559633027523,0.404024767801858,0.807395993836672,0.137770897832817,0.269592476489028,0.873831775700935,0.00947867298578199,0.116564417177914,0.893518518518518,0.135007849293564,0.713615023474178,0.491392801251956,0.00152905198776758,0.223404255319149,0.866454689984102,0.36793893129771,0.875576036866359,0.116822429906542,0.253067484662577,0.480645161290323,0.859701492537313,0.926267281105991,0.878504672897196,0.7671875,0.0015625,0.870342771982116,0.121765601217656,0.850539291217257,0.484602917341977,0.12443095599393,0.874806800618238,0.893023255813953,0.866251944012442,0.653435114503817,0.885093167701863,0.238924050632911,0.295031055900621,0.861491628614916,0.898305084745763,0.0015015015015015,0,0.87308868501529,0.856687898089172,0.142635658914729,0.893416927899687,0.883256528417819,0.466666666666667,0.880314960629921,0.728125,0.895052473763118,0,0.876755070202808,0.426127527216174,0.881901840490798,0.880551301684533,0.00147492625368732,0.663009404388715,0.893081761006289,0.130708661417323,0.773940345368917,0.463076923076923,0.77893175074184,0.729430379746835,0.861400894187779,0.206373292867982,0.899686520376176,0.873668188736682,0.897832817337461,0.391025641025641,0.197836166924266,0.884615384615385,0.883509833585477,0.00770416024653313,0.769113149847095,0.482334869431644,0.359447004608295,0.830508474576271,0.874425727411945,0.833333333333333,0.872503840245776,0.145285935085008,0.121951219512195,0.00153374233128834,0.934782608695652,0.124409448818898,0.115384615384615,0.379204892966361,0.00153374233128834,0.881804043545879,0.868501529051988,0.875981161695447,0.882262996941896,0.2099533437014,0.129429892141757,0.00149476831091181,0.00154083204930663,0.285266457680251,0.206896551724138,0.27217125382263,0,0.116385911179173,0.874617737003058,0.0646153846153846,0.384136858475894,0.877358490566038,0.636225266362253,0.867601246105919,0.719568567026194,0.685015290519878,0.00153609831029186,0.877037037037037,0.481946624803768,0.561622464898596,0.921804511278196,0.891271056661562,0.483920367534456,0.0091324200913242,0.890453834115806,0.885196374622356,0.00154559505409583,0.854103343465046,0.13713405238829,0.872990353697749,0.474497681607419,0,0.00773993808049536,0.590243902439024,0.885532591414944,0.124615384615385,0.233704292527822,0.0108191653786708,0.00158730158730159,0.750746268656716,0.137223974763407,0.879674796747967,0.427469135802469,0.882442748091603,0.119940029985007,0.426605504587156,0.402190923317684,0.965244865718799,0.206785137318255,0.127300613496933,0.00153846153846154,0.154205607476636,0.00153139356814701,0.884384384384384,0.128571428571429,0.900751879699248,0.119565217391304,0.878548895899054,0.00153374233128834,0.595488721804511,0.538341158059468,0.870917573872473,0.00159235668789809,0.877488514548239,0.0015748031496063,0.496845425867508,0.884384384384384,0.00152439024390244,0.680786686838124,0.870253164556962,0.732394366197183,0.911076443057722,0.148872180451128,0.00153846153846154,0.865325077399381,0.357254290171607,0.00149476831091181,0.783742331288344,0.114803625377644,0.147465437788018,0.881435257410296,0.884194053208138,0.876132930513595,0.850863422291994,0.865834633385335,0.00154798761609907,0.861154446177847,0.0186915887850467,0.444444444444444,0.393241167434716,0.870820668693009,0.882716049382716,0.879154078549849,0.876524390243902,0.0676923076923077,0.131782945736434,0.871382636655949,0.863429438543247,0.718608169440242,0.861801242236025,0.884792626728111,0.90809968847352,0.00152905198776758,0.00151515151515152,0.863905325443787,0.00150829562594268,0.179173047473201,0.0015600624024961,0.87211093990755,0.368336025848142,0.313971742543171,0.23206106870229,0.849293563579278,0.00153609831029186,0.207109737248841,0.872868217054264,0.879443585780526,0.7046875,0.502222222222222,0.307692307692308,0.288690476190476,0.658805031446541,0.120556414219474,0.226851851851852,0.614439324116744,0.331768388106416,0.727272727272727,0.125574272588055,0.0015527950310559,0.111287758346582,0.421135646687697,0.875993640699523,0.691603053435115,0.333832335329341,0.664098613251156,0.95619335347432,0.865671641791045,0.89983844911147,0.871875,0.883386581469649,0.876352395672334,0.632776934749621,0.518292682926829,0.880989180834621,0.12481426448737,0.130105900151286,1,0.0120663650075415,0.875766871165644,0.849772382397572,0.00156985871271586,0.227629513343799,0.0015527950310559,0.868012422360248,0,0.877112135176651,0.874233128834356,0.118618618618619,0.819875776397516,0.878048780487805,0.696062992125984,0.659509202453988,0.89060092449923,0.00153374233128834,0.00153139356814701,0.877450980392157,0.877061469265367,0.882800608828006,0.0015015015015015,0,0.116129032258065,0.30688622754491,0.524031007751938,0.0015600624024961,0.569659442724458,0.00152671755725191,0.85423197492163,0.883464566929134,0.263888888888889,0.335866261398176,0.0015015015015015,0.441640378548896,0.615264797507788,0.799072642967543,0.8910741301059,0.786585365853659,0.11993769470405,0.896988906497623,0.0232558139534884,0.8704,0,0.883156297420334,0.00619195046439629,0.871632329635499,0.1453125,0.0880503144654088,0.0015220700152207,0.00154798761609907,0.926040061633282,0.85781990521327,0.897865853658537,0.711711711711712,0.137573964497041,0.126365054602184,0.774691358024691,0.774242424242424,0.00156985871271586,0.128125,0.856259659969088,0,0.863924050632911,0.901365705614568,0.174311926605505,0.0398162327718224,0.110599078341014,0.874809160305344,0.550314465408805,0.183458646616541,0.221337579617834,0.236006051437216,0.763492063492063,0.192901234567901,0.87888198757764,0.00153139356814701,0.746875,0.874051593323217,0.00473186119873817,0.00155038759689922,0.117994100294985,0,0.131172839506173,0.87308868501529,0.700626959247649,0.117739403453689,0.121306376360809,0.609794628751975,0.921507064364207,0.512269938650307,0.0484848484848485,0.123417721518987,0.064873417721519,0.0248447204968944,0.0015600624024961,0.13312693498452,0.134238310708899,0.12210200927357,0.133333333333333,0.118975903614458,0.0441640378548896,0.0491551459293395,0.12888198757764,0.025,0.00630914826498423,0.0388198757763975,0.0290519877675841,0.0533536585365854,0.128682170542636,0.0292307692307692,0.121069182389937,0.131172839506173,0.0425867507886435,0.122699386503067,0.0379362670713202,0.118827160493827,0.147692307692308,0.123711340206186,0.115625
"210",0,0,0,0,0,0,0.0143312101910828,0.0015748031496063,0,1,0,1,0,0,0,0,1,0.98256735340729,0,0,0,0,0,1,0,0,0,0,0,0,0,0,0.00159235668789809,0,1,0,0.976599063962558,0,0,0,0.998417721518987,0.982785602503912,0.9921875,0,0,0,0,0,0,0,1,0,0,0,0.014218009478673,0,1,0,0.00313479623824451,0,0,0,0,1,0,0,1,0,1,0,0,0,0,0,1,0.0015527950310559,0,0,0.00158982511923688,0,1,0,0,0,0,0,0,0,0.00156985871271586,0.98937784522003,0,0,1,1,0,1,0.0173228346456693,0,0.990580847723705,0.989045383411581,0.0110935023771791,1,0,0,0,0,0.990430622009569,0.00317965023847377,0,0,0,0.0175718849840256,0,0,1,0,0,1,0,0,1,0.00157977883096367,0,0,0,0,0,0,1,0.0062402496099844,0,0,0,1,0,0,1,0,0,0.00648298217179903,1,1,0,0,0,0,0,0,0,0,0,0,0,0,0,0,0,0,1,0,0.00623052959501558,0,0,1,0,0,0,0,0,0,0,0,0,0,0.00318979266347687,0,1,0,1,0,0,0,0,0,0,0,0,0,0,0,0,0,0,0.0217054263565891,1,1,0,0.9984375,0,0,0.012779552715655,0,0,0,0,0,0,0,0.00157232704402516,1,0,0,0,0,0,0.00475435816164818,0,0,0.00157728706624606,0,0,1,0,0,0,1,0,0,0.00479233226837061,0,0,0,0.0186915887850467,1,0.0154798761609907,0,0,0,0,0,0,0,0,0,0,0,0,0,0,0,0,0,0,0,0,0,0,0,0.989010989010989,0,1,0.0016,0,0,0,1,0.00161550888529887,0.00156494522691706,0,0,0,0,0.989113530326594,0,0,0,0,0,0,0,0,0,0,0.016,1,0,0.0176282051282051,1,0,0.0168970814132104,0.00159235668789809,1,0,0,0,0,0,1,0.0158478605388273,0,0,0,0,0,0,0,0,0,0,0,0,0,0,0,0,0.0032,0,0.94620253164557,0,0,0,0,0,0,0,0,0,0,0,0,1,0,0.00813008130081301,0,0.945736434108527,0,0,0,0,1,0,0,0,0,0,0,0,0,0,0,1,0,0,0,0,0,0,1,0,0,0,0.00311526479750779,0,0,0,0,1,0,0,0,0,0,0,0,0,0,0,0,0,0.00313971742543171,0,0,0,0,0,0,0,0,0,0,0,0,1,0,0,0,1,0,0.988673139158576,0,0,0,0.995169082125604,0.00955414012738853,0,0,0,0,0,0,0,0,1,0,0.00164203612479475,0,0,0,0,0,0.998435054773083,0,0,0,0,0,0.00644122383252818,0,0.015025041736227,0.9921875,0,0,0,1,0,0.00160513643659711,0,0,0,1,1,0,0,1,0,0.988636363636364,1,1,0,1,0,0.00159489633173844,0.00617283950617284,0,1,1,0,0,0,0,0.996763754045307,0.0230414746543779,0,0,0,0,1,0,0,0.00158730158730159,0,1,0,0,0,0.00160513643659711,1,0,0,0,1,0,0,0,0,0,0,0,0,0,0,0.0016025641025641,0,0.990306946688207,0,0,0,0,0.0110410094637224,1,0,0.00323624595469256,0,0,0,0,0,0,0,0,0,1,0,0,0,0.00325732899022801,0,0,0,0,0,0,0,0,0,0.0156494522691706,1,1,0,0,0,0,0,0,0,0,0.0185471406491499,1,0,0.0176848874598071,0,0,1,0,0,0,0.00158227848101266,0,0,0,0,0,0.0032,0,0,0.0147058823529412,0.0238095238095238,0,0,0.992138364779874,0,0,0,0,0,0,0,0.771739130434783,0,1,0.0015552099533437,0,0,0,1,0,0,0,0,0,0,1,1,0,0,0,1,0,0,0.555382215288612,0,0,0.0093167701863354,0,0,0,1,0,0,0,0.0060882800608828,0,0,0.990580847723705,0,0,1,0.00153139356814701,0,0,0,1,0.990536277602524,0,0,0,0,0.987519500780031,0.998355263157895,0,0,0,0,0,0,0,0,0.00642054574638844,0,0,0.996825396825397,0,1,0,0.134646962233169,0.00149253731343284,0,0,1,0,0,0,1,0,1,0,0,1,0.0173501577287066,0,0,0.0016260162601626,0,1,0,0,1,0,0,0,0,0,0,0.00159235668789809,0,1,0,0.975193798449612,0.0189274447949527,0,0,0,0,0,0.907523510971787,0,0,0,0,0,0,0,1,1,0,1,0,1,0,0,0,0,0,0.998407643312102,0,0,0,0,0,0,0,0,0,0,0,0,0,0,1,0,0.0175438596491228,0,0.031104199066874,0,0,0.00626959247648903,0,0,0,0,0,0,0,0,0,0,0.00313971742543171,0.989079563182527,0,0,1,0,1,0,1,0,0,0,0,0,0.00161290322580645,0,0.0209677419354839,1,1,0,0,0,1,1,0,0,0,1,0,1,0,0,0.0303030303030303,0,1,0,0,0,0,0,0,0,0.96998420221169,0,1,0,0.990491283676704,0,0,0.355411954765751,1,1,0.00156494522691706,0,0.0109034267912773,0,0,0,0,0,1,0,0,1,0,0,0,0.957878315132605,0,0,0,0,0,0,0,0,0,1,0,0,0.995176848874598,1,0,1,0,0,0,0,0,0.00486223662884927,0.00471698113207547,0,0.951863354037267,0,0.893481717011129,0.973354231974922,1,0.15814696485623,0,0,0.00617283950617284,0,0.949044585987261,0.940809968847352,0,0.973101265822785,0.99184339314845,0.942675159235669,0.967741935483871,0.938679245283019,0,0.96513470681458,0,0,0.951456310679612,0,0.925696594427245,0,0.0511182108626198,0,0
"211",0.889235569422777,0.878648233486943,0.865151515151515,0.849840255591054,0.861852433281005,0.875806451612903,0.821596244131455,0.86697965571205,0.88719512195122,0,0.872841444270016,0,0.584251968503937,0.881141045958796,0.152380952380952,0.131901840490798,0,0.0125391849529781,0.884012539184953,0.867924528301887,0.281733746130031,0.153481012658228,0.87673343605547,0,0.874809160305344,0.345425867507886,0.221879815100154,0.871835443037975,0.539156626506024,0.697852760736196,0.122887864823349,0.6953125,0.756630265210608,0.379471228615863,0,0.882170542635659,0.0154083204930663,0.875957120980092,0.378787878787879,0.842024539877301,0.00157232704402516,0.0138036809815951,0.00460122699386503,0.897798742138365,0.758785942492013,0.13237639553429,0.550860719874804,0.119565217391304,0.525525525525526,0.251543209876543,0,0.877112135176651,0.359937402190923,0.878125,0.805598755832037,0.267515923566879,0,0.869905956112853,0.850609756097561,0.827956989247312,0.379416282642089,0.506998444790047,0.118670886075949,0,0.866028708133971,0.814814814814815,0,0.8712715855573,0,0.117465224111283,0.807339449541284,0.121306376360809,0.130094043887147,0.884969325153374,0,0.705343511450382,0.159754224270353,0.598159509202454,0.811501597444089,0.338842975206612,0,0.701807228915663,0.288753799392097,0.883614088820827,0.228527607361963,0.835365853658537,0.885579937304075,0.8678955453149,0.874613003095975,0.00909090909090909,0.8765625,0.872670807453416,0,0,0.861370716510903,0,0.401225114854518,0.867394695787831,0.00612557427258806,0.0077639751552795,0.649532710280374,0,0.392405063291139,0.893081761006289,0.225416036308623,0.890822784810127,0.00777604976671851,0.864485981308411,0.117739403453689,0.121684867394696,0.128086419753086,0.82780410742496,0.405616224648986,0.869029275808937,0,0.867283950617284,0.701996927803379,0,0.12326656394453,0.328682170542636,0,0.756329113924051,0.358730158730159,0.192616372391653,0.869631901840491,0.263399693721286,0.880368098159509,0.879019908116386,0,0.617511520737327,0.836671802773498,0.551779935275081,0.889937106918239,0,0.880191693290735,0.140695915279879,0,0.32807570977918,0.630841121495327,0.586370839936609,0,0,0.863565891472868,0.763523956723339,0.266875981161695,0.87906976744186,0.112852664576803,0.848200312989045,0.44006309148265,0.857142857142857,0.263492063492063,0.870170015455951,0.87719298245614,0.794435857805255,0.863636363636364,0.110062893081761,0.876543209876543,0.12755905511811,0,0.772012578616352,0.790273556231003,0.887022900763359,0.120980091883614,0,0.875957120980092,0.504823151125402,0.889967637540453,0.880484114977307,0.889057750759878,0.36969696969697,0.863287250384025,0.125776397515528,0.847432024169184,0.114754098360656,0.812006319115324,0.42572741194487,0,0.883540372670807,0,0.787365177195686,0.875583203732504,0.217868338557994,0.865030674846626,0.856037151702786,0.870919881305638,0.876899696048632,0.21671826625387,0.44478527607362,0.8464,0.844936708860759,0.162246489859594,0.117465224111283,0.868670886075949,0.786604361370717,0,0,0.416275430359937,0.00154083204930663,0.886018237082067,0.34947049924357,0.814580031695721,0.741140215716487,0.873303167420814,0.528771384136858,0.49768875192604,0.395275590551181,0.813990461049285,0.842433697347894,0.810606060606061,0,1,0.29093799682035,0.85691573926868,0.121451104100946,0.178410794602699,0.622464898595944,0.888372093023256,0.863987635239567,0.782071097372488,0.89060092449923,0.811912225705329,0,0.1890625,0.693233082706767,0.871019108280255,0,0.880916030534351,0.864253393665158,0.614307931570762,0.547286821705426,0.877358490566038,0.888535031847134,0.459501557632399,0,0.818181818181818,0.557275541795666,0.870192307692308,0.111627906976744,0.844311377245509,0.886435331230284,0.882896764252696,0.834621329211746,0.554033485540335,0.119496855345912,0.870917573872473,0.564142194744977,0.127853881278539,0.124620060790274,0.313971742543171,0.12210200927357,0.269291338582677,0.692424242424242,0.1203125,0.115562403697997,0.122511485451761,0.656156156156156,0.150078988941548,0.870866141732283,0.0109546165884194,0.110248447204969,0,0.333333333333333,0.888364779874214,0.869767441860465,0.840490797546012,0,0.792,0.820395738203957,0.697819314641745,0.622119815668203,0.499219968798752,0.509523809523809,0.0093167701863354,0.889751552795031,0.219662058371736,0.703703703703704,0.8640625,0.139318885448916,0.758190327613105,0.131868131868132,0.239938080495356,0.878787878787879,0.882539682539683,0.831761006289308,0,0.684782608695652,0.808544303797468,0,0.112828438948995,0.823442136498516,0.880248833592535,0,0.123867069486405,0.109756097560976,0.86762360446571,0.812400635930048,0.124401913875598,0,0.4796875,0.869905956112853,0.751145038167939,0.439252336448598,0.70859872611465,0.843894899536321,0.12037037037037,0.884969325153374,0.874242424242424,0.124213836477987,0.856259659969088,0.880248833592535,0.8736,0.895223420647149,0.28149300155521,0.390577507598784,0.395705521472393,0.870917573872473,0.832535885167464,0.0405616224648986,0.351097178683386,0.8609375,0.241433021806854,0.392857142857143,0.883177570093458,0.885093167701863,0.86676875957121,0.715434083601286,0.867692307692308,0.329153605015674,0.863705972434916,0.880877742946709,0,0.408536585365854,0.603421461897356,0.138248847926267,0.0421216848673947,0.124809741248097,0.809160305343511,0.150306748466258,0.122257053291536,0,0.327102803738318,0.8712715855573,0.187106918238994,0.882258064516129,0.875968992248062,0.866771159874608,0.402843601895735,0.409309791332263,0.673374613003096,0.479740680713128,0,0.788401253918495,0.129518072289157,0.141768292682927,0.320061255742726,0.890127388535032,0.127329192546584,0,0.406491499227202,0.125,0.148031496062992,0.505409582689335,0.884858044164038,0.3536,0.882067851373183,0.868012422360248,0,0.872403560830861,0.120060790273556,0.887864823348694,0.796557120500782,0.8944,0.122291021671827,0.883359253499222,0.110419906687403,0.821316614420063,0.693163751987281,0.872340425531915,0.886676875957121,0.883792048929664,0.390015600624025,0.842022116903633,0.878195488721805,0.115151515151515,0.148091603053435,0.867507886435331,0.876947040498442,0.385560675883257,0.829984544049459,0.896774193548387,0.853395061728395,0.886676875957121,0,0.214626391096979,0.888544891640867,0.124006359300477,0,0.865116279069767,0.0095389507154213,0.151898734177215,0.878603945371775,0.869565217391304,0.00313971742543171,0.664098613251156,0.470125786163522,0.875786163522013,0.12755905511811,0.783570300157978,0.877813504823151,0.454828660436137,0.68,0.76049766718507,0,0.278560250391236,0.875796178343949,0.886292834890966,0.49922480620155,0.887692307692308,0.852090032154341,0.133540372670807,0.00153846153846154,0.874425727411945,0.865116279069767,0.848673946957878,0.683641975308642,0.132911392405063,0.800627943485086,0.330733229329173,0.287828947368421,0.00763358778625954,0.650316455696203,0.694488188976378,0.627300613496933,0,0.351524879614767,0.815625,0.648062015503876,0.54833836858006,0.181818181818182,0,0,0.874084919472914,0.877828054298643,0,0.85202492211838,0.0112,0,0,0.875993640699523,0,0.882636655948553,0.746130030959752,0.600605143721634,0.880121396054628,0,0,0.891304347826087,0.858841010401189,0.731895223420647,0.120795107033639,0.00318471337579618,0.801829268292683,0.68030303030303,0.894899536321484,0.553822152886115,0.413312693498452,0,0.868300153139357,0.119047619047619,0.864992150706436,0.199685534591195,0,0.124251497005988,0.233704292527822,0.546341463414634,0.863207547169811,0,0.86036036036036,0.879204892966361,0.884080370942813,0,0.184126984126984,0.851973684210526,0.12258064516129,0.875389408099688,0.870426829268293,0.131172839506173,0.885625965996909,0.41112828438949,0.777089783281734,0.12,0.272,0.857142857142857,0.00925925925925926,0.123839009287926,0.864197530864197,0.125806451612903,0.663026521060842,0.427899686520376,0,0.2398753894081,0.712025316455696,0.375389408099688,0.87037037037037,0.120184899845917,0.239197530864198,0.512861736334405,0.862121212121212,0.799065420560748,0.852484472049689,0.718553459119497,0,0.872699386503067,0.125,0.869158878504673,0.479935794542536,0.114457831325301,0.873282442748092,0.879120879120879,0.880877742946709,0.629179331306991,0.870769230769231,0.253543307086614,0.292307692307692,0.893682588597843,0.8149300155521,0,0,0.879173290937997,0.861198738170347,0.1265625,0.882629107981221,0.881435257410296,0.481481481481481,0.856692913385827,0.803149606299213,0.813455657492355,0,0.874806800618238,0.430793157076205,0.8765625,0.871517027863777,0,0.687598116169545,0.871428571428571,0.124416796267496,0.689381933438986,0.425696594427245,0.764970059880239,0.682108626198083,0.854790419161677,0.201192250372578,0.8688,0.877138413685848,0.873846153846154,0.384126984126984,0.221879815100154,0.876543209876543,0.87062404870624,0.0061633281972265,0.781733746130031,0.562691131498471,0.333860759493671,0.735294117647059,0.8801261829653,0.810344827586207,0.877112135176651,0.131498470948012,0.115384615384615,0,0.785602503912363,0.122834645669291,0.12093023255814,0.353395061728395,0,0.880434782608696,0.827692307692308,0.886115444617785,0.877828054298643,0.190993788819876,0.1234375,0,0,0.278301886792453,0.185714285714286,0.251170046801872,0,0.108895705521472,0.873651771956857,0.0635400907715582,0.4015625,0.8848,0.643625192012289,0.864649681528662,0.663076923076923,0.667170953101362,0,0.883861236802413,0.508580343213729,0.609375,0.844311377245509,0.874613003095975,0.464012251148545,0.00771604938271605,0.848909657320872,0.863013698630137,0,0.865558912386707,0.133540372670807,0.879614767255217,0.506079027355623,0,0.00921658986175115,0.613057324840764,0.77293934681182,0.113707165109034,0.237261146496815,0.0108695652173913,0.0016,0.702823179791976,0.13302034428795,0.878737541528239,0.398162327718224,0.876335877862595,0.115562403697997,0.455927051671733,0.376582278481013,0.797124600638978,0.211538461538462,0.118098159509202,0.00312989045383412,0.160883280757098,0,0.88109756097561,0.144444444444444,0.867579908675799,0.129746835443038,0.880191693290735,0,0.53680981595092,0.524409448818898,0.86875,0,0.873668188736682,0,0.4528,0.870090634441088,0,0.678955453149002,0.87519747235387,0.718553459119497,0.85423197492163,0.153609831029186,0,0.88390092879257,0.348837209302326,0,0.68944099378882,0.113464447806354,0.136294027565084,0.884555382215289,0.875786163522013,0.876524390243902,0.860031104199067,0.86875,0,0.877551020408163,0.0184331797235023,0.436555891238671,0.368663594470046,0.870967741935484,0.88006230529595,0.875968992248062,0.887022900763359,0.0625978090766823,0.128325508607199,0.875816993464052,0.861111111111111,0.716463414634146,0.880184331797235,0.887692307692308,0.86676875957121,0,0,0.878518518518518,0,0.173846153846154,0.0015527950310559,0.861586314152411,0.353503184713376,0.2928,0.237654320987654,0.837173579109063,0.00154320987654321,0.227554179566563,0.86875,0.88390092879257,0.658841940532081,0.518684603886398,0.301186943620178,0.264350453172205,0.650470219435737,0.117737003058104,0.229938271604938,0.622874806800618,0.346394984326019,0.699395770392749,0.1328125,0,0.10062893081761,0.415094339622642,0.873801916932907,0.648690292758089,0.340298507462687,0.636645962732919,0.797235023041475,0.888379204892966,0.882539682539683,0.870607028753994,0.868878357030016,0.872239747634069,0.585516178736518,0.468217054263566,0.876352395672334,0.127055306427504,0.129770992366412,0.809076682316119,0.00918836140888208,0.886328725038402,0.875187969924812,0,0.212698412698413,0,0.849144634525661,0,0.871362940275651,0.880877742946709,0.125960061443932,0.782407407407407,0.882800608828006,0.673566878980892,0.641104294478528,0.821150855365474,0,0,0.842787682333874,0.859050445103858,0.87037037037037,0,0,0.103174603174603,0.331831831831832,0.55,0,0.503095975232198,0,0.840944881889764,0.884858044164038,0.265402843601896,0.321538461538462,0,0.410459587955626,0.600924499229584,0.80564263322884,0.863636363636364,0.746875,0.122291021671827,0.879120879120879,0.0234741784037559,0.882165605095541,0,0.870481927710843,0.00775193798449612,0.88125,0.133956386292835,0.0880503144654088,0,0,0.787037037037037,0.817749603803486,0.839506172839506,0.775229357798165,0.144992526158445,0.121451104100946,0.785381026438569,0.781487101669196,0,0.130914826498423,0.8671875,0,0.871428571428571,0.875,0.177469135802469,0.0353302611367127,0.122480620155039,0.881172839506173,0.482059282371295,0.17984496124031,0.212460063897764,0.210687022900763,0.712680577849117,0.210122699386503,0.892018779342723,0,0.752321981424149,0.863777089783282,0.00473186119873817,0,0.118440779610195,0,0.131618759455371,0.8796875,0.771293375394322,0.110759493670886,0.124600638977636,0.605095541401274,0.855555555555556,0.51840490797546,0.0443425076452599,0.119808306709265,0.0589171974522293,0.0186046511627907,0,0.126365054602184,0.116490166414523,0.130708661417323,0.125766871165644,0.118361153262519,0.0410742496050553,0.0494590417310665,0.12792511700468,0.0170015455950541,0.00635930047694754,0.0278207109737249,0.0214395099540582,0.049079754601227,0.13125,0.021671826625387,0.115755627009646,0.117739403453689,0.0382775119617225,0.120253164556962,0.0321100917431193,0.116279069767442,0.145736434108527,0.117469879518072,0.120184899845917
"212",0.177446102819237,0.178743961352657,0.202875399361022,0.238486842105263,0.175986842105263,0.169717138103161,0.272875816993464,0.203821656050955,0.173015873015873,0,0.175040518638574,0,0.54414125200642,0.165845648604269,0.817307692307692,0.830917874396135,0,0.00322061191626409,0.175986842105263,0.190016103059581,0.9328,0.816971713810316,0.189320388349515,0,0.225806451612903,0.726537216828479,0.834405144694534,0.195652173913043,0.657232704402516,0.472089314194577,0.823899371069182,0.483870967741935,0.401315789473684,0.693548387096774,0,0.168284789644013,0.0111642743221691,0.174121405750799,0.871473354231975,0.25625,0,0.00158478605388273,0,0.170454545454545,0.393388429752066,0.84297520661157,0.572123176661264,0.831168831168831,0.632075471698113,0.772151898734177,0,0.180354267310789,0.833333333333333,0.166666666666667,0.282926829268293,0.784789644012945,0,0.20327868852459,0.214285714285714,0.2864,0.703525641025641,0.670436187399031,0.824390243902439,0,0.28735632183908,0.354992076069731,0,0.18657937806874,0,0.828150572831424,0.290584415584416,0.814144736842105,0.829268292682927,0.17693522906793,0,0.462145110410095,0.836507936507937,0.50796178343949,0.275862068965517,0.741116751269036,0,0.456418383518225,0.723538704581359,0.17329093799682,0.783653846153846,0.272583201267829,0.173501577287066,0.196141479099678,0.196485623003195,0,0.186161449752883,0.168852459016393,0,0,0.200980392156863,0,0.817447495961228,0.2,0,0,0.582539682539683,0,0.873581847649919,0.165289256198347,0.918789808917197,0.174917491749175,0,0.197411003236246,0.830313014827018,0.822950819672131,0.832802547770701,0.250401284109149,0.690322580645161,0.175040518638574,0,0.188197767145136,0.456140350877193,0,0.827697262479871,0.735152487961477,0,0.408566721581549,0.941747572815534,0.820168067226891,0.2,0.77337559429477,0.175632911392405,0.176470588235294,0,0.646302250803859,0.248772504091653,0.579378068739771,0.199341021416804,0,0.170529801324503,0.829383886255924,0,0.943089430894309,0.454397394136808,0.687603305785124,0,0,0.192182410423453,0.416260162601626,0.752491694352159,0.173913043478261,0.814814814814815,0.248397435897436,0.621533442088091,0.178060413354531,0.967479674796748,0.189320388349515,0.168026101141925,0.326860841423948,0.162074554294976,0.8125,0.169628432956381,0.830645161290323,0,0.435897435897436,0.3015625,0.185897435897436,0.824,0,0.172523961661342,0.658978583196046,0.179661016949153,0.182692307692308,0.172025723472669,0.688888888888889,0.202852614896989,0.831460674157303,0.214849921011058,0.826833073322933,0.2569558101473,0.670364500792393,0,0.191082802547771,0,0.301765650080257,0.172638436482085,0.798045602605863,0.195512820512821,0.22488038277512,0.190923317683881,0.200317965023847,0.823909531502423,0.648264984227129,0.254515599343186,0.245499181669394,0.834138486312399,0.826923076923077,0.199021207177814,0.293159609120521,0,0,0.89983844911147,0,0.174121405750799,0.744444444444444,0.289256198347107,0.378812199036918,0.183254344391785,0.762520193861066,0.618441971383148,0.907915993537964,0.232142857142857,0.195081967213115,0.2914653784219,0,0.29093799682035,1,0.224919093851133,0.8352,0.810509554140127,0.652173913043478,0.199029126213592,0.192926045016077,0.343598055105348,0.188709677419355,0.297385620915033,0,0.811111111111111,0.488993710691824,0.190553745928339,0,0.172741679873217,0.18957345971564,0.639741518578352,0.521739130434783,0.187702265372168,0.171666666666667,0.790322580645161,0,0.2624,0.58112582781457,0.204620462046205,0.824367088607595,0.215189873417722,0.167207792207792,0.176848874598071,0.235483870967742,0.544881889763779,0.829228243021346,0.204838709677419,0.552715654952077,0.8234375,0.816455696202532,0.7168,0.827642276422764,0.957654723127036,0.503154574132492,0.818770226537217,0.827751196172249,0.823717948717949,0.590111642743222,0.819376026272578,0.193181818181818,0,0.819063004846527,0,0.894039735099338,0.178861788617886,0.196513470681458,0.273905996758509,0,0.308724832214765,0.321086261980831,0.465266558966074,0.5103668261563,0.608482871125612,0.588907014681892,0,0.173139158576052,0.934713375796178,0.477685950413223,0.208130081300813,0.828525641025641,0.428338762214984,0.830917874396135,0.810897435897436,0.181962025316456,0.172818791946309,0.279605263157895,0,0.534920634920635,0.279032258064516,0,0.82670906200318,0.268867924528302,0.184640522875817,0,0.837060702875399,0.830128205128205,0.199004975124378,0.29344262295082,0.832781456953642,0,0.777424483306836,0.178396072013093,0.385335413416537,0.647249190938511,0.529315960912052,0.211690363349131,0.822294022617124,0.186009538950715,0.171383647798742,0.814332247557003,0.212317666126418,0.182552504038772,0.200328407224959,0.177133655394525,0.774716369529984,0.810810810810811,0.907496012759171,0.196399345335516,0.233333333333333,0.0112540192926045,0.729064039408867,0.213703099510604,0.770465489566613,0.710031347962382,0.177631578947368,0.173983739837398,0.201652892561983,0.478547854785479,0.162974683544304,0.753670473083197,0.216905901116427,0.162295081967213,0,0.800963081861958,0.647154471544715,0.826645264847512,0.0126782884310618,0.822222222222222,0.251207729468599,0.81687898089172,0.830371567043619,0,0.750809061488673,0.192182410423453,0.805825242718447,0.177664974619289,0.216828478964401,0.181523500810373,0.912052117263844,0.911666666666667,0.453355155482815,0.596314907872697,0,0.341543513957307,0.834384858044164,0.807017543859649,0.910969793322735,0.171617161716172,0.8336,0,0.807504078303426,0.815580286168522,0.843137254901961,0.591803278688525,0.175986842105263,0.7166392092257,0.171717171717172,0.204213938411669,0,0.185471406491499,0.820754716981132,0.168238993710692,0.333865814696486,0.175675675675676,0.833876221498371,0.191626409017713,0.818330605564648,0.291803278688525,0.453047775947282,0.228209191759113,0.203554119547658,0.173983739837398,0.896607431340872,0.225283630470016,0.17246835443038,0.813880126182965,0.819063004846527,0.160975609756098,0.168539325842697,0.696920583468395,0.276083467094703,0.208681135225376,0.224522292993631,0.17384370015949,0,0.793103448275862,0.162939297124601,0.82741935483871,0,0.203915171288744,0,0.819512195121951,0.168769716088328,0.199362041467305,0,0.576985413290113,0.634304207119741,0.19344262295082,0.823920265780731,0.294498381877023,0.178451178451178,0.691680261011419,0.5728,0.379767827529022,0,1,0.196747967479675,0.183306055646481,0.605177993527508,0.169354838709677,0.204047217537943,0.820224719101124,0,0.199685534591195,0.177705977382876,0.212121212121212,0.435691318327974,0.824104234527687,0.301435406698565,0.7504,0.828231292517007,0,0.512315270935961,0.530179445350734,0.520064205457464,0,0.726351351351351,0.252442996742671,0.475357710651828,0.559105431309904,0.79153605015674,0,0,0.168769716088328,0.188498402555911,0,0.244336569579288,0,0,0,0.170212765957447,0,0.193388429752066,0.402208201892744,0.660883280757098,0.1728,0,0,0.182108626198083,0.209048361934477,0.4375,0.82741935483871,0,0.287758346581876,0.581059390048154,0.172077922077922,0.553945249597424,0.681818181818182,0,0.191935483870968,0.82013201320132,0.222950819672131,0.794165316045381,0,0.821036106750393,0.760975609756098,0.580101180438449,0.194489465153971,0,0.228070175438596,0.202229299363057,0.169354838709677,0,0.817447495961228,0.228714524207012,0.829716193656094,0.17384370015949,0.170692431561997,0.820349761526232,0.162640901771337,0.915584415584416,0.365105008077544,0.830065359477124,0.92962356792144,0.212071778140294,0,0.818327974276527,0.207278481012658,0.823333333333333,0.513911620294599,0.62379421221865,0,0.839805825242718,0.4,0.928455284552846,0.195859872611465,0.829545454545455,0.80188679245283,0.607321131447587,0.225,0.272870662460568,0.226600985221675,0.380794701986755,0,0.188197767145136,0.830218068535826,0.192868719611021,0.785714285714286,0.827044025157233,0.166129032258065,0.170418006430868,0.156606851549755,0.459069020866774,0.1792,0.944894651539708,0.974025974025974,0.229402261712439,0.283891547049442,0,0,0.1875,0.230392156862745,0.836867862969005,0.194489465153971,0.186195826645265,0.8432,0.245499181669394,0.446808510638298,0.275316455696203,0,0.194533762057878,0.812297734627832,0.171701112877583,0.177993527508091,0,0.504091653027823,0.194078947368421,0.817891373801917,0.457792207792208,0.655228758169935,0.357473035439137,0.456810631229236,0.214397496087637,0.798107255520505,0.189456342668863,0.176565008025682,0.201612903225806,0.836363636363636,0.827974276527331,0.176282051282051,0.173981191222571,0,0.379968203497615,0.621187800963082,0.733652312599681,0.391162029459902,0.185007974481659,0.260586319218241,0.182258064516129,0.139717425431711,0.821848739495798,0,0.357963875205255,0.830894308943089,0.822866344605475,0.730769230769231,0,0.18578352180937,0.259968102073365,0.184039087947883,0.182250396196513,0.809135399673736,0.832528180354267,0,0,0.956451612903226,0.833605220228385,0.795527156549521,0,0.825806451612903,0.164296998420221,0.346092503987241,0.913114754098361,0.182113821138211,0.610576923076923,0.214285714285714,0.488993710691824,0.503888024883359,0,0.179173047473201,0.787928221859706,0.689655172413793,0.246894409937888,0.182829888712242,0.761827079934747,0,0.223832528180354,0.219626168224299,0,0.205007824726135,0.830645161290323,0.176961602671119,0.616747181964573,0,0,0.684563758389262,0.34775641025641,0.824367088607595,0.799019607843137,0,0,0.408805031446541,0.825525040387722,0.161344537815126,0.698890649762282,0.170111287758347,0.819645732689211,0.651612903225806,0.673234811165846,0.307178631051753,0.793388429752066,0.8272,0,0.816693944353519,0,0.180404354587869,0.702970297029703,0.199367088607595,0.8288,0.189320388349515,0,0.558917197452229,0.650326797385621,0.173139158576052,0,0.177952755905512,0,0.655683690280066,0.184834123222749,0,0.5232,0.192307692307692,0.370550161812298,0.228758169934641,0.827315541601256,0,0.170967741935484,0.733766233766234,0,0.47244094488189,0.82601880877743,0.83147853736089,0.186885245901639,0.168831168831169,0.176751592356688,0.194489465153971,0.195512820512821,0,0.198707592891761,0.00317965023847377,0.807324840764331,0.720190779014308,0.181818181818182,0.181669394435352,0.189274447949527,0.180511182108626,0.0512,0.838095238095238,0.193069306930693,0.215434083601286,0.4265625,0.191387559808612,0.160883280757098,0.213938411669368,0,0,0.194099378881988,0,0.810126582278481,0.00162866449511401,0.214968152866242,0.728925619834711,0.771523178807947,0.845047923322684,0.237012987012987,0.00159235668789809,0.904376012965964,0.178060413354531,0.186602870813397,0.52411575562701,0.762633996937213,0.726429675425039,0.776898734177215,0.467532467532468,0.827258320126783,0.780998389694042,0.633387888707038,0.720779220779221,0.43217665615142,0.814102564102564,0,0.823338735818476,0.815,0.167774086378738,0.541062801932367,0.923076923076923,0.4912,0.301765650080257,0.187004754358162,0.221297836938436,0.181818181818182,0.176372712146423,0.177814029363785,0.542763157894737,0.626794258373206,0.183739837398374,0.833073322932917,0.825196850393701,0.303656597774245,0,0.1728,0.192,0,0.792421746293245,0,0.211974110032362,0,0.204838709677419,0.173633440514469,0.838449111470113,0.3232,0.17329093799682,0.527272727272727,0.538338658146965,0.288492706645057,0,0,0.253756260434057,0.23159509202454,0.189792663476874,0,0,0.822742474916388,0.746835443037975,0.567307692307692,0,0.618210862619808,0,0.244663382594417,0.172638436482085,0.795417348608838,0.711811023622047,0,0.692691029900332,0.507177033492823,0.284126984126984,0.208530805687204,0.395161290322581,0.833602584814216,0.186046511627907,0.0842787682333874,0.181518151815182,0,0.184542586750789,0,0.176182707993475,0.830618892508143,0.508223684210526,0,0,0.325396825396825,0.254071661237785,0.230283911671924,0.438095238095238,0.841692789968652,0.818481848184819,0.3125,0.304761904761905,0,0.82258064516129,0.214170692431562,0,0.183606557377049,0.220496894409938,0.822866344605475,0.00952380952380952,0.823622047244094,0.167987321711569,0.574225122349103,0.796084828711256,0.796416938110749,0.801282051282051,0.461038961038961,0.77602523659306,0.178104575163399,0,0.423701298701299,0.183962264150943,0,0,0.834108527131783,0,0.820224719101124,0.175523349436393,0.439542483660131,0.836065573770492,0.824877250409165,0.656814449917898,0.222222222222222,0.66131621187801,0.0110062893081761,0.820846905537459,0.0524590163934426,0.00958466453674121,0,0.688311688311688,0.810126582278481,0.819805194805195,0.829855537720706,0.824193548387097,0.00822368421052632,0.0159744408945687,0.8112,0.00818330605564648,0.00165562913907285,0.0291734197730956,0.00966183574879227,0.00958466453674121,0.823151125401929,0.0177705977382876,0.83112582781457,0.833607907742998,0.00983606557377049,0.819063004846527,0.0543130990415335,0.828250401284109,0.781199351701783,0.825816485225505,0.817152103559871
"213",0.951377633711507,0.939778129952456,0.941085271317829,0.916118421052632,0.956381260096931,0.946843853820598,0.887459807073955,0.952830188679245,0.938967136150235,0,0.943485086342229,0,0.593301435406699,0.937806873977087,0.0995260663507109,0.0626959247648903,0,0.0160513643659711,0.94299674267101,0.939490445859873,0.217868338557994,0.0948419301164725,0.92879746835443,0,0.905362776025237,0.293650793650794,0.154213036565978,0.940032414910859,0.503105590062112,0.711145996860283,0.0518867924528302,0.708333333333333,0.776545166402536,0.32120253164557,0,0.95389507154213,0.0141955835962145,0.943396226415094,0.301391035548686,0.861635220125786,0,0.0157728706624606,0.00317460317460317,0.9424,0.779605263157895,0.0861244019138756,0.562599049128368,0.0592948717948718,0.493044822256569,0.171826625386997,0,0.936608557844691,0.314553990610329,0.950949367088608,0.875605815831987,0.228155339805825,0,0.931818181818182,0.928682170542636,0.912636505460218,0.328616352201258,0.4609375,0.0551053484602917,0,0.878836833602585,0.808477237048666,0,0.937399678972713,0,0.0600649350649351,0.880573248407643,0.0669856459330144,0.0719874804381847,0.945652173913043,0,0.7339593114241,0.0878274268104777,0.596875,0.88099173553719,0.332231404958678,0,0.735849056603774,0.274294670846395,0.941085271317829,0.162717219589258,0.900311526479751,0.948356807511737,0.936507936507937,0.925117004680187,0.00775193798449612,0.954765751211632,0.944178628389155,0,0,0.93192868719611,0,0.3296875,0.935126582278481,0.00473186119873817,0.00628930817610063,0.651968503937008,0,0.329581993569132,0.942307692307692,0.155145929339478,0.945091514143095,0.00961538461538462,0.941176470588235,0.0630048465266559,0.0667726550079491,0.0576323987538941,0.891547049441786,0.384370015948963,0.9392,0,0.952755905511811,0.741324921135647,0,0.0585443037974684,0.2816,0,0.790143084260731,0.285714285714286,0.124797406807131,0.964912280701754,0.188180404354588,0.940809968847352,0.9424,0,0.5765625,0.913738019169329,0.4928,0.936204146730462,0,0.939641109298532,0.0695517774343122,0,0.263578274760383,0.680511182108626,0.546644844517185,0,0,0.965244865718799,0.768867924528302,0.222402597402597,0.943729903536977,0.0507936507936508,0.908082408874802,0.464926590538336,0.94383775351014,0.194762684124386,0.938095238095238,0.940418679549114,0.822327044025157,0.949606299212598,0.0516962843295638,0.9392,0.062200956937799,0,0.746006389776358,0.868098159509202,0.938095238095238,0.0672926447574335,0,0.941915227629513,0.488745980707395,0.943986820428336,0.943661971830986,0.948837209302326,0.328616352201258,0.962204724409449,0.0528,0.923547400611621,0.0554699537750385,0.901929260450161,0.420970266040689,0,0.9312,0,0.822503961965135,0.944178628389155,0.156398104265403,0.955625990491284,0.914691943127962,0.929555895865237,0.926447574334898,0.152380952380952,0.425,0.913539967373573,0.903691813804173,0.104430379746835,0.0647709320695103,0.944715447154472,0.852848101265823,0,0,0.344715447154472,0,0.945141065830721,0.310185185185185,0.869983948635634,0.751572327044025,0.94811320754717,0.483660130718954,0.449685534591195,0.334405144694534,0.899212598425197,0.923444976076555,0.864696734059098,0,0.85691573926868,0.224919093851133,1,0.0608974358974359,0.119751166407465,0.571205007824726,0.929712460063898,0.944099378881988,0.831746031746032,0.951923076923077,0.875796178343949,0,0.127158555729984,0.686153846153846,0.9504,0,0.930708661417323,0.946070878274268,0.582802547770701,0.589257503949447,0.932692307692308,0.940495867768595,0.394184168012924,0,0.8859375,0.5776,0.952459016393443,0.0570522979397781,0.964560862865948,0.943548387096774,0.944707740916272,0.908661417322835,0.551083591331269,0.0621019108280255,0.943910256410256,0.590909090909091,0.0620272314674735,0.0599078341013825,0.248012718600954,0.0543130990415335,0.200636942675159,0.678516228748068,0.0584518167456556,0.0592823712948518,0.0571428571428571,0.62015503875969,0.101449275362319,0.960063897763578,0.00637958532695375,0.0515625,0,0.2672,0.938906752411576,0.931637519872814,0.910658307210031,0,0.870065789473684,0.83147853736089,0.72408293460925,0.646687697160883,0.493730407523511,0.455128205128205,0.00796178343949045,0.940705128205128,0.151326053042122,0.730519480519481,0.937299035369775,0.069620253164557,0.75195007800312,0.060126582278481,0.164536741214058,0.943076923076923,0.942903752039152,0.879614767255217,0,0.664098613251156,0.872168284789644,0,0.0529595015576324,0.883177570093458,0.944444444444444,0,0.059190031152648,0.0515625,0.943639291465378,0.894230769230769,0.0617886178861789,0,0.414673046251994,0.948553054662379,0.804651162790698,0.447284345047923,0.687702265372168,0.930708661417323,0.062992125984252,0.945652173913043,0.94551282051282,0.053484602917342,0.956591639871383,0.944356120826709,0.928455284552846,0.939297124600639,0.247226624405705,0.349378881987578,0.318541996830428,0.945072697899838,0.911003236245955,0.0492063492063492,0.298887122416534,0.947867298578199,0.215748031496063,0.344135802469136,0.953821656050955,0.940894568690096,0.960443037974684,0.705977382875606,0.932707355242567,0.282051282051282,0.936608557844691,0.940418679549114,0,0.355799373040752,0.561688311688312,0.0732484076433121,0.0518867924528302,0.0639625585023401,0.882165605095541,0.0734375,0.0508744038155803,0,0.292527821939587,0.9456,0.109177215189873,0.951666666666667,0.941362916006339,0.94524959742351,0.319488817891374,0.330112721417069,0.687301587301587,0.48989898989899,0,0.815286624203822,0.0683229813664596,0.0933125972006221,0.240944881889764,0.952681388012618,0.0625978090766823,0,0.375586854460094,0.0636942675159236,0.0802568218298555,0.522364217252396,0.95024077046549,0.34185303514377,0.930578512396694,0.912420382165605,0,0.948091603053435,0.0518053375196232,0.941085271317829,0.818181818181818,0.944444444444444,0.0662358642972536,0.929022082018927,0.0501567398119122,0.838607594936709,0.737357259380098,0.907668231611894,0.95141065830721,0.933544303797468,0.313084112149533,0.922222222222222,0.943307086614173,0.0539291217257319,0.0754414125200642,0.94524959742351,0.943127962085308,0.378930817610063,0.833860759493671,0.923824959481361,0.953051643192488,0.950617283950617,0,0.169934640522876,0.950949367088608,0.0529695024077047,0,0.944012441679627,0.00814332247557003,0.0991869918699187,0.940345368916798,0.935691318327974,0.0016,0.655172413793103,0.464856230031949,0.944267515923567,0.0495867768595041,0.84185303514377,0.945723684210526,0.413848631239936,0.638932496075353,0.799679487179487,0,0.214626391096979,0.946945337620579,0.94770206022187,0.496805111821086,0.945820433436533,0.920398009950249,0.0912,0.00158478605388273,0.949447077409163,0.945161290322581,0.919871794871795,0.696825396825397,0.05103668261563,0.874193548387097,0.275862068965517,0.219269102990033,0.00319488817891374,0.639741518578352,0.635782747603834,0.659810126582278,0,0.336617405582923,0.884984025559105,0.660436137071651,0.566246056782334,0.132018209408194,0,0,0.947209653092006,0.932069510268562,0,0.90302066772655,0.00643086816720257,0,0,0.937799043062201,0,0.941080196399345,0.785488958990536,0.559875583203733,0.942989214175655,0,0,0.941455696202532,0.931357254290172,0.752380952380952,0.0570987654320988,0.00162074554294976,0.869431643625192,0.628125,0.951104100946372,0.564341085271318,0.3984,0,0.953051643192488,0.0592,0.951690821256039,0.149277688603531,0,0.0697674418604651,0.1664,0.510815307820299,0.931746031746032,0,0.922239502332815,0.940894568690096,0.945054945054945,0,0.140096618357488,0.899339933993399,0.0639344262295082,0.943396226415094,0.942277691107644,0.0582677165354331,0.94488188976378,0.340659340659341,0.79559748427673,0.0672,0.206349206349206,0.957345971563981,0.00650406504065041,0.0616113744075829,0.941358024691358,0.0657051282051282,0.696774193548387,0.443181818181818,0,0.154330708661417,0.76461038961039,0.291731669266771,0.941732283464567,0.0572337042925278,0.198127925117005,0.464882943143813,1,0.88,0.921011058451817,0.755627009646302,0,0.93343653250774,0.0527131782945736,0.9185303514377,0.441935483870968,0.0581929555895865,0.940532081377152,0.949367088607595,0.948553054662379,0.67862969004894,0.9453125,0.180487804878049,0.235668789808917,0.916271721958926,0.877777777777778,0,0,0.947284345047923,0.929738562091503,0.0629032258064516,0.945161290322581,0.94912559618442,0.41287284144427,0.912,0.737864077669903,0.879120879120879,0,0.923566878980892,0.3504,0.943661971830986,0.943910256410256,0,0.650793650793651,0.9375,0.0618892508143322,0.696825396825397,0.428120063191153,0.795454545454545,0.713141025641026,0.912442396313364,0.127692307692308,0.930868167202572,0.951923076923077,0.94620253164557,0.332258064516129,0.130225080385852,0.948356807511737,0.940532081377152,0.00628930817610063,0.787066246056782,0.481072555205047,0.321259842519685,0.775888717156105,0.936808846761453,0.853035143769968,0.950155763239875,0.13302034428795,0.0657894736842105,0,0.829268292682927,0.0531400966183575,0.0513219284603421,0.34384858044164,0,0.946031746031746,0.911949685534591,0.941548183254344,0.949286846275753,0.138977635782748,0.0565149136577708,0,0,0.210355987055016,0.1248,0.203225806451613,0,0.0482866043613707,0.933962264150943,0.032051282051282,0.336569579288026,0.932389937106918,0.621835443037975,0.917197452229299,0.685534591194969,0.664605873261206,0,0.942684766214178,0.431561996779388,0.540930979133226,0.907232704402516,0.950078003120125,0.427652733118971,0.0078740157480315,0.940345368916798,0.930124223602484,0,0.93394777265745,0.0699523052464229,0.943521594684385,0.441823899371069,0,0.00636942675159236,0.56312292358804,0.836248012718601,0.0603174603174603,0.190322580645161,0.00796178343949045,0,0.756880733944954,0.0745542949756888,0.943615257048093,0.368584758942457,0.951334379905808,0.0570107858243451,0.405362776025237,0.373572593800979,0.86634460547504,0.14975845410628,0.0580847723704867,0,0.0910543130990415,0,0.940345368916798,0.080327868852459,0.956856702619414,0.062200956937799,0.939778129952456,0,0.551301684532925,0.496794871794872,0.939346811819596,0,0.945652173913043,0,0.439024390243902,0.9453125,0,0.674015748031496,0.937399678972713,0.78743961352657,0.94281045751634,0.0951638065522621,0,0.94488188976378,0.308064516129032,0,0.716981132075472,0.0481366459627329,0.0653188180404355,0.9424,0.950558213716108,0.951863354037267,0.930533117932149,0.94408945686901,0,0.9248,0.019047619047619,0.375987361769352,0.353870458135861,0.936908517350158,0.935331230283912,0.94375,0.930599369085173,0.0569620253164557,0.0706436420722135,0.947967479674797,0.9408,0.72755905511811,0.929577464788732,0.950310559006211,0.954041204437401,0,0,0.936267071320182,0,0.123244929797192,0,0.922834645669291,0.328968903436989,0.250406504065041,0.166405023547881,0.891760904684976,0.00156739811912226,0.153605015673981,0.942097026604069,0.951334379905808,0.660855784469097,0.47112462006079,0.256488549618321,0.235658914728682,0.695374800637959,0.0519685039370079,0.165341812400636,0.587579617834395,0.29874213836478,0.720748829953198,0.0590111642743222,0,0.0578778135048231,0.338709677419355,0.936688311688312,0.629160063391442,0.272868217054264,0.642405063291139,0.877358490566038,0.942546583850932,0.944170771756979,0.972886762360447,0.949919224555735,0.944356120826709,0.600633914421553,0.472527472527473,0.940705128205128,0.0534351145038168,0.0702028081123245,0.867507886435331,0.0091324200913242,0.946708463949843,0.914421553090333,0,0.152709359605911,0,0.987179487179487,0,0.936908517350158,0.939586645468998,0.0577223088923557,0.826923076923077,0.945141065830721,0.667202572347267,0.6328125,0.871224165341812,0,0,0.911184210526316,0.922038980509745,0.955974842767296,0,0,0.0535714285714286,0.274961597542243,0.4976,0,0.510172143974961,0,0.926634768740032,0.939102564102564,0.194533762057878,0.297045101088647,0,0.393841166936791,0.603503184713376,0.816745655608215,0.935285053929122,0.791068580542265,0.0629032258064516,0.958745874587459,0.0125588697017268,0.943089430894309,0,0.945482866043614,0.00631911532385466,0.943639291465378,0.0654952076677316,0.046474358974359,0,0,0.829073482428115,0.887070376432079,0.91640866873065,0.703703703703704,0.0744186046511628,0.0590111642743222,0.875399361022364,0.835658914728682,0,0.0774193548387097,0.933438985736926,0,0.928104575163399,0.933539412673879,0.11214953271028,0.0412044374009509,0.053968253968254,0.943573667711599,0.512116316639742,0.122611464968153,0.151612903225806,0.169544740973312,0.719869706840391,0.137658227848101,0.946372239747634,0,0.768608414239482,0.936335403726708,0.00321543408360129,0,0.0581039755351682,0,0.0661417322834646,0.941915227629513,0.747954173486088,0.0585365853658537,0.0575079872204473,0.577235772357724,0.931818181818182,0.471608832807571,0.0469483568075117,0.0504885993485342,0.0583468395461912,0.0161030595813204,0,0.076555023923445,0.0640625,0.0555555555555556,0.0673981191222571,0.0505529225908373,0.0484652665589661,0.05625,0.0719874804381847,0.0175718849840256,0.00650406504065041,0.02660406885759,0.0218408736349454,0.0566037735849057,0.0710900473933649,0.0188976377952756,0.0524590163934426,0.062402496099844,0.0475409836065574,0.0625,0.0265210608424337,0.0584518167456556,0.0833333333333333,0.0564024390243902,0.0560897435897436
"214",0.00161030595813205,0,0.0327613104524181,0.0625,0.0174603174603175,0,0.103174603174603,0.0251968503937008,0,0,0,0,0.43125,0,0.9578125,0.99537037037037,0,0.0015748031496063,0.00323624595469256,0.0154320987654321,0.856697819314642,0.969404186795491,0.00930232558139535,0,0.0361067503924647,0.736925515055468,0.892063492063492,0.00969305331179321,0.534456355283308,0.3125,1,0.315625,0.231511254019293,0.700626959247649,0,0,0.00154798761609907,0.00467289719626168,0.757207890743551,0.106317411402157,0,0,0,0,0.228525121555916,0.977848101265823,0.4913112164297,1,0.551301684532925,0.870967741935484,0,0.0063391442155309,0.751572327044025,0,0.115384615384615,0.849025974025974,0,0.0241157556270096,0.0419254658385093,0.0932069510268562,0.691107644305772,0.563091482649842,1,0,0.107717041800643,0.167192429022082,0,0.00803858520900321,0,1,0.132307692307692,0.992236024844721,0.982731554160126,0,0,0.298600311041991,0.953703703703704,0.426791277258567,0.106109324758842,0.747088186356073,0,0.294851794071763,0.791666666666667,0,0.890995260663507,0.0919003115264797,0.00154798761609907,0.0283018867924528,0.0296875,0,0.0126984126984127,0,0,0,0.0222575516693164,0,0.697305863708399,0.0187793427230047,0,0,0.376377952755906,0,0.733755942947702,0,0.908527131782946,0,0,0.0187793427230047,1,0.990625,0.993769470404984,0.0875796178343949,0.6801872074883,0.00793650793650794,0,0.0155763239875389,0.288854003139717,0,1,0.763578274760383,0,0.237261146496815,0.756671899529042,0.92604501607717,0.0293663060278207,0.852201257861635,0.00154559505409583,0.00476947535771065,0,0.448757763975155,0.0665610142630745,0.512698412698413,0.0112179487179487,0,0.00483870967741936,0.973765432098765,0,0.806656101426308,0.371794871794872,0.483870967741935,0,0,0.0221169036334913,0.234548335974643,0.8352,0,0.993660855784469,0.0752351097178683,0.603559870550162,0.0198776758409786,0.875796178343949,0.015625,0,0.149532710280374,0.00464396284829721,1,0,1,0,0.260663507109005,0.143302180685358,0.0158478605388273,0.978395061728395,0,0,0.558917197452229,0,0,0,0.6953125,0.02660406885759,0.998435054773083,0.0552147239263804,1,0.108452950558214,0.628930817610063,0,0.0141509433962264,0,0.14756671899529,0,0.885532591414944,0.021978021978022,0.0414746543778802,0.00765696784073507,0.0249221183800623,0.917981072555205,0.623839009287926,0.0799347471451876,0.0600315955766193,0.95125786163522,0.993710691823899,0.0207336523125997,0.138977635782748,0,0,0.707936507936508,0,0,0.751937984496124,0.127035830618893,0.244167962674961,0.012326656394453,0.569823434991974,0.568503937007874,0.722852512155592,0.0763116057233704,0.0334928229665072,0.128834355828221,0,0.121451104100946,0.8352,0.0608974358974359,1,0.935483870967742,0.460815047021944,0.0252365930599369,0.0231481481481481,0.169572107765452,0.0015748031496063,0.107255520504732,0,0.9359375,0.337461300309598,0.00478468899521531,0,0.00770416024653313,0.0212443095599393,0.45,0.454545454545455,0.00958466453674121,0,0.625,0,0.110939907550077,0.490445859872611,0.029126213592233,1,0.0395738203957382,0.00160513643659711,0,0.0430622009569378,0.472527472527473,0.998392282958199,0.0313479623824451,0.461656441717791,0.996932515337423,0.998470948012232,0.794952681388013,1,0.854166666666667,0.31201248049922,1,0.995327102803738,0.989096573208723,0.410296411856474,0.963434022257552,0.0157232704402516,0,1,0,0.788121990369181,0,0.0220820189274448,0.102325581395349,0,0.141004862236629,0.144171779141104,0.313479623824451,0.413793103448276,0.541139240506329,0.533762057877814,0,0,0.914330218068536,0.296774193548387,0.0389408099688473,0.987460815047022,0.24685534591195,0.998405103668262,0.875195007800312,0,0,0.108974358974359,0,0.348159509202454,0.112698412698413,0,1,0.104361370716511,0.0207667731629393,0,0.998435054773083,0.998454404945904,0.0162866449511401,0.115755627009646,1,0,0.609375,0.0110759493670886,0.212634822804314,0.616113744075829,0.344,0.0416024653312789,0.988941548183254,0,0,0.993710691823899,0.0311526479750779,0,0.0241935483870968,0.00158478605388273,0.812006319115324,0.700468018720749,0.728125,0.0208667736757624,0.0601626016260163,0.00154559505409583,0.728,0.0266875981161695,0.838304552590267,0.687022900763359,0.00628930817610063,0.00157977883096367,0.0341614906832298,0.308064516129032,0.00309119010819165,0.742857142857143,0.035548686244204,0.00316957210776545,0,0.694099378881988,0.456591639871383,0.982731554160126,0.00154559505409583,0.993808049535604,0.0788643533123028,0.981366459627329,1,0,0.773082942097027,0.00958466453674121,0.933858267716535,0.012987012987013,0.0296875,0.0124804992199688,0.727272727272727,0.715220949263502,0.320063694267516,0.551324503311258,0,0.161442006269592,0.984615384615385,0.956656346749226,0.81733746130031,0,0.998444790046656,0,0.68503937007874,0.990654205607477,0.984076433121019,0.535545023696682,0,0.732171156893819,0,0.036741214057508,0,0.00750750750750751,1,0.00153846153846154,0.15748031496063,0,0.985915492957746,0.0218068535825545,1,0.126602564102564,0.290996784565916,0.0545171339563863,0.013953488372093,0,0.724137931034483,0.0315457413249211,0,1,0.975155279503106,0,0,0.685758513931889,0.126168224299065,0.0375203915171289,0.046656298600311,0,0,0.885483870967742,0,0.998402555910543,0,0.0369774919614148,0,0.952229299363057,0,0.0316957210776545,0,0.374613003095975,0.570739549839228,0.0172413793103448,0.99837925445705,0.127388535031847,0.00161030595813205,0.628617363344051,0.394409937888199,0.214511041009464,0,0.849840255591054,0.0257234726688103,0.0015527950310559,0.555382215288612,0,0.0267111853088481,0.972843450479233,0,0.0170015455950541,0.00473186119873817,0.04858934169279,0.309230769230769,0.993650793650794,0.14170692431562,0.755451713395639,0.818780889621087,0,0.375601926163724,0.390822784810127,0.385093167701863,0,0.72275641025641,0.0903328050713154,0.357927786499215,0.49922480620155,0.924012158054711,0,0,0,0.0274390243902439,0,0.0776545166402536,0,0,0,0.00157728706624606,0,0,0.221183800623053,0.465543644716692,0,0,0,0.0062015503875969,0.0351145038167939,0.283464566929134,1,0,0.11937984496124,0.394944707740916,0,0.46594427244582,0.6625,0,0.0219435736677116,1,0.0429252782193959,0.904306220095694,0,0.989164086687306,0.884927066450567,0.504918032786885,0.0250783699059561,0,0.049306625577812,0.0264385692068429,0,0,0.939586645468998,0.0628099173553719,0.995161290322581,0,0,0.992331288343558,0,0.714728682170543,0.184952978056426,0.990566037735849,0.833068362480127,0.0357142857142857,0,1,0.0278207109737249,0.993548387096774,0.344497607655502,0.603803486529319,0,0.887675507020281,0.263327948303716,0.74884437596302,0.0220820189274448,1,0.85824345146379,0.542009884678748,0.0583717357910906,0.117283950617284,0.0332278481012658,0.239482200647249,0,0.0154320987654321,1,0.0288461538461538,0.619439868204283,1,0,0,0,0.365203761755486,0.0172684458398744,0.876190476190476,0.822503961965135,0.0539291217257319,0.121835443037975,0,0,0.00941915227629513,0.0670926517571885,0.984,0.016025641025641,0.0078125,0.643856920684292,0.0710900473933649,0.264423076923077,0.111801242236025,0,0.0330188679245283,0.656692913385827,0,0,0,0.35423197492163,0.0282574568288854,1,0.3168,0.613564668769716,0.201807228915663,0.318611987381703,0.0385208012326656,0.916918429003021,0.0162074554294976,0,0.0218408736349454,0.693811074918567,0.882539682539683,0.00783699059561128,0,0,0.210526315789474,0.541213063763608,0.747648902821317,0.235658914728682,0,0.107936507936508,0,0.1,1,0,0.172741679873217,0.996899224806202,1,0.726984126984127,0,0.00934579439252336,0.0766823161189358,0,0.00459418070444104,0.914826498422713,1,0,0,0.83968253968254,0.925750394944708,0.84012539184953,0,1,0,0.427469135802469,0.716346153846154,0,0.410174880763116,0.0253968253968254,0.353125,0.368421052631579,0,0,0.602870813397129,0.498397435897436,0.0816640986132511,0.0108024691358025,0.616113744075829,0,0.0457413249211356,0.044822256568779,0,0.0305810397553517,0.984567901234568,0.0146103896103896,0.566510172143975,0,0,0.490968801313629,0.167449139280125,1,0.872785829307568,0,0,0.26027397260274,0.97626582278481,0,0.691717791411043,0.0061633281972265,1,0.609907120743034,0.674718196457327,0.137876386687797,0.903069466882068,0.995356037151703,0,0.965244865718799,0,0.00614439324116743,0.795161290322581,0.018348623853211,0.995297805642633,0,0,0.481538461538462,0.528391167192429,0,0,0.00153374233128834,0,0.601626016260163,0.0124416796267496,0,0.344287949921753,0.0207006369426752,0.263074484944533,0.0526315789473684,0.9578125,0,0,0.742902208201893,0,0.31104199066874,1,0.983154670750383,0,0,0.00914634146341463,0.0237717908082409,0.01743264659271,0,0.023696682464455,0,0.643518518518518,0.71608832807571,0.00617283950617284,0.0062015503875969,0.00613496932515337,0.0046801872074883,0.0297805642633229,0.985691573926868,0.0163132137030995,0.0417956656346749,0.269113149847095,0.0245775729646697,0,0.0266457680250784,0,0,0.0197268588770865,0,0.941915227629513,0,0.0458135860979463,0.726677577741408,0.797448165869219,0.879389312977099,0.0729001584786054,0,0.9,0,0,0.381329113924051,0.587155963302752,0.795180722891566,0.814871016691957,0.359550561797753,1,0.882896764252696,0.450704225352113,0.731974921630094,0.29264475743349,0.992175273865415,0,1,0.6688,0,0.3625,0.789634146341463,0.378670788253478,0.127962085308057,0.0107361963190184,0.0376432078559738,0.0223285486443381,0,0,0.463108320251177,0.598130841121495,0,0.993911719939117,0.989312977099237,0.133333333333333,0,0,0.0235849056603774,0,0.892234548335975,0,0.0521327014218009,0,0.028169014084507,0,0.993836671802773,0.155555555555556,0,0.344551282051282,0.366352201257862,0.117739403453689,0,0,0.0721311475409836,0.0563165905631659,0.014018691588785,0,0,1,0.758566978193146,0.49452269170579,0,0.559561128526646,0,0.0821484992101106,0,0.817152103559871,0.774294670846395,0,0.671428571428571,0.420221169036335,0.143302180685358,0.0356037151702786,0.221350078492936,1,0.0144927536231884,0.0822784810126582,0,0,0.0154798761609907,0,0,0.979527559055118,0.625,0,0,0.172684458398744,0.0690789473684211,0.0590062111801242,0.272024729520866,0.97583081570997,0.993640699523052,0.166139240506329,0.166409861325116,0,0.98125,0.0300632911392405,0,0.0157977883096366,0.0446841294298921,0.938679245283019,0,0.996865203761755,0,0.541996830427892,0.92755905511811,0.907317073170732,0.883830455259027,0.32,0.910216718266254,0,0,0.244019138755981,0.0139751552795031,0,0,1,0,1,0,0.28,1,1,0.460191082802548,0.0431309904153355,0.565420560747664,0,0.998402555910543,0.0466237942122186,0.00462962962962963,0,0.818910256410256,0.99388379204893,0.998389694041868,0.981481481481482,1,0,0,0.990521327014218,0.00314465408805031,0.00163132137030995,0.0253968253968254,0.00309597523219814,0,0.99375,0.00786163522012579,1,0.996830427892235,0,0.995363214837713,0.046583850931677,1,0.916666666666667,0.998473282442748,0.998405103668262
"215",0.0693374422187981,0.0702290076335878,0.0967261904761905,0.138845553822153,0.084375,0.0671875,0.166409861325116,0.0984615384615385,0.0662650602409639,0,0.0680061823802164,0,0.51840490797546,0.073208722741433,0.914596273291925,0.929663608562691,0,0.00152671755725191,0.0697305863708399,0.0781010719754977,0.81039755351682,0.917065390749601,0.0725075528700906,0,0.115384615384615,0.80370942812983,0.836702954898911,0.0686427457098284,0.55187969924812,0.349085365853659,0.931506849315068,0.375,0.29375,0.696319018404908,0,0.0698027314112291,0.00453857791225416,0.0681818181818182,0.729411764705882,0.15,0,0,0,0.0699844479004666,0.3008,0.922018348623853,0.560790273556231,0.928353658536585,0.566964285714286,0.830584707646177,0,0.0723076923076923,0.726299694189602,0.0664605873261206,0.172955974842767,0.80030959752322,0,0.0875,0.0980091883614089,0.166412213740458,0.701674277016743,0.581538461538462,0.929906542056075,0,0.169544740973312,0.22015503875969,0,0.0788253477588872,0,0.931357254290172,0.201834862385321,0.927914110429448,0.925696594427245,0.0669710806697108,0,0.350453172205438,0.889057750759878,0.488479262672811,0.179487179487179,0.723916532905297,0,0.378995433789954,0.853474320241692,0.0664652567975831,0.830534351145038,0.165402124430956,0.0615384615384615,0.102874432677761,0.0977443609022556,0,0.0793157076205288,0.060882800608828,0,0,0.0929133858267717,0,0.684766214177979,0.0893682588597843,0,0,0.438837920489297,0,0.710323574730354,0.0622083981337481,0.853073463268366,0.0647709320695103,0,0.0953846153846154,0.93944099378882,0.924961715160796,0.923896499238965,0.155172413793103,0.664110429447853,0.0763358778625954,0,0.0823353293413174,0.360730593607306,0,0.930091185410334,0.768992248062015,0,0.302936630602782,0.752671755725191,0.864696734059098,0.0960365853658537,0.822458270106222,0.0675883256528418,0.0729483282674772,0,0.4779299847793,0.135593220338983,0.531446540880503,0.08125,0,0.0626959247648903,0.920539730134933,0,0.782472613458529,0.452012383900929,0.522620904836194,0,0,0.0900763358778626,0.313364055299539,0.830455259026688,0.0712074303405573,0.929906542056075,0.137404580152672,0.602484472049689,0.0824587706146927,0.829113924050633,0.0775193798449612,0.0576323987538941,0.229357798165138,0.0707692307692308,0.927899686520376,0.0698757763975155,0.93603744149766,0,0.326530612244898,0.203647416413374,0.0837138508371385,0.918552036199095,0,0.0707831325301205,0.5734375,0.0659163987138264,0.0657492354740061,0.067175572519084,0.696048632218845,0.0849772382397572,0.938366718027735,0.117734724292101,0.940564635958395,0.170807453416149,0.713850837138508,0,0.0875,0,0.224582701062215,0.0581929555895865,0.855161787365177,0.0900763358778626,0.115853658536585,0.0772659732540862,0.0816640986132511,0.859375,0.617378048780488,0.138314785373609,0.128526645768025,0.896024464831804,0.934650455927052,0.0858034321372855,0.192133131618759,0,0,0.711864406779661,0,0.0605143721633888,0.719167904903418,0.18125,0.315629742033384,0.0726172465960666,0.585557299843014,0.581430745814307,0.70906200317965,0.142194744976816,0.100931677018634,0.19482496194825,0,0.178410794602699,0.810509554140127,0.119751166407465,0.935483870967742,1,0.509893455098935,0.0869565217391304,0.088855421686747,0.244648318042813,0.0685975609756098,0.180030257186082,0,1,0.40210843373494,0.0700152207001522,0,0.0699404761904762,0.0850746268656716,0.496884735202492,0.461068702290076,0.0781010719754977,0.0677165354330709,0.645801526717557,0,0.161676646706587,0.520673813169985,0.0962145110410095,0.940092165898618,0.109281437125749,0.0594679186228482,0.0605143721633888,0.12597200622084,0.487878787878788,0.9328125,0.0959752321981424,0.516666666666667,0.931921331316188,0.931445603576751,0.780715396578538,0.936630602782071,0.833597464342314,0.372549019607843,0.940366972477064,0.932926829268293,0.934984520123839,0.453453453453453,0.923076923076923,0.0819165378670788,0,0.936434108527132,0,0.741732283464567,0.0672926447574335,0.0898021308980213,0.171732522796353,0,0.198083067092652,0.214939024390244,0.376524390243902,0.469483568075117,0.614916286149163,0.556426332288401,0,0.0516431924882629,0.860816944024206,0.368253968253968,0.111801242236025,0.930981595092024,0.303680981595092,0.943338437978561,0.852080123266564,0.0698027314112291,0.0700636942675159,0.1671875,0,0.396084337349398,0.170769230769231,0,0.934749620637329,0.166167664670659,0.091324200913242,0,0.935975609756098,0.930513595166163,0.0821705426356589,0.191522762951334,0.931962025316456,0,0.630434782608696,0.0775193798449612,0.278115501519757,0.599388379204893,0.409375,0.102409638554217,0.930662557781202,0.0721804511278196,0.0631578947368421,0.933641975308642,0.0987841945288754,0.0675883256528418,0.0809968847352025,0.0725308641975309,0.810185185185185,0.67687595712098,0.713629402756508,0.089622641509434,0.126382306477093,0.00455927051671732,0.730829420970266,0.0952380952380952,0.861538461538462,0.690828402366864,0.0755007704160247,0.0721966205837174,0.099388379204893,0.371875,0.057315233785822,0.737730061349693,0.109090909090909,0.0678233438485804,0,0.688172043010753,0.499210110584518,0.916413373860182,0.00308166409861325,0.928571428571429,0.148484848484848,0.908256880733945,0.942511346444781,0,0.791090629800307,0.0784929356357928,0.868827160493827,0.0874403815580286,0.102290076335878,0.0756172839506173,0.7203125,0.715170278637771,0.394126738794436,0.561688311688312,0,0.241590214067278,0.919330289193303,0.920489296636086,0.776435045317221,0.0652866242038217,0.930981595092024,0,0.680916030534351,0.922018348623853,0.914728682170543,0.600917431192661,0.0632716049382716,0.722662440570523,0.0679304897314376,0.0975232198142415,0,0.0743440233236152,0.931714719271624,0.0725075528700906,0.237878787878788,0.0618066561014263,0.9209726443769,0.0900763358778626,0.936532507739938,0.177469135802469,0.350157728706625,0.125188536953243,0.0823170731707317,0.0622154779969651,0.709876543209877,0.109737248840804,0.0712121212121212,0.930678466076696,0.914241960183767,0.0594679186228482,0.0615384615384615,0.678300455235205,0.169724770642202,0.1,0.121351766513057,0.0625,0,0.857589984350548,0.0682170542635659,0.927580893682589,0,0.105100463678516,0,0.910355486862442,0.0622154779969651,0.0987841945288754,0,0.426605504587156,0.660578386605784,0.078125,0.934817170111288,0.198098256735341,0.0651162790697674,0.640625,0.449319213313162,0.28110599078341,0,0.820826952526799,0.0838509316770186,0.0703363914373089,0.631172839506173,0.0620272314674735,0.0887096774193548,0.926040061633282,0,0.0853658536585366,0.0698757763975155,0.114551083591331,0.383458646616541,0.9375,0.204368174726989,0.791225416036309,0.798076923076923,0,0.448062015503876,0.453292496171516,0.445468509984639,0,0.701421800947867,0.154083204930663,0.420814479638009,0.52790346907994,0.877941176470588,0,0,0.066079295154185,0.0742424242424242,0,0.154434250764526,0,0,0,0.0683229813664596,0,0.0684713375796178,0.295558958652374,0.511904761904762,0.0598802395209581,0,0,0.0691244239631336,0.104258443465492,0.347432024169184,0.935240963855422,0,0.176204819277108,0.453435114503817,0.06,0.543247344461305,0.657407407407407,0,0.0871559633027523,0.940438871473354,0.117370892018779,0.864485981308411,0,0.923880597014925,0.833333333333333,0.537096774193548,0.0896656534954407,0,0.121804511278195,0.101851851851852,0.0638297872340425,0,0.881804043545879,0.114192495921697,0.93217665615142,0.0669710806697108,0.0735735735735736,0.949618320610687,0.0655487804878049,0.70499243570348,0.256134969325153,0.926493108728943,0.817757009345794,0.112828438948995,0,0.933744221879815,0.0998487140695915,0.93217665615142,0.3828125,0.6109375,0,0.840120663650075,0.333853354134165,0.738461538461539,0.0829493087557604,0.934250764525994,0.867781155015198,0.562599049128368,0.126139817629179,0.184684684684685,0.110248447204969,0.332810047095761,0,0.0878787878787879,0.939209726443769,0.0878274268104777,0.630744849445325,0.928358208955224,0.060882800608828,0.0670826833073323,0.0669781931464174,0.450769230769231,0.0773899848254932,0.827856025039124,0.794670846394984,0.117283950617284,0.184375,0,0,0.0667701863354037,0.133647798742138,0.929447852760736,0.07981220657277,0.0752688172043011,0.661119515885023,0.140822784810127,0.316770186335404,0.174698795180723,0,0.0981308411214953,0.667692307692308,0.0574886535552194,0.062111801242236,0,0.422018348623853,0.1015625,0.930875576036866,0.381538461538462,0.619414483821264,0.261380323054332,0.383177570093458,0.102790014684288,1,0.0699523052464229,0.0659509202453988,0.0916030534351145,0.698738170347003,0.847094801223242,0.0717557251908397,0.0595419847328244,0,0.298937784522003,0.581570996978852,0.724505327245053,0.310185185185185,0.0693815987933635,0.178187403993856,0.0689655172413793,0.107784431137725,0.931854199683043,0,0.251162790697674,0.932098765432099,0.935779816513762,0.710526315789474,0,0.0801232665639445,0.159574468085106,0.0699088145896656,0.0698027314112291,0.98780487804878,0.937888198757764,0,0,0.807153965785381,0.865625,0.812792511700468,0,0.934250764525994,0.0587326120556414,0.396969696969697,0.705882352941177,0.0727554179566563,0.460843373493976,0.0952380952380952,0.4051593323217,0.428139183055976,0,0.0705882352941176,0.622083981337481,0.538102643856921,0.14050822122571,0.0708898944193062,0.622154779969651,0,0.11864406779661,0.112291350531108,0,0.0988023952095808,0.912442396313364,0.0879120879120879,0.571646341463415,0,0,0.516025641025641,0.240683229813665,0.934250764525994,0.83596214511041,0,0,0.301775147928994,0.927357032457496,0.0641025641025641,0.673748103186646,0.073134328358209,0.92921686746988,0.632375189107413,0.730586370839937,0.200315457413249,0.857594936708861,0.929323308270677,0,0.8984375,0,0.072289156626506,0.760629921259843,0.086053412462908,0.9421875,0.0640625,0,0.562783661119516,0.569018404907976,0.0632530120481928,0,0.0677710843373494,0,0.614649681528662,0.0834597875569044,0,0.396369137670197,0.0829420970266041,0.333333333333333,0.124031007751938,0.915279878971256,0,0.0644171779141104,0.723004694835681,0,0.372163388804841,0.937125748502994,0.91679273827534,0.0552922590837283,0.0590979782270607,0.0816944024205749,0.0826952526799387,0.0856697819314642,0,0.0777604976671851,0,0.657616892911011,0.697852760736196,0.0754147812971342,0.078003120124805,0.0740181268882175,0.0777439024390244,0.0351145038167939,0.924615384615385,0.0759493670886076,0.103235747303544,0.342814371257485,0.0852359208523592,0.0609756097560976,0.0995334370139969,0,0,0.0837004405286344,0,0.996969696969697,0,0.113354037267081,0.709320695102686,0.824367088607595,0.833078101071976,0.13251155624037,0.00154320987654321,0.855365474339036,0.0646153846153846,0.0703363914373089,0.415503875968992,0.599410898379971,0.827178729689808,0.78125,0.429017160686427,0.929555895865237,0.854517611026034,0.480798771121352,0.73094867807154,0.372372372372372,0.927914110429448,0,0.936908517350158,0.686427457098284,0.0649762282091918,0.400921658986175,0.756240822320117,0.439137134052388,0.190332326283988,0.0696969696969697,0.111459968602826,0.0816326530612245,0.060126582278481,0.0666666666666667,0.481481481481481,0.599078341013825,0.0647149460708783,0.929203539823009,0.930408472012103,0.201848998459168,0,0.0664652567975831,0.0812883435582822,0,0.858044164037855,0,0.120795107033639,0,0.0934150076569678,0.075642965204236,0.95059880239521,0.216793893129771,0.0599700149925037,0.395061728395062,0.423135464231355,0.183641975308642,0,0,0.13968253968254,0.131004366812227,0.0783132530120482,0,0,0.935331230283912,0.752252252252252,0.506134969325153,0,0.584876543209877,0,0.1359375,0.0670826833073323,0.800623052959502,0.830534351145038,0,0.664566929133858,0.483870967741935,0.190258751902588,0.102564102564103,0.290273556231003,0.937404580152672,0.0794912559618442,0.0716510903426791,0.0684292379471229,0,0.0891530460624071,0,0.0564263322884013,0.932203389830508,0.582417582417582,0,0,0.24079754601227,0.134493670886076,0.128787878787879,0.326865671641791,0.916417910447761,0.925581395348837,0.230171073094868,0.23168908819133,0,0.93167701863354,0.0962732919254658,0,0.0790697674418605,0.115501519756839,0.884080370942813,0.00150375939849624,0.932926829268293,0.0622154779969651,0.550702028081123,1,0.960191082802548,0.823619631901841,0.377179080824089,0.848575712143928,0.0686427457098284,0,0.301092043681747,0.078907435508346,0,0,0.93205317577548,0,0.943076923076923,0.0664652567975831,0.335413416536661,0.935126582278481,0.931464174454829,0.496923076923077,0.10939907550077,0.576807228915663,0.00149700598802395,0.937791601866252,0.0436817472698908,0.00765696784073507,0,0.758461538461538,0.931137724550898,0.93613707165109,0.932533733133433,0.932432432432432,0.0015600624024961,0.00306278713629403,0.923312883435583,0.00769230769230769,0.0032,0.029320987654321,0.00757575757575758,0.00308166409861325,0.93140243902439,0.013719512195122,0.942277691107644,0.936073059360731,0,0.926791277258567,0.048048048048048,0.941538461538462,0.855828220858896,0.932432432432432,0.933641975308642
"216",0.551779935275081,0.547880690737834,0.546875,0.567307692307692,0.528662420382166,0.535369774919614,0.616852146263911,0.565149136577708,0.533646322378717,0.00162074554294976,0.528951486697966,0.00316957210776545,0.631083202511774,0.527070063694268,0.489827856025039,0.481946624803768,0.00461538461538462,0.0141287284144427,0.55,0.562893081761006,0.625585023400936,0.466882067851373,0.522012578616352,0.00313971742543171,0.578461538461538,0.54416403785489,0.534591194968553,0.52411575562701,0.67427701674277,0.662576687116564,0.469325153374233,0.670846394984326,0.659842519685039,0.553654743390358,0.00470957613814757,0.518927444794953,0.0186625194401244,0.537151702786378,0.679160419790105,0.569018404907976,0.0047244094488189,0.0123839009287926,0.00766871165644172,0.531001589825119,0.619902120717781,0.482428115015974,0.593406593406593,0.467817896389325,0.619266055045872,0.564220183486238,0.00470219435736677,0.538221528861154,0.618012422360248,0.522364217252396,0.626959247648903,0.547770700636943,0.00482315112540193,0.560126582278481,0.538699690402477,0.607142857142857,0.543613707165109,0.674454828660436,0.463452566096423,0.00477707006369427,0.615755627009646,0.647604327666152,0.00476190476190476,0.537383177570093,0.00156739811912226,0.459501557632399,0.573619631901841,0.468118195956454,0.489795918367347,0.533846153846154,0.0031104199066874,0.681538461538462,0.483024691358025,0.629160063391442,0.60702875399361,0.5787728026534,0.00470219435736677,0.64797507788162,0.556574923547401,0.534883720930233,0.552959501557632,0.576506955177743,0.536891679748823,0.55054432348367,0.550077041602465,0.00771604938271605,0.539936102236422,0.524256651017214,0.0031055900621118,0.00156739811912226,0.552674230145867,0.00471698113207547,0.779661016949153,0.5390625,0.00618238021638331,0.00947867298578199,0.913178294573643,0.00476947535771065,0.701112877583466,0.530744336569579,0.552352048558422,0.540453074433657,0.00798722044728434,0.556240369799692,0.45511811023622,0.462732919254658,0.458786936236392,0.587677725118483,0.590697674418605,0.530139103554869,0.00315955766192733,0.543778801843318,0.653250773993808,0.00458015267175573,0.462382445141066,0.56418383518225,0.00305343511450382,0.660910518053375,0.709230769230769,0.507269789983845,0.548989113530327,0.554517133956386,0.53858024691358,0.532710280373832,0.00469483568075117,0.98310291858679,0.568535825545171,0.622820919175911,0.54675118858954,0.0046583850931677,0.540584415584416,0.468085106382979,0.0046875,0.676100628930818,0.572115384615385,0.969255663430421,0.00479233226837061,0.0048,0.555555555555556,0.652996845425868,0.548701298701299,0.5312,0.4625,0.601246105919003,0.564102564102564,0.533742331288344,0.623188405797101,0.527301092043682,0.523424878836834,0.603744149765991,0.541213063763608,0.451456310679612,0.539291217257319,0.457098283931357,0.0031055900621118,0.68370607028754,0.626153846153846,0.544025157232704,0.475155279503106,0.00306278713629403,0.527272727272727,0.585760517799353,0.544871794871795,0.530326594090202,0.536209553158706,0.545171339563863,0.5421875,0.476038338658147,0.554198473282443,0.47209653092006,0.603833865814696,0.5859375,0.0048,0.528213166144201,0.00312989045383412,0.582554517133956,0.536547433903577,0.533965244865719,0.544753086419753,0.572085889570552,0.530211480362538,0.554517133956386,0.534267912772586,0.578220858895706,0.590690208667737,0.581993569131833,0.49144634525661,0.474842767295597,0.543581616481775,0.62962962962963,0.00152905198776758,0.0047244094488189,0.788976377952756,0.00470219435736677,0.543613707165109,0.58411214953271,0.631746031746032,0.606811145510836,0.545031055900621,0.853035143769968,0.632970451010886,0.732689210950081,0.552884615384615,0.549763033175355,0.594470046082949,0.00475435816164818,0.622464898595944,0.652173913043478,0.571205007824726,0.460815047021944,0.509893455098935,1,0.550156739811912,0.541085271317829,0.634920634920635,0.540752351097179,0.606864274570983,0.00316957210776545,0.50625,0.678018575851393,0.542319749216301,0.0046656298600311,0.539412673879444,0.555725190839695,1,0.56786271450858,0.541795665634675,0.531400966183575,0.819595645412131,0.00484652665589661,0.592307692307692,0.642072213500785,0.567699836867863,0.475,0.55030487804878,0.524642289348172,0.519685039370079,0.568938193343899,0.596946564885496,0.490595611285266,0.56656346749226,0.580188679245283,0.463525835866261,0.459293394777266,0.505564387917329,0.46551724137931,0.611635220125786,0.756630265210608,0.455696202531646,0.466248037676609,0.473520249221184,0.909923664122137,0.476038338658147,0.56031746031746,0.00628930817610063,0.45958795562599,0.00458015267175573,0.694888178913738,0.544303797468354,0.524256651017214,0.585023400936037,0.003125,0.632329635499208,0.618827160493827,0.649206349206349,0.635071090047393,0.615987460815047,0.612698412698413,0.00933125972006221,0.518282988871224,0.571651090342679,0.65751211631664,0.54858934169279,0.482059282371295,0.716772151898734,0.47626582278481,0.541925465838509,0.548387096774194,0.529032258064516,0.613162118780096,0.00459418070444104,0.850308641975309,0.612852664576803,0.00463678516228748,0.465625,0.594427244582043,0.534072900158479,0.00308166409861325,0.49047619047619,0.449230769230769,0.548644338118022,0.606741573033708,0.466988727858293,0.00480769230769231,0.8328125,0.543720190779014,0.712307692307692,0.582298136645963,0.76031746031746,0.551459293394777,0.474097331240188,0.525345622119816,0.537617554858934,0.464678178963893,0.566302652106084,0.525157232704403,0.561996779388084,0.535545023696682,0.573692551505547,0.634375,0.7296875,0.54746835443038,0.564860426929392,0.0249609984399376,0.583198707592892,0.549606299212598,0.515384615384615,0.595129375951294,0.542635658914729,0.5390625,0.553968253968254,0.695024077046549,0.52824427480916,0.560250391236307,0.572964669738863,0.543269230769231,0.00478468899521531,0.643302180685358,0.844690966719493,0.489096573208723,0.0308166409861325,0.469673405909798,0.583850931677019,0.4765625,0.46801872074883,0.00301659125188537,0.5625,0.536277602523659,0.532407407407407,0.548760330578512,0.564465408805031,0.541732283464567,0.762870514820593,0.738287560581583,0.644094488188976,0.566993464052288,0.0031104199066874,0.61259842519685,0.460587326120556,0.473846153846154,0.62596599690881,0.542673107890499,0.470125786163522,0.00309119010819165,0.655226209048362,0.469673405909798,0.492236024844721,0.589257503949447,0.531881804043546,0.567140600315956,0.53484602917342,0.538827258320127,0.00464396284829721,0.529585798816568,0.462480857580398,0.551459293394777,0.63849765258216,0.551446945337621,0.48125,0.565687789799073,0.450393700787402,0.581761006289308,0.63015873015873,0.587423312883436,0.555555555555556,0.526729559748428,0.717219589257504,0.564387917329094,0.509923664122137,0.47166921898928,0.466353677621283,0.528391167192429,0.532915360501567,0.571875,0.57032457496136,0.55609756097561,0.580893682588598,0.51468315301391,0.00160513643659711,0.508856682769726,0.5320813771518,0.456521739130435,0.00478468899521531,0.559190031152648,0.00801282051282051,0.467408585055644,0.523076923076923,0.556765163297045,0.00630914826498423,0.913522012578616,0.591263650546022,0.562599049128368,0.454545454545455,0.583860759493671,0.526484751203852,0.669856459330144,0.861801242236025,0.645468998410175,0.00159489633173844,0.631415241057543,0.543548387096774,0.547581903276131,0.592476489028213,0.533333333333333,0.521523178807947,0.49768875192604,0.0031496062992126,0.548989113530327,0.537854889589905,0.56828885400314,0.617054263565891,0.461538461538462,0.622611464968153,0.544049459041731,0.633986928104575,0.00470219435736677,0.6296875,0.649921507064364,0.639625585023401,0.00309597523219814,0.590032154340836,0.586206896551724,0.636363636363636,0.611111111111111,0.495508982035928,0.00308166409861325,0.00460122699386503,0.531626506024096,0.544186046511628,0.0031055900621118,0.602782071097372,0.0048,0.00304878048780488,0.00482315112540193,0.528391167192429,0.0031055900621118,0.555555555555556,0.758566978193146,0.974242424242424,0.527522935779816,0.00321543408360129,0.00314465408805031,0.524332810047096,0.562594268476621,0.677914110429448,0.456221198156682,0.00478468899521531,0.624808575803982,0.867807153965785,0.5390625,0.595679012345679,0.568503937007874,0.00158227848101266,0.546583850931677,0.462639109697933,0.579617834394904,0.496805111821086,0.00313479623824451,0.463302752293578,0.554838709677419,0.566445182724252,0.548183254344392,0.00461538461538462,0.576631259484067,0.544323483670295,0.521604938271605,0.0046875,0.521462639109698,0.547107438016529,0.490998363338789,0.527863777089783,0.533639143730887,0.466666666666667,0.522012578616352,0.754276827371695,0.679012345679012,0.482170542635659,0.631160572337043,0.573872472783826,0.00789889415481832,0.474258970358814,0.549141965678627,0.476345840130506,0.685624012638231,0.57345971563981,0.00467289719626168,0.528593508500773,0.640322580645161,0.721792890262751,0.551020408163265,0.450704225352113,0.52833078101072,0.627642276422764,0.575342465753425,0.585669781931464,0.5640625,0.635634028892456,0.00473186119873817,0.551301684532925,0.467987804878049,0.523052464228935,0.836833602584814,0.470769230769231,0.528682170542636,0.54375,0.528571428571429,0.577952755905512,0.536277602523659,0.606299212598425,0.659340659340659,0.581903276131045,0.627943485086342,0.00461538461538462,0.00476947535771065,0.540064102564103,0.559618441971383,0.47275641025641,0.559157212317666,0.553822152886115,0.840062111801242,0.586816720257235,0.75801282051282,0.615853658536585,0.00455927051671732,0.550632911392405,0.798425196850394,0.527863777089783,0.516483516483517,0.00455927051671732,0.687697160883281,0.553627760252366,0.462639109697933,0.657051282051282,0.568992248062016,0.632683658170915,0.644549763033175,0.552552552552553,0.510046367851623,0.544871794871795,0.542319749216301,0.560371517027864,0.764423076923077,0.546875,0.539906103286385,0.534883720930233,0.00764525993883792,0.657407407407407,0.630841121495327,0.5453125,0.634408602150538,0.521259842519685,0.600313479623824,0.527216174183515,0.223076923076923,0.459546925566343,0.00455927051671732,0.652582159624413,0.464566929133858,0.464615384615385,0.570542635658915,0.00463678516228748,0.551401869158878,0.598449612403101,0.537854889589905,0.548837209302326,0.521394611727417,0.477165354330709,0.00152905198776758,0.003125,0.61698717948718,0.518282988871224,0.530645161290323,0.0031055900621118,0.440494590417311,0.5115562403698,0.201538461538462,0.766129032258065,0.542319749216301,0.95440251572327,0.546474358974359,0.645510835913313,0.637878787878788,0.00310077519379845,0.526475037821483,0.847003154574132,0.8992,0.588055130168453,0.533950617283951,0.662015503875969,0.00930232558139535,0.558869701726845,0.568111455108359,0.0046801872074883,0.528158295281583,0.466248037676609,0.546341463414634,0.623255813953488,0.00478468899521531,0.00777604976671851,0.88529886914378,0.629337539432177,0.460093896713615,0.526813880126183,0.00770416024653313,0.00487012987012987,0.588055130168453,0.487341772151899,0.519867549668874,0.591397849462366,0.541284403669725,0.476190476190476,0.583076923076923,0.523274478330658,0.622222222222222,0.537480063795853,0.482866043613707,0.00630914826498423,0.488782051282051,0.00154083204930663,0.524096385542169,0.415458937198068,0.530395136778115,0.470219435736677,0.533011272141707,0.00458715596330275,0.612213740458015,0.670364500792393,0.536547433903577,0.00476190476190476,0.536321483771252,0.00477707006369427,0.590764331210191,0.52803738317757,0.00306278713629403,0.883256528417819,0.543307086614173,0.564541213063764,0.567961165048544,0.481481481481481,0.00312989045383412,0.530254777070064,0.536392405063291,0.00305343511450382,0.662015503875969,0.457186544342508,0.462132921174652,0.520569620253165,0.521531100478469,0.529320987654321,0.538940809968847,0.537242472266244,0.00316957210776545,0.553654743390358,0.0093603744149766,0.810185185185185,0.557120500782473,0.541925465838509,0.523659305993691,0.542944785276074,0.542768273716952,0.073094867807154,0.497652582159624,0.560192616372392,0.568535825545171,0.647604327666152,0.547400611620795,0.526729559748428,0.563380281690141,0.00308166409861325,0.00309119010819165,0.547368421052632,0.00461538461538462,0.496171516079632,0.00628930817610063,0.580343213728549,0.543130990415335,0.541533546325879,0.547546012269939,0.574603174603175,0.00470219435736677,0.546178343949045,0.526148969889065,0.553990610328638,0.647887323943662,0.833583208395802,0.574850299401198,0.5220700152207,0.588709677419355,0.464506172839506,0.5046875,0.8875,0.574102964118565,0.640552995391705,0.480314960629921,0.00318979266347687,0.4624,0.785826771653543,0.528,0.781789638932496,0.683890577507599,0.64622641509434,0.63452566096423,0.53680981595092,0.567961165048544,0.534181240063593,0.536,0.545746388443018,0.627172195892575,0.585669781931464,0.534992223950233,0.482549317147193,0.475683890577508,0.601246105919003,0.00918836140888208,0.526964560862866,0.5234375,0.0047244094488189,0.565286624203822,0.00470219435736677,0.565420560747664,0.00479233226837061,0.561240310077519,0.5328125,0.471406491499227,0.620472440944882,0.52132701421801,0.843700159489633,0.784375,0.636942675159236,0.00462962962962963,0.00469483568075117,0.574433656957929,0.588855421686747,0.550613496932515,0.00307692307692308,0.0015527950310559,0.4624,0.565420560747664,0.622641509433962,0.00315457413249211,0.61128526645768,0.00157728706624606,0.565079365079365,0.53484602917342,0.573033707865168,0.565625,0.00305810397553517,0.593301435406699,0.601574803149606,0.572555205047319,0.547692307692308,0.725429017160686,0.459119496855346,0.55,0.0641627543035994,0.53343949044586,0.00313479623824451,0.522205206738132,0.00473186119873817,0.528301886792453,0.472527472527473,0.299212598425197,0.00460122699386503,0.00159235668789809,0.600315955766193,0.569105691056911,0.578703703703704,0.677469135802469,0.48030303030303,0.472929936305732,0.586687306501548,0.51969696969697,0.00158730158730159,0.47068145800317,0.550314465408805,0.00311526479750779,0.532051282051282,0.568147013782542,0.506976744186047,0.0246913580246914,0.460691823899371,0.528963414634146,0.586370839936609,0.498447204968944,0.513687600644122,0.518461538461538,0.659127625201939,0.540958268933539,0.549763033175355,0.00467289719626168,0.685214626391097,0.526964560862866,0.004739336492891,0.0046875,0.459580838323353,0.0031104199066874,0.470031545741325,0.525078369905956,0.656500802568218,0.482484076433121,0.45718901453958,1,0.548031496062992,0.656298600311042,0.027906976744186,0.460674157303371,0.0593900481540931,0.020440251572327,0.004739336492891,0.389324960753532,0.45635528330781,0.464342313787639,0.473520249221184,0.468412942989214,0.0299212598425197,0.0325077399380805,0.476708074534161,0.0188383045525903,0.00788643533123028,0.0342146189735614,0.01875,0.0280811232449298,0.475894245723173,0.0217729393468118,0.456342668863262,0.468998410174881,0.0256821829855538,0.469387755102041,0.0523076923076923,0.461656441717791,0.453978159126365,0.468986384266263,0.458003169572108
"217",0.974723538704581,0.97456279809221,0.961119751166407,0.931419457735247,0.967479674796748,0.979299363057325,0.896389324960754,0.955974842767296,0.975270479134467,0,0.979591836734694,0,0.576138147566719,0.97427652733119,0.0666666666666667,0.0328638497652582,0,0.0189274447949527,0.976114649681529,0.965354330708661,0.177394034536892,0.0616883116883117,0.970542635658915,0,0.934272300469484,0.28,0.126382306477093,0.964458804523425,0.479389312977099,0.694444444444444,0.0231124807395994,0.693877551020408,0.764705882352941,0.304278922345483,0,0.977742448330684,0.0172413793103448,0.970679012345679,0.273542600896861,0.900153609831029,0.00158478605388273,0.0203442879499218,0.00613496932515337,0.97275641025641,0.791190864600326,0.0353697749196141,0.51993620414673,0.0253968253968254,0.480739599383667,0.153139356814701,0,0.972843450479233,0.293023255813953,0.976599063962558,0.89589905362776,0.1648,0,0.960380348652932,0.950617283950617,0.877519379844961,0.302325581395349,0.452978056426332,0.0222222222222222,0,0.888709677419355,0.813169984686064,0,0.972049689440994,0,0.0221870047543582,0.85243328100471,0.0248833592534992,0.0440944881889764,0.976635514018692,0,0.720543806646526,0.0745341614906832,0.58359133126935,0.889245585874799,0.29159802306425,0,0.714064914992272,0.208074534161491,0.977134146341463,0.130970724191063,0.911214953271028,0.975193798449612,0.95,0.949230769230769,0.0124223602484472,0.968051118210863,0.973886328725038,0,0,0.957074721780604,0,0.3078125,0.957746478873239,0.00933125972006221,0.0110584518167457,0.628751974723539,0,0.290220820189274,0.977812995245642,0.12326656394453,0.978998384491115,0.0112179487179487,0.959055118110236,0.0145631067961165,0.0267716535433071,0.0295489891135303,0.90527950310559,0.337519623233909,0.971473851030111,0,0.972049689440994,0.70606531881804,0,0.027906976744186,0.247619047619048,0,0.7625,0.262992125984252,0.0840064620355412,0.965408805031447,0.169254658385093,0.972049689440994,0.978159126365055,0,0.557632398753894,0.924170616113744,0.497584541062802,0.968102073365231,0,0.969354838709677,0.0520673813169985,0,0.232114467408585,0.622432859399684,0.520193861066236,0,0,0.959438377535101,0.750392464678179,0.180223285486443,0.979430379746835,0.0263157894736842,0.93125,0.413738019169329,0.972434915773354,0.154574132492114,0.966929133858268,0.974358974358974,0.839116719242902,0.974723538704581,0.0208,0.978056426332288,0.0251968503937008,0,0.7424,0.874617737003058,0.961300309597523,0.0429447852760736,0,0.978361669242658,0.456168831168831,0.978653530377668,0.973520249221184,0.978260869565217,0.30030959752322,0.959501557632399,0.026813880126183,0.931087289433384,0.0197869101978691,0.897476340694006,0.384375,0,0.965463108320251,0,0.846275752773376,0.981042654028436,0.149206349206349,0.965244865718799,0.944012441679627,0.972809667673716,0.952307692307692,0.105426356589147,0.387442572741194,0.927536231884058,0.921221864951768,0.078740157480315,0.0297805642633229,0.965023847376789,0.866251944012442,0,0,0.309262166405024,0.00156739811912226,0.975193798449612,0.265243902439024,0.877388535031847,0.755038759689923,0.972093023255814,0.445669291338583,0.443234836702955,0.30379746835443,0.906542056074766,0.947368421052632,0.873846153846154,0,0.888372093023256,0.199029126213592,0.929712460063898,0.0252365930599369,0.0869565217391304,0.550156739811912,1,0.961715160796325,0.824088748019017,0.976415094339623,0.884310618066561,0,0.0851735015772871,0.666153846153846,0.974193548387097,0,0.975077881619938,0.971168437025797,0.562790697674419,0.549450549450549,0.971653543307087,0.984,0.375796178343949,0,0.887519260400616,0.536776212832551,0.964573268921095,0.0202492211838006,0.946401225114854,0.974603174603175,0.978328173374613,0.942675159235669,0.549079754601227,0.0253565768621236,0.966666666666667,0.545595054095827,0.0287443267776097,0.0276073619631902,0.20846394984326,0.023696682464455,0.170178282009724,0.681538461538462,0.0235849056603774,0.029595015576324,0.0266457680250784,0.599693251533742,0.060702875399361,0.968051118210863,0.0128205128205128,0.0205696202531646,0,0.239302694136292,0.979166666666667,0.949526813880126,0.913178294573643,0,0.867528271405493,0.844854070660522,0.688783570300158,0.613458528951487,0.455974842767296,0.462639109697933,0.0125,0.973354231974922,0.115919629057187,0.711290322580645,0.960380348652932,0.0354391371340524,0.749211356466877,0.0236220472440945,0.136645962732919,0.975308641975309,0.974235104669887,0.903937007874016,0,0.673343605546995,0.886792452830189,0,0.0201550387596899,0.904109589041096,0.965079365079365,0,0.0218068535825545,0.0230769230769231,0.967637540453074,0.869085173501577,0.0241157556270096,0,0.38740157480315,0.972929936305732,0.7953125,0.395962732919255,0.66877971473851,0.947286821705426,0.0330708661417323,0.978755690440061,0.975,0.029874213836478,0.952978056426332,0.979462875197472,0.95609756097561,0.975077881619938,0.190251572327044,0.328149300155521,0.294025157232704,0.96474358974359,0.93042071197411,0.0527950310559006,0.280952380952381,0.953748006379585,0.1734375,0.312977099236641,0.978021978021978,0.973270440251572,0.953125,0.688498402555911,0.975572519083969,0.263157894736842,0.962674961119751,0.977564102564103,0,0.348367029548989,0.557661927330174,0.0329153605015674,0.0584518167456556,0.0305810397553517,0.905132192846034,0.0495356037151703,0.0203125,0,0.241433021806854,0.971383147853736,0.0974842767295598,0.970394736842105,0.959375,0.978056426332288,0.300955414012739,0.303225806451613,0.675883256528418,0.461912479740681,0,0.816037735849057,0.0373250388802488,0.0643185298621746,0.209627329192547,0.975806451612903,0.0278637770897833,0,0.349157733537519,0.0293663060278207,0.0416,0.486739469578783,0.980922098569157,0.2768,0.974025974025974,0.94794952681388,0,0.975,0.0232198142414861,0.977029096477795,0.825471698113208,0.982315112540193,0.03125,0.95800933125972,0.0232198142414861,0.8734375,0.716108452950558,0.920122887864823,0.968944099378882,0.974522292993631,0.305164319248826,0.947452229299363,0.976993865030675,0.0261941448382126,0.0470957613814757,0.973270440251572,0.973684210526316,0.336990595611285,0.883792048929664,0.977309562398703,0.940993788819876,0.978560490045942,0,0.128205128205128,0.978125,0.0233281493001555,0,0.966876971608833,0.0127186009538951,0.0636942675159236,0.975460122699387,0.959311424100156,0.00469483568075117,0.635071090047393,0.43581616481775,0.964630225080386,0.0210016155088853,0.879614767255217,0.970873786407767,0.389240506329114,0.611374407582938,0.792332268370607,0,0.174528301886792,0.957345971563981,0.977848101265823,0.458135860979463,0.975116640746501,0.960526315789474,0.0424528301886792,0.0015748031496063,0.967340590979782,0.976114649681529,0.93613707165109,0.690769230769231,0.028391167192429,0.866352201257862,0.254290171606864,0.19672131147541,0.0078125,0.6064,0.623028391167192,0.638888888888889,0,0.285714285714286,0.900630914826498,0.635658914728682,0.523736600306279,0.0967261904761905,0,0,0.977341389728097,0.952380952380952,0,0.924764890282132,0.0110062893081761,0,0,0.978090766823161,0,0.982315112540193,0.80811232449298,0.537519142419602,0.975609756097561,0,0,0.969183359013868,0.942161339421613,0.714285714285714,0.0200927357032458,0.00323101777059774,0.885400313971743,0.611872146118721,0.976958525345622,0.527522935779816,0.3648,0,0.959814528593508,0.0222575516693164,0.939490445859873,0.111287758346582,0,0.0273972602739726,0.131955484896661,0.487562189054726,0.950769230769231,0,0.944954128440367,0.983180428134557,0.979750778816199,0,0.0878594249201278,0.915966386554622,0.0261437908496732,0.973805855161787,0.977099236641221,0.0328638497652582,0.979719188767551,0.304212168486739,0.800933125972006,0.0313971742543171,0.189710610932476,0.946372239747634,0.0108864696734059,0.0220472440944882,0.967542503863988,0.0303030303030303,0.664012738853503,0.394366197183099,0,0.136434108527132,0.731746031746032,0.279937791601866,0.959564541213064,0.0268987341772152,0.174922600619195,0.459901800327332,0.938931297709924,0.864696734059098,0.94888178913738,0.7488,0,0.96937212863706,0.0220125786163522,0.94383775351014,0.395461912479741,0.0240601503759399,0.976635514018692,0.979365079365079,0.978056426332288,0.638932496075353,0.9703125,0.148325358851675,0.214170692431562,0.970125786163522,0.883647798742138,0,0,0.96984126984127,0.938511326860841,0.0319488817891374,1,0.975232198142415,0.3875,0.933544303797468,0.753918495297806,0.892307692307692,0,0.98125,0.338607594936709,0.976415094339623,0.97626582278481,0,0.644904458598726,0.959742351046699,0.0232558139534884,0.678855325914149,0.389589905362776,0.790273556231003,0.70364500792393,0.944869831546707,0.0993788819875776,0.975922953451043,0.976958525345622,0.962441314553991,0.308441558441558,0.117088607594937,0.972006220839813,0.973846153846154,0.00920245398773006,0.77984496124031,0.469325153374233,0.268217054263566,0.775510204081633,0.976489028213166,0.884493670886076,0.976923076923077,0.127496159754224,0.0228013029315961,0,0.823343848580442,0.0236220472440945,0.026813880126183,0.27742946708464,0,0.971518987341772,0.9,0.973101265822785,0.973561430793157,0.109004739336493,0.0234741784037559,0,0,0.187993680884676,0.0949367088607595,0.17527386541471,0,0.0265210608424337,0.977952755905512,0.0169230769230769,0.305111821086262,0.977564102564103,0.599063962558502,0.953150242326333,0.669753086419753,0.646153846153846,0,0.977711738484398,0.40032154340836,0.52373417721519,0.923780487804878,0.964396284829721,0.409937888198758,0.0109034267912773,0.946540880503145,0.94435857805255,0,0.951293759512938,0.0385802469135802,0.964401294498382,0.446708463949843,0,0.0112,0.536824877250409,0.836767036450079,0.0251177394034537,0.14446227929374,0.0125,0.00162074554294976,0.74347158218126,0.0384,0.978896103896104,0.329738058551618,0.972307692307692,0.0261538461538462,0.389908256880734,0.328100470957614,0.865814696485623,0.120263591433278,0.0198776758409786,0.0031104199066874,0.0533980582524272,0,0.976923076923077,0.0548387096774194,0.960183767228178,0.0300157977883096,0.9792,0,0.526964560862866,0.472843450479233,0.981042654028436,0,0.973926380368098,0,0.394568690095847,0.968992248062015,0,0.6671826625387,1,0.751582278481013,0.94912559618442,0.0559875583203732,0,0.976415094339623,0.270998415213946,0,0.694835680751174,0.0196671709531014,0.0371517027863777,0.981102362204724,0.97626582278481,0.967592592592593,0.949286846275753,0.962025316455696,0,0.951104100946372,0.0246913580246914,0.356923076923077,0.293023255813953,0.967492260061919,0.966981132075472,0.973643410852713,0.97339593114241,0.0524642289348172,0.0316957210776545,0.969205834683955,0.941267387944359,0.724191063174114,0.959501557632399,0.973270440251572,0.968553459119497,0,0,0.962462462462462,0,0.086286594761171,0,0.953271028037383,0.281803542673108,0.232371794871795,0.141104294478528,0.909810126582278,0,0.11993769470405,0.9734375,0.976887519260401,0.648351648351648,0.434848484848485,0.223880597014925,0.18989280245023,0.650641025641026,0.0155038759689922,0.14375,0.55608214849921,0.274725274725275,0.708268330733229,0.0315955766192733,0,0.0222575516693164,0.336507936507937,0.970731707317073,0.626543209876543,0.245508982035928,0.61875,0.87673343605547,0.966360856269113,0.943181818181818,0.967585089141005,0.978964401294498,0.977848101265823,0.561815336463224,0.436335403726708,0.979430379746835,0.027355623100304,0.0291411042944785,0.877934272300469,0.0123647604327666,0.976671850699845,0.952012383900929,0,0.130856219709208,0,0.929712460063898,0,0.976452119309262,0.97339593114241,0.0260736196319018,0.829420970266041,0.981818181818182,0.671451355661882,0.625391849529781,0.885220125786163,0,0,0.916802610114193,0.937972768532526,0.975155279503106,0,0,0.0260162601626016,0.248085758039816,0.508607198748044,0,0.458267716535433,0,0.92604501607717,0.981042654028436,0.184,0.238897396630934,0,0.366826156299841,0.595541401273885,0.857142857142857,0.958778625954198,0.791021671826625,0.0171875,0.973015873015873,0.0189274447949527,0.975806451612903,0,0.980273141122914,0.00941915227629513,0.97444089456869,0.0394321766561514,0.022508038585209,0,0,0.81875,0.918006430868167,0.931087289433384,0.719754977029097,0.0505359877488515,0.0285714285714286,0.820031298904538,0.829754601226994,0,0.0286168521462639,0.9546875,0,0.968304278922345,0.953488372093023,0.0804953560371517,0.0453834115805947,0.0248447204968944,0.975039001560062,0.467741935483871,0.0910518053375196,0.120826709062003,0.125581395348837,0.692675159235669,0.117283950617284,0.9858934169279,0,0.761829652996845,0.962441314553991,0.00473186119873817,0,0.0211480362537764,0,0.026813880126183,0.978260869565217,0.735056542810985,0.0254372019077901,0.0220820189274448,0.546774193548387,0.944968553459119,0.441130298273155,0.0551301684532925,0.0224719101123595,0.0578778135048231,0.0219092331768388,0,0.0425867507886435,0.0257966616084977,0.0286624203821656,0.0372093023255814,0.0216383307573416,0.0565428109854604,0.0636645962732919,0.0296411856474259,0.0221518987341772,0.00788643533123028,0.0297339593114241,0.0249609984399376,0.0636645962732919,0.0313479623824451,0.0217729393468118,0.0193236714975845,0.0238095238095238,0.0489731437598736,0.0251572327044025,0.024653312788906,0.0185185185185185,0.0571428571428571,0.0259146341463415,0.0235109717868339
"218",0.982704402515723,0.980091883614089,0.972350230414747,0.941640378548896,0.982539682539682,0.977987421383648,0.895865237366003,0.970948012232416,0.980538922155689,0,0.978461538461538,0,0.573820395738204,0.976303317535545,0.0675883256528418,0.0275229357798165,0,0.0170807453416149,0.982839313572543,0.967741935483871,0.174772036474164,0.0492063492063492,0.968133535660091,0,0.931921331316188,0.272868217054264,0.139570552147239,0.968602825745683,0.473363774733638,0.712307692307692,0.0212121212121212,0.692901234567901,0.769706336939722,0.291021671826625,0,0.983024691358025,0.02,0.975646879756469,0.278026905829596,0.885022692889561,0.0015600624024961,0.0166163141993958,0.00757575757575758,0.9765625,0.783094098883573,0.0386996904024768,0.517884914463453,0.0219435736677116,0.476761619190405,0.144144144144144,0,0.974921630094044,0.287250384024578,0.981623277182236,0.881987577639752,0.177215189873418,0,0.947784810126582,0.954614220877458,0.903669724770642,0.303759398496241,0.435508345978756,0.0188679245283019,0,0.884914463452566,0.817351598173516,0,0.966205837173579,0,0.021671826625387,0.843939393939394,0.0230414746543779,0.0309597523219814,0.97737556561086,0,0.726858877086495,0.0599078341013825,0.595454545454545,0.89937106918239,0.279032258064516,0,0.707025411061285,0.222556390977444,0.98036253776435,0.126717557251908,0.906344410876133,0.975609756097561,0.95933734939759,0.953917050691244,0.0120845921450151,0.967592592592593,0.974045801526718,0,0,0.962790697674419,0,0.316998468606432,0.972307692307692,0.00768049155145929,0.00927357032457496,0.622900763358779,0,0.309486780715397,0.981424148606811,0.126315789473684,0.979591836734694,0.0124031007751938,0.972560975609756,0.0215716486902928,0.0262751159196291,0.0335365853658537,0.895800933125972,0.350769230769231,0.969183359013868,0,0.979938271604938,0.708782742681048,0,0.0208643815201192,0.244131455399061,0,0.773700305810398,0.267281105990783,0.105754276827372,0.958588957055215,0.166412213740458,0.975794251134644,0.976923076923077,0,0.559322033898305,0.927357032457496,0.485133020344288,0.969088098918083,0,0.9828125,0.0409090909090909,0,0.226415094339623,0.639751552795031,0.534700315457413,0,0,0.977134146341463,0.761832061068702,0.184952978056426,0.976816074188563,0.0291858678955453,0.922256097560976,0.422360248447205,0.974045801526718,0.151515151515152,0.967289719626168,0.978428351309707,0.84,0.980182926829268,0.0187207488299532,0.977099236641221,0.0232919254658385,0,0.731746031746032,0.868975903614458,0.961948249619482,0.0453857791225416,0,0.981981981981982,0.458267716535433,0.97933227344992,0.976923076923077,0.977409638554217,0.294469357249626,0.977064220183486,0.0217729393468118,0.974164133738602,0.0177514792899408,0.899236641221374,0.385196374622357,0,0.970496894409938,0,0.841781874039939,0.977203647416413,0.13251155624037,0.981679389312977,0.93140243902439,0.973372781065089,0.960843373493976,0.114678899082569,0.38030303030303,0.91499227202473,0.937205651491366,0.0702290076335878,0.0260336906584992,0.972179289026275,0.858015267175573,0,0,0.312989045383412,0.00152905198776758,0.980122324159021,0.272450532724505,0.87888198757764,0.751145038167939,0.983433734939759,0.434984520123839,0.444274809160305,0.317262830482115,0.95679012345679,0.962441314553991,0.877675840978593,0,0.863987635239567,0.192926045016077,0.944099378881988,0.0231481481481481,0.088855421686747,0.541085271317829,0.961715160796325,1,0.827906976744186,0.978328173374613,0.898148148148148,0,0.0864197530864197,0.667168674698795,0.976599063962558,0,0.974242424242424,0.977307110438729,0.564814814814815,0.553488372093023,0.967391304347826,0.973101265822785,0.38390092879257,0,0.881818181818182,0.526153846153846,0.967741935483871,0.02,0.95352323838081,0.978428351309707,0.978851963746224,0.945987654320988,0.538931297709924,0.0219092331768388,0.970588235294118,0.545731707317073,0.0253353204172876,0.0195195195195195,0.221362229102167,0.0261538461538462,0.161189358372457,0.677563150074294,0.0198776758409786,0.0258358662613982,0.0318181818181818,0.602427921092564,0.0579029733959311,0.96551724137931,0.0124223602484472,0.0168711656441718,0,0.249221183800623,0.976744186046512,0.957746478873239,0.897280966767372,0,0.876369327073552,0.837920489296636,0.6828125,0.609756097560976,0.463565891472868,0.463223787167449,0.0122137404580153,0.976525821596244,0.115740740740741,0.690322580645161,0.964285714285714,0.0320610687022901,0.769938650306748,0.0230061349693252,0.134730538922156,0.978851963746224,0.9776,0.892355694227769,0,0.648401826484018,0.879256965944272,0,0.0227617602427921,0.892911010558069,0.976851851851852,0,0.0199386503067485,0.0211480362537764,0.990595611285266,0.882716049382716,0.0223285486443381,0,0.408472012102874,1,0.792109256449165,0.4,0.680061823802164,1,0.0310077519379845,0.977511244377811,0.980091883614089,0.0264385692068429,0.965465465465465,0.978461538461538,0.952755905511811,0.97583081570997,0.198473282442748,0.316109422492401,0.302795031055901,0.973478939157566,0.941362916006339,0.0520673813169985,0.279251170046802,0.973643410852713,0.172307692307692,0.313988095238095,0.978593272171254,0.978125,0.970814132104455,0.698907956318253,0.975903614457831,0.254237288135593,0.960244648318043,0.976190476190476,0,0.325757575757576,0.562305295950156,0.0320610687022901,0.0516717325227964,0.0285285285285285,0.912254160363086,0.0438729198184569,0.0198776758409786,0,0.233128834355828,0.972136222910217,0.0903522205206738,0.990461049284579,0.969088098918083,0.978527607361963,0.297045101088647,0.308544303797468,0.681181959564541,0.468454258675079,0,0.832049306625578,0.0346385542168675,0.0515151515151515,0.216867469879518,0.976923076923077,0.0229709035222052,0,0.339477726574501,0.0305810397553517,0.0478395061728395,0.471582181259601,0.976708074534162,0.288611544461778,0.981012658227848,0.942989214175655,0,0.982507288629738,0.0134529147982063,0.97583081570997,0.83206106870229,0.975922953451043,0.0356589147286822,0.956127080181543,0.0213089802130898,0.872503840245776,0.720379146919431,0.929447852760736,0.987897125567322,0.974085365853659,0.308980213089802,0.951638065522621,0.975794251134644,0.0211480362537764,0.0411585365853659,0.978328173374613,0.977099236641221,0.329249617151608,0.867175572519084,0.9456,0.955246913580247,0.979041916167665,0,0.128410914927769,0.976993865030675,0.0201238390092879,0,0.968798751950078,0.0110584518167457,0.0607476635514019,0.977443609022556,0.968992248062015,0.00309597523219814,0.637059724349158,0.430555555555556,1,0.0205371248025276,0.876755070202808,0.981279251170047,0.386541471048513,0.614916286149163,0.784496124031008,0,0.174922600619195,0.971786833855799,0.9796875,0.452160493827161,0.977134146341463,0.958949096880131,0.049306625577812,0.00152905198776758,0.986384266263237,0.972136222910217,0.941984732824428,0.686363636363636,0.0260736196319018,0.864197530864197,0.253799392097264,0.196399345335516,0.00615384615384615,0.626959247648903,0.608497723823976,0.629007633587786,0,0.300157977883096,0.910769230769231,0.64767616191904,0.520547945205479,0.091044776119403,0,0,0.978197674418605,0.950075642965204,0,0.925117004680187,0.0108695652173913,0,0,0.978021978021978,0,0.977917981072555,0.774539877300613,0.539274924471299,0.978787878787879,0,0,0.978593272171254,0.956456456456456,0.729071537290715,0.0195195195195195,0.00317965023847377,0.879939209726444,0.605740181268882,0.984871406959153,0.549079754601227,0.3609375,0,0.968277945619335,0.0220125786163522,0.956043956043956,0.103448275862069,0,0.0300751879699248,0.134259259259259,0.491961414790997,0.958778625954198,0,0.94170403587444,0.960183767228178,0.978593272171254,0,0.0892018779342723,0.914790996784566,0.0224,0.977611940298508,0.985007496251874,0.0244274809160305,0.980152671755725,0.310502283105023,0.833333333333333,0.0278207109737249,0.191455696202532,0.961240310077519,0.0123839009287926,0.025,0.96865671641791,0.0296411856474259,0.673534072900158,0.395962732919255,0,0.123287671232877,0.734472049689441,0.274119448698315,0.983024691358025,0.0206349206349206,0.169954476479514,0.459677419354839,0.946188340807175,0.886056971514243,0.953560371517028,0.757433489827856,0,0.968373493975904,0.0228658536585366,0.949464012251149,0.397496087636933,0.0208643815201192,0.981762917933131,0.9796875,0.978260869565217,0.632148377125193,0.986153846153846,0.147239263803681,0.207430340557276,0.932721712538226,0.879756468797565,0,0,0.975193798449612,0.92259083728278,0.0354938271604938,0.97196261682243,0.993827160493827,0.373088685015291,0.9328125,0.729001584786054,0.885885885885886,0,0.962732919254658,0.353125,0.980152671755725,0.981679389312977,0,0.62888198757764,0.975116640746501,0.0232198142414861,0.684292379471229,0.4,0.794336810730253,0.691950464396285,0.943536404160475,0.100903614457831,0.966929133858268,0.981651376146789,0.986301369863014,0.316957210776545,0.113323124042879,0.990697674418605,0.977099236641221,0.00771604938271605,0.77760736196319,0.469135802469136,0.275494672754947,0.76416539050536,0.975384615384615,0.892424242424242,0.977168949771689,0.134036144578313,0.0223642172523962,0,0.824615384615385,0.0232919254658385,0.0229007633587786,0.279456193353474,0,0.986046511627907,0.918305597579425,0.982945736434109,0.984825493171472,0.107361963190184,0.0231839258114374,0,0,0.183098591549296,0.100156494522692,0.169254658385093,0,0.0228310502283105,0.980061349693252,0.0166414523449319,0.306625577812018,0.9796875,0.603715170278638,0.962441314553991,0.666666666666667,0.653673163418291,0,0.976366322008863,0.399688958009331,0.497667185069984,0.926646706586826,0.981900452488688,0.412213740458015,0.0108359133126935,0.951219512195122,0.960546282245827,0,0.953030303030303,0.0368098159509202,0.9712,0.442218798151002,0,0.00925925925925926,0.522653721682848,0.836166924265842,0.0210843373493976,0.152410575427683,0.0122887864823349,0.00157977883096367,0.745535714285714,0.043343653250774,0.9824,0.33030303030303,0.980910425844347,0.0211480362537764,0.377643504531722,0.326498422712934,0.866251944012442,0.117004680187207,0.0231124807395994,0.00305343511450382,0.062015503875969,0,0.974512743628186,0.0545746388443018,0.977611940298508,0.0261136712749616,0.980891719745223,0,0.535338345864662,0.475077881619938,0.98,0,0.983358547655068,0,0.4046875,0.971385542168675,0,0.657012195121951,0.967032967032967,0.737169517884914,0.952681388012618,0.0591805766312595,0,0.979969183359014,0.268217054263566,0,0.690332326283988,0.0209580838323353,0.0333333333333333,0.976114649681529,0.981395348837209,0.975903614457831,0.958139534883721,0.965891472868217,0,0.956259426847662,0.0229709035222052,0.373676248108926,0.294930875576037,0.986196319018405,0.974006116207951,0.971428571428571,0.969558599695586,0.0591805766312595,0.0353302611367127,0.992,0.960843373493976,0.720364741641337,0.973966309341501,0.97583081570997,0.974397590361446,0,0,0.959761549925484,0,0.0842266462480858,0,0.946319018404908,0.28391167192429,0.227272727272727,0.134238310708899,0.920436817472699,0,0.124233128834356,0.978593272171254,0.98297213622291,0.650381679389313,0.424375917767988,0.223214285714286,0.195230998509687,0.654631083202512,0.0181543116490166,0.148036253776435,0.546296296296296,0.271889400921659,0.711278195488722,0.028169014084507,0,0.0214723926380368,0.350078492935636,0.979495268138801,0.632776934749621,0.24812030075188,0.636503067484663,0.882978723404255,0.967016491754123,0.9536,0.973478939157566,0.982704402515723,0.979813664596273,0.556923076923077,0.435975609756098,0.979813664596273,0.0239162929745889,0.025297619047619,0.870769230769231,0.0136363636363636,0.97869101978691,0.949386503067485,0,0.13302034428795,0,0.947040498442368,0,0.956989247311828,0.97542242703533,0.0196969696969697,0.86890243902439,0.977272727272727,0.662460567823344,0.624808575803982,0.873831775700935,0,0,0.944805194805195,0.936764705882353,0.990895295902883,0,0,0.0156985871271586,0.24468085106383,0.509230769230769,0,0.458966565349544,0,0.915644171779141,0.974803149606299,0.18740157480315,0.249621785173979,0,0.363067292644757,0.595092024539877,0.850609756097561,0.95952023988006,0.776595744680851,0.0201238390092879,0.993680884676145,0.0153846153846154,0.976303317535545,0,0.974512743628186,0.00771604938271605,0.977952755905512,0.0356037151702786,0.0251968503937008,0,0,0.826153846153846,0.91875,0.934749620637329,0.708083832335329,0.0435435435435435,0.0295031055900621,0.820552147239264,0.829850746268657,0,0.0353302611367127,0.946287519747235,0,0.960691823899371,0.964885496183206,0.0830769230769231,0.0413476263399694,0.0183767228177642,0.977544910179641,0.478125,0.0907692307692308,0.117554858934169,0.132730015082956,0.70429252782194,0.110105580693816,0.979938271604938,0,0.753532182103611,0.968085106382979,0.00460122699386503,0,0.0221565731166913,0,0.0216049382716049,0.977064220183486,0.714738510301109,0.0234375,0.0250391236306729,0.557120500782473,0.955453149001536,0.442424242424242,0.0481927710843374,0.0222575516693164,0.0519685039370079,0.0183206106870229,0,0.0482866043613707,0.0254110612855007,0.0170278637770898,0.0321100917431193,0.0151745068285281,0.0476923076923077,0.0567484662576687,0.0366412213740458,0.0196969696969697,0.00467289719626168,0.0259938837920489,0.0253731343283582,0.0599078341013825,0.0261136712749616,0.0231124807395994,0.0224358974358974,0.0247295208655332,0.0410094637223975,0.0289634146341463,0.0271084337349398,0.0261136712749616,0.0539291217257319,0.0221565731166913,0.0231839258114374
"219",0.835463258785943,0.820754716981132,0.854714064914992,0.853697749196141,0.837025316455696,0.830097087378641,0.836477987421384,0.8421875,0.82542113323124,0.00159489633173844,0.833070866141732,0.00159744408945687,0.702060221870048,0.817152103559871,0.222047244094488,0.196567862714509,0.00154798761609907,0.0110410094637224,0.830342577487765,0.85062893081761,0.323899371069182,0.205501618122977,0.816358024691358,0.0015527950310559,0.836166924265842,0.425632911392405,0.274167987321712,0.818910256410256,0.625192012288787,0.718944099378882,0.174183514774495,0.830963665086888,0.984101748807631,0.400621118012422,0.00156739811912226,0.82601880877743,0.0229357798165138,0.823076923076923,0.424698795180723,0.794712286158631,0,0.0107692307692308,0.00311526479750779,0.832012678288431,0.779935275080906,0.205834683954619,0.605678233438486,0.15541601255887,0.576923076923077,0.290571870170015,0.0015527950310559,0.829652996845426,0.41692789968652,0.828843106180666,0.817014446227929,0.315286624203822,0.0016025641025641,0.807383627608347,0.841121495327103,0.885271317829457,0.415241057542768,0.590342679127726,0.1728,0.00158730158730159,0.826433121019108,0.801550387596899,0.00156985871271586,0.819776714513557,0.00156739811912226,0.159305993690852,0.765891472868217,0.173501577287066,0.185358255451713,0.829153605015674,0,0.845440494590417,0.22360248447205,0.6828125,0.92443729903537,0.42237061769616,0.00157977883096367,0.80811232449298,0.389908256880734,0.82642089093702,0.27602523659306,0.833590138674884,0.8328125,0.835658914728682,0.823802163833076,0.00612557427258806,0.832543443917852,0.820872274143302,0.0016025641025641,0.0015600624024961,0.824561403508772,0,0.433489827856025,0.829113924050633,0.00470219435736677,0.00637958532695375,0.688291139240506,0.00155763239875389,0.432859399684044,0.822884012539185,0.263399693721286,0.816129032258065,0.0063391442155309,0.84384858044164,0.171156893819334,0.176656151419558,0.180685358255452,0.832807570977918,0.4953125,0.822327044025157,0.0015625,0.8453125,0.835443037974684,0.00153609831029186,0.164362519201229,0.383886255924171,0.00153846153846154,0.973561430793157,0.406593406593407,0.248397435897436,0.827044025157233,0.28902627511592,0.834108527131783,0.826771653543307,0.00158227848101266,0.637658227848101,0.842356687898089,0.589285714285714,0.821656050955414,0.00159744408945687,0.811688311688312,0.191358024691358,0.00154559505409583,0.375,0.67192429022082,0.630573248407643,0.0016025641025641,0.00161812297734628,0.835147744945568,0.804724409448819,0.320967741935484,0.824175824175824,0.165876777251185,0.828926905132193,0.557692307692308,0.831530139103555,0.302066772655008,0.825545171339564,0.836507936507937,0.775193798449612,0.829153605015674,0.159489633173844,0.82018927444795,0.177215189873418,0.0015527950310559,0.803514376996805,0.900928792569659,0.828885400313972,0.194704049844237,0.00154559505409583,0.831269349845201,0.583724569640063,0.829821717990275,0.825816485225505,0.821316614420063,0.398133748055988,0.84012539184953,0.180533751962323,0.82648401826484,0.177443609022556,0.897151898734177,0.5171875,0.00161812297734628,0.829457364341085,0.00153846153846154,0.794712286158631,0.838461538461538,0.266025641025641,0.847113884555382,0.835703001579779,0.826807228915663,0.821981424148607,0.258970358814353,0.518181818181818,0.829307568438003,0.832807570977918,0.216848673946958,0.173846153846154,0.845786963434022,0.829420970266041,0,0,0.458528951486698,0.00156739811912226,0.819004524886878,0.41588785046729,0.834670947030498,0.755417956656347,0.830508474576271,0.549206349206349,0.548686244204019,0.443217665615142,0.784591194968553,0.826224328593997,0.924846625766871,0.00157728706624606,0.782071097372488,0.343598055105348,0.831746031746032,0.169572107765452,0.244648318042813,0.634920634920635,0.824088748019017,0.827906976744186,1,0.82992125984252,0.86031746031746,0.00156494522691706,0.2453125,0.756548536209553,0.820063694267516,0.00156985871271586,0.823529411764706,0.841389728096677,0.644305772230889,0.625391849529781,0.825878594249201,0.818770226537217,0.510172143974961,0.00162074554294976,0.850308641975309,0.7,0.857605177993528,0.172955974842767,0.835680751173709,0.832543443917852,0.826086956521739,0.835403726708075,0.60061919504644,0.182829888712242,0.85126582278481,0.608964451313756,0.167927382753404,0.177004538577912,0.330173775671406,0.161392405063291,0.316045380875203,0.693374422187982,0.171606864274571,0.178849144634526,0.184251968503937,0.667687595712098,0.210526315789474,0.835443037974684,0.00797448165869218,0.168486739469579,0.0015625,0.376413570274637,0.829073482428115,0.826771653543307,0.800623052959502,0.0015527950310559,0.898387096774194,0.78816199376947,0.815748031496063,0.7796875,0.607936507936508,0.547049441786284,0.00778816199376947,0.813397129186603,0.265527950310559,0.822185970636215,0.856474258970359,0.177672955974843,0.759873617693523,0.180685358255452,0.28169014084507,0.824345146379045,0.817434210526316,0.83968253968254,0.00151745068285281,0.698289269051322,0.830188679245283,0.00156739811912226,0.16820987654321,0.841221374045802,0.844690966719493,0,0.175738724727838,0.170046801872075,0.848966613672496,0.897314375987362,0.173139158576052,0,0.511041009463722,0.849921011058452,0.809597523219814,0.514637904468413,0.714060031595577,0.816614420062696,0.170846394984326,0.825153374233129,0.819334389857369,0.17192429022082,0.851330203442879,0.823161189358372,0.817014446227929,0.838304552590267,0.341121495327103,0.441358024691358,0.457278481012658,0.845161290322581,0.833876221498371,0.0425196850393701,0.412322274881517,0.851735015772871,0.309904153354633,0.443267776096823,0.841521394611727,0.829617834394904,0.837753510140406,0.770833333333333,0.821374045801527,0.398744113029827,0.841049382716049,0.832,0.00159489633173844,0.460949464012251,0.627980922098569,0.18957345971564,0.0436817472698908,0.181818181818182,0.810047095761381,0.197819314641745,0.168992248062016,0.00154083204930663,0.386292834890966,0.8256735340729,0.235294117647059,0.853181076672104,0.854660347551343,0.839116719242902,0.453100158982512,0.443381180223285,0.753184713375796,0.570723684210526,0,0.84031007751938,0.175572519083969,0.208012326656394,0.356481481481481,0.82484076433121,0.183673469387755,0.00153846153846154,0.463223787167449,0.175548589341693,0.178233438485804,0.617322834645669,0.82574568288854,0.431309904153355,0.815614617940199,0.821875,0.0015600624024961,0.829754601226994,0.158218125960061,0.812693498452012,0.841444270015699,0.835504885993485,0.189655172413793,0.823439878234399,0.176287051482059,0.7796875,0.775806451612903,0.818466353677621,0.836702954898911,0.821316614420063,0.437106918238994,0.841017488076312,0.820710973724884,0.17774343122102,0.199059561128527,0.826923076923077,0.831230283911672,0.466141732283465,0.786271450858034,0.830645161290323,0.847589424572317,0.815789473684211,0.00158982511923688,0.279032258064516,0.824806201550388,0.175632911392405,0.00161550888529887,0.857371794871795,0.0048,0.210691823899371,0.833333333333333,0.843354430379747,0.0032,0.682333873581848,0.5640625,0.831210191082803,0.156199677938808,0.78594249201278,0.821656050955414,0.538216560509554,0.666146645865835,0.853736089030207,0.00159489633173844,0.324881141045959,0.853462157809984,0.835164835164835,0.569422776911076,0.835443037974684,0.802980132450331,0.204113924050633,0.0015600624024961,0.841614906832298,0.840189873417722,0.827315541601256,0.756965944272446,0.164012738853503,0.896825396825397,0.382581648522551,0.336079077429984,0.0046875,0.746411483253589,0.65818759936407,0.692667706708268,0.00154798761609907,0.417197452229299,0.902053712480253,0.760802469135803,0.659937888198758,0.255255255255255,0.00156739811912226,0.00153609831029186,0.822021116138763,0.824074074074074,0,0.829383886255924,0.00478468899521531,0.0015552099533437,0.00162074554294976,0.834920634920635,0.0015552099533437,0.833602584814216,0.748006379585327,0.619047619047619,0.827272727272727,0.0015625,0.00156739811912226,0.834108527131783,0.838709677419355,0.846511627906977,0.176110260336907,0.00161290322580645,0.829953198127925,0.67601246105919,0.838006230529595,0.62596599690881,0.484944532488114,0.00157728706624606,0.823622047244094,0.184126984126984,0.858505564387917,0.247244094488189,0.00153609831029186,0.178353658536585,0.273015873015873,0.522801302931596,0.815047021943574,0.00156494522691706,0.8453125,0.845911949685535,0.826086956521739,0.00157728706624606,0.244019138755981,0.818481848184819,0.171052631578947,0.830769230769231,0.819595645412131,0.173913043478261,0.827856025039124,0.46656298600311,0.791862284820031,0.188589540412044,0.317817014446228,0.837245696400626,0.00475435816164818,0.171701112877583,0.846153846153846,0.192868719611021,0.793103448275862,0.559618441971383,0.00156494522691706,0.275808936825886,0.898550724637681,0.424100156494523,0.835913312693498,0.166926677067083,0.314152410575428,0.54726368159204,0.833333333333333,0.894171779141104,0.841940532081377,0.816164817749604,0.00159489633173844,0.8328173374613,0.165898617511521,0.809148264984227,0.5312,0.173913043478261,0.817757009345794,0.839427662957075,0.811912225705329,0.683307332293292,0.83641975308642,0.298273155416013,0.342948717948718,0.829652996845426,0.843014128728414,0.00154559505409583,0,0.825878594249201,0.81421647819063,0.188498402555911,0.844551282051282,0.84748427672956,0.512539184952978,0.841269841269841,0.722488038277512,0.831530139103555,0,0.839171974522293,0.463607594936709,0.827586206896552,0.828660436137072,0.00153609831029186,0.724409448818898,0.840764331210191,0.168503937007874,0.839228295819936,0.505443234836703,0.801503759398496,0.758346581875994,0.836641221374046,0.252663622526636,0.831460674157303,0.827371695178849,0.862714508580343,0.452922077922078,0.250793650793651,0.841444270015699,0.827160493827161,0.00462249614791988,0.811059907834101,0.52833078101072,0.415360501567398,0.831230283911672,0.818040435458787,0.809904153354633,0.819875776397516,0.145061728395062,0.172697368421053,0.00156494522691706,0.97339593114241,0.180817610062893,0.167456556082148,0.432389937106918,0.0016,0.84384858044164,0.851393188854489,0.83203732503888,0.829153605015674,0.261006289308176,0.18740157480315,0.00151285930408472,0.00158982511923688,0.338658146964856,0.2448,0.327044025157233,0,0.165634674922601,0.8256735340729,0.0821705426356589,0.442675159235669,0.8208,0.66403785488959,0.818037974683544,0.735202492211838,0.703703703703704,0.00155763239875389,0.828787878787879,0.525316455696203,0.595541401273885,0.860896445131376,0.842266462480858,0.503086419753086,0.00777604976671851,0.845786963434022,0.847113884555382,0.00159489633173844,0.824074074074074,0.184496124031008,0.826860841423948,0.518282988871224,0,0.0046583850931677,0.640522875816993,0.871428571428571,0.175548589341693,0.290996784565916,0.00619195046439629,0,0.759878419452888,0.177884615384615,0.831960461285008,0.481424148606811,0.834108527131783,0.180576631259484,0.4625,0.458670988654781,0.921348314606742,0.233494363929147,0.177394034536892,0,0.214626391096979,0.0015600624024961,0.831288343558282,0.176661264181524,0.842748091603053,0.166931637519873,0.821086261980831,0.00153846153846154,0.654961832061069,0.611727416798732,0.81619937694704,0.00160513643659711,0.828173374613003,0.00158227848101266,0.537360890302067,0.828967642526965,0.0015625,0.697674418604651,0.83015873015873,0.737678855325914,0.868506493506494,0.204968944099379,0.00156739811912226,0.816901408450704,0.416932907348243,0.00155038759689922,0.828438948995363,0.164885496183206,0.189312977099237,0.831210191082803,0.840873634945398,0.830792682926829,0.819334389857369,0.831761006289308,0.00157232704402516,0.813291139240506,0.0170542635658915,0.481308411214953,0.446540880503145,0.826224328593997,0.826771653543307,0.837593984962406,0.83695652173913,0.0582822085889571,0.188589540412044,0.827868852459016,0.840625,0.792248062015504,0.827102803738318,0.83203732503888,0.857366771159875,0.00153139356814701,0.00153374233128834,0.82089552238806,0.0015220700152207,0.225806451612903,0.00161290322580645,0.833070866141732,0.411858974358974,0.37012987012987,0.300155520995334,0.847723704866562,0.0015625,0.264797507788162,0.824451410658307,0.828220858895706,0.708661417322835,0.544776119402985,0.375375375375375,0.328335832083958,0.674603174603175,0.165625,0.284603421461897,0.634945397815913,0.401263823064771,0.793427230046948,0.174652241112828,0.00157977883096367,0.162679425837321,0.46984126984127,0.826016260162602,0.666666666666667,0.382978723404255,0.757387247278383,0.89937106918239,0.812596006144393,0.853736089030207,0.822966507177033,0.838141025641026,0.829420970266041,0.665610142630745,0.55625,0.820472440944882,0.179331306990881,0.17774343122102,0.929133858267717,0.00612557427258806,0.822804314329738,0.812307692307692,0.0016,0.2704,0.00157232704402516,0.834384858044164,0,0.847352024922118,0.81974921630094,0.173643410852713,0.799684542586751,0.831269349845201,0.705882352941177,0.67651632970451,0.822966507177033,0.0015625,0.00157728706624606,0.857374392220421,0.833333333333333,0.835147744945568,0.00153374233128834,0,0.170731707317073,0.382488479262673,0.574766355140187,0.00155038759689922,0.607535321821036,0.00154798761609907,0.808,0.832258064516129,0.324717285945073,0.418461538461538,0.0015220700152207,0.470588235294118,0.651898734177215,0.778471138845554,0.844961240310077,0.767801857585139,0.179968701095462,0.856459330143541,0.0256410256410256,0.828711256117455,0,0.834621329211746,0.00469483568075117,0.823151125401929,0.194267515923567,0.114649681528662,0.00155038759689922,0.00160513643659711,0.95046439628483,0.830097087378641,0.854263565891473,0.716236722306525,0.193061840120664,0.16984126984127,0.751987281399046,0.747320061255743,0.00160771704180064,0.178343949044586,0.835147744945568,0,0.807383627608347,0.855140186915888,0.243285939968404,0.0295489891135303,0.158478605388273,0.823802163833076,0.569377990430622,0.234920634920635,0.281505728314239,0.290880503144654,0.850556438791733,0.243451463790447,0.832807570977918,0.00157232704402516,0.786053882725832,0.827856025039124,0.00316455696202532,0.00158730158730159,0.167168674698795,0,0.18025078369906,0.829984544049459,0.714975845410628,0.173354735152488,0.172143974960876,0.658615136876006,0.857142857142857,0.597791798107255,0.0417310664605873,0.174959871589085,0.0580645161290323,0.0234009360374415,0.00156739811912226,0.167456556082148,0.174962292609351,0.170382165605096,0.196620583717358,0.175384615384615,0.0305466237942122,0.0454545454545455,0.191588785046729,0.0235478806907378,0.00811688311688312,0.0405616224648986,0.0312989045383412,0.043613707165109,0.196875,0.0283018867924528,0.179445350734095,0.189274447949527,0.0349761526232114,0.173228346456693,0.0351681957186544,0.178403755868545,0.19496855345912,0.174506828528073,0.17384370015949
"220",0.998415213946117,0.998415213946117,0.972477064220184,0.942583732057416,0.9872,1,0.883757961783439,0.978125,0.998444790046656,0,1,0,0.566978193146417,0.998397435897436,0.0417956656346749,0.0077639751552795,0,0.0188679245283019,0.998417721518987,0.982892690513219,0.157566302652106,0.0338709677419355,0.989197530864197,0,0.951486697965571,0.2515625,0.100931677018634,0.985781990521327,0.472012102874433,0.681538461538462,0.0015220700152207,0.694444444444444,0.764150943396226,0.28149300155521,0,1,0.0200927357032458,0.993836671802773,0.258982035928144,0.905053598774885,0.0015527950310559,0.0200927357032458,0.0062111801242236,0.998432601880878,0.775444264943457,0.0190779014308426,0.507836990595611,0.00156739811912226,0.464831804281346,0.144596651445967,0,0.990697674418605,0.271317829457364,0.998420221169036,0.877742946708464,0.16025641025641,0,0.975961538461538,0.95852534562212,0.904109589041096,0.276661514683153,0.441538461538462,0.00158982511923688,0,0.902362204724409,0.821263482280431,0,0.989010989010989,0,0,0.86890243902439,0.00778816199376947,0.01875,0.998470948012232,0,0.702865761689291,0.0434782608695652,0.554347826086957,0.892405063291139,0.258706467661692,0,0.713201820940819,0.196018376722818,0.996918335901387,0.117465224111283,0.910060975609756,0.995398773006135,0.969325153374233,0.967592592592593,0.0122887864823349,0.98740157480315,0.998459167950693,0,0,0.966876971608833,0,0.292379471228616,0.979750778816199,0.00910470409711684,0.0110062893081761,0.609302325581395,0,0.28503937007874,1,0.107033639143731,0.998427672955975,0.0109546165884194,0.979430379746835,0.0015748031496063,0.0046656298600311,0.0106382978723404,0.901408450704225,0.336477987421384,0.990825688073395,0,0.989280245022971,0.707620528771384,0,0.00155038759689922,0.2390625,0,0.765163297045101,0.248833592534992,0.0732484076433121,0.978395061728395,0.144157814871017,0.996899224806202,0.995348837209302,0,0.548686244204019,0.936708860759494,0.497592295345104,0.988853503184713,0,0.99194847020934,0.0229709035222052,0,0.213375796178344,0.624012638230648,0.523125996810207,0,0,0.981279251170047,0.756589147286822,0.162162162162162,0.998425196850394,0.00775193798449612,0.923794712286159,0.409448818897638,0.980030721966206,0.138582677165354,0.984399375975039,1,0.850077279752705,0.993730407523511,0,0.998454404945904,0.00155763239875389,0,0.734177215189873,0.87062404870624,0.978428351309707,0.0213740458015267,0,1,0.44888178913738,0.998407643312102,0.998466257668712,0.998482549317147,0.277349768875193,0.981510015408321,0.00155763239875389,0.948484848484848,0.00151285930408472,0.897959183673469,0.362068965517241,0,0.979591836734694,0,0.840062111801242,0.998452012383901,0.126182965299685,0.983308042488619,0.949618320610687,0.989536621823617,0.978361669242658,0.0903328050713154,0.380733944954128,0.928802588996764,0.938582677165354,0.053125,0.00771604938271605,0.982839313572543,0.850467289719626,0,0,0.294952681388013,0.00155038759689922,0.998475609756098,0.253799392097264,0.871069182389937,0.741984732824427,0.993920972644377,0.433753943217666,0.436532507739938,0.293375394321767,0.911671924290221,0.954898911353033,0.882896764252696,0,0.89060092449923,0.188709677419355,0.951923076923077,0.0015748031496063,0.0685975609756098,0.540752351097179,0.976415094339623,0.978328173374613,0.82992125984252,1,0.896389324960754,0,0.0740740740740741,0.667175572519084,0.992101105845182,0,0.990740740740741,0.981845688350983,0.548837209302326,0.54858934169279,0.990521327014218,0.998394863563403,0.359375,0,0.882621951219512,0.522906793048973,0.970967741935484,0.00153846153846154,0.961300309597523,0.996805111821086,0.998430141287284,0.95253164556962,0.526964560862866,0.00312989045383412,0.971653543307087,0.530326594090202,0.0060790273556231,0.00303951367781155,0.187599364069952,0.00156739811912226,0.158653846153846,0.675226586102719,0.00157232704402516,0.00619195046439629,0.0091324200913242,0.581679389312977,0.0363924050632911,0.987361769352291,0.0125195618153365,0.0015625,0,0.218009478672986,0.998422712933754,0.979876160990712,0.916158536585366,0,0.870607028753994,0.850769230769231,0.697347893915757,0.594427244582043,0.447040498442368,0.458730158730159,0.0122699386503067,0.998430141287284,0.100303951367781,0.709886547811994,0.961059190031153,0.00927357032457496,0.73159509202454,0.00312989045383412,0.114374034003091,0.998484848484849,0.998384491114701,0.885483870967742,0,0.641221374045801,0.873617693522907,0,0.00152439024390244,0.886676875957121,0.981308411214953,0,0.00307692307692308,0.00305343511450382,0.979365079365079,0.880763116057234,0.00159744408945687,0,0.384615384615385,0.988976377952756,0.786910197869102,0.397534668721109,0.648985959438378,0.956856702619414,0.0107033639143731,0.998470948012232,0.998447204968944,0.00788643533123028,0.966153846153846,0.998432601880878,0.9696,0.995363214837713,0.185758513931889,0.312788906009245,0.294207317073171,0.9792663476874,0.932258064516129,0.0496894409937888,0.261345852895149,0.976525821596244,0.149532710280374,0.308270676691729,0.995341614906832,0.996865203761755,0.972265023112481,0.691943127962085,0.995384615384615,0.247619047619048,0.965463108320251,0.995260663507109,0,0.325190839694657,0.549363057324841,0.0108024691358025,0.0500782472613459,0.0107033639143731,0.903576982892691,0.0262751159196291,0.00156494522691706,0,0.22706065318818,0.992331288343558,0.0789473684210526,0.985668789808917,0.973101265822785,0.987480438184664,0.28414442700157,0.282714054927302,0.65625,0.460547504025765,0,0.82015503875969,0.0120663650075415,0.0416666666666667,0.198170731707317,0.998397435897436,0.0031201248049922,0,0.321592649310873,0.0108024691358025,0.0220125786163522,0.484848484848485,1,0.26461038961039,0.998389694041868,0.962204724409449,0,0.991058122205663,0,0.996974281391831,0.817901234567901,0.998410174880763,0.0141065830721003,0.978260869565217,0.00157232704402516,0.883076923076923,0.717665615141956,0.947692307692308,0.986217457886677,0.995363214837713,0.297674418604651,0.967238689547582,0.998480243161094,0.00149476831091181,0.0264797507788162,0.998422712933754,0.998444790046656,0.31937984496124,0.886503067484663,0.962903225806452,0.954268292682927,0.9984375,0,0.112877583465819,0.998463901689708,0.0015625,0,0.963893249607535,0.0127186009538951,0.040625,0.998459167950693,0.968701095461659,0.0047244094488189,0.617647058823529,0.410658307210031,0.982456140350877,0.00320512820512821,0.871632329635499,0.9952,0.375987361769352,0.592024539877301,0.792778649921507,0,0.169278996865204,0.979166666666667,0.996894409937888,0.440124416796268,0.998466257668712,0.973288814691152,0.0292307692307692,0.0015552099533437,0.984567901234568,0.992199687987519,0.949606299212598,0.679273827534039,0.00793650793650794,0.870514820592824,0.226708074534162,0.184168012924071,0.0078003120124805,0.601574803149606,0.588328075709779,0.601851851851852,0,0.279365079365079,0.903125,0.629230769230769,0.513343799058085,0.0749625187406297,0,0,0.998511904761905,0.971299093655589,0,0.921996879875195,0.0111642743221691,0,0,0.996889580093313,0,0.998425196850394,0.756965944272446,0.537065052950076,0.998480243161094,0,0,0.992150706436421,0.956780923994039,0.72,0,0.00317965023847377,0.872146118721461,0.592933947772657,0.998435054773083,0.514415781487102,0.342767295597484,0,0.981735159817352,0.00160513643659711,0.96031746031746,0.0837209302325581,0,0.0104477611940299,0.12202852614897,0.472491909385113,0.972265023112481,0,0.953172205438066,0.978294573643411,0.998449612403101,0,0.0652866242038217,0.934210526315789,0.00490998363338789,1,0.998482549317147,0.0107033639143731,0.998454404945904,0.297045101088647,0.79153605015674,0.0062015503875969,0.161084529505582,0.959752321981424,0.0108864696734059,0.0015625,0.973966309341501,0.00318979266347687,0.656692913385827,0.396578538102644,0,0.116459627329193,0.746388443017656,0.255384615384615,0.973643410852713,0.00154083204930663,0.151840490797546,0.450479233226837,0.955384615384615,0.882534775888717,0.966981132075472,0.734597156398104,0,0.980182926829268,0.00153846153846154,0.9671875,0.398058252427184,0.00153846153846154,1,0.998420221169036,1,0.629057187017002,0.9858934169279,0.129133858267717,0.195924764890282,0.946070878274268,0.869831546707504,0,0,0.992076069730586,0.949685534591195,0.0170015455950541,0.984227129337539,0.992175273865415,0.364760432766615,0.927672955974843,0.732909379968203,0.882175226586103,0,0.968253968253968,0.33596214511041,1,0.996825396825397,0,0.638230647709321,0.971291866028708,0.0015527950310559,0.689274447949527,0.376923076923077,0.788199697428139,0.684044233807267,0.96078431372549,0.0832049306625578,0.984025559105431,1,0.981366459627329,0.29264475743349,0.093603744149766,0.990668740279938,0.998480243161094,0.00920245398773006,0.774539877300613,0.442724458204334,0.252713178294574,0.768992248062015,0.998425196850394,0.871317829457364,0.998454404945904,0.124807395993837,0,0,0.827044025157233,0.00476190476190476,0.00156985871271586,0.268025078369906,0,0.989263803680982,0.912307692307692,0.998463901689708,0.992248062015504,0.0885093167701863,0.00154798761609907,0,0,0.177496038034865,0.0705329153605016,0.15251572327044,0,0.00153609831029186,0.998439937597504,0.00778816199376947,0.287284144427002,0.998425196850394,0.58695652173913,0.9703125,0.650546021840874,0.627659574468085,0,0.998484848484849,0.391096979332273,0.501582278481013,0.92156862745098,0.990909090909091,0.382262996941896,0.0124031007751938,0.953488372093023,0.955384615384615,0,0.967213114754098,0.0155038759689922,0.985553772070626,0.432307692307692,0,0.0108359133126935,0.519736842105263,0.841194968553459,0,0.130573248407643,0.0125786163522013,0.00157728706624606,0.751515151515151,0.0249609984399376,1,0.317557251908397,0.993920972644377,0.0015220700152207,0.376360808709176,0.319620253164557,0.8704,0.0979133226324237,0.00462962962962963,0.00312989045383412,0.0410094637223975,0,0.996941896024465,0.0369181380417336,0.983383685800604,0.00317460317460317,0.998402555910543,0,0.525190839694657,0.468315301391036,0.998449612403101,0,0.996932515337423,0,0.393364928909953,0.990825688073395,0,0.642638036809816,0.981366459627329,0.745709828393136,0.95447409733124,0.0323574730354391,0,1,0.259083728278041,0,0.690658499234303,0.00151057401812689,0.0182370820668693,0.998405103668262,0.998425196850394,0.990783410138249,0.970358814352574,0.9792663476874,0,0.976452119309262,0.0243531202435312,0.338368580060423,0.280125195618153,0.990639625585023,0.990697674418605,0.992283950617284,0.990811638591118,0.0549618320610687,0.0109546165884194,0.983818770226537,0.967441860465116,0.704892966360856,0.973765432098765,0.998461538461539,0.969418960244648,0,0,0.980509745127436,0,0.0713178294573643,0,0.957746478873239,0.271844660194175,0.205501618122977,0.127692307692308,0.919937205651491,0,0.105590062111801,0.998454404945904,0.998482549317147,0.627760252365931,0.417533432392273,0.192250372578241,0.164901664145234,0.654952076677316,0.00151975683890578,0.115625,0.53968253968254,0.254290171606864,0.690658499234303,0.0109204368174727,0,0.00159489633173844,0.315372424722662,0.998422712933754,0.627329192546584,0.227067669172932,0.600311041990669,0.87673343605547,0.987786259541985,0.964285714285714,0.984152139461173,0.998410174880763,0.996845425867508,0.552959501557632,0.418495297805643,0.996879875195008,0.00601503759398496,0.0121212121212121,0.876543209876543,0.0123456790123457,1,0.972179289026275,0,0.110935023771791,0,0.95800933125972,0,0.972222222222222,0.9984375,0.00927357032457496,0.828616352201258,0.998487140695915,0.656200941915228,0.625386996904025,0.875,0,0,0.935691318327974,0.94213649851632,0.992199687987519,0,0,0,0.236006051437216,0.503086419753086,0,0.445497630331754,0,0.930756843800322,1,0.157894736842105,0.223744292237443,0,0.340729001584786,0.575617283950617,0.864823348694316,0.96594427244582,0.773643410852713,0.0015527950310559,0.990445859872611,0.015748031496063,0.998407643312102,0,0.981707317073171,0.00940438871473354,0.998417721518987,0.0203761755485893,0.00933125972006221,0,0,0.825077399380805,0.93042071197411,0.937308868501529,0.723502304147465,0.0257575757575758,0.0063391442155309,0.845565749235474,0.841079460269865,0,0.0203125,0.971786833855799,0,0.984202211690363,0.956923076923077,0.0625,0.0393081761006289,0.00156739811912226,0.998463901689708,0.470774091627172,0.0756172839506173,0.104333868378812,0.108562691131498,0.681528662420382,0.10355486862442,1,0,0.75314465408805,0.981735159817352,0.00470957613814757,0,0.00150602409638554,0,0.0015600624024961,1,0.720257234726688,0.00158730158730159,0.00155038759689922,0.544740973312402,0.959311424100156,0.436532507739938,0.0524691358024691,0.00320512820512821,0.060702875399361,0.021505376344086,0,0.0250783699059561,0.00454545454545455,0.00162074554294976,0.0108359133126935,0.00151515151515152,0.0500782472613459,0.0558139534883721,0.0154559505409583,0.0232558139534884,0.0063391442155309,0.0296411856474259,0.0277349768875193,0.0595611285266458,0.00626959247648903,0.0233281493001555,0.00158982511923688,0.00311526479750779,0.0476190476190476,0.00941915227629513,0.0269461077844311,0.00153846153846154,0.0353302611367127,0.00301659125188537,0.0015552099533437
"221",0.892455858747994,0.888540031397174,0.878461538461539,0.871175523349436,0.88780487804878,0.906349206349206,0.838862559241706,0.873617693522907,0.892523364485981,0,0.898119122257053,0,0.63265306122449,0.8912,0.15541601255887,0.114104595879556,0,0.0173501577287066,0.888709677419355,0.909667194928685,0.268025078369906,0.137479541734861,0.88871473354232,0,0.869905956112853,0.36724960254372,0.215088282504013,0.882447665056361,0.609034267912773,0.708268330733229,0.110419906687403,0.743827160493827,0.849683544303797,0.369496855345912,0,0.897798742138365,0.0199692780337942,0.884615384615385,0.378012048192771,0.858914728682171,0.00158730158730159,0.0139318885448916,0.00474683544303797,0.887301587301587,0.75487012987013,0.133858267716535,0.579778830963665,0.110759493670886,0.530674846625767,0.253067484662577,0,0.899841017488076,0.383411580594679,0.892690513219285,0.809904153354633,0.272151898734177,0,0.882258064516129,0.864274570982839,0.877358490566038,0.390015600624025,0.564341085271318,0.110223642172524,0,0.888529886914378,0.849921011058452,0,0.892744479495268,0,0.109717868338558,0.803125,0.108320251177394,0.120500782472613,0.889751552795031,0,0.801223241590214,0.15962441314554,0.685446009389671,0.854889589905363,0.365131578947368,0,0.739197530864197,0.339477726574501,0.887323943661972,0.23186119873817,0.846153846153846,0.8984375,0.889240506329114,0.868217054263566,0.00921658986175115,0.8944,0.8890625,0,0,0.885483870967742,0,0.396899224806202,0.879120879120879,0.00770416024653313,0.00783699059561128,0.664546899841017,0,0.397781299524564,0.8896,0.209302325581395,0.889245585874799,0.00794912559618442,0.890995260663507,0.0988835725677831,0.119122257053292,0.117088607594937,0.842105263157895,0.421303656597774,0.895638629283489,0,0.894573643410853,0.749221183800623,0,0.0962732919254658,0.358520900321543,0,0.844236760124611,0.358044164037855,0.189014539579968,0.875389408099688,0.269592476489028,0.894899536321484,0.892857142857143,0,0.618604651162791,0.863492063492064,0.579617834394904,0.876996805111821,0,0.880258899676375,0.12824427480916,0,0.328525641025641,0.672496025437202,0.602543720190779,0,0,0.888372093023256,0.851097178683386,0.292721518987342,0.888888888888889,0.108832807570978,0.8546875,0.498397435897436,0.888888888888889,0.257799671592775,0.891135303265941,0.89047619047619,0.809672386895476,0.896389324960754,0.108108108108108,0.893915756630265,0.109872611464968,0,0.820919175911252,0.826893353941267,0.882629107981221,0.125960061443932,0,0.897356143079316,0.526742301458671,0.896103896103896,0.9,0.889763779527559,0.373643410852713,0.883256528417819,0.114467408585056,0.867078825347759,0.105666156202144,0.843450479233227,0.47360248447205,0,0.888188976377953,0,0.850539291217257,0.898894154818325,0.231139646869984,0.895962732919255,0.8890625,0.886018237082067,0.890965732087227,0.2015625,0.45468509984639,0.855769230769231,0.873801916932907,0.167456556082148,0.10625,0.888178913738019,0.807511737089202,0,0,0.414944356120827,0.0015625,0.896284829721362,0.353125,0.82258064516129,0.781395348837209,0.882170542635659,0.514376996805112,0.531347962382445,0.398713826366559,0.844690966719493,0.867601246105919,0.853435114503817,0,0.811912225705329,0.297385620915033,0.875796178343949,0.107255520504732,0.180030257186082,0.606864274570983,0.884310618066561,0.898148148148148,0.86031746031746,0.896389324960754,1,0,0.178963893249608,0.774343122102009,0.887480190174326,0,0.888544891640867,0.886153846153846,0.617088607594937,0.575427682737169,0.884493670886076,0.891585760517799,0.464454976303318,0,0.840557275541796,0.6198738170347,0.885245901639344,0.107476635514019,0.890076335877863,0.890302066772655,0.89358372456964,0.95260663507109,0.564615384615385,0.124401913875598,0.889240506329114,0.613707165109034,0.10260336906585,0.109774436090226,0.275641025641026,0.100470957613815,0.258373205741627,0.678899082568807,0.103610675039246,0.116822429906542,0.118195956454121,0.647887323943662,0.142857142857143,0.90251572327044,0.00797448165869218,0.11353032659409,0,0.321711568938193,0.905063291139241,0.885220125786163,0.838304552590267,0,0.837133550488599,0.837920489296636,0.735340729001585,0.681388012618297,0.542130365659777,0.53582554517134,0.00773993808049536,0.881493506493506,0.207373271889401,0.743801652892562,0.88783570300158,0.119195046439628,0.744444444444444,0.097444089456869,0.22848200312989,0.899543378995434,0.889070146818923,0.828025477707006,0,0.670807453416149,0.833860759493671,0,0.107309486780715,0.82542113323124,0.879936808846761,0,0.113707165109034,0.0998439937597504,0.896166134185304,0.859649122807018,0.104430379746835,0,0.486697965571205,0.906200317965024,0.792626728110599,0.456692913385827,0.689984101748808,0.87211093990755,0.109204368174727,0.893188854489164,0.889064976228209,0.116719242902208,0.886996904024768,0.891547049441786,0.885852090032154,0.895962732919255,0.303459119496855,0.412403100775194,0.396899224806202,0.872168284789644,0.8592,0.0497667185069984,0.3861852433281,0.893081761006289,0.266770670826833,0.411402157164869,0.894736842105263,0.894230769230769,0.901081916537867,0.812400635930048,0.894736842105263,0.364649681528662,0.88646967340591,0.888535031847134,0,0.422360248447205,0.598425196850394,0.126382306477093,0.05320813771518,0.120980091883614,0.85625,0.129429892141757,0.110759493670886,0,0.352574102964119,0.894154818325434,0.178125,0.893548387096774,0.88783570300158,0.896496815286624,0.403877221324717,0.383739837398374,0.776377952755905,0.515650741350906,0,0.908517350157729,0.11214953271028,0.146604938271605,0.314553990610329,0.896389324960754,0.116719242902208,0,0.425431711145997,0.113671274961598,0.128775834658188,0.554858934169279,0.880573248407643,0.37741935483871,0.882825040128411,0.893819334389857,0,0.88955223880597,0.101538461538462,0.885844748858447,0.907378335949764,0.895498392282958,0.114241001564945,0.89358372456964,0.102040816326531,0.853269537480064,0.74481658692185,0.878086419753086,0.897081413210445,0.887658227848101,0.404088050314465,0.942367601246106,0.885844748858447,0.11854103343465,0.125,0.884493670886076,0.903276131045242,0.425897035881435,0.856025039123631,0.85829307568438,0.895962732919255,0.884259259259259,0,0.21259842519685,0.887147335423197,0.111459968602826,0,0.878357030015798,0.00963081861958266,0.150159744408946,0.896062992125984,0.881435257410296,0.00317460317460317,0.657770800627943,0.525157232704403,0.891547049441786,0.101941747572816,0.822047244094488,0.885852090032154,0.5,0.651090342679128,0.78391167192429,0,0.278560250391236,0.890850722311397,0.89375,0.536776212832551,0.8953125,0.884615384615385,0.139717425431711,0.00159235668789809,0.890282131661442,0.900787401574803,0.868670886075949,0.771822358346095,0.113268608414239,0.82780410742496,0.339563862928349,0.27603305785124,0.00471698113207547,0.746341463414634,0.64968152866242,0.661881977671451,0,0.375404530744337,0.846031746031746,0.748456790123457,0.582181259600614,0.181538461538462,0,0,0.894495412844037,0.887519260400616,0,0.843601895734597,0.00642054574638844,0,0,0.894822006472492,0,0.900489396411093,0.742902208201893,0.603715170278638,0.896284829721362,0,0,0.892018779342723,0.875,0.859133126934985,0.11402157164869,0.00322061191626409,0.823348694316436,0.645061728395062,0.89010989010989,0.599688473520249,0.423809523809524,0,0.907668231611894,0.124394184168013,0.8896,0.205741626794258,0,0.107361963190184,0.22866344605475,0.542207792207792,0.886614173228346,0,0.873261205564142,0.886614173228346,0.889400921658986,0,0.192,0.854304635761589,0.11869918699187,0.891437308868501,0.891975308641975,0.12111801242236,0.888188976377953,0.415481832543444,0.792393026941363,0.115085536547434,0.284329563812601,0.893249607535322,0.00950871632329636,0.1046875,0.87906976744186,0.111658456486043,0.760450160771704,0.454833597464342,0,0.203761755485893,0.779904306220096,0.373626373626374,0.871835443037975,0.114779874213836,0.259659969088099,0.563725490196078,0.882896764252696,0.861111111111111,0.944532488114105,0.847244094488189,0,0.927244582043344,0.104615384615385,0.882636655948553,0.486885245901639,0.102760736196319,0.894488188976378,0.896062992125984,0.887278582930757,0.676100628930818,0.88871473354232,0.235294117647059,0.2912,0.86053882725832,0.8109375,0,0,0.887820512820513,0.853896103896104,0.117834394904459,0.894736842105263,0.900316455696203,0.479623824451411,0.857374392220421,0.7408,0.832049306625578,0,0.878787878787879,0.441412520064205,0.891338582677165,0.891935483870968,0,0.752,0.88301282051282,0.116903633491311,0.767772511848341,0.462616822429907,0.877828054298643,0.715873015873016,0.937308868501529,0.186830015313936,0.87741935483871,0.892913385826772,0.8921875,0.397106109324759,0.193700787401575,0.903426791277259,0.889408099688474,0.00762195121951219,0.850467289719626,0.524767801857585,0.350157728706625,0.767295597484277,0.896875,0.8359375,0.897990726429675,0.140215716486903,0.113085621970921,0,0.848,0.10031847133758,0.114649681528662,0.375786163522013,0,0.894488188976378,0.865414710485133,0.889415481832543,0.888198757763975,0.2032,0.100313479623824,0,0,0.281553398058252,0.181388012618297,0.266561514195584,0,0.102760736196319,0.879310344827586,0.0542635658914729,0.395833333333333,0.885895404120444,0.646875,0.888535031847134,0.693270735524257,0.661016949152542,0,0.890577507598784,0.4864,0.570287539936102,0.851908396946565,0.895865237366003,0.479876160990712,0.0109034267912773,0.874015748031496,0.879389312977099,0,0.875766871165644,0.121069182389937,0.902640264026403,0.508607198748044,0,0.00947867298578199,0.592532467532468,0.822866344605475,0.117088607594937,0.236883942766296,0.00943396226415094,0.00162866449511401,0.734138972809668,0.125996810207337,0.893790849673203,0.41640866873065,0.891975308641975,0.100609756097561,0.453543307086614,0.415064102564103,0.849117174959872,0.213592233009709,0.110077519379845,0.00306278713629403,0.14171974522293,0,0.891271056661562,0.123376623376623,0.885670731707317,0.107371794871795,0.887122416534181,0,0.585516178736518,0.590551181102362,0.880503144654088,0,0.892523364485981,0,0.48538961038961,0.892307692307692,0,0.682098765432099,0.87620578778135,0.744945567651633,0.886731391585761,0.150855365474339,0,0.889240506329114,0.357142857142857,0,0.737654320987654,0.107197549770291,0.124423963133641,0.888357256778309,0.895734597156398,0.888549618320611,0.872611464968153,0.880952380952381,0,0.884984025559105,0.0186625194401244,0.451463790446841,0.380348652931854,0.885271317829457,0.895734597156398,0.890769230769231,0.88785046728972,0.0622083981337481,0.120443740095087,0.887254901960784,0.892690513219285,0.828393135725429,0.874613003095975,0.887323943661972,0.896604938271605,0,0,0.877061469265367,0,0.166407465007776,0,0.880804953560371,0.369951534733441,0.302737520128824,0.229813664596273,0.874003189792663,0,0.207488299531981,0.885579937304075,0.891808346213292,0.667721518987342,0.505295007564297,0.328828828828829,0.277777777777778,0.697933227344992,0.0993788819875776,0.241809672386895,0.608490566037736,0.384735202492212,0.819466248037677,0.105015673981191,0,0.106750392464678,0.428571428571429,0.899022801302932,0.637636080870918,0.340490797546012,0.749216300940439,0.8328173374613,0.875192604006163,0.889250814332248,0.884984025559105,0.901929260450161,0.900943396226415,0.60093896713615,0.484326018808777,0.890127388535032,0.114854517611026,0.120845921450151,0.843601895734597,0.00925925925925926,0.887519260400616,0.869905956112853,0,0.233226837060703,0,0.893987341772152,0,0.884259259259259,0.892018779342723,0.109567901234568,0.804140127388535,0.89922480620155,0.671474358974359,0.648818897637795,0.822222222222222,0,0,0.869205298013245,0.856711915535445,0.894245723172628,0,0,0.106796116504854,0.350152905198777,0.581761006289308,0,0.527472527472527,0,0.8448,0.898412698412698,0.258373205741627,0.344135802469136,0,0.416534181240064,0.627575277337559,0.840062111801242,0.875,0.7625,0.10989010989011,0.893030794165316,0.0235109717868339,0.890522875816993,0,0.886850152905199,0.00628930817610063,0.89297124600639,0.125588697017268,0.0770465489566613,0,0,0.840873634945398,1,0.861635220125786,0.734157650695518,0.118461538461538,0.10828025477707,0.783699059561129,0.782674772036474,0,0.124401913875598,0.900641025641026,0,0.882447665056361,0.875,0.1859375,0.0393700787401575,0.10989010989011,0.891104294478528,0.526315789473684,0.184952978056426,0.215780998389694,0.216640502354788,0.817152103559871,0.199372056514914,0.89622641509434,0,0.834394904458599,0.917573872472784,0.00318979266347687,0,0.103658536585366,0,0.117274167987322,0.893023255813953,0.738211382113821,0.112721417069243,0.104430379746835,0.617363344051447,0.876777251184834,0.56298600311042,0.049079754601227,0.1104,0.0579710144927536,0.0218408736349454,0,0.106918238993711,0.102446483180428,0.106918238993711,0.114374034003091,0.101538461538462,0.0494417862838915,0.0555555555555556,0.116352201257862,0.0208667736757624,0.00321543408360129,0.0303514376996805,0.0248447204968944,0.0608424336973479,0.121019108280255,0.0248833592534992,0.106109324758842,0.110047846889952,0.0436893203883495,0.105845181674566,0.0353302611367127,0.105345911949686,0.150234741784038,0.11178247734139,0.107086614173228
"222",0,0,0,0,0,0,0.0125786163522013,0.00156739811912226,0,1,0,1,0,0,0,0,1,0.982839313572543,0,0,0,0,0,1,0,0,0,0.00158227848101266,0,0,0,0,0.00160771704180064,0,1,0,0.98297213622291,0,0,0,0.998430141287284,0.982998454404946,0.992150706436421,0,0,0,0,0,0,0,1,0,0,0,0.0126382306477093,0,1,0,0.00309119010819165,0,0,0,0,1,0,0,1,0,1,0,0,0,0,0,1,0.00156985871271586,0,0,0.0016,0,1,0,0,0,0,0,0,0,0.0031104199066874,0.98780487804878,0,0,1,1,0,1,0.0154559505409583,0,0.99236641221374,0.990353697749196,0.00788643533123028,1,0,0,0,0,0.9888,0.00313479623824451,0,0,0,0.0127186009538951,0,0,1,0,0,1,0,0,1,0.00157728706624606,0,0,0,0,0,0,1,0.00622083981337481,0,0,0,1,0,0,1,0,0,0.00483091787439614,1,1,0,0,0,0,0,0,0,0,0,0,0,0,0,0,0,0,1,0,0.00612557427258806,0,0,1,0,0,0,0,0,0,0,0,0,0,0.00312989045383412,0,1,0,1,0,0,0,0,0,0,0,0,0,0,0,0,0,0,0.0157977883096366,1,1,0,0.998425196850394,0,0,0.00956937799043062,0,0,0,0,0,0,0,0.00153609831029186,1,0,0,0,0,0,0.00316957210776545,0,0,0.00156494522691706,0,0,1,0,0,0,1,0,0,0.00470957613814757,0,0,0,0.0173775671406003,1,0.012326656394453,0,0,0,0,0,0,0,0,0,0,0,0,0,0,0,0,0,0,0,0,0,0,0,0.985714285714286,0,1,0.00317460317460317,0,0,0,1,0.00163934426229508,0.00308641975308642,0,0,0,0,0.985981308411215,0,0,0,0,0,0,0,0,0,0,0.0112,1,0,0.0141732283464567,1,0,0.0122324159021407,0.00158227848101266,1,0,0,0,0,0,1,0.014218009478673,0,0,0,0,0,0,0,0,0,0,0,0,0,0,0,0,0.00319488817891374,0,0.947368421052632,0,0,0,0,0,0,0,0,0,0,0,0,1,0,0.00635930047694754,0,0.944099378881988,0,0,0,0,1,0,0,0,0,0,0,0,0,0,0,1,0,0,0,0,0,0,1,0,0,0,0.00314465408805031,0,0,0,0,1,0,0,0,0,0,0,0,0,0,0,0,0,0.00312989045383412,0,0,0,0,0,0,0,0,0,0,0,0,1,0,0,0,1,0,0.988871224165342,0,0,0,0.995245641838352,0.00806451612903226,0,0,0,0,0,0,0,0,1,0,0.00158478605388273,0,0,0,0,0,1,0,0,0,0,0,0.00625978090766823,0,0.0131578947368421,0.993660855784469,0,0,0,1,0,0.00158227848101266,0,0,0,1,1,0,0,1,0,0.9888,1,1,0,1,0,0.0015625,0.0061633281972265,0,1,1,0,0,0,0,0.998387096774194,0.0171606864274571,0,0,0,0,1,0,0,0.0016,0,1,0,0,0,0,1,0,0,0,1,0,0,0,0,0,0,0,0,0,0,0,0,0.989028213166144,0,0,0,0,0.0127388535031847,1,0,0.00323101777059774,0,0,0,0,0,0,0,0,0,1,0,0,0,0.00487012987012987,0,0,0,0,0,0,0,0,0,0.0125984251968504,1,1,0,0,0,0,0,0,0,0,0.0154083204930663,1,0,0.0126782884310618,0,0,1,0,0,0,0.0015748031496063,0,0,0,0,0,0.00321543408360129,0,0,0.016025641025641,0.0270700636942675,0,0,0.992424242424242,0,0,0,0,0,0,0,0.767080745341615,0,1,0.00157232704402516,0,0,0,1,0,0,0,0,0,0,1,1,0,0,0,1,0,0,0.574730354391371,0,0,0.00632911392405063,0,0,0,1,0,0,0,0.00306278713629403,0,0,0.988924050632911,0,0,1,0,0,0,0,1,0.990551181102362,0,0,0,0,0.987480438184664,0.998357963875205,0,0,0,0,0,0,0,0,0.00645161290322581,0,0,0.996865203761755,0,1,0,0.175806451612903,0.00151057401812689,0,0,1,0,0,0,1,0,1,0,0,1,0.0184049079754601,0,0,0.00157977883096367,0,1,0,0,1,0,0,0,0,0,0,0.00316957210776545,0.00160771704180064,1,0,0.978260869565217,0.0186335403726708,0,0,0,0,0,0.92093023255814,0,0,0,0,0,0,0,1,1,0,1,0,0.998405103668262,0,0,0,0,0,0.998427672955975,0,0,0,0,0,0,0,0,0,0,0,0,0,0,1,0,0.0162074554294976,0,0.0266457680250784,0,0,0.00622083981337481,0,0,0,0,0,0,0,0,0,0,0.00310077519379845,0.987730061349693,0,0,1,0,1,0,1,0,0,0,0,0,0.00160513643659711,0,0.0158730158730159,1,1,0,0,0,1,1,0,0,0,1,0,1,0,0,0.036624203821656,0,1,0,0,0,0,0,0,0,0.90251572327044,0,1,0,0.992150706436421,0,0,0.384370015948963,1,1,0.0015600624024961,0,0.00777604976671851,0,0,0,0,0,1,0,0,1,0,0,0,0.9578125,0,0,0,0,0,0,0,0,0,1,0,0,0.996794871794872,1,0,1,0,0,0,0,0,0.0064,0.00318979266347687,0,0.952380952380952,0,0.90032154340836,0.978056426332288,1,0.176190476190476,0,0,0.00613496932515337,0,0.947452229299363,0.94435857805255,0,0.977671451355662,0.991922455573506,0.951788491446345,0.975039001560062,0.9421875,0,0.96875,0,0,0.95447409733124,0,0.930340557275542,0,0.05320813771518,0,0
"223",0.0718849840255591,0.071875,0.0990853658536585,0.130781499202552,0.087719298245614,0.0715421303656598,0.168238993710692,0.0998415213946117,0.0708782742681048,0,0.0747663551401869,0,0.537007874015748,0.0725806451612903,0.91692789968652,0.9258114374034,0,0.0015600624024961,0.0701754385964912,0.075,0.815625,0.909822866344606,0.0773993808049536,0,0.118296529968454,0.799373040752351,0.846394984326019,0.0771653543307087,0.573394495412844,0.369327073552426,0.929555895865237,0.37962962962963,0.300157977883096,0.722308892355694,0,0.073094867807154,0.00464396284829721,0.0740740740740741,0.737631184407796,0.161290322580645,0,0,0,0.0721003134796238,0.290996784565916,0.9216,0.558544303797468,0.924646781789639,0.53951367781155,0.839339339339339,0,0.0737833594976452,0.74079754601227,0.0686427457098284,0.177570093457944,0.804140127388535,0,0.0964630225080386,0.100931677018634,0.167177914110429,0.712715855572998,0.610687022900763,0.930868167202572,0,0.170616113744076,0.234472049689441,0,0.0717628705148206,0,0.928684627575277,0.208588957055215,0.923913043478261,0.926216640502355,0.065015479876161,0,0.372519083969466,0.889400921658986,0.494607087827427,0.1728,0.716887417218543,0,0.369565217391304,0.851963746223565,0.0661538461538462,0.836702954898911,0.164615384615385,0.0657276995305164,0.0941358024691358,0.105022831050228,0,0.0867507886435331,0.0681114551083591,0,0,0.0935023771790808,0,0.69170579029734,0.0862068965517241,0,0,0.429457364341085,0,0.719492868462758,0.0704225352112676,0.864197530864197,0.0712025316455696,0,0.100946372239748,0.937996820349762,0.930817610062893,0.9258114374034,0.160629921259843,0.667194928684628,0.0769230769230769,0,0.0837282780410742,0.362068965517241,0,0.927244582043344,0.763975155279503,0,0.310509554140127,0.754250386398764,0.868253968253968,0.0938967136150235,0.829192546583851,0.0754147812971342,0.0753532182103611,0,0.480680061823802,0.123824451410658,0.537964458804523,0.0825396825396825,0,0.0694006309148265,0.920489296636086,0,0.791469194312796,0.441269841269841,0.516025641025641,0,0,0.0917573872472784,0.301261829652997,0.831730769230769,0.075,0.933962264150943,0.137984496124031,0.599364069952305,0.0824427480916031,0.823529411764706,0.0800627943485086,0.0627943485086342,0.226851851851852,0.0721003134796238,0.9264,0.0712074303405573,0.93217665615142,0,0.333853354134165,0.196946564885496,0.0919003115264797,0.917417417417417,0,0.0749235474006116,0.588516746411483,0.0672,0.0690737833594976,0.0670826833073323,0.704334365325077,0.093603744149766,0.932907348242812,0.115615615615616,0.939117199391172,0.168769716088328,0.708074534161491,0,0.0904836193447738,0,0.21583850931677,0.0585516178736518,0.847376788553259,0.0958268933539413,0.114854517611026,0.0749625187406297,0.0875576036866359,0.860248447204969,0.633846153846154,0.140845070422535,0.128526645768025,0.903785488958991,0.937212863705972,0.0849056603773585,0.193498452012384,0,0,0.712074303405573,0,0.0709969788519638,0.719325153374233,0.189189189189189,0.312693498452012,0.0814132104454685,0.588607594936709,0.584992343032159,0.711598746081505,0.147619047619048,0.104361370716511,0.181679389312977,0,0.1890625,0.811111111111111,0.127158555729984,0.9359375,1,0.50625,0.0851735015772871,0.0864197530864197,0.2453125,0.0740740740740741,0.178963893249608,0,1,0.404870624048706,0.0742496050552923,0,0.0772797527047913,0.0909090909090909,0.494556765163297,0.473354231974922,0.0817610062893082,0.07085346215781,0.65,0,0.16385911179173,0.516535433070866,0.0969793322734499,0.9328125,0.116385911179173,0.0628930817610063,0.0667701863354037,0.118110236220472,0.484615384615385,0.93217665615142,0.102167182662539,0.523219814241486,0.926493108728943,0.92412746585736,0.763779527559055,0.937205651491366,0.826291079812207,0.371165644171779,0.930340557275542,0.925581395348837,0.926791277258567,0.450381679389313,0.925278219395866,0.078125,0,0.932098765432099,0,0.753869969040248,0.0694006309148265,0.0941915227629513,0.176656151419558,0,0.197767145135566,0.224770642201835,0.383775351014041,0.46551724137931,0.643410852713178,0.56140350877193,0,0.0593900481540931,0.86286594761171,0.368839427662957,0.112852664576803,0.924499229583975,0.313385826771654,0.939814814814815,0.849378881987578,0.0727272727272727,0.0765472312703583,0.16852146263911,0,0.389312977099237,0.1734375,0,0.928792569659443,0.159754224270353,0.0932069510268562,0,0.93343653250774,0.928682170542636,0.0845295055821372,0.187800963081862,0.92515923566879,0,0.633802816901408,0.0847723704866562,0.270516717325228,0.614896988906498,0.409448818897638,0.100154083204931,0.924764890282132,0.0791476407914764,0.0644654088050314,0.929356357927786,0.10061919504644,0.0742496050552923,0.089622641509434,0.0731319554848967,0.81377151799687,0.696124031007752,0.716300940438871,0.0958466453674121,0.131410256410256,0.00615384615384615,0.72626582278481,0.0985915492957746,0.849144634525661,0.687311178247734,0.0822981366459627,0.0755905511811024,0.100931677018634,0.3744,0.0565749235474006,0.740625,0.103076923076923,0.0721153846153846,0,0.697852760736196,0.48489666136725,0.921383647798742,0.00461538461538462,0.921658986175115,0.158385093167702,0.909797822706065,0.937402190923318,0,0.783699059561129,0.0892018779342723,0.87111801242236,0.0852090032154341,0.105100463678516,0.078125,0.729299363057325,0.7168,0.403426791277259,0.566343042071197,0,0.25,0.912037037037037,0.913978494623656,0.787037037037037,0.0697305863708399,0.931464174454829,0,0.688679245283019,0.921296296296296,0.923809523809524,0.5859375,0.0679304897314376,0.718649517684887,0.0700636942675159,0.0977917981072555,0,0.0756676557863502,0.930232558139535,0.0749235474006116,0.237209302325581,0.0667726550079491,0.927469135802469,0.0921658986175115,0.935433070866142,0.179566563467492,0.340729001584786,0.1321044546851,0.0820433436532508,0.0671875,0.722560975609756,0.10410094637224,0.0741301059001513,0.928134556574923,0.914463452566096,0.0602218700475436,0.0688575899843505,0.665629860031104,0.180704441041348,0.1072,0.121165644171779,0.0691244239631336,0,0.841269841269841,0.0690737833594976,0.93125,0,0.103338632750397,0,0.910828025477707,0.0630769230769231,0.0970266040688576,0,0.419656786271451,0.6609375,0.0789889415481833,0.925396825396825,0.198738170347003,0.0680379746835443,0.658841940532081,0.450381679389313,0.282131661442006,0,0.829113924050633,0.0858505564387917,0.0771653543307087,0.632558139534884,0.0655226209048362,0.0889261744966443,0.924148606811146,0,0.0927357032457496,0.0692913385826772,0.113385826771654,0.404615384615385,0.931637519872814,0.202194357366771,0.790551181102362,0.79349593495935,0,0.463949843260188,0.466666666666667,0.434984520123839,0,0.693944353518822,0.158555729984301,0.444954128440367,0.523882896764253,0.874622356495468,0,0,0.0616541353383459,0.0837138508371385,0,0.134375,0,0,0,0.0667701863354037,0,0.078525641025641,0.27639751552795,0.501515151515151,0.0645161290322581,0,0,0.0737833594976452,0.116030534351145,0.354838709677419,0.937212863705972,0,0.178353658536585,0.452978056426332,0.061128526645768,0.539050535987749,0.653605015673981,0,0.0882800608828006,0.942215088282504,0.116057233704293,0.868954758190328,0,0.921331316187595,0.847244094488189,0.575856443719413,0.095679012345679,0,0.114329268292683,0.0996884735202492,0.0672782874617737,0,0.884012539184953,0.120915032679739,0.930081300813008,0.0698757763975155,0.0748091603053435,0.951713395638629,0.0775193798449612,0.711145996860283,0.253894080996885,0.9234375,0.819620253164557,0.113385826771654,0,0.932601880877743,0.0921658986175115,0.930489731437599,0.408227848101266,0.6198738170347,0,0.845329249617152,0.3392,0.737577639751553,0.0917573872472784,0.930708661417323,0.870570107858243,0.565008025682183,0.128012048192771,0.178736517719569,0.102964118564743,0.335987261146497,0,0.0913312693498452,0.934782608695652,0.101382488479263,0.623397435897436,0.923312883435583,0.0666666666666667,0.0709779179810726,0.0673981191222571,0.433070866141732,0.0808709175738725,0.8256,0.801872074882995,0.114197530864198,0.188562596599691,0,0,0.0765625,0.139240506329114,0.923930269413629,0.082258064516129,0.0793157076205288,0.654320987654321,0.138095238095238,0.329093799682035,0.169724770642202,0,0.0969793322734499,0.665109034267913,0.0622083981337481,0.0637636080870918,0,0.4296875,0.10223642172524,0.92368839427663,0.381329113924051,0.622670807453416,0.28158295281583,0.367924528301887,0.0977443609022556,0.996932515337423,0.0744849445324881,0.0733229329173167,0.0941915227629513,0.700813008130081,0.834890965732087,0.0763239875389408,0.059375,0,0.289676425269646,0.596899224806202,0.727554179566563,0.298299845440495,0.0708661417322835,0.186520376175549,0.0695517774343122,0.111613876319759,0.927652733118971,0,0.253184713375796,0.928684627575277,0.929245283018868,0.705426356589147,0,0.0807453416149068,0.161787365177196,0.0685358255451713,0.0773993808049536,0.984472049689441,0.933333333333333,0,0,0.801901743264659,0.875389408099688,0.81974921630094,0,0.933125972006221,0.0574534161490683,0.382262996941896,0.710900473933649,0.0766773162939297,0.450704225352113,0.0989010989010989,0.398162327718224,0.414264036418816,0,0.0677710843373494,0.633802816901408,0.5328125,0.140030441400304,0.0766871165644172,0.632237871674491,0,0.113207547169811,0.106060606060606,0,0.105580693815988,0.910518053375196,0.0959349593495935,0.580246913580247,0,0,0.519543973941368,0.235849056603774,0.924382716049383,0.838658146964856,0,0,0.311077389984825,0.92259083728278,0.0640394088669951,0.679447852760736,0.0752688172043011,0.925925925925926,0.632307692307692,0.729430379746835,0.20820189274448,0.861513687600644,0.921658986175115,0,0.899841017488076,0,0.0741301059001513,0.744408945686901,0.0932330827067669,0.938095238095238,0.0715421303656598,0,0.575384615384615,0.586206896551724,0.0617283950617284,0,0.0735068912710567,0,0.619808306709265,0.0871559633027523,0,0.390839694656489,0.0892018779342723,0.335433070866142,0.120385232744783,0.909797822706065,0,0.0733652312599681,0.723270440251572,0,0.377503852080123,0.933534743202417,0.914728682170543,0.0596546310832025,0.0588235294117647,0.0853658536585366,0.097331240188383,0.0863422291993721,0,0.0838509316770186,0,0.651234567901235,0.698608964451314,0.0756172839506173,0.0722135007849294,0.0762195121951219,0.0787037037037037,0.0357698289269051,0.932283464566929,0.0818330605564648,0.109230769230769,0.348367029548989,0.0862068965517241,0.0660522273425499,0.102325581395349,0,0,0.0911808669656203,0,0.998459167950693,0,0.114420062695925,0.708333333333333,0.814992025518341,0.845916795069337,0.143987341772152,0,0.862714508580343,0.0726429675425039,0.0725308641975309,0.393846153846154,0.610194902548726,0.833333333333333,0.781538461538462,0.426771653543307,0.922839506172839,0.856466876971609,0.487421383647799,0.73469387755102,0.375384615384615,0.919876733436055,0,0.929245283018868,0.690993788819876,0.0657051282051282,0.398133748055988,0.762269938650307,0.4578125,0.184049079754601,0.0729483282674772,0.108589951377634,0.0936507936507937,0.068362480127186,0.0677165354330709,0.493690851735016,0.601226993865031,0.0675039246467818,0.924698795180723,0.928895612708018,0.200315457413249,0,0.0700152207001522,0.0971786833855799,0,0.854430379746835,0,0.121069182389937,0,0.0951638065522621,0.0757341576506955,0.94954128440367,0.22626582278481,0.066358024691358,0.390749601275917,0.419601837672282,0.185419968304279,0,0,0.140322580645161,0.12220566318927,0.0781010719754977,0,0,0.936995153473344,0.744615384615385,0.520376175548589,0,0.570542635658915,0,0.136724960254372,0.0741324921135647,0.775351014040562,0.834862385321101,0,0.657728706624606,0.489891135303266,0.201550387596899,0.0984848484848485,0.281972265023112,0.930340557275542,0.0854838709677419,0.0856697819314642,0.0748407643312102,0,0.086890243902439,0,0.0631911532385466,0.933962264150943,0.56418383518225,0,0,0.244961240310078,0.132137030995106,0.134351145038168,0.336377473363775,0.919083969465649,0.929133858267717,0.241433021806854,0.238601823708207,0,0.9328125,0.108864696734059,0,0.0782472613458529,0.116030534351145,0.89375,0.0015625,0.935736677115988,0.0680786686838124,0.5536,1,0.958664546899841,0.832288401253918,0.387459807073955,0.854914196567863,0.0640625,0,0.3088,0.0782208588957055,0,0,0.92503748125937,0,0.935126582278481,0.0702028081123245,0.358890701468189,0.927184466019418,0.929936305732484,0.503961965134707,0.107594936708861,0.604037267080745,0.00154320987654321,0.934817170111288,0.045016077170418,0.00464396284829721,0,0.753164556962025,0.927051671732523,0.930708661417323,0.927692307692308,0.934150076569678,0.0032,0.0046656298600311,0.915094339622642,0.0046875,0,0.0249221183800623,0.00460122699386503,0.0046656298600311,0.92846034214619,0.00930232558139535,0.932907348242812,0.932496075353218,0,0.918622848200313,0.0428790199081164,0.934579439252336,0.851851851851852,0.930827067669173,0.923197492163009
"224",0.664576802507837,0.656441717791411,0.667175572519084,0.678233438485804,0.656597774244833,0.673534072900158,0.701399688958009,0.675716440422323,0.659638554216867,0,0.6671826625387,0,0.638330757341577,0.660377358490566,0.389649923896499,0.358461538461538,0,0.014018691588785,0.639240506329114,0.680786686838124,0.476263399693721,0.370839936608558,0.653905053598775,0,0.680555555555556,0.507086614173228,0.422360248447205,0.649612403100775,0.791540785498489,0.65296803652968,0.340393343419062,0.724031007751938,0.803125,0.516279069767442,0,0.667706708268331,0.0138036809815951,0.665644171779141,0.529761904761905,0.710806697108067,0.00153374233128834,0.0107033639143731,0.00302571860816944,0.664596273291925,0.703001579778831,0.359013867488444,0.646697388632873,0.341538461538462,0.63001485884101,0.478723404255319,0,0.670807453416149,0.54601226993865,0.663093415007657,0.674491392801252,0.462264150943396,0,0.652647975077882,0.651840490797546,0.710122699386503,0.506912442396313,0.770516717325228,0.34375,0,0.778481012658228,0.812596006144393,0,0.662595419847328,0,0.328660436137072,0.67420814479638,0.341945288753799,0.343653250773994,0.672699849170437,0,0.824773413897281,0.393665158371041,0.770769230769231,0.705790297339593,0.508196721311475,0,0.732522796352584,0.498493975903614,0.641221374045801,0.457757296466974,0.701515151515152,0.665648854961832,0.687116564417178,0.664133738601824,0.00151515151515152,0.661993769470405,0.658015267175573,0,0,0.66877971473851,0,0.557926829268293,0.669218989280245,0.00306278713629403,0.0046656298600311,0.668702290076336,0,0.541341653666147,0.663009404388715,0.43562874251497,0.658805031446541,0.0031201248049922,0.672811059907834,0.349922239502333,0.340943683409437,0.342064714946071,0.6875,0.527863777089783,0.659541984732824,0,0.666160849772382,0.724615384615385,0,0.33984962406015,0.536434108527132,0,0.794435857805255,0.551671732522796,0.397456279809221,0.674809160305344,0.484257871064468,0.661608497723824,0.655384615384615,0,0.675799086757991,0.693846153846154,0.682316118935837,0.658841940532081,0,0.656101426307448,0.345345345345345,0,0.538341158059468,0.647149460708783,0.677215189873418,0,0,0.668188736681887,0.963302752293578,0.499202551834131,0.646697388632873,0.333853354134165,0.687022900763359,0.564668769716088,0.663636363636364,0.464898595943838,0.666666666666667,0.653968253968254,0.697388632872504,0.654377880184332,0.328593996840442,0.658015267175573,0.337984496124031,0,0.872868217054264,0.699101796407186,0.68160741885626,0.350453172205438,0,0.654434250764526,0.6109375,0.669303797468354,0.660060975609756,0.655120481927711,0.497744360902256,0.656156156156156,0.357251908396947,0.677130044843049,0.34575260804769,0.683307332293292,0.580060422960725,0,0.65990639625585,0,0.696509863429439,0.672307692307692,0.453857791225416,0.672281776416539,0.712977099236641,0.665171898355755,0.683257918552036,0.42530487804878,0.561561561561562,0.699212598425197,0.68167701863354,0.386398763523957,0.336923076923077,0.662992125984252,0.67737003058104,0,0,0.583850931677019,0.00153374233128834,0.653555219364599,0.511346444780635,0.673946957878315,0.686453576864536,0.663663663663664,0.657770800627943,0.66464339908953,0.583860759493671,0.649310872894334,0.66510172143975,0.70392749244713,0,0.693233082706767,0.488993710691824,0.686153846153846,0.337461300309598,0.40210843373494,0.678018575851393,0.666153846153846,0.667168674698795,0.756548536209553,0.667175572519084,0.774343122102009,0,0.404870624048706,1,0.671383647798742,0,0.657099697885196,0.675111773472429,0.672782874617737,0.589939024390244,0.656923076923077,0.640822784810127,0.599071207430341,0,0.691376701966717,0.644859813084112,0.672496025437202,0.331297709923664,0.67603550295858,0.660436137071651,0.657450076804916,0.703125,0.626888217522659,0.351309707241911,0.674382716049383,0.636913767019667,0.350073855243722,0.330316742081448,0.427018633540373,0.338509316770186,0.480314960629921,0.681203007518797,0.335866261398176,0.342987804878049,0.36085626911315,0.698056801195815,0.363207547169811,0.684129429892142,0.00467289719626168,0.332824427480916,0,0.517940717628705,0.6640625,0.670731707317073,0.687692307692308,0,0.6859375,0.779456193353474,0.710566615620214,0.674772036474164,0.593167701863354,0.661490683229814,0.00459418070444104,0.632970451010886,0.422900763358779,0.706349206349206,0.683641975308642,0.349085365853659,0.671212121212121,0.347286821705426,0.429878048780488,0.658132530120482,0.6544,0.679127725856698,0,0.725075528700906,0.6921875,0,0.330316742081448,0.677611940298507,0.66407465007776,0,0.347957639939486,0.332302936630603,0.666139240506329,0.719568567026194,0.344186046511628,0,0.608359133126935,0.669767441860465,0.730182926829268,0.558778625954198,0.68025078369906,0.652503793626707,0.334848484848485,0.652694610778443,0.649390243902439,0.350931677018634,0.676470588235294,0.666666666666667,0.677215189873418,0.677862595419847,0.476780185758514,0.555386949924128,0.566820276497696,0.661466458658346,0.6625,0.0350609756097561,0.552631578947368,0.684615384615385,0.467275494672755,0.599099099099099,0.679012345679012,0.66046511627907,0.69558599695586,1,0.648648648648649,0.548837209302326,0.6797583081571,0.653786707882535,0,0.566615620214395,0.626168224299065,0.345622119815668,0.0400616332819723,0.341246290801187,0.670788253477589,0.36280487804878,0.339939024390244,0,0.521472392638037,0.651702786377709,0.419354838709677,0.680379746835443,0.677067082683307,0.66358024691358,0.590769230769231,0.5776,0.805513016845329,0.563607085346216,0,0.790769230769231,0.335338345864662,0.354198473282443,0.496194824961948,0.664050235478807,0.350308641975309,0,0.575851393188854,0.348623853211009,0.368584758942457,0.607963246554365,0.648690292758089,0.517350157728707,0.66025641025641,0.696923076923077,0,0.6759941089838,0.319083969465649,0.665151515151515,0.780152671755725,0.685897435897436,0.356374807987711,0.685410334346505,0.330246913580247,0.715610510046368,0.708661417322835,0.698630136986301,0.670694864048338,0.657492354740061,0.569254185692542,0.695252679938744,0.645015105740181,0.355957767722474,0.347692307692308,0.656298600311042,0.653374233128834,0.523006134969325,0.73780487804878,0.67515923566879,0.686838124054463,0.656441717791411,0,0.413416536661466,0.670245398773006,0.346811819595645,0,0.685185185185185,0.00319488817891374,0.374223602484472,0.663141993957704,0.65891472868217,0.0015748031496063,0.6671826625387,0.60708782742681,0.678233438485804,0.347417840375587,0.6671875,0.654516640253566,0.71875,0.702909647779479,0.734883720930233,0,0.467592592592593,0.670769230769231,0.664624808575804,0.599690880989181,0.66973886328725,0.65415986949429,0.365325077399381,0,0.666165413533835,0.668683812405446,0.671274961597542,0.794602698650675,0.355140186915888,0.686335403726708,0.500772797527048,0.471153846153846,0.00308641975308642,0.85179407176287,0.668721109399075,0.685099846390169,0,0.520376175548589,0.698461538461538,0.807044410413476,0.626686656671664,0.395864106351551,0,0,0.662739322533137,0.674242424242424,0,0.68125,0.0031055900621118,0,0,0.654743390357698,0,0.6671875,0.698289269051322,0.68133535660091,0.654961832061069,0,0,0.667697063369397,0.692537313432836,0.874260355029586,0.345864661654135,0,0.680597014925373,0.693815987933635,0.662576687116564,0.626126126126126,0.525502318392581,0,0.666666666666667,0.352201257861635,0.681889763779528,0.401538461538462,0,0.34841628959276,0.465007776049767,0.617363344051447,0.673282442748092,0,0.690582959641256,0.667673716012085,0.658499234303216,0,0.407751937984496,0.68130081300813,0.34775641025641,0.660578386605784,0.668665667166417,0.349013657056146,0.657450076804916,0.589230769230769,0.687405159332322,0.346094946401225,0.473270440251572,0.690292758089368,0.00309119010819165,0.345679012345679,0.664133738601824,0.355555555555556,0.824644549763033,0.546850998463902,0,0.422900763358779,0.720565149136578,0.567484662576687,0.659574468085106,0.341576506955178,0.462121212121212,0.693163751987281,0.681203007518797,0.705614567526555,0.686915887850467,0.823343848580442,0,0.677811550151976,0.34597875569044,0.676470588235294,0.608832807570978,0.329819277108434,0.667673716012085,0.656394453004623,0.662037037037037,0.649532710280374,0.661585365853659,0.449685534591195,0.492236024844721,0.674311926605505,0.682370820668693,0,0,0.6546875,0.675,0.359375,0.671850699844479,0.665151515151515,0.623839009287926,0.670347003154574,0.711627906976744,0.680241327300151,0,0.669230769230769,0.580745341614907,0.675840978593272,0.649691358024691,0,0.859594383775351,0.676056338028169,0.349157733537519,0.81377151799687,0.560185185185185,0.789237668161435,0.70846394984326,0.68018018018018,0.415915915915916,0.668217054263566,0.652777777777778,0.672230652503794,0.547770700636943,0.399075500770416,0.666666666666667,0.666666666666667,0.00150602409638554,0.898484848484848,0.650381679389313,0.492283950617284,0.710166919575114,0.653435114503817,0.684129429892142,0.655538694992413,0.160849772382398,0.33868378812199,0,0.748456790123457,0.341692789968652,0.342105263157895,0.501543209876543,0,0.676783004552352,0.690119760479042,0.658950617283951,0.66012084592145,0.418856259659969,0.333853354134165,0,0,0.474097331240188,0.4046875,0.455676516329705,0,0.334346504559271,0.632218844984802,0.146969696969697,0.582554517133956,0.655763239875389,0.680786686838124,0.687402799377916,0.699544764795144,0.685887708649469,0,0.666169895678092,0.632398753894081,0.694573643410853,0.690690690690691,0.658573596358118,0.587349397590361,0.00153374233128834,0.68348623853211,0.684053651266766,0,0.672645739910314,0.338983050847458,0.679365079365079,0.647779479326187,0,0.00309597523219814,0.720967741935484,0.719814241486068,0.344615384615385,0.443573667711599,0.00463678516228748,0.00157232704402516,0.648286140089419,0.351097178683386,0.6624,0.540581929555896,0.657099697885196,0.328267477203647,0.549618320610687,0.54140127388535,0.708268330733229,0.423861852433281,0.334883720930233,0.00154798761609907,0.365777080062794,0,0.652694610778443,0.30379746835443,0.663189269746647,0.341013824884793,0.662957074721781,0,0.626686656671664,0.782608695652174,0.64624808575804,0,0.665144596651446,0,0.573228346456693,0.669161676646707,0,0.680786686838124,0.661904761904762,0.682442748091603,0.68075117370892,0.365705614567527,0,0.661514683153014,0.496875,0,0.721036585365854,0.336309523809524,0.360060514372163,0.651968503937008,0.661466458658346,0.650381679389313,0.657894736842105,0.659375,0,0.666666666666667,0.00757575757575758,0.586102719033233,0.506891271056662,0.664145234493192,0.658015267175573,0.662613981762918,0.668702290076336,0.060790273556231,0.355590062111801,0.67258064516129,0.666160849772382,0.847094801223242,0.653905053598775,0.656060606060606,0.691603053435115,0,0,0.666172106824926,0,0.389984825493171,0,0.680124223602484,0.484944532488114,0.5,0.451070336391437,0.699685534591195,0.00150602409638554,0.415781487101669,0.648773006134969,0.660550458715596,0.662595419847328,0.654814814814815,0.520648967551622,0.455639097744361,0.6703125,0.345622119815668,0.449848024316109,0.68380062305296,0.563552833078101,0.841149773071104,0.333333333333333,0,0.326625386996904,0.576377952755906,0.648089171974522,0.63020030816641,0.51044776119403,0.830559757942511,0.702127659574468,0.651057401812689,0.699367088607595,0.683307332293292,0.670846394984326,0.664596273291925,0.63944530046225,0.576631259484067,0.666149068322981,0.356083086053412,0.344827586206897,0.71969696969697,0.00452488687782805,0.655688622754491,0.668174962292609,0,0.45253164556962,0,0.679447852760736,0,0.684931506849315,0.653673163418291,0.347496206373293,0.677321156773212,0.651515151515151,0.695787831513261,0.66969696969697,0.674884437596302,0,0,0.691573926868045,0.678885630498534,0.661068702290076,0,0,0.332268370607029,0.529850746268657,0.699376947040498,0,0.577272727272727,0,0.678683385579937,0.671296296296296,0.4399375975039,0.52959028831563,0,0.558544303797468,0.642745709828393,0.715170278637771,0.671150971599402,0.690402476780186,0.347352024922118,0.667716535433071,0.044822256568779,0.660347551342812,0,0.658132530120482,0.00153374233128834,0.644200626959248,0.358139534883721,0.208655332302937,0,0,0.733333333333333,0.71183800623053,0.67530487804878,0.733736762481089,0.359165424739195,0.344773790951638,0.658385093167702,0.631024096385542,0,0.361240310077519,0.696875,0,0.66510172143975,0.680659670164918,0.406832298136646,0.0287009063444109,0.335901386748844,0.643712574850299,0.569640062597809,0.403400309119011,0.431034482758621,0.426403641881639,0.85377358490566,0.435114503816794,0.651305683563748,0,0.865325077399381,0.670731707317073,0.00154083204930663,0,0.349042709867452,0,0.358662613981763,0.659574468085106,0.687598116169545,0.34488188976378,0.342064714946071,0.679447852760736,0.666149068322981,0.762269938650307,0.0382262996941896,0.333860759493671,0.0580847723704867,0.0199081163859112,0,0.301684532924962,0.344776119402985,0.343122102009274,0.355421686746988,0.329323308270677,0.028169014084507,0.039453717754173,0.348159509202454,0.0200308166409861,0.00625978090766823,0.0353846153846154,0.0224550898203593,0.0440060698027314,0.352220520673813,0.0229709035222052,0.339622641509434,0.341085271317829,0.0295489891135303,0.342105263157895,0.038863976083707,0.351063829787234,0.357361963190184,0.34962962962963,0.345256609642302
"225",0.995268138801262,0.993620414673046,0.966824644549763,0.932148626817447,0.983948635634029,0.996747967479675,0.883942766295707,0.970031545741325,0.993670886075949,0,0.995222929936306,0,0.558176100628931,0.995121951219512,0.0400641025641026,0.0110410094637224,0,0.0112540192926045,0.991803278688525,0.985530546623794,0.168238993710692,0.042833607907743,0.982919254658385,0,0.950387596899225,0.258730158730159,0.10989010989011,0.986970684039088,0.47906976744186,0.6875,0.00471698113207547,0.692307692307692,0.7712,0.271450858034321,0,0.995153473344103,0.0141287284144427,0.992163009404389,0.263719512195122,0.904088050314465,0,0.014218009478673,0.0064,0.995215311004785,0.776490066225166,0.0288,0.514423076923077,0.00322061191626409,0.463452566096423,0.135514018691589,0,0.987321711568938,0.27373417721519,0.9952,0.870550161812298,0.164763458401305,0,0.974193548387097,0.955484896661367,0.898278560250391,0.284810126582278,0.45324881141046,0.00483091787439614,0,0.891410048622366,0.828843106180666,0,0.987220447284345,0,0.00655737704918033,0.854889589905363,0.0125588697017268,0.0240770465489567,0.995305164319249,0,0.71583850931677,0.043956043956044,0.579454253611557,0.888529886914378,0.269360269360269,0,0.712050078247261,0.217322834645669,0.996889580093313,0.115942028985507,0.909235668789809,0.990521327014218,0.968553459119497,0.96417445482866,0.010989010989011,0.985483870967742,0.995297805642633,0,0,0.970443349753695,0,0.304140127388535,0.990521327014218,0.00473186119873817,0.00636942675159236,0.606687898089172,0,0.294498381877023,0.99349593495935,0.115085536547434,0.993453355155483,0.00964630225080386,0.973520249221184,0.0048,0.0143769968051118,0.0140625,0.8976,0.333333333333333,0.987240829346092,0,0.986003110419907,0.70820189274448,0,0.00476190476190476,0.230524642289348,0,0.766129032258065,0.259026687598116,0.0783034257748776,0.972886762360447,0.152037617554859,0.990580847723705,0.993569131832797,0,0.550632911392405,0.9312,0.477346278317152,0.982171799027553,0,0.990291262135922,0.0279937791601866,0,0.22168284789644,0.655339805825243,0.518760195758564,0,0,0.976452119309262,0.76555023923445,0.16996699669967,0.995192307692308,0.0113821138211382,0.927215189873418,0.411003236245955,0.976635514018692,0.147967479674797,0.980952380952381,0.993558776167472,0.82484076433121,1,0.00491803278688525,0.9953125,0.00479233226837061,0,0.73354735152488,0.869029275808937,0.981012658227848,0.0203125,0,0.995334370139969,0.459546925566343,0.996732026143791,0.995297805642633,0.995260663507109,0.281931464174455,0.977883096366509,0.00814332247557003,0.955246913580247,0.00613496932515337,0.892282958199357,0.37007874015748,0,0.980676328502415,0,0.845425867507886,0.995253164556962,0.111290322580645,0.980922098569157,0.94896331738437,0.987860394537178,0.97191887675507,0.102362204724409,0.378716744913928,0.931893687707641,0.938610662358643,0.0461783439490446,0.0110584518167457,0.978896103896104,0.848726114649682,0,0,0.313099041533546,0,0.995334370139969,0.261755485893417,0.862459546925566,0.756714060031596,0.987519500780031,0.4375,0.425233644859813,0.294975688816856,0.914100486223663,0.9568,0.875786163522013,0,0.871019108280255,0.190553745928339,0.9504,0.00478468899521531,0.0700152207001522,0.542319749216301,0.974193548387097,0.976599063962558,0.820063694267516,0.992101105845182,0.887480190174326,0,0.0742496050552923,0.671383647798742,1,0,0.984472049689441,0.981481481481482,0.546325878594249,0.557299843014129,0.987138263665595,0.995049504950495,0.369668246445498,0,0.871875,0.524720893141946,0.965630114566285,0.00631911532385466,0.965785381026439,0.996768982229402,0.996850393700787,0.953525641025641,0.525,0.00803858520900321,0.966292134831461,0.558359621451104,0.00920245398773006,0.00458715596330275,0.207606973058637,0.00635930047694754,0.157051282051282,0.684210526315789,0.00476947535771065,0.00943396226415094,0.0142857142857143,0.585253456221198,0.0472312703583062,0.980738362760835,0.0113636363636364,0.00321543408360129,0,0.238249594813614,0.993485342019544,0.974683544303797,0.895569620253165,0,0.866666666666667,0.842857142857143,0.685714285714286,0.599364069952305,0.451355661881978,0.4448,0.0110236220472441,0.993485342019544,0.0982286634460548,0.697368421052632,0.954983922829582,0.0142630744849445,0.751592356687898,0.00643086816720257,0.129746835443038,0.99375,0.995073891625616,0.88595041322314,0,0.640378548895899,0.874203821656051,0,0.00471698113207547,0.882995319812793,0.977564102564103,0,0.0064,0.00317460317460317,0.97933227344992,0.880064829821718,0.00493421052631579,0,0.379905808477237,0.990196078431373,0.781591263650546,0.391373801916933,0.6512,0.955555555555556,0.0127388535031847,0.995319812792512,0.993690851735016,0.00802568218298555,0.96998420221169,0.9952,0.972085385878489,0.990445859872611,0.191082802547771,0.315217391304348,0.286604361370716,0.973856209150327,0.934210526315789,0.0458860759493671,0.263665594855305,0.969453376205788,0.160125588697017,0.296754250386399,0.998412698412698,0.99184339314845,0.96984126984127,0.701782820097245,0.992163009404389,0.244732576985413,0.959055118110236,0.995065789473684,0,0.32755905511811,0.550888529886914,0.0221518987341772,0.0507131537242472,0.0109204368174727,0.900630914826498,0.028125,0.00319488817891374,0,0.230769230769231,0.98705501618123,0.072,0.983579638752053,0.965463108320251,0.985736925515055,0.288961038961039,0.298869143780291,0.68312101910828,0.463295269168026,0,0.809904153354633,0.0141732283464567,0.0423197492163009,0.214173228346457,0.995137763371151,0.00631911532385466,0,0.333333333333333,0.0125786163522013,0.0253565768621236,0.476874003189793,0.993589743589744,0.278955954323002,0.995065789473684,0.964516129032258,0,0.996965098634294,0,0.9921875,0.815873015873016,0.995081967213115,0.0144694533762058,0.976708074534162,0.00637958532695375,0.877777777777778,0.71875,0.942367601246106,0.984126984126984,0.995184590690209,0.2992,0.964686998394864,0.993846153846154,0.00307692307692308,0.0256410256410256,0.995145631067961,0.995215311004785,0.320574162679426,0.880573248407643,0.95417348608838,0.957878315132605,0.995290423861852,0,0.110197368421053,0.993630573248408,0.00476190476190476,0,0.962962962962963,0.00819672131147541,0.0445151033386327,0.9953125,0.9616,0.00323101777059774,0.616,0.416534181240064,0.982171799027553,0.00490998363338789,0.859706362153344,0.996742671009772,0.381877022653722,0.604724409448819,0.782958199356913,0,0.175718849840256,0.975409836065574,0.995238095238095,0.446570972886762,0.995253164556962,0.964646464646465,0.0351437699680511,0.00159489633173844,0.98297213622291,0.992,0.945686900958466,0.701421800947867,0.0112179487179487,0.862012987012987,0.233438485804416,0.186978297161937,0.004739336492891,0.624796084828711,0.590322580645161,0.618897637795276,0,0.290909090909091,0.900958466453674,0.645569620253165,0.519561815336463,0.0779816513761468,0,0,0.995426829268293,0.968798751950078,0,0.914012738853503,0.00963081861958266,0,0,0.9936,0,0.99347471451876,0.771293375394322,0.53582554517134,0.993650793650794,0,0,0.9888,0.957120980091884,0.725118483412322,0.00463678516228748,0.00165562913907285,0.869029275808937,0.595238095238095,0.996820349761526,0.536392405063291,0.34621578099839,0,0.984177215189873,0.00485436893203883,0.949593495934959,0.0904684975767367,0,0.0152905198776758,0.120385232744783,0.483443708609272,0.969889064976228,0,0.947040498442368,0.969745222929936,0.995253164556962,0,0.0752,0.930232558139535,0.00822368421052632,0.993700787401575,0.996904024767802,0.0127388535031847,0.995230524642289,0.303317535545024,0.804107424960506,0.0127388535031847,0.172859450726979,0.963607594936709,0.00807754442649435,0.00626959247648903,0.968553459119497,0.0114566284779051,0.676375404530744,0.387722132471729,0,0.115506329113924,0.730210016155089,0.263823064770932,0.973058637083994,0.00477707006369427,0.145569620253165,0.450166112956811,0.953125,0.876369327073552,0.962903225806452,0.756058158319871,0,0.9796875,0.00460829493087558,0.9712,0.405492730210016,0.00156739811912226,0.993730407523511,0.995176848874598,0.995207667731629,0.653160453808752,0.977952755905512,0.1376,0.201288244766506,0.933333333333333,0.865930599369085,0,0,0.985365853658537,0.927184466019418,0.01743264659271,0.982084690553746,0.988871224165342,0.377567140600316,0.922204213938412,0.725328947368421,0.869701726844584,0,0.958466453674121,0.346456692913386,0.995238095238095,0.996840442338073,0,0.641269841269841,0.96969696969697,0.0032258064516129,0.675850891410049,0.37799043062201,0.793261868300153,0.686305732484076,0.952086553323029,0.0861538461538462,0.980922098569157,0.996810207336523,0.979623824451411,0.302250803858521,0.0977564102564103,0.990521327014218,0.995275590551181,0.00469483568075117,0.784375,0.443037974683544,0.263406940063092,0.772230889235569,0.993670886075949,0.871019108280255,0.995260663507109,0.118483412322275,0.00495049504950495,0,0.814992025518341,0.00802568218298555,0.00315457413249211,0.271565495207668,0,0.988835725677831,0.921011058451817,0.993579454253612,0.993700787401575,0.0961538461538462,0.00475435816164818,0,0,0.181818181818182,0.0760517799352751,0.171799027552674,0,0.00464396284829721,0.993640699523052,0.00933125972006221,0.306089743589744,0.995184590690209,0.579778830963665,0.968,0.661442006269592,0.642857142857143,0,0.995461422087746,0.404494382022472,0.492776886035313,0.918083462132921,0.98755832037325,0.403453689167975,0.00946372239747634,0.951181102362205,0.953198127925117,0,0.964396284829721,0.0220820189274448,0.986863711001642,0.428120063191153,0,0.00637958532695375,0.523577235772358,0.831189710610932,0.00627943485086342,0.13961038961039,0.00947867298578199,0,0.74079754601227,0.024232633279483,0.996644295302013,0.3203125,0.990654205607477,0.0046656298600311,0.342723004694836,0.332236842105263,0.860655737704918,0.100494233937397,0.00786163522012579,0.0016,0.046031746031746,0,0.987635239567233,0.0444810543657331,0.975232198142415,0.00796178343949045,0.998363338788871,0,0.515432098765432,0.485759493670886,0.993690851735016,0,1,0,0.398360655737705,0.985959438377535,0,0.655172413793103,0.980769230769231,0.759615384615385,0.943729903536977,0.0408163265306122,0,0.993720565149137,0.255555555555556,0,0.686427457098284,0.00464396284829721,0.0232558139534884,0.993453355155483,0.996774193548387,0.990625,0.969453376205788,0.977707006369427,0,0.972402597402597,0.021875,0.344773790951638,0.28391167192429,0.988958990536278,0.987220447284345,0.990566037735849,0.985804416403785,0.0540540540540541,0.0226171243941842,0.985099337748344,0.963434022257552,0.721875,0.974803149606299,0.995260663507109,0.970125786163522,0,0,0.977272727272727,0,0.0741324921135647,0,0.955414012738854,0.270049099836334,0.208064516129032,0.122834645669291,0.9136,0,0.109149277688604,0.993640699523052,0.995319812792512,0.647151898734177,0.421374045801527,0.213855421686747,0.184952978056426,0.662903225806452,0.0062015503875969,0.111811023622047,0.546325878594249,0.25,0.711864406779661,0.0109204368174727,0,0.0048,0.325242718446602,0.993485342019544,0.623622047244095,0.227906976744186,0.628526645768025,0.8703125,0.981132075471698,0.965346534653465,0.980891719745223,0.993399339933993,0.993569131832797,0.5536,0.424960505529226,0.995215311004785,0.0077639751552795,0.0155763239875389,0.868462757527734,0.0094488188976378,0.993710691823899,0.971698113207547,0,0.112929623567921,0,0.953525641025641,0,0.96998420221169,0.995275590551181,0.0110410094637224,0.834405144694534,0.995341614906832,0.649206349206349,0.636507936507936,0.857142857142857,0,0,0.936454849498328,0.936746987951807,0.985826771653543,0,0,0.00488599348534202,0.226415094339623,0.497622820919176,0,0.458730158730159,0,0.921311475409836,0.993589743589744,0.152487961476726,0.248826291079812,0,0.339228295819936,0.599686028257457,0.862559241706161,0.959438377535101,0.772230889235569,0.00477707006369427,0.985365853658537,0.0145161290322581,0.995192307692308,0,0.975039001560062,0.00638977635782748,0.996726677577741,0.0224358974358974,0.0145631067961165,0,0,0.815336463223787,0.923714759535655,0.932389937106918,0.702160493827161,0.0248062015503876,0.0129659643435981,0.825040128410915,0.834876543209877,0,0.0127186009538951,0.967689822294023,0,0.983739837398374,0.950078003120125,0.0681458003169572,0.0445859872611465,0.008,0.993730407523511,0.463258785942492,0.0805152979066023,0.106382978723404,0.116535433070866,0.6957928802589,0.101404056162246,0.995184590690209,0,0.761146496815287,0.976340694006309,0.00322061191626409,0,0.00609756097560976,0,0.00637958532695375,0.995327102803738,0.720394736842105,0.00475435816164818,0.00489396411092985,0.543973941368078,0.9568,0.446909667194929,0.0422535211267606,0.0066006600660066,0.0476973684210526,0.0140845070422535,0,0.0354838709677419,0.010752688172043,0.00483091787439614,0.0173228346456693,0.00156739811912226,0.0439024390243902,0.053125,0.0190779014308426,0.0158982511923688,0.0032520325203252,0.0221518987341772,0.0203761755485893,0.0529695024077047,0.0112179487179487,0.0189274447949527,0.00325732899022801,0.00964630225080386,0.0418006430868167,0.0112540192926045,0.0215384615384615,0.00625978090766823,0.0353697749196141,0.00309597523219814,0.008
"226",0,0,0,0,0,0,0.0141732283464567,0.00153374233128834,0,1,0,1,0,0,0,0,1,0.982839313572543,0,0,0,0,0,1,0,0,0,0.00162337662337662,0,0,0,0,0.0015625,0,1,0,0.976816074188563,0,0,0,1,0.98145285935085,0.995412844036697,0,0,0,0,0,0,0,1,0,0,0,0.015748031496063,0,1,0,0.00306278713629403,0,0,0,0,1,0,0,1,0,1,0,0,0,0,0,1,0.00151975683890578,0,0,0.00161290322580645,0,1,0,0,0,0,0,0,0,0.00307692307692308,0.988059701492537,0,0,1,1,0,1,0.0170015455950541,0,0.993846153846154,0.992272024729521,0.0123456790123457,1,0,0,0,0,0.989230769230769,0.00309119010819165,0,0,0,0.0156985871271586,0,0,1,0,0,1,0,0,1,0.00157977883096367,0,0,0,0,0,0,1,0.00777604976671851,0,0,0,1,0,0,1,0,0,0.00797448165869218,1,1,0,0,0,0,0,0,0,0,0,0,0,0,0,0,0,0,1,0,0.0060882800608828,0,0,1,0,0,0,0,0,0,0,0,0,0,0.00315457413249211,0,1,0,1,0,0,0,0,0,0,0,0,0,0,0,0,0,0,0.0204724409448819,1,1,0,1,0,0,0.0127186009538951,0,0,0,0,0,0,0,0.0015625,1,0,0,0,0,0,0.0046656298600311,0,0,0.00156985871271586,0,0,1,0,0,0,1,0,0,0.00623052959501558,0,0,0,0.0184331797235023,1,0.0151057401812689,0,0,0,0,0,0,0,0,0,0,0,0,0,0,0,0,0,0,0,0,0,0,0,0.98740157480315,0,1,0.00471698113207547,0,0,0,1,0.00159744408945687,0.003125,0,0,0,0,0.989247311827957,0,0,0,0,0,0,0,0,0,0,0.0143312101910828,1,0,0.0170542635658915,1,0,0.0154320987654321,0.00158478605388273,1,0,0,0,0,0,1,0.0186625194401244,0,0,0,0,0,0,0,0,0,0,0,0,0,0,0,0,0.00318979266347687,0,0.95046439628483,0,0,0,0,0,0,0,0,0,0,0,0,1,0,0.00966183574879227,0,0.945904173106646,0,0,0,0,1,0,0,0,0,0,0,0,0,0,0,1,0,0,0,0,0,0,1,0,0,0,0.0031055900621118,0,0,0,0,1,0,0,0,0,0,0,0,0,0,0,0,0,0.00311526479750779,0,0,0,0,0,0,0,0,0,0,0,0,1,0,0,0,1,0,0.9904,0,0,0,0.998415213946117,0.0110935023771791,0,0,0,0,0,0,0,0,1,0,0.0016,0,0,0,0,0,0.998452012383901,0,0,0,0,0,0.00630914826498423,0,0.0134907251264755,0.993769470404984,0,0,0,1,0,0.00155038759689922,0,0,0,1,1,0,0,1,0,0.987261146496815,1,1,0,1,0,0.00156985871271586,0.00764525993883792,0,1,1,0,0,0,0,0.996805111821086,0.0199386503067485,0,0,0,0,1,0,0,0.0015625,0,1,0,0,0,0,1,0,0,0,1,0,0,0,0,0,0,0,0,0,0,0.00159235668789809,0,0.989045383411581,0,0,0,0,0.0109034267912773,1,0,0.0032,0,0,0,0,0,0,0,0,0,1,0,0,0,0.00478468899521531,0,0,0,0,0,0,0,0,0,0.0156739811912226,1,1,0,0,0,0,0,0,0,0,0.0184049079754601,1,0,0.0157728706624606,0,0,1,0,0,0,0.00155763239875389,0,0,0,0,0,0.00318979266347687,0,0,0.0173228346456693,0.0234375,0,0,0.993836671802773,0,0,0,0,0,0,0,0.773211567732116,0,1,0.00154559505409583,0,0,0,1,0,0,0,0,0,0,1,1,0,0,0,1,0,0,0.568807339449541,0,0,0.0108695652173913,0,0,0,1,0,0,0,0.0060790273556231,0,0,0.990668740279938,0,0,1,0,0,0,0,1,0.992272024729521,0,0,0,0,0.989197530864197,1,0,0,0,0,0,0,0,0,0.00636942675159236,0,0,0.998432601880878,0,1,0,0.159163987138264,0.00151745068285281,0,0,1,0,0,0,1,0,1,0,0,1,0.0198776758409786,0,0,0.0016,0,1,0,0,1,0,0,0,0,0,0,0.00308641975308642,0.00158730158730159,1,0,0.975077881619938,0.0186625194401244,0,0,0,0,0,0.9234375,0,0,0,0,0,0,0,1,1,0,1,0,1,0,0,0,0,0,0.998447204968944,0,0,0,0,0,0,0,0,0,0,0,0,0,0,1,0,0.0175438596491228,0,0.0293663060278207,0,0,0.00615384615384615,0,0.00161030595813205,0,0,0,0,0,0,0,0,0.00312989045383412,0.989345509893455,0,0,1,0,1,0,1,0,0,0,0,0,0.00157232704402516,0,0.0200927357032458,1,1,0,0,0,1,1,0,0,0,1,0,1,0,0,0.032,0,1,0,0,0,0,0,0,0,0.904458598726115,0,1,0,0.992088607594937,0,0,0.370015948963317,1,1,0.00153846153846154,0,0.010752688172043,0,0,0,0,0,1,0,0,1,0,0,0,0.954968944099379,0,0,0,0,0,0,0,0,0,1,0,0,0.995268138801262,1,0,1,0,0,0,0,0,0.00636942675159236,0.0047244094488189,0,0.947772657450077,0,0.892109500805153,0.974882260596546,1,0.157566302652106,0,0,0.00606060606060606,0,0.950078003120125,0.939907550077042,0,0.976525821596244,0.990491283676704,0.948837209302326,0.970125786163522,0.940625,0,0.969183359013868,0,0,0.949044585987261,0,0.931921331316188,0,0.0519685039370079,0,0
"227",0.98740157480315,0.992260061919505,0.960244648318043,0.93730407523511,0.976114649681529,0.992063492063492,0.879499217527387,0.961890243902439,0.993920972644377,0,0.993720565149137,0,0.570121951219512,0.990551181102362,0.0445468509984639,0.0184331797235023,0,0.0169753086419753,0.988958990536278,0.980182926829268,0.156105100463679,0.0335463258785942,1,0,0.956723338485317,0.253477588871716,0.107981220657277,0.982594936708861,0.461769115442279,0.685975609756098,0.00925925925925926,0.686728395061728,0.766666666666667,0.282208588957055,0,0.990625,0.0168195718654434,0.987823439878234,0.265275707898659,0.900763358778626,0.0015552099533437,0.0182648401826484,0.00763358778625954,0.992175273865415,0.772357723577236,0.0260736196319018,0.50231124807396,0.00614439324116743,0.466463414634146,0.142208774583964,0,0.992211838006231,0.274570982839314,0.990610328638498,0.869362363919129,0.149606299212598,0,0.97933227344992,0.946319018404908,0.902587519025875,0.298299845440495,0.431643625192012,0.00940438871473354,0,0.887658227848101,0.815548780487805,0,0.984423676012461,0,0.009375,0.847201210287443,0.0107692307692308,0.0246913580246914,0.990909090909091,0,0.710806697108067,0.047112462006079,0.579268292682927,0.884858044164038,0.257425742574257,0,0.693374422187982,0.208206686930091,0.99075500770416,0.113354037267081,0.903323262839879,0.992307692307692,0.9629057187017,0.95738203957382,0.0106707317073171,0.979813664596273,0.990769230769231,0,0,0.971653543307087,0,0.297709923664122,0.970992366412214,0.00757575757575758,0.0093603744149766,0.61633281972265,0,0.278560250391236,0.9921875,0.100151745068285,0.995319812792512,0.00925925925925926,0.96594427244582,0.0062111801242236,0.0153609831029186,0.0138888888888889,0.898305084745763,0.328638497652582,0.982945736434109,0,0.978593272171254,0.700763358778626,0,0.00918836140888208,0.227414330218069,0,0.761310452418097,0.253414264036419,0.0796178343949045,0.963076923076923,0.148606811145511,0.992343032159265,0.986046511627907,0,0.551301684532925,0.925581395348837,0.482539682539683,0.986003110419907,0,0.987519500780031,0.0303030303030303,0,0.203761755485893,0.617054263565891,0.517571884984026,0,0,0.972644376899696,0.763239875389408,0.17192429022082,0.9921875,0.0156494522691706,0.916413373860182,0.415873015873016,0.973926380368098,0.134281200631912,0.976489028213166,0.993740219092332,0.844036697247706,0.984423676012461,0.00636942675159236,0.992307692307692,0.0078125,0,0.731366459627329,0.858858858858859,0.979876160990712,0.0228310502283105,0,0.990922844175492,0.45583596214511,0.992,0.993865030674847,0.993930197268589,0.300751879699248,0.972222222222222,0.00778816199376947,0.941616766467066,0.00749625187406297,0.8921875,0.373271889400922,0,0.979719188767551,0,0.855140186915888,0.993779160186625,0.126348228043143,0.975270479134467,0.939209726443769,0.988095238095238,0.963020030816641,0.0907692307692308,0.38763197586727,0.919871794871795,0.935126582278481,0.0572755417956656,0.0153374233128834,0.976340694006309,0.854517611026034,0,0,0.29559748427673,0.0015552099533437,0.991004497751124,0.252293577981651,0.875,0.755690440060698,0.983358547655068,0.425431711145997,0.435384615384615,0.281889763779528,0.91820987654321,0.962790697674419,0.868702290076336,0,0.880916030534351,0.172741679873217,0.930708661417323,0.00770416024653313,0.0699404761904762,0.539412673879444,0.975077881619938,0.974242424242424,0.823529411764706,0.990740740740741,0.888544891640867,0,0.0772797527047913,0.657099697885196,0.984472049689441,0,1,0.968609865470852,0.548780487804878,0.561538461538462,0.983206106870229,0.991935483870968,0.349606299212598,0,0.878419452887538,0.521739130434783,0.961722488038278,0.00921658986175115,0.95187969924812,0.989045383411581,0.990712074303406,0.948678071539658,0.530487804878049,0.00927357032457496,0.962962962962963,0.527692307692308,0.0134328358208955,0.00904977375565611,0.214618973561431,0.00769230769230769,0.147151898734177,0.666666666666667,0.00614439324116743,0.00930232558139535,0.00924499229583975,0.595679012345679,0.0432766615146832,0.973270440251572,0.0109717868338558,0.00615384615384615,0,0.230889235569423,0.9921875,0.974164133738602,0.896604938271605,0,0.864566929133858,0.842266462480858,0.684129429892142,0.603421461897356,0.461658841940532,0.450310559006211,0.0108527131782946,0.992050874403816,0.0984615384615385,0.6944,0.951863354037267,0.0153374233128834,0.749618320610687,0.00619195046439629,0.123287671232877,0.99251497005988,0.991909385113269,0.881435257410296,0,0.648318042813456,0.87402799377916,0,0.00894187779433681,0.882800608828006,0.968895800933126,0,0.00909090909090909,0.0107033639143731,0.973643410852713,0.880690737833595,0.00952380952380952,0,0.379416282642089,0.987421383647799,0.777265745007681,0.390769230769231,0.666666666666667,0.953846153846154,0.0155038759689922,0.992537313432836,0.992307692307692,0.0109204368174727,0.96319018404908,0.992175273865415,0.973186119873817,0.990825688073395,0.17774343122102,0.322085889570552,0.2782874617737,0.965244865718799,0.949367088607595,0.0537634408602151,0.262830482115086,0.970679012345679,0.16358024691358,0.3003003003003,0.986003110419907,0.992248062015504,0.961538461538462,0.692926045016077,0.987933634992459,0.23125,0.957703927492447,0.992295839753467,0,0.331825037707391,0.545023696682464,0.0186625194401244,0.0562310030395137,0.0136157337367625,0.920245398773006,0.0290519877675841,0.00610687022900763,0,0.22360248447205,0.982758620689655,0.0738461538461539,0.979166666666667,0.961180124223602,0.978125,0.282780410742496,0.279434850863422,0.683720930232558,0.467637540453074,0,0.826356589147287,0.0198473282442748,0.0454545454545455,0.195685670261941,0.992248062015504,0.0106544901065449,0,0.330275229357798,0.0166666666666667,0.0233281493001555,0.472783825816485,0.990726429675425,0.267405063291139,0.993558776167472,0.967642526964561,0,0.982248520710059,0.00759878419452888,0.991017964071856,0.830985915492958,0.992101105845182,0.0170542635658915,0.972727272727273,0.00615384615384615,0.870514820592824,0.705414012738854,0.928895612708018,0.978494623655914,0.987748851454824,0.288854003139717,0.959183673469388,0.990922844175492,0.00906344410876133,0.0307692307692308,0.992199687987519,0.990783410138249,0.315217391304348,0.870967741935484,0.961414790996785,0.950769230769231,0.993966817496229,0,0.119122257053292,0.993769470404984,0.00778816199376947,0,0.956856702619414,0.0111111111111111,0.0455974842767296,0.995405819295559,0.962962962962963,0.00470957613814757,0.635792778649921,0.423380726698262,0.9796875,0.0078740157480315,0.87906976744186,0.990551181102362,0.368503937007874,0.617151607963247,0.788976377952756,0,0.157320872274143,0.965408805031447,0.992223950233281,0.451761102603369,0.990697674418605,0.982055464926591,0.0326594090202177,0.00155038759689922,0.980091883614089,0.990712074303406,0.948517940717629,0.702453987730061,0.0154320987654321,0.854430379746835,0.235474006116208,0.163934426229508,0.00766871165644172,0.630503144654088,0.5984375,0.592424242424242,0,0.283676703645008,0.90282131661442,0.650306748466258,0.513719512195122,0.0799396681749623,0,0,0.991084695393759,0.969650986342944,0,0.914463452566096,0.010989010989011,0,0,0.993730407523511,0,0.996850393700787,0.770542635658915,0.519756838905775,0.994100294985251,0,0,0.990683229813665,0.962518740629685,0.723926380368098,0.00898203592814371,0.00317460317460317,0.861702127659574,0.599695585996956,0.990740740740741,0.53984962406015,0.351477449455676,0,0.972350230414747,0.0094488188976378,0.951104100946372,0.090625,0,0.0164917541229385,0.116640746500778,0.495176848874598,0.966153846153846,0,0.94478527607362,0.972093023255814,0.993846153846154,0,0.0665634674922601,0.941463414634146,0.0126984126984127,0.992526158445441,0.990950226244344,0.0167682926829268,0.990783410138249,0.293577981651376,0.806552262090484,0.0169753086419753,0.168769716088328,0.959752321981424,0.0093167701863354,0.00619195046439629,0.963020030816641,0.0126984126984127,0.663522012578616,0.38871473354232,0,0.124620060790274,0.735202492211838,0.251885369532428,0.972049689440994,0.00924499229583975,0.162287480680062,0.4375,0.939301972685888,0.884146341463415,0.957943925233645,0.748822605965463,0,0.982998454404946,0.00911854103343465,0.967592592592593,0.383647798742138,0.00907715582450832,0.99236641221374,0.992260061919505,0.993788819875776,0.626153846153846,0.981651376146789,0.13125,0.182515337423313,0.943164362519201,0.87673343605547,0,0,0.984326018808777,0.931142410015649,0.0235109717868339,0.98116169544741,0.987654320987654,0.356374807987711,0.921259842519685,0.730708661417323,0.87218045112782,0,0.967441860465116,0.326018808777429,0.992175273865415,0.99075500770416,0,0.627329192546584,0.966772151898734,0.00625978090766823,0.693270735524257,0.375193798449612,0.802098950524738,0.685126582278481,0.959398496240601,0.0920060331825038,0.974763406940063,0.990769230769231,0.973886328725038,0.287539936102236,0.0880989180834621,0.98297213622291,0.992481203007519,0.00755287009063444,0.774539877300613,0.457317073170732,0.25,0.755417956656347,0.995412844036697,0.888024883359253,0.990783410138249,0.122913505311077,0.00647249190938511,0,0.822884012539185,0.00940438871473354,0.00928792569659443,0.257716049382716,0,0.987519500780031,0.91499227202473,0.993817619783617,0.984962406015038,0.0932721712538226,0.00625978090766823,0,0,0.17601246105919,0.077639751552795,0.163297045101089,0,0.00924499229583975,0.993836671802773,0.00906344410876133,0.2828125,0.992101105845182,0.590015128593041,0.970769230769231,0.65402124430956,0.627450980392157,0,0.992647058823529,0.389937106918239,0.493808049535604,0.914414414414414,0.980509745127436,0.400611620795107,0.00916030534351145,0.938366718027735,0.944108761329305,0,0.959152798789713,0.0232198142414861,0.98389694041868,0.424615384615385,0,0.00917431192660551,0.517741935483871,0.835913312693498,0.00925925925925926,0.12792511700468,0.0124804992199688,0.00162074554294976,0.748125937031484,0.027906976744186,0.991961414790997,0.323795180722892,0.986238532110092,0.00925925925925926,0.366003062787136,0.330708661417323,0.864139020537125,0.0966719492868463,0.00772797527047913,0.00308166409861325,0.0559006211180124,0,0.988023952095808,0.0397456279809221,0.970014992503748,0.0140845070422535,0.992063492063492,0,0.525914634146341,0.467391304347826,0.990853658536585,0,0.990922844175492,0,0.383147853736089,0.981927710843373,0,0.644171779141104,0.975,0.739130434782609,0.941732283464567,0.0363636363636364,0,0.99236641221374,0.250393700787402,0,0.684451219512195,0.00899550224887556,0.0199081163859112,0.993660855784469,0.990639625585023,0.984779299847793,0.963358778625954,0.973228346456693,0,0.964451313755796,0.0210843373493976,0.349013657056146,0.279569892473118,0.984825493171472,0.990683229813665,0.989296636085627,0.989329268292683,0.0565749235474006,0.0170542635658915,0.9792,0.9558599695586,0.718181818181818,0.978395061728395,0.992412746585736,0.966101694915254,0,0,0.976225854383358,0,0.0711043872919818,0,0.945904173106646,0.259968102073365,0.20846394984326,0.13109756097561,0.92755905511811,0,0.100154083204931,0.99075500770416,0.993920972644377,0.642526964560863,0.412979351032448,0.216617210682493,0.177004538577912,0.638668779714738,0.00601503759398496,0.111111111111111,0.545031055900621,0.25194401244168,0.709284627092846,0.016793893129771,0,0.00311526479750779,0.31201248049922,0.992025518341308,0.617021276595745,0.223723723723724,0.62596599690881,0.870030581039755,0.983358547655068,0.953674121405751,0.969088098918083,0.993690851735016,0.990697674418605,0.544323483670295,0.426584234930448,0.990654205607477,0.0116788321167883,0.0166666666666667,0.859567901234568,0.0106707317073171,0.990895295902883,0.969088098918083,0,0.109004739336493,0,0.94435857805255,0,0.967840735068913,0.993769470404984,0.0153609831029186,0.830482115085537,0.992447129909366,0.658461538461538,0.608763693270736,0.8625,0,0,0.923701298701299,0.935103244837758,0.981481481481482,0,0,0.0062992125984252,0.230652503793627,0.49768875192604,0,0.44309559939302,0,0.915227629513344,0.990654205607477,0.14937106918239,0.239031770045386,0,0.35377358490566,0.593508500772797,0.856269113149847,0.959028831562974,0.766355140186916,0.00775193798449612,0.982758620689655,0.0157232704402516,0.9936,0,0.974397590361446,0.00923076923076923,0.990506329113924,0.0248447204968944,0.014218009478673,0,0,0.83179012345679,0.927330173775671,0.922492401215805,0.723146747352496,0.0303030303030303,0.0157728706624606,0.817619783616692,0.827893175074184,0,0.0186046511627907,0.961240310077519,0,0.9875,0.947852760736196,0.071097372488408,0.0411585365853659,0.0108024691358025,0.992435703479576,0.480438184663537,0.0811232449297972,0.111287758346582,0.116666666666667,0.691222570532915,0.100763358778626,0.996879875195008,0,0.746875,0.981679389312977,0.00470219435736677,0,0.00445765230312036,0,0.00914634146341463,0.992283950617284,0.70906200317965,0.00786163522012579,0.00950871632329636,0.547021943573668,0.94383775351014,0.422187981510015,0.0501519756838906,0.0096,0.0563607085346216,0.0168195718654434,0,0.0385802469135802,0.0106544901065449,0.0093603744149766,0.0153846153846154,0.00604229607250755,0.05320813771518,0.0581039755351682,0.0125195618153365,0.0168970814132104,0.0031496062992126,0.024653312788906,0.0215716486902928,0.06,0.0109034267912773,0.0216049382716049,0.00950871632329636,0.0077639751552795,0.0482115085536547,0.012326656394453,0.0211480362537764,0.00766871165644172,0.0357142857142857,0.0104790419161677,0.0078125
"228",0.982785602503912,0.980480480480481,0.98340874811463,0.942277691107644,0.989113530326594,0.984326018808777,0.904320987654321,0.981735159817352,0.978978978978979,0,0.984848484848485,0,0.579268292682927,0.9828125,0.057315233785822,0.0287443267776097,0,0.0121765601217656,0.979813664596273,0.965045592705167,0.16793893129771,0.0538827258320127,0.968373493975904,0,0.944193061840121,0.276234567901235,0.123664122137405,0.97196261682243,0.472346786248132,0.708520179372197,0.0192878338278932,0.706948640483384,0.783950617283951,0.30381679389313,0,0.984756097560976,0.014792899408284,0.975867269984917,0.27810650887574,0.900900900900901,0,0.0151285930408472,0.00447093889716841,0.978494623655914,0.782472613458529,0.0417310664605873,0.526153846153846,0.0184331797235023,0.477104874446086,0.145588235294118,0,0.983282674772036,0.287650602409639,0.978527607361963,0.895223420647149,0.171561051004637,0,0.959938366718028,0.96996996996997,0.908955223880597,0.308734939759036,0.440119760479042,0.0201863354037267,0,0.88783570300158,0.822556390977444,0,0.973013493253373,0,0.0137825421133231,0.844879518072289,0.0254872563718141,0.0395738203957382,0.979197622585438,0,0.722551928783383,0.0641791044776119,0.56793893129771,0.911627906976744,0.276527331189711,0,0.726726726726727,0.218181818181818,0.979166666666667,0.129323308270677,0.925757575757576,0.974045801526718,0.971168437025797,0.956060606060606,0.0105105105105105,0.973926380368098,0.975903614457831,0,0,0.967692307692308,0,0.313343328335832,0.968373493975904,0.00604229607250755,0.00763358778625954,0.626339969372129,0,0.295558958652374,0.981481481481482,0.118440779610195,0.979907264296754,0.0108359133126935,0.986153846153846,0.02,0.0274809160305344,0.024132730015083,0.916666666666667,0.340458015267176,0.972519083969466,0,0.986466165413534,0.724924012158055,0,0.0212443095599393,0.241221374045802,0,0.781733746130031,0.261654135338346,0.0944272445820433,0.972768532526475,0.155589123867069,0.974777448071217,0.980392156862745,0,0.562310030395137,0.945904173106646,0.506172839506173,0.965996908809892,0,0.975232198142415,0.0384615384615385,0,0.225806451612903,0.629402756508423,0.528505392912173,0,0,0.979010494752624,0.774193548387097,0.171296296296296,0.980213089802131,0.0276923076923077,0.933333333333333,0.403426791277259,0.985185185185185,0.147104851330203,0.967840735068913,0.979623824451411,0.834586466165414,0.983333333333333,0.0171073094867807,0.980273141122914,0.0229357798165138,0,0.741433021806854,0.881231671554252,0.972560975609756,0.0398818316100443,0,0.983483483483483,0.469230769230769,0.98125,0.978819969742814,0.98036253776435,0.306092124814265,0.978851963746224,0.0199081163859112,0.960176991150443,0.0222551928783383,0.908242612752722,0.393292682926829,0,0.978755690440061,0,0.849923430321593,0.981900452488688,0.138088012139605,0.974320241691843,0.93815987933635,0.972383720930233,0.961136023916293,0.106060606060606,0.386329866270431,0.923676012461059,0.944700460829493,0.0735068912710567,0.0243531202435312,0.980030721966206,0.871601208459215,0,0,0.316998468606432,0,0.980451127819549,0.274626865671642,0.889235569422777,0.769230769230769,0.983458646616541,0.438650306748466,0.452238805970149,0.314814814814815,0.910493827160494,0.952959028831563,0.889055472263868,0,0.864253393665158,0.18957345971564,0.946070878274268,0.0212443095599393,0.0850746268656716,0.555725190839695,0.971168437025797,0.977307110438729,0.841389728096677,0.981845688350983,0.886153846153846,0,0.0909090909090909,0.675111773472429,0.981481481481482,0,0.968609865470852,1,0.567732115677321,0.544764795144158,0.974124809741248,0.979462875197472,0.375951293759513,0,0.896296296296296,0.529770992366412,0.985981308411215,0.019578313253012,0.955156950672646,0.986024844720497,0.980122324159021,0.940548780487805,0.541791044776119,0.0227963525835866,0.984639016897081,0.539634146341463,0.0266666666666667,0.0206489675516224,0.231950844854071,0.0232198142414861,0.160125588697017,0.679160419790105,0.0212443095599393,0.0243161094224924,0.0257966616084977,0.597014925373134,0.0600924499229584,0.975535168195719,0.00928792569659443,0.0181818181818182,0,0.248062015503876,0.981220657276995,0.963581183611533,0.898330804248862,0,0.880989180834621,0.851351351351351,0.698630136986301,0.608562691131499,0.467164179104478,0.457627118644068,0.0106221547799697,0.976635514018692,0.106707317073171,0.708920187793427,0.983206106870229,0.0256797583081571,0.763636363636364,0.0242792109256449,0.13089802130898,0.977941176470588,0.981366459627329,0.901386748844376,0,0.642642642642643,0.895705521472393,0,0.0165413533834586,0.908270676691729,0.986238532110092,0,0.0226928895612708,0.01620029455081,0.982731554160126,0.893249607535322,0.0203125,0,0.387048192771084,0.987711213517665,0.807518796992481,0.386363636363636,0.671339563862928,0.952238805970149,0.0293663060278207,0.979073243647235,0.977307110438729,0.0200617283950617,0.963358778625954,0.984779299847793,0.962441314553991,0.978658536585366,0.19482496194825,0.33433734939759,0.301369863013699,0.984591679506934,0.927899686520376,0.0475482912332838,0.272727272727273,0.984567901234568,0.161585365853659,0.31390134529148,0.986322188449848,0.98310291858679,0.971036585365854,0.705701078582434,0.979351032448378,0.258566978193146,0.981927710843373,0.976993865030675,0,0.344984802431611,0.558139534883721,0.0362537764350453,0.05,0.0254491017964072,0.897435897435897,0.0404191616766467,0.0166666666666667,0,0.239031770045386,0.973805855161787,0.0886850152905199,0.987519500780031,0.981790591805766,1,0.298921417565485,0.297507788161994,0.667177914110429,0.4464,0,0.813353566009105,0.031437125748503,0.0618401206636501,0.216741405082212,0.979969183359014,0.0229007633587786,0,0.341791044776119,0.0315315315315315,0.0385802469135802,0.488549618320611,0.984802431610942,0.291277258566978,0.97933227344992,0.94969512195122,0,0.985486211901306,0.0148588410104012,0.976225854383358,0.826807228915663,0.976635514018692,0.0316742081447964,0.969924812030075,0.0228658536585366,0.879756468797565,0.731782945736434,0.932228915662651,0.98955223880597,0.978947368421053,0.303543913713405,0.952599388379205,0.979041916167665,0.0193740685543964,0.0379939209726444,0.978328173374613,0.98036253776435,0.333333333333333,0.875562218890555,0.954186413902054,0.949618320610687,0.981981981981982,0,0.131868131868132,0.978527607361963,0.02,0,0.984662576687117,0.00918836140888208,0.0597243491577335,0.977711738484398,0.987730061349693,0.00305810397553517,0.629402756508423,0.438650306748466,0.982998454404946,0.0233644859813084,0.867601246105919,0.979969183359014,0.37962962962963,0.611872146118721,0.798771121351767,0,0.172256097560976,0.98468606431853,0.980182926829268,0.472429210134128,0.981735159817352,0.9536,0.0459418070444104,0,0.980091883614089,0.980061349693252,0.950226244343891,0.682563338301043,0.0231481481481481,0.885145482388974,0.243975903614458,0.192368839427663,0.0045662100456621,0.625386996904025,0.602782071097372,0.631259484066768,0,0.29874213836478,0.92042042042042,0.638972809667674,0.531722054380665,0.0976331360946746,0,0,0.982430453879941,0.959881129271917,0,0.940366972477064,0.00934579439252336,0,0,0.981707317073171,0,0.98145285935085,0.777265745007681,0.542899408284024,0.979197622585438,0,0,0.983206106870229,0.960235640648012,0.725111441307578,0.0196374622356495,0.00153846153846154,0.89039039039039,0.602985074626866,0.981707317073171,0.552395209580838,0.356814701378254,0,0.965256797583082,0.0204724409448819,0.966153846153846,0.100154083204931,0,0.0293255131964809,0.131172839506173,0.49211356466877,0.954819277108434,0,0.959940652818991,0.969788519637462,0.980597014925373,0,0.0900621118012422,0.930194805194805,0.0238853503184713,0.977477477477477,0.980797636632201,0.0255639097744361,0.979259259259259,0.313935681470138,0.816944024205749,0.0319634703196347,0.179289026275116,0.957446808510638,0.00773993808049536,0.0182926829268293,0.977443609022556,0.0248447204968944,0.665130568356375,0.407066052227343,0,0.132730015082956,0.749221183800623,0.268588770864947,0.974085365853659,0.0151975683890578,0.164933135215453,0.462992125984252,0.949329359165425,0.891691394658754,0.9558599695586,0.747692307692308,0,0.967065868263473,0.0178041543026706,0.955993930197269,0.408450704225352,0.0179640718562874,0.982062780269058,0.981538461538462,0.983308042488619,0.640060240963855,0.986384266263237,0.14018691588785,0.202472952086553,0.937212863705972,0.888036809815951,0,0,0.973270440251572,0.932601880877743,0.0289634146341463,0.984662576687117,0.984825493171472,0.388719512195122,0.945226917057903,0.731366459627329,0.894419306184012,0,0.958778625954198,0.343605546995377,0.984615384615385,0.980122324159021,0,0.644376899696049,0.99079754601227,0.0212443095599393,0.701700154559505,0.375766871165644,0.797979797979798,0.69478527607362,0.94273127753304,0.0948148148148148,0.973684210526316,0.981900452488688,0.995454545454545,0.313084112149533,0.106707317073171,0.983282674772036,0.979041916167665,0.00748502994011976,0.788461538461538,0.463855421686747,0.26865671641791,0.778625954198473,0.978328173374613,0.872894333843798,0.979010494752624,0.125,0.0224,0,0.831818181818182,0.0215716486902928,0.0198170731707317,0.277862595419847,0,0.977203647416413,0.911411411411411,0.980392156862745,0.982116244411326,0.105990783410138,0.0183767228177642,0,0,0.187106918238994,0.0971168437025797,0.169753086419753,0,0.0179372197309417,0.978915662650602,0.0133729569093611,0.303543913713405,0.979782270606532,0.598784194528875,0.963302752293578,0.677224736048265,0.653902798232695,0,0.978165938864629,0.404354587869362,0.502318392581144,0.935338345864662,0.980332829046899,0.409090909090909,0.00766871165644172,0.958841463414634,0.961481481481481,0,0.956973293768546,0.036144578313253,0.970266040688576,0.441754916792738,0,0.00606060606060606,0.5229793977813,0.856488549618321,0.0210843373493976,0.15919629057187,0.00898203592814371,0,0.741935483870968,0.0352220520673813,0.982649842271293,0.328869047619048,0.982089552238806,0.0166163141993958,0.385542168674699,0.317901234567901,0.875192604006163,0.110591900311526,0.0227272727272727,0,0.0587326120556414,0,0.982142857142857,0.0523882896764253,0.986646884272997,0.0214067278287462,0.979813664596273,0,0.525373134328358,0.460365853658537,0.983383685800604,0,0.98355754857997,0,0.397815912636505,0.97317436661699,0,0.65158371040724,0.978593272171254,0.757716049382716,0.967289719626168,0.0538922155688623,0,0.978723404255319,0.265337423312883,0,0.695454545454545,0.0176991150442478,0.0326894502228826,0.979750778816199,0.984472049689441,0.974358974358974,0.96177370030581,0.967791411042945,0,0.967987804878049,0.0225225225225225,0.353293413173653,0.283987915407855,0.977443609022556,0.972685887708649,0.976261127596439,0.972932330827068,0.0587349397590361,0.0368663594470046,0.98116169544741,0.95045045045045,0.717095310136157,0.964992389649924,0.980451127819549,0.989425981873112,0,0,0.972181551976574,0,0.082089552238806,0,0.967016491754123,0.268817204301075,0.219814241486068,0.146747352496218,0.918586789554531,0,0.117824773413897,0.975903614457831,0.982116244411326,0.640122511485452,0.417888563049853,0.225,0.1976401179941,0.652905198776758,0.0150829562594268,0.138345864661654,0.547945205479452,0.273972602739726,0.707280832095097,0.0290519877675841,0,0.0168970814132104,0.330232558139535,0.979623824451411,0.635416666666667,0.237188872620791,0.624813153961136,0.889894419306184,0.971810089020771,0.959876543209877,0.978227060653188,0.982919254658385,0.981510015408321,0.570121951219512,0.432432432432432,0.978883861236802,0.0275761973875181,0.0222551928783383,0.885022692889561,0.0104633781763827,0.980597014925373,0.95352323838081,0,0.121684867394696,0,0.955927051671733,0,0.972768532526475,0.980152671755725,0.0164424514200299,0.852134146341463,0.980480480480481,0.650842266462481,0.619482496194825,0.888544891640867,0,0,0.945859872611465,0.957664233576642,0.984825493171472,0,0,0.0186625194401244,0.243609022556391,0.502269288956127,0,0.452344931921331,0,0.921417565485362,0.979876160990712,0.170769230769231,0.242152466367713,0,0.359937402190923,0.595808383233533,0.857357357357357,0.982430453879941,0.779610194902549,0.0198776758409786,0.988924050632911,0.016566265060241,0.978021978021978,0,0.982222222222222,0.00773993808049536,0.983128834355828,0.0351145038167939,0.0203125,0,0,0.835082458770615,0.916149068322981,0.947049924357035,0.717065868263473,0.0431547619047619,0.0249221183800623,0.829046898638427,0.829850746268657,0,0.0337423312883436,0.952307692307692,0,0.967084639498433,0.977544910179641,0.0777439024390244,0.038109756097561,0.0212443095599393,0.979041916167665,0.468315301391036,0.0939393939393939,0.110248447204969,0.12743628185907,0.691950464396285,0.11144578313253,0.981735159817352,0,0.76416539050536,0.968468468468468,0.00305343511450382,0,0.0238095238095238,0,0.0229709035222052,0.982008995502249,0.716981132075472,0.01875,0.0244274809160305,0.559190031152648,0.962674961119751,0.443778110944528,0.0445765230312036,0.0235109717868339,0.0503937007874016,0.0197568389057751,0,0.0412844036697248,0.0221238938053097,0.021505376344086,0.0315789473684211,0.0194029850746269,0.0450310559006211,0.0515933232169954,0.0289193302891933,0.0196969696969697,0.00625,0.0275229357798165,0.0254872563718141,0.053030303030303,0.0255639097744361,0.0212121212121212,0.0141955835962145,0.0245398773006135,0.0464396284829721,0.027190332326284,0.0266272189349112,0.022354694485842,0.0488549618320611,0.0191176470588235,0.0211161387631976
"229",0.562300319488818,0.561514195583596,0.569659442724458,0.579804560260586,0.546474358974359,0.555915721231767,0.637931034482759,0.58179012345679,0.545595054095827,0.00479233226837061,0.533541341653666,0.00469483568075117,0.637658227848101,0.5424,0.47900466562986,0.465408805031447,0.00614439324116743,0.0143312101910828,0.567043618739903,0.579598145285935,0.601236476043277,0.456628477905074,0.544323483670295,0.00463678516228748,0.59190031152648,0.536115569823435,0.524922118380062,0.541062801932367,0.672281776416539,0.674528301886792,0.454968944099379,0.662015503875969,0.658307210031348,0.550156739811912,0.00469483568075117,0.538950715421304,0.0156985871271586,0.5359375,0.671171171171171,0.575851393188854,0.00473186119873817,0.014218009478673,0.00927357032457496,0.541471048513302,0.652173913043478,0.460567823343849,0.595879556259905,0.451010886469673,0.620795107033639,0.555045871559633,0.0046875,0.546296296296296,0.6049766718507,0.536392405063291,0.645367412140575,0.540192926045016,0.00482315112540193,0.573926868044515,0.562691131498471,0.616459627329193,0.540498442367601,0.667716535433071,0.448946515397083,0.00638977635782748,0.605519480519481,0.631007751937985,0.00627943485086342,0.544025157232704,0.00156739811912226,0.45253164556962,0.58528951486698,0.4484375,0.4671875,0.546564885496183,0.00460122699386503,0.68348623853211,0.468797564687976,0.627906976744186,0.629746835443038,0.57331136738056,0.00315457413249211,0.653726708074534,0.554198473282443,0.551987767584098,0.540581929555896,0.604294478527607,0.541666666666667,0.567398119122257,0.549923195084485,0.0108024691358025,0.550314465408805,0.534775888717156,0.00631911532385466,0.00156494522691706,0.55993690851735,0.00469483568075117,0.754716981132076,0.557120500782473,0.00615384615384615,0.0094488188976378,0.931962025316456,0.00626959247648903,0.678288431061807,0.54874213836478,0.525757575757576,0.549432739059968,0.0109204368174727,0.568075117370892,0.435126582278481,0.446177847113885,0.4399375975039,0.6125,0.581358609794629,0.544881889763779,0.00470219435736677,0.552099533437014,0.664556962025316,0.00461538461538462,0.4515625,0.560250391236307,0.00304878048780488,0.669278996865204,0.665109034267913,0.489499192245557,0.5600624024961,0.540832049306626,0.550769230769231,0.549295774647887,0.00626959247648903,0.989113530326594,0.598130841121495,0.623397435897436,0.557692307692308,0.0046656298600311,0.552,0.450532724505327,0.00625,0.651968503937008,0.579527559055118,0.968051118210863,0.00638977635782748,0.00479233226837061,0.569620253164557,0.65,0.540540540540541,0.545171339563863,0.445987654320988,0.623076923076923,0.566129032258065,0.541666666666667,0.603503184713376,0.546899841017488,0.536392405063291,0.608294930875576,0.552262090483619,0.428802588996764,0.556942277691108,0.443910256410256,0.00458715596330275,0.678683385579937,0.633435582822086,0.55607476635514,0.462249614791988,0.00615384615384615,0.547140649149923,0.607936507936508,0.559870550161812,0.553488372093023,0.552099533437014,0.533950617283951,0.557632398753894,0.459375,0.571209800918836,0.464012251148545,0.613672496025437,0.584758942457232,0.00482315112540193,0.549920760697306,0.00462962962962963,0.594043887147335,0.546456692913386,0.511326860841424,0.565149136577708,0.584234930448223,0.537764350453172,0.558103975535168,0.517133956386293,0.581430745814307,0.605723370429253,0.596491228070175,0.481774960380349,0.458461538461538,0.563091482649842,0.661993769470405,0.00305810397553517,0.00630914826498423,0.749603803486529,0.0046583850931677,0.552631578947368,0.573189522342065,0.656298600311042,0.612752721617418,0.554033485540335,0.823622047244094,0.626959247648903,0.706168831168831,0.564541213063764,0.563467492260062,0.602782071097372,0.00479233226837061,0.614307931570762,0.639741518578352,0.582802547770701,0.45,0.496884735202492,1,0.562790697674419,0.564814814814815,0.644305772230889,0.548837209302326,0.617088607594937,0.00470957613814757,0.494556765163297,0.672782874617737,0.546325878594249,0.00623052959501558,0.548780487804878,0.567732115677321,1,0.561622464898596,0.550632911392405,0.545746388443018,0.798425196850394,0.00645161290322581,0.614088820826952,0.644094488188976,0.575806451612903,0.462249614791988,0.571644042232277,0.538095238095238,0.532208588957055,0.5808,0.609105180533752,0.475513428120063,0.570300157977883,0.587692307692308,0.451219512195122,0.443768996960486,0.495283018867925,0.446875,0.590032154340836,0.751902587519026,0.447530864197531,0.45468509984639,0.458461538461538,0.91640866873065,0.475435816164818,0.570300157977883,0.00794912559618442,0.453416149068323,0.00615384615384615,0.6625,0.556818181818182,0.534267912772586,0.602782071097372,0.00458715596330275,0.629268292682927,0.61890243902439,0.658385093167702,0.638198757763975,0.609302325581395,0.60952380952381,0.0124031007751938,0.526898734177215,0.54375,0.65415986949429,0.554330708661417,0.46551724137931,0.737421383647799,0.461897356143079,0.521671826625387,0.55895865237366,0.537953795379538,0.645110410094637,0.0060882800608828,0.855161787365177,0.629746835443038,0.00625,0.442218798151002,0.618683001531394,0.553054662379421,0.00470219435736677,0.465331278890601,0.440625,0.561320754716981,0.623622047244095,0.442834138486312,0.0064,0.822784810126582,0.556962025316456,0.727272727272727,0.579192546583851,0.765923566878981,0.563748079877112,0.46,0.543511450381679,0.539781591263651,0.447619047619048,0.572755417956656,0.54559748427673,0.567092651757188,0.545454545454545,0.550156739811912,0.614664586583463,0.696825396825397,0.5584,0.584142394822006,0.0309597523219814,0.56386292834891,0.570542635658915,0.510077519379845,0.582701062215478,0.547987616099071,0.552755905511811,0.574568288854003,0.691943127962085,0.545038167938931,0.545741324921136,0.583203732503888,0.564263322884012,0.0062992125984252,0.633181126331811,0.846153846153846,0.470957613814757,0.0340557275541796,0.452160493827161,0.585403726708075,0.453125,0.449768160741886,0.00617283950617284,0.549450549450549,0.549050632911392,0.522550544323484,0.563106796116505,0.58125,0.548183254344392,0.723101265822785,0.703703703703704,0.64251968503937,0.567434210526316,0.00464396284829721,0.62888198757764,0.450617283950617,0.45679012345679,0.616822429906542,0.559618441971383,0.453543307086614,0.00625,0.650393700787402,0.450155763239875,0.46984126984127,0.605055292259084,0.542586750788643,0.567567567567568,0.543230016313214,0.557299843014129,0.0046875,0.545045045045045,0.446808510638298,0.560371517027864,0.644409937888199,0.560457516339869,0.465116279069767,0.570769230769231,0.441497659906396,0.583201267828843,0.647058823529412,0.578125,0.571205007824726,0.546021840873635,0.684375,0.578616352201258,0.51937984496124,0.454545454545455,0.457231726283048,0.538950715421304,0.54375,0.570754716981132,0.565217391304348,0.580128205128205,0.593846153846154,0.538699690402477,0.0016,0.509554140127389,0.543478260869565,0.452978056426332,0.00636942675159236,0.566718995290424,0.0111821086261981,0.46474358974359,0.542813455657492,0.575471698113208,0.00625978090766823,0.9359375,0.60031847133758,0.576190476190476,0.441082802547771,0.589257503949447,0.537096774193548,0.661490683229814,0.857585139318885,0.658767772511848,0.0031201248049922,0.601910828025478,0.558213716108453,0.555031446540881,0.592476489028213,0.541925465838509,0.540362438220758,0.47581903276131,0.00313479623824451,0.571428571428571,0.545741324921136,0.580398162327718,0.617283950617284,0.4496,0.638364779874214,0.537750385208012,0.629690048939641,0.00619195046439629,0.640127388535032,0.666141732283465,0.644376899696049,0.00309119010819165,0.573248407643312,0.598116169544741,0.645259938837921,0.612307692307692,0.486404833836858,0.00464396284829721,0.00459418070444104,0.54559043348281,0.555725190839695,0.0047244094488189,0.607476635514019,0.00956937799043062,0.00302571860816944,0.00476190476190476,0.54066985645933,0.0031104199066874,0.568,0.760697305863708,0.969418960244648,0.537037037037037,0.00474683544303797,0.00317460317460317,0.5375,0.575113808801214,0.674884437596302,0.443251533742331,0.00481540930979133,0.644961240310078,0.857585139318885,0.562893081761006,0.603658536585366,0.582159624413146,0.00304878048780488,0.560250391236307,0.455858747993579,0.5872,0.488188976377953,0.00460122699386503,0.452453987730061,0.544728434504792,0.575907590759076,0.541795665634675,0.0061633281972265,0.596330275229358,0.5671875,0.533646322378717,0.00628930817610063,0.492845786963434,0.550561797752809,0.473597359735974,0.54364471669219,0.54773082942097,0.450704225352113,0.536209553158706,0.722135007849294,0.6953125,0.467289719626168,0.6224,0.585023400936037,0.00955414012738853,0.460218408736349,0.572530864197531,0.459069020866774,0.682182985553772,0.576744186046512,0.00613496932515337,0.498461538461538,0.643642072213501,0.6890625,0.563467492260062,0.438871473354232,0.513097072419106,0.62012987012987,0.584615384615385,0.597542242703533,0.575471698113208,0.646687697160883,0.00636942675159236,0.566412213740458,0.46,0.538819875776398,0.817034700315457,0.454961832061069,0.539308176100629,0.553968253968254,0.541213063763608,0.584786053882726,0.553125,0.565560821484992,0.6352,0.598755832037325,0.655763239875389,0.00460829493087558,0.00474683544303797,0.553090332805071,0.566188197767145,0.447619047619048,0.569157392686804,0.562305295950156,0.80690737833595,0.607655502392344,0.763116057233704,0.638972809667674,0.00612557427258806,0.571875,0.775157232704403,0.538699690402477,0.525741029641186,0.00613496932515337,0.679425837320574,0.562300319488818,0.44811320754717,0.652931854199683,0.584786053882726,0.635135135135135,0.66131621187801,0.569908814589666,0.493939393939394,0.565286624203822,0.55748031496063,0.565830721003135,0.7408,0.535433070866142,0.561815336463224,0.549689440993789,0.00921658986175115,0.653312788906009,0.633846153846154,0.543478260869565,0.652996845425868,0.5390625,0.613672496025437,0.54,0.221362229102167,0.455429497568882,0.0061633281972265,0.647151898734177,0.448553054662379,0.447077409162717,0.573692551505547,0.00627943485086342,0.572769953051643,0.604037267080745,0.55188679245283,0.568778979907264,0.507861635220126,0.466981132075472,0.00308166409861325,0.0062015503875969,0.592592592592593,0.504746835443038,0.5103668261563,0.00622083981337481,0.438080495356037,0.534883720930233,0.19188767550702,0.72972972972973,0.562599049128368,0.967032967032967,0.562101910828026,0.663551401869159,0.660030627871363,0.00308166409861325,0.537764350453172,0.829073482428115,0.876777251184834,0.606758832565284,0.550613496932515,0.651234567901235,0.0108359133126935,0.588050314465409,0.598461538461538,0.00462962962962963,0.538694992412747,0.462962962962963,0.566068515497553,0.614307931570762,0.00627943485086342,0.00772797527047913,0.876221498371335,0.649842271293375,0.453834115805947,0.5344,0.0108864696734059,0.00654664484451719,0.613981762917933,0.465408805031447,0.537190082644628,0.590417310664606,0.56441717791411,0.450769230769231,0.583333333333333,0.525396825396825,0.639240506329114,0.522801302931596,0.469767441860465,0.00622083981337481,0.465079365079365,0.00473186119873817,0.537383177570093,0.410339256865913,0.561456752655539,0.457231726283048,0.553225806451613,0.00306278713629403,0.617378048780488,0.665615141955836,0.555031446540881,0.00641025641025641,0.551459293394777,0.00481540930979133,0.591572123176661,0.546165884194053,0.0060790273556231,0.903076923076923,0.555023923444976,0.582159624413146,0.578696343402226,0.464012251148545,0.00470957613814757,0.540031397174254,0.537007874015748,0.00308641975308642,0.667177914110429,0.446776611694153,0.448540706605223,0.536891679748823,0.540412044374009,0.542553191489362,0.549606299212598,0.546456692913386,0.00313971742543171,0.561514195583596,0.0153846153846154,0.801223241590214,0.561320754716981,0.55177743431221,0.538819875776398,0.549923195084485,0.553459119496855,0.0658307210031348,0.474258970358814,0.567699836867863,0.584234930448223,0.652173913043478,0.565485362095532,0.543343653250774,0.580495356037152,0.00613496932515337,0.00459418070444104,0.559043348281016,0.00455927051671732,0.491577335375191,0.00623052959501558,0.587677725118483,0.553772070626003,0.534920634920635,0.524539877300613,0.594294770206022,0.0046583850931677,0.533950617283951,0.538940809968847,0.561815336463224,0.681047765793529,0.81437125748503,0.566666666666667,0.522935779816514,0.589622641509434,0.441538461538462,0.495384615384615,0.883280757097792,0.555379746835443,0.643856920684292,0.461300309597523,0.00477707006369427,0.44006309148265,0.765451664025357,0.538216560509554,0.776744186046512,0.654135338345865,0.644409937888199,0.636923076923077,0.548686244204019,0.579804560260586,0.557692307692308,0.549050632911392,0.553125,0.635220125786163,0.590490797546012,0.550702028081123,0.464767616191904,0.459752321981424,0.618153364632238,0.0123647604327666,0.542056074766355,0.534375,0.00476190476190476,0.553945249597424,0.0062111801242236,0.575235109717868,0.00644122383252818,0.569182389937107,0.554347826086957,0.44969512195122,0.641390205371248,0.540958268933539,0.845659163987138,0.782270606531882,0.6656,0.00463678516228748,0.00625978090766823,0.584967320261438,0.591445427728614,0.557427258805513,0.00457317073170732,0.0031104199066874,0.446945337620579,0.545454545454545,0.612055641421947,0.00460122699386503,0.609302325581395,0.00309119010819165,0.586538461538462,0.55177743431221,0.560629921259843,0.570336391437309,0.00459418070444104,0.584905660377358,0.613458528951487,0.578199052132701,0.560790273556231,0.731481481481482,0.444790046656299,0.564516129032258,0.0590111642743222,0.548335974643423,0.00478468899521531,0.54601226993865,0.00921658986175115,0.539936102236422,0.464454976303318,0.298076923076923,0.00465116279069767,0.00482315112540193,0.599378881987578,0.577170418006431,0.600624024960998,0.650306748466258,0.46412213740458,0.449206349206349,0.595975232198142,0.52959028831563,0,0.460443037974684,0.563380281690141,0.0046656298600311,0.538095238095238,0.58,0.482866043613707,0.0248447204968944,0.442006269592476,0.541984732824427,0.576862123613312,0.485086342229199,0.512987012987013,0.511627906976744,0.667205169628433,0.528700906344411,0.564742589703588,0.00476190476190476,0.679873217115689,0.53587786259542,0.0078125,0.00626959247648903,0.45045045045045,0.00313971742543171,0.459247648902821,0.540458015267176,0.650641025641026,0.462025316455696,0.444267515923567,1,0.57345971563981,0.650695517774343,0.0383435582822086,0.453074433656958,0.0669934640522876,0.0233644859813084,0.00634920634920635,0.391849529780564,0.441754916792738,0.4528,0.460815047021944,0.448484848484848,0.0314465408805031,0.0398773006134969,0.465732087227414,0.0189274447949527,0.012779552715655,0.0371517027863777,0.0217729393468118,0.0321592649310873,0.461778471138846,0.023696682464455,0.441935483870968,0.469194312796209,0.0332278481012658,0.457231726283048,0.0504587155963303,0.456488549618321,0.447900466562986,0.453172205438066,0.451664025356577
"230",0.550955414012739,0.546728971962617,0.56989247311828,0.578778135048232,0.563779527559055,0.55111821086262,0.56043956043956,0.571428571428571,0.558282208588957,0,0.547286821705426,0,0.605263157894737,0.545886075949367,0.489891135303266,0.455950540958269,0,0.00788643533123028,0.547049441786284,0.569659442724458,0.523809523809524,0.474193548387097,0.541795665634675,0,0.562305295950156,0.52276295133438,0.482484076433121,0.549363057324841,0.587057010785824,0.582043343653251,0.450617283950617,0.644859813084112,0.635071090047393,0.516746411483254,0,0.550079491255962,0.012326656394453,0.554868624420402,0.536098310291859,0.549230769230769,0,0.0061633281972265,0.00154798761609907,0.543859649122807,0.594202898550725,0.484076433121019,0.58609794628752,0.45226917057903,0.651376146788991,0.50229709035222,0,0.549450549450549,0.552307692307692,0.550239234449761,0.548989113530327,0.606060606060606,0,0.556451612903226,0.549141965678627,0.616692426584235,0.530232558139535,0.571865443425077,0.466353677621283,0,0.568218298555377,0.567901234567901,0,0.537124802527646,0,0.4432,0.572964669738863,0.468847352024922,0.446708463949843,0.54953560371517,0,0.629800307219662,0.485407066052227,0.607751937984496,0.576243980738363,0.703947368421053,0,0.625,0.496894409937888,0.532407407407407,0.509230769230769,0.584496124031008,0.559561128526646,0.558869701726845,0.561728395061728,0.00305343511450382,0.543478260869565,0.542944785276074,0,0,0.578274760383387,0,0.527047913446677,0.585780525502318,0,0.00155038759689922,0.571870170015456,0,0.556603773584906,0.526315789473684,0.506172839506173,0.547619047619048,0.00469483568075117,0.543887147335423,0.456692913385827,0.445497630331754,0.446483180428135,0.549363057324841,0.785266457680251,0.56055900621118,0,0.563165905631659,0.638198757763975,0,0.449074074074074,0.554858934169279,0,0.640944881889764,0.542452830188679,0.483516483516484,0.560185185185185,0.471228615863142,0.553191489361702,0.541341653666147,0,0.563664596273292,0.576086956521739,0.559561128526646,0.544283413848631,0,0.548644338118022,0.475535168195719,0,0.543859649122807,0.623824451410658,0.574638844301766,0,0,0.574766355140187,0.612852664576803,0.484992101105845,0.54858934169279,0.448979591836735,0.571207430340557,0.875,0.564220183486238,0.521035598705502,0.549763033175355,0.544444444444444,0.603125,0.555905511811024,0.457869634340223,0.551987767584098,0.452119309262166,0,0.601895734597156,0.575342465753425,0.553654743390358,0.491472868217054,0,0.552671755725191,0.62843295638126,0.552922590837283,0.542242703533026,0.551937984496124,0.51840490797546,0.574102964118565,0.452830188679245,0.564296520423601,0.453996983408748,0.584664536741214,0.573872472783826,0,0.565830721003135,0,0.599063962558502,0.537735849056604,0.494470774091627,0.580495356037152,0.572542901716069,0.555722891566265,0.543076923076923,0.551401869158878,0.820433436532508,0.590032154340836,0.57487922705314,0.461538461538462,0.451713395638629,0.577106518282989,0.566615620214395,0,0,0.543720190779014,0,0.541856925418569,0.703076923076923,0.568881685575365,0.602739726027397,0.56030534351145,0.591772151898734,0.570542635658915,0.547923322683706,0.61189358372457,0.545886075949367,0.590769230769231,0,0.547286821705426,0.521739130434783,0.589257503949447,0.454545454545455,0.461068702290076,0.56786271450858,0.549450549450549,0.553488372093023,0.625391849529781,0.54858934169279,0.575427682737169,0,0.473354231974922,0.589939024390244,0.557299843014129,0,0.561538461538462,0.544764795144158,0.561622464898596,1,0.559375,0.53968253968254,0.526813880126183,0,0.570776255707763,0.65511811023622,0.561797752808989,0.459501557632399,0.570542635658915,0.545878693623639,0.537984496124031,0.564814814814815,0.729357798165138,0.482428115015974,0.570977917981073,0.586153846153846,0.451367781155015,0.441930618401207,0.511217948717949,0.461778471138846,0.519169329073482,0.591614906832298,0.444272445820433,0.454121306376361,0.439749608763693,0.581288343558282,0.450320512820513,0.55748031496063,0.00477707006369427,0.44811320754717,0,0.517996870109546,0.545886075949367,0.567026194144838,0.568111455108359,0,0.584814216478191,0.563380281690141,0.6198738170347,0.656739811912226,0.599378881987578,0.556603773584906,0.00465116279069767,0.549206349206349,0.503115264797508,0.635483870967742,0.5600624024961,0.461059190031153,0.576982892690513,0.459375,0.523510971786834,0.547511312217195,0.555374592833876,0.557165861513688,0,0.590342679127726,0.550955414012739,0,0.447204968944099,0.572530864197531,0.568253968253968,0,0.448012232415902,0.444272445820433,0.584251968503937,0.623188405797101,0.453396524486572,0,0.548489666136725,0.56,0.582434514637905,0.856692913385827,0.572347266881029,0.593272171253823,0.463722397476341,0.541984732824427,0.540832049306626,0.461658841940532,0.56859756097561,0.557781201848998,0.5744,0.547581903276131,0.553968253968254,0.553680981595092,0.528771384136858,0.550239234449761,0.570048309178744,0.0277777777777778,0.563091482649842,0.584758942457232,0.513178294573643,0.579425113464448,0.554330708661417,0.533227848101266,0.564541213063764,0.586370839936609,0.532407407407407,0.538819875776398,0.564814814814815,0.536050156739812,0,0.563467492260062,0.567479674796748,0.465625,0.0232198142414861,0.44954128440367,0.609984399375975,0.481424148606811,0.453703703703704,0,0.559006211180124,0.553291536050157,0.482919254658385,0.564437194127243,0.56832298136646,0.555205047318612,0.553822152886115,0.545746388443018,0.594594594594595,1,0,0.586854460093897,0.460587326120556,0.478593272171254,0.529320987654321,0.543581616481775,0.458588957055215,0,0.55177743431221,0.470496894409938,0.471048513302034,0.569640062597809,0.542721518987342,0.673076923076923,0.534621578099839,0.53343949044586,0,0.533532041728763,0.458914728682171,0.546707503828484,0.571207430340557,0.547231270358306,0.449920508744038,0.543778801843318,0.458786936236392,0.559055118110236,0.661881977671451,0.546153846153846,0.545454545454545,0.537735849056604,0.555209953343701,0.563291139240506,0.54531490015361,0.457186544342508,0.457680250783699,0.545886075949367,0.53953488372093,0.712286158631415,0.5578125,0.540098199672668,0.584876543209877,0.544753086419753,0,0.569157392686804,0.547286821705426,0.457680250783699,0,0.558917197452229,0.00475435816164818,0.487261146496815,0.540958268933539,0.563291139240506,0,0.553090332805071,0.561708860759494,0.549763033175355,0.44391785150079,0.615262321144674,0.545746388443018,0.570522979397781,0.587423312883436,0.628019323671498,0,0.523961661341853,0.553459119496855,0.554675118858954,0.590979782270607,0.551829268292683,0.546052631578947,0.465625,0.00155763239875389,0.558320373250389,0.545171339563863,0.58125,0.590697674418605,0.450079239302694,0.568,0.515479876160991,0.495049504950495,0.0015625,0.626391096979332,0.558359621451104,0.616588419405321,0,0.723747980613893,0.568965517241379,0.615740740740741,0.690292758089368,0.540983606557377,0,0,0.538922155688623,0.555727554179567,0,0.561514195583596,0.00314465408805031,0,0,0.542130365659777,0,0.567567567567568,0.537151702786378,0.576744186046512,0.533434650455927,0,0,0.56055900621118,0.572289156626506,0.648690292758089,0.453689167974882,0,0.561162079510703,0.582689335394127,0.547581903276131,0.610510046367852,0.786963434022258,0,0.549923195084485,0.450479233226837,0.576433121019108,0.528571428571429,0,0.453004622496148,0.478605388272583,0.52442996742671,0.5625,0,0.570107858243451,0.553323029366306,0.544901065449011,0,0.520504731861199,0.554817275747508,0.475961538461538,0.549770290964778,0.536697247706422,0.460342146189736,0.538102643856921,0.5734375,0.569908814589666,0.472266244057052,0.498387096774194,0.5796875,0.003125,0.44811320754717,0.56386292834891,0.480769230769231,0.666666666666667,0.554502369668246,0,0.510140405616225,0.607594936708861,0.563271604938272,0.570552147239264,0.450155763239875,0.525037936267071,0.574468085106383,0.582822085889571,0.608294930875576,0.561320754716981,0.592417061611374,0,0.548091603053435,0.455384615384615,0.545171339563863,0.544871794871795,0.461305007587253,0.555045871559633,0.562596599690881,0.544444444444444,0.614649681528662,0.565217391304348,0.503164556962025,0.51875,0.553822152886115,0.546165884194053,0,0,0.557661927330174,0.565495207667732,0.464114832535885,0.564263322884012,0.557120500782473,0.561815336463224,0.570754716981132,0.56687898089172,0.54601226993865,0,0.555209953343701,0.528391167192429,0.537124802527646,0.541269841269841,0,0.60093896713615,0.559618441971383,0.45958795562599,0.610759493670886,0.688473520249221,0.570359281437126,0.650943396226415,0.579425113464448,0.479452054794521,0.569875776397516,0.55205047318612,0.564341085271318,0.526570048309179,0.467592592592593,0.545736434108527,0.558823529411765,0.00306748466257669,0.592424242424242,0.536776212832551,0.667189952904239,0.599078341013825,0.544461778471139,0.596244131455399,0.544323483670295,0.130434782608696,0.440261865793781,0,0.613312202852615,0.455271565495208,0.446511627906977,0.7046875,0,0.55607476635514,0.597243491577335,0.549689440993789,0.54531490015361,0.477093206951027,0.463223787167449,0,0,0.528455284552846,0.484423676012461,0.560250391236307,0,0.463678516228748,0.531055900621118,0.21765601217656,0.56418383518225,0.539432176656151,0.566096423017107,0.562009419152276,0.663076923076923,0.603030303030303,0,0.556221889055472,0.575806451612903,0.579029733959311,0.573394495412844,0.559875583203733,0.582043343653251,0.00625978090766823,0.568965517241379,0.569018404907976,0,0.56832298136646,0.440860215053763,0.551554828150573,0.537750385208012,0,0.0015625,0.586319218241042,0.608,0.4609375,0.554119547657512,0.00313479623824451,0,0.625187406296852,0.45141065830721,0.532125205930807,0.771121351766513,0.554033485540335,0.452713178294574,0.53858024691358,0.523885350318471,0.590690208667737,0.463651050080775,0.45625,0,0.459459459459459,0,0.546423135464231,0.390953150242326,0.57934131736527,0.463722397476341,0.549450549450549,0,0.602150537634409,0.588697017268446,0.540284360189573,0,0.556589147286822,0,0.756756756756757,0.552147239263804,0,0.56221198156682,0.563291139240506,0.601880877742947,0.562401263823065,0.476851851851852,0,0.552631578947368,0.641065830721003,0,0.625386996904025,0.444613050075873,0.446153846153846,0.546456692913386,0.550632911392405,0.559270516717325,0.571875,0.556618819776715,0,0.548031496062992,0.0139103554868624,0.538109756097561,0.686427457098284,0.562596599690881,0.553323029366306,0.564885496183206,0.543778801843318,0.0477657935285054,0.478672985781991,0.545454545454545,0.566820276497696,0.581679389312977,0.5546875,0.531490015360983,0.547169811320755,0,0,0.551569506726457,0,0.45468509984639,0,0.537984496124031,0.685714285714286,0.514423076923077,0.513719512195122,0.575039494470774,0,0.512937595129376,0.548286604361371,0.553680981595092,0.63125,0.583963691376702,0.520958083832335,0.62962962962963,0.59904912836767,0.454407294832827,0.489096573208723,0.5796875,0.542319749216301,0.595975232198142,0.442040185471406,0,0.454976303317536,0.525396825396825,0.542264752791069,0.552755905511811,0.533232628398791,0.5984375,0.591263650546022,0.531202435312024,0.579617834394904,0.549606299212598,0.556089743589744,0.544585987261146,0.691455696202532,0.795348837209302,0.52639751552795,0.464179104477612,0.450892857142857,0.596273291925466,0.00460829493087558,0.563358778625954,0.552307692307692,0,0.47258064516129,0,0.58740157480315,0,0.559505409582689,0.555900621118012,0.456656346749226,0.577881619937695,0.542503863987635,0.564263322884012,0.597222222222222,0.551724137931034,0,0,0.57395498392283,0.583081570996979,0.570532915360502,0,0,0.435406698564593,0.555725190839695,0.567441860465116,0,0.688291139240506,0,0.58664546899841,0.549520766773163,0.499229583975347,0.512307692307692,0,0.730586370839937,0.614896988906498,0.558139534883721,0.572530864197531,0.59472049689441,0.460093896713615,0.564019448946515,0.063391442155309,0.541666666666667,0,0.556221889055472,0.0031496062992126,0.544426494345719,0.464788732394366,0.2992,0,0,0.609642301710731,0.568690095846645,0.555900621118012,0.583206106870229,0.467175572519084,0.445151033386327,0.576138147566719,0.56752655538695,0,0.472783825816485,0.551724137931034,0,0.55111821086262,0.552036199095023,0.4765625,0.0157728706624606,0.454545454545455,0.539050535987749,0.89047619047619,0.4765625,0.51294498381877,0.55054432348367,0.646203554119548,0.478328173374613,0.551181102362205,0,0.5796875,0.565625,0.00158478605388273,0,0.456325301204819,0,0.4546875,0.55054432348367,0.566666666666667,0.457680250783699,0.463607594936709,0.56782334384858,0.565977742448331,0.580745341614907,0.0198776758409786,0.435534591194969,0.0596774193548387,0.0204081632653061,0,0.402190923317684,0.43161094224924,0.449139280125196,0.455108359133127,0.447692307692308,0.0172955974842767,0.0261136712749616,0.463949843260188,0.0172684458398744,0.008,0.0324574961360124,0.0203442879499218,0.0233281493001555,0.463949843260188,0.021671826625387,0.462519936204147,0.458730158730159,0.0224719101123595,0.460218408736349,0.0398773006134969,0.459752321981424,0.434850863422292,0.45565749235474,0.452566096423017
"231",0.98876404494382,0.988941548183254,0.956656346749226,0.9296,0.975806451612903,0.99198717948718,0.891167192429022,0.963549920760697,0.990668740279938,0,0.993610223642173,0,0.5625,0.992012779552716,0.0516431924882629,0.0187207488299532,0,0.0141732283464567,0.990369181380417,0.972179289026275,0.175355450236967,0.0395387149917628,0.977952755905512,0,0.949230769230769,0.25314465408805,0.1287284144427,0.979133226324238,0.466153846153846,0.692667706708268,0.0110062893081761,0.680445151033386,0.769354838709677,0.305246422893482,0,0.992125984251969,0.0185471406491499,0.993827160493827,0.265060240963855,0.914728682170543,0.00160771704180064,0.0139968895800933,0.00784929356357928,0.990521327014218,0.773095623987034,0.0304975922953451,0.518867924528302,0.0094488188976378,0.474576271186441,0.140215716486903,0,0.988924050632911,0.281200631911532,0.988871224165342,0.877388535031847,0.168789808917197,0,0.978998384491115,0.951026856240126,0.8921875,0.310832025117739,0.44131455399061,0.00967741935483871,0,0.891410048622366,0.818885448916409,0,0.977707006369427,0,0.00955414012738853,0.847962382445141,0.0156985871271586,0.0282131661442006,0.9953125,0,0.711864406779661,0.0485133020344288,0.573208722741433,0.890322580645161,0.266666666666667,0,0.702325581395349,0.209627329192547,0.989130434782609,0.111635220125786,0.903426791277259,0.984496124031008,0.96417445482866,0.961300309597523,0.0139751552795031,0.977346278317152,0.987460815047022,0,0,0.969354838709677,0,0.299373040752351,0.973186119873817,0.00934579439252336,0.0110935023771791,0.621283255086072,0,0.286846275752773,0.987138263665595,0.108527131782946,0.990445859872611,0.0128410914927769,0.968553459119497,0.0111821086261981,0.0158227848101266,0.0187793427230047,0.899212598425197,0.335463258785943,0.981191222570533,0,0.973966309341501,0.703937007874016,0,0.0109375,0.22488038277512,0,0.764705882352941,0.255924170616114,0.0996784565916399,0.965244865718799,0.156985871271586,0.986111111111111,0.982892690513219,0,0.546728971962617,0.927444794952681,0.4896331738437,0.975649350649351,0,0.98538961038961,0.0310077519379845,0,0.2272,0.633333333333333,0.520504731861199,0,0,0.967084639498433,0.756410256410256,0.159677419354839,0.990625,0.0175718849840256,0.925465838509317,0.414790996784566,0.970814132104455,0.1421647819063,0.973058637083994,0.988673139158576,0.828926905132193,0.985915492957746,0.0113085621970921,0.9875,0.00784929356357928,0,0.730031948881789,0.856697819314642,0.981308411214953,0.0295489891135303,0,0.987654320987654,0.454545454545455,0.988486842105263,0.99211356466877,0.9875,0.315384615384615,0.964006259780908,0.0126382306477093,0.941807044410414,0.0105421686746988,0.880573248407643,0.375394321766562,0,0.976340694006309,0,0.843167701863354,0.990595611285266,0.133647798742138,0.970496894409938,0.938193343898574,0.98936170212766,0.965996908809892,0.110410094637224,0.38145896656535,0.909836065573771,0.936204146730462,0.063391442155309,0.015600624024961,0.971153846153846,0.854489164086687,0,0,0.299684542586751,0.00158730158730159,0.989180834621329,0.254601226993865,0.865384615384615,0.753488372093023,0.980030721966206,0.432907348242812,0.426810477657935,0.301435406698565,0.906050955414013,0.955414012738854,0.871674491392801,0,0.877358490566038,0.187702265372168,0.932692307692308,0.00958466453674121,0.0781010719754977,0.541795665634675,0.971653543307087,0.967391304347826,0.825878594249201,0.990521327014218,0.884493670886076,0,0.0817610062893082,0.656923076923077,0.987138263665595,0,0.983206106870229,0.974124809741248,0.550632911392405,0.559375,1,0.99341021416804,0.371428571428571,0,0.883720930232558,0.521462639109698,0.96474358974359,0.00947867298578199,0.948916408668731,0.987361769352291,0.9890625,0.944267515923567,0.547140649149923,0.0126182965299685,0.960753532182104,0.5390625,0.013677811550152,0.00613496932515337,0.199685534591195,0.0111464968152866,0.166134185303514,0.680124223602484,0.0125,0.0123647604327666,0.0189274447949527,0.593220338983051,0.0479233226837061,0.975961538461538,0.0142857142857143,0.00628930817610063,0,0.229665071770335,0.988853503184713,0.966876971608833,0.889240506329114,0,0.86547811993517,0.848200312989045,0.676703645007924,0.594043887147335,0.459247648902821,0.440894568690096,0.013953488372093,0.987281399046105,0.0981012658227848,0.688925081433225,0.954258675078864,0.0205047318611987,0.746081504702194,0.0110236220472441,0.134674922600619,0.990895295902883,0.990180032733224,0.89171974522293,0,0.644615384615385,0.884375,0,0.00778816199376947,0.889400921658986,0.967793880837359,0,0.0123456790123457,0.0110236220472441,0.975806451612903,0.871794871794872,0.00809061488673139,0,0.397798742138365,0.9808,0.783742331288344,0.404984423676012,0.655063291139241,0.943164362519201,0.0204081632653061,0.990811638591118,0.988888888888889,0.016,0.957878315132605,0.990476190476191,0.982315112540193,0.989010989010989,0.188197767145136,0.332807570977918,0.291079812206573,0.969354838709677,0.93192868719611,0.0455259026687598,0.252019386106624,0.967084639498433,0.163551401869159,0.297546012269939,0.987421383647799,0.988958990536278,0.957746478873239,0.690095846645367,0.989164086687306,0.233974358974359,0.9578125,0.993589743589744,0,0.340030911901082,0.558587479935794,0.0268987341772152,0.0528771384136858,0.021671826625387,0.907378335949764,0.0398773006134969,0.0109375,0,0.242236024844721,0.977707006369427,0.0762052877138414,0.975409836065574,0.959247648902821,0.9824,0.294488188976378,0.298722044728434,0.670295489891135,0.459504132231405,0,0.819620253164557,0.0247295208655332,0.0527950310559006,0.20625,0.990384615384615,0.0110584518167457,0,0.342146189735614,0.0202492211838006,0.0316957210776545,0.463492063492064,0.990461049284579,0.268921095008052,0.988543371522095,0.969551282051282,0,0.983630952380952,0.00934579439252336,0.987596899224806,0.825816485225505,0.991830065359477,0.0189873417721519,0.982945736434109,0.0109375,0.893416927899687,0.695721077654517,0.935384615384615,0.976415094339623,0.988906497622821,0.302839116719243,0.954041204437401,0.987654320987654,0.00920245398773006,0.0284810126582278,0.987480438184664,0.988906497622821,0.322222222222222,0.891849529780564,0.966074313408724,0.944012441679627,0.992223950233281,0,0.119935170178282,0.988941548183254,0.012779552715655,0,0.96411856474259,0.0128617363344051,0.0621019108280255,0.989164086687306,0.95748031496063,0.0048,0.624801271860095,0.430599369085173,0.970873786407767,0.00950871632329636,0.873801916932907,0.988782051282051,0.373397435897436,0.598755832037325,0.772870662460568,0,0.165869218500797,0.963492063492064,0.985691573926868,0.455555555555556,0.990783410138249,0.962046204620462,0.0410094637223975,0.00157977883096367,0.974921630094044,1,0.943037974683544,0.684451219512195,0.0190174326465927,0.853503184713376,0.249605055292259,0.183333333333333,0.00778816199376947,0.616613418530351,0.606687898089172,0.611635220125786,0,0.290375203915171,0.909090909090909,0.636645962732919,0.526315789473684,0.0900763358778626,0,0,0.98796992481203,0.98310291858679,0,0.912908242612753,0.0129659643435981,0,0,0.99194847020934,0,0.988835725677831,0.765625,0.523076923076923,0.990811638591118,0,0,0.982731554160126,0.954887218045113,0.717391304347826,0.00927357032457496,0.00318979266347687,0.876543209876543,0.604361370716511,0.98740157480315,0.539291217257319,0.353035143769968,0,0.973228346456693,0.0112,0.951845906902087,0.106451612903226,0,0.0139318885448916,0.1104,0.496742671009772,0.961059190031153,0,0.948678071539658,0.96411856474259,0.987361769352291,0,0.0854430379746835,0.936560934891486,0.0163934426229508,0.989164086687306,0.989079563182527,0.0172413793103448,0.993740219092332,0.300623052959502,0.795631825273011,0.0204081632653061,0.180094786729858,0.951788491446345,0.0126782884310618,0.0110410094637224,0.9671875,0.0162074554294976,0.663446054750403,0.393364928909953,0,0.121069182389937,0.730031948881789,0.260663507109005,0.968895800933126,0.0127186009538951,0.15600624024961,0.436988543371522,0.937116564417178,0.871715610510046,0.949921752738654,0.745980707395498,0,0.972006220839813,0.0123456790123457,0.971830985915493,0.389885807504078,0.00934579439252336,0.989028213166144,0.988958990536278,0.99203821656051,0.641269841269841,0.97339593114241,0.135265700483092,0.197802197802198,0.943307086614173,0.8765625,0,0,0.97588424437299,0.923076923076923,0.0257648953301127,0.9792663476874,0.9828125,0.354489164086687,0.920792079207921,0.722044728434505,0.883720930232558,0,0.956112852664577,0.339171974522293,0.988976377952756,0.990521327014218,0,0.629746835443038,0.962479608482871,0.0112,0.68503937007874,0.376175548589342,0.790591805766313,0.682258064516129,0.948640483383686,0.0980091883614089,0.977309562398703,0.988941548183254,0.97196261682243,0.2992,0.105345911949686,0.978260869565217,0.989147286821705,0.00938967136150235,0.769706336939722,0.457364341085271,0.254716981132075,0.7648,0.990445859872611,0.874603174603175,0.989197530864197,0.125386996904025,0.00991735537190083,0,0.818471337579618,0.0126582278481013,0.009375,0.274844720496894,0,0.979813664596273,0.904984423676013,0.992150706436421,0.986089644513138,0.106750392464678,0.0125984251968504,0,0,0.1792,0.0936507936507937,0.168238993710692,0,0.00634920634920635,0.987480438184664,0.0122887864823349,0.297427652733119,0.9936,0.589257503949447,0.965299684542587,0.642414860681115,0.632872503840246,0,0.987951807228916,0.392063492063492,0.496050552922591,0.91705069124424,0.978560490045942,0.400921658986175,0.0125391849529781,0.94006309148265,0.948757763975155,0,0.960365853658537,0.0268987341772152,0.97752808988764,0.420221169036335,0,0.0110062893081761,0.523654159869494,0.837579617834395,0.0093167701863354,0.129186602870813,0.0141509433962264,0.00162337662337662,0.741984732824427,0.0301587301587302,0.990196078431373,0.321428571428571,0.986024844720497,0.00927357032457496,0.381538461538462,0.330683624801272,0.860162601626016,0.106796116504854,0.0126782884310618,0.003125,0.0542264752791069,0,0.986363636363636,0.0455284552845528,0.97112462006079,0.0141955835962145,0.990322580645161,0,0.516279069767442,0.465489566613162,0.990521327014218,0,0.992378048780488,0,0.392857142857143,0.978193146417445,0,0.653312788906009,0.978227060653188,0.747235387045814,0.939102564102564,0.0400616332819723,0,0.990595611285266,0.26038338658147,0,0.683881064162754,0.0107033639143731,0.0292758089368259,0.988888888888889,0.988976377952756,0.978527607361963,0.963722397476341,0.969502407704655,0,0.965571205007825,0.025,0.355828220858896,0.285046728971963,0.984520123839009,0.98740157480315,0.996904024767802,0.985915492957746,0.0516431924882629,0.026813880126183,0.975609756097561,0.950155763239875,0.717391304347826,0.971653543307087,0.988958990536278,0.966824644549763,0,0,0.990909090909091,0,0.0783410138248848,0,0.956318252730109,0.270531400966184,0.219512195121951,0.130841121495327,0.921011058451817,0,0.110759493670886,0.987361769352291,0.989045383411581,0.630672926447574,0.414414414414414,0.21203007518797,0.183800623052959,0.649206349206349,0.009375,0.132492113564669,0.5421875,0.251602564102564,0.699537750385208,0.0209677419354839,0,0.00801282051282051,0.327922077922078,0.991883116883117,0.629457364341085,0.23159509202454,0.619496855345912,0.866043613707165,0.99388379204893,0.94912559618442,0.97191887675507,0.987341772151899,0.990384615384615,0.556438791732909,0.418461538461538,0.987301587301587,0.0166919575113809,0.0181818181818182,0.86697965571205,0.0138888888888889,0.9890625,0.971742543171115,0,0.120915032679739,0,0.937694704049844,0,0.962323390894819,0.992138364779874,0.0171339563862928,0.829113924050633,0.989130434782609,0.653481012658228,0.625,0.877165354330709,0,0,0.924713584288052,0.934032983508246,0.977952755905512,0,0,0.0112721417069243,0.225856697819315,0.480376766091052,0,0.447784810126582,0,0.911858974358974,0.987381703470032,0.155309033280507,0.236220472440945,0,0.347687400318979,0.588888888888889,0.87797147385103,0.955792682926829,0.779527559055118,0.009375,0.97741935483871,0.0141287284144427,0.991830065359477,0,0.974006116207951,0.00933125972006221,0.99185667752443,0.033175355450237,0.0159489633173844,0,0,0.815336463223787,0.918269230769231,0.927357032457496,0.714064914992272,0.0359375,0.0179153094462541,0.819182389937107,0.842507645259939,0,0.0287081339712919,0.951845906902087,0,0.990369181380417,0.950233281493002,0.0633693972179289,0.0423861852433281,0.0126782884310618,0.990668740279938,0.466666666666667,0.0832025117739403,0.114331723027375,0.116169544740973,0.686900958466454,0.0987654320987654,0.990369181380417,0,0.753205128205128,0.975232198142415,0.0048,0,0.0091324200913242,0,0.0111464968152866,0.992138364779874,0.7136,0.00801282051282051,0.00952380952380952,0.530351437699681,0.947784810126582,0.434645669291339,0.0454545454545455,0.00814332247557003,0.0454545454545455,0.0190174326465927,0,0.0333863275039746,0.00916030534351145,0.0111464968152866,0.0154083204930663,0.0109204368174727,0.0479233226837061,0.0571870170015456,0.021875,0.0205047318611987,0.00482315112540193,0.0266875981161695,0.0247678018575851,0.0546021840873635,0.0125,0.0203442879499218,0.00801282051282051,0.0111821086261981,0.0416666666666667,0.0172413793103448,0.0265210608424337,0.0108864696734059,0.0395569620253165,0.0138888888888889,0.0078125
"232",0.996699669966997,1,0.971291866028708,0.939244663382594,0.981697171381032,1,0.88595041322314,0.970443349753695,1,0,1,0,0.570739549839228,1,0.0434083601286174,0.00797448165869218,0,0.0162866449511401,0.99670510708402,0.982084690553746,0.149350649350649,0.0336700336700337,0.988817891373802,0,0.96,0.25531914893617,0.112,0.987034035656402,0.450704225352113,0.706451612903226,0,0.685897435897436,0.761437908496732,0.282258064516129,0,1,0.0192307692307692,0.9967585089141,0.251177394034537,0.913249211356467,0.00164203612479475,0.0176848874598071,0.00797448165869218,1,0.784539473684211,0.0231788079470199,0.512315270935961,0,0.458786936236392,0.128526645768025,0,0.991869918699187,0.266881028938907,1,0.875,0.164763458401305,0,0.981727574750831,0.963607594936709,0.89968152866242,0.287319422150883,0.424960505529226,0,0,0.898858075040783,0.832528180354267,0,0.988691437802908,0,0,0.862123613312203,0.00642054574638844,0.0163398692810458,1,0,0.710031347962382,0.0475435816164818,0.584126984126984,0.891268533772652,0.262798634812287,0,0.70429252782194,0.214173228346457,0.998405103668262,0.106180665610143,0.90952380952381,0.995253164556962,0.963949843260188,0.966453674121406,0.0109034267912773,0.983974358974359,1,0,0,0.971807628524046,0,0.29746835443038,0.979099678456592,0.0096,0.0112721417069243,0.618122977346278,0,0.27841845140033,1,0.096875,1,0.00961538461538462,0.978998384491115,0,0.00809061488673139,0.00798722044728434,0.901294498381877,0.332268370607029,0.991869918699187,0,0.98389694041868,0.715210355987055,0,0,0.241491085899514,0,0.762987012987013,0.245192307692308,0.0702614379084967,0.97275641025641,0.152380952380952,0.996845425867508,0.9967585089141,0,0.537480063795853,0.935587761674718,0.5,0.991652754590985,0,0.99670510708402,0.0219435736677116,0,0.201612903225806,0.634304207119741,0.513201320132013,0,0,0.975649350649351,0.759677419354839,0.175,1,0.00486223662884927,0.924193548387097,0.410801963993453,0.981279251170047,0.136212624584718,0.982171799027553,1,0.837282780410742,0.9952,0,1,0,0,0.734959349593496,0.864,0.987321711568938,0.0191387559808612,0,1,0.435139573070608,1,1,1,0.284591194968553,0.976152623211447,0.0016260162601626,0.938775510204082,0,0.891760904684976,0.362459546925566,0,0.979397781299525,0,0.848142164781906,1,0.121753246753247,0.979462875197472,0.955271565495208,0.989312977099237,0.979495268138801,0.0996784565916399,0.368503937007874,0.927731092436975,0.942148760330578,0.0551948051948052,0.00480769230769231,0.980392156862745,0.85048231511254,0,0,0.297253634894992,0.00159489633173844,1,0.246081504702194,0.866336633663366,0.761146496815287,0.987381703470032,0.44264943457189,0.444267515923567,0.288998357963875,0.910112359550562,0.964573268921095,0.876602564102564,0,0.888535031847134,0.171666666666667,0.940495867768595,0,0.0677165354330709,0.531400966183575,0.984,0.973101265822785,0.818770226537217,0.998394863563403,0.891585760517799,0,0.07085346215781,0.640822784810127,0.995049504950495,0,0.991935483870968,0.979462875197472,0.545746388443018,0.53968253968254,0.99341021416804,1,0.359677419354839,0,0.877165354330709,0.515447154471545,0.96969696969697,0,0.95389507154213,0.998384491114701,1,0.947797716150082,0.529411764705882,0.00164203612479475,0.971518987341772,0.541062801932367,0.00313971742543171,0,0.190630048465267,0,0.141914191419142,0.666136724960254,0,0.00481540930979133,0.0111287758346582,0.593354430379747,0.037953795379538,0.985342019543974,0.0114192495921697,0,0,0.223127035830619,1,0.97752808988764,0.907496012759171,0,0.867986798679868,0.862992125984252,0.680713128038898,0.583732057416268,0.451718494271686,0.46515397082658,0.0110584518167457,1,0.0894819466248038,0.703333333333333,0.959349593495935,0.0144,0.758508914100486,0.00158982511923688,0.118858954041204,1,1,0.885245901639344,0,0.638364779874214,0.875202593192869,0,0,0.892063492063492,0.982171799027553,0,0.00159235668789809,0.00159235668789809,0.978040540540541,0.884176182707993,0,0,0.3744,0.986885245901639,0.79874213836478,0.389067524115756,0.672077922077922,0.955414012738854,0.0113268608414239,1,1,0.0065359477124183,0.969055374592834,1,0.980132450331126,0.996789727126806,0.190705128205128,0.308426073131955,0.277147487844408,0.975806451612903,0.933774834437086,0.0479233226837061,0.269789983844911,0.972624798711755,0.143312101910828,0.304347826086957,0.993610223642173,0.9967585089141,0.967845659163987,0.677049180327869,0.998425196850394,0.249589490968801,0.960876369327074,0.998371335504886,0,0.32695374800638,0.536423841059603,0.0176565008025682,0.0520504731861199,0.00317460317460317,0.911532385466035,0.0304487179487179,0,0,0.236245954692557,0.991883116883117,0.0638977635782748,0.981543624161074,0.9712,0.987138263665595,0.279220779220779,0.293823038397329,0.6736,0.451342281879195,0,0.822115384615385,0.0126782884310618,0.0425196850393701,0.193910256410256,1,0.00161550888529887,0,0.320063694267516,0.00961538461538462,0.0195121951219512,0.462932454695222,1,0.270049099836334,1,0.968954248366013,0,0.990683229813665,0,1,0.828478964401295,1,0.0113636363636364,0.984202211690363,0,0.894651539708266,0.705107084019769,0.955766192733017,0.985507246376812,0.996794871794872,0.285251215559157,0.964401294498382,1,0,0.024390243902439,1,1,0.31687898089172,0.89375,0.964765100671141,0.952,1,0,0.110197368421053,1,0,0,0.968543046357616,0.0115131578947368,0.0458265139116203,1,0.969551282051282,0.00483091787439614,0.617224880382775,0.416801292407108,0.978405315614618,0,0.873963515754561,0.996683250414594,0.367213114754098,0.608974358974359,0.786752827140549,0,0.15506329113924,0.975247524752475,0.998376623376623,0.446945337620579,1,0.976271186440678,0.0336538461538462,0.00161290322580645,0.982371794871795,0.995230524642289,0.951768488745981,0.6928,0.00487012987012987,0.862903225806452,0.235668789808917,0.159519725557461,0.00798722044728434,0.608414239482201,0.61038961038961,0.605769230769231,0,0.273170731707317,0.903752039151713,0.643769968051118,0.511848341232227,0.0781010719754977,0,0,1,0.9808,0,0.92443729903537,0.0114192495921697,0,0,0.998360655737705,0,1,0.768370607028754,0.520569620253165,1,0,0,0.991961414790997,0.958860759493671,0.711755233494364,0,0.00332778702163062,0.870866141732283,0.600644122383253,1,0.527733755942948,0.342062193126023,0,0.980551053484603,0,0.952224052718287,0.0913539967373573,0,0.0078003120124805,0.104404567699837,0.49415692821369,0.971608832807571,0,0.953125,0.977671451355662,1,0,0.0732899022801303,0.9375,0.00334448160535117,1,1,0.00803858520900321,1,0.293548387096774,0.811410459587956,0.00967741935483871,0.164473684210526,0.962722852512156,0.00970873786407767,0,0.97933227344992,0.00826446280991736,0.656910569105691,0.374183006535948,0,0.112,0.735632183908046,0.259319286871961,0.972624798711755,0,0.13946117274168,0.462809917355372,0.9453125,0.880877742946709,0.960330578512397,0.733224222585925,0,0.977812995245642,0,0.965853658536585,0.376237623762376,0,1,1,1,0.636661211129296,0.983974358974359,0.12214983713355,0.184514003294893,0.948717948717949,0.866559485530547,0,0,0.991721854304636,0.94336569579288,0.0129032258064516,0.988636363636364,0.990353697749196,0.375,0.930081300813008,0.72875816993464,0.877551020408163,0,0.972085385878489,0.332781456953642,1,0.998384491114701,0,0.636807817589576,0.974235104669887,0,0.67430441898527,0.3728,0.806552262090484,0.690048939641109,0.954968944099379,0.0897637795275591,0.985221674876847,1,0.975806451612903,0.284053156146179,0.0868167202572347,0.9904,1,0.00788643533123028,0.775641025641026,0.465709728867624,0.256410256410256,0.7632,1,0.880452342487884,1,0.122383252818035,0,0,0.808064516129032,0.00328947368421053,0,0.273021001615509,0,0.987117552334944,0.91496062992126,0.998389694041868,0.993670886075949,0.0919540229885057,0,0,0,0.175409836065574,0.0700325732899023,0.161500815660685,0,0,1,0.0094488188976378,0.2912,1,0.575806451612903,0.968852459016393,0.654631083202512,0.638535031847134,0,1,0.406099518459069,0.508169934640523,0.921974522292994,0.986046511627907,0.383627608346709,0.0111464968152866,0.950980392156863,0.955974842767296,0,0.967032967032967,0.0143312101910828,0.981574539363484,0.446054750402576,0,0.0112540192926045,0.517647058823529,0.838550247116969,0,0.140728476821192,0.0145631067961165,0.00166944908180301,0.752336448598131,0.0226537216828479,1,0.318110236220472,0.996860282574568,0,0.383386581469649,0.32626427406199,0.863036303630363,0.0986622073578595,0.00158982511923688,0.00324149108589951,0.0361842105263158,0,0.995319812792512,0.0385259631490787,0.979623824451411,0.0032626427406199,1,0,0.514285714285714,0.446054750402576,1,0,0.998422712933754,0,0.400335008375209,0.987361769352291,0,0.644904458598726,0.983922829581994,0.746753246753247,0.947540983606557,0.0380348652931854,0,1,0.272875816993464,0,0.685990338164251,0,0.0127388535031847,1,1,0.993710691823899,0.969453376205788,0.982286634460548,0,0.978964401294498,0.0221169036334913,0.349056603773585,0.283891547049442,0.991935483870968,0.990275526742301,0.995268138801262,0.992076069730586,0.0574162679425837,0.0163132137030995,0.979899497487437,0.958333333333333,0.724960254372019,0.979527559055118,1,0.972929936305732,0,0,0.987692307692308,0,0.0660225442834139,0,0.956239870340357,0.274744027303754,0.198675496688742,0.114779874213836,0.918962722852512,0,0.103559870550162,1,1,0.625806451612903,0.421875,0.222734254992319,0.181818181818182,0.65378421900161,0,0.1232,0.552504038772213,0.261290322580645,0.697347893915757,0.00487012987012987,0,0,0.312396694214876,1,0.615136876006441,0.211267605633803,0.618357487922705,0.86984126984127,0.993650793650794,0.964705882352941,0.975688816855754,1,0.998389694041868,0.536466774716369,0.420289855072464,0.998405103668262,0.00467289719626168,0.0078125,0.866559485530547,0.0111464968152866,1,0.971246006389776,0,0.111842105263158,0,0.948136142625608,0,0.97444089456869,1,0.00635930047694754,0.839285714285714,1,0.651239669421488,0.626409017713366,0.872990353697749,0,0,0.91846921797005,0.945736434108527,0.985507246376812,0,0,0,0.248427672955975,0.502431118314425,0,0.440650406504065,0,0.924092409240924,1,0.146341463414634,0.241324921135647,0,0.345276872964169,0.583739837398374,0.877221324717286,0.963836477987421,0.782608695652174,0,0.985221674876847,0.016260162601626,1,0,0.985981308411215,0.00977198697068404,1,0.0210355987055016,0.0114942528735632,0,0,0.815705128205128,0.924342105263158,0.93730407523511,0.72397476340694,0.0264797507788162,0.00327332242225859,0.83147853736089,0.829153605015674,0,0.017741935483871,0.967373572593801,0,0.991735537190083,0.95748031496063,0.0585365853658537,0.0401284109149278,0.0016025641025641,1,0.459637561779242,0.0795454545454545,0.102819237147595,0.115384615384615,0.690397350993378,0.0909090909090909,1,0,0.765472312703583,0.977952755905512,0.00488599348534202,0,0,0,0,1,0.718954248366013,0,0,0.540362438220758,0.961165048543689,0.415185783521809,0.0501567398119122,0.00164203612479475,0.0556464811783961,0.0191387559808612,0,0.0279146141215107,0.00615384615384615,0.00162866449511401,0.00947867298578199,0,0.0504065040650407,0.060126582278481,0.00955414012738853,0.0210355987055016,0.00487012987012987,0.0286168521462639,0.0272,0.0600315955766193,0.00321543408360129,0.0240384615384615,0,0.00323624595469256,0.0421393841166937,0.0048780487804878,0.0268987341772152,0,0.0338709677419355,0.0015600624024961,0.0016
"233",0.374800637958533,0.37111801242236,0.379256965944272,0.411111111111111,0.365971107544141,0.364649681528662,0.455974842767296,0.392125984251968,0.3359375,0.0175718849840256,0.356012658227848,0.01743264659271,0.586854460093897,0.359424920127796,0.632075471698113,0.635220125786163,0.0200927357032458,0.025518341307815,0.377813504823151,0.371653543307087,0.763693270735524,0.605519480519481,0.362229102167183,0.0203125,0.406885758998435,0.634185303514377,0.675675675675676,0.370967741935484,0.667185069984448,0.577952755905512,0.619783616692427,0.599378881987578,0.536858974358974,0.604724409448819,0.0172413793103448,0.350793650793651,0.0357142857142857,0.352755905511811,0.791158536585366,0.416923076923077,0.0192,0.01875,0.0248833592534992,0.356564019448947,0.531147540983607,0.638535031847134,0.563607085346216,0.619122257053291,0.65284178187404,0.66969696969697,0.020440251572327,0.357594936708861,0.721875,0.358730158730159,0.476114649681529,0.65615141955836,0.0177133655394525,0.394568690095847,0.384496124031008,0.440677966101695,0.618604651162791,0.663026521060842,0.6208,0.0192616372391653,0.452380952380952,0.510903426791277,0.0204081632653061,0.375198728139905,0.0171339563862928,0.607936507936508,0.410575427682737,0.6138147566719,0.638230647709321,0.354134165366615,0.0172413793103448,0.589230769230769,0.638759689922481,0.608557844690967,0.472929936305732,0.636060100166945,0.017741935483871,0.564615384615385,0.643856920684292,0.359327217125382,0.666144200626959,0.446676970633694,0.362654320987654,0.385579937304075,0.373065015479876,0.0200617283950617,0.366352201257862,0.345911949685535,0.0174050632911392,0.0157232704402516,0.389507154213037,0.0174880763116057,0.974921630094044,0.366197183098592,0.0200927357032458,0.0219092331768388,0.756756756756757,0.0202492211838006,0.806962025316456,0.34621578099839,0.711480362537764,0.357605177993528,0.0222929936305732,0.385579937304075,0.618066561014263,0.628526645768025,0.625,0.4448,0.645110410094637,0.362204724409449,0.016025641025641,0.374613003095975,0.575277337559429,0.0154320987654321,0.630744849445325,0.651898734177215,0.0166666666666667,0.547619047619048,0.803486529318542,0.631921824104234,0.382581648522551,0.659375,0.355140186915888,0.36517719568567,0.0206677265500795,0.817472698907956,0.426984126984127,0.621794871794872,0.36741214057508,0.0171073094867807,0.36231884057971,0.619047619047619,0.0172684458398744,0.81259842519685,0.521531100478469,0.844006568144499,0.0174880763116057,0.0176565008025682,0.3828125,0.550793650793651,0.663507109004739,0.350157728706625,0.625196850393701,0.424100156494523,0.598101265822785,0.363636363636364,0.762903225806452,0.35828025477707,0.353968253968254,0.469387755102041,0.363067292644757,0.608557844690967,0.3640625,0.619273301737757,0.0124416796267496,0.563492063492063,0.490683229813665,0.370486656200942,0.62015503875969,0.0185185185185185,0.349378881987578,0.634185303514377,0.361022364217252,0.372093023255814,0.354330708661417,0.594427244582043,0.37403400309119,0.625796178343949,0.398449612403101,0.617647058823529,0.4608,0.614664586583463,0.01743264659271,0.365625,0.0122887864823349,0.438569206842924,0.360062893081761,0.653418124006359,0.369905956112853,0.401869158878505,0.368181818181818,0.380216383307573,0.655608214849921,0.613104524180967,0.4336,0.432216905901116,0.651685393258427,0.622526636225266,0.383495145631068,0.492138364779874,0.0151057401812689,0.0207006369426752,0.855325914149444,0.0184899845916795,0.360983102918587,0.649230769230769,0.47588424437299,0.504672897196262,0.37037037037037,0.775157232704403,0.64,0.818327974276527,0.372611464968153,0.384370015948963,0.457098283931357,0.0186915887850467,0.459501557632399,0.790322580645161,0.394184168012924,0.625,0.645801526717557,0.819595645412131,0.375796178343949,0.38390092879257,0.510172143974961,0.359375,0.464454976303318,0.0173775671406003,0.65,0.599071207430341,0.369668246445498,0.0184331797235023,0.349606299212598,0.375951293759513,0.798425196850394,0.526813880126183,0.371428571428571,0.359677419354839,1,0.0192307692307692,0.45,0.624405705229794,0.391653290529695,0.619565217391304,0.384375,0.361736334405145,0.352484472049689,0.390822784810127,0.576086956521739,0.638668779714738,0.375796178343949,0.566037735849057,0.622900763358779,0.625,0.606687898089172,0.608214849921011,0.756019261637239,0.63594470046083,0.607198748043818,0.623639191290824,0.630744849445325,0.750387596899225,0.62987012987013,0.382539682539683,0.0221169036334913,0.624,0.02,0.847020933977456,0.365971107544141,0.34984520123839,0.420970266040689,0.0184615384615385,0.485530546623794,0.474842767295597,0.575277337559429,0.586583463338534,0.610492845786963,0.597133757961783,0.021978021978022,0.342443729903537,0.719135802469136,0.588045234248788,0.376971608832808,0.638932496075353,0.571428571428571,0.641390205371248,0.641975308641975,0.367283950617284,0.350793650793651,0.464516129032258,0.0184049079754601,0.685185185185185,0.47244094488189,0.0221169036334913,0.6265625,0.447900466562986,0.368839427662957,0.0124804992199688,0.642857142857143,0.625786163522013,0.367213114754098,0.453507340946166,0.614634146341463,0.017515923566879,0.984472049689441,0.375594294770206,0.575617283950617,0.610328638497653,0.635048231511254,0.375,0.625786163522013,0.351309707241911,0.357030015797788,0.626582278481013,0.397798742138365,0.358851674641148,0.389423076923077,0.3640625,0.661881977671451,0.709627329192547,0.818181818181818,0.386942675159236,0.416666666666667,0.036979969183359,0.641390205371248,0.384012539184953,0.645468998410175,0.641221374045801,0.36547433903577,0.365231259968102,0.385826771653543,0.597774244833068,0.35062893081761,0.64573268921095,0.398176291793313,0.357827476038339,0.016,0.709375,0.851373182552504,0.632237871674491,0.0376175548589342,0.614551083591331,0.405023547880691,0.632398753894081,0.622874806800618,0.0169230769230769,0.665625,0.37220447284345,0.664546899841017,0.380875202593193,0.396551724137931,0.369009584664537,0.845425867507886,0.841091492776886,0.569206842923795,0.565853658536585,0.015600624024961,0.492957746478873,0.629402756508423,0.620845921450151,0.755520504731861,0.354471544715447,0.62754303599374,0.0172143974960876,0.7234375,0.632148377125193,0.640699523052464,0.6015625,0.363494539781591,0.64,0.359271523178808,0.380032206119163,0.0172143974960876,0.36036036036036,0.610852713178295,0.365740740740741,0.489028213166144,0.358428805237316,0.641065830721003,0.383333333333333,0.625796178343949,0.437699680511182,0.551779935275081,0.420970266040689,0.384012539184953,0.356357927786499,0.795886075949367,0.385826771653543,0.34472049689441,0.62557781201849,0.63182527301092,0.349282296650718,0.349529780564263,0.6328125,0.431221020092736,0.387459807073955,0.403125,0.344135802469136,0.0175718849840256,0.634615384615385,0.359497645211931,0.622222222222222,0.0222929936305732,0.384984025559105,0.0224719101123595,0.611111111111111,0.359937402190923,0.390127388535032,0.0238473767885533,0.77207062600321,0.617693522906793,0.393841166936791,0.617124394184168,0.430842607313196,0.361290322580645,0.690251572327044,0.7,0.519047619047619,0.0158478605388273,0.779874213836478,0.372357723577236,0.36650868878357,0.60377358490566,0.34585289514867,0.356792144026187,0.638535031847134,0.014308426073132,0.377742946708464,0.370015948963317,0.416139240506329,0.56269592476489,0.644230769230769,0.488076311605723,0.638198757763975,0.84297520661157,0.0221169036334913,0.588424437299035,0.599041533546326,0.600313479623824,0.015527950310559,0.649206349206349,0.432859399684044,0.559322033898305,0.58887171561051,0.628834355828221,0.01875,0.0184899845916795,0.346326836581709,0.382262996941896,0.0124804992199688,0.428794992175274,0.0144230769230769,0.0123456790123457,0.0176282051282051,0.353503184713376,0.0170278637770898,0.380032206119163,0.579527559055118,0.831269349845201,0.355140186915888,0.0192926045016077,0.0176,0.356466876971609,0.397572078907436,0.567692307692308,0.635239567233385,0.0192926045016077,0.471786833855799,0.720430107526882,0.356357927786499,0.577399380804954,0.628571428571429,0.0172143974960876,0.375987361769352,0.632258064516129,0.409888357256778,0.621187800963082,0.0185185185185185,0.627480916030534,0.667726550079491,0.584843492586491,0.383647798742138,0.0173228346456693,0.417818740399386,0.390625,0.343701399688958,0.0222929936305732,0.635782747603834,0.39202657807309,0.634426229508197,0.352484472049689,0.356589147286822,0.62095531587057,0.346875,0.836734693877551,0.52093023255814,0.630094043887147,0.774716369529984,0.39403453689168,0.0225442834138486,0.626373626373626,0.390357698289269,0.635332252836305,0.611635220125786,0.615506329113924,0.0216049382716049,0.66304347826087,0.538461538461538,0.818466353677621,0.379471228615863,0.613312202852615,0.66156202143951,0.642276422764228,0.397553516819572,0.445966514459665,0.40282131661442,0.524642289348172,0.0189274447949527,0.360681114551084,0.635093167701863,0.359253499222395,0.903846153846154,0.633435582822086,0.348297213622291,0.361331220285261,0.346092503987241,0.518167456556082,0.352941176470588,0.742811501597444,0.779527559055118,0.419504643962848,0.473851030110935,0.0154083204930663,0.014308426073132,0.359300476947536,0.392063492063492,0.628751974723539,0.386687797147385,0.368992248062016,0.849683544303797,0.408585055643879,0.608695652173913,0.463414634146341,0.0197869101978691,0.379968203497615,0.9968,0.362068965517241,0.353488372093023,0.0180722891566265,0.59717868338558,0.385113268608414,0.618296529968454,0.566129032258065,0.609717868338558,0.496960486322188,0.566929133858268,0.377845220030349,0.63969465648855,0.365539452495974,0.362204724409449,0.387147335423198,0.974025974025974,0.74375,0.359937402190923,0.351937984496124,0.0188087774294671,0.545736434108527,0.638065522620905,0.641025641025641,0.524720893141946,0.35423197492163,0.432859399684044,0.355694227769111,0.228260869565217,0.614634146341463,0.0168970814132104,0.514820592823713,0.624803767660911,0.619718309859155,0.645110410094637,0.0188976377952756,0.385350318471338,0.421779141104294,0.365079365079365,0.374021909233177,0.640944881889764,0.628346456692913,0.0166163141993958,0.0171606864274571,0.75796178343949,0.653418124006359,0.639937106918239,0.015625,0.608695652173913,0.350467289719626,0.271889400921659,0.8512,0.366666666666667,0.7828125,0.380726698262243,0.576923076923077,0.613601236476043,0.0185185185185185,0.364188163884674,0.82018927444795,0.782608695652174,0.442546583850932,0.363354037267081,0.712074303405573,0.0235109717868339,0.400630914826498,0.404354587869362,0.01875,0.370992366412214,0.633956386292835,0.368589743589744,0.625,0.0171339563862928,0.0235109717868339,0.781906300484653,0.512618296529968,0.62111801242236,0.654952076677316,0.0219092331768388,0.0145631067961165,0.516030534351145,0.63349131121643,0.349180327868852,0.653605015673981,0.356589147286822,0.627692307692308,0.593508500772797,0.630818619582664,0.49438202247191,0.662884927066451,0.635367762128325,0.018957345971564,0.629570747217806,0.0156739811912226,0.364741641337386,0.588045234248788,0.370870870870871,0.63258785942492,0.37007874015748,0.0184899845916795,0.587057010785824,0.650316455696203,0.362204724409449,0.017741935483871,0.363494539781591,0.0192616372391653,0.63739837398374,0.369905956112853,0.0203125,0.728549141965679,0.36,0.467094703049759,0.406148867313916,0.63312693498452,0.0204081632653061,0.349282296650718,0.64926590538336,0.0184615384615385,0.594383775351014,0.612213740458015,0.623639191290824,0.351351351351351,0.36,0.360681114551084,0.365354330708661,0.378205128205128,0.01875,0.384976525821596,0.0245775729646697,1,0.632970451010886,0.370662460567823,0.360062893081761,0.36817472698908,0.3671875,0.0911949685534591,0.645110410094637,0.379032258064516,0.390822784810127,0.542242703533026,0.372641509433962,0.355384615384615,0.399686520376176,0.0199692780337942,0.0201238390092879,0.366218236173393,0.013953488372093,0.631659056316591,0.0173228346456693,0.41358024691358,0.636942675159236,0.656549520766773,0.67398119122257,0.422047244094488,0.0203442879499218,0.7125,0.35748031496063,0.367762128325509,0.598101265822785,0.785502958579882,0.667164179104478,0.636923076923077,0.52373417721519,0.625585023400936,0.630094043887147,0.77373417721519,0.647798742138365,0.557427258805513,0.623028391167192,0.014446227929374,0.62621359223301,1,0.358064516129032,0.755520504731861,0.801829268292683,0.58,0.494539781591264,0.370597243491577,0.399038461538462,0.366666666666667,0.374798061389338,0.369734789391576,0.59717868338558,0.605590062111801,0.365203761755486,0.642965204236006,0.638591117917305,0.473354231974922,0.021875,0.355242566510172,0.366614664586583,0.0211382113821138,0.672025723472669,0.0202808112324493,0.3861852433281,0.0176848874598071,0.38810641627543,0.357585139318885,0.637636080870918,0.480499219968799,0.35202492211838,0.693650793650794,0.678740157480315,0.488038277511962,0.0185185185185185,0.0191082802547771,0.431893687707641,0.414925373134328,0.383411580594679,0.0213089802130898,0.015625,0.6176,0.653374233128834,0.610142630744849,0.0170807453416149,0.615384615384615,0.0186046511627907,0.400630914826498,0.362041467304625,0.747217806041335,0.65284178187404,0.0152439024390244,0.626182965299685,0.547169811320755,0.445324881141046,0.393518518518519,0.577952755905512,0.633385335413417,0.37459807073955,0.0700636942675159,0.365971107544141,0.0176282051282051,0.360983102918587,0.0253164556962025,0.351648351648352,0.609872611464968,0.407936507936508,0.0155763239875389,0.0173228346456693,0.487577639751553,0.405797101449275,0.403426791277259,0.572317262830482,0.634969325153374,0.6224,0.436507936507937,0.399693721286371,0.0163132137030995,0.6192,0.385964912280702,0.0123076923076923,0.371382636655949,0.399068322981366,0.633802816901408,0.028391167192429,0.621875,0.362095531587057,0.583333333333333,0.626373626373626,0.640983606557377,0.648351648351648,0.580542264752791,0.661042944785276,0.36,0.0203761755485893,0.567783094098884,0.354489164086687,0.0220472440944882,0.0204081632653061,0.628398791540785,0.0110935023771791,0.629457364341085,0.355905511811024,0.55111821086262,0.6352,0.6203125,0.807017543859649,0.398724082934609,0.671406003159558,0.0383435582822086,0.631578947368421,0.0748407643312102,0.0296875,0.0175438596491228,0.5488,0.61280487804878,0.614649681528662,0.630841121495327,0.627329192546584,0.0288461538461538,0.0354391371340524,0.636080870917574,0.03125,0.0194805194805195,0.0599369085173502,0.0373831775700935,0.0345368916797488,0.639191290824261,0.0443037974683544,0.615008156606852,0.637380191693291,0.0286624203821656,0.624203821656051,0.0693374422187981,0.626934984520124,0.61128526645768,0.623853211009174,0.614649681528662
"234",0,0,0,0,0,0,0.0162337662337662,0.00162074554294976,0,1,0,1,0,0,0,0,1,0.98546042003231,0,0,0,0,0,1,0,0,0,0.00162074554294976,0,0,0,0,0.00161812297734628,0,1,0,0.974643423137876,0,0,0,1,0.984399375975039,0.995222929936306,0,0,0,0,0,0,0,1,0,0,0,0.016366612111293,0,1,0,0.00321543408360129,0,0,0,0,1,0,0,1,0,1,0,0,0,0,0,1,0.0015748031496063,0,0,0.00164744645799012,0,1,0,0,0,0,0,0,0,0.004739336492891,0.987519500780031,0,0,1,1,0,1,0.0208,0,0.995283018867924,0.993579454253612,0.0113452188006483,1,0,0,0,0,0.986842105263158,0.0032520325203252,0,0,0,0.0161550888529887,0,0,1,0,0,1,0,0,1,0.00161550888529887,0,0,0,0,0,0,1,0.00801282051282051,0,0,0,1,0,0,1,0,0,0.00827814569536424,1,1,0,0,0,0,0,0,0,0,0,0,0,0,0,0,0,0,1,0,0.00632911392405063,0,0,1,0,0,0,0,0,0,0,0,0,0,0.00318979266347687,0,1,0,1,0,0,0,0,0,0,0,0,0,0,0,0,0,0,0.0237341772151899,1,1,0,1,0,0,0.0133779264214047,0,0,0,0,0,0,0,0.00158478605388273,1,0,0,0,0,0,0.00484652665589661,0,0,0.00162074554294976,0,0,1,0,0,0,1,0,0,0.00645161290322581,0,0,0,0.0192307692307692,1,0.0156739811912226,0,0,0,0,0,0,0,0,0,0,0,0,0,0,0,0,0,0,0,0,0,0,0,0.988727858293076,0,1,0.0032626427406199,0,0,0,1,0.00161812297734628,0.00318471337579618,0,0,0,0,0.987138263665595,0,0,0,0,0,0,0,0,0,0,0.0147540983606557,1,0,0.0179445350734095,1,0,0.0157728706624606,0.00163132137030995,1,0,0,0,0,0,1,0.0192926045016077,0,0,0,0,0,0,0,0,0,0,0,0,0,0,0,0,0.00326797385620915,0,0.94794952681388,0,0,0,0,0,0,0,0,0,0,0,0,1,0,0.00993377483443709,0,0.947967479674797,0,0,0,0,1,0,0,0,0,0,0,0,0,0,0,1,0,0,0,0,0,0,1,0,0,0,0.00318979266347687,0,0,0,0,1,0,0,0,0,0,0,0,0,0,0,0,0,0.00315457413249211,0,0,0,0,0,0,0,0,0,0,0,0,1,0,0,0,1,0,0.99025974025974,0,0,0,0.99672131147541,0.00961538461538462,0,0,0,0,0,0,0,0,1,0,0.00164744645799012,0,0,0,0,0,0.99837925445705,0,0,0,0,0,0.00655737704918033,0,0.0169491525423729,0.995184590690209,0,0,0,1,0,0.0016,0,0,0,1,1,0,0,1,0,0.988617886178862,1,1,0,1,0,0.00157232704402516,0.0078125,0,1,1,0,0,0,0,0.998336106489185,0.0220820189274448,0,0,0,0,1,0,0,0.00163934426229508,0,1,0,0,0,0.00158478605388273,1,0,0,0,1,0,0,0,0,0,0,0,0,0,0,0,0,0.990180032733224,0,0,0,0,0.014827018121911,1,0,0.00328407224958949,0,0,0,0,0,0,0,0,0,1,0,0,0,0.00493421052631579,0,0,0,0,0,0,0,0,0,0.0160771704180064,1,1,0,0,0,0,0,0,0,0,0.01875,1,0,0.0164744645799012,0,0,1,0,0,0,0.00161550888529887,0,0,0,0,0,0.00324675324675325,0,0,0.0165016501650165,0.0254372019077901,0,0,0.992076069730586,0,0,0,0,0,0,0,0.768867924528302,0,1,0.00161812297734628,0,0,0,1,0,0,0,0,0,0,1,1,0,0,0,1,0,0,0.559808612440191,0,0,0.00961538461538462,0,0,0,1,0,0,0,0.00625978090766823,0,0,0.992076069730586,0,0,1,0.00157232704402516,0,0,0,1,0.992150706436421,0,0,0,0,0.98876404494382,1,0,0,0,0,0,0,0,0,0.00654664484451719,0,0,1,0,1,0,0.160919540229885,0.00154798761609907,0,0,1,0,0,0,1,0,1,0,0,1,0.0173501577287066,0,0,0.00161290322580645,0,1,0,0,1,0,0,0,0,0,0,0.00484652665589661,0.00159744408945687,1,0,0.974481658692185,0.0208667736757624,0,0,0,0,0,0.923076923076923,0,0,0,0,0,0,0,1,1,0,1,0,0.998392282958199,0,0,0,0,0,0.99837925445705,0,0,0,0,0,0,0,0,0,0,0,0,0,0,1,0,0.0195758564437194,0,0.0337620578778135,0,0,0.00636942675159236,0,0.0016750418760469,0,0,0,0,0,0,0,0,0.00319488817891374,0.987421383647799,0,0,1,0,1,0,1,0,0,0,0,0,0.00163132137030995,0,0.0209339774557166,1,1,0,0,0,1,1,0,0,0,1,0,1,0,0,0.0378289473684211,0,1,0,0,0,0,0,0,0,0.898527004909984,0,1,0,0.991961414790997,0,0,0.364516129032258,1,1,0.00159744408945687,0,0.0110062893081761,0,0,0,0,0,1,0,0,1,0,0,0,0.961352657004831,0,0,0,0,0,0,0,0,0,1,0,0,0.996779388083736,1,0,1,0,0,0,0,0,0.0065252854812398,0.00490196078431373,0,0.954828660436137,0,0.907894736842105,0.9776,1,0.156862745098039,0,0,0.00478468899521531,0,0.95253682487725,0.947452229299363,0,0.979133226324238,0.993355481727575,0.946688206785137,0.971830985915493,0.947368421052632,0,0.969889064976228,0,0,0.955737704918033,0,0.921383647798742,0,0.0605095541401274,0,0
"235",0.893023255813953,0.884146341463415,0.917168674698795,0.869291338582677,0.897959183673469,0.887480190174326,0.981927710843373,0.897674418604651,0.879464285714286,0.0108359133126935,0.889739663093415,0.0123456790123457,0.599085365853659,0.884012539184953,0.136085626911315,0.121913580246914,0.0121765601217656,0.0276923076923077,0.883540372670807,0.879204892966361,0.252293577981651,0.133228840125392,0.879939209726444,0.0136157337367625,0.864615384615385,0.333333333333333,0.2052067381317,0.869009584664537,0.535444947209653,0.705882352941177,0.106060606060606,0.713629402756508,0.807453416149068,0.347560975609756,0.0122324159021407,0.887537993920973,0.0315789473684211,0.874051593323217,0.351270553064275,0.844410876132931,0.013953488372093,0.0275229357798165,0.0228658536585366,0.886503067484663,0.767145135566188,0.12755905511811,0.52760736196319,0.0934579439252336,0.532738095238095,0.233883058470765,0.0151975683890578,0.877519379844961,0.348837209302326,0.885145482388974,0.974882260596546,0.25,0.0141509433962264,0.868012422360248,0.924357034795764,0.879336349924585,0.358662613981763,0.487878787878788,0.0979462875197472,0.0159489633173844,0.833333333333333,0.7947932618683,0.0122699386503067,0.873261205564142,0.00916030534351145,0.0990566037735849,0.786786786786787,0.10355486862442,0.118564742589704,0.888721804511278,0.0122324159021407,0.770290964777948,0.140243902439024,0.610350076103501,0.90282131661442,0.346341463414634,0.0109717868338558,0.721633888048411,0.283987915407855,0.88112927191679,0.209627329192547,0.865558912386707,0.876712328767123,0.884322678843227,0.869300911854103,0.0239520958083832,0.874613003095975,0.872340425531915,0.012326656394453,0.0107858243451464,0.874223602484472,0.0138461538461538,0.388719512195122,0.878234398782344,0.0150829562594268,0.0228658536585366,0.694099378881988,0.0134730538922156,0.372670807453416,0.884555382215289,0.197901049475262,0.886792452830189,0.0186046511627907,0.913713405238829,0.105015673981191,0.0996932515337423,0.104037267080745,0.971875,0.401538461538462,0.874039938556068,0.0124416796267496,0.91324200913242,0.743119266055046,0.0119047619047619,0.103500761035008,0.301857585139319,0.0104477611940299,0.805900621118012,0.334876543209877,0.167456556082148,0.877862595419847,0.227752639517345,0.883233532934132,0.883256528417819,0.0170542635658915,0.614916286149163,0.875957120980092,0.519500780031201,0.888024883359253,0.0122511485451761,0.869085173501577,0.118975903614458,0.0152439024390244,0.303543913713405,0.627329192546584,0.596546310832025,0.0141065830721003,0.015748031496063,0.890743550834598,0.758887171561051,0.261006289308176,0.879573170731707,0.104776579352851,0.873303167420814,0.483670295489891,0.889716840536513,0.238532110091743,0.89247311827957,0.8859375,0.792481203007519,0.884498480243161,0.0901898734177215,0.882621951219512,0.0987654320987654,0.0121580547112462,0.743034055727554,0.929110105580694,0.880551301684533,0.123475609756098,0.0151057401812689,0.889055472263868,0.513428120063191,0.884676145339652,0.885145482388974,0.881458966565349,0.338880484114977,0.897081413210445,0.102290076335878,0.874062968515742,0.101190476190476,0.945987654320988,0.423368740515933,0.0141509433962264,0.87175572519084,0.0137404580152672,0.799079754601227,0.890909090909091,0.209627329192547,0.884673748103187,0.86015037593985,0.87987987987988,0.880664652567976,0.193199381761978,0.444613050075873,0.866771159874608,0.857585139318885,0.150076569678407,0.10958904109589,0.888198757763975,0.957251908396947,0.0118168389955687,0.013953488372093,0.394736842105263,0.0165165165165165,0.878923766816143,0.331811263318113,0.9734375,0.729970326409496,0.889387144992526,0.512345679012346,0.490225563909774,0.377503852080123,0.834890965732087,0.863777089783282,0.908270676691729,0.0154798761609907,0.818181818181818,0.2624,0.8859375,0.110939907550077,0.161676646706587,0.592307692307692,0.887519260400616,0.881818181818182,0.850308641975309,0.882621951219512,0.840557275541796,0.012326656394453,0.16385911179173,0.691376701966717,0.871875,0.0151057401812689,0.878419452887538,0.896296296296296,0.614088820826952,0.570776255707763,0.883720930232558,0.877165354330709,0.45,0.0156739811912226,1,0.564142194744977,0.916006339144215,0.0990853658536585,0.864457831325301,0.884555382215289,0.885369532428356,0.860031104199067,0.565950920245399,0.109204368174727,0.9,0.554198473282443,0.0982142857142857,0.106766917293233,0.266875981161695,0.107033639143731,0.243328100470958,0.699849170437406,0.0975975975975976,0.104321907600596,0.119815668202765,0.642533936651584,0.131329113924051,0.877329192546584,0.0252365930599369,0.0996932515337423,0.0136570561456753,0.311248073959938,0.889580093312597,0.872340425531915,0.830769230769231,0.0151285930408472,0.932496075353218,0.803053435114504,0.717125382262997,0.633802816901408,0.508371385083714,0.49609984399376,0.0259146341463415,0.882352941176471,0.192955589586524,0.717948717948718,0.89938080495356,0.114457831325301,0.763076923076923,0.108231707317073,0.203957382039574,0.887387387387387,0.876386687797147,0.974683544303797,0.0149253731343284,0.687311178247734,0.998454404945904,0.0138036809815951,0.091324200913242,0.980712166172107,0.904173106646059,0.0106221547799697,0.0984848484848485,0.105421686746988,0.898119122257053,0.863849765258216,0.0953125,0.0139968895800933,0.468509984639017,0.894009216589862,0.816944024205749,0.449230769230769,0.690251572327044,0.874432677760968,0.10381679389313,0.88821752265861,0.881987577639752,0.102167182662539,0.878195488721805,0.881901840490798,0.8765625,0.890243902439024,0.255742725880551,0.405775075987842,0.374807987711214,0.909657320872274,0.860979462875197,0.0549618320610687,0.328703703703704,0.899843505477308,0.216666666666667,0.363095238095238,0.900302114803625,0.882262996941896,0.89409984871407,0.721259842519685,0.887022900763359,0.315132605304212,0.908242612752722,0.893915756630265,0.0137614678899083,0.40273556231003,0.636505460218409,0.109907120743034,0.0614692653673163,0.103915662650602,0.831562974203338,0.12824427480916,0.0948012232415902,0.0104947526236882,0.293129770992366,0.8859375,0.169781931464174,0.903174603174603,0.906298003072197,0.894245723172628,0.380804953560372,0.377358490566038,0.673343605546995,0.505529225908373,0.0138461538461538,0.790769230769231,0.112275449101796,0.138763197586727,0.296969696969697,0.881703470031546,0.104072398190045,0.0151745068285281,0.409785932721713,0.111280487804878,0.125,0.548837209302326,0.875766871165644,0.355799373040752,0.888888888888889,0.863141524105754,0.0136363636363636,0.891812865497076,0.0984848484848485,0.882882882882883,0.787009063444109,0.88801261829653,0.115740740740741,0.878195488721805,0.0949464012251149,0.83206106870229,0.726844583987441,0.86404833836858,0.900151285930408,0.889400921658986,0.369465648854962,0.873846153846154,0.87856071964018,0.0985294117647059,0.115384615384615,0.885093167701863,0.877862595419847,0.394495412844037,0.823439878234399,0.871382636655949,0.871064467766117,0.884036144578313,0.00938967136150235,0.209119496855346,0.88109756097561,0.10939907550077,0.0153374233128834,0.917701863354037,0.0200927357032458,0.135093167701863,0.880484114977307,0.908950617283951,0.0186046511627907,0.699846860643185,0.464831804281346,0.906976744186046,0.105511811023622,0.796238244514107,0.878164556962025,0.438271604938272,0.649612403100775,0.797564687975647,0.0107692307692308,0.251162790697674,0.904088050314465,0.888888888888889,0.486196319018405,0.888888888888889,0.86871961102107,0.122699386503067,0.0138248847926267,0.885369532428356,0.890432098765432,0.869230769230769,0.683076923076923,0.108024691358025,0.934883720930233,0.306625577812018,0.2672,0.0229357798165138,0.650546021840874,0.613601236476043,0.633888048411498,0.0121396054628225,0.357142857142857,0.895705521472393,0.665658093797277,0.561270801815431,0.184638109305761,0.0121765601217656,0.012012012012012,0.877551020408163,0.867164179104478,0.0106221547799697,0.893292682926829,0.0221169036334913,0.0120663650075415,0.0126182965299685,0.878504672897196,0.0137404580152672,0.885895404120444,0.773148148148148,0.58974358974359,0.881913303437967,0.0139751552795031,0.0109034267912773,0.882262996941896,0.870870870870871,0.740061162079511,0.099702380952381,0.0140625,0.974164133738602,0.662632375189107,0.895865237366003,0.545727136431784,0.420890937019969,0.00917431192660551,0.873282442748092,0.105180533751962,0.899536321483771,0.169254658385093,0.0135542168674699,0.106606606606607,0.21765601217656,0.5,0.867781155015198,0.0166414523449319,0.883582089552239,0.88109756097561,0.886056971514243,0.0171875,0.175,0.847290640394089,0.105769230769231,0.887048192771084,0.880664652567976,0.108728943338438,0.876146788990826,0.388036809815951,0.799691833590139,0.12,0.256651017214397,0.870030581039755,0.0248447204968944,0.113178294573643,0.892053973013493,0.114599686028257,0.679506933744222,0.461538461538462,0.0149476831091181,0.210687022900763,0.782677165354331,0.349618320610687,0.885321100917431,0.103235747303544,0.243119266055046,0.488038277511962,0.871833084947839,0.875739644970414,0.86046511627907,0.728706624605678,0.0140845070422535,0.876876876876877,0.100600600600601,0.869300911854103,0.489859594383775,0.101796407185629,0.890243902439024,0.894409937888199,0.880551301684533,0.62596599690881,0.891566265060241,0.226851851851852,0.282608695652174,0.858015267175573,0.969650986342944,0.0149700598802395,0.0138461538461538,0.884555382215289,0.857364341085271,0.126934984520124,0.891640866873065,0.888386123680241,0.442040185471406,0.885093167701863,0.721183800623053,0.98036253776435,0.015015015015015,0.890262751159196,0.411490683229814,0.892966360856269,0.879019908116386,0.0147710487444609,0.658385093167702,0.903785488958991,0.10958904109589,0.715396578538103,0.445288753799392,0.776627218934911,0.704968944099379,0.858630952380952,0.176557863501484,0.898119122257053,0.888888888888889,0.908256880733945,0.385579937304075,0.19482496194825,0.89409984871407,0.897014925373134,0.0194319880418535,0.784403669724771,0.495454545454545,0.326625386996904,0.779141104294479,0.88062015503876,0.807395993836672,0.881278538812785,0.16012084592145,0.104928457869634,0.0150602409638554,0.86687306501548,0.106153846153846,0.102760736196319,0.345038167938931,0.0139318885448916,0.888719512195122,0.856278366111952,0.889908256880734,0.880664652567976,0.187692307692308,0.106153846153846,0.0134328358208955,0.0137614678899083,0.274570982839314,0.169811320754717,0.244204018547141,0.0137404580152672,0.099388379204893,0.879518072289157,0.0615615615615616,0.378294573643411,0.879443585780526,0.658423493044822,0.861111111111111,0.685887708649469,0.666666666666667,0.00914634146341463,0.877761413843888,0.462365591397849,0.567278287461774,0.954819277108434,0.887878787878788,0.467075038284839,0.024024024024024,0.88,0.884848484848485,0.0122887864823349,0.854572713643178,0.112462006079027,0.87797147385103,0.473035439137134,0.0138888888888889,0.0183767228177642,0.5952,0.84251968503937,0.101226993865031,0.222395023328149,0.0242424242424242,0.0157977883096366,0.717455621301775,0.123647604327666,0.888,0.394216133942161,0.888721804511278,0.101669195751138,0.423831070889894,0.373626373626374,0.919937205651491,0.183962264150943,0.111278195488722,0.016793893129771,0.139498432601881,0.0121212121212121,0.89039039039039,0.124416796267496,0.899408284023669,0.11128526645768,0.88006230529595,0.0120663650075415,0.554396423248882,0.517397881996974,0.881278538812785,0.0157977883096366,0.883256528417819,0.0138888888888889,0.452380952380952,0.895927601809955,0.0149700598802395,0.711480362537764,0.894899536321484,0.720930232558139,0.903125,0.127627627627628,0.0124223602484472,0.878648233486943,0.335403726708075,0.0119581464872945,0.709726443768997,0.103139013452915,0.124242424242424,0.885579937304075,0.885093167701863,0.871794871794872,0.859327217125382,0.876923076923077,0.0138248847926267,0.887864823348694,0.037593984962406,0.435045317220544,0.370030581039755,0.883614088820827,0.875776397515528,0.887387387387387,0.877828054298643,0.0692307692307692,0.111963190184049,0.892628205128205,0.874242424242424,0.717717717717718,0.871601208459215,0.888549618320611,0.908116385911179,0.0150829562594268,0.0106060606060606,0.877037037037037,0.0150829562594268,0.152798789712557,0.0138248847926267,0.897865853658537,0.334375,0.290625,0.216463414634146,0.845679012345679,0.0153374233128834,0.206106870229008,0.881638846737481,0.886706948640483,0.66973886328725,0.485294117647059,0.303206997084548,0.256756756756757,0.63452566096423,0.0948012232415902,0.206106870229008,0.627480916030534,0.319148936170213,0.710014947683109,0.113464447806354,0.0156985871271586,0.0902021772939347,0.408227848101266,0.888188976377953,0.706153846153846,0.32185628742515,0.650306748466258,0.937308868501529,0.873684210526316,0.891891891891892,0.875195007800312,0.890965732087227,0.888540031397174,0.571865443425077,0.489263803680982,0.882442748091603,0.106194690265487,0.114243323442137,0.920852359208524,0.0242792109256449,0.880368098159509,0.867781155015198,0.0108359133126935,0.204761904761905,0.0154320987654321,0.875192604006163,0.0143312101910828,0.890577507598784,0.885321100917431,0.0995475113122172,0.807395993836672,0.87856071964018,0.700934579439252,0.662557781201849,0.973886328725038,0.0135338345864662,0.0107361963190184,0.883386581469649,0.890532544378698,0.886056971514243,0.0135338345864662,0.0104477611940299,0.104928457869634,0.298507462686567,0.526799387442573,0.0107197549770291,0.490881458966565,0.0121765601217656,0.85625,0.884194053208138,0.25194401244168,0.330316742081448,0.0119940029985007,0.415503875968992,0.602134146341463,0.808801213960546,0.905465288035451,0.793261868300153,0.1015625,0.900311526479751,0.0340557275541796,0.871835443037975,0.0157728706624606,0.895833333333333,0.0169753086419753,0.881064162754304,0.114906832298137,0.0784929356357928,0.0136986301369863,0.0123839009287926,0.845454545454545,0.84012539184953,0.95144157814871,0.69195751138088,0.127596439169139,0.114420062695925,0.770992366412214,0.766369047619048,0.00791139240506329,0.108864696734059,0.863565891472868,0.0121028744326778,0.868131868131868,0.913767019667171,0.157733537519142,0.0508474576271186,0.0975609756097561,0.88622754491018,0.517133956386293,0.166407465007776,0.1953125,0.207261724659607,0.724247226624406,0.189681335356601,0.8887171561051,0.0154320987654321,0.763116057233704,0.86697247706422,0.0217054263565891,0.0154798761609907,0.0989505247376312,0.00921658986175115,0.112135176651306,0.875757575757576,0.699680511182109,0.0981308411214953,0.105263157894737,0.609230769230769,0.924031007751938,0.499243570347958,0.054380664652568,0.102484472049689,0.0675039246467818,0.0353302611367127,0.0170278637770898,0.12210200927357,0.113737075332349,0.0973724884080371,0.117283950617284,0.0989345509893455,0.0495356037151703,0.0590015128593041,0.117199391171994,0.0276923076923077,0.0173228346456693,0.0424242424242424,0.0319148936170213,0.0542168674698795,0.111111111111111,0.0303490136570561,0.103286384976526,0.11128526645768,0.0453834115805947,0.1046875,0.0432190760059613,0.107361963190184,0.127329192546584,0.101796407185629,0.0973724884080371
"236",0.530708661417323,0.516329704510109,0.55895865237366,0.561996779388084,0.527597402597403,0.523500810372772,0.568,0.541009463722397,0.524105754276827,0,0.526232114467409,0,0.677672955974843,0.524271844660194,0.513428120063191,0.492979719188768,0,0.0046801872074883,0.5088,0.536661466458658,0.570982839313573,0.503257328990228,0.532710280373832,0,0.558359621451104,0.601941747572815,0.527692307692308,0.523424878836834,0.656923076923077,0.637636080870918,0.486821705426357,0.81055900621118,0.705414012738854,0.566666666666667,0,0.520700636942675,0.0108527131782946,0.507716049382716,0.655589123867069,0.518633540372671,0,0.00309597523219814,0,0.523424878836834,0.621359223300971,0.505636070853462,0.65086887835703,0.471246006389776,0.653555219364599,0.551617873651772,0,0.517515923566879,0.602201257861635,0.52373417721519,0.581993569131833,0.6096,0,0.5344,0.543478260869565,0.630914826498423,0.584234930448223,0.628125,0.479806138933764,0,0.57784911717496,0.609034267912773,0,0.541009463722397,0,0.473015873015873,0.546439628482972,0.476340694006309,0.492012779552716,0.515432098765432,0,0.716300940438871,0.51496062992126,0.650546021840874,0.617363344051447,0.700167504187605,0,0.722308892355694,0.587869362363919,0.514503816793893,0.537383177570093,0.595611285266458,0.52276295133438,0.532915360501567,0.529874213836478,0,0.517571884984026,0.511773940345369,0,0,0.548076923076923,0,0.582945736434109,0.528571428571429,0.00154559505409583,0.00159489633173844,0.651757188498403,0,0.640575079872205,0.532591414944356,0.535603715170279,0.521035598705502,0,0.539432176656151,0.4752,0.499217527386541,0.488299531981279,0.573228346456693,0.702028081123245,0.521193092621664,0,0.541009463722397,0.755070202808112,0,0.489028213166144,0.589905362776025,0,0.7104,0.601880877742947,0.540930979133226,0.522550544323484,0.541732283464567,0.509463722397476,0.52112676056338,0,0.643192488262911,0.567140600315956,0.593004769475358,0.52572347266881,0,0.519354838709677,0.487538940809969,0,0.58664546899841,0.629984051036683,0.651960784313726,0,0,0.533227848101266,0.643642072213501,0.545307443365696,0.522222222222222,0.487261146496815,0.569422776911076,0.733226837060703,0.526315789473684,0.553366174055829,0.528481012658228,0.519292604501608,0.584496124031008,0.52132701421801,0.452614379084967,0.518110236220472,0.485576923076923,0,0.644904458598726,0.625386996904025,0.530612244897959,0.507763975155279,0,0.505494505494505,0.634146341463415,0.510673234811166,0.520376175548589,0.525741029641186,0.571865443425077,0.534181240063593,0.498427672955975,0.545736434108527,0.493788819875776,0.6120826709062,0.653312788906009,0,0.520634920634921,0,0.602201257861635,0.512461059190031,0.531001589825119,0.52755905511811,0.544600938967136,0.502276176024279,0.528593508500773,0.567441860465116,0.699537750385208,0.554848966613672,0.564516129032258,0.50920245398773,0.468217054263566,0.526655896607431,0.597826086956522,0,0,0.623028391167192,0,0.530612244897959,0.673343605546995,0.587677725118483,0.6203125,0.516975308641975,0.619967793880837,0.589147286821705,0.611916264090177,0.554140127388535,0.540064102564103,0.641185647425897,0,0.557275541795666,0.58112582781457,0.5776,0.490445859872611,0.520673813169985,0.642072213500785,0.536776212832551,0.526153846153846,0.7,0.522906793048973,0.6198738170347,0,0.516535433070866,0.644859813084112,0.524720893141946,0,0.521739130434783,0.529770992366412,0.644094488188976,0.65511811023622,0.521462639109698,0.515447154471545,0.624405705229794,0,0.564142194744977,1,0.539473684210526,0.484423676012461,0.546995377503852,0.528662420382166,0.525660964230171,0.554330708661417,0.6390625,0.5,0.557993730407524,0.636645962732919,0.475037821482602,0.47360248447205,0.546031746031746,0.471698113207547,0.57395498392283,0.60741885625966,0.489891135303266,0.49375,0.496815286624204,0.651840490797546,0.504823151125402,0.541062801932367,0,0.482649842271293,0,0.576190476190476,0.537096774193548,0.529780564263323,0.55054432348367,0,0.612641815235008,0.563076923076923,0.7664,1,0.677570093457944,0.562700964630225,0,0.508661417322835,0.544303797468354,0.791803278688525,0.552380952380952,0.486111111111111,0.626959247648903,0.487341772151899,0.555905511811024,0.528158295281583,0.517073170731707,0.580441640378549,0,0.6421875,0.572107765451664,0,0.474418604651163,0.576744186046512,0.548489666136725,0,0.4859375,0.478939157566303,0.5344,0.644230769230769,0.485759493670886,0,0.61648177496038,0.522222222222222,0.642633228840125,0.697305863708399,0.62962962962963,0.545171339563863,0.486656200941915,0.516819571865443,0.515055467511886,0.494435612082671,0.55379746835443,0.523961661341853,0.527331189710611,0.514285714285714,0.603149606299213,0.602484472049689,0.614664586583463,0.536624203821656,0.559157212317666,0.0248447204968944,0.58528951486698,0.551612903225806,0.577881619937695,0.615501519756839,0.5311004784689,0.51993620414673,0.540412044374009,0.666666666666667,0.513719512195122,0.581320450885668,0.551724137931034,0.496805111821086,0,0.6049766718507,0.637658227848101,0.49047619047619,0.0266875981161695,0.479813664596273,0.561815336463224,0.491472868217054,0.485086342229199,0,0.624213836477987,0.528846153846154,0.516640253565769,0.536585365853659,0.555555555555556,0.52,0.629984051036683,0.587761674718196,0.652380952380952,0.689144736842105,0,0.6192,0.476043276661515,0.491551459293395,0.606201550387597,0.511290322580645,0.489795918367347,0,0.628930817610063,0.472353870458136,0.492776886035313,0.627358490566038,0.51033386327504,0.741157556270096,0.5,0.534072900158479,0,0.521674140508221,0.481538461538462,0.512461059190031,0.618066561014263,0.52411575562701,0.496012759170654,0.532407407407407,0.4703125,0.5296875,0.680064308681672,0.556603773584906,0.539184952978056,0.512578616352201,0.619047619047619,0.549844236760125,0.5203125,0.496194824961948,0.503134796238245,0.523274478330658,0.5171875,0.753554502369668,0.53125,0.516025641025641,0.570093457943925,0.515723270440252,0,0.551779935275081,0.517295597484277,0.492913385826772,0,0.567353407290016,0,0.521462639109698,0.513056835637481,0.546021840873635,0,0.638095238095238,0.650943396226415,0.536977491961415,0.470684039087948,0.60223642172524,0.507340946166395,0.638668779714738,0.626771653543307,0.67817896389325,0,0.580542264752791,0.540064102564103,0.5136,0.667716535433071,0.513846153846154,0.514950166112957,0.50788643533123,0,0.530421216848674,0.528753993610224,0.549450549450549,0.633540372670807,0.478537360890302,0.619426751592357,0.604068857589984,0.543801652892562,0,0.648475120385233,0.627980922098569,0.676056338028169,0,0.671474358974359,0.584518167456556,0.654743390357698,0.911901081916538,0.544510385756677,0,0,0.509715994020927,0.522865853658537,0,0.563579277864992,0,0,0,0.526232114467409,0,0.535369774919614,0.587579617834395,0.647604327666152,0.516717325227964,0,0,0.523659305993691,0.56055900621118,0.6984375,0.481481481481481,0,0.572317262830482,0.653846153846154,0.542319749216301,0.660406885758998,0.68362480127186,0,0.532608695652174,0.477564102564103,0.588516746411483,0.544728434504792,0,0.486821705426357,0.537096774193548,0.589614740368509,0.519685039370079,0,0.558641975308642,0.53198127925117,0.520123839009288,0,0.539184952978056,0.545304777594728,0.483443708609272,0.503888024883359,0.513178294573643,0.49375,0.507020280811232,0.61993769470405,0.601246105919003,0.485530546623794,0.5696,0.561514195583596,0,0.481308411214953,0.550702028081123,0.497553017944535,0.7616,0.67304625199362,0,0.532710280373832,0.71405750798722,0.598116169544741,0.527301092043682,0.478193146417445,0.583987441130298,0.599667774086379,0.568778979907264,0.633956386292835,0.55993690851735,0.670418006430868,0,0.536434108527132,0.479326186830015,0.506410256410256,0.607201309328969,0.488514548238897,0.509230769230769,0.531847133757962,0.508716323296355,0.64576802507837,0.537735849056604,0.562998405103668,0.576489533011272,0.536163522012579,0.586583463338534,0,0,0.516746411483254,0.537964458804523,0.503246753246753,0.547923322683706,0.537854889589905,0.62992125984252,0.568253968253968,0.623397435897436,0.573643410852713,0,0.535657686212361,0.615873015873016,0.519230769230769,0.511923688394277,0,0.645367412140575,0.549679487179487,0.477707006369427,0.682108626198083,0.70404984423676,0.59304084720121,0.690821256038647,0.552511415525114,0.527863777089783,0.536,0.52373417721519,0.54416403785489,0.602941176470588,0.488188976377953,0.519623233908948,0.517080745341615,0,0.616224648985959,0.597503900156006,0.701421800947867,0.679873217115689,0.516380655226209,0.580286168521463,0.527950310559006,0.147744945567652,0.477759472817133,0,0.684044233807267,0.488924050632911,0.481946624803768,0.70440251572327,0,0.5125,0.573872472783826,0.507861635220126,0.515432098765432,0.540498442367601,0.49203821656051,0,0,0.56661316211878,0.52258064516129,0.579113924050633,0,0.4796875,0.507836990595611,0.216383307573416,0.604761904761905,0.518459069020867,0.646781789638933,0.516025641025641,0.68075117370892,0.640866873065015,0,0.529680365296804,0.62379421221865,0.636070853462158,0.573415765069552,0.51937984496124,0.635093167701863,0,0.556982343499197,0.549770290964778,0,0.543913713405239,0.480438184663537,0.513957307060755,0.574534161490683,0,0,0.665032679738562,0.661367249602544,0.491365777080063,0.613268608414239,0,0,0.711864406779661,0.486529318541997,0.513201320132013,0.699530516431925,0.513056835637481,0.475308641975309,0.584876543209877,0.618589743589744,0.643659711075441,0.495921696574225,0.491419656786271,0,0.5072,0,0.524615384615385,0.407467532467532,0.533434650455927,0.484076433121019,0.516025641025641,0,0.688650306748466,0.64274322169059,0.513385826771654,0,0.511773940345369,0,0.712195121951219,0.518808777429467,0,0.641627543035994,0.52555910543131,0.614173228346457,0.56661316211878,0.527472527472527,0,0.521394611727417,0.65112540192926,0,0.807511737089202,0.478461538461538,0.488335925349922,0.522435897435897,0.526232114467409,0.529862174578867,0.511182108626198,0.537974683544304,0,0.533227848101266,0.00306748466257669,0.615267175572519,0.727272727272727,0.518808777429467,0.531746031746032,0.530421216848674,0.527472527472527,0.054140127388535,0.494470774091627,0.512520868113522,0.55177743431221,0.635514018691589,0.531152647975078,0.517884914463453,0.54858934169279,0,0,0.524242424242424,0,0.508448540706605,0.00157232704402516,0.539556962025316,0.679032258064516,0.599681020733652,0.560250391236307,0.589456869009585,0.00158478605388273,0.557632398753894,0.51496062992126,0.527386541471048,0.667721518987342,0.654320987654321,0.57814871016692,0.629860031104199,0.630818619582664,0.491551459293395,0.515055467511886,0.645211930926217,0.584664536741214,0.64797507788162,0.474603174603175,0,0.477491961414791,0.59775641025641,0.522875816993464,0.609034267912773,0.602465331278891,0.657276995305164,0.624012638230648,0.520123839009288,0.560260586319218,0.516339869281046,0.522875816993464,0.532051282051282,0.84044233807267,0.686028257456829,0.515873015873016,0.498480243161094,0.486322188449848,0.621621621621622,0,0.509287925696594,0.511737089201878,0,0.527093596059113,0,0.560509554140127,0,0.529595015576324,0.520700636942675,0.480798771121352,0.582539682539683,0.513097072419106,0.638668779714738,0.603395061728395,0.584935897435897,0,0,0.557723577235772,0.561085972850679,0.526645768025078,0,0,0.481361426256078,0.602184087363494,0.565286624203822,0,0.913112164296998,0,0.549050632911392,0.529886914378029,0.503215434083601,0.59480122324159,0,0.640575079872205,0.634185303514377,0.527301092043682,0.549689440993789,0.615384615384615,0.496025437201908,0.544861337683524,0.0518867924528302,0.511182108626198,0,0.529141104294479,0,0.511437908496732,0.5,0.303174603174603,0,0,0.68362480127186,0.559349593495935,0.559561128526646,0.598473282442748,0.479876160990712,0.486443381180223,0.556426332288401,0.582945736434109,0,0.515772870662461,0.528213166144201,0,0.531502423263328,0.552099533437014,0.520249221183801,0.0158478605388273,0.47068145800317,0.509493670886076,0.682615629984051,0.503184713375796,0.561290322580645,0.561815336463224,0.729903536977492,0.508527131782946,0.522222222222222,0,0.644444444444444,0.527386541471048,0,0,0.479041916167665,0,0.495238095238095,0.515723270440252,0.61437908496732,0.482371794871795,0.488745980707395,0.647249190938511,0.55784469096672,0.638065522620905,0.021671826625387,0.476650563607085,0.0615883306320908,0.0110062893081761,0,0.425,0.472952086553323,0.478605388272583,0.492307692307692,0.489859594383775,0.0253968253968254,0.0278207109737249,0.4875,0.0109717868338558,0.0032258064516129,0.0264797507788162,0.0155038759689922,0.0264385692068429,0.484992101105845,0.0141509433962264,0.48936170212766,0.483091787439614,0.0224,0.489827856025039,0.0353302611367127,0.492211838006231,0.456418383518225,0.479876160990712,0.480314960629921
"237",0.970588235294118,0.966507177033493,0.990551181102362,0.947368421052632,0.980487804878049,0.971380471380471,0.916129032258065,0.982258064516129,0.965189873417722,0,0.97258064516129,0,0.581059390048154,0.970049916805324,0.0707395498392283,0.0418679549114332,0,0.0145867098865478,0.96551724137931,0.963607594936709,0.182829888712242,0.0549084858569052,0.959119496855346,0,0.932148626817447,0.278501628664495,0.144,0.965058236272879,0.491283676703645,0.708333333333333,0.0304,0.702875399361022,0.79635761589404,0.32463295269168,0,0.972536348949919,0.0208,0.964968152866242,0.277602523659306,0.885895404120444,0.00163398692810458,0.0128205128205128,0.00485436893203883,0.970345963756178,0.797678275290216,0.0530546623794212,0.517857142857143,0.0274636510500808,0.490506329113924,0.15541601255887,0,0.972624798711755,0.289644012944984,0.965909090909091,0.910112359550562,0.176372712146423,0,0.945990180032733,0.971107544141252,0.911532385466035,0.316211878009631,0.447325769854133,0.0291734197730956,0,0.888707037643208,0.8384,0,0.967320261437909,0,0.0246710526315789,0.855325914149444,0.0365659777424483,0.0470957613814757,0.973058637083994,0,0.741784037558685,0.0741324921135647,0.589540412044374,0.920195439739414,0.289340101522843,0,0.72972972972973,0.231259968102073,0.968304278922345,0.1312,0.936507936507937,0.969936708860759,0.9728,0.950871632329635,0.00783699059561128,0.968333333333333,0.965079365079365,0,0,0.958881578947368,0,0.313001605136437,0.958466453674121,0.00634920634920635,0.00813008130081301,0.6432,0,0.305691056910569,0.969105691056911,0.135646687697161,0.972222222222222,0.00980392156862745,0.983922829581994,0.0250417362270451,0.0356564019448947,0.0330708661417323,0.929738562091503,0.339285714285714,0.959677419354839,0,0.982594936708861,0.733870967741935,0,0.0315457413249211,0.260586319218241,0,0.789126853377265,0.276252019386107,0.111111111111111,0.966292134831461,0.184764991896272,0.969889064976228,0.97007874015748,0,0.577170418006431,0.956026058631922,0.500829187396352,0.962295081967213,0,0.965686274509804,0.0485133020344288,0,0.243021346469622,0.625615763546798,0.554635761589404,0,0,0.974522292993631,0.769983686786297,0.195758564437194,0.967845659163987,0.0310457516339869,0.955342902711324,0.434083601286174,0.985981308411215,0.151565074135091,0.965346534653465,0.968595041322314,0.832012678288431,0.971291866028708,0.0248344370860927,0.967897271268058,0.0309446254071661,0,0.752845528455285,0.895148669796557,0.9536,0.0478468899521531,0,0.968701095461659,0.481907894736842,0.970149253731343,0.967793880837359,0.970636215334421,0.301412872841444,0.969502407704655,0.0294117647058824,0.939778129952456,0.0326594090202177,0.920661157024793,0.384737678855326,0,0.957928802588997,0,0.842532467532468,0.968354430379747,0.151565074135091,0.9712,0.936708860759494,0.960815047021944,0.952978056426332,0.121405750798722,0.391096979332273,0.924466338259442,0.948929159802306,0.08,0.0362776025236593,0.978583196046129,0.879365079365079,0,0,0.330112721417069,0.00161030595813205,0.968652037617555,0.274294670846395,0.896210873146623,0.746794871794872,0.979623824451411,0.469055374592834,0.455414012738854,0.320846905537459,0.913961038961039,0.949919224555735,0.90224358974359,0,0.870192307692308,0.204620462046205,0.952459016393443,0.029126213592233,0.0962145110410095,0.567699836867863,0.964573268921095,0.967741935483871,0.857605177993528,0.970967741935484,0.885245901639344,0,0.0969793322734499,0.672496025437202,0.965630114566285,0,0.961722488038278,0.985981308411215,0.575806451612903,0.561797752808989,0.96474358974359,0.96969696969697,0.391653290529695,0,0.916006339144215,0.539473684210526,1,0.035031847133758,0.965244865718799,0.972312703583062,0.973143759873618,0.9375,0.546310832025118,0.0308943089430894,0.996742671009772,0.540752351097179,0.0345368916797488,0.0313971742543171,0.22168284789644,0.0336,0.177235772357724,0.696682464454976,0.0323101777059774,0.0347551342812006,0.040650406504065,0.61993769470405,0.0679611650485437,0.97258064516129,0.00806451612903226,0.0241545893719807,0,0.248780487804878,0.972357723577236,0.953451043338684,0.902755267423015,0,0.893964110929853,0.853503184713376,0.716129032258065,0.622366288492707,0.464,0.463815789473684,0.00961538461538462,0.9688013136289,0.121835443037975,0.717105263157895,0.9952,0.0418006430868167,0.782324058919804,0.0310457516339869,0.131537242472266,0.967391304347826,0.971235194585448,0.914191419141914,0,0.675078864353312,0.910569105691057,0,0.0304,0.924882629107981,0.986798679867987,0,0.0333863275039746,0.0254372019077901,0.973553719008264,0.898692810457516,0.0316139767054908,0,0.40194489465154,0.980230642504119,0.802507836990596,0.414754098360656,0.689655172413793,0.944,0.036741214057508,0.969745222929936,0.971383147853736,0.0310457516339869,0.971153846153846,0.972712680577849,0.941841680129241,0.9696,0.198707592891761,0.330173775671406,0.316720257234727,0.983552631578947,0.927731092436975,0.0455974842767296,0.28830313014827,0.980360065466448,0.168810289389068,0.32182103610675,0.983660130718954,0.969936708860759,0.962903225806452,0.705592105263158,0.965732087227414,0.270181219110379,1,0.967585089141005,0,0.344444444444444,0.575907590759076,0.0466237942122186,0.0476190476190476,0.0387596899224806,0.895569620253165,0.0569620253164557,0.0301109350237718,0,0.242622950819672,0.969404186795491,0.100486223662885,0.983416252072968,0.995245641838352,0.984,0.3125,0.318407960199005,0.673107890499195,0.466101694915254,0,0.820846905537459,0.0414012738853503,0.0652866242038217,0.218009478672986,0.970540098199673,0.0339256865912763,0,0.342902711323764,0.0425196850393701,0.0444078947368421,0.498392282958199,0.970588235294118,0.29672131147541,0.968013468013468,0.935379644588045,0,0.973846153846154,0.0285261489698891,0.96984126984127,0.834394904458599,0.9688013136289,0.0386473429951691,0.954186413902054,0.032051282051282,0.858075040783034,0.731907894736842,0.926984126984127,0.984,0.970826580226904,0.307814992025518,0.943089430894309,0.971428571428571,0.0282131661442006,0.0496794871794872,0.9688013136289,0.967793880837359,0.341384863123994,0.861244019138756,0.946398659966499,0.958532695374801,0.9696,0,0.139344262295082,0.966346153846154,0.0244698205546493,0,0.995073891625616,0.00822368421052632,0.0637254901960784,0.968454258675079,0.995049504950495,0.00325732899022801,0.653354632587859,0.441515650741351,0.975369458128079,0.0277324632952692,0.857615894039735,0.971571906354515,0.39297124600639,0.63391442155309,0.804523424878837,0,0.179902755267423,0.986863711001642,0.973983739837398,0.454983922829582,0.97427652733119,0.952461799660441,0.0479233226837061,0.00159235668789809,0.976114649681529,0.972447325769854,0.957723577235772,0.689102564102564,0.0355411954765751,0.89344262295082,0.26517571884984,0.204047217537943,0.00476190476190476,0.627642276422764,0.620294599018003,0.646031746031746,0,0.289735099337748,0.923824959481361,0.6464,0.541471048513302,0.104199066874028,0,0,0.972307692307692,0.951104100946372,0,0.959216965742251,0.00661157024793388,0,0,0.968,0,0.980263157894737,0.806451612903226,0.558544303797468,0.968253968253968,0,0,0.974151857835218,0.95141065830721,0.728139904610493,0.0290322580645161,0.00166389351081531,0.902053712480253,0.631239935587762,0.974025974025974,0.536392405063291,0.368932038834951,0,0.957413249211357,0.0318257956448911,0.971854304635762,0.09688013136289,0,0.0377952755905512,0.134206219312602,0.494077834179357,0.94620253164557,0,0.971383147853736,0.9632,0.975922953451043,0,0.1,0.911111111111111,0.035472972972973,0.965571205007825,0.970873786407767,0.035031847133758,0.968454258675079,0.325281803542673,0.829073482428115,0.038961038961039,0.188311688311688,0.968903436988543,0.00802568218298555,0.0293637846655791,0.97588424437299,0.032626427406199,0.679276315789474,0.419354838709677,0,0.141494435612083,0.758169934640523,0.286858974358974,0.965023847376789,0.0275526742301459,0.165615141955836,0.464646464646465,0.949367088607595,0.901898734177215,0.945686900958466,0.750410509031199,0,0.966507177033493,0.0286168521462639,0.940032414910859,0.415032679738562,0.0286168521462639,0.965023847376789,0.971947194719472,0.970826580226904,0.640065146579805,0.9824,0.152845528455285,0.211221122112211,0.942528735632184,0.899361022364217,0,0,0.968595041322314,0.926421404682274,0.0415282392026578,0.976897689768977,0.974803149606299,0.391935483870968,0.967266775777414,0.751633986928105,0.912280701754386,0,0.957345971563981,0.346278317152104,0.975767366720517,0.967845659163987,0,0.6592,0.993453355155483,0.0352564102564103,0.703403565640194,0.398073836276083,0.8,0.714285714285714,0.936708860759494,0.0926216640502355,0.965686274509804,0.969648562300319,0.982594936708861,0.316831683168317,0.12012987012987,0.972668810289389,0.965244865718799,0.0064,0.79080824088748,0.480891719745223,0.272151898734177,0.780448717948718,0.967585089141005,0.874183006535948,0.967585089141005,0.140600315955766,0.033167495854063,0,0.85,0.032626427406199,0.0308441558441558,0.288244766505636,0,0.974151857835218,0.92822966507177,0.969305331179321,0.974151857835218,0.117741935483871,0.0325732899022801,0,0,0.194762684124386,0.110569105691057,0.168300653594771,0,0.0256410256410256,0.969745222929936,0.0173775671406003,0.322528363047002,0.970826580226904,0.624595469255663,0.949429037520392,0.68362480127186,0.653543307086614,0,0.968602825745683,0.424590163934426,0.513957307060755,0.940438871473354,0.977491961414791,0.415185783521809,0.00646203554119548,0.962382445141066,0.962264150943396,0,0.95125786163522,0.0465489566613162,0.975450081833061,0.444976076555024,0,0.00642054574638844,0.547420965058236,0.857377049180328,0.0286624203821656,0.152066115702479,0.00806451612903226,0.00166389351081531,0.742138364779874,0.0476190476190476,0.967521367521368,0.338582677165354,0.975193798449612,0.0283464566929134,0.407290015847861,0.3354943273906,0.889816360601002,0.122112211221122,0.0353130016051364,0.00160513643659711,0.070957095709571,0,0.96551724137931,0.0540540540540541,0.986111111111111,0.0372168284789644,0.968903436988543,0,0.53198127925117,0.488562091503268,0.967897271268058,0,0.974603174603175,0,0.405990016638935,0.965189873417722,0,0.668789808917197,0.970826580226904,0.748768472906404,0.982113821138211,0.055379746835443,0,0.967689822294023,0.27823240589198,0,0.707936507936508,0.0235109717868339,0.0429936305732484,0.973983739837398,0.973898858075041,0.968701095461659,0.946774193548387,0.959083469721768,0,0.953074433656958,0.0203761755485893,0.362619808306709,0.310789049919485,0.965079365079365,0.964227642276423,0.968203497615262,0.958990536277603,0.0560897435897436,0.040453074433657,0.973154362416107,0.954619124797407,0.715670436187399,0.954911433172303,0.974358974358974,1,0,0,0.957317073170732,0,0.0940988835725678,0,0.974603174603175,0.29042904290429,0.232289950576606,0.15112540192926,0.915064102564103,0,0.138314785373609,0.967948717948718,0.975845410628019,0.663414634146341,0.45398773006135,0.247295208655332,0.197819314641745,0.652459016393443,0.0238473767885533,0.146263910969793,0.579032258064516,0.276872964169381,0.707006369426752,0.0431309904153355,0,0.0258481421647819,0.338788870703764,0.968333333333333,0.645833333333333,0.254237288135593,0.639109697933227,0.894321766561514,0.955766192733017,0.95819397993311,0.970443349753695,0.975124378109453,0.970967741935484,0.567479674796748,0.436018957345972,0.972447325769854,0.0368098159509202,0.0408163265306122,0.894651539708266,0.0110935023771791,0.9696,0.9408,0,0.14497528830313,0,0.95389507154213,0,0.96474358974359,0.971291866028708,0.0315955766192733,0.853225806451613,0.968701095461659,0.691680261011419,0.6432,0.905228758169935,0,0,0.935702199661591,0.976958525345622,0.982428115015974,0,0,0.0316666666666667,0.25,0.508064516129032,0,0.46984126984127,0,0.920065252854812,0.967741935483871,0.185970636215334,0.262658227848101,0,0.349417637271215,0.5776,0.845047923322684,0.996913580246914,0.796116504854369,0.0257648953301127,0.97875816993464,0.014218009478673,0.966074313408724,0,0.98145285935085,0.00483091787439614,0.970540098199673,0.0411184210526316,0.0279146141215107,0,0,0.846526655896607,0.919191919191919,0.958925750394945,0.716323296354992,0.0529595015576324,0.03125,0.839228295819936,0.827426810477658,0,0.0398089171974522,0.944715447154472,0,0.953947368421053,0.993710691823899,0.0852090032154341,0.0340909090909091,0.0293159609120521,0.971473851030111,0.483766233766234,0.0977198697068404,0.120200333889816,0.141479099678457,0.712662337662338,0.11198738170347,0.972668810289389,0,0.773095623987034,0.961904761904762,0.00324149108589951,0,0.0357698289269051,0,0.0343698854337152,0.971107544141252,0.716417910447761,0.0325732899022801,0.0343137254901961,0.570723684210526,0.966453674121406,0.467511885895404,0.0415335463258786,0.0298507462686567,0.0512396694214876,0.0208667736757624,0,0.0486223662884927,0.0392464678178964,0.0296540362438221,0.0481540930979133,0.0255591054313099,0.0421393841166937,0.0499194847020934,0.0373376623376623,0.0227642276422764,0.00658978583196046,0.0274193548387097,0.027027027027027,0.0501618122977346,0.0418679549114332,0.0224719101123595,0.0229132569558101,0.0378289473684211,0.0374592833876222,0.0341463414634146,0.0236593059936909,0.0316455696202532,0.0579710144927536,0.0328125,0.0338709677419355
"238",0.00318471337579618,0,0.029595015576324,0.0645669291338583,0.015748031496063,0,0.0993690851735016,0.0264385692068429,0,0,0,0,0.437795275590551,0,0.963133640552995,0.992295839753467,0,0.00156494522691706,0.00159235668789809,0.0199692780337942,0.845201238390093,0.967320261437909,0.0124031007751938,0,0.0354938271604938,0.756289308176101,0.890795631825273,0.012924071082391,0.519083969465649,0.316358024691358,1,0.3198127925117,0.232704402515723,0.715625,0,0,0.00462249614791988,0.00464396284829721,0.750373692077728,0.0895061728395062,0,0,0,0,0.223101265822785,0.974803149606299,0.499217527386541,1,0.554054054054054,0.863429438543247,0,0.0077639751552795,0.729770992366412,0,0.109034267912773,0.845425867507886,0,0.0251968503937008,0.0399385560675883,0.0953846153846154,0.70679012345679,0.56030534351145,1,0,0.1008,0.167434715821813,0,0.0124804992199688,0,1,0.140888208269525,0.996870109546166,0.981651376146789,0,0,0.293577981651376,0.957120980091884,0.42967542503864,0.109697933227345,0.743333333333333,0,0.293759512937595,0.795731707317073,0.00154798761609907,0.885271317829457,0.0952380952380952,0.00473186119873817,0.0294573643410853,0.0340557275541796,0,0.0141955835962145,0,0,0,0.0239234449760766,0,0.685847589424572,0.0217391304347826,0,0,0.388364779874214,0,0.718995290423862,0,0.897435897435897,0,0,0.0202808112324493,1,0.990668740279938,0.990726429675425,0.0842433697347894,0.6671875,0.003125,0,0.0139103554868624,0.298136645962733,0,1,0.772151898734177,0,0.233333333333333,0.750778816199377,0.926163723916533,0.0294117647058824,0.843558282208589,0,0.00155763239875389,0,0.462962962962963,0.0736677115987461,0.512038523274478,0.00949367088607595,0,0.00622083981337481,0.977272727272727,0,0.790297339593114,0.3765625,0.48966613672496,0,0,0.0232198142414861,0.237947122861586,0.825878594249201,0,0.993788819875776,0.0808709175738725,0.590909090909091,0.02,0.862838915470494,0.0123839009287926,0,0.164869029275809,0.00625,1,0,1,0,0.258675078864353,0.140243902439024,0.0184615384615385,0.979907264296754,0,0,0.552215189873418,0,0,0,0.713414634146341,0.0251968503937008,0.998425196850394,0.0478325859491779,1,0.10989010989011,0.638461538461538,0,0.0171875,0,0.158878504672897,0,0.872641509433962,0.021671826625387,0.0496894409937888,0.0103857566765579,0.0244274809160305,0.902927580893683,0.62962962962963,0.0713153724247227,0.0616113744075829,0.941267387944359,0.993817619783617,0.0221169036334913,0.127692307692308,0,0,0.707740916271722,0,0,0.745814307458143,0.1171875,0.256211180124224,0.0107033639143731,0.588697017268446,0.563944530046225,0.721153846153846,0.0834621329211747,0.0342146189735614,0.127659574468085,0,0.111627906976744,0.824367088607595,0.0570522979397781,1,0.940092165898618,0.475,0.0202492211838006,0.02,0.172955974842767,0.00153846153846154,0.107476635514019,0,0.9328125,0.331297709923664,0.00631911532385466,0,0.00921658986175115,0.019578313253012,0.462249614791988,0.459501557632399,0.00947867298578199,0,0.619565217391304,0,0.0990853658536585,0.484423676012461,0.035031847133758,1,0.0419254658385093,0.0015625,0,0.0482866043613707,0.464615384615385,0.998432601880878,0.0326594090202177,0.473118279569892,0.995488721804511,0.998480243161094,0.794712286158631,1,0.848242811501597,0.321752265861027,1,0.99537037037037,0.989147286821705,0.418711656441718,0.963375796178344,0.0172413793103448,0,1,0,0.775157232704403,0,0.0171073094867807,0.0933125972006221,0,0.141269841269841,0.140695915279879,0.320126782884311,0.41304347826087,0.555209953343701,0.546603475513428,0,0,0.906832298136646,0.314696485623003,0.0417310664605873,0.987711213517665,0.256923076923077,0.998432601880878,0.875384615384615,0,0,0.0984126984126984,0,0.361153262518968,0.102803738317757,0,1,0.0958904109589041,0.0189274447949527,0,0.998456790123457,0.998473282442748,0.021978021978022,0.120063191153239,1,0,0.610429447852761,0.010989010989011,0.215686274509804,0.609717868338558,0.342271293375394,0.0418604651162791,0.990769230769231,0,0,0.993788819875776,0.0310077519379845,0,0.0253968253968254,0,0.825077399380805,0.693251533742331,0.729102167182663,0.0236593059936909,0.0611916264090177,0.00152439024390244,0.733542319749216,0.0263975155279503,0.858475894245723,0.702985074626866,0.00459418070444104,0.00157728706624606,0.0344827586206897,0.296825396825397,0.00151057401812689,0.754330708661417,0.0368098159509202,0.00318979266347687,0,0.686821705426357,0.458786936236392,0.979907264296754,0.00152905198776758,0.990825688073395,0.0889235569422777,0.976816074188563,1,0,0.782071097372488,0.0046583850931677,0.927244582043344,0.0145161290322581,0.031201248049922,0.0156494522691706,0.715179968701095,0.719354838709677,0.3265625,0.552845528455285,0,0.172360248447205,0.990895295902883,0.964831804281346,0.813169984686064,0,1,0,0.672754946727549,0.989214175654854,0.976744186046512,0.528301886792453,0,0.7328,0,0.0340557275541796,0,0.00895522388059702,1,0.00152671755725191,0.169517884914463,0,0.987519500780031,0.018348623853211,1,0.11128526645768,0.305379746835443,0.0533751962323391,0.0137825421133231,0,0.718701700154559,0.0358255451713396,0,1,0.978159126365055,0,0,0.691358024691358,0.108695652173913,0.0336,0.0478395061728395,0,0,0.886762360446571,0,0.998439937597504,0,0.0377358490566038,0,0.95260663507109,0,0.031104199066874,0,0.371695178849145,0.592879256965944,0.0173775671406003,0.998402555910543,0.134069400630915,0.00317460317460317,0.621283255086072,0.409230769230769,0.219135802469136,0,0.845553822152886,0.0236220472440945,0.00154798761609907,0.557993730407524,0,0.0326797385620915,0.966929133858268,0,0.0170015455950541,0.00614439324116743,0.0497667185069984,0.313546423135464,0.993730407523511,0.138629283489097,0.771341463414634,0.805510534846029,0,0.380877742946708,0.399046104928458,0.407407407407407,0,0.720565149136578,0.0917573872472784,0.355932203389831,0.485362095531587,0.92781954887218,0,0,0,0.0247678018575851,0,0.084375,0,0,0,0,0,0,0.240683229813665,0.487767584097859,0,0,0,0.00613496932515337,0.0345864661654135,0.280487804878049,1,0,0.106544901065449,0.404907975460123,0,0.476335877862595,0.661949685534591,0,0.0202177293934681,1,0.043956043956044,0.908082408874802,0,0.991004497751124,0.881141045958796,0.508914100486224,0.0290519877675841,0,0.0538116591928251,0.0213740458015267,0,0,0.923676012461059,0.0642504118616145,0.995238095238095,0,0,0.992319508448541,0,0.71183800623053,0.191653786707883,0.990639625585023,0.836734693877551,0.0390015600624025,0,1,0.029320987654321,0.992050874403816,0.340625,0.617322834645669,0,0.887345679012346,0.263823064770932,0.744976816074189,0.0259146341463415,1,0.871987951807229,0.540453074433657,0.055045871559633,0.114678899082569,0.0394944707740916,0.2574568288854,0,0.0169753086419753,1,0.0342679127725857,0.610223642172524,1,0,0,0,0.382581648522551,0.015625,0.8712715855573,0.812206572769953,0.0481366459627329,0.118195956454121,0,0,0.00955414012738853,0.0588235294117647,0.9858934169279,0.0141955835962145,0.00770416024653313,0.639876352395672,0.078003120124805,0.274294670846395,0.105182926829268,0,0.0268562401263823,0.657232704402516,0,0.00155763239875389,0,0.362068965517241,0.0284810126582278,1,0.327044025157233,0.624427480916031,0.195195195195195,0.335453100158982,0.0448430493273543,0.919452887537994,0.0145631067961165,0,0.0183767228177642,0.686900958466454,0.877329192546584,0.0093603744149766,0,0,0.224615384615385,0.54,0.745709828393136,0.241433021806854,0,0.12111801242236,0,0.104134762633997,1,0,0.18,0.996830427892235,1,0.732115677321157,0,0.00923076923076923,0.0876923076923077,0.0015625,0.00606060606060606,0.91692789968652,1,0,0,0.835680751173709,0.925117004680187,0.837795275590551,0,1,0,0.420091324200913,0.715408805031447,0,0.418351477449456,0.0299212598425197,0.368421052631579,0.365705614567527,0,0,0.625194401244168,0.520700636942675,0.0803030303030303,0.00924499229583975,0.622699386503067,0,0.0515625,0.0487804878048781,0,0.0363086232980333,0.986089644513138,0.0144694533762058,0.5578125,0,0,0.496732026143791,0.1703125,1,0.869634340222575,0,0,0.264750378214826,0.976708074534162,0,0.690076335877863,0.0075642965204236,1,0.618012422360248,0.695178849144635,0.134706814580032,0.901929260450161,0.995391705069124,0,0.965079365079365,0,0.0060790273556231,0.798701298701299,0.019578313253012,0.995268138801262,0,0,0.488584474885845,0.539308176100629,0,0,0.0015220700152207,0,0.6112,0.00769230769230769,0,0.343076923076923,0.0171875,0.26502311248074,0.0486656200941915,0.963302752293578,0,0,0.735109717868339,0,0.322981366459627,1,0.982998454404946,0,0,0.00925925925925926,0.0282131661442006,0.0205047318611987,0,0.0218408736349454,0,0.637329286798179,0.724615384615385,0.00769230769230769,0.00938967136150235,0.0060790273556231,0.00460829493087558,0.0298273155416013,0.984301412872841,0.016260162601626,0.0415384615384615,0.273556231003039,0.0217729393468118,0,0.0309119010819165,0,0,0.0163934426229508,0,0.936532507739938,0,0.0496894409937888,0.730462519936204,0.799679487179487,0.876543209876543,0.0825396825396825,0,0.900928792569659,0,0,0.380655226209048,0.603576751117735,0.7847533632287,0.820121951219512,0.359746434231379,1,0.880434782608696,0.458528951486698,0.744514106583072,0.292307692307692,0.989180834621329,0,1,0.657728706624606,0,0.363076923076923,0.773613193403298,0.377329192546584,0.13251155624037,0.00894187779433681,0.0420711974110032,0.023696682464455,0,0,0.455813953488372,0.584876543209877,0.0015748031496063,0.994011976047904,0.990853658536585,0.128325508607199,0,0,0.0294117647058824,0,0.893141945773525,0,0.0496124031007752,0,0.0258358662613982,0,0.993846153846154,0.163779527559055,0,0.353125,0.379310344827586,0.109204368174727,0,0,0.0657051282051282,0.0611028315946349,0.012326656394453,0,0,1,0.764705882352941,0.496111975116641,0,0.566978193146417,0,0.0758293838862559,0,0.800933125972006,0.769924812030075,0,0.650793650793651,0.413312693498452,0.129230769230769,0.0365853658536585,0.229329173166927,1,0.0113085621970921,0.0837209302325581,0,0,0.0199386503067485,0,0,0.979719188767551,0.614649681528662,0,0,0.174382716049383,0.0731319554848967,0.0524691358024691,0.282706766917293,0.97428139183056,0.995253164556962,0.164852255054432,0.169207317073171,0,0.982839313572543,0.028169014084507,0,0.0143769968051118,0.0481203007518797,0.940993788819876,0,0.998442367601246,0,0.535101404056162,0.927244582043344,0.904912836767036,0.893518518518518,0.312401883830455,0.903030303030303,0,0,0.229199372056515,0.0171339563862928,0,0,1,0,1,0,0.273162939297125,1,1,0.467817896389325,0.0443037974683544,0.557959814528594,0,0.998405103668262,0.0527156549520767,0.0062111801242236,0,0.811708860759494,0.995454545454545,0.998397435897436,0.982998454404946,1,0,0,0.986153846153846,0.00309597523219814,0.00159235668789809,0.0278207109737249,0.00464396284829721,0,0.993827160493827,0.0108864696734059,1,0.996865203761755,0,0.9921875,0.0458015267175573,1,0.924764890282132,0.998480243161094,0.998444790046656
"239",0.95968992248062,0.953703703703704,0.949618320610687,0.928348909657321,0.960876369327074,0.960691823899371,0.877488514548239,0.951070336391437,0.961077844311377,0,0.955521472392638,0,0.605182926829268,0.957680250783699,0.0895061728395062,0.05,0,0.0153846153846154,0.951863354037267,0.955993930197269,0.199395770392749,0.0759493670886076,0.952887537993921,0,0.914373088685015,0.29375,0.155963302752294,0.951638065522621,0.508295625942685,0.702127659574468,0.0408472012102874,0.713629402756508,0.781645569620253,0.31039755351682,0,0.958204334365325,0.0194902548725637,0.956456456456456,0.289747399702823,0.884792626728111,0.00154798761609907,0.0136986301369863,0.00302571860816944,0.956589147286822,0.786271450858034,0.0657492354740061,0.529411764705882,0.0445468509984639,0.491044776119403,0.166917293233083,0,0.956386292834891,0.302611367127496,0.956856702619414,0.86697965571205,0.200949367088608,0,0.956454121306376,0.936267071320182,0.912121212121212,0.329787234042553,0.463302752293578,0.0420560747663551,0,0.890282131661442,0.827743902439024,0,0.953172205438066,0,0.046801872074883,0.843702579666161,0.045662100456621,0.0597243491577335,0.959881129271917,0,0.723146747352496,0.0771558245083207,0.591463414634146,0.890649762282092,0.310569105691057,0,0.728658536585366,0.243939393939394,0.960843373493976,0.147013782542113,0.90210843373494,0.960546282245827,0.953242835595777,0.934150076569678,0.00909090909090909,0.955453149001536,0.957446808510638,0,0,0.943661971830986,0,0.320061255742726,0.95398773006135,0.00611620795107034,0.00619195046439629,0.629860031104199,0,0.31201248049922,0.956043956043956,0.136842105263158,0.96031746031746,0.00916030534351145,0.956181533646322,0.0403726708074534,0.0432766615146832,0.0476923076923077,0.8859375,0.347692307692308,0.950844854070661,0,0.968277945619335,0.719325153374233,0,0.0443425076452599,0.266666666666667,0,0.780821917808219,0.274242424242424,0.115506329113924,0.957317073170732,0.187311178247734,0.956390977443609,0.95852534562212,0,0.568807339449541,0.920684292379471,0.494488188976378,0.947368421052632,0,0.95447409733124,0.0526315789473684,0,0.2398753894081,0.653374233128834,0.536661466458658,0,0,0.96793893129771,0.769592476489028,0.202194357366771,0.959564541213064,0.0414110429447853,0.911987860394537,0.444270015698587,0.959214501510574,0.168769716088328,0.949771689497717,0.956043956043956,0.818740399385561,0.966463414634146,0.034375,0.957251908396947,0.0435458786936236,0,0.749615975422427,0.857784431137725,0.960365853658537,0.0623145400593472,0,0.95565749235474,0.484992101105845,0.961783439490446,0.955993930197269,0.960546282245827,0.310606060606061,0.967987804878049,0.0402476780185759,0.926756352765321,0.0428994082840237,0.886115444617785,0.404191616766467,0,0.950233281493002,0,0.837209302325581,0.954337899543379,0.151799687010955,0.958715596330275,0.92156862745098,0.95187969924812,0.939301972685888,0.130105900151286,0.399408284023669,0.909516380655226,0.940625,0.0812883435582822,0.0524691358024691,0.956454121306376,0.845092024539877,0,0,0.327102803738318,0.00153139356814701,0.957831325301205,0.285714285714286,0.854660347551343,0.761689291101056,0.961077844311377,0.440809968847352,0.447004608294931,0.316692667706708,0.903076923076923,0.935483870967742,0.868852459016393,0,0.844311377245509,0.215189873417722,0.964560862865948,0.0395738203957382,0.109281437125749,0.55030487804878,0.946401225114854,0.95352323838081,0.835680751173709,0.961300309597523,0.890076335877863,0,0.116385911179173,0.67603550295858,0.965785381026439,0,0.95187969924812,0.955156950672646,0.571644042232277,0.570542635658915,0.948916408668731,0.95389507154213,0.384375,0,0.864457831325301,0.546995377503852,0.965244865718799,0.0419254658385093,1,0.961240310077519,0.957120980091884,0.930124223602484,0.547945205479452,0.044822256568779,0.953703703703704,0.566066066066066,0.0493273542600897,0.0439393939393939,0.22239263803681,0.0416666666666667,0.179080824088748,0.669195751138088,0.0397553516819572,0.0410958904109589,0.0516717325227964,0.603945371775417,0.0845070422535211,0.962790697674419,0.0077639751552795,0.0367534456355283,0,0.257318952234206,0.957006369426752,0.947368421052632,0.888719512195122,0,0.855325914149444,0.857142857142857,0.705521472392638,0.617378048780488,0.484472049689441,0.468944099378882,0.00918836140888208,0.95679012345679,0.131901840490798,0.7234375,0.945397815912636,0.0499243570347958,0.755795981452859,0.0474732006125574,0.162861491628615,0.959641255605381,0.958795562599049,0.874411302982732,0,0.646433990895296,0.862229102167183,0,0.040785498489426,0.877458396369138,0.953271028037383,0,0.0445468509984639,0.0365296803652968,0.957943925233645,0.888544891640867,0.0470219435736677,0,0.401538461538462,0.962558502340094,0.774145616641902,0.423312883435583,0.672897196261682,0.940029985007496,0.0492307692307692,0.957511380880121,0.954198473282443,0.0462249614791988,0.989214175654854,0.960244648318043,0.944794952681388,0.952599388379205,0.227202472952087,0.336349924585219,0.304615384615385,0.955038759689922,0.915625,0.0458015267175573,0.29264475743349,0.961119751166407,0.201820940819423,0.336826347305389,0.969325153374233,0.953632148377125,0.962962962962963,0.696875,0.948948948948949,0.275541795665635,0.943028485757121,0.958268933539413,0,0.349397590361446,0.556589147286822,0.0567484662576687,0.0513595166163142,0.048048048048048,0.888549618320611,0.0561456752655539,0.0438729198184569,0,0.267477203647416,0.954828660436137,0.11402157164869,0.9648,0.946808510638298,0.961059190031153,0.3140625,0.312,0.689024390243902,0.473344103392569,0,0.830246913580247,0.0495495495495495,0.0765765765765766,0.226586102719033,0.968602825745683,0.0443425076452599,0,0.346687211093991,0.0523952095808383,0.0672926447574335,0.493788819875776,0.955725190839695,0.312401883830455,0.952,0.933846153846154,0,0.964705882352941,0.0426829268292683,0.957831325301205,0.833333333333333,0.958795562599049,0.0503048780487805,0.946070878274268,0.0343213728549142,0.859969558599696,0.73469387755102,0.914670658682635,0.955927051671733,0.951145038167939,0.304878048780488,0.940275650842266,0.953242835595777,0.0405405405405405,0.0593607305936073,0.95625,0.957055214723926,0.362654320987654,0.858662613981763,0.932475884244373,1,0.958652373660031,0,0.153125,0.956989247311828,0.0391236306729265,0,0.951713395638629,0.00794912559618442,0.078125,0.957575757575758,0.948995363214838,0.00309119010819165,0.636225266362253,0.46141975308642,0.955625990491284,0.037914691943128,0.848580441640379,0.960443037974684,0.409020217729393,0.603100775193798,0.799387442572741,0,0.187786259541985,0.951181102362205,0.958397534668721,0.483024691358025,0.962235649546828,0.943729903536977,0.0697674418604651,0,0.953453453453453,0.959814528593508,0.940366972477064,0.698650674662669,0.0465116279069767,0.852307692307692,0.276073619631902,0.196428571428571,0.00303030303030303,0.630094043887147,0.604327666151468,0.640243902439024,0,0.303656597774245,0.88719512195122,0.659021406727829,0.554198473282443,0.110619469026549,0,0,0.961595273264402,0.949852507374631,0,0.904320987654321,0.00625,0,0,0.952234206471495,0,0.960998439937597,0.771121351766513,0.547761194029851,0.957831325301205,0,0,0.955453149001536,0.936011904761905,0.740061162079511,0.0468277945619335,0.00158478605388273,0.861911987860395,0.607033639143731,0.95852534562212,0.569277108433735,0.380216383307573,0,0.963470319634703,0.0394321766561514,0.939628482972136,0.128682170542636,0,0.0476900149031297,0.147286821705426,0.491056910569106,0.938066465256798,0,0.932228915662651,0.942942942942943,0.957446808510638,0,0.110419906687403,0.91025641025641,0.0448717948717949,0.957317073170732,0.964885496183206,0.0393939393939394,0.963358778625954,0.31651376146789,0.803951367781155,0.0539291217257319,0.192125984251969,1,0.00925925925925926,0.0414746543778802,0.951515151515152,0.0478468899521531,0.677725118483412,0.417445482866044,0,0.139393939393939,0.753894080996885,0.275384615384615,0.947852760736196,0.0392464678178964,0.178082191780822,0.47258064516129,0.957511380880121,0.880952380952381,0.929339477726575,0.770206022187005,0,0.949177877428999,0.0443425076452599,0.937984496124031,0.420221169036335,0.0419790104947526,0.956060606060606,0.955108359133127,0.955108359133127,0.657450076804916,0.958652373660031,0.1640625,0.219135802469136,0.912844036697248,0.854961832061069,0,0,0.96417445482866,0.915123456790123,0.0544323483670296,0.956454121306376,0.958778625954198,0.394777265745008,0.915625,0.714285714285714,0.870676691729323,0,0.934883720930233,0.345146379044684,0.96,0.956386292834891,0,0.659969088098918,0.951788491446345,0.0419906687402799,0.688188976377953,0.41321044546851,0.80952380952381,0.708920187793427,0.924924924924925,0.113905325443787,0.946957878315133,0.958966565349544,0.963414634146341,0.316535433070866,0.129032258064516,0.958461538461538,0.9558599695586,0.00757575757575758,0.778801843317972,0.464506172839506,0.292758089368259,0.761978361669243,0.95738203957382,0.859133126934985,0.959090909090909,0.136157337367625,0.0443740095087163,0,0.825617283950617,0.0406885758998435,0.0401234567901235,0.307926829268293,0,0.961360123647604,0.948484848484848,0.95679012345679,0.962006079027356,0.125193199381762,0.0419906687402799,0,0,0.210691823899371,0.115625,0.193498452012384,0,0.0414746543778802,0.95,0.0257186081694402,0.309375,0.956589147286822,0.608294930875576,0.944186046511628,0.687975646879756,0.659670164917541,0,0.952662721893491,0.403726708074534,0.5,0.896396396396396,0.963691376701967,0.417168674698795,0.0075642965204236,0.939907550077042,0.942684766214178,0,0.94213649851632,0.0552995391705069,0.959183673469388,0.455235204855842,0,0.00762195121951219,0.530063291139241,0.828393135725429,0.0450310559006211,0.169303797468354,0.00764525993883792,0.0016,0.739130434782609,0.057542768273717,0.959349593495935,0.342383107088989,0.957831325301205,0.0396946564885496,0.394817073170732,0.356807511737089,0.853125,0.132701421800948,0.0440060698027314,0.00151057401812689,0.0760869565217391,0,0.95187969924812,0.062200956937799,0.95414201183432,0.046583850931677,0.959438377535101,0,0.56006006006006,0.488479262672811,0.955453149001536,0,0.961019490254873,0,0.424050632911392,0.953383458646617,0,0.654135338345865,0.950310559006211,0.775888717156105,0.936236391912908,0.0706766917293233,0,0.960365853658537,0.296754250386399,0,0.709480122324159,0.037593984962406,0.0564885496183206,0.959814528593508,0.957613814756672,0.957957957957958,0.941448382126348,0.958397534668721,0,0.938366718027735,0.0198170731707317,0.367692307692308,0.318042813455657,0.956259426847662,0.955792682926829,0.954614220877458,0.941628264208909,0.0520673813169985,0.0539291217257319,0.962843295638126,0.966666666666667,0.731927710843373,0.948249619482496,0.959090909090909,0.959459459459459,0,0,0.949554896142433,0,0.103448275862069,0,0.926940639269406,0.315873015873016,0.244094488188976,0.153262518968134,0.90795631825273,0.00153846153846154,0.143511450381679,0.957251908396947,0.963581183611533,0.658950617283951,0.438953488372093,0.242245199409158,0.220877458396369,0.669254658385093,0.0402384500745156,0.165905631659056,0.565687789799073,0.283076923076923,0.722306525037936,0.0463678516228748,0,0.0421216848673947,0.341614906832298,0.951026856240126,0.622324159021407,0.252631578947368,0.640483383685801,0.858006042296072,0.947368421052632,0.943910256410256,0.959438377535101,0.965625,0.962732919254658,0.574468085106383,0.444444444444444,0.958652373660031,0.0522388059701493,0.0509745127436282,0.861325115562404,0.0105105105105105,0.951807228915663,0.929323308270677,0,0.146875,0,0.964669738863287,0,0.946564885496183,0.955589586523737,0.0438066465256798,0.824427480916031,0.954954954954955,0.6453125,0.618320610687023,0.858034321372855,0,0,0.912,0.922401171303075,0.965098634294385,0,0,0.0427892234548336,0.25948406676783,0.523291925465838,0,0.490881458966565,0,0.916537867078825,0.958204334365325,0.194006309148265,0.273542600896861,0,0.37597503900156,0.608628659476117,0.847094801223242,0.94311377245509,0.761904761904762,0.0446841294298921,0.96551724137931,0.0137614678899083,0.948517940717629,0,0.956390977443609,0.00454545454545455,0.957943925233645,0.0584615384615385,0.0358814352574103,0,0,0.824806201550388,0.911949685534591,0.91553544494721,0.694277108433735,0.0569715142428786,0.0448916408668731,0.828267477203647,0.815592203898051,0,0.0538461538461538,0.93944099378882,0,0.953198127925117,0.944954128440367,0.0971168437025797,0.0382262996941896,0.0387596899224806,0.951515151515152,0.485271317829457,0.116207951070336,0.125786163522013,0.155589123867069,0.716744913928013,0.126139817629179,0.949921752738654,0,0.767441860465116,0.948640483383686,0.00154320987654321,0,0.0431547619047619,0,0.0506912442396313,0.96577380952381,0.712025316455696,0.0423197492163009,0.0392464678178964,0.555031446540881,0.935681470137825,0.472560975609756,0.0455235204855842,0.0349761526232114,0.0558213716108453,0.0184049079754601,0,0.06,0.0451127819548872,0.0423197492163009,0.055045871559633,0.0333839150227618,0.0467289719626168,0.0528700906344411,0.0579268292682927,0.0201238390092879,0.00475435816164818,0.0261136712749616,0.0241691842900302,0.0542168674698795,0.0527950310559006,0.0198776758409786,0.0412044374009509,0.0419906687402799,0.0421875,0.0440729483282675,0.0255255255255255,0.0440729483282675,0.0791925465838509,0.0443131462333826,0.04375
"240",0.995230524642289,0.998410174880763,0.976489028213166,0.94620253164557,0.98876404494382,0.998360655737705,0.894822006472492,0.977917981072555,0.9984375,0,0.998425196850394,0,0.561320754716981,0.998389694041868,0.0451010886469673,0.00797448165869218,0,0.015748031496063,0.998392282958199,0.984301412872841,0.1546875,0.0338164251207729,0.985871271585557,0,0.959311424100156,0.253543307086614,0.116987179487179,0.987012987012987,0.450155763239875,0.695787831513261,0.00155763239875389,0.691573926868045,0.769354838709677,0.281847133757962,0,1,0.0156494522691706,0.992211838006231,0.254992319508449,0.901898734177215,0.0016,0.0172413793103448,0.00630914826498423,0.99837925445705,0.782752902155887,0.0225806451612903,0.508856682769726,0.00159744408945687,0.470679012345679,0.124223602484472,0,0.99198717948718,0.259842519685039,0.998392282958199,0.880382775119617,0.154458598726115,0,0.972447325769854,0.959311424100156,0.89937106918239,0.300157977883096,0.413312693498452,0.0016,0,0.901453957996769,0.821150855365474,0,0.990476190476191,0,0,0.855365474339036,0.00794912559618442,0.01743264659271,0.998415213946117,0,0.713846153846154,0.0515625,0.581903276131045,0.909531502423263,0.262458471760797,0,0.709828393135725,0.196319018404908,0.998444790046656,0.106012658227848,0.911671924290221,0.995283018867924,0.973684210526316,0.963893249607535,0.0138888888888889,0.990338164251208,0.9984375,0,0,0.973813420621931,0,0.292134831460674,0.985691573926868,0.00940438871473354,0.0095389507154213,0.601574803149606,0,0.26984126984127,0.998384491114701,0.109204368174727,1,0.0111111111111111,0.982511923688394,0.00161550888529887,0.00796178343949045,0.00783699059561128,0.904458598726115,0.327044025157233,0.990461049284579,0,0.990536277602524,0.716981132075472,0,0.00158227848101266,0.2272,0,0.764044943820225,0.23015873015873,0.0765472312703583,0.976525821596244,0.152037617554859,0.995305164319249,0.995283018867924,0,0.533018867924528,0.941362916006339,0.482084690553746,0.9856,0,0.99512987012987,0.0261941448382126,0,0.203497615262321,0.623188405797101,0.508885298869144,0,0,0.982704402515723,0.762738853503185,0.167752442996743,0.998389694041868,0.00791139240506329,0.926216640502355,0.416129032258065,0.982998454404946,0.126829268292683,0.984177215189873,1,0.849056603773585,0.996820349761526,0,0.998439937597504,0.00161030595813205,0,0.738019169329074,0.868827160493827,0.980830670926518,0.015748031496063,0,0.998442367601246,0.439739413680782,0.998363338788871,0.9984375,0.998427672955975,0.293023255813953,0.979462875197472,0.00158478605388273,0.953703703703704,0.00154083204930663,0.893890675241158,0.361067503924647,0,0.980922098569157,0,0.849529780564263,1,0.120385232744783,0.984276729559748,0.945141065830721,0.99236641221374,0.973312401883831,0.0946372239747634,0.36734693877551,0.926590538336052,0.953968253968254,0.0580847723704867,0.008,0.985530546623794,0.852380952380952,0,0,0.281803542673108,0.00154798761609907,1,0.254263565891473,0.870813397129187,0.775193798449612,0.992272024729521,0.418679549114332,0.425431711145997,0.280645161290323,0.919047619047619,0.969551282051282,0.893416927899687,0,0.886435331230284,0.167207792207792,0.943548387096774,0.00160513643659711,0.0594679186228482,0.524642289348172,0.974603174603175,0.978428351309707,0.832543443917852,0.996805111821086,0.890302066772655,0,0.0628930817610063,0.660436137071651,0.996768982229402,0,0.989045383411581,0.986024844720497,0.538095238095238,0.545878693623639,0.987361769352291,0.998384491114701,0.361736334405145,0,0.884555382215289,0.528662420382166,0.972312703583062,0.0015625,0.961240310077519,1,0.998430141287284,0.948635634028893,0.529042386185243,0.00315955766192733,0.971698113207547,0.540031397174254,0.00453172205438067,0.00306748466257669,0.191082802547771,0.00158730158730159,0.144715447154472,0.665130568356375,0.00156985871271586,0.00315955766192733,0.0111642743221691,0.585403726708075,0.0451612903225806,0.983974358974359,0.0128,0.00155038759689922,0,0.221337579617834,1,0.97741935483871,0.896496815286624,0,0.874799357945425,0.854263565891473,0.691318327974277,0.605678233438486,0.453100158982512,0.443017656500803,0.0127388535031847,0.998394863563403,0.0950871632329636,0.70957095709571,0.963317384370016,0.0109546165884194,0.747634069400631,0.00158227848101266,0.118858954041204,0.998456790123457,1,0.890145395799677,0,0.634493670886076,0.884430176565008,0,0.00156985871271586,0.895800933125972,0.983974358974359,0,0.00317460317460317,0.00313971742543171,0.980456026058632,0.884430176565008,0.00162074554294976,0,0.367924528301887,0.990369181380417,0.787596899224806,0.379527559055118,0.6464,0.962323390894819,0.00949367088607595,0.998444790046656,1,0.00635930047694754,0.968847352024922,0.998427672955975,0.970826580226904,0.996835443037975,0.181240063593005,0.289348171701113,0.271875,0.977346278317152,0.94345718901454,0.0533751962323391,0.257234726688103,0.980769230769231,0.151326053042122,0.290964777947933,0.998422712933754,0.995161290322581,0.969793322734499,0.68780487804878,0.995297805642633,0.242424242424242,0.967542503863988,0.996784565916399,0,0.306376360808709,0.534621578099839,0.0190174326465927,0.0559006211180124,0.0062402496099844,0.913793103448276,0.0235109717868339,0.00158730158730159,0,0.229559748427673,0.990322580645161,0.0699523052464229,0.988429752066116,0.969936708860759,0.988941548183254,0.272873194221509,0.268976897689769,0.680194805194805,0.456053067993366,0,0.818181818181818,0.0139751552795031,0.0406885758998435,0.192733017377567,0.998392282958199,0.0016025641025641,0,0.312302839116719,0.0110759493670886,0.0244299674267101,0.464114832535885,1,0.276595744680851,0.99836867862969,0.963317384370016,0,0.996992481203008,0.00157232704402516,0.996889580093313,0.820472440944882,0.998381877022654,0.014308426073132,0.976525821596244,0.00157232704402516,0.875786163522013,0.714285714285714,0.946287519747235,0.987577639751553,0.996805111821086,0.274603174603175,0.9632,0.998444790046656,0.00154798761609907,0.0235849056603774,0.998405103668262,0.998410174880763,0.317111459968603,0.874608150470219,0.959216965742251,0.956181533646322,1,0,0.114147909967846,0.998425196850394,0.0032,0,0.969648562300319,0.0112540192926045,0.045016077170418,0.9984375,0.97007874015748,0.00486223662884927,0.613636363636364,0.4144,0.985668789808917,0.0032258064516129,0.876777251184834,0.998373983739837,0.361022364217252,0.592125984251968,0.790243902439024,0,0.153238546603476,0.979299363057325,0.996830427892235,0.43968253968254,0.998430141287284,0.96252129471891,0.0314465408805031,0,0.984326018808777,0.995184590690209,0.957943925233645,0.699059561128527,0.00797448165869218,0.871382636655949,0.235478806907378,0.166666666666667,0.00626959247648903,0.615508885298869,0.611111111111111,0.610062893081761,0,0.28,0.915605095541401,0.643076923076923,0.504731861198738,0.0797546012269939,0,0,1,0.972265023112481,0,0.919871794871795,0.0113268608414239,0,0,0.996794871794872,0,0.998381877022654,0.760765550239234,0.514592933947773,0.998439937597504,0,0,0.990491283676704,0.967441860465116,0.713178294573643,0.0015625,0.00326797385620915,0.873040752351097,0.578703703703704,0.9984,0.540412044374009,0.336012861736334,0,0.979623824451411,0.00161550888529887,0.955128205128205,0.0956239870340357,0,0.0107361963190184,0.109854604200323,0.486754966887417,0.964230171073095,0,0.95800933125972,0.974842767295597,0.998422712933754,0,0.071875,0.934232715008432,0.00489396411092985,0.998444790046656,0.998427672955975,0.0062402496099844,0.998415213946117,0.285714285714286,0.8060413354531,0.0111821086261981,0.162903225806452,0.962025316455696,0.0128617363344051,0.00157977883096367,0.979462875197472,0.00818330605564648,0.665056360708535,0.4,0,0.106918238993711,0.7456,0.247226624405705,0.97626582278481,0.00159489633173844,0.138461538461538,0.439597315436242,0.948091603053435,0.885802469135803,0.963492063492064,0.7508038585209,0,0.979591836734694,0,0.965189873417722,0.37012987012987,0.00154798761609907,0.998454404945904,0.998405103668262,0.998389694041868,0.6272,0.987480438184664,0.122448979591837,0.184126984126984,0.941455696202532,0.874411302982732,0,0,0.988654781199352,0.932565789473684,0.0180327868852459,0.987138263665595,0.993630573248408,0.34913112164297,0.932038834951456,0.729773462783172,0.881172839506173,0,0.965023847376789,0.329581993569132,0.998430141287284,0.996860282574568,0,0.632258064516129,0.974151857835218,0.00158982511923688,0.684126984126984,0.376788553259142,0.799387442572741,0.685805422647528,0.955453149001536,0.0811232449297972,0.990322580645161,0.998407643312102,0.98256735340729,0.290113452188006,0.082670906200318,0.990610328638498,0.9984375,0.00927357032457496,0.783359497645212,0.447204968944099,0.250401284109149,0.774603174603175,0.998389694041868,0.881410256410256,1,0.122861586314152,0.00165837479270315,0,0.828346456692913,0.00476947535771065,0,0.27373417721519,0,0.987421383647799,0.914596273291925,0.996815286624204,0.998435054773083,0.0830670926517572,0.00161812297734628,0,0,0.160453808752026,0.0760517799352751,0.156957928802589,0,0,0.998439937597504,0.0078003120124805,0.276083467094703,0.998417721518987,0.565286624203822,0.969305331179321,0.6546875,0.634108527131783,0,0.998487140695915,0.375806451612903,0.482594936708861,0.929555895865237,0.9921875,0.36650868878357,0.0108864696734059,0.955974842767296,0.957680250783699,0,0.96551724137931,0.0160513643659711,0.986928104575163,0.416666666666667,0,0.0112721417069243,0.518032786885246,0.855305466237942,0.00155038759689922,0.121311475409836,0.0125588697017268,0.00164473684210526,0.750759878419453,0.0192926045016077,0.998363338788871,0.313178294573643,0.992343032159265,0.00155763239875389,0.371875,0.318471337579618,0.869565217391304,0.095,0.00470957613814757,0.00313971742543171,0.0437601296596434,0,0.995334370139969,0.0350584307178631,0.981707317073171,0.0032258064516129,0.99837925445705,0,0.515625,0.439490445859873,0.998417721518987,0,0.996908809891808,0,0.390243902439024,0.988993710691824,0,0.634645669291339,0.980738362760835,0.7456,0.952845528455285,0.0375586854460094,0,0.998405103668262,0.264,0,0.700636942675159,0,0.0158982511923688,0.998392282958199,1,0.989147286821705,0.971608832807571,0.980519480519481,0,0.97588424437299,0.0264385692068429,0.343213728549142,0.276729559748428,0.99211356466877,0.993640699523052,0.992163009404389,0.990697674418605,0.0579937304075235,0.0143312101910828,0.985074626865672,0.960505529225908,0.721003134796238,0.98116169544741,0.998444790046656,0.978021978021978,0,0,0.978625954198473,0,0.0588235294117647,0,0.954692556634304,0.272285251215559,0.206953642384106,0.113707165109034,0.924679487179487,0,0.108320251177394,0.998427672955975,0.998444790046656,0.637658227848101,0.403374233128834,0.209726443768997,0.182389937106918,0.648,0.0015748031496063,0.128125,0.53525641025641,0.2512,0.700626959247649,0.010989010989011,0,0,0.316211878009631,0.998381877022654,0.614285714285714,0.214953271028037,0.618524332810047,0.873651771956857,0.984662576687117,0.965460526315789,0.9808,1,0.9984,0.537974683544304,0.414330218068536,0.998417721518987,0.00612557427258806,0.00909090909090909,0.882165605095541,0.0126182965299685,1,0.964285714285714,0,0.109298531810767,0,0.951181102362205,0,0.973015873015873,0.998422712933754,0.00626959247648903,0.841521394611727,0.998447204968944,0.645367412140575,0.614896988906498,0.876582278481013,0,0,0.931552587646077,0.945945945945946,0.99211356466877,0,0,0.0016025641025641,0.234930448222566,0.485086342229199,0,0.45141065830721,0,0.924193548387097,0.998422712933754,0.154093097913323,0.221362229102167,0,0.352090032154341,0.614035087719298,0.857589984350548,0.967084639498433,0.775157232704403,0,0.990275526742301,0.0173775671406003,0.99837925445705,0,0.984544049459042,0.00793650793650794,0.998371335504886,0.0159744408945687,0.00975609756097561,0,0,0.837245696400626,0.928571428571429,0.931464174454829,0.718701700154559,0.0262751159196291,0.00802568218298555,0.829617834394904,0.827160493827161,0,0.0141732283464567,0.962204724409449,0,0.982229402261712,0.961059190031153,0.0582677165354331,0.0478468899521531,0.00471698113207547,0.998442367601246,0.458804523424879,0.0701754385964912,0.0922330097087379,0.113884555382215,0.6912,0.0885093167701863,0.998410174880763,0,0.754385964912281,0.979559748427673,0.00322061191626409,0,0.00151975683890578,0,0.0015748031496063,0.998422712933754,0.716346153846154,0.0016,0.00158730158730159,0.522653721682848,0.963317384370016,0.422776911076443,0.0525502318392581,0.00328407224958949,0.0590111642743222,0.0172143974960876,0,0.0300157977883096,0.00769230769230769,0.00317965023847377,0.0140405616224649,0.0015527950310559,0.0551053484602917,0.0636645962732919,0.0110236220472441,0.018957345971564,0.00487012987012987,0.0252365930599369,0.0236593059936909,0.0626959247648903,0.0063391442155309,0.0204724409448819,0,0.00320512820512821,0.0502431118314425,0.00630914826498423,0.0231839258114374,0.00156739811912226,0.0382775119617225,0.00151057401812689,0.00317460317460317
"241",0.998444790046656,1,0.972434915773354,0.936,0.98256735340729,1,0.886292834890966,0.971875,1,0,1,0,0.548686244204019,1,0.0452418096723869,0.00777604976671851,0,0.015527950310559,0.9968,0.986111111111111,0.162037037037037,0.032051282051282,0.989230769230769,0,0.951219512195122,0.250393700787402,0.105100463678516,0.988835725677831,0.461890243902439,0.68944099378882,0,0.682316118935837,0.761609907120743,0.290372670807453,0,1,0.0200927357032458,0.995440729483283,0.255952380952381,0.894977168949772,0.0015625,0.0170015455950541,0.00606060606060606,1,0.777777777777778,0.0207336523125997,0.4953125,0,0.477477477477477,0.12743628185907,0,0.992236024844721,0.257763975155279,1,0.883177570093458,0.1632,0,0.973015873015873,0.953416149068323,0.894495412844037,0.291858678955453,0.426332288401254,0,0,0.894904458598726,0.829721362229102,0,0.990639625585023,0,0,0.851851851851852,0.0046656298600311,0.0205696202531646,1,0,0.711656441717791,0.044478527607362,0.58868501529052,0.894230769230769,0.26418152350081,0,0.690402476780186,0.190909090909091,0.998473282442748,0.106317411402157,0.909937888198758,0.996908809891808,0.967441860465116,0.967441860465116,0.0107361963190184,0.9858934169279,1,0,0,0.973101265822785,0,0.298904538341158,0.98125,0.00933125972006221,0.0110584518167457,0.601538461538462,0,0.278041074249605,1,0.100299401197605,1,0.00950871632329636,0.975155279503106,0,0.0046875,0.00925925925925926,0.901869158878505,0.3328125,0.992283950617284,0,0.984496124031008,0.697388632872504,0,0,0.227987421383648,0,0.759055118110236,0.251177394034537,0.0806451612903226,0.97191887675507,0.13914373088685,0.996983408748115,0.995319812792512,0,0.531152647975078,0.93730407523511,0.481308411214953,0.990683229813665,0,0.995245641838352,0.0245022970903522,0,0.209048361934477,0.619496855345912,0.505494505494505,0,0,0.9765625,0.757763975155279,0.15224358974359,1,0.00788643533123028,0.93394777265745,0.410459587955626,0.981510015408321,0.133757961783439,0.986024844720497,1,0.828703703703704,0.996875,0,1,0,0,0.7375,0.860606060606061,0.979813664596273,0.0165912518853695,0,1,0.439873417721519,1,1,1,0.291411042944785,0.976489028213166,0.00156985871271586,0.946727549467275,0,0.882445141065831,0.352134146341463,0,0.9828125,0,0.846270928462709,1,0.119496855345912,0.979876160990712,0.947772657450077,0.992492492492492,0.981510015408321,0.098613251155624,0.364485981308411,0.9296,0.941732283464567,0.0527950310559006,0.00311526479750779,0.984152139461173,0.855590062111801,0,0,0.294025157232704,0.00154559505409583,1,0.260736196319018,0.877551020408163,0.747692307692308,0.989441930618401,0.414976599063963,0.435975609756098,0.2896,0.911949685534591,0.961904761904762,0.873456790123457,0,0.882896764252696,0.176848874598071,0.944707740916272,0,0.0605143721633888,0.519685039370079,0.978328173374613,0.978851963746224,0.826086956521739,0.998430141287284,0.89358372456964,0,0.0667701863354037,0.657450076804916,0.996850393700787,0,0.990712074303406,0.980122324159021,0.532208588957055,0.537984496124031,0.9890625,1,0.352484472049689,0,0.885369532428356,0.525660964230171,0.973143759873618,0,0.957120980091884,0.998430141287284,1,0.953488372093023,0.539877300613497,0,0.971786833855799,0.525114155251142,0.00453172205438067,0,0.199074074074074,0,0.15506329113924,0.675344563552833,0,0.00455927051671732,0.0108695652173913,0.578220858895706,0.0394321766561514,0.984326018808777,0.0110935023771791,0,0,0.229329173166927,1,0.977777777777778,0.896764252696456,0,0.865718799368088,0.852760736196319,0.678071539657854,0.601866251944012,0.440251572327044,0.453834115805947,0.0106544901065449,1,0.0917573872472784,0.704545454545455,0.96417445482866,0.0122699386503067,0.744186046511628,0.0015625,0.111111111111111,1,1,0.889415481832543,0,0.632716049382716,0.883359253499222,0,0,0.891238670694864,0.979495268138801,0,0.00152671755725191,0.00154083204930663,0.979527559055118,0.871224165341812,0,0,0.371653543307087,0.990521327014218,0.774539877300613,0.390357698289269,0.645865834633385,0.958074534161491,0.009375,1,1,0.0078740157480315,0.966412213740458,1,0.971383147853736,0.996932515337423,0.185419968304279,0.305295950155763,0.286153846153846,0.976228209191759,0.937096774193548,0.045662100456621,0.258970358814353,0.971653543307087,0.148606811145511,0.305637982195846,0.993788819875776,0.996899224806202,0.966049382716049,0.687096774193548,0.996960486322188,0.241379310344828,0.967441860465116,0.996879875195008,0,0.311349693251534,0.547318611987382,0.0139103554868624,0.0542635658914729,0.00753012048192771,0.901716068642746,0.0261136712749616,0,0,0.225308641975309,0.990625,0.0658307210031348,0.985507246376812,0.971036585365854,0.9875,0.2859375,0.285714285714286,0.677018633540373,0.451768488745981,0,0.827639751552795,0.0135746606334842,0.0411585365853659,0.194444444444444,1,0.00153609831029186,0,0.325581395348837,0.0120845921450151,0.021978021978022,0.458204334365325,1,0.276190476190476,1,0.960505529225908,0,0.992603550295858,0,0.998484848484849,0.83203732503888,1,0.00943396226415094,0.974242424242424,0,0.875776397515528,0.6992,0.947449768160742,0.987711213517665,0.996884735202492,0.283018867924528,0.965678627145086,1,0,0.0267295597484277,1,1,0.316846986089645,0.87962962962963,0.96260162601626,0.953846153846154,1,0,0.114285714285714,1,0.00157232704402516,0,0.968553459119497,0.012779552715655,0.0458135860979463,1,0.96998420221169,0.0046875,0.614173228346457,0.397832817337461,0.982704402515723,0.0015748031496063,0.858747993579454,0.998420221169036,0.364760432766615,0.595384615384615,0.780564263322884,0,0.151898734177215,0.976076555023923,0.998456790123457,0.428125,1,0.971014492753623,0.0263565891472868,0.0015527950310559,0.984802431610942,0.993720565149137,0.955038759689922,0.694444444444444,0.00475435816164818,0.861586314152411,0.236196319018405,0.180936995153473,0.00770416024653313,0.617322834645669,0.596573208722741,0.6,0,0.291079812206573,0.908805031446541,0.637071651090343,0.514774494556765,0.0768072289156626,0,0,1,0.971168437025797,0,0.922239502332815,0.00949367088607595,0,0,0.998425196850394,0,1,0.775510204081633,0.503039513677812,1,0,0,0.992199687987519,0.960725075528701,0.720430107526882,0,0.00321543408360129,0.874617737003058,0.587962962962963,1,0.512383900928793,0.338006230529595,0,0.981395348837209,0,0.95447409733124,0.0889235569422777,0,0.00600600600600601,0.110935023771791,0.478688524590164,0.976708074534162,0,0.955927051671733,0.974045801526718,1,0,0.0728682170542636,0.931818181818182,0.0016260162601626,1,1,0.00463678516228748,1,0.294298921417565,0.806299212598425,0.0109375,0.175355450236967,0.959119496855346,0.00938967136150235,0,0.975497702909648,0.0046801872074883,0.666666666666667,0.368916797488226,0,0.104776579352851,0.739403453689168,0.258859784283513,0.973101265822785,0,0.148318042813456,0.453376205787781,0.947447447447447,0.875576036866359,0.962145110410095,0.7552,0,0.984756097560976,0,0.967642526964561,0.383147853736089,0,1,1,1,0.620689655172414,0.983206106870229,0.128526645768025,0.188976377952756,0.948275862068966,0.876755070202808,0,0,0.99211356466877,0.936102236421725,0.0157232704402516,0.984399375975039,0.990811638591118,0.355932203389831,0.928571428571429,0.716346153846154,0.880916030534351,0,0.966309341500766,0.32807570977918,1,1,0,0.63125,0.976152623211447,0,0.671899529042386,0.375572519083969,0.798496240601504,0.68312101910828,0.957831325301205,0.0808383233532934,0.982704402515723,1,0.978361669242658,0.29093799682035,0.100156494522692,0.990639625585023,1,0.00909090909090909,0.776744186046512,0.445635528330781,0.262830482115086,0.751533742331288,1,0.870662460567823,1,0.110091743119266,0,0,0.81733746130031,0.00315457413249211,0,0.279874213836478,0,0.992236024844721,0.906832298136646,0.998432601880878,0.995454545454545,0.0783699059561129,0,0,0,0.166134185303514,0.075968992248062,0.150706436420722,0,0,1,0.00914634146341463,0.295665634674923,1,0.574766355140187,0.974842767295597,0.645962732919255,0.630630630630631,0,1,0.380348652931854,0.482059282371295,0.922018348623853,0.989197530864197,0.385560675883257,0.0124223602484472,0.955246913580247,0.958588957055215,0,0.966514459665145,0.0123076923076923,0.98705501618123,0.436817472698908,0,0.00941915227629513,0.5103668261563,0.825545171339564,0,0.131832797427653,0.0107197549770291,0.0016,0.75297619047619,0.0252764612954186,1,0.328725038402458,0.995433789954338,0,0.370257966616085,0.316455696202532,0.858054226475279,0.0893141945773525,0.00459418070444104,0.0031055900621118,0.0382165605095541,0,0.995481927710843,0.0370967741935484,0.980451127819549,0.00480769230769231,1,0,0.503021148036254,0.45,1,0,1,0,0.4,0.98780487804878,0,0.644859813084112,0.981102362204724,0.741324921135647,0.951181102362205,0.0367534456355283,0,1,0.263074484944533,0,0.68062015503876,0,0.0153139356814701,1,1,0.992331288343558,0.9703125,0.981308411214953,0,0.975039001560062,0.0198776758409786,0.338485316846986,0.289230769230769,0.992272024729521,0.99375,0.993827160493827,0.99075500770416,0.0543478260869565,0.00943396226415094,0.983818770226537,0.963246554364472,0.723338485316847,0.975270479134467,1,0.978461538461538,0,0,0.979041916167665,0,0.0581039755351682,0,0.955315870570108,0.281399046104928,0.197138314785374,0.113496932515337,0.92018779342723,0,0.109923664122137,1,1,0.640746500777605,0.410179640718563,0.194074074074074,0.187028657616893,0.626984126984127,0,0.121165644171779,0.529503105590062,0.258675078864353,0.699844479004666,0.0108527131782946,0,0,0.317460317460317,1,0.629337539432177,0.222882615156018,0.623052959501558,0.87211093990755,0.987767584097859,0.957860615883306,0.979099678456592,1,0.998444790046656,0.555900621118012,0.414264036418816,0.998444790046656,0.00452488687782805,0.00754147812971342,0.860501567398119,0.0108024691358025,1,0.970858895705521,0,0.104501607717042,0,0.948598130841122,0,0.973846153846154,1,0.00309119010819165,0.837712519319938,1,0.651828298887122,0.622496147919877,0.8734375,0,0,0.92520325203252,0.944940476190476,0.987786259541985,0,0,0,0.229135053110774,0.500772797527048,0,0.447004608294931,0,0.925396825396825,1,0.170347003154574,0.220858895705521,0,0.340729001584786,0.590625,0.853582554517134,0.968133535660091,0.774143302180685,0,0.987381703470032,0.0155763239875389,1,0,0.983257229832572,0.00927357032457496,1,0.0172955974842767,0.0110236220472441,0,0,0.824074074074074,0.93312101910828,0.935483870967742,0.711246200607903,0.027231467473525,0.00632911392405063,0.826086956521739,0.831070889894419,0,0.0141287284144427,0.967136150234742,0,0.984101748807631,0.961300309597523,0.0672926447574335,0.0417310664605873,0.00314465408805031,1,0.459968602825746,0.0734375,0.0930979133226324,0.122291021671827,0.6875,0.0907715582450832,1,0,0.761526232114467,0.984662576687117,0.0048,0,0,0,0,1,0.703525641025641,0,0,0.525984251968504,0.952904238618524,0.431888544891641,0.0553846153846154,0.00156739811912226,0.0582677165354331,0.0214395099540582,0,0.0333333333333333,0.00605143721633888,0.00157728706624606,0.0106870229007634,0,0.0485133020344288,0.0571870170015456,0.0153846153846154,0.0233644859813084,0.00641025641025641,0.028125,0.0274809160305344,0.0574534161490683,0.0078125,0.0231839258114374,0,0.00158730158730159,0.0455259026687598,0.0061633281972265,0.0269865067466267,0,0.0370942812982998,0,0.00155038759689922
"242",0.95260663507109,0.953051643192488,0.931993817619784,0.910277324632953,0.940418679549114,0.958466453674121,0.868167202572347,0.938775510204082,0.961538461538462,0,0.962145110410095,0,0.59717868338558,0.951298701298701,0.0909090909090909,0.0456692913385827,0,0.0172955974842767,0.950479233226837,0.957547169811321,0.194620253164557,0.0812603648424544,0.956521739130435,0,0.917316692667707,0.303514376996805,0.157142857142857,0.941176470588235,0.514592933947773,0.689167974882261,0.0491551459293395,0.70606531881804,0.802568218298555,0.323854660347551,0,0.955414012738854,0.01875,0.954828660436137,0.303353658536585,0.886292834890966,0.0015748031496063,0.0155038759689922,0.00619195046439629,0.947030497592295,0.795454545454545,0.0711974110032362,0.547318611987382,0.0521327014218009,0.49613601236476,0.177099236641221,0,0.94912559618442,0.307086614173228,0.951937984496124,0.852848101265823,0.204472843450479,0,0.934294871794872,0.92018779342723,0.890625,0.338050314465409,0.478056426332288,0.0507936507936508,0,0.901929260450161,0.849765258215962,0,0.966719492868463,0,0.0483870967741935,0.843014128728414,0.0536277602523659,0.0612244897959184,0.950387596899225,0,0.743034055727554,0.093558282208589,0.626373626373626,0.868292682926829,0.301164725457571,0,0.71585557299843,0.264615384615385,0.950233281493002,0.150554675118859,0.890965732087227,0.959438377535101,0.932496075353218,0.920560747663551,0.00766871165644172,0.953748006379585,0.945686900958466,0,0,0.933441558441558,0,0.328638497652582,0.941455696202532,0.00770416024653313,0.00946372239747634,0.637223974763407,0,0.33652312599681,0.954983922829582,0.143740340030912,0.946078431372549,0.00632911392405063,0.944099378881988,0.0429936305732484,0.054858934169279,0.0495207667731629,0.884676145339652,0.380726698262243,0.950155763239875,0,0.948031496062992,0.725274725274725,0,0.0467289719626168,0.274881516587678,0,0.794258373205742,0.291798107255521,0.126418152350081,0.935331230283912,0.192846034214619,0.951638065522621,0.949367088607595,0,0.570982839313573,0.9056,0.5344,0.940226171243942,0,0.949756888168558,0.0706605222734255,0,0.25,0.64968152866242,0.548281505728314,0,0,0.938679245283019,0.806603773584906,0.224222585924714,0.952305246422893,0.0525477707006369,0.894245723172628,0.441033925686591,0.942901234567901,0.187702265372168,0.946624803767661,0.959216965742251,0.823161189358372,0.952456418383518,0.048,0.961300309597523,0.0476190476190476,0,0.78594249201278,0.853658536585366,0.941640378548896,0.0652173913043478,0,0.951863354037267,0.476650563607085,0.961227786752827,0.953821656050955,0.947204968944099,0.332814930015552,0.933753943217666,0.0480769230769231,0.907012195121951,0.0476923076923077,0.869009584664537,0.41259842519685,0,0.938582677165354,0,0.851500789889415,0.95800933125972,0.174121405750799,0.94006309148265,0.937205651491366,0.946564885496183,0.944186046511628,0.12480252764613,0.397239263803681,0.897058823529412,0.913461538461538,0.0982839313572543,0.0470219435736677,0.941653160453809,0.841692789968652,0,0,0.342313787638669,0.00156985871271586,0.95748031496063,0.295774647887324,0.8544,0.765723270440252,0.946153846153846,0.464856230031949,0.485271317829457,0.335483870967742,0.886792452830189,0.925750394944708,0.869565217391304,0,0.834621329211746,0.235483870967742,0.908661417322835,0.0430622009569378,0.12597200622084,0.568938193343899,0.942675159235669,0.945987654320988,0.835403726708075,0.95253164556962,0.95260663507109,0,0.118110236220472,0.703125,0.953525641025641,0,0.948678071539658,0.940548780487805,0.5808,0.564814814814815,0.944267515923567,0.947797716150082,0.390822784810127,0,0.860031104199067,0.554330708661417,0.9375,0.0482866043613707,0.930124223602484,0.948635634028893,0.953488372093023,1,0.549230769230769,0.0467741935483871,0.935897435897436,0.568356374807988,0.0468277945619335,0.0475460122699387,0.23186119873817,0.0458860759493671,0.190016103059581,0.680555555555556,0.0458135860979463,0.0518053375196232,0.054773082942097,0.608628659476117,0.0875796178343949,0.948031496062992,0.00802568218298555,0.0440944881889764,0,0.272151898734177,0.95024077046549,0.942277691107644,0.881804043545879,0,0.858054226475279,0.852760736196319,0.702060221870048,0.626582278481013,0.503937007874016,0.498402555910543,0.00798722044728434,0.947797716150082,0.135135135135135,0.714975845410628,0.928237129485179,0.059190031152648,0.752380952380952,0.046801872074883,0.174603174603175,0.949308755760369,0.955665024630542,0.872611464968153,0,0.650695517774343,0.868167202572347,0,0.0496124031007752,0.868131868131868,0.937699680511182,0,0.0507692307692308,0.043343653250774,0.945686900958466,0.872990353697749,0.0452342487883683,0,0.406995230524642,0.95253164556962,0.790769230769231,0.42992125984252,0.669316375198728,0.925696594427245,0.0559105431309904,0.950769230769231,0.94811320754717,0.0504731861198738,0.930708661417323,0.954330708661417,0.930533117932149,0.950387596899225,0.228571428571429,0.344236760124611,0.3234375,0.929936305732484,0.9064039408867,0.0522151898734177,0.307814992025518,0.941269841269841,0.205007824726135,0.338931297709924,0.952681388012618,0.953968253968254,0.933438985736926,0.738709677419355,0.958139534883721,0.292604501607717,0.935534591194969,0.95253164556962,0,0.346875,0.567741935483871,0.0657276995305164,0.0541795665634675,0.0570107858243451,0.884194053208138,0.0694444444444444,0.0518053375196232,0,0.269592476489028,0.944444444444444,0.11216429699842,0.944894651539708,0.93563579277865,0.952978056426332,0.327476038338658,0.32475884244373,0.720893141945773,0.485245901639344,0,0.863708399366086,0.0565749235474006,0.0923317683881064,0.244479495268139,0.952305246422893,0.0483619344773791,0,0.359497645211931,0.0597243491577335,0.0589171974522293,0.49685534591195,0.95024077046549,0.316211878009631,0.949346405228758,0.939102564102564,0,0.948406676783004,0.0434108527131783,0.948757763975155,0.878930817610063,0.951923076923077,0.0540540540540541,0.933641975308642,0.0440251572327044,0.869905956112853,0.726837060702875,0.917573872472784,0.94679186228482,0.950155763239875,0.339089481946625,0.998410174880763,0.947204968944099,0.0525502318392581,0.0719874804381847,0.948717948717949,0.9515625,0.346938775510204,0.872037914691943,0.922824302134647,0.929022082018927,0.958204334365325,0,0.147487844408428,0.949074074074074,0.0442338072669826,0,0.92845786963434,0.00955414012738853,0.0947030497592295,0.957943925233645,0.933333333333333,0.00475435816164818,0.649762282091918,0.462145110410095,0.950080515297907,0.054140127388535,0.857827476038339,0.949838187702265,0.4112,0.6171875,0.785826771653543,0,0.209702660406886,0.945072697899838,0.954545454545455,0.492163009404389,0.956521739130435,0.939086294416244,0.0788643533123028,0,0.943037974683544,0.949447077409163,0.916535433070866,0.73186119873817,0.0518053375196232,0.855095541401274,0.273301737756714,0.218032786885246,0.00782472613458529,0.673534072900158,0.613672496025437,0.631415241057543,0,0.319935691318328,0.878594249201278,0.696875,0.5421875,0.12089552238806,0,0,0.959276018099548,0.936728395061728,0,0.895734597156398,0.00798722044728434,0,0,0.955056179775281,0,0.956521739130435,0.758785942492013,0.561128526645768,0.953198127925117,0,0,0.95260663507109,0.925076452599388,0.776049766718507,0.0417310664605873,0.00324675324675325,0.853846153846154,0.607476635514019,0.95748031496063,0.555209953343701,0.376996805111821,0,0.940438871473354,0.0579710144927536,0.923444976076555,0.14622641509434,0,0.049306625577812,0.152139461172742,0.501650165016502,0.929022082018927,0,0.920731707317073,0.93944099378882,0.951863354037267,0,0.110932475884244,0.905940594059406,0.0524590163934426,0.951638065522621,0.955315870570108,0.0605590062111801,0.956723338485317,0.343213728549142,0.804381846635368,0.0552922590837283,0.213247172859451,0.932601880877743,0.00632911392405063,0.046031746031746,0.935736677115988,0.0554649265905383,0.693548387096774,0.404458598726115,0,0.140157480314961,0.744336569579288,0.291925465838509,0.9296875,0.0501567398119122,0.185647425897036,0.495049504950495,0.917177914110429,0.87402799377916,0.992211838006231,0.802232854864434,0,0.973926380368098,0.0510835913312693,0.931854199683043,0.42443729903537,0.0458715596330275,0.953343701399689,0.957746478873239,0.952380952380952,0.646964856230032,0.94006309148265,0.175438596491228,0.229067930489731,0.911949685534591,0.850077279752705,0,0,0.943548387096774,0.900651465798046,0.0597738287560582,0.943639291465378,0.95125786163522,0.41692789968652,0.894904458598726,0.731078904991948,0.861325115562404,0,0.92822966507177,0.374213836477987,0.952904238618524,0.952830188679245,0,0.691222570532915,0.93217665615142,0.0549450549450549,0.707667731629393,0.40625,0.874242424242424,0.7152,0.984779299847793,0.135176651305684,0.943910256410256,0.952681388012618,0.942546583850932,0.330645161290323,0.134165366614665,0.949606299212598,0.949921752738654,0.0061633281972265,0.822047244094488,0.477987421383648,0.297971918876755,0.756211180124224,0.95583596214511,0.868878357030016,0.948356807511737,0.12792511700468,0.0439024390243902,0,0.824088748019017,0.0494417862838915,0.04858934169279,0.304897314375987,0,0.951638065522621,0.896124031007752,0.946456692913386,0.950540958268934,0.13968253968254,0.0392464678178964,0,0,0.224025974025974,0.126782884310618,0.210443037974684,0,0.0452418096723869,0.943217665615142,0.0291858678955453,0.335433070866142,0.951923076923077,0.6171875,0.936406995230525,0.680981595092024,0.648233486943164,0,0.95565749235474,0.421725239616613,0.506349206349206,0.884914463452566,0.951937984496124,0.422535211267606,0.00789889415481832,0.916535433070866,0.917701863354037,0,0.92093023255814,0.0596546310832025,0.951986754966887,0.472783825816485,0,0.00940438871473354,0.533003300330033,0.831460674157303,0.047244094488189,0.175438596491228,0.0110062893081761,0.00163934426229508,0.731523378582202,0.0637958532695375,0.955445544554455,0.35981308411215,0.948916408668731,0.0447530864197531,0.406542056074766,0.353225806451613,0.853697749196141,0.142857142857143,0.047244094488189,0.00315955766192733,0.0848,0,0.953846153846154,0.080327868852459,0.941896024464832,0.0523809523809524,0.953301127214171,0,0.548929663608563,0.510268562401264,0.95125786163522,0,0.951070336391437,0,0.43042071197411,0.949152542372881,0,0.661949685534591,0.939393939393939,0.746056782334385,0.929032258064516,0.0820433436532508,0,0.952153110047847,0.28525641025641,0,0.693374422187982,0.0476923076923077,0.0545171339563863,0.948303715670436,0.955414012738854,0.94435857805255,0.923197492163009,0.936204146730462,0,0.941362916006339,0.0201238390092879,0.376175548589342,0.309262166405024,0.945736434108527,0.948757763975155,0.949152542372881,0.948995363214838,0.0528771384136858,0.0540540540540541,0.944444444444444,0.932496075353218,0.775351014040562,0.937007874015748,0.946708463949843,0.9421875,0,0,0.936555891238671,0,0.113884555382215,0,0.916535433070866,0.308823529411765,0.241987179487179,0.154330708661417,0.899521531100478,0,0.152542372881356,0.948356807511737,0.953125,0.654574132492114,0.440729483282675,0.269406392694064,0.229483282674772,0.664546899841017,0.0482866043613707,0.170846394984326,0.564465408805031,0.310289389067524,0.75748031496063,0.0535433070866142,0,0.045958795562599,0.360708534621578,0.957792207792208,0.637223974763407,0.276073619631902,0.679873217115689,0.858712715855573,0.936532507739938,0.93354943273906,0.94345718901454,0.962962962962963,0.960127591706539,0.565768621236133,0.446177847113885,0.958925750394945,0.0533536585365854,0.0489296636085627,0.860095389507154,0.00763358778625954,0.954545454545455,0.929906542056075,0,0.148208469055375,0,0.91679748822606,0,0.939628482972136,0.95440251572327,0.0543478260869565,0.82780410742496,0.958204334365325,0.655339805825243,0.637658227848101,0.844408427876823,0,0,0.899505766062603,0.90210843373494,0.9515625,0,0,0.0463258785942492,0.276335877862595,0.538461538461538,0,0.48811410459588,0,0.889776357827476,0.957928802588997,0.20096463022508,0.282608695652174,0,0.3856,0.608903020667727,0.850539291217257,0.932411674347158,0.779014308426073,0.0520504731861199,0.945072697899838,0.0188383045525903,0.957516339869281,0,0.945121951219512,0.00788643533123028,0.957006369426752,0.0684713375796178,0.0335463258785942,0,0,0.822530864197531,0.996789727126806,0.905572755417957,0.713405238828968,0.0696969696969697,0.0430622009569378,0.811023622047244,0.806748466257669,0,0.0599369085173502,0.940345368916798,0,0.944715447154472,0.923076923076923,0.108150470219436,0.0451010886469673,0.0518867924528302,0.949526813880126,0.502384737678855,0.13237639553429,0.158833063209076,0.159810126582278,0.741830065359477,0.135725429017161,0.953821656050955,0,0.800319488817891,0.97045101088647,0.00483091787439614,0,0.0474006116207951,0,0.0518053375196232,0.9536,0.730263157894737,0.0512820512820513,0.0458860759493671,0.578274760383387,0.92332268370607,0.492138364779874,0.0482115085536547,0.0520325203252033,0.0626003210272873,0.0172143974960876,0,0.0567260940032415,0.0537634408602151,0.0482315112540193,0.0552922590837283,0.0384615384615385,0.0497592295345104,0.0606531881804044,0.0615141955835962,0.0188087774294671,0.00481540930979133,0.0285714285714286,0.0203125,0.0614173228346457,0.0552922590837283,0.0247678018575851,0.0520325203252033,0.05229793977813,0.045958795562599,0.0456692913385827,0.0292307692307692,0.0500782472613459,0.08125,0.0478395061728395,0.0520504731861199
"243",0.525821596244131,0.52760736196319,0.533333333333333,0.551724137931034,0.538950715421304,0.530805687203792,0.567026194144838,0.538819875776398,0.530674846625767,0,0.534775888717156,0,0.591185410334346,0.52276295133438,0.5,0.479876160990712,0,0.0108191653786708,0.528481012658228,0.54953560371517,0.526234567901235,0.491935483870968,0.53393665158371,0,0.547112462006079,0.554347826086957,0.523510971786834,0.530708661417323,0.610015174506829,0.629573170731707,0.470948012232416,0.644916540212443,0.615503875968992,0.564814814814815,0,0.531055900621118,0.0151515151515152,0.52416918429003,0.5949177877429,0.550746268656716,0.0015552099533437,0.00921658986175115,0.00462962962962963,0.533541341653666,0.698738170347003,0.486068111455108,0.613003095975232,0.447530864197531,0.811463046757164,0.526080476900149,0,0.540123456790123,0.591962905718702,0.518633540372671,0.571653543307087,0.614173228346457,0,0.5515625,0.53343701399689,0.584355828220859,0.56441717791411,0.594135802469136,0.459876543209877,0,0.568910256410256,0.584097859327217,0,0.556923076923077,0,0.4679186228482,0.575113808801214,0.478395061728395,0.480499219968799,0.539755351681957,0,0.623318385650224,0.489296636085627,0.618098159509202,0.579872204472843,0.695581014729951,0,0.651771956856703,0.516819571865443,0.520300751879699,0.524242424242424,0.616793893129771,0.513097072419106,0.54531490015361,0.545454545454545,0.003003003003003,0.511848341232227,0.524844720496894,0,0,0.5484375,0,0.554364471669219,0.527863777089783,0.00306278713629403,0.00460122699386503,0.609230769230769,0,0.589703588143526,0.537007874015748,0.512012012012012,0.543443917851501,0.0046583850931677,0.538345864661654,0.48062015503876,0.481308411214953,0.477064220183486,0.558869701726845,0.756589147286822,0.537151702786378,0,0.539170506912442,0.63944530046225,0,0.471036585365854,0.588325652841782,0,0.61189358372457,0.570336391437309,0.503164556962025,0.550231839258114,0.520610687022901,0.53984962406015,0.520123839009288,0,0.603343465045593,0.584905660377358,0.574766355140187,0.53198127925117,0,0.541996830427892,0.478723404255319,0,0.547880690737834,0.602503912363067,0.602543720190779,0,0,0.538812785388128,0.626153846153846,0.518225039619651,0.52755905511811,0.4578125,0.587596899224806,0.75516693163752,0.535552193645991,0.531645569620253,0.519319938176198,0.519809825673534,0.630434782608696,0.537151702786378,0.457006369426752,0.531587057010786,0.461897356143079,0,0.614906832298137,0.576219512195122,0.552833078101072,0.481873111782477,0,0.534954407294833,0.687898089171974,0.522653721682848,0.533950617283951,0.525679758308157,0.56969696969697,0.539291217257319,0.48382126348228,0.566917293233083,0.468468468468468,0.558359621451104,0.597222222222222,0,0.53680981595092,0,0.586046511627907,0.52639751552795,0.521806853582555,0.540458015267176,0.569018404907976,0.535502958579882,0.536585365853659,0.571209800918836,0.783004552352049,0.619651347068146,0.558213716108453,0.500768049155146,0.468315301391036,0.543887147335423,0.590214067278288,0,0,0.59253499222395,0.00154320987654321,0.539412673879444,0.726858877086495,0.57007874015748,0.584615384615385,0.531013615733737,0.599063962558502,0.56793893129771,0.577639751552795,0.599374021909233,0.55205047318612,0.593893129770992,0,0.554033485540335,0.544881889763779,0.551083591331269,0.472527472527473,0.487878787878788,0.596946564885496,0.549079754601227,0.538931297709924,0.60061919504644,0.526964560862866,0.564615384615385,0,0.484615384615385,0.626888217522659,0.525,0,0.530487804878049,0.541791044776119,0.609105180533752,0.729357798165138,0.547140649149923,0.529411764705882,0.576086956521739,0,0.565950920245399,0.6390625,0.546310832025118,0.464615384615385,0.547945205479452,0.529042386185243,0.539877300613497,0.549230769230769,1,0.473520249221184,0.558823529411765,0.60882800608828,0.453731343283582,0.467571644042232,0.553654743390358,0.46551724137931,0.526881720430108,0.610194902548726,0.463565891472868,0.463302752293578,0.452859350850077,0.629909365558912,0.465818759936407,0.554012345679012,0.00470219435736677,0.452012383900929,0,0.556923076923077,0.5328125,0.530232558139535,0.582689335394127,0,0.573015873015873,0.583841463414634,0.647058823529412,0.649691358024691,0.594090202177294,0.547880690737834,0.00618238021638331,0.529133858267717,0.509316770186335,0.6645056726094,0.55054432348367,0.469418960244648,0.628659476117103,0.472952086553323,0.560185185185185,0.535928143712575,0.527070063694268,0.575277337559429,0,0.649546827794562,0.551617873651772,0,0.449165402124431,0.575342465753425,0.546875,0,0.466257668711656,0.458841463414634,0.543887147335423,0.569157392686804,0.472491909385113,0,0.582202111613876,0.541471048513302,0.625377643504532,0.773353751914242,0.663492063492063,0.545592705167173,0.484567901234568,0.525757575757576,0.541666666666667,0.48125,0.556240369799692,0.537383177570093,0.555729984301413,0.526881720430108,0.588509316770186,0.612903225806452,0.56298600311042,0.530708661417323,0.554140127388535,0.0317700453857791,0.588050314465409,0.544478527607362,0.52093023255814,0.608108108108108,0.539657853810264,0.547433903576983,0.53822629969419,0.612244897959184,0.520547945205479,0.594339622641509,0.547256097560976,0.527131782945736,0,0.625766871165644,0.608087091757387,0.481424148606811,0.0307219662058372,0.469418960244648,0.609230769230769,0.483333333333333,0.476993865030675,0,0.622291021671827,0.540372670807453,0.50386398763524,0.549520766773163,0.544444444444444,0.537984496124031,0.565625,0.564668769716088,0.60625,0.759936406995231,0,0.56656346749226,0.474164133738602,0.497716894977169,0.563076923076923,0.536891679748823,0.487767584097859,0,0.653495440729483,0.459090909090909,0.49685534591195,0.586046511627907,0.523219814241486,0.683464566929134,0.510569105691057,0.519561815336463,0,0.531065088757396,0.466360856269113,0.529680365296804,0.573415765069552,0.527910685805423,0.463108320251177,0.555219364599092,0.457317073170732,0.557098765432099,0.710900473933649,0.562021439509954,0.537037037037037,0.540123456790123,0.582822085889571,0.547880690737834,0.526475037821483,0.473524962178517,0.467592592592593,0.545031055900621,0.532208588957055,0.713414634146341,0.549382716049383,0.537735849056604,0.566412213740458,0.531914893617021,0,0.578616352201258,0.534375,0.470679012345679,0,0.555209953343701,0.00470219435736677,0.515723270440252,0.52416918429003,0.552307692307692,0.00315457413249211,0.607476635514019,0.594180704441041,0.548183254344392,0.45583596214511,0.660347551342812,0.522834645669291,0.603744149765991,0.627480916030534,0.646417445482866,0,0.524332810047096,0.532283464566929,0.524256651017214,0.619122257053291,0.549382716049383,0.523809523809524,0.479938271604938,0.00154559505409583,0.527987897125567,0.537867078825348,0.565015479876161,0.604006163328197,0.4578125,0.572327044025157,0.569444444444444,0.526058631921824,0.0030441400304414,0.632398753894081,0.6078125,0.691588785046729,0,0.780564263322884,0.563944530046225,0.607142857142857,0.692424242424242,0.526315789473684,0,0,0.53019145802651,0.536697247706422,0,0.566978193146417,0.00313479623824451,0,0,0.530864197530864,0,0.554330708661417,0.600917431192661,0.615844544095665,0.526395173453997,0,0,0.530326594090202,0.559171597633136,0.632776934749621,0.469325153374233,0,0.568627450980392,0.621212121212121,0.541925465838509,0.619482496194825,0.793478260869565,0,0.532208588957055,0.456112852664577,0.570542635658915,0.548183254344392,0,0.47289156626506,0.53416149068323,0.577302631578947,0.526717557251908,0,0.581325301204819,0.559322033898305,0.535060975609756,0,0.542452830188679,0.544701986754967,0.473684210526316,0.527987897125567,0.533632286995516,0.467987804878049,0.540372670807453,0.570561456752656,0.612654320987654,0.496894409937888,0.5264,0.550702028081123,0.00312989045383412,0.459041731066461,0.545871559633027,0.492845786963434,0.649452269170579,0.555729984301413,0,0.522796352583587,0.577708006279435,0.565687789799073,0.551937984496124,0.483771251931994,0.538812785388128,0.573717948717949,0.563636363636364,0.580152671755725,0.545736434108527,0.600624024960998,0,0.541984732824427,0.476621417797888,0.5453125,0.600638977635783,0.469172932330827,0.541411042944785,0.559748427672956,0.52276295133438,0.623839009287926,0.51702786377709,0.510140405616225,0.5625,0.557603686635945,0.556414219474498,0,0,0.530516431924883,0.572567783094099,0.4765625,0.554517133956386,0.53858024691358,0.576744186046512,0.583333333333333,0.591549295774648,0.5662100456621,0,0.558139534883721,0.556589147286822,0.529230769230769,0.527386541471048,0,0.598449612403101,0.551242236024845,0.473035439137134,0.616224648985959,0.697388632872504,0.580980683506687,0.703245749613601,0.550898203592814,0.493253373313343,0.546310832025118,0.532507739938081,0.553158705701079,0.559055118110236,0.506153846153846,0.533846153846154,0.545871559633027,0.00305810397553517,0.591805766312595,0.609756097560976,0.665137614678899,0.6156202143951,0.530769230769231,0.609717868338558,0.536321483771252,0.147865853658537,0.461290322580645,0,0.605633802816901,0.483516483516484,0.458143074581431,0.690184049079755,0,0.548136645962733,0.559090909090909,0.526717557251908,0.540212443095599,0.512539184952978,0.486780715396579,0,0,0.539308176100629,0.509287925696594,0.595054095826893,0,0.462595419847328,0.520610687022901,0.213740458015267,0.572755417956656,0.533127889060092,0.613354037267081,0.546021840873635,0.73159509202454,0.660578386605784,0,0.53125,0.588976377952756,0.616822429906542,0.558208955223881,0.52833078101072,0.658015267175573,0.0046656298600311,0.568807339449541,0.551515151515152,0,0.560538116591928,0.475308641975309,0.529695024077046,0.541984732824427,0,0.00462249614791988,0.637239165329053,0.621875,0.467473524962179,0.581761006289308,0.00626959247648903,0.00159235668789809,0.612855007473842,0.483670295489891,0.53160453808752,0.812785388127854,0.545180722891566,0.468702290076336,0.592085235920852,0.545023696682464,0.588888888888889,0.48966613672496,0.468217054263566,0.00154083204930663,0.480252764612954,0,0.527736131934033,0.399684044233807,0.547085201793722,0.46749226006192,0.537854889589905,0,0.594512195121951,0.596330275229358,0.521472392638037,0,0.529862174578867,0,0.752,0.533132530120482,0,0.610606060606061,0.542768273716952,0.621913580246914,0.568535825545171,0.495454545454545,0,0.529503105590062,0.655608214849921,0,0.647239263803681,0.461997019374069,0.473926380368098,0.537617554858934,0.528125,0.548048048048048,0.548837209302326,0.557632398753894,0,0.538940809968847,0.00917431192660551,0.56797583081571,0.687692307692308,0.516079632465544,0.520801232665639,0.545731707317073,0.54,0.0555555555555556,0.471406491499227,0.556089743589744,0.543778801843318,0.591117917304747,0.54601226993865,0.530769230769231,0.546423135464231,0,0,0.539730134932534,0,0.490825688073394,0.00156985871271586,0.546995377503852,0.689274447949527,0.564945226917058,0.508396946564886,0.574074074074074,0.0015600624024961,0.53680981595092,0.519201228878648,0.526153846153846,0.735109717868339,0.594674556213018,0.534328358208955,0.624251497005988,0.602803738317757,0.467075038284839,0.520801232665639,0.622119815668203,0.583724569640063,0.593893129770992,0.46656298600311,0,0.462962962962963,0.555555555555556,0.520766773162939,0.59480122324159,0.557894736842105,0.6203125,0.574045801526718,0.515105740181269,0.554330708661417,0.546728971962617,0.537735849056604,0.527386541471048,0.702453987730061,0.785493827160494,0.52833078101072,0.463703703703704,0.468892261001517,0.59472049689441,0.00604229607250755,0.527439024390244,0.539274924471299,0,0.530546623794212,0,0.561051004636785,0,0.553064275037369,0.54,0.452743902439024,0.6265625,0.527272727272727,0.623052959501558,0.601526717557252,0.565420560747664,0,0,0.565428109854604,0.568047337278107,0.557275541795666,0,0,0.45933014354067,0.591117917304747,0.559815950920245,0,0.691717791411043,0,0.573899371069182,0.549141965678627,0.524720893141946,0.527777777777778,0,0.862619808306709,0.615146831530139,0.540880503144654,0.560422960725076,0.614551083591331,0.470679012345679,0.538950715421304,0.0618238021638331,0.52555910543131,0,0.532428355957768,0.0031104199066874,0.524332810047096,0.479134466769706,0.295489891135303,0,0,0.582434514637905,0.540157480314961,0.553191489361702,0.599695585996956,0.487218045112782,0.467716535433071,0.558823529411765,0.569069069069069,0,0.478193146417445,0.537151702786378,0,0.538950715421304,0.550151975683891,0.509146341463415,0.0197869101978691,0.466458658346334,0.517611026033691,0.742283950617284,0.478193146417445,0.525236593059937,0.565950920245399,0.631329113924051,0.502276176024279,0.531782945736434,0,0.6046875,0.545454545454545,0.00157232704402516,0,0.471641791044776,0,0.473684210526316,0.531587057010786,0.593004769475358,0.468553459119497,0.468652037617555,0.60126582278481,0.548989113530327,0.606758832565284,0.0226928895612708,0.473270440251572,0.0491283676703645,0.0154798761609907,0,0.407176287051482,0.461538461538462,0.459247648902821,0.465648854961832,0.463268365817091,0.0250391236306729,0.0294117647058824,0.48062015503876,0.0170542635658915,0.00481540930979133,0.0340557275541796,0.0182094081942337,0.03125,0.462732919254658,0.0263565891472868,0.461049284578696,0.473520249221184,0.0189274447949527,0.476851851851852,0.0472560975609756,0.473282442748092,0.449139280125196,0.47289156626506,0.471228615863142
"244",0.00495049504950495,0,0.0326594090202177,0.0626003210272873,0.0161812297734628,0.00163132137030995,0.105263157894737,0.0270700636942675,0.00158478605388273,0,0.0016025641025641,0,0.434231378763867,0.00163132137030995,0.95625,0.988924050632911,0,0.00161030595813205,0.00483870967741936,0.0141732283464567,0.855365474339036,0.967585089141005,0.0124416796267496,0,0.0423861852433281,0.747603833865815,0.892109500805153,0.0146341463414634,0.538221528861154,0.3198127925117,1,0.320754716981132,0.246422893481717,0.711568938193344,0,0,0.00157728706624606,0.00628930817610063,0.758461538461538,0.0953125,0,0,0,0,0.22824302134647,0.977564102564103,0.503205128205128,0.998397435897436,0.533646322378717,0.869029275808937,0,0.00320512820512821,0.752396166134185,0.0016025641025641,0.110932475884244,0.84329563812601,0,0.0275974025974026,0.0417310664605873,0.107142857142857,0.70846394984326,0.578446909667195,0.998405103668262,0,0.102439024390244,0.183254344391785,0,0.0094488188976378,0,0.998376623376623,0.140157480314961,0.990551181102362,0.981132075471698,0.00154559505409583,0,0.305426356589147,0.9609375,0.444790046656299,0.112377850162866,0.742904841402337,0,0.297045101088647,0.807751937984496,0.0015527950310559,0.889235569422777,0.0920634920634921,0.00625978090766823,0.0329153605015674,0.0315955766192733,0,0.0158982511923688,0.00158227848101266,0,0,0.0289855072463768,0,0.6984375,0.0203442879499218,0,0,0.397129186602871,0,0.729468599033816,0.00158730158730159,0.898148148148148,0.00160771704180064,0,0.0220820189274448,0.99836867862969,0.993650793650794,0.988993710691824,0.0817307692307692,0.68860353130016,0.00952380952380952,0,0.014218009478673,0.299684542586751,0,1,0.771929824561403,0,0.253205128205128,0.7632,0.92156862745098,0.0297339593114241,0.85828025477707,0.00310077519379845,0.00626959247648903,0,0.485668789808917,0.0727848101265823,0.515347334410339,0.00967741935483871,0,0.00646203554119548,0.978494623655914,0,0.806818181818182,0.378763866877971,0.504950495049505,0,0,0.0233644859813084,0.261562998405104,0.839080459770115,0,0.990491283676704,0.0769230769230769,0.616883116883117,0.0201238390092879,0.865912762520194,0.0191693290734824,0.00160513643659711,0.160572337042925,0.00792393026941363,0.998371335504886,0.00158730158730159,0.998412698412698,0,0.2672,0.137345679012346,0.0202492211838006,0.981651376146789,0,0.00155038759689922,0.563402889245586,0.00163132137030995,0.00159744408945687,0,0.713615023474178,0.021671826625387,0.996784565916399,0.0535168195718654,1,0.114147909967846,0.647798742138365,0,0.0144,0,0.159305993690852,0,0.874608150470219,0.0206349206349206,0.0564263322884013,0.00611620795107034,0.0247678018575851,0.902668759811617,0.643533123028391,0.0787781350482315,0.0660225442834139,0.944356120826709,0.993788819875776,0.0206677265500795,0.131455399061033,0,0,0.7248,0,0.00155763239875389,0.762422360248447,0.123595505617978,0.252730109204368,0.012326656394453,0.587859424920128,0.565830721003135,0.719101123595506,0.0857142857142857,0.0377358490566038,0.129485179407176,0,0.119496855345912,0.829228243021346,0.0621019108280255,0.998392282958199,0.9328125,0.490595611285266,0.0253565768621236,0.0219092331768388,0.182829888712242,0.00312989045383412,0.124401913875598,0,0.93217665615142,0.351309707241911,0.00803858520900321,0,0.00927357032457496,0.0227963525835866,0.475513428120063,0.482428115015974,0.0126182965299685,0.00164203612479475,0.638668779714738,0,0.109204368174727,0.5,0.0308943089430894,0.998432601880878,0.044822256568779,0.00315955766192733,0,0.0467741935483871,0.473520249221184,1,0.0318471337579618,0.468454258675079,0.99388379204893,0.996913580246914,0.792663476874003,0.998397435897436,0.860162601626016,0.329173166926677,0.998415213946117,0.995305164319249,0.995245641838352,0.442546583850932,0.959546925566343,0.0176848874598071,0,0.998430141287284,0,0.769230769230769,0.00161550888529887,0.0258064516129032,0.10223642172524,0,0.133550488599349,0.142194744976816,0.320695102685624,0.417460317460317,0.558213716108453,0.540930979133226,0,0.00159744408945687,0.908805031446541,0.308580858085809,0.0384615384615385,0.989028213166144,0.274167987321712,0.998439937597504,0.884126984126984,0.0015625,0.00163934426229508,0.098546042003231,0,0.386075949367089,0.109375,0,0.998449612403101,0.098310291858679,0.0238473767885533,0,0.996879875195008,0.996845425867508,0.0230263157894737,0.126829268292683,0.998357963875205,0,0.629570747217806,0.0112359550561798,0.224299065420561,0.63166144200627,0.356230031948882,0.0453834115805947,0.99203821656051,0.00152905198776758,0.00157728706624606,0.992,0.0361067503924647,0.00159489633173844,0.0306451612903226,0.00160513643659711,0.819620253164557,0.7109375,0.725856697819315,0.0242718446601942,0.0651465798045603,0.00158478605388273,0.743548387096774,0.0268562401263823,0.852848101265823,0.700920245398773,0.00791139240506329,0.00315955766192733,0.0316957210776545,0.325806451612903,0.00311526479750779,0.758508914100486,0.0376766091051805,0.00317965023847377,0,0.696734059097978,0.464401294498382,0.982594936708861,0.00155038759689922,0.990825688073395,0.0936507936507937,0.973684210526316,0.998417721518987,0,0.775834658187599,0.0113085621970921,0.926332288401254,0.0131795716639209,0.0319488817891374,0.0145161290322581,0.730031948881789,0.728785357737105,0.353503184713376,0.56836902800659,0,0.191387559808612,0.989096573208723,0.963779527559055,0.808709175738725,0.00163132137030995,0.996875,0,0.6890625,0.987538940809969,0.977671451355662,0.537360890302067,0,0.730769230769231,0.00165837479270315,0.0382775119617225,0,0.0120663650075415,0.998444790046656,0.00306748466257669,0.187898089171975,0.0016260162601626,0.992063492063492,0.0251968503937008,1,0.119426751592357,0.302980132450331,0.0518053375196232,0.0170542635658915,0.00157728706624606,0.72827804107425,0.0366826156299841,0.00153374233128834,0.998452012383901,0.977742448330684,0.0016,0,0.694227769110764,0.115625,0.0343698854337152,0.05,0.00154320987654321,0,0.889250814332248,0.00159744408945687,0.996825396825397,0,0.0349206349206349,0,0.959742351046699,0,0.0316455696202532,0,0.388443017656501,0.583601286173633,0.0161290322580645,0.998376623376623,0.137479541734861,0.00479233226837061,0.644588045234249,0.425196850393701,0.225755166931638,0,0.851500789889415,0.0260162601626016,0,0.56687898089172,0.00157728706624606,0.0285234899328859,0.971563981042654,0,0.0171073094867807,0.00632911392405063,0.0511182108626198,0.335413416536661,0.992,0.140096618357488,0.759433962264151,0.819078947368421,0,0.41091492776886,0.406299212598425,0.407874015748032,0,0.732348111658456,0.0947030497592295,0.390822784810127,0.4984375,0.929121725731895,0,0,0,0.0293663060278207,0,0.0822784810126582,0,0,0,0.00309597523219814,0,0.00162337662337662,0.240944881889764,0.5140625,0.00154320987654321,0,0,0.00317965023847377,0.0403726708074534,0.302469135802469,1,0,0.109907120743034,0.436220472440945,0.00157728706624606,0.477848101265823,0.675632911392405,0,0.0219092331768388,0.998363338788871,0.0465489566613162,0.913461538461538,0,0.99537037037037,0.889067524115756,0.517355371900826,0.0301109350237718,0,0.0527950310559006,0.028436018957346,0.00158982511923688,0,0.933438985736926,0.0675453047775947,0.996699669966997,0.00154798761609907,0.00157232704402516,0.992050874403816,0,0.722222222222222,0.204761904761905,0.99198717948718,0.841503267973856,0.0394944707740916,0,0.998415213946117,0.0261538461538462,0.993506493506494,0.368167202572347,0.608064516129032,0,0.908082408874802,0.283387622149837,0.764612954186414,0.0268987341772152,0.998402555910543,0.858255451713396,0.544117647058823,0.0559006211180124,0.12788906009245,0.0361635220125786,0.270142180094787,0,0.0171339563862928,1,0.035426731078905,0.634304207119741,0.998452012383901,0.00154559505409583,0,0.00160771704180064,0.370486656200942,0.0158227848101266,0.872168284789644,0.814814814814815,0.0588235294117647,0.113964686998395,0,0,0.0112540192926045,0.0663430420711974,0.985691573926868,0.0159489633173844,0.00950871632329636,0.656200941915228,0.0721311475409836,0.274478330658106,0.110764430577223,0,0.0366826156299841,0.673534072900158,0.00158478605388273,0.00322061191626409,0,0.370786516853933,0.0275526742301459,0.998397435897436,0.323671497584541,0.624803767660911,0.2099533437014,0.330097087378641,0.0464396284829721,0.915254237288136,0.0127388535031847,0.00158982511923688,0.0206022187004754,0.697865353037767,0.881977671451356,0.00955414012738853,0,0,0.22884012539185,0.552755905511811,0.74805598755832,0.246467817896389,0.00157977883096367,0.128930817610063,0.00158227848101266,0.111627906976744,1,0,0.187993680884676,0.995137763371151,0.998417721518987,0.750392464678179,0,0.0126782884310618,0.0953125,0.00159235668789809,0.0062015503875969,0.919743178170145,0.998402555910543,0,0,0.832792207792208,0.921259842519685,0.846761453396525,0,0.9984375,0.0015600624024961,0.443234836702955,0.718600953895072,0,0.424483306836248,0.0241157556270096,0.356466876971609,0.376744186046512,0,0.00150602409638554,0.630225080385852,0.535545023696682,0.0785824345146379,0.0109717868338558,0.632492113564669,0,0.050314465408805,0.046656298600311,0,0.0337423312883436,0.985714285714286,0.0194489465153971,0.561708860759494,0,0,0.510603588907015,0.171799027552674,0.998430141287284,0.879084967320261,0,0,0.255023183925811,0.972447325769854,0.00165837479270315,0.706896551724138,0.00930232558139535,0.998475609756098,0.619651347068146,0.677993527508091,0.141935483870968,0.911184210526316,0.995290423861852,0,0.960912052117264,0,0.00615384615384615,0.79504132231405,0.0200308166409861,0.993558776167472,0.00162866449511401,0,0.492307692307692,0.554140127388535,0.00157232704402516,0,0.00154083204930663,0,0.626623376623377,0.012326656394453,0,0.353677621283255,0.0207667731629393,0.261146496815287,0.0569105691056911,0.98145285935085,0,0.00158478605388273,0.748792270531401,0,0.318611987381703,1,0.984423676012461,0,0.0016260162601626,0.0108191653786708,0.0285261489698891,0.0209339774557166,0,0.0223642172523962,0,0.650695517774343,0.724842767295597,0.00791139240506329,0.0064,0.00782472613458529,0.00784929356357928,0.0361067503924647,0.987240829346092,0.0164203612479475,0.0442338072669826,0.297637795275591,0.0218068535825545,0.00155763239875389,0.028125,0,0,0.0197268588770865,0,0.93563579277865,0,0.0478468899521531,0.733118971061093,0.789473684210526,0.896124031007752,0.0805687203791469,0.0015748031496063,0.901116427432217,0,0.00157232704402516,0.36624203821656,0.602760736196319,0.790030211480363,0.825688073394495,0.365079365079365,0.998420221169036,0.882165605095541,0.485804416403785,0.74565560821485,0.31619937694704,0.990461049284579,0,0.998405103668262,0.678972712680578,0.00162866449511401,0.367762128325509,0.791021671826625,0.413629160063391,0.132398753894081,0.0123647604327666,0.0392156862745098,0.0224,0.00162074554294976,0,0.46551724137931,0.596825396825397,0.00313479623824451,0.993911719939117,0.989345509893455,0.132701421800948,0,0.00157232704402516,0.028436018957346,0,0.8992,0,0.05103668261563,0,0.0300157977883096,0.00158478605388273,0.993827160493827,0.177215189873418,0,0.360708534621578,0.392063492063492,0.113418530351438,0,0,0.0728476821192053,0.0610687022900763,0.0125786163522013,0,0,0.998363338788871,0.767080745341615,0.4896331738437,0,0.564873417721519,0,0.0825242718446602,0.00158982511923688,0.812903225806452,0.773291925465838,0,0.669394435351882,0.421052631578947,0.132283464566929,0.0368098159509202,0.237717908082409,0.998417721518987,0.0128824476650564,0.0825396825396825,0.0016025641025641,0,0.0169230769230769,0,0,0.979099678456592,0.630744849445325,0,0,0.181114551083591,0.0761750405186386,0.0579029733959311,0.288786482334869,0.973354231974922,0.993548387096774,0.175355450236967,0.158295281582953,0,0.9856,0.0368,0,0.0162337662337662,0.0456692913385827,0.939157566302652,0,0.996825396825397,0,0.560064935064935,0.922098569157393,0.898387096774194,0.88871473354232,0.328502415458937,0.908517350157729,0.00161030595813205,0,0.253246753246753,0.0170807453416149,0,0,0.998473282442748,0,0.998415213946117,0.0015748031496063,0.297208538587849,0.998387096774194,0.998392282958199,0.485436893203884,0.0430622009569378,0.569400630914827,0,0.996753246753247,0.0561797752808989,0.00784929356357928,0,0.813099041533546,0.993788819875776,0.996774193548387,0.981424148606811,1,0,0,0.985826771653543,0.0062992125984252,0.00327868852459016,0.0237717908082409,0.00313479623824451,0,0.993650793650794,0.0112179487179487,1,1,0,0.992150706436421,0.0463678516228748,0.998425196850394,0.911717495987159,0.996969696969697,0.996779388083736
"245",0.96969696969697,0.96594427244582,0.993817619783617,0.951612903225806,0.977198697068404,0.975845410628019,0.910112359550562,0.979591836734694,0.964885496183206,0,0.971786833855799,0,0.582417582417582,0.96656050955414,0.06875,0.0419906687402799,0,0.0157977883096366,0.964401294498382,0.949921752738654,0.187993680884676,0.0691318327974277,0.959814528593508,0,0.934272300469484,0.282296650717703,0.133956386292835,0.966129032258065,0.496171516079632,0.714285714285714,0.0325581395348837,0.710031347962382,0.790143084260731,0.315047021943574,0,0.971653543307087,0.0185185185185185,0.960998439937597,0.290715372907154,0.88135593220339,0.00157232704402516,0.0154798761609907,0.00464396284829721,0.969745222929936,0.815235008103728,0.0511182108626198,0.539808917197452,0.0316455696202532,0.496987951807229,0.15668202764977,0,0.970266040688576,0.296529968454259,0.963949843260188,0.904610492845787,0.186009538950715,0,0.945945945945946,0.974960876369327,0.910377358490566,0.32755905511811,0.459752321981424,0.032,0,0.894904458598726,0.823161189358372,0,0.958925750394945,0,0.0240770465489567,0.852080123266564,0.0336538461538462,0.0455974842767296,0.968992248062015,0,0.738863287250384,0.0689655172413793,0.61128526645768,0.91869918699187,0.287128712871287,0,0.734883720930233,0.225954198473282,0.968944099378882,0.137071651090343,0.936728395061728,0.97007874015748,0.97191887675507,0.955108359133127,0.00763358778625954,0.965079365079365,0.965625,0,0,0.954619124797407,0,0.315707620528771,0.962382445141066,0.0062015503875969,0.00791139240506329,0.642745709828393,0,0.311501597444089,0.969889064976228,0.131498470948012,0.968203497615262,0.0093603744149766,0.984202211690363,0.0275080906148867,0.0360501567398119,0.0327613104524181,0.922955974842767,0.364485981308411,0.962558502340094,0,0.98297213622291,0.728706624605678,0,0.0323574730354391,0.260663507109005,0,0.783570300157978,0.277089783281734,0.11219512195122,0.967692307692308,0.160686427457098,0.966360856269113,0.970172684458399,0,0.571207430340557,0.953343701399689,0.488709677419355,0.966237942122186,0,0.966876971608833,0.0475460122699387,0,0.244444444444444,0.644904458598726,0.537337662337662,0,0,0.973561430793157,0.77337559429477,0.184590690208668,0.966824644549763,0.0317965023847377,0.942457231726283,0.441033925686591,0.990726429675425,0.1616,0.965678627145086,0.970967741935484,0.821596244131455,0.971786833855799,0.0224,0.97045101088647,0.0299212598425197,0,0.748019017432647,0.883076923076923,0.957680250783699,0.0521472392638037,0,0.968944099378882,0.495207667731629,0.965630114566285,0.96984126984127,0.968895800933126,0.326153846153846,0.97360248447205,0.0331230283911672,0.94556765163297,0.0306748466257669,0.906793048973144,0.4046875,0,0.960127591706539,0,0.836448598130841,0.967136150234742,0.1584,0.9703125,0.932601880877743,0.96048632218845,0.943076923076923,0.129541864139021,0.411402157164869,0.925686591276252,0.944178628389155,0.0769230769230769,0.0372093023255814,0.97588424437299,0.869969040247678,0,0,0.326018808777429,0.00156494522691706,0.968133535660091,0.298136645962733,0.890850722311397,0.755451713395639,0.980213089802131,0.447784810126582,0.444444444444444,0.3184,0.912280701754386,0.940705128205128,0.8921875,0,0.870917573872473,0.204838709677419,0.943910256410256,0.0313479623824451,0.0959752321981424,0.56656346749226,0.966666666666667,0.970588235294118,0.85126582278481,0.971653543307087,0.889240506329114,0,0.102167182662539,0.674382716049383,0.966292134831461,0,0.962962962962963,0.984639016897081,0.570300157977883,0.570977917981073,0.960753532182104,0.971518987341772,0.375796178343949,0,0.9,0.557993730407524,0.996742671009772,0.0326594090202177,0.953703703703704,0.971698113207547,0.971786833855799,0.935897435897436,0.558823529411765,0.0318471337579618,1,0.564263322884012,0.0331325301204819,0.0336906584992343,0.216429699842022,0.0327613104524181,0.182829888712242,0.698608964451314,0.0282574568288854,0.0370942812982998,0.0390625,0.618098159509202,0.0672,0.96984126984127,0.00802568218298555,0.028169014084507,0,0.242088607594937,0.973186119873817,0.952904238618524,0.903125,0,0.886914378029079,0.845794392523365,0.703001579778831,0.619195046439629,0.46801872074883,0.45511811023622,0.0093603744149766,0.964856230031949,0.128482972136223,0.724358974358974,0.995207667731629,0.0416024653312789,0.776049766718507,0.031104199066874,0.153125,0.96996996996997,0.971153846153846,0.911003236245955,0,0.660522273425499,0.904610492845787,0,0.0310077519379845,0.916279069767442,0.987321711568938,0,0.0354391371340524,0.0279937791601866,0.974317817014446,0.89983844911147,0.0318979266347687,0,0.39873417721519,0.981072555205047,0.817629179331307,0.414173228346457,0.688394276629571,0.949464012251149,0.03486529318542,0.967592592592593,0.970266040688576,0.0347003154574132,0.962323390894819,0.971608832807571,0.947368421052632,0.967084639498433,0.209448818897638,0.336434108527132,0.3015625,0.980738362760835,0.9185303514377,0.0493827160493827,0.292332268370607,0.984326018808777,0.17879746835443,0.327769347496206,0.984399375975039,0.968602825745683,0.972049689440994,0.704,0.964777947932619,0.273162939297125,0.995305164319249,0.9696,0,0.349230769230769,0.562998405103668,0.0444444444444444,0.0528700906344411,0.0356037151702786,0.889937106918239,0.0532915360501567,0.0269413629160063,0,0.253521126760563,0.972972972972973,0.09375,0.980295566502463,1,0.984126984126984,0.304761904761905,0.312803889789303,0.707936507936508,0.476268412438625,0,0.839116719242902,0.0450310559006211,0.0656488549618321,0.225196850393701,0.967897271268058,0.0361067503924647,0,0.355799373040752,0.0372670807453416,0.0430622009569378,0.475513428120063,0.975806451612903,0.314194577352472,0.970247933884298,0.936305732484076,0,0.976047904191617,0.0276073619631902,0.97125567322239,0.834108527131783,0.969004893964111,0.0390015600624025,0.949230769230769,0.029874213836478,0.859154929577465,0.7421875,0.919129082426128,0.982945736434109,0.964856230031949,0.314375987361769,0.944532488114105,0.967889908256881,0.0290964777947933,0.0517241379310345,0.967897271268058,0.965408805031447,0.34789391575663,0.857364341085271,0.942307692307692,0.951713395638629,0.967692307692308,0,0.143759873617694,0.966929133858268,0.028391167192429,0,0.995297805642633,0.00813008130081301,0.0704,0.967492260061919,0.996865203761755,0.00315955766192733,0.652380952380952,0.448979591836735,0.969936708860759,0.0272,0.846645367412141,0.969453376205788,0.400318979266348,0.638065522620905,0.822503961965135,0,0.181533646322379,0.984152139461173,0.971563981042654,0.477917981072555,0.973561430793157,0.95819397993311,0.0575079872204473,0.0015552099533437,0.975535168195719,0.971518987341772,0.953821656050955,0.713629402756508,0.0362204724409449,0.884493670886076,0.2640625,0.194029850746269,0.00477707006369427,0.635350318471338,0.61698717948718,0.648818897637795,0,0.318327974276527,0.924050632911392,0.661971830985915,0.544207317073171,0.103030303030303,0,0,0.972972972972973,0.948837209302326,0,0.952830188679245,0.00638977635782748,0,0,0.97007874015748,0,0.975728155339806,0.788888888888889,0.546686746987952,0.967340590979782,0,0,0.971875,0.949848024316109,0.740683229813665,0.0291858678955453,0.00160513643659711,0.9,0.633956386292835,0.975,0.555900621118012,0.383045525902669,0,0.955974842767296,0.0302066772655008,0.977671451355662,0.120634920634921,0,0.0354391371340524,0.141955835962145,0.488333333333333,0.952160493827161,0,0.966360856269113,0.963317384370016,0.973765432098765,0,0.110047846889952,0.907438016528926,0.0375203915171289,0.967592592592593,0.970358814352574,0.0376175548589342,0.968847352024922,0.314285714285714,0.821150855365474,0.0425867507886435,0.189406099518459,0.957746478873239,0.00794912559618442,0.0309597523219814,0.976599063962558,0.0324149108589951,0.686591276252019,0.409162717219589,0,0.1421875,0.754019292604502,0.2796875,0.965625,0.0301587301587302,0.172573189522342,0.457928802588997,0.948170731707317,0.900153609831029,0.946372239747634,0.764984227129338,0,0.958074534161491,0.0292307692307692,0.9375,0.404220779220779,0.0271084337349398,0.97045101088647,0.96984126984127,0.971786833855799,0.6546875,0.982731554160126,0.157643312101911,0.221690590111643,0.937106918238994,0.892913385826772,0,0,0.969793322734499,0.9376,0.0384615384615385,0.984423676012461,0.976489028213166,0.382445141065831,0.958795562599049,0.744849445324881,0.906687402799378,0,0.961538461538462,0.343548387096774,0.973143759873618,0.968454258675079,0,0.650316455696203,0.995222929936306,0.0330708661417323,0.698890649762282,0.413522012578616,0.81089258698941,0.727416798732171,0.938744257274119,0.0963302752293578,0.966507177033493,0.968798751950078,0.981395348837209,0.310064935064935,0.118110236220472,0.974763406940063,0.964992389649924,0.0060790273556231,0.792248062015504,0.475155279503106,0.295133437990581,0.7890625,0.966507177033493,0.863275039745628,0.967340590979782,0.132824427480916,0.029126213592233,0,0.84384858044164,0.0334394904458599,0.0300157977883096,0.296703296703297,0,0.968404423380727,0.913178294573643,0.970404984423676,0.973765432098765,0.114285714285714,0.0316455696202532,0,0,0.207729468599034,0.106687898089172,0.189490445859873,0,0.0232198142414861,0.968454258675079,0.0201238390092879,0.303174603174603,0.966346153846154,0.622222222222222,0.946859903381642,0.700460829493088,0.687692307692308,0,0.971514242878561,0.402535657686212,0.526232114467409,0.935285053929122,0.979938271604938,0.417054263565891,0.00775193798449612,0.9609375,0.962790697674419,0,0.958652373660031,0.0458135860979463,0.969551282051282,0.433697347893916,0,0.00628930817610063,0.544554455445545,0.859842519685039,0.0296411856474259,0.166129032258065,0.0078003120124805,0.00164473684210526,0.76030534351145,0.0443037974683544,0.973553719008264,0.361370716510903,0.978125,0.0307219662058372,0.400309119010819,0.340764331210191,0.881877022653722,0.113782051282051,0.0326086956521739,0.00154083204930663,0.0753532182103611,0,0.968036529680365,0.0522875816993464,0.984802431610942,0.0363924050632911,0.970491803278689,0,0.53343701399689,0.488993710691824,0.967238689547582,0,0.972136222910217,0,0.442857142857143,0.966101694915254,0,0.671317829457364,0.974683544303797,0.757009345794392,0.982286634460548,0.0652173913043478,0,0.96998420221169,0.298412698412698,0,0.702362204724409,0.0257966616084977,0.0409090909090909,0.970219435736677,0.971383147853736,0.969465648854962,0.955974842767296,0.968,0,0.950871632329635,0.0204081632653061,0.362928348909657,0.317610062893082,0.967084639498433,0.959119496855346,0.963302752293578,0.960183767228178,0.0516431924882629,0.0451713395638629,0.973898858075041,0.945820433436533,0.738131699846861,0.952755905511811,0.971875,0.996879875195008,0,0,0.954407294832827,0,0.0930232558139535,0,0.9703125,0.310897435897436,0.232744783306581,0.150621118012422,0.901869158878505,0,0.1287284144427,0.968798751950078,0.975116640746501,0.669811320754717,0.438650306748466,0.240909090909091,0.201538461538462,0.672496025437202,0.0263975155279503,0.152037617554859,0.577287066246057,0.285939968404423,0.720610687022901,0.0317460317460317,0,0.0271132376395534,0.334928229665072,0.97092084006462,0.636222910216718,0.245801526717557,0.642857142857143,0.880184331797235,0.95405819295559,0.957792207792208,0.963779527559055,0.977235772357724,0.968503937007874,0.551505546751189,0.455259026687598,0.97007874015748,0.0348484848484849,0.0423600605143722,0.8859375,0.0109375,0.969040247678019,0.940438871473354,0,0.130990415335463,0,0.95125786163522,0,0.965785381026439,0.967084639498433,0.0321592649310873,0.841346153846154,0.967238689547582,0.67948717948718,0.64576802507837,0.901430842607313,0,0,0.93517017828201,0.972519083969466,0.98310291858679,0,0,0.0293159609120521,0.261275272161742,0.5086887835703,0,0.479495268138801,0,0.923444976076555,0.966453674121406,0.179032258064516,0.261001517450683,0,0.379644588045234,0.601246105919003,0.845911949685535,0.993836671802773,0.808846761453397,0.02660406885759,0.98202614379085,0.0159235668789809,0.968454258675079,0,0.983206106870229,0.0047244094488189,0.969205834683955,0.0421875,0.026984126984127,0,0,0.843653250773994,0.912903225806452,0.953703703703704,0.708782742681048,0.0505359877488515,0.035426731078905,0.830985915492958,0.83695652173913,0,0.040625,0.94488188976378,0,0.953451043338684,0.992343032159265,0.0927672955974843,0.0420560747663551,0.029874213836478,0.970903522205207,0.496784565916399,0.0958466453674121,0.125996810207337,0.137071651090343,0.719412724306688,0.117829457364341,0.97427652733119,0,0.76303317535545,0.953632148377125,0.00318979266347687,0,0.0343796711509716,0,0.0358814352574103,0.970358814352574,0.70906200317965,0.0304,0.0335463258785942,0.569354838709677,0.972843450479233,0.453978159126365,0.0482866043613707,0.0272435897435897,0.0570962479608483,0.0200617283950617,0,0.0523809523809524,0.037821482602118,0.0302066772655008,0.0449612403100775,0.0261538461538462,0.0507131537242472,0.0592823712948518,0.0371517027863777,0.0206677265500795,0.00322061191626409,0.023696682464455,0.0244648318042813,0.059375,0.0390625,0.0217391304347826,0.0225806451612903,0.0345911949685535,0.0445151033386327,0.0332278481012658,0.0259938837920489,0.031104199066874,0.0533751962323391,0.0321100917431193,0.0358814352574103
"246",0.545741324921136,0.545878693623639,0.55521472392638,0.543443917851501,0.56043956043956,0.52555910543131,0.544303797468354,0.559375,0.546707503828484,0,0.532915360501567,0,0.669218989280245,0.549363057324841,0.482919254658385,0.476635514018692,0,0.00777604976671851,0.540157480314961,0.558103975535168,0.530046224961479,0.487261146496815,0.554364471669219,0,0.554531490015361,0.716981132075472,0.532283464566929,0.53968253968254,0.618541033434651,0.569422776911076,0.466049382716049,0.639016897081413,0.631329113924051,0.608359133126935,0,0.540958268933539,0.0106382978723404,0.53951367781155,0.583208395802099,0.57032457496136,0,0.00765696784073507,0.0015527950310559,0.530063291139241,0.630573248407643,0.489827856025039,0.977987421383648,0.481308411214953,0.615384615384615,0.53030303030303,0,0.534375,0.547286821705426,0.539657853810264,0.541009463722397,0.549363057324841,0,0.566188197767145,0.531881804043546,0.609831029185868,0.679938744257274,0.618320610687023,0.4578125,0,0.577777777777778,0.581143740340031,0,0.529411764705882,0,0.459375,0.629800307219662,0.46046511627907,0.480680061823802,0.541666666666667,0,0.624427480916031,0.490963855421687,0.669266770670827,0.573926868044515,0.578861788617886,0,0.650077760497667,0.607575757575758,0.542728635682159,0.516923076923077,0.584218512898331,0.538694992412747,0.541411042944785,0.560185185185185,0.00301659125188537,0.551020408163265,0.541538461538462,0,0,0.5390625,0,0.543076923076923,0.555209953343701,0,0.00157728706624606,0.602484472049689,0,0.578783151326053,0.527386541471048,0.509833585476551,0.55591054313099,0.0046875,0.546153846153846,0.472929936305732,0.480499219968799,0.468944099378882,0.545741324921136,0.595348837209302,0.558502340093604,0,0.551242236024845,0.642638036809816,0,0.476190476190476,0.56055900621118,0,0.638801261829653,0.579352850539291,0.523510971786834,0.561815336463224,0.552469135802469,0.546423135464231,0.52639751552795,0,0.596006144393241,0.564945226917058,0.567140600315956,0.530903328050713,0,0.540540540540541,0.464447806354009,0,0.559875583203733,0.954545454545455,0.603174603174603,0,0,0.548989113530327,0.629860031104199,0.598412698412698,0.539412673879444,0.440625,0.55521472392638,0.601574803149606,0.552870090634441,0.538461538461538,0.538940809968847,0.540540540540541,0.55968992248062,0.536661466458658,0.446031746031746,0.539412673879444,0.453543307086614,0,0.605345911949686,0.580209895052474,0.548929663608563,0.46177370030581,0,0.545454545454545,0.613924050632911,0.528571428571429,0.549230769230769,0.531722054380665,0.655538694992413,0.5625,0.471048513302034,0.551515151515152,0.460725075528701,0.567610062893082,0.821981424148607,0,0.531881804043546,0,0.638330757341577,0.522137404580153,0.499212598425197,0.532507739938081,0.559633027522936,0.529235382308846,0.522342064714946,0.523219814241486,0.590214067278288,0.6,0.574132492113565,0.481481481481481,0.459167950693374,0.546875,0.555384615384615,0,0,0.597503900156006,0,0.535384615384615,0.581929555895865,0.55,0.694915254237288,0.532625189681335,0.600308641975309,0.560675883256528,0.588328075709779,0.552099533437014,0.542993630573248,0.575757575757576,0,0.564142194744977,0.552715654952077,0.590909090909091,0.461656441717791,0.516666666666667,0.580188679245283,0.545595054095827,0.545731707317073,0.608964451313756,0.530326594090202,0.613707165109034,0,0.523219814241486,0.636913767019667,0.558359621451104,0,0.527692307692308,0.539634146341463,0.587692307692308,0.586153846153846,0.5390625,0.541062801932367,0.566037735849057,0,0.554198473282443,0.636645962732919,0.540752351097179,0.473118279569892,0.566066066066066,0.540031397174254,0.525114155251142,0.568356374807988,0.60882800608828,0.468454258675079,0.564263322884012,1,0.465960665658094,0.452344931921331,0.510108864696734,0.452830188679245,0.532385466034755,0.567073170731707,0.464506172839506,0.450381679389313,0.451463790446841,0.580246913580247,0.476415094339623,0.553822152886115,0.00470219435736677,0.455676516329705,0,0.569875776397516,0.540284360189573,0.552425665101721,0.602782071097372,0,0.563981042654028,0.565548780487805,0.652647975077882,0.633956386292835,0.651162790697674,0.546031746031746,0.00464396284829721,0.529968454258675,0.496904024767802,0.631239935587762,0.541341653666147,0.469230769230769,0.571653543307087,0.4703125,0.516871165644172,0.546969696969697,0.549273021001615,0.560629921259843,0,0.588509316770186,0.542901716068643,0,0.464723926380368,0.553353658536585,0.542768273716952,0,0.466360856269113,0.462365591397849,0.54675118858954,0.61259842519685,0.472178060413355,0,0.589783281733746,0.540625,0.590214067278288,0.587962962962963,0.580745341614907,0.551987767584098,0.464396284829721,0.540458015267176,0.551242236024845,0.477657935285054,0.560675883256528,0.540247678018576,0.547619047619048,0.536209553158706,0.589984350547731,0.563165905631659,0.568992248062016,0.55205047318612,0.558587479935794,0.0279937791601866,0.568938193343899,0.553846153846154,0.65015479876161,0.56547619047619,0.550387596899225,0.541139240506329,0.5796875,0.654574132492114,0.522658610271903,0.548183254344392,0.546850998463902,0.537267080745342,0,0.566666666666667,0.570977917981073,0.489795918367347,0.0245022970903522,0.467374810318665,0.553158705701079,0.480798771121352,0.458015267175573,0,0.666153846153846,0.545171339563863,0.5,0.541666666666667,0.553323029366306,0.544323483670295,0.581102362204724,0.59170653907496,0.670261941448382,0.59775641025641,0,0.60625,0.463414634146341,0.470319634703196,0.557098765432099,0.550632911392405,0.463790446841294,0,0.574074074074074,0.463525835866261,0.477379095163807,0.638932496075353,0.544186046511628,0.582539682539683,0.534733441033926,0.539657853810264,0,0.548579970104634,0.45565749235474,0.536953242835596,0.598116169544741,0.553429027113238,0.464342313787639,0.548387096774194,0.446875,0.571651090342679,0.67244094488189,0.554364471669219,0.54320987654321,0.528593508500773,0.587596899224806,0.561622464898596,0.539291217257319,0.462121212121212,0.474654377880184,0.525741029641186,0.536697247706422,0.592024539877301,0.558823529411765,0.541195476575121,0.588597842835131,0.538343558282209,0,0.521259842519685,0.531881804043546,0.456112852664577,0,0.549606299212598,0.00316455696202532,0.509404388714734,0.550231839258114,0.533018867924528,0,0.588509316770186,0.846394984326019,0.553990610328638,0.480952380952381,0.56055900621118,0.534181240063593,0.594339622641509,0.588050314465409,0.646129541864139,0,0.541213063763608,0.553125,0.537037037037037,0.865293185419968,0.545592705167173,0.562197092084006,0.484423676012461,0.00153846153846154,0.551515151515152,0.549689440993789,0.56221198156682,0.664634146341463,0.465408805031447,0.568535825545171,0.697204968944099,0.504078303425775,0.00154559505409583,0.668217054263566,0.638801261829653,0.660990712074303,0,0.596825396825397,0.552307692307692,0.680124223602484,0.627692307692308,0.507440476190476,0,0,0.532544378698225,0.552511415525114,0,0.55607476635514,0.00313479623824451,0,0,0.526813880126183,0,0.545741324921136,0.575851393188854,0.598765432098765,0.530674846625767,0,0,0.539657853810264,0.556732223903177,0.641221374045801,0.462249614791988,0,0.539156626506024,0.590062111801242,0.543076923076923,0.831029185867896,0.59594383775351,0,0.548536209553159,0.474683544303797,0.548837209302326,0.522620904836194,0,0.466867469879518,0.503184713375796,0.698541329011345,0.535603715170279,0,0.563829787234043,0.534848484848485,0.536585365853659,0,0.508527131782946,0.538961038961039,0.445859872611465,0.532307692307692,0.543511450381679,0.465648854961832,0.543613707165109,0.593558282208589,0.580745341614907,0.455813953488372,0.545454545454545,0.563380281690141,0.0031201248049922,0.445141065830721,0.551937984496124,0.476268412438625,0.64171974522293,0.565149136577708,0,0.51468315301391,0.6304,0.585516178736518,0.568567026194145,0.462848297213622,0.60882800608828,0.557536466774716,0.597579425113464,0.58599695585997,0.56298600311042,0.651968503937008,0,0.53680981595092,0.459787556904401,0.535101404056162,0.591194968553459,0.451908396946565,0.537867078825348,0.551181102362205,0.542452830188679,0.927580893682589,0.539657853810264,0.525157232704403,0.569640062597809,0.545736434108527,0.562883435582822,0,0,0.536163522012579,0.575949367088608,0.46656298600311,0.552469135802469,0.552631578947368,0.585365853658537,0.55607476635514,0.564387917329094,0.528417818740399,0,0.551724137931034,0.546296296296296,0.545031055900621,0.547286821705426,0,0.61189358372457,0.546728971962617,0.46656298600311,0.581761006289308,0.587326120556414,0.614692653673163,0.696124031007752,0.569018404907976,0.527488855869242,0.534267912772586,0.536923076923077,0.554699537750385,0.558028616852146,0.4953125,0.549079754601227,0.521276595744681,0.00153139356814701,0.617602427921093,0.639817629179331,0.57984496124031,0.620528771384137,0.547140649149923,0.551937984496124,0.550769230769231,0.135464231354642,0.452119309262166,0,0.61128526645768,0.460567823343849,0.446676970633694,0.578538102643857,0,0.552147239263804,0.576864535768645,0.537290715372907,0.551829268292683,0.543581616481775,0.46551724137931,0,0,0.544461778471139,0.527301092043682,0.547169811320755,0,0.440494590417311,0.529680365296804,0.227480916030534,0.572998430141287,0.550473186119874,0.607361963190184,0.537383177570093,0.660030627871363,0.620060790273556,0,0.526002971768202,0.582417582417582,0.572784810126582,0.547511312217195,0.534562211981567,0.577981651376147,0.00462249614791988,0.554868624420402,0.554545454545455,0,0.587786259541985,0.467391304347826,0.546031746031746,0.527522935779816,0,0.00154083204930663,0.584814216478191,0.6078125,0.462848297213622,0.540880503144654,0.00306278713629403,0,0.584592145015106,0.4828125,0.538971807628524,0.590288315629742,0.53030303030303,0.460708782742681,0.645510835913313,0.720125786163522,0.589171974522293,0.509523809523809,0.450381679389313,0,0.469745222929936,0,0.522865853658537,0.415335463258786,0.54380664652568,0.467391304347826,0.54559748427673,0,0.651127819548872,0.637931034482759,0.531782945736434,0,0.544049459041731,0,0.621451104100946,0.545180722891566,0,0.586523736600306,0.540284360189573,0.881889763779528,0.555031446540881,0.478658536585366,0,0.536050156739812,0.548335974643423,0,0.648401826484018,0.453453453453453,0.453149001536098,0.532385466034755,0.548031496062992,0.543247344461305,0.554160125588697,0.559561128526646,0,0.534700315457413,0.0107033639143731,0.561349693251534,0.567901234567901,0.534848484848485,0.543343653250774,0.545871559633027,0.532824427480916,0.0397553516819572,0.47360248447205,0.52442996742671,0.547692307692308,0.651515151515151,0.536363636363636,0.546296296296296,0.578703703703704,0,0,0.532640949554896,0,0.512121212121212,0,0.547692307692308,0.558213716108453,0.658267716535433,0.506172839506173,0.570542635658915,0.0015552099533437,0.52132701421801,0.531782945736434,0.549770290964778,0.626959247648903,0.577611940298507,0.620178041543027,0.546142208774584,1,0.448012232415902,0.516129032258065,0.593846153846154,0.557661927330174,0.645896656534954,0.447692307692308,0,0.465007776049767,0.561514195583596,0.531001589825119,0.534562211981567,0.563988095238095,0.662519440124417,0.567484662576687,0.529770992366412,0.555735056542811,0.574162679425837,0.551834130781499,0.536163522012579,0.6049766718507,0.615023474178404,0.53822629969419,0.468373493975904,0.451908396946565,0.59717868338558,0.00458015267175573,0.544764795144158,0.53680981595092,0,0.529126213592233,0,0.572769953051643,0,0.548048048048048,0.539877300613497,0.456060606060606,0.568535825545171,0.528787878787879,0.598736176935229,0.577981651376147,0.547987616099071,0,0,0.562700964630225,0.55472263868066,0.551083591331269,0,0,0.457735247208931,0.552631578947368,0.566510172143975,0,0.62962962962963,0,0.579872204472843,0.537854889589905,0.485759493670886,0.625766871165644,0,0.603803486529319,0.748043818466354,0.566615620214395,0.551515151515152,0.561430793157076,0.471228615863142,0.540064102564103,0.0518053375196232,0.545886075949367,0,0.53323029366306,0.0015527950310559,0.516746411483254,0.47723704866562,0.321316614420063,0,0,0.612557427258805,0.56140350877193,0.528072837632777,0.565217391304348,0.453292496171516,0.449768160741886,0.658841940532081,0.61044776119403,0,0.460218408736349,0.569678407350689,0,0.542319749216301,0.541856925418569,0.511664074650078,0.0199386503067485,0.456386292834891,0.532526475037821,0.60062893081761,0.518691588785047,0.536624203821656,0.499231950844854,0.64171974522293,0.478461538461538,0.544891640866873,0,0.609984399375975,0.544049459041731,0.00156739811912226,0,0.478260869565217,0,0.458461538461538,0.53323029366306,0.643769968051118,0.464788732394366,0.464285714285714,0.591482649842271,0.555384615384615,0.626168224299065,0.027355623100304,0.4576,0.0505529225908373,0.0108359133126935,0,0.393416927899687,0.447604790419162,0.446345256609642,0.469512195121951,0.46142208774584,0.0220472440944882,0.0305343511450382,0.468315301391036,0.0125,0.00317460317460317,0.0295031055900621,0.0152439024390244,0.0276923076923077,0.469578783151326,0.0154798761609907,0.4656,0.457496136012365,0.0221518987341772,0.455950540958269,0.0390977443609023,0.471494607087827,0.454828660436137,0.454954954954955,0.471698113207547
"247",0.0062015503875969,0.00451807228915663,0.0346385542168675,0.065625,0.0219435736677116,0.0046656298600311,0.0987841945288754,0.0287009063444109,0.00454545454545455,0,0.003003003003003,0,0.434848484848485,0.00156985871271586,0.957575757575758,0.992389649923896,0,0.00153374233128834,0.00772797527047913,0.0180995475113122,0.847305389221557,0.965299684542587,0.016566265060241,0,0.0535168195718654,0.75808936825886,0.896813353566009,0.012326656394453,0.537777777777778,0.303625377643505,0.995555555555556,0.311649016641452,0.234398782343988,0.713855421686747,0,0.00455927051671732,0.00601503759398496,0.00770416024653313,0.743401759530792,0.10192023633678,0,0,0,0.00308641975308642,0.222748815165877,0.973684210526316,0.508422664624809,0.996965098634294,0.528443113772455,0.881305637982196,0,0.0122887864823349,0.745426829268293,0.00151285930408472,0.1089258698941,0.83203732503888,0,0.0322085889570552,0.0421052631578947,0.0939393939393939,0.700453857791225,0.570359281437126,0.996908809891808,0,0.0911949685534591,0.179331306990881,0,0.0106544901065449,0,0.996941896024465,0.153383458646617,0.987654320987654,0.983383685800604,0.00301204819277108,0,0.286135693215339,0.953662182361734,0.427921092564492,0.1015625,0.733118971061093,0,0.305007587253414,0.794602698650675,0.00298953662182362,0.899096385542169,0.103293413173653,0.00455927051671732,0.0364188163884674,0.0343283582089552,0,0.0154083204930663,0.00303490136570561,0,0,0.031104199066874,0,0.686186186186186,0.024390243902439,0,0,0.36969696969697,0,0.717557251908397,0,0.901931649331352,0.00308641975308642,0,0.0242792109256449,0.998461538461539,0.990936555891239,0.995488721804511,0.0811638591117917,0.659541984732824,0.0122887864823349,0,0.0210843373493976,0.299698795180723,0,0.995481927710843,0.765793528505393,0,0.234567901234568,0.761398176291793,0.922600619195046,0.0349013657056146,0.855855855855856,0.00448430493273543,0.0091324200913242,0,0.451908396946565,0.0717557251908397,0.506998444790047,0.0168970814132104,0,0.00773993808049536,0.977908689248895,0,0.800608828006088,0.384146341463415,0.478056426332288,0,0,0.027231467473525,0.242792109256449,0.834115805946792,0.0030441400304414,0.996937212863706,0.0834597875569044,0.58411214953271,0.0284431137724551,0.8671875,0.0195488721804511,0.0015625,0.168421052631579,0.00909090909090909,0.995334370139969,0.00299850074962519,0.996941896024465,0,0.263482280431433,0.127055306427504,0.0213740458015267,0.977443609022556,0,0.00301204819277108,0.55607476635514,0.00156494522691706,0.00302571860816944,0.0014903129657228,0.71577380952381,0.028657616892911,0.993798449612403,0.0544117647058824,0.995515695067265,0.101382488479263,0.648854961832061,0,0.0214395099540582,0,0.16289592760181,0.00150829562594268,0.885145482388974,0.0240601503759399,0.0559757942511346,0.0116959064327485,0.0254110612855007,0.896499238964992,0.622950819672131,0.0839813374805599,0.0615384615384615,0.94553706505295,0.990936555891239,0.0261538461538462,0.127465857359636,0,0,0.702786377708978,0,0.00447761194029851,0.729041916167665,0.11402157164869,0.255287009063444,0.0163447251114413,0.569254185692542,0.562218890554723,0.709428129829985,0.0759878419452888,0.0367534456355283,0.115615615615616,0,0.127853881278539,0.8234375,0.0620272314674735,0.996932515337423,0.931921331316188,0.463525835866261,0.0287443267776097,0.0253353204172876,0.167927382753404,0.0060790273556231,0.10260336906585,0,0.926493108728943,0.350073855243722,0.00920245398773006,0,0.0134328358208955,0.0266666666666667,0.451219512195122,0.451367781155015,0.013677811550152,0.00313971742543171,0.622900763358779,0,0.0982142857142857,0.475037821482602,0.0345368916797488,0.995488721804511,0.0493273542600897,0.00453172205438067,0.00453172205438067,0.0468277945619335,0.453731343283582,0.99388379204893,0.0331325301204819,0.465960665658094,1,0.99406528189911,0.812785388127854,0.995440729483283,0.858695652173913,0.326470588235294,0.995461422087746,0.993948562783661,0.987951807228916,0.412556053811659,0.95800933125972,0.0199692780337942,0,0.998468606431853,0,0.773497688751926,0.00458715596330275,0.0260336906584992,0.10790273556231,0,0.131455399061033,0.139880952380952,0.319571865443425,0.402124430955994,0.541538461538462,0.546850998463902,0,0.00460829493087558,0.909090909090909,0.298412698412698,0.0439393939393939,0.986506746626687,0.254135338345865,0.995398773006135,0.872534142640364,0.0043859649122807,0.0046801872074883,0.0962732919254658,0,0.354694485842027,0.101851851851852,0,0.997014925373134,0.0971599402092676,0.0274809160305344,0,0.994020926756353,0.995508982035928,0.0251177394034537,0.117829457364341,0.996884735202492,0,0.609939759036145,0.0152905198776758,0.205970149253731,0.601503759398496,0.338905775075988,0.0404191616766467,0.986363636363636,0.00441826215022091,0.00305343511450382,0.993808049535604,0.0427480916030534,0.00464396284829721,0.0280373831775701,0.00602409638554217,0.815151515151515,0.702985074626866,0.723308270676692,0.0230414746543779,0.059748427672956,0,0.733231707317073,0.0317220543806647,0.852459016393443,0.699259259259259,0.00906344410876133,0.00763358778625954,0.037593984962406,0.311145510835913,0.0045045045045045,0.75195007800312,0.04047976011994,0.00308166409861325,0,0.701183431952663,0.447368421052632,0.980152671755725,0,0.991058122205663,0.0953101361573374,0.967164179104478,0.996987951807229,0,0.775417298937785,0.013719512195122,0.931240657698057,0.0207336523125997,0.0364741641337386,0.0168195718654434,0.721966205837174,0.720748829953198,0.329819277108434,0.541732283464567,0,0.182094081942337,0.980882352941176,0.959940652818991,0.807866868381241,0.00306748466257669,0.995461422087746,0,0.685157421289355,0.988112927191679,0.981623277182236,0.536363636363636,0.00457317073170732,0.727131782945736,0.00477707006369427,0.0303030303030303,0,0.0132352941176471,0.99554234769688,0.00599700149925037,0.172672672672673,0.00463678516228748,0.984756097560976,0.025260029717682,0.995502248875562,0.117469879518072,0.293846153846154,0.0532544378698225,0.019578313253012,0.00152905198776758,0.714285714285714,0.0352760736196319,0.0029806259314456,0.997001499250375,0.974320241691843,0.00309597523219814,0.00453172205438067,0.671709531013616,0.115853658536585,0.0384,0.0558912386706949,0.00298953662182362,0,0.883435582822086,0.00300751879699248,0.993874425727412,0,0.0426829268292683,0,0.94954128440367,0.00451127819548872,0.0395136778115502,0,0.361280487804878,0.592024539877301,0.021875,0.995319812792512,0.129573170731707,0.0078003120124805,0.628482972136223,0.403030303030303,0.218798151001541,0,0.839753466872111,0.0293663060278207,0.0045662100456621,0.569277108433735,0.00301659125188537,0.0353130016051364,0.967791411042945,0,0.0197568389057751,0.00763358778625954,0.0487804878048781,0.31981981981982,0.989280245022971,0.126717557251908,0.760059612518629,0.810064935064935,0,0.389570552147239,0.40695915279879,0.392424242424242,0,0.699844479004666,0.0846153846153846,0.370481927710843,0.478915662650602,0.919117647058823,0,0,0.00290275761973875,0.0254872563718141,0,0.083969465648855,0,0,0,0.00618238021638331,0,0.00310077519379845,0.223744292237443,0.472673559822747,0.00149925037481259,0,0,0.00909090909090909,0.03725782414307,0.27231467473525,0.995535714285714,0,0.102678571428571,0.403614457831325,0.00302571860816944,0.482706766917293,0.653905053598775,0,0.0181543116490166,0.998425196850394,0.049079754601227,0.897709923664122,0,0.988112927191679,0.893518518518518,0.51993620414673,0.0316265060240964,0,0.0541353383458647,0.0316742081447964,0.00300751879699248,0,0.921052631578947,0.0729001584786054,0.995253164556962,0.00444444444444444,0.00296296296296296,0.989345509893455,0.00451127819548872,0.715582450832073,0.196646341463415,0.986238532110092,0.841368584758942,0.0485584218512898,0,0.996965098634294,0.031437125748503,0.990740740740741,0.340490797546012,0.597842835130971,0,0.900149031296572,0.260061919504644,0.754147812971342,0.027231467473525,0.995405819295559,0.849397590361446,0.539936102236422,0.0617647058823529,0.108433734939759,0.0400616332819723,0.264705882352941,0,0.0224215246636771,0.998507462686567,0.0353302611367127,0.606431852986217,0.995555555555556,0.00448430493273543,0.00458015267175573,0.00455927051671732,0.383435582822086,0.0210843373493976,0.873846153846154,0.818181818181818,0.0639269406392694,0.109923664122137,0,0,0.0139968895800933,0.0697674418604651,0.984662576687117,0.0184899845916795,0.0121580547112462,0.640060240963855,0.0732824427480916,0.28416149068323,0.100299401197605,0,0.0412844036697248,0.652307692307692,0.00303030303030303,0.00610687022900763,0,0.358231707317073,0.0275229357798165,0.996941896024465,0.317972350230415,0.610778443113772,0.202941176470588,0.316590563165906,0.0474777448071217,0.914074074074074,0.0168453292496172,0.00454545454545455,0.0255639097744361,0.689335394126739,0.869300911854103,0.0106060606060606,0.00149700598802395,0,0.22354694485842,0.553544494720965,0.7442218798151,0.235204855842185,0.00455235204855842,0.125193199381762,0.00458715596330275,0.101341281669151,0.995290423861852,0,0.178082191780822,0.993893129770992,0.996965098634294,0.725903614457831,0,0.0151745068285281,0.0915915915915916,0.00600600600600601,0.0105105105105105,0.909509202453988,0.996913580246914,0,0,0.827906976744186,0.926040061633282,0.827426810477658,0,0.995475113122172,0.00453857791225416,0.428998505231689,0.713178294573643,0.00461538461538462,0.401503759398496,0.0338983050847458,0.345345345345345,0.370702541106129,0,0.0043731778425656,0.60741885625966,0.506891271056662,0.0703592814371257,0.0163447251114413,0.628787878787879,0,0.0547112462006079,0.0488888888888889,0,0.0398818316100443,0.978658536585366,0.0221169036334913,0.575342465753425,0,0,0.487301587301587,0.169184290030211,0.995488721804511,0.859567901234568,0,0,0.251453488372093,0.975384615384615,0.004739336492891,0.673652694610778,0.0117994100294985,0.99702380952381,0.631975867269985,0.670278637770898,0.127158555729984,0.911949685534591,0.992458521870287,0,0.95852534562212,0,0.0104011887072808,0.802527646129542,0.0236336779911374,0.993808049535604,0.0031104199066874,0,0.487444608567208,0.54364471669219,0.00453172205438067,0,0.00439882697947214,0,0.599378881987578,0.0162721893491124,0,0.330815709969789,0.0248062015503876,0.272307692307692,0.0525502318392581,0.961194029850746,0,0.00455927051671732,0.733128834355828,0,0.317220543806647,0.995548961424332,0.985163204747775,0.00307219662058372,0.00458015267175573,0.0147710487444609,0.027231467473525,0.021505376344086,0,0.0274390243902439,0,0.634472511144131,0.714719271623672,0.0104947526236882,0.0106221547799697,0.00898203592814371,0.0104790419161677,0.033434650455927,0.98159509202454,0.0206677265500795,0.0436746987951807,0.284431137724551,0.0255639097744361,0.0029806259314456,0.0343796711509716,0,0,0.020497803806735,0,0.932634730538922,0.00154798761609907,0.0484848484848485,0.710323574730354,0.791601866251944,0.891369047619048,0.0804953560371517,0.00151745068285281,0.898330804248862,0.0045045045045045,0.0029673590504451,0.364599092284418,0.595375722543353,0.790087463556851,0.816964285714286,0.366666666666667,0.995475113122172,0.889561270801815,0.461538461538462,0.737160120845921,0.304154302670623,0.984732824427481,0,0.996941896024465,0.667185069984448,0.0031104199066874,0.347560975609756,0.780559646539028,0.374242424242424,0.117824773413897,0.0133928571428571,0.0434782608695652,0.0246913580246914,0.00462962962962963,0.00619195046439629,0.44527736131934,0.584084084084084,0.00455235204855842,0.994082840236686,0.991176470588235,0.120610687022901,0,0.0045045045045045,0.0315315315315315,0,0.897314375987362,0,0.0564885496183206,0,0.0328849028400598,0.00458015267175573,0.989473684210526,0.165402124430956,0.0029940119760479,0.353302611367127,0.373692077727952,0.110429447852761,0,0,0.0725552050473186,0.0600292825768668,0.0179372197309417,0,0,0.996904024767802,0.759231905465288,0.490076335877863,0,0.537065052950076,0,0.0852713178294574,0.00309597523219814,0.805295950155763,0.766816143497758,0,0.652307692307692,0.423368740515933,0.140740740740741,0.0401785714285714,0.220543806646526,0.995454545454545,0.0170015455950541,0.0882800608828006,0.0031201248049922,0,0.0252225519287834,0,0.00464396284829721,0.976635514018692,0.61608497723824,0,0,0.170658682634731,0.0689655172413793,0.0649546827794562,0.29160530191458,0.980882352941176,0.996899224806202,0.179640718562874,0.168154761904762,0,0.978625954198473,0.038109756097561,0,0.0187207488299532,0.0491803278688525,0.931993817619784,0,0.992401215805471,0.00448430493273543,0.530139103554869,0.924357034795764,0.89010989010989,0.887366818873668,0.298461538461538,0.916666666666667,0.00461538461538462,0,0.24653312788906,0.0226928895612708,0,0,0.995588235294118,0,0.996965098634294,0.00304878048780488,0.298600311041991,0.995356037151703,0.995426829268293,0.448698315467075,0.0407239819004525,0.572298325722983,0,0.993827160493827,0.0451010886469673,0.00910470409711684,0,0.804878048780488,0.991111111111111,0.996923076923077,0.984939759036145,0.998502994011976,0,0,0.980182926829268,0.00611620795107034,0.00307692307692308,0.0302571860816944,0.0060790273556231,0,0.989296636085627,0.0135746606334842,0.995319812792512,0.996899224806202,0,0.987897125567322,0.0499265785609398,0.995502248875562,0.907575757575758,0.994100294985251,0.993846153846154
"248",0.0031055900621118,0.00153609831029186,0.0331325301204819,0.0586370839936609,0.0169230769230769,0.00153846153846154,0.100154083204931,0.0288753799392097,0.00148588410104012,0,0.0015015015015015,0,0.425954198473282,0.00155763239875389,0.954407294832827,0.993911719939117,0,0.00157232704402516,0.00310077519379845,0.0181543116490166,0.839097744360902,0.9640625,0.0105263157894737,0,0.0468277945619335,0.746177370030581,0.89193302891933,0.0062015503875969,0.527736131934033,0.3202416918429,0.998491704374057,0.30441400304414,0.229230769230769,0.70516717325228,0,0.00152671755725191,0.00443131462333826,0.00150829562594268,0.739766081871345,0.0937972768532526,0,0,0,0,0.227488151658768,0.978056426332288,0.478527607361963,0.998473282442748,0.532448377581121,0.858858858858859,0,0.00451807228915663,0.721884498480243,0.00154320987654321,0.115264797507788,0.843410852713178,0,0.0219092331768388,0.0442073170731707,0.100917431192661,0.699236641221374,0.559398496240601,0.998444790046656,0,0.10410094637224,0.169724770642202,0,0.0108024691358025,0,0.998459167950693,0.146118721461187,0.99390243902439,0.981818181818182,0.0014903129657228,0,0.285928143712575,0.953592814371258,0.413897280966767,0.10061919504644,0.738636363636364,0,0.281203007518797,0.786248131539611,0.00302114803625378,0.886535552193646,0.0911808669656203,0.00455927051671732,0.0289193302891933,0.0237741456166419,0,0.0123647604327666,0.00151057401812689,0,0,0.0185471406491499,0,0.687311178247734,0.0149253731343284,0,0,0.374810318664643,0,0.714946070878274,0.00156739811912226,0.891207153502235,0.0015527950310559,0,0.0199386503067485,0.998452012383901,0.990867579908676,0.989441930618401,0.0880989180834621,0.666153846153846,0.00763358778625954,0,0.0152905198776758,0.28335832083958,0,1,0.754198473282443,0,0.232449297971919,0.750759878419453,0.914196567862715,0.0240963855421687,0.843939393939394,0.00451127819548872,0.0030441400304414,0,0.446455505279035,0.0601851851851852,0.496932515337423,0.0108527131782946,0,0.00462962962962963,0.976047904191617,0,0.787267080745342,0.361408882082695,0.466981132075472,0,0,0.0226586102719033,0.226788432267884,0.830985915492958,0.00154320987654321,0.990825688073395,0.0803571428571429,0.58641975308642,0.0210526315789474,0.865414710485133,0.0137825421133231,0.0015552099533437,0.166666666666667,0.0060882800608828,0.998432601880878,0.00150829562594268,0.998468606431853,0,0.251908396946565,0.130434782608696,0.0185185185185185,0.978560490045942,0,0,0.54559748427673,0.00157977883096367,0.00150375939849624,0.00150602409638554,0.705621301775148,0.0226928895612708,0.998480243161094,0.0457227138643068,0.998491704374057,0.106544901065449,0.629909365558912,0,0.0136986301369863,0,0.150602409638554,0,0.869631901840491,0.0181268882175227,0.047112462006079,0.00875912408759124,0.0253731343283582,0.910334346504559,0.618618618618619,0.0763116057233704,0.0570987654320988,0.946153846153846,0.99236641221374,0.0170807453416149,0.126506024096386,0,0,0.695517774343122,0,0,0.745508982035928,0.120556414219474,0.251506024096386,0.0119225037257824,0.563271604938272,0.547511312217195,0.695987654320988,0.0795107033639144,0.0337941628264209,0.121076233183857,0,0.124620060790274,0.816455696202532,0.0599078341013825,0.998470948012232,0.931445603576751,0.459293394777266,0.0276073619631902,0.0195195195195195,0.177004538577912,0.00303951367781155,0.109774436090226,0,0.92412746585736,0.330316742081448,0.00458715596330275,0,0.00904977375565611,0.0206489675516224,0.443768996960486,0.441930618401207,0.00613496932515337,0,0.625,0,0.106766917293233,0.47360248447205,0.0313971742543171,0.998480243161094,0.0439393939393939,0.00306748466257669,0,0.0475460122699387,0.467571644042232,0.996913580246914,0.0336906584992343,0.452344931921331,0.99406528189911,1,0.815267175572519,0.998459167950693,0.853354134165367,0.336309523809524,0.998475609756098,0.993966817496229,0.987692307692308,0.414523449319213,0.959438377535101,0.0138248847926267,0,0.998468606431853,0,0.769828926905132,0.0015552099533437,0.0153374233128834,0.100917431192661,0,0.125,0.136023916292975,0.296923076923077,0.393343419062027,0.533127889060092,0.527950310559006,0,0.0015748031496063,0.908675799086758,0.286392405063291,0.0422960725075529,0.984825493171472,0.26046511627907,0.998466257668712,0.875757575757576,0.00148367952522255,0.0015625,0.105919003115265,0,0.364723467862481,0.107738998482549,0,0.998484848484849,0.101796407185629,0.02,0,0.996932515337423,0.998489425981873,0.0203761755485893,0.122887864823349,0.998439937597504,0,0.611111111111111,0.0108864696734059,0.210843373493976,0.611620795107034,0.356923076923077,0.0435435435435435,0.98780487804878,0,0,0.995405819295559,0.0347432024169184,0.00153374233128834,0.0216383307573416,0.00305810397553517,0.806697108066971,0.691376701966717,0.701378254211332,0.0250391236306729,0.0564263322884013,0.00151515151515152,0.729646697388633,0.0229357798165138,0.850609756097561,0.68491124260355,0.00612557427258806,0.00310077519379845,0.0317220543806647,0.298904538341158,0.0029673590504451,0.745709828393136,0.0360902255639098,0.00462249614791988,0,0.677710843373494,0.434850863422292,0.981566820276498,0.00151745068285281,0.992481203007519,0.0929878048780488,0.972972972972973,0.998484848484849,0,0.770642201834862,0.00765696784073507,0.92824427480916,0.0157977883096366,0.0289193302891933,0.0152671755725191,0.71606864274571,0.71563981042654,0.317411402157165,0.532362459546926,0,0.168711656441718,0.986607142857143,0.959641255605381,0.789712556732224,0,0.998477929984779,0,0.674662668665667,0.990963855421687,0.972093023255814,0.527355623100304,0.00154320987654321,0.725856697819315,0.00158227848101266,0.0341085271317829,0,0.0102941176470588,0.998475609756098,0.00298953662182362,0.167927382753404,0.00156494522691706,0.986301369863014,0.0178837555886736,0.998477929984779,0.117378048780488,0.291079812206573,0.0492537313432836,0.0166919575113809,0.00152671755725191,0.701062215477997,0.039453717754173,0.0015015015015015,0.998511904761905,0.97428139183056,0,0.0015220700152207,0.68018018018018,0.115501519756839,0.0427892234548336,0.0481203007518797,0.00150602409638554,0,0.887864823348694,0,0.998466257668712,0,0.0352760736196319,0,0.952234206471495,0.00151057401812689,0.0338461538461538,0,0.364471669218989,0.571428571428571,0.0170278637770898,0.996899224806202,0.135725429017161,0.0031496062992126,0.624605678233438,0.405688622754491,0.203076923076923,0,0.837672281776417,0.0251177394034537,0.00154083204930663,0.557077625570776,0.00152905198776758,0.0340356564019449,0.966257668711656,0,0.015220700152207,0.00460122699386503,0.0458015267175573,0.308148148148148,0.992307692307692,0.133333333333333,0.767692307692308,0.810679611650485,0,0.367601246105919,0.403697996918336,0.395136778115502,0,0.71875,0.0923076923076923,0.344410876132931,0.483333333333333,0.921364985163205,0,0,0.0014903129657228,0.0237388724035608,0,0.0828220858895705,0,0,0,0.00306278713629403,0,0,0.229832572298326,0.467359050445104,0.00149925037481259,0,0,0.00454545454545455,0.03397341211226,0.258308157099698,0.998487140695915,0,0.115269461077844,0.413533834586466,0.00152439024390244,0.469604863221884,0.655487804878049,0,0.0183206106870229,0.998452012383901,0.0414746543778802,0.90937019969278,0,0.988112927191679,0.884969325153374,0.505511811023622,0.0259541984732824,0,0.0459940652818991,0.0289634146341463,0,0,0.92824427480916,0.0692431561996779,0.995283018867924,0,0.00150829562594268,0.990936555891239,0.00150375939849624,0.70196671709531,0.201526717557252,0.990895295902883,0.831530139103555,0.0416024653312789,0,0.998484848484849,0.0209580838323353,0.993670886075949,0.329249617151608,0.600924499229584,0,0.886363636363636,0.252713178294574,0.738931297709924,0.0257186081694402,0.998466257668712,0.858433734939759,0.522906793048973,0.0564635958395245,0.118263473053892,0.0403726708074534,0.247663551401869,0,0.0181268882175227,1,0.0292758089368259,0.606864274570983,0.998520710059172,0.00149925037481259,0.00155038759689922,0.00153609831029186,0.363358778625954,0.0197869101978691,0.874617737003058,0.799689440993789,0.060882800608828,0.113122171945701,0,0,0.0077639751552795,0.0669781931464174,0.981220657276995,0.0200308166409861,0.00917431192660551,0.623298033282905,0.0736677115987461,0.273291925465839,0.111613876319759,0,0.0373831775700935,0.660091047040971,0.00152439024390244,0.00154559505409583,0,0.350308641975309,0.0296875,0.998489425981873,0.299382716049383,0.626506024096386,0.192878338278932,0.321428571428571,0.0472673559822747,0.912462908011869,0.015600624024961,0.00151515151515152,0.0208955223880597,0.686821705426357,0.887519260400616,0.00768049155145929,0.00149700598802395,0,0.207261724659607,0.546969696969697,0.749244712990937,0.231467473524962,0.00154559505409583,0.124615384615385,0.00150375939849624,0.0945945945945946,0.998357963875205,0,0.174045801526718,0.995384615384615,0.998496240601504,0.730061349693252,0,0.0106870229007634,0.088145896656535,0.00154559505409583,0.00597907324364723,0.911949685534591,0.998459167950693,0,0,0.819905213270142,0.922839506172839,0.843076923076923,0,0.998491704374057,0.0015220700152207,0.428571428571429,0.701238390092879,0.0015600624024961,0.400907715582451,0.0257186081694402,0.349544072948328,0.361194029850746,0,0.00146627565982405,0.605633802816901,0.503048780487805,0.0798816568047337,0.0120845921450151,0.607033639143731,0,0.0465116279069767,0.0447093889716841,0,0.0251107828655835,0.984984984984985,0.0142630744849445,0.559880239520958,0,0,0.478939157566303,0.15552099533437,1,0.863141524105754,0,0,0.247058823529412,0.976635514018692,0,0.684848484848485,0.00753012048192771,0.998518518518518,0.626707132018209,0.682737169517885,0.130841121495327,0.90251572327044,0.996987951807229,0,0.955177743431221,0,0.00598802395209581,0.809448818897638,0.0189228529839884,0.995398773006135,0,0,0.47085201793722,0.544478527607362,0,0,0.00298507462686567,0,0.6,0.0104011887072808,0,0.332829046898638,0.0215384615384615,0.258064516129032,0.0512422360248447,0.961019490254873,0,0.0015220700152207,0.734567901234568,0,0.303303303303303,0.998520710059172,0.980480480480481,0.0015600624024961,0.00154798761609907,0.00902255639097744,0.0212765957446809,0.014018691588785,0,0.0185185185185185,0,0.637313432835821,0.720610687022901,0.0060882800608828,0.0075642965204236,0.0029585798816568,0.00754147812971342,0.0274390243902439,0.984732824427481,0.0144694533762058,0.0350609756097561,0.269578313253012,0.0150829562594268,0.00151057401812689,0.0288753799392097,0,0,0.0147275405007364,0,0.930722891566265,0,0.0495356037151703,0.723172628304821,0.796875,0.879573170731707,0.0718654434250764,0.00154320987654321,0.890243902439024,0.00152439024390244,0,0.362385321100917,0.580502215657312,0.788629737609329,0.816417910447761,0.347626339969372,0.998498498498498,0.877643504531722,0.461300309597523,0.734883720930233,0.293853073463268,0.990783410138249,0,1,0.664110429447853,0.0015600624024961,0.340425531914894,0.770710059171598,0.371987951807229,0.117910447761194,0.00888888888888889,0.0346456692913386,0.0200308166409861,0.00157232704402516,0.0015552099533437,0.447166921898928,0.58030303030303,0.00309597523219814,0.995562130177515,0.988148148148148,0.122137404580153,0,0.00149925037481259,0.0258751902587519,0,0.883757961783439,0,0.0522273425499232,0,0.0302114803625378,0,0.992481203007519,0.163608562691131,0.00151515151515152,0.343605546995377,0.386850152905199,0.115740740740741,0,0,0.0624,0.0579710144927536,0.0120300751879699,0,0,1,0.763392857142857,0.488584474885845,0,0.53822629969419,0,0.0800627943485086,0.0015552099533437,0.810264385692068,0.75748502994012,0,0.657935285053929,0.412121212121212,0.134036144578313,0.0359820089955022,0.233231707317073,0.998461538461539,0.0141065830721003,0.0772727272727273,0.00155763239875389,0,0.0194029850746269,0,0.00153374233128834,0.980122324159021,0.622083981337481,0,0,0.167927382753404,0.0745341614906832,0.0618401206636501,0.284431137724551,0.969253294289897,0.993846153846154,0.168949771689498,0.151197604790419,0,0.981395348837209,0.0323574730354391,0,0.0110236220472441,0.0449775112443778,0.936267071320182,0,0.996978851963746,0.00150829562594268,0.52760736196319,0.923547400611621,0.89358372456964,0.883333333333333,0.298904538341158,0.903469079939668,0.00154559505409583,0,0.231839258114374,0.0212121212121212,0,0,0.998525073746313,0,0.998475609756098,0,0.286392405063291,1,0.998456790123457,0.453560371517028,0.0421216848673947,0.565809379727685,0,0.996879875195008,0.0517241379310345,0.00906344410876133,0,0.809891808346213,0.994152046783626,0.996927803379416,0.983433734939759,0.998496240601504,0,0,0.984802431610942,0.00458715596330275,0.0031104199066874,0.0290964777947933,0.00457317073170732,0,0.990909090909091,0.0121765601217656,0.998425196850394,0.995363214837713,0,0.995363214837713,0.0513595166163142,0.998475609756098,0.911987860394537,0.998516320474777,0.996937212863706
"249",0.199021207177814,0.199680511182109,0.221518987341772,0.251582278481013,0.214516129032258,0.202898550724638,0.270531400966184,0.22626582278481,0.199687987519501,0,0.192063492063492,0,0.511923688394277,0.2,0.780757097791798,0.80188679245283,0,0.00477707006369427,0.207395498392283,0.213836477987421,0.706436420722135,0.797734627831715,0.2140625,0,0.23696682464455,0.670382165605096,0.73961661341853,0.212662337662338,0.53323029366306,0.421630094043887,0.806853582554517,0.43859649122807,0.367149758454106,0.658767772511848,0,0.212962962962963,0.00934579439252336,0.199052132701422,0.705069124423963,0.252307692307692,0,0.00311526479750779,0.00154083204930663,0.2064,0.36260162601626,0.811594202898551,0.525236593059937,0.810810810810811,0.573415765069552,0.760802469135803,0,0.207667731629393,0.671899529042386,0.199367088607595,0.262738853503185,0.778501628664495,0,0.215780998389694,0.231726283048211,0.272012578616352,0.669278996865204,0.559190031152648,0.797101449275362,0,0.260517799352751,0.326465927099842,0,0.202572347266881,0,0.803542673107891,0.302652106084243,0.81629392971246,0.806962025316456,0.205521472392638,0,0.410493827160494,0.782608695652174,0.504746835443038,0.266982622432859,0.706867671691792,0,0.417721518987342,0.71671826625387,0.191522762951334,0.748407643312102,0.271028037383178,0.195583596214511,0.230889235569423,0.237795275590551,0,0.20414673046252,0.191522762951334,0,0,0.22792937399679,0,0.65086887835703,0.2078125,0,0.00160513643659711,0.458730158730159,0,0.695024077046549,0.206022187004754,0.75462962962963,0.204878048780488,0.00159489633173844,0.218553459119497,0.793880837359098,0.810207336523126,0.794303797468354,0.251980982567353,0.677777777777778,0.202875399361022,0,0.212732919254658,0.426771653543307,0,0.799687010954617,0.721780604133545,0,0.373817034700315,0.686821705426357,0.772875816993464,0.21978021978022,0.748815165876777,0.199386503067485,0.195583596214511,0,0.51496062992126,0.250798722044728,0.563694267515924,0.233870967741935,0,0.201298701298701,0.82542113323124,0,0.700320512820513,0.462025316455696,0.538587848932677,0,0,0.215189873417722,0.365384615384615,0.72875816993464,0.196513470681458,0.786516853932584,0.273716951788491,0.625816993464052,0.222395023328149,0.74313408723748,0.201907790143084,0.195121951219512,0.330232558139535,0.192733017377567,0.790923824959481,0.201574803149606,0.799043062200957,0,0.386327503974563,0.292569659442724,0.20440251572327,0.799065420560748,0,0.190851735015773,0.581210191082803,0.198360655737705,0.197138314785374,0.196594427244582,0.6703125,0.215288611544462,0.801932367149758,0.242658423493045,0.788199697428139,0.269968051118211,0.617647058823529,0,0.21608832807571,0,0.32182103610675,0.191455696202532,0.738287560581583,0.206572769953052,0.233908948194662,0.195158850226929,0.204968944099379,0.795665634674923,0.656298600311042,0.276972624798712,0.258481421647819,0.782539682539683,0.792663476874003,0.20873786407767,0.281931464174455,0,0,0.654458598726115,0,0.18944099378882,0.722222222222222,0.28525641025641,0.39776357827476,0.211598746081505,0.576489533011272,0.576271186440678,0.651050080775444,0.263823064770932,0.232594936708861,0.292758089368259,0,0.313971742543171,0.7168,0.248012718600954,0.794952681388013,0.780715396578538,0.505564387917329,0.20846394984326,0.221362229102167,0.330173775671406,0.187599364069952,0.275641025641026,0,0.763779527559055,0.427018633540373,0.207606973058637,0,0.214618973561431,0.231950844854071,0.495283018867925,0.511217948717949,0.199685534591195,0.190630048465267,0.606687898089172,0,0.266875981161695,0.546031746031746,0.22168284789644,0.794712286158631,0.22239263803681,0.191082802547771,0.199074074074074,0.23186119873817,0.553654743390358,0.792663476874003,0.216429699842022,0.510108864696734,0.812785388127854,0.815267175572519,1,0.79140127388535,0.723027375201288,0.431643625192012,0.798722044728435,0.801550387596899,0.796178343949045,0.486862442040185,0.777049180327869,0.207006369426752,0.00162337662337662,0.78716744913928,0,0.708860759493671,0.195439739413681,0.207062600321027,0.267828843106181,0,0.288709677419355,0.274143302180685,0.442307692307692,0.4859375,0.57556270096463,0.547049441786284,0.0015552099533437,0.196141479099678,0.752351097178683,0.428104575163399,0.230524642289348,0.797169811320755,0.393890675241158,0.801574803149606,0.773497688751926,0.195158850226929,0.20983606557377,0.261980830670927,0,0.443076923076923,0.279365079365079,0,0.798412698412698,0.265625,0.220285261489699,0,0.817034700315457,0.797191887675507,0.226904376012966,0.289644012944984,0.8192,0,0.592709984152139,0.208,0.354938271604938,0.6384,0.4576,0.235668789808917,0.808544303797468,0.204580152671756,0.19620253164557,0.82120253164557,0.228346456692913,0.193650793650794,0.220228384991843,0.193700787401575,0.740157480314961,0.643192488262911,0.664566929133858,0.210610932475884,0.234527687296417,0.0156985871271586,0.717908082408875,0.226771653543307,0.746056782334385,0.681047765793529,0.208791208791209,0.204838709677419,0.220820189274448,0.410048622366288,0.192846034214619,0.7232,0.232704402515723,0.190851735015773,0,0.639498432601881,0.500813008130081,0.798732171156894,0.0141955835962145,0.80248833592535,0.256410256410256,0.79375,0.811410459587956,0,0.721780604133545,0.193700787401575,0.7875,0.219155844155844,0.217729393468118,0.210280373831776,0.662974683544304,0.658940397350993,0.431746031746032,0.589490968801314,0,0.320126782884311,0.782071097372488,0.829721362229102,0.71496062992126,0.19935691318328,0.80625,0,0.643081761006289,0.796875,0.776545166402536,0.5664,0.189792663476874,0.703703703703704,0.193708609271523,0.224522292993631,0,0.206015037593985,0.773790951638066,0.196261682242991,0.320695102685624,0.193126022913257,0.781102362204724,0.203149606299213,0.786392405063291,0.263406940063092,0.427001569858713,0.23208722741433,0.202229299363057,0.185826771653543,0.659270998415214,0.222929936305732,0.197226502311248,0.812693498452012,0.812206572769953,0.191626409017713,0.200626959247649,0.674603174603175,0.248037676609105,0.242225859247136,0.234375,0.200312989045383,0,0.861513687600644,0.202177293934681,0.812400635930048,0,0.231139646869984,0.00162074554294976,0.830696202531646,0.202808112324493,0.22488038277512,0,0.453416149068323,0.597087378640777,0.223127035830619,0.789983844911147,0.303225806451613,0.205128205128205,0.587096774193548,0.472698907956318,0.355095541401274,0,0.724522292993631,0.21474358974359,0.203149606299213,0.576802507836991,0.2015625,0.217755443886097,0.786833855799373,0,0.220338983050847,0.189490445859873,0.243710691823899,0.434312210200927,0.789983844911147,0.287781350482315,0.677830940988836,0.717905405405405,0.0015625,0.47172859450727,0.48314606741573,0.48503937007874,0,0.698697068403909,0.268562401263823,0.45583596214511,0.553654743390358,0.855403348554033,0,0,0.188253012048193,0.22052067381317,0,0.25511811023622,0.00161290322580645,0,0,0.199036918138042,0,0.207455429497569,0.334913112164297,0.52093023255814,0.195084485407066,0,0,0.205087440381558,0.236559139784946,0.409162717219589,0.811023622047244,0,0.265745007680492,0.479623824451411,0.202875399361022,0.537383177570093,0.666666666666667,0,0.215070643642072,0.803827751196172,0.228434504792332,0.807936507936508,0,0.790769230769231,0.759349593495935,0.549248747913189,0.227629513343799,0,0.254601226993865,0.210608424336973,0.196261682242991,0,0.809904153354633,0.245098039215686,0.803600654664484,0.189735614307932,0.202177293934681,0.797507788161994,0.204081632653061,0.648062015503876,0.34913112164297,0.812101910828026,0.7168,0.235387045813586,0,0.805993690851735,0.225,0.812903225806452,0.468599033816425,0.596518987341772,0,0.749221183800623,0.366883116883117,0.676656151419558,0.221870047543582,0.799363057324841,0.720748829953198,0.548281505728314,0.243788819875776,0.291666666666667,0.220447284345048,0.361464968152866,0,0.213166144200627,0.802795031055901,0.223809523809524,0.591205211726384,0.816770186335404,0.19969040247678,0.196513470681458,0.1968,0.479430379746835,0.194704049844237,0.7216,0.712933753943218,0.2515625,0.283699059561129,0,0,0.211878009630819,0.260096930533118,0.78330658105939,0.2112,0.202830188679245,0.619651347068146,0.258064516129032,0.368336025848142,0.268817204301075,0,0.222222222222222,0.614767255216693,0.197138314785374,0.2,0,0.440705128205128,0.214170692431562,0.798092209856916,0.455271565495208,0.648606811145511,0.337920489296636,0.44,0.230889235569423,0.767801857585139,0.2,0.200312989045383,0.223622047244094,0.648475120385233,0.759112519809826,0.203791469194313,0.197852760736196,0,0.346092503987241,0.5796875,0.701892744479495,0.386398763523957,0.204180064308682,0.289389067524116,0.19375,0.107476635514019,0.8003300330033,0,0.348031496062992,0.800637958532695,0.795275590551181,0.710236220472441,0,0.203791469194313,0.258914728682171,0.194312796208531,0.208909370199693,0.7491961414791,0.811912225705329,0,0,0.721864951768489,0.772213247172859,0.744514106583072,0,0.797488226059655,0.195924764890282,0.347826086956522,0.655660377358491,0.186495176848875,0.483516483516484,0.216772151898734,0.458267716535433,0.460949464012251,0,0.205438066465257,0.616747181964573,0.544444444444444,0.26875,0.205564142194745,0.596573208722741,0,0.232227488151659,0.23374613003096,0,0.252679938744257,0.8015625,0.204545454545455,0.588235294117647,0,0,0.538461538461538,0.32475884244373,0.806656101426308,0.753205128205128,0.00159235668789809,0,0.369230769230769,0.797770700636943,0.195081967213115,0.696400625978091,0.212863705972435,0.804043545878694,0.619496855345912,0.65818759936407,0.294212218649518,0.75,0.812302839116719,0,0.783783783783784,0,0.209302325581395,0.66887417218543,0.20933734939759,0.8060413354531,0.188102893890675,0,0.525,0.557536466774716,0.186602870813397,0,0.19751166407465,0,0.636215334420881,0.20094191522763,0,0.433697347893916,0.199680511182109,0.395161290322581,0.242857142857143,0.78858024691358,0,0.186708860759494,0.719551282051282,0,0.43701399688958,0.798151001540832,0.790625,0.205741626794258,0.194577352472089,0.21216848673947,0.231132075471698,0.22432859399684,0,0.213270142180095,0.00154798761609907,0.608359133126935,0.695178849144635,0.192125984251969,0.199052132701422,0.211267605633803,0.199687987519501,0.0330708661417323,0.798107255520505,0.216828478964401,0.214618973561431,0.386046511627907,0.215408805031447,0.191290824261275,0.213716108452951,0,0,0.21765601217656,0,0.765793528505393,0.00160771704180064,0.237261146496815,0.706840390879479,0.696629213483146,0.7398753894081,0.267628205128205,0,0.764331210191083,0.185419968304279,0.191153238546603,0.471048513302034,0.599099099099099,0.697604790419162,0.747663551401869,0.447495961227787,0.796557120500782,0.743710691823899,0.492088607594937,0.703349282296651,0.410216718266254,0.787974683544304,0,0.7728,0.623586429725363,0.199672667757774,0.422118380062305,0.710566615620214,0.458135860979463,0.283255086071987,0.200308166409861,0.235294117647059,0.21656050955414,0.1984,0.189189189189189,0.530805687203792,0.615625,0.2,0.793413173652695,0.803379416282642,0.285714285714286,0.00154083204930663,0.200626959247649,0.22360248447205,0,0.758169934640523,0,0.24483306836248,0,0.218500797448166,0.205087440381558,0.802839116719243,0.33968253968254,0.2015625,0.4272,0.466141732283465,0.279552715654952,0,0,0.265238879736409,0.249621785173979,0.209702660406886,0,0,0.801302931596091,0.720062208398134,0.521193092621664,0,0.573643410852713,0,0.266773162939297,0.192429022082019,0.719611021069692,0.69620253164557,0,0.661835748792271,0.492163009404389,0.272727272727273,0.221705426356589,0.369327073552426,0.816901408450704,0.207119741100324,0.0709779179810726,0.191558441558442,0,0.201550387596899,0.00156985871271586,0.207006369426752,0.813586097946288,0.508744038155803,0,0,0.337519623233909,0.240710823909531,0.239567233384853,0.41471048513302,0.788253477588872,0.789889415481833,0.31924882629108,0.4,0,0.817741935483871,0.213270142180095,0,0.213483146067416,0.240944881889764,0.77373417721519,0.00778816199376947,0.805687203791469,0.192546583850932,0.583601286173633,0.767515923566879,0.754838709677419,0.772307692307692,0.423263327948304,0.77760736196319,0.207936507936508,0,0.355661881977671,0.204724409448819,0.00160513643659711,0,0.800307219662058,0,0.810509554140127,0.191522762951334,0.39870340356564,0.783387622149837,0.806138933764136,0.502384737678855,0.223642172523962,0.563779527559055,0.0124223602484472,0.812091503267974,0.0562700964630225,0.0138674884437596,0,0.66131621187801,0.795698924731183,0.792880258899676,0.806962025316456,0.806501547987616,0.00807754442649435,0.00941915227629513,0.801251956181534,0.00946372239747634,0.00326797385620915,0.0284810126582278,0.0123839009287926,0.0140405616224649,0.80811232449298,0.0170807453416149,0.809446254071661,0.79874213836478,0.0127591706539075,0.814873417721519,0.0451010886469673,0.80625,0.755134281200632,0.787365177195686,0.812893081761006
"250",0.0032258064516129,0,0.0295489891135303,0.0608974358974359,0.0177133655394525,0,0.1024,0.0249221183800623,0,0,0,0,0.444270015698587,0,0.956043956043956,0.993808049535604,0,0.0016,0.00318979266347687,0.0156985871271586,0.838810641627543,0.974151857835218,0.00928792569659443,0,0.04375,0.736677115987461,0.893650793650794,0.00955414012738853,0.534351145038168,0.304075235109718,1,0.296411856474259,0.224,0.72386895475819,0,0,0.00623052959501558,0.0062992125984252,0.738023952095808,0.0890625,0,0,0,0,0.210272873194221,0.987421383647799,0.484751203852327,1,0.525993883792049,0.865648854961832,0,0.00789889415481832,0.720565149136578,0,0.108452950558214,0.847133757961783,0,0.026984126984127,0.0404354587869362,0.0847457627118644,0.709375,0.567398119122257,1,0,0.0980707395498392,0.169014084507042,0,0.00949367088607595,0,1,0.139751552795031,0.995334370139969,0.982704402515723,0,0,0.271186440677966,0.951713395638629,0.421216848673947,0.0972886762360447,0.74496644295302,0,0.282170542635659,0.791090629800307,0,0.878693623639191,0.0783410138248848,0.00158730158730159,0.0326594090202177,0.0233281493001555,0,0.0126984126984127,0,0,0,0.0303030303030303,0,0.67981072555205,0.0215716486902928,0,0,0.384251968503937,0,0.712948517940718,0,0.904907975460123,0,0,0.0190779014308426,1,0.996835443037975,0.992211838006231,0.0846645367412141,0.673913043478261,0.00793650793650794,0,0.0154798761609907,0.273010920436817,0,1,0.782884310618067,0,0.223101265822785,0.758675078864353,0.922330097087379,0.0282574568288854,0.852941176470588,0.0031201248049922,0.00310077519379845,0,0.455399061032864,0.0642633228840125,0.522364217252396,0.0111821086261981,0,0.00643086816720257,0.975384615384615,0,0.795527156549521,0.354992076069731,0.473344103392569,0,0,0.0252764612954186,0.237577639751553,0.827361563517915,0,0.992,0.0769230769230769,0.586538461538462,0.0200617283950617,0.865814696485623,0.0172684458398744,0,0.166149068322981,0.00626959247648903,1,0,1,0,0.2576,0.12037037037037,0.0141955835962145,0.987519500780031,0,0,0.530351437699681,0,0,0,0.708333333333333,0.0248062015503876,0.998410174880763,0.0520673813169985,1,0.1008,0.624610591900312,0,0.0156985871271586,0,0.140822784810127,0,0.884493670886076,0.0185758513931889,0.0486656200941915,0.0106544901065449,0.0263565891472868,0.913178294573643,0.633693972179289,0.0774091627172196,0.0574162679425837,0.944012441679627,0.993740219092332,0.0223642172523962,0.12888198757764,0,0,0.713607594936709,0,0,0.754946727549467,0.1152,0.234009360374415,0.0122511485451761,0.574603174603175,0.574074074074074,0.712460063897764,0.0845295055821372,0.0369774919614148,0.116459627329193,0,0.12210200927357,0.827642276422764,0.0543130990415335,1,0.936630602782071,0.46551724137931,0.023696682464455,0.0261538461538462,0.161392405063291,0.00156739811912226,0.100470957613815,0,0.937205651491366,0.338509316770186,0.00635930047694754,0,0.00769230769230769,0.0232198142414861,0.446875,0.461778471138846,0.0111464968152866,0,0.608214849921011,0,0.107033639143731,0.471698113207547,0.0336,1,0.0416666666666667,0.00158730158730159,0,0.0458860759493671,0.46551724137931,0.998397435897436,0.0327613104524181,0.452830188679245,0.995440729483283,0.998459167950693,0.79140127388535,1,0.850079744816587,0.333333333333333,1,0.995341614906832,0.992378048780488,0.411854103343465,0.958266452648475,0.0158730158730159,0,1,0,0.77373417721519,0,0.0219092331768388,0.0998439937597504,0,0.1232,0.140845070422535,0.295133437990581,0.389589905362776,0.551724137931034,0.553627760252366,0,0,0.903481012658228,0.281758957654723,0.0403726708074534,0.990639625585023,0.248073959938367,0.998432601880878,0.875195007800312,0,0,0.103059581320451,0,0.357142857142857,0.107594936708861,0,1,0.0937972768532526,0.0176282051282051,0,0.998456790123457,0.998442367601246,0.0238095238095238,0.106109324758842,1,0,0.591772151898734,0.0125391849529781,0.205521472392638,0.6138147566719,0.338658146964856,0.0421875,0.990506329113924,0,0,0.993670886075949,0.0345911949685535,0,0.0239234449760766,0.00317965023847377,0.826984126984127,0.694704049844237,0.724569640062598,0.0205047318611987,0.0609555189456343,0,0.7488,0.0253968253968254,0.842767295597484,0.703647416413374,0.00626959247648903,0.0031201248049922,0.0358814352574103,0.299342105263158,0.00306748466257669,0.770569620253165,0.0388802488335925,0.0016,0,0.665634674922601,0.442492012779553,0.990491283676704,0,0.99388379204893,0.0838607594936709,0.981220657276995,1,0,0.785488958990536,0.00803858520900321,0.91601866251944,0.0163934426229508,0.0313971742543171,0.015552099533437,0.728731942215088,0.722132471728595,0.318611987381703,0.543801652892562,0,0.162460567823344,0.987673343605547,0.96,0.790123456790123,0,0.998442367601246,0,0.666666666666667,0.992331288343558,0.97933227344992,0.516640253565769,0,0.725806451612903,0,0.0332805071315372,0,0.0103550295857988,1,0,0.166405023547881,0,0.990551181102362,0.0214395099540582,1,0.121835443037975,0.282539682539683,0.0543478260869565,0.0139318885448916,0,0.726283048211509,0.0352,0,1,0.974723538704581,0,0,0.678683385579937,0.115141955835962,0.0357723577235772,0.0431432973805855,0,0,0.879173290937997,0,1,0,0.034375,0,0.960254372019078,0,0.0335463258785942,0,0.374213836477987,0.572337042925278,0.0207006369426752,0.998376623376623,0.127186009538951,0.0032,0.624801271860095,0.404984423676012,0.203470031545741,0,0.840255591054313,0.0224358974358974,0.00159235668789809,0.545878693623639,0,0.0283806343906511,0.974683544303797,0,0.0172143974960876,0.004739336492891,0.0494590417310665,0.302652106084243,0.992088607594937,0.129392971246006,0.772585669781931,0.797385620915033,0,0.371019108280255,0.407290015847861,0.369565217391304,0,0.730891719745223,0.0907668231611894,0.350467289719626,0.48531684698609,0.921686746987952,0,0,0,0.0273141122913505,0,0.0812101910828025,0,0,0,0.0015748031496063,0,0,0.230889235569423,0.472644376899696,0,0,0,0.00791139240506329,0.0410334346504559,0.262830482115086,1,0,0.110769230769231,0.403374233128834,0,0.4578125,0.659810126582278,0,0.01743264659271,1,0.0466237942122186,0.911717495987159,0,0.99388379204893,0.875,0.520593080724876,0.0266875981161695,0,0.0510046367851623,0.0248447204968944,0,0,0.939297124600639,0.0669934640522876,0.99673735725938,0,0,0.995341614906832,0,0.713836477987421,0.195987654320988,0.988906497622821,0.838915470494418,0.0373831775700935,0,1,0.0296411856474259,0.995184590690209,0.32475884244373,0.588607594936709,0,0.886645962732919,0.256,0.749608763693271,0.0297339593114241,1,0.857361963190184,0.560777957860616,0.0547112462006079,0.101694915254237,0.0356037151702786,0.248811410459588,0,0.0171606864274571,1,0.033175355450237,0.605815831987076,1,0,0,0,0.352574102964119,0.015748031496063,0.877165354330709,0.81421647819063,0.0574534161490683,0.113207547169811,0,0,0.00947867298578199,0.0626003210272873,0.982594936708861,0.0174880763116057,0.00940438871473354,0.629107981220657,0.0707395498392283,0.269662921348315,0.103975535168196,0,0.0362776025236593,0.638977635782748,0,0.00154559505409583,0,0.354992076069731,0.0271132376395534,1,0.318541996830428,0.616588419405321,0.188253012048193,0.294685990338164,0.0398773006134969,0.920610687022901,0.0178571428571429,0,0.0232558139534884,0.679092382495948,0.873217115689382,0.0110584518167457,0,0,0.206201550387597,0.557098765432099,0.75,0.225705329153605,0,0.121069182389937,0,0.112977099236641,1,0,0.161189358372457,0.996845425867508,1,0.72884012539185,0,0.0125195618153365,0.0832049306625578,0.00154320987654321,0.0061633281972265,0.912698412698413,1,0,0,0.838709677419355,0.92332268370607,0.8352,0,1,0,0.420807453416149,0.71608832807571,0,0.410493827160494,0.0289389067524116,0.329192546583851,0.351309707241911,0,0,0.620031796502385,0.506329113924051,0.0717557251908397,0.0122324159021407,0.596875,0,0.0422535211267606,0.0414110429447853,0,0.027906976744186,0.984447900466563,0.0164744645799012,0.5765625,0,0,0.489566613162119,0.151033386327504,1,0.867954911433172,0,0,0.257966616084977,0.979462875197472,0,0.689922480620155,0.00769230769230769,1,0.633693972179289,0.660855784469097,0.121642969984202,0.896440129449838,0.996889580093313,0,0.959627329192547,0,0.0045662100456621,0.803953871499176,0.0166919575113809,0.996820349761526,0,0,0.486902927580894,0.536392405063291,0,0,0.00155038759689922,0,0.6144,0.0123839009287926,0,0.339593114241002,0.0207006369426752,0.249211356466877,0.0514469453376206,0.960876369327074,0,0,0.746388443017656,0,0.296124031007752,1,0.983024691358025,0,0,0.00920245398773006,0.0235478806907378,0.0172684458398744,0,0.02660406885759,0,0.62095531587057,0.714511041009464,0.00927357032457496,0.00928792569659443,0.0076103500761035,0.00928792569659443,0.031496062992126,0.990536277602524,0.0194489465153971,0.0417956656346749,0.273148148148148,0.0231839258114374,0,0.0324074074074074,0,0,0.0194902548725637,0,0.937595129375951,0.00161290322580645,0.0438184663536776,0.731707317073171,0.7984,0.877329192546584,0.080952380952381,0.00157728706624606,0.89358372456964,0,0,0.353407290015848,0.59606656580938,0.78955223880597,0.822900763358779,0.344605475040258,1,0.88006230529595,0.455399061032864,0.756630265210608,0.292569659442724,0.990506329113924,0,1,0.656,0,0.346875,0.775729646697389,0.363636363636364,0.114728682170543,0.0124223602484472,0.0340356564019449,0.0190779014308426,0,0.0015748031496063,0.466141732283465,0.588976377952756,0.0015600624024961,0.993975903614458,0.989079563182527,0.124610591900312,0,0,0.0312989045383412,0,0.8864,0,0.0494590417310665,0,0.0263157894736842,0,0.996894409937888,0.161392405063291,0,0.342902711323764,0.384615384615385,0.110032362459547,0,0,0.0711920529801325,0.0546282245827011,0.0140625,0,0,1,0.780185758513932,0.51188589540412,0,0.547169811320755,0,0.0743670886075949,0,0.795238095238095,0.763636363636364,0,0.656101426307448,0.407692307692308,0.135514018691589,0.0352220520673813,0.225552050473186,1,0.0144927536231884,0.0830721003134796,0,0,0.0199692780337942,0,0,0.985804416403785,0.6224,0,0,0.171073094867807,0.0694668820678514,0.0592823712948518,0.292758089368259,0.975460122699387,0.993569131832797,0.169278996865204,0.163833075734158,0,0.987220447284345,0.0300157977883096,0,0.0146341463414634,0.0476923076923077,0.938080495356037,0,0.996913580246914,0,0.534181240063593,0.929356357927786,0.903225806451613,0.890092879256966,0.293375394321767,0.896024464831804,0,0,0.241758241758242,0.0172143974960876,0,0,1,0,1,0,0.287337662337662,1,1,0.463022508038585,0.0333333333333333,0.569422776911076,0,0.998384491114701,0.0532258064516129,0.00949367088607595,0,0.814465408805031,0.993846153846154,0.9984,0.986046511627907,1,0,0,0.987538940809969,0.00625,0.00320512820512821,0.0301109350237718,0.00614439324116743,0,0.992125984251969,0.0141287284144427,1,0.9984,0,0.995341614906832,0.0500758725341426,1,0.909516380655226,1,0.998422712933754
"251",0.151712887438825,0.162679425837321,0.175824175824176,0.200996677740864,0.149671052631579,0.144736842105263,0.233387358184765,0.1792,0.148902821316614,0,0.156299840510367,0,0.519354838709677,0.138933764135703,0.846153846153846,0.861198738170347,0,0.00489396411092985,0.14662273476112,0.165329052969502,0.950320512820513,0.830065359477124,0.170616113744076,0,0.183544303797468,0.729903536977492,0.845161290322581,0.154098360655738,0.631578947368421,0.425396825396825,0.844094488188976,0.44811320754717,0.367479674796748,0.684126984126984,0,0.141233766233766,0.0110759493670886,0.153481012658228,0.824508320726172,0.228125,0,0.00315955766192733,0,0.1456,0.346026490066225,0.850961538461538,0.550324675324675,0.850793650793651,0.619344773790952,0.790697674418605,0,0.157556270096463,0.817014446227929,0.144012944983819,0.240384615384615,0.784313725490196,0,0.166397415185784,0.176470588235294,0.257097791798107,0.673015873015873,0.652996845425868,0.85172981878089,0,0.252019386106624,0.318910256410256,0,0.165605095541401,0,0.841935483870968,0.25625,0.843354430379747,0.8592,0.15251572327044,0,0.423861852433281,0.862068965517241,0.500792393026941,0.245065789473684,0.731418918918919,0,0.410015649452269,0.731669266770671,0.14756671899529,0.8096,0.233908948194662,0.146687697160883,0.165876777251185,0.17007874015748,0,0.155115511551155,0.142410015649452,0,0,0.175324675324675,0,0.775157232704403,0.16380655226209,0.00158730158730159,0.00159489633173844,0.5328,0,0.835218093699515,0.146341463414634,0.883792048929664,0.145214521452145,0,0.168789808917197,0.861022364217252,0.850556438791733,0.851437699680511,0.219551282051282,0.703821656050955,0.14968152866242,0,0.165615141955836,0.414673046251994,0,0.851735015772871,0.740322580645161,0,0.378205128205128,0.916271721958926,0.813114754098361,0.16852146263911,0.794303797468354,0.145510835913313,0.153354632587859,0,0.602848101265823,0.2224,0.566343042071197,0.167213114754098,0,0.161716171617162,0.847860538827258,0,0.962903225806452,0.45,0.634105960264901,0,0,0.158982511923688,0.388272583201268,0.762852404643449,0.143312101910828,0.843548387096774,0.21939586645469,0.632619439868204,0.156494522691706,0.916802610114193,0.158653846153846,0.140293637846656,0.276898734177215,0.141955835962145,0.837171052631579,0.148089171974522,0.856219709208401,0,0.4064,0.269170579029734,0.15615141955836,0.83596214511041,0,0.149920255183413,0.636363636363636,0.146864686468647,0.153125,0.149068322981366,0.657686212361331,0.170886075949367,0.8578352180937,0.174803149606299,0.847826086956522,0.240983606557377,0.651685393258427,0,0.159420289855072,0,0.268057784911718,0.14308426073132,0.820678513731826,0.171156893819334,0.199376947040498,0.16820987654321,0.173166926677067,0.834645669291339,0.644305772230889,0.224755700325733,0.216528925619835,0.852512155591572,0.845425867507886,0.164495114006515,0.254807692307692,0,0,0.878640776699029,0,0.142857142857143,0.748079877112135,0.24390243902439,0.353407290015848,0.154929577464789,0.72859450726979,0.609177215189873,0.872131147540984,0.2,0.175523349436393,0.258320126782884,0,0.269291338582677,0.957654723127036,0.200636942675159,0.854166666666667,0.833597464342314,0.611635220125786,0.170178282009724,0.161189358372457,0.316045380875203,0.158653846153846,0.258373205741627,0,0.826291079812207,0.480314960629921,0.157051282051282,0,0.147151898734177,0.160125588697017,0.590032154340836,0.519169329073482,0.166134185303514,0.141914191419142,0.756019261637239,0,0.243328100470958,0.57395498392283,0.177235772357724,0.848242811501597,0.179080824088748,0.144715447154472,0.15506329113924,0.190016103059581,0.526881720430108,0.860162601626016,0.182829888712242,0.532385466034755,0.858695652173913,0.853354134165367,0.723027375201288,0.850079744816587,1,0.47900466562986,0.849683544303797,0.842679127725857,0.85214626391097,0.561430793157076,0.829187396351575,0.15689381933439,0,0.8496,0,0.852512155591572,0.154340836012862,0.170926517571885,0.230769230769231,0,0.267536704730832,0.285714285714286,0.429260450160772,0.5,0.5968,0.578778135048232,0,0.141479099678457,0.900316455696203,0.428807947019868,0.181089743589744,0.850961538461538,0.377567140600316,0.853225806451613,0.809061488673139,0.151937984496124,0.142148760330579,0.241435562805873,0,0.506349206349206,0.24685534591195,0,0.845541401273885,0.236306729264476,0.16025641025641,0,0.856240126382307,0.850556438791733,0.177814029363785,0.258899676375405,0.85502471169687,0,0.740445859872611,0.150974025974026,0.361240310077519,0.655448717948718,0.463492063492064,0.1669341894061,0.844551282051282,0.147515527950311,0.148387096774194,0.841680129240711,0.180064308681672,0.148148148148148,0.179153094462541,0.153968253968254,0.762360446570973,0.796474358974359,0.875598086124402,0.166397415185784,0.200328407224959,0.0126582278481013,0.731825525040388,0.180379746835443,0.774294670846395,0.710485133020344,0.154704944178628,0.152979066022544,0.173228346456693,0.458265139116203,0.140405616224649,0.738709677419355,0.186915887850467,0.134831460674157,0,0.78516228748068,0.598387096774194,0.849358974358974,0.0158730158730159,0.84375,0.218897637795276,0.831496062992126,0.854263565891473,0,0.7484375,0.156957928802589,0.818611987381703,0.159539473684211,0.186195826645265,0.159677419354839,0.877221324717286,0.877887788778878,0.424,0.589315525876461,0,0.316957210776545,0.863636363636364,0.831210191082803,0.870662460567823,0.146302250803859,0.854660347551343,0,0.779714738510301,0.851910828025478,0.865912762520194,0.575516693163752,0.1504,0.728925619834711,0.147899159663866,0.171383647798742,0,0.161042944785276,0.848200312989045,0.148499210110585,0.30622009569378,0.148760330578512,0.861464968152866,0.167987321711569,0.8448,0.258842443729904,0.414239482200647,0.203470031545741,0.171383647798742,0.1488,0.855769230769231,0.184,0.145962732919255,0.843505477308294,0.844690966719493,0.150159744408946,0.1424,0.69551282051282,0.2464,0.193708609271523,0.193447737909516,0.152647975077882,0,0.811594202898551,0.143769968051118,0.854604200323102,0,0.176661264181524,0,0.824193548387097,0.151799687010955,0.176848874598071,0,0.528753993610224,0.617322834645669,0.164763458401305,0.848932676518883,0.25487012987013,0.144518272425249,0.67741935483871,0.5421875,0.341977309562399,0,0.935587761674718,0.178861788617886,0.151033386327504,0.581168831168831,0.150554675118859,0.176961602671119,0.841091492776886,0,0.182677165354331,0.152733118971061,0.184419713831479,0.428571428571429,0.8496,0.271268057784912,0.747235387045814,0.820338983050847,0,0.477346278317152,0.512116316639742,0.495253164556962,0,0.728171334431631,0.225961538461538,0.458860759493671,0.541864139020537,0.813271604938272,0,0,0.141141141141141,0.1584,0,0.231496062992126,0,0,0,0.142857142857143,0,0.15609756097561,0.370486656200942,0.62015503875969,0.145736434108527,0,0,0.155448717948718,0.195956454121306,0.412420382165605,0.849529780564263,0,0.25194401244168,0.548076923076923,0.149842271293375,0.520504731861199,0.682258064516129,0,0.165876777251185,0.850162866449511,0.181372549019608,0.804560260586319,0,0.853620955315871,0.790849673202614,0.565436241610738,0.17524115755627,0,0.199376947040498,0.178515007898894,0.143312101910828,0,0.831715210355987,0.209917355371901,0.860927152317881,0.146919431279621,0.144654088050314,0.844339622641509,0.135782747603834,0.8768,0.33015873015873,0.848142164781906,0.903436988543372,0.1776,0,0.857827476038339,0.173166926677067,0.838550247116969,0.480263157894737,0.618122977346278,0,0.847962382445141,0.382352941176471,0.900473933649289,0.17879746835443,0.8464,0.815165876777251,0.592409240924092,0.198127925117005,0.240249609984399,0.187697160883281,0.367479674796748,0,0.161695447409733,0.858954041204437,0.152487961476726,0.737623762376238,0.8484375,0.142405063291139,0.150159744408946,0.141233766233766,0.437299035369775,0.157392686804452,0.913114754098361,0.91747572815534,0.211690363349131,0.25,0,0,0.1568,0.197068403908795,0.865912762520194,0.165861513687601,0.160572337042925,0.798412698412698,0.216260162601626,0.436573311367381,0.244897959183673,0,0.18341307814992,0.76984126984127,0.149136577708006,0.142172523961661,0,0.478330658105939,0.164516129032258,0.841761827079935,0.435064935064935,0.640253565768621,0.331259720062208,0.430176565008026,0.188271604938272,0.81733746130031,0.160975609756098,0.152,0.164835164835165,0.788429752066116,0.8224,0.142628205128205,0.146875,0,0.362637362637363,0.598715890850722,0.725832012678288,0.33968253968254,0.154093097913323,0.235955056179775,0.151273885350318,0.145569620253165,0.847290640394089,0,0.315533980582524,0.861788617886179,0.853269537480064,0.74491392801252,0,0.161341853035144,0.225352112676056,0.156398104265403,0.164576802507837,0.823248407643312,0.868589743589744,0,0,0.885245901639344,0.844051446945338,0.7888,0,0.859649122807018,0.148902821316614,0.3552,0.866242038216561,0.160771704180064,0.555023923444976,0.177524429967427,0.44811320754717,0.476993865030675,0,0.150914634146341,0.755700325732899,0.660225442834139,0.210769230769231,0.156398104265403,0.733974358974359,0,0.184834123222749,0.166924265842349,0,0.171253822629969,0.846153846153846,0.161616161616162,0.598726114649682,0,0,0.640132669983416,0.309791332263242,0.851030110935024,0.794165316045381,0,0,0.375572519083969,0.8528,0.138047138047138,0.702830188679245,0.143307086614173,0.855590062111801,0.626934984520124,0.671497584541063,0.273770491803279,0.814634146341463,0.855572998430141,0,0.829268292682927,0,0.142857142857143,0.704545454545455,0.175193798449612,0.863123993558776,0.156351791530945,0,0.543581616481775,0.625201938610662,0.143987341772152,0,0.143525741029641,0,0.65359477124183,0.151419558359621,0,0.489731437598736,0.166397415185784,0.362459546925566,0.201612903225806,0.849683544303797,0,0.145867098865478,0.728896103896104,0,0.447574334898279,0.852941176470588,0.848818897637795,0.158756137479542,0.146579804560261,0.152380952380952,0.167197452229299,0.168539325842697,0,0.17219589257504,0.00156985871271586,0.762204724409449,0.7216,0.15689381933439,0.157894736842105,0.159055118110236,0.15962441314554,0.0476947535771065,0.848966613672496,0.162520729684909,0.188498402555911,0.40746500777605,0.165341812400636,0.135220125786164,0.187697160883281,0,0,0.168469860896445,0,0.825040128410915,0.00160771704180064,0.180511182108626,0.724473257698541,0.77133655394525,0.847723704866562,0.20919175911252,0.00157977883096367,0.871224165341812,0.146263910969793,0.156050955414013,0.507269789983845,0.734539969834088,0.717754172989378,0.775193798449612,0.443719412724307,0.853810264385692,0.802861685214626,0.604166666666667,0.7264,0.405909797822706,0.851612903225806,0,0.85,0.768729641693811,0.14453781512605,0.496038034865293,0.883359253499222,0.467408585055644,0.257551669316375,0.152647975077882,0.196046128500824,0.167207792207792,0.147967479674797,0.149837133550489,0.522435897435897,0.626771653543307,0.15689381933439,0.861751152073733,0.843260188087774,0.263665594855305,0,0.146645865834633,0.163232963549921,0,0.815533980582524,0,0.176661264181524,0,0.170418006430868,0.144215530903328,0.859842519685039,0.277597402597403,0.149300155520995,0.499178981937603,0.524332810047096,0.252019386106624,0,0,0.219063545150502,0.206738131699847,0.161290322580645,0,0,0.844660194174757,0.741324921135647,0.548543689320388,0,0.610492845786963,0,0.213247172859451,0.145631067961165,0.773095623987034,0.719874804381847,0,0.669394435351882,0.492012779552716,0.258481421647819,0.16796267496112,0.382539682539683,0.86677367576244,0.153212520593081,0.0807754442649435,0.151315789473684,0,0.155763239875389,0,0.135399673735726,0.847154471544715,0.524350649350649,0,0,0.306603773584906,0.211475409836066,0.206842923794712,0.401883830455259,0.863076923076923,0.838550247116969,0.283653846153846,0.267605633802817,0,0.844051446945338,0.186688311688312,0,0.164516129032258,0.195348837209302,0.816037735849057,0.0126182965299685,0.84430176565008,0.145539906103286,0.579119086460033,0.811688311688312,0.799347471451876,0.805598755832037,0.426494345718901,0.798107255520505,0.147249190938511,0,0.391304347826087,0.167692307692308,0,0,0.853658536585366,0,0.850891410048622,0.142857142857143,0.426229508196721,0.856451612903226,0.850162866449511,0.596747967479675,0.186795491143317,0.643879173290938,0.0141287284144427,0.849270664505673,0.0604575163398693,0.00796178343949045,0,0.710097719869707,0.842679127725857,0.845161290322581,0.850793650793651,0.851968503937008,0.0128,0.0205371248025276,0.83495145631068,0.00796178343949045,0.00493421052631579,0.031496062992126,0.00940438871473354,0.0142405063291139,0.84789644012945,0.0143769968051118,0.856209150326797,0.8528,0.0146103896103896,0.84789644012945,0.0543478260869565,0.858954041204437,0.786283891547049,0.85935085007728,0.848631239935588
"252",0.680124223602484,0.673343605546995,0.693939393939394,0.695787831513261,0.679186228482003,0.676190476190476,0.70679012345679,0.696923076923077,0.662121212121212,0,0.663009404388715,0,0.608294930875576,0.663536776212833,0.359253499222395,0.335889570552147,0,0.0046875,0.679304897314376,0.690658499234303,0.484018264840183,0.352380952380952,0.673252279635258,0,0.699236641221374,0.450310559006211,0.404907975460123,0.666141732283465,0.602134146341463,0.66966966966967,0.337797619047619,0.685975609756098,0.686821705426357,0.483771251931994,0,0.667716535433071,0.00903614457831325,0.663636363636364,0.563235294117647,0.661194029850746,0,0.00453172205438067,0.00153846153846154,0.661514683153014,0.713831478537361,0.343701399688958,0.56786271450858,0.329192546583851,0.596701649175412,0.424739195230999,0,0.664615384615385,0.541411042944785,0.671274961597542,0.725308641975309,0.449074074074074,0,0.669278996865204,0.691131498470948,0.704441041347626,0.480974124809741,0.6049766718507,0.323574730354391,0,0.671949286846276,0.676335877862595,0,0.656298600311042,0,0.339009287925697,0.664624808575804,0.321212121212121,0.343605546995377,0.674735249621785,0,0.677710843373494,0.377643504531722,0.606431852986217,0.699685534591195,0.492635024549918,0,0.716867469879518,0.457957957957958,0.660091047040971,0.416158536585366,0.726299694189602,0.658054711246201,0.7,0.656534954407295,0.00300751879699248,0.665658093797277,0.659574468085106,0,0,0.683042789223455,0,0.59236641221374,0.665151515151515,0.00303490136570561,0.00305343511450382,0.765506807866868,0,0.590490797546012,0.670295489891135,0.432190760059613,0.660347551342812,0.00307692307692308,0.698170731707317,0.333333333333333,0.345679012345679,0.317293233082707,0.710077519379845,0.537037037037037,0.664615384615385,0,0.69618320610687,0.707762557077626,0,0.340909090909091,0.465543644716692,0,0.684931506849315,0.570992366412214,0.396255850234009,0.68167701863354,0.441754916792738,0.668665667166417,0.659021406727829,0,0.758358662613982,0.703076923076923,0.606349206349206,0.668231611893584,0,0.67601246105919,0.340909090909091,0,0.549689440993789,0.596006144393241,0.724727838258165,0,0,0.686363636363636,0.695252679938744,0.448062015503876,0.671253822629969,0.320610687022901,0.746564885496183,0.556414219474498,0.675265553869499,0.468217054263566,0.666666666666667,0.653312788906009,0.670713201820941,0.665634674922601,0.315217391304348,0.67629179331307,0.332302936630603,0,0.678571428571429,0.712349397590361,0.661042944785276,0.348228043143297,0,0.679273827534039,0.604430379746835,0.67948717948718,0.669767441860465,0.677321156773212,0.481818181818182,0.671732522796353,0.337920489296636,0.687218045112782,0.335820895522388,0.693023255813954,0.501543209876543,0,0.664086687306502,0,0.653374233128834,0.668188736681887,0.410852713178295,0.675675675675676,0.689969604863222,0.660687593423019,0.688751926040062,0.423312883435583,0.544901065449011,0.707278481012658,0.707547169811321,0.367851622874807,0.332822085889571,0.681747269890796,0.717125382262997,0,0,0.640432098765432,0,0.677130044843049,0.490990990990991,0.72281776416539,0.651376146788991,0.681952662721893,0.726851851851852,0.569924812030075,0.610248447204969,0.668195718654434,0.679186228482003,0.694992412746586,0,0.692424242424242,0.503154574132492,0.678516228748068,0.31201248049922,0.372549019607843,0.756630265210608,0.681538461538462,0.677563150074294,0.693374422187982,0.675226586102719,0.678899082568807,0,0.371165644171779,0.681203007518797,0.684210526315789,0,0.666666666666667,0.679160419790105,0.751902587519026,0.591614906832298,0.680124223602484,0.666136724960254,0.63594470046083,0,0.699849170437406,0.60741885625966,0.696682464454976,0.321752265861027,0.669195751138088,0.665130568356375,0.675344563552833,0.680555555555556,0.610194902548726,0.329173166926677,0.698608964451314,0.567073170731707,0.326470588235294,0.336309523809524,0.431643625192012,0.333333333333333,0.47900466562986,1,0.337962962962963,0.329787234042553,0.333836858006042,0.811094452773613,0.358814352574103,0.68944099378882,0.00156739811912226,0.327272727272727,0,0.548286604361371,0.671850699844479,0.664634146341463,0.693009118541033,0,0.697115384615385,0.662686567164179,0.684931506849315,0.636503067484663,0.55054432348367,0.582043343653251,0.00305810397553517,0.667697063369397,0.437216338880484,0.696343402225755,0.706708268330733,0.336363636363636,0.715384615384615,0.336448598130841,0.412912912912913,0.66966966966967,0.669316375198728,0.719435736677116,0,0.79066265060241,0.715821812596006,0,0.339393939393939,0.714285714285714,0.678125,0,0.33987915407855,0.321646341463415,0.689167974882261,0.702954898911353,0.3296875,0,0.649390243902439,0.673343605546995,0.81437125748503,0.555555555555556,0.725429017160686,0.680428134556575,0.331811263318113,0.67427701674277,0.667678300455235,0.328173374613003,0.680916030534351,0.675968992248062,0.678343949044586,0.672782874617737,0.446646341463415,0.573619631901841,0.605182926829268,0.698587127158556,0.687301587301587,0.0300751879699248,0.483076923076923,0.69558599695586,0.401526717557252,0.507462686567164,0.667678300455235,0.678683385579937,0.686363636363636,0.7046875,0.654490106544901,0.479559748427673,0.717095310136157,0.661514683153014,0,0.552511415525114,0.727414330218069,0.342592592592593,0.0305810397553517,0.33033033033033,0.698340874811463,0.330289193302892,0.336405529953917,0,0.472307692307692,0.667180277349769,0.388036809815951,0.688783570300158,0.709175738724728,0.681818181818182,0.607751937984496,0.614420062695925,0.648233486943164,0.570522979397781,0,0.672782874617737,0.326378539493294,0.350824587706147,0.509833585476551,0.677018633540373,0.33987915407855,0,0.581430745814307,0.337331334332834,0.346811819595645,0.591962905718702,0.665144596651446,0.488226059654631,0.678343949044586,0.647692307692308,0,0.683211678832117,0.327272727272727,0.688988095238095,0.665648854961832,0.67981072555205,0.332824427480916,0.688524590163934,0.336363636363636,0.669767441860465,0.694704049844237,0.675265553869499,0.685758513931889,0.668202764976959,0.606980273141123,0.668702290076336,0.663204747774481,0.337331334332834,0.335901386748844,0.663565891472868,0.679506933744222,0.512012012012012,0.657450076804916,0.690095846645367,0.678247734138973,0.668693009118541,0,0.412130637636081,0.666167664670659,0.334890965732087,0,0.6796875,0.00313479623824451,0.3546875,0.672645739910314,0.706153846153846,0.00155038759689922,0.773846153846154,0.532307692307692,0.689547581903276,0.328050713153724,0.684210526315789,0.669303797468354,0.552099533437014,0.776073619631902,0.71141975308642,0,0.486943164362519,0.688783570300158,0.677018633540373,0.53822629969419,0.672230652503794,0.65905383360522,0.342465753424658,0,0.674772036474164,0.674884437596302,0.708074534161491,0.634848484848485,0.350547730829421,0.705521472392638,0.471841704718417,0.468497576736672,0,0.641185647425897,0.641653905053599,0.669710806697108,0,0.496062992125984,0.692660550458716,0.627480916030534,0.590288315629742,0.386329866270431,0,0,0.672058823529412,0.653030303030303,0,0.768388106416275,0,0,0,0.673913043478261,0,0.6875,0.765243902439024,0.758518518518518,0.663636363636364,0,0,0.670788253477589,0.692421991084695,0.682370820668693,0.336363636363636,0,0.710407239819005,0.769230769230769,0.675840978593272,0.583841463414634,0.548929663608563,0,0.670196671709531,0.326465927099842,0.719874804381847,0.379471228615863,0,0.326865671641791,0.417310664605873,0.544426494345719,0.670750382848392,0,0.713649851632048,0.685185185185185,0.665644171779141,0,0.384496124031008,0.655172413793103,0.33974358974359,0.6732223903177,0.662141779788839,0.329323308270677,0.665144596651446,0.63482280431433,0.714719271623672,0.347286821705426,0.498427672955975,0.698608964451314,0.00154083204930663,0.343032159264931,0.684766214177979,0.33489827856025,0.674015748031496,0.53858024691358,0,0.432432432432432,0.675,0.58868501529052,0.685496183206107,0.332307692307692,0.44309559939302,0.560897435897436,0.680059523809524,0.69079939668175,0.689230769230769,0.651162790697674,0,0.678787878787879,0.326283987915408,0.65015479876161,0.661881977671451,0.335832083958021,0.662100456621005,0.68125,0.678955453149002,0.593846153846154,0.696319018404908,0.474418604651163,0.514866979655712,0.683333333333333,0.718461538461538,0,0,0.671339563862928,0.686119873817035,0.333333333333333,0.693374422187982,0.670788253477589,0.693972179289026,0.722570532915361,0.752755905511811,0.701201201201201,0,0.692307692307692,0.607751937984496,0.675344563552833,0.669230769230769,0,0.657364341085271,0.686915887850467,0.335394126738794,0.657450076804916,0.54,0.670133729569094,0.687888198757764,0.673134328358209,0.375748502994012,0.678288431061807,0.678353658536585,0.68429003021148,0.58887171561051,0.389393939393939,0.666666666666667,0.6732223903177,0.00302571860816944,0.689024390243902,0.578386605783866,0.478658536585366,0.720364741641337,0.667185069984448,0.690184049079755,0.650914634146341,0.178947368421053,0.326465927099842,0,0.690292758089368,0.327666151468315,0.333333333333333,0.494688922610015,0,0.693129770992366,0.686656671664168,0.657012195121951,0.673684210526316,0.381901840490798,0.332824427480916,0,0,0.5015625,0.377329192546584,0.440809968847352,0,0.329835082458771,0.657935285053929,0.145061728395062,0.627118644067797,0.67398119122257,0.757990867579909,0.674491392801252,0.677272727272727,0.69047619047619,0,0.668630338733431,0.700468018720749,0.755795981452859,0.721139430284858,0.686274509803922,0.601515151515152,0.00306748466257669,0.702290076335878,0.704411764705882,0,0.675595238095238,0.331297709923664,0.693910256410256,0.577812018489985,0,0.00151975683890578,0.769230769230769,0.724031007751938,0.332826747720365,0.414596273291925,0.00152671755725191,0,0.665185185185185,0.343558282208589,0.682182985553772,0.526395173453997,0.685714285714286,0.326951399116348,0.532724505327245,0.483024691358025,0.701892744479495,0.414012738853503,0.346625766871166,0,0.328149300155521,0,0.683812405446294,0.297805642633229,0.676557863501484,0.335384615384615,0.673946957878315,0,0.588588588588589,0.601550387596899,0.675925925925926,0,0.683734939759036,0,0.561815336463224,0.677760968229955,0,0.770739064856712,0.700787401574803,0.626339969372129,0.708396946564885,0.355623100303951,0,0.670769230769231,0.475743348982786,0,0.689863842662632,0.319940476190476,0.33987915407855,0.676609105180534,0.660406885758998,0.655274888558692,0.669781931464174,0.676425269645609,0,0.677966101694915,0.00452488687782805,0.619909502262443,0.490076335877863,0.687116564417178,0.656786271450858,0.673684210526316,0.678787878787879,0.0592705167173252,0.359567901234568,0.6752,0.682706766917293,0.663650075414781,0.677321156773212,0.666666666666667,0.683333333333333,0,0,0.666666666666667,0,0.362385321100917,0,0.699236641221374,0.479365079365079,0.468454258675079,0.435508345978756,0.691588785046729,0,0.433333333333333,0.663636363636364,0.680722891566265,0.684210526315789,0.711764705882353,0.458823529411765,0.431578947368421,0.600931677018634,0.336858006042296,0.389728096676737,0.792626728110599,0.490076335877863,0.656012176560122,0.324200913242009,0,0.311827956989247,0.600311041990669,0.657770800627943,0.708333333333333,0.553731343283582,0.635811836115326,0.701649175412294,0.665165165165165,0.70440251572327,0.680124223602484,0.681318681318681,0.6828125,0.615501519756839,0.579908675799087,0.666156202143951,0.336779911373708,0.335832083958021,0.700305810397553,0.00299850074962519,0.661094224924012,0.648401826484018,0,0.424290220820189,0,0.6953125,0,0.69618320610687,0.67427701674277,0.332326283987915,0.701095461658842,0.664661654135338,0.848909657320872,1,0.7203125,0,0,0.694805194805195,0.721167883211679,0.677760968229955,0,0,0.330708661417323,0.464977645305514,0.598484848484849,0,0.570992366412214,0,0.688575899843505,0.669242658423493,0.424960505529226,0.467862481315396,0,0.534591194968553,0.597875569044006,0.656534954407295,0.686186186186186,0.900459418070444,0.33179012345679,0.689167974882261,0.0431432973805855,0.67192429022082,0,0.668647845468053,0.00152439024390244,0.65990639625585,0.328173374613003,0.222395023328149,0,0,0.685800604229607,0.661490683229814,0.693474962063733,0.663125948406677,0.348214285714286,0.321316614420063,0.659732540861813,0.634615384615385,0,0.339009287925697,0.674347158218126,0,0.659842519685039,0.719271623672231,0.374810318664643,0.0256410256410256,0.318042813455657,0.667669172932331,0.572981366459627,0.361408882082695,0.392523364485981,0.403007518796992,0.675590551181102,0.393124065769806,0.674347158218126,0,0.695517774343122,0.666666666666667,0,0,0.339130434782609,0,0.336874051593323,0.668168168168168,0.677777777777778,0.338509316770186,0.321875,0.749221183800623,0.688549618320611,0.583081570996979,0.033434650455927,0.334394904458599,0.0580847723704867,0.0123076923076923,0,0.321316614420063,0.32,0.330275229357798,0.343465045592705,0.315789473684211,0.028391167192429,0.036144578313253,0.34,0.0151975683890578,0.00632911392405063,0.0247678018575851,0.0138036809815951,0.0350076103500761,0.335901386748844,0.0153139356814701,0.329113924050633,0.33695652173913,0.0308641975308642,0.32348367029549,0.0416666666666667,0.332829046898638,0.319508448540707,0.339259259259259,0.330745341614907
"253",0.00158478605388273,0,0.0277349768875193,0.0591054313099042,0.0143540669856459,0,0.0875,0.0235849056603774,0,0,0,0,0.4375,0,0.962025316455696,0.990811638591118,0,0,0.00318979266347687,0.0155038759689922,0.834876543209877,0.971014492753623,0.00934579439252336,0,0.0449612403100775,0.753993610223642,0.892141756548536,0.00958466453674121,0.531393568147014,0.305900621118012,1,0.311827956989247,0.23015873015873,0.719435736677116,0,0,0.00622083981337481,0.00617283950617284,0.740573152337858,0.0995334370139969,0,0,0,0,0.229132569558101,0.981102362204724,0.489698890649762,1,0.544764795144158,0.865151515151515,0,0.0046801872074883,0.744945567651633,0,0.0987261146496815,0.82670906200318,0,0.0222929936305732,0.0324074074074074,0.0916030534351145,0.700617283950617,0.571428571428571,1,0,0.102728731942215,0.1796875,0,0.0108695652173913,0,1,0.136012364760433,0.995363214837713,0.981337480559876,0,0,0.286594761171032,0.958268933539413,0.413312693498452,0.101246105919003,0.737976782752902,0,0.297546012269939,0.805471124620061,0.00156739811912226,0.895800933125972,0.0921658986175115,0.00461538461538462,0.0296875,0.0294573643410853,0,0.0126582278481013,0,0,0,0.0191387559808612,0,0.675548589341693,0.020440251572327,0,0,0.369158878504673,0,0.711323763955343,0,0.892966360856269,0,0,0.0172143974960876,1,0.995356037151703,0.99211356466877,0.0716510903426791,0.677570093457944,0.00470219435736677,0,0.0122699386503067,0.289763779527559,0,1,0.776898734177215,0,0.225,0.753943217665615,0.926634768740032,0.0250391236306729,0.848297213622291,0.00151975683890578,0.0015625,0,0.446345256609642,0.0635658914728682,0.519685039370079,0.00802568218298555,0,0.00484652665589661,0.981623277182236,0,0.792452830188679,0.372239747634069,0.475961538461538,0,0,0.0188976377952756,0.240428790199081,0.841444270015699,0,0.992199687987519,0.0699844479004666,0.574162679425837,0.0186046511627907,0.865168539325843,0.0109717868338558,0,0.152410575427683,0.00462249614791988,1,0,1,0,0.259316770186335,0.127496159754224,0.0141287284144427,0.986153846153846,0,0,0.559294871794872,0,0,0,0.714723926380368,0.0202808112324493,0.998425196850394,0.0489296636085627,1,0.100787401574803,0.627943485086342,0,0.0141287284144427,0,0.152647975077882,0,0.879556259904913,0.0154798761609907,0.044822256568779,0.00452488687782805,0.0228658536585366,0.897637795275591,0.625,0.0723472668810289,0.0570522979397781,0.953488372093023,0.996937212863706,0.0191082802547771,0.11128526645768,0,0,0.710236220472441,0,0,0.745398773006135,0.103174603174603,0.254185692541857,0.00907715582450832,0.577777777777778,0.565485362095532,0.712903225806452,0.077639751552795,0.028436018957346,0.121165644171779,0,0.1203125,0.818770226537217,0.0584518167456556,1,0.940366972477064,0.455696202531646,0.0235849056603774,0.0198776758409786,0.171606864274571,0.00157232704402516,0.103610675039246,0,0.930340557275542,0.335866261398176,0.00476947535771065,0,0.00614439324116743,0.0212443095599393,0.447530864197531,0.444272445820433,0.0125,0,0.607198748043818,0,0.0975975975975976,0.489891135303266,0.0323101777059774,1,0.0397553516819572,0.00156985871271586,0,0.0458135860979463,0.463565891472868,0.998415213946117,0.0282574568288854,0.464506172839506,0.995461422087746,0.998475609756098,0.798722044728435,1,0.849683544303797,0.337962962962963,1,0.995426829268293,0.990639625585023,0.413897280966767,0.964912280701754,0.014218009478673,0,1,0,0.770800627943485,0,0.0200308166409861,0.10061919504644,0,0.123993558776167,0.141965678627145,0.319314641744548,0.415765069551777,0.555905511811024,0.547049441786284,0,0,0.90625,0.310509554140127,0.0394321766561514,0.985981308411215,0.253105590062112,0.998447204968944,0.896124031007752,0,0,0.0859872611464968,0,0.368098159509202,0.0953125,0,1,0.0851393188854489,0.0189873417721519,0,0.998461538461539,0.998470948012232,0.0212071778140294,0.111464968152866,1,0,0.586477987421384,0.00786163522012579,0.214723926380368,0.611544461778471,0.33596214511041,0.0373250388802488,0.989130434782609,0,0,0.992125984251969,0.0290964777947933,0,0.0225806451612903,0.00152439024390244,0.82398753894081,0.700310559006211,0.717156105100464,0.0206349206349206,0.0524642289348172,0.00155038759689922,0.739747634069401,0.0238473767885533,0.8546875,0.700763358778626,0.00470219435736677,0.0031104199066874,0.0276073619631902,0.307936507936508,0.00307692307692308,0.763693270735524,0.0325581395348837,0.00316957210776545,0,0.69618320610687,0.440438871473354,0.985915492957746,0.0015552099533437,0.990977443609023,0.0778816199376947,0.97339593114241,1,0,0.7900466562986,0.00637958532695375,0.930448222565688,0.0130505709624796,0.0296875,0.0125391849529781,0.720634920634921,0.717252396166134,0.32348367029549,0.533772652388797,0,0.166407465007776,0.986003110419907,0.962616822429907,0.798425196850394,0,0.998442367601246,0,0.686427457098284,0.989230769230769,0.980982567353407,0.529042386185243,0,0.719047619047619,0,0.0264797507788162,0,0.00890207715133531,1,0,0.153846153846154,0,0.9858934169279,0.0215716486902928,1,0.123824451410658,0.288676236044657,0.0493827160493827,0.015552099533437,0,0.714285714285714,0.031104199066874,0,1,0.973846153846154,0,0,0.67601246105919,0.120184899845917,0.0309951060358891,0.0446841294298921,0,0,0.885483870967742,0,0.998417721518987,0,0.0359375,0,0.957613814756672,0,0.029874213836478,0,0.368584758942457,0.57753164556962,0.0173501577287066,1,0.125,0.00158478605388273,0.621405750798722,0.397476340694006,0.207874015748031,0,0.838557993730408,0.022508038585209,0,0.549295774647887,0,0.0263157894736842,0.970031545741325,0,0.0124031007751938,0.00619195046439629,0.042654028436019,0.315950920245399,0.9921875,0.131746031746032,0.767080745341615,0.808510638297872,0,0.377207062600321,0.406593406593407,0.399068322981366,0,0.71474358974359,0.0917721518987342,0.363496932515337,0.484567901234568,0.92156862745098,0,0,0,0.0245775729646697,0,0.0741885625965997,0,0,0,0.00157728706624606,0,0,0.23125,0.470499243570348,0,0,0,0.00310077519379845,0.0304878048780488,0.272024729520866,1,0,0.0996932515337423,0.400309119010819,0,0.471494607087827,0.665625,0,0.0184331797235023,1,0.0418006430868167,0.915470494417863,0,0.989505247376312,0.886970172684458,0.51685393258427,0.0248833592534992,0,0.0488549618320611,0.0197568389057751,0,0,0.92845786963434,0.0591133004926108,0.995153473344103,0,0,0.993769470404984,0,0.710280373831776,0.186440677966102,0.988958990536278,0.821371610845295,0.037914691943128,0,1,0.0277777777777778,0.993548387096774,0.340255591054313,0.609105180533752,0,0.898928024502297,0.255216693418941,0.749221183800623,0.0246153846153846,1,0.854914196567863,0.551324503311258,0.0544629349470499,0.106544901065449,0.0343213728549142,0.250798722044728,0,0.0153846153846154,1,0.0339506172839506,0.60223642172524,1,0,0,0,0.365354330708661,0.0170015455950541,0.872841444270016,0.810207336523126,0.0545171339563863,0.0985691573926868,0,0,0.00619195046439629,0.0634920634920635,0.988727858293076,0.0141287284144427,0.009375,0.641627543035994,0.0691318327974277,0.274478330658106,0.0984848484848485,0,0.0316455696202532,0.634920634920635,0,0,0,0.361904761904762,0.0272873194221509,1,0.303174603174603,0.616352201257862,0.194864048338369,0.3136,0.0443425076452599,0.920489296636086,0.0126984126984127,0,0.0201863354037267,0.679738562091503,0.880877742946709,0.0062402496099844,0,0,0.218461538461538,0.538699690402477,0.741029641185647,0.24804992199688,0,0.114241001564945,0,0.112135176651306,1,0,0.1765625,0.996784565916399,1,0.720748829953198,0,0.00934579439252336,0.0832049306625578,0.00155763239875389,0.00462962962962963,0.916537867078825,1,0,0,0.824,0.923566878980892,0.857369255150555,0,1,0,0.428134556574924,0.710031347962382,0,0.397217928902628,0.0235478806907378,0.353302611367127,0.379785604900459,0,0,0.618441971383148,0.503937007874016,0.0674846625766871,0.00772797527047913,0.620528771384137,0,0.0479134466769706,0.0428134556574924,0,0.032258064516129,0.9875,0.0147540983606557,0.575851393188854,0,0,0.489533011272142,0.16984126984127,1,0.86385737439222,0,0,0.24886191198786,0.97626582278481,0,0.688271604938272,0.00615384615384615,1,0.62962962962963,0.681528662420382,0.12987012987013,0.906902086677368,0.995398773006135,0,0.962204724409449,0,0.0060882800608828,0.805111821086262,0.0152439024390244,0.995297805642633,0,0,0.489263803680982,0.547318611987382,0,0,0.00154083204930663,0,0.602543720190779,0.00933125972006221,0,0.342549923195084,0.0188976377952756,0.261755485893417,0.0516129032258065,0.960183767228178,0,0,0.735247208931419,0,0.32,1,0.984709480122324,0,0,0.00769230769230769,0.025,0.0156494522691706,0,0.0202492211838006,0,0.623853211009174,0.719626168224299,0.00462249614791988,0.00473186119873817,0.00763358778625954,0.00778816199376947,0.0310077519379845,0.98755832037325,0.0161550888529887,0.0359375,0.275272161741835,0.0188383045525903,0,0.0282131661442006,0,0,0.0180722891566265,0,0.937984496124031,0.00158982511923688,0.0435458786936236,0.712918660287081,0.793700787401575,0.89010989010989,0.0727848101265823,0.00154083204930663,0.893188854489164,0,0,0.377708978328173,0.598200899550225,0.795795795795796,0.81039755351682,0.354889589905363,1,0.876369327073552,0.447040498442368,0.747181964573269,0.29320987654321,0.987635239567233,0,1,0.65378421900161,0,0.338957055214724,0.767019667170953,0.375579598145286,0.113496932515337,0.00928792569659443,0.0382775119617225,0.0208,0,0,0.454828660436137,0.591549295774648,0.0015527950310559,0.993984962406015,0.995461422087746,0.12792511700468,0,0,0.0277777777777778,0,0.8848,0,0.0488958990536278,0,0.0234741784037559,0,0.995363214837713,0.157894736842105,0,0.357945425361156,0.3843797856049,0.101426307448494,0,0,0.0710823909531502,0.0521609538002981,0.0108191653786708,0,0,1,0.772036474164134,0.5,0,0.552425665101721,0,0.0770465489566613,0,0.799050632911392,0.781010719754977,0,0.655007949125596,0.418238993710692,0.136503067484663,0.0329835082458771,0.224299065420561,1,0.012779552715655,0.0776545166402536,0,0,0.0169491525423729,0,0,0.981308411214953,0.624398073836276,0,0,0.168469860896445,0.0707395498392283,0.0493827160493827,0.271341463414634,0.980061349693252,0.993569131832797,0.168503937007874,0.173252279635258,0,0.98740157480315,0.0267716535433071,0,0.0112,0.0447530864197531,0.934375,0,0.996937212863706,0,0.531746031746032,0.928348909657321,0.904458598726115,0.88597842835131,0.305825242718447,0.904761904761905,0,0,0.248818897637795,0.0169491525423729,0,0,1,0,1,0,0.290791599353796,1,1,0.449843260188088,0.0359937402190923,0.570769230769231,0,0.998420221169036,0.045958795562599,0.00775193798449612,0,0.813880126182965,0.99388379204893,0.998425196850394,0.984567901234568,1,0,0,0.982866043613707,0.00625978090766823,0.0032,0.0235849056603774,0.00614439324116743,0,0.992088607594937,0.0108864696734059,1,0.996840442338073,0,0.992248062015504,0.0441400304414003,1,0.905511811023622,0.998484848484849,0.9984375
"254",0.00626959247648903,0.00465116279069767,0.0320610687022901,0.062992125984252,0.0174050632911392,0.00478468899521531,0.0981308411214953,0.0242057488653555,0.0045045045045045,0,0.0015600624024961,0,0.433641975308642,0.00316957210776545,0.951713395638629,0.992283950617284,0,0.00156739811912226,0.00793650793650794,0.0217729393468118,0.836166924265842,0.963549920760697,0.0137825421133231,0,0.0449612403100775,0.747634069400631,0.880184331797235,0.0159235668789809,0.542857142857143,0.312111801242236,0.995426829268293,0.32,0.236220472440945,0.712074303405573,0,0.0046583850931677,0.00610687022900763,0.00308166409861325,0.742081447963801,0.0906389301634472,0,0,0,0.00310077519379845,0.226114649681529,0.978294573643411,0.482003129890454,0.998435054773083,0.534039334341906,0.865740740740741,0,0.0109375,0.724842767295597,0.0015527950310559,0.1078125,0.847619047619048,0,0.0282574568288854,0.0414110429447853,0.0984848484848485,0.70750382848392,0.571865443425077,0.995245641838352,0,0.101246105919003,0.174726989079563,0,0.0140405616224649,0,0.996875,0.14567526555387,0.990769230769231,0.976599063962558,0.0045662100456621,0,0.298192771084337,0.951588502269289,0.437025796661609,0.112676056338028,0.736842105263158,0,0.305084745762712,0.794251134644478,0.00306278713629403,0.88006230529595,0.0883720930232558,0.00765696784073507,0.0353302611367127,0.0341085271317829,0,0.0139103554868624,0.00304878048780488,0,0,0.0266875981161695,0,0.692546583850932,0.0199692780337942,0,0,0.382215288611544,0,0.713395638629283,0.00473186119873817,0.89039039039039,0.00479233226837061,0,0.0229709035222052,0.995238095238095,0.987692307692308,0.989164086687306,0.0878274268104777,0.669278996865204,0.0108191653786708,0,0.0169230769230769,0.301092043681747,0,0.996923076923077,0.781538461538462,0,0.239811912225705,0.747648902821317,0.919558359621451,0.0296411856474259,0.852134146341463,0.00762195121951219,0.00770416024653313,0,0.453978159126365,0.0697674418604651,0.529968454258675,0.0158982511923688,0,0.00789889415481832,0.975683890577508,0,0.789638932496075,0.372274143302181,0.479495268138801,0,0,0.0199386503067485,0.238897396630934,0.834123222748815,0.00156985871271586,0.990551181102362,0.0812883435582822,0.60093896713615,0.0240601503759399,0.863492063492064,0.0186046511627907,0.00158227848101266,0.162327718223583,0.00930232558139535,0.996810207336523,0.00465116279069767,0.995341614906832,0,0.258064516129032,0.139183055975794,0.0185185185185185,1,0,0.00153846153846154,0.550079491255962,0.00476190476190476,0.00152905198776758,0.00463678516228748,0.709284627092846,0.02,0.995334370139969,0.0546282245827011,0.995502248875562,0.108864696734059,0.645510835913313,0,0.0187793427230047,0,0.154320987654321,0.0031055900621118,0.880690737833595,0.0168195718654434,0.060790273556231,0.0119940029985007,0.0288315629742033,0.907550077041603,0.627906976744186,0.087719298245614,0.0628930817610063,0.949843260188088,0.992307692307692,0.020440251572327,0.132192846034215,0,0,0.703875968992248,0,0.00455927051671732,0.736681887366819,0.119685039370079,0.253477588871716,0.0136157337367625,0.581102362204724,0.577912254160363,0.700156985871272,0.0835913312693498,0.0373250388802488,0.119815668202765,0,0.115562403697997,0.827751196172249,0.0592823712948518,0.995327102803738,0.932926829268293,0.466248037676609,0.029595015576324,0.0258358662613982,0.178849144634526,0.00619195046439629,0.116822429906542,0,0.925581395348837,0.342987804878049,0.00943396226415094,0,0.00930232558139535,0.0243161094224924,0.45468509984639,0.454121306376361,0.0123647604327666,0.00481540930979133,0.623639191290824,0,0.104321907600596,0.49375,0.0347551342812006,0.99537037037037,0.0410958904109589,0.00315955766192733,0.00455927051671732,0.0518053375196232,0.463302752293578,0.995305164319249,0.0370942812982998,0.450381679389313,0.993948562783661,0.993966817496229,0.801550387596899,0.995341614906832,0.842679127725857,0.329787234042553,0.995426829268293,1,0.987519500780031,0.421613394216134,0.956591639871383,0.0187207488299532,0,0.995356037151703,0,0.777777777777778,0.00474683544303797,0.0218068535825545,0.103975535168196,0,0.138755980861244,0.149390243902439,0.31924882629108,0.410216718266254,0.551724137931034,0.563492063492063,0,0.00313971742543171,0.90519877675841,0.308186195826645,0.0434782608695652,0.984591679506934,0.259938837920489,0.996927803379416,0.88719512195122,0.00447761194029851,0.00316455696202532,0.0995260663507109,0,0.364188163884674,0.109717868338558,0,0.995454545454545,0.0943683409436834,0.0186335403726708,0,0.995398773006135,0.995363214837713,0.0207667731629393,0.118483412322275,0.995169082125604,0,0.609302325581395,0.015600624024961,0.214501510574018,0.614307931570762,0.360759493670886,0.0431432973805855,0.987654320987654,0.00304878048780488,0.00313479623824451,0.99211356466877,0.0379939209726444,0.00309597523219814,0.026813880126183,0.00765696784073507,0.825153374233129,0.680428134556575,0.716279069767442,0.0267716535433071,0.0606531881804044,0.0015220700152207,0.757911392405063,0.029320987654321,0.850467289719626,0.707575757575758,0.00618238021638331,0.00775193798449612,0.0321592649310873,0.305863708399366,0.00610687022900763,0.781102362204724,0.04,0.00627943485086342,0,0.674382716049383,0.44794952681388,0.979623824451411,0.00154559505409583,0.989505247376312,0.0903522205206738,0.973013493253373,0.996904024767802,0,0.784615384615385,0.0078740157480315,0.926100628930818,0.0160513643659711,0.0352760736196319,0.0186625194401244,0.719188767550702,0.711755233494364,0.331259720062208,0.551612903225806,0,0.181538461538462,0.981623277182236,0.960183767228178,0.805855161787365,0.00316957210776545,0.993788819875776,0,0.666156202143951,0.984662576687117,0.974683544303797,0.530326594090202,0.00464396284829721,0.727699530516432,0.00483091787439614,0.035548686244204,0,0.0133729569093611,0.995426829268293,0.00305343511450382,0.174726989079563,0.0015625,0.983024691358025,0.0228310502283105,0.995341614906832,0.10625,0.299684542586751,0.0553846153846154,0.0170278637770898,0.0046801872074883,0.705426356589147,0.037037037037037,0.00301659125188537,0.995461422087746,0.970769230769231,0.00471698113207547,0.00460829493087558,0.682588597842835,0.111627906976744,0.0416,0.0552995391705069,0.00455235204855842,0,0.896062992125984,0.00307219662058372,0.996870109546166,0,0.0365079365079365,0,0.968404423380727,0.00455235204855842,0.0360501567398119,0,0.367762128325509,0.582298136645963,0.0187793427230047,0.993620414673046,0.133437990580848,0.00782472613458529,0.62992125984252,0.398473282442748,0.229102167182663,0,0.8359375,0.0208333333333333,0.00312989045383412,0.554517133956386,0.0045662100456621,0.0344827586206897,0.965571205007825,0,0.0152439024390244,0.00934579439252336,0.0479876160990712,0.321100917431193,0.993700787401575,0.146645865834633,0.755384615384615,0.812091503267974,0,0.388976377952756,0.410575427682737,0.40763358778626,0,0.714511041009464,0.0978593272171254,0.365151515151515,0.488549618320611,0.926093514328808,0,0,0.00437956204379562,0.0259541984732824,0,0.0782472613458529,0,0,0,0.00625,0,0.0032,0.229938271604938,0.483582089552239,0.00303030303030303,0,0,0.00777604976671851,0.0406626506024096,0.278713629402757,0.995405819295559,0,0.104545454545455,0.396656534954407,0.00467289719626168,0.479389312977099,0.655712050078247,0,0.0244274809160305,0.995283018867924,0.0438184663536776,0.914826498422713,0,0.984848484848485,0.883647798742138,0.529315960912052,0.0245775729646697,0,0.0536512667660209,0.0289193302891933,0.00461538461538462,0,0.929824561403509,0.0707236842105263,0.99025974025974,0.00151285930408472,0.00457317073170732,0.989247311827957,0.00152905198776758,0.70253164556962,0.199066874027994,0.987361769352291,0.828346456692913,0.0407523510971787,0,0.995391705069124,0.0306278713629403,0.988817891373802,0.351822503961965,0.614664586583463,0,0.884969325153374,0.262321144674086,0.736923076923077,0.0257966616084977,0.995348837209302,0.848392036753446,0.554848966613672,0.0544629349470499,0.115853658536585,0.0418604651162791,0.261205564142195,0,0.0232558139534884,0.998444790046656,0.0382262996941896,0.605015673981191,0.997010463378176,0.00463678516228748,0.00311526479750779,0.00156739811912226,0.36817472698908,0.0186046511627907,0.874613003095975,0.812400635930048,0.0605590062111801,0.117465224111283,0,0,0.0122887864823349,0.0678233438485804,0.98116169544741,0.0231839258114374,0.0107692307692308,0.632872503840246,0.0782472613458529,0.273010920436817,0.104704097116844,0,0.0354938271604938,0.65990639625585,0.00309597523219814,0.00460829493087558,0,0.362204724409449,0.0282574568288854,0.998449612403101,0.326594090202177,0.623076923076923,0.202080237741456,0.32755905511811,0.05,0.916286149162861,0.0204081632653061,0.00308166409861325,0.0247295208655332,0.692307692307692,0.88006230529595,0.00927357032457496,0.00455927051671732,0,0.227134146341463,0.563944530046225,0.752721617418352,0.242138364779874,0.0031055900621118,0.130434782608696,0.00460122699386503,0.101978691019787,0.996779388083736,0,0.174382716049383,0.992138364779874,0.995348837209302,0.733436055469954,0,0.0107692307692308,0.0858895705521472,0.0046656298600311,0.010590015128593,0.912908242612753,0.995297805642633,0,0,0.830940988835726,0.91496062992126,0.854714064914992,0,0.995412844036697,0.00304878048780488,0.421779141104294,0.702660406885759,0.00311526479750779,0.408668730650155,0.0250783699059561,0.355038759689922,0.372340425531915,0,0.00447761194029851,0.613207547169811,0.502347417840376,0.0804248861911988,0.0153846153846154,0.603076923076923,0,0.0511627906976744,0.0477611940298507,0,0.0381679389312977,0.979782270606532,0.0159489633173844,0.580495356037152,0,0,0.493506493506494,0.165625,0.996884735202492,0.870458135860979,0,0,0.262048192771084,0.9734375,0.00161812297734628,0.677966101694915,0.0121396054628225,0.995412844036697,0.618461538461539,0.67879746835443,0.139498432601881,0.902086677367576,0.992354740061162,0,0.95748031496063,0,0.00757575757575758,0.799684542586751,0.0194902548725637,0.993817619783617,0.0031496062992126,0,0.48936170212766,0.551020408163265,0.00457317073170732,0,0.00303490136570561,0,0.605095541401274,0.0106060606060606,0,0.342301943198804,0.0236593059936909,0.2578125,0.0533751962323391,0.963358778625954,0,0.0046801872074883,0.747235387045814,0,0.322085889570552,0.995502248875562,0.978625954198473,0.00470957613814757,0.0031055900621118,0.0135542168674699,0.028169014084507,0.0247295208655332,0,0.0251177394034537,0,0.646697388632873,0.720496894409938,0.00771604938271605,0.0107858243451464,0.00930232558139535,0.0138888888888889,0.0296411856474259,0.984375,0.0193548387096774,0.0384024577572965,0.281391830559758,0.0260336906584992,0.00459418070444104,0.0338983050847458,0,0,0.0194029850746269,0,0.935384615384615,0.0015600624024961,0.0429447852760736,0.730031948881789,0.790551181102362,0.889400921658986,0.08125,0.00153846153846154,0.8859375,0.00153374233128834,0.00460122699386503,0.380281690140845,0.600896860986547,0.791111111111111,0.81969696969697,0.351014040561622,0.996965098634294,0.869029275808937,0.454121306376361,0.761755485893417,0.30381679389313,0.984544049459042,0,0.995356037151703,0.662974683544304,0.00473186119873817,0.350769230769231,0.766917293233083,0.385208012326656,0.128284389489954,0.0121396054628225,0.0435483870967742,0.0220472440944882,0.00317965023847377,0.0046656298600311,0.44496855345912,0.582945736434109,0.0031104199066874,0.992548435171386,0.98644578313253,0.129573170731707,0,0.00304878048780488,0.035548686244204,0,0.891891891891892,0,0.0517241379310345,0,0.0321592649310873,0.0031055900621118,0.989393939393939,0.166407465007776,0.00153139356814701,0.353582554517134,0.377099236641221,0.106811145510836,0,0,0.0685154975530179,0.0642750373692078,0.0140625,0,0,0.996805111821086,0.784313725490196,0.501543209876543,0,0.553488372093023,0,0.0825396825396825,0.00322061191626409,0.811023622047244,0.767584097859327,0,0.654088050314465,0.42967542503864,0.128325508607199,0.0393343419062027,0.231726283048211,0.9953125,0.0160771704180064,0.084375,0.0015748031496063,0,0.0226244343891403,0,0.00318471337579618,0.992272024729521,0.621451104100946,0,0,0.179878048780488,0.0776545166402536,0.0539291217257319,0.291793313069909,0.974664679582712,0.990654205607477,0.17601246105919,0.175226586102719,0,1,0.0407523510971787,0,0.0126182965299685,0.0501519756838906,0.933539412673879,0,0.99537750385208,0.00306748466257669,0.542901716068643,0.923794712286159,0.908507223113965,0.887692307692308,0.315619967793881,0.904468412942989,0.00312989045383412,0,0.2515625,0.024653312788906,0,0,0.996983408748115,0,0.996875,0.00307692307692308,0.2912,0.995283018867924,0.99685534591195,0.468412942989214,0.0454545454545455,0.56989247311828,0,0.993670886075949,0.0448717948717949,0.00925925925925926,0,0.809968847352025,0.989505247376312,0.996870109546166,0.981845688350983,0.998468606431853,0,0,0.981651376146789,0.00625,0.00321027287319422,0.027906976744186,0.00612557427258806,0,0.987519500780031,0.013719512195122,0.998422712933754,0.992248062015504,0,0.988958990536278,0.047112462006079,0.996899224806202,0.899845916795069,0.993957703927492,0.995305164319249
"255",0.0144,0.00923076923076923,0.0364741641337386,0.0712025316455696,0.0224,0.00645161290322581,0.108108108108108,0.0356037151702786,0.0107692307692308,0,0.009375,0,0.44375,0.00321543408360129,0.952012383900929,0.980091883614089,0,0.00156985871271586,0.0095389507154213,0.0277349768875193,0.838810641627543,0.958333333333333,0.0156494522691706,0,0.0527131782945736,0.737909516380655,0.880877742946709,0.0125984251968504,0.544764795144158,0.316358024691358,0.989425981873112,0.325038880248834,0.250783699059561,0.722222222222222,0,0.00782472613458529,0.00619195046439629,0.0093167701863354,0.740963855421687,0.100308641975309,0,0,0,0.0109204368174727,0.220257234726688,0.979495268138801,0.492913385826772,0.990566037735849,0.537634408602151,0.86322188449848,0,0.0154083204930663,0.720496894409938,0.0078003120124805,0.125391849529781,0.837096774193548,0,0.0298273155416013,0.0509259259259259,0.103235747303544,0.714953271028037,0.571648690292758,0.992125984251969,0,0.103338632750397,0.18266253869969,0,0.0217729393468118,0,0.990430622009569,0.140432098765432,0.983076923076923,0.981191222570533,0.00930232558139535,0,0.311349693251534,0.954898911353033,0.438569206842924,0.119236883942766,0.725165562913907,0,0.303759398496241,0.796352583586626,0.00921658986175115,0.880551301684533,0.0953846153846154,0.00925925925925926,0.0419906687402799,0.0353846153846154,0,0.0187793427230047,0.00777604976671851,0,0,0.0349761526232114,0,0.68944099378882,0.0291858678955453,0,0,0.398461538461538,0,0.712933753943218,0.00794912559618442,0.892424242424242,0.00792393026941363,0,0.031055900621118,0.990580847723705,0.984496124031008,0.981395348837209,0.0956112852664577,0.664605873261206,0.0155763239875389,0,0.0231839258114374,0.303076923076923,0,0.992223950233281,0.7765625,0,0.256568778979907,0.7515625,0.910828025477707,0.0326594090202177,0.855623100303951,0.0121396054628225,0.0125786163522013,0,0.466049382716049,0.0762052877138414,0.516129032258065,0.0187207488299532,0,0.0174880763116057,0.972434915773354,0,0.792993630573248,0.3609375,0.495207667731629,0,0,0.0294573643410853,0.253918495297806,0.829383886255924,0.00772797527047913,0.984399375975039,0.0864197530864197,0.583860759493671,0.0277349768875193,0.858505564387917,0.0204724409448819,0.00947867298578199,0.174772036474164,0.015527950310559,0.99211356466877,0.00772797527047913,0.992248062015504,0,0.266875981161695,0.136503067484663,0.0262345679012346,0.970724191063174,0,0.00758725341426404,0.544303797468354,0.00810372771474878,0.00618238021638331,0.00917431192660551,0.710166919575114,0.0292307692307692,0.990551181102362,0.0534351145038168,0.992424242424242,0.123244929797192,0.63312693498452,0,0.0266457680250784,0,0.146645865834633,0.00771604938271605,0.884126984126984,0.0296411856474259,0.0595419847328244,0.0196671709531014,0.0322085889570552,0.908385093167702,0.614329268292683,0.0760697305863708,0.06875,0.935023771790808,0.987577639751553,0.0313971742543171,0.135384615384615,0,0,0.705882352941177,0,0.0106221547799697,0.753086419753086,0.121069182389937,0.244582043343653,0.0182094081942337,0.57433489827856,0.570982839313573,0.709984152139461,0.0842607313195548,0.047244094488189,0.130841121495327,0,0.122511485451761,0.823717948717949,0.0571428571428571,0.989096573208723,0.934984520123839,0.473520249221184,0.0266457680250784,0.0318181818181818,0.184251968503937,0.0091324200913242,0.118195956454121,0,0.926791277258567,0.36085626911315,0.0142857142857143,0,0.00924499229583975,0.0257966616084977,0.458461538461538,0.439749608763693,0.0189274447949527,0.0111287758346582,0.630744849445325,0,0.119815668202765,0.496815286624204,0.040650406504065,0.989147286821705,0.0516717325227964,0.0111642743221691,0.0108695652173913,0.054773082942097,0.452859350850077,0.995245641838352,0.0390625,0.451463790446841,0.987951807228916,0.987692307692308,0.796178343949045,0.992378048780488,0.85214626391097,0.333836858006042,0.990639625585023,0.987519500780031,1,0.423076923076923,0.945337620578778,0.019047619047619,0,0.993798449612403,0,0.773228346456693,0.00946372239747634,0.0230414746543779,0.0966257668711656,0,0.133971291866029,0.155725190839695,0.327160493827161,0.410015649452269,0.549079754601227,0.543613707165109,0,0.00630914826498423,0.899236641221374,0.314424635332253,0.0505529225908373,0.995348837209302,0.255886970172684,0.990625,0.89041095890411,0.00609756097560976,0.00801282051282051,0.111464968152866,0,0.372488408037094,0.11875,0,0.99079754601227,0.103915662650602,0.0302547770700637,0,0.990867579908676,0.989247311827957,0.0317460317460317,0.124605678233438,0.99203821656051,0,0.6,0.0173775671406003,0.231240428790199,0.605546995377504,0.332278481012658,0.0474006116207951,1,0.0107361963190184,0.00617283950617284,0.982758620689655,0.0463678516228748,0.0108864696734059,0.0321027287319422,0.0108864696734059,0.818885448916409,0.680428134556575,0.714285714285714,0.0352564102564103,0.06957928802589,0,0.737421383647799,0.0362204724409449,0.848998459167951,0.697885196374622,0.0171875,0.00783699059561128,0.0359375,0.322115384615385,0.00916030534351145,0.759936406995231,0.0462962962962963,0.0094488188976378,0,0.668702290076336,0.451816745655608,0.979719188767551,0,0.984662576687117,0.098310291858679,0.963133640552995,0.992248062015504,0,0.783489096573209,0.0156739811912226,0.919811320754717,0.022508038585209,0.0326086956521739,0.0219435736677116,0.716323296354992,0.713826366559486,0.34850863422292,0.532362459546926,0,0.190251572327044,0.978494623655914,0.954268292682927,0.80248833592535,0.0110759493670886,0.989197530864197,0,0.66510172143975,0.981566820276498,0.96998420221169,0.524031007751938,0.0109034267912773,0.72463768115942,0.00967741935483871,0.0363349131121643,0,0.0178571428571429,0.989263803680982,0.00768049155145929,0.180967238689548,0.00801282051282051,0.98116169544741,0.0277349768875193,0.990551181102362,0.126168224299065,0.293460925039872,0.0642201834862385,0.0215384615384615,0.0108191653786708,0.706336939721793,0.0451010886469673,0.0106221547799697,0.98937784522003,0.97045101088647,0.0094488188976378,0.00947867298578199,0.675883256528418,0.125193199381762,0.038961038961039,0.0538461538461538,0.00923076923076923,0,0.8768,0.00911854103343465,0.988835725677831,0,0.0471698113207547,0,0.960443037974684,0.00764525993883792,0.0376766091051805,0,0.388455538221529,0.592823712948518,0.0303514376996805,0.987138263665595,0.136363636363636,0.00947867298578199,0.635646687697161,0.419656786271451,0.226006191950464,0,0.836702954898911,0.0333333333333333,0.00777604976671851,0.559006211180124,0.00614439324116743,0.035,0.960567823343849,0,0.0261136712749616,0.0124223602484472,0.0583596214511041,0.330232558139535,0.982866043613707,0.138845553822153,0.772727272727273,0.808196721311475,0,0.402843601895735,0.396284829721362,0.404024767801858,0,0.712460063897764,0.102803738317757,0.38145896656535,0.498470948012232,0.914503816793893,0,0,0.00899550224887556,0.0322085889570552,0,0.0933125972006221,0,0,0,0.0126984126984127,0,0.0094488188976378,0.238095238095238,0.482706766917293,0.00923076923076923,0,0,0.015600624024961,0.0497737556561086,0.296583850931677,0.992435703479576,0,0.123287671232877,0.420489296636086,0.0062015503875969,0.470137825421133,0.646417445482866,0,0.0292307692307692,0.990536277602524,0.050314465408805,0.912225705329154,0,0.984779299847793,0.883464566929134,0.519417475728155,0.0372093023255814,0,0.0624048706240487,0.0292758089368259,0.0093167701863354,0,0.932389937106918,0.0689655172413793,0.991789819376026,0.0108191653786708,0.00917431192660551,0.98125,0.00918836140888208,0.701700154559505,0.195384615384615,0.987441130298273,0.838351822503962,0.0453834115805947,0,0.992211838006231,0.0407239819004525,0.985436893203884,0.36031746031746,0.603100775193798,0,0.875981161695447,0.2704,0.740157480314961,0.0354938271604938,0.992076069730586,0.851908396946565,0.554471544715447,0.0539730134932534,0.125757575757576,0.0452418096723869,0.269108280254777,0,0.024653312788906,0.992283950617284,0.0404984423676012,0.609448818897638,0.98937784522003,0.00777604976671851,0.0078003120124805,0.00467289719626168,0.364341085271318,0.0234741784037559,0.8734375,0.810047095761381,0.0613496932515337,0.124213836477987,0,0,0.016025641025641,0.0682539682539682,0.979591836734694,0.023696682464455,0.0186335403726708,0.638065522620905,0.0768,0.279874213836478,0.116843702579666,0,0.0391236306729265,0.656597774244833,0.00947867298578199,0.0078003120124805,0,0.375394321766562,0.0326594090202177,0.993680884676145,0.332810047095761,0.614664586583463,0.210843373493976,0.322222222222222,0.0488165680473373,0.91566265060241,0.0237717908082409,0.00459418070444104,0.0292307692307692,0.68621236133122,0.879936808846761,0.0217054263565891,0.0091324200913242,0,0.223765432098765,0.548837209302326,0.740625,0.244274809160305,0.0109546165884194,0.126760563380282,0.0108695652173913,0.104776579352851,0.9904,0,0.199059561128527,0.987460815047022,0.990566037735849,0.724569640062598,0,0.0187793427230047,0.0916030534351145,0.0123839009287926,0.0153609831029186,0.905511811023622,0.989113530326594,0,0,0.832535885167464,0.911214953271028,0.848818897637795,0,0.990769230769231,0.00778816199376947,0.424196018376723,0.713841368584759,0.0111111111111111,0.427035330261137,0.0396825396825397,0.348159509202454,0.360182370820669,0,0.0104166666666667,0.617460317460317,0.518808777429467,0.0867579908675799,0.0184331797235023,0.599393019726859,0,0.054773082942097,0.050381679389313,0,0.0351145038167939,0.973561430793157,0.0243111831442464,0.568992248062016,0,0,0.513114754098361,0.187793427230047,0.99211356466877,0.868044515103339,0,0,0.278614457831325,0.971875,0.00978792822185971,0.684451219512195,0.0138461538461538,0.989393939393939,0.635802469135803,0.673015873015873,0.151757188498403,0.897106109324759,0.986196319018405,0,0.952153110047847,0,0.0120663650075415,0.801282051282051,0.03003003003003,0.985871271585557,0.00958466453674121,0,0.495412844036697,0.5504,0.0109034267912773,0,0.00907715582450832,0,0.605055292259084,0.0169491525423729,0,0.35968992248062,0.028436018957346,0.254263565891473,0.0518867924528302,0.964615384615385,0,0.00470219435736677,0.7421875,0,0.324031007751938,0.993993993993994,0.975384615384615,0.00961538461538462,0.00478468899521531,0.015220700152207,0.0300632911392405,0.0173775671406003,0,0.0359375,0,0.639517345399698,0.713615023474178,0.0170278637770898,0.0183206106870229,0.0154320987654321,0.0153374233128834,0.0307219662058372,0.98125,0.0273311897106109,0.0515625,0.29618320610687,0.0308641975308642,0.00930232558139535,0.0384615384615385,0,0,0.0256024096385542,0,0.927357032457496,0.00157977883096367,0.0546875,0.727126805778491,0.797147385103011,0.859756097560976,0.0894819466248038,0.00154320987654321,0.895475819032761,0.00924499229583975,0.00777604976671851,0.364485981308411,0.600903614457831,0.788605697151424,0.820552147239264,0.347003154574132,0.989345509893455,0.869969040247678,0.462875197472354,0.748427672955975,0.315233785822021,0.98125,0,0.988976377952756,0.657142857142857,0.00963081861958266,0.358934169278997,0.773006134969325,0.39938080495356,0.131498470948012,0.0137825421133231,0.0501618122977346,0.025,0.00792393026941363,0.00955414012738853,0.465543644716692,0.577881619937695,0.0094488188976378,0.986384266263237,0.983483483483483,0.131375579598145,0,0.00900900900900901,0.0401234567901235,0,0.888188976377953,0,0.0517241379310345,0,0.0306748466257669,0.0109717868338558,0.984496124031008,0.161189358372457,0.00617283950617284,0.363492063492063,0.377125193199382,0.125396825396825,0,0,0.06957928802589,0.0645645645645646,0.0217054263565891,0,0,0.991974317817014,0.76793893129771,0.513097072419106,0,0.564142194744977,0,0.0774091627172196,0.0110410094637224,0.807631160572337,0.762121212121212,0,0.654516640253566,0.422600619195046,0.136434108527132,0.0431432973805855,0.238390092879257,0.990595611285266,0.0176,0.08125,0.00952380952380952,0,0.0292758089368259,0,0.00809061488673139,0.978159126365055,0.615141955835962,0,0,0.187793427230047,0.0761904761904762,0.0698757763975155,0.277016742770167,0.968133535660091,0.984152139461173,0.163751987281399,0.17298937784522,0,0.978193146417445,0.0408163265306122,0,0.0192307692307692,0.0539291217257319,0.934681181959565,0,0.989113530326594,0.0105580693815988,0.526881720430108,0.919129082426128,0.890701468189233,0.889400921658986,0.324367088607595,0.898617511520737,0.00933125972006221,0,0.243410852713178,0.0182926829268293,0,0,0.995475113122172,0,0.992295839753467,0.00771604938271605,0.289763779527559,0.988976377952756,0.990580847723705,0.473515248796148,0.0507131537242472,0.572964669738863,0,0.990353697749196,0.0432,0.0062015503875969,0,0.796529968454259,0.98937784522003,0.990536277602524,0.981481481481482,0.993930197268589,0,0,0.978527607361963,0.0046875,0.00157728706624606,0.028125,0.00610687022900763,0,0.984423676012461,0.0108695652173913,0.993506493506494,0.990654205607477,0,0.984544049459042,0.047976011994003,0.993874425727412,0.908527131782946,0.989457831325301,0.989164086687306
"256",0.591614906832298,0.590839694656489,0.606060606060606,0.620472440944882,0.586477987421384,0.585987261146497,0.646511627906977,0.610510046367852,0.579819277108434,0,0.574500768049155,0,0.621580547112462,0.581143740340031,0.462365591397849,0.421538461538462,0,0.00923076923076923,0.595505617977528,0.605143721633888,0.574242424242424,0.421393841166937,0.584848484848485,0,0.636225266362253,0.507020280811232,0.485496183206107,0.575427682737169,0.678195488721804,0.73972602739726,0.427299703264095,0.685015290519878,0.682316118935837,0.525835866261398,0,0.58179012345679,0.0183206106870229,0.583963691376702,0.642540620384047,0.591743119266055,0.00153609831029186,0.00755287009063444,0.00303030303030303,0.582298136645963,0.677777777777778,0.433903576982893,0.579598145285935,0.412037037037037,0.649331352154532,0.5,0,0.579439252336449,0.588785046728972,0.588235294117647,0.661068702290076,0.515723270440252,0,0.606201550387597,0.609682299546142,0.648648648648649,0.516768292682927,0.660091047040971,0.416149068322981,0,0.655172413793103,0.668702290076336,0,0.586046511627907,0,0.408163265306122,0.607305936073059,0.415123456790123,0.435857805255023,0.587349397590361,0,0.708270676691729,0.435975609756098,0.635114503816794,0.652448657187994,0.561576354679803,0,0.675187969924812,0.52023988005997,0.577912254160363,0.495356037151703,0.64624808575804,0.56969696969697,0.607196401799101,0.59236641221374,0.00295420974889217,0.579439252336449,0.573373676248109,0,0,0.6,0,0.698027314112291,0.581929555895865,0.00453857791225416,0.00465116279069767,0.854103343465046,0,0.666151468315301,0.587596899224806,0.505263157894737,0.586206896551724,0.00308641975308642,0.607692307692308,0.410296411856474,0.415007656967841,0.408748114630468,0.645705521472393,0.573643410852713,0.587155963302752,0,0.596358118361153,0.679878048780488,0,0.412746585735964,0.551301684532925,0,0.689922480620155,0.649390243902439,0.463722397476341,0.586890243902439,0.515197568389058,0.590909090909091,0.584218512898331,0,0.923430321592649,0.638167938931298,0.605015673981191,0.588509316770186,0,0.580286168521463,0.418777943368107,0,0.640502354788069,0.581538461538462,0.883464566929134,0,0,0.607692307692308,0.683720930232558,0.493610223642172,0.576086956521739,0.394736842105263,0.673813169984686,0.580343213728549,0.588235294117647,0.576190476190476,0.575987841945289,0.57032457496136,0.649230769230769,0.58761329305136,0.405023547880691,0.593323216995448,0.415007656967841,0,0.696400625978091,0.666666666666667,0.595712098009188,0.429864253393665,0,0.580060422960725,0.59748427672956,0.592063492063492,0.587423312883436,0.584732824427481,0.516666666666667,0.590015128593041,0.417054263565891,0.603915662650602,0.419019316493314,0.642405063291139,0.555555555555556,0,0.585139318885449,0,0.627118644067797,0.584732824427481,0.472307692307692,0.591743119266055,0.632621951219512,0.582089552238806,0.601796407185629,0.488514548238897,0.584592145015106,0.650393700787402,0.635367762128325,0.452453987730061,0.427244582043344,0.602523659305994,0.666158536585366,0,0,0.736349453978159,0.00153374233128834,0.593144560357675,0.565413533834586,0.664586583463339,0.627300613496933,0.602086438152012,0.848998459167951,0.61280487804878,0.698587127158556,0.588509316770186,0.594090202177294,0.64767616191904,0,0.656156156156156,0.590111642743222,0.62015503875969,0.410296411856474,0.453453453453453,0.909923664122137,0.599693251533742,0.602427921092564,0.667687595712098,0.581679389312977,0.647887323943662,0,0.450381679389313,0.698056801195815,0.585253456221198,0,0.595679012345679,0.597014925373134,0.91640866873065,0.581288343558282,0.593220338983051,0.593354430379747,0.750387596899225,0,0.642533936651584,0.651840490797546,0.61993769470405,0.418711656441718,0.603945371775417,0.585403726708075,0.578220858895706,0.608628659476117,0.629909365558912,0.442546583850932,0.618098159509202,0.580246913580247,0.412556053811659,0.414523449319213,0.486862442040185,0.411854103343465,0.561430793157076,0.811094452773613,0.413897280966767,0.421613394216134,0.423076923076923,1,0.4546875,0.600924499229584,0.00311526479750779,0.408882082695253,0,0.640432098765432,0.601866251944012,0.582822085889571,0.637614678899083,0,0.663026521060842,0.638297872340426,0.677519379844961,0.666156202143951,0.588325652841782,0.576619273301738,0.00449101796407186,0.566096423017107,0.519938650306748,0.672955974842767,0.615625,0.426426426426426,0.791090629800307,0.423728813559322,0.499243570347958,0.605970149253731,0.576862123613312,0.657276995305164,0,0.93984962406015,0.650381679389313,0,0.415781487101669,0.65625,0.597243491577335,0,0.44,0.405238828967643,0.60377358490566,0.64937106918239,0.415241057542768,0,0.757716049382716,0.583333333333333,0.777609682299546,0.586687306501548,0.825545171339564,0.592085235920852,0.408320493066256,0.583458646616541,0.571865443425077,0.412130637636081,0.61171032357473,0.589147286821705,0.604395604395604,0.586626139817629,0.517450682852807,0.629742033383915,0.700453857791225,0.597200622083981,0.619651347068146,0.0274390243902439,0.5484375,0.599383667180277,0.468702290076336,0.569321533923304,0.593607305936073,0.594976452119309,0.606707317073171,0.7046875,0.570359281437126,0.534267912772586,0.634969325153374,0.584375,0,0.626139817629179,0.797169811320755,0.427469135802469,0.0321592649310873,0.411144578313253,0.632621951219512,0.429438543247344,0.43010752688172,0,0.520865533230294,0.586583463338534,0.473846153846154,0.597133757961783,0.628440366972477,0.594470046082949,0.704791344667697,0.6890625,0.673312883435583,0.572567783094099,0,0.674846625766871,0.403641881638847,0.427927927927928,0.593323216995448,0.596875,0.422427035330261,0,0.647951441578149,0.414264036418816,0.434915773353752,0.619482496194825,0.580093312597201,0.548989113530327,0.583732057416268,0.5890625,0,0.577485380116959,0.420180722891566,0.600903614457831,0.683409436834094,0.596491228070175,0.430981595092025,0.613533834586466,0.412576687116564,0.612654320987654,0.675078864353312,0.613050075872534,0.606656580937973,0.579192546583851,0.691131498470948,0.611455108359133,0.557548579970105,0.424514200298954,0.419207317073171,0.577287066246057,0.58599695585997,0.577572964669739,0.593607305936073,0.610410094637224,0.618127786032689,0.584848484848485,0,0.493710691823899,0.585365853658537,0.418604651162791,0,0.615625,0.00470219435736677,0.433229813664596,0.584707646176912,0.621165644171779,0.00308166409861325,0.86,0.56656346749226,0.613354037267081,0.407232704402516,0.622848200312989,0.575235109717868,0.626339969372129,0.936170212765957,0.67741935483871,0,0.570987654320988,0.603421461897356,0.588055130168453,0.578703703703704,0.582701062215478,0.57258064516129,0.42967542503864,0,0.596651445966514,0.588509316770186,0.617054263565891,0.649847094801223,0.433903576982893,0.674454828660436,0.518292682926829,0.573717948717949,0.0015220700152207,0.665620094191523,0.689922480620155,0.668188736681887,0,0.58161648177496,0.628614916286149,0.657450076804916,0.632530120481928,0.465288035450517,0,0,0.583941605839416,0.595555555555556,0,0.654798761609907,0,0,0,0.575427682737169,0,0.603174603174603,0.806800618238022,0.939078751857355,0.581570996978852,0,0,0.573170731707317,0.607784431137725,0.689497716894977,0.417797888386124,0,0.655120481927711,0.936267071320182,0.600614439324117,0.596006144393241,0.573872472783826,0,0.602134146341463,0.414976599063963,0.633228840125392,0.45226917057903,0,0.408955223880597,0.501547987616099,0.574603174603175,0.592024539877301,0,0.630952380952381,0.603395061728395,0.582066869300912,0,0.463223787167449,0.58957654723127,0.440381558028617,0.582952815829528,0.569044006069803,0.407975460122699,0.570107858243451,0.706240487062405,0.74347158218126,0.432348367029549,0.5796875,0.626356589147287,0.00313971742543171,0.423963133640553,0.603369065849923,0.43312101910828,0.698608964451314,0.574500768049155,0,0.484848484848485,0.673469387755102,0.665639445300462,0.593607305936073,0.402457757296467,0.481818181818182,0.593851132686084,0.609538002980626,0.632776934749621,0.611620795107034,0.68160741885626,0,0.602409638554217,0.409638554216867,0.58641975308642,0.772655007949126,0.424924924924925,0.581709145427286,0.596006144393241,0.579109062980031,0.585889570552147,0.596358118361153,0.545878693623639,0.589147286821705,0.636641221374046,0.665644171779141,0,0,0.579365079365079,0.619122257053291,0.409582689335394,0.606012658227848,0.598145285935085,0.77947932618683,0.664576802507837,0.83125,0.642324888226528,0,0.604938271604938,0.725,0.589312977099237,0.571428571428571,0,0.680124223602484,0.605828220858896,0.425696594427245,0.684782608695652,0.565950920245399,0.662739322533137,0.673501577287066,0.603886397608371,0.448795180722892,0.596850393700787,0.582822085889571,0.601515151515152,0.687697160883281,0.486943164362519,0.589312977099237,0.573795180722892,0.00451807228915663,0.685496183206107,0.63969465648855,0.531297709923664,0.665151515151515,0.580745341614907,0.637614678899083,0.58761329305136,0.203647416413374,0.415873015873016,0,0.675883256528418,0.422600619195046,0.406153846153846,0.559451219512195,0,0.609831029185868,0.632930513595166,0.574886535552194,0.600306278713629,0.466257668711656,0.429447852760736,0,0,0.57007874015748,0.457943925233645,0.503115264797508,0,0.404870624048706,0.579754601226994,0.182094081942337,0.704791344667697,0.589703588143526,0.884322678843227,0.59190031152648,0.682370820668693,0.679582712369598,0,0.581120943952802,0.824261275272162,0.902140672782875,0.642215568862275,0.590563165905632,0.654961832061069,0.00455927051671732,0.617151607963247,0.624624624624625,0,0.578241430700447,0.428134556574924,0.605095541401274,0.597859327217125,0,0.0030441400304414,0.917874396135266,0.6796875,0.420245398773006,0.498432601880878,0.0030441400304414,0.00158227848101266,0.637593984962406,0.432766615146832,0.57487922705314,0.591463414634146,0.598187311178248,0.416289592760181,0.575301204819277,0.510140405616225,0.678288431061807,0.485804416403785,0.439577039274924,0.00153846153846154,0.436420722135008,0,0.58433734939759,0.370716510903427,0.598811292719168,0.424100156494523,0.5796875,0,0.608231707317073,0.658536585365854,0.592085235920852,0,0.58761329305136,0,0.596899224806202,0.591527987897126,0,0.83763277693475,0.594976452119309,0.604651162790698,0.622464898595944,0.429663608562691,0,0.589939024390244,0.513302034428795,0,0.687595712098009,0.408618127786033,0.419207317073171,0.587596899224806,0.582945736434109,0.572065378900446,0.5875,0.601866251944012,0,0.598159509202454,0.00757575757575758,0.737404580152672,0.543778801843318,0.598784194528875,0.584234930448223,0.594029850746269,0.585626911314985,0.0668740279937792,0.432721712538226,0.602870813397129,0.626339969372129,0.676380368098159,0.596036585365854,0.577039274924471,0.617378048780488,0,0,0.603244837758112,0,0.439878234398782,0.00156739811912226,0.620214395099541,0.537007874015748,0.52373417721519,0.518126888217523,0.625194401244168,0.00151745068285281,0.511380880121396,0.572741194486983,0.604580152671756,0.703363914373089,0.826666666666667,0.533625730994152,0.504477611940298,0.591331269349845,0.409160305343511,0.47209653092006,0.981510015408321,0.528593508500773,0.665144596651446,0.4209726443769,0,0.404354587869362,0.716744913928013,0.577952755905512,0.753048780487805,0.63001485884101,0.666156202143951,0.667669172932331,0.588059701492537,0.619426751592357,0.594180704441041,0.589341692789969,0.602825745682888,0.643625192012289,0.608169440242057,0.588055130168453,0.415680473372781,0.417664670658683,0.655813953488372,0.00458015267175573,0.579425113464448,0.573170731707317,0,0.502362204724409,0,0.6,0,0.60546282245827,0.592879256965944,0.415037593984962,0.687595712098009,0.575342465753425,0.877138413685848,0.847328244274809,0.673405909797823,0,0,0.621794871794872,0.643171806167401,0.598187311178248,0,0,0.421383647798742,0.529770992366412,0.601851851851852,0,0.615501519756839,0,0.61993769470405,0.583975346687211,0.520865533230294,0.537065052950076,0,0.593354430379747,0.599078341013825,0.583460949464012,0.597579425113464,0.794478527607362,0.419452887537994,0.598736176935229,0.0450310559006211,0.585516178736518,0,0.590704647676162,0.00153374233128834,0.578125,0.417818740399386,0.272870662460568,0,0,0.640986132511556,0.61189358372457,0.615037593984962,0.685074626865672,0.423831070889894,0.426100628930818,0.609907120743034,0.569069069069069,0,0.427682737169518,0.591331269349845,0,0.591263650546022,0.623318385650224,0.455521472392638,0.0229357798165138,0.410493827160494,0.584848484848485,0.583596214511041,0.445652173913043,0.466248037676609,0.486902927580894,0.6828125,0.47175572519084,0.595348837209302,0,0.712732919254658,0.58030303030303,0,0,0.407952871870398,0,0.437694704049844,0.582952815829528,0.688888888888889,0.434579439252336,0.41304347826087,0.915227629513344,0.616954474097331,0.645801526717557,0.0313432835820895,0.414442700156986,0.0624,0.0182094081942337,0,0.361963190184049,0.416167664670659,0.417054263565891,0.429864253393665,0.412121212121212,0.0261538461538462,0.0363636363636364,0.426810477657935,0.0186046511627907,0.004739336492891,0.036144578313253,0.0224215246636771,0.0316265060240964,0.429017160686427,0.0231839258114374,0.401587301587302,0.406299212598425,0.0280811232449298,0.425038639876352,0.046969696969697,0.422018348623853,0.412942989214176,0.427514792899408,0.405487804878049
"257",0.0419354838709677,0.0335463258785942,0.0647709320695103,0.105008077544426,0.0502431118314425,0.0372168284789644,0.130645161290323,0.0684713375796178,0.0434782608695652,0,0.0418006430868167,0,0.480830670926518,0.042833607907743,0.924071082390953,0.953821656050955,0,0.00161812297734628,0.0422077922077922,0.0509554140127389,0.82753164556962,0.950083194675541,0.0461783439490446,0,0.0803149606299213,0.742301458670989,0.8578352180937,0.0505709624796085,0.535211267605634,0.334920634920635,0.964912280701754,0.360576923076923,0.260586319218241,0.674193548387097,0,0.0429936305732484,0.00476190476190476,0.0489731437598736,0.741194486983155,0.125984251968504,0,0,0,0.0446570972886762,0.257425742574257,0.939344262295082,0.491143317230274,0.961661341853035,0.540157480314961,0.841194968553459,0,0.0368,0.722397476340694,0.037037037037037,0.150974025974026,0.820388349514563,0,0.0573770491803279,0.0699523052464229,0.138095238095238,0.670364500792393,0.560509554140127,0.960912052117264,0,0.141924959216966,0.20253164556962,0,0.0464,0,0.963022508038585,0.169811320754717,0.955625990491284,0.937299035369775,0.0295031055900621,0,0.315707620528771,0.909937888198758,0.447284345047923,0.139837398373984,0.727272727272727,0,0.331230283911672,0.821766561514196,0.0458860759493671,0.868167202572347,0.131045241809672,0.0414673046251994,0.0674157303370786,0.0680379746835443,0,0.0486223662884927,0.032,0,0,0.0732899022801303,0,0.690140845070423,0.0611916264090177,0,0,0.403536977491961,0,0.723127035830619,0.0368,0.875,0.0327868852459016,0,0.057784911717496,0.961538461538462,0.953225806451613,0.956730769230769,0.111111111111111,0.652866242038217,0.0446570972886762,0,0.0514469453376206,0.332802547770701,0,0.96513470681458,0.7696,0,0.263591433278418,0.7491961414791,0.888157894736842,0.0645669291338583,0.848818897637795,0.0395569620253165,0.0331230283911672,0,0.467948717948718,0.106035889070147,0.533551554828151,0.0518638573743922,0,0.0377668308702791,0.93603744149766,0,0.784219001610306,0.386731391585761,0.504078303425775,0,0,0.0568720379146919,0.277511961722488,0.823723228995058,0.0405844155844156,0.9616,0.120385232744783,0.587947882736156,0.0505529225908373,0.85831960461285,0.0561797752808989,0.0373376623376623,0.199680511182109,0.0401284109149278,0.96039603960396,0.036624203821656,0.960063897763578,0,0.281553398058252,0.174922600619195,0.0624,0.941732283464567,0,0.0369774919614148,0.571895424836601,0.0309446254071661,0.0395569620253165,0.0407523510971787,0.676703645007924,0.0590111642743222,0.959016393442623,0.0904836193447738,0.959247648902821,0.13136288998358,0.646592709984152,0,0.0576923076923077,0,0.187301587301587,0.031201248049922,0.8496,0.0523809523809524,0.0884676145339652,0.0417310664605873,0.0646687697160883,0.875806451612903,0.623052959501558,0.102439024390244,0.0909090909090909,0.902086677367576,0.960567823343849,0.0552845528455285,0.15780998389694,0,0,0.712680577849117,0,0.0377358490566038,0.732909379968203,0.152960526315789,0.280314960629921,0.0453834115805947,0.586151368760064,0.578446909667195,0.721044045676998,0.108064516129032,0.0751633986928105,0.160883280757098,0,0.150078988941548,0.819376026272578,0.101449275362319,0.963434022257552,0.923076923076923,0.476038338658147,0.060702875399361,0.0579029733959311,0.210526315789474,0.0363924050632911,0.142857142857143,0,0.925278219395866,0.363207547169811,0.0472312703583062,0,0.0432766615146832,0.0600924499229584,0.475435816164818,0.450320512820513,0.0479233226837061,0.037953795379538,0.62987012987013,0,0.131329113924051,0.504823151125402,0.0679611650485437,0.963375796178344,0.0845070422535211,0.0451612903225806,0.0394321766561514,0.0875796178343949,0.465818759936407,0.959546925566343,0.0672,0.476415094339623,0.95800933125972,0.959438377535101,0.777049180327869,0.958266452648475,0.829187396351575,0.358814352574103,0.964912280701754,0.956591639871383,0.945337620578778,0.4546875,1,0.0554649265905383,0,0.958064516129032,0,0.762520193861066,0.0414673046251994,0.0568181818181818,0.134304207119741,0,0.171052631578947,0.1703125,0.362179487179487,0.4384,0.585326953748006,0.56957928802589,0,0.0375203915171289,0.895238095238095,0.328358208955224,0.0747217806041336,0.94912559618442,0.281150159744409,0.958466453674121,0.862619808306709,0.0407523510971787,0.0400667779632721,0.143317230273752,0,0.380503144654088,0.13915857605178,0,0.964006259780908,0.129541864139021,0.0564516129032258,0,0.9696,0.964458804523425,0.0557377049180328,0.163398692810458,0.962356792144026,0,0.613672496025437,0.048,0.244131455399061,0.614147909967846,0.385365853658537,0.0771604938271605,0.947452229299363,0.041335453100159,0.0356564019448947,0.956591639871383,0.0652866242038217,0.0407166123778502,0.0616883116883117,0.0463258785942492,0.803225806451613,0.68860353130016,0.726688102893891,0.0551053484602917,0.101328903654485,0.00481540930979133,0.733009708737864,0.0638977635782748,0.8304,0.69478527607362,0.0452342487883683,0.0436187399030695,0.0673076923076923,0.331136738056013,0.0416024653312789,0.750814332247557,0.0740740740740741,0.0436893203883495,0,0.672496025437202,0.468599033816425,0.947030497592295,0.00625978090766823,0.954258675078864,0.125596184419714,0.9248,0.959807073954984,0,0.765451664025357,0.0448,0.904,0.0478547854785479,0.067524115755627,0.0467741935483871,0.72508038585209,0.727714748784441,0.353420195439739,0.545605306799337,0,0.217115689381933,0.948678071539658,0.921507064364207,0.79140127388535,0.0380165289256198,0.958333333333333,0,0.675675675675676,0.946372239747634,0.945337620578778,0.567524115755627,0.0353130016051364,0.712418300653595,0.0397350993377483,0.0690208667736758,0,0.0461538461538462,0.965079365079365,0.0423861852433281,0.20926517571885,0.0390879478827362,0.952922077922078,0.0614173228346457,0.961661341853035,0.143307086614173,0.317589576547231,0.0904761904761905,0.0508744038155803,0.0406885758998435,0.720779220779221,0.0705128205128205,0.0409448818897638,0.965408805031447,0.942307692307692,0.037156704361874,0.0415335463258786,0.67515923566879,0.14756671899529,0.0752864157119476,0.0824088748019017,0.0347551342812006,0,0.846534653465347,0.0373376623376623,0.966237942122186,0,0.0731707317073171,0,0.917851500789889,0.0392464678178964,0.0624,0,0.393258426966292,0.586991869918699,0.0477707006369427,0.957654723127036,0.156351791530945,0.0411861614497529,0.626794258373206,0.421553090332805,0.251602564102564,0,0.829307568438003,0.059967585089141,0.0416,0.563291139240506,0.0349761526232114,0.0612244897959184,0.937096774193548,0,0.0520504731861199,0.0429252782193959,0.0817610062893082,0.333858267716535,0.953451043338684,0.168576104746318,0.748815165876777,0.805601317957166,0,0.405492730210016,0.416666666666667,0.4078125,0,0.696369636963696,0.117174959871589,0.388535031847134,0.5078125,0.879443585780526,0,0,0.0352220520673813,0.0665610142630745,0,0.109350237717908,0,0,0,0.0386473429951691,0,0.0412541254125413,0.252411575562701,0.490683229813665,0.0372670807453416,0,0,0.045958795562599,0.0800627943485086,0.287735849056604,0.961844197138315,0,0.152380952380952,0.431061806656101,0.0420711974110032,0.478537360890302,0.636217948717949,0,0.0522151898734177,0.962171052631579,0.0834697217675941,0.880645161290323,0,0.953051643192488,0.86525974025974,0.510743801652893,0.0604133545310016,0,0.0902021772939347,0.0623003194888179,0.0391849529780564,0,0.900813008130081,0.100340136054422,0.957377049180328,0.0345911949685535,0.0394944707740916,0.952456418383518,0.0396825396825397,0.719047619047619,0.223642172523962,0.952922077922078,0.816091954022989,0.0809061488673139,0,0.959935897435897,0.0673981191222571,0.95114006514658,0.361842105263158,0.6176,0,0.854604200323102,0.32952691680261,0.757188498402556,0.0524642289348172,0.961844197138315,0.8375,0.559121621621622,0.0895061728395062,0.155555555555556,0.0772946859903382,0.278877887788779,0,0.0560747663551402,0.960629921259842,0.0688,0.614754098360656,0.958860759493671,0.0299684542586751,0.0363036303630363,0.0420711974110032,0.390127388535032,0.0565149136577708,0.852380952380952,0.809983896940419,0.088,0.144230769230769,0,0,0.040983606557377,0.0926829268292683,0.943548387096774,0.0503246753246753,0.0461783439490446,0.6544,0.104404567699837,0.306188925081433,0.139717425431711,0,0.0607553366174056,0.655339805825243,0.0353697749196141,0.0434083601286174,0,0.381558028616852,0.0618892508143322,0.963258785942492,0.350565428109855,0.622186495176849,0.238021638330757,0.32463295269168,0.078125,0.899212598425197,0.0493421052631579,0.0384,0.0590979782270607,0.70265780730897,0.855305466237942,0.0393081761006289,0.0421875,0,0.252351097178683,0.545166402535658,0.747572815533981,0.279365079365079,0.0380952380952381,0.149350649350649,0.0364500792393027,0.113029827315542,0.952145214521452,0,0.213008130081301,0.959481361426256,0.961165048543689,0.715434083601286,0,0.0481540930979133,0.123613312202853,0.0364500792393027,0.0462519936204147,0.904065040650406,0.961904761904762,0,0,0.828947368421053,0.88474025974026,0.829821717990275,0,0.9568,0.036624203821656,0.415384615384615,0.712439418416801,0.038961038961039,0.43879173290938,0.0678513731825525,0.366929133858268,0.372854914196568,0,0.0381679389312977,0.635024549918167,0.52520325203252,0.108150470219436,0.0478395061728395,0.6096,0,0.0859872611464968,0.0839936608557845,0,0.0651162790697674,0.942583732057416,0.0559210526315789,0.582278481012658,0,0,0.492586490939044,0.197068403908795,0.961904761904762,0.846153846153846,0,0,0.275808936825886,0.9488,0.043261231281198,0.68125,0.0421875,0.958664546899841,0.591276252019386,0.705787781350482,0.174551386623165,0.89018302828619,0.953051643192488,0,0.917874396135266,0,0.0429447852760736,0.786184210526316,0.0527131782945736,0.9568,0.0407166123778502,0,0.519319938176198,0.533333333333333,0.0383386581469649,0,0.0429252782193959,0,0.608766233766234,0.0470219435736677,0,0.357142857142857,0.0496688741721854,0.277511961722488,0.0816993464052288,0.927215189873418,0,0.0398089171974522,0.730645161290323,0,0.360890302066773,0.959627329192547,0.94383775351014,0.0310965630114566,0.0356564019448947,0.0440944881889764,0.0646687697160883,0.0541871921182266,0,0.0651828298887122,0.00157232704402516,0.63166144200627,0.709677419354839,0.0458860759493671,0.0481540930979133,0.0518053375196232,0.0470219435736677,0.0349761526232114,0.951768488745981,0.0550918196994992,0.0793650793650794,0.309148264984227,0.0588235294117647,0.037914691943128,0.0701754385964912,0,0,0.0518292682926829,0,0.920255183413078,0,0.0909090909090909,0.71334431630972,0.787581699346405,0.85031847133758,0.119086460032626,0.00162866449511401,0.872813990461049,0.03486529318542,0.0411392405063291,0.385232744783307,0.597222222222222,0.788990825688073,0.7875,0.388254486133768,0.957345971563981,0.8528,0.480769230769231,0.742718446601942,0.32484076433121,0.95253164556962,0,0.962962962962963,0.66884176182708,0.039344262295082,0.377388535031847,0.768518518518518,0.400316455696203,0.160629921259843,0.0469483568075117,0.0783034257748776,0.0572831423895254,0.0364238410596026,0.0436187399030695,0.483037156704362,0.585326953748006,0.036624203821656,0.952453987730061,0.960567823343849,0.178170144462279,0,0.0393081761006289,0.0631911532385466,0,0.877250409165303,0,0.0755627009646302,0,0.0612244897959184,0.0352564102564103,0.9578125,0.197431781701445,0.0348101265822785,0.371941272430669,0.398089171974522,0.15,0,0,0.105,0.0949464012251149,0.0496124031007752,0,0,0.958881578947368,0.755868544600939,0.504792332268371,0,0.561290322580645,0,0.100323624595469,0.0458265139116203,0.788524590163934,0.80127186009539,0,0.655228758169935,0.423510466988728,0.156451612903226,0.0717628705148206,0.256451612903226,0.971153846153846,0.0554649265905383,0.0888529886914378,0.0397350993377483,0,0.0509259259259259,0,0.0342019543973941,0.941558441558442,0.591503267973856,0,0,0.213375796178344,0.106732348111658,0.0837282780410742,0.302547770700637,0.932496075353218,0.956730769230769,0.195892575039494,0.199386503067485,0,0.956168831168831,0.0643086816720257,0,0.0490998363338789,0.0803149606299213,0.903225806451613,0.0032258064516129,0.969648562300319,0.0349761526232114,0.532231404958678,0.910685805422648,0.894563426688633,0.86084142394822,0.327868852459016,0.877777777777778,0.0356564019448947,0,0.26797385620915,0.0577223088923557,0,0,0.96417445482866,0,0.95748031496063,0.0456692913385827,0.296235679214403,0.959481361426256,0.958949096880131,0.479674796747967,0.0721311475409836,0.563291139240506,0.00311526479750779,1,0.0457516339869281,0.00634920634920635,0,0.783521809369952,0.957413249211357,0.959742351046699,0.95016077170418,0.957746478873239,0.0032520325203252,0.00480769230769231,0.945945945945946,0.00480769230769231,0.00328407224958949,0.0258899676375405,0.00475435816164818,0.00317965023847377,0.9568,0.0128,0.962108731466227,0.953225806451613,0.00162074554294976,0.959935897435897,0.04858934169279,0.956869009584665,0.87758346581876,0.959752321981424,0.961538461538462
"258",0.980861244019139,0.982511923688394,0.968503937007874,0.932676518883415,0.978964401294498,0.988745980707395,0.881977671451356,0.968051118210863,0.984276729559748,0,0.987075928917609,0,0.578274760383387,0.98546042003231,0.0556438791732909,0.0267716535433071,0,0.00955414012738853,0.9824,0.970358814352574,0.175078864353312,0.05,0.974921630094044,0,0.95260663507109,0.258785942492013,0.113418530351438,0.974025974025974,0.486068111455108,0.71405750798722,0.015748031496063,0.700934579439252,0.782958199356913,0.315372424722662,0,0.982704402515723,0.0188383045525903,0.982704402515723,0.26646248085758,0.900621118012422,0.0016,0.0093603744149766,0.00314465408805031,0.987158908507223,0.802287581699346,0.0372168284789644,0.531645569620253,0.0144230769230769,0.493023255813954,0.144838212634823,0,0.976452119309262,0.29093799682035,0.984202211690363,0.881219903691814,0.186195826645265,0,0.961538461538462,0.943217665615142,0.895569620253165,0.316535433070866,0.4546875,0.014446227929374,0,0.88780487804878,0.829073482428115,0,0.97444089456869,0,0.0162074554294976,0.86875,0.0207336523125997,0.0315955766192733,0.984544049459042,0,0.725609756097561,0.0590062111801242,0.582159624413146,0.901453957996769,0.287394957983193,0,0.721698113207547,0.229457364341085,0.984375,0.126984126984127,0.915625,0.987480438184664,0.962145110410095,0.958990536277603,0.00772797527047913,0.985507246376812,0.984326018808777,0,0,0.9648,0,0.322429906542056,0.971653543307087,0.0047244094488189,0.00476190476190476,0.627760252365931,0,0.295886075949367,0.987261146496815,0.115384615384615,0.98546042003231,0.00789889415481832,0.967948717948718,0.0161550888529887,0.0173775671406003,0.0187207488299532,0.89622641509434,0.342356687898089,0.982484076433121,0,0.97339593114241,0.719685039370079,0,0.01743264659271,0.243285939968404,0,0.78343949044586,0.263823064770932,0.0964052287581699,1,0.165354330708661,0.979907264296754,0.987341772151899,0,0.564341085271318,0.948635634028893,0.508116883116883,0.977161500815661,0,0.978930307941653,0.0384615384615385,0,0.224358974358974,0.638668779714738,0.54679802955665,0,0,0.967136150234742,0.780063291139241,0.188524590163934,0.983948635634029,0.0189274447949527,0.930379746835443,0.423510466988728,0.973684210526316,0.144758735440932,0.976525821596244,0.984051036682616,0.84012539184953,0.977848101265823,0.0160513643659711,0.984076433121019,0.0158227848101266,0,0.753225806451613,0.875776397515528,0.971653543307087,0.028125,0,0.987361769352291,0.479935794542536,0.983792544570502,0.987240829346092,0.987480438184664,0.301261829652997,0.971291866028708,0.017515923566879,0.942901234567901,0.0183767228177642,0.901612903225806,0.375196232339089,0,0.968102073365231,0,0.856025039123631,0.98145285935085,0.126418152350081,0.974683544303797,0.952904238618524,0.975646879756469,0.965354330708661,0.111811023622047,0.389489953632148,0.939297124600639,0.942307692307692,0.0732484076433121,0.0158478605388273,0.971153846153846,0.8546875,0,0,0.312803889789303,0.00155763239875389,0.984567901234568,0.273010920436817,0.86698717948718,0.761006289308176,0.978260869565217,0.452380952380952,0.46656050955414,0.316129032258064,0.922098569157393,0.953821656050955,0.882445141065831,0,0.870866141732283,0.193181818181818,0.960063897763578,0.0157232704402516,0.0819165378670788,0.56031746031746,0.968051118210863,0.96551724137931,0.835443037974684,0.987361769352291,0.90251572327044,0,0.078125,0.684129429892142,0.980738362760835,0,0.973270440251572,0.975535168195719,0.570300157977883,0.55748031496063,0.975961538461538,0.985342019543974,0.382539682539683,0,0.877329192546584,0.541062801932367,0.97258064516129,0.0172413793103448,0.962790697674419,0.983974358974359,0.984326018808777,0.948031496062992,0.554012345679012,0.0176848874598071,0.96984126984127,0.553822152886115,0.0199692780337942,0.0138248847926267,0.207006369426752,0.0158730158730159,0.15689381933439,0.68944099378882,0.014218009478673,0.0187207488299532,0.019047619047619,0.600924499229584,0.0554649265905383,1,0.00632911392405063,0.0158227848101266,0,0.245192307692308,0.985668789808917,0.970358814352574,0.917445482866044,0,0.879032258064516,0.847244094488189,0.704944178628389,0.6120826709062,0.457735247208931,0.474193548387097,0.00777604976671851,0.982142857142857,0.0956937799043062,0.71499176276771,0.962674961119751,0.0267716535433071,0.761075949367089,0.0158227848101266,0.129485179407176,0.984802431610942,0.983818770226537,0.889067524115756,0,0.652173913043478,0.875399361022364,0,0.0171073094867807,0.889400921658986,0.9696,0,0.0207336523125997,0.0125984251968504,0.969155844155844,0.878489326765189,0.0159489633173844,0,0.399046104928458,0.975961538461538,0.795631825273011,0.390551181102362,0.67948717948718,0.951713395638629,0.0252764612954186,0.987460815047022,0.985759493670886,0.0209003215434084,0.971383147853736,0.987240829346092,0.967585089141005,0.984152139461173,0.194620253164557,0.332807570977918,0.294952681388013,0.961352657004831,0.930194805194805,0.0432766615146832,0.277955271565495,0.966876971608833,0.164852255054432,0.320987654320988,0.985714285714286,0.980922098569157,0.960443037974684,0.713826366559486,0.980122324159021,0.260032102728732,0.970633693972179,0.982343499197432,0,0.341121495327103,0.558869701726845,0.0333863275039746,0.043613707165109,0.021671826625387,0.911532385466035,0.0359937402190923,0.00941915227629513,0,0.244865718799368,0.987519500780031,0.0822784810126582,0.973983739837398,0.968602825745683,0.981012658227848,0.302931596091205,0.302134646962233,0.681020733652313,0.46523178807947,0,0.826498422712934,0.0263975155279503,0.0598425196850394,0.216510903426791,0.988745980707395,0.0191387559808612,0,0.347551342812006,0.0259938837920489,0.036624203821656,0.487381703470032,0.988673139158576,0.290849673202614,0.981727574750831,0.95389507154213,0,0.980243161094225,0.0156739811912226,0.982758620689655,0.833597464342314,0.987117552334944,0.026984126984127,0.970266040688576,0.0094488188976378,0.88301282051282,0.73581847649919,0.932283464566929,0.975039001560062,0.979397781299525,0.306122448979592,0.95389507154213,0.98297213622291,0.014018691588785,0.0379746835443038,0.987281399046105,0.981132075471698,0.344339622641509,0.875776397515528,0.96198347107438,0.95859872611465,0.984423676012461,0,0.129952456418384,0.982677165354331,0.0159744408945687,0,0.966237942122186,0.00643086816720257,0.056,0.98740157480315,0.965189873417722,0.00318979266347687,0.631578947368421,0.429245283018868,0.969551282051282,0.0130505709624796,0.870340356564019,0.980582524271845,0.389589905362776,0.61259842519685,0.800632911392405,0,0.165094339622642,0.967741935483871,0.984076433121019,0.454976303317536,0.984326018808777,0.956155143338954,0.0444444444444444,0.00157232704402516,0.970633693972179,0.983922829581994,0.948517940717629,0.68944099378882,0.0161550888529887,0.873581847649919,0.245641838351823,0.196994991652755,0.00316455696202532,0.626003210272873,0.60952380952381,0.635930047694754,0,0.301282051282051,0.908517350157729,0.644859813084112,0.543035993740219,0.0927051671732523,0,0,0.98937784522003,0.96583850931677,0,0.930379746835443,0.00479233226837061,0,0,0.985507246376812,0,0.990306946688207,0.786392405063291,0.5320813771518,0.984326018808777,0,0,0.981072555205047,0.955453149001536,0.741433021806854,0.0156739811912226,0.00162074554294976,0.871715610510046,0.615264797507788,0.984350547730829,0.539657853810264,0.356340288924559,0,0.970219435736677,0.0130932896890344,0.957278481012658,0.0962145110410095,0,0.0227963525835866,0.125200642054575,0.486842105263158,0.966772151898734,0,0.955792682926829,0.976525821596244,0.984276729559748,0,0.0926517571884984,0.922818791946309,0.0243506493506494,0.984472049689441,0.984301412872841,0.0203442879499218,0.984472049689441,0.308544303797468,0.804416403785489,0.0273752012882448,0.175806451612903,0.969889064976228,0.00793650793650794,0.0096,0.979750778816199,0.0225442834138486,0.683279742765273,0.399355877616747,0,0.130232558139535,0.752039151712887,0.269592476489028,0.961722488038278,0.0158982511923688,0.1578125,0.482758620689655,0.96417445482866,0.88062015503876,0.958860759493671,0.758564437194127,0,0.972093023255814,0.0140625,0.962264150943396,0.402298850574713,0.0185758513931889,0.986003110419907,0.980645161290323,0.98389694041868,0.640378548895899,0.97191887675507,0.140096618357488,0.206451612903226,0.941455696202532,0.869085173501577,0,0,0.979066022544283,0.946945337620579,0.0268987341772152,0.9808,0.980982567353407,0.3921875,0.929032258064516,0.736507936507937,0.874015748031496,0,0.967948717948718,0.340764331210191,0.982677165354331,0.981072555205047,0,0.651273885350318,0.96969696969697,0.0143540669856459,0.694267515923567,0.400318979266348,0.798151001540832,0.701892744479495,0.952234206471495,0.0949464012251149,0.967897271268058,0.985915492957746,0.970679012345679,0.314845024469821,0.116352201257862,0.979365079365079,0.985959438377535,0.0063391442155309,0.801251956181534,0.464454976303318,0.280125195618153,0.771875,0.982371794871795,0.884430176565008,0.985915492957746,0.136577708006279,0.0181219110378913,0,0.818910256410256,0.0171606864274571,0.0125984251968504,0.294209702660407,0,0.979527559055118,0.922118380062305,0.982594936708861,0.982539682539682,0.105177993527508,0.0174880763116057,0,0,0.185365853658537,0.0917874396135266,0.168769716088328,0,0.00943396226415094,0.980952380952381,0.0154559505409583,0.3024,0.980922098569157,0.597444089456869,0.959742351046699,0.678740157480315,0.650695517774343,0,0.982998454404946,0.4176,0.518225039619651,0.912037037037037,0.974960876369327,0.405616224648986,0.00786163522012579,0.955484896661367,0.961240310077519,0,0.961890243902439,0.0339506172839506,0.973553719008264,0.45625,0,0.00634920634920635,0.530377668308703,0.84,0.0159235668789809,0.147299509001637,0.0062402496099844,0.00163934426229508,0.741194486983155,0.0395569620253165,0.983471074380165,0.335403726708075,0.982945736434109,0.0170542635658915,0.396284829721362,0.335483870967742,0.87258064516129,0.113085621970921,0.01743264659271,0.00158730158730159,0.0564516129032258,0,0.984662576687117,0.0508196721311475,0.969418960244648,0.0208,0.980519480519481,0,0.519319938176198,0.486223662884927,0.984496124031008,0,0.982731554160126,0,0.407467532467532,0.979623824451411,0,0.653786707882535,0.974151857835218,0.760765550239234,0.953451043338684,0.0541795665634675,0,0.980861244019139,0.278582930756844,0,0.70625,0.0121396054628225,0.0316455696202532,0.984152139461173,0.985691573926868,0.978260869565217,0.965079365079365,0.969936708860759,0,0.961722488038278,0.018957345971564,0.363777089783282,0.297637795275591,0.977952755905512,0.975922953451043,0.98125,0.979813664596273,0.0628930817610063,0.028391167192429,0.975409836065574,0.953416149068323,0.724884080370943,0.96998420221169,0.985981308411215,0.97427652733119,0,0,0.972477064220184,0,0.0713178294573643,0,0.955696202531646,0.297560975609756,0.210696920583468,0.134146341463415,0.918269230769231,0,0.123630672926448,0.982758620689655,0.985714285714286,0.665610142630745,0.430284857571214,0.233587786259542,0.199059561128527,0.664536741214057,0.0154083204930663,0.141744548286604,0.566037735849057,0.277602523659306,0.704510108864697,0.0220472440944882,0,0.0145631067961165,0.34181240063593,0.98694942903752,0.624610591900312,0.238461538461538,0.624405705229794,0.87789799072643,0.973561430793157,0.947626841243863,0.987034035656402,0.987096774193548,0.982456140350877,0.581358609794629,0.427457098283931,0.979397781299525,0.0184049079754601,0.0230769230769231,0.872641509433962,0.00941915227629513,0.985826771653543,0.95859872611465,0,0.132137030995106,0,0.958860759493671,0,0.973312401883831,0.981042654028436,0.0173501577287066,0.839486356340289,0.984423676012461,0.667192429022082,0.645669291338583,0.867954911433172,0,0,0.925864909390445,0.941087613293051,0.979750778816199,0,0,0.0161030595813204,0.251552795031056,0.523510971786834,0,0.477093206951027,0,0.935691318327974,0.984025559105431,0.175806451612903,0.251515151515152,0,0.359424920127796,0.594594594594595,0.862341772151899,0.961890243902439,0.786163522012579,0.0187207488299532,0.977049180327869,0.0144694533762058,0.983633387888707,0,0.978125,0.00317965023847377,0.987220447284345,0.0305958132045089,0.0194489465153971,0,0,0.823802163833076,0.927066450567261,0.921752738654147,0.731974921630094,0.0385208012326656,0.0194174757281553,0.840189873417722,0.8453125,0,0.029874213836478,0.966613672496025,0,0.972536348949919,0.957547169811321,0.0757097791798107,0.0357698289269051,0.0157232704402516,0.984423676012461,0.469155844155844,0.0855784469096672,0.109477124183007,0.123809523809524,0.710823909531502,0.107981220657277,0.985714285714286,0,0.767145135566188,0.971786833855799,0.00158982511923688,0,0.0168711656441718,0,0.016,0.984375,0.730831973898858,0.0144230769230769,0.0159489633173844,0.561688311688312,0.943910256410256,0.4546875,0.042654028436019,0.0177993527508091,0.0530546623794212,0.0189274447949527,0,0.0465489566613162,0.0185471406491499,0.0189873417721519,0.0297339593114241,0.0170807453416149,0.0403877221324717,0.050314465408805,0.03125,0.018957345971564,0.00327868852459016,0.0269413629160063,0.0247678018575851,0.0529595015576324,0.0255591054313099,0.0221870047543582,0.012924071082391,0.0157977883096366,0.037953795379538,0.0204081632653061,0.0268562401263823,0.0156739811912226,0.0506329113924051,0.02,0.0190174326465927
"259",0.0145867098865478,0.00949367088607595,0.0110410094637224,0.00649350649350649,0.0113268608414239,0.0113636363636364,0.0272873194221509,0.00947867298578199,0.0141955835962145,0.986970684039088,0.0110062893081761,0.992025518341308,0.00313971742543171,0.0113085621970921,0,0,0.985826771653543,0.983948635634029,0.0130293159609121,0.0111287758346582,0,0,0.00949367088607595,0.9890625,0.00940438871473354,0.00160771704180064,0.00159489633173844,0.0143312101910828,0.00153846153846154,0.003125,0,0.00321027287319422,0.00641025641025641,0.00159744408945687,0.988835725677831,0.0140625,0.968602825745683,0.0140845070422535,0.00151745068285281,0.0124804992199688,0.993710691823899,0.9858934169279,0.998412698412698,0.00644122383252818,0.00657894736842105,0,0.00477707006369427,0,0.00462962962962963,0.0015552099533437,0.985714285714286,0.0111464968152866,0,0.010989010989011,0.024232633279483,0,0.986928104575163,0.0130505709624796,0.0159235668789809,0.004739336492891,0.00316455696202532,0.0015600624024961,0,0.988853503184713,0.00972447325769854,0.00947867298578199,0.987096774193548,0.0110410094637224,0.98876404494382,0,0.00625978090766823,0,0,0.0108695652173913,0.988958990536278,0.00314465408805031,0,0.00626959247648903,0.00964630225080386,0,0.988691437802908,0.003125,0.0015552099533437,0.0108695652173913,0.00158730158730159,0.00925925925925926,0.0126582278481013,0.00950871632329636,0.0128410914927769,1,0.00949367088607595,0.0110935023771791,0.992101105845182,0.988709677419355,0.00977198697068404,0.9872,0.0186625194401244,0.0127186009538951,0.989028213166144,0.993569131832797,0.0175718849840256,0.987158908507223,0.00156985871271586,0.00966183574879227,0,0.0114566284779051,1,0.016025641025641,0,0,0,0.0253968253968254,0.00157232704402516,0.0144,0.988691437802908,0.0126582278481013,0.0031496062992126,0.98755832037325,0,0.0016,0.990610328638498,0.00642054574638844,0.00159235668789809,0,0.0110584518167457,0.00156985871271586,0.00938967136150235,0.00793650793650794,0.985714285714286,0.0124804992199688,0.00947867298578199,0.00486223662884927,0.0112540192926045,0.992076069730586,0.011437908496732,0,0.988888888888889,0,0.00159235668789809,0.0130718954248366,0.987034035656402,0.990353697749196,0.0126182965299685,0.00793650793650794,0.00161030595813205,0.0111287758346582,0,0.00627943485086342,0.00159744408945687,0.0093167701863354,0,0.0127186009538951,0.0145161290322581,0.00626959247648903,0.008,0,0.0140845070422535,0,0.9875,0.00963081861958266,0.0138461538461538,0.00796178343949045,0,0.990697674418605,0.00930232558139535,0.00161290322580645,0.0113821138211382,0.0110759493670886,0.0109204368174727,0.00156494522691706,0.0110236220472441,0,0.0107361963190184,0,0.0112903225806452,0.00160771704180064,0.990461049284579,0.0112540192926045,0.992150706436421,0.00635930047694754,0.0141955835962145,0.0016,0.0110062893081761,0.0125391849529781,0.00909090909090909,0.0108864696734059,0,0.00155038759689922,0.0065252854812398,0.00801282051282051,0,0,0.00972447325769854,0.0332278481012658,0.987860394537178,0.988888888888889,0.00160771704180064,0.989045383411581,0.00918836140888208,0,0.0209677419354839,0.0046801872074883,0.0139968895800933,0.0016025641025641,0.00315955766192733,0.00324675324675325,0.00958466453674121,0.0128617363344051,0.00933125972006221,0.989010989010989,0.0109546165884194,0,0.00637958532695375,0,0,0.00628930817610063,0.0128205128205128,0.0124223602484472,0.00797448165869218,0.0125195618153365,0.00797448165869218,0.985714285714286,0,0.00467289719626168,0.0113636363636364,0.98740157480315,0.0109717868338558,0.00928792569659443,0.00794912559618442,0.00477707006369427,0.0142857142857143,0.0114192495921697,0.0221169036334913,0.988727858293076,0.0252365930599369,0,0.00806451612903226,0,0.0077639751552795,0.0128,0.0110935023771791,0.00802568218298555,0.00470219435736677,0,0.00802568218298555,0.00470219435736677,0,0,0.00162337662337662,0,0,0.00156739811912226,0,0,0,0.00311526479750779,0,0.00632911392405063,1,0,0.988993710691824,0.00321027287319422,0.00961538461538462,0.00798722044728434,0.00632911392405063,0.990521327014218,0.00488599348534202,0.0125984251968504,0.0048,0,0.00316455696202532,0.00482315112540193,1,0.0130293159609121,0,0.0016260162601626,0.00792393026941363,0,0.00321543408360129,0,0,0.00917431192660551,0.0130932896890344,0.0244299674267101,0.986153846153846,0.00157232704402516,0.0303514376996805,0.987321711568938,0,0.0262345679012346,0.0147058823529412,0.987321711568938,0,0,0.00986842105263158,0.00641025641025641,0,0.987179487179487,0.0174050632911392,0.0146341463414634,0.0078740157480315,0.0031201248049922,0.00320512820512821,0.009375,0,0.010989010989011,0.0109546165884194,0,0.00950871632329636,0.00797448165869218,0.011400651465798,0.0109204368174727,0,0.00473186119873817,0.00158227848101266,0.0113085621970921,0.00985221674876847,0.960691823899371,0.00157232704402516,0.0112540192926045,0.00158227848101266,0.00303030303030303,0.0126984126984127,0.0145161290322581,0.00950871632329636,0.00162074554294976,0.0122137404580153,0.0016025641025641,0.0110584518167457,0.00961538461538462,0.988817891373802,0.0015527950310559,0.0112540192926045,0,0.963893249607535,0,0.0046801872074883,0,0,0.9859375,0.0015748031496063,0.0144230769230769,0,0.0113268608414239,0.0111464968152866,0.00958466453674121,0.0016,0.00163934426229508,0.00480769230769231,0.00164744645799012,0.987538940809969,0.00778816199376947,0,0,0,0.0113452188006483,0,0.987381703470032,0.00317460317460317,0,0,0.008,0.0128410914927769,0,0.0114942528735632,0.00961538461538462,0.987673343605547,0.00606060606060606,0,0.0140625,0.008,0.0129449838187702,0,0.00943396226415094,0,0.0126382306477093,0.00485436893203883,0.00941915227629513,0.0125588697017268,0.0141065830721003,0.00157977883096367,0.0128410914927769,0.0140625,0,0.00159489633173844,0.0112359550561798,0.00635930047694754,0,0.0126984126984127,0.0130932896890344,0.00630914826498423,0.0141287284144427,0.988654781199352,0,0.0143540669856459,0,0.990353697749196,0.00964630225080386,0.998381877022654,0,0.010989010989011,0.00972447325769854,0.996732026143791,0.0159744408945687,0.00319488817891374,0.0146341463414634,0,0.00481540930979133,0.00978792822185971,0.00158227848101266,0.00316455696202532,0.00481540930979133,0.988727858293076,0,0.00980392156862745,0.0111642743221691,0.00318979266347687,0.0123647604327666,0.0151515151515152,0,0.990536277602524,0.0128,0.0111464968152866,0.00481540930979133,0.00470957613814757,0,0.0113085621970921,0.00316455696202532,0.015177065767285,0.996860282574568,0.00642054574638844,0.00479233226837061,0.0046656298600311,0.990461049284579,0.00163398692810458,0.0125588697017268,0.0046583850931677,0,0,0.990566037735849,0.990566037735849,0.0105421686746988,0.0078003120124805,0.987441130298273,0.00641025641025641,1,0.988993710691824,0.98531810766721,0.0144694533762058,0.989028213166144,0.00972447325769854,0.00642054574638844,0.00921658986175115,0.0140845070422535,0.988691437802908,0.988976377952756,0.0110236220472441,0.00623052959501558,0.0062111801242236,0,0.993485342019544,0.0264385692068429,0.0032,0.0141732283464567,0.00313971742543171,0.00156985871271586,0.990521327014218,0.00794912559618442,0,0.0113636363636364,0,0.988888888888889,0,0.00159744408945687,0.00338409475465313,0.00950871632329636,0.988993710691824,0.00928792569659443,0.0111821086261981,0.0110410094637224,0.990521327014218,0,0.0116472545757072,0,0.014018691588785,0.0093603744149766,0,0.0141065830721003,0.0015625,0.00793650793650794,0,0.00161290322580645,0.0078125,1,0,0.0109546165884194,0,0.00316957210776545,0.014218009478673,0.987519500780031,0,0.0113085621970921,0.00156494522691706,0.0127591706539075,0,0,0.00329489291598023,0.00615384615384615,0.00617283950617284,0.00943396226415094,0.00636942675159236,0.987341772151899,0.0109546165884194,0,0.00949367088607595,0.00823723228995058,0,0.0125786163522013,0.0126782884310618,0.00963081861958266,0.00315457413249211,0.00941915227629513,0,0,0.0128410914927769,0.0238095238095238,0.990610328638498,0.988654781199352,0.00810372771474878,0.00816993464052288,0,0.0112903225806452,0.0125588697017268,0,0.00648298217179903,0.00636942675159236,0.0248062015503876,0.989164086687306,0.0111111111111111,0.0172955974842767,0.0093603744149766,0.00792393026941363,0.990654205607477,0.00809061488673139,0.00646203554119548,0,0.00961538461538462,0,0.0060790273556231,0.00490998363338789,0.00928792569659443,0,0.0161550888529887,0.0126182965299685,0.0111642743221691,0.0165562913907285,0.0239234449760766,0.0110062893081761,0.00934579439252336,0.995327102803738,0.0047244094488189,0.004739336492891,0,0.00617283950617284,0.0126582278481013,0.00634920634920635,0.0110759493670886,0.775700934579439,0,0.987480438184664,0.0078740157480315,0,0,0,0.992076069730586,0.00950871632329636,0.00626959247648903,0.0109375,0.0124223602484472,0,0,0.986089644513138,0.98740157480315,0,0,0,0.987281399046105,0,0.0109546165884194,0.548989113530327,0.00162337662337662,0.00797448165869218,0.0111642743221691,0.0111111111111111,0.0046875,0.00460829493087558,0.988958990536278,0.0105740181268882,0.00161030595813205,0.00157977883096367,0.0154083204930663,0.0125195618153365,0.00158227848101266,0.992088607594937,0.00946372239747634,0.0093167701863354,0.990445859872611,0.012326656394453,0,0.00818330605564648,0.00313971742543171,0.991883116883117,0.998417721518987,0.00166944908180301,0.00634920634920635,0,0,0.998381877022654,0.986688851913478,0.00614439324116743,0,0.011744966442953,0.0015600624024961,0.0124223602484472,0,0.00316455696202532,0.00160513643659711,0.0128410914927769,0,0,0.995253164556962,0,0.9875,0.0108359133126935,0.146864686468647,0.0120663650075415,0,0.0128824476650564,0.989147286821705,0.0015625,0.00317460317460317,0.0110584518167457,0.988524590163934,0.0140625,0.98876404494382,0,0.0139751552795031,0.987519500780031,0.027906976744186,0.00807754442649435,0.00476947535771065,0.00978792822185971,0,0.985714285714286,0.0110584518167457,0,0.987635239567233,0.00470957613814757,0,0,0.00479233226837061,0.012779552715655,0.0107361963190184,0.0128205128205128,0.0112540192926045,0.9858934169279,0.0110935023771791,0.99211356466877,0.021978021978022,0,0.0095389507154213,0.0111464968152866,0.0109034267912773,0.0141287284144427,0.90894819466248,0,0.00978792822185971,0.0046583850931677,0.0078003120124805,0.0142630744849445,0.00934579439252336,0.0111111111111111,0.987635239567233,0.989113530326594,0.0121580547112462,0.9859375,0,0.990430622009569,0.00782472613458529,0,0.0032520325203252,0,0.00958466453674121,0.987381703470032,0,0.014018691588785,0.0126382306477093,0.00320512820512821,0.00153139356814701,0.00151515151515152,0,0.00489396411092985,0,0.00156494522691706,0.00157232704402516,0.00161030595813205,0.00775193798449612,0,0.985342019543974,0,0.0176,0.00970873786407767,0.0377358490566038,0.00154320987654321,0.00478468899521531,0.0110410094637224,0.0141509433962264,0.0130293159609121,0.0112359550561798,0.0096,0.00950871632329636,0,0.00158227848101266,0.0127388535031847,0,0,0.0111642743221691,1,0.0140405616224649,0.0109375,0.988871224165342,0,0.987460815047022,0.00477707006369427,0.99016393442623,0.0109546165884194,0.0110410094637224,0,0.00798722044728434,0.0127186009538951,0.00325732899022801,0.0031496062992126,0.0304,0.987577639751553,0.990384615384615,0.00988467874794069,0.00452488687782805,0.0109546165884194,0.989214175654854,0.989130434782609,0,0.00154083204930663,0.00473186119873817,0.985691573926868,0,0.992163009404389,0.0113636363636364,0.0111821086261981,0.0339256865912763,0.0015625,0.987577639751553,0.00324675324675325,0.00479233226837061,0.0110236220472441,0.0062111801242236,0.00479233226837061,0,0.0127388535031847,0.893987341772152,0.0144230769230769,0.991974317817014,0.0106544901065449,0.9968,0.0112721417069243,0,0.352180936995153,0.990639625585023,0.991974317817014,0.0078003120124805,0.00648298217179903,0.0188087774294671,0.00777604976671851,0,0,0.00632911392405063,0.0107858243451464,0.988617886178862,0,0.0110759493670886,0.990476190476191,0.0130081300813008,0.00797448165869218,0,0.973228346456693,0,0.0125391849529781,0.00329489291598023,0,0,0,0.00492610837438424,0.0015600624024961,0.0112179487179487,0.988958990536278,0.0095389507154213,0.0110759493670886,0.9967585089141,0.987341772151899,0,0.990430622009569,0,0.0111111111111111,0.00490196078431373,0,0,0.00797448165869218,0.0176,0.00158478605388273,0.965625,0,0.911003236245955,0.972972972972973,0.987281399046105,0.145367412140575,0,0,0.00625978090766823,0,0.963141025641026,0.9625,0,0.9744,0.987117552334944,0.938193343898574,0.97007874015748,0.957345971563981,0,0.963317384370016,0,0,0.964458804523425,0,0.920560747663551,0,0.0536277602523659,0,0
"260",0.0032,0,0.0231839258114374,0.0540540540540541,0.0141509433962264,0,0.0976377952755905,0.0233644859813084,0,0,0,0,0.424050632911392,0,0.956521739130435,0.99211356466877,0,0.0015527950310559,0.00159744408945687,0.0124804992199688,0.839813374805599,0.959742351046699,0.00782472613458529,0,0.0438184663536776,0.751962323390895,0.88646967340591,0.0127388535031847,0.53323029366306,0.288819875776398,1,0.304075235109718,0.232594936708861,0.724409448818898,0,0,0.00461538461538462,0.00153374233128834,0.731411229135053,0.0934150076569678,0,0,0,0,0.20873786407767,0.979430379746835,0.480190174326466,1,0.520610687022901,0.861068702290076,0,0.00475435816164818,0.72755905511811,0,0.10702875399361,0.826433121019108,0,0.0191693290734824,0.0407523510971787,0.0962732919254658,0.709627329192547,0.569422776911076,1,0,0.0947030497592295,0.17457886676876,0,0.00773993808049536,0,1,0.134762633996937,0.9921875,0.978159126365055,0,0,0.294027565084227,0.96,0.423017107309487,0.101286173633441,0.717391304347826,0,0.284375,0.78907435508346,0.00153609831029186,0.881619937694704,0.0842433697347894,0.00311526479750779,0.0310077519379845,0.0313479623824451,0,0.0141287284144427,0,0,0,0.0206677265500795,0,0.6801872074883,0.015600624024961,0,0,0.369905956112853,0,0.706896551724138,0,0.895061728395062,0,0,0.0203761755485893,1,0.990551181102362,0.99537037037037,0.0847723704866562,0.659937888198758,0.0063391442155309,0,0.0108695652173913,0.275430359937402,0,1,0.764797507788162,0,0.238244514106583,0.754658385093168,0.914653784219002,0.0280373831775701,0.848062015503876,0.00309119010819165,0.0031055900621118,0,0.455399061032864,0.0578125,0.512861736334405,0.00793650793650794,0,0.00323101777059774,0.978328173374613,0,0.788309636650869,0.357927786499215,0.483037156704362,0,0,0.0187793427230047,0.22848200312989,0.823529411764706,0,0.996870109546166,0.0653188180404355,0.576,0.0169230769230769,0.858306188925081,0.0125984251968504,0,0.162246489859594,0.00313971742543171,1,0,1,0,0.264150943396226,0.126348228043143,0.015625,0.981762917933131,0,0,0.530546623794212,0,0,0,0.710077519379845,0.0188976377952756,0.9984375,0.0455235204855842,1,0.10459587955626,0.625585023400936,0,0.015552099533437,0,0.148669796557121,0,0.887301587301587,0.015748031496063,0.0515625,0.00754147812971342,0.0278637770897833,0.894245723172628,0.615740740740741,0.0723472668810289,0.05229793977813,0.949152542372881,0.995334370139969,0.0175438596491228,0.129283489096573,0,0,0.7024,0,0,0.739329268292683,0.113964686998395,0.238021638330757,0.00917431192660551,0.563981042654028,0.561622464898596,0.70926517571885,0.0774091627172196,0.0301587301587302,0.119122257053292,0,0.110248447204969,0.819063004846527,0.0515625,1,0.936434108527132,0.45958795562599,0.0205696202531646,0.0168711656441718,0.168486739469579,0.0015625,0.11353032659409,0,0.932098765432099,0.332824427480916,0.00321543408360129,0,0.00615384615384615,0.0181818181818182,0.453416149068323,0.44811320754717,0.00628930817610063,0,0.624,0,0.0996932515337423,0.482649842271293,0.0241545893719807,1,0.0367534456355283,0.00155038759689922,0,0.0440944881889764,0.452012383900929,0.998430141287284,0.028169014084507,0.455676516329705,0.998468606431853,0.998468606431853,0.78716744913928,1,0.8496,0.327272727272727,1,0.995356037151703,0.993798449612403,0.408882082695253,0.958064516129032,0.0158227848101266,0,1,0,0.764423076923077,0,0.0188976377952756,0.0919003115264797,0,0.123993558776167,0.140215716486903,0.300157977883096,0.393416927899687,0.532915360501567,0.54858934169279,0,0,0.905426356589147,0.293637846655791,0.0345911949685535,0.989180834621329,0.236593059936909,0.998420221169036,0.87906976744186,0,0,0.0947867298578199,0,0.354037267080745,0.103174603174603,0,1,0.0948012232415902,0.0204081632653061,0,0.998442367601246,0.998452012383901,0.0159235668789809,0.11496062992126,1,0,0.602848101265823,0.00934579439252336,0.195084485407066,0.595576619273302,0.33063209076175,0.0358814352574103,0.99211356466877,0,0,0.992260061919505,0.0282131661442006,0,0.0225442834138486,0.00312989045383412,0.812403100775194,0.689230769230769,0.715396578538103,0.0188976377952756,0.0547504025764895,0.0015748031496063,0.729166666666667,0.026813880126183,0.834115805946792,0.684049079754601,0.00475435816164818,0.00156494522691706,0.0265625,0.307324840764331,0.00153609831029186,0.752773375594295,0.03125,0.00158478605388273,0,0.675840978593272,0.445141065830721,0.981279251170047,0.00155763239875389,0.990825688073395,0.0910518053375196,0.976923076923077,1,0,0.766355140186916,0.0063391442155309,0.923076923076923,0.0115131578947368,0.0267716535433071,0.012779552715655,0.708860759493671,0.713375796178344,0.329113924050633,0.533980582524272,0,0.176100628930818,0.989214175654854,0.959438377535101,0.788819875776398,0,1,0,0.664605873261206,0.987635239567233,0.979066022544283,0.509463722397476,0,0.714738510301109,0,0.0284810126582278,0,0.00745156482861401,1,0.00151975683890578,0.172897196261682,0,0.992150706436421,0.0183206106870229,1,0.115987460815047,0.279106858054226,0.0597243491577335,0.0137614678899083,0,0.704866562009419,0.0380348652931854,0,1,0.977848101265823,0,0,0.659409020217729,0.116169544740973,0.0375203915171289,0.0405616224648986,0,0,0.878787878787879,0,0.998420221169036,0,0.0286624203821656,0,0.955414012738854,0,0.0271132376395534,0,0.358609794628752,0.573482428115016,0.0143769968051118,0.998381877022654,0.132165605095541,0.00321543408360129,0.628571428571429,0.385692068429238,0.196513470681458,0,0.833065810593901,0.022508038585209,0,0.544323483670295,0,0.0276872964169381,0.973478939157566,0,0.0154320987654321,0.00158730158730159,0.0469483568075117,0.313271604938272,0.993730407523511,0.125,0.7609375,0.81,0,0.388976377952756,0.38810641627543,0.384496124031008,0,0.706451612903226,0.0841121495327103,0.36517719568567,0.461059190031153,0.918305597579425,0,0,0,0.0212121212121212,0,0.0731319554848967,0,0,0,0.00158982511923688,0,0,0.219626168224299,0.474320241691843,0,0,0,0.0046875,0.0289193302891933,0.279320987654321,1,0,0.106646058732612,0.39509954058193,0,0.455538221528861,0.647335423197492,0,0.0185758513931889,1,0.0429936305732484,0.908227848101266,0,0.993865030674847,0.881889763779528,0.52124183006536,0.027906976744186,0,0.0410958904109589,0.0266457680250784,0,0,0.923809523809524,0.0610561056105611,0.99510603588907,0,0,0.993779160186625,0,0.697965571205008,0.176377952755906,0.988976377952756,0.821656050955414,0.0330708661417323,0,1,0.0263157894736842,0.991935483870968,0.348171701112878,0.597156398104265,0,0.89060092449923,0.264090177133655,0.741784037558685,0.0203125,1,0.849462365591398,0.544117647058823,0.0474732006125574,0.103076923076923,0.03486529318542,0.250398724082935,0,0.0154559505409583,1,0.0267716535433071,0.611821086261981,1,0,0,0,0.342767295597484,0.0139968895800933,0.870458135860979,0.804416403785489,0.05625,0.106646058732612,0,0,0.00794912559618442,0.060702875399361,0.98876404494382,0.0142405063291139,0.00788643533123028,0.632558139534884,0.0608974358974359,0.27491961414791,0.1,0,0.0345368916797488,0.646031746031746,0,0.00156739811912226,0,0.364928909952607,0.0239234449760766,1,0.312893081761006,0.6109375,0.191842900302115,0.302547770700637,0.0398773006134969,0.917956656346749,0.0111464968152866,0,0.0172684458398744,0.693679092382496,0.87519747235387,0.00625978090766823,0,0,0.220338983050847,0.5453125,0.721439749608764,0.227769110764431,0,0.119426751592357,0,0.106811145510836,1,0,0.171606864274571,0.998410174880763,1,0.711180124223602,0,0.00773993808049536,0.0797546012269939,0,0.00453857791225416,0.911251980982567,1,0,0,0.823248407643312,0.91875,0.84748427672956,0,1,0,0.417701863354037,0.703001579778831,0,0.406201550387597,0.0251968503937008,0.324574961360124,0.361538461538462,0,0,0.608626198083067,0.496025437201908,0.0706605222734255,0.00930232558139535,0.604395604395604,0,0.0416666666666667,0.038109756097561,0,0.033033033033033,0.982704402515723,0.0165016501650165,0.575663026521061,0,0,0.476973684210526,0.155555555555556,1,0.8592,0,0,0.256134969325153,0.974603174603175,0,0.672256097560976,0.00460829493087558,1,0.62015503875969,0.663522012578616,0.124203821656051,0.898876404494382,0.996860282574568,0,0.95748031496063,0,0.00614439324116743,0.805237315875614,0.0182370820668693,0.995230524642289,0,0,0.474732006125574,0.542857142857143,0,0,0.00153846153846154,0,0.603559870550162,0.0093603744149766,0,0.332302936630603,0.0175718849840256,0.243285939968404,0.0467741935483871,0.958204334365325,0,0,0.720190779014308,0,0.297546012269939,1,0.986196319018405,0,0,0.00766871165644172,0.0300157977883096,0.0174880763116057,0,0.0279503105590062,0,0.633435582822086,0.705329153605016,0.00469483568075117,0.00784929356357928,0.00151975683890578,0.00771604938271605,0.0311526479750779,0.984423676012461,0.012987012987013,0.0337941628264209,0.275430359937402,0.0199692780337942,0,0.0234009360374415,0,0,0.0119402985074627,0,0.9375,0.00158478605388273,0.0380348652931854,0.7056,0.786283891547049,0.884914463452566,0.0694006309148265,0.00156494522691706,0.90251572327044,0,0,0.352290679304897,0.581570996978852,0.780597014925373,0.809090909090909,0.3486529318542,1,0.878125,0.453968253968254,0.737341772151899,0.298600311041991,0.987538940809969,0,1,0.664012738853503,0,0.358255451713396,0.764615384615385,0.386435331230284,0.113178294573643,0.00924499229583975,0.0358306188925081,0.0234741784037559,0,0.00157977883096367,0.432389937106918,0.578294573643411,0.00156985871271586,0.995461422087746,0.993957703927492,0.120879120879121,0,0,0.0249221183800623,0,0.885852090032154,0,0.046031746031746,0,0.0278637770897833,0,0.99537037037037,0.141045958795563,0,0.3408,0.371913580246914,0.109546165884194,0,0,0.0584415584415584,0.0535714285714286,0.00927357032457496,0,0,1,0.764976958525346,0.504716981132076,0,0.534267912772586,0,0.0697305863708399,0,0.802250803858521,0.757296466973886,0,0.638364779874214,0.403125,0.130568356374808,0.0333839150227618,0.214618973561431,1,0.0111287758346582,0.0904761904761905,0,0,0.0151745068285281,0,0,0.982594936708861,0.618210862619808,0,0,0.168992248062016,0.0688,0.0573643410852713,0.282874617737003,0.978395061728395,0.996835443037975,0.159937888198758,0.16036308623298,0,0.984101748807631,0.0315955766192733,0,0.00961538461538462,0.0375,0.933649289099526,0,0.996850393700787,0,0.523885350318471,0.923809523809524,0.903752039151713,0.878086419753086,0.3152,0.89938080495356,0,0,0.240887480190174,0.0154083204930663,0,0,1,0,1,0,0.276252019386107,1,1,0.450479233226837,0.0365079365079365,0.562111801242236,0,0.998381877022654,0.0412044374009509,0.00625978090766823,0,0.805993690851735,0.995454545454545,0.998417721518987,0.984472049689441,1,0,0,0.984520123839009,0.00471698113207547,0.00322061191626409,0.0280811232449298,0.00307692307692308,0,0.992138364779874,0.0109375,1,0.996805111821086,0,0.9921875,0.0490045941807044,1,0.914556962025316,0.998466257668712,0.998425196850394
"261",0,0,0,0,0,0,0.0109034267912773,0.00156739811912226,0,1,0,1,0,0,0,0,1,0.982839313572543,0,0,0,0,0,1,0,0,0,0.00160513643659711,0,0,0,0,0.00156494522691706,0,1,0,0.975270479134467,0,0,0,0.998412698412698,0.983180428134557,0.993808049535604,0,0,0,0,0,0,0,1,0,0,0,0.0126984126984127,0,1,0,0.00308641975308642,0,0,0,0,1,0,0,1,0,1,0,0,0,0,0,1,0,0,0,0.00156494522691706,0,1,0,0,0,0,0,0,0,0.00463678516228748,0.989312977099237,0,0,1,1,0,1,0.0204081632653061,0,0.992283950617284,0.990654205607477,0.00940438871473354,1,0,0,0,0,0.989028213166144,0.00311526479750779,0,0,0,0.0139968895800933,0,0,1,0,0,1,0,0,1,0.00153846153846154,0,0,0,0,0,0,1,0.0061633281972265,0,0,0,1,0,0,1,0,0,0.00636942675159236,1,1,0,0,0,0,0,0,0,0,0,0,0,0,0,0,0,0,1,0,0.00455235204855842,0,0,1,0,0,0,0,0,0,0,0,0,0,0.00157728706624606,0,1,0,1,0,0,0,0,0,0,0,0,0,0,0,0,0,0,0.0199692780337942,1,1,0,0.998459167950693,0,0,0.0125391849529781,0,0,0,0,0,0,0,0.00152905198776758,1,0,0,0,0,0,0.00458015267175573,0,0,0.0015625,0,0,1,0,0,0,1,0,0,0.00615384615384615,0,0,0,0.02,1,0.0136570561456753,0,0,0,0,0,0,0,0,0,0,0,0,0,0,0,0,0,0,0,0,0,0,0,0.988993710691824,0,1,0.004739336492891,0,0,0,1,0.0016,0.00154798761609907,0,0,0,0,0.987596899224806,0,0,0,0,0,0,0,0,0,0,0.012779552715655,1,0,0.0174880763116057,1,0,0.0138461538461538,0.0015748031496063,1,0,0,0,0,0,1,0.0188087774294671,0,0,0,0,0,0,0,0,0,0,0,0,0,0,0,0,0.00317460317460317,0,0.95565749235474,0,0,0,0,0,0,0,0,0,0,0,0,1,0,0.00949367088607595,0,0.950920245398773,0,0,0,0,1,0,0,0,0,0,0,0,0,0,0,1,0,0,0,0,0,0,1,0,0,0,0.00157232704402516,0,0,0,0,1,0,0,0,0,0,0,0,0,0,0,0,0,0,0,0,0,0,0,0,0,0,0,0,0,0,1,0,0,0,1,0,0.990536277602524,0,0,0,0.995327102803738,0.00778816199376947,0,0,0,0,0,0,0,0,1,0,0.00159489633173844,0,0,0,0,0,0.998447204968944,0,0,0,0,0,0.00476947535771065,0,0.0148026315789474,0.993808049535604,0,0,0,1,0,0.00155038759689922,0,0,0,1,1,0,0,1,0,0.990506329113924,1,1,0,1,0,0.00155038759689922,0.0060790273556231,0,1,1,0,0,0,0,0.998381877022654,0.0167427701674277,0,0,0,0,1,0,0,0.0016,0,1,0,0,0,0.00154320987654321,1,0,0,0,1,0,0,0,0,0,0,0,0,0,0,0.00156985871271586,0,0.990783410138249,0,0,0,0,0.0108864696734059,1,0,0.00158478605388273,0,0,0,0,0,0,0,0,0,1,0,0,0,0.0048,0,0,0,0,0,0,0,0,0,0.0138674884437596,1,1,0,0,0,0,0,0,0,0,0.0164917541229385,1,0,0.0187793427230047,0,0,1,0,0,0,0.00154798761609907,0,0,0,0,0,0.00316455696202532,0,0,0.017741935483871,0.0294117647058824,0,0,0.992435703479576,0,0,0,0,0,0,0,0.782945736434108,0,1,0.0015625,0,0,0,1,0,0,0,0,0,0,1,1,0,0,0,1,0,0,0.557228915662651,0,0,0.00927357032457496,0,0,0,1,0,0,0,0.00453857791225416,0,0,0.990610328638498,0,0,1,0.00150375939849624,0,0,0,1,0.992378048780488,0,0,0,0,0.989230769230769,0.9984,0,0,0,0,0,0,0,0,0.00480769230769231,0,0,0.998470948012232,0,1,0,0.15210355987055,0.00149476831091181,0,0,1,0,0,0,1,0,1,0,0,1,0.0153846153846154,0,0,0.0015625,0,1,0,0,1,0,0,0,0,0,0,0.0047244094488189,0.0015600624024961,1,0,0.981424148606811,0.0214395099540582,0,0,0,0,0,0.917557251908397,0,0,0,0,0,0,0,1,1,0,1,0,0.9984375,0,0,0,0,0,0.998456790123457,0,0,0,0,0,0,0,0,0,0,0,0,0,0,1,0,0.0206677265500795,0,0.0307219662058372,0,0,0.00458015267175573,0,0.0016,0,0,0,0,0,0,0,0,0.00155038759689922,0.98780487804878,0,0,1,0,1,0,1,0,0,0,0,0,0.00156985871271586,0,0.0171875,1,1,0,0,0,1,1,0,0,0,1,0,1,0,0,0.0394944707740916,0,1,0,0,0,0,0,0,0,0.902866242038217,0,1,0,0.993855606758833,0,0,0.363207547169811,1,1,0,0,0.00930232558139535,0,0,0,0,0,1,0,0,1,0,0,0,0.959501557632399,0,0,0,0,0,0,0,0,0,1,0,0,0.996865203761755,1,0,1,0,0,0,0,0,0.00645161290322581,0.00311526479750779,0,0.954337899543379,0,0.904,0.972307692307692,1,0.163779527559055,0,0,0.0061633281972265,0,0.956386292834891,0.948872180451128,0,0.974882260596546,0.993670886075949,0.950844854070661,0.966412213740458,0.944186046511628,0,0.965996908809892,0,0,0.957680250783699,0,0.931649331352155,0,0.0510835913312693,0,0
"262",0.232484076433121,0.22397476340694,0.244204018547141,0.261363636363636,0.228896103896104,0.219709208400646,0.314009661835749,0.247603833865815,0.216174183514774,0.00484652665589661,0.219047619047619,0.00319488817891374,0.537735849056604,0.213716108452951,0.779874213836478,0.77602523659306,0.0031496062992126,0.00469483568075117,0.235772357723577,0.237795275590551,0.85214626391097,0.756933115823817,0.24251968503937,0.00465116279069767,0.278740157480315,0.678913738019169,0.768370607028754,0.233278955954323,0.663536776212833,0.5,0.772870662460568,0.504716981132076,0.4336,0.679873217115689,0.00317460317460317,0.229665071770335,0.0141955835962145,0.21978021978022,0.837920489296636,0.303265940902022,0.00484652665589661,0.0015552099533437,0.00471698113207547,0.230894308943089,0.426470588235294,0.780844155844156,0.567961165048544,0.786499215070644,0.624036979969183,0.755760368663594,0.00316957210776545,0.235955056179775,0.783151326053042,0.222047244094488,0.301127214170692,0.747163695299838,0.00490998363338789,0.254019292604502,0.249612403100775,0.325,0.674085850556439,0.670261941448382,0.774960380348653,0.00324149108589951,0.315112540192926,0.3856,0.00474683544303797,0.236421725239617,0.00315457413249211,0.753184713375796,0.33125,0.773228346456693,0.770800627943485,0.225856697819315,0.0046656298600311,0.473035439137134,0.786499215070644,0.52803738317757,0.320197044334975,0.698175787728027,0.00319488817891374,0.468354430379747,0.692307692307692,0.222741433021807,0.766929133858268,0.308544303797468,0.220472440944882,0.240126382306477,0.235109717868339,0.00464396284829721,0.22792937399679,0.219047619047619,0.00479233226837061,0.00469483568075117,0.245954692556634,0.00158227848101266,0.905808477237049,0.241269841269841,0.00154083204930663,0,0.612341772151899,0.00474683544303797,0.846153846153846,0.231378763866878,0.841538461538462,0.217179902755267,0.00157232704402516,0.239234449760766,0.772727272727273,0.773015873015873,0.782193958664547,0.293548387096774,0.671428571428571,0.233070866141732,0.00484652665589661,0.230046948356808,0.4928,0.0015527950310559,0.787539936102236,0.69620253164557,0.0030441400304414,0.434294871794872,0.872037914691943,0.774140752864157,0.251968503937008,0.739811912225705,0.21875,0.226917057902973,0.00469483568075117,0.686804451510334,0.281399046104928,0.5888,0.248387096774194,0.00313479623824451,0.228384991843393,0.772230889235569,0.00316455696202532,0.870662460567823,0.478468899521531,0.703150912106136,0.00318979266347687,0.00483870967741936,0.248025276461295,0.4496,0.711974110032362,0.223809523809524,0.761290322580645,0.278816199376947,0.605220228384992,0.221705426356589,0.880645161290323,0.21656050955414,0.220421393841167,0.343450479233227,0.217391304347826,0.761290322580645,0.22360248447205,0.773162939297125,0.00313479623824451,0.462279293739968,0.348837209302326,0.23186119873817,0.759316770186335,0.0046656298600311,0.217928902627512,0.632090761750405,0.222764227642276,0.217806041335453,0.220839813374806,0.676425269645609,0.23696682464455,0.77511961722488,0.252321981424149,0.777265745007681,0.302439024390244,0.618441971383148,0.00328407224958949,0.241379310344828,0.00318471337579618,0.333858267716535,0.216429699842022,0.756843800322061,0.231259968102073,0.266244057052298,0.238390092879257,0.248037676609105,0.774960380348653,0.626168224299065,0.2976,0.280388978930308,0.77337559429477,0.77373417721519,0.242671009771987,0.3390625,0.00307219662058372,0.0048,0.8848,0.00156739811912226,0.2234375,0.71850699844479,0.335473515248796,0.401883830455259,0.231726283048211,0.772292993630573,0.617924528301887,0.874799357945425,0.259554140127389,0.244897959183673,0.341500765696784,0.0016,0.333333333333333,0.894039735099338,0.2672,0.788121990369181,0.741732283464567,0.694888178913738,0.239302694136292,0.249221183800623,0.376413570274637,0.218009478672986,0.321711568938193,0.00317460317460317,0.753869969040248,0.517940717628705,0.238249594813614,0.00471698113207547,0.230889235569423,0.248062015503876,0.6625,0.517996870109546,0.229665071770335,0.223127035830619,0.847020933977456,0.0032626427406199,0.311248073959938,0.576190476190476,0.248780487804878,0.775157232704403,0.257318952234206,0.221337579617834,0.229329173166927,0.272151898734177,0.556923076923077,0.769230769230769,0.242088607594937,0.569875776397516,0.773497688751926,0.769828926905132,0.708860759493671,0.77373417721519,0.852512155591572,0.548286604361371,0.770800627943485,0.777777777777778,0.773228346456693,0.640432098765432,0.762520193861066,0.245192307692308,0.00321027287319422,0.764423076923077,0.004739336492891,1,0.222042139384117,0.238095238095238,0.301261829652997,0.0031104199066874,0.34621578099839,0.358372456964006,0.492138364779874,0.518341307814992,0.590189873417722,0.5810147299509,0.004739336492891,0.21078431372549,0.849358974358974,0.502454991816694,0.248012718600954,0.7765625,0.468253968253968,0.772655007949126,0.744075829383886,0.227554179566563,0.213576158940397,0.312703583061889,0.00308641975308642,0.566302652106084,0.326984126984127,0.00475435816164818,0.782945736434108,0.309707241910632,0.240063593004769,0.0047244094488189,0.780373831775701,0.777429467084639,0.233870967741935,0.328525641025641,0.781758957654723,0.00321543408360129,0.83596214511041,0.223285486443381,0.427682737169518,0.629570747217806,0.5472,0.24251968503937,0.768867924528302,0.21283255086072,0.226114649681529,0.767036450079239,0.25314465408805,0.223113964686998,0.26645264847512,0.214285714285714,0.716772151898734,0.764430577223089,0.878548895899054,0.24203821656051,0.276422764227642,0.0142405063291139,0.695652173913043,0.250793650793651,0.735015772870662,0.665137614678899,0.224137931034483,0.238095238095238,0.24294670846395,0.518092105263158,0.217527386541471,0.698234349919743,0.249607535321821,0.218649517684887,0.00476190476190476,0.750392464678179,0.6896,0.779365079365079,0.0139751552795031,0.763888888888889,0.29047619047619,0.777952755905512,0.772511848341232,0.00155038759689922,0.705511811023622,0.227488151658768,0.776545166402536,0.232899022801303,0.2576,0.237261146496815,0.883386581469649,0.897560975609756,0.494435612082671,0.56198347107438,0.00314465408805031,0.377777777777778,0.778816199376947,0.757716049382716,0.826224328593997,0.213141025641026,0.775,0.00158227848101266,0.755134281200632,0.765891472868217,0.778662420382166,0.578696343402226,0.230647709320695,0.686688311688312,0.222402597402597,0.260450160771704,0.0015552099533437,0.227204783258595,0.765163297045101,0.2203125,0.3792,0.229268292682927,0.776911076443058,0.243710691823899,0.772370486656201,0.324324324324324,0.456730769230769,0.284591194968553,0.243285939968404,0.208860759493671,0.854430379746835,0.254019292604502,0.222395023328149,0.762128325508607,0.786173633440514,0.206677265500795,0.217115689381933,0.673566878980892,0.319620253164557,0.257903494176373,0.258859784283513,0.218604651162791,0.00481540930979133,0.751219512195122,0.212460063897764,0.779552715654952,0.00481540930979133,0.244408945686901,0.00485436893203883,0.760450160771704,0.22397476340694,0.244408945686901,0.00316957210776545,0.6125,0.606349206349206,0.245253164556962,0.770967741935484,0.321428571428571,0.224165341812401,0.710862619808307,0.618670886075949,0.3936,0.00318979266347687,0.883830455259027,0.231391585760518,0.237341772151899,0.574132492113565,0.223787167449139,0.25,0.771929824561403,0,0.243369734789392,0.226837060702875,0.267515923566879,0.470957613814757,0.776,0.333868378812199,0.701130856219709,0.82741116751269,0.0046875,0.533011272141707,0.538709677419355,0.528125,0.00470219435736677,0.711001642036125,0.28594249201278,0.5046875,0.56832298136646,0.757942511346445,0.0047244094488189,0.0046583850931677,0.21969696969697,0.243827160493827,0.00471698113207547,0.28503937007874,0.00320512820512821,0.00156985871271586,0.00328947368421053,0.214968152866242,0.00315457413249211,0.228525121555916,0.444267515923567,0.698587127158556,0.227202472952087,0.00323624595469256,0.00161290322580645,0.222047244094488,0.261609907120743,0.4671875,0.771384136858476,0.00324149108589951,0.311248073959938,0.624806201550388,0.2224,0.54375,0.646964856230032,0.0046801872074883,0.244548286604361,0.780290791599354,0.261217948717949,0.735576923076923,0.00475435816164818,0.776923076923077,0.75801282051282,0.557404326123128,0.232594936708861,0.00311526479750779,0.273700305810398,0.238924050632911,0.213728549141966,0.00477707006369427,0.758454106280193,0.265993265993266,0.7779632721202,0.221003134796238,0.220679012345679,0.754303599374022,0.208530805687204,0.876947040498442,0.404423380726698,0.783653846153846,0.940322580645161,0.257911392405063,0.00481540930979133,0.771653543307087,0.253164556962025,0.773095623987034,0.511290322580645,0.623003194888179,0.00309597523219814,0.773584905660377,0.435275080906149,0.8801261829653,0.23696682464455,0.7664,0.759055118110236,0.600665557404326,0.265116279069767,0.305426356589147,0.265273311897106,0.433811802232855,0.00486223662884927,0.22432859399684,0.778120184899846,0.241214057507987,0.813311688311688,0.777080062794348,0.217665615141956,0.220257234726688,0.212698412698413,0.482484076433121,0.2390625,0.876602564102564,0.880191693290735,0.273716951788491,0.319685039370079,0.00155763239875389,0.00320512820512821,0.211631663974152,0.278135048231511,0.773311897106109,0.247172859450727,0.239302694136292,0.847003154574132,0.269789983844911,0.499202551834131,0.307098765432099,0.00462962962962963,0.251592356687898,0.866028708133971,0.217665615141956,0.225856697819315,0.00455927051671732,0.527331189710611,0.245954692556634,0.779014308426073,0.482315112540193,0.617322834645669,0.395173453996983,0.470209339774557,0.271056661562021,0.737730061349693,0.237012987012987,0.220125786163522,0.245192307692308,0.875,0.813479623824451,0.212933753943218,0.226006191950464,0.0031104199066874,0.421800947867299,0.601880877742947,0.694968553459119,0.409810126582278,0.217806041335453,0.310185185185185,0.229329173166927,0.159126365054602,0.765472312703583,0.00308166409861325,0.381558028616852,0.779220779220779,0.769475357710652,0.696682464454976,0.00485436893203883,0.235668789808917,0.284591194968553,0.229665071770335,0.230407523510972,0.730462519936204,0.777080062794348,0.00460122699386503,0.00471698113207547,0.864820846905538,0.776714513556619,0.745980707395498,0.0046875,0.765923566878981,0.228615863141524,0.319314641744548,0.896496815286624,0.228758169934641,0.64622641509434,0.251623376623377,0.501577287066246,0.538102643856921,0.00470957613814757,0.231354642313546,0.812199036918138,0.731825525040388,0.290571870170015,0.22706065318818,0.738993710691824,0.00475435816164818,0.257911392405063,0.251543209876543,0.00471698113207547,0.24031007751938,0.782193958664547,0.235679214402619,0.611374407582938,0.00316455696202532,0.00319488817891374,0.714285714285714,0.379807692307692,0.770569620253165,0.744336569579288,0.00474683544303797,0.00328407224958949,0.424657534246575,0.778846153846154,0.211570247933884,0.672386895475819,0.21996879875195,0.768503937007874,0.633693972179289,0.644694533762058,0.341543513957307,0.767857142857143,0.774447949526814,0.00316957210776545,0.769105691056911,0.00474683544303797,0.226708074534162,0.672757475083056,0.226993865030675,0.7808,0.221508828250401,0.0031496062992126,0.542503863987635,0.641935483870968,0.221870047543582,0.00161030595813205,0.221528861154446,0.00482315112540193,0.646302250803859,0.232963549920761,0.0046875,0.583987441130298,0.233704292527822,0.414673046251994,0.273311897106109,0.764984227129338,0.0032,0.220125786163522,0.67515923566879,0.00309597523219814,0.499212598425197,0.777604976671851,0.767295597484277,0.226475279106858,0.220257234726688,0.224615384615385,0.236507936507937,0.246467817896389,0.00319488817891374,0.246835443037975,0.00628930817610063,0.854199683042789,0.677215189873418,0.225552050473186,0.221169036334913,0.232704402515723,0.222397476340694,0.0511182108626198,0.77511961722488,0.234426229508197,0.25508607198748,0.466248037676609,0.235202492211838,0.221003134796238,0.254746835443038,0.00311526479750779,0.00461538461538462,0.245454545454545,0.0015527950310559,0.758293838862559,0.00317965023847377,0.2608,0.674267100977199,0.713153724247227,0.800312012480499,0.282296650717703,0.00473186119873817,0.824261275272162,0.216429699842022,0.225552050473186,0.522082018927445,0.769347496206373,0.707575757575758,0.729393468118196,0.492706645056726,0.776212832550861,0.748417721518987,0.672868217054264,0.692431561996779,0.46129541864139,0.777424483306836,0.00320512820512821,0.772655007949126,0.882825040128411,0.215434083601286,0.593004769475358,0.878086419753086,0.524879614767255,0.345256609642302,0.238317757009346,0.275244299674267,0.224,0.216612377850163,0.227053140096618,0.547049441786284,0.613672496025437,0.232594936708861,0.782945736434108,0.772307692307692,0.349282296650718,0.0046875,0.211598746081505,0.230283911671924,0.00317965023847377,0.766721044045677,0.00316455696202532,0.255924170616114,0.00492610837438424,0.248447204968944,0.218500797448166,0.770769230769231,0.352941176470588,0.218944099378882,0.567043618739903,0.589424572317263,0.328990228013029,0.00317460317460317,0.00314465408805031,0.28881469115192,0.284210526315789,0.233807266982622,0.00464396284829721,0.00462962962962963,0.771474878444084,0.686244204018547,0.571428571428571,0.00471698113207547,0.614896988906498,0.00462962962962963,0.279552715654952,0.226415094339623,0.771615008156607,0.696594427244582,0.00462962962962963,0.662884927066451,0.510268562401264,0.331230283911672,0.261275272161742,0.44620253164557,0.777080062794348,0.238325281803543,0.0965189873417722,0.221674876847291,0.00160513643659711,0.217125382262997,0.00317460317460317,0.22168284789644,0.772435897435897,0.477759472817133,0.00317965023847377,0.0016260162601626,0.359937402190923,0.277867528271405,0.264475743348983,0.46594427244582,0.794117647058823,0.764044943820225,0.343499197431782,0.313846153846154,0.00162074554294976,0.784469096671949,0.243670886075949,0.00309597523219814,0.239273927392739,0.252730109204368,0.767295597484277,0.0141065830721003,0.766091051805338,0.216640502354788,0.57097288676236,0.73968253968254,0.730578512396694,0.735202492211838,0.493485342019544,0.767080745341615,0.229166666666667,0.00316455696202532,0.461904761904762,0.230889235569423,0.00479233226837061,0.0031104199066874,0.78858024691358,0.00315955766192733,0.773584905660377,0.213607594936709,0.463295269168026,0.782958199356913,0.778491171749599,0.681458003169572,0.256821829855538,0.674418604651163,0.0126582278481013,0.779050736497545,0.0651465798045603,0.0141955835962145,0.00312989045383412,0.654952076677316,0.762269938650307,0.763955342902711,0.762790697674419,0.775,0.0125984251968504,0.0189873417721519,0.787735849056604,0.0110935023771791,0.00483091787439614,0.0348101265822785,0.0172684458398744,0.0111287758346582,0.77938808373591,0.0204081632653061,0.776143790849673,0.774244833068362,0.0129032258064516,0.77115987460815,0.059190031152648,0.779014308426073,0.718354430379747,0.775541795665635,0.764516129032258
"263",0.9967585089141,1,0.978021978021978,0.940226171243942,0.983416252072968,1,0.896440129449838,0.977491961414791,1,0,1,0,0.5744,1,0.0429252782193959,0.00792393026941363,0,0.0191082802547771,0.996742671009772,0.98256735340729,0.164012738853503,0.0298013245033113,0.990506329113924,0,0.954113924050633,0.2592,0.105431309904153,0.98546042003231,0.464506172839506,0.696485623003195,0,0.690363349131122,0.770597738287561,0.272727272727273,0,1,0.0206022187004754,0.995230524642289,0.263318112633181,0.9078125,0.00159744408945687,0.0188679245283019,0.00784929356357928,1,0.789297658862876,0.0211038961038961,0.517017828200972,0,0.46749226006192,0.133333333333333,0,0.991922455573506,0.274167987321712,1,0.881685575364668,0.172077922077922,0,0.974358974358974,0.962441314553991,0.896713615023474,0.29153605015674,0.438871473354232,0,0,0.913680781758958,0.842767295597484,0,0.988906497622821,0,0,0.858267716535433,0.0063391442155309,0.0176282051282051,1,0,0.728549141965679,0.0411392405063291,0.570093457943925,0.900813008130081,0.274247491638796,0,0.710443037974684,0.217928902627512,0.998444790046656,0.112519809825674,0.917981072555205,0.996845425867508,0.971428571428571,0.9712,0.00930232558139535,0.987138263665595,1,0,0,0.970826580226904,0,0.299050632911392,0.979655712050078,0.0078003120124805,0.00950871632329636,0.607717041800643,0,0.291734197730956,1,0.101851851851852,1,0.0096,0.979299363057325,0,0.00793650793650794,0.00941915227629513,0.906940063091483,0.340764331210191,0.990415335463259,0,0.987321711568938,0.70952380952381,0,0,0.224719101123595,0,0.767145135566188,0.262738853503185,0.065359477124183,0.974603174603175,0.146417445482866,0.998412698412698,0.995215311004785,0,0.549763033175355,0.935379644588045,0.491114701130856,0.988673139158576,0,0.995114006514658,0.0218408736349454,0,0.217179902755267,0.621138211382114,0.527687296416938,0,0,0.979299363057325,0.763322884012539,0.169657422512235,1,0.00641025641025641,0.92246835443038,0.42604501607717,0.984326018808777,0.140322580645161,0.980707395498392,1,0.836220472440945,0.993620414673046,0,1,0,0,0.758116883116883,0.869905956112853,0.977883096366509,0.0189274447949527,0,1,0.457236842105263,1,1,1,0.279106858054226,0.976415094339623,0.00161030595813205,0.951486697965571,0,0.895765472312704,0.373608903020668,0,0.980613893376414,0,0.855345911949686,1,0.1232,0.981220657276995,0.950949367088608,0.989230769230769,0.982649842271293,0.0955414012738854,0.383411580594679,0.925081433224756,0.940397350993378,0.0520504731861199,0.00471698113207547,0.980230642504119,0.849840255591054,0,0,0.306962025316456,0.00158982511923688,1,0.260663507109005,0.877022653721683,0.761310452418097,0.990668740279938,0.444264943457189,0.434439178515008,0.293460925039872,0.925278219395866,0.962722852512156,0.881064162754304,0,0.888364779874214,0.178861788617886,0.938906752411576,0,0.0672926447574335,0.544303797468354,0.979166666666667,0.976744186046512,0.829073482428115,0.998422712933754,0.905063291139241,0,0.0694006309148265,0.6640625,0.993485342019544,0,0.9921875,0.981220657276995,0.556818181818182,0.545886075949367,0.988853503184713,1,0.365971107544141,0,0.889580093312597,0.537096774193548,0.972357723577236,0,0.957006369426752,1,1,0.95024077046549,0.5328125,0.00161550888529887,0.973186119873817,0.540284360189573,0.00458715596330275,0.0015552099533437,0.195439739413681,0,0.154340836012862,0.671850699844479,0,0.00474683544303797,0.00946372239747634,0.601866251944012,0.0414673046251994,0.985668789808917,0.00961538461538462,0,0,0.222042139384117,1,0.976076555023923,0.9024,0,0.872990353697749,0.867834394904459,0.690590111642743,0.605345911949686,0.460063897763578,0.456591639871383,0.00956937799043062,1,0.0993690851735016,0.707037643207856,0.968354430379747,0.0125588697017268,0.752791068580542,0.00158227848101266,0.119309262166405,1,1,0.888707037643208,0,0.657770800627943,0.880452342487884,0,0,0.896713615023474,0.980830670926518,0,0.0015748031496063,0.00157728706624606,0.978688524590164,0.879478827361563,0,0,0.394276629570747,0.988727858293076,0.804347826086957,0.3968,0.658496732026144,0.965678627145086,0.00956937799043062,1,1,0.00807754442649435,0.966824644549763,1,0.969745222929936,0.998422712933754,0.180817610062893,0.316535433070866,0.292604501607717,0.980165289256198,0.940298507462687,0.0480769230769231,0.260450160771704,0.973270440251572,0.148969889064976,0.303875968992248,0.993680884676145,0.998394863563403,0.968253968253968,0.706953642384106,0.996899224806202,0.244299674267101,0.96513470681458,0.996774193548387,0,0.328149300155521,0.554662379421222,0.0176565008025682,0.0524642289348172,0.00773993808049536,0.910377358490566,0.0235109717868339,0,0,0.220985691573927,0.990415335463259,0.0743670886075949,0.986928104575163,0.96984126984127,0.988617886178862,0.291530944625407,0.292079207920792,0.6624,0.462295081967213,0,0.829346092503987,0.014018691588785,0.0401234567901235,0.197767145135566,1,0.00158478605388273,0,0.336492890995261,0.0125195618153365,0.0210355987055016,0.469354838709677,1,0.285714285714286,1,0.96656050955414,0,0.992354740061162,0,0.998439937597504,0.830482115085537,1,0.012779552715655,0.974960876369327,0,0.892455858747994,0.71658615136876,0.957680250783699,0.98740157480315,0.996774193548387,0.300319488817891,0.969205834683955,1,0,0.0237341772151899,1,1,0.333863275039746,0.892063492063492,0.963636363636364,0.952978056426332,1,0,0.113268608414239,1,0.00161812297734628,0,0.970967741935484,0.00981996726677578,0.0453074433656958,1,0.9728,0.0032258064516129,0.64,0.428115015974441,0.982371794871795,0.00164203612479475,0.866028708133971,0.996747967479675,0.367909238249595,0.617924528301887,0.782324058919804,0,0.168,0.978792822185971,0.998389694041868,0.449206349206349,1,0.972649572649573,0.0286168521462639,0.0016025641025641,0.981424148606811,0.9952,0.948220064724919,0.684292379471229,0.00806451612903226,0.869634340222575,0.249206349206349,0.174629324546952,0.00630914826498423,0.624600638977636,0.601286173633441,0.615987460815047,0,0.292763157894737,0.911858974358974,0.633333333333333,0.527472527472527,0.0770392749244713,0,0,1,0.969889064976228,0,0.922222222222222,0.00815660685154975,0,0,0.998387096774194,0,1,0.771065182829889,0.534992223950233,1,0,0,0.991961414790997,0.957878315132605,0.736757624398074,0,0.0032258064516129,0.878125,0.611801242236025,1,0.534700315457413,0.345659163987138,0,0.982866043613707,0,0.951298701298701,0.0901771336553945,0,0.00925925925925926,0.116057233704293,0.494077834179357,0.977848101265823,0,0.95440251572327,0.973101265822785,1,0,0.0674157303370786,0.927609427609428,0.00488599348534202,1,1,0.00797448165869218,1,0.296998420221169,0.807692307692308,0.00797448165869218,0.166134185303514,0.96031746031746,0.0094488188976378,0,0.971786833855799,0.00816993464052288,0.663414634146341,0.392857142857143,0,0.113029827315542,0.738636363636364,0.273301737756714,0.973143759873618,0,0.149136577708006,0.458609271523179,0.942006269592476,0.88390092879257,0.968253968253968,0.749596122778675,0,0.982839313572543,0,0.967032967032967,0.392220421393841,0,1,1,1,0.628205128205128,0.9859375,0.133012820512821,0.192368839427663,0.941732283464567,0.879807692307692,0,0,0.99025974025974,0.934210526315789,0.014446227929374,0.985221674876847,0.99203821656051,0.36833855799373,0.935064935064935,0.749190938511327,0.886075949367089,0,0.966453674121406,0.346709470304976,1,0.998402555910543,0,0.647909967845659,0.977198697068404,0,0.679611650485437,0.387658227848101,0.808049535603715,0.68621236133122,0.958397534668721,0.0842433697347894,0.981996726677578,1,0.979462875197472,0.300492610837438,0.0917721518987342,0.990506329113924,1,0.0062015503875969,0.789638932496075,0.462145110410095,0.261146496815287,0.765079365079365,1,0.883096366508689,1,0.131172839506173,0,0,0.818619582664527,0.0032,0,0.28503937007874,0,0.987341772151899,0.914463452566096,0.998407643312102,0.996899224806202,0.0906148867313916,0,0,0,0.17258064516129,0.0674157303370786,0.156606851549755,0,0,1,0.00628930817610063,0.29073482428115,1,0.583333333333333,0.97092084006462,0.663507109004739,0.636363636363636,0,1,0.408,0.516962843295638,0.928012519561815,0.9890625,0.3952,0.0078740157480315,0.953150242326333,0.955453149001536,0,0.970769230769231,0.0110935023771791,0.986798679867987,0.426984126984127,0,0.00634920634920635,0.53156146179402,0.84329563812601,0,0.128455284552846,0.00947867298578199,0.00165837479270315,0.746894409937888,0.0257648953301127,1,0.32967032967033,0.993690851735016,0,0.369327073552426,0.329563812600969,0.878289473684211,0.0952380952380952,0.00320512820512821,0.00315457413249211,0.0327332242225859,0,0.996941896024465,0.040983606557377,0.984423676012461,0.00489396411092985,1,0,0.512539184952978,0.467637540453074,1,0,1,0,0.401315789473684,0.987519500780031,0,0.657232704402516,0.979133226324238,0.733226837060703,0.949919224555735,0.032967032967033,0,1,0.2672,0,0.690966719492868,0,0.0173775671406003,1,1,0.990639625585023,0.972624798711755,0.979032258064516,0,0.982484076433121,0.01875,0.360629921259843,0.292063492063492,0.992050874403816,0.990445859872611,0.993855606758833,0.992175273865415,0.0581761006289308,0.0157977883096366,0.983552631578947,0.958795562599049,0.725155279503106,0.977777777777778,1,0.973101265822785,0,0,0.980152671755725,0,0.0627943485086342,0,0.958333333333333,0.288524590163934,0.212071778140294,0.121259842519685,0.9216,0,0.108661417322835,1,1,0.633173843700159,0.432926829268293,0.21580547112462,0.1828125,0.645424836601307,0,0.125200642054575,0.552215189873418,0.250403877221325,0.703125,0.00967741935483871,0,0,0.324590163934426,1,0.617460317460317,0.229329173166927,0.62379421221865,0.878930817610063,0.98613251155624,0.959016393442623,0.980487804878049,1,1,0.552922590837283,0.4181240063593,0.998397435897436,0.00618238021638331,0.010989010989011,0.881789137380192,0.0108527131782946,1,0.971383147853736,0,0.116883116883117,0,0.948220064724919,0,0.971786833855799,1,0.00619195046439629,0.842787682333874,1,0.665024630541872,0.6192,0.882825040128411,0,0,0.936378466557912,0.950617283950617,0.990491283676704,0,0,0,0.236111111111111,0.501582278481013,0,0.460191082802548,0,0.920840064620355,1,0.154471544715447,0.24405705229794,0,0.353996737357259,0.587579617834395,0.873801916932907,0.970266040688576,0.782193958664547,0,0.987075928917609,0.0142857142857143,1,0,0.984567901234568,0.00642054574638844,1,0.0211726384364821,0.00807754442649435,0,0,0.832278481012658,0.933870967741935,0.939721792890263,0.721792890262751,0.0263975155279503,0.00322061191626409,0.821717990275527,0.839506172839506,0,0.0144927536231884,0.967897271268058,0,0.983739837398374,0.961360123647604,0.0645669291338583,0.0423197492163009,0.00158730158730159,1,0.471636952998379,0.0755627009646302,0.104669887278583,0.108320251177394,0.711920529801324,0.0985915492957746,1,0,0.775641025641026,0.982919254658385,0.00486223662884927,0,0,0,0,1,0.719269102990033,0,0,0.543408360128617,0.962783171521036,0.43171114599686,0.0518053375196232,0.00161812297734628,0.0554649265905383,0.0207006369426752,0,0.0306946688206785,0.00464396284829721,0.00161812297734628,0.00952380952380952,0,0.0507364975450082,0.0592823712948518,0.0142405063291139,0.0221518987341772,0.00482315112540193,0.0286168521462639,0.0282131661442006,0.0585443037974684,0.00631911532385466,0.0235849056603774,0,0.00319488817891374,0.0465489566613162,0.00645161290322581,0.028125,0,0.0317460317460317,0.00153609831029186,0.00160513643659711
"264",0.979233226837061,0.9796875,0.958139534883721,0.925806451612903,0.969255663430421,0.980830670926518,0.871632329635499,0.956386292834891,0.984567901234568,0,0.979719188767551,0,0.566246056782334,0.97752808988764,0.0654205607476635,0.031055900621118,0,0.014308426073132,0.9792663476874,0.959375,0.181395348837209,0.0487804878048781,0.973724884080371,0,0.948916408668731,0.263406940063092,0.133858267716535,0.969305331179321,0.492354740061162,0.678899082568807,0.0203442879499218,0.70015455950541,0.7632,0.307692307692308,0,0.97933227344992,0.0109717868338558,0.975346687211094,0.279635258358663,0.891975308641975,0,0.015527950310559,0.00469483568075117,0.980982567353407,0.778140293637847,0.0444444444444444,0.524409448818898,0.0157232704402516,0.470137825421133,0.156105100463679,0,0.97626582278481,0.289922480620155,0.978125,0.864353312302839,0.179650238473768,0,0.954113924050633,0.942812982998454,0.894409937888199,0.305511811023622,0.459715639810427,0.0221518987341772,0,0.888178913738019,0.821981424148607,0,0.963722397476341,0,0.0191387559808612,0.849923430321593,0.026813880126183,0.0376175548589342,0.982866043613707,0,0.713846153846154,0.062015503875969,0.576802507836991,0.890701468189233,0.276948590381426,0,0.713395638629283,0.223241590214067,0.976635514018692,0.130503144654088,0.902290076335878,0.973270440251572,0.959752321981424,0.961240310077519,0.00606060606060606,0.968304278922345,0.977952755905512,0,0,0.94912559618442,0,0.304347826086957,0.965625,0.00309597523219814,0.00470219435736677,0.614307931570762,0,0.291731669266771,0.975922953451043,0.11937984496124,0.9824,0.0062992125984252,0.958990536277603,0.0222575516693164,0.0280811232449298,0.0279503105590062,0.889589905362776,0.354330708661417,0.984472049689441,0,0.966153846153846,0.717628705148206,0,0.0216049382716049,0.254317111459969,0,0.77602523659306,0.263823064770932,0.0913461538461538,0.962382445141066,0.165634674922601,0.977099236641221,0.990566037735849,0,0.54,0.920760697305864,0.5,0.977564102564103,0,0.972886762360447,0.0370942812982998,0,0.227906976744186,0.647798742138365,0.512038523274478,0,0,0.962616822429907,0.768273716951788,0.181380417335474,0.979623824451411,0.0234009360374415,0.90894819466248,0.418641390205371,0.966514459665145,0.155088852988691,0.985849056603774,0.985714285714286,0.815789473684211,0.9703125,0.0205371248025276,0.979938271604938,0.026813880126183,0,0.7421875,0.855161787365177,0.960691823899371,0.0470957613814757,0,0.978328173374613,0.459677419354839,0.982258064516129,0.979782270606532,0.978260869565217,0.301829268292683,0.959375,0.0217054263565891,0.927131782945736,0.0226928895612708,0.892628205128205,0.38006230529595,0,0.965891472868217,0,0.846034214618974,0.976780185758514,0.140350877192982,0.961059190031153,0.944186046511628,0.966309341500766,0.954828660436137,0.117004680187207,0.391830559757943,0.923930269413629,0.92822966507177,0.0700934579439252,0.0236220472440945,0.961038961038961,0.842349304482226,0,0,0.300940438871473,0,0.977099236641221,0.277349768875193,0.870662460567823,0.758887171561051,0.970588235294118,0.439252336448598,0.461059190031153,0.305825242718447,0.89968152866242,0.942947702060222,0.871913580246914,0,0.869767441860465,0.196513470681458,0.931637519872814,0.0220820189274448,0.0898021308980213,0.524256651017214,0.949526813880126,0.957746478873239,0.826771653543307,0.979876160990712,0.885220125786163,0,0.0941915227629513,0.670731707317073,0.974683544303797,0,0.974164133738602,0.963581183611533,0.534267912772586,0.567026194144838,0.966876971608833,0.97752808988764,0.34984520123839,0,0.872340425531915,0.529780564263323,0.953451043338684,0.0171073094867807,0.947368421052632,0.97741935483871,0.977777777777778,0.942277691107644,0.530232558139535,0.0258064516129032,0.952904238618524,0.552425665101721,0.0260336906584992,0.0153374233128834,0.207062600321027,0.0219092331768388,0.170926517571885,0.664634146341463,0.0200308166409861,0.0218068535825545,0.0230414746543779,0.582822085889571,0.0568181818181818,0.970358814352574,0.00798722044728434,0.0188976377952756,0,0.238095238095238,0.976076555023923,1,0.896124031007752,0,0.861904761904762,0.837245696400626,0.691338582677165,0.605678233438486,0.460218408736349,0.469483568075117,0.0062015503875969,0.982484076433121,0.110419906687403,0.710355987055016,0.948517940717629,0.0336391437308868,0.735849056603774,0.0266875981161695,0.142410015649452,0.975497702909648,0.977382875605816,0.872641509433962,0,0.638972809667674,0.859649122807018,0,0.0213089802130898,0.875766871165644,0.968354430379747,0,0.0200927357032458,0.0217054263565891,0.966129032258065,0.870813397129187,0.0211382113821138,0,0.372274143302181,0.973143759873618,0.785276073619632,0.408320493066256,0.650793650793651,0.937597503900156,0.0283464566929134,0.975609756097561,0.978125,0.0251968503937008,0.952012383900929,0.977917981072555,0.961038961038961,0.973143759873618,0.184834123222749,0.330203442879499,0.301242236024845,0.958795562599049,0.920065252854812,0.0389408099688473,0.290880503144654,0.967084639498433,0.163779527559055,0.328767123287671,0.976114649681529,0.977777777777778,0.948995363214838,0.705696202531646,0.975116640746501,0.263910969793323,0.953775038520801,0.977707006369427,0,0.335375191424196,0.5344,0.0410742496050553,0.0422535211267606,0.0289193302891933,0.891304347826087,0.0417956656346749,0.0216383307573416,0,0.236677115987461,0.9826224328594,0.0909090909090909,0.973770491803279,0.95748031496063,0.966876971608833,0.290064102564103,0.302250803858521,0.680817610062893,0.474295190713101,0,0.828616352201258,0.0336391437308868,0.049079754601227,0.21978021978022,0.979299363057325,0.0228658536585366,0,0.342146189735614,0.0326086956521739,0.0427892234548336,0.474683544303797,0.982484076433121,0.288492706645057,0.978930307941653,0.955342902711324,0,0.971556886227545,0.0152439024390244,0.97593984962406,0.836193447737909,0.9824,0.0330708661417323,0.964615384615385,0.0184899845916795,0.8703125,0.712218649517685,0.927469135802469,0.971698113207547,0.975,0.3078125,0.9515625,0.978494623655914,0.0260336906584992,0.0455259026687598,0.980861244019139,0.981220657276995,0.334384858044164,0.868217054263566,0.938538205980066,0.944099378881988,0.978560490045942,0,0.124600638977636,0.979750778816199,0.0251968503937008,0,0.952229299363057,0.00476947535771065,0.0690737833594976,0.980061349693252,0.95583596214511,0,0.614285714285714,0.419558359621451,0.964686998394864,0.0257234726688103,0.856687898089172,0.977777777777778,0.396468699839486,0.608964451313756,0.779179810725552,0,0.17981072555205,0.960063897763578,0.973561430793157,0.458528951486698,0.977029096477795,0.951827242524917,0.0517241379310345,0,0.96594427244582,0.971653543307087,0.941640378548896,0.701078582434515,0.0251177394034537,0.855784469096672,0.244167962674961,0.177631578947368,0.00315457413249211,0.631329113924051,0.602484472049689,0.60741885625966,0,0.302066772655008,0.904388714733542,0.646153846153846,0.530139103554869,0.0809595202398801,0,0,0.977307110438729,0.955521472392638,0,0.906103286384977,0.00802568218298555,0,0,0.985759493670886,0,0.982371794871795,0.766881028938907,0.513803680981595,0.978260869565217,0,0,0.975039001560062,0.938345864661654,0.736760124610592,0.0186046511627907,0.0015625,0.855606758832565,0.597859327217125,0.978193146417445,0.54601226993865,0.359872611464968,0,0.959438377535101,0.0221870047543582,0.94488188976378,0.107371794871795,0,0.0321592649310873,0.120443740095087,0.482701812191104,0.962790697674419,0,0.935085007727975,0.959438377535101,0.978328173374613,0,0.0958466453674121,0.916256157635468,0.032626427406199,0.9765625,0.976923076923077,0.0277349768875193,0.981191222570533,0.31055900621118,0.79375,0.0282574568288854,0.173139158576052,0.948837209302326,0.00626959247648903,0.0234009360374415,0.958715596330275,0.0270700636942675,0.6688,0.398724082934609,0,0.136363636363636,0.736089030206677,0.264296754250386,0.9625,0.0172413793103448,0.164341085271318,0.457990115321252,0.937595129375951,0.871016691957511,0.947286821705426,0.750798722044728,0,0.966049382716049,0.0183767228177642,0.952681388012618,0.393312101910828,0.0186046511627907,0.976780185758514,0.979591836734694,0.978021978021978,0.645669291338583,0.965678627145086,0.142172523961661,0.205047318611987,0.928792569659443,0.862559241706161,0,0,0.980707395498392,0.930379746835443,0.035031847133758,0.960191082802548,0.968652037617555,0.366771159874608,0.923566878980892,0.717252396166134,0.865947611710324,0,0.946875,0.331761006289308,0.972929936305732,0.981279251170047,0,0.651898734177215,0.958532695374801,0.0189873417721519,0.69826224328594,0.393135725429017,0.803030303030303,0.67601246105919,0.939393939393939,0.102134146341463,0.956591639871383,0.978193146417445,0.96551724137931,0.301794453507341,0.109567901234568,0.9671875,0.976744186046512,0.00154798761609907,0.788018433179724,0.467175572519084,0.27244094488189,0.75,0.978021978021978,0.868253968253968,0.981481481481482,0.124223602484472,0.0227642276422764,0,0.81687898089172,0.0267716535433071,0.0220125786163522,0.281200631911532,0,0.978260869565217,0.905718701700155,0.974882260596546,0.976708074534162,0.106583072100313,0.0205047318611987,0,0,0.186900958466454,0.0936507936507937,0.177847113884555,0,0.0200927357032458,0.979782270606532,0.0187207488299532,0.296,0.976152623211447,0.5796875,0.957345971563981,0.657450076804916,0.632465543644717,0,0.980568011958146,0.4,0.5,0.904468412942989,0.973886328725038,0.407176287051482,0.00307692307692308,0.941269841269841,0.942635658914729,0,0.960122699386503,0.0354391371340524,0.972131147540984,0.437990580847724,0,0.00467289719626168,0.525619834710744,0.821086261980831,0.0231839258114374,0.15,0.00778816199376947,0,0.736600306278714,0.037914691943128,0.978827361563518,0.327131782945736,0.975384615384615,0.0200927357032458,0.381172839506173,0.354889589905363,0.854838709677419,0.117174959871589,0.0218068535825545,0.00158478605388273,0.0613207547169811,0,0.977099236641221,0.0531400966183575,0.964992389649924,0.0283018867924528,0.975922953451043,0,0.516228748068006,0.482539682539683,0.976452119309262,0,0.978494623655914,0,0.406995230524642,0.984732824427481,0,0.634556574923547,0.956318252730109,0.752336448598131,0.939778129952456,0.0558139534883721,0,0.976708074534162,0.269968051118211,0,0.690737833594976,0.0168970814132104,0.0357698289269051,0.974522292993631,0.984152139461173,0.973886328725038,0.957878315132605,0.970219435736677,0,0.957345971563981,0.0184049079754601,0.344667697063369,0.296238244514107,0.975039001560062,0.968304278922345,0.972093023255814,0.971036585365854,0.0470219435736677,0.0393700787401575,0.962722852512156,0.947449768160742,0.726006191950464,0.959247648902821,0.976635514018692,0.956112852664577,0,0,0.965361445783133,0,0.0840978593272171,0,0.944620253164557,0.279742765273312,0.218446601941748,0.140625,0.896,0,0.127329192546584,0.979591836734694,0.975232198142415,0.62992125984252,0.419161676646707,0.228017883755589,0.199081163859112,0.670886075949367,0.0201863354037267,0.146417445482866,0.542319749216301,0.28,0.707055214723926,0.0296875,0,0.0225442834138486,0.311290322580645,0.98546042003231,0.615030674846626,0.241691842900302,0.635528330781011,0.869158878504673,0.973684210526316,0.942766295707472,0.963081861958267,0.977382875605816,0.976114649681529,0.559190031152648,0.422955974842767,0.973186119873817,0.024132730015083,0.0277349768875193,0.865740740740741,0.0062111801242236,0.98297213622291,0.956318252730109,0,0.131921824104235,0,0.93730407523511,0,0.959501557632399,0.979719188767551,0.0249221183800623,0.810810810810811,0.978328173374613,0.642969984202212,0.622670807453416,0.849683544303797,0,0,0.903436988543372,0.929955290611028,0.970769230769231,0,0,0.0174050632911392,0.254160363086233,0.509259259259259,0,0.451713395638629,0,0.92109500805153,0.97456279809221,0.168238993710692,0.248073959938367,0,0.343898573692552,0.600315955766193,0.858914728682171,0.952234206471495,0.780063291139241,0.0249609984399376,0.9712,0.0127388535031847,0.982258064516129,0,0.961832061068702,0.0046875,0.977309562398703,0.0441640378548896,0.0224719101123595,0,0,0.818885448916409,0.915470494417863,0.925581395348837,0.708333333333333,0.043010752688172,0.0192,0.832807570977918,0.828967642526965,0,0.0391236306729265,0.961119751166407,0,0.962540716612378,0.941538461538462,0.0832049306625578,0.0374414976599064,0.0234009360374415,0.977029096477795,0.48792270531401,0.0938967136150235,0.126602564102564,0.129485179407176,0.705128205128205,0.11353032659409,0.977742448330684,0,0.750778816199377,0.960876369327074,0.00317965023847377,0,0.0225563909774436,0,0.0234009360374415,0.976635514018692,0.713141025641026,0.0126984126984127,0.0160513643659711,0.538341158059468,0.947452229299363,0.45468509984639,0.0438871473354232,0.0241157556270096,0.0493630573248408,0.0125588697017268,0,0.0431309904153355,0.0228658536585366,0.0251968503937008,0.0341085271317829,0.021671826625387,0.0458135860979463,0.0497667185069984,0.0386398763523957,0.014018691588785,0.00475435816164818,0.0204081632653061,0.0185185185185185,0.0498442367601246,0.0326594090202177,0.0156739811912226,0.0210016155088853,0.0205371248025276,0.0427215189873418,0.0265210608424337,0.0217054263565891,0.0230769230769231,0.0427892234548336,0.0225563909774436,0.025
"265",0.89622641509434,0.894080996884735,0.897239263803681,0.874003189792663,0.90224358974359,0.910543130990415,0.833333333333333,0.9015625,0.894171779141104,0,0.901869158878505,0,0.606531881804043,0.903937007874016,0.140378548895899,0.109737248840804,0,0.0109204368174727,0.898089171974522,0.890262751159196,0.256211180124224,0.13452188006483,0.886645962732919,0,0.884735202492212,0.352941176470588,0.201267828843106,0.900158478605388,0.517665130568356,0.703245749613601,0.103076923076923,0.701863354037267,0.759811616954474,0.371517027863777,0,0.904088050314465,0.0200617283950617,0.897356143079316,0.333333333333333,0.836923076923077,0.00157977883096367,0.0110062893081761,0.00306748466257669,0.901587301587302,0.800970873786408,0.11496062992126,0.585055643879173,0.0993690851735016,0.528072837632777,0.200303490136571,0,0.910236220472441,0.354391371340524,0.904836193447738,0.821371610845295,0.252380952380952,0,0.882352941176471,0.875195007800312,0.869905956112853,0.383045525902669,0.485271317829457,0.0969793322734499,0,0.829073482428115,0.782407407407407,0,0.894080996884735,0,0.0941915227629513,0.937404580152672,0.088646967340591,0.112480739599384,0.906298003072197,0,0.722650231124807,0.129230769230769,0.612307692307692,0.853968253968254,0.3442088091354,0,0.723076923076923,0.30441400304414,0.900153609831029,0.201848998459168,0.874608150470219,0.898928024502297,0.893518518518518,0.893518518518518,0.00768049155145929,0.902053712480253,0.891304347826087,0,0,0.895734597156398,0,0.35548686244204,0.885802469135803,0.00613496932515337,0.00623052959501558,0.653125,0,0.361198738170347,0.895734597156398,0.202127659574468,0.897727272727273,0.00792393026941363,0.897832817337461,0.111811023622047,0.104361370716511,0.104199066874028,0.843653250773994,0.390282131661442,0.905511811023622,0,0.911179173047473,0.728260869565217,0,0.102760736196319,0.305863708399366,0,0.763608087091757,0.327073552425665,0.173076923076923,0.934782608695652,0.241538461538462,0.901664145234493,0.910798122065728,0,0.602150537634409,0.894984326018809,0.508038585209003,0.896988906497623,0,0.891025641025641,0.116030534351145,0,0.295886075949367,0.666666666666667,0.567567567567568,0,0,0.904538341158059,0.774844720496894,0.2592,0.899843505477308,0.0993690851735016,0.877138413685848,0.450320512820513,0.901515151515151,0.223113964686998,0.890965732087227,0.906349206349206,0.815384615384615,0.894654088050314,0.0916398713826367,0.900306748466258,0.1008,0,0.731554160125589,0.828746177370031,0.877519379844961,0.111455108359133,0,0.904836193447738,0.505546751188589,0.903225806451613,0.899691358024691,0.897990726429675,0.381538461538462,0.901408450704225,0.106918238993711,0.880121396054628,0.102719033232628,0.849529780564263,0.463901689708141,0,0.892018779342723,0,0.8078125,0.89622641509434,0.192982456140351,0.913385826771654,0.891603053435114,0.895295902883156,0.890262751159196,0.184496124031008,0.420489296636086,0.963492063492064,0.877165354330709,0.154929577464789,0.104776579352851,0.90032154340836,0.810725552050473,0,0,0.3828125,0.0015527950310559,0.899691358024691,0.325190839694657,0.82574568288854,0.7357910906298,0.916540212443096,0.499212598425197,0.47906976744186,0.376788553259142,0.846635367762128,0.876996805111821,0.840557275541796,0,0.840490797546012,0.273905996758509,0.910658307210031,0.102325581395349,0.171732522796353,0.585023400936037,0.913178294573643,0.897280966767372,0.800623052959502,0.916158536585366,0.838304552590267,0,0.176656151419558,0.687692307692308,0.895569620253165,0,0.896604938271605,0.898330804248862,0.602782071097372,0.568111455108359,0.889240506329114,0.907496012759171,0.420970266040689,0,0.830769230769231,0.55054432348367,0.902755267423015,0.0933125972006221,0.888719512195122,0.896496815286624,0.896764252696456,0.881804043545879,0.582689335394127,0.10223642172524,0.903125,0.602782071097372,0.10790273556231,0.100917431192661,0.267828843106181,0.0998439937597504,0.230769230769231,0.693009118541033,0.10061919504644,0.103975535168196,0.0966257668711656,0.637614678899083,0.134304207119741,0.917445482866044,0.00632911392405063,0.0919003115264797,0,0.301261829652997,0.9024,0.896124031007752,1,0,0.836304700162075,0.798780487804878,0.707086614173228,0.616822429906542,0.492979719188768,0.474522292993631,0.0078003120124805,0.894568690095847,0.182389937106918,0.707592891760905,0.89937106918239,0.112828438948995,0.763693270735524,0.10061919504644,0.207751937984496,0.907153729071537,0.896272285251216,0.84887459807074,0,0.684532924961715,0.819047619047619,0,0.105343511450382,0.82701062215478,0.905362776025237,0,0.0961240310077519,0.101088646967341,0.897271268057785,0.857371794871795,0.0980707395498392,0,0.435257410296412,0.900943396226415,0.766412213740458,0.43944099378882,0.704761904761905,0.874806800618238,0.116169544740973,0.905053598774885,0.903576982892691,0.0949367088607595,0.887323943661972,0.89873417721519,0.877221324717286,0.913312693498452,0.264385692068429,0.37888198757764,0.358372456964006,0.887122416534181,0.86677367576244,0.0453834115805947,0.338095238095238,0.886614173228346,0.2578125,0.373313343328336,0.901716068642746,0.897196261682243,0.903276131045242,0.708333333333333,0.895865237366003,0.328593996840442,0.896024464831804,0.903481012658228,0,0.403697996918336,0.563492063492063,0.105180533751962,0.0435458786936236,0.108231707317073,0.853846153846154,0.117737003058104,0.1,0,0.316770186335404,0.901098901098901,0.1609375,0.902086677367576,0.905956112852665,0.911392405063291,0.364779874213836,0.366666666666667,0.698587127158556,0.490196078431373,0,0.804043545878694,0.101823708206687,0.125,0.277519379844961,0.916403785488959,0.101088646967341,0,0.409160305343511,0.102325581395349,0.125396825396825,0.509316770186335,0.905660377358491,0.341772151898734,0.90032154340836,0.865414710485133,0,0.900445765230312,0.100917431192661,0.899691358024691,0.808176100628931,0.904458598726115,0.103610675039246,0.874039938556068,0.0941915227629513,0.822884012539185,0.744,0.874418604651163,0.906976744186046,0.895238095238095,0.375987361769352,0.883830455259027,0.9,0.0998463901689708,0.114241001564945,0.897151898734177,0.892744479495268,0.394366197183099,0.823802163833076,0.9072,0.892141756548536,0.907834101382488,0,0.198098256735341,0.900306748466258,0.112519809825674,0,0.900473933649289,0.00798722044728434,0.14218009478673,0.890769230769231,0.8921875,0.00318471337579618,0.653250773993808,0.499219968798752,0.898089171974522,0.090032154340836,0.834130781499203,0.894154818325434,0.448598130841121,0.643962848297214,0.803767660910518,0,0.246489859594384,0.896331738437002,0.905426356589147,0.52112676056338,0.909090909090909,0.896147403685092,0.117924528301887,0.00155038759689922,0.892307692307692,0.89937106918239,0.882534775888717,0.710566615620214,0.0917573872472784,0.832543443917852,0.333848531684699,0.249592169657423,0.00313971742543171,0.657728706624606,0.714285714285714,0.658499234303216,0,0.348242811501597,0.84984520123839,0.68140243902439,0.549689440993789,0.152818991097923,0,0,0.902985074626866,0.880989180834621,0,0.874804381846635,0.00473186119873817,0,0,0.901408450704225,0,0.900943396226415,0.769470404984424,0.57469512195122,0.905343511450382,0,0,0.900466562986003,0.878419452887538,0.733644859813084,0.0934150076569678,0.00163398692810458,0.81591263650546,0.643625192012289,0.910355486862442,0.589506172839506,0.3953125,0,0.895061728395062,0.0949367088607595,0.9,0.182539682539683,0,0.110944527736132,0.202875399361022,0.547231270358306,0.894245723172628,0,0.892749244712991,0.927018633540373,0.900621118012422,0,0.161695447409733,0.847790507364975,0.101639344262295,0.890092879256966,0.908116385911179,0.102325581395349,0.900928792569659,0.38366718027735,0.789638932496075,0.111464968152866,0.258730158730159,0.891808346213292,0.00783699059561128,0.0948678071539658,0.898461538461538,0.107544141252006,0.681020733652313,0.424528301886792,0,0.20679012345679,0.729903536977492,0.3328173374613,0.891304347826087,0.101404056162246,0.23861852433281,0.491883116883117,0.908116385911179,0.839813374805599,0.892063492063492,0.740445859872611,0,0.8875,0.0939907550077042,0.865834633385335,0.442834138486312,0.100303951367781,0.90519877675841,0.900316455696203,0.898573692551506,0.667697063369397,0.901408450704225,0.225552050473186,0.278740157480315,0.910493827160494,0.81875,0,0,0.909233176838811,1,0.112676056338028,0.923930269413629,0.906687402799378,0.440124416796268,0.892405063291139,0.771428571428571,0.813559322033898,0,0.919303797468354,0.3872,0.897239263803681,0.898773006134969,0,0.659442724458204,0.905132192846034,0.0992125984251968,0.680379746835443,0.443234836702955,0.767371601208459,0.736263736263736,0.881996974281392,0.180995475113122,0.896825396825397,0.902973395931142,0.907120743034056,0.365384615384615,0.183514774494557,0.900621118012422,0.897553516819572,0.0076103500761035,0.777258566978193,0.540706605222734,0.332810047095761,0.762345679012346,0.898595943837754,0.832278481012658,0.909785932721712,0.129429892141757,0.100813008130081,0,0.796825396825397,0.0965732087227414,0.106646058732612,0.349768875192604,0,0.909516380655226,0.856692913385827,0.897035881435257,0.89618320610687,0.191522762951334,0.103125,0,0,0.248796147672552,0.179245283018868,0.245723172628305,0,0.0946564885496183,0.891304347826087,0.0569230769230769,0.373831775700935,0.897959183673469,0.632398753894081,0.884012539184953,0.702660406885759,0.670212765957447,0,0.903903903903904,0.464342313787639,0.555023923444976,0.862174578866769,0.90381679389313,0.463565891472868,0.00928792569659443,0.9015625,0.891104294478528,0,0.887692307692308,0.114854517611026,0.890850722311397,0.464506172839506,0,0.00775193798449612,0.575856443719413,0.80811232449298,0.101404056162246,0.238019169329073,0.00772797527047913,0.00161812297734628,0.725490196078431,0.118483412322275,0.902960526315789,0.385448916408669,0.9,0.0984615384615385,0.483128834355828,0.402866242038217,0.842948717948718,0.1952,0.0941358024691358,0.00155038759689922,0.134281200631912,0,0.907153729071537,0.1152,0.896969696969697,0.105845181674566,0.899521531100478,0,0.572530864197531,0.508661417322835,0.898595943837754,0,0.89618320610687,0,0.452950558213716,0.904320987654321,0,0.655813953488372,0.903633491311216,0.758293838862559,0.891891891891892,0.131297709923664,0,0.903426791277259,0.328050713153724,0,0.702660406885759,0.0928462709284627,0.120795107033639,0.906793048973144,0.894154818325434,0.898928024502297,0.888188976377953,0.898876404494382,0,0.888540031397174,0.0199692780337942,0.393846153846154,0.352395672333849,0.888379204892966,0.892018779342723,0.895865237366003,0.9046875,0.061633281972265,0.102685624012638,0.90224358974359,0.8828125,0.730061349693252,0.896764252696456,0.898617511520737,0.899845916795069,0,0,0.876691729323308,0,0.16358024691358,0,0.8890625,0.34584013050571,0.309904153354633,0.212213740458015,0.856466876971609,0,0.192307692307692,0.893846153846154,0.902021772939347,0.677621283255086,0.488165680473373,0.312781954887218,0.27175572519084,0.691318327974277,0.0921658986175115,0.210280373831776,0.614664586583463,0.337025316455696,0.711656441717791,0.100313479623824,0,0.105095541401274,0.37620578778135,0.889245585874799,0.609984399375975,0.303892215568862,0.65149136577708,0.83203732503888,0.882716049382716,0.890822784810127,0.922345483359746,0.899513776337115,0.904836193447738,0.589622641509434,0.46,0.896062992125984,0.0990990990990991,0.104863221884498,0.828746177370031,0.00916030534351145,0.895705521472393,0.865625,0,0.219047619047619,0,0.888188976377953,0,0.906298003072197,0.90282131661442,0.100308641975309,0.82306477093207,0.904109589041096,0.671406003159558,0.649149922720247,0.812302839116719,0,0,0.86970684039088,0.877828054298643,0.907120743034056,0,0,0.0894568690095847,0.310708898944193,0.523364485981308,0,0.50392464678179,0,0.972843450479233,0.908372827804107,0.23961661341853,0.329721362229102,0,0.415873015873016,0.629283489096573,0.801901743264659,0.891402714932127,0.765990639625585,0.101880877742947,0.909385113268608,0.0267295597484277,0.900158478605388,0,0.912844036697248,0.004739336492891,0.913461538461538,0.110764430577223,0.0781499202551834,0,0,0.796296296296296,0.858974358974359,0.869565217391304,0.725880551301684,0.123853211009174,0.103668261562998,0.912363067292645,0.791411042944785,0,0.110584518167457,0.902053712480253,0,0.878205128205128,0.89739663093415,0.1671826625387,0.0357698289269051,0.09375,0.893682588597843,0.496815286624204,0.168503937007874,0.197389885807504,0.221528861154446,0.701444622792937,0.186544342507645,0.908945686900958,0,0.749611197511664,0.886503067484663,0.0015748031496063,0,0.101823708206687,0,0.0965732087227414,0.891135303265941,0.8336,0.0949367088607595,0.087962962962963,0.594339622641509,0.874804381846635,0.487538940809969,0.0449612403100775,0.101748807631161,0.0551181102362205,0.020440251572327,0,0.109375,0.0909090909090909,0.10641627543036,0.114678899082569,0.0980091883614089,0.0412044374009509,0.0495356037151703,0.114374034003091,0.0219092331768388,0.00645161290322581,0.0305810397553517,0.0260336906584992,0.0497667185069984,0.105180533751962,0.0234741784037559,0.103059581320451,0.102964118564743,0.0364500792393027,0.100308641975309,0.0337423312883436,0.102643856920684,0.117739403453689,0.101515151515152,0.0972222222222222
"266",0,0,0,0,0,0,0.0141509433962264,0.00151975683890578,0,1,0,1,0,0,0,0,1,0.982839313572543,0,0,0,0,0,1,0,0,0,0.00159489633173844,0,0,0,0,0.00156739811912226,0,1,0,0.974124809741248,0,0,0,0.998427672955975,0.984615384615385,0.993948562783661,0,0,0,0,0,0,0,1,0,0,0,0.014308426073132,0,1,0,0.00304878048780488,0,0,0,0,1,0,0,1,0,1,0,0,0,0,0,1,0.00151745068285281,0,0,0.0015748031496063,0,1,0,0,0,0,0,0,0,0.00302571860816944,0.990853658536585,0,0,1,1,0,1,0.0153846153846154,0,0.993893129770992,0.992295839753467,0.0108864696734059,1,0,0,0,0,0.989096573208723,0.00309597523219814,0,0,0,0.0154798761609907,0,0,1,0,0,1,0,0,1,0.00153609831029186,0,0,0,0,0,0,1,0.00765696784073507,0,0,0,1,0,0,1,0,0,0.00643086816720257,1,1,0,0,0,0,0,0,0,0,0,0,0,0,0,0,0,0,1,0,0.00604229607250755,0,0,1,0,0,0,0,0,0,0,0,0,0,0.0031496062992126,0,1,0,1,0,0,0,0,0,0,0,0,0,0,0,0,0,0,0.0215384615384615,1,1,0,0.998461538461539,0,0,0.0125588697017268,0,0,0,0,0,0,0,0.0015220700152207,1,0,0,0,0,0,0.003125,0,0,0.0015527950310559,0,0,1,0,0,0,1,0,0,0.00458715596330275,0,0,0,0.0184615384615385,1,0.0151285930408472,0,0,0,0,0,0,0,0,0,0,0,0,0,0,0,0,0,0,0,0,0,0,0,0.990521327014218,0,1,0.0031104199066874,0,0,0,1,0.0016025641025641,0.00306278713629403,0,0,0,0,0.989164086687306,0,0,0,0,0,0,0,0,0,0,0.0142630744849445,1,0,0.0170278637770898,1,0,0.0150829562594268,0.00153846153846154,1,0,0,0,0,0,1,0.015527950310559,0,0,0,0,0,0,0,0,0,0,0,0,0,0,0,0,0.00316957210776545,0,0.94969512195122,0,0,0,0,0,0,0,0,0,0,0,0,1,0,0.00632911392405063,0,0.946070878274268,0,0,0,0,1,0,0,0,0,0,0,0,0,0,0,1,0,0,0,0,0,0,1,0,0,0,0.00309597523219814,0,0,0,0,1,0,0,0,0,0,0,0,0,0,0,0,0,0.00305810397553517,0,0,0,0,0,0,0,0,0,0,0,0,1,0,0,0,1,0,0.990506329113924,0,0,0,0.99685534591195,0.0109546165884194,0,0,0,0,0,0,0,0,1,0,0.00157977883096367,0,0,0,0,0,0.998449612403101,0,0,0,0,0,0.00626959247648903,0,0.014827018121911,0.995405819295559,0,0,0,1,0,0.00153374233128834,0,0,0,1,1,0,0,1,0,0.992050874403816,1,1,0,1,0,0.00155038759689922,0.00749625187406297,0,1,1,0,0,0,0,0.998405103668262,0.0213414634146341,0,0,0,0,1,0,0,0.00157232704402516,0,1,0,0,0,0,1,0,0,0,1,0,0,0,0,0,0,0,0,0,0,0,0,0.990769230769231,0,0,0,0,0.0109375,1,0,0.00315457413249211,0,0,0,0,0,0,0,0,0,1,0,0,0,0.00477707006369427,0,0,0,0,0,0,0,0,0,0.0154559505409583,1,1,0,0,0,0,0,0,0,0,0.0182094081942337,1,0,0.0158227848101266,0,0,1,0,0,0,0.00159744408945687,0,0,0,0,0,0.00314465408805031,0,0,0.0159489633173844,0.0250783699059561,0,0,0.992424242424242,0,0,0,0,0,0,0,0.766153846153846,0,1,0.0015600624024961,0,0,0,1,0,0,0,0,0,0,1,1,0,0,0,1,0,0,0.558282208588957,0,0,0.0093167701863354,0,0,0,1,0,0,0,0.00455235204855842,0,0,0.990726429675425,0,0,1,0,0,0,0,1,0.993836671802773,0,0,0,0,0.990668740279938,0.9984,0,0,0,0,0,0,0,0,0.00625978090766823,0,0,0.998447204968944,0,1,0,0.146302250803859,0.00148809523809524,0,0,1,0,0,0,1,0,1,0,0,1,0.0197268588770865,0,0,0.00156985871271586,0,1,0,0,1,0,0,0,0,0,0,0.00308641975308642,0.00157977883096367,1,0,0.981623277182236,0.0180995475113122,0,0,0,0,0,0.924499229583975,0,0,0,0,0,0,0,1,1,0,1,0,1,0,0,0,0,0,1,0,0,0,0,0,0,0,0,0,0,0,0,0,0,1,0,0.0160513643659711,0,0.0304878048780488,0,0,0.00611620795107034,0,0.00158982511923688,0,0,0,0,0,0,0,0,0.00310077519379845,0.987730061349693,0,0,1,0,1,0,1,0,0,0,0,0,0.0015748031496063,0,0.0203442879499218,1,1,0,0,0,1,1,0,0,0,1,0,1,0,0,0.0348101265822785,0,1,0,0,0,0,0,0,0,0.901386748844376,0,1,0,0.993808049535604,0,0,0.361934477379095,1,1,0.00155763239875389,0,0.00930232558139535,0,0,0,0,0,1,0,0,1,0,0,0,0.959564541213064,0,0,0,0,0,0,0,0,0,1,0,0,0.996889580093313,1,0,1,0,0,0,0,0,0.00625978090766823,0.00470957613814757,0,0.950540958268934,0,0.8928,0.968798751950078,1,0.154559505409583,0,0,0.00153374233128834,0,0.94620253164557,0.946070878274268,0,0.972093023255814,0.990369181380417,0.942097026604069,0.966565349544073,0.945205479452055,0,0.963020030816641,0,0,0.952978056426332,0,0.922018348623853,0,0.0514820592823713,0,0
"267",0.87479674796748,0.8608,0.892913385826772,0.892739273927393,0.881578947368421,0.869281045751634,0.917609046849758,0.884927066450567,0.858054226475279,0.00164473684210526,0.87800963081862,0.00161030595813205,0.632,0.864686468646865,0.167731629392971,0.151368760064412,0.0015600624024961,0.0146579804560261,0.872937293729373,0.878740157480315,0.282009724473258,0.149750415973378,0.8624,0.00157977883096367,0.858505564387917,0.357495881383855,0.229268292682927,0.859450726978998,0.550156739811912,0.725274725274725,0.140157480314961,0.7744,0.840579710144927,0.35725677830941,0.00159744408945687,0.87075928917609,0.022508038585209,0.863057324840764,0.370139968895801,0.819488817891374,0.00160513643659711,0.010989010989011,0.00482315112540193,0.878688524590164,0.787021630615641,0.158154859967051,0.566343042071197,0.11038961038961,0.562009419152276,0.237577639751553,0.00162337662337662,0.871335504885994,0.388709677419355,0.867313915857605,0.911620294599018,0.269867549668874,0,0.843234323432343,0.893819334389857,0.891338582677165,0.362760834670947,0.506430868167203,0.128289473684211,0.00166112956810631,0.824302134646962,0.781847133757962,0.00161030595813205,0.859677419354839,0.00162074554294976,0.115321252059308,0.778662420382166,0.126198083067093,0.1504,0.873417721518987,0.00158227848101266,0.781102362204724,0.167987321711569,0.624398073836276,0.933884297520661,0.376910016977929,0,0.762439807383628,0.332278481012658,0.856913183279743,0.228896103896104,0.848966613672496,0.862179487179487,0.882636655948553,0.851851851851852,0.00784929356357928,0.862459546925566,0.863636363636364,0.00161812297734628,0,0.868770764119601,0.00157232704402516,0.419405320813772,0.864779874213837,0.00797448165869218,0.00821018062397373,0.681967213114754,0.00159489633173844,0.387358184764992,0.866013071895425,0.221183800623053,0.866231647634584,0.00811688311688312,0.8944,0.13290113452188,0.124394184168013,0.141252006420546,0.910714285714286,0.453957996768982,0.861736334405145,0.00163934426229508,0.895498392282958,0.779032258064516,0.00158730158730159,0.128164556962025,0.301948051948052,0,0.839344262295082,0.365814696485623,0.195758564437194,0.871382636655949,0.247648902821317,0.866877971473851,0.876996805111821,0.00163934426229508,0.624595469255663,0.871753246753247,0.531045751633987,0.864909390444811,0,0.85667215815486,0.154818325434439,0.00159744408945687,0.334967320261438,0.635782747603834,0.620689655172414,0.00165837479270315,0,0.877777777777778,0.752,0.289735099337748,0.87012987012987,0.135179153094463,0.859903381642512,0.50814332247557,0.886942675159236,0.259075907590759,0.873194221508828,0.872340425531915,0.791068580542265,0.884984025559105,0.113114754098361,0.870458135860979,0.130225080385852,0,0.733552631578947,0.992088607594937,0.863782051282051,0.155309033280507,0.0015748031496063,0.874804381846635,0.556291390728477,0.861435726210351,0.8688,0.867298578199052,0.347133757961783,0.887658227848101,0.126623376623377,0.869701726844584,0.121913580246914,0.982055464926591,0.465378421900161,0.00164203612479475,0.858306188925081,0.00159235668789809,0.789808917197452,0.873015873015873,0.221138211382114,0.871835443037975,0.847512038523275,0.863987635239567,0.874015748031496,0.2112,0.470957613814757,0.854026845637584,0.863711001642036,0.182829888712242,0.14171974522293,0.880718954248366,0.926163723916533,0,0.00162074554294976,0.426016260162602,0.00324675324675325,0.869291338582677,0.360189573459716,0.921696574225122,0.730462519936204,0.871632329635499,0.524959742351047,0.489763779527559,0.413621262458472,0.837704918032787,0.858995137763371,0.952153110047847,0.00161550888529887,0.792,0.308724832214765,0.870065789473684,0.141004862236629,0.198083067092652,0.632329635499208,0.867528271405493,0.876369327073552,0.898387096774194,0.870607028753994,0.837133550488599,0.00163934426229508,0.197767145135566,0.6859375,0.866666666666667,0.00159744408945687,0.864566929133858,0.880989180834621,0.629268292682927,0.584814216478191,0.86547811993517,0.867986798679868,0.485530546623794,0.00161812297734628,0.932496075353218,0.612641815235008,0.893964110929853,0.141269841269841,0.855325914149444,0.874799357945425,0.865718799368088,0.858054226475279,0.573015873015873,0.133550488599349,0.886914378029079,0.563981042654028,0.131455399061033,0.125,0.288709677419355,0.1232,0.267536704730832,0.697115384615385,0.123993558776167,0.138755980861244,0.133971291866029,0.663026521060842,0.171052631578947,0.879032258064516,0.00488599348534202,0.123993558776167,0.0016,0.34621578099839,0.872990353697749,0.861904761904762,0.836304700162075,0.0016025641025641,1,0.785373608903021,0.75767366720517,0.704944178628389,0.549114331723027,0.487844408427877,0.00801282051282051,0.855500821018062,0.233974358974359,0.764705882352941,0.891547049441786,0.133012820512821,0.777957860615883,0.129934210526316,0.233176838810642,0.8712715855573,0.869205298013245,0.911330049261084,0.0015600624024961,0.69951534733441,0.920195439739414,0.00160513643659711,0.119426751592357,0.91496062992126,0.881877022653722,0.00157232704402516,0.127186009538951,0.128980891719745,0.885245901639344,0.895081967213115,0.121510673234811,0.00162337662337662,0.492868462757528,0.882447665056361,0.816326530612245,0.484552845528455,0.708943089430894,0.863275039745628,0.139646869983949,0.872472783825817,0.8624,0.132045088566828,0.873801916932907,0.86634460547504,0.86326194398682,0.868167202572347,0.27491961414791,0.429936305732484,0.416398713826367,0.893617021276596,0.865771812080537,0.0400641025641026,0.340322580645161,0.89413680781759,0.245585874799358,0.373643410852713,0.886731391585761,0.866013071895425,0.882736156351791,0.71004942339374,0.866454689984102,0.313114754098361,0.882075471698113,0.869281045751634,0.00162337662337662,0.429699842022117,0.644951140065147,0.1312,0.0458135860979463,0.126582278481013,0.839486356340289,0.155555555555556,0.128325508607199,0.00158730158730159,0.305194805194805,0.863057324840764,0.190095846645367,0.89,0.891025641025641,0.874203821656051,0.397745571658615,0.403305785123967,0.690821256038647,0.526138279932546,0.00159235668789809,0.8,0.137223974763407,0.163522012578616,0.337641357027464,0.86634460547504,0.127591706539075,0.00159235668789809,0.444264943457189,0.138801261829653,0.155339805825243,0.570747217806041,0.86385737439222,0.382594417077176,0.874380165289256,0.852216748768473,0.00158227848101266,0.874617737003058,0.118935837245696,0.858730158730159,0.804241435562806,0.86963696369637,0.146067415730337,0.862559241706161,0.120443740095087,0.805152979066023,0.752052545155993,0.850157728706625,0.882539682539683,0.875404530744337,0.404838709677419,0.859649122807018,0.867507886435331,0.128164556962025,0.13452188006483,0.875,0.871224165341812,0.432956381260097,0.804451510333863,0.850498338870432,0.86698717948718,0.863636363636364,0,0.211475409836066,0.87220447284345,0.131067961165049,0.00160513643659711,0.896272285251216,0.00819672131147541,0.16025641025641,0.871794871794872,0.888529886914378,0.00492610837438424,0.689542483660131,0.502415458937198,0.891410048622366,0.126022913256956,0.803252032520325,0.868988391376451,0.46078431372549,0.666131621187801,0.826797385620915,0.0016260162601626,0.285714285714286,0.894822006472492,0.869774919614148,0.521669341894061,0.874801901743265,0.848275862068966,0.143548387096774,0.0032520325203252,0.8734375,0.867741935483871,0.864600326264274,0.70253164556962,0.123176661264182,0.993527508090615,0.329581993569132,0.302828618968386,0.00476947535771065,0.660743134087238,0.632258064516129,0.681672025723473,0,0.393034825870647,0.9185303514377,0.670382165605096,0.601275917065391,0.195987654320988,0.00158478605388273,0,0.861702127659574,0.845425867507886,0,0.865293185419968,0.00487012987012987,0.00157728706624606,0.00166666666666667,0.86741214057508,0,0.875613747954173,0.77938808373591,0.611023622047244,0.874608150470219,0.00163934426229508,0.0016366612111293,0.881329113924051,0.864906832298137,0.747634069400631,0.127760252365931,0.00164473684210526,0.910236220472441,0.666666666666667,0.890145395799677,0.576619273301738,0.447495961227787,0,0.866877971473851,0.131447587354409,0.900974025974026,0.187096774193548,0.00158227848101266,0.127725856697819,0.23202614379085,0.491666666666667,0.85828025477707,0.00159744408945687,0.882629107981221,0.865079365079365,0.866352201257862,0.00158730158730159,0.191869918699187,0.823432343234323,0.123762376237624,0.869983948635634,0.868878357030016,0.141479099678457,0.861904761904762,0.417840375586854,0.814102564102564,0.148626817447496,0.291325695581015,0.86677367576244,0.00822368421052632,0.136655948553055,0.878164556962025,0.145454545454545,0.705024311183144,0.504038772213247,0.00158982511923688,0.245192307692308,0.833610648918469,0.400313971742543,0.86053882725832,0.120772946859903,0.268025078369906,0.481481481481481,0.870716510903427,0.901408450704225,0.857827476038339,0.748344370860927,0.00161550888529887,0.85423197492163,0.131375579598145,0.84219001610306,0.503289473684211,0.129186602870813,0.865814696485623,0.886178861788618,0.869354838709677,0.652173913043478,0.879807692307692,0.263910969793323,0.31869918699187,0.856012658227848,0.933858267716535,0.00157232704402516,0.00162337662337662,0.86863711001642,0.845378151260504,0.149837133550489,0.884364820846905,0.872239747634069,0.481658692185008,0.879282218597064,0.724919093851133,0.910658307210031,0.00154559505409583,0.864297253634895,0.449346405228758,0.883683360258481,0.87220447284345,0.0015552099533437,0.657467532467532,0.879282218597064,0.13128038897893,0.753623188405797,0.47411003236246,0.770800627943485,0.728867623604466,0.847826086956522,0.211746522411128,0.894389438943894,0.875,0.903633491311216,0.415711947626841,0.21669341894061,0.876386687797147,0.87459807073955,0.00627943485086342,0.755134281200632,0.48780487804878,0.351524879614767,0.818910256410256,0.871544715447155,0.825732899022801,0.867298578199052,0.139717425431711,0.134328358208955,0.00156739811912226,0.9024,0.131921824104235,0.12621359223301,0.380032206119163,0.00159235668789809,0.865912762520194,0.872037914691943,0.868167202572347,0.87244094488189,0.223472668810289,0.134959349593496,0.0015625,0.00162337662337662,0.297906602254428,0.203612479474548,0.273905996758509,0.0015748031496063,0.128824476650564,0.864734299516908,0.0705128205128205,0.412337662337662,0.871544715447155,0.649289099526066,0.857843137254902,0.723642172523962,0.673501577287066,0,0.873456790123457,0.498407643312102,0.579365079365079,0.945141065830721,0.884493670886076,0.496062992125984,0.0096,0.870340356564019,0.868878357030016,0,0.840625,0.135702746365105,0.866776315789474,0.467948717948718,0.00163132137030995,0.00642054574638844,0.615257048092869,0.875806451612903,0.134185303514377,0.251231527093596,0.00807754442649435,0.00333889816360601,0.752336448598131,0.141479099678457,0.871452420701169,0.426771653543307,0.876755070202808,0.127388535031847,0.427432216905901,0.4,0.967585089141005,0.193602693602694,0.139904610492846,0.00318979266347687,0.171849427168576,0.00158730158730159,0.878274268104777,0.144278606965174,0.889937106918239,0.135922330097087,0.865448504983389,0,0.592125984251968,0.537720706260032,0.8672,0.0016260162601626,0.871019108280255,0,0.483552631578947,0.873817034700315,0.00158730158730159,0.717011128775835,0.864462809917355,0.717948717948718,0.893267651888342,0.14937106918239,0.00161030595813205,0.860162601626016,0.360128617363344,0.0015600624024961,0.763406940063092,0.127527216174184,0.149136577708006,0.870915032679739,0.872374798061389,0.859399684044234,0.843548387096774,0.862459546925566,0,0.868670886075949,0.0172684458398744,0.462025316455696,0.398089171974522,0.863344051446945,0.865718799368088,0.870866141732283,0.858954041204437,0.0715421303656598,0.132045088566828,0.871074380165289,0.871589085072231,0.717703349282297,0.8576,0.876006441223833,0.891547049441786,0.00156494522691706,0.00159744408945687,0.852807283763278,0.00158227848101266,0.186119873817035,0,0.868462757527734,0.37603993344426,0.308580858085809,0.257142857142857,0.840197693574959,0.00320512820512821,0.231017770597738,0.86677367576244,0.8752,0.711290322580645,0.516975308641975,0.338957055214724,0.283950617283951,0.653094462540717,0.127358490566038,0.231746031746032,0.638573743922204,0.323101777059774,0.709627329192547,0.136,0.0016366612111293,0.12396694214876,0.446808510638298,0.874791318864775,0.71451355661882,0.344773790951638,0.668261562998405,0.996845425867508,0.850393700787402,0.875420875420875,0.869067103109656,0.867647058823529,0.872756933115824,0.613418530351438,0.504,0.865814696485623,0.131987577639752,0.146456692913386,0.970779220779221,0.0095389507154213,0.865625,0.846031746031746,0,0.22682119205298,0.00161290322580645,0.872611464968153,0.00166666666666667,0.878205128205128,0.871961102106969,0.134185303514377,0.82475884244373,0.863924050632911,0.723127035830619,0.665071770334928,0.906862745098039,0.00162866449511401,0.00161030595813205,0.892384105960265,0.871517027863777,0.878205128205128,0.0015748031496063,0.00158478605388273,0.131147540983607,0.29874213836478,0.51207729468599,0,0.5504,0.00158730158730159,0.835796387520525,0.864820846905538,0.284789644012945,0.363349131121643,0.00154559505409583,0.432956381260097,0.610032362459547,0.786516853932584,0.885758998435055,0.792270531400966,0.128205128205128,0.891056910569106,0.0274636510500808,0.853658536585366,0.00163398692810458,0.868421052631579,0.00480769230769231,0.864600326264274,0.148387096774194,0.0973597359735974,0.0016025641025641,0.00161812297734628,0.88301282051282,0.831973898858075,0.904836193447738,0.70906200317965,0.149136577708006,0.14332784184514,0.7632,0.758190327613105,0,0.135922330097087,0.853462157809984,0.00159489633173844,0.854757929883139,0.905362776025237,0.175438596491228,0.0335463258785942,0.122186495176849,0.868131868131868,0.549755301794454,0.194805194805195,0.233333333333333,0.236421725239617,0.745065789473684,0.201587301587302,0.874794069192751,0.00162866449511401,0.748376623376623,0.859399684044234,0.0032520325203252,0.00160771704180064,0.12093023255814,0,0.138977635782748,0.861066235864297,0.713322091062395,0.126022913256956,0.132471728594507,0.637239165329053,0.910714285714286,0.519872813990461,0.0412698412698413,0.135313531353135,0.059504132231405,0.0254372019077901,0.00162337662337662,0.151712887438825,0.141304347826087,0.12199036918138,0.145367412140575,0.132471728594507,0.038961038961039,0.0451612903225806,0.138263665594855,0.024390243902439,0.00810372771474878,0.0437601296596434,0.0303030303030303,0.043956043956044,0.130645161290323,0.0286624203821656,0.126644736842105,0.138662316476346,0.034257748776509,0.129449838187702,0.0425196850393701,0.1328,0.153225806451613,0.125386996904025,0.127009646302251
"268",0.848101265822785,0.859111791730475,0.825757575757576,0.827258320126783,0.845794392523365,0.849445324881141,0.805031446540881,0.842349304482226,0.859541984732824,0.00157977883096367,0.860031104199067,0.00155038759689922,0.591117917304747,0.869426751592357,0.191588785046729,0.151001540832049,0.00149700598802395,0.0155763239875389,0.839370078740157,0.86890243902439,0.286149162861492,0.170144462279294,0.850769230769231,0.00153609831029186,0.840245775729647,0.346333853354134,0.22257053291536,0.844690966719493,0.617246596066566,0.673748103186646,0.132018209408194,0.700305810397553,0.772511848341232,0.388036809815951,0.0030441400304414,0.862068965517241,0.0212765957446809,0.854070660522273,0.386666666666667,0.879154078549849,0.00465116279069767,0.0168970814132104,0.00768049155145929,0.863849765258216,0.734177215189873,0.1671875,0.535603715170279,0.139751552795031,0.548048048048048,0.269172932330827,0.00308166409861325,0.860215053763441,0.379256965944272,0.854489164086687,0.783570300157978,0.28503937007874,0.00317965023847377,0.852614896988906,0.825347758887172,0.824427480916031,0.395136778115502,0.589230769230769,0.142857142857143,0.00312989045383412,0.950871632329635,0.934150076569678,0.00308641975308642,0.856259659969088,0.00309597523219814,0.139784946236559,0.766666666666667,0.143511450381679,0.153609831029186,0.860986547085202,0.00308166409861325,0.745839636913767,0.177541729893778,0.64,0.815748031496063,0.351882160392799,0.0031055900621118,0.711043872919818,0.328849028400598,0.851289833080425,0.244992295839753,0.813253012048193,0.851622874806801,0.853395061728395,0.835384615384615,0.0121951219512195,0.8515625,0.851226993865031,0.00308641975308642,0.00154320987654321,0.842857142857143,0.00308166409861325,0.415644171779141,0.853620955315871,0.0107033639143731,0.0139318885448916,0.66306027820711,0.0031201248049922,0.404984423676012,0.859842519685039,0.248854961832061,0.85214626391097,0.0109717868338558,0.842835130970724,0.146687697160883,0.144171779141104,0.141321044546851,0.806299212598425,0.407407407407407,0.843076923076923,0.00316957210776545,0.850393700787402,0.723823975720789,0.00152905198776758,0.145929339477727,0.380655226209048,0.003003003003003,0.764615384615385,0.381538461538462,0.20859872611465,0.842507645259939,0.295665634674923,0.856060606060606,0.844615384615385,0.00309597523219814,0.614197530864197,0.820031298904538,0.611111111111111,0.84775641025641,0,0.847962382445141,0.154078549848943,0.00306748466257669,0.3453125,0.611111111111111,0.593247588424437,0.00313971742543171,0.00314465408805031,0.84472049689441,0.825617283950617,0.299050632911392,0.854714064914992,0.155864197530864,0.818320610687023,0.477308294209703,0.843609022556391,0.28414442700157,0.845916795069337,0.852895148669797,0.767801857585139,0.844748858447489,0.150316455696203,0.845329249617152,0.137876386687797,0.00303030303030303,0.9,0.781297134238311,0.857359635811836,0.160060975609756,0.0015220700152207,0.845801526717557,0.534072900158479,0.868167202572347,0.854740061162079,0.849544072948328,0.382397572078907,0.854517611026034,0.149765990639626,0.828006088280061,0.144144144144144,0.791862284820031,0.43206106870229,0.00312989045383412,0.851226993865031,0.00305810397553517,0.782012195121951,0.860896445131376,0.258675078864353,0.846153846153846,0.854070660522273,0.857784431137725,0.9,0.233486943164363,0.430555555555556,0.812302839116719,0.8421875,0.192901234567901,0.137825421133231,0.849293563579278,0.771251931993818,0.00300751879699248,0.00313479623824451,0.414596273291925,0.00465116279069767,0.863076923076923,0.370597243491577,0.794303797468354,0.722727272727273,0.858433734939759,0.540498442367601,0.563748079877112,0.407176287051482,0.798151001540832,0.841940532081377,0.797235023041475,0.00156494522691706,0.820395738203957,0.321086261980831,0.83147853736089,0.144171779141104,0.214939024390244,0.618827160493827,0.844854070660522,0.837920489296636,0.78816199376947,0.850769230769231,0.837920489296636,0.00308641975308642,0.224770642201835,0.779456193353474,0.842857142857143,0.003125,0.842266462480858,0.851351351351351,0.61890243902439,0.563380281690141,0.848200312989045,0.862992125984252,0.474842767295597,0.00318471337579618,0.803053435114504,0.563076923076923,0.853503184713376,0.140695915279879,0.857142857142857,0.854263565891473,0.852760736196319,0.852760736196319,0.583841463414634,0.142194744976816,0.845794392523365,0.565548780487805,0.139880952380952,0.136023916292975,0.274143302180685,0.140845070422535,0.285714285714286,0.662686567164179,0.141965678627145,0.149390243902439,0.155725190839695,0.638297872340426,0.1703125,0.847244094488189,0.0125984251968504,0.140215716486903,0.00154798761609907,0.358372456964006,0.867834394904459,0.837245696400626,0.798780487804878,0.00306278713629403,0.785373608903021,1,0.702325581395349,0.617151607963247,0.523956723338485,0.5953125,0.0107858243451464,0.847723704866562,0.241590214067278,0.706161137440758,0.84399375975039,0.148710166919575,0.725155279503106,0.159442724458204,0.247328244274809,0.859939759036145,0.849358974358974,0.792721518987342,0.00148588410104012,0.679273827534039,0.801242236024845,0.00154798761609907,0.140030441400304,0.801195814648729,0.835680751173709,0.0030441400304414,0.147692307692308,0.143730886850153,0.845911949685535,0.811819595645412,0.128164556962025,0.00314465408805031,0.494623655913978,0.860681114551084,0.756060606060606,0.455108359133127,0.692307692307692,0.832072617246596,0.150306748466258,0.851963746223565,0.850467289719626,0.142635658914729,0.852307692307692,0.853168469860896,0.855572998430141,0.860031104199067,0.301075268817204,0.406153846153846,0.408950617283951,0.849529780564263,0.823717948717949,0.0459418070444104,0.408037094281298,0.841781874039939,0.2642089093702,0.444776119402985,0.861751152073733,0.855365474339036,0.85099846390169,0.794392523364486,0.851739788199697,0.39937106918239,0.844410876132931,0.859594383775351,0.0031104199066874,0.420814479638009,0.577708006279435,0.158950617283951,0.0518292682926829,0.141779788838612,0.803405572755418,0.164383561643836,0.138629283489097,0.00301204819277108,0.330781010719755,0.851622874806801,0.207430340557276,0.848726114649682,0.838509316770186,0.848909657320872,0.422535211267606,0.407407407407407,0.723538704581359,0.490998363338789,0.00303030303030303,0.806201550387597,0.155455904334828,0.169184290030211,0.327769347496206,0.860719874804382,0.150855365474339,0.00305810397553517,0.43140243902439,0.143721633888048,0.168238993710692,0.521060842433697,0.847962382445141,0.358161648177496,0.845181674565561,0.85781990521327,0.00304878048780488,0.842415316642121,0.134052388289676,0.854765506807867,0.805295950155763,0.862714508580343,0.156105100463679,0.862745098039216,0.132716049382716,0.872503840245776,0.71183800623053,0.946153846153846,0.849693251533742,0.85099846390169,0.410769230769231,0.853168469860896,0.846268656716418,0.149546827794562,0.153013910355487,0.847723704866562,0.852941176470588,0.38863287250384,0.875757575757576,0.843700159489633,0.849693251533742,0.849693251533742,0.0031201248049922,0.235387045813586,0.857805255023184,0.147286821705426,0.0015625,0.845070422535211,0.0140845070422535,0.173708920187793,0.85099846390169,0.844961240310077,0.0062992125984252,0.664596273291925,0.482758620689655,0.858712715855573,0.136507936507936,0.785266457680251,0.847860538827258,0.518691588785047,0.651975683890577,0.75968992248062,0.0015527950310559,0.293394777265745,0.84012539184953,0.858914728682171,0.493788819875776,0.863496932515337,0.836065573770492,0.171826625386997,0,0.845688350983359,0.860643185298622,0.847352024922118,0.720789074355083,0.162287480680062,0.773643410852713,0.349693251533742,0.303225806451613,0.0075642965204236,0.727699530516432,0.636363636363636,0.633846153846154,0.00309119010819165,0.3921875,0.817204301075269,0.708141321044547,0.551671732522796,0.203566121842496,0.0030441400304414,0.00303490136570561,0.849702380952381,0.860606060606061,0.00309597523219814,0.825153374233129,0.0125588697017268,0.00152671755725191,0.00313971742543171,0.849693251533742,0.00152905198776758,0.870047543581617,0.735703245749614,0.610015174506829,0.850074962518741,0.0031104199066874,0.00313971742543171,0.861538461538462,0.854354354354354,0.7821482602118,0.147239263803681,0.00476947535771065,0.786259541984733,0.648854961832061,0.851330203442879,0.559577677224736,0.398133748055988,0.00151515151515152,0.838167938931298,0.147435897435897,0.838862559241706,0.203761755485893,0.0029940119760479,0.155354449472097,0.254317111459969,0.52588996763754,0.842266462480858,0,0.837313432835821,0.841945288753799,0.853846153846154,0.00306278713629403,0.218897637795276,0.849918433931484,0.144927536231884,0.848942598187311,0.856278366111952,0.160550458715596,0.846390168970814,0.424427480916031,0.75867269984917,0.153013910355487,0.290015847860539,0.856259659969088,0.0107692307692308,0.153013910355487,0.850769230769231,0.154330708661417,0.721780604133545,0.462616822429907,0.00153609831029186,0.238897396630934,0.706896551724138,0.392966360856269,0.842987804878049,0.139318885448916,0.275340393343419,0.599681020733652,0.838323353293413,0.804281345565749,0.841692789968652,0.773015873015873,0.00155763239875389,0.85369532428356,0.144596651445967,0.86046511627907,0.496865203761755,0.142002989536622,0.851226993865031,0.854430379746835,0.844339622641509,0.615503875968992,0.849144634525661,0.26625386996904,0.327586206896552,0.815987933634992,0.780337941628264,0.00298507462686567,0.00154320987654321,0.862284820031299,0.819488817891374,0.145135566188198,0.851968503937008,0.850539291217257,0.489164086687306,0.84012539184953,0.723704866562009,0.802710843373494,0.00300751879699248,0.845916795069337,0.460218408736349,0.857585139318885,0.838212634822804,0.00298953662182362,0.806201550387597,0.842679127725857,0.149300155520995,0.714285714285714,0.452859350850077,0.820208023774146,0.69826224328594,0.839762611275964,0.228826151560178,0.857827476038339,0.847692307692308,0.858461538461538,0.414556962025316,0.221528861154446,0.851226993865031,0.866261398176292,0.00916030534351145,0.853030303030303,0.530920060331825,0.354103343465046,0.725190839694656,0.852080123266564,0.799065420560748,0.859327217125382,0.146525679758308,0.132165605095541,0.00299850074962519,0.772093023255814,0.135433070866142,0.141524105754277,0.374414976599064,0.00310077519379845,0.857359635811836,0.811059907834101,0.854070660522273,0.857357357357357,0.235658914728682,0.13953488372093,0.00298953662182362,0,0.30829420970266,0.198776758409786,0.266975308641975,0.00304878048780488,0.14018691588785,0.849544072948328,0.0605143721633888,0.419003115264797,0.862776025236593,0.638065522620905,0.853354134165367,0.665658093797277,0.642201834862385,0.00153609831029186,0.859281437125748,0.492957746478873,0.587326120556414,0.815037593984962,0.851908396946565,0.468797564687976,0.012326656394453,0.828438948995363,0.841317365269461,0.00306748466257669,0.84053651266766,0.14900153609831,0.861904761904762,0.554878048780488,0.00155763239875389,0.0136986301369863,0.606060606060606,0.773148148148148,0.151001540832049,0.253543307086614,0.0139968895800933,0.00478468899521531,0.710059171597633,0.165891472868217,0.85553772070626,0.415384615384615,0.851063829787234,0.13109756097561,0.470319634703196,0.391975308641975,0.778301886792453,0.240829346092504,0.144796380090498,0.00606060606060606,0.175548589341693,0.00310077519379845,0.851739788199697,0.142630744849445,0.84053651266766,0.144859813084112,0.855095541401274,0.00306278713629403,0.559939301972686,0.604327666151468,0.860643185298622,0.00311526479750779,0.862275449101796,0.0015748031496063,0.474683544303797,0.851681957186544,0.00150375939849624,0.681681681681682,0.842679127725857,0.695987654320988,0.827044025157233,0.167427701674277,0.0015600624024961,0.866043613707165,0.369905956112853,0.00149476831091181,0.691131498470948,0.146084337349398,0.155555555555556,0.84012539184953,0.847826086956522,0.853252647503782,0.846390168970814,0.836641221374046,0.0031055900621118,0.893188854489164,0.0196078431372549,0.460587326120556,0.373846153846154,0.856707317073171,0.854489164086687,0.853435114503817,0.855403348554033,0.061633281972265,0.147239263803681,0.84789644012945,0.821212121212121,0.785498489425982,0.836858006042296,0.854984894259819,0.850226928895613,0.00301659125188537,0.00306278713629403,0.861812778603269,0.00303490136570561,0.207951070336391,0.0015527950310559,0.851162790697674,0.376190476190476,0.31832298136646,0.254961832061069,0.836477987421384,0.00307219662058372,0.25194401244168,0.848623853211009,0.862654320987654,0.6375,0.540178571428571,0.338257016248154,0.288490284005979,0.617322834645669,0.148648648648649,0.268996960486322,0.613354037267081,0.398133748055988,0.761467889908257,0.144634525660964,0.00317460317460317,0.142414860681115,0.435257410296412,0.857827476038339,0.625386996904025,0.360655737704918,0.708782742681048,0.790446841294299,0.858447488584475,0.837620578778135,0.852895148669797,0.846273291925466,0.857589984350548,0.574766355140187,0.48297213622291,0.86687306501548,0.144578313253012,0.148367952522255,0.796324655436447,0.012012012012012,0.858447488584475,0.86286594761171,0.00156739811912226,0.250398724082935,0.00308166409861325,0.841614906832298,0.00320512820512821,0.847222222222222,0.853395061728395,0.146969696969697,0.764615384615385,0.855203619909502,0.649762282091918,0.632716049382716,0.791090629800307,0.00305810397553517,0.0031055900621118,0.831442463533225,0.833087149187592,0.856711915535445,0.00149476831091181,0.0015220700152207,0.144427001569859,0.373860182370821,0.631987577639752,0.00306278713629403,0.493827160493827,0.00304878048780488,0.8112,0.852484472049689,0.273449920508744,0.348024316109422,0.00147492625368732,0.444961240310077,0.615987460815047,0.854070660522273,0.840909090909091,0.729357798165138,0.138461538461538,0.863057324840764,0.0292307692307692,0.858267716535433,0.0015600624024961,0.846038863976084,0.0123839009287926,0.847692307692308,0.16380655226209,0.0782472613458529,0.00150602409638554,0.00156985871271586,0.780185758513932,0.839936608557845,0.821917808219178,0.731927710843373,0.171171171171171,0.14797507788162,0.753846153846154,0.745098039215686,0.00154320987654321,0.160060975609756,0.855813953488372,0.0015015015015015,0.851500789889415,0.838905775075988,0.195454545454545,0.0384615384615385,0.144376899696049,0.846385542168675,0.496875,0.216383307573416,0.238317757009346,0.252679938744257,0.759375,0.226928895612708,0.852713178294574,0.00312989045383412,0.912172573189522,0.850381679389313,0.00622083981337481,0.00308641975308642,0.144144144144144,0.003125,0.152777777777778,0.853211009174312,0.701726844583987,0.154330708661417,0.139717425431711,0.605633802816901,0.82398753894081,0.595712098009188,0.0514372163388805,0.143759873617694,0.0608424336973479,0.0233281493001555,0.0015600624024961,0.130232558139535,0.144560357675112,0.156645569620253,0.16030534351145,0.15,0.0457413249211356,0.0552147239263804,0.155384615384615,0.0233281493001555,0.00933125972006221,0.0372670807453416,0.0263975155279503,0.0585516178736518,0.153374233128834,0.0260336906584992,0.141479099678457,0.148773006134969,0.0443740095087163,0.140215716486903,0.0392156862745098,0.150306748466258,0.187116564417178,0.145864661654135,0.148377125193199
"269",0.684887459807074,0.6828125,0.7109375,0.729299363057325,0.706645056726094,0.683954619124797,0.711568938193344,0.724409448818898,0.692546583850932,0,0.678740157480315,0,0.721617418351477,0.678571428571429,0.372641509433962,0.322884012539185,0,0.00796178343949045,0.681229773462783,0.705790297339593,0.454545454545455,0.340390879478827,0.681047765793529,0,0.7078125,0.522012578616352,0.394984326018809,0.690208667736758,0.646788990825688,0.689814814814815,0.313084112149533,0.985826771653543,0.796178343949045,0.470404984423676,0,0.690208667736758,0.0170807453416149,0.686915887850467,0.539755351681957,0.665137614678899,0,0.0078003120124805,0.00155763239875389,0.698564593301435,0.75,0.3296,0.646781789638933,0.311708860759494,0.659509202453988,0.427244582043344,0,0.696682464454976,0.518867924528302,0.680314960629921,0.693548387096774,0.459677419354839,0,0.695161290322581,0.689335394126739,0.801538461538462,0.492138364779874,0.625,0.31911532385466,0,0.705977382875606,0.724884080370943,0,0.690208667736758,0,0.302884615384615,0.665629860031104,0.322378716744914,0.331761006289308,0.689814814814815,0,0.770440251572327,0.357698289269051,0.650943396226415,0.771844660194175,0.520798668885191,0,0.923076923076923,0.498470948012232,0.674922600619195,0.421133231240429,0.746835443037975,0.684867394695788,0.712962962962963,0.690402476780186,0.00303490136570561,0.67246835443038,0.681538461538462,0,0,0.709208400646204,0,0.527472527472527,0.697637795275591,0.00153846153846154,0.00313479623824451,0.667711598746082,0,0.532695374800638,0.68621236133122,0.408882082695253,0.693548387096774,0.00478468899521531,0.690251572327044,0.320754716981132,0.314785373608903,0.326086956521739,0.702093397745572,0.583850931677019,0.682034976152623,0,0.704968944099379,1,0,0.321538461538462,0.487341772151899,0,0.801872074882995,0.503852080123267,0.383386581469649,0.688087774294671,0.426584234930448,0.679447852760736,0.692429022082019,0,0.658346333853354,0.7376,0.57484076433121,0.690208667736758,0,0.666666666666667,0.333333333333333,0,0.492012779552716,0.677830940988836,0.637380191693291,0,0,0.70735524256651,0.744514106583072,0.441786283891547,0.68025078369906,0.326498422712934,0.732198142414861,0.603896103896104,0.688473520249221,0.434713375796178,0.686614173228347,0.69551282051282,0.678683385579937,0.673469387755102,0.312599681020734,0.67398119122257,0.302694136291601,0,0.729264475743349,0.766412213740458,0.68895800933126,0.329268292682927,0,0.68,0.668810289389068,0.691935483870968,0.688575899843505,0.685534591194969,0.480857580398162,0.719188767550702,0.310618066561014,0.716486902927581,0.32,0.745283018867924,0.587774294670846,0,0.689335394126739,0,0.70440251572327,0.676145339652449,0.388709677419355,0.715396578538103,0.704866562009419,0.680851063829787,0.68895800933126,0.397174254317111,0.60708782742681,0.705501618122977,0.722044728434505,0.341013824884793,0.306477093206951,0.692307692307692,0.713395638629283,0,0,0.55993690851735,0,0.676923076923077,0.53405572755418,0.716346153846154,0.702954898911353,0.690548780487805,0.613672496025437,0.549230769230769,0.522906793048973,0.680379746835443,0.695102685624013,0.790446841294299,0,0.697819314641745,0.465266558966074,0.72408293460925,0.313479623824451,0.376524390243902,0.649206349206349,0.688783570300158,0.6828125,0.815748031496063,0.697347893915757,0.735340729001585,0,0.383775351014041,0.710566615620214,0.685714285714286,0,0.684129429892142,0.698630136986301,0.658385093167702,0.6198738170347,0.676703645007924,0.680713128038898,0.575277337559429,0,0.717125382262997,0.7664,0.716129032258065,0.320126782884311,0.705521472392638,0.691318327974277,0.678071539657854,0.702060221870048,0.647058823529412,0.320695102685624,0.703001579778831,0.652647975077882,0.319571865443425,0.296923076923077,0.442307692307692,0.295133437990581,0.429260450160772,0.684931506849315,0.319314641744548,0.31924882629108,0.327160493827161,0.677519379844961,0.362179487179487,0.704944178628389,0.0048,0.300157977883096,0,0.492138364779874,0.690590111642743,0.691338582677165,0.707086614173228,0,0.75767366720517,0.702325581395349,1,0.807153965785381,0.658767772511848,0.532488114104596,0.0046875,0.674230145867099,0.409230769230769,0.964912280701754,0.734276729559748,0.329704510108865,0.695652173913043,0.326018808777429,0.413416536661466,0.684782608695652,0.682410423452769,0.707395498392283,0,0.685534591194969,0.713153724247227,0,0.299531981279251,0.710606060606061,0.714285714285714,0,0.319314641744548,0.306501547987616,0.708133971291866,0.799352750809062,0.308681672025723,0,0.588328075709779,0.703470031545741,0.789473684210526,0.601880877742947,0.699680511182109,0.691358024691358,0.315457413249211,0.688073394495413,0.682316118935837,0.325434439178515,0.705696202531646,0.691455696202532,0.684627575277338,0.692789968652038,0.456556082148499,0.532507739938081,0.549920760697306,0.698541329011345,0.713128038897893,0.031055900621118,0.497637795275591,0.708074534161491,0.430359937402191,0.524316109422492,0.694915254237288,0.698890649762282,0.718027734976888,0.720064724919094,0.671826625386997,0.496815286624204,0.712286158631415,0.686804451510334,0,0.5640625,0.643548387096774,0.32967032967033,0.0327613104524181,0.309006211180124,0.69435736677116,0.323943661971831,0.314152410575428,0,0.486529318541997,0.683788121990369,0.375586854460094,0.707037643207856,0.712264150943396,0.689873417721519,0.540540540540541,0.536704730831974,0.690851735015773,0.614767255216693,0,0.724409448818898,0.320433436532508,0.346687211093991,0.495283018867925,0.686305732484076,0.325617283950617,0,0.557120500782473,0.303125,0.330696202531646,0.653125,0.685534591194969,0.541935483870968,0.668810289389068,0.676751592356688,0,0.683333333333333,0.308049535603715,0.684615384615385,0.728971962616822,0.691297208538588,0.324451410658307,0.693846153846154,0.308892355694228,0.662974683544304,0.789808917197452,0.707241910631741,0.696540880503145,0.674418604651163,0.52755905511811,0.699212598425197,0.680981595092024,0.317629179331307,0.334394904458599,0.689984101748808,0.682242990654206,0.555729984301413,0.659375,0.694668820678514,0.713395638629283,0.677570093457944,0,0.409090909090909,0.692551505546751,0.334394904458599,0,0.714285714285714,0.0032258064516129,0.3616,0.682852807283763,0.69620253164557,0,0.678018575851393,0.602201257861635,0.722488038277512,0.30064308681672,0.702922077922078,0.676948051948052,0.598715890850722,0.663026521060842,0.8609375,0,0.454121306376361,0.713141025641026,0.689873417721519,0.630331753554502,0.67981072555205,0.678807947019868,0.33125,0.00156494522691706,0.686335403726708,0.694488188976378,0.713836477987421,0.690402476780186,0.307936507936508,0.770334928229665,0.496845425867508,0.44390243902439,0.00155038759689922,0.690095846645367,0.66031746031746,0.748043818466354,0,0.548231511254019,0.755868544600939,0.690737833594976,0.720496894409938,0.399089529590288,0,0,0.673621460506706,0.690184049079755,0,0.713831478537361,0.00316957210776545,0,0,0.69435736677116,0,0.698717948717949,0.674015748031496,0.641221374045801,0.670769230769231,0,0,0.694488188976378,0.708396946564885,0.753125,0.324534161490683,0,0.70404984423676,0.666666666666667,0.693396226415094,0.657935285053929,0.568690095846645,0,0.694835680751174,0.319554848966614,0.734726688102894,0.379365079365079,0,0.324242424242424,0.417061611374408,0.580226904376013,0.666146645865835,0,0.735384615384615,0.701587301587302,0.688751926040062,0,0.382165605095541,0.68976897689769,0.314935064935065,0.678571428571429,0.679938744257274,0.322480620155039,0.673946957878315,0.558641975308642,0.7,0.325434439178515,0.448387096774194,0.699044585987261,0.00315955766192733,0.3140625,0.704791344667697,0.338187702265372,0.768,0.7232,0,0.40746500777605,0.821543408360129,0.518927444794953,0.691107644305772,0.317757009345794,0.464396284829721,0.546644844517185,0.716486902927581,0.792307692307692,0.701754385964912,0.729903536977492,0,0.682098765432099,0.314728682170543,0.662974683544304,0.594594594594595,0.310185185185185,0.684542586750789,0.705511811023622,0.677165354330709,0.70846394984326,0.711598746081505,0.420634920634921,0.486529318541997,0.7078125,0.714508580343214,0,0,0.691823899371069,0.702875399361022,0.330696202531646,0.710862619808307,0.705607476635514,0.603395061728395,0.717495987158908,0.683042789223455,0.70606531881804,0,0.70429252782194,0.548335974643423,0.678683385579937,0.675118858954041,0,0.689655172413793,0.70253164556962,0.3136,0.71405750798722,0.564263322884012,0.713855421686747,0.784810126582278,0.683409436834094,0.392694063926941,0.694267515923567,0.686520376175549,0.717868338557994,0.538336052202284,0.378335949764521,0.703588143525741,0.677966101694915,0.00153374233128834,0.741885625965997,0.597222222222222,0.5265625,0.868131868131868,0.686804451510334,0.6928,0.705148205928237,0.155015197568389,0.320846905537459,0,0.813990461049285,0.300632911392405,0.31201248049922,0.542452830188679,0,0.698738170347003,0.728395061728395,0.681388012618297,0.680981595092024,0.393081761006289,0.321316614420063,0,0,0.453525641025641,0.376395534290271,0.436305732484076,0,0.307219662058372,0.689547581903276,0.143076923076923,0.53968253968254,0.688102893890675,0.659937888198758,0.680817610062893,0.762870514820593,0.724458204334365,0,0.687022900763359,0.585987261146497,0.643987341772152,0.732307692307692,0.690880989180835,0.598449612403101,0.00307692307692308,0.738993710691824,0.73374613003096,0,0.690658499234303,0.32398753894081,0.681818181818182,0.523510971786834,0,0.00156739811912226,0.668308702791461,0.846275752773376,0.324534161490683,0.4336,0.00312989045383412,0,0.709531013615734,0.32475884244373,0.679738562091503,0.589665653495441,0.694915254237288,0.308166409861325,0.524844720496894,0.561797752808989,0.796502384737679,0.373182552504039,0.315707620528771,0,0.351437699680511,0,0.683641975308642,0.275244299674267,0.698940998487141,0.314102564102564,0.697749196141479,0,0.705792682926829,0.646496815286624,0.66875,0,0.676923076923077,0,0.652733118971061,0.698142414860681,0,0.678516228748068,0.689381933438986,0.70952380952381,0.729001584786054,0.349304482225657,0,0.682965299684543,0.514820592823713,0,0.9953125,0.295180722891566,0.335889570552147,0.683962264150943,0.678913738019169,0.68266253869969,0.681962025316456,0.6896,0,0.681528662420382,0.0139318885448916,0.548837209302326,0.5390625,0.690880989180835,0.702194357366771,0.690880989180835,0.69170579029734,0.0512422360248447,0.333860759493671,0.697068403908795,0.705329153605016,0.708074534161491,0.690513219284603,0.694915254237288,0.72952086553323,0,0,0.673716012084592,0,0.359567901234568,0.00156494522691706,0.715396578538103,0.513776337115073,0.506430868167203,0.435658914728682,0.716108452950558,0,0.405660377358491,0.67981072555205,0.698757763975155,0.728125,0.604229607250755,0.476119402985075,0.44969512195122,0.68860353130016,0.311526479750779,0.413522012578616,0.669796557120501,0.4953125,0.711356466876972,0.316358024691358,0,0.3,0.544117647058823,0.687702265372168,0.649842271293375,0.510703363914373,0.686728395061728,0.774844720496894,0.678516228748068,0.730519480519481,0.690322580645161,0.692682926829268,0.685126582278481,0.7,0.637223974763407,0.685446009389671,0.314112291350531,0.313178294573643,0.79153605015674,0.00464396284829721,0.693623639191291,0.676100628930818,0,0.409967845659164,0,0.722662440570523,0,0.699844479004666,0.684375,0.309707241910632,0.691455696202532,0.678627145085803,0.70906200317965,0.670295489891135,0.709320695102686,0,0,0.726229508196721,0.723404255319149,0.685446009389671,0,0,0.323432343234323,0.488653555219365,0.55,0,0.687888198757764,0,0.690705128205128,0.679092382495948,0.413848631239936,0.503912363067293,0,0.584786053882726,0.665620094191523,0.650306748466258,0.709480122324159,0.741835147744946,0.330232558139535,0.707592891760905,0.0499219968798752,0.686900958466454,0,0.701863354037267,0.00155038759689922,0.685897435897436,0.327974276527331,0.197160883280757,0,0,0.816485225505443,0.688498402555911,0.707692307692308,0.632530120481928,0.334355828220859,0.329073482428115,0.671875,0.672205438066465,0,0.325471698113208,0.688783570300158,0,0.687301587301587,0.703533026113671,0.378164556962025,0.021875,0.300157977883096,0.679012345679012,0.627760252365931,0.360501567398119,0.40194489465154,0.41304347826087,0.760904684975767,0.387944358578053,0.7,0,0.724409448818898,0.676380368098159,0.00158227848101266,0,0.314199395770393,0,0.309006211180124,0.680124223602484,0.691573926868045,0.323671497584541,0.311605723370429,0.662420382165605,0.711568938193344,0.624213836477987,0.0307692307692308,0.303858520900322,0.057784911717496,0.0218408736349454,0,0.283676703645008,0.312781954887218,0.310618066561014,0.326625386996904,0.30568356374808,0.0267295597484277,0.0342146189735614,0.327102803738318,0.0217729393468118,0.00972447325769854,0.0364500792393027,0.0231124807395994,0.034375,0.335949764521193,0.0235478806907378,0.315619967793881,0.329652996845426,0.0256,0.316037735849057,0.0383435582822086,0.324367088607595,0.3203125,0.319148936170213,0.322734499205087
"270",0.596491228070175,0.580996884735203,0.638065522620905,0.642405063291139,0.619582664526485,0.597464342313788,0.641148325358852,0.615987460815047,0.600917431192661,0,0.60731319554849,0,0.697996918335901,0.6016,0.436708860759494,0.418856259659969,0,0.00482315112540193,0.590982286634461,0.616224648985959,0.499219968798752,0.420711974110032,0.606481481481482,0,0.627725856697819,0.54675118858954,0.467817896389325,0.597087378640777,0.654377880184332,0.671850699844479,0.407407407407407,0.845553822152886,0.763955342902711,0.517774343122102,0,0.593406593406593,0.0123456790123457,0.593457943925234,0.603915662650602,0.584615384615385,0,0.00462962962962963,0,0.607936507936508,0.674230145867099,0.41838351822504,0.650793650793651,0.386541471048513,0.661585365853659,0.493108728943338,0,0.591836734693878,0.572981366459627,0.606687898089172,0.643081761006289,0.543269230769231,0,0.600961538461538,0.607142857142857,0.706521739130435,0.529042386185243,0.625,0.398089171974522,0,0.635930047694754,0.661490683229814,0,0.6109375,0,0.388272583201268,0.608024691358025,0.397798742138365,0.412772585669782,0.589939024390244,0,0.734567901234568,0.447692307692308,0.655384615384615,0.685805422647528,0.647933884297521,0,0.774242424242424,0.550834597875569,0.588785046728972,0.4796875,0.659476117103236,0.599383667180277,0.608490566037736,0.604361370716511,0,0.595879556259905,0.591194968553459,0,0,0.609324758842444,0,0.537383177570093,0.610591900311526,0.00154320987654321,0.00155763239875389,0.659305993690852,0,0.594936708860759,0.601574803149606,0.466463414634146,0.5890625,0,0.615023474178404,0.399046104928458,0.416536661466459,0.422018348623853,0.625196850393701,0.672926447574335,0.594976452119309,0,0.614551083591331,0.805946791862285,0,0.406201550387597,0.554313099041534,0,0.764797507788162,0.548837209302326,0.465378421900161,0.592823712948518,0.475667189952904,0.592248062015504,0.5953125,0,0.6265625,0.645007923930269,0.585326953748006,0.607371794871795,0,0.599686028257457,0.406392694063927,0,0.524256651017214,0.657728706624606,0.629570747217806,0,0,0.612244897959184,0.694444444444444,0.511254019292605,0.594976452119309,0.406885758998435,0.65,0.701095461658842,0.60061919504644,0.49203821656051,0.600313479623824,0.601587301587302,0.642633228840125,0.602484472049689,0.374800637958533,0.592476489028213,0.407643312101911,0,0.686614173228347,0.692660550458716,0.608695652173913,0.429230769230769,0,0.591049382716049,0.654895666131621,0.587947882736156,0.600308641975309,0.60625,0.522273425499232,0.617873651771957,0.426751592356688,0.635239567233385,0.403053435114504,0.682965299684543,0.619565217391304,0,0.609448818897638,0,0.661490683229814,0.589622641509434,0.460925039872408,0.6171875,0.618012422360248,0.591867469879518,0.609567901234568,0.492331288343558,0.679878048780488,0.63562091503268,0.639109697933227,0.435054773082942,0.388802488335925,0.611111111111111,0.662538699690402,0,0,0.56782334384858,0,0.612307692307692,0.61171032357473,0.653125,0.662557781201849,0.597859327217125,0.592948717948718,0.581430745814307,0.562599049128368,0.629107981220657,0.60952380952381,0.711180124223602,0,0.622119815668203,0.5103668261563,0.646687697160883,0.413793103448276,0.469483568075117,0.635071090047393,0.613458528951487,0.609756097560976,0.7796875,0.594427244582043,0.681388012618297,0,0.46551724137931,0.674772036474164,0.599364069952305,0,0.603421461897356,0.608562691131499,0.638198757763975,0.656739811912226,0.594043887147335,0.583732057416268,0.586583463338534,0,0.633802816901408,1,0.622366288492707,0.41304347826087,0.617378048780488,0.605678233438486,0.601866251944012,0.626582278481013,0.649691358024691,0.417460317460317,0.619195046439629,0.633956386292835,0.402124430955994,0.393343419062027,0.4859375,0.389589905362776,0.5,0.636503067484663,0.415765069551777,0.410216718266254,0.410015649452269,0.666156202143951,0.4384,0.6120826709062,0,0.393416927899687,0,0.518341307814992,0.605345911949686,0.605678233438486,0.616822429906542,0,0.704944178628389,0.617151607963247,0.807153965785381,1,0.671361502347418,0.557324840764331,0,0.580031695721078,0.482225656877898,0.821656050955414,0.634674922600619,0.413145539906103,0.673913043478261,0.413145539906103,0.475,0.600910470409712,0.596091205211726,0.64297253634895,0,0.660091047040971,0.631832797427653,0,0.395672333848532,0.647692307692308,0.625,0,0.405320813771518,0.399375975039002,0.628664495114006,0.720379146919431,0.401612903225806,0,0.592823712948518,0.615873015873016,0.697996918335901,0.674418604651163,0.672985781990521,0.624806201550388,0.406491499227202,0.58887171561051,0.596546310832025,0.412322274881517,0.643302180685358,0.604651162790698,0.613526570048309,0.605919003115265,0.551401869158878,0.569875776397516,0.570107858243451,0.608626198083067,0.629807692307692,0.0261538461538462,0.554711246200608,0.625391849529781,0.506269592476489,0.591527987897126,0.611197511664075,0.601895734597156,0.619651347068146,0.701923076923077,0.582952815829528,0.541666666666667,0.623255813953488,0.578274760383387,0,0.582689335394127,0.628346456692913,0.407751937984496,0.025,0.403400309119011,0.624012638230648,0.410852713178295,0.400936037441498,0,0.574803149606299,0.61189358372457,0.45,0.609872611464968,0.631007751937985,0.598145285935085,0.580952380952381,0.541062801932367,0.682389937106918,0.676328502415459,0,0.671339563862928,0.399096385542169,0.421779141104294,0.565950920245399,0.599686028257457,0.408736349453978,0,0.607142857142857,0.391975308641975,0.420289855072464,0.653061224489796,0.59047619047619,0.677067082683307,0.581818181818182,0.606060606060606,0,0.602102102102102,0.393568147013783,0.596599690880989,0.68075117370892,0.608414239482201,0.416024653312789,0.617054263565891,0.400621118012422,0.588976377952756,0.731132075471698,0.626934984520124,0.619344773790952,0.590979782270607,0.565149136577708,0.614173228346457,0.598793363499246,0.41321044546851,0.415644171779141,0.602564102564103,0.599078341013825,0.695987654320988,0.588597842835131,0.594813614262561,0.650231124807396,0.594427244582043,0,0.482258064516129,0.604395604395604,0.412225705329154,0,0.638198757763975,0,0.44620253164557,0.588785046728972,0.621451104100946,0,0.647887323943662,0.633757961783439,0.628205128205128,0.395498392282958,0.660347551342812,0.592295345104334,0.6144,0.646341463414634,0.738582677165354,0,0.513931888544892,0.612641815235008,0.595813204508857,0.649532710280374,0.58528951486698,0.592409240924092,0.427444794952681,0.0015527950310559,0.60882800608828,0.603149606299213,0.621705426356589,0.667701863354037,0.403785488958991,0.693877551020408,0.553125,0.496677740863787,0,0.677725118483412,0.645631067961165,0.71850699844479,0,0.620578778135048,0.65210608424337,0.68160741885626,0.876543209876543,0.478978978978979,0,0,0.57973174366617,0.584732824427481,0,0.632398753894081,0,0,0,0.60377358490566,0,0.60952380952381,0.631901840490798,0.634848484848485,0.595712098009188,0,0,0.609717868338558,0.628787878787879,0.733542319749216,0.404024767801858,0,0.643302180685358,0.666144200626959,0.616588419405321,0.665629860031104,0.662957074721781,0,0.608359133126935,0.396496815286624,0.6513470681458,0.467511885895404,0,0.40695915279879,0.472178060413355,0.5787728026534,0.59253499222395,0,0.631901840490798,0.622083981337481,0.598449612403101,0,0.459119496855346,0.621710526315789,0.4,0.58887171561051,0.599085365853659,0.418096723868955,0.582298136645963,0.583724569640063,0.664586583463339,0.403453689167975,0.516908212560386,0.627358490566038,0,0.398148148148148,0.618683001531394,0.423756019261637,0.762282091917591,0.66877971473851,0,0.480857580398162,0.782334384858044,0.54375,0.608695652173913,0.404388714733542,0.519260400616333,0.576547231270358,0.641337386018237,0.707390648567119,0.627358490566038,0.717948717948718,0,0.610769230769231,0.400306748466258,0.586921850079745,0.586151368760064,0.406727828746177,0.587326120556414,0.6125,0.58609794628752,0.660910518053375,0.621913580246914,0.488076311605723,0.525984251968504,0.618973561430793,0.650793650793651,0,0,0.60223642172524,0.613268608414239,0.421553090332805,0.628571428571429,0.618973561430793,0.6,0.635499207606973,0.661904761904762,0.645510835913313,0,0.613354037267081,0.577106518282989,0.6,0.599683544303797,0,0.6672,0.617224880382775,0.39622641509434,0.715421303656598,0.658767772511848,0.654761904761905,0.728295819935691,0.625954198473282,0.471299093655589,0.6171875,0.601866251944012,0.62085308056872,0.550888529886914,0.439252336448598,0.604327666151468,0.595054095826893,0,0.672307692307692,0.594679186228482,0.640699523052464,0.749608763693271,0.590189873417722,0.639625585023401,0.598449612403101,0.145482388973966,0.399022801302932,0,0.756289308176101,0.40829346092504,0.407232704402516,0.647887323943662,0,0.591549295774648,0.652307692307692,0.582018927444795,0.58641975308642,0.488372093023256,0.412322274881517,0,0,0.50796178343949,0.448717948717949,0.513385826771654,0,0.411214953271028,0.588419405320814,0.195384615384615,0.562009419152276,0.607655502392344,0.647335423197492,0.595238095238095,0.720858895705521,0.675883256528418,0,0.60655737704918,0.59717868338558,0.632423756019262,0.648318042813456,0.590266875981162,0.6156202143951,0.00156739811912226,0.6421875,0.622496147919877,0,0.619119878603945,0.3950233281493,0.598070739549839,0.5546875,0,0,0.662957074721781,0.731554160125589,0.417956656346749,0.535657686212361,0,0,0.719879518072289,0.408227848101266,0.594462540716612,0.657407407407407,0.595384615384615,0.406153846153846,0.553158705701079,0.570300157977883,0.7136,0.422077922077922,0.410575427682737,0,0.4296875,0,0.599383667180277,0.344497607655502,0.607518796992481,0.403508771929825,0.596774193548387,0,0.690880989180835,0.639370078740157,0.589783281733746,0,0.593220338983051,0,0.685483870967742,0.603395061728395,0,0.644067796610169,0.605055292259084,0.653666146645866,0.646031746031746,0.44031007751938,0,0.595611285266458,0.605723370429253,0,0.849144634525661,0.399394856278366,0.413476263399694,0.590189873417722,0.601895734597156,0.611111111111111,0.593354430379747,0.612341772151899,0,0.605015673981191,0.00309597523219814,0.578294573643411,0.661466458658346,0.596573208722741,0.607535321821036,0.60790273556231,0.6125,0.0573643410852713,0.416536661466459,0.604234527687296,0.618012422360248,0.676923076923077,0.610591900311526,0.603686635944701,0.62596599690881,0,0,0.604545454545454,0,0.449922958397535,0,0.614173228346457,0.6120826709062,0.557877813504823,0.497716894977169,0.651968503937008,0.0015625,0.486068111455108,0.598425196850394,0.600624024960998,0.693270735524257,0.625748502994012,0.551415797317437,0.558599695585997,0.646103896103896,0.410493827160494,0.455384615384615,0.6421875,0.549206349206349,0.683812405446294,0.398744113029827,0,0.39589905362776,0.567092651757188,0.596434359805511,0.62111801242236,0.553544494720965,0.671296296296296,0.708006279434851,0.592649310872894,0.634493670886076,0.605769230769231,0.610142630744849,0.606973058637084,0.815457413249211,0.681538461538462,0.587962962962963,0.416918429003021,0.404615384615385,0.702660406885759,0,0.590697674418605,0.587596899224806,0,0.462035541195477,0,0.628125,0,0.61198738170347,0.597791798107255,0.403697996918336,0.658767772511848,0.588509316770186,0.657142857142857,0.622083981337481,0.640378548895899,0,0,0.636807817589576,0.635276532137519,0.604006163328197,0,0,0.398058252427184,0.552352048558422,0.5600624024961,0,0.868670886075949,0,0.633440514469453,0.607594936708861,0.465189873417722,0.571205007824726,0,0.625796178343949,0.645569620253165,0.580246913580247,0.620743034055728,0.66046511627907,0.422291993720565,0.642276422764228,0.0393081761006289,0.591482649842271,0,0.61171032357473,0,0.606060606060606,0.43015873015873,0.267090620031797,0,0,0.770416024653313,0.627642276422764,0.636222910216718,0.627659574468085,0.404615384615385,0.412772585669782,0.610759493670886,0.629573170731707,0,0.440625,0.610759493670886,0,0.603174603174603,0.628125,0.454828660436137,0.0168711656441718,0.394736842105263,0.586153846153846,0.674528301886792,0.451816745655608,0.501602564102564,0.491499227202473,0.758454106280193,0.436335403726708,0.597444089456869,0,0.688394276629571,0.606758832565284,0,0,0.396084337349398,0,0.415094339622642,0.590342679127726,0.65,0.401913875598086,0.411111111111111,0.64274322169059,0.627358490566038,0.639016897081413,0.0257575757575758,0.402866242038217,0.0563607085346216,0.0141509433962264,0,0.366197183098592,0.392481203007519,0.398073836276083,0.423017107309487,0.410216718266254,0.0237717908082409,0.0306748466257669,0.422839506172839,0.0155038759689922,0.00320512820512821,0.0328125,0.0213414634146341,0.029320987654321,0.405023547880691,0.0233644859813084,0.405797101449275,0.409657320872274,0.0224,0.410658307210031,0.038109756097561,0.417818740399386,0.391442155309033,0.406855439642325,0.4046875
"271",0.454258675078864,0.4625,0.481424148606811,0.51219512195122,0.46353322528363,0.458401305057096,0.520440251572327,0.479559748427673,0.445131375579598,0,0.460093896713615,0,1,0.460547504025765,0.563182527301092,0.562403697996918,0,0.0078740157480315,0.460674157303371,0.462264150943396,0.588050314465409,0.548440065681445,0.457627118644068,0,0.49144634525661,0.640944881889764,0.568690095846645,0.439490445859873,0.590138674884438,0.5546875,0.542372881355932,0.668253968253968,0.621019108280255,0.561514195583596,0,0.454258675078864,0.013953488372093,0.446372239747634,0.621745788667688,0.482919254658385,0,0.0062402496099844,0.00154083204930663,0.436908517350158,0.566068515497553,0.5648,0.6528,0.547049441786284,0.599393019726859,0.574923547400612,0,0.461059190031153,0.584518167456556,0.450079239302694,0.506389776357827,0.610576923076923,0,0.45,0.454404945904173,0.559006211180124,0.575899843505477,0.589147286821705,0.548489666136725,0,0.512861736334405,0.545171339563863,0,0.451816745655608,0,0.541139240506329,0.489922480620155,0.52241112828439,0.542264752791069,0.439509954058193,0,0.593220338983051,0.560747663551402,0.627575277337559,0.517857142857143,0.654036243822076,0,0.636080870917574,0.704892966360856,0.455246913580247,0.5890625,0.515673981191223,0.448275862068966,0.452830188679245,0.472049689440994,0.00153846153846154,0.464968152866242,0.45141065830721,0,0,0.468497576736672,0,0.610328638497653,0.466981132075472,0,0.00156739811912226,0.624012638230648,0,0.621283255086072,0.446774193548387,0.575803981623277,0.453674121405751,0.00313479623824451,0.479813664596273,0.560897435897436,0.544891640866873,0.542768273716952,0.502392344497608,0.647151898734177,0.463836477987421,0,0.472868217054264,0.665109034267913,0,0.568253968253968,0.598736176935229,0,0.641838351822504,0.620472440944882,0.565008025682183,0.461778471138846,0.598130841121495,0.455098934550989,0.447040498442368,0,0.603715170278638,0.500794912559618,0.576243980738363,0.456279809220986,0,0.46839546191248,0.560371517027864,0,0.617977528089888,0.643987341772152,0.610662358642973,0,0,0.470404984423676,0.585987261146497,0.6192,0.44006309148265,0.552547770700637,0.497652582159624,0.646496815286624,0.466257668711656,0.59170653907496,0.462145110410095,0.454983922829582,0.534267912772586,0.455259026687598,0.544728434504792,0.456386292834891,0.546899841017488,0,0.573248407643312,0.544615384615385,0.45046439628483,0.565015479876161,0,0.459627329192547,0.604166666666667,0.454844006568144,0.462025316455696,0.453834115805947,0.56055900621118,0.466248037676609,0.538950715421304,0.475609756097561,0.559090909090909,0.51685393258427,0.651162790697674,0,0.478672985781991,0,0.541996830427892,0.444790046656299,0.5728,0.471698113207547,0.491338582677165,0.452887537993921,0.455950540958269,0.597464342313788,0.642857142857143,0.488782051282051,0.498417721518987,0.563981042654028,0.558320373250389,0.457869634340223,0.513260530421217,0,0,0.640944881889764,0,0.434984520123839,0.634674922600619,0.515151515151515,0.576506955177743,0.452566096423017,0.582278481012658,0.581648522550544,0.616260162601626,0.498427672955975,0.489763779527559,0.547692307692308,0,0.499219968798752,0.608482871125612,0.493730407523511,0.541139240506329,0.614916286149163,0.615987460815047,0.455974842767296,0.463565891472868,0.607936507936508,0.447040498442368,0.542130365659777,0,0.643410852713178,0.593167701863354,0.451355661881978,0,0.461658841940532,0.467164179104478,0.609302325581395,0.599378881987578,0.459247648902821,0.451718494271686,0.610492845786963,0,0.508371385083714,0.677570093457944,0.464,0.555209953343701,0.484472049689441,0.453100158982512,0.440251572327044,0.503937007874016,0.594090202177294,0.558213716108453,0.46801872074883,0.651162790697674,0.541538461538462,0.533127889060092,0.57556270096463,0.551724137931034,0.5968,0.55054432348367,0.555905511811024,0.551724137931034,0.549079754601227,0.588325652841782,0.585326953748006,0.457735247208931,0.00316455696202532,0.532915360501567,0,0.590189873417722,0.460063897763578,0.460218408736349,0.492979719188768,0,0.549114331723027,0.523956723338485,0.658767772511848,0.671361502347418,1,0.566188197767145,0.00312989045383412,0.436908517350158,0.569858712715856,0.646203554119548,0.487961476725522,0.561430793157076,0.541864139020537,0.551242236024845,0.583987441130298,0.448698315467075,0.447368421052632,0.493610223642172,0,0.564142194744977,0.515007898894155,0,0.53953488372093,0.513056835637481,0.464566929133858,0,0.563271604938272,0.541411042944785,0.46984126984127,0.611556982343499,0.561797752808989,0,0.627329192546584,0.47244094488189,0.582434514637905,0.641860465116279,0.572347266881029,0.478328173374613,0.553990610328638,0.458914728682171,0.43944099378882,0.551282051282051,0.482919254658385,0.456828885400314,0.458466453674121,0.460567823343849,0.621875,0.580996884735203,0.617322834645669,0.460063897763578,0.492730210016155,0.0233281493001555,0.608974358974359,0.476489028213166,0.622848200312989,0.597579425113464,0.464566929133858,0.461172741679873,0.476415094339623,0.601910828025478,0.43778801843318,0.588516746411483,0.481072555205047,0.453525641025641,0,0.599688473520249,0.577352472089314,0.564668769716088,0.0276923076923077,0.5453125,0.492138364779874,0.535211267605634,0.547049441786284,0,0.633070866141732,0.45324881141046,0.572107765451664,0.477124183006536,0.483359746434231,0.46551724137931,0.620253164556962,0.620578778135048,0.592417061611374,0.630872483221476,0,0.55784469096672,0.549923195084485,0.565149136577708,0.606201550387597,0.446078431372549,0.559429477020602,0,0.606201550387597,0.539906103286385,0.565286624203822,0.683464566929134,0.456869009584665,0.647435897435897,0.440789473684211,0.455271565495208,0,0.46577380952381,0.541795665634675,0.450858034321373,0.553654743390358,0.455128205128205,0.557993730407524,0.458786936236392,0.544871794871795,0.497645211930926,0.593996840442338,0.485225505443235,0.459752321981424,0.452978056426332,0.616459627329193,0.467614533965245,0.452859350850077,0.553516819571865,0.555205047318612,0.456418383518225,0.450949367088608,0.662015503875969,0.473186119873817,0.463768115942029,0.5,0.43167701863354,0,0.583870967741935,0.451968503937008,0.551342812006319,0,0.470031545741325,0.00158227848101266,0.565286624203822,0.441860465116279,0.470494417862839,0,0.599364069952305,0.666141732283465,0.460925039872408,0.552674230145867,0.530351437699681,0.447452229299363,0.586921850079745,0.583987441130298,0.599364069952305,0,0.602543720190779,0.461661341853035,0.455414012738854,0.67246835443038,0.4546875,0.449752883031302,0.565286624203822,0.00155763239875389,0.465116279069767,0.464114832535885,0.494417862838915,0.616954474097331,0.5484375,0.5392,0.617693522906793,0.57799671592775,0.00154798761609907,0.611374407582938,0.550955414012739,0.603421461897356,0,0.628058727569331,0.518927444794953,0.609034267912773,0.679938744257274,0.58599695585997,0,0,0.434848484848485,0.46141975308642,0,0.498427672955975,0.00318979266347687,0,0,0.457463884430177,0,0.470016207455429,0.519747235387046,0.58868501529052,0.452054794520548,0,0,0.4640625,0.48780487804878,0.601246105919003,0.555727554179567,0,0.511627906976744,0.576506955177743,0.452380952380952,0.652777777777778,0.6464,0,0.474921630094044,0.557692307692308,0.517684887459807,0.570739549839228,0,0.542113323124043,0.576190476190476,0.548013245033113,0.455259026687598,0,0.499236641221374,0.454976303317536,0.441497659906396,0,0.5936,0.466777408637874,0.551554828150573,0.459167950693374,0.457364341085271,0.551342812006319,0.454263565891473,0.626582278481013,0.535545023696682,0.5424,0.588045234248788,0.485179407176287,0.0015748031496063,0.55608214849921,0.4625,0.565217391304348,0.62258064516129,0.589825119236884,0,0.570093457943925,0.646496815286624,0.621875,0.4765625,0.550473186119874,0.617283950617284,0.579901153212521,0.482388973966309,0.526964560862866,0.479750778816199,0.592891760904685,0,0.469483568075117,0.534775888717156,0.449139280125196,0.630470016207455,0.536697247706422,0.438569206842924,0.466988727858293,0.432859399684044,0.649921507064364,0.448979591836735,0.579617834394904,0.600961538461538,0.4640625,0.520440251572327,0,0,0.45125786163522,0.471061093247588,0.565705128205128,0.466666666666667,0.472698907956318,0.623052959501558,0.473515248796148,0.554502369668246,0.509259259259259,0,0.45583596214511,0.614285714285714,0.461538461538462,0.45440251572327,0,0.577708006279435,0.48314606741573,0.551669316375199,0.573208722741433,0.625386996904025,0.56797583081571,0.625199362041467,0.474732006125574,0.631498470948012,0.457463884430177,0.458135860979463,0.479559748427673,0.631493506493506,0.550860719874804,0.44794952681388,0.444272445820433,0,0.564814814814815,0.546165884194053,0.64576802507837,0.61189358372457,0.453543307086614,0.526813880126183,0.447574334898279,0.139605462822458,0.5456,0,0.594637223974763,0.545310015898251,0.536776212832551,0.652037617554859,0,0.46551724137931,0.561728395061728,0.44391785150079,0.449612403100775,0.674050632911392,0.53870458135861,0,0,0.597402597402597,0.563981042654028,0.592651757188498,0,0.545454545454545,0.438679245283019,0.243788819875776,0.5872,0.459807073954984,0.603503184713376,0.475357710651828,0.61633281972265,0.571870170015456,0,0.448012232415902,0.59967845659164,0.584394904458599,0.513056835637481,0.448916408668731,0.590769230769231,0.00157232704402516,0.482704402515723,0.489891135303266,0,0.480857580398162,0.555905511811024,0.440322580645161,0.556765163297045,0,0.00156739811912226,0.616026711185309,0.603864734299517,0.543171114599686,0.605815831987076,0.003125,0,0.561162079510703,0.556438791732909,0.447761194029851,0.626543209876543,0.451313755795981,0.544615384615385,0.578783151326053,0.658730158730159,0.5584,0.579207920792079,0.545171339563863,0,0.566510172143975,0,0.46046511627907,0.46353322528363,0.464939024390244,0.553090332805071,0.456140350877193,0,1,0.594976452119309,0.45,0,0.449768160741886,0,0.621578099838969,0.455399061032864,0,0.598449612403101,0.457142857142857,0.601895734597156,0.480707395498392,0.553846153846154,0,0.453834115805947,0.613418530351438,0,0.670807453416149,0.541984732824427,0.551724137931034,0.447452229299363,0.457735247208931,0.480122324159021,0.457869634340223,0.469648562300319,0,0.45511811023622,0.00938967136150235,0.622874806800618,0.646781789638933,0.448598130841121,0.450079239302694,0.455676516329705,0.460708782742681,0.0417956656346749,0.559505409582689,0.461028192371476,0.469483568075117,0.591614906832298,0.472952086553323,0.446177847113885,0.483619344773791,0,0,0.452054794520548,0,0.609907120743034,0,0.474178403755869,0.617741935483871,0.629213483146067,0.586854460093897,0.512038523274478,0.0015600624024961,0.577223088923557,0.464566929133858,0.46046511627907,0.575277337559429,0.61608497723824,0.662613981762918,0.617151607963247,0.624405705229794,0.5359375,0.569444444444444,0.609984399375975,0.588424437299035,0.598765432098765,0.550156739811912,0,0.533858267716535,0.614173228346457,0.449511400651466,0.555209953343701,0.608497723823976,0.624,0.553323029366306,0.451463790446841,0.492682926829268,0.457869634340223,0.45859872611465,0.462279293739968,0.652448657187994,0.639570552147239,0.4421875,0.560422960725076,0.536923076923077,0.552099533437014,0.00306748466257669,0.459665144596651,0.447852760736196,0,0.576433121019108,0,0.5,0,0.460218408736349,0.453396524486572,0.556923076923077,0.53577106518283,0.442218798151002,0.562998405103668,0.569182389937107,0.514469453376206,0,0,0.504854368932039,0.485714285714286,0.461538461538462,0,0,0.545746388443018,0.584234930448223,0.556782334384858,0,0.709119496855346,0,0.479233226837061,0.451510333863275,0.55448717948718,0.693374422187982,0,0.635350318471338,0.610410094637224,0.489763779527559,0.476190476190476,0.55,0.555382215288612,0.470588235294118,0.0630914826498423,0.453100158982512,0,0.453004622496148,0.00157232704402516,0.442834138486312,0.552715654952077,0.358851674641148,0,0,0.611023622047244,0.495081967213115,0.499210110584518,0.556923076923077,0.542113323124043,0.529225908372828,0.503961965134707,0.541984732824427,0,0.564465408805031,0.474258970358814,0,0.468292682926829,0.481366459627329,0.575235109717868,0.015748031496063,0.545878693623639,0.438871473354232,0.626984126984127,0.616954474097331,0.701923076923077,0.59375,0.608695652173913,0.552833078101072,0.469483568075117,0,0.569620253164557,0.459293394777266,0.00157728706624606,0,0.548632218844985,0,0.553822152886115,0.456521739130435,0.531914893617021,0.541269841269841,0.534920634920635,0.613057324840764,0.479935794542536,0.601226993865031,0.0184331797235023,0.540983606557377,0.0607553366174056,0.0158478605388273,0,0.470125786163522,0.531490015360983,0.538461538461538,0.553488372093023,0.54531490015361,0.0224358974358974,0.0267716535433071,0.541471048513302,0.015748031496063,0.008,0.0310077519379845,0.0139751552795031,0.0249221183800623,0.561128526645768,0.0172684458398744,0.565573770491803,0.56418383518225,0.0177133655394525,0.546031746031746,0.0303490136570561,0.549844236760125,0.518808777429467,0.532724505327245,0.552631578947368
"272",0.4544,0.465079365079365,0.452830188679245,0.475649350649351,0.442122186495177,0.434991974317817,0.507177033492823,0.451968503937008,0.464898595943838,0,0.465818759936407,0,0.565560821484992,0.446428571428571,0.5456,0.543581616481775,0,0.00811688311688312,0.469354838709677,0.474178403755869,0.584126984126984,0.56836902800659,0.478806907378336,0,0.481946624803768,0.562599049128368,0.580286168521463,0.448780487804878,0.689922480620155,0.527472527472527,0.537867078825348,0.5390625,0.598101265822785,0.614896988906498,0,0.445151033386327,0.0140845070422535,0.454689984101749,0.596923076923077,0.533333333333333,0,0.00630914826498423,0.0031496062992126,0.456026058631922,0.510534846029173,0.564102564102564,0.552547770700637,0.543887147335423,0.576323987538941,0.642967542503864,0,0.461783439490446,0.613057324840764,0.451510333863275,0.491909385113269,0.568438003220612,0,0.485759493670886,0.460691823899371,0.484177215189873,0.585055643879173,0.690140845070423,0.540192926045016,0,0.562903225806452,0.606349206349206,0,0.449760765550239,0,0.551053484602917,0.4921875,0.556782334384858,0.551834130781499,0.43213728549142,0,0.609302325581395,0.553459119496855,0.687400318979266,0.490322580645161,0.57672849915683,0,0.519623233908948,0.585780525502318,0.468847352024922,0.625,0.5,0.451104100946372,0.468553459119497,0.446540880503145,0.00309119010819165,0.4448,0.441971383147854,0,0,0.453947368421053,0,0.594976452119309,0.456964006259781,0.00317965023847377,0.00474683544303797,0.596546310832025,0,0.598070739549839,0.450081833060556,0.565284178187404,0.459150326797386,0.0032520325203252,0.459459459459459,0.549679487179487,0.542586750788643,0.551669316375199,0.476038338658147,0.576377952755906,0.468354430379747,0,0.450393700787402,0.525821596244131,0,0.545171339563863,0.7552,0,0.577952755905512,0.60377358490566,0.573051948051948,0.444794952681388,0.656832298136646,0.460691823899371,0.443573667711599,0,0.605304212168487,0.490353697749196,0.959742351046699,0.456591639871383,0,0.453525641025641,0.550387596899225,0,0.613268608414239,0.536624203821656,0.614634146341463,0,0,0.446708463949843,0.626198083067093,0.624390243902439,0.445859872611465,0.548136645962733,0.479623824451411,0.57395498392283,0.462848297213622,0.574013157894737,0.46031746031746,0.452495974235105,0.512539184952978,0.454828660436137,0.54281098546042,0.445669291338583,0.551020408163265,0,0.679611650485437,0.495384615384615,0.459842519685039,0.551724137931034,0,0.448979591836735,0.576985413290113,0.458128078817734,0.458135860979463,0.449139280125196,0.573619631901841,0.45468509984639,0.541269841269841,0.489763779527559,0.571865443425077,0.492063492063492,0.55054432348367,0,0.454976303317536,0,0.534920634920635,0.440842787682334,0.665064102564103,0.448818897637795,0.461059190031153,0.452160493827161,0.495297805642633,0.578616352201258,0.559322033898305,0.481361426256078,0.47172859450727,0.543581616481775,0.546310832025118,0.461038961038961,0.486571879936809,0,0,0.608346709470305,0,0.451713395638629,0.574766355140187,0.497584541062802,0.56043956043956,0.454545454545455,0.620634920634921,0.960815047021944,0.636363636363636,0.451355661881978,0.455696202531646,0.493690851735016,0,0.509523809523809,0.588907014681892,0.455128205128205,0.533762057877814,0.556426332288401,0.612698412698413,0.462639109697933,0.463223787167449,0.547049441786284,0.458730158730159,0.53582554517134,0,0.56140350877193,0.661490683229814,0.4448,0,0.450310559006211,0.457627118644068,0.60952380952381,0.556603773584906,0.440894568690096,0.46515397082658,0.597133757961783,0,0.49609984399376,0.562700964630225,0.463815789473684,0.546603475513428,0.468944099378882,0.443017656500803,0.453834115805947,0.498402555910543,0.547880690737834,0.540930979133226,0.45511811023622,0.546031746031746,0.546850998463902,0.527950310559006,0.547049441786284,0.553627760252366,0.578778135048232,0.582043343653251,0.547049441786284,0.563492063492063,0.543613707165109,0.576619273301738,0.56957928802589,0.474193548387097,0.00482315112540193,0.54858934169279,0,0.5810147299509,0.456591639871383,0.469483568075117,0.474522292993631,0,0.487844408427877,0.5953125,0.532488114104596,0.557324840764331,0.566188197767145,1,0.00312989045383412,0.448946515397083,0.567783094098884,0.525451559934319,0.47427652733119,0.549050632911392,0.537007874015748,0.559808612440191,0.568,0.460725075528701,0.462932454695222,0.486928104575163,0,0.584518167456556,0.47275641025641,0,0.542056074766355,0.490712074303406,0.440842787682334,0,0.568720379146919,0.555555555555556,0.47258064516129,0.505672609400324,0.545008183306056,0,0.590189873417722,0.456628477905074,0.529051987767584,0.563779527559055,0.582113821138211,0.450310559006211,0.545746388443018,0.46046511627907,0.437898089171975,0.5456,0.462264150943396,0.462519936204147,0.477759472817133,0.4608,0.610410094637224,0.605388272583201,0.6125,0.440514469453376,0.473170731707317,0.0207006369426752,0.766129032258065,0.45958795562599,0.563779527559055,0.778979907264297,0.466141732283465,0.458937198067633,0.463836477987421,0.669354838709677,0.463452566096423,0.769726247987118,0.478806907378336,0.452950558213716,0,0.593558282208589,0.580906148867314,0.544283413848631,0.0265625,0.5578125,0.474921630094044,0.5546875,0.549206349206349,0,0.606687898089172,0.460815047021944,0.621405750798722,0.466777408637874,0.45933014354067,0.453525641025641,0.613672496025437,0.608552631578947,0.653846153846154,0.566445182724252,0,0.5888,0.548136645962733,0.538221528861154,0.591836734693878,0.458064516129032,0.539308176100629,0,0.603125,0.536163522012579,0.559677419354839,0.56120826709062,0.4528,0.566558441558442,0.453333333333333,0.462157809983897,0,0.454682779456193,0.527301092043682,0.456656346749226,0.580188679245283,0.469453376205788,0.542536115569823,0.472136222910217,0.539808917197452,0.572555205047319,0.522222222222222,0.510046367851623,0.464454976303318,0.455271565495208,0.614035087719298,0.481132075471698,0.442367601246106,0.545454545454545,0.552674230145867,0.455138662316476,0.470304975922953,0.575516693163752,0.591482649842271,0.472222222222222,0.485179407176287,0.459247648902821,0,0.553225806451613,0.454833597464342,0.546474358974359,0,0.461783439490446,0.00485436893203883,0.552380952380952,0.448818897637795,0.457463884430177,0,0.584541062801932,0.561904761904762,0.457928802588997,0.5408,0.482982171799028,0.450885668276973,0.667716535433071,0.576862123613312,0.506514657980456,0,0.578369905956113,0.445512820512821,0.455414012738854,0.549450549450549,0.461059190031153,0.465546218487395,0.561708860759494,0,0.458730158730159,0.462639109697933,0.46656050955414,0.617924528301887,0.558028616852146,0.488076311605723,0.543581616481775,0.580968280467446,0.00317965023847377,0.681672025723473,0.586538461538462,0.543307086614173,0,0.557723577235772,0.49607535321821,0.648985959438378,0.550156739811912,0.554878048780488,0,0,0.433846153846154,0.475894245723173,0,0.482649842271293,0.00486223662884927,0,0,0.456730769230769,0,0.463696369636964,0.538582677165354,0.599071207430341,0.428571428571429,0,0,0.457006369426752,0.482919254658385,0.621664050235479,0.540958268933539,0.00162074554294976,0.492211838006231,0.566153846153846,0.453125,0.551401869158878,0.554848966613672,0,0.4484375,0.56661316211878,0.469255663430421,0.569354838709677,0,0.533950617283951,0.611290322580645,0.685524126455907,0.469096671949287,0,0.468652037617555,0.445669291338583,0.448979591836735,0,0.552380952380952,0.491554054054054,0.541734860883797,0.453125,0.450858034321373,0.55784469096672,0.446909667194929,0.605095541401274,0.524564183835182,0.5553772070626,0.57328990228013,0.479559748427673,0.00317460317460317,0.560702875399361,0.471138845553822,0.5328,0.629084967320261,0.509677419354839,0,0.551342812006319,0.523026315789474,0.6120826709062,0.461172741679873,0.537007874015748,0.552425665101721,0.946843853820598,0.46417445482866,0.479938271604938,0.477777777777778,0.622149837133551,0,0.473520249221184,0.550314465408805,0.482649842271293,0.61038961038961,0.547286821705426,0.438871473354232,0.460191082802548,0.449044585987261,0.522292993630573,0.466141732283465,0.571428571428571,0.590614886731392,0.464454976303318,0.4921875,0,0,0.45718901453958,0.470967741935484,0.544861337683524,0.453808752025932,0.463452566096423,0.625796178343949,0.473856209150327,0.56,0.489096573208723,0,0.466988727858293,0.586151368760064,0.46677471636953,0.44391785150079,0,0.712680577849117,0.439739413680782,0.543887147335423,0.604133545310016,0.570287539936102,0.591679506933744,0.529411764705882,0.508396946564886,0.537750385208012,0.461788617886179,0.455538221528861,0.452978056426332,0.610561056105611,0.536891679748823,0.459247648902821,0.455384615384615,0.00155763239875389,0.616459627329193,0.689763779527559,0.563091482649842,0.504716981132076,0.448165869218501,0.497592295345104,0.43015873015873,0.134585289514867,0.537037037037037,0,0.524564183835182,0.53525641025641,0.542264752791069,0.57345971563981,0,0.468998410174881,0.495398773006135,0.446708463949843,0.4640625,0.566455696202532,0.533870967741935,0,0,0.60650406504065,0.553772070626003,0.578778135048232,0,0.556962025316456,0.449206349206349,0.231132075471698,0.620355411954766,0.445161290322581,0.601880877742947,0.473429951690821,0.531545741324921,0.537383177570093,0,0.462235649546828,0.633116883116883,0.62540192926045,0.479198767334361,0.453271028037383,0.590837282780411,0.00319488817891374,0.450236966824645,0.470588235294118,0,0.467592592592593,0.537854889589905,0.461920529801325,1,0,0.00317965023847377,0.626029654036244,0.491255961844197,0.544585987261146,0.563725490196078,0.0048,0,0.529320987654321,0.565977742448331,0.455611390284757,0.5859375,0.459375,0.546728971962617,0.590837282780411,0.552884615384615,0.487138263665595,0.600665557404326,0.544303797468354,0.0015748031496063,0.55591054313099,0,0.459041731066461,0.457792207792208,0.433384379785605,0.546042003231018,0.452459016393443,0,0.562305295950156,0.670947030497592,0.459119496855346,0,0.462848297213622,0,0.578947368421053,0.466458658346334,0,0.5818759936407,0.474015748031496,0.519047619047619,0.472491909385113,0.559505409582689,0,0.441786283891547,0.612903225806452,0,0.539308176100629,0.53405572755418,0.5484375,0.457463884430177,0.449511400651466,0.46141975308642,0.453396524486572,0.443740095087163,0,0.487301587301587,0.009375,0.603149606299213,0.574162679425837,0.465299684542587,0.4512,0.46,0.452681388012618,0.0535433070866142,0.562599049128368,0.461157024793388,0.472613458528951,0.656298600311042,0.466981132075472,0.450793650793651,0.459627329192547,0,0,0.462595419847328,0,0.558823529411765,0.00160513643659711,0.465299684542587,0.573770491803279,0.537704918032787,0.5546875,0.487844408427877,0.00157977883096367,0.56786271450858,0.460925039872408,0.4640625,0.523424878836834,0.627871362940276,0.634441087613293,0.56386292834891,0.535483870967742,0.552795031055901,0.585557299843014,0.59170653907496,0.806089743589744,0.641509433962264,0.548644338118022,0,0.536,0.609046849757674,0.455,0.545741324921136,0.590697674418605,0.67817896389325,0.492211838006231,0.431464174454829,0.45757071547421,0.448717948717949,0.482200647249191,0.446570972886762,0.542319749216301,0.569858712715856,0.456279809220986,0.558103975535168,0.555038759689922,0.509646302250804,0.0031496062992126,0.466876971608833,0.490566037735849,0,0.616776315789474,0,0.458401305057096,0,0.459119496855346,0.454545454545455,0.546031746031746,0.519872813990461,0.461778471138846,0.561797752808989,0.575516693163752,0.49203821656051,0,0,0.494137353433836,0.473118279569892,0.437888198757764,0,0,0.542207792207792,0.7375,0.965079365079365,0,0.560821484992101,0,0.45933014354067,0.465299684542587,0.544303797468354,0.606201550387597,0,0.589371980676328,0.554838709677419,0.631832797427653,0.471228615863142,0.54066985645933,0.541732283464567,0.444264943457189,0.0576923076923077,0.446601941747573,0,0.464285714285714,0.00479233226837061,0.446078431372549,0.568910256410256,0.3456,0,0,0.518110236220472,0.505636070853462,0.459968602825746,0.6640625,0.532507739938081,0.542673107890499,0.497622820919176,0.47112462006079,0,0.55591054313099,0.470494417862839,0,0.463768115942029,0.459968602825746,0.575949367088608,0.017515923566879,0.545166402535658,0.426332288401254,0.535885167464115,0.549450549450549,0.560975609756098,0.567610062893082,0.620967741935484,0.62111801242236,0.447452229299363,0,0.663987138263666,0.485981308411215,0.0032626427406199,0,0.550151975683891,0,0.544585987261146,0.4546875,0.553571428571429,0.543130990415335,0.538709677419355,0.599673202614379,0.445512820512821,0.700949367088608,0.0236220472440945,0.547077922077922,0.0484652665589661,0.0111821086261981,0,0.459807073954984,0.544207317073171,0.553054662379421,0.551083591331269,0.551401869158878,0.0210696920583468,0.0265210608424337,0.55868544600939,0.0143312101910828,0.00805152979066022,0.027027027027027,0.0124416796267496,0.0264797507788162,0.546165884194053,0.0140405616224649,0.543831168831169,0.533546325878594,0.0222575516693164,0.544871794871795,0.0426829268292683,0.554313099041534,0.530063291139241,0.552147239263804,0.53968253968254
"273",0.0127186009538951,0.0093167701863354,0.0124031007751938,0.00638977635782748,0.00967741935483871,0.0113636363636364,0.029595015576324,0.010752688172043,0.013677811550152,0.987240829346092,0.00933125972006221,0.990654205607477,0.0031055900621118,0.00950871632329636,0,0,0.986342943854325,0.98116169544741,0.0112721417069243,0.0122887864823349,0,0,0.00916030534351145,0.987711213517665,0.00775193798449612,0.00153846153846154,0.00154798761609907,0.0140845070422535,0.00149925037481259,0.00309119010819165,0,0.0031104199066874,0.0062992125984252,0.0015625,0.989280245022971,0.0124416796267496,0.970496894409938,0.013953488372093,0.00151515151515152,0.0123647604327666,0.993769470404984,0.983333333333333,0.998459167950693,0.00789889415481832,0.00802568218298555,0,0.00470957613814757,0,0.00605143721633888,0.00151975683890578,0.987692307692308,0.0107692307692308,0,0.00947867298578199,0.0268562401263823,0,0.985576923076923,0.0108695652173913,0.0151285930408472,0.00460122699386503,0.003125,0.00155038759689922,0,0.988924050632911,0.00797448165869218,0.00920245398773006,0.9858934169279,0.0110062893081761,0.989164086687306,0,0.00765696784073507,0,0,0.0122511485451761,0.987538940809969,0.00455927051671732,0,0.00619195046439629,0.0110410094637224,0,0.988888888888889,0.00308641975308642,0.00151975683890578,0.0107033639143731,0.00154559505409583,0.0108359133126935,0.0138036809815951,0.0108024691358025,0.0138036809815951,1,0.00941915227629513,0.0124804992199688,0.990491283676704,0.99075500770416,0.00946372239747634,0.987616099071207,0.0182926829268293,0.0124031007751938,0.989197530864197,0.993680884676145,0.0187207488299532,0.989147286821705,0.00156494522691706,0.010989010989011,0,0.0128617363344051,1,0.0157728706624606,0,0,0,0.028169014084507,0.0015600624024961,0.0124416796267496,0.990476190476191,0.0123647604327666,0.00307692307692308,0.989247311827957,0,0.0015600624024961,0.99079754601227,0.0077639751552795,0.00154083204930663,0,0.012326656394453,0.00153609831029186,0.0091324200913242,0.00627943485086342,0.986024844720497,0.015527950310559,0.0078740157480315,0.00315955766192733,0.00969305331179321,0.992211838006231,0.0112179487179487,0,0.989180834621329,0,0.00154559505409583,0.0158982511923688,0.989028213166144,0.992101105845182,0.0125195618153365,0.0062111801242236,0.00158730158730159,0.010989010989011,0,0.00762195121951219,0.00156494522691706,0.0107033639143731,0,0.0108864696734059,0.0125195618153365,0.00768049155145929,0.0076103500761035,0,0.0139103554868624,0,0.986046511627907,0.00946372239747634,0.0168711656441718,0.0093603744149766,0,0.989247311827957,0.00924499229583975,0.00321027287319422,0.0111111111111111,0.0109546165884194,0.0107361963190184,0.00151975683890578,0.0107858243451464,0,0.0106544901065449,0,0.0140625,0.00154083204930663,0.990536277602524,0.009375,0.990740740740741,0.00617283950617284,0.014018691588785,0.0015552099533437,0.0123839009287926,0.0107033639143731,0.0105580693815988,0.0106870229007634,0,0.00152439024390244,0.00797448165869218,0.00946372239747634,0,0,0.0109717868338558,0.0370942812982998,0.989393939393939,0.987711213517665,0.00156494522691706,0.989096573208723,0.00924499229583975,0,0.0220125786163522,0.00457317073170732,0.013595166163142,0.0015527950310559,0.00154320987654321,0.00319488817891374,0.0108359133126935,0.014308426073132,0.0107361963190184,0.989113530326594,0.0093167701863354,0,0.00796178343949045,0,0,0.00933125972006221,0.0125,0.0122137404580153,0.00778816199376947,0.0122699386503067,0.00773993808049536,0.985981308411215,0,0.00459418070444104,0.0110236220472441,0.989247311827957,0.0108527131782946,0.0106221547799697,0.0124031007751938,0.00465116279069767,0.013953488372093,0.0110584518167457,0.021978021978022,0.987138263665595,0.0259146341463415,0,0.00961538461538462,0,0.00918836140888208,0.0127388535031847,0.0106544901065449,0.00798722044728434,0.00618238021638331,0,0.0093603744149766,0.00464396284829721,0,0,0.0015552099533437,0,0,0.00305810397553517,0,0,0,0.00449101796407186,0,0.00777604976671851,1,0,0.987596899224806,0.004739336492891,0.00956937799043062,0.0062015503875969,0.0078003120124805,0.989164086687306,0.00801282051282051,0.0107858243451464,0.0046875,0,0.00312989045383412,0.00312989045383412,1,0.010989010989011,0,0.0016,0.00923076923076923,0,0.00310077519379845,0,0,0.00911854103343465,0.0129032258064516,0.0268987341772152,0.986238532110092,0.00306748466257669,0.0329153605015674,0.987596899224806,0,0.0289193302891933,0.0125,0.987767584097859,0,0,0.00952380952380952,0.00631911532385466,0,0.988924050632911,0.0187207488299532,0.014308426073132,0.00757575757575758,0.0031201248049922,0.00316455696202532,0.0107692307692308,0,0.012326656394453,0.0123647604327666,0,0.0108191653786708,0.00782472613458529,0.0112359550561798,0.0107692307692308,0,0.00458715596330275,0.00154798761609907,0.00958466453674121,0.00961538461538462,0.951863354037267,0.00159235668789809,0.0110584518167457,0.00154559505409583,0.0029940119760479,0.0107033639143731,0.0140405616224649,0.0093603744149766,0.00158730158730159,0.0122137404580153,0.00157977883096367,0.0123076923076923,0.00952380952380952,0.987421383647799,0.0015220700152207,0.0158478605388273,0,0.953198127925117,0,0.00613496932515337,0,0,0.98644578313253,0.0015625,0.0125,0,0.00967741935483871,0.0123839009287926,0.00934579439252336,0.00156985871271586,0.0016260162601626,0.00464396284829721,0.00161550888529887,0.989263803680982,0.00623052959501558,0,0,0,0.0109375,0,0.987538940809969,0.0031104199066874,0,0,0.00784929356357928,0.0123647604327666,0,0.00970873786407767,0.010989010989011,0.987711213517665,0.00594353640416048,0,0.0136157337367625,0.00618238021638331,0.012779552715655,0,0.0107197549770291,0,0.0124223602484472,0.0063391442155309,0.00916030534351145,0.0123839009287926,0.014018691588785,0.0015600624024961,0.0124804992199688,0.0139103554868624,0,0.00154559505409583,0.0109546165884194,0.0062111801242236,0,0.0125195618153365,0.012779552715655,0.00763358778625954,0.0139968895800933,0.988976377952756,0,0.0138461538461538,0,0.990536277602524,0.00947867298578199,0.998417721518987,0,0.0121765601217656,0.0108695652173913,0.99685534591195,0.0186046511627907,0.00313971742543171,0.0139751552795031,0,0.00622083981337481,0.0110935023771791,0.00156739811912226,0.0031055900621118,0.0062402496099844,0.989147286821705,0,0.0110410094637224,0.0125195618153365,0.0031104199066874,0.0123076923076923,0.0148026315789474,0,0.993808049535604,0.0125195618153365,0.0124804992199688,0.00618238021638331,0.00462249614791988,0,0.0141065830721003,0.0031201248049922,0.0128617363344051,0.996913580246914,0.00630914826498423,0.00475435816164818,0.00627943485086342,0.990769230769231,0.0016025641025641,0.0139318885448916,0.00462249614791988,0,0,0.989312977099237,0.989329268292683,0.0118518518518519,0.00753012048192771,0.987654320987654,0.00769230769230769,1,0.990853658536585,0.985736925515055,0.0141955835962145,0.989079563182527,0.0111111111111111,0.00775193798449612,0.0107197549770291,0.0138888888888889,0.987460815047022,0.989010989010989,0.0106870229007634,0.00762195121951219,0.00769230769230769,0,0.992025518341308,0.0317220543806647,0.00307219662058372,0.0137825421133231,0.0031104199066874,0.00154559505409583,0.989345509893455,0.00770416024653313,0,0.0125391849529781,0,0.989214175654854,0,0.00156739811912226,0.00324675324675325,0.0107692307692308,0.989230769230769,0.00910470409711684,0.0106870229007634,0.0108024691358025,0.990506329113924,0,0.00981996726677578,0,0.0138674884437596,0.00757575757575758,0,0.0138036809815951,0.00156739811912226,0.00768049155145929,0,0.00319488817891374,0.0094488188976378,1,0,0.0107197549770291,0,0.0046656298600311,0.0141287284144427,0.989180834621329,0,0.0111821086261981,0.00155763239875389,0.0123647604327666,0,0,0.00326797385620915,0.00757575757575758,0.00758725341426404,0.00941915227629513,0.00635930047694754,0.987460815047022,0.0122137404580153,0,0.00938967136150235,0.00801282051282051,0,0.012326656394453,0.0125391849529781,0.00930232558139535,0.0031201248049922,0.00940438871473354,0,0,0.0123456790123457,0.0247678018575851,0.989409984871407,0.989045383411581,0.00946372239747634,0.00784929356357928,0,0.010989010989011,0.010989010989011,0,0.00793650793650794,0.0062992125984252,0.0291858678955453,0.989247311827957,0.010989010989011,0.0158730158730159,0.0108695652173913,0.0077639751552795,0.990895295902883,0.00941915227629513,0.0078740157480315,0,0.010989010989011,0,0.00605143721633888,0.0064,0.00903614457831325,0,0.0174050632911392,0.0121396054628225,0.0109034267912773,0.0175718849840256,0.0248833592534992,0.0109204368174727,0.00921658986175115,0.995405819295559,0.00465116279069767,0.00460829493087558,0,0.00766871165644172,0.0109717868338558,0.0062992125984252,0.010752688172043,0.758139534883721,0,0.987711213517665,0.00934579439252336,0,0,0,0.992248062015504,0.00924499229583975,0.00618238021638331,0.0107858243451464,0.0137825421133231,0,0,0.986404833836858,0.987616099071207,0,0,0,0.989113530326594,0,0.00917431192660551,0.571870170015456,0.0015552099533437,0.00792393026941363,0.0155763239875389,0.00947867298578199,0.00613496932515337,0.00606060606060606,0.987577639751553,0.0104633781763827,0.00157232704402516,0.00156739811912226,0.0153609831029186,0.012326656394453,0.00154559505409583,0.99388379204893,0.00770416024653313,0.0076103500761035,0.990610328638498,0.0121212121212121,0,0.00972447325769854,0.00307219662058372,0.990415335463259,0.998422712933754,0.00162866449511401,0.0078740157480315,0,0,0.9984375,0.987034035656402,0.00602409638554217,0,0.0113452188006483,0.00154798761609907,0.0121765601217656,0,0.00306748466257669,0.00156494522691706,0.0156739811912226,0,0,0.995334370139969,0,0.987654320987654,0.0104790419161677,0.148562300319489,0.0134932533733133,0,0.0128,0.9890625,0.00153609831029186,0.003125,0.00938967136150235,0.988906497622821,0.0121396054628225,0.989147286821705,0,0.0121396054628225,0.989296636085627,0.0291411042944785,0.00955414012738853,0.0046801872074883,0.0110062893081761,0,0.9859375,0.0109034267912773,0,0.987767584097859,0.00467289719626168,0,0,0.00628930817610063,0.0142405063291139,0.010590015128593,0.0123839009287926,0.0109546165884194,0.986175115207373,0.00934579439252336,0.987577639751553,0.0211800302571861,0,0.00923076923076923,0.0124610591900312,0.0123076923076923,0.0138674884437596,0.908242612752722,0,0.0112721417069243,0.0061633281972265,0.00606060606060606,0.0122324159021407,0.0106870229007634,0.0124223602484472,0.989457831325301,0.990825688073395,0.0120481927710843,0.987767584097859,0,0.990521327014218,0.0077639751552795,0,0.00319488817891374,0,0.0110759493670886,0.987654320987654,0,0.0138461538461538,0.0121951219512195,0.0046656298600311,0.00149700598802395,0.00149476831091181,0,0.00469483568075117,0,0.00153139356814701,0.0015552099533437,0.00155038759689922,0.00614439324116743,0,0.985849056603774,0,0.01875,0.00943396226415094,0.0438184663536776,0.00151975683890578,0.0046583850931677,0.0137404580152672,0.0136570561456753,0.0128824476650564,0.0109034267912773,0.0110584518167457,0.0110759493670886,0,0.0031055900621118,0.0122324159021407,0,0,0.0123839009287926,1,0.013719512195122,0.00927357032457496,0.987460815047022,0,0.987421383647799,0.00622083981337481,0.988599348534202,0.0106544901065449,0.0110584518167457,0,0.0078003120124805,0.0122511485451761,0.00470957613814757,0.00308641975308642,0.035031847133758,0.987673343605547,0.992101105845182,0.00963081861958266,0.00594353640416048,0.0124031007751938,0.989230769230769,0.989329268292683,0,0.00153374233128834,0.00306748466257669,0.986089644513138,0,0.990783410138249,0.0111464968152866,0.0110759493670886,0.0361635220125786,0.00151285930408472,0.987987987987988,0.00317965023847377,0.00467289719626168,0.0108695652173913,0.00757575757575758,0.00615384615384615,0,0.0111464968152866,0.900787401574803,0.0144,0.993730407523511,0.0105105105105105,0.996884735202492,0.0109717868338558,0,0.366826156299841,0.990712074303406,0.992050874403816,0.00928792569659443,0.00636942675159236,0.0217391304347826,0.00755287009063444,0,0,0.00782472613458529,0.0106870229007634,0.990415335463259,0,0.00940438871473354,0.989280245022971,0.0126382306477093,0.00917431192660551,0,0.967741935483871,0,0.0122324159021407,0.0031496062992126,0,0,0,0.0048,0.0015220700152207,0.0110410094637224,0.989197530864197,0.00946372239747634,0.0124031007751938,0.996835443037975,0.987692307692308,0,0.990506329113924,0,0.0107361963190184,0.00476947535771065,0,0,0.0109717868338558,0.0172955974842767,0.00154320987654321,0.95852534562212,0,0.907348242811502,0.970542635658915,0.987673343605547,0.154929577464789,0,0,0.00458715596330275,0,0.958860759493671,0.950233281493002,0,0.970266040688576,0.98876404494382,0.941267387944359,0.967741935483871,0.948249619482496,0,0.964230171073095,0,0,0.962323390894819,0,0.929447852760736,0,0.0529595015576324,0,0
"274",0.996747967479675,1,0.968354430379747,0.935483870967742,0.983844911147011,1,0.885350318471338,0.968051118210863,1,0,1,0,0.546899841017488,1,0.0349206349206349,0.0062992125984252,0,0.0162074554294976,0.996768982229402,0.982539682539682,0.148264984227129,0.0381426202321725,0.989096573208723,0,0.961119751166407,0.243506493506494,0.111464968152866,0.98705501618123,0.444099378881988,0.687598116169545,0,0.677316293929712,0.752808988764045,0.294585987261146,0,1,0.0173228346456693,0.993874425727412,0.243451463790447,0.900943396226415,0.00160771704180064,0.0171073094867807,0.00619195046439629,1,0.77175697865353,0.0243506493506494,0.504051863857374,0,0.457231726283048,0.123647604327666,0,0.992125984251969,0.263157894736842,1,0.875806451612903,0.159609120521173,0,0.975728155339806,0.954330708661417,0.898305084745763,0.292259083728278,0.416796267496112,0,0,0.889250814332248,0.82225656877898,0,0.992063492063492,0,0,0.855325914149444,0.008,0.017515923566879,1,0,0.69435736677116,0.0402476780185759,0.560629921259843,0.894389438943894,0.262267343485618,0,0.699530516431925,0.185358255451713,0.998461538461539,0.105180533751962,0.903276131045242,0.995290423861852,0.966929133858268,0.970358814352574,0.0109034267912773,0.984051036682616,1,0,0,0.968954248366013,0,0.283464566929134,0.977777777777778,0.0078740157480315,0.00952380952380952,0.6032,0,0.271860095389507,1,0.105919003115265,1,0.00967741935483871,0.974643423137876,0,0.00961538461538462,0.00940438871473354,0.899361022364217,0.3168,0.992012779552716,0,0.984326018808777,0.702830188679245,0,0,0.219745222929936,0,0.745980707395498,0.23696682464455,0.0747967479674797,0.970031545741325,0.135725429017161,0.996865203761755,0.9953125,0,0.525316455696203,0.92822966507177,0.482982171799028,0.990338164251208,0,0.993485342019544,0.0203125,0,0.198098256735341,0.632329635499208,0.492659053833605,0,0,0.982594936708861,0.743589743589744,0.153846153846154,1,0.00796178343949045,0.91866028708134,0.397415185783522,0.976599063962558,0.13474025974026,0.984276729559748,1,0.821316614420063,0.993710691823899,0,1,0,0,0.726837060702875,0.859784283513097,0.979527559055118,0.0157728706624606,0,1,0.449675324675325,1,1,1,0.293291731669267,0.974803149606299,0.00161030595813205,0.942367601246106,0,0.890127388535032,0.357927786499215,0,0.979066022544283,0,0.842857142857143,1,0.12199036918138,0.979782270606532,0.949044585987261,0.989296636085627,0.973886328725038,0.0977917981072555,0.367029548989114,0.926282051282051,0.946859903381642,0.0516962843295638,0.00479233226837061,0.977346278317152,0.853125,0,0,0.28006329113924,0.00158478605388273,1,0.244548286604361,0.871835443037975,0.751962323390895,0.989079563182527,0.409309791332263,0.42879746835443,0.27741935483871,0.916666666666667,0.959742351046699,0.871835443037975,0,0.889751552795031,0.173139158576052,0.940705128205128,0,0.0516431924882629,0.518282988871224,0.973354231974922,0.976525821596244,0.813397129186603,0.998430141287284,0.881493506493506,0,0.0593900481540931,0.632970451010886,0.993485342019544,0,0.992050874403816,0.976635514018692,0.526898734177215,0.549206349206349,0.987281399046105,1,0.342443729903537,0,0.882352941176471,0.508661417322835,0.9688013136289,0,0.95679012345679,0.998394863563403,1,0.947797716150082,0.529133858267717,0.00159744408945687,0.964856230031949,0.529968454258675,0.00460829493087558,0.0015748031496063,0.196141479099678,0,0.141479099678457,0.667697063369397,0,0.00313971742543171,0.00630914826498423,0.566096423017107,0.0375203915171289,0.982142857142857,0.0130293159609121,0,0,0.21078431372549,1,0.982484076433121,0.894568690095847,0,0.855500821018062,0.847723704866562,0.674230145867099,0.580031695721078,0.436908517350158,0.448946515397083,0.010989010989011,1,0.0911949685534591,0.696869851729819,0.956381260096931,0.0062992125984252,0.743348982785602,0.00159489633173844,0.111811023622047,1,1,0.888529886914378,0,0.629800307219662,0.880382775119617,0,0,0.890625,0.979166666666667,0,0.00155038759689922,0.00159235668789809,0.980392156862745,0.872964169381108,0,0,0.360629921259843,0.988727858293076,0.775351014040562,0.373015873015873,0.66131621187801,0.958990536277603,0.0046801872074883,1,1,0.0016,0.9664,1,0.968852459016393,0.996840442338073,0.17219589257504,0.302839116719243,0.27258064516129,0.970779220779221,0.934640522875817,0.0537974683544304,0.256,0.974317817014446,0.136507936507936,0.299539170506912,0.993640699523052,0.996768982229402,0.968051118210863,0.67205169628433,0.996850393700787,0.242765273311897,0.960815047021944,0.996815286624204,0,0.307931570762053,0.532679738562091,0.01743264659271,0.0579029733959311,0.00625,0.901898734177215,0.028436018957346,0,0,0.213395638629283,0.99203821656051,0.064873417721519,0.986842105263158,0.966237942122186,0.983922829581994,0.276083467094703,0.270049099836334,0.651757188498403,0.447986577181208,0,0.813990461049285,0.0109375,0.0373250388802488,0.183641975308642,1,0.00159235668789809,0,0.320373250388802,0.00636942675159236,0.0192,0.440514469453376,1,0.275693311582382,1,0.963022508038585,0,0.989312977099237,0,0.998432601880878,0.820634920634921,1,0.0126984126984127,0.977917981072555,0,0.879173290937997,0.702439024390244,0.945736434108527,0.985714285714286,0.998410174880763,0.2768,0.961538461538462,1,0,0.0235478806907378,1,1,0.32182103610675,0.881516587677725,0.963333333333333,0.952681388012618,1,0,0.120717781402936,1,0,0,0.959742351046699,0.0114566284779051,0.0398724082934609,1,0.964630225080386,0.0032,0.606451612903226,0.403536977491961,0.980613893376414,0.00167224080267559,0.851063829787234,0.996753246753247,0.351132686084142,0.594896331738437,0.781446540880503,0,0.165329052969502,0.974317817014446,0.998405103668262,0.436420722135008,1,0.973421926910299,0.0269413629160063,0.00158982511923688,0.982456140350877,0.993620414673046,0.950871632329635,0.673343605546995,0.00635930047694754,0.855769230769231,0.243328100470958,0.172240802675585,0.00786163522012579,0.590614886731392,0.592,0.597156398104265,0,0.282296650717703,0.904306220095694,0.618524332810047,0.5171875,0.0791476407914764,0,0,1,0.969512195121951,0,0.914149443561208,0.0113636363636364,0,0,0.998389694041868,0,1,0.761453396524487,0.493846153846154,1,0,0,0.992088607594937,0.958461538461538,0.70820189274448,0,0.00325732899022801,0.871517027863777,0.593406593406593,1,0.50625,0.333870967741935,0,0.981012658227848,0,0.950080515297907,0.0846645367412141,0,0.00928792569659443,0.105263157894737,0.473770491803279,0.974603174603175,0,0.950387596899225,0.97444089456869,1,0,0.0736,0.925619834710744,0.00503355704697987,1,1,0.00631911532385466,1,0.2832,0.811023622047244,0.008,0.160975609756098,0.962558502340094,0.0112179487179487,0,0.973354231974922,0.0065252854812398,0.645528455284553,0.374193548387097,0,0.0988835725677831,0.719155844155844,0.2416,0.974921630094044,0,0.152542372881356,0.450915141430948,0.944012441679627,0.87402799377916,0.958730158730159,0.7248,0,0.981220657276995,0,0.964343598055105,0.362459546925566,0,1,1,1,0.636070853462158,0.985759493670886,0.127388535031847,0.181672025723473,0.944532488114105,0.870192307692308,0,0,0.99198717948718,0.932038834951456,0.0161550888529887,0.982171799027553,0.990595611285266,0.344339622641509,0.9248,0.724590163934426,0.876923076923077,0,0.966183574879227,0.310789049919485,1,0.998407643312102,0,0.622792937399679,0.969205834683955,0,0.671521035598705,0.374203821656051,0.782742681047766,0.677938808373591,0.952086553323029,0.0674846625766871,0.982113821138211,1,0.977742448330684,0.286178861788618,0.0854838709677419,0.988888888888889,1,0.00783699059561128,0.773885350318471,0.440758293838863,0.248407643312102,0.741626794258373,1,0.866028708133971,1,0.118564742589704,0,0,0.810897435897436,0.00318979266347687,0,0.272151898734177,0,0.989028213166144,0.911353032659409,0.998420221169036,0.993740219092332,0.0780254777070064,0,0,0,0.165594855305466,0.0793650793650794,0.150159744408946,0,0,1,0.00788643533123028,0.277777777777778,1,0.567092651757188,0.967793880837359,0.64622641509434,0.6140625,0,1,0.368421052631579,0.490291262135922,0.923195084485407,0.9890625,0.37597503900156,0.0109717868338558,0.953821656050955,0.957613814756672,0,0.971875,0.0158478605388273,0.986754966887417,0.42332268370607,0,0.00949367088607595,0.493311036789298,0.819354838709677,0,0.120915032679739,0.0125391849529781,0.00165016501650165,0.742589703588144,0.0176848874598071,1,0.307448494453249,0.995319812792512,0,0.373228346456693,0.310177705977383,0.852512155591572,0.0830564784053156,0.00312989045383412,0.00317460317460317,0.0328947368421053,0,0.99375,0.0297029702970297,0.976993865030675,0.00160513643659711,1,0,0.494590417310665,0.431561996779388,1,0,1,0,0.390444810543657,0.989010989010989,0,0.627760252365931,0.977235772357724,0.739268680445151,0.944535073409462,0.0362204724409449,0,1,0.247603833865815,0,0.677884615384615,0,0.015552099533437,1,1,0.993836671802773,0.971383147853736,0.980738362760835,0,0.973228346456693,0.0234009360374415,0.331775700934579,0.282988871224165,0.990566037735849,0.990476190476191,0.992199687987519,0.990639625585023,0.0489731437598736,0.0160513643659711,0.982113821138211,0.959183673469388,0.698608964451314,0.976599063962558,1,0.9696,0,0,0.979938271604938,0,0.0578125,0,0.953674121405751,0.26797385620915,0.218649517684887,0.11875,0.916398713826367,0,0.106750392464678,1,1,0.6288,0.395136778115502,0.18361153262519,0.175355450236967,0.641479099678457,0,0.117370892018779,0.532591414944356,0.248012718600954,0.682737169517885,0.00955414012738853,0,0,0.304838709677419,1,0.608557844690967,0.217791411042945,0.597464342313788,0.863849765258216,0.987596899224806,0.962171052631579,0.978723404255319,1,0.998387096774194,0.542319749216301,0.413793103448276,0.998415213946117,0.00451807228915663,0.0106382978723404,0.868217054263566,0.0108695652173913,1,0.96875,0,0.0906148867313916,0,0.948136142625608,0,0.971742543171115,1,0.00470957613814757,0.830670926517572,1,0.634460547504026,0.618296529968454,0.869496855345912,0,0,0.920583468395462,0.938650306748466,0.987480438184664,0,0,0,0.225505443234837,0.507109004739337,0,0.448275862068966,0,0.922455573505654,1,0.15569823434992,0.211180124223602,0,0.35,0.580696202531646,0.861198738170347,0.962323390894819,0.77373417721519,0,0.988654781199352,0.0144694533762058,1,0,0.98125,0.00793650793650794,1,0.0160513643659711,0.00967741935483871,0,0,0.815457413249211,0.922570016474465,0.932917316692668,0.715610510046368,0.0232558139534884,0.00646203554119548,0.825878594249201,0.827906976744186,0,0.0159235668789809,0.968152866242038,0,0.983606557377049,0.95125786163522,0.0678233438485804,0.0474683544303797,0.00159744408945687,1,0.4448,0.063391442155309,0.0826580226904376,0.110764430577223,0.679936305732484,0.0903426791277259,1,0,0.749598715890851,0.981102362204724,0.004739336492891,0,0,0,0,1,0.702614379084967,0,0,0.517017828200972,0.95583596214511,0.409657320872274,0.0512422360248447,0.00162074554294976,0.0520325203252033,0.0158730158730159,0,0.0269413629160063,0.00465116279069767,0.00161290322580645,0.00956937799043062,0,0.0481540930979133,0.0608424336973479,0.0126182965299685,0.0161290322580645,0.00656814449917898,0.0219092331768388,0.021978021978022,0.0603174603174603,0.0062992125984252,0.0174603174603175,0,0.00158982511923688,0.0485436893203883,0.00796178343949045,0.0202808112324493,0,0.0332805071315372,0.00154559505409583,0.00157232704402516
"275",0.0947030497592295,0.0919003115264797,0.129032258064516,0.150793650793651,0.097444089456869,0.0860719874804382,0.205371248025276,0.118296529968454,0.1,0,0.0919003115264797,0,0.478125,0.0854430379746835,0.89060092449923,0.906009244992296,0,0.00156985871271586,0.0979462875197472,0.109204368174727,0.882800608828006,0.888,0.109737248840804,0,0.14064914992272,0.739403453689168,0.858934169278997,0.106687898089172,0.624242424242424,0.395738203957382,0.911719939117199,0.42015503875969,0.325914149443561,0.708722741433022,0,0.0923317683881064,0.00924499229583975,0.0939907550077042,0.813432835820896,0.187594553706505,0,0,0,0.0987460815047022,0.303858520900322,0.910969793322735,0.527950310559006,0.911214953271028,0.604826546003017,0.851226993865031,0,0.100313479623824,0.7900466562986,0.08125,0.210280373831776,0.815873015873016,0,0.127186009538951,0.143297380585516,0.211180124223602,0.69242658423493,0.646341463414634,0.904238618524333,0,0.198127925117005,0.267692307692308,0,0.1078125,0,0.9024,0.214953271028037,0.899691358024691,0.907668231611894,0.0886850152905199,0,0.391768292682927,0.892141756548536,0.463901689708141,0.200315457413249,0.756535947712418,0,0.403053435114504,0.765861027190332,0.0910493827160494,0.862385321100917,0.188449848024316,0.0906298003072197,0.113178294573643,0.123244929797192,0,0.1046875,0.0893939393939394,0,0,0.124006359300477,0,0.773700305810398,0.113323124042879,0,0,0.496087636932707,0,0.80811232449298,0.0834645669291339,0.951219512195122,0.0825396825396825,0,0.112324492979719,0.913385826771654,0.900630914826498,0.903374233128834,0.173981191222571,0.702786377708978,0.0980091883614089,0,0.107692307692308,0.395384615384615,0,0.908950617283951,0.725038402457757,0,0.331269349845201,0.858695652173913,0.8704,0.124042879019908,0.812213740458015,0.0824427480916031,0.0951638065522621,0,0.553488372093023,0.162790697674419,0.541666666666667,0.107086614173228,0,0.0935023771790808,0.89193302891933,0,0.880952380952381,0.408385093167702,0.582802547770701,0,0,0.121725731895223,0.333333333333333,0.796502384737679,0.0945736434108527,0.895475819032761,0.168469860896445,0.6208,0.10806697108067,0.998442367601246,0.0959119496855346,0.0875,0.254601226993865,0.0927051671732523,0.894154818325434,0.0877742946708464,0.908805031446541,0,0.351181102362205,0.231117824773414,0.102134146341463,0.898176291793313,0,0.0917293233082707,0.607535321821036,0.0935023771790808,0.0947204968944099,0.0931297709923664,0.697709923664122,0.126153846153846,0.90726429675425,0.145929339477727,0.905120481927711,0.199376947040498,0.653188180404355,0,0.108320251177394,0,0.222049689440994,0.0942812982998454,0.837025316455696,0.117465224111283,0.149691358024691,0.103603603603604,0.11890243902439,0.871715610510046,0.665158371040724,0.167202572347267,0.156645569620253,0.894984326018809,0.911450381679389,0.11128526645768,0.225505443234837,0,0,0.810810810810811,0,0.0977443609022556,0.759455370650529,0.225155279503106,0.312693498452012,0.102760736196319,0.674961119751166,0.592592592592593,0.809375,0.170807453416149,0.116279069767442,0.215716486902928,0,0.219662058371736,0.934713375796178,0.151326053042122,0.914330218068536,0.860816944024206,0.571651090342679,0.115919629057187,0.115740740740741,0.265527950310559,0.100303951367781,0.207373271889401,0,0.86286594761171,0.422900763358779,0.0982286634460548,0,0.0984615384615385,0.106707317073171,0.54375,0.503115264797508,0.0981012658227848,0.0894819466248038,0.719135802469136,0,0.192955589586524,0.544303797468354,0.121835443037975,0.906832298136646,0.131901840490798,0.0950871632329636,0.0917573872472784,0.135135135135135,0.509316770186335,0.908805031446541,0.128482972136223,0.496904024767802,0.909090909090909,0.908675799086758,0.752351097178683,0.903481012658228,0.900316455696203,0.437216338880484,0.90625,0.90519877675841,0.899236641221374,0.519938650306748,0.895238095238095,0.0956937799043062,0,0.905426356589147,0,0.849358974358974,0.0993690851735016,0.110419906687403,0.182389937106918,0,0.233974358974359,0.241590214067278,0.409230769230769,0.482225656877898,0.569858712715856,0.567783094098884,0,0.0911949685534591,1,0.411575562700965,0.127962085308057,0.89409984871407,0.344615384615385,0.905053598774885,0.852534562211982,0.0924242424242424,0.0916271721958926,0.191153238546603,0,0.455521472392638,0.205287713841369,0,0.90937019969278,0.19359756097561,0.116640746500778,0,0.913978494623656,0.907294832826748,0.1152,0.216848673946958,0.907051282051282,0,0.701726844583987,0.101426307448494,0.322137404580153,0.655384615384615,0.43581616481775,0.146564885496183,0.900153609831029,0.0929878048780488,0.0911854103343465,0.896284829721362,0.115740740740741,0.0967238689547582,0.1264,0.0869565217391304,0.776744186046512,0.758039816232772,0.824615384615385,0.12202852614897,0.143086816720257,0.00609756097560976,0.720125786163522,0.128284389489954,0.812883435582822,0.711043872919818,0.0972222222222222,0.0965189873417722,0.129032258064516,0.40282131661442,0.0796324655436447,0.717011128775835,0.124807395993837,0.0947867298578199,0,0.738131699846861,0.560126582278481,0.9046875,0.00462962962962963,0.903374233128834,0.177641653905054,0.887345679012346,0.908396946564885,0,0.746130030959752,0.10641627543036,0.885802469135803,0.0982286634460548,0.121495327102804,0.102362204724409,0.819182389937107,0.822222222222222,0.384976525821596,0.595709570957096,0,0.270186335403727,0.909638554216867,0.877086494688923,0.888198757763975,0.0911949685534591,0.911353032659409,0,0.743431221020093,0.894573643410853,0.907668231611894,0.56386292834891,0.0924764890282132,0.750793650793651,0.0845295055821372,0.130232558139535,0,0.10762331838565,0.907012195121951,0.0975975975975976,0.267295597484277,0.0910543130990415,0.899536321483771,0.114678899082569,0.906153846153846,0.208978328173375,0.383045525902669,0.152542372881356,0.111791730474732,0.0910518053375196,0.81010719754977,0.131455399061033,0.0889894419306184,0.900452488687783,0.901869158878505,0.0833333333333333,0.0916149068322981,0.70077519379845,0.203703703703704,0.130434782608696,0.145085803432137,0.0890937019969278,0,0.825878594249201,0.0860215053763441,0.910077519379845,0,0.127760252365931,0,0.8864,0.0880121396054628,0.122611464968153,0,0.486780715396579,0.593996840442338,0.114285714285714,0.900641025641026,0.221698113207547,0.0948553054662379,0.693270735524257,0.488479262672811,0.312302839116719,0,0.948678071539658,0.117647058823529,0.0987654320987654,0.578947368421053,0.0878274268104777,0.117263843648208,0.89060092449923,0,0.115030674846626,0.0976744186046512,0.139280125195618,0.380809595202399,0.902866242038217,0.229457364341085,0.760869565217391,0.841423948220065,0,0.450949367088608,0.478193146417445,0.459752321981424,0,0.73186119873817,0.178849144634526,0.409230769230769,0.529953917050691,0.84407796101949,0,0,0.0917293233082707,0.105182926829268,0,0.167441860465116,0,0,0,0.0834645669291339,0,0.0996784565916399,0.327188940092166,0.582701062215478,0.0928462709284627,0,0,0.105754276827372,0.125757575757576,0.371340523882897,0.91358024691358,0,0.211161387631976,0.5,0.0964230171073095,0.508422664624809,0.674491392801252,0,0.109923664122137,0.912363067292645,0.140600315955766,0.863422291993721,0,0.897897897897898,0.854914196567863,0.539325842696629,0.11609907120743,0,0.143730886850153,0.119195046439628,0.0892307692307692,0,0.876175548589342,0.14975845410628,0.911003236245955,0.085972850678733,0.0954545454545455,0.899691358024691,0.0882352941176471,0.819875776397516,0.289230769230769,0.899843505477308,0.904991948470209,0.131045241809672,0,0.902777777777778,0.121987951807229,0.901771336553945,0.447244094488189,0.636080870917574,0,0.864906832298137,0.354632587859425,0.837209302325581,0.109717868338558,0.910077519379845,0.834862385321101,0.573505654281099,0.143730886850153,0.201210287443268,0.130298273155416,0.327131782945736,0,0.111613876319759,0.906542056074766,0.1140625,0.70125786163522,0.906485671191554,0.0865533230293663,0.0913312693498452,0.0943396226415094,0.416666666666667,0.107476635514019,0.984350547730829,0.911811023622047,0.150769230769231,0.207109737248841,0,0,0.105845181674566,0.14622641509434,0.908372827804107,0.111975116640746,0.107644305772231,0.748822605965463,0.167721518987342,0.374414976599064,0.201492537313433,0,0.121684867394696,0.746478873239437,0.080370942812983,0.0900473933649289,0,0.437598736176935,0.121069182389937,0.899686520376176,0.384976525821596,0.646058732612056,0.281391830559758,0.388802488335925,0.135670731707317,0.847201210287443,0.0995260663507109,0.0902140672782875,0.112135176651306,0.786173633440514,0.85423197492163,0.0959752321981424,0.0952380952380952,0,0.319444444444444,0.571428571428571,0.755760368663594,0.329704510108865,0.0975232198142415,0.1953125,0.0921658986175115,0.120426829268293,0.909810126582278,0,0.284820031298905,0.910377358490566,0.9078125,0.7515625,0,0.103076923076923,0.165905631659056,0.0917573872472784,0.0961832061068702,0.845070422535211,0.912977099236641,0,0,0.894984326018809,0.870662460567823,0.826086956521739,0,0.907692307692308,0.0856697819314642,0.377473363774734,0.815217391304348,0.0970266040688576,0.512121212121212,0.12597200622084,0.421613394216134,0.444954128440367,0,0.101341281669151,0.714733542319749,0.612954186413902,0.179059180576631,0.102134146341463,0.695252679938744,0,0.152410575427683,0.138508371385084,0,0.125937031484258,0.897832817337461,0.101748807631161,0.583203732503888,0,0,0.591503267973856,0.283699059561129,0.902777777777778,0.837579617834395,0,0,0.339366515837104,0.902021772939347,0.0985221674876847,0.708141321044547,0.089644513137558,0.908132530120482,0.63020030816641,0.681089743589744,0.227848101265823,0.868506493506494,0.906153846153846,0,0.88503937007874,0,0.0957446808510638,0.748407643312102,0.112612612612613,0.903276131045242,0.097331240188383,0,0.506787330316742,0.633070866141732,0.0934579439252336,0,0.0888208269525268,0,0.639553429027113,0.105828220858896,0,0.436746987951807,0.1109375,0.319938176197836,0.150621118012422,0.899845916795069,0,0.0925925925925926,0.744408945686901,0,0.407407407407407,0.914414414414414,0.903225806451613,0.0989010989010989,0.0934579439252336,0.0911854103343465,0.102964118564743,0.108452950558214,0,0.122448979591837,0.00150375939849624,0.722727272727273,0.733024691358025,0.102964118564743,0.102918586789555,0.0980091883614089,0.106060606060606,0.0444104134762634,0.9078125,0.103225806451613,0.125766871165644,0.359877488514548,0.110599078341014,0.0939907550077042,0.128526645768025,0,0,0.110778443113772,0,0.863987635239567,0.00154798761609907,0.135220125786164,0.74203821656051,0.79585326953748,0.876146788990826,0.165094339622642,0.00154559505409583,0.923547400611621,0.095679012345679,0.0900621118012422,0.456521739130435,0.683582089552239,0.764094955489614,0.811638591117917,0.4064,0.914373088685015,0.830721003134796,0.566455696202532,0.704615384615385,0.373860182370821,0.9,0,0.911111111111111,0.75,0.0886075949367089,0.461300309597523,0.870090634441088,0.442901234567901,0.229709035222052,0.102446483180428,0.140549273021002,0.113744075829384,0.1,0.0987460815047022,0.505529225908373,0.615146831530139,0.0871632329635499,0.908270676691729,0.912254160363086,0.231839258114374,0,0.0877458396369138,0.118098159509202,0,0.857827476038339,0,0.142410015649452,0,0.120184899845917,0.0944272445820433,0.910355486862442,0.253477588871716,0.0874811463046757,0.44888178913738,0.462709284627093,0.209375,0,0,0.168557536466775,0.151424287856072,0.106084243369735,0,0,0.906300484652666,0.734026745913819,0.53323029366306,0,0.604006163328197,0,0.163987138263666,0.0916271721958926,0.811802232854864,0.750382848392037,0,0.678855325914149,0.463949843260188,0.216174183514774,0.124242424242424,0.32312404287902,0.908950617283951,0.110032362459547,0.0965732087227414,0.0977917981072555,0,0.104790419161677,0,0.0925039872408294,0.897959183673469,0.563291139240506,0,0,0.26875,0.162460567823344,0.146969696969697,0.364329268292683,0.910876132930514,0.908805031446541,0.24294670846395,0.238738738738739,0,0.9046875,0.123630672926448,0,0.111111111111111,0.146969696969697,0.875786163522013,0.00311526479750779,0.900928792569659,0.0888208269525268,0.588607594936709,0.85202492211838,0.837837837837838,0.851226993865031,0.4,0.865116279069767,0.0818897637795276,0,0.340764331210191,0.111111111111111,0,0,0.904903417533432,0,0.907975460122699,0.0961832061068702,0.374407582938389,0.912420382165605,0.908661417322835,0.561708860759494,0.145085803432137,0.637345679012346,0.00459418070444104,0.90952380952381,0.0556438791732909,0.00930232558139535,0,0.745682888540031,0.900452488687783,0.901743264659271,0.89618320610687,0.907012195121951,0.00319488817891374,0.0061633281972265,0.900466562986003,0.0078125,0.00159489633173844,0.0312989045383412,0.0122887864823349,0.00306278713629403,0.905956112852665,0.0185471406491499,0.911717495987159,0.903374233128834,0.00313971742543171,0.90795631825273,0.0580152671755725,0.911585365853659,0.847352024922118,0.917910447761194,0.896604938271605
"276",0.702479338842975,0.688102893890675,0.722488038277512,0.745542949756888,0.720465890183028,0.701492537313433,0.71078431372549,0.718901453957997,0.698738170347003,0,0.695934959349593,0,0.710651828298887,0.688741721854305,0.346341463414634,0.315286624203822,0,0.00983606557377049,0.694078947368421,0.717041800643087,0.449760765550239,0.314189189189189,0.704838709677419,0,0.714738510301109,0.500818330605565,0.387888707037643,0.705,0.657686212361331,0.699530516431925,0.301587301587302,1,0.80655737704918,0.463295269168026,0,0.704065040650407,0.0209003215434084,0.703225806451613,0.55625,0.682182985553772,0,0.00796178343949045,0,0.706362153344209,0.756622516556291,0.323529411764706,0.631147540983607,0.291935483870968,0.658267716535433,0.417582417582418,0,0.708064516129032,0.525974025974026,0.688311688311688,0.704065040650407,0.453795379537954,0,0.707438016528926,0.707667731629393,0.793322734499205,0.477491961414791,0.630645161290323,0.3003300330033,0,0.717990275526742,0.717948717948718,0,0.712662337662338,0,0.291873963515755,0.664025356576862,0.311290322580645,0.320261437908497,0.698083067092652,0,0.778649921507064,0.3472,0.65378421900161,0.789819376026273,0.547660311958406,0,0.880573248407643,0.4592,0.678972712680578,0.405492730210016,0.762057877813505,0.686900958466454,0.720516962843296,0.703049759229534,0.00315955766192733,0.696284329563813,0.700813008130081,0,0,0.706176961602671,0,0.540322580645161,0.708399366085578,0.00161030595813205,0.00161812297734628,0.675453047775947,0,0.550488599348534,0.691029900332226,0.399684044233807,0.707357859531773,0.00321027287319422,0.709836065573771,0.306055646481178,0.314102564102564,0.308306709265176,0.721044045676998,0.593851132686084,0.688632619439868,0,0.71656050955414,0.925566343042071,0,0.307568438003221,0.490228013029316,0,0.801932367149758,0.523349436392915,0.364842454394693,0.701277955271565,0.4064,0.696,0.706168831168831,0,0.66394779771615,0.744224422442244,0.574503311258278,0.705980066445183,0,0.684818481848185,0.325471698113208,0,0.501650165016502,0.673234811165846,0.654822335025381,0,0,0.717781402936378,0.747557003257329,0.431404958677686,0.698517298187809,0.3042071197411,0.743548387096774,0.627677100494234,0.703470031545741,0.439669421487603,0.697411003236246,0.693944353518822,0.695859872611465,0.698697068403909,0.29042904290429,0.692556634304207,0.293354943273906,0,0.734860883797054,0.772511848341232,0.708064516129032,0.322061191626409,0,0.68503937007874,0.672212978369384,0.701342281879195,0.70364500792393,0.688709677419355,0.481658692185008,0.718649517684887,0.3,0.710651828298887,0.301261829652997,0.757377049180328,0.565640194489465,0,0.697411003236246,0,0.7024,0.689935064935065,0.381578947368421,0.717041800643087,0.72258064516129,0.69620253164557,0.692185007974482,0.387096774193548,0.629984051036683,0.712146422628952,0.728314238952537,0.342948717948718,0.307073954983923,0.70840197693575,0.714738510301109,0,0,0.572123176661264,0,0.70125786163522,0.544303797468354,0.717863105175292,0.7,0.698890649762282,0.613114754098361,0.556618819776715,0.545008183306056,0.692556634304207,0.703403565640194,0.7936,0,0.703703703703704,0.477685950413223,0.730519480519481,0.296774193548387,0.368253968253968,0.65751211631664,0.711290322580645,0.690322580645161,0.822185970636215,0.709886547811994,0.743801652892562,0,0.368839427662957,0.706349206349206,0.697368421052632,0,0.6944,0.708920187793427,0.65415986949429,0.635483870967742,0.688925081433225,0.703333333333333,0.588045234248788,0,0.717948717948718,0.791803278688525,0.717105263157895,0.314696485623003,0.7234375,0.70957095709571,0.704545454545455,0.714975845410628,0.6645056726094,0.308580858085809,0.724358974358974,0.631239935587762,0.298412698412698,0.286392405063291,0.428104575163399,0.281758957654723,0.428807947019868,0.696343402225755,0.310509554140127,0.308186195826645,0.314424635332253,0.672955974842767,0.328358208955224,0.71499176276771,0.0016260162601626,0.293637846655791,0,0.502454991816694,0.707037643207856,0.710355987055016,0.707592891760905,0,0.764705882352941,0.706161137440758,0.964912280701754,0.821656050955414,0.646203554119548,0.525451559934319,0.0016,0.696869851729819,0.411575562700965,1,0.738562091503268,0.313001605136437,0.71107544141252,0.311074918566775,0.410048622366288,0.694620253164557,0.702199661590524,0.714759535655058,0,0.701112877583466,0.711666666666667,0,0.295454545454545,0.720893141945773,0.725457570715474,0,0.308544303797468,0.303514376996805,0.715927750410509,0.807248764415156,0.304777594728171,0,0.592409240924092,0.726677577741408,0.802232854864434,0.6048,0.701986754966887,0.703049759229534,0.317666126418152,0.7024,0.706168831168831,0.310064935064935,0.713831478537361,0.702746365105008,0.68976897689769,0.696485623003195,0.466448445171849,0.544728434504792,0.561996779388084,0.717105263157895,0.71900826446281,0.0303030303030303,0.504132231404959,0.718954248366013,0.413848631239936,0.533751962323391,0.709003215434084,0.701277955271565,0.711256117455139,0.723154362416107,0.693037974683544,0.481054365733114,0.7264,0.693944353518822,0,0.565008025682183,0.661641541038526,0.318840579710145,0.0318979266347687,0.297297297297297,0.7024,0.321144674085851,0.296296296296296,0,0.478827361563518,0.705400981996727,0.360446570972887,0.715488215488216,0.729166666666667,0.699675324675325,0.560732113144759,0.555737704918033,0.690938511326861,0.624579124579125,0,0.728896103896104,0.306122448979592,0.330112721417069,0.508064516129032,0.691680261011419,0.322683706070288,0,0.570502431118314,0.28735632183908,0.315,0.639344262295082,0.703703703703704,0.558333333333333,0.679054054054054,0.699029126213592,0,0.703875968992248,0.292527821939587,0.69377990430622,0.734726688102894,0.701320132013201,0.315112540192926,0.702875399361022,0.293075684380032,0.680129240710824,0.807248764415156,0.712918660287081,0.706840390879479,0.68,0.543548387096774,0.72258064516129,0.692185007974482,0.30379746835443,0.322115384615385,0.696369636963696,0.694942903752039,0.588141025641026,0.673701298701299,0.701986754966887,0.731942215088282,0.694136291600634,0,0.406040268456376,0.705691056910569,0.319672131147541,0,0.726523887973641,0.0033167495854063,0.349258649093904,0.694620253164557,0.703099510603589,0,0.682258064516129,0.584142394822006,0.720661157024793,0.299342105263158,0.710743801652893,0.683333333333333,0.592105263157895,0.670926517571885,0.85667215815486,0,0.461414790996785,0.713810316139767,0.69951534733441,0.610032362459547,0.685805422647528,0.692832764505119,0.320512820512821,0.00158730158730159,0.697452229299363,0.706362153344209,0.71993410214168,0.698541329011345,0.305691056910569,0.781350482315113,0.483766233766234,0.44559585492228,0.00160771704180064,0.683774834437086,0.659468438538206,0.752025931928687,0,0.548333333333333,0.757328990228013,0.687600644122383,0.7504,0.392638036809816,0,0,0.685670261941448,0.699367088607595,0,0.710191082802548,0.00165016501650165,0,0,0.703583061889251,0,0.723228995057661,0.687600644122383,0.641509433962264,0.688394276629571,0,0,0.707472178060413,0.727848101265823,0.75,0.307692307692308,0.00166666666666667,0.7088,0.671974522292994,0.702265372168285,0.641955835962145,0.603305785123967,0,0.710191082802548,0.305785123966942,0.747927031509121,0.360655737704918,0,0.304075235109718,0.399678972712681,0.552941176470588,0.6848,0,0.742990654205608,0.718799368088468,0.697749196141479,0,0.372168284789644,0.715966386554622,0.304568527918782,0.694805194805195,0.696343402225755,0.3136,0.676751592356688,0.5712,0.71107544141252,0.313504823151125,0.452188006482982,0.71869918699187,0.00325732899022801,0.300970873786408,0.724358974358974,0.321070234113712,0.782324058919804,0.646003262642741,0,0.407523510971787,0.807248764415156,0.538338658146965,0.6976,0.294788273615635,0.443561208267091,0.559663865546218,0.729133858267716,0.798425196850394,0.719101123595506,0.72013093289689,0,0.6896,0.322274881516588,0.679032258064516,0.588138385502471,0.311290322580645,0.695238095238095,0.708674304418985,0.694668820678514,0.680129240710824,0.717948717948718,0.427392739273927,0.494271685761047,0.713375796178344,0.718446601941748,0,0,0.705501618122977,0.706075533661741,0.317275747508306,0.726829268292683,0.710144927536232,0.618210862619808,0.729818780889621,0.694078947368421,0.711811023622047,0,0.709150326797386,0.562805872756933,0.694668820678514,0.686495176848875,0,0.692682926829268,0.704918032786885,0.295269168026101,0.722402597402597,0.577170418006431,0.705426356589147,0.788617886178862,0.699842022116904,0.376744186046512,0.71571906354515,0.703525641025641,0.726114649681529,0.548986486486487,0.375,0.714516129032258,0.691935483870968,0.0032,0.738437001594896,0.578025477707006,0.529695024077046,0.843949044585987,0.697368421052632,0.695723684210526,0.70926517571885,0.143533123028391,0.297658862876254,0,0.807817589576547,0.288961038961039,0.297253634894992,0.550324675324675,0,0.705501618122977,0.747619047619048,0.692556634304207,0.692431561996779,0.376012965964344,0.31219512195122,0,0,0.458881578947368,0.345454545454545,0.426016260162602,0,0.292604501607717,0.695374800637959,0.136942675159236,0.541062801932367,0.701812191103789,0.67741935483871,0.685245901639344,0.767885532591415,0.715890850722311,0,0.712948517940718,0.574225122349103,0.649093904448105,0.747619047619048,0.703525641025641,0.605475040257649,0.00323101777059774,0.746732026143791,0.741679873217116,0,0.700468018720749,0.309061488673139,0.691029900332226,0.511254019292605,0,0.00161812297734628,0.672268907563025,0.842532467532468,0.313001605136437,0.432786885245902,0.00161290322580645,0,0.761755485893417,0.319354838709677,0.692567567567568,0.586261980830671,0.704944178628389,0.30188679245283,0.530546623794212,0.522167487684729,0.795121951219512,0.358803986710963,0.302694136291601,0,0.334431630971993,0,0.699044585987261,0.28500823723229,0.705069124423963,0.301612903225806,0.703150912106136,0,0.6912,0.658536585365854,0.678104575163399,0,0.691082802547771,0,0.658536585365854,0.707936507936508,0,0.690966719492868,0.701782820097245,0.702614379084967,0.735483870967742,0.346581875993641,0,0.689710610932476,0.525121555915721,0,0.980613893376414,0.280757097791798,0.316211878009631,0.711947626841244,0.700657894736842,0.699029126213592,0.693053311793215,0.703883495145631,0,0.703764320785597,0.0112721417069243,0.570274636510501,0.552334943639291,0.697411003236246,0.704654895666132,0.697305863708399,0.707006369426752,0.0609951845906902,0.324675324675325,0.695364238410596,0.725806451612903,0.707006369426752,0.704654895666132,0.711323763955343,0.72875816993464,0,0,0.695178849144635,0,0.348314606741573,0.00161550888529887,0.721231766612642,0.530578512396694,0.490033222591362,0.434713375796178,0.712854757929883,0,0.413961038961039,0.694174757281553,0.709003215434084,0.730645161290323,0.613458528951487,0.457496136012365,0.455813953488372,0.671521035598705,0.307324840764331,0.378594249201278,0.669394435351882,0.489291598023064,0.703001579778831,0.309791332263242,0,0.294117647058824,0.548333333333333,0.701666666666667,0.672523961661342,0.518867924528302,0.674603174603175,0.774603174603175,0.694136291600634,0.735099337748344,0.693843594009983,0.71499176276771,0.697865353037767,0.730831973898858,0.652312599681021,0.703525641025641,0.309262166405024,0.30379746835443,0.79903536977492,0.00314465408805031,0.705414012738854,0.693163751987281,0,0.385123966942149,0,0.737942122186495,0,0.7140549273021,0.690553745928339,0.306581059390048,0.7085346215781,0.694041867954911,0.717607973421927,0.675675675675676,0.714754098360656,0,0,0.722314049586777,0.725038402457757,0.69951534733441,0,0,0.307692307692308,0.4848,0.5664,0,0.713821138211382,0,0.708609271523179,0.698835274542429,0.420792079207921,0.4736,0,0.583881578947368,0.66936790923825,0.672552166934189,0.706896551724138,0.760064412238325,0.305418719211823,0.714521452145215,0.0464,0.703764320785597,0,0.709320695102686,0.00161812297734628,0.702614379084967,0.319422150882825,0.195364238410596,0,0,0.82475884244373,0.71499176276771,0.720257234726688,0.646687697160883,0.319182389937107,0.302479338842975,0.671031096563011,0.675078864353312,0,0.308441558441558,0.71004942339374,0,0.696869851729819,0.721698113207547,0.363782051282051,0.0243111831442464,0.29140127388535,0.693037974683544,0.630718954248366,0.349593495934959,0.384116693679092,0.407166123778502,0.764119601328904,0.373626373626374,0.714983713355049,0,0.725165562913907,0.687096774193548,0.00162866449511401,0,0.298461538461538,0,0.298360655737705,0.69551282051282,0.682724252491694,0.310402684563758,0.3003300330033,0.673202614379085,0.729641693811075,0.62843295638126,0.0337078651685393,0.291803278688525,0.0683333333333333,0.0145867098865478,0,0.302521008403361,0.300314465408805,0.299835255354201,0.311793214862682,0.295238095238095,0.0293159609120521,0.0333333333333333,0.311688311688312,0.0178282009724473,0.00164744645799012,0.0337620578778135,0.0222575516693164,0.0336538461538462,0.320450885668277,0.0251177394034537,0.305418719211823,0.323101777059774,0.029126213592233,0.313915857605178,0.0379746835443038,0.2976,0.304065040650407,0.305164319248826,0.306688417618271
"277",0.963492063492064,0.959627329192547,0.993827160493827,0.938709677419355,0.967793880837359,0.963317384370016,0.90521327014218,0.974803149606299,0.959055118110236,0,0.965189873417722,0,0.598746081504702,0.96,0.0768025078369906,0.0516431924882629,0,0.0126382306477093,0.957928802588997,0.946372239747634,0.181533646322379,0.0725806451612903,0.95,0,0.93613707165109,0.284820031298905,0.133228840125392,0.953225806451613,0.488299531981279,0.713178294573643,0.0417956656346749,0.727848101265823,0.794628751974723,0.31201248049922,0,0.962616822429907,0.0139751552795031,0.954968944099379,0.288315629742033,0.880184331797235,0.00162337662337662,0.0138888888888889,0.0046801872074883,0.961414790996785,0.81342062193126,0.0570962479608483,0.5264,0.0345911949685535,0.498461538461538,0.153013910355487,0,0.960691823899371,0.308411214953271,0.957680250783699,0.889937106918239,0.181818181818182,0,0.93719806763285,0.968553459119497,0.916537867078825,0.314728682170543,0.453396524486572,0.0385232744783307,0,0.867954911433172,0.836702954898911,0,0.95253164556962,0,0.03486529318542,0.846860643185299,0.0441640378548896,0.0497667185069984,0.961300309597523,0,0.738863287250384,0.0885093167701863,0.593167701863354,0.92109500805153,0.292358803986711,0,0.753488372093023,0.246177370030581,0.956589147286822,0.133956386292835,0.93953488372093,0.957746478873239,0.962204724409449,0.938871473354232,0.00766871165644172,0.954186413902054,0.955696202531646,0,0,0.951612903225806,0,0.31055900621118,0.950871632329635,0.00778816199376947,0.0095389507154213,0.6304,0,0.311424100156495,0.963949843260188,0.13251155624037,0.960912052117264,0.00791139240506329,0.979527559055118,0.0382775119617225,0.0442338072669826,0.0404354587869362,0.916666666666667,0.360062893081761,0.95260663507109,0,0.975232198142415,0.750783699059561,0,0.040625,0.259493670886076,0,0.79073482428115,0.2765625,0.111290322580645,0.955905511811024,0.182965299684543,0.95968992248062,0.962382445141066,0,0.558320373250389,0.948031496062992,0.515723270440252,0.951768488745981,0,0.956869009584665,0.0589147286821705,0,0.236044657097289,0.632,0.536348949919225,0,0,0.96411856474259,0.782945736434108,0.19773095623987,0.95800933125972,0.0385852090032154,0.94383775351014,0.445161290322581,0.984662576687117,0.153094462540717,0.955128205128205,0.961352657004831,0.8390625,0.961240310077519,0.0321543408360129,0.959119496855346,0.0412044374009509,0,0.75516693163752,0.888198757763975,0.949606299212598,0.0609756097560976,0,0.960183767228178,0.491171749598716,0.960063897763578,0.9578125,0.9609375,0.311526479750779,0.963949843260188,0.0414012738853503,0.944615384615385,0.043010752688172,0.915739268680445,0.380804953560372,0,0.957613814756672,0,0.835164835164835,0.959814528593508,0.155555555555556,0.95800933125972,0.930926216640502,0.954545454545455,0.943164362519201,0.124416796267496,0.410852713178295,0.92258064516129,0.934504792332268,0.0858034321372855,0.0440944881889764,0.97092084006462,0.873239436619718,0,0,0.335987261146497,0.0015625,0.957055214723926,0.284603421461897,0.886035313001605,0.748447204968944,0.970903522205207,0.462025316455696,0.469040247678019,0.320695102685624,0.901273885350318,0.931854199683043,0.9015625,0,0.8640625,0.208130081300813,0.937299035369775,0.0389408099688473,0.111801242236025,0.54858934169279,0.960380348652932,0.964285714285714,0.856474258970359,0.961059190031153,0.88783570300158,0,0.112852664576803,0.683641975308642,0.954983922829582,0,0.951863354037267,0.983206106870229,0.554330708661417,0.5600624024961,0.954258675078864,0.959349593495935,0.376971608832808,0,0.89938080495356,0.552380952380952,0.9952,0.0417310664605873,0.945397815912636,0.963317384370016,0.96417445482866,0.928237129485179,0.55054432348367,0.0384615384615385,0.995207667731629,0.541341653666147,0.0439393939393939,0.0422960725075529,0.230524642289348,0.0403726708074534,0.181089743589744,0.706708268330733,0.0394321766561514,0.0434782608695652,0.0505529225908373,0.615625,0.0747217806041336,0.962674961119751,0.00792393026941363,0.0345911949685535,0,0.248012718600954,0.968354430379747,0.948517940717629,0.89937106918239,0,0.891547049441786,0.84399375975039,0.734276729559748,0.634674922600619,0.487961476725522,0.47427652733119,0.00923076923076923,0.956381260096931,0.127962085308057,0.738562091503268,1,0.0526315789473684,0.779179810725552,0.0410742496050553,0.145962732919255,0.961538461538462,0.96260162601626,0.906349206349206,0,0.666666666666667,0.896166134185304,0,0.0391849529780564,0.914634146341463,0.980861244019139,0,0.04375,0.0298273155416013,0.966183574879227,0.901929260450161,0.0446570972886762,0,0.396875,0.973143759873618,0.818461538461538,0.422955974842767,0.688783570300158,0.940157480314961,0.0484375,0.958461538461538,0.960567823343849,0.0425196850393701,0.956318252730109,0.965408805031447,0.945773524720893,0.967238689547582,0.207488299531981,0.346938775510204,0.313572542901716,0.9744,0.913183279742765,0.0498442367601246,0.2832,0.974763406940063,0.171073094867807,0.308755760368664,0.973228346456693,0.965189873417722,0.955905511811024,0.726973684210526,0.956589147286822,0.261904761904762,0.992175273865415,0.954258675078864,0,0.363636363636364,0.560821484992101,0.0485133020344288,0.046875,0.0427480916030534,0.897637795275591,0.0629800307219662,0.0328638497652582,0,0.24804992199688,0.958990536277603,0.105100463678516,0.975490196078431,0.996850393700787,0.977987421383648,0.312893081761006,0.318770226537217,0.688783570300158,0.474025974025974,0,0.833597464342314,0.0521472392638037,0.0744186046511628,0.233644859813084,0.960063897763578,0.0421875,0,0.359177215189873,0.0446153846153846,0.0537974683544304,0.498422712933754,0.96417445482866,0.30016051364366,0.960720130932897,0.930817610062893,0,0.966817496229261,0.0342146189735614,0.963076923076923,0.830721003134796,0.958266452648475,0.0471698113207547,0.949230769230769,0.0406885758998435,0.857594936708861,0.751987281399046,0.915644171779141,0.978125,0.957006369426752,0.316037735849057,0.936507936507937,0.95565749235474,0.0402476780185759,0.0566929133858268,0.958466453674121,0.957878315132605,0.350237717908082,0.861370716510903,0.942528735632184,0.94,0.960876369327074,0,0.142628205128205,0.956386292834891,0.0380952380952381,0,0.998415213946117,0.00970873786407767,0.0847723704866562,0.958397534668721,0.996815286624204,0.00476947535771065,0.639370078740157,0.439252336448598,0.965079365079365,0.0377358490566038,0.861685214626391,0.959677419354839,0.391304347826087,0.635384615384615,0.828843106180666,0,0.186602870813397,0.983792544570502,0.965023847376789,0.459375,0.968895800933126,0.943986820428336,0.0645669291338583,0.00157728706624606,0.962848297213622,0.962204724409449,0.944012441679627,0.699074074074074,0.0421875,0.893548387096774,0.257364341085271,0.207296849087894,0.00626959247648903,0.634768740031898,0.60828025477707,0.64696734059098,0,0.303079416531605,0.928684627575277,0.6546875,0.55607476635514,0.112462006079027,0,0,0.965465465465465,0.941085271317829,0,0.956043956043956,0.00645161290322581,0,0,0.961119751166407,0,0.966453674121406,0.794952681388013,0.547256097560976,0.955038759689922,0,0,0.966257668711656,0.940458015267176,0.749216300940439,0.0408805031446541,0.00160771704180064,0.892141756548536,0.624610591900312,0.964912280701754,0.541085271317829,0.370839936608558,0,0.947932618683001,0.0453808752025932,0.972886762360447,0.111821086261981,0,0.0455927051671733,0.145367412140575,0.501666666666667,0.940809968847352,0,0.964006259780908,0.959438377535101,0.964396284829721,0,0.101748807631161,0.910891089108911,0.0423452768729642,0.953917050691244,0.961240310077519,0.0450310559006211,0.960061443932412,0.327131782945736,0.829652996845426,0.0497592295345104,0.197431781701445,0.958730158730159,0.00634920634920635,0.0388198757763975,0.976377952755906,0.0411184210526316,0.681020733652313,0.429936305732484,0,0.151898734177215,0.773311897106109,0.286833855799373,0.954186413902054,0.0396196513470681,0.165123456790123,0.480582524271845,0.932307692307692,0.902627511591963,0.941548183254344,0.761980830670926,0,0.951937984496124,0.0368663594470046,0.942947702060222,0.413961038961039,0.0389408099688473,0.962558502340094,0.963258785942492,0.961102106969206,0.637658227848101,0.975039001560062,0.15748031496063,0.225239616613419,0.932917316692668,0.888540031397174,0,0,0.95859872611465,0.929245283018868,0.0555555555555556,0.976228209191759,0.965678627145086,0.394409937888199,0.963607594936709,0.7504,0.9,0,0.952830188679245,0.354330708661417,0.96551724137931,0.962145110410095,0,0.657187993680885,0.995245641838352,0.0438871473354232,0.697784810126582,0.398449612403101,0.806060606060606,0.710900473933649,0.931297709923664,0.113671274961598,0.961722488038278,0.959375,0.978193146417445,0.307692307692308,0.127962085308057,0.960998439937597,0.958990536277603,0.0078003120124805,0.8,0.466141732283465,0.281200631911532,0.800623052959502,0.958990536277603,0.872813990461049,0.9578125,0.127496159754224,0.039344262295082,0,0.8496,0.0412044374009509,0.0419254658385093,0.293838862559242,0,0.960629921259842,0.917829457364341,0.965625,0.964285714285714,0.132701421800948,0.0431309904153355,0,0,0.205414012738854,0.0979462875197472,0.177884615384615,0,0.0374414976599064,0.9625,0.0218068535825545,0.32018927444795,0.957996768982229,0.603125,0.943820224719101,0.689708141321045,0.671296296296296,0,0.961019490254873,0.411023622047244,0.523349436392915,0.935681470137825,0.967340590979782,0.430359937402191,0.0077639751552795,0.963607594936709,0.961180124223602,0,0.939117199391172,0.0550314465408805,0.964110929853181,0.45625,0,0.00778816199376947,0.552504038772213,0.871019108280255,0.0369230769230769,0.154838709677419,0.00949367088607595,0.00163132137030995,0.74051593323217,0.0511182108626198,0.96078431372549,0.342146189735614,0.967791411042945,0.0356589147286822,0.401244167962675,0.341894060995185,0.88474025974026,0.135922330097087,0.0416024653312789,0.0015625,0.0824088748019017,0,0.964885496183206,0.0557377049180328,0.978851963746224,0.0453125,0.959216965742251,0,0.550387596899225,0.489731437598736,0.957613814756672,0,0.962616822429907,0,0.42156862745098,0.951937984496124,0,0.665634674922601,0.968503937007874,0.745253164556962,0.9792,0.0714285714285714,0,0.957943925233645,0.282747603833866,0,0.726851851851852,0.037821482602118,0.0549618320610687,0.965023847376789,0.962085308056872,0.955108359133127,0.937106918238994,0.949764521193093,0,0.945072697899838,0.0216383307573416,0.360681114551084,0.306122448979592,0.956318252730109,0.952681388012618,0.960061443932412,0.954898911353033,0.0613207547169811,0.05229793977813,0.967266775777414,0.944530046224962,0.73469387755102,0.946875,0.962790697674419,0.995356037151703,0,0,0.947049924357035,0,0.107309486780715,0,0.967289719626168,0.293831168831169,0.22508038585209,0.16,0.898089171974522,0,0.136434108527132,0.9578125,0.9625,0.671899529042386,0.44578313253012,0.24773413897281,0.208333333333333,0.649122807017544,0.0361067503924647,0.155172413793103,0.575757575757576,0.269890795631825,0.717156105100464,0.049079754601227,0,0.0336,0.337620578778135,0.961661341853035,0.643533123028391,0.261398176291793,0.637658227848101,0.895475819032761,0.945987654320988,0.954397394136808,0.956661316211878,0.964686998394864,0.962962962962963,0.5814696485623,0.447784810126582,0.959247648902821,0.0409711684370258,0.0519083969465649,0.894654088050314,0.00941915227629513,0.964230171073095,0.943485086342229,0,0.150242326332795,0,0.938388625592417,0,0.961180124223602,0.960254372019078,0.0342679127725857,0.855784469096672,0.956989247311828,0.691455696202532,0.654205607476635,0.89297124600639,0,0,0.933224755700326,0.973013493253373,0.973312401883831,0,0,0.0418679549114332,0.243865030674847,0.518987341772152,0,0.485849056603774,0,0.917197452229299,0.956869009584665,0.194577352472089,0.267605633802817,0,0.376971608832808,0.594896331738437,0.8453125,0.996884735202492,0.797488226059655,0.0410742496050553,0.971246006389776,0.0141955835962145,0.956521739130435,0,0.97428139183056,0.0062992125984252,0.963258785942492,0.05103668261563,0.0331230283911672,0,0,0.849378881987578,0.908646003262643,0.944186046511628,0.726006191950464,0.060790273556231,0.0465489566613162,0.829652996845426,0.813271604938272,0,0.0507131537242472,0.942457231726283,0,0.945072697899838,0.993836671802773,0.0933544303797468,0.0373250388802488,0.0390625,0.960244648318043,0.483516483516484,0.108864696734059,0.136585365853659,0.145339652448657,0.7184,0.11402157164869,0.962025316455696,0,0.779552715654952,0.948678071539658,0.00316455696202532,0,0.0473282442748092,0,0.0458860759493671,0.960629921259842,0.710355987055016,0.0350877192982456,0.045958795562599,0.55625,0.969305331179321,0.455813953488372,0.043613707165109,0.0384,0.0503246753246753,0.0125786163522013,0,0.0576923076923077,0.0471841704718417,0.0396196513470681,0.0572755417956656,0.0325581395348837,0.0414673046251994,0.0520504731861199,0.0536277602523659,0.016,0.0064,0.0234375,0.0187207488299532,0.0530421216848674,0.048,0.0156985871271586,0.0358890701468189,0.0464,0.0390243902439024,0.0430622009569378,0.0182926829268293,0.0390015600624025,0.0715396578538103,0.0446153846153846,0.0428571428571429
"278",0.0158478605388273,0.0108191653786708,0.0395738203957382,0.0698412698412698,0.0221518987341772,0.00805152979066022,0.109034267912773,0.0356589147286822,0.0139318885448916,0,0.0123456790123457,0,0.44822256568779,0.0078740157480315,0.946875,0.97737556561086,0,0,0.00789889415481832,0.0261136712749616,0.855403348554033,0.9584,0.0230414746543779,0,0.0535168195718654,0.743390357698289,0.88785046728972,0.0208,0.541729893778452,0.323664122137405,0.986404833836858,0.319182389937107,0.241057542768274,0.719188767550702,0,0.00933125972006221,0.00614439324116743,0.0123647604327666,0.757800891530461,0.103658536585366,0,0,0,0.0124416796267496,0.234920634920635,0.976340694006309,0.502290076335878,0.987577639751553,0.550224887556222,0.864457831325301,0,0.0157977883096366,0.756508422664625,0.0124031007751938,0.122257053291536,0.850157728706625,0,0.0358814352574103,0.0519083969465649,0.115919629057187,0.719135802469136,0.571428571428571,0.990654205607477,0,0.108320251177394,0.184331797235023,0,0.0232558139534884,0,0.989028213166144,0.155487804878049,0.978294573643411,0.973478939157566,0.0106382978723404,0,0.299694189602446,0.955315870570108,0.420245398773006,0.101748807631161,0.740619902120718,0,0.303951367781155,0.793313069908815,0.0107033639143731,0.875379939209726,0.0975609756097561,0.0170015455950541,0.0396341463414634,0.0400616332819723,0,0.0261941448382126,0.0121212121212121,0,0,0.0364500792393027,0,0.692780337941628,0.0264797507788162,0,0,0.386046511627907,0,0.729559748427673,0.0109717868338558,0.90273556231003,0.0111821086261981,0,0.0299212598425197,0.985804416403785,0.979655712050078,0.981623277182236,0.0940438871473354,0.683153013910355,0.020440251572327,0,0.0233281493001555,0.294670846394984,0,0.987711213517665,0.770769230769231,0,0.241758241758242,0.760802469135803,0.9184,0.0401234567901235,0.847457627118644,0.0153139356814701,0.0122887864823349,0,0.464012251148545,0.0784615384615385,0.522012578616352,0.0219092331768388,0,0.0159744408945687,0.969650986342944,0,0.806552262090484,0.380434782608696,0.492012779552716,0,0,0.0290519877675841,0.247663551401869,0.821316614420063,0.013953488372093,0.984399375975039,0.0815384615384615,0.592417061611374,0.0290519877675841,0.864353312302839,0.0294573643410853,0.0124804992199688,0.18,0.0123456790123457,0.990476190476191,0.0107858243451464,0.990551181102362,0,0.272012578616352,0.143292682926829,0.0278637770897833,0.977272727272727,0,0.00917431192660551,0.562101910828026,0.0127591706539075,0.00773993808049536,0.00927357032457496,0.710769230769231,0.0294117647058824,0.987635239567233,0.0625,0.989536621823617,0.116822429906542,0.636503067484663,0,0.027906976744186,0,0.164341085271318,0.00930232558139535,0.880952380952381,0.0305343511450382,0.0601851851851852,0.021021021021021,0.0365853658536585,0.908385093167702,0.641566265060241,0.0919175911251981,0.0620031796502385,0.947932618683001,0.98613251155624,0.0331230283911672,0.136645962732919,0,0,0.722397476340694,0,0.0120481927710843,0.750380517503805,0.120063191153239,0.256797583081571,0.0211480362537764,0.58814352574103,0.574730354391371,0.727838258164852,0.0911949685534591,0.0438184663536776,0.133846153846154,0,0.139318885448916,0.828525641025641,0.069620253164557,0.987460815047022,0.930981595092024,0.482059282371295,0.0354391371340524,0.0320610687022901,0.177672955974843,0.00927357032457496,0.119195046439628,0,0.924499229583975,0.349085365853659,0.0142630744849445,0,0.0153374233128834,0.0256797583081571,0.46551724137931,0.461059190031153,0.0205047318611987,0.0144,0.638932496075353,0,0.114457831325301,0.486111111111111,0.0418006430868167,0.987711213517665,0.0499243570347958,0.0109546165884194,0.0122699386503067,0.059190031152648,0.469418960244648,0.989028213166144,0.0416024653312789,0.469230769230769,0.986506746626687,0.984825493171472,0.797169811320755,0.990639625585023,0.850961538461538,0.336363636363636,0.985981308411215,0.984591679506934,0.995348837209302,0.426426426426426,0.94912559618442,0.0267716535433071,0,0.989180834621329,0,0.7765625,0.0125588697017268,0.0336391437308868,0.112828438948995,0,0.133012820512821,0.148710166919575,0.329704510108865,0.413145539906103,0.561430793157076,0.549050632911392,0,0.0062992125984252,0.89409984871407,0.313001605136437,0.0526315789473684,1,0.261941448382126,0.98755832037325,0.882262996941896,0.00902255639097744,0.0143769968051118,0.105100463678516,0,0.370030581039755,0.10989010989011,0,0.987692307692308,0.102290076335878,0.0291411042944785,0,0.990740740740741,0.989280245022971,0.0334928229665072,0.1408,0.990338164251208,0,0.618604651162791,0.0216383307573416,0.221198156682028,0.618827160493827,0.350793650793651,0.0519877675840979,1,0.0137825421133231,0.00927357032457496,0.981191222570533,0.0418604651162791,0.014218009478673,0.0345911949685535,0.015600624024961,0.817896389324961,0.702909647779479,0.72386895475819,0.0332278481012658,0.0637958532695375,0.00153374233128834,0.737089201877934,0.0343213728549142,0.84080370942813,0.692771084337349,0.0170015455950541,0.0109546165884194,0.0403100775193798,0.319182389937107,0.0135746606334842,0.753943217665615,0.0446841294298921,0.0109546165884194,0,0.699537750385208,0.462992125984252,0.983050847457627,0.00156739811912226,0.981818181818182,0.107858243451464,0.960183767228178,0.992125984251969,0,0.782208588957055,0.0187207488299532,0.918083462132921,0.0276422764227642,0.0401854714064915,0.0217729393468118,0.728125,0.7312,0.33125,0.549273021001615,0,0.173106646058733,0.975867269984917,0.953101361573374,0.819722650231125,0.0109546165884194,0.987654320987654,0,0.69478527607362,0.978361669242658,0.968944099378882,0.537151702786378,0.0126782884310618,0.716744913928013,0.0113085621970921,0.044822256568779,0,0.0176730486008837,0.988005997001499,0.0120845921450151,0.168711656441718,0.00947867298578199,0.976671850699845,0.0334855403348554,0.989197530864197,0.134762633996937,0.298273155416013,0.0632530120481928,0.0275650842266462,0.0125195618153365,0.719874804381847,0.0509259259259259,0.0120845921450151,0.989489489489489,0.961538461538462,0.009375,0.0123647604327666,0.672386895475819,0.126348228043143,0.0465489566613162,0.0574886535552194,0.0106544901065449,0,0.8832,0.0108024691358025,0.988958990536278,0,0.0453834115805947,0,0.960629921259842,0.00914634146341463,0.0420560747663551,0,0.376377952755906,0.59253499222395,0.033175355450237,0.984301412872841,0.142414860681115,0.0111464968152866,0.635514018691589,0.428571428571429,0.221198156682028,0,0.850769230769231,0.0333333333333333,0.0124416796267496,0.572542901716069,0.00765696784073507,0.0459016393442623,0.954898911353033,0,0.0277349768875193,0.0141732283464567,0.0544323483670296,0.309451219512195,0.985915492957746,0.139280125195618,0.773993808049536,0.810064935064935,0,0.382775119617225,0.416539050535988,0.409230769230769,0,0.72626582278481,0.089922480620155,0.361240310077519,0.485496183206107,0.915680473372781,0,0,0.0134529147982063,0.0330827067669173,0,0.0858895705521472,0,0,0,0.0156739811912226,0,0.012779552715655,0.24922600619195,0.490225563909774,0.0107033639143731,0,0,0.0203761755485893,0.0481203007518797,0.288819875776398,0.992331288343558,0,0.117378048780488,0.429663608562691,0.0107692307692308,0.484018264840183,0.665615141955836,0,0.0296411856474259,0.987281399046105,0.046875,0.911532385466035,0,0.981566820276498,0.877519379844961,0.533011272141707,0.0382262996941896,0,0.060790273556231,0.032258064516129,0.0121580547112462,0,0.938679245283019,0.0786885245901639,0.987261146496815,0.0107033639143731,0.0106870229007634,0.981623277182236,0.0124223602484472,0.718068535825545,0.193700787401575,0.985826771653543,0.838141025641026,0.0485133020344288,0,0.990697674418605,0.0365296803652968,0.987281399046105,0.35031847133758,0.606864274570983,0,0.893188854489164,0.271428571428571,0.753105590062112,0.0404354587869362,0.9875,0.851515151515152,0.55448717948718,0.0651515151515152,0.123853211009174,0.05,0.2515625,0,0.0290076335877863,0.989329268292683,0.0412044374009509,0.620192307692308,0.988077496274218,0.00923076923076923,0.0109546165884194,0.0109546165884194,0.385220125786164,0.0265625,0.879499217527387,0.827102803738318,0.0746500777604977,0.122861586314152,0,0,0.0205047318611987,0.0768025078369906,0.978021978021978,0.0269413629160063,0.0216049382716049,0.650231124807396,0.0791925465838509,0.283227848101266,0.113496932515337,0,0.0467289719626168,0.666666666666667,0.0124031007751938,0.0093167701863354,0,0.370892018779343,0.0346456692913386,0.99537037037037,0.32018927444795,0.637480798771121,0.197309417040359,0.328571428571429,0.0578635014836795,0.912254160363086,0.0206022187004754,0.00924499229583975,0.0266457680250784,0.692556634304207,0.8890625,0.0186625194401244,0.0104790419161677,0,0.235384615384615,0.560606060606061,0.739663093415008,0.251162790697674,0.0125588697017268,0.131455399061033,0.013719512195122,0.114551083591331,0.9904,0,0.190031152647975,0.984447900466563,0.987654320987654,0.72824427480916,0,0.0216383307573416,0.0958904109589041,0.0153846153846154,0.0137825421133231,0.906103286384977,0.986111111111111,0,0,0.853269537480064,0.928125,0.845669291338583,0,0.987596899224806,0.00773993808049536,0.418816388467375,0.7265625,0.0125391849529781,0.417956656346749,0.0382165605095541,0.364197530864198,0.373493975903614,0,0.0118694362017804,0.631746031746032,0.536163522012579,0.0800604229607251,0.0168195718654434,0.631987577639752,0,0.0539291217257319,0.0549618320610687,0,0.038863976083707,0.972179289026275,0.0271565495207668,0.571207430340557,0,0,0.508914100486224,0.181240063593005,0.987692307692308,0.8704,0,0,0.257871064467766,0.962441314553991,0.0113268608414239,0.688549618320611,0.0183206106870229,0.986068111455108,0.637480798771121,0.672496025437202,0.140600315955766,0.894321766561514,0.987673343605547,0,0.954616588419405,0,0.0183206106870229,0.815580286168522,0.0283582089552239,0.9828125,0.0109204368174727,0,0.507552870090634,0.547880690737834,0.0139318885448916,0,0.0121951219512195,0,0.615384615384615,0.0215716486902928,0,0.348623853211009,0.0297339593114241,0.267716535433071,0.0613207547169811,0.963636363636364,0,0.00765696784073507,0.743710691823899,0,0.320061255742726,0.989536621823617,0.975346687211094,0.0126582278481013,0.0078003120124805,0.0183206106870229,0.036979969183359,0.0250783699059561,0,0.0372670807453416,0,0.651376146788991,0.712121212121212,0.0184331797235023,0.0188087774294671,0.0210843373493976,0.0198776758409786,0.0327102803738318,0.984276729559748,0.0308943089430894,0.0522273425499232,0.279635258358663,0.0296875,0.0107692307692308,0.0382262996941896,0,0,0.0283582089552239,0,0.926605504587156,0.00157232704402516,0.0590979782270607,0.7216,0.797124600638978,0.882978723404255,0.0852713178294574,0.00154320987654321,0.901538461538462,0.0106707317073171,0.00927357032457496,0.386895475819033,0.608370702541106,0.781109445277361,0.822289156626506,0.368253968253968,0.987823439878234,0.870229007633588,0.4679186228482,0.737421383647799,0.29607250755287,0.981510015408321,0,0.985959438377535,0.670295489891135,0.00963081861958266,0.369734789391576,0.789393939393939,0.37245696400626,0.125960061443932,0.0184049079754601,0.0514469453376206,0.0298273155416013,0.00956937799043062,0.0125984251968504,0.442879499217527,0.603100775193798,0.0108864696734059,0.982169390787519,0.980683506686478,0.133858267716535,0,0.0106382978723404,0.0416024653312789,0,0.878594249201278,0,0.0536277602523659,0,0.0325077399380805,0.0136986301369863,0.98145285935085,0.16875,0.00762195121951219,0.359497645211931,0.393468118195956,0.121835443037975,0,0,0.07223113964687,0.0704845814977974,0.0200927357032458,0,0,0.990415335463259,0.767830045523521,0.503115264797508,0,0.554179566563467,0,0.0867507886435331,0.013953488372093,0.812698412698413,0.761832061068702,0,0.670866141732283,0.421216848673947,0.145736434108527,0.0432766615146832,0.234930448222566,0.98613251155624,0.0220820189274448,0.089622641509434,0.0095389507154213,0,0.0300751879699248,0,0.0125786163522013,0.976452119309262,0.617977528089888,0,0,0.184049079754601,0.0870253164556962,0.0688073394495413,0.308510638297872,0.965465465465465,0.984152139461173,0.185758513931889,0.175757575757576,0,0.98125,0.0419906687402799,0,0.0253565768621236,0.0581929555895865,0.923076923076923,0,0.9875,0.0138461538461538,0.539074960127592,0.92093023255814,0.886792452830189,0.889400921658986,0.314785373608903,0.892424242424242,0.0125,0,0.246056782334385,0.0247295208655332,0,0,0.992458521870287,0,0.989180834621329,0.0108024691358025,0.309791332263242,0.988976377952756,0.985871271585557,0.47581903276131,0.0471698113207547,0.573394495412844,0,0.987179487179487,0.0489731437598736,0.00933125972006221,0,0.818897637795276,0.987767584097859,0.9859375,0.978461538461538,0.990839694656489,0,0,0.9796875,0.00611620795107034,0.00316957210776545,0.028125,0.00614439324116743,0,0.986046511627907,0.0139103554868624,0.988835725677831,0.987519500780031,0,0.984520123839009,0.0500758725341426,0.992319508448541,0.905572755417957,0.986486486486487,0.989010989010989
"279",0.754045307443366,0.738724727838258,0.763608087091757,0.7552,0.758842443729904,0.746753246753247,0.777070063694268,0.774494556765163,0.739938080495356,0,0.734920634920635,0,0.615863141524106,0.741935483870968,0.30564263322884,0.270897832817337,0,0.0124416796267496,0.753993610223642,0.755832037325039,0.409937888198758,0.274061990212072,0.737327188940092,0,0.767080745341615,0.429022082018927,0.332810047095761,0.735576923076923,0.613981762917933,1,0.254545454545455,0.715408805031447,0.748807631160572,0.43213728549142,0,0.748407643312102,0.015552099533437,0.741140215716487,0.499250374812594,0.73159509202454,0.00155763239875389,0.010752688172043,0.0031201248049922,0.742811501597444,0.738709677419355,0.268680445151033,0.568938193343899,0.236220472440945,0.59480122324159,0.358346094946401,0,0.745283018867924,0.472698907956318,0.73968253968254,0.768740031897927,0.389776357827476,0,0.736334405144695,0.763608087091757,0.765625,0.464454976303318,0.574803149606299,0.261637239165329,0,0.73961661341853,0.732503888024883,0,0.742589703588144,0,0.253565768621236,0.703125,0.244961240310078,0.262992125984252,0.748091603053435,0,0.722650231124807,0.289676425269646,0.648606811145511,0.770226537216828,0.480865224625624,0,0.697063369397218,0.421538461538462,0.748103186646434,0.359133126934985,0.785602503912363,0.741324921135647,0.754276827371695,0.738170347003155,0.0015220700152207,0.752396166134185,0.728125,0,0,0.761290322580645,0,0.525581395348837,0.746105919003115,0.0046656298600311,0.00630914826498423,0.731319554848967,0,0.513385826771654,0.7504,0.347758887171561,0.741518578352181,0.00315955766192733,0.766457680250784,0.247619047619048,0.260530421216849,0.264797507788162,0.757097791798107,0.50547730829421,0.749611197511664,0,0.751166407465008,0.709320695102686,0,0.246894409937888,0.436708860759494,0,0.753184713375796,0.467289719626168,0.324193548387097,0.760188087774295,0.37037037037037,0.747320061255743,0.744945567651633,0,0.735294117647059,0.765451664025357,0.55111821086262,0.737678855325914,0,0.748397435897436,0.267776096822995,0,0.444794952681388,0.620904836193448,0.706624605678233,0,0,0.7601246105919,0.707165109034268,0.378812199036918,0.740973312401884,0.257410296411856,0.794348508634223,0.552380952380952,0.755868544600939,0.3824,0.741784037558685,0.746031746031746,0.779160186625194,0.753184713375796,0.24232633279483,0.741732283464567,0.250793650793651,0,0.714968152866242,0.776758409785933,0.743390357698289,0.274418604651163,0,0.741029641185647,0.553054662379421,0.744783306581059,0.759316770186335,0.738058551617874,0.429007633587786,0.757861635220126,0.25705329153605,0.793261868300153,0.268817204301075,0.780254777070064,0.499217527386541,0,0.737909516380655,0,0.726844583987441,0.744113029827316,0.337559429477021,0.748031496062992,0.748837209302326,0.743628185907046,0.746522411128284,0.353218210361067,0.536209553158706,0.772946859903382,0.780410742496051,0.318252730109204,0.263565891472868,0.763693270735524,0.765258215962441,0,0,0.523584905660377,0.00157728706624606,0.730061349693252,0.477726574500768,0.769475357710652,0.667692307692308,0.760606060606061,0.645833333333333,0.544186046511628,0.502369668246445,0.752,0.769110764430577,0.765432098765432,0,0.758190327613105,0.428338762214984,0.75195007800312,0.24685534591195,0.303680981595092,0.716772151898734,0.749211356466877,0.769938650306748,0.759873617693523,0.73159509202454,0.744444444444444,0,0.313385826771654,0.671212121212121,0.751592356687898,0,0.749618320610687,0.763636363636364,0.737421383647799,0.576982892690513,0.746081504702194,0.758508914100486,0.571428571428571,0,0.763076923076923,0.626959247648903,0.782324058919804,0.256923076923077,0.755795981452859,0.747634069400631,0.744186046511628,0.752380952380952,0.628659476117103,0.274167987321712,0.776049766718507,0.571653543307087,0.254135338345865,0.26046511627907,0.393890675241158,0.248073959938367,0.377567140600316,0.715384615384615,0.253105590062112,0.259938837920489,0.255886970172684,0.791090629800307,0.281150159744409,0.761075949367089,0.00321543408360129,0.236593059936909,0,0.468253968253968,0.752791068580542,0.735849056603774,0.763693270735524,0,0.777957860615883,0.725155279503106,0.695652173913043,0.673913043478261,0.541864139020537,0.537007874015748,0.00310077519379845,0.743348982785602,0.344615384615385,0.71107544141252,0.779179810725552,0.261941448382126,1,0.262422360248447,0.362204724409449,0.757575757575758,0.743506493506494,0.780063291139241,0,0.807751937984496,0.767405063291139,0,0.253086419753086,0.774583963691377,0.764331210191083,0,0.268104776579353,0.255813953488372,0.768253968253968,0.7472,0.258842443729904,0,0.591263650546022,0.772012578616352,0.758832565284178,0.538102643856921,0.952978056426332,0.754276827371695,0.264566929133858,0.742236024844721,0.74685534591195,0.237048665620094,0.764430577223089,0.750798722044728,0.749596122778675,0.7546875,0.41471048513302,0.509287925696594,0.504658385093168,0.77207062600321,0.748784440842788,0.0354938271604938,0.450636942675159,0.749221183800623,0.341692789968652,0.495440729483283,0.7609375,0.749608763693271,0.751145038167939,0.681458003169572,0.730354391371341,0.443037974683544,0.778301886792453,0.740566037735849,0,0.5115562403698,0.684627575277338,0.26148969889065,0.0397553516819572,0.254237288135593,0.769706336939722,0.272868217054264,0.260188087774295,0,0.434375,0.742496050552923,0.324367088607595,0.765089722675367,0.78783151326053,0.744075829383886,0.511111111111111,0.502377179080824,0.694227769110764,0.547540983606557,0,0.748815165876777,0.250381679389313,0.275272161741835,0.434169278996865,0.743710691823899,0.261538461538462,0,0.536321483771252,0.243788819875776,0.280125195618153,0.546456692913386,0.74203821656051,0.483253588516746,0.745484400656814,0.74375,0,0.761976047904192,0.243369734789392,0.741935483870968,0.746130030959752,0.759289176090469,0.267405063291139,0.758887171561051,0.257364341085271,0.731554160125589,0.705977382875606,0.751552795031056,0.78125,0.748043818466354,0.512578616352201,0.749216300940439,0.739663093415008,0.26179604261796,0.2671875,0.747217806041335,0.746835443037975,0.514866979655712,0.727975270479134,0.741157556270096,0.755417956656347,0.751937984496124,0,0.341194968553459,0.753125,0.264150943396226,0,0.782539682539683,0.00480769230769231,0.30379746835443,0.737878787878788,0.78594249201278,0.00156985871271586,0.728549141965679,0.535433070866142,0.7792,0.258899676375405,0.768621236133122,0.7488,0.555023923444976,0.850308641975309,0.740973312401884,0,0.401263823064771,0.761453396524487,0.753918495297806,0.545454545454545,0.753105590062112,0.72636815920398,0.279874213836478,0.00158478605388273,0.755795981452859,0.758730158730159,0.764150943396226,0.690031152647975,0.247261345852895,0.778301886792453,0.414596273291925,0.418831168831169,0.00470957613814757,0.662420382165605,0.670947030497592,0.653125,0,0.482084690553746,0.762578616352201,0.673469387755102,0.624420401854714,0.323795180722892,0,0,0.74251497005988,0.746913580246914,0,0.762422360248447,0.00323101777059774,0,0,0.737833594976452,0,0.75,0.794117647058823,0.718027734976888,0.740740740740741,0,0,0.748807631160572,0.771956856702619,0.706521739130435,0.25114854517611,0.00162337662337662,0.778625954198473,0.855365474339036,0.7671875,0.585516178736518,0.507154213036566,0,0.742283950617284,0.256821829855538,0.762282091917591,0.329617834394904,0,0.252647503782148,0.351014040561622,0.566558441558442,0.731895223420647,0,0.770897832817337,0.762422360248447,0.745788667687596,0,0.322061191626409,0.724590163934426,0.265905383360522,0.740740740740741,0.748079877112135,0.253125,0.732612055641422,0.511006289308176,0.977883096366509,0.264240506329114,0.404494382022472,0.76138147566719,0.00312989045383412,0.252713178294574,0.763157894736842,0.259554140127389,0.681159420289855,0.514240506329114,0,0.353846153846154,0.7056,0.474842767295597,0.754658385093168,0.25314465408805,0.350387596899225,0.547107438016529,0.74347158218126,0.751159196290572,0.748447204968944,0.717703349282297,0,0.758461538461538,0.262422360248447,0.736263736263736,0.604465709728868,0.264437689969605,0.749235474006116,0.752738654147105,0.747235387045814,0.618153364632238,0.758139534883721,0.37914691943128,0.422955974842767,0.756172839506173,0.775,0,0,0.731746031746032,0.754385964912281,0.268987341772152,0.763955342902711,0.759433962264151,0.591679506933744,0.807266982622433,0.7872,0.774045801526718,0,0.752721617418352,0.555555555555556,0.755832037325039,0.74414976599064,0,0.668261562998405,0.7856,0.268680445151033,0.693877551020408,0.540031397174254,0.723467862481315,0.695102685624013,0.734848484848485,0.308049535603715,0.7504,0.741140215716487,0.774647887323944,0.521951219512195,0.335443037974684,0.753125,0.741085271317829,0.00307692307692308,0.722480620155039,0.576744186046512,0.481308411214953,0.737007874015748,0.744038155802862,0.778309409888357,0.743827160493827,0.157733537519142,0.241830065359477,0,0.762738853503185,0.250788643533123,0.25,0.48503937007874,0,0.76049766718507,0.751926040061633,0.750783699059561,0.763888888888889,0.310126582278481,0.274570982839314,0,0,0.403815580286169,0.306122448979592,0.372019077901431,0,0.244615384615385,0.748837209302326,0.107309486780715,0.5140625,0.746056782334385,0.726708074534162,0.731319554848967,0.682027649769585,0.657450076804916,0,0.756352765321375,0.613672496025437,0.7184,0.787136294027565,0.744582043343653,0.578125,0.0031055900621118,0.765527950310559,0.766513056835638,0,0.725460122699387,0.263650546021841,0.746732026143791,0.525157232704403,0,0.0031104199066874,0.756888168557536,0.762951334379906,0.258970358814353,0.380348652931854,0.00471698113207547,0.00163132137030995,0.694736842105263,0.269291338582677,0.731707317073171,0.516279069767442,0.765337423312883,0.260802469135802,0.512345679012346,0.457463884430177,0.774760383386581,0.326860841423948,0.264385692068429,0.0015527950310559,0.283464566929134,0,0.745426829268293,0.238172920065253,0.76605504587156,0.258785942492013,0.741679873217116,0,0.570769230769231,0.591836734693878,0.746875,0,0.751914241960184,0,0.541269841269841,0.752688172043011,0,0.736196319018405,0.756714060031596,0.666141732283465,0.782051282051282,0.284615384615385,0,0.73449920508744,0.445512820512821,0,0.701863354037267,0.253799392097264,0.268104776579353,0.756369426751592,0.748815165876777,0.743161094224924,0.7421875,0.748019017432647,0,0.743348982785602,0.0123647604327666,0.554012345679012,0.480499219968799,0.749611197511664,0.722570532915361,0.753086419753086,0.744648318042814,0.0592823712948518,0.27115987460815,0.763546798029557,0.759055118110236,0.70750382848392,0.766457680250784,0.740740740740741,0.773148148148148,0,0,0.742603550295858,0,0.291411042944785,0.0015748031496063,0.779661016949153,0.469551282051282,0.401284109149278,0.365740740740741,0.768987341772152,0.0015527950310559,0.362095531587057,0.732394366197183,0.755038759689923,0.689984101748808,0.654545454545455,0.413897280966767,0.416024653312789,0.626198083067093,0.245341614906832,0.34009360374415,0.777251184834123,0.443217665615142,0.708782742681048,0.262578616352201,0,0.243589743589744,0.528548123980424,0.736757624398074,0.693623639191291,0.461068702290076,0.67304625199362,0.785824345146379,0.7357910906298,0.754019292604502,0.746031746031746,0.752827140549273,0.755520504731861,0.638932496075353,0.541925465838509,0.749606299212598,0.259541984732824,0.269578313253012,0.775888717156105,0.00458715596330275,0.74347158218126,0.737007874015748,0,0.338709677419355,0,0.755520504731861,0,0.746522411128284,0.752721617418352,0.254658385093168,0.951181102362205,0.740853658536585,0.763866877971474,0.714511041009464,0.767550702028081,0,0,0.792763157894737,0.7821482602118,0.753894080996885,0,0,0.244766505636071,0.439024390243902,0.579937304075235,0,0.592125984251968,0,0.758454106280193,0.737833594976452,0.382911392405063,0.43778801843318,0,0.514150943396226,0.607255520504732,0.7109375,0.767477203647416,0.756630265210608,0.243034055727554,0.766612641815235,0.0412044374009509,0.740740740740741,0,0.746522411128284,0.00311526479750779,0.740384615384615,0.270440251572327,0.163751987281399,0,0,0.729813664596273,0.741100323624595,0.773700305810398,0.737327188940092,0.269172932330827,0.264,0.702362204724409,0.679938744257274,0,0.264659270998415,0.7359375,0,0.731746031746032,0.796557120500782,0.321316614420063,0.0266875981161695,0.251177394034537,0.754658385093168,0.565495207667732,0.307814992025518,0.317891373801917,0.35968992248062,0.712680577849117,0.328149300155521,0.75,0,0.717460317460317,0.730593607305936,0.0031496062992126,0,0.258751902587519,0,0.272870662460568,0.75,0.712218649517685,0.250401284109149,0.26031746031746,0.713607594936709,0.773082942097027,0.580745341614907,0.0367534456355283,0.243243243243243,0.057784911717496,0.0155763239875389,0,0.224683544303797,0.254573170731707,0.247226624405705,0.268104776579353,0.265745007680492,0.0314465408805031,0.0410958904109589,0.269470404984424,0.0172143974960876,0.00806451612903226,0.029595015576324,0.0200308166409861,0.040625,0.260596546310832,0.0217054263565891,0.245585874799358,0.267080745341615,0.0304,0.252782193958665,0.0400616332819723,0.238317757009346,0.269938650306748,0.252279635258359,0.259375
"280",0.0048780487804878,0.00157232704402516,0.0309119010819165,0.060126582278481,0.016025641025641,0.0016260162601626,0.104361370716511,0.0238473767885533,0,0,0,0,0.434645669291339,0.00161290322580645,0.962616822429907,0.993720565149137,0,0.00159744408945687,0.00317460317460317,0.0188383045525903,0.851330203442879,0.967845659163987,0.00924499229583975,0,0.0503937007874016,0.746835443037975,0.88783570300158,0.0128,0.547799696509863,0.307086614173228,1,0.325984251968504,0.234076433121019,0.721698113207547,0,0.00157977883096367,0.00623052959501558,0.00626959247648903,0.745098039215686,0.0996932515337423,0,0,0,0,0.222764227642276,0.976152623211447,0.494488188976378,0.998402555910543,0.533536585365854,0.874617737003058,0,0.00625978090766823,0.737577639751553,0.00158982511923688,0.115689381933439,0.828843106180666,0,0.0257648953301127,0.0421216848673947,0.0949464012251149,0.707165109034268,0.569659442724458,0.998422712933754,0,0.10459587955626,0.185358255451713,0,0.00946372239747634,0,0.9984,0.145736434108527,0.990595611285266,0.982594936708861,0,0,0.298761609907121,0.956923076923077,0.430340557275542,0.1072,0.74384236453202,0,0.298136645962733,0.800911854103343,0.00153609831029186,0.888372093023256,0.0938461538461538,0.00460829493087558,0.0280373831775701,0.029874213836478,0,0.016,0,0,0,0.0275080906148867,0,0.70606531881804,0.0234009360374415,0,0,0.385466034755134,0,0.714285714285714,0.00157232704402516,0.899236641221374,0.00160771704180064,0,0.0220125786163522,0.9984,0.989079563182527,0.990595611285266,0.0881889763779528,0.687402799377916,0.00938967136150235,0,0.0156985871271586,0.302034428794992,0,0.998425196850394,0.770061728395062,0,0.233438485804416,0.761310452418097,0.923948220064725,0.029595015576324,0.856697819314642,0.00458015267175573,0.0046656298600311,0,0.457098283931357,0.0729001584786054,0.514240506329114,0.0128,0,0.00782472613458529,0.97984496124031,0,0.801587301587302,0.372239747634069,0.480707395498392,0,0,0.0249609984399376,0.2453125,0.8416,0.00159235668789809,0.990566037735849,0.0784615384615385,0.600321027287319,0.0198170731707317,0.863708399366086,0.01743264659271,0.00161550888529887,0.155038759689922,0.0062111801242236,0.998394863563403,0.00158478605388273,0.998405103668262,0,0.278041074249605,0.129032258064516,0.0185758513931889,0.986153846153846,0,0.00154320987654321,0.564593301435407,0.00163132137030995,0.0015600624024961,0.00155038759689922,0.721792890262751,0.0219435736677116,0.996835443037975,0.0570107858243451,0.998477929984779,0.105095541401274,0.638198757763975,0,0.0186915887850467,0,0.146875,0.0015748031496063,0.887459807073955,0.0201863354037267,0.0559006211180124,0.0105740181268882,0.0262345679012346,0.903785488958991,0.652647975077882,0.0769230769230769,0.0605095541401274,0.952160493827161,0.995391705069124,0.0239234449760766,0.136363636363636,0,0,0.717425431711146,0,0.00154559505409583,0.759090909090909,0.118670886075949,0.249221183800623,0.0123456790123457,0.581761006289308,0.569875776397516,0.712241653418124,0.081377151799687,0.0375,0.125386996904025,0,0.131868131868132,0.830917874396135,0.060126582278481,0.998405103668262,0.943338437978561,0.47626582278481,0.0236220472440945,0.0230061349693252,0.180685358255452,0.00312989045383412,0.097444089456869,0,0.939814814814815,0.347286821705426,0.00643086816720257,0,0.00619195046439629,0.0242792109256449,0.461897356143079,0.459375,0.0110236220472441,0.00158982511923688,0.641390205371248,0,0.108231707317073,0.487341772151899,0.0310457516339869,0.998432601880878,0.0474732006125574,0.00158227848101266,0.0015625,0.046801872074883,0.472952086553323,0.998439937597504,0.031104199066874,0.4703125,0.995398773006135,0.998466257668712,0.801574803149606,0.998432601880878,0.853225806451613,0.336448598130841,0.998447204968944,0.996927803379416,0.990625,0.423728813559322,0.958466453674121,0.0158227848101266,0,0.998420221169036,0,0.772655007949126,0.00158227848101266,0.0266875981161695,0.10061919504644,0,0.129934210526316,0.159442724458204,0.326018808777429,0.413145539906103,0.551242236024845,0.559808612440191,0,0.00159489633173844,0.905053598774885,0.311074918566775,0.0410742496050553,0.98755832037325,0.262422360248447,1,0.881804043545879,0.00152905198776758,0.0016260162601626,0.10702875399361,0,0.362654320987654,0.111111111111111,0,1,0.102167182662539,0.0221870047543582,0,0.996865203761755,0.996946564885496,0.0261437908496732,0.1136,0.998373983739837,0,0.623417721518987,0.012779552715655,0.221879815100154,0.635367762128325,0.34185303514377,0.037037037037037,0.989113530326594,0,0.00156494522691706,0.993650793650794,0.0377358490566038,0.00160513643659711,0.0286168521462639,0.00469483568075117,0.8203125,0.689547581903276,0.716300940438871,0.0254777070063694,0.0594855305466238,0.0015600624024961,0.7424,0.0253968253968254,0.855572998430141,0.703196347031963,0.00784929356357928,0.00479233226837061,0.0326594090202177,0.309409888357257,0.00460829493087558,0.756714060031596,0.040625,0.00317460317460317,0,0.679012345679012,0.453968253968254,0.98116169544741,0.00154559505409583,0.992260061919505,0.0841121495327103,0.974960876369327,0.998432601880878,0,0.780907668231612,0.0112540192926045,0.930662557781202,0.0163398692810458,0.03125,0.0159489633173844,0.721958925750395,0.729468599033816,0.329635499207607,0.547231270358306,0,0.171296296296296,0.986175115207373,0.961059190031153,0.807153965785381,0,0.996884735202492,0,0.677570093457944,0.990580847723705,0.979099678456592,0.540752351097179,0.00157728706624606,0.738019169329074,0.0016025641025641,0.0333863275039746,0,0.0120481927710843,0.998456790123457,0.00306748466257669,0.165354330708661,0.0016260162601626,0.989113530326594,0.0277349768875193,1,0.123630672926448,0.297297297297297,0.0565149136577708,0.0169491525423729,0.00157728706624606,0.709876543209877,0.0378548895899054,0,1,0.976415094339623,0.00157232704402516,0.0015552099533437,0.691950464396285,0.121069182389937,0.0376432078559738,0.0495356037151703,0.00153374233128834,0,0.890145395799677,0.00156985871271586,0.996865203761755,0,0.0349206349206349,0,0.961965134706815,0.00154083204930663,0.0299212598425197,0,0.375594294770206,0.587301587301587,0.0224719101123595,0.996815286624204,0.125796178343949,0.00470957613814757,0.63275039745628,0.404088050314465,0.220985691573927,0,0.839313572542902,0.0241157556270096,0.00313479623824451,0.557993730407524,0.00156494522691706,0.028099173553719,0.9765625,0,0.0185758513931889,0.00628930817610063,0.0491283676703645,0.311926605504587,0.992175273865415,0.137658227848101,0.760869565217391,0.813614262560778,0,0.40224358974359,0.4144,0.40527950310559,0,0.727714748784441,0.0985691573926868,0.372488408037094,0.504643962848297,0.917417417417417,0,0,0.00149253731343284,0.0308641975308642,0,0.0802469135802469,0,0,0,0.0031496062992126,0,0.00159489633173844,0.236842105263158,0.485584218512898,0.00151745068285281,0,0,0.0094488188976378,0.0398162327718224,0.275808936825886,0.998449612403101,0,0.115207373271889,0.41471048513302,0.00154559505409583,0.48062015503876,0.673469387755102,0,0.0172684458398744,0.998376623376623,0.0457413249211356,0.910685805422648,0,0.992319508448541,0.884493670886076,0.528548123980424,0.0292307692307692,0,0.0583717357910906,0.0261941448382126,0.00153609831029186,0,0.927444794952681,0.0750407830342577,0.99504132231405,0.00153139356814701,0.00154083204930663,0.990625,0.00155038759689922,0.710485133020344,0.200310559006211,0.989010989010989,0.826860841423948,0.0408805031446541,0,0.998432601880878,0.0311526479750779,0.990275526742301,0.35725677830941,0.6096,0,0.9,0.269108280254777,0.75,0.031055900621118,0.998425196850394,0.859154929577465,0.545901639344262,0.0565749235474006,0.112828438948995,0.0393700787401575,0.255216693418941,0,0.0168453292496172,1,0.0378548895899054,0.621621621621622,0.998454404945904,0.00155763239875389,0.00159235668789809,0.0016025641025641,0.369496855345912,0.0172143974960876,0.872,0.819905213270142,0.053968253968254,0.119309262166405,0,0,0.00950871632329636,0.0651828298887122,0.985623003194888,0.0141955835962145,0.010752688172043,0.658267716535433,0.0698412698412698,0.281150159744409,0.1112828438949,0,0.0283464566929134,0.667706708268331,0.0015527950310559,0.0031055900621118,0,0.372239747634069,0.0253164556962025,0.998405103668262,0.325984251968504,0.621664050235479,0.209969788519637,0.320907617504052,0.0438066465256798,0.928134556574923,0.014218009478673,0.0015527950310559,0.0220820189274448,0.701298701298701,0.886614173228346,0.0108024691358025,0,0,0.223787167449139,0.566096423017107,0.759873617693523,0.227906976744186,0,0.123222748815166,0.00153846153846154,0.112462006079027,0.998389694041868,0,0.183835182250396,0.996825396825397,1,0.738654147104851,0,0.0140845070422535,0.0955315870570108,0.00317965023847377,0.0077639751552795,0.926282051282051,0.998417721518987,0,0,0.836012861736334,0.919047619047619,0.847723704866562,0,1,0,0.428353658536585,0.713178294573643,0.00158982511923688,0.420886075949367,0.0297339593114241,0.352664576802508,0.367029548989114,0,0.00150602409638554,0.63275039745628,0.513470681458003,0.0823170731707317,0.0123456790123457,0.62037037037037,0,0.0564263322884013,0.0493827160493827,0,0.0338983050847458,0.986089644513138,0.0194805194805195,0.577223088923557,0,0,0.49009900990099,0.159305993690852,0.998461538461539,0.869774919614148,0,0,0.253030303030303,0.975922953451043,0.00163934426229508,0.695178849144635,0.00920245398773006,0.998442367601246,0.631329113924051,0.683870967741935,0.133012820512821,0.901294498381877,0.99375,0,0.965244865718799,0,0.0076103500761035,0.799043062200957,0.0194902548725637,0.995297805642633,0,0,0.490076335877863,0.546031746031746,0.00154798761609907,0,0.00154798761609907,0,0.623188405797101,0.0124223602484472,0,0.351766513056836,0.0192,0.263823064770932,0.0526315789473684,0.973643410852713,0,0.00157977883096367,0.740157480314961,0,0.328660436137072,0.998491704374057,0.984567901234568,0,0,0.00927357032457496,0.0269413629160063,0.0190779014308426,0,0.0283018867924528,0,0.643730886850153,0.726134585289515,0.0109204368174727,0.0078003120124805,0.00777604976671851,0.00927357032457496,0.0326086956521739,0.9824,0.021523178807947,0.0391236306729265,0.281776416539051,0.0155763239875389,0,0.0276923076923077,0,0,0.0199081163859112,0,0.942724458204334,0.00156985871271586,0.0499219968798752,0.73462783171521,0.791935483870968,0.8887171561051,0.0754716981132075,0.0015625,0.896284829721362,0,0.00153846153846154,0.3703125,0.597014925373134,0.81089258698941,0.82469512195122,0.356340288924559,0.998449612403101,0.889937106918239,0.470866141732283,0.745222929936306,0.294753086419753,0.988941548183254,0,0.998407643312102,0.677884615384615,0.0016,0.370942812982998,0.777439024390244,0.393987341772152,0.121875,0.0121951219512195,0.0401284109149278,0.0253565768621236,0.0016,0.0031201248049922,0.463375796178344,0.595611285266458,0.003125,0.998500749625187,0.98937784522003,0.128482972136223,0,0.0015600624024961,0.0327102803738318,0,0.893890675241158,0,0.0491283676703645,0,0.031055900621118,0.00157232704402516,0.992295839753467,0.169014084507042,0,0.362619808306709,0.393700787401575,0.114832535885167,0,0,0.0745542949756888,0.0575757575757576,0.013953488372093,0,0,0.998371335504886,0.767830045523521,0.501557632398754,0,0.559561128526646,0,0.080188679245283,0.0016025641025641,0.818471337579618,0.780674846625767,0,0.659235668789809,0.419558359621451,0.137071651090343,0.036697247706422,0.235202492211838,0.998442367601246,0.0144694533762058,0.0861244019138756,0,0,0.0199081163859112,0,0.00161030595813205,0.98256735340729,0.622186495176849,0,0,0.175548589341693,0.0657051282051282,0.0633693972179289,0.285060975609756,0.975572519083969,0.993690851735016,0.172413793103448,0.161832061068702,0,0.990536277602524,0.0394321766561514,0,0.0160771704180064,0.0421875,0.936236391912908,0,0.995245641838352,0.00155763239875389,0.551554828150573,0.935433070866142,0.9136,0.88390092879257,0.315955766192733,0.899236641221374,0,0,0.257503949447077,0.0154798761609907,0,0,0.998468606431853,0,0.998427672955975,0.00158730158730159,0.294212218649518,0.998412698412698,0.998422712933754,0.461049284578696,0.0401929260450161,0.576377952755906,0,0.998387096774194,0.0434083601286174,0.0062111801242236,0,0.80824088748019,0.992307692307692,0.996870109546166,0.984447900466563,0.998466257668712,0,0,0.98613251155624,0.00313479623824451,0,0.0251968503937008,0.00610687022900763,0,0.992260061919505,0.0093603744149766,0.998402555910543,0.996875,0,0.992150706436421,0.0430769230769231,0.998452012383901,0.911111111111111,0.996955859969559,0.998432601880878
"281",0.120689655172414,0.117829457364341,0.147465437788018,0.18025078369906,0.131955484896661,0.121642969984202,0.217527386541471,0.136858475894246,0.127300613496933,0,0.12597200622084,0,0.49922480620155,0.109697933227345,0.861801242236025,0.873261205564142,0,0,0.110236220472441,0.129082426127527,0.787925696594427,0.865695792880259,0.126934984520124,0,0.153488372093023,0.722488038277512,0.828438948995363,0.119741100323625,0.599695585996956,0.414746543778802,0.882442748091603,0.416536661466459,0.340255591054313,0.682316118935837,0,0.107424960505529,0.00775193798449612,0.121538461538462,0.7821482602118,0.20516717325228,0,0,0,0.125796178343949,0.336025848142165,0.895734597156398,0.525821596244131,0.874411302982732,0.621987951807229,0.807926829268293,0,0.126168224299065,0.739130434782609,0.116822429906542,0.225396825396825,0.837025316455696,0,0.140822784810127,0.147013782542113,0.199066874027994,0.695046439628483,0.619414483821264,0.883359253499222,0,0.223832528180354,0.281155015197568,0,0.138801261829653,0,0.881703470031546,0.236923076923077,0.877138413685848,0.884012539184953,0.11854103343465,0,0.400914634146341,0.872894333843798,0.492236024844721,0.220634920634921,0.776508972267537,0,0.407120743034056,0.772865853658537,0.126153846153846,0.82,0.20398773006135,0.114551083591331,0.147919876733436,0.1515625,0,0.133437990580848,0.117103235747304,0,0,0.141045958795563,0,0.69195751138088,0.140405616224649,0,0,0.468847352024922,0,0.767660910518053,0.115805946791862,0.841149773071104,0.128367670364501,0,0.142857142857143,0.879556259904913,0.894409937888199,0.880804953560371,0.196899224806202,0.7359375,0.134375,0,0.126331811263318,0.396946564885496,0,0.885145482388974,0.750387596899225,0,0.347286821705426,0.742635658914729,0.837579617834395,0.142857142857143,0.785604900459418,0.115384615384615,0.120610687022901,0,0.53448275862069,0.184899845916795,0.544,0.134281200631912,0,0.117460317460317,0.876923076923077,0,0.766929133858268,0.446511627906977,0.542264752791069,0,0,0.129283489096573,0.347068145800317,0.793650793650794,0.1125,0.876160990712074,0.181395348837209,0.650316455696203,0.136294027565084,0.831210191082803,0.134674922600619,0.119751166407465,0.278713629402757,0.11128526645768,0.875,0.126934984520124,0.876175548589342,0,0.370892018779343,0.236196319018405,0.133437990580848,0.894009216589862,0,0.116030534351145,0.609375,0.111831442463533,0.101851851851852,0.109756097560976,0.688350983358548,0.132716049382716,0.883830455259027,0.164110429447853,0.877611940298507,0.212361331220285,0.66407465007776,0,0.135725429017161,0,0.245426829268293,0.1125,0.808544303797468,0.125574272588055,0.168469860896445,0.127627627627628,0.13595166163142,0.871317829457364,0.701674277016743,0.196172248803828,0.181674565560821,0.870170015455951,0.887675507020281,0.131045241809672,0.236306729264476,0,0,0.71183800623053,0,0.107250755287009,0.816232771822358,0.228295819935691,0.326717557251908,0.123475609756098,0.627329192546584,0.589230769230769,0.716108452950558,0.191131498470948,0.153605015673981,0.235747303543914,0,0.239938080495356,0.810897435897436,0.164536741214058,0.875195007800312,0.852080123266564,0.541925465838509,0.136645962732919,0.134730538922156,0.28169014084507,0.114374034003091,0.22848200312989,0,0.849378881987578,0.429878048780488,0.129746835443038,0,0.123287671232877,0.13089802130898,0.521671826625387,0.523510971786834,0.134674922600619,0.118858954041204,0.641975308641975,0,0.203957382039574,0.555905511811024,0.131537242472266,0.875384615384615,0.162861491628615,0.118858954041204,0.111111111111111,0.174603174603175,0.560185185185185,0.884126984126984,0.153125,0.516871165644172,0.872534142640364,0.875757575757576,0.773497688751926,0.875195007800312,0.809061488673139,0.412912912912913,0.896124031007752,0.88719512195122,0.89041095890411,0.499243570347958,0.862619808306709,0.129485179407176,0,0.87906976744186,0,0.744075829383886,0.119309262166405,0.142410015649452,0.207751937984496,0,0.233176838810642,0.247328244274809,0.413416536661466,0.475,0.583987441130298,0.568,0,0.111811023622047,0.852534562211982,0.410048622366288,0.145962732919255,0.882262996941896,0.362204724409449,0.881804043545879,1,0.11854103343465,0.134087237479806,0.207874015748031,0,0.45635528330781,0.227272727272727,0,0.878461538461539,0.211567732115677,0.133228840125392,0,0.885625965996909,0.87888198757764,0.138933764135703,0.222397476340694,0.89297124600639,0,0.62596599690881,0.126760563380282,0.340030911901082,0.686821705426357,0.448275862068966,0.152173913043478,0.891304347826087,0.117557251908397,0.122670807453416,0.870866141732283,0.143962848297214,0.12093023255814,0.1488,0.119010819165379,0.791476407914764,0.697852760736196,0.71875,0.134281200631912,0.167731629392971,0.0046875,0.722834645669291,0.148902821316614,0.804347826086957,0.719219219219219,0.132075471698113,0.125198098256735,0.140215716486903,0.402208201892744,0.102134146341463,0.740157480314961,0.152439024390244,0.123028391167192,0,0.698315467075038,0.515873015873016,0.896389324960754,0.0076103500761035,0.87175572519084,0.202160493827161,0.868012422360248,0.894009216589862,0,0.767441860465116,0.115805946791862,0.839258114374034,0.119426751592357,0.148669796557121,0.13166144200627,0.72755905511811,0.72463768115942,0.426356589147287,0.614767255216693,0,0.284820031298905,0.868624420401855,0.870229007633588,0.815668202764977,0.115384615384615,0.881538461538461,0,0.700468018720749,0.870030581039755,0.879746835443038,0.559055118110236,0.118935837245696,0.786729857819905,0.109677419354839,0.158730158730159,0,0.111607142857143,0.873668188736682,0.113808801213961,0.285271317829457,0.118670886075949,0.866261398176292,0.13677811550152,0.875,0.2234375,0.395569620253165,0.166149068322981,0.12210200927357,0.124416796267496,0.732198142414861,0.146189735614308,0.119155354449472,0.885496183206107,0.872274143302181,0.110759493670886,0.125195618153365,0.730650154798762,0.222395023328149,0.139837398373984,0.154434250764526,0.121951219512195,0,0.8224,0.117829457364341,0.886792452830189,0,0.14873417721519,0,0.923794712286159,0.107361963190184,0.150793650793651,0,0.456556082148499,0.609034267912773,0.13968253968254,0.885113268608414,0.249607535321821,0.12280701754386,0.663551401869159,0.476780185758514,0.33125,0,0.812792511700468,0.137223974763407,0.118012422360248,0.6,0.119751166407465,0.145454545454545,0.861280487804878,0,0.13251155624037,0.108864696734059,0.163009404388715,0.418711656441718,0.89010989010989,0.231132075471698,0.7484375,0.757825370675453,0,0.462519936204147,0.45839874411303,0.472136222910217,0,0.784126984126984,0.216257668711656,0.452012383900929,0.560790273556231,0.856495468277946,0,0,0.105105105105105,0.143950995405819,0,0.1875,0,0,0,0.119309262166405,0,0.120826709062003,0.331768388106416,0.550151975683891,0.102918586789555,0,0,0.135176651305684,0.156060606060606,0.393518518518519,0.876524390243902,0,0.219325153374233,0.487062404870624,0.11875,0.523449319213313,0.710280373831776,0,0.136434108527132,0.879746835443038,0.165876777251185,0.963722397476341,0,0.874051593323217,0.809748427672956,0.547504025764895,0.154907975460123,0,0.16791604197901,0.127300613496933,0.121913580246914,0,0.884310618066561,0.168026101141925,0.880258899676375,0.110599078341014,0.117824773413897,0.887171561051005,0.117737003058104,0.71583850931677,0.2875,0.888024883359253,0.800319488817891,0.155309033280507,0,0.882629107981221,0.145929339477727,0.889763779527559,0.444976076555024,0.602201257861635,0,0.832822085889571,0.3168,0.735294117647059,0.139280125195618,0.873817034700315,0.814528593508501,0.576051779935275,0.164156626506024,0.219662058371736,0.148031496062992,0.36150234741784,0,0.147465437788018,0.889057750759878,0.143297380585516,0.655448717948718,0.881638846737481,0.117103235747304,0.122448979591837,0.112852664576803,0.446540880503145,0.122480620155039,0.843167701863354,0.823622047244094,0.169984686064319,0.227272727272727,0,0,0.107424960505529,0.16852146263911,0.8859375,0.136012364760433,0.1321044546851,0.663093415007657,0.191153238546603,0.369158878504673,0.218702865761689,0,0.132075471698113,0.664566929133858,0.1201248049922,0.123824451410658,0,0.456692913385827,0.137820512820513,0.883647798742138,0.400318979266348,0.692546583850932,0.303625377643505,0.415503875968992,0.154887218045113,0.841945288753799,0.126984126984127,0.114551083591331,0.139784946236559,0.691455696202532,0.799691833590139,0.124416796267496,0.119266055045872,0,0.320987654320988,0.588509316770186,0.795384615384615,0.356374807987711,0.124605678233438,0.227344992050874,0.122291021671827,0.113003095975232,0.87800963081862,0,0.293023255813953,0.886292834890966,0.86748844375963,0.782945736434108,0,0.121913580246914,0.197247706422018,0.121684867394696,0.128983308042489,0.833594976452119,0.872641509433962,0,0,0.841444270015699,0.847244094488189,0.9921875,0,0.877675840978593,0.115562403697997,0.394495412844037,0.69620253164557,0.121642969984202,0.487654320987654,0.158555729984301,0.438837920489297,0.443768996960486,0,0.130239520958084,0.633647798742138,0.557959814528594,0.189189189189189,0.12937595129376,0.656923076923077,0,0.153250773993808,0.161339421613394,0,0.149773071104387,0.869767441860465,0.128980891719745,0.5859375,0,0,0.552631578947368,0.283018867924528,0.885448916408669,0.874193548387097,0,0,0.363086232980333,0.865506329113924,0.116316639741519,0.757296466973886,0.125377643504532,0.877112135176651,0.606153846153846,0.669826224328594,0.254746835443038,0.822222222222222,0.889580093312597,0,0.851030110935024,0,0.118618618618619,0.724919093851133,0.131934032983508,0.881619937694704,0.123595505617978,0,0.54380664652568,0.59967845659164,0.10410094637224,0,0.121875,0,0.691813804173355,0.133640552995392,0,0.433534743202417,0.124416796267496,0.351181102362205,0.174528301886792,0.888208269525268,0,0.10989010989011,0.786392405063291,0,0.407751937984496,0.886706948640483,0.874425727411945,0.129186602870813,0.111627906976744,0.120795107033639,0.135725429017161,0.128164556962025,0,0.14375,0,0.644042232277526,0.765793528505393,0.135802469135802,0.129829984544049,0.135258358662614,0.115740740740741,0.0413476263399694,0.899068322981366,0.133870967741935,0.155864197530864,0.38391502276176,0.141975308641975,0.113846153846154,0.144186046511628,0,0,0.143288084464555,0,0.854070660522273,0.00156494522691706,0.158307210031348,0.787735849056604,0.761453396524487,0.826625386996904,0.191588785046729,0.00155038759689922,0.855606758832565,0.107476635514019,0.12111801242236,0.454828660436137,0.636904761904762,0.763313609467456,0.859090909090909,0.430124223602484,0.879573170731707,0.807153965785381,0.52803738317757,0.721183800623053,0.398773006134969,0.866459627329193,0,0.875590551181102,0.664012738853503,0.117363344051447,0.439324116743472,0.780269058295964,0.469512195121951,0.23216995447648,0.116743471582181,0.14951768488746,0.127358490566038,0.110754414125201,0.120063191153239,0.539184952978056,0.648522550544324,0.120689655172414,0.88109756097561,0.876712328767123,0.234472049689441,0,0.127245508982036,0.151702786377709,0,0.823434991974318,0,0.162460567823344,0,0.151937984496124,0.124416796267496,0.883540372670807,0.273155416012559,0.111111111111111,0.45253164556962,0.467075038284839,0.224489795918367,0,0,0.168012924071082,0.170403587443946,0.117103235747304,0,0,0.883464566929134,0.754198473282443,0.543613707165109,0,0.63452566096423,0,0.189102564102564,0.116352201257862,0.748397435897436,0.744648318042814,0,0.712698412698413,0.469767441860465,0.228527607361963,0.152337858220211,0.341049382716049,0.879815100154083,0.123028391167192,0.0822981366459627,0.123003194888179,0,0.12143928035982,0,0.115873015873016,0.90251572327044,0.568503937007874,0,0,0.28,0.184834123222749,0.160741885625966,0.370942812982998,0.872340425531915,0.876777251184834,0.252336448598131,0.272047832585949,0,0.904088050314465,0.152410575427683,0,0.127214170692432,0.156346749226006,0.842679127725857,0.0046583850931677,0.882896764252696,0.114329268292683,0.613924050632911,0.849612403100775,0.835987261146497,0.893023255813953,0.407232704402516,0.830534351145038,0.126959247648903,0,0.338582677165354,0.13089802130898,0,0,0.886191198786039,0,0.884676145339652,0.121351766513057,0.363492063492063,0.876582278481013,0.886075949367089,0.529133858267717,0.1609375,0.629230769230769,0.0015220700152207,0.887301587301587,0.0576923076923077,0.00918836140888208,0,0.733438485804416,0.878923766816143,0.8798751950078,0.867283950617284,0.888888888888889,0.00313971742543171,0.00465116279069767,0.869767441860465,0.00623052959501558,0,0.0245022970903522,0.00918836140888208,0.00307692307692308,0.882352941176471,0.015552099533437,0.894991922455573,0.875583203732504,0.00312989045383412,0.875192604006163,0.0474732006125574,0.892141756548536,0.805471124620061,0.871987951807229,0.887675507020281
"282",0.996884735202492,1,0.972727272727273,0.938679245283019,0.982785602503912,1,0.893249607535322,0.973805855161787,1,0,1,0,0.556574923547401,1,0.033587786259542,0.0060790273556231,0,0.0185185185185185,0.996879875195008,0.981707317073171,0.16385911179173,0.0332805071315372,0.989329268292683,0,0.951515151515152,0.2453125,0.120060790273556,0.987460815047022,0.48575712143928,0.70196671709531,0,0.692073170731707,0.766871165644172,0.290909090909091,0,1,0.0195195195195195,0.995447647951442,0.262295081967213,0.901812688821752,0.00153139356814701,0.0181268882175227,0.00764525993883792,1,0.791732909379968,0.0215384615384615,0.515337423312883,0,0.482300884955752,0.138235294117647,0,0.993865030674847,0.283969465648855,1,0.884259259259259,0.152037617554859,0,0.979495268138801,0.956060606060606,0.900151285930408,0.290519877675841,0.44947209653092,0,0,0.899686520376176,0.836363636363636,0,0.990712074303406,0,0,0.856711915535445,0.00610687022900763,0.016793893129771,1,0,0.717717717717718,0.0452488687782805,0.572507552870091,0.895475819032761,0.263242375601926,0,0.712574850299401,0.206636500754148,0.998491704374057,0.114503816793893,0.911808669656203,0.995433789954338,0.969512195121951,0.962178517397882,0.00899550224887556,0.986068111455108,1,0,0,0.973101265822785,0,0.301369863013699,0.977341389728097,0.00904977375565611,0.0108024691358025,0.62691131498471,0,0.293023255813953,1,0.0962406015037594,1,0.0077639751552795,0.976958525345622,0,0.00762195121951219,0.00918836140888208,0.904173106646059,0.326687116564417,0.990909090909091,0,0.985029940119761,0.709923664122137,0,0,0.230414746543779,0,0.766153846153846,0.255742725880551,0.0825545171339564,0.974164133738602,0.148872180451128,0.997014925373134,0.995419847328244,0,0.562406015037594,0.934984520123839,0.492935635792779,0.989113530326594,0,0.995305164319249,0.0178571428571429,0,0.211093990755008,0.634969325153374,0.535545023696682,0,0,0.980182926829268,0.766412213740458,0.160063391442155,1,0.00762195121951219,0.925981873111782,0.403426791277259,0.980451127819549,0.136577708006279,0.983154670750383,1,0.829819277108434,0.993939393939394,0,1,0,0,0.743119266055046,0.868263473053892,0.983333333333333,0.0166414523449319,0,1,0.459247648902821,1,1,1,0.295522388059701,0.981735159817352,0.00153609831029186,0.946107784431138,0,0.895638629283489,0.374622356495468,0,0.986259541984733,0,0.850837138508371,1,0.12037037037037,0.983257229832572,0.95,0.991111111111111,0.977611940298508,0.0922844175491679,0.363636363636364,0.917573872472784,0.944444444444444,0.0540958268933539,0.00151515151515152,0.984639016897081,0.861702127659574,0,0,0.309230769230769,0.00152671755725191,1,0.253012048192771,0.87906976744186,0.760670731707317,0.989520958083832,0.446153846153846,0.445121951219512,0.304953560371517,0.914893617021277,0.964831804281346,0.882352941176471,0,0.878787878787879,0.181962025316456,0.943076923076923,0,0.0698027314112291,0.548387096774194,0.975308641975309,0.978851963746224,0.824345146379045,0.998484848484849,0.899543378995434,0,0.0727272727272727,0.658132530120482,0.99375,0,0.99251497005988,0.977941176470588,0.55895865237366,0.547511312217195,0.990895295902883,1,0.367283950617284,0,0.887387387387387,0.528158295281583,0.967391304347826,0,0.959641255605381,0.998456790123457,1,0.949308755760369,0.535928143712575,0.0015625,0.96996996996997,0.546969696969697,0.0043859649122807,0.00148367952522255,0.195158850226929,0,0.151937984496124,0.66966966966967,0,0.00447761194029851,0.00609756097560976,0.605970149253731,0.0407523510971787,0.984802431610942,0.00917431192660551,0,0,0.227554179566563,1,0.975497702909648,0.907153729071537,0,0.8712715855573,0.859939759036145,0.684782608695652,0.600910470409712,0.448698315467075,0.460725075528701,0.00911854103343465,1,0.0924242424242424,0.694620253164557,0.961538461538462,0.00902255639097744,0.757575757575758,0.00152905198776758,0.11854103343465,1,1,0.893518518518518,0,0.659056316590563,0.885321100917431,0,0,0.898658718330849,0.98145285935085,0,0.00151057401812689,0.00151285930408472,0.979719188767551,0.881804043545879,0,0,0.38863287250384,0.99079754601227,0.793154761904762,0.377473363774734,0.675507020280811,0.958966565349544,0.00614439324116743,1,1,0.00307692307692308,0.969183359013868,1,0.977848101265823,0.996937212863706,0.178187403993856,0.326315789473684,0.300462249614792,0.975270479134467,0.943307086614173,0.0526315789473684,0.259316770186335,0.975572519083969,0.152671755725191,0.29940119760479,0.993966817496229,0.996889580093313,0.970724191063174,0.696400625978091,0.99702380952381,0.23943661971831,0.964669738863287,0.996941896024465,0,0.336349924585219,0.557781201848998,0.0167173252279635,0.0568011958146487,0.00451127819548872,0.905775075987842,0.0257966616084977,0,0,0.218461538461538,0.990726429675425,0.0720720720720721,0.987381703470032,0.969558599695586,0.986046511627907,0.297213622291022,0.297805642633229,0.675840978593272,0.456418383518225,0,0.824242424242424,0.0134730538922156,0.0342261904761905,0.202143950995406,1,0.0015220700152207,0,0.348942598187311,0.00742942050520059,0.0245775729646697,0.480916030534351,1,0.273570324574961,1,0.970633693972179,0,0.991150442477876,0,1,0.831845238095238,1,0.0137404580152672,0.980451127819549,0,0.880551301684533,0.712749615975422,0.95166163141994,0.986363636363636,0.996918335901387,0.301223241590214,0.964669738863287,1,0,0.0244274809160305,1,1,0.323664122137405,0.879939209726444,0.966292134831461,0.953172205438066,1,0,0.111459968602826,1,0.00153609831029186,0,0.965732087227414,0.0109375,0.040625,1,0.96937212863706,0.00462962962962963,0.637329286798179,0.415123456790123,0.984496124031008,0.0015527950310559,0.86412213740458,0.99685534591195,0.386046511627907,0.614088820826952,0.787786259541985,0,0.16385911179173,0.978260869565217,1,0.445454545454545,1,0.974193548387097,0.0263157894736842,0,0.985007496251874,0.993846153846154,0.95398773006135,0.688524590163934,0.00618238021638331,0.865740740740741,0.230534351145038,0.179775280898876,0.00762195121951219,0.622257053291536,0.618541033434651,0.617824773413897,0,0.2765625,0.910631741140216,0.63609022556391,0.514970059880239,0.0702781844802343,0,0,1,0.977611940298508,0,0.927914110429448,0.0078003120124805,0,0,0.9984375,0,1,0.772590361445783,0.54066265060241,1,0,0,0.99537037037037,0.962852897473997,0.724505327245053,0,0.00313971742543171,0.877272727272727,0.614114114114114,1,0.52959028831563,0.331797235023041,0,0.989520958083832,0,0.956923076923077,0.0858895705521472,0,0.0104947526236882,0.119448698315467,0.492776886035313,0.969512195121951,0,0.953383458646617,0.972768532526475,1,0,0.0679012345679012,0.933656957928803,0.00321027287319422,1,1,0.00907715582450832,1,0.310769230769231,0.804841149773071,0.00769230769230769,0.163009404388715,0.962235649546828,0.00771604938271605,0,0.977238239757208,0.0046875,0.657770800627943,0.389147286821705,0,0.118618618618619,0.7328125,0.271493212669683,0.975720789074355,0,0.148260211800303,0.458914728682171,0.946666666666667,0.889226100151745,0.961597542242704,0.736263736263736,0,0.982008995502249,0,0.964723926380368,0.390749601275917,0,1,1,1,0.638888888888889,0.986466165413534,0.123630672926448,0.189147286821705,0.949464012251149,0.880916030534351,0,0,0.990654205607477,0.94383775351014,0.0139751552795031,0.983050847457627,0.990881458966565,0.37593984962406,0.93125,0.7296875,0.880844645550528,0,0.964615384615385,0.334370139968896,1,0.998468606431853,0,0.653374233128834,0.973354231974922,0,0.683385579937304,0.380809595202399,0.79646017699115,0.690031152647975,0.956076134699854,0.0863095238095238,0.987673343605547,1,0.978494623655914,0.29264475743349,0.0953846153846154,0.992260061919505,1,0.0075642965204236,0.789634146341463,0.456883509833585,0.260670731707317,0.769347496206373,1,0.871317829457364,1,0.125757575757576,0,0,0.817054263565892,0.00313479623824451,0,0.268996960486322,0,0.991017964071856,0.911719939117199,0.998470948012232,0.995481927710843,0.0958268933539413,0,0,0,0.172628304821151,0.0847457627118644,0.160550458715596,0,0,1,0.00900900900900901,0.306625577812018,1,0.603630862329803,0.977064220183486,0.656534954407295,0.641791044776119,0,1,0.399688958009331,0.510046367851623,0.927407407407407,0.987951807228916,0.407239819004525,0.0091324200913242,0.952743902439024,0.956521739130435,0,0.962686567164179,0.0181543116490166,0.988888888888889,0.443438914027149,0,0.00766871165644172,0.519747235387046,0.841538461538462,0,0.136075949367089,0.0107692307692308,0.00157728706624606,0.752592592592593,0.0228310502283105,1,0.319758672699849,0.996996996996997,0,0.374242424242424,0.317411402157165,0.862928348909657,0.0943396226415094,0.00458715596330275,0.00308166409861325,0.0388198757763975,0,0.997032640949555,0.0408163265306122,0.980825958702065,0.00467289719626168,1,0,0.509774436090226,0.472012102874433,1,0,0.998507462686567,0,0.395569620253165,0.988200589970501,0,0.658718330849478,0.976958525345622,0.754250386398764,0.951486697965571,0.0375375375375375,0,1,0.263975155279503,0,0.685015290519878,0,0.0181543116490166,1,1,0.991044776119403,0.966101694915254,0.979938271604938,0,0.97542242703533,0.0213740458015267,0.356287425149701,0.287671232876712,0.993920972644377,0.990909090909091,0.99400299850075,0.990839694656489,0.0593607305936073,0.0121951219512195,0.985804416403785,0.96274217585693,0.714714714714715,0.981510015408321,1,0.972179289026275,0,0,0.985119047619048,0,0.0645645645645646,0,0.956521739130435,0.28125,0.207109737248841,0.128593040847201,0.926493108728943,0,0.102874432677761,1,1,0.644961240310078,0.423976608187135,0.204678362573099,0.180327868852459,0.653374233128834,0,0.112951807228916,0.557603686635945,0.25,0.698795180722892,0.00759878419452888,0,0,0.324492979719189,1,0.634146341463415,0.230312035661218,0.624808575803982,0.875375375375375,0.993966817496229,0.955414012738854,0.97984496124031,1,0.998459167950693,0.542503863987635,0.4051593323217,0.998482549317147,0.00441826215022091,0.00596125186289121,0.868421052631579,0.00898203592814371,1,0.971471471471472,0,0.110935023771791,0,0.953703703703704,0,0.969924812030075,1,0.0075187969924812,0.833590138674884,1,0.668231611893584,0.617151607963247,0.876543209876543,0,0,0.929260450160772,0.947136563876652,0.989425981873112,0,0,0,0.226244343891403,0.506849315068493,0,0.447488584474886,0,0.931034482758621,1,0.145285935085008,0.233283803863299,0,0.338028169014085,0.588957055214724,0.860816944024206,0.965722801788376,0.773556231003039,0,0.987361769352291,0.0168970814132104,1,0,0.985141158989599,0.00765696784073507,1,0.0167682926829268,0.0108191653786708,0,0,0.820121951219512,0.927899686520376,0.933232169954476,0.722473604826546,0.025260029717682,0.00615384615384615,0.828313253012048,0.82396449704142,0,0.0152671755725191,0.966767371601209,0,0.989230769230769,0.952959028831563,0.0605143721633888,0.0422960725075529,0.00154083204930663,1,0.464396284829721,0.0793893129770992,0.0987460815047022,0.114854517611026,0.694488188976378,0.100751879699248,1,0,0.766091051805338,0.98036253776435,0.00469483568075117,0,0,0,0,1,0.719685039370079,0,0,0.552631578947368,0.961180124223602,0.453717754172989,0.0528700906344411,0.00156985871271586,0.059748427672956,0.0198473282442748,0,0.0308641975308642,0.00294550810014728,0.00153846153846154,0.00898203592814371,0,0.0483619344773791,0.0604229607250755,0.0121396054628225,0.0213414634146341,0.00632911392405063,0.0258358662613982,0.0254491017964072,0.060882800608828,0.00460122699386503,0.0213089802130898,0,0.00304878048780488,0.0484375,0.0046656298600311,0.0211480362537764,0,0.0302114803625378,0.00149925037481259,0.00153374233128834
"283",0.996753246753247,1,0.9696,0.940397350993378,0.985197368421053,1,0.886513157894737,0.970967741935484,1,0,1,0,0.56957928802589,1,0.0422764227642276,0.00490196078431373,0,0.0180327868852459,0.996644295302013,0.983766233766234,0.152350081037277,0.0372250423011844,0.988853503184713,0,0.953525641025641,0.245469522240527,0.106451612903226,0.990115321252059,0.464968152866242,0.689710610932476,0,0.690938511326861,0.753670473083197,0.286173633440514,0,1,0.0177133655394525,0.995153473344103,0.253943217665615,0.9056,0.00165562913907285,0.0193548387096774,0.00801282051282051,1,0.780889621087315,0.0266222961730449,0.518092105263158,0,0.471786833855799,0.128571428571429,0,0.993485342019544,0.258536585365854,1,0.876644736842105,0.163606010016695,0,0.975767366720517,0.956521739130435,0.888888888888889,0.300970873786408,0.432216905901116,0,0,0.897058823529412,0.827922077922078,0,0.991896272285251,0,0,0.855284552845528,0.00815660685154975,0.0164744645799012,1,0,0.709984152139461,0.0430622009569378,0.569805194805195,0.895424836601307,0.269896193771626,0,0.703525641025641,0.217806041335453,0.998405103668262,0.105348460291734,0.907915993537964,0.995176848874598,0.963549920760697,0.969648562300319,0.0126582278481013,0.988524590163934,1,0,0,0.97504159733777,0,0.286407766990291,0.981042654028436,0.00964630225080386,0.0114566284779051,0.599358974358974,0,0.286871961102107,1,0.107255520504732,1,0.0113636363636364,0.977382875605816,0,0.00815660685154975,0.00958466453674121,0.901477832512315,0.336025848142165,0.990243902439024,0,0.9872,0.703349282296651,0,0,0.239413680781759,0,0.755700325732899,0.243156199677939,0.0741350906095552,0.975961538461538,0.145161290322581,0.996825396825397,0.995121951219512,0,0.545893719806763,0.936,0.505804311774461,0.988372093023256,0,0.99347471451876,0.0188976377952756,0,0.201970443349754,0.633116883116883,0.512437810945274,0,0,0.980551053484603,0.760064412238325,0.169435215946844,1,0.00821018062397373,0.927652733118971,0.418032786885246,0.980891719745223,0.129934210526316,0.983739837398374,1,0.826645264847512,0.995176848874598,0,1,0,0,0.739565943238731,0.867088607594937,0.982371794871795,0.0174880763116057,0,1,0.445923460898502,1,1,1,0.290220820189274,0.977671451355662,0.0016366612111293,0.951334379905808,0,0.889967637540453,0.361464968152866,0,0.985148514851485,0,0.840909090909091,1,0.121753246753247,0.982200647249191,0.949286846275753,0.990654205607477,0.971014492753623,0.0925324675324675,0.384012539184953,0.919866444073456,0.938211382113821,0.0565428109854604,0.0032,0.981967213114754,0.847619047619048,0,0,0.298679867986799,0.00161550888529887,1,0.263823064770932,0.866995073891626,0.761217948717949,0.992088607594937,0.428571428571429,0.444267515923567,0.291873963515755,0.915422885572139,0.966237942122186,0.878205128205128,0,0.882539682539683,0.172818791946309,0.942903752039152,0,0.0700636942675159,0.529032258064516,0.974235104669887,0.9776,0.817434210526316,0.998384491114701,0.889070146818923,0,0.0765472312703583,0.6544,0.995073891625616,0,0.991909385113269,0.981366459627329,0.537953795379538,0.555374592833876,0.990180032733224,1,0.350793650793651,0,0.876386687797147,0.517073170731707,0.971235194585448,0,0.958795562599049,1,1,0.955665024630542,0.527070063694268,0.00163934426229508,0.971153846153846,0.549273021001615,0.0046801872074883,0.0015625,0.20983606557377,0,0.142148760330579,0.669316375198728,0,0.00316455696202532,0.00801282051282051,0.576862123613312,0.0400667779632721,0.983818770226537,0.0130932896890344,0,0,0.213576158940397,1,0.977382875605816,0.896272285251216,0,0.869205298013245,0.849358974358974,0.682410423452769,0.596091205211726,0.447368421052632,0.462932454695222,0.0129032258064516,1,0.0916271721958926,0.702199661590524,0.96260162601626,0.0143769968051118,0.743506493506494,0.0016260162601626,0.134087237479806,1,1,0.887959866220736,0,0.633647798742138,0.877049180327869,0,0,0.887459807073955,0.981907894736842,0,0.00162337662337662,0.00158982511923688,0.978297161936561,0.880398671096346,0,0,0.374392220421394,0.991749174917492,0.778830963665087,0.387987012987013,0.649093904448105,0.958266452648475,0.00967741935483871,1,1,0.00485436893203883,0.96260162601626,1,0.974916387959866,0.996753246753247,0.175718849840256,0.3056,0.27536231884058,0.970394736842105,0.944262295081967,0.0593900481540931,0.263333333333333,0.977491961414791,0.13474025974026,0.313385826771654,0.99510603588907,0.996747967479675,0.969502407704655,0.691029900332226,0.996789727126806,0.243822075782537,0.963375796178344,0.998336106489185,0,0.311897106109325,0.536666666666667,0.0193236714975845,0.0631067961165049,0.00806451612903226,0.908794788273616,0.0255591054313099,0,0,0.21669341894061,0.990196078431373,0.0721311475409836,0.986509274873524,0.971014492753623,0.986733001658375,0.279674796747967,0.282828282828283,0.675895765472313,0.456666666666667,0,0.811290322580645,0.0064,0.0343213728549142,0.203252032520325,1,0.00163398692810458,0,0.320063694267516,0.0095389507154213,0.0226904376012966,0.466666666666667,1,0.285240464344942,1,0.965630114566285,0,0.992211838006231,0,1,0.820261437908497,1,0.0148514851485149,0.97626582278481,0,0.881383855024712,0.712195121951219,0.9424,0.983922829581994,0.99672131147541,0.286415711947627,0.962662337662338,1,0,0.022508038585209,1,1,0.330081300813008,0.884430176565008,0.962648556876061,0.948136142625608,1,0,0.11437908496732,1,0,0,0.965686274509804,0.0130932896890344,0.0447019867549669,1,0.967051070840198,0.00499168053244592,0.61247947454844,0.417886178861789,0.981727574750831,0.00164203612479475,0.85973597359736,0.998322147651007,0.35973597359736,0.6016,0.786296900489396,0,0.158319870759289,0.976744186046512,0.998363338788871,0.440514469453376,1,0.974619289340102,0.0261437908496732,0,0.982371794871795,0.995081967213115,0.949593495934959,0.685990338164251,0.00657894736842105,0.85829307568438,0.232258064516129,0.173469387755102,0.00810372771474878,0.605657237936772,0.591572123176661,0.599033816425121,0,0.289036544850498,0.909836065573771,0.634185303514377,0.526315789473684,0.0713178294573643,0,0,1,0.973058637083994,0,0.91747572815534,0.0115511551155116,0,0,0.998357963875205,0,1,0.775609756097561,0.519561815336463,1,0,0,0.993517017828201,0.961240310077519,0.717948717948718,0,0.00327868852459016,0.870458135860979,0.584786053882726,1,0.525316455696203,0.339966832504146,0,0.977455716586151,0,0.956168831168831,0.0957095709570957,0,0.0107858243451464,0.103448275862069,0.493288590604027,0.97588424437299,0,0.952904238618524,0.973813420621931,1,0,0.0716612377850163,0.935702199661591,0.0050251256281407,1,1,0.00964630225080386,1,0.287319422150883,0.796147672552167,0.00978792822185971,0.161184210526316,0.956310679611651,0.0114192495921697,0,0.97456279809221,0.0067001675041876,0.65252854812398,0.376221498371336,0,0.117932148626817,0.728333333333333,0.253634894991922,0.972491909385113,0,0.146964856230032,0.468590831918506,0.947867298578199,0.88,0.96078431372549,0.746688741721854,0,0.982142857142857,0,0.962843295638126,0.385878489326765,0,1,1,1,0.628664495114006,0.985530546623794,0.126022913256956,0.186688311688312,0.94299674267101,0.869494290375204,0,0,0.99021207177814,0.93431855500821,0.0165016501650165,0.98546042003231,0.993453355155483,0.358642972536349,0.930693069306931,0.72396694214876,0.876386687797147,0,0.965686274509804,0.322259136212625,1,0.998371335504886,0,0.635467980295567,0.970394736842105,0,0.680194805194805,0.385365853658537,0.78740157480315,0.682042833607908,0.953271028037383,0.088785046728972,0.982055464926591,1,0.978827361563518,0.284053156146179,0.088379705400982,0.988673139158576,1,0.00956937799043062,0.780448717948718,0.4576,0.267741935483871,0.766773162939297,1,0.872756933115824,1,0.119047619047619,0,0,0.823240589198036,0.00327868852459016,0,0.278501628664495,0,0.988617886178862,0.909090909090909,0.998389694041868,0.996845425867508,0.0948553054662379,0,0,0,0.176276771004942,0.0735294117647059,0.167207792207792,0,0,1,0.0111464968152866,0.286912751677852,1,0.573926868044515,0.97557003257329,0.653658536585366,0.639937106918239,0,1,0.384991843393148,0.495098039215686,0.919003115264797,0.990384615384615,0.385737439222042,0.0112,0.951219512195122,0.957345971563981,0,0.967692307692308,0.0159235668789809,0.983193277310924,0.436187399030695,0,0.00963081861958266,0.507588532883642,0.832792207792208,0,0.140961857379768,0.0127591706539075,0.00168918918918919,0.767885532591415,0.0226904376012966,1,0.32741935483871,0.993710691823899,0,0.363782051282051,0.326086956521739,0.863787375415282,0.0921273031825796,0.00323101777059774,0.00328947368421053,0.040983606557377,0,0.993680884676145,0.0392798690671031,0.979623824451411,0.0033003300330033,1,0,0.516693163751987,0.460162601626016,1,0,0.998410174880763,0,0.400998336106489,0.985804416403785,0,0.631410256410256,0.980295566502463,0.746732026143791,0.948247078464107,0.0409448818897638,0,1,0.265238879736409,0,0.684039087947883,0,0.0177133655394525,1,1,0.992025518341308,0.97346600331675,0.981788079470199,0,0.974235104669887,0.0241157556270096,0.341384863123994,0.291734197730956,0.990353697749196,0.991935483870968,0.993579454253612,0.993527508090615,0.0570962479608483,0.0147540983606557,0.983193277310924,0.951768488745981,0.714285714285714,0.978861788617886,1,0.972712680577849,0,0,0.982594936708861,0,0.0707395498392283,0,0.953225806451613,0.282861896838602,0.200996677740864,0.121405750798722,0.924092409240924,0,0.11038961038961,1,1,0.636065573770492,0.404088050314465,0.214953271028037,0.19047619047619,0.652597402597403,0,0.113452188006483,0.536065573770492,0.252442996742671,0.702875399361022,0.00969305331179321,0,0,0.310965630114566,1,0.615136876006441,0.224165341812401,0.611745513866232,0.865814696485623,0.990476190476191,0.963025210084034,0.980360065466448,1,0.998360655737705,0.554649265905383,0.409385113268608,1,0.00467289719626168,0.00794912559618442,0.873194221508828,0.0127388535031847,1,0.968304278922345,0,0.110924369747899,0,0.949346405228758,0,0.974522292993631,1,0.00803858520900321,0.839080459770115,1,0.648424543946932,0.611916264090177,0.867862969004894,0,0,0.92967409948542,0.947611710323575,0.990291262135922,0,0,0,0.235015772870662,0.504078303425775,0,0.452648475120385,0,0.920792079207921,1,0.149425287356322,0.242857142857143,0,0.341584158415842,0.578352180936995,0.873990306946688,0.963081861958267,0.767366720516963,0,0.989966555183946,0.0144230769230769,1,0,0.984177215189873,0.00985221674876847,1,0.0212418300653595,0.013136288998358,0,0,0.822683706070288,0.923841059602649,0.927099841521395,0.7136,0.0253968253968254,0.00658978583196046,0.828478964401295,0.858730158730159,0,0.0164473684210526,0.965853658536585,0,0.98671096345515,0.95583596214511,0.0565428109854604,0.051948051948052,0.0016025641025641,1,0.459637561779242,0.0811258278145695,0.100826446280992,0.117932148626817,0.692691029900332,0.0928,1,0,0.749582637729549,0.982229402261712,0.00491803278688525,0,0,0,0,1,0.705192629815745,0,0,0.534426229508197,0.960591133004926,0.434294871794872,0.0617088607594937,0.00165562913907285,0.0635451505016722,0.0193236714975845,0,0.0267111853088481,0.00314465408805031,0.00161550888529887,0.0095389507154213,0,0.0582362728785358,0.0669856459330144,0.0129032258064516,0.0197044334975369,0.00665557404326123,0.0272435897435897,0.0258899676375405,0.0696920583468395,0.00648298217179903,0.0210016155088853,0,0.00327868852459016,0.0558292282430213,0.00490998363338789,0.023961661341853,0,0.0294117647058824,0.0015748031496063,0.00162337662337662
"284",0.896774193548387,0.881219903691814,0.921630094043887,0.873977086743044,0.893719806763285,0.897727272727273,1,0.897271268057785,0.882629107981221,0.00967741935483871,0.88529886914378,0.0125391849529781,0.603559870550162,0.895174708818636,0.1312,0.112341772151899,0.0109546165884194,0.0275080906148867,0.885993485342019,0.879365079365079,0.258267716535433,0.114427860696517,0.880314960629921,0.0125588697017268,0.88125,0.33605220228385,0.213946117274168,0.875816993464052,0.5265625,0.731366459627329,0.106518282988871,0.704654895666132,0.782958199356913,0.339228295819936,0.0128,0.891373801916933,0.0238095238095238,0.882629107981221,0.349157733537519,0.8328125,0.012779552715655,0.0265625,0.0220820189274448,0.892857142857143,0.784641068447412,0.119281045751634,0.5472,0.0917874396135266,0.536547433903577,0.215625,0.015552099533437,0.888888888888889,0.362776025236593,0.885668276972625,1,0.247960848287113,0.0130932896890344,0.874183006535948,0.934065934065934,0.860282574568289,0.365231259968102,0.468152866242038,0.0957792207792208,0.0147058823529412,0.824793388429752,0.785826771653543,0.0112903225806452,0.886914378029079,0.00961538461538462,0.0957792207792208,0.786963434022258,0.0903328050713154,0.12,0.891338582677165,0.0109546165884194,0.758346581875994,0.144215530903328,0.609448818897638,0.892282958199357,0.351443123938879,0.0112,0.71585557299843,0.294488188976378,0.883464566929134,0.186305732484076,0.877358490566038,0.875590551181102,0.879173290937997,0.858490566037736,0.0264797507788162,0.878444084278768,0.8736,0.011400651465798,0.00961538461538462,0.876623376623377,0.0146818923327896,0.398119122257053,0.880763116057234,0.0161030595813204,0.0226537216828479,0.7232,0.0128,0.367741935483871,0.893030794165316,0.194704049844237,0.895253682487725,0.0209339774557166,0.923444976076555,0.0967741935483871,0.0995184590690209,0.106518282988871,0.992,0.398724082934609,0.877358490566038,0.0113636363636364,0.910518053375196,0.739811912225705,0.0125588697017268,0.0962145110410095,0.3056,0.00938967136150235,0.786407766990291,0.330658105939005,0.167752442996743,0.888540031397174,0.221350078492936,0.885579937304075,0.890995260663507,0.0161030595813204,0.632165605095541,0.873617693522907,0.522727272727273,0.88474025974026,0.0110236220472441,0.879139072847682,0.115444617784711,0.0144927536231884,0.308056872037915,0.630645161290323,0.614754098360656,0.0128617363344051,0.0147783251231527,0.890499194847021,0.746835443037975,0.247135842880524,0.883870967741936,0.0936995153473344,0.863924050632911,0.474714518760196,0.891509433962264,0.228476821192053,0.886075949367089,0.887070376432079,0.797147385103011,0.892455858747994,0.0919540229885057,0.89792663476874,0.0982286634460548,0.0110236220472441,0.742351046698873,0.912363067292645,0.8875,0.1265625,0.0140405616224649,0.895638629283489,0.530844155844156,0.893267651888342,0.892405063291139,0.888178913738019,0.340694006309148,0.9,0.1024,0.881064162754304,0.10077519379845,0.919224555735057,0.436507936507937,0.0146341463414634,0.881789137380192,0.0143312101910828,0.798732171156894,0.890850722311397,0.199675324675325,0.883757961783439,0.858054226475279,0.889230769230769,0.8912,0.190851735015773,0.43217665615142,0.871753246753247,0.856451612903226,0.143089430894309,0.1088,0.894480519480519,0.976190476190476,0.0109375,0.0128,0.394863563402889,0.0158478605388273,0.884914463452566,0.342105263157895,0.995081967213115,0.730337078651685,0.891509433962264,0.530805687203792,0.481012658227848,0.401305057096248,0.834670947030498,0.859424920127795,0.892355694227769,0.016,0.831761006289308,0.279605263157895,0.879614767255217,0.108974358974359,0.1671875,0.613162118780096,0.903937007874016,0.892355694227769,0.83968253968254,0.885483870967742,0.828025477707006,0.0112,0.16852146263911,0.679127725856698,0.88595041322314,0.0143312101910828,0.881435257410296,0.901386748844376,0.645110410094637,0.557165861513688,0.89171974522293,0.885245901639344,0.464516129032258,0.0147540983606557,0.974683544303797,0.580441640378549,0.914191419141914,0.0984126984126984,0.874411302982732,0.890145395799677,0.889415481832543,0.872611464968153,0.575277337559429,0.098546042003231,0.911003236245955,0.560629921259843,0.0962732919254658,0.105919003115265,0.261980830670927,0.103059581320451,0.241435562805873,0.719435736677116,0.0859872611464968,0.0995260663507109,0.111464968152866,0.657276995305164,0.143317230273752,0.889067524115756,0.0244299674267101,0.0947867298578199,0.012779552715655,0.312703583061889,0.888707037643208,0.872641509433962,0.84887459807074,0.0142630744849445,0.911330049261084,0.792721518987342,0.707395498392283,0.64297253634895,0.493610223642172,0.486928104575163,0.0268987341772152,0.888529886914378,0.191153238546603,0.714759535655058,0.906349206349206,0.105100463678516,0.780063291139241,0.10702875399361,0.207874015748031,0.893518518518518,0.887959866220736,1,0.0141732283464567,0.692551505546751,1,0.0128205128205128,0.0971786833855799,1,0.906752411575563,0.00925925925925926,0.0965732087227414,0.0942492012779553,0.9,0.852032520325203,0.0978792822185971,0.0130505709624796,0.47588424437299,0.89983844911147,0.82018927444795,0.458730158730159,0.704065040650407,0.87620578778135,0.101123595505618,0.894230769230769,0.886762360446571,0.0969305331179321,0.881329113924051,0.887459807073955,0.886178861788618,0.890127388535032,0.261006289308176,0.404120443740095,0.386327503974563,0.906602254428341,0.863934426229508,0.0581761006289308,0.337078651685393,0.899841017488076,0.219903691813804,0.373643410852713,0.904610492845787,0.886363636363636,0.896331738437002,0.709415584415584,0.887345679012346,0.316558441558442,0.913112164296998,0.892455858747994,0.012987012987013,0.40506329113924,0.636952998379254,0.107936507936508,0.0661417322834646,0.106750392464678,0.836990595611285,0.119236883942766,0.0871632329635499,0.00941915227629513,0.305194805194805,0.882258064516129,0.152276295133438,0.91044776119403,0.916006339144215,0.897271268057785,0.376835236541599,0.389885807504078,0.67948717948718,0.48914858096828,0.0140845070422535,0.805111821086262,0.108320251177394,0.128325508607199,0.297169811320755,0.888709677419355,0.095389507154213,0.0144927536231884,0.421974522292994,0.110062893081761,0.112540192926045,0.526984126984127,0.880645161290323,0.354575163398693,0.895,0.8736,0.014218009478673,0.898176291793313,0.0887480190174326,0.890965732087227,0.801872074882995,0.89018302828619,0.111111111111111,0.876971608832808,0.0939490445859873,0.827697262479871,0.72875816993464,0.854003139717425,0.904153354632588,0.890302066772655,0.391653290529695,0.878205128205128,0.885758998435055,0.1,0.111290322580645,0.885852090032154,0.878548895899054,0.3984375,0.81658692185008,0.880131362889984,0.88503937007874,0.894245723172628,0.00807754442649435,0.18494271685761,0.887480190174326,0.1,0.0143769968051118,0.92604501607717,0.0212071778140294,0.140549273021002,0.882629107981221,0.914239482200647,0.0191082802547771,0.725677830940989,0.474959612277868,0.900489396411093,0.099009900990099,0.810372771474878,0.886513157894737,0.429032258064516,0.66824644549763,0.808,0.0112179487179487,0.253184713375796,0.911290322580645,0.888178913738019,0.4976,0.89589905362776,0.872053872053872,0.125198098256735,0.0143540669856459,0.891547049441786,0.884858044164038,0.867954911433172,0.68621236133122,0.0993589743589744,0.919614147909968,0.305511811023622,0.278606965174129,0.0204724409448819,0.640776699029126,0.626198083067093,0.632237871674491,0.0110935023771791,0.348460291734198,0.884057971014493,0.663492063492063,0.562204724409449,0.170015455950541,0.010989010989011,0.0109034267912773,0.882621951219512,0.862015503875969,0.009375,0.901743264659271,0.0213815789473684,0.0126984126984127,0.0132450331125828,0.889067524115756,0.0127388535031847,0.893141945773525,0.788025889967638,0.603149606299213,0.8890625,0.0129449838187702,0.011400651465798,0.894230769230769,0.870570107858243,0.740566037735849,0.0923566878980892,0.0132450331125828,1,0.670364500792393,0.906542056074766,0.55205047318612,0.4176,0.00794912559618442,0.880314960629921,0.100961538461538,0.896607431340872,0.166936790923825,0.0125786163522013,0.0990566037735849,0.208333333333333,0.518272425249169,0.874203821656051,0.0159235668789809,0.890453834115806,0.885220125786163,0.894488188976378,0.0161290322580645,0.160392798690671,0.846410684474123,0.106312292358804,0.888188976377953,0.886435331230284,0.103503184713376,0.881804043545879,0.39268680445151,0.814516129032258,0.112,0.266886326194399,0.880573248407643,0.0256821829855538,0.103503184713376,0.896661367249603,0.102773246329527,0.675409836065574,0.462145110410095,0.0140625,0.206677265500795,0.760129659643436,0.341307814992026,0.894654088050314,0.0964630225080386,0.241653418124006,0.483388704318937,0.883076923076923,0.858490566037736,0.869426751592357,0.745928338762215,0.0128,0.88125,0.0984375,0.867313915857605,0.480263157894737,0.1,0.884310618066561,0.896940418679549,0.891025641025641,0.64297253634895,0.896825396825397,0.231147540983607,0.287560581583199,0.866454689984102,0.987381703470032,0.0156985871271586,0.0144230769230769,0.886178861788618,0.856443719412724,0.112903225806452,0.8992,0.893987341772152,0.449920508744038,0.89776357827476,0.741157556270096,1,0.0141287284144427,0.897560975609756,0.429487179487179,0.8976,0.891547049441786,0.0139968895800933,0.652597402597403,0.913539967373573,0.10828025477707,0.727714748784441,0.44620253164557,0.76840490797546,0.713821138211382,0.865116279069767,0.170542635658915,0.900489396411093,0.892063492063492,0.909235668789809,0.390804597701149,0.189710610932476,0.897476340694006,0.897674418604651,0.0221518987341772,0.778309409888357,0.508634222919937,0.337007874015748,0.769352290679305,0.8832,0.824013157894737,0.885758998435055,0.1546875,0.102819237147595,0.0142405063291139,0.8448,0.100961538461538,0.101449275362319,0.342857142857143,0.0130081300813008,0.891025641025641,0.863924050632911,0.891760904684976,0.891509433962264,0.183870967741935,0.104501607717042,0.0122699386503067,0.012779552715655,0.265676567656766,0.171849427168576,0.235576923076923,0.0128,0.0961538461538462,0.8848,0.0581761006289308,0.388978930307942,0.894308943089431,0.687797147385103,0.880327868852459,0.684627575277338,0.661971830985915,0.00784929356357928,0.8887171561051,0.488782051282051,0.585483870967742,0.959183673469388,0.895800933125972,0.471048513302034,0.0272,0.892109500805153,0.891338582677165,0.0111642743221691,0.852664576802508,0.108974358974359,0.87603305785124,0.479559748427673,0.012779552715655,0.0206677265500795,0.604026845637584,0.824675324675325,0.0985691573926868,0.226537216828479,0.0254777070063694,0.0147540983606557,0.739130434782609,0.122977346278317,0.883223684210526,0.414826498422713,0.89937106918239,0.0930599369085174,0.419968304278922,0.386252045826514,0.897271268057785,0.178512396694215,0.108320251177394,0.0158478605388273,0.146774193548387,0.0111642743221691,0.893682588597843,0.121262458471761,0.904173106646059,0.10828025477707,0.881685575364668,0.0125786163522013,0.555031446540881,0.493464052287582,0.883386581469649,0.0146818923327896,0.889415481832543,0.0129032258064516,0.453658536585366,0.886614173228346,0.0141955835962145,0.747634069400631,0.902755267423015,0.73419773095624,0.913114754098361,0.123028391167192,0.0111821086261981,0.885758998435055,0.344715447154472,0.0124804992199688,0.714738510301109,0.0938461538461538,0.116352201257862,0.888524590163934,0.893548387096774,0.87244094488189,0.854864433811802,0.879227053140097,0.0128,0.888888888888889,0.0380952380952381,0.449206349206349,0.3632,0.890127388535032,0.881889763779528,0.895962732919255,0.886115444617785,0.0699523052464229,0.112721417069243,0.894472361809045,0.888364779874214,0.720893141945773,0.876777251184834,0.890453834115806,0.914149443561208,0.014218009478673,0.009375,0.887171561051005,0.015625,0.166149068322981,0.0129449838187702,0.896166134185304,0.351307189542484,0.287581699346405,0.211111111111111,0.854812398042414,0.0160771704180064,0.196485623003195,0.885895404120444,0.883096366508689,0.66824644549763,0.513846153846154,0.311926605504587,0.263565891472868,0.646774193548387,0.0930599369085174,0.196513470681458,0.626602564102564,0.324675324675325,0.711811023622047,0.107936507936508,0.0147540983606557,0.0903225806451613,0.419249592169657,0.890879478827362,0.731132075471698,0.322678843226788,0.65112540192926,0.920382165605096,0.877519379844961,0.890728476821192,0.885057471264368,0.888888888888889,0.896774193548387,0.583465818759936,0.475435816164818,0.894904458598726,0.0990853658536585,0.102009273570325,0.89792663476874,0.0256,0.882445141065831,0.8712715855573,0.00972447325769854,0.20534223706177,0.0144230769230769,0.877221324717286,0.0130718954248366,0.884676145339652,0.888357256778309,0.103174603174603,0.832528180354267,0.881987577639752,0.729641693811075,0.685714285714286,1,0.0141287284144427,0.00974025974025974,0.868333333333333,0.896969696969697,0.897151898734177,0.0125391849529781,0.00947867298578199,0.103896103896104,0.296703296703297,0.5168,0.00956937799043062,0.505582137161085,0.0111642743221691,0.8656,0.881493506493506,0.242225859247136,0.330708661417323,0.0108527131782946,0.408427876823339,0.595121951219512,0.808176100628931,0.90795631825273,0.815047021943574,0.0965189873417722,0.897520661157025,0.0334394904458599,0.881578947368421,0.0146341463414634,0.89589905362776,0.0173775671406003,0.888524590163934,0.127214170692432,0.0855263157894737,0.0141509433962264,0.0114566284779051,0.831761006289308,0.829508196721311,0.9609375,0.708527131782946,0.126365054602184,0.105008077544426,0.772511848341232,0.756589147286822,0.00813008130081301,0.117073170731707,0.86762360446571,0.0125,0.871335504885994,0.920886075949367,0.147249190938511,0.0521327014218009,0.0951612903225806,0.892405063291139,0.51559934318555,0.162420382165605,0.195826645264847,0.1984,0.726677577741408,0.172741679873217,0.896440129449838,0.0156494522691706,0.755627009646302,0.865718799368088,0.0196078431372549,0.0144230769230769,0.10061919504644,0.0094488188976378,0.108832807570978,0.880382775119617,0.710569105691057,0.0863192182410423,0.102564102564103,0.632520325203252,0.920583468395462,0.492868462757528,0.054773082942097,0.100660066006601,0.0696920583468395,0.0253565768621236,0.016025641025641,0.126009693053312,0.109567901234568,0.0906148867313916,0.113207547169811,0.0916149068322981,0.0558213716108453,0.064,0.112698412698413,0.0221518987341772,0.0114754098360656,0.037037037037037,0.0268987341772152,0.0590111642743222,0.111287758346582,0.0257234726688103,0.0945273631840796,0.104333868378812,0.0474631751227496,0.107371794871795,0.034375,0.10377358490566,0.114516129032258,0.102009273570325,0.0904761904761905
"285",0,0,0,0,0,0,0.0139103554868624,0,0,1,0,1,0,0,0,0,1,0.97984496124031,0,0,0,0,0,1,0,0,0,0,0,0,0,0,0.0015552099533437,0,1,0,0.972644376899696,0,0,0,0.998461538461539,0.980213089802131,0.992424242424242,0,0,0,0,0,0,0,1,0,0,0,0.0138461538461538,0,1,0,0.00151285930408472,0,0,0,0,1,0,0,1,0,1,0,0,0,0,0,1,0.00149925037481259,0,0,0.00155763239875389,0,1,0,0,0,0,0,0,0,0.0029940119760479,0.986547085201794,0,0,1,1,0,1,0.016793893129771,0,0.990881458966565,0.989230769230769,0.0121212121212121,1,0,0,0,0,0.987730061349693,0.00152905198776758,0,0,0,0.015220700152207,0,0,1,0,0,1,0,0,1,0.00153139356814701,0,0,0,0,0,0,1,0.00759878419452888,0,0,0,1,0,0,1,0,0,0.0078125,1,1,0,0,0,0,0,0,0,0,0,0,0,0,0,0,0,0,1,0,0.00446428571428571,0,0,1,0,0,0,0,0,0,0,0,0,0,0.00307219662058372,0,1,0,1,0,0,0,0,0,0,0,0,0,0,0,0,0,0,0.0212121212121212,1,1,0,0.998463901689708,0,0,0.0108864696734059,0,0,0,0,0,0,0,0.00151515151515152,1,0,0,0,0,0,0.00459418070444104,0,0,0.00151745068285281,0,0,1,0,0,0,1,0,0,0.0060882800608828,0,0,0,0.0184049079754601,1,0.0149253731343284,0,0,0,0,0,0,0,0,0,0,0,0,0,0,0,0,0,0,0,0,0,0,0,0.986153846153846,0,1,0.00308641975308642,0,0,0,1,0.0015600624024961,0.00148588410104012,0,0,0,0,0.986238532110092,0,0,0,0,0,0,0,0,0,0,0.0141732283464567,1,0,0.0153609831029186,1,0,0.0134932533733133,0,1,0,0,0,0,0,1,0.0168970814132104,0,0,0,0,0,0,0,0,0,0,0,0,0,0,0,0,0.00153374233128834,0,0.945371775417299,0,0,0,0,0,0,0,0,0,0,0,0,1,0,0.0093167701863354,0,0.942307692307692,0,0,0,0,1,0,0,0,0,0,0,0,0,0,0,1,0,0,0,0,0,0,1,0,0,0,0.00308166409861325,0,0,0,0,1,0,0,0,0,0,0,0,0,0,0,0,0,0.00152439024390244,0,0,0,0,0,0,0,0,0,0,0,0,1,0,0,0,1,0,0.987616099071207,0,0,0,0.995327102803738,0.0106221547799697,0,0,0,0,0,0,0,0,1,0,0,0,0,0,0,0,1,0,0,0,0,0,0.00461538461538462,0,0.0145867098865478,0.99236641221374,0,0,0,1,0,0.0015220700152207,0,0,0,1,1,0,0,1,0,0.987321711568938,1,1,0,1,0,0.00152671755725191,0.00746268656716418,0,1,1,0,0,0,0,0.996875,0.0178306092124814,0,0,0,0,1,0,0,0.00154798761609907,0,1,0,0,0,0.00150602409638554,1,0,0,0,1,0,0,0,0,0,0,0,0,0,0,0,0,0.987748851454824,0,0,0,0,0.0121028744326778,1,0,0.00307692307692308,0,0,0,0,0,0,0,0,0,1,0,0,0,0.00476190476190476,0,0,0,0,0,0,0,0,0,0.013677811550152,1,1,0,0,0,0,0,0,0,0,0.0151975683890578,1,0,0.0154798761609907,0,0,1,0,0,0,0.00153846153846154,0,0,0,0,0,0.00157232704402516,0,0,0.015600624024961,0.0271084337349398,0,0,0.990936555891239,0,0,0,0,0,0,0,0.779279279279279,0,1,0.00153609831029186,0,0,0,1,0,0,0,0,0,0,1,1,0,0,0,1,0,0,0.584202682563338,0,0,0.010752688172043,0,0,0,1,0,0,0,0.00448430493273543,0,0,0.990922844175492,0,0,1,0.0014903129657228,0,0,0,1,0.989393939393939,0,0,0,0,0.986238532110092,0.9984375,0,0,0,0,0,0,0,0,0.00462962962962963,0,0,0.996974281391831,0,1,0,0.162246489859594,0,0,0,1,0,0,0,1,0,1,0,0,1,0.0182648401826484,0,0,0.0015552099533437,0,1,0,0,1,0,0,0,0,0,0,0.00306748466257669,0,1,0,0.973094170403587,0.0194902548725637,0,0,0,0,0,0.916666666666667,0,0,0,0,0,0,0,1,1,0,1,0,0.998475609756098,0,0,0,0,0,1,0,0,0,0,0,0,0,0,0,0,0,0,0,0,1,0,0.0186915887850467,0,0.0287443267776097,0,0,0.00448430493273543,0,0.00158982511923688,0,0,0,0,0,0,0,0,0.00304878048780488,0.986567164179105,0,0,1,0,1,0,1,0,0,0,0,0,0.00154320987654321,0,0.016793893129771,1,1,0,0,0,1,1,0,0,0,1,0,1,0,0,0.0340557275541796,0,1,0,0,0,0,0,0,0,0.899691358024691,0,1,0,0.990990990990991,0,0,0.389147286821705,1,1,0.00152671755725191,0,0.00921658986175115,0,0,0,0,0,1,0,0,1,0,0,0,0.95565749235474,0,0,0,0,0,0,0,0,0,1,0,0,0.995391705069124,1,0,1,0,0,0,0,0,0.00619195046439629,0.00460122699386503,0,0.94856278366112,0,0.896875,0.971168437025797,1,0.168195718654434,0,0,0.00303951367781155,0,0.947449768160742,0.94081942336874,0,0.972222222222222,0.990566037735849,0.944615384615385,0.966717095310136,0.938650306748466,0,0.963636363636364,0,0,0.953488372093023,0,0.922619047619048,0,0.0594512195121951,0,0
"286",0.634375,0.647779479326187,0.659541984732824,0.657232704402516,0.641838351822504,0.651898734177215,0.696682464454976,0.671802773497689,0.640483383685801,0,0.636923076923077,0,0.605546995377504,0.621664050235479,0.408256880733945,0.368012422360248,0,0.0109546165884194,0.643423137876387,0.659021406727829,0.507716049382716,0.363492063492063,0.634146341463415,0,0.702786377708978,0.468315301391036,0.441860465116279,0.634222919937206,0.650075414781297,0.7442218798151,0.375191424196018,0.702492211838006,0.706896551724138,0.512269938650307,0,0.627300613496933,0.015220700152207,0.62557781201849,0.597922848664688,0.64540059347181,0,0.0108359133126935,0.00304878048780488,0.634645669291339,0.694620253164557,0.368916797488226,0.578125,0.347692307692308,0.630630630630631,0.460606060606061,0,0.63182527301092,0.546850998463902,0.638888888888889,0.696261682242991,0.480314960629921,0,0.655608214849921,0.660060975609756,0.686544342507645,0.513056835637481,0.641452344931921,0.36031746031746,0,0.68944099378882,0.711890243902439,0,0.646417445482866,0,0.353677621283255,0.66156202143951,0.350689127105666,0.383540372670807,0.641993957703928,0,0.720653789004458,0.388888888888889,0.647328244274809,0.702194357366771,0.545901639344262,0,0.685496183206107,0.466266866566717,0.638972809667674,0.454121306376361,0.703759398496241,0.626728110599078,0.663109756097561,0.63013698630137,0.00151515151515152,0.633540372670807,0.640243902439024,0,0,0.643192488262911,0,0.63312693498452,0.630769230769231,0.00306748466257669,0.00461538461538462,0.827102803738318,0,0.611544461778471,0.643856920684292,0.463046757164404,0.645669291338583,0.0031055900621118,0.65414710485133,0.356697819314642,0.374045801526718,0.358778625954198,0.695787831513261,0.557781201848998,0.641744548286604,0,0.650842266462481,0.691603053435115,0,0.362229102167183,0.524922118380062,0,0.723502304147465,0.598173515981735,0.417721518987342,0.648233486943164,0.464723926380368,0.633587786259542,0.643730886850153,0,0.851289833080425,0.674961119751166,0.610675039246468,0.639751552795031,0,0.635646687697161,0.36404833836858,0,0.581538461538462,0.594761171032357,0.829888712241653,0,0,0.661608497723824,0.725984251968504,0.469194312796209,0.63125,0.342105263157895,0.736434108527132,0.56055900621118,0.644345238095238,0.498412698412698,0.632872503840246,0.624413145539906,0.696048632218845,0.64624808575804,0.347417840375587,0.637480798771121,0.350931677018634,0,0.730354391371341,0.691729323308271,0.64624808575804,0.370820668693009,0,0.635400907715582,0.575039494470774,0.636655948553055,0.634408602150538,0.650842266462481,0.502269288956127,0.642424242424242,0.367762128325509,0.639517345399698,0.358630952380952,0.682098765432099,0.531297709923664,0,0.633956386292835,0,0.647865853658537,0.644615384615385,0.45125786163522,0.638591117917305,0.67741935483871,0.640060240963855,0.649390243902439,0.43613707165109,0.561643835616438,0.701726844583987,0.669767441860465,0.401244167962675,0.379939209726444,0.665109034267913,0.712307692307692,0,0,0.661993769470405,0,0.645896656534954,0.533536585365854,0.709428129829985,0.636923076923077,0.666666666666667,0.789556962025316,0.60490045941807,0.643081761006289,0.637636080870918,0.637770897832817,0.686064318529862,0,0.684782608695652,0.534920634920635,0.664098613251156,0.348159509202454,0.396084337349398,0.850308641975309,0.673343605546995,0.648401826484018,0.698289269051322,0.641221374045801,0.670807453416149,0,0.389312977099237,0.725075528700906,0.640378548895899,0,0.648318042813456,0.642642642642643,0.855161787365177,0.590342679127726,0.644615384615385,0.638364779874214,0.685185185185185,0,0.687311178247734,0.6421875,0.675078864353312,0.361153262518968,0.646433990895296,0.634493670886076,0.632716049382716,0.650695517774343,0.649546827794562,0.386075949367089,0.660522273425499,0.588509316770186,0.354694485842027,0.364723467862481,0.443076923076923,0.357142857142857,0.506349206349206,0.79066265060241,0.368098159509202,0.364188163884674,0.372488408037094,0.93984962406015,0.380503144654088,0.652173913043478,0.00157232704402516,0.354037267080745,0,0.566302652106084,0.657770800627943,0.638972809667674,0.684532924961715,0,0.69951534733441,0.679273827534039,0.685534591194969,0.660091047040971,0.564142194744977,0.584518167456556,0.00306748466257669,0.629800307219662,0.455521472392638,0.701112877583466,0.666666666666667,0.370030581039755,0.807751937984496,0.362654320987654,0.45635528330781,0.659056316590563,0.633647798742138,0.692551505546751,0,1,0.698890649762282,0,0.357361963190184,0.70196671709531,0.639191290824261,0,0.371165644171779,0.356814701378254,0.665610142630745,0.682464454976303,0.366987179487179,0,0.707055214723926,0.641104294478528,0.768759571209801,0.574766355140187,0.823343848580442,0.635114503816794,0.354938271604938,0.640122511485452,0.633846153846154,0.360374414976599,0.656488549618321,0.6359375,0.662884927066451,0.653963414634146,0.493827160493827,0.582317073170732,0.634408602150538,0.6609375,0.666141732283465,0.0300751879699248,0.527131782945736,0.65015479876161,0.436834094368341,0.555886736214605,0.648062015503876,0.638330757341577,0.648318042813456,0.733542319749216,0.634441087613293,0.516129032258065,0.671296296296296,0.647709320695103,0,0.577743902439024,0.758139534883721,0.377535101404056,0.0291858678955453,0.365558912386707,0.69195751138088,0.370597243491577,0.357686453576865,0,0.502290076335878,0.642301710730949,0.444613050075873,0.6484375,0.673913043478261,0.643302180685358,0.643192488262911,0.630990415335463,0.683563748079877,0.577777777777778,0,0.692068429237947,0.353658536585366,0.365443425076453,0.526073619631902,0.647798742138365,0.372881355932203,0,0.611195158850227,0.370090634441088,0.390625,0.584758942457232,0.639370078740157,0.521060842433697,0.6448,0.647058823529412,0,0.640648011782032,0.35375191424196,0.651127819548872,0.690292758089368,0.65814696485623,0.383435582822086,0.659192825112108,0.356814701378254,0.660493827160494,0.683229813664596,0.662079510703364,0.668195718654434,0.632148377125193,0.624036979969183,0.660030627871363,0.625189681335357,0.377675840978593,0.366718027734977,0.635792778649921,0.646511627906977,0.563076923076923,0.649390243902439,0.670418006430868,0.663622526636225,0.646788990825688,0,0.440625,0.639269406392694,0.360248447204969,0,0.667711598746082,0.00318979266347687,0.379471228615863,0.641881638846737,0.675344563552833,0.00157728706624606,0.824534161490683,0.563467492260062,0.655712050078247,0.3472,0.6796875,0.631329113924051,0.611023622047244,0.910470409711684,0.693251533742331,0,0.515527950310559,0.654574132492114,0.646058732612056,0.563165905631659,0.645259938837921,0.626427406199021,0.38366718027735,0,0.642638036809816,0.654743390357698,0.669230769230769,0.675226586102719,0.364885496183206,0.699059561128527,0.487616099071207,0.522435897435897,0.00155038759689922,0.66510172143975,0.701399688958009,0.661068702290076,0,0.542130365659777,0.686244204018547,0.659509202453988,0.628440366972477,0.403249630723781,0,0,0.641592920353982,0.637329286798179,0,0.703076923076923,0.00159489633173844,0,0,0.64018691588785,0,0.657097288676236,0.90795631825273,0.861702127659574,0.637853949329359,0,0,0.627329192546584,0.639097744360902,0.715160796324655,0.354009077155825,0,0.705263157894737,0.929770992366412,0.659442724458204,0.609494640122512,0.556962025316456,0,0.646604938271605,0.365814696485623,0.668231611893584,0.394984326018809,0,0.358231707317073,0.449843260188088,0.578606158833063,0.635384615384615,0,0.666666666666667,0.668721109399075,0.624036979969183,0,0.407582938388626,0.654281098546042,0.381877022653722,0.634146341463415,0.628012048192771,0.358139534883721,0.630368098159509,0.645705521472393,0.775914634146341,0.379573170731707,0.517241379310345,0.673312883435583,0,0.361280487804878,0.66,0.372611464968153,0.696062992125984,0.551459293394777,0,0.442040185471406,0.678683385579937,0.607305936073059,0.654263565891473,0.35548686244204,0.435779816513761,0.599033816425121,0.655172413793103,0.678195488721804,0.663093415007657,0.695238095238095,0,0.645161290322581,0.359090909090909,0.635093167701863,0.710651828298887,0.362406015037594,0.636363636363636,0.66358024691358,0.632398753894081,0.599071207430341,0.64451313755796,0.500792393026941,0.544600938967136,0.707882534775889,0.708841463414634,0,0,0.637071651090343,0.673534072900158,0.367762128325509,0.66510172143975,0.65015479876161,0.719271623672231,0.720190779014308,0.802180685358255,0.683183183183183,0,0.674961119751166,0.672360248447205,0.641337386018237,0.63452566096423,0,0.696875,0.65987460815047,0.358372456964006,0.684458398744113,0.552469135802469,0.670605612998523,0.684210526315789,0.6513353115727,0.393343419062027,0.658841940532081,0.646879756468798,0.644144144144144,0.641627543035994,0.422427035330261,0.648773006134969,0.628224582701062,0.00151975683890578,0.714946070878274,0.627300613496933,0.510670731707317,0.683890577507599,0.636080870917574,0.671875,0.634259259259259,0.194189602446483,0.3552,0,0.705792682926829,0.366197183098592,0.362363919129082,0.531684698608965,0,0.656346749226006,0.678678678678679,0.638330757341577,0.653153153153153,0.408385093167702,0.380877742946708,0,0,0.518341307814992,0.420401854714065,0.455108359133127,0,0.348159509202454,0.634556574923547,0.165653495440729,0.640866873065015,0.642633228840125,0.845329249617152,0.6453125,0.678247734138973,0.665144596651446,0,0.639344262295082,0.754658385093168,0.877165354330709,0.692537313432836,0.642424242424242,0.619482496194825,0.00151975683890578,0.670750382848392,0.671732522796353,0,0.631184407796102,0.364885496183206,0.6576,0.584375,0,0.00154083204930663,0.891760904684976,0.689335394126739,0.358578052550232,0.459715639810427,0.00306748466257669,0,0.659670164917541,0.37904468412943,0.626198083067093,0.562883435582822,0.657056145675266,0.361027190332326,0.57984496124031,0.493690851735016,0.703875968992248,0.423380726698262,0.37962962962963,0,0.3765625,0,0.63595166163142,0.329052969502408,0.654135338345865,0.37245696400626,0.64375,0,0.58751902587519,0.641860465116279,0.642967542503864,0,0.648854961832061,0,0.578274760383387,0.643835616438356,0,0.828006088280061,0.667701863354037,0.625382262996942,0.671949286846276,0.381901840490798,0,0.63594470046083,0.486571879936809,0,0.698461538461538,0.346969696969697,0.389908256880734,0.663522012578616,0.643642072213501,0.629518072289157,0.630602782071097,0.644549763033175,0,0.651162790697674,0.00454545454545455,0.67737003058104,0.531107738998483,0.649096385542169,0.639318885448916,0.648484848484848,0.643292682926829,0.0626911314984709,0.379256965944272,0.655448717948718,0.662576687116564,0.694063926940639,0.642642642642643,0.634969325153374,0.662557781201849,0,0,0.647761194029851,0,0.377329192546584,0,0.695652173913043,0.500792393026941,0.488853503184713,0.454823889739663,0.65990639625585,0,0.459501557632399,0.62888198757764,0.648401826484018,0.690402476780186,0.770588235294118,0.491097922848665,0.475609756097561,0.609375,0.360182370820669,0.431432973805855,0.908396946564885,0.515479876160991,0.68558282208589,0.363214837712519,0,0.335413416536661,0.650793650793651,0.629337539432177,0.733846153846154,0.583208395802099,0.676380368098159,0.720858895705521,0.632218844984802,0.668810289389068,0.640378548895899,0.647335423197492,0.648062015503876,0.656394453004623,0.593558282208589,0.645412130637636,0.368263473053892,0.361702127659574,0.705263157894737,0.00303490136570561,0.630699088145897,0.63312693498452,0,0.458135860979463,0,0.653250773993808,0,0.664605873261206,0.641975308641975,0.36322188449848,0.724299065420561,0.638297872340426,0.842767295597484,0.813353566009105,0.698461538461538,0,0,0.645631067961165,0.691394658753709,0.656671664167916,0,0,0.367924528301887,0.51131221719457,0.607142857142857,0,0.609831029185868,0,0.673946957878315,0.63482280431433,0.466346153846154,0.495426829268293,0,0.564541213063764,0.606531881804043,0.643185298621746,0.658646616541353,0.791344667697063,0.354294478527607,0.657643312101911,0.0476923076923077,0.642857142857143,0,0.646616541353383,0.00306278713629403,0.636220472440945,0.354938271604938,0.238170347003155,0,0,0.68348623853211,0.655007949125596,0.667678300455235,0.730182926829268,0.368975903614458,0.3671875,0.659476117103236,0.611532625189681,0,0.352941176470588,0.647515527950311,0,0.643769968051118,0.676737160120846,0.406106870229008,0.0214723926380368,0.350531107738998,0.645259938837921,0.577464788732394,0.39906103286385,0.402225755166932,0.440366972477064,0.706349206349206,0.429878048780488,0.659476117103236,0,0.730829420970266,0.636363636363636,0.00155763239875389,0,0.362426035502959,0,0.372881355932203,0.632621951219512,0.7136,0.364353312302839,0.356807511737089,0.8546875,0.681114551083591,0.631498470948012,0.0317220543806647,0.360501567398119,0.0585443037974684,0.013719512195122,0,0.313880126182965,0.365671641791045,0.365054602184087,0.373088685015291,0.368098159509202,0.0251177394034537,0.0379362670713202,0.360730593607306,0.0154320987654321,0.00783699059561128,0.0309119010819165,0.0181818181818182,0.0342146189735614,0.375,0.0184049079754601,0.352564102564103,0.356374807987711,0.0283464566929134,0.36055469953775,0.0393343419062027,0.365853658536585,0.360501567398119,0.368263473053892,0.356697819314642
"287",0.888529886914378,0.873015873015873,0.90809968847352,0.864,0.888888888888889,0.890145395799677,0.998427672955975,0.890822784810127,0.872274143302181,0.0130293159609121,0.875598086124402,0.0142630744849445,0.606299212598425,0.881685575364668,0.141732283464567,0.121451104100946,0.015552099533437,0.0287081339712919,0.878048780487805,0.874613003095975,0.25511811023622,0.12106135986733,0.873065015479876,0.0139968895800933,0.87797147385103,0.312302839116719,0.202551834130782,0.864433811802233,0.535493827160494,0.716951788491446,0.111111111111111,0.705696202531646,0.799050632911392,0.349922239502333,0.0125984251968504,0.884676145339652,0.0359937402190923,0.877519379844961,0.360606060606061,0.832049306625578,0.0142405063291139,0.0251968503937008,0.0263975155279503,0.889423076923077,0.756843800322061,0.127388535031847,0.512038523274478,0.0968253968253968,0.521604938271605,0.220338983050847,0.0172143974960876,0.877551020408163,0.355345911949686,0.879556259904913,1,0.253289473684211,0.0162866449511401,0.858520900321543,0.924882629107981,0.864696734059098,0.353503184713376,0.482059282371295,0.0966183574879227,0.0177993527508091,0.833860759493671,0.791732909379968,0.0141065830721003,0.873801916932907,0.0110584518167457,0.1008,0.772585669781931,0.105015673981191,0.117834394904459,0.883540372670807,0.0140625,0.754303599374022,0.142410015649452,0.595611285266458,0.89792663476874,0.345963756177924,0.0129449838187702,0.71671826625387,0.29601226993865,0.877329192546584,0.198425196850394,0.868217054263566,0.875,0.886792452830189,0.867716535433071,0.0310077519379845,0.874799357945425,0.869158878504673,0.0141955835962145,0.0126782884310618,0.87075928917609,0.0158982511923688,0.408385093167702,0.877329192546584,0.018957345971564,0.0267295597484277,0.718110236220472,0.0159489633173844,0.374392220421394,0.8816,0.210122699386503,0.889430894308943,0.0268562401263823,0.911392405063291,0.105431309904153,0.103937007874016,0.107309486780715,0.984326018808777,0.402535657686212,0.86697965571205,0.0143312101910828,0.905132192846034,0.742990654205608,0.014018691588785,0.100787401574803,0.284565916398714,0.0123456790123457,0.788709677419355,0.333333333333333,0.159349593495935,0.883464566929134,0.22992125984252,0.882534775888717,0.878930817610063,0.0188087774294671,0.627725856697819,0.870253164556962,0.508064516129032,0.882447665056361,0.0157728706624606,0.872340425531915,0.11864406779661,0.0188679245283019,0.303514376996805,0.6096,0.605431309904153,0.0162074554294976,0.0177705977382876,0.886614173228346,0.770206022187005,0.257698541329011,0.877813504823151,0.105845181674566,0.858934169278997,0.470588235294118,0.886850152905199,0.23538961038961,0.882539682539683,0.879614767255217,0.79153605015674,0.878930817610063,0.0912052117263844,0.884012539184953,0.0993589743589744,0.015527950310559,0.750814332247557,0.919753086419753,0.874411302982732,0.1296875,0.0169753086419753,0.882995319812793,0.5008,0.881188118811881,0.876386687797147,0.876755070202808,0.34009360374415,0.890282131661442,0.109149277688604,0.871715610510046,0.102874432677761,0.929022082018927,0.410658307210031,0.0161030595813204,0.868544600938967,0.0158227848101266,0.782539682539683,0.885758998435055,0.20096463022508,0.883830455259027,0.862068965517241,0.88030303030303,0.880804953560371,0.197492163009404,0.436817472698908,0.852272727272727,0.862681744749596,0.151273885350318,0.113207547169811,0.886970172684458,0.980952380952381,0.0122887864823349,0.0142630744849445,0.383386581469649,0.0173228346456693,0.871715610510046,0.333853354134165,0.998387096774194,0.723172628304821,0.888549618320611,0.509554140127389,0.461778471138846,0.378594249201278,0.837539432176656,0.857371794871795,0.893023255813953,0.0176282051282051,0.808544303797468,0.279032258064516,0.872168284789644,0.112698412698413,0.170769230769231,0.612852664576803,0.886792452830189,0.879256965944272,0.830188679245283,0.873617693522907,0.833860759493671,0.0141732283464567,0.1734375,0.6921875,0.874203821656051,0.0170542635658915,0.87402799377916,0.895705521472393,0.629746835443038,0.550955414012739,0.884375,0.875202593192869,0.47244094488189,0.0179445350734095,0.998454404945904,0.572107765451664,0.910569105691057,0.102803738317757,0.862229102167183,0.884430176565008,0.883359253499222,0.868167202572347,0.551617873651772,0.109375,0.904610492845787,0.542901716068643,0.101851851851852,0.107738998482549,0.279365079365079,0.107594936708861,0.24685534591195,0.715821812596006,0.0953125,0.109717868338558,0.11875,0.650381679389313,0.13915857605178,0.875399361022364,0.0303514376996805,0.103174603174603,0.0174880763116057,0.326984126984127,0.880452342487884,0.859649122807018,0.819047619047619,0.0170278637770898,0.920195439739414,0.801242236024845,0.713153724247227,0.631832797427653,0.515007898894155,0.47275641025641,0.0329153605015674,0.880382775119617,0.205287713841369,0.711666666666667,0.896166134185304,0.10989010989011,0.767405063291139,0.111111111111111,0.227272727272727,0.885321100917431,0.877049180327869,1,0.0153609831029186,0.698890649762282,1,0.0171875,0.0989010989010989,0.998468606431853,0.901430842607313,0.0110410094637224,0.0993690851735016,0.103286384976526,0.88961038961039,0.846526655896607,0.098546042003231,0.0125984251968504,0.486024844720497,0.885852090032154,0.821705426356589,0.445686900958466,0.696485623003195,0.876947040498442,0.105015673981191,0.883359253499222,0.881516587677725,0.103668261562998,0.876369327073552,0.88,0.883572567783094,0.887147335423197,0.244865718799368,0.393987341772152,0.376971608832808,0.903381642512077,0.851373182552504,0.0578125,0.311897106109325,0.898894154818325,0.216772151898734,0.355932203389831,0.898894154818325,0.876582278481013,0.884375,0.724919093851133,0.88062015503876,0.297427652733119,0.905660377358491,0.8912,0.0158478605388273,0.400311526479751,0.648475120385233,0.117088607594937,0.0643642072213501,0.108359133126935,0.832278481012658,0.129485179407176,0.0990566037735849,0.0137404580152672,0.282539682539683,0.8768,0.162246489859594,0.895595432300163,0.90521327014218,0.895148669796557,0.365971107544141,0.379254457050243,0.671383647798742,0.48424543946932,0.0140405616224649,0.794670846394984,0.111627906976744,0.134883720930233,0.298904538341158,0.877616747181965,0.105015673981191,0.0172955974842767,0.4078125,0.117739403453689,0.113237639553429,0.506389776357827,0.86741214057508,0.360128617363344,0.887603305785124,0.861244019138756,0.0172684458398744,0.889226100151745,0.0959752321981424,0.883177570093458,0.795631825273011,0.88130081300813,0.12,0.871069182389937,0.0961538461538462,0.818181818181818,0.699680511182109,0.858490566037736,0.896713615023474,0.885350318471338,0.371653543307087,0.86984126984127,0.877708978328173,0.103076923076923,0.11198738170347,0.884984025559105,0.870866141732283,0.388625592417062,0.809076682316119,0.877250409165303,0.866251944012442,0.884858044164038,0.0112903225806452,0.204838709677419,0.8765625,0.106858054226475,0.017515923566879,0.917197452229299,0.024390243902439,0.140575079872204,0.879443585780526,0.908242612752722,0.0222929936305732,0.724409448818898,0.451043338683788,0.891891891891892,0.102728731942215,0.794303797468354,0.880645161290323,0.437201907790143,0.657770800627943,0.79304897314376,0.0128,0.263406940063092,0.902555910543131,0.875,0.47626582278481,0.889589905362776,0.870703764320786,0.125786163522013,0.0143540669856459,0.881619937694704,0.881141045958796,0.865930599369085,0.678018575851393,0.113418530351438,0.921850079744817,0.3046875,0.285,0.0251968503937008,0.63915857605178,0.605136436597111,0.635093167701863,0.0140625,0.354838709677419,0.88801261829653,0.649612403100775,0.560747663551402,0.182945736434109,0.0158227848101266,0.0140845070422535,0.874051593323217,0.862229102167183,0.0109546165884194,0.899841017488076,0.0271565495207668,0.014018691588785,0.0145395799676898,0.880763116057234,0.0141955835962145,0.885433715220949,0.7875,0.602167182662539,0.883540372670807,0.0160771704180064,0.0112721417069243,0.880763116057234,0.863565891472868,0.733542319749216,0.102009273570325,0.0161812297734628,0.996879875195008,0.664086687306502,0.8976,0.538940809968847,0.418789808917197,0.0126782884310618,0.867924528301887,0.102893890675241,0.903225806451613,0.181229773462783,0.0169753086419753,0.107361963190184,0.209150326797386,0.490131578947368,0.865625,0.0187207488299532,0.8828125,0.875981161695447,0.88125,0.0192307692307692,0.174121405750799,0.839403973509934,0.112396694214876,0.881619937694704,0.881619937694704,0.105919003115265,0.873817034700315,0.378930817610063,0.80188679245283,0.1216,0.273770491803279,0.872408293460925,0.0289855072463768,0.116352201257862,0.895800933125972,0.115942028985507,0.666666666666667,0.469551282051282,0.0171875,0.198412698412698,0.766881028938907,0.346811819595645,0.879120879120879,0.0998415213946117,0.243034055727554,0.470209339774557,0.868012422360248,0.851393188854489,0.860759493670886,0.736334405144695,0.0142857142857143,0.877742946708464,0.102484472049689,0.858974358974359,0.483498349834984,0.105100463678516,0.88062015503876,0.88783570300158,0.878594249201278,0.616719242902208,0.889589905362776,0.233704292527822,0.292880258899676,0.863492063492064,0.988958990536278,0.0171875,0.0161290322580645,0.877616747181965,0.848580441640379,0.124804992199688,0.890302066772655,0.885579937304075,0.437598736176935,0.882926829268293,0.720257234726688,0.998454404945904,0.0154320987654321,0.889245585874799,0.442675159235669,0.884858044164038,0.877358490566038,0.0168970814132104,0.658615136876006,0.901929260450161,0.109350237717908,0.717948717948718,0.435736677115987,0.774045801526718,0.693811074918567,0.85935085007728,0.180555555555556,0.895934959349593,0.884493670886076,0.902362204724409,0.413333333333333,0.186305732484076,0.888535031847134,0.894736842105263,0.0246913580246914,0.789968652037618,0.485086342229199,0.330721003134796,0.768,0.875,0.812792511700468,0.87789799072643,0.153250773993808,0.109452736318408,0.0170015455950541,0.844936708860759,0.109149277688604,0.109177215189873,0.346394984326019,0.0157977883096366,0.881329113924051,0.849612403100775,0.880690737833595,0.885400313971743,0.189320388349515,0.105511811023622,0.0154798761609907,0.015625,0.271685761047463,0.1712,0.253565768621236,0.0158227848101266,0.10459587955626,0.875776397515528,0.0626959247648903,0.374009508716323,0.882067851373183,0.677672955974843,0.859621451104101,0.666149068322981,0.648233486943164,0.009375,0.878603945371775,0.455716586151369,0.568471337579618,0.956656346749226,0.881804043545879,0.466353677621283,0.0286624203821656,0.880382775119617,0.879443585780526,0.0141287284144427,0.848392036753446,0.113884555382215,0.876221498371335,0.460093896713615,0.0159235668789809,0.0235478806907378,0.592471358428805,0.821829855537721,0.105180533751962,0.225649350649351,0.031201248049922,0.0163132137030995,0.704791344667697,0.128410914927769,0.880794701986755,0.401244167962675,0.888198757763975,0.101669195751138,0.421135646687697,0.391304347826087,0.90453074433657,0.191803278688525,0.114104595879556,0.0174050632911392,0.134920634920635,0.0141509433962264,0.881996974281392,0.122186495176849,0.89894419306184,0.115015974440895,0.876602564102564,0.0139968895800933,0.556765163297045,0.513470681458003,0.88503937007874,0.0162866449511401,0.884969325153374,0.0161030595813204,0.451876019575856,0.884555382215289,0.0170807453416149,0.749221183800623,0.893312101910828,0.707006369426752,0.904838709677419,0.125574272588055,0.0142857142857143,0.878548895899054,0.3278955954323,0.0155763239875389,0.716744913928013,0.098159509202454,0.125588697017268,0.880913539967374,0.882926829268293,0.86697247706422,0.850961538461538,0.872611464968153,0.0159489633173844,0.8848,0.0434108527131783,0.454968944099379,0.361198738170347,0.8796875,0.869291338582677,0.891304347826087,0.882170542635659,0.0770440251572327,0.120443740095087,0.88961038961039,0.868544600938967,0.705607476635514,0.873831775700935,0.884914463452566,0.9078125,0.0170807453416149,0.0123456790123457,0.877675840978593,0.0170015455950541,0.164835164835165,0.0158982511923688,0.889064976228209,0.336092715231788,0.294212218649518,0.230046948356808,0.845786963434022,0.0186625194401244,0.209119496855346,0.876006441223833,0.882170542635659,0.653354632587859,0.496932515337423,0.305135951661631,0.259600614439324,0.62760834670947,0.0965189873417722,0.204081632653061,0.620634920634921,0.300955414012739,0.711180124223602,0.115323854660348,0.0178861788617886,0.0913461538461538,0.43859649122807,0.879032258064516,0.740566037735849,0.324574961360124,0.644305772230889,0.923794712286159,0.868421052631579,0.887622149837134,0.868378812199037,0.889250814332248,0.8864,0.567741935483871,0.47723704866562,0.880763116057234,0.104072398190045,0.115740740740741,0.901116427432217,0.0332278481012658,0.872868217054264,0.863565891472868,0.0130505709624796,0.215210355987055,0.015527950310559,0.868878357030016,0.0145867098865478,0.885093167701863,0.886075949367089,0.10641627543036,0.808,0.874608150470219,0.73095623987034,0.679245283018868,0.998397435897436,0.0139318885448916,0.0141287284144427,0.878489326765189,0.889561270801815,0.888364779874214,0.0152671755725191,0.0108527131782946,0.116427432216906,0.281055900621118,0.497607655502392,0.0128617363344051,0.510268562401264,0.0124804992199688,0.847133757961783,0.872990353697749,0.250793650793651,0.320610687022901,0.0155763239875389,0.404761904761905,0.590837282780411,0.802180685358255,0.897674418604651,0.809968847352025,0.100638977635783,0.891803278688525,0.0378548895899054,0.872131147540984,0.0161812297734628,0.887864823348694,0.0222575516693164,0.882447665056361,0.1264,0.0861244019138756,0.0155763239875389,0.0144,0.821596244131455,0.832236842105263,0.963607594936709,0.696319018404908,0.133846153846154,0.112179487179487,0.758566978193146,0.773643410852713,0.0113268608414239,0.118314424635332,0.861417322834646,0.0109375,0.8736,0.909379968203498,0.148031496062992,0.0560747663551402,0.097444089456869,0.877329192546584,0.513556618819777,0.171428571428571,0.199346405228758,0.205974842767296,0.710823909531502,0.180967238689548,0.883870967741936,0.0172684458398744,0.758454106280193,0.863141524105754,0.0241935483870968,0.0174880763116057,0.105828220858896,0.00958466453674121,0.115141955835962,0.869634340222575,0.688311688311688,0.0966183574879227,0.107544141252006,0.61698717948718,0.921348314606742,0.498412698412698,0.062015503875969,0.100813008130081,0.0749185667752443,0.0361067503924647,0.0191693290734824,0.124600638977636,0.116030534351145,0.0964630225080386,0.1265625,0.0985915492957746,0.0587301587301587,0.0685358255451713,0.117088607594937,0.0347551342812006,0.0180032733224223,0.0527156549520767,0.0377358490566038,0.0638629283489097,0.113782051282051,0.0378548895899054,0.101141924959217,0.109177215189873,0.0542264752791069,0.108661417322835,0.0514820592823713,0.109872611464968,0.13258785942492,0.107197549770291,0.101088646967341
"288",0,0,0,0,0,0,0.0141732283464567,0.00155763239875389,0,1,0,1,0,0,0,0,1,0.984496124031008,0,0,0,0,0,1,0,0,0,0.00161290322580645,0,0,0,0,0.00158227848101266,0,1,0,0.973478939157566,0,0,0,0.998410174880763,0.986153846153846,0.992236024844721,0,0,0,0,0,0,0,1,0,0,0,0.014218009478673,0,1,0,0.00309597523219814,0,0,0,0,1,0,0,1,0,1,0,0,0,0,0,1,0,0,0,0.00158478605388273,0,1,0,0,0,0,0,0,0,0.00459418070444104,0.987692307692308,0,0,1,1,0,1,0.0217729393468118,0,0.992319508448541,0.990625,0.0094488188976378,1,0,0,0,0,0.987654320987654,0.00308166409861325,0,0,0,0.0141287284144427,0,0,1,0,0,1,0,0,1,0.00158478605388273,0,0,0,0,0,0,1,0.00772797527047913,0,0,0,1,0,0,1,0,0,0.00798722044728434,1,1,0,0,0,0,0,0,0,0,0,0,0,0,0,0,0,0,1,0,0.00467289719626168,0,0,1,0,0,0,0,0,0,0,0,0,0,0.00158227848101266,0,1,0,1,0,0,0,0,0,0,0,0,0,0,0,0,0,0,0.0201550387596899,1,1,0,0.998427672955975,0,0,0.0126382306477093,0,0,0,0,0,0,0,0.00153846153846154,1,0,0,0,0,0,0.00463678516228748,0,0,0.00156739811912226,0,0,1,0,0,0,1,0,0,0.00625,0,0,0,0.0221169036334913,1,0.0138036809815951,0,0,0,0,0,0,0,0,0,0,0,0,0,0,0,0,0,0,0,0,0,0,0,0.987321711568938,0,1,0.00475435816164818,0,0,0,1,0.00160513643659711,0.00154798761609907,0,0,0,0,0.987596899224806,0,0,0,0,0,0,0,0,0,0,0.0128205128205128,1,0,0.0171875,1,0,0.0138036809815951,0.00157728706624606,1,0,0,0,0,0,1,0.0204081632653061,0,0,0,0,0,0,0,0,0,0,0,0,0,0,0,0,0.00317965023847377,0,0.957186544342508,0,0,0,0,0,0,0,0,0,0,0,0,1,0,0.0111464968152866,0,0.9484375,0,0,0,0,1,0,0,0,0,0,0,0,0,0,0,1,0,0,0,0,0,0,1,0,0,0,0.0015527950310559,0,0,0,0,1,0,0,0,0,0,0,0,0,0,0,0,0,0.00155038759689922,0,0,0,0,0,0,0,0,0,0,0,0,1,0,0,0,1,0,0.988993710691824,0,0,0,0.996825396825397,0.0078003120124805,0,0,0,0,0,0,0,0,1,0,0.00157728706624606,0,0,0,0,0,0.998427672955975,0,0,0,0,0,0.004739336492891,0,0.0164744645799012,0.993911719939117,0,0,0,1,0,0.0015600624024961,0,0,0,1,1,0,0,1,0,0.988924050632911,1,1,0,1,0,0.00155763239875389,0.00764525993883792,0,1,1,0,0,0,0,0.996810207336523,0.0198170731707317,0,0,0,0,1,0,0,0.0016025641025641,0,1,0,0,0,0.00154083204930663,1,0,0,0,1,0,0,0,0,0,0,0,0,0,0,0.00159744408945687,0,0.987538940809969,0,0,0,0,0.0126382306477093,1,0,0.0016,0,0,0,0,0,0,0,0,0,1,0,0,0,0.00484652665589661,0,0,0,0,0,0,0,0,0,0.014218009478673,1,1,0,0,0,0,0,0,0,0,0.0168711656441718,1,0,0.018957345971564,0,0,1,0,0,0,0.00160513643659711,0,0,0,0,0,0.00316455696202532,0,0,0.0193236714975845,0.0295031055900621,0,0,0.99236641221374,0,0,0,0,0,0,0,0.781733746130031,0,1,0.0015552099533437,0,0,0,1,0,0,0,0,0,0,1,1,0,0,0,1,0,0,0.555900621118012,0,0,0.0093603744149766,0,0,0,1,0,0,0,0.0062015503875969,0,0,0.990654205607477,0,0,1,0.00151745068285281,0,0,0,1,0.990697674418605,0,0,0,0,0.98755832037325,0.998376623376623,0,0,0,0,0,0,0,0,0.00475435816164818,0,0,0.996875,0,1,0,0.159935379644588,0.00151745068285281,0,0,1,0,0,0,1,0,1,0,0,1,0.0154798761609907,0,0,0.00157728706624606,0,1,0,0,1,0,0,0,0,0,0,0.0046801872074883,0.00157977883096367,1,0,0.976780185758514,0.0231124807395994,0,0,0,0,0,0.91499227202473,0,0,0,0,0,0,0,1,1,0,1,0,0.998415213946117,0,0,0,0,0,1,0,0,0,0,0,0,0,0,0,0,0,0,0,0,1,0,0.0223285486443381,0,0.0291858678955453,0,0,0.00458015267175573,0,0.00160771704180064,0,0,0,0,0,0,0,0,0.00156494522691706,0.986175115207373,0,0,1,0,1,0,1,0,0,0,0,0,0.00158730158730159,0,0.0188383045525903,1,1,0,0,0,1,1,0,0,0,1,0,1,0,0,0.0402576489533011,0,1,0,0,0,0,0,0,0,0.898573692551506,0,1,0,0.992354740061162,0,0,0.365203761755486,1,1,0,0,0.0107858243451464,0,0,0,0,0,1,0,0,1,0,0,0,0.961180124223602,0,0,0,0,0,0,0,0,0,1,0,0,0.995305164319249,1,0,1,0,0,0,0,0,0.00636942675159236,0.00469483568075117,0,0.953632148377125,0,0.905750798722045,0.97339593114241,1,0.158555729984301,0,0,0.00610687022900763,0,0.954113924050633,0.945736434108527,0,0.973561430793157,0.992050874403816,0.944700460829493,0.967084639498433,0.948598130841122,0,0.965785381026439,0,0,0.956386292834891,0,0.93455098934551,0,0.0563380281690141,0,0
"289",0.00156494522691706,0,0.0301659125188537,0.0568720379146919,0.0171073094867807,0,0.0913385826771654,0.0247295208655332,0,0,0,0,0.426791277258567,0,0.957251908396947,0.99537750385208,0,0.00154083204930663,0.00315457413249211,0.0169491525423729,0.84012539184953,0.964343598055105,0.0121951219512195,0,0.0430769230769231,0.741784037558685,0.8890625,0.0111464968152866,0.531818181818182,0.304482225656878,1,0.298136645962733,0.2265625,0.721958925750395,0,0,0.00307219662058372,0.00459418070444104,0.733031674208145,0.0856269113149847,0,0,0,0,0.227987421383648,0.979655712050078,0.489197530864198,1,0.516819571865443,0.859281437125748,0,0.00623052959501558,0.737248840803709,0,0.100313479623824,0.827315541601256,0,0.020440251572327,0.0386398763523957,0.0966767371601208,0.702909647779479,0.563165905631659,1,0,0.0957613814756672,0.165644171779141,0,0.0109546165884194,0,1,0.144171779141104,0.992248062015504,0.978294573643411,0,0,0.28158295281583,0.955792682926829,0.417956656346749,0.102362204724409,0.72258064516129,0,0.284615384615385,0.784546805349183,0.00154798761609907,0.885145482388974,0.0953846153846154,0.00306748466257669,0.0305810397553517,0.0321100917431193,0,0.014308426073132,0,0,0,0.0284810126582278,0,0.708074534161491,0.0186915887850467,0,0,0.381761978361669,0,0.71183800623053,0,0.899096385542169,0,0,0.0172143974960876,1,0.992307692307692,0.993846153846154,0.0793157076205288,0.65,0.00917431192660551,0,0.0138888888888889,0.272585669781931,0,1,0.7671875,0,0.231481481481481,0.757763975155279,0.92368839427663,0.0276923076923077,0.852307692307692,0.00305343511450382,0.00462249614791988,0,0.453149001536098,0.0669781931464174,0.501587301587302,0.0126182965299685,0,0.00477707006369427,0.978883861236802,0,0.787735849056604,0.375193798449612,0.478537360890302,0,0,0.0201550387596899,0.234930448222566,0.827476038338658,0,0.993808049535604,0.0689127105666156,0.582159624413146,0.0181543116490166,0.866242038216561,0.0166919575113809,0,0.159509202453988,0.00458715596330275,1,0,1,0,0.25194401244168,0.123867069486405,0.0138461538461538,0.981735159817352,0,0,0.544025157232704,0,0,0,0.720300751879699,0.0200308166409861,0.998447204968944,0.0439393939393939,1,0.0965189873417722,0.619414483821264,0,0.0171073094867807,0,0.158139534883721,0,0.890092879256966,0.0215716486902928,0.0486322188449848,0.00747384155455904,0.0248447204968944,0.896764252696456,0.616766467065868,0.082018927444795,0.0563380281690141,0.947040498442368,0.995398773006135,0.0157728706624606,0.122861586314152,0,0,0.715821812596006,0,0,0.737878787878788,0.108150470219436,0.244648318042813,0.0105263157894737,0.5828125,0.551359516616314,0.709779179810726,0.0889570552147239,0.0375,0.121580547112462,0,0.112828438948995,0.82670906200318,0.0529595015576324,1,0.934749620637329,0.465625,0.0201550387596899,0.0227617602427921,0.16820987654321,0.00152439024390244,0.107309486780715,0,0.928792569659443,0.330316742081448,0.00471698113207547,0,0.00894187779433681,0.0165413533834586,0.442218798151002,0.447204968944099,0.00778816199376947,0,0.6265625,0,0.091324200913242,0.474418604651163,0.0304,1,0.040785498489426,0.00156985871271586,0,0.0496124031007752,0.449165402124431,0.998449612403101,0.0310077519379845,0.464723926380368,0.997014925373134,0.998484848484849,0.798412698412698,1,0.845541401273885,0.339393939393939,1,0.995454545454545,0.99079754601227,0.415781487101669,0.964006259780908,0.0171073094867807,0,1,0,0.782945736434108,0,0.0213089802130898,0.105343511450382,0,0.119426751592357,0.140030441400304,0.299531981279251,0.395672333848532,0.53953488372093,0.542056074766355,0,0,0.90937019969278,0.295454545454545,0.0391849529780564,0.987692307692308,0.253086419753086,1,0.878461538461539,0,0,0.0971786833855799,0,0.357361963190184,0.0989010989010989,0,1,0.0936555891238671,0.0201863354037267,0,0.998459167950693,0.998480243161094,0.0188679245283019,0.122065727699531,1,0,0.615853658536585,0.00949367088607595,0.206325301204819,0.594512195121951,0.342723004694836,0.0429447852760736,0.989263803680982,0,0,0.995215311004785,0.0340557275541796,0,0.0203442879499218,0.00307219662058372,0.805295950155763,0.68960244648318,0.724085365853659,0.0220820189274448,0.0576,0.0015527950310559,0.73125,0.0248833592534992,0.839939024390244,0.686186186186186,0.00619195046439629,0.0015527950310559,0.0295031055900621,0.297339593114241,0.00303030303030303,0.751181102362205,0.0382848392036753,0.00314465408805031,0,0.679938744257274,0.456828885400314,0.987786259541985,0.00152671755725191,0.992481203007519,0.0904907975460123,0.973724884080371,1,0,0.755795981452859,0.00928792569659443,0.929012345679012,0.0127186009538951,0.031104199066874,0.0110062893081761,0.721259842519685,0.724960254372019,0.324031007751938,0.535714285714286,0,0.176651305683564,0.98936170212766,0.95852534562212,0.80030487804878,0,1,0,0.678516228748068,0.99236641221374,0.980922098569157,0.516228748068006,0,0.712264150943396,0,0.03125,0,0.00878477306002928,1,0.00151745068285281,0.165891472868217,0,0.992236024844721,0.0166919575113809,1,0.108695652173913,0.277165354330709,0.0565749235474006,0.0137825421133231,0,0.708396946564885,0.0371517027863777,0,1,0.972560975609756,0,0,0.659937888198758,0.110769230769231,0.032258064516129,0.0459418070444104,0,0,0.877777777777778,0,1,0,0.0345911949685535,0,0.952978056426332,0,0.0296411856474259,0,0.363207547169811,0.569444444444444,0.0170278637770898,0.998412698412698,0.134281200631912,0.00158478605388273,0.623824451410658,0.402124430955994,0.205007824726135,0,0.848623853211009,0.0221870047543582,0.00155763239875389,0.539657853810264,0,0.0265339966832504,0.970633693972179,0,0.0153846153846154,0.0046583850931677,0.0485133020344288,0.3125,0.995341614906832,0.122834645669291,0.756923076923077,0.813614262560778,0,0.384375,0.408385093167702,0.394817073170732,0,0.710191082802548,0.0882352941176471,0.356814701378254,0.467889908256881,0.920300751879699,0,0,0,0.0240963855421687,0,0.0781010719754977,0,0,0,0.0015625,0,0,0.224961479198767,0.477409638554217,0,0,0,0.00618238021638331,0.0361990950226244,0.273148148148148,1,0,0.0986342943854325,0.406441717791411,0,0.462006079027356,0.6453125,0,0.0167427701674277,1,0.036624203821656,0.906687402799378,0,0.995461422087746,0.879120879120879,0.515974440894569,0.0294117647058824,0,0.0492537313432836,0.0230769230769231,0,0,0.928909952606635,0.060655737704918,0.995169082125604,0,0,0.992236024844721,0,0.712732919254658,0.194744976816074,0.988924050632911,0.839370078740157,0.0417310664605873,0,1,0.0277777777777778,0.993680884676145,0.330670926517572,0.590342679127726,0,0.896604938271605,0.251602564102564,0.748456790123457,0.0230061349693252,1,0.846273291925466,0.546042003231018,0.0546282245827011,0.113464447806354,0.0404354587869362,0.251968503937008,0,0.0211480362537764,1,0.0279503105590062,0.615384615384615,1,0,0,0,0.369230769230769,0.0170015455950541,0.874608150470219,0.8171875,0.0464396284829721,0.108191653786708,0,0,0.0109546165884194,0.0704225352112676,0.985849056603774,0.0158227848101266,0.00930232558139535,0.647239263803681,0.0766823161189358,0.274603174603175,0.0945121951219512,0,0.0296411856474259,0.66304347826087,0,0,0,0.353870458135861,0.0251572327044025,1,0.304761904761905,0.609907120743034,0.197289156626506,0.301412872841444,0.0494011976047904,0.917293233082707,0.015600624024961,0,0.0138674884437596,0.698717948717949,0.884437596302003,0.0093167701863354,0,0,0.217522658610272,0.547112462006079,0.727838258164852,0.228395061728395,0,0.124416796267496,0,0.106766917293233,1,0,0.177115987460815,0.996899224806202,1,0.712962962962963,0,0.00918836140888208,0.078907435508346,0,0.00457317073170732,0.909797822706065,1,0,0,0.835164835164835,0.922239502332815,0.843167701863354,0,1,0,0.417956656346749,0.724031007751938,0,0.409160305343511,0.0220125786163522,0.327743902439024,0.365963855421687,0,0,0.61875,0.507668711656442,0.0731707317073171,0.00921658986175115,0.613251155624037,0,0.0482866043613707,0.0454545454545455,0,0.031390134529148,0.984544049459042,0.0143540669856459,0.567441860465116,0,0,0.492730210016155,0.154213036565978,1,0.855769230769231,0,0,0.248493975903614,0.978227060653188,0,0.672256097560976,0.00758725341426404,1,0.631659056316591,0.660910518053375,0.120253164556962,0.907348242811502,0.996927803379416,0,0.959311424100156,0,0.00455927051671732,0.80577849117175,0.0164670658682635,0.996904024767802,0,0,0.483969465648855,0.542319749216301,0,0,0.00151285930408472,0,0.603744149765991,0.012326656394453,0,0.33179012345679,0.0172684458398744,0.253125,0.0499219968798752,0.962178517397882,0,0,0.729984301412873,0,0.306153846153846,1,0.984662576687117,0,0,0.0106382978723404,0.0247295208655332,0.0204081632653061,0,0.0263565891472868,0,0.63914373088685,0.696124031007752,0.00773993808049536,0.00626959247648903,0.00612557427258806,0.00467289719626168,0.0320121951219512,0.987654320987654,0.0159235668789809,0.0353846153846154,0.272450532724505,0.0215384615384615,0,0.0275650842266462,0,0,0.0164424514200299,0,0.935681470137825,0.0015625,0.04,0.710443037974684,0.791469194312796,0.894495412844037,0.0759493670886076,0.00152671755725191,0.890769230769231,0,0,0.351937984496124,0.592867756315007,0.781437125748503,0.815315315315315,0.352664576802508,1,0.88646967340591,0.460342146189736,0.741784037558685,0.292867981790592,0.989113530326594,0,1,0.67879746835443,0,0.365151515151515,0.777943368107303,0.380152671755725,0.11864406779661,0.00758725341426404,0.0395569620253165,0.0202177293934681,0,0.00157232704402516,0.428571428571429,0.569640062597809,0.00155038759689922,0.998505231689088,0.990990990990991,0.123853211009174,0,0,0.0229357798165138,0,0.895238095238095,0,0.046875,0,0.0272727272727273,0,0.993948562783661,0.1625,0,0.356918238993711,0.386259541984733,0.104851330203443,0,0,0.0576,0.0552238805970149,0.0122511485451761,0,0,1,0.754122938530735,0.493044822256569,0,0.529770992366412,0,0.0818897637795276,0,0.812792511700468,0.753383458646616,0,0.644094488188976,0.399385560675883,0.12788906009245,0.0331325301204819,0.23125,1,0.0126782884310618,0.0916149068322981,0,0,0.0196374622356495,0,0,0.981042654028436,0.630573248407643,0,0,0.16796267496112,0.0752351097178683,0.0514372163388805,0.274096385542169,0.978819969742814,0.993779160186625,0.172360248447205,0.153614457831325,0,0.984447900466563,0.031104199066874,0,0.0142857142857143,0.043609022556391,0.930015552099533,0,0.996879875195008,0,0.520186335403727,0.921135646687697,0.898251192368839,0.881458966565349,0.304075235109718,0.902777777777778,0,0,0.234177215189873,0.0213740458015267,0,0,1,0,1,0,0.288461538461538,1,1,0.456556082148499,0.0390015600624025,0.559577677224736,0,0.998405103668262,0.0488958990536278,0.00307692307692308,0,0.807395993836672,0.993957703927492,0.9984375,0.984779299847793,1,0,0,0.984544049459042,0.00154320987654321,0,0.0202492211838006,0.00153139356814701,0,0.992260061919505,0.00462962962962963,1,0.998447204968944,0,0.993846153846154,0.0393343419062027,1,0.912087912087912,0.998511904761905,0.998442367601246
"290",0.893416927899687,0.886850152905199,0.920060331825038,0.87797147385103,0.894245723172628,0.893481717011129,0.998456790123457,0.90519877675841,0.884673748103187,0.0124610591900312,0.891437308868501,0.0152671755725191,0.602739726027397,0.896496815286624,0.132716049382716,0.110599078341014,0.0121765601217656,0.0292758089368259,0.88871473354232,0.877828054298643,0.25,0.121069182389937,0.882352941176471,0.0121396054628225,0.883861236802413,0.325227963525836,0.212307692307692,0.880763116057234,0.530460624071322,0.723564954682779,0.0963855421686747,0.708141321044547,0.780152671755725,0.342549923195084,0.0121951219512195,0.894495412844037,0.03125,0.883861236802413,0.359011627906977,0.84077380952381,0.0122699386503067,0.0275650842266462,0.0230414746543779,0.893682588597843,0.780907668231612,0.1109375,0.520123839009288,0.0906298003072197,0.534328358208955,0.219879518072289,0.0166163141993958,0.887519260400616,0.348281016442451,0.891437308868501,1,0.245696400625978,0.0125195618153365,0.872641509433962,0.937689969604863,0.858858858858859,0.345622119815668,0.486153846153846,0.0902021772939347,0.015552099533437,0.835680751173709,0.787692307692308,0.0108024691358025,0.883792048929664,0.00923076923076923,0.0938461538461538,0.782674772036474,0.0980091883614089,0.107692307692308,0.891729323308271,0.0107033639143731,0.75,0.13719512195122,0.586989409984871,0.905132192846034,0.355048859934853,0.0122324159021407,0.714714714714715,0.28335832083958,0.887218045112782,0.202160493827161,0.88030303030303,0.885844748858447,0.887537993920973,0.868381240544629,0.0286144578313253,0.886292834890966,0.881818181818182,0.0138888888888889,0.0106707317073171,0.869767441860465,0.0137614678899083,0.372932330827068,0.882621951219512,0.0180995475113122,0.0246913580246914,0.693251533742331,0.0123456790123457,0.378834355828221,0.894009216589862,0.191330343796712,0.895148669796557,0.0245398773006135,0.926493108728943,0.0941358024691358,0.0945736434108527,0.101226993865031,0.989180834621329,0.402157164869029,0.879815100154083,0.0123076923076923,0.912844036697248,0.741984732824427,0.0135338345864662,0.0929535232383808,0.309006211180124,0.0106060606060606,0.783742331288344,0.324655436447167,0.165884194053208,0.891603053435114,0.225114854517611,0.891768292682927,0.893292682926829,0.0171073094867807,0.620481927710843,0.876524390243902,0.514018691588785,0.889400921658986,0.0121396054628225,0.887301587301587,0.109445277361319,0.0151285930408472,0.304212168486739,0.623076923076923,0.6015625,0.0141955835962145,0.0156985871271586,0.894656488549618,0.746969696969697,0.24294670846395,0.889400921658986,0.0934150076569678,0.86535552193646,0.488372093023256,0.902402402402402,0.225196850393701,0.892638036809816,0.891640866873065,0.806646525679758,0.888379204892966,0.0856697819314642,0.892307692307692,0.0896656534954407,0.0135542168674699,0.747286821705426,0.926426426426426,0.884322678843227,0.11854103343465,0.0166666666666667,0.897125567322239,0.515723270440252,0.891891891891892,0.889570552147239,0.892802450229709,0.332833583208396,0.900900900900901,0.099236641221374,0.882530120481928,0.0968703427719821,0.927244582043344,0.412912912912913,0.0154559505409583,0.883969465648855,0.016566265060241,0.798151001540832,0.893846153846154,0.194053208137715,0.894977168949772,0.865151515151515,0.890532544378698,0.88821752265861,0.188736681887367,0.449404761904762,0.8640625,0.865237366003063,0.141104294478528,0.102918586789555,0.899536321483771,0.971168437025797,0.0119581464872945,0.0122511485451761,0.382716049382716,0.0136157337367625,0.885885885885886,0.341426403641882,0.992223950233281,0.727975270479134,0.897209985315712,0.511520737327189,0.484756097560976,0.387596899224806,0.843410852713178,0.8671875,0.900593471810089,0.0168970814132104,0.823442136498516,0.268867924528302,0.883177570093458,0.104361370716511,0.166167664670659,0.594427244582043,0.904109589041096,0.892911010558069,0.841221374045802,0.886676875957121,0.82542113323124,0.0122324159021407,0.159754224270353,0.677611940298507,0.882995319812793,0.0154320987654321,0.882800608828006,0.908270676691729,0.618683001531394,0.572530864197531,0.889400921658986,0.892063492063492,0.447900466562986,0.0157728706624606,0.980712166172107,0.576744186046512,0.924882629107981,0.0958904109589041,0.877458396369138,0.895800933125972,0.891238670694864,0.868131868131868,0.575342465753425,0.098310291858679,0.916279069767442,0.553353658536585,0.0971599402092676,0.101796407185629,0.265625,0.0937972768532526,0.236306729264476,0.714285714285714,0.0851393188854489,0.0943683409436834,0.103915662650602,0.65625,0.129541864139021,0.889400921658986,0.0262345679012346,0.0948012232415902,0.0138461538461538,0.309707241910632,0.896713615023474,0.875766871165644,0.82701062215478,0.0150829562594268,0.91496062992126,0.801195814648729,0.710606060606061,0.647692307692308,0.513056835637481,0.490712074303406,0.0289193302891933,0.890625,0.19359756097561,0.720893141945773,0.914634146341463,0.102290076335878,0.774583963691377,0.102167182662539,0.211567732115677,0.898658718330849,0.887459807073955,1,0.0134932533733133,0.70196671709531,0.998468606431853,0.0138036809815951,0.0936555891238671,1,0.908809891808346,0.00910470409711684,0.0945945945945946,0.0895295902883156,0.897832817337461,0.852895148669797,0.0877742946708464,0.0108527131782946,0.466360856269113,0.898595943837754,0.821005917159763,0.456656346749226,0.700460829493088,0.876691729323308,0.095166163141994,0.898484848484848,0.891402714932127,0.0917573872472784,0.884848484848485,0.893682588597843,0.883096366508689,0.903225806451613,0.254237288135593,0.390317700453858,0.375191424196018,0.915227629513344,0.860095389507154,0.0591805766312595,0.330203442879499,0.906687402799378,0.218181818181818,0.368188512518409,0.909502262443439,0.888888888888889,0.889739663093415,0.702660406885759,0.89237668161435,0.312302839116719,0.918305597579425,0.899691358024691,0.0137825421133231,0.399394856278366,0.629107981220657,0.0927357032457496,0.0625,0.102373887240356,0.843939393939394,0.121951219512195,0.0907692307692308,0.0120481927710843,0.300155520995334,0.889060092449923,0.167449139280125,0.906200317965024,0.915254237288136,0.904761904761905,0.370199692780338,0.377179080824089,0.651771956856703,0.505654281098546,0.015220700152207,0.781055900621118,0.10960960960961,0.12630014858841,0.301515151515152,0.890795631825273,0.0960365853658537,0.0168970814132104,0.406106870229008,0.105740181268882,0.111450381679389,0.521604938271605,0.886153846153846,0.357142857142857,0.895734597156398,0.873634945397816,0.0151285930408472,0.897209985315712,0.0917293233082707,0.893393393393393,0.788343558282209,0.892234548335975,0.108728943338438,0.882175226586103,0.0910493827160494,0.825954198473282,0.720379146919431,0.861911987860395,0.906202723146747,0.892586989409985,0.367127496159754,0.876352395672334,0.886706948640483,0.0966767371601208,0.106317411402157,0.891271056661562,0.879815100154083,0.395770392749245,0.814759036144578,0.893890675241158,0.873134328358209,0.899096385542169,0.00775193798449612,0.195618153364632,0.886363636363636,0.0927672955974843,0.0157977883096366,0.932917316692668,0.0190174326465927,0.131498470948012,0.888059701492537,0.921052631578947,0.0186625194401244,0.706521739130435,0.448916408668731,0.903276131045242,0.0996835443037975,0.809076682316119,0.8875,0.426356589147287,0.668181818181818,0.792626728110599,0.0123076923076923,0.242703533026114,0.914330218068536,0.888198757763975,0.475155279503106,0.900151285930408,0.871961102106969,0.115919629057187,0.0135746606334842,0.897321428571429,0.887519260400616,0.879443585780526,0.668683812405446,0.101694915254237,0.923913043478261,0.298165137614679,0.268921095008052,0.0214395099540582,0.620253164556962,0.614906832298137,0.636225266362253,0.0120481927710843,0.357366771159875,0.894736842105263,0.628614916286149,0.562974203338392,0.167407407407407,0.0121028744326778,0.011887072808321,0.886792452830189,0.869760479041916,0.0108359133126935,0.904984423676013,0.0235849056603774,0.0135746606334842,0.0138888888888889,0.896124031007752,0.0121580547112462,0.896062992125984,0.794162826420891,0.6,0.89039039039039,0.0141065830721003,0.010752688172043,0.889908256880734,0.86646884272997,0.715151515151515,0.0885885885885886,0.0127186009538951,0.993993993993994,0.6732223903177,0.904400606980273,0.541353383458647,0.426810477657935,0.0108024691358025,0.877862595419847,0.0962732919254658,0.906396255850234,0.164110429447853,0.0136157337367625,0.0983606557377049,0.215926493108729,0.504051863857374,0.874425727411945,0.0167427701674277,0.894894894894895,0.891402714932127,0.899082568807339,0.0167682926829268,0.167449139280125,0.853858784893268,0.105095541401274,0.888888888888889,0.890243902439024,0.1,0.886363636363636,0.378995433789954,0.800911854103343,0.110248447204969,0.260596546310832,0.881538461538461,0.0247678018575851,0.0990853658536585,0.903374233128834,0.10062893081761,0.664605873261206,0.453125,0.015015015015015,0.203647416413374,0.7609375,0.348942598187311,0.892966360856269,0.0960365853658537,0.225225225225225,0.47444089456869,0.874813710879285,0.860778443113772,0.873065015479876,0.717425431711146,0.0125195618153365,0.879573170731707,0.0932721712538226,0.862595419847328,0.474015748031496,0.0945945945945946,0.893233082706767,0.897081413210445,0.893353941267388,0.626339969372129,0.899236641221374,0.221020092735703,0.285935085007728,0.874051593323217,0.984825493171472,0.0163204747774481,0.014018691588785,0.886792452830189,0.862992125984252,0.11875,0.903875968992248,0.895454545454546,0.431372549019608,0.906153846153846,0.731669266770671,0.995468277945619,0.0135338345864662,0.896813353566009,0.409937888198758,0.899536321483771,0.890769230769231,0.014792899408284,0.66358024691358,0.917829457364341,0.10355486862442,0.69969040247678,0.435779816513761,0.759941089837997,0.699530516431925,0.869822485207101,0.167664670658683,0.906793048973144,0.89618320610687,0.909230769230769,0.382075471698113,0.175115207373272,0.893129770992366,0.905263157894737,0.0226244343891403,0.77217125382263,0.495426829268293,0.339393939393939,0.770516717325228,0.889570552147239,0.830769230769231,0.888888888888889,0.153846153846154,0.0998415213946117,0.0151285930408472,0.844854070660522,0.0975232198142415,0.0949464012251149,0.344036697247706,0.0138461538461538,0.893682588597843,0.862745098039216,0.891975308641975,0.894419306184012,0.177195685670262,0.0927051671732523,0.013595166163142,0.0152671755725191,0.2609375,0.171032357473035,0.245341614906832,0.0138461538461538,0.0910470409711684,0.895454545454546,0.0563165905631659,0.365325077399381,0.897356143079316,0.660578386605784,0.872670807453416,0.675149700598802,0.667669172932331,0.00764525993883792,0.894582723279649,0.460218408736349,0.574074074074074,0.964232488822653,0.893778452200303,0.468085106382979,0.0238805970149254,0.896024464831804,0.899550224887556,0.0106707317073171,0.859070464767616,0.111613876319759,0.880690737833595,0.469512195121951,0.0125588697017268,0.0197869101978691,0.594551282051282,0.831269349845201,0.0995475113122172,0.234276729559748,0.0258358662613982,0.0139968895800933,0.71898355754858,0.111459968602826,0.89297124600639,0.397590361445783,0.904047976011994,0.0903614457831325,0.424962852897474,0.37245696400626,0.90251572327044,0.183254344391785,0.101208459214502,0.0136986301369863,0.133956386292835,0.0135542168674699,0.898658718330849,0.106858054226475,0.907875185735513,0.104361370716511,0.891338582677165,0.0135542168674699,0.560240963855422,0.511591962905719,0.893353941267388,0.0141732283464567,0.887556221889055,0.013953488372093,0.453834115805947,0.898050974512744,0.016793893129771,0.733736762481089,0.906298003072197,0.715170278637771,0.918876755070203,0.124624624624625,0.0122137404580153,0.888386123680241,0.339035769828927,0.0133333333333333,0.717754172989378,0.091970802919708,0.121212121212121,0.89010989010989,0.894899536321484,0.879821958456973,0.859133126934985,0.886115444617785,0.0138036809815951,0.89060092449923,0.0411585365853659,0.428998505231689,0.364457831325301,0.887366818873668,0.885625965996909,0.895454545454546,0.892966360856269,0.0730593607305936,0.105990783410138,0.898412698412698,0.877086494688923,0.701062215477997,0.877458396369138,0.89739663093415,0.914893617021277,0.0163447251114413,0.0104477611940299,0.885630498533724,0.0163934426229508,0.157894736842105,0.0123076923076923,0.902325581395349,0.337480559875583,0.281200631911532,0.217522658610272,0.839813374805599,0.0168711656441718,0.207261724659607,0.891271056661562,0.894977168949772,0.66464339908953,0.501479289940828,0.288856304985337,0.258594917787743,0.636222910216718,0.0871559633027523,0.195751138088012,0.633587786259542,0.31651376146789,0.685887708649469,0.111620795107034,0.015748031496063,0.0809160305343511,0.397798742138365,0.890649762282092,0.7217125382263,0.318518518518519,0.62691131498471,0.927382753403933,0.882530120481928,0.895569620253165,0.8921875,0.901253918495298,0.893353941267388,0.568807339449541,0.479699248120301,0.895705521472393,0.0965824665676077,0.105580693815988,0.905343511450382,0.0267857142857143,0.885542168674699,0.867469879518072,0.0110062893081761,0.205651491365777,0.0138461538461538,0.877488514548239,0.0126984126984127,0.898638426626324,0.891768292682927,0.0946564885496183,0.823529411764706,0.88905325443787,0.729938271604938,0.683183183183183,0.996927803379416,0.0135746606334842,0.0106544901065449,0.876006441223833,0.906705539358601,0.898638426626324,0.0135135135135135,0.00758725341426404,0.107142857142857,0.294736842105263,0.51301684532925,0.0122699386503067,0.507645259938838,0.0107858243451464,0.855590062111801,0.886996904024768,0.238167938931298,0.317220543806647,0.0119760479041916,0.41304347826087,0.583717357910906,0.802450229709035,0.917043740573152,0.812883435582822,0.0903522205206738,0.902973395931142,0.0290964777947933,0.887675507020281,0.0138461538461538,0.901049475262369,0.0183767228177642,0.887147335423197,0.117283950617284,0.0768025078369906,0.0151975683890578,0.0138461538461538,0.826546003016591,0.837282780410742,0.962349397590361,0.717293233082707,0.117474302496329,0.104199066874028,0.762345679012346,0.76865671641791,0.00923076923076923,0.110769230769231,0.866666666666667,0.0122511485451761,0.882352941176471,0.920060331825038,0.144171779141104,0.0552995391705069,0.0899390243902439,0.894977168949772,0.521604938271605,0.159442724458204,0.191222570532915,0.207261724659607,0.710077519379845,0.179604261796043,0.898461538461538,0.0168711656441718,0.751166407465008,0.866666666666667,0.0214395099540582,0.0152439024390244,0.0950965824665676,0.0107197549770291,0.105666156202144,0.88855421686747,0.701421800947867,0.0832025117739403,0.0998439937597504,0.61609907120743,0.932721712538226,0.493865030674847,0.0601503759398496,0.0929133858267717,0.0710900473933649,0.0288753799392097,0.0169491525423729,0.114599686028257,0.105341246290801,0.0885093167701863,0.110773899848255,0.0917293233082707,0.0570107858243451,0.0700152207001522,0.107575757575758,0.0296411856474259,0.0141732283464567,0.0428790199081164,0.0327380952380952,0.0646616541353384,0.107858243451464,0.0304878048780488,0.0875796178343949,0.0938967136150235,0.05320813771518,0.101071975497703,0.0416666666666667,0.0966257668711656,0.112291350531108,0.0957290132547865,0.0893682588597843
"291",0.985483870967742,0.976708074534162,0.992211838006231,0.944444444444444,0.98740157480315,0.980707395498392,0.907643312101911,0.998432601880878,0.979591836734694,0.00161812297734628,0.981072555205047,0.00159235668789809,0.582677165354331,0.979166666666667,0.065625,0.0285714285714286,0.00152439024390244,0.0159744408945687,0.975649350649351,0.960691823899371,0.167974882260597,0.0453074433656958,0.967391304347826,0,0.940251572327044,0.276729559748428,0.118296529968454,0.974358974358974,0.482115085536547,0.709119496855346,0.0184899845916795,0.711568938193344,0.783570300157978,0.302547770700637,0,0.981072555205047,0.0186046511627907,0.97360248447205,0.274924471299094,0.894409937888199,0.00317460317460317,0.015552099533437,0.00778816199376947,0.980982567353407,0.794117647058823,0.0416,0.520376175548589,0.0173501577287066,0.493769470404984,0.146969696969697,0.00155763239875389,0.979527559055118,0.280507131537242,0.976,0.900161030595813,0.184764991896272,0,0.946945337620579,0.982866043613707,0.909375,0.296875,0.447737909516381,0.0173501577287066,0.00162337662337662,0.885993485342019,0.8140625,0,0.968,0,0.0175718849840256,0.85981308411215,0.0221870047543582,0.0383386581469649,0.982758620689655,0.00156739811912226,0.72281776416539,0.062402496099844,0.576190476190476,0.927536231884058,0.284297520661157,0.00161030595813205,0.731132075471698,0.227554179566563,0.975,0.137658227848101,0.925233644859813,0.976303317535545,0.970404984423676,0.961300309597523,0.0125,0.972357723577236,0.976340694006309,0.00159489633173844,0.00157728706624606,0.960127591706539,0.00158478605388273,0.317484662576687,0.969889064976228,0.0093603744149766,0.0110935023771791,0.632398753894081,0,0.292604501607717,0.979397781299525,0.119266055045872,0.980582524271845,0.0110584518167457,1,0.019047619047619,0.0238473767885533,0.0291411042944785,0.922345483359746,0.3568,0.974803149606299,0.00162337662337662,0.993798449612403,0.736757624398074,0.00151285930408472,0.01875,0.235576923076923,0.00156494522691706,0.773228346456693,0.259026687598116,0.0998363338788871,0.962085308056872,0.151181102362205,0.9796875,0.981279251170047,0.00158982511923688,0.552099533437014,0.939778129952456,0.484751203852327,0.972668810289389,0.00157232704402516,0.977346278317152,0.0341085271317829,0.00156985871271586,0.218800648298217,0.628980891719745,0.527508090614887,0.00160513643659711,0.00162337662337662,0.984662576687117,0.763866877971474,0.182539682539683,0.980582524271845,0.0239234449760766,0.93603744149766,0.432,0.990625,0.149038461538462,0.973186119873817,0.982428115015974,0.828926905132193,0.977917981072555,0.0159235668789809,0.981279251170047,0.0221169036334913,0.00157232704402516,0.73851030110935,0.885271317829457,0.963779527559055,0.0405616224648986,0.00155763239875389,0.981366459627329,0.467845659163987,0.982315112540193,0.977777777777778,0.97933227344992,0.307453416149068,0.985714285714286,0.0186625194401244,0.953560371517028,0.0199692780337942,0.918269230769231,0.392801251956182,0.00159235668789809,0.976377952755906,0.00157232704402516,0.834633385335413,0.977987421383648,0.134185303514377,0.979813664596273,0.936434108527132,0.970948012232416,0.957680250783699,0.121642969984202,0.402190923317684,0.927184466019418,0.942903752039152,0.0667726550079491,0.0249221183800623,0.988871224165342,0.871473354231975,0.00154559505409583,0.0016,0.308064516129032,0.00157728706624606,0.976635514018692,0.283489096573209,0.89873417721519,0.759630200308166,0.989079563182527,0.439807383627608,0.437795275590551,0.306709265175719,0.918110236220472,0.94770206022187,0.901716068642746,0.00159235668789809,0.880248833592535,0.184640522875817,0.944444444444444,0.0207667731629393,0.091324200913242,0.534072900158479,0.965079365079365,0.976851851851852,0.844690966719493,0.981308411214953,0.879936808846761,0.00158227848101266,0.0932069510268562,0.66407465007776,0.977564102564103,0.00158478605388273,0.968895800933126,0.986238532110092,0.553054662379421,0.568253968253968,0.967793880837359,0.982171799027553,0.368839427662957,0.00163132137030995,0.904173106646059,0.548489666136725,0.986798679867987,0.0189274447949527,0.953271028037383,0.983974358974359,0.979495268138801,0.937699680511182,0.546875,0.0238473767885533,0.987321711568938,0.542768273716952,0.0274809160305344,0.02,0.220285261489699,0.0176282051282051,0.16025641025641,0.678125,0.0189873417721519,0.0186335403726708,0.0302547770700637,0.597243491577335,0.0564516129032258,0.9696,0.0147058823529412,0.0204081632653061,0.0015748031496063,0.240063593004769,0.980830670926518,0.968354430379747,0.905362776025237,0.00153846153846154,0.881877022653722,0.835680751173709,0.714285714285714,0.625,0.464566929133858,0.440842787682334,0.0125,0.979166666666667,0.116640746500778,0.725457570715474,0.980861244019139,0.0291411042944785,0.764331210191083,0.0221870047543582,0.133228840125392,0.98145285935085,0.981907894736842,0.906752411575563,0,0.639191290824261,0.901430842607313,0.00157728706624606,0.0201863354037267,0.908809891808346,1,0.0015552099533437,0.0201550387596899,0.0156739811912226,0.979133226324238,0.892682926829268,0.0212765957446809,0,0.386541471048513,0.988941548183254,0.812213740458015,0.413249211356467,0.662939297124601,0.956181533646322,0.0249609984399376,0.978193146417445,0.97933227344992,0.0207006369426752,0.96513470681458,0.979365079365079,0.953821656050955,0.981220657276995,0.198425196850394,0.331259720062208,0.302839116719243,0.9968,0.927536231884058,0.0496124031007752,0.267942583732057,0.993700787401575,0.157728706624606,0.311649016641452,0.989079563182527,0.976190476190476,0.976303317535545,0.700980392156863,0.978294573643411,0.247191011235955,0.97984496124031,0.974723538704581,0.00159744408945687,0.339622641509434,0.556451612903226,0.0346456692913386,0.05625,0.0248062015503876,0.896988906497623,0.0417310664605873,0.0172684458398744,0.0015220700152207,0.231746031746032,0.979365079365079,0.0906200317965024,0.99185667752443,0.988941548183254,0.985553772070626,0.282988871224165,0.293924466338259,0.667721518987342,0.48099173553719,0.0015527950310559,0.814173228346457,0.034375,0.0543478260869565,0.217527386541471,0.9808,0.0238095238095238,0.00155038759689922,0.348837209302326,0.0326594090202177,0.037037037037037,0.481832543443918,0.981072555205047,0.301916932907348,0.978583196046129,0.943037974683544,0.00156494522691706,0.981873111782477,0.0124031007751938,0.978159126365055,0.823809523809524,0.978792822185971,0.0314465408805031,0.9578125,0.0192616372391653,0.865030674846626,0.731391585760518,0.928237129485179,0.990625,0.974723538704581,0.298412698412698,0.9488,0.976851851851852,0.0198473282442748,0.0423197492163009,0.9776,0.974803149606299,0.351648351648352,0.861801242236025,0.955882352941177,0.951181102362205,0.983231707317073,0,0.123778501628664,0.976303317535545,0.0193236714975845,0.00158478605388273,0.988782051282051,0.0096,0.0600315955766193,0.977987421383648,0.987261146496815,0.0046875,0.642745709828393,0.429252782193959,0.982428115015974,0.0212071778140294,0.853736089030207,0.980582524271845,0.399676375404531,0.613207547169811,0.812101910828026,0,0.173981191222571,1,0.977987421383648,0.464285714285714,0.984202211690363,0.95049504950495,0.0504731861198738,0.0031201248049922,0.981308411214953,0.974358974358974,0.95389507154213,0.683969465648855,0.0240770465489567,0.885714285714286,0.250396196513471,0.184210526315789,0.0094488188976378,0.620355411954766,0.598726114649682,0.62992125984252,0.00154320987654321,0.307817589576547,0.933858267716535,0.636507936507936,0.540247678018576,0.0907692307692308,0.0015600624024961,0.0015748031496063,0.981845688350983,0.946153846153846,0.00155763239875389,0.938582677165354,0.0129659643435981,0.00155763239875389,0.00163934426229508,0.981220657276995,0,0.980519480519481,0.771065182829889,0.526717557251908,0.979938271604938,0.00161290322580645,0,0.979495268138801,0.949848024316109,0.731182795698925,0.0171875,0.00325732899022801,0.896551724137931,0.615023474178404,0.982649842271293,0.541213063763608,0.371019108280255,0.00156985871271586,0.962674961119751,0.0194489465153971,0.971291866028708,0.105769230769231,0.00155038759689922,0.0263975155279503,0.137540453074434,0.478048780487805,0.963549920760697,0.0015600624024961,0.958461538461538,0.965891472868217,0.982919254658385,0.00160771704180064,0.0950080515297907,0.916247906197655,0.0231788079470199,0.978294573643411,0.981566820276498,0.0221870047543582,0.97984496124031,0.307936507936508,0.829383886255924,0.0253164556962025,0.178282009724473,0.963081861958267,0.0112721417069243,0.0236593059936909,0.978625954198473,0.0258064516129032,0.664,0.398724082934609,0.00156985871271586,0.123028391167192,0.757575757575758,0.269592476489028,0.977812995245642,0.01743264659271,0.16875,0.4375,0.945652173913043,0.902173913043478,0.950636942675159,0.735909822866345,0,0.96411856474259,0.0184331797235023,0.944178628389155,0.404220779220779,0.0182648401826484,0.978193146417445,0.980769230769231,0.977707006369427,0.634375,0.992150706436421,0.143540669856459,0.198127925117005,0.938388625592417,0.894321766561514,0.00154083204930663,0.00159744408945687,0.979166666666667,0.937898089171974,0.0347551342812006,0.977707006369427,0.985849056603774,0.379471228615863,0.951219512195122,0.738095238095238,0.8984375,0.0015552099533437,0.955555555555556,0.350710900473934,0.981220657276995,0.981072555205047,0.00153609831029186,0.64,0.990369181380417,0.0220125786163522,0.694888178913738,0.385466034755134,0.795454545454545,0.695859872611465,0.938556067588326,0.0998463901689708,0.974522292993631,0.979495268138801,0.987361769352291,0.306055646481178,0.0985691573926868,0.9828125,0.976780185758514,0.0078125,0.778816199376947,0.459876543209877,0.282780410742496,0.778649921507064,0.979299363057325,0.867834394904459,0.978125,0.1265625,0.0178861788617886,0.00155763239875389,0.83974358974359,0.0239234449760766,0.01875,0.29595015576324,0.00156739811912226,0.979782270606532,0.91705069124424,0.982677165354331,0.984496124031008,0.112,0.0221518987341772,0.00152439024390244,0.00156739811912226,0.179902755267423,0.0937996820349762,0.170653907496013,0.0015600624024961,0.0186915887850467,0.978260869565217,0.0154559505409583,0.305732484076433,0.979233226837061,0.60062893081761,0.959935897435897,0.676609105180534,0.649068322981366,0,0.977064220183486,0.395498392282958,0.500805152979066,0.941538461538462,0.98755832037325,0.406593406593407,0.00941915227629513,0.964506172839506,0.964230171073095,0,0.957186544342508,0.0348101265822785,0.977382875605816,0.41588785046729,0.00158478605388273,0.0093603744149766,0.516393442622951,0.8576,0.0203442879499218,0.165064102564103,0.0125,0.00327332242225859,0.763803680981595,0.0336538461538462,0.980456026058632,0.34472049689441,0.984567901234568,0.0171073094867807,0.395275590551181,0.342668863261944,0.882352941176471,0.114516129032258,0.0235109717868339,0.00473186119873817,0.0606060606060606,0.00156494522691706,0.981220657276995,0.0471544715447154,1,0.0206677265500795,0.9792663476874,0.00154798761609907,0.537750385208012,0.483359746434231,0.978090766823161,0,0.979750778816199,0.00159744408945687,0.416531604538088,0.975270479134467,0.00154320987654321,0.657407407407407,0.972668810289389,0.745283018867924,0.966183574879227,0.0530421216848674,0.00157728706624606,0.979397781299525,0.283171521035599,0.00155763239875389,0.709779179810726,0.0182370820668693,0.0327102803738318,0.97741935483871,0.981012658227848,0.975535168195719,0.963549920760697,0.971014492753623,0.0015748031496063,0.955625990491284,0.0268562401263823,0.356589147286822,0.304416403785489,0.978159126365055,0.973228346456693,0.972179289026275,0.9703125,0.0518053375196232,0.0304,0.980487804878049,0.951181102362205,0.715625,0.971608832807571,0.979876160990712,0.984447900466563,0.00153609831029186,0.00154320987654321,0.960606060606061,0.00153374233128834,0.0874403815580286,0,0.963258785942492,0.295454545454545,0.226384364820847,0.130970724191063,0.900158478605388,0.00158227848101266,0.116719242902208,0.977742448330684,0.981308411214953,0.654574132492114,0.418290854572714,0.231578947368421,0.200310559006211,0.650485436893204,0.0124223602484472,0.128325508607199,0.56386292834891,0.262658227848101,0.700920245398773,0.028436018957346,0.00161812297734628,0.0158730158730159,0.330173775671406,0.978998384491115,0.635093167701863,0.235114503816794,0.617322834645669,0.894984326018809,0.964451313755796,0.975530179445351,0.972357723577236,0.983948635634029,0.97752808988764,0.568471337579618,0.433544303797468,0.97933227344992,0.0228658536585366,0.0294573643410853,0.895071542130366,0.0124223602484472,0.982945736434109,0.947204968944099,0.00161030595813205,0.1248,0,0.94888178913738,0.00161030595813205,0.966772151898734,0.980891719745223,0.0200617283950617,0.852201257861635,0.976816074188563,0.658730158730159,0.62085308056872,0.8944,0,0.00158478605388273,0.933441558441558,0.962006079027356,0.990536277602524,0.00153609831029186,0,0.0163398692810458,0.246511627906977,0.488853503184713,0.00158478605388273,0.475357710651828,0,0.9328,0.977777777777778,0.172025723472669,0.256211180124224,0.00153374233128834,0.365384615384615,0.591414944356121,0.85243328100471,0.979719188767551,0.79746835443038,0.0174050632911392,0.99194847020934,0.0175718849840256,0.976076555023923,0.00159744408945687,0.98613251155624,0.00637958532695375,0.979233226837061,0.0350877192982456,0.0206677265500795,0.00154559505409583,0.00159744408945687,0.841692789968652,0.909090909090909,0.962616822429907,0.710485133020344,0.0509259259259259,0.027027027027027,0.842356687898089,0.844036697247706,0.00159744408945687,0.0352,0.953525641025641,0,0.958333333333333,0.978294573643411,0.0832025117739403,0.0449612403100775,0.0157728706624606,0.978294573643411,0.488,0.0947030497592295,0.123176661264182,0.1328125,0.711974110032362,0.1125,0.978998384491115,0.00157977883096367,0.754414125200642,0.963020030816641,0.00646203554119548,0.00156494522691706,0.0233281493001555,0.00158730158730159,0.0235109717868339,0.977812995245642,0.714052287581699,0.0160513643659711,0.0210016155088853,0.54983922829582,0.9824,0.444794952681388,0.0539291217257319,0.0178571428571429,0.0551948051948052,0.0199081163859112,0.00157728706624606,0.0377358490566038,0.0260336906584992,0.0172684458398744,0.0326594090202177,0.0169491525423729,0.0543130990415335,0.0612244897959184,0.0296875,0.021978021978022,0.00654664484451719,0.032,0.0264385692068429,0.062992125984252,0.0271132376395534,0.021671826625387,0.0177133655394525,0.0253968253968254,0.0501618122977346,0.0268562401263823,0.0245398773006135,0.0219435736677116,0.0501567398119122,0.0214723926380368,0.0202808112324493
"292",0,0,0,0,0,0,0.00943396226415094,0.0015600624024961,0,1,0,1,0,0,0,0,1,0.982866043613707,0,0,0,0,0,1,0,0,0,0.00157977883096367,0,0,0,0,0,0,1,0,0.975720789074355,0,0,0,0.998442367601246,0.983383685800604,0.993893129770992,0,0,0,0,0,0,0,1,0,0,0,0.00930232558139535,0,1,0,0.00306278713629403,0,0,0,0,1,0,0,1,0,1,0,0,0,0,0,1,0.00151975683890578,0,0,0,0,1,0,0,0,0,0,0,0,0.00306748466257669,0.986363636363636,0,0,1,1,0,1,0.0169491525423729,0,0.990950226244344,0.990654205607477,0.00618238021638331,1,0,0,0,0,0.989130434782609,0.00308641975308642,0,0,0,0.00943396226415094,0,0,1,0,0,1,0,0,1,0,0,0,0,0,0,0,1,0.0045662100456621,0,0,0,1,0,0,1,0,0,0.00470957613814757,1,1,0,0,0,0,0,0,0,0,0,0,0,0,0,0,0,0,1,0,0.00459418070444104,0,0,1,0,0,0,0,0,0,0,0,0,0,0.00311526479750779,0,1,0,1,0,0,0,0,0,0,0,0,0,0,0,0,0,0,0.0168711656441718,1,1,0,0.998461538461539,0,0,0.00940438871473354,0,0,0,0,0,0,0,0,1,0,0,0,0,0,0.00308166409861325,0,0,0,0,0,1,0,0,0,1,0,0,0.00470219435736677,0,0,0,0.0124804992199688,1,0.0106221547799697,0,0,0,0,0,0,0,0,0,0,0,0,0,0,0,0,0,0,0,0,0,0,0,0.987321711568938,0,1,0.0047244094488189,0,0,0,1,0.00157232704402516,0.0030441400304414,0,0,0,0,0.987767584097859,0,0,0,0,0,0,0,0,0,0,0.00925925925925926,1,0,0.0110410094637224,1,0,0.00910470409711684,0.0015552099533437,1,0,0,0,0,0,1,0.0153139356814701,0,0,0,0,0,0,0,0,0,0,0,0,0,0,0,0,0.0031496062992126,0,0.95144157814871,0,0,0,0,0,0,0,0,0,0,0,0,1,0,0.00930232558139535,0,0.947692307692308,0,0,0,0,1,0,0,0,0,0,0,0,0,0,0,1,0,0,0,0,0,0,1,0,0,0,0.00152671755725191,0,0,0,0,1,0,0,0,0,0,0,0,0,0,0,0,0,0.003125,0,0,0,0,0,0,0,0,0,0,0,0,1,0,0,0,1,0,0.988906497622821,0,0,0,0.995290423861852,0.00619195046439629,0,0,0,0,0,0,0,0,1,0,0.00158227848101266,0,0,0,0,0,0.998439937597504,0,0,0,0,0,0.00470957613814757,0,0.00821018062397373,0.993893129770992,0,0,0,1,0,0,0,0,0,1,1,0,0,1,0,0.989010989010989,1,1,0,1,0,0,0.00454545454545455,0,1,1,0,0,0,0,0.996794871794872,0.0153139356814701,0,0,0,0,1,0,0,0,0,1,0,0,0,0,1,0,0,0,1,0,0,0,0,0,0,0,0,0,0,0.00158982511923688,0,0.987361769352291,0,0,0,0,0.0125391849529781,1,0,0.00159235668789809,0,0,0,0,0,0,0,0,0,1,0,0,0,0.00316957210776545,0,0,0,0,0,0,0,0,0,0.0107858243451464,1,1,0,0,0,0,0,0,0,0,0.0134730538922156,1,0,0.0110236220472441,0,0,1,0,0,0,0,0,0,0,0,0,0.00159235668789809,0,0,0.0125984251968504,0.0249609984399376,0,0,0.990881458966565,0,0,0,0,0,0,0,0.769465648854962,0,1,0,0,0,0,1,0,0,0,0,0,0,1,1,0,0,0,1,0,0,0.582317073170732,0,0,0.0060882800608828,0,0,0,1,0,0,0,0.00301659125188537,0,0,0.987673343605547,0,0,1,0,0,0,0,1,0.989079563182527,0,0,0,0,0.987711213517665,0.998425196850394,0,0,0,0,0,0,0,0,0.00473186119873817,0,0,0.996951219512195,0,1,0,0.169329073482428,0.00151057401812689,0,0,1,0,0,0,1,0,1,0,0,1,0.0152905198776758,0,0,0,0,1,0,0,1,0,0,0,0,0,0,0.00312989045383412,0.0015552099533437,1,0,0.974436090225564,0.0154320987654321,0,0,0,0,0,0.91640866873065,0,0,0,0,0,0,0,1,1,0,1,0,0.9984375,0,0,0,0,0,0.998456790123457,0,0,0,0,0,0,0,0,0,0,0,0,0,0,1,0,0.0140625,0,0.0232919254658385,0,0,0.00460829493087558,0,0.00162074554294976,0,0,0,0,0,0,0,0,0.0015552099533437,0.987748851454824,0,0,1,0,1,0,1,0,0,0,0,0,0,0,0.0139318885448916,1,1,0,0,0,1,1,0,0,0,1,0,1,0,0,0.027906976744186,0,1,0,0,0,0,0,0,0,0.897196261682243,0,1,0,0.992343032159265,0,0,0.3776,1,1,0.00153374233128834,0,0.00603318250377074,0,0,0,0,0,1,0,0,1,0,0,0,0.956856702619414,0,0,0,0,0,0,0,0,0,1,0,0,0.996860282574568,1,0,1,0,0,0,0,0,0.00470957613814757,0.00157728706624606,0,0.946808510638298,0,0.89776357827476,0.978294573643411,1,0.165094339622642,0,0,0.00303951367781155,0,0.947867298578199,0.941538461538462,0,0.980122324159021,0.995253164556962,0.956723338485317,0.975683890577508,0.943076923076923,0,0.973886328725038,0,0,0.952978056426332,0,0.935143288084465,0,0.0635658914728682,0,0
"293",0.00317460317460317,0.00155038759689922,0.033434650455927,0.0628019323671498,0.0174603174603175,0.00159235668789809,0.0957613814756672,0.0308641975308642,0,0,0,0,0.453834115805947,0.00159235668789809,0.950233281493002,0.990697674418605,0,0.00156494522691706,0.00321027287319422,0.0170542635658915,0.849462365591398,0.974317817014446,0.0106060606060606,0,0.0432766615146832,0.756289308176101,0.889937106918239,0.0127388535031847,0.557575757575758,0.318042813455657,0.998468606431853,0.324116743471582,0.245222929936306,0.71585557299843,0,0.00155038759689922,0.00457317073170732,0.00772797527047913,0.746626686656672,0.098613251155624,0,0,0,0.0015600624024961,0.228155339805825,0.982677165354331,0.507911392405063,0.998447204968944,0.54434250764526,0.875,0,0.0093167701863354,0.735384615384615,0.00154320987654321,0.105754276827372,0.850556438791733,0,0.027027027027027,0.0379939209726444,0.0971168437025797,0.714285714285714,0.593846153846154,0.998405103668262,0,0.104761904761905,0.178571428571429,0,0.0108864696734059,0,0.998432601880878,0.145285935085008,1,0.982919254658385,0.00150829562594268,0,0.304545454545455,0.956923076923077,0.439509954058193,0.105263157894737,0.736754966887417,0,0.298761609907121,0.800599700149925,0.00310077519379845,0.899543378995434,0.0937019969278034,0.00611620795107034,0.0323076923076923,0.0321592649310873,0,0.0172143974960876,0.00154320987654321,0,0,0.0297339593114241,0,0.691489361702128,0.0170015455950541,0,0,0.397476340694006,0,0.732171156893819,0.00158227848101266,0.903030303030303,0.00161812297734628,0,0.0201550387596899,0.998439937597504,0.993740219092332,0.990825688073395,0.0768025078369906,0.663551401869159,0.0062402496099844,0,0.0168711656441718,0.288854003139717,0,0.998463901689708,0.784126984126984,0,0.248447204968944,0.772585669781931,0.925515055467512,0.031866464339909,0.874617737003058,0.0030441400304414,0.0062111801242236,0,0.469387755102041,0.0699844479004666,0.534920634920635,0.0126182965299685,0,0.0063391442155309,0.977272727272727,0,0.799058084772371,0.377742946708464,0.493630573248408,0,0,0.0217729393468118,0.249617151607963,0.847512038523275,0.00155763239875389,0.992050874403816,0.0801232665639445,0.5856,0.0199386503067485,0.870813397129187,0.0156494522691706,0,0.171032357473035,0.0062015503875969,0.9984,0.00156494522691706,0.998430141287284,0,0.264797507788162,0.127465857359636,0.0214723926380368,0.984732824427481,0,0.00151745068285281,0.558869701726845,0,0.00155038759689922,0.0015527950310559,0.713414634146341,0.0245775729646697,0.996884735202492,0.0553064275037369,0.998500749625187,0.105345911949686,0.642526964560863,0,0.0216049382716049,0,0.153963414634146,0.0015552099533437,0.884735202492212,0.0198473282442748,0.0585516178736518,0.00900900900900901,0.0326086956521739,0.915625,0.623475609756098,0.0754414125200642,0.0620031796502385,0.940092165898618,0.993817619783617,0.0188087774294671,0.126738794435858,0,0,0.7109375,0,0,0.742424242424242,0.109177215189873,0.244239631336406,0.0135135135135135,0.587955625990491,0.585889570552147,0.723004694835681,0.0826833073322933,0.0394944707740916,0.123076923076923,0,0.123867069486405,0.837060702875399,0.059190031152648,0.998435054773083,0.935975609756098,0.49047619047619,0.0218068535825545,0.0199386503067485,0.175738724727838,0.00307692307692308,0.113707165109034,0,0.93343653250774,0.347957639939486,0.0064,0,0.00909090909090909,0.0226928895612708,0.465331278890601,0.448012232415902,0.0123456790123457,0.00159235668789809,0.642857142857143,0,0.0984848484848485,0.4859375,0.0333863275039746,0.998456790123457,0.0445468509984639,0.00317460317460317,0.00152671755725191,0.0507692307692308,0.466257668711656,0.996879875195008,0.0354391371340524,0.466360856269113,0.994020926756353,0.996932515337423,0.817034700315457,0.998456790123457,0.856240126382307,0.33987915407855,0.998461538461539,0.995398773006135,0.990867579908676,0.44,0.9696,0.0207336523125997,0,0.998442367601246,0,0.780373831775701,0.0015748031496063,0.0200927357032458,0.0961240310077519,0,0.127186009538951,0.147692307692308,0.319314641744548,0.405320813771518,0.563271604938272,0.568720379146919,0,0.00155038759689922,0.913978494623656,0.308544303797468,0.04375,0.990740740740741,0.268104776579353,0.996865203761755,0.885625965996909,0.00151057401812689,0.00162337662337662,0.0965732087227414,0,0.371165644171779,0.0993690851735016,0,0.998459167950693,0.0945945945945946,0.0201550387596899,0,1,0.996899224806202,0.0187793427230047,0.1184,0.998412698412698,0,0.626582278481013,0.0125391849529781,0.209969788519637,0.607692307692308,0.346092503987241,0.0386398763523957,0.993788819875776,0.00152439024390244,0.0015552099533437,0.995290423861852,0.0337423312883436,0.00155038759689922,0.0282131661442006,0.00460122699386503,0.832558139534884,0.701219512195122,0.731669266770671,0.0251968503937008,0.0602218700475436,0.0015527950310559,0.74922600619195,0.0262345679012346,0.861068702290076,0.71689497716895,0.00623052959501558,0.00465116279069767,0.0340030911901082,0.310289389067524,0.00307219662058372,0.778309409888357,0.0353302611367127,0.0031201248049922,0,0.681887366818874,0.450479233226837,0.986068111455108,0.00152905198776758,0.990909090909091,0.0907692307692308,0.975535168195719,1,0,0.790297339593114,0.0078740157480315,0.939252336448598,0.017741935483871,0.0340557275541796,0.0158227848101266,0.735433070866142,0.726837060702875,0.341085271317829,0.540229885057471,0,0.18944099378882,0.983206106870229,0.964939024390244,0.812121212121212,0.00158730158730159,0.996937212863706,0,0.684210526315789,0.992236024844721,0.979495268138801,0.54140127388535,0,0.726978998384491,0.0016,0.0293663060278207,0,0.0103857566765579,0.998475609756098,0.00300751879699248,0.177469135802469,0.0016025641025641,0.990683229813665,0.0260736196319018,1,0.126717557251908,0.293185419968304,0.0599078341013825,0.0168195718654434,0.00153846153846154,0.725552050473186,0.0407523510971787,0.00153846153846154,0.998480243161094,0.9765625,0.0015625,0.00155038759689922,0.675883256528418,0.126365054602184,0.0403877221324717,0.0519877675840979,0.00152439024390244,0,0.894245723172628,0.00154798761609907,0.998427672955975,0,0.0358814352574103,0,0.960753532182104,0.00152439024390244,0.0346456692913386,0,0.389240506329114,0.588697017268446,0.01875,0.996784565916399,0.137820512820513,0.00319488817891374,0.64797507788162,0.413312693498452,0.21216848673947,0,0.851393188854489,0.025518341307815,0.00313971742543171,0.555384615384615,0,0.0275974025974026,0.9671875,0,0.0154320987654321,0.00786163522012579,0.04858934169279,0.323076923076923,0.993670886075949,0.127527216174184,0.760061919504644,0.817133443163097,0,0.393364928909953,0.4,0.398148148148148,0,0.720447284345048,0.0914728682170543,0.380952380952381,0.480061349693252,0.928251121076233,0,0,0,0.0289634146341463,0,0.0791925465838509,0,0,0,0.003125,0,0.00160513643659711,0.241860465116279,0.501519756838906,0,0,0,0.00934579439252336,0.0406626506024096,0.280487804878049,0.998482549317147,0,0.105022831050228,0.416666666666667,0.0015527950310559,0.477519379844961,0.657770800627943,0,0.0229007633587786,1,0.045958795562599,0.909233176838811,0,0.990977443609023,0.887323943661972,0.519872813990461,0.028169014084507,0,0.0505359877488515,0.0230769230769231,0.00152671755725191,0,0.938556067588326,0.0646203554119548,0.995161290322581,0,0.00150602409638554,0.992223950233281,0.00154320987654321,0.713841368584759,0.202472952086553,0.993710691823899,0.8448,0.0419254658385093,0,0.998468606431853,0.0291411042944785,0.996810207336523,0.356576862123613,0.618897637795276,0,0.889230769230769,0.269413629160063,0.764705882352941,0.0248062015503876,0.998447204968944,0.855590062111801,0.568627450980392,0.0590015128593041,0.117021276595745,0.0405616224648986,0.268867924528302,0,0.0198170731707317,0.998470948012232,0.0373250388802488,0.625796178343949,0.998470948012232,0,0.00156985871271586,0.00158982511923688,0.374803149606299,0.0203125,0.887122416534181,0.830188679245283,0.0553846153846154,0.111620795107034,0,0,0.0109204368174727,0.062992125984252,0.984227129337539,0.0156739811912226,0.00928792569659443,0.656346749226006,0.0743670886075949,0.2828125,0.101226993865031,0,0.0325581395348837,0.678740157480315,0.00154320987654321,0,0,0.370486656200942,0.0313479623824451,0.998447204968944,0.320695102685624,0.621913580246914,0.211624441132638,0.318252730109204,0.0484848484848485,0.918586789554531,0.0156739811912226,0.00153846153846154,0.0230769230769231,0.714738510301109,0.883280757097792,0.00930232558139535,0,0,0.214618973561431,0.554517133956386,0.751937984496124,0.238095238095238,0.0015748031496063,0.126760563380282,0,0.109062980030722,0.998407643312102,0,0.178963893249608,0.998417721518987,1,0.735524256651017,0,0.0123647604327666,0.0874233128834356,0.00153609831029186,0.00612557427258806,0.909657320872274,0.998432601880878,0,0,0.847376788553259,0.928348909657321,0.844094488188976,0,0.998452012383901,0.00153139356814701,0.422187981510015,0.722222222222222,0,0.423728813559322,0.0333863275039746,0.349013657056146,0.375,0,0,0.633228840125392,0.521875,0.0723076923076923,0.0122137404580153,0.618238021638331,0,0.0493827160493827,0.0458015267175573,0,0.0323574730354391,0.984447900466563,0.0162866449511401,0.592879256965944,0,0,0.5,0.167974882260597,0.998442367601246,0.875,0,0,0.250741839762611,0.979655712050078,0.00162866449511401,0.682852807283763,0.0060790273556231,0.998477929984779,0.629349470499244,0.677265500794913,0.1328,0.922098569157393,0.995348837209302,0,0.9609375,0,0.00757575757575758,0.812698412698413,0.0195195195195195,0.995238095238095,0.00157232704402516,0,0.499245852187029,0.557299843014129,0.00155763239875389,0,0.00304878048780488,0,0.609177215189873,0.0121212121212121,0,0.346687211093991,0.0186335403726708,0.272868217054264,0.0558139534883721,0.967692307692308,0,0.0015527950310559,0.738924050632911,0,0.329211746522411,0.998493975903614,0.984472049689441,0.00157232704402516,0.00154320987654321,0.0119940029985007,0.0266457680250784,0.0171073094867807,0,0.0266457680250784,0,0.660030627871363,0.724191063174114,0.00768049155145929,0.00925925925925926,0.00930232558139535,0.00769230769230769,0.0306748466257669,0.990712074303406,0.0162337662337662,0.043343653250774,0.298325722983257,0.0258751902587519,0,0.0308641975308642,0,0,0.0209895052473763,0,0.938366718027735,0.0015600624024961,0.05,0.7248,0.792063492063492,0.875766871165644,0.0815047021943574,0.00154798761609907,0.908242612752722,0.00151745068285281,0.00154320987654321,0.372274143302181,0.612612612612613,0.799405646359584,0.827272727272727,0.3671875,0.998466257668712,0.880368098159509,0.475308641975309,0.757763975155279,0.313364055299539,0.989113530326594,0,0.998407643312102,0.681388012618297,0.0016025641025641,0.360123647604328,0.793674698795181,0.403426791277259,0.117737003058104,0.0136363636363636,0.0368,0.0234741784037559,0.00158982511923688,0.00320512820512821,0.448598130841121,0.58359133126935,0.00306278713629403,0.994011976047904,0.992447129909366,0.124416796267496,0,0.00150375939849624,0.031055900621118,0,0.904761904761905,0,0.0544323483670296,0,0.0291858678955453,0.0015527950310559,0.992435703479576,0.165109034267913,0,0.351524879614767,0.385208012326656,0.107142857142857,0,0,0.0750798722044728,0.0567164179104478,0.0154798761609907,0,0,0.998397435897436,0.781297134238311,0.523291925465838,0,0.560185185185185,0,0.0709779179810726,0.00158227848101266,0.801574803149606,0.770516717325228,0,0.666666666666667,0.413522012578616,0.142194744976816,0.0390977443609023,0.223088923556942,1,0.0158478605388273,0.0889235569422777,0.00160513643659711,0,0.0181818181818182,0,0,0.985826771653543,0.622820919175911,0,0,0.172782874617737,0.0774091627172196,0.0546282245827011,0.295281582952816,0.97125567322239,0.993610223642173,0.175465838509317,0.172672672672673,0,0.986024844720497,0.0358255451713396,0,0.017515923566879,0.0487062404870624,0.939346811819596,0,0.995419847328244,0.00153846153846154,0.519623233908948,0.93125,0.896496815286624,0.889393939393939,0.325914149443561,0.907575757575758,0.00157728706624606,0,0.244548286604361,0.0196969696969697,0,0,1,0,0.998447204968944,0.00154559505409583,0.29746835443038,0.998412698412698,0.998435054773083,0.477379095163807,0.0405616224648986,0.589147286821705,0,1,0.0401284109149278,0.00612557427258806,0,0.814285714285714,0.998484848484849,1,0.989180834621329,1,0,0,0.984472049689441,0.00471698113207547,0.00161290322580645,0.0274809160305344,0.00460829493087558,0,0.995327102803738,0.0108191653786708,1,0.996840442338073,0,0.992150706436421,0.039039039039039,1,0.905132192846034,0.998487140695915,1
"294",0.00317965023847377,0.00154559505409583,0.0259146341463415,0.0564263322884013,0.0142857142857143,0.00159235668789809,0.0970724191063174,0.0220125786163522,0.00152905198776758,0,0,0,0.433846153846154,0,0.952380952380952,0.993874425727412,0,0.00155763239875389,0.00474683544303797,0.0186625194401244,0.846625766871166,0.965079365079365,0.0107033639143731,0,0.0441400304414003,0.750390015600624,0.896923076923077,0.00949367088607595,0.532137518684604,0.30781010719755,1,0.30298273155416,0.227987421383648,0.715396578538103,0,0,0.00611620795107034,0.00459418070444104,0.745127436281859,0.0909090909090909,0,0,0,0.0015748031496063,0.222222222222222,0.978090766823161,0.489096573208723,0.998425196850394,0.538461538461538,0.871987951807229,0,0.0062402496099844,0.736111111111111,0.00156494522691706,0.104430379746835,0.834905660377358,0,0.0296875,0.0368663594470046,0.0913312693498452,0.696319018404908,0.56468797564688,0.998430141287284,0,0.0972886762360447,0.177641653905054,0,0.0124804992199688,0,0.998420221169036,0.147465437788018,0.992223950233281,0.978395061728395,0.00153609831029186,0,0.28030303030303,0.952599388379205,0.418320610687023,0.101910828025478,0.736065573770492,0,0.290030211480363,0.793051359516616,0.00307692307692308,0.890937019969278,0.0837138508371385,0.00460829493087558,0.0198776758409786,0.0278207109737249,0,0.0125588697017268,0,0,0,0.0221518987341772,0,0.697996918335901,0.0200927357032458,0,0,0.374233128834356,0,0.725429017160686,0.0015625,0.896341463414634,0.00156494522691706,0,0.0140405616224649,0.998415213946117,0.990740740740741,0.99236641221374,0.0815047021943574,0.658461538461538,0.00930232558139535,0,0.0122887864823349,0.290519877675841,0,1,0.772151898734177,0,0.2265625,0.76,0.926751592356688,0.0262751159196291,0.850077279752705,0.00303030303030303,0.003125,0,0.447692307692308,0.0632716049382716,0.513556618819777,0.0093167701863354,0,0.00626959247648903,0.975903614457831,0,0.797822706065319,0.37111801242236,0.46984126984127,0,0,0.0199692780337942,0.227202472952087,0.828885400313972,0,0.996918335901387,0.0758725341426404,0.573926868044515,0.0182648401826484,0.86984126984127,0.0170807453416149,0.00157728706624606,0.162538699690402,0.00463678516228748,1,0.00154798761609907,0.998447204968944,0,0.260252365930599,0.132930513595166,0.0184899845916795,0.980421686746988,0,0.0015220700152207,0.5552,0.00158730158730159,0,0.00152671755725191,0.710644677661169,0.0186625194401244,0.998442367601246,0.0482654600301659,0.998500749625187,0.1015625,0.628659476117103,0,0.0139103554868624,0,0.153013910355487,0.00155038759689922,0.876190476190476,0.0200308166409861,0.0501519756838906,0.00590841949778434,0.0240963855421687,0.897990726429675,0.623298033282905,0.0789889415481833,0.0491283676703645,0.946401225114854,0.993911719939117,0.0237717908082409,0.118098159509202,0,0,0.702060221870048,0,0.00151975683890578,0.741641337386018,0.116352201257862,0.242792109256449,0.0107361963190184,0.564945226917058,0.569465648854962,0.719242902208202,0.0862068965517241,0.0361635220125786,0.121804511278195,0,0.109756097560976,0.830128205128205,0.0515625,0.998454404945904,0.930513595166163,0.449230769230769,0.0230769230769231,0.0211480362537764,0.170046801872075,0.00305343511450382,0.0998439937597504,0,0.928682170542636,0.332302936630603,0.00317460317460317,0,0.0107033639143731,0.01620029455081,0.440625,0.444272445820433,0.0110236220472441,0.00159235668789809,0.625786163522013,0,0.105421686746988,0.478939157566303,0.0254372019077901,0.998473282442748,0.0365296803652968,0.00313971742543171,0.00154083204930663,0.043343653250774,0.458841463414634,0.996845425867508,0.0279937791601866,0.462365591397849,0.995508982035928,0.998489425981873,0.797191887675507,0.998442367601246,0.850556438791733,0.321646341463415,0.998470948012232,0.995363214837713,0.989247311827957,0.405238828967643,0.964458804523425,0.0125984251968504,0,0.998452012383901,0,0.777429467084639,0.00157728706624606,0.0217054263565891,0.101088646967341,0,0.128980891719745,0.143730886850153,0.306501547987616,0.399375975039002,0.541411042944785,0.555555555555556,0,0.00159235668789809,0.907294832826748,0.303514376996805,0.0298273155416013,0.989280245022971,0.255813953488372,0.996946564885496,0.87888198757764,0.00151285930408472,0.00158982511923688,0.0942492012779553,0,0.356814701378254,0.103286384976526,0,0.998480243161094,0.0895295902883156,0.0156739811912226,0,0.996899224806202,1,0.0220820189274448,0.117554858934169,0.998392282958199,0,0.606153846153846,0.0094488188976378,0.203076923076923,0.596006144393241,0.335423197492163,0.0424242424242424,0.990697674418605,0.00151285930408472,0.00154083204930663,0.992248062015504,0.0277349768875193,0.00156985871271586,0.0267716535433071,0.00307692307692308,0.809597523219814,0.695252679938744,0.728943338437979,0.0203125,0.0576923076923077,0.00154083204930663,0.739336492890995,0.019047619047619,0.850077279752705,0.69578313253012,0.0046656298600311,0.00154798761609907,0.0295031055900621,0.307936507936508,0.0030441400304414,0.756211180124224,0.0308641975308642,0.003125,0,0.681887366818874,0.442218798151002,0.98468606431853,0.00154083204930663,0.992295839753467,0.0885496183206107,0.972602739726027,0.998475609756098,0,0.7703125,0.00792393026941363,0.930124223602484,0.011400651465798,0.0280811232449298,0.0126182965299685,0.715408805031447,0.712439418416801,0.313479623824451,0.535714285714286,0,0.173106646058733,0.986322188449848,0.95852534562212,0.816232771822358,0,0.996955859969559,0,0.683076923076923,0.989214175654854,0.981102362204724,0.531055900621118,0.00156985871271586,0.72107765451664,0,0.0325077399380805,0,0.00888888888888889,0.998487140695915,0.00301204819277108,0.164869029275809,0.00158730158730159,0.987786259541985,0.0227617602427921,0.998463901689708,0.115085536547434,0.27892234548336,0.0461538461538462,0.013595166163142,0.0015527950310559,0.718461538461538,0.0348101265822785,0,0.998491704374057,0.973805855161787,0.00156739811912226,0,0.672333848531685,0.116030534351145,0.032051282051282,0.0411585365853659,0.00154083204930663,0,0.882725832012678,0.00154083204930663,0.998442367601246,0,0.032258064516129,0,0.955177743431221,0.00151515151515152,0.0235478806907378,0,0.362363919129082,0.584251968503937,0.017515923566879,0.99685534591195,0.121495327102804,0.00314465408805031,0.625,0.399691358024691,0.203732503888025,0,0.848062015503876,0.0206022187004754,0.00155038759689922,0.543887147335423,0.00151975683890578,0.0295081967213115,0.973724884080371,0,0.0169491525423729,0.00625978090766823,0.0432766615146832,0.301972685887709,0.993769470404984,0.127527216174184,0.774294670846395,0.816993464052288,0,0.376744186046512,0.391236306729264,0.3953125,0,0.7056,0.0897832817337461,0.353211009174312,0.486153846153846,0.917541229385307,0,0,0.00148588410104012,0.0259938837920489,0,0.0752351097178683,0,0,0,0.0015625,0,0.00159489633173844,0.231007751937985,0.47175572519084,0.00151745068285281,0,0,0.00617283950617284,0.0343796711509716,0.280674846625767,0.998468606431853,0,0.103715170278638,0.407294832826748,0.00154083204930663,0.460587326120556,0.644859813084112,0,0.0184899845916795,0.998410174880763,0.043956043956044,0.901898734177215,0,0.990950226244344,0.886115444617785,0.509090909090909,0.0245775729646697,0,0.0466165413533835,0.0242792109256449,0,0,0.92259083728278,0.0603588907014682,0.993485342019544,0.00152439024390244,0.00150602409638554,0.989214175654854,0.00152439024390244,0.712074303405573,0.197226502311248,0.992260061919505,0.844197138314785,0.0328125,0,0.998430141287284,0.029320987654321,0.992076069730586,0.331768388106416,0.594043887147335,0,0.882262996941896,0.2608,0.746894409937888,0.0261538461538462,0.998444790046656,0.858006042296072,0.551612903225806,0.0514372163388805,0.111111111111111,0.0338983050847458,0.248037676609105,0,0.0166414523449319,0.998487140695915,0.0315457413249211,0.601895734597156,0.998491704374057,0.00154320987654321,0.0015625,0.00154798761609907,0.378625954198473,0.0123647604327666,0.87402799377916,0.822605965463108,0.0552995391705069,0.105263157894737,0,0,0.00941915227629513,0.0624,0.985849056603774,0.0156739811912226,0.00923076923076923,0.638198757763975,0.0666666666666667,0.264331210191083,0.1,0,0.0315457413249211,0.651419558359621,0.00154320987654321,0.00157232704402516,0,0.366352201257862,0.021978021978022,1,0.308661417322835,0.622291021671827,0.196078431372549,0.318611987381703,0.0447093889716841,0.916666666666667,0.0141509433962264,0.00152671755725191,0.0122511485451761,0.690737833594976,0.881538461538461,0.00777604976671851,0.00154083204930663,0,0.220700152207002,0.535603715170279,0.741194486983155,0.227692307692308,0,0.123244929797192,0.00153609831029186,0.104387291981846,1,0,0.173643410852713,0.995348837209302,1,0.717325227963526,0,0.0107692307692308,0.0834597875569044,0.0031104199066874,0.00460122699386503,0.907550077041603,0.998444790046656,0,0,0.835403726708075,0.927469135802469,0.84037558685446,0,0.998468606431853,0,0.42572741194487,0.704581358609795,0.00156985871271586,0.400304414003044,0.0203442879499218,0.345256609642302,0.363499245852187,0,0.00149925037481259,0.602803738317757,0.497645211930926,0.0727272727272727,0.00921658986175115,0.61609907120743,0,0.0491551459293395,0.0448916408668731,0,0.030441400304414,0.986068111455108,0.015748031496063,0.577399380804954,0,0,0.499194847020934,0.156832298136646,0.998432601880878,0.869426751592357,0,0,0.260606060606061,0.978260869565217,0.00162866449511401,0.674922600619195,0.00895522388059702,0.998470948012232,0.63482280431433,0.681318681318681,0.132075471698113,0.902597402597403,0.995461422087746,0,0.962732919254658,0,0.0075642965204236,0.802527646129542,0.0135135135135135,0.995275590551181,0,0,0.483920367534456,0.54320987654321,0,0,0.00302571860816944,0,0.593059936908517,0.0138888888888889,0,0.337367624810893,0.0202492211838006,0.262243285939968,0.0422535211267606,0.959761549925484,0,0.00153846153846154,0.731974921630094,0,0.313846153846154,1,0.981900452488688,0.00158227848101266,0.00157232704402516,0.00763358778625954,0.0247295208655332,0.015527950310559,0,0.0203442879499218,0,0.641421947449768,0.716279069767442,0.00613496932515337,0.00771604938271605,0.00611620795107034,0.00914634146341463,0.0354391371340524,0.9858934169279,0.0158227848101266,0.038109756097561,0.27231467473525,0.0215384615384615,0.00153609831029186,0.0246153846153846,0,0,0.0165912518853695,0,0.933846153846154,0.00156494522691706,0.0438184663536776,0.713607594936709,0.808917197452229,0.883792048929664,0.0751173708920188,0.00154083204930663,0.895638629283489,0,0,0.365625,0.590909090909091,0.784977908689249,0.816109422492401,0.354134165366615,0.998475609756098,0.872307692307692,0.458461538461538,0.738131699846861,0.292424242424242,0.989079563182527,0,0.998447204968944,0.671339563862928,0.00159235668789809,0.348623853211009,0.775112443778111,0.365591397849462,0.119266055045872,0.0136986301369863,0.0382775119617225,0.0221518987341772,0,0.00158478605388273,0.446511627906977,0.582568807339449,0.00156494522691706,0.993930197268589,0.990950226244344,0.12792511700468,0,0.00152671755725191,0.0306278713629403,0,0.890850722311397,0,0.0438184663536776,0,0.0243161094224924,0.00155763239875389,0.990895295902883,0.157566302652106,0.00150829562594268,0.350710900473934,0.37173579109063,0.104524180967239,0,0,0.0641025641025641,0.0561299852289513,0.0123076923076923,0,0,0.998412698412698,0.764615384615385,0.512422360248447,0,0.552147239263804,0,0.0805687203791469,0,0.810047095761381,0.767267267267267,0,0.649921507064364,0.400621118012422,0.131375579598145,0.0316742081447964,0.219325153374233,0.998456790123457,0.0125984251968504,0.0852713178294574,0,0,0.0181268882175227,0,0.00156739811912226,0.979623824451411,0.622820919175911,0,0,0.167701863354037,0.0682539682539682,0.0561456752655539,0.278614457831325,0.977272727272727,0.996870109546166,0.169491525423729,0.164901664145234,0,0.981279251170047,0.0263565891472868,0,0.0156739811912226,0.0398162327718224,0.93343653250774,0,0.995426829268293,0,0.525984251968504,0.924528301886792,0.899513776337115,0.88719512195122,0.304140127388535,0.906870229007634,0,0,0.248833592534992,0.0168970814132104,0,0,0.998500749625187,0,0.9984375,0.00154798761609907,0.2768,0.998430141287284,0.998442367601246,0.45583596214511,0.0388198757763975,0.56989247311828,0,0.996815286624204,0.0507131537242472,0.00923076923076923,0,0.808709175738725,0.992469879518072,0.998439937597504,0.981873111782477,0.998477929984779,0,0,0.983024691358025,0.0061633281972265,0.0032,0.0262751159196291,0.00615384615384615,0,0.990811638591118,0.0140405616224649,0.998397435897436,0.995334370139969,0,0.992236024844721,0.0481203007518797,0.998456790123457,0.918711656441718,0.99702823179792,0.996904024767802
"295",0.987138263665595,0.979623824451411,0.968602825745683,0.943181818181818,0.982286634460548,0.982055464926591,0.903381642512077,0.975922953451043,0.979813664596273,0,0.977707006369427,0,0.577669902912621,0.97708674304419,0.0556438791732909,0.0270700636942675,0,0.0128824476650564,0.983948635634029,0.965244865718799,0.177235772357724,0.0444078947368421,0.968847352024922,0,0.937898089171974,0.265040650406504,0.1312,0.972039473684211,0.4770206022187,0.716981132075472,0.0174603174603175,0.707592891760905,0.783171521035599,0.294685990338164,0,0.985365853658537,0.015625,0.978021978021978,0.292307692307692,0.903174603174603,0,0.0141732283464567,0.00317460317460317,0.982200647249191,0.787479406919275,0.0420032310177706,0.521669341894061,0.019047619047619,0.481012658227848,0.150234741784038,0,0.975688816855754,0.295886075949367,0.980952380952381,0.894651539708266,0.190553745928339,0,0.953947368421053,0.955555555555556,0.920886075949367,0.306962025316456,0.45253164556962,0.0193861066235864,0,0.89344262295082,0.831210191082803,0,0.972357723577236,0,0.0162866449511401,0.846275752773376,0.0177705977382876,0.0388349514563107,0.981072555205047,0,0.730829420970266,0.0664556962025316,0.5776,0.908045977011494,0.299159663865546,0,0.717908082408875,0.228706624605678,0.982539682539682,0.121753246753247,0.910518053375196,0.972886762360447,0.963081861958267,0.959564541213064,0.0109204368174727,0.970779220779221,0.97741935483871,0,0,0.96260162601626,0,0.306089743589744,0.976190476190476,0.00631911532385466,0.00648298217179903,0.632090761750405,0,0.314935064935065,0.983766233766234,0.126168224299065,0.980230642504119,0.00813008130081301,0.972624798711755,0.0222929936305732,0.0285714285714286,0.029874213836478,0.908794788273616,0.369774919614148,0.97626582278481,0,0.982511923688394,0.722741433021807,0,0.020440251572327,0.262658227848101,0,0.784,0.268867924528302,0.108552631578947,0.968102073365231,0.156494522691706,0.979462875197472,0.979365079365079,0,0.565495207667732,0.92604501607717,0.506535947712418,0.97411003236246,0,0.978512396694215,0.0412044374009509,0,0.23202614379085,0.637239165329053,0.53518821603928,0,0,0.983974358974359,0.768115942028985,0.17483660130719,0.977812995245642,0.0272435897435897,0.919047619047619,0.450819672131148,0.98125,0.151260504201681,0.975845410628019,0.982055464926591,0.834394904458599,0.980982567353407,0.0149253731343284,0.977346278317152,0.0221870047543582,0,0.753646677471637,0.8828125,0.968253968253968,0.0375586854460094,0,0.984326018808777,0.477198697068404,0.981848184818482,0.980861244019139,0.982511923688394,0.296411856474259,0.984025559105431,0.0174880763116057,0.959438377535101,0.0186046511627907,0.918433931484502,0.383280757097792,0,0.972176759410802,0,0.8528,0.982315112540193,0.138486312399356,0.993589743589744,0.938775510204082,0.976887519260401,0.966613672496025,0.126365054602184,0.407643312101911,0.924092409240924,0.932475884244373,0.0612244897959184,0.028391167192429,0.983948635634029,0.866251944012442,0,0,0.318770226537217,0,0.979655712050078,0.29093799682035,0.888707037643208,0.757575757575758,0.985915492957746,0.451612903225806,0.461661341853035,0.315447154471545,0.926282051282051,0.954983922829582,0.892913385826772,0,0.86762360446571,0.199004975124378,0.943639291465378,0.0162866449511401,0.0821705426356589,0.548644338118022,0.967637540453074,0.990595611285266,0.848966613672496,0.979365079365079,0.896166134185304,0,0.0845295055821372,0.666139240506329,0.97933227344992,0,0.973643410852713,0.982731554160126,0.561320754716981,0.584251968503937,0.975806451612903,0.978040540540541,0.367213114754098,0,0.898119122257053,0.5344,0.973553719008264,0.021978021978022,0.957943925233645,0.980456026058632,0.979527559055118,0.945686900958466,0.543887147335423,0.0230263157894737,0.974317817014446,0.54675118858954,0.0251177394034537,0.0203761755485893,0.226904376012966,0.0238095238095238,0.177814029363785,0.689167974882261,0.0212071778140294,0.0207667731629393,0.0317460317460317,0.60377358490566,0.0557377049180328,0.969155844155844,0.00986842105263158,0.0159235668789809,0,0.233870967741935,0.978688524590164,0.966129032258065,0.897271268057785,0,0.885245901639344,0.845911949685535,0.708133971291866,0.628664495114006,0.46984126984127,0.47258064516129,0.00952380952380952,0.980392156862745,0.1152,0.715927750410509,0.966183574879227,0.0334928229665072,0.768253968253968,0.0261437908496732,0.138933764135703,0.979719188767551,0.978297161936561,0.9,0,0.665610142630745,0.88961038961039,0,0.0188679245283019,0.897832817337461,0.979133226324238,0,0.0187793427230047,0.0220820189274448,1,0.901960784313726,0.0213464696223317,0,0.394822006472492,0.991974317817014,0.795031055900621,0.42604501607717,0.673107890499195,0.968454258675079,0.0285714285714286,0.979655712050078,0.980922098569157,0.0253565768621236,0.960629921259842,0.977564102564103,0.963515754560531,0.979299363057325,0.209756097560976,0.320373250388802,0.2992,0.973640856672158,0.940691927512356,0.0522151898734177,0.292006525285481,0.971014492753623,0.165605095541401,0.332298136645963,0.982594936708861,0.975961538461538,0.972972972972973,0.696869851729819,0.975039001560062,0.254486133768352,0.965408805031447,0.977011494252874,0,0.338509316770186,0.56682769726248,0.0397456279809221,0.0543130990415335,0.0252764612954186,0.911111111111111,0.0349761526232114,0.0144230769230769,0,0.252818035426731,0.977198697068404,0.074313408723748,0.985049833887043,0.9664,0.98546042003231,0.311183144246353,0.303225806451613,0.685667752442997,0.500826446280992,0,0.82258064516129,0.0294573643410853,0.0635658914728682,0.231496062992126,0.980519480519481,0.0206022187004754,0,0.338582677165354,0.0284810126582278,0.0457413249211356,0.487179487179487,0.982229402261712,0.314754098360656,0.978476821192053,0.944178628389155,0,0.986175115207373,0.0140845070422535,0.979527559055118,0.827751196172249,0.978512396694215,0.0287081339712919,0.964006259780908,0.0210016155088853,0.882911392405063,0.727422003284072,0.930379746835443,0.980922098569157,0.97588424437299,0.311793214862682,0.949511400651466,0.976489028213166,0.0191082802547771,0.0448,0.980707395498392,0.979397781299525,0.368167202572347,0.874003189792663,0.955445544554455,0.95440251572327,0.979813664596273,0,0.135537190082645,0.977707006369427,0.0193236714975845,0,0.970873786407767,0.00811688311688312,0.0635179153094463,0.979750778816199,0.969502407704655,0.00319488817891374,0.6304,0.432520325203252,0.993620414673046,0.0195121951219512,0.867741935483871,0.986754966887417,0.392857142857143,0.618441971383148,0.79304897314376,0,0.186795491143317,0.974068071312804,0.980830670926518,0.452648475120385,0.979397781299525,0.958053691275168,0.0382165605095541,0.00156494522691706,0.996884735202492,0.979066022544283,0.938808373590982,0.696920583468395,0.0270700636942675,0.8864,0.245222929936306,0.1875,0.00324675324675325,0.640776699029126,0.608130081300813,0.618357487922705,0,0.319604612850082,0.925632911392405,0.654088050314465,0.544303797468354,0.107197549770291,0,0,0.982945736434109,0.960183767228178,0,0.921725239616613,0.00809061488673139,0,0,0.980613893376414,0,0.98019801980198,0.790064102564103,0.546728971962617,0.977917981072555,0,0,0.976114649681529,0.956923076923077,0.731132075471698,0.0186625194401244,0.00164744645799012,0.896,0.609375,0.985483870967742,0.5504,0.382875605815832,0,0.963949843260188,0.0164203612479475,0.954911433172303,0.106280193236715,0,0.0276497695852535,0.129392971246006,0.489112227805695,0.95748031496063,0,0.942947702060222,0.9696,0.978260869565217,0,0.104669887278583,0.921926910299003,0.0217391304347826,0.981012658227848,0.988871224165342,0.0239234449760766,0.980922098569157,0.317965023847377,0.829307568438003,0.0321543408360129,0.183870967741935,0.95859872611465,0.00796178343949045,0.0238853503184713,0.965678627145086,0.0260586319218241,0.679674796747967,0.405144694533762,0,0.128775834658188,0.744749596122779,0.280507131537242,1,0.0207006369426752,0.166139240506329,0.471571906354515,0.951334379905808,0.906396255850234,0.94551282051282,0.757774140752864,0,0.968553459119497,0.0172143974960876,0.956521739130435,0.414355628058728,0.0171339563862928,0.982456140350877,0.979166666666667,0.982258064516129,0.648,0.985714285714286,0.152597402597403,0.206119162640902,0.940157480314961,0.884310618066561,0,0,0.97875816993464,0.929883138564274,0.0321543408360129,0.97444089456869,0.991922455573506,0.38351822503962,0.934640522875817,0.737357259380098,0.89873417721519,0,0.9616,0.336038961038961,0.985781990521327,0.985736925515055,0,0.655448717948718,0.97557003257329,0.0223285486443381,0.713128038897893,0.414673046251994,0.802773497688752,0.70096463022508,0.9453125,0.0973724884080371,0.972624798711755,0.98256735340729,0.984051036682616,0.303921568627451,0.112877583465819,0.998366013071895,0.977917981072555,0.00628930817610063,0.786163522012579,0.450858034321373,0.293929712460064,0.768370607028754,0.976415094339623,0.879227053140097,0.980891719745223,0.13166144200627,0.0197368421052632,0,0.847649918962723,0.0226537216828479,0.0192616372391653,0.313408723747981,0,0.98705501618123,0.922712933753943,0.982428115015974,0.985668789808917,0.104,0.0223285486443381,0,0,0.193181818181818,0.102564102564103,0.174050632911392,0,0.0203125,0.980952380952381,0.015552099533437,0.311216429699842,0.979032258064516,0.596184419713832,0.958860759493671,0.6796875,0.648522550544324,0,0.978494623655914,0.415730337078652,0.505672609400324,0.937402190923318,0.979623824451411,0.406299212598425,0.0110759493670886,0.946859903381642,0.953968253968254,0,0.9671875,0.0332805071315372,0.979899497487437,0.457142857142857,0,0.00786163522012579,0.53476821192053,0.840909090909091,0.015748031496063,0.155339805825243,0.00792393026941363,0,0.7601246105919,0.0405186385737439,0.983361064891847,0.358490566037736,0.979623824451411,0.0202808112324493,0.38390092879257,0.327361563517915,0.888524590163934,0.0975206611570248,0.0255591054313099,0.00157977883096367,0.0565428109854604,0,0.9765625,0.0583333333333333,0.978361669242658,0.0243506493506494,0.981907894736842,0,0.523291925465838,0.476874003189793,0.980861244019139,0,0.981132075471698,0,0.42620232172471,0.974960876369327,0,0.668231611893584,0.972085385878489,0.7504,0.962722852512156,0.0596546310832025,0,0.984,0.296052631578947,0,0.7046875,0.02,0.0362776025236593,0.978792822185971,0.983870967741935,0.978021978021978,0.969453376205788,0.969354838709677,0,0.960254372019078,0.0205696202531646,0.349056603773585,0.321656050955414,0.988782051282051,0.974193548387097,0.978125,0.971428571428571,0.0544871794871795,0.0323101777059774,0.993366500829187,0.955696202531646,0.7296875,0.964968152866242,0.977952755905512,0.976038338658147,0,0,0.964992389649924,0,0.0806962025316456,0,0.948635634028893,0.31404958677686,0.2106135986733,0.129952456418384,0.92368839427663,0,0.135179153094463,0.979233226837061,0.980861244019139,0.660287081339713,0.441538461538462,0.218461538461538,0.205882352941176,0.65139116202946,0.0172413793103448,0.125588697017268,0.560509554140127,0.287539936102236,0.722132471728595,0.0288461538461538,0,0.0190779014308426,0.330112721417069,0.98202614379085,0.630990415335463,0.249612403100775,0.63768115942029,0.889408099688474,0.973143759873618,0.958813838550247,0.973813420621931,0.981907894736842,0.980519480519481,0.577106518282989,0.461904761904762,0.97933227344992,0.0245398773006135,0.0252365930599369,0.885714285714286,0.00791139240506329,0.982649842271293,0.9578125,0,0.115894039735099,0,0.950636942675159,0,0.966929133858268,0.982286634460548,0.0219435736677116,0.860162601626016,0.976923076923077,0.665056360708535,0.6384,0.881877022653722,0,0,0.943238731218698,0.936267071320182,0.990639625585023,0,0,0.0179738562091503,0.253943217665615,0.523349436392915,0,0.476190476190476,0,0.926470588235294,0.977742448330684,0.176948051948052,0.251170046801872,0,0.371980676328502,0.612540192926045,0.860353130016051,0.9640625,0.780952380952381,0.0142405063291139,0.986820428336079,0.0159744408945687,0.97875816993464,0,0.978021978021978,0.00637958532695375,0.980327868852459,0.037037037037037,0.0195121951219512,0,0,0.842948717948718,0.925864909390445,0.93563579277865,0.705607476635514,0.044822256568779,0.0288,0.819620253164557,0.84031007751938,0,0.0304487179487179,0.953225806451613,0,0.965630114566285,0.964451313755796,0.090032154340836,0.0399361022364217,0.0159235668789809,0.981132075471698,0.510569105691057,0.0909090909090909,0.116086235489221,0.1344,0.698541329011345,0.107981220657277,0.984076433121019,0,0.759016393442623,0.973312401883831,0.00160513643659711,0,0.0227272727272727,0,0.0207667731629393,0.981220657276995,0.731666666666667,0.0193548387096774,0.0195439739413681,0.560260586319218,0.9568,0.446570972886762,0.0504731861198738,0.0202360876897133,0.0532445923460899,0.016,0,0.0468497576736672,0.0233644859813084,0.0179153094462541,0.0330188679245283,0.0170807453416149,0.0492610837438424,0.0584518167456556,0.0352,0.0161550888529887,0.00488599348534202,0.021978021978022,0.0207006369426752,0.0592,0.0275526742301459,0.0159489633173844,0.0163934426229508,0.0210696920583468,0.0436187399030695,0.0193236714975845,0.0214395099540582,0.0224,0.0537974683544304,0.0202492211838006,0.022508038585209
"296",0.893312101910828,0.876190476190476,0.899686520376176,0.923701298701299,0.888349514563107,0.887987012987013,0.856451612903226,0.911811023622047,0.88646967340591,0,0.8848,0,0.753225806451613,0.889070146818923,0.1669341894061,0.137223974763407,0,0.0127186009538951,0.888888888888889,0.88529886914378,0.27591706539075,0.153973509933775,0.869496855345912,0,0.854864433811802,0.375404530744337,0.218500797448166,0.868078175895766,0.563291139240506,0.694753577106518,0.122641509433962,0.812199036918138,0.85024154589372,0.363057324840764,0,0.877777777777778,0.0187793427230047,0.876190476190476,0.384259259259259,0.843949044585987,0,0.0110935023771791,0.00315457413249211,0.883116883116883,0.798013245033113,0.141479099678457,0.597110754414125,0.113821138211382,0.537617554858934,0.230889235569423,0,0.880452342487884,0.381028938906752,0.884493670886076,0.842443729903537,0.270935960591133,0,0.866449511400652,0.880690737833595,1,0.375196232339089,0.513470681458003,0.124394184168013,0,0.860162601626016,0.806299212598425,0,0.873217115689382,0,0.11437908496732,0.808917197452229,0.123809523809524,0.139240506329114,0.886255924170616,0,0.786936236391913,0.154446177847114,0.641390205371248,0.902120717781403,0.391959798994975,0,0.817610062893082,0.325617283950617,0.871674491392801,0.218446601941748,0.86697965571205,0.879746835443038,0.895498392282958,0.874801901743265,0.00625,0.881493506493506,0.875796178343949,0,0,0.873977086743044,0,0.404153354632588,0.8848,0.00314465408805031,0.00483870967741936,0.674157303370786,0,0.401929260450161,0.875605815831987,0.224111282843895,0.872727272727273,0.00797448165869218,0.889952153110048,0.118506493506494,0.121212121212121,0.123809523809524,0.860095389507154,0.44391785150079,0.871382636655949,0,0.903174603174603,0.815457413249211,0,0.116883116883117,0.335987261146497,0,0.855784469096672,0.368503937007874,0.18494271685761,0.875590551181102,0.245222929936306,0.891167192429022,0.877616747181965,0,0.619651347068146,0.89047619047619,0.557536466774716,0.866556836902801,0,0.869281045751634,0.141509433962264,0,0.326332794830372,0.677938808373591,0.599673202614379,0,0,0.903691813804173,0.793929712460064,0.271844660194175,0.887987012987013,0.123003194888179,0.87797147385103,0.532362459546926,0.882911392405063,0.248355263157895,0.873617693522907,0.882736156351791,0.79140127388535,0.880573248407643,0.110929853181077,0.869983948635634,0.12540192926045,0,0.781553398058252,0.883096366508689,0.882352941176471,0.135860979462875,0,0.879499217527387,0.571194762684124,0.882644628099174,0.879310344827586,0.877358490566038,0.363494539781591,0.89792663476874,0.12280701754386,0.873634945397816,0.125386996904025,0.896825396825397,0.476190476190476,0,0.875399361022364,0,0.813694267515924,0.890127388535032,0.244299674267101,0.890145395799677,0.866141732283465,0.873831775700935,0.880503144654088,0.200315457413249,0.500780031201248,0.863711001642036,0.881967213114754,0.169059011164274,0.118670886075949,0.903069466882068,0.841091492776886,0,0,0.4185667752443,0,0.884375,0.368421052631579,0.845410628019324,0.760188087774295,0.875,0.532051282051282,0.496050552922591,0.396411092985318,0.839936608557845,0.874403815580286,0.922345483359746,0,0.812400635930048,0.29344262295082,0.894230769230769,0.115755627009646,0.191522762951334,0.606741573033708,0.869085173501577,0.882716049382716,0.897314375987362,0.880763116057234,0.859649122807018,0,0.187800963081862,0.719568567026194,0.880064829821718,0,0.880690737833595,0.893249607535322,0.623622047244095,0.623188405797101,0.871794871794872,0.884176182707993,0.453507340946166,0,0.863849765258216,0.644230769230769,0.898692810457516,0.120063191153239,0.888544891640867,0.884430176565008,0.871224165341812,0.872990353697749,0.569157392686804,0.126829268292683,0.89983844911147,0.61259842519685,0.117829457364341,0.122887864823349,0.289644012944984,0.106109324758842,0.258899676375405,0.702954898911353,0.111464968152866,0.118483412322275,0.124605678233438,0.64937106918239,0.163398692810458,0.878489326765189,0.00641025641025641,0.11496062992126,0,0.328525641025641,0.879478827361563,0.870813397129187,0.857371794871795,0,0.895081967213115,0.811819595645412,0.799352750809062,0.720379146919431,0.611556982343499,0.505672609400324,0.00631911532385466,0.872964169381108,0.216848673946958,0.807248764415156,0.901929260450161,0.1408,0.7472,0.1136,0.222397476340694,0.881804043545879,0.880398671096346,0.852032520325203,0,0.682464454976303,0.846526655896607,0,0.122065727699531,0.852895148669797,0.892682926829268,0,0.1184,0.117554858934169,0.901960784313726,1,0.11404958677686,0,0.479099678456592,0.888168557536467,0.830455259026688,0.504012841091493,0.697560975609756,0.875981161695447,0.119808306709265,0.882075471698113,0.86634460547504,0.122977346278317,0.894904458598726,0.886255924170616,0.871335504885994,0.884310618066561,0.29047619047619,0.400316455696203,0.404423380726698,0.888529886914378,0.869782971619366,0.0382775119617225,0.364227642276423,0.899676375404531,0.278219395866455,0.385692068429238,0.888888888888889,0.881028938906752,0.904153354632588,0.743882544861338,0.875389408099688,0.341935483870968,0.892355694227769,0.872990353697749,0,0.430141287284144,0.610474631751228,0.12597200622084,0.0423861852433281,0.129829984544049,0.84,0.150470219435737,0.1152,0,0.32807570977918,0.87741935483871,0.17693522906793,0.895867768595041,0.903174603174603,0.892282958199357,0.404220779220779,0.398360655737705,0.718110236220472,0.565943238731219,0,0.821371610845295,0.134375,0.147335423197492,0.322222222222222,0.873194221508828,0.1232,0,0.441971383147854,0.123003194888179,0.139573070607553,0.590690208667737,0.87741935483871,0.382736156351792,0.873737373737374,0.85553772070626,0,0.880844645550528,0.112852664576803,0.880989180834621,0.8304,0.881188118811881,0.134185303514377,0.874804381846635,0.113884555382215,0.825320512820513,0.793548387096774,0.866242038216561,0.888,0.872472783825817,0.396578538102644,0.8752,0.87888198757764,0.122257053291536,0.135265700483092,0.882926829268293,0.879421221864952,0.436102236421725,0.819182389937107,0.86863711001642,0.908661417322835,0.874411302982732,0,0.216171617161716,0.885895404120444,0.119617224880383,0,0.895595432300163,0.00484652665589661,0.158238172920065,0.883830455259027,0.890522875816993,0,0.670967741935484,0.525806451612903,0.894736842105263,0.10983606557377,0.804597701149425,0.878333333333333,0.47479674796748,0.650641025641026,0.874183006535948,0,0.276898734177215,0.90311986863711,0.882067851373183,0.544728434504792,0.886792452830189,0.869269949066214,0.145135566188198,0.00158982511923688,0.887658227848101,0.882636655948553,0.872168284789644,0.716981132075472,0.124600638977636,0.883116883116883,0.337025316455696,0.279932546374368,0.00313479623824451,0.677884615384615,0.640322580645161,0.704472843450479,0,0.390522875816993,0.891547049441786,0.696875,0.631578947368421,0.196594427244582,0,0,0.884080370942813,0.864139020537125,0,0.86053882725832,0.0065252854812398,0,0,0.879032258064516,0,0.892384105960265,0.762738853503185,0.598736176935229,0.880804953560371,0,0,0.89171974522293,0.885271317829457,0.792393026941363,0.121259842519685,0.00166389351081531,0.840873634945398,0.6496,0.878640776699029,0.624012638230648,0.460420032310178,0,0.876996805111821,0.119476268412439,0.905537459283388,0.192063492063492,0,0.135176651305684,0.22168284789644,0.519134775374376,0.8625,0,0.895962732919255,0.877551020408163,0.892628205128205,0,0.187096774193548,0.847176079734219,0.121710526315789,0.882629107981221,0.883830455259027,0.1264,0.878787878787879,0.41259842519685,0.792663476874003,0.12924071082391,0.273021001615509,0.890302066772655,0.0064,0.117741935483871,0.889240506329114,0.134551495016611,0.736585365853659,0.5,0,0.221518987341772,0.834146341463415,0.377179080824089,0.882165605095541,0.112179487179487,0.258970358814353,0.501677852348993,0.891472868217054,1,0.891025641025641,0.784090909090909,0,0.867078825347759,0.117829457364341,0.847266881028939,0.491883116883117,0.124031007751938,0.874003189792663,0.896607431340872,0.879614767255217,0.677938808373591,0.900161030595813,0.246031746031746,0.29903536977492,0.870192307692308,0.844690966719493,0,0,0.892857142857143,0.868204283360791,0.123152709359606,0.885807504078303,0.900958466453674,0.478260869565217,0.882544861337684,0.738287560581583,0.853582554517134,0,0.876996805111821,0.44122383252818,0.887278582930757,0.884615384615385,0,0.695299837925446,0.893617021276596,0.118780096308186,0.752427184466019,0.480830670926518,0.777777777777778,0.787682333873582,0.871715610510046,0.206201550387597,0.874592833876222,0.884858044164038,0.900316455696203,0.386401326699834,0.20820189274448,0.892109500805153,0.876369327073552,0.00314465408805031,0.793322734499205,0.504746835443038,0.377777777777778,0.87244094488189,0.887480190174326,0.810509554140127,0.87719298245614,0.146645865834633,0.123102866779089,0,0.89297124600639,0.115015974440895,0.115755627009646,0.388178913738019,0,0.884310618066561,0.899686520376176,0.872168284789644,0.872037914691943,0.214626391096979,0.122383252818035,0,0,0.276527331189711,0.189542483660131,0.255627009646302,0,0.122222222222222,0.869701726844584,0.0663507109004739,0.400958466453674,0.878048780487805,0.66403785488959,0.863563402889246,0.7484375,0.706624605678233,0,0.883435582822086,0.489533011272142,0.576923076923077,0.891509433962264,0.901430842607313,0.492138364779874,0.00320512820512821,0.892405063291139,0.898911353032659,0,0.866562009419152,0.134493670886076,0.876046901172529,0.490625,0,0.00321543408360129,0.595993322203673,0.922705314009662,0.120443740095087,0.252032520325203,0.00635930047694754,0,0.754303599374022,0.132045088566828,0.877721943048576,0.438095238095238,0.883720930232558,0.118110236220472,0.445151033386327,0.426494345718901,0.88961038961039,0.188216039279869,0.121019108280255,0,0.153225806451613,0,0.884615384615385,0.124794745484401,0.903426791277259,0.118506493506494,0.882736156351791,0,0.696875,0.555379746835443,0.882352941176471,0,0.884259259259259,0,0.51628664495114,0.885625965996909,0,0.68621236133122,0.876006441223833,0.748387096774194,0.897727272727273,0.152886115444618,0,0.873040752351097,0.361702127659574,0,0.804107424960506,0.114551083591331,0.133437990580848,0.883031301482702,0.884057971014493,0.883830455259027,0.868589743589744,0.870458135860979,0,0.884057971014493,0.0157728706624606,0.457463884430177,0.403846153846154,0.885400313971743,0.884310618066561,0.880952380952381,0.875389408099688,0.0604133545310016,0.12621359223301,0.885191347753744,0.886435331230284,0.742902208201893,0.86762360446571,0.885532591414944,0.897959183673469,0,0,0.874418604651163,0,0.19309262166405,0,0.880573248407643,0.368078175895765,0.31973898858075,0.238095238095238,0.861111111111111,0.00159744408945687,0.215070643642072,0.886792452830189,0.883096366508689,0.696,0.516279069767442,0.321156773211568,0.293023255813953,0.675850891410049,0.124018838304553,0.23482428115016,0.625806451612903,0.351351351351351,0.738924050632911,0.120826709062003,0,0.1184,0.425081433224756,0.876221498371335,0.658227848101266,0.350078492935636,0.678627145085803,0.900630914826498,0.876947040498442,0.915841584158416,0.882825040128411,0.891056910569106,0.886699507389163,0.636655948553055,0.540752351097179,0.881219903691814,0.118827160493827,0.117739403453689,0.9072,0.0078740157480315,0.876971608832808,0.849206349206349,0,0.205592105263158,0,0.902086677367576,0,0.8816,0.876582278481013,0.123417721518987,0.813397129186603,0.8828125,0.706168831168831,0.668769716088328,0.841166936790924,0,0,0.873146622734761,0.882978723404255,0.888178913738019,0,0,0.119086460032626,0.327102803738318,0.539808917197452,0,0.577777777777778,0,0.855737704918033,0.880837359098229,0.261363636363636,0.352755905511811,0,0.448613376835237,0.651898734177215,0.815457413249211,0.889937106918239,0.797169811320755,0.12280701754386,0.911475409836066,0.0259319286871961,0.882450331125828,0,0.888036809815951,0.00319488817891374,0.876422764227642,0.128205128205128,0.0947030497592295,0,0,0.921383647798742,0.859271523178808,0.87244094488189,0.697204968944099,0.126934984520124,0.119162640901771,0.8096,0.785602503912363,0,0.131410256410256,0.871794871794872,0,0.864734299516908,0.890995260663507,0.179365079365079,0.0332278481012658,0.1104,0.878315132605304,0.574712643678161,0.191011235955056,0.224590163934426,0.233438485804416,0.768472906403941,0.190174326465927,0.882911392405063,0,0.780448717948718,0.873239436619718,0.00321027287319422,0,0.117829457364341,0,0.123003194888179,0.873040752351097,0.728314238952537,0.132013201320132,0.1201248049922,0.624796084828711,0.885113268608414,0.525078369905956,0.041335453100159,0.114942528735632,0.0492610837438424,0.0192616372391653,0,0.119935170178282,0.124615384615385,0.121753246753247,0.137007874015748,0.106518282988871,0.0369181380417336,0.0457413249211356,0.126760563380282,0.0191387559808612,0.00487012987012987,0.0349761526232114,0.0270700636942675,0.0452418096723869,0.128980891719745,0.0237341772151899,0.119086460032626,0.131921824104235,0.0370967741935484,0.123595505617978,0.037037037037037,0.126782884310618,0.1488,0.121351766513057,0.124394184168013
"297",0.00325732899022801,0,0.0347551342812006,0.0596774193548387,0.0163132137030995,0,0.0932896890343699,0.024232633279483,0,0,0,0,0.448717948717949,0,0.954248366013072,0.990430622009569,0,0.00157977883096367,0.00327868852459016,0.0174880763116057,0.846275752773376,0.966832504145937,0.00958466453674121,0,0.0436187399030695,0.756137479541735,0.896103896103896,0.0114942528735632,0.531446540880503,0.313694267515924,1,0.308917197452229,0.240196078431373,0.710569105691057,0,0,0.00158227848101266,0.0048,0.746875,0.0974842767295598,0,0,0,0,0.223509933774834,0.978723404255319,0.487096774193548,1,0.527733755942948,0.853354134165367,0,0.0063391442155309,0.723472668810289,0,0.101941747572816,0.846905537459283,0,0.0227642276422764,0.0416,0.0874403815580286,0.7085346215781,0.570532915360502,1,0,0.0952380952380952,0.177884615384615,0,0.0111287758346582,0,1,0.146645865834633,0.991974317817014,0.983974358974359,0,0,0.299363057324841,0.957547169811321,0.437001594896332,0.103448275862069,0.74061433447099,0,0.304897314375987,0.788709677419355,0.0015748031496063,0.880452342487884,0.104430379746835,0.00478468899521531,0.0302547770700637,0.0318979266347687,0,0.0115702479338843,0,0,0,0.028006589785832,0,0.692551505546751,0.0177705977382876,0,0,0.375806451612903,0,0.717532467532468,0,0.904238618524333,0,0,0.0210696920583468,1,0.995268138801262,0.991974317817014,0.0800653594771242,0.682182985553772,0.00802568218298555,0,0.0143540669856459,0.302066772655008,0,1,0.775409836065574,0,0.238325281803543,0.768987341772152,0.921440261865794,0.0269413629160063,0.851437699680511,0.00158982511923688,0.00323624595469256,0,0.452032520325203,0.067741935483871,0.528830313014827,0.0114566284779051,0,0.0066006600660066,0.982594936708861,0,0.79344262295082,0.380726698262243,0.475409836065574,0,0,0.022508038585209,0.248387096774194,0.833607907742998,0,0.99347471451876,0.0781499202551834,0.589285714285714,0.0222929936305732,0.86326194398682,0.0144,0,0.1669341894061,0.00479233226837061,1,0,1,0,0.255284552845528,0.123222748815166,0.0174880763116057,0.984423676012461,0,0,0.547540983606557,0,0,0,0.709576138147567,0.0239234449760766,0.99836867862969,0.05320813771518,1,0.098546042003231,0.635930047694754,0,0.0176848874598071,0,0.159869494290375,0,0.875202593192869,0.0127591706539075,0.055205047318612,0.0109546165884194,0.0251177394034537,0.908064516129032,0.630744849445325,0.0802675585284281,0.0558292282430213,0.943639291465378,0.995176848874598,0.0195439739413681,0.122977346278317,0,0,0.707592891760905,0,0,0.760450160771704,0.109120521172638,0.260596546310832,0.0109034267912773,0.567961165048544,0.559429477020602,0.718494271685761,0.0831973898858075,0.0353130016051364,0.130503144654088,0,0.124401913875598,0.832781456953642,0.0617886178861789,1,0.931962025316456,0.466988727858293,0.0241157556270096,0.0223285486443381,0.173139158576052,0.00159744408945687,0.104430379746835,0,0.92515923566879,0.344186046511628,0.00493421052631579,0,0.00952380952380952,0.0203125,0.442834138486312,0.453396524486572,0.00809061488673139,0,0.614634146341463,0,0.0953125,0.485759493670886,0.0316139767054908,1,0.0470219435736677,0.00162074554294976,0,0.0452342487883683,0.472491909385113,0.998357963875205,0.0318979266347687,0.472178060413355,0.996884735202492,0.998439937597504,0.8192,1,0.85502471169687,0.3296875,1,0.995169082125604,0.99203821656051,0.415241057542768,0.962356792144026,0.0159489633173844,0,1,0,0.781758957654723,0,0.0211382113821138,0.0980707395498392,0,0.121510673234811,0.128164556962025,0.308681672025723,0.401612903225806,0.561797752808989,0.545008183306056,0,0,0.907051282051282,0.304777594728171,0.0446570972886762,0.990338164251208,0.258842443729904,0.998373983739837,0.89297124600639,0,0,0.0978792822185971,0,0.366987179487179,0.098546042003231,0,1,0.0877742946708464,0.0212765957446809,0,0.998412698412698,0.998392282958199,0.0213464696223317,0.11404958677686,1,0,0.60327868852459,0.0128617363344051,0.203149606299213,0.62379421221865,0.345104333868379,0.042654028436019,0.993589743589744,0,0,0.991830065359477,0.0363349131121643,0,0.025,0.00158982511923688,0.824281150159744,0.695238095238095,0.7264,0.0195758564437194,0.0613598673300166,0.00158982511923688,0.745980707395498,0.025974025974026,0.849358974358974,0.708978328173375,0.00320512820512821,0.00323101777059774,0.0303030303030303,0.308072487644152,0.00313479623824451,0.766169154228856,0.0385852090032154,0.00161550888529887,0,0.676100628930818,0.443163097199341,0.987117552334944,0.00156494522691706,0.99211356466877,0.0935483870967742,0.977635782747604,1,0,0.77741935483871,0.00797448165869218,0.924193548387097,0.0168918918918919,0.0338164251207729,0.0112,0.712887438825449,0.722408026755853,0.32626427406199,0.546979865771812,0,0.178743961352657,0.988924050632911,0.965189873417722,0.804761904761905,0,0.9984,0,0.675324675324675,0.9875,0.977346278317152,0.535714285714286,0,0.739344262295082,0,0.0261011419249592,0,0.00757575757575758,1,0.00158478605388273,0.171521035598705,0,0.986991869918699,0.0192307692307692,1,0.118589743589744,0.289689034369885,0.0497592295345104,0.0128617363344051,0,0.717252396166134,0.04,0,1,0.972312703583062,0,0,0.696141479099678,0.117363344051447,0.0358890701468189,0.05,0,0,0.885057471264368,0,0.998384491114701,0,0.0374592833876222,0,0.960848287112561,0,0.0339805825242718,0,0.367479674796748,0.594896331738437,0.0180921052631579,1,0.136655948553055,0.00325732899022801,0.627009646302251,0.389337641357027,0.221138211382114,0,0.845659163987138,0.024,0.00162866449511401,0.560897435897436,0,0.0255102040816327,0.968,0,0.0126382306477093,0.00476190476190476,0.0469255663430421,0.319620253164557,0.991869918699187,0.127009646302251,0.773162939297125,0.804123711340206,0,0.4,0.398042414355628,0.38961038961039,0,0.720661157024793,0.0882825040128411,0.373205741626794,0.481946624803768,0.924148606811146,0,0,0,0.023696682464455,0,0.080952380952381,0,0,0,0.00162074554294976,0,0,0.219903691813804,0.476340694006309,0,0,0,0.00634920634920635,0.0375,0.295238095238095,1,0,0.104761904761905,0.393939393939394,0,0.47887323943662,0.665064102564103,0,0.0203442879499218,1,0.0493421052631579,0.92258064516129,0,0.990639625585023,0.876019575856444,0.514285714285714,0.0271132376395534,0,0.0502354788069074,0.0236220472440945,0,0,0.932565789473684,0.0663265306122449,0.995065789473684,0,0,0.99203821656051,0,0.715434083601286,0.195826645264847,0.99184339314845,0.840531561461794,0.0416,0,1,0.032258064516129,0.996688741721854,0.355987055016181,0.61038961038961,0,0.898894154818325,0.262214983713355,0.758508914100486,0.0258899676375405,1,0.846275752773376,0.552587646076795,0.0579937304075235,0.112676056338028,0.0405844155844156,0.257425742574257,0,0.0188976377952756,1,0.029126213592233,0.613333333333333,1,0,0,0,0.381260096930533,0.0158982511923688,0.876221498371335,0.823909531502423,0.0545746388443018,0.104234527687296,0,0,0.00977198697068404,0.065,0.985413290113452,0.0161550888529887,0.00645161290322581,0.637096774193548,0.0662358642972536,0.263665594855305,0.0962732919254658,0,0.0273752012882448,0.64926590538336,0,0.00161812297734628,0,0.360258481421648,0.0276422764227642,1,0.330112721417069,0.623987034035656,0.207055214723926,0.312399355877617,0.0464396284829721,0.911811023622047,0.0130932896890344,0,0.0191082802547771,0.701320132013201,0.875806451612903,0.00801282051282051,0,0,0.220125786163522,0.565640194489465,0.755233494363929,0.24203821656051,0,0.117174959871589,0,0.1104,1,0,0.183441558441558,0.996742671009772,1,0.740384615384615,0,0.0128205128205128,0.0888888888888889,0.00158478605388273,0.00637958532695375,0.909238249594814,1,0,0,0.842105263157895,0.926350245499182,0.848039215686274,0,1,0,0.43613707165109,0.709836065573771,0,0.401273885350318,0.0290322580645161,0.350877192982456,0.369565217391304,0,0,0.616,0.502431118314425,0.0764430577223089,0.0110935023771791,0.608557844690967,0,0.0567260940032415,0.0535433070866142,0,0.036741214057508,0.988853503184713,0.0166666666666667,0.570977917981073,0,0,0.487603305785124,0.163166397415186,1,0.884868421052632,0,0,0.263076923076923,0.970826580226904,0,0.696485623003195,0.00789889415481832,1,0.619273301737757,0.686885245901639,0.125412541254125,0.897520661157025,0.996875,0,0.960720130932897,0,0.00625978090766823,0.804597701149425,0.0201863354037267,0.995161290322581,0,0,0.499212598425197,0.546341463414634,0,0,0.00158730158730159,0,0.609555189456343,0.0111287758346582,0,0.332263242375602,0.0210696920583468,0.267100977198697,0.0532258064516129,0.961965134706815,0,0,0.741518578352181,0,0.312698412698413,1,0.98256735340729,0,0,0.00943396226415094,0.0292207792207792,0.0211382113821138,0,0.0212418300653595,0,0.643192488262911,0.7264,0.00644122383252818,0.00963081861958266,0.00477707006369427,0.0064,0.0238853503184713,0.987096774193548,0.016750418760469,0.0391236306729265,0.286173633440514,0.024232633279483,0,0.0256410256410256,0,0,0.0170278637770898,0,0.937799043062201,0.00161550888529887,0.0448,0.729200652528548,0.796084828711256,0.879120879120879,0.0785597381342062,0.00160513643659711,0.897106109324759,0,0,0.36608557844691,0.5890625,0.786604361370717,0.833860759493671,0.359934853420195,1,0.8752,0.451298701298701,0.755267423014587,0.302034428794992,0.988835725677831,0,1,0.661157024793388,0,0.349206349206349,0.777777777777778,0.395534290271132,0.117554858934169,0.0110062893081761,0.0419463087248322,0.0212765957446809,0,0,0.456168831168831,0.600315955766193,0,0.993700787401575,0.99211356466877,0.128455284552846,0,0,0.0271565495207668,0,0.87953795379538,0,0.0513643659711075,0,0.0288,0,0.993569131832797,0.168012924071082,0,0.341543513957307,0.375,0.104746317512275,0,0,0.0745762711864407,0.0551301684532925,0.0127186009538951,0,0,1,0.769953051643192,0.491987179487179,0,0.549679487179487,0,0.0848287112561175,0,0.803921568627451,0.76303317535545,0,0.669950738916256,0.424,0.141065830721003,0.0398089171974522,0.222044728434505,1,0.0133333333333333,0.0910569105691057,0,0,0.021875,0,0,0.98389694041868,0.621970920840065,0,0,0.177884615384615,0.0701468189233279,0.0582677165354331,0.290220820189274,0.970172684458399,0.99349593495935,0.182258064516129,0.178963893249608,0,0.987138263665595,0.0348101265822785,0,0.0132669983416252,0.0445151033386327,0.940514469453376,0,0.996774193548387,0,0.544117647058823,0.926948051948052,0.9,0.898089171974522,0.325,0.893481717011129,0,0,0.249190938511327,0.0192616372391653,0,0,1,0,1,0,0.28006589785832,1,1,0.461912479740681,0.0407166123778502,0.567353407290016,0,0.998347107438017,0.0472312703583062,0.00479233226837061,0,0.809983896940419,0.99375,0.99837925445705,0.984326018808777,1,0,0,0.983948635634029,0.00484652665589661,0.00165562913907285,0.0256,0.00316957210776545,0,0.992012779552716,0.00635930047694754,1,0.996747967479675,0,0.993589743589744,0.0423861852433281,1,0.915993537964459,0.998447204968944,0.998392282958199
"298",0,0,0,0,0,0,0.0111642743221691,0,0,1,0,1,0,0,0,0,1,0.985530546623794,0,0,0,0,0,1,0,0,0,0.00162866449511401,0,0,0,0,0,0,1,0,0.977987421383648,0,0,0,0.998402555910543,0.985849056603774,0.993798449612403,0,0,0,0,0,0,0,1,0,0,0,0.0112179487179487,0,1,0,0.00158227848101266,0,0,0,0,1,0,0,1,0,1,0,0,0,0,0,1,0.00153846153846154,0,0,0,0,1,0,0,0,0,0,0,0,0.0047244094488189,0.990610328638498,0,0,1,1,0,1,0.0190174326465927,0,0.993630573248408,0.992101105845182,0.00941915227629513,1,0,0,0,0,0.991935483870968,0.00158227848101266,0,0,0,0.012779552715655,0,0,1,0,0,1,0,0,1,0,0,0,0,0,0,0,1,0.00786163522012579,0,0,0,1,0,0,1,0,0,0.00803858520900321,1,1,0,0,0,0,0,0,0,0,0,0,0,0,0,0,0,0,1,0,0.00304878048780488,0,0,1,0,0,0,0,0,0,0,0,0,0,0.00317460317460317,0,1,0,1,0,0,0,0,0,0,0,0,0,0,0,0,0,0,0.0159235668789809,1,1,0,0.998417721518987,0,0,0.011400651465798,0,0,0,0,0,0,0,0,1,0,0,0,0,0,0.00480769230769231,0,0,0,0,0,1,0,0,0,1,0,0,0.0064,0,0,0,0.017515923566879,1,0.0139968895800933,0,0,0,0,0,0,0,0,0,0,0,0,0,0,0,0,0,0,0,0,0,0,0,0.987179487179487,0,1,0.00321543408360129,0,0,0,1,0.00162337662337662,0.00314465408805031,0,0,0,0,0.988924050632911,0,0,0,0,0,0,0,0,0,0,0.0130505709624796,1,0,0.0125984251968504,1,0,0.0108527131782946,0,1,0,0,0,0,0,1,0.0173501577287066,0,0,0,0,0,0,0,0,0,0,0,0,0,0,0,0,0.00161812297734628,0,0.943661971830986,0,0,0,0,0,0,0,0,0,0,0,0,1,0,0.00807754442649435,0,0.94811320754717,0,0,0,0,1,0,0,0,0,0,0,0,0,0,0,1,0,0,0,0,0,0,1,0,0,0,0.00161812297734628,0,0,0,0,1,0,0,0,0,0,0,0,0,0,0,0,0,0.00315457413249211,0,0,0,0,0,0,0,0,0,0,0,0,1,0,0,0,1,0,0.991830065359477,0,0,0,0.996789727126806,0.00952380952380952,0,0,0,0,0,0,0,0,1,0,0,0,0,0,0,0,0.998430141287284,0,0,0,0,0,0.00321027287319422,0,0.0149006622516556,0.993690851735016,0,0,0,1,0,0,0,0,0,1,1,0,0,1,0,0.990243902439024,1,1,0,1,0,0,0.00766871165644172,0,1,1,0,0,0,0,0.99837925445705,0.0173228346456693,0,0,0,0,1,0,0,0,0,1,0,0,0,0.0015552099533437,1,0,0,0,1,0,0,0,0,0,0,0,0,0,0,0,0,0.990430622009569,0,0,0,0,0.0142630744849445,1,0,0.00162074554294976,0,0,0,0,0,0,0,0,0,1,0,0,0,0.00495867768595041,0,0,0,0,0,0,0,0,0,0.0126182965299685,1,1,0,0,0,0,0,0,0,0,0.0139318885448916,1,0,0.0143540669856459,0,0,1,0,0,0,0,0,0,0,0,0,0,0,0,0.0147540983606557,0.0236220472440945,0,0,0.995238095238095,0,0,0,0,0,0,0,0.77511961722488,0,1,0,0,0,0,1,0,0,0,0,0,0,1,1,0,0,0,1,0,0,0.575,0,0,0.00941915227629513,0,0,0,1,0,0,0,0.00311526479750779,0,0,0.990566037735849,0,0,1,0.00155038759689922,0,0,0,1,0.993690851735016,0,0,0,0,0.990506329113924,0.998376623376623,0,0,0,0,0,0,0,0,0.00324149108589951,0,0,0.996865203761755,0,1,0,0.154098360655738,0,0,0,1,0,0,0,1,0,1,0,0,1,0.0138461538461538,0,0,0,0,1,0,0,1,0,0,0,0,0,0,0.00479233226837061,0.00160513643659711,1,0,0.975039001560062,0.0170807453416149,0,0,0,0,0,0.916666666666667,0,0,0,0,0,0,0,1,1,0,1,0,0.998415213946117,0,0,0,0,0,0.998410174880763,0,0,0,0,0,0,0,0,0,0,0,0,0,0,1,0,0.0162866449511401,0,0.0238095238095238,0,0,0.003125,0,0.0016366612111293,0,0,0,0,0,0,0,0,0.00158227848101266,0.990491283676704,0,0,1,0,1,0,1,0,0,0,0,0,0,0,0.016,1,1,0,0,0,1,1,0,0,0,1,0,1,0,0,0.032258064516129,0,1,0,0,0,0,0,0,0,0.913112164296998,0,1,0,0.995222929936306,0,0,0.378812199036918,1,1,0.00157232704402516,0,0.00788643533123028,0,0,0,0,0,1,0,0,1,0,0,0,0.956937799043062,0,0,0,0,0,0,0,0,0,1,0,0,0.996789727126806,1,0,1,0,0,0,0,0,0.00641025641025641,0.00317965023847377,0,0.954616588419405,0,0.91042345276873,0.9765625,1,0.165329052969502,0,0,0.0046656298600311,0,0.952998379254457,0.945397815912636,0,0.976303317535545,0.99185667752443,0.954041204437401,0.97196261682243,0.943396226415094,0,0.971786833855799,0,0,0.957860615883306,0,0.934579439252336,0,0.0522151898734177,0,0
"299",0.387820512820513,0.3963133640553,0.3963133640553,0.419047619047619,0.379032258064516,0.389067524115756,0.481540930979133,0.40625,0.362928348909657,0.0172143974960876,0.366306027820711,0.0157232704402516,0.596875,0.381180223285486,0.622464898595944,0.6296875,0.0185185185185185,0.0204724409448819,0.394184168012924,0.393026941362916,0.753943217665615,0.60129659643436,0.378086419753086,0.0170278637770898,0.423676012461059,0.619273301737757,0.661538461538462,0.383386581469649,0.673748103186646,0.587774294670846,0.609642301710731,0.599063962558502,0.539432176656151,0.610510046367852,0.0156739811912226,0.374203821656051,0.034375,0.361370716510903,0.7847533632287,0.444104134762634,0.0158227848101266,0.0186625194401244,0.021505376344086,0.374009508716323,0.541139240506329,0.619651347068146,0.58528951486698,0.596518987341772,0.652042360060514,0.659574468085106,0.0186625194401244,0.385466034755134,0.710280373831776,0.37888198757764,0.486614173228346,0.64274322169059,0.0176848874598071,0.400316455696203,0.390092879256966,0.467175572519084,0.610062893081761,0.674922600619195,0.61198738170347,0.0191082802547771,0.4768,0.523956723338485,0.0207006369426752,0.381395348837209,0.0170278637770898,0.595054095826893,0.446646341463415,0.591549295774648,0.62085308056872,0.37403400309119,0.0171073094867807,0.588325652841782,0.625776397515528,0.614533965244866,0.473015873015873,0.637417218543046,0.0158982511923688,0.579192546583851,0.644615384615385,0.378670788253478,0.661417322834646,0.456656346749226,0.37984496124031,0.400611620795107,0.391575663026521,0.0199081163859112,0.382677165354331,0.369734789391576,0.015600624024961,0.0141732283464567,0.403174603174603,0.015552099533437,0.956723338485317,0.384251968503937,0.013953488372093,0.0172143974960876,0.770186335403727,0.0203125,0.806603773584906,0.36984126984127,0.698142414860681,0.377179080824089,0.0205696202531646,0.391575663026521,0.605055292259084,0.605388272583201,0.614664586583463,0.465818759936407,0.633385335413417,0.380804953560372,0.0176282051282051,0.389147286821705,0.591614906832298,0.0140625,0.618827160493827,0.633173843700159,0.015220700152207,0.563091482649842,0.799684542586751,0.628389154704944,0.401898734177215,0.655332302936631,0.371165644171779,0.386748844375963,0.0188679245283019,0.836193447737909,0.441269841269841,0.5984,0.397129186602871,0.0171073094867807,0.381102362204724,0.598159509202454,0.0170807453416149,0.798425196850394,0.549520766773163,0.865384615384615,0.0142857142857143,0.0161550888529887,0.400928792569659,0.553846153846154,0.648,0.373831775700935,0.607535321821036,0.443057722308892,0.6032,0.373292867981791,0.745161290322581,0.37888198757764,0.378980891719745,0.486862442040185,0.376947040498442,0.582018927444795,0.382716049382716,0.594249201277955,0.00916030534351145,0.568,0.504615384615385,0.396255850234009,0.6,0.0167682926829268,0.370199692780338,0.63301282051282,0.375404530744337,0.381395348837209,0.375776397515528,0.597842835130971,0.393135725429017,0.61648177496038,0.40393343419062,0.60882800608828,0.463108320251177,0.623028391167192,0.01743264659271,0.380877742946708,0.0139318885448916,0.465408805031447,0.382945736434109,0.624803767660911,0.386046511627907,0.425499231950845,0.384848484848485,0.399385560675883,0.647887323943662,0.615740740740741,0.451510333863275,0.443037974683544,0.616588419405321,0.60625,0.396850393700787,0.511773940345369,0.0107033639143731,0.0191082802547771,0.846761453396525,0.0124804992199688,0.378625954198473,0.63594470046083,0.498402555910543,0.517774343122102,0.393846153846154,0.786729857819905,0.622047244094488,0.806299212598425,0.405320813771518,0.401263823064771,0.480559875583204,0.0158478605388273,0.4796875,0.777424483306836,0.414673046251994,0.609375,0.630434782608696,0.8328125,0.38740157480315,0.408472012102874,0.511041009463722,0.384615384615385,0.486697965571205,0.014218009478673,0.633802816901408,0.608359133126935,0.379905808477237,0.0186625194401244,0.379416282642089,0.387048192771084,0.822784810126582,0.548489666136725,0.397798742138365,0.3744,0.984472049689441,0.0192926045016077,0.468509984639017,0.61648177496038,0.40194489465154,0.610429447852761,0.401538461538462,0.367924528301887,0.371653543307087,0.406995230524642,0.582202111613876,0.629570747217806,0.39873417721519,0.589783281733746,0.609939759036145,0.611111111111111,0.592709984152139,0.591772151898734,0.740445859872611,0.649390243902439,0.586477987421384,0.609302325581395,0.6,0.757716049382716,0.613672496025437,0.399046104928458,0.0174050632911392,0.602848101265823,0.0188087774294671,0.83596214511041,0.394276629570747,0.372274143302181,0.435257410296412,0.015527950310559,0.492868462757528,0.494623655913978,0.588328075709779,0.592823712948518,0.627329192546584,0.590189873417722,0.0187207488299532,0.360629921259843,0.701726844583987,0.592409240924092,0.396875,0.618604651162791,0.591263650546022,0.623417721518987,0.62596599690881,0.38863287250384,0.374392220421394,0.47588424437299,0.0168970814132104,0.707055214723926,0.486024844720497,0.0204081632653061,0.615853658536585,0.466360856269113,0.386541471048513,0.0153139356814701,0.626582278481013,0.606153846153846,0.394822006472492,0.479099678456592,0.60327868852459,0.0173501577287066,1,0.38801261829653,0.582066869300912,0.620743034055728,0.651898734177215,0.397217928902628,0.601236476043277,0.370942812982998,0.375196232339089,0.607255520504732,0.41185647425897,0.367834394904459,0.414790996784566,0.380655226209048,0.65086887835703,0.716049382716049,0.809076682316119,0.397798742138365,0.431118314424635,0.0353302611367127,0.628164556962025,0.408805031446541,0.638629283489097,0.623688155922039,0.382352941176471,0.390894819466248,0.411490683229814,0.606687898089172,0.363358778625954,0.621405750798722,0.413953488372093,0.383870967741935,0.0157232704402516,0.703875968992248,0.889952153110048,0.622432859399684,0.0337941628264209,0.598784194528875,0.433903576982893,0.624213836477987,0.607476635514019,0.0138248847926267,0.647425897035881,0.392801251956182,0.656832298136646,0.388254486133768,0.414442700156986,0.38006230529595,0.828525641025641,0.831987075928918,0.569422776911076,0.580906148867314,0.0138674884437596,0.50855365474339,0.613846153846154,0.599688473520249,0.760736196319018,0.359872611464968,0.617088607594937,0.0155763239875389,0.730474732006126,0.614678899082569,0.629513343799058,0.61214953271028,0.374608150470219,0.630225080385852,0.385502471169687,0.393081761006289,0.0155038759689922,0.387481371087928,0.598173515981735,0.387096774193548,0.514018691588785,0.387658227848101,0.624405705229794,0.402777777777778,0.614285714285714,0.454121306376361,0.562599049128368,0.442572741194487,0.407350689127106,0.367283950617284,0.792778649921507,0.407936507936508,0.371212121212121,0.614307931570762,0.60062893081761,0.371019108280255,0.370253164556962,0.626356589147287,0.45226917057903,0.40650406504065,0.418070444104135,0.363354037267081,0.0171339563862928,0.61698717948718,0.372670807453416,0.607535321821036,0.0206677265500795,0.4,0.0205696202531646,0.604327666151468,0.363777089783282,0.398119122257053,0.0188976377952756,0.783699059561129,0.618066561014263,0.407051282051282,0.592,0.452566096423017,0.381180223285486,0.694136291600634,0.729230769230769,0.526813880126183,0.0158982511923688,0.765451664025357,0.372611464968153,0.389324960753532,0.60596546310832,0.367029548989114,0.370617696160267,0.623233908948195,0.0124031007751938,0.400616332819723,0.389154704944179,0.431962025316456,0.56221198156682,0.620094191522763,0.496835443037975,0.646058732612056,0.805970149253731,0.0169491525423729,0.604395604395604,0.609794628751975,0.6125,0.0124804992199688,0.645468998410175,0.4484375,0.573208722741433,0.592879256965944,0.615501519756839,0.0183767228177642,0.0171339563862928,0.368815592203898,0.400921658986175,0.0122887864823349,0.440809968847352,0.0143312101910828,0.0121765601217656,0.0161812297734628,0.360374414976599,0.0125195618153365,0.395161290322581,0.593114241001565,0.844512195121951,0.376923076923077,0.0144927536231884,0.0142857142857143,0.3671875,0.419106317411402,0.58599695585997,0.6078125,0.017515923566879,0.479876160990712,0.744257274119449,0.384615384615385,0.590417310664606,0.629392971246006,0.0174880763116057,0.394126738794436,0.618210862619808,0.426517571884984,0.610492845786963,0.0183767228177642,0.604511278195489,0.65615141955836,0.581168831168831,0.402476780185758,0.0155038759689922,0.426403641881639,0.409448818897638,0.368501529051988,0.0201863354037267,0.632911392405063,0.400662251655629,0.616013071895425,0.373456790123457,0.379785604900459,0.599688473520249,0.366352201257862,0.827906976744186,0.549450549450549,0.605345911949686,0.769480519480519,0.41287284144427,0.0188976377952756,0.61875,0.402173913043478,0.624398073836276,0.6208,0.597156398104265,0.0186046511627907,0.645669291338583,0.559808612440191,0.817610062893082,0.396875,0.60410094637224,0.655913978494624,0.617886178861789,0.422664624808576,0.468702290076336,0.416403785488959,0.531746031746032,0.0186915887850467,0.378670788253478,0.611111111111111,0.384493670886076,0.915064102564103,0.615501519756839,0.366197183098592,0.383280757097792,0.36984126984127,0.538699690402477,0.378716744913928,0.738582677165354,0.761453396524487,0.432558139534884,0.491392801251956,0.0124223602484472,0.0126582278481013,0.383627608346709,0.412420382165605,0.615384615384615,0.410094637223975,0.386292834890966,0.847826086956522,0.428346456692913,0.626198083067093,0.483231707317073,0.0182926829268293,0.397781299524564,1,0.379310344827586,0.368916797488226,0.0166919575113809,0.603803486529319,0.407643312101911,0.605304212168487,0.581993569131833,0.599688473520249,0.508371385083714,0.581730769230769,0.399698340874811,0.636913767019667,0.398073836276083,0.393135725429017,0.402476780185758,0.946859903381642,0.717592592592593,0.375384615384615,0.377300613496933,0.0168970814132104,0.551459293394777,0.622119815668203,0.629513343799058,0.539781591263651,0.379746835443038,0.459842519685039,0.369327073552426,0.26040061633282,0.595081967213115,0.0154798761609907,0.5328125,0.608150470219436,0.60625,0.64018691588785,0.0185471406491499,0.406593406593407,0.440860215053763,0.37984496124031,0.396604938271605,0.624605678233438,0.615748031496063,0.0152671755725191,0.015600624024961,0.745627980922099,0.636932707355243,0.628571428571429,0.0155038759689922,0.594679186228482,0.358695652173913,0.266563944530046,0.8384,0.382306477093207,0.804347826086957,0.401263823064771,0.584876543209877,0.609230769230769,0.015600624024961,0.365963855421687,0.823717948717949,0.798107255520505,0.472012102874433,0.377503852080123,0.70625,0.0201863354037267,0.417840375586854,0.418856259659969,0.0173501577287066,0.390839694656489,0.6198738170347,0.391869918699187,0.611197511664075,0.0143312101910828,0.0186915887850467,0.793780687397709,0.531001589825119,0.606811145510836,0.638977635782748,0.0188679245283019,0.0114754098360656,0.531202435312024,0.622047244094488,0.367647058823529,0.64696734059098,0.379785604900459,0.608562691131499,0.609034267912773,0.626582278481013,0.501597444089457,0.662939297124601,0.618973561430793,0.0154320987654321,0.619047619047619,0.0168970814132104,0.375757575757576,0.563426688632619,0.388036809815951,0.615987460815047,0.3904,0.0170278637770898,0.593846153846154,0.656645569620253,0.376360808709176,0.0162074554294976,0.38,0.0191082802547771,0.638977635782748,0.39938080495356,0.0184049079754601,0.75,0.377179080824089,0.49452269170579,0.423137876386688,0.617737003058104,0.0173775671406003,0.373817034700315,0.624405705229794,0.0153374233128834,0.607963246554365,0.593272171253823,0.615030674846626,0.370662460567823,0.378763866877971,0.377845220030349,0.391785150078989,0.391653290529695,0.0141287284144427,0.415503875968992,0.0217391304347826,0.98780487804878,0.620904836193448,0.383540372670807,0.384012539184953,0.388719512195122,0.376923076923077,0.0850077279752705,0.618380062305296,0.389694041867955,0.412673879443586,0.55968992248062,0.38863287250384,0.376160990712074,0.420647149460709,0.0168453292496172,0.0182370820668693,0.390060240963855,0.0137404580152672,0.61633281972265,0.0160513643659711,0.434579439252336,0.628246753246753,0.645367412140575,0.657450076804916,0.440758293838863,0.0203125,0.699844479004666,0.371695178849145,0.383307573415765,0.611544461778471,0.786039453717754,0.656156156156156,0.616666666666667,0.552922590837283,0.602167182662539,0.619195046439629,0.790951638065523,0.627172195892575,0.558778625954198,0.61244019138756,0.0143540669856459,0.612244897959184,0.977455716586151,0.381877022653722,0.7601246105919,0.799392097264438,0.593406593406593,0.510802469135803,0.400304414003044,0.416129032258065,0.3776,0.394863563402889,0.390822784810127,0.598412698412698,0.603421461897356,0.383280757097792,0.626339969372129,0.627480916030534,0.4953125,0.0197568389057751,0.382262996941896,0.384024577572965,0.0174050632911392,0.668789808917197,0.0171875,0.410094637223975,0.0161030595813204,0.410060975609756,0.380434782608696,0.622496147919877,0.493690851735016,0.365325077399381,0.697492163009404,0.684458398744113,0.493710691823899,0.0171339563862928,0.017515923566879,0.448275862068966,0.438253012048193,0.393568147013783,0.0183206106870229,0.0138674884437596,0.605475040257649,0.619047619047619,0.593457943925234,0.015748031496063,0.612852664576803,0.0184331797235023,0.421303656597774,0.381933438985737,0.722662440570523,0.646058732612056,0.0154559505409583,0.630672926447574,0.553822152886115,0.45226917057903,0.420890937019969,0.583076923076923,0.611197511664075,0.3952,0.0917721518987342,0.393890675241158,0.012779552715655,0.368098159509202,0.0204724409448819,0.375198728139905,0.602825745682888,0.397151898734177,0.015552099533437,0.0141287284144427,0.50611620795107,0.4185303514377,0.423197492163009,0.569678407350689,0.615975422427035,0.601910828025478,0.466141732283465,0.418711656441718,0.0141955835962145,0.597826086956522,0.39937106918239,0.0123839009287926,0.386687797147385,0.413846153846154,0.622670807453416,0.0248447204968944,0.6046875,0.378086419753086,0.599033816425121,0.607594936708861,0.641838351822504,0.61875,0.588328075709779,0.648062015503876,0.382911392405063,0.018957345971564,0.578864353312303,0.372093023255814,0.0209339774557166,0.0186046511627907,0.616666666666667,0.010989010989011,0.617924528301887,0.374213836477987,0.565217391304348,0.614649681528662,0.60596546310832,0.82306477093207,0.410459587955626,0.676923076923077,0.0337423312883436,0.613057324840764,0.0758064516129032,0.0278207109737249,0.0156985871271586,0.550793650793651,0.598200899550225,0.602184087363494,0.611544461778471,0.610510046367852,0.0250783699059561,0.0373250388802488,0.615975422427035,0.025,0.0191693290734824,0.0493827160493827,0.0294573643410853,0.0321592649310873,0.620689655172414,0.0377358490566038,0.605136436597111,0.612954186413902,0.0235849056603774,0.604361370716511,0.0700152207001522,0.617088607594937,0.593798449612403,0.610015174506829,0.599686028257457
"300",0.993485342019544,0.987519500780031,0.98145285935085,0.94551282051282,0.99021207177814,0.99184339314845,0.904991948470209,0.982704402515723,0.990639625585023,0,0.988958990536278,0,0.583465818759936,0.98705501618123,0.0490506329113924,0.0143769968051118,0,0.0143312101910828,0.99025974025974,0.9796875,0.166405023547881,0.0459770114942529,0.984152139461173,0,0.94912559618442,0.272151898734177,0.120689655172414,0.982113821138211,0.501577287066246,0.714733542319749,0.0109034267912773,0.713607594936709,0.784,0.294952681388013,0,0.99198717948718,0.0125391849529781,0.985849056603774,0.259878419452888,0.91358024691358,0.00159235668789809,0.0155763239875389,0.00789889415481832,0.990306946688207,0.784893267651888,0.032520325203252,0.516693163751987,0.00946372239747634,0.486322188449848,0.147744945567652,0,0.988782051282051,0.266875981161695,0.988727858293076,0.884552845528455,0.17258064516129,0,0.964912280701754,0.97007874015748,0.911949685534591,0.317034700315457,0.466876971608833,0.00961538461538462,0,0.895424836601307,0.831230283911672,0,0.981132075471698,0,0.00801282051282051,0.859154929577465,0.0125984251968504,0.0271565495207668,0.989079563182527,0,0.732394366197183,0.0514018691588785,0.577287066246057,0.909238249594814,0.281923714759536,0,0.722834645669291,0.227906976744186,0.989147286821705,0.131329113924051,0.914596273291925,0.9872,0.970266040688576,0.96656050955414,0.0122511485451761,0.980738362760835,0.987341772151899,0,0,0.97258064516129,0,0.302795031055901,0.984276729559748,0.00626959247648903,0.00813008130081301,0.626198083067093,0,0.286846275752773,0.988709677419355,0.102803738317757,0.990322580645161,0.0112179487179487,0.981220657276995,0.0112179487179487,0.0172684458398744,0.0172143974960876,0.908653846153846,0.350078492935636,0.980769230769231,0,0.988976377952756,0.729299363057325,0,0.00947867298578199,0.240829346092504,0,0.785031847133758,0.248826291079812,0.0841423948220065,0.973312401883831,0.157076205287714,0.986089644513138,0.988993710691824,0,0.554330708661417,0.9375,0.491283676703645,0.982200647249191,0,0.987012987012987,0.0329153605015674,0,0.211446740858506,0.634945397815913,0.529126213592233,0,0,0.989010989010989,0.76555023923445,0.177133655394525,0.990430622009569,0.018957345971564,0.924170616113744,0.429252782193959,0.987616099071207,0.137096774193548,0.977917981072555,0.990322580645161,0.858034321372855,0.992063492063492,0.0065359477124183,0.990536277602524,0.0110759493670886,0,0.752411575562701,0.877138413685848,0.974603174603175,0.031055900621118,0,0.990595611285266,0.454253611556982,0.991762767710049,0.987341772151899,0.988993710691824,0.309148264984227,0.987441130298273,0.00961538461538462,0.962732919254658,0.00770416024653313,0.9152,0.384126984126984,0,0.982758620689655,0,0.860979462875197,0.989010989010989,0.138486312399356,0.990668740279938,0.948717948717949,0.983154670750383,0.972049689440994,0.103875968992248,0.392744479495268,0.917065390749601,0.950738916256158,0.0600315955766193,0.015552099533437,0.985645933014354,0.865203761755486,0,0,0.308544303797468,0.0015748031496063,0.990654205607477,0.275157232704403,0.880837359098229,0.770932069510269,0.993769470404984,0.422512234910277,0.449139280125196,0.297939778129952,0.938485804416404,0.970031545741325,0.883096366508689,0,0.869905956112853,0.178396072013093,0.948553054662379,0.0110759493670886,0.0775193798449612,0.543720190779014,0.972929936305732,1,0.849921011058452,0.988976377952756,0.906200317965024,0,0.0847723704866562,0.669767441860465,0.990196078431373,0,0.987421383647799,0.987711213517665,0.556962025316456,0.56,0.9808,0.986885245901639,0.375594294770206,0,0.894009216589862,0.522222222222222,0.980230642504119,0.010989010989011,0.962558502340094,0.990369181380417,0.990521327014218,0.95253164556962,0.541471048513302,0.0112359550561798,0.981072555205047,0.540625,0.0152905198776758,0.0108864696734059,0.208,0.0125391849529781,0.150974025974026,0.673343605546995,0.00786163522012579,0.015600624024961,0.0173775671406003,0.583333333333333,0.048,0.975961538461538,0.0146341463414634,0.00934579439252336,0,0.223285486443381,0.988727858293076,0.973143759873618,0.900943396226415,0,0.882447665056361,0.860681114551084,0.703470031545741,0.615873015873016,0.47244094488189,0.456628477905074,0.014308426073132,0.988727858293076,0.101426307448494,0.726677577741408,0.973143759873618,0.0216383307573416,0.772012578616352,0.012779552715655,0.126760563380282,0.99079754601227,0.991749174917492,0.89983844911147,0,0.641104294478528,0.885852090032154,0,0.00949367088607595,0.898595943837754,0.988941548183254,0,0.0125391849529781,0.0094488188976378,0.991974317817014,0.888168557536467,0.0128617363344051,0,0.38801261829653,1,0.80184331797235,0.398425196850394,0.669341894060995,0.977952755905512,0.0177133655394525,0.989079563182527,0.990491283676704,0.0141955835962145,0.976708074534162,0.987117552334944,0.965964343598055,0.985781990521327,0.194267515923567,0.313664596273292,0.287758346581876,0.98705501618123,0.947882736156352,0.0515625,0.28525641025641,0.979527559055118,0.165605095541401,0.324574961360124,0.990491283676704,0.987381703470032,0.982704402515723,0.701444622792937,0.987596899224806,0.261712439418417,0.971563981042654,0.988654781199352,0,0.321483771251932,0.558028616852146,0.0285714285714286,0.0554699537750385,0.015527950310559,0.917851500789889,0.0341614906832298,0.00941915227629513,0,0.2421875,0.983948635634029,0.0794912559618442,0.99673735725938,0.976377952755906,0.993640699523052,0.283653846153846,0.290996784565916,0.674085850556439,0.468852459016393,0,0.826771653543307,0.0246913580246914,0.0516431924882629,0.195652173913043,0.988599348534202,0.0111111111111111,0,0.329133858267717,0.0186915887850467,0.0332805071315372,0.483974358974359,0.990384615384615,0.293739967897271,0.990243902439024,0.966074313408724,0,0.994011976047904,0.0062015503875969,0.987519500780031,0.834123222748815,0.986928104575163,0.0207006369426752,0.970992366412214,0.0111287758346582,0.896062992125984,0.716129032258065,0.945482866043614,0.993710691823899,0.985826771653543,0.29140127388535,0.966453674121406,0.987654320987654,0.0109204368174727,0.0347003154574132,0.988817891373802,0.988958990536278,0.335443037974684,0.889937106918239,0.952768729641694,0.962323390894819,0.990625,0,0.122977346278317,0.988941548183254,0.0111111111111111,0,0.97752808988764,0.0112903225806452,0.0448717948717949,0.987480438184664,0.976377952755906,0.00476947535771065,0.63968253968254,0.43125,1,0.0113268608414239,0.880573248407643,0.99349593495935,0.411669367909238,0.605345911949686,0.800319488817891,0,0.167987321711569,0.982200647249191,0.990566037735849,0.452950558213716,0.988924050632911,0.968333333333333,0.0397456279809221,0.00158730158730159,0.993836671802773,0.984126984126984,0.955766192733017,0.690402476780186,0.0144,0.882165605095541,0.251572327044025,0.181818181818182,0.00631911532385466,0.626602564102564,0.611374407582938,0.630094043887147,0,0.305057096247961,0.928571428571429,0.64696734059098,0.52639751552795,0.0824427480916031,0,0,0.990839694656489,0.970358814352574,0,0.927330173775671,0.0112721417069243,0,0,0.988782051282051,0,0.990147783251232,0.7728,0.528505392912173,0.990726429675425,0,0,0.9888,0.967441860465116,0.7425431711146,0.0108864696734059,0.00164203612479475,0.887323943661972,0.596875,0.991961414790997,0.535885167464115,0.360890302066773,0,0.976228209191759,0.00981996726677578,0.965964343598055,0.0913461538461538,0,0.0172143974960876,0.13128038897893,0.495867768595041,0.969936708860759,0,0.956386292834891,0.970172684458399,0.98740157480315,0,0.0925324675324675,0.933993399339934,0.00996677740863787,0.989180834621329,0.992272024729521,0.0159235668789809,0.990491283676704,0.307324840764331,0.831746031746032,0.0207667731629393,0.166936790923825,0.972972972972973,0.0111464968152866,0.0125984251968504,0.979623824451411,0.016260162601626,0.672523961661342,0.40625,0,0.12480252764613,0.755336617405583,0.25625,0.988941548183254,0.00806451612903226,0.162939297124601,0.467105263157895,0.953343701399689,0.897356143079316,0.961783439490446,0.761674718196457,0,0.985915492957746,0.00940438871473354,0.962145110410095,0.39870340356564,0.0093603744149766,0.990668740279938,0.991961414790997,0.9904,0.639625585023401,0.9952,0.135350318471338,0.1936,0.93730407523511,0.888535031847134,0,0,0.988871224165342,0.931818181818182,0.0241157556270096,0.985623003194888,1,0.36734693877551,0.933224755700326,0.724473257698541,0.890625,0,0.961352657004831,0.333870967741935,0.990476190476191,0.990521327014218,0,0.662420382165605,0.984051036682616,0.0127388535031847,0.693163751987281,0.388888888888889,0.813636363636364,0.701112877583466,0.958074534161491,0.0902021772939347,0.986820428336079,0.992150706436421,0.990697674418605,0.302134646962233,0.103174603174603,0.996825396825397,0.989096573208723,0.00784929356357928,0.789638932496075,0.4703125,0.279874213836478,0.785826771653543,0.988906497622821,0.8928,0.990740740740741,0.1375,0.0115894039735099,0,0.836248012718601,0.0111642743221691,0.0094488188976378,0.286594761171032,0,0.993660855784469,0.92846034214619,0.988993710691824,0.996889580093313,0.0966183574879227,0.00949367088607595,0,0,0.172025723472669,0.0821256038647343,0.160572337042925,0,0.0109717868338558,0.987480438184664,0.0109375,0.290584415584416,0.98876404494382,0.595541401273885,0.969745222929936,0.675548589341693,0.645865834633385,0,0.987730061349693,0.386942675159236,0.499197431781701,0.932307692307692,0.996899224806202,0.393987341772152,0.0125588697017268,0.960443037974684,0.963020030816641,0,0.961360123647604,0.0234741784037559,0.980132450331126,0.437106918238994,0,0.00938967136150235,0.521452145214521,0.849840255591054,0.0110584518167457,0.148450244698206,0.0128205128205128,0.00163398692810458,0.750380517503805,0.0296875,0.99185667752443,0.33953488372093,0.992295839753467,0.0108359133126935,0.383886255924171,0.323809523809524,0.884176182707993,0.104918032786885,0.0139968895800933,0.00315457413249211,0.0511182108626198,0,0.987635239567233,0.0444810543657331,0.987711213517665,0.0144,0.99021207177814,0,0.531684698608965,0.502377179080824,0.988871224165342,0,0.990610328638498,0,0.404918032786885,0.980952380952381,0,0.663522012578616,0.980613893376414,0.746774193548387,0.959016393442623,0.0502354788069074,0,0.990384615384615,0.274636510500808,0,0.710900473933649,0.00771604938271605,0.0263975155279503,0.988654781199352,0.99203821656051,0.987692307692308,0.968553459119497,0.980582524271845,0,0.969354838709677,0.0236593059936909,0.346518987341772,0.300469483568075,0.993690851735016,0.984177215189873,0.982892690513219,0.978227060653188,0.0461783439490446,0.0224358974358974,0.99835255354201,0.962085308056872,0.726415094339623,0.976780185758514,0.989010989010989,0.98125,0,0,0.974203338391502,0,0.0733229329173167,0,0.95859872611465,0.287560581583199,0.213247172859451,0.128086419753086,0.9264,0,0.107424960505529,0.9875,0.990521327014218,0.648475120385233,0.415781487101669,0.2178517397882,0.200920245398773,0.652173913043478,0.00782472613458529,0.138314785373609,0.543720190779014,0.273015873015873,0.71583850931677,0.0188383045525903,0,0.0111464968152866,0.32569558101473,0.99025974025974,0.636650868878357,0.226006191950464,0.62200956937799,0.890625,0.979719188767551,0.962479608482871,0.979066022544283,0.993569131832797,0.99198717948718,0.553772070626003,0.438377535101404,0.990610328638498,0.0167682926829268,0.0201863354037267,0.889763779527559,0.0124223602484472,0.992295839753467,0.965079365079365,0,0.123176661264182,0,0.957210776545166,0,0.97007874015748,0.988924050632911,0.015625,0.864864864864865,0.988976377952756,0.663446054750403,0.622083981337481,0.884310618066561,0,0,0.948760330578512,0.946483180428135,0.993798449612403,0,0,0.00649350649350649,0.254290171606864,0.515873015873016,0,0.462025316455696,0,0.922953451043339,0.988636363636364,0.169105691056911,0.249216300940439,0,0.361736334405145,0.603503184713376,0.878357030015798,0.97191887675507,0.784126984126984,0.00777604976671851,0.998387096774194,0.0141955835962145,0.988745980707395,0,0.990595611285266,0.00778816199376947,0.990415335463259,0.0238473767885533,0.0159489633173844,0,0,0.834375,0.933870967741935,0.948678071539658,0.726415094339623,0.0341085271317829,0.0162337662337662,0.830427892234548,0.830745341614907,0,0.024,0.963492063492064,0,0.973898858075041,0.970172684458399,0.080952380952381,0.0408805031446541,0.00638977635782748,0.987616099071207,0.492706645056726,0.0828025477707006,0.113300492610837,0.130365659777424,0.706168831168831,0.110764430577223,0.990322580645161,0,0.770226537216828,0.985759493670886,0.00323624595469256,0,0.0107033639143731,0,0.0126782884310618,0.988958990536278,0.718494271685761,0.0113268608414239,0.0113268608414239,0.546178343949045,0.968152866242038,0.474015748031496,0.0522273425499232,0.0113085621970921,0.0571895424836601,0.0127186009538951,0,0.0368589743589744,0.0121765601217656,0.00791139240506329,0.0172143974960876,0.00777604976671851,0.0498392282958199,0.056782334384858,0.0254372019077901,0.014308426073132,0.00325732899022801,0.0192,0.0172955974842767,0.0630914826498423,0.0177133655394525,0.0171073094867807,0.00970873786407767,0.0125786163522013,0.0456769983686786,0.0158730158730159,0.0186915887850467,0.0126782884310618,0.04375,0.00924499229583975,0.0129449838187702
"301",0.784037558685446,0.79601226993865,0.809379727685325,0.807874015748032,0.789799072642968,0.797191887675507,0.816232771822358,0.816358024691358,0.788432267884323,0,0.785714285714286,0,0.655487804878049,0.792778649921507,0.255417956656347,0.223926380368098,0,0.010752688172043,0.784037558685446,0.793051359516616,0.36517719568567,0.243630573248408,0.782805429864253,0,0.787234042553192,0.4046875,0.312404287901991,0.787539936102236,0.595588235294118,0.710166919575114,0.218320610687023,0.785822021116139,0.7828125,0.432926829268293,0,0.787925696594427,0.0150829562594268,0.781155015197568,0.4860088365243,0.760968229954614,0.00154320987654321,0.00900900900900901,0.00459418070444104,0.794670846394984,0.793427230046948,0.247278382581649,0.590062111801242,0.204855842185129,0.598811292719168,0.346210995542348,0,0.791730474732006,0.459214501510574,0.777952755905512,0.815789473684211,0.360759493670886,0,0.781055900621118,0.809667673716012,0.829819277108434,0.419354838709677,0.569678407350689,0.211180124223602,0,0.782677165354331,0.756923076923077,0,0.786153846153846,0,0.216848673946958,0.731707317073171,0.216589861751152,0.222222222222222,0.797904191616767,0,0.765060240963855,0.246987951807229,0.63302752293578,0.827906976744186,0.440650406504065,0,0.821052631578947,0.394259818731118,0.782012195121951,0.333333333333333,0.810526315789474,0.783206106870229,0.795763993948563,0.760670731707317,0.00451807228915663,0.7765625,0.798151001540832,0,0,0.799058084772371,0,0.493865030674847,0.792626728110599,0.00300751879699248,0.00459418070444104,0.759146341463415,0,0.507042253521127,0.783151326053042,0.30780559646539,0.784688995215311,0.0062111801242236,0.811728395061728,0.210608424336973,0.219135802469136,0.21765601217656,0.817054263565892,0.486902927580894,0.771739130434783,0,0.802130898021309,0.807395993836672,0,0.212307692307692,0.3953125,0,0.779160186625194,0.45679012345679,0.284591194968553,0.789954337899543,0.332824427480916,0.784313725490196,0.782012195121951,0,0.709480122324159,0.807692307692308,0.567610062893082,0.782270606531882,0,0.784375,0.225225225225225,0,0.433962264150943,0.646417445482866,0.708722741433022,0,0,0.802130898021309,0.759878419452888,0.3486529318542,0.782071097372488,0.212634822804314,0.822530864197531,0.529874213836478,0.798496240601504,0.359937402190923,0.779503105590062,0.781733746130031,0.749625187406297,0.791411042944785,0.208137715179969,0.787234042553192,0.216589861751152,0,0.747648902821317,0.817073170731707,0.786039453717754,0.236363636363636,0,0.782407407407407,0.598412698412698,0.786858974358974,0.788343558282209,0.783004552352049,0.425339366515837,0.800613496932515,0.222222222222222,0.789712556732224,0.218100890207715,0.818181818181818,0.493865030674847,0,0.786039453717754,0,0.750385208012327,0.77557251908397,0.30188679245283,0.802731411229135,0.790909090909091,0.791666666666667,0.798473282442748,0.312404287901991,0.501483679525223,0.799687010954617,0.78806907378336,0.269938650306748,0.218045112781955,0.796875,0.810687022900763,0,0,0.527216174183515,0.00153846153846154,0.784107946026987,0.426865671641791,0.819165378670788,0.723241590214067,0.789712556732224,0.633693972179289,0.539050535987749,0.501547987616099,0.773497688751926,0.796296296296296,0.827534039334342,0,0.751145038167939,0.385335413416537,0.804651162790698,0.212634822804314,0.278115501519757,0.712307692307692,0.7953125,0.792109256449165,0.809597523219814,0.786910197869102,0.792626728110599,0,0.270516717325228,0.730182926829268,0.781591263650546,0,0.777265745007681,0.807518796992481,0.727272727272727,0.582434514637905,0.783742331288344,0.79874213836478,0.575617283950617,0,0.816944024205749,0.642633228840125,0.802507836990596,0.215686274509804,0.774145616641902,0.787596899224806,0.774539877300613,0.790769230769231,0.625377643504532,0.224299065420561,0.817629179331307,0.590214067278288,0.205970149253731,0.210843373493976,0.354938271604938,0.205521472392638,0.361240310077519,0.81437125748503,0.214723926380368,0.214501510574018,0.231240428790199,0.777609682299546,0.244131455399061,0.795631825273011,0.0078740157480315,0.195084485407066,0,0.427682737169518,0.804347826086957,0.785276073619632,0.766412213740458,0,0.816326530612245,0.756060606060606,0.789473684210526,0.697996918335901,0.582434514637905,0.529051987767584,0.00757575757575758,0.775351014040562,0.322137404580153,0.802232854864434,0.818461538461538,0.221198156682028,0.758832565284178,0.221879815100154,0.340030911901082,0.793154761904762,0.778830963665087,0.82018927444795,0,0.768759571209801,0.821705426356589,0,0.206325301204819,0.821005917159763,0.812213740458015,0,0.209969788519637,0.203076923076923,0.795031055900621,0.830455259026688,0.203149606299213,0,0.582066869300912,0.80184331797235,1,0.512937595129376,0.7296875,0.788753799392097,0.22,0.790346907993967,0.772657450076805,0.221183800623053,0.789877300613497,0.789877300613497,0.8,0.783536585365854,0.367283950617284,0.495468277945619,0.49306625577812,0.80811232449298,0.786499215070644,0.0428134556574924,0.413793103448276,0.808575803981623,0.327245053272451,0.451708766716196,0.805855161787365,0.801857585139319,0.801223241590214,0.757142857142857,0.774539877300613,0.398449612403101,0.817905918057663,0.787596899224806,0,0.510574018126888,0.709175738724728,0.226851851851852,0.0444104134762634,0.223880597014925,0.787267080745342,0.236173393124066,0.217457886676876,0,0.396341463414634,0.801526717557252,0.289634146341463,0.797752808988764,0.811178247734139,0.796899224806202,0.489891135303266,0.497659906396256,0.698757763975155,0.5472,0,0.752704791344668,0.213855421686747,0.247761194029851,0.420180722891566,0.794952681388013,0.216923076923077,0,0.530864197530864,0.213533834586466,0.235294117647059,0.603125,0.774844720496894,0.437990580847724,0.773228346456693,0.782945736434108,0,0.786026200873362,0.204236006051437,0.79066265060241,0.765337423312883,0.797124600638978,0.232558139534884,0.805722891566265,0.215267175572519,0.764525993883792,0.771956856702619,0.79483282674772,0.809741248097412,0.776234567901235,0.492354740061162,0.78516228748068,0.770149253731343,0.219512195121951,0.225757575757576,0.786271450858034,0.790446841294299,0.487654320987654,0.764525993883792,0.770334928229665,0.785824345146379,0.778787878787879,0,0.299065420560748,0.791476407914764,0.217729393468118,0,0.806552262090484,0.0046801872074883,0.249221183800623,0.789393939393939,0.818873668188737,0.00154559505409583,0.775541795665635,0.524105754276827,0.8125,0.215962441314554,0.757763975155279,0.772727272727273,0.535276073619632,0.738863287250384,0.846635367762128,0,0.373860182370821,0.812698412698413,0.791666666666667,0.549844236760125,0.781010719754977,0.771615008156607,0.237003058103976,0,0.8,0.79236641221374,0.797527047913447,0.696240601503759,0.227906976744186,0.832025117739403,0.401840490797546,0.384863123993559,0.003003003003003,0.66820987654321,0.655813953488372,0.721884498480243,0,0.453525641025641,0.824534161490683,0.677321156773212,0.642424242424242,0.281065088757396,0,0,0.783185840707965,0.773556231003039,0,0.829007633587786,0.0046583850931677,0,0,0.788253477588872,0,0.803149606299213,0.790199081163859,0.717910447761194,0.780487804878049,0,0,0.785276073619632,0.808955223880597,0.761329305135952,0.208841463414634,0,0.821212121212121,0.731523378582202,0.789156626506024,0.615384615384615,0.491419656786271,0,0.787136294027565,0.210443037974684,0.836734693877551,0.277519379844961,0,0.220740740740741,0.336477987421384,0.526484751203852,0.775075987841945,0,0.822021116138763,0.779299847792998,0.788432267884323,0,0.2765625,0.75609756097561,0.226114649681529,0.778947368421053,0.783987915407855,0.231240428790199,0.773006134969325,0.510077519379845,0.774539877300613,0.238317757009346,0.384737678855326,0.791666666666667,0.00618238021638331,0.224770642201835,0.811437403400309,0.222222222222222,0.719188767550702,0.53405572755418,0,0.307575757575758,0.752321981424149,0.464831804281346,0.788667687595712,0.204615384615385,0.334332833583208,0.531300160513644,0.806938159879336,0.8202416918429,0.795031055900621,0.734789391575663,0,0.790591805766313,0.214939024390244,0.773497688751926,0.590342679127726,0.209509658246657,0.784073506891271,0.798761609907121,0.780373831775701,0.658385093167702,0.792626728110599,0.343122102009274,0.392857142857143,0.781345565749236,0.818181818181818,0,0,0.780674846625767,0.780525502318393,0.229457364341085,0.794712286158631,0.787878787878788,0.583206106870229,0.809672386895476,0.740566037735849,0.811572700296736,0,0.790769230769231,0.542768273716952,0.798461538461538,0.775193798449612,0,0.700305810397553,0.805900621118012,0.214175654853621,0.718461538461538,0.494623655913978,0.766176470588235,0.75462962962963,0.787202380952381,0.288690476190476,0.796267496111975,0.795698924731183,0.799392097264438,0.503174603174603,0.30521472392638,0.79601226993865,0.795454545454545,0.00303951367781155,0.773700305810398,0.561456752655539,0.422087745839637,0.860215053763441,0.775417298937785,0.770992366412214,0.783410138248848,0.177710843373494,0.2144,0,0.809672386895476,0.218068535825545,0.198473282442748,0.449922958397535,0,0.803405572755418,0.779969650986343,0.776255707762557,0.800608828006088,0.292834890965732,0.209230769230769,0,0,0.377151799687011,0.270186335403727,0.354294478527607,0,0.19969512195122,0.771771771771772,0.102564102564103,0.501552795031056,0.788819875776398,0.757296466973886,0.781201848998459,0.740963855421687,0.731818181818182,0,0.779585798816568,0.596875,0.684129429892142,0.824242424242424,0.797872340425532,0.553191489361702,0.00304878048780488,0.810477657935285,0.812312312312312,0,0.774480712166172,0.229357798165138,0.779552715654952,0.531818181818182,0,0.00306748466257669,0.716346153846154,0.913713405238829,0.214177978883861,0.34789391575663,0.00612557427258806,0.00158478605388273,0.727272727272727,0.227202472952087,0.7952,0.476761619190405,0.802710843373494,0.214611872146119,0.485584218512898,0.446345256609642,0.8421875,0.303370786516854,0.219847328244275,0.00151975683890578,0.241112828438949,0,0.78698224852071,0.210191082802548,0.808320950965825,0.207692307692308,0.800933125972006,0,0.622222222222222,0.576323987538941,0.787786259541985,0,0.788838612368024,0,0.534591194968553,0.799086757990868,0,0.793939393939394,0.798761609907121,0.708396946564885,0.8149300155521,0.25226586102719,0,0.777099236641221,0.425233644859813,0,0.774436090225564,0.210682492581602,0.227963525835866,0.790951638065523,0.78,0.782477341389728,0.772093023255814,0.785266457680251,0,0.792248062015504,0.013595166163142,0.556060606060606,0.435779816513761,0.803981623277182,0.775888717156105,0.793363499245852,0.786585365853659,0.0626911314984709,0.232771822358346,0.807324840764331,0.783410138248848,0.7298937784522,0.793893129770992,0.791158536585366,0.809667673716012,0,0,0.787790697674419,0,0.259146341463415,0,0.800307219662058,0.435257410296412,0.390205371248025,0.331306990881459,0.786046511627907,0.0015527950310559,0.314814814814815,0.780966767371601,0.79601226993865,0.707055214723926,0.617777777777778,0.394160583941606,0.364864864864865,0.6546875,0.210365853658537,0.311248073959938,0.731707317073171,0.403100775193798,0.718373493975904,0.221879815100154,0,0.200622083981337,0.529874213836478,0.79080824088748,0.737327188940092,0.444444444444444,0.668702290076336,0.827844311377245,0.779761904761905,0.81259842519685,0.800623052959502,0.792125984251968,0.791925465838509,0.642967542503864,0.544478527607362,0.789554531490015,0.22108345534407,0.215568862275449,0.830508474576271,0.00757575757575758,0.782674772036474,0.768996960486322,0,0.318252730109204,0,0.799382716049383,0,0.794162826420891,0.789634146341463,0.216463414634146,0.773148148148148,0.777609682299546,0.840873634945398,0.815151515151515,0.824261275272162,0,0,0.8060413354531,0.81791483113069,0.791976225854383,0,0,0.220657276995305,0.384155455904335,0.557077625570776,0,0.591331269349845,0,0.776911076443058,0.791021671826625,0.360629921259843,0.408194233687405,0,0.489827856025039,0.628304821150855,0.743076923076923,0.803625377643505,0.979938271604938,0.211246200607903,0.799368088467615,0.0306278713629403,0.78783151326053,0,0.795216741405082,0.00152671755725191,0.783699059561129,0.233024691358025,0.152886115444618,0,0,0.811145510835913,0.78125,0.801801801801802,0.713414634146341,0.243323442136499,0.219092331768388,0.720496894409938,0.720720720720721,0,0.233128834355828,0.78003120124805,0,0.782131661442006,0.816541353383459,0.267884322678843,0.0337423312883436,0.194189602446483,0.773556231003039,0.549382716049383,0.274390243902439,0.300955414012739,0.32370820668693,0.7398753894081,0.307458143074581,0.798751950078003,0,0.764521193092622,0.775914634146341,0.0015625,0,0.216814159292035,0,0.223420647149461,0.781733746130031,0.682389937106918,0.214733542319749,0.210691823899371,0.736760124610592,0.809597523219814,0.566009104704097,0.0447761194029851,0.22397476340694,0.0582677165354331,0.0184899845916795,0,0.210031347962382,0.218236173393124,0.204334365325077,0.215926493108729,0.210843373493976,0.0403100775193798,0.047040971168437,0.231240428790199,0.0198170731707317,0.0062992125984252,0.0290964777947933,0.0214067278287462,0.0487062404870624,0.226646248085758,0.0212121212121212,0.202194357366771,0.221020092735703,0.0373250388802488,0.220679012345679,0.0285285285285285,0.205564142194745,0.228043143297381,0.224188790560472,0.2052067381317
"302",0.39652448657188,0.394654088050314,0.419207317073171,0.434294871794872,0.401626016260163,0.392628205128205,0.456828885400314,0.404388714733542,0.394695787831513,0,0.397476340694006,0,0.605783866057839,0.376602564102564,0.656832298136646,0.61633281972265,0,0.0062015503875969,0.398073836276083,0.41471048513302,0.635514018691589,0.621138211382114,0.393468118195956,0,0.418856259659969,0.619718309859155,0.627145085803432,0.394524959742351,0.625,0.562790697674419,0.603053435114504,0.630094043887147,0.540880503144654,0.599063962558502,0,0.400936037441498,0.0138461538461538,0.388973966309342,0.674140508221226,0.431221020092736,0,0.00462249614791988,0.00153609831029186,0.373205741626794,0.52,0.634340222575517,0.5904,0.60347551342812,0.745814307458143,0.631419939577039,0,0.390965732087227,0.657320872274143,0.388178913738019,0.455555555555556,0.794912559618442,0,0.410742496050553,0.417177914110429,0.485362095531587,0.616719242902208,0.619631901840491,0.623809523809524,0,0.439297124600639,0.474497681607419,0,0.407176287051482,0,0.592767295597484,0.464723926380368,0.619047619047619,0.61198738170347,0.395993836671803,0,0.56,0.635239567233385,0.593798449612403,0.467408585055644,0.883986928104575,0,0.575384615384615,0.629230769230769,0.372488408037094,0.640746500777605,0.459418070444104,0.376360808709176,0.411402157164869,0.405909797822706,0.00151975683890578,0.394366197183099,0.381761978361669,0,0,0.419457735247209,0,0.631741140215716,0.407176287051482,0,0.00156494522691706,0.575709779179811,0,0.6671875,0.3776,0.635670731707317,0.390894819466248,0.00315955766192733,0.39258114374034,0.609177215189873,0.614173228346457,0.604361370716511,0.438679245283019,0.978294573643411,0.399686520376176,0,0.409861325115562,0.604327666151468,0,0.603395061728395,0.662974683544304,0,0.554347826086957,0.639625585023401,0.626984126984127,0.417445482866044,0.611620795107034,0.380368098159509,0.391912908242613,0,0.589506172839506,0.457098283931357,0.578025477707006,0.391653290529695,0,0.383280757097792,0.634408602150538,0,0.65378421900161,0.5671875,0.600969305331179,0,0,0.410015649452269,0.5375,0.625204582651391,0.392405063291139,0.603448275862069,0.434984520123839,0.939490445859873,0.407012195121951,0.648475120385233,0.39873417721519,0.385579937304075,0.516228748068006,0.3921875,0.601587301587302,0.390769230769231,0.601880877742947,0,0.532385466034755,0.470948012232416,0.4,0.630368098159509,0,0.389230769230769,0.678855325914149,0.375609756097561,0.379471228615863,0.380585516178737,0.613636363636364,0.408385093167702,0.611197511664075,0.436055469953775,0.615151515151515,0.455696202531646,0.626934984520124,0,0.400630914826498,0,0.483516483516484,0.390168970814132,0.637931034482759,0.401898734177215,0.443251533742331,0.38821752265861,0.392638036809816,0.729393468118196,0.996946564885496,0.441269841269841,0.435612082670906,0.638198757763975,0.608024691358025,0.402208201892744,0.483771251931994,0,0,0.637658227848101,0,0.387537993920973,0.891472868217054,0.465299684542587,0.519938650306748,0.388973966309342,0.6296875,0.591397849462366,0.638932496075353,0.469860896445131,0.393364928909953,0.491628614916286,0,0.439252336448598,0.647249190938511,0.447284345047923,0.616113744075829,0.599388379204893,0.582298136645963,0.395962732919255,0.4,0.514637904468413,0.397534668721109,0.456692913385827,0,0.614896988906498,0.558778625954198,0.391373801916933,0,0.390769230769231,0.386363636363636,0.579192546583851,0.856692913385827,0.404984423676012,0.389067524115756,0.610328638497653,0,0.449230769230769,0.697305863708399,0.414754098360656,0.609717868338558,0.423312883435583,0.379527559055118,0.390357698289269,0.42992125984252,0.773353751914242,0.63166144200627,0.414173228346457,0.587962962962963,0.601503759398496,0.611620795107034,0.6384,0.6138147566719,0.655448717948718,0.555555555555556,0.611544461778471,0.614307931570762,0.605546995377504,0.586687306501548,0.614147909967846,0.390551181102362,0.0031201248049922,0.595576619273302,0,0.629570747217806,0.3968,0.408320493066256,0.43944099378882,0,0.484552845528455,0.455108359133127,0.601880877742947,0.674418604651163,0.641860465116279,0.563779527559055,0.0031201248049922,0.373015873015873,0.655384615384615,0.6048,0.422955974842767,0.618827160493827,0.538102643856921,0.635367762128325,0.686821705426357,0.377473363774734,0.387987012987013,0.458730158730159,0,0.574766355140187,0.445686900958466,0,0.594512195121951,0.456656346749226,0.413249211356467,0,0.607692307692308,0.596006144393241,0.42604501607717,0.504012841091493,0.62379421221865,0,0.620743034055728,0.398425196850394,0.512937595129376,1,0.570048309178744,0.426127527216174,0.632970451010886,0.380733944954128,0.38785046728972,0.617554858934169,0.429012345679012,0.40251572327044,0.4304,0.385448916408669,0.692429022082019,0.633385335413417,0.639498432601881,0.394568690095847,0.429032258064516,0.0169230769230769,0.675078864353312,0.428120063191153,0.643962848297214,0.687593423019432,0.402777777777778,0.390894819466248,0.393188854489164,0.532591414944356,0.367534456355283,0.651898734177215,0.409861325115562,0.381933438985737,0,0.649149922720247,0.59047619047619,0.6328125,0.0169230769230769,0.606707317073171,0.473354231974922,0.625194401244168,0.617873651771957,0,0.68944099378882,0.410094637223975,0.622670807453416,0.401294498381877,0.412225705329154,0.398412698412698,0.632165605095541,0.636363636363636,0.549844236760125,0.947797716150082,0,0.504716981132076,0.610271903323263,0.638719512195122,0.671779141104294,0.386687797147385,0.620689655172414,0,0.646153846153846,0.608628659476117,0.624012638230648,0.592767295597484,0.3890625,0.8624,0.377450980392157,0.396551724137931,0,0.380029806259314,0.603053435114504,0.388379204892966,0.494590417310665,0.392282958199357,0.589341692789969,0.409785932721713,0.615975422427035,0.458074534161491,0.625796178343949,0.425499231950845,0.390697674418605,0.388888888888889,0.656394453004623,0.417445482866044,0.388198757763975,0.628048780487805,0.606811145510836,0.381329113924051,0.382126348228043,0.882534775888717,0.437694704049844,0.398373983739837,0.444444444444444,0.388888888888889,0,0.722929936305732,0.395672333848532,0.614307931570762,0,0.416666666666667,0.00319488817891374,0.655712050078247,0.38145896656535,0.414826498422713,0,0.545454545454545,0.616459627329193,0.406299212598425,0.61244019138756,0.523125996810207,0.3796875,0.646129541864139,0.580188679245283,0.552755905511811,0,0.649612403100775,0.394611727416799,0.392857142857143,0.621705426356589,0.391640866873065,0.398026315789474,0.622257053291536,0.00154798761609907,0.385802469135802,0.386792452830189,0.4140625,0.539877300613497,0.606864274570983,0.469194312796209,0.642301710730949,0.6,0.00154798761609907,0.594339622641509,0.5320813771518,0.606531881804043,0,0.900158478605388,0.451010886469673,0.579598145285935,0.764252696456086,0.681268882175227,0,0,0.378378378378378,0.407350689127106,0,0.436817472698908,0.00315457413249211,0,0,0.381619937694704,0,0.39873417721519,0.489164086687306,0.607575757575758,0.37442218798151,0,0,0.403426791277259,0.439577039274924,0.56859756097561,0.617737003058104,0,0.462365591397849,0.587692307692308,0.385321100917431,0.609567901234568,0.953451043338684,0,0.397196261682243,0.59594383775351,0.423622047244094,0.699044585987261,0,0.606106870229008,0.630914826498423,0.577235772357724,0.404320987654321,0,0.442622950819672,0.405616224648986,0.389408099688474,0,0.692429022082019,0.41871921182266,0.623376623376623,0.380733944954128,0.378995433789954,0.61214953271028,0.380655226209048,0.655226209048362,0.5,0.62111801242236,0.620414673046252,0.435384615384615,0.00156985871271586,0.613564668769716,0.395962732919255,0.635782747603834,0.614173228346457,0.606864274570983,0,0.638932496075353,0.539936102236422,0.657407407407407,0.408385093167702,0.616113744075829,0.663608562691132,0.591935483870968,0.439024390243902,0.474339035769829,0.417445482866044,0.531746031746032,0,0.412942989214176,0.615975422427035,0.398449612403101,0.624600638977636,0.611620795107034,0.386046511627907,0.405023547880691,0.388272583201268,0.5600624024961,0.396578538102644,0.64968152866242,0.646687697160883,0.422535211267606,0.45440251572327,0,0,0.381642512077295,0.42654028436019,0.605015673981191,0.398412698412698,0.391640866873065,0.617283950617284,0.443910256410256,0.511923688394277,0.44969512195122,0,0.390894819466248,0.624413145539906,0.392523364485981,0.381761978361669,0,0.568910256410256,0.416267942583732,0.6078125,0.563579277864992,0.814241486068111,0.48868778280543,0.625,0.425113464447806,0.60546282245827,0.402912621359223,0.4,0.401263823064771,0.621187800963082,0.604068857589984,0.393518518518519,0.393568147013783,0.00154320987654321,0.493827160493827,0.592933947772657,0.860031104199067,0.542319749216301,0.406491499227202,0.490536277602524,0.384375,0.122324159021407,0.589951377633712,0,0.510172143974961,0.611635220125786,0.605546995377504,0.8798751950078,0,0.395962732919255,0.464506172839506,0.390092879256966,0.391912908242613,0.623604465709729,0.611544461778471,0,0,0.648648648648649,0.630841121495327,0.7078125,0,0.622874806800618,0.387247278382582,0.281345565749235,0.630331753554502,0.377567140600316,0.561240310077519,0.402866242038217,0.650695517774343,0.569659442724458,0,0.386806596701649,0.632329635499208,0.606973058637084,0.442901234567901,0.399693721286371,0.651305683563748,0.00313479623824451,0.432389937106918,0.408536585365854,0,0.424242424242424,0.6109375,0.401929260450161,0.579029733959311,0,0.0015600624024961,0.610749185667752,0.515055467511886,0.617054263565891,0.745192307692308,0.00315457413249211,0,0.547904191616767,0.615141955835962,0.36437908496732,0.934451219512195,0.391104294478528,0.609160305343511,0.595384615384615,0.615506329113924,0.487961476725522,0.60650406504065,0.613354037267081,0,0.616352201257862,0,0.390839694656489,0.525974025974026,0.402420574886536,0.624203821656051,0.393258426966292,0,0.610687022900763,0.617088607594937,0.379310344827586,0,0.385448916408669,0,0.897314375987362,0.389230769230769,0,0.550613496932515,0.403481012658228,0.525502318392581,0.42654028436019,0.631901840490798,0,0.391912908242613,0.8128,0,0.608294930875576,0.614114114114114,0.62095531587057,0.399678972712681,0.377358490566038,0.392966360856269,0.398753894080997,0.395238095238095,0,0.397798742138365,0.0078125,0.617511520737327,0.861801242236025,0.402777777777778,0.391575663026521,0.404580152671756,0.388802488335925,0.0464396284829721,0.629160063391442,0.397106109324759,0.422118380062305,0.536697247706422,0.397553516819572,0.37962962962963,0.410852713178295,0,0,0.403348554033486,0,0.60741885625966,0.00156985871271586,0.410575427682737,0.864992150706436,0.637658227848101,0.636503067484663,0.450949367088608,0.00155763239875389,0.671296296296296,0.382488479262673,0.382716049382716,0.61741835147745,0.639760837070254,0.641993957703928,0.808157099697885,0.555555555555556,0.617873651771957,0.628659476117103,0.603715170278638,0.649068322981366,0.547112462006079,0.605633802816901,0,0.60410094637224,0.597133757961783,0.378980891719745,0.548989113530327,0.655589123867069,0.587423312883436,0.484756097560976,0.38,0.426731078904992,0.407582938388626,0.393650793650794,0.382306477093207,0.771739130434783,0.902973395931142,0.377708978328173,0.612462006079027,0.615037593984962,0.487460815047022,0.00305810397553517,0.390839694656489,0.409657320872274,0,0.632258064516129,0,0.436507936507937,0,0.403426791277259,0.396923076923077,0.609230769230769,0.511737089201878,0.383435582822086,0.54066985645933,0.568567026194145,0.442879499217527,0,0,0.433441558441558,0.437781109445277,0.400304414003044,0,0,0.604133545310016,0.68160741885626,0.570552147239264,0,0.8,0,0.460567823343849,0.398412698412698,0.606349206349206,0.635384615384615,0,0.848242811501597,0.580594679186229,0.450236966824645,0.416158536585366,0.520376175548589,0.616923076923077,0.398387096774194,0.072,0.379968203497615,0,0.390168970814132,0.0031104199066874,0.393987341772152,0.627575277337559,0.394944707740916,0,0,0.510736196319018,0.428341384863124,0.423017107309487,0.507598784194529,0.628224582701062,0.607717041800643,0.479623824451411,0.473926380368098,0,0.649762282091918,0.407936507936508,0,0.408517350157729,0.419753086419753,0.633228840125392,0.0124223602484472,0.608763693270736,0.386503067484663,1,0.608695652173913,0.652733118971061,0.755832037325039,0.568690095846645,0.612903225806452,0.389751552795031,0,0.509463722397476,0.410493827160494,0.00157977883096367,0,0.615156017830609,0,0.6171875,0.397815912636505,0.502377179080824,0.598101265822785,0.601880877742947,0.590189873417722,0.425,0.626153846153846,0.0154798761609907,0.6032,0.0610932475884244,0.015600624024961,0,0.528951486697966,0.592760180995475,0.609448818897638,0.610248447204969,0.609160305343511,0.012779552715655,0.0215384615384615,0.617554858934169,0.0123456790123457,0.00478468899521531,0.031496062992126,0.0153846153846154,0.015527950310559,0.623233908948195,0.0185185185185185,0.606109324758842,0.61875,0.0174603174603175,0.622464898595944,0.0515933232169954,0.614307931570762,0.586687306501548,0.621861152141802,0.605590062111801
"303",0.648780487804878,0.647619047619048,0.668769716088328,0.692182410423453,0.670988654781199,0.651050080775444,0.699044585987261,0.685805422647528,0.643192488262911,0,0.653061224489796,0,0.625786163522013,0.651612903225806,0.3968,0.352201257861635,0,0.0127388535031847,0.656957928802589,0.670886075949367,0.488993710691824,0.365131578947368,0.661927330173776,0,0.694136291600634,0.488599348534202,0.431528662420382,0.659609120521173,0.648606811145511,0.889952153110048,0.337984496124031,0.709576138147567,0.726829268292683,0.508885298869144,0,0.660194174757282,0.01875,0.653125,0.578625954198473,0.647709320695103,0.00160513643659711,0.0108191653786708,0.00313971742543171,0.654895666131621,0.718954248366013,0.375201288244767,0.590614886731392,0.332258064516129,0.641304347826087,0.432973805855162,0,0.654340836012862,0.5578125,0.647435897435897,0.689710610932476,0.476345840130506,0,0.658576051779935,0.671974522292994,0.707547169811321,0.513470681458003,0.622047244094488,0.359098228663446,0,0.697712418300654,0.709728867623604,0,0.657142857142857,0,0.3472,0.662480376766091,0.329635499207607,0.356576862123613,0.66046511627907,0,0.710900473933649,0.37597503900156,0.664556962025316,0.693679092382496,0.534223706176962,0,0.691823899371069,0.472136222910217,0.659340659340659,0.42332268370607,0.705329153605016,0.643879173290938,0.672926447574335,0.660377358490566,0.0015552099533437,0.656910569105691,0.642172523961661,0,0,0.671031096563011,0,0.596491228070175,0.658805031446541,0.00475435816164818,0.00647249190938511,0.751987281399046,0,0.603149606299213,0.656,0.442367601246106,0.65415986949429,0.00325732899022801,0.667189952904239,0.345047923322684,0.350237717908082,0.352755905511811,0.688709677419355,0.552380952380952,0.652380952380952,0,0.65990639625585,0.704944178628389,0,0.339563862928349,0.514516129032258,0,0.731746031746032,0.5472,0.40064620355412,0.665610142630745,0.445859872611465,0.660990712074303,0.655063291139241,0,0.778301886792453,0.691935483870968,0.596434359805511,0.664526484751204,0,0.657331136738056,0.352664576802508,0,0.5328,0.612698412698413,0.745874587458746,0,0,0.677725118483412,0.689984101748808,0.445337620578778,0.65224358974359,0.345104333868379,0.710443037974684,0.593548387096774,0.6609375,0.473257698541329,0.64171974522293,0.649754500818331,0.741784037558685,0.65112540192926,0.331691297208539,0.643879173290938,0.342902711323764,0,0.709677419354839,0.710526315789474,0.658730158730159,0.352664576802508,0,0.647425897035881,0.612903225806452,0.657377049180328,0.660883280757098,0.647887323943662,0.493730407523511,0.67246835443038,0.362179487179487,0.689708141321045,0.357032457496136,0.708064516129032,0.551669316375199,0,0.652312599681021,0,0.677725118483412,0.652173913043478,0.435691318327974,0.655226209048362,0.681181959564541,0.665137614678899,0.672897196261682,0.434920634920635,0.577812018489985,0.710264900662252,0.7024,0.401273885350318,0.348580441640379,0.672,0.710691823899371,0,0,0.606687898089172,0.00157232704402516,0.651017214397496,0.52093023255814,0.7,0.650943396226415,0.666666666666667,0.710144927536232,0.588607594936709,0.589869281045752,0.673170731707317,0.665071770334928,0.693877551020408,0,0.70859872611465,0.529315960912052,0.687702265372168,0.344,0.409375,0.76031746031746,0.66877971473851,0.680061823802164,0.714060031595577,0.648985959438378,0.689984101748808,0,0.409448818897638,0.68025078369906,0.6512,0,0.666666666666667,0.671339563862928,0.765923566878981,0.572347266881029,0.655063291139241,0.672077922077922,0.635048231511254,0,0.690251572327044,0.62962962962963,0.689655172413793,0.342271293375394,0.672897196261682,0.6464,0.645865834633385,0.669316375198728,0.663492063492063,0.356230031948882,0.688394276629571,0.580745341614907,0.338905775075988,0.356923076923077,0.4576,0.338658146964856,0.463492063492064,0.725429017160686,0.33596214511041,0.360759493670886,0.332278481012658,0.825545171339564,0.385365853658537,0.67948717948718,0.00320512820512821,0.33063209076175,0,0.5472,0.658496732026144,0.650793650793651,0.704761904761905,0,0.708943089430894,0.692307692307692,0.699680511182109,0.672985781990521,0.572347266881029,0.582113821138211,0.00316455696202532,0.66131621187801,0.43581616481775,0.701986754966887,0.688783570300158,0.350793650793651,0.952978056426332,0.34185303514377,0.448275862068966,0.675507020280811,0.649093904448105,0.704065040650407,0,0.823343848580442,0.696485623003195,0,0.342723004694836,0.700460829493088,0.662939297124601,0,0.346092503987241,0.335423197492163,0.673107890499195,0.697560975609756,0.345104333868379,0,0.651898734177215,0.669341894060995,0.7296875,0.570048309178744,1,0.6640625,0.350961538461538,0.653905053598775,0.654574132492114,0.334935897435897,0.680445151033386,0.658653846153846,0.671052631578947,0.668231611893584,0.479608482871126,0.596850393700787,0.594679186228482,0.682847896440129,0.670988654781199,0.0345368916797488,0.521462639109698,0.654895666131621,0.418897637795276,0.549079754601227,0.660883280757098,0.659711075441412,0.681528662420382,0.684124386252046,0.642967542503864,0.506369426751592,0.688783570300158,0.656549520766773,0,0.596850393700787,0.714748784440843,0.364500792393027,0.0357698289269051,0.351766513056836,0.71656050955414,0.371428571428571,0.345971563981043,0,0.49445324881141,0.654781199351702,0.397196261682243,0.665568369028007,0.698234349919743,0.6512,0.593192868719611,0.588907014681892,0.696485623003195,0.56093489148581,0,0.712218649517685,0.3375,0.366043613707165,0.509433962264151,0.66131621187801,0.349282296650718,0,0.624801271860095,0.347068145800317,0.374203821656051,0.58161648177496,0.643769968051118,0.533661740558292,0.656910569105691,0.666666666666667,0,0.660550458715596,0.338050314465409,0.661490683229814,0.7104,0.659574468085106,0.355450236966825,0.668231611893584,0.342857142857143,0.659810126582278,0.710526315789474,0.6921875,0.694488188976378,0.654952076677316,0.5984,0.667721518987342,0.640122511485452,0.352484472049689,0.349761526232114,0.651828298887122,0.649921507064364,0.566246056782334,0.653481012658228,0.674380165289256,0.678627145085803,0.651419558359621,0,0.422258592471358,0.664536741214057,0.35426731078905,0,0.689710610932476,0.00490196078431373,0.379421221864952,0.64622641509434,0.694136291600634,0.00161030595813205,0.738362760834671,0.5648,0.686178861788618,0.352941176470588,0.713821138211382,0.649754500818331,0.598705501618123,0.864139020537125,0.726984126984127,0,0.489763779527559,0.677938808373591,0.660855784469097,0.5792,0.665620094191523,0.647350993377483,0.364928909952607,0.00160771704180064,0.665625,0.661442006269592,0.677215189873418,0.679186228482003,0.334384858044164,0.716129032258065,0.478056426332288,0.493174061433447,0.00474683544303797,0.656910569105691,0.698717948717949,0.657686212361331,0,0.548599670510708,0.678972712680578,0.665610142630745,0.637083993660856,0.406015037593985,0,0,0.648036253776435,0.666666666666667,0,0.697305863708399,0.00326797385620915,0,0,0.650641025641026,0,0.65359477124183,0.765451664025357,0.764521193092622,0.65527950310559,0,0,0.665620094191523,0.678955453149002,0.691107644305772,0.350547730829421,0.0016366612111293,0.70606531881804,0.880503144654088,0.675718849840256,0.588050314465409,0.559808612440191,0,0.652582159624413,0.342443729903537,0.680129240710824,0.401626016260163,0,0.348765432098765,0.414355628058728,0.585284280936455,0.649921507064364,0,0.687211093990755,0.697492163009404,0.652037617554859,0,0.406698564593301,0.667221297836938,0.374789915966387,0.64622641509434,0.654205607476635,0.348982785602504,0.639240506329114,0.601587301587302,0.89776357827476,0.359424920127796,0.495065789473684,0.6864,0.00317965023847377,0.344992050874404,0.67906976744186,0.355371900826446,0.68189233278956,0.558966074313409,0,0.431007751937985,0.684124386252046,0.546603475513428,0.665086887835703,0.342313787638669,0.431061806656101,0.584307178631052,0.659476117103236,0.689335394126739,0.67515923566879,0.704944178628389,0,0.677725118483412,0.354489164086687,0.661881977671451,0.672,0.36055469953775,0.655172413793103,0.670926517571885,0.665056360708535,0.609448818897638,0.665605095541401,0.484702093397746,0.522222222222222,0.6976,0.700310559006211,0,0,0.65378421900161,0.688206785137318,0.363782051282051,0.677316293929712,0.675632911392405,0.668238993710692,0.720893141945773,0.774193548387097,0.703703703703704,0,0.680577849117175,0.617460317460317,0.664012738853503,0.6496,0,0.677367576243981,0.6912,0.357487922705314,0.689210950080515,0.579617834394904,0.686728395061728,0.692307692307692,0.665634674922601,0.406832298136646,0.672985781990521,0.661392405063291,0.681458003169572,0.59771986970684,0.430599369085173,0.654028436018957,0.661490683229814,0.0031104199066874,0.694227769110764,0.631083202511774,0.526729559748428,0.706070287539936,0.648264984227129,0.71830985915493,0.660910518053375,0.163076923076923,0.344771241830065,0,0.7184,0.335463258785943,0.340189873417722,0.545741324921136,0,0.667202572347267,0.677215189873418,0.656645569620253,0.666666666666667,0.410543130990415,0.365695792880259,0,0,0.496763754045307,0.367047308319739,0.462157809983897,0,0.334394904458599,0.637380191693291,0.145569620253165,0.59967585089141,0.665040650406504,0.749598715890851,0.655339805825243,0.6890625,0.681114551083591,0,0.658610271903323,0.68860353130016,0.774038461538462,0.703076923076923,0.653605015673981,0.640944881889764,0.00316957210776545,0.685534591194969,0.691358024691358,0,0.654798761609907,0.351181102362205,0.661788617886179,0.568965517241379,0,0.00315955766192733,0.805921052631579,0.718196457326892,0.365659777424483,0.453957996768982,0.00471698113207547,0.0016260162601626,0.667173252279635,0.363192182410423,0.643333333333333,0.578052550231839,0.669796557120501,0.347417840375587,0.569858712715856,0.504038772213247,0.72176759410802,0.406148867313916,0.350710900473934,0.0015748031496063,0.379644588045234,0,0.648818897637795,0.308072487644152,0.668217054263566,0.352272727272727,0.66557911908646,0,0.586206896551724,0.6288,0.663522012578616,0,0.660493827160494,0,0.600977198697068,0.657320872274143,0,0.740973312401884,0.67192429022082,0.626229508196721,0.694533762057878,0.365625,0,0.643987341772152,0.5088,0,0.694968553459119,0.342635658914729,0.352484472049689,0.65742251223491,0.64573268921095,0.663565891472868,0.664025356576862,0.670382165605096,0,0.680577849117175,0.0109375,0.621495327102804,0.528089887640449,0.658346333853354,0.643987341772152,0.66306027820711,0.663551401869159,0.0690737833594976,0.375399361022364,0.675941080196399,0.684627575277338,0.701095461658842,0.680379746835443,0.651090342679128,0.686708860759494,0,0,0.669230769230769,0,0.391304347826087,0.00161030595813205,0.694041867954911,0.517184942716858,0.468852459016393,0.4609375,0.692058346839546,0.00159235668789809,0.458730158730159,0.647709320695103,0.6671875,0.716108452950558,0.719939117199391,0.467473524962179,0.471494607087827,0.611650485436893,0.336507936507937,0.42879746835443,0.81421647819063,0.52,0.69969040247678,0.359300476947536,0,0.3264,0.608064516129032,0.647249190938511,0.701095461658842,0.544478527607362,0.673015873015873,0.7265625,0.648148148148148,0.687908496732026,0.665568369028007,0.660194174757282,0.658105939004815,0.660287081339713,0.590625,0.662420382165605,0.343167701863354,0.353488372093023,0.721780604133545,0.00471698113207547,0.654205607476635,0.660347551342812,0,0.413907284768212,0,0.677215189873418,0,0.670295489891135,0.6656,0.352755905511811,0.82475884244373,0.653250773993808,0.7632,0.73186119873817,0.701587301587302,0,0,0.702479338842975,0.694656488549618,0.657232704402516,0,0,0.336,0.504672897196262,0.598412698412698,0,0.606060606060606,0,0.680645161290323,0.6464,0.469551282051282,0.490566037735849,0,0.581583198707593,0.598736176935229,0.641627543035994,0.68895800933126,0.741433021806854,0.337042925278219,0.67258064516129,0.0476190476190476,0.648604269293924,0,0.6671875,0.00318471337579618,0.647342995169082,0.362745098039216,0.220447284345048,0,0,0.679304897314376,0.665584415584416,0.692068429237947,0.731895223420647,0.367441860465116,0.358766233766234,0.658227848101266,0.634674922600619,0,0.346645367412141,0.67246835443038,0,0.646481178396072,0.696540880503145,0.409235668789809,0.0188383045525903,0.332802547770701,0.666666666666667,0.574638844301766,0.39968152866242,0.395833333333333,0.438871473354232,0.689320388349515,0.404724409448819,0.6624,0,0.717781402936378,0.643642072213501,0.0032,0,0.346749226006192,0,0.366614664586583,0.6578125,0.711256117455139,0.339285714285714,0.345659163987138,0.752396166134185,0.68503937007874,0.6198738170347,0.0342146189735614,0.339403973509934,0.0563607085346216,0.0141287284144427,0,0.291530944625407,0.333843797856049,0.33868378812199,0.369734789391576,0.350387596899225,0.028892455858748,0.0360501567398119,0.364928909952607,0.0174603174603175,0.00809061488673139,0.0336538461538462,0.0204081632653061,0.0411392405063291,0.3536,0.0222929936305732,0.336079077429984,0.344051446945338,0.0273752012882448,0.3486529318542,0.0459418070444104,0.336553945249597,0.352201257861635,0.349618320610687,0.352380952380952
"304",0.960876369327074,0.96030534351145,0.948249619482496,0.93217665615142,0.965079365079365,0.958664546899841,0.881804043545879,0.953846153846154,0.962406015037594,0,0.959028831562974,0,0.589230769230769,0.952681388012618,0.0816640986132511,0.0421875,0,0.0139751552795031,0.965408805031447,0.958966565349544,0.187403993855607,0.0787781350482315,0.947611710323575,0,0.91499227202473,0.279434850863422,0.139498432601881,0.951181102362205,0.485584218512898,0.702160493827161,0.0396341463414634,0.698738170347003,0.764890282131661,0.296583850931677,0,0.967542503863988,0.018018018018018,0.958715596330275,0.299703264094956,0.876899696048632,0.00156494522691706,0.0137404580152672,0.00610687022900763,0.960876369327074,0.773015873015873,0.0570522979397781,0.520249221183801,0.0405616224648986,0.498489425981873,0.158610271903323,0,0.95125786163522,0.300153139356815,0.964341085271318,0.864992150706436,0.203442879499218,0,0.932389937106918,0.937694704049844,0.893518518518518,0.317972350230415,0.457055214723926,0.0345911949685535,0,0.871224165341812,0.803680981595092,0,0.950844854070661,0,0.0407523510971787,0.836641221374046,0.0432098765432099,0.0546021840873635,0.95738203957382,0,0.723241590214067,0.0812883435582822,0.576219512195122,0.879499217527387,0.291118421052632,0,0.723404255319149,0.243119266055046,0.961597542242704,0.132824427480916,0.889894419306184,0.95619335347432,0.944700460829493,0.946401225114854,0.00910470409711684,0.951334379905808,0.958966565349544,0,0,0.949764521193093,0,0.3125,0.953632148377125,0.00458015267175573,0.00625978090766823,0.634945397815913,0,0.326018808777429,0.959627329192547,0.149476831091181,0.958532695374801,0.0107361963190184,0.949230769230769,0.0394944707740916,0.046583850931677,0.0476923076923077,0.886115444617785,0.376744186046512,0.951026856240126,0,0.961059190031153,0.718701700154559,0,0.0399385560675883,0.249612403100775,0,0.769349845201238,0.275808936825886,0.119808306709265,0.946070878274268,0.178736517719569,0.956325301204819,0.956656346749226,0,0.565015479876161,0.916279069767442,0.483670295489891,0.949764521193093,0,0.971653543307087,0.0572289156626506,0,0.227769110764431,0.630769230769231,0.537974683544304,0,0,0.964285714285714,0.742990654205608,0.207667731629393,0.957680250783699,0.0404984423676012,0.903669724770642,0.45511811023622,0.951070336391437,0.180094786729858,0.948916408668731,0.962323390894819,0.833590138674884,0.962616822429907,0.0394321766561514,0.959752321981424,0.0419906687402799,0,0.724842767295597,0.855421686746988,0.94392523364486,0.0627871362940276,0,0.963581183611533,0.47444089456869,0.9632,0.956989247311828,0.963246554364472,0.305343511450382,0.956923076923077,0.0432098765432099,0.946808510638298,0.0346907993966818,0.888364779874214,0.400611620795107,0,0.953271028037383,0,0.83203732503888,0.964285714285714,0.143079315707621,0.963302752293578,0.915514592933948,0.956325301204819,0.942073170731707,0.138674884437596,0.417549167927383,0.9024,0.929577464788732,0.0927357032457496,0.0413476263399694,0.950155763239875,0.841221374045802,0,0,0.31832298136646,0.00153846153846154,0.962235649546828,0.291793313069909,0.86833855799373,0.746522411128284,0.960606060606061,0.444790046656299,0.444277108433735,0.311424100156495,1,0.950155763239875,0.858895705521472,0,0.843894899536321,0.211690363349131,0.930708661417323,0.0416024653312789,0.102409638554217,0.551459293394777,0.947286821705426,1,0.816614420062696,0.956856702619414,0.87211093990755,0,0.100154083204931,0.652503793626707,0.955555555555556,0,0.953846153846154,0.952238805970149,0.563748079877112,0.593272171253823,0.943164362519201,0.955414012738854,0.375,0,0.874432677760968,0.545171339563863,0.944,0.0418604651162791,0.940029985007496,0.962323390894819,0.958074534161491,0.925696594427245,0.545592705167173,0.0453834115805947,0.949464012251149,0.551987767584098,0.0404191616766467,0.0435435435435435,0.235668789808917,0.0421875,0.1669341894061,0.680428134556575,0.0373250388802488,0.0431432973805855,0.0474006116207951,0.592085235920852,0.0771604938271605,0.951713395638629,0.009375,0.0358814352574103,0,0.24251968503937,0.965678627145086,0.937597503900156,0.874806800618238,0,0.863275039745628,0.832072617246596,0.691358024691358,0.624806201550388,0.478328173374613,0.450310559006211,0.0107692307692308,0.958990536277603,0.146564885496183,0.703049759229534,0.940157480314961,0.0519877675840979,0.754276827371695,0.037037037037037,0.152173913043478,0.958966565349544,0.958266452648475,0.87620578778135,0,0.635114503816794,0.876947040498442,0,0.0429447852760736,0.876691729323308,0.956181533646322,0,0.0386398763523957,0.0424242424242424,0.968454258675079,0.875981161695447,0.042654028436019,0,0.397217928902628,0.977952755905512,0.788753799392097,0.426127527216174,0.6640625,1,0.0563380281690141,0.962292609351433,0.964669738863287,0.0494590417310665,0.955246913580247,0.95852534562212,0.941269841269841,0.958139534883721,0.209375,0.332824427480916,0.306027820710974,0.952755905511811,0.930489731437599,0.037821482602118,0.283489096573209,0.95,0.181818181818182,0.319880418535127,0.961059190031153,0.955766192733017,0.956989247311828,0.683962264150943,0.962349397590361,0.2609375,0.939814814814815,0.954898911353033,0,0.356495468277946,0.558213716108453,0.05320813771518,0.0368098159509202,0.0424242424242424,0.899691358024691,0.0670731707317073,0.0351681957186544,0,0.245749613601236,0.95440251572327,0.0998463901689708,0.966019417475728,0.941267387944359,0.961059190031153,0.306122448979592,0.30379746835443,0.6703125,0.496774193548387,0,0.809891808346213,0.0485584218512898,0.0695915279878971,0.238828967642527,0.962145110410095,0.0373250388802488,0,0.352484472049689,0.0492307692307692,0.0625,0.49613601236476,0.955555555555556,0.314465408805031,0.9664,0.93125,0,0.962630792227205,0.0305343511450382,0.953172205438066,0.813559322033898,0.954186413902054,0.0508474576271186,0.934049079754601,0.0387596899224806,0.857361963190184,0.728,0.914764079147641,0.96937212863706,0.959752321981424,0.319018404907975,0.927914110429448,0.956259426847662,0.0390977443609023,0.0641221374045802,0.954828660436137,0.961360123647604,0.35548686244204,0.84984520123839,0.924920127795527,0.938744257274119,0.96594427244582,0,0.160063391442155,0.961538461538462,0.0440251572327044,0,0.949447077409163,0.00775193798449612,0.0816326530612245,0.958715596330275,0.944615384615385,0.0031055900621118,0.633956386292835,0.440625,0.982649842271293,0.0383386581469649,0.877742946708464,0.968354430379747,0.403100775193798,0.597560975609756,0.78858024691358,0,0.201228878648233,0.951863354037267,0.962848297213622,0.467289719626168,0.956856702619414,0.929042904290429,0.0751173708920188,0.00154083204930663,0.966101694915254,0.953271028037383,0.930981595092024,0.678787878787879,0.0453834115805947,0.845425867507886,0.261609907120743,0.208667736757624,0.00462249614791988,0.620472440944882,0.594427244582043,0.636363636363636,0,0.309409888357257,0.887692307692308,0.640243902439024,0.538343558282209,0.119225037257824,0,0,0.960059171597633,0.937308868501529,0,0.909937888198758,0.00955414012738853,0,0,0.959438377535101,0,0.957547169811321,0.766975308641975,0.541353383458647,0.963525835866261,0,0,0.958588957055215,0.941877794336811,0.71689497716895,0.037593984962406,0.00156494522691706,0.868300153139357,0.588414634146341,0.97045101088647,0.552833078101072,0.393468118195956,0,0.953488372093023,0.0401284109149278,0.933858267716535,0.125,0,0.0484848484848485,0.148669796557121,0.487765089722675,0.941807044410414,0,0.923192771084337,0.941448382126348,0.957317073170732,0,0.113924050632911,0.902155887230514,0.0427215189873418,0.957251908396947,0.972685887708649,0.0475460122699387,0.962790697674419,0.3109375,0.812018489984592,0.0467289719626168,0.19422150882825,0.946401225114854,0.00940438871473354,0.0482115085536547,0.949618320610687,0.0509554140127389,0.673566878980892,0.408736349453978,0,0.129485179407176,0.731746031746032,0.285493827160494,0.962848297213622,0.0419906687402799,0.182779456193353,0.446570972886762,0.931714719271624,0.874051593323217,0.928792569659443,0.742496050552923,0,0.949848024316109,0.0393939393939394,0.930817610062893,0.407232704402516,0.0389805097451274,0.964939024390244,0.9578125,0.958715596330275,0.627906976744186,0.964506172839506,0.171606864274571,0.235015772870662,0.914196567862715,0.864906832298137,0,0,0.95748031496063,0.906902086677368,0.053125,0.95,0.97239263803681,0.378670788253478,0.910236220472441,0.71585557299843,0.879284649776453,0,0.9390625,0.342146189735614,0.956454121306376,0.967289719626168,0,0.639751552795031,0.952681388012618,0.0434782608695652,0.67981072555205,0.400928792569659,0.777272727272727,0.708006279434851,0.917417417417417,0.12125748502994,0.946372239747634,0.964723926380368,0.960365853658537,0.302839116719243,0.125581395348837,0.974164133738602,0.960244648318043,0.00606980273141123,0.762557077625571,0.45468509984639,0.294478527607362,0.769349845201238,0.959311424100156,0.884735202492212,0.965785381026439,0.126331811263318,0.0465489566613162,0,0.8078125,0.0408163265306122,0.0400616332819723,0.301857585139319,0,0.962441314553991,0.903323262839879,0.961656441717791,0.96937212863706,0.124416796267496,0.0446153846153846,0,0,0.213270142180095,0.114728682170543,0.191290824261275,0,0.0448916408668731,0.957120980091884,0.0257186081694402,0.317683881064163,0.962025316455696,0.598461538461538,0.938871473354232,0.66969696969697,0.652042360060514,0,0.959090909090909,0.404388714733542,0.50462962962963,0.900302114803625,0.958461538461538,0.421538461538462,0.00769230769230769,0.929121725731895,0.944024205748865,0,0.94081942336874,0.0564885496183206,0.951768488745981,0.43730407523511,0,0.00766871165644172,0.521311475409836,0.835423197492163,0.0429447852760736,0.171653543307087,0.0108527131782946,0.00157232704402516,0.760119940029985,0.0631911532385466,0.9632,0.354103343465046,0.966257668711656,0.0416666666666667,0.386503067484663,0.341049382716049,0.85828025477707,0.122778675282714,0.044478527607362,0.00151745068285281,0.0676100628930818,0,0.956845238095238,0.0710900473933649,0.953101361573374,0.0389408099688473,0.963375796178344,0,0.534039334341906,0.485981308411215,0.960122699386503,0,0.961948249619482,0,0.418641390205371,0.954476479514416,0,0.660550458715596,0.947204968944099,0.724299065420561,0.930599369085173,0.0773899848254932,0,0.959564541213064,0.297339593114241,0,0.687306501547988,0.0346907993966818,0.0524737631184408,0.95583596214511,0.962264150943396,0.957703927492447,0.946875,0.953271028037383,0,0.944615384615385,0.0211800302571861,0.364457831325301,0.312788906009245,0.97196261682243,0.952526799387443,0.954954954954955,0.948406676783004,0.0589147286821705,0.0527950310559006,0.977382875605816,0.948249619482496,0.704819277108434,0.961832061068702,0.956989247311828,0.955589586523737,0,0,0.937592867756315,0,0.096969696969697,0,0.924731182795699,0.314102564102564,0.237048665620094,0.153963414634146,0.9125,0,0.154320987654321,0.955246913580247,0.963133640552995,0.651090342679128,0.43026706231454,0.25297619047619,0.212669683257919,0.644200626959248,0.039453717754173,0.161832061068702,0.552425665101721,0.268633540372671,0.700906344410876,0.0511627906976744,0,0.0394944707740916,0.344287949921753,0.957547169811321,0.636222910216718,0.266068759342302,0.629457364341085,0.864329268292683,0.948640483383686,0.9344,0.949843260188088,0.965244865718799,0.963893249607535,0.572964669738863,0.458715596330275,0.959438377535101,0.0451127819548872,0.0463378176382661,0.855365474339036,0.0121580547112462,0.961538461538462,0.927803379416283,0,0.14785373608903,0,0.936335403726708,0,0.941896024464832,0.957186544342508,0.0445468509984639,0.841294298921418,0.96030534351145,0.665610142630745,0.625,0.861417322834646,0,0,0.920840064620355,0.92089552238806,0.971036585365854,0,0,0.0347551342812006,0.255673222390318,0.495297805642633,0,0.4765625,0,0.910094637223975,0.95447409733124,0.189189189189189,0.265861027190332,0,0.373456790123457,0.595911949685535,0.835658914728682,0.936651583710407,0.775038520801233,0.0380517503805175,0.968051118210863,0.0201550387596899,0.95253164556962,0,0.955022488755622,0.00619195046439629,0.9640625,0.0462962962962963,0.0362204724409449,0,0,0.806990881458967,0.898412698412698,0.918918918918919,0.682706766917293,0.0634441087613293,0.0465116279069767,0.815789473684211,0.829787234042553,0,0.0546021840873635,0.92755905511811,0,0.946957878315133,0.935681470137825,0.0932721712538226,0.031055900621118,0.0388802488335925,0.952815829528158,0.519747235387046,0.108191653786708,0.133545310015898,0.14175654853621,0.68362480127186,0.128398791540786,0.961059190031153,0,0.737756714060032,0.949308755760369,0.00313971742543171,0,0.0389221556886228,0,0.038109756097561,0.955725190839695,0.707667731629393,0.0445151033386327,0.0385802469135802,0.555205047318612,0.929906542056075,0.451367781155015,0.0411585365853659,0.0428571428571429,0.0504731861198738,0.0155763239875389,0,0.0677165354330709,0.0422960725075529,0.0387596899224806,0.055045871559633,0.0350609756097561,0.0409448818897638,0.0487062404870624,0.06,0.0171073094867807,0.00476190476190476,0.0234009360374415,0.0214395099540582,0.0491551459293395,0.0482115085536547,0.0200308166409861,0.0416,0.0425196850393701,0.0330188679245283,0.046656298600311,0.0229007633587786,0.0440060698027314,0.0763239875389408,0.0390977443609023,0.042654028436019
"305",0.0111287758346582,0.0093603744149766,0.0307692307692308,0.0664556962025316,0.024,0.00643086816720257,0.102523659305994,0.036624203821656,0.0108191653786708,0,0.009375,0,0.446708463949843,0.00317460317460317,0.946708463949843,0.981366459627329,0,0.00159744408945687,0.00967741935483871,0.0248833592534992,0.840062111801242,0.96260162601626,0.0199692780337942,0,0.0481366459627329,0.742496050552923,0.882911392405063,0.017741935483871,0.540958268933539,0.325617283950617,0.989197530864197,0.330757341576507,0.233807266982622,0.720748829953198,0,0.00789889415481832,0.0031201248049922,0.00925925925925926,0.748475609756098,0.114329268292683,0,0,0,0.00941915227629513,0.227786752827141,0.971428571428571,0.498407643312102,0.989130434782609,0.554545454545455,0.859756097560976,0,0.0139318885448916,0.742589703588144,0.00786163522012579,0.10952380952381,0.829383886255924,0,0.0334928229665072,0.0498442367601246,0.0962732919254658,0.715179968701095,0.569206842923795,0.992,0,0.0901771336553945,0.174846625766871,0,0.0226904376012966,0,0.992012779552716,0.150855365474339,0.982839313572543,0.978193146417445,0.0091324200913242,0,0.301223241590214,0.950769230769231,0.41588785046729,0.113418530351438,0.747068676716918,0,0.306027820710974,0.792944785276074,0.00771604938271605,0.882260596546311,0.100931677018634,0.012326656394453,0.0390625,0.0417310664605873,0,0.0208,0.0093603744149766,0,0,0.0369181380417336,0,0.684375,0.0250783699059561,0,0,0.392405063291139,0,0.7216,0.0094488188976378,0.894171779141104,0.00972447325769854,0,0.0283464566929134,0.988871224165342,0.982866043613707,0.981220657276995,0.0832025117739403,0.679566563467492,0.0156739811912226,0,0.0218408736349454,0.294488188976378,0,0.990668740279938,0.765923566878981,0,0.241324921135647,0.751962323390895,0.913398692810457,0.0361067503924647,0.85,0.0093167701863354,0.0139318885448916,0,0.465732087227414,0.0716510903426791,0.515248796147673,0.0221870047543582,0,0.0142857142857143,0.970814132104455,0,0.796147672552167,0.385093167701863,0.485804416403785,0,0,0.0234375,0.235658914728682,0.831746031746032,0.00946372239747634,0.984126984126984,0.0777604976671851,0.598116169544741,0.0312989045383412,0.855555555555556,0.023696682464455,0.00955414012738853,0.177469135802469,0.0124031007751938,0.990461049284579,0.00771604938271605,0.992211838006231,0,0.252006420545746,0.136986301369863,0.0297339593114241,0.977238239757208,0,0.00769230769230769,0.570048309178744,0.00978792822185971,0.00772797527047913,0.00775193798449612,0.723241590214067,0.0263975155279503,0.993740219092332,0.0595419847328244,0.992389649923896,0.109350237717908,0.641860465116279,0,0.0250391236306729,0,0.162974683544304,0.00775193798449612,0.873397435897436,0.0297339593114241,0.0541795665634675,0.0178571428571429,0.0310077519379845,0.900473933649289,0.640364188163885,0.0869565217391304,0.0672,0.943661971830986,0.987480438184664,0.0283464566929134,0.124807395993837,0,0,0.702060221870048,0,0.010752688172043,0.756508422664625,0.111470113085622,0.261538461538462,0.0181818181818182,0.560250391236307,0.570982839313573,0.701587301587302,0.096875,0.0425196850393701,0.125382262996942,0,0.12037037037037,0.822294022617124,0.062992125984252,0.988941548183254,0.930662557781202,0.474097331240188,0.0330708661417323,0.0310077519379845,0.170846394984326,0.0107033639143731,0.109204368174727,0,0.924764890282132,0.334848484848485,0.0127388535031847,0,0.0155038759689922,0.0293663060278207,0.46,0.463722397476341,0.0204081632653061,0.0113268608414239,0.625786163522013,0,0.10381679389313,0.486656200941915,0.036741214057508,0.990769230769231,0.0492307692307692,0.00949367088607595,0.009375,0.0559105431309904,0.484567901234568,0.99203821656051,0.03486529318542,0.464396284829721,0.986363636363636,0.98780487804878,0.808544303797468,0.990506329113924,0.844551282051282,0.331811263318113,0.989130434782609,0.987654320987654,1,0.408320493066256,0.947452229299363,0.0252764612954186,0,0.99211356466877,0,0.768867924528302,0.00956937799043062,0.0283464566929134,0.116169544740973,0,0.139646869983949,0.150306748466258,0.315457413249211,0.406491499227202,0.553990610328638,0.545746388443018,0,0.0046801872074883,0.900153609831029,0.317666126418152,0.0484375,1,0.264566929133858,0.989113530326594,0.891304347826087,0.00614439324116743,0.00967741935483871,0.101123595505618,0,0.354938271604938,0.105015673981191,0,0.989263803680982,0.095166163141994,0.0249609984399376,0,0.993788819875776,0.990697674418605,0.0285714285714286,0.119808306709265,0.993589743589744,0,0.601236476043277,0.0177133655394525,0.22,0.632970451010886,0.350961538461538,0.0563380281690141,1,0.0107197549770291,0.00627943485086342,0.984126984126984,0.0403726708074534,0.0112359550561798,0.0375816993464052,0.0107858243451464,0.816326530612245,0.68125,0.704866562009419,0.0318979266347687,0.0660225442834139,0.0015600624024961,0.730708661417323,0.0316455696202532,0.843410852713178,0.690440060698027,0.0156494522691706,0.0078125,0.0358255451713396,0.301282051282051,0.0106382978723404,0.751188589540412,0.0432098765432099,0.0093603744149766,0,0.687211093990755,0.441269841269841,0.981308411214953,0.0015600624024961,0.98159509202454,0.100470957613815,0.960998439937597,0.993788819875776,0,0.771875,0.0125786163522013,0.924646781789639,0.0240384615384615,0.0315955766192733,0.021978021978022,0.71875,0.717285945072698,0.324960753532182,0.55702479338843,0,0.173106646058733,0.975903614457831,0.957186544342508,0.809006211180124,0.00950871632329636,0.987441130298273,0,0.670807453416149,0.981510015408321,0.970358814352574,0.54874213836478,0.0109034267912773,0.731437598736177,0.00814332247557003,0.0408805031446541,0,0.0163934426229508,0.989263803680982,0.00770416024653313,0.173106646058733,0.00969305331179321,0.977883096366509,0.031055900621118,0.989113530326594,0.1265625,0.293739967897271,0.0618238021638331,0.0248833592534992,0.0110062893081761,0.705511811023622,0.0487421383647799,0.00928792569659443,0.992412746585736,0.969230769230769,0.00950871632329636,0.00933125972006221,0.676970633693972,0.125776397515528,0.0400641025641026,0.0558139534883721,0.0093603744149766,0,0.874804381846635,0.00938967136150235,0.990668740279938,0,0.0443037974683544,0,0.960443037974684,0.0077639751552795,0.0391236306729265,0,0.371294851794072,0.594976452119309,0.0287081339712919,0.986991869918699,0.151515151515152,0.00793650793650794,0.639423076923077,0.395348837209302,0.221508828250401,0,0.838862559241706,0.0302547770700637,0.00793650793650794,0.569444444444444,0.00764525993883792,0.0398671096345515,0.9640625,0,0.0245775729646697,0.0126382306477093,0.0554675118858954,0.307219662058372,0.9824,0.139280125195618,0.765891472868217,0.80952380952381,0,0.375,0.397151898734177,0.402157164869029,0,0.727272727272727,0.0959752321981424,0.358695652173913,0.49615975422427,0.919452887537994,0,0,0.00903614457831325,0.0348484848484849,0,0.0877742946708464,0,0,0,0.0110584518167457,0,0.00967741935483871,0.231132075471698,0.483180428134557,0.00927357032457496,0,0,0.0141287284144427,0.0459418070444104,0.277950310559006,0.990740740740741,0,0.1089258698941,0.396923076923077,0.00627943485086342,0.486280487804878,0.675590551181102,0,0.0306748466257669,0.990353697749196,0.0461049284578696,0.908661417322835,0,0.983483483483483,0.883464566929134,0.520967741935484,0.0403100775193798,0,0.0564024390243902,0.0250391236306729,0.00933125972006221,0,0.927652733118971,0.0773026315789474,0.986885245901639,0.00925925925925926,0.00933125972006221,0.983180428134557,0.00927357032457496,0.7,0.195924764890282,0.988958990536278,0.829888712241653,0.0473933649289099,0,0.993769470404984,0.0372670807453416,0.9888,0.351351351351351,0.609105180533752,0,0.893915756630265,0.263492063492063,0.743390357698289,0.0339506172839506,0.989028213166144,0.841368584758942,0.547811993517018,0.0579268292682927,0.114854517611026,0.0473186119873817,0.2496,0,0.0292307692307692,0.990783410138249,0.0427215189873418,0.606109324758842,0.990867579908676,0.00941915227629513,0.00625,0.00646203554119548,0.384737678855326,0.0265625,0.872611464968153,0.815705128205128,0.0596546310832025,0.118461538461538,0,0,0.0189873417721519,0.0748407643312102,0.976303317535545,0.0280811232449298,0.0187207488299532,0.628751974723539,0.0788643533123028,0.271428571428571,0.102918586789555,0,0.0378548895899054,0.6513470681458,0.0094488188976378,0.00470219435736677,0,0.356357927786499,0.0339256865912763,0.995283018867924,0.311004784688995,0.625776397515528,0.2023988005997,0.339116719242902,0.0533536585365854,0.918429003021148,0.0238095238095238,0.0077639751552795,0.029595015576324,0.683279742765273,0.883647798742138,0.0170807453416149,0.00771604938271605,0,0.209627329192547,0.549923195084485,0.751188589540412,0.241112828438949,0.00930232558139535,0.132911392405063,0.0107692307692308,0.110429447852761,0.9936,0,0.187697160883281,0.987220447284345,0.990697674418605,0.727838258164852,0,0.0154798761609907,0.0977917981072555,0.0125391849529781,0.0139318885448916,0.909375,0.988958990536278,0,0,0.836012861736334,0.917851500789889,0.849921011058452,0,0.99079754601227,0.00615384615384615,0.416666666666667,0.708860759493671,0.0093603744149766,0.420560747663551,0.0393700787401575,0.366718027734977,0.368663594470046,0,0.00899550224887556,0.606299212598425,0.510046367851623,0.0769230769230769,0.0214395099540582,0.614791987673344,0,0.05,0.049079754601227,0,0.0397553516819572,0.978159126365055,0.0207336523125997,0.572093023255814,0,0,0.498355263157895,0.162420382165605,0.992138364779874,0.871835443037975,0,0,0.265243902439024,0.967032967032967,0.00980392156862745,0.690292758089368,0.013953488372093,0.989247311827957,0.633693972179289,0.669871794871795,0.138486312399356,0.89983844911147,0.99079754601227,0,0.950715421303657,0,0.0152905198776758,0.806763285024155,0.027027027027027,0.987321711568938,0.00803858520900321,0,0.494590417310665,0.544303797468354,0.0110935023771791,0,0.00925925925925926,0,0.612540192926045,0.015552099533437,0,0.35202492211838,0.0314465408805031,0.274418604651163,0.0573248407643312,0.960122699386503,0,0.00307692307692308,0.737678855325914,0,0.321156773211568,0.990963855421687,0.973846153846154,0.00958466453674121,0.00635930047694754,0.0168970814132104,0.0396196513470681,0.0256,0,0.0347003154574132,0,0.638759689922481,0.7171875,0.0155038759689922,0.0184331797235023,0.0168195718654434,0.0124223602484472,0.0308166409861325,0.979750778816199,0.0278688524590164,0.0476923076923077,0.276827371695179,0.0294117647058824,0.0107197549770291,0.0359937402190923,0,0,0.0287009063444109,0,0.927786499215071,0.00159235668789809,0.0563380281690141,0.728,0.787781350482315,0.876160990712074,0.0861244019138756,0.00157977883096367,0.89622641509434,0.00783699059561128,0.00777604976671851,0.377535101404056,0.593093093093093,0.792168674698795,0.828267477203647,0.359497645211931,0.990712074303406,0.869158878504673,0.454689984101749,0.739336492890995,0.28858024691358,0.981366459627329,0,0.988835725677831,0.657051282051282,0.00969305331179321,0.355694227769111,0.77845220030349,0.372641509433962,0.124416796267496,0.015220700152207,0.0427215189873418,0.0299212598425197,0.00792393026941363,0.00791139240506329,0.467592592592593,0.597200622083981,0.00778816199376947,0.984802431610942,0.983308042488619,0.127692307692308,0,0.00920245398773006,0.0384615384615385,0,0.888529886914378,0,0.05103668261563,0,0.0294573643410853,0.0109204368174727,0.983050847457627,0.177115987460815,0.0061633281972265,0.35377358490566,0.377535101404056,0.111635220125786,0,0,0.0818330605564648,0.0571428571428571,0.0211480362537764,0,0,0.9936,0.759630200308166,0.503076923076923,0,0.564742589703588,0,0.0919175911251981,0.0110584518167457,0.817307692307692,0.762633996937213,0,0.668769716088328,0.43213728549142,0.14937106918239,0.0401854714064915,0.226708074534162,0.990697674418605,0.0207006369426752,0.0926216640502355,0.00798722044728434,0,0.0317700453857791,0,0.00806451612903226,0.974921630094044,0.610492845786963,0,0,0.183800623052959,0.0790322580645161,0.0604651162790698,0.289833080424886,0.965256797583082,0.984251968503937,0.182242990654206,0.172256097560976,0,0.981042654028436,0.033175355450237,0,0.0224358974358974,0.0529595015576324,0.931464174454829,0,0.990445859872611,0.0108024691358025,0.553429027113238,0.919937205651491,0.902866242038217,0.886503067484663,0.299363057324841,0.9,0.00940438871473354,0,0.240126382306477,0.0233644859813084,0,0,0.995454545454545,0,0.990639625585023,0.00777604976671851,0.290791599353796,0.990625,0.988817891373802,0.471428571428571,0.046875,0.568535825545171,0,0.990306946688207,0.0455284552845528,0.00464396284829721,0,0.80188679245283,0.99079754601227,0.989147286821705,0.98125,0.993874425727412,0,0,0.976635514018692,0.00469483568075117,0.00158982511923688,0.0220472440944882,0.0046656298600311,0,0.984101748807631,0.00940438871473354,0.990353697749196,0.98755832037325,0,0.982704402515723,0.0488549618320611,0.993779160186625,0.906396255850234,0.989393939393939,0.990610328638498
"306",0.99685534591195,1,0.966412213740458,0.935433070866142,0.981102362204724,1,0.894333843797856,0.972477064220184,1,0,1,0,0.581538461538462,1,0.0412844036697248,0.00623052959501558,0,0.0170015455950541,0.996875,0.981707317073171,0.154320987654321,0.0302547770700637,0.992331288343558,0,0.955589586523737,0.265079365079365,0.109230769230769,0.985781990521327,0.476621417797888,0.67427701674277,0,0.690658499234303,0.763608087091757,0.286153846153846,0,1,0.0198473282442748,0.995412844036697,0.257100149476831,0.912254160363086,0.00157232704402516,0.0169491525423729,0.00606980273141123,1,0.78125,0.0231839258114374,0.520610687022901,0,0.471036585365854,0.126676602086438,0,0.992138364779874,0.271450858034321,1,0.889570552147239,0.158307210031348,0,0.976708074534162,0.95565749235474,0.905343511450382,0.299694189602446,0.437878787878788,0,0,0.899841017488076,0.819295558958652,0,0.987635239567233,0,0,0.866261398176292,0.00764525993883792,0.0199386503067485,1,0,0.716666666666667,0.0396341463414634,0.571209800918836,0.894080996884735,0.269480519480519,0,0.716012084592145,0.222390317700454,1,0.109939759036145,0.898791540785498,0.996937212863706,0.968277945619335,0.963963963963964,0.0105580693815988,0.989079563182527,1,0,0,0.970219435736677,0,0.284178187403994,0.983076923076923,0.00610687022900763,0.00773993808049536,0.605873261205564,0,0.28125,1,0.0980392156862745,1,0.0123839009287926,0.977064220183486,0,0.00771604938271605,0.00755287009063444,0.903875968992248,0.324116743471582,0.992272024729521,0,0.983257229832572,0.707241910631741,0,0,0.235294117647059,0,0.763440860215054,0.248484848484848,0.0821484992101106,0.977168949771689,0.141104294478528,0.996978851963746,0.996932515337423,0,0.54,0.930015552099533,0.500784929356358,0.990697674418605,0,0.996825396825397,0.0227272727272727,0,0.2078125,0.626356589147287,0.506389776357827,0,0,0.976958525345622,0.757716049382716,0.170616113744076,1,0.00622083981337481,0.922137404580153,0.40405616224649,0.977307110438729,0.132492113564669,0.984544049459042,1,0.835616438356164,0.995305164319249,0,1,0,0,0.732057416267943,0.87518573551263,0.983050847457627,0.0194902548725637,0,1,0.45440251572327,1,1,1,0.297297297297297,0.97542242703533,0.00153846153846154,0.945945945945946,0,0.898753894080997,0.374233128834356,0,0.981481481481482,0,0.852307692307692,1,0.120426829268293,0.980243161094225,0.943076923076923,0.991017964071856,0.974164133738602,0.103186646433991,0.364599092284418,0.929356357927786,0.936204146730462,0.0506134969325153,0.0060790273556231,0.979719188767551,0.861491628614916,0,0,0.296583850931677,0.0015552099533437,1,0.250374812593703,0.875590551181102,0.758358662613982,0.987860394537178,0.422427035330261,0.442396313364055,0.289719626168224,0.923556942277691,0.962558502340094,0.88,0,0.884969325153374,0.186009538950715,0.945652173913043,0,0.0721804511278196,0.525345622119816,0.978755690440061,0.977511244377811,0.825153374233129,0.998470948012232,0.893188854489164,0,0.0791476407914764,0.652694610778443,0.995319812792512,0,0.992537313432836,0.979073243647235,0.543511450381679,0.541984732824427,0.990811638591118,1,0.351309707241911,0,0.88821752265861,0.516819571865443,0.969745222929936,0,0.957511380880121,0.998444790046656,1,0.950769230769231,0.525757575757576,0.00152905198776758,0.967592592592593,0.540458015267176,0.00441826215022091,0,0.204580152671756,0,0.147515527950311,0.67427701674277,0,0.00304878048780488,0.0107361963190184,0.583458646616541,0.041335453100159,0.987460815047022,0.010989010989011,0,0,0.21283255086072,1,0.975609756097561,0.905053598774885,0,0.872472783825817,0.851963746223565,0.688073394495413,0.58887171561051,0.458914728682171,0.46046511627907,0.012326656394453,1,0.0929878048780488,0.7024,0.958461538461538,0.0137825421133231,0.742236024844721,0,0.117557251908397,1,1,0.894230769230769,0,0.640122511485452,0.883359253499222,0,0,0.898484848484848,0.978193146417445,0,0.00152439024390244,0.00151285930408472,0.979655712050078,0.882075471698113,0,0,0.370942812982998,0.989079563182527,0.790346907993967,0.380733944954128,0.653905053598775,0.962292609351433,0.0107197549770291,1,1,0.00461538461538462,0.964669738863287,1,0.976377952755906,0.996955859969559,0.18960244648318,0.326747720364742,0.281972265023112,0.973520249221184,0.939252336448598,0.049306625577812,0.265745007680492,0.970858895705521,0.153139356814701,0.297297297297297,0.995348837209302,0.996899224806202,0.966309341500766,0.685126582278481,1,0.241486068111455,0.962121212121212,0.9984375,0,0.331818181818182,0.547433903576983,0.0168711656441718,0.0519877675840979,0.00750750750750751,0.907834101382488,0.0260336906584992,0,0,0.22782874617737,0.992236024844721,0.0682170542635659,0.983948635634029,0.966101694915254,0.987654320987654,0.286384976525822,0.28391167192429,0.675,0.452229299363057,0,0.818320610687023,0.0119940029985007,0.0422322775263952,0.193893129770992,1,0.00153609831029186,0,0.336377473363775,0.00904977375565611,0.0172143974960876,0.477203647416413,1,0.269108280254777,1,0.972006220839813,0,0.991202346041056,0,0.998496240601504,0.831530139103555,1,0.0106870229007634,0.980509745127436,0,0.895295902883156,0.709175738724728,0.942684766214178,0.986259541984733,0.998463901689708,0.293663060278207,0.964615384615385,1,0,0.0242057488653555,1,1,0.315548780487805,0.892141756548536,0.963893249607535,0.95144157814871,1,0,0.10377358490566,1,0,0,0.964560862865948,0.00928792569659443,0.0454545454545455,1,0.966049382716049,0.00315457413249211,0.624420401854714,0.430981595092025,0.9828125,0.00156985871271586,0.872307692307692,0.996810207336523,0.375579598145286,0.605546995377504,0.786271450858034,0,0.16,0.973354231974922,0.998456790123457,0.452713178294574,1,0.975206611570248,0.030441400304414,0.0015527950310559,0.983206106870229,0.995440729483283,0.948012232415902,0.686064318529862,0.0077639751552795,0.868012422360248,0.246200607902736,0.181523500810373,0.00459418070444104,0.626543209876543,0.61136712749616,0.613707165109034,0,0.2796875,0.90937019969278,0.63595166163142,0.506153846153846,0.0680473372781065,0,0,1,0.977544910179641,0,0.921538461538462,0.0093167701863354,0,0,0.998452012383901,0,1,0.76625386996904,0.512937595129376,1,0,0,0.992331288343558,0.962462462462462,0.716012084592145,0,0.00154559505409583,0.880484114977307,0.588145896656535,1,0.541984732824427,0.338957055214724,0,0.980061349693252,0,0.952755905511811,0.0904836193447738,0,0.00900900900900901,0.114241001564945,0.49438202247191,0.971168437025797,0,0.949177877428999,0.972644376899696,1,0,0.0744186046511628,0.936585365853659,0.00477707006369427,1,1,0.00917431192660551,1,0.293759512937595,0.800307219662058,0.00775193798449612,0.164576802507837,0.961479198767334,0.0108191653786708,0,0.972644376899696,0.0078740157480315,0.65990639625585,0.371913580246914,0,0.106646058732612,0.738993710691824,0.244309559939302,0.97542242703533,0,0.161094224924012,0.464856230031949,0.946889226100152,0.887387387387387,0.963779527559055,0.743307086614173,0,0.985007496251874,0,0.971036585365854,0.38006230529595,0,1,1,1,0.626728110599078,0.984662576687117,0.122699386503067,0.185534591194969,0.950920245398773,0.883156297420334,0,0,0.989028213166144,0.94375,0.0109375,0.985959438377535,0.990867579908676,0.361538461538462,0.934272300469484,0.720379146919431,0.885885885885886,0,0.970633693972179,0.329721362229102,1,0.998452012383901,0,0.6265625,0.970496894409938,0,0.681538461538462,0.377675840978593,0.801492537313433,0.690251572327044,0.962292609351433,0.091044776119403,0.985981308411215,1,0.978658536585366,0.296238244514107,0.0961832061068702,0.989263803680982,1,0.00758725341426404,0.770614692653673,0.465151515151515,0.255351681957187,0.774539877300613,1,0.875583203732504,1,0.120845921450151,0,0,0.818604651162791,0.00154559505409583,0,0.266355140186916,0,0.989164086687306,0.912172573189522,0.998475609756098,0.993975903614458,0.0945121951219512,0,0,0,0.170807453416149,0.073094867807154,0.15919629057187,0,0,1,0.00907715582450832,0.290571870170015,1,0.582317073170732,0.972644376899696,0.653495440729483,0.635820895522388,0,1,0.388198757763975,0.492307692307692,0.923652694610778,0.986425339366516,0.398484848484848,0.00918836140888208,0.950387596899225,0.954545454545455,0,0.96602658788774,0.0152671755725191,0.984251968503937,0.438066465256798,0,0.00766871165644172,0.517405063291139,0.839009287925697,0,0.128526645768025,0.010752688172043,0.00158227848101266,0.741456166419019,0.0202808112324493,1,0.310708898944193,0.993948562783661,0,0.377845220030349,0.334384858044164,0.874411302982732,0.0942492012779553,0.00153139356814701,0.00154320987654321,0.0425196850393701,0,0.995468277945619,0.0332805071315372,0.977477477477477,0.00156494522691706,1,0,0.522455089820359,0.466353677621283,1,0,1,0,0.384615384615385,0.987823439878234,0,0.638972809667674,0.98,0.7453125,0.948194662480377,0.0386398763523957,0,1,0.260061919504644,0,0.684848484848485,0,0.0121028744326778,1,1,0.989457831325301,0.966049382716049,0.978090766823161,0,0.974960876369327,0.0242424242424242,0.338880484114977,0.277519379844961,0.990811638591118,0.992354740061162,0.995447647951442,0.992295839753467,0.0612557427258806,0.0168453292496172,0.982594936708861,0.960244648318043,0.71841704718417,0.976993865030675,1,0.97428139183056,0,0,0.982222222222222,0,0.0692771084337349,0,0.954268292682927,0.278996865203762,0.216772151898734,0.119940029985007,0.917956656346749,0,0.104294478527607,1,1,0.642526964560863,0.407132243684993,0.212922173274596,0.171898355754858,0.65,0,0.116564417177914,0.534375,0.260336906584992,0.704204204204204,0.0108864696734059,0,0,0.315047021943574,1,0.615975422427035,0.221556886227545,0.623277182235835,0.878834355828221,0.989520958083832,0.955974842767296,0.98145285935085,1,0.998439937597504,0.540334855403349,0.412942989214176,0.998461538461539,0.00443131462333826,0.010590015128593,0.871517027863777,0.0136157337367625,1,0.972685887708649,0,0.103392568659128,0,0.952234206471495,0,0.970858895705521,1,0.0075642965204236,0.832565284178187,1,0.649691358024691,0.621951219512195,0.875583203732504,0,0,0.9248,0.943620178041543,0.986363636363636,0,0,0,0.23644578313253,0.509230769230769,0,0.437689969604863,0,0.929906542056075,1,0.161695447409733,0.242424242424242,0,0.332288401253919,0.6,0.872894333843798,0.961367013372957,0.772657450076805,0,0.987480438184664,0.0155763239875389,1,0,0.980654761904762,0.0061633281972265,1,0.0201238390092879,0.0108695652173913,0,0,0.82370820668693,0.92776886035313,0.931921331316188,0.71342383107089,0.0242057488653555,0.00313971742543171,0.835913312693498,0.852852852852853,0,0.0154320987654321,0.962790697674419,0,0.9875,0.955927051671733,0.0679012345679012,0.0425531914893617,0.00303951367781155,1,0.462025316455696,0.0819165378670788,0.101587301587302,0.113808801213961,0.684627575277338,0.0916030534351145,1,0,0.754303599374022,0.986363636363636,0.00312989045383412,0,0,0,0,1,0.720634920634921,0,0,0.544323483670295,0.953488372093023,0.436641221374046,0.0540540540540541,0.0015625,0.0551181102362205,0.018348623853211,0,0.0327102803738318,0.00451127819548872,0.0015527950310559,0.00902255639097744,0,0.0513219284603421,0.0564024390243902,0.013953488372093,0.0199386503067485,0.00625978090766823,0.0271084337349398,0.0260336906584992,0.0587326120556414,0.00612557427258806,0.0199386503067485,0,0.00310077519379845,0.0479134466769706,0.00618238021638331,0.0224550898203593,0,0.0322085889570552,0.00149476831091181,0.00154320987654321
"307",0.996789727126806,1,0.969230769230769,0.9375,0.982539682539682,1,0.886435331230284,0.971608832807571,1,0,1,0,0.551401869158878,1,0.0373250388802488,0.00934579439252336,0,0.0141287284144427,0.996840442338073,0.981337480559876,0.150621118012422,0.0337620578778135,0.989197530864197,0,0.959627329192547,0.257911392405063,0.105426356589147,0.990476190476191,0.454407294832827,0.685185185185185,0,0.685758513931889,0.754358161648177,0.28149300155521,0,1,0.0170015455950541,0.995391705069124,0.26355421686747,0.900763358778626,0.00157728706624606,0.0154083204930663,0.00463678516228748,1,0.782467532467532,0.0221169036334913,0.527910685805423,0,0.457446808510638,0.12788906009245,0,0.993690851735016,0.257410296411856,1,0.876947040498442,0.165329052969502,0,0.972712680577849,0.953846153846154,0.891304347826087,0.292117465224111,0.420970266040689,0,0,0.892628205128205,0.818604651162791,0,0.987538940809969,0,0,0.862928348909657,0.00768049155145929,0.0141955835962145,1,0,0.692780337941628,0.0496894409937888,0.568567026194145,0.896,0.264026402640264,0,0.696923076923077,0.208588957055215,0.998459167950693,0.108864696734059,0.910077519379845,0.998461538461539,0.972222222222222,0.970858895705521,0.0122511485451761,0.989045383411581,1,0,0,0.9776,0,0.28129829984544,0.979813664596273,0.0077639751552795,0.00792393026941363,0.602167182662539,0,0.294952681388013,1,0.101669195751138,1,0.0110410094637224,0.973228346456693,0,0.00949367088607595,0.0078003120124805,0.904912836767036,0.323899371069182,0.993759750390016,0,0.984375,0.702619414483821,0,0,0.227202472952087,0,0.752755905511811,0.24294670846395,0.076555023923445,0.975193798449612,0.153488372093023,0.998475609756098,0.996904024767802,0,0.547839506172839,0.93125,0.477346278317152,0.992138364779874,0,0.996840442338073,0.0231839258114374,0,0.201907790143084,0.644549763033175,0.518341307814992,0,0,0.978193146417445,0.752773375594295,0.167456556082148,1,0.00623052959501558,0.916279069767442,0.401913875598086,0.98159509202454,0.130365659777424,0.985781990521327,1,0.832558139534884,0.993788819875776,0,1,0,0,0.72972972972973,0.86232980332829,0.979876160990712,0.018348623853211,0,1,0.449760765550239,1,1,1,0.277950310559006,0.978193146417445,0,0.951070336391437,0,0.885714285714286,0.371294851794072,0,0.980952380952381,0,0.84748427672956,1,0.112341772151899,0.982758620689655,0.961479198767334,0.992492492492492,0.976599063962558,0.0981308411214953,0.37962962962963,0.928,0.94912559618442,0.0501567398119122,0.0060790273556231,0.980922098569157,0.8453125,0,0,0.292993630573248,0.00156739811912226,1,0.256609642301711,0.865814696485623,0.75195007800312,0.99079754601227,0.435126582278481,0.424100156494523,0.28548644338118,0.935736677115988,0.968701095461659,0.873651771956857,0,0.874242424242424,0.171383647798742,0.94551282051282,0,0.0631578947368421,0.537617554858934,0.975,0.980091883614089,0.819334389857369,0.998447204968944,0.889064976228209,0,0.0644654088050314,0.649390243902439,0.993690851735016,0,0.992307692307692,0.977307110438729,0.539781591263651,0.540832049306626,0.988888888888889,1,0.357030015797788,0,0.881987577639752,0.515055467511886,0.971383147853736,0,0.954198473282443,1,1,0.94811320754717,0.541666666666667,0.00157728706624606,0.970266040688576,0.551242236024845,0.00305343511450382,0,0.19620253164557,0,0.148387096774194,0.667678300455235,0,0.00313479623824451,0.00617283950617284,0.571865443425077,0.0356564019448947,0.985759493670886,0.0109546165884194,0,0,0.226114649681529,1,0.978125,0.903576982892691,0,0.8624,0.850467289719626,0.682316118935837,0.596546310832025,0.43944099378882,0.437898089171975,0.0123647604327666,1,0.0911854103343465,0.706168831168831,0.960567823343849,0.00927357032457496,0.74685534591195,0.00156494522691706,0.122670807453416,1,1,0.886762360446571,0,0.633846153846154,0.881516587677725,0,0,0.891402714932127,0.97933227344992,0,0.0015552099533437,0.00154083204930663,0.980922098569157,0.86634460547504,0,0,0.375196232339089,0.990491283676704,0.772657450076805,0.38785046728972,0.654574132492114,0.964669738863287,0.00627943485086342,1,1,0.00786163522012579,0.968944099378882,1,0.971107544141252,0.998463901689708,0.180379746835443,0.307332293291732,0.278816199376947,0.972972972972973,0.943273905996759,0.0467289719626168,0.245696400625978,0.97588424437299,0.151937984496124,0.291729323308271,0.99375,0.998417721518987,0.968652037617555,0.674085850556439,0.996955859969559,0.229067930489731,0.96177370030581,0.996870109546166,0,0.311349693251534,0.539808917197452,0.0171073094867807,0.0485133020344288,0.00600600600600601,0.91499227202473,0.0249221183800623,0,0,0.225908372827804,0.993710691823899,0.0672926447574335,0.985342019543974,0.973228346456693,0.985915492957746,0.287301587301587,0.282747603833866,0.658767772511848,0.445350734094617,0,0.818471337579618,0.0153609831029186,0.0365853658536585,0.197852760736196,1,0.0015552099533437,0,0.314241486068111,0.00928792569659443,0.0250391236306729,0.463722397476341,1,0.269537480063796,1,0.965625,0,0.992559523809524,0,0.998466257668712,0.8296875,1,0.0109546165884194,0.973765432098765,0,0.872239747634069,0.709728867623604,0.945454545454545,0.986003110419907,0.998427672955975,0.287735849056604,0.961300309597523,1,0,0.0217729393468118,1,1,0.318252730109204,0.877551020408163,0.96078431372549,0.952012383900929,1,0,0.112903225806452,1,0.00156494522691706,0,0.965189873417722,0.00966183574879227,0.0428571428571429,1,0.968503937007874,0.00476190476190476,0.616352201257862,0.41390205371248,0.985530546623794,0.00158982511923688,0.872408293460925,0.996774193548387,0.356230031948882,0.588697017268446,0.779014308426073,0,0.163009404388715,0.974603174603175,0.998427672955975,0.44811320754717,1,0.972267536704731,0.0235849056603774,0.0015600624024961,0.982945736434109,0.99537037037037,0.957746478873239,0.682588597842835,0.00791139240506329,0.855572998430141,0.237341772151899,0.171521035598705,0.00460829493087558,0.606687898089172,0.600953895071542,0.602427921092564,0,0.282467532467532,0.908661417322835,0.630672926447574,0.514548238897397,0.0691729323308271,0,0,1,0.971342383107089,0,0.919003115264797,0.00952380952380952,0,0,1,0,1,0.770769230769231,0.519025875190259,1,0,0,0.993700787401575,0.968277945619335,0.695384615384615,0,0.00161812297734628,0.872534142640364,0.58179012345679,1,0.523148148148148,0.345971563981043,0,0.982758620689655,0,0.954041204437401,0.0925039872408294,0,0.00765696784073507,0.10989010989011,0.490228013029316,0.974882260596546,0,0.951788491446345,0.97542242703533,1,0,0.0719874804381847,0.93192868719611,0.00328407224958949,1,1,0.00923076923076923,1,0.287949921752739,0.803100775193798,0.00470219435736677,0.165594855305466,0.963722397476341,0.0110584518167457,0,0.972136222910217,0.00645161290322581,0.647798742138365,0.3859375,0,0.117554858934169,0.7296,0.255485893416928,0.975308641975309,0,0.141524105754277,0.449275362318841,0.947852760736196,0.875,0.961965134706815,0.736593059936908,0,0.98159509202454,0,0.962323390894819,0.385852090032154,0,1,1,1,0.645110410094637,0.984447900466563,0.123222748815166,0.193236714975845,0.941269841269841,0.865414710485133,0,0,0.993579454253612,0.936908517350158,0.014218009478673,0.98297213622291,0.993779160186625,0.362204724409449,0.924290220820189,0.72386895475819,0.876712328767123,0,0.965408805031447,0.325508607198748,1,0.998439937597504,0,0.623233908948195,0.971830985915493,0,0.666136724960254,0.371294851794072,0.787878787878788,0.683385579937304,0.955792682926829,0.0777439024390244,0.982649842271293,1,0.976816074188563,0.282051282051282,0.088646967340591,0.990740740740741,1,0.00920245398773006,0.777089783281734,0.453978159126365,0.249230769230769,0.74806800618238,1,0.889064976228209,1,0.132307692307692,0,0,0.808411214953271,0.00159744408945687,0,0.276295133437991,0,0.990506329113924,0.914596273291925,1,0.995419847328244,0.0903426791277259,0,0,0,0.168539325842697,0.0752351097178683,0.163265306122449,0,0,1,0.00921658986175115,0.285714285714286,1,0.587326120556414,0.969889064976228,0.662538699690402,0.626707132018209,0,1,0.381789137380192,0.487538940809969,0.916666666666667,0.987616099071207,0.383775351014041,0.0109375,0.95141065830721,0.955792682926829,0,0.969512195121951,0.0125,0.990430622009569,0.417956656346749,0,0.0093167701863354,0.502446982055465,0.822222222222222,0,0.126782884310618,0.0108864696734059,0.00161030595813205,0.756390977443609,0.0253565768621236,1,0.321044546850998,0.995440729483283,0,0.370542635658915,0.32695374800638,0.860759493670886,0.0983606557377049,0.00309597523219814,0.00154798761609907,0.0382165605095541,0,0.995384615384615,0.0353697749196141,0.980243161094225,0.004739336492891,1,0,0.50076103500761,0.437990580847724,1,0,0.998452012383901,0,0.393312101910828,0.990726429675425,0,0.645061728395062,0.977812995245642,0.759493670886076,0.950715421303657,0.0336906584992343,0,1,0.248803827751196,0,0.685758513931889,0,0.0138036809815951,1,1,0.99537037037037,0.96998420221169,0.984177215189873,0,0.97456279809221,0.0245775729646697,0.343511450381679,0.276661514683153,0.992199687987519,0.993740219092332,0.993846153846154,0.993846153846154,0.0522273425499232,0.0171875,0.985245901639344,0.96319018404908,0.707317073170732,0.981191222570533,1,0.970542635658915,0,0,0.980392156862745,0,0.0599078341013825,0,0.951026856240126,0.272292993630573,0.200317965023847,0.125,0.927786499215071,0,0.101851851851852,1,1,0.622257053291536,0.407185628742515,0.21021021021021,0.17638036809816,0.666134185303514,0,0.115919629057187,0.538940809968847,0.243369734789392,0.685670261941448,0.00933125972006221,0,0,0.319554848966614,1,0.610328638497653,0.233433734939759,0.609984399375975,0.86910197869102,0.98937784522003,0.956168831168831,0.981012658227848,1,0.998444790046656,0.554517133956386,0.415384615384615,0.998425196850394,0.00605143721633888,0.00914634146341463,0.864485981308411,0.0121951219512195,1,0.969088098918083,0,0.115942028985507,0,0.950949367088608,0,0.975232198142415,1,0.00773993808049536,0.837423312883436,1,0.660910518053375,0.624427480916031,0.870047543581617,0,0,0.926948051948052,0.941176470588235,0.989345509893455,0,0,0,0.212863705972435,0.49144634525661,0,0.448979591836735,0,0.925039872408293,1,0.147249190938511,0.229813664596273,0,0.344,0.585173501577287,0.860282574568289,0.963246554364472,0.763157894736842,0,0.98876404494382,0.0156494522691706,1,0,0.983128834355828,0.0062402496099844,1,0.0186915887850467,0.0110584518167457,0,0,0.809375,0.925566343042071,0.936434108527132,0.711009174311927,0.0257186081694402,0.00474683544303797,0.834108527131783,0.838660578386606,0,0.0171606864274571,0.971742543171115,0,0.984,0.95679012345679,0.0618238021638331,0.0401854714064915,0.00155038759689922,1,0.456556082148499,0.0689655172413793,0.0990415335463259,0.109737248840804,0.67304625199362,0.0885496183206107,1,0,0.74414976599064,0.983050847457627,0.00156494522691706,0,0,0,0,1,0.7136,0,0,0.545016077170418,0.955271565495208,0.418495297805643,0.0461538461538462,0.00161812297734628,0.0515297906602254,0.0141065830721003,0,0.0313479623824451,0.00609756097560976,0.00156494522691706,0.0125588697017268,0,0.0456692913385827,0.0557275541795666,0.0124610591900312,0.0156494522691706,0.00482315112540193,0.0233644859813084,0.0202808112324493,0.0544323483670296,0.00470219435736677,0.015625,0,0.00158478605388273,0.0440944881889764,0.00630914826498423,0.0201550387596899,0,0.0267716535433071,0.00151057401812689,0.00154559505409583
"308",0.00485436893203883,0.00778816199376947,0.031201248049922,0.0653907496012759,0.0145161290322581,0.00807754442649435,0.0956937799043062,0.0268562401263823,0.0046583850931677,0,0.0046656298600311,0,0.44391785150079,0.00638977635782748,0.953271028037383,0.996845425867508,0,0,0.00964630225080386,0.0218068535825545,0.830427892234548,0.957860615883306,0.013953488372093,0,0.0486656200941915,0.763492063492063,0.901116427432217,0.0145631067961165,0.523584905660377,0.307098765432099,0.996941896024465,0.328571428571429,0.239302694136292,0.718553459119497,0,0.00793650793650794,0.00613496932515337,0.0108024691358025,0.748103186646434,0.100308641975309,0,0,0,0.00644122383252818,0.222940226171244,0.975450081833061,0.505582137161085,0.993740219092332,0.537519142419602,0.866359447004608,0,0.0126782884310618,0.722135007849294,0.008,0.106858054226475,0.840322580645161,0,0.0322061191626409,0.0375586854460094,0.106976744186047,0.713395638629283,0.557993730407524,0.993569131832797,0,0.098546042003231,0.183385579937304,0,0.0171339563862928,0,0.992076069730586,0.139280125195618,0.987381703470032,0.979133226324238,0.00623052959501558,0,0.28816199376947,0.948678071539658,0.45226917057903,0.106518282988871,0.737704918032787,0,0.297339593114241,0.788667687595712,0.00462962962962963,0.883096366508689,0.0965732087227414,0.0126382306477093,0.0360501567398119,0.0343213728549142,0,0.0223642172523962,0.00155763239875389,0,0,0.0337620578778135,0,0.694488188976378,0.0264797507788162,0,0,0.379905808477237,0,0.71563981042654,0.0063391442155309,0.890092879256966,0.00650406504065041,0,0.0252764612954186,0.992138364779874,0.984301412872841,0.985871271585557,0.0788643533123028,0.678233438485804,0.0141509433962264,0,0.0140625,0.287949921752739,0,0.995238095238095,0.771565495207668,0,0.242375601926164,0.755451713395639,0.923824959481361,0.0280373831775701,0.856474258970359,0.0062015503875969,0.00625,0,0.447368421052632,0.0746031746031746,0.510569105691057,0.0144230769230769,0,0.0144927536231884,0.969230769230769,0,0.786833855799373,0.390822784810127,0.487844408427877,0,0,0.0268562401263823,0.2484375,0.83739837398374,0.00473186119873817,0.987301587301587,0.0846394984326019,0.593192868719611,0.0261538461538462,0.857605177993528,0.0207006369426752,0.0064,0.169278996865204,0.00793650793650794,0.992101105845182,0.00313479623824451,0.992050874403816,0,0.267515923566879,0.130434782608696,0.0231481481481481,0.976816074188563,0,0.0062015503875969,0.561093247588424,0.00646203554119548,0.00470957613814757,0.00622083981337481,0.717357910906298,0.028436018957346,0.995297805642633,0.0535987748851455,0.992223950233281,0.0988835725677831,0.649921507064364,0,0.0221169036334913,0,0.165366614664587,0.00786163522012579,0.878740157480315,0.0251177394034537,0.0605590062111801,0.0152905198776758,0.0246153846153846,0.905511811023622,0.640672782874618,0.0775444264943457,0.0634920634920635,0.938582677165354,0.9890625,0.0224719101123595,0.127527216174184,0,0,0.693290734824281,0,0.00465116279069767,0.752704791344668,0.12,0.262751159196291,0.0154798761609907,0.562903225806452,0.569400630914827,0.705314009661836,0.0871632329635499,0.046031746031746,0.1359375,0,0.124213836477987,0.814332247557003,0.053484602917342,0.993710691823899,0.933641975308642,0.464678178963893,0.029874213836478,0.0264385692068429,0.17192429022082,0.00788643533123028,0.116719242902208,0,0.929356357927786,0.350931677018634,0.00802568218298555,0,0.0109204368174727,0.0200617283950617,0.447619047619048,0.461658841940532,0.016,0.0065359477124183,0.626582278481013,0,0.102167182662539,0.494435612082671,0.0310457516339869,0.993788819875776,0.0462249614791988,0.00635930047694754,0.0078740157480315,0.0504731861198738,0.48125,0.992,0.0347003154574132,0.477657935285054,0.993808049535604,0.995405819295559,0.82120253164557,0.993670886075949,0.841680129240711,0.328173374613003,0.992125984251969,0.99211356466877,0.982758620689655,0.412130637636081,0.956591639871383,0.0209003215434084,0,0.992260061919505,0,0.767036450079239,0.00807754442649435,0.0251968503937008,0.0949367088607595,0,0.132045088566828,0.142635658914729,0.325434439178515,0.412322274881517,0.551282051282051,0.5456,0,0.0016,0.896284829721362,0.310064935064935,0.0425196850393701,0.981191222570533,0.237048665620094,0.993650793650794,0.870866141732283,0.00307692307692308,0.00485436893203883,0.0969305331179321,0,0.360374414976599,0.103668261562998,0,0.995215311004785,0.0917573872472784,0.0207006369426752,0,0.995290423861852,0.992248062015504,0.0253565768621236,0.122977346278317,0.991830065359477,0,0.607255520504732,0.0141955835962145,0.221183800623053,0.617554858934169,0.334935897435897,0.0494590417310665,0.984126984126984,0.00461538461538462,0.00786163522012579,1,0.0359375,0.00635930047694754,0.0338164251207729,0.009375,0.822605965463108,0.68160741885626,0.712715855572998,0.027027027027027,0.0674157303370786,0,0.745980707395498,0.0297805642633229,0.857142857142857,0.694099378881988,0.00940438871473354,0.00797448165869218,0.0348101265822785,0.32137030995106,0.0077639751552795,0.766612641815235,0.0404354587869362,0.00958466453674121,0,0.675465838509317,0.451043338683788,0.979166666666667,0,0.982945736434109,0.0959119496855346,0.976708074534162,0.992199687987519,0,0.785266457680251,0.0112179487179487,0.929577464788732,0.0132013201320132,0.0313971742543171,0.0206349206349206,0.712,0.713826366559486,0.346092503987241,0.555737704918033,0,0.176656151419558,0.984639016897081,0.955177743431221,0.796267496111975,0.00158730158730159,0.992175273865415,0,0.668231611893584,1,0.968051118210863,0.534267912772586,0.00469483568075117,0.722852512155592,0.00649350649350649,0.0347551342812006,0,0.0136157337367625,0.992283950617284,0.00772797527047913,0.174528301886792,0.0065252854812398,0.9828125,0.029595015576324,0.993680884676145,0.124605678233438,0.3056,0.0528771384136858,0.0171606864274571,0.0047244094488189,0.705229793977813,0.0416666666666667,0.00461538461538462,0.996913580246914,0.972006220839813,0.00642054574638844,0.00623052959501558,0.679365079365079,0.128526645768025,0.0373983739837398,0.0456692913385827,0.0046656298600311,0,0.888535031847134,0.0047244094488189,0.993620414673046,0,0.0352564102564103,0,0.950871632329635,0.00792393026941363,0.0352,0,0.371610845295056,0.595813204508857,0.0222575516693164,0.993589743589744,0.135566188197767,0.00658978583196046,0.619582664526485,0.388976377952756,0.217806041335453,0,0.832,0.0258899676375405,0.00950871632329636,0.571205007824726,0.00769230769230769,0.0349417637271215,0.97456279809221,0,0.0202808112324493,0.0125786163522013,0.058252427184466,0.330246913580247,0.990580847723705,0.129392971246006,0.780096308186196,0.801003344481605,0,0.40032154340836,0.408517350157729,0.401883830455259,0,0.72258064516129,0.0968253968253968,0.376175548589342,0.495297805642633,0.923780487804878,0,0,0.00597907324364723,0.0263157894736842,0,0.082018927444795,0,0,0,0.00963081861958266,0,0.00811688311688312,0.221003134796238,0.473684210526316,0.00619195046439629,0,0,0.0123456790123457,0.049306625577812,0.2921875,0.9921875,0,0.111455108359133,0.397217928902628,0.0047244094488189,0.485271317829457,0.662440570522979,0,0.021875,0.995253164556962,0.0528846153846154,0.89792663476874,0,0.984756097560976,0.888712241653418,0.512355848434926,0.0328125,0,0.0553846153846154,0.0311526479750779,0.00771604938271605,0,0.92246835443038,0.0765391014975042,0.986820428336079,0.0062111801242236,0.0046875,0.984472049689441,0.004739336492891,0.699059561128527,0.188271604938272,0.987240829346092,0.826433121019108,0.0364500792393027,0,0.995283018867924,0.0324574961360124,0.985553772070626,0.348171701112878,0.5968,0,0.884555382215289,0.265040650406504,0.740566037735849,0.0294117647058824,0.993690851735016,0.854489164086687,0.544117647058823,0.0552995391705069,0.126760563380282,0.0424528301886792,0.264331210191083,0,0.0218408736349454,0.995305164319249,0.0362776025236593,0.608482871125612,0.992343032159265,0.0062402496099844,0.00627943485086342,0.00645161290322581,0.3879173290938,0.0190174326465927,0.86677367576244,0.813804173354735,0.0594679186228482,0.117370892018779,0,0,0.0112540192926045,0.0592948717948718,0.979099678456592,0.0223285486443381,0.0110410094637224,0.635093167701863,0.0710823909531502,0.275974025974026,0.106918238993711,0,0.036741214057508,0.648562300319489,0.00626959247648903,0.004739336492891,0,0.361198738170347,0.0257234726688103,0.993690851735016,0.309904153354633,0.616352201257862,0.197268588770865,0.328050713153724,0.045662100456621,0.919575113808801,0.0229508196721311,0.0078125,0.0236220472440945,0.6957928802589,0.874411302982732,0.0140845070422535,0.00618238021638331,0,0.230046948356808,0.56386292834891,0.741269841269841,0.237717908082409,0.0047244094488189,0.1203125,0.00317460317460317,0.109546165884194,0.993485342019544,0,0.179650238473768,0.995238095238095,0.995215311004785,0.730891719745223,0,0.0141509433962264,0.0920436817472699,0.00782472613458529,0.0077639751552795,0.91025641025641,0.993650793650794,0,0,0.824390243902439,0.925750394944708,0.834384858044164,0,0.996875,0.00470957613814757,0.426584234930448,0.708860759493671,0.00646203554119548,0.413629160063391,0.0348101265822785,0.357032457496136,0.367283950617284,0,0.0045662100456621,0.613526570048309,0.503961965134707,0.0749235474006116,0.0139751552795031,0.604327666151468,0,0.0537124802527646,0.0450310559006211,0,0.038109756097561,0.981308411214953,0.0181219110378913,0.577399380804954,0,0,0.485245901639344,0.174803149606299,0.993788819875776,0.858747993579454,0,0,0.271212121212121,1,0.00809061488673139,0.697388632872504,0.0123456790123457,0.995305164319249,0.629457364341085,0.688188976377953,0.128038897893031,0.905228758169935,0.992211838006231,0,0.958064516129032,0,0.0121951219512195,0.802287581699346,0.0242792109256449,0.993517017828201,0.00642054574638844,0,0.492913385826772,0.534072900158479,0.00635930047694754,0,0.00462249614791988,0,0.623164763458401,0.0107858243451464,0,0.334365325077399,0.0222222222222222,0.267942583732057,0.0481540930979133,0.962441314553991,0,0.0063391442155309,0.738170347003155,0,0.330733229329173,0.992319508448541,0.976744186046512,0.00480769230769231,0.00632911392405063,0.0125195618153365,0.0254777070063694,0.0206022187004754,0,0.02660406885759,0,0.635384615384615,0.711356466876972,0.014018691588785,0.0124804992199688,0.0122137404580153,0.014018691588785,0.0301109350237718,0.977777777777778,0.0213815789473684,0.0373831775700935,0.293023255813953,0.0264797507788162,0.00469483568075117,0.0329153605015674,0,0,0.0239880059970015,0,0.936825885978428,0.00159744408945687,0.0571428571428571,0.723747980613893,0.80448717948718,0.877519379844961,0.0914826498422713,0,0.88871473354232,0.00479233226837061,0.00469483568075117,0.366771159874608,0.587878787878788,0.802098950524738,0.809815950920245,0.363784665579119,0.992307692307692,0.877329192546584,0.457413249211356,0.750793650793651,0.307931570762053,0.980769230769231,0,0.993670886075949,0.662957074721781,0.00485436893203883,0.353312302839117,0.775351014040562,0.395962732919255,0.119496855345912,0.0154083204930663,0.0390879478827362,0.0224719101123595,0.00806451612903226,0.00797448165869218,0.457547169811321,0.592823712948518,0.00946372239747634,0.996937212863706,0.987692307692308,0.132192846034215,0,0.00617283950617284,0.0330708661417323,0,0.893376413570275,0,0.0497592295345104,0,0.0308641975308642,0.00789889415481832,0.986217457886677,0.157232704402516,0.00613496932515337,0.341269841269841,0.379256965944272,0.110223642172524,0,0,0.0807754442649435,0.0640243902439024,0.0170542635658915,0,0,0.993506493506494,0.776911076443058,0.498412698412698,0,0.562204724409449,0,0.0761904761904762,0.00793650793650794,0.8016,0.764341085271318,0,0.674157303370786,0.410459587955626,0.1390625,0.0416666666666667,0.229067930489731,0.992175273865415,0.0144,0.0888888888888889,0.00634920634920635,0,0.0214723926380368,0,0.00644122383252818,0.978998384491115,0.614649681528662,0,0,0.186440677966102,0.074313408723748,0.0552147239263804,0.294573643410853,0.964615384615385,0.987301587301587,0.172955974842767,0.165390505359877,0,0.982594936708861,0.0349206349206349,0,0.0224358974358974,0.0464396284829721,0.929797191887676,0,0.990476190476191,0.00764525993883792,0.544728434504792,0.921725239616613,0.895765472312704,0.876175548589342,0.32569558101473,0.906396255850234,0.00637958532695375,0,0.2528,0.0203761755485893,0,0,0.992412746585736,0,0.995297805642633,0.00782472613458529,0.293548387096774,0.992012779552716,0.9952,0.457278481012658,0.0477707006369427,0.56786271450858,0,0.99194847020934,0.0469255663430421,0.00940438871473354,0,0.799058084772371,0.990783410138249,0.991896272285251,0.979719188767551,0.99537750385208,0,0,0.975077881619938,0.00627943485086342,0.00321027287319422,0.0301109350237718,0.00625978090766823,0,0.984276729559748,0.0140405616224649,0.993537964458804,0.990595611285266,0,0.985691573926868,0.0495356037151703,0.993700787401575,0.918622848200313,0.99075500770416,0.99203821656051
"309",0.965463108320251,0.959311424100156,0.963076923076923,0.93603744149766,0.971518987341772,0.9664,0.874411302982732,0.960505529225908,0.966565349544073,0,0.96417445482866,0,0.60596546310832,0.965299684542587,0.0819165378670788,0.0403726708074534,0,0.0158478605388273,0.963317384370016,0.962558502340094,0.191063174114022,0.0578778135048231,0.962848297213622,0,0.940902021772939,0.268933539412674,0.146189735614308,0.963434022257552,0.480857580398162,0.713414634146341,0.0322085889570552,0.711627906976744,0.801872074882995,0.306729264475743,0,0.967238689547582,0.0184331797235023,0.961479198767334,0.297297297297297,0.889393939393939,0.0015600624024961,0.0153846153846154,0.00463678516228748,0.970172684458399,0.782258064516129,0.0599369085173502,0.526645768025078,0.0345911949685535,0.497751124437781,0.155120481927711,0,0.960998439937597,0.300925925925926,0.96417445482866,0.871473354231975,0.186195826645265,0,0.95748031496063,0.943076923076923,0.913178294573643,0.319444444444444,0.42967542503864,0.0315955766192733,0,0.889937106918239,0.826224328593997,0,0.960629921259842,0,0.0349206349206349,0.850226928895613,0.0341614906832298,0.0488958990536278,0.967642526964561,0,0.724505327245053,0.0707692307692308,0.600614439324117,0.898573692551506,0.3,0,0.727549467275495,0.226527570789866,0.967592592592593,0.142635658914729,0.912307692307692,0.969040247678019,0.970903522205207,0.942546583850932,0.00923076923076923,0.966049382716049,0.967289719626168,0,0,0.952,0,0.327613104524181,0.961360123647604,0.00612557427258806,0.00778816199376947,0.642405063291139,0,0.309375,0.964630225080386,0.128440366972477,0.966613672496025,0.0109204368174727,0.964285714285714,0.0283018867924528,0.0372093023255814,0.0445468509984639,0.891679748822606,0.3671875,0.962382445141066,0,0.972222222222222,0.73094867807154,0,0.0386996904024768,0.25434439178515,0,0.797169811320755,0.279874213836478,0.108108108108108,0.966049382716049,0.175840978593272,0.961715160796325,0.966049382716049,0,0.568965517241379,0.933229813664596,0.500787401574803,0.9616,0,0.968253968253968,0.0486322188449848,0,0.246875,0.6513470681458,0.544881889763779,0,0,0.96875,0.769828926905132,0.186520376175549,0.968454258675079,0.0390625,0.927692307692308,0.456279809220986,0.966205837173579,0.154340836012862,0.962441314553991,0.9671875,0.836923076923077,0.975308641975309,0.0269413629160063,0.962674961119751,0.034375,0,0.759055118110236,0.861491628614916,0.962558502340094,0.0487062404870624,0,0.965045592705167,0.478468899521531,0.969502407704655,0.9671875,0.967642526964561,0.303680981595092,0.96594427244582,0.0345911949685535,0.935681470137825,0.0332829046898638,0.897798742138365,0.387596899224806,0,0.955905511811024,0,0.84447900466563,0.964831804281346,0.1609375,0.97196261682243,0.936335403726708,0.961309523809524,0.951293759512938,0.129429892141757,0.403053435114504,0.918918918918919,0.958990536277603,0.07981220657277,0.0416024653312789,0.964006259780908,0.854489164086687,0,0,0.331259720062208,0.00152671755725191,0.969879518072289,0.291217257318952,0.872408293460925,0.757341576506955,0.969742813918306,0.466034755134281,0.453292496171516,0.318037974683544,0.91679748822606,0.944012441679627,0.876712328767123,0,0.856259659969088,0.212317666126418,0.956591639871383,0.0311526479750779,0.0987841945288754,0.566302652106084,0.952978056426332,0.965465465465465,0.851330203442879,0.966153846153846,0.886996904024768,0,0.10061919504644,0.676470588235294,0.96998420221169,0,0.96319018404908,0.963358778625954,0.572755417956656,0.56859756097561,0.957878315132605,0.969055374592834,0.397798742138365,0,0.878195488721805,0.55379746835443,0.971153846153846,0.0310077519379845,0.989214175654854,0.968847352024922,0.966412213740458,0.930708661417323,0.556240369799692,0.0361067503924647,0.962323390894819,0.560675883256528,0.0427480916030534,0.0347432024169184,0.228346456692913,0.0345911949685535,0.180064308681672,0.680916030534351,0.0290964777947933,0.0379939209726444,0.0463678516228748,0.61171032357473,0.0652866242038217,0.971383147853736,0.00950871632329636,0.0282131661442006,0,0.25314465408805,0.966824644549763,0.952012383900929,0.887323943661972,0,0.873801916932907,0.852307692307692,0.705696202531646,0.643302180685358,0.482919254658385,0.462264150943396,0.0108191653786708,0.9664,0.115740740740741,0.713831478537361,0.956318252730109,0.0418604651162791,0.764430577223089,0.0377358490566038,0.143962848297214,0.969183359013868,0.96260162601626,0.881329113924051,0,0.656488549618321,0.876369327073552,0,0.0340557275541796,0.884848484848485,0.96513470681458,0,0.0337423312883436,0.0277349768875193,0.960629921259842,0.894904458598726,0.0363349131121643,0,0.41185647425897,0.976708074534162,0.789877300613497,0.429012345679012,0.680445151033386,0.955246913580247,0.0403726708074534,0.964669738863287,0.968944099378882,0.0359375,1,0.965571205007825,0.950320512820513,0.968133535660091,0.222395023328149,0.330232558139535,0.31201248049922,0.966237942122186,0.928571428571429,0.044478527607362,0.292527821939587,0.963949843260188,0.180834621329212,0.326347305389222,0.975346687211094,0.961059190031153,0.96594427244582,0.698083067092652,0.96,0.267090620031797,0.956989247311828,0.971875,0,0.351393188854489,0.5648,0.0499219968798752,0.0474006116207951,0.0442073170731707,0.900928792569659,0.0493827160493827,0.0339506172839506,0,0.25462962962963,0.9671875,0.0907643312101911,0.975649350649351,0.957746478873239,0.962441314553991,0.312796208530806,0.315789473684211,0.704225352112676,0.488853503184713,0,0.838509316770186,0.0408472012102874,0.0701219512195122,0.215384615384615,0.974481658692185,0.0391849529780564,0,0.350547730829421,0.0367534456355283,0.054858934169279,0.487381703470032,0.967136150234742,0.308056872037915,0.959742351046699,0.945397815912636,0,0.974814814814815,0.0290519877675841,0.965309200603318,0.837712519319938,0.972712680577849,0.0485133020344288,0.95398773006135,0.0293663060278207,0.875,0.732171156893819,0.932411674347158,0.972350230414747,0.965678627145086,0.31055900621118,0.941455696202532,0.963691376701967,0.033434650455927,0.0623052959501558,0.965244865718799,0.965463108320251,0.345146379044684,0.865740740740741,0.941176470588235,0.992389649923896,0.967791411042945,0,0.151898734177215,0.961300309597523,0.0344287949921753,0,0.959119496855346,0.00943396226415094,0.0673981191222571,0.968133535660091,0.95968992248062,0.00315457413249211,0.643962848297214,0.436420722135008,0.966929133858268,0.0280811232449298,0.874213836477987,0.96998420221169,0.377567140600316,0.624420401854714,0.802547770700637,0,0.185826771653543,0.96474358974359,0.968454258675079,0.467084639498433,0.973886328725038,0.946932006633499,0.0679012345679012,0.0015625,0.962962962962963,0.975039001560062,0.959814528593508,0.713395638629283,0.04375,0.864992150706436,0.2601246105919,0.197693574958814,0.00465116279069767,0.634645669291339,0.598425196850394,0.633996937212864,0,0.313694267515924,0.897356143079316,0.664586583463339,0.555555555555556,0.110778443113772,0,0,0.971556886227545,0.952671755725191,0,0.924050632911392,0.00792393026941363,0,0,0.959055118110236,0,0.967845659163987,0.781931464174455,0.557401812688822,0.96969696969697,0,0,0.961597542242704,0.946969696969697,0.740740740740741,0.0352760736196319,0.00158227848101266,0.87062404870624,0.616923076923077,0.97007874015748,0.549467275494673,0.376377952755906,0,0.963358778625954,0.0350877192982456,0.950871632329635,0.113744075829384,0,0.0423600605143722,0.145110410094637,0.491883116883117,0.948678071539658,0,0.945864661654135,0.955108359133127,0.966309341500766,0,0.0987261146496815,0.917491749174917,0.0405844155844156,0.961948249619482,0.970633693972179,0.027906976744186,0.972136222910217,0.32398753894081,0.820433436532508,0.0425867507886435,0.188102893890675,0.996904024767802,0.0093167701863354,0.0344287949921753,0.958333333333333,0.0431309904153355,0.677725118483412,0.419504643962848,0,0.136923076923077,0.75314465408805,0.290571870170015,0.954758190327613,0.0328638497652582,0.171212121212121,0.465266558966074,0.962852897473997,0.889728096676737,0.934169278996865,0.7776,0,0.959375,0.0356037151702786,0.943573667711599,0.419457735247209,0.0354938271604938,0.967441860465116,0.963949843260188,0.963836477987421,0.646322378716745,0.970172684458399,0.160990712074303,0.220634920634921,0.9258114374034,0.869158878504673,0,0,0.970031545741325,0.917981072555205,0.047244094488189,0.965408805031447,0.972136222910217,0.392523364485981,0.924679487179487,0.731437598736177,0.879815100154083,0,0.951104100946372,0.350157728706625,0.963133640552995,0.961479198767334,0,0.641509433962264,0.96551724137931,0.0326594090202177,0.693163751987281,0.401854714064915,0.816417910447761,0.70625,0.931714719271624,0.110429447852761,0.955414012738854,0.970358814352574,0.97360248447205,0.328,0.126524390243902,0.973926380368098,0.967692307692308,0.00763358778625954,0.784732824427481,0.471317829457364,0.287925696594427,0.776579352850539,0.96411856474259,0.88,0.966309341500766,0.137715179968701,0.0388978930307942,0,0.833850931677019,0.0365659777424483,0.034375,0.303405572755418,0,0.976708074534162,0.957186544342508,0.968503937007874,0.969183359013868,0.114285714285714,0.0359937402190923,0,0,0.20414673046252,0.108108108108108,0.178515007898894,0,0.0307219662058372,0.96177370030581,0.021671826625387,0.312893081761006,0.965354330708661,0.620904836193448,0.942097026604069,0.67741935483871,0.642089093701997,0,0.962518740629685,0.417460317460317,0.529141104294479,0.905487804878049,0.969512195121951,0.421538461538462,0.00924499229583975,0.943076923076923,0.946808510638298,0,0.944954128440367,0.0523882896764253,0.972267536704731,0.442901234567901,0,0.00792393026941363,0.548231511254019,0.845553822152886,0.0357142857142857,0.162420382165605,0.00943396226415094,0.00161290322580645,0.74468085106383,0.0450310559006211,0.967689822294023,0.352850539291217,0.969512195121951,0.0367534456355283,0.397553516819572,0.334928229665072,0.859223300970874,0.120192307692308,0.037821482602118,0.00157232704402516,0.0777777777777778,0,0.963636363636364,0.0538827258320127,0.963246554364472,0.037914691943128,0.966772151898734,0,0.543247344461305,0.4625,0.963722397476341,0,0.967889908256881,0,0.434991974317817,0.962292609351433,0,0.66820987654321,0.95447409733124,0.762128325508607,0.948553054662379,0.0625,0,0.967084639498433,0.2896,0,0.709035222052067,0.0287878787878788,0.0518053375196232,0.969502407704655,0.966719492868463,0.966257668711656,0.94556765163297,0.965023847376789,0,0.954758190327613,0.0184049079754601,0.380368098159509,0.313846153846154,0.968992248062015,0.959564541213064,0.960122699386503,0.958904109589041,0.0583717357910906,0.0470957613814757,0.975767366720517,0.975497702909648,0.7442218798151,0.958904109589041,0.970858895705521,0.966049382716049,0,0,0.958208955223881,0,0.0928792569659443,0,0.941732283464567,0.301612903225806,0.220285261489699,0.147692307692308,0.912559618441971,0.00152671755725191,0.131045241809672,0.969040247678019,0.973520249221184,0.659340659340659,0.442307692307692,0.237593984962406,0.208841463414634,0.675632911392405,0.0352760736196319,0.152173913043478,0.562596599690881,0.28062015503876,0.726299694189602,0.0417310664605873,0,0.0325581395348837,0.347619047619048,0.964401294498382,0.633281972265023,0.250381679389313,0.649612403100775,0.875757575757576,0.96030534351145,0.949919224555735,0.963022508038585,0.971428571428571,0.969889064976228,0.577287066246057,0.447004608294931,0.965785381026439,0.040785498489426,0.042042042042042,0.868544600938967,0.0123456790123457,0.96319018404908,0.941717791411043,0,0.131329113924051,0,0.9609375,0,0.955246913580247,0.962323390894819,0.0395136778115502,0.842679127725857,0.96177370030581,0.673015873015873,0.642526964560863,0.868544600938967,0,0,0.921182266009852,0.93519882179676,0.973643410852713,0,0,0.0336,0.260670731707317,0.500770416024653,0,0.483464566929134,0,0.9185303514377,0.963549920760697,0.183098591549296,0.270928462709285,0,0.377708978328173,0.597503900156006,0.855813953488372,0.959028831562974,0.78021978021978,0.0361635220125786,0.977564102564103,0.015600624024961,0.956937799043062,0,0.960365853658537,0.0062015503875969,0.9664,0.0486656200941915,0.0302066772655008,0,0,0.83641975308642,0.910685805422648,0.927244582043344,0.714503816793893,0.0560606060606061,0.0396825396825397,0.824451410658307,0.817910447761194,0,0.0440251572327044,0.948356807511737,0,0.963665086887836,0.952307692307692,0.100308641975309,0.0390015600624025,0.0341614906832298,0.960426179604262,0.505494505494505,0.0985915492957746,0.1184,0.143297380585516,0.71474358974359,0.121725731895223,0.962145110410095,0,0.764240506329114,0.95440251572327,0.00315955766192733,0,0.0370919881305638,0,0.0390015600624025,0.967238689547582,0.703349282296651,0.0348101265822785,0.0345368916797488,0.563779527559055,0.939393939393939,0.440677966101695,0.0485584218512898,0.0306946688206785,0.0561797752808989,0.0182926829268293,0,0.0543478260869565,0.0377073906485671,0.0345911949685535,0.0497667185069984,0.0308166409861325,0.0470957613814757,0.0516717325227964,0.0521472392638037,0.0187793427230047,0.00475435816164818,0.0264797507788162,0.024653312788906,0.0530421216848674,0.0417956656346749,0.0200308166409861,0.0318979266347687,0.0342146189735614,0.0440944881889764,0.044822256568779,0.0227617602427921,0.0365296803652968,0.0678233438485804,0.0364741641337386,0.0370942812982998
"310",0.998394863563403,1,0.97196261682243,0.940322580645161,0.984051036682616,1,0.894230769230769,0.979527559055118,1,0,1,0,0.5671875,1,0.0458860759493671,0.00784929356357928,0,0.0126182965299685,0.996774193548387,0.982677165354331,0.158059467918623,0.0358890701468189,0.990783410138249,0,0.962441314553991,0.253184713375796,0.116352201257862,0.988673139158576,0.455813953488372,0.686335403726708,0,0.703296703296703,0.770800627943485,0.289719626168224,0,1,0.0186625194401244,0.996860282574568,0.250381679389313,0.902208201892745,0.0016,0.0108864696734059,0.00314465408805031,1,0.785483870967742,0.0240384615384615,0.513513513513513,0,0.472477064220183,0.134052388289676,0,0.995215311004785,0.274015748031496,1,0.882539682539683,0.157467532467532,0,0.984126984126984,0.962145110410095,0.900311526479751,0.295031055900621,0.422776911076443,0,0,0.901771336553945,0.8203125,0,0.988853503184713,0,0,0.871317829457364,0.00791139240506329,0.0156985871271586,1,0,0.706240487062405,0.043956043956044,0.572784810126582,0.894060995184591,0.269360269360269,0,0.7125,0.206153846153846,1,0.115085536547434,0.905426356589147,0.998430141287284,0.97007874015748,0.96875,0.00757575757575758,0.988958990536278,1,0,0,0.972536348949919,0,0.292721518987342,0.98125,0.00469483568075117,0.00480769230769231,0.601574803149606,0,0.281803542673108,1,0.109062980030722,1,0.0078003120124805,0.978090766823161,0,0.00786163522012579,0.00933125972006221,0.903328050713154,0.332814930015552,0.992076069730586,0,0.986217457886677,0.71496062992126,0,0,0.231629392971246,0,0.763116057233704,0.247261345852895,0.08,0.978227060653188,0.147744945567652,0.996899224806202,0.995275590551181,0,0.534700315457413,0.933649289099526,0.491114701130856,0.988924050632911,0,0.996784565916399,0.0265210608424337,0,0.217041800643087,0.624405705229794,0.504854368932039,0,0,0.979527559055118,0.7648,0.169354838709677,1,0.00798722044728434,0.923317683881064,0.42443729903537,0.98159509202454,0.138709677419355,0.984496124031008,1,0.835703001579779,0.9953125,0,1,0,0,0.735909822866345,0.86676875957121,0.985871271585557,0.0185758513931889,0,1,0.45928338762215,1,1,1,0.295031055900621,0.976635514018692,0.00154320987654321,0.949843260188088,0,0.891410048622366,0.365054602184087,0,0.98740157480315,0,0.85824345146379,1,0.123376623376623,0.982704402515723,0.948517940717629,0.990867579908676,0.97191887675507,0.0877742946708464,0.383411580594679,0.924679487179487,0.94770206022187,0.0582677165354331,0.00469483568075117,0.985645933014354,0.853125,0,0,0.294117647058824,0.0015600624024961,1,0.260336906584992,0.8743961352657,0.768388106416275,0.990683229813665,0.431528662420382,0.428792569659443,0.293460925039872,0.91875,0.961290322580645,0.877329192546584,0,0.880248833592535,0.182552504038772,0.944356120826709,0,0.0675883256528418,0.525157232704403,0.979462875197472,0.978461538461538,0.823161189358372,0.998432601880878,0.891547049441786,0,0.0742496050552923,0.666666666666667,0.9952,0,0.992175273865415,0.984779299847793,0.54559748427673,0.557781201848998,0.990476190476191,1,0.358851674641148,0,0.881901840490798,0.523961661341853,0.972712680577849,0,0.960244648318043,0.998427672955975,1,0.954330708661417,0.537383177570093,0.00159489633173844,0.971608832807571,0.540247678018576,0.00464396284829721,0.00153374233128834,0.193650793650794,0,0.148148148148148,0.675968992248062,0,0.00309597523219814,0.0108864696734059,0.589147286821705,0.0407166123778502,0.987240829346092,0.00797448165869218,0,0,0.223113964686998,1,0.977917981072555,0.89873417721519,0,0.86634460547504,0.853168469860896,0.691455696202532,0.604651162790698,0.456828885400314,0.462519936204147,0.00782472613458529,1,0.0967238689547582,0.702746365105008,0.965408805031447,0.014218009478673,0.750798722044728,0.00160513643659711,0.12093023255814,1,1,0.887459807073955,0,0.6359375,0.88,0,0,0.893682588597843,0.979365079365079,0,0.00155038759689922,0.00156985871271586,0.977564102564103,0.886255924170616,0,0,0.367834394904459,0.987117552334944,0.789877300613497,0.40251572327044,0.658653846153846,0.95852534562212,0.0112359550561798,1,1,0.00635930047694754,0.965571205007825,1,0.977564102564103,0.996850393700787,0.172093023255814,0.308396946564885,0.286384976525822,0.978964401294498,0.929712460063898,0.0455974842767296,0.259842519685039,0.973015873015873,0.149606299212598,0.301223241590214,0.995245641838352,0.998410174880763,0.966237942122186,0.695652173913043,0.996918335901387,0.244766505636071,0.9671875,0.996830427892235,0,0.332298136645963,0.536115569823435,0.0172684458398744,0.0499219968798752,0.00461538461538462,0.901716068642746,0.0248062015503876,0,0,0.221362229102167,0.993680884676145,0.0755905511811024,0.983633387888707,0.971518987341772,0.9890625,0.277955271565495,0.282467532467532,0.66824644549763,0.478048780487805,0,0.821939586645469,0.0123456790123457,0.0417310664605873,0.203076923076923,1,0.00157728706624606,0,0.336507936507937,0.00920245398773006,0.0254372019077901,0.48503937007874,1,0.285016286644951,1,0.966666666666667,0,0.992503748125937,0,1,0.822706065318818,1,0.0126582278481013,0.981366459627329,0,0.868878357030016,0.710862619808307,0.943573667711599,0.985871271585557,0.998435054773083,0.296238244514107,0.966507177033493,1,0,0.0251968503937008,1,1,0.325115562403698,0.8734375,0.965853658536585,0.955974842767296,1,0,0.117455138662316,1,0.00158478605388273,0,0.968253968253968,0.00482315112540193,0.0445859872611465,1,0.972972972972973,0.0015748031496063,0.6203125,0.419303797468354,0.982511923688394,0.00162074554294976,0.858520900321543,0.996726677577741,0.369181380417335,0.599063962558502,0.781150159744409,0,0.165354330708661,0.980645161290323,0.998435054773083,0.440381558028617,1,0.975083056478405,0.0283018867924528,0.00156985871271586,0.986003110419907,0.996845425867508,0.953271028037383,0.687598116169545,0.00637958532695375,0.866666666666667,0.232704402515723,0.179530201342282,0.0031104199066874,0.624600638977636,0.618066561014263,0.619047619047619,0,0.272727272727273,0.90894819466248,0.644716692189893,0.5109375,0.0776255707762557,0,0,1,0.975193798449612,0,0.928571428571429,0.00634920634920635,0,0,0.998435054773083,0,1,0.770932069510269,0.5109375,1,0,0,0.996875,0.96206373292868,0.721617418351477,0,0.00161290322580645,0.871913580246914,0.595645412130638,1,0.53405572755418,0.354531001589825,0,0.981481481481482,0,0.957074721780604,0.0913385826771654,0,0.0107033639143731,0.1072,0.495826377295493,0.973228346456693,0,0.949771689497717,0.975077881619938,1,0,0.0642054574638844,0.93322203672788,0.00325732899022801,1,1,0.0078740157480315,1,0.296238244514107,0.804651162790698,0.00796178343949045,0.159420289855072,0.961783439490446,0.00928792569659443,0,0.975,0.0063391442155309,0.654895666131621,0.392405063291139,0,0.114779874213836,0.743961352657005,0.252713178294574,0.973478939157566,0,0.155384615384615,0.452892561983471,0.949464012251149,0.882716049382716,0.969745222929936,0.746388443017656,0,0.9859375,0,0.968203497615262,0.386837881219904,0,1,1,1,0.629392971246006,0.984399375975039,0.127591706539075,0.195548489666137,0.944707740916272,0.876755070202808,0,0,0.9904,0.932896890343699,0.0160513643659711,0.985804416403785,0.993700787401575,0.362790697674419,0.93042071197411,0.7296,0.881901840490798,0,0.968454258675079,0.326530612244898,1,0.998412698412698,0,0.630672926447574,0.974193548387097,0,0.678343949044586,0.380191693290735,0.80365296803653,0.68860353130016,0.963414634146341,0.0845921450151057,0.982084690553746,1,0.981220657276995,0.287096774193548,0.0914826498422713,0.990506329113924,1,0.00463678516228748,0.783489096573209,0.467716535433071,0.26148969889065,0.765354330708661,1,0.8712715855573,1,0.115562403697997,0,0,0.823343848580442,0.00315955766192733,0,0.278301886792453,0,0.988976377952756,0.924148606811146,1,0.99390243902439,0.0884676145339652,0,0,0,0.181672025723473,0.0740740740740741,0.164296998420221,0,0,1,0.0108359133126935,0.2875,1,0.585023400936037,0.977491961414791,0.660910518053375,0.634969325153374,0,1,0.390127388535032,0.485668789808917,0.922480620155039,0.9875,0.397815912636505,0.00625978090766823,0.952681388012618,0.956521739130435,0,0.965891472868217,0.0111642743221691,0.986906710310966,0.427444794952681,0,0.0046875,0.518945634266886,0.833333333333333,0,0.14170692431562,0.00630914826498423,0.00160771704180064,0.747720364741641,0.0206349206349206,1,0.316692667706708,0.993779160186625,0,0.3828125,0.314873417721519,0.86741214057508,0.0962479608482871,0.00155763239875389,0.0015748031496063,0.0351437699680511,0,0.996913580246914,0.0438311688311688,0.981845688350983,0.00158227848101266,1,0,0.526881720430108,0.450079239302694,1,0,0.998454404945904,0,0.394230769230769,0.990668740279938,0,0.642745709828393,0.982511923688394,0.7472,0.958132045088567,0.0388198757763975,0,1,0.258426966292135,0,0.697819314641745,0,0.0169753086419753,1,1,0.989214175654854,0.971830985915493,0.979430379746835,0,0.974803149606299,0.0200927357032458,0.346213292117465,0.289763779527559,0.990726429675425,0.992138364779874,0.996908809891808,0.992199687987519,0.0552995391705069,0.0141287284144427,0.983739837398374,0.960815047021944,0.721362229102167,0.978056426332288,1,0.974842767295597,0,0,0.981954887218045,0,0.0634674922600619,0,0.957680250783699,0.28,0.20650406504065,0.118195956454121,0.92018779342723,0,0.109717868338558,1,1,0.64274322169059,0.417168674698795,0.211394302848576,0.186440677966102,0.652312599681021,0,0.127158555729984,0.535433070866142,0.259904912836767,0.702786377708978,0.0062111801242236,0,0,0.3248,1,0.609177215189873,0.217457886676876,0.6265625,0.87402799377916,0.989164086687306,0.956239870340357,0.984076433121019,1,0.998397435897436,0.536277602523659,0.422600619195046,0.998430141287284,0.00605143721633888,0.00938967136150235,0.868670886075949,0.00925925925925926,1,0.972265023112481,0,0.112540192926045,0,0.954258675078864,0,0.971786833855799,1,0.0062402496099844,0.834890965732087,1,0.654574132492114,0.627480916030534,0.870047543581617,0,0,0.93046357615894,0.94578313253012,0.988835725677831,0,0,0,0.226993865030675,0.494435612082671,0,0.452119309262166,0,0.925566343042071,1,0.150641025641026,0.232919254658385,0,0.344660194174757,0.600633914421553,0.8546875,0.966101694915254,0.768867924528302,0,0.988524590163934,0.0174603174603175,1,0,0.981790591805766,0.00158982511923688,1,0.0173228346456693,0.0112540192926045,0,0,0.820592823712949,0.934959349593496,0.938556067588326,0.714728682170543,0.0273972602739726,0.00630914826498423,0.839427662957075,0.825493171471927,0,0.0175718849840256,0.965023847376789,0,0.990306946688207,0.958268933539413,0.0670826833073323,0.0416666666666667,0.00313971742543171,1,0.471337579617834,0.0723270440251572,0.0938511326860841,0.118564742589704,0.690553745928339,0.0958268933539413,1,0,0.758785942492013,0.98755832037325,0.00157232704402516,0,0,0,0,1,0.72258064516129,0,0,0.533333333333333,0.959501557632399,0.418495297805643,0.0419254658385093,0.00161030595813205,0.0500807754442649,0.0188976377952756,0,0.0332278481012658,0.00611620795107034,0.00161550888529887,0.0125,0,0.0454545454545455,0.0512422360248447,0.0111287758346582,0.0203761755485893,0.00487012987012987,0.0270700636942675,0.0247295208655332,0.0512422360248447,0.00478468899521531,0.0217729393468118,0,0.00314465408805031,0.0425867507886435,0.00473186119873817,0.0245398773006135,0,0.0365079365079365,0.00151975683890578,0.00157728706624606
"311",0.970345963756178,0.9712,0.946708463949843,0.916530278232406,0.960848287112561,0.976897689768977,0.884984025559105,0.950479233226837,0.974481658692185,0,0.976038338658147,0,0.56957928802589,0.973684210526316,0.0688,0.0337620578778135,0,0.0128205128205128,0.975206611570248,0.963434022257552,0.186195826645265,0.0481727574750831,0.971698113207547,0,0.941176470588235,0.266881028938907,0.132258064516129,0.962418300653595,0.488188976377953,0.6928,0.0240770465489567,0.689984101748808,0.769480519480519,0.30952380952381,0,0.97588424437299,0.0190174326465927,0.974603174603175,0.287692307692308,0.923809523809524,0.00161812297734628,0.0126582278481013,0.00788643533123028,0.977309562398703,0.78125,0.0484652665589661,0.5296,0.0253968253968254,0.488958990536278,0.158139534883721,0,0.972843450479233,0.294585987261146,0.972929936305732,0.880064829821718,0.193181818181818,0,0.982142857142857,0.934065934065934,0.888178913738019,0.298245614035088,0.457547169811321,0.0241157556270096,0,0.894308943089431,0.841680129240711,0,0.962843295638126,0,0.0262725779967159,0.841017488076312,0.027027027027027,0.0417335473515249,0.97741935483871,0,0.724683544303797,0.0698412698412698,0.581358609794629,0.886855241264559,0.295302013422819,0,0.706730769230769,0.221183800623053,0.974358974358974,0.136507936507936,0.8976,0.963434022257552,0.949206349206349,0.953674121405751,0.00943396226415094,0.962903225806452,0.971428571428571,0,0,0.956521739130435,0,0.330683624801272,0.962962962962963,0.00631911532385466,0.00806451612903226,0.631832797427653,0,0.306946688206785,0.972712680577849,0.123824451410658,0.973898858075041,0.00956937799043062,0.956730769230769,0.0259319286871961,0.0258481421647819,0.0333863275039746,0.887987012987013,0.370967741935484,0.965023847376789,0,0.958860759493671,0.71474358974359,0,0.0303030303030303,0.247172859450727,0,0.772357723577236,0.2704,0.105436573311367,0.946515397082658,0.168486739469579,0.973101265822785,0.968102073365231,0,0.569823434991974,0.923566878980892,0.516447368421053,0.967479674796748,0,0.967266775777414,0.0527131782945736,0,0.245528455284553,0.624590163934426,0.54679802955665,0,0,0.961722488038278,0.7744,0.177235772357724,0.974481658692185,0.0274193548387097,0.912698412698413,0.445880452342488,0.951104100946372,0.163636363636364,0.9552,0.977309562398703,0.820031298904538,0.969354838709677,0.0226904376012966,0.973312401883831,0.025974025974026,0,0.760765550239234,0.85511811023622,0.995253164556962,0.0376175548589342,0,0.968404423380727,0.468189233278956,0.975206611570248,0.975649350649351,0.971473851030111,0.314641744548287,0.95389507154213,0.0290791599353796,0.934375,0.029595015576324,0.885433715220949,0.378980891719745,0,0.96474358974359,0,0.865506329113924,0.97444089456869,0.141447368421053,0.958990536277603,0.927066450567261,0.976708074534162,0.952229299363057,0.135782747603834,0.407643312101911,0.900974025974026,0.926470588235294,0.0762987012987013,0.0289389067524116,0.955810147299509,0.854166666666667,0,0,0.326765188834154,0.00159235668789809,0.974803149606299,0.282091917591125,0.880258899676375,0.771428571428571,0.963665086887836,0.464630225080386,0.462264150943396,0.319286871961102,0.904220779220779,0.941747572815534,0.863708399366086,0,0.8736,0.200328407224959,0.928455284552846,0.0241935483870968,0.0809968847352025,0.561996779388084,0.95609756097561,0.952755905511811,0.817014446227929,0.9696,0.885852090032154,0,0.089622641509434,0.677215189873418,0.972085385878489,0,0.973186119873817,0.962441314553991,0.567092651757188,0.5744,0.982315112540193,0.980132450331126,0.389423076923077,0,0.8765625,0.527331189710611,0.941841680129241,0.0253968253968254,0.944794952681388,0.970826580226904,0.971383147853736,0.930533117932149,0.555729984301413,0.0306451612903226,0.947368421052632,0.547619047619048,0.0280373831775701,0.0216383307573416,0.220228384991843,0.0239234449760766,0.179153094462541,0.678343949044586,0.0225806451612903,0.026813880126183,0.0321027287319422,0.604395604395604,0.0616883116883117,0.967585089141005,0.011400651465798,0.0225442834138486,0,0.26645264847512,0.969745222929936,0.961038961038961,0.877221324717286,0,0.86326194398682,0.855572998430141,0.684627575277338,0.613526570048309,0.458466453674121,0.477759472817133,0.0112359550561798,0.968852459016393,0.1264,0.68976897689769,0.945773524720893,0.0345911949685535,0.749596122778675,0.0286168521462639,0.1488,0.977848101265823,0.974916387959866,0.886178861788618,0,0.662884927066451,0.883572567783094,0,0.0203442879499218,0.883096366508689,0.953821656050955,0,0.0282131661442006,0.0267716535433071,0.963515754560531,0.871335504885994,0.025,0,0.414790996784566,0.965964343598055,0.8,0.4304,0.671052631578947,0.941269841269841,0.0375816993464052,0.976377952755906,0.971107544141252,0.0338164251207729,0.950320512820513,0.977564102564103,1,0.97588424437299,0.20414673046252,0.348171701112878,0.31139646869984,0.957236842105263,0.924466338259442,0.0497592295345104,0.28006329113924,0.9488,0.159235668789809,0.326153846153846,0.972624798711755,0.975922953451043,0.954692556634304,0.71169686985173,0.972006220839813,0.263502454991817,0.945773524720893,0.973941368078176,0,0.358609794628752,0.565217391304348,0.0430622009569378,0.0550314465408805,0.0358255451713396,0.89540412044374,0.0573248407643312,0.0283464566929134,0,0.2491961414791,0.963317384370016,0.10031847133758,0.964765100671141,0.949447077409163,0.961414790996785,0.311688311688312,0.308702791461412,0.672638436482085,0.480475382003396,0,0.820678513731826,0.0379746835443038,0.0742496050552923,0.221698113207547,0.974151857835218,0.0272873194221509,0,0.364069952305246,0.0361635220125786,0.0442622950819672,0.469255663430421,0.97444089456869,0.298360655737705,0.975124378109453,0.977883096366509,0,0.968085106382979,0.027027027027027,0.976152623211447,0.843800322061192,0.978792822185971,0.0381558028616852,0.9984375,0.0256410256410256,0.899361022364217,0.717781402936378,0.935126582278481,0.965244865718799,0.974151857835218,0.323809523809524,0.941558441558442,0.970266040688576,0.0280811232449298,0.0491283676703645,0.970540098199673,0.976152623211447,0.3536,0.898412698412698,0.947281713344316,0.944707740916272,0.974683544303797,0,0.146381578947368,0.977707006369427,0.0307443365695793,0,0.944267515923567,0.00819672131147541,0.0630048465266559,0.974723538704581,0.951923076923077,0.00323101777059774,0.639553429027113,0.420711974110032,0.96031746031746,0.0241935483870968,0.8578352180937,0.972131147540984,0.405186385737439,0.624223602484472,0.790584415584416,0,0.174267100977199,0.950657894736842,0.969453376205788,0.448553054662379,0.974683544303797,0.951178451178451,0.059967585089141,0,0.960505529225908,0.980582524271845,0.9376,0.686614173228347,0.0258064516129032,0.856913183279743,0.248803827751196,0.198979591836735,0.00474683544303797,0.625407166123778,0.611821086261981,0.614533965244866,0,0.312913907284768,0.899361022364217,0.637931034482759,0.534700315457413,0.114728682170543,0,0,0.970948012232416,0.987480438184664,0,0.901273885350318,0.00980392156862745,0,0,0.975767366720517,0,0.973856209150327,0.768621236133122,0.549141965678627,0.973228346456693,0,0,0.972929936305732,0.946957878315133,0.732909379968203,0.0268987341772152,0.00165837479270315,0.874403815580286,0.616,0.969551282051282,0.523584905660377,0.365894039735099,0,0.956451612903226,0.0279605263157895,0.945161290322581,0.112012987012987,0,0.0316957210776545,0.141935483870968,0.502504173622704,0.94888178913738,0,0.930124223602484,0.952904238618524,0.974603174603175,0,0.102272727272727,0.963210702341137,0.035,0.971473851030111,0.973143759873618,0.0353130016051364,0.977491961414791,0.320450885668277,0.8,0.0385232744783307,0.197368421052632,0.950320512820513,0.00963081861958266,0.0225806451612903,0.9536,0.0332225913621262,0.674267100977199,0.398682042833608,0,0.13125,0.745513866231648,0.283171521035599,0.954186413902054,0.0240384615384615,0.166144200626959,0.470394736842105,0.93217665615142,0.873817034700315,0.940129449838188,0.748792270531401,0,0.957210776545166,0.0263975155279503,0.996742671009772,0.403624382207578,0.0267716535433071,0.976,0.975922953451043,0.973813420621931,0.637540453074434,0.964912280701754,0.155591572123177,0.206119162640902,0.930868167202572,0.876602564102564,0,0,0.966292134831461,0.913680781758958,0.0357142857142857,0.963317384370016,0.971014492753623,0.39268680445151,0.897520661157025,0.736,0.883942766295707,0,0.9392,0.365539452495974,0.9712,0.97092084006462,0,0.667752442996743,0.955298013245033,0.0256410256410256,0.700980392156863,0.385220125786164,0.807153965785381,0.685667752442997,0.940275650842266,0.107255520504732,0.960066555740433,0.972712680577849,0.9632,0.331136738056013,0.128980891719745,0.966292134831461,0.976525821596244,0.00478468899521531,0.793650793650794,0.4672,0.277955271565495,0.759677419354839,0.979233226837061,0.87075928917609,0.974683544303797,0.125,0.0247524752475248,0,0.825242718446602,0.0260162601626016,0.0241157556270096,0.309791332263242,0,0.969551282051282,0.905956112852665,0.97752808988764,0.973101265822785,0.108239095315024,0.0288,0,0,0.19349593495935,0.102564102564103,0.181518151815182,0,0.0208333333333333,0.971291866028708,0.0237717908082409,0.317152103559871,0.981967213114754,0.602564102564103,0.957792207792208,0.658105939004815,0.648985959438378,0,0.972093023255814,0.421926910299003,0.535073409461664,0.909797822706065,0.95968992248062,0.426307448494453,0.00798722044728434,0.929712460063898,0.932389937106918,0,0.942006269592476,0.0386473429951691,0.958540630182421,0.447784810126582,0,0.00793650793650794,0.536544850498339,0.830371567043619,0.0237717908082409,0.156862745098039,0.0112540192926045,0.00164473684210526,0.745736434108527,0.0456769983686786,0.971428571428571,0.343799058084772,0.965354330708661,0.0237717908082409,0.387045813586098,0.32512315270936,0.86088379705401,0.116584564860427,0.0291734197730956,0.00322061191626409,0.066884176182708,0,0.973765432098765,0.061389337641357,0.958204334365325,0.0308441558441558,0.970826580226904,0,0.516923076923077,0.489566613162119,0.974643423137876,0,0.974481658692185,0,0.408196721311475,0.962145110410095,0,0.659375,0.959546925566343,0.743221690590112,0.933884297520661,0.0503937007874016,0,0.972972972972973,0.273170731707317,0,0.6890625,0.0265210608424337,0.0408163265306122,0.970588235294118,0.974068071312804,0.967084639498433,0.94912559618442,0.955414012738854,0,0.957413249211357,0.0188976377952756,0.384375,0.308661417322835,0.971563981042654,0.967845659163987,0.981220657276995,0.968503937007874,0.0500807754442649,0.0390879478827362,0.96661101836394,0.945773524720893,0.72626582278481,0.952456418383518,0.972843450479233,0.95260663507109,0,0,0.998456790123457,0,0.0832025117739403,0,0.943037974683544,0.306188925081433,0.228476821192053,0.145110410094637,0.905144694533762,0,0.133870967741935,0.973101265822785,0.971428571428571,0.651050080775444,0.43778801843318,0.212538226299694,0.205607476635514,0.651465798045603,0.0220820189274448,0.1515625,0.558252427184466,0.268370607028754,0.695238095238095,0.0352564102564103,0,0.0231404958677686,0.346839546191248,0.975450081833061,0.626794258373206,0.25508607198748,0.6208,0.876602564102564,0.989180834621329,0.935749588138385,0.958132045088567,0.969949916527546,0.970731707317073,0.560581583198708,0.434991974317817,0.977671451355662,0.0338461538461538,0.031104199066874,0.864864864864865,0.0109546165884194,0.979233226837061,0.995215311004785,0,0.138662316476346,0,0.935275080906149,0,0.949526813880126,0.976152623211447,0.0343213728549142,0.822115384615385,0.973186119873817,0.667757774140753,0.624405705229794,0.872756933115824,0,0,0.927272727272727,0.917933130699088,0.963893249607535,0,0,0.0250836120401338,0.252730109204368,0.525641025641026,0,0.460063897763578,0,0.900813008130081,0.970826580226904,0.179365079365079,0.246006389776358,0,0.367479674796748,0.598373983739837,0.884858044164038,0.941823899371069,0.769230769230769,0.0258899676375405,0.966019417475728,0.0174880763116057,0.975165562913907,0,0.956869009584665,0.00645161290322581,0.975728155339806,0.0422764227642276,0.0293159609120521,0,0,0.8272,0.909240924092409,0.920127795527157,0.720125786163522,0.0491283676703645,0.0327868852459016,0.821256038647343,0.813291139240506,0,0.0375816993464052,0.939837398373984,0,0.99021207177814,0.937007874015748,0.080824088748019,0.0446570972886762,0.0300157977883096,0.974921630094044,0.48780487804878,0.0919354838709677,0.124183006535948,0.138977635782748,0.69281045751634,0.125396825396825,0.973813420621931,0,0.77741935483871,0.960505529225908,0.00322061191626409,0,0.0201550387596899,0,0.0306451612903226,0.977491961414791,0.703947368421053,0.0260162601626016,0.0275080906148867,0.554649265905383,0.932148626817447,0.459715639810427,0.0454545454545455,0.021558872305141,0.0493421052631579,0.0192307692307692,0,0.0506329113924051,0.0265210608424337,0.0293159609120521,0.0333333333333333,0.0219092331768388,0.0520325203252033,0.0595813204508857,0.0355987055016181,0.0208667736757624,0.00665557404326123,0.0305466237942122,0.025518341307815,0.0605095541401274,0.0304487179487179,0.0207006369426752,0.0245098039215686,0.0242718446601942,0.0438311688311688,0.0322061191626409,0.0285714285714286,0.0253565768621236,0.057784911717496,0.0313971742543171,0.024
"312",0.993640699523052,0.99685534591195,0.969088098918083,0.939102564102564,0.979430379746835,0.996789727126806,0.8984375,0.96875,0.996923076923077,0,0.996889580093313,0,0.572964669738863,0.998394863563403,0.0442748091603053,0.0107858243451464,0,0.0171606864274571,0.993620414673046,0.981191222570533,0.155624036979969,0.0288,0.987730061349693,0,0.967692307692308,0.250393700787402,0.109375,0.984202211690363,0.464723926380368,0.694444444444444,0.00305343511450382,0.691950464396285,0.773082942097027,0.280125195618153,0,0.99685534591195,0.0156494522691706,0.990683229813665,0.254464285714286,0.90519877675841,0.00156739811912226,0.0184331797235023,0.00614439324116743,0.996860282574568,0.768860353130016,0.0188087774294671,0.505546751188589,0,0.475460122699386,0.132930513595166,0,0.990654205607477,0.267080745341615,0.996894409937888,0.89010989010989,0.153846153846154,0,0.974643423137876,0.953416149068323,0.903076923076923,0.292758089368259,0.436817472698908,0.00318471337579618,0,0.902086677367576,0.832550860719875,0,0.984615384615385,0,0.00315457413249211,0.865325077399381,0.00622083981337481,0.0187207488299532,0.998468606431853,0,0.712977099236641,0.0451713395638629,0.574730354391371,0.901253918495298,0.254098360655738,0,0.700607902735562,0.212990936555891,0.996923076923077,0.111801242236025,0.907692307692308,0.995405819295559,0.97045101088647,0.967289719626168,0.00904977375565611,0.987381703470032,0.996899224806202,0,0,0.971698113207547,0,0.293291731669267,0.981220657276995,0.00768049155145929,0.00940438871473354,0.612244897959184,0,0.279179810725552,0.996815286624204,0.101208459214502,0.9967585089141,0.00783699059561128,0.973520249221184,0.00315955766192733,0.00786163522012579,0.0108695652173913,0.903726708074534,0.332298136645963,0.990580847723705,0,0.981510015408321,0.707882534775889,0,0.00308641975308642,0.234076433121019,0,0.770897832817337,0.242236024844721,0.0893141945773525,0.974921630094044,0.151607963246554,1,0.993740219092332,0,0.544600938967136,0.936728395061728,0.499202551834131,0.987261146496815,0,0.992076069730586,0.0214395099540582,0,0.203821656050955,0.626749611197512,0.521462639109698,0,0,0.975039001560062,0.772797527047913,0.177672955974843,0.998420221169036,0.00784929356357928,0.929906542056075,0.420472440944882,0.975346687211094,0.133012820512821,0.981510015408321,0.998415213946117,0.840978593272171,0.990625,0.00317460317460317,0.996875,0.0015552099533437,0,0.757097791798107,0.870229007633588,0.984177215189873,0.0168970814132104,0,0.998461538461539,0.447619047619048,0.996779388083736,0.996913580246914,0.996884735202492,0.283536585365854,0.972350230414747,0.00318471337579618,0.946646341463415,0.00152439024390244,0.891472868217054,0.365325077399381,0,0.979495268138801,0,0.84031007751938,0.996913580246914,0.123028391167192,0.980273141122914,0.95852534562212,0.989536621823617,0.975535168195719,0.0959752321981424,0.371559633027523,0.930047694753577,0.94888178913738,0.0564263322884013,0.00460122699386503,0.979462875197472,0.858712715855573,0,0,0.294770206022187,0.0015600624024961,0.996932515337423,0.252679938744257,0.884012539184953,0.755384615384615,0.98796992481203,0.428794992175274,0.445635528330781,0.288431061806656,0.911353032659409,0.960567823343849,0.883076923076923,0,0.895223420647149,0.177133655394525,0.939297124600639,0.00158478605388273,0.0725308641975309,0.535545023696682,0.975077881619938,0.97583081570997,0.838304552590267,0.995363214837713,0.895962732919255,0,0.0731319554848967,0.677862595419847,0.990445859872611,0,0.990825688073395,0.978658536585366,0.545454545454545,0.547581903276131,0.989010989010989,0.996789727126806,0.3640625,0,0.890243902439024,0.514285714285714,0.9696,0,0.952599388379205,0.996835443037975,0.996932515337423,0.950387596899225,0.526881720430108,0.00160513643659711,0.967084639498433,0.536209553158706,0.00602409638554217,0.00305810397553517,0.193700787401575,0.00317965023847377,0.153968253968254,0.672782874617737,0.00152439024390244,0.00765696784073507,0.0108864696734059,0.586626139817629,0.0463258785942492,0.984152139461173,0.0109204368174727,0.00312989045383412,0,0.214285714285714,0.998422712933754,0.973143759873618,0.913312693498452,0,0.868167202572347,0.860031104199067,0.692789968652038,0.605919003115265,0.460567823343849,0.4608,0.0107692307692308,0.996840442338073,0.0869565217391304,0.696485623003195,0.967238689547582,0.015600624024961,0.7546875,0.00469483568075117,0.119010819165379,0.996937212863706,0.996753246753247,0.890127388535032,0,0.653963414634146,0.887147335423197,0,0.00307219662058372,0.903225806451613,0.981220657276995,0,0.00460122699386503,0.00307692307692308,0.979299363057325,0.884310618066561,0.00158982511923688,0,0.380655226209048,0.985781990521327,0.783536585365854,0.385448916408669,0.668231611893584,0.958139534883721,0.0107858243451464,0.996955859969559,0.998463901689708,0.009375,0.968133535660091,0.996850393700787,0.97588424437299,1,0.195956454121306,0.316358024691358,0.280373831775701,0.971153846153846,0.936507936507937,0.0530421216848674,0.265527950310559,0.971153846153846,0.164596273291925,0.309090909090909,0.990654205607477,0.996845425867508,0.965045592705167,0.703403565640194,0.995426829268293,0.247634069400631,0.962441314553991,0.993817619783617,0,0.316358024691358,0.536392405063291,0.0140625,0.0559875583203732,0.0106707317073171,0.905718701700155,0.0294573643410853,0.00306748466257669,0,0.236391912908243,0.990415335463259,0.0729813664596273,0.980830670926518,0.967692307692308,0.984399375975039,0.28125,0.279032258064516,0.678627145085803,0.455858747993579,0,0.838557993730408,0.0151285930408472,0.0336391437308868,0.188271604938272,0.99685534591195,0.00313479623824451,0,0.325581395348837,0.0121765601217656,0.026813880126183,0.473186119873817,0.996889580093313,0.261904761904762,0.998392282958199,0.967492260061919,0,0.988041853512706,0,0.995440729483283,0.843167701863354,0.996830427892235,0.0140405616224649,0.97428139183056,0.00306748466257669,0.880248833592535,0.703049759229534,0.951145038167939,0.984496124031008,0.996899224806202,0.28503937007874,0.962558502340094,0.996918335901387,0.00308641975308642,0.024653312788906,0.998422712933754,0.996884735202492,0.316614420062696,0.885802469135803,0.970826580226904,0.953271028037383,0.998475609756098,0,0.107371794871795,0.996870109546166,0.00476190476190476,0,0.96551724137931,0.00950871632329636,0.0408163265306122,0.996923076923077,0.9703125,0.00474683544303797,0.625194401244168,0.421461897356143,0.981072555205047,0.00322061191626409,0.870458135860979,0.993548387096774,0.379968203497615,0.615384615384615,0.789556962025316,0,0.15541601255887,0.974723538704581,0.995341614906832,0.446009389671362,1,0.965346534653465,0.0265625,0.00157728706624606,0.979782270606532,0.992163009404389,0.956318252730109,0.690880989180835,0.0109717868338558,0.862992125984252,0.241960183767228,0.177049180327869,0.00625978090766823,0.629746835443038,0.608214849921011,0.605873261205564,0,0.273584905660377,0.9203125,0.642201834862385,0.506955177743431,0.0755287009063444,0,0,0.997054491899853,0.975535168195719,0,0.930926216640502,0.0095389507154213,0,0,0.998415213946117,0,0.998410174880763,0.774143302180685,0.519877675840979,0.998466257668712,0,0,0.990740740740741,0.963414634146341,0.734157650695518,0.00306748466257669,0.00158730158730159,0.880484114977307,0.610350076103501,0.9984375,0.530139103554869,0.337042925278219,0,0.978461538461538,0.0032,0.95253164556962,0.0900473933649289,0,0.0106544901065449,0.113029827315542,0.494233937397035,0.968895800933126,0,0.951951951951952,0.984779299847793,0.996918335901387,0,0.0676100628930818,0.94299674267101,0.00324149108589951,0.996923076923077,0.996937212863706,0.00933125972006221,0.998459167950693,0.295384615384615,0.820031298904538,0.0109717868338558,0.157051282051282,0.956589147286822,0.00797448165869218,0.00312989045383412,0.972093023255814,0.00963081861958266,0.652312599681021,0.384735202492212,0,0.111801242236025,0.742351046698873,0.260869565217391,0.973724884080371,0.00313479623824451,0.146645865834633,0.465460526315789,0.944024205748865,0.884322678843227,0.965244865718799,0.753968253968254,0,0.978527607361963,0.00305343511450382,0.968895800933126,0.383012820512821,0.00303951367781155,0.996899224806202,1,0.996870109546166,0.618973561430793,0.982866043613707,0.122065727699531,0.177033492822967,0.954758190327613,0.880503144654088,0,0,0.987381703470032,0.943396226415094,0.0174050632911392,0.982704402515723,0.990697674418605,0.361538461538462,0.933333333333333,0.740031897926635,0.889226100151745,0,0.979462875197472,0.333858267716535,0.996875,0.996879875195008,0,0.649206349206349,0.974842767295597,0.00312989045383412,0.683464566929134,0.373456790123457,0.803303303303303,0.692307692307692,0.957186544342508,0.0858433734939759,0.979462875197472,0.996904024767802,0.973724884080371,0.300632911392405,0.0956112852664577,0.989296636085627,0.996987951807229,0.00610687022900763,0.794392523364486,0.460342146189736,0.248447204968944,0.756589147286822,0.996918335901387,0.878930817610063,0.996908809891808,0.12,0.00321027287319422,0,0.821428571428571,0.00632911392405063,0.00156739811912226,0.255451713395639,0,0.990639625585023,0.91820987654321,0.995334370139969,0.992260061919505,0.0904836193447738,0.00318979266347687,0,0,0.164274322169059,0.0813397129186603,0.153846153846154,0,0.00153374233128834,0.996941896024465,0.0107033639143731,0.292834890965732,0.996860282574568,0.592307692307692,0.971337579617834,0.647779479326187,0.632218844984802,0,0.996983408748115,0.38810641627543,0.501567398119122,0.926605504587156,0.98297213622291,0.390697674418605,0.00924499229583975,0.950078003120125,0.954268292682927,0,0.96319018404908,0.0170278637770898,0.98858075040783,0.436335403726708,0,0.00940438871473354,0.514563106796116,0.82807570977918,0.00310077519379845,0.131868131868132,0.0109546165884194,0.00161550888529887,0.741017964071856,0.0252365930599369,0.99670510708402,0.313271604938272,0.992378048780488,0.00307692307692308,0.376160990712074,0.335974643423138,0.872408293460925,0.098546042003231,0.00614439324116743,0.00313971742543171,0.045958795562599,0,0.993939393939394,0.0447284345047923,0.977409638554217,0.00627943485086342,1,0,0.524464831804281,0.462848297213622,0.996870109546166,0,0.996918335901387,0,0.39171974522293,0.985959438377535,0,0.649769585253456,0.979719188767551,0.731132075471698,0.949606299212598,0.0292307692307692,0,0.996860282574568,0.260188087774295,0,0.692780337941628,0.00302571860816944,0.0229709035222052,0.996825396825397,0.996830427892235,0.989113530326594,0.968454258675079,0.977742448330684,0,0.979559748427673,0.0230769230769231,0.345736434108527,0.263975155279503,0.992331288343558,0.989113530326594,0.989296636085627,0.993939393939394,0.0553846153846154,0.0126382306477093,0.980891719745223,0.960244648318043,0.731066460587326,0.976923076923077,0.996965098634294,0.972307692307692,0,0,0.980421686746988,0,0.0685975609756098,0,0.95679012345679,0.264752791068581,0.212698412698413,0.116640746500778,0.91679748822606,0,0.100931677018634,0.996889580093313,0.996889580093313,0.639498432601881,0.412556053811659,0.210606060606061,0.17737003058104,0.641838351822504,0.0031055900621118,0.115264797507788,0.550860719874804,0.261755485893417,0.711246200607903,0.0109375,0,0.00315955766192733,0.326433121019108,0.9968,0.607751937984496,0.219033232628399,0.635384615384615,0.875,0.989247311827957,0.959546925566343,0.977777777777778,0.998417721518987,1,0.551724137931034,0.417054263565891,0.995290423861852,0.00898203592814371,0.0106060606060606,0.876755070202808,0.00930232558139535,0.996927803379416,0.975384615384615,0,0.117274167987322,0,0.94770206022187,0,0.9828125,0.998420221169036,0.00911854103343465,0.841538461538462,0.998463901689708,0.651273885350318,0.630434782608696,0.880314960629921,0,0,0.92604501607717,0.947761194029851,0.984591679506934,0,0,0,0.234009360374415,0.512383900928793,0,0.443076923076923,0,0.927330173775671,0.996830427892235,0.1632,0.236641221374046,0,0.338632750397456,0.58814352574103,0.867078825347759,0.966360856269113,0.778637770897833,0.0015625,0.987341772151899,0.0171339563862928,0.996768982229402,0,0.981762917933131,0.00777604976671851,0.996835443037975,0.0158982511923688,0.0125984251968504,0,0,0.830246913580247,0.931419457735247,0.932824427480916,0.735249621785174,0.0226928895612708,0.00796178343949045,0.83125,0.831070889894419,0,0.0156985871271586,0.976415094339623,0,0.982511923688394,0.959752321981424,0.0691823899371069,0.0419906687402799,0.00471698113207547,0.998480243161094,0.463836477987421,0.0816326530612245,0.0990415335463259,0.115384615384615,0.6957928802589,0.0948678071539658,0.996845425867508,0,0.766666666666667,0.978593272171254,0.00316455696202532,0,0.0029806259314456,0,0.00306278713629403,0.996908809891808,0.719551282051282,0.00318979266347687,0.00158227848101266,0.536277602523659,0.952830188679245,0.423728813559322,0.0487062404870624,0.00484652665589661,0.0513643659711075,0.0153846153846154,0,0.0393081761006289,0.00911854103343465,0.00314465408805031,0.0139103554868624,0.00305810397553517,0.0488958990536278,0.0599078341013825,0.0185185185185185,0.0171339563862928,0.00649350649350649,0.0233644859813084,0.0217054263565891,0.0615384615384615,0.00938967136150235,0.0184899845916795,0.00317965023847377,0.00158227848101266,0.0445151033386327,0.0094488188976378,0.0211800302571861,0.0031104199066874,0.0358255451713396,0.00303030303030303,0.00464396284829721
"313",0.178628389154705,0.191222570532915,0.200312989045383,0.238782051282051,0.201288244766506,0.182847896440129,0.2625,0.205087440381558,0.2,0,0.182945736434109,0,0.550702028081123,0.187800963081862,0.797147385103011,0.819165378670788,0,0.00316455696202532,0.186688311688312,0.202211690363349,0.761240310077519,0.825320512820513,0.201538461538462,0,0.234567901234568,0.770932069510269,0.780715396578538,0.185185185185185,0.589230769230769,0.436817472698908,0.816358024691358,0.453125,0.371428571428571,0.727838258164852,0,0.162460567823344,0.00773993808049536,0.183835182250396,0.741741741741742,0.262996941896024,0,0.00157232704402516,0,0.178060413354531,0.38599348534202,0.832268370607029,0.609872611464968,0.80824088748019,0.613251155624037,0.78419452887538,0,0.1850699844479,0.703875968992248,0.184952978056426,0.252782193958665,0.841521394611727,0,0.205741626794258,0.205287713841369,0.280125195618153,0.759433962264151,0.618683001531394,0.829346092503987,0,0.266244057052298,0.324960753532182,0,0.187599364069952,0,0.815165876777251,0.317757009345794,0.819314641744548,0.830275229357798,0.172782874617737,0,0.433130699088146,0.811526479750779,0.5421875,0.274760383386581,0.769102990033223,0,0.454961832061069,0.776758409785933,0.183925811437403,0.802215189873418,0.262121212121212,0.179723502304147,0.217054263565891,0.205564142194745,0,0.193343898573693,0.185647425897036,0,0,0.220447284345048,0,0.688473520249221,0.208722741433022,0,0,0.510268562401264,0,0.71585557299843,0.190551181102362,0.777265745007681,0.189406099518459,0,0.198449612403101,0.828298887122417,0.83179012345679,0.813374805598756,0.252764612954186,0.723172628304821,0.190251572327044,0,0.193199381761978,0.444617784711388,0,0.824534161490683,0.865625,0,0.400313971742543,0.735849056603774,0.8224,0.199687987519501,0.80564263322884,0.1890625,0.177847113884555,0,0.551242236024845,0.240566037735849,0.607085346215781,0.190251572327044,0,0.178628389154705,0.801526717557252,0,0.745222929936306,0.504658385093168,0.562300319488818,0,0,0.196850393700787,0.406349206349206,0.769726247987118,0.180064308681672,0.805295950155763,0.246511627906977,0.6688,0.197836166924266,0.766990291262136,0.189147286821705,0.174121405750799,0.341614906832298,0.185358255451713,0.803542673107891,0.175738724727838,0.818471337579618,0,0.413461538461538,0.27906976744186,0.196899224806202,0.824806201550388,0,0.185867895545315,0.604200323101777,0.175697865353038,0.187306501547988,0.186335403726708,0.705972434915773,0.205564142194745,0.82753164556962,0.225266362252664,0.823889739663093,0.270569620253165,0.730232558139535,0,0.189873417721519,0,0.324492979719189,0.181388012618297,0.785826771653543,0.187993680884676,0.226006191950464,0.179487179487179,0.204580152671756,0.861154446177847,0.696124031007752,0.245192307692308,0.250398724082935,0.7859375,0.817619783616692,0.211878009630819,0.286158631415241,0,0,0.723538704581359,0,0.187596899224806,0.769938650306748,0.263823064770932,0.414219474497682,0.192604006163328,0.632165605095541,0.644305772230889,0.711811023622047,0.25511811023622,0.207874015748031,0.277777777777778,0,0.28149300155521,0.774716369529984,0.247226624405705,0.812006319115324,0.810185185185185,0.573692551505547,0.190251572327044,0.198473282442748,0.341121495327103,0.185758513931889,0.303459119496855,0,0.81377151799687,0.476780185758514,0.191082802547771,0,0.17774343122102,0.19482496194825,0.550156739811912,0.553968253968254,0.188197767145136,0.190705128205128,0.661881977671451,0,0.255742725880551,0.603149606299213,0.198707592891761,0.825077399380805,0.227202472952087,0.181240063593005,0.185419968304279,0.228571428571429,0.588509316770186,0.819620253164557,0.209448818897638,0.589984350547731,0.815151515151515,0.806697108066971,0.740157480314961,0.826984126984127,0.762360446570973,0.446646341463415,0.82398753894081,0.825153374233129,0.818885448916409,0.517450682852807,0.803225806451613,0.194620253164557,0,0.812403100775194,0,0.716772151898734,0.180817610062893,0.184834123222749,0.264385692068429,0,0.27491961414791,0.301075268817204,0.456556082148499,0.551401869158878,0.621875,0.610410094637224,0,0.17219589257504,0.776744186046512,0.466448445171849,0.207488299531981,0.817896389324961,0.41471048513302,0.8203125,0.791476407914764,0.178187403993856,0.175718849840256,0.261006289308176,0,0.493827160493827,0.244865718799368,0,0.805295950155763,0.254237288135593,0.198425196850394,0,0.832558139534884,0.809597523219814,0.209756097560976,0.29047619047619,0.824281150159744,0,0.65086887835703,0.194267515923567,0.367283950617284,0.692429022082019,0.479608482871126,0.209375,0.816326530612245,0.18960244648318,0.180379746835443,0.822605965463108,0.222395023328149,0.172093023255814,0.20414673046252,0.195956454121306,1,0.680428134556575,0.710730948678072,0.194847020933977,0.237560192616372,0.00784929356357928,0.824534161490683,0.19811320754717,0.883464566929134,0.757251908396947,0.200315457413249,0.169303797468354,0.21183800623053,0.457326892109501,0.172256097560976,0.827476038338658,0.214953271028037,0.190705128205128,0,0.676923076923077,0.549114331723027,0.82992125984252,0.0108024691358025,0.810477657935285,0.261941448382126,0.820433436532508,0.817896389324961,0,1,0.190327613104524,0.813397129186603,0.20259319286872,0.209627329192547,0.183098591549296,0.73015873015873,0.714748784440843,0.483464566929134,0.632090761750405,0,0.342105263157895,0.808477237048666,0.822804314329738,0.746894409937888,0.174528301886792,0.824345146379045,0,0.677570093457944,0.82225656877898,0.824088748019017,0.588516746411483,0.189655172413793,0.780448717948718,0.188216039279869,0.203852327447833,0,0.196374622356495,0.8125,0.177018633540373,0.341013824884793,0.188498402555911,0.804347826086957,0.211508553654743,0.809748427672956,0.282091917591125,0.452380952380952,0.23208722741433,0.200308166409861,0.178683385579937,0.731669266770671,0.223285486443381,0.184331797235023,0.827480916030534,0.82472613458529,0.184294871794872,0.179968701095462,0.754303599374022,0.28,0.210097719869707,0.228615863141524,0.187888198757764,0,0.804451510333863,0.184049079754601,0.819334389857369,0,0.206572769953052,0,0.840694006309148,0.174922600619195,0.194847020933977,0,0.497659906396256,0.693623639191291,0.1984,0.823240589198036,0.301261829652997,0.185007974481659,0.656549520766773,0.519938650306748,0.388535031847134,0,0.764430577223089,0.194577352472089,0.194620253164557,0.661442006269592,0.179127725856698,0.209917355371901,0.820433436532508,0.0015600624024961,0.186728395061728,0.188976377952756,0.226984126984127,0.457757296466974,0.810289389067524,0.292834890965732,0.782270606531882,0.738211382113821,0,0.519230769230769,0.519108280254777,0.518633540372671,0,0.760697305863708,0.244131455399061,0.493129770992366,0.620426829268293,0.811836115326252,0,0,0.17351598173516,0.217987804878049,0,0.252764612954186,0,0,0,0.1765625,0,0.19645732689211,0.397496087636933,0.565749235474006,0.168730650154799,0,0,0.177570093457944,0.239457831325301,0.424806201550388,0.810477657935285,0,0.275968992248062,0.531881804043546,0.17984496124031,0.607142857142857,0.729166666666667,0,0.187116564417178,0.817891373801917,0.231511254019293,0.820349761526232,0,0.817073170731707,0.805379746835443,0.63562091503268,0.203149606299213,0,0.229607250755287,0.195924764890282,0.187306501547988,0,0.860095389507154,0.227495908346972,0.816720257234727,0.169781931464174,0.179723502304147,0.814756671899529,0.171032357473035,0.717829457364341,0.352664576802508,0.810641627543036,0.769968051118211,0.222575516693164,0,0.824451410658307,0.208012326656394,0.821829855537721,0.492163009404389,0.597464342313788,0,0.777429467084639,0.395161290322581,0.735614307931571,0.196875,0.825545171339564,0.807453416149068,0.635467980295567,0.225114854517611,0.285714285714286,0.213946117274168,0.411671924290221,0,0.196899224806202,0.819295558958652,0.192546583850932,0.650819672131148,0.82648401826484,0.174922600619195,0.186520376175549,0.170347003154574,0.492979719188768,0.185471406491499,0.775316455696203,0.76,0.235658914728682,0.275862068965517,0,0,0.185714285714286,0.234920634920635,0.818759936406995,0.194312796208531,0.183385579937304,0.671875,0.2491961414791,0.4,0.243119266055046,0,0.199683042789223,0.666666666666667,0.189735614307932,0.18167701863354,0,0.481889763779528,0.203442879499218,0.818325434439178,0.460567823343849,0.709175738724728,0.359090909090909,0.484751203852327,0.228787878787879,0.80184331797235,0.181672025723473,0.180685358255452,0.200312989045383,0.695299837925446,0.763693270735524,0.190031152647975,0.187116564417178,0,0.374414976599064,0.658267716535433,0.785046728971963,0.401244167962675,0.181533646322379,0.285714285714286,0.184049079754601,0.131455399061033,0.801313628899836,0,0.345911949685535,0.815580286168522,0.809076682316119,0.76791277258567,0,0.197204968944099,0.251543209876543,0.177777777777778,0.184899845916795,0.79559748427673,0.824644549763033,0,0,0.767255216693419,0.795886075949367,0.79047619047619,0,0.809375,0.18,0.336434108527132,0.710730948678072,0.181240063593005,0.51468315301391,0.217527386541471,0.489922480620155,0.496194824961948,0,0.188536953242836,0.645933014354067,0.591194968553459,0.239757207890744,0.188940092165899,0.651234567901235,0.00154083204930663,0.221183800623053,0.206738131699847,0,0.223065250379363,0.8078125,0.200652528548124,0.629057187017002,0,0,0.586490939044481,0.351393188854489,0.822605965463108,0.823809523809524,0,0,0.385432473444613,0.819466248037677,0.174193548387097,0.746875,0.180834621329212,0.8149300155521,0.67601246105919,0.725521669341894,0.286871961102107,0.791935483870968,0.812307692307692,0,0.819334389857369,0,0.174311926605505,0.669918699186992,0.186466165413534,0.816745655608215,0.184294871794872,0,0.564024390243902,0.593650793650794,0.168769716088328,0,0.173312883435583,0,0.698051948051948,0.185185185185185,0,0.477726574500768,0.18341307814992,0.3984375,0.23696682464455,0.813559322033898,0,0.173913043478261,0.784126984126984,0,0.4640625,0.821482602118003,0.818604651162791,0.181672025723473,0.178963893249608,0.191131498470948,0.200631911532385,0.190851735015773,0,0.1859375,0,0.669266770670827,0.766561514195584,0.186335403726708,0.188383045525903,0.193251533742331,0.195652173913043,0.0344287949921753,0.829652996845426,0.184640522875817,0.212962962962963,0.422600619195046,0.192073170731707,0.186335403726708,0.210280373831776,0,0,0.201210287443268,0,0.806748466257669,0.00158730158730159,0.215288611544462,0.77491961414791,0.788309636650869,0.75808936825886,0.256735340729002,0.00155038759689922,0.783359497645212,0.180685358255452,0.177570093457944,0.489731437598736,0.668647845468053,0.75811209439528,0.79320987654321,0.499194847020934,0.811728395061728,0.764797507788162,0.541996830427892,0.832802547770701,0.444961240310077,0.80248833592535,0,0.815165876777251,0.668789808917197,0.177133655394525,0.457231726283048,0.735159817351598,0.514195583596215,0.276661514683153,0.182370820668693,0.209339774557166,0.194006309148265,0.182552504038772,0.18341307814992,0.598130841121495,0.674382716049383,0.18312101910828,0.828313253012048,0.815548780487805,0.297507788161994,0,0.198461538461538,0.213517665130568,0,0.790880503144654,0,0.224522292993631,0,0.201238390092879,0.185358255451713,0.810769230769231,0.331189710610932,0.172573189522342,0.474522292993631,0.492307692307692,0.261904761904762,0,0,0.230642504118616,0.238023952095808,0.187306501547988,0,0,0.821939586645469,0.876352395672334,0.592125984251968,0,0.677672955974843,0,0.249602543720191,0.185419968304279,0.731825525040388,0.75,0,0.744849445324881,0.561708860759494,0.298136645962733,0.220700152207002,0.382215288611544,0.816164817749604,0.199029126213592,0.0845070422535211,0.172248803827751,0,0.195987654320988,0,0.175438596491228,0.820634920634921,0.500797448165869,0,0,0.336434108527132,0.258785942492013,0.222734254992319,0.428792569659443,0.800604229607251,0.816164817749604,0.341232227488152,0.335365853658537,0,0.830940988835726,0.215311004784689,0,0.205501618122977,0.210280373831776,0.872472783825817,0.0062015503875969,0.821875,0.17984496124031,0.627388535031847,0.800312012480499,0.7984,0.790372670807453,0.440705128205128,0.804953560371517,0.178233438485804,0,0.381102362204724,0.207109737248841,0,0,0.825493171471927,0,0.823712948517941,0.197472353870458,0.432475884244373,0.807266982622433,0.822966507177033,0.553054662379421,0.213375796178344,0.620904836193448,0.00457317073170732,0.817307692307692,0.043338683788122,0.0109204368174727,0,0.6734375,0.806990881458967,0.813880126182965,0.812111801242236,0.822900763358779,0.00793650793650794,0.00766871165644172,0.80625,0.00788643533123028,0.00321027287319422,0.0264385692068429,0.00933125972006221,0.00775193798449612,0.823622047244094,0.015625,0.812903225806452,0.807210031347962,0.00464396284829721,0.808777429467085,0.0472560975609756,0.81591263650546,0.767801857585139,0.81203007518797,0.818181818181818
"314",0.319422150882825,0.313271604938272,0.329249617151608,0.360446570972887,0.31629392971246,0.309677419354839,0.39937106918239,0.343122102009274,0.31306990881459,0,0.311349693251534,0,0.547546012269939,0.315372424722662,0.684292379471229,0.693023255813954,0,0.00772797527047913,0.311320754716981,0.323664122137405,0.833594976452119,0.690821256038647,0.328220858895706,0,0.369230769230769,0.657276995305164,0.751937984496124,0.327476038338658,0.669195751138088,0.532924961715161,0.684848484848485,0.555038759689922,0.489891135303266,0.666146645865835,0,0.308661417322835,0.0122511485451761,0.314984709480122,0.757164404223228,0.377300613496933,0.00158478605388273,0.00614439324116743,0.00299850074962519,0.312111801242236,0.529126213592233,0.689274447949527,0.58528951486698,0.684210526315789,0.718373493975904,0.694189602446483,0,0.319875776397516,0.955589586523737,0.306976744186047,0.3984375,0.6784,0,0.334913112164297,0.326219512195122,0.397280966767372,0.651908396946565,0.678955453149002,0.68088467614534,0,0.376190476190476,0.446511627906977,0,0.309341500765697,0,0.6984375,0.403400309119011,0.687888198757764,0.70846394984326,0.301369863013699,0,0.534456355283308,0.741538461538462,0.563748079877112,0.41390205371248,0.671009771986971,0,0.535276073619632,0.673282442748092,0.298003072196621,0.707241910631741,0.391830559757943,0.318952234206472,0.329286798179059,0.332312404287902,0.00150375939849624,0.309859154929577,0.310291858678955,0,0,0.330696202531646,0,0.707620528771384,0.320552147239264,0.00305810397553517,0.0046801872074883,0.579598145285935,0,0.767550702028081,0.305426356589147,0.755725190839695,0.301587301587302,0.00309597523219814,0.332293291731669,0.699376947040498,0.703196347031963,0.693498452012384,0.37597503900156,0.664050235478807,0.320433436532508,0,0.327666151468315,0.537519142419602,0,0.698924731182796,0.678516228748068,0,0.487538940809969,0.826356589147287,0.705414012738854,0.331288343558282,0.684129429892142,0.302611367127496,0.310077519379845,0,0.631987577639752,0.366771159874608,0.62754303599374,0.309968847352025,0,0.317384370015949,0.694992412746586,0,0.864779874213837,0.50390015600624,0.638095238095238,0,0,0.34715821812596,0.507645259938838,0.666666666666667,0.296124031007752,0.6890625,0.381538461538462,0.619273301737757,0.325652841781874,0.79047619047619,0.315789473684211,0.303656597774245,0.417310664605873,0.295107033639144,0.679245283018868,0.303680981595092,0.678071539657854,0,0.506230529595016,0.430745814307458,0.327188940092166,0.679938744257274,0,0.305936073059361,0.765822784810127,0.305863708399366,0.306853582554517,0.298921417565485,0.656060606060606,0.33641975308642,0.700310559006211,0.327245053272451,0.693815987933635,0.4078125,0.63013698630137,0,0.327073552425665,0,0.41321044546851,0.304615384615385,0.712480252764613,0.328767123287671,0.356589147286822,0.324963072378139,0.318529862174579,0.693623639191291,0.653495440729483,0.384493670886076,0.345911949685535,0.759146341463415,0.693374422187982,0.323809523809524,0.418461538461538,0,0,0.812302839116719,0.00153609831029186,0.311649016641452,0.67629179331307,0.416666666666667,0.461654135338346,0.314285714285714,0.736842105263158,0.639751552795031,0.867078825347759,0.335901386748844,0.346273291925466,0.407751937984496,0,0.390577507598784,0.810810810810811,0.349378881987578,0.700468018720749,0.67687595712098,0.634375,0.328149300155521,0.316109422492401,0.441358024691358,0.312788906009245,0.412403100775194,0,0.696124031007752,0.555386949924128,0.315217391304348,0,0.322085889570552,0.33433734939759,0.614664586583463,0.553680981595092,0.332807570977918,0.308426073131955,0.709627329192547,0,0.405775075987842,0.602484472049689,0.330173775671406,0.693251533742331,0.336349924585219,0.289348171701113,0.305295950155763,0.344236760124611,0.612903225806452,0.7109375,0.336434108527132,0.563165905631659,0.702985074626866,0.691376701966717,0.643192488262911,0.694704049844237,0.796474358974359,0.573619631901841,0.700310559006211,0.680428134556575,0.680428134556575,0.629742033383915,0.68860353130016,0.332807570977918,0.00473186119873817,0.689230769230769,0,0.764430577223089,0.316535433070866,0.330203442879499,0.37888198757764,0,0.429936305732484,0.406153846153846,0.532507739938081,0.569875776397516,0.580996884735203,0.605388272583201,0.00458715596330275,0.302839116719243,0.758039816232772,0.544728434504792,0.346938775510204,0.702909647779479,0.509287925696594,0.689547581903276,0.697852760736196,0.326315789473684,0.3056,0.404120443740095,0,0.582317073170732,0.393987341772152,0,0.68960244648318,0.390317700453858,0.331259720062208,0,0.701219512195122,0.695252679938744,0.320373250388802,0.400316455696203,0.695238095238095,0,0.716049382716049,0.313664596273292,0.495468277945619,0.633385335413417,0.596850393700787,0.332824427480916,0.68125,0.326747720364742,0.307332293291732,0.68160741885626,0.330232558139535,0.308396946564885,0.348171701112878,0.316358024691358,0.680428134556575,1,0.855606758832565,0.334920634920635,0.365231259968102,0.0232198142414861,0.6765625,0.345911949685535,0.669767441860465,0.667166416791604,0.31733746130031,0.306976744186047,0.325688073394495,0.547049441786284,0.308755760368664,0.683307332293292,0.335394126738794,0.308176100628931,0,0.974045801526718,0.637658227848101,0.693374422187982,0.0216383307573416,0.700920245398773,0.364885496183206,0.692068429237947,0.69478527607362,0,0.678018575851393,0.324921135646688,0.6953125,0.319422150882825,0.34009360374415,0.307692307692308,0.822503961965135,0.823434991974318,0.520123839009288,0.598705501618123,0,0.437694704049844,0.705069124423963,0.694864048338369,0.756880733944954,0.311111111111111,0.688650306748466,0,1,0.675384615384615,0.71141975308642,0.601550387596899,0.309486780715397,0.654516640253566,0.319488817891374,0.312893081761006,0,0.321481481481481,0.670676691729323,0.304878048780488,0.426810477657935,0.318037974683544,0.713622291021672,0.329249617151608,0.68266253869969,0.38828967642527,0.549920760697306,0.353658536585366,0.326747720364742,0.30757341576507,0.90527950310559,0.352201257861635,0.309667673716012,0.686746987951807,0.695046439628483,0.318952234206472,0.304747320061256,0.646153846153846,0.389830508474576,0.331179321486268,0.341576506955178,0.325115562403698,0,0.693163751987281,0.299847792998478,0.693374422187982,0,0.338533541341654,0.00317965023847377,0.687306501547988,0.322188449848024,0.330232558139535,0.00155038759689922,0.581504702194357,0.605015673981191,0.316957210776545,0.689274447949527,0.402190923317684,0.300787401574803,0.692429022082019,0.627480916030534,0.5140625,0,0.799050632911392,0.323899371069182,0.312693498452012,0.605590062111801,0.303215926493109,0.324675324675325,0.700310559006211,0,0.315870570107858,0.309636650868878,0.341232227488152,0.509863429438543,0.693270735524257,0.411944869831547,0.668721109399075,0.704730831973899,0.00306748466257669,0.567092651757188,0.593700787401575,0.641975308641975,0,0.679245283018868,0.4,0.526799387442573,0.587692307692308,0.706845238095238,0,0,0.307692307692308,0.318042813455657,0,0.36055469953775,0.00316957210776545,0,0,0.29595015576324,0,0.3232,0.475232198142415,0.638591117917305,0.310291858678955,0,0,0.315707620528771,0.353823088455772,0.538694992412747,0.70381679389313,0,0.408472012102874,0.635670731707317,0.306976744186047,0.568111455108359,0.67601246105919,0,0.306153846153846,0.6875,0.365203761755486,0.668721109399075,0,0.695195195195195,0.685534591194969,0.586429725363489,0.31937984496124,0,0.359756097560976,0.332302936630603,0.304615384615385,0,0.679936305732484,0.353518821603928,0.710823909531502,0.308755760368664,0.307458143074581,0.696456086286595,0.283720930232558,0.84399375975039,0.468509984639017,0.706521739130435,0.774803149606299,0.328149300155521,0.00308166409861325,0.701399688958009,0.331288343558282,0.70906200317965,0.589703588143526,0.593949044585987,0,0.809006211180124,0.479430379746835,0.822152886115445,0.325688073394495,0.692901234567901,0.710077519379845,0.626229508196721,0.340874811463047,0.402985074626866,0.34789391575663,0.483619344773791,0,0.31651376146789,0.689497716894977,0.336990595611285,0.71451355661882,0.695324283559578,0.312594840667678,0.313291139240506,0.29375,0.510769230769231,0.319148936170213,0.777429467084639,0.812006319115324,0.361111111111111,0.407975460122699,0,0,0.312202852614897,0.374800637958533,0.705047318611987,0.317757009345794,0.321428571428571,0.764976958525346,0.375,0.515007898894155,0.401515151515151,0,0.336448598130841,0.719874804381847,0.304953560371517,0.302652106084243,0,0.552099533437014,0.328548644338118,0.689335394126739,0.522691705790297,0.589783281733746,0.436390532544379,0.57345971563981,0.343373493975904,0.681268882175227,0.328616352201258,0.317073170731707,0.335413416536661,0.718152866242038,0.69242658423493,0.306153846153846,0.310136157337368,0.0015220700152207,0.471927162367223,0.635528330781011,0.648773006134969,0.486780715396579,0.30804248861912,0.376160990712074,0.314503816793893,0.151376146788991,0.688888888888889,0,0.451713395638629,0.703296703296703,0.685185185185185,0.655864197530864,0,0.320493066255778,0.346687211093991,0.309968847352025,0.320668693009119,0.690031152647975,0.697347893915757,0,0,0.78806907378336,0.721518987341772,0.691107644305772,0,0.687595712098009,0.288109756097561,0.30804248861912,0.809968847352025,0.302362204724409,0.594135802469136,0.333333333333333,0.602782071097372,0.663650075414781,0,0.303437967115097,0.742236024844721,0.703937007874016,0.385321100917431,0.325264750378215,0.954968944099379,0.00152671755725191,0.353488372093023,0.331804281345566,0,0.321752265861027,0.690769230769231,0.307317073170732,0.616438356164384,0,0.00152671755725191,0.716369529983793,0.467289719626168,0.693623639191291,0.686305732484076,0.00310077519379845,0.00158478605388273,0.47289156626506,0.69969040247678,0.301127214170692,0.680722891566265,0.316109422492401,0.683563748079877,0.630434782608696,0.638364779874214,0.444625407166124,0.693877551020408,0.697709923664122,0.00154798761609907,0.690625,0,0.31570996978852,0.612903225806452,0.336349924585219,0.703937007874016,0.3234375,0,0.55187969924812,0.653250773993808,0.306153846153846,0,0.320182094081942,0,0.649842271293375,0.314503816793893,0,0.559220389805097,0.320754716981132,0.471317829457364,0.34488188976378,0.710166919575114,0,0.302652106084243,0.65210608424337,0,0.549230769230769,0.676204819277108,0.691358024691358,0.318611987381703,0.304147465437788,0.308734939759036,0.320373250388802,0.327044025157233,0,0.335423197492163,0.00914634146341463,0.712349397590361,0.646511627906977,0.295731707317073,0.31055900621118,0.319634703196347,0.315548780487805,0.0562310030395137,0.699844479004666,0.315875613747954,0.338931297709924,0.508396946564886,0.32469512195122,0.287692307692308,0.332307692307692,0,0,0.328849028400598,0,0.676737160120846,0.00154083204930663,0.350769230769231,0.64,0.696969696969697,0.810030395136778,0.36875,0.00152671755725191,0.741433021806854,0.304012345679012,0.31859756097561,0.652173913043478,0.738023952095808,0.664714494875549,0.672727272727273,0.519623233908948,0.690076335877863,0.695924764890282,0.667180277349769,0.670826833073323,0.505279034690799,0.697996918335901,0,0.689922480620155,0.72755905511811,0.309968847352025,0.568567026194145,0.790030211480363,0.561320754716981,0.41248097412481,0.316030534351145,0.354368932038835,0.332810047095761,0.32484076433121,0.313880126182965,0.565149136577708,0.66304347826087,0.31651376146789,0.688988095238095,0.702416918429003,0.428125,0.0045045045045045,0.305007587253414,0.333333333333333,0,0.680817610062893,0,0.357927786499215,0,0.342024539877301,0.297971918876755,0.695718654434251,0.43944099378882,0.303215926493109,0.576190476190476,0.604545454545454,0.4125,0,0,0.358851674641148,0.336795252225519,0.321646341463415,0,0,0.692307692307692,0.68140243902439,0.589984350547731,0,0.581903276131045,0,0.384493670886076,0.320754716981132,0.675118858954041,0.673748103186646,0,0.66877971473851,0.551242236024845,0.402756508422665,0.333333333333333,0.50386398763524,0.697819314641745,0.325396825396825,0.0729813664596273,0.302547770700637,0,0.316417910447761,0.00154083204930663,0.304821150855365,0.702362204724409,0.438985736925515,0,0,0.428792569659443,0.363636363636364,0.356164383561644,0.506060606060606,0.699849170437406,0.693146417445483,0.419753086419753,0.383808095952024,0,0.684451219512195,0.3546875,0,0.308661417322835,0.342024539877301,0.68895800933126,0.0152905198776758,0.704225352112676,0.299694189602446,0.589257503949447,0.666666666666667,0.671428571428571,0.687116564417178,0.556603773584906,0.692541856925419,0.320552147239264,0,0.516483516483517,0.314329738058552,0.00154798761609907,0,0.706231454005935,0,0.698757763975155,0.303543913713405,0.512618296529968,0.706521739130435,0.699367088607595,0.623622047244095,0.348031496062992,0.672307692307692,0.0227963525835866,0.69701726844584,0.0672,0.0154320987654321,0,0.608628659476117,0.680659670164918,0.673015873015873,0.68558282208589,0.684766214177979,0.0217054263565891,0.0259938837920489,0.678899082568807,0.0139968895800933,0.0063391442155309,0.0373250388802488,0.0169753086419753,0.0243531202435312,0.6953125,0.0234741784037559,0.685126582278481,0.681747269890796,0.0186625194401244,0.693877551020408,0.0544629349470499,0.6921875,0.653188180404355,0.701807228915663,0.670906200317965
"315",0.293460925039872,0.283720930232558,0.306027820710974,0.350157728706625,0.290015847860539,0.28006329113924,0.3801261829653,0.303317535545024,0.278816199376947,0,0.28006329113924,0,0.574102964118565,0.280448717948718,0.725118483412322,0.720125786163522,0,0.0062111801242236,0.294770206022187,0.291277258566978,0.878930817610063,0.713584288052373,0.299684542586751,0,0.335413416536661,0.676609105180534,0.762951334379906,0.291139240506329,0.695454545454545,0.543778801843318,0.725038402457757,0.565830721003135,0.495283018867925,0.658423493044822,0,0.282131661442006,0.0170542635658915,0.285271317829457,0.837593984962406,0.369969040247678,0.0015600624024961,0.00309597523219814,0.00153139356814701,0.287284144427002,0.490196078431373,0.733858267716535,0.582417582417582,0.719936708860759,0.66973886328725,0.718027734976888,0,0.293103448275862,0.845553822152886,0.278740157480315,0.386541471048513,0.723809523809524,0,0.309262166405024,0.321766561514196,0.387692307692308,0.670769230769231,0.701095461658842,0.715873015873016,0,0.386327503974563,0.455813953488372,0,0.291139240506329,0,0.722222222222222,0.364760432766615,0.7078125,0.723538704581359,0.286153846153846,0,0.551987767584098,0.746081504702194,0.577464788732394,0.400958466453674,0.708263069139966,0,0.534668721109399,0.693251533742331,0.277089783281734,0.727838258164852,0.374045801526718,0.278637770897833,0.307931570762053,0.297339593114241,0,0.293929712460064,0.270866141732283,0,0,0.310679611650485,0,0.816485225505443,0.297805642633229,0.003125,0.00316455696202532,0.655063291139241,0,0.855325914149444,0.284578696343402,0.819018404907976,0.287319422150883,0,0.306477093206951,0.71608832807571,0.727272727272727,0.730354391371341,0.347551342812006,0.660883280757098,0.289269051321928,0,0.294573643410853,0.554179566563467,0,0.720565149136578,0.688888888888889,0,0.492935635792779,0.934681181959565,0.738709677419355,0.300623052959502,0.714285714285714,0.28419452887538,0.286163522012579,0,0.717791411042945,0.339116719242902,0.624,0.302694136291601,0,0.287081339712919,0.730354391371341,0,0.931528662420382,0.494417862838915,0.742351046698873,0,0,0.309597523219814,0.513260530421217,0.697305863708399,0.27373417721519,0.717219589257504,0.360123647604328,0.626771653543307,0.289634146341463,0.876006441223833,0.283076923076923,0.265402843601896,0.391236306729264,0.262015503875969,0.703821656050955,0.27639751552795,0.710900473933649,0,0.534290271132376,0.419601837672282,0.290824261275272,0.701378254211332,0,0.275384615384615,0.6736,0.277955271565495,0.280674846625767,0.266666666666667,0.655436447166922,0.30757341576507,0.706976744186047,0.305597579425113,0.718027734976888,0.3776,0.651090342679128,0,0.294488188976378,0,0.386503067484663,0.286392405063291,0.726415094339623,0.296466973886329,0.327613104524181,0.299093655589124,0.310077519379845,0.727414330218069,0.643939393939394,0.360975609756098,0.342229199372057,0.7601246105919,0.713615023474178,0.294952681388013,0.40282131661442,0,0,0.956043956043956,0.00154559505409583,0.29249617151608,0.702160493827161,0.398089171974522,0.454545454545455,0.293577981651376,0.846645367412141,0.656346749226006,1,0.308661417322835,0.302034428794992,0.393846153846154,0,0.395705521472393,0.907496012759171,0.318541996830428,0.728125,0.713629402756508,0.7296875,0.294025157232704,0.302795031055901,0.457278481012658,0.294207317073171,0.396899224806202,0,0.716300940438871,0.566820276497696,0.286604361370716,0,0.2782874617737,0.301369863013699,0.696825396825397,0.528771384136858,0.291079812206573,0.277147487844408,0.818181818181818,0,0.374807987711214,0.614664586583463,0.316720257234727,0.729102167182663,0.304615384615385,0.271875,0.286153846153846,0.3234375,0.56298600311042,0.725856697819315,0.3015625,0.568992248062016,0.723308270676692,0.701378254211332,0.664566929133858,0.724569640062598,0.875598086124402,0.605182926829268,0.717156105100464,0.716279069767442,0.714285714285714,0.700453857791225,0.726688102893891,0.294952681388013,0.00158227848101266,0.715396578538103,0,0.878548895899054,0.292604501607717,0.301242236024845,0.358372456964006,0,0.416398713826367,0.408950617283951,0.549920760697306,0.570107858243451,0.617322834645669,0.6125,0.00154798761609907,0.27258064516129,0.824615384615385,0.561996779388084,0.313572542901716,0.72386895475819,0.504658385093168,0.716300940438871,0.71875,0.300462249614792,0.27536231884058,0.386327503974563,0,0.634408602150538,0.376971608832808,0,0.724085365853659,0.375191424196018,0.302839116719243,0,0.731669266770671,0.728943338437979,0.2992,0.404423380726698,0.7264,0,0.809076682316119,0.287758346581876,0.49306625577812,0.639498432601881,0.594679186228482,0.306027820710974,0.704866562009419,0.281972265023112,0.278816199376947,0.712715855572998,0.31201248049922,0.286384976525822,0.31139646869984,0.280373831775701,0.710730948678072,0.855606758832565,1,0.3024,0.3344,0.0201238390092879,0.701444622792937,0.312989045383412,0.713166144200627,0.68140243902439,0.290423861852433,0.277337559429477,0.315707620528771,0.5648,0.268633540372671,0.695859872611465,0.305900621118012,0.275,0,0.842266462480858,0.717425431711146,0.721362229102167,0.02,0.720364741641337,0.349529780564263,0.731117824773414,0.727272727272727,0,0.697674418604651,0.297297297297297,0.722570532915361,0.304418985270049,0.322274881516588,0.287081339712919,0.952681388012618,0.949263502454992,0.525078369905956,0.598684210526316,0,0.439873417721519,0.729607250755287,0.71141975308642,0.836890243902439,0.282091917591125,0.724458204334365,0,0.838212634822804,0.708206686930091,0.748427672955975,0.610675039246468,0.282574568288854,0.701923076923077,0.283870967741935,0.299840510366826,0,0.290178571428571,0.70750382848392,0.275757575757576,0.457098283931357,0.291338582677165,0.733128834355828,0.303265940902022,0.712050078247261,0.38810641627543,0.511111111111111,0.350931677018634,0.294753086419753,0.283255086071987,0.975232198142415,0.325434439178515,0.272865853658537,0.716030534351145,0.721958925750395,0.277602523659306,0.272161741835148,0.681470137825421,0.377300613496933,0.322528363047002,0.323529411764706,0.28416149068323,0,0.722929936305732,0.270606531881804,0.708661417322835,0,0.305164319248826,0.00158730158730159,0.704581358609795,0.287267080745342,0.295133437990581,0.00155763239875389,0.658805031446541,0.630914826498423,0.293739967897271,0.702746365105008,0.371382636655949,0.282714054927302,0.72972972972973,0.66820987654321,0.473270440251572,0,0.885579937304075,0.305825242718447,0.291993720565149,0.603744149765991,0.278207109737249,0.289735099337748,0.724569640062598,0,0.3,0.28393135725429,0.320634920634921,0.50231124807396,0.723270440251572,0.404761904761905,0.703296703296703,0.771004942339374,0.00153374233128834,0.583601286173633,0.599378881987578,0.575384615384615,0,0.696284329563813,0.36608557844691,0.54364471669219,0.591049382716049,0.721633888048411,0,0,0.273542600896861,0.308980213089802,0,0.34789391575663,0,0,0,0.266875981161695,0,0.293838862559242,0.496884735202492,0.741140215716487,0.275494672754947,0,0,0.28328173374613,0.325757575757576,0.530769230769231,0.727975270479134,0,0.386850152905199,0.677811550151976,0.284375,0.573189522342065,0.668238993710692,0,0.297380585516179,0.719936708860759,0.335987261146497,0.687010954616588,0,0.71969696969697,0.715421303656598,0.601957585644372,0.293478260869565,0,0.333333333333333,0.302325581395349,0.267801857585139,0,0.719874804381847,0.314569536423841,0.742998352553542,0.274809160305344,0.273001508295626,0.721109399075501,0.271604938271605,0.990654205607477,0.452859350850077,0.721259842519685,0.865079365079365,0.324881141045959,0.00154320987654321,0.728943338437979,0.308411214953271,0.72741935483871,0.593700787401575,0.625786163522013,0,0.778996865203762,0.484848484848485,0.946236559139785,0.293023255813953,0.720565149136578,0.751159196290572,0.640322580645161,0.327718223583461,0.376744186046512,0.330721003134796,0.478740157480315,0,0.288343558282209,0.72281776416539,0.290423861852433,0.817741935483871,0.729102167182663,0.270229007633588,0.285261489698891,0.264659270998415,0.496111975116641,0.2953125,0.85781990521327,0.885895404120444,0.342271293375394,0.391236306729264,0,0,0.28548644338118,0.335925349922239,0.725274725274725,0.306962025316456,0.303317535545024,0.891509433962264,0.339652448657188,0.552,0.374429223744292,0,0.305993690851735,0.815165876777251,0.275430359937402,0.275968992248062,0,0.588888888888889,0.303174603174603,0.701095461658842,0.526813880126183,0.626168224299065,0.445619335347432,0.524486571879937,0.313636363636364,0.706422018348624,0.288854003139717,0.283720930232558,0.29393468118196,0.809061488673139,0.743348982785602,0.272585669781931,0.272865853658537,0.00151975683890578,0.492236024844721,0.658536585365854,0.685446009389671,0.48062015503876,0.277511961722488,0.353870458135861,0.281972265023112,0.168711656441718,0.722402597402597,0,0.454968944099379,0.721337579617834,0.706730769230769,0.708268330733229,0,0.300623052959502,0.348694316436252,0.289763779527559,0.28129829984544,0.716744913928013,0.721003134796238,0,0,0.845047923322684,0.735247208931419,0.712480252764613,0,0.707165109034268,0.272161741835148,0.310606060606061,0.938388625592417,0.279552715654952,0.67741935483871,0.313385826771654,0.550769230769231,0.592203898050975,0,0.280120481927711,0.856012658227848,0.79140127388535,0.366818873668189,0.288372093023256,0.823255813953488,0.00154083204930663,0.32182103610675,0.315950920245399,0,0.292792792792793,0.725731895223421,0.297124600638978,0.641744548286604,0,0.0015600624024961,0.790584415584416,0.45141065830721,0.716951788491446,0.743221690590112,0.0015600624024961,0.00159235668789809,0.477477477477477,0.733438485804416,0.270627062706271,0.675968992248062,0.294298921417565,0.716030534351145,0.635514018691589,0.665605095541401,0.401273885350318,0.720064724919094,0.721792890262751,0.00157232704402516,0.72755905511811,0,0.281818181818182,0.623778501628665,0.302533532041729,0.719626168224299,0.288461538461538,0,0.575617283950617,0.675632911392405,0.277864992150706,0,0.280916030534351,0,0.651757188498403,0.297674418604651,0,0.617873651771957,0.29635499207607,0.429477020602219,0.324675324675325,0.726851851851852,0,0.275430359937402,0.6736,0,0.571428571428571,0.708588957055215,0.720679012345679,0.28594249201278,0.275430359937402,0.279389312977099,0.306729264475743,0.310015898251192,0,0.310832025117739,0.00462249614791988,0.815100154083205,0.6875,0.280811232449298,0.285714285714286,0.292569659442724,0.28858024691358,0.0590062111801242,0.742496050552923,0.294975688816856,0.316118935837246,0.51840490797546,0.297674418604651,0.271472392638037,0.313084112149533,0,0,0.301801801801802,0,0.708782742681048,0.00158227848101266,0.327503974562798,0.674193548387097,0.719806763285024,0.814528593508501,0.338607594936709,0.00155038759689922,0.800312012480499,0.266982622432859,0.287037037037037,0.587869362363919,0.850299401197605,0.683109118086697,0.702453987730061,0.508716323296355,0.724031007751938,0.714285714285714,0.735759493670886,0.688188976377953,0.515243902439024,0.713615023474178,0,0.716535433070866,0.818327974276527,0.272285251215559,0.618098159509202,0.881381381381381,0.559875583203733,0.405864197530864,0.296296296296296,0.338211382113821,0.292993630573248,0.280193236714976,0.293460925039872,0.585669781931464,0.628086419753086,0.288401253918495,0.72263868065967,0.716463414634146,0.410852713178295,0.0015552099533437,0.290372670807453,0.288372093023256,0,0.74198717948718,0,0.323899371069182,0,0.303680981595092,0.281200631911532,0.73094867807154,0.41471048513302,0.281345565749235,0.638535031847134,0.642745709828393,0.396825396825397,0,0,0.34910277324633,0.338257016248154,0.307098765432099,0,0,0.711568938193344,0.699537750385208,0.608695652173913,0,0.62037037037037,0,0.344827586206897,0.279365079365079,0.727416798732171,0.689708141321045,0,0.659711075441412,0.553822152886115,0.399375975039002,0.312404287901991,0.509433962264151,0.72952086553323,0.303174603174603,0.0709779179810726,0.288888888888889,0,0.292682926829268,0,0.278041074249605,0.721337579617834,0.445859872611465,0,0,0.429012345679012,0.341269841269841,0.330757341576507,0.511380880121396,0.730650154798762,0.719492868462758,0.378504672897196,0.349618320610687,0,0.722929936305732,0.316614420062696,0,0.279935275080906,0.310291858678955,0.724031007751938,0.0141065830721003,0.717391304347826,0.272445820433437,0.585714285714286,0.695102685624013,0.701923076923077,0.725581395348837,0.56043956043956,0.708268330733229,0.286821705426357,0,0.526148969889065,0.28416149068323,0,0,0.733931240657698,0,0.706336939721793,0.274418604651163,0.515822784810127,0.731319554848967,0.7203125,0.72107765451664,0.330188679245283,0.7,0.0201550387596899,0.726837060702875,0.0673076923076923,0.0171339563862928,0,0.601587301587302,0.702290076335878,0.711356466876972,0.710323574730354,0.713629402756508,0.0174880763116057,0.0229709035222052,0.717868338557994,0.0157728706624606,0.0048780487804878,0.0425196850393701,0.0201550387596899,0.02,0.7359375,0.0265210608424337,0.7152,0.7223113964687,0.0172143974960876,0.716981132075472,0.0564885496183206,0.712962962962963,0.684615384615385,0.725637181409295,0.714953271028037
"316",0.976228209191759,0.974763406940063,0.984152139461173,0.939641109298532,0.980582524271845,0.980165289256198,0.906752411575563,0.987421383647799,0.970496894409938,0.0016260162601626,0.977635782747604,0.0016025641025641,0.576736672051696,0.975845410628019,0.0653907496012759,0.0315955766192733,0.00313971742543171,0.0159235668789809,0.973983739837398,0.958990536277603,0.184294871794872,0.0514096185737977,0.9625,0.00157232704402516,0.930926216640502,0.266881028938907,0.130365659777424,0.968903436988543,0.474842767295597,0.700315457413249,0.0220820189274448,0.701421800947867,0.778501628664495,0.284126984126984,0.0016,0.97933227344992,0.0189873417721519,0.969793322734499,0.278033794162826,0.888888888888889,0.00321027287319422,0.0159489633173844,0.0078003120124805,0.9744,0.79344262295082,0.0469255663430421,0.5184,0.0176282051282051,0.479750778816199,0.1390625,0.00319488817891374,0.977235772357724,0.296178343949045,0.972624798711755,0.898713826366559,0.181364392678869,0.00161550888529887,0.94888178913738,0.984472049689441,0.906396255850234,0.304140127388535,0.441455696202532,0.0210696920583468,0.00319488817891374,0.888519134775374,0.814580031695721,0.00160513643659711,0.96656050955414,0.00158730158730159,0.0146341463414634,0.835423197492163,0.0255591054313099,0.035426731078905,0.975077881619938,0.00319488817891374,0.727838258164852,0.0596546310832025,0.568253968253968,0.918433931484502,0.27710843373494,0.00318471337579618,0.719685039370079,0.223787167449139,0.972929936305732,0.130914826498423,0.914330218068536,0.971563981042654,0.966772151898734,0.95253164556962,0.0109546165884194,0.967845659163987,0.971830985915493,0.00159489633173844,0.00319488817891374,0.963022508038585,0.00321027287319422,0.317610062893082,0.968102073365231,0.00933125972006221,0.0113268608414239,0.617322834645669,0.0016,0.300970873786408,0.980360065466448,0.118195956454121,0.975490196078431,0.00822368421052632,0.993650793650794,0.0227272727272727,0.0271132376395534,0.0300632911392405,0.925632911392405,0.342356687898089,0.971107544141252,0.00324149108589951,0.988871224165342,0.730891719745223,0.00308166409861325,0.0221870047543582,0.234076433121019,0.00310077519379845,0.776872964169381,0.266666666666667,0.0888157894736842,0.960505529225908,0.150078988941548,0.973478939157566,0.973354231974922,0.00317460317460317,0.548335974643423,0.932258064516129,0.471358428805237,0.967532467532468,0.00315457413249211,0.973770491803279,0.046801872074883,0.00317460317460317,0.231629392971246,0.628019323671498,0.53322528363047,0.00320512820512821,0.00326797385620915,0.980676328502415,0.751974723538705,0.179276315789474,0.973312401883831,0.0285261489698891,0.935023771790808,0.42512077294686,0.981481481481482,0.151465798045603,0.968102073365231,0.976859504132231,0.843949044585987,0.973561430793157,0.0162074554294976,0.97626582278481,0.0206677265500795,0.00159744408945687,0.733766233766234,0.895734597156398,0.9648,0.0410094637223975,0.0015600624024961,0.976489028213166,0.458401305057096,0.975206611570248,0.974763406940063,0.973143759873618,0.2984375,0.977848101265823,0.0207667731629393,0.948517940717629,0.024653312788906,0.93042071197411,0.371428571428571,0.0032520325203252,0.969793322734499,0.0015552099533437,0.837282780410742,0.973101265822785,0.131493506493506,0.97626582278481,0.929133858267717,0.969088098918083,0.957746478873239,0.114516129032258,0.374407582938389,0.916666666666667,0.928338762214984,0.0670926517571885,0.0314465408805031,0.975845410628019,0.880191693290735,0.0015527950310559,0.0031496062992126,0.309677419354839,0.00317965023847377,0.975039001560062,0.267801857585139,0.900974025974026,0.753968253968254,0.986024844720497,0.440842787682334,0.43217665615142,0.315533980582524,0.916398713826367,0.947115384615385,0.89792663476874,0.0032,0.870917573872473,0.196399345335516,0.945072697899838,0.0208667736757624,0.089622641509434,0.54746835443038,0.96474358974359,0.973478939157566,0.845161290322581,0.9792663476874,0.872168284789644,0.00319488817891374,0.0958466453674121,0.661466458658346,0.973856209150327,0.00318979266347687,0.965244865718799,0.984591679506934,0.5584,0.550239234449761,0.969354838709677,0.975806451612903,0.386942675159236,0.00326797385620915,0.909657320872274,0.536624203821656,0.983552631578947,0.0236593059936909,0.955038759689922,0.977346278317152,0.976228209191759,0.929936305732484,0.530708661417323,0.0242718446601942,0.980738362760835,0.55205047318612,0.0230414746543779,0.0250391236306729,0.210610932475884,0.0205047318611987,0.166397415185784,0.698587127158556,0.0206349206349206,0.0267716535433071,0.0352564102564103,0.597200622083981,0.0551053484602917,0.961352657004831,0.0113085621970921,0.0188976377952756,0.00317460317460317,0.24203821656051,0.980165289256198,0.958795562599049,0.887122416534181,0.00316957210776545,0.893617021276596,0.849529780564263,0.698541329011345,0.608626198083067,0.460063897763578,0.440514469453376,0.00958466453674121,0.970779220779221,0.12202852614897,0.717105263157895,0.9744,0.0332278481012658,0.77207062600321,0.0254777070063694,0.134281200631912,0.975270479134467,0.970394736842105,0.906602254428341,0.00153374233128834,0.6609375,0.903381642512077,0.00317965023847377,0.0220820189274448,0.915227629513344,0.9968,0.0031496062992126,0.0251968503937008,0.0203125,0.973640856672158,0.888529886914378,0.0195758564437194,0.00161812297734628,0.397798742138365,0.98705501618123,0.80811232449298,0.394568690095847,0.682847896440129,0.952755905511811,0.0318979266347687,0.973520249221184,0.972972972972973,0.027027027027027,0.966237942122186,0.978964401294498,0.957236842105263,0.971153846153846,0.194847020933977,0.334920634920635,0.3024,1,0.922570016474465,0.0513643659711075,0.270358306188925,0.985759493670886,0.167456556082148,0.314984709480122,0.985530546623794,0.972712680577849,0.969936708860759,0.694942903752039,0.97191887675507,0.2512,0.977917981072555,0.97444089456869,0.00322061191626409,0.340189873417722,0.541195476575121,0.0369774919614148,0.054858934169279,0.0295489891135303,0.900158478605388,0.0375586854460094,0.0239234449760766,0.0015748031496063,0.24405705229794,0.980676328502415,0.0832,0.986885245901639,0.980707395498392,0.984076433121019,0.292006525285481,0.297077922077922,0.662420382165605,0.465346534653465,0.00159489633173844,0.808544303797468,0.0378548895899054,0.0639625585023401,0.221350078492936,0.975767366720517,0.0258481421647819,0.00157977883096367,0.349761526232114,0.0346456692913386,0.0380165289256198,0.479233226837061,0.977491961414791,0.288961038961039,0.971666666666667,0.935897435897436,0.00313971742543171,0.981818181818182,0.0220125786163522,0.974763406940063,0.8064,0.973640856672158,0.0372771474878444,0.959438377535101,0.0226171243941842,0.873417721518987,0.728013029315961,0.925117004680187,0.982594936708861,0.974723538704581,0.310725552050473,0.944894651539708,0.976635514018692,0.0204724409448819,0.0415335463258786,0.975490196078431,0.973143759873618,0.333863275039746,0.872813990461049,0.953795379537954,0.950793650793651,0.976489028213166,0.00160771704180064,0.133550488599349,0.971653543307087,0.0225442834138486,0.00322061191626409,0.983948635634029,0.00967741935483871,0.0609951845906902,0.9734375,0.977346278317152,0.00648298217179903,0.6272,0.421900161030596,0.976076555023923,0.0163398692810458,0.871335504885994,0.980456026058632,0.382022471910112,0.610492845786963,0.802884615384615,0,0.175324675324675,0.995073891625616,0.974068071312804,0.452380952380952,0.979623824451411,0.952782462057336,0.05,0.00476947535771065,0.980891719745223,0.97588424437299,0.944532488114105,0.674491392801252,0.0272873194221509,0.890675241157556,0.246835443037975,0.205733558178752,0.00940438871473354,0.603225806451613,0.607655502392344,0.624012638230648,0.00318471337579618,0.291056910569106,0.92879746835443,0.621187800963082,0.536507936507936,0.0972222222222222,0.0031104199066874,0.0031055900621118,0.975460122699387,0.952681388012618,0.0015748031496063,0.942367601246106,0.00991735537190083,0.00314465408805031,0.00332225913621262,0.97456279809221,0.00156494522691706,0.978723404255319,0.769716088328076,0.542586750788643,0.975232198142415,0.0032626427406199,0.00161290322580645,0.972712680577849,0.9546875,0.727987421383648,0.0223285486443381,0.00489396411092985,0.891304347826087,0.609375,0.979365079365079,0.541795665634675,0.356451612903226,0.00158227848101266,0.9632,0.0225806451612903,0.965798045602606,0.0991869918699187,0.0031496062992126,0.0342679127725857,0.128410914927769,0.488333333333333,0.954041204437401,0.00316957210776545,0.953271028037383,0.9625,0.97752808988764,0.00321027287319422,0.0889967637540453,0.917491749174917,0.028006589785832,0.974683544303797,0.979876160990712,0.0207667731629393,0.977848101265823,0.317460317460317,0.83015873015873,0.0351437699680511,0.175895765472313,0.958532695374801,0.0096,0.0259319286871961,0.975193798449612,0.0278688524590164,0.6645056726094,0.39968152866242,0.0031496062992126,0.128205128205128,0.745513866231648,0.266982622432859,0.96998420221169,0.0193861066235864,0.162420382165605,0.44,0.942367601246106,0.897798742138365,0.944178628389155,0.734094616639478,0.00162074554294976,0.957613814756672,0.0191387559808612,0.942215088282504,0.417491749174917,0.0202177293934681,0.978090766823161,0.971107544141252,0.974358974358974,0.632850241545894,0.988906497622821,0.151960784313725,0.203525641025641,0.941082802547771,0.901408450704225,0.00312989045383412,0.00319488817891374,0.972886762360447,0.919484702093398,0.0323101777059774,0.9744,0.983818770226537,0.378980891719745,0.945161290322581,0.731707317073171,0.899845916795069,0.00313971742543171,0.952305246422893,0.362012987012987,0.979233226837061,0.974803149606299,0.00309119010819165,0.62962962962963,0.982229402261712,0.0258481421647819,0.684466019417476,0.386942675159236,0.785604900459418,0.697068403908795,0.934984520123839,0.100156494522692,0.971993410214168,0.976114649681529,0.987460815047022,0.319672131147541,0.128980891719745,0.98256735340729,0.973478939157566,0.00797448165869218,0.779503105590062,0.46656050955414,0.272435897435897,0.777424483306836,0.972668810289389,0.876404494382023,0.971428571428571,0.130094043887147,0.0197044334975369,0.00313971742543171,0.837795275590551,0.0256410256410256,0.0222222222222222,0.283464566929134,0.00322061191626409,0.9728,0.914691943127962,0.977883096366509,0.979623824451411,0.107491856677524,0.023961661341853,0.0030441400304414,0.0016,0.198697068403909,0.0933977455716586,0.164274322169059,0.00156494522691706,0.0176848874598071,0.974603174603175,0.0158730158730159,0.306581059390048,0.972357723577236,0.593650793650794,0.954983922829582,0.674050632911392,0.6640625,0.00159235668789809,0.976923076923077,0.402912621359223,0.504051863857374,0.946540880503145,0.984447900466563,0.419457735247209,0.0112359550561798,0.953821656050955,0.951181102362205,0.00161550888529887,0.9484375,0.0340356564019449,0.968333333333333,0.423861852433281,0.00318471337579618,0.00946372239747634,0.526143790849673,0.849840255591054,0.0191082802547771,0.157467532467532,0.0111821086261981,0.00333889816360601,0.745007680491551,0.0395569620253165,0.983579638752053,0.321875,0.976635514018692,0.023696682464455,0.375394321766562,0.333333333333333,0.887622149837134,0.105785123966942,0.0266875981161695,0.00635930047694754,0.0608974358974359,0.00158227848101266,0.971608832807571,0.053921568627451,0.992307692307692,0.0240770465489567,0.974193548387097,0.00317965023847377,0.529042386185243,0.464342313787639,0.974643423137876,0.00161290322580645,0.981279251170047,0.00322061191626409,0.39443535188216,0.97339593114241,0.00156739811912226,0.662974683544304,0.9696,0.750809061488673,0.961102106969206,0.0566037735849057,0.00318471337579618,0.980861244019139,0.27479674796748,0.00307692307692308,0.701112877583466,0.0201863354037267,0.0342679127725857,0.974481658692185,0.97708674304419,0.974803149606299,0.951298701298701,0.968602825745683,0.00321027287319422,0.954616588419405,0.0171606864274571,0.36608557844691,0.303656597774245,0.974960876369327,0.969404186795491,0.975077881619938,0.966666666666667,0.0557324840764331,0.0335463258785942,0.97682119205298,0.946372239747634,0.70125786163522,0.958795562599049,0.974522292993631,0.984251968503937,0.00156985871271586,0.00309597523219814,0.962962962962963,0.00311526479750779,0.0846394984326019,0.00160513643659711,0.960567823343849,0.284313725490196,0.224919093851133,0.130298273155416,0.911620294599018,0.0032520325203252,0.126602564102564,0.974723538704581,0.982677165354331,0.657004830917874,0.418461538461538,0.222900763358779,0.194444444444444,0.654723127035831,0.0207336523125997,0.135782747603834,0.5552,0.2656,0.687116564417178,0.0338709677419355,0.0032626427406199,0.0191082802547771,0.336585365853659,0.975328947368421,0.629392971246006,0.248062015503876,0.614649681528662,0.901898734177215,0.964669738863287,0.958949096880131,0.962418300653595,0.977198697068404,0.974317817014446,0.561797752808989,0.427432216905901,0.976415094339623,0.0249221183800623,0.0342679127725857,0.896,0.00943396226415094,0.974803149606299,0.946708463949843,0.0032520325203252,0.115321252059308,0.00157728706624606,0.950636942675159,0.00324149108589951,0.963492063492064,0.974522292993631,0.0223285486443381,0.852988691437803,0.975155279503106,0.661184210526316,0.642072213500785,0.897727272727273,0.00157977883096367,0.00323624595469256,0.927152317880795,0.95738203957382,0.985804416403785,0.00311526479750779,0.0015600624024961,0.0196399345335516,0.237871674491393,0.4864,0.00158730158730159,0.454838709677419,0.00159235668789809,0.917874396135266,0.97427652733119,0.189852700490998,0.252336448598131,0.00308641975308642,0.354166666666667,0.5888,0.857364341085271,0.975346687211094,0.788401253918495,0.0190779014308426,0.986991869918699,0.0206677265500795,0.969255663430421,0.00324149108589951,0.978361669242658,0.00635930047694754,0.974068071312804,0.0385232744783307,0.0191693290734824,0.00316957210776545,0.0016260162601626,0.828843106180666,0.899676375404531,0.960505529225908,0.709375,0.04375,0.0289389067524116,0.826086956521739,0.827639751552795,0.00327868852459016,0.0352,0.951923076923077,0,0.96198347107438,0.971653543307087,0.0699523052464229,0.0447284345047923,0.0221169036334913,0.974803149606299,0.473257698541329,0.0935483870967742,0.114754098360656,0.140157480314961,0.698019801980198,0.106518282988871,0.980613893376414,0.00313971742543171,0.754934210526316,0.957878315132605,0.00650406504065041,0.00313479623824451,0.0247678018575851,0.0016,0.0258064516129032,0.975806451612903,0.710310965630115,0.0245098039215686,0.0225806451612903,0.547854785478548,0.990291262135922,0.43581616481775,0.0506329113924051,0.0198347107438017,0.0558292282430213,0.0174050632911392,0.00318471337579618,0.0416,0.0297805642633229,0.0238473767885533,0.0376175548589342,0.019047619047619,0.0512,0.0591054313099042,0.0377358490566038,0.0206022187004754,0.00648298217179903,0.0268562401263823,0.0237341772151899,0.0615141955835962,0.0305466237942122,0.0222222222222222,0.0183028286189684,0.0287081339712919,0.0484652665589661,0.0302547770700637,0.0246153846153846,0.0223285486443381,0.0497592295345104,0.024390243902439,0.0225806451612903
"317",0.931147540983607,0.94345718901454,0.919558359621451,0.903010033444816,0.927973199329983,0.936772046589018,0.86634460547504,0.926829268292683,0.946287519747235,0,0.94408945686901,0,0.596122778675283,0.939542483660131,0.0909090909090909,0.0680713128038898,0,0.012987012987013,0.945454545454545,0.944620253164557,0.21669341894061,0.1,0.929133858267717,0,0.914012738853503,0.306425041186161,0.166936790923825,0.926910299003322,0.511111111111111,0.702127659574468,0.0672,0.728867623604466,0.777597402597403,0.299837925445705,0,0.949511400651466,0.0221518987341772,0.930645161290323,0.3,0.865203761755486,0.0016366612111293,0.0128205128205128,0.00482315112540193,0.938311688311688,0.759197324414716,0.0789473684210526,0.538336052202284,0.0629032258064516,0.523584905660377,0.196513470681458,0,0.935064935064935,0.329635499207607,0.943089430894309,0.852459016393443,0.217532467532468,0,0.920195439739414,0.907051282051282,0.879614767255217,0.315024232633279,0.487961476725522,0.0561056105610561,0,0.870065789473684,0.807754442649435,0,0.9328,0,0.0561056105610561,0.839116719242902,0.0653907496012759,0.0760517799352751,0.930489731437599,0,0.741732283464567,0.0993589743589744,0.6064,0.878048780487805,0.305982905982906,0,0.728571428571429,0.2703125,0.94524959742351,0.1712,0.8768,0.935587761674718,0.914691943127962,0.906902086677368,0.00794912559618442,0.930533117932149,0.939102564102564,0,0,0.96260162601626,0,0.344,0.926751592356688,0.00474683544303797,0.00643086816720257,0.647909967845659,0,0.313821138211382,0.936790923824959,0.169036334913112,0.932119205298013,0.00967741935483871,0.922705314009662,0.0532258064516129,0.0627009646302251,0.0647709320695103,0.869774919614148,0.378029079159935,0.932584269662921,0,0.93312101910828,0.732899022801303,0,0.0592948717948718,0.284297520661157,0,0.783606557377049,0.293460925039872,0.127035830618893,0.917591125198098,0.195476575121163,0.944267515923567,0.93026941362916,0,0.578446909667195,0.896890343698854,0.501639344262295,0.929508196721311,0,0.949096880131363,0.0747217806041336,0,0.254457050243112,0.639024390243902,0.550918196994992,0,0,0.932584269662921,0.761290322580645,0.235,0.942903752039152,0.0698051948051948,0.899676375404531,0.448613376835237,0.921011058451817,0.1892797319933,0.925566343042071,0.947967479674797,0.846029173419773,0.942492012779553,0.0516666666666667,0.944805194805195,0.0598705501618123,0,0.739413680781759,0.851500789889415,0.92443729903537,0.0681458003169572,0,0.937799043062201,0.477905073649754,0.938435940099834,0.9424,0.934083601286174,0.319047619047619,0.929824561403509,0.0630048465266559,0.911251980982567,0.062992125984252,0.881493506493506,0.411111111111111,0,0.935855263157895,0,0.842356687898089,0.940129449838188,0.174267100977199,0.93719806763285,0.909235668789809,0.944099378881988,0.93217665615142,0.155844155844156,0.4128,0.888146911519199,0.881773399014778,0.11470113085622,0.0573248407643312,0.922824302134647,0.830670926517572,0,0,0.355848434925865,0.00160513643659711,0.940251572327044,0.296238244514107,0.846534653465347,0.771065182829889,0.932069510268562,0.466129032258065,0.465378421900161,0.333878887070376,0.904220779220779,0.985270049099836,0.852090032154341,0,0.832535885167464,0.233333333333333,0.911003236245955,0.0601626016260163,0.126382306477093,0.564860426929392,0.93042071197411,0.941362916006339,0.833876221498371,0.932258064516129,0.8592,0,0.131410256410256,0.6625,0.934210526315789,0,0.949367088607595,0.927899686520376,0.584142394822006,0.570048309178744,0.93192868719611,0.933774834437086,0.416666666666667,0,0.860979462875197,0.559157212317666,0.927731092436975,0.0611916264090177,0.915625,0.94345718901454,0.937096774193548,0.9064039408867,0.554140127388535,0.0651465798045603,0.9185303514377,0.558587479935794,0.059748427672956,0.0564263322884013,0.234527687296417,0.0609555189456343,0.200328407224959,0.687301587301587,0.0524642289348172,0.0606531881804044,0.06957928802589,0.619651347068146,0.101328903654485,0.930194805194805,0.00985221674876847,0.0547504025764895,0,0.276422764227642,0.940298507462687,0.920065252854812,0.86677367576244,0,0.865771812080537,0.823717948717949,0.713128038897893,0.629807692307692,0.492730210016155,0.473170731707317,0.00961538461538462,0.934640522875817,0.143086816720257,0.71900826446281,0.913183279742765,0.0637958532695375,0.748784440842788,0.0594855305466238,0.167731629392971,0.943307086614173,0.944262295081967,0.863934426229508,0,0.666141732283465,0.851373182552504,0,0.0576,0.860095389507154,0.927536231884058,0,0.0602218700475436,0.0576923076923077,0.940691927512356,0.869782971619366,0.0613598673300166,0,0.431118314424635,0.947882736156352,0.786499215070644,0.429032258064516,0.670988654781199,0.930489731437599,0.0660225442834139,0.939252336448598,0.943273905996759,0.0674157303370786,0.928571428571429,0.929712460063898,0.924466338259442,0.936507936507937,0.237560192616372,0.365231259968102,0.3344,0.922570016474465,1,0.0418006430868167,0.315789473684211,0.924315619967794,0.201298701298701,0.351097178683386,0.941841680129241,0.941368078175896,0.927444794952681,0.704013377926421,0.9375,0.301127214170692,0.92368839427663,0.941463414634146,0,0.358974358974359,0.585365853658537,0.0731319554848967,0.0448717948717949,0.0669856459330144,0.920967741935484,0.0842607313195548,0.0663430420711974,0,0.276527331189711,0.933006535947712,0.13128038897893,0.94453781512605,0.92520325203252,0.930756843800322,0.338815789473684,0.329470198675497,0.702922077922078,0.483925549915398,0,0.80650406504065,0.0636942675159236,0.0841269841269841,0.232633279483037,0.942528735632184,0.057784911717496,0,0.377179080824089,0.0645669291338583,0.083743842364532,0.501618122977346,0.941463414634146,0.330081300813008,0.938127090301003,0.917065390749601,0,0.934984520123839,0.0432692307692308,0.938967136150235,0.823717948717949,0.934453781512605,0.0803858520900322,0.927536231884058,0.0651465798045603,0.843548387096774,0.716857610474632,0.904306220095694,0.932069510268562,0.931707317073171,0.33652312599681,0.913680781758958,0.936305732484076,0.0595611285266458,0.0769230769230769,0.944262295081967,0.946945337620579,0.357945425361156,0.834920634920635,0.91722972972973,0.915227629513344,0.940345368916798,0,0.161184210526316,0.93900481540931,0.060655737704918,0,0.919484702093398,0.00826446280991736,0.100813008130081,0.942675159235669,0.92483660130719,0.00162074554294976,0.652931854199683,0.468599033816425,0.938538205980066,0.065252854812398,0.89016393442623,0.934891485809683,0.433715220949264,0.618296529968454,0.790163934426229,0,0.220949263502455,0.91887417218543,0.940032414910859,0.4832,0.934294871794872,0.913265306122449,0.0864600326264274,0,0.937799043062201,0.937096774193548,0.903069466882068,0.6976,0.0620915032679739,0.854838709677419,0.274193548387097,0.23037542662116,0.00483870967741936,0.640394088669951,0.617792421746293,0.618210862619808,0,0.332220367278798,0.885668276972625,0.663492063492063,0.555735056542811,0.122291021671827,0,0,0.935681470137825,0.924409448818898,0,0.885113268608414,0.00821018062397373,0,0,0.944444444444444,0,0.935108153078203,0.758842443729904,0.557993730407524,0.941082802547771,0,0,0.943089430894309,0.9671875,0.72107765451664,0.0632911392405063,0.00168918918918919,0.846153846153846,0.613924050632911,0.944805194805195,0.56120826709062,0.389250814332248,0,0.935483870967742,0.0593080724876442,0.919540229885057,0.130932896890344,0,0.0709779179810726,0.172920065252855,0.488135593220339,0.908507223113965,0,0.910077519379845,0.935794542536116,0.938095238095238,0,0.128455284552846,0.926495726495727,0.0587248322147651,0.946117274167987,0.944968553459119,0.0678233438485804,0.9424,0.339228295819936,0.802287581699346,0.0646203554119548,0.220563847429519,0.917874396135266,0.00972447325769854,0.0660225442834139,0.925632911392405,0.0678807947019868,0.693333333333333,0.412438625204583,0,0.144694533762058,0.756137479541735,0.309294871794872,0.933006535947712,0.0579710144927536,0.205371248025276,0.485049833887043,0.908517350157729,0.870607028753994,0.908943089430894,0.758169934640523,0,0.9328,0.0628930817610063,0.915309446254072,0.426910299003322,0.0671875,0.940705128205128,0.9456,0.9375,0.638535031847134,0.927066450567261,0.184339314845024,0.256910569105691,0.906451612903226,0.859621451104101,0,0,0.929260450160772,0.892508143322476,0.0710823909531502,0.927652733118971,0.943181818181818,0.420545746388443,0.888519134775374,0.732673267326733,0.864566929133858,0,0.923327895595432,0.376432078559738,0.934640522875817,0.933115823817292,0,0.656814449917898,0.923701298701299,0.0568181818181818,0.702265372168285,0.418269230769231,0.796610169491525,0.696078431372549,0.89937106918239,0.149842271293375,0.929738562091503,0.954471544715447,0.932584269662921,0.355704697986577,0.151712887438825,0.946428571428571,0.943639291465378,0.00631911532385466,0.781645569620253,0.474763406940063,0.308186195826645,0.778501628664495,0.936102236421725,0.910130718954248,0.941548183254344,0.135646687697161,0.0564784053156146,0,0.831189710610932,0.053921568627451,0.0614886731391586,0.332268370607029,0,0.942122186495177,0.881789137380192,0.936204146730462,0.934294871794872,0.154471544715447,0.0598006644518272,0,0,0.231666666666667,0.123152709359606,0.199036918138042,0,0.0635930047694754,0.9408,0.0395569620253165,0.350565428109855,0.951219512195122,0.6176,0.941176470588235,0.66347687400319,0.637658227848101,0,0.942097026604069,0.420880913539967,0.525368248772504,0.889235569422777,0.933870967741935,0.44,0.00650406504065041,0.914239482200647,0.923197492163009,0,0.908527131782946,0.0759289176090469,0.919191919191919,0.4672,0,0.0064,0.550167224080268,0.836304700162075,0.0644122383252818,0.185123966942149,0.00977198697068404,0.00168350168350168,0.882075471698113,0.0762987012987013,0.947723440134907,0.37220447284345,0.9296,0.0626003210272873,0.390522875816993,0.353433835845896,0.849427168576105,0.149006622516556,0.0644122383252818,0.00162866449511401,0.0960912052117264,0,0.938485804416404,0.0860927152317881,0.926905132192846,0.0581583198707593,0.943548387096774,0,0.556962025316456,0.500821018062397,0.943729903536977,0,0.938967136150235,0,0.436065573770492,0.935433070866142,0,0.662420382165605,0.927986906710311,0.732786885245902,0.922185430463576,0.0884244372990354,0,0.936585365853659,0.317741935483871,0,0.725521669341894,0.0522151898734177,0.0802568218298555,0.940789473684211,0.941763727121464,0.939778129952456,0.904220779220779,0.921696574225122,0,0.928338762214984,0.0191693290734824,0.395604395604396,0.328571428571429,0.941841680129241,0.940894568690096,0.934713375796178,0.933333333333333,0.0641025641025641,0.0764227642276423,0.94097807757167,0.92,0.73449920508744,0.9424,0.941548183254344,0.924170616113744,0,0,0.929356357927786,0,0.12480252764613,0,0.9136,0.337770382695507,0.240924092409241,0.170382165605096,0.959349593495935,0,0.167197452229299,0.942307692307692,0.93719806763285,0.663974151857835,0.458333333333333,0.270606531881804,0.224358974358974,0.653094462540717,0.0559105431309904,0.1669341894061,0.587848932676519,0.308562197092084,0.736842105263158,0.0672,0,0.0641447368421053,0.374193548387097,0.931438127090301,0.645569620253165,0.26875,0.653658536585366,0.862619808306709,0.933858267716535,0.913907284768212,0.926590538336052,0.945,0.946166394779772,0.610474631751228,0.4528,0.933438985736926,0.061633281972265,0.0642633228840125,0.851437699680511,0.0110584518167457,0.939393939393939,0.913322632423756,0,0.175,0,0.909983633387889,0,0.929373996789727,0.938511326860841,0.062200956937799,0.832247557003257,0.950871632329635,0.670436187399031,0.645007923930269,0.854063018242123,0,0,0.904522613065327,0.8984375,0.940514469453376,0,0,0.0636515912897822,0.287066246056782,0.526484751203852,0,0.500794912559618,0,0.876871880199667,0.931034482758621,0.208809135399674,0.298107255520505,0,0.386513157894737,0.614634146341463,0.832802547770701,0.910798122065728,0.77491961414791,0.0573770491803279,0.94281045751634,0.0177133655394525,0.94195688225539,0,0.926984126984127,0.00481540930979133,0.941176470588235,0.0634146341463415,0.0560131795716639,0,0,0.838862559241706,0.871880199667221,0.892744479495268,0.71563981042654,0.0893416927899686,0.06957928802589,0.812400635930048,0.807631160572337,0,0.076555023923445,0.922330097087379,0,0.927152317880795,0.91304347826087,0.105691056910569,0.0323101777059774,0.0592,0.940438871473354,0.496774193548387,0.128617363344051,0.163366336633663,0.17124394184168,0.708818635607321,0.146730462519936,0.948136142625608,0,0.763157894736842,0.928,0.00323624595469256,0,0.0571870170015456,0,0.0624,0.935064935064935,0.718855218855219,0.0693069306930693,0.0569105691056911,0.5718901453958,0.909967845659164,0.482371794871795,0.0423197492163009,0.067001675041876,0.0479338842975207,0.0208333333333333,0,0.0856219709208401,0.062111801242236,0.0532258064516129,0.0667726550079491,0.0584518167456556,0.0407830342577488,0.0444444444444444,0.0810372771474878,0.0228384991843393,0.00496688741721854,0.0285714285714286,0.0285261489698891,0.0466237942122186,0.0694668820678514,0.0224719101123595,0.0628099173553719,0.0620915032679739,0.0375816993464052,0.0650406504065041,0.0267295597484277,0.0581583198707593,0.0941558441558442,0.0527131782945736,0.0555555555555556
"318",0.0568720379146919,0.0459418070444104,0.0521472392638037,0.0448,0.0493630573248408,0.0473933649289099,0.0530421216848674,0.0510046367851623,0.0487062404870624,0.944620253164557,0.0479134466769706,0.949308755760369,0.0279503105590062,0.046031746031746,0.00153609831029186,0,0.93984962406015,0.961119751166407,0.0538827258320127,0.0500758725341426,0.0121580547112462,0,0.0490045941807044,0.948484848484848,0.044478527607362,0.015748031496063,0.00923076923076923,0.0634920634920635,0.0261136712749616,0.0384024577572965,0.00152905198776758,0.0370942812982998,0.04375,0.015527950310559,0.952160493827161,0.0497667185069984,0.938931297709924,0.0462249614791988,0.0133333333333333,0.0484848484848485,0.95141065830721,0.961656441717791,0.960244648318043,0.0517241379310345,0.0405186385737439,0.00313479623824451,0.0266875981161695,0.0015527950310559,0.0287009063444109,0.0120845921450151,0.942249240121581,0.0510046367851623,0.0172143974960876,0.0482115085536547,0.0527950310559006,0.00473186119873817,0.944620253164557,0.0500782472613459,0.0544323483670296,0.043010752688172,0.0170015455950541,0.0229709035222052,0.0015527950310559,0.946708463949843,0.042654028436019,0.0358255451713396,0.946624803767661,0.0477657935285054,0.955453149001536,0.00158227848101266,0.0411585365853659,0.00156494522691706,0,0.0489296636085627,0.947932618683001,0.0364741641337386,0.00462962962962963,0.0307692307692308,0.0463678516228748,0.015025041736227,0.949526813880126,0.0340557275541796,0.0121396054628225,0.0486322188449848,0.00933125972006221,0.0463678516228748,0.053125,0.0463678516228748,0.0531914893617021,0.95738203957382,0.0479134466769706,0.0477657935285054,0.954898911353033,0.951788491446345,0.0490506329113924,0.946153846153846,0.0261136712749616,0.049306625577812,0.952380952380952,0.955453149001536,0.0434782608695652,0.954898911353033,0.0109034267912773,0.0516431924882629,0.00297619047619048,0.055379746835443,0.958860759493671,0.0484375,0.00157728706624606,0.00155038759689922,0.00155038759689922,0.0645669291338583,0.0123456790123457,0.053125,0.948837209302326,0.0520673813169985,0.0340030911901082,0.954407294832827,0.0015220700152207,0.0139751552795031,0.943768996960486,0.0423197492163009,0.0123647604327666,0.00476190476190476,0.0479876160990712,0.0107033639143731,0.0482654600301659,0.0430769230769231,0.942947702060222,0.0356589147286822,0.0423197492163009,0.020440251572327,0.0493630573248408,0.956989247311828,0.0506329113924051,0.00152671755725191,0.947449768160742,0.0141065830721003,0.028169014084507,0.036741214057508,0.946540880503145,0.957413249211357,0.0538461538461538,0.0423861852433281,0.0125195618153365,0.04858934169279,0.0015552099533437,0.0414110429447853,0.0267716535433071,0.0428134556574924,0.0078740157480315,0.0476190476190476,0.046031746031746,0.0424886191198786,0.044822256568779,0.0015748031496063,0.0532915360501567,0,0.945205479452055,0.0396196513470681,0.0515151515151515,0.0502283105022831,0,0.955453149001536,0.0533536585365854,0.0238095238095238,0.0451612903225806,0.0505359877488515,0.0462249614791988,0.0167427701674277,0.0482115085536547,0.00156494522691706,0.0467571644042232,0.0015220700152207,0.0497667185069984,0.0154798761609907,0.950320512820513,0.0500782472613459,0.952380952380952,0.0435458786936236,0.0484375,0.00783699059561128,0.0525502318392581,0.0476923076923077,0.0462686567164179,0.0446841294298921,0.00309119010819165,0.0184899845916795,0.0445151033386327,0.0449612403100775,0.00469483568075117,0.00153374233128834,0.0510046367851623,0.0653495440729483,0.94969512195122,0.952012383900929,0.0172955974842767,0.950995405819296,0.0514372163388805,0.0122887864823349,0.0515625,0.0369230769230769,0.0523168908819133,0.0249221183800623,0.0168195718654434,0.0216049382716049,0.0486656200941915,0.0540123456790123,0.0458715596330275,0.94620253164557,0.0405616224648986,0.0112540192926045,0.0492063492063492,0.00154559505409583,0.00455927051671732,0.0249609984399376,0.0527950310559006,0.0520673813169985,0.0425196850393701,0.0496894409937888,0.0497667185069984,0.947368421052632,0.00615384615384615,0.0350609756097561,0.0458860759493671,0.95046439628483,0.0537634408602151,0.0475482912332838,0.0309597523219814,0.0277777777777778,0.0455259026687598,0.0479233226837061,0.036979969183359,0.94794952681388,0.0549618320610687,0.0248447204968944,0.0455974842767296,0.00152439024390244,0.0458015267175573,0.0533751962323391,0.045662100456621,0.0522151898734177,0.0317700453857791,0.00158478605388273,0.0493827160493827,0.0279937791601866,0,0.00151515151515152,0.0156985871271586,0,0.0126582278481013,0.0300751879699248,0.00155038759689922,0.0015220700152207,0,0.0274390243902439,0.00481540930979133,0.0432766615146832,0.960691823899371,0.0015748031496063,0.95565749235474,0.0142405063291139,0.0480769230769231,0.0389408099688473,0.0453834115805947,0.94969512195122,0.0400641025641026,0.0459418070444104,0.031055900621118,0.0261538461538462,0.0233281493001555,0.0207006369426752,0.951863354037267,0.0537974683544304,0.00609756097560976,0.0303030303030303,0.0498442367601246,0.00153374233128834,0.0354938271604938,0.0015600624024961,0.0046875,0.0526315789473684,0.0593900481540931,0.0581761006289308,0.945371775417299,0.0300751879699248,0.0578125,0.957186544342508,0.0015527950310559,0.0591805766312595,0.0496124031007752,0.95144157814871,0.0015527950310559,0.00154083204930663,0.0522151898734177,0.0382775119617225,0.00158982511923688,0.943661971830986,0.0353302611367127,0.0515625,0.0428134556574924,0.0169230769230769,0.0345368916797488,0.037821482602118,0.0015600624024961,0.049306625577812,0.0467289719626168,0,0.044478527607362,0.0455974842767296,0.0497592295345104,0.0530421216848674,0.00784929356357928,0.0232198142414861,0.0201238390092879,0.0513643659711075,0.0418006430868167,1,0.01875,0.046801872074883,0.00934579439252336,0.0163204747774481,0.0555555555555556,0.0517241379310345,0.0476190476190476,0.03486529318542,0.0431432973805855,0.0143312101910828,0.0459418070444104,0.0506329113924051,0.947122861586314,0.0246153846153846,0.0398724082934609,0.00308641975308642,1,0.00303030303030303,0.0405616224648986,0.00307219662058372,0.00153374233128834,0.948640483383686,0.0123076923076923,0.0488958990536278,0.00920245398773006,0.0544,0.0496894409937888,0.0473933649289099,0.0144,0.0157977883096366,0.0401854714064915,0.0241545893719807,0.952743902439024,0.0394321766561514,0.00303951367781155,0.00302114803625378,0.00918836140888208,0.0482115085536547,0.00154559505409583,0.938271604938272,0.0248447204968944,0.0015220700152207,0.00470219435736677,0.0276923076923077,0.048062015503876,0.014308426073132,0.0405844155844156,0.0481366459627329,0.950920245398773,0.0491071428571429,0.00154559505409583,0.0434782608695652,0.0371517027863777,0.0545746388443018,0.00470957613814757,0.0452488687782805,0.00153846153846154,0.0451713395638629,0.0333863275039746,0.0484375,0.0490045941807044,0.0510046367851623,0.0168711656441718,0.0515625,0.0515151515151515,0.00150602409638554,0.00463678516228748,0.053125,0.0451713395638629,0.015625,0.0419254658385093,0.0512820512820513,0.043010752688172,0.0553846153846154,0.944968553459119,0.004739336492891,0.0523882896764253,0.0015625,0.948275862068966,0.0489731437598736,0.968454258675079,0.003125,0.0528700906344411,0.0496124031007752,0.956521739130435,0.0434782608695652,0.0201863354037267,0.0496,0.00161030595813205,0.0478468899521531,0.0559105431309904,0.0206022187004754,0.0305343511450382,0.0354938271604938,0.945397815912636,0.00773993808049536,0.0537974683544304,0.044822256568779,0.0170542635658915,0.0493827160493827,0.0459016393442623,0.00155038759689922,0.953271028037383,0.0545454545454545,0.048062015503876,0.0446841294298921,0.0385208012326656,0.00313479623824451,0.0500782472613459,0.0153139356814701,0.0245499181669394,0.958268933539413,0.0462519936204147,0.0330188679245283,0.0326086956521739,0.948916408668731,0.0158478605388273,0.0446153846153846,0.044478527607362,0.027190332326284,0.00299850074962519,0.941628264208909,0.952959028831563,0.05,0.047112462006079,0.950617283950617,0.0452418096723869,0.95,0.955384615384615,0.945945945945946,0.053125,0.949386503067485,0.0490506329113924,0.0340030911901082,0.0331825037707391,0.0487804878048781,0.945686900958466,0.948031496062992,0.05,0.0468277945619335,0.0385208012326656,0.00152671755725191,0.950871632329635,0.0673813169984686,0.0333333333333333,0.0556414219474498,0.0211480362537764,0.0171606864274571,0.950693374422188,0.0482115085536547,0.00162074554294976,0.0521327014218009,0.0078003120124805,0.94954128440367,0.00300751879699248,0.0108527131782946,0.0181518151815182,0.0471841704718417,0.953703703703704,0.0501519756838906,0.0493827160493827,0.0440060698027314,0.954828660436137,0.00158730158730159,0.0517529215358932,0.00161290322580645,0.0488549618320611,0.0412213740458015,0,0.0490045941807044,0.0138888888888889,0.0396341463414634,0.00153846153846154,0.0127186009538951,0.0465116279069767,0.954545454545455,0.00154798761609907,0.0460829493087558,0.00158227848101266,0.033175355450237,0.0298273155416013,0.957317073170732,0.00928792569659443,0.0388802488335925,0.0139751552795031,0.0528771384136858,0,0.00764525993883792,0.0210355987055016,0.0409090909090909,0.0455927051671733,0.0543478260869565,0.0410742496050553,0.946875,0.053680981595092,0.00154559505409583,0.0423861852433281,0.0190779014308426,0.00149925037481259,0.0508474576271186,0.0525502318392581,0.0358814352574103,0.024653312788906,0.0508474576271186,0.00470957613814757,0.0093603744149766,0.0482115085536547,0.0499219968798752,0.951293759512938,0.949526813880126,0.0502354788069074,0.035031847133758,0,0.0505529225908373,0.0409711684370258,0.013953488372093,0.0434782608695652,0.0425196850393701,0.0598802395209581,0.952307692307692,0.040625,0.0283464566929134,0.0545171339563863,0.0510835913312693,0.953242835595777,0.0360501567398119,0.0392464678178964,0.00156985871271586,0.0347551342812006,0.0170015455950541,0.04047976011994,0.032,0.0499243570347958,0.00451807228915663,0.0495207667731629,0.0525502318392581,0.0474732006125574,0.0238473767885533,0.0314465408805031,0.046656298600311,0.0430769230769231,0.961890243902439,0.0395136778115502,0.0246153846153846,0.00924499229583975,0.0402476780185759,0.053125,0.0451713395638629,0.0520673813169985,0.763719512195122,0.00160771704180064,0.949618320610687,0.0450310559006211,0.00156739811912226,0,0.0140405616224649,0.947368421052632,0.0501567398119122,0.0408472012102874,0.0495356037151703,0.0535168195718654,0.00310077519379845,0.0015625,0.945945945945946,0.952160493827161,0.00783699059561128,0.00782472613458529,0.00773993808049536,0.949921752738654,0.00152439024390244,0.0524691358024691,0.525757575757576,0.0157728706624606,0.0482115085536547,0.0373250388802488,0.0440251572327044,0.0309119010819165,0.0305343511450382,0.950769230769231,0.0528700906344411,0.0237717908082409,0.0263975155279503,0.0553846153846154,0.048062015503876,0.0261538461538462,0.952380952380952,0.0464396284829721,0.0468277945619335,0.953271028037383,0.0519083969465649,0.00154559505409583,0.0470016207455429,0.0231839258114374,0.951486697965571,0.963133640552995,0.028892455858748,0.0420560747663551,0,0.00474683544303797,0.954828660436137,0.947115384615385,0.0356083086053412,0.00313479623824451,0.0563607085346216,0.0137614678899083,0.0506912442396313,0.00153139356814701,0.0122137404580153,0.015748031496063,0.05103668261563,0.00627943485086342,0.00310077519379845,0.957511380880121,0.00471698113207547,0.945904173106646,0.0421052631578947,0.149038461538462,0.0538116591928251,0.00157728706624606,0.0518867924528302,0.948795180722892,0.0256797583081571,0.0282574568288854,0.0507692307692308,0.957345971563981,0.0484848484848485,0.949606299212598,0.0173775671406003,0.0467571644042232,0.951293759512938,0.0487804878048781,0.0440944881889764,0.0391236306729265,0.0436817472698908,0.00303490136570561,0.95,0.0467289719626168,0.00628930817610063,0.946401225114854,0.0323574730354391,0,0.00152439024390244,0.0455974842767296,0.0512422360248447,0.0506706408345753,0.059375,0.0532915360501567,0.952453987730061,0.0440251572327044,0.949308755760369,0.036697247706422,0.0153374233128834,0.0513219284603421,0.0497667185069984,0.0514372163388805,0.053680981595092,0.873456790123457,0.00156739811912226,0.053484602917342,0.040625,0.0386398763523957,0.049079754601227,0.0506134969325153,0.0498442367601246,0.949386503067485,0.947852760736196,0.0505952380952381,0.954268292682927,0.00460122699386503,0.95141065830721,0.046801872074883,0.0128205128205128,0.0127388535031847,0.00771604938271605,0.0501567398119122,0.94679186228482,0.00612557427258806,0.0569230769230769,0.0527950310559006,0.029320987654321,0.0238095238095238,0.00898203592814371,0.0121580547112462,0.0360501567398119,0.0015220700152207,0.00768049155145929,0.0263975155279503,0.0140625,0.0432766615146832,0.00308641975308642,0.947368421052632,0.00159235668789809,0.028436018957346,0.0544,0.0617283950617284,0.0120300751879699,0.0354938271604938,0.0414746543778802,0.0542168674698795,0.0572831423895254,0.0442338072669826,0.0473933649289099,0.0529595015576324,0.0202808112324493,0.0214067278287462,0.0537124802527646,0.00149476831091181,0.00151975683890578,0.0514820592823713,0.957120980091884,0.0525502318392581,0.0414746543778802,0.955766192733017,0.00642054574638844,0.948356807511737,0.0441400304414003,0.947867298578199,0.0523076923076923,0.0431432973805855,0.00152439024390244,0.0403100775193798,0.053030303030303,0.032967032967033,0.0212765957446809,0.0627943485086342,0.943076923076923,0.951863354037267,0.0444810543657331,0.0385185185185185,0.0510835913312693,0.949464012251149,0.956923076923077,0.00159489633173844,0.0136570561456753,0.0231124807395994,0.948356807511737,0.0232198142414861,0.950226244343891,0.0410742496050553,0.0521327014218009,0.0430622009569378,0.013719512195122,0.944444444444444,0.0187793427230047,0.03125,0.0417956656346749,0.0506134969325153,0.0356589147286822,0,0.0499194847020934,0.848818897637795,0.0469483568075117,0.94770206022187,0.0453857791225416,0.960183767228178,0.0445151033386327,0.00156494522691706,0.338006230529595,0.952959028831563,0.952830188679245,0.0425531914893617,0.0476190476190476,0.0476190476190476,0.0380517503805175,0,0.00158730158730159,0.0280811232449298,0.0473282442748092,0.948194662480377,0.00155038759689922,0.0456692913385827,0.946646341463415,0.0536277602523659,0.0441400304414003,0.0031055900621118,0.995356037151703,0.0015625,0.0513595166163142,0.0220125786163522,0.00470219435736677,0.00635930047694754,0.0062111801242236,0.041335453100159,0.00914634146341463,0.0479134466769706,0.947040498442368,0.0376766091051805,0.0542635658914729,0.960691823899371,0.948757763975155,0.00149253731343284,0.955315870570108,0.00153846153846154,0.0507692307692308,0.0354838709677419,0.00159235668789809,0.00159235668789809,0.031496062992126,0.0605590062111801,0.0259541984732824,0.983358547655068,0.00156985871271586,0.931089743589744,0.942161339421613,0.945141065830721,0.148902821316614,0.00149700598802395,0.00155763239875389,0.00303490136570561,0,0.995215311004785,0.99537750385208,0.00155038759689922,0.94392523364486,0.951486697965571,0.913928012519562,0.941628264208909,0.995363214837713,0.00154320987654321,0.930015552099533,0,0,0.993730407523511,0.0031104199066874,0.892586989409985,0.00151285930408472,0.0482115085536547,0.00298953662182362,0
"319",0.263754045307443,0.262166405023548,0.267828843106181,0.297560975609756,0.257281553398058,0.246753246753247,0.340288924558588,0.286604361370716,0.264150943396226,0,0.261205564142195,0,0.557324840764331,0.259259259259259,0.733124018838305,0.733333333333333,0,0.0032258064516129,0.267741935483871,0.284603421461897,0.724137931034483,0.747967479674797,0.2828125,0,0.304278922345483,0.676422764227642,0.726989079563182,0.27536231884058,0.63594470046083,0.47887323943662,0.732283464566929,0.500789889415482,0.456418383518225,0.708661417322835,0,0.2592,0.00940438871473354,0.262243285939968,0.713636363636364,0.353582554517134,0,0.0031055900621118,0,0.2688,0.43163097199341,0.769726247987118,0.56984126984127,0.734920634920635,0.622874806800618,0.751926040061633,0,0.27027027027027,0.70015455950541,0.270015698587127,0.328571428571429,0.782258064516129,0,0.282747603833866,0.275541795665635,0.337559429477021,0.706436420722135,0.652647975077882,0.740680713128039,0,0.367313915857605,0.434375,0,0.277337559429477,0,0.732258064516129,0.365930599369085,0.739811912225705,0.749211356466877,0.245723172628305,0,0.513219284603421,0.738724727838258,0.607255520504732,0.354838709677419,0.720853858784893,0,0.476851851851852,0.701863354037267,0.262422360248447,0.75,0.328703703703704,0.254237288135593,0.297770700636943,0.283018867924528,0.0015600624024961,0.264752791068581,0.250783699059561,0,0,0.284329563812601,0,0.670846394984326,0.267828843106181,0,0,0.5296,0,0.703049759229534,0.264847512038523,0.73953488372093,0.26904376012966,0.0016025641025641,0.27892234548336,0.75,0.748006379585327,0.739811912225705,0.322683706070288,0.681388012618297,0.274038461538462,0,0.264475743348983,0.470957613814757,0,0.739336492890995,0.990384615384615,0,0.473515248796148,0.714511041009464,0.744262295081967,0.282334384858044,0.788401253918495,0.261006289308176,0.26038338658147,0,0.575899843505477,0.311320754716981,0.758899676375405,0.270531400966184,0,0.265079365079365,0.748466257668712,0,0.72,0.513178294573643,0.592532467532468,0,0,0.267605633802817,0.4913112164297,0.7504,0.250398724082935,0.733438485804416,0.324921135646688,0.64297253634895,0.264890282131661,0.715686274509804,0.27742946708464,0.255150554675119,0.408163265306122,0.257097791798107,0.736585365853659,0.252336448598131,0.731746031746032,0,0.502415458937198,0.352941176470588,0.267716535433071,0.737089201877934,0,0.252351097178683,0.591346153846154,0.268292682926829,0.258675078864353,0.252365930599369,0.683881064162754,0.27613104524181,0.739130434782609,0.315217391304348,0.747663551401869,0.339712918660287,0.632492113564669,0,0.277337559429477,0,0.408163265306122,0.261904761904762,0.779578606158833,0.251956181533646,0.29874213836478,0.258409785932722,0.298003072196621,0.771875,0.65987460815047,0.3248,0.312,0.736757624398074,0.727987421383648,0.281098546042003,0.34384858044164,0,0,0.707006369426752,0,0.26530612244898,0.727272727272727,0.33063209076175,0.454404945904173,0.270769230769231,0.628019323671498,0.795238095238095,0.694444444444444,0.305111821086262,0.295238095238095,0.3390625,0,0.351097178683386,0.729064039408867,0.298887122416534,0.728,0.730829420970266,0.583198707592892,0.280952380952381,0.279251170046802,0.412322274881517,0.261345852895149,0.3861852433281,0,0.72626582278481,0.552631578947368,0.263665594855305,0,0.262830482115086,0.272727272727273,0.56386292834891,0.563091482649842,0.252019386106624,0.269789983844911,0.641390205371248,0,0.328703703703704,0.58528951486698,0.28830313014827,0.733542319749216,0.29264475743349,0.257234726688103,0.258970358814353,0.307814992025518,0.588050314465409,0.743548387096774,0.292332268370607,0.568938193343899,0.733231707317073,0.729646697388633,0.717908082408875,0.7488,0.731825525040388,0.483076923076923,0.739747634069401,0.757911392405063,0.737421383647799,0.5484375,0.733009708737864,0.277955271565495,0.00157232704402516,0.729166666666667,0,0.695652173913043,0.260450160771704,0.290880503144654,0.338095238095238,0,0.340322580645161,0.408037094281298,0.497637795275591,0.554711246200608,0.608974358974359,0.766129032258065,0.00159235668789809,0.256,0.720125786163522,0.504132231404959,0.2832,0.737089201877934,0.450636942675159,0.7424,0.722834645669291,0.259316770186335,0.263333333333333,0.337078651685393,0,0.527131782945736,0.311897106109325,0,0.73125,0.330203442879499,0.267942583732057,0,0.74922600619195,0.739336492890995,0.292006525285481,0.364227642276423,0.745980707395498,0,0.628164556962025,0.28525641025641,0.413793103448276,0.675078864353312,0.521462639109698,0.283489096573209,0.730708661417323,0.265745007680492,0.245696400625978,0.745980707395498,0.292527821939587,0.259842519685039,0.28006329113924,0.265527950310559,0.824534161490683,0.6765625,0.701444622792937,0.270358306188925,0.315789473684211,0.01875,1,0.271585557299843,0.726415094339623,0.931818181818182,0.264566929133858,0.258842443729904,0.289348171701113,0.535830618892508,0.255742725880551,0.998381877022654,0.29559748427673,0.258426966292135,0,0.671339563862928,0.543408360128617,0.745682888540031,0.0206677265500795,0.745341614906832,0.33015873015873,0.732594936708861,0.748019017432647,0,0.824561403508772,0.271268057784912,0.753577106518283,0.280898876404494,0.280254777070064,0.259842519685039,0.708860759493671,0.695439739413681,0.55111821086262,0.629934210526316,0,0.426984126984127,0.741486068111455,0.742283950617284,0.730708661417323,0.256821829855538,0.747619047619048,0,0.675425038639876,0.7296875,0.753993610223642,0.585173501577287,0.251980982567353,0.744262295081967,0.259319286871961,0.292332268370607,0,0.273972602739726,0.722308892355694,0.26046511627907,0.416666666666667,0.274959083469722,0.719492868462758,0.291217257318952,0.731132075471698,0.390749601275917,0.457928802588997,0.3140625,0.28816199376947,0.252411575562701,0.704180064308682,0.301435406698565,0.244992295839753,0.747286821705426,0.759055118110236,0.257551669316375,0.259433962264151,0.726984126984127,0.373228346456693,0.291803278688525,0.310832025117739,0.261609907120743,0,0.742718446601942,0.265210608424337,0.732909379968203,0,0.277691107644306,0,0.761290322580645,0.25,0.269716088328076,0,0.517460317460318,0.617741935483871,0.2768,0.752845528455285,0.371980676328502,0.254901960784314,0.66025641025641,0.552425665101721,0.410459587955626,0,0.707936507936508,0.277867528271405,0.266355140186916,0.591772151898734,0.2609375,0.27318718381113,0.754414125200642,0,0.272585669781931,0.259968102073365,0.297637795275591,0.521671826625387,0.739549839228296,0.362341772151899,0.688188976377953,0.691666666666667,0,0.574193548387097,0.567783094098884,0.528125,0,0.703883495145631,0.334379905808477,0.566302652106084,0.584496124031008,0.743939393939394,0,0,0.242331288343558,0.285935085007728,0,0.317891373801917,0.00157977883096367,0,0,0.279809220985692,0,0.285714285714286,0.418789808917197,0.57433489827856,0.246511627906977,0,0,0.261829652996845,0.3,0.502362204724409,0.741140215716487,0,0.333333333333333,0.548031496062992,0.25434439178515,0.560250391236307,0.676236044657097,0,0.266355140186916,0.74468085106383,0.29951690821256,0.756756756756757,0,0.727131782945736,0.748006379585327,0.681135225375626,0.279809220985692,0,0.3,0.262658227848101,0.248037676609105,0,0.768233387358185,0.311986863711002,0.737274220032841,0.262166405023548,0.262422360248447,0.737756714060032,0.254746835443038,0.69620253164557,0.400635930047695,0.732689210950081,0.723027375201288,0.300632911392405,0.00158982511923688,0.7375,0.280811232449298,0.742351046698873,0.551282051282051,0.568910256410256,0,0.735849056603774,0.441033925686591,0.704113924050633,0.28391167192429,0.740506329113924,0.707165109034268,0.779632721202003,0.308641975308642,0.340361445783133,0.296650717703349,0.492822966507177,0,0.276661514683153,0.737654320987654,0.27724358974359,0.640522875816993,0.738931297709924,0.257009345794392,0.270664505672609,0.248012718600954,0.514516129032258,0.263650546021841,0.721698113207547,0.726837060702875,0.314194577352472,0.34384858044164,0,0,0.272141706924316,0.302134646962233,0.735152487961477,0.262820512820513,0.272870662460568,0.675078864353312,0.317666126418152,0.46422893481717,0.319314641744548,0,0.27741935483871,0.647244094488189,0.264240506329114,0.25796178343949,0,0.567741935483871,0.275526742301459,0.741214057507987,0.517628205128205,0.70125786163522,0.442922374429224,0.48811410459588,0.302752293577982,0.70750382848392,0.274636510500808,0.265079365079365,0.276629570747218,0.67862969004894,0.708006279434851,0.270735524256651,0.261275272161742,0,0.472952086553323,0.7140625,0.744783306581059,0.433544303797468,0.261075949367089,0.3390625,0.255485893416928,0.142635658914729,0.736497545008183,0,0.40506329113924,0.720820189274448,0.743630573248408,0.734276729559748,0,0.288216560509554,0.316279069767442,0.262658227848101,0.266875981161695,0.715873015873016,0.740384615384615,0,0,0.722132471728595,0.729166666666667,0.716346153846154,0,0.736263736263736,0.254372019077901,0.312401883830455,0.690851735015773,0.265923566878981,0.547021943573668,0.294022617124394,0.503912363067293,0.517774343122102,0,0.267776096822995,0.633440514469453,0.618971061093248,0.311627906976744,0.266975308641975,0.647709320695103,0,0.293650793650794,0.292117465224111,0,0.28858024691358,0.73469387755102,0.275409836065574,0.774960380348653,0,0.00156494522691706,0.610837438423645,0.383252818035427,0.751582278481013,0.756756756756757,0.00158982511923688,0,0.444947209653092,0.746031746031746,0.251644736842105,0.70440251572327,0.268217054263566,0.737007874015748,0.666144200626959,0.652733118971061,0.353130016051364,0.758564437194127,0.740566037735849,0,0.738709677419355,0,0.266153846153846,0.606851549755302,0.259146341463415,0.739967897271268,0.256778309409888,0,0.58125,0.629160063391442,0.2448,0,0.259083728278041,0,0.665562913907285,0.266666666666667,0,0.503912363067293,0.281399046104928,0.448657187993681,0.301282051282051,0.742088607594937,0,0.255150554675119,0.817170111287758,0,0.506172839506173,0.73587786259542,0.73959938366718,0.272285251215559,0.25,0.274390243902439,0.28594249201278,0.278662420382166,0,0.27172195892575,0.00309119010819165,0.646322378716745,0.746105919003115,0.270569620253165,0.270998415213946,0.27047913446677,0.275272161741835,0.0391849529780564,0.745571658615137,0.259380097879282,0.295031055900621,0.525581395348837,0.280811232449298,0.265723270440252,0.277602523659306,0,0,0.261467889908257,0,0.716279069767442,0.0016260162601626,0.290171606864275,0.743221690590112,0.691437802907916,0.716279069767442,0.344992050874404,0.00157232704402516,0.733858267716535,0.260188087774295,0.262166405023548,0.523809523809524,0.651975683890577,0.731411229135053,0.739263803680982,0.519417475728155,0.746500777604977,0.724842767295597,0.572337042925278,1,0.534992223950233,0.737261146496815,0,0.722044728434505,0.653160453808752,0.268729641693811,0.471698113207547,0.715384615384615,0.577223088923557,0.348726114649682,0.24375,0.295161290322581,0.274350649350649,0.268253968253968,0.261980830670927,0.570762052877138,0.6328125,0.271860095389507,0.748484848484849,0.740683229813665,0.367670364500792,0.0015527950310559,0.272585669781931,0.2875,0,0.749596122778675,0,0.290220820189274,0,0.283891547049442,0.265723270440252,0.730407523510972,0.396468699839486,0.266457680250784,0.483974358974359,0.50392464678179,0.336,0,0,0.318032786885246,0.30640243902439,0.267605633802817,0,0,0.737274220032841,0.996918335901387,0.746835443037975,0,0.624600638977636,0,0.311986863711002,0.266025641025641,0.680952380952381,0.704866562009419,0,0.702875399361022,0.539325842696629,0.401538461538462,0.285046728971963,0.431034482758621,0.736925515055468,0.260162601626016,0.0656,0.245528455284553,0,0.281004709576138,0,0.271103896103896,0.757624398073836,0.462519936204147,0,0,0.402173913043478,0.328968903436989,0.291731669266771,0.548387096774194,0.723076923076923,0.740031897926635,0.386435331230284,0.374613003095975,0,0.741214057507987,0.289099526066351,0,0.275080906148867,0.288643533123028,0.780063291139241,0.0111464968152866,0.746031746031746,0.246467817896389,0.616747181964573,0.7152,0.726688102893891,0.749611197511664,0.517184942716858,0.767441860465116,0.264797507788162,0,0.48489666136725,0.283464566929134,0,0,0.741248097412481,0,0.743710691823899,0.266770670826833,0.489430894308943,0.722132471728595,0.747993579454254,0.575079872204473,0.272873194221509,0.652713178294574,0.00914634146341463,0.731391585760518,0.0369774919614148,0.0111821086261981,0,0.606060606060606,0.724191063174114,0.738437001594896,0.7421875,0.748456790123457,0.0146103896103896,0.0125984251968504,0.731366459627329,0.00950871632329636,0.00325732899022801,0.0268562401263823,0.00933125972006221,0.01743264659271,0.745192307692308,0.0142405063291139,0.747954173486088,0.727707006369427,0.0111642743221691,0.748807631160572,0.0450310559006211,0.740095087163233,0.699212598425197,0.738931297709924,0.731012658227848
"320",0.975409836065574,0.973684210526316,0.982892690513219,0.943820224719101,0.982084690553746,0.979133226324238,0.903937007874016,0.987421383647799,0.972307692307692,0,0.973228346456693,0,0.579029733959311,0.972712680577849,0.0642633228840125,0.033175355450237,0,0.0175438596491228,0.97427652733119,0.961300309597523,0.178683385579937,0.0570962479608483,0.966981132075472,0,0.931570762052877,0.268562401263823,0.1376,0.967741935483871,0.503888024883359,0.695787831513261,0.0232198142414861,0.707547169811321,0.792544570502431,0.317111459968603,0,0.974603174603175,0.0169491525423729,0.971698113207547,0.281818181818182,0.889408099688474,0.0015748031496063,0.0171073094867807,0.00630914826498423,0.971107544141252,0.798722044728435,0.0559105431309904,0.518282988871224,0.0251572327044025,0.489230769230769,0.152307692307692,0,0.974723538704581,0.293563579277865,0.96984126984127,0.901743264659271,0.185365853658537,0,0.945337620578778,0.972006220839813,0.920807453416149,0.313880126182965,0.467889908256881,0.0258064516129032,0,0.8832,0.825816485225505,0,0.965463108320251,0,0.0222929936305732,0.854070660522273,0.0280373831775701,0.0410094637223975,0.980030721966206,0,0.742635658914729,0.0641221374045802,0.565625,0.9168,0.303333333333333,0,0.736842105263158,0.222900763358779,0.97191887675507,0.137715179968701,0.928237129485179,0.973561430793157,0.969278033794163,0.947122861586314,0.0107361963190184,0.968354430379747,0.971563981042654,0,0,0.961290322580645,0,0.31875,0.966309341500766,0.00938967136150235,0.0110236220472441,0.6375,0,0.2984375,0.975728155339806,0.128787878787879,0.975922953451043,0.0095389507154213,0.989045383411581,0.0253164556962025,0.0314465408805031,0.0357698289269051,0.9185303514377,0.376377952755906,0.968895800933126,0,0.990740740740741,0.733229329173167,0,0.027906976744186,0.233974358974359,0,0.788491446345257,0.276995305164319,0.0991869918699187,0.965354330708661,0.165094339622642,0.972179289026275,0.978193146417445,0,0.558320373250389,0.94383775351014,0.508828250401284,0.961352657004831,0,0.974522292993631,0.0494590417310665,0,0.233009708737864,0.631746031746032,0.535947712418301,0,0,0.978294573643411,0.783151326053042,0.182985553772071,0.974803149606299,0.0342679127725857,0.927899686520376,0.442307692307692,0.981845688350983,0.164251207729469,0.966824644549763,0.977564102564103,0.833592534992224,0.972006220839813,0.0192616372391653,0.981308411214953,0.0268562401263823,0,0.752773375594295,0.890262751159196,0.959752321981424,0.0469483568075117,0,0.975308641975309,0.47275641025641,0.975688816855754,0.971742543171115,0.973724884080371,0.323029366306028,0.975039001560062,0.0236220472440945,0.947122861586314,0.0259541984732824,0.921974522292994,0.381619937694704,0,0.9703125,0,0.844236760124611,0.971428571428571,0.146067415730337,0.973270440251572,0.934477379095164,0.968229954614221,0.95625,0.123052959501558,0.411944869831547,0.910858995137763,0.942307692307692,0.0788643533123028,0.0345368916797488,0.982200647249191,0.872670807453416,0,0,0.314375987361769,0.00155763239875389,0.972265023112481,0.305084745762712,0.890965732087227,0.758139534883721,0.984350547730829,0.450636942675159,0.4515625,0.319488817891374,0.909516380655226,0.945945945945946,0.9,0,0.8609375,0.213703099510604,0.947867298578199,0.0266875981161695,0.0952380952380952,0.549606299212598,0.953748006379585,0.973643410852713,0.851735015772871,0.976525821596244,0.893081761006289,0,0.0985915492957746,0.684615384615385,0.969453376205788,0,0.970679012345679,0.984567901234568,0.570542635658915,0.584758942457232,0.967084639498433,0.972624798711755,0.384012539184953,0,0.899843505477308,0.551612903225806,0.980360065466448,0.0263975155279503,0.961119751166407,0.980769230769231,0.971653543307087,0.941269841269841,0.544478527607362,0.0268562401263823,0.984326018808777,0.553846153846154,0.0317220543806647,0.0229357798165138,0.226771653543307,0.0253968253968254,0.180379746835443,0.69558599695586,0.0238473767885533,0.029320987654321,0.0362204724409449,0.599383667180277,0.0638977635782748,0.966876971608833,0.0112540192926045,0.026813880126183,0,0.250793650793651,0.973270440251572,0.967084639498433,0.886614173228346,0,0.89413680781759,0.841781874039939,0.708074534161491,0.625391849529781,0.476489028213166,0.45958795562599,0.0110584518167457,0.974317817014446,0.128284389489954,0.718954248366013,0.974763406940063,0.0343213728549142,0.749221183800623,0.0253968253968254,0.148902821316614,0.975572519083969,0.977491961414791,0.899841017488076,0,0.65015479876161,0.898894154818325,0,0.0248833592534992,0.906687402799378,0.993700787401575,0,0.0262345679012346,0.019047619047619,0.971014492753623,0.899676375404531,0.025974025974026,0,0.408805031446541,0.979527559055118,0.808575803981623,0.428120063191153,0.654895666131621,0.95,0.0316455696202532,0.970858895705521,0.97588424437299,0.0297805642633229,0.963949843260188,0.973015873015873,0.9488,0.971153846153846,0.19811320754717,0.345911949685535,0.312989045383412,0.985759493670886,0.924315619967794,0.046801872074883,0.271585557299843,1,0.176838810641628,0.315467075038285,0.978428351309707,0.971698113207547,0.972006220839813,0.720190779014308,0.972136222910217,0.248796147672552,0.976489028213166,0.971107544141252,0,0.336434108527132,0.574162679425837,0.0443037974683544,0.048062015503876,0.0323076923076923,0.9,0.0482115085536547,0.028169014084507,0,0.245341614906832,0.974603174603175,0.0947204968944099,0.983739837398374,0.985781990521327,0.979559748427673,0.303317535545024,0.304838709677419,0.65625,0.481054365733114,0,0.827044025157233,0.0402476780185759,0.0693374422187981,0.226356589147287,0.9744,0.0283464566929134,0,0.34715821812596,0.0374414976599064,0.0462519936204147,0.477707006369427,0.973015873015873,0.314102564102564,0.973684210526316,0.939968404423381,0,0.98036253776435,0.0218068535825545,0.973765432098765,0.824534161490683,0.972357723577236,0.0380348652931854,0.958397534668721,0.0251177394034537,0.864566929133858,0.727848101265823,0.923794712286159,0.984399375975039,0.972624798711755,0.317034700315457,0.952978056426332,0.971299093655589,0.0248447204968944,0.0443740095087163,0.976228209191759,0.968798751950078,0.356807511737089,0.864353312302839,0.940032414910859,0.953198127925117,0.975232198142415,0,0.13946117274168,0.974882260596546,0.0283018867924528,0,0.977917981072555,0.0128410914927769,0.0666666666666667,0.975270479134467,0.981191222570533,0.00475435816164818,0.658767772511848,0.433333333333333,0.979299363057325,0.0226904376012966,0.859649122807018,0.977455716586151,0.407643312101911,0.620214395099541,0.806962025316456,0,0.1856,0.990275526742301,0.970031545741325,0.447619047619048,0.978021978021978,0.951585976627713,0.0518867924528302,0.00156739811912226,0.973643410852713,0.968895800933126,0.949685534591195,0.666666666666667,0.0304,0.886035313001605,0.256211180124224,0.201626016260163,0.00788643533123028,0.622222222222222,0.601587301587302,0.645962732919255,0,0.325806451612903,0.922712933753943,0.634674922600619,0.561538461538462,0.107250755287009,0,0,0.972727272727273,0.944012441679627,0,0.936708860759494,0.00963081861958266,0,0,0.979559748427673,0,0.97411003236246,0.774603174603175,0.546707503828484,0.976851851851852,0,0,0.976452119309262,0.952671755725191,0.757763975155279,0.0236593059936909,0.00319488817891374,0.885271317829457,0.612055641421947,0.979527559055118,0.53858024691358,0.378205128205128,0,0.964285714285714,0.0238853503184713,0.97275641025641,0.116129032258065,0,0.0354391371340524,0.138709677419355,0.498366013071895,0.953125,0,0.958904109589041,0.960691823899371,0.9796875,0,0.0988835725677831,0.92179700499168,0.0281456953642384,0.974164133738602,0.976744186046512,0.0300157977883096,0.978021978021978,0.323809523809524,0.808846761453397,0.0366826156299841,0.183254344391785,0.960876369327074,0.009375,0.0282574568288854,0.972265023112481,0.032,0.673139158576052,0.3904,0,0.144186046511628,0.768253968253968,0.277691107644306,0.968798751950078,0.0282574568288854,0.167177914110429,0.461920529801325,0.947530864197531,0.913846153846154,0.946372239747634,0.741573033707865,0,0.967084639498433,0.0233281493001555,0.941732283464567,0.412520064205457,0.0232198142414861,0.976780185758514,0.973015873015873,0.971107544141252,0.633228840125392,0.9858934169279,0.166139240506329,0.212698412698413,0.932707355242567,0.890282131661442,0,0,0.968354430379747,0.92109500805153,0.0430622009569378,0.971014492753623,0.981042654028436,0.387596899224806,0.938582677165354,0.732689210950081,0.894819466248038,0,0.944178628389155,0.353503184713376,0.974960876369327,0.973186119873817,0,0.660883280757098,0.978964401294498,0.0301587301587302,0.71107544141252,0.397196261682243,0.797872340425532,0.706349206349206,0.940458015267176,0.103500761035008,0.972447325769854,0.973186119873817,0.982998454404946,0.314935064935065,0.111821086261981,0.974882260596546,0.973805855161787,0.00920245398773006,0.791277258566978,0.471494607087827,0.297939778129952,0.782193958664547,0.973354231974922,0.870253164556962,0.971830985915493,0.14,0.0277777777777778,0,0.84748427672956,0.0305466237942122,0.021978021978022,0.308049535603715,0,0.976415094339623,0.924382716049383,0.979719188767551,0.981395348837209,0.113744075829384,0.028391167192429,0,0,0.193811074918567,0.103503184713376,0.186413902053712,0,0.0232558139534884,0.9734375,0.0172413793103448,0.315457413249211,0.974522292993631,0.611544461778471,0.955905511811024,0.680124223602484,0.669242658423493,0,0.974852071005917,0.405797101449275,0.511041009463722,0.933744221879815,0.984732824427481,0.414826498422713,0.0124804992199688,0.96513470681458,0.961832061068702,0,0.949924127465857,0.0396196513470681,0.977124183006536,0.4421875,0,0.0109204368174727,0.535073409461664,0.861244019138756,0.0299684542586751,0.173633440514469,0.0125786163522013,0.00164203612479475,0.748091603053435,0.0412698412698413,0.980360065466448,0.354489164086687,0.980061349693252,0.0247295208655332,0.3984375,0.339144215530903,0.891547049441786,0.120521172638436,0.0314465408805031,0.00311526479750779,0.0617088607594937,0,0.976851851851852,0.0527156549520767,1,0.0255591054313099,0.976038338658147,0,0.532208588957055,0.485086342229199,0.970172684458399,0,0.975232198142415,0,0.43338683788122,0.969325153374233,0,0.667697063369397,0.960505529225908,0.7504,0.963317384370016,0.0609375,0,0.977777777777778,0.290529695024077,0,0.70625,0.0243531202435312,0.0417956656346749,0.96969696969697,0.974960876369327,0.96937212863706,0.953051643192488,0.963375796178344,0,0.949286846275753,0.0230769230769231,0.376360808709176,0.312796208530806,0.970358814352574,0.970358814352574,0.968895800933126,0.963836477987421,0.0569230769230769,0.0330188679245283,0.973770491803279,0.952830188679245,0.712732919254658,0.959438377535101,0.97196261682243,0.9796875,0,0,0.956127080181543,0,0.0880989180834621,0,0.95625,0.305057096247961,0.226537216828479,0.149765990639626,0.907496012759171,0,0.13125,0.973478939157566,0.981220657276995,0.65814696485623,0.430493273542601,0.23134328358209,0.206471494607088,0.661858974358974,0.0201238390092879,0.138413685847589,0.558213716108453,0.260188087774295,0.700617283950617,0.0330188679245283,0,0.0235478806907378,0.334943639291465,0.973983739837398,0.648818897637795,0.240061162079511,0.616352201257862,0.894899536321484,0.961300309597523,0.967585089141005,0.974603174603175,0.977564102564103,0.971107544141252,0.568503937007874,0.450155763239875,0.97626582278481,0.0337423312883436,0.0310077519379845,0.894819466248038,0.0109375,0.975460122699387,0.946117274167987,0,0.13290113452188,0,0.95253164556962,0,0.961119751166407,0.974921630094044,0.0304878048780488,0.829652996845426,0.972307692307692,0.677993527508091,0.640062597809077,0.8896,0,0,0.931707317073171,0.953030303030303,0.987538940809969,0,0,0.0175438596491228,0.241960183767228,0.5078125,0,0.487460815047022,0,0.915064102564103,0.971291866028708,0.175523349436393,0.24537037037037,0,0.363924050632911,0.586750788643533,0.847376788553259,0.978395061728395,0.792511700468019,0.0250391236306729,0.987158908507223,0.0158227848101266,0.969354838709677,0,0.979782270606532,0.00952380952380952,0.976038338658147,0.0395569620253165,0.0241157556270096,0,0,0.834633385335413,0.916264090177134,0.952453987730061,0.71937984496124,0.0538461538461538,0.0317965023847377,0.832550860719875,0.840182648401826,0,0.0394321766561514,0.949606299212598,0,0.958266452648475,0.970219435736677,0.0729813664596273,0.0361067503924647,0.0204081632653061,0.973478939157566,0.5056,0.0963665086887836,0.130081300813008,0.143740340030912,0.728455284552846,0.115384615384615,0.973312401883831,0,0.771790808240888,0.964777947932619,0.00473186119873817,0,0.0273972602739726,0,0.029874213836478,0.970125786163522,0.701444622792937,0.0272873194221509,0.0282131661442006,0.562398703403566,0.969889064976228,0.464898595943838,0.0462249614791988,0.0192307692307692,0.0567260940032415,0.0186335403726708,0,0.0526315789473684,0.0332829046898638,0.0236593059936909,0.0388198757763975,0.0231481481481481,0.0468497576736672,0.053680981595092,0.0374414976599064,0.0172143974960876,0.00487012987012987,0.0266457680250784,0.0232198142414861,0.0519685039370079,0.0299212598425197,0.0202492211838006,0.0258481421647819,0.0298273155416013,0.0434083601286174,0.0284810126582278,0.0247678018575851,0.0283464566929134,0.0499219968798752,0.0254872563718141,0.0223642172523962
"321",0.148562300319489,0.159375,0.175115207373272,0.213607594936709,0.174679487179487,0.156451612903226,0.216429699842022,0.18167701863354,0.155384615384615,0,0.15,0,0.550231839258114,0.154330708661417,0.846273291925466,0.858914728682171,0,0.00311526479750779,0.157977883096367,0.170245398773006,0.78125,0.855519480519481,0.155384615384615,0,0.181818181818182,0.865203761755486,0.79874213836478,0.160513643659711,0.593323216995448,0.391371340523883,0.848159509202454,0.429017160686427,0.343949044585987,0.723004694835681,0,0.143518518518519,0.0093167701863354,0.159937888198758,0.717717717717718,0.230652503793627,0,0.00156494522691706,0,0.147104851330203,0.356230031948882,0.847723704866562,0.682464454976303,0.84447900466563,0.5895865237366,0.803951367781155,0,0.143081761006289,0.70404984423676,0.15955766192733,0.222047244094488,0.768233387358185,0,0.175078864353312,0.170506912442396,0.254211332312404,0.772445820433437,0.61633281972265,0.859621451104101,0,0.231884057971014,0.288786482334869,0,0.166409861325116,0,0.837025316455696,0.297839506172839,0.8453125,0.8390625,0.151702786377709,0,0.406727828746177,0.827692307692308,0.530959752321981,0.238924050632911,0.721122112211221,0,0.432098765432099,0.811263318112633,0.149068322981366,0.812018489984592,0.233486943164363,0.155660377358491,0.182380216383308,0.183925811437403,0.00153139356814701,0.171428571428571,0.148091603053435,0,0,0.174679487179487,0,0.675,0.169491525423729,0,0,0.464566929133858,0,0.69047619047619,0.148264984227129,0.800911854103343,0.158227848101266,0.00158478605388273,0.174726989079563,0.849765258215962,0.8453125,0.836166924265842,0.21671826625387,0.689814814814815,0.161392405063291,0,0.161787365177196,0.41304347826087,0,0.855828220858896,0.745283018867924,0,0.359375,0.724569640062598,0.8192,0.180834621329212,0.813374805598756,0.157251908396947,0.154446177847114,0,0.50462962962963,0.213953488372093,0.557299843014129,0.164296998420221,0,0.150159744408946,0.836115326251897,0,0.762951334379906,0.545023696682464,0.515151515151515,0,0,0.162204724409449,0.385335413416537,0.810810810810811,0.153125,0.839009287925697,0.210200927357032,0.624203821656051,0.165653495440729,0.793214862681745,0.163265306122449,0.134493670886076,0.281055900621118,0.147744945567652,0.8272,0.142414860681115,0.853354134165367,0,0.375394321766562,0.249235474006116,0.152647975077882,0.841294298921418,0,0.149847094801223,0.59775641025641,0.142172523961661,0.143297380585516,0.148773006134969,0.740458015267176,0.168970814132104,0.856918238993711,0.191842900302115,0.846153846153846,0.2453125,0.835130970724191,0,0.161741835147745,0,0.297045101088647,0.135384615384615,0.787735849056604,0.161442006269592,0.195652173913043,0.149773071104387,0.173846153846154,0.811437403400309,0.65296803652968,0.229430379746835,0.215408805031447,0.805946791862285,0.847222222222222,0.175632911392405,0.246894409937888,0,0,0.706436420722135,0,0.142857142857143,0.724349157733537,0.23186119873817,0.403697996918336,0.162650602409639,0.587774294670846,0.584234930448223,0.702362204724409,0.209048361934477,0.178683385579937,0.246932515337423,0,0.241433021806854,0.770465489566613,0.215748031496063,0.838304552590267,0.861538461538462,0.515384615384615,0.1734375,0.172307692307692,0.309904153354633,0.149532710280374,0.266770670826833,0,0.849144634525661,0.467275494672755,0.160125588697017,0,0.16358024691358,0.161585365853659,0.510077519379845,0.513178294573643,0.163551401869159,0.143312101910828,0.645468998410175,0,0.216666666666667,0.577881619937695,0.168810289389068,0.858475894245723,0.201820940819423,0.151326053042122,0.148606811145511,0.205007824726135,0.52093023255814,0.852848101265823,0.17879746835443,0.65015479876161,0.852459016393443,0.850609756097561,0.746056782334385,0.842767295597484,0.774294670846395,0.401526717557252,0.8546875,0.850467289719626,0.848998459167951,0.468702290076336,0.8304,0.164852255054432,0.00158227848101266,0.834115805946792,0,0.735015772870662,0.148969889064976,0.163779527559055,0.2578125,0,0.245585874799358,0.2642089093702,0.430359937402191,0.506269592476489,0.622848200312989,0.563779527559055,0.00154559505409583,0.136507936507936,0.812883435582822,0.413848631239936,0.171073094867807,0.84080370942813,0.341692789968652,0.855572998430141,0.804347826086957,0.152671755725191,0.13474025974026,0.219903691813804,0,0.436834094368341,0.216772151898734,0,0.839939024390244,0.218181818181818,0.157728706624606,0,0.861068702290076,0.850077279752705,0.165605095541401,0.278219395866455,0.849358974358974,0,0.638629283489097,0.165605095541401,0.327245053272451,0.643962848297214,0.418897637795276,0.181818181818182,0.843410852713178,0.153139356814701,0.151937984496124,0.857142857142857,0.180834621329212,0.149606299212598,0.159235668789809,0.164596273291925,0.883464566929134,0.669767441860465,0.713166144200627,0.167456556082148,0.201298701298701,0.00934579439252336,0.726415094339623,0.176838810641628,1,0.68815592203898,0.159264931087289,0.154330708661417,0.182539682539683,0.434504792332268,0.144596651445967,0.733652312599681,0.181395348837209,0.152755905511811,0,0.667682926829268,0.524038461538462,0.861801242236025,0.00614439324116743,0.846036585365854,0.219662058371736,0.832565284178187,0.853582554517134,0,0.910377358490566,0.155309033280507,0.828125,0.159935379644588,0.1671875,0.163232963549921,0.714733542319749,0.69672131147541,0.469578783151326,0.590538336052202,0,0.332807570977918,0.838461538461538,0.839506172839506,0.75,0.151326053042122,0.852255054432348,0,0.672307692307692,0.848297213622291,0.850863422291994,0.590697674418605,0.147104851330203,0.72859450726979,0.150819672131148,0.163779527559055,0,0.15946348733234,0.845201238390093,0.151376146788991,0.320251177394035,0.15748031496063,0.841860465116279,0.176923076923077,0.8421875,0.240740740740741,0.409162717219589,0.189814814814815,0.174045801526718,0.152755905511811,0.711627906976744,0.195046439628483,0.151975683890578,0.856481481481482,0.835403726708075,0.149842271293375,0.150769230769231,0.698289269051322,0.2515625,0.172077922077922,0.195348837209302,0.149460708782743,0,0.800314465408805,0.155038759689922,0.84037558685446,0,0.18025078369906,0,0.840625,0.147465437788018,0.173913043478261,0,0.453125,0.768621236133122,0.167456556082148,0.856012658227848,0.267716535433071,0.147672552166934,0.666144200626959,0.463565891472868,0.3486529318542,0,0.772093023255814,0.1664,0.15015479876161,0.737248840803709,0.149922720247295,0.172240802675585,0.829457364341085,0,0.167950693374422,0.159305993690852,0.202194357366771,0.445987654320988,0.8640625,0.247244094488189,0.85377358490566,0.743288590604027,0,0.511700468018721,0.507739938080495,0.510140405616225,0,0.705211726384365,0.213063763608087,0.49618320610687,0.577099236641221,0.817771084337349,0,0,0.148425787106447,0.175654853620955,0,0.215288611544462,0.00157728706624606,0,0,0.141045958795563,0,0.153354632587859,0.336973478939158,0.516030534351145,0.143950995405819,0,0,0.157650695517774,0.183206106870229,0.402140672782875,0.854324734446131,0,0.233687405159332,0.468118195956454,0.150387596899225,0.650306748466258,0.684627575277338,0,0.157975460122699,0.850079744816587,0.193396226415094,0.820987654320988,0,0.84407796101949,0.801261829652997,0.621311475409836,0.176377952755906,0,0.195158850226929,0.167434715821813,0.149618320610687,0,0.824088748019017,0.192495921696574,0.836038961038961,0.139393939393939,0.156060606060606,0.839258114374034,0.150387596899225,0.7046875,0.313664596273292,0.844339622641509,0.756451612903226,0.185534591194969,0.0015527950310559,0.846153846153846,0.171826625386997,0.853225806451613,0.454113924050633,0.594383775351014,0,0.7947932618683,0.382165605095541,0.720930232558139,0.169811320754717,0.85423197492163,0.872868217054264,0.586885245901639,0.20392749244713,0.261868300153139,0.187106918238994,0.390953150242326,0,0.17629179331307,0.848024316109423,0.163009404388715,0.618819776714514,0.84331797235023,0.153495440729483,0.15527950310559,0.151090342679128,0.5484375,0.159442724458204,0.806299212598425,0.770932069510269,0.190697674418605,0.232307692307692,0,0,0.15955766192733,0.217252396166134,0.84748427672956,0.169572107765452,0.161787365177196,0.637209302325581,0.205128205128205,0.37220447284345,0.203703703703704,0,0.167987321711569,0.643533123028391,0.152307692307692,0.154330708661417,0,0.454976303317536,0.174880763116057,0.856918238993711,0.413078149920255,0.647328244274809,0.332335329341317,0.457413249211356,0.186830015313936,0.847560975609756,0.151419558359621,0.151840490797546,0.169254658385093,0.683544303797468,0.76605504587156,0.15552099533437,0.151376146788991,0,0.349768875192604,0.630434782608696,0.737654320987654,0.366306027820711,0.15600624024961,0.241433021806854,0.156589147286822,0.129969418960245,0.836833602584814,0,0.304012345679012,0.853968253968254,0.853810264385692,0.70606531881804,0,0.169254658385093,0.226993865030675,0.148837209302326,0.153374233128834,0.841368584758942,0.850556438791733,0,0,0.766666666666667,0.8109375,0.800312012480499,0,0.844339622641509,0.149460708782743,0.36687306501548,0.692667706708268,0.151658767772512,0.485225505443235,0.17007874015748,0.46,0.47239263803681,0,0.155688622754491,0.623809523809524,0.526315789473684,0.207317073170732,0.156105100463679,0.637209302325581,0,0.186813186813187,0.182945736434109,0,0.184568835098336,0.8390625,0.170178282009724,0.571870170015456,0,0.00157728706624606,0.538336052202284,0.308917197452229,0.854037267080745,0.809448818897638,0.00154559505409583,0,0.35249621785174,0.865625,0.149593495934959,0.696400625978091,0.15220700152207,0.853435114503817,0.661608497723824,0.783783783783784,0.257551669316375,0.825525040387722,0.841614906832298,0,0.824451410658307,0,0.141984732824427,0.687797147385103,0.158445440956652,0.856692913385827,0.160572337042925,0,0.577099236641221,0.609105180533752,0.154798761609907,0,0.142414860681115,0,0.653481012658228,0.160246533127889,0,0.436251920122888,0.147385103011094,0.422955974842767,0.187599364069952,0.849378881987578,0,0.138674884437596,0.711598746081505,0,0.4359375,0.850609756097561,0.842923794712286,0.148499210110585,0.156645569620253,0.157337367624811,0.173913043478261,0.171114599686028,0,0.159305993690852,0.00153609831029186,0.661016949152542,0.711213517665131,0.161538461538462,0.161189358372457,0.159021406727829,0.142635658914729,0.0279937791601866,0.848580441640379,0.147727272727273,0.1875,0.406153846153846,0.157650695517774,0.14797507788162,0.185471406491499,0,0,0.166666666666667,0,0.846986089644513,0.00157728706624606,0.190625,0.7136,0.845669291338583,0.794207317073171,0.227129337539432,0.00158227848101266,0.800618238021638,0.146189735614308,0.155864197530864,0.4609375,0.609160305343511,0.804477611940299,0.76103500761035,0.535433070866142,0.834862385321101,0.779141104294479,0.499219968798752,0.724884080370943,0.427710843373494,0.833865814696486,0,0.859177215189873,0.660287081339713,0.137161084529506,0.421052631578947,0.730015082956259,0.507763975155279,0.244582043343653,0.150829562594268,0.187702265372168,0.175911251980983,0.154838709677419,0.156739811912226,0.542635658914729,0.636222910216718,0.145962732919255,0.849397590361446,0.846860643185299,0.25625,0.00152671755725191,0.160796324655436,0.16793893129771,0,0.8368,0,0.204724409448819,0,0.173106646058733,0.157566302652106,0.8453125,0.297805642633229,0.149925037481259,0.433229813664596,0.436532507739938,0.228125,0,0,0.20859872611465,0.197309417040359,0.159264931087289,0,0,0.851968503937008,0.746932515337423,0.541795665634675,0,0.6265625,0,0.237341772151899,0.148499210110585,0.7312,0.787136294027565,0,0.682034976152623,0.569640062597809,0.25585023400936,0.183359013867488,0.329704510108865,0.8546875,0.1648,0.0826833073322933,0.153724247226624,0,0.16820987654321,0,0.142410015649452,0.838304552590267,0.529968454258675,0,0,0.300469483568075,0.219903691813804,0.189969604863222,0.376923076923077,0.837138508371385,0.838969404186795,0.333333333333333,0.313725490196078,0,0.849445324881141,0.187697160883281,0,0.169354838709677,0.174114021571649,0.841614906832298,0.003125,0.845801526717557,0.134762633996937,0.588697017268446,0.846273291925466,0.825525040387722,0.7947932618683,0.413629160063391,0.812596006144393,0.151273885350318,0,0.361464968152866,0.170992366412214,0,0,0.851127819548872,0,0.844094488188976,0.162538699690402,0.421725239616613,0.856012658227848,0.85126582278481,0.502392344497608,0.1875,0.613104524180967,0.0060882800608828,0.851373182552504,0.0438871473354232,0.0109546165884194,0,0.694620253164557,0.842424242424242,0.856025039123631,0.855606758832565,0.849923430321593,0.00473186119873817,0.00918836140888208,0.833592534992224,0.00777604976671851,0,0.027906976744186,0.0122324159021407,0.00934579439252336,0.84458398744113,0.0155763239875389,0.845295055821372,0.844690966719493,0.00316455696202532,0.830218068535826,0.046969696969697,0.849144634525661,0.773291925465838,0.847662141779789,0.856697819314642
"322",0.301223241590214,0.311450381679389,0.316816816816817,0.336923076923077,0.298461538461538,0.293023255813953,0.396923076923077,0.31859756097561,0.308157099697885,0,0.306870229007634,0,0.554887218045113,0.290123456790123,0.707317073170732,0.700920245398773,0,0.00307692307692308,0.309923664122137,0.332330827067669,0.686011904761905,0.710691823899371,0.316816816816817,0,0.345808383233533,0.658536585365854,0.692541856925419,0.313664596273292,0.662721893491124,0.52781954887218,0.693452380952381,0.530211480362538,0.489891135303266,0.657012195121951,0,0.301204819277108,0.0134730538922156,0.301204819277108,0.692419825072886,0.378625954198473,0,0.00148809523809524,0,0.314589665653495,0.452566096423017,0.726006191950464,0.566465256797583,0.70516717325228,0.641481481481481,0.74302496328928,0,0.31306990881459,0.666666666666667,0.299847792998478,0.364741641337386,0.768633540372671,0,0.331775700934579,0.328808446455505,0.383358098068351,0.656967840735069,0.680119581464873,0.695652173913043,0,0.41185647425897,0.474320241691843,0,0.321100917431193,0,0.684049079754601,0.403249630723781,0.696107784431138,0.723664122137405,0.296686746987952,0,0.542728635682159,0.710014947683109,0.633888048411498,0.376744186046512,0.729299363057325,0,0.5096011816839,0.684365781710914,0.307692307692308,0.741691842900302,0.365126676602086,0.295625942684766,0.328808446455505,0.317293233082707,0.00291545189504373,0.30640243902439,0.293051359516616,0,0,0.325153374233129,0,0.655172413793103,0.31859756097561,0,0,0.553030303030303,0,0.682299546142209,0.302431610942249,0.717455621301775,0.306376360808709,0.00306748466257669,0.311077389984825,0.708782742681048,0.70750382848392,0.693693693693694,0.344461305007587,0.696048632218845,0.313546423135464,0,0.300150829562594,0.521021021021021,0,0.700301204819277,0.88719512195122,0,0.495426829268293,0.676204819277108,0.720062208398134,0.323170731707317,0.75187969924812,0.3003003003003,0.291350531107739,0,0.585218702865762,0.354294478527607,0.746105919003115,0.320433436532508,0,0.293663060278207,0.700292397660819,0,0.693498452012384,0.52833078101072,0.607535321821036,0,0,0.314503816793893,0.534848484848485,0.725581395348837,0.287037037037037,0.681538461538462,0.3710407239819,0.657894736842105,0.310549777117385,0.699846860643185,0.316187594553706,0.308166409861325,0.455223880597015,0.290909090909091,0.695178849144635,0.292424242424242,0.690184049079755,0,0.557275541795666,0.385185185185185,0.317293233082707,0.69578313253012,0,0.291479820627803,0.5875,0.3015625,0.298192771084337,0.301043219076006,0.638805970149254,0.307692307692308,0.691833590138675,0.35832083958021,0.714705882352941,0.375963020030817,0.616417910447761,0,0.316816816816817,0,0.433333333333333,0.308270676691729,0.733231707317073,0.296520423600605,0.363086232980333,0.292825768667643,0.33532041728763,0.749235474006116,0.682779456193353,0.368421052631579,0.36055469953775,0.688253012048193,0.684992570579495,0.312597200622084,0.373873873873874,0,0,0.680555555555556,0,0.306122448979592,0.734724292101341,0.365030674846626,0.474550898203593,0.301043219076006,0.635670731707317,0.807518796992481,0.68798751950078,0.349544072948328,0.335403726708075,0.376119402985075,0,0.392857142857143,0.710031347962382,0.344135802469136,0.687022900763359,0.690828402366864,0.595129375951294,0.312977099236641,0.313988095238095,0.443267776096823,0.308270676691729,0.411402157164869,0,0.687311178247734,0.599099099099099,0.296754250386399,0,0.3003003003003,0.31390134529148,0.582701062215478,0.579425113464448,0.297546012269939,0.304347826086957,0.641221374045801,0,0.363095238095238,0.615501519756839,0.32182103610675,0.702985074626866,0.336826347305389,0.290964777947933,0.305637982195846,0.338931297709924,0.608108108108108,0.700920245398773,0.327769347496206,0.56547619047619,0.699259259259259,0.68491124260355,0.681047765793529,0.703647416413374,0.710485133020344,0.507462686567164,0.700763358778626,0.707575757575758,0.697885196374622,0.569321533923304,0.69478527607362,0.320987654320988,0.00303030303030303,0.684049079754601,0,0.665137614678899,0.303875968992248,0.328767123287671,0.373313343328336,0,0.373643410852713,0.444776119402985,0.524316109422492,0.591527987897126,0.597579425113464,0.778979907264297,0.0029940119760479,0.299539170506912,0.711043872919818,0.533751962323391,0.308755760368664,0.692771084337349,0.495440729483283,0.703196347031963,0.719219219219219,0.29940119760479,0.313385826771654,0.373643410852713,0,0.555886736214605,0.355932203389831,0,0.686186186186186,0.368188512518409,0.311649016641452,0,0.71689497716895,0.69578313253012,0.332298136645963,0.385692068429238,0.708978328173375,0,0.623688155922039,0.324574961360124,0.451708766716196,0.687593423019432,0.549079754601227,0.319880418535127,0.690440060698027,0.297297297297297,0.291729323308271,0.694099378881988,0.326347305389222,0.301223241590214,0.326153846153846,0.309090909090909,0.757251908396947,0.667166416791604,0.68140243902439,0.314984709480122,0.351097178683386,0.0163204747774481,0.931818181818182,0.315467075038285,0.68815592203898,1,0.308734939759036,0.300462249614792,0.332833583208396,0.580152671755725,0.302670623145401,0.922610015174507,0.325337331334333,0.302147239263804,0,0.645112781954887,0.5546875,0.70257966616085,0.0211161387631976,0.701046337817638,0.374436090225564,0.68693009118541,0.711278195488722,0,0.760736196319018,0.31306990881459,0.733637747336377,0.321875,0.328313253012048,0.307228915662651,0.672307692307692,0.657320872274143,0.579352850539291,0.63849765258216,0,0.461656441717791,0.699115044247788,0.698365527488856,0.727963525835866,0.302147239263804,0.71969696969697,0,0.667673716012085,0.687125748502994,0.707241910631741,0.582181259600614,0.298621745788668,0.770670826833073,0.29264475743349,0.333333333333333,0,0.310144927536232,0.680059523809524,0.312035661218425,0.471036585365854,0.319314641744548,0.683409436834094,0.335338345864662,0.689969604863222,0.422727272727273,0.488299531981279,0.344410876132931,0.312121212121212,0.305722891566265,0.682370820668693,0.336890243902439,0.286775631500743,0.699704142011834,0.721385542168675,0.303875968992248,0.306766917293233,0.737082066869301,0.400914634146341,0.329652996845426,0.343987823439878,0.308383233532934,0,0.72281776416539,0.315548780487805,0.701515151515152,0,0.31832298136646,0.00156494522691706,0.71580547112462,0.283406754772394,0.315950920245399,0,0.556060606060606,0.620214395099541,0.319571865443425,0.715170278637771,0.412942989214176,0.301710730948678,0.674884437596302,0.569486404833837,0.448854961832061,0,0.690548780487805,0.309006211180124,0.306990881458967,0.589861751152074,0.302806499261448,0.301109350237718,0.697151424287856,0,0.314759036144578,0.298621745788668,0.342900302114804,0.553571428571429,0.697063369397218,0.385321100917431,0.671171171171171,0.661881977671451,0,0.619783616692427,0.572093023255814,0.527736131934033,0,0.722135007849294,0.370650529500756,0.602102102102102,0.62704309063893,0.716374269005848,0,0,0.293178519593614,0.329394387001477,0,0.341426403641882,0.00309597523219814,0,0,0.311550151975684,0,0.327131782945736,0.45839636913767,0.591381872213967,0.29745889387145,0,0,0.294736842105263,0.34654919236417,0.552036199095023,0.699395770392749,0,0.383458646616541,0.565151515151515,0.30849478390462,0.564444444444444,0.685410334346505,0,0.30920060331825,0.705972434915773,0.343076923076923,0.722054380664653,0,0.69150521609538,0.726717557251908,0.662440570522979,0.319340329835082,0,0.34020618556701,0.30688622754491,0.298350824587706,0,0.750769230769231,0.339652448657188,0.697347893915757,0.300751879699248,0.307922272047833,0.699236641221374,0.295902883156297,0.67530487804878,0.438650306748466,0.69218989280245,0.690251572327044,0.340874811463047,0.00301659125188537,0.698461538461538,0.324812030075188,0.6875,0.593798449612403,0.587786259541985,0,0.692889561270802,0.460708782742681,0.668181818181818,0.321266968325792,0.688922610015175,0.700892857142857,0.785826771653543,0.341791044776119,0.377611940298507,0.327718223583461,0.537634408602151,0,0.315396113602392,0.707831325301205,0.331306990881459,0.636363636363636,0.703649635036496,0.294294294294294,0.321875,0.302891933028919,0.531202435312024,0.307575757575758,0.698142414860681,0.695454545454545,0.351963746223565,0.367316341829085,0,0,0.315548780487805,0.346938775510204,0.696784073506891,0.311349693251534,0.310606060606061,0.655639097744361,0.353211009174312,0.495481927710843,0.36417033773862,0,0.315950920245399,0.636363636363636,0.308157099697885,0.307458143074581,0,0.61890243902439,0.3125,0.699846860643185,0.624420401854714,0.695121951219512,0.477306002928258,0.505376344086022,0.347058823529412,0.672540381791483,0.314728682170543,0.307458143074581,0.312217194570136,0.660964230171073,0.668674698795181,0.303759398496241,0.31044776119403,0.00149253731343284,0.516417910447761,0.688253012048193,0.755656108597285,0.464555052790347,0.296969696969697,0.386949924127466,0.308157099697885,0.137313432835821,0.692429022082019,0,0.43030303030303,0.688751926040062,0.704035874439462,0.747747747747748,0,0.319444444444444,0.371428571428571,0.307692307692308,0.32078313253012,0.680365296803653,0.692780337941628,0,0,0.690769230769231,0.696456086286595,0.691131498470948,0,0.69558599695586,0.291350531107739,0.289317507418398,0.661042944785276,0.30521472392638,0.573596358118361,0.329249617151608,0.523238380809595,0.515695067264574,0,0.313953488372093,0.641421947449768,0.631818181818182,0.350148367952522,0.309880239520958,0.635416666666667,0.00147710487444609,0.319634703196347,0.327327327327327,0,0.337260677466863,0.681203007518797,0.312302839116719,0.777439024390244,0,0.00301659125188537,0.636792452830189,0.415007656967841,0.714714714714715,0.740399385560676,0.00303490136570561,0,0.46577380952381,0.697388632872504,0.301587301587302,0.724812030075188,0.303571428571429,0.691729323308271,0.631024096385542,0.656394453004623,0.386153846153846,0.71875,0.694029850746269,0,0.702160493827161,0,0.308714918759232,0.566820276497696,0.303519061583578,0.694864048338369,0.3,0,0.568011958146487,0.656967840735069,0.296520423600605,0,0.297619047619048,0,0.677519379844961,0.310344827586207,0,0.521021021021021,0.311827956989247,0.47112462006079,0.33641975308642,0.712369597615499,0,0.291291291291291,0.825077399380805,0,0.528614457831325,0.690615835777126,0.702064896755162,0.311145510835913,0.288135593220339,0.318518518518519,0.325757575757576,0.311550151975684,0,0.326836581709145,0.003003003003003,0.639517345399698,0.75226586102719,0.307575757575758,0.29803328290469,0.308035714285714,0.325859491778774,0.0358208955223881,0.69969512195122,0.305511811023622,0.336842105263158,0.561746987951807,0.314842578710645,0.304283604135894,0.313636363636364,0,0,0.316100443131462,0,0.687034277198212,0.00152439024390244,0.331297709923664,0.753488372093023,0.668224299065421,0.691265060240964,0.38,0.00151515151515152,0.706060606060606,0.3,0.310708898944193,0.516717325227964,0.653902798232695,0.709912536443149,0.737151248164464,0.526073619631902,0.703592814371258,0.694992412746586,0.607305936073059,0.911808669656203,0.567607726597325,0.687595712098009,0,0.679817905918058,0.638330757341577,0.298136645962733,0.50076103500761,0.691629955947137,0.607196401799101,0.381598793363499,0.288888888888889,0.329173166926677,0.314900153609831,0.3198127925117,0.303076923076923,0.62012012012012,0.646525679758308,0.308396946564885,0.710102489019034,0.701046337817638,0.403669724770642,0.00301659125188537,0.315396113602392,0.339339339339339,0,0.731437598736177,0,0.32579185520362,0,0.329305135951662,0.306060606060606,0.689450222882615,0.430513595166163,0.301775147928994,0.506153846153846,0.524096385542169,0.38030303030303,0,0,0.361904761904762,0.35131195335277,0.312406576980568,0,0,0.686335403726708,0.926646706586826,0.766312594840668,0,0.657012195121951,0,0.358461538461538,0.302469135802469,0.644067796610169,0.697289156626506,0,0.708978328173375,0.557251908396947,0.432926829268293,0.318047337278107,0.466767371601208,0.69558599695586,0.307332293291732,0.0687022900763359,0.28680981595092,0,0.312035661218425,0.00151745068285281,0.310664605873261,0.723823975720789,0.434915773353752,0,0,0.435240963855422,0.357910906298003,0.337367624810893,0.579025110782866,0.697916666666667,0.686244204018547,0.423600605143722,0.398518518518518,0,0.708649468892261,0.333841463414634,0,0.309815950920245,0.321958456973294,0.735338345864662,0.0135135135135135,0.702865761689291,0.295522388059701,0.626543209876543,0.695384615384615,0.6859375,0.744326777609682,0.547839506172839,0.746268656716418,0.295902883156297,0,0.532208588957055,0.321100917431193,0,0,0.705882352941177,0,0.705882352941177,0.305135951661631,0.506230529595016,0.686335403726708,0.7,0.584992343032159,0.318181818181818,0.67420814479638,0.0148809523809524,0.689274447949527,0.0516431924882629,0.0104477611940299,0,0.581818181818182,0.689248895434462,0.69478527607362,0.696562032884903,0.698198198198198,0.0168970814132104,0.018018018018018,0.695195195195195,0.0107033639143731,0.00155763239875389,0.0242424242424242,0.0119581464872945,0.0179372197309417,0.710806697108067,0.013719512195122,0.713615023474178,0.676970633693972,0.0137825421133231,0.700751879699248,0.0413589364844904,0.695121951219512,0.661654135338346,0.705710102489019,0.68693009118541
"323",0.996840442338073,0.993769470404984,0.98297213622291,0.954911433172303,0.990353697749196,0.996768982229402,0.9072,0.979397781299525,0.993865030674847,0,0.995334370139969,0,0.572530864197531,0.995290423861852,0.0425867507886435,0.0110236220472441,0,0.0141509433962264,0.990415335463259,0.979591836734694,0.156346749226006,0.0420711974110032,0.982785602503912,0,0.946889226100152,0.263650546021841,0.113385826771654,0.988727858293076,0.474006116207951,0.697637795275591,0.00464396284829721,0.703761755485893,0.783570300157978,0.291021671826625,0,0.996884735202492,0.0170015455950541,0.987767584097859,0.254160363086233,0.90288315629742,0.0015748031496063,0.0154798761609907,0.0046583850931677,0.993740219092332,0.795786061588331,0.0265210608424337,0.52112676056338,0.004739336492891,0.492354740061162,0.136085626911315,0,0.988993710691824,0.264705882352941,0.995290423861852,0.898278560250391,0.162420382165605,0,0.974522292993631,0.969135802469136,0.90527950310559,0.304482225656878,0.435857805255023,0.0046875,0,0.912420382165605,0.834890965732087,0,0.984301412872841,0,0.00636942675159236,0.858914728682171,0.0109717868338558,0.0219435736677116,0.995341614906832,0,0.726153846153846,0.0495356037151703,0.585023400936037,0.905750798722045,0.277960526315789,0,0.714719271623672,0.214939024390244,0.996923076923077,0.114728682170543,0.919753086419753,0.990712074303406,0.973926380368098,0.969278033794163,0.010590015128593,0.985981308411215,0.993798449612403,0,0,0.967741935483871,0,0.302003081664099,0.984276729559748,0.00775193798449612,0.009375,0.629107981220657,0,0.285939968404423,0.995238095238095,0.109062980030722,0.995222929936306,0.00940438871473354,0.9859375,0.00314465408805031,0.00788643533123028,0.0140405616224649,0.914421553090333,0.34009360374415,0.990639625585023,0,0.993817619783617,0.71671826625387,0,0.00617283950617284,0.233974358974359,0,0.770932069510269,0.255451713395639,0.0739549839228296,0.976708074534162,0.152777777777778,0.990853658536585,0.995283018867924,0,0.548686244204019,0.943037974683544,0.501587301587302,0.982539682539682,0,0.988958990536278,0.0259146341463415,0,0.212361331220285,0.64873417721519,0.51685393258427,0,0,0.985915492957746,0.77293934681182,0.181962025316456,0.99375,0.0109717868338558,0.931570762052877,0.431089743589744,0.984848484848485,0.136507936507936,0.987421383647799,0.995268138801262,0.834101382488479,0.996913580246914,0.00477707006369427,0.995305164319249,0.00470219435736677,0,0.749211356466877,0.877862595419847,0.982892690513219,0.0247678018575851,0,0.996908809891808,0.452495974235105,0.993527508090615,0.996879875195008,0.995341614906832,0.290273556231003,0.983024691358025,0.00778816199376947,0.952453987730061,0.00611620795107034,0.908653846153846,0.390015600624025,0,0.982919254658385,0,0.850234009360374,0.993759750390016,0.136217948717949,0.982539682539682,0.95141065830721,0.986363636363636,0.978260869565217,0.0956112852664577,0.390092879256966,0.931419457735247,0.948635634028893,0.0606531881804044,0.0109375,0.9859375,0.864485981308411,0,0,0.297169811320755,0.00154559505409583,0.993893129770992,0.274143302180685,0.882445141065831,0.768273716951788,0.993855606758833,0.429245283018868,0.452160493827161,0.299363057324841,0.913928012519562,0.960443037974684,0.886018237082067,0,0.883177570093458,0.177631578947368,0.953821656050955,0.00628930817610063,0.0755007704160247,0.542635658914729,0.978021978021978,0.978593272171254,0.841521394611727,0.995341614906832,0.894736842105263,0,0.0822981366459627,0.679012345679012,0.998412698412698,0,0.986003110419907,0.986322188449848,0.547987616099071,0.554330708661417,0.987421383647799,0.993610223642173,0.36547433903577,0,0.900302114803625,0.5311004784689,0.983660130718954,0.00459418070444104,0.969325153374233,0.998422712933754,0.993788819875776,0.952681388012618,0.539657853810264,0.00791139240506329,0.984399375975039,0.550387596899225,0.00906344410876133,0.00612557427258806,0.208791208791209,0.00626959247648903,0.154704944178628,0.667678300455235,0.00470219435736677,0.00618238021638331,0.0171875,0.593607305936073,0.0452342487883683,0.985714285714286,0.0126984126984127,0.00475435816164818,0,0.224137931034483,0.993680884676145,0.976114649681529,0.901716068642746,0,0.886731391585761,0.861751152073733,0.694915254237288,0.611197511664075,0.464566929133858,0.466141732283465,0.0107033639143731,0.993640699523052,0.0972222222222222,0.709003215434084,0.973228346456693,0.0170015455950541,0.7609375,0.00784929356357928,0.132075471698113,0.993966817496229,0.99510603588907,0.904610492845787,0,0.648062015503876,0.898894154818325,0,0.00619195046439629,0.909502262443439,0.989079563182527,0,0.00623052959501558,0.0046656298600311,0.982594936708861,0.888888888888889,0.00320512820512821,0,0.382352941176471,0.990491283676704,0.805855161787365,0.402777777777778,0.660883280757098,0.961059190031153,0.0156494522691706,0.995348837209302,0.99375,0.00940438871473354,0.975346687211094,0.995245641838352,0.972624798711755,0.990654205607477,0.200315457413249,0.31733746130031,0.290423861852433,0.985530546623794,0.941841680129241,0.0555555555555556,0.264566929133858,0.978428351309707,0.159264931087289,0.308734939759036,1,0.992088607594937,0.976525821596244,0.703349282296651,0.990881458966565,0.248803827751196,0.97239263803681,0.998402555910543,0,0.327188940092166,0.549363057324841,0.0201863354037267,0.05625,0.0138888888888889,0.901869158878505,0.0280811232449298,0.0031496062992126,0,0.244548286604361,0.99211356466877,0.0794392523364486,0.990369181380417,0.982677165354331,0.992025518341308,0.290171606864275,0.286871961102107,0.683229813664596,0.460547504025765,0,0.821981424148607,0.0166919575113809,0.0444104134762634,0.2046875,0.995222929936306,0.0062402496099844,0,0.3328173374613,0.0154320987654321,0.028391167192429,0.47723704866562,0.995327102803738,0.296774193548387,0.993579454253612,0.962441314553991,0,1,0.00305343511450382,0.992343032159265,0.829457364341085,0.996779388083736,0.0141732283464567,0.973926380368098,0.00467289719626168,0.881329113924051,0.722222222222222,0.948837209302326,0.989079563182527,0.992248062015504,0.298136645962733,0.962674961119751,0.993920972644377,0.00303951367781155,0.0280373831775701,0.993630573248408,0.995348837209302,0.334883720930233,0.87789799072643,0.965798045602606,0.9640625,0.99537750385208,0,0.113782051282051,0.993779160186625,0.00315457413249211,0,0.97984496124031,0.0112540192926045,0.0525477707006369,0.995440729483283,0.977987421383648,0.00312989045383412,0.636080870917574,0.428120063191153,0.982258064516129,0.00318471337579618,0.874015748031496,0.995184590690209,0.376,0.611963190184049,0.802861685214626,0,0.158307210031348,0.985691573926868,0.992063492063492,0.4609375,0.995334370139969,0.963696369636964,0.0331230283911672,0.0015748031496063,0.984591679506934,0.993700787401575,0.958925750394945,0.693251533742331,0.0110584518167457,0.875,0.241433021806854,0.178571428571429,0.00772797527047913,0.621019108280255,0.588235294117647,0.625,0,0.304140127388535,0.91679748822606,0.638759689922481,0.529953917050691,0.0853293413173653,0,0,0.99702380952381,0.969924812030075,0,0.931962025316456,0.0111642743221691,0,0,0.995290423861852,0,0.995215311004785,0.771739130434783,0.529141104294479,0.993855606758833,0,0,0.989045383411581,0.96206373292868,0.728527607361963,0.00462962962962963,0.00316455696202532,0.892966360856269,0.607198748043818,0.996865203761755,0.543913713405239,0.363349131121643,0,0.983050847457627,0.00641025641025641,0.963836477987421,0.0992125984251968,0,0.0121580547112462,0.116352201257862,0.476499189627229,0.970903522205207,0,0.956390977443609,0.975155279503106,0.995363214837713,0,0.075,0.93698175787728,0.00978792822185971,0.995348837209302,0.996923076923077,0.00786163522012579,0.996875,0.300469483568075,0.813479623824451,0.0110062893081761,0.170886075949367,0.970358814352574,0.0112540192926045,0.00632911392405063,0.981566820276498,0.0126984126984127,0.655394524959742,0.407874015748032,0,0.115740740740741,0.745954692556634,0.259375,0.975155279503106,0.0046801872074883,0.153729071537291,0.465798045602606,0.951293759512938,0.888048411497731,0.960443037974684,0.745283018867924,0,0.975232198142415,0.00462962962962963,0.96551724137931,0.391585760517799,0.00305810397553517,0.995405819295559,0.995253164556962,0.993660855784469,0.641104294478528,0.987538940809969,0.134185303514377,0.189274447949527,0.942546583850932,0.889408099688474,0,0,0.985781990521327,0.939102564102564,0.0174880763116057,0.985826771653543,0.9921875,0.36150234741784,0.93522906793049,0.733652312599681,0.900621118012422,0,0.963607594936709,0.336477987421384,0.995348837209302,0.995319812792512,0,0.647151898734177,0.9856,0.00475435816164818,0.703001579778831,0.39258114374034,0.813253012048193,0.703125,0.955384615384615,0.0924242424242424,0.980645161290323,0.995348837209302,0.982839313572543,0.2992,0.0989180834621329,0.989010989010989,0.993827160493827,0.00771604938271605,0.78783151326053,0.447692307692308,0.275430359937402,0.76984126984127,0.993730407523511,0.88125,0.993865030674847,0.12443095599393,0.00318471337579618,0,0.832543443917852,0.00636942675159236,0.00309119010819165,0.27906976744186,0,0.990595611285266,0.91969696969697,0.993650793650794,0.995405819295559,0.103174603174603,0.00623052959501558,0,0,0.172684458398744,0.0750798722044728,0.170886075949367,0,0.00312989045383412,0.993798449612403,0.0123456790123457,0.287949921752739,0.9952,0.600311041990669,0.973228346456693,0.679127725856698,0.648148148148148,0,0.993984962406015,0.387147335423198,0.499202551834131,0.935681470137825,0.989280245022971,0.37962962962963,0.0107692307692308,0.959247648902821,0.96141975308642,0,0.967987804878049,0.0185185185185185,0.990461049284579,0.450549450549451,0,0.00921658986175115,0.517684887459807,0.847133757961783,0.00623052959501558,0.143081761006289,0.0109375,0.00161030595813205,0.759090909090909,0.0252764612954186,0.996710526315789,0.334351145038168,0.989247311827957,0.00455927051671732,0.373456790123457,0.343898573692552,0.872641509433962,0.0951612903225806,0.0062111801242236,0.00312989045383412,0.0381558028616852,0,0.992412746585736,0.0432692307692308,0.985096870342772,0.00797448165869218,0.996784565916399,0,0.528417818740399,0.461538461538462,0.995327102803738,0,0.996923076923077,0,0.404153354632588,0.989230769230769,0,0.656832298136646,0.984051036682616,0.762422360248447,0.963607594936709,0.0384024577572965,0,0.993710691823899,0.269291338582677,0,0.7015625,0.00603318250377074,0.0232919254658385,0.993610223642173,0.996820349761526,0.989280245022971,0.972350230414747,0.979527559055118,0,0.975039001560062,0.0250391236306729,0.34703196347032,0.299065420560748,0.987460815047022,0.987480438184664,0.986196319018405,0.984591679506934,0.0539291217257319,0.0221169036334913,0.985530546623794,0.967692307692308,0.730354391371341,0.974882260596546,0.993808049535604,0.982945736434109,0,0,0.983433734939759,0,0.0778816199376947,0,0.958268933539413,0.290113452188006,0.210272873194221,0.127692307692308,0.919431279620853,0,0.106750392464678,0.993827160493827,0.995341614906832,0.642072213500785,0.417910447761194,0.218181818181818,0.1875,0.663461538461538,0.0031104199066874,0.1234375,0.546310832025118,0.263157894736842,0.712098009188361,0.0139103554868624,0,0.00467289719626168,0.319488817891374,0.993690851735016,0.631578947368421,0.21969696969697,0.626373626373626,0.882352941176471,0.984662576687117,0.966292134831461,0.980982567353407,0.993610223642173,0.99211356466877,0.554330708661417,0.433489827856025,0.993798449612403,0.00904977375565611,0.0137825421133231,0.883720930232558,0.0106870229007634,0.993827160493827,0.962790697674419,0,0.114649681528662,0,0.955414012738854,0,0.972222222222222,0.993710691823899,0.00924499229583975,0.839874411302983,0.995290423861852,0.658767772511848,0.620528771384137,0.89375,0,0,0.936378466557912,0.950226244343891,0.992150706436421,0,0,0.00479233226837061,0.236006051437216,0.517719568567026,0,0.462025316455696,0,0.932601880877743,0.993720565149137,0.159126365054602,0.239263803680982,0,0.356012658227848,0.593114241001565,0.865834633385335,0.974124809741248,0.791344667697063,0.0046801872074883,0.99194847020934,0.0141509433962264,0.995215311004785,0,0.984544049459042,0.00793650793650794,0.996784565916399,0.0235849056603774,0.0143540669856459,0,0,0.835658914728682,0.928,0.946319018404908,0.717987804878049,0.0288753799392097,0.012924071082391,0.830721003134796,0.83661119515885,0,0.018957345971564,0.967136150234742,0,0.980769230769231,0.969604863221885,0.0654205607476635,0.0451010886469673,0.00625978090766823,0.993893129770992,0.480252764612954,0.0806201550387597,0.114104595879556,0.122670807453416,0.706924315619968,0.100763358778626,0.99685534591195,0,0.773015873015873,0.975497702909648,0.00471698113207547,0,0.00600600600600601,0,0.00627943485086342,0.99685534591195,0.700813008130081,0.00481540930979133,0.00473186119873817,0.544303797468354,0.962616822429907,0.447737909516381,0.0532724505327245,0.00644122383252818,0.0623003194888179,0.019047619047619,0,0.029874213836478,0.0091324200913242,0.00473186119873817,0.015552099533437,0.0031055900621118,0.05229793977813,0.0615384615384615,0.0200617283950617,0.0204081632653061,0.00641025641025641,0.0266875981161695,0.0244274809160305,0.0618238021638331,0.010989010989011,0.0217729393468118,0.0015748031496063,0.00930232558139535,0.0489731437598736,0.0124416796267496,0.0230061349693252,0.00617283950617284,0.0341614906832298,0.00602409638554217,0.00630914826498423
"324",0.9936,0.996865203761755,0.969135802469136,0.933006535947712,0.978964401294498,0.998363338788871,0.887122416534181,0.971428571428571,0.998439937597504,0,0.996830427892235,0,0.564945226917058,0.996789727126806,0.0529695024077047,0.0108864696734059,0,0.0185758513931889,0.996794871794872,0.980891719745223,0.159810126582278,0.0383386581469649,0.98755832037325,0,0.954113924050633,0.257410296411856,0.118296529968454,0.990228013029316,0.473765432098765,0.685758513931889,0.00309597523219814,0.702060221870048,0.769108280254777,0.284810126582278,0,1,0.0202808112324493,0.995305164319249,0.263482280431433,0.90726429675425,0.00157728706624606,0.0207006369426752,0.0077639751552795,0.998417721518987,0.77258064516129,0.0192616372391653,0.517295597484277,0.00316957210776545,0.487767584097859,0.146604938271605,0,0.995283018867924,0.263578274760383,0.996768982229402,0.880452342487884,0.157467532467532,0,0.975961538461538,0.958990536277603,0.903328050713154,0.29559748427673,0.431034482758621,0.00322061191626409,0,0.902711323763955,0.831269349845201,0,0.987361769352291,0,0.00320512820512821,0.865947611710324,0.00947867298578199,0.0204081632653061,0.998454404945904,0,0.721538461538462,0.0440944881889764,0.578538102643857,0.890701468189233,0.271074380165289,0,0.710443037974684,0.208588957055215,0.995297805642633,0.118296529968454,0.906009244992296,0.992138364779874,0.964285714285714,0.969135802469136,0.0141065830721003,0.98705501618123,0.998412698412698,0,0,0.97588424437299,0,0.313084112149533,0.978260869565217,0.00941915227629513,0.0112359550561798,0.620253164556962,0,0.285024154589372,0.996810207336523,0.105343511450382,0.998392282958199,0.012924071082391,0.97444089456869,0.00317460317460317,0.00941915227629513,0.00946372239747634,0.900958466453674,0.339563862928349,0.990491283676704,0,0.982677165354331,0.719242902208202,0,0.00313479623824451,0.231746031746032,0,0.76031746031746,0.249602543720191,0.0807754442649435,0.974763406940063,0.156739811912226,0.995341614906832,0.993759750390016,0,0.55,0.936908517350158,0.503974562798092,0.988709677419355,0,0.995121951219512,0.0247678018575851,0,0.210862619808307,0.632423756019262,0.51993620414673,0,0,0.978125,0.764984227129338,0.179738562091503,0.998415213946117,0.00798722044728434,0.926447574334898,0.412140575079872,0.9765625,0.138933764135703,0.980982567353407,0.9967585089141,0.845425867507886,0.992150706436421,0.0032258064516129,0.998449612403101,0.00317965023847377,0,0.747993579454254,0.8640625,0.984177215189873,0.0199081163859112,0,0.996904024767802,0.451876019575856,1,0.996860282574568,0.996794871794872,0.294298921417565,0.97626582278481,0.00474683544303797,0.954828660436137,0.00305343511450382,0.8976,0.375786163522013,0,0.984350547730829,0,0.84748427672956,0.996875,0.137380191693291,0.981102362204724,0.953560371517028,0.990783410138249,0.975116640746501,0.096875,0.388198757763975,0.922455573505654,0.942492012779553,0.0574162679425837,0.00782472613458529,0.977455716586151,0.853582554517134,0,0,0.295934959349594,0.00157977883096367,0.998459167950693,0.271739130434783,0.8736,0.757251908396947,0.987654320987654,0.4336,0.448062015503876,0.290529695024077,0.910377358490566,0.965079365079365,0.870170015455951,0,0.885093167701863,0.173983739837398,0.940894568690096,0.00157977883096367,0.0721966205837174,0.5390625,0.973270440251572,0.978125,0.829617834394904,0.996865203761755,0.894230769230769,0,0.0755905511811024,0.66046511627907,0.99184339314845,0,0.992248062015504,0.98310291858679,0.552755905511811,0.533227848101266,0.988958990536278,0.9967585089141,0.365231259968102,0,0.882262996941896,0.51993620414673,0.969936708860759,0.00157728706624606,0.953632148377125,0.995161290322581,0.996899224806202,0.953968253968254,0.547433903576983,0.00315955766192733,0.968602825745683,0.541139240506329,0.00763358778625954,0.00310077519379845,0.204838709677419,0.0031201248049922,0.152979066022544,0.678683385579937,0.0031104199066874,0.00775193798449612,0.00783699059561128,0.594976452119309,0.0436187399030695,0.980922098569157,0.0145161290322581,0.00156494522691706,0,0.238095238095238,0.998394863563403,0.977777777777778,0.897196261682243,0,0.866013071895425,0.855365474339036,0.698890649762282,0.601895734597156,0.461172741679873,0.458937198067633,0.0140405616224649,0.996768982229402,0.0965189873417722,0.701277955271565,0.965189873417722,0.0109546165884194,0.749608763693271,0.00479233226837061,0.125198098256735,0.996889580093313,0.996747967479675,0.886363636363636,0,0.638330757341577,0.876582278481013,0,0.0015527950310559,0.888888888888889,0.976190476190476,0,0.00465116279069767,0.00154798761609907,0.975961538461538,0.881028938906752,0.00323101777059774,0,0.390894819466248,0.987381703470032,0.801857585139319,0.390894819466248,0.659711075441412,0.955766192733017,0.0078125,0.996899224806202,0.998417721518987,0.00797448165869218,0.961059190031153,0.998410174880763,0.975922953451043,0.996845425867508,0.169303797468354,0.306976744186047,0.277337559429477,0.972712680577849,0.941368078175896,0.0517241379310345,0.258842443729904,0.971698113207547,0.154330708661417,0.300462249614792,0.992088607594937,1,0.965571205007825,0.703883495145631,0.996913580246914,0.23961661341853,0.963317384370016,0.995169082125604,0,0.3203125,0.550239234449761,0.0158227848101266,0.0570107858243451,0.0106382978723404,0.907086614173228,0.0261136712749616,0.00312989045383412,0,0.218500797448166,0.9904,0.0784929356357928,0.98202614379085,0.968503937007874,0.98740157480315,0.286168521462639,0.285483870967742,0.674454828660436,0.446808510638298,0,0.828616352201258,0.0183767228177642,0.0435458786936236,0.201248049921997,0.996789727126806,0.00314465408805031,0,0.32967032967033,0.0141065830721003,0.025518341307815,0.460191082802548,1,0.273170731707317,0.996688741721854,0.966876971608833,0,0.987915407854985,0.00154083204930663,0.996879875195008,0.835147744945568,0.996784565916399,0.0142405063291139,0.981337480559876,0.00315457413249211,0.883830455259027,0.717781402936378,0.944012441679627,0.982839313572543,0.993710691823899,0.28391167192429,0.96474358974359,0.996879875195008,0.00308166409861325,0.031496062992126,0.996825396825397,0.996850393700787,0.328149300155521,0.882716049382716,0.968698517298188,0.952305246422893,0.998444790046656,0,0.117741935483871,0.996825396825397,0.00321027287319422,0,0.963549920760697,0.0129449838187702,0.0434083601286174,0.996918335901387,0.965299684542587,0.00475435816164818,0.63301282051282,0.417840375586854,0.980613893376414,0.00488599348534202,0.8688,0.996774193548387,0.366987179487179,0.606758832565284,0.78594249201278,0,0.165354330708661,0.972402597402597,0.998417721518987,0.454263565891473,0.996870109546166,0.970198675496689,0.0356589147286822,0.0015600624024961,0.984399375975039,0.993660855784469,0.948598130841122,0.686335403726708,0.0110935023771791,0.859872611464968,0.247226624405705,0.172185430463576,0.00770416024653313,0.620414673046252,0.600644122383253,0.606864274570983,0,0.289389067524116,0.908517350157729,0.64018691588785,0.521259842519685,0.0817901234567901,0,0,0.996996996996997,0.976887519260401,0,0.928012519561815,0.0126984126984127,0,0,1,0,0.996794871794872,0.767295597484277,0.534142640364188,0.996918335901387,0,0,0.998449612403101,0.96417445482866,0.727975270479134,0.00307692307692308,0.0032258064516129,0.872841444270016,0.603448275862069,0.996820349761526,0.534562211981567,0.349282296650718,0,0.978361669242658,0.0032258064516129,0.954983922829582,0.0909090909090909,0,0.00914634146341463,0.121163166397415,0.488215488215488,0.969135802469136,0,0.948328267477204,0.980982567353407,0.996904024767802,0,0.0745542949756888,0.939899833055092,0.00494233937397035,0.996845425867508,0.996889580093313,0.0110584518167457,0.998442367601246,0.289514866979656,0.804075235109718,0.00940438871473354,0.162337662337662,0.955974842767296,0.0126782884310618,0.00312989045383412,0.971698113207547,0.00644122383252818,0.662358642972536,0.396496815286624,0,0.109717868338558,0.738437001594896,0.259842519685039,0.973058637083994,0.00317965023847377,0.151898734177215,0.478688524590164,0.948837209302326,0.882352941176471,0.963607594936709,0.750798722044728,0,0.984399375975039,0.00311526479750779,0.970404984423676,0.392508143322476,0.00307219662058372,0.996899224806202,0.996805111821086,0.996805111821086,0.641627543035994,0.979813664596273,0.126198083067093,0.187800963081862,0.947867298578199,0.871428571428571,0,0,0.987179487179487,0.930645161290323,0.0209677419354839,0.984051036682616,0.990566037735849,0.378125,0.925806451612903,0.731319554848967,0.879443585780526,0,0.966981132075472,0.33868378812199,0.996845425867508,0.996865203761755,0,0.6464,0.970873786407767,0.00157232704402516,0.675718849840256,0.392063492063492,0.800911854103343,0.680511182108626,0.955108359133127,0.0872894333843798,0.980738362760835,0.996850393700787,0.982731554160126,0.299173553719008,0.0909090909090909,0.989045383411581,0.996865203761755,0.00928792569659443,0.785488958990536,0.458528951486698,0.253588516746411,0.777251184834123,0.99685534591195,0.884615384615385,0.996830427892235,0.128325508607199,0.00328947368421053,0,0.816455696202532,0.0047244094488189,0.00316455696202532,0.272870662460568,0,0.987240829346092,0.914463452566096,1,0.993836671802773,0.0952380952380952,0.00316455696202532,0,0,0.167471819645733,0.0841269841269841,0.161084529505582,0,0.00154083204930663,0.998442367601246,0.00946372239747634,0.2896,0.996784565916399,0.591836734693878,0.972536348949919,0.657853810264386,0.634259259259259,0,0.996974281391831,0.391585760517799,0.503225806451613,0.926380368098159,0.98613251155624,0.389589905362776,0.0108864696734059,0.955108359133127,0.958074534161491,0,0.966205837173579,0.0192307692307692,0.983606557377049,0.4421875,0,0.0110410094637224,0.509090909090909,0.840189873417722,0.0031496062992126,0.123993558776167,0.0141955835962145,0.00164744645799012,0.752279635258359,0.026984126984127,0.998363338788871,0.325581395348837,0.9890625,0.00304878048780488,0.37962962962963,0.328990228013029,0.863934426229508,0.101777059773829,0.00309119010819165,0.00313479623824451,0.0468497576736672,0,0.992295839753467,0.0408496732026144,0.97542242703533,0.00482315112540193,0.996779388083736,0,0.519201228878648,0.468253968253968,0.998425196850394,0,0.995433789954338,0,0.403846153846154,0.986024844720497,0,0.645510835913313,0.979099678456592,0.73968253968254,0.950636942675159,0.0416024653312789,0,0.998415213946117,0.254045307443366,0,0.700626959247649,0.00154320987654321,0.0200927357032458,0.996768982229402,0.998397435897436,0.987673343605547,0.975922953451043,0.9824,0,0.973228346456693,0.026813880126183,0.344339622641509,0.292527821939587,0.990639625585023,0.990551181102362,0.995398773006135,0.995290423861852,0.0554699537750385,0.0142857142857143,0.982084690553746,0.962382445141066,0.720496894409938,0.979750778816199,0.996894409937888,0.971608832807571,0,0,0.978947368421053,0,0.0703125,0,0.955766192733017,0.270226537216828,0.216393442622951,0.113207547169811,0.925867507886435,0,0.110077519379845,0.996889580093313,0.996884735202492,0.641509433962264,0.408536585365854,0.215477996965099,0.180152671755725,0.648089171974522,0.00156739811912226,0.121451104100946,0.554160125588697,0.256410256410256,0.700156985871272,0.0125,0,0.0031055900621118,0.319354838709677,0.996732026143791,0.623233908948195,0.227963525835866,0.620528771384137,0.872641509433962,0.987673343605547,0.956730769230769,0.979099678456592,0.996768982229402,0.998397435897436,0.551505546751189,0.420970266040689,0.995238095238095,0.00921658986175115,0.0138248847926267,0.869565217391304,0.0138888888888889,0.996879875195008,0.976377952755906,0,0.1184,0,0.951181102362205,0,0.976525821596244,0.998407643312102,0.00777604976671851,0.840764331210191,0.998444790046656,0.66884176182708,0.621451104100946,0.875981161695447,0,0,0.93698175787728,0.938438438438438,0.98740157480315,0,0,0.00324675324675325,0.224458204334365,0.521193092621664,0,0.446372239747634,0,0.915064102564103,0.996835443037975,0.154340836012862,0.239130434782609,0,0.341307814992026,0.593114241001565,0.867298578199052,0.963133640552995,0.782472613458529,0.00319488817891374,0.985645933014354,0.0143769968051118,0.998397435897436,0,0.978328173374613,0.00963081861958266,0.9968,0.0188679245283019,0.0112359550561798,0,0,0.830985915492958,0.927512355848435,0.940438871473354,0.718110236220472,0.0323076923076923,0.00798722044728434,0.833068362480127,0.838509316770186,0,0.0191082802547771,0.96998420221169,0,0.987158908507223,0.956181533646322,0.0673981191222571,0.0418604651162791,0.00480769230769231,0.996879875195008,0.469648562300319,0.0774193548387097,0.106796116504854,0.112852664576803,0.694308943089431,0.102009273570325,0.996810207336523,0,0.760629921259843,0.982839313572543,0.00477707006369427,0,0.00303951367781155,0,0.00317965023847377,0.998417721518987,0.713128038897893,0.0032520325203252,0.00316455696202532,0.539452495974235,0.949367088607595,0.435612082670906,0.053125,0.0032626427406199,0.0567260940032415,0.0220125786163522,0,0.0353130016051364,0.00458015267175573,0.00479233226837061,0.0124031007751938,0.00154083204930663,0.0572337042925278,0.0596546310832025,0.0172684458398744,0.023696682464455,0.00482315112540193,0.0273311897106109,0.02660406885759,0.062992125984252,0.0110759493670886,0.021505376344086,0.00324675324675325,0.0064,0.0465489566613162,0.00792393026941363,0.0262751159196291,0.00317965023847377,0.0381558028616852,0.0030441400304414,0.00476190476190476
"325",0.974643423137876,0.967289719626168,0.969230769230769,0.940705128205128,0.990369181380417,0.969502407704655,0.902208201892745,0.975,0.965785381026439,0,0.967032967032967,0,0.596875,0.9632,0.0717628705148206,0.0398773006134969,0,0.0188976377952756,0.966876971608833,0.959375,0.183641975308642,0.0690208667736758,0.956589147286822,0,0.930015552099533,0.295133437990581,0.1328125,0.962962962962963,0.493108728943338,0.706422018348624,0.0293663060278207,0.702492211838006,0.788976377952756,0.316614420062696,0,0.974842767295597,0.0184899845916795,0.964230171073095,0.283132530120482,0.892523364485981,0.00155763239875389,0.0170278637770898,0.00611620795107034,0.968051118210863,0.781553398058252,0.0568720379146919,0.551724137931034,0.033175355450237,0.480243161094225,0.16030534351145,0,0.963607594936709,0.27892234548336,0.967136150234742,0.88801261829653,0.182250396196513,0,0.944707740916272,0.952978056426332,0.933021806853583,0.326625386996904,0.468217054263566,0.0303514376996805,0,0.895833333333333,0.827906976744186,0,0.958664546899841,0,0.0297805642633229,0.859541984732824,0.0340030911901082,0.047244094488189,0.972350230414747,0,0.740458015267176,0.0708782742681048,0.588697017268446,0.901116427432217,0.285478547854785,0,0.740458015267176,0.234930448222566,0.964451313755796,0.154205607476636,0.913713405238829,0.965678627145086,0.963302752293578,0.950920245398773,0.00923076923076923,0.968253968253968,0.962674961119751,0,0,0.954041204437401,0,0.317757009345794,0.960691823899371,0.00766871165644172,0.00943396226415094,0.633693972179289,0,0.298245614035088,0.964912280701754,0.128787878787879,0.969793322734499,0.00955414012738853,0.971563981042654,0.0330188679245283,0.0372670807453416,0.035548686244204,0.901898734177215,0.356697819314642,0.967441860465116,0,0.992307692307692,0.731974921630094,0,0.0328638497652582,0.253543307086614,0,0.784496124031008,0.272585669781931,0.0983870967741935,0.958268933539413,0.163551401869159,0.961597542242704,0.970588235294118,0,0.574568288854003,0.94006309148265,0.508716323296355,0.961722488038278,0,0.965023847376789,0.0558139534883721,0,0.237560192616372,0.667189952904239,0.5456,0,0,0.998449612403101,0.782131661442006,0.192926045016077,0.971830985915493,0.0393700787401575,0.931034482758621,0.425361155698234,0.973805855161787,0.164536741214058,0.960998439937597,0.970967741935484,0.8328125,0.970542635658915,0.0303030303030303,0.970266040688576,0.0332805071315372,0,0.760834670947031,0.877086494688923,0.95679012345679,0.0459418070444104,0,0.969230769230769,0.463722397476341,0.972176759410802,0.967441860465116,0.969040247678019,0.309451219512195,1,0.029874213836478,0.949074074074074,0.0303490136570561,0.906349206349206,0.416012558869702,0,0.960876369327074,0,0.827102803738318,0.967391304347826,0.153488372093023,0.976599063962558,0.93603744149766,0.962235649546828,0.955177743431221,0.127158555729984,0.389984825493171,0.9216,0.940988835725678,0.0793157076205288,0.036979969183359,0.9712,0.864406779661017,0,0,0.333858267716535,0.0015600624024961,0.97125567322239,0.284627092846271,0.886792452830189,0.751926040061633,0.978625954198473,0.451968503937008,0.460342146189736,0.318979266347687,0.913385826771654,0.94006309148265,0.883256528417819,0,0.86676875957121,0.201652892561983,0.960443037974684,0.0341614906832298,0.099388379204893,0.553968253968254,0.953125,0.970814132104455,0.837753510140406,0.972265023112481,0.901081916537867,0,0.100931677018634,0.69558599695586,0.96984126984127,0,0.961538461538462,0.971036585365854,0.574568288854003,0.564541213063764,0.957746478873239,0.967845659163987,0.385826771653543,0,0.89409984871407,0.540412044374009,0.962903225806452,0.0344827586206897,0.962962962962963,0.969793322734499,0.966049382716049,0.933438985736926,0.53822629969419,0.0316957210776545,0.972049689440994,0.5796875,0.037593984962406,0.0317220543806647,0.220820189274448,0.0358814352574103,0.173228346456693,0.686363636363636,0.0276073619631902,0.0321592649310873,0.0359375,0.606707317073171,0.0673076923076923,0.960443037974684,0.00950871632329636,0.0265625,0,0.24294670846395,0.968253968253968,0.948995363214838,0.903276131045242,0,0.882736156351791,0.85099846390169,0.718027734976888,0.619651347068146,0.476415094339623,0.463836477987421,0.0093603744149766,0.968051118210863,0.129032258064516,0.711256117455139,0.955905511811024,0.0403100775193798,0.751145038167939,0.0326594090202177,0.140215716486903,0.970724191063174,0.969502407704655,0.896331738437002,0,0.648318042813456,0.884375,0,0.0295031055900621,0.889739663093415,0.976303317535545,0,0.0340030911901082,0.0295031055900621,0.972972972972973,0.904153354632588,0.0303030303030303,0,0.411490683229814,0.982704402515723,0.801223241590214,0.393188854489164,0.681528662420382,0.956989247311828,0.0358255451713396,0.966309341500766,0.968652037617555,0.0348101265822785,0.96594427244582,0.966237942122186,0.954692556634304,0.965045592705167,0.21183800623053,0.325688073394495,0.315707620528771,0.969936708860759,0.927444794952681,0.0476190476190476,0.289348171701113,0.972006220839813,0.182539682539683,0.332833583208396,0.976525821596244,0.965571205007825,1,0.720634920634921,0.962616822429907,0.264984227129338,0.967391304347826,0.966666666666667,0,0.334365325077399,0.55784469096672,0.0438871473354232,0.05625,0.0352220520673813,0.897196261682243,0.0527950310559006,0.0265210608424337,0,0.250778816199377,0.965891472868217,0.0993690851735016,0.978896103896104,0.967289719626168,0.973520249221184,0.307692307692308,0.319047619047619,0.684867394695788,0.467532467532468,0,0.827856025039124,0.0460122699386503,0.0691244239631336,0.231839258114374,0.968304278922345,0.0324074074074074,0,0.339477726574501,0.0425531914893617,0.0523809523809524,0.494505494505495,0.973228346456693,0.296296296296296,0.966074313408724,0.942006269592476,0,0.973214285714286,0.0277349768875193,0.962121212121212,0.8328173374613,0.96656050955414,0.0422535211267606,0.946808510638298,0.0289193302891933,0.870917573872473,0.749211356466877,0.933130699088146,0.978056426332288,0.965408805031447,0.308661417322835,0.939157566302652,0.972179289026275,0.0274809160305344,0.0574534161490683,0.965189873417722,0.965732087227414,0.340659340659341,0.867078825347759,0.940129449838188,0.961597542242704,0.972307692307692,0,0.137161084529506,0.968798751950078,0.0337620578778135,0,0.961414790996785,0.00952380952380952,0.063391442155309,0.963246554364472,0.962382445141066,0.00312989045383412,0.644961240310078,0.473270440251572,0.97275641025641,0.0256410256410256,0.852848101265823,0.969889064976228,0.408517350157729,0.613601236476043,0.823622047244094,0,0.184713375796178,0.971518987341772,0.965996908809892,0.47887323943662,0.967289719626168,0.946577629382304,0.0573643410852713,0.00158478605388273,0.976816074188563,0.965189873417722,0.943661971830986,0.693251533742331,0.031496062992126,0.882539682539683,0.277950310559006,0.202635914332784,0.00627943485086342,0.640822784810127,0.607936507936508,0.630672926447574,0,0.3056,0.915739268680445,0.661466458658346,0.537037037037037,0.107575757575758,0,0,0.970193740685544,0.942073170731707,0,0.915094339622642,0.00950871632329636,0,0,0.963949843260188,0,0.97275641025641,0.768992248062015,0.550680786686838,0.974085365853659,0,0,0.968652037617555,0.945619335347432,0.756923076923077,0.0338983050847458,0.00317965023847377,0.88135593220339,0.61609907120743,0.972136222910217,0.559505409582689,0.362341772151899,0,0.961597542242704,0.0333863275039746,0.961722488038278,0.122222222222222,0,0.0398162327718224,0.14488188976378,0.504966887417219,0.954828660436137,0,0.948640483383686,0.963949843260188,0.97045101088647,0,0.110932475884244,0.913907284768212,0.0375203915171289,0.969135802469136,0.96969696969697,0.0340557275541796,0.970358814352574,0.316923076923077,0.817472698907956,0.0438184663536776,0.189710610932476,0.967136150234742,0.00933125972006221,0.036979969183359,0.964506172839506,0.0375586854460094,0.689320388349515,0.41471048513302,0,0.125776397515528,0.753184713375796,0.291350531107739,0.967492260061919,0.031201248049922,0.172093023255814,0.479608482871126,0.963302752293578,0.907294832826748,0.937898089171974,0.764705882352941,0,0.953632148377125,0.0307692307692308,0.944968553459119,0.417322834645669,0.0354391371340524,0.970542635658915,0.96984126984127,0.967136150234742,0.664586583463339,0.976958525345622,0.153726708074534,0.208667736757624,0.931570762052877,0.880434782608696,0,0,0.971563981042654,0.933333333333333,0.0443037974683544,0.9703125,0.976452119309262,0.388379204892966,0.923444976076555,0.72626582278481,0.888036809815951,0,0.94811320754717,0.347962382445141,0.968503937007874,0.968652037617555,0,0.662420382165605,0.965023847376789,0.0363924050632911,0.699367088607595,0.398148148148148,0.804185351270553,0.72107765451664,0.933434190620272,0.115501519756839,0.963022508038585,0.968798751950078,0.975,0.325242718446602,0.128682170542636,0.975270479134467,0.968992248062015,0.00614439324116743,0.792682926829268,0.474962063732929,0.278637770897833,0.792248062015504,0.96417445482866,0.867716535433071,0.97045101088647,0.137345679012346,0.0310457516339869,0,0.836734693877551,0.0344827586206897,0.0332805071315372,0.291731669266771,0,0.973354231974922,0.930232558139535,0.9671875,0.974006116207951,0.121642969984202,0.0342146189735614,0,0,0.194888178913738,0.0995184590690209,0.183835182250396,0,0.0308166409861325,0.960753532182104,0.0261941448382126,0.319554848966614,0.963607594936709,0.601851851851852,0.948356807511737,0.691950464396285,0.651376146788991,0,0.967359050445104,0.415094339622642,0.513888888888889,0.92156862745098,0.978658536585366,0.402496099843994,0.00914634146341463,0.954898911353033,0.953703703703704,0,0.951515151515152,0.0479876160990712,0.964052287581699,0.450617283950617,0,0.00934579439252336,0.536585365853659,0.852848101265823,0.0359937402190923,0.1669341894061,0.0109375,0.00163398692810458,0.764179104477612,0.0483870967741935,0.968595041322314,0.342465753424658,0.970992366412214,0.0320610687022901,0.405572755417957,0.355095541401274,0.873801916932907,0.125198098256735,0.035548686244204,0.00310077519379845,0.0700636942675159,0,0.966514459665145,0.0694668820678514,0.978787878787879,0.0345911949685535,0.966183574879227,0,0.548780487804878,0.499210110584518,0.968798751950078,0,0.970814132104455,0,0.405705229793978,0.967592592592593,0,0.661490683229814,0.960876369327074,0.765990639625585,0.953968253968254,0.0605590062111801,0,0.967136150234742,0.281150159744409,0,0.7109375,0.0287009063444109,0.0400616332819723,0.965742251223491,0.976525821596244,0.969183359013868,0.951181102362205,0.963317384370016,0,0.955905511811024,0.0216383307573416,0.36687306501548,0.303738317757009,0.970358814352574,0.971563981042654,0.960244648318043,0.958715596330275,0.0511627906976744,0.0476190476190476,0.972222222222222,0.961360123647604,0.73353751914242,0.956656346749226,0.967642526964561,0.97542242703533,0,0,0.954887218045113,0,0.0993788819875776,0,0.954545454545455,0.285251215559157,0.245528455284553,0.144654088050314,0.915756630265211,0,0.135176651305684,0.970266040688576,0.9734375,0.654458598726115,0.436746987951807,0.237037037037037,0.195121951219512,0.677830940988836,0.0279937791601866,0.140845070422535,0.558461538461538,0.288611544461778,0.717391304347826,0.0347003154574132,0,0.0302547770700637,0.335974643423138,0.963375796178344,0.64031007751938,0.246575342465753,0.640062597809077,0.885093167701863,0.958333333333333,0.961722488038278,0.965785381026439,0.9712,0.968454258675079,0.560250391236307,0.442006269592476,0.967136150234742,0.0321100917431193,0.0439393939393939,0.891338582677165,0.0108527131782946,0.967889908256881,0.944099378881988,0,0.142172523961661,0,0.982649842271293,0,0.95968992248062,0.970172684458399,0.0338461538461538,0.838915470494418,0.967692307692308,0.6544,0.634108527131783,0.876947040498442,0,0,0.93192868719611,0.939078751857355,0.97984496124031,0,0,0.0318471337579618,0.263636363636364,0.523510971786834,0,0.458786936236392,0,0.925278219395866,0.964912280701754,0.184419713831479,0.26502311248074,0,0.355095541401274,0.598765432098765,0.851097178683386,0.963246554364472,0.781395348837209,0.0308641975308642,0.987281399046105,0.0158478605388273,0.969453376205788,0,0.968085106382979,0.00783699059561128,0.969404186795491,0.0423197492163009,0.0361067503924647,0,0,0.84447900466563,0.911433172302738,0.934049079754601,0.711246200607903,0.0546282245827011,0.0395569620253165,0.84399375975039,0.838660578386606,0,0.0412698412698413,0.948194662480377,0,0.950871632329635,0.955108359133127,0.095679012345679,0.0421875,0.0324074074074074,0.966309341500766,0.466248037676609,0.108490566037736,0.132471728594507,0.140888208269525,0.720893141945773,0.129969418960245,0.971698113207547,0,0.777429467084639,0.955792682926829,0.00475435816164818,0,0.033033033033033,0,0.0329153605015674,0.970814132104455,0.722675367047308,0.0352564102564103,0.0349761526232114,0.559241706161137,0.950479233226837,0.455974842767296,0.0540123456790123,0.0323624595469256,0.0597738287560582,0.0185758513931889,0,0.0626959247648903,0.0347432024169184,0.031496062992126,0.0430769230769231,0.0274390243902439,0.0513219284603421,0.0589147286821705,0.0455974842767296,0.0204724409448819,0.00642054574638844,0.0263157894736842,0.024390243902439,0.0608424336973479,0.0407523510971787,0.0217729393468118,0.0288461538461538,0.0375586854460094,0.0448,0.0374414976599064,0.0260336906584992,0.0357698289269051,0.0638629283489097,0.0305810397553517,0.0328638497652582
"326",0.690322580645161,0.689984101748808,0.70404984423676,0.707920792079208,0.680395387149918,0.703826955074875,0.734726688102894,0.701587301587302,0.69375,0,0.698234349919743,0,0.648264984227129,0.692307692307692,0.354943273905997,0.327974276527331,0,0.00978792822185971,0.669902912621359,0.712680577849117,0.463836477987421,0.336092715231788,0.681962025316456,0,0.712480252764613,0.479674796747967,0.406349206349206,0.67816091954023,0.791139240506329,0.654895666131621,0.312893081761006,0.730769230769231,0.818032786885246,0.509584664536741,0,0.696774193548387,0.0155038759689922,0.695721077654517,0.527777777777778,0.737756714060032,0,0.00947867298578199,0.00156494522691706,0.695723684210526,0.697712418300654,0.334426229508197,0.641479099678457,0.313311688311688,0.610675039246468,0.451713395638629,0,0.710191082802548,0.529032258064516,0.689984101748808,0.702093397745572,0.444625407166124,0,0.686274509803922,0.679936305732484,0.745571658615137,0.509554140127389,0.769352290679305,0.314424635332253,0,0.808130081300813,0.841194968553459,0,0.686178861788618,0,0.300324675324675,0.695652173913043,0.3088,0.314424635332253,0.702194357366771,0,0.84375,0.365625,0.778309409888357,0.736497545008183,0.490598290598291,0,0.735015772870662,0.487301587301587,0.676703645007924,0.423622047244094,0.725705329153605,0.685303514376997,0.711111111111111,0.684044233807267,0,0.688291139240506,0.685393258426966,0,0,0.692058346839546,0,0.570063694267516,0.699842022116904,0.00159489633173844,0.00323624595469256,0.6944,0,0.546178343949045,0.694888178913738,0.414330218068536,0.692058346839546,0.00161030595813205,0.710191082802548,0.311183144246353,0.3042071197411,0.312302839116719,0.718954248366013,0.506329113924051,0.688575899843505,0,0.699523052464229,0.738095238095238,0,0.316455696202532,0.515248796147673,0,0.807383627608347,0.544303797468354,0.371150729335494,0.695374800637959,0.456,0.693270735524257,0.685897435897436,0,0.684294871794872,0.706730769230769,0.690048939641109,0.681818181818182,0,0.685154975530179,0.309148264984227,0,0.522508038585209,0.6656,0.684474123539232,0,0,0.697115384615385,1,0.475409836065574,0.678048780487805,0.307448494453249,0.708064516129032,0.559157212317666,0.703416149068323,0.449752883031302,0.705314009661836,0.683006535947712,0.706814580031696,0.683544303797468,0.294788273615635,0.693290734824281,0.314606741573034,0,0.897520661157025,0.7203125,0.714060031595577,0.320754716981132,0,0.694620253164557,0.61038961038961,0.700499168053245,0.692675159235669,0.68312101910828,0.492979719188768,0.688995215311005,0.327476038338658,0.70906200317965,0.309597523219814,0.71078431372549,0.568075117370892,0,0.692551505546751,0,0.730769230769231,0.704944178628389,0.427184466019417,0.703703703703704,0.723642172523962,0.697530864197531,0.7168,0.397415185783522,0.532182103610675,0.706451612903226,0.707717569786535,0.362760834670947,0.3072,0.688709677419355,0.712460063897764,0,0,0.581699346405229,0,0.691222570532915,0.482539682539683,0.709415584415584,0.731746031746032,0.694136291600634,0.668284789644013,0.669826224328594,0.574013157894737,0.6816,0.692926045016077,0.722397476340694,0,0.715434083601286,0.478547854785479,0.705977382875606,0.308064516129032,0.371875,0.695024077046549,0.688498402555911,0.698907956318253,0.770833333333333,0.691943127962085,0.812400635930048,0,0.3744,1,0.701782820097245,0,0.692926045016077,0.705701078582434,0.691943127962085,0.586370839936609,0.690095846645367,0.677049180327869,0.597774244833068,0,0.721259842519685,0.666666666666667,0.705592105263158,0.296825396825397,0.696875,0.68780487804878,0.687096774193548,0.738709677419355,0.612244897959184,0.325806451612903,0.704,0.654574132492114,0.311145510835913,0.298904538341158,0.410048622366288,0.299342105263158,0.458265139116203,0.7046875,0.307936507936508,0.305863708399366,0.322115384615385,0.7046875,0.331136738056013,0.713826366559486,0.00162074554294976,0.307324840764331,0,0.518092105263158,0.706953642384106,0.705696202531646,0.708333333333333,0,0.71004942339374,0.794392523364486,0.720064724919094,0.701923076923077,0.601910828025478,0.669354838709677,0.00158730158730159,0.67205169628433,0.40282131661442,0.723154362416107,0.726973684210526,0.319182389937107,0.681458003169572,0.309409888357257,0.402208201892744,0.696400625978091,0.691029900332226,0.709415584415584,0,0.733542319749216,0.724919093851133,0,0.297339593114241,0.702660406885759,0.700980392156863,0,0.310289389067524,0.307936507936508,0.696869851729819,0.743882544861338,0.308072487644152,0,0.606687898089172,0.701444622792937,0.757142857142857,0.532591414944356,0.684124386252046,0.683962264150943,0.301282051282051,0.685126582278481,0.674085850556439,0.32137030995106,0.698083067092652,0.695652173913043,0.71169686985173,0.703403565640194,0.457326892109501,0.547049441786284,0.5648,0.694942903752039,0.704013377926421,0.03486529318542,0.535830618892508,0.720190779014308,0.434504792332268,0.580152671755725,0.703349282296651,0.703883495145631,0.720634920634921,1,0.68125,0.52411575562701,0.708782742681048,0.679802955665025,0,0.554502369668246,0.648514851485149,0.312297734627832,0.0409448818897638,0.312989045383412,0.712025316455696,0.332278481012658,0.307324840764331,0,0.503949447077409,0.691693290734824,0.384126984126984,0.712854757929883,0.709208400646204,0.695934959349593,0.588330632090762,0.577114427860697,0.822683706070288,0.554438860971524,0,0.814873417721519,0.306122448979592,0.323390894819466,0.484177215189873,0.696369636963696,0.321543408360129,0,0.577952755905512,0.306349206349206,0.336025848142165,0.594202898550725,0.684887459807074,0.488673139158576,0.685430463576159,0.728455284552846,0,0.704968944099379,0.282988871224165,0.692667706708268,0.805111821086262,0.703583061889251,0.327974276527331,0.720379146919431,0.301109350237718,0.740858505564388,0.729200652528548,0.729299363057325,0.701421800947867,0.686804451510334,0.56682769726248,0.7184,0.675118858954041,0.322530864197531,0.320574162679426,0.686178861788618,0.689763779527559,0.514376996805112,0.746835443037975,0.704507512520868,0.707006369426752,0.699367088607595,0,0.385245901639344,0.709728867623604,0.315286624203822,0,0.721153846153846,0.0016366612111293,0.34584013050571,0.693396226415094,0.692926045016077,0,0.698872785829308,0.588617886178862,0.70935960591133,0.321428571428571,0.69344262295082,0.685154975530179,0.701130856219709,0.692789968652038,0.744444444444444,0,0.454106280193237,0.701754385964912,0.692926045016077,0.592891760904685,0.70364500792393,0.688888888888889,0.335483870967742,0,0.703174603174603,0.697784810126582,0.7104,0.809375,0.313213703099511,0.7184,0.490536277602524,0.461409395973154,0.00157232704402516,0.866449511400652,0.687203791469194,0.692185007974482,0,0.502463054187192,0.725239616613419,0.81658692185008,0.634796238244514,0.373065015479876,0,0,0.685099846390169,0.704510108864697,0,0.703703703703704,0.00163934426229508,0,0,0.693053311793215,0,0.69205298013245,0.718849840255591,0.686915887850467,0.684044233807267,0,0,0.698234349919743,0.7171875,0.899521531100478,0.31875,0,0.703470031545741,0.694968553459119,0.688498402555911,0.627906976744186,0.508856682769726,0,0.689274447949527,0.317512274959083,0.726094003241491,0.37459807073955,0,0.316614420062696,0.43015873015873,0.62046204620462,0.693037974683544,0,0.710526315789474,0.698738170347003,0.681458003169572,0,0.374183006535948,0.727731092436975,0.31438127090301,0.684952978056426,0.691455696202532,0.324921135646688,0.685805422647528,0.584142394822006,0.704654895666132,0.326923076923077,0.460655737704918,0.715434083601286,0,0.312,0.695721077654517,0.309951060358891,0.840460526315789,0.568881685575365,0,0.394321766561514,0.735725938009788,0.560629921259843,0.702875399361022,0.305331179321486,0.433753943217666,0.691919191919192,0.709984152139461,0.729264475743349,0.726978998384491,0.845901639344262,0,0.707620528771384,0.31637519872814,0.715909090909091,0.614238410596026,0.304012345679012,0.694968553459119,0.695934959349593,0.683441558441558,0.666129032258065,0.696141479099678,0.429037520391517,0.488745980707395,0.693548387096774,0.719242902208202,0,0,0.690048939641109,0.686274509803922,0.324013157894737,0.699029126213592,0.693418940609952,0.619967793880837,0.707865168539326,0.735294117647059,0.699059561128527,0,0.690553745928339,0.581320450885668,0.70096463022508,0.688816855753647,0,0.880131362889984,0.704248366013072,0.323296354992076,0.794212218649518,0.5456,0.822358346094946,0.715890850722311,0.714285714285714,0.383045525902669,0.698205546492659,0.689655172413793,0.698890649762282,0.558677685950413,0.378594249201278,0.687697160883281,0.696062992125984,0,0.937402190923318,0.652665589660743,0.479495268138801,0.728434504792332,0.6816,0.707865168539326,0.687106918238994,0.13946117274168,0.302013422818792,0,0.767515923566879,0.305958132045089,0.307073954983923,0.490291262135922,0,0.710862619808307,0.721958925750395,0.686900958466454,0.688087774294671,0.3952,0.305958132045089,0,0,0.469721767594108,0.390599675850891,0.427642276422764,0,0.304140127388535,0.67304625199362,0.141935483870968,0.570032573289902,0.693311582381729,0.696141479099678,0.726384364820847,0.709320695102686,0.692551505546751,0,0.69558599695586,0.622977346278317,0.6848,0.71608832807571,0.691588785046729,0.585987261146497,0,0.70096463022508,0.718068535825545,0,0.698289269051322,0.310344827586207,0.703947368421053,0.65511811023622,0,0,0.716917922948074,0.754071661237785,0.313971742543171,0.415857605177994,0.00158982511923688,0,0.666666666666667,0.323529411764706,0.69485903814262,0.520249221183801,0.686900958466454,0.290220820189274,0.551342812006319,0.528363047001621,0.728013029315961,0.394039735099338,0.310618066561014,0,0.334426229508197,0,0.682888540031397,0.295379537953795,0.695652173913043,0.309677419354839,0.693811074918567,0,0.624610591900312,0.777059773828756,0.68312101910828,0,0.694227769110764,0,0.555,0.7,0,0.710900473933649,0.695161290322581,0.69551282051282,0.721393034825871,0.334928229665072,0,0.698083067092652,0.477346278317152,0,0.734920634920635,0.306501547987616,0.324367088607595,0.68780487804878,0.697712418300654,0.678018575851393,0.682692307692308,0.682410423452769,0,0.710355987055016,0.00625,0.59170653907496,0.494417862838915,0.688498402555911,0.694174757281553,0.697784810126582,0.710443037974684,0.0637958532695375,0.32,0.70216306156406,0.7,0.865414710485133,0.696485623003195,0.693037974683544,0.7140625,0,0,0.703363914373089,0,0.360062893081761,0,0.7056,0.471169686985173,0.480327868852459,0.421303656597774,0.727272727272727,0.00158227848101266,0.392063492063492,0.6768,0.691943127962085,0.670947030497592,0.657450076804916,0.494672754946728,0.434645669291339,0.673701298701299,0.298412698412698,0.4192,0.68370607028754,0.546191247974068,0.866141732283465,0.304975922953451,0,0.28665568369028,0.574918566775244,0.689034369885434,0.658307210031348,0.510172143974961,0.840764331210191,0.720634920634921,0.680555555555556,0.72636815920398,0.700325732899023,0.696428571428571,0.695161290322581,0.636075949367089,0.575079872204473,0.694753577106518,0.32348367029549,0.304482225656878,0.740740740740741,0.0015600624024961,0.6890625,0.702093397745572,0,0.43163097199341,0,0.7,0,0.716346153846154,0.688995215311005,0.311216429699842,0.69951534733441,0.678913738019169,0.720853858784893,0.688679245283019,0.701298701298701,0,0,0.733333333333333,0.709230769230769,0.6896,0,0,0.304276315789474,0.503961965134707,0.695238095238095,0,0.593301435406699,0,0.695299837925446,0.695934959349593,0.417886178861789,0.506309148264984,0,0.540983606557377,0.650485436893204,0.744038155802862,0.7046875,0.727564102564103,0.314696485623003,0.699507389162562,0.0492063492063492,0.699346405228758,0,0.688575899843505,0.00159489633173844,0.673841059602649,0.336553945249597,0.20655737704918,0,0,0.752380952380952,0.745901639344262,0.708006279434851,0.738654147104851,0.331761006289308,0.304560260586319,0.690590111642743,0.652448657187994,0,0.330065359477124,0.727126805778491,0,0.695222405271829,0.703001579778831,0.368589743589744,0.0318979266347687,0.30016051364366,0.6765625,0.560260586319218,0.37037037037037,0.398692810457516,0.390127388535032,0.883870967741936,0.39937106918239,0.690322580645161,0,0.893030794165316,0.707165109034268,0.0016260162601626,0,0.317829457364341,0,0.32512315270936,0.678913738019169,0.702439024390244,0.308943089430894,0.31219512195122,0.7,0.694041867954911,0.772151898734177,0.0390625,0.301482701812191,0.0580645161290323,0.0207667731629393,0,0.278955954323002,0.312597200622084,0.302287581699346,0.322683706070288,0.289763779527559,0.0304487179487179,0.0423197492163009,0.31974921630094,0.0206677265500795,0.00651465798045603,0.0417335473515249,0.0221870047543582,0.0448,0.3296,0.0255591054313099,0.305882352941176,0.318910256410256,0.0355987055016181,0.309148264984227,0.0474683544303797,0.320695102685624,0.328548644338118,0.315132605304212,0.313291139240506
"327",0.993759750390016,0.998454404945904,0.966717095310136,0.941176470588235,0.981012658227848,0.998425196850394,0.890282131661442,0.968944099378882,0.998484848484849,0,0.998463901689708,0,0.552795031055901,0.996860282574568,0.0382262996941896,0.0120663650075415,0,0.0168195718654434,0.995290423861852,0.978658536585366,0.150769230769231,0.0283464566929134,0.986404833836858,0,0.95398773006135,0.245723172628305,0.106870229007634,0.985691573926868,0.456845238095238,0.671274961597542,0.00303030303030303,0.680981595092024,0.767660910518053,0.286363636363636,0,0.996941896024465,0.018018018018018,0.992447129909366,0.242647058823529,0.911719939117199,0.00156494522691706,0.0182648401826484,0.00757575757575758,0.998447204968944,0.767295597484277,0.0200617283950617,0.49768875192604,0.00307219662058372,0.461309523809524,0.126315789473684,0,0.990740740740741,0.261001517450683,0.996932515337423,0.88062015503876,0.150234741784038,0,0.977029096477795,0.956127080181543,0.893129770992366,0.288990825688073,0.424657534246575,0.00307692307692308,0,0.899843505477308,0.82701062215478,0,0.984662576687117,0,0.00311526479750779,0.851796407185629,0.00597907324364723,0.024390243902439,0.996978851963746,0,0.712990936555891,0.0437405731523379,0.578549848942598,0.882170542635659,0.239413680781759,0,0.687116564417178,0.185907046476762,0.995433789954338,0.107858243451464,0.902548725637181,0.993893129770992,0.963358778625954,0.965256797583082,0.0119940029985007,0.98297213622291,0.996955859969559,0,0,0.9734375,0,0.28978978978979,0.978560490045942,0.00914634146341463,0.010752688172043,0.611801242236025,0,0.268633540372671,0.996899224806202,0.100151745068285,0.996845425867508,0.0108695652173913,0.975609756097561,0.00309597523219814,0.0122887864823349,0.00921658986175115,0.904615384615385,0.309707241910632,0.990668740279938,0,0.984756097560976,0.696646341463415,0,0.00303951367781155,0.228527607361963,0,0.761538461538461,0.234303215926493,0.0842607313195548,0.969135802469136,0.137614678899083,0.995475113122172,0.995447647951442,0,0.534456355283308,0.930448222565688,0.4921875,0.992076069730586,0,0.993769470404984,0.024024024024024,0,0.191588785046729,0.609907120743034,0.499219968798752,0,0,0.973561430793157,0.744648318042814,0.150078988941548,0.996923076923077,0.00612557427258806,0.919575113808801,0.400309119010819,0.978723404255319,0.12202852614897,0.981566820276498,0.996889580093313,0.842900302114804,0.992307692307692,0.00158227848101266,0.996946564885496,0.00304878048780488,0,0.737833594976452,0.864457831325301,0.978560490045942,0.0181543116490166,0,0.998484848484849,0.449367088607595,0.9968,1,0.996923076923077,0.284638554216867,0.973846153846154,0.00154798761609907,0.946188340807175,0.00149253731343284,0.884914463452566,0.361280487804878,0,0.983128834355828,0,0.848254931714719,0.998470948012232,0.114779874213836,0.978260869565217,0.946564885496183,0.989675516224189,0.976011994002999,0.0838414634146342,0.359939759036145,0.916403785488959,0.940902021772939,0.0518292682926829,0.00305343511450382,0.978395061728395,0.854938271604938,0,0,0.282371294851794,0.00153846153846154,0.996955859969559,0.226100151745068,0.875981161695447,0.751515151515151,0.988041853512706,0.411214953271028,0.4375,0.28436018957346,0.919753086419753,0.963020030816641,0.871951219512195,0,0.867692307692308,0.162974683544304,0.932707355242567,0.00309119010819165,0.057315233785822,0.52824427480916,0.975572519083969,0.975903614457831,0.821374045801527,0.995384615384615,0.894736842105263,0,0.0565749235474006,0.648648648648649,0.992163009404389,0,0.987933634992459,0.979351032448378,0.545038167938931,0.532407407407407,0.989164086687306,0.998425196850394,0.35062893081761,0,0.887022900763359,0.513719512195122,0.965732087227414,0.00151057401812689,0.948948948948949,0.995297805642633,0.996960486322188,0.958139534883721,0.520547945205479,0.00311526479750779,0.964777947932619,0.522658610271903,0.0045045045045045,0.0029673590504451,0.192846034214619,0.00306748466257669,0.140405616224649,0.654490106544901,0.00307692307692308,0.00610687022900763,0.00916030534351145,0.570359281437126,0.0416024653312789,0.980122324159021,0.0122137404580153,0.00153609831029186,0,0.217527386541471,0.996899224806202,0.975116640746501,0.895865237366003,0,0.866454689984102,0.851739788199697,0.671826625386997,0.582952815829528,0.43778801843318,0.463452566096423,0.0122137404580153,0.996850393700787,0.0796324655436447,0.693037974683544,0.956589147286822,0.0135746606334842,0.730354391371341,0.00460829493087558,0.102134146341463,0.99702380952381,0.996789727126806,0.887345679012346,0,0.634441087613293,0.88062015503876,0,0.00303030303030303,0.89237668161435,0.978294573643411,0,0.00307219662058372,0.0030441400304414,0.975039001560062,0.875389408099688,0.00313479623824451,0,0.363358778625954,0.987596899224806,0.774539877300613,0.367534456355283,0.642967542503864,0.962349397590361,0.0106382978723404,1,0.996955859969559,0.0077639751552795,0.96,0.996918335901387,0.972006220839813,0.995426829268293,0.172256097560976,0.308755760368664,0.268633540372671,0.97191887675507,0.9375,0.0431432973805855,0.255742725880551,0.972136222910217,0.144596651445967,0.302670623145401,0.990881458966565,0.996913580246914,0.962616822429907,0.68125,1,0.238993710691824,0.959459459459459,0.993769470404984,0,0.320726172465961,0.529503105590062,0.0213414634146341,0.0496240601503759,0.00910470409711684,0.901515151515151,0.024390243902439,0.0015220700152207,0,0.210287443267776,0.990639625585023,0.0660522273425499,0.980982567353407,0.963020030816641,0.984662576687117,0.2703125,0.274447949526814,0.671296296296296,0.430176565008026,0,0.823076923076923,0.0136157337367625,0.039039039039039,0.180152671755725,0.996850393700787,0.0045662100456621,0,0.32824427480916,0.0121028744326778,0.0216049382716049,0.452713178294574,1,0.256651017214397,0.998384491114701,0.969230769230769,0,0.98978102189781,0.00151057401812689,0.996978851963746,0.830275229357798,0.998417721518987,0.0123839009287926,0.979166666666667,0.00309597523219814,0.888719512195122,0.691823899371069,0.944700460829493,0.984984984984985,0.99537037037037,0.285493827160494,0.963358778625954,0.996983408748115,0.00302571860816944,0.0258358662613982,0.998435054773083,0.998475609756098,0.300153139356815,0.890577507598784,0.965463108320251,0.947209653092006,0.996960486322188,0,0.110062893081761,0.996941896024465,0.00310077519379845,0,0.962790697674419,0.0125984251968504,0.040625,0.996965098634294,0.967592592592593,0.00464396284829721,0.62095531587057,0.40809968847352,0.978227060653188,0.0047244094488189,0.865834633385335,0.993730407523511,0.367441860465116,0.586989409984871,0.771028037383178,0,0.141975308641975,0.973724884080371,0.996904024767802,0.434715821812596,0.998466257668712,0.965460526315789,0.0323076923076923,0,0.980332829046899,0.990867579908676,0.949308755760369,0.683257918552036,0.00615384615384615,0.85981308411215,0.231354642313546,0.170731707317073,0.00763358778625954,0.602167182662539,0.593354430379747,0.590704647676162,0,0.259375,0.899691358024691,0.632218844984802,0.509063444108761,0.0813609467455621,0,0,0.998522895125554,0.97428139183056,0,0.916158536585366,0.0109034267912773,0,0,0.996955859969559,0,0.996865203761755,0.759259259259259,0.506746626686657,0.996992481203008,0,0,0.989214175654854,0.962235649546828,0.709531013615734,0.0015220700152207,0.00315955766192733,0.874062968515742,0.580398162327718,0.998442367601246,0.524962178517398,0.322981366459627,0,0.980392156862745,0.00316455696202532,0.951713395638629,0.0829493087557604,0,0.00900900900900901,0.108359133126935,0.485576923076923,0.96793893129771,0,0.946026986506747,0.972685887708649,0.998468606431853,0,0.0648148148148148,0.933977455716586,0.00631911532385466,0.997005988023952,0.996965098634294,0.00918836140888208,0.998466257668712,0.285714285714286,0.799093655589124,0.0108695652173913,0.157566302652106,0.955589586523737,0.0108864696734059,0.00153139356814701,0.971036585365854,0.0110584518167457,0.647779479326187,0.388036809815951,0,0.10260336906585,0.724191063174114,0.238601823708207,0.969512195121951,0.00309597523219814,0.137462235649547,0.457326892109501,0.938530734632684,0.881458966565349,0.965891472868217,0.7375,0,0.981818181818182,0.00306748466257669,0.963246554364472,0.375,0.00150602409638554,0.998468606431853,0.998449612403101,0.998454404945904,0.619266055045872,0.981510015408321,0.115805946791862,0.173981191222571,0.942989214175655,0.879256965944272,0,0,0.990506329113924,0.929936305732484,0.0125786163522013,0.9796875,0.987616099071207,0.352220520673813,0.924409448818898,0.717425431711146,0.879204892966361,0,0.967441860465116,0.330757341576507,0.998463901689708,0.995447647951442,0,0.62962962962963,0.972265023112481,0.00154798761609907,0.665644171779141,0.350850077279753,0.791976225854383,0.671317829457364,0.958271236959762,0.0746268656716418,0.976635514018692,0.996937212863706,0.980213089802131,0.287066246056782,0.0902140672782875,0.987692307692308,0.997010463378176,0.00911854103343465,0.774096385542169,0.448484848484848,0.239329268292683,0.75,0.998470948012232,0.875786163522013,0.998475609756098,0.123076923076923,0.00322061191626409,0,0.812307692307692,0.00463678516228748,0.00306748466257669,0.246987951807229,0,0.984662576687117,0.908950617283951,0.996946564885496,0.990895295902883,0.0775193798449612,0.00155038759689922,0,0,0.158805031446541,0.0830769230769231,0.143962848297214,0,0.00303490136570561,0.998475609756098,0.0091324200913242,0.2782874617737,0.996879875195008,0.585106382978723,0.973058637083994,0.639393939393939,0.626888217522659,0,0.998520710059172,0.365891472868217,0.481424148606811,0.908545727136432,0.984871406959153,0.387096774193548,0.0107033639143731,0.947449768160742,0.951515151515152,0,0.964179104477612,0.0169753086419753,0.980891719745223,0.436251920122888,0,0.00918836140888208,0.491961414790997,0.828438948995363,0.00307219662058372,0.122448979591837,0.0121951219512195,0.00159235668789809,0.739259259259259,0.0247678018575851,0.996747967479675,0.296969696969697,0.989441930618401,0.00151057401812689,0.370030581039755,0.307453416149068,0.862714508580343,0.088785046728972,0.00606060606060606,0.00308641975308642,0.0394944707740916,0,0.992537313432836,0.0382165605095541,0.979041916167665,0.00768049155145929,0.998439937597504,0,0.493939393939394,0.457547169811321,0.998466257668712,0,0.996974281391831,0,0.369255150554675,0.986363636363636,0,0.647951441578149,0.978395061728395,0.724299065420561,0.94770206022187,0.033033033033033,0,0.996946564885496,0.254317111459969,0,0.676335877862595,0.00294117647058824,0.0152439024390244,0.996870109546166,0.996889580093313,0.989489489489489,0.966616084977238,0.978260869565217,0,0.972768532526475,0.0240601503759399,0.340393343419062,0.261467889908257,0.989296636085627,0.990769230769231,0.991097922848665,0.98937784522003,0.0581929555895865,0.0135542168674699,0.980645161290323,0.956060606060606,0.716867469879518,0.97869101978691,0.996941896024465,0.969278033794163,0,0,0.982035928143713,0,0.057315233785822,0,0.954614220877458,0.255451713395639,0.195924764890282,0.115151515151515,0.917829457364341,0,0.0888208269525268,0.998461538461539,0.996946564885496,0.610169491525424,0.391111111111111,0.195301027900147,0.157503714710253,0.628125,0.00301659125188537,0.115789473684211,0.52833078101072,0.250381679389313,0.696923076923077,0.0121951219512195,0,0.0031104199066874,0.3078125,0.998402555910543,0.601526717557252,0.2143906020558,0.614329268292683,0.872919818456883,0.98962962962963,0.95583596214511,0.976303317535545,0.998439937597504,0.996879875195008,0.545454545454545,0.409160305343511,0.995398773006135,0.00596125186289121,0.00749625187406297,0.86676875957121,0.0120481927710843,0.997014925373134,0.96793893129771,0,0.0985915492957746,0,0.942989214175655,0,0.97289156626506,0.996913580246914,0.00599700149925037,0.832565284178187,1,0.646322378716745,0.603053435114504,0.87402799377916,0,0,0.927652733118971,0.939169139465875,0.986342943854325,0,0,0.00156985871271586,0.227963525835866,0.505295007564297,0,0.444272445820433,0,0.918622848200313,0.996870109546166,0.145962732919255,0.217065868263473,0,0.318611987381703,0.588050314465409,0.876524390243902,0.964338781575037,0.763803680981595,0.00306278713629403,0.984177215189873,0.0138461538461538,0.998412698412698,0,0.980480480480481,0.00924499229583975,0.998442367601246,0.018348623853211,0.0109546165884194,0,0,0.817091454272864,0.930708661417323,0.933634992458522,0.718608169440242,0.0224550898203593,0.00623052959501558,0.824159021406728,0.82934131736527,0,0.0107858243451464,0.9640625,0,0.9828125,0.951293759512938,0.0629800307219662,0.0348484848484849,0.00611620795107034,0.998482549317147,0.445482866043614,0.0670731707317073,0.088785046728972,0.0961832061068702,0.682965299684543,0.0918674698795181,0.996904024767802,0,0.759375,0.983508245877061,0.00463678516228748,0,0.00294985250737463,0,0.00306278713629403,0.998449612403101,0.709984152139461,0.0031496062992126,0.00311526479750779,0.5375,0.955521472392638,0.429007633587786,0.0487062404870624,0.00474683544303797,0.0517241379310345,0.0214395099540582,0,0.03125,0.00753012048192771,0.0046875,0.0137825421133231,0.00150375939849624,0.0435458786936236,0.0519877675840979,0.0154798761609907,0.0213414634146341,0.00632911392405063,0.0263975155279503,0.0257186081694402,0.0544629349470499,0.00928792569659443,0.0213089802130898,0.00318471337579618,0.0061633281972265,0.040625,0.00770416024653313,0.0239520958083832,0.0030441400304414,0.0389408099688473,0.00297176820208024,0.0046875
"328",0.248803827751196,0.245669291338583,0.248037676609105,0.28130081300813,0.234146341463415,0.229885057471264,0.323809523809524,0.271860095389507,0.246511627906977,0,0.245585874799358,0,0.534700315457413,0.245980707395498,0.758241758241758,0.758241758241758,0,0.00643086816720257,0.252442996742671,0.272292993630573,0.734076433121019,0.791869918699187,0.261075949367089,0,0.289763779527559,0.6752,0.7376,0.256117455138662,0.647058823529412,0.471428571428571,0.754330708661417,0.489698890649762,0.442857142857143,0.717011128775835,0,0.245222929936306,0.0109034267912773,0.239811912225705,0.702290076335878,0.338557993730408,0,0.0046656298600311,0,0.25,0.418032786885246,0.793214862681745,0.557165861513688,0.764612954186414,0.62596599690881,0.768273716951788,0,0.259259259259259,0.697933227344992,0.248376623376623,0.310897435897436,0.779220779220779,0,0.277777777777778,0.258320126782884,0.324492979719189,0.710031347962382,0.665064102564103,0.751219512195122,0,0.35632183908046,0.41471048513302,0,0.263578274760383,0,0.758842443729904,0.352755905511811,0.764521193092622,0.764044943820225,0.234930448222566,0,0.497667185069984,0.746031746031746,0.588607594936709,0.330618892508143,0.705685618729097,0,0.477308294209703,0.70404984423676,0.249216300940439,0.769968051118211,0.31911532385466,0.238473767885533,0.2828125,0.273155416012559,0.0015625,0.246774193548387,0.234276729559748,0,0,0.269918699186992,0,0.661927330173776,0.2496,0,0,0.50788643533123,0,0.687797147385103,0.245980707395498,0.740740740740741,0.248366013071895,0.0016,0.25434439178515,0.770967741935484,0.758842443729904,0.757763975155279,0.299050632911392,0.667197452229299,0.250393700787402,0,0.243285939968404,0.4704,0,0.7625,0.990536277602524,0,0.448657187993681,0.701754385964912,0.763843648208469,0.270142180094787,0.818759936406995,0.246130030959752,0.237717908082409,0,0.557632398753894,0.295238095238095,0.761437908496732,0.257648953301127,0,0.23240589198036,0.755007704160247,0,0.723747980613893,0.486486486486487,0.570962479608483,0,0,0.250401284109149,0.474193548387097,0.769105691056911,0.234076433121019,0.744479495268139,0.314194577352472,0.621970920840065,0.246153846153846,0.727868852459016,0.261980830670927,0.246353322528363,0.387459807073955,0.229166666666667,0.755663430420712,0.228571428571429,0.756369426751592,0,0.501602564102564,0.333850931677019,0.244444444444444,0.7546875,0,0.230171073094868,0.596463022508039,0.247172859450727,0.244865718799368,0.242472266244057,0.6796875,0.253565768621236,0.754385964912281,0.289719626168224,0.764252696456086,0.315112540192926,0.63166144200627,0,0.25511811023622,0,0.373397435897436,0.246835443037975,0.805422647527911,0.233704292527822,0.28006329113924,0.235474006116208,0.274725274725275,0.783653846153846,0.651090342679128,0.315024232633279,0.298245614035088,0.742857142857143,0.743710691823899,0.258842443729904,0.317610062893082,0,0,0.695581014729951,0,0.242703533026114,0.712732919254658,0.310789049919485,0.4328125,0.244479495268139,0.628205128205128,0.788401253918495,0.697115384615385,0.279552715654952,0.278135048231511,0.327639751552795,0,0.329153605015674,0.753670473083197,0.282051282051282,0.742857142857143,0.737730061349693,0.560250391236307,0.263157894736842,0.254237288135593,0.398744113029827,0.247619047619048,0.364649681528662,0,0.740625,0.548837209302326,0.244732576985413,0,0.23125,0.258566978193146,0.545741324921136,0.538819875776398,0.233974358974359,0.249589490968801,0.64573268921095,0,0.315132605304212,0.581320450885668,0.270181219110379,0.754330708661417,0.275541795665635,0.242424242424242,0.241379310344828,0.292604501607717,0.594339622641509,0.758508914100486,0.273162939297125,0.548183254344392,0.75195007800312,0.745709828393136,0.7232,0.770569620253165,0.738709677419355,0.479559748427673,0.763693270735524,0.781102362204724,0.759936406995231,0.534267912772586,0.750814332247557,0.260032102728732,0.0016025641025641,0.752773375594295,0,0.698234349919743,0.244299674267101,0.263910969793323,0.328593996840442,0,0.313114754098361,0.39937106918239,0.496815286624204,0.541666666666667,0.588516746411483,0.769726247987118,0.00157977883096367,0.242765273311897,0.717011128775835,0.481054365733114,0.261904761904762,0.753943217665615,0.443037974683544,0.756714060031596,0.740157480314961,0.23943661971831,0.243822075782537,0.316558441558442,0,0.516129032258065,0.297427652733119,0,0.751181102362205,0.312302839116719,0.247191011235955,0,0.778309409888357,0.756211180124224,0.254486133768352,0.341935483870968,0.766169154228856,0,0.621405750798722,0.261712439418417,0.398449612403101,0.651898734177215,0.506369426751592,0.2609375,0.751188589540412,0.241486068111455,0.229067930489731,0.766612641815235,0.267090620031797,0.244766505636071,0.263502454991817,0.247634069400631,0.827476038338658,0.683307332293292,0.695859872611465,0.2512,0.301127214170692,0.0143312101910828,0.998381877022654,0.248796147672552,0.733652312599681,0.922610015174507,0.248803827751196,0.23961661341853,0.264984227129338,0.52411575562701,0.238993710691824,1,0.267828843106181,0.239804241435563,0,0.669796557120501,0.534181240063593,0.754807692307692,0.0189873417721519,0.766153846153846,0.304278922345483,0.75,0.765354330708661,0,0.830427892234548,0.2416,0.775157232704403,0.259868421052632,0.270015698587127,0.245954692556634,0.699680511182109,0.689320388349515,0.5376,0.614617940199336,0,0.4,0.754303599374022,0.7484375,0.726698262243286,0.237315875613748,0.771428571428571,0,0.688995215311005,0.75,0.764895330112721,0.588141025641026,0.23961661341853,0.73462783171521,0.240983606557377,0.262738853503185,0,0.259090909090909,0.744945567651633,0.242990654205607,0.39589905362776,0.246329526916803,0.751582278481013,0.274294670846395,0.745627980922099,0.368,0.463768115942029,0.296998420221169,0.262658227848101,0.2368,0.691338582677165,0.289763779527559,0.227629513343799,0.761102603369066,0.777777777777778,0.240829346092504,0.244929797191888,0.701277955271565,0.353218210361067,0.28130081300813,0.292259083728278,0.242658423493045,0,0.74313408723748,0.244094488188976,0.753164556962025,0,0.256821829855538,0,0.778135048231511,0.237871674491393,0.250788643533123,0,0.510301109350238,0.603531300160514,0.257748776508972,0.769854132901134,0.345779220779221,0.232786885245902,0.664566929133858,0.533018867924528,0.406451612903226,0,0.725396825396825,0.260032102728732,0.254746835443038,0.584269662921348,0.24375,0.259259259259259,0.762360446570973,0,0.251572327044025,0.246006389776358,0.2816,0.519938650306748,0.756369426751592,0.332283464566929,0.682389937106918,0.690397350993378,0,0.575364667747164,0.563402889245586,0.522906793048973,0,0.691297208538588,0.319488817891374,0.561815336463224,0.578864353312303,0.744292237442922,0,0,0.226502311248074,0.273010920436817,0,0.294952681388013,0.00160513643659711,0,0,0.2528,0,0.261666666666667,0.393026941362916,0.555038759689922,0.225352112676056,0,0,0.239234449760766,0.286153846153846,0.5,0.755868544600939,0,0.316692667706708,0.526898734177215,0.238170347003155,0.541471048513302,0.665071770334928,0,0.250391236306729,0.760129659643436,0.279032258064516,0.768370607028754,0,0.749615975422427,0.768233387358185,0.683946488294314,0.261829652996845,0,0.28,0.24203821656051,0.243710691823899,0,0.783870967741935,0.290215588723051,0.753719008264463,0.248012718600954,0.24804992199688,0.754358161648177,0.237048665620094,0.687598116169545,0.37799043062201,0.75,0.727714748784441,0.279032258064516,0.0015748031496063,0.75516693163752,0.263650546021841,0.763458401305057,0.533442088091354,0.575320512820513,0,0.726006191950464,0.42156862745098,0.692913385826772,0.250793650793651,0.761526232114467,0.711388455538221,0.771381578947368,0.289230769230769,0.335413416536661,0.289348171701113,0.477759472817133,0,0.256651017214397,0.760802469135803,0.263823064770932,0.636363636363636,0.764341085271318,0.240188383045526,0.258842443729904,0.23968253968254,0.488076311605723,0.249206349206349,0.72,0.729335494327391,0.304897314375987,0.31924882629108,0,0,0.249602543720191,0.290529695024077,0.746317512274959,0.245098039215686,0.245641838351823,0.658730158730159,0.300813008130081,0.454248366013072,0.313084112149533,0,0.255627009646302,0.647909967845659,0.242990654205607,0.242375601926164,0,0.567567567567568,0.257281553398058,0.7584,0.504012841091493,0.669303797468354,0.434848484848485,0.479474548440066,0.290123456790123,0.722049689440994,0.248788368336026,0.246445497630332,0.259493670886076,0.679401993355482,0.7152,0.255485893416928,0.244131455399061,0,0.460691823899371,0.719047619047619,0.735759493670886,0.426100628930818,0.238473767885533,0.324367088607595,0.232227488151659,0.14064914992272,0.756978653530378,0,0.397435897435897,0.7376,0.757527733755943,0.719745222929936,0,0.2608,0.312693498452012,0.249221183800623,0.254317111459969,0.727126805778491,0.760450160771704,0,0,0.733333333333333,0.743548387096774,0.732484076433121,0,0.751181102362205,0.236220472440945,0.311728395061728,0.689710610932476,0.248397435897436,0.532283464566929,0.27591706539075,0.507020280811232,0.501552795031056,0,0.251908396946565,0.615136876006441,0.606851549755302,0.289269051321928,0.247278382581649,0.64622641509434,0,0.274881516587678,0.26791277258567,0,0.26875,0.748006379585327,0.25615763546798,0.767772511848341,0,0.00157232704402516,0.600660066006601,0.373608903020668,0.761006289308176,0.767366720516963,0.00159235668789809,0,0.429663608562691,0.768488745980707,0.230252100840336,0.688575899843505,0.250391236306729,0.757142857142857,0.676703645007924,0.643086816720257,0.331210191082803,0.780889621087315,0.754385964912281,0,0.752012882447665,0,0.255813953488372,0.612211221122112,0.241486068111455,0.764331210191083,0.235973597359736,0,0.562111801242236,0.636217948717949,0.227053140096618,0,0.246105919003115,0,0.646677471636953,0.250393700787402,0,0.492283950617284,0.259615384615385,0.419457735247209,0.289176090468498,0.76056338028169,0,0.235955056179775,0.796502384737679,0,0.490595611285266,0.750382848392037,0.756289308176101,0.25,0.223856209150327,0.261345852895149,0.26038338658147,0.256289308176101,0,0.254777070063694,0.00156494522691706,0.645962732919255,0.730645161290323,0.24375,0.251602564102564,0.253125,0.258620689655172,0.0296875,0.759554140127389,0.245928338762215,0.278301886792453,0.507836990595611,0.258620689655172,0.248826291079812,0.258970358814353,0,0,0.247295208655332,0,0.734472049689441,0.0016,0.268370607028754,0.720661157024793,0.690671031096563,0.7078125,0.32258064516129,0,0.752380952380952,0.23961661341853,0.248407643312102,0.503164556962025,0.648318042813456,0.740909090909091,0.7453125,0.480263157894737,0.773228346456693,0.748829953198128,0.557324840764331,1,0.525236593059937,0.74481658692185,0,0.737439222042139,0.651539708265802,0.248772504091653,0.460691823899371,0.706336939721793,0.576619273301738,0.323943661971831,0.224648985959438,0.282894736842105,0.253565768621236,0.244336569579288,0.246376811594203,0.571428571428571,0.62085308056872,0.252411575562701,0.764795144157815,0.751926040061633,0.353035143769968,0.00158227848101266,0.253499222395023,0.278301886792453,0,0.790322580645161,0,0.267628205128205,0,0.262479871175523,0.235015772870662,0.755070202808112,0.375594294770206,0.242088607594937,0.475649350649351,0.501543209876543,0.323248407643312,0,0,0.295379537953795,0.290123456790123,0.250388802488336,0,0,0.757328990228013,0.987635239567233,0.743307086614173,0,0.625592417061611,0,0.288461538461538,0.253246753246753,0.67948717948718,0.713615023474178,0,0.690437601296596,0.532154340836013,0.385220125786164,0.264566929133858,0.427001569858713,0.756369426751592,0.241830065359477,0.0779014308426073,0.238473767885533,0,0.257763975155279,0,0.244372990353698,0.771704180064309,0.467320261437909,0,0,0.384615384615385,0.315,0.279365079365079,0.532407407407407,0.740279937791602,0.750402576489533,0.376582278481013,0.349453978159126,0,0.767145135566188,0.2688,0,0.256410256410256,0.271450858034321,0.787974683544304,0.009375,0.768867924528302,0.229102167182663,0.587761674718196,0.740031897926635,0.72168284789644,0.769953051643192,0.507269789983845,0.783570300157978,0.237096774193548,0,0.488853503184713,0.262345679012346,0,0,0.760606060606061,0,0.755102040816326,0.244408945686901,0.494327390599676,0.745571658615137,0.7584,0.560777957860616,0.267828843106181,0.6765625,0.00930232558139535,0.752827140549273,0.0471544715447154,0.0111642743221691,0,0.617977528089888,0.749608763693271,0.751203852327448,0.755451713395639,0.762128325508607,0.0129032258064516,0.0109204368174727,0.743670886075949,0.00955414012738853,0.00323624595469256,0.0284810126582278,0.00943396226415094,0.0159489633173844,0.761526232114467,0.0158730158730159,0.768092105263158,0.744372990353698,0.00981996726677578,0.762658227848101,0.0447530864197531,0.756289308176101,0.723472668810289,0.756923076923077,0.754414125200642
"329",0.965023847376789,0.963358778625954,0.987596899224806,0.940532081377152,0.971653543307087,0.969889064976228,0.912636505460218,0.975232198142415,0.960122699386503,0,0.964341085271318,0,0.599071207430341,0.966666666666667,0.0773993808049536,0.0475460122699387,0,0.0138674884437596,0.960753532182104,0.950540958268934,0.196946564885496,0.0692913385826772,0.951788491446345,0,0.929230769230769,0.286384976525822,0.139280125195618,0.957142857142857,0.49923896499239,0.71097372488408,0.038109756097561,0.715170278637771,0.783570300157978,0.319018404907975,0,0.963549920760697,0.0197869101978691,0.960061443932412,0.284638554216867,0.885145482388974,0.00159235668789809,0.0153609831029186,0.00455927051671732,0.961844197138315,0.80952380952381,0.0590111642743222,0.5234375,0.0310077519379845,0.481818181818182,0.161290322580645,0,0.966666666666667,0.301538461538462,0.958795562599049,0.905956112852665,0.196232339089482,0,0.94006309148265,0.966412213740458,0.910741301059002,0.326153846153846,0.456488549618321,0.0341614906832298,0,0.875796178343949,0.833073322932917,0,0.95800933125972,0,0.0316455696202532,0.851162790697674,0.0432766615146832,0.0513219284603421,0.966309341500766,0,0.73071104387292,0.0805471124620061,0.606758832565284,0.9203125,0.29450915141431,0,0.75,0.249621785173979,0.960061443932412,0.143740340030912,0.938366718027735,0.960183767228178,0.961656441717791,0.944869831546707,0.0106060606060606,0.958204334365325,0.960122699386503,0,0,0.95447409733124,0,0.333333333333333,0.952307692307692,0.00769230769230769,0.00950871632329636,0.651090342679128,0,0.315384615384615,0.968503937007874,0.143703703703704,0.963317384370016,0.010989010989011,0.981510015408321,0.0371517027863777,0.0404354587869362,0.0443425076452599,0.925465838509317,0.353582554517134,0.957943925233645,0,0.975646879756469,0.740740740740741,0,0.0368663594470046,0.259433962264151,0,0.780525502318393,0.289230769230769,0.120443740095087,0.964777947932619,0.191063174114022,0.96048632218845,0.966049382716049,0,0.574730354391371,0.9578125,0.510268562401264,0.955128205128205,0,0.9584,0.0559757942511346,0,0.24294670846395,0.629230769230769,0.554675118858954,0,0,0.970542635658915,0.769470404984424,0.212361331220285,0.961965134706815,0.0398162327718224,0.944272445820433,0.442700156985871,0.98036253776435,0.15780998389694,0.959501557632399,0.962441314553991,0.834101382488479,0.967542503863988,0.0333863275039746,0.96583850931677,0.0404354587869362,0,0.752336448598131,0.882800608828006,0.955108359133127,0.059190031152648,0,0.963414634146341,0.488993710691824,0.964856230031949,0.964831804281346,0.96594427244582,0.322678843226788,0.970814132104455,0.0372670807453416,0.940909090909091,0.0408472012102874,0.916006339144215,0.395061728395062,0,0.95800933125972,0,0.84984520123839,0.959375,0.159810126582278,0.96177370030581,0.928682170542636,0.960843373493976,0.946236559139785,0.140215716486903,0.401526717557252,0.934065934065934,0.938679245283019,0.0839813374805599,0.0388802488335925,0.971608832807571,0.88125,0,0,0.330696202531646,0.0015625,0.959090909090909,0.277182235834609,0.896496815286624,0.767584097859327,0.974512743628186,0.456,0.469767441860465,0.316118935837246,0.904984423676013,0.93953488372093,0.904320987654321,0,0.863705972434916,0.216905901116427,0.936608557844691,0.035548686244204,0.109090909090909,0.572964669738863,0.962674961119751,0.960244648318043,0.841049382716049,0.965463108320251,0.88646967340591,0,0.103076923076923,0.6797583081571,0.959055118110236,0,0.957703927492447,0.981927710843373,0.583203732503888,0.564814814814815,0.9578125,0.960876369327074,0.398176291793313,0,0.908242612752722,0.551724137931034,1,0.0368098159509202,0.943028485757121,0.967542503863988,0.967441860465116,0.935534591194969,0.547256097560976,0.0376766091051805,0.995305164319249,0.546850998463902,0.04047976011994,0.0360902255639098,0.232704402515723,0.0388802488335925,0.186915887850467,0.717095310136157,0.0325581395348837,0.04,0.0462962962962963,0.634969325153374,0.0740740740740741,0.970633693972179,0.0110584518167457,0.03125,0,0.249607535321821,0.96513470681458,0.953775038520801,0.896024464831804,0,0.882075471698113,0.844410876132931,0.712286158631415,0.623255813953488,0.481072555205047,0.478806907378336,0.0123076923076923,0.960815047021944,0.124807395993837,0.7264,0.992175273865415,0.0446841294298921,0.778301886792453,0.040625,0.152439024390244,0.964669738863287,0.963375796178344,0.913112164296998,0,0.671296296296296,0.905660377358491,0,0.0382848392036753,0.918305597579425,0.97984496124031,0,0.0353302611367127,0.0308641975308642,0.965408805031447,0.892355694227769,0.0385852090032154,0,0.413953488372093,0.971563981042654,0.817905918057663,0.409861325115562,0.688783570300158,0.939814814814815,0.0432098765432099,0.962121212121212,0.96177370030581,0.0404354587869362,0.956989247311828,0.9671875,0.945773524720893,0.962441314553991,0.214953271028037,0.335394126738794,0.305900621118012,0.977917981072555,0.92368839427663,0.0459418070444104,0.29559748427673,0.976489028213166,0.181395348837209,0.325337331334333,0.97239263803681,0.963317384370016,0.967391304347826,0.708782742681048,0.959459459459459,0.267828843106181,1,0.9629057187017,0,0.357032457496136,0.57484076433121,0.0479134466769706,0.0508474576271186,0.0421686746987952,0.898278560250391,0.0587326120556414,0.0320121951219512,0,0.261682242990654,0.963893249607535,0.106084243369735,0.975688816855754,0.993808049535604,0.979813664596273,0.316614420062696,0.317230273752013,0.687888198757764,0.471819645732689,0,0.820710973724884,0.046969696969697,0.0715372907153729,0.238759689922481,0.962848297213622,0.0403726708074534,0,0.363494539781591,0.0462249614791988,0.0572337042925278,0.503067484662577,0.963076923076923,0.310618066561014,0.961476725521669,0.93730407523511,0,0.969924812030075,0.0335365853658537,0.966966966966967,0.832550860719875,0.9616,0.0481366459627329,0.947932618683001,0.0341614906832298,0.861801242236025,0.760765550239234,0.916795069337442,0.976923076923077,0.960061443932412,0.31875,0.941915227629513,0.96177370030581,0.0352220520673813,0.0540958268933539,0.959375,0.961119751166407,0.355590062111801,0.860643185298622,0.941362916006339,0.942635658914729,0.962121212121212,0,0.145339652448657,0.958268933539413,0.0328125,0,0.990461049284579,0.0113085621970921,0.0791139240506329,0.96141975308642,0.989214175654854,0.004739336492891,0.656739811912226,0.443217665615142,0.96984126984127,0.0315955766192733,0.858054226475279,0.961965134706815,0.39937106918239,0.639570552147239,0.830427892234548,0,0.190031152647975,0.981072555205047,0.963836477987421,0.463452566096423,0.967592592592593,0.942528735632184,0.0638629283489097,0,0.966565349544073,0.962441314553991,0.948916408668731,0.705972434915773,0.0375586854460094,0.887147335423197,0.263239875389408,0.208469055374593,0.00612557427258806,0.638364779874214,0.603421461897356,0.64624808575804,0,0.309859154929577,0.927580893682589,0.653125,0.548929663608563,0.111278195488722,0,0,0.967359050445104,0.93984962406015,0,0.958074534161491,0.009375,0,0,0.965996908809892,0,0.970266040688576,0.802795031055901,0.559939301972686,0.960606060606061,0,0,0.970496894409938,0.941964285714286,0.737730061349693,0.0383435582822086,0.00158478605388273,0.898021308980213,0.634408602150538,0.965891472868217,0.548780487804878,0.380655226209048,0,0.955246913580247,0.037914691943128,0.979233226837061,0.116279069767442,0,0.0465465465465465,0.143759873617694,0.4944,0.955453149001536,0,0.975794251134644,0.958397534668721,0.964723926380368,0,0.110764430577223,0.910891089108911,0.038961038961039,0.961656441717791,0.967840735068913,0.0432098765432099,0.964506172839506,0.319444444444444,0.830275229357798,0.046801872074883,0.205087440381558,0.957878315132605,0.0093603744149766,0.0359375,0.97542242703533,0.0423197492163009,0.677165354330709,0.407120743034056,0,0.141085271317829,0.758620689655172,0.289676425269646,0.95852534562212,0.0330188679245283,0.175038051750381,0.476650563607085,0.941176470588235,0.894578313253012,0.942277691107644,0.75748031496063,0,0.950844854070661,0.0339506172839506,0.938582677165354,0.419968304278922,0.0349544072948328,0.964506172839506,0.962323390894819,0.965785381026439,0.6328125,0.976851851851852,0.164835164835165,0.229457364341085,0.931818181818182,0.89922480620155,0,0,0.965408805031447,0.929797191887676,0.0530421216848674,0.974763406940063,0.967391304347826,0.3984375,0.964968152866242,0.736263736263736,0.905775075987842,0,0.957746478873239,0.366771159874608,0.967542503863988,0.963020030816641,0,0.659375,0.98740157480315,0.0422535211267606,0.706814580031696,0.397815912636505,0.796711509715994,0.716049382716049,0.932228915662651,0.109792284866469,0.965299684542587,0.964669738863287,0.981481481481482,0.342313787638669,0.126524390243902,0.964560862865948,0.963470319634703,0.00921658986175115,0.795107033639144,0.464615384615385,0.284615384615385,0.7921875,0.959564541213064,0.876175548589342,0.959938366718028,0.135176651305684,0.0337078651685393,0,0.840062111801242,0.0374414976599064,0.0373250388802488,0.302795031055901,0,0.964506172839506,0.912977099236641,0.965463108320251,0.967987804878049,0.127329192546584,0.0407523510971787,0,0,0.203791469194313,0.10641627543036,0.181533646322379,0,0.0342679127725857,0.958397534668721,0.0151975683890578,0.311424100156495,0.963607594936709,0.619565217391304,0.948598130841122,0.701399688958009,0.668683812405446,0,0.959214501510574,0.416149068322981,0.527821939586645,0.936936936936937,0.969742813918306,0.422018348623853,0.00768049155145929,0.972265023112481,0.966463414634146,0,0.944610778443114,0.0522273425499232,0.967793880837359,0.455813953488372,0,0.0093167701863354,0.560581583198708,0.858255451713396,0.0338983050847458,0.163265306122449,0.0107033639143731,0.00161030595813205,0.759455370650529,0.0488958990536278,0.964052287581699,0.345092024539877,0.972350230414747,0.0338983050847458,0.399394856278366,0.3390625,0.882629107981221,0.134304207119741,0.0403100775193798,0.0015552099533437,0.0768025078369906,0,0.96319018404908,0.0498392282958199,0.981900452488688,0.043613707165109,0.961844197138315,0,0.552307692307692,0.488038277511962,0.961300309597523,0,0.966257668711656,0,0.426948051948052,0.958904109589041,0,0.674347158218126,0.968895800933126,0.751173708920188,0.984326018808777,0.0669710806697108,0,0.961360123647604,0.292834890965732,0,0.725880551301684,0.0327380952380952,0.0546282245827011,0.968404423380727,0.965891472868217,0.961948249619482,0.944012441679627,0.954758190327613,0,0.94679186228482,0.0199386503067485,0.375384615384615,0.303125,0.958588957055215,0.959627329192547,0.958715596330275,0.956723338485317,0.0622083981337481,0.0520673813169985,0.969453376205788,0.944615384615385,0.721385542168675,0.94478527607362,0.964615384615385,0.99390243902439,0,0,0.950524737631184,0,0.0972644376899696,0,0.973561430793157,0.299363057324841,0.234076433121019,0.149618320610687,0.905063291139241,0,0.149460708782743,0.95679012345679,0.964723926380368,0.6625,0.445103857566766,0.266068759342302,0.208523592085236,0.65818759936407,0.0305810397553517,0.158385093167702,0.577639751552795,0.286604361370716,0.712556732223903,0.043956043956044,0,0.0359375,0.353218210361067,0.963665086887836,0.645357686453577,0.254491017964072,0.648484848484848,0.890937019969278,0.947526236881559,0.9584,0.961059190031153,0.965189873417722,0.963779527559055,0.574534161490683,0.457757296466974,0.961597542242704,0.0402985074626866,0.042042042042042,0.888544891640867,0.0122137404580153,0.966257668711656,0.938650306748466,0,0.150159744408946,0,0.9484375,0,0.956989247311828,0.964939024390244,0.0352220520673813,0.849923430321593,0.962006079027356,0.691588785046729,0.659476117103236,0.896062992125984,0,0,0.933014354066986,0.977843426883309,0.975384615384615,0,0,0.0362776025236593,0.265553869499241,0.513056835637481,0,0.469483568075117,0,0.923913043478261,0.959183673469388,0.184952978056426,0.269461077844311,0,0.371653543307087,0.6046875,0.848909657320872,0.995426829268293,0.811912225705329,0.0369230769230769,0.976076555023923,0.01875,0.958664546899841,0,0.978787878787879,0.00786163522012579,0.966719492868463,0.0490506329113924,0.0284810126582278,0,0,0.83641975308642,0.91304347826087,0.95398773006135,0.720121028744327,0.065052950075643,0.0432692307692308,0.828967642526965,0.829528158295282,0,0.0484375,0.93613707165109,0,0.948031496062992,0.990867579908676,0.0996884735202492,0.0430769230769231,0.0339506172839506,0.963963963963964,0.482003129890454,0.103875968992248,0.135566188197767,0.146831530139104,0.716300940438871,0.124233128834356,0.964341085271318,0,0.774143302180685,0.952453987730061,0.0031104199066874,0,0.043026706231454,0,0.0389408099688473,0.9629057187017,0.695721077654517,0.0365079365079365,0.0397456279809221,0.581210191082803,0.965244865718799,0.467692307692308,0.0517503805175038,0.0317965023847377,0.061128526645768,0.0202492211838006,0,0.0561622464898596,0.0438729198184569,0.0347003154574132,0.0525502318392581,0.0290076335877863,0.048062015503876,0.0568356374807988,0.0432098765432099,0.0215716486902928,0.0063391442155309,0.0292307692307692,0.0274809160305344,0.0571870170015456,0.0421216848673947,0.0229709035222052,0.0318979266347687,0.043613707165109,0.048062015503876,0.0356589147286822,0.0275229357798165,0.0368098159509202,0.0670826833073323,0.0417910447761194,0.0386996904024768
"330",0.993558776167472,0.99685534591195,0.965354330708661,0.936482084690554,0.980707395498392,1,0.896496815286624,0.969889064976228,0.996899224806202,0,1,0,0.564263322884012,0.998389694041868,0.0470957613814757,0.0125391849529781,0,0.01743264659271,0.995137763371151,0.982866043613707,0.145800316957211,0.0313531353135314,0.989096573208723,0,0.95440251572327,0.248,0.109500805152979,0.988727858293076,0.466666666666667,0.687598116169545,0.0031496062992126,0.681747269890796,0.771929824561403,0.298412698412698,0,0.998417721518987,0.0189274447949527,0.993670886075949,0.25652841781874,0.90282131661442,0.00159489633173844,0.0186915887850467,0.00622083981337481,0.996835443037975,0.782467532467532,0.0226171243941842,0.506493506493506,0.00157977883096367,0.470679012345679,0.142638036809816,0,0.9936,0.263492063492063,0.998402555910543,0.888349514563107,0.160194174757282,0,0.975688816855754,0.95260663507109,0.895475819032761,0.302507836990596,0.426073131955485,0.0032,0,0.900163666121113,0.82670906200318,0,0.990506329113924,0,0.00320512820512821,0.860719874804382,0.00947867298578199,0.0237341772151899,0.99685534591195,0,0.700460829493088,0.0460122699386503,0.561514195583596,0.899186991869919,0.252100840336134,0,0.702362204724409,0.213728549141966,0.996894409937888,0.120063191153239,0.90809968847352,0.992138364779874,0.96998420221169,0.963836477987421,0.00927357032457496,0.988673139158576,0.996860282574568,0,0,0.972886762360447,0,0.2921875,0.981132075471698,0.00938967136150235,0.0112179487179487,0.623809523809524,0,0.272141706924316,0.996779388083736,0.0980091883614089,0.996726677577741,0.00794912559618442,0.973478939157566,0.00159744408945687,0.00963081861958266,0.00947867298578199,0.905063291139241,0.323854660347551,0.990369181380417,0,0.982511923688394,0.711356466876972,0,0.0031496062992126,0.229166666666667,0,0.757527733755943,0.2224,0.0814332247557003,0.973684210526316,0.137931034482759,0.993759750390016,0.995305164319249,0,0.555729984301413,0.939873417721519,0.479166666666667,0.98740157480315,0,0.991922455573506,0.0246913580246914,0,0.194533762057878,0.623211446740858,0.525040387722132,0,0,0.974683544303797,0.756329113924051,0.161858974358974,0.996825396825397,0.00802568218298555,0.923809523809524,0.396468699839486,0.975308641975309,0.133333333333333,0.984152139461173,0.996789727126806,0.837753510140406,0.995290423861852,0.00163132137030995,0.996830427892235,0,0,0.741679873217116,0.866459627329193,0.982594936708861,0.0205696202531646,0,0.996875,0.444084278768233,0.996753246753247,0.998412698412698,0.996840442338073,0.306603773584906,0.9744,0.00317965023847377,0.943037974683544,0.00307692307692308,0.895833333333333,0.366666666666667,0,0.984126984126984,0,0.845181674565561,0.9984375,0.120772946859903,0.979719188767551,0.949685534591195,0.989393939393939,0.971786833855799,0.097331240188383,0.364485981308411,0.92443729903537,0.951456310679612,0.0544,0.00947867298578199,0.979133226324238,0.857371794871795,0,0,0.281350482315113,0.00158730158730159,0.996904024767802,0.251177394034537,0.88301282051282,0.755070202808112,0.987692307692308,0.430842607313196,0.432973805855162,0.278582930756844,0.910543130990415,0.960127591706539,0.874223602484472,0,0.880877742946709,0.162295081967213,0.940418679549114,0.00316957210776545,0.0678233438485804,0.543269230769231,0.977564102564103,0.976190476190476,0.832,0.995260663507109,0.888535031847134,0,0.0721153846153846,0.653786707882535,0.995065789473684,0,0.992295839753467,0.976993865030675,0.564263322884012,0.536050156739812,0.993589743589744,0.998371335504886,0.357827476038339,0,0.893915756630265,0.496805111821086,0.967585089141005,0.00318979266347687,0.958268933539413,0.996784565916399,0.996879875195008,0.95253164556962,0.527131782945736,0.00317965023847377,0.9696,0.537267080745342,0.00308166409861325,0.00462249614791988,0.190851735015773,0.0016,0.134831460674157,0.661514683153014,0.00316957210776545,0.00627943485086342,0.0094488188976378,0.584375,0.0436893203883495,0.982343499197432,0.00961538461538462,0.00158478605388273,0,0.218649517684887,0.996774193548387,0.977707006369427,0.903481012658228,0,0.869281045751634,0.859594383775351,0.686804451510334,0.578274760383387,0.453525641025641,0.452950558213716,0.00952380952380952,0.996815286624204,0.0947867298578199,0.693944353518822,0.954258675078864,0.0109546165884194,0.740566037735849,0.00317460317460317,0.123028391167192,0.996941896024465,0.998336106489185,0.892455858747994,0,0.647709320695103,0.8912,0,0.00314465408805031,0.899691358024691,0.974723538704581,0,0.0031201248049922,0.003125,0.977011494252874,0.872990353697749,0.00161550888529887,0,0.383870967741935,0.988654781199352,0.787596899224806,0.381933438985737,0.656549520766773,0.954898911353033,0.0093603744149766,0.9984375,0.996870109546166,0.00958466453674121,0.971875,0.996830427892235,0.973941368078176,0.993817619783617,0.190705128205128,0.308176100628931,0.275,0.97444089456869,0.941463414634146,0.0506329113924051,0.258426966292135,0.971107544141252,0.152755905511811,0.302147239263804,0.998402555910543,0.995169082125604,0.966666666666667,0.679802955665025,0.993769470404984,0.239804241435563,0.9629057187017,1,0,0.3198127925117,0.547657512116317,0.0206349206349206,0.0537974683544304,0.00934579439252336,0.903481012658228,0.0315457413249211,0.003125,0,0.228209191759113,0.990369181380417,0.080952380952381,0.981788079470199,0.967532467532468,0.985553772070626,0.266773162939297,0.274220032840722,0.66131621187801,0.445742904841402,0,0.826498422712934,0.0139318885448916,0.0388198757763975,0.187993680884676,0.998389694041868,0.0046801872074883,0,0.329113924050633,0.0124416796267496,0.0223285486443381,0.477093206951027,0.996850393700787,0.269968051118211,0.996688741721854,0.966824644549763,0,0.990839694656489,0.00157232704402516,0.995327102803738,0.82670906200318,0.998376623376623,0.0111111111111111,0.978260869565217,0.00316957210776545,0.878787878787879,0.70935960591133,0.943037974683544,0.980891719745223,0.995268138801262,0.281150159744409,0.963081861958267,0.996889580093313,0.00154559505409583,0.0317460317460317,0.996768982229402,0.998397435897436,0.3078125,0.881141045958796,0.962295081967213,0.955342902711324,0.998435054773083,0,0.118032786885246,0.996810207336523,0.00321027287319422,0,0.959742351046699,0.0131578947368421,0.0496794871794872,0.998435054773083,0.96,0.00473186119873817,0.635179153094462,0.414634146341463,0.980456026058632,0.0032258064516129,0.872408293460925,0.99672131147541,0.369009584664537,0.606299212598425,0.784789644012945,0,0.143540669856459,0.970684039087948,0.996825396825397,0.443037974683544,0.998439937597504,0.96849087893864,0.0334394904458599,0.00157232704402516,0.984326018808777,1,0.957413249211357,0.686614173228347,0.00975609756097561,0.862459546925566,0.233807266982622,0.175787728026534,0.00801282051282051,0.607779578606159,0.590764331210191,0.605263157894737,0,0.279032258064516,0.914421553090333,0.626182965299685,0.501577287066246,0.0758513931888545,0,0,0.996978851963746,0.9734375,0,0.917065390749601,0.00810372771474878,0,0,0.996805111821086,0,0.998387096774194,0.781499202551834,0.524922118380062,0.996879875195008,0,0,0.992050874403816,0.964560862865948,0.715396578538103,0.0015552099533437,0.00328947368421053,0.877519379844961,0.600315955766193,0.99685534591195,0.526645768025078,0.335987261146497,0,0.982704402515723,0.0032258064516129,0.951456310679612,0.0948553054662379,0,0.00925925925925926,0.12199036918138,0.478547854785479,0.969936708860759,0,0.951788491446345,0.977707006369427,0.996865203761755,0,0.0725806451612903,0.936860068259386,0.00664451827242525,0.996894409937888,0.996865203761755,0.00796178343949045,0.998435054773083,0.276898734177215,0.798425196850394,0.00963081861958266,0.162828947368421,0.961661341853035,0.00801282051282051,0.00160513643659711,0.973270440251572,0.00977198697068404,0.645161290322581,0.382165605095541,0,0.105678233438486,0.732786885245902,0.240887480190174,0.971337579617834,0.00321543408360129,0.150793650793651,0.443507588532884,0.94556765163297,0.874613003095975,0.960380348652932,0.742811501597444,0,0.979430379746835,0.00316455696202532,0.966929133858268,0.383986928104575,0.00153846153846154,0.996875,0.996753246753247,0.996810207336523,0.617224880382775,0.979527559055118,0.12258064516129,0.176,0.947286821705426,0.880952380952381,0,0,0.988691437802908,0.938009787928222,0.0208333333333333,0.985759493670886,0.992063492063492,0.354531001589825,0.927536231884058,0.725521669341894,0.8859375,0,0.96969696969697,0.328548644338118,0.996789727126806,0.996875,0,0.643879173290938,0.9664,0.0015748031496063,0.68026101141925,0.363492063492063,0.80030487804878,0.684294871794872,0.955177743431221,0.0801232665639445,0.98389694041868,0.996870109546166,0.976303317535545,0.297560975609756,0.102362204724409,0.989028213166144,0.996875,0.00949367088607595,0.790551181102362,0.439873417721519,0.252764612954186,0.767550702028081,0.996820349761526,0.879032258064516,0.9968,0.129541864139021,0,0,0.817170111287758,0.0048,0.00316957210776545,0.259026687598116,0,0.990580847723705,0.918110236220472,0.996815286624204,0.992272024729521,0.0893141945773525,0.00316957210776545,0,0,0.161812297734628,0.0763116057233704,0.161084529505582,0,0.00157728706624606,0.996845425867508,0.00940438871473354,0.2848,1,0.595238095238095,0.972843450479233,0.65990639625585,0.640746500777605,0,0.996951219512195,0.389694041867955,0.503961965134707,0.922600619195046,0.987421383647799,0.390822784810127,0.0125588697017268,0.949286846275753,0.954128440366973,0,0.95968992248062,0.0110759493670886,0.988391376451078,0.426282051282051,0,0.00955414012738853,0.502479338842975,0.83495145631068,0.00315955766192733,0.141252006420546,0.0113268608414239,0.00165562913907285,0.743511450381679,0.0241545893719807,0.998355263157895,0.309262166405024,0.989393939393939,0.0031496062992126,0.378716744913928,0.325914149443561,0.862179487179487,0.0910596026490066,0.0046801872074883,0.0032,0.0373376623376623,0,0.99375,0.0438311688311688,0.97542242703533,0.00632911392405063,0.9984,0,0.512461059190031,0.464342313787639,0.996820349761526,0,0.998430141287284,0,0.393548387096774,0.987616099071207,0,0.644961240310078,0.980769230769231,0.735483870967742,0.941272430668842,0.0340557275541796,0,0.996840442338073,0.252427184466019,0,0.683464566929134,0.00307692307692308,0.0232919254658385,0.998389694041868,0.996789727126806,0.992211838006231,0.966346153846154,0.97752808988764,0,0.977455716586151,0.0205696202531646,0.345736434108527,0.278481012658228,0.990580847723705,0.989079563182527,0.993710691823899,0.992076069730586,0.0518867924528302,0.0162337662337662,0.983660130718954,0.968454258675079,0.716981132075472,0.975155279503106,0.996884735202492,0.97191887675507,0,0,0.983180428134557,0,0.0685358255451713,0,0.952830188679245,0.267213114754098,0.2048,0.1125,0.921951219512195,0,0.0996884735202492,0.996830427892235,0.996815286624204,0.640253565768621,0.406676783004552,0.203957382039574,0.171296296296296,0.647709320695103,0.0031496062992126,0.131537242472266,0.550561797752809,0.253184713375796,0.699059561128527,0.0110410094637224,0,0.00162337662337662,0.317512274959083,0.998373983739837,0.622257053291536,0.211656441717791,0.614649681528662,0.872670807453416,0.987519500780031,0.957654723127036,0.97741935483871,0.996768982229402,0.995245641838352,0.544444444444444,0.409448818897638,0.995268138801262,0.00764525993883792,0.0124031007751938,0.86984126984127,0.0093167701863354,0.99685534591195,0.968602825745683,0,0.111470113085622,0,0.944,0,0.973312401883831,0.996830427892235,0.00943396226415094,0.826771653543307,0.998442367601246,0.656401944894652,0.611023622047244,0.881028938906752,0,0,0.926108374384236,0.93587786259542,0.9858934169279,0,0,0.00323101777059774,0.233281493001555,0.496805111821086,0,0.4375,0,0.927184466019418,0.996825396825397,0.160194174757282,0.235849056603774,0,0.333868378812199,0.579967689822294,0.861417322834646,0.95800933125972,0.772655007949126,0.00316455696202532,0.9856,0.0143769968051118,0.998349834983498,0,0.978428351309707,0.00950871632329636,0.9984,0.0208,0.0114192495921697,0,0,0.817757009345794,0.927884615384615,0.9359375,0.69969040247678,0.0307219662058372,0.00805152979066022,0.833333333333333,0.822804314329738,0,0.0158478605388273,0.968253968253968,0,0.988543371522095,0.953125,0.0642633228840125,0.0425867507886435,0.00649350649350649,0.998439937597504,0.45016077170418,0.0782747603833866,0.0956239870340357,0.113385826771654,0.686495176848875,0.10410094637224,1,0,0.754471544715447,0.979591836734694,0.00485436893203883,0,0.00307219662058372,0,0.00313971742543171,0.998435054773083,0.705592105263158,0.00323101777059774,0.0032258064516129,0.551779935275081,0.958199356913183,0.427215189873418,0.0535433070866142,0.00328947368421053,0.0568181818181818,0.0172143974960876,0,0.0336538461538462,0.0046875,0.00323101777059774,0.0124610591900312,0.00154559505409583,0.0476947535771065,0.0616113744075829,0.0112359550561798,0.0223285486443381,0.00655737704918033,0.0253968253968254,0.0234009360374415,0.0594679186228482,0.00478468899521531,0.019047619047619,0.00163132137030995,0.00473186119873817,0.0471544715447154,0.008,0.0217054263565891,0.00314465408805031,0.031201248049922,0.00462962962962963,0.00157728706624606
"331",0,0,0,0,0,0,0.0144,0.00158730158730159,0,1,0,1,0,0,0,0,1,0.984202211690363,0,0,0,0,0,1,0,0,0,0.00159744408945687,0,0,0,0,0.00160771704180064,0,1,0,0.977812995245642,0,0,0,0.998410174880763,0.984423676012461,0.99375,0,0,0,0,0,0,0,1,0,0,0,0.014308426073132,0,1,0,0.00315457413249211,0,0,0,0,1,0,0,1,0,1,0,0,0,0,0,1,0.0015748031496063,0,0,0.00161812297734628,0,1,0,0,0,0,0,0,0,0.004739336492891,0.989280245022971,0,0,1,1,0,1,0.0155763239875389,0,0.995341614906832,0.993650793650794,0.0111287758346582,1,0,0,0,0,0.987460815047022,0.00313971742543171,0,0,0,0.0142857142857143,0,0,1,0,0,1,0,0,1,0.00157232704402516,0,0,0,0,0,0,1,0.00628930817610063,0,0,0,1,0,0,1,0,0,0.00638977635782748,1,1,0,0,0,0,0,0,0,0,0,0,0,0,0,0,0,0,1,0,0.00618238021638331,0,0,1,0,0,0,0,0,0,0,0,0,0,0.00320512820512821,0,1,0,1,0,0,0,0,0,0,0,0,0,0,0,0,0,0,0.018957345971564,1,1,0,0.998459167950693,0,0,0.0111111111111111,0,0,0,0,0,0,0,0.00157728706624606,1,0,0,0,0,0,0.00478468899521531,0,0,0.00159489633173844,0,0,1,0,0,0,1,0,0,0.0062992125984252,0,0,0,0.016,1,0.0137614678899083,0,0,0,0,0,0,0,0,0,0,0,0,0,0,0,0,0,0,0,0,0,0,0,0.988817891373802,0,1,0.00476190476190476,0,0,0,1,0.00162337662337662,0.0031104199066874,0,0,0,0,0.987421383647799,0,0,0,0,0,0,0,0,0,0,0.012987012987013,1,0,0.0158478605388273,1,0,0.0137825421133231,0.00159744408945687,1,0,0,0,0,0,1,0.0157232704402516,0,0,0,0,0,0,0,0,0,0,0,0,0,0,0,0,0.00322061191626409,0,0.947122861586314,0,0,0,0,0,0,0,0,0,0,0,0,1,0,0.00958466453674121,0,0.94392523364486,0,0,0,0,1,0,0,0,0,0,0,0,0,0,0,1,0,0,0,0,0,0,1,0,0,0,0.00318979266347687,0,0,0,0,1,0,0,0,0,0,0,0,0,0,0,0,0,0.00158730158730159,0,0,0,0,0,0,0,0,0,0,0,0,1,0,0,0,1,0,0.990196078431373,0,0,0,0.996860282574568,0.0094488188976378,0,0,0,0,0,0,0,0,1,0,0.00159744408945687,0,0,0,0,0,0.998412698412698,0,0,0,0,0,0.00631911532385466,0,0.00995024875621891,0.995275590551181,0,0,0,1,0,0.00158227848101266,0,0,0,1,1,0,0,1,0,0.990491283676704,1,1,0,1,0,0.00158227848101266,0.0061633281972265,0,1,1,0,0,0,0,0.998360655737705,0.0199692780337942,0,0,0,0,1,0,0,0.00157977883096367,0,1,0,0,0,0.00159235668789809,1,0,0,0,1,0,0,0,0,0,0,0,0,0,0,0.00161812297734628,0,0.988745980707395,0,0,0,0,0.0113085621970921,1,0,0.00321027287319422,0,0,0,0,0,0,0,0,0,1,0,0,0,0.00323624595469256,0,0,0,0,0,0,0,0,0,0.0141509433962264,1,1,0,0,0,0,0,0,0,0,0.0184331797235023,1,0,0.0129449838187702,0,0,1,0,0,0,0.00158982511923688,0,0,0,0,0,0.00320512820512821,0,0,0.016025641025641,0.0254372019077901,0,0,0.992211838006231,0,0,0,0,0,0,0,0.760188087774295,0,1,0.00159744408945687,0,0,0,1,0,0,0,0,0,0,1,1,0,0,0,1,0,0,0.555031446540881,0,0,0.00941915227629513,0,0,0,1,0,0,0,0.00460122699386503,0,0,0.990610328638498,0,0,1,0.00153846153846154,0,0,0,1,0.992163009404389,0,0,0,0,0.988924050632911,0.998360655737705,0,0,0,0,0,0,0,0,0.00648298217179903,0,0,0.998452012383901,0,1,0,0.1648,0.00149925037481259,0,0,1,0,0,0,1,0,1,0,0,1,0.0186915887850467,0,0,0.00161550888529887,0,1,0,0,1,0,0,0,0,0,0,0.00476190476190476,0.00160513643659711,1,0,0.978428351309707,0.0184331797235023,0,0,0,0,0,0.921507064364207,0,0,0,0,0,0,0,1,1,0,1,0,0.998420221169036,0,0,0,0,0,0.998435054773083,0,0,0,0,0,0,0,0,0,0,0,0,0,0,1,0,0.0178571428571429,0,0.029874213836478,0,0,0.00619195046439629,0,0,0,0,0,0,0,0,0,0,0.00315457413249211,0.986301369863014,0,0,1,0,1,0,1,0,0,0,0,0,0.00160513643659711,0,0.01875,1,1,0,0,0,1,1,0,0,0,1,0,1,0,0,0.0337078651685393,0,1,0,0,0,0,0,0,0,0.896661367249603,0,1,0,0.993740219092332,0,0,0.354166666666667,1,1,0.0015527950310559,0,0.0093603744149766,0,0,0,0,0,1,0,0,1,0,0,0,0.95583596214511,0,0,0,0,0,0,0,0,0,1,0,0,0.996840442338073,1,0,1,0,0,0,0,0,0.00632911392405063,0.00318979266347687,0,0.948995363214838,0,0.893719806763285,0.973058637083994,1,0.155802861685215,0,0,0.0047244094488189,0,0.945945945945946,0.941732283464567,0,0.976303317535545,0.99198717948718,0.950636942675159,0.970266040688576,0.940438871473354,0,0.969325153374233,0,0,0.953225806451613,0,0.930448222565688,0,0.0543478260869565,0,0
"332",0.325949367088608,0.322884012539185,0.339939024390244,0.388364779874214,0.328548644338118,0.316614420062696,0.400630914826498,0.35202492211838,0.318862275449102,0,0.324031007751938,0,0.574500768049155,0.315541601255887,0.692901234567901,0.686064318529862,0,0.0062402496099844,0.31637519872814,0.329249617151608,0.81651376146789,0.681672025723473,0.333333333333333,0,0.370426829268293,0.666666666666667,0.730769230769231,0.34585289514867,0.668195718654434,0.531393568147014,0.680241327300151,0.568992248062016,0.514774494556765,0.654961832061069,0,0.324031007751938,0.0138461538461538,0.324615384615385,0.745937961595273,0.39453717754173,0,0.00614439324116743,0,0.3198127925117,0.55748031496063,0.684292379471229,0.601880877742947,0.674772036474164,0.744712990936556,0.702255639097744,0,0.32398753894081,1,0.307453416149068,0.404120443740095,0.662480376766091,0,0.342723004694836,0.328746177370031,0.41304347826087,0.646969696969697,0.66969696969697,0.678125,0,0.390551181102362,0.451070336391437,0,0.317484662576687,0,0.692789968652038,0.424427480916031,0.681114551083591,0.686821705426357,0.316109422492401,0,0.545180722891566,0.719033232628399,0.583717357910906,0.420472440944882,0.677577741407529,0,0.565349544072948,0.683001531393568,0.311178247734139,0.707317073170732,0.415037593984962,0.323574730354391,0.346504559270517,0.348837209302326,0.00150375939849624,0.322530864197531,0.319571865443425,0,0,0.333333333333333,0,0.704615384615385,0.334360554699538,0.00151515151515152,0.0015625,0.574303405572755,0,0.758566978193146,0.313755795981453,0.739064856711916,0.30829420970266,0.00154798761609907,0.335413416536661,0.683153013910355,0.687306501547988,0.683153013910355,0.376360808709176,0.66407465007776,0.338414634146341,0,0.332302936630603,0.572085889570552,0,0.686453576864536,0.672360248447205,0,0.505392912172573,0.802163833075734,0.696540880503145,0.350152905198777,0.685240963855422,0.307228915662651,0.3171875,0,0.637614678899083,0.394080996884735,0.623604465709729,0.332278481012658,0,0.330708661417323,0.678733031674208,0,0.838212634822804,0.530612244897959,0.647619047619048,0,0,0.337461300309598,0.516129032258065,0.66877971473851,0.3125,0.683563748079877,0.396923076923077,0.629107981220657,0.336336336336336,0.777251184834123,0.325652841781874,0.3171875,0.429457364341085,0.30381679389313,0.671339563862928,0.305343511450382,0.66820987654321,0,0.517829457364341,0.430513595166163,0.332824427480916,0.674772036474164,0,0.324116743471582,0.788732394366197,0.3168,0.326687116564417,0.305007587253414,0.65052950075643,0.346153846153846,0.695787831513261,0.358006042296073,0.680119581464873,0.404651162790698,0.648233486943164,0,0.342064714946071,0,0.427480916030534,0.30640243902439,0.705329153605016,0.348228043143297,0.362095531587057,0.334821428571429,0.324242424242424,0.680981595092024,0.661631419939577,0.401883830455259,0.364928909952607,0.771121351766513,0.682228915662651,0.330757341576507,0.42,0,0,0.806800618238022,0,0.320726172465961,0.661585365853659,0.40746500777605,0.486943164362519,0.328290468986384,0.722910216718266,0.633587786259542,0.849293563579278,0.359253499222395,0.343076923076923,0.423831070889894,0,0.408536585365854,0.800963081861958,0.355799373040752,0.694099378881988,0.688172043010753,0.643302180685358,0.348367029548989,0.325757575757576,0.460949464012251,0.325190839694657,0.422360248447205,0,0.697852760736196,0.566615620214395,0.32755905511811,0,0.331825037707391,0.344984802431611,0.633181126331811,0.563467492260062,0.340030911901082,0.32695374800638,0.709375,0,0.40273556231003,0.6049766718507,0.344444444444444,0.686821705426357,0.349397590361446,0.306376360808709,0.311349693251534,0.346875,0.625766871165644,0.696734059097978,0.349230769230769,0.566666666666667,0.701183431952663,0.677710843373494,0.639498432601881,0.665634674922601,0.78516228748068,0.552511415525114,0.69618320610687,0.674382716049383,0.668702290076336,0.626139817629179,0.672496025437202,0.341121495327103,0.0015527950310559,0.675840978593272,0,0.750392464678179,0.328149300155521,0.335375191424196,0.403697996918336,0,0.429699842022117,0.420814479638009,0.5640625,0.582689335394127,0.599688473520249,0.593558282208589,0.0015220700152207,0.307931570762053,0.738131699846861,0.565008025682183,0.363636363636364,0.699537750385208,0.5115562403698,0.679012345679012,0.698315467075038,0.336349924585219,0.311897106109325,0.40506329113924,0,0.577743902439024,0.400311526479751,0,0.679938744257274,0.399394856278366,0.339622641509434,0,0.681887366818874,0.681887366818874,0.338509316770186,0.430141287284144,0.676100628930818,0,0.703875968992248,0.321483771251932,0.510574018126888,0.649149922720247,0.596850393700787,0.356495468277946,0.687211093990755,0.331818181818182,0.311349693251534,0.675465838509317,0.351393188854489,0.332298136645963,0.358609794628752,0.316358024691358,0.676923076923077,0.974045801526718,0.842266462480858,0.340189873417722,0.358974358974359,0.0246153846153846,0.671339563862928,0.336434108527132,0.667682926829268,0.645112781954887,0.327188940092166,0.3203125,0.334365325077399,0.554502369668246,0.320726172465961,0.669796557120501,0.357032457496136,0.3198127925117,0,1,0.628526645768025,0.686520376175549,0.0230769230769231,0.692653673163418,0.375,0.687975646879756,0.688549618320611,0,0.684049079754601,0.327044025157233,0.691833590138675,0.329073482428115,0.358934169278997,0.3328125,0.815789473684211,0.801574803149606,0.540372670807453,0.614006514657981,0,0.451908396946565,0.696509863429439,0.682442748091603,0.754601226993865,0.310236220472441,0.679273827534039,0,0.974085365853659,0.662037037037037,0.703125,0.619195046439629,0.325508607198748,0.655608214849921,0.318255250403877,0.328660436137072,0,0.328928046989721,0.668161434977579,0.31570996978852,0.442546583850932,0.322834645669291,0.695924764890282,0.331306990881459,0.67651632970451,0.399691358024691,0.571428571428571,0.363076923076923,0.339449541284404,0.316846986089645,0.865740740740741,0.354198473282443,0.313813813813814,0.674772036474164,0.675968992248062,0.326153846153846,0.310452418096724,0.641860465116279,0.402140672782875,0.337662337662338,0.363358778625954,0.328290468986384,0,0.681889763779528,0.310291858678955,0.688854489164087,0,0.358934169278997,0,0.672985781990521,0.32572298325723,0.335949764521193,0,0.578947368421053,0.629107981220657,0.325914149443561,0.66403785488959,0.419656786271451,0.306962025316456,0.68798751950078,0.616923076923077,0.545171339563863,0,0.786259541984733,0.332298136645963,0.316279069767442,0.627329192546584,0.316109422492401,0.334426229508197,0.678571428571429,0,0.330781010719755,0.322932917316693,0.362928348909657,0.531393568147014,0.679012345679012,0.418351477449456,0.675344563552833,0.695867768595041,0,0.578369905956113,0.610591900311526,0.654434250764526,0,0.670926517571885,0.405487804878049,0.552193645990923,0.592649310872894,0.689450222882615,0,0,0.311111111111111,0.326283987915408,0,0.385911179173047,0.00155763239875389,0,0,0.302034428794992,0,0.321543408360129,0.475968992248062,0.65015015015015,0.308510638297872,0,0,0.321981424148607,0.361573373676248,0.545871559633027,0.69218989280245,0,0.404511278195489,0.63594470046083,0.31859756097561,0.601823708206687,0.693146417445483,0,0.328267477203647,0.680445151033386,0.367851622874807,0.668759811616955,0,0.681681681681682,0.69435736677116,0.5829307568438,0.331804281345566,0,0.379939209726444,0.347758887171561,0.310185185185185,0,0.677621283255086,0.3486529318542,0.686998394863563,0.313636363636364,0.312121212121212,0.69969040247678,0.298165137614679,0.829754601226994,0.475155279503106,0.687116564417178,0.762128325508607,0.341085271317829,0.00155763239875389,0.694099378881988,0.335384615384615,0.700787401574803,0.598425196850394,0.608695652173913,0,0.771689497716895,0.480769230769231,0.804953560371517,0.332312404287902,0.686520376175549,0.7,0.630541871921182,0.356707317073171,0.410606060606061,0.352484472049689,0.505460218408736,0,0.32469512195122,0.690225563909774,0.340557275541796,0.696343402225755,0.682228915662651,0.314024390243902,0.324960753532182,0.306027820710974,0.547546012269939,0.332307692307692,0.759750390015601,0.794952681388013,0.378419452887538,0.414860681114551,0,0,0.322530864197531,0.379585326953748,0.694136291600634,0.341158059467919,0.336448598130841,0.761978361669243,0.381846635367762,0.52373417721519,0.405604719764012,0,0.353488372093023,0.702160493827161,0.306501547987616,0.308282208588957,0,0.557632398753894,0.345256609642302,0.677672955974843,0.519685039370079,0.613846153846154,0.454682779456193,0.58678955453149,0.358974358974359,0.691842900302115,0.32807570977918,0.323170731707317,0.342105263157895,0.702830188679245,0.67906976744186,0.316770186335404,0.317771084337349,0,0.482388973966309,0.646153846153846,0.647692307692308,0.513761467889908,0.312307692307692,0.384375,0.319571865443425,0.138931297709924,0.688291139240506,0,0.459418070444104,0.6890625,0.672413793103448,0.664086687306502,0,0.331775700934579,0.373846153846154,0.316998468606432,0.328787878787879,0.701062215477997,0.686821705426357,0,0,0.777251184834123,0.711356466876972,0.697063369397218,0,0.686728395061728,0.289877300613497,0.298461538461538,0.8,0.312989045383412,0.609160305343511,0.335925349922239,0.629007633587786,0.671171171171171,0,0.317647058823529,0.74414976599064,0.693721286370597,0.392424242424242,0.332838038632987,1,0,0.359447004608295,0.35187969924812,0,0.337858220211161,0.690440060698027,0.321543408360129,0.605546995377504,0,0,0.706070287539936,0.484423676012461,0.690880989180835,0.6765625,0,0,0.47289156626506,0.698289269051322,0.305732484076433,0.674809160305344,0.32312404287902,0.672782874617737,0.625,0.638364779874214,0.454689984101749,0.698717948717949,0.687306501547988,0,0.688473520249221,0,0.328787878787879,0.597423510466989,0.339791356184799,0.682242990654206,0.33122028526149,0,0.569506726457399,0.656298600311042,0.314553990610329,0,0.327217125382263,0,0.649289099526066,0.33693972179289,0,0.565891472868217,0.341732283464567,0.487730061349693,0.35968992248062,0.686363636363636,0,0.310077519379845,0.644859813084112,0,0.576923076923077,0.66566265060241,0.680916030534351,0.315789473684211,0.312597200622084,0.326378539493294,0.335925349922239,0.347222222222222,0,0.341121495327103,0.00763358778625954,0.717791411042945,0.655913978494624,0.309006211180124,0.315950920245399,0.333836858006042,0.324159021406728,0.0555555555555556,0.688073394495413,0.323671497584541,0.346749226006192,0.529235382308846,0.339506172839506,0.296754250386399,0.352307692307692,0,0,0.338757396449704,0,0.68693009118541,0.00157728706624606,0.36687306501548,0.62992125984252,0.701892744479495,0.791225416036309,0.37245696400626,0,0.716279069767442,0.309341500765697,0.323029366306028,0.672897196261682,0.741935483870968,0.669117647058823,0.653435114503817,0.531684698608965,0.678247734138973,0.7,0.648148148148148,0.66304347826087,0.530211480362538,0.691588785046729,0,0.687211093990755,0.731437598736177,0.31629392971246,0.559939301972686,0.778947368421053,0.57427258805513,0.416282642089094,0.325688073394495,0.36624203821656,0.339089481946625,0.322884012539185,0.319875776397516,0.566615620214395,0.670229007633588,0.324074074074074,0.678041543026706,0.689393939393939,0.427230046948357,0.00150602409638554,0.329754601226994,0.337899543378995,0,0.692429022082019,0,0.361801242236025,0,0.353302611367127,0.318952234206472,0.680491551459293,0.453416149068323,0.311649016641452,0.574568288854003,0.586687306501548,0.421052631578947,0,0,0.37459807073955,0.359467455621302,0.325264750378215,0,0,0.682242990654206,0.677862595419847,0.582159624413146,0,0.593893129770992,0,0.401574803149606,0.334360554699538,0.66820987654321,0.674140508221226,0,0.6625,0.581504702194357,0.407407407407407,0.34841628959276,0.503828483920367,0.681538461538462,0.337984496124031,0.075,0.317460317460317,0,0.323308270676692,0,0.317965023847377,0.682888540031397,0.430555555555556,0,0,0.436170212765957,0.374603174603175,0.364741641337386,0.501529051987768,0.698813056379822,0.678627145085803,0.433846153846154,0.393759286775631,0,0.683229813664596,0.359253499222395,0,0.322884012539185,0.354103343465046,0.677811550151976,0.0170015455950541,0.68266253869969,0.312594840667678,0.607874015748031,0.667185069984448,0.678233438485804,0.669724770642202,0.565768621236133,0.698484848484848,0.317535545023697,0,0.522480620155039,0.320726172465961,0,0,0.698507462686567,0,0.686821705426357,0.312594840667678,0.5296,0.692789968652038,0.688087774294671,0.630094043887147,0.348159509202454,0.664624808575804,0.0244274809160305,0.690851735015773,0.061128526645768,0.0151515151515152,0,0.583596214511041,0.66566265060241,0.66403785488959,0.685670261941448,0.6797583081571,0.0232558139534884,0.0276073619631902,0.672360248447205,0.0139968895800933,0.00630914826498423,0.0419254658385093,0.0169230769230769,0.0276073619631902,0.686153846153846,0.0215716486902928,0.674085850556439,0.67906976744186,0.0202492211838006,0.68160741885626,0.0560606060606061,0.683563748079877,0.649068322981366,0.69311377245509,0.669796557120501
"333",0.559543230016313,0.556962025316456,0.570532915360502,0.591503267973856,0.539473684210526,0.558441558441558,0.659163987138264,0.567567567567568,0.542130365659777,0.008,0.545310015898251,0.00798722044728434,0.602543720190779,0.547967479674797,0.459807073954984,0.469354838709677,0.00782472613458529,0.0128,0.574225122349103,0.568037974683544,0.615384615384615,0.454106280193237,0.557120500782473,0.00940438871473354,0.580188679245283,0.5232,0.499205087440382,0.548543689320388,0.643192488262911,0.648818897637795,0.45933014354067,0.661417322834646,0.650641025641026,0.525236593059937,0.00949367088607595,0.538827258320127,0.0363349131121643,0.534810126582278,0.686153846153846,0.567026194144838,0.0112179487179487,0.0110236220472441,0.0156985871271586,0.536231884057971,0.632450331125828,0.460162601626016,0.575516693163752,0.437699680511182,0.636363636363636,0.533123028391167,0.0095389507154213,0.551446945337621,0.620472440944882,0.552,0.654220779220779,0.525806451612903,0.0113636363636364,0.556089743589744,0.561514195583596,0.600624024960998,0.526148969889065,0.640822784810127,0.449838187702265,0.00816993464052288,0.570723684210526,0.605055292259084,0.0110935023771791,0.554848966613672,0.00789889415481832,0.440514469453376,0.5703125,0.439749608763693,0.473684210526316,0.551083591331269,0.00952380952380952,0.669753086419753,0.470031545741325,0.616224648985959,0.622977346278317,0.569023569023569,0.00818330605564648,0.646031746031746,0.550925925925926,0.544303797468354,0.529411764705882,0.596214511041009,0.546031746031746,0.5625,0.547318611987382,0.0126984126984127,0.532154340836013,0.532051282051282,0.00803858520900321,0.00952380952380952,0.565008025682183,0.00794912559618442,0.79140127388535,0.550955414012739,0.00470219435736677,0.0112179487179487,0.859399684044234,0.0111111111111111,0.714748784440843,0.553054662379421,0.536277602523659,0.552459016393443,0.0129449838187702,0.558213716108453,0.449275362318841,0.452830188679245,0.452380952380952,0.629213483146067,0.593059936908517,0.5311004784689,0.0114754098360656,0.546310832025118,0.641185647425897,0.00778816199376947,0.445512820512821,0.540453074433657,0.00946372239747634,0.658653846153846,0.690705128205128,0.492659053833605,0.557142857142857,0.526813880126183,0.539781591263651,0.532591414944356,0.0111642743221691,0.853543307086614,0.588709677419355,0.584843492586491,0.565008025682183,0.00943396226415094,0.550653594771242,0.446511627906977,0.00956937799043062,0.668292682926829,0.567783094098884,0.878205128205128,0.00827814569536424,0.0114942528735632,0.561430793157076,0.634768740031898,0.537704918032787,0.537360890302067,0.457547169811321,0.604430379746835,0.568,0.544303797468354,0.590834697217676,0.54416403785489,0.541269841269841,0.608557844690967,0.538095238095238,0.426948051948052,0.546310832025118,0.451510333863275,0.00632911392405063,0.635048231511254,0.653188180404355,0.542901716068643,0.44945567651633,0.00964630225080386,0.532182103610675,0.602941176470588,0.549668874172185,0.551834130781499,0.539936102236422,0.514195583596215,0.554662379421222,0.459935897435897,0.556259904912837,0.45,0.6336,0.566302652106084,0.00807754442649435,0.538585209003215,0.00792393026941363,0.588697017268446,0.5484375,0.505654281098546,0.54416403785489,0.565286624203822,0.545176110260337,0.571875,0.494435612082671,0.5890625,0.57784911717496,0.584814216478191,0.470774091627172,0.45125786163522,0.562805872756933,0.693877551020408,0.00619195046439629,0.0112,0.750809061488673,0.00802568218298555,0.539184952978056,0.565149136577708,0.6624,0.585173501577287,0.560250391236307,0.7552,0.6,0.71405750798722,0.559294871794872,0.5632,0.63452566096423,0.00813008130081301,0.603421461897356,0.647154471544715,0.561688311688312,0.456591639871383,0.499210110584518,0.844690966719493,0.557661927330174,0.562305295950156,0.627980922098569,0.549363057324841,0.598425196850394,0.00635930047694754,0.48489666136725,0.626168224299065,0.550888529886914,0.00966183574879227,0.545023696682464,0.558139534883721,0.846153846153846,0.567479674796748,0.558587479935794,0.536423841059603,0.851373182552504,0.00993377483443709,0.636505460218409,0.637658227848101,0.575907590759076,0.458786936236392,0.556589147286822,0.534621578099839,0.547318611987382,0.567741935483871,0.608087091757387,0.464401294498382,0.562998405103668,0.570977917981073,0.447368421052632,0.434850863422292,0.500813008130081,0.442492012779553,0.598387096774194,0.727414330218069,0.440438871473354,0.44794952681388,0.451816745655608,0.797169811320755,0.468599033816425,0.558869701726845,0.0112540192926045,0.445141065830721,0.00949367088607595,0.6896,0.554662379421222,0.5344,0.563492063492063,0.00632911392405063,0.644951140065147,0.577708006279435,0.643548387096774,0.628346456692913,0.577352472089314,0.580906148867314,0.0158478605388273,0.532679738562091,0.560126582278481,0.661641541038526,0.560821484992101,0.462992125984252,0.684627575277338,0.453968253968254,0.515873015873016,0.557781201848998,0.536666666666667,0.636952998379254,0.0093167701863354,0.758139534883721,0.648475120385233,0.0111464968152866,0.456828885400314,0.629107981220657,0.556451612903226,0.00930232558139535,0.450479233226837,0.442218798151002,0.56682769726248,0.610474631751228,0.443163097199341,0.00807754442649435,0.889952153110048,0.558028616852146,0.709175738724728,0.59047619047619,0.714748784440843,0.558213716108453,0.441269841269841,0.547433903576983,0.539808917197452,0.451043338683788,0.5648,0.536115569823435,0.565217391304348,0.536392405063291,0.549114331723027,0.637658227848101,0.717425431711146,0.541195476575121,0.585365853658537,0.0398724082934609,0.543408360128617,0.574162679425837,0.524038461538462,0.5546875,0.549363057324841,0.550239234449761,0.55784469096672,0.648514851485149,0.529503105590062,0.534181240063593,0.57484076433121,0.547657512116317,0.00958466453674121,0.628526645768025,1,0.457278481012658,0.037914691943128,0.448916408668731,0.565625,0.471698113207547,0.43312101910828,0.00623052959501558,0.55748031496063,0.558587479935794,0.518341307814992,0.564569536423841,0.580542264752791,0.553945249597424,0.737096774193548,0.730263157894737,0.613418530351438,0.575409836065574,0.00788643533123028,0.611290322580645,0.459041731066461,0.460567823343849,0.628705148205928,0.540584415584416,0.449206349206349,0.00641025641025641,0.644444444444444,0.4703125,0.478190630048465,0.602218700475436,0.528938906752412,0.550653594771242,0.548172757475083,0.543269230769231,0.00788643533123028,0.533232628398791,0.442338072669826,0.555729984301413,0.60828025477707,0.553921568627451,0.470494417862839,0.575709779179811,0.446428571428571,0.587955625990491,0.641693811074919,0.585557299843014,0.570977917981073,0.540192926045016,0.696825396825397,0.570274636510501,0.528682170542636,0.445839874411303,0.4592,0.54675118858954,0.537242472266244,0.560747663551402,0.569640062597809,0.558484349258649,0.562401263823065,0.531782945736434,0.00969305331179321,0.492682926829268,0.5311004784689,0.455716586151369,0.0114192495921697,0.57051282051282,0.0163132137030995,0.455716586151369,0.535885167464115,0.575079872204473,0.00969305331179321,0.860576923076923,0.572555205047319,0.565853658536585,0.429508196721311,0.567524115755627,0.550724637681159,0.638095238095238,0.775316455696203,0.64171974522293,0.00643086816720257,0.61648177496038,0.551948051948052,0.549363057324841,0.564465408805031,0.528301886792453,0.531302876480541,0.458804523424879,0.00641025641025641,0.563779527559055,0.54874213836478,0.577352472089314,0.601866251944012,0.4544,0.651612903225806,0.5488,0.643581081081081,0.0127388535031847,0.621621621621622,0.644230769230769,0.635499207606973,0.00946372239747634,0.592775041050903,0.594855305466238,0.60126582278481,0.619273301737757,0.496932515337423,0.00950871632329636,0.010752688172043,0.529770992366412,0.559006211180124,0.00788643533123028,0.596491228070175,0.0112,0.00630914826498423,0.00825082508250825,0.536466774716369,0.00778816199376947,0.56260162601626,0.710191082802548,0.849206349206349,0.540123456790123,0.00803858520900321,0.00323624595469256,0.530903328050713,0.573872472783826,0.646322378716745,0.441823899371069,0.00815660685154975,0.65086887835703,0.76138147566719,0.54773082942097,0.585826771653543,0.5904,0.00947867298578199,0.546031746031746,0.462046204620462,0.593004769475358,0.480519480519481,0.010989010989011,0.447040498442368,0.520128824476651,0.560330578512397,0.554675118858954,0.00949367088607595,0.596899224806202,0.561430793157076,0.545886075949367,0.0112179487179487,0.482982171799028,0.547008547008547,0.462046204620462,0.532385466034755,0.54874213836478,0.449044585987261,0.53125,0.737520128824477,0.654895666131621,0.463022508038585,0.630048465266559,0.581320450885668,0.0126782884310618,0.456279809220986,0.5640625,0.44991789819376,0.662903225806452,0.559543230016313,0.00778816199376947,0.518341307814992,0.640983606557377,0.696400625978091,0.555555555555556,0.431561996779388,0.533965244865719,0.587939698492462,0.559190031152648,0.603149606299213,0.567043618739903,0.616883116883117,0.0110410094637224,0.557781201848998,0.448698315467075,0.537337662337662,0.851419031719533,0.4609375,0.541925465838509,0.538834951456311,0.529790660225443,0.562101910828026,0.54416403785489,0.592891760904685,0.644480519480519,0.583860759493671,0.665094339622642,0.00764525993883792,0.0095389507154213,0.543408360128617,0.566445182724252,0.469155844155844,0.568,0.56031746031746,0.774447949526814,0.593800978792822,0.717073170731707,0.646687697160883,0.0108191653786708,0.550955414012739,0.811501597444089,0.533646322378717,0.538341158059468,0.00934579439252336,0.631663974151858,0.558441558441558,0.449275362318841,0.638709677419355,0.5696,0.61171032357473,0.642512077294686,0.558320373250389,0.490595611285266,0.570962479608483,0.55607476635514,0.56269592476489,0.770114942528736,0.541533546325879,0.550793650793651,0.530708661417323,0.0126182965299685,0.635071090047393,0.593114241001565,0.536231884057971,0.628751974723539,0.528481012658228,0.581847649918963,0.533227848101266,0.283255086071987,0.439469320066335,0.00943396226415094,0.660771704180064,0.450885668276973,0.43859649122807,0.562903225806452,0.0109717868338558,0.566246056782334,0.588697017268446,0.540284360189573,0.544740973312402,0.4848,0.457463884430177,0.00927357032457496,0.00634920634920635,0.605911330049261,0.487096774193548,0.536858974358974,0.00964630225080386,0.444094488188976,0.525316455696203,0.19811320754717,0.754838709677419,0.545307443365696,0.860095389507154,0.549918166939444,0.653354632587859,0.656298600311042,0.00789889415481832,0.540706605222734,0.7776,0.770226537216828,0.6140625,0.54746835443038,0.651828298887122,0.014218009478673,0.580128205128205,0.593996840442338,0.00803858520900321,0.547839506172839,0.451355661881978,0.564860426929392,0.595541401273885,0.00975609756097561,0.0111642743221691,0.798668885191348,0.645264847512038,0.45440251572327,0.525451559934319,0.015748031496063,0.00981996726677578,0.615384615384615,0.464856230031949,0.541666666666667,0.589905362776025,0.554330708661417,0.434850863422292,0.557661927330174,0.555921052631579,0.632850241545894,0.51900826446281,0.456692913385827,0.0110584518167457,0.456451612903226,0.009375,0.551617873651772,0.416528925619835,0.555384615384615,0.464968152866242,0.553745928338762,0.00788643533123028,0.583724569640063,0.636217948717949,0.533546325878594,0.0065252854812398,0.538461538461538,0.00977198697068404,0.604575163398693,0.561708860759494,0.009375,0.845911949685535,0.553398058252427,0.565217391304348,0.595744680851064,0.463836477987421,0.00794912559618442,0.535657686212361,0.547540983606557,0.0077639751552795,0.649842271293375,0.430340557275542,0.458003169572108,0.535143769968051,0.548335974643423,0.547581903276131,0.543859649122807,0.550632911392405,0.00791139240506329,0.557324840764331,0.0190174326465927,0.826771653543307,0.549206349206349,0.538827258320127,0.542130365659777,0.548286604361371,0.5484375,0.104166666666667,0.474842767295597,0.561872909698997,0.574102964118565,0.609105180533752,0.555379746835443,0.535101404056162,0.576862123613312,0.0078003120124805,0.00786163522012579,0.55895865237366,0.00626959247648903,0.486571879936809,0.00969305331179321,0.583724569640063,0.5536,0.52442996742671,0.523584905660377,0.59047619047619,0.0111642743221691,0.5424,0.535657686212361,0.548183254344392,0.656500802568218,0.756880733944954,0.553191489361702,0.510108864696734,0.57516339869281,0.434850863422292,0.50314465408805,0.805732484076433,0.547923322683706,0.625,0.460443037974684,0.00969305331179321,0.4446227929374,0.813204508856683,0.542148760330578,0.966929133858268,0.683076923076923,0.612179487179487,0.658267716535433,0.550702028081123,0.575657894736842,0.555555555555556,0.550488599348534,0.55663430420712,0.619047619047619,0.6,0.558587479935794,0.469040247678019,0.463949843260188,0.638095238095238,0.0172684458398744,0.5421875,0.540031397174254,0.00966183574879227,0.528180354267311,0.00638977635782748,0.547504025764895,0.00974025974025974,0.556942277691108,0.5376,0.456112852664577,0.614767255216693,0.542452830188679,0.809061488673139,0.74805598755832,0.665594855305466,0.00796178343949045,0.00645161290322581,0.572368421052632,0.60546282245827,0.554868624420402,0.0077639751552795,0.00941915227629513,0.443708609271523,0.524844720496894,0.593650793650794,0.00796178343949045,0.60377358490566,0.0078740157480315,0.566188197767145,0.549363057324841,0.575856443719413,0.555031446540881,0.00764525993883792,0.60129659643436,0.565977742448331,0.567353407290016,0.583975346687211,0.702702702702703,0.456112852664577,0.572115384615385,0.06957928802589,0.537459283387622,0.00644122383252818,0.54416403785489,0.0113268608414239,0.543689320388349,0.461414790996785,0.300970873786408,0.00786163522012579,0.00321027287319422,0.612954186413902,0.556818181818182,0.603174603174603,0.613924050632911,0.470404984423676,0.448165869218501,0.569620253164557,0.549689440993789,0.00649350649350649,0.443729903536977,0.547923322683706,0.00469483568075117,0.545454545454545,0.582159624413146,0.483253588516746,0.0333863275039746,0.441786283891547,0.544025157232704,0.595121951219512,0.480830670926518,0.503311258278146,0.492890995260663,0.65252854812398,0.509375,0.560897435897436,0.00956937799043062,0.630645161290323,0.530516431924883,0.0128205128205128,0.00807754442649435,0.449074074074074,0.00791139240506329,0.469648562300319,0.546456692913386,0.623164763458401,0.455882352941176,0.438511326860841,0.854132901134522,0.587378640776699,0.635930047694754,0.0330708661417323,0.455573505654281,0.0756578947368421,0.0303030303030303,0.00956937799043062,0.400958466453674,0.436055469953775,0.434294871794872,0.45583596214511,0.448062015503876,0.0309951060358891,0.0427215189873418,0.459842519685039,0.0240770465489567,0.0127388535031847,0.0494417862838915,0.0309119010819165,0.0331230283911672,0.461661341853035,0.0369774919614148,0.44281045751634,0.454833597464342,0.0272873194221509,0.462757527733756,0.0576323987538941,0.455414012738854,0.45253164556962,0.450617283950617,0.434083601286174
"334",0.0158982511923688,0.0173501577287066,0.043613707165109,0.0743670886075949,0.0352564102564103,0.0174603174603175,0.109350237717908,0.0408805031446541,0.0186046511627907,0,0.0170278637770898,0,0.443037974683544,0.0158730158730159,0.940717628705148,0.982839313572543,0,0,0.019047619047619,0.0298273155416013,0.831007751937984,0.956168831168831,0.0294573643410853,0,0.0556414219474498,0.762360446570973,0.893249607535322,0.0257648953301127,0.533026113671275,0.327743902439024,0.984496124031008,0.319938176197836,0.253588516746411,0.7171875,0,0.0125,0.00312989045383412,0.0201238390092879,0.759146341463415,0.112633181126332,0,0,0,0.017515923566879,0.232633279483037,1,0.518927444794953,0.98256735340729,0.552833078101072,0.861751152073733,0,0.0232198142414861,0.741835147744946,0.0159235668789809,0.116613418530351,0.86053882725832,0,0.041335453100159,0.0515625,0.106976744186047,0.725581395348837,0.570987654320988,0.984076433121019,0,0.114331723027375,0.189655172413793,0,0.0254777070063694,0,0.983844911147011,0.152542372881356,0.979559748427673,0.970266040688576,0.0151515151515152,0,0.304615384615385,0.942367601246106,0.441679626749611,0.1168,0.758278145695364,0,0.308755760368664,0.800918836140888,0.0186335403726708,0.880434782608696,0.105828220858896,0.0156494522691706,0.0451010886469673,0.0447530864197531,0,0.0284810126582278,0.015625,0,0,0.0387722132471729,0,0.70404984423676,0.0375,0,0,0.390625,0,0.714738510301109,0.0126782884310618,0.896499238964992,0.0159744408945687,0,0.0332278481012658,0.982511923688394,0.995253164556962,0.97339593114241,0.0981012658227848,0.684292379471229,0.0263565891472868,0,0.0310077519379845,0.305810397553517,0,0.984202211690363,0.771293375394322,0,0.25,0.7546875,0.924679487179487,0.0470957613814757,0.857366771159875,0.0198776758409786,0.0219092331768388,0,0.465224111282844,0.0818897637795276,0.524038461538462,0.0256,0,0.0192926045016077,0.970903522205207,0,0.790143084260731,0.390127388535032,0.495192307692308,0,0,0.0405616224648986,0.25508607198748,0.826498422712934,0.0190174326465927,0.971698113207547,0.0895061728395062,0.608974358974359,0.0339506172839506,0.867313915857605,0.0332805071315372,0.0145161290322581,0.183925811437403,0.0170807453416149,0.985759493670886,0.0186915887850467,0.9859375,0,0.268174474959612,0.132132132132132,0.0375586854460094,0.976851851851852,0,0.0152439024390244,0.561290322580645,0.0192926045016077,0.0171606864274571,0.0154559505409583,0.721362229102167,0.0356589147286822,0.985826771653543,0.0611620795107034,0.983383685800604,0.115384615384615,0.652582159624413,0,0.03125,0,0.173846153846154,0.0170807453416149,0.858954041204437,0.0341614906832298,0.0734375,0.0241691842900302,0.0402476780185759,0.929467084639498,0.637904468412943,0.090032154340836,0.0791139240506329,0.929245283018868,0.982892690513219,0.0335463258785942,0.134165366614665,0,0,0.710191082802548,0,0.013677811550152,0.765432098765432,0.122065727699531,0.265116279069767,0.0243531202435312,0.579113924050633,0.568111455108359,0.719101123595506,0.097444089456869,0.0488188976377953,0.133540372670807,0,0.138248847926267,0.826645264847512,0.0732484076433121,0.982731554160126,0.916413373860182,0.489096573208723,0.0329153605015674,0.0320610687022901,0.18957345971564,0.0108024691358025,0.126382306477093,0,0.921383647798742,0.345622119815668,0.0221518987341772,0,0.0186625194401244,0.0362537764350453,0.470957613814757,0.465625,0.0268987341772152,0.0176565008025682,0.632237871674491,0,0.109907120743034,0.49047619047619,0.0466237942122186,0.979907264296754,0.0567484662576687,0.0190174326465927,0.0139103554868624,0.0657276995305164,0.481424148606811,0.982594936708861,0.0444444444444444,0.489795918367347,0.980152671755725,0.981566820276498,0.798732171156894,0.990491283676704,0.849358974358974,0.342592592592593,0.985915492957746,0.979623824451411,0.979719188767551,0.427469135802469,0.947030497592295,0.0333863275039746,0,0.981279251170047,0,0.779365079365079,0.0176565008025682,0.0410742496050553,0.105180533751962,0,0.1312,0.158950617283951,0.32967032967033,0.407751937984496,0.564668769716088,0.544283413848631,0,0.01743264659271,0.9046875,0.318840579710145,0.0485133020344288,0.983050847457627,0.26148969889065,0.98116169544741,0.896389324960754,0.0167173252279635,0.0193236714975845,0.107936507936508,0,0.377535101404056,0.117088607594937,0,0.987786259541985,0.0927357032457496,0.0346456692913386,0,0.986068111455108,0.98468606431853,0.0397456279809221,0.12597200622084,0.987117552334944,0,0.622432859399684,0.0285714285714286,0.226851851851852,0.6328125,0.364500792393027,0.05320813771518,0.981308411214953,0.0168711656441718,0.0171073094867807,0.979166666666667,0.0499219968798752,0.0172684458398744,0.0430622009569378,0.0140625,0.82992125984252,0.693374422187982,0.721362229102167,0.0369774919614148,0.0731319554848967,0.00308641975308642,0.745682888540031,0.0443037974683544,0.861801242236025,0.70257966616085,0.0201863354037267,0.0158227848101266,0.0438871473354232,0.312297734627832,0.0213414634146341,0.754807692307692,0.0479134466769706,0.0206349206349206,0,0.686520376175549,0.457278481012658,1,0.00154559505409583,0.975346687211094,0.119122257053292,0.967441860465116,0.987341772151899,0,0.790625,0.0253565768621236,0.915492957746479,0.0324675324675325,0.0438184663536776,0.0267716535433071,0.716744913928013,0.710823909531502,0.349683544303797,0.553571428571429,0,0.197115384615385,0.975535168195719,0.955038759689922,0.803680981595092,0.0158478605388273,0.986024844720497,0,0.679626749611198,0.983050847457627,0.960063897763578,0.529780564263323,0.01743264659271,0.745627980922099,0.0164203612479475,0.0484375,0,0.0223880597014925,0.982839313572543,0.0198170731707317,0.187888198757764,0.0162074554294976,0.971653543307087,0.0398162327718224,0.982892690513219,0.130708661417323,0.306089743589744,0.0757341576506955,0.032258064516129,0.0138461538461538,0.723704866562009,0.05103668261563,0.0168453292496172,0.986217457886677,0.964396284829721,0.0125195618153365,0.0154798761609907,0.695517774343122,0.126959247648903,0.0472312703583062,0.0630769230769231,0.0184899845916795,0,0.887459807073955,0.0141732283464567,0.984276729559748,0,0.0451010886469673,0,0.959807073954984,0.0137825421133231,0.0440944881889764,0,0.383045525902669,0.593004769475358,0.0355411954765751,0.982428115015974,0.159677419354839,0.0211038961038961,0.633333333333333,0.421296296296296,0.229199372056515,0,0.841772151898734,0.038961038961039,0.018957345971564,0.568356374807988,0.0169753086419753,0.0447761194029851,0.955453149001536,0,0.0325581395348837,0.0187793427230047,0.0599369085173502,0.331782945736434,0.974603174603175,0.135007849293564,0.770542635658915,0.809286898839138,0,0.404153354632588,0.389857369255151,0.403100775193798,0,0.739059967585089,0.102685624012638,0.387692307692308,0.493087557603687,0.919523099850969,0,0,0.0148809523809524,0.0399385560675883,0,0.0968253968253968,0,0,0,0.0176,0,0.019047619047619,0.237129485179407,0.494590417310665,0.0139968895800933,0,0,0.0233644859813084,0.0524737631184408,0.30521472392638,0.992295839753467,0,0.115853658536585,0.430340557275542,0.0188976377952756,0.4828125,0.66984126984127,0,0.0336391437308868,0.984025559105431,0.0551181102362205,0.919254658385093,0,0.974164133738602,0.870253164556962,0.524509803921569,0.0482866043613707,0,0.0625,0.0359375,0.0139968895800933,0,0.950949367088608,0.076158940397351,0.982084690553746,0.0123839009287926,0.0168970814132104,0.978125,0.0186335403726708,0.711864406779661,0.214397496087637,0.978125,0.827476038338658,0.0590979782270607,0,0.987519500780031,0.0420560747663551,0.990384615384615,0.3584,0.59748427672956,0,0.877742946708464,0.269789983844911,0.742990654205608,0.0490506329113924,0.98755832037325,0.859567901234568,0.555194805194805,0.0662557781201849,0.123475609756098,0.0532915360501567,0.2736,0,0.0352220520673813,0.983128834355828,0.0479876160990712,0.620521172638437,0.984615384615385,0.0138888888888889,0.0159744408945687,0.0126582278481013,0.385220125786164,0.0346456692913386,0.868131868131868,0.811616954474097,0.0672926447574335,0.119122257053292,0,0,0.0220820189274448,0.0672,0.968404423380727,0.0331230283911672,0.0283464566929134,0.641627543035994,0.0749601275917065,0.296,0.104863221884498,0,0.0452418096723869,0.662379421221865,0.0154798761609907,0.0188679245283019,0,0.371653543307087,0.0427215189873418,0.987361769352291,0.334913112164297,0.643625192012289,0.218844984802432,0.324367088607595,0.0592705167173252,0.907012195121951,0.0304,0.0141287284144427,0.0297805642633229,0.704944178628389,0.882075471698113,0.028391167192429,0.0185185185185185,0,0.231124807395994,0.551617873651772,0.766457680250784,0.259026687598116,0.018957345971564,0.14622641509434,0.0167682926829268,0.115740740740741,0.985436893203884,0,0.187993680884676,0.985849056603774,0.98116169544741,0.749606299212598,0,0.0264385692068429,0.0992248062015504,0.0172413793103448,0.0237341772151899,0.907668231611894,0.985804416403785,0,0,0.831210191082803,0.920886075949367,0.86046511627907,0,0.984202211690363,0.0155038759689922,0.403374233128834,0.711323763955343,0.0174050632911392,0.422535211267606,0.0458135860979463,0.356481481481481,0.372340425531915,0,0.0149925037481259,0.613207547169811,0.517350157728707,0.0851063829787234,0.0276923076923077,0.621705426356589,0,0.0603715170278638,0.058641975308642,0,0.0485584218512898,0.968454258675079,0.0289389067524116,0.5765625,0,0,0.506535947712418,0.181964573268921,0.981072555205047,0.880837359098229,0,0,0.256797583081571,0.968404423380727,0.0178861788617886,0.693498452012384,0.0256410256410256,0.981651376146789,0.636505460218409,0.696,0.1408,0.909967845659164,0.985981308411215,0,0.947619047619048,0,0.0182094081942337,0.79549114331723,0.0300751879699248,0.977848101265823,0.0175438596491228,0,0.490106544901065,0.541139240506329,0.01875,0,0.0197568389057751,0,0.620967741935484,0.0277349768875193,0,0.351014040561622,0.0289389067524116,0.276995305164319,0.0654952076677316,0.961240310077519,0,0.0155763239875389,0.746815286624204,0,0.325115562403698,0.986301369863014,0.964831804281346,0.017515923566879,0.0159489633173844,0.0262345679012346,0.0456692913385827,0.032967032967033,0,0.0374414976599064,0,0.652241112828439,0.742088607594937,0.0291858678955453,0.0249609984399376,0.0261941448382126,0.0199692780337942,0.027906976744186,1,0.0322061191626409,0.0551301684532925,0.308049535603715,0.0403100775193798,0.013677811550152,0.0449612403100775,0,0,0.0334855403348554,0,0.929245283018868,0,0.0579029733959311,0.737179487179487,0.796178343949045,0.878693623639191,0.0889235569422777,0.00158227848101266,0.900311526479751,0.0157977883096366,0.0171339563862928,0.371610845295056,0.590909090909091,0.796407185628742,0.844135802469136,0.380726698262243,0.986046511627907,0.861370716510903,0.474763406940063,0.748079877112135,0.323029366306028,0.972265023112481,0,0.9808,0.6765625,0.0112903225806452,0.357698289269051,0.781679389312977,0.404724409448819,0.129230769230769,0.0274809160305344,0.0533117932148627,0.0305958132045089,0.017515923566879,0.019047619047619,0.461417322834646,0.590909090909091,0.0139318885448916,0.982062780269058,0.977307110438729,0.138801261829653,0,0.0184331797235023,0.0458715596330275,0,0.891410048622366,0,0.0655226209048362,0,0.0453125,0.0204081632653061,0.975535168195719,0.17246835443038,0.00923076923076923,0.359300476947536,0.398104265402844,0.114420062695925,0,0,0.0795454545454545,0.0676691729323308,0.0279503105590062,0,0,0.987096774193548,0.772036474164134,0.503828483920367,0,0.567398119122257,0,0.0901898734177215,0.0159235668789809,0.8064,0.769230769230769,0,0.681818181818182,0.424528301886792,0.150706436420722,0.0519083969465649,0.231726283048211,0.9858934169279,0.0318471337579618,0.0906200317965024,0.0145395799676898,0,0.0303490136570561,0,0.0189873417721519,0.973101265822785,0.60031847133758,0,0,0.182242990654206,0.0881410256410256,0.0590062111801242,0.289676425269646,0.958715596330275,0.974603174603175,0.180379746835443,0.180704441041348,0,0.974643423137876,0.0540540540540541,0,0.031496062992126,0.0559006211180124,0.934579439252336,0,0.981102362204724,0.0184049079754601,0.563291139240506,0.91496062992126,0.893203883495146,0.900466562986003,0.325396825396825,0.895061728395062,0.0189873417721519,0,0.252336448598131,0.036979969183359,0,0,0.986404833836858,0,0.982945736434109,0.0188679245283019,0.285024154589372,0.982484076433121,0.982919254658385,0.481717011128776,0.0541795665634675,0.561815336463224,0.00155038759689922,0.982171799027553,0.0512820512820513,0.00622083981337481,0,0.793322734499205,0.978428351309707,0.979397781299525,0.97196261682243,0.983050847457627,0,0.00156739811912226,0.970266040688576,0.00465116279069767,0.00323101777059774,0.0279503105590062,0.00310077519379845,0.00156985871271586,0.975116640746501,0.0110935023771791,0.985623003194888,0.982539682539682,0,0.979623824451411,0.0473282442748092,0.985871271585557,0.904984423676013,0.981927710843373,0.98116169544741
"335",0.0609951845906902,0.0532915360501567,0.0532724505327245,0.045958795562599,0.050314465408805,0.0536277602523659,0.060126582278481,0.0517241379310345,0.0560606060606061,0.941640378548896,0.0544323483670296,0.94679186228482,0.0348484848484849,0.0490506329113924,0.00308641975308642,0,0.938622754491018,0.961119751166407,0.0557324840764331,0.0535168195718654,0.0169491525423729,0,0.0508474576271186,0.945121951219512,0.0476190476190476,0.0125786163522013,0.00930232558139535,0.0634920634920635,0.0300751879699248,0.0412844036697248,0.00153609831029186,0.0385208012326656,0.0464,0.0155763239875389,0.942635658914729,0.0572755417956656,0.935779816513762,0.0540123456790123,0.0148367952522255,0.0506912442396313,0.947368421052632,0.962674961119751,0.958652373660031,0.0551181102362205,0.0415335463258786,0.00156985871271586,0.0251968503937008,0.00154083204930663,0.0298507462686567,0.0106382978723404,0.936335403726708,0.054858934169279,0.0156739811912226,0.053680981595092,0.0610932475884244,0.00317460317460317,0.941176470588235,0.0537974683544304,0.0538461538461538,0.0417956656346749,0.015527950310559,0.0263975155279503,0.0015625,0.939102564102564,0.0458135860979463,0.0445468509984639,0.942277691107644,0.0525502318392581,0.95046439628483,0.00159235668789809,0.0412844036697248,0.0015552099533437,0,0.0499243570347958,0.946564885496183,0.0368098159509202,0.00308166409861325,0.0357698289269051,0.042654028436019,0.0146818923327896,0.948275862068966,0.0352220520673813,0.0106870229007634,0.0549618320610687,0.00920245398773006,0.0515933232169954,0.0546021840873635,0.0490045941807044,0.0537634408602151,0.956325301204819,0.0518867924528302,0.0523076923076923,0.950155763239875,0.945987654320988,0.0520504731861199,0.94620253164557,0.0323076923076923,0.0541795665634675,0.952234206471495,0.956521739130435,0.0451713395638629,0.9515625,0.0141509433962264,0.055379746835443,0.00151745068285281,0.059748427672956,0.95968992248062,0.0479134466769706,0.00158227848101266,0.00156494522691706,0.00154559505409583,0.0694006309148265,0.0125,0.0599078341013825,0.941732283464567,0.0553846153846154,0.0384615384615385,0.956127080181543,0.00151515151515152,0.0186046511627907,0.939759036144578,0.0417956656346749,0.015600624024961,0.00636942675159236,0.049306625577812,0.0107858243451464,0.052790346907994,0.0460122699386503,0.941732283464567,0.0369230769230769,0.0470219435736677,0.0250783699059561,0.0542264752791069,0.953917050691244,0.0544323483670296,0.00152905198776758,0.942812982998454,0.0188087774294671,0.0280373831775701,0.0368,0.943307086614173,0.947368421052632,0.0513219284603421,0.043613707165109,0.0111287758346582,0.0486656200941915,0.0015552099533437,0.0471841704718417,0.0188087774294671,0.0485584218512898,0.00941915227629513,0.0590062111801242,0.047244094488189,0.0414110429447853,0.0535168195718654,0.00158982511923688,0.0570107858243451,0,0.942073170731707,0.046875,0.0555555555555556,0.0496894409937888,0,0.953846153846154,0.0534351145038168,0.0186046511627907,0.0478468899521531,0.0537634408602151,0.0510046367851623,0.0167173252279635,0.0540958268933539,0.0015600624024961,0.0506912442396313,0.0015015015015015,0.0520504731861199,0.0139318885448916,0.946708463949843,0.0559006211180124,0.946889226100152,0.0461538461538462,0.0548780487804878,0.0109034267912773,0.0543478260869565,0.0516717325227964,0.0462686567164179,0.0516717325227964,0.00153609831029186,0.0182094081942337,0.0444444444444444,0.0487421383647799,0.0062111801242236,0.00151515151515152,0.0530421216848674,0.0729813664596273,0.944277108433735,0.9484375,0.0186335403726708,0.951219512195122,0.0513595166163142,0.0122699386503067,0.0538827258320127,0.0387596899224806,0.0513595166163142,0.0238095238095238,0.0214723926380368,0.021978021978022,0.0514018691588785,0.0556414219474498,0.0473282442748092,0.945736434108527,0.0421216848673947,0.0126782884310618,0.0518867924528302,0.00154559505409583,0.00308166409861325,0.0308166409861325,0.0584518167456556,0.0516717325227964,0.0436817472698908,0.0500782472613459,0.05320813771518,0.944099378881988,0.00461538461538462,0.0400616332819723,0.0507131537242472,0.945904173106646,0.0562310030395137,0.05,0.0340557275541796,0.0232198142414861,0.0528771384136858,0.0520504731861199,0.0376175548589342,0.947967479674797,0.0614692653673163,0.0266875981161695,0.0476190476190476,0.00152905198776758,0.0513595166163142,0.0559006211180124,0.0542635658914729,0.0541795665634675,0.0307219662058372,0.00155038759689922,0.0528700906344411,0.0245022970903522,0,0.00151745068285281,0.0141955835962145,0,0.0158730158730159,0.0305810397553517,0.0015552099533437,0.00154559505409583,0,0.0321592649310873,0.00625978090766823,0.043613707165109,0.963893249607535,0.00155763239875389,0.950920245398773,0.0139751552795031,0.0524642289348172,0.0422535211267606,0.0435458786936236,0.946070878274268,0.0458135860979463,0.0518292682926829,0.0327613104524181,0.025,0.0276923076923077,0.0265625,0.953198127925117,0.0579029733959311,0.00462962962962963,0.0318979266347687,0.046875,0.00156739811912226,0.0397553516819572,0.00154559505409583,0.0076103500761035,0.0568011958146487,0.0631067961165049,0.0661417322834646,0.942307692307692,0.0291858678955453,0.0643642072213501,0.9484375,0.00152671755725191,0.0625,0.05625,0.947692307692308,0.00152905198776758,0.00154083204930663,0.0543130990415335,0.0423861852433281,0.00156494522691706,0.94811320754717,0.0337941628264209,0.0554699537750385,0.0444104134762634,0.0169230769230769,0.0357698289269051,0.0368098159509202,0.0015600624024961,0.0519877675840979,0.0485133020344288,0,0.0474006116207951,0.0499219968798752,0.0550314465408805,0.0559875583203732,0.0108024691358025,0.0216383307573416,0.02,0.054858934169279,0.0448717948717949,1,0.0206677265500795,0.048062015503876,0.00614439324116743,0.0211161387631976,0.05625,0.0570107858243451,0.05625,0.0409448818897638,0.0496240601503759,0.0189873417721519,0.0508474576271186,0.0537974683544304,0.94392523364486,0.0230769230769231,0.037914691943128,0.00154559505409583,1,0.00152439024390244,0.0447530864197531,0.00154559505409583,0.00154798761609907,0.948872180451128,0.0138888888888889,0.0501567398119122,0.00766871165644172,0.059967585089141,0.0518867924528302,0.0515625,0.0141732283464567,0.0176,0.0429447852760736,0.0194805194805195,0.94969512195122,0.0447530864197531,0.00150602409638554,0.00304878048780488,0.0108864696734059,0.0513219284603421,0.00154320987654321,0.940902021772939,0.0278207109737249,0.00150829562594268,0.00476190476190476,0.0294573643410853,0.0525477707006369,0.0126782884310618,0.0470779220779221,0.0514820592823713,0.951219512195122,0.0541727672035139,0.00153139356814701,0.0429447852760736,0.040625,0.0604133545310016,0.00309597523219814,0.048411497730711,0.0015527950310559,0.0511627906976744,0.0299684542586751,0.0511627906976744,0.0533536585365854,0.0574534161490683,0.013953488372093,0.0545171339563863,0.0548780487804878,0.00151515151515152,0.0046875,0.0570522979397781,0.0496124031007752,0.0136157337367625,0.0495356037151703,0.0591054313099042,0.0471841704718417,0.0581929555895865,0.940438871473354,0.0031496062992126,0.0526315789473684,0.0015552099533437,0.946287519747235,0.0528771384136858,0.961661341853035,0.00312989045383412,0.0547112462006079,0.0505529225908373,0.956454121306376,0.043343653250774,0.0203125,0.0518867924528302,0.00156494522691706,0.0471698113207547,0.0587301587301587,0.0204724409448819,0.0307219662058372,0.0375,0.944707740916272,0.00940438871473354,0.05625,0.0496124031007752,0.0169491525423729,0.0503048780487805,0.0555555555555556,0.00155038759689922,0.953775038520801,0.0626911314984709,0.0530421216848674,0.0455259026687598,0.043010752688172,0.00155038759689922,0.0546021840873635,0.0139103554868624,0.0245499181669394,0.956856702619414,0.0473933649289099,0.0311526479750779,0.0372670807453416,0.946401225114854,0.016025641025641,0.0486656200941915,0.0462249614791988,0.0261136712749616,0.00299850074962519,0.940184049079755,0.946727549467275,0.0520833333333333,0.0560606060606061,0.946808510638298,0.0509259259259259,0.95253164556962,0.954198473282443,0.94408945686901,0.0609375,0.945038167938931,0.0507131537242472,0.0360501567398119,0.0348484848484849,0.053030303030303,0.940988835725678,0.942367601246106,0.0512422360248447,0.0499243570347958,0.0434108527131783,0.00152439024390244,0.951845906902087,0.0692771084337349,0.0305810397553517,0.059375,0.0216049382716049,0.015527950310559,0.949230769230769,0.0542635658914729,0.00158478605388273,0.056782334384858,0.00928792569659443,0.946969696969697,0.00301204819277108,0.00783699059561128,0.0161550888529887,0.0510835913312693,0.947286821705426,0.0542986425339367,0.0543478260869565,0.0506912442396313,0.949074074074074,0.0015748031496063,0.0570032573289902,0,0.0553846153846154,0.0472560975609756,0,0.0521472392638037,0.0171073094867807,0.0432098765432099,0.00154559505409583,0.0142405063291139,0.0453857791225416,0.955766192733017,0.00153609831029186,0.0540123456790123,0.0016025641025641,0.0398089171974522,0.035548686244204,0.951219512195122,0.0062111801242236,0.0345368916797488,0.0183206106870229,0.0542635658914729,0,0.00762195121951219,0.0243506493506494,0.0436746987951807,0.0472560975609756,0.054858934169279,0.0456692913385827,0.944620253164557,0.0611620795107034,0.00152671755725191,0.0484375,0.0222929936305732,0.00150829562594268,0.0552995391705069,0.0569620253164557,0.0421216848673947,0.0283018867924528,0.0504587155963303,0.00625978090766823,0.00941915227629513,0.0524691358024691,0.058641975308642,0.948170731707317,0.947368421052632,0.0528771384136858,0.0410094637223975,0,0.0518867924528302,0.0473282442748092,0.0155038759689922,0.0421875,0.0470957613814757,0.0656488549618321,0.944193061840121,0.0451010886469673,0.0297339593114241,0.0572755417956656,0.0545171339563863,0.953592814371258,0.0392464678178964,0.0471698113207547,0.0015527950310559,0.0358814352574103,0.010752688172043,0.0499243570347958,0.0345368916797488,0.0571428571428571,0.00299850074962519,0.0492063492063492,0.0554699537750385,0.0506134969325153,0.025518341307815,0.0232198142414861,0.0499219968798752,0.0473282442748092,0.96319018404908,0.0464396284829721,0.0214395099540582,0.00626959247648903,0.0402476780185759,0.0563380281690141,0.0469483568075117,0.0551301684532925,0.751533742331288,0.00161030595813205,0.946236559139785,0.0418604651162791,0.0015748031496063,0,0.0123839009287926,0.946153846153846,0.0527131782945736,0.0426179604261796,0.0509259259259259,0.0565749235474006,0.00316455696202532,0.0015552099533437,0.939485627836611,0.948837209302326,0.00786163522012579,0.00789889415481832,0.0096,0.94435857805255,0.00154083204930663,0.055045871559633,0.536953242835596,0.0141287284144427,0.0551181102362205,0.0404984423676012,0.0505529225908373,0.0366412213740458,0.0303030303030303,0.949230769230769,0.0579494799405646,0.0205047318611987,0.0262345679012346,0.0587349397590361,0.0506134969325153,0.0280373831775701,0.950387596899225,0.0506134969325153,0.0534351145038168,0.948517940717629,0.0602409638554217,0.00154320987654321,0.0516129032258065,0.0266457680250784,0.946372239747634,0.962732919254658,0.0293637846655791,0.043613707165109,0,0.00159489633173844,0.952307692307692,0.944178628389155,0.043026706231454,0.00157977883096367,0.0619902120717781,0.015220700152207,0.0534351145038168,0.00150829562594268,0.0155038759689922,0.0141955835962145,0.0521327014218009,0.00475435816164818,0.00153846153846154,0.956923076923077,0.00467289719626168,0.940639269406393,0.0494011976047904,0.158319870759289,0.0540540540540541,0.00155038759689922,0.0560897435897436,0.941807044410414,0.0349544072948328,0.0297805642633229,0.0507692307692308,0.9515625,0.0534351145038168,0.94488188976378,0.0160513643659711,0.0477657935285054,0.946070878274268,0.0487062404870624,0.0501567398119122,0.0392464678178964,0.0416,0.00153374233128834,0.947784810126582,0.0470957613814757,0.00317460317460317,0.945619335347432,0.0368098159509202,0,0.00154083204930663,0.0482866043613707,0.055379746835443,0.0531914893617021,0.0612244897959184,0.0559875583203732,0.950769230769231,0.0510835913312693,0.949618320610687,0.0379362670713202,0.0124031007751938,0.0559006211180124,0.0544323483670296,0.0517503805175038,0.0575757575757576,0.88208269525268,0.0015600624024961,0.0563607085346216,0.0411585365853659,0.0425531914893617,0.0546282245827011,0.0510835913312693,0.0525502318392581,0.942989214175655,0.945121951219512,0.0568862275449102,0.948484848484848,0.00306748466257669,0.947530864197531,0.0482866043613707,0.00955414012738853,0.0109717868338558,0.0078003120124805,0.0538827258320127,0.944099378881988,0.00463678516228748,0.0619195046439628,0.0561456752655539,0.0338983050847458,0.0223214285714286,0.0118694362017804,0.0122137404580153,0.0347003154574132,0.00155038759689922,0.00927357032457496,0.0260336906584992,0.0187207488299532,0.0484848484848485,0.00153374233128834,0.944707740916272,0.0015625,0.0318471337579618,0.0576,0.0719754977029096,0.0119940029985007,0.0421216848673947,0.0458715596330275,0.0596125186289121,0.0648298217179903,0.0508744038155803,0.050314465408805,0.0535433070866142,0.0186625194401244,0.0185471406491499,0.057542768273717,0.00151285930408472,0.00151745068285281,0.0495356037151703,0.95852534562212,0.0569230769230769,0.0475460122699387,0.95253164556962,0.0047244094488189,0.942724458204334,0.0470957613814757,0.946774193548387,0.0570107858243451,0.0497667185069984,0.00152439024390244,0.0458135860979463,0.0580152671755725,0.0348101265822785,0.0263565891472868,0.0700934579439252,0.941807044410414,0.946287519747235,0.0448,0.0373134328358209,0.0504587155963303,0.946808510638298,0.948406676783004,0.00157232704402516,0.015220700152207,0.0294117647058824,0.944012441679627,0.0214395099540582,0.94478527607362,0.0429252782193959,0.0551181102362205,0.0344827586206897,0.0153374233128834,0.942249240121581,0.0189873417721519,0.0295489891135303,0.0449612403100775,0.0485584218512898,0.0338461538461538,0,0.0494417862838915,0.852760736196319,0.054140127388535,0.948598130841122,0.0491551459293395,0.957186544342508,0.0458860759493671,0.00156494522691706,0.346518987341772,0.946070878274268,0.949206349206349,0.0400616332819723,0.0488958990536278,0.0535168195718654,0.0350076103500761,0.003003003003003,0.00157232704402516,0.0306278713629403,0.0548780487804878,0.944532488114105,0.00154798761609907,0.0467289719626168,0.941176470588235,0.0572337042925278,0.046656298600311,0.00462249614791988,1,0.00154798761609907,0.0524691358024691,0.0173501577287066,0.00463678516228748,0.00485436893203883,0.00614439324116743,0.0476190476190476,0.00914634146341463,0.0488188976377953,0.94,0.0453834115805947,0.0590015128593041,0.961904761904762,0.942635658914729,0.00150375939849624,0.948916408668731,0.0015220700152207,0.0573643410852713,0.0334928229665072,0.00158478605388273,0.00156985871271586,0.0347551342812006,0.0649149922720247,0.0276923076923077,0.984639016897081,0.0016,0.926332288401254,0.935975609756098,0.944620253164557,0.158805031446541,0.00150375939849624,0.0015625,0.00606980273141123,0,1,1,0,0.935285053929122,0.950558213716108,0.908527131782946,0.939117199391172,1,0.00153846153846154,0.924031007751938,0,0,0.998439937597504,0.00154798761609907,0.89209726443769,0.0015600624024961,0.0464396284829721,0.00149253731343284,0
"336",0.0094488188976378,0.00303951367781155,0.0346385542168675,0.0705329153605016,0.0217729393468118,0.0094488188976378,0.103076923076923,0.0335365853658537,0.00753012048192771,0,0.00771604938271605,0,0.426829268292683,0.00934579439252336,0.94954128440367,0.981707317073171,0,0.00152439024390244,0.0126582278481013,0.027231467473525,0.837672281776417,0.959501557632399,0.0167427701674277,0,0.0564885496183206,0.74375,0.891640866873065,0.0158982511923688,0.531626506024096,0.30781010719755,0.993975903614458,0.312404287901991,0.2390625,0.703533026113671,0,0.00918836140888208,0.00764525993883792,0.0149925037481259,0.745562130177515,0.102564102564103,0,0,0,0.00768049155145929,0.227344992050874,0.96937212863706,0.496932515337423,0.995412844036697,0.533532041728763,0.873873873873874,0,0.0138674884437596,0.749235474006116,0.00460829493087558,0.118098159509202,0.825396825396825,0,0.034375,0.0451807228915663,0.106927710843373,0.711043872919818,0.5662100456621,0.993798449612403,0,0.114599686028257,0.178461538461538,0,0.0199692780337942,0,0.990683229813665,0.148260211800303,0.987711213517665,0.975572519083969,0.0060882800608828,0,0.291729323308271,0.945038167938931,0.431818181818182,0.11216429699842,0.729032258064516,0,0.297744360902256,0.798179059180577,0.00906344410876133,0.897239263803681,0.0981873111782477,0.0121765601217656,0.0350609756097561,0.0319148936170213,0,0.0216049382716049,0.00758725341426404,0,0,0.029320987654321,0,0.678353658536585,0.0247678018575851,0,0,0.380434782608696,0,0.722308892355694,0.00928792569659443,0.889728096676737,0.00791139240506329,0,0.027906976744186,0.990697674418605,0.986363636363636,0.989263803680982,0.0902021772939347,0.658573596358118,0.0168970814132104,0,0.0168453292496172,0.292682926829268,0,0.99388379204893,0.773643410852713,0,0.238310708898944,0.743076923076923,0.921974522292994,0.0325581395348837,0.844175491679274,0.0105105105105105,0.012012012012012,0,0.458270106221548,0.0721966205837174,0.5203125,0.0186915887850467,0,0.010989010989011,0.970059880239521,0,0.789473684210526,0.370716510903427,0.475513428120063,0,0,0.0274809160305344,0.248073959938367,0.8296875,0.00918836140888208,0.989079563182527,0.087218045112782,0.583333333333333,0.0253731343283582,0.860896445131376,0.0184049079754601,0.00614439324116743,0.166666666666667,0.0139751552795031,0.993730407523511,0.00754147812971342,0.992211838006231,0,0.272868217054264,0.12927191679049,0.0226928895612708,0.972809667673716,0,0.0075642965204236,0.557275541795666,0.00788643533123028,0.0061633281972265,0.0075187969924812,0.712977099236641,0.0274809160305344,0.993855606758833,0.0568862275449102,0.991044776119403,0.108695652173913,0.634703196347032,0,0.0214723926380368,0,0.157012195121951,0.0076103500761035,0.882352941176471,0.0244648318042813,0.0577507598784195,0.0133333333333333,0.0290964777947933,0.890909090909091,0.620272314674735,0.0859375,0.0644171779141104,0.935285053929122,0.986280487804878,0.025,0.134238310708899,0,0,0.707692307692308,0,0.00895522388059702,0.725075528700906,0.122065727699531,0.238670694864048,0.0179910044977511,0.566770186335404,0.572085889570552,0.705607476635514,0.0817901234567901,0.0404354587869362,0.123308270676692,0,0.124809741248097,0.822222222222222,0.0639625585023401,0.993808049535604,0.928571428571429,0.469673405909798,0.0305810397553517,0.0285285285285285,0.181818181818182,0.0107033639143731,0.120980091883614,0,0.921658986175115,0.341246290801187,0.0109204368174727,0,0.0136157337367625,0.0254491017964072,0.452160493827161,0.44954128440367,0.021671826625387,0.00317460317460317,0.614551083591331,0,0.103915662650602,0.479813664596273,0.0387596899224806,0.990825688073395,0.048048048048048,0.0062402496099844,0.00753012048192771,0.0570107858243451,0.469418960244648,0.990825688073395,0.0356037151702786,0.467374810318665,0.991058122205663,0.992481203007519,0.80248833592535,0.99388379204893,0.84375,0.33033033033033,0.990977443609023,0.989505247376312,0.984662576687117,0.411144578313253,0.954258675078864,0.021671826625387,0,0.990825688073395,0,0.763888888888889,0.00773993808049536,0.0289193302891933,0.108231707317073,0,0.126582278481013,0.141779788838612,0.309006211180124,0.403400309119011,0.5453125,0.5578125,0,0.00625,0.903374233128834,0.297297297297297,0.0427480916030534,0.981818181818182,0.254237288135593,0.992260061919505,0.87175572519084,0.00451127819548872,0.00806451612903226,0.106750392464678,0,0.365558912386707,0.108359133126935,0,0.992481203007519,0.102373887240356,0.0248062015503876,0,0.990909090909091,0.992295839753467,0.0252764612954186,0.129829984544049,0.99211356466877,0,0.598784194528875,0.015527950310559,0.223880597014925,0.606707317073171,0.351766513056836,0.0424242424242424,0.98159509202454,0.00750750750750751,0.00600600600600601,0.982945736434109,0.0442073170731707,0.00461538461538462,0.0358255451713396,0.0106707317073171,0.810477657935285,0.700920245398773,0.720364741641337,0.0295489891135303,0.0669856459330144,0.00303030303030303,0.745341614906832,0.0323076923076923,0.846036585365854,0.701046337817638,0.0138888888888889,0.0106382978723404,0.0352220520673813,0.312989045383412,0.00910470409711684,0.766153846153846,0.0421686746987952,0.00934579439252336,0,0.692653673163418,0.448916408668731,0.975346687211094,0.00152439024390244,1,0.0907692307692308,0.968703427719821,0.99236641221374,0,0.766513056835638,0.0169491525423729,0.922610015174507,0.0222575516693164,0.0366412213740458,0.0170278637770898,0.715610510046368,0.719298245614035,0.331782945736434,0.538585209003215,0,0.187692307692308,0.981845688350983,0.956586826347305,0.802431610942249,0.00619195046439629,0.990839694656489,0,0.682852807283763,0.980182926829268,0.972049689440994,0.519260400616333,0.00770416024653313,0.721698113207547,0.00638977635782748,0.0446153846153846,0,0.0160349854227405,0.992343032159265,0.0105580693815988,0.180576631259484,0.00947867298578199,0.981481481481482,0.0316265060240964,0.995384615384615,0.125190839694656,0.298273155416013,0.0604229607250755,0.0213414634146341,0.00460122699386503,0.709230769230769,0.042654028436019,0.0029940119760479,0.995488721804511,0.974085365853659,0.00784929356357928,0.0076103500761035,0.672782874617737,0.121165644171779,0.0398724082934609,0.0546282245827011,0.00605143721633888,0,0.882629107981221,0.00916030534351145,0.989079563182527,0,0.0390015600624025,0,0.949606299212598,0.00910470409711684,0.0373250388802488,0,0.370426829268293,0.584615384615385,0.0249609984399376,0.988924050632911,0.135093167701863,0.009375,0.625194401244168,0.405487804878049,0.222910216718266,0,0.829493087557604,0.0250391236306729,0.00302114803625378,0.557603686635945,0.00763358778625954,0.037037037037037,0.967592592592593,0,0.0196671709531014,0.013953488372093,0.0568356374807988,0.317700453857791,0.984639016897081,0.133333333333333,0.754573170731707,0.811993517017828,0,0.3875,0.401526717557252,0.395136778115502,0,0.710031347962382,0.10061919504644,0.366366366366366,0.484756097560976,0.924889543446245,0,0,0.00726744186046512,0.0358744394618834,0,0.0902140672782875,0,0,0,0.00917431192660551,0,0.0046656298600311,0.240740740740741,0.469879518072289,0.00742942050520059,0,0,0.013719512195122,0.0388059701492537,0.283559577677225,0.993874425727412,0,0.115097159940209,0.408194233687405,0.00605143721633888,0.465361445783133,0.65210608424337,0,0.0289193302891933,0.990654205607477,0.0494417862838915,0.904238618524333,0,0.986363636363636,0.895638629283489,0.525040387722132,0.0273972602739726,0,0.0576923076923077,0.0345864661654135,0.00302571860816944,0,0.922360248447205,0.0715447154471545,0.993620414673046,0.00759878419452888,0.00613496932515337,0.981735159817352,0.00762195121951219,0.701863354037267,0.195718654434251,0.986217457886677,0.832558139534884,0.0455927051671733,0,0.993720565149137,0.0332829046898638,0.990506329113924,0.343799058084772,0.590417310664606,0,0.890076335877863,0.255591054313099,0.742081447963801,0.027231467473525,0.992354740061162,0.840425531914894,0.547770700636943,0.0625931445603577,0.123145400593472,0.0443425076452599,0.257410296411856,0,0.024390243902439,0.992401215805471,0.0432766615146832,0.608424336973479,0.99400299850075,0.00768049155145929,0.0077639751552795,0.0061633281972265,0.379785604900459,0.024390243902439,0.867283950617284,0.813374805598756,0.0611620795107034,0.117465224111283,0,0,0.013953488372093,0.0729813664596273,0.976851851851852,0.0249221183800623,0.0152905198776758,0.641538461538462,0.0834645669291339,0.272585669781931,0.111607142857143,0,0.0411585365853659,0.643856920684292,0.00764525993883792,0.0062111801242236,0,0.374807987711214,0.0326086956521739,0.993817619783617,0.315132605304212,0.615853658536585,0.208955223880597,0.321928460342146,0.0494752623688156,0.914670658682635,0.0220125786163522,0.00606980273141123,0.0274390243902439,0.688498402555911,0.885321100917431,0.0152439024390244,0.00449775112443778,0,0.225460122699387,0.557750759878419,0.740909090909091,0.246177370030581,0.00455235204855842,0.130368098159509,0.00604229607250755,0.103915662650602,0.992012779552716,0,0.180277349768875,0.992331288343558,0.992354740061162,0.724085365853659,0,0.0168711656441718,0.0844645550527904,0.0107692307692308,0.0106544901065449,0.908675799086758,0.990726429675425,0,0,0.826224328593997,0.923547400611621,0.829953198127925,0,0.992378048780488,0.00917431192660551,0.445619335347432,0.715625,0.00784929356357928,0.406106870229008,0.0344287949921753,0.351766513056836,0.371814092953523,0,0.00733137829912024,0.610510046367852,0.504672897196262,0.0783132530120482,0.0197268588770865,0.62037037037037,0,0.0494590417310665,0.0457902511078287,0,0.0391566265060241,0.981566820276498,0.0238473767885533,0.582434514637905,0,0,0.482484076433121,0.173166926677067,0.990811638591118,0.867394695787831,0,0,0.256259204712813,0.965678627145086,0.00482315112540193,0.676783004552352,0.0150375939849624,0.990909090909091,0.617960426179604,0.669242658423493,0.133647798742138,0.896661367249603,0.990825688073395,0,0.957613814756672,0,0.0147492625368732,0.79746835443038,0.0220588235294118,0.992307692307692,0.00786163522012579,0,0.482758620689655,0.5359375,0.00463678516228748,0,0.010590015128593,0,0.605345911949686,0.0181818181818182,0,0.340361445783133,0.031201248049922,0.257009345794392,0.0588235294117647,0.954268292682927,0,0.00766871165644172,0.727272727272727,0,0.312883435582822,0.995529061102832,0.980392156862745,0.00928792569659443,0.00933125972006221,0.0151515151515152,0.0276073619631902,0.0261136712749616,0,0.0341085271317829,0,0.63013698630137,0.707317073170732,0.0106870229007634,0.00914634146341463,0.0163447251114413,0.012326656394453,0.031866464339909,0.978461538461538,0.0222222222222222,0.0446153846153846,0.295964125560538,0.0320121951219512,0.00918836140888208,0.0354938271604938,0,0,0.0293685756240822,0,0.92921686746988,0.00155763239875389,0.0504587155963303,0.712715855572998,0.777070063694268,0.88135593220339,0.081377151799687,0.00153609831029186,0.892638036809816,0.0061633281972265,0.00613496932515337,0.382262996941896,0.581259150805271,0.79295154185022,0.812874251497006,0.354788069073783,0.992537313432836,0.863013698630137,0.457098283931357,0.757296466973886,0.308734939759036,1,0,0.992260061919505,0.658267716535433,0.0078125,0.353030303030303,0.771386430678466,0.39209726443769,0.122913505311077,0.0209580838323353,0.0498442367601246,0.0234009360374415,0.0095389507154213,0.0108695652173913,0.450381679389313,0.576687116564417,0.00623052959501558,0.986607142857143,0.986486486486487,0.132307692307692,0,0.00603318250377074,0.0333333333333333,0,0.877358490566038,0,0.0583717357910906,0,0.0368663594470046,0.00759878419452888,0.985029940119761,0.166666666666667,0.00902255639097744,0.3453125,0.380664652567976,0.113003095975232,0,0,0.0764331210191083,0.0618556701030928,0.0182370820668693,0,0,0.992163009404389,0.770925110132159,0.508448540706605,0,0.549923195084485,0,0.0845070422535211,0.00930232558139535,0.814814814814815,0.760180995475113,0,0.659409020217729,0.404907975460123,0.145038167938931,0.0434131736526946,0.238670694864048,0.99537750385208,0.0186915887850467,0.0817901234567901,0.00473186119873817,0,0.0253353204172876,0,0.00775193798449612,0.976851851851852,0.631741140215716,0,0,0.178517397881997,0.082018927444795,0.0625954198473282,0.291729323308271,0.968277945619335,0.986196319018405,0.172360248447205,0.175675675675676,0,0.978328173374613,0.0446153846153846,0,0.0205371248025276,0.0534351145038168,0.933846153846154,0.0015220700152207,0.987823439878234,0.00902255639097744,0.5328125,0.920852359208524,0.8921875,0.871212121212121,0.320872274143302,0.907715582450832,0.00623052959501558,0,0.244582043343653,0.0256024096385542,0,0,0.992559523809524,0,0.993893129770992,0.00610687022900763,0.293563579277865,0.996899224806202,0.992248062015504,0.457680250783699,0.0446153846153846,0.570336391437309,0,0.990566037735849,0.050314465408805,0.00762195121951219,0,0.812206572769953,0.98644578313253,0.990811638591118,0.975867269984917,0.990977443609023,0,0.00151975683890578,0.996927803379416,0.00306748466257669,0.00156494522691706,0.0276073619631902,0.00600600600600601,0,0.993769470404984,0.0121212121212121,0.995283018867924,0.992260061919505,0.0015552099533437,1,0.0467571644042232,0.99388379204893,0.904761904761905,0.99261447562777,0.995412844036697
"337",0.899053627760252,0.906976744186046,0.893353941267388,0.868378812199037,0.895734597156398,0.919614147909968,0.841692789968652,0.8984375,0.911719939117199,0,0.904238618524333,0,0.593700787401575,0.9072,0.135593220338983,0.110599078341014,0,0.015600624024961,0.91866028708134,0.919254658385093,0.233846153846154,0.113268608414239,0.906976744186046,0,0.907407407407407,0.326984126984127,0.191424196018377,0.898222940226171,0.520865533230294,0.724191063174114,0.0996978851963746,0.706521739130435,0.758785942492013,0.3421875,0,0.908661417322835,0.0201238390092879,0.896604938271605,0.326894502228826,0.835365853658537,0.0015600624024961,0.0138248847926267,0.0031055900621118,0.90251572327044,0.752411575562701,0.110584518167457,0.540372670807453,0.0956112852664577,0.535987748851455,0.22289156626506,0,0.909952606635071,0.328149300155521,0.911076443057722,0.824367088607595,0.262820512820513,0,0.895569620253165,0.893023255813953,0.864197530864197,0.344287949921753,0.491551459293395,0.0907643312101911,0,0.832797427652733,0.779661016949153,0,0.904984423676013,0,0.0837282780410742,0.807153965785381,0.0855365474339036,0.0919003115264797,0.906344410876133,0,0.732006125574273,0.131901840490798,0.597560975609756,0.8512,0.368852459016393,0,0.703703703703704,0.272024729520866,0.911901081916538,0.186728395061728,0.854037267080745,0.908242612752722,0.895136778115502,0.880184331797235,0.00612557427258806,0.8984375,0.904615384615385,0,0,0.925984251968504,0,0.36055469953775,0.901081916537867,0.00610687022900763,0.0062015503875969,0.633802816901408,0,0.3546875,0.907086614173228,0.17774343122102,0.895330112721417,0.00628930817610063,0.888188976377953,0.0966719492868463,0.0959119496855346,0.101694915254237,0.85423197492163,0.409302325581395,0.9109375,0,0.904907975460123,0.722910216718266,0,0.0961832061068702,0.29922480620155,0,0.762870514820593,0.306477093206951,0.157051282051282,0.893846153846154,0.221036585365854,0.911719939117199,0.901234567901235,0,0.591397849462366,0.867507886435331,0.511848341232227,0.899361022364217,0,0.910112359550562,0.118098159509202,0,0.283048211508554,0.640062597809077,0.57097288676236,0,0,0.902325581395349,0.755134281200632,0.233226837060703,0.90625,0.0927672955974843,0.877300613496933,0.490536277602524,0.900151285930408,0.209003215434084,0.892018779342723,0.905750798722045,0.91937984496124,0.911076443057722,0.0829346092503987,0.910216718266254,0.0933125972006221,0,0.720125786163522,0.839203675344564,0.897196261682243,0.100931677018634,0,0.914893617021277,0.472266244057052,0.901134521880065,0.90894819466248,0.909647779479326,0.346213292117465,0.893188854489164,0.0940438871473354,0.894656488549618,0.0939393939393939,0.847113884555382,0.4203125,0,0.921011058451817,0,0.823802163833076,0.906976744186046,0.179365079365079,0.910077519379845,0.876352395672334,0.92065868263473,0.901386748844376,0.186335403726708,0.457446808510638,0.86698717948718,0.878980891719745,0.130232558139535,0.0857580398162328,0.89047619047619,0.81377151799687,0,0,0.363636363636364,0.00154083204930663,0.905775075987842,0.332312404287902,0.827044025157233,0.757296466973886,0.905918057663126,0.476708074534161,0.471406491499227,0.346394984326019,0.891135303265941,0.944012441679627,0.850467289719626,0,0.809160305343511,0.251207729468599,0.882165605095541,0.0788643533123028,0.148484848484848,0.583850931677019,0.905132192846034,0.912254160363086,0.810047095761381,0.903576982892691,0.85625,0,0.158385093167702,0.670788253477589,0.900630914826498,0,0.920245398773006,0.897435897435897,0.585403726708075,0.609984399375975,0.907378335949764,0.911532385466035,0.405023547880691,0,0.831562974203338,0.561815336463224,0.895569620253165,0.0889235569422777,0.888549618320611,0.913793103448276,0.901716068642746,0.884194053208138,0.609230769230769,0.0936507936507937,0.889937106918239,0.553158705701079,0.0953101361573374,0.0929878048780488,0.256410256410256,0.0838607594936709,0.218897637795276,0.698340874811463,0.0778816199376947,0.0903522205206738,0.098310291858679,0.632621951219512,0.125596184419714,0.911532385466035,0.0046801872074883,0.0910518053375196,0,0.29047619047619,0.910377358490566,0.891304347826087,0.853846153846154,0,0.839486356340289,0.803405572755418,0.69435736677116,0.624012638230648,0.492138364779874,0.474921630094044,0.00613496932515337,0.901898734177215,0.177641653905054,0.7024,0.897637795275591,0.107858243451464,0.769706336939722,0.0841121495327103,0.202160493827161,0.905775075987842,0.908794788273616,0.836990595611285,0,0.69195751138088,0.832278481012658,0,0.0904907975460123,0.843939393939394,0.896988906497623,0,0.0907692307692308,0.0885496183206107,0.911111111111111,0.84,0.0935483870967742,0,0.433903576982893,0.917851500789889,0.787267080745342,0.473354231974922,0.71656050955414,0.899691358024691,0.100470957613815,0.907834101382488,0.91499227202473,0.0959119496855346,0.900928792569659,0.901716068642746,0.89540412044374,0.905718701700155,0.261941448382126,0.364885496183206,0.349529780564263,0.900158478605388,0.920967741935484,0.0405616224648986,0.33015873015873,0.9,0.219662058371736,0.374436090225564,0.901869158878505,0.907086614173228,0.897196261682243,0.712025316455696,0.901515151515151,0.304278922345483,0.898278560250391,0.903481012658228,0,0.375,0.565625,0.119122257053292,0.0447530864197531,0.0907692307692308,1,0.112654320987654,0.0924499229583975,0,0.305426356589147,0.899529042386185,0.155660377358491,0.907617504051864,0.890995260663507,0.901253918495298,0.335453100158982,0.342062193126023,0.684952978056426,0.542345276872964,0,0.794392523364486,0.100917431192661,0.129969418960245,0.250386398763524,0.914421553090333,0.093167701863354,0,0.3890625,0.0976744186046512,0.107936507936508,0.4890625,0.907523510971787,0.362619808306709,0.906451612903226,0.895148669796557,0,0.903614457831325,0.0797546012269939,0.900914634146341,0.812693498452012,0.912280701754386,0.103076923076923,0.894573643410853,0.0868217054263566,0.828660436137072,0.706539074960128,0.878648233486943,0.902587519025875,0.903576982892691,0.346875,0.894080996884735,0.900459418070444,0.101361573373676,0.11609907120743,0.912559618441971,0.918238993710692,0.407692307692308,0.821538461538462,0.881028938906752,0.892523364485981,0.910769230769231,0,0.204472843450479,0.906542056074766,0.0965732087227414,0,0.896496815286624,0.00796178343949045,0.134796238244514,0.89739663093415,0.89922480620155,0.0031496062992126,0.634222919937206,0.472266244057052,0.902668759811617,0.0879120879120879,1,0.910685805422648,0.434850863422292,0.646153846153846,0.761904761904762,0,0.233644859813084,0.89297124600639,0.908372827804107,0.488262910798122,0.912908242612753,0.893790849673203,0.133540372670807,0.00156985871271586,0.901538461538462,0.906542056074766,0.889415481832543,0.688549618320611,0.0936507936507937,0.830218068535826,0.306853582554517,0.236754966887417,0.00313479623824451,0.646687697160883,0.609984399375975,0.616224648985959,0,0.363929146537842,0.858695652173913,0.664110429447853,0.567484662576687,0.174506828528073,0,0,0.910162002945508,0.895705521472393,0,0.855813953488372,0.00320512820512821,0,0,0.910094637223975,0,0.908945686900958,0.770186335403727,0.572932330827068,0.912844036697248,0,0,0.91692789968652,0.932330827067669,0.737730061349693,0.0980091883614089,0.00163398692810458,0.831562974203338,0.646875,0.92259083728278,0.567026194144838,0.419968304278922,0,0.897081413210445,0.0977564102564103,0.88503937007874,0.176100628930818,0,0.0903614457831325,0.202511773940345,0.512987012987013,0.892523364485981,0,0.874432677760968,0.912844036697248,0.906441717791411,0,0.158227848101266,0.876644736842105,0.0900163666121113,0.909647779479326,0.915902140672783,0.0959752321981424,0.915254237288136,0.363494539781591,0.816326530612245,0.110584518167457,0.2384,0.90795631825273,0.00627943485086342,0.0862068965517241,0.888372093023256,0.103059581320451,0.684380032206119,0.424960505529226,0,0.186544342507645,0.735759493670886,0.319938176197836,0.909797822706065,0.089171974522293,0.233128834355828,0.482926829268293,0.888208269525268,0.839753466872111,0.887323943661972,0.745283018867924,0,0.908527131782946,0.098159509202454,0.886435331230284,0.437299035369775,0.099388379204893,0.917956656346749,0.911811023622047,0.90795631825273,0.646875,0.901689708141321,0.205651491365777,0.259968102073365,0.87673343605547,0.829192546583851,0,0,0.913875598086124,0.868044515103339,0.0917874396135266,0.909667194928685,0.915756630265211,0.423493044822257,0.863275039745628,0.71563981042654,0.834355828220859,0,0.909233176838811,0.394366197183099,0.905132192846034,0.90625,0,0.658307210031348,0.901587301587302,0.096875,0.6976,0.490654205607477,0.769805680119582,0.661417322834646,0.893393393393393,0.170694864048338,0.902555910543131,0.921174652241113,0.9078125,0.352848101265823,0.172413793103448,0.90795631825273,0.911450381679389,0.00766871165644172,0.764341085271318,0.498442367601246,0.344086021505376,0.758998435054773,0.910094637223975,0.978056426332288,0.906542056074766,0.126738794435858,0.0981996726677578,0,0.80188679245283,0.0924764890282132,0.0963665086887836,0.354391371340524,0,0.906103286384977,0.859111791730475,0.902173913043478,0.907550077041603,0.17007874015748,0.0965732087227414,0,0,0.247603833865815,0.160436137071651,0.236677115987461,0,0.0878274268104777,0.907407407407407,0.0404984423676012,0.350793650793651,0.9136,0.618153364632238,0.919811320754717,0.638297872340426,0.61608497723824,0,0.913946587537092,0.45226917057903,0.5546875,0.869230769230769,0.899082568807339,0.448275862068966,0.00775193798449612,0.88006230529595,0.894495412844037,0,0.883333333333333,0.109737248840804,0.90032154340836,0.463678516228748,0,0.0062015503875969,0.575409836065574,0.817610062893082,0.0924764890282132,0.210110584518167,0.00626959247648903,0.0016,0.762762762762763,0.11128526645768,0.909238249594814,0.396284829721362,0.910334346504559,0.0892307692307692,0.411944869831547,0.359550561797753,0.836538461538462,0.182108626198083,0.103235747303544,0.0015552099533437,0.128205128205128,0,0.923664122137405,0.109149277688604,0.896396396396396,0.0923317683881064,0.913385826771654,0,0.556574923547401,0.497652582159624,0.896764252696456,0,0.905631659056317,0,0.45933014354067,0.896764252696456,0,0.667177914110429,0.903633491311216,0.727272727272727,0.888178913738019,0.119010819165379,0,0.912908242612753,0.347133757961783,0,0.701538461538462,0.0848484848484849,0.103076923076923,0.90952380952381,0.915739268680445,0.906441717791411,0.883359253499222,0.907643312101911,0,0.89922480620155,0.0184049079754601,0.403697996918336,0.363214837712519,0.913446676970634,0.919629057187017,0.908256880733945,0.906727828746177,0.05625,0.108490566037736,0.904065040650406,0.890937019969278,0.713846153846154,0.926153846153846,0.908385093167702,0.886645962732919,0,0,0.904903417533432,0,0.142633228840125,0,0.887519260400616,0.364217252396166,0.271565495207668,0.196594427244582,0.923317683881064,0,0.183229813664596,0.911353032659409,0.904468412942989,0.667711598746082,0.461424332344214,0.272727272727273,0.276073619631902,0.647425897035881,0.0928462709284627,0.196048632218845,0.59717868338558,0.315541601255887,0.716049382716049,0.096875,0,0.0839813374805599,0.375394321766562,0.90302066772655,0.632148377125193,0.298937784522003,0.641065830721003,0.844984802431611,0.901515151515151,0.883415435139573,0.901116427432217,0.909531502423263,0.917329093799682,0.606864274570983,0.474576271186441,0.903125,0.0932330827067669,0.0889570552147239,0.8375,0.00775193798449612,0.909785932721712,0.886821705426357,0,0.197472353870458,0,0.890995260663507,0,0.908527131782946,0.917316692667707,0.0821917808219178,0.839622641509434,0.913978494623656,0.685126582278481,0.655332302936631,0.825471698113208,0,0,0.876422764227642,0.872403560830861,0.906542056074766,0,0,0.086038961038961,0.296583850931677,0.519623233908948,0,0.514820592823713,0,0.863057324840764,0.898387096774194,0.233333333333333,0.306870229007634,0,0.431561996779388,0.61259842519685,0.806451612903226,0.888888888888889,0.775351014040562,0.0888208269525268,0.908945686900958,0.0234009360374415,0.900787401574803,0,0.903963414634146,0.00460829493087558,0.908212560386473,0.0947204968944099,0.0670926517571885,0,0,0.804878048780488,0.865718799368088,0.874617737003058,0.770416024653313,0.11280487804878,0.0946372239747634,0.774193548387097,0.78486646884273,0,0.10641627543036,0.889763779527559,0,0.902362204724409,0.885321100917431,0.158878504672897,0.0325581395348837,0.0815047021943574,0.905343511450382,0.544585987261146,0.146875,0.180223285486443,0.205287713841369,0.712698412698413,0.17737003058104,0.906645569620253,0,0.7484375,0.902587519025875,0.00158730158730159,0,0.0917293233082707,0,0.0984375,0.90809968847352,0.709119496855346,0.0936507936507937,0.082670906200318,0.585826771653543,0.884375,0.480559875583204,0.0414110429447853,0.0954692556634304,0.0531400966183575,0.0203125,0,0.10989010989011,0.0974512743628186,0.0887480190174326,0.0920436817472699,0.0925925925925926,0.043343653250774,0.0478395061728395,0.109034267912773,0.0202177293934681,0.00642054574638844,0.0267295597484277,0.0246153846153846,0.046656298600311,0.0987654320987654,0.0217729393468118,0.0914826498422713,0.0852713178294574,0.0412044374009509,0.0902021772939347,0.031055900621118,0.0864197530864197,0.114551083591331,0.0854961832061069,0.0872274143302181
"338",0.0223285486443381,0.0201238390092879,0.0564885496183206,0.0936507936507937,0.0408805031446541,0.0241545893719807,0.127329192546584,0.0479876160990712,0.0274809160305344,0,0.0217729393468118,0,0.431432973805855,0.0251572327044025,0.937888198757764,0.978461538461538,0,0.003125,0.0287081339712919,0.0382848392036753,0.836166924265842,0.950558213716108,0.0390977443609023,0,0.0750382848392037,0.75,0.892857142857143,0.0363349131121643,0.556060606060606,0.330275229357798,0.976011994002999,0.326625386996904,0.255485893416928,0.760736196319018,0,0.0236593059936909,0.0062015503875969,0.0319634703196347,0.743975903614458,0.115963855421687,0,0.00154083204930663,0,0.0296875,0.241987179487179,0.959247648902821,0.509523809523809,0.972049689440994,0.543939393939394,0.858662613981763,0,0.0294117647058824,0.731669266770671,0.0251572327044025,0.129429892141757,0.835987261146497,0,0.0526315789473684,0.0640243902439024,0.131498470948012,0.747320061255743,0.578386605783866,0.974921630094044,0,0.123003194888179,0.192901234567901,0,0.0340557275541796,0,0.976152623211447,0.163608562691131,0.972222222222222,0.961119751166407,0.0230414746543779,0,0.322775263951735,0.940909090909091,0.451219512195122,0.138314785373609,0.735785953177257,0,0.309230769230769,0.771428571428571,0.0256797583081571,0.86687306501548,0.110939907550077,0.029320987654321,0.0612557427258806,0.0570987654320988,0,0.0347003154574132,0.0260736196319018,0,0,0.0396825396825397,0,0.684451219512195,0.0357698289269051,0,0,0.384012539184953,0,0.722308892355694,0.0235849056603774,0.884848484848485,0.0256,0,0.0494590417310665,0.973270440251572,0.965996908809892,0.968036529680365,0.106084243369735,0.689335394126739,0.029320987654321,0,0.0337423312883436,0.302469135802469,0,0.970814132104455,0.771875,0,0.255813953488372,0.72782874617737,0.932692307692308,0.0415384615384615,0.848765432098765,0.0273972602739726,0.0246913580246914,0,0.462480857580398,0.0828125,0.514240506329114,0.029595015576324,0,0.0334394904458599,0.949479940564636,0,0.774603174603175,0.390625,0.497622820919176,0,0,0.0457317073170732,0.264385692068429,0.810852713178295,0.0234375,0.967391304347826,0.0949464012251149,0.597791798107255,0.0437405731523379,0.853697749196141,0.0341614906832298,0.0285261489698891,0.179012345679012,0.0292758089368259,0.976452119309262,0.0260336906584992,0.975039001560062,0,0.282371294851794,0.162613981762918,0.0400616332819723,0.961832061068702,0,0.0212443095599393,0.562798092209857,0.0257648953301127,0.0292758089368259,0.0215384615384615,0.758308157099698,0.0461538461538462,0.972136222910217,0.0667655786350148,0.979010494752624,0.138845553822153,0.636503067484663,0,0.0386398763523957,0,0.175738724727838,0.0263975155279503,0.871674491392801,0.0384024577572965,0.0699088145896656,0.0333333333333333,0.049079754601227,0.899082568807339,0.647951441578149,0.105263157894737,0.0846394984326019,0.930340557275542,0.96937212863706,0.0425867507886435,0.158950617283951,0,0,0.70735524256651,0,0.0231839258114374,0.747706422018349,0.143307086614173,0.269645608628659,0.0345864661654135,0.582018927444795,0.567901234567901,0.712918660287081,0.106317411402157,0.0546875,0.155864197530864,0,0.150306748466258,0.81687898089172,0.0734375,0.981366459627329,0.908256880733945,0.4765625,0.0495356037151703,0.0438729198184569,0.197819314641745,0.0262751159196291,0.129429892141757,0,0.909797822706065,0.36280487804878,0.028125,0,0.0290519877675841,0.0404191616766467,0.453125,0.481424148606811,0.0398773006134969,0.0304487179487179,0.632398753894081,0,0.12824427480916,0.491472868217054,0.0569620253164557,0.976816074188563,0.0561456752655539,0.0235109717868339,0.0261136712749616,0.0694444444444444,0.483333333333333,0.973684210526316,0.0532915360501567,0.480798771121352,0.967164179104478,0.972972972972973,0.79375,0.981220657276995,0.831496062992126,0.330289193302892,0.97339593114241,0.973013493253373,0.963133640552995,0.429438543247344,0.9248,0.0359937402190923,0,0.976923076923077,0,0.777952755905512,0.0235109717868339,0.0417956656346749,0.117737003058104,0,0.155555555555556,0.164383561643836,0.323943661971831,0.410852713178295,0.535211267605634,0.5546875,0,0.028436018957346,0.887345679012346,0.321144674085851,0.0629800307219662,0.960183767228178,0.272868217054264,0.974960876369327,0.868012422360248,0.0257966616084977,0.0255591054313099,0.119236883942766,0,0.370597243491577,0.129485179407176,0,0.973724884080371,0.121951219512195,0.0417310664605873,0,0.975535168195719,0.972602739726027,0.0349761526232114,0.150470219435737,0.977635782747604,0,0.624213836477987,0.0341614906832298,0.236173393124066,0.625194401244168,0.371428571428571,0.0670731707317073,0.960998439937597,0.0260336906584992,0.0249221183800623,0.976708074534162,0.0493827160493827,0.0248062015503876,0.0573248407643312,0.0294573643410853,0.820433436532508,0.692068429237947,0.731117824773414,0.0375586854460094,0.0842607313195548,0.00307219662058372,0.732594936708861,0.0482115085536547,0.832565284178187,0.68693009118541,0.0280811232449298,0.0261136712749616,0.0527950310559006,0.332278481012658,0.024390243902439,0.75,0.0587326120556414,0.0315457413249211,0,0.687975646879756,0.471698113207547,0.967441860465116,0.00154559505409583,0.968703427719821,0.112654320987654,1,0.975155279503106,0,0.779141104294479,0.0324074074074074,0.91304347826087,0.0335463258785942,0.0609375,0.0330188679245283,0.71850699844479,0.714968152866242,0.352941176470588,0.553772070626003,0,0.208722741433022,0.965671641791045,0.943768996960486,0.796380090497738,0.0232919254658385,0.972265023112481,0,0.675384615384615,0.964885496183206,0.9625,0.532915360501567,0.0201550387596899,0.730586370839937,0.028892455858748,0.0607476635514019,0,0.0297176820208024,0.975572519083969,0.0273141122913505,0.202160493827161,0.0286624203821656,0.967441860465116,0.0485584218512898,0.973520249221184,0.139937106918239,0.310126582278481,0.0846153846153846,0.0336906584992343,0.0217391304347826,0.719135802469136,0.0566929133858268,0.0270676691729323,0.969834087481146,0.953416149068323,0.0172143974960876,0.0186915887850467,0.681747269890796,0.137404580152672,0.0573248407643312,0.0614439324116743,0.0227617602427921,0,0.887147335423197,0.0245398773006135,0.974882260596546,0,0.0616113744075829,0,0.936708860759494,0.0243161094224924,0.0542635658914729,0,0.378670788253478,0.583333333333333,0.0363924050632911,0.972843450479233,0.158227848101266,0.023961661341853,0.646875,0.420245398773006,0.23861852433281,0,0.832307692307692,0.0509554140127389,0.0266457680250784,0.556240369799692,0.0275650842266462,0.0577557755775578,0.945141065830721,0.00156739811912226,0.0351681957186544,0.0279503105590062,0.0777604976671851,0.34841628959276,0.9671875,0.162538699690402,0.762870514820593,0.800653594771242,0,0.411671924290221,0.418351477449456,0.422187981510015,0,0.720893141945773,0.11875,0.384853168469861,0.492354740061162,0.92042042042042,0,0,0.0192307692307692,0.0548780487804878,0,0.0996884735202492,0,0,0,0.0228658536585366,0,0.0250391236306729,0.242236024844721,0.497730711043873,0.0180722891566265,0,0,0.0278207109737249,0.0616541353383459,0.315707620528771,0.977029096477795,0,0.131297709923664,0.417298937784522,0.0307219662058372,0.482442748091603,0.664596273291925,0,0.047040971168437,0.97456279809221,0.0673981191222571,0.895734597156398,0,0.963636363636364,0.878930817610063,0.52741935483871,0.0519877675840979,0,0.0678733031674208,0.0457317073170732,0.0168453292496172,0,0.9140625,0.0931372549019608,0.977491961414791,0.0196969696969697,0.0243531202435312,0.975116640746501,0.0231481481481481,0.704374057315234,0.222222222222222,0.960691823899371,0.829888712241653,0.0563380281690141,0,0.976708074534162,0.0558069381598793,0.968152866242038,0.36833855799373,0.610591900311526,0,0.885802469135803,0.28006329113924,0.730886850152905,0.0402476780185759,0.975384615384615,0.845565749235474,0.548231511254019,0.0652503793626707,0.146379044684129,0.0649149922720247,0.28503937007874,0,0.0428790199081164,0.975609756097561,0.0576323987538941,0.616852146263911,0.973293768545994,0.0230769230769231,0.0283018867924528,0.0248833592534992,0.390015600624025,0.0386398763523957,0.857366771159875,0.800312012480499,0.0758513931888545,0.139280125195618,0,0,0.0375,0.0842607313195548,0.9640625,0.044478527607362,0.0310077519379845,0.644171779141104,0.0989010989010989,0.302507836990596,0.128834355828221,0,0.055045871559633,0.658878504672897,0.0217729393468118,0.027906976744186,0,0.384976525821596,0.0470957613814757,0.976635514018692,0.341614906832298,0.629230769230769,0.222551928783383,0.34375,0.0663650075414781,0.895136778115502,0.0476947535771065,0.0262751159196291,0.0443425076452599,0.683042789223455,0.863141524105754,0.0323574730354391,0.0307692307692308,0,0.243827160493827,0.566820276497696,0.736434108527132,0.258461538461538,0.0279503105590062,0.147104851330203,0.0230769230769231,0.11178247734139,0.978723404255319,0,0.20625,0.976599063962558,0.97191887675507,0.732612055641422,0,0.0354938271604938,0.10806697108067,0.0248062015503876,0.0274809160305344,0.877138413685848,0.975193798449612,0,0,0.81259842519685,0.925,0.845201238390093,0,0.974006116207951,0.0246153846153846,0.417047184170472,0.707165109034268,0.0250783699059561,0.419003115264797,0.047244094488189,0.362519201228879,0.381598793363499,0,0.027027027027027,0.625585023400936,0.522691705790297,0.099388379204893,0.04,0.622670807453416,0.00153609831029186,0.0696594427244582,0.0660660660660661,0,0.0555555555555556,0.962441314553991,0.0416,0.572755417956656,0,0,0.501587301587302,0.194744976816074,0.974006116207951,0.858034321372855,0,0,0.280597014925373,0.955974842767296,0.0243111831442464,0.693498452012384,0.0333333333333333,0.974242424242424,0.681470137825421,0.66875,0.156299840510367,0.89589905362776,0.98,0,0.949685534591195,0,0.0256024096385542,0.777777777777778,0.0382916053019146,0.96583850931677,0.0222575516693164,0,0.482654600301659,0.568535825545171,0.0214067278287462,0,0.0241691842900302,0,0.626198083067093,0.0334855403348554,0,0.357142857142857,0.0481366459627329,0.27172195892575,0.0775316455696203,0.941538461538462,0,0.0172413793103448,0.736263736263736,0,0.331775700934579,0.973214285714286,0.966360856269113,0.0299684542586751,0.0284810126582278,0.0349013657056146,0.0470219435736677,0.0422535211267606,0,0.0438871473354232,0.00152671755725191,0.644615384615385,0.71580547112462,0.0306748466257669,0.0278637770897833,0.0272727272727273,0.0307692307692308,0.0337941628264209,0.963949843260188,0.037037037037037,0.061633281972265,0.310975609756098,0.0444104134762634,0.0258751902587519,0.0481366459627329,0,0,0.0441826215022091,0,0.909785932721712,0.00154798761609907,0.0644171779141104,0.724247226624406,0.79179810725552,0.87308868501529,0.0964230171073095,0.00154320987654321,0.884437596302003,0.01875,0.0242792109256449,0.39258114374034,0.593703148425787,0.775659824046921,0.81306990881459,0.374213836477987,0.973966309341501,0.871601208459215,0.473354231974922,0.738058551617874,0.334834834834835,0.969040247678019,0,0.979782270606532,0.664596273291925,0.0267716535433071,0.384969325153374,0.772590361445783,0.404580152671756,0.15919629057187,0.0367534456355283,0.0693548387096774,0.0409448818897638,0.0221870047543582,0.0262345679012346,0.471228615863142,0.597826086956522,0.025,0.968609865470852,0.966917293233083,0.163009404388715,0,0.0273972602739726,0.0538461538461538,0,0.884984025559105,0,0.0667701863354037,0,0.0451010886469673,0.0251572327044025,0.972685887708649,0.188940092165899,0.0214723926380368,0.371473354231975,0.392638036809816,0.136792452830189,0,0,0.0925324675324675,0.0781710914454277,0.0403726708074534,0,0,0.9712,0.770739064856712,0.512422360248447,0,0.552262090483619,0,0.0981012658227848,0.0283018867924528,0.788643533123028,0.754601226993865,0,0.648818897637795,0.421779141104294,0.156202143950995,0.0668693009118541,0.233024691358025,0.976708074534162,0.0398724082934609,0.0819165378670788,0.0254372019077901,0,0.0407239819004525,0,0.0285714285714286,0.959311424100156,0.606583072100313,0,0,0.205564142194745,0.0950871632329636,0.0775075987841945,0.309090909090909,0.956127080181543,0.972093023255814,0.188679245283019,0.178082191780822,0,0.965244865718799,0.05320813771518,0,0.0403225806451613,0.0604651162790698,0.925581395348837,0,0.975270479134467,0.0258358662613982,0.54858934169279,0.9015625,0.870813397129187,0.879499217527387,0.34775641025641,0.886503067484663,0.0265210608424337,0,0.26530612244898,0.0412844036697248,0,0,0.973134328358209,0,0.973520249221184,0.0230414746543779,0.300314465408805,0.974960876369327,0.979655712050078,0.468051118210863,0.0667701863354037,0.585516178736518,0.00153609831029186,0.967845659163987,0.0488958990536278,0.00765696784073507,0,0.787925696594427,0.969788519637462,0.968798751950078,0.963302752293578,0.978294573643411,0,0.00154320987654321,0.96594427244582,0.00470957613814757,0.0016,0.0263157894736842,0.00610687022900763,0.00154559505409583,0.975039001560062,0.0124031007751938,0.977491961414791,0.975308641975309,0,0.970542635658915,0.0501519756838906,0.975346687211094,0.891135303265941,0.97317436661699,0.975270479134467
"339",0,0,0.0231481481481481,0.0596546310832025,0.0144694533762058,0,0.0951638065522621,0.0250783699059561,0,0,0,0,0.428571428571429,0,0.9546875,0.992331288343558,0,0.00157232704402516,0.00323624595469256,0.0154559505409583,0.849612403100775,0.975922953451043,0.00938967136150235,0,0.0373250388802488,0.757624398073836,0.88871473354232,0.00958466453674121,0.548536209553159,0.313364055299539,1,0.307931570762053,0.22662440570523,0.723101265822785,0,0,0.00460829493087558,0.0046875,0.741017964071856,0.0931297709923664,0,0,0,0,0.225239616613419,0.981102362204724,0.478056426332288,1,0.55030487804878,0.875957120980092,0,0.0078003120124805,0.736677115987461,0,0.102728731942215,0.842857142857143,0,0.025,0.0354938271604938,0.0937019969278034,0.705246913580247,0.573189522342065,1,0,0.0983870967741935,0.171032357473035,0,0.0108527131782946,0,1,0.141104294478528,0.996918335901387,0.9828125,0,0,0.286363636363636,0.958139534883721,0.436923076923077,0.101748807631161,0.755443886097152,0,0.294753086419753,0.792248062015504,0.00154320987654321,0.902476780185758,0.0945736434108527,0.0045662100456621,0.0327613104524181,0.027906976744186,0,0.0110759493670886,0,0,0,0.0313479623824451,0,0.682370820668693,0.0184899845916795,0,0,0.380655226209048,0,0.717460317460317,0,0.905631659056317,0,0,0.0202492211838006,1,0.993690851735016,0.993798449612403,0.0771653543307087,0.685271317829457,0.00628930817610063,0,0.0123647604327666,0.294209702660407,0,1,0.77151799687011,0,0.232704402515723,0.757296466973886,0.919743178170145,0.021875,0.85935085007728,0.00307692307692308,0.0031496062992126,0,0.454545454545455,0.0671875,0.519047619047619,0.00803858520900321,0,0.00638977635782748,0.97583081570997,0,0.797788309636651,0.372854914196568,0.483870967741935,0,0,0.01875,0.239197530864198,0.834920634920635,0,0.993690851735016,0.0770416024653313,0.583860759493671,0.0168970814132104,0.86984126984127,0.0124416796267496,0,0.17774343122102,0.0031104199066874,1,0,1,0,0.259493670886076,0.127692307692308,0.0201863354037267,0.983231707317073,0,0,0.542130365659777,0,0,0,0.716692189892802,0.0184899845916795,0.998430141287284,0.0534351145038168,1,0.0974842767295598,0.636363636363636,0,0.0171606864274571,0,0.151090342679128,0,0.882539682539683,0.015600624024961,0.0488549618320611,0.0105263157894737,0.0229709035222052,0.909516380655226,0.633693972179289,0.078525641025641,0.0591054313099042,0.945904173106646,0.995356037151703,0.0174603174603175,0.118296529968454,0,0,0.713375796178344,0,0,0.762557077625571,0.106858054226475,0.252321981424149,0.00920245398773006,0.568965517241379,0.579439252336449,0.712241653418124,0.0743034055727554,0.0393700787401575,0.118461538461538,0,0.122257053291536,0.830371567043619,0.0508744038155803,1,0.942511346444781,0.46801872074883,0.0203125,0.0198776758409786,0.168992248062016,0.00156494522691706,0.110759493670886,0,0.937402190923318,0.339939024390244,0.00319488817891374,0,0.00610687022900763,0.0166666666666667,0.449768160741886,0.453703703703704,0.0109375,0,0.622874806800618,0,0.0948012232415902,0.485086342229199,0.0301109350237718,1,0.0438729198184569,0.00158730158730159,0,0.0518053375196232,0.476993865030675,0.998417721518987,0.0269413629160063,0.458015267175573,0.996987951807229,0.998484848484849,0.811410459587956,1,0.854263565891473,0.336405529953917,1,0.996904024767802,0.992248062015504,0.43010752688172,0.959807073954984,0.00941915227629513,0,1,0,0.772511848341232,0,0.0216383307573416,0.1,0,0.128325508607199,0.138629283489097,0.314152410575428,0.400936037441498,0.547049441786284,0.549206349206349,0,0,0.908396946564885,0.296296296296296,0.0328638497652582,0.992125984251969,0.260188087774295,0.998432601880878,0.894009216589862,0,0,0.0871632329635499,0,0.357686453576865,0.0990566037735849,0,1,0.0907692307692308,0.0172684458398744,0,1,0.998475609756098,0.0144230769230769,0.1152,1,0,0.607476635514019,0.00941915227629513,0.217457886676876,0.617873651771957,0.345971563981043,0.0351681957186544,0.993788819875776,0,0,0.992199687987519,0.0339506172839506,0,0.0283464566929134,0.00306748466257669,0.817896389324961,0.69478527607362,0.727272727272727,0.0239234449760766,0.0663430420711974,0.00153374233128834,0.748019017432647,0.028169014084507,0.853582554517134,0.711278195488722,0.0031496062992126,0.00312989045383412,0.0265210608424337,0.307324840764331,0.0015220700152207,0.765354330708661,0.0320121951219512,0.003125,0,0.688549618320611,0.43312101910828,0.987341772151899,0.00154798761609907,0.99236641221374,0.0924499229583975,0.975155279503106,1,0,0.777604976671851,0.00625,0.931993817619784,0.0145395799676898,0.0279503105590062,0.0124416796267496,0.725274725274725,0.720893141945773,0.33015873015873,0.55,0,0.181818181818182,0.987841945288754,0.963746223564955,0.809672386895476,0,0.998473282442748,0,0.675039246467818,0.987577639751553,0.979299363057325,0.517719568567026,0,0.736089030206677,0,0.0357698289269051,0,0.00592592592592593,1,0,0.18125,0,0.987538940809969,0.0243531202435312,1,0.119565217391304,0.287758346581876,0.050381679389313,0.0123456790123457,0,0.712698412698413,0.0345911949685535,0,1,0.978227060653188,0,0,0.685126582278481,0.1171875,0.032051282051282,0.046875,0,0,0.889240506329114,0,0.998420221169036,0,0.0300632911392405,0,0.963607594936709,0,0.0282574568288854,0,0.373626373626374,0.58609794628752,0.0143540669856459,1,0.128325508607199,0,0.63166144200627,0.397515527950311,0.210691823899371,0,0.8546875,0.0236220472440945,0.00152439024390244,0.554179566563467,0,0.027823240589198,0.971653543307087,0,0.010752688172043,0.00460122699386503,0.044822256568779,0.311827956989247,0.995290423861852,0.128526645768025,0.763888888888889,0.828618968386023,0,0.378164556962025,0.400616332819723,0.394984326018809,0,0.73354735152488,0.0859375,0.357798165137615,0.480680061823802,0.924357034795764,0,0,0,0.0258358662613982,0,0.0793157076205288,0,0,0,0.00157728706624606,0,0,0.22,0.484709480122324,0,0,0,0.0062111801242236,0.0410958904109589,0.283048211508554,1,0,0.100931677018634,0.402173913043478,0,0.466049382716049,0.665094339622642,0,0.021671826625387,1,0.0461049284578696,0.91937984496124,0,0.989425981873112,0.89375,0.507293354943274,0.0234375,0,0.0520673813169985,0.0214067278287462,0,0,0.934169278996865,0.0678513731825525,0.995137763371151,0,0,0.99537037037037,0,0.707882534775889,0.193798449612403,0.99211356466877,0.836507936507937,0.0387596899224806,0,1,0.0246153846153846,0.995207667731629,0.341158059467919,0.599063962558502,0,0.882534775888717,0.26148969889065,0.748043818466354,0.0201238390092879,1,0.855161787365177,0.551219512195122,0.047040971168437,0.108597285067873,0.034375,0.255591054313099,0,0.0154559505409583,1,0.0344827586206897,0.6120826709062,1,0,0,0,0.369905956112853,0.0170807453416149,0.874411302982732,0.812698412698413,0.0514820592823713,0.102803738317757,0,0,0.00796178343949045,0.0617088607594937,0.984227129337539,0.0125984251968504,0.0046583850931677,0.641538461538462,0.0638977635782748,0.276083467094703,0.0987841945288754,0,0.029874213836478,0.655172413793103,0,0,0,0.363067292644757,0.0221518987341772,1,0.325320512820513,0.643533123028391,0.199697428139183,0.326018808777429,0.0422960725075529,0.927710843373494,0.00956937799043062,0,0.0184049079754601,0.692429022082019,0.879443585780526,0.0046656298600311,0,0,0.22360248447205,0.547880690737834,0.758942457231726,0.230650154798762,0,0.121259842519685,0,0.105263157894737,1,0,0.181395348837209,0.998435054773083,1,0.735294117647059,0,0.0078740157480315,0.0825688073394495,0.0015625,0.00309119010819165,0.922600619195046,1,0,0,0.831496062992126,0.922345483359746,0.860759493670886,0,1,0,0.429447852760736,0.705696202531646,0,0.408950617283951,0.0297339593114241,0.351309707241911,0.371913580246914,0,0,0.60731319554849,0.512578616352201,0.0665634674922601,0.0107197549770291,0.614906832298137,0,0.050314465408805,0.044478527607362,0,0.03003003003003,0.984520123839009,0.0128410914927769,0.582181259600614,0,0,0.486356340288925,0.162717219589258,1,0.872408293460925,0,0,0.257440476190476,0.976415094339623,0,0.701674277016743,0.0061633281972265,1,0.622119815668203,0.678913738019169,0.125984251968504,0.912140575079872,0.996946564885496,0,0.960629921259842,0,0.003003003003003,0.800322061191626,0.0197869101978691,0.995268138801262,0,0,0.478658536585366,0.538950715421304,0,0,0.00154559505409583,0,0.617741935483871,0.00925925925925926,0,0.340425531914894,0.0157232704402516,0.259904912836767,0.045958795562599,0.97239263803681,0,0,0.752773375594295,0,0.313455657492355,1,0.979876160990712,0,0,0.00614439324116743,0.0216383307573416,0.0144,0,0.0200617283950617,0,0.640672782874618,0.734567901234568,0.00461538461538462,0.00925925925925926,0.00612557427258806,0.00918836140888208,0.0340557275541796,0.987441130298273,0.0128617363344051,0.0388198757763975,0.281776416539051,0.0216383307573416,0,0.0263565891472868,0,0,0.017910447761194,0,0.944012441679627,0.00154083204930663,0.0478395061728395,0.741626794258373,0.797124600638978,0.881278538812785,0.0849056603773585,0.0015600624024961,0.898278560250391,0,0,0.382215288611544,0.591715976331361,0.790178571428571,0.828267477203647,0.352755905511811,1,0.878086419753086,0.472952086553323,0.750778816199377,0.290322580645161,0.990668740279938,0,1,0.665605095541401,0,0.346625766871166,0.774924471299094,0.374613003095975,0.114678899082569,0.0121580547112462,0.0400641025641026,0.0159235668789809,0,0.00158227848101266,0.451968503937008,0.591549295774648,0.0015600624024961,0.993966817496229,0.992424242424242,0.121306376360809,0,0,0.0296411856474259,0,0.894904458598726,0,0.0470957613814757,0,0.0248447204968944,0,0.995468277945619,0.164835164835165,0,0.347133757961783,0.384969325153374,0.103503184713376,0,0,0.0762987012987013,0.051622418879056,0.0108024691358025,0,0,1,0.775229357798165,0.508580343213729,0,0.555900621118012,0,0.0740157480314961,0,0.815625,0.766412213740458,0,0.672496025437202,0.421135646687697,0.135514018691589,0.0307692307692308,0.234009360374415,1,0.0111287758346582,0.0704225352112676,0,0,0.0152671755725191,0,0,0.982892690513219,0.6288,0,0,0.172782874617737,0.0726978998384491,0.0515933232169954,0.294027565084227,0.970992366412214,0.993610223642173,0.16796267496112,0.166921898928025,0,0.984350547730829,0.0324074074074074,0,0.0141732283464567,0.0414110429447853,0.929906542056075,0,0.996908809891808,0,0.546325878594249,0.929356357927786,0.913738019169329,0.889561270801815,0.315789473684211,0.91588785046729,0,0,0.251980982567353,0.0153609831029186,0,0,1,0,1,0,0.301127214170692,1,1,0.468354430379747,0.0421875,0.576323987538941,0,1,0.048,0.00930232558139535,0,0.80188679245283,0.996983408748115,1,0.986111111111111,1,0,0,0.987480438184664,0.00617283950617284,0.00316455696202532,0.0232558139534884,0.00459418070444104,0,0.996815286624204,0.0125786163522013,1,0.996865203761755,0,0.993670886075949,0.0533536585365854,1,0.911076443057722,0.998487140695915,1
"340",0,0,0,0,0,0,0.013719512195122,0.00153846153846154,0,1,0,1,0,0,0,0,1,0.983024691358025,0,0,0,0,0,1,0,0,0,0.00156739811912226,0,0,0,0,0.00155763239875389,0,1,0,0.978560490045942,0,0,0,0.998430141287284,0.983128834355828,0.992389649923896,0,0,0,0,0,0,0,1,0,0,0,0.0139318885448916,0,1,0,0.00150602409638554,0,0,0,0,1,0,0,1,0,1,0,0,0,0,0,1,0,0,0,0.00154083204930663,0,1,0,0,0,0,0,0,0,0.00455235204855842,0.988077496274218,0,0,1,1,0,1,0.0151975683890578,0,0.992492492492492,0.990811638591118,0.00772797527047913,1,0,0,0,0,0.989345509893455,0.00153609831029186,0,0,0,0.0108359133126935,0,0,1,0,0,1,0,0,1,0.00153609831029186,0,0,0,0,0,0,1,0.00602409638554217,0,0,0,1,0,0,1,0,0,0.00622083981337481,1,1,0,0,0,0,0,0,0,0,0,0,0,0,0,0,0,0,1,0,0.00443786982248521,0,0,1,0,0,0,0,0,0,0,0,0,0,0.0015527950310559,0,1,0,1,0,0,0,0,0,0,0,0,0,0,0,0,0,0,0.0166163141993958,1,1,0,0.998484848484849,0,0,0.00938967136150235,0,0,0,0,0,0,0,0.00150602409638554,1,0,0,0,0,0,0.00301659125188537,0,0,0.00154083204930663,0,0,1,0,0,0,1,0,0,0.00617283950617284,0,0,0,0.0169230769230769,1,0.0104947526236882,0,0,0,0,0,0,0,0,0,0,0,0,0,0,0,0,0,0,0,0,0,0,0,0.9859375,0,1,0.00155038759689922,0,0,0,1,0.00158730158730159,0.00301204819277108,0,0,0,0,0.98644578313253,0,0,0,0,0,0,0,0,0,0,0.00941915227629513,1,0,0.0137404580152672,1,0,0.0120481927710843,0.0015220700152207,1,0,0,0,0,0,1,0.0138248847926267,0,0,0,0,0,0,0,0,0,0,0,0,0,0,0,0,0.0015748031496063,0,0.948640483383686,0,0,0,0,0,0,0,0,0,0,0,0,1,0,0.00623052959501558,0,0.948872180451128,0,0,0,0,1,0,0,0,0,0,0,0,0,0,0,1,0,0,0,0,0,0,1,0,0,0,0.0015552099533437,0,0,0,0,1,0,0,0,0,0,0,0,0,0,0,0,0,0.00308641975308642,0,0,0,0,0,0,0,0,0,0,0,0,1,0,0,0,1,0,0.989045383411581,0,0,0,0.995356037151703,0.00610687022900763,0,0,0,0,0,0,0,0,1,0,0.00155038759689922,0,0,0,0,0,0.998480243161094,0,0,0,0,0,0.00464396284829721,0,0.0144230769230769,0.99390243902439,0,0,0,1,0,0.00153374233128834,0,0,0,1,1,0,0,1,0,0.989263803680982,1,1,0,1,0,0.00155038759689922,0.00589970501474926,0,1,1,0,0,0,0,0.998415213946117,0.014903129657228,0,0,0,0,1,0,0,0.0015625,0,1,0,0,0,0.00152439024390244,1,0,0,0,1,0,0,0,0,0,0,0,0,0,0,0,0,0.989197530864197,0,0,0,0,0.0124031007751938,1,0,0.0015625,0,0,0,0,0,0,0,0,0,1,0,0,0,0.00315955766192733,0,0,0,0,0,0,0,0,0,0.0108024691358025,1,1,0,0,0,0,0,0,0,0,0.0120481927710843,1,0,0.0124223602484472,0,0,1,0,0,0,0.00154320987654321,0,0,0,0,0,0.00310077519379845,0,0,0.014018691588785,0.0277349768875193,0,0,0.992537313432836,0,0,0,0,0,0,0,0.760902255639098,0,1,0.00152671755725191,0,0,0,1,0,0,0,0,0,0,1,1,0,0,0,1,0,0,0.565022421524664,0,0,0.00759878419452888,0,0,0,1,0,0,0,0.00602409638554217,0,0,0.987692307692308,0,0,1,0.00147492625368732,0,0,0,1,0.990936555891239,0,0,0,0,0.987841945288754,0.998444790046656,0,0,0,0,0,0,0,0,0.00470957613814757,0,0,0.996941896024465,0,1,0,0.161904761904762,0.00146627565982405,0,0,1,0,0,0,1,0,1,0,0,1,0.0150375939849624,0,0,0.0015625,0,1,0,0,1,0,0,0,0,0,0,0.00458715596330275,0.0015600624024961,1,0,0.974320241691843,0.0165413533834586,0,0,0,0,0,0.92802450229709,0,0,0,0,0,0,0,1,1,0,1,0,0.998456790123457,0,0,0,0,0,0.998491704374057,0,0,0,0,0,0,0,0,0,0,0,0,0,0,1,0,0.0169491525423729,0,0.0272727272727273,0,0,0.00453857791225416,0,0.0015748031496063,0,0,0,0,0,0,0,0,0.00151285930408472,0.987841945288754,0,0,1,0,1,0,1,0,0,0,0,0,0.00154798761609907,0,0.0139103554868624,1,1,0,0,0,1,1,0,0,0,1,0,1,0,0,0.0343213728549142,0,1,0,0,0,0,0,0,0,0.899691358024691,0,1,0,0.992378048780488,0,0,0.365740740740741,1,1,0,0,0.00906344410876133,0,0,0,0,0,1,0,0,1,0,0,0,0.958715596330275,0,0,0,0,0,0,0,0,0,1,0,0,0.996889580093313,1,0,1,0,0,0,0,0,0.00465116279069767,0.0031055900621118,0,0.951951951951952,0,0.895475819032761,0.975535168195719,1,0.16358024691358,0,0,0.00302571860816944,0,0.948275862068966,0.943338437978561,0,0.976958525345622,0.993690851735016,0.950844854070661,0.970014992503748,0.94359756097561,0,0.970948012232416,0,0,0.957746478873239,0,0.932126696832579,0,0.0553846153846154,0,0
"341",0.216429699842022,0.235658914728682,0.246932515337423,0.286624203821656,0.240063593004769,0.227707006369427,0.30503144654088,0.248427672955975,0.235384615384615,0,0.229199372056515,0,0.572100313479624,0.225755166931638,0.765891472868217,0.792834890965732,0,0.0015625,0.228070175438596,0.245341614906832,0.7359375,0.8,0.238021638330757,0,0.273291925465839,0.800314465408805,0.770186335403727,0.222929936305732,0.610852713178295,0.4609375,0.768992248062015,0.480376766091052,0.415094339622642,0.729393468118196,0,0.207606973058637,0.00770416024653313,0.228878648233487,0.73984962406015,0.305810397553517,0,0.00154559505409583,0,0.21608832807571,0.446808510638298,0.797770700636943,0.688679245283019,0.764150943396226,0.635400907715582,0.773071104387292,0,0.225039619651347,0.692068429237947,0.229329173166927,0.297637795275591,0.80127186009539,0,0.250398724082935,0.247295208655332,0.330232558139535,0.78328173374613,0.629457364341085,0.788216560509554,0,0.3008,0.366459627329193,0,0.2328125,0,0.762282091917591,0.363496932515337,0.775700934579439,0.793650793650794,0.212732919254658,0,0.478328173374613,0.773006134969325,0.5828125,0.317891373801917,0.740432612312812,0,0.488299531981279,0.773556231003039,0.222222222222222,0.77151799687011,0.302147239263804,0.224489795918367,0.266563944530046,0.250778816199377,0.0015552099533437,0.234548335974643,0.221538461538462,0,0,0.259493670886076,0,0.68025078369906,0.239938080495356,0,0,0.515576323987539,0,0.704472843450479,0.227272727272727,0.760242792109256,0.236156351791531,0.00157728706624606,0.244167962674961,0.783359497645212,0.790372670807453,0.769110764430577,0.293269230769231,0.722308892355694,0.236476043276662,0,0.235202492211838,0.473765432098765,0,0.786377708978328,0.865625,0,0.44496855345912,0.722397476340694,0.795751633986928,0.253125,0.795031055900621,0.237366003062787,0.220657276995305,0,0.549450549450549,0.292834890965732,0.601255886970173,0.23125,0,0.218649517684887,0.765069551777434,0,0.738582677165354,0.5792,0.562903225806452,0,0,0.236391912908243,0.455259026687598,0.777424483306836,0.231481481481481,0.769592476489028,0.289922480620155,0.67304625199362,0.245801526717557,0.741626794258373,0.237129485179407,0.217041800643087,0.369905956112853,0.2140625,0.754414125200642,0.213953488372093,0.7728,0,0.441971383147854,0.322480620155039,0.236559139784946,0.778120184899846,0,0.231611893583725,0.613057324840764,0.222042139384117,0.228748068006182,0.230061349693252,0.724770642201835,0.242283950617284,0.784688995215311,0.270897832817337,0.777777777777778,0.31378763866878,0.784829721362229,0,0.235387045813586,0,0.380281690140845,0.22052067381317,0.7616,0.231726283048211,0.271450858034321,0.230182926829268,0.254601226993865,0.814241486068111,0.701238390092879,0.303937007874016,0.296178343949045,0.757861635220126,0.780185758513932,0.258730158730159,0.318818040435459,0,0,0.711598746081505,0,0.224582701062215,0.746522411128284,0.303174603174603,0.465648854961832,0.234042553191489,0.625990491283677,0.645510835913313,0.700636942675159,0.28125,0.248407643312102,0.314728682170543,0,0.327102803738318,0.750809061488673,0.292527821939587,0.773082942097027,0.791090629800307,0.5625,0.241433021806854,0.233128834355828,0.386292834890966,0.22706065318818,0.352574102964119,0,0.783699059561129,0.521472392638037,0.230769230769231,0,0.22360248447205,0.239031770045386,0.549450549450549,0.559006211180124,0.242236024844721,0.236245954692557,0.665625,0,0.293129770992366,0.624213836477987,0.242622950819672,0.782071097372488,0.267477203647416,0.229559748427673,0.225308641975309,0.269592476489028,0.622291021671827,0.775834658187599,0.253521126760563,0.666153846153846,0.775417298937785,0.770642201834862,0.721780604133545,0.785488958990536,0.7484375,0.472307692307692,0.7900466562986,0.784615384615385,0.783489096573209,0.520865533230294,0.765451664025357,0.244865718799368,0.0015748031496063,0.766355140186916,0,0.705511811023622,0.220985691573927,0.236677115987461,0.316770186335404,0,0.305194805194805,0.330781010719755,0.486529318541997,0.574803149606299,0.633070866141732,0.606687898089172,0.0015625,0.213395638629283,0.746130030959752,0.478827361563518,0.24804992199688,0.782208588957055,0.434375,0.780907668231612,0.767441860465116,0.218461538461538,0.21669341894061,0.305194805194805,0,0.502290076335878,0.282539682539683,0,0.755795981452859,0.300155520995334,0.231746031746032,0,0.790297339593114,0.7703125,0.252818035426731,0.32807570977918,0.77741935483871,0,0.647425897035881,0.2421875,0.396341463414634,0.68944099378882,0.49445324881141,0.245749613601236,0.771875,0.22782874617737,0.225908372827804,0.785266457680251,0.25462962962963,0.221362229102167,0.2491961414791,0.236391912908243,1,0.678018575851393,0.697674418604651,0.24405705229794,0.276527331189711,0.0123076923076923,0.824561403508772,0.245341614906832,0.910377358490566,0.760736196319018,0.244548286604361,0.218500797448166,0.250778816199377,0.503949447077409,0.210287443267776,0.830427892234548,0.261682242990654,0.228209191759113,0,0.684049079754601,0.55748031496063,0.790625,0.0138888888888889,0.766513056835638,0.305426356589147,0.779141104294479,0.777604976671851,0,1,0.234108527131783,0.775351014040562,0.234076433121019,0.254317111459969,0.231132075471698,0.723538704581359,0.695102685624013,0.524922118380062,0.640650406504065,0,0.385093167701863,0.771472392638037,0.77845220030349,0.73959938366718,0.220447284345048,0.78328173374613,0,0.68,0.783825816485226,0.78060413354531,0.61875,0.226006191950464,0.755905511811024,0.231884057971014,0.249607535321821,0,0.239097744360902,0.776234567901235,0.219512195121951,0.381395348837209,0.232484076433121,0.763693270735524,0.251533742331288,0.769592476489028,0.321538461538462,0.49607535321821,0.268292682926829,0.253086419753086,0.225552050473186,0.722397476340694,0.266244057052298,0.226928895612708,0.77947932618683,0.788819875776398,0.22626582278481,0.220839813374806,0.735614307931571,0.314728682170543,0.258481421647819,0.271317829457364,0.227906976744186,0,0.774350649350649,0.232449297971919,0.777602523659306,0,0.251177394034537,0,0.80188679245283,0.216383307573416,0.241706161137441,0,0.502369668246445,0.76056338028169,0.245253164556962,0.776,0.346581875993641,0.223285486443381,0.669316375198728,0.531446540880503,0.429252782193959,0,0.748417721518987,0.241987179487179,0.232339089481947,0.729813664596273,0.223088923556942,0.249180327868852,0.778816199376947,0,0.2328125,0.231481481481481,0.264797507788162,0.5,0.77567140600316,0.329113924050633,0.815625,0.719211822660099,0,0.552922590837283,0.564945226917058,0.556765163297045,0,0.730031948881789,0.276995305164319,0.541213063763608,0.627300613496933,0.781109445277361,0,0,0.218890554722639,0.258358662613982,0,0.288401253918495,0.00157977883096367,0,0,0.213836477987421,0,0.241935483870968,0.421383647798742,0.559633027522936,0.209480122324159,0,0,0.219662058371736,0.266362252663623,0.468217054263566,0.77557251908397,0,0.312883435582822,0.5320813771518,0.225352112676056,0.676425269645609,0.733644859813084,0,0.228346456692913,0.776898734177215,0.277602523659306,0.796850393700787,0,0.768996960486322,0.766929133858268,0.674193548387097,0.247663551401869,0,0.273846153846154,0.238759689922481,0.231726283048211,0,0.813990461049285,0.264026402640264,0.773983739837398,0.213292117465224,0.231481481481481,0.768992248062015,0.214953271028037,0.708722741433022,0.385692068429238,0.772012578616352,0.739268680445151,0.266666666666667,0.00157232704402516,0.774143302180685,0.249617151607963,0.783227848101266,0.522435897435897,0.594339622641509,0,0.746835443037975,0.4384,0.721439749608764,0.242566510172144,0.782131661442006,0.81039755351682,0.625407166123778,0.276758409785933,0.325077399380805,0.260252365930599,0.4576,0,0.241960183767228,0.782071097372488,0.238759689922481,0.644588045234249,0.775914634146341,0.224458204334365,0.229813664596273,0.212121212121212,0.573899371069182,0.23208722741433,0.761217948717949,0.745283018867924,0.278637770897833,0.32182103610675,0,0,0.228346456692913,0.286624203821656,0.780096308186196,0.242811501597444,0.236111111111111,0.670278637770898,0.289137380191693,0.426984126984127,0.280916030534351,0,0.246081504702194,0.662480376766091,0.236220472440945,0.221362229102167,0,0.517515923566879,0.254777070063694,0.778830963665087,0.502369668246445,0.698587127158556,0.408472012102874,0.536507936507936,0.262839879154079,0.775757575757576,0.220447284345048,0.226006191950464,0.248062015503876,0.684126984126984,0.730407523510972,0.234375,0.228878648233487,0,0.421052631578947,0.684698608964451,0.764521193092622,0.428125,0.226209048361934,0.314465408805031,0.226646248085758,0.137285491419657,0.762738853503185,0,0.382716049382716,0.769716088328076,0.769592476489028,0.744075829383886,0,0.246913580246914,0.292307692307692,0.223420647149461,0.233587786259542,0.773940345368917,0.783018867924528,0,0,0.7491961414791,0.770440251572327,0.771293375394322,0,0.763975155279503,0.214723926380368,0.329211746522411,0.694488188976378,0.222575516693164,0.519685039370079,0.257551669316375,0.537267080745342,0.532526475037821,0,0.230194319880419,0.633757961783439,0.583850931677019,0.286149162861492,0.228395061728395,0.6671875,0,0.26530612244898,0.257966616084977,0,0.266566265060241,0.770670826833073,0.237012987012987,0.619122257053291,0,0.00155763239875389,0.595081967213115,0.387755102040816,0.776212832550861,0.799050632911392,0.00157977883096367,0,0.414523449319213,0.785714285714286,0.222222222222222,0.731782945736434,0.227202472952087,0.776073619631902,0.691244239631336,0.759433962264151,0.331189710610932,0.776,0.768292682926829,0,0.781499202551834,0,0.223564954682779,0.644480519480519,0.235204855842185,0.770206022187005,0.222748815165877,0,0.585365853658537,0.615748031496063,0.21183800623053,0,0.214395099540582,0,0.69377990430622,0.22782874617737,0,0.486111111111111,0.227129337539432,0.481012658227848,0.2688,0.790591805766313,0,0.222397476340694,0.76056338028169,0,0.493808049535604,0.780635400907716,0.777089783281734,0.229067930489731,0.221169036334913,0.237209302325581,0.2421875,0.238993710691824,0,0.229938271604938,0.00151745068285281,0.671802773497689,0.75,0.229230769230769,0.232919254658385,0.243076923076923,0.235202492211838,0.0326086956521739,0.785488958990536,0.225122349102773,0.26,0.469135802469136,0.228748068006182,0.226356589147287,0.256965944272446,0,0,0.24665676077266,0,0.78021978021978,0,0.262422360248447,0.756410256410256,0.815580286168522,0.730650154798762,0.300632911392405,0.00154320987654321,0.766355140186916,0.214723926380368,0.221705426356589,0.536277602523659,0.654191616766467,0.772455089820359,0.753125,0.588141025641026,0.765432098765432,0.743431221020093,0.5484375,0.830985915492958,0.496913580246914,0.758887171561051,0,0.77373417721519,0.669329073482428,0.215210355987055,0.469578783151326,0.729646697388633,0.553627760252366,0.314728682170543,0.222222222222222,0.257648953301127,0.242811501597444,0.22488038277512,0.229903536977492,0.600313479623824,0.68380062305296,0.2296875,0.790273556231003,0.767228177641654,0.335913312693498,0.00152671755725191,0.240853658536585,0.259780907668232,0,0.79073482428115,0,0.26875,0,0.248466257668712,0.232704402515723,0.769585253456221,0.365930599369085,0.216463414634146,0.494470774091627,0.5140625,0.305772230889236,0,0,0.276595744680851,0.280780780780781,0.233644859813084,0,0,0.781701444622793,0.87906976744186,0.583596214511041,0,0.671826625386997,0,0.299050632911392,0.231746031746032,0.690966719492868,0.756548536209553,0,0.69983948635634,0.605015673981191,0.333333333333333,0.261398176291793,0.418897637795276,0.77115987460815,0.240710823909531,0.0793650793650794,0.216260162601626,0,0.244274809160305,0,0.212903225806452,0.783825816485226,0.480952380952381,0,0,0.369631901840491,0.302884615384615,0.265432098765432,0.449922958397535,0.76103500761035,0.771929824561403,0.393798449612403,0.375572519083969,0,0.788732394366197,0.25511811023622,0,0.249190938511327,0.256923076923077,0.833333333333333,0.00930232558139535,0.78021978021978,0.212863705972435,0.636507936507936,0.774803149606299,0.778491171749599,0.752688172043011,0.477848101265823,0.766871165644172,0.220657276995305,0,0.423380726698262,0.248466257668712,0,0,0.782414307004471,0,0.770542635658915,0.24191063174114,0.492776886035313,0.767772511848341,0.775510204081633,0.547619047619048,0.253918495297806,0.637480798771121,0.00625,0.775477707006369,0.0438311688311688,0.00928792569659443,0,0.6288,0.762481089258699,0.768867924528302,0.769349845201238,0.781055900621118,0.00938967136150235,0.0124610591900312,0.754658385093168,0.00801282051282051,0.00319488817891374,0.0278207109737249,0.0093603744149766,0.0124031007751938,0.775510204081633,0.015600624024961,0.766612641815235,0.765354330708661,0.00473186119873817,0.758998435054773,0.0457317073170732,0.771604938271605,0.71830985915493,0.770045385779123,0.774447949526814
"342",0.992025518341308,0.992,0.97045101088647,0.942903752039152,0.982229402261712,0.995137763371151,0.885532591414944,0.971291866028708,0.99211356466877,0,0.995319812792512,0,0.568965517241379,0.99185667752443,0.0507936507936508,0.0173501577287066,0,0.0130505709624796,0.990275526742301,0.976635514018692,0.162679425837321,0.035031847133758,0.982758620689655,0,0.954330708661417,0.252818035426731,0.1104,0.982258064516129,0.471406491499227,0.688575899843505,0.00938967136150235,0.695046439628483,0.770700636942675,0.290015847860539,0,0.993660855784469,0.0219435736677116,0.984423676012461,0.261398176291793,0.905956112852665,0.00158730158730159,0.0124804992199688,0.00623052959501558,0.991896272285251,0.78052805280528,0.0340909090909091,0.530805687203792,0.00632911392405063,0.465331278890601,0.141321044546851,0,0.987220447284345,0.279179810725552,0.993690851735016,0.878548895899054,0.170967741935484,0,0.964573268921095,0.956723338485317,0.903726708074534,0.297939778129952,0.433229813664596,0.00796178343949045,0,0.898058252427185,0.820063694267516,0,0.982484076433121,0,0.00952380952380952,0.865325077399381,0.0127388535031847,0.0234375,0.993817619783617,0,0.708333333333333,0.053125,0.57433489827856,0.906602254428341,0.279264214046823,0,0.720125786163522,0.197836166924266,0.990712074303406,0.117554858934169,0.91304347826087,0.990536277602524,0.9703125,0.968503937007874,0.0124804992199688,0.985576923076923,0.990639625585023,0,0,0.966129032258065,0,0.306376360808709,0.974842767295597,0.00782472613458529,0.0095389507154213,0.605136436597111,0,0.2848,0.992,0.110769230769231,0.99198717948718,0.0111821086261981,0.976340694006309,0.00642054574638844,0.0142857142857143,0.0168711656441718,0.90302066772655,0.353225806451613,1,0,0.981220657276995,0.710443037974684,0,0.0093603744149766,0.231378763866878,0,0.76038338658147,0.252764612954186,0.0774193548387097,0.981072555205047,0.1453125,0.992236024844721,1,0,0.542586750788643,0.937898089171974,0.482315112540193,0.992,0,0.985483870967742,0.027190332326284,0,0.224919093851133,0.635350318471338,0.527331189710611,0,0,0.976525821596244,0.761904761904762,0.1712,0.99203821656051,0.010989010989011,0.925984251968504,0.420289855072464,0.979591836734694,0.145161290322581,1,0.99673735725938,0.835680751173709,0.984375,0.00801282051282051,0.992272024729521,0.00966183574879227,0,0.748397435897436,0.863565891472868,0.97191887675507,0.0279937791601866,0,0.995283018867924,0.453225806451613,0.990243902439024,0.995268138801262,0.992025518341308,0.291217257318952,0.976525821596244,0.00794912559618442,0.942724458204334,0.00759878419452888,0.892857142857143,0.372854914196568,0,0.973015873015873,0,0.84458398744113,0.992101105845182,0.13237639553429,0.980891719745223,0.953051643192488,0.980182926829268,0.970031545741325,0.101426307448494,0.389230769230769,0.92483660130719,0.943273905996759,0.0611916264090177,0.0126782884310618,0.9776,0.847826086956522,0,0,0.313099041533546,0.00156494522691706,0.992248062015504,0.273010920436817,0.873801916932907,0.753488372093023,0.98613251155624,0.431061806656101,0.444270015698587,0.300653594771242,0.911671924290221,0.953225806451613,0.873817034700315,0,0.8712715855573,0.192182410423453,0.9456,0.00958466453674121,0.0784929356357928,0.536277602523659,0.971383147853736,0.972136222910217,0.8256735340729,0.992331288343558,0.894154818325434,0,0.0892018779342723,0.651702786377709,0.98705501618123,0,0.982758620689655,0.973805855161787,0.549050632911392,0.553291536050157,0.977707006369427,0.991883116883117,0.37220447284345,0,0.8859375,0.528846153846154,0.969404186795491,0.0046583850931677,0.954828660436137,0.990322580645161,0.990625,0.944444444444444,0.540372670807453,0.0113085621970921,0.972972972972973,0.545171339563863,0.013719512195122,0.00765696784073507,0.193700787401575,0.00803858520900321,0.156957928802589,0.667180277349769,0.00637958532695375,0.0078740157480315,0.0156739811912226,0.586583463338534,0.0448,0.987519500780031,0.0144230769230769,0.0063391442155309,0,0.227488151658768,0.990415335463259,0.9826224328594,0.901098901098901,0,0.863057324840764,0.851622874806801,0.683788121990369,0.61189358372457,0.45324881141046,0.460815047021944,0.0125,0.99203821656051,0.10641627543036,0.705400981996727,0.958990536277603,0.0187207488299532,0.742496050552923,0.0112540192926045,0.115805946791862,0.990726429675425,0.990196078431373,0.882258064516129,0,0.642301710730949,0.8768,0,0.00928792569659443,0.889060092449923,0.979365079365079,0,0.0078740157480315,0.00792393026941363,0.977198697068404,0.87741935483871,0.00797448165869218,0,0.392801251956182,0.983948635634029,0.801526717557252,0.410094637223975,0.654781199351702,0.95440251572327,0.0125786163522013,0.992236024844721,0.993710691823899,0.0112179487179487,0.9671875,0.993680884676145,0.963317384370016,0.990415335463259,0.190327613104524,0.324921135646688,0.297297297297297,0.980676328502415,0.933006535947712,0.0488958990536278,0.271268057784912,0.974603174603175,0.155309033280507,0.31306990881459,0.99211356466877,0.9904,0.965891472868217,0.691693290734824,0.990639625585023,0.2416,0.963893249607535,0.990369181380417,0,0.327044025157233,0.558587479935794,0.0253565768621236,0.0501567398119122,0.0169491525423729,0.899529042386185,0.0324074074074074,0.00625,0,0.234108527131783,1,0.0822784810126582,0.978827361563518,0.9728,0.982315112540193,0.288676236044657,0.302287581699346,0.671949286846276,0.472906403940887,0,0.817472698907956,0.0185758513931889,0.0464396284829721,0.206471494607088,0.991935483870968,0.00956937799043062,0,0.340625,0.0185471406491499,0.0289389067524116,0.466981132075472,0.995253164556962,0.287096774193548,0.99344262295082,0.95859872611465,0,0.984939759036145,0.00463678516228748,0.989230769230769,0.827258320126783,0.99349593495935,0.0222929936305732,0.969135802469136,0.00625978090766823,0.883177570093458,0.709003215434084,0.942367601246106,0.98256735340729,0.990521327014218,0.300632911392405,0.9584,0.992319508448541,0.00921658986175115,0.0295489891135303,0.99194847020934,0.992025518341308,0.342229199372057,0.883647798742138,0.962783171521036,0.94488188976378,0.993769470404984,0,0.113964686998395,0.990625,0.00642054574638844,0,0.968,0.0112903225806452,0.0513643659711075,0.992199687987519,0.9712,0.00319488817891374,0.622792937399679,0.427884615384615,0.979166666666667,0.00802568218298555,0.868589743589744,0.986928104575163,0.37459807073955,0.604068857589984,0.786624203821656,0,0.17329093799682,0.9744,0.990521327014218,0.460567823343849,0.993710691823899,0.959252971137521,0.0393700787401575,0.0016,0.981481481481482,0.987301587301587,0.955905511811024,0.686244204018547,0.0145395799676898,0.861198738170347,0.239302694136292,0.196339434276206,0.0078125,0.617224880382775,0.597774244833068,0.612698412698413,0,0.308072487644152,0.92,0.64018691588785,0.529042386185243,0.0828313253012048,0,0,0.992435703479576,0.963020030816641,0,0.921850079744817,0.0128,0,0,0.995230524642289,0,0.993569131832797,0.780063291139241,0.531152647975078,0.993779160186625,0,0,0.984350547730829,0.956127080181543,0.721003134796238,0.00773993808049536,0.00324675324675325,0.869029275808937,0.592476489028213,0.992138364779874,0.543478260869565,0.359550561797753,0,0.971653543307087,0.00798722044728434,0.958730158730159,0.0962732919254658,0,0.0185758513931889,0.11400651465798,0.482084690553746,0.968404423380727,0,0.953846153846154,0.977952755905512,0.99375,0,0.0793650793650794,0.926421404682274,0.0147058823529412,0.992163009404389,0.993874425727412,0.0128,0.993630573248408,0.303125,0.794585987261146,0.016,0.175697865353038,0.960691823899371,0.0126782884310618,0.00793650793650794,0.9765625,0.0145161290322581,0.660828025477707,0.386581469648562,0,0.119236883942766,0.738211382113821,0.254317111459969,0.971830985915493,0.00634920634920635,0.147744945567652,0.456026058631922,0.952012383900929,0.882716049382716,0.952755905511811,0.744408945686901,0,0.978193146417445,0.00772797527047913,0.959119496855346,0.401294498381877,0.00758725341426404,0.992223950233281,0.993569131832797,0.990338164251208,0.633333333333333,0.979591836734694,0.133971291866029,0.200949367088608,0.9484375,0.869496855345912,0,0,0.990445859872611,0.940032414910859,0.0207006369426752,0.979397781299525,0.988941548183254,0.371069182389937,0.934747145187602,0.72508038585209,0.875,0,0.96984126984127,0.345161290322581,0.9904,0.990445859872611,0,0.650546021840874,0.972536348949919,0.00627943485086342,0.681089743589744,0.377358490566038,0.791411042944785,0.680445151033386,0.946646341463415,0.0931297709923664,0.975845410628019,0.992223950233281,0.978125,0.305111821086262,0.109177215189873,0.987261146496815,0.9921875,0.00788643533123028,0.786392405063291,0.451104100946372,0.266244057052298,0.76875,0.993610223642173,0.872611464968153,0.992012779552716,0.123630672926448,0.00814332247557003,0,0.817460317460317,0.00798722044728434,0.00783699059561128,0.288188976377953,0,0.985826771653543,0.911949685534591,0.992150706436421,0.985981308411215,0.0972886762360447,0.00784929356357928,0,0,0.178913738019169,0.0803149606299213,0.153354632587859,0,0.00630914826498423,0.992150706436421,0.0154798761609907,0.308186195826645,0.990196078431373,0.58307210031348,0.964458804523425,0.656739811912226,0.640122511485452,0,0.993855606758833,0.38755980861244,0.490415335463259,0.921174652241113,0.982892690513219,0.4,0.0109204368174727,0.954758190327613,0.9546875,0,0.964831804281346,0.0203761755485893,0.985245901639344,0.43581616481775,0,0.00938967136150235,0.522875816993464,0.833333333333333,0.00933125972006221,0.13673805601318,0.0127186009538951,0.0016260162601626,0.747303543913713,0.0272,0.991830065359477,0.334370139968896,0.987654320987654,0.00773993808049536,0.377952755905512,0.323296354992076,0.862681744749596,0.087893864013267,0.0062992125984252,0.00316455696202532,0.0484652665589661,0,0.990697674418605,0.0491803278688525,0.980030721966206,0.00956937799043062,0.991883116883117,0,0.525660964230171,0.458990536277603,0.993730407523511,0,0.990551181102362,0,0.409017713365539,1,0,0.653666146645866,0.972929936305732,0.745283018867924,0.947284345047923,0.0473186119873817,0,0.990491283676704,0.27536231884058,0,0.687789799072643,0.00762195121951219,0.0235478806907378,0.990445859872611,0.993527508090615,0.987730061349693,0.968354430379747,0.978998384491115,0,0.973101265822785,0.0261538461538462,0.353218210361067,0.300787401574803,0.987441130298273,0.981042654028436,0.982892690513219,0.984472049689441,0.0598425196850394,0.0253164556962025,0.980295566502463,0.954616588419405,0.720062208398134,0.976599063962558,0.990536277602524,0.973312401883831,0,0,0.972809667673716,0,0.0816326530612245,0,0.955696202531646,0.292483660130719,0.20859872611465,0.128834355828221,0.914927768860353,0,0.117088607594937,0.990625,0.993759750390016,0.632,0.403641881638847,0.21580547112462,0.185647425897036,0.656957928802589,0.0062111801242236,0.131868131868132,0.542857142857143,0.253968253968254,0.695178849144635,0.0156739811912226,0,0.0065359477124183,0.327503974562798,0.99349593495935,0.618670886075949,0.232522796352584,0.610410094637224,0.866877971473851,0.978361669242658,0.953719008264463,0.980738362760835,0.990322580645161,0.990461049284579,0.570747217806041,0.430141287284144,0.988958990536278,0.0121396054628225,0.0184899845916795,0.864139020537125,0.0123839009287926,0.9921875,0.962616822429907,0,0.105177993527508,0,0.950715421303657,0,0.976489028213166,0.99198717948718,0.0156739811912226,0.82601880877743,0.993720565149137,0.65378421900161,0.622257053291536,0.87220447284345,0,0,0.929159802306425,0.94170403587444,0.984301412872841,0,0,0.00490998363338789,0.240369799691834,0.5086887835703,0,0.464678178963893,0,0.923566878980892,0.990566037735849,0.173633440514469,0.231007751937985,0,0.362760834670947,0.58664546899841,0.866352201257862,0.965571205007825,0.784810126582278,0.00782472613458529,0.98538961038961,0.0158730158730159,0.99198717948718,0,0.979969183359014,0.00786163522012579,0.991935483870968,0.0239234449760766,0.0177705977382876,0,0,0.8203125,0.924679487179487,0.935185185185185,0.71875,0.0313971742543171,0.0162337662337662,0.840510366826156,0.846153846153846,0,0.0254372019077901,0.968847352024922,0,0.974068071312804,0.957680250783699,0.0631911532385466,0.0455974842767296,0.0094488188976378,0.992223950233281,0.483818770226537,0.0822784810126582,0.106732348111658,0.111459968602826,0.698360655737705,0.10077519379845,0.99198717948718,0,0.749206349206349,0.976525821596244,0.00477707006369427,0,0.00903614457831325,0,0.00949367088607595,0.993610223642173,0.710569105691057,0.0064,0.00473186119873817,0.544570502431118,0.958664546899841,0.438985736925515,0.05625,0.00811688311688312,0.061389337641357,0.0205047318611987,0,0.0396196513470681,0.012326656394453,0.00956937799043062,0.0202492211838006,0.00789889415481832,0.0494417862838915,0.062111801242236,0.0235478806907378,0.0222222222222222,0.00638977635782748,0.0298273155416013,0.0282574568288854,0.0596546310832025,0.016,0.0232558139534884,0.0065252854812398,0.00952380952380952,0.051948051948052,0.0158227848101266,0.0277777777777778,0.00938967136150235,0.0410742496050553,0.00924499229583975,0.00956937799043062
"343",0.0768,0.0644654088050314,0.103395061728395,0.128571428571429,0.0814696485623003,0.0685805422647528,0.167464114832536,0.100946372239748,0.0726429675425039,0,0.0657276995305164,0,0.468553459119497,0.0673981191222571,0.904984423676013,0.940902021772939,0,0.00158478605388273,0.0816,0.089622641509434,0.81259842519685,0.91437802907916,0.0764430577223089,0,0.117554858934169,0.735015772870662,0.84384858044164,0.0855784469096672,0.608562691131499,0.3625,0.93394777265745,0.383411580594679,0.304212168486739,0.701399688958009,0,0.0668740279937792,0.0046583850931677,0.0729813664596273,0.74773413897281,0.165898617511521,0,0,0,0.0721153846153846,0.29073482428115,0.907496012759171,0.523584905660377,0.930599369085173,0.550151975683891,0.9629057187017,0,0.0746500777604977,0.736263736263736,0.060702875399361,0.170347003154574,0.7968,0,0.0942492012779553,0.108864696734059,0.172628304821151,0.707882534775889,0.623824451410658,0.919431279620853,0,0.183574879227053,0.243451463790447,0,0.075,0,0.923197492163009,0.194144838212635,0.928571428571429,0.919685039370079,0.0658499234303216,0,0.356269113149847,0.891975308641975,0.49609984399376,0.16984126984127,0.742043551088777,0,0.353870458135861,0.780487804878049,0.0747663551401869,0.9984375,0.148773006134969,0.0689655172413793,0.0920245398773006,0.0892307692307692,0,0.0881889763779528,0.0678233438485804,0,0,0.103503184713376,0,0.716510903426791,0.0927672955974843,0,0,0.446875,0,0.717219589257504,0.068362480127186,0.865761689291101,0.0768,0,0.0894819466248038,0.936608557844691,0.916271721958926,0.928902627511592,0.140350877192982,0.6734375,0.0766823161189358,0,0.0737833594976452,0.33489827856025,0,0.924528301886792,0.770569620253165,0,0.301391035548686,0.74884437596302,0.864433811802233,0.093558282208589,0.872503840245776,0.066358024691358,0.0728682170542636,0,0.52639751552795,0.139937106918239,0.566666666666667,0.0852090032154341,0,0.0672,0.911901081916538,0,0.794912559618442,0.407176287051482,0.543408360128617,0,0,0.0961240310077519,0.309486780715397,0.850556438791733,0.0723270440251572,0.931142410015649,0.149532710280374,0.593900481540931,0.0873493975903614,0.839228295819936,0.084375,0.0733652312599681,0.236306729264476,0.0639625585023401,0.924050632911392,0.0716510903426791,0.92246835443038,0,0.337539432176656,0.201228878648233,0.0825396825396825,0.921296296296296,0,0.0636645962732919,0.56687898089172,0.0633116883116883,0.0632716049382716,0.0649149922720247,0.699849170437406,0.0864197530864197,0.927099841521395,0.126911314984709,0.931137724550898,0.169329073482428,0.63312693498452,0,0.0853080568720379,0,0.21583850931677,0.06875,0.8496,0.0906298003072197,0.117378048780488,0.0750750750750751,0.0889570552147239,0.860979462875197,0.631818181818182,0.138662316476346,0.125,0.890282131661442,0.926380368098159,0.0806962025316456,0.193199381761978,0,0,0.726283048211509,0,0.0669710806697108,0.734539969834088,0.184590690208668,0.303680981595092,0.0830769230769231,0.6198738170347,0.627906976744186,0.727564102564103,0.1328125,0.0988835725677831,0.188361408882083,0,0.187106918238994,0.805825242718447,0.109177215189873,0.933858267716535,0.868827160493827,0.532407407407407,0.0974842767295598,0.0903522205206738,0.235294117647059,0.0789473684210526,0.178125,0,0.87111801242236,0.419354838709677,0.072,0,0.0738461538461539,0.0886850152905199,0.522550544323484,0.482919254658385,0.0762052877138414,0.0638977635782748,0.664546899841017,0,0.169781931464174,0.516640253565769,0.100486223662885,0.927244582043344,0.11402157164869,0.0699523052464229,0.0658307210031348,0.11216429699842,0.50386398763524,0.926332288401254,0.09375,0.5,0.931240657698057,0.92824427480916,0.7875,0.91601866251944,0.818611987381703,0.388036809815951,0.930448222565688,0.926100628930818,0.919811320754717,0.473846153846154,0.904,0.0822784810126582,0,0.923076923076923,0,0.776545166402536,0.0743670886075949,0.0909090909090909,0.1609375,0,0.190095846645367,0.207430340557276,0.375586854460094,0.45,0.572107765451664,0.621405750798722,0,0.064873417721519,0.885802469135803,0.360446570972887,0.105100463678516,0.918083462132921,0.324367088607595,0.930662557781202,0.839258114374034,0.0720720720720721,0.0721311475409836,0.152276295133438,0,0.444613050075873,0.162246489859594,0,0.929012345679012,0.167449139280125,0.0906200317965024,0,0.939252336448598,0.930124223602484,0.074313408723748,0.17693522906793,0.924193548387097,0,0.656832298136646,0.0794912559618442,0.289634146341463,0.622670807453416,0.397196261682243,0.0998463901689708,0.924646781789639,0.0682170542635659,0.0672926447574335,0.929577464788732,0.0907643312101911,0.0755905511811024,0.10031847133758,0.0729813664596273,0.813397129186603,0.6953125,0.722570532915361,0.0832,0.13128038897893,0.00920245398773006,0.753577106518283,0.0947204968944099,0.828125,0.733637747336377,0.0794392523364486,0.0784929356357928,0.0993690851735016,0.384126984126984,0.0660522273425499,0.775157232704403,0.106084243369735,0.080952380952381,0,0.691833590138675,0.518341307814992,0.915492957746479,0.00766871165644172,0.922610015174507,0.155660377358491,0.91304347826087,0.931993817619784,0,0.775351014040562,0.0822784810126582,1,0.0846905537459283,0.0959119496855346,0.0832025117739403,0.73851030110935,0.732057416267943,0.393081761006289,0.561889250814332,0,0.238390092879257,0.917557251908397,0.888024883359253,0.786153846153846,0.0666666666666667,0.932707355242567,0,0.689763779527559,0.923913043478261,0.932389937106918,0.571205007824726,0.0742496050552923,0.719551282051282,0.0749185667752443,0.0942812982998454,0,0.0764617691154423,0.924382716049383,0.0677966101694915,0.235202492211838,0.0726072607260726,0.918495297805643,0.0815384615384615,0.934477379095164,0.2,0.344827586206897,0.124223602484472,0.0883720930232558,0.0686427457098284,0.729230769230769,0.105769230769231,0.0701219512195122,0.92802450229709,0.91937984496124,0.0672,0.071097372488408,0.674528301886792,0.185243328100471,0.098546042003231,0.117370892018779,0.0702290076335878,0,0.837662337662338,0.0671875,0.929245283018868,0,0.100787401574803,0,0.902053712480253,0.0705521472392638,0.0923317683881064,0,0.442367601246106,0.594383775351014,0.0883280757097792,0.932692307692308,0.196513470681458,0.0740740740740741,0.697452229299363,0.462365591397849,0.2736,0,0.819314641744548,0.0798722044728434,0.0658307210031348,0.571870170015456,0.0707692307692308,0.0932896890343699,0.911353032659409,0,0.088646967340591,0.0826833073322933,0.108661417322835,0.382978723404255,0.926447574334898,0.19620253164557,0.722480620155039,0.807817589576547,0,0.443396226415094,0.44031007751938,0.433903576982893,0,0.6992,0.149842271293375,0.424382716049383,0.515527950310559,0.86865671641791,0,0,0.0723781388478582,0.0972644376899696,0,0.141509433962264,0,0,0,0.0736677115987461,0,0.0676328502415459,0.30077519379845,0.535276073619632,0.0702290076335878,0,0,0.0825545171339564,0.107692307692308,0.347758887171561,0.929121725731895,0,0.176651305683564,0.473846153846154,0.0845070422535211,0.518518518518518,0.665071770334928,0,0.0868217054263566,0.927884615384615,0.112540192926045,0.853932584269663,0,0.915279878971256,0.991974317817014,0.539967373572594,0.0945736434108527,0,0.116843702579666,0.0900621118012422,0.0717628705148206,0,0.884310618066561,0.125,0.926829268292683,0.0667701863354037,0.061633281972265,0.922600619195046,0.0763239875389408,0.724569640062598,0.257763975155279,0.915625,0.807631160572337,0.109546165884194,0,0.924499229583975,0.0940438871473354,0.920127795527157,0.41025641025641,0.601574803149606,0,0.844854070660522,0.302737520128824,0.747706422018349,0.0833333333333333,0.925515055467512,0.810344827586207,0.607553366174056,0.107197549770291,0.176744186046512,0.104199066874028,0.316455696202532,0,0.0699088145896656,0.93394777265745,0.0995260663507109,0.648208469055375,0.923195084485407,0.0699844479004666,0.0672926447574335,0.0654205607476635,0.4140625,0.0860215053763441,0.843949044585987,0.803174603174603,0.118296529968454,0.170846394984326,0,0,0.0837282780410742,0.125596184419714,0.930015552099533,0.0823909531502423,0.0790697674418605,0.688087774294671,0.13968253968254,0.33968253968254,0.179173047473201,0,0.10062893081761,0.681181959564541,0.0684292379471229,0.0786163522012579,0,0.433753943217666,0.0834670947030498,0.923197492163009,0.36031746031746,0.622464898595944,0.265460030165913,0.3504,0.108562691131498,0.86280487804878,0.0759493670886076,0.0758513931888545,0.0853080568720379,0.719211822660099,0.839813374805599,0.0737833594976452,0.0644171779141104,0,0.291925465838509,0.583724569640063,0.719242902208202,0.300155520995334,0.0719874804381847,0.191153238546603,0.0635658914728682,0.125766871165644,0.921696574225122,0,0.25434439178515,0.925984251968504,0.93563579277865,0.725984251968504,0,0.0837282780410742,0.157164869029276,0.0725308641975309,0.0794392523364486,0.85062893081761,0.92515923566879,0,0,0.811410459587956,0.869218500797448,0.8060413354531,0,0.929467084639498,0.0716510903426791,0.388198757763975,0.733333333333333,0.0652866242038217,0.482003129890454,0.107086614173228,0.381619937694704,0.397260273972603,0,0.0760059612518629,0.657142857142857,0.565149136577708,0.148091603053435,0.0725308641975309,0.633540372670807,0,0.108150470219436,0.113496932515337,0,0.0938461538461538,0.909952606635071,0.0798045602605863,0.630672926447574,0,0,0.565853658536585,0.22792937399679,0.932601880877743,0.842356687898089,0,0,0.303951367781155,0.918789808917197,0.0647840531561462,0.683076923076923,0.073959938366718,0.940809968847352,0.622848200312989,0.657686212361331,0.200949367088608,0.924193548387097,0.928348909657321,0,0.89589905362776,0,0.0778625954198473,0.75,0.081570996978852,0.923317683881064,0.072,0,0.509259259259259,0.599686028257457,0.0634674922600619,0,0.0746951219512195,0,0.616129032258064,0.0829493087557604,0,0.396899224806202,0.0847723704866562,0.326625386996904,0.1184,0.888372093023256,0,0.0661417322834646,0.736593059936908,0,0.375,0.924357034795764,0.933641975308642,0.0672,0.0769230769230769,0.0768049155145929,0.0788643533123028,0.0734375,0,0.0849056603773585,0,0.671232876712329,0.7,0.073959938366718,0.0788253477588872,0.0780780780780781,0.0725308641975309,0.0338461538461538,0.920886075949367,0.0880913539967374,0.100463678516229,0.345038167938931,0.0927357032457496,0.0675883256528418,0.0981308411214953,0,0,0.0893939393939394,0,0.870769230769231,0.0015527950310559,0.114906832298137,0.710610932475884,0.752791068580542,0.84,0.144215530903328,0,0.859154929577465,0.0757341576506955,0.0748091603053435,0.40251572327044,0.640718562874252,0.792424242424242,0.795107033639144,0.409375,0.933125972006221,0.848673946957878,0.51875,0.758998435054773,0.370769230769231,0.922834645669291,0,0.932475884244373,0.689710610932476,0.0706260032102729,0.410216718266254,0.771558245083207,0.446676970633694,0.19629057187017,0.0798771121351766,0.107142857142857,0.0917721518987342,0.0766773162939297,0.0722135007849294,0.481132075471698,0.598425196850394,0.0745341614906832,0.930827067669173,0.935975609756098,0.195956454121306,0,0.0687022900763359,0.0900621118012422,0,0.910828025477707,0,0.121835443037975,0,0.0944272445820433,0.0695102685624013,0.922256097560976,0.236842105263158,0.0691244239631336,0.39268680445151,0.430599369085173,0.17329093799682,0,0,0.143312101910828,0.128637059724349,0.0808709175738725,0,0,0.938411669367909,0.774885145482389,0.563579277864992,0,0.5875,0,0.142410015649452,0.0710823909531502,0.794952681388013,0.7609375,0,0.655172413793103,0.454258675078864,0.210280373831776,0.107142857142857,0.287267080745342,0.926905132192846,0.0836012861736334,0.0804416403785489,0.072,0,0.0829562594268477,0,0.0664556962025316,0.916932907348243,0.576802507836991,0,0,0.242612752721617,0.142857142857143,0.116207951070336,0.350152905198777,0.918711656441718,0.926282051282051,0.217729393468118,0.221879815100154,0,0.925632911392405,0.0979782270606532,0,0.0832,0.118012422360248,0.8875,0.0046583850931677,0.924290220820189,0.0741301059001513,0.542721518987342,0.858475894245723,0.845295055821372,0.855345911949686,0.384863123993559,0.989345509893455,0.0715421303656598,0,0.314785373608903,0.0870917573872473,0,0,0.929984779299848,0,0.933753943217666,0.0771653543307087,0.351701782820097,0.927884615384615,0.92755905511811,0.52755905511811,0.106012658227848,0.642745709828393,0.00625978090766823,0.928909952606635,0.0554675118858954,0.00930232558139535,0,0.755980861244019,0.924471299093656,0.929356357927786,0.91304347826087,0.929984779299848,0.00476190476190476,0.00612557427258806,0.922480620155039,0.0062111801242236,0.00323624595469256,0.025,0.0046583850931677,0.00786163522012579,0.927215189873418,0.0109034267912773,0.931707317073171,0.930379746835443,0.00643086816720257,0.928125,0.0491551459293395,0.931142410015649,0.864566929133858,0.928462709284627,0.930124223602484
"344",0.988673139158576,0.983844911147011,0.979166666666667,0.947107438016529,0.99016393442623,0.985197368421053,0.913256955810147,0.981967213114754,0.988853503184713,0,0.985221674876847,0,0.585760517799353,0.985123966942149,0.058252427184466,0.0129449838187702,0,0.0145867098865478,0.985270049099836,0.97258064516129,0.166394779771615,0.050251256281407,0.970873786407767,0,0.944894651539708,0.270315091210614,0.126009693053312,0.974789915966387,0.483253588516746,0.701277955271565,0.014308426073132,0.701639344262295,0.791118421052632,0.292763157894737,0,0.990180032733224,0.0176848874598071,0.980613893376414,0.266770670826833,0.911433172302738,0.00161812297734628,0.0145395799676898,0.00488599348534202,0.98671096345515,0.7834179357022,0.0387722132471729,0.514003294892916,0.0130293159609121,0.485759493670886,0.142172523961661,0,0.985342019543974,0.277511961722488,0.983818770226537,0.898527004909984,0.184818481848185,0,0.957912457912458,0.970779220779221,0.913539967373573,0.30718954248366,0.458937198067633,0.0116666666666667,0,0.890365448504983,0.838141025641026,0,0.975369458128079,0,0.0147058823529412,0.855305466237942,0.0212765957446809,0.0325732899022801,0.985736925515055,0,0.737864077669903,0.0552922590837283,0.582258064516129,0.909240924092409,0.286206896551724,0,0.725363489499192,0.220285261489699,0.985436893203884,0.12520325203252,0.918006430868167,0.983766233766234,0.967793880837359,0.962662337662338,0.00955414012738853,0.975288303130148,0.982343499197432,0,0,0.970149253731343,0,0.31637519872814,0.975688816855754,0.008,0.00967741935483871,0.621359223300971,0,0.288052373158756,0.986863711001642,0.115689381933439,0.988429752066116,0.00825082508250825,0.98531810766721,0.0130932896890344,0.0194489465153971,0.0211726384364821,0.922204213938412,0.348949919224556,0.977198697068404,0,0.99198717948718,0.727272727272727,0,0.0130293159609121,0.23240589198036,0,0.781094527363184,0.2624,0.0929054054054054,0.967266775777414,0.149593495934959,0.980952380952381,0.983922829581994,0,0.55591054313099,0.945634266886326,0.512437810945274,0.976744186046512,0,0.983525535420099,0.0416666666666667,0,0.22,0.622734761120264,0.538079470198676,0,0,0.988727858293076,0.775080906148867,0.172981878088962,0.988617886178862,0.0195121951219512,0.935794542536116,0.425496688741722,0.984025559105431,0.139303482587065,0.973898858075041,0.986666666666667,0.838187702265372,0.98546042003231,0.0132450331125828,0.987096774193548,0.0164203612479475,0,0.746341463414634,0.884984025559105,0.972624798711755,0.0370967741935484,0,0.984152139461173,0.454242928452579,0.988215488215488,0.983922829581994,0.98858075040783,0.300632911392405,0.987075928917609,0.0165837479270315,0.968102073365231,0.0124031007751938,0.920529801324503,0.384244372990354,0,0.979066022544283,0,0.851132686084142,0.983844911147011,0.130505709624796,0.9824,0.938906752411576,0.984227129337539,0.969502407704655,0.114516129032258,0.389337641357027,0.921666666666667,0.941666666666667,0.070840197693575,0.0197044334975369,0.987034035656402,0.879227053140097,0,0,0.313311688311688,0.0016,0.985530546623794,0.270226537216828,0.894214876033058,0.76537216828479,0.990430622009569,0.443894389438944,0.452495974235105,0.314662273476112,0.925925925925926,0.960912052117264,0.892063492063492,0,0.882258064516129,0.177664974619289,0.951666666666667,0.012987012987013,0.0874403815580286,0.548760330578512,0.970394736842105,0.990461049284579,0.853181076672104,0.985668789808917,0.893548387096774,0,0.0852090032154341,0.680379746835443,0.983579638752053,0,0.979166666666667,0.987519500780031,0.563106796116505,0.564437194127243,0.975409836065574,0.981543624161074,0.380875202593193,0,0.903174603174603,0.536585365853659,0.983416252072968,0.0145161290322581,0.9648,0.988429752066116,0.985507246376812,0.944894651539708,0.549520766773163,0.0131795716639209,0.980295566502463,0.541666666666667,0.0207336523125997,0.0157977883096366,0.219155844155844,0.0163934426229508,0.159539473684211,0.688783570300158,0.0130505709624796,0.0160513643659711,0.022508038585209,0.597133757961783,0.0478547854785479,0.973983739837398,0.0113268608414239,0.0115131578947368,0,0.232899022801303,0.986928104575163,0.973770491803279,0.902086677367576,0,0.89,0.848726114649682,0.707037643207856,0.609872611464968,0.477124183006536,0.466777408637874,0.00967741935483871,0.986842105263158,0.0982286634460548,0.715488215488216,0.975490196078431,0.0276422764227642,0.765089722675367,0.0163398692810458,0.119426751592357,0.987381703470032,0.986509274873524,0.91044776119403,0,0.6484375,0.895595432300163,0,0.0127186009538951,0.906200317965024,0.99185667752443,0,0.017741935483871,0.011400651465798,0.985049833887043,0.895867768595041,0.0168918918918919,0,0.388254486133768,0.99673735725938,0.797752808988764,0.401294498381877,0.665568369028007,0.966019417475728,0.0240384615384615,0.983948635634029,0.985342019543974,0.0132013201320132,0.975649350649351,0.983633387888707,0.964765100671141,0.980830670926518,0.20259319286872,0.319422150882825,0.304418985270049,0.986885245901639,0.94453781512605,0.0544,0.280898876404494,0.983739837398374,0.159935379644588,0.321875,0.990369181380417,0.98202614379085,0.978896103896104,0.712854757929883,0.980982567353407,0.259868421052632,0.975688816855754,0.981788079470199,0,0.329073482428115,0.564569536423841,0.0324675324675325,0.059967585089141,0.0222575516693164,0.907617504051864,0.0335463258785942,0.0145395799676898,0,0.234076433121019,0.978827361563518,0.0846905537459283,1,0.980519480519481,0.990180032733224,0.295566502463054,0.293532338308458,0.676375404530744,0.467905405405405,0,0.829821717990275,0.0286168521462639,0.057784911717496,0.206070287539936,0.985148514851485,0.0144927536231884,0,0.3296,0.0224719101123595,0.0356564019448947,0.476190476190476,0.985342019543974,0.298157453936348,0.988054607508532,0.95364238410596,0,0.987635239567233,0.0142405063291139,0.984101748807631,0.831973898858075,0.983471074380165,0.0258899676375405,0.966613672496025,0.0160771704180064,0.888888888888889,0.721393034825871,0.937299035369775,0.995114006514658,0.982315112540193,0.295454545454545,0.961038961038961,0.982539682539682,0.0141732283464567,0.0418006430868167,0.983498349834984,0.98371335504886,0.35048231511254,0.882067851373183,0.956302521008403,0.969453376205788,0.98538961038961,0,0.127906976744186,0.987138263665595,0.014827018121911,0,0.978441127694859,0.011744966442953,0.0541871921182266,0.982456140350877,0.978998384491115,0.0033112582781457,0.639871382636656,0.438220757825371,0.993333333333333,0.0149750415973378,0.871710526315789,0.988543371522095,0.392092257001647,0.61389337641357,0.794788273615635,0,0.161290322580645,0.986754966887417,0.988727858293076,0.452380952380952,0.987138263665595,0.957118353344768,0.0422764227642276,0.00163398692810458,0.988906497622821,0.980487804878049,0.948051948051948,0.684294871794872,0.0194805194805195,0.888707037643208,0.253611556982344,0.194539249146758,0.00805152979066022,0.617549668874172,0.612745098039216,0.631067961165049,0,0.297520661157025,0.919743178170145,0.636075949367089,0.535657686212361,0.0998439937597504,0,0,0.986003110419907,0.960380348652932,0,0.92776886035313,0.00978792822185971,0,0,0.981996726677578,0,0.986577181208054,0.772875816993464,0.535657686212361,0.985736925515055,0,0,0.982171799027553,0.959247648902821,0.737520128824477,0.016,0.0033167495854063,0.893249607535322,0.606796116504854,0.988782051282051,0.544715447154472,0.362012987012987,0,0.968102073365231,0.0150501672240803,0.963636363636364,0.0981996726677578,0,0.023961661341853,0.122923588039867,0.489830508474576,0.966292134831461,0,0.963434022257552,0.967105263157895,0.98705501618123,0,0.087893864013267,0.929173693086003,0.0168350168350168,0.982258064516129,0.987281399046105,0.0209003215434084,0.985576923076923,0.305958132045089,0.827642276422764,0.0275080906148867,0.177446102819237,0.972357723577236,0.00985221674876847,0.0176848874598071,0.975961538461538,0.0232945091514143,0.673770491803279,0.402597402597403,0,0.122383252818035,0.754208754208754,0.268921095008052,0.987117552334944,0.00977198697068404,0.165573770491803,0.485714285714286,0.953525641025641,0.902711323763955,0.957585644371941,0.755737704918033,0,0.970967741935484,0.0144,0.955882352941177,0.398671096345515,0.0156494522691706,0.985342019543974,0.988352745424293,0.98371335504886,0.628246753246753,1,0.132352941176471,0.186274509803922,0.938709677419355,0.893376413570275,0,0,0.986885245901639,0.93,0.0296540362438221,0.978827361563518,0.995145631067961,0.378029079159935,0.939244663382594,0.734453781512605,0.89540412044374,0,0.959349593495935,0.34248788368336,0.983660130718954,0.987034035656402,0,0.647634584013051,0.980263157894737,0.0179738562091503,0.704433497536946,0.39708265802269,0.807936507936508,0.703947368421053,0.94912559618442,0.0998439937597504,0.98,0.987075928917609,0.991935483870968,0.307438016528926,0.103225806451613,0.991909385113269,0.985530546623794,0.00802568218298555,0.791869918699187,0.472,0.268488745980707,0.770358306188925,0.983818770226537,0.879421221864952,0.987012987012987,0.127158555729984,0.0151006711409396,0,0.842696629213483,0.0179738562091503,0.0147299509001637,0.290791599353796,0,0.995184590690209,0.934609250398724,0.983739837398374,0.992088607594937,0.108374384236453,0.0147299509001637,0,0,0.173044925124792,0.0909090909090909,0.154975530179445,0,0.0158982511923688,0.9824,0.0111642743221691,0.302250803858521,0.986885245901639,0.594507269789984,0.967213114754098,0.669329073482428,0.645569620253165,0,0.984544049459042,0.413793103448276,0.50974025974026,0.936305732484076,0.988871224165342,0.394904458598726,0.0096,0.963875205254516,0.968051118210863,0,0.959375,0.0309446254071661,0.976510067114094,0.447833065810594,0,0.00972447325769854,0.538071065989848,0.851485148514851,0.0146579804560261,0.152317880794702,0.0113268608414239,0.00167785234899329,0.751543209876543,0.0305958132045089,0.984924623115578,0.3248,0.987341772151899,0.0159235668789809,0.388443017656501,0.34,0.882352941176471,0.101836393989983,0.017741935483871,0.00325732899022801,0.0549084858569052,0,0.985826771653543,0.0501672240802676,0.990595611285266,0.0164203612479475,0.98494983277592,0,0.536507936507936,0.471544715447154,0.98531810766721,0,0.984025559105431,0,0.401652892561983,0.976152623211447,0,0.660287081339713,0.975206611570248,0.738988580750408,0.965573770491803,0.0450885668276973,0,0.983766233766234,0.273770491803279,0,0.698564593301435,0.0125588697017268,0.0317965023847377,0.985197368421053,0.986928104575163,0.980922098569157,0.963934426229508,0.973377703826955,0,0.966887417218543,0.0238095238095238,0.360128617363344,0.309677419354839,0.988636363636364,0.982315112540193,0.979623824451411,0.974803149606299,0.0559105431309904,0.0310457516339869,0.993288590604027,0.967689822294023,0.728455284552846,0.97092084006462,0.983922829581994,0.983660130718954,0,0,0.971608832807571,0,0.0846905537459283,0,0.960720130932897,0.294407894736842,0.229235880398671,0.1328,0.925373134328358,0,0.119047619047619,0.982484076433121,0.988871224165342,0.646864686468647,0.432348367029549,0.209302325581395,0.190095846645367,0.658823529411765,0.00963081861958266,0.12540192926045,0.558966074313409,0.266115702479339,0.715210355987055,0.029126213592233,0,0.00829187396351575,0.337190082644628,0.984797297297297,0.646869983948636,0.2224,0.623987034035656,0.891025641025641,0.97456279809221,0.9688013136289,0.974832214765101,0.989966555183946,0.988562091503268,0.567043618739903,0.437096774193548,0.983606557377049,0.0140845070422535,0.0221518987341772,0.891025641025641,0.00952380952380952,0.987220447284345,0.956381260096931,0,0.113333333333333,0,0.959016393442623,0,0.966237942122186,0.985294117647059,0.0189274447949527,0.850649350649351,0.984076433121019,0.673267326732673,0.62684124386252,0.897271268057785,0,0,0.947098976109215,0.953343701399689,0.9904,0,0,0.0116472545757072,0.244766505636071,0.516962843295638,0,0.473684210526316,0,0.922442244224422,0.983579638752053,0.169435215946844,0.242375601926164,0,0.362270450751252,0.605177993527508,0.871961102106969,0.976,0.787337662337662,0.0146103896103896,0.998293515358362,0.0146818923327896,0.98135593220339,0,0.987261146496815,0.00810372771474878,0.985024958402662,0.0314569536423841,0.0163398692810458,0,0,0.840836012861736,0.923714759535655,0.953225806451613,0.722222222222222,0.0414012738853503,0.0180921052631579,0.825806451612903,0.834375,0,0.027823240589198,0.957236842105263,0,0.965403624382208,0.974151857835218,0.0796747967479675,0.0449438202247191,0.0144230769230769,0.985668789808917,0.470394736842105,0.0921052631578947,0.11973018549747,0.127035830618893,0.705,0.107936507936508,0.98694942903752,0,0.773333333333333,0.96998420221169,0.00490998363338789,0,0.015600624024961,0,0.017741935483871,0.983948635634029,0.728643216080402,0.0115894039735099,0.0163132137030995,0.546052631578947,0.966996699669967,0.442122186495177,0.0529695024077047,0.0134003350083752,0.0579470198675497,0.0191387559808612,0,0.0361247947454844,0.021875,0.0148514851485149,0.0306451612903226,0.0096,0.0505709624796085,0.0601626016260163,0.032520325203252,0.0210016155088853,0.0066334991708126,0.0277777777777778,0.0271132376395534,0.0625,0.0226904376012966,0.0228384991843393,0.0133111480865225,0.0147058823529412,0.0476973684210526,0.0245499181669394,0.0236593059936909,0.0146341463414634,0.0432692307692308,0.0171875,0.0176848874598071
"345",0.970125786163522,0.965678627145086,0.995405819295559,0.949764521193093,0.974358974358974,0.97444089456869,0.913657770800628,0.981132075471698,0.966101694915254,0,0.9703125,0,0.59717868338558,0.968051118210863,0.0709876543209877,0.0436817472698908,0,0.0127186009538951,0.963317384370016,0.951486697965571,0.192846034214619,0.0652866242038217,0.959501557632399,0,0.932411674347158,0.285261489698891,0.137007874015748,0.964686998394864,0.486153846153846,0.728125,0.029595015576324,0.715408805031447,0.798722044728435,0.320552147239264,0,0.970404984423676,0.0153609831029186,0.962382445141066,0.292609351432881,0.890092879256966,0.00157977883096367,0.0138248847926267,0.00464396284829721,0.970967741935484,0.824193548387097,0.056,0.532710280373832,0.031496062992126,0.507692307692308,0.153963414634146,0,0.968798751950078,0.298904538341158,0.962145110410095,0.904388714733542,0.189189189189189,0,0.945425361155698,0.973520249221184,0.918461538461538,0.325038880248834,0.450617283950617,0.0304487179487179,0,0.881685575364668,0.827856025039124,0,0.960380348652932,0,0.0288,0.850931677018634,0.0295489891135303,0.0452418096723869,0.973846153846154,0,0.73959938366718,0.0717628705148206,0.604615384615385,0.91653290529695,0.301482701812191,0,0.747286821705426,0.235562310030395,0.967391304347826,0.133437990580848,0.937106918238994,0.967840735068913,0.968992248062015,0.948517940717629,0.00927357032457496,0.966981132075472,0.968847352024922,0,0,0.957413249211357,0,0.327666151468315,0.962674961119751,0.0046875,0.00638977635782748,0.638230647709321,0,0.322683706070288,0.972491909385113,0.134036144578313,0.969889064976228,0.00956937799043062,0.984375,0.0272,0.0377358490566038,0.0374414976599064,0.924170616113744,0.352848101265823,0.961352657004831,0,0.981220657276995,0.73953488372093,0,0.0327613104524181,0.251592356687898,0,0.787638668779715,0.290171606864275,0.115384615384615,0.963779527559055,0.1703125,0.968847352024922,0.970496894409938,0,0.58712715855573,0.946372239747634,0.501592356687898,0.961661341853035,0,0.965853658536585,0.0505359877488515,0,0.243630573248408,0.632165605095541,0.5488,0,0,0.96969696969697,0.773885350318471,0.190779014308426,0.968203497615262,0.0312989045383412,0.944099378881988,0.437299035369775,0.989147286821705,0.155844155844156,0.965354330708661,0.971563981042654,0.833333333333333,0.968404423380727,0.0241157556270096,0.970358814352574,0.0303514376996805,0,0.753577106518283,0.890937019969278,0.96411856474259,0.0476923076923077,0,0.969325153374233,0.493485342019544,0.969055374592834,0.972093023255814,0.970358814352574,0.326251896813354,0.97191887675507,0.0317460317460317,0.945482866043614,0.0322085889570552,0.919871794871795,0.386996904024768,0,0.956318252730109,0,0.852307692307692,0.966360856269113,0.154574132492114,0.967391304347826,0.931464174454829,0.963358778625954,0.945038167938931,0.126934984520124,0.401840490797546,0.925081433224756,0.941269841269841,0.0860719874804382,0.0356589147286822,0.977812995245642,0.8765625,0,0,0.344497607655502,0.00156494522691706,0.966412213740458,0.292237442922374,0.900161030595813,0.756630265210608,0.980182926829268,0.463836477987421,0.456386292834891,0.33175355450237,0.906349206349206,0.941269841269841,0.901253918495298,0,0.875968992248062,0.216828478964401,0.941362916006339,0.0296875,0.102290076335878,0.564465408805031,0.959375,0.969088098918083,0.854660347551343,0.973101265822785,0.88783570300158,0,0.105100463678516,0.677067082683307,0.965463108320251,0,0.961180124223602,0.981790591805766,0.58125,0.56832298136646,0.959247648902821,0.9712,0.396551724137931,0,0.906298003072197,0.555555555555556,0.995245641838352,0.031201248049922,0.946808510638298,0.969936708860759,0.971036585365854,0.93563579277865,0.544444444444444,0.0319488817891374,1,0.553323029366306,0.0364741641337386,0.0289193302891933,0.217729393468118,0.0313971742543171,0.186195826645265,0.709175738724728,0.0296875,0.0352760736196319,0.0326086956521739,0.628440366972477,0.067524115755627,0.968602825745683,0.0111464968152866,0.0267716535433071,0,0.2576,0.96984126984127,0.95748031496063,0.905956112852665,0,0.891025641025641,0.838509316770186,0.712264150943396,0.631007751937985,0.483359746434231,0.45933014354067,0.0123839009287926,0.966237942122186,0.121495327102804,0.729166666666667,0.996850393700787,0.0401854714064915,0.78783151326053,0.03125,0.148669796557121,0.969558599695586,0.971014492753623,0.916006339144215,0,0.673913043478261,0.90521327014218,0,0.031104199066874,0.915254237288136,0.988941548183254,0,0.0340557275541796,0.0280811232449298,0.9664,0.903174603174603,0.0338164251207729,0,0.414442700156986,0.976377952755906,0.811178247734139,0.412225705329154,0.698234349919743,0.941267387944359,0.0315955766192733,0.966101694915254,0.973228346456693,0.0313971742543171,0.957746478873239,0.971518987341772,0.949447077409163,0.967692307692308,0.209627329192547,0.34009360374415,0.322274881516588,0.980707395498392,0.92520325203252,0.0496894409937888,0.280254777070064,0.985781990521327,0.1671875,0.328313253012048,0.982677165354331,0.968503937007874,0.967289719626168,0.709208400646204,0.963020030816641,0.270015698587127,0.993808049535604,0.967532467532468,0,0.358934169278997,0.580542264752791,0.0438184663536776,0.0518867924528302,0.0366412213740458,0.890995260663507,0.0609375,0.0279503105590062,0,0.254317111459969,0.9728,0.0959119496855346,0.980519480519481,1,0.979750778816199,0.315286624203822,0.323717948717949,0.692429022082019,0.481239804241436,0,0.826833073322933,0.0425531914893617,0.0664605873261206,0.237048665620094,0.96969696969697,0.0356589147286822,0,0.355694227769111,0.0401854714064915,0.0558213716108453,0.504702194357367,0.974193548387097,0.311501597444089,0.969004893964111,0.938388625592417,0,0.972850678733032,0.03125,0.972093023255814,0.827856025039124,0.968304278922345,0.042654028436019,0.952012383900929,0.028125,0.869158878504673,0.745627980922099,0.918335901386749,0.98125,0.964230171073095,0.330696202531646,0.942583732057416,0.967340590979782,0.0290076335877863,0.0482866043613707,0.967948717948718,0.964451313755796,0.354788069073783,0.867601246105919,0.935379644588045,0.945226917057903,0.967441860465116,0,0.14488188976378,0.968847352024922,0.0270700636942675,0,0.995222929936306,0.00972447325769854,0.0651828298887122,0.969088098918083,0.995260663507109,0.00477707006369427,0.65625,0.445482866043614,0.970031545741325,0.0307443365695793,0.85048231511254,0.969745222929936,0.394611727416799,0.637071651090343,0.832807570977918,0,0.196513470681458,0.984202211690363,0.973270440251572,0.468553459119497,0.973270440251572,0.948929159802306,0.054140127388535,0.00156985871271586,0.973846153846154,0.968102073365231,0.948275862068966,0.706708268330733,0.0337078651685393,0.890995260663507,0.268217054263566,0.211822660098522,0.0046656298600311,0.633757961783439,0.625796178343949,0.642301710730949,0,0.310789049919485,0.921383647798742,0.661490683229814,0.556589147286822,0.114114114114114,0,0,0.971684053651267,0.947122861586314,0,0.956318252730109,0.00791139240506329,0,0,0.969936708860759,0,0.977346278317152,0.800316957210777,0.559815950920245,0.965678627145086,0,0,0.973228346456693,0.954268292682927,0.740625,0.0294573643410853,0,0.897990726429675,0.635658914728682,0.975116640746501,0.546707503828484,0.374009508716323,0,0.9578125,0.0324675324675325,0.973101265822785,0.105511811023622,0,0.0382262996941896,0.139904610492846,0.505691056910569,0.947368421052632,0,0.962848297213622,0.958461538461538,0.978125,0,0.100156494522692,0.905073649754501,0.0344262295081967,0.968503937007874,0.97196261682243,0.0406885758998435,0.968701095461659,0.342229199372057,0.836220472440945,0.0452418096723869,0.208333333333333,0.952830188679245,0.00792393026941363,0.0317460317460317,0.973886328725038,0.0357723577235772,0.680952380952381,0.409967845659164,0,0.139751552795031,0.761674718196457,0.295774647887324,0.965023847376789,0.0297805642633229,0.176829268292683,0.468292682926829,0.942684766214178,0.90381679389313,0.94679186228482,0.758842443729904,0,0.959938366718028,0.0290076335877863,0.94383775351014,0.421725239616613,0.0294117647058824,0.972049689440994,0.970358814352574,0.971246006389776,0.634222919937206,0.98125,0.1609375,0.229166666666667,0.931034482758621,0.894904458598726,0,0,0.966772151898734,0.9328,0.0412698412698413,0.9776,0.970588235294118,0.413312693498452,0.963492063492064,0.738362760834671,0.904615384615385,0,0.954113924050633,0.363349131121643,0.975155279503106,0.968454258675079,0,0.660377358490566,0.9952,0.0358814352574103,0.717011128775835,0.400616332819723,0.808801213960546,0.721417069243156,0.940909090909091,0.107197549770291,0.971518987341772,0.96998420221169,0.979719188767551,0.331715210355987,0.126198083067093,0.968992248062015,0.966205837173579,0.00778816199376947,0.800933125972006,0.47900466562986,0.290322580645161,0.801526717557252,0.967084639498433,0.864433811802233,0.967441860465116,0.136986301369863,0.0310965630114566,0,0.840189873417722,0.0334394904458599,0.0282131661442006,0.301412872841444,0,0.97191887675507,0.912908242612753,0.973270440251572,0.971742543171115,0.119617224880383,0.033175355450237,0,0,0.20859872611465,0.107255520504732,0.181528662420382,0,0.0252764612954186,0.970588235294118,0.0215384615384615,0.319554848966614,0.967032967032967,0.621283255086072,0.94679186228482,0.688372093023256,0.688073394495413,0,0.971342383107089,0.4192,0.527156549520767,0.947692307692308,0.976780185758514,0.431464174454829,0.0109034267912773,0.962382445141066,0.964885496183206,0,0.949464012251149,0.0404984423676012,0.973856209150327,0.444961240310077,0,0.00775193798449612,0.551834130781499,0.863141524105754,0.0283018867924528,0.161030595813205,0.009375,0.00163398692810458,0.75,0.043956043956044,0.972085385878489,0.343032159264931,0.976780185758514,0.0277349768875193,0.406832298136646,0.330683624801272,0.888529886914378,0.119741100323625,0.0326086956521739,0.00154798761609907,0.0781499202551834,0,0.968325791855204,0.0503246753246753,0.987987987987988,0.0364500792393027,0.96969696969697,0,0.557427258805513,0.477635782747604,0.965463108320251,0,0.967741935483871,0,0.425361155698234,0.967289719626168,0,0.670245398773006,0.968553459119497,0.75796178343949,0.982594936708861,0.0605590062111801,0,0.96984126984127,0.284375,0,0.714946070878274,0.0272727272727273,0.0450310559006211,0.971153846153846,0.971291866028708,0.966257668711656,0.948598130841122,0.960691823899371,0,0.947784810126582,0.0218408736349454,0.381026438569207,0.310452418096724,0.962558502340094,0.9629057187017,0.962790697674419,0.958204334365325,0.0582677165354331,0.0427892234548336,0.972267536704731,0.948995363214838,0.727692307692308,0.952830188679245,0.97360248447205,0.993779160186625,0,0,0.956586826347305,0,0.102918586789555,0,0.964341085271318,0.301435406698565,0.237096774193548,0.147692307692308,0.911532385466035,0,0.130298273155416,0.968847352024922,0.974921630094044,0.6734375,0.450682852807284,0.236802413273001,0.206106870229008,0.655948553054662,0.0245398773006135,0.156346749226006,0.5828125,0.274760383386581,0.721109399075501,0.0327613104524181,0,0.0271132376395534,0.359872611464968,0.97275641025641,0.646697388632873,0.256923076923077,0.636503067484663,0.897832817337461,0.955589586523737,0.96474358974359,0.963492063492064,0.974068071312804,0.968051118210863,0.58213716108453,0.440494590417311,0.970358814352574,0.0350076103500761,0.0382262996941896,0.891135303265941,0.0110410094637224,0.969418960244648,0.945482866043614,0,0.128246753246753,0,0.946287519747235,0,0.960505529225908,0.968847352024922,0.0320121951219512,0.861904761904762,0.964230171073095,0.682615629984051,0.661993769470405,0.897435897435897,0,0,0.934426229508197,0.976011994002999,0.98310291858679,0,0,0.0271132376395534,0.25114854517611,0.511041009463722,0,0.491338582677165,0,0.918269230769231,0.9664,0.192982456140351,0.265116279069767,0,0.358372456964006,0.60126582278481,0.851097178683386,0.995334370139969,0.807098765432099,0.028169014084507,0.979066022544283,0.0125,0.967948717948718,0,0.981566820276498,0.00625978090766823,0.9664,0.0440944881889764,0.0274193548387097,0,0,0.852941176470588,0.9152,0.952380952380952,0.718223583460949,0.0564024390243902,0.0334928229665072,0.83125,0.825954198473282,0,0.0425867507886435,0.941362916006339,0,0.9504,0.99079754601227,0.0841269841269841,0.0421875,0.0280811232449298,0.972222222222222,0.482371794871795,0.100946372239748,0.13365539452496,0.140215716486903,0.717990275526742,0.110939907550077,0.973058637083994,0,0.773228346456693,0.955384615384615,0.00158478605388273,0,0.0342771982116244,0,0.0363349131121643,0.968701095461659,0.727126805778491,0.0287081339712919,0.0333863275039746,0.567783094098884,0.971473851030111,0.459627329192547,0.0523076923076923,0.0257648953301127,0.0665584415584416,0.0154559505409583,0,0.0570522979397781,0.0378787878787879,0.0272,0.0450310559006211,0.0242424242424242,0.0496794871794872,0.0582822085889571,0.0402476780185759,0.0140405616224649,0.00477707006369427,0.0219092331768388,0.0201863354037267,0.0573643410852713,0.0406885758998435,0.0169230769230769,0.0253968253968254,0.0333333333333333,0.0458860759493671,0.0311526479750779,0.02,0.0293663060278207,0.0543478260869565,0.0335365853658537,0.0332805071315372
"346",0.9888,0.9859375,0.981012658227848,0.939297124600639,0.985623003194888,0.99198717948718,0.903846153846154,0.981072555205047,0.984423676012461,0,0.988958990536278,0,0.580441640378549,0.987075928917609,0.0411392405063291,0.021875,0,0.0175438596491228,0.9872,0.966824644549763,0.163551401869159,0.0444078947368421,0.976671850699845,0,0.94392523364486,0.271565495207668,0.111287758346582,0.97588424437299,0.481538461538462,0.687106918238994,0.014018691588785,0.693037974683544,0.786283891547049,0.2976,0,0.992101105845182,0.0219435736677116,0.98125,0.275187969924812,0.9015625,0.00158478605388273,0.0171606864274571,0.0046801872074883,0.987220447284345,0.791190864600326,0.0309446254071661,0.509584664536741,0.0128,0.483969465648855,0.138036809815951,0,0.98740157480315,0.276295133437991,0.987341772151899,0.894060995184591,0.166666666666667,0,0.962903225806452,0.970358814352574,0.910216718266254,0.302839116719243,0.450393700787402,0.0144230769230769,0,0.8944,0.815217391304348,0,0.974603174603175,0,0.00797448165869218,0.855590062111801,0.015625,0.0299212598425197,0.986238532110092,0,0.722910216718266,0.0604651162790698,0.576138147566719,0.903846153846154,0.27363184079602,0,0.719135802469136,0.214939024390244,0.98755832037325,0.124409448818898,0.914196567862715,0.982919254658385,0.968203497615262,0.9629057187017,0.0106707317073171,0.982484076433121,0.984251968503937,0,0,0.965354330708661,0,0.293291731669267,0.979623824451411,0.00783699059561128,0.00801282051282051,0.612244897959184,0,0.295055821371611,0.987281399046105,0.1112828438949,0.987179487179487,0.00947867298578199,0.98256735340729,0.012987012987013,0.0203125,0.0141509433962264,0.910112359550562,0.342146189735614,0.979299363057325,0,0.987673343605547,0.720748829953198,0,0.014218009478673,0.23015873015873,0,0.782193958664547,0.258267716535433,0.086677367576244,0.978395061728395,0.16796267496112,0.982731554160126,0.984152139461173,0,0.550156739811912,0.941640378548896,0.481540930979133,0.974193548387097,0,0.978896103896104,0.04,0,0.220779220779221,0.635930047694754,0.520967741935484,0,0,0.981042654028436,0.763322884012539,0.182258064516129,0.987240829346092,0.0206349206349206,0.93343653250774,0.41786283891547,0.987538940809969,0.133004926108374,0.974842767295597,0.987075928917609,0.838050314465409,0.988941548183254,0.00650406504065041,0.987538940809969,0.0125786163522013,0,0.74198717948718,0.87175572519084,0.969936708860759,0.0328638497652582,0,0.987635239567233,0.4576,0.98694942903752,0.984276729559748,0.984447900466563,0.302325581395349,0.98145285935085,0.0110410094637224,0.953560371517028,0.013719512195122,0.906793048973144,0.373040752351097,0,0.98116169544741,0,0.82992125984252,0.987519500780031,0.130914826498423,0.984326018808777,0.9484375,0.980030721966206,0.964560862865948,0.1078125,0.386895475819033,0.92891760904685,0.939586645468998,0.0615141955835962,0.0205696202531646,0.985436893203884,0.865506329113924,0,0,0.306709265175719,0.00158730158730159,0.989263803680982,0.269170579029734,0.889789303079417,0.747286821705426,0.990769230769231,0.437096774193548,0.431034482758621,0.302737520128824,0.917460317460317,0.956730769230769,0.88062015503876,0,0.866771159874608,0.181523500810373,0.94524959742351,0.0124804992199688,0.0756172839506173,0.541732283464567,0.978056426332288,0.978527607361963,0.839116719242902,0.987480438184664,0.896496815286624,0,0.078125,0.66358024691358,0.985736925515055,0,0.978125,1,0.548183254344392,0.555205047318612,0.9824,0.987138263665595,0.369009584664537,0,0.894245723172628,0.52,0.984,0.0156494522691706,0.961059190031153,0.988941548183254,0.9875,0.952978056426332,0.537984496124031,0.0145161290322581,0.984126984126984,0.544323483670295,0.0168195718654434,0.0152671755725191,0.210280373831776,0.015552099533437,0.159677419354839,0.681818181818182,0.0125391849529781,0.0186625194401244,0.0219435736677116,0.594470046082949,0.0467741935483871,0.981012658227848,0.00958466453674121,0.012779552715655,0,0.237261146496815,0.988617886178862,0.966876971608833,0.911392405063291,0,0.874203821656051,0.848909657320872,0.689873417721519,0.598145285935085,0.46551724137931,0.453525641025641,0.00934579439252336,0.983922829581994,0.102362204724409,0.699675324675325,0.977987421383648,0.0217729393468118,0.744075829383886,0.0159489633173844,0.13166144200627,0.986046511627907,0.986733001658375,0.897271268057785,0,0.643302180685358,0.895148669796557,0,0.0110062893081761,0.904761904761905,0.985553772070626,0,0.0158227848101266,0.0126182965299685,0.98546042003231,0.892282958199357,0.0112,0,0.38006230529595,0.993640699523052,0.796899224806202,0.398412698412698,0.6512,0.961059190031153,0.021978021978022,0.987654320987654,0.985915492957746,0.0206349206349206,0.962441314553991,0.9890625,0.961414790996785,0.984399375975039,0.183098591549296,0.307692307692308,0.287081339712919,0.984076433121019,0.930756843800322,0.0473933649289099,0.259842519685039,0.979559748427673,0.163232963549921,0.307228915662651,0.992025518341308,0.98740157480315,0.973520249221184,0.695934959349593,0.984662576687117,0.245954692556634,0.979813664596273,0.985553772070626,0,0.3328125,0.553945249597424,0.0267716535433071,0.0515625,0.0170278637770898,0.901253918495298,0.0330188679245283,0.0124416796267496,0,0.231132075471698,0.982315112540193,0.0832025117739403,0.990180032733224,0.979750778816199,1,0.29126213592233,0.290375203915171,0.672985781990521,0.460526315789474,0,0.818910256410256,0.0246913580246914,0.0603715170278638,0.206201550387597,0.987341772151899,0.0156985871271586,0,0.340157480314961,0.0235109717868339,0.0297339593114241,0.473851030110935,0.990445859872611,0.287539936102236,0.986754966887417,0.953376205787781,0,0.989520958083832,0.0078125,0.982758620689655,0.829953198127925,0.98538961038961,0.0251968503937008,0.966719492868463,0.0156985871271586,0.874804381846635,0.7152,0.936825885978428,0.988871224165342,0.987441130298273,0.293291731669267,0.961414790996785,0.985981308411215,0.0125195618153365,0.0394321766561514,0.988782051282051,0.985826771653543,0.32398753894081,0.880248833592535,0.962479608482871,0.950558213716108,0.986068111455108,0,0.130225080385852,0.987460815047022,0.0142857142857143,0,0.979430379746835,0.00977198697068404,0.0550314465408805,0.9859375,0.9826224328594,0.00318471337579618,0.627760252365931,0.42992125984252,0.984126984126984,0.0145867098865478,0.868589743589744,0.987261146496815,0.381329113924051,0.602484472049689,0.793880837359098,0,0.167721518987342,0.985668789808917,0.987301587301587,0.442700156985871,0.989079563182527,0.961730449251248,0.034375,0.00156985871271586,0.989010989010989,0.987281399046105,0.951104100946372,0.691472868217054,0.0158227848101266,0.875399361022364,0.250783699059561,0.181063122923588,0.0046801872074883,0.622611464968153,0.60731319554849,0.628304821150855,0,0.287337662337662,0.91692789968652,0.648690292758089,0.524844720496894,0.0940819423368741,0,0,0.987987987987988,0.966616084977238,0,0.938388625592417,0.00793650793650794,0,0,0.987341772151899,0,0.988673139158576,0.77337559429477,0.532507739938081,0.986111111111111,0,0,0.984399375975039,0.956989247311828,0.736349453978159,0.0123647604327666,0.00324149108589951,0.885271317829457,0.593996840442338,0.985691573926868,0.53323029366306,0.354943273905997,0,0.970679012345679,0.0127186009538951,0.967793880837359,0.0979133226324237,0,0.0245775729646697,0.1264,0.498344370860927,0.965891472868217,0,0.95405819295559,0.976152623211447,0.9858934169279,0,0.0909090909090909,0.927031509121061,0.0177133655394525,0.986068111455108,0.986089644513138,0.01875,0.987596899224806,0.303125,0.81591263650546,0.024,0.179775280898876,0.958990536277603,0.0111111111111111,0.0125984251968504,0.975232198142415,0.0191693290734824,0.666666666666667,0.385964912280702,0,0.120634920634921,0.745222929936306,0.266457680250784,0.976228209191759,0.012779552715655,0.159126365054602,0.457236842105263,0.951070336391437,0.889235569422777,0.963081861958267,0.751582278481013,0,0.976635514018692,0.0107858243451464,0.952681388012618,0.391162029459902,0.0122511485451761,0.989028213166144,0.985804416403785,0.990384615384615,0.634185303514377,0.984472049689441,0.135860979462875,0.192,0.943307086614173,0.881889763779528,0,0,0.97933227344992,0.941935483870968,0.0239234449760766,0.988871224165342,0.990697674418605,0.36734693877551,0.940322580645161,0.738170347003155,0.894171779141104,0,0.965244865718799,0.33596214511041,0.990461049284579,0.985915492957746,0,0.644444444444444,0.987240829346092,0.0126984126984127,0.685214626391097,0.38125,0.801815431164902,0.6976,0.954128440366973,0.0834621329211747,0.978653530377668,0.989113530326594,0.990551181102362,0.300163132137031,0.0960629921259843,0.987538940809969,0.984591679506934,0.0077639751552795,0.790551181102362,0.44945567651633,0.272727272727273,0.772012578616352,0.985714285714286,0.877742946708464,0.985959438377535,0.127725856697819,0.0130505709624796,0,0.831746031746032,0.0141955835962145,0.014018691588785,0.285488958990536,0,0.984301412872841,0.916535433070866,0.984076433121019,0.987480438184664,0.105845181674566,0.00793650793650794,0,0,0.177235772357724,0.0859872611464968,0.165329052969502,0,0.00947867298578199,0.987480438184664,0.0093603744149766,0.296998420221169,0.985668789808917,0.593406593406593,0.964686998394864,0.662538699690402,0.644171779141104,0,0.986384266263237,0.394321766561514,0.5,0.928353658536585,0.987596899224806,0.401869158878505,0.0110935023771791,0.962790697674419,0.969088098918083,0,0.96177370030581,0.0283018867924528,0.973983739837398,0.431464174454829,0,0.00940438871473354,0.515548281505728,0.850393700787402,0.0124223602484472,0.147672552166934,0.00949367088607595,0.00162866449511401,0.74347158218126,0.0285714285714286,0.993322203672788,0.320987654320988,0.987577639751553,0.0124223602484472,0.383775351014041,0.316720257234727,0.876404494382023,0.115823817292007,0.0138674884437596,0.00313479623824451,0.0511182108626198,0,0.986175115207373,0.0376432078559738,0.984709480122324,0.0142630744849445,0.985553772070626,0,0.527777777777778,0.4768,0.988993710691824,0,0.987673343605547,0,0.400326797385621,0.981538461538462,0,0.645211930926217,0.984025559105431,0.75,0.964458804523425,0.0490045941807044,0,0.987519500780031,0.270531400966184,0,0.690880989180835,0.00759878419452888,0.0247678018575851,0.985483870967742,0.988924050632911,0.982866043613707,0.965354330708661,0.972843450479233,0,0.96875,0.0221518987341772,0.350689127105666,0.288401253918495,0.984423676012461,0.979462875197472,0.983206106870229,0.976452119309262,0.0636942675159236,0.0283018867924528,0.985507246376812,0.954898911353033,0.729102167182663,0.965408805031447,0.987321711568938,0.984375,0,0,0.974512743628186,0,0.073959938366718,0,0.968454258675079,0.279674796747967,0.225806451612903,0.131987577639752,0.914691943127962,0,0.120500782472613,0.984227129337539,0.989028213166144,0.650546021840874,0.420814479638009,0.222900763358779,0.18989280245023,0.647909967845659,0.010989010989011,0.122641509433962,0.552,0.261829652996845,0.709828393135725,0.0220820189274448,0,0.0110584518167457,0.327922077922078,0.98546042003231,0.625776397515528,0.231707317073171,0.632558139534884,0.877138413685848,0.976780185758514,0.96260162601626,0.980676328502415,0.990291262135922,0.987261146496815,0.551724137931034,0.42879746835443,0.984126984126984,0.0199386503067485,0.0214395099540582,0.878594249201278,0.0109375,0.987577639751553,0.957943925233645,0,0.129807692307692,0,0.952904238618524,0,0.979623824451411,0.9875,0.0139318885448916,0.834123222748815,0.989147286821705,0.662440570522979,0.636645962732919,0.884615384615385,0,0,0.937704918032787,0.952167414050822,0.990551181102362,0,0,0.0112540192926045,0.238828967642527,0.496050552922591,0,0.458528951486698,0,0.92604501607717,0.987240829346092,0.153846153846154,0.233281493001555,0,0.353322528363047,0.585326953748006,0.857142857142857,0.978125,0.782270606531882,0.0125786163522013,0.991883116883117,0.0140845070422535,0.985507246376812,0,0.982866043613707,0.00631911532385466,0.987240829346092,0.0287081339712919,0.014446227929374,0,0,0.829652996845426,0.927152317880795,0.94375,0.704334365325077,0.0368663594470046,0.0188383045525903,0.826498422712934,0.833846153846154,0,0.0253565768621236,0.9632,0,0.973101265822785,0.971608832807571,0.0712025316455696,0.0386996904024768,0.014018691588785,0.985826771653543,0.4848,0.0837209302325581,0.11038961038961,0.120556414219474,0.707667731629393,0.101851851851852,0.988817891373802,0,0.758346581875994,0.974763406940063,0.0031496062992126,0,0.0153846153846154,0,0.0157977883096366,0.989010989010989,0.7168,0.0146579804560261,0.0143769968051118,0.543035993740219,0.966507177033493,0.448494453248811,0.0450310559006211,0.0144694533762058,0.0531400966183575,0.0171875,0,0.0346456692913386,0.0182648401826484,0.0144,0.0264797507788162,0.0124223602484472,0.0525477707006369,0.0533751962323391,0.0251177394034537,0.0189274447949527,0.00483091787439614,0.0266457680250784,0.0249609984399376,0.0552922590837283,0.0191693290734824,0.0200927357032458,0.00813008130081301,0.0176,0.0440944881889764,0.0188087774294671,0.0245398773006135,0.0142857142857143,0.0470957613814757,0.0136986301369863,0.0158730158730159
"347",0.292079207920792,0.285266457680251,0.3,0.328502415458937,0.284565916398714,0.270491803278689,0.367670364500792,0.312599681020734,0.27115987460815,0,0.282539682539683,0,0.58161648177496,0.279293739967897,0.727272727272727,0.723370429252782,0,0.00643086816720257,0.293159609120521,0.2921875,0.888364779874214,0.717285945072698,0.299373040752351,0,0.334384858044164,0.688,0.750798722044728,0.290113452188006,0.690402476780186,0.526645768025078,0.724409448818898,0.562599049128368,0.508116883116883,0.671383647798742,0,0.284345047923323,0.0141732283464567,0.288643533123028,0.834101382488479,0.37904468412943,0.00160513643659711,0.00317965023847377,0.0015625,0.278582930756844,0.4768,0.72463768115942,0.592,0.723642172523962,0.647149460708783,0.728395061728395,0,0.299363057324841,0.824367088607595,0.280254777070064,0.38610662358643,0.724473257698541,0,0.307317073170732,0.299684542586751,0.390965732087227,0.695447409733124,0.696400625978091,0.722852512155592,0,0.388254486133768,0.462875197472354,0,0.299679487179487,0,0.720257234726688,0.37245696400626,0.703470031545741,0.730283911671924,0.290423861852433,0,0.557632398753894,0.73497688751926,0.579277864992151,0.390243902439024,0.698492462311558,0,0.529862174578867,0.689763779527559,0.275968992248062,0.73469387755102,0.370942812982998,0.273865414710485,0.30173775671406,0.304278922345483,0,0.289430894308943,0.2832,0,0,0.307692307692308,0,0.848818897637795,0.291798107255521,0.00310077519379845,0.00317460317460317,0.670382165605096,0,0.855325914149444,0.282780410742496,0.809597523219814,0.275693311582382,0,0.30298273155416,0.724358974358974,0.72,0.726415094339623,0.349514563106796,0.651273885350318,0.284126984126984,0,0.289763779527559,0.535483870967742,0,0.720379146919431,0.6976,0,0.508716323296355,0.968152866242038,0.731391585760518,0.300319488817891,0.734789391575663,0.273010920436817,0.286168521462639,0,0.741732283464567,0.33968253968254,0.6128,0.298387096774194,0,0.287560581583199,0.712538226299694,0,0.945686900958466,0.507936507936508,0.75702479338843,0,0,0.306962025316456,0.523885350318471,0.715210355987055,0.275039745627981,0.710443037974684,0.354134165366615,0.62540192926045,0.284389489953632,0.869009584664537,0.280373831775701,0.274478330658106,0.396850393700787,0.264890282131661,0.697865353037767,0.278481012658228,0.717460317460317,0,0.55,0.40809968847352,0.294770206022187,0.706976744186047,0,0.2734375,0.649837133550489,0.275693311582382,0.287519747235387,0.264385692068429,0.666666666666667,0.3046875,0.725239616613419,0.309597523219814,0.720062208398134,0.368506493506494,0.655712050078247,0,0.29093799682035,0,0.400958466453674,0.276898734177215,0.7152,0.297770700636943,0.326018808777429,0.296636085626911,0.311912225705329,0.73961661341853,0.629800307219662,0.357142857142857,0.3354943273906,0.762282091917591,0.727129337539432,0.304560260586319,0.407936507936508,0,0,1,0.00158478605388273,0.279179810725552,0.686028257456829,0.38610662358643,0.468553459119497,0.290625,0.859677419354839,0.656786271450858,0.961165048543689,0.307936507936508,0.301109350237718,0.392801251956182,0,0.402843601895735,0.912052117263844,0.319488817891374,0.727272727272727,0.7203125,0.762870514820593,0.300955414012739,0.297045101088647,0.453100158982512,0.28414442700157,0.403877221324717,0,0.729299363057325,0.590769230769231,0.288961038961039,0,0.282780410742496,0.298921417565485,0.723101265822785,0.553822152886115,0.294488188976378,0.279220779220779,0.845425867507886,0,0.380804953560372,0.629984051036683,0.3125,0.715179968701095,0.3140625,0.272873194221509,0.2859375,0.327476038338658,0.565625,0.730031948881789,0.304761904761905,0.581102362204724,0.721966205837174,0.71606864274571,0.662974683544304,0.728731942215088,0.877221324717286,0.607751937984496,0.720634920634921,0.719188767550702,0.716323296354992,0.704791344667697,0.72508038585209,0.302931596091205,0.0016,0.708860759493671,0,0.883386581469649,0.291530944625407,0.290064102564103,0.364779874213836,0,0.397745571658615,0.422535211267606,0.540540540540541,0.580952380952381,0.620253164556962,0.613672496025437,0.00156985871271586,0.276083467094703,0.819182389937107,0.560732113144759,0.312893081761006,0.728125,0.511111111111111,0.721958925750395,0.72755905511811,0.297213622291022,0.279674796747967,0.376835236541599,0,0.643192488262911,0.365971107544141,0,0.721259842519685,0.370199692780338,0.282988871224165,0,0.735433070866142,0.715408805031447,0.311183144246353,0.404220779220779,0.712887438825449,0,0.828525641025641,0.283653846153846,0.489891135303266,0.632165605095541,0.593192868719611,0.306122448979592,0.71875,0.286384976525822,0.287301587301587,0.712,0.312796208530806,0.277955271565495,0.311688311688312,0.28125,0.73015873015873,0.822503961965135,0.952681388012618,0.292006525285481,0.338815789473684,0.0144,0.708860759493671,0.303317535545024,0.714733542319749,0.672307692307692,0.290171606864275,0.286168521462639,0.307692307692308,0.588330632090762,0.2703125,0.699680511182109,0.316614420062696,0.266773162939297,0,0.815789473684211,0.737096774193548,0.716744913928013,0.0141732283464567,0.715610510046368,0.335453100158982,0.71850699844479,0.725274725274725,0,0.723538704581359,0.288676236044657,0.73851030110935,0.295566502463054,0.315286624203822,0.29126213592233,1,1,0.534920634920635,0.602310231023102,0,0.440438871473354,0.724458204334365,0.694444444444444,0.831496062992126,0.280193236714976,0.729299363057325,0,0.80952380952381,0.725552050473186,0.733858267716535,0.634028892455859,0.277511961722488,0.681744749596123,0.28476821192053,0.310897435897436,0,0.284857571214393,0.709828393135725,0.28125,0.445652173913043,0.285016286644951,0.740384615384615,0.309148264984227,0.704761904761905,0.400635930047695,0.519354838709677,0.349840255591054,0.305993690851735,0.278740157480315,0.939393939393939,0.329617834394904,0.271739130434783,0.715625,0.722929936305732,0.276357827476038,0.27742946708464,0.659744408945687,0.390894819466248,0.314754098360656,0.318818040435459,0.285046728971963,0,0.711038961038961,0.274015748031496,0.719745222929936,0,0.309178743961353,0.00163398692810458,0.709208400646204,0.284820031298905,0.295238095238095,0.00160513643659711,0.660377358490566,0.6352,0.30114566284779,0.717532467532468,0.360197368421053,0.283606557377049,0.728896103896104,0.67981072555205,0.471246006389776,0,0.887096774193548,0.295527156549521,0.294670846394984,0.61244019138756,0.275157232704403,0.294612794612795,0.712460063897764,0,0.3125,0.297124600638978,0.325396825396825,0.516923076923077,0.7248,0.399678972712681,0.695924764890282,0.801666666666667,0.00160771704180064,0.588617886178862,0.595813204508857,0.566978193146417,0,0.690553745928339,0.35126582278481,0.561320754716981,0.582938388625592,0.710365853658537,0,0,0.279210925644917,0.303875968992248,0,0.354838709677419,0,0,0,0.265923566878981,0,0.296116504854369,0.509433962264151,0.756589147286822,0.273291925465839,0,0,0.282714054927302,0.326717557251908,0.538221528861154,0.718027734976888,0,0.37962962962963,0.694968553459119,0.288854003139717,0.58359133126935,0.6496,0,0.288401253918495,0.711507293354943,0.328525641025641,0.690938511326861,0,0.727975270479134,0.7296,0.603333333333333,0.309262166405024,0,0.333333333333333,0.304552590266876,0.26813880126183,0,0.733441033925687,0.315091210613599,0.736227045075125,0.272300469483568,0.274015748031496,0.717665615141956,0.263823064770932,0.981012658227848,0.457413249211356,0.718196457326892,0.869218500797448,0.327014218009479,0.00161550888529887,0.723101265822785,0.295774647887324,0.725961538461538,0.598726114649682,0.631578947368421,0,0.751937984496124,0.496666666666667,0.98740157480315,0.306122448979592,0.715408805031447,0.723765432098765,0.643449419568823,0.322137404580153,0.375766871165644,0.323809523809524,0.485342019543974,0,0.291731669266771,0.728414442700157,0.2992,0.823140495867769,0.721617418351477,0.271132376395534,0.276461295418641,0.258012820512821,0.508744038155803,0.2921875,0.859177215189873,0.895765472312704,0.334935897435897,0.393939393939394,0,0,0.275080906148867,0.332258064516129,0.738019169329074,0.315789473684211,0.303030303030303,0.944356120826709,0.346774193548387,0.565428109854604,0.376360808709176,0,0.3024,0.84219001610306,0.2859375,0.275590551181102,0,0.589825119236884,0.307817589576547,0.714968152866242,0.534959349593496,0.622820919175911,0.451761102603369,0.540322580645161,0.319083969465649,0.709230769230769,0.296596434359805,0.281446540880503,0.308056872037915,0.841243862520458,0.755905511811024,0.27244094488189,0.276923076923077,0.00154083204930663,0.49607535321821,0.653968253968254,0.670906200317965,0.472178060413355,0.271860095389507,0.355095541401274,0.271186440677966,0.167449139280125,0.71900826446281,0,0.464,0.724522292993631,0.714060031595577,0.686028257456829,0,0.298412698412698,0.3515625,0.28343949044586,0.277950310559006,0.718196457326892,0.726829268292683,0,0,0.860655737704918,0.739482200647249,0.72168284789644,0,0.716772151898734,0.273885350318471,0.31201248049922,0.980982567353407,0.282958199356913,0.693522906793049,0.315789473684211,0.552099533437014,0.567398119122257,0,0.279210925644917,0.881107491856677,0.799674267100977,0.353677621283255,0.286384976525822,0.791732909379968,0.0015527950310559,0.315955766192733,0.321428571428571,0,0.311728395061728,0.719936708860759,0.287096774193548,0.63751987281399,0,0.00155763239875389,0.800658978583196,0.438679245283019,0.717425431711146,0.714518760195759,0.0015527950310559,0.00163132137030995,0.467692307692308,0.72859450726979,0.264705882352941,0.665086887835703,0.28393135725429,0.71937984496124,0.646031746031746,0.646677471636953,0.413961038961039,0.740983606557377,0.727416798732171,0.00159744408945687,0.719551282051282,0,0.280916030534351,0.634304207119741,0.296803652968037,0.734076433121019,0.290529695024077,0,0.58641975308642,0.686614173228347,0.278740157480315,0,0.283464566929134,0,0.634868421052632,0.293103448275862,0,0.633385335413417,0.286885245901639,0.458937198067633,0.343402225755167,0.724569640062598,0,0.280564263322884,0.667731629392971,0,0.575949367088608,0.709480122324159,0.721617418351477,0.286634460547504,0.278768233387358,0.27906976744186,0.305732484076433,0.305111821086262,0,0.299840510366826,0.00470219435736677,0.840694006309148,0.674121405750799,0.292721518987342,0.28414442700157,0.294117647058824,0.287284144427002,0.0608424336973479,0.735483870967742,0.297385620915033,0.3198127925117,0.523584905660377,0.28436018957346,0.275316455696203,0.304953560371517,0,0,0.302431610942249,0,0.714508580343214,0,0.314785373608903,0.661788617886179,0.701130856219709,0.780185758513932,0.343402225755167,0.00159489633173844,0.801282051282051,0.277691107644306,0.287284144427002,0.577352472089314,0.865947611710324,0.712098009188361,0.699074074074074,0.513687600644122,0.717908082408875,0.699842022116904,0.742088607594937,0.701112877583466,0.527472527472527,0.722929936305732,0,0.720190779014308,0.851437699680511,0.272277227722772,0.618066561014263,0.885321100917431,0.57667731629393,0.384737678855326,0.300314465408805,0.329508196721311,0.29635499207607,0.292962356792144,0.289556962025316,0.570063694267516,0.633385335413417,0.281645569620253,0.732522796352584,0.71319018404908,0.405660377358491,0.00154320987654321,0.281200631911532,0.290679304897314,0,0.7430441898527,0,0.317230273752013,0,0.300476947535771,0.277165354330709,0.739469578783151,0.412974683544304,0.273716951788491,0.638126009693053,0.664546899841017,0.395833333333333,0,0,0.346972176759411,0.337941628264209,0.299684542586751,0,0,0.703099510603589,0.703001579778831,0.617554858934169,0,0.622820919175911,0,0.348387096774194,0.282051282051282,0.746835443037975,0.696400625978091,0,0.657937806873977,0.552262090483619,0.403481012658228,0.314553990610329,0.497607655502392,0.735109717868339,0.300324675324675,0.0755905511811024,0.29126213592233,0,0.283720930232558,0,0.278955954323002,0.726094003241491,0.456591639871383,0,0,0.426771653543307,0.339256865912762,0.327044025157233,0.503105590062112,0.727411944869832,0.725938009787928,0.39047619047619,0.371340523882897,0,0.715210355987055,0.312698412698413,0,0.292880258899676,0.312796208530806,0.737261146496815,0.00950871632329636,0.716828478964401,0.280811232449298,0.5824,0.712460063897764,0.713584288052373,0.71097372488408,0.560581583198708,0.716744913928013,0.288709677419355,0,0.535483870967742,0.297507788161994,0,0,0.722910216718266,0,0.710900473933649,0.283676703645008,0.517073170731707,0.728896103896104,0.71405750798722,0.737942122186495,0.315286624203822,0.70846394984326,0.0156494522691706,0.722222222222222,0.0570962479608483,0.0174880763116057,0,0.588330632090762,0.702619414483821,0.7184,0.713615023474178,0.719626168224299,0.0112903225806452,0.016,0.720447284345048,0.0160771704180064,0.00491803278688525,0.0412044374009509,0.0202808112324493,0.0127186009538951,0.716772151898734,0.0271132376395534,0.717781402936378,0.724025974025974,0.0113636363636364,0.722488038277512,0.0630769230769231,0.723270440251572,0.676703645007924,0.724458204334365,0.718799368088468
"348",0.295751633986928,0.283227848101266,0.313971742543171,0.330592105263158,0.290484140233723,0.286666666666667,0.375404530744337,0.319148936170213,0.273015873015873,0,0.2928,0,0.590322580645161,0.276666666666667,0.729335494327391,0.719354838709677,0,0.0032626427406199,0.285950413223141,0.296950240770466,0.888,0.706176961602671,0.305732484076433,0,0.334913112164297,0.67156862745098,0.757624398073836,0.28995057660626,0.69170579029734,0.514820592823713,0.717011128775835,0.544283413848631,0.500810372771475,0.665040650406504,0,0.286644951140065,0.0156739811912226,0.284565916398714,0.838258164852255,0.36650868878357,0.00163132137030995,0.00157728706624606,0.00161290322580645,0.279674796747967,0.484033613445378,0.725040916530278,0.604269293924466,0.726677577741408,0.655172413793103,0.715625,0,0.292604501607717,0.816558441558442,0.28006589785832,0.392798690671031,0.712171052631579,0,0.304777594728171,0.311708860759494,0.392,0.675762439807384,0.692307692307692,0.710355987055016,0,0.387788778877888,0.4496,0,0.282988871224165,0,0.708943089430894,0.385714285714286,0.697411003236246,0.722495894909688,0.290064102564103,0,0.53343949044586,0.736593059936908,0.576051779935275,0.387888707037643,0.689713322091062,0,0.536392405063291,0.688888888888889,0.28,0.742671009771987,0.373801916932907,0.269662921348315,0.307324840764331,0.30379746835443,0,0.292282430213465,0.27831715210356,0,0,0.30114566284779,0,0.845161290322581,0.295527156549521,0.00157232704402516,0.00159235668789809,0.657556270096463,0,0.861290322580645,0.279032258064516,0.819595645412131,0.275459098497496,0,0.312903225806452,0.725806451612903,0.720257234726688,0.722662440570523,0.351132686084142,0.66131621187801,0.292063492063492,0,0.307814992025518,0.532051282051282,0,0.725363489499192,0.686998394863563,0,0.492706645056726,0.963434022257552,0.725490196078431,0.306581059390048,0.728139904610493,0.273449920508744,0.292407108239095,0,0.719611021069692,0.351612903225806,0.619281045751634,0.296416938110749,0,0.281618887015177,0.71563981042654,0,0.951219512195122,0.511400651465798,0.749588138385502,0,0,0.311501597444089,0.512155591572123,0.721393034825871,0.272292993630573,0.710097719869707,0.3504,0.616260162601626,0.29047619047619,0.869851729818781,0.292880258899676,0.272875816993464,0.406003159557662,0.27491961414791,0.712871287128713,0.281803542673108,0.714518760195759,0,0.534313725490196,0.403149606299213,0.290064102564103,0.709935897435897,0,0.277070063694268,0.657762938230384,0.275747508305648,0.285488958990536,0.267515923566879,0.646687697160883,0.311897106109325,0.721951219512195,0.299843014128728,0.713836477987421,0.364516129032258,0.6448,0,0.287560581583199,0,0.393026941362916,0.284810126582278,0.725779967159278,0.305958132045089,0.324281150159744,0.293291731669267,0.30622009569378,0.737096774193548,0.638977635782748,0.351260504201681,0.341584158415842,0.756369426751592,0.722662440570523,0.3042071197411,0.408874801901743,0,0,1,0.00158227848101266,0.285266457680251,0.686028257456829,0.387987012987013,0.452978056426332,0.302215189873418,0.851549755301794,0.651898734177215,0.957446808510638,0.306688417618271,0.28735632183908,0.3824,0,0.409309791332263,0.911666666666667,0.330112721417069,0.715220949263502,0.715170278637771,0.738287560581583,0.303225806451613,0.308544303797468,0.443381180223285,0.282714054927302,0.383739837398374,0,0.7168,0.5776,0.298869143780291,0,0.279434850863422,0.297507788161994,0.703703703703704,0.545746388443018,0.298722044728434,0.293823038397329,0.841091492776886,0,0.377358490566038,0.587761674718196,0.318407960199005,0.719354838709677,0.312,0.268976897689769,0.285714285714286,0.32475884244373,0.564668769716088,0.728785357737105,0.312803889789303,0.59170653907496,0.720748829953198,0.71563981042654,0.658940397350993,0.722132471728595,0.877887788778878,0.614420062695925,0.717252396166134,0.711755233494364,0.713826366559486,0.6890625,0.727714748784441,0.302134646962233,0.00163934426229508,0.713375796178344,0,0.897560975609756,0.292079207920792,0.302250803858521,0.366666666666667,0,0.403305785123967,0.407407407407407,0.536704730831974,0.541062801932367,0.620578778135048,0.608552631578947,0.0016260162601626,0.270049099836334,0.822222222222222,0.555737704918033,0.318770226537217,0.7312,0.502377179080824,0.729468599033816,0.72463768115942,0.297805642633229,0.282828282828283,0.389885807504078,0,0.630990415335463,0.379254457050243,0,0.724960254372019,0.377179080824089,0.293924466338259,0,0.726837060702875,0.712439418416801,0.303225806451613,0.398360655737705,0.722408026755853,0,0.831987075928918,0.290996784565916,0.497659906396256,0.636363636363636,0.588907014681892,0.30379746835443,0.717285945072698,0.28391167192429,0.282747603833866,0.713826366559486,0.315789473684211,0.282467532467532,0.308702791461412,0.279032258064516,0.714748784440843,0.823434991974318,0.949263502454992,0.297077922077922,0.329470198675497,0.0157977883096366,0.695439739413681,0.304838709677419,0.69672131147541,0.657320872274143,0.286871961102107,0.285483870967742,0.319047619047619,0.577114427860697,0.274447949526814,0.689320388349515,0.317230273752013,0.274220032840722,0,0.801574803149606,0.730263157894737,0.710823909531502,0.0176,0.719298245614035,0.342062193126023,0.714968152866242,0.720893141945773,0,0.695102685624013,0.302287581699346,0.732057416267943,0.293532338308458,0.323717948717949,0.290375203915171,1,1,0.528641571194763,0.602329450915141,0,0.435691318327974,0.735433070866142,0.6953125,0.830940988835726,0.2833607907743,0.7223113964687,0,0.8125,0.71608832807571,0.737357259380098,0.635483870967742,0.289689034369885,0.665,0.290697674418605,0.30718954248366,0,0.294027565084227,0.707086614173228,0.290625,0.443017656500803,0.283333333333333,0.739413680781759,0.29746835443038,0.705501618122977,0.383116883116883,0.513114754098361,0.344827586206897,0.302100161550889,0.282051282051282,0.93517017828201,0.314102564102564,0.280314960629921,0.705696202531646,0.717741935483871,0.28125,0.276872964169381,0.658105939004815,0.386942675159236,0.306397306397306,0.322632423756019,0.289308176100629,0,0.717607973421927,0.276252019386107,0.715670436187399,0,0.310177705977383,0.00163398692810458,0.715686274509804,0.28414442700157,0.307817589576547,0.00164744645799012,0.650485436893204,0.627228525121556,0.305825242718447,0.713810316139767,0.358890701468189,0.27841845140033,0.731270358306189,0.6688,0.468954248366013,0,0.888524590163934,0.299509001636661,0.296296296296296,0.609046849757674,0.27536231884058,0.305,0.718849840255591,0,0.310618066561014,0.292880258899676,0.327447833065811,0.523885350318471,0.719155844155844,0.401626016260163,0.687702265372168,0.782462057335582,0.00161812297734628,0.575409836065574,0.601957585644372,0.589456869009585,0,0.681063122923588,0.3456,0.559677419354839,0.553459119496855,0.709876543209877,0,0,0.283076923076923,0.296703296703297,0,0.346839546191248,0,0,0,0.261437908496732,0,0.303130148270181,0.504,0.735759493670886,0.279179810725552,0,0,0.280844155844156,0.327014218009479,0.517460317460318,0.720565149136578,0,0.380952380952381,0.683042789223455,0.289389067524116,0.575471698113208,0.665568369028007,0,0.29093799682035,0.711290322580645,0.339434276206323,0.693811074918567,0,0.7296875,0.733441033925687,0.606779661016949,0.310789049919485,0,0.346645367412141,0.307443365695793,0.26984126984127,0,0.735537190082645,0.322259136212625,0.72972972972973,0.277691107644306,0.278301886792453,0.713365539452496,0.269230769230769,0.977382875605816,0.448220064724919,0.711507293354943,0.877850162866449,0.328502415458937,0.00160771704180064,0.723747980613893,0.297770700636943,0.720198675496689,0.584564860426929,0.6128,0,0.766773162939297,0.488599348534202,0.983948635634029,0.29903536977492,0.722132471728595,0.7216,0.639593908629442,0.33125,0.373040752351097,0.323624595469256,0.48099173553719,0,0.291993720565149,0.724960254372019,0.298076923076923,0.842364532019704,0.725274725274725,0.278740157480315,0.280130293159609,0.2704,0.52588996763754,0.297770700636943,0.864157119476268,0.895081967213115,0.342995169082126,0.400974025974026,0,0,0.277777777777778,0.341021416803954,0.728618421052632,0.316393442622951,0.29903536977492,0.93354943273906,0.346469622331691,0.55810147299509,0.377952755905512,0,0.304700162074554,0.851132686084142,0.293354943273906,0.282258064516129,0,0.58908507223114,0.315447154471545,0.713584288052373,0.497568881685575,0.615883306320908,0.436728395061728,0.526829268292683,0.314375987361769,0.708527131782946,0.298831385642738,0.281505728314239,0.306122448979592,0.836902800658979,0.752396166134185,0.273155416012559,0.263074484944533,0.00159489633173844,0.496845425867508,0.660377358490566,0.668269230769231,0.480645161290323,0.279742765273312,0.358642972536349,0.282780410742496,0.15748031496063,0.717863105175292,0,0.445350734094617,0.731078904991948,0.702746365105008,0.67524115755627,0,0.303571428571429,0.354166666666667,0.286846275752773,0.282051282051282,0.71451355661882,0.725806451612903,0,0,0.859271523178808,0.744299674267101,0.714748784440843,0,0.714285714285714,0.274478330658106,0.306349206349206,0.98876404494382,0.286189683860233,0.674121405750799,0.31973898858075,0.550632911392405,0.574132492113565,0,0.280373831775701,0.878489326765189,0.795121951219512,0.348101265822785,0.297169811320755,0.782884310618067,0.00160771704180064,0.322528363047002,0.322834645669291,0,0.3078125,0.719492868462758,0.287904599659284,0.6288,0,0.00159489633173844,0.7834179357022,0.453355155482815,0.713836477987421,0.72158154859967,0.00160771704180064,0.00166666666666667,0.449612403100775,0.722044728434505,0.26890756302521,0.673534072900158,0.286634460547504,0.719745222929936,0.63265306122449,0.653721682847896,0.403010033444816,0.733884297520661,0.723101265822785,0.0016,0.723856209150327,0,0.282371294851794,0.637873754152824,0.307931570762053,0.729950900163666,0.288107202680067,0,0.589703588143526,0.676375404530744,0.278135048231511,0,0.28503937007874,0,0.644480519480519,0.307448494453249,0,0.625396825396825,0.291803278688525,0.45718901453958,0.330605564648118,0.724683544303797,0,0.281350482315113,0.668316831683168,0,0.560126582278481,0.716510903426791,0.721780604133545,0.295566502463054,0.284789644012945,0.28548644338118,0.307317073170732,0.3136,0,0.307568438003221,0.00484652665589661,0.840764331210191,0.663461538461538,0.287974683544304,0.288492706645057,0.286384976525822,0.2984375,0.0520325203252033,0.73257698541329,0.304568527918782,0.317034700315457,0.513556618819777,0.292134831460674,0.276357827476038,0.310789049919485,0,0,0.303030303030303,0,0.714285714285714,0.00163132137030995,0.325878594249201,0.652892561983471,0.701812191103789,0.787539936102236,0.339869281045752,0.00161030595813205,0.8048,0.278662420382166,0.280701754385965,0.578861788617886,0.846273291925466,0.712732919254658,0.70404984423676,0.524752475247525,0.720516962843296,0.713592233009709,0.736757624398074,0.685393258426966,0.513302034428795,0.717908082408875,0,0.706645056726094,0.844628099173554,0.274086378737542,0.627009646302251,0.888372093023256,0.571884984025559,0.384863123993559,0.293650793650794,0.334437086092715,0.292207792207792,0.295,0.294788273615635,0.549363057324841,0.645833333333333,0.293929712460064,0.724842767295597,0.7140625,0.389337641357027,0.0015748031496063,0.279483037156704,0.294871794871795,0,0.733660130718954,0,0.332258064516129,0,0.310509554140127,0.272727272727273,0.729559748427673,0.408264462809917,0.281399046104928,0.634426229508197,0.655502392344498,0.403908794788274,0,0,0.33616298811545,0.34,0.306603773584906,0,0,0.69983416252073,0.692307692307692,0.610032362459547,0,0.607085346215781,0,0.350498338870432,0.285251215559157,0.73257698541329,0.70906200317965,0,0.670436187399031,0.553054662379421,0.380191693290735,0.323343848580442,0.502384737678855,0.729032258064516,0.304635761589404,0.088379705400982,0.29450915141431,0,0.289968652037618,0,0.285714285714286,0.707592891760905,0.458881578947368,0,0,0.416534181240064,0.324414715719064,0.326984126984127,0.517996870109546,0.730109204368175,0.721951219512195,0.397435897435897,0.364500792393027,0,0.724422442244224,0.315447154471545,0,0.295190713101161,0.328,0.720447284345048,0.014308426073132,0.711726384364821,0.28169014084507,0.584288052373159,0.700813008130081,0.712374581939799,0.713821138211382,0.535947712418301,0.714738510301109,0.292483660130719,0,0.522727272727273,0.28548644338118,0,0,0.731669266770671,0,0.706451612903226,0.2816,0.522033898305085,0.735537190082645,0.709624796084829,0.718801996672213,0.323624595469256,0.703821656050955,0.0171339563862928,0.723793677204659,0.0580431177446103,0.0143540669856459,0,0.611475409836066,0.704225352112676,0.714983713355049,0.700475435816165,0.717252396166134,0.0130718954248366,0.0189873417721519,0.722402597402597,0.016,0.00327332242225859,0.0385232744783307,0.019047619047619,0.0145161290322581,0.733858267716535,0.025518341307815,0.711666666666667,0.723684210526316,0.0129449838187702,0.714285714285714,0.0517241379310345,0.711783439490446,0.694668820678514,0.719626168224299,0.714285714285714
"349",0.682182985553772,0.672955974842767,0.695652173913043,0.696969696969697,0.671474358974359,0.675850891410049,0.678343949044586,0.657320872274143,0.6921875,0,0.677672955974843,0,0.640944881889764,0.670988654781199,0.371294851794072,0.347692307692308,0,0.0159235668789809,0.660828025477707,0.691823899371069,0.435054773082942,0.356677524429967,0.665629860031104,0,0.694099378881988,0.513556618819777,0.406542056074766,0.658615136876006,0.683153013910355,0.657364341085271,0.336448598130841,0.697492163009404,0.808176100628931,0.513931888544892,0,0.680685358255452,0.0170807453416149,0.683229813664596,0.506787330316742,0.7109375,0.00157977883096367,0.0141732283464567,0.00311526479750779,0.673667205169628,0.675806451612903,0.356913183279743,0.656050955414013,0.330173775671406,0.607033639143731,0.448382126348228,0,0.680379746835443,0.504716981132076,0.66877971473851,0.6576,0.440514469453376,0,0.682888540031397,0.657276995305164,0.717628705148206,0.541732283464567,0.6671875,0.348101265822785,0,0.750402576489533,0.756965944272446,0,0.672496025437202,0,0.331730769230769,0.672333848531685,0.329133858267717,0.34488188976378,0.668217054263566,0,0.770542635658915,0.367534456355283,0.964396284829721,0.691437802907916,0.496655518394649,0,0.677067082683307,0.510802469135803,0.665644171779141,0.430793157076205,0.705972434915773,0.672897196261682,0.683720930232558,0.660990712074303,0.00309597523219814,0.661881977671451,0.657276995305164,0,0,0.680577849117175,0,0.519623233908948,0.662037037037037,0.00463678516228748,0.0063391442155309,0.66824644549763,0,0.510301109350238,0.6576,0.408814589665653,0.683441558441558,0.00477707006369427,0.67192429022082,0.330670926517572,0.337025316455696,0.3359375,0.670347003154574,0.538827258320127,0.67981072555205,0,0.668721109399075,0.691107644305772,0,0.321928460342146,0.558213716108453,0,0.789889415481833,0.503125,0.389337641357027,0.669826224328594,0.454258675078864,0.671732522796353,0.666149068322981,0,0.647887323943662,0.695046439628483,0.684887459807074,0.666136724960254,0,0.672,0.334869431643625,0,0.473767885532591,0.661858974358974,0.635634028892456,0,0,0.679873217115689,0.8112,0.5,0.670846394984326,0.325508607198748,0.697965571205008,0.585055643879173,0.665116279069767,0.441412520064205,0.677115987460815,0.68026101141925,0.6859375,0.671383647798742,0.333333333333333,0.674528301886792,0.335433070866142,0,0.7859375,0.67817896389325,0.6703125,0.342146189735614,0,0.665130568356375,0.585760517799353,0.665040650406504,0.675548589341693,0.646875,0.521875,0.675425038639876,0.345541401273885,0.679447852760736,0.341013824884793,0.677884615384615,0.610328638497653,0,0.67524115755627,0,0.718068535825545,0.677777777777778,0.433070866141732,0.678683385579937,0.702194357366771,0.677966101694915,0.688650306748466,0.412225705329154,0.544901065449011,0.696629213483146,0.698564593301435,0.347551342812006,0.327586206896552,0.670906200317965,0.666666666666667,0,0,0.538461538461538,0.00152905198776758,0.678955453149002,0.505443234836703,0.664,0.7140625,0.666666666666667,0.606973058637084,0.654377880184332,0.544426494345719,0.645962732919255,0.6796875,0.683881064162754,0,0.673374613003096,0.453355155482815,0.687301587301587,0.320063694267516,0.394126738794436,0.644094488188976,0.675883256528418,0.681181959564541,0.753184713375796,0.65625,0.776377952755905,0,0.403426791277259,0.805513016845329,0.68312101910828,0,0.683720930232558,0.667177914110429,0.64251968503937,0.594594594594595,0.670295489891135,0.6736,0.569206842923795,0,0.673343605546995,0.652380952380952,0.673107890499195,0.3265625,0.689024390243902,0.680194805194805,0.677018633540373,0.720893141945773,0.60625,0.353503184713376,0.707936507936508,0.670261941448382,0.329819277108434,0.317411402157165,0.431746031746032,0.318611987381703,0.424,0.648233486943164,0.32348367029549,0.331259720062208,0.34850863422292,0.673312883435583,0.353420195439739,0.681020733652313,0.00480769230769231,0.329113924050633,0,0.494435612082671,0.6624,0.680817610062893,0.698587127158556,0,0.690821256038647,0.723538704581359,0.690851735015773,0.682389937106918,0.592417061611374,0.653846153846154,0.00464396284829721,0.651757188498403,0.384976525821596,0.690938511326861,0.688783570300158,0.33125,0.694227769110764,0.329635499207607,0.426356589147287,0.675840978593272,0.675895765472313,0.67948717948718,0,0.683563748079877,0.671383647798742,0,0.324031007751938,0.651771956856703,0.667721518987342,0,0.341085271317829,0.313479623824451,0.685667752442997,0.718110236220472,0.32626427406199,0,0.569422776911076,0.674085850556439,0.698757763975155,0.549844236760125,0.696485623003195,0.6703125,0.324960753532182,0.675,0.658767772511848,0.346092503987241,0.704225352112676,0.66824644549763,0.672638436482085,0.678627145085803,0.483464566929134,0.520123839009288,0.525078369905956,0.662420382165605,0.702922077922078,0.0401854714064915,0.55111821086262,0.65625,0.469578783151326,0.579352850539291,0.683229813664596,0.674454828660436,0.684867394695788,0.822683706070288,0.671296296296296,0.5376,0.687888198757764,0.66131621187801,0,0.540372670807453,0.613418530351438,0.349683544303797,0.0429447852760736,0.331782945736434,0.684952978056426,0.352941176470588,0.33015873015873,0,0.524922118380062,0.671949286846276,0.393081761006289,0.676375404530744,0.692429022082019,0.672985781990521,0.534920634920635,0.528641571194763,1,0.571658615136876,0,0.859177215189873,0.328682170542636,0.359133126934985,0.458528951486698,0.688102893890675,0.333333333333333,0,0.544049459041731,0.332288401253919,0.352564102564103,0.595611285266458,0.665071770334928,0.513470681458003,0.662809917355372,0.688087774294671,0,0.680241327300151,0.317411402157165,0.675384615384615,0.832550860719875,0.691056910569106,0.3453125,0.691107644305772,0.310452418096724,0.718995290423862,0.684294871794872,0.697996918335901,0.685185185185185,0.669811320754717,0.556426332288401,0.700934579439252,0.660493827160494,0.334905660377358,0.357366771159875,0.656050955414013,0.673469387755102,0.540372670807453,0.718068535825545,0.663974151857835,0.712519319938176,0.676609105180534,0,0.404186795491143,0.675925925925926,0.318681318681319,0,0.7008,0.0065359477124183,0.380503144654088,0.672839506172839,0.665625,0.00158478605388273,0.660910518053375,0.6234375,0.682615629984051,0.323671497584541,0.678343949044586,0.677938808373591,0.633870967741936,0.66046511627907,0.690590111642743,0,0.448657187993681,0.668820678513732,0.682034976152623,0.6328125,0.678627145085803,0.674457429048414,0.370892018779343,0.00157232704402516,0.682965299684543,0.67244094488189,0.694006309148265,1,0.336038961038961,0.67304625199362,0.4884437596302,0.441275167785235,0.0046656298600311,0.9168,0.650159744408946,0.65414710485133,0,0.524350649350649,0.664546899841017,0.970496894409938,0.632558139534884,0.392638036809816,0,0,0.661169415292354,0.678955453149002,0,0.685358255451713,0.00320512820512821,0,0,0.668759811616955,0,0.674157303370786,0.666141732283465,0.638461538461538,0.6578125,0,0,0.672985781990521,0.700152207001522,0.827586206896552,0.328149300155521,0.00158730158730159,0.657492354740061,0.659476117103236,0.674491392801252,0.673913043478261,0.547049441786284,0,0.658267716535433,0.324281150159744,0.696629213483146,0.394524959742351,0,0.329770992366412,0.418789808917197,0.617021276595745,0.67981072555205,0,0.690184049079755,0.666666666666667,0.660493827160494,0,0.382022471910112,0.683946488294314,0.316993464052288,0.655712050078247,0.67175572519084,0.3453125,0.657770800627943,0.551401869158878,0.70253164556962,0.341269841269841,0.452342487883683,0.698564593301435,0.00479233226837061,0.338607594936709,0.683229813664596,0.34747145187602,0.778309409888357,0.55784469096672,0,0.39403453689168,0.679936305732484,0.510077519379845,0.683001531393568,0.330188679245283,0.442006269592476,0.680602006688963,0.69218989280245,0.696594427244582,0.707667731629393,0.928343949044586,0,0.695652173913043,0.330745341614907,0.675632911392405,0.588996763754045,0.332312404287902,0.6578125,0.679186228482003,0.673566878980892,0.662420382165605,0.669781931464174,0.406995230524642,0.451923076923077,0.658346333853354,0.671406003159558,0,0,0.680129240710824,0.692429022082019,0.339089481946625,0.681089743589744,0.688783570300158,0.580093312597201,0.682615629984051,0.681159420289855,0.659476117103236,0,0.669811320754717,0.543443917851501,0.687010954616588,0.675078864353312,0,0.77511961722488,0.673667205169628,0.324881141045959,0.735483870967742,0.573415765069552,0.827743902439024,0.685214626391097,0.701834862385321,0.393846153846154,0.665594855305466,0.67601246105919,0.679186228482003,0.528753993610224,0.376360808709176,0.677570093457944,0.664615384615385,0.00460829493087558,0.791666666666667,0.622848200312989,0.502340093603744,0.680817610062893,0.663461538461538,0.700949367088608,0.671339563862928,0.150387596899225,0.319218241042345,0,0.724409448818898,0.329073482428115,0.326498422712934,0.511700468018721,0,0.687010954616588,0.705246913580247,0.679186228482003,0.673879443585781,0.410174880763116,0.322274881516588,0,0,0.460674157303371,0.385714285714286,0.445686900958466,0,0.331775700934579,0.669291338582677,0.146604938271605,0.517628205128205,0.684713375796178,0.668730650154799,0.7024,0.664596273291925,0.641104294478528,0,0.678300455235205,0.584,0.633757961783439,0.673879443585781,0.679127725856698,0.570107858243451,0.0046583850931677,0.685358255451713,0.68160741885626,0,0.688549618320611,0.330188679245283,0.688311688311688,0.6296875,0,0.00315955766192733,0.658576051779935,0.710900473933649,0.34009360374415,0.426307448494453,0.00471698113207547,0.00161812297734628,0.659509202453988,0.33968253968254,0.672158154859967,0.5515625,0.666666666666667,0.330275229357798,0.543887147335423,0.564308681672026,0.697411003236246,0.403877221324717,0.319875776397516,0.00158730158730159,0.356120826709062,0,0.673343605546995,0.308064516129032,0.670196671709531,0.326892109500805,0.670866141732283,0,0.633333333333333,0.680379746835443,0.668769716088328,0,0.674846625766871,0,0.591935483870968,0.68895800933126,0,0.652713178294574,0.666141732283465,0.682034976152623,0.691437802907916,0.360429447852761,0,0.674491392801252,0.511182108626198,0,0.68167701863354,0.3125,0.333855799373041,0.669826224328594,0.686900958466454,0.673343605546995,0.669316375198728,0.674603174603175,0,0.683042789223455,0.0124223602484472,0.558502340093604,0.51496062992126,0.679566563467492,0.66877971473851,0.677519379844961,0.68266253869969,0.06875,0.342767295597484,0.678456591639871,0.703761755485893,0.953632148377125,0.680981595092024,0.672868217054264,0.683641975308642,0,0,0.667682926829268,0,0.381538461538462,0,0.688751926040062,0.512155591572123,0.487261146496815,0.402190923317684,0.716300940438871,0.00158227848101266,0.406153846153846,0.662992125984252,0.66306027820711,0.641955835962145,0.614457831325301,0.53857791225416,0.435857805255023,0.678233438485804,0.328125,0.434022257551669,0.658307210031348,0.571428571428571,0.973805855161787,0.325434439178515,0,0.323763955342903,0.544,0.6677471636953,0.616719242902208,0.497716894977169,0.949764521193093,0.674884437596302,0.652777777777778,0.684380032206119,0.677830940988836,0.67948717948718,0.685303514376997,0.634222919937206,0.589783281733746,0.665625,0.326186830015314,0.322932917316693,0.701726844583987,0.0062111801242236,0.677469135802469,0.67032967032967,0,0.42258064516129,0,0.699044585987261,0,0.683307332293292,0.679748822605965,0.339506172839506,0.684375,0.669254658385093,0.6656,0.648818897637795,0.67246835443038,0,0,0.7,0.691376701966717,0.658841940532081,0,0,0.334405144694534,0.534456355283308,0.682464454976303,0,0.605633802816901,0,0.681159420289855,0.688,0.4181240063593,0.549382716049383,0,0.563897763578275,0.67398119122257,0.714953271028037,0.678955453149002,0.680555555555556,0.340062111801242,0.670967741935484,0.0410742496050553,0.665594855305466,0,0.669242658423493,0.00313479623824451,0.658064516129032,0.354632587859425,0.211930926216641,0,0,0.71671826625387,0.728,0.65284178187404,0.7,0.331259720062208,0.328502415458937,0.661949685534591,0.671253822629969,0,0.342812006319115,0.699680511182109,0,0.6608,0.687010954616588,0.399375975039002,0.0235478806907378,0.318611987381703,0.649842271293375,0.564724919093851,0.39403453689168,0.424878836833603,0.398133748055988,0.823248407643312,0.408950617283951,0.674641148325359,0,0.78343949044586,0.68075117370892,0.0032,0,0.327272727272727,0,0.330173775671406,0.662480376766091,0.681229773462783,0.328478964401294,0.307210031347962,0.648089171974522,0.667194928684628,0.676470588235294,0.0375,0.324193548387097,0.0487012987012987,0.0233281493001555,0,0.286846275752773,0.335365853658537,0.325949367088608,0.323529411764706,0.317111459968603,0.0306451612903226,0.0374414976599064,0.339089481946625,0.0218068535825545,0.00647249190938511,0.0380348652931854,0.0234741784037559,0.0420560747663551,0.347619047619048,0.025,0.33063209076175,0.335433070866142,0.0284810126582278,0.328149300155521,0.0460122699386503,0.326086956521739,0.362341772151899,0.332826747720365,0.330708661417323
"350",0.458333333333333,0.461912479740681,0.481967213114754,0.495114006514658,0.475,0.465661641541039,0.492586490939044,0.486970684039088,0.47444089456869,0,0.458670988654781,0,0.607431340872375,0.452420701168614,0.581320450885668,0.545602605863192,0,0.00486223662884927,0.464696223316913,0.471451876019576,0.581967213114754,0.551666666666667,0.458804523424879,0,0.482258064516129,0.597063621533442,0.563934426229508,0.468120805369128,0.608557844690967,0.570274636510501,0.543130990415335,0.642857142857143,0.582637729549249,0.561996779388084,0,0.463815789473684,0.016,0.458064516129032,0.617088607594937,0.483412322274882,0,0.00479233226837061,0.0016260162601626,0.441666666666667,0.548494983277592,0.566284779050736,0.602965403624382,0.537190082644628,0.705696202531646,0.5792,0,0.446102819237148,0.607491856677524,0.465040650406504,0.486666666666667,0.703947368421053,0,0.47479674796748,0.473767885532591,0.544585987261146,0.580906148867314,0.59805510534846,0.556464811783961,0,0.488175675675676,0.5,0,0.45,0,0.530578512396694,0.508771929824561,0.558631921824104,0.550580431177446,0.462279293739968,0,0.592592592592593,0.566188197767145,0.607142857142857,0.513957307060755,0.812280701754386,0,0.606060606060606,0.576923076923077,0.44,0.581730769230769,0.50655737704918,0.454248366013072,0.475040257648953,0.470209339774557,0,0.452459016393443,0.453525641025641,0,0,0.484140233722871,0,0.577049180327869,0.487883683360259,0,0.00163934426229508,0.563607085346216,0,0.618181818181818,0.446982055464927,0.575427682737169,0.453333333333333,0.00164203612479475,0.462519936204147,0.541528239202658,0.546511627906977,0.550239234449761,0.479541734860884,0.887096774193548,0.464344941956882,0,0.478896103896104,0.621578099838969,0,0.535369774919614,0.622549019607843,0,0.599009900990099,0.60392798690671,0.569051580698835,0.482315112540193,0.555737704918033,0.451043338683788,0.458536585365854,0,0.559157212317666,0.497560975609756,0.577181208053691,0.45757071547421,0,0.447236180904523,0.560629921259843,0,0.601639344262295,0.609917355371901,0.586378737541528,0,0,0.476973684210526,0.557536466774716,0.558922558922559,0.463414634146341,0.535031847133758,0.488486842105263,0.95702479338843,0.47427652733119,0.590460526315789,0.463175122749591,0.444821731748727,0.553398058252427,0.454545454545455,0.542713567839196,0.459546925566343,0.539473684210526,0,0.555921052631579,0.519047619047619,0.460162601626016,0.566037735849057,0,0.464,0.674536256323777,0.456081081081081,0.454838709677419,0.458199356913183,0.579967689822294,0.477635782747604,0.545008183306056,0.487301587301587,0.547619047619048,0.508196721311475,0.625,0,0.474714518760196,0,0.523654159869494,0.454545454545455,0.5667215815486,0.491114701130856,0.489499192245557,0.458730158730159,0.446945337620579,0.643322475570033,0.914149443561208,0.513513513513513,0.490818030050083,0.547967479674797,0.543548387096774,0.48202614379085,0.515548281505728,0,0,0.595,0,0.45253164556962,0.802547770700637,0.51006711409396,0.547923322683706,0.458730158730159,0.613223140495868,0.583198707592892,0.599337748344371,0.534653465346535,0.459234608985025,0.53160453808752,0,0.479740680713128,0.596314907872697,0.48989898989899,0.551324503311258,0.561688311688312,0.566993464052288,0.461912479740681,0.468454258675079,0.570723684210526,0.460547504025765,0.515650741350906,0,0.566343042071197,0.563607085346216,0.463295269168026,0,0.467637540453074,0.4464,0.567434210526316,1,0.459504132231405,0.451342281879195,0.565853658536585,0,0.505529225908373,0.689144736842105,0.466101694915254,0.552845528455285,0.473344103392569,0.456053067993366,0.451768488745981,0.485245901639344,0.759936406995231,0.56836902800659,0.476268412438625,0.59775641025641,0.541732283464567,0.532362459546926,0.589490968801314,0.543801652892562,0.589315525876461,0.570522979397781,0.533772652388797,0.551612903225806,0.532362459546926,0.572567783094099,0.545605306799337,0.46523178807947,0.00164744645799012,0.533980582524272,0,0.56198347107438,0.462295081967213,0.474295190713101,0.490196078431373,0,0.526138279932546,0.490998363338789,0.614767255216693,0.676328502415459,0.630872483221476,0.566445182724252,0.00161550888529887,0.447986577181208,0.595709570957096,0.624579124579125,0.474025974025974,0.549273021001615,0.547540983606557,0.547231270358306,0.614767255216693,0.456418383518225,0.456666666666667,0.48914858096828,0,0.577777777777778,0.48424543946932,0,0.535714285714286,0.505654281098546,0.48099173553719,0,0.540229885057471,0.535714285714286,0.500826446280992,0.565943238731219,0.546979865771812,0,0.580906148867314,0.468852459016393,0.5472,0.947797716150082,0.56093489148581,0.496774193548387,0.55702479338843,0.452229299363057,0.445350734094617,0.555737704918033,0.488853503184713,0.478048780487805,0.480475382003396,0.455858747993579,0.632090761750405,0.598705501618123,0.598684210526316,0.465346534653465,0.483925549915398,0.0241545893719807,0.629934210526316,0.481054365733114,0.590538336052202,0.63849765258216,0.460547504025765,0.446808510638298,0.467532467532468,0.554438860971524,0.430176565008026,0.614617940199336,0.471819645732689,0.445742904841402,0,0.614006514657981,0.575409836065574,0.553571428571429,0.0194805194805195,0.538585209003215,0.542345276872964,0.553772070626003,0.55,0,0.640650406504065,0.472906403940887,0.561889250814332,0.467905405405405,0.481239804241436,0.460526315789474,0.602310231023102,0.602329450915141,0.571658615136876,1,0,0.528548123980424,0.535143769968051,0.569157392686804,0.601941747572815,0.461157024793388,0.551612903225806,0,0.60650406504065,0.5488,0.551894563426689,0.600326264274062,0.459546925566343,0.770134228187919,0.444073455759599,0.451876019575856,0,0.44375,0.550079491255962,0.454253611556982,0.526655896607431,0.458404074702886,0.533870967741935,0.464,0.545307443365696,0.49597423510467,0.649754500818331,0.472843450479233,0.460547504025765,0.445901639344262,0.609756097560976,0.48595041322314,0.457278481012658,0.555023923444976,0.545016077170418,0.453333333333333,0.452768729641694,0.813614262560778,0.476422764227642,0.459234608985025,0.500802568218299,0.453968253968254,0,0.66218487394958,0.453507340946166,0.553366174055829,0,0.459731543624161,0.00165837479270315,0.584288052373159,0.451923076923077,0.478547854785479,0,0.540849673202614,0.610114192495922,0.460655737704918,0.534883720930233,0.569786535303777,0.456375838926175,0.60983606557377,0.575364667747164,0.594417077175698,0,0.595432300163132,0.45575959933222,0.465460526315789,0.624183006535948,0.455882352941176,0.456706281833616,0.549755301794454,0.00163934426229508,0.460420032310178,0.456168831168831,0.47682119205298,0.56514657980456,0.536824877250409,0.51077943615257,0.60327868852459,0.552364864864865,0.00163132137030995,0.607431340872375,0.552980132450331,0.612111292962357,0,0.831649831649832,0.493399339933993,0.593548387096774,0.724522292993631,0.614779874213837,0,0,0.443234836702955,0.468253968253968,0,0.483766233766234,0.00166666666666667,0,0,0.454991816693944,0,0.476430976430976,0.500813008130081,0.5776,0.447619047619048,0,0,0.468599033816425,0.494417862838915,0.612111292962357,0.540064102564103,0,0.506410256410256,0.57660626029654,0.445171849427169,0.630225080385852,0.881863560732113,0,0.468051118210863,0.536789297658863,0.483388704318937,0.617792421746293,0,0.535885167464115,0.560655737704918,0.557627118644068,0.471544715447154,0,0.484992101105845,0.472491909385113,0.4544,0,0.614357262103506,0.467826086956522,0.554237288135593,0.43739837398374,0.446909667194929,0.550888529886914,0.446633825944171,0.621931260229133,0.518092105263158,0.559210526315789,0.568527918781726,0.48371335504886,0,0.536585365853659,0.470209339774557,0.572139303482587,0.639477977161501,0.586092715231788,0,0.578606158833063,0.570234113712375,0.620915032679739,0.482084690553746,0.544426494345719,0.618506493506494,0.581911262798635,0.502377179080824,0.551669316375199,0.477905073649754,0.545008183306056,0,0.4672,0.53968253968254,0.461290322580645,0.589915966386555,0.55205047318612,0.465378421900161,0.471169686985173,0.45,0.59672131147541,0.471636952998379,0.585976627712855,0.588235294117647,0.486312399355878,0.494363929146538,0,0,0.458609271523179,0.490756302521008,0.545901639344262,0.468333333333333,0.463295269168026,0.595432300163132,0.493421052631579,0.528523489932886,0.485530546623794,0,0.473509933774834,0.574918566775244,0.456730769230769,0.455716586151369,0,0.573983739837398,0.472131147540984,0.543657331136738,0.576859504132231,0.759229534510433,0.525,0.646481178396072,0.497622820919176,0.568720379146919,0.475083056478405,0.467741935483871,0.474714518760196,0.574750830564784,0.539837398373984,0.46984126984127,0.460674157303371,0,0.5376,0.573505654281099,0.773399014778325,0.580487804878049,0.458881578947368,0.540229885057471,0.445686900958466,0.128,0.532646048109966,0,0.559738134206219,0.545155993431856,0.544407894736842,0.793159609120521,0,0.466448445171849,0.520128824476651,0.463651050080775,0.457278481012658,0.575456053067993,0.55702479338843,0,0,0.599018003273322,0.567164179104478,0.65089722675367,0,0.558441558441558,0.439613526570048,0.250398724082935,0.601307189542484,0.444810543657331,0.555555555555556,0.468292682926829,0.659539473684211,0.585483870967742,0,0.465007776049767,0.601957585644372,0.588138385502471,0.5,0.465489566613162,0.624595469255663,0.00322061191626409,0.486356340288925,0.47411003236246,0,0.479430379746835,0.523500810372772,0.453767123287671,0.563725490196078,0,0,0.594957983193277,0.563011456628478,0.551219512195122,0.667221297836938,0.00161812297734628,0,0.588516746411483,0.544262295081967,0.443697478991597,0.855769230769231,0.467716535433071,0.5536,0.564724919093851,0.582508250825083,0.533333333333333,0.533444816053512,0.544871794871795,0,0.544093178036606,0,0.462382445141066,0.473244147157191,0.4816,0.552980132450331,0.465,0,0.624405705229794,0.602965403624382,0.447882736156352,0,0.453225806451613,0,0.83756345177665,0.467845659163987,0,0.551446945337621,0.468802698145025,0.555555555555556,0.485197368421053,0.574918566775244,0,0.455737704918033,0.740131578947368,0,0.619354838709677,0.53870458135861,0.532258064516129,0.459504132231405,0.448105436573311,0.464,0.468120805369128,0.466557911908646,0,0.46078431372549,0.00483091787439614,0.584142394822006,0.782467532467532,0.472727272727273,0.455138662316476,0.474959612277868,0.458937198067633,0.0461783439490446,0.570491803278689,0.454237288135593,0.479233226837061,0.542536115569823,0.461912479740681,0.446909667194929,0.461912479740681,0,0,0.463452566096423,0,0.553398058252427,0,0.457050243111831,0.793969849246231,0.60797342192691,0.57667731629393,0.500826446280992,0,0.602291325695581,0.44991789819376,0.456769983686786,0.633663366336634,0.613207547169811,0.591049382716049,0.727129337539432,0.583333333333333,0.549593495934959,0.566343042071197,0.588330632090762,0.618032786885246,0.55735056542811,0.531914893617021,0,0.538211382113821,0.56507413509061,0.45362563237774,0.545602605863192,0.595846645367412,0.575806451612903,0.522508038585209,0.444976076555024,0.489655172413793,0.451827242524917,0.465776293823038,0.457377049180328,0.721311475409836,0.874183006535948,0.443381180223285,0.547433903576983,0.538216560509554,0.537828947368421,0.00161550888529887,0.471061093247588,0.469155844155844,0,0.560606060606061,0,0.490878938640133,0,0.470684039087948,0.464696223316913,0.542857142857143,0.531045751633987,0.446428571428571,0.559738134206219,0.587662337662338,0.492682926829268,0,0,0.491467576791809,0.496845425867508,0.479233226837061,0,0,0.536502546689304,0.629984051036683,0.566558441558442,0,0.758564437194127,0,0.51980198019802,0.474464579901153,0.5667215815486,0.577170418006431,0,0.805601317957166,0.60650406504065,0.493527508090615,0.478330658105939,0.55877616747182,0.550161812297735,0.473244147157191,0.0667752442996743,0.448333333333333,0,0.46656050955414,0.00163398692810458,0.454394693200663,0.570723684210526,0.350993377483444,0,0,0.557507987220447,0.502495840266223,0.471246006389776,0.533333333333333,0.551505546751189,0.53257328990228,0.513157894736842,0.511737089201878,0,0.577114427860697,0.465798045602606,0,0.462686567164179,0.465927099841521,0.577302631578947,0.0145631067961165,0.543089430894309,0.454253611556982,0.961666666666667,0.567656765676568,0.6110183639399,0.662866449511401,0.608177172061329,0.544426494345719,0.461412151067323,0,0.534426229508197,0.472089314194577,0.00165562913907285,0,0.554160125588697,0,0.547697368421053,0.455284552845528,0.526405451448041,0.540765391014975,0.548440065681445,0.57660626029654,0.481907894736842,0.606451612903226,0.0191693290734824,0.530508474576271,0.0608552631578947,0.0209677419354839,0,0.467980295566502,0.520634920634921,0.53921568627451,0.543859649122807,0.543548387096774,0.0149006622516556,0.0253164556962025,0.54281098546042,0.0179738562091503,0.00667779632721202,0.0325732899022801,0.0193861066235864,0.0211726384364821,0.552117263843648,0.0245098039215686,0.549579831932773,0.552238805970149,0.0196399345335516,0.547231270358306,0.0414012738853503,0.553772070626003,0.524193548387097,0.551020408163265,0.542904290429043
"351",0,0,0,0,0,0,0.0125391849529781,0.0015625,0,1,0,1,0,0,0,0,1,0.987321711568938,0,0,0,0,0,1,0,0,0,0.00157232704402516,0,0,0,0,0,0,1,0,0.980152671755725,0,0,0,0.998435054773083,0.987673343605547,0.995419847328244,0,0,0,0,0,0,0,1,0,0,0,0.0125,0,1,0,0.00154083204930663,0,0,0,0,1,0,0,1,0,1,0,0,0,0,0,1,0.00152905198776758,0,0,0,0,1,0,0,0,0,0,0,0,0.00457317073170732,0.987897125567322,0,0,1,1,0,1,0.0170015455950541,0,0.993836671802773,0.99375,0.009375,1,0,0,0,0,0.990521327014218,0.0015527950310559,0,0,0,0.014018691588785,0,0,1,0,0,1,0,0,1,0,0,0,0,0,0,0,1,0.00462962962962963,0,0,0,1,0,0,1,0,0,0.00480769230769231,1,1,0,0,0,0,0,0,0,0,0,0,0,0,0,0,0,0,1,0,0.0045662100456621,0,0,1,0,0,0,0,0,0,0,0,0,0,0.0031496062992126,0,1,0,1,0,0,0,0,0,0,0,0,0,0,0,0,0,0,0.0199081163859112,1,1,0,0.998459167950693,0,0,0.0110410094637224,0,0,0,0,0,0,0,0,1,0,0,0,0,0,0.0031104199066874,0,0,0,0,0,1,0,0,0,1,0,0,0.00464396284829721,0,0,0,0.015600624024961,1,0.0138461538461538,0,0,0,0,0,0,0,0,0,0,0,0,0,0,0,0,0,0,0,0,0,0,0,0.987538940809969,0,1,0.00314465408805031,0,0,0,1,0.00159235668789809,0.00303030303030303,0,0,0,0,0.989263803680982,0,0,0,0,0,0,0,0,0,0,0.0140845070422535,1,0,0.0140405616224649,1,0,0.015220700152207,0.0015527950310559,1,0,0,0,0,0,1,0.0138674884437596,0,0,0,0,0,0,0,0,0,0,0,0,0,0,0,0,0.00159489633173844,0,0.952743902439024,0,0,0,0,0,0,0,0,0,0,0,0,1,0,0.00788643533123028,0,0.94969512195122,0,0,0,0,1,0,0,0,0,0,0,0,0,0,0,1,0,0,0,0,0,0,1,0,0,0,0.0015552099533437,0,0,0,0,1,0,0,0,0,0,0,0,0,0,0,0,0,0.00308166409861325,0,0,0,0,0,0,0,0,0,0,0,0,1,0,0,0,1,0,0.990639625585023,0,0,0,0.996835443037975,0.00777604976671851,0,0,0,0,0,0,0,0,1,0,0.0015748031496063,0,0,0,0,0,0.998482549317147,0,0,0,0,0,0.0046801872074883,0,0.0128617363344051,0.993817619783617,0,0,0,1,0,0,0,0,0,1,1,0,0,1,0,0.989045383411581,1,1,0,1,0,0.00156494522691706,0.00451127819548872,0,1,1,0,0,0,0,0.9968,0.0196671709531014,0,0,0,0,1,0,0,0,0,1,0,0,0,0.00153139356814701,1,0,0,0,1,0,0,0,0,0,0,0,0,0,0,0.00160771704180064,0,0.987361769352291,0,0,0,0,0.0141065830721003,1,0,0.00156739811912226,0,0,0,0,0,0,0,0,0,1,0,0,0,0,0,0,0,0,0,0,0,0,0,0.0122324159021407,1,1,0,0,0,0,0,0,0,0,0.0151975683890578,1,0,0.0139103554868624,0,0,1,0,0,0,0,0,0,0,0,0,0.00157977883096367,0,0,0.014308426073132,0.024653312788906,0,0,0.992319508448541,0,0,0,0,0,0,0,0.771428571428571,0,1,0,0,0,0,1,0,0,0,0,0,0,1,1,0,0,0,1,0,0,0.56752655538695,0,0,0.00764525993883792,0,0,0,1,0,0,0,0.0045045045045045,0,0,0.990769230769231,0,0,1,0.00149925037481259,0,0,0,1,0.990769230769231,0,0,0,0,0.989180834621329,0.998407643312102,0,0,0,0,0,0,0,0,0.0048,0,0,0.996908809891808,0,1,0,0.16,0.00150829562594268,0,0,1,0,0,0,1,0,1,0,0,1,0.0153139356814701,0,0,0,0,1,0,0,1,0,0,0,0,0,0,0.00460829493087558,0.00153846153846154,1,0,0.977134146341463,0.0184049079754601,0,0,0,0,0,0.912254160363086,0,0,0,0,0,0,0,1,1,0,1,0,1,0,0,0,0,0,0.998456790123457,0,0,0,0,0,0,0,0,0,0,0,0,0,0,1,0,0.0173228346456693,0,0.0310077519379845,0,0,0.00460122699386503,0,0.00159235668789809,0,0,0,0,0,0,0,0,0.0015625,0.98937784522003,0,0,1,0,1,0,1,0,0,0,0,0,0.0015600624024961,0,0.0170278637770898,1,1,0,0,0,1,1,0,0,0,1,0,1,0,0,0.0317965023847377,0,1,0,0,0,0,0,0,0,0.9015625,0,1,0,0.99388379204893,0,0,0.369668246445498,1,1,0.0015527950310559,0,0.00927357032457496,0,0,0,0,0,1,0,0,1,0,0,0,0.957251908396947,0,0,0,0,0,0,0,0,0,1,0,0,0.996825396825397,1,0,1,0,0,0,0,0,0.00313479623824451,0.00157728706624606,0,0.9558599695586,0,0.904388714733542,0.976887519260401,1,0.166926677067083,0,0,0.00454545454545455,0,0.953198127925117,0.947049924357035,0,0.979559748427673,0.995297805642633,0.948598130841122,0.975384615384615,0.941807044410414,0,0.97239263803681,0,0,0.95447409733124,0,0.927601809954751,0,0.0527950310559006,0,0
"352",0.817749603803486,0.828926905132193,0.822458270106222,0.83974358974359,0.819935691318328,0.834670947030498,0.79304897314376,0.817749603803486,0.831546707503829,0,0.840189873417722,0,0.639498432601881,0.824175824175824,0.227488151658768,0.187793427230047,0,0.014308426073132,0.816129032258065,0.84472049689441,0.337442218798151,0.198036006546645,0.822429906542056,0,0.812302839116719,0.419152276295133,0.279293739967897,0.819935691318328,0.630602782071097,0.713836477987421,0.176470588235294,0.737678855325914,0.846645367412141,0.416932907348243,0,0.818759936406995,0.0202177293934681,0.826356589147287,0.4051593323217,0.800933125972006,0.00155763239875389,0.0125,0.00460829493087558,0.814285714285714,0.737520128824477,0.20952380952381,0.604430379746835,0.171383647798742,0.560975609756098,0.305007587253414,0,0.83596214511041,0.404088050314465,0.8296875,0.771790808240888,0.32755905511811,0,0.814580031695721,0.802773497688752,0.83125,0.447040498442368,0.599071207430341,0.191318327974277,0,0.855769230769231,0.841444270015699,0,0.822884012539185,0,0.172741679873217,0.776073619631902,0.183800623052959,0.180379746835443,0.829984544049459,0,0.809597523219814,0.214953271028037,0.771875,0.8192,0.409317803660566,0,0.723270440251572,0.38006230529595,0.807987711213518,0.288611544461778,0.802147239263804,0.823255813953488,0.842105263157895,0.804381846635368,0.00609756097560976,0.817610062893082,0.8125,0,0,0.802232854864434,0,0.450858034321373,0.807692307692308,0.0046583850931677,0.00638977635782748,0.668231611893584,0,0.435126582278481,0.8192,0.273846153846154,0.820846905537459,0.00635930047694754,0.818604651162791,0.183673469387755,0.180404354587869,0.187981510015408,0.806603773584906,0.461783439490446,0.834905660377358,0,0.824534161490683,0.747619047619048,0,0.168503937007874,0.404458598726115,0,0.84375,0.417582417582418,0.2592,0.822804314329738,0.32469512195122,0.821150855365474,0.816455696202532,0,0.618524332810047,0.820634920634921,0.61244019138756,0.821428571428571,0,0.818035426731079,0.192307692307692,0,0.378504672897196,0.665610142630745,0.617224880382775,0,0,0.824644549763033,0.84748427672956,0.351910828025478,0.816614420062696,0.169544740973312,0.809672386895476,0.529225908372828,0.816923076923077,0.317965023847377,0.825,0.824561403508772,0.770800627943485,0.815047021943574,0.179487179487179,0.825471698113208,0.182692307692308,0,0.826366559485531,0.793577981651376,0.827586206896552,0.190697674418605,0,0.823076923076923,0.539452495974235,0.829508196721311,0.818466353677621,0.812792511700468,0.429447852760736,0.816358024691358,0.186413902053712,0.802450229709035,0.185128983308042,0.809294871794872,0.512618296529968,0,0.815873015873016,0,0.790625,0.827044025157233,0.281399046104928,0.821150855365474,0.835403726708075,0.816541353383459,0.8328173374613,0.268867924528302,0.483180428134557,0.817014446227929,0.830097087378641,0.238019169329073,0.182389937106918,0.811912225705329,0.788216560509554,0,0,0.458990536277603,0.0015600624024961,0.835889570552147,0.406441717791411,0.7856,0.736923076923077,0.811728395061728,0.55,0.574102964118565,0.446570972886762,0.76984126984127,0.8032,0.804651162790698,0,0.788401253918495,0.341543513957307,0.815286624203822,0.161442006269592,0.241590214067278,0.61259842519685,0.816037735849057,0.832049306625578,0.84031007751938,0.82015503875969,0.908517350157729,0,0.25,0.790769230769231,0.809904153354633,0,0.826356589147287,0.813353566009105,0.62888198757764,0.586854460093897,0.819620253164557,0.822115384615385,0.492957746478873,0,0.790769230769231,0.6192,0.820846905537459,0.172360248447205,0.830246913580247,0.818181818181818,0.827639751552795,0.863708399366086,0.56656346749226,0.191387559808612,0.839116719242902,0.60625,0.182094081942337,0.168711656441718,0.320126782884311,0.162460567823344,0.316957210776545,0.672782874617737,0.166407465007776,0.181538461538462,0.190251572327044,0.674846625766871,0.217115689381933,0.826498422712934,0.00778816199376947,0.176100628930818,0,0.377777777777778,0.829346092503987,0.828616352201258,0.804043545878694,0,0.8,0.806201550387597,0.724409448818898,0.671339563862928,0.55784469096672,0.5888,0.00623052959501558,0.813990461049285,0.270186335403727,0.728896103896104,0.833597464342314,0.173106646058733,0.748815165876777,0.171296296296296,0.284820031298905,0.824242424242424,0.811290322580645,0.805111821086262,0,0.692068429237947,0.794670846394984,0,0.176651305683564,0.781055900621118,0.814173228346457,0,0.18944099378882,0.173106646058733,0.82258064516129,0.821371610845295,0.178743961352657,0,0.50855365474339,0.826771653543307,0.752704791344668,0.504716981132076,0.712218649517685,0.809891808346213,0.173106646058733,0.818320610687023,0.818471337579618,0.176656151419558,0.838509316770186,0.821939586645469,0.820678513731826,0.838557993730408,0.342105263157895,0.437694704049844,0.439873417721519,0.808544303797468,0.80650406504065,0.0394321766561514,0.426984126984127,0.827044025157233,0.332807570977918,0.461656441717791,0.821981424148607,0.828616352201258,0.827856025039124,0.814873417721519,0.823076923076923,0.4,0.820710973724884,0.826498422712934,0,0.451908396946565,0.611290322580645,0.197115384615385,0.0447530864197531,0.187692307692308,0.794392523364486,0.208722741433022,0.181818181818182,0,0.385093167701863,0.817472698907956,0.238390092879257,0.829821717990275,0.826833073322933,0.818910256410256,0.440438871473354,0.435691318327974,0.859177215189873,0.528548123980424,0,1,0.187981510015408,0.209302325581395,0.362940275650842,0.843450479233227,0.171875,0,0.451010886469673,0.182242990654206,0.192063492063492,0.577223088923557,0.813084112149533,0.412420382165605,0.814935064935065,0.821371610845295,0,0.816265060240964,0.166153846153846,0.815503875968992,1,0.836276083467095,0.190402476780186,0.825688073394495,0.170886075949367,0.794348508634223,0.720706260032103,0.831761006289308,0.835147744945568,0.817472698907956,0.443057722308892,0.849206349206349,0.810852713178295,0.192133131618759,0.196232339089482,0.823151125401929,0.826771653543307,0.462382445141066,0.799058084772371,0.804878048780488,0.844339622641509,0.823529411764706,0,0.271268057784912,0.818604651162791,0.183254344391785,0,0.837282780410742,0.00806451612903226,0.211446740858506,0.824534161490683,0.811912225705329,0.00159744408945687,0.654574132492114,0.550955414012739,0.835443037974684,0.172523961661342,0.77724358974359,0.818325434439178,0.537480063795853,0.66820987654321,0.754358161648177,0,0.332810047095761,0.819488817891374,0.821981424148607,0.569206842923795,0.826833073322933,0.809917355371901,0.209375,0.00159235668789809,0.811819595645412,0.824088748019017,0.824,0.845553822152886,0.193650793650794,0.794258373205742,0.390625,0.333333333333333,0.0062992125984252,0.821371610845295,0.648177496038035,0.665629860031104,0,0.4144,0.811616954474097,0.834905660377358,0.600931677018634,0.245877061469265,0,0,0.81859756097561,0.819165378670788,0,0.789308176100629,0.00636942675159236,0,0,0.82670906200318,0,0.829113924050633,0.718944099378882,0.623277182235835,0.812307692307692,0,0,0.827856025039124,0.813455657492355,0.86286594761171,0.179012345679012,0.00316957210776545,0.784615384615385,0.6625,0.825885978428351,0.607692307692308,0.455399061032864,0,0.834115805946792,0.176282051282051,0.817034700315457,0.25625,0,0.184568835098336,0.287974683544304,0.560897435897436,0.827371695178849,0,0.822458270106222,0.816901408450704,0.821705426356589,0,0.252782193958665,0.803630363036304,0.179936305732484,0.809748427672956,0.82,0.182527301092044,0.820872274143302,0.446511627906977,0.783489096573209,0.176656151419558,0.328025477707006,0.835403726708075,0.00789889415481832,0.179968701095462,0.815100154083205,0.17879746835443,0.775477707006369,0.503125,0,0.270642201834862,0.757575757575758,0.425925925925926,0.809968847352025,0.177115987460815,0.316923076923077,0.596122778675283,0.817619783616692,0.801857585139319,0.847860538827258,0.956730769230769,0,0.846034214618974,0.184615384615385,0.809448818897638,0.518760195758564,0.173047473200613,0.82015503875969,0.829617834394904,0.820919175911252,0.6625,0.817757009345794,0.302884615384615,0.345659163987138,0.79304897314376,0.785826771653543,0,0,0.826645264847512,0.810810810810811,0.195275590551181,0.821484992101106,0.833855799373041,0.519500780031201,0.808441558441558,0.744372990353698,0.770992366412214,0,0.811802232854864,0.463492063492064,0.829383886255924,0.818325434439178,0,0.764516129032258,0.811897106109325,0.182250396196513,0.767628205128205,0.501572327044025,0.858662613981763,0.700315457413249,0.848998459167951,0.243865030674847,0.803514376996805,0.817764165390505,0.824921135646688,0.450819672131148,0.24405705229794,0.827586206896552,0.817764165390505,0.00463678516228748,0.84031007751938,0.564465408805031,0.396166134185303,0.731481481481482,0.827102803738318,0.789308176100629,0.819444444444444,0.141321044546851,0.192616372391653,0,0.830721003134796,0.162679425837321,0.184251968503937,0.422222222222222,0,0.830745341614907,0.828660436137072,0.829153605015674,0.824806201550388,0.248811410459588,0.18025078369906,0,0,0.3328,0.250396196513471,0.321711568938193,0,0.181102362204724,0.821981424148607,0.0771604938271605,0.445669291338583,0.824921135646688,0.662015503875969,0.822530864197531,0.678740157480315,0.661538461538462,0,0.824242424242424,0.519230769230769,0.605015673981191,0.804915514592934,0.823619631901841,0.495283018867925,0.0062402496099844,0.821263482280431,0.836140888208269,0,0.815668202764977,0.189735614307932,0.842276422764228,0.556765163297045,0,0.00628930817610063,0.622331691297209,0.788976377952756,0.184251968503937,0.293929712460064,0.00783699059561128,0.00163398692810458,0.718608169440242,0.197160883280757,0.824959481361426,0.45839874411303,0.821150855365474,0.183514774494557,0.480438184663537,0.471608832807571,0.818619582664527,0.264705882352941,0.184615384615385,0.00310077519379845,0.219047619047619,0,0.830769230769231,0.179936305732484,0.822995461422088,0.179365079365079,0.815112540192926,0,0.593220338983051,0.617554858934169,0.815457413249211,0,0.824961948249619,0,0.521669341894061,0.830792682926829,0,0.680555555555556,0.80824088748019,0.727699530516432,0.818181818181818,0.210526315789474,0,0.81875,0.397129186602871,0,0.724569640062598,0.171253822629969,0.194099378881988,0.825320512820513,0.818181818181818,0.822188449848024,0.809677419354839,0.811410459587956,0,0.834123222748815,0.0201550387596899,0.492283950617284,0.423622047244094,0.822884012539185,0.816074188562597,0.83179012345679,0.82015503875969,0.066358024691358,0.201923076923077,0.813311688311688,0.843558282208589,0.933333333333333,0.8296875,0.813374805598756,0.828438948995363,0,0,0.819940476190476,0,0.227769110764431,0,0.815047021943574,0.413114754098361,0.369774919614148,0.290571870170015,0.825806451612903,0.00155038759689922,0.266141732283465,0.811437403400309,0.822429906542056,0.653061224489796,0.541543026706231,0.395555555555556,0.338414634146341,0.6752,0.171606864274571,0.311248073959938,0.633385335413417,0.444444444444444,0.901081916537867,0.177672955974843,0,0.169544740973312,0.461538461538462,0.817741935483871,0.641185647425897,0.390909090909091,0.840625,0.8015625,0.813953488372093,0.823529411764706,0.818181818181818,0.817749603803486,0.842767295597484,0.623824451410658,0.510172143974961,0.813586097946288,0.18628912071535,0.173312883435583,0.809968847352025,0.00770416024653313,0.81832298136646,0.808049535603715,0,0.280645161290323,0,0.832025117739403,0,0.817472698907956,0.826086956521739,0.176744186046512,0.784251968503937,0.815336463223787,0.667197452229299,0.641744548286604,0.778309409888357,0,0,0.817733990147783,0.796380090497738,0.819466248037677,0,0,0.174121405750799,0.392638036809816,0.630094043887147,0,0.545878693623639,0,0.806656101426308,0.816164817749604,0.304,0.420489296636086,0,0.454838709677419,0.63275039745628,0.799689440993789,0.819571865443425,0.721439749608764,0.188767550702028,0.824921135646688,0.0298273155416013,0.821543408360129,0,0.822358346094946,0.00465116279069767,0.816,0.199052132701422,0.12,0,0,0.806153846153846,0.877221324717286,0.808641975308642,0.73497688751926,0.189681335356601,0.170111287758347,0.75625,0.729230769230769,0,0.184126984126984,0.829457364341085,0,0.814696485623003,0.816614420062696,0.24483306836248,0.0370942812982998,0.166144200626959,0.813559322033898,0.540322580645161,0.262321144674086,0.274193548387097,0.294117647058824,0.831699346405229,0.265243902439024,0.822115384615385,0,0.823809523809524,0.825885978428351,0.00476947535771065,0,0.179640718562874,0,0.198425196850394,0.813169984686064,0.716612377850163,0.180511182108626,0.167721518987342,0.621794871794872,0.810641627543036,0.6078125,0.0385208012326656,0.163987138263666,0.05103668261563,0.0220125786163522,0,0.1776,0.180428134556575,0.182250396196513,0.203732503888025,0.172839506172839,0.0364500792393027,0.0446153846153846,0.189358372456964,0.021875,0.00807754442649435,0.0392464678178964,0.0234009360374415,0.046801872074883,0.191588785046729,0.0247678018575851,0.178282009724473,0.187301587301587,0.0378548895899054,0.176287051482059,0.0400616332819723,0.178461538461538,0.214285714285714,0.194189602446483,0.177672955974843
"353",0.0170278637770898,0.0137825421133231,0.0451807228915663,0.0783699059561129,0.0283018867924528,0.0142405063291139,0.111111111111111,0.0432098765432099,0.0136363636363636,0,0.0108191653786708,0,0.445966514459665,0.0078740157480315,0.948091603053435,0.983257229832572,0,0.00153609831029186,0.0172955974842767,0.0214067278287462,0.850523168908819,0.957547169811321,0.0226928895612708,0,0.0506912442396313,0.74347158218126,0.908242612752722,0.0250391236306729,0.530734632683658,0.317771084337349,0.986526946107784,0.317557251908397,0.23206106870229,0.708018154311649,0,0.00923076923076923,0.00603318250377074,0.0166163141993958,0.755555555555556,0.107033639143731,0,0,0,0.0108864696734059,0.226917057902973,0.97007874015748,0.488584474885845,0.984615384615385,0.544642857142857,0.854572713643178,0,0.0217054263565891,0.746564885496183,0.0151975683890578,0.115740740740741,0.829383886255924,0,0.0386398763523957,0.0606980273141123,0.107575757575758,0.701807228915663,0.553706505295008,0.990668740279938,0,0.103875968992248,0.186830015313936,0,0.0182648401826484,0,0.9875,0.153030303030303,0.98030303030303,0.976816074188563,0.0150829562594268,0,0.294910179640719,0.954954954954955,0.434451219512195,0.116719242902208,0.737012987012987,0,0.292867981790592,0.777117384843982,0.0166666666666667,0.884322678843227,0.0952380952380952,0.0152671755725191,0.0441400304414003,0.0395738203957382,0,0.0232198142414861,0.00921658986175115,0,0,0.0359937402190923,0,0.692537313432836,0.0256797583081571,0,0,0.380733944954128,0,0.727838258164852,0.014018691588785,0.903614457831325,0.0110410094637224,0,0.036144578313253,0.992272024729521,0.983050847457627,0.980213089802131,0.0945736434108527,0.67427701674277,0.0167427701674277,0,0.0290519877675841,0.298299845440495,0,0.987897125567322,0.769828926905132,0,0.237366003062787,0.76036866359447,0.921259842519685,0.0365296803652968,0.852134146341463,0.0178837555886736,0.0122137404580153,0,0.454682779456193,0.0737327188940092,0.510077519379845,0.0185758513931889,0,0.018957345971564,0.966817496229261,0,0.800312012480499,0.370139968895801,0.482059282371295,0,0,0.0373831775700935,0.239197530864198,0.820031298904538,0.0077639751552795,0.978527607361963,0.0902140672782875,0.586259541984733,0.0317220543806647,0.876755070202808,0.0272727272727273,0.00627943485086342,0.160796324655436,0.0152671755725191,0.987673343605547,0.0107692307692308,0.987823439878234,0,0.266153846153846,0.136023916292975,0.0340557275541796,0.968181818181818,0,0.0136363636363636,0.569182389937107,0.0125391849529781,0.010590015128593,0.0105263157894737,0.705089820359281,0.0353302611367127,0.986196319018405,0.0569715142428786,0.989473684210526,0.115444617784711,0.62557781201849,0,0.0337423312883436,0,0.161339421613394,0.0121396054628225,0.869158878504673,0.0335365853658537,0.0668693009118541,0.0237037037037037,0.0406015037593985,0.893292682926829,0.626126126126126,0.0832025117739403,0.0607476635514019,0.932533733133433,0.981762917933131,0.0356037151702786,0.13713405238829,0,0,0.716510903426791,0,0.0134328358208955,0.742770167427702,0.1265625,0.259600614439324,0.0254491017964072,0.572530864197531,0.568181818181818,0.726283048211509,0.0906298003072197,0.0399385560675883,0.13464447806354,0,0.129518072289157,0.834384858044164,0.0683229813664596,0.984615384615385,0.919330289193303,0.460587326120556,0.0373250388802488,0.0346385542168675,0.175572519083969,0.0120663650075415,0.11214953271028,0,0.912037037037037,0.335338345864662,0.0141732283464567,0,0.0198473282442748,0.031437125748503,0.450617283950617,0.460587326120556,0.0247295208655332,0.0126782884310618,0.629402756508423,0,0.112275449101796,0.476043276661515,0.0414012738853503,0.990895295902883,0.0495495495495495,0.0139751552795031,0.0135746606334842,0.0565749235474006,0.474164133738602,0.989096573208723,0.0450310559006211,0.463414634146341,0.980882352941176,0.986607142857143,0.782071097372488,0.987673343605547,0.863636363636364,0.326378539493294,0.986003110419907,0.981623277182236,0.978494623655914,0.403641881638847,0.948678071539658,0.0263975155279503,0,0.989214175654854,0,0.778816199376947,0.014018691588785,0.0336391437308868,0.101823708206687,0,0.137223974763407,0.155455904334828,0.320433436532508,0.399096385542169,0.549923195084485,0.548136645962733,0,0.0109375,0.909638554216867,0.306122448979592,0.0521472392638037,0.975867269984917,0.250381679389313,0.986175115207373,0.868624420401855,0.0134730538922156,0.0064,0.108320251177394,0,0.353658536585366,0.111627906976744,0,0.98936170212766,0.10960960960961,0.034375,0,0.983206106870229,0.986322188449848,0.0294573643410853,0.134375,0.988924050632911,0,0.613846153846154,0.0246913580246914,0.213855421686747,0.610271903323263,0.3375,0.0485584218512898,0.975903614457831,0.0119940029985007,0.0153609831029186,0.984639016897081,0.0408472012102874,0.0123456790123457,0.0379746835443038,0.0151285930408472,0.808477237048666,0.705069124423963,0.729607250755287,0.0378548895899054,0.0636942675159236,0.00303951367781155,0.741486068111455,0.0402476780185759,0.838461538461538,0.699115044247788,0.0166919575113809,0.0183767228177642,0.0460122699386503,0.306122448979592,0.0136157337367625,0.754303599374022,0.046969696969697,0.0139318885448916,0,0.696509863429439,0.459041731066461,0.975535168195719,0.00150602409638554,0.981845688350983,0.100917431192661,0.965671641791045,0.987841945288754,0,0.771472392638037,0.0185758513931889,0.917557251908397,0.0286168521462639,0.0425531914893617,0.0246913580246914,0.724458204334365,0.735433070866142,0.328682170542636,0.535143769968051,0,0.187981510015408,1,0.948872180451128,0.814701378254211,0.0138888888888889,0.986363636363636,0,0.691603053435115,0.981873111782477,0.967136150234742,0.525114155251142,0.0123456790123457,0.719626168224299,0.0144,0.0428134556574924,0,0.0175438596491228,0.984939759036145,0.0150602409638554,0.178082191780822,0.015748031496063,0.984567901234568,0.033033033033033,0.989247311827957,0.133846153846154,0.302652106084243,0.0670731707317073,0.030441400304414,0.0122137404580153,0.726858877086495,0.0451010886469673,0.0106382978723404,0.984848484848485,0.970992366412214,0.0156494522691706,0.00910470409711684,0.682779456193353,0.129179331306991,0.0470957613814757,0.0586466165413534,0.015220700152207,0,0.870662460567823,0.0107858243451464,0.989329268292683,0,0.0490045941807044,0,0.93603744149766,0.0104790419161677,0.0488549618320611,0,0.366718027734977,0.586314152410575,0.0308166409861325,0.990654205607477,0.135514018691589,0.0156494522691706,0.617283950617284,0.397608370702541,0.228043143297381,0,0.848159509202454,0.0408163265306122,0.0108024691358025,0.553869499241275,0.0151975683890578,0.0372771474878444,0.9629057187017,0,0.0303030303030303,0.0153846153846154,0.057542768273717,0.308845577211394,0.984779299847793,0.135464231354642,0.74885145482389,0.814634146341463,0,0.381316998468606,0.404651162790698,0.395488721804511,0,0.71141975308642,0.0967741935483871,0.360778443113772,0.487841945288754,0.905325443786982,0,0,0.0131386861313869,0.0373134328358209,0,0.0871559633027523,0,0,0,0.0138461538461538,0,0.014018691588785,0.229483282674772,0.475187969924812,0.0134328358208955,0,0,0.0181818181818182,0.0439882697947214,0.287022900763359,0.991017964071856,0,0.116766467065868,0.398176291793313,0.0122511485451761,0.471385542168675,0.662557781201849,0,0.0211480362537764,0.988888888888889,0.0573643410852713,0.894245723172628,0,0.988217967599411,0.878315132605304,0.519354838709677,0.0380517503805175,0,0.0583832335329341,0.0314842578710645,0.0106544901065449,0,0.920436817472699,0.0787781350482315,0.990353697749196,0.015015015015015,0.0106060606060606,0.983257229832572,0.00920245398773006,0.722473604826546,0.191358024691358,0.976744186046512,0.842433697347894,0.0440060698027314,0,0.98780487804878,0.0407239819004525,0.979430379746835,0.346456692913386,0.592767295597484,0,0.892911010558069,0.256329113924051,0.750759878419453,0.0398162327718224,0.989197530864197,0.836363636363636,0.551834130781499,0.0630630630630631,0.127245508982036,0.0491551459293395,0.253543307086614,0,0.0256410256410256,0.992435703479576,0.0414746543778802,0.618238021638331,0.98796992481203,0.0136570561456753,0.00933125972006221,0.00925925925925926,0.371165644171779,0.0333839150227618,0.8734375,0.827102803738318,0.0653495440729483,0.119448698315467,0,0,0.0230769230769231,0.0653188180404355,0.975,0.0292758089368259,0.0211800302571861,0.643185298621746,0.0837138508371385,0.277258566978193,0.114457831325301,0,0.0382262996941896,0.666151468315301,0.0123456790123457,0.0122137404580153,0,0.364632237871674,0.0423197492163009,0.98936170212766,0.325038880248834,0.61969696969697,0.206537890044577,0.31937984496124,0.0536512667660209,0.905829596412556,0.0280811232449298,0.0107361963190184,0.0321592649310873,0.699523052464229,0.878971255673222,0.0227963525835866,0.00604229607250755,0,0.226100151745068,0.554380664652568,0.742635658914729,0.229832572298326,0.0106870229007634,0.124223602484472,0.0150829562594268,0.111613876319759,0.987321711568938,0,0.179127725856698,0.984709480122324,0.987730061349693,0.721109399075501,0,0.0229357798165138,0.0891238670694864,0.0169491525423729,0.0209267563527653,0.896875,0.984496124031008,0,0,0.842767295597484,0.933021806853583,0.831546707503829,0,0.986342943854325,0.0121765601217656,0.42814371257485,0.720247295208655,0.0137825421133231,0.401215805471125,0.0432766615146832,0.362951807228916,0.373511904761905,0,0.0147275405007364,0.610169491525424,0.512158054711246,0.0849772382397572,0.0210843373493976,0.628834355828221,0,0.0604651162790698,0.0597014925373134,0,0.0431547619047619,0.973966309341501,0.028391167192429,0.578703703703704,0,0,0.492868462757528,0.166924265842349,0.987897125567322,0.868827160493827,0,0,0.252584933530281,0.972093023255814,0.012924071082391,0.681887366818874,0.0211800302571861,0.986466165413534,0.63013698630137,0.672868217054264,0.131537242472266,0.899053627760252,0.986259541984733,0,0.952160493827161,0,0.0149925037481259,0.802215189873418,0.0341246290801187,0.982839313572543,0.0140845070422535,0,0.492559523809524,0.532507739938081,0.0121951219512195,0,0.0149700598802395,0,0.599683544303797,0.0225903614457831,0,0.340393343419062,0.0325077399380805,0.271604938271605,0.0645161290322581,0.948872180451128,0,0.00917431192660551,0.745736434108527,0,0.312217194570136,0.98955223880597,0.96711509715994,0.0141955835962145,0.0141732283464567,0.0229007633587786,0.0401234567901235,0.0336391437308868,0,0.0368663594470046,0.00151745068285281,0.642105263157895,0.713201820940819,0.016793893129771,0.0168970814132104,0.0179910044977511,0.0212443095599393,0.0337423312883436,0.972179289026275,0.0301109350237718,0.0453172205438066,0.291101055806938,0.0333333333333333,0.0119581464872945,0.0418604651162791,0,0,0.0309278350515464,0,0.920300751879699,0.00155763239875389,0.0524691358024691,0.719492868462758,0.781847133757962,0.882978723404255,0.0815384615384615,0.00153609831029186,0.89209726443769,0.0106870229007634,0.013595166163142,0.373643410852713,0.592972181551977,0.784457478005865,0.814925373134328,0.360123647604328,0.989345509893455,0.877272727272727,0.4546875,0.748091603053435,0.296969696969697,0.979969183359014,0,0.984591679506934,0.669811320754717,0.0110935023771791,0.368501529051988,0.787923416789396,0.377300613496933,0.13464447806354,0.0254491017964072,0.0500782472613459,0.0280811232449298,0.0140845070422535,0.0140625,0.451908396946565,0.591463414634146,0.0153139356814701,0.985185185185185,0.980538922155689,0.136503067484663,0,0.0121951219512195,0.0363086232980333,0,0.888364779874214,0,0.0629800307219662,0,0.0287878787878788,0.014018691588785,0.983206106870229,0.167434715821813,0.00904977375565611,0.342723004694836,0.369465648854962,0.118380062305296,0,0,0.0782747603833866,0.0685131195335277,0.0226586102719033,0,0,0.984301412872841,0.774289985052317,0.504601226993865,0,0.551987767584098,0,0.0825545171339564,0.0123456790123457,0.810641627543036,0.758358662613982,0,0.665625,0.415781487101669,0.156060606060606,0.0471841704718417,0.223241590214067,0.989296636085627,0.028169014084507,0.0942812982998454,0.0158227848101266,0,0.0358744394618834,0,0.0125,0.9671875,0.615146831530139,0,0,0.178247734138973,0.0684713375796178,0.06797583081571,0.297014925373134,0.964391691394659,0.98116169544741,0.187786259541985,0.174174174174174,0,0.972560975609756,0.0443425076452599,0,0.0280373831775701,0.0542986425339367,0.926040061633282,0.00153609831029186,0.983206106870229,0.0120300751879699,0.536547433903577,0.911987860394537,0.886792452830189,0.880551301684533,0.316957210776545,0.896969696969697,0.0154320987654321,0,0.253799392097264,0.0255255255255255,0,0,0.986861313868613,0,0.986046511627907,0.0151975683890578,0.28816199376947,0.990697674418605,0.989247311827957,0.462132921174652,0.0546021840873635,0.555219364599092,0.00151745068285281,0.985736925515055,0.0482115085536547,0.00916030534351145,0,0.801232665639445,0.983679525222552,0.984496124031008,0.973214285714286,0.989473684210526,0.00156985871271586,0.00301204819277108,0.974085365853659,0.00610687022900763,0.00313479623824451,0.0273972602739726,0.00604229607250755,0.00302571860816944,0.981651376146789,0.0136157337367625,0.990521327014218,0.987823439878234,0.00155038759689922,0.981481481481482,0.0496240601503759,0.98613251155624,0.906441717791411,0.985250737463127,0.987730061349693
"354",0.0404984423676012,0.0401234567901235,0.0709969788519638,0.100313479623824,0.0605095541401274,0.0403877221324717,0.129829984544049,0.0666666666666667,0.042042042042042,0,0.0351145038167939,0,0.452599388379205,0.035548686244204,0.923664122137405,0.95405819295559,0,0.00154798761609907,0.0379746835443038,0.0486322188449848,0.820121951219512,0.940717628705148,0.0484848484848485,0,0.0779816513761468,0.753894080996885,0.859111791730475,0.043956043956044,0.53984962406015,0.329341317365269,0.962462462462462,0.339969372128637,0.266666666666667,0.701219512195122,0,0.0383435582822086,0.00302114803625378,0.0458015267175573,0.738304093567251,0.13984962406015,0,0,0,0.0388198757763975,0.247191011235955,0.950233281493002,0.50392464678179,0.970633693972179,0.54962962962963,0.847988077496274,0,0.0477657935285054,0.73159509202454,0.0340030911901082,0.138198757763975,0.83695652173913,0,0.0685358255451713,0.0743550834597876,0.136157337367625,0.69218989280245,0.575572519083969,0.9578125,0,0.135860979462875,0.207890743550835,0,0.0404984423676012,0,0.966929133858268,0.158850226928896,0.953101361573374,0.953846153846154,0.0391566265060241,0,0.317073170731707,0.933534743202417,0.445966514459665,0.1287284144427,0.752845528455285,0,0.321699544764795,0.792424242424242,0.0346907993966818,0.850609756097561,0.1236802413273,0.0417310664605873,0.0702290076335878,0.0656488549618321,0,0.0522151898734177,0.0352760736196319,0,0,0.0664605873261206,0,0.672782874617737,0.0605143721633888,0,0,0.389312977099237,0,0.703416149068323,0.0371517027863777,0.866165413533835,0.0446570972886762,0,0.0590062111801242,0.961656441717791,0.961240310077519,0.947368421052632,0.111801242236025,0.689127105666156,0.0511627906976744,0,0.0547945205479452,0.331782945736434,0,0.968229954614221,0.770864946889226,0,0.266355140186916,0.739197530864197,0.904238618524333,0.0591805766312595,0.823975720789074,0.0405405405405405,0.0444104134762634,0,0.461890243902439,0.0995334370139969,0.513260530421217,0.0494590417310665,0,0.0359375,1,0,0.783950617283951,0.390432098765432,0.490506329113924,0,0,0.0563165905631659,0.269938650306748,0.82472613458529,0.0294573643410853,0.954898911353033,0.106870229007634,0.611374407582938,0.0597907324364723,0.840694006309148,0.052790346907994,0.0296875,0.210445468509985,0.043343653250774,0.957278481012658,0.0393343419062027,0.958588957055215,0,0.268633540372671,0.15187969924812,0.0564024390243902,0.945454545454545,0,0.0410958904109589,0.583596214511041,0.0410742496050553,0.0366412213740458,0.0257966616084977,0.692307692307692,0.0577507598784195,0.961240310077519,0.088145896656535,0.965568862275449,0.134585289514867,0.639269406392694,0,0.0602782071097372,0,0.197530864197531,0.0381679389312977,0.858934169278997,0.0617283950617284,0.0769230769230769,0.0482456140350877,0.0640243902439024,0.88030303030303,0.652373660030628,0.107424960505529,0.0979462875197472,0.924846625766871,0.961715160796325,0.0644654088050314,0.155145929339478,0,0,0.697063369397218,0,0.0419790104947526,0.760180995475113,0.142857142857143,0.294207317073171,0.0465465465465465,0.574730354391371,0.567484662576687,0.709828393135725,0.12111801242236,0.0744186046511628,0.150684931506849,0,0.141768292682927,0.807017543859649,0.0933125972006221,0.956656346749226,0.920489296636086,0.473846153846154,0.0643185298621746,0.0515151515151515,0.208012326656394,0.0416666666666667,0.146604938271605,0,0.913978494623656,0.354198473282443,0.0423197492163009,0,0.0454545454545455,0.0618401206636501,0.45679012345679,0.478593272171254,0.0527950310559006,0.0425196850393701,0.620845921450151,0,0.138763197586727,0.491551459293395,0.0652866242038217,0.964831804281346,0.0765765765765766,0.0406885758998435,0.0411585365853659,0.0923317683881064,0.497716894977169,0.963779527559055,0.0656488549618321,0.470319634703196,0.959940652818991,0.959641255605381,0.829721362229102,0.96,0.831210191082803,0.350824587706147,0.962616822429907,0.960183767228178,0.954268292682927,0.427927927927928,0.921507064364207,0.0598425196850394,0,0.959438377535101,0,0.757716049382716,0.0401234567901235,0.049079754601227,0.125,0,0.163522012578616,0.169184290030211,0.346687211093991,0.421779141104294,0.565149136577708,0.538221528861154,0,0.0373250388802488,0.877086494688923,0.330112721417069,0.0744186046511628,0.953101361573374,0.275272161741835,0.961059190031153,0.870229007633588,0.0342261904761905,0.0343213728549142,0.128325508607199,0,0.365443425076453,0.134883720930233,0,0.95852534562212,0.12630014858841,0.0543478260869565,0,0.964939024390244,0.95852534562212,0.0635658914728682,0.147335423197492,0.965189873417722,0,0.599688473520249,0.0516431924882629,0.247761194029851,0.638719512195122,0.366043613707165,0.0695915279878971,0.957186544342508,0.0422322775263952,0.0365853658536585,0.955177743431221,0.0701219512195122,0.0417310664605873,0.0742496050552923,0.0336391437308868,0.822804314329738,0.694864048338369,0.71141975308642,0.0639625585023401,0.0841269841269841,0.00302114803625378,0.742283950617284,0.0693374422187981,0.839506172839506,0.698365527488856,0.0444104134762634,0.0435458786936236,0.0691244239631336,0.323390894819466,0.039039039039039,0.7484375,0.0715372907153729,0.0388198757763975,0,0.682442748091603,0.460567823343849,0.955038759689922,0.00304878048780488,0.956586826347305,0.129969418960245,0.943768996960486,0.963746223564955,0,0.77845220030349,0.0464396284829721,0.888024883359253,0.057784911717496,0.0664605873261206,0.0603715170278638,0.694444444444444,0.6953125,0.359133126934985,0.569157392686804,0,0.209302325581395,0.948872180451128,1,0.791090629800307,0.0354938271604938,0.963414634146341,0,0.677321156773212,0.95475113122172,0.942812982998454,0.547692307692308,0.0382262996941896,0.729230769230769,0.0432,0.0695517774343122,0,0.0471281296023564,0.959090909090909,0.0344827586206897,0.209800918836141,0.0408163265306122,0.95046439628483,0.0669710806697108,0.961597542242704,0.16,0.33489827856025,0.0935143288084465,0.0519083969465649,0.0341085271317829,0.707055214723926,0.0719754977029096,0.0408472012102874,0.96577380952381,0.950844854070661,0.0425867507886435,0.0380517503805175,0.698924731182796,0.155487804878049,0.0715421303656598,0.086286594761171,0.0395738203957382,0,0.916271721958926,0.0384615384615385,0.959438377535101,0,0.0692913385826772,0,0.937597503900156,0.0414110429447853,0.0698757763975155,0,0.378504672897196,0.601880877742947,0.0619195046439628,0.955696202531646,0.177952755905512,0.0378548895899054,0.630434782608696,0.416539050535988,0.253086419753086,0,0.82398753894081,0.0565149136577708,0.0417310664605873,0.567732115677321,0.0332829046898638,0.0648298217179903,0.953488372093023,0,0.0534351145038168,0.0431432973805855,0.0885496183206107,0.340943683409437,0.958139534883721,0.159126365054602,0.75,0.778861788617886,0,0.405023547880691,0.406201550387597,0.407294832826748,0,0.744582043343653,0.117829457364341,0.391304347826087,0.506912442396313,0.971935007385524,0,0,0.0323529411764706,0.0665658093797277,0,0.113178294573643,0,0,0,0.0391849529780564,0,0.0438871473354232,0.245723172628305,0.480421686746988,0.0393343419062027,0,0,0.0533536585365854,0.0792227204783259,0.308623298033283,0.968562874251497,0,0.127496159754224,0.408194233687405,0.0381679389312977,0.487101669195751,0.689708141321045,0,0.0506912442396313,0.95800933125972,0.0778816199376947,0.909230769230769,0,0.955357142857143,0.858695652173913,0.521809369951535,0.0611620795107034,0,0.0855855855855856,0.0566615620214395,0.0378787878787879,0,0.9125,0.103225806451613,0.9744,0.0388059701492537,0.0349013657056146,0.959152798789713,0.0413476263399694,0.69969512195122,0.223744292237443,0.97984496124031,0.810047095761381,0.0832049306625578,0,0.96583850931677,0.0649546827794562,0.963893249607535,0.376744186046512,0.612903225806452,0,0.874617737003058,0.295774647887324,0.736681887366819,0.0682852807283763,0.955315870570108,0.840909090909091,0.559677419354839,0.0901033973412112,0.141779788838612,0.0681114551083591,0.289308176100629,0,0.0591805766312595,0.965361445783133,0.0790697674418605,0.59775641025641,0.968562874251497,0.0392749244712991,0.0369230769230769,0.0294573643410853,0.390965732087227,0.0496240601503759,0.838461538461538,0.803405572755418,0.088855421686747,0.143950995405819,0,0,0.0461538461538462,0.0961538461538462,0.95,0.0552147239263804,0.0488549618320611,0.638167938931298,0.10355486862442,0.28816199376947,0.129323308270677,0,0.0602782071097372,0.633647798742138,0.0356589147286822,0.0414110429447853,0,0.377916018662519,0.0595611285266458,0.959627329192547,0.346938775510204,0.634294385432473,0.241481481481481,0.363636363636364,0.082962962962963,0.901785714285714,0.0481366459627329,0.0415384615384615,0.0564024390243902,0.67981072555205,0.859567901234568,0.0516717325227964,0.0406626506024096,0,0.243827160493827,0.544478527607362,0.74,0.264437689969605,0.0398162327718224,0.155251141552511,0.0412844036697248,0.112121212121212,0.958664546899841,0,0.21141975308642,0.953198127925117,0.960061443932412,0.743511450381679,0,0.0520673813169985,0.122511485451761,0.0382848392036753,0.0424242424242424,0.907834101382488,0.953632148377125,0,0,0.817749603803486,0.89938080495356,0.849144634525661,0,0.961715160796325,0.0350076103500761,0.406296851574213,0.683969465648855,0.0389408099688473,0.417177914110429,0.0612557427258806,0.38855421686747,0.399696048632219,0,0.0384615384615385,0.611455108359133,0.518633540372671,0.106707317073171,0.0515151515151515,0.609494640122512,0,0.0874233128834356,0.0801815431164902,0,0.0711043872919818,0.94969512195122,0.0493630573248408,0.562874251497006,0,0,0.498412698412698,0.205246913580247,0.961948249619482,0.855345911949686,0,0,0.261834319526627,0.947040498442368,0.0354838709677419,0.706948640483384,0.0487062404870624,0.955927051671733,0.612557427258805,0.672926447574335,0.163779527559055,0.872813990461049,0.958333333333333,0,0.935534591194969,0,0.0488888888888889,0.775351014040562,0.0635155096011817,0.956454121306376,0.0374414976599064,0,0.502262443438914,0.551401869158878,0.0354391371340524,0,0.0403587443946188,0,0.634069400630915,0.0393939393939394,0,0.346969696969697,0.0569230769230769,0.280864197530864,0.0824261275272162,0.945371775417299,0,0.0365853658536585,0.741140215716487,0,0.335375191424196,0.961538461538462,0.942249240121581,0.0408163265306122,0.0376175548589342,0.0422960725075529,0.0678233438485804,0.0573643410852713,0,0.0684931506849315,0,0.629349470499244,0.727963525835866,0.0412844036697248,0.0491551459293395,0.046969696969697,0.0434782608695652,0.0321100917431193,0.957943925233645,0.055379746835443,0.0785498489425982,0.313161875945537,0.0544629349470499,0.0346907993966818,0.06,0,0,0.0621301775147929,0,0.914893617021277,0,0.0863636363636364,0.730407523510972,0.779503105590062,0.864381520119225,0.113354037267081,0.0015527950310559,0.874617737003058,0.0408472012102874,0.0354391371340524,0.397865853658537,0.591381872213967,0.782032400589102,0.813353566009105,0.373817034700315,0.959876543209877,0.860681114551084,0.465437788018433,0.753067484662577,0.32579185520362,0.957251908396947,0,0.953125,0.650943396226415,0.0397456279809221,0.362654320987654,0.76,0.401234567901235,0.156060606060606,0.0496987951807229,0.0784,0.0501567398119122,0.0385232744783307,0.0359937402190923,0.478527607361963,0.623853211009174,0.0357142857142857,0.95900439238653,0.961019490254873,0.154434250764526,0,0.0422322775263952,0.0682852807283763,0,0.86053882725832,0,0.0928792569659443,0,0.0559757942511346,0.0382848392036753,0.954887218045113,0.194053208137715,0.0350609756097561,0.358934169278997,0.396656534954407,0.141965678627145,0,0,0.109854604200323,0.085419734904271,0.0490045941807044,0,0,0.96031746031746,0.769924812030075,0.504615384615385,0,0.56055900621118,0,0.108661417322835,0.0370942812982998,0.797822706065319,0.76103500761035,0,0.688372093023256,0.447040498442368,0.176744186046512,0.0668693009118541,0.254573170731707,0.961360123647604,0.0555555555555556,0.081377151799687,0.0324574961360124,0,0.0539730134932534,0,0.0344827586206897,0.953632148377125,0.588697017268446,0,0,0.207373271889401,0.109004739336493,0.0844645550527904,0.308510638297872,0.941877794336811,0.953775038520801,0.180834621329212,0.205128205128205,0,0.961300309597523,0.0643185298621746,0,0.0542264752791069,0.0759878419452888,0.903875968992248,0,0.959876543209877,0.0361990950226244,0.571205007824726,0.916413373860182,0.902555910543131,0.870229007633588,0.328100470957614,0.875379939209726,0.0432098765432099,0,0.267801857585139,0.0509745127436282,0,0,0.96274217585693,0,0.960365853658537,0.0367534456355283,0.305511811023622,0.961059190031153,0.967238689547582,0.465007776049767,0.0703125,0.575572519083969,0,0.958333333333333,0.0444444444444444,0.00924499229583975,0,0.778649921507064,0.959028831562974,0.9629057187017,0.943854324734446,0.957957957957958,0.00154798761609907,0,0.948328267477204,0.00615384615384615,0.00318471337579618,0.0217054263565891,0.00457317073170732,0,0.963133640552995,0.0121951219512195,0.967897271268058,0.954616588419405,0.00156494522691706,0.959501557632399,0.0466165413533835,0.963581183611533,0.877300613496933,0.961251862891207,0.958652373660031
"355",0.194928684627575,0.203416149068323,0.224427480916031,0.255150554675119,0.206022187004754,0.199044585987261,0.3046875,0.227769110764431,0.192424242424242,0,0.19620253164557,0,0.542056074766355,0.1875,0.789719626168224,0.808936825885978,0,0.00313971742543171,0.209048361934477,0.207430340557276,0.855365474339036,0.797427652733119,0.209800918836141,0,0.239567233384853,0.70404984423676,0.7921875,0.207278481012658,0.669218989280245,0.47926267281106,0.803379416282642,0.504658385093168,0.407582938388626,0.669278996865204,0,0.186813186813187,0.010752688172043,0.19047619047619,0.921013412816691,0.280487804878049,0,0.00152439024390244,0,0.19175911251981,0.416932907348243,0.816901408450704,0.582677165354331,0.789638932496075,0.63013698630137,0.767371601208459,0,0.204018547140649,0.784496124031008,0.19435736677116,0.304012345679012,0.788309636650869,0,0.209448818897638,0.232771822358346,0.30381679389313,0.684129429892142,0.670229007633588,0.80811232449298,0,0.294488188976378,0.370716510903427,0,0.199372056514914,0,0.800314465408805,0.289393939393939,0.802163833075734,0.814814814814815,0.197549770290965,0,0.483870967741935,0.81859756097561,0.516819571865443,0.305511811023622,0.740196078431373,0,0.481651376146789,0.727549467275495,0.193984962406015,0.78680981595092,0.291158536585366,0.187786259541985,0.21969696969697,0.219135802469136,0,0.205329153605016,0.1875,0,0,0.214170692431562,0,0.791344667697063,0.210526315789474,0,0,0.565084226646248,0,0.9258114374034,0.184663536776213,0.909090909090909,0.199052132701422,0,0.225196850393701,0.816037735849057,0.812792511700468,0.818740399385561,0.28006329113924,0.69922480620155,0.205882352941176,0,0.210769230769231,0.481203007518797,0,0.808936825885978,0.724247226624406,0,0.406885758998435,0.873831775700935,0.794303797468354,0.215926493108729,0.756838905775076,0.190184049079755,0.198776758409786,0,0.621913580246914,0.259375,0.59748427672956,0.210608424336973,0,0.198412698412698,0.798780487804878,0,0.870662460567823,0.493827160493827,0.640378548895899,0,0,0.215503875968992,0.41640866873065,0.749221183800623,0.19435736677116,0.809006211180124,0.265842349304482,0.638668779714738,0.208841463414634,0.907643312101911,0.201538461538462,0.202852614896989,0.319938176197836,0.188650306748466,0.789137380191693,0.1921875,0.798425196850394,0,0.433489827856025,0.342507645259939,0.206201550387597,0.800307219662058,0,0.189522342064715,0.633333333333333,0.1957928802589,0.198748043818466,0.195652173913043,0.672727272727273,0.223420647149461,0.804953560371517,0.242009132420091,0.800599700149925,0.29595015576324,0.662100456621005,0,0.21183800623053,0,0.324451410658307,0.202743902439024,0.776049766718507,0.213089802130898,0.25114854517611,0.203007518796992,0.221362229102167,0.816901408450704,0.671232876712329,0.277864992150706,0.264475743348983,0.828173374613003,0.811145510835913,0.220125786163522,0.322033898305085,0,0,0.82601880877743,0,0.199386503067485,0.738601823708207,0.319182389937107,0.402714932126697,0.208523592085236,0.713607594936709,0.629860031104199,0.83015873015873,0.264240506329114,0.215288611544462,0.313755795981453,0,0.320061255742726,0.910969793322735,0.240944881889764,0.81733746130031,0.776435045317221,0.62596599690881,0.209627329192547,0.216867469879518,0.356481481481481,0.198170731707317,0.314553990610329,0,0.787037037037037,0.496194824961948,0.214173228346457,0,0.195685670261941,0.216741405082212,0.616822429906542,0.529320987654321,0.20625,0.193910256410256,0.755520504731861,0,0.296969696969697,0.606201550387597,0.218009478672986,0.813169984686064,0.226586102719033,0.192733017377567,0.194444444444444,0.244479495268139,0.563076923076923,0.808709175738725,0.225196850393701,0.557098765432099,0.807866868381241,0.789712556732224,0.71496062992126,0.790123456790123,0.870662460567823,0.509833585476551,0.798425196850394,0.805855161787365,0.80248833592535,0.593323216995448,0.79140127388535,0.216510903426791,0,0.788819875776398,0,0.826224328593997,0.197767145135566,0.21978021978022,0.277519379844961,0,0.337641357027464,0.327769347496206,0.495283018867925,0.565950920245399,0.606201550387597,0.591836734693878,0,0.183641975308642,0.888198757763975,0.508064516129032,0.233644859813084,0.819722650231125,0.434169278996865,0.807153965785381,0.815668202764977,0.202143950995406,0.203252032520325,0.297169811320755,0,0.526073619631902,0.298904538341158,0,0.80030487804878,0.301515151515152,0.217527386541471,0,0.812121212121212,0.816232771822358,0.231496062992126,0.322222222222222,0.804761904761905,0,0.760736196319018,0.195652173913043,0.420180722891566,0.671779141104294,0.509433962264151,0.238828967642527,0.809006211180124,0.193893129770992,0.197852760736196,0.796267496111975,0.215384615384615,0.203076923076923,0.221698113207547,0.188271604938272,0.746894409937888,0.756880733944954,0.836890243902439,0.221350078492936,0.232633279483037,0.00918836140888208,0.730708661417323,0.226356589147287,0.75,0.727963525835866,0.2046875,0.201248049921997,0.231839258114374,0.484177215189873,0.180152671755725,0.726698262243286,0.238759689922481,0.187993680884676,0,0.754601226993865,0.628705148205928,0.803680981595092,0.0108864696734059,0.802431610942249,0.250386398763524,0.796380090497738,0.809672386895476,0,0.73959938366718,0.206471494607088,0.786153846153846,0.206070287539936,0.237048665620094,0.206201550387597,0.831496062992126,0.830940988835726,0.458528951486698,0.601941747572815,0,0.362940275650842,0.814701378254211,0.791090629800307,1,0.197784810126582,0.81733746130031,0,0.759316770186335,0.783410138248848,0.823712948517941,0.609642301710731,0.198757763975155,0.749606299212598,0.193548387096774,0.2109375,0,0.203513909224012,0.799691833590139,0.197568389057751,0.359447004608295,0.202211690363349,0.808282208588957,0.220700152207002,0.801538461538462,0.298761609907121,0.4656,0.249240121580547,0.2217125382263,0.194401244167963,0.837962962962963,0.227629513343799,0.199088145896657,0.792944785276074,0.812403100775194,0.183098591549296,0.202492211838006,0.707241910631741,0.285276073619632,0.222402597402597,0.228878648233487,0.197836166924266,0,0.784440842787682,0.180428134556575,0.820031298904538,0,0.233333333333333,0,0.801251956181534,0.193939393939394,0.223241590214067,0,0.550156739811912,0.621875,0.217806041335453,0.806451612903226,0.287735849056604,0.205087440381558,0.704510108864697,0.560862865947612,0.39622641509434,0,0.917316692667707,0.215873015873016,0.199381761978362,0.61875,0.194744976816074,0.215460526315789,0.810264385692068,0,0.209480122324159,0.192846034214619,0.238390092879257,0.448328267477204,0.814580031695721,0.327044025157233,0.731895223420647,0.804560260586319,0,0.505460218408736,0.545595054095827,0.519201228878648,0,0.7216,0.273700305810398,0.483568075117371,0.592024539877301,0.791356184798808,0,0,0.18452380952381,0.213855421686747,0,0.269470404984424,0,0,0,0.192546583850932,0,0.213592233009709,0.419548872180451,0.638036809815951,0.18910741301059,0,0,0.19375,0.231578947368421,0.450076804915515,0.805471124620061,0,0.306278713629403,0.572078907435508,0.197549770290965,0.549317147192716,0.689763779527559,0,0.213636363636364,0.80564263322884,0.244897959183673,0.796267496111975,0,0.805722891566265,0.781789638932496,0.590032154340836,0.21183800623053,0,0.245053272450533,0.22015503875969,0.190108191653787,0,0.807210031347962,0.237232289950577,0.811688311688312,0.186363636363636,0.193009118541033,0.814132104454685,0.188073394495413,0.83125,0.382126348228043,0.800940438871473,0.887640449438202,0.218989280245023,0,0.801857585139319,0.215596330275229,0.812199036918138,0.528481012658228,0.639240506329114,0,0.829493087557604,0.415605095541401,0.855828220858896,0.209302325581395,0.807751937984496,0.774691358024691,0.585326953748006,0.244309559939302,0.304545454545455,0.230769230769231,0.409888357256778,0,0.217457886676876,0.796992481203007,0.216383307573416,0.7632,0.813636363636364,0.193302891933029,0.198748043818466,0.187004754358162,0.488372093023256,0.207055214723926,0.892575039494471,0.917573872472784,0.253943217665615,0.309119010819165,0,0,0.205087440381558,0.25,0.808411214953271,0.223950233281493,0.204651162790698,0.781733746130031,0.264475743348983,0.454545454545455,0.309230769230769,0,0.235478806907378,0.782608695652174,0.196232339089482,0.193798449612403,0,0.514866979655712,0.2265625,0.803738317757009,0.47723704866562,0.653905053598775,0.362686567164179,0.474522292993631,0.237442922374429,0.76969696969697,0.20414673046252,0.196646341463415,0.217054263565891,0.807936507936508,0.814814814814815,0.195685670261941,0.196646341463415,0,0.40273556231003,0.624233128834356,0.74294670846395,0.418960244648318,0.206896551724138,0.274143302180685,0.200927357032458,0.148484848484848,0.810289389067524,0,0.3671875,0.813084112149533,0.802816901408451,0.75077399380805,0,0.203416149068323,0.268025078369906,0.198170731707317,0.197836166924266,0.781055900621118,0.805295950155763,0,0,0.923566878980892,0.795631825273011,0.784375,0,0.804012345679012,0.193251533742331,0.349768875192604,0.815503875968992,0.206624605678233,0.586687306501548,0.23015873015873,0.50920245398773,0.517964071856287,0,0.188253012048193,0.749211356466877,0.661417322834646,0.283559577677225,0.208206686930091,0.718027734976888,0,0.252321981424149,0.251524390243902,0,0.22154779969651,0.806201550387597,0.201923076923077,0.616207951070336,0,0,0.659016393442623,0.371248025276461,0.806201550387597,0.823161189358372,0,0,0.467862481315396,0.801261829652997,0.191082802547771,0.718844984802432,0.194570135746606,0.802752293577982,0.626543209876543,0.673501577287066,0.339652448657188,0.77831715210356,0.806153846153846,0,0.783699059561129,0,0.210606060606061,0.697784810126582,0.212481426448737,0.800632911392405,0.197492163009404,0,0.564220183486238,0.653250773993808,0.191222570532915,0,0.193645990922844,0,0.658805031446541,0.218654434250765,0,0.520610687022901,0.214285714285714,0.424336973478939,0.256778309409888,0.817629179331307,0,0.191522762951334,0.745709828393136,0,0.501519756838906,0.806646525679758,0.806697108066971,0.198425196850394,0.196261682242991,0.197014925373134,0.20846394984326,0.222919937205651,0,0.220657276995305,0,0.773006134969325,0.731366459627329,0.199095022624434,0.201248049921997,0.213960546282246,0.203076923076923,0.0387596899224806,0.816640986132512,0.206785137318255,0.23583460949464,0.441400304414003,0.217522658610272,0.194486983154671,0.23206106870229,0,0,0.21021021021021,0,0.790769230769231,0.00156494522691706,0.230407523510972,0.729166666666667,0.74488188976378,0.823170731707317,0.252730109204368,0,0.933539412673879,0.191717791411043,0.196899224806202,0.528125,0.726067746686303,0.734121122599705,0.786786786786787,0.471786833855799,0.799093655589124,0.75531914893617,0.621745788667688,0.714506172839506,0.448540706605223,0.797488226059655,0,0.800314465408805,0.78783151326053,0.2048,0.544600938967136,0.936936936936937,0.508448540706605,0.337386018237082,0.192955589586524,0.236421725239617,0.209856915739269,0.1984375,0.2015625,0.566302652106084,0.635384615384615,0.203732503888025,0.804477611940299,0.80688622754491,0.333333333333333,0,0.195751138088012,0.215267175572519,0,0.79140127388535,0,0.24031007751938,0,0.225460122699387,0.18944099378882,0.814814814814815,0.336434108527132,0.195121951219512,0.530421216848674,0.544186046511628,0.307931570762053,0,0,0.262987012987013,0.257142857142857,0.208523592085236,0,0,0.794303797468354,0.742725880551302,0.580495356037152,0,0.640866873065015,0,0.263157894736842,0.188589540412044,0.77984496124031,0.715582450832073,0,0.703470031545741,0.509259259259259,0.313664596273292,0.236722306525038,0.426380368098159,0.813479623824451,0.207062600321027,0.0837209302325581,0.197115384615385,0,0.207518796992481,0,0.1984375,0.806299212598425,0.522222222222222,0,0,0.358139534883721,0.258320126782884,0.244274809160305,0.4375,0.813253012048193,0.797147385103011,0.315047021943574,0.324283559577677,0,0.806853582554517,0.220820189274448,0,0.20820189274448,0.251920122887865,0.801223241590214,0.00773993808049536,0.794753086419753,0.200305810397554,0.601587301587302,0.783489096573209,0.77373417721519,0.808411214953271,0.468553459119497,0.768996960486322,0.191950464396285,0,0.423197492163009,0.2,0,0,0.806596701649175,0,0.803767660910518,0.208269525267994,0.470873786407767,0.796529968454259,0.807210031347962,0.628164556962025,0.236476043276662,0.668721109399075,0.010752688172043,0.809220985691574,0.0557324840764331,0.0123647604327666,0,0.682098765432099,0.79607250755287,0.80952380952381,0.808868501529052,0.816640986132512,0.00625978090766823,0.0124031007751938,0.794753086419753,0.0125588697017268,0.00476947535771065,0.031201248049922,0.0138248847926267,0.00920245398773006,0.812018489984592,0.021671826625387,0.8016,0.811912225705329,0.00794912559618442,0.811232449297972,0.0562310030395137,0.806501547987616,0.764341085271318,0.812312312312312,0.802180685358255
"356",0.99670510708402,1,0.971742543171115,0.929260450160772,0.985553772070626,1,0.888529886914378,0.971608832807571,1,0,1,0,0.568690095846645,1,0.0443037974683544,0.00158730158730159,0,0.0126582278481013,0.998360655737705,0.985781990521327,0.149606299212598,0.0337620578778135,0.990551181102362,0,0.958990536277603,0.249190938511327,0.103392568659128,0.991935483870968,0.46801872074883,0.691943127962085,0,0.6848,0.762520193861066,0.293929712460064,0,1,0.0207667731629393,0.993680884676145,0.249614791987673,0.906103286384977,0.00161812297734628,0.0143312101910828,0.0063391442155309,1,0.776490066225166,0.0212418300653595,0.518225039619651,0,0.461180124223602,0.122291021671827,0,0.9936,0.259141494435612,1,0.880382775119617,0.16366612111293,0,0.97557003257329,0.959119496855346,0.897476340694006,0.3008,0.43730407523511,0,0,0.894736842105263,0.831746031746032,0,0.99203821656051,0,0,0.865625,0.00792393026941363,0.0142405063291139,1,0,0.703703703703704,0.0470219435736677,0.585023400936037,0.888888888888889,0.250841750841751,0,0.700626959247649,0.207165109034268,0.998420221169036,0.10223642172524,0.909379968203498,0.995260663507109,0.966824644549763,0.974882260596546,0.0124223602484472,0.98694942903752,1,0,0,0.973941368078176,0,0.27742946708464,0.979397781299525,0.00943396226415094,0.0095389507154213,0.635048231511254,0,0.276422764227642,1,0.100308641975309,1,0.00956937799043062,0.976076555023923,0,0.00792393026941363,0.00793650793650794,0.903536977491961,0.318979266347687,0.992050874403816,0,0.987361769352291,0.707865168539326,0,0,0.224719101123595,0,0.760450160771704,0.248826291079812,0.072013093289689,0.980861244019139,0.1456,0.996894409937888,0.996779388083736,0,0.556618819776715,0.937799043062201,0.493485342019544,0.993431855500821,0,0.9936,0.021671826625387,0,0.199680511182109,0.64,0.52520325203252,0,0,0.977812995245642,0.765451664025357,0.162640901771337,1,0.00470219435736677,0.921630094043887,0.406862745098039,0.979750778816199,0.124794745484401,0.984,1,0.844339622641509,0.995356037151703,0,1,0,0,0.746794871794872,0.862229102167183,0.982866043613707,0.0171073094867807,0,1,0.454695222405272,1,1,1,0.3,0.976452119309262,0.00159489633173844,0.948916408668731,0,0.891935483870968,0.366666666666667,0,0.984101748807631,0,0.843450479233227,1,0.111831442463533,0.984126984126984,0.949921752738654,0.990783410138249,0.976340694006309,0.0906200317965024,0.375389408099688,0.937908496732026,0.942028985507246,0.0478468899521531,0.00314465408805031,0.977272727272727,0.859223300970874,0,0,0.296474358974359,0.00158478605388273,1,0.25625,0.874799357945425,0.746434231378764,0.989096573208723,0.44189852700491,0.433753943217666,0.278219395866455,0.915470494417863,0.9632,0.864779874213837,0,0.890127388535032,0.171617161716172,0.952681388012618,0,0.0652866242038217,0.542673107890499,0.975806451612903,0.976923076923077,0.82484076433121,0.998397435897436,0.896389324960754,0,0.0697305863708399,0.664050235478807,0.995137763371151,0,0.992248062015504,0.979969183359014,0.559618441971383,0.543581616481775,0.990384615384615,1,0.354471544715447,0,0.881703470031546,0.511290322580645,0.970540098199673,0,0.968602825745683,0.998392282958199,1,0.952305246422893,0.536891679748823,0.00163132137030995,0.967897271268058,0.550632911392405,0.00306748466257669,0,0.19935691318328,0,0.146302250803859,0.677018633540373,0,0.00316957210776545,0.0110759493670886,0.596875,0.0380165289256198,0.988745980707395,0.0113452188006483,0,0,0.213141025641026,1,0.979299363057325,0.916403785488959,0,0.86634460547504,0.860719874804382,0.686305732484076,0.599686028257457,0.446078431372549,0.458064516129032,0.0109375,1,0.0911949685534591,0.691680261011419,0.960063897763578,0.0109546165884194,0.743710691823899,0,0.115384615384615,1,1,0.888709677419355,0,0.647798742138365,0.877616747181965,0,0,0.890795631825273,0.9808,0,0.00158730158730159,0,0.980519480519481,0.873194221508828,0,0,0.359872611464968,0.988599348534202,0.794952681388013,0.386687797147385,0.66131621187801,0.962145110410095,0.00950871632329636,1,1,0.00158730158730159,0.974481658692185,1,0.974151857835218,0.99685534591195,0.174528301886792,0.311111111111111,0.282091917591125,0.975767366720517,0.942528735632184,0.0482115085536547,0.256821829855538,0.9744,0.151326053042122,0.302147239263804,0.995222929936306,0.996789727126806,0.968304278922345,0.696369636963696,0.996850393700787,0.237315875613748,0.962848297213622,0.998389694041868,0,0.310236220472441,0.540584415584416,0.0158478605388273,0.0513219284603421,0.00619195046439629,0.914421553090333,0.0232919254658385,0,0,0.220447284345048,0.991935483870968,0.0666666666666667,0.985148514851485,0.96969696969697,0.987341772151899,0.280193236714976,0.2833607907743,0.688102893890675,0.461157024793388,0,0.843450479233227,0.0138888888888889,0.0354938271604938,0.197784810126582,1,0.00158982511923688,0,0.321656050955414,0.00473186119873817,0.0210355987055016,0.468599033816425,1,0.274509803921569,1,0.964912280701754,0,0.99079754601227,0,1,0.8390625,1,0.014218009478673,0.979655712050078,0,0.88301282051282,0.709836065573771,0.948275862068966,0.987321711568938,0.996784565916399,0.285939968404423,0.965964343598055,1,0,0.023961661341853,1,1,0.321316614420063,0.882825040128411,0.967159277504105,0.9625,1,0,0.106732348111658,1,0.0016025641025641,0,0.9664,0.0113636363636364,0.0434782608695652,1,0.968503937007874,0.00482315112540193,0.637223974763407,0.418006430868167,0.980519480519481,0,0.87220447284345,0.996774193548387,0.378289473684211,0.60410094637224,0.784126984126984,0,0.151515151515152,0.974068071312804,0.998410174880763,0.439490445859873,1,0.975165562913907,0.0255591054313099,0.00156739811912226,0.985804416403785,0.995230524642289,0.956168831168831,0.706624605678233,0.00635930047694754,0.86031746031746,0.238244514106583,0.169747899159664,0.0063391442155309,0.628246753246753,0.609717868338558,0.597464342313788,0,0.28476821192053,0.902866242038217,0.648351648351648,0.521394611727417,0.0724191063174114,0,0,1,0.978193146417445,0,0.925750394944708,0.00972447325769854,0,0,0.998389694041868,0,1,0.784,0.53343701399689,1,0,0,0.992076069730586,0.959752321981424,0.728434504792332,0,0.00328407224958949,0.875776397515528,0.599374021909233,1,0.538221528861154,0.339869281045752,0,0.988871224165342,0,0.953225806451613,0.0865384615384615,0,0.0108024691358025,0.103392568659128,0.485996705107084,0.972843450479233,0,0.956521739130435,0.974763406940063,1,0,0.0659163987138264,0.932786885245902,0.00491803278688525,1,1,0.00777604976671851,1,0.29264475743349,0.80690737833595,0.00955414012738853,0.161500815660685,0.966453674121406,0.0113452188006483,0,0.96984126984127,0.00649350649350649,0.657467532467532,0.381410256410256,0,0.113207547169811,0.731147540983607,0.252351097178683,0.974683544303797,0,0.152886115444618,0.46089850249584,0.956454121306376,0.880368098159509,0.963375796178344,0.756843800322061,0,0.981337480559876,0,0.969055374592834,0.379934210526316,0,1,1,1,0.637096774193548,0.9858934169279,0.118858954041204,0.182108626198083,0.947030497592295,0.873801916932907,0,0,0.996763754045307,0.941463414634146,0.016260162601626,0.982200647249191,0.990610328638498,0.359177215189873,0.928455284552846,0.730645161290323,0.884259259259259,0,0.966719492868463,0.320197044334975,1,0.998392282958199,0,0.649038461538462,0.97557003257329,0,0.678048780487805,0.377388535031847,0.810030395136778,0.683279742765273,0.956989247311828,0.0794392523364486,0.981937602627258,1,0.978998384491115,0.282467532467532,0.0865384615384615,0.990625,1,0.0093167701863354,0.778309409888357,0.44888178913738,0.252782193958665,0.754330708661417,1,0.89047619047619,1,0.121642969984202,0,0,0.8096,0.0032,0,0.275590551181102,0,0.988871224165342,0.925039872408293,0.998402555910543,0.993700787401575,0.0878594249201278,0,0,0,0.170491803278689,0.0702875399361022,0.148867313915858,0,0,1,0.0093603744149766,0.29093799682035,1,0.596184419713832,0.974235104669887,0.639240506329114,0.626543209876543,0,1,0.398058252427184,0.504012841091493,0.918495297805643,0.989079563182527,0.386942675159236,0.0125984251968504,0.9552,0.956923076923077,0,0.973846153846154,0.0142405063291139,0.985049833887043,0.430622009569378,0,0.0111287758346582,0.519867549668874,0.827140549273021,0,0.135702746365105,0.012779552715655,0.00161550888529887,0.756880733944954,0.0190779014308426,1,0.308527131782946,0.993798449612403,0,0.383540372670807,0.327390599675851,0.858747993579454,0.0889621087314662,0.00476947535771065,0.00311526479750779,0.0380952380952381,0,0.993779160186625,0.0431177446102819,0.978428351309707,0.00482315112540193,1,0,0.513470681458003,0.467094703049759,1,0,0.998422712933754,0,0.383116883116883,0.987673343605547,0,0.654205607476635,0.980424143556281,0.754019292604502,0.949096880131363,0.0358814352574103,0,1,0.256038647342995,0,0.677777777777778,0,0.0184899845916795,1,1,0.9953125,0.977235772357724,0.98876404494382,0,0.974763406940063,0.0251572327044025,0.333333333333333,0.274603174603175,0.992138364779874,0.992076069730586,0.992223950233281,0.99211356466877,0.0540540540540541,0.014446227929374,0.981878088962109,0.959627329192547,0.743307086614173,0.982785602503912,1,0.971698113207547,0,0,0.98340874811463,0,0.0590062111801242,0,0.952153110047847,0.281967213114754,0.215210355987055,0.119122257053292,0.920967741935484,0,0.101880877742947,1,1,0.634645669291339,0.411497730711044,0.208459214501511,0.174846625766871,0.667202572347267,0,0.116352201257862,0.548956661316212,0.251993620414673,0.712732919254658,0.00632911392405063,0,0,0.305466237942122,1,0.631832797427653,0.224615384615385,0.62621359223301,0.870253164556962,0.989130434782609,0.955737704918033,0.982371794871795,1,0.998402555910543,0.558028616852146,0.40625,1,0.00153846153846154,0.00773993808049536,0.858520900321543,0.0108695652173913,1,0.971608832807571,0,0.107084019769357,0,0.95440251572327,0,0.969936708860759,1,0.00625978090766823,0.841935483870968,1,0.6608,0.628930817610063,0.870340356564019,0,0,0.926746166950596,0.941176470588235,0.987281399046105,0,0,0,0.23208722741433,0.492890995260663,0,0.436420722135008,0,0.932907348242812,1,0.141935483870968,0.234276729559748,0,0.343548387096774,0.583596214511041,0.866352201257862,0.967136150234742,0.778471138845554,0,0.98858075040783,0.0173775671406003,1,0,0.979876160990712,0.00791139240506329,1,0.0177133655394525,0.00974025974025974,0,0,0.8192,0.932565789473684,0.93603744149766,0.722834645669291,0.027906976744186,0.0064,0.84044233807267,0.851393188854489,0,0.0161550888529887,0.968051118210863,0,0.983870967741935,0.956318252730109,0.061128526645768,0.0441640378548896,0.00317460317460317,1,0.456730769230769,0.0749185667752443,0.102106969205835,0.113029827315542,0.69721767594108,0.0894819466248038,1,0,0.763458401305057,0.981279251170047,0.00323624595469256,0,0,0,0,1,0.720198675496689,0,0,0.545901639344262,0.954545454545455,0.43879173290938,0.0457413249211356,0.00164203612479475,0.0473083197389886,0.017515923566879,0,0.0321543408360129,0.00458015267175573,0.00161030595813205,0.00941915227629513,0,0.048,0.0546875,0.00964630225080386,0.0207667731629393,0.00483091787439614,0.026984126984127,0.0253164556962025,0.0540540540540541,0.00480769230769231,0.0220820189274448,0,0.00319488817891374,0.0450885668276973,0.00476190476190476,0.0247678018575851,0,0.0303030303030303,0.00154798761609907,0.00157728706624606
"357",0.00157977883096367,0.00154320987654321,0.0309119010819165,0.0620031796502385,0.0177133655394525,0.00158478605388273,0.0957613814756672,0.0283018867924528,0.00151515151515152,0,0.0015625,0,0.443585780525502,0.00157728706624606,0.950617283950617,0.98937784522003,0,0.00157977883096367,0.00483091787439614,0.015625,0.848062015503876,0.965798045602606,0.0138248847926267,0,0.0418604651162791,0.741679873217116,0.8875,0.008,0.552307692307692,0.319444444444444,0.998475609756098,0.338582677165354,0.241653418124006,0.728260869565217,0,0.00158227848101266,0.00612557427258806,0.0062015503875969,0.74702380952381,0.103235747303544,0,0,0,0.0016,0.216346153846154,0.982484076433121,0.489763779527559,0.998475609756098,0.544901065449011,0.867069486404834,0,0.00784929356357928,0.730354391371341,0.0015625,0.103174603174603,0.844936708860759,0,0.0263565891472868,0.04,0.0948678071539658,0.703875968992248,0.578538102643857,1,0,0.106349206349206,0.178187403993856,0,0.0111287758346582,0,0.998417721518987,0.149230769230769,0.995290423861852,0.982758620689655,0.00151975683890578,0,0.296466973886329,0.953775038520801,0.429892141756549,0.110932475884244,0.738842975206612,0,0.307219662058372,0.793846153846154,0.00306748466257669,0.8887171561051,0.0932721712538226,0.00465116279069767,0.032967032967033,0.0262751159196291,0,0.0170807453416149,0.0015527950310559,0,0,0.024,0,0.702619414483821,0.0169753086419753,0,0,0.379527559055118,0,0.725961538461538,0.00156739811912226,0.910060975609756,0,0,0.0216049382716049,1,0.992175273865415,0.992175273865415,0.0837282780410742,0.675465838509317,0.00938967136150235,0,0.0154798761609907,0.307219662058372,0,0.998468606431853,0.777258566978193,0,0.2432,0.76049766718507,0.9216,0.031201248049922,0.856049004594181,0.00306278713629403,0.00469483568075117,0,0.4515625,0.0699523052464229,0.521943573667712,0.0110759493670886,0,0.00793650793650794,0.977029096477795,0,0.804043545878694,0.365054602184087,0.484076433121019,0,0,0.0235849056603774,0.241706161137441,0.835748792270531,0.00156739811912226,0.992223950233281,0.0872274143302181,0.602848101265823,0.0214723926380368,0.870607028753994,0.019047619047619,0.0015625,0.169230769230769,0.00623052959501558,0.9984,0,1,0,0.274143302180685,0.132218844984802,0.0202177293934681,0.981538461538462,0,0,0.552380952380952,0.00157232704402516,0.0015552099533437,0.00152905198776758,0.716049382716049,0.0230414746543779,0.996850393700787,0.0507692307692308,0.998475609756098,0.103610675039246,0.618604651162791,0,0.0187793427230047,0,0.149765990639626,0.0015527950310559,0.871428571428571,0.0206022187004754,0.0590062111801242,0.0120481927710843,0.0215716486902928,0.912442396313364,0.630534351145038,0.0758293838862559,0.0674157303370786,0.942635658914729,0.992343032159265,0.0238853503184713,0.123456790123457,0,0,0.70735524256651,0,0.00152671755725191,0.756923076923077,0.1104,0.248073959938367,0.0138036809815951,0.5703125,0.57427258805513,0.726984126984127,0.0834645669291339,0.0313479623824451,0.127692307692308,0,0.127329192546584,0.8336,0.0625978090766823,0.998444790046656,0.930981595092024,0.470125786163522,0.0278637770897833,0.0229709035222052,0.183673469387755,0.0031201248049922,0.116719242902208,0,0.931464174454829,0.350308641975309,0.00631911532385466,0,0.0106544901065449,0.0229007633587786,0.453543307086614,0.458588957055215,0.0110584518167457,0.00161550888529887,0.62754303599374,0,0.104072398190045,0.489795918367347,0.0339256865912763,1,0.0443425076452599,0.0016025641025641,0.00153609831029186,0.0483619344773791,0.487767584097859,0.996875,0.0361067503924647,0.463790446841294,0.995461422087746,0.998477929984779,0.80625,0.998442367601246,0.854660347551343,0.33987915407855,0.998442367601246,0.993788819875776,0.989197530864197,0.422427035330261,0.958333333333333,0.0191387559808612,0,1,0,0.775,0.00158478605388273,0.0228658536585366,0.101088646967341,0,0.127591706539075,0.150855365474339,0.325617283950617,0.408736349453978,0.559429477020602,0.539308176100629,0,0.00159235668789809,0.911353032659409,0.322683706070288,0.0421875,0.987654320987654,0.261538461538462,0.996884735202492,0.881538461538461,0.0015220700152207,0.00163398692810458,0.095389507154213,0,0.372881355932203,0.105015673981191,0,1,0.0960365853658537,0.0238095238095238,0,0.996937212863706,0.996955859969559,0.0206022187004754,0.1232,0.9984,0,0.617088607594937,0.0111111111111111,0.216923076923077,0.620689655172414,0.349282296650718,0.0373250388802488,0.987441130298273,0.00153609831029186,0.0015552099533437,0.992175273865415,0.0391849529780564,0.00157728706624606,0.0272873194221509,0.00313479623824451,0.824345146379045,0.688650306748466,0.724458204334365,0.0258481421647819,0.057784911717496,0.00154559505409583,0.747619047619048,0.0283464566929134,0.852255054432348,0.71969696969697,0.0062402496099844,0.00314465408805031,0.0324074074074074,0.321543408360129,0.0045662100456621,0.771428571428571,0.0403726708074534,0.0046801872074883,0,0.679273827534039,0.449206349206349,0.986024844720497,0.00154320987654321,0.990839694656489,0.093167701863354,0.972265023112481,0.998473282442748,0,0.78328173374613,0.00956937799043062,0.932707355242567,0.0144927536231884,0.0356589147286822,0.0156985871271586,0.729299363057325,0.7223113964687,0.333333333333333,0.551612903225806,0,0.171875,0.986363636363636,0.963414634146341,0.81733746130031,0.00158982511923688,1,0,0.678516228748068,0.987767584097859,0.97339593114241,0.527301092043682,0.00156739811912226,0.731629392971246,0.00160771704180064,0.033175355450237,0,0.00896860986547085,0.998473282442748,0.00305343511450382,0.168486739469579,0.00161030595813205,0.992236024844721,0.0262345679012346,0.998461538461539,0.129337539432177,0.304140127388535,0.0517503805175038,0.0168453292496172,0.00154320987654321,0.7171875,0.0363924050632911,0.00154083204930663,0.998487140695915,0.9765625,0.0016025641025641,0.00154320987654321,0.689335394126739,0.126168224299065,0.0339805825242718,0.0511627906976744,0.00152905198776758,0,0.900958466453674,0,0.996865203761755,0,0.0374414976599064,0,0.959311424100156,0.0015220700152207,0.0345911949685535,0,0.367601246105919,0.572784810126582,0.0175718849840256,0.996794871794872,0.132492113564669,0.00321027287319422,0.644549763033175,0.403426791277259,0.226209048361934,0,0.848909657320872,0.0284810126582278,0.00308641975308642,0.547433903576983,0.0015600624024961,0.0343137254901961,0.965625,0,0.0184331797235023,0.0062111801242236,0.0538827258320127,0.320373250388802,0.993640699523052,0.1328125,0.752704791344668,0.821603927986907,0,0.383012820512821,0.407874015748032,0.399693721286371,0,0.731132075471698,0.0955414012738854,0.368663594470046,0.498480243161094,0.929110105580694,0,0,0.0014903129657228,0.0290519877675841,0,0.0860719874804382,0,0,0,0.00315955766192733,0,0,0.226917057902973,0.487101669195751,0.00154083204930663,0,0,0.00928792569659443,0.0366412213740458,0.284389489953632,0.998473282442748,0,0.104938271604938,0.413312693498452,0.00152905198776758,0.470046082949309,0.667701863354037,0,0.0200308166409861,1,0.050314465408805,0.91496062992126,0,0.995475113122172,0.88597842835131,0.529220779220779,0.0249221183800623,0,0.0551301684532925,0.0279937791601866,0.0015625,0,0.932707355242567,0.065359477124183,0.993537964458804,0.00153609831029186,0,0.990668740279938,0.0015600624024961,0.722570532915361,0.197183098591549,0.987616099071207,0.835725677830941,0.043343653250774,0,1,0.0309119010819165,0.992150706436421,0.359621451104101,0.591482649842271,0,0.885579937304075,0.2608,0.749611197511664,0.0264385692068429,0.998444790046656,0.847926267281106,0.550161812297735,0.0625,0.11864406779661,0.0376766091051805,0.258730158730159,0,0.018348623853211,1,0.0347003154574132,0.608,0.998461538461539,0.00153374233128834,0.00158478605388273,0.0015625,0.364906832298137,0.0186335403726708,0.877138413685848,0.81875,0.0566615620214395,0.109567901234568,0,0,0.00789889415481832,0.0669856459330144,0.982539682539682,0.018957345971564,0.0093167701863354,0.642414860681115,0.0748407643312102,0.279365079365079,0.104134762633997,0,0.03125,0.666666666666667,0.0015600624024961,0,0,0.37007874015748,0.0315457413249211,0.998430141287284,0.338118022328549,0.617873651771957,0.210687022900763,0.325984251968504,0.045045045045045,0.91350531107739,0.0157728706624606,0.00153846153846154,0.0216383307573416,0.700647249190938,0.888544891640867,0.0078003120124805,0.00154798761609907,0,0.227202472952087,0.552995391705069,0.747252747252747,0.253067484662577,0.0015748031496063,0.12093023255814,0.00155763239875389,0.110429447852761,0.99837925445705,0,0.17981072555205,0.9953125,0.998439937597504,0.736517719568567,0,0.0108191653786708,0.0847457627118644,0.0031104199066874,0.00455235204855842,0.910077519379845,0.998449612403101,0,0,0.832258064516129,0.920634920634921,0.8421875,0,0.998454404945904,0.00155038759689922,0.423780487804878,0.718799368088468,0.00158982511923688,0.404984423676012,0.0282131661442006,0.355725190839695,0.36697247706422,0,0.00148588410104012,0.606635071090047,0.514820592823713,0.0726172465960666,0.0138461538461538,0.618238021638331,0,0.0514820592823713,0.049306625577812,0,0.0318181818181818,0.981395348837209,0.0178282009724473,0.571205007824726,0,0,0.494214876033058,0.17329093799682,1,0.875394321766562,0,0,0.258543833580981,0.978227060653188,0.00162866449511401,0.692307692307692,0.00916030534351145,1,0.642748091603053,0.674015748031496,0.131410256410256,0.905144694533762,0.993779160186625,0,0.959183673469388,0,0.00454545454545455,0.801639344262295,0.0210526315789474,0.993720565149137,0.00159744408945687,0,0.496960486322188,0.553090332805071,0.0015600624024961,0,0,0,0.620578778135048,0.0138036809815951,0,0.350308641975309,0.0234375,0.254290171606864,0.054773082942097,0.969418960244648,0,0.00156494522691706,0.748427672955975,0,0.333333333333333,0.998489425981873,0.980182926829268,0.00159235668789809,0.00156985871271586,0.0060790273556231,0.0248062015503876,0.0157232704402516,0,0.0201863354037267,0,0.652373660030628,0.721362229102167,0.0046583850931677,0.0109204368174727,0.00765696784073507,0.00927357032457496,0.0327102803738318,0.985915492957746,0.0161030595813204,0.0431432973805855,0.283132530120482,0.0245022970903522,0.00154083204930663,0.031055900621118,0,0,0.0211480362537764,0,0.936434108527132,0.00158227848101266,0.0510835913312693,0.730891719745223,0.78343949044586,0.878504672897196,0.078125,0.00156494522691706,0.905343511450382,0.00154798761609907,0.00154798761609907,0.373608903020668,0.598200899550225,0.786450662739323,0.824508320726172,0.35031847133758,0.998466257668712,0.869158878504673,0.462249614791988,0.755038759689923,0.304615384615385,0.989045383411581,0,0.998420221169036,0.680445151033386,0,0.363496932515337,0.781297134238311,0.386895475819033,0.125776397515528,0.0152439024390244,0.0443037974683544,0.0236220472440945,0.0016,0.00157977883096367,0.466257668711656,0.597222222222222,0.00155763239875389,0.99251497005988,0.990726429675425,0.128325508607199,0,0.00153609831029186,0.0309119010819165,0,0.887278582930757,0,0.0534591194968553,0,0.0289193302891933,0,0.99079754601227,0.16875,0.00153846153846154,0.352848101265823,0.39236641221374,0.111811023622047,0,0,0.0679611650485437,0.0640834575260805,0.013719512195122,0,0,0.998384491114701,0.782012195121951,0.50547730829421,0,0.561430793157076,0,0.0792393026941363,0,0.818897637795276,0.761171032357473,0,0.687400318979266,0.4125,0.146153846153846,0.0398162327718224,0.227987421383648,0.998417721518987,0.0160513643659711,0.0815047021943574,0.00161030595813205,0,0.0214067278287462,0,0.00157728706624606,0.984423676012461,0.620414673046252,0,0,0.181538461538462,0.0738362760834671,0.06,0.28310502283105,0.975720789074355,0.993720565149137,0.179407176287051,0.172782874617737,0,0.984496124031008,0.0342679127725857,0,0.01743264659271,0.0463678516228748,0.93613707165109,0,0.995297805642633,0.00155038759689922,0.540412044374009,0.921630094043887,0.894654088050314,0.892307692307692,0.3234375,0.902627511591963,0.00159235668789809,0,0.25,0.0199386503067485,0,0,0.998496240601504,0,0.998435054773083,0.00155038759689922,0.29570747217806,1,0.998430141287284,0.460093896713615,0.0412044374009509,0.583463338533541,0,0.998407643312102,0.0492063492063492,0.00771604938271605,0,0.805379746835443,0.996927803379416,0.996840442338073,0.983180428134557,1,0,0,0.986024844720497,0.00471698113207547,0.00318979266347687,0.0261136712749616,0.0046583850931677,0,0.990668740279938,0.0109034267912773,0.998402555910543,0.996825396825397,0,0.993680884676145,0.0398162327718224,1,0.91601866251944,0.996992481203008,0.99685534591195
"358",0,0,0,0,0,0,0.0154083204930663,0.00155763239875389,0,1,0,1,0,0,0,0,1,0.984350547730829,0,0,0,0,0,1,0,0,0,0,0,0,0,0,0.00158227848101266,0,1,0,0.979782270606532,0,0,0,0.998417721518987,0.984399375975039,0.992319508448541,0,0,0,0,0,0,0,1,0,0,0,0.0154083204930663,0,1,0,0.00153846153846154,0,0,0,0,1,0,0,1,0,1,0,0,0,0,0,1,0.00152905198776758,0,0,0.0016,0,1,0,0,0,0,0,0,0,0.00306748466257669,0.987767584097859,0,0,1,1,0,1,0.0168195718654434,0,0.992412746585736,0.990726429675425,0.0108695652173913,1,0,0,0,0,0.989113530326594,0.0015552099533437,0,0,0,0.0159744408945687,0,0,1,0,0,1,0,0,1,0.00157728706624606,0,0,0,0,0,0,1,0.00625,0,0,0,1,0,0,1,0,0,0.00642054574638844,1,1,0,0,0,0,0,0,0,0,0,0,0,0,0,0,0,0,1,0,0.00614439324116743,0,0,1,0,0,0,0,0,0,0,0,0,0,0.00315457413249211,0,1,0,1,0,0,0,0,0,0,0,0,0,0,0,0,0,0,0.0231481481481481,1,1,0,0.998466257668712,0,0,0.0127388535031847,0,0,0,0,0,0,0,0.00153139356814701,1,0,0,0,0,0,0.00309119010819165,0,0,0.00153846153846154,0,0,1,0,0,0,1,0,0,0.00625,0,0,0,0.0172143974960876,1,0.0151745068285281,0,0,0,0,0,0,0,0,0,0,0,0,0,0,0,0,0,0,0,0,0,0,0,0.987381703470032,0,1,0.00158227848101266,0,0,0,1,0.00159235668789809,0.00305810397553517,0,0,0,0,0.987538940809969,0,0,0,0,0,0,0,0,0,0,0.0144927536231884,1,0,0.0172955974842767,1,0,0.0168970814132104,0.00155038759689922,1,0,0,0,0,0,1,0.0155763239875389,0,0,0,0,0,0,0,0,0,0,0,0,0,0,0,0,0.00157977883096367,0,0.938271604938272,0,0,0,0,0,0,0,0,0,0,0,0,1,0,0.00641025641025641,0,0.940902021772939,0,0,0,0,1,0,0,0,0,0,0,0,0,0,0,1,0,0,0,0,0,0,1,0,0,0,0.00311526479750779,0,0,0,0,1,0,0,0,0,0,0,0,0,0,0,0,0,0.00155038759689922,0,0,0,0,0,0,0,0,0,0,0,0,1,0,0,0,1,0,0.988817891373802,0,0,0,0.995283018867924,0.00941915227629513,0,0,0,0,0,0,0,0,1,0,0.00157977883096367,0,0,0,0,0,0.998459167950693,0,0,0,0,0,0.00628930817610063,0,0.0162866449511401,0.992175273865415,0,0,0,1,0,0.0015600624024961,0,0,0,1,1,0,0,1,0,0.9890625,1,1,0,1,0,0.00153846153846154,0.00599700149925037,0,1,1,0,0,0,0,0.996840442338073,0.0198473282442748,0,0,0,0,1,0,0,0.00157977883096367,0,1,0,0,0,0.00155038759689922,1,0,0,0,1,0,0,0,0,0,0,0,0,0,0,0,0,0.988976377952756,0,0,0,0,0.0127388535031847,1,0,0.00318979266347687,0,0,0,0,0,0,0,0,0,1,0,0,0,0.00317460317460317,0,0,0,0,0,0,0,0,0,0.0158730158730159,1,1,0,0,0,0,0,0,0,0,0.0168711656441718,1,0,0.0124416796267496,0,0,1,0,0,0,0.0015748031496063,0,0,0,0,0,0.00315457413249211,0,0,0.0128205128205128,0.0251572327044025,0,0,0.992283950617284,0,0,0,0,0,0,0,0.777945619335347,0,1,0.0015527950310559,0,0,0,1,0,0,0,0,0,0,1,1,0,0,0,1,0,0,0.570769230769231,0,0,0.00924499229583975,0,0,0,1,0,0,0,0.00606060606060606,0,0,0.989180834621329,0,0,1,0.0015015015015015,0,0,0,1,0.990825688073395,0,0,0,0,0.987480438184664,0.998397435897436,0,0,0,0,0,0,0,0,0.00636942675159236,0,0,0.996894409937888,0,1,0,0.162679425837321,0.00149925037481259,0,0,1,0,0,0,1,0,1,0,0,1,0.0185471406491499,0,0,0.00159489633173844,0,1,0,0,1,0,0,0,0,0,0,0.00313479623824451,0,1,0,0.975384615384615,0.0168195718654434,0,0,0,0,0,0.908950617283951,0,0,0,0,0,0,0,1,1,0,1,0,0.998425196850394,0,0,0,0,0,0.9984375,0,0,0,0,0,0,0,0,0,0,0,0,0,0,1,0,0.0174050632911392,0,0.0308641975308642,0,0,0.00615384615384615,0,0,0,0,0,0,0,0,0,0,0.00307219662058372,0.987748851454824,0,0,1,0,1,0,1,0,0,0,0,0,0.0015600624024961,0,0.0200308166409861,1,1,0,0,0,1,1,0,0,0,1,0,1,0,0,0.032051282051282,0,1,0,0,0,0,0,0,0,0.901098901098901,0,1,0,0.992163009404389,0,0,0.373817034700315,1,1,0.00153139356814701,0,0.00928792569659443,0,0,0,0,0,1,0,0,1,0,0,0,0.953560371517028,0,0,0,0,0,0,0,0,0,1,0,0,0.995290423861852,1,0,1,0,0,0,0,0,0.00473186119873817,0.00317460317460317,0,0.946236559139785,0,0.893987341772152,0.978428351309707,1,0.168769716088328,0,0,0.0062111801242236,0,0.945859872611465,0.937888198757764,0,0.98116169544741,0.995297805642633,0.95440251572327,0.974882260596546,0.933125972006221,0,0.969135802469136,0,0,0.952681388012618,0,0.928462709284627,0,0.0533751962323391,0,0
"359",0.335974643423138,0.328173374613003,0.343076923076923,0.385826771653543,0.340288924558588,0.324717285945073,0.411490683229814,0.357254290171607,0.320300751879699,0,0.331259720062208,0,0.574730354391371,0.332807570977918,0.683641975308642,0.672868217054264,0,0.00789889415481832,0.33122028526149,0.336405529953917,0.829420970266041,0.671497584541063,0.341538461538462,0,0.380434782608696,0.649206349206349,0.747648902821317,0.348242811501597,0.687878787878788,0.55521472392638,0.675226586102719,0.576982892690513,0.5171875,0.663594470046083,0,0.330733229329173,0.0107361963190184,0.325153374233129,0.756390977443609,0.401826484018265,0,0.0077639751552795,0.00151285930408472,0.330203442879499,0.57395498392283,0.678855325914149,0.606864274570983,0.668721109399075,0.767964071856287,0.694402420574887,0,0.335413416536661,0.942812982998454,0.315707620528771,0.414826498422713,0.681388012618297,0,0.353503184713376,0.328220858895706,0.434514637904468,0.645412130637636,0.681114551083591,0.664586583463339,0,0.40224358974359,0.462006079027356,0,0.319314641744548,0,0.688679245283019,0.422018348623853,0.673343605546995,0.691588785046729,0.317829457364341,0,0.551671732522796,0.710122699386503,0.578703703703704,0.42258064516129,0.678104575163399,0,0.577335375191424,0.674242424242424,0.316666666666667,0.705069124423963,0.417047184170472,0.322137404580153,0.337442218798151,0.354294478527607,0.00153139356814701,0.327503974562798,0.323619631901841,0,0,0.352290679304897,0,0.710166919575114,0.339449541284404,0.00154320987654321,0.0031104199066874,0.592823712948518,0,0.758675078864353,0.317460317460317,0.744257274119449,0.322784810126582,0.00318471337579618,0.342105263157895,0.688575899843505,0.689547581903276,0.679878048780488,0.391912908242613,0.675968992248062,0.335913312693498,0,0.335384615384615,0.573619631901841,0,0.684615384615385,0.677672955974843,0,0.509287925696594,0.809968847352025,0.697784810126582,0.355694227769111,0.697247706422018,0.314024390243902,0.320552147239264,0,0.650231124807396,0.385448916408669,0.623809523809524,0.339622641509434,0,0.332807570977918,0.672230652503794,0,0.849683544303797,0.542319749216301,0.647249190938511,0,0,0.348837209302326,0.51702786377709,0.676703645007924,0.317535545023697,0.673913043478261,0.400616332819723,0.636650868878357,0.333333333333333,0.783227848101266,0.338533541341654,0.320813771517997,0.441176470588235,0.3015625,0.666131621187801,0.312597200622084,0.663551401869159,0,0.527777777777778,0.43993993993994,0.333846153846154,0.670278637770898,0,0.322137404580153,0.826923076923077,0.322222222222222,0.324116743471582,0.319571865443425,0.642526964560863,0.347692307692308,0.685446009389671,0.360482654600302,0.68018018018018,0.404423380726698,0.641860465116279,0,0.3515625,0,0.447368421052632,0.315541601255887,0.703761755485893,0.352850539291217,0.36687306501548,0.331831831831832,0.338414634146341,0.692068429237947,0.666153846153846,0.40251572327044,0.362041467304625,0.750788643533123,0.668217054263566,0.338509316770186,0.423963133640553,0,0,0.809375,0,0.325688073394495,0.669724770642202,0.418495297805643,0.504559270516717,0.342465753424658,0.73125,0.63944530046225,0.865718799368088,0.370892018779343,0.362776025236593,0.427469135802469,0,0.406491499227202,0.807504078303426,0.375586854460094,0.68503937007874,0.680916030534351,0.655226209048362,0.349157733537519,0.339477726574501,0.463223787167449,0.321592649310873,0.425431711145997,0,0.688679245283019,0.575851393188854,0.333333333333333,0,0.330275229357798,0.341791044776119,0.650393700787402,0.55177743431221,0.342146189735614,0.320063694267516,0.7234375,0,0.409785932721713,0.628930817610063,0.342902711323764,0.672754946727549,0.346687211093991,0.312302839116719,0.325581395348837,0.359497645211931,0.653495440729483,0.6890625,0.355799373040752,0.574074074074074,0.685157421289355,0.674662668665667,0.643081761006289,0.666666666666667,0.779714738510301,0.581430745814307,0.686427457098284,0.666156202143951,0.66510172143975,0.647951441578149,0.675675675675676,0.347551342812006,0.00317460317460317,0.664605873261206,0,0.755134281200632,0.336492890995261,0.342146189735614,0.409160305343511,0,0.444264943457189,0.43140243902439,0.557120500782473,0.607142857142857,0.606201550387597,0.603125,0.0031104199066874,0.320373250388802,0.743431221020093,0.570502431118314,0.359177215189873,0.69478527607362,0.536321483771252,0.677570093457944,0.700468018720749,0.348942598187311,0.320063694267516,0.421974522292994,0,0.611195158850227,0.4078125,0,0.678516228748068,0.406106870229008,0.348837209302326,0,0.684210526315789,0.683076923076923,0.338582677165354,0.441971383147854,0.675324675324675,0,0.730474732006126,0.329133858267717,0.530864197530864,0.646153846153846,0.624801271860095,0.352484472049689,0.670807453416149,0.336377473363775,0.314241486068111,0.668231611893584,0.350547730829421,0.336507936507937,0.364069952305246,0.325581395348837,0.677570093457944,1,0.838212634822804,0.349761526232114,0.377179080824089,0.0248447204968944,0.675425038639876,0.34715821812596,0.672307692307692,0.667673716012085,0.3328173374613,0.32967032967033,0.339477726574501,0.577952755905512,0.32824427480916,0.688995215311005,0.363494539781591,0.329113924050633,0,0.974085365853659,0.644444444444444,0.679626749611198,0.0278207109737249,0.682852807283763,0.3890625,0.675384615384615,0.675039246467818,0,0.68,0.340625,0.689763779527559,0.3296,0.355694227769111,0.340157480314961,0.80952380952381,0.8125,0.544049459041731,0.60650406504065,0,0.451010886469673,0.691603053435115,0.677321156773212,0.759316770186335,0.321656050955414,0.678516228748068,0,1,0.659509202453988,0.698142414860681,0.622464898595944,0.327503974562798,0.666666666666667,0.331168831168831,0.3296875,0,0.338278931750742,0.654320987654321,0.324734446130501,0.446345256609642,0.33122028526149,0.690993788819876,0.344135802469136,0.66306027820711,0.403100775193798,0.580286168521463,0.370597243491577,0.348091603053435,0.320251177394035,0.871835443037975,0.366352201257862,0.322239031770045,0.680241327300151,0.671850699844479,0.335433070866142,0.317262830482115,0.654263565891473,0.408668730650155,0.352380952380952,0.364632237871674,0.333841463414634,0,0.68088467614534,0.319444444444444,0.682242990654206,0,0.348909657320872,0.00156985871271586,0.67398119122257,0.332312404287902,0.338533541341654,0,0.590909090909091,0.606687898089172,0.337007874015748,0.668789808917197,0.436220472440945,0.318471337579618,0.708399366085578,0.652713178294574,0.536891679748823,0,0.793375394321767,0.338582677165354,0.328050713153724,0.618541033434651,0.325190839694657,0.351791530944625,0.681318681318681,0,0.343653250773994,0.33122028526149,0.361240310077519,0.538699690402477,0.669811320754717,0.435257410296412,0.677018633540373,0.703099510603589,0.00152905198776758,0.596244131455399,0.61993769470405,0.664110429447853,0,0.681962025316456,0.412698412698413,0.551937984496124,0.603658536585366,0.689655172413793,0,0,0.327354260089686,0.325227963525836,0,0.377151799687011,0.00316455696202532,0,0,0.309968847352025,0,0.337096774193548,0.500780031201248,0.655538694992413,0.318250377073906,0,0,0.331768388106416,0.367469879518072,0.557251908396947,0.690402476780186,0,0.411764705882353,0.658536585365854,0.327160493827161,0.591962905718702,0.686900958466454,0,0.321044546850998,0.658692185007974,0.383775351014041,0.664576802507837,0,0.678624813153961,0.689167974882261,0.583468395461912,0.344615384615385,0,0.372727272727273,0.354489164086687,0.317073170731707,0,0.678683385579937,0.364667747163695,0.690938511326861,0.311844077961019,0.319083969465649,0.68380062305296,0.302795031055901,0.83125,0.4984375,0.693623639191291,0.763406940063092,0.346749226006192,0.0015600624024961,0.688372093023256,0.343558282208589,0.6875,0.6046875,0.613312202852615,0,0.761310452418097,0.496,0.809006211180124,0.33641975308642,0.682389937106918,0.709923664122137,0.630818619582664,0.372881355932203,0.419847328244275,0.365203761755486,0.513343799058085,0,0.335913312693498,0.678353658536585,0.345736434108527,0.71451355661882,0.677710843373494,0.328746177370031,0.335443037974684,0.314785373608903,0.548286604361371,0.337480559875583,0.774447949526814,0.800312012480499,0.386153846153846,0.421052631578947,0,0,0.32398753894081,0.388083735909823,0.691437802907916,0.345047923322684,0.338509316770186,0.763803680981595,0.389423076923077,0.542452830188679,0.411944869831547,0,0.362637362637363,0.725856697819315,0.315707620528771,0.317972350230415,0,0.565079365079365,0.342356687898089,0.677067082683307,0.525316455696203,0.624036979969183,0.453030303030303,0.592476489028213,0.36404833836858,0.672782874617737,0.3408,0.329192546583851,0.347352024922118,0.711811023622047,0.68503937007874,0.31839258114374,0.321646341463415,0,0.50609756097561,0.645259938837921,0.655813953488372,0.525741029641186,0.315625,0.394126738794436,0.323029366306028,0.144817073170732,0.661835748792271,0,0.478593272171254,0.683881064162754,0.673405909797823,0.666151468315301,0,0.34,0.372340425531915,0.318461538461538,0.334862385321101,0.687010954616588,0.677165354330709,0,0,0.78343949044586,0.724031007751938,0.690851735015773,0,0.667697063369397,0.301857585139319,0.291666666666667,0.797169811320755,0.324960753532182,0.614791987673344,0.34748427672956,0.63914373088685,0.685015290519878,0,0.323442136498516,0.744075829383886,0.705148205928237,0.403007518796992,0.332307692307692,0.967592592592593,0,0.376722817764165,0.346564885496183,0,0.343939393939394,0.675883256528418,0.317741935483871,0.607476635514019,0,0,0.729335494327391,0.5,0.684129429892142,0.695721077654517,0.00154798761609907,0,0.497737556561086,0.686427457098284,0.322061191626409,0.69969512195122,0.334341906202723,0.676335877862595,0.635802469135803,0.641838351822504,0.454113924050633,0.693181818181818,0.679566563467492,0,0.67515923566879,0,0.329305135951662,0.584541062801932,0.346385542168675,0.690705128205128,0.341772151898734,0,0.5790273556231,0.672926447574335,0.325617283950617,0,0.327769347496206,0,0.662903225806452,0.338461538461538,0,0.583206106870229,0.3328173374613,0.5,0.369905956112853,0.687022900763359,0,0.3234375,0.659810126582278,0,0.588597842835131,0.656108597285068,0.678300455235205,0.333858267716535,0.321711568938193,0.332312404287902,0.343167701863354,0.348387096774194,0,0.361370716510903,0.00762195121951219,0.729230769230769,0.667180277349769,0.314814814814815,0.334876543209877,0.34,0.333841463414634,0.0540123456790123,0.675,0.341463414634146,0.345736434108527,0.525267993874426,0.337984496124031,0.300623052959502,0.352941176470588,0,0,0.337386018237082,0,0.669218989280245,0.00156494522691706,0.376766091051805,0.635220125786163,0.699523052464229,0.780487804878049,0.383045525902669,0.0015527950310559,0.725460122699387,0.321981424148607,0.329323308270677,0.717868338557994,0.745481927710843,0.668639053254438,0.672205438066465,0.529874213836478,0.667692307692308,0.689230769230769,0.675548589341693,0.665615141955836,0.538461538461538,0.682737169517885,0,0.68025078369906,0.741732283464567,0.326923076923077,0.569444444444444,0.77027027027027,0.589424572317263,0.435857805255023,0.328313253012048,0.378205128205128,0.339593114241002,0.337579617834395,0.3328,0.585403726708075,0.673343605546995,0.333333333333333,0.66966966966967,0.678247734138973,0.438679245283019,0.00306278713629403,0.328725038402458,0.352134146341463,0,0.692926045016077,0,0.380281690140845,0,0.358895705521472,0.319182389937107,0.685975609756098,0.458658346333853,0.31651376146789,0.599369085173502,0.612654320987654,0.419656786271451,0,0,0.379254457050243,0.354790419161677,0.345509893455099,0,0,0.675632911392405,0.68348623853211,0.595015576323987,0,0.609907120743034,0,0.408874801901743,0.339171974522293,0.658767772511848,0.68348623853211,0,0.688575899843505,0.575427682737169,0.418604651162791,0.345565749235474,0.525345622119816,0.685847589424572,0.3424,0.0842607313195548,0.326923076923077,0,0.329230769230769,0.0015527950310559,0.328593996840442,0.680314960629921,0.422291993720565,0,0,0.451313755795981,0.3776,0.372163388804841,0.520673813169985,0.692424242424242,0.675718849840256,0.43213728549142,0.398496240601504,0,0.671875,0.3640625,0,0.326433121019108,0.361963190184049,0.676380368098159,0.0186915887850467,0.681388012618297,0.31832298136646,0.599364069952305,0.657232704402516,0.652665589660743,0.683641975308642,0.57556270096463,0.693251533742331,0.33125,0,0.536050156739812,0.327718223583461,0.00158227848101266,0,0.699544764795144,0,0.686520376175549,0.310872894333844,0.539452495974235,0.689167974882261,0.679304897314376,0.643533123028391,0.352664576802508,0.691833590138675,0.0229709035222052,0.686495176848875,0.0625,0.0156985871271586,0,0.583067092651757,0.662613981762918,0.663551401869159,0.673780487804878,0.66973886328725,0.0253968253968254,0.0289634146341463,0.667682926829268,0.015600624024961,0.00635930047694754,0.0368663594470046,0.015220700152207,0.0276923076923077,0.679127725856698,0.0200308166409861,0.66504854368932,0.669303797468354,0.0205696202531646,0.672386895475819,0.0504587155963303,0.675968992248062,0.641185647425897,0.676737160120846,0.662100456621005
"360",0.0126582278481013,0.0108864696734059,0.0397553516819572,0.0723270440251572,0.0266875981161695,0.0125195618153365,0.109697933227345,0.0347551342812006,0.00769230769230769,0,0.00768049155145929,0,0.434715821812596,0.0110236220472441,0.95,0.996941896024465,0,0.0015625,0.0142857142857143,0.0216049382716049,0.835147744945568,0.959546925566343,0.0214723926380368,0,0.049079754601227,0.761682242990654,0.882995319812793,0.0188976377952756,0.522003034901366,0.306501547987616,0.993911719939117,0.302936630602782,0.23208722741433,0.717325227963526,0,0.0109546165884194,0.0045662100456621,0.013595166163142,0.745535714285714,0.103658536585366,0,0,0,0.0110410094637224,0.226837060702875,0.978159126365055,0.500787401574803,0.989147286821705,0.518684603886398,0.855842185128983,0,0.0170542635658915,0.716951788491446,0.00920245398773006,0.121306376360809,0.842022116903633,0,0.0404984423676012,0.0448916408668731,0.108024691358025,0.702160493827161,0.557098765432099,0.989164086687306,0,0.116352201257862,0.170769230769231,0,0.0200927357032458,0,0.9890625,0.143518518518519,0.986196319018405,0.975384615384615,0.0105105105105105,0,0.289592760180996,0.945736434108527,0.433846153846154,0.103668261562998,0.727124183006536,0,0.291666666666667,0.783987915407855,0.00762195121951219,0.877708978328173,0.0975232198142415,0.0155763239875389,0.0382848392036753,0.0383435582822086,0,0.0249609984399376,0.00463678516228748,0,0,0.0359937402190923,0,0.7,0.0322085889570552,0,0,0.39258114374034,0,0.7140625,0.0109375,0.891238670694864,0.0095389507154213,0,0.0323574730354391,0.989197530864197,0.987673343605547,0.980030721966206,0.100156494522692,0.662015503875969,0.0184615384615385,0,0.024390243902439,0.277777777777778,0,0.992236024844721,0.762128325508607,0,0.238170347003155,0.761102603369066,0.913875598086124,0.0337941628264209,0.875766871165644,0.0107361963190184,0.0122887864823349,0,0.453416149068323,0.0670826833073323,0.5056,0.0203125,0,0.0142630744849445,0.965045592705167,0,0.789391575663027,0.37597503900156,0.485849056603774,0,0,0.0375586854460094,0.248833592534992,0.842271293375394,0.00923076923076923,0.981102362204724,0.0713178294573643,0.584639498432602,0.0319634703196347,0.851030110935024,0.0247295208655332,0.00950871632329636,0.168992248062016,0.0122324159021407,0.9890625,0.0061633281972265,0.989096573208723,0,0.253588516746411,0.137462235649547,0.0276923076923077,0.971428571428571,0,0.0107197549770291,0.537735849056604,0.0112540192926045,0.00921658986175115,0.00925925925925926,0.704545454545455,0.0353846153846154,0.992260061919505,0.055472263868066,0.987897125567322,0.118110236220472,0.634408602150538,0,0.0218068535825545,0,0.154083204930663,0.00924499229583975,0.879120879120879,0.0274809160305344,0.0635658914728682,0.0192878338278932,0.0369230769230769,0.906584992343032,0.626686656671664,0.0816326530612245,0.0606060606060606,0.933125972006221,0.983154670750383,0.0282131661442006,0.134556574923547,0,0,0.707620528771384,0,0.00909090909090909,0.742283950617284,0.129890453834116,0.25077399380805,0.0210843373493976,0.577881619937695,0.559633027522936,0.709175738724728,0.088785046728972,0.0418604651162791,0.136157337367625,0,0.125,0.815580286168522,0.0636942675159236,0.990654205607477,0.922018348623853,0.469673405909798,0.0293663060278207,0.0305810397553517,0.175548589341693,0.0108024691358025,0.113671274961598,0,0.921296296296296,0.348623853211009,0.0125786163522013,0,0.0166666666666667,0.0315315315315315,0.450155763239875,0.470496894409938,0.0202492211838006,0.00961538461538462,0.632148377125193,0,0.111280487804878,0.472353870458136,0.0425196850393701,0.989214175654854,0.0523952095808383,0.0110759493670886,0.0120845921450151,0.0597243491577335,0.459090909090909,0.987538940809969,0.0372670807453416,0.463525835866261,0.988112927191679,0.990963855421687,0.796875,0.992331288343558,0.851910828025478,0.337331334332834,0.989230769230769,0.984662576687117,0.981566820276498,0.414264036418816,0.946372239747634,0.0259938837920489,0,0.987635239567233,0,0.765891472868217,0.0125195618153365,0.0326086956521739,0.102325581395349,0,0.138801261829653,0.143721633888048,0.303125,0.391975308641975,0.539906103286385,0.536163522012579,0,0.00636942675159236,0.894573643410853,0.28735632183908,0.0446153846153846,0.978361669242658,0.243788819875776,0.990580847723705,0.870030581039755,0.00742942050520059,0.0095389507154213,0.110062893081761,0,0.370090634441088,0.117739403453689,0,0.99236641221374,0.105740181268882,0.0326594090202177,0,0.992236024844721,0.989214175654854,0.0284810126582278,0.123003194888179,0.9875,0,0.614678899082569,0.0186915887850467,0.213533834586466,0.608628659476117,0.347068145800317,0.0492307692307692,0.981510015408321,0.00904977375565611,0.00928792569659443,1,0.0367534456355283,0.00920245398773006,0.0361635220125786,0.0121765601217656,0.82225656877898,0.675384615384615,0.708206686930091,0.0346456692913386,0.0645669291338583,0.0015220700152207,0.7296875,0.0374414976599064,0.848297213622291,0.687125748502994,0.0154320987654321,0.0141065830721003,0.0425531914893617,0.306349206349206,0.0121028744326778,0.75,0.0462249614791988,0.0124416796267496,0,0.662037037037037,0.4703125,0.983050847457627,0.00150829562594268,0.980182926829268,0.0976744186046512,0.964885496183206,0.987577639751553,0,0.783825816485226,0.0185471406491499,0.923913043478261,0.0224719101123595,0.0401854714064915,0.0235109717868339,0.725552050473186,0.71608832807571,0.332288401253919,0.5488,0,0.182242990654206,0.981873111782477,0.95475113122172,0.783410138248848,0.00473186119873817,0.987767584097859,0,0.659509202453988,1,0.967340590979782,0.521604938271605,0.009375,0.714511041009464,0.00969305331179321,0.0388802488335925,0,0.0205882352941176,0.987878787878788,0.0121951219512195,0.169230769230769,0.0111287758346582,0.981337480559876,0.0347432024169184,0.99079754601227,0.1296875,0.285491419656786,0.0681818181818182,0.0243161094224924,0.00771604938271605,0.708074534161491,0.0470957613814757,0.00744047619047619,0.993939393939394,0.970814132104455,0.0110410094637224,0.00914634146341463,0.671802773497689,0.126153846153846,0.0403225806451613,0.0547112462006079,0.00911854103343465,0,0.882725832012678,0.0078125,0.989130434782609,0,0.0450310559006211,0,0.946372239747634,0.0120663650075415,0.0435458786936236,0,0.382126348228043,0.599690880989181,0.0272,0.993700787401575,0.138147566718995,0.0144,0.616954474097331,0.405909797822706,0.211356466876972,0,0.838304552590267,0.0347003154574132,0.0139318885448916,0.568356374807988,0.0122137404580153,0.0327332242225859,0.965244865718799,0,0.0259541984732824,0.0154320987654321,0.0506134969325153,0.318529862174579,0.985849056603774,0.141965678627145,0.758887171561051,0.813915857605178,0,0.386435331230284,0.410852713178295,0.391705069124424,0,0.716108452950558,0.088646967340591,0.365853658536585,0.481707317073171,0.915178571428571,0,0,0.00895522388059702,0.0333333333333333,0,0.0907668231611894,0,0,0,0.0141287284144427,0,0.0127388535031847,0.227769110764431,0.478851963746224,0.0060882800608828,0,0,0.0156739811912226,0.0446428571428571,0.288753799392097,0.989345509893455,0,0.119815668202765,0.410606060606061,0.00770416024653313,0.479198767334361,0.654088050314465,0,0.021505376344086,0.995215311004785,0.0543478260869565,0.89937106918239,0,0.982142857142857,0.878504672897196,0.524834437086093,0.0381679389312977,0,0.0495495495495495,0.0322085889570552,0.0106382978723404,0,0.927899686520376,0.0688524590163934,0.984076433121019,0.00768049155145929,0.0091324200913242,0.983076923076923,0.00770416024653313,0.706336939721793,0.196620583717358,0.982892690513219,0.8304,0.0491551459293395,0,0.993874425727412,0.0308166409861325,0.987261146496815,0.341194968553459,0.578199052132701,0,0.87673343605547,0.259780907668232,0.751902587519026,0.0308166409861325,0.989113530326594,0.84080370942813,0.5472,0.0608308605341246,0.122511485451761,0.0512422360248447,0.256289308176101,0,0.0274390243902439,0.992401215805471,0.0388802488335925,0.613162118780096,0.987951807228916,0.00619195046439629,0.00924499229583975,0.00938967136150235,0.371695178849145,0.0276923076923077,0.862776025236593,0.805031446540881,0.0637636080870918,0.117283950617284,0,0,0.0157232704402516,0.0714285714285714,0.971875,0.0234375,0.0154559505409583,0.642745709828393,0.0738993710691824,0.280314960629921,0.11969696969697,0,0.0375,0.665620094191523,0.00933125972006221,0.00938967136150235,0,0.352112676056338,0.0365079365079365,0.990654205607477,0.327014218009479,0.621329211746522,0.201192250372578,0.317111459968603,0.0518518518518519,0.904255319148936,0.0253968253968254,0.0107033639143731,0.0325077399380805,0.695447409733124,0.871517027863777,0.015527950310559,0.00907715582450832,0,0.22239263803681,0.546142208774584,0.731366459627329,0.233644859813084,0.00925925925925926,0.12,0.00759878419452888,0.108597285067873,0.988906497622821,0,0.188854489164087,0.993710691823899,0.990625,0.720930232558139,0,0.0185471406491499,0.0950920245398773,0.0107197549770291,0.0151057401812689,0.896551724137931,0.989096573208723,0,0,0.822327044025157,0.917573872472784,0.83179012345679,0,0.995426829268293,0.00763358778625954,0.42965204236006,0.715179968701095,0.0109717868338558,0.420245398773006,0.0347551342812006,0.344563552833078,0.377300613496933,0,0.00884955752212389,0.616588419405321,0.511700468018721,0.0887573964497041,0.0227963525835866,0.598784194528875,0,0.0559875583203732,0.0488549618320611,0,0.0419790104947526,0.978361669242658,0.0256410256410256,0.554868624420402,0,0,0.490322580645161,0.165366614664587,0.989147286821705,0.848101265822785,0,0,0.240412979351032,0.993720565149137,0.0113452188006483,0.676783004552352,0.0136986301369863,0.990825688073395,0.636085626911315,0.666666666666667,0.14170692431562,0.920382165605096,0.989263803680982,0,0.95125786163522,0,0.0132743362831858,0.803827751196172,0.0340740740740741,0.989096573208723,0.0110584518167457,0,0.485627836611195,0.527216174183515,0.0107033639143731,0,0.0107692307692308,0,0.611374407582938,0.018348623853211,0,0.357910906298003,0.0234741784037559,0.253125,0.0551181102362205,0.94969512195122,0,0.00782472613458529,0.731437598736177,0,0.312035661218425,0.987951807228916,0.969230769230769,0.00788643533123028,0.0109717868338558,0.0182094081942337,0.0342679127725857,0.0251177394034537,0,0.0356037151702786,0,0.650231124807396,0.708396946564885,0.0153846153846154,0.0170278637770898,0.0152905198776758,0.0184899845916795,0.0308641975308642,0.983024691358025,0.0270700636942675,0.0460829493087558,0.281972265023112,0.0257966616084977,0.00766871165644172,0.0370942812982998,0,0,0.0282317979197623,0,0.926315789473684,0,0.0475460122699387,0.71496062992126,0.789223454833597,0.862595419847328,0.0857580398162328,0.00155038759689922,0.88390092879257,0.00927357032457496,0.0060882800608828,0.353488372093023,0.595522388059701,0.798798798798799,0.814814814814815,0.356918238993711,0.987730061349693,0.876923076923077,0.465648854961832,0.747252747252747,0.303951367781155,0.981395348837209,0,0.989028213166144,0.672985781990521,0.00631911532385466,0.369565217391304,0.779456193353474,0.38785046728972,0.133535660091047,0.0165413533834586,0.0508744038155803,0.031496062992126,0.0125984251968504,0.0110410094637224,0.453846153846154,0.579666160849772,0.0107858243451464,0.995475113122172,0.980451127819549,0.139103554868624,0,0.00904977375565611,0.0367534456355283,0,0.912974683544304,0,0.0513219284603421,0,0.0344827586206897,0.0124416796267496,0.983383685800604,0.167692307692308,0.00907715582450832,0.362041467304625,0.389230769230769,0.125391849529781,0,0,0.0762987012987013,0.0622222222222222,0.0245398773006135,0,0,0.992063492063492,0.768292682926829,0.489827856025039,0,0.547286821705426,0,0.0803858520900322,0.0123456790123457,0.800947867298578,0.767123287671233,0,0.658767772511848,0.4171875,0.142419601837672,0.0438066465256798,0.228878648233487,0.989113530326594,0.023696682464455,0.0849056603773585,0.0111111111111111,0,0.0302114803625378,0,0.00949367088607595,0.970633693972179,0.622047244094488,0,0,0.183206106870229,0.0800627943485086,0.0661538461538462,0.281391830559758,0.960960960960961,0.98125,0.175654853620955,0.170403587443946,0,0.973805855161787,0.0429447852760736,0,0.0303030303030303,0.0508474576271186,0.935185185185185,0,0.987730061349693,0.0106060606060606,0.543343653250774,0.914728682170543,0.886035313001605,0.875957120980092,0.320695102685624,0.897709923664122,0.0108359133126935,0,0.233281493001555,0.0273972602739726,0,0,0.988165680473373,0,0.990712074303406,0.0123456790123457,0.296596434359805,0.989010989010989,0.990668740279938,0.460815047021944,0.0502354788069074,0.564885496183206,0,0.988853503184713,0.0522151898734177,0.00762195121951219,0,0.8125,0.986486486486487,0.987441130298273,0.977099236641221,0.990895295902883,0,0,0.978125,0.0046875,0.0031496062992126,0.0248062015503876,0.00460829493087558,0,0.981132075471698,0.0108024691358025,0.990445859872611,0.987480438184664,0,0.984375,0.0454545454545455,0.989247311827957,0.9046875,0.986526946107784,0.989079563182527
"361",0.0273311897106109,0.0251572327044025,0.0536277602523659,0.0807248764415156,0.0391517128874388,0.0227642276422764,0.109677419354839,0.0448,0.0218408736349454,0,0.0238095238095238,0,0.463722397476341,0.0222222222222222,0.957074721780604,0.971473851030111,0,0,0.0305466237942122,0.0393700787401575,0.864992150706436,0.951298701298701,0.0328638497652582,0,0.0681458003169572,0.736507936507937,0.885350318471338,0.0304,0.563944530046225,0.3296875,0.979559748427673,0.327503974562798,0.237096774193548,0.731132075471698,0,0.020440251572327,0.00470957613814757,0.0265625,0.757716049382716,0.119195046439628,0,0,0,0.0209339774557166,0.232172470978441,0.958532695374801,0.506451612903226,0.9776,0.56468797564688,0.872868217054264,0,0.0266457680250784,0.7640625,0.018957345971564,0.119236883942766,0.823909531502423,0,0.0489396411092985,0.0521327014218009,0.116535433070866,0.711356466876972,0.593354430379747,0.977491961414791,0,0.127831715210356,0.194312796208531,0,0.032051282051282,0,0.976303317535545,0.169014084507042,0.969354838709677,0.961904761904762,0.0217391304347826,0,0.300623052959502,0.960443037974684,0.451816745655608,0.116584564860427,0.749152542372881,0,0.318181818181818,0.80248833592535,0.0220125786163522,0.900630914826498,0.104615384615385,0.0280373831775701,0.0529595015576324,0.0512422360248447,0,0.0352,0.0205371248025276,0,0,0.0516962843295638,0,0.698738170347003,0.0410094637223975,0,0,0.4048,0,0.737179487179487,0.0240384615384615,0.903522205206738,0.0227642276422764,0,0.0396196513470681,0.979462875197472,0.976190476190476,0.9984,0.101612903225806,0.681089743589744,0.0285261489698891,0,0.0362204724409449,0.313291139240506,0,0.977812995245642,0.780952380952381,0,0.233974358974359,0.771653543307087,0.909822866344606,0.047244094488189,0.850467289719626,0.0186335403726708,0.0267716535433071,0,0.473520249221184,0.0846645367412141,0.52132701421801,0.0387722132471729,0,0.0290322580645161,0.954898911353033,0,0.819672131147541,0.394321766561514,0.495908346972177,0,0,0.0449612403100775,0.267295597484277,0.839486356340289,0.0192307692307692,0.980861244019139,0.0949367088607595,0.58908507223114,0.0422535211267606,0.875605815831987,0.031496062992126,0.0223642172523962,0.19175911251981,0.0206677265500795,0.974151857835218,0.0203761755485893,0.982785602503912,0,0.29093799682035,0.151840490797546,0.0390625,0.96594427244582,0,0.0141065830721003,0.563106796116505,0.0210696920583468,0.0175718849840256,0.0220125786163522,0.718995290423862,0.050314465408805,0.974643423137876,0.0725308641975309,0.973805855161787,0.120385232744783,0.636645962732919,0,0.0415335463258786,0,0.179365079365079,0.0220820189274448,0.889245585874799,0.04375,0.0703125,0.028657616892911,0.0533751962323391,0.885532591414944,0.633228840125392,0.0967741935483871,0.0834670947030498,0.958664546899841,0.973312401883831,0.0451612903225806,0.137285491419657,0,0,0.720190779014308,0,0.0156739811912226,0.742138364779874,0.123376623376623,0.263565891472868,0.0338983050847458,0.591549295774648,0.580188679245283,0.73419773095624,0.107317073170732,0.0615141955835962,0.13713405238829,0,0.148031496062992,0.843137254901961,0.0802568218298555,0.984076433121019,0.914728682170543,0.492236024844721,0.0416,0.0478395061728395,0.178233438485804,0.0220125786163522,0.128775834658188,0,0.923809523809524,0.368584758942457,0.0253565768621236,0,0.0233281493001555,0.0385802469135802,0.46984126984127,0.471048513302034,0.0316957210776545,0.0195121951219512,0.640699523052464,0,0.125,0.492776886035313,0.0444078947368421,0.976744186046512,0.0672926447574335,0.0244299674267101,0.021978021978022,0.0589171974522293,0.49685534591195,0.977671451355662,0.0430622009569378,0.477379095163807,0.981623277182236,0.972093023255814,0.776545166402536,0.97933227344992,0.865912762520194,0.346811819595645,0.980982567353407,0.974683544303797,0.96998420221169,0.434915773353752,0.945337620578778,0.036624203821656,0,0.979066022544283,0,0.778662420382166,0.0210355987055016,0.0427892234548336,0.125396825396825,0,0.155339805825243,0.168238993710692,0.330696202531646,0.420289855072464,0.565286624203822,0.559677419354839,0,0.0192,0.907668231611894,0.315,0.0537974683544304,0.968944099378882,0.280125195618153,0.979099678456592,0.879746835443038,0.0245775729646697,0.0226904376012966,0.112540192926045,0,0.390625,0.113237639553429,0,0.980922098569157,0.111450381679389,0.037037037037037,0,0.979495268138801,0.981102362204724,0.0457413249211356,0.139573070607553,0.977346278317152,0,0.629513343799058,0.0332805071315372,0.235294117647059,0.624012638230648,0.374203821656051,0.0625,0.970358814352574,0.0172143974960876,0.0250391236306729,0.968051118210863,0.054858934169279,0.0254372019077901,0.0442622950819672,0.026813880126183,0.824088748019017,0.71141975308642,0.748427672955975,0.0380165289256198,0.083743842364532,0.00470219435736677,0.753993610223642,0.0462519936204147,0.850863422291994,0.707241910631741,0.028391167192429,0.025518341307815,0.0523809523809524,0.336025848142165,0.0216049382716049,0.764895330112721,0.0572337042925278,0.0223285486443381,0,0.703125,0.478190630048465,0.960063897763578,0.00476190476190476,0.972049689440994,0.107936507936508,0.9625,0.979299363057325,0,0.78060413354531,0.0289389067524116,0.932389937106918,0.0356564019448947,0.0558213716108453,0.0297339593114241,0.733858267716535,0.737357259380098,0.352564102564103,0.551894563426689,0,0.192063492063492,0.967136150234742,0.942812982998454,0.823712948517941,0.0210355987055016,0.97339593114241,0,0.698142414860681,0.967340590979782,1,0.546474358974359,0.0209339774557166,0.738362760834671,0.0246305418719212,0.0556438791732909,0,0.0314842578710645,0.979559748427673,0.0231481481481481,0.189490445859873,0.0197368421052632,0.977346278317152,0.0457413249211356,0.974842767295597,0.140822784810127,0.299173553719008,0.0800627943485086,0.0362204724409449,0.0191693290734824,0.737942122186495,0.0476190476190476,0.0234375,0.979969183359014,0.958266452648475,0.0223642172523962,0.0191387559808612,0.688,0.143525741029641,0.0530679933665008,0.0709779179810726,0.0200927357032458,0,0.875613747954173,0.0157977883096366,0.977671451355662,0,0.0528,0,0.936406995230525,0.0200617283950617,0.0488958990536278,0,0.392,0.593949044585987,0.0390243902439024,0.977455716586151,0.154952076677316,0.0224358974358974,0.657980456026059,0.427662957074722,0.222222222222222,0,0.853080568720379,0.0418006430868167,0.0236593059936909,0.564873417721519,0.0185758513931889,0.0521008403361345,0.952305246422893,0,0.0406885758998435,0.026984126984127,0.069620253164557,0.333853354134165,0.96969696969697,0.15689381933439,0.767405063291139,0.800978792822186,0,0.414673046251994,0.42604501607717,0.41471048513302,0,0.725363489499192,0.0990566037735849,0.38801261829653,0.496904024767802,0.907294832826748,0,0,0.0256797583081571,0.04858934169279,0,0.100638977635783,0,0,0,0.0174050632911392,0,0.0262295081967213,0.245669291338583,0.493769470404984,0.0188087774294671,0,0,0.0271565495207668,0.0633693972179289,0.300623052959502,0.9796875,0,0.119751166407465,0.425897035881435,0.0236220472440945,0.493108728943338,0.663461538461538,0,0.0417956656346749,0.978792822185971,0.0595813204508857,0.903536977491961,0,0.972560975609756,0.896661367249603,0.530081300813008,0.0441640378548896,0,0.0681114551083591,0.0440944881889764,0.0233644859813084,0,0.911147011308562,0.0935374149659864,0.973813420621931,0.0203125,0.0172413793103448,0.972136222910217,0.017515923566879,0.727838258164852,0.214733542319749,0.968304278922345,0.843137254901961,0.0609951845906902,0,0.981132075471698,0.047244094488189,0.975688816855754,0.359424920127796,0.611650485436893,0,0.906940063091483,0.273615635179153,0.761006289308176,0.04375,0.977124183006536,0.86031746031746,0.556478405315615,0.0712121212121212,0.136150234741784,0.0576923076923077,0.271103896103896,0,0.0377358490566038,0.977952755905512,0.0565149136577708,0.635332252836305,0.978260869565217,0.0235478806907378,0.0241545893719807,0.0210016155088853,0.386687797147385,0.0349206349206349,0.875399361022364,0.83015873015873,0.078740157480315,0.128125,0,0,0.0344262295081967,0.0869565217391304,0.983870967741935,0.0337620578778135,0.0286624203821656,0.663009404388715,0.0914927768860353,0.287560581583199,0.122324159021407,0,0.058252427184466,0.674718196457327,0.0221518987341772,0.0268562401263823,0,0.388535031847134,0.0436893203883495,0.979430379746835,0.327974276527331,0.640944881889764,0.223227752639517,0.331707317073171,0.0619335347432024,0.902325581395349,0.033003300330033,0.0248062015503876,0.0443037974683544,0.698854337152209,0.864864864864865,0.0299684542586751,0.0218068535825545,0,0.243285939968404,0.577287066246057,0.750793650793651,0.258730158730159,0.0238095238095238,0.14171974522293,0.0205047318611987,0.116719242902208,0.982055464926591,0,0.201267828843106,0.979166666666667,0.978021978021978,0.745222929936306,0,0.0344827586206897,0.114420062695925,0.0223285486443381,0.029595015576324,0.898278560250391,0.977455716586151,0,0,0.841680129240711,0.908945686900958,0.839427662957075,0,0.978056426332288,0.0251177394034537,0.402496099843994,0.733333333333333,0.0238473767885533,0.427682737169518,0.0531400966183575,0.357698289269051,0.392638036809816,0,0.0212443095599393,0.634460547504026,0.541732283464567,0.0883720930232558,0.0325077399380805,0.634920634920635,0,0.0650793650793651,0.0649149922720247,0,0.0567484662576687,0.960691823899371,0.0411184210526316,0.579778830963665,0,0,0.520798668885191,0.181089743589744,0.977952755905512,0.869983948635634,0,0,0.271623672230652,0.962085308056872,0.0232558139534884,0.690769230769231,0.0308166409861325,0.979907264296754,0.654631083202512,0.690789473684211,0.147299509001637,0.896494156928214,0.973312401883831,0,0.940789473684211,0,0.0258751902587519,0.786184210526316,0.04,0.97411003236246,0.0212071778140294,0,0.512307692307692,0.562798092209857,0.0222929936305732,0,0.0220472440944882,0,0.617021276595745,0.0313479623824451,0,0.358372456964006,0.0448,0.285031847133758,0.065359477124183,0.94811320754717,0,0.0221169036334913,0.752,0,0.333333333333333,0.973684210526316,1,0.0209003215434084,0.0243111831442464,0.0295031055900621,0.0524642289348172,0.0420032310177706,0,0.0524642289348172,0,0.659442724458204,0.730407523510972,0.0254372019077901,0.0302547770700637,0.0290964777947933,0.027906976744186,0.034375,0.968152866242038,0.0423452768729642,0.0630914826498423,0.297637795275591,0.0440944881889764,0.0221169036334913,0.0445151033386327,0,0,0.0379939209726444,0,0.918110236220472,0,0.064873417721519,0.735247208931419,0.792822185970636,0.892141756548536,0.1,0.00156739811912226,0.903937007874016,0.0238095238095238,0.020440251572327,0.39968152866242,0.610769230769231,0.802431610942249,0.825816485225505,0.37258064516129,0.976525821596244,0.88871473354232,0.470957613814757,0.75767366720517,0.32807570977918,0.963549920760697,0,0.980830670926518,0.6784,0.0225442834138486,0.372239747634069,0.799079754601227,0.406099518459069,0.143974960876369,0.0375,0.056198347107438,0.0465489566613162,0.0244299674267101,0.0257234726688103,0.477165354330709,0.601574803149606,0.0223642172523962,0.976816074188563,0.975683890577508,0.151033386327504,0,0.0203761755485893,0.054858934169279,0,0.889070146818923,0,0.0737179487179487,0,0.0451010886469673,0.0174050632911392,0.971608832807571,0.188383045525903,0.0218408736349454,0.375399361022364,0.391849529780564,0.12280701754386,0,0,0.087603305785124,0.0779816513761468,0.0373250388802488,0,0,0.975609756097561,0.777950310559006,0.515822784810127,0,0.568535825545171,0,0.0996784565916399,0.022508038585209,0.806451612903226,0.769953051643192,0,0.674193548387097,0.441269841269841,0.162460567823344,0.0578125,0.233908948194662,0.977671451355662,0.0345394736842105,0.078525641025641,0.0145631067961165,0,0.0384615384615385,0,0.0177705977382876,0.955625990491284,0.597738287560582,0,0,0.195583596214511,0.0889621087314662,0.0724191063174114,0.311728395061728,0.973846153846154,0.985553772070626,0.192675159235669,0.186915887850467,0,0.966237942122186,0.0528846153846154,0,0.037037037037037,0.0641627543035994,0.920634920634921,0.00316957210776545,0.97752808988764,0.0215384615384615,0.54066985645933,0.908082408874802,0.884552845528455,0.8828125,0.33387358184765,0.907232704402516,0.0236593059936909,0,0.271241830065359,0.03486529318542,0,0,0.978787878787879,0,0.974842767295597,0.0234009360374415,0.3056,0.978861788617886,0.975845410628019,0.4739336492891,0.0571428571428571,0.602825745682888,0.00310077519379845,0.978827361563518,0.0479338842975207,0.00791139240506329,0,0.79585326953748,0.973684210526316,0.974522292993631,0.965408805031447,0.976599063962558,0.00160771704180064,0.00467289719626168,0.958730158730159,0.00636942675159236,0.00325732899022801,0.028391167192429,0.00625978090766823,0.00315457413249211,0.971337579617834,0.0127591706539075,0.980165289256198,0.979066022544283,0.00319488817891374,0.968354430379747,0.0526315789473684,0.979397781299525,0.894736842105263,0.976993865030675,0.974522292993631
"362",0.48,0.475077881619938,0.4890625,0.5296,0.480769230769231,0.472402597402597,0.526984126984127,0.499212598425197,0.475232198142415,0.00321027287319422,0.491365777080063,0.00317460317460317,0.707740916271722,0.478190630048465,0.553125,0.538461538461538,0.00153846153846154,0.0110759493670886,0.470113085621971,0.484567901234568,0.573667711598746,0.5536,0.468118195956454,0.00307219662058372,0.47900466562986,0.661835748792271,0.550955414012739,0.472843450479233,0.608763693270736,0.554858934169279,0.540247678018576,0.643533123028391,0.658805031446541,0.548644338118022,0.0031055900621118,0.468253968253968,0.0124031007751938,0.472698907956318,0.620060790273556,0.509230769230769,0.00158730158730159,0.00925925925925926,0.00463678516228748,0.466346153846154,0.577741407528642,0.539936102236422,0.644757433489828,0.528301886792453,0.578866768759571,0.571648690292758,0.00314465408805031,0.480891719745223,0.599041533546326,0.481946624803768,0.509523809523809,0.57007874015748,0.00160513643659711,0.488745980707395,0.482758620689655,0.5703125,0.547880690737834,0.598746081504702,0.515248796147673,0.00322061191626409,0.53322528363047,0.544444444444444,0.00158730158730159,0.4768,0.00156985871271586,0.512116316639742,0.511591962905719,0.510204081632653,0.534375,0.473846153846154,0,0.624420401854714,0.539412673879444,0.626373626373626,0.5712,0.597662771285476,0.00315457413249211,0.670295489891135,0.765163297045101,0.453978159126365,0.582159624413146,0.531055900621118,0.459119496855346,0.482170542635659,0.481012658227848,0.00618238021638331,0.466876971608833,0.473684210526316,0.0031496062992126,0.00313971742543171,0.482258064516129,0,0.5953125,0.480190174326466,0.00308641975308642,0.00479233226837061,0.605345911949686,0.00156494522691706,0.623604465709729,0.469745222929936,0.55895865237366,0.468051118210863,0.00636942675159236,0.489028213166144,0.529780564263323,0.542056074766355,0.5421875,0.501597444089457,0.607255520504732,0.46551724137931,0.00319488817891374,0.481424148606811,0.644654088050314,0.00309119010819165,0.543478260869565,0.600633914421553,0.00309597523219814,0.655007949125596,0.627906976744186,0.547385620915033,0.475155279503106,0.589506172839506,0.469673405909798,0.463836477987421,0.00313971742543171,0.599690880989181,0.510433386837881,0.585760517799353,0.463375796178344,0.0015748031496063,0.460162601626016,0.525914634146341,0.00156985871271586,0.612277867528271,0.624405705229794,0.605815831987076,0.00323624595469256,0.00316957210776545,0.483568075117371,0.585987261146497,0.67515923566879,0.4688,0.536163522012579,0.514150943396226,0.5952,0.484615384615385,0.5810147299509,0.4703125,0.471337579617834,0.503937007874016,0.458528951486698,0.5216,0.471698113207547,0.524038461538462,0.00156985871271586,0.58252427184466,0.585626911314985,0.461897356143079,0.524767801857585,0.003125,0.4609375,0.615015974440895,0.46481178396072,0.474763406940063,0.457098283931357,0.535987748851455,0.480376766091052,0.536434108527132,0.493044822256569,0.528158295281583,0.515151515151515,0.68380062305296,0.00322061191626409,0.478740157480315,0.00312989045383412,0.540498442367601,0.468118195956454,0.5664,0.484227129337539,0.513931888544892,0.480974124809741,0.472952086553323,0.550860719874804,0.604361370716511,0.522727272727273,0.5072,0.561014263074485,0.541009463722397,0.4848,0.541341653666147,0.00155038759689922,0.00158478605388273,0.645669291338583,0.00309597523219814,0.487022900763359,0.583460949464012,0.525806451612903,0.572542901716069,0.473846153846154,0.62085308056872,0.581761006289308,0.620414673046252,0.492913385826772,0.490445859872611,0.583850931677019,0.00311526479750779,0.505409582689335,0.591803278688525,0.522364217252396,0.535545023696682,0.600917431192661,0.589257503949447,0.486739469578783,0.471582181259601,0.617322834645669,0.484848484848485,0.554858934169279,0.00314465408805031,0.5859375,0.607963246554365,0.476874003189793,0.0031055900621118,0.472783825816485,0.488549618320611,0.605055292259084,0.569640062597809,0.463492063492064,0.462932454695222,0.6015625,0.00318979266347687,0.548837209302326,0.627358490566038,0.498392282958199,0.528301886792453,0.493788819875776,0.464114832535885,0.458204334365325,0.49685534591195,0.586046511627907,0.537360890302067,0.475513428120063,0.638932496075353,0.536363636363636,0.527355623100304,0.5664,0.516640253565769,0.575516693163752,0.591962905718702,0.529042386185243,0.530326594090202,0.524031007751938,0.619482496194825,0.567524115755627,0.487381703470032,0.008,0.509463722397476,0.00157232704402516,0.578696343402226,0.469354838709677,0.474683544303797,0.509316770186335,0.00309597523219814,0.570747217806041,0.521060842433697,0.653125,0.653061224489796,0.683464566929134,0.56120826709062,0.00784929356357928,0.440514469453376,0.56386292834891,0.639344262295082,0.498422712933754,0.537151702786378,0.546456692913386,0.540752351097179,0.559055118110236,0.480916030534351,0.466666666666667,0.526984126984127,0.00308166409861325,0.584758942457232,0.506389776357827,0.0015527950310559,0.516228748068006,0.521604938271605,0.481832543443918,0.00152671755725191,0.54140127388535,0.531055900621118,0.487179487179487,0.590690208667737,0.535714285714286,0.00161812297734628,0.61214953271028,0.483974358974359,0.603125,0.592767295597484,0.58161648177496,0.49613601236476,0.54874213836478,0.477203647416413,0.463722397476341,0.534267912772586,0.487381703470032,0.48503937007874,0.469255663430421,0.473186119873817,0.588516746411483,0.601550387596899,0.610675039246468,0.479233226837061,0.501618122977346,0.0276923076923077,0.585173501577287,0.477707006369427,0.590697674418605,0.582181259600614,0.47723704866562,0.460191082802548,0.494505494505495,0.594202898550725,0.452713178294574,0.588141025641026,0.503067484662577,0.477093206951027,0.00318979266347687,0.619195046439629,0.602218700475436,0.529780564263323,0.0294573643410853,0.519260400616333,0.4890625,0.532915360501567,0.517719568567026,0.0015552099533437,0.61875,0.466981132075472,0.571205007824726,0.476190476190476,0.504702194357367,0.473851030110935,0.634028892455859,0.635483870967742,0.595611285266458,0.600326264274062,0.0015552099533437,0.577223088923557,0.525114155251142,0.547692307692308,0.609642301710731,0.468599033816425,0.527301092043682,0.00311526479750779,0.622464898595944,0.521604938271605,0.546474358974359,1,0.476947535771065,0.588709677419355,0.455882352941176,0.473767885532591,0.00155763239875389,0.466266866566717,0.532407407407407,0.468217054263566,0.570754716981132,0.473083197389886,0.531782945736434,0.479813664596273,0.517774343122102,0.507109004739337,0.618441971383148,0.522550544323484,0.493044822256569,0.470957613814757,0.615384615384615,0.495283018867925,0.477657935285054,0.521060842433697,0.528682170542636,0.460567823343849,0.469578783151326,0.596899224806202,0.5,0.477272727272727,0.516329704510109,0.458715596330275,0.00158730158730159,0.562798092209857,0.459247648902821,0.519809825673534,0.00316455696202532,0.496087636932707,0.00320512820512821,0.554140127388535,0.459167950693374,0.4796875,0.00316455696202532,0.590690208667737,0.682847896440129,0.4848,0.506389776357827,0.484076433121019,0.46839546191248,0.603503184713376,0.584615384615385,0.619354838709677,0.00157728706624606,0.574534161490683,0.486356340288925,0.486697965571205,0.673469387755102,0.478193146417445,0.474123539232053,0.5504,0.00158982511923688,0.489984591679507,0.474603174603175,0.482003129890454,0.597200622083981,0.543130990415335,0.55591054313099,0.5859375,0.570469798657718,0.0046656298600311,0.624203821656051,0.570754716981132,0.650470219435737,0.0031104199066874,0.590243902439024,0.525984251968504,0.613601236476043,0.608964451313756,0.570992366412214,0.00156985871271586,0.003125,0.466767371601208,0.473118279569892,0.00157232704402516,0.496050552922591,0.00315955766192733,0.00311526479750779,0.0032520325203252,0.457869634340223,0.00306748466257669,0.4896,0.538827258320127,0.615146831530139,0.469040247678019,0.00322061191626409,0.00316957210776545,0.486443381180223,0.496932515337423,0.609494640122512,0.521472392638037,0.00161030595813205,0.525502318392581,0.588509316770186,0.48062015503876,0.6546875,0.593996840442338,0.0015600624024961,0.477379095163807,0.543130990415335,0.522222222222222,0.553968253968254,0.00153846153846154,0.541085271317829,0.570048309178744,0.561779242174629,0.474842767295597,0.00312989045383412,0.510670731707317,0.486111111111111,0.464831804281346,0.00315457413249211,0.5625,0.467116357504216,0.526058631921824,0.471317829457364,0.467391304347826,0.538341158059468,0.457943925233645,0.636080870917574,0.559241706161137,0.515923566878981,0.558587479935794,0.496825396825397,0.00636942675159236,0.542768273716952,0.503048780487805,0.537337662337662,0.647909967845659,0.6432,0.0031104199066874,0.557453416149068,0.696485623003195,0.618380062305296,0.485849056603774,0.522906793048973,0.598449612403101,0.563973063973064,0.494704992435703,0.573619631901841,0.485759493670886,0.60126582278481,0.003125,0.481308411214953,0.538699690402477,0.472353870458136,0.613782051282051,0.531490015360983,0.464396284829721,0.471608832807571,0.471228615863142,0.628346456692913,0.482059282371295,0.56687898089172,0.606012658227848,0.491419656786271,0.532283464566929,0.00308166409861325,0,0.460420032310178,0.502415458937198,0.527331189710611,0.484126984126984,0.470031545741325,0.654853620955316,0.5,0.564516129032258,0.5421875,0.00152439024390244,0.507064364207221,0.593406593406593,0.470219435736677,0.468354430379747,0.00304878048780488,0.583333333333333,0.4770206022187,0.523809523809524,0.600638977635783,0.584639498432602,0.561643835616438,0.614285714285714,0.486322188449848,0.610015174506829,0.49047619047619,0.488888888888889,0.4858934169279,0.573033707865168,0.540540540540541,0.47444089456869,0.467889908256881,0.00462962962962963,0.567026194144838,0.568535825545171,0.585443037974684,0.631415241057543,0.465408805031447,0.496038034865293,0.462732919254658,0.151285930408472,0.525806451612903,0.00304878048780488,0.633802816901408,0.520064205457464,0.526898734177215,0.594976452119309,0.00311526479750779,0.482539682539683,0.53416149068323,0.450704225352113,0.458528951486698,0.611635220125786,0.530351437699681,0.00303951367781155,0.003125,0.6,0.53125,0.57484076433121,0,0.511773940345369,0.461172741679873,0.239197530864198,0.624398073836276,0.463375796178344,0.605015673981191,0.480769230769231,0.627329192546584,0.60490045941807,0.00310077519379845,0.468986384266263,0.624801271860095,0.607874015748031,0.524464831804281,0.463108320251177,0.596899224806202,0.0046583850931677,0.507788161993769,0.51617873651772,0.00157728706624606,0.493788819875776,0.521193092621664,0.489256198347107,0.54858934169279,0,0.00469483568075117,0.633223684210526,0.594294770206022,0.541666666666667,0.563897763578275,0.00458015267175573,0.00161030595813205,0.550898203592814,0.540064102564103,0.474631751227496,0.580495356037152,0.472049689440994,0.523809523809524,0.555555555555556,0.597774244833068,0.654895666131621,0.573743922204214,0.5203125,0.0015552099533437,0.537242472266244,0.00312989045383412,0.46141975308642,0.466988727858293,0.491525423728814,0.51993620414673,0.464114832535885,0.00310077519379845,0.702492211838006,0.631329113924051,0.465625,0.00315457413249211,0.464615384615385,0.00316455696202532,0.57667731629393,0.482334869431644,0.00308641975308642,0.574534161490683,0.466453674121406,0.604761904761905,0.5104,0.533950617283951,0.00316957210776545,0.468152866242038,0.584639498432602,0.00154559505409583,0.653250773993808,0.521276595744681,0.526964560862866,0.453525641025641,0.457869634340223,0.475968992248062,0.473101265822785,0.4770206022187,0.00307692307692308,0.471518987341772,0.0138036809815951,0.5921875,0.594043887147335,0.47196261682243,0.480499219968799,0.480857580398162,0.458267716535433,0.0517241379310345,0.527910685805423,0.463295269168026,0.502369668246445,0.59472049689441,0.464898595943838,0.477449455676516,0.502340093603744,0.00309119010819165,0.00308641975308642,0.476263399693721,0.00309119010819165,0.579352850539291,0.0015625,0.486780715396579,0.560260586319218,0.59904912836767,0.568992248062016,0.51993620414673,0.00311526479750779,0.541471048513302,0.470866141732283,0.485179407176287,0.591482649842271,0.627450980392157,0.714069591527988,0.578220858895706,0.616504854368932,0.516380655226209,0.581761006289308,0.607535321821036,0.5904,0.603945371775417,0.505460218408736,0.00315457413249211,0.51373182552504,0.586261980830671,0.480707395498392,0.562790697674419,0.62125748502994,0.632492113564669,0.597503900156006,0.465543644716692,0.501628664495114,0.483870967741935,0.476650563607085,0.472,0.587227414330218,0.621745788667688,0.470866141732283,0.541033434650456,0.529051987767584,0.592125984251968,0.0062111801242236,0.47360248447205,0.477449455676516,0.00324149108589951,0.600321027287319,0.0031496062992126,0.508716323296355,0.0016025641025641,0.492260061919505,0.485179407176287,0.536321483771252,0.536115569823435,0.465625,0.610932475884244,0.601255886970173,0.537974683544304,0.003125,0.00161030595813205,0.531456953642384,0.51285930408472,0.478193146417445,0.00308166409861325,0,0.5264,0.562883435582822,0.554675118858954,0.00313971742543171,0.59190031152648,0.00308166409861325,0.505564387917329,0.49047619047619,0.555379746835443,0.749611197511664,0.00152905198776758,0.604234527687296,0.611635220125786,0.500782472613459,0.488372093023256,0.585669781931464,0.529780564263323,0.49512987012987,0.0508744038155803,0.463141025641026,0.00161290322580645,0.474654377880184,0.0031496062992126,0.457792207792208,0.533541341653666,0.34775641025641,0.00310077519379845,0.0032258064516129,0.617054263565891,0.50402576489533,0.498452012383901,0.517450682852807,0.529500756429652,0.512539184952978,0.537974683544304,0.51840490797546,0.0016260162601626,0.541009463722397,0.478537360890302,0.0015625,0.479871175523349,0.507739938080495,0.540031397174254,0.0187793427230047,0.536661466458658,0.479134466769706,0.585874799357945,0.589622641509434,0.618506493506494,0.555555555555556,0.616013071895425,0.552631578947368,0.481832543443918,0.00313971742543171,0.575,0.469387755102041,0.0048,0.00316957210776545,0.528787878787879,0.0015552099533437,0.5375,0.471317829457364,0.545454545454545,0.522727272727273,0.504777070063694,0.625,0.494488188976378,0.610510046367852,0.0246913580246914,0.5376,0.0511182108626198,0.0140405616224649,0.00315457413249211,0.461049284578696,0.525502318392581,0.526315789473684,0.535603715170279,0.521060842433697,0.0238853503184713,0.0297805642633229,0.522012578616352,0.0125588697017268,0.00483870967741936,0.028391167192429,0.0168970814132104,0.028125,0.534072900158479,0.0158478605388273,0.538338658146965,0.542319749216301,0.0221169036334913,0.535143769968051,0.0400616332819723,0.528125,0.496894409937888,0.538343558282209,0.530254777070064
"363",0.998402555910543,1,0.975497702909648,0.937399678972713,0.98705501618123,1,0.883386581469649,0.974723538704581,1,0,1,0,0.56828885400314,1,0.0378548895899054,0.00475435816164818,0,0.0127388535031847,0.998402555910543,0.982539682539682,0.159305993690852,0.0324675324675325,0.989197530864197,0,0.960998439937597,0.255520504731861,0.116903633491311,0.985436893203884,0.4515625,0.6859375,0,0.68798751950078,0.759493670886076,0.274015748031496,0,1,0.0186335403726708,0.996835443037975,0.254573170731707,0.897196261682243,0.00157728706624606,0.013953488372093,0.00625,1,0.771844660194175,0.0222575516693164,0.513513513513513,0,0.46583850931677,0.132218844984802,0,0.993640699523052,0.266244057052298,1,0.876602564102564,0.163723916532905,0,0.974643423137876,0.958268933539413,0.896764252696456,0.290171606864275,0.424148606811146,0,0,0.893719806763285,0.818461538461538,0,0.9888,0,0,0.856920684292379,0.00316455696202532,0.0174880763116057,1,0,0.698142414860681,0.043613707165109,0.561708860759494,0.893141945773525,0.261904761904762,0,0.702160493827161,0.203675344563553,0.998454404945904,0.11216429699842,0.91283676703645,0.996850393700787,0.966929133858268,0.967592592592593,0.013953488372093,0.987220447284345,1,0,0,0.97092084006462,0,0.30503144654088,0.987635239567233,0.00788643533123028,0.00796178343949045,0.603503184713376,0,0.276083467094703,1,0.101538461538462,1,0.0112540192926045,0.976489028213166,0,0.00792393026941363,0.00782472613458529,0.8976,0.331775700934579,0.995297805642633,0,0.9890625,0.706539074960128,0,0,0.22662440570523,0,0.7504,0.254263565891473,0.0786516853932584,0.978159126365055,0.145962732919255,0.996850393700787,0.998425196850394,0,0.536392405063291,0.935023771790808,0.49185667752443,0.991961414790997,0,0.9952,0.0201550387596899,0,0.203497615262321,0.620634920634921,0.508744038155803,0,0,0.979655712050078,0.750788643533123,0.163987138263666,1,0.00794912559618442,0.927330173775671,0.403846153846154,0.986175115207373,0.131832797427653,0.988924050632911,1,0.843410852713178,0.993730407523511,0,1,0,0,0.728434504792332,0.863076923076923,0.982649842271293,0.0188383045525903,0,1,0.440842787682334,1,1,1,0.28129829984544,0.98125,0.00157728706624606,0.950844854070661,0,0.898412698412698,0.362928348909657,0,0.984,0,0.834645669291339,1,0.10828025477707,0.984251968503937,0.95141065830721,0.992389649923896,0.973478939157566,0.097331240188383,0.369327073552426,0.918006430868167,0.93900481540931,0.054140127388535,0.0062402496099844,0.980738362760835,0.837837837837838,0,0,0.290064102564103,0.0015625,1,0.2484375,0.86634460547504,0.741085271317829,0.993855606758833,0.429936305732484,0.426791277258567,0.290271132376396,0.907051282051282,0.961904761904762,0.867283950617284,0,0.884858044164038,0.175986842105263,0.95024077046549,0,0.0632716049382716,0.531881804043546,0.980922098569157,0.976708074534162,0.82574568288854,1,0.880573248407643,0,0.0679304897314376,0.648690292758089,0.993589743589744,0,0.990726429675425,0.984802431610942,0.542586750788643,0.542721518987342,0.990461049284579,1,0.363494539781591,0,0.875766871165644,0.51033386327504,0.970588235294118,0,0.955725190839695,1,1,0.95024077046549,0.523219814241486,0,0.975806451612903,0.544186046511628,0.00457317073170732,0.00154320987654321,0.189792663476874,0,0.1504,0.665144596651446,0,0.00464396284829721,0.0109034267912773,0.580093312597201,0.0353130016051364,0.988673139158576,0.0128410914927769,0,0,0.230647709320695,1,0.982484076433121,0.905660377358491,0,0.86385737439222,0.847962382445141,0.685534591194969,0.59047619047619,0.456869009584665,0.4528,0.0123647604327666,1,0.0924764890282132,0.703703703703704,0.96417445482866,0.0126782884310618,0.74203821656051,0.00157728706624606,0.118935837245696,1,1,0.880645161290323,0,0.639370078740157,0.86741214057508,0,0,0.886153846153846,0.981072555205047,0,0,0.00156985871271586,0.982229402261712,0.87741935483871,0,0,0.374608150470219,0.990384615384615,0.774844720496894,0.3890625,0.643769968051118,0.955555555555556,0.0109034267912773,1,1,0.00469483568075117,0.967136150234742,1,0.97444089456869,0.996889580093313,0.189655172413793,0.309486780715397,0.282574568288854,0.977491961414791,0.941463414634146,0.048062015503876,0.251980982567353,0.973015873015873,0.147104851330203,0.298621745788668,0.995327102803738,1,0.973228346456693,0.684887459807074,1,0.23961661341853,0.963076923076923,0.996850393700787,0,0.325508607198748,0.528938906752412,0.01743264659271,0.0525477707006369,0.00770416024653313,0.907523510971787,0.0201550387596899,0,0,0.226006191950464,0.995253164556962,0.0742496050552923,0.985342019543974,0.974193548387097,0.990445859872611,0.277511961722488,0.289689034369885,0.665071770334928,0.459546925566343,0,0.813084112149533,0.0123456790123457,0.0382262996941896,0.198757763975155,1,0.00156739811912226,0,0.327503974562798,0.009375,0.0209339774557166,0.476947535771065,1,0.26461038961039,1,0.967136150234742,0,0.992570579494799,0,0.998475609756098,0.81974921630094,1,0.0110062893081761,0.981308411214953,0,0.87519747235387,0.71107544141252,0.94375,0.987519500780031,0.99685534591195,0.288854003139717,0.958333333333333,1,0,0.0252764612954186,1,1,0.315132605304212,0.8734375,0.968646864686469,0.950155763239875,1,0,0.109149277688604,1,0.00159235668789809,0,0.969354838709677,0.0111287758346582,0.0445859872611465,1,0.971428571428571,0.00477707006369427,0.612954186413902,0.420062695924765,0.984025559105431,0.00161812297734628,0.867430441898527,0.996774193548387,0.359098228663446,0.594679186228482,0.784,0,0.156549520766773,0.975530179445351,0.998432601880878,0.439370078740157,1,0.970345963756178,0.0221169036334913,0,0.984375,0.996845425867508,0.952,0.685534591194969,0.00646203554119548,0.860282574568289,0.234836702954899,0.174708818635607,0.00628930817610063,0.595505617977528,0.592356687898089,0.599374021909233,0,0.278582930756844,0.905511811023622,0.615625,0.503154574132492,0.0727272727272727,0,0,1,0.969418960244648,0,0.919303797468354,0.0111111111111111,0,0,0.998412698412698,0,1,0.767295597484277,0.515527950310559,1,0,0,0.995327102803738,0.962406015037594,0.705882352941177,0,0.00321543408360129,0.863141524105754,0.591397849462366,1,0.52,0.338095238095238,0,0.978193146417445,0,0.954911433172303,0.0949367088607595,0,0.00769230769230769,0.116427432216906,0.474464579901153,0.970125786163522,0,0.952959028831563,0.979938271604938,1,0,0.0761904761904762,0.936134453781513,0.00327332242225859,1,1,0.00773993808049536,1,0.292758089368259,0.800314465408805,0.00949367088607595,0.167741935483871,0.962145110410095,0.0127186009538951,0,0.976525821596244,0.00635930047694754,0.640322580645161,0.394321766561514,0,0.111635220125786,0.737785016286645,0.260188087774295,0.976744186046512,0,0.147104851330203,0.450819672131148,0.952380952380952,0.875,0.959627329192547,0.735247208931419,0,0.981366459627329,0,0.966876971608833,0.390879478827362,0,1,1,1,0.634185303514377,0.987301587301587,0.125200642054575,0.178170144462279,0.950617283950617,0.867807153965785,0,0,0.990551181102362,0.932907348242812,0.014446227929374,0.989045383411581,0.993759750390016,0.363779527559055,0.931089743589744,0.720447284345048,0.873846153846154,0,0.967793880837359,0.33596214511041,1,0.998425196850394,0,0.622611464968153,0.97456279809221,0,0.66612641815235,0.377151799687011,0.786686838124054,0.672523961661342,0.954268292682927,0.0829493087557604,0.981996726677578,1,0.979655712050078,0.303225806451613,0.0961538461538462,0.990506329113924,1,0.00946372239747634,0.777080062794348,0.438184663536776,0.249201277955272,0.760629921259843,1,0.873417721518987,1,0.117647058823529,0,0,0.813397129186603,0.00157728706624606,0,0.271860095389507,0,0.988941548183254,0.917316692667707,1,0.995363214837713,0.0862068965517241,0,0,0,0.165302782324059,0.0789889415481833,0.153846153846154,0,0,1,0.009375,0.293460925039872,1,0.574568288854003,0.972929936305732,0.658767772511848,0.620904836193448,0,1,0.387658227848101,0.49047619047619,0.914860681114551,0.986259541984733,0.381395348837209,0.010989010989011,0.957547169811321,0.959247648902821,0,0.96793893129771,0.0173228346456693,0.985294117647059,0.4234375,0,0.0110584518167457,0.500807754442649,0.828025477707006,0,0.130781499202552,0.0125391849529781,0.00161550888529887,0.735474006116208,0.0189873417721519,1,0.30640243902439,0.993769470404984,0,0.363636363636364,0.315112540192926,0.862903225806452,0.0922330097087379,0.00309119010819165,0.00313971742543171,0.0416666666666667,0,0.99537037037037,0.0442622950819672,0.982785602503912,0.0032258064516129,1,0,0.52093023255814,0.448717948717949,1,0,0.998447204968944,0,0.375816993464052,0.995384615384615,0,0.632970451010886,0.987441130298273,0.746434231378764,0.955484896661367,0.0283018867924528,0,1,0.25796178343949,0,0.684375,0,0.0140625,1,1,0.990639625585023,0.971107544141252,0.9792663476874,0,0.976377952755906,0.0263565891472868,0.347826086956522,0.283676703645008,0.990610328638498,0.993700787401575,0.996918335901387,0.99375,0.0559875583203732,0.0129449838187702,0.98546042003231,0.9609375,0.710485133020344,0.978260869565217,1,0.973478939157566,0,0,0.980273141122914,0,0.0679304897314376,0,0.957746478873239,0.275641025641026,0.205834683954619,0.1125,0.9184,0,0.105345911949686,1,1,0.628930817610063,0.407575757575758,0.196374622356495,0.179289026275116,0.651828298887122,0,0.113354037267081,0.530903328050713,0.25,0.687595712098009,0.0111111111111111,0,0,0.32,1,0.60410094637224,0.221198156682028,0.6046875,0.87111801242236,0.987616099071207,0.957516339869281,0.987075928917609,1,0.998373983739837,0.536277602523659,0.415360501567398,1,0.0060882800608828,0.00909090909090909,0.868878357030016,0.0122887864823349,1,0.972093023255814,0,0.102728731942215,0,0.954330708661417,0,0.978193146417445,1,0.00768049155145929,0.840189873417722,1,0.645569620253165,0.614906832298137,0.866454689984102,0,0,0.928925619834711,0.945864661654135,0.992063492063492,0,0,0,0.227202472952087,0.497607655502392,0,0.431888544891641,0,0.925324675324675,1,0.163751987281399,0.228971962616822,0,0.340872374798061,0.585023400936037,0.855572998430141,0.9629057187017,0.761526232114467,0,0.990291262135922,0.0191082802547771,1,0,0.986111111111111,0.00784929356357928,1,0.0193236714975845,0.0113085621970921,0,0,0.820634920634921,0.921951219512195,0.932707355242567,0.729938271604938,0.0229709035222052,0.00470957613814757,0.838810641627543,0.836391437308868,0,0.0158730158730159,0.97339593114241,0,0.98705501618123,0.95968992248062,0.0660377358490566,0.0465116279069767,0.00158227848101266,1,0.456692913385827,0.0763116057233704,0.0916530278232406,0.11993769470405,0.681744749596123,0.0954616588419405,1,0,0.75,0.981337480559876,0.00313971742543171,0,0,0,0,1,0.700325732899023,0,0,0.529695024077046,0.957074721780604,0.417054263565891,0.046801872074883,0,0.0560131795716639,0.0141955835962145,0,0.032,0.00153609831029186,0,0.0078003120124805,0,0.0494417862838915,0.0573643410852713,0.0141732283464567,0.0159235668789809,0.00325732899022801,0.0234375,0.0204081632653061,0.0542635658914729,0.00631911532385466,0.0186335403726708,0,0.00158730158730159,0.0477707006369427,0.0062402496099844,0.0217054263565891,0,0.0333333333333333,0.00154083204930663,0
"364",0.268292682926829,0.275080906148867,0.317034700315457,0.344155844155844,0.28665568369028,0.276143790849673,0.362012987012987,0.301794453507341,0.28328173374613,0,0.2768,0,0.583732057416268,0.262135922330097,0.738095238095238,0.733755942947702,0,0.00162074554294976,0.28171334431631,0.296650717703349,0.715408805031447,0.742148760330579,0.282504012841092,0,0.310789049919485,0.678688524590164,0.714285714285714,0.279935275080906,0.615023474178404,0.53968253968254,0.729559748427673,0.560581583198708,0.458670988654781,0.634460547504026,0,0.276083467094703,0.0109546165884194,0.270186335403727,0.732612055641422,0.337539432176656,0,0,0,0.273905996758509,0.461157024793388,0.760586319218241,0.599348534201954,0.727707006369427,0.708333333333333,0.723004694835681,0,0.274038461538462,0.680645161290323,0.267536704730832,0.358766233766234,0.889250814332248,0,0.298679867986799,0.313694267515924,0.3744,0.647619047619048,0.611374407582938,0.730519480519481,0,0.349180327868852,0.399053627760252,0,0.305825242718447,0,0.7166392092257,0.36231884057971,0.723370429252782,0.739903069466882,0.281733746130031,0,0.508580343213729,0.733226837060703,0.578696343402226,0.375409836065574,0.954391891891892,0,0.529133858267717,0.716744913928013,0.264566929133858,0.720893141945773,0.366614664586583,0.2672,0.307814992025518,0.295345104333868,0,0.28525641025641,0.281446540880503,0,0,0.306425041186161,0,0.657004830917874,0.2921875,0,0,0.536858974358974,0,0.709150326797386,0.276527331189711,0.717592592592593,0.270627062706271,0,0.2912,0.72168284789644,0.742301458670989,0.73015873015873,0.338735818476499,0.8672,0.278846153846154,0,0.29073482428115,0.518518518518518,0,0.723101265822785,0.744444444444444,0,0.480582524271845,0.692926045016077,0.731466227347611,0.301916932907348,0.698083067092652,0.266561514195584,0.27373417721519,0,0.578616352201258,0.339144215530903,0.571428571428571,0.286871961102107,0,0.255354200988468,0.72360248447205,0,0.710862619808307,0.539837398373984,0.570502431118314,0,0,0.295238095238095,0.482649842271293,0.702922077922078,0.275806451612903,0.723027375201288,0.337539432176656,0.825525040387722,0.303174603174603,0.732786885245902,0.2914653784219,0.274061990212072,0.4176,0.2704,0.715220949263502,0.266982622432859,0.723916532905297,0,0.476575121163166,0.374414976599064,0.290996784565916,0.743307086614173,0,0.264659270998415,0.643564356435644,0.268533772652389,0.2672,0.2624,0.63968253968254,0.290791599353796,0.733441033925687,0.325984251968504,0.737984496124031,0.36,0.667726550079491,0,0.2736,0,0.401273885350318,0.279293739967897,0.730645161290323,0.282051282051282,0.3296,0.267281105990783,0.287519747235387,0.840189873417722,0.850863422291994,0.352365415986949,0.321252059308072,0.723916532905297,0.714285714285714,0.273462783171521,0.38375796178344,0,0,0.688816855753647,0,0.278301886792453,0.881703470031546,0.374392220421394,0.459842519685039,0.280864197530864,0.625816993464052,0.588607594936709,0.686885245901639,0.3568,0.295345104333868,0.384126984126984,0,0.3536,0.7166392092257,0.34185303514377,0.732171156893819,0.722662440570523,0.567140600315956,0.2768,0.288611544461778,0.431309904153355,0.26461038961039,0.37741935483871,0,0.718649517684887,0.517350157728707,0.278955954323002,0,0.267405063291139,0.291277258566978,0.567567567567568,0.673076923076923,0.268921095008052,0.270049099836334,0.64,0,0.355799373040752,0.741157556270096,0.29672131147541,0.7328,0.312401883830455,0.276595744680851,0.276190476190476,0.316211878009631,0.683464566929134,0.730769230769231,0.314194577352472,0.582539682539683,0.727131782945736,0.725856697819315,0.703703703703704,0.725806451612903,0.728925619834711,0.488226059654631,0.719047619047619,0.727699530516432,0.72463768115942,0.548989113530327,0.712418300653595,0.290849673202614,0,0.714738510301109,0,0.686688311688312,0.285714285714286,0.288492706645057,0.341772151898734,0,0.382594417077176,0.358161648177496,0.541935483870968,0.677067082683307,0.647435897435897,0.566558441558442,0,0.275693311582382,0.750793650793651,0.558333333333333,0.30016051364366,0.716744913928013,0.483253588516746,0.738019169329074,0.786729857819905,0.273570324574961,0.285240464344942,0.354575163398693,0,0.521060842433697,0.360128617363344,0,0.712264150943396,0.357142857142857,0.301916932907348,0,0.726978998384491,0.72107765451664,0.314754098360656,0.382736156351792,0.739344262295082,0,0.630225080385852,0.293739967897271,0.437990580847724,0.8624,0.533661740558292,0.314465408805031,0.731437598736177,0.269108280254777,0.269537480063796,0.722852512155592,0.308056872037915,0.285016286644951,0.298360655737705,0.261904761904762,0.780448717948718,0.654516640253566,0.701923076923077,0.288961038961039,0.330081300813008,0.014308426073132,0.744262295081967,0.314102564102564,0.72859450726979,0.770670826833073,0.296774193548387,0.273170731707317,0.296296296296296,0.488673139158576,0.256651017214397,0.73462783171521,0.310618066561014,0.269968051118211,0,0.655608214849921,0.550653594771242,0.745627980922099,0.0126782884310618,0.721698113207547,0.362619808306709,0.730586370839937,0.736089030206677,0,0.755905511811024,0.287096774193548,0.719551282051282,0.298157453936348,0.311501597444089,0.287539936102236,0.681744749596123,0.665,0.513470681458003,0.770134228187919,0,0.412420382165605,0.719626168224299,0.729230769230769,0.749606299212598,0.274509803921569,0.731629392971246,0,0.666666666666667,0.714511041009464,0.738362760834671,0.588709677419355,0.26461038961039,1,0.252971137521222,0.2914653784219,0,0.276827371695179,0.710862619808307,0.27613104524181,0.423756019261637,0.269421487603306,0.714516129032258,0.3,0.7264,0.3546875,0.524671052631579,0.310452418096724,0.277511961722488,0.266990291262136,0.687096774193548,0.315024232633279,0.266666666666667,0.741784037558685,0.731437598736177,0.272285251215559,0.262738853503185,0.947535771065183,0.338050314465409,0.295379537953795,0.328525641025641,0.279874213836478,0,0.780366056572379,0.27373417721519,0.730462519936204,0,0.305691056910569,0,0.76759410801964,0.26148969889065,0.317741935483871,0,0.5232,0.636070853462158,0.295751633986928,0.720588235294118,0.422512234910277,0.278048780487805,0.644230769230769,0.546603475513428,0.466666666666667,0,0.71658615136876,0.282894736842105,0.286407766990291,0.641838351822504,0.264150943396226,0.285470085470085,0.738709677419355,0.00160513643659711,0.286173633440514,0.269662921348315,0.310789049919485,0.501577287066246,0.719806763285024,0.385483870967742,0.707472178060413,0.670016750418761,0,0.545161290322581,0.514376996805112,0.55607476635514,0,0.870703764320786,0.346839546191248,0.542264752791069,0.791469194312796,0.762345679012346,0,0,0.263803680981595,0.302694136291601,0,0.329635499207607,0,0,0,0.275080906148867,0,0.285478547854785,0.421800947867299,0.579192546583851,0.256609642301711,0,0,0.265040650406504,0.315789473684211,0.501597444089457,0.729857819905213,0,0.361904761904762,0.558544303797468,0.27741935483871,0.595541401273885,0.836569579288026,0,0.297939778129952,0.701782820097245,0.31139646869984,0.798387096774194,0,0.718995290423862,0.712680577849117,0.560606060606061,0.292604501607717,0,0.327073552425665,0.286168521462639,0.270700636942675,0,0.807443365695793,0.29776247848537,0.736754966887417,0.268867924528302,0.263406940063092,0.735759493670886,0.263242375601926,0.698890649762282,0.4352,0.719354838709677,0.708469055374593,0.315024232633279,0,0.719047619047619,0.299050632911392,0.744610281923715,0.56514657980456,0.615635179153095,0,0.712025316455696,0.474631751227496,0.691693290734824,0.298555377207063,0.729773462783172,0.766929133858268,0.607201309328969,0.332814930015552,0.358024691358025,0.311501597444089,0.471451876019576,0,0.289808917197452,0.720748829953198,0.279935275080906,0.624584717607973,0.725581395348837,0.272292993630573,0.286624203821656,0.2736,0.533117932148627,0.28341384863124,0.740740740740741,0.72258064516129,0.313572542901716,0.354066985645933,0,0,0.268292682926829,0.322422258592471,0.721044045676998,0.294212218649518,0.27724358974359,0.649038461538462,0.336025848142165,0.439542483660131,0.344827586206897,0,0.288188976377953,0.64,0.27724358974359,0.2752,0,0.517128874388255,0.312602291325696,0.734299516908213,0.534539473684211,0.8944,0.419207317073171,0.528938906752412,0.315707620528771,0.715596330275229,0.297385620915033,0.275590551181102,0.285261489698891,0.654545454545455,0.687196110210697,0.2768,0.277070063694268,0,0.431279620853081,0.606349206349206,1,0.476190476190476,0.285031847133758,0.385737439222042,0.278740157480315,0.13015873015873,0.716393442622951,0,0.4208,0.72741935483871,0.723027375201288,0.957210776545166,0,0.278041074249605,0.337539432176656,0.278955954323002,0.279179810725552,0.730462519936204,0.7392,0,0,0.722314049586777,0.728314238952537,0.80226904376013,0,0.722834645669291,0.279809220985692,0.342356687898089,0.66936790923825,0.268729641693811,0.541533546325879,0.293548387096774,0.572327044025157,0.53198127925117,0,0.278890600924499,0.64390243902439,0.6064,0.332283464566929,0.28343949044586,0.65224358974359,0.00161030595813205,0.323248407643312,0.31055900621118,0,0.327014218009479,0.713826366559486,0.268976897689769,0.580696202531646,0,0,0.607907742998353,0.411764705882353,0.723809523809524,0.869009584664537,0,0,0.506269592476489,0.712887438825449,0.258389261744966,0.880503144654088,0.274294670846395,0.724247226624406,0.596463022508039,0.688013136288998,0.381578947368421,0.695,0.7264,0,0.720257234726688,0,0.2734375,0.601973684210526,0.298761609907121,0.720706260032103,0.278768233387358,0,0.598425196850394,0.607198748043818,0.25796178343949,0,0.264475743348983,0,0.832504145936982,0.282407407407407,0,0.499219968798752,0.277597402597403,0.4672,0.316831683168317,0.749216300940439,0,0.266025641025641,0.908794788273616,0,0.54559748427673,0.726989079563182,0.729133858267716,0.281098546042003,0.263414634146341,0.294488188976378,0.285714285714286,0.288025889967638,0,0.285714285714286,0.00313479623824451,0.63265306122449,1,0.281645569620253,0.272873194221509,0.277602523659306,0.277955271565495,0.0422077922077922,0.736421725239617,0.289036544850498,0.30379746835443,0.475279106858054,0.293103448275862,0.265723270440252,0.290679304897314,0,0,0.284839203675345,0,0.729264475743349,0.00160513643659711,0.302884615384615,0.955737704918033,0.720064724919094,0.730708661417323,0.338211382113821,0,0.752396166134185,0.267716535433071,0.277955271565495,0.559294871794872,0.653786707882535,0.726989079563182,0.90527950310559,0.527597402597403,0.732057416267943,0.731511254019293,0.571656050955414,0.731391585760518,0.491228070175439,0.7,0,0.710569105691057,0.624193548387097,0.261666666666667,0.482059282371295,0.707762557077626,0.545893719806763,0.381180223285486,0.265940902021773,0.315875613747954,0.288709677419355,0.261513157894737,0.268921095008052,0.770226537216828,0.779365079365079,0.271268057784912,0.729230769230769,0.724031007751938,0.394944707740916,0,0.286392405063291,0.290271132376396,0,0.702127659574468,0,0.322528363047002,0,0.28343949044586,0.284126984126984,0.714738510301109,0.434146341463415,0.267090620031797,0.511400651465798,0.511923688394277,0.34860883797054,0,0,0.321782178217822,0.327692307692308,0.286614173228346,0,0,0.72158154859967,0.765723270440252,0.573482428115016,0,0.848142164781906,0,0.35303776683087,0.26580226904376,0.67,0.707740916271722,0,0.798045602605863,0.5584,0.357371794871795,0.317262830482115,0.438985736925515,0.7296,0.296416938110749,0.0798045602605863,0.271844660194175,0,0.287925696594427,0,0.275806451612903,0.746774193548387,0.48202614379085,0,0,0.423948220064725,0.338187702265372,0.328050713153724,0.488958990536278,0.731974921630094,0.728434504792332,0.375201288244767,0.410296411856474,0,0.754385964912281,0.288244766505636,0,0.286885245901639,0.311216429699842,0.748807631160572,0.0108864696734059,0.724358974358974,0.265940902021773,0.793214862681745,0.723472668810289,0.737274220032841,0.850556438791733,0.50584307178631,0.724299065420561,0.271544715447154,0,0.444264943457189,0.295774647887324,0,0,0.7328125,0,0.730891719745223,0.270142180094787,0.460132890365449,0.717073170731707,0.72741935483871,0.568881685575365,0.306818181818182,0.625196850393701,0.0109717868338558,0.708674304418985,0.0554649265905383,0.0126582278481013,0,0.628019323671498,0.708978328173375,0.712460063897764,0.718110236220472,0.731629392971246,0.0112359550561798,0.0175438596491228,0.728706624605678,0.0095389507154213,0.00325732899022801,0.0241157556270096,0.0127591706539075,0.0111287758346582,0.737012987012987,0.0172413793103448,0.73489932885906,0.729468599033816,0.0115321252059308,0.741573033707865,0.0495356037151703,0.738170347003155,0.676948051948052,0.7328125,0.731825525040388
"365",0.99835255354201,1,0.969453376205788,0.935537190082645,0.98330550918197,1,0.893964110929853,0.970873786407767,1,0,1,0,0.554828150572831,1,0.0420711974110032,0.00811688311688312,0,0.0130293159609121,0.996774193548387,0.982142857142857,0.159869494290375,0.0285714285714286,0.990322580645161,0,0.955954323001631,0.254515599343186,0.116086235489221,0.988255033557047,0.462757527733756,0.675762439807384,0,0.6677471636953,0.749180327868852,0.280844155844156,0,1,0.014308426073132,0.995192307692308,0.24804992199688,0.904684975767367,0.00163132137030995,0.0144694533762058,0.00479233226837061,1,0.77834179357022,0.0196078431372549,0.511627906976744,0,0.454258675078864,0.131955484896661,0,0.993453355155483,0.262903225806452,1,0.890499194847021,0.154228855721393,0,0.973288814691152,0.958199356913183,0.890675241157556,0.29126213592233,0.428341384863124,0,0,0.891846921797005,0.818035426731079,0,0.986991869918699,0,0,0.848387096774194,0.00321543408360129,0.0178282009724473,1,0,0.697262479871176,0.043338683788122,0.559543230016313,0.893760539629005,0.248722316865417,0,0.692431561996779,0.207874015748031,0.99837925445705,0.113418530351438,0.907790143084261,0.99512987012987,0.967373572593801,0.966183574879227,0.0110935023771791,0.983525535420099,1,0,0,0.972927241962775,0,0.296774193548387,0.979299363057325,0.00794912559618442,0.00811688311688312,0.602605863192182,0,0.28125,1,0.0987261146496815,1,0.00833333333333333,0.975609756097561,0,0.00657894736842105,0.00963081861958266,0.910891089108911,0.305418719211823,0.99344262295082,0,0.985645933014354,0.687296416938111,0,0,0.227868852459016,0,0.752012882447665,0.247540983606557,0.0731292517006803,0.969404186795491,0.149108589951378,0.998394863563403,0.9967585089141,0,0.546644844517185,0.929373996789727,0.477611940298507,0.988486842105263,0,0.996688741721854,0.0222929936305732,0,0.210963455149502,0.632520325203252,0.515806988352745,0,0,0.977272727272727,0.758116883116883,0.171900826446281,1,0.0065252854812398,0.916129032258065,0.406666666666667,0.9792663476874,0.123745819397993,0.985342019543974,1,0.830894308943089,0.995176848874598,0,1,0,0,0.721044045676998,0.872239747634069,0.982171799027553,0.0128,0,1,0.438333333333333,1,1,1,0.294022617124394,0.973983739837398,0.0016366612111293,0.947535771065183,0,0.897394136807818,0.369774919614148,0,0.983739837398374,0,0.84775641025641,1,0.127906976744186,0.9792,0.948635634028893,0.995245641838352,0.972712680577849,0.0872374798061389,0.358974358974359,0.920922570016474,0.934747145187602,0.0467741935483871,0.00489396411092985,0.978688524590164,0.857605177993528,0,0,0.301980198019802,0.00161290322580645,1,0.245192307692308,0.879032258064516,0.756756756756757,0.988817891373802,0.438825448613377,0.434991974317817,0.298531810766721,0.91900826446281,0.962233169129721,0.879365079365079,0,0.882067851373183,0.171717171717172,0.930578512396694,0,0.0679304897314376,0.53484602917342,0.974025974025974,0.981012658227848,0.815614617940199,0.998389694041868,0.882825040128411,0,0.0700636942675159,0.66025641025641,0.995065789473684,0,0.993558776167472,0.97933227344992,0.543230016313214,0.534621578099839,0.988543371522095,1,0.359271523178808,0,0.888888888888889,0.5,0.968013468013468,0,0.952,0.99836867862969,1,0.949346405228758,0.510569105691057,0.00165837479270315,0.970247933884298,0.534733441033926,0.00477707006369427,0.00158227848101266,0.193708609271523,0,0.147899159663866,0.678343949044586,0,0.00483091787439614,0.00967741935483871,0.583732057416268,0.0397350993377483,0.981727574750831,0.0114942528735632,0,0,0.222402597402597,1,0.978930307941653,0.90032154340836,0,0.874380165289256,0.845181674565561,0.668810289389068,0.581818181818182,0.440789473684211,0.453333333333333,0.00970873786407767,1,0.0845295055821372,0.679054054054054,0.960720130932897,0.0113085621970921,0.745484400656814,0.0016025641025641,0.109677419354839,1,1,0.895,0,0.6448,0.887603305785124,0,0,0.895734597156398,0.978583196046129,0,0.0016,0,0.978476821192053,0.873737373737374,0,0,0.385502471169687,0.990243902439024,0.773228346456693,0.377450980392157,0.656910569105691,0.9664,0.00814332247557003,1,1,0.00649350649350649,0.959742351046699,1,0.975124378109453,0.998392282958199,0.188216039279869,0.319488817891374,0.283870967741935,0.971666666666667,0.938127090301003,0.0405844155844156,0.259319286871961,0.973684210526316,0.150819672131148,0.29264475743349,0.993579454253612,0.996688741721854,0.966074313408724,0.685430463576159,0.998384491114701,0.240983606557377,0.961476725521669,0.996688741721854,0,0.318255250403877,0.548172757475083,0.0164203612479475,0.0470779220779221,0.00638977635782748,0.906451612903226,0.028892455858748,0,0,0.231884057971014,0.99344262295082,0.0749185667752443,0.988054607508532,0.969004893964111,0.986754966887417,0.28476821192053,0.290697674418605,0.662809917355372,0.444073455759599,0,0.814935064935065,0.0144,0.0432,0.193548387096774,1,0.00160771704180064,0,0.331168831168831,0.00969305331179321,0.0246305418719212,0.455882352941176,1,0.252971137521222,1,0.971807628524046,0,0.992319508448541,0,0.998427672955975,0.825448613376835,1,0.012987012987013,0.975806451612903,0,0.890675241157556,0.706281833616299,0.940705128205128,0.985576923076923,0.996747967479675,0.29344262295082,0.958745874587459,1,0,0.0241157556270096,1,1,0.311183144246353,0.88562091503268,0.960884353741497,0.943729903536977,1,0,0.112956810631229,1,0.0016366612111293,0,0.967159277504105,0.00831946755407654,0.0373376623376623,1,0.970394736842105,0.00324149108589951,0.610197368421053,0.421311475409836,0.982113821138211,0.00167224080267559,0.867213114754098,0.998338870431894,0.375415282392027,0.606451612903226,0.785597381342062,0,0.154859967051071,0.973684210526316,0.998387096774194,0.443708609271523,1,0.974358974358974,0.0306451612903226,0.0016260162601626,0.983792544570502,0.995114006514658,0.944535073409462,0.679549114331723,0.0066006600660066,0.86863711001642,0.235008103727715,0.17258883248731,0.0062992125984252,0.609634551495017,0.599033816425121,0.611111111111111,0,0.266101694915254,0.908045977011494,0.629984051036683,0.502377179080824,0.07981220657277,0,0,1,0.974723538704581,0,0.919093851132686,0.0115702479338843,0,0,0.998373983739837,0,1,0.76759410801964,0.526315789473684,1,0,0,0.99347471451876,0.956112852664577,0.704361873990307,0,0.00328947368421053,0.880452342487884,0.603252032520325,1,0.526484751203852,0.345394736842105,0,0.9792,0,0.948504983388704,0.0786885245901639,0,0.00940438871473354,0.117549668874172,0.479661016949153,0.969205834683955,0,0.94551282051282,0.974317817014446,1,0,0.0658978583196046,0.935652173913043,0.00338983050847458,1,1,0.0096,1,0.304838709677419,0.803827751196172,0.00803858520900321,0.16887417218543,0.952614379084967,0.0115511551155116,0,0.967213114754098,0.00831946755407654,0.640983606557377,0.360330578512397,0,0.105519480519481,0.733777038269551,0.258064516129032,0.974317817014446,0,0.146496815286624,0.453310696095076,0.934609250398724,0.874403815580286,0.957792207792208,0.740066225165563,0,0.982343499197432,0,0.975922953451043,0.391014975041597,0,1,1,1,0.631239935587762,0.983792544570502,0.119672131147541,0.181089743589744,0.9408,0.880191693290735,0,0,0.988429752066116,0.930116472545757,0.0149501661129568,0.981636060100167,0.990228013029316,0.372131147540984,0.930807248764415,0.733224222585925,0.882725832012678,0,0.966996699669967,0.334983498349835,1,1,0,0.63474025974026,0.975490196078431,0,0.683360258481422,0.3616,0.795631825273011,0.68130081300813,0.953488372093023,0.0824088748019017,0.978333333333333,1,0.977455716586151,0.291666666666667,0.0939044481054366,0.990228013029316,1,0.00643086816720257,0.77207062600321,0.4448,0.239549839228296,0.753225806451613,1,0.888529886914378,1,0.127388535031847,0,0,0.814262023217247,0.0033500837520938,0,0.258169934640523,0,0.988691437802908,0.900641025641026,0.99837925445705,0.995153473344103,0.0873146622734761,0,0,0,0.165820642978003,0.0762852404643449,0.144039735099338,0,0,1,0.00637958532695375,0.292153589315526,1,0.571192052980132,0.970731707317073,0.654838709677419,0.63301282051282,0,1,0.396321070234114,0.495867768595041,0.928125,0.9888,0.389967637540453,0.0096,0.946428571428571,0.950715421303657,0,0.966453674121406,0.0129032258064516,0.986509274873524,0.439418416801292,0,0.00970873786407767,0.523890784982935,0.824302134646962,0,0.130505709624796,0.011437908496732,0.0016750418760469,0.729984301412873,0.0214168039538715,1,0.309904153354633,0.992,0,0.378205128205128,0.32890365448505,0.86644407345576,0.0957983193277311,0.00483870967741936,0.00324675324675325,0.0347107438016529,0,0.995283018867924,0.0383333333333333,0.979623824451411,0.00327868852459016,1,0,0.496805111821086,0.457095709570957,1,0,0.998394863563403,0,0.38047138047138,0.988745980707395,0,0.631496062992126,0.976859504132231,0.739770867430442,0.946932006633499,0.0303030303030303,0,1,0.253611556982344,0,0.667202572347267,0,0.0158730158730159,1,1,0.990322580645161,0.969055374592834,0.980456026058632,0,0.973813420621931,0.0174603174603175,0.343548387096774,0.261712439418417,0.991935483870968,0.996732026143791,0.993630573248408,0.992012779552716,0.0522875816993464,0.0132669983416252,0.981450252951096,0.952456418383518,0.70952380952381,0.979166666666667,1,0.970731707317073,0,0,0.981308411214953,0,0.0609951845906902,0,0.947967479674797,0.26218487394958,0.20364238410596,0.106687898089172,0.915702479338843,0,0.0988467874794069,1,1,0.628205128205128,0.419405320813772,0.208398133748056,0.164817749603803,0.651006711409396,0,0.129084967320261,0.537964458804523,0.256535947712418,0.692185007974482,0.00981996726677578,0,0,0.322899505766063,1,0.622149837133551,0.21939586645469,0.610845295055821,0.878787878787879,0.987281399046105,0.958904109589041,0.974958263772955,1,1,0.534426229508197,0.410048622366288,0.99836867862969,0.00627943485086342,0.00941915227629513,0.870279146141215,0.00947867298578199,1,0.980645161290323,0,0.107508532423208,0,0.940032414910859,0,0.97411003236246,1,0.00806451612903226,0.833605220228385,1,0.647350993377483,0.621970920840065,0.879478827361563,0,0,0.925297113752122,0.941640378548896,0.987220447284345,0,0,0,0.228346456692913,0.495987158908507,0,0.429497568881686,0,0.919803600654664,1,0.158940397350993,0.235576923076923,0,0.331699346405229,0.585089141004862,0.8688,0.961783439490446,0.768729641693811,0,0.986599664991625,0.0163398692810458,1,0,0.981191222570533,0.00647249190938511,1,0.0180623973727422,0.00847457627118644,0,0,0.814516129032258,0.926298157453936,0.941732283464567,0.712,0.029874213836478,0.0066006600660066,0.822185970636215,0.832258064516129,0,0.00977198697068404,0.965742251223491,0,0.985,0.957210776545166,0.0625,0.040650406504065,0.00161812297734628,1,0.448675496688742,0.0691318327974277,0.0963455149501661,0.110047846889952,0.670016750418761,0.102564102564103,1,0,0.752475247524752,0.982286634460548,0.00328947368421053,0,0,0,0,1,0.712605042016807,0,0,0.531045751633987,0.956882255389718,0.4375,0.0461049284578696,0.00165562913907285,0.050251256281407,0.0130081300813008,0,0.0264900662251656,0.00632911392405063,0.0016366612111293,0.00963081861958266,0,0.0440456769983687,0.0513643659711075,0.014218009478673,0.0133111480865225,0.0033500837520938,0.0180032733224223,0.0163398692810458,0.0550161812297735,0.00813008130081301,0.0128824476650564,0,0.00324149108589951,0.0421393841166937,0.00483870967741936,0.019047619047619,0,0.0385232744783307,0,0.00165562913907285
"366",0.962843295638126,0.964968152866242,0.936825885978428,0.910685805422648,0.949180327868852,0.970540098199673,0.868589743589744,0.940157480314961,0.967340590979782,0,0.96875,0,0.565008025682183,0.968,0.0758513931888545,0.0390015600624025,0,0.0158227848101266,0.967637540453074,0.95447409733124,0.176190476190476,0.058252427184466,0.9629057187017,0,0.924409448818898,0.2704,0.1421875,0.959742351046699,0.489922480620155,0.687306501547988,0.0282131661442006,0.689274447949527,0.766192733017378,0.289514866979656,0,0.968652037617555,0.0171606864274571,0.967289719626168,0.285932721712538,0.91601866251944,0,0.0186915887850467,0.0046656298600311,0.968354430379747,0.754746835443038,0.0481540930979133,0.51188589540412,0.0249609984399376,0.462480857580398,0.156589147286822,0,0.961783439490446,0.284603421461897,0.966613672496025,0.860576923076923,0.1872,0,0.969889064976228,0.926100628930818,0.875583203732504,0.300940438871473,0.456964006259781,0.0338164251207729,0,0.899676375404531,0.827586206896552,0,0.960629921259842,0,0.0318979266347687,0.821705426356589,0.0344287949921753,0.055205047318612,0.964723926380368,0,0.728395061728395,0.0829420970266041,0.588976377952756,0.887278582930757,0.281198003327787,0,0.698907956318253,0.229709035222052,0.964006259780908,0.12597200622084,0.883720930232558,0.962204724409449,0.940902021772939,0.940532081377152,0.0108695652173913,0.958466453674121,0.963020030816641,0,0,0.941935483870968,0,0.316037735849057,0.950078003120125,0.00622083981337481,0.00786163522012579,0.606687898089172,0,0.304487179487179,0.965354330708661,0.129829984544049,0.965686274509804,0.0112179487179487,0.946708463949843,0.0253968253968254,0.0330708661417323,0.0386398763523957,0.880382775119617,0.341121495327103,0.968253968253968,0,0.952456418383518,0.702325581395349,0,0.0345911949685535,0.255485893416928,0,0.7734375,0.262243285939968,0.109149277688604,0.938775510204082,0.171826625386997,0.965354330708661,0.962382445141066,0,0.555382215288612,0.916403785488959,0.504038772213247,0.958795562599049,0,0.957654723127036,0.0522273425499232,0,0.231139646869984,0.60952380952381,0.527687296416938,0,0,0.94794952681388,0.772445820433437,0.192556634304207,0.96551724137931,0.0394944707740916,0.887301587301587,0.409967845659164,0.943683409436834,0.169902912621359,0.9515625,0.97092084006462,0.811819595645412,0.961783439490446,0.0319488817891374,0.968354430379747,0.0330708661417323,0,0.768860353130016,0.851162790697674,0.971518987341772,0.0404354587869362,0,0.963076923076923,0.442834138486312,0.967845659163987,0.973186119873817,0.967136150234742,0.301075268817204,0.946117274167987,0.0354838709677419,0.924382716049383,0.0339506172839506,0.871632329635499,0.384858044164038,0,0.951690821256039,0,0.847723704866562,0.96417445482866,0.15112540192926,0.952830188679245,0.922360248447205,0.969558599695586,0.946153846153846,0.133437990580848,0.375,0.893203883495146,0.922098569157393,0.0854430379746835,0.037037037037037,0.942766295707472,0.842767295597484,0,0,0.318541996830428,0,0.967889908256881,0.273700305810398,0.858954041204437,0.749606299212598,0.951293759512938,0.436708860759494,0.462132921174652,0.295345104333868,0.897476340694006,0.933858267716535,0.860062893081761,0,0.868012422360248,0.204213938411669,0.912420382165605,0.036741214057508,0.0975232198142415,0.538827258320127,0.94794952681388,0.942989214175655,0.821875,0.962204724409449,0.893819334389857,0,0.0977917981072555,0.696923076923077,0.964516129032258,0,0.967642526964561,0.94969512195122,0.557299843014129,0.53343949044586,0.969551282051282,0.968954248366013,0.380032206119163,0,0.863141524105754,0.534072900158479,0.935379644588045,0.0340557275541796,0.933846153846154,0.963317384370016,0.960505529225908,0.939102564102564,0.519561815336463,0.0382775119617225,0.936305732484076,0.539657853810264,0.0303030303030303,0.0341085271317829,0.224522292993631,0.0332805071315372,0.171383647798742,0.647692307692308,0.0264797507788162,0.035548686244204,0.0363349131121643,0.5890625,0.0690208667736758,0.95389507154213,0.00961538461538462,0.0284810126582278,0,0.260450160771704,0.96656050955414,0.955342902711324,0.865414710485133,0,0.852216748768473,0.85781990521327,0.676751592356688,0.606060606060606,0.455271565495208,0.462157809983897,0.010989010989011,0.963022508038585,0.130232558139535,0.699029126213592,0.930817610062893,0.044822256568779,0.74375,0.0333863275039746,0.158730158730159,0.970633693972179,0.965630114566285,0.8736,0,0.647058823529412,0.861244019138756,0,0.03125,0.873634945397816,0.943037974683544,0,0.0293663060278207,0.0325077399380805,0.944178628389155,0.85553772070626,0.0261011419249592,0,0.393081761006289,0.966074313408724,0.782945736434108,0.396551724137931,0.666666666666667,0.93125,0.0408805031446541,0.972006220839813,0.965625,0.0347551342812006,0.945397815912636,0.966666666666667,0.977883096366509,0.967492260061919,0.203852327447833,0.312893081761006,0.299840510366826,0.935897435897436,0.917065390749601,0.0481366459627329,0.292332268370607,0.939968404423381,0.163779527559055,0.333333333333333,0.962441314553991,0.966876971608833,0.942006269592476,0.728455284552846,0.969230769230769,0.262738853503185,0.93730407523511,0.966824644549763,0,0.328660436137072,0.543269230769231,0.0484375,0.0514820592823713,0.0446153846153846,0.895148669796557,0.0607476635514019,0.0357698289269051,0,0.249607535321821,0.95859872611465,0.0942812982998454,0.95364238410596,0.938388625592417,0.953376205787781,0.310897435897436,0.30718954248366,0.688087774294671,0.451876019575856,0,0.821371610845295,0.0428134556574924,0.0695517774343122,0.2109375,0.964912280701754,0.033175355450237,0,0.3296875,0.0388802488335925,0.0556438791732909,0.473767885532591,0.967136150234742,0.2914653784219,0.971807628524046,1,0,0.957957957957958,0.0311526479750779,0.966257668711656,0.864864864864865,0.965964343598055,0.0390625,0.978125,0.0327102803738318,0.900630914826498,0.700813008130081,0.924764890282132,0.95679012345679,0.970125786163522,0.308544303797468,0.941455696202532,0.962558502340094,0.0343213728549142,0.0578125,0.962025316455696,0.968798751950078,0.332278481012658,0.89375,0.935691318327974,0.931142410015649,0.969088098918083,0,0.11869918699187,0.970125786163522,0.0368,0,0.930979133226324,0.00807754442649435,0.0780487804878049,0.965891472868217,0.936406995230525,0.00322061191626409,0.621236133122029,0.419811320754717,0.951768488745981,0.0274636510500808,0.850793650793651,0.967373572593801,0.3968,0.602167182662539,0.771065182829889,0,0.184887459807074,0.947284345047923,0.96513470681458,0.451010886469673,0.967441860465116,0.95,0.0653907496012759,0,0.953051643192488,0.969936708860759,0.920684292379471,0.699059561128527,0.0361067503924647,0.853543307086614,0.250788643533123,0.208881578947368,0.00476947535771065,0.635483870967742,0.594294770206022,0.592767295597484,0,0.294975688816856,0.890995260663507,0.659305993690852,0.531881804043546,0.104229607250755,0,0,0.961595273264402,0.979938271604938,0,0.893915756630265,0.0112179487179487,0,0,0.968847352024922,0,0.967266775777414,0.756923076923077,0.530674846625767,0.967791411042945,0,0,0.965463108320251,0.939346811819596,0.742589703588144,0.0276073619631902,0.00162074554294976,0.854938271604938,0.600931677018634,0.963549920760697,0.521671826625387,0.346709470304976,0,0.953271028037383,0.0372168284789644,0.934504792332268,0.119617224880383,0,0.0383435582822086,0.13452188006483,0.507487520798669,0.93953488372093,0,0.924148606811146,0.949843260188088,0.965732087227414,0,0.102272727272727,0.941763727121464,0.0358890701468189,0.96411856474259,0.966205837173579,0.0415335463258786,0.97007874015748,0.307931570762053,0.794212218649518,0.0364500792393027,0.196747967479675,0.942006269592476,0.00789889415481832,0.0266875981161695,0.938366718027735,0.0453074433656958,0.676948051948052,0.394366197183099,0,0.133228840125392,0.730337078651685,0.273865414710485,0.941915227629513,0.0299212598425197,0.168730650154799,0.473684210526316,0.915384615384615,0.861111111111111,0.944267515923567,0.753554502369668,0,0.958074534161491,0.0376766091051805,0.968652037617555,0.392156862745098,0.0354391371340524,0.964285714285714,0.968503937007874,0.965023847376789,0.615141955835962,0.959247648902821,0.15814696485623,0.211783439490446,0.916666666666667,0.8640625,0,0,0.957413249211357,0.906602254428341,0.0482315112540193,0.952305246422893,0.962204724409449,0.381102362204724,0.89776357827476,0.724473257698541,0.865834633385335,0,0.933858267716535,0.349282296650718,0.962732919254658,0.967136150234742,0,0.677725118483412,0.94408945686901,0.0336,0.697560975609756,0.388888888888889,0.824773413897281,0.673701298701299,0.942598187311178,0.121684867394696,0.94888178913738,0.970031545741325,0.953198127925117,0.326298701298701,0.134375,0.959119496855346,0.968085106382979,0.00623052959501558,0.798425196850394,0.462992125984252,0.271450858034321,0.758346581875994,0.97339593114241,0.868878357030016,0.968652037617555,0.124416796267496,0.0279605263157895,0,0.812995245641838,0.037156704361874,0.0365079365079365,0.300469483568075,0,0.962025316455696,0.897832817337461,0.967391304347826,0.95968992248062,0.113385826771654,0.0318471337579618,0,0,0.199036918138042,0.111821086261981,0.189792663476874,0,0.0264797507788162,0.966719492868463,0.0218408736349454,0.313291139240506,0.971153846153846,0.583333333333333,0.950080515297907,0.638065522620905,0.621374045801527,0,0.96969696969697,0.398073836276083,0.507109004739337,0.897709923664122,0.954545454545455,0.385335413416537,0.00473186119873817,0.919685039370079,0.92,0,0.936267071320182,0.0471698113207547,0.953947368421053,0.448275862068966,0,0.00784929356357928,0.50990099009901,0.824,0.0362776025236593,0.154330708661417,0.010989010989011,0,0.742813918305598,0.0471698113207547,0.964765100671141,0.326717557251908,0.955521472392638,0.0336391437308868,0.368088467614534,0.321086261980831,0.855769230769231,0.108064516129032,0.0329153605015674,0,0.074313408723748,0,0.960122699386503,0.0661290322580645,0.944954128440367,0.0355411954765751,0.966507177033493,0,0.513178294573643,0.481658692185008,0.963836477987421,0,0.97196261682243,0,0.405228758169935,0.961240310077519,0,0.643962848297214,0.949367088607595,0.713607594936709,0.925686591276252,0.0630769230769231,0,0.965023847376789,0.284578696343402,0,0.690993788819876,0.0339506172839506,0.046583850931677,0.962962962962963,0.964573268921095,0.962204724409449,0.939297124600639,0.948717948717949,0,0.950155763239875,0.0219435736677116,0.368421052631579,0.301242236024845,0.960876369327074,0.962085308056872,0.972222222222222,0.959438377535101,0.0516431924882629,0.0398089171974522,0.952459016393443,0.943307086614173,0.737909516380655,0.949685534591195,0.967238689547582,0.950715421303657,0,0,0.989409984871407,0,0.0947867298578199,0,0.921630094043887,0.300319488817891,0.222402597402597,0.1421875,0.900473933649289,0,0.13166144200627,0.965244865718799,0.967032967032967,0.62992125984252,0.41203007518797,0.232876712328767,0.200622083981337,0.634069400630915,0.0326594090202177,0.146875,0.541062801932367,0.274294670846395,0.716049382716049,0.041335453100159,0,0.0318471337579618,0.341772151898734,0.969004893964111,0.61214953271028,0.244309559939302,0.646781789638933,0.868624420401855,0.976851851851852,0.934533551554828,0.943729903536977,0.972624798711755,0.959612277867528,0.559429477020602,0.406885758998435,0.973643410852713,0.0365853658536585,0.0428134556574924,0.854914196567863,0.010752688172043,0.975155279503106,0.9671875,0,0.128824476650564,0,0.92109500805153,0,0.947368421052632,0.965244865718799,0.0445468509984639,0.815748031496063,0.969512195121951,0.6384,0.602825745682888,0.852327447833066,0,0,0.905691056910569,0.917293233082707,0.956521739130435,0,0,0.0292682926829268,0.2642089093702,0.521394611727417,0,0.45141065830721,0,0.8848,0.9648,0.192368839427663,0.255924170616114,0,0.333863275039746,0.580188679245283,0.885579937304075,0.934984520123839,0.758620689655172,0.0317965023847377,0.959935897435897,0.0157977883096366,0.972712680577849,0,0.947692307692308,0.00773993808049536,0.970873786407767,0.0544,0.0254777070063694,0,0,0.81591263650546,0.921951219512195,0.90809968847352,0.711213517665131,0.0523882896764253,0.0412698412698413,0.795918367346939,0.814024390243902,0,0.0458860759493671,0.938291139240506,0,0.980982567353407,0.92846034214619,0.0947867298578199,0.0380348652931854,0.0329153605015674,0.962790697674419,0.454838709677419,0.111111111111111,0.127035830618893,0.132605304212168,0.713365539452496,0.122480620155039,0.967897271268058,0,0.774960380348653,0.957878315132605,0.00317965023847377,0,0.0287878787878788,0,0.0360501567398119,0.971518987341772,0.689320388349515,0.0333333333333333,0.0366826156299841,0.548076923076923,0.915227629513344,0.458528951486698,0.0436817472698908,0.0309951060358891,0.0506535947712418,0.0170542635658915,0,0.0487421383647799,0.0369230769230769,0.0388349514563107,0.0360501567398119,0.0306748466257669,0.0470016207455429,0.0557275541795666,0.0429252782193959,0.019047619047619,0.00490196078431373,0.0250391236306729,0.0234375,0.055205047318612,0.04,0.0207006369426752,0.0294117647058824,0.0316957210776545,0.0439024390243902,0.0380952380952381,0.0291411042944785,0.0306748466257669,0.063391442155309,0.036979969183359,0.0299684542586751
"367",0,0,0,0,0,0,0.0124416796267496,0.00154559505409583,0,1,0,1,0,0,0,0,1,0.981366459627329,0,0,0,0,0,1,0,0,0,0,0,0,0,0,0.00158730158730159,0,1,0,0.978658536585366,0,0,0,0.998435054773083,0.981424148606811,0.992343032159265,0,0,0,0,0,0,0,1,0,0,0,0.0125588697017268,0,1,0,0.00305343511450382,0,0,0,0,1,0,0,1,0,1,0,0,0,0,0,1,0,0,0,0.00156985871271586,0,1,0,0,0,0,0,0,0,0.00151975683890578,0.987933634992459,0,0,1,1,0,1,0.0170542635658915,0,0.990922844175492,0.989147286821705,0.009375,1,0,0,0,0,0.989197530864197,0.00307692307692308,0,0,0,0.0154798761609907,0,0,1,0,0,1,0,0,1,0.0015600624024961,0,0,0,0,0,0,1,0.0062111801242236,0,0,0,1,0,0,1,0,0,0.00637958532695375,1,1,0,0,0,0,0,0,0,0,0,0,0,0,0,0,0,0,1,0,0.00448430493273543,0,0,1,0,0,0,0,0,0,0,0,0,0,0.00156739811912226,0,1,0,1,0,0,0,0,0,0,0,0,0,0,0,0,0,0,0.0212765957446809,1,1,0,0.998461538461539,0,0,0.0124416796267496,0,0,0,0,0,0,0,0.00152439024390244,1,0,0,0,0,0,0.00464396284829721,0,0,0.0015600624024961,0,0,1,0,0,0,1,0,0,0.0046875,0,0,0,0.0172143974960876,1,0.0136363636363636,0,0,0,0,0,0,0,0,0,0,0,0,0,0,0,0,0,0,0,0,0,0,0,0.987673343605547,0,1,0.0015552099533437,0,0,0,1,0.00158227848101266,0.00304878048780488,0,0,0,0,0.987711213517665,0,0,0,0,0,0,0,0,0,0,0.014218009478673,1,0,0.0172684458398744,1,0,0.0151285930408472,0.00156494522691706,1,0,0,0,0,0,1,0.0155038759689922,0,0,0,0,0,0,0,0,0,0,0,0,0,0,0,0,0.00313971742543171,0,0.950920245398773,0,0,0,0,0,0,0,0,0,0,0,0,1,0,0.00788643533123028,0,0.951219512195122,0,0,0,0,1,0,0,0,0,0,0,0,0,0,0,1,0,0,0,0,0,0,1,0,0,0,0.00155763239875389,0,0,0,0,1,0,0,0,0,0,0,0,0,0,0,0,0,0.0015625,0,0,0,0,0,0,0,0,0,0,0,0,1,0,0,0,1,0,0.987281399046105,0,0,0,0.995297805642633,0.00775193798449612,0,0,0,0,0,0,0,0,1,0,0.00158227848101266,0,0,0,0,0,0.998466257668712,0,0,0,0,0,0.0046875,0,0.0147299509001637,0.992307692307692,0,0,0,1,0,0.00155038759689922,0,0,0,1,1,0,0,1,0,0.989147286821705,1,1,0,1,0,0.00154798761609907,0.00606060606060606,0,1,1,0,0,0,0,0.996850393700787,0.0194319880418535,0,0,0,0,1,0,0,0.00156494522691706,0,1,0,0,0,0,1,0,0,0,1,0,0,0,0,0,0,0,0,0,0,0,0,0.9890625,0,0,0,0,0.014018691588785,1,0,0.00156985871271586,0,0,0,0,0,0,0,0,0,1,0,0,0,0.00323624595469256,0,0,0,0,0,0,0,0,0,0.0139103554868624,1,1,0,0,0,0,0,0,0,0,0.0151285930408472,1,0,0.0171339563862928,0,0,1,0,0,0,0.00157728706624606,0,0,0,0,0,0.00318471337579618,0,0,0.014218009478673,0.0234009360374415,0,0,0.990867579908676,0,0,0,0,0,0,0,0.770045385779123,0,1,0.00153139356814701,0,0,0,1,0,0,0,0,0,0,1,1,0,0,0,1,0,0,0.572078907435508,0,0,0.00928792569659443,0,0,0,1,0,0,0,0.0060882800608828,0,0,0.987577639751553,0,0,1,0,0,0,0,1,0.990783410138249,0,0,0,0,0.987596899224806,0.998405103668262,0,0,0,0,0,0,0,0,0.00471698113207547,0,0,0.996894409937888,0,1,0,0.156957928802589,0.0015015015015015,0,0,1,0,0,0,1,0,1,0,0,1,0.0185471406491499,0,0,0.0015748031496063,0,1,0,0,1,0,0,0,0,0,0,0.00155038759689922,0,1,0,0.978227060653188,0.0180722891566265,0,0,0,0,0,0.919452887537994,0,0,0,0,0,0,0,1,1,0,1,0,1,0,0,0,0,0,0.998454404945904,0,0,0,0,0,0,0,0,0,0,0,0,0,0,1,0,0.0173775671406003,0,0.0326086956521739,0,0,0.00460829493087558,0,0.00158982511923688,0,0,0,0,0,0,0,0,0.00156985871271586,0.988041853512706,0,0,1,0,1,0,1,0,0,0,0,0,0.0015552099533437,0,0.0186915887850467,1,1,0,0,0,1,1,0,0,0,1,0,1,0,0,0.0361635220125786,0,1,0,0,0,0,0,0,0,0.900306748466258,0,1,0,0.990825688073395,0,0,0.375987361769352,1,1,0,0,0.0107033639143731,0,0,0,0,0,1,0,0,1,0,0,0,0.962558502340094,0,0,0,0,0,0,0,0,0,1,0,0,0.995253164556962,1,0,1,0,0,0,0,0,0.004739336492891,0.0046583850931677,0,0.954198473282443,0,0.893416927899687,0.973724884080371,1,0.1609375,0,0,0.00606980273141123,0,0.954186413902054,0.948091603053435,0,0.975116640746501,0.990506329113924,0.945820433436533,0.969278033794163,0.948012232415902,0,0.967987804878049,0,0,0.960815047021944,0,0.926646706586826,0,0.0543478260869565,0,0
"368",0.993930197268589,0.989536621823617,0.973837209302326,0.944954128440367,0.989130434782609,0.99236641221374,0.900602409638554,0.98036253776435,0.989675516224189,0,0.991044776119403,0,0.570796460176991,0.992458521870287,0.0518518518518519,0.0180722891566265,0,0.0119940029985007,0.990740740740741,0.980769230769231,0.173913043478261,0.044478527607362,0.982430453879941,0,0.946587537091988,0.271341463414634,0.12202380952381,0.984399375975039,0.468115942028985,0.702781844802343,0.00890207715133531,0.693572496263079,0.769461077844311,0.299552906110283,0,0.99405646359584,0.0103092783505155,0.986646884272997,0.25904486251809,0.897473997028232,0,0.0148809523809524,0.00293255131964809,0.990909090909091,0.782071097372488,0.0287009063444109,0.522727272727273,0.00754147812971342,0.473607038123167,0.131964809384164,0,0.984984984984985,0.273402674591382,0.99251497005988,0.88955223880597,0.165905631659056,0,0.968036529680365,0.958579881656805,0.902077151335312,0.306332842415317,0.433035714285714,0.00754147812971342,0,0.894495412844037,0.813333333333333,0,0.985163204747775,0,0.00907715582450832,0.853766617429838,0.0176991150442478,0.027231467473525,0.991202346041056,0,0.718061674008811,0.0549777117384844,0.57847533632287,0.895136778115502,0.274725274725275,0,0.707964601769911,0.209677419354839,0.994100294985251,0.119117647058824,0.922287390029325,0.986686390532544,0.977645305514158,0.965976331360947,0.00736377025036819,0.983383685800604,0.991031390134529,0,0,0.967741935483871,0,0.293333333333333,0.988005997001499,0.00591715976331361,0.00602409638554217,0.608433734939759,0,0.286149162861492,0.99079754601227,0.108187134502924,0.992331288343558,0.00452488687782805,0.97910447761194,0.00764525993883792,0.0147275405007364,0.0147275405007364,0.909228441754917,0.321907600596125,0.985096870342772,0,0.989536621823617,0.700296735905044,0,0.00892857142857143,0.237160120845921,0,0.765060240963855,0.257731958762887,0.0895061728395062,0.974814814814815,0.152141802067947,0.986784140969163,0.989660265878877,0,0.540178571428571,0.941877794336811,0.492447129909366,0.981762917933131,0,0.986217457886677,0.0307017543859649,0,0.225266362252664,0.640298507462687,0.507598784194529,0,0,0.980712166172107,0.768768768768769,0.17457886676876,0.991004497751124,0.0136570561456753,0.935007385524372,0.405446293494705,0.982430453879941,0.149321266968326,0.980597014925373,0.990867579908676,0.839097744360902,0.99554234769688,0.00757575757575758,0.992548435171386,0.00750750750750751,0,0.733433734939759,0.871156661786237,0.977544910179641,0.0251479289940828,0,0.994100294985251,0.447166921898928,0.992248062015504,0.992526158445441,0.992559523809524,0.297058823529412,0.982062780269058,0.0104477611940299,0.950437317784257,0.0101449275362319,0.900302114803625,0.387240356083086,0,0.979041916167665,0,0.849478390461997,0.992492492492492,0.133535660091047,0.983703703703704,0.947136563876652,0.98121387283237,0.96759941089838,0.102373887240356,0.368575624082232,0.920367534456355,0.952671755725191,0.0590841949778434,0.0163934426229508,0.981790591805766,0.857142857142857,0,0,0.304804804804805,0,0.99266862170088,0.254730713245997,0.877675840978593,0.758160237388724,0.992647058823529,0.437025796661609,0.441348973607038,0.29618320610687,0.914285714285714,0.960665658093797,0.875183553597651,0,0.872403560830861,0.185471406491499,0.948091603053435,0.00750750750750751,0.0743440233236152,0.529585798816568,0.975,0.982507288629738,0.829754601226994,0.991058122205663,0.88955223880597,0,0.0756676557863502,0.6759941089838,0.996965098634294,0,0.982248520710059,0.985486211901306,0.545045045045045,0.533532041728763,0.983630952380952,0.990683229813665,0.36036036036036,0,0.891812865497076,0.521674140508221,0.973846153846154,0.00895522388059702,0.964705882352941,0.996992481203008,0.992603550295858,0.948406676783004,0.531065088757396,0.0120663650075415,0.976047904191617,0.548579970104634,0.0132352941176471,0.0102941176470588,0.206015037593985,0.0103550295857988,0.161042944785276,0.683211678832117,0.00890207715133531,0.0133729569093611,0.0178571428571429,0.577485380116959,0.0461538461538462,0.980243161094225,0.00606060606060606,0.00745156482861401,0,0.227204783258595,0.992354740061162,0.971556886227545,0.900445765230312,0,0.874617737003058,0.842415316642121,0.683333333333333,0.602102102102102,0.46577380952381,0.454682779456193,0.00594353640416048,0.989312977099237,0.10762331838565,0.703875968992248,0.966817496229261,0.0176730486008837,0.761976047904192,0.0120481927710843,0.111607142857143,0.991150442477876,0.992211838006231,0.898176291793313,0,0.640648011782032,0.889226100151745,0,0.00878477306002928,0.897209985315712,0.981873111782477,0,0.0103857566765579,0.00888888888888889,0.986175115207373,0.880844645550528,0.00757575757575758,0,0.387481371087928,0.994011976047904,0.786026200873362,0.380029806259314,0.660550458715596,0.962630792227205,0.0163934426229508,0.991202346041056,0.992559523809524,0.0136157337367625,0.974814814814815,0.992503748125937,0.968085106382979,0.988041853512706,0.196374622356495,0.321481481481481,0.290178571428571,0.981818181818182,0.934984520123839,0.0491071428571429,0.273972602739726,0.98036253776435,0.15946348733234,0.310144927536232,1,0.987915407854985,0.973214285714286,0.704968944099379,0.98978102189781,0.259090909090909,0.969924812030075,0.990839694656489,0,0.328928046989721,0.533232628398791,0.0223880597014925,0.0541727672035139,0.0160349854227405,0.903614457831325,0.0297176820208024,0.00592592592592593,0,0.239097744360902,0.984939759036145,0.0764617691154423,0.987635239567233,0.972850678733032,0.989520958083832,0.284857571214393,0.294027565084227,0.680241327300151,0.44375,0,0.816265060240964,0.0175438596491228,0.0471281296023564,0.203513909224012,0.99079754601227,0.00896860986547085,0,0.338278931750742,0.0205882352941176,0.0314842578710645,0.466266866566717,0.992570579494799,0.276827371695179,0.992319508448541,0.957957957957958,0,1,0.00441176470588235,0.988304093567251,0.821162444113264,0.992343032159265,0.0179910044977511,0.969026548672566,0.0104790419161677,0.87987987987988,0.711213517665131,0.93491124260355,0.986764705882353,0.991031390134529,0.304154302670623,0.957957957957958,0.991266375545852,0.0072992700729927,0.0315789473684211,0.992458521870287,0.991150442477876,0.328908554572271,0.880530973451327,0.958715596330275,0.95864106351551,0.99261447562777,0,0.116030534351145,0.989505247376312,0.00749625187406297,0,0.969879518072289,0.00452488687782805,0.0455235204855842,0.991202346041056,0.969604863221885,0.00299850074962519,0.618343195266272,0.433431952662722,0.986238532110092,0.00759878419452888,0.869300911854103,0.995468277945619,0.374626865671642,0.61037037037037,0.789312977099237,0,0.162929745889387,0.983154670750383,0.989505247376312,0.458702064896755,0.991150442477876,0.965023847376789,0.0375375375375375,0.00150829562594268,0.983532934131736,0.991084695393759,0.961019490254873,0.696612665684831,0.0178306092124814,0.873493975903614,0.240713224368499,0.179527559055118,0.00295420974889217,0.618320610687023,0.604826546003017,0.625748502994012,0,0.280245022970904,0.904047976011994,0.633677991137371,0.519230769230769,0.0803443328550933,0,0,0.994342291371994,0.966374269005848,0,0.922962962962963,0.00602409638554217,0,0,0.989409984871407,0,0.990697674418605,0.783258594917788,0.516129032258065,0.989720998531571,0,0,0.983606557377049,0.961262553802009,0.722304283604136,0.00878477306002928,0.00154320987654321,0.881057268722467,0.605925925925926,0.994020926756353,0.533923303834808,0.340874811463047,0,0.979289940828402,0.00916030534351145,0.962006079027356,0.0878787878787879,0,0.0173160173160173,0.123076923076923,0.484375,0.968842729970326,0,0.956521739130435,0.974889217134417,0.992570579494799,0,0.0776255707762557,0.9375,0.0137825421133231,0.98962962962963,0.994211287988423,0.0133729569093611,0.991097922848665,0.304932735426009,0.818991097922849,0.0178837555886736,0.175038051750381,0.965309200603318,0.0045045045045045,0.00899550224887556,0.974814814814815,0.0151975683890578,0.663093415007657,0.380451127819549,0,0.124437781109445,0.729770992366412,0.267254038179148,0.977477477477477,0.0076103500761035,0.154867256637168,0.459876543209877,0.951683748169839,0.881656804733728,0.954887218045113,0.746932515337423,0,0.977711738484398,0.00736377025036819,0.96711509715994,0.37904468412943,0.00586510263929619,0.989520958083832,0.992469879518072,0.990922844175492,0.641791044776119,0.985207100591716,0.14567526555387,0.195522388059701,0.937972768532526,0.882615156017831,0,0,0.984939759036145,0.930875576036866,0.0197268588770865,0.984756097560976,0.991004497751124,0.368740515933232,0.93140243902439,0.733637747336377,0.885507246376812,0,0.962121212121212,0.334855403348554,0.992603550295858,0.994074074074074,0,0.635670731707317,0.974512743628186,0.00742942050520059,0.682852807283763,0.370090634441088,0.803751803751804,0.691131498470948,0.952243125904486,0.0886262924667651,0.982998454404946,0.994082840236686,0.983703703703704,0.300925925925926,0.105341246290801,0.991058122205663,0.991279069767442,0.00298953662182362,0.788461538461538,0.462222222222222,0.26497005988024,0.767511177347243,0.989505247376312,0.876488095238095,0.994100294985251,0.128129602356406,0.00933125972006221,0,0.817365269461078,0.0106382978723404,0.00597907324364723,0.279279279279279,0,0.988023952095808,0.919472913616398,0.989598811292719,0.994152046783626,0.101208459214502,0.00757575757575758,0,0,0.175572519083969,0.0867579908675799,0.15210843373494,0,0.00735294117647059,0.98962962962963,0.0130813953488372,0.292237442922374,0.990895295902883,0.578008915304606,0.960244648318043,0.665178571428571,0.643994211287988,0,0.992805755395683,0.38855421686747,0.497751124437781,0.926686217008798,0.989720998531571,0.399707174231332,0.00591715976331361,0.954819277108434,0.959940652818991,0,0.967930029154519,0.0253353204172876,0.989180834621329,0.440298507462687,0,0.00600600600600601,0.521806853582555,0.84812030075188,0.0104166666666667,0.133846153846154,0.00587371512481645,0,0.733142037302726,0.0298507462686567,0.992101105845182,0.31314623338257,0.988252569750367,0.00733137829912024,0.380177514792899,0.327188940092166,0.867692307692308,0.102446483180428,0.0117302052785924,0.00148367952522255,0.0503048780487805,0,0.98986975397974,0.046583850931677,0.985401459854015,0.012012012012012,0.993865030674847,0,0.523188405797101,0.46319018404908,0.990977443609023,0,0.994100294985251,0,0.388379204892966,0.985052316890882,0,0.644873699851412,0.984871406959153,0.756060606060606,0.951367781155015,0.0402985074626866,0,0.989598811292719,0.252252252252252,0,0.691285081240768,0.00725689404934688,0.0237741456166419,0.989393939393939,0.995461422087746,0.986899563318777,0.969742813918306,0.977544910179641,0,0.968796433878158,0.0133729569093611,0.347696879643388,0.283823529411765,0.988041853512706,0.983333333333333,0.986686390532544,0.982248520710059,0.0430906389301634,0.0239880059970015,0.989197530864197,0.964017991004498,0.718934911242604,0.974474474474474,0.991137370753324,0.974474474474474,0,0,0.974175035868006,0,0.0723781388478582,0,0.961367013372957,0.270229007633588,0.222395023328149,0.127031019202363,0.917557251908397,0,0.109955423476969,0.98956780923994,0.992492492492492,0.63855421686747,0.422857142857143,0.214793741109531,0.175775480059084,0.664145234493192,0.00735294117647059,0.123511904761905,0.552036199095023,0.264880952380952,0.705370101596517,0.0166163141993958,0,0.00606980273141123,0.320182094081942,0.990895295902883,0.602086438152012,0.234532374100719,0.615384615384615,0.879588839941263,0.978070175438597,0.961597542242704,0.980243161094225,0.992378048780488,0.990922844175492,0.543026706231454,0.406804733727811,0.991031390134529,0.0146412884333821,0.0189504373177843,0.874439461883408,0.0043859649122807,0.991189427312775,0.964285714285714,0,0.123664122137405,0,0.956325301204819,0,0.970501474926254,0.991071428571429,0.0132352941176471,0.847407407407407,0.991176470588235,0.656967840735069,0.623511904761905,0.882706766917293,0,0,0.929906542056075,0.945244956772334,0.992592592592593,0,0,0.00769230769230769,0.238235294117647,0.505952380952381,0,0.458770614692654,0,0.927051671732523,0.989690721649485,0.166666666666667,0.23935389133627,0,0.344461305007587,0.599700149925038,0.86646884272997,0.969298245614035,0.784546805349183,0.00757575757575758,0.99075500770416,0.0165413533834586,0.990811638591118,0,0.984011627906977,0.00448430493273543,0.992412746585736,0.0193740685543964,0.0167682926829268,0,0,0.8125,0.92846034214619,0.93859649122807,0.720588235294118,0.0279411764705882,0.0151285930408472,0.830075187969925,0.840116279069767,0,0.0196969696969697,0.960843373493976,0,0.978260869565217,0.965925925925926,0.0728083209509658,0.0391566265060241,0.0119225037257824,0.989614243323442,0.460829493087558,0.0814814814814815,0.106317411402157,0.111929307805596,0.683409436834094,0.102790014684288,0.993966817496229,0,0.748125937031484,0.976401179941003,0.00150602409638554,0,0.0101744186046512,0,0.0103857566765579,0.992537313432836,0.706240487062405,0.0076103500761035,0.00914634146341463,0.529680365296804,0.966966966966967,0.43740795287187,0.0441176470588235,0.010752688172043,0.0515625,0.00900900900900901,0,0.0363636363636364,0.0131578947368421,0.00754147812971342,0.0207715133531157,0.00589101620029455,0.0455235204855842,0.0548148148148148,0.0254110612855007,0.0104790419161677,0.00305343511450382,0.0195195195195195,0.0162962962962963,0.0578635014836795,0.0150375939849624,0.0149253731343284,0.00309119010819165,0.0106382978723404,0.0426179604261796,0.015015015015015,0.021865889212828,0.0102941176470588,0.0402985074626866,0.00723589001447178,0.012012012012012
"369",0.00157977883096367,0,0.0275650842266462,0.0506329113924051,0.0110759493670886,0,0.090625,0.0213089802130898,0,0,0,0,0.429447852760736,0,0.959752321981424,0.992307692307692,0,0.0015527950310559,0,0.0137404580152672,0.840062111801242,0.96474358974359,0.0105580693815988,0,0.0351145038167939,0.744582043343653,0.884555382215289,0.00952380952380952,0.51963746223565,0.307807807807808,1,0.295558958652374,0.219284603421462,0.712519319938176,0,0,0.0060790273556231,0.00461538461538462,0.737704918032787,0.0916030534351145,0,0,0,0,0.222575516693164,0.977777777777778,0.483870967741935,1,0.524663677130045,0.86036036036036,0,0.0062402496099844,0.719626168224299,0,0.1,0.836448598130841,0,0.0266457680250784,0.0332326283987915,0.0931297709923664,0.699537750385208,0.54434250764526,1,0,0.086677367576244,0.168195718654434,0,0.00923076923076923,0,1,0.144171779141104,0.993827160493827,0.979782270606532,0,0,0.26646248085758,0.951145038167939,0.406392694063927,0.0992125984251968,0.730081300813008,0,0.291350531107739,0.793984962406015,0.00151057401812689,0.882621951219512,0.0886850152905199,0.00459418070444104,0.0258751902587519,0.0259541984732824,0,0.0125391849529781,0,0,0,0.0203442879499218,0,0.676829268292683,0.0167173252279635,0,0,0.369397217928903,0,0.714508580343214,0,0.893778452200303,0,0,0.0154798761609907,1,0.992236024844721,0.990936555891239,0.073094867807154,0.66,0.00463678516228748,0,0.0121212121212121,0.28902627511592,0,1,0.766871165644172,0,0.223787167449139,0.74537037037037,0.919685039370079,0.0245022970903522,0.845921450151057,0,0.00307219662058372,0,0.445468509984639,0.0684292379471229,0.489763779527559,0.00928792569659443,0,0.00314465408805031,0.974320241691843,0,0.786499215070644,0.373831775700935,0.479495268138801,0,0,0.0168195718654434,0.222222222222222,0.831496062992126,0,0.992295839753467,0.0722135007849294,0.591614906832298,0.0165413533834586,0.862068965517241,0.0139318885448916,0,0.152905198776758,0,1,0,1,0,0.24804992199688,0.119155354449472,0.0186335403726708,0.978947368421053,0,0,0.536547433903577,0,0,0,0.710606060606061,0.019578313253012,0.998442367601246,0.040785498489426,1,0.088646967340591,0.627511591962906,0,0.0185471406491499,0,0.147744945567652,0,0.875968992248062,0.012326656394453,0.0446841294298921,0.00894187779433681,0.0166666666666667,0.898461538461538,0.623688155922039,0.0794392523364486,0.0537974683544304,0.943164362519201,0.993930197268589,0.0188383045525903,0.116564417177914,0,0,0.698907956318253,0,0,0.743202416918429,0.107309486780715,0.240853658536585,0.00759878419452888,0.567398119122257,0.546707503828484,0.698890649762282,0.0770416024653313,0.0246153846153846,0.120300751879699,0,0.120060790273556,0.820754716981132,0.0518053375196232,1,0.931714719271624,0.462480857580398,0.0232198142414861,0.0134529147982063,0.158218125960061,0,0.101538461538462,0,0.930232558139535,0.319083969465649,0,0,0.00759878419452888,0.0148588410104012,0.446808510638298,0.458914728682171,0.00934579439252336,0,0.610852713178295,0,0.0984848484848485,0.481538461538462,0.0285261489698891,1,0.0426829268292683,0.00157232704402516,0,0.0434108527131783,0.466360856269113,0.998444790046656,0.0276073619631902,0.45565749235474,0.99554234769688,0.998475609756098,0.773790951638066,1,0.848200312989045,0.327272727272727,1,0.995426829268293,0.989263803680982,0.420180722891566,0.965079365079365,0.0156739811912226,0,1,0,0.765163297045101,0,0.0152439024390244,0.100917431192661,0,0.118935837245696,0.134052388289676,0.308049535603715,0.393568147013783,0.541795665634675,0.527301092043682,0,0,0.907012195121951,0.292527821939587,0.0342146189735614,0.988005997001499,0.243369734789392,0.998456790123457,0.873668188736682,0,0,0.0887480190174326,0,0.35375191424196,0.0959752321981424,0,1,0.0917293233082707,0.0124031007751938,0,0.998475609756098,0.998487140695915,0.0140845070422535,0.112852664576803,1,0,0.598173515981735,0.0062015503875969,0.204236006051437,0.603053435114504,0.338050314465409,0.0305343511450382,0.989263803680982,0,0,0.992283950617284,0.0290519877675841,0,0.027027027027027,0,0.8125,0.670676691729323,0.70750382848392,0.0220125786163522,0.0432692307692308,0.00154559505409583,0.722308892355694,0.0218068535825545,0.845201238390093,0.680059523809524,0.00305343511450382,0.00154083204930663,0.0277349768875193,0.282988871224165,0.00151057401812689,0.744945567651633,0.0335365853658537,0.00157232704402516,0,0.668161434977579,0.442338072669826,0.982839313572543,0.00153139356814701,0.992343032159265,0.0797546012269939,0.975572519083969,1,0,0.776234567901235,0.00463678516228748,0.924382716049383,0.0142405063291139,0.03125,0.0078125,0.709828393135725,0.707086614173228,0.317411402157165,0.550079491255962,0,0.166153846153846,0.984939759036145,0.959090909090909,0.799691833590139,0,0.998473282442748,0,0.654320987654321,0.987878787878788,0.979559748427673,0.532407407407407,0,0.710862619808307,0,0.0311526479750779,0,0.00441176470588235,1,0.00149476831091181,0.160550458715596,0,0.987654320987654,0.0213089802130898,1,0.115919629057187,0.290423861852433,0.0426829268292683,0.013719512195122,0,0.698608964451314,0.0344287949921753,0,1,0.972477064220184,0,0,0.672256097560976,0.114551083591331,0.0322061191626409,0.047112462006079,0,0,0.88871473354232,0,0.998417721518987,0,0.0295031055900621,0,0.955108359133127,0,0.0324574961360124,0,0.371775417298938,0.578294573643411,0.0108527131782946,0.998432601880878,0.118195956454121,0,0.615384615384615,0.394216133942161,0.219092331768388,0,0.839506172839506,0.0188383045525903,0.00154798761609907,0.556060606060606,0,0.0273311897106109,0.973684210526316,0,0.0105105105105105,0.0046656298600311,0.0464396284829721,0.298484848484848,0.99375,0.120743034055728,0.76036866359447,0.802306425041186,0,0.374009508716323,0.400621118012422,0.37984496124031,0,0.708661417322835,0.0821705426356589,0.353474320241692,0.477996965098634,0.923076923076923,0,0,0,0.0258358662613982,0,0.0750382848392037,0,0,0,0,0,0,0.212403100775194,0.463746223564955,0,0,0,0.00759878419452888,0.0281899109792285,0.259541984732824,1,0,0.0978915662650602,0.402420574886536,0,0.459293394777266,0.648522550544324,0,0.0138036809815951,1,0.0423197492163009,0.908661417322835,0,0.990977443609023,0.878548895899054,0.507269789983845,0.0243161094224924,0,0.0496240601503759,0.0217054263565891,0,0,0.922958397534669,0.0635930047694754,0.995230524642289,0,0,0.992389649923896,0,0.703030303030303,0.182945736434109,0.990726429675425,0.828616352201258,0.0399385560675883,0,1,0.0273141122913505,0.995245641838352,0.322327044025157,0.608359133126935,0,0.879443585780526,0.246422893481717,0.73820395738204,0.0198170731707317,1,0.846153846153846,0.532258064516129,0.0512048192771084,0.101978691019787,0.0354938271604938,0.250381679389313,0,0.0152905198776758,1,0.03125,0.605475040257649,1,0,0,0,0.367601246105919,0.0138036809815951,0.872274143302181,0.804107424960506,0.0535168195718654,0.0967741935483871,0,0,0.00938967136150235,0.0664556962025316,0.984350547730829,0.0110236220472441,0.00459418070444104,0.634408602150538,0.0694444444444444,0.282539682539683,0.0986342943854325,0,0.0275650842266462,0.648818897637795,0,0,0,0.345256609642302,0.0251572327044025,1,0.303937007874016,0.609907120743034,0.184249628528975,0.297674418604651,0.0422322775263952,0.914925373134328,0.009375,0,0.0169753086419753,0.672985781990521,0.873846153846154,0.00612557427258806,0,0,0.20398773006135,0.535768645357686,0.728943338437979,0.227692307692308,0,0.104863221884498,0,0.104072398190045,1,0,0.170245398773006,0.996840442338073,1,0.716049382716049,0,0.00764525993883792,0.0910470409711684,0.00151515151515152,0.00302571860816944,0.913846153846154,1,0,0,0.827856025039124,0.914463452566096,0.837138508371385,0,1,0,0.419062027231467,0.705974842767296,0,0.408882082695253,0.028391167192429,0.332829046898638,0.365705614567527,0,0,0.61259842519685,0.505494505494505,0.0584707646176912,0.00749625187406297,0.603369065849923,0,0.0462249614791988,0.0408472012102874,0,0.029806259314456,0.983180428134557,0.0113085621970921,0.549770290964778,0,0,0.477346278317152,0.160436137071651,1,0.857594936708861,0,0,0.237878787878788,0.976671850699845,0,0.667682926829268,0.00598802395209581,1,0.626139817629179,0.665109034267913,0.116903633491311,0.900473933649289,0.995426829268293,0,0.963722397476341,0,0.00594353640416048,0.81259842519685,0.0164179104477612,0.99537037037037,0,0,0.481146304675716,0.517996870109546,0,0,0,0,0.593996840442338,0.00907715582450832,0,0.324159021406728,0.0157977883096366,0.259600614439324,0.046583850931677,0.962292609351433,0,0,0.728549141965679,0,0.30441400304414,1,0.983257229832572,0,0,0.00750750750750751,0.0230061349693252,0.0171875,0,0.0184049079754601,0,0.638591117917305,0.705343511450382,0.00459418070444104,0.0077639751552795,0.00603318250377074,0.00605143721633888,0.0291858678955453,0.987538940809969,0.0111464968152866,0.0385208012326656,0.269525267993874,0.0138248847926267,0,0.0261538461538462,0,0,0.0192592592592593,0,0.93202416918429,0.00156739811912226,0.0459418070444104,0.719298245614035,0.797147385103011,0.86676875957121,0.0636645962732919,0.00154083204930663,0.889908256880734,0,0,0.362654320987654,0.581120943952802,0.789085545722714,0.800599700149925,0.34585289514867,1,0.875957120980092,0.465625,0.730354391371341,0.285498489425982,0.989263803680982,0,1,0.663009404388715,0,0.347094801223242,0.768421052631579,0.36817472698908,0.110105580693816,0.0121396054628225,0.0374414976599064,0.0156494522691706,0,0,0.436923076923077,0.569018404907976,0.00152439024390244,0.994108983799705,0.989393939393939,0.11791730474732,0,0,0.027190332326284,0,0.884375,0,0.0479134466769706,0,0.0216049382716049,0,0.993920972644377,0.150769230769231,0,0.341692789968652,0.380733944954128,0.101246105919003,0,0,0.0581583198707593,0.0580357142857143,0.00904977375565611,0,0,1,0.753799392097264,0.483128834355828,0,0.543511450381679,0,0.0796875,0,0.80564263322884,0.770739064856712,0,0.656050955414013,0.399691358024691,0.13312693498452,0.031866464339909,0.222052067381317,1,0.00950871632329636,0.0839813374805599,0,0,0.0165912518853695,0,0,0.979938271604938,0.615141955835962,0,0,0.165905631659056,0.0747217806041336,0.0501519756838906,0.278860569715142,0.976047904191617,0.993610223642173,0.180555555555556,0.16191904047976,0,0.981510015408321,0.0200927357032458,0,0.0157728706624606,0.0408472012102874,0.935779816513762,0,0.996932515337423,0,0.523052464228935,0.924148606811146,0.910112359550562,0.876146788990826,0.289808917197452,0.897239263803681,0,0,0.228878648233487,0.0153374233128834,0,0,1,0,1,0,0.2921875,1,1,0.450704225352113,0.0314465408805031,0.548484848484848,0,0.998435054773083,0.0457413249211356,0.00917431192660551,0,0.811819595645412,0.994011976047904,0.998447204968944,0.983050847457627,1,0,0,0.984399375975039,0.00619195046439629,0.00311526479750779,0.0261941448382126,0.00612557427258806,0,0.992260061919505,0.0135746606334842,1,0.996865203761755,0,0.992319508448541,0.0523168908819133,1,0.915625,0.998518518518518,0.998454404945904
"370",0.995348837209302,0.998482549317147,0.971385542168675,0.941085271317829,0.979365079365079,0.998444790046656,0.888888888888889,0.967492260061919,0.998502994011976,0,0.998463901689708,0,0.56468797564688,0.998454404945904,0.0424886191198786,0.00771604938271605,0,0.0140405616224649,0.9953125,0.986196319018405,0.153139356814701,0.0358814352574103,0.990825688073395,0,0.96030534351145,0.2546875,0.107361963190184,0.988958990536278,0.449319213313162,0.680851063829787,0,0.682027649769585,0.755070202808112,0.287037037037037,0,0.998449612403101,0.0180722891566265,0.993948562783661,0.256637168141593,0.900459418070444,0.00155038759689922,0.0153609831029186,0.0075642965204236,1,0.774244833068362,0.0230769230769231,0.502304147465438,0.00154559505409583,0.459580838323353,0.125,0,0.990697674418605,0.26840490797546,0.998456790123457,0.88390092879257,0.169811320754717,0,0.976780185758514,0.954407294832827,0.898617511520737,0.295281582952816,0.41743119266055,0.0015552099533437,0,0.896875,0.837138508371385,0,0.990697674418605,0,0.00154083204930663,0.854961832061069,0.00769230769230769,0.0202177293934681,0.998491704374057,0,0.695324283559578,0.0409090909090909,0.56969696969697,0.891509433962264,0.260296540362438,0,0.707025411061285,0.205925925925926,0.996983408748115,0.107250755287009,0.906626506024096,0.993948562783661,0.966616084977238,0.966463414634146,0.0134730538922156,0.984472049689441,1,0,0,0.973143759873618,0,0.30381679389313,0.983154670750383,0.00902255639097744,0.0106382978723404,0.625,0,0.282131661442006,0.998447204968944,0.104229607250755,0.998420221169036,0.0123456790123457,0.973520249221184,0,0.00930232558139535,0.0106544901065449,0.905864197530864,0.318731117824773,0.989130434782609,0,0.98145285935085,0.702290076335878,0,0.00151975683890578,0.225609756097561,0,0.758887171561051,0.25114854517611,0.073208722741433,0.968373493975904,0.147640791476408,0.995502248875562,0.993769470404984,0,0.548632218844985,0.936825885978428,0.489859594383775,0.989045383411581,0,0.992236024844721,0.0179640718562874,0,0.209230769230769,0.623076923076923,0.515673981191223,0,0,0.975646879756469,0.759316770186335,0.176377952755906,0.998442367601246,0.0076103500761035,0.92824427480916,0.415625,0.977611940298508,0.134069400630915,0.981566820276498,0.998442367601246,0.834597875569044,0.99388379204893,0,0.998456790123457,0.00154559505409583,0,0.744548286604361,0.858841010401189,0.98468606431853,0.0166919575113809,0,0.998477929984779,0.439749608763693,1,0.998473282442748,0.998477929984779,0.285280728376328,0.972602739726027,0.0031104199066874,0.944024205748865,0.0014903129657228,0.887147335423197,0.361408882082695,0,0.984496124031008,0,0.850381679389313,0.998447204968944,0.128682170542636,0.983154670750383,0.945288753799392,0.991058122205663,0.974085365853659,0.102167182662539,0.37125748502994,0.923676012461059,0.9359375,0.0545454545454545,0.0075187969924812,0.978361669242658,0.854765506807867,0,0,0.296296296296296,0.0015220700152207,0.998511904761905,0.246987951807229,0.873831775700935,0.761102603369066,0.98956780923994,0.440809968847352,0.442424242424242,0.288401253918495,0.916923076923077,0.959627329192547,0.866666666666667,0,0.887864823348694,0.168238993710692,0.941085271317829,0.00153846153846154,0.0725075528700906,0.551459293394777,0.977029096477795,0.97583081570997,0.812693498452012,0.996974281391831,0.885844748858447,0,0.0749235474006116,0.665151515151515,0.9921875,0,0.991017964071856,0.976225854383358,0.560371517027864,0.546707503828484,0.987596899224806,1,0.365740740740741,0,0.882882882882883,0.512461059190031,0.96984126984127,0.00152671755725191,0.957831325301205,0.996889580093313,0.998484848484849,0.948757763975155,0.529680365296804,0.00306748466257669,0.97125567322239,0.536953242835596,0.00599700149925037,0.00298953662182362,0.196261682242991,0,0.148499210110585,0.688988095238095,0,0.00305343511450382,0.00768049155145929,0.600903614457831,0.0423861852433281,0.982758620689655,0.0140625,0.00151975683890578,0,0.2203125,0.998439937597504,0.97593984962406,0.899691358024691,0,0.858730158730159,0.854765506807867,0.684615384615385,0.596599690880989,0.450858034321373,0.456656346749226,0.0136157337367625,0.998432601880878,0.0975975975975976,0.69377990430622,0.963076923076923,0.0120845921450151,0.741935483870968,0.00306748466257669,0.113808801213961,1,1,0.890965732087227,0,0.651127819548872,0.883177570093458,0,0.00151745068285281,0.893393393393393,0.978159126365055,0,0.00300751879699248,0.00301204819277108,0.979527559055118,0.880989180834621,0.00158478605388273,0,0.387096774193548,0.987519500780031,0.79066265060241,0.388379204892966,0.661490683229814,0.953172205438066,0.00770416024653313,0.998496240601504,0.998466257668712,0.00772797527047913,0.965309200603318,1,0.976152623211447,0.995440729483283,0.177018633540373,0.304878048780488,0.275757575757576,0.974763406940063,0.938967136150235,0.0434782608695652,0.26046511627907,0.973765432098765,0.151376146788991,0.312035661218425,0.992343032159265,0.996879875195008,0.962121212121212,0.692667706708268,0.996978851963746,0.242990654205607,0.966966966966967,0.995327102803738,0,0.31570996978852,0.555729984301413,0.0198170731707317,0.0429447852760736,0.0105580693815988,0.900914634146341,0.0273141122913505,0,0,0.219512195121951,0.989230769230769,0.0677966101694915,0.984101748807631,0.972093023255814,0.982758620689655,0.28125,0.290625,0.675384615384615,0.454253611556982,0,0.815503875968992,0.0150602409638554,0.0344827586206897,0.197568389057751,1,0.00305343511450382,0,0.324734446130501,0.0121951219512195,0.0231481481481481,0.468217054263566,0.998475609756098,0.27613104524181,0.998427672955975,0.966257668711656,0,0.988304093567251,0.00149476831091181,1,0.819018404907976,1,0.0138888888888889,0.979320531757755,0.00153139356814701,0.877300613496933,0.70125786163522,0.947289156626506,0.98468606431853,1,0.288109756097561,0.9629057187017,0.998489425981873,0.00150375939849624,0.0274809160305344,0.998447204968944,0.998463901689708,0.319508448540707,0.874809160305344,0.9616,0.947447447447447,0.998475609756098,0,0.113178294573643,0.998463901689708,0.00309597523219814,0,0.965571205007825,0.0125,0.0423197492163009,1,0.969088098918083,0.00461538461538462,0.630368098159509,0.422360248447205,0.981132075471698,0.00313971742543171,0.858034321372855,0.995207667731629,0.363919129082426,0.607305936073059,0.788732394366197,0,0.152542372881356,0.973186119873817,0.996913580246914,0.448540706605223,1,0.975806451612903,0.0320610687022901,0,0.985007496251874,0.993827160493827,0.947286821705426,0.68429003021148,0.00928792569659443,0.852534562211982,0.240428790199081,0.1808,0.00749625187406297,0.616954474097331,0.599078341013825,0.610429447852761,0,0.277337559429477,0.904538341158059,0.63302752293578,0.516566265060241,0.069423929098966,0,0,1,0.972768532526475,0,0.926153846153846,0.0124031007751938,0,0,0.996870109546166,0,0.998449612403101,0.783410138248848,0.536253776435045,1,0,0,0.992272024729521,0.958333333333333,0.707692307692308,0.00150375939849624,0.00312989045383412,0.876506024096386,0.599092284417549,0.998466257668712,0.531914893617021,0.338983050847458,0,0.977272727272727,0,0.952012383900929,0.0883720930232558,0,0.0104790419161677,0.106646058732612,0.481421647819063,0.974320241691843,0,0.956456456456456,0.975535168195719,0.998500749625187,0,0.0716510903426791,0.934959349593496,0.00644122383252818,0.998491704374057,1,0.00755287009063444,0.998484848484849,0.290571870170015,0.806697108066971,0.00765696784073507,0.1696,0.958333333333333,0.012326656394453,0.00153846153846154,0.97112462006079,0.009375,0.638535031847134,0.378254211332312,0,0.10752688172043,0.732919254658385,0.258358662613982,0.974242424242424,0,0.149546827794562,0.459069020866774,0.944693572496263,0.885925925925926,0.958204334365325,0.741140215716487,0,0.981818181818182,0.00150375939849624,0.967391304347826,0.3950233281493,0.0015015015015015,0.998491704374057,0.998447204968944,0.998493975903614,0.63020030816641,0.984732824427481,0.119751166407465,0.190108191653787,0.95,0.875379939209726,0,0,0.990811638591118,0.935837245696401,0.0123456790123457,0.984326018808777,0.990839694656489,0.359090909090909,0.935285053929122,0.728125,0.883156297420334,0,0.972222222222222,0.338533541341654,0.998470948012232,0.996913580246914,0,0.63969465648855,0.973520249221184,0.00155763239875389,0.686821705426357,0.372307692307692,0.797636632200886,0.694099378881988,0.95187969924812,0.0900900900900901,0.979719188767551,0.998477929984779,0.976958525345622,0.29635499207607,0.0973724884080371,0.989312977099237,1,0.00896860986547085,0.781679389312977,0.457142857142857,0.254573170731707,0.764795144157815,0.998463901689708,0.871362940275651,0.998468606431853,0.126696832579186,0.00158478605388273,0,0.814528593508501,0.0031104199066874,0,0.276335877862595,0,0.987878787878788,0.910470409711684,0.996918335901387,0.992435703479576,0.0914728682170543,0.0015527950310559,0,0,0.170807453416149,0.0721966205837174,0.153609831029186,0,0.0015220700152207,0.998487140695915,0.00900900900900901,0.28169014084507,0.998442367601246,0.593846153846154,0.972307692307692,0.654078549848943,0.632286995515695,0,0.998527245949926,0.391442155309033,0.509954058192956,0.923652694610778,0.986425339366516,0.380733944954128,0.00906344410876133,0.9558599695586,0.957511380880121,0,0.97037037037037,0.0150375939849624,0.983948635634029,0.4375,0,0.0106870229007634,0.528089887640449,0.833333333333333,0.00150375939849624,0.141732283464567,0.0137614678899083,0.00159235668789809,0.741405082212257,0.0233644859813084,0.9984,0.315233785822021,0.993930197268589,0.0015015015015015,0.386018237082067,0.315870570107858,0.854914196567863,0.097331240188383,0.00458015267175573,0.00307219662058372,0.04,0,0.992559523809524,0.0379746835443038,0.977611940298508,0.00625,0.998427672955975,0,0.517345399698341,0.440677966101695,1,0,0.996974281391831,0,0.395604395604396,0.985141158989599,0,0.656877897990726,0.979813664596273,0.73374613003096,0.951713395638629,0.0319634703196347,0,0.998468606431853,0.261205564142195,0,0.679331306990882,0,0.0151057401812689,0.998435054773083,0.998461538461539,0.991017964071856,0.967840735068913,0.9828125,0,0.976923076923077,0.0239880059970015,0.355725190839695,0.278033794162826,0.990990990990991,0.99079754601227,0.993957703927492,0.992526158445441,0.0634441087613293,0.0154559505409583,0.982484076433121,0.954682779456193,0.717325227963526,0.975609756097561,0.998482549317147,0.972768532526475,0,0,0.982378854625551,0,0.0708898944193062,0,0.954407294832827,0.27115987460815,0.212698412698413,0.113122171945701,0.914596273291925,0,0.0984848484848485,1,0.998468606431853,0.627300613496933,0.421130952380952,0.206185567010309,0.17593984962406,0.644615384615385,0.00150375939849624,0.115151515151515,0.54320987654321,0.262121212121212,0.699849170437406,0.0137404580152672,0,0,0.3265625,0.998407643312102,0.629129129129129,0.22272047832586,0.612462006079027,0.865761689291101,0.989489489489489,0.959742351046699,0.976993865030675,0.998442367601246,0.996899224806202,0.549618320610687,0.412844036697248,0.998435054773083,0.00588235294117647,0.0104166666666667,0.861325115562404,0.0134128166915052,0.998498498498498,0.970679012345679,0,0.109004739336493,0,0.946070878274268,0,0.969650986342944,0.998461538461539,0.00759878419452888,0.834621329211746,0.998505231689088,0.660990712074303,0.639393939393939,0.875576036866359,0,0,0.924920127795527,0.951327433628319,0.986259541984733,0,0,0.00156985871271586,0.235294117647059,0.506134969325153,0,0.442748091603053,0,0.924050632911392,0.998454404945904,0.166139240506329,0.232732732732733,0,0.351477449455676,0.593558282208589,0.861280487804878,0.965465465465465,0.783950617283951,0.00154083204930663,0.987361769352291,0.015600624024961,0.998427672955975,0,0.982142857142857,0.00906344410876133,0.998439937597504,0.0198776758409786,0.0109204368174727,0,0,0.819571865443425,0.922239502332815,0.935240963855422,0.719640179910045,0.024024024024024,0.00626959247648903,0.83206106870229,0.840840840840841,0,0.0153846153846154,0.964723926380368,0,0.988906497622821,0.959459459459459,0.0625,0.0412844036697248,0.00304878048780488,0.998496240601504,0.465007776049767,0.0833333333333333,0.097331240188383,0.116843702579666,0.67398119122257,0.0926756352765321,0.998459167950693,0,0.762996941896025,0.981762917933131,0.00462249614791988,0,0.00148809523809524,0,0.00154320987654321,0.998466257668712,0.70906200317965,0.00158982511923688,0.00154559505409583,0.553323029366306,0.953343701399689,0.409090909090909,0.05,0.0015625,0.0542264752791069,0.0164670658682635,0,0.0264797507788162,0.00590841949778434,0.00307692307692308,0.0105263157894737,0,0.0415384615384615,0.0542168674698795,0.0166919575113809,0.0185471406491499,0.00476947535771065,0.0261538461538462,0.024390243902439,0.0531914893617021,0.00917431192660551,0.0201238390092879,0.00159489633173844,0.00463678516228748,0.0432098765432099,0.00904977375565611,0.0255255255255255,0.00151975683890578,0.0379362670713202,0.00298953662182362,0.00308641975308642
"371",0.82484076433121,0.826356589147287,0.825954198473282,0.834683954619125,0.832802547770701,0.84775641025641,0.799058084772371,0.822530864197531,0.838167938931298,0,0.840944881889764,0,0.628125,0.826984126984127,0.222047244094488,0.176923076923077,0,0.0140845070422535,0.82475884244373,0.856692913385827,0.3078125,0.196428571428571,0.824773413897281,0,0.819875776397516,0.402843601895735,0.270061728395062,0.822866344605475,0.625766871165644,0.708527131782946,0.162576687116564,0.7328125,0.83125,0.409020217729393,0,0.831007751937984,0.0155763239875389,0.834101382488479,0.421779141104294,0.80952380952381,0.00158227848101266,0.0122887864823349,0.00461538461538462,0.823343848580442,0.736757624398074,0.195826645264847,0.596850393700787,0.1578125,0.542553191489362,0.302114803625378,0,0.84037558685446,0.393798449612403,0.836193447737909,0.777602523659306,0.321656050955414,0,0.832268370607029,0.805900621118012,0.832317073170732,0.426332288401254,0.597826086956522,0.184713375796178,0,0.847266881028939,0.837672281776417,0,0.827258320126783,0,0.173775671406003,0.778461538461538,0.170542635658915,0.184210526315789,0.840425531914894,0,0.801815431164902,0.216923076923077,0.756508422664625,0.825396825396825,0.399671052631579,0,0.728658536585366,0.379362670713202,0.818320610687023,0.285271317829457,0.796583850931677,0.824806201550388,0.84472049689441,0.809815950920245,0.0045662100456621,0.831189710610932,0.813953488372093,0,0,0.813614262560778,0,0.440809968847352,0.813374805598756,0.00464396284829721,0.00626959247648903,0.677115987460815,0,0.430176565008026,0.8234375,0.270353302611367,0.818770226537217,0.00475435816164818,0.822884012539185,0.1648,0.175,0.179289026275116,0.802884615384615,0.450858034321373,0.841692789968652,0,0.829984544049459,0.7578125,0,0.166924265842349,0.392405063291139,0,0.834905660377358,0.404423380726698,0.2464,0.824534161490683,0.315950920245399,0.825153374233129,0.822884012539185,0,0.644200626959248,0.822429906542056,0.60952380952381,0.825816485225505,0,0.827974276527331,0.182235834609495,0,0.360890302066773,0.651898734177215,0.630818619582664,0,0,0.829953198127925,0.835147744945568,0.348171701112878,0.825347758887172,0.166666666666667,0.800312012480499,0.514423076923077,0.821875,0.315372424722662,0.82992125984252,0.833065810593901,0.765243902439024,0.817034700315457,0.171974522292994,0.832543443917852,0.178060413354531,0,0.827044025157233,0.783151326053042,0.834633385335413,0.190031152647975,0,0.826687116564417,0.520967741935484,0.831987075928918,0.836448598130841,0.819444444444444,0.400306748466258,0.82,0.183359013867488,0.809451219512195,0.17737003058104,0.7936,0.503115264797508,0,0.821150855365474,0,0.804075235109718,0.8328125,0.282371294851794,0.833592534992224,0.846986089644513,0.827534039334342,0.833080424886191,0.268445839874411,0.472952086553323,0.822683706070288,0.8368,0.21671826625387,0.167987321711569,0.813504823151125,0.7875,0,0,0.46031746031746,0.00154798761609907,0.839753466872111,0.40763358778626,0.786283891547049,0.755725190839695,0.816793893129771,0.548183254344392,0.576452599388379,0.449526813880126,0.783489096573209,0.814873417721519,0.799691833590139,0,0.796557120500782,0.333865814696486,0.818181818181818,0.15748031496063,0.237878787878788,0.63849765258216,0.825471698113208,0.83206106870229,0.841444270015699,0.817901234567901,0.907378335949764,0,0.237209302325581,0.780152671755725,0.815873015873016,0,0.830985915492958,0.826807228915663,0.644409937888199,0.571207430340557,0.825816485225505,0.828478964401295,0.489028213166144,0,0.787009063444109,0.618066561014263,0.834394904458599,0.169517884914463,0.833333333333333,0.820472440944882,0.83203732503888,0.878930817610063,0.573415765069552,0.187898089171975,0.834108527131783,0.598116169544741,0.172672672672673,0.167927382753404,0.320695102685624,0.166405023547881,0.30622009569378,0.665648854961832,0.153846153846154,0.174726989079563,0.180967238689548,0.683409436834094,0.20926517571885,0.833597464342314,0.008,0.172897196261682,0,0.3792,0.830482115085537,0.836193447737909,0.808176100628931,0,0.804241435562806,0.805295950155763,0.728971962616822,0.68075117370892,0.553654743390358,0.580188679245283,0.00618238021638331,0.820634920634921,0.267295597484277,0.734726688102894,0.830721003134796,0.168711656441718,0.746130030959752,0.165354330708661,0.285271317829457,0.831845238095238,0.820261437908497,0.801872074882995,0,0.690292758089368,0.795631825273011,0,0.165891472868217,0.788343558282209,0.823809523809524,0,0.177469135802469,0.164869029275809,0.827751196172249,0.8304,0.171521035598705,0,0.514018691588785,0.834123222748815,0.765337423312883,0.494590417310665,0.7104,0.813559322033898,0.173106646058733,0.831530139103555,0.8296875,0.174528301886792,0.837712519319938,0.822706065318818,0.843800322061192,0.843167701863354,0.341013824884793,0.426810477657935,0.457098283931357,0.8064,0.823717948717949,0.0371517027863777,0.416666666666667,0.824534161490683,0.320251177394035,0.471036585365854,0.829457364341085,0.835147744945568,0.8328173374613,0.805111821086262,0.830275229357798,0.39589905362776,0.832550860719875,0.82670906200318,0,0.442546583850932,0.60828025477707,0.187888198757764,0.040625,0.180576631259484,0.812693498452012,0.202160493827161,0.18125,0,0.381395348837209,0.827258320126783,0.235202492211838,0.831973898858075,0.827856025039124,0.829953198127925,0.445652173913043,0.443017656500803,0.832550860719875,0.526655896607431,0,1,0.178082191780822,0.209800918836141,0.359447004608295,0.8390625,0.168486739469579,0,0.446345256609642,0.169230769230769,0.189490445859873,0.570754716981132,0.81974921630094,0.423756019261637,0.825448613376835,0.864864864864865,0,0.821162444113264,0.160550458715596,0.819018404907976,1,0.837620578778135,0.182527301092044,0.837209302325581,0.163779527559055,0.796557120500782,0.71608832807571,0.821917808219178,0.833073322932917,0.830745341614907,0.449768160741886,0.85781990521327,0.8125,0.181268882175227,0.190402476780186,0.825396825396825,0.838212634822804,0.460708782742681,0.807453416149068,0.817733990147783,0.848200312989045,0.831269349845201,0,0.244336569579288,0.82472613458529,0.173374613003096,0,0.838810641627543,0.00644122383252818,0.21183800623053,0.827160493827161,0.81619937694704,0.00157977883096367,0.679748822605965,0.535321821036107,0.84310618066561,0.164012738853503,0.79073482428115,0.816558441558442,0.539808917197452,0.672256097560976,0.755905511811024,0,0.337480559875583,0.828298887122417,0.833070866141732,0.561128526645768,0.828967642526965,0.825944170771757,0.212403100775194,0.00154320987654321,0.827906976744186,0.83596214511041,0.827586206896552,0.815789473684211,0.173501577287066,0.793375394321767,0.38828967642527,0.319672131147541,0.00476947535771065,0.795886075949367,0.650238473767886,0.661016949152542,0,0.423263327948304,0.808176100628931,0.80952380952381,0.608087091757387,0.229041916167665,0,0,0.827067669172932,0.840490797546012,0,0.800940438871473,0.00475435816164818,0,0,0.833860759493671,0,0.837620578778135,0.7339593114241,0.630699088145897,0.826625386996904,0,0,0.83695652173913,0.821917808219178,0.850467289719626,0.167950693374422,0.0016025641025641,0.786482334869432,0.664098613251156,0.832288401253918,0.599388379204893,0.456869009584665,0,0.838709677419355,0.181674565560821,0.831730769230769,0.247648902821317,0,0.184451219512195,0.288431061806656,0.564569536423841,0.832307692307692,0,0.821100917431193,0.830455259026688,0.821538461538462,0,0.252019386106624,0.808896210873147,0.175523349436393,0.813271604938272,0.827692307692308,0.182103610675039,0.829721362229102,0.454121306376361,0.778294573643411,0.168224299065421,0.323763955342903,0.836193447737909,0.0062992125984252,0.172093023255814,0.818740399385561,0.176751592356688,0.784090909090909,0.500784929356358,0,0.262166405023548,0.755627009646302,0.421947449768161,0.821596244131455,0.173913043478261,0.318818040435459,0.60129659643436,0.820276497695853,0.809451219512195,0.856918238993711,0.902711323763955,0,0.847692307692308,0.178625954198473,0.826224328593997,0.527331189710611,0.170245398773006,0.8296875,0.836702954898911,0.825545171339564,0.659810126582278,0.820872274143302,0.29559748427673,0.347068145800317,0.80625,0.788401253918495,0,0,0.830128205128205,0.818181818181818,0.191153238546603,0.836767036450079,0.842349304482226,0.518461538461538,0.813990461049285,0.733226837060703,0.78516228748068,0,0.8203125,0.467304625199362,0.824961948249619,0.82472613458529,0,0.769230769230769,0.82051282051282,0.178849144634526,0.757911392405063,0.485451761102603,0.844544095665172,0.699044585987261,0.86322188449848,0.24390243902439,0.813311688311688,0.832550860719875,0.827856025039124,0.4368,0.244094488188976,0.834365325077399,0.827160493827161,0.00308641975308642,0.837245696400626,0.571207430340557,0.390357698289269,0.743390357698289,0.833850931677019,0.801251956181534,0.833075734157651,0.145482388973966,0.181076672104405,0,0.827044025157233,0.163522012578616,0.180404354587869,0.418495297805643,0,0.8390625,0.83641975308642,0.839258114374034,0.825816485225505,0.251968503937008,0.177672955974843,0,0,0.322632423756019,0.23208722741433,0.324237560192616,0,0.167177914110429,0.828660436137072,0.0725308641975309,0.44215530903328,0.835725677830941,0.6828125,0.833333333333333,0.683409436834094,0.642089093701997,0,0.833333333333333,0.530254777070064,0.610759493670886,0.802431610942249,0.830508474576271,0.488262910798122,0.0062111801242236,0.823343848580442,0.832307692307692,0,0.821100917431193,0.169303797468354,0.842622950819672,0.557275541795666,0,0.00469483568075117,0.61038961038961,0.794303797468354,0.176287051482059,0.290322580645161,0.0062111801242236,0.00160513643659711,0.729607250755287,0.185126582278481,0.832520325203252,0.458966565349544,0.827217125382263,0.178736517719569,0.475894245723173,0.459375,0.808988764044944,0.254838709677419,0.172628304821151,0.00307692307692308,0.206842923794712,0,0.829046898638427,0.168557536466775,0.823170731707317,0.165876777251185,0.821656050955414,0,0.589147286821705,0.613458528951487,0.81875,0,0.833590138674884,0,0.50561797752809,0.839009287925697,0,0.700468018720749,0.819047619047619,0.720634920634921,0.834123222748815,0.209876543209877,0,0.828173374613003,0.399046104928458,0,0.724458204334365,0.171686746987952,0.186440677966102,0.832528180354267,0.817170111287758,0.824427480916031,0.807511737089202,0.819620253164557,0,0.832558139534884,0.0156494522691706,0.493087557603687,0.41304347826087,0.830218068535826,0.820433436532508,0.830275229357798,0.824806201550388,0.0574534161490683,0.188180404354588,0.821428571428571,0.85179407176287,0.885145482388974,0.832288401253918,0.82542113323124,0.838050314465409,0,0,0.833585476550681,0,0.228527607361963,0,0.820031298904538,0.408427876823339,0.368760064412238,0.284178187403994,0.82807570977918,0.00155763239875389,0.265842349304482,0.821316614420063,0.826893353941267,0.650546021840874,0.526865671641791,0.387481371087928,0.33843797856049,0.665086887835703,0.162327718223583,0.291925465838509,0.630265210608424,0.427215189873418,0.860248447204969,0.16796267496112,0,0.161695447409733,0.45933014354067,0.8272,0.64622641509434,0.389649923896499,0.80811232449298,0.792048929663609,0.828054298642534,0.828990228013029,0.82670906200318,0.821895424836601,0.842607313195548,0.619651347068146,0.49768875192604,0.818181818181818,0.173652694610778,0.175226586102719,0.792890262751159,0.00615384615384615,0.833846153846154,0.822152886115445,0,0.2848,0,0.835423197492163,0,0.825617283950617,0.832550860719875,0.178353658536585,0.777424483306836,0.828703703703704,0.671974522292994,0.636363636363636,0.781102362204724,0,0,0.822950819672131,0.816296296296296,0.823076923076923,0,0,0.1696,0.388198757763975,0.620528771384137,0,0.55,0,0.802527646129542,0.82753164556962,0.296998420221169,0.409090909090909,0,0.4608,0.638629283489097,0.796267496111975,0.83033033033033,0.744976816074189,0.179566563467492,0.833860759493671,0.0296875,0.833065810593901,0,0.825825825825826,0.00313479623824451,0.8272,0.195956454121306,0.115384615384615,0,0,0.804347826086957,0.88780487804878,0.813271604938272,0.734254992319508,0.185015290519878,0.17693522906793,0.751552795031056,0.742081447963801,0,0.183962264150943,0.837025316455696,0,0.832807570977918,0.819571865443425,0.240566037735849,0.0309119010819165,0.155660377358491,0.816793893129771,0.535657686212361,0.253918495297806,0.263492063492063,0.286384976525822,0.821086261980831,0.267175572519084,0.82992125984252,0,0.826224328593997,0.827692307692308,0.00318471337579618,0,0.175757575757576,0,0.179527559055118,0.820472440944882,0.708399366085578,0.172302737520129,0.160572337042925,0.640127388535032,0.804075235109718,0.600931677018634,0.0358255451713396,0.159810126582278,0.0467741935483871,0.0230061349693252,0,0.16403785488959,0.177978883861237,0.180533751962323,0.189735614307932,0.161538461538462,0.0345368916797488,0.0416666666666667,0.17601246105919,0.0205047318611987,0.008,0.0313479623824451,0.0231124807395994,0.0434782608695652,0.18408736349454,0.0232558139534884,0.163723916532905,0.178233438485804,0.0335463258785942,0.1703125,0.0365853658536585,0.1703125,0.207874015748031,0.179059180576631,0.166144200626959
"372",0.996763754045307,1,0.96875,0.941080196399345,0.983443708609272,1,0.888709677419355,0.969305331179321,1,0,1,0,0.5625,1,0.0388349514563107,0.00810372771474878,0,0.013136288998358,0.996726677577741,0.985553772070626,0.154952076677316,0.0329489291598023,0.990476190476191,0,0.962085308056872,0.255627009646302,0.124394184168013,0.990131578947368,0.482003129890454,0.701112877583466,0,0.692675159235669,0.779411764705882,0.2992,0,1,0.0159235668789809,0.995184590690209,0.269645608628659,0.914421553090333,0.00165562913907285,0.0142857142857143,0.00630914826498423,1,0.774789915966387,0.0226537216828479,0.512,0,0.470957613814757,0.137984496124031,0,0.99347471451876,0.26742301458671,1,0.878444084278768,0.160392798690671,0,0.976744186046512,0.955484896661367,0.8976,0.307692307692308,0.445686900958466,0,0,0.906300484652666,0.845295055821372,0,0.990384615384615,0,0,0.870253164556962,0.00797448165869218,0.0177993527508091,1,0,0.723270440251572,0.0466988727858293,0.580906148867314,0.892915980230643,0.271477663230241,0,0.7136,0.20695102685624,0.9984,0.114147909967846,0.907790143084261,0.996779388083736,0.974522292993631,0.974317817014446,0.0128,0.988617886178862,1,0,0,0.971993410214168,0,0.298245614035088,0.986991869918699,0.00642054574638844,0.00642054574638844,0.625,0,0.290375203915171,1,0.108108108108108,1,0.00980392156862745,0.975288303130148,0,0.00802568218298555,0.00805152979066022,0.903908794788274,0.328455284552846,0.993589743589744,0,0.98538961038961,0.712918660287081,0,0,0.236842105263158,0,0.773524720893142,0.258426966292135,0.0868113522537563,0.977346278317152,0.15506329113924,0.996815286624204,0.998381877022654,0,0.559294871794872,0.936065573770492,0.498371335504886,0.99347471451876,0,0.993506493506494,0.0283464566929134,0,0.208264462809917,0.641571194762684,0.529801324503311,0,0,0.973856209150327,0.782820097244733,0.180327868852459,1,0.00803858520900321,0.926282051282051,0.412828947368421,0.976340694006309,0.13,0.985714285714286,1,0.848966613672496,0.9952,0,1,0,0,0.769736842105263,0.872239747634069,0.985413290113452,0.0159744408945687,0,1,0.445378151260504,1,1,1,0.299524564183835,0.975845410628019,0,0.945141065830721,0,0.892156862745098,0.3632,0,0.980551053484603,0,0.850722311396469,1,0.116883116883117,0.97933227344992,0.956869009584665,0.992211838006231,0.974683544303797,0.094551282051282,0.380645161290323,0.917898193760263,0.950413223140496,0.0524642289348172,0.00644122383252818,0.978930307941653,0.8496,0,0,0.306688417618271,0.00159744408945687,1,0.265210608424337,0.867954911433172,0.756019261637239,0.989045383411581,0.435897435897436,0.44794952681388,0.294214876033058,0.913183279742765,0.961165048543689,0.886762360446571,0,0.8944,0.175675675675676,0.944444444444444,0,0.0618066561014263,0.551446945337621,0.982315112540193,0.975922953451043,0.835504885993485,0.998410174880763,0.895498392282958,0,0.0667726550079491,0.685897435897436,0.995081967213115,0,0.992101105845182,0.976635514018692,0.560457516339869,0.547231270358306,0.991830065359477,1,0.358428805237316,0,0.88801261829653,0.52411575562701,0.9688013136289,0,0.958795562599049,0.998381877022654,1,0.951923076923077,0.527910685805423,0.0016260162601626,0.969004893964111,0.553429027113238,0.00463678516228748,0.00156494522691706,0.193126022913257,0,0.148760330578512,0.67981072555205,0,0.0015625,0.00801282051282051,0.596491228070175,0.0390879478827362,0.987117552334944,0.0129449838187702,0,0,0.229268292682927,1,0.9824,0.904458598726115,0,0.86963696369637,0.862714508580343,0.691297208538588,0.608414239482201,0.455128205128205,0.469453376205788,0.012779552715655,1,0.0910543130990415,0.701320132013201,0.958266452648475,0.00947867298578199,0.759289176090469,0.0016260162601626,0.118670886075949,1,1,0.89018302828619,0,0.65814696485623,0.88130081300813,0,0,0.892234548335975,0.978792822185971,0,0.0016025641025641,0.00158730158730159,0.978512396694215,0.881188118811881,0,0,0.387658227848101,0.986928104575163,0.797124600638978,0.392282958199357,0.659574468085106,0.954186413902054,0.00969305331179321,1,1,0.0065252854812398,0.972712680577849,1,0.978792822185971,0.996830427892235,0.188498402555911,0.318037974683544,0.291338582677165,0.973640856672158,0.934453781512605,0.0545746388443018,0.274959083469722,0.972357723577236,0.15748031496063,0.319314641744548,0.996779388083736,0.996784565916399,0.96656050955414,0.703583061889251,0.998417721518987,0.246329526916803,0.9616,0.998376623376623,0,0.322834645669291,0.553921568627451,0.0162074554294976,0.0604133545310016,0.00947867298578199,0.912280701754386,0.0286624203821656,0,0,0.232484076433121,0.99349593495935,0.0726072607260726,0.983471074380165,0.968304278922345,0.98538961038961,0.285016286644951,0.283333333333333,0.691056910569106,0.458404074702886,0,0.836276083467095,0.015748031496063,0.0408163265306122,0.202211690363349,1,0.00161030595813205,0,0.33122028526149,0.0111287758346582,0.0197368421052632,0.473083197389886,1,0.269421487603306,1,0.965964343598055,0,0.992343032159265,0,1,0.837620578778135,1,0.0129449838187702,0.98256735340729,0,0.898876404494382,0.713576158940397,0.94794952681388,0.984126984126984,0.996805111821086,0.3008,0.962903225806452,1,0,0.0275080906148867,1,1,0.330188679245283,0.893890675241158,0.965811965811966,0.950636942675159,1,0,0.116279069767442,1,0.00162337662337662,0,0.965742251223491,0.00985221674876847,0.0369774919614148,1,0.965686274509804,0.00489396411092985,0.635922330097087,0.41871921182266,0.980392156862745,0.00163398692810458,0.877850162866449,0.996732026143791,0.372771474878444,0.6064,0.785483870967742,0,0.160063391442155,0.973509933774834,0.998389694041868,0.439102564102564,1,0.969491525423729,0.0319488817891374,0,0.980952380952381,0.995176848874598,0.954471544715447,0.704761904761905,0.00822368421052632,0.866883116883117,0.252442996742671,0.184433164128596,0.00480769230769231,0.628246753246753,0.611745513866232,0.597444089456869,0,0.287337662337662,0.911251980982567,0.645833333333333,0.519809825673534,0.0817610062893082,0,0,1,0.979365079365079,0,0.922705314009662,0.00986842105263158,0,0,0.998397435897436,0,1,0.783034257748777,0.533639143730887,1,0,0,0.991961414790997,0.958730158730159,0.742857142857143,0,0.00164744645799012,0.875394321766562,0.599686028257457,1,0.524720893141946,0.338141025641026,0,0.981072555205047,0,0.950980392156863,0.0941558441558442,0,0.00934579439252336,0.118892508143322,0.502504173622704,0.97741935483871,0,0.955974842767296,0.979032258064516,1,0,0.0734094616639478,0.943396226415094,0.00501672240802676,1,1,0.00632911392405063,1,0.304418985270049,0.817447495961228,0.00801282051282051,0.169407894736842,0.964227642276423,0.0113452188006483,0,0.974481658692185,0.0066334991708126,0.664484451718494,0.387622149837134,0,0.11437908496732,0.739344262295082,0.268445839874411,0.974317817014446,0,0.14975845410628,0.469491525423729,0.94794952681388,0.881703470031546,0.963576158940397,0.769607843137255,0,0.982594936708861,0,0.97092084006462,0.397350993377483,0,1,1,1,0.641479099678457,0.983948635634029,0.128246753246753,0.19016393442623,0.948136142625608,0.874193548387097,0,0,0.995114006514658,0.937190082644628,0.0165016501650165,0.983660130718954,0.99198717948718,0.376012965964344,0.923460898502496,0.737704918032787,0.880763116057234,0,0.970588235294118,0.337096774193548,1,0.998381877022654,0,0.656957928802589,0.970443349753695,0,0.693311582381729,0.370607028753994,0.808049535603715,0.677685950413223,0.959311424100156,0.082018927444795,0.983552631578947,1,0.976114649681529,0.299003322259136,0.1,0.9904,1,0.0077639751552795,0.791666666666667,0.471337579617834,0.245161290322581,0.762439807383628,1,0.880452342487884,1,0.12280701754386,0,0,0.824,0.00328947368421053,0,0.275806451612903,0,0.988817891373802,0.910543130990415,0.99837925445705,0.993720565149137,0.0870967741935484,0,0,0,0.175206611570248,0.0864600326264274,0.161550888529887,0,0,1,0.00788643533123028,0.297427652733119,1,0.591205211726384,0.970967741935484,0.639109697933227,0.643642072213501,0,1,0.400990099009901,0.508914100486224,0.915873015873016,0.987240829346092,0.392914653784219,0.0095389507154213,0.951298701298701,0.95260663507109,0,0.972179289026275,0.0178861788617886,0.98705501618123,0.440381558028617,0,0.00972447325769854,0.531302876480541,0.836601307189543,0,0.143322475570033,0.0113268608414239,0.00167785234899329,0.733644859813084,0.0238473767885533,1,0.312989045383412,0.992063492063492,0,0.394230769230769,0.336065573770492,0.861111111111111,0.0993265993265993,0.00317965023847377,0.00317965023847377,0.0442622950819672,0,0.993769470404984,0.0413907284768212,0.978193146417445,0.00488599348534202,1,0,0.514240506329114,0.47557003257329,1,0,1,0,0.400329489291598,0.990461049284579,0,0.650717703349282,0.980707395498392,0.753225806451613,0.943521594684385,0.0332805071315372,0,1,0.262903225806452,0,0.692185007974482,0,0.0173501577287066,1,1,0.995283018867924,0.974068071312804,0.986885245901639,0,0.98019801980198,0.0222575516693164,0.353503184713376,0.275806451612903,0.992012779552716,0.993421052631579,0.993579454253612,0.993650793650794,0.0574162679425837,0.0146579804560261,0.981512605042017,0.957006369426752,0.743630573248408,0.977455716586151,1,0.9728,0,0,0.986089644513138,0,0.0605095541401274,0,0.954619124797407,0.273333333333333,0.212171052631579,0.119162640901771,0.921182266009852,0,0.102685624012638,1,1,0.640194489465154,0.426356589147287,0.216463414634146,0.189490445859873,0.663920922570016,0,0.120443740095087,0.5616,0.262903225806452,0.722222222222222,0.0128,0,0,0.3125,1,0.62379421221865,0.233176838810642,0.636942675159236,0.872239747634069,0.992125984251969,0.963394342762063,0.980230642504119,1,0.998366013071895,0.5568,0.403225806451613,1,0.00467289719626168,0.0108359133126935,0.872037914691943,0.0109204368174727,1,0.977382875605816,0,0.116666666666667,0,0.946601941747573,0,0.973058637083994,1,0.0048,0.843548387096774,1,0.667763157894737,0.631160572337043,0.871753246753247,0,0,0.923076923076923,0.93953488372093,0.987117552334944,0,0,0,0.238546603475513,0.519417475728155,0,0.458003169572108,0,0.917081260364842,1,0.159539473684211,0.232854864433812,0,0.354943273905997,0.591205211726384,0.876019575856444,0.965408805031447,0.786991869918699,0,0.985245901639344,0.017515923566879,1,0,0.981308411214953,0.00647249190938511,1,0.016260162601626,0.00826446280991736,0,0,0.831210191082803,0.933444259567388,0.93042071197411,0.72408293460925,0.0233644859813084,0.00654664484451719,0.846029173419773,0.851097178683386,0,0.0146103896103896,0.969004893964111,0,0.986798679867987,0.955342902711324,0.0731707317073171,0.048,0.00317965023847377,1,0.472402597402597,0.074313408723748,0.105,0.107667210440457,0.70957095709571,0.0984126984126984,1,0,0.776872964169381,0.982456140350877,0.00164203612479475,0,0,0,0,1,0.732558139534884,0,0,0.548281505728314,0.955882352941177,0.43859649122807,0.05103668261563,0.00163934426229508,0.0562913907284768,0.0158227848101266,0,0.0308943089430894,0.0031496062992126,0.00164203612479475,0.00949367088607595,0,0.0535714285714286,0.0625,0.0176282051282051,0.0163132137030995,0.00329489291598023,0.0208333333333333,0.0207336523125997,0.0635930047694754,0.00797448165869218,0.0175438596491228,0,0.00159235668789809,0.0523731587561375,0.00809061488673139,0.0208667736757624,0,0.0335463258785942,0.00157728706624606,0.00162337662337662
"373",0.0112721417069243,0.00947867298578199,0.0404354587869362,0.071656050955414,0.0285714285714286,0.0145867098865478,0.11216429699842,0.0394321766561514,0.0124223602484472,0,0.0124804992199688,0,0.453396524486572,0.00958466453674121,0.946372239747634,0.982945736434109,0,0.00156985871271586,0.0175718849840256,0.028169014084507,0.856920684292379,0.955810147299509,0.0187793427230047,0,0.0564263322884013,0.738924050632911,0.876777251184834,0.0209003215434084,0.544478527607362,0.323029366306028,0.989296636085627,0.326984126984127,0.248417721518987,0.706260032102729,0,0.0125786163522013,0.00458715596330275,0.0184049079754601,0.752623688155922,0.107858243451464,0,0,0,0.012779552715655,0.232899022801303,0.96474358974359,0.496050552922591,0.992211838006231,0.532824427480916,0.864615384615385,0,0.0205371248025276,0.745341614906832,0.0141287284144427,0.123595505617978,0.833070866141732,0,0.0352,0.0489296636085627,0.111455108359133,0.7,0.569422776911076,0.988691437802908,0,0.106623586429725,0.187403993855607,0,0.0157232704402516,0,0.988871224165342,0.145510835913313,0.984177215189873,0.973270440251572,0.0108359133126935,0,0.308641975308642,0.951863354037267,0.433229813664596,0.120192307692308,0.72176759410802,0,0.3,0.792569659442725,0.0124416796267496,0.885220125786163,0.106976744186047,0.0157232704402516,0.0389408099688473,0.0327102803738318,0,0.0159744408945687,0.0137825421133231,0,0,0.0402576489533011,0,0.697492163009404,0.0219092331768388,0,0,0.40095087163233,0,0.730708661417323,0.0127388535031847,0.908256880733945,0.0112721417069243,0,0.0313971742543171,0.989010989010989,0.982945736434109,0.990726429675425,0.0979782270606532,0.649068322981366,0.0188679245283019,0,0.0264385692068429,0.30188679245283,0,0.989096573208723,0.754746835443038,0,0.247244094488189,0.773940345368917,0.905844155844156,0.0369230769230769,0.841860465116279,0.012326656394453,0.0154083204930663,0,0.467614533965245,0.0818897637795276,0.510466988727858,0.0222575516693164,0,0.0192307692307692,0.965891472868217,0,0.80625,0.362916006339144,0.489566613162119,0,0,0.0331230283911672,0.252396166134185,0.831987075928918,0.00950871632329636,0.981191222570533,0.088785046728972,0.591054313099042,0.0323076923076923,0.857142857142857,0.0294117647058824,0.00803858520900321,0.175193798449612,0.0125195618153365,0.987075928917609,0.0109375,0.992101105845182,0,0.281889763779528,0.153013910355487,0.0283018867924528,0.974203338391502,0,0.00764525993883792,0.567567567567568,0.0113268608414239,0.0125391849529781,0.0125,0.702160493827161,0.0328638497652582,0.988941548183254,0.0648567119155355,0.98780487804878,0.12,0.629283489096573,0,0.0297339593114241,0,0.154088050314465,0.00789889415481832,0.867716535433071,0.0327613104524181,0.0672926447574335,0.0213414634146341,0.0338983050847458,0.893188854489164,0.610510046367852,0.078525641025641,0.0685805422647528,0.946456692913386,0.981279251170047,0.0300157977883096,0.141045958795563,0,0,0.728706624605678,0,0.0122324159021407,0.726574500768049,0.133545310015898,0.250769230769231,0.0216383307573416,0.595576619273302,0.559006211180124,0.730769230769231,0.0885093167701863,0.0519685039370079,0.140866873065015,0,0.122291021671827,0.833876221498371,0.0662358642972536,0.985915492957746,0.9209726443769,0.48125,0.03125,0.0356589147286822,0.189655172413793,0.0141065830721003,0.114241001564945,0,0.927469135802469,0.356374807987711,0.0144694533762058,0,0.0170542635658915,0.0316742081447964,0.465116279069767,0.449920508744038,0.0189873417721519,0.0113636363636364,0.641065830721003,0,0.115740740740741,0.496012759170654,0.0386473429951691,0.987519500780031,0.0503048780487805,0.014308426073132,0.00943396226415094,0.0540540540540541,0.463108320251177,0.992063492063492,0.0390015600624025,0.464342313787639,0.984756097560976,0.986301369863014,0.781102362204724,0.990551181102362,0.861464968152866,0.332824427480916,0.9858934169279,0.983024691358025,0.98116169544741,0.430981595092025,0.952922077922078,0.026984126984127,0,0.992150706436421,0,0.776911076443058,0.012779552715655,0.0330708661417323,0.103610675039246,0,0.146067415730337,0.156105100463679,0.324451410658307,0.416024653312789,0.557993730407524,0.542536115569823,0,0.0126984126984127,0.899536321483771,0.315112540192926,0.0471698113207547,0.976671850699845,0.267405063291139,0.989113530326594,0.866261398176292,0.0137404580152672,0.0148514851485149,0.111111111111111,0,0.383435582822086,0.12,0,0.992236024844721,0.108728943338438,0.0314465408805031,0,0.990683229813665,0.987786259541985,0.0287081339712919,0.134185303514377,0.986991869918699,0,0.624405705229794,0.0207006369426752,0.232558139534884,0.589341692789969,0.355450236966825,0.0508474576271186,0.977883096366509,0.0106870229007634,0.0109546165884194,0.9828125,0.0485133020344288,0.0126582278481013,0.0381558028616852,0.0140405616224649,0.804347826086957,0.713622291021672,0.733128834355828,0.0372771474878444,0.0803858520900322,0.00470957613814757,0.719492868462758,0.0380348652931854,0.841860465116279,0.683409436834094,0.0141732283464567,0.0142405063291139,0.0422535211267606,0.327974276527331,0.0123839009287926,0.751582278481013,0.0481366459627329,0.0111111111111111,0,0.695924764890282,0.470494417862839,0.971653543307087,0.00309597523219814,0.981481481481482,0.103076923076923,0.967441860465116,0.987538940809969,0,0.763693270735524,0.0222929936305732,0.918495297805643,0.0258899676375405,0.042654028436019,0.0251968503937008,0.740384615384615,0.739413680781759,0.3453125,0.533870967741935,0,0.190402476780186,0.984567901234568,0.95046439628483,0.808282208588957,0.014218009478673,0.992236024844721,0,0.690993788819876,0.981337480559876,0.977346278317152,0.531782945736434,0.0110062893081761,0.714516129032258,0.012987012987013,0.0390625,0,0.0179910044977511,0.987654320987654,0.0138888888888889,0.182527301092044,0.0129449838187702,1,0.034375,0.988993710691824,0.125,0.294871794871795,0.0665634674922601,0.0274809160305344,0.00783699059561128,0.7265625,0.0432,0.0137404580152672,0.987767584097859,0.967592592592593,0.0128617363344051,0.0109546165884194,0.665130568356375,0.126168224299065,0.0414673046251994,0.0527131782945736,0.00933125972006221,0,0.881028938906752,0.0110236220472441,0.987301587301587,0,0.0445859872611465,0,0.940609951845907,0.0109034267912773,0.0454545454545455,0,0.388976377952756,0.576619273301738,0.0301109350237718,0.9872,0.141045958795563,0.0142857142857143,0.631496062992126,0.408037094281298,0.234548335974643,0,0.845669291338583,0.032,0.0110062893081761,0.54953560371517,0.0126382306477093,0.0383973288814691,0.965678627145086,0,0.0283018867924528,0.014218009478673,0.0587301587301587,0.33026113671275,0.984101748807631,0.143987341772152,0.753554502369668,0.814262023217247,0,0.392063492063492,0.405750798722045,0.3984375,0,0.7085346215781,0.0979462875197472,0.371913580246914,0.501552795031056,0.911719939117199,0,0,0.0104947526236882,0.0364188163884674,0,0.0884676145339652,0,0,0,0.0144694533762058,0,0.0112540192926045,0.240887480190174,0.496194824961948,0.00923076923076923,0,0,0.0188679245283019,0.0566615620214395,0.29320987654321,0.990697674418605,0,0.124223602484472,0.415503875968992,0.0109717868338558,0.462132921174652,0.637658227848101,0,0.0203761755485893,0.988853503184713,0.0576923076923077,0.890822784810127,0,1,0.87519747235387,0.512355848434926,0.0373250388802488,0,0.0646616541353384,0.0416024653312789,0.00769230769230769,0,0.9125,0.0818030050083473,0.988562091503268,0.0122699386503067,0.010590015128593,0.987460815047022,0.00775193798449612,0.723270440251572,0.20440251572327,0.979719188767551,0.837662337662338,0.0515625,0,0.992150706436421,0.0408163265306122,0.980676328502415,0.371794871794872,0.610223642172524,0,0.890937019969278,0.282539682539683,0.763239875389408,0.0358814352574103,0.985691573926868,0.836702954898911,0.538714991762768,0.0614439324116743,0.131172839506173,0.0427215189873418,0.269968051118211,0,0.0290519877675841,0.990740740740741,0.0427892234548336,0.622549019607843,0.986238532110092,0.0107692307692308,0.0126984126984127,0.00949367088607595,0.371835443037975,0.0313479623824451,0.871794871794872,0.820031298904538,0.0657276995305164,0.129485179407176,0,0,0.0205696202531646,0.0706260032102729,0.974683544303797,0.027027027027027,0.0217391304347826,0.649068322981366,0.0865384615384615,0.279483037156704,0.11864406779661,0,0.0485133020344288,0.674050632911392,0.0124610591900312,0.0109204368174727,0,0.379968203497615,0.0365079365079365,0.992101105845182,0.323671497584541,0.606153846153846,0.205438066465257,0.315372424722662,0.0502283105022831,0.906344410876133,0.0209339774557166,0.0125984251968504,0.031201248049922,0.705501618122977,0.874203821656051,0.021875,0.00923076923076923,0,0.244897959183673,0.552795031055901,0.729857819905213,0.240625,0.010989010989011,0.138147566718995,0.0123647604327666,0.109737248840804,0.99185667752443,0,0.200317965023847,0.988727858293076,0.9858934169279,0.72397476340694,0,0.0203761755485893,0.0893682588597843,0.0141732283464567,0.0138674884437596,0.903937007874016,0.985804416403785,0,0,0.829307568438003,0.915227629513344,0.834123222748815,0,0.986024844720497,0.0139751552795031,0.42566510172144,0.728139904610493,0.0112903225806452,0.423676012461059,0.0416666666666667,0.34472049689441,0.382716049382716,0,0.0136570561456753,0.62085308056872,0.522292993630573,0.0925644916540212,0.0187207488299532,0.634375,0,0.059375,0.0515625,0,0.0332829046898638,0.975155279503106,0.0273752012882448,0.563182527301092,0,0,0.510815307820299,0.183962264150943,0.989045383411581,0.867741935483871,0,0,0.267371601208459,0.971473851030111,0.0148760330578512,0.674961119751166,0.0168711656441718,0.989247311827957,0.606431852986217,0.675632911392405,0.145867098865478,0.896272285251216,0.992248062015504,0,0.94912559618442,0,0.0138248847926267,0.793929712460064,0.0274809160305344,0.985576923076923,0.0128824476650564,0,0.506849315068493,0.552215189873418,0.0124416796267496,0,0.0137614678899083,0,0.591639871382637,0.0233644859813084,0,0.350467289719626,0.023961661341853,0.272585669781931,0.0636942675159236,0.967492260061919,0,0.0126782884310618,0.72397476340694,0,0.333333333333333,0.989247311827957,0.975346687211094,0.0111464968152866,0.0126582278481013,0.0170015455950541,0.031104199066874,0.026813880126183,0,0.0361635220125786,0,0.659409020217729,0.708268330733229,0.0185185185185185,0.0204081632653061,0.0185185185185185,0.0203442879499218,0.0388802488335925,0.976303317535545,0.0311475409836066,0.0476190476190476,0.290964777947933,0.0358255451713396,0.00917431192660551,0.0443037974683544,0,0,0.0273972602739726,0,0.921996879875195,0.00157728706624606,0.0490506329113924,0.713128038897893,0.78021978021978,0.882170542635659,0.0962145110410095,0.0015748031496063,0.89644513137558,0.0109717868338558,0.0123456790123457,0.367507886435331,0.607784431137725,0.793363499245852,0.812018489984592,0.35828025477707,0.98780487804878,0.866459627329193,0.466876971608833,0.727414330218069,0.303543913713405,0.984177215189873,0,0.987261146496815,0.686119873817035,0.0114192495921697,0.377151799687011,0.792481203007519,0.390625,0.139318885448916,0.0245775729646697,0.0482315112540193,0.0227272727272727,0.0144230769230769,0.0143769968051118,0.473186119873817,0.570754716981132,0.0126382306477093,0.981954887218045,0.976923076923077,0.144444444444444,0,0.00924499229583975,0.0358255451713396,0,0.884984025559105,0,0.060126582278481,0,0.0386996904024768,0.0108864696734059,0.984732824427481,0.178060413354531,0.00928792569659443,0.363349131121643,0.393468118195956,0.130990415335463,0,0,0.0829268292682927,0.0715350223546945,0.0233281493001555,0,0,0.985645933014354,0.752688172043011,0.499215070643642,0,0.557959814528594,0,0.0743670886075949,0.0111111111111111,0.806451612903226,0.767584097859327,0,0.643879173290938,0.40282131661442,0.144654088050314,0.0474006116207951,0.240249609984399,0.987519500780031,0.023961661341853,0.0825396825396825,0.0126582278481013,0,0.0275650842266462,0,0.00940438871473354,0.97275641025641,0.630048465266559,0,0,0.190327613104524,0.0725806451612903,0.0697674418604651,0.295208655332303,0.966049382716049,0.985623003194888,0.176923076923077,0.174045801526718,0,0.976114649681529,0.0423861852433281,0,0.0272435897435897,0.05625,0.922480620155039,0.00154559505409583,0.984375,0.0107692307692308,0.524642289348172,0.908661417322835,0.896607431340872,0.883830455259027,0.32484076433121,0.896499238964992,0.012779552715655,0,0.260252365930599,0.0248833592534992,0,0,0.990811638591118,0,0.985804416403785,0.010752688172043,0.291935483870968,0.99203821656051,0.985691573926868,0.477707006369427,0.0543130990415335,0.578866768759571,0.00305343511450382,0.990291262135922,0.0504885993485342,0.00777604976671851,0,0.806603773584906,0.987860394537178,0.990291262135922,0.975308641975309,0.992260061919505,0.0016,0.00308166409861325,0.973520249221184,0.00470957613814757,0.0016025641025641,0.0267716535433071,0.0046875,0.00315457413249211,0.979813664596273,0.0109204368174727,0.990338164251208,0.9888,0.00160771704180064,0.984,0.0453172205438066,0.987711213517665,0.9078125,0.987748851454824,0.990491283676704
"374",0.976744186046512,0.976958525345622,0.95166163141994,0.924409448818898,0.967032967032967,0.979623824451411,0.88062015503876,0.955792682926829,0.978527607361963,0,0.978494623655914,0,0.571207430340557,0.978361669242658,0.0647149460708783,0.027906976744186,0,0.0109034267912773,0.980952380952381,0.963636363636364,0.183359013867488,0.0561797752808989,0.97428139183056,0,0.943511450381679,0.275272161741835,0.134351145038168,0.968102073365231,0.502269288956127,0.69969040247678,0.0214067278287462,0.701357466063348,0.775700934579439,0.312404287901991,0,0.98125,0.0122324159021407,0.980182926829268,0.282317979197623,0.914156626506024,0.00156494522691706,0.0107197549770291,0.00614439324116743,0.982785602503912,0.782539682539683,0.0440251572327044,0.519747235387046,0.0200927357032458,0.491754122938531,0.141566265060241,0,0.973643410852713,0.277016742770167,0.975497702909648,0.87673343605547,0.184496124031008,0,0.982866043613707,0.935185185185185,0.883969465648855,0.309815950920245,0.46048632218845,0.0218068535825545,0,0.899529042386185,0.844854070660522,0,0.966153846153846,0,0.0233281493001555,0.838905775075988,0.0244648318042813,0.0405616224648986,0.981679389312977,0,0.729198184568835,0.0717557251908397,0.581143740340031,0.883177570093458,0.288778877887789,0,0.720858895705521,0.222222222222222,0.974203338391502,0.126543209876543,0.896813353566009,0.970814132104455,0.95475113122172,0.950920245398773,0.00744047619047619,0.965678627145086,0.976708074534162,0,0,0.957547169811321,0,0.31859756097561,0.961656441717791,0.00603318250377074,0.00772797527047913,0.638759689922481,0,0.30077519379845,0.978193146417445,0.119760479041916,0.976452119309262,0.0078003120124805,0.959028831562974,0.0202177293934681,0.0234741784037559,0.0276497695852535,0.891603053435114,0.36517719568567,0.970219435736677,0,0.964615384615385,0.715160796324655,0,0.0259938837920489,0.262422360248447,0,0.772445820433437,0.267175572519084,0.101910828025478,0.950995405819296,0.169254658385093,0.977443609022556,0.977029096477795,0,0.568147013782542,0.921630094043887,0.509523809523809,0.971428571428571,0,0.97007874015748,0.0424242424242424,0,0.237209302325581,0.638759689922481,0.549050632911392,0,0,0.95852534562212,0.791277258566978,0.187697160883281,0.979750778816199,0.021671826625387,0.915773353751914,0.434375,0.962292609351433,0.152139461172742,0.960753532182104,0.979655712050078,0.824615384615385,0.975308641975309,0.0234375,0.974006116207951,0.0247678018575851,0,0.7609375,0.853915662650602,0.989263803680982,0.0332326283987915,0,0.974242424242424,0.453834115805947,0.985668789808917,0.980213089802131,0.977029096477795,0.315315315315315,0.955246913580247,0.0261538461538462,0.942161339421613,0.0237037037037037,0.877934272300469,0.390432098765432,0,0.964451313755796,0,0.883720930232558,0.976744186046512,0.146189735614308,0.958966565349544,0.935681470137825,0.976154992548435,0.963525835866261,0.125960061443932,0.397572078907436,0.9015625,0.923913043478261,0.0758513931888545,0.0227963525835866,0.959375,0.85,0,0,0.320433436532508,0.00152671755725191,0.977238239757208,0.279034690799397,0.869767441860465,0.784403669724771,0.963800904977376,0.448062015503876,0.453172205438066,0.313084112149533,0.9,0.947692307692308,0.860429447852761,0,0.883359253499222,0.191626409017713,0.929022082018927,0.0218068535825545,0.0900763358778626,0.565687789799073,0.95800933125972,0.956127080181543,0.823439878234399,0.978260869565217,0.89358372456964,0,0.0921658986175115,0.685410334346505,0.976708074534162,0,0.972727272727273,0.969924812030075,0.570769230769231,0.543778801843318,0.982945736434109,0.984202211690363,0.383333333333333,0,0.878195488721805,0.532407407407407,0.954186413902054,0.018348623853211,0.946070878274268,0.976525821596244,0.974242424242424,0.933641975308642,0.555219364599092,0.0251968503937008,0.949230769230769,0.548387096774194,0.025260029717682,0.0178837555886736,0.203149606299213,0.0214395099540582,0.167987321711569,0.688524590163934,0.0215716486902928,0.0228310502283105,0.0277349768875193,0.613533834586466,0.0614173228346457,0.970266040688576,0.00943396226415094,0.0183206106870229,0,0.243710691823899,0.974960876369327,0.964615384615385,0.874039938556068,0,0.862559241706161,0.862745098039216,0.693846153846154,0.617054263565891,0.458786936236392,0.472136222910217,0.0107197549770291,0.977917981072555,0.114678899082569,0.702875399361022,0.949230769230769,0.0334855403348554,0.758887171561051,0.0277349768875193,0.13677811550152,0.980451127819549,0.97626582278481,0.876971608832808,0,0.659192825112108,0.871069182389937,0,0.0166919575113809,0.882175226586103,0.9578125,0,0.0260736196319018,0.0227617602427921,0.964006259780908,0.874804381846635,0.0192307692307692,0,0.402777777777778,0.970992366412214,0.805722891566265,0.409785932721713,0.668231611893584,0.934049079754601,0.031055900621118,0.980509745127436,0.973765432098765,0.029595015576324,0.95398773006135,0.981366459627329,0.9984375,0.97428139183056,0.211508553654743,0.329249617151608,0.303265940902022,0.959438377535101,0.927536231884058,0.0452488687782805,0.291217257318952,0.958397534668721,0.176923076923077,0.335338345864662,0.973926380368098,0.981337480559876,0.946808510638298,0.720379146919431,0.979166666666667,0.274294670846395,0.947932618683001,0.978260869565217,0,0.331306990881459,0.575709779179811,0.0398162327718224,0.048411497730711,0.0316265060240964,0.894573643410853,0.0485584218512898,0.0243531202435312,0,0.251533742331288,0.969135802469136,0.0815384615384615,0.966613672496025,0.952012383900929,0.966719492868463,0.309148264984227,0.29746835443038,0.691107644305772,0.464,0,0.825688073394495,0.033033033033033,0.0669710806697108,0.220700152207002,0.979655712050078,0.0262345679012346,0,0.344135802469136,0.0347432024169184,0.0457413249211356,0.479813664596273,0.981308411214953,0.3,0.975806451612903,0.978125,0,0.969026548672566,0.0213089802130898,0.979320531757755,0.837209302325581,0.98256735340729,0.034375,1,0.024390243902439,0.898305084745763,0.708527131782946,0.942989214175655,0.970903522205207,0.975460122699387,0.312788906009245,0.945397815912636,0.975609756097561,0.024390243902439,0.0458015267175573,0.973312401883831,0.980030721966206,0.347352024922118,0.897865853658537,0.943910256410256,0.945121951219512,0.977099236641221,0,0.129133858267717,0.98,0.0263975155279503,0,0.948194662480377,0.00625978090766823,0.0580847723704867,0.979135618479881,0.955246913580247,0.00461538461538462,0.644859813084112,0.437106918238994,0.965408805031447,0.0235109717868339,0.858034321372855,0.974723538704581,0.3953125,0.624048706240487,0.79375,0,0.168486739469579,0.955555555555556,0.972265023112481,0.46676970633694,0.978494623655914,0.959349593495935,0.0557275541795666,0,0.96319018404908,0.984591679506934,0.932721712538226,0.697852760736196,0.0306748466257669,0.848818897637795,0.258698940998487,0.202635914332784,0.00459418070444104,0.640253565768621,0.599071207430341,0.617151607963247,0,0.310236220472441,0.893023255813953,0.656967840735069,0.545731707317073,0.0943952802359882,0,0,0.974963181148748,0.981679389312977,0,0.914110429447853,0.0078740157480315,0,0,0.983024691358025,0,0.974960876369327,0.775193798449612,0.548048048048048,0.978787878787879,0,0,0.9765625,0.947447447447447,0.737404580152672,0.0184331797235023,0,0.867269984917044,0.614803625377644,0.973684210526316,0.53953488372093,0.356807511737089,0,0.959938366718028,0.0252764612954186,0.940809968847352,0.106583072100313,0,0.0274390243902439,0.131987577639752,0.489533011272142,0.953703703703704,0,0.938897168405365,0.955725190839695,0.978560490045942,0,0.100156494522692,0.944444444444444,0.0304,0.974397590361446,0.97737556561086,0.0326086956521739,0.979876160990712,0.317901234567901,0.8,0.031104199066874,0.183385579937304,0.949464012251149,0.00627943485086342,0.0231124807395994,0.955725190839695,0.0284810126582278,0.6765625,0.391304347826087,0,0.139817629179331,0.745682888540031,0.277777777777778,0.957251908396947,0.0227272727272727,0.16385911179173,0.474714518760196,0.928251121076233,0.877428998505232,0.939721792890263,0.752738654147105,0,0.964831804281346,0.0241691842900302,0.98159509202454,0.409090909090909,0.0195195195195195,0.979876160990712,0.982731554160126,0.976708074534162,0.637209302325581,0.963691376701967,0.142635658914729,0.2,0.928792569659443,0.870570107858243,0,0,0.972136222910217,0.911811023622047,0.0358255451713396,0.965463108320251,0.970903522205207,0.382352941176471,0.9171875,0.7296875,0.878012048192771,0,0.942635658914729,0.360501567398119,0.974921630094044,0.975270479134467,0,0.671339563862928,0.957943925233645,0.0216383307573416,0.700934579439252,0.394777265745008,0.812874251497006,0.702229299363057,0.943028485757121,0.114114114114114,0.965625,0.976887519260401,0.969418960244648,0.32182103610675,0.11609907120743,0.966049382716049,0.977134146341463,0.00451807228915663,0.798484848484848,0.473282442748092,0.285714285714286,0.770167427701674,0.979750778816199,0.870170015455951,0.979938271604938,0.133131618759455,0.0192616372391653,0,0.821812596006144,0.0234375,0.0215716486902928,0.29601226993865,0,0.973724884080371,0.910197869101979,0.980061349693252,0.977134146341463,0.116459627329193,0.0232919254658385,0,0,0.191358024691358,0.0958268933539413,0.174454828660436,0,0.0198170731707317,0.974045801526718,0.018018018018018,0.306603773584906,0.981395348837209,0.605828220858896,0.957878315132605,0.657575757575758,0.649390243902439,0,0.975,0.404024767801858,0.5234375,0.908132530120482,0.965151515151515,0.402476780185758,0.00617283950617284,0.931192660550459,0.936746987951807,0,0.949778434268833,0.037037037037037,0.961904761904762,0.452160493827161,0,0.00610687022900763,0.52572347266881,0.835680751173709,0.0197268588770865,0.159489633173844,0.00930232558139535,0.00159744408945687,0.745937961595273,0.043613707165109,0.974025974025974,0.342024539877301,0.971168437025797,0.0168453292496172,0.388036809815951,0.346749226006192,0.8546875,0.119122257053292,0.0214723926380368,0.00153374233128834,0.0671875,0,0.972809667673716,0.0623003194888179,0.958456973293769,0.0283464566929134,0.975077881619938,0,0.525602409638554,0.494556765163297,0.978328173374613,0,0.980030721966206,0,0.414173228346457,0.968181818181818,0,0.661144578313253,0.962790697674419,0.743348982785602,0.936532507739938,0.0562310030395137,0,0.976635514018692,0.276995305164319,0,0.685015290519878,0.0209580838323353,0.0363636363636364,0.973354231974922,0.978090766823161,0.971385542168675,0.953416149068323,0.962441314553991,0,0.962674961119751,0.0179910044977511,0.371559633027523,0.308282208588957,0.972265023112481,0.968992248062015,0.98030303030303,0.975460122699387,0.053030303030303,0.0356589147286822,0.968304278922345,0.946070878274268,0.734539969834088,0.958652373660031,0.977272727272727,0.961300309597523,0,0,0.992603550295858,0,0.0899390243902439,0,0.94954128440367,0.298412698412698,0.227129337539432,0.147013782542113,0.908661417322835,0,0.12326656394453,0.978294573643411,0.975460122699387,0.645865834633385,0.42603550295858,0.218934911242604,0.201793721973094,0.645669291338583,0.0167173252279635,0.140888208269525,0.564296520423601,0.283307810107198,0.717125382262997,0.0288315629742033,0,0.018957345971564,0.342723004694836,0.979623824451411,0.646322378716745,0.246987951807229,0.633996937212864,0.8649468892261,0.989536621823617,0.942307692307692,0.956521739130435,0.9734375,0.973966309341501,0.570336391437309,0.438837920489297,0.978560490045942,0.0283582089552239,0.0329341317365269,0.86232980332829,0.00917431192660551,0.97869101978691,0.978593272171254,0,0.127760252365931,0,0.93343653250774,0,0.955521472392638,0.977168949771689,0.0260736196319018,0.828173374613003,0.980273141122914,0.673374613003096,0.639016897081413,0.865116279069767,0,0,0.925566343042071,0.927407407407407,0.961890243902439,0,0,0.0233281493001555,0.259090909090909,0.520610687022901,0,0.47175572519084,0,0.897959183673469,0.973354231974922,0.172684458398744,0.243243243243243,0,0.361801242236025,0.614664586583463,0.87888198757764,0.945371775417299,0.779635258358663,0.0231124807395994,0.967084639498433,0.0154798761609907,0.979430379746835,0,0.957639939485628,0.00458715596330275,0.98125,0.0414110429447853,0.0248833592534992,0,0,0.82542113323124,0.914691943127962,0.9209726443769,0.72289156626506,0.0449775112443778,0.0248062015503876,0.821263482280431,0.838167938931298,0,0.0309597523219814,0.945736434108527,0,0.988993710691824,0.94359756097561,0.0858895705521472,0.0396341463414634,0.0244648318042813,0.980030721966206,0.469291338582677,0.100308641975309,0.121069182389937,0.140243902439024,0.699523052464229,0.107413010590015,0.976708074534162,0,0.783359497645212,0.966616084977238,0.00155038759689922,0,0.0203193033381713,0,0.0264385692068429,0.980030721966206,0.704838709677419,0.0221169036334913,0.0248062015503876,0.556962025316456,0.93944099378882,0.454961832061069,0.0457317073170732,0.0190174326465927,0.0470957613814757,0.0138036809815951,0,0.0434108527131783,0.0222882615156018,0.027906976744186,0.0284857571214393,0.0213089802130898,0.0436817472698908,0.0515151515151515,0.0340557275541796,0.0138461538461538,0.00476190476190476,0.0212765957446809,0.0182648401826484,0.0551301684532925,0.0325581395348837,0.0154559505409583,0.0221169036334913,0.0202492211838006,0.0421216848673947,0.0277349768875193,0.0224215246636771,0.021505376344086,0.0506134969325153,0.0269058295964126,0.0202492211838006
"375",0.00313479623824451,0,0.031104199066874,0.0609951845906902,0.0161030595813204,0,0.0932069510268562,0.0267716535433071,0,0,0,0,0.416798732171157,0,0.954828660436137,0.993798449612403,0,0,0.0032,0.0170278637770898,0.842923794712286,0.964343598055105,0.0093167701863354,0,0.0436817472698908,0.742496050552923,0.8890625,0.00643086816720257,0.527522935779816,0.318112633181126,1,0.31104199066874,0.228346456692913,0.714508580343214,0,0,0.0046875,0.00615384615384615,0.743161094224924,0.093558282208589,0,0,0,0,0.210696920583468,0.976038338658147,0.478806907378336,1,0.525267993874426,0.869300911854103,0,0.0078740157480315,0.738993710691824,0,0.103448275862069,0.841423948220065,0,0.0224358974358974,0.0403726708074534,0.0883720930232558,0.694227769110764,0.5578125,1,0,0.0974025974025974,0.170579029733959,0,0.0108864696734059,0,1,0.136858475894246,0.993720565149137,0.982677165354331,0,0,0.284615384615385,0.953775038520801,0.415094339622642,0.1,0.729235880398671,0,0.292307692307692,0.794162826420891,0.00153374233128834,0.894977168949772,0.0878274268104777,0.0046801872074883,0.0279503105590062,0.0233281493001555,0,0.0111111111111111,0,0,0,0.0290322580645161,0,0.685670261941448,0.0185758513931889,0,0,0.376971608832808,0,0.71585557299843,0,0.901990811638591,0,0,0.0217054263565891,1,0.990461049284579,0.990712074303406,0.0780254777070064,0.671361502347418,0.0064,0,0.0154083204930663,0.291993720565149,0,1,0.75748031496063,0,0.229559748427673,0.746932515337423,0.928343949044586,0.0218068535825545,0.847692307692308,0.00307219662058372,0.0015625,0,0.44031007751938,0.0595611285266458,0.5103668261563,0.0064,0,0.00637958532695375,0.975646879756469,0,0.787735849056604,0.350078492935636,0.47427652733119,0,0,0.0187793427230047,0.240625,0.831460674157303,0,0.993730407523511,0.0695102685624013,0.587761674718196,0.0217054263565891,0.858747993579454,0.0141509433962264,0,0.164615384615385,0.00630914826498423,1,0,1,0,0.252380952380952,0.124807395993837,0.0154559505409583,0.981510015408321,0,0,0.547619047619048,0,0,0,0.709774436090226,0.0217391304347826,0.998468606431853,0.0538461538461538,1,0.102040816326531,0.6203125,0,0.0186625194401244,0,0.157232704402516,0,0.875590551181102,0.0186625194401244,0.0481366459627329,0.00914634146341463,0.0200308166409861,0.911214953271028,0.63030303030303,0.0705128205128205,0.0515297906602254,0.93953488372093,0.99375,0.0174880763116057,0.121495327102804,0,0,0.692063492063492,0,0,0.745398773006135,0.109546165884194,0.241112828438949,0.00934579439252336,0.555900621118012,0.567278287461774,0.697262479871176,0.0818897637795276,0.0364500792393027,0.116459627329193,0,0.110419906687403,0.818330605564648,0.0501567398119122,1,0.936532507739938,0.450393700787402,0.0232198142414861,0.0213089802130898,0.176287051482059,0.00157232704402516,0.102040816326531,0,0.935433070866142,0.330246913580247,0.00637958532695375,0,0.00615384615384615,0.0228658536585366,0.441497659906396,0.458786936236392,0.0109375,0,0.625796178343949,0,0.0949464012251149,0.4703125,0.032051282051282,1,0.0343213728549142,0.00157232704402516,0,0.0440251572327044,0.457317073170732,1,0.029874213836478,0.446875,0.995502248875562,0.998477929984779,0.786392405063291,1,0.8448,0.336363636363636,1,0.995341614906832,0.990551181102362,0.412576687116564,0.961661341853035,0.0094488188976378,0,1,0,0.772370486656201,0,0.0184899845916795,0.0941915227629513,0,0.120443740095087,0.132716049382716,0.308892355694228,0.400621118012422,0.544871794871795,0.539808917197452,0,0,0.906153846153846,0.293075684380032,0.0406885758998435,0.989197530864197,0.257364341085271,1,0.875,0,0,0.0939490445859873,0,0.356814701378254,0.0961538461538462,0,1,0.0910493827160494,0.0192616372391653,0,1,0.998463901689708,0.0210016155088853,0.113884555382215,1,0,0.614285714285714,0.0111287758346582,0.215267175572519,0.615975422427035,0.342857142857143,0.0387596899224806,0.989113530326594,0,0,0.993680884676145,0.0293663060278207,0,0.0256410256410256,0.00306748466257669,0.809748427672956,0.68266253869969,0.712050078247261,0.0226171243941842,0.0651465798045603,0.00153846153846154,0.731132075471698,0.0251177394034537,0.8421875,0.689969604863222,0.00467289719626168,0.00315457413249211,0.0289193302891933,0.301109350237718,0.00309597523219814,0.745627980922099,0.0341614906832298,0.00316957210776545,0,0.67651632970451,0.446428571428571,0.982892690513219,0.0015527950310559,0.995384615384615,0.0868217054263566,0.973520249221184,1,0,0.769592476489028,0.00625978090766823,0.934477379095164,0.0160771704180064,0.028125,0.0156985871271586,0.704761904761905,0.705501618122977,0.310452418096724,0.545307443365696,0,0.170886075949367,0.989247311827957,0.961597542242704,0.801538461538462,0,0.998461538461539,0,0.66306027820711,0.99079754601227,0.974842767295597,0.517774343122102,0,0.7264,0,0.0327102803738318,0,0.0104790419161677,1,0.00153139356814701,0.163779527559055,0,0.988993710691824,0.024390243902439,1,0.114241001564945,0.292063492063492,0.0447530864197531,0.0139968895800933,0,0.69811320754717,0.034375,0,1,0.976452119309262,0,0,0.66510172143975,0.113029827315542,0.0305466237942122,0.0401234567901235,0,0,0.884057971014493,0,0.998456790123457,0,0.0358255451713396,0,0.955555555555556,0,0.0345368916797488,0,0.364485981308411,0.570532915360502,0.0175718849840256,0.998415213946117,0.123809523809524,0.00323101777059774,0.623417721518987,0.392857142857143,0.214626391096979,0,0.836734693877551,0.024,0.00156494522691706,0.551181102362205,0,0.0248756218905473,0.971786833855799,0,0.0153374233128834,0.00634920634920635,0.0405616224648986,0.303875968992248,0.992236024844721,0.131955484896661,0.751543209876543,0.812091503267974,0,0.372611464968153,0.387755102040816,0.373040752351097,0,0.714968152866242,0.0886075949367089,0.352574102964119,0.476780185758514,0.921481481481481,0,0,0,0.0201238390092879,0,0.07981220657277,0,0,0,0.00159489633173844,0,0,0.216300940438871,0.468702290076336,0,0,0,0.00631911532385466,0.0407239819004525,0.264705882352941,1,0,0.100917431192661,0.391705069124424,0,0.462132921174652,0.65251572327044,0,0.0229007633587786,1,0.0425867507886435,0.900158478605388,0,0.99236641221374,0.891167192429022,0.497553017944535,0.0216383307573416,0,0.0438066465256798,0.0188679245283019,0,0,0.925515055467512,0.0655737704918033,0.99673735725938,0,0,0.993769470404984,0,0.702325581395349,0.197819314641745,0.990551181102362,0.82753164556962,0.0330188679245283,0,1,0.0276073619631902,0.993620414673046,0.330721003134796,0.587859424920128,0,0.886292834890966,0.262820512820513,0.740625,0.0262345679012346,1,0.856692913385827,0.553156146179402,0.0495495495495495,0.110105580693816,0.0331230283911672,0.251177394034537,0,0.0186625194401244,1,0.0332278481012658,0.610492845786963,1,0,0,0,0.353407290015848,0.0172143974960876,0.871473354231975,0.811802232854864,0.0465116279069767,0.10355486862442,0,0,0.00476947535771065,0.0575079872204473,0.984076433121019,0.0156494522691706,0.00783699059561128,0.628526645768025,0.0607476635514019,0.268680445151033,0.0966257668711656,0,0.0267295597484277,0.665605095541401,0,0.00154798761609907,0,0.355799373040752,0.0271132376395534,1,0.324281150159744,0.614664586583463,0.196671709531014,0.300314465408805,0.04047976011994,0.9209726443769,0.0157977883096366,0,0.0217391304347826,0.6928,0.87797147385103,0.009375,0,0,0.220657276995305,0.536321483771252,0.74885145482389,0.235202492211838,0,0.118296529968454,0,0.104615384615385,1,0,0.17515923566879,1,1,0.723538704581359,0,0.00943396226415094,0.0804953560371517,0.0015527950310559,0.00612557427258806,0.915492957746479,1,0,0,0.828525641025641,0.925925925925926,0.835443037974684,0,1,0,0.424196018376723,0.7008,0,0.403125,0.025518341307815,0.342064714946071,0.363636363636364,0,0,0.606687898089172,0.50392464678179,0.0703363914373089,0.00917431192660551,0.610852713178295,0,0.0469483568075117,0.044478527607362,0,0.0274390243902439,0.984544049459042,0.0130081300813008,0.565420560747664,0,0,0.476345840130506,0.167987321711569,1,0.865079365079365,0,0,0.26015037593985,0.976303317535545,0,0.681047765793529,0.00613496932515337,1,0.625,0.671428571428571,0.127214170692432,0.907617504051864,0.996879875195008,0,0.960191082802548,0,0.00612557427258806,0.7952,0.0197869101978691,0.995222929936306,0,0,0.462962962962963,0.52931854199683,0,0,0,0,0.598726114649682,0.0108359133126935,0,0.330757341576507,0.0188679245283019,0.236306729264476,0.0473933649289099,0.959752321981424,0,0,0.738019169329074,0,0.304821150855365,1,0.981510015408321,0,0,0.00464396284829721,0.0219435736677116,0.0126984126984127,0,0.0188383045525903,0,0.635658914728682,0.7203125,0.0077639751552795,0.00783699059561128,0.00759878419452888,0.00765696784073507,0.0277777777777778,0.984101748807631,0.0163398692810458,0.0337941628264209,0.274539877300614,0.0233644859813084,0,0.0280811232449298,0,0,0.0164424514200299,0,0.939628482972136,0.00157232704402516,0.0388802488335925,0.722222222222222,0.786061588330632,0.875384615384615,0.0864,0,0.888888888888889,0,0,0.363636363636364,0.582450832072617,0.790732436472347,0.816109422492401,0.334920634920635,1,0.877165354330709,0.45839874411303,0.734597156398104,0.292834890965732,0.993759750390016,0,1,0.666136724960254,0,0.356037151702786,0.774885145482389,0.378716744913928,0.121913580246914,0.0107858243451464,0.0403225806451613,0.0144694533762058,0,0.00159235668789809,0.450155763239875,0.577639751552795,0.0015625,0.995495495495496,0.990867579908676,0.123824451410658,0,0,0.0263565891472868,0,0.889423076923077,0,0.0410742496050553,0,0.0231124807395994,0,0.99388379204893,0.17007874015748,0,0.338658146964856,0.381395348837209,0.103610675039246,0,0,0.0754098360655738,0.0520833333333333,0.0108359133126935,0,0,1,0.762269938650307,0.503095975232198,0,0.559375,0,0.0690208667736758,0,0.802232854864434,0.765432098765432,0,0.661290322580645,0.399686520376176,0.128284389489954,0.0325077399380805,0.224648985959438,1,0.0129659643435981,0.0839936608557845,0,0,0.0183767228177642,0,0,0.981132075471698,0.613312202852615,0,0,0.171339563862928,0.0666666666666667,0.058641975308642,0.282245827010622,0.970903522205207,0.995153473344103,0.167192429022082,0.16338880484115,0,0.9826224328594,0.028125,0,0.0144,0.0445468509984639,0.93730407523511,0,0.996904024767802,0,0.543269230769231,0.92846034214619,0.9072,0.882442748091603,0.3088,0.909090909090909,0,0,0.239811912225705,0.0186046511627907,0,0,1,0,1,0,0.274478330658106,1,1,0.447409733124019,0.0438871473354232,0.569230769230769,0,1,0.0464,0.0047244094488189,0,0.803149606299213,0.995461422087746,1,0.984662576687117,1,0,0,0.990625,0.00308641975308642,0.00160513643659711,0.0203442879499218,0.00309597523219814,0,0.996835443037975,0.00933125972006221,1,1,0,0.993779160186625,0.0446153846153846,1,0.911811023622047,0.998475609756098,1
"376",0.871224165341812,0.883647798742138,0.865237366003063,0.850961538461538,0.870550161812298,0.878246753246753,0.822503961965135,0.861635220125786,0.878461538461539,0,0.890625,0,0.597809076682316,0.881329113924051,0.162717219589258,0.129890453834116,0,0.0144,0.887480190174326,0.871517027863777,0.274691358024691,0.13452188006483,0.877708978328173,0,0.850699844479005,0.3312,0.22015503875969,0.869218500797448,0.563165905631659,0.670826833073323,0.113707165109034,0.675465838509317,0.763492063492063,0.374414976599064,0,0.88125,0.0170542635658915,0.877300613496933,0.352852852852853,1,0.00159489633173844,0.014018691588785,0.00770416024653313,0.88783570300158,0.732463295269168,0.140575079872204,0.548286604361371,0.113564668769716,0.526636225266362,0.246575342465753,0,0.882352941176471,0.351648351648352,0.886970172684458,0.817170111287758,0.267100977198697,0,0.880952380952381,0.857805255023184,0.841294298921418,0.377708978328173,0.526964560862866,0.116903633491311,0,0.875590551181102,0.84399375975039,0,0.872307692307692,0,0.112877583465819,0.775541795665635,0.122480620155039,0.130708661417323,0.893939393939394,0,0.717357910906298,0.1546875,0.634945397815913,0.824561403508772,0.341666666666667,0,0.689547581903276,0.286798179059181,0.884615384615385,0.227414330218069,0.825954198473282,0.875394321766562,0.856920684292379,0.854714064914992,0.0123647604327666,0.872611464968153,0.878357030015798,0,0,0.868878357030016,0,0.381475667189953,0.8712715855573,0.00775193798449612,0.00940438871473354,0.641509433962264,0,0.375399361022364,0.874804381846635,0.214939024390244,0.882636655948553,0.0111287758346582,0.873831775700935,0.10952380952381,0.117739403453689,0.117465224111283,0.84,0.409733124018838,0.887323943661972,0,0.870769230769231,0.682389937106918,0,0.119010819165379,0.346394984326019,0,0.762790697674419,0.348623853211009,0.188925081433225,0.859133126934985,0.243827160493827,0.888888888888889,0.886645962732919,0,0.597809076682316,0.847003154574132,0.590189873417722,0.869009584664537,0,0.875399361022364,0.135093167701863,0,0.334384858044164,0.622820919175911,0.568218298555377,0,0,0.875,0.77151799687011,0.27027027027027,0.881889763779528,0.121642969984202,0.841294298921418,0.468152866242038,0.864535768645358,0.253588516746411,0.877519379844961,0.87758346581876,0.779503105590062,0.8671875,0.118210862619808,0.875776397515528,0.119309262166405,0,0.793929712460064,0.802431610942249,0.892018779342723,0.124807395993837,0,0.882352941176471,0.493650793650794,0.881493506493506,0.885579937304075,0.875590551181102,0.373846153846154,0.862992125984252,0.129429892141757,0.859784283513097,0.120426829268293,0.821484992101106,0.419656786271451,0,0.877708978328173,0,0.804012345679012,0.88006230529595,0.228706624605678,0.877329192546584,0.849230769230769,0.882175226586103,0.908396946564885,0.213395638629283,0.43969465648855,0.837579617834395,0.84775641025641,0.1625,0.1171875,0.869634340222575,0.806853582554517,0,0,0.405320813771518,0.00158227848101266,0.882262996941896,0.348765432098765,0.824561403508772,0.73394495412844,0.868181818181818,0.505511811023622,0.559006211180124,0.40251572327044,0.83596214511041,0.861685214626391,0.818740399385561,0,0.821316614420063,0.291803278688525,0.838607594936709,0.126602564102564,0.177469135802469,0.581761006289308,0.8734375,0.872503840245776,0.7796875,0.883076923076923,0.853269537480064,0,0.179566563467492,0.715610510046368,0.877777777777778,0,0.870514820592824,0.879756468797565,0.583201267828843,0.559055118110236,0.893416927899687,0.894651539708266,0.437699680511182,0,0.83206106870229,0.5296875,0.858075040783034,0.11128526645768,0.859969558599696,0.875786163522013,0.875776397515528,0.869905956112853,0.557098765432099,0.119426751592357,0.859154929577465,0.571651090342679,0.117469879518072,0.117378048780488,0.263406940063092,0.121835443037975,0.258842443729904,0.669767441860465,0.123824451410658,0.10625,0.126168224299065,0.612654320987654,0.143307086614173,0.88301282051282,0.0126382306477093,0.115987460815047,0,0.324324324324324,0.892455858747994,0.8703125,0.822884012539185,0,0.805152979066023,0.872503840245776,0.662974683544304,0.588976377952756,0.497645211930926,0.572555205047319,0.0124223602484472,0.879173290937997,0.208978328173375,0.680129240710824,0.857594936708861,0.134762633996937,0.731554160125589,0.123630672926448,0.2234375,0.880551301684533,0.881383855024712,0.827697262479871,0,0.660493827160494,0.818181818181818,0,0.108695652173913,0.825954198473282,0.865030674846626,0,0.126717557251908,0.115085536547434,0.882911392405063,0.825320512820513,0.118589743589744,0,0.454121306376361,0.896062992125984,0.764525993883792,0.458074534161491,0.659810126582278,0.857361963190184,0.1265625,0.895295902883156,0.872239747634069,0.124605678233438,0.875,0.868878357030016,0.899361022364217,0.880248833592535,0.282091917591125,0.38828967642527,0.38810641627543,0.873417721518987,0.843548387096774,0.0451713395638629,0.390749601275917,0.864566929133858,0.240740740740741,0.422727272727273,0.881329113924051,0.883830455259027,0.870917573872473,0.740858505564388,0.888719512195122,0.368,0.861801242236025,0.878787878787879,0,0.399691358024691,0.587955625990491,0.130708661417323,0.0511627906976744,0.125190839694656,0.828660436137072,0.139937106918239,0.119565217391304,0,0.321538461538462,0.883177570093458,0.2,0.888888888888889,0.869158878504673,0.874804381846635,0.400635930047695,0.383116883116883,0.718995290423862,0.49597423510467,0,0.794348508634223,0.133846153846154,0.16,0.298761609907121,0.88301282051282,0.129337539432177,0,0.403100775193798,0.1296875,0.140822784810127,0.507109004739337,0.87519747235387,0.3546875,0.890675241157556,0.900630914826498,0,0.87987987987988,0.115919629057187,0.877300613496933,0.796557120500782,0.898876404494382,0.125,0.898305084745763,0.114241001564945,1,0.702875399361022,0.898617511520737,0.882534775888717,0.881329113924051,0.390205371248025,0.86697965571205,0.88208269525268,0.124423963133641,0.139103554868624,0.880191693290735,0.88125,0.380877742946708,1,0.866449511400652,0.866564417177914,0.87402799377916,0,0.210272873194221,0.882911392405063,0.126959247648903,0,0.864139020537125,0.0111464968152866,0.153724247226624,0.883647798742138,0.864566929133858,0.00470957613814757,0.642405063291139,0.469387755102041,0.880503144654088,0.122186495176849,0.807443365695793,0.88783570300158,0.477917981072555,0.626168224299065,0.744479495268139,0,0.268633540372671,0.860095389507154,0.888188976377953,0.493769470404984,0.887171561051005,0.853577371048253,0.153013910355487,0,0.8734375,0.88783570300158,0.85511811023622,0.725856697819315,0.122641509433962,0.800319488817891,0.308661417322835,0.277777777777778,0.0078740157480315,0.690590111642743,0.599686028257457,0.6140625,0,0.376,0.842767295597484,0.694099378881988,0.545595054095827,0.178899082568807,0,0,0.881559220389805,0.898773006134969,0,0.838557993730408,0.012924071082391,0,0,0.886435331230284,0,0.883683360258481,0.73469387755102,0.570121951219512,0.88109756097561,0,0,0.874608150470219,0.877272727272727,0.745788667687596,0.119266055045872,0.00320512820512821,0.826952526799387,0.624413145539906,0.8859375,0.556923076923077,0.419558359621451,0,0.853810264385692,0.125396825396825,0.864734299516908,0.19811320754717,0,0.122727272727273,0.248803827751196,0.508305647840532,0.863777089783282,0,0.855606758832565,0.862015503875969,0.874223602484472,0,0.195275590551181,0.861896838602329,0.110210696920583,0.878461538461539,0.881638846737481,0.133333333333333,0.882629107981221,0.397174254317111,0.765354330708661,0.120063191153239,0.270967741935484,0.87244094488189,0.0111287758346582,0.122861586314152,0.865325077399381,0.125806451612903,0.6864,0.4125,0,0.216640502354788,0.687600644122383,0.364906832298137,0.869905956112853,0.116719242902208,0.246511627906977,0.580645161290323,0.851063829787234,0.806748466257669,0.858505564387917,0.757911392405063,0,0.875968992248062,0.119565217391304,0.885579937304075,0.476874003189793,0.121351766513057,0.887692307692308,0.886970172684458,0.873015873015873,0.627760252365931,0.876175548589342,0.234726688102894,0.285261489698891,0.845070422535211,0.811232449297972,0,0,0.873397435897436,0.838969404186795,0.116427432216906,0.869983948635634,0.868421052631579,0.44945567651633,0.840255591054313,0.699842022116904,0.824345146379045,0,0.864433811802233,0.4125,0.899843505477308,0.876755070202808,0,0.71830985915493,0.869218500797448,0.121684867394696,0.700156985871272,0.441823899371069,0.806547619047619,0.675078864353312,0.858858858858859,0.193251533742331,0.871019108280255,0.87673343605547,0.881064162754304,0.380348652931854,0.187207488299532,0.875776397515528,0.877488514548239,0.00771604938271605,0.795031055900621,0.49922480620155,0.335413416536661,0.731782945736434,0.88503937007874,0.812101910828026,0.88006230529595,0.137770897832817,0.127450980392157,0,0.769352290679305,0.11216429699842,0.116352201257862,0.369397217928903,0,0.884012539184953,0.839813374805599,0.888544891640867,0.873065015479876,0.194928684627575,0.106918238993711,0,0,0.279032258064516,0.190174326465927,0.259904912836767,0,0.118279569892473,0.883359253499222,0.0527131782945736,0.389423076923077,0.885532591414944,0.615625,0.884858044164038,0.662538699690402,0.629800307219662,0,0.876488095238095,0.460674157303371,0.563664596273292,0.841704718417047,0.868421052631579,0.450858034321373,0.00940438871473354,0.845794392523365,0.857142857142857,0,0.863914373088685,0.134466769706337,0.886885245901639,0.547433903576983,0,0.0108359133126935,0.575609756097561,0.792993630573248,0.122861586314152,0.216346153846154,0.0142630744849445,0.00164203612479475,0.69578313253012,0.116613418530351,0.887254901960784,0.400928792569659,0.88062015503876,0.10958904109589,0.453689167974882,0.386991869918699,0.796178343949045,0.198373983739837,0.121306376360809,0.00313479623824451,0.153488372093023,0,0.880916030534351,0.1256038647343,0.865853658536585,0.122222222222222,0.87797147385103,0,0.546423135464231,0.560702875399361,0.885093167701863,0,0.888549618320611,0,0.452614379084967,0.875384615384615,0,0.66358024691358,0.876996805111821,0.722488038277512,0.852327447833066,0.139570552147239,0,0.875590551181102,0.351910828025478,0,0.667711598746082,0.117557251908397,0.135303265940902,0.876369327073552,0.879746835443038,0.869158878504673,0.864566929133858,0.863057324840764,0,0.894819466248038,0.0234741784037559,0.41875,0.358609794628752,0.883720930232558,0.875981161695447,0.872472783825817,0.870716510903427,0.058641975308642,0.13302034428795,0.872340425531915,0.857142857142857,0.755760368663594,0.857364341085271,0.882896764252696,0.8765625,0,0,0.904545454545455,0,0.170278637770898,0,0.86697965571205,0.348039215686274,0.290996784565916,0.214506172839506,0.8384,0,0.2078125,0.895148669796557,0.879256965944272,0.638364779874214,0.499236641221374,0.306306306306306,0.269938650306748,0.643879173290938,0.104863221884498,0.240369799691834,0.58528951486698,0.384735202492212,0.738532110091743,0.133228840125392,0,0.109149277688604,0.404388714733542,0.883386581469649,0.629230769230769,0.329286798179059,0.67398119122257,0.81619937694704,0.898928024502297,0.8743961352657,0.871224165341812,0.881028938906752,0.887658227848101,0.573248407643312,0.478125,0.888888888888889,0.128983308042489,0.120426829268293,0.822884012539185,0.0124416796267496,0.887692307692308,0.879256965944272,0,0.215780998389694,0,0.858712715855573,0,0.866459627329193,0.878693623639191,0.119010819165379,0.778816199376947,0.888379204892966,0.659777424483307,0.64031007751938,0.816770186335404,0,0,0.857142857142857,0.846153846153846,0.879443585780526,0,0,0.110047846889952,0.349693251533742,0.62402496099844,0,0.490654205607477,0,0.824,0.883757961783439,0.252006420545746,0.332307692307692,0,0.422829581993569,0.61259842519685,1,0.867069486404834,0.748822605965463,0.113385826771654,0.889064976228209,0.0222929936305732,0.876623376623377,0,0.88208269525268,0.00941915227629513,0.881064162754304,0.136075949367089,0.0725552050473186,0,0,0.782131661442006,0.853658536585366,0.847352024922118,0.725429017160686,0.150076569678407,0.123222748815166,0.764890282131661,0.76271186440678,0,0.130094043887147,0.859399684044234,0,0.890850722311397,0.864906832298137,0.186625194401244,0.0421216848673947,0.115987460815047,0.87789799072643,0.513556618819777,0.188383045525903,0.213483146067416,0.211981566820276,0.726688102893891,0.2217125382263,0.875399361022364,0,0.801587301587302,0.874425727411945,0.00478468899521531,0,0.117199391171994,0,0.124401913875598,0.881889763779528,0.7,0.117088607594937,0.112179487179487,0.594249201277955,0.859842519685039,0.540958268933539,0.049306625577812,0.111650485436893,0.0573248407643312,0.0154559505409583,0,0.113564668769716,0.117293233082707,0.130573248407643,0.124042879019908,0.12111801242236,0.0509554140127389,0.0578125,0.128482972136223,0.0169753086419753,0.00322061191626409,0.026813880126183,0.0218068535825545,0.0565149136577708,0.125581395348837,0.0200927357032458,0.117073170731707,0.11609907120743,0.0412698412698413,0.11353032659409,0.0319148936170213,0.122065727699531,0.153965785381026,0.13109756097561,0.124416796267496
"377",0.711726384364821,0.709935897435897,0.748417721518987,0.750809061488673,0.727569331158238,0.725457570715474,0.718901453957997,0.727858293075684,0.706161137440758,0,0.707667731629393,0,0.654281098546042,0.707920792079208,0.34775641025641,0.315372424722662,0,0.011437908496732,0.706270627062706,0.730769230769231,0.43338683788122,0.310286677908938,0.702702702702703,0,0.709728867623604,0.492682926829268,0.384244372990354,0.706754530477759,0.61259842519685,0.670382165605096,0.282608695652174,0.796474358974359,0.752808988764045,0.469096671949287,0,0.70859872611465,0.0188383045525903,0.720379146919431,0.52093023255814,0.699367088607595,0.00160771704180064,0.00934579439252336,0.00467289719626168,0.714518760195759,0.860197368421053,0.303921568627451,0.646964856230032,0.2928,0.684867394695788,0.382445141065831,0,0.709886547811994,0.512903225806452,0.708399366085578,0.713128038897893,0.446078431372549,0,0.711290322580645,0.718354430379747,0.801574803149606,0.473767885532591,0.590697674418605,0.286634460547504,0,0.736065573770492,0.721958925750395,0,0.715421303656598,0,0.291935483870968,0.722044728434505,0.293548387096774,0.315359477124183,0.717665615141956,0,0.7390625,0.331269349845201,0.645211930926217,0.745513866231648,0.527303754266212,0,0.821316614420063,0.462132921174652,0.694533762057878,0.384370015948963,0.799043062200957,0.715210355987055,0.728867623604466,0.716300940438871,0.00314465408805031,0.712662337662338,0.710900473933649,0,0,0.728314238952537,0,0.4913112164297,0.71563981042654,0.00470219435736677,0.00644122383252818,0.666131621187801,0,0.506410256410256,0.702093397745572,0.372128637059724,0.711475409836066,0.00482315112540193,0.722488038277512,0.289689034369885,0.306709265175719,0.295238095238095,0.711290322580645,0.6032,0.705128205128205,0,0.735849056603774,0.817891373801917,0,0.284591194968553,0.449760765550239,0,0.747967479674797,0.484992101105845,0.345276872964169,0.725832012678288,0.40064620355412,0.719188767550702,0.70926517571885,0,0.6513470681458,0.773311897106109,0.548701298701299,0.715220949263502,0,0.700164744645799,0.303459119496855,0,0.467511885895404,0.694805194805195,0.636065573770492,0,0,0.735109717868339,0.742448330683625,0.418181818181818,0.720779220779221,0.299837925445705,0.766025641025641,0.632450331125828,0.7234375,0.40625,0.714052287581699,0.722039473684211,0.699367088607595,0.708006279434851,0.286184210526316,0.708133971291866,0.278501628664495,0,0.737096774193548,0.744548286604361,0.722488038277512,0.306603773584906,0,0.712933753943218,0.802610114192496,0.710482529118136,0.708399366085578,0.70846394984326,0.477449455676516,0.730283911671924,0.303370786516854,0.723370429252782,0.292682926829268,0.74512987012987,0.585874799357945,0,0.703049759229534,0,0.725984251968504,0.712241653418124,0.384742951907131,0.726114649681529,0.738654147104851,0.709230769230769,0.717665615141956,0.396496815286624,0.62962962962963,0.776167471819646,0.738486842105263,0.3296,0.288676236044657,0.723577235772358,0.7234375,0,0,0.531300160513644,0.0016,0.706896551724138,0.5390625,0.72168284789644,0.704866562009419,0.719936708860759,0.61244019138756,0.544025157232704,0.514802631578947,0.722132471728595,0.711507293354943,0.761904761904762,0,0.693163751987281,0.453047775947282,0.737357259380098,0.290996784565916,0.350157728706625,0.63015873015873,0.716108452950558,0.720379146919431,0.775806451612903,0.717665615141956,0.74481658692185,0,0.340729001584786,0.708661417322835,0.71875,0,0.705414012738854,0.731782945736434,0.647058823529412,0.661881977671451,0.695721077654517,0.705107084019769,0.551779935275081,0,0.726844583987441,0.680064308681672,0.731907894736842,0.305379746835443,0.73469387755102,0.714285714285714,0.6992,0.726837060702875,0.710900473933649,0.302980132450331,0.7421875,0.67244094488189,0.293846153846154,0.291079812206573,0.427001569858713,0.282539682539683,0.414239482200647,0.694704049844237,0.288676236044657,0.299684542586751,0.293460925039872,0.675078864353312,0.317589576547231,0.73581847649919,0.00485436893203883,0.279106858054226,0,0.456730769230769,0.71658615136876,0.712218649517685,0.744,0,0.752052545155993,0.71183800623053,0.789808917197452,0.731132075471698,0.593996840442338,0.522222222222222,0.0063391442155309,0.702439024390244,0.383045525902669,0.807248764415156,0.751987281399046,0.298273155416013,0.705977382875606,0.297297297297297,0.395569620253165,0.712749615975422,0.712195121951219,0.72875816993464,0,0.683229813664596,0.699680511182109,0,0.277165354330709,0.720379146919431,0.731391585760518,0,0.293185419968304,0.27892234548336,0.727422003284072,0.793548387096774,0.289689034369885,0,0.562599049128368,0.716129032258065,0.771956856702619,0.625796178343949,0.710526315789474,0.728,0.293739967897271,0.709175738724728,0.709728867623604,0.3056,0.732171156893819,0.710862619808307,0.717781402936378,0.703049759229534,0.452380952380952,0.549920760697306,0.511111111111111,0.728013029315961,0.716857610474632,0.0333863275039746,0.457928802588997,0.727848101265823,0.409162717219589,0.488299531981279,0.722222222222222,0.717781402936378,0.749211356466877,0.729200652528548,0.691823899371069,0.463768115942029,0.760765550239234,0.70935960591133,0,0.571428571428571,0.641693811074919,0.306089743589744,0.0299684542586751,0.298273155416013,0.706539074960128,0.310126582278481,0.287758346581876,0,0.49607535321821,0.709003215434084,0.344827586206897,0.721393034825871,0.745627980922099,0.7152,0.519354838709677,0.513114754098361,0.684294871794872,0.649754500818331,0,0.720706260032103,0.302652106084243,0.33489827856025,0.4656,0.709836065573771,0.304140127388535,0,0.580286168521463,0.285491419656786,0.299173553719008,0.618441971383148,0.71107544141252,0.524671052631579,0.706281833616299,0.700813008130081,0,0.711213517665131,0.290423861852433,0.70125786163522,0.71608832807571,0.713576158940397,0.294871794871795,0.708527131782946,0.292063492063492,0.702875399361022,1,0.725856697819315,0.725239616613419,0.692682926829268,0.538834951456311,0.718241042345277,0.710031347962382,0.303125,0.315705128205128,0.699186991869919,0.699842022116904,0.5552,0.689873417721519,0.71947194719472,0.744075829383886,0.719874804381847,0,0.40359477124183,0.7104,0.294952681388013,0,0.728013029315961,0.00491803278688525,0.338235294117647,0.700626959247649,0.735973597359736,0.00322061191626409,0.6656,0.609756097560976,0.729064039408867,0.272131147540984,0.69983948635634,0.698675496688742,0.575320512820513,0.665620094191523,0.92891760904685,0,0.4304,0.729096989966555,0.721153846153846,0.632165605095541,0.712918660287081,0.705192629815745,0.307073954983923,0.00161812297734628,0.707667731629393,0.713153724247227,0.720447284345048,0.683307332293292,0.293245469522241,0.740322580645161,0.48626817447496,0.425641025641026,0.0031496062992126,0.672552166934189,0.637820512820513,0.856687898089172,0,0.561688311688312,0.748397435897436,0.670926517571885,0.681889763779528,0.374429223744292,0,0,0.703363914373089,0.710280373831776,0,0.729166666666667,0.00326797385620915,0,0,0.697899838449112,0,0.730706075533662,0.68,0.63125,0.705229793977813,0,0,0.719101123595506,0.733128834355828,0.743670886075949,0.294025157232704,0,0.718944099378882,0.663009404388715,0.720190779014308,0.670347003154574,0.617363344051447,0,0.721780604133545,0.289256198347107,0.767441860465116,0.360975609756098,0,0.2953125,0.383606557377049,0.553333333333333,0.7008,0,0.753869969040248,0.732171156893819,0.725274725274725,0,0.363934426229508,0.706666666666667,0.29450915141431,0.708527131782946,0.711811023622047,0.291798107255521,0.70926517571885,0.539452495974235,0.727272727272727,0.311582381729201,0.424878836833603,0.734076433121019,0.00324675324675325,0.299840510366826,0.726984126984127,0.307565789473684,0.722950819672131,0.604538087520259,0,0.38351822503962,0.73581847649919,0.51033386327504,0.704113924050633,0.29635499207607,0.417721518987342,0.523809523809524,0.741486068111455,0.791208791208791,0.7184,0.717073170731707,0,0.715421303656598,0.296754250386399,0.696141479099678,0.583196046128501,0.302839116719243,0.7072,0.7312,0.699186991869919,0.69935691318328,0.724473257698541,0.39776357827476,0.466557911908646,0.725396825396825,0.719101123595506,0,0,0.707395498392283,0.726978998384491,0.305825242718447,0.729508196721312,0.720190779014308,0.573015873015873,0.748784440842788,0.674193548387097,0.718799368088468,0,0.715890850722311,0.51628664495114,0.717741935483871,0.7008,0,0.683523654159869,0.743922204213938,0.282504012841092,0.685990338164251,0.565149136577708,0.714503816793893,0.93517017828201,0.713615023474178,0.358024691358025,0.724919093851133,0.7136,0.73354735152488,0.511513157894737,0.365079365079365,0.731629392971246,0.706708268330733,0.00316957210776545,0.744444444444444,0.567398119122257,0.520833333333333,0.815112540192926,0.713592233009709,0.693548387096774,0.702362204724409,0.157407407407407,0.284297520661157,0,0.756058158319871,0.286178861788618,0.295345104333868,0.536115569823435,0,0.725521669341894,0.723101265822785,0.706436420722135,0.715408805031447,0.363344051446945,0.286407766990291,0,0,0.437086092715232,0.347826086956522,0.418006430868167,0,0.295886075949367,0.687301587301587,0.163232963549921,0.504746835443038,0.725490196078431,0.658227848101266,0.71107544141252,0.982731554160126,0.830218068535826,0,0.702492211838006,0.578352180936995,0.626016260162602,0.733542319749216,0.714733542319749,0.623417721518987,0.004739336492891,0.780757097791798,0.748815165876777,0,0.724458204334365,0.291866028708134,0.715686274509804,0.518110236220472,0,0.00471698113207547,0.646179401993355,0.842276422764228,0.298555377207063,0.414516129032258,0.00643086816720257,0.00166944908180301,0.709375,0.304700162074554,0.695652173913043,0.596491228070175,0.716108452950558,0.285714285714286,0.544881889763779,0.527070063694268,0.763458401305057,0.363047001620746,0.284591194968553,0.00157977883096367,0.31378763866878,0,0.709876543209877,0.277504105090312,0.725038402457757,0.288025889967638,0.715220949263502,0,0.646687697160883,0.60291734197731,0.692926045016077,0,0.716323296354992,0,0.648604269293924,0.72626582278481,0,0.6671875,0.717532467532468,0.733009708737864,0.738287560581583,0.325396825396825,0,0.707472178060413,0.486312399355878,0,0.787301587301587,0.28129829984544,0.296529968454259,0.706260032102729,0.703883495145631,0.712715855572998,0.717219589257504,0.72463768115942,0,0.707865168539326,0.0141065830721003,0.540284360189573,0.525477707006369,0.712918660287081,0.709728867623604,0.715408805031447,0.722834645669291,0.0583596214511041,0.295055821371611,0.720394736842105,0.718354430379747,0.7,0.697933227344992,0.704472843450479,0.76031746031746,0,0,0.708588957055215,0,0.337480559875583,0,0.735668789808917,0.51575456053068,0.469255663430421,0.395534290271132,0.722222222222222,0,0.382165605095541,0.718354430379747,0.719745222929936,0.792,0.597542242703533,0.458461538461538,0.450393700787402,0.702265372168285,0.289968652037618,0.383252818035427,0.655172413793103,0.453225806451613,0.701421800947867,0.29073482428115,0,0.294022617124394,0.509031198686371,0.710526315789474,0.63301282051282,0.468509984639017,0.677938808373591,0.741626794258373,0.696734059097978,0.746688741721854,0.715686274509804,0.718446601941748,0.714052287581699,0.689822294022617,0.703349282296651,0.710144927536232,0.298921417565485,0.29264475743349,0.764240506329114,0.0062992125984252,0.713836477987421,0.698890649762282,0,0.376835236541599,0,0.7488,0,0.717703349282297,0.718901453957997,0.293563579277865,0.73581847649919,0.703937007874016,0.698854337152209,0.6801872074883,0.696284329563813,0,0,0.745454545454545,0.737481031866464,0.717219589257504,0,0,0.28665568369028,0.438485804416404,0.560897435897436,0,0.6512,0,0.741776315789474,0.72463768115942,0.402597402597403,0.472613458528951,0,0.608196721311475,0.650393700787402,0.692913385826772,0.7359375,0.750793650793651,0.291935483870968,0.740924092409241,0.045016077170418,0.7085346215781,0,0.70820189274448,0.00315955766192733,0.697019867549669,0.302066772655008,0.215189873417722,0,0,0.768503937007874,0.705785123966942,0.721153846153846,0.613312202852615,0.309006211180124,0.303079416531605,0.727564102564103,0.690658499234303,0,0.299837925445705,0.727707006369427,0,0.705400981996727,0.753125,0.352472089314195,0.023696682464455,0.279106858054226,0.707620528771384,0.6557911908646,0.352180936995153,0.366942148760331,0.393987341772152,0.73841059602649,0.351937984496124,0.717073170731707,0,0.726688102893891,0.700626959247649,0.00164744645799012,0,0.29742033383915,0,0.292604501607717,0.70906200317965,0.667221297836938,0.312602291325696,0.285714285714286,0.66504854368932,0.736245954692557,0.598039215686274,0.0298273155416013,0.289902280130293,0.0626003210272873,0.0176282051282051,0,0.296774193548387,0.286370597243492,0.294117647058824,0.313291139240506,0.27602523659306,0.0276872964169381,0.0345911949685535,0.31139646869984,0.0174050632911392,0.00822368421052632,0.0382775119617225,0.0202808112324493,0.032,0.296178343949045,0.0188383045525903,0.292282430213465,0.300632911392405,0.0228384991843393,0.296650717703349,0.0408805031446541,0.295055821371611,0.309061488673139,0.297839506172839,0.281645569620253
"378",0.940993788819876,0.948012232415902,0.91640866873065,0.908517350157729,0.928684627575277,0.939586645468998,0.856481481481482,0.922600619195046,0.944954128440367,0,0.96594427244582,0,0.576631259484067,0.954186413902054,0.0980091883614089,0.0628834355828221,0,0.0187207488299532,0.936507936507937,0.942546583850932,0.213292117465224,0.0832,0.945288753799392,0,0.91304347826087,0.299065420560748,0.157492354740061,0.93343653250774,0.508245877061469,0.699088145896657,0.0516717325227964,0.702453987730061,0.782270606531882,0.324574961360124,0,0.952904238618524,0.0181818181818182,0.938253012048193,0.31892697466468,0.911042944785276,0.00155038759689922,0.0198170731707317,0.00615384615384615,0.953271028037383,0.763866877971474,0.0843949044585987,0.534375,0.0509259259259259,0.499243570347958,0.18018018018018,0,0.939628482972136,0.310077519379845,0.946153846153846,0.841940532081377,0.21656050955414,0,0.924764890282132,0.905918057663126,0.891603053435114,0.345622119815668,0.473282442748092,0.0518053375196232,0,0.932601880877743,0.887692307692308,0,0.947286821705426,0,0.0541795665634675,0.834365325077399,0.0591805766312595,0.0682170542635659,0.945454545454545,0,0.734756097560976,0.0875576036866359,0.603975535168196,0.878787878787879,0.3,0,0.720965309200603,0.263237518910741,0.943939393939394,0.16030534351145,0.87037037037037,0.939393939393939,0.922018348623853,0.918960244648318,0.00904977375565611,0.942006269592476,0.944700460829493,0,0,0.927786499215071,0,0.356269113149847,0.930981595092024,0.00925925925925926,0.0110062893081761,0.648606811145511,0,0.346273291925466,0.957142857142857,0.155589123867069,0.949286846275753,0.00778816199376947,0.925696594427245,0.054858934169279,0.0559006211180124,0.0613496932515337,0.873239436619718,0.365891472868217,0.940275650842266,0,0.94,0.728787878787879,0,0.0508474576271186,0.282170542635659,0,0.774844720496894,0.306027820710974,0.125996810207337,0.928792569659443,0.198473282442748,0.95398773006135,0.944186046511628,0,0.587155963302752,0.895223420647149,0.533858267716535,0.941548183254344,0,0.93522906793049,0.0660522273425499,0,0.266770670826833,0.638065522620905,0.560821484992101,0,0,0.93161094224924,0.782012195121951,0.22432859399684,0.950769230769231,0.0600924499229584,0.889230769230769,0.444270015698587,0.922492401215805,0.1939586645469,0.931034482758621,0.94896331738437,0.818320610687023,0.941807044410414,0.0533751962323391,0.937019969278034,0.0517241379310345,0,0.80030959752322,0.845220030349014,0.939157566302652,0.0652503793626707,0,0.943164362519201,0.488151658767773,0.956521739130435,0.946483180428135,0.944615384615385,0.331316187594554,0.937019969278034,0.0609375,0.911278195488722,0.0503703703703704,0.870716510903427,0.40405616224649,0,0.938176197836167,0,0.814814814814815,0.946070878274268,0.168730650154799,0.934749620637329,0.919504643962848,0.947049924357035,1,0.153013910355487,0.40273556231003,0.896389324960754,0.907378335949764,0.111801242236025,0.0487062404870624,0.925039872408293,0.827217125382263,0,0,0.360248447204969,0.00154083204930663,0.948640483383686,0.295107033639144,0.85126582278481,0.738863287250384,0.938438438438438,0.494573643410853,0.491603053435115,0.353677621283255,0.886075949367089,0.92093023255814,0.861538461538462,0,0.872340425531915,0.228209191759113,0.907668231611894,0.0545171339563863,0.125188536953243,0.587423312883436,0.920122887864823,0.929447852760736,0.818466353677621,0.947692307692308,0.878086419753086,0,0.1321044546851,0.698630136986301,0.942367601246106,0,0.928895612708018,0.932228915662651,0.578125,0.546153846153846,0.935384615384615,0.955766192733017,0.420970266040689,0,0.86404833836858,0.556603773584906,0.926984126984127,0.0533751962323391,0.914670658682635,0.946287519747235,0.947449768160742,0.917573872472784,0.562021439509954,0.0518053375196232,0.919129082426128,0.554364471669219,0.0532544378698225,0.0492537313432836,0.23208722741433,0.0543478260869565,0.203470031545741,0.675265553869499,0.0493827160493827,0.0553846153846154,0.0642201834862385,0.613050075872534,0.0904761904761905,0.932283464566929,0.00941915227629513,0.0597243491577335,0,0.284591194968553,0.957680250783699,0.927469135802469,0.874418604651163,0,0.850157728706625,0.946153846153846,0.707241910631741,0.626934984520124,0.485225505443235,0.510046367851623,0.00916030534351145,0.945736434108527,0.152542372881356,0.712918660287081,0.915644171779141,0.0632530120481928,0.751552795031056,0.0565149136577708,0.166149068322981,0.95166163141994,0.9424,0.854003139717425,0,0.662079510703364,0.858490566037736,0,0.0565749235474006,0.861911987860395,0.928237129485179,0,0.0599078341013825,0.0461538461538462,0.930379746835443,0.866242038216561,0.0497592295345104,0,0.442572741194487,0.945482866043614,0.79483282674772,0.425499231950845,0.6921875,0.914764079147641,0.0618238021638331,0.942684766214178,0.945454545454545,0.0528771384136858,0.932411674347158,0.943573667711599,0.935126582278481,0.951145038167939,0.23208722741433,0.353658536585366,0.350931677018634,0.925117004680187,0.904306220095694,0.0484375,0.3140625,0.923794712286159,0.189814814814815,0.344410876132931,0.948837209302326,0.944012441679627,0.933130699088146,0.729299363057325,0.944700460829493,0.296998420221169,0.916795069337442,0.943037974683544,0,0.363076923076923,0.585557299843014,0.0757341576506955,0.0511627906976744,0.0604229607250755,0.878648233486943,0.0846153846153846,0.050381679389313,0,0.268292682926829,0.942367601246106,0.124223602484472,0.937299035369775,0.918335901386749,0.936825885978428,0.349840255591054,0.344827586206897,0.697996918335901,0.472843450479233,0,0.831761006289308,0.0670731707317073,0.0935143288084465,0.249240121580547,0.948275862068966,0.0517503805175038,0,0.370597243491577,0.0681818181818182,0.0800627943485086,0.522550544323484,0.94375,0.310452418096724,0.940705128205128,0.924764890282132,0,0.93491124260355,0.0426829268292683,0.947289156626506,0.821917808219178,0.94794952681388,0.0665634674922601,0.942989214175655,0.0447530864197531,0.898617511520737,0.725856697819315,1,0.938556067588326,0.946624803767661,0.3515625,0.930599369085173,0.941176470588235,0.0579268292682927,0.0718654434250764,0.949447077409163,0.944615384615385,0.356707317073171,0.894171779141104,0.917741935483871,0.926153846153846,0.942989214175655,0,0.15987460815047,0.945205479452055,0.054773082942097,0,0.922239502332815,0.0111821086261981,0.0851393188854489,0.945121951219512,0.917316692667707,0.00469483568075117,0.656832298136646,0.447900466562986,0.938871473354232,0.0534591194968553,0.854460093896714,0.946540880503145,0.422776911076443,0.627300613496933,0.7921875,0,0.21216848673947,0.924409448818898,0.950617283950617,0.480857580398162,0.95046439628483,0.920325203252032,0.0835913312693498,0.00154559505409583,0.934984520123839,0.941176470588235,0.912576687116564,0.708649468892261,0.0614173228346457,0.843260188087774,0.286363636363636,0.235197368421053,0.00757575757575758,0.65987460815047,0.611280487804878,0.628086419753086,0,0.337042925278219,0.880877742946709,0.666146645865835,0.543939393939394,0.112275449101796,0,0,0.948071216617211,0.930827067669173,0,0.888024883359253,0.00943396226415094,0,0,0.94488188976378,0,0.950871632329635,0.760432766615147,0.572289156626506,0.94359756097561,0,0,0.946236559139785,0.91812865497076,0.750759878419453,0.0545454545454545,0.00316455696202532,0.850381679389313,0.632621951219512,0.940184049079755,0.532824427480916,0.363777089783282,0,0.931087289433384,0.056782334384858,0.91692789968652,0.137071651090343,0,0.0664652567975831,0.1640625,0.52442996742671,0.928125,0,0.915022761760243,0.930981595092024,0.941807044410414,0,0.135860979462875,0.902755267423015,0.0583468395461912,0.944954128440367,0.946483180428135,0.065015479876161,0.94359756097561,0.356697819314642,0.807453416149068,0.062402496099844,0.218700475435816,0.930981595092024,0.00769230769230769,0.0596330275229358,0.922960725075529,0.062200956937799,0.688575899843505,0.435658914728682,0,0.158631415241058,0.746875,0.315870570107858,0.926717557251908,0.0496894409937888,0.199391171993912,0.520064205457464,0.914414414414414,0.869894099848714,0.917701863354037,0.751582278481013,0,0.934451219512195,0.0529500756429652,0.925233644859813,0.450549450549451,0.060790273556231,0.947772657450077,0.94383775351014,0.941085271317829,0.640552995391705,0.940902021772939,0.183673469387755,0.249609984399376,0.899536321483771,0.835889570552147,0,0,0.954545454545455,0.906687402799378,0.064873417721519,0.92755905511811,0.942812982998454,0.429007633587786,0.897356143079316,0.724842767295597,0.860606060606061,0,0.919876733436055,0.398133748055988,0.951788491446345,0.945736434108527,0,0.714506172839506,0.925465838509317,0.0570987654320988,0.699530516431925,0.412746585735964,0.813884785819793,0.70735524256651,0.91566265060241,0.143072289156627,0.939873417721519,0.946401225114854,0.931192660550459,0.358730158730159,0.149460708782743,0.940092165898618,0.954198473282443,0.00765696784073507,0.804878048780488,0.490076335877863,0.297839506172839,0.760670731707317,0.942989214175655,0.870458135860979,0.952086553323029,0.138763197586727,0.0507131537242472,0,0.809968847352025,0.0570987654320988,0.0510835913312693,0.322981366459627,0,0.946236559139785,0.877300613496933,0.937888198757764,0.939577039274924,0.145929339477727,0.05,0,0,0.232594936708861,0.123630672926448,0.204651162790698,0,0.0522273425499232,0.943251533742331,0.0307219662058372,0.356807511737089,0.948031496062992,0.627480916030534,0.934920634920635,0.669724770642202,0.648484848484848,0,0.943786982248521,0.444794952681388,0.545031055900621,0.885885885885886,0.945371775417299,0.430745814307458,0.0107033639143731,0.906060606060606,0.91679273827534,0,0.924444444444444,0.0667701863354037,0.944267515923567,0.48036253776435,0,0.0108527131782946,0.560581583198708,0.826771653543307,0.048062015503876,0.174454828660436,0.0123647604327666,0.00159235668789809,0.738805970149254,0.0819165378670788,0.949263502454992,0.361861861861862,0.938744257274119,0.0514372163388805,0.416158536585366,0.365506329113924,0.849056603773585,0.148089171974522,0.0547112462006079,0.00308166409861325,0.0933125972006221,0,0.95187969924812,0.0802568218298555,0.92548435171386,0.0559006211180124,0.951638065522621,0,0.545180722891566,0.504573170731707,0.946957878315133,0,0.942684766214178,0,0.428120063191153,0.935143288084465,0,0.685015290519878,0.924882629107981,0.728682170542636,0.903328050713154,0.0816944024205749,0,0.949152542372881,0.300155520995334,0,0.706240487062405,0.0505952380952381,0.0696969696969697,0.943217665615142,0.939346811819596,0.940998487140696,0.927692307692308,0.929356357927786,0,1,0.0212443095599393,0.400907715582451,0.328746177370031,0.940998487140696,0.941267387944359,0.942771084337349,0.94,0.0648148148148148,0.0688575899843505,0.938906752411576,0.912442396313364,0.747368421052632,0.926605504587156,0.949308755760369,0.922374429223744,0,0,0.940652818991098,0,0.121212121212121,0,0.90726429675425,0.310236220472441,0.249605055292259,0.172519083969466,0.898595943837754,0.00154320987654321,0.155763239875389,0.945820433436533,0.949464012251149,0.643302180685358,0.479820627802691,0.261061946902655,0.21969696969697,0.64622641509434,0.0581929555895865,0.163833075734158,0.583203732503888,0.309375,0.732835820895522,0.0672782874617737,0,0.0438184663536776,0.380726698262243,0.949044585987261,0.642748091603053,0.290468986384266,0.651162790697674,0.856923076923077,0.942598187311178,0.91692789968652,0.935023771790808,0.941082802547771,0.95748031496063,0.578783151326053,0.436834094368341,0.951937984496124,0.0653789004457652,0.0662650602409639,0.852080123266564,0.00914634146341463,0.944108761329305,0.933641975308642,0,0.170382165605096,0,0.918238993710692,0,0.930448222565688,0.948091603053435,0.0575757575757576,0.8265625,0.945371775417299,0.669291338582677,0.632307692307692,0.846635367762128,0,0,0.903536977491961,0.90190336749634,0.940639269406393,0,0,0.0555555555555556,0.280542986425339,0.554868624420402,0,0.479134466769706,0,0.888188976377953,0.948598130841122,0.216429699842022,0.293853073463268,0,0.389489953632148,0.590769230769231,0.877300613496933,0.921331316187595,0.765696784073507,0.0521472392638037,0.953271028037383,0.0203761755485893,0.945945945945946,0,0.928895612708018,0.00933125972006221,0.943396226415094,0.0782208588957055,0.0377952755905512,0,0,0.81039755351682,0.896166134185304,0.88821752265861,0.731707317073171,0.0725075528700906,0.05625,0.806201550387597,0.811292719167905,0,0.073208722741433,0.9390625,0,0.93563579277865,0.913897280966767,0.118098159509202,0.0401234567901235,0.0543478260869565,0.940548780487805,0.479938271604938,0.131699846860643,0.150641025641026,0.164869029275809,0.729001584786054,0.139183055975794,0.946708463949843,0,0.831496062992126,0.934650455927052,0.00464396284829721,0,0.0540540540540541,0,0.0567484662576687,0.943511450381679,0.708064516129032,0.0518053375196232,0.0499219968798752,0.587025316455696,0.905362776025237,0.482170542635659,0.0483383685800604,0.053968253968254,0.0595611285266458,0.0171339563862928,0,0.0680061823802164,0.0557228915662651,0.0573643410852713,0.0594512195121951,0.0534351145038168,0.05,0.0580152671755725,0.0699844479004666,0.0170015455950541,0.0063391442155309,0.0290519877675841,0.0231481481481481,0.0555555555555556,0.0559875583203732,0.0210843373493976,0.0542264752791069,0.059748427672956,0.043956043956044,0.0546875,0.0303951367781155,0.057542768273717,0.0939907550077042,0.0548148148148148,0.06
"379",0.987281399046105,0.984615384615385,0.983154670750383,0.936507936507937,0.988817891373802,0.988727858293076,0.906940063091483,0.9828125,0.986153846153846,0,0.986068111455108,0,0.576323987538941,0.988871224165342,0.0639269406392694,0.0244274809160305,0,0.0185471406491499,0.988853503184713,0.971786833855799,0.175738724727838,0.0532258064516129,0.973765432098765,0,0.950693374422188,0.273865414710485,0.122511485451761,0.979527559055118,0.480421686746988,0.707620528771384,0.0135746606334842,0.696124031007752,0.786163522012579,0.30030959752322,0,0.987519500780031,0.0200617283950617,0.979907264296754,0.281626506024096,0.901515151515151,0.0015748031496063,0.0185471406491499,0.00768049155145929,0.985781990521327,0.797427652733119,0.0349206349206349,0.521259842519685,0.0109034267912773,0.482089552238806,0.147368421052632,0,0.981042654028436,0.274961597542243,0.984375,0.891849529780564,0.17246835443038,0,0.960753532182104,0.967840735068913,0.908132530120482,0.315217391304348,0.440677966101695,0.00946372239747634,0,0.887122416534181,0.837245696400626,0,0.975193798449612,0,0.0110062893081761,0.858447488584475,0.021671826625387,0.0282131661442006,0.987692307692308,0,0.721036585365854,0.0590062111801242,0.58814352574103,0.911532385466035,0.28006589785832,0,0.710323574730354,0.225075528700906,0.984709480122324,0.135725429017161,0.928462709284627,0.98468606431853,0.964992389649924,0.964230171073095,0.0123647604327666,0.979527559055118,0.982945736434109,0,0,0.962025316455696,0,0.315789473684211,0.973724884080371,0.0076103500761035,0.00925925925925926,0.628125,0,0.297805642633229,0.988993710691824,0.122699386503067,0.987261146496815,0.0127388535031847,0.986046511627907,0.015600624024961,0.0233281493001555,0.0199386503067485,0.917573872472784,0.342146189735614,0.976851851851852,0,0.990740740740741,0.719188767550702,0,0.0123456790123457,0.25,0,0.786046511627907,0.266975308641975,0.0936995153473344,0.972049689440994,0.162287480680062,0.983257229832572,0.983206106870229,0,0.569018404907976,0.938176197836167,0.504761904761905,0.981279251170047,0,0.984276729559748,0.0359820089955022,0,0.223270440251572,0.625,0.530254777070064,0,0,0.981679389312977,0.761829652996845,0.188888888888889,0.987519500780031,0.0202808112324493,0.928902627511592,0.412140575079872,0.984871406959153,0.1536,0.970903522205207,0.987321711568938,0.829230769230769,0.986153846153846,0.00636942675159236,0.984496124031008,0.0170542635658915,0,0.749608763693271,0.873846153846154,0.973520249221184,0.0334855403348554,0,0.98613251155624,0.454976303317536,0.987240829346092,0.984567901234568,0.987748851454824,0.306990881458967,0.984423676012461,0.0125195618153365,0.963470319634703,0.0149476831091181,0.908242612752722,0.38719512195122,0,0.976415094339623,0,0.832822085889571,0.984591679506934,0.130298273155416,0.98145285935085,0.938176197836167,0.974164133738602,0.961948249619482,0.10641627543036,0.380664652567976,0.926984126984127,0.940993788819876,0.0680061823802164,0.0215716486902928,0.982839313572543,0.870967741935484,0,0,0.31496062992126,0.00154083204930663,0.986342943854325,0.260606060606061,0.889589905362776,0.745709828393136,0.986486486486487,0.457496136012365,0.447368421052632,0.317741935483871,0.929467084639498,0.956181533646322,0.883540372670807,0,0.886676875957121,0.203554119547658,0.95141065830721,0.013953488372093,0.0823170731707317,0.555555555555556,0.968944099378882,0.987897125567322,0.836702954898911,0.986217457886677,0.897081413210445,0,0.0820433436532508,0.670694864048338,0.984126984126984,0,0.978494623655914,0.98955223880597,0.571205007824726,0.545454545454545,0.976415094339623,0.985507246376812,0.384012539184953,0,0.900151285930408,0.539184952978056,0.984,0.0137825421133231,0.955927051671733,0.987577639751553,0.987711213517665,0.94679186228482,0.537037037037037,0.0170542635658915,0.982945736434109,0.54320987654321,0.019578313253012,0.0166919575113809,0.202229299363057,0.0139318885448916,0.171383647798742,0.685758513931889,0.015552099533437,0.0170278637770898,0.0215384615384615,0.606656580937973,0.0508744038155803,0.975039001560062,0.0125588697017268,0.0137614678899083,0,0.243285939968404,0.98740157480315,0.971698113207547,0.906976744186046,0,0.882539682539683,0.849693251533742,0.696540880503145,0.619344773790952,0.459752321981424,0.464454976303318,0.0123839009287926,0.985714285714286,0.111791730474732,0.706840390879479,0.978125,0.0275650842266462,0.78125,0.0169491525423729,0.12210200927357,0.986363636363636,0.983922829581994,0.904153354632588,0,0.668195718654434,0.896713615023474,0,0.0137825421133231,0.906202723146747,0.990625,0,0.0168195718654434,0.013595166163142,0.980922098569157,0.888,0.0128617363344051,0,0.407350689127106,0.993710691823899,0.809741248097412,0.390697674418605,0.694488188976378,0.96937212863706,0.0248833592534992,0.986259541984733,0.986003110419907,0.0171606864274571,0.972350230414747,0.985871271585557,0.965244865718799,0.984496124031008,0.200308166409861,0.326747720364742,0.294753086419753,0.982594936708861,0.932069510268562,0.0490045941807044,0.28816199376947,0.984399375975039,0.174045801526718,0.312121212121212,0.989079563182527,0.982839313572543,0.978056426332288,0.701421800947867,0.984984984984985,0.262658227848101,0.976923076923077,0.980891719745223,0,0.339449541284404,0.570977917981073,0.032258064516129,0.0533536585365854,0.0213414634146341,0.902587519025875,0.0336906584992343,0.0123456790123457,0,0.253086419753086,0.98256735340729,0.0883720930232558,0.995114006514658,0.98125,0.988871224165342,0.305993690851735,0.302100161550889,0.685185185185185,0.460547504025765,0,0.835147744945568,0.030441400304414,0.0519083969465649,0.2217125382263,0.987321711568938,0.0168453292496172,0,0.348091603053435,0.0243161094224924,0.0362204724409449,0.493044822256569,0.987519500780031,0.277511961722488,0.985576923076923,0.95679012345679,0,0.986764705882353,0.013719512195122,0.98468606431853,0.833073322932917,0.984126984126984,0.0274809160305344,0.970903522205207,0.0139968895800933,0.882534775888717,0.725239616613419,0.938556067588326,1,0.9828125,0.302325581395349,0.956318252730109,0.984894259818731,0.0149253731343284,0.0390015600624025,0.985736925515055,0.984591679506934,0.344186046511628,0.88135593220339,0.959807073954984,0.961656441717791,0.98468606431853,0,0.127725856697819,0.987596899224806,0.01743264659271,0,0.982704402515723,0.0111821086261981,0.0545171339563863,0.984662576687117,0.984350547730829,0.00314465408805031,0.637071651090343,0.43015873015873,0.990536277602524,0.0173501577287066,0.866352201257862,0.988817891373802,0.394453004622496,0.629800307219662,0.799687010954617,0,0.175738724727838,0.987441130298273,0.9859375,0.459293394777266,0.987748851454824,0.954397394136808,0.0484375,0.00154798761609907,0.986153846153846,0.983206106870229,0.949447077409163,0.698315467075038,0.0188976377952756,0.878125,0.249230769230769,0.195081967213115,0.00625,0.623417721518987,0.623839009287926,0.634674922600619,0,0.2944,0.919629057187017,0.656394453004623,0.516228748068006,0.0920060331825038,0,0,0.986784140969163,0.962006079027356,0,0.938271604938272,0.0110410094637224,0,0,0.984375,0,0.985576923076923,0.781201848998459,0.54940119760479,0.984567901234568,0,0,0.982919254658385,0.956060606060606,0.736196319018405,0.0122511485451761,0.00315457413249211,0.891402714932127,0.627300613496933,0.986217457886677,0.534562211981567,0.3609375,0,0.976635514018692,0.0110759493670886,0.961240310077519,0.0942492012779553,0,0.0257186081694402,0.1375,0.505654281098546,0.965625,0,0.954614220877458,0.966205837173579,0.987711213517665,0,0.083596214511041,0.933884297520661,0.0145395799676898,0.984615384615385,0.986111111111111,0.0213414634146341,0.984375,0.309375,0.836923076923077,0.0247295208655332,0.190705128205128,0.969135802469136,0.0128205128205128,0.0125195618153365,0.978527607361963,0.0176,0.664576802507837,0.399688958009331,0,0.12888198757764,0.732594936708861,0.26928895612708,0.979430379746835,0.0125,0.160606060606061,0.454545454545455,0.951070336391437,0.891768292682927,0.961180124223602,0.755520504731861,0,0.966817496229261,0.0122699386503067,0.960691823899371,0.4048,0.0151745068285281,0.986175115207373,0.987361769352291,0.9859375,0.63125,1,0.147151898734177,0.21259842519685,0.946875,0.893846153846154,0,0,0.985645933014354,0.939586645468998,0.0300157977883096,0.9828125,0.992223950233281,0.388198757763975,0.941823899371069,0.756714060031596,0.898176291793313,0,0.9609375,0.354788069073783,0.987596899224806,0.987596899224806,0,0.641838351822504,0.987538940809969,0.015625,0.686520376175549,0.381172839506173,0.808219178082192,0.694835680751174,0.947289156626506,0.0937972768532526,0.977917981072555,0.987748851454824,0.992223950233281,0.332805071315372,0.112324492979719,0.987538940809969,0.984848484848485,0.0075642965204236,0.783825816485226,0.483771251931994,0.265940902021773,0.782270606531882,0.987421383647799,0.876947040498442,0.986175115207373,0.1328125,0.014308426073132,0,0.828967642526965,0.0140625,0.0157728706624606,0.286370597243492,0,0.984350547730829,0.918960244648318,0.984709480122324,0.987767584097859,0.104361370716511,0.0125984251968504,0,0,0.19175911251981,0.0930232558139535,0.15987460815047,0,0.0123076923076923,0.984662576687117,0.013719512195122,0.317111459968603,0.984423676012461,0.6,0.959119496855346,0.674884437596302,0.650986342943854,0,0.984984984984985,0.41287284144427,0.518341307814992,0.935240963855422,0.987730061349693,0.402777777777778,0.0108864696734059,0.961597542242704,0.96319018404908,0,0.96048632218845,0.0308641975308642,0.97275641025641,0.438871473354232,0,0.009375,0.541118421052632,0.855140186915888,0.0140845070422535,0.157643312101911,0.0123647604327666,0.0016025641025641,0.751124437781109,0.0348101265822785,0.98858075040783,0.323076923076923,0.987878787878788,0.0121028744326778,0.395672333848532,0.321711568938193,0.87800963081862,0.112179487179487,0.0197268588770865,0.00307219662058372,0.060126582278481,0,0.986466165413534,0.05,0.988077496274218,0.01743264659271,0.984276729559748,0,0.522727272727273,0.4671875,0.986259541984733,0,0.986196319018405,0,0.4,0.977134146341463,0,0.666153846153846,0.973228346456693,0.734567901234568,0.968253968253968,0.0524691358024691,0,0.988958990536278,0.273291925465839,0,0.70015455950541,0.0135542168674699,0.0320610687022901,0.984025559105431,0.985959438377535,0.984709480122324,0.967084639498433,0.978056426332288,0,0.964341085271318,0.0259146341463415,0.375191424196018,0.294930875576037,0.983050847457627,0.978328173374613,0.981735159817352,0.975155279503106,0.0604229607250755,0.0264385692068429,0.986991869918699,0.963358778625954,0.730769230769231,0.969742813918306,0.986175115207373,0.986068111455108,0,0,0.974588938714499,0,0.0772797527047913,0,0.958139534883721,0.290271132376396,0.21939586645469,0.133640552995392,0.9171875,0,0.12037037037037,0.984423676012461,0.987860394537178,0.644200626959248,0.437685459940653,0.233883058470765,0.2,0.65511811023622,0.0122137404580153,0.133846153846154,0.572542901716069,0.273716951788491,0.710407239819005,0.0252365930599369,0,0.0124610591900312,0.337559429477021,0.988871224165342,0.642748091603053,0.244343891402715,0.631415241057543,0.881901840490798,0.979041916167665,0.967741935483871,0.975845410628019,0.990430622009569,0.985804416403785,0.550702028081123,0.430555555555556,0.98755832037325,0.018018018018018,0.024390243902439,0.882629107981221,0.0137614678899083,0.989263803680982,0.96594427244582,0,0.126984126984127,0,0.959055118110236,0,0.970724191063174,0.984591679506934,0.0151515151515152,0.860031104199067,0.983154670750383,0.661904761904762,0.628659476117103,0.88785046728972,0,0,0.937299035369775,0.955022488755622,0.987616099071207,0,0,0.00798722044728434,0.253048780487805,0.503852080123267,0,0.46141975308642,0,0.927672955974843,0.984177215189873,0.176190476190476,0.254573170731707,0,0.353407290015848,0.574102964118565,0.863777089783282,0.980509745127436,0.797169811320755,0.0125588697017268,1,0.0172143974960876,0.98256735340729,0,0.984825493171472,0.00775193798449612,0.984472049689441,0.03125,0.0174880763116057,0,0,0.828483920367534,0.924528301886792,0.943076923076923,0.728376327769347,0.039453717754173,0.0207006369426752,0.838509316770186,0.831050228310502,0,0.029595015576324,0.958664546899841,0,0.966824644549763,0.976923076923077,0.0808709175738725,0.0386398763523957,0.0125195618153365,0.987748851454824,0.474603174603175,0.0830721003134796,0.117363344051447,0.128086419753086,0.70253164556962,0.11280487804878,0.98740157480315,0,0.77151799687011,0.967840735068913,0.0046875,0,0.0150602409638554,0,0.0157232704402516,0.984591679506934,0.736421725239617,0.0142630744849445,0.0140625,0.559429477020602,0.968503937007874,0.452054794520548,0.0458015267175573,0.0129449838187702,0.0476190476190476,0.0198776758409786,0,0.0394944707740916,0.0180722891566265,0.0158227848101266,0.0273972602739726,0.0107197549770291,0.0515625,0.0540958268933539,0.0288753799392097,0.0219092331768388,0.00641025641025641,0.0263565891472868,0.0247295208655332,0.0590979782270607,0.0217391304347826,0.0200308166409861,0.014308426073132,0.0188383045525903,0.0429252782193959,0.0204724409448819,0.0245022970903522,0.0139103554868624,0.0442073170731707,0.0134529147982063,0.015552099533437
"380",0.995268138801262,0.996889580093313,0.966309341500766,0.934817170111288,0.9808,0.996845425867508,0.896661367249603,0.968203497615262,0.996894409937888,0.00321027287319422,0.996889580093313,0.0031201248049922,0.56828885400314,0.9968,0.0394321766561514,0.0062015503875969,0.0015527950310559,0.0141509433962264,0.99512987012987,0.981102362204724,0.1546875,0.0309446254071661,0.986003110419907,0.00309119010819165,0.948837209302326,0.250783699059561,0.103610675039246,0.98256735340729,0.470769230769231,0.696400625978091,0,0.676056338028169,0.762128325508607,0.279874213836478,0.00156739811912226,0.998430141287284,0.0185758513931889,0.990697674418605,0.256410256410256,0.910518053375196,0.003125,0.015527950310559,0.00778816199376947,0.998415213946117,0.77741935483871,0.020440251572327,0.511811023622047,0,0.476851851851852,0.13719512195122,0.00313971742543171,0.989079563182527,0.268025078369906,0.996850393700787,0.882911392405063,0.151273885350318,0.0032258064516129,0.9744,0.955384615384615,0.892857142857143,0.288819875776398,0.429230769230769,0,0.00318979266347687,0.892455858747994,0.830455259026688,0.00317460317460317,0.987616099071207,0.0031496062992126,0,0.856697819314642,0.0062015503875969,0.0205696202531646,0.996946564885496,0.00312989045383412,0.700617283950617,0.0402476780185759,0.565354330708661,0.896,0.267651888341544,0.00316957210776545,0.697063369397218,0.202786377708978,0.995334370139969,0.105590062111801,0.906870229007634,0.993779160186625,0.963949843260188,0.96411856474259,0.0139318885448916,0.981132075471698,0.998435054773083,0.00314465408805031,0.00313971742543171,0.969793322734499,0.00315457413249211,0.291021671826625,0.984375,0.0060882800608828,0.00628930817610063,0.601255886970173,0.00157232704402516,0.285939968404423,0.998407643312102,0.0924499229583975,0.996810207336523,0.0126582278481013,0.979559748427673,0,0.00940438871473354,0.00469483568075117,0.907378335949764,0.321483771251932,0.992138364779874,0.00158982511923688,0.984301412872841,0.698587127158556,0.00154559505409583,0,0.217115689381933,0.00307219662058372,0.755038759689923,0.240740740740741,0.0804416403785489,0.967136150234742,0.152886115444618,0.996908809891808,0.993690851735016,0.00315955766192733,0.540832049306626,0.928,0.479871175523349,0.985623003194888,0.00307692307692308,0.995192307692308,0.0197268588770865,0.00307219662058372,0.205047318611987,0.619273301737757,0.504051863857374,0.00320512820512821,0.00317460317460317,0.971563981042654,0.75705329153605,0.168,0.996835443037975,0.00314465408805031,0.925465838509317,0.400966183574879,0.976635514018692,0.138263665594855,0.982649842271293,0.996845425867508,0.83203732503888,0.993759750390016,0,0.998442367601246,0,0.00157728706624606,0.740916271721959,0.870229007633588,0.982704402515723,0.0203442879499218,0.00308641975308642,0.998463901689708,0.4288,0.996742671009772,0.996870109546166,0.998454404945904,0.278207109737249,0.973478939157566,0.0015748031496063,0.944615384615385,0,0.888535031847134,0.371695178849145,0.0015625,0.982866043613707,0.00307219662058372,0.846635367762128,0.996923076923077,0.109204368174727,0.978227060653188,0.94383775351014,0.986384266263237,0.972222222222222,0.0868217054263566,0.363214837712519,0.918789808917197,0.938291139240506,0.047244094488189,0.00628930817610063,0.976114649681529,0.85935085007728,0.00303030303030303,0.00315457413249211,0.292993630573248,0.00156494522691706,0.996951219512195,0.253477588871716,0.877388535031847,0.753894080996885,0.986238532110092,0.421135646687697,0.428351309707242,0.299363057324841,0.918495297805643,0.959183673469388,0.87175572519084,0.00313971742543171,0.883792048929664,0.173983739837398,0.933544303797468,0,0.0622154779969651,0.526729559748428,0.974522292993631,0.974085365853659,0.821316614420063,0.995363214837713,0.887658227848101,0.00312989045383412,0.0671875,0.657492354740061,0.995184590690209,0.00311526479750779,0.987748851454824,0.978947368421053,0.546021840873635,0.537735849056604,0.988906497622821,0.996794871794872,0.356357927786499,0.00315457413249211,0.889400921658986,0.512578616352201,0.970826580226904,0,0.951145038167939,0.996805111821086,0.996884735202492,0.950155763239875,0.540123456790123,0.00157728706624606,0.964856230031949,0.528593508500773,0.00152905198776758,0.00152671755725191,0.185826771653543,0,0.1488,0.668202764976959,0,0.0046801872074883,0.0108191653786708,0.579192546583851,0.0406885758998435,0.979397781299525,0.0141065830721003,0,0,0.208860759493671,0.996774193548387,0.975,0.895238095238095,0.00305810397553517,0.875404530744337,0.85099846390169,0.674418604651163,0.590979782270607,0.452978056426332,0.455271565495208,0.014018691588785,0.998410174880763,0.0910518053375196,0.68,0.957006369426752,0.0125195618153365,0.748043818466354,0.00157728706624606,0.124416796267496,0.996918335901387,0.99672131147541,0.890302066772655,0.00152439024390244,0.632148377125193,0.885350318471338,0.00155038759689922,0,0.892586989409985,0.974723538704581,0.003125,0.00153846153846154,0.0015527950310559,0.97588424437299,0.872472783825817,0,0.00315457413249211,0.367283950617284,0.985826771653543,0.776234567901235,0.388888888888889,0.654952076677316,0.959752321981424,0.0110062893081761,0.998463901689708,0.998427672955975,0.0047244094488189,0.965678627145086,0.998435054773083,0.974151857835218,0.996899224806202,0.178683385579937,0.30757341576507,0.283255086071987,0.974723538704581,0.931707317073171,0.0510046367851623,0.252411575562701,0.972624798711755,0.152755905511811,0.305722891566265,0.992248062015504,0.993710691823899,0.965408805031447,0.686804451510334,0.99537037037037,0.2368,0.960061443932412,0.995268138801262,0.00158730158730159,0.316846986089645,0.540192926045016,0.0138461538461538,0.0574534161490683,0.00460122699386503,0.903576982892691,0.0217391304347826,0,0.00308641975308642,0.225552050473186,0.990521327014218,0.0686427457098284,0.982315112540193,0.964230171073095,0.987441130298273,0.278740157480315,0.282051282051282,0.669811320754717,0.445901639344262,0.00308166409861325,0.817472698907956,0.0122137404580153,0.0341085271317829,0.194401244167963,0.996784565916399,0.00154320987654321,0.00155038759689922,0.320251177394035,0.00771604938271605,0.0191693290734824,0.470957613814757,0.99685534591195,0.266990291262136,0.996747967479675,0.970125786163522,0.0015625,0.991031390134529,0,1,0.830745341614907,0.996805111821086,0.00783699059561128,0.975460122699387,0,0.881329113924051,0.692682926829268,0.946624803767661,0.9828125,1,0.281538461538462,0.959247648902821,0.996932515337423,0,0.0233644859813084,1,0.998439937597504,0.320872274143302,0.87906976744186,0.959415584415584,0.945652173913043,0.998456790123457,0.00318471337579618,0.0972447325769854,0.996850393700787,0,0.00316957210776545,0.962323390894819,0.0111464968152866,0.0493630573248408,0.996889580093313,0.9664,0.00475435816164818,0.617088607594937,0.407232704402516,0.980830670926518,0.0016025641025641,0.863782051282051,0.993650793650794,0.363494539781591,0.595679012345679,0.785031847133758,0.00318979266347687,0.154205607476636,0.971291866028708,0.996825396825397,0.444099378881988,0.996923076923077,0.966887417218543,0.0263157894736842,0.00464396284829721,0.981424148606811,0.993690851735016,0.947867298578199,0.68167701863354,0.00637958532695375,0.865079365079365,0.2359375,0.163398692810458,0.0046583850931677,0.614173228346457,0.596850393700787,0.595975232198142,0.0031055900621118,0.278662420382166,0.91304347826087,0.626934984520124,0.500782472613459,0.0693815987933635,0.00309119010819165,0.0031104199066874,0.99702823179792,0.976816074188563,0.00314465408805031,0.924764890282132,0.0127186009538951,0.00154320987654321,0.0032520325203252,0.996779388083736,0,0.99673735725938,0.762790697674419,0.517611026033691,0.996983408748115,0.00158478605388273,0.0031496062992126,0.990580847723705,0.961597542242704,0.711213517665131,0,0.0048,0.879204892966361,0.590138674884438,0.998444790046656,0.521604938271605,0.333333333333333,0.00313479623824451,0.978090766823161,0,0.950320512820513,0.0932069510268562,0.0015527950310559,0.00602409638554217,0.108490566037736,0.485294117647059,0.967238689547582,0.0031104199066874,0.949848024316109,0.973561430793157,0.996860282574568,0.00317460317460317,0.0619047619047619,0.937704918032787,0.00322061191626409,0.996884735202492,0.998463901689708,0.00625978090766823,0.996913580246914,0.29393468118196,0.803432137285491,0.0077639751552795,0.1568,0.95583596214511,0.00941915227629513,0,0.970588235294118,0.00641025641025641,0.642628205128205,0.3796875,0.0031055900621118,0.102803738317757,0.738095238095238,0.251184834123223,0.973643410852713,0,0.153726708074534,0.447540983606557,0.938080495356037,0.873456790123457,0.955974842767296,0.741573033707865,0.00159235668789809,0.978658536585366,0,0.970219435736677,0.378421900161031,0,0.998439937597504,0.9984,0.996815286624204,0.621875,0.982785602503912,0.128367670364501,0.177777777777778,0.93944099378882,0.877708978328173,0.00305810397553517,0.0016025641025641,0.988871224165342,0.933870967741935,0.0126382306477093,0.982758620689655,0.990595611285266,0.359937402190923,0.9328,0.71656050955414,0.883333333333333,0.00152671755725191,0.960691823899371,0.323343848580442,0.996889580093313,0.995290423861852,0,0.6513470681458,0.972668810289389,0,0.681159420289855,0.378504672897196,0.793313069908815,0.679611650485437,0.946727549467275,0.0795107033639144,0.977235772357724,0.996908809891808,0.978125,0.284779050736498,0.084375,0.989045383411581,0.996946564885496,0.00778816199376947,0.772797527047913,0.455676516329705,0.250388802488336,0.7515625,0.996870109546166,0.871069182389937,0.996879875195008,0.119010819165379,0,0.00306278713629403,0.812302839116719,0.00318979266347687,0,0.25705329153605,0.00311526479750779,0.987460815047022,0.915514592933948,0.995327102803738,0.992307692307692,0.0858034321372855,0,0.00152671755725191,0.00156494522691706,0.170144462279294,0.0741324921135647,0.166666666666667,0.0015625,0,0.996899224806202,0.00920245398773006,0.279874213836478,0.996845425867508,0.577399380804954,0.971698113207547,0.647692307692308,0.633996937212864,0.00312989045383412,0.996969696969697,0.382539682539683,0.48489666136725,0.917557251908397,0.984567901234568,0.392857142857143,0.0108359133126935,0.947286821705426,0.94969512195122,0.00313971742543171,0.963746223564955,0.0155763239875389,0.980613893376414,0.432389937106918,0.00316455696202532,0.009375,0.507364975450082,0.834130781499203,0,0.126782884310618,0.0124416796267496,0.0016366612111293,0.733834586466165,0.0203761755485893,0.99672131147541,0.30781010719755,0.989296636085627,0,0.365203761755486,0.329093799682035,0.86031746031746,0.0944,0.00155763239875389,0.00471698113207547,0.0410094637223975,0.00308641975308642,0.993817619783617,0.0360655737704918,0.978883861236802,0.00158478605388273,0.996830427892235,0.00309119010819165,0.515243902439024,0.456112852664577,0.998432601880878,0.00161550888529887,0.996937212863706,0.00314465408805031,0.384370015948963,0.987480438184664,0.00153609831029186,0.641744548286604,0.980891719745223,0.731554160125589,0.95125786163522,0.0380517503805175,0.00156985871271586,0.996810207336523,0.240506329113924,0.00153139356814701,0.678516228748068,0,0.0167682926829268,0.998384491114701,0.998405103668262,0.987730061349693,0.968553459119497,0.974763406940063,0.00310077519379845,0.978021978021978,0.026813880126183,0.349768875192604,0.277258566978193,0.989147286821705,0.98755832037325,0.99075500770416,0.989096573208723,0.0561622464898596,0.015748031496063,0.980613893376414,0.956656346749226,0.705882352941177,0.976599063962558,0.996884735202492,0.970031545741325,0.00153374233128834,0.00307692307692308,0.98030303030303,0.00154320987654321,0.0594512195121951,0.00315457413249211,0.949843260188088,0.2576,0.207395498392283,0.108024691358025,0.919303797468354,0.00310077519379845,0.101246105919003,0.996889580093313,0.996850393700787,0.638065522620905,0.40393343419062,0.20059880239521,0.177710843373494,0.632,0,0.109717868338558,0.540372670807453,0.2464,0.697063369397218,0.0078740157480315,0.00158982511923688,0,0.310897435897436,0.996768982229402,0.62037037037037,0.222222222222222,0.617873651771957,0.87175572519084,0.987730061349693,0.950080515297907,0.974723538704581,1,0.995245641838352,0.536776212832551,0.404354587869362,0.995348837209302,0.00455235204855842,0.00772797527047913,0.865325077399381,0.0123456790123457,0.996923076923077,0.97360248447205,0.00159744408945687,0.109677419354839,0.003125,0.941455696202532,0.00160771704180064,0.970679012345679,0.996865203761755,0.00460829493087558,0.834365325077399,0.998452012383901,0.634340222575517,0.610675039246468,0.876404494382023,0.00155763239875389,0.00317460317460317,0.92962356792144,0.947049924357035,0.984399375975039,0.00308641975308642,0.00155038759689922,0,0.231950844854071,0.49375,0.0031201248049922,0.446345256609642,0.00306748466257669,0.919303797468354,0.998420221169036,0.149842271293375,0.23208722741433,0.00154320987654321,0.3312,0.59253499222395,0.871428571428571,0.966360856269113,0.767660910518053,0,0.985781990521327,0.0140405616224649,0.99836867862969,0.00320512820512821,0.976958525345622,0.00927357032457496,0.996810207336523,0.0225442834138486,0.0111642743221691,0,0.00320512820512821,0.816074188562597,0.92515923566879,0.934477379095164,0.716049382716049,0.0240963855421687,0.0031496062992126,0.826771653543307,0.827426810477658,0.00321543408360129,0.0187793427230047,0.963893249607535,0.00308166409861325,0.985507246376812,0.953560371517028,0.0614173228346457,0.0446153846153846,0.00313971742543171,0.996899224806202,0.462639109697933,0.0734375,0.0957792207792208,0.1109375,0.675675675675676,0.0914728682170543,0.996835443037975,0.0031055900621118,0.755591054313099,0.979719188767551,0.0062992125984252,0.00314465408805031,0,0.00157232704402516,0,0.996918335901387,0.707667731629393,0,0,0.52555910543131,0.955766192733017,0.4399375975039,0.0439393939393939,0.00161290322580645,0.0517799352750809,0.0171073094867807,0,0.0265625,0.00454545454545455,0.0015748031496063,0.0109546165884194,0,0.0492845786963434,0.0570107858243451,0.0123076923076923,0.0157977883096366,0.00802568218298555,0.0233644859813084,0.021505376344086,0.057542768273717,0.0046656298600311,0.0190779014308426,0,0.00318471337579618,0.048,0.004739336492891,0.0229007633587786,0,0.0276923076923077,0.00153374233128834,0.0016
"381",0.301765650080257,0.285714285714286,0.309230769230769,0.361331220285261,0.297427652733119,0.285031847133758,0.380216383307573,0.308892355694228,0.287037037037037,0,0.289556962025316,0,0.578125,0.28503937007874,0.706708268330733,0.725,0,0.00623052959501558,0.296062992125984,0.305164319248826,0.870866141732283,0.713114754098361,0.302507836990596,0,0.334370139968896,0.686614173228347,0.75748031496063,0.293075684380032,0.690769230769231,0.538699690402477,0.711213517665131,0.551181102362205,0.488151658767773,0.6609375,0,0.286624203821656,0.0154083204930663,0.28902627511592,0.832831325301205,0.368421052631579,0.00156985871271586,0.00307692307692308,0.00154798761609907,0.283676703645008,0.481717011128776,0.724409448818898,0.606918238993711,0.713375796178344,0.66012084592145,0.708333333333333,0,0.292527821939587,0.864274570982839,0.28414442700157,0.389507154213037,0.725363489499192,0,0.311605723370429,0.31733746130031,0.390769230769231,0.682242990654206,0.689335394126739,0.711111111111111,0,0.394904458598726,0.46417445482866,0,0.29153605015674,0,0.708064516129032,0.380216383307573,0.696400625978091,0.721183800623053,0.288786482334869,0,0.556923076923077,0.750387596899225,0.596625766871166,0.392628205128205,0.708609271523179,0,0.523291925465838,0.691358024691358,0.287713841368585,0.731554160125589,0.363777089783282,0.291666666666667,0.310030395136778,0.302507836990596,0,0.291079812206573,0.284829721362229,0,0,0.315789473684211,0,0.797488226059655,0.302215189873418,0.00308166409861325,0.00313479623824451,0.634108527131783,0,0.85214626391097,0.278740157480315,0.81441717791411,0.290271132376396,0,0.311627906976744,0.718354430379747,0.723404255319149,0.718701700154559,0.356466876971609,0.687402799377916,0.293103448275862,0,0.305900621118012,0.532710280373832,0,0.708074534161491,0.701421800947867,0,0.489827856025039,0.937888198757764,0.717665615141956,0.311526479750779,0.714285714285714,0.283969465648855,0.30188679245283,0,0.695517774343122,0.342767295597484,0.624398073836276,0.300955414012739,0,0.282504012841092,0.725609756097561,0,0.9312,0.507861635220126,0.709677419354839,0,0,0.306122448979592,0.519500780031201,0.689210950080515,0.280757097791798,0.703296703296703,0.351014040561622,0.634920634920635,0.290372670807453,0.856219709208401,0.297507788161994,0.274478330658106,0.388802488335925,0.270353302611367,0.70429252782194,0.2828125,0.702060221870048,0,0.533227848101266,0.406779661016949,0.297339593114241,0.705426356589147,0,0.282245827010622,0.701468189233279,0.285714285714286,0.284810126582278,0.276073619631902,0.662632375189107,0.315217391304348,0.709175738724728,0.315629742033384,0.716692189892802,0.372056514913658,0.668195718654434,0,0.299684542586751,0,0.404388714733542,0.28416149068323,0.736,0.305555555555556,0.34181240063593,0.300763358778626,0.312788906009245,0.739469578783151,0.663093415007657,0.359223300970874,0.349683544303797,0.749606299212598,0.711627906976744,0.311708860759494,0.398449612403101,0,0,0.935794542536116,0.00157232704402516,0.287901990811639,0.703245749613601,0.39047619047619,0.460244648318043,0.304147465437788,0.839622641509434,0.656488549618321,0.970404984423676,0.317111459968603,0.306501547987616,0.389408099688474,0,0.390015600624025,0.896607431340872,0.313084112149533,0.724137931034483,0.709876543209877,0.717219589257504,0.305164319248826,0.308980213089802,0.437106918238994,0.297674418604651,0.404088050314465,0,0.722560975609756,0.569254185692542,0.2992,0,0.288854003139717,0.303543913713405,0.684375,0.555209953343701,0.302839116719243,0.285251215559157,0.795886075949367,0,0.369465648854962,0.619047619047619,0.307814992025518,0.718701700154559,0.304878048780488,0.274603174603175,0.283018867924528,0.339089481946625,0.582822085889571,0.72827804107425,0.314375987361769,0.587596899224806,0.714285714285714,0.701062215477997,0.659270998415214,0.726283048211509,0.855769230769231,0.606980273141123,0.714285714285714,0.705426356589147,0.706336939721793,0.691131498470948,0.720779220779221,0.306122448979592,0.00157977883096367,0.704866562009419,0,0.854430379746835,0.300319488817891,0.3078125,0.375987361769352,0,0.404838709677419,0.410769230769231,0.52755905511811,0.565149136577708,0.616459627329193,0.614035087719298,0.0015600624024961,0.2768,0.81010719754977,0.543548387096774,0.316037735849057,0.719874804381847,0.512578616352201,0.709876543209877,0.732198142414861,0.301223241590214,0.286415711947627,0.391653290529695,0,0.624036979969183,0.371653543307087,0,0.708396946564885,0.367127496159754,0.298412698412698,0,0.725552050473186,0.718461538461538,0.311793214862682,0.396578538102644,0.717252396166134,0,0.792778649921507,0.29140127388535,0.492354740061162,0.656394453004623,0.5984,0.319018404907975,0.705511811023622,0.293663060278207,0.287735849056604,0.705229793977813,0.31055900621118,0.296238244514107,0.323809523809524,0.28503937007874,0.731669266770671,0.90527950310559,0.975232198142415,0.310725552050473,0.33652312599681,0.0168711656441718,0.704180064308682,0.317034700315457,0.711627906976744,0.682370820668693,0.298136645962733,0.28391167192429,0.308661417322835,0.56682769726248,0.285493827160494,0.691338582677165,0.31875,0.281150159744409,0,0.865740740740741,0.696825396825397,0.723704866562009,0.013953488372093,0.709230769230769,0.346875,0.719135802469136,0.712698412698413,0,0.722397476340694,0.300632911392405,0.729230769230769,0.295454545454545,0.330696202531646,0.293291731669267,0.939393939393939,0.93517017828201,0.556426332288401,0.609756097560976,0,0.443057722308892,0.726858877086495,0.707055214723926,0.837962962962963,0.285939968404423,0.7171875,0,0.871835443037975,0.708074534161491,0.737942122186495,0.615384615384615,0.288854003139717,0.687096774193548,0.29344262295082,0.308544303797468,0,0.304154302670623,0.698608964451314,0.288109756097561,0.449768160741886,0.3008,0.7265625,0.312788906009245,0.69811320754717,0.390205371248025,0.538834951456311,0.3515625,0.302325581395349,0.281538461538462,1,0.335925349922239,0.286798179059181,0.703363914373089,0.710526315789474,0.2848,0.285046728971963,0.678516228748068,0.390092879256966,0.313821138211382,0.317484662576687,0.30030959752322,0,0.710610932475884,0.282208588957055,0.703761755485893,0,0.320251177394035,0.00156985871271586,0.699685534591195,0.286370597243492,0.297297297297297,0.00157728706624606,0.63312693498452,0.639240506329114,0.309791332263242,0.702093397745572,0.364069952305246,0.295133437990581,0.728139904610493,0.670807453416149,0.484326018808777,0,0.876947040498442,0.302737520128824,0.301261829652997,0.627145085803432,0.284403669724771,0.292436974789916,0.714508580343214,0,0.303265940902022,0.294209702660407,0.32120253164557,0.528951486697966,0.722135007849294,0.4,0.6890625,0.76797385620915,0.00154798761609907,0.598086124401914,0.61244019138756,0.578783151326053,0,0.6944,0.354992076069731,0.565485362095532,0.607476635514019,0.711711711711712,0,0,0.274096385542169,0.298325722983257,0,0.341121495327103,0,0,0,0.272012578616352,0,0.310618066561014,0.491499227202473,0.720183486238532,0.270642201834862,0,0,0.284829721362229,0.33535660091047,0.532208588957055,0.717156105100464,0,0.393617021276596,0.679012345679012,0.293185419968304,0.587962962962963,0.684713375796178,0,0.294851794071763,0.714968152866242,0.346645367412141,0.698234349919743,0,0.722137404580153,0.71563981042654,0.610561056105611,0.302936630602782,0,0.330792682926829,0.297971918876755,0.270735524256651,0,0.723642172523962,0.320197044334975,0.729950900163666,0.279141104294479,0.277182235834609,0.71583850931677,0.272300469483568,0.976744186046512,0.466153846153846,0.714508580343214,0.853080568720379,0.3203125,0.0016025641025641,0.724569640062598,0.304147465437788,0.734597156398104,0.613162118780096,0.618066561014263,0,0.799072642967543,0.484848484848485,0.93613707165109,0.302652106084243,0.714508580343214,0.739938080495356,0.640983606557377,0.323076923076923,0.37037037037037,0.332807570977918,0.492822966507177,0,0.304482225656878,0.716049382716049,0.311320754716981,0.789473684210526,0.717948717948718,0.277862595419847,0.294392523364486,0.263736263736264,0.507836990595611,0.294392523364486,0.843949044585987,0.881703470031546,0.337025316455696,0.392523364485981,0,0,0.290015847860539,0.335987261146497,0.728434504792332,0.313084112149533,0.309597523219814,0.881064162754304,0.354992076069731,0.565495207667732,0.371913580246914,0,0.306349206349206,0.8046875,0.290220820189274,0.290220820189274,0,0.593301435406699,0.303317535545024,0.702830188679245,0.5260663507109,0.623456790123457,0.441538461538462,0.550079491255962,0.329286798179059,0.707692307692308,0.300319488817891,0.282608695652174,0.305511811023622,0.800319488817891,0.751962323390895,0.285493827160494,0.283048211508554,0.00152905198776758,0.478260869565217,0.6546875,0.688172043010753,0.481308411214953,0.294952681388013,0.355345911949686,0.289922480620155,0.168195718654434,0.703583061889251,0,0.443057722308892,0.72755905511811,0.702660406885759,0.693877551020408,0,0.301223241590214,0.344186046511628,0.29375,0.286153846153846,0.7136,0.719188767550702,0,0,0.848818897637795,0.730769230769231,0.731629392971246,0,0.699844479004666,0.274268104776579,0.315870570107858,0.919047619047619,0.292259083728278,0.648985959438378,0.322169059011164,0.578538102643857,0.586989409984871,0,0.282477341389728,0.848101265822785,0.772292993630573,0.35474006116208,0.2953125,0.84447900466563,0.0015552099533437,0.318818040435459,0.321100917431193,0,0.300455235204856,0.716981132075472,0.294788273615635,0.63944530046225,0,0.0015600624024961,0.773553719008264,0.459715639810427,0.711388455538221,0.724960254372019,0.00157232704402516,0.00158982511923688,0.4779299847793,0.714738510301109,0.282894736842105,0.692546583850932,0.288109756097561,0.708782742681048,0.6421875,0.654028436018957,0.414239482200647,0.716129032258065,0.719135802469136,0.00155763239875389,0.7184,0,0.295665634674923,0.625990491283677,0.302114803625378,0.713153724247227,0.299679487179487,0,0.577639751552795,0.6765625,0.294117647058824,0,0.290076335877863,0,0.663492063492063,0.305810397553517,0,0.59480122324159,0.297297297297297,0.462145110410095,0.327014218009479,0.723338485316847,0,0.280507131537242,0.681318681318681,0,0.55045871559633,0.699088145896657,0.722049689440994,0.293375394321767,0.286173633440514,0.286585365853659,0.314285714285714,0.305772230889236,0,0.309968847352025,0.0031055900621118,0.797872340425532,0.678071539657854,0.291731669266771,0.28858024691358,0.292682926829268,0.291731669266771,0.0543478260869565,0.736593059936908,0.297734627831715,0.320813771517997,0.528505392912173,0.297045101088647,0.269470404984424,0.308777429467085,0,0,0.310344827586207,0,0.709828393135725,0.00156739811912226,0.322429906542056,0.686495176848875,0.7056,0.800623052959502,0.354430379746835,0.0015625,0.7984375,0.282843894899536,0.288990825688073,0.586750788643533,0.835595776772247,0.685925925925926,0.701538461538462,0.529505582137161,0.71937984496124,0.707086614173228,0.716981132075472,0.692429022082019,0.524844720496894,0.708006279434851,0,0.708860759493671,0.805071315372425,0.280327868852459,0.598755832037325,0.880916030534351,0.574766355140187,0.391035548686244,0.299539170506912,0.336025848142165,0.301282051282051,0.294117647058824,0.299679487179487,0.590979782270607,0.651017214397496,0.294025157232704,0.716692189892802,0.71841704718417,0.408950617283951,0.00152671755725191,0.289877300613497,0.306836248012719,0,0.730210016155089,0,0.335403726708075,0,0.305555555555556,0.28414442700157,0.721966205837174,0.435257410296412,0.287461773700306,0.620192307692308,0.653188180404355,0.403174603174603,0,0,0.354943273905997,0.337313432835821,0.309859154929577,0,0,0.7072,0.70381679389313,0.606864274570983,0,0.631987577639752,0,0.35031847133758,0.292721518987342,0.732484076433121,0.68558282208589,0,0.680511182108626,0.560250391236307,0.402476780185758,0.317073170731707,0.509287925696594,0.714946070878274,0.304838709677419,0.0808709175738725,0.295527156549521,0,0.290519877675841,0,0.285031847133758,0.709320695102686,0.45324881141046,0,0,0.424100156494523,0.348242811501597,0.328746177370031,0.503852080123267,0.718796992481203,0.709779179810726,0.399046104928458,0.367127496159754,0,0.712286158631415,0.320251177394035,0,0.293075684380032,0.315870570107858,0.738993710691824,0.00934579439252336,0.709828393135725,0.278963414634146,0.609105180533752,0.696062992125984,0.703525641025641,0.71585557299843,0.542993630573248,0.718461538461538,0.307332293291732,0,0.524642289348172,0.29393468118196,0,0,0.726172465960666,0,0.70735524256651,0.287250384024578,0.5232,0.725961538461538,0.708661417322835,0.707086614173228,0.327044025157233,0.696319018404908,0.0154559505409583,0.71656050955414,0.0528846153846154,0.0171606864274571,0,0.606635071090047,0.696646341463415,0.710031347962382,0.702743902439024,0.718223583460949,0.014308426073132,0.0185758513931889,0.703245749613601,0.0140405616224649,0.00318471337579618,0.0389408099688473,0.0198776758409786,0.0184049079754601,0.725274725274725,0.0235478806907378,0.707317073170732,0.711598746081505,0.0142630744849445,0.702660406885759,0.0566615620214395,0.703588143525741,0.692546583850932,0.714932126696833,0.695721077654517
"382",0.964573268921095,0.968354430379747,0.938176197836167,0.917207792207792,0.954248366013072,0.969354838709677,0.87797147385103,0.946708463949843,0.972136222910217,0,0.971653543307087,0,0.563380281690141,0.965686274509804,0.0800627943485086,0.0406885758998435,0,0.0208,0.963081861958267,0.96875,0.193146417445483,0.0703764320785597,0.960998439937597,0,0.940345368916798,0.297906602254428,0.141732283464567,0.954838709677419,0.513056835637481,0.696734059097978,0.035548686244204,0.709119496855346,0.793375394321767,0.310126582278481,0,0.968404423380727,0.0186335403726708,0.958925750394945,0.289592760180996,0.882170542635659,0.00159235668789809,0.020440251572327,0.00789889415481832,0.960848287112561,0.77741935483871,0.064873417721519,0.533653846153846,0.0394321766561514,0.49537037037037,0.168711656441718,0,0.960254372019078,0.304897314375987,0.9632,0.865079365079365,0.1957928802589,0,0.95253164556962,0.930015552099533,0.897356143079316,0.324367088607595,0.476635514018692,0.0398724082934609,0,0.9136,0.84375,0,0.976228209191759,0,0.0350877192982456,0.85202492211838,0.0389408099688473,0.0492063492063492,0.9629057187017,0,0.732824427480916,0.0796875,0.608557844690967,0.883942766295707,0.302013422818792,0,0.715396578538103,0.251170046801872,0.962790697674419,0.137223974763407,0.89010989010989,0.974763406940063,0.9421875,0.9328125,0.0123839009287926,0.961904761904762,0.95583596214511,0,0,0.948220064724919,0,0.326018808777429,0.95,0.00923076923076923,0.0111642743221691,0.632492113564669,0,0.319554848966614,0.961722488038278,0.13587786259542,0.958132045088567,0.0111821086261981,0.950558213716108,0.0318471337579618,0.0448,0.0434782608695652,0.886075949367089,0.369009584664537,0.957345971563981,0,0.957943925233645,0.716981132075472,0,0.033587786259542,0.280952380952381,0,0.780564263322884,0.284820031298905,0.104501607717042,0.940157480314961,0.187888198757764,0.966514459665145,0.958860759493671,0,0.572998430141287,0.914012738853503,0.517571884984026,0.951377633711507,0,0.954619124797407,0.0589147286821705,0,0.25,0.635930047694754,0.553745928338762,0,0,0.95141065830721,0.7888,0.212218649517685,0.968652037617555,0.037914691943128,0.906645569620253,0.441130298273155,0.952380952380952,0.175040518638574,0.955108359133127,0.9664,0.834876543209877,0.961965134706815,0.0351437699680511,0.96417445482866,0.0377358490566038,0,0.770800627943485,0.856481481481482,0.957547169811321,0.0521472392638037,0,0.963949843260188,0.47244094488189,0.975328947368421,0.965408805031447,0.961783439490446,0.32093023255814,0.942947702060222,0.0383386581469649,0.915384615384615,0.0383435582822086,0.875,0.412037037037037,0,0.955905511811024,0,0.845070422535211,0.968203497615262,0.163461538461538,0.957278481012658,0.937007874015748,0.960546282245827,0.955696202531646,0.121259842519685,0.395993836671803,0.902755267423015,0.916264090177134,0.0832025117739403,0.0390015600624025,0.950479233226837,0.840694006309148,0,0,0.339652448657188,0.0015527950310559,0.96417445482866,0.297090352220521,0.864,0.754716981132076,0.956521739130435,0.454545454545455,0.461059190031153,0.336012861736334,0.9,0.935126582278481,0.875583203732504,0,0.842022116903633,0.225283630470016,0.922222222222222,0.0315457413249211,0.109737248840804,0.564387917329094,0.947452229299363,0.951638065522621,0.841017488076312,0.967238689547582,0.942367601246106,0,0.10410094637224,0.695252679938744,0.964686998394864,0,0.959183673469388,0.952599388379205,0.578616352201258,0.563291139240506,0.954041204437401,0.964401294498382,0.385826771653543,0,0.873846153846154,0.549844236760125,0.943089430894309,0.0358255451713396,0.940275650842266,0.9632,0.965678627145086,0.998410174880763,0.547880690737834,0.0366826156299841,0.944532488114105,0.561622464898596,0.0352760736196319,0.039453717754173,0.222929936305732,0.0352,0.184,0.668702290076336,0.031104199066874,0.037037037037037,0.0451010886469673,0.611455108359133,0.0705128205128205,0.95389507154213,0.0128410914927769,0.0380348652931854,0,0.254019292604502,0.969205834683955,0.9515625,0.883830455259027,0,0.859649122807018,0.853168469860896,0.699212598425197,0.614173228346457,0.467614533965245,0.481132075471698,0.0124804992199688,0.961538461538462,0.131455399061033,0.72258064516129,0.936507936507937,0.0509259259259259,0.749216300940439,0.0378548895899054,0.146189735614308,0.964669738863287,0.962662337662338,0.878205128205128,0,0.660030627871363,0.86984126984127,0,0.0371517027863777,0.876352395672334,0.9488,0,0.0407523510971787,0.0348101265822785,0.949511400651466,0.8752,0.04,0,0.407936507936508,0.966453674121406,0.78516228748068,0.417445482866044,0.667721518987342,0.927914110429448,0.0487421383647799,0.964615384615385,0.961300309597523,0.0416666666666667,0.941455696202532,0.966507177033493,0.941558441558442,0.962558502340094,0.223285486443381,0.352201257861635,0.325434439178515,0.944894651539708,0.913680781758958,0.0515625,0.301435406698565,0.952978056426332,0.195046439628483,0.336890243902439,0.962674961119751,0.96474358974359,0.939157566302652,0.7184,0.963358778625954,0.289763779527559,0.941915227629513,0.963081861958267,0,0.354198473282443,0.570274636510501,0.05103668261563,0.0545171339563863,0.042654028436019,0.894080996884735,0.0566929133858268,0.0345911949685535,0,0.266244057052298,0.9584,0.105769230769231,0.961038961038961,0.942583732057416,0.961414790996785,0.329617834394904,0.314102564102564,0.700934579439252,0.48595041322314,0,0.849206349206349,0.0451010886469673,0.0719754977029096,0.227629513343799,0.965964343598055,0.0363924050632911,0,0.366352201257862,0.0470957613814757,0.0476190476190476,0.495283018867925,0.958333333333333,0.315024232633279,0.958745874587459,0.941455696202532,0,0.957957957957958,0.0344287949921753,0.9629057187017,0.85781990521327,0.962903225806452,0.0432,0.945397815912636,0.034375,0.86697965571205,0.718241042345277,0.930599369085173,0.956318252730109,0.959247648902821,0.335925349922239,1,0.959627329192547,0.0382262996941896,0.0537974683544304,0.963317384370016,0.966929133858268,0.349529780564263,0.866043613707165,0.934747145187602,0.931888544891641,0.964230171073095,0,0.136436597110754,0.960815047021944,0.0348101265822785,0,0.9344,0.0128617363344051,0.0725552050473186,0.967289719626168,0.944267515923567,0.00477707006369427,0.638668779714738,0.449526813880126,0.96,0.0405844155844156,0.863782051282051,0.961476725521669,0.416267942583732,0.617054263565891,0.779874213836478,0,0.197160883280757,0.946341463414634,0.968304278922345,0.473684210526316,0.96551724137931,0.948160535117057,0.0628930817610063,0.00158478605388273,0.950078003120125,0.960815047021944,0.92,0.70015455950541,0.0427215189873418,0.846153846153846,0.264984227129338,0.205980066445183,0.00784929356357928,0.655007949125596,0.611821086261981,0.608490566037736,0,0.320261437908497,0.894488188976378,0.66973886328725,0.531202435312024,0.0986342943854325,0,0,0.969604863221885,0.942812982998454,0,0.899053627760252,0.0110935023771791,0,0,0.963549920760697,0,0.969404186795491,0.752738654147105,0.559633027522936,0.9671875,0,0,0.966453674121406,0.936923076923077,0.75748031496063,0.029595015576324,0.00321543408360129,0.864329268292683,0.612244897959184,0.965244865718799,0.545031055900621,0.350961538461538,0,0.953125,0.0420032310177706,0.93026941362916,0.1184,0,0.043010752688172,0.14171974522293,0.5,0.940184049079755,0,0.926153846153846,0.947692307692308,0.968602825745683,0,0.101748807631161,0.910299003322259,0.0429752066115702,0.968895800933126,0.966153846153846,0.0488188976377953,0.967084639498433,0.334890965732087,0.808846761453397,0.0488958990536278,0.199044585987261,0.941362916006339,0.0111111111111111,0.0377358490566038,0.948757763975155,0.0375203915171289,0.686305732484076,0.406299212598425,0,0.137071651090343,0.747993579454254,0.296411856474259,0.944707740916272,0.034375,0.177847113884555,0.489291598023064,0.925076452599388,0.8798751950078,1,0.774716369529984,0,0.981366459627329,0.0404354587869362,0.933649289099526,0.417335473515249,0.0341085271317829,0.96141975308642,0.967793880837359,0.965625,0.641509433962264,0.95260663507109,0.166666666666667,0.223285486443381,0.92845786963434,0.858255451713396,0,0,0.961414790996785,0.907496012759171,0.0420711974110032,0.957006369426752,0.961300309597523,0.406885758998435,0.910685805422648,0.728434504792332,0.869230769230769,0,0.946515397082658,0.362916006339144,0.962085308056872,0.966453674121406,0,0.679425837320574,0.943548387096774,0.0414012738853503,0.718600953895072,0.412225705329154,0.837672281776417,0.702265372168285,0.986217457886677,0.120243531202435,0.95,0.963665086887836,0.95625,0.328478964401294,0.112852664576803,0.965625,0.962674961119751,0.00923076923076923,0.801242236024845,0.462616822429907,0.293846153846154,0.750793650793651,0.965189873417722,0.8743961352657,0.959311424100156,0.135725429017161,0.0345963756177924,0,0.837753510140406,0.0304,0.035031847133758,0.305164319248826,0,0.961661341853035,0.894899536321484,0.960629921259842,0.965732087227414,0.126382306477093,0.0285714285714286,0,0,0.213247172859451,0.0995184590690209,0.189792663476874,0,0.0326594090202177,0.957878315132605,0.028169014084507,0.33596214511041,0.96260162601626,0.615863141524106,0.950320512820513,0.66347687400319,0.640552995391705,0,0.96390977443609,0.417207792207792,0.515151515151515,0.890076335877863,0.96551724137931,0.423913043478261,0.0125786163522013,0.921383647798742,0.927018633540373,0,0.934984520123839,0.0464396284829721,0.964169381107492,0.45583596214511,0,0.0109717868338558,0.547385620915033,0.823809523809524,0.0391849529780564,0.159744408945687,0.0140845070422535,0.00160771704180064,0.744712990936556,0.0613207547169811,0.96849087893864,0.352307692307692,0.959627329192547,0.0340557275541796,0.407232704402516,0.350734094616639,0.856459330143541,0.137030995106036,0.0342679127725857,0.00313971742543171,0.0736,0,0.965571205007825,0.0603588907014682,0.95565749235474,0.0395569620253165,0.965853658536585,0,0.524464831804281,0.496012759170654,0.963258785942492,0,0.96594427244582,0,0.424,0.959438377535101,0,0.662957074721781,0.953451043338684,0.738924050632911,0.93042071197411,0.0777604976671851,0,0.960753532182104,0.28343949044586,0,0.703761755485893,0.0382848392036753,0.0481366459627329,0.966237942122186,0.961538461538462,0.956521739130435,0.944707740916272,0.945226917057903,0,0.955555555555556,0.0248833592534992,0.371695178849145,0.316037735849057,0.957746478873239,0.959183673469388,0.95968992248062,0.962323390894819,0.0513219284603421,0.0458135860979463,0.955882352941177,0.938775510204082,0.747634069400631,0.938080495356037,0.9625,0.950310559006211,0,0,0.948091603053435,0,0.103395061728395,0,0.930926216640502,0.302100161550889,0.232899022801303,0.152173913043478,0.9008,0,0.130573248407643,0.962264150943396,0.967340590979782,0.644338118022329,0.436834094368341,0.255255255255255,0.220679012345679,0.659777424483307,0.0370942812982998,0.160629921259843,0.577223088923557,0.297297297297297,0.731895223420647,0.0410742496050553,0,0.0368,0.35048231511254,0.963455149501661,0.642969984202212,0.26219512195122,0.650695517774343,0.860681114551084,0.948275862068966,0.9375,0.9568,0.971337579617834,0.974683544303797,0.557453416149068,0.436018957345972,0.96984126984127,0.0431432973805855,0.0426829268292683,0.867394695787831,0.0127388535031847,0.964506172839506,0.934065934065934,0,0.156451612903226,0,0.9296,0,0.948598130841122,0.959183673469388,0.0377952755905512,0.828616352201258,0.967136150234742,0.658105939004815,0.629860031104199,0.861586314152411,0,0,0.911620294599018,0.917168674698795,0.957746478873239,0,0,0.0324149108589951,0.272727272727273,0.530516431924883,0,0.479623824451411,0,0.901612903225806,0.963375796178344,0.183006535947712,0.27047913446677,0,0.358642972536349,0.589905362776025,0.853312302839117,0.93394777265745,0.768867924528302,0.0393081761006289,0.959481361426256,0.0159235668789809,0.964573268921095,0,0.955792682926829,0.00955414012738853,0.964458804523425,0.0576923076923077,0.032258064516129,0,0,0.819182389937107,0.985483870967742,0.913312693498452,0.715384615384615,0.0581039755351682,0.0351437699680511,0.819905213270142,0.815100154083205,0,0.0534591194968553,0.936406995230525,0,0.954911433172303,0.9265625,0.0913385826771654,0.0412044374009509,0.0379746835443038,0.961300309597523,0.488924050632911,0.12202852614897,0.136807817589577,0.147515527950311,0.720893141945773,0.123076923076923,0.962441314553991,0,0.793269230769231,0.976744186046512,0.00477707006369427,0,0.0350609756097561,0,0.043613707165109,0.9671875,0.727272727272727,0.0421393841166937,0.0348101265822785,0.576923076923077,0.926868044515103,0.474418604651163,0.0533536585365854,0.0323624595469256,0.062200956937799,0.021671826625387,0,0.0588235294117647,0.0430769230769231,0.0334394904458599,0.0436817472698908,0.0327102803738318,0.048,0.0561622464898596,0.0471698113207547,0.0220472440944882,0.00802568218298555,0.0297805642633229,0.0263565891472868,0.0605590062111801,0.0400616332819723,0.0221169036334913,0.0403225806451613,0.0409448818897638,0.0464,0.0334394904458599,0.0296411856474259,0.0376175548589342,0.0710900473933649,0.0354391371340524,0.0331230283911672
"383",0.996845425867508,1,0.969650986342944,0.930555555555556,0.984615384615385,1,0.880434782608696,0.970903522205207,1,0,1,0,0.570987654320988,1,0.0368663594470046,0.00764525993883792,0,0.015527950310559,0.996870109546166,0.981424148606811,0.149691358024691,0.0316957210776545,0.989280245022971,0,0.952380952380952,0.248847926267281,0.106976744186047,0.985959438377535,0.453030303030303,0.683812405446294,0,0.686244204018547,0.762870514820593,0.283513097072419,0,1,0.0150829562594268,0.99400299850075,0.246676514032496,0.904047976011994,0.00156985871271586,0.0166919575113809,0.00770416024653313,1,0.776545166402536,0.021505376344086,0.502325581395349,0,0.457227138643068,0.128935532233883,0,0.992343032159265,0.265151515151515,1,0.874223602484472,0.152037617554859,0,0.970219435736677,0.957767722473605,0.904109589041096,0.301684532924962,0.42185128983308,0,0,0.888888888888889,0.809815950920245,0,0.987730061349693,0,0,0.858420268256334,0.00462249614791988,0.0182094081942337,1,0,0.698170731707317,0.0441400304414003,0.555045871559633,0.893249607535322,0.255354200988468,0,0.705263157894737,0.209580838323353,0.99851411589896,0.112480739599384,0.910334346504559,0.995398773006135,0.963358778625954,0.966153846153846,0.0136157337367625,0.986111111111111,1,0,0,0.97007874015748,0,0.282674772036474,0.977341389728097,0.00758725341426404,0.00923076923076923,0.594135802469136,0,0.274539877300614,1,0.105263157894737,1,0.0123076923076923,0.976993865030675,0,0.00921658986175115,0.0060882800608828,0.904173106646059,0.331278890600925,0.992295839753467,0,0.986322188449848,0.708588957055215,0,0,0.215288611544462,0,0.756880733944954,0.243491577335375,0.0701754385964912,0.972727272727273,0.133535660091047,0.996960486322188,0.996955859969559,0,0.521472392638037,0.927162367223065,0.472868217054264,0.989010989010989,0,0.993788819875776,0.0238450074515648,0,0.201550387596899,0.629457364341085,0.498427672955975,0,0,0.978560490045942,0.743511450381679,0.172897196261682,1,0.00463678516228748,0.922492401215805,0.400936037441498,0.978978978978979,0.127131782945736,0.983180428134557,1,0.831070889894419,0.993930197268589,0,1,0,0,0.717357910906298,0.86322188449848,0.979969183359014,0.0181818181818182,0,1,0.45839874411303,1,1,1,0.282477341389728,0.978787878787879,0.00154320987654321,0.943028485757121,0,0.890092879256966,0.368258859784284,0,0.980273141122914,0,0.837423312883436,1,0.117283950617284,0.98030303030303,0.942161339421613,0.989720998531571,0.969924812030075,0.0928462709284627,0.368421052631579,0.920886075949367,0.938271604938272,0.0537634408602151,0.0060882800608828,0.979813664596273,0.845454545454545,0,0,0.282407407407407,0.00153374233128834,1,0.239457831325301,0.865325077399381,0.749249249249249,0.989598811292719,0.41321044546851,0.411854103343465,0.281931464174455,0.914196567862715,0.96,0.870820668693009,0,0.878195488721805,0.17246835443038,0.943307086614173,0,0.0712121212121212,0.509923664122137,0.976993865030675,0.975794251134644,0.820710973724884,0.998480243161094,0.885844748858447,0,0.0741301059001513,0.645015105740181,0.993846153846154,0,0.990922844175492,0.979041916167665,0.51937984496124,0.54531490015361,0.987654320987654,1,0.34472049689441,0,0.87856071964018,0.5203125,0.971428571428571,0,0.953242835595777,0.998444790046656,1,0.947204968944099,0.526475037821483,0.00153374233128834,0.967889908256881,0.539291217257319,0.0029806259314456,0.0015015015015015,0.197226502311248,0,0.145962732919255,0.663204747774481,0,0.00301659125188537,0.0106221547799697,0.557548579970105,0.0409448818897638,0.98297213622291,0.0140625,0,0,0.222395023328149,1,0.978494623655914,0.9,0,0.867507886435331,0.846268656716418,0.680981595092024,0.598793363499246,0.452859350850077,0.442367601246106,0.0139103554868624,1,0.0889894419306184,0.692185007974482,0.95565749235474,0.0120845921450151,0.739663093415008,0,0.119155354449472,1,1,0.885758998435055,0,0.625189681335357,0.877708978328173,0,0,0.886706948640483,0.976851851851852,0,0.00153846153846154,0,0.976489028213166,0.87888198757764,0,0,0.371212121212121,0.987654320987654,0.770149253731343,0.388198757763975,0.640122511485452,0.956259426847662,0.00928792569659443,1,1,0.00461538461538462,0.963691376701967,1,0.970266040688576,0.996918335901387,0.184331797235023,0.309667673716012,0.272865853658537,0.976635514018692,0.936305732484076,0.0515151515151515,0.244992295839753,0.971299093655589,0.151975683890578,0.286775631500743,0.993920972644377,0.996879875195008,0.972179289026275,0.675118858954041,0.996983408748115,0.227629513343799,0.96177370030581,0.996889580093313,0,0.313813813813814,0.528682170542636,0.0168453292496172,0.0548780487804878,0.0029940119760479,0.900459418070444,0.0270676691729323,0,0,0.226928895612708,0.992319508448541,0.0701219512195122,0.982539682539682,0.967340590979782,0.985981308411215,0.271739130434783,0.280314960629921,0.660493827160494,0.457278481012658,0,0.810852713178295,0.0106382978723404,0.0408472012102874,0.199088145896657,1,0.00154083204930663,0,0.322239031770045,0.00744047619047619,0.0234375,0.477657935285054,1,0.266666666666667,1,0.962558502340094,0,0.991266375545852,0,0.998489425981873,0.8125,1,0.0137404580152672,0.975609756097561,0,0.88208269525268,0.710031347962382,0.941176470588235,0.984894259818731,0.996932515337423,0.286798179059181,0.959627329192547,1,0,0.0259146341463415,1,1,0.313455657492355,0.883333333333333,0.9632,0.948328267477204,1,0,0.114599686028257,1,0.0015220700152207,0,0.96417445482866,0.012326656394453,0.0408163265306122,1,0.966205837173579,0.00462962962962963,0.611280487804878,0.419207317073171,0.9796875,0.0015748031496063,0.86687306501548,0.99685534591195,0.362940275650842,0.578386605783866,0.780487804878049,0,0.160741885625966,0.973270440251572,0.998498498498498,0.445468509984639,1,0.9696,0.0294117647058824,0.00155038759689922,0.983308042488619,0.993798449612403,0.947772657450077,0.682779456193353,0.00771604938271605,0.857364341085271,0.239329268292683,0.154723127035831,0.00753012048192771,0.600624024960998,0.58814352574103,0.604261796042618,0,0.272583201267829,0.908256880733945,0.625748502994012,0.512048192771084,0.0785185185185185,0,0,1,0.968325791855204,0,0.915644171779141,0.0125786163522013,0,0,0.998449612403101,0,1,0.748091603053435,0.494768310911809,1,0,0,0.992331288343558,0.958083832335329,0.709090909090909,0,0.00313479623824451,0.870481927710843,0.579666160849772,1,0.524242424242424,0.342064714946071,0,0.978755690440061,0,0.954113924050633,0.0799373040752351,0,0.0103857566765579,0.109737248840804,0.489566613162119,0.96969696969697,0,0.946348733233979,0.972560975609756,1,0,0.0641627543035994,0.924920127795527,0.00159489633173844,1,1,0.00917431192660551,1,0.283513097072419,0.797546012269939,0.00772797527047913,0.165354330708661,0.958139534883721,0.0121951219512195,0,0.96996996996997,0.00631911532385466,0.638364779874214,0.393135725429017,0,0.114503816793893,0.733438485804416,0.248854961832061,0.97125567322239,0,0.147865853658537,0.434504792332268,0.946401225114854,0.882706766917293,0.961656441717791,0.724727838258165,0,0.980421686746988,0,0.964560862865948,0.371835443037975,0,1,1,1,0.631578947368421,0.983257229832572,0.128325508607199,0.183800623052959,0.94553706505295,0.86748844375963,0,0,0.990580847723705,0.938871473354232,0.0138461538461538,0.981279251170047,0.990839694656489,0.348623853211009,0.925581395348837,0.708268330733229,0.876119402985075,0,0.964777947932619,0.309859154929577,1,0.998482549317147,0,0.626543209876543,0.971830985915493,0,0.67601246105919,0.367378048780488,0.7847533632287,0.684542586750789,0.954887218045113,0.0876132930513595,0.982839313572543,1,0.977203647416413,0.280811232449298,0.0840978593272171,0.989247311827957,1,0.00906344410876133,0.759878419452888,0.439209726443769,0.251908396946565,0.760736196319018,1,0.869230769230769,1,0.124437781109445,0,0,0.821538461538462,0.0031104199066874,0,0.261868300153139,0,0.987748851454824,0.911144578313253,0.998477929984779,0.994011976047904,0.0938461538461538,0,0,0,0.172256097560976,0.0684292379471229,0.158139534883721,0,0,1,0.00902255639097744,0.282608695652174,1,0.566412213740458,0.968944099378882,0.649546827794562,0.626307922272048,0,1,0.380585516178737,0.477449455676516,0.918154761904762,0.987841945288754,0.380664652567976,0.0121580547112462,0.947611710323575,0.952023988005997,0,0.964179104477612,0.0137404580152672,0.984076433121019,0.416413373860182,0,0.0108191653786708,0.491987179487179,0.826893353941267,0,0.133858267716535,0.0138461538461538,0.0015625,0.732732732732733,0.0185471406491499,1,0.302431610942249,0.992492492492492,0,0.380451127819549,0.330721003134796,0.862776025236593,0.0775316455696203,0.00453857791225416,0.00304878048780488,0.0340030911901082,0,0.995447647951442,0.0375586854460094,0.979166666666667,0.00154559505409583,1,0,0.515060240963855,0.447368421052632,1,0,0.998482549317147,0,0.379527559055118,0.987933634992459,0,0.629685157421289,0.978328173374613,0.743431221020093,0.953051643192488,0.0379939209726444,0,1,0.253086419753086,0,0.677321156773212,0,0.0165912518853695,1,1,0.991004497751124,0.969325153374233,0.979907264296754,0,0.972265023112481,0.0254110612855007,0.334332833583208,0.274961597542243,0.990881458966565,0.990811638591118,0.992559523809524,0.991058122205663,0.0519877675840979,0.014018691588785,0.980738362760835,0.956586826347305,0.701834862385321,0.976958525345622,1,0.974006116207951,0,0,0.977843426883309,0,0.0715372907153729,0,0.953917050691244,0.264984227129338,0.21183800623053,0.120481927710843,0.919629057187017,0,0.103395061728395,1,1,0.627906976744186,0.394074074074074,0.209606986899563,0.172876304023845,0.650077760497667,0,0.114551083591331,0.517080745341615,0.24054462934947,0.685240963855422,0.00460122699386503,0,0,0.304552590266876,1,0.60708782742681,0.216012084592145,0.60061919504644,0.867981790591806,0.986466165413534,0.960127591706539,0.9824,1,0.998422712933754,0.53582554517134,0.412746585735964,0.998461538461539,0.00148367952522255,0.00896860986547085,0.865947611710324,0.0135135135135135,1,0.969512195121951,0,0.0917721518987342,0,0.952012383900929,0,0.969278033794163,1,0.00766871165644172,0.819444444444444,1,0.6359375,0.603630862329803,0.870769230769231,0,0,0.926332288401254,0.941176470588235,0.987767584097859,0,0,0,0.220389805097451,0.477519379844961,0,0.448012232415902,0,0.919811320754717,1,0.143533123028391,0.236722306525038,0,0.33125,0.576271186440678,0.862385321100917,0.964071856287425,0.76355421686747,0,0.9858934169279,0.0139751552795031,1,0,0.978819969742814,0.00924499229583975,1,0.0169753086419753,0.0108359133126935,0,0,0.820395738203957,0.924646781789639,0.934848484848485,0.69683257918552,0.0255255255255255,0.00460829493087558,0.832307692307692,0.835311572700297,0,0.016793893129771,0.96319018404908,0,0.982758620689655,0.954614220877458,0.0655487804878049,0.0441400304414003,0.0031055900621118,1,0.470679012345679,0.0848765432098765,0.100787401574803,0.102134146341463,0.687598116169545,0.091324200913242,1,0,0.735015772870662,0.980030721966206,0.00462962962962963,0,0,0,0,1,0.703001579778831,0,0,0.517884914463453,0.956656346749226,0.417047184170472,0.0500758725341426,0.00158478605388273,0.0525477707006369,0.0151285930408472,0,0.0251177394034537,0.00597014925373134,0.0015552099533437,0.0121580547112462,0,0.0515625,0.0569230769230769,0.0075642965204236,0.0184049079754601,0.00476947535771065,0.0198170731707317,0.018348623853211,0.0593607305936073,0.00310077519379845,0.0167427701674277,0,0.00307692307692308,0.0453834115805947,0.00154798761609907,0.0181818181818182,0,0.0337423312883436,0,0.00154320987654321
"384",0.00305810397553517,0,0.0301659125188537,0.0612244897959184,0.0109204368174727,0,0.0967741935483871,0.0231839258114374,0,0,0,0,0.439024390243902,0,0.955589586523737,0.992378048780488,0,0.00153374233128834,0.00316455696202532,0.0153846153846154,0.838368580060423,0.9648,0.012326656394453,0,0.0474732006125574,0.746177370030581,0.892966360856269,0.0094488188976378,0.540419161676647,0.310030395136778,1,0.320668693009119,0.238828967642527,0.737654320987654,0,0,0.00452488687782805,0.00451127819548872,0.746312684365782,0.103759398496241,0,0,0,0,0.215654952076677,0.976887519260401,0.484520123839009,1,0.550810014727541,0.867164179104478,0,0.00605143721633888,0.732415902140673,0,0.10625,0.854037267080745,0,0.0297339593114241,0.0389221556886228,0.103658536585366,0.736363636363636,0.57469512195122,1,0,0.10410094637224,0.182779456193353,0,0.0108191653786708,0,1,0.126506024096386,0.993846153846154,0.986217457886677,0,0,0.303892215568862,0.955725190839695,0.436834094368341,0.102201257861635,0.747588424437299,0,0.307228915662651,0.793626707132018,0,0.892261001517451,0.0911854103343465,0.00302571860816944,0.028657616892911,0.0256410256410256,0,0.0124416796267496,0,0,0,0.0283464566929134,0,0.682027649769585,0.0200308166409861,0,0,0.386259541984733,0,0.716257668711656,0,0.891691394658754,0,0,0.0184899845916795,1,0.993911719939117,0.992401215805471,0.0850077279752705,0.680981595092024,0.00917431192660551,0,0.00914634146341463,0.302611367127496,0,1,0.77526395173454,0,0.246913580246914,0.746969696969697,0.934169278996865,0.0256797583081571,0.86144578313253,0.00299850074962519,0.00455927051671732,0,0.45839636913767,0.0708782742681048,0.510268562401264,0.0125,0,0.00465116279069767,0.978978978978979,0,0.782945736434108,0.36793893129771,0.489859594383775,0,0,0.0182094081942337,0.255023183925811,0.834384858044164,0,0.995327102803738,0.073394495412844,0.602503912363067,0.0179910044977511,0.856025039123631,0.0180722891566265,0,0.175384615384615,0.00304878048780488,1,0,1,0,0.274961597542243,0.129464285714286,0.0197268588770865,0.978915662650602,0,0,0.561832061068702,0,0,0,0.734939759036145,0.0211480362537764,1,0.0534918276374443,1,0.104938271604938,0.634036144578313,0,0.0152671755725191,0,0.154779969650986,0,0.882534775888717,0.0182370820668693,0.0555555555555556,0.0102040816326531,0.027231467473525,0.910470409711684,0.638805970149254,0.0756172839506173,0.059748427672956,0.946564885496183,0.995433789954338,0.0201550387596899,0.128637059724349,0,0,0.700310559006211,0,0,0.763392857142857,0.116279069767442,0.246223564954683,0.00894187779433681,0.565015479876161,0.566009104704097,0.7046875,0.0770416024653313,0.0395738203957382,0.128593040847201,0,0.115151515151515,0.813880126182965,0.0539291217257319,1,0.930678466076696,0.47166921898928,0.0261941448382126,0.0211480362537764,0.17774343122102,0.00149476831091181,0.11854103343465,0,0.928134556574923,0.355957767722474,0.00307692307692308,0,0.00906344410876133,0.0193740685543964,0.454545454545455,0.457186544342508,0.00920245398773006,0,0.62557781201849,0,0.0985294117647059,0.496194824961948,0.0282131661442006,1,0.0405405405405405,0.00154798761609907,0,0.0525502318392581,0.473524962178517,0.998452012383901,0.0290964777947933,0.462121212121212,0.997001499250375,0.998511904761905,0.812693498452012,1,0.843505477308294,0.337331334332834,1,0.995461422087746,0.98937784522003,0.424514200298954,0.965408805031447,0.014018691588785,0,1,0,0.762128325508607,0,0.0260336906584992,0.0998463901689708,0,0.128164556962025,0.149546827794562,0.317629179331307,0.41321044546851,0.553516819571865,0.545454545454545,0,0,0.900452488687783,0.30379746835443,0.0402476780185759,0.989489489489489,0.26179604261796,1,0.885496183206107,0,0,0.1,0,0.377675840978593,0.103076923076923,0,1,0.0966767371601208,0.0198473282442748,0,0.998480243161094,0.998491704374057,0.0191082802547771,0.122257053291536,1,0,0.614307931570762,0.0109204368174727,0.219512195121951,0.628048780487805,0.352484472049689,0.0390977443609023,0.992412746585736,0,0,0.996913580246914,0.033434650455927,0,0.0280811232449298,0.00308641975308642,0.827480916030534,0.686746987951807,0.716030534351145,0.0204724409448819,0.0595611285266458,0.00150602409638554,0.747286821705426,0.0248447204968944,0.856481481481482,0.699704142011834,0.00303951367781155,0.00308166409861325,0.0274809160305344,0.322530864197531,0.00302571860816944,0.761102603369066,0.0352220520673813,0.00154559505409583,0,0.674772036474164,0.445839874411303,0.986217457886677,0.00151515151515152,0.995488721804511,0.101361573373676,0.969834087481146,1,0,0.77947932618683,0.00921658986175115,0.92802450229709,0.0141732283464567,0.0290076335877863,0.0125195618153365,0.715625,0.705696202531646,0.334905660377358,0.555023923444976,0,0.192133131618759,0.984848484848485,0.96577380952381,0.792944785276074,0,0.998487140695915,0,0.680241327300151,0.993939393939394,0.979969183359014,0.521060842433697,0,0.741784037558685,0,0.0343213728549142,0,0.0072992700729927,1,0.00150375939849624,0.181268882175227,0,0.987767584097859,0.024390243902439,1,0.124423963133641,0.303125,0.0579268292682927,0.0149253731343284,0,0.703363914373089,0.0382262996941896,0,1,0.977272727272727,0,0,0.692660550458716,0.121212121212121,0.0360501567398119,0.0487804878048781,0,0,0.891509433962264,0,0.998456790123457,0,0.0338461538461538,0,0.955246913580247,0,0.0324074074074074,0,0.379416282642089,0.586046511627907,0.0171339563862928,1,0.146645865834633,0.00156739811912226,0.634259259259259,0.411674347158218,0.223255813953488,0,0.835114503816794,0.0232198142414861,0.0015220700152207,0.562121212121212,0,0.0305466237942122,0.968229954614221,0,0.016793893129771,0.00462962962962963,0.0482866043613707,0.321321321321321,0.993808049535604,0.130368098159509,0.775229357798165,0.810372771474878,0,0.40405616224649,0.405572755417957,0.403053435114504,0,0.735015772870662,0.0906298003072197,0.368975903614458,0.499241274658574,0.932551319648094,0,0,0,0.028657616892911,0,0.0769230769230769,0,0,0,0.0015625,0,0,0.242378048780488,0.478134110787172,0,0,0,0.0077639751552795,0.0385756676557863,0.303030303030303,1,0,0.10960960960961,0.411585365853659,0,0.466966966966967,0.672839506172839,0,0.0180722891566265,1,0.0490045941807044,0.909509202453988,0,0.991031390134529,0.893353941267388,0.52931854199683,0.0260336906584992,0,0.0536512667660209,0.0275650842266462,0,0,0.933641975308642,0.0713128038897893,0.995230524642289,0,0,0.990936555891239,0,0.700460829493088,0.204892966360856,0.992435703479576,0.826291079812207,0.0386398763523957,0,1,0.0288753799392097,0.995283018867924,0.362519201228879,0.605263157894737,0,0.884673748103187,0.268025078369906,0.744292237442922,0.0245398773006135,1,0.853252647503782,0.542901716068643,0.048048048048048,0.122356495468278,0.0402476780185759,0.267080745341615,0,0.0196671709531014,1,0.0325581395348837,0.610759493670886,1,0,0,0,0.36517719568567,0.0150375939849624,0.866564417177914,0.801526717557252,0.0535987748851455,0.114854517611026,0,0,0.00934579439252336,0.0660377358490566,0.987635239567233,0.015527950310559,0.00757575757575758,0.63855421686747,0.0682170542635659,0.277089783281734,0.104477611940299,0,0.0353846153846154,0.660436137071651,0,0.00153846153846154,0,0.37888198757764,0.0297339593114241,1,0.322981366459627,0.638426626323752,0.209985315712188,0.329230769230769,0.0498533724340176,0.9150521609538,0.0125,0,0.0183767228177642,0.693396226415094,0.87962962962963,0.00904977375565611,0,0,0.235562310030395,0.567073170731707,0.757942511346445,0.24390243902439,0,0.136503067484663,0,0.103448275862069,1,0,0.19047619047619,0.996879875195008,1,0.733846153846154,0,0.0107197549770291,0.0896860986547085,0.00152671755725191,0.00302571860816944,0.908256880733945,1,0,0,0.824261275272162,0.935779816513762,0.846273291925466,0,1,0,0.418816388467375,0.704441041347626,0,0.420333839150228,0.028169014084507,0.360182370820669,0.377049180327869,0,0,0.610062893081761,0.507692307692308,0.0780780780780781,0.0121212121212121,0.616541353383459,0,0.0519877675840979,0.0468986384266263,0,0.0326409495548961,0.987786259541985,0.0141509433962264,0.56797583081571,0,0,0.4953125,0.167441860465116,1,0.871473354231975,0,0,0.254385964912281,0.978428351309707,0,0.698198198198198,0.00599700149925037,1,0.63969465648855,0.67741935483871,0.130637636080871,0.912559618441971,0.995481927710843,0,0.962962962962963,0,0.00600600600600601,0.802180685358255,0.0175182481751825,0.996923076923077,0,0,0.495508982035928,0.546850998463902,0,0,0.00150829562594268,0,0.627172195892575,0.0134328358208955,0,0.343373493975904,0.0202808112324493,0.253048780487805,0.0489731437598736,0.966717095310136,0,0,0.750390015600624,0,0.323262839879154,1,0.985052316890882,0,0,0.00888888888888889,0.0263157894736842,0.0185471406491499,0,0.0263157894736842,0,0.648367952522255,0.73394495412844,0.00763358778625954,0.00911854103343465,0.00598802395209581,0.00902255639097744,0.0303951367781155,0.984544049459042,0.0159744408945687,0.0397553516819572,0.296803652968037,0.0197268588770865,0,0.0242424242424242,0,0,0.0176991150442478,0,0.929878048780488,0.00154320987654321,0.0434108527131783,0.732503888024883,0.796583850931677,0.881381381381381,0.0766871165644172,0.00151745068285281,0.896024464831804,0,0,0.379256965944272,0.587278106508876,0.785923753665689,0.826865671641791,0.353941267387944,1,0.873684210526316,0.463901689708141,0.755070202808112,0.311649016641452,0.992260061919505,0,1,0.659937888198758,0,0.345038167938931,0.770029673590504,0.395738203957382,0.123493975903614,0.0119581464872945,0.0379746835443038,0.0199692780337942,0,0.00154798761609907,0.466872110939908,0.593893129770992,0.0015220700152207,0.997054491899853,0.994082840236686,0.128637059724349,0,0,0.0289193302891933,0,0.894819466248038,0,0.0462962962962963,0,0.0303490136570561,0,0.992435703479576,0.170769230769231,0,0.356466876971609,0.396054628224583,0.110077519379845,0,0,0.0737179487179487,0.0559646539027982,0.0091324200913242,0,0,1,0.776772247360483,0.498461538461538,0,0.572948328267477,0,0.0696594427244582,0,0.810344827586207,0.760542168674699,0,0.677115987460815,0.411402157164869,0.140215716486903,0.0356612184249629,0.229135053110774,1,0.0125391849529781,0.0771604938271605,0,0,0.0163690476190476,0,0,0.981538461538462,0.6203125,0,0,0.184615384615385,0.0786163522012579,0.0568011958146487,0.288922155688623,0.973094170403587,0.996908809891808,0.159879336349925,0.16191904047976,0,0.981366459627329,0.0352760736196319,0,0.0157232704402516,0.0437405731523379,0.940366972477064,0,0.998435054773083,0,0.548136645962733,0.921898928024502,0.896062992125984,0.892911010558069,0.32753164556962,0.904689863842663,0,0,0.255451713395639,0.0182370820668693,0,0,1,0,1,0,0.296703296703297,1,1,0.475,0.031201248049922,0.576687116564417,0,0.998442367601246,0.053125,0.00768049155145929,0,0.813953488372093,0.995568685376662,0.998475609756098,0.983282674772036,1,0,0,0.987860394537178,0.00619195046439629,0.00315457413249211,0.0292758089368259,0.00452488687782805,0,0.992283950617284,0.0107033639143731,1,0.996955859969559,0,0.995341614906832,0.0481203007518797,1,0.91271056661562,0.99851411589896,0.998484848484849
"385",0.0237717908082409,0.0236593059936909,0.0415384615384615,0.0758064516129032,0.0318471337579618,0.0209339774557166,0.113744075829384,0.046583850931677,0.0275650842266462,0,0.0279503105590062,0,0.443410852713178,0.0190174326465927,0.940809968847352,0.966257668711656,0,0.00315457413249211,0.0287539936102236,0.0401854714064915,0.825273010920437,0.95253164556962,0.0375586854460094,0,0.0679012345679012,0.740095087163233,0.887323943661972,0.0225442834138486,0.544186046511628,0.322480620155039,0.972477064220184,0.332307692307692,0.248803827751196,0.715396578538103,0,0.0251968503937008,0.00613496932515337,0.0273972602739726,0.757575757575758,0.115562403697997,0.00158478605388273,0,0.00153846153846154,0.0238095238095238,0.226171243941842,0.959119496855346,0.495268138801262,0.976851851851852,0.542296072507553,0.875,0,0.0317460317460317,0.726698262243286,0.0250391236306729,0.114420062695925,0.849840255591054,0,0.0509554140127389,0.0594512195121951,0.117554858934169,0.72626582278481,0.582568807339449,0.974317817014446,0,0.114285714285714,0.191653786707883,0,0.0331230283911672,0,0.974317817014446,0.165898617511521,0.969088098918083,1,0.0230769230769231,0,0.300623052959502,0.939814814814815,0.455384615384615,0.117739403453689,0.743333333333333,0,0.298761609907121,0.788819875776398,0.0232558139534884,0.89644513137558,0.110091743119266,0.0296875,0.0495356037151703,0.0533751962323391,0,0.0285261489698891,0.0231839258114374,0,0,0.0561622464898596,0,0.695721077654517,0.0496124031007752,0.00152671755725191,0.00157232704402516,0.393798449612403,0,0.733652312599681,0.0272435897435897,0.905631659056317,0.0267716535433071,0,0.0403100775193798,0.982484076433121,0.971698113207547,0.968944099378882,0.0985915492957746,0.672955974842767,0.0351437699680511,0,0.040625,0.305772230889236,0,0.978361669242658,0.796557120500782,0,0.250793650793651,0.760188087774295,0.933333333333333,0.0508474576271186,0.84984520123839,0.0265625,0.0185758513931889,0,0.460122699386503,0.0877742946708464,0.52572347266881,0.0336,0,0.032258064516129,0.960426179604262,0,0.787301587301587,0.375198728139905,0.488,0,0,0.0476190476190476,0.255924170616114,0.82484076433121,0.028436018957346,0.967340590979782,0.0941915227629513,0.593247588424437,0.0353846153846154,0.861685214626391,0.0394321766561514,0.0273311897106109,0.174454828660436,0.0295489891135303,0.977635782747604,0.0216049382716049,0.980952380952381,0,0.278662420382166,0.136294027565084,0.0404984423676012,0.958904109589041,0,0.0259938837920489,0.5553772070626,0.0210696920583468,0.0297805642633229,0.0186335403726708,0.71689497716895,0.0419254658385093,0.976038338658147,0.0709876543209877,0.983333333333333,0.118110236220472,0.62402496099844,0,0.0394321766561514,0,0.165366614664587,0.0217054263565891,0.882352941176471,0.0436817472698908,0.0748829953198128,0.0270676691729323,0.0493827160493827,0.904088050314465,0.621913580246914,0.0977564102564103,0.0823909531502423,0.934272300469484,0.976377952755906,0.0347003154574132,0.140432098765432,0,0,0.709375,0.0015527950310559,0.0227963525835866,0.758039816232772,0.133757961783439,0.252696456086287,0.0339506172839506,0.56984126984127,0.583333333333333,0.706070287539936,0.0992125984251968,0.0652866242038217,0.132716049382716,0,0.148091603053435,0.819063004846527,0.0754414125200642,0.975155279503106,0.914241960183767,0.466353677621283,0.0470957613814757,0.0411585365853659,0.199059561128527,0.0264797507788162,0.125,0,0.914463452566096,0.347692307692308,0.0256410256410256,0,0.0307692307692308,0.0379939209726444,0.457231726283048,0.457680250783699,0.0284810126582278,0.024390243902439,0.63182527301092,0,0.115384615384615,0.503134796238245,0.0496794871794872,0.978159126365055,0.0593607305936073,0.0235849056603774,0.0267295597484277,0.0719874804381847,0.467592592592593,0.977742448330684,0.0517241379310345,0.474654377880184,0.974320241691843,0.97428139183056,0.812206572769953,0.974723538704581,0.844690966719493,0.335901386748844,0.973846153846154,0.970769230769231,0.97045101088647,0.419207317073171,0.942307692307692,0.0379746835443038,0.00159489633173844,0.977848101265823,0,0.786173633440514,0.0237341772151899,0.0455259026687598,0.114241001564945,0,0.13452188006483,0.153013910355487,0.334394904458599,0.415644171779141,0.555205047318612,0.552674230145867,0.00154559505409583,0.0235478806907378,0.901869158878505,0.322115384615385,0.0566929133858268,0.961538461538462,0.2671875,0.976415094339623,0.872274143302181,0.0244274809160305,0.022508038585209,0.111290322580645,0,0.366718027734977,0.11198738170347,0,0.972560975609756,0.106317411402157,0.0423197492163009,0,0.9765625,0.973805855161787,0.0448,0.135265700483092,0.972312703583062,0,0.60062893081761,0.0347003154574132,0.225757575757576,0.606811145510836,0.349761526232114,0.0641221374045802,0.969230769230769,0.0242057488653555,0.0217729393468118,0.972006220839813,0.0623052959501558,0.0251968503937008,0.0491283676703645,0.024653312788906,0.82472613458529,0.695046439628483,0.721958925750395,0.0415335463258786,0.0769230769230769,0.00463678516228748,0.759055118110236,0.0443740095087163,0.835403726708075,0.721385542168675,0.0280373831775701,0.031496062992126,0.0574534161490683,0.320574162679426,0.0258358662613982,0.777777777777778,0.0540958268933539,0.0317460317460317,0,0.675968992248062,0.4592,0.964396284829721,0.0046875,0.974085365853659,0.11609907120743,0.953416149068323,0.978227060653188,0,0.788819875776398,0.0295489891135303,0.91937984496124,0.0418006430868167,0.0482866043613707,0.0394321766561514,0.722929936305732,0.717741935483871,0.357366771159875,0.545016077170418,0,0.196232339089482,0.970992366412214,0.950844854070661,0.812403100775194,0.023961661341853,0.9765625,0,0.671850699844479,0.970814132104455,0.958266452648475,0.528682170542636,0.0252764612954186,0.731437598736177,0.0241157556270096,0.0578125,0,0.0315789473684211,0.972477064220184,0.0274809160305344,0.190402476780186,0.0275080906148867,0.967592592592593,0.0458015267175573,0.976452119309262,0.139103554868624,0.315705128205128,0.0718654434250764,0.0390015600624025,0.0233644859813084,0.710526315789474,0.0537974683544304,0.0259146341463415,0.977272727272727,1,0.0266875981161695,0.0263565891472868,0.684458398744113,0.132283464566929,0.058252427184466,0.071097372488408,0.027906976744186,0,0.885350318471338,0.0215716486902928,0.979623824451411,0,0.0518867924528302,0.00161290322580645,0.954041204437401,0.0261941448382126,0.0451010886469673,0.00159235668789809,0.3734375,0.576190476190476,0.0429252782193959,0.971563981042654,0.161949685534591,0.0288,0.644338118022329,0.409509202453988,0.233644859813084,0,0.837795275590551,0.0418006430868167,0.0283464566929134,0.5453125,0.0216049382716049,0.054726368159204,0.953488372093023,0,0.0358814352574103,0.03125,0.0668740279937792,0.344186046511628,0.969936708860759,0.139904610492846,0.77293934681182,0.797716150081566,0.00156494522691706,0.393700787401575,0.417582417582418,0.411214953271028,0,0.719611021069692,0.102523659305994,0.388467374810319,0.515243902439024,0.923538230884558,0,0,0.0254110612855007,0.0505359877488515,0,0.0948678071539658,0,0,0,0.023696682464455,0,0.0272435897435897,0.243410852713178,0.470149253731343,0.0217054263565891,0,0,0.0280373831775701,0.0622154779969651,0.294298921417565,0.980030721966206,0,0.117103235747304,0.41185647425897,0.0219435736677116,0.463901689708141,0.647709320695103,0,0.0386398763523957,0.9792,0.0613207547169811,0.903785488958991,0,0.965151515151515,0.889952153110048,0.540901502504174,0.0479134466769706,0,0.0689655172413793,0.0496894409937888,0.0246913580246914,0,0.924764890282132,0.0855263157894737,0.972886762360447,0.0215716486902928,0.0259938837920489,0.970633693972179,0.025,0.70625,0.2109375,0.976340694006309,0.837620578778135,0.0638629283489097,0.00157232704402516,0.976635514018692,0.0449612403100775,0.974235104669887,0.36248012718601,0.605678233438486,0,0.872274143302181,0.27373417721519,0.747692307692308,0.0452418096723869,0.976377952755906,0.848531684698609,0.559543230016313,0.0795107033639144,0.123853211009174,0.05625,0.287758346581876,0,0.0397553516819572,0.976993865030675,0.059748427672956,0.621405750798722,0.974512743628186,0.0250391236306729,0.0189274447949527,0.0203761755485893,0.377742946708464,0.0387596899224806,0.870253164556962,0.821875,0.0778816199376947,0.122065727699531,0,0,0.0314465408805031,0.0861244019138756,0.968354430379747,0.0408163265306122,0.0315457413249211,0.6390625,0.0864779874213836,0.2864,0.113354037267081,0,0.0546875,0.654028436018957,0.0232919254658385,0.0311526479750779,0,0.387658227848101,0.0481540930979133,0.976415094339623,0.326366559485531,0.627511591962906,0.229260935143288,0.328525641025641,0.0665658093797277,0.899848254931715,0.032051282051282,0.0235109717868339,0.0344287949921753,0.694753577106518,0.86984126984127,0.0299212598425197,0.0229709035222052,0.00156739811912226,0.234930448222566,0.554364471669219,0.748043818466354,0.256211180124224,0.0202492211838006,0.145085803432137,0.0277349768875193,0.108562691131498,0.97588424437299,0,0.187692307692308,0.971698113207547,0.982998454404946,0.7390625,0,0.034375,0.101851851851852,0.0234375,0.0263157894736842,0.899212598425197,0.979365079365079,0,0,0.831210191082803,0.926984126984127,0.84384858044164,0,0.974960876369327,0.0189873417721519,0.419003115264797,0.714738510301109,0.0207006369426752,0.4203125,0.0498392282958199,0.366818873668189,0.384024577572965,0,0.0225903614457831,0.616588419405321,0.514195583596215,0.0910470409711684,0.0324074074074074,0.611455108359133,0.00154083204930663,0.0719874804381847,0.0622083981337481,0,0.0555555555555556,0.970588235294118,0.0402576489533011,0.579598145285935,0,0.00155038759689922,0.500807754442649,0.184126984126984,0.979623824451411,0.84775641025641,0.0015527950310559,0.00161550888529887,0.276073619631902,0.9536,0.025974025974026,0.691019786910198,0.0263565891472868,0.972519083969466,0.630094043887147,0.685624012638231,0.144694533762058,0.889245585874799,0.970588235294118,0.00154083204930663,0.952305246422893,0,0.0305810397553517,0.7888,0.0317700453857791,0.971875,0.0220472440944882,0,0.477794793261868,0.54746835443038,0.021671826625387,0,0.024653312788906,0,0.626602564102564,0.0333839150227618,0,0.349768875192604,0.0412698412698413,0.278125,0.0672,0.944700460829493,0,0.0267295597484277,0.752721617418352,0,0.333333333333333,0.975572519083969,0.9625,0.0243111831442464,0.0271565495207668,0.0290519877675841,0.0496124031007752,0.0414673046251994,0,0.048062015503876,0.00306748466257669,0.649847094801223,0.724569640062598,0.0309119010819165,0.029320987654321,0.0305810397553517,0.0343213728549142,0.0297339593114241,0.959055118110236,0.0392156862745098,0.0652173913043478,0.310769230769231,0.0453125,0.0229007633587786,0.046656298600311,0,0,0.0423600605143722,0,0.917956656346749,0.0015748031496063,0.0668740279937792,0.731825525040388,0.79585326953748,0.867078825347759,0.102484472049689,0.00153609831029186,0.898753894080997,0.0248833592534992,0.0249609984399376,0.377742946708464,0.593655589123867,0.780120481927711,0.816109422492401,0.3744,0.979938271604938,0.875968992248062,0.46046511627907,0.763406940063092,0.32093023255814,0.962674961119751,0,0.971383147853736,0.676056338028169,0.0208667736757624,0.36547433903577,0.800604229607251,0.397553516819572,0.135384615384615,0.0323076923076923,0.0594855305466238,0.0408805031446541,0.022508038585209,0.0221870047543582,0.476043276661515,0.578052550231839,0.02,0.974664679582712,0.969512195121951,0.137557959814529,0.00152671755725191,0.0246153846153846,0.0553846153846154,0,0.880837359098229,0,0.077639751552795,0,0.0510046367851623,0.0230414746543779,0.970724191063174,0.187793427230047,0.027355623100304,0.345971563981043,0.378294573643411,0.123222748815166,0,0,0.0906148867313916,0.0708898944193062,0.0336906584992343,0,0,0.979559748427673,0.797564687975647,0.511700468018721,0,0.561430793157076,0,0.103338632750397,0.025518341307815,0.8064,0.765696784073507,0,0.662957074721781,0.414173228346457,0.155172413793103,0.0493827160493827,0.2359375,0.978527607361963,0.0305958132045089,0.0845070422535211,0.0222222222222222,0,0.0352760736196319,0,0.0237341772151899,0.970404984423676,0.6128,0,0,0.187888198757764,0.0972447325769854,0.0693374422187981,0.300153139356815,0.957251908396947,0.974683544303797,0.194312796208531,0.185867895545315,0,0.96411856474259,0.0564263322884013,0,0.037914691943128,0.0638629283489097,0.967340590979782,0.00152905198776758,0.974960876369327,0.024653312788906,0.538461538461538,0.90809968847352,0.899186991869919,0.87111801242236,0.319935691318328,0.907715582450832,0.0270700636942675,0,0.252730109204368,0.0373250388802488,0,0,0.97172619047619,0,0.977987421383648,0.0251968503937008,0.310289389067524,0.97626582278481,0.979166666666667,0.4608,0.0586370839936609,0.573846153846154,0.00153846153846154,0.974481658692185,0.0451612903225806,0.00949367088607595,0,0.793798449612403,0.972768532526475,0.977635782747604,0.964341085271318,0.976958525345622,0.00318979266347687,0.00153374233128834,0.966929133858268,0.0061633281972265,0.00159744408945687,0.0235849056603774,0.00618238021638331,0.00156739811912226,0.971518987341772,0.0124416796267496,0.9728,0.970358814352574,0,0.970219435736677,0.0453857791225416,0.978125,0.886792452830189,0.972809667673716,0.971875
"386",0.998373983739837,1,0.965189873417722,0.938808373590982,0.982200647249191,1,0.895071542130366,0.974763406940063,1,0,1,0,0.559241706161137,1,0.0312989045383412,0.00958466453674121,0,0.017515923566879,0.996774193548387,0.984101748807631,0.158227848101266,0.0358306188925081,0.989147286821705,0,0.95447409733124,0.240829346092504,0.121835443037975,0.988543371522095,0.45226917057903,0.685758513931889,0,0.690625,0.7728,0.280388978930308,0,1,0.0202808112324493,0.993720565149137,0.251896813353566,0.905426356589147,0.0016,0.016793893129771,0.00617283950617284,1,0.775609756097561,0.0179445350734095,0.5024,0,0.46676970633694,0.131782945736434,0,0.993589743589744,0.275316455696203,1,0.886581469648562,0.163461538461538,0,0.970731707317073,0.959247648902821,0.905660377358491,0.276295133437991,0.414826498422713,0,0,0.897226753670473,0.81591263650546,0,0.9872,0,0,0.859567901234568,0.00793650793650794,0.0190174326465927,1,0,0.708978328173375,0.0452418096723869,0.570093457943925,0.895833333333333,0.263772954924875,0,0.7109375,0.206201550387597,0.998417721518987,0.108974358974359,0.902587519025875,0.995341614906832,0.970219435736677,0.969936708860759,0.0109717868338558,0.985553772070626,1,0,0,0.975530179445351,0,0.289968652037618,0.978227060653188,0.00927357032457496,0.0112359550561798,0.606635071090047,0,0.284565916398714,1,0.0953846153846154,1,0.00967741935483871,0.975845410628019,0,0.00632911392405063,0.00470219435736677,0.904838709677419,0.320695102685624,0.992150706436421,0,0.984375,0.711145996860283,0,0,0.2272,0,0.762282091917591,0.241491085899514,0.0794165316045381,0.974603174603175,0.145339652448657,0.998439937597504,0.996840442338073,0,0.538819875776398,0.937996820349762,0.487138263665595,0.995081967213115,0,0.995081967213115,0.0217391304347826,0,0.207792207792208,0.61244019138756,0.506535947712418,0,0,0.974921630094044,0.752336448598131,0.169105691056911,1,0.00642054574638844,0.925,0.411669367909238,0.976415094339623,0.121112929623568,0.984227129337539,1,0.843260188087774,0.995275590551181,0,1,0,0,0.727714748784441,0.865443425076453,0.981191222570533,0.0186625194401244,0,1,0.453808752025932,1,1,1,0.2734375,0.976228209191759,0.0016025641025641,0.947772657450077,0,0.897435897435897,0.354788069073783,0,0.981366459627329,0,0.842607313195548,1,0.109500805152979,0.981366459627329,0.949606299212598,0.990811638591118,0.978056426332288,0.100638977635783,0.36687306501548,0.920265780730897,0.944356120826709,0.0581761006289308,0.0031496062992126,0.980738362760835,0.857594936708861,0,0,0.283891547049442,0.00159235668789809,1,0.253105590062112,0.879173290937997,0.7359375,0.987596899224806,0.428343949044586,0.429237947122862,0.28343949044586,0.91866028708134,0.9696,0.871473354231975,0,0.867507886435331,0.160975609756098,0.94524959742351,0,0.0594679186228482,0.528391167192429,0.973270440251572,0.978328173374613,0.826923076923077,0.998422712933754,0.884493670886076,0,0.0602218700475436,0.656298600311042,0.995145631067961,0,0.992199687987519,0.978328173374613,0.538950715421304,0.545886075949367,0.987480438184664,1,0.349282296650718,0,0.885093167701863,0.523274478330658,0.9688013136289,0,0.95625,0.998405103668262,1,0.948717948717949,0.545031055900621,0.0016,0.967897271268058,0.525741029641186,0.00309597523219814,0,0.191626409017713,0,0.150159744408946,0.663565891472868,0,0.00471698113207547,0.0094488188976378,0.577287066246057,0.037156704361874,0.987281399046105,0.0112359550561798,0,0,0.206677265500795,1,0.980861244019139,0.897151898734177,0,0.875,0.847723704866562,0.689984101748808,0.602564102564103,0.456418383518225,0.455138662316476,0.0109546165884194,1,0.0833333333333333,0.696369636963696,0.958466453674121,0.009375,0.747217806041335,0.00157232704402516,0.110759493670886,1,1,0.885852090032154,0,0.635792778649921,0.884984025559105,0,0,0.891271056661562,0.9776,0,0.0015625,0.00156739811912226,0.980707395498392,0.882926829268293,0,0,0.371019108280255,0.988817891373802,0.786271450858034,0.381329113924051,0.651828298887122,0.954828660436137,0.00950871632329636,1,1,0.00642054574638844,0.965244865718799,1,0.970540098199673,0.998422712933754,0.184294871794872,0.318952234206472,0.277602523659306,0.975490196078431,0.944262295081967,0.053125,0.257551669316375,0.976228209191759,0.149842271293375,0.303875968992248,0.993630573248408,0.996825396825397,0.965189873417722,0.686178861788618,0.998435054773083,0.240829346092504,0.959375,0.996768982229402,0,0.326153846153846,0.54675118858954,0.0125195618153365,0.0570522979397781,0.00784929356357928,0.912559618441971,0.0172143974960876,0,0,0.22626582278481,0.99194847020934,0.0672,0.983498349834984,0.967948717948718,0.988782051282051,0.276357827476038,0.28125,0.656050955414013,0.453333333333333,0,0.823151125401929,0.0156494522691706,0.0425867507886435,0.183098591549296,1,0.0016025641025641,0,0.335433070866142,0.0110410094637224,0.0223642172523962,0.460567823343849,1,0.272285251215559,1,0.962025316455696,0,0.992458521870287,0,0.998447204968944,0.825396825396825,1,0.0128617363344051,0.973312401883831,0,0.880191693290735,0.699186991869919,0.949447077409163,0.985736925515055,1,0.2848,0.963317384370016,1,0,0.0266875981161695,1,1,0.317034700315457,0.885532591414944,0.965346534653465,0.953051643192488,1,0,0.117647058823529,1,0.0016025641025641,0,0.963258785942492,0.011437908496732,0.036741214057508,1,0.967238689547582,0.00481540930979133,0.610223642172524,0.40224358974359,0.982428115015974,0,0.871589085072231,0.998376623376623,0.36115569823435,0.600946372239748,0.78594249201278,0,0.142394822006472,0.97682119205298,0.998410174880763,0.4256,1,0.969491525423729,0.0290322580645161,0.0016,0.98740157480315,0.993660855784469,0.947535771065183,0.678627145085803,0.00478468899521531,0.864734299516908,0.218649517684887,0.175206611570248,0.00783699059561128,0.612956810631229,0.589825119236884,0.606349206349206,0,0.288778877887789,0.911532385466035,0.635792778649921,0.52099533437014,0.0792682926829268,0,0,1,0.970219435736677,0,0.918789808917197,0.00967741935483871,0,0,0.998402555910543,0,1,0.777080062794348,0.51301684532925,1,0,0,0.995245641838352,0.963414634146341,0.715396578538103,0,0.00327868852459016,0.88006230529595,0.585443037974684,1,0.515055467511886,0.345541401273885,0,0.978227060653188,0,0.954911433172303,0.0836012861736334,0,0.0109375,0.116242038216561,0.476510067114094,0.979591836734694,0,0.951937984496124,0.977987421383648,1,0,0.0734094616639478,0.925,0.00491803278688525,1,1,0.00630914826498423,1,0.286833855799373,0.804140127388535,0.00792393026941363,0.161812297734628,0.962441314553991,0.00966183574879227,0,0.971786833855799,0.00488599348534202,0.6645056726094,0.374800637958533,0,0.109375,0.744262295081967,0.254317111459969,0.975961538461538,0,0.130914826498423,0.450915141430948,0.947286821705426,0.884615384615385,0.960691823899371,0.749596122778675,0,0.979750778816199,0,0.963434022257552,0.383223684210526,0,1,1,1,0.621835443037975,0.984276729559748,0.116613418530351,0.173983739837398,0.943307086614173,0.876386687797147,0,0,0.995169082125604,0.933224755700326,0.0129659643435981,0.982428115015974,0.991974317817014,0.351735015772871,0.923824959481361,0.72275641025641,0.884735202492212,0,0.969648562300319,0.325949367088608,1,1,0,0.631496062992126,0.971061093247588,0,0.692431561996779,0.382165605095541,0.783132530120482,0.679032258064516,0.953198127925117,0.0781010719754977,0.978827361563518,1,0.977777777777778,0.290113452188006,0.097444089456869,0.99198717948718,1,0.00773993808049536,0.772585669781931,0.449685534591195,0.257503949447077,0.758675078864353,1,0.881889763779528,1,0.120556414219474,0,0,0.824561403508772,0.00315955766192733,0,0.264752791068581,0,0.990461049284579,0.915227629513344,0.998402555910543,0.995253164556962,0.0829346092503987,0,0,0,0.152845528455285,0.0842787682333874,0.149443561208267,0,0,1,0.00789889415481832,0.283870967741935,1,0.574367088607595,0.974193548387097,0.643856920684292,0.632148377125193,0,1,0.37620578778135,0.480952380952381,0.923913043478261,0.989180834621329,0.397456279809221,0.0109204368174727,0.957345971563981,0.959375,0,0.972136222910217,0.0142630744849445,0.98841059602649,0.4265625,0,0.00941915227629513,0.508333333333333,0.838969404186795,0,0.127243066884176,0.0108695652173913,0.00165016501650165,0.746543778801843,0.0226904376012966,1,0.318818040435459,0.992076069730586,0,0.378763866877971,0.322528363047002,0.869918699186992,0.0972447325769854,0.004739336492891,0.00313479623824451,0.0387722132471729,0,0.993650793650794,0.0359477124183007,0.978494623655914,0.00477707006369427,1,0,0.513260530421217,0.438003220611916,1,0,0.998432601880878,0,0.398042414355628,0.9875,0,0.641065830721003,0.977346278317152,0.736672051696284,0.952998379254457,0.0354938271604938,0,1,0.270967741935484,0,0.696594427244582,0,0.0172955974842767,1,1,0.993865030674847,0.973312401883831,0.985413290113452,0,0.9765625,0.0217054263565891,0.3328173374613,0.28006329113924,0.993640699523052,0.99198717948718,0.992150706436421,0.993769470404984,0.0565149136577708,0.0125984251968504,0.983606557377049,0.96031746031746,0.709375,0.976415094339623,1,0.971383147853736,0,0,0.977168949771689,0,0.0549450549450549,0,0.954113924050633,0.281758957654723,0.184640522875817,0.113207547169811,0.930645161290323,0,0.0938967136150235,1,1,0.62992125984252,0.404833836858006,0.214177978883861,0.177469135802469,0.636217948717949,0,0.108150470219436,0.536115569823435,0.259259259259259,0.702660406885759,0.0110236220472441,0,0,0.305691056910569,1,0.618066561014263,0.216257668711656,0.617834394904459,0.874804381846635,0.986089644513138,0.963576158940397,0.979133226324238,1,1,0.54416403785489,0.414330218068536,0.998439937597504,0.00606980273141123,0.00610687022900763,0.869009584664537,0.0109375,1,0.968652037617555,0,0.11219512195122,0,0.949367088607595,0,0.976525821596244,1,0.00469483568075117,0.833597464342314,1,0.659127625201939,0.616719242902208,0.87378640776699,0,0,0.925249169435216,0.943683409436834,0.985804416403785,0,0,0,0.23943661971831,0.494417862838915,0,0.445497630331754,0,0.919614147909968,1,0.171521035598705,0.238993710691824,0,0.347133757961783,0.576433121019108,0.867834394904459,0.96141975308642,0.771653543307087,0,0.98705501618123,0.00955414012738853,1,0,0.978494623655914,0.00803858520900321,1,0.0176848874598071,0.00972447325769854,0,0,0.822784810126582,0.924071082390953,0.941732283464567,0.707882534775889,0.0214067278287462,0.00638977635782748,0.82018927444795,0.839258114374034,0,0.0173775671406003,0.969793322734499,0,0.983870967741935,0.954186413902054,0.0635930047694754,0.0451713395638629,0.0015552099533437,1,0.453525641025641,0.0698412698412698,0.0970394736842105,0.111459968602826,0.695581014729951,0.0889235569422777,1,0,0.750809061488673,0.979623824451411,0.00480769230769231,0,0,0,0,1,0.708196721311475,0,0,0.535031847133758,0.957278481012658,0.423913043478261,0.0449612403100775,0.00163934426229508,0.0470016207455429,0.0205371248025276,0,0.0269413629160063,0.0031104199066874,0.00157728706624606,0.00952380952380952,0,0.0521172638436482,0.055205047318612,0.0143540669856459,0.022508038585209,0.00644122383252818,0.0271565495207668,0.0265625,0.0595611285266458,0.0063391442155309,0.0206349206349206,0,0.00318979266347687,0.0439024390243902,0.00793650793650794,0.0218068535825545,0,0.0316455696202532,0.00153374233128834,0.0016025641025641
"387",0.996810207336523,1,0.96594427244582,0.929824561403509,0.982343499197432,1,0.880503144654088,0.968895800933126,1,0,1,0,0.567441860465116,1,0.0500782472613459,0.0046583850931677,0,0.0172955974842767,0.998417721518987,0.986175115207373,0.138413685847589,0.023961661341853,0.989263803680982,0,0.950769230769231,0.247226624405705,0.107255520504732,0.985413290113452,0.46048632218845,0.685185185185185,0,0.68062015503876,0.759554140127389,0.284820031298905,0,1,0.0153139356814701,0.993779160186625,0.257966616084977,0.901840490797546,0.00156494522691706,0.0171339563862928,0.00768049155145929,1,0.773828756058158,0.0204081632653061,0.512461059190031,0,0.457317073170732,0.131172839506173,0,0.992125984251969,0.255023183925811,1,0.871473354231975,0.156451612903226,0,0.973228346456693,0.953051643192488,0.904320987654321,0.297380585516179,0.434984520123839,0,0,0.906793048973144,0.825885978428351,0,0.990491283676704,0,0,0.851622874806801,0.00610687022900763,0.0219435736677116,1,0,0.708206686930091,0.0434782608695652,0.569206842923795,0.897271268057785,0.255737704918033,0,0.700607902735562,0.20398773006135,1,0.11128526645768,0.898176291793313,0.996913580246914,0.96551724137931,0.964831804281346,0.00606980273141123,0.985645933014354,1,0,0,0.973228346456693,0,0.286153846153846,0.979782270606532,0.00770416024653313,0.00940438871473354,0.608150470219436,0,0.289763779527559,1,0.104294478527607,1,0.00634920634920635,0.972179289026275,0,0.00943396226415094,0.00763358778625954,0.893650793650794,0.326625386996904,0.992236024844721,0,0.984301412872841,0.71183800623053,0,0,0.224683544303797,0,0.767550702028081,0.245775729646697,0.0790322580645161,0.968102073365231,0.141304347826087,0.996918335901387,0.996870109546166,0,0.531782945736434,0.93125,0.507836990595611,0.989079563182527,0,0.9967585089141,0.0200617283950617,0,0.200315457413249,0.622820919175911,0.497576736672052,0,0,0.974803149606299,0.75625,0.153970826580227,1,0.00618238021638331,0.93343653250774,0.403508771929825,0.975794251134644,0.132165605095541,0.985826771653543,1,0.838050314465409,0.995305164319249,0,1,0,0,0.729166666666667,0.870570107858243,0.984496124031008,0.0183206106870229,0,1,0.431089743589744,1,1,1,0.289230769230769,0.97360248447205,0.00157728706624606,0.952086553323029,0,0.898573692551506,0.356697819314642,0,0.979719188767551,0,0.849056603773585,1,0.123028391167192,0.98116169544741,0.94556765163297,0.990909090909091,0.976887519260401,0.0944272445820433,0.364329268292683,0.918789808917197,0.93517017828201,0.0497667185069984,0.00460122699386503,0.978964401294498,0.845911949685535,0,0,0.28594249201278,0.00155038759689922,1,0.25462962962963,0.869218500797448,0.755417956656347,0.987767584097859,0.4234375,0.449922958397535,0.276190476190476,0.921135646687697,0.97007874015748,0.872699386503067,0,0.876947040498442,0.168539325842697,0.943127962085308,0,0.0615384615384615,0.532915360501567,0.973684210526316,0.977099236641221,0.831230283911672,0.998444790046656,0.903276131045242,0,0.0688575899843505,0.653374233128834,0.995215311004785,0,0.990783410138249,0.98036253776435,0.54375,0.53953488372093,0.988906497622821,1,0.349529780564263,0,0.877862595419847,0.5171875,0.967793880837359,0,0.957055214723926,0.998410174880763,1,0.9515625,0.532208588957055,0,0.965408805031447,0.536697247706422,0.00453172205438067,0.0015220700152207,0.200626959247649,0,0.1424,0.679506933744222,0,0.00460829493087558,0.00947867298578199,0.58599695585997,0.0415335463258786,0.981132075471698,0.00635930047694754,0,0,0.217115689381933,1,0.981220657276995,0.892744479495268,0,0.871224165341812,0.852941176470588,0.682242990654206,0.599078341013825,0.450949367088608,0.470304975922953,0.0062111801242236,1,0.0916149068322981,0.694942903752039,0.957878315132605,0.0123647604327666,0.746835443037975,0.0015552099533437,0.125195618153365,1,1,0.878548895899054,0,0.646511627906977,0.870866141732283,0,0,0.879815100154083,0.974803149606299,0,0.00155038759689922,0,0.979397781299525,0.879421221864952,0,0,0.370253164556962,0.988958990536278,0.790446841294299,0.382126348228043,0.649921507064364,0.961360123647604,0.00933125972006221,1,1,0.00623052959501558,0.965463108320251,1,0.976152623211447,0.996884735202492,0.179968701095462,0.304747320061256,0.272161741835148,0.973143759873618,0.946945337620579,0.0451713395638629,0.259433962264151,0.968798751950078,0.150769230769231,0.306766917293233,0.995348837209302,0.996850393700787,0.965732087227414,0.689763779527559,0.998475609756098,0.244929797191888,0.961119751166407,0.998397435897436,0,0.310452418096724,0.537242472266244,0.0154798761609907,0.0496124031007752,0.0076103500761035,0.918238993710692,0.0186915887850467,0,0,0.220839813374806,0.992025518341308,0.071097372488408,0.98371335504886,0.964451313755796,0.985826771653543,0.27742946708464,0.276872964169381,0.673469387755102,0.452768729641694,0,0.826771653543307,0.00910470409711684,0.0380517503805175,0.202492211838006,1,0.00154320987654321,0,0.317262830482115,0.00914634146341463,0.0191387559808612,0.469578783151326,1,0.262738853503185,1,0.968798751950078,0,0.991150442477876,0,0.998463901689708,0.838212634822804,1,0.0109546165884194,0.980030721966206,0,0.88125,0.699842022116904,0.944615384615385,0.984591679506934,0.998439937597504,0.285046728971963,0.966929133858268,1,0,0.0263565891472868,1,1,0.313271604938272,0.87962962962963,0.966183574879227,0.951638065522621,1,0,0.103392568659128,1,0,0,0.965571205007825,0.00794912559618442,0.0440251572327044,1,0.964285714285714,0.00316957210776545,0.617784711388456,0.410742496050553,0.982456140350877,0.00158730158730159,0.883942766295707,0.996815286624204,0.376971608832808,0.602167182662539,0.778309409888357,0,0.158805031446541,0.971291866028708,0.998439937597504,0.4421875,1,0.968852459016393,0.0282131661442006,0.0015552099533437,0.984496124031008,0.9953125,0.947122861586314,0.672333848531685,0.00316455696202532,0.866877971473851,0.241433021806854,0.173267326732673,0.00612557427258806,0.616613418530351,0.60377358490566,0.606531881804043,0,0.282091917591125,0.916271721958926,0.639876352395672,0.5,0.0791788856304985,0,0,1,0.977477477477477,0,0.921752738654147,0.00637958532695375,0,0,0.998415213946117,0,1,0.782208588957055,0.510670731707317,1,0,0,0.992248062015504,0.966309341500766,0.71889400921659,0,0.00319488817891374,0.865443425076453,0.585139318885449,1,0.525157232704403,0.333853354134165,0,0.9859375,0,0.949206349206349,0.0923566878980892,0,0.00906344410876133,0.116613418530351,0.481907894736842,0.972434915773354,0,0.947692307692308,0.972307692307692,1,0,0.0708661417322835,0.932998324958124,0.00161812297734628,1,1,0.00927357032457496,1,0.290824261275272,0.805031446540881,0.00938967136150235,0.164536741214058,0.958990536277603,0.00632911392405063,0,0.970679012345679,0.00792393026941363,0.656645569620253,0.392405063291139,0,0.102167182662539,0.736757624398074,0.25,0.976708074534162,0,0.159021406727829,0.466129032258065,0.943939393939394,0.887022900763359,0.963549920760697,0.752773375594295,0,0.98310291858679,0,0.971875,0.381558028616852,0,1,1,1,0.625776397515528,0.982919254658385,0.129283489096573,0.181674565560821,0.946708463949843,0.871165644171779,0,0,0.988906497622821,0.931528662420382,0.0173775671406003,0.982785602503912,0.990712074303406,0.357910906298003,0.931854199683043,0.727272727272727,0.870170015455951,0,0.965023847376789,0.325949367088608,1,0.998459167950693,0,0.634069400630915,0.972972972972973,0,0.680314960629921,0.376524390243902,0.807462686567164,0.681089743589744,0.959090909090909,0.0853658536585366,0.980738362760835,1,0.979938271604938,0.286624203821656,0.0928792569659443,0.990683229813665,1,0.00462249614791988,0.775229357798165,0.45468509984639,0.252730109204368,0.765527950310559,1,0.892690513219285,1,0.124423963133641,0,0,0.817757009345794,0.00157232704402516,0,0.266561514195584,0,0.988993710691824,0.909230769230769,0.998430141287284,0.993855606758833,0.0851735015772871,0,0,0,0.163751987281399,0.0766823161189358,0.161392405063291,0,0,1,0.0108024691358025,0.28503937007874,1,0.578294573643411,0.969793322734499,0.639191290824261,0.621987951807229,0,1,0.388976377952756,0.481832543443918,0.918586789554531,0.986024844720497,0.385448916408669,0.0061633281972265,0.944444444444444,0.949924127465857,0,0.965151515151515,0.0154083204930663,0.982343499197432,0.444099378881988,0,0.00625,0.507340946166395,0.834670947030498,0,0.124804992199688,0.00934579439252336,0.0016,0.759342301943199,0.0222222222222222,1,0.317557251908397,0.992389649923896,0,0.374807987711214,0.329093799682035,0.866454689984102,0.0995184590690209,0.0015600624024961,0.00307692307692308,0.0392464678178964,0,0.995468277945619,0.0410094637223975,0.975794251134644,0.00317460317460317,1,0,0.513846153846154,0.46551724137931,1,0,1,0,0.384126984126984,0.987654320987654,0,0.650231124807396,0.977777777777778,0.739268680445151,0.94556765163297,0.0358814352574103,0,1,0.256778309409888,0,0.680124223602484,0,0.0185185185185185,1,1,0.989296636085627,0.970172684458399,0.9765625,0,0.975193798449612,0.0168970814132104,0.340062111801242,0.277777777777778,0.992354740061162,0.992223950233281,0.992236024844721,0.990551181102362,0.0609375,0.0158982511923688,0.982084690553746,0.964341085271318,0.720183486238532,0.979623824451411,1,0.972093023255814,0,0,0.98036253776435,0,0.0641221374045802,0,0.959938366718028,0.270664505672609,0.20859872611465,0.116564417177914,0.925632911392405,0,0.105180533751962,1,1,0.631578947368421,0.403348554033486,0.193740685543964,0.170506912442396,0.638977635782748,0,0.117465224111283,0.540031397174254,0.261538461538462,0.709090909090909,0.00928792569659443,0,0,0.318037974683544,1,0.619847328244275,0.227544910179641,0.626934984520124,0.879256965944272,0.987878787878788,0.951377633711507,0.977777777777778,1,0.998425196850394,0.536891679748823,0.4078125,1,0.00451807228915663,0.00904977375565611,0.870967741935484,0.00773993808049536,1,0.973966309341501,0,0.11038961038961,0,0.946624803767661,0,0.970814132104455,1,0.00768049155145929,0.8375,1,0.653481012658228,0.627118644067797,0.862284820031299,0,0,0.931707317073171,0.94311377245509,0.986217457886677,0,0,0,0.232522796352584,0.509230769230769,0,0.444444444444444,0,0.915227629513344,1,0.15311004784689,0.229357798165138,0,0.347003154574132,0.587774294670846,0.860719874804382,0.961538461538462,0.777602523659306,0,0.987138263665595,0.0156739811912226,1,0,0.978625954198473,0.00627943485086342,1,0.0203761755485893,0.0110759493670886,0,0,0.819595645412131,0.9344,0.928353658536585,0.711656441717791,0.0273972602739726,0.0062992125984252,0.826153846153846,0.839150227617602,0,0.0157728706624606,0.968701095461659,0,0.984350547730829,0.956589147286822,0.0653188180404355,0.035548686244204,0.00315955766192733,1,0.453396524486572,0.0761904761904762,0.0943089430894309,0.110942249240122,0.686119873817035,0.098159509202454,1,0,0.75705329153605,0.983180428134557,0.00476947535771065,0,0,0,0,1,0.717252396166134,0,0,0.530351437699681,0.953748006379585,0.431464174454829,0.044478527607362,0.0016025641025641,0.0477707006369427,0.0172143974960876,0,0.0265210608424337,0.0045662100456621,0.00158227848101266,0.00933125972006221,0,0.0455974842767296,0.0506912442396313,0.013953488372093,0.0200617283950617,0.00483091787439614,0.0261538461538462,0.0247295208655332,0.0565149136577708,0.004739336492891,0.0233644859813084,0,0.00157232704402516,0.0380348652931854,0.0062402496099844,0.0256410256410256,0,0.0326594090202177,0.00148809523809524,0.00156985871271586
"388",0.3248,0.31937984496124,0.353846153846154,0.373417721518987,0.338118022328549,0.328025477707006,0.395931142410016,0.340625,0.334876543209877,0,0.317757009345794,0,0.601550387596899,0.31687898089172,0.696594427244582,0.68167701863354,0,0.00156985871271586,0.328025477707006,0.334890965732087,0.674418604651163,0.679365079365079,0.338931297709924,0,0.357585139318885,0.661927330173776,0.689167974882261,0.319354838709677,0.617151607963247,0.573872472783826,0.684931506849315,0.593114241001565,0.485179407176287,0.624413145539906,0,0.323390894819466,0.0121951219512195,0.320987654320988,0.720720720720721,0.35474006116208,0,0,0,0.307210031347962,0.487883683360259,0.713166144200627,0.613312202852615,0.663551401869159,0.706870229007634,0.678353658536585,0,0.329635499207607,0.655226209048362,0.318681318681319,0.4,0.852848101265823,0,0.347266881028939,0.353395061728395,0.422187981510015,0.645705521472393,0.614307931570762,0.6953125,0,0.380348652931854,0.430793157076205,0,0.34012539184953,0,0.665615141955836,0.406153846153846,0.68266253869969,0.694704049844237,0.32572298325723,0,0.532012195121951,0.69922480620155,0.587326120556414,0.425837320574163,1,0,0.534562211981567,0.685015290519878,0.309230769230769,0.679012345679012,0.409509202453988,0.31733746130031,0.347826086956522,0.346153846153846,0,0.325396825396825,0.324615384615385,0,0,0.344605475040258,0,0.641975308641975,0.341013824884793,0,0,0.552922590837283,0,0.701892744479495,0.323671497584541,0.680365296803653,0.32695374800638,0,0.338582677165354,0.672386895475819,0.703076923076923,0.685670261941448,0.380573248407643,0.869362363919129,0.329192546583851,0,0.345622119815668,0.525993883792049,0,0.687789799072643,0.715625,0,0.510140405616225,0.666139240506329,0.705790297339593,0.343167701863354,0.672868217054264,0.317557251908397,0.326594090202177,0,0.585516178736518,0.391304347826087,0.585209003215434,0.32755905511811,0,0.304761904761905,0.689814814814815,0,0.676470588235294,0.562401263823065,0.589456869009585,0,0,0.341653666146646,0.494505494505495,0.660828025477707,0.31875,0.657232704402516,0.387755102040816,0.891167192429022,0.342507645259939,0.698717948717949,0.336448598130841,0.303514376996805,0.446676970633694,0.3328173374613,0.658267716535433,0.313178294573643,0.674528301886792,0,0.498427672955975,0.414746543778802,0.338557993730408,0.68558282208589,0,0.319083969465649,0.634028892455859,0.304,0.31055900621118,0.309341500765697,0.626139817629179,0.343307086614173,0.671826625386997,0.372699386503067,0.680428134556575,0.414173228346457,0.656877897990726,0,0.327586206896552,0,0.435658914728682,0.327692307692308,0.686520376175549,0.338931297709924,0.375193798449612,0.321321321321321,0.328220858895706,0.797235023041475,0.869631901840491,0.405103668261563,0.368503937007874,0.686427457098284,0.680685358255452,0.338557993730408,0.431496062992126,0,0,0.670347003154574,0,0.318042813455657,0.875576036866359,0.411302982731554,0.492211838006231,0.324812030075188,0.613418530351438,0.595975232198142,0.688291139240506,0.400928792569659,0.341121495327103,0.431007751937985,0,0.385560675883257,0.696920583468395,0.378930817610063,0.685758513931889,0.678300455235205,0.571875,0.336990595611285,0.329249617151608,0.466141732283465,0.31937984496124,0.425897035881435,0,0.665629860031104,0.523006134969325,0.320574162679426,0,0.315217391304348,0.333333333333333,0.570754716981132,0.712286158631415,0.322222222222222,0.31687898089172,0.6328125,0,0.394495412844037,0.753554502369668,0.341384863123994,0.691358024691358,0.362654320987654,0.317111459968603,0.316846986089645,0.346938775510204,0.713414634146341,0.694227769110764,0.34789391575663,0.592024539877301,0.671709531013616,0.68018018018018,0.674603174603175,0.678683385579937,0.69551282051282,0.512012012012012,0.67601246105919,0.682588597842835,0.675883256528418,0.577572964669739,0.67515923566879,0.344339622641509,0,0.659409020217729,0,0.673566878980892,0.333863275039746,0.334384858044164,0.394366197183099,0,0.432956381260097,0.38863287250384,0.555729984301413,0.695987654320988,0.662015503875969,0.575516693163752,0,0.32182103610675,0.70077519379845,0.588141025641026,0.350237717908082,0.672386895475819,0.514866979655712,0.691950464396285,0.730650154798762,0.323664122137405,0.330081300813008,0.3984375,0,0.563076923076923,0.388625592417062,0,0.659937888198758,0.395770392749245,0.351648351648352,0,0.675883256528418,0.672333848531685,0.368167202572347,0.436102236421725,0.696141479099678,0,0.626356589147287,0.335443037974684,0.487654320987654,0.882534775888717,0.566246056782334,0.35548686244204,0.676970633693972,0.315548780487805,0.318252730109204,0.679365079365079,0.345146379044684,0.325115562403698,0.3536,0.316614420062696,0.754303599374022,0.646153846153846,0.681470137825421,0.333863275039746,0.357945425361156,0.015625,0.726984126984127,0.356807511737089,0.698289269051322,0.737082066869301,0.334883720930233,0.328149300155521,0.340659340659341,0.514376996805112,0.300153139356815,0.701277955271565,0.355590062111801,0.3078125,0,0.641860465116279,0.560747663551402,0.695517774343122,0.0136157337367625,0.672782874617737,0.407692307692308,0.681747269890796,0.685126582278481,0,0.735614307931571,0.342229199372057,0.674528301886792,0.35048231511254,0.354788069073783,0.32398753894081,0.659744408945687,0.658105939004815,0.540372670807453,0.813614262560778,0,0.462382445141066,0.682779456193353,0.698924731182796,0.707241910631741,0.321316614420063,0.689335394126739,0,0.654263565891473,0.671802773497689,0.688,0.596899224806202,0.315132605304212,0.947535771065183,0.311183144246353,0.332278481012658,0,0.328908554572271,0.672256097560976,0.319508448540707,0.460708782742681,0.330188679245283,0.665130568356375,0.347352024922118,0.66510172143975,0.380877742946708,0.5552,0.356707317073171,0.344186046511628,0.320872274143302,0.678516228748068,0.349529780564263,0.313455657492355,0.692660550458716,0.684458398744113,0.317034700315457,0.313271604938272,1,0.361240310077519,0.342105263157895,0.373456790123457,0.332822085889571,0,0.7508038585209,0.326120556414219,0.67244094488189,0,0.3515625,0,0.713831478537361,0.308510638297872,0.366771159874608,0,0.536277602523659,0.632911392405063,0.348031496062992,0.680445151033386,0.44794952681388,0.313385826771654,0.638095238095238,0.570107858243451,0.49607535321821,0,0.691222570532915,0.338118022328549,0.323390894819466,0.641860465116279,0.313364055299539,0.345901639344262,0.695652173913043,0.00153609831029186,0.316436251920123,0.309006211180124,0.3515625,0.521604938271605,0.682242990654206,0.427672955974843,0.697063369397218,0.637873754152824,0,0.564465408805031,0.531446540880503,0.588785046728972,0,0.88,0.389751552795031,0.548837209302326,0.842507645259939,0.726865671641791,0,0,0.309063893016345,0.347626339969372,0,0.370542635658915,0,0,0,0.327014218009479,0,0.3264,0.472222222222222,0.588957055214724,0.310030395136778,0,0,0.326498422712934,0.363496932515337,0.53343701399689,0.688449848024316,0,0.403614457831325,0.588325652841782,0.325581395348837,0.621913580246914,0.858914728682171,0,0.337423312883436,0.666666666666667,0.368839427662957,0.752755905511811,0,0.66969696969697,0.667194928684628,0.593192868719611,0.339563862928349,0,0.373292867981791,0.333333333333333,0.306376360808709,0,0.759873617693523,0.348914858096828,0.694444444444444,0.307332293291732,0.315068493150685,0.675507020280811,0.308049535603715,0.677966101694915,0.479938271604938,0.680124223602484,0.682034976152623,0.356589147286822,0,0.668217054263566,0.344135802469136,0.697115384615385,0.581210191082803,0.603149606299213,0,0.684458398744113,0.495253164556962,0.666149068322981,0.35303265940902,0.67601246105919,0.73353751914242,0.599348534201954,0.376327769347496,0.419601837672282,0.354788069073783,0.5136,0,0.337899543378995,0.675226586102719,0.330203442879499,0.63884430176565,0.678247734138973,0.316590563165906,0.333863275039746,0.304416403785489,0.552262090483619,0.341049382716049,0.699367088607595,0.681388012618297,0.364906832298137,0.408450704225352,0,0,0.32120253164557,0.377207062600321,0.676236044657097,0.343799058084772,0.329754601226994,0.650546021840874,0.392405063291139,0.484276729559748,0.38863287250384,0,0.329652996845426,0.63452566096423,0.3234375,0.322274881516588,0,0.533227848101266,0.35062893081761,0.679748822605965,0.545166402535658,0.863636363636364,0.436555891238671,0.575709779179811,0.360182370820669,0.663141993957704,0.338632750397456,0.329721362229102,0.330721003134796,0.647619047619048,0.65210608424337,0.328125,0.325688073394495,0,0.464506172839506,0.614906832298137,0.939252336448598,0.505392912172573,0.339622641509434,0.41185647425897,0.327102803738318,0.122511485451761,0.658105939004815,0,0.463223787167449,0.680314960629921,0.684615384615385,0.965891472868217,0,0.321928460342146,0.384615384615385,0.324031007751938,0.322085889570552,0.693290734824281,0.689167974882261,0,0,0.690208667736758,0.690851735015773,0.768740031897927,0,0.677067082683307,0.321483771251932,0.308641975308642,0.651828298887122,0.315047021943574,0.552099533437014,0.340189873417722,0.601550387596899,0.551145038167939,0,0.324283559577677,0.630503144654088,0.615262321144674,0.386503067484663,0.329738058551618,0.641975308641975,0.0015600624024961,0.363919129082426,0.362385321100917,0,0.370820668693009,0.673469387755102,0.325878594249201,0.588785046728972,0,0,0.61576354679803,0.4578125,0.690513219284603,0.820754716981132,0,0,0.525190839694657,0.670846394984326,0.304418985270049,0.885145482388974,0.315950920245399,0.683076923076923,0.604037267080745,0.66025641025641,0.436305732484076,0.65,0.677914110429448,0,0.68621236133122,0,0.321592649310873,0.559157212317666,0.341389728096677,0.681388012618297,0.332258064516129,0,0.61280487804878,0.599688473520249,0.313479623824451,0,0.308510638297872,0,0.834130781499203,0.325077399380805,0,0.546875,0.321711568938193,0.5,0.367670364500792,0.709923664122137,0,0.32348367029549,0.87220447284345,0,0.574303405572755,0.683109118086697,0.68895800933126,0.339116719242902,0.315372424722662,0.337404580152672,0.339009287925697,0.343799058084772,0,0.334375,0.00307219662058372,0.631498470948012,0.954898911353033,0.328682170542636,0.32182103610675,0.326687116564417,0.314984709480122,0.0342679127725857,0.694573643410853,0.330645161290323,0.352484472049689,0.506134969325153,0.328767123287671,0.316923076923077,0.347286821705426,0,0,0.324734446130501,0,0.668721109399075,0.00157232704402516,0.345425867507886,0.925984251968504,0.703525641025641,0.683076923076923,0.387301587301587,0.00156985871271586,0.737327188940092,0.306625577812018,0.326625386996904,0.577399380804954,0.648484848484848,0.679525222551929,0.88109756097561,0.549763033175355,0.682737169517885,0.680061823802164,0.609105180533752,0.715625,0.509230769230769,0.660990712074303,0,0.659409020217729,0.620578778135048,0.309677419354839,0.501543209876543,0.681887366818874,0.553654743390358,0.434915773353752,0.309559939301973,0.363492063492063,0.332278481012658,0.314606741573034,0.315789473684211,0.834108527131783,0.804281345565749,0.31924882629108,0.687311178247734,0.68030303030303,0.441497659906396,0,0.332312404287902,0.328220858895706,0,0.661927330173776,0,0.364485981308411,0,0.338983050847458,0.330246913580247,0.671212121212121,0.471875,0.320493066255778,0.537854889589905,0.530959752321981,0.401574803149606,0,0,0.370731707317073,0.370314842578711,0.334355828220859,0,0,0.669291338582677,0.731297709923664,0.570542635658915,0,0.86687306501548,0,0.406645569620253,0.318037974683544,0.639553429027113,0.678955453149002,0,0.8224,0.585023400936037,0.373065015479876,0.349157733537519,0.476923076923077,0.690251572327044,0.337559429477021,0.0657276995305164,0.30016051364366,0,0.330769230769231,0,0.330143540669856,0.699530516431925,0.432646592709984,0,0,0.46749226006192,0.376811594202899,0.35981308411215,0.495384615384615,0.690076335877863,0.675548589341693,0.419106317411402,0.447289156626506,0,0.715179968701095,0.346394984326019,0,0.329581993569132,0.360429447852761,0.707241910631741,0.0107858243451464,0.6671826625387,0.311526479750779,0.813099041533546,0.672897196261682,0.7008,0.811526479750779,0.535657686212361,0.670713201820941,0.329153605015674,0,0.471875,0.342024539877301,0,0,0.6797583081571,0,0.684129429892142,0.32182103610675,0.489731437598736,0.662939297124601,0.6796875,0.57484076433121,0.358044164037855,0.61609907120743,0.0121765601217656,0.671361502347418,0.0549450549450549,0.0138248847926267,0,0.589171974522293,0.656108597285068,0.673566878980892,0.67530487804878,0.687878787878788,0.0112179487179487,0.01875,0.682170542635659,0.00934579439252336,0.00317460317460317,0.0294573643410853,0.0137404580152672,0.0122887864823349,0.685758513931889,0.0171875,0.683360258481422,0.675590551181102,0.0156494522691706,0.691222570532915,0.0476190476190476,0.675925925925926,0.635093167701863,0.673716012084592,0.6828125
"389",0.876755070202808,0.8828125,0.857361963190184,0.850891410048622,0.8736,0.880763116057234,0.82120253164557,0.868878357030016,0.880434782608696,0,0.886435331230284,0,0.574303405572755,0.87758346581876,0.160990712074303,0.124423963133641,0,0.0173228346456693,0.881219903691814,0.877329192546584,0.262751159196291,0.146964856230032,0.879256965944272,0,0.857361963190184,0.31974921630094,0.20820189274448,0.8704,0.571209800918836,0.672839506172839,0.118361153262519,0.672897196261682,0.7734375,0.360983102918587,0,0.8798751950078,0.0153139356814701,0.877086494688923,0.337837837837838,1,0.00156739811912226,0.0168970814132104,0.0078003120124805,0.880248833592535,0.730081300813008,0.139240506329114,0.534591194968553,0.115506329113924,0.532110091743119,0.246246246246246,0,0.886115444617785,0.355828220858896,0.884012539184953,0.811320754716981,0.253543307086614,0,0.884244372990354,0.860681114551084,0.836923076923077,0.354391371340524,0.533742331288344,0.118483412322275,0,0.879173290937997,0.855606758832565,0,0.876755070202808,0,0.113564668769716,0.779661016949153,0.12111801242236,0.133333333333333,0.9,0,0.72768532526475,0.161585365853659,0.644615384615385,0.819488817891374,0.333878887070376,0,0.680851063829787,0.28657616892911,0.884437596302003,0.224458204334365,0.836140888208269,0.878048780487805,0.862654320987654,0.853881278538813,0.0122324159021407,0.872611464968153,0.878086419753086,0,0,0.87519747235387,0,0.37245696400626,0.870967741935484,0.00927357032457496,0.0110410094637224,0.621495327102804,0,0.357030015797788,0.878930817610063,0.219033232628399,0.882825040128411,0.0109375,0.874213836477987,0.119496855345912,0.117647058823529,0.120556414219474,0.830218068535826,0.402190923317684,0.884555382215289,0,0.875389408099688,0.676470588235294,0,0.122324159021407,0.32967032967033,0,0.772370486656201,0.342592592592593,0.19175911251981,0.862928348909657,0.25194401244168,0.884615384615385,0.883359253499222,0,0.58,0.8375,0.605633802816901,0.873397435897436,0,0.875796178343949,0.128637059724349,0,0.317535545023697,0.611635220125786,0.552547770700637,0,0,0.864197530864197,0.785714285714286,0.270569620253165,0.881889763779528,0.12326656394453,0.838509316770186,0.443561208267091,0.871165644171779,0.247603833865815,0.870716510903427,0.875598086124402,0.773993808049536,0.868131868131868,0.117460317460317,0.879256965944272,0.118935837245696,0,0.802816901408451,0.795069337442219,0.891304347826087,0.120795107033639,0,0.881720430107527,0.4832,0.882825040128411,0.890282131661442,0.874425727411945,0.359877488514548,0.863636363636364,0.129485179407176,0.855203619909502,0.11890243902439,0.814173228346457,0.41112828438949,0,0.879443585780526,0,0.806800618238022,0.879443585780526,0.222047244094488,0.875195007800312,0.860248447204969,0.883928571428571,0.903522205206738,0.206153846153846,0.43161094224924,0.835443037974684,0.854430379746835,0.172413793103448,0.113981762917933,0.868670886075949,0.796296296296296,0,0,0.379968203497615,0.00157728706624606,0.887864823348694,0.328746177370031,0.814696485623003,0.738794435857805,0.865853658536585,0.485086342229199,0.562883435582822,0.392744479495268,0.818181818181818,0.861635220125786,0.811638591117917,0,0.829984544049459,0.276083467094703,0.833860759493671,0.126168224299065,0.169724770642202,0.57032457496136,0.883792048929664,0.867175572519084,0.786271450858034,0.886503067484663,0.856025039123631,0,0.180704441041348,0.73780487804878,0.880573248407643,0,0.870967741935484,0.875562218890555,0.565217391304348,0.5578125,0.891849529780564,0.89375,0.431221020092736,0,0.823439878234399,0.53125,0.861244019138756,0.108695652173913,0.858662613981763,0.874608150470219,0.87962962962963,0.872037914691943,0.549382716049383,0.115625,0.857364341085271,0.558823529411765,0.115853658536585,0.115501519756839,0.248037676609105,0.115141955835962,0.2464,0.657450076804916,0.120184899845917,0.111627906976744,0.125193199381762,0.593607305936073,0.14756671899529,0.875776397515528,0.0126984126984127,0.116169544740973,0,0.319620253164557,0.892063492063492,0.868217054263566,0.823802163833076,0,0.804451510333863,0.875757575757576,0.659375,0.588597842835131,0.473186119873817,0.591482649842271,0.0125195618153365,0.881516587677725,0.203703703703704,0.673701298701299,0.861370716510903,0.126348228043143,0.727975270479134,0.121069182389937,0.222395023328149,0.879939209726444,0.884430176565008,0.81658692185008,0,0.649390243902439,0.809076682316119,0,0.110769230769231,0.814759036144578,0.861801242236025,0,0.126365054602184,0.116030534351145,0.874003189792663,0.819182389937107,0.117363344051447,0,0.45226917057903,0.889937106918239,0.764525993883792,0.437694704049844,0.653481012658228,0.84984520123839,0.125776397515528,0.892141756548536,0.877551020408163,0.128526645768025,0.865740740740741,0.8734375,0.898412698412698,0.885802469135803,0.28,0.389830508474576,0.377300613496933,0.872813990461049,0.834920634920635,0.0419254658385093,0.373228346456693,0.864353312302839,0.2515625,0.400914634146341,0.87789799072643,0.882716049382716,0.867078825347759,0.746835443037975,0.890577507598784,0.353218210361067,0.860643185298622,0.881141045958796,0,0.402140672782875,0.569640062597809,0.126959247648903,0.0495356037151703,0.121165644171779,0.821538461538462,0.137404580152672,0.1171875,0,0.314728682170543,0.883647798742138,0.185243328100471,0.882067851373183,0.867601246105919,0.880248833592535,0.390894819466248,0.386942675159236,0.718068535825545,0.476422764227642,0,0.799058084772371,0.129179331306991,0.155487804878049,0.285276073619632,0.882825040128411,0.126168224299065,0,0.408668730650155,0.126153846153846,0.143525741029641,0.5,0.8734375,0.338050314465409,0.88562091503268,0.89375,0,0.880530973451327,0.114551083591331,0.874809160305344,0.807453416149068,0.893890675241158,0.126168224299065,0.897865853658537,0.113029827315542,1,0.689873417721519,0.894171779141104,0.88135593220339,0.87906976744186,0.390092879256966,0.866043613707165,0.883333333333333,0.121212121212121,0.132283464566929,0.885532591414944,0.87962962962963,0.361240310077519,1,0.862459546925566,0.8671875,0.876543209876543,0,0.200315457413249,0.886996904024768,0.125588697017268,0,0.866771159874608,0.0109034267912773,0.145539906103286,0.883076923076923,0.867807153965785,0.00474683544303797,0.615625,0.456386292834891,0.876996805111821,0.119047619047619,0.796208530805687,0.883942766295707,0.487460815047022,0.62095531587057,0.738170347003155,0,0.260802469135802,0.866043613707165,0.881804043545879,0.479750778816199,0.890769230769231,0.870431893687708,0.1546875,0.00156739811912226,0.87402799377916,0.890795631825273,0.854037267080745,0.725190839694656,0.124213836477987,0.793103448275862,0.304281345565749,0.263071895424837,0.0078125,0.691943127962085,0.615141955835962,0.612307692307692,0,0.364500792393027,0.834375,0.695046439628483,0.535168195718654,0.177877428998505,0,0,0.881024096385542,0.902290076335878,0,0.837753510140406,0.0125,0,0,0.883280757097792,0,0.886363636363636,0.735703245749614,0.551829268292683,0.881024096385542,0,0,0.877519379844961,0.879939209726444,0.74885145482389,0.113671274961598,0.00322061191626409,0.805855161787365,0.613846153846154,0.885093167701863,0.547112462006079,0.397435897435897,0,0.857142857142857,0.12379421221865,0.858044164037855,0.191387559808612,0,0.116666666666667,0.245253164556962,0.517741935483871,0.860681114551084,0,0.851963746223565,0.865443425076453,0.874051593323217,0,0.184419713831479,0.866449511400652,0.101973684210526,0.879389312977099,0.881278538812785,0.131455399061033,0.87888198757764,0.391705069124424,0.756211180124224,0.128526645768025,0.263910969793323,0.868462757527734,0.0110236220472441,0.123052959501558,0.865030674846626,0.127186009538951,0.697452229299363,0.406299212598425,0,0.216923076923077,0.695859872611465,0.362519201228879,0.867601246105919,0.116640746500778,0.238601823708207,0.59771986970684,0.841149773071104,0.805766312594841,0.853125,0.763116057233704,0,0.875576036866359,0.120060790273556,0.894080996884735,0.456730769230769,0.116207951070336,0.889570552147239,0.891679748822606,0.876582278481013,0.62,0.878086419753086,0.23015873015873,0.28343949044586,0.837423312883436,0.798771121351767,0,0,0.873015873015873,0.844690966719493,0.123595505617978,0.876755070202808,0.875776397515528,0.439814814814815,0.84458398744113,0.705329153605016,0.805471124620061,0,0.864992150706436,0.407936507936508,0.893249607535322,0.872274143302181,0,0.735433070866142,0.869496855345912,0.121495327102804,0.697933227344992,0.412772585669782,0.80952380952381,0.675039246467818,0.86322188449848,0.188650306748466,0.874403815580286,0.878274268104777,0.877708978328173,0.380258899676375,0.18266253869969,0.877138413685848,0.881996974281392,0.00768049155145929,0.801232665639445,0.496147919876733,0.317901234567901,0.729938271604938,0.881977671451356,0.807570977917981,0.881538461538461,0.133956386292835,0.121359223300971,0,0.7796875,0.1125,0.113029827315542,0.346333853354134,0,0.876582278481013,0.831546707503829,0.884012539184953,0.88135593220339,0.191063174114022,0.109717868338558,0,0,0.271428571428571,0.182103610675039,0.251980982567353,0,0.122727272727273,0.875,0.0476923076923077,0.384976525821596,0.879936808846761,0.593167701863354,0.884858044164038,0.658423493044822,0.631498470948012,0,0.878518518518518,0.446875,0.552590266875981,0.829305135951662,0.873282442748092,0.452566096423017,0.0108359133126935,0.844961240310077,0.855623100303951,0,0.864457831325301,0.134585289514867,0.883870967741936,0.567441860465116,0,0.0109204368174727,0.555737704918033,0.786271450858034,0.116459627329193,0.209856915739269,0.0140405616224649,0.0015748031496063,0.698956780923994,0.129485179407176,0.879934210526316,0.392638036809816,0.879256965944272,0.113846153846154,0.431164901664145,0.378164556962025,0.788461538461538,0.20096463022508,0.11791730474732,0.00314465408805031,0.150159744408946,0,0.874425727411945,0.125996810207337,0.867981790591806,0.120443740095087,0.8848,0,0.528963414634146,0.564541213063764,0.884012539184953,0,0.882978723404255,0,0.441412520064205,0.878971255673222,0,0.646153846153846,0.879120879120879,0.709984152139461,0.850079744816587,0.135176651305684,0,0.883830455259027,0.336448598130841,0,0.6609375,0.115789473684211,0.135593220338983,0.87719298245614,0.877551020408163,0.873456790123457,0.866459627329193,0.866454689984102,0,0.898148148148148,0.0230769230769231,0.419452887537994,0.34,0.884322678843227,0.87519747235387,0.872340425531915,0.874809160305344,0.0574534161490683,0.131955484896661,0.874003189792663,0.868098159509202,0.755451713395639,0.862015503875969,0.885271317829457,0.878930817610063,0,0,0.898203592814371,0,0.171993911719939,0,0.864406779661017,0.337060702875399,0.27892234548336,0.222900763358779,0.851735015772871,0,0.196594427244582,0.891472868217054,0.883720930232558,0.64937106918239,0.477544910179641,0.304411764705882,0.263399693721286,0.636792452830189,0.108191653786708,0.230650154798762,0.580093312597201,0.3671875,0.75,0.123052959501558,0,0.11496062992126,0.40625,0.885483870967742,0.616793893129771,0.31437125748503,0.67741935483871,0.807044410413476,0.893778452200303,0.872168284789644,0.864864864864865,0.887301587301587,0.893416927899687,0.558176100628931,0.462732919254658,0.89060092449923,0.124242424242424,0.116138763197587,0.812018489984592,0.012326656394453,0.891304347826087,0.886645962732919,0,0.216981132075472,0,0.850077279752705,0,0.866459627329193,0.8828125,0.11864406779661,0.770542635658915,0.899845916795069,0.641185647425897,0.619783616692427,0.808176100628931,0,0,0.848837209302326,0.846833578792342,0.877708978328173,0,0,0.109872611464968,0.342465753424658,0.640746500777605,0,0.479876160990712,0,0.82615629984051,0.888540031397174,0.25,0.322530864197531,0,0.401587301587302,0.613104524180967,1,0.863568215892054,0.731132075471698,0.109737248840804,0.884984025559105,0.0238473767885533,0.882636655948553,0,0.877862595419847,0.00930232558139535,0.889064976228209,0.137931034482759,0.0694006309148265,0,0,0.768518518518518,0.861685214626391,0.841463414634146,0.738058551617874,0.151376146788991,0.132701421800948,0.763076923076923,0.760242792109256,0,0.129829984544049,0.863849765258216,0,0.884984025559105,0.859111791730475,0.181395348837209,0.0386398763523957,0.113924050632911,0.875766871165644,0.492845786963434,0.186520376175549,0.202229299363057,0.204615384615385,0.735015772870662,0.218461538461538,0.876971608832808,0,0.813186813186813,0.876876876876877,0.00471698113207547,0,0.118361153262519,0,0.117554858934169,0.877828054298643,0.703821656050955,0.112359550561798,0.107255520504732,0.570063694267516,0.864274570982839,0.541471048513302,0.0503048780487805,0.114467408585056,0.0542264752791069,0.0203761755485893,0,0.110062893081761,0.118440779610195,0.126582278481013,0.122137404580153,0.121212121212121,0.0455974842767296,0.0537634408602151,0.120556414219474,0.0218408736349454,0.00483091787439614,0.0327102803738318,0.0245022970903522,0.0552995391705069,0.122257053291536,0.0248447204968944,0.113237639553429,0.11214953271028,0.0423861852433281,0.107858243451464,0.0349013657056146,0.117465224111283,0.143962848297214,0.129129129129129,0.118110236220472
"390",0.965116279069767,0.967637540453074,0.941935483870968,0.91404958677686,0.956953642384106,0.961409395973154,0.882926829268293,0.944170771756979,0.968253968253968,0,0.961290322580645,0,0.580592105263158,0.960526315789474,0.0846905537459283,0.0435483870967742,0,0.017741935483871,0.961730449251248,0.944625407166124,0.196774193548387,0.0693739424703892,0.954911433172303,0,0.940514469453376,0.270491803278689,0.119086460032626,0.951342281879195,0.496025437201908,0.694753577106518,0.0317460317460317,0.695299837925446,0.768976897689769,0.302931596091205,0,0.96551724137931,0.0206349206349206,0.961414790996785,0.2875,0.901453957996769,0.00163132137030995,0.0191693290734824,0.00638977635782748,0.964110929853181,0.783606557377049,0.0490998363338789,0.512738853503185,0.0358306188925081,0.473101265822785,0.150943396226415,0,0.955954323001631,0.281098546042003,0.965853658536585,0.870431893687708,0.201970443349754,0,0.940789473684211,0.936204146730462,0.8848,0.308186195826645,0.476650563607085,0.0292207792207792,0,0.87751677852349,0.8128,0,0.952380952380952,0,0.039344262295082,0.861244019138756,0.0387722132471729,0.0517799352750809,0.961352657004831,0,0.716108452950558,0.0784,0.578696343402226,0.883333333333333,0.290322580645161,0,0.704180064308682,0.236883942766296,0.961844197138315,0.13915857605178,0.898713826366559,0.956239870340357,0.95389507154213,0.948553054662379,0.0127186009538951,0.955223880597015,0.963434022257552,0,0,0.942339373970346,0,0.321086261980831,0.943089430894309,0.00955414012738853,0.0114192495921697,0.645528455284553,0,0.301794453507341,0.967105263157895,0.129337539432177,0.970099667774086,0.0115511551155116,0.951026856240126,0.0293159609120521,0.0418006430868167,0.0380952380952381,0.889967637540453,0.339869281045752,0.967320261437909,0,0.956730769230769,0.713355048859935,0,0.0387722132471729,0.265139116202946,0,0.767213114754098,0.270531400966184,0.099009900990099,0.953301127214171,0.181076672104405,0.962085308056872,0.967689822294023,0,0.561093247588424,0.91437802907916,0.518151815181518,0.962295081967213,0,0.955298013245033,0.0559105431309904,0,0.246732026143791,0.624183006535948,0.539867109634552,0,0,0.949511400651466,0.750405186385737,0.201331114808652,0.963934426229508,0.0372771474878444,0.920255183413078,0.42156862745098,0.95125786163522,0.180165289256198,0.958266452648475,0.960720130932897,0.816693944353519,0.95928338762215,0.0299003322259136,0.963875205254516,0.0324675324675325,0,0.752864157119476,0.853932584269663,0.954041204437401,0.0494417862838915,0,0.963022508038585,0.460032626427406,0.966442953020134,0.959807073954984,0.969551282051282,0.307570977917981,0.946688206785137,0.0373983739837398,0.919129082426128,0.0318979266347687,0.877450980392157,0.383252818035427,0,0.949429037520392,0,0.831987075928918,0.969255663430421,0.160975609756098,0.951219512195122,0.935483870967742,0.959438377535101,0.949367088607595,0.134206219312602,0.378812199036918,0.919191919191919,0.921440261865794,0.0864,0.0414673046251994,0.952302631578947,0.849918433931484,0,0,0.32279534109817,0.00162074554294976,0.96,0.272,0.864909390444811,0.747603833865815,0.957680250783699,0.451559934318555,0.456140350877193,0.316639741518578,0.885807504078303,0.93126022913257,0.8624,0,0.896774193548387,0.208681135225376,0.923824959481361,0.0375203915171289,0.1,0.55609756097561,0.977309562398703,0.9456,0.830645161290323,0.962903225806452,0.85829307568438,0,0.1072,0.67515923566879,0.95417348608838,0,0.961414790996785,0.954186413902054,0.580128205128205,0.540098199672668,0.966074313408724,0.964765100671141,0.387459807073955,0,0.871382636655949,0.516025641025641,0.946398659966499,0.0336,0.932475884244373,0.959216965742251,0.96260162601626,0.922824302134647,0.537735849056604,0.0343698854337152,0.942307692307692,0.541195476575121,0.0384,0.0427892234548336,0.242225859247136,0.0357723577235772,0.193708609271523,0.690095846645367,0.0309951060358891,0.0416,0.038961038961039,0.610410094637224,0.0752864157119476,0.96198347107438,0.0130932896890344,0.0375203915171289,0,0.257903494176373,0.963636363636364,0.938538205980066,0.9072,0,0.850498338870432,0.843700159489633,0.694668820678514,0.594813614262561,0.463768115942029,0.472222222222222,0.012779552715655,0.963333333333333,0.130434782608696,0.701986754966887,0.942528735632184,0.0465489566613162,0.741157556270096,0.0376432078559738,0.139837398373984,0.966292134831461,0.962648556876061,0.880131362889984,0,0.670418006430868,0.877250409165303,0,0.032258064516129,0.893890675241158,0.955882352941177,0,0.0403877221324717,0.032051282051282,0.955445544554455,0.86863711001642,0.0358890701468189,0,0.40650406504065,0.952768729641694,0.770334928229665,0.398373983739837,0.674380165289256,0.924920127795527,0.0400641025641026,0.963893249607535,0.96078431372549,0.0373983739837398,0.941176470588235,0.965853658536585,0.947281713344316,0.970826580226904,0.210097719869707,0.331179321486268,0.322528363047002,0.953795379537954,0.91722972972973,0.0512820512820513,0.291803278688525,0.940032414910859,0.172077922077922,0.329652996845426,0.965798045602606,0.968698517298188,0.940129449838188,0.704507512520868,0.965463108320251,0.28130081300813,0.941362916006339,0.962295081967213,0,0.337662337662338,0.558484349258649,0.0472312703583062,0.0591054313099042,0.0398724082934609,0.881028938906752,0.0573248407643312,0.032051282051282,0,0.258481421647819,0.962783171521036,0.098546042003231,0.956302521008403,0.935379644588045,0.962479608482871,0.314754098360656,0.306397306397306,0.663974151857835,0.459234608985025,0,0.804878048780488,0.0470957613814757,0.0715421303656598,0.222402597402597,0.967159277504105,0.0339805825242718,0,0.352380952380952,0.0403225806451613,0.0530679933665008,0.477272727272727,0.968646864686469,0.295379537953795,0.960884353741497,0.935691318327974,0,0.958715596330275,0.0322061191626409,0.9616,0.817733990147783,0.965811965811966,0.0414673046251994,0.943910256410256,0.0305466237942122,0.866449511400652,0.71947194719472,0.917741935483871,0.959807073954984,0.959415584415584,0.313821138211382,0.934747145187602,0.9632,0.0360501567398119,0.058252427184466,0.965346534653465,0.966183574879227,0.342105263157895,0.862459546925566,1,0.925081433224756,0.971291866028708,0,0.147840531561462,0.962903225806452,0.0376432078559738,0,0.947281713344316,0.0132669983416252,0.083743842364532,0.963434022257552,0.943548387096774,0.00495049504950495,0.658022690437601,0.429725363489499,0.95253682487725,0.0317195325542571,0.856209150326797,0.957166392092257,0.40453074433657,0.635634028892456,0.789473684210526,0,0.193236714975845,0.946166394779772,0.964686998394864,0.455429497568882,0.964573268921095,0.936096718480138,0.0602605863192182,0.00163934426229508,0.961538461538462,0.966074313408724,0.926829268292683,0.685393258426966,0.0277324632952692,0.850649350649351,0.252019386106624,0.220890410958904,0.00811688311688312,0.621087314662274,0.630971993410214,0.622366288492707,0,0.30794701986755,0.897435897435897,0.637239165329053,0.511961722488038,0.113029827315542,0,0,0.96417445482866,0.952681388012618,0,0.907915993537964,0.0113636363636364,0,0,0.969055374592834,0,0.963394342762063,0.784665579119086,0.542586750788643,0.966824644549763,0,0,0.957723577235772,0.931142410015649,0.724409448818898,0.037914691943128,0.00333333333333333,0.868167202572347,0.618357487922705,0.972267536704731,0.546178343949045,0.36437908496732,0,0.948303715670436,0.0394088669950739,0.927392739273927,0.118616144975288,0,0.0391236306729265,0.142156862745098,0.496655518394649,0.948220064724919,0,0.929133858267717,0.991974317817014,0.964630225080386,0,0.110927152317881,0.912371134020619,0.0336134453781513,0.958333333333333,0.966183574879227,0.0385852090032154,0.967948717948718,0.3232,0.788961038961039,0.0474631751227496,0.203947368421053,0.933115823817292,0.0115321252059308,0.0386473429951691,0.948470209339775,0.0443349753694581,0.667763157894737,0.404567699836868,0,0.138041733547352,0.735244519392917,0.279935275080906,0.948470209339775,0.0375816993464052,0.177884615384615,0.460370994940978,0.924646781789639,0.870047543581617,0.934083601286174,0.733884297520661,0,0.951377633711507,0.0365659777424483,0.93030794165316,0.416243654822335,0.0396825396825397,0.964458804523425,0.968954248366013,0.965403624382208,0.611382113821138,0.958132045088567,0.16504854368932,0.214052287581699,1,0.872374798061389,0,0,0.962903225806452,0.93322203672788,0.0462046204620462,0.971993410214168,0.966074313408724,0.390243902439024,0.907284768211921,0.779578606158833,0.868589743589744,0,0.99021207177814,0.36525974025974,0.964343598055105,0.961038961038961,0,0.649093904448105,0.947107438016529,0.038961038961039,0.687086092715232,0.394779771615008,0.784829721362229,0.701954397394137,0.931962025316456,0.113924050632911,0.955074875207987,0.964401294498382,0.953748006379585,0.3261231281198,0.129720853858785,0.967897271268058,0.962441314553991,0.00967741935483871,0.780254777070064,0.469453376205788,0.282926829268293,0.760195758564437,0.967532467532468,0.858766233766234,0.961290322580645,0.113237639553429,0.038917089678511,0,0.820261437908497,0.0305958132045089,0.0358306188925081,0.295345104333868,0,0.966183574879227,0.899676375404531,0.965853658536585,0.960063897763578,0.114566284779051,0.0370967741935484,0,0,0.196339434276206,0.104838709677419,0.185365853658537,0,0.0355987055016181,0.961165048543689,0.0207006369426752,0.314845024469821,0.958745874587459,0.616113744075829,0.941935483870968,0.666666666666667,0.660377358490566,0,0.966981132075472,0.412645590682196,0.534090909090909,0.905144694533762,0.950558213716108,0.40064620355412,0.0113268608414239,0.93719806763285,0.933870967741935,0,0.945945945945946,0.0566343042071197,0.955445544554455,0.454545454545455,0,0.0112359550561798,0.54468802698145,0.822847682119205,0.0388349514563107,0.163398692810458,0.0129032258064516,0.00169779286926995,0.732919254658385,0.0519262981574539,0.971137521222411,0.326366559485531,0.958664546899841,0.041335453100159,0.395765472312704,0.333884297520661,0.85502471169687,0.123745819397993,0.0351437699680511,0.0032,0.0696920583468395,0,0.963492063492064,0.0738255033557047,0.94556765163297,0.0384615384615385,0.967213114754098,0,0.531545741324921,0.486928104575163,0.971014492753623,0,0.963141025641026,0,0.398989898989899,0.961538461538462,0,0.675850891410049,0.970779220779221,0.723509933774834,0.922442244224422,0.0714285714285714,0,0.967793880837359,0.296540362438221,0,0.705511811023622,0.0301587301587302,0.0536277602523659,0.968903436988543,0.962783171521036,0.958795562599049,0.949593495934959,0.955737704918033,0,0.95,0.0223642172523962,0.361736334405145,0.306055646481178,0.963022508038585,0.957860615883306,0.95859872611465,0.966613672496025,0.0581583198707593,0.0533117932148627,0.958833619210978,0.93354943273906,0.709935897435897,0.945425361155698,0.966719492868463,0.951060358890702,0,0,0.952453987730061,0,0.0955414012738854,0,0.941272430668842,0.304276315789474,0.228099173553719,0.151219512195122,0.893267651888342,0,0.130016051364366,0.959742351046699,0.962962962962963,0.648387096774194,0.4375,0.230769230769231,0.210272873194221,0.641693811074919,0.0290791599353796,0.146302250803859,0.578333333333333,0.296540362438221,0.696284329563813,0.0435483870967742,0,0.031404958677686,0.343383584589615,0.963025210084034,0.6256,0.255520504731861,0.617647058823529,0.859872611464968,0.952755905511811,0.934343434343434,0.956026058631922,0.964941569282137,0.964227642276423,0.554838709677419,0.435483870967742,0.965686274509804,0.0373831775700935,0.0417335473515249,0.85829307568438,0.0127186009538951,0.963492063492064,0.939586645468998,0,0.15025041736227,0,0.922829581993569,0,0.980645161290323,0.95928338762215,0.0398724082934609,0.819218241042345,0.97007874015748,0.671074380165289,0.63961038961039,0.866013071895425,0,0,0.913621262458472,0.915756630265211,0.959083469721768,0,0,0.0370994940978078,0.272,0.514516129032258,0,0.456451612903226,0,0.918433931484502,0.968903436988543,0.182119205298013,0.257188498402556,0,0.358552631578947,0.6,0.849270664505673,0.944,0.772292993630573,0.0355411954765751,0.960066555740433,0.0228758169934641,0.967051070840198,0,0.960753532182104,0.00955414012738853,0.960132890365448,0.0524590163934426,0.0277324632952692,0,0,0.817292006525285,0.892384105960265,0.918918918918919,0.719551282051282,0.0691318327974277,0.0418060200668896,0.829268292682927,0.8224,0,0.0472312703583062,0.957446808510638,0,0.950248756218905,0.932692307692308,0.0887096774193548,0.0500807754442649,0.0369774919614148,0.962962962962963,0.461920529801325,0.107843137254902,0.114617940199336,0.150882825040128,0.696517412935323,0.133122028526149,0.965346534653465,0,0.749596122778675,0.949286846275753,0.00492610837438424,0,0.0326594090202177,0,0.0374592833876222,0.963022508038585,0.74,0.0383333333333333,0.0345963756177924,0.558823529411765,0.935537190082645,0.450885668276973,0.053968253968254,0.0364842454394693,0.0603588907014682,0.0210016155088853,0,0.0585365853658537,0.0348101265822785,0.034257748776509,0.0461783439490446,0.036624203821656,0.0554649265905383,0.0619047619047619,0.0424143556280587,0.0228384991843393,0.00662251655629139,0.032258064516129,0.0286624203821656,0.0650406504065041,0.0480132450331126,0.0240384615384615,0.0367278797996661,0.0403225806451613,0.0509868421052632,0.0411861614497529,0.0287081339712919,0.0340356564019449,0.0729335494327391,0.0391236306729265,0.0375203915171289
"391",0.955905511811024,0.945038167938931,0.947049924357035,0.930379746835443,0.960191082802548,0.955625990491284,0.877742946708464,0.947204968944099,0.9558599695586,0,0.952234206471495,0,0.61633281972265,0.952681388012618,0.0950920245398773,0.0544323483670296,0,0.0125195618153365,0.953968253968254,0.955108359133127,0.206842923794712,0.0850722311396469,0.946236559139785,0,0.922374429223744,0.300623052959502,0.156202143950995,0.950479233226837,0.515243902439024,0.698924731182796,0.0462249614791988,0.716510903426791,0.804381846635368,0.308411214953271,0,0.952755905511811,0.0154320987654321,0.949074074074074,0.303571428571429,0.887864823348694,0,0.0123456790123457,0.00306748466257669,0.952380952380952,0.792604501607717,0.0704225352112676,0.56298600311042,0.0511627906976744,0.501510574018127,0.18429003021148,0,0.951334379905808,0.310185185185185,0.948356807511737,0.867601246105919,0.206070287539936,0,0.957943925233645,0.929663608562691,0.920807453416149,0.322932917316693,0.474085365853659,0.0485133020344288,0,0.89540412044374,0.830482115085537,0,0.9484375,0,0.0481540930979133,0.842424242424242,0.0576323987538941,0.0667726550079491,0.957186544342508,0,0.746177370030581,0.0885496183206107,0.615146831530139,0.896389324960754,0.315702479338843,0,0.740458015267176,0.254185692541857,0.952959028831563,0.1625,0.916537867078825,0.951937984496124,0.955993930197269,0.937019969278034,0.00755287009063444,0.951181102362205,0.950617283950617,0,0,0.940251572327044,0,0.321592649310873,0.947040498442368,0.00461538461538462,0.0061633281972265,0.650231124807396,0,0.315047021943574,0.946372239747634,0.142201834862385,0.952830188679245,0.00934579439252336,0.950155763239875,0.0425867507886435,0.0506134969325153,0.0527131782945736,0.885579937304075,0.376947040498442,0.947611710323575,0,0.966257668711656,0.732718894009217,0,0.0521472392638037,0.285488958990536,0,0.804347826086957,0.283763277693475,0.119309262166405,0.953703703703704,0.197530864197531,0.954682779456193,0.954407294832827,0,0.588325652841782,0.92802450229709,0.520064205457464,0.94620253164557,0,0.954186413902054,0.0623100303951368,0,0.252336448598131,0.678571428571429,0.560386473429952,0,0,0.965891472868217,0.773940345368917,0.215654952076677,0.959564541213064,0.0487421383647799,0.928902627511592,0.463338533541342,0.950226244343891,0.187800963081862,0.943338437978561,0.95748031496063,0.830508474576271,0.958588957055215,0.0428571428571429,0.946957878315133,0.0515625,0,0.758241758241758,0.861027190332326,0.954828660436137,0.0614439324116743,0,0.94969512195122,0.496815286624204,0.958333333333333,0.954128440366973,0.953775038520801,0.309090909090909,0.961656441717791,0.04858934169279,0.925869894099849,0.048411497730711,0.89010989010989,0.420489296636086,0,0.944444444444444,0,0.852201257861635,0.9546875,0.17879746835443,0.956989247311828,0.92,0.949253731343284,0.938530734632684,0.133435582822086,0.417298937784522,0.911111111111111,0.940993788819876,0.0995334370139969,0.0524691358024691,0.947867298578199,0.850769230769231,0,0,0.327613104524181,0,0.960426179604262,0.302936630602782,0.858954041204437,0.773353751914242,0.951734539969834,0.460443037974684,0.470769230769231,0.327044025157233,0.903125,0.93613707165109,0.867378048780488,0,0.853395061728395,0.224522292993631,0.953051643192488,0.046656298600311,0.121351766513057,0.580893682588598,0.940993788819876,0.955246913580247,0.847589424572317,0.954268292682927,0.895962732919255,0,0.121165644171779,0.686838124054463,0.957878315132605,0,0.950769230769231,0.949618320610687,0.593846153846154,0.584876543209877,0.944012441679627,0.952,0.403125,0,0.871064467766117,0.570093457943925,0.958532695374801,0.0478395061728395,1,0.956181533646322,0.953846153846154,0.929022082018927,0.566412213740458,0.05,0.951713395638629,0.588597842835131,0.0558912386706949,0.0481203007518797,0.234375,0.0431432973805855,0.193447737909516,0.678247734138973,0.0446841294298921,0.0552995391705069,0.0538461538461538,0.618127786032689,0.0824088748019017,0.95859872611465,0.00630914826498423,0.0405616224648986,0,0.258859784283513,0.952978056426332,0.944099378881988,0.892141756548536,0,0.86698717948718,0.849693251533742,0.713395638629283,0.650231124807396,0.5,0.485179407176287,0.00763358778625954,0.952681388012618,0.145085803432137,0.731942215088282,0.94,0.0574886535552194,0.755417956656347,0.0495356037151703,0.154434250764526,0.953172205438066,0.948136142625608,0.88503937007874,0,0.663622526636225,0.866251944012442,0,0.0459418070444104,0.873134328358209,0.951181102362205,0,0.0519877675840979,0.0411585365853659,0.95440251572327,0.908661417322835,0.05,0,0.418070444104135,0.962323390894819,0.785824345146379,0.444444444444444,0.678627145085803,0.938744257274119,0.0558139534883721,0.95144157814871,0.952012383900929,0.0456692913385827,0.992389649923896,0.955974842767296,0.944707740916272,0.953271028037383,0.228615863141524,0.341576506955178,0.323529411764706,0.950793650793651,0.915227629513344,0.043010752688172,0.310832025117739,0.953198127925117,0.195348837209302,0.343987823439878,0.9640625,0.952305246422893,0.961597542242704,0.707006369426752,0.947209653092006,0.292259083728278,0.942635658914729,0.955342902711324,0,0.363358778625954,0.562401263823065,0.0630769230769231,0.0471841704718417,0.0546282245827011,0.892523364485981,0.0614439324116743,0.046875,0,0.271317829457364,0.94488188976378,0.117370892018779,0.969453376205788,0.945226917057903,0.950558213716108,0.318818040435459,0.322632423756019,0.712519319938176,0.500802568218299,0,0.844339622641509,0.0586466165413534,0.086286594761171,0.228878648233487,0.9625,0.0511627906976744,0,0.364632237871674,0.0547112462006079,0.0709779179810726,0.516329704510109,0.950155763239875,0.328525641025641,0.943729903536977,0.931142410015649,0,0.95864106351551,0.047112462006079,0.947447447447447,0.848200312989045,0.950636942675159,0.0527131782945736,0.945121951219512,0.0401234567901235,0.866564417177914,0.744075829383886,0.926153846153846,0.961656441717791,0.945652173913043,0.317484662576687,0.931888544891641,0.948328267477204,0.0487804878048781,0.071097372488408,0.953051643192488,0.951638065522621,0.373456790123457,0.8671875,0.925081433224756,1,0.955177743431221,0,0.157232704402516,0.950155763239875,0.0482866043613707,0,0.95,0.00784929356357928,0.0833333333333333,0.951588502269289,0.944444444444444,0.0015600624024961,0.656877897990726,0.469291338582677,0.955625990491284,0.043956043956044,0.855365474339036,0.95447409733124,0.422118380062305,0.622291021671827,0.804012345679012,0,0.199066874027994,0.950871632329635,0.954898911353033,0.496884735202492,0.955177743431221,0.939443535188216,0.0817901234567901,0.00154083204930663,0.951145038167939,0.961119751166407,0.941915227629513,0.721617418351477,0.0523076923076923,0.856240126382307,0.275700934579439,0.204283360790774,0.00309119010819165,0.647887323943662,0.62402496099844,0.651090342679128,0,0.325358851674641,0.888888888888889,0.683641975308642,0.575757575757576,0.125739644970414,0,0,0.954411764705882,0.940366972477064,0,0.898021308980213,0.0063391442155309,0,0,0.949230769230769,0,0.958199356913183,0.777777777777778,0.567771084337349,0.953775038520801,0,0,0.953416149068323,0.935045317220544,0.763157894736842,0.0487804878048781,0.00157232704402516,0.857359635811836,0.619047619047619,0.954616588419405,0.572317262830482,0.3890625,0,0.956589147286822,0.0482315112540193,0.94006309148265,0.125,0,0.0471841704718417,0.160572337042925,0.506472491909385,0.928348909657321,0,0.936936936936937,0.935384615384615,0.959090909090909,0,0.1140625,0.917073170731707,0.0550161812297735,0.948328267477204,0.950995405819296,0.0501519756838906,0.956318252730109,0.324655436447167,0.809968847352025,0.0570107858243451,0.200636942675159,1,0.00637958532695375,0.049306625577812,0.949464012251149,0.05103668261563,0.701399688958009,0.415241057542768,0,0.149230769230769,0.76056338028169,0.287480680061824,0.944615384615385,0.046656298600311,0.196018376722818,0.491171749598716,0.960606060606061,0.905343511450382,0.929356357927786,0.78783151326053,0,0.947852760736196,0.0534351145038168,0.931357254290172,0.429487179487179,0.0488549618320611,0.952086553323029,0.949921752738654,0.951181102362205,0.684292379471229,0.962732919254658,0.174183514774495,0.234276729559748,0.911214953271028,0.85935085007728,0,0,0.956043956043956,0.912280701754386,0.0626959247648903,0.954113924050633,0.961360123647604,0.398449612403101,0.915492957746479,0.7312,0.867469879518072,0,0.929577464788732,0.362637362637363,0.949843260188088,0.953198127925117,0,0.664576802507837,0.949921752738654,0.0476923076923077,0.711145996860283,0.423728813559322,0.823088455772114,0.723809523809524,0.931851851851852,0.134351145038168,0.941269841269841,0.955246913580247,0.956454121306376,0.332273449920509,0.128482972136223,0.958461538461538,0.949924127465857,0.00606060606060606,0.792944785276074,0.48780487804878,0.294392523364486,0.784496124031008,0.949685534591195,0.859842519685039,0.95565749235474,0.13587786259542,0.0525477707006369,0,0.841772151898734,0.0471698113207547,0.0508474576271186,0.324615384615385,0,0.955246913580247,0.956060606060606,0.954898911353033,0.956989247311828,0.142410015649452,0.0507936507936508,0,0,0.212698412698413,0.123052959501558,0.19309262166405,0,0.0464396284829721,0.945820433436533,0.0273972602739726,0.312796208530806,0.953051643192488,0.633846153846154,0.935534591194969,0.702453987730061,0.667687595712098,0,0.949101796407186,0.419968304278922,0.530612244897959,0.895136778115502,0.962406015037594,0.434108527131783,0.00777604976671851,0.931993817619784,0.937031484257871,0,0.938530734632684,0.0651162790697674,0.953525641025641,0.456086286594761,0,0.00614439324116743,0.548231511254019,0.847589424572317,0.0509259259259259,0.1728,0.00771604938271605,0,0.73984962406015,0.0694006309148265,0.951377633711507,0.361669242658423,0.954198473282443,0.049079754601227,0.404945904173107,0.363494539781591,0.856913183279743,0.14218009478673,0.0488549618320611,0,0.0863422291993721,0,0.948012232415902,0.0626003210272873,0.952023988005997,0.054858934169279,0.952305246422893,0,0.563165905631659,0.499212598425197,0.947449768160742,0,0.95565749235474,0,0.44122383252818,0.946564885496183,0,0.677966101694915,0.940532081377152,0.777604976671851,0.934920634920635,0.0786686838124055,0,0.954330708661417,0.303459119496855,0,0.716923076923077,0.047040971168437,0.0628834355828221,0.95440251572327,0.952153110047847,0.953242835595777,0.9421875,0.952012383900929,0,0.936434108527132,0.0183206106870229,0.387345679012346,0.340557275541796,0.95565749235474,0.953775038520801,0.949177877428999,0.941628264208909,0.0540123456790123,0.0560747663551402,0.9584,0.967642526964561,0.757763975155279,0.948757763975155,0.956989247311828,0.953703703703704,0,0,0.947049924357035,0,0.116843702579666,0,0.937205651491366,0.319554848966614,0.249597423510467,0.166158536585366,0.903669724770642,0.00152671755725191,0.147640791476408,0.949921752738654,0.958966565349544,0.675039246467818,0.450074515648286,0.267355982274741,0.220700152207002,0.698890649762282,0.0458715596330275,0.179012345679012,0.575899843505477,0.299531981279251,0.744976816074189,0.0494590417310665,0,0.045958795562599,0.347133757961783,0.94912559618442,0.626168224299065,0.267776096822995,0.664596273291925,0.871406959152799,0.944700460829493,0.949044585987261,0.946540880503145,0.957345971563981,0.956181533646322,0.5984375,0.457446808510638,0.953343701399689,0.0569715142428786,0.052710843373494,0.863354037267081,0.00900900900900901,0.950075642965204,0.93140243902439,0,0.158833063209076,0,0.96998420221169,0,0.940366972477064,0.950233281493002,0.052710843373494,0.823899371069182,0.952887537993921,0.66877971473851,0.632716049382716,0.862992125984252,0,0,0.900651465798046,0.926974664679583,0.96319018404908,0,0,0.0477707006369427,0.285496183206107,0.527692307692308,0,0.503875968992248,0,0.915605095541401,0.951713395638629,0.184663536776213,0.296296296296296,0,0.389589905362776,0.631415241057543,0.849230769230769,0.94359756097561,0.770186335403727,0.0481366459627329,0.9616,0.014018691588785,0.944983818770227,0,0.950301204819277,0.0062111801242236,0.952681388012618,0.0628930817610063,0.0378548895899054,0,0,0.846036585365854,0.910685805422648,0.914241960183767,0.706686930091185,0.0739644970414201,0.0519685039370079,0.835403726708075,0.82701062215478,0,0.0617088607594937,0.933333333333333,0,0.9504,0.937878787878788,0.106870229007634,0.0309119010819165,0.0476923076923077,0.946564885496183,0.5109375,0.122699386503067,0.147619047619048,0.155963302752294,0.732371794871795,0.146564885496183,0.947040498442368,0,0.783151326053042,0.943511450381679,0.0031496062992126,0,0.0481203007518797,0,0.0557275541795666,0.96,0.728295819935691,0.0497667185069984,0.0464396284829721,0.577287066246057,0.933544303797468,0.485540334855403,0.0421686746987952,0.046031746031746,0.048,0.0138461538461538,0,0.0553846153846154,0.0509745127436282,0.0496124031007752,0.0617283950617284,0.0405405405405405,0.0393081761006289,0.049306625577812,0.0576323987538941,0.0157232704402516,0.00637958532695375,0.0213089802130898,0.0184049079754601,0.049079754601227,0.0570987654320988,0.0123647604327666,0.0496,0.0475435816164818,0.0361635220125786,0.0518053375196232,0.0180722891566265,0.0507692307692308,0.0789473684210526,0.0496987951807229,0.0488188976377953
"392",0.996815286624204,1,0.972685887708649,0.93217665615142,0.985668789808917,1,0.890965732087227,0.973684210526316,1,0,1,0,0.545595054095827,1,0.035548686244204,0.00933125972006221,0,0.0186915887850467,0.996825396825397,0.984567901234568,0.16,0.0336,0.992343032159265,0,0.958966565349544,0.255520504731861,0.117829457364341,0.987441130298273,0.470319634703196,0.694915254237288,0,0.679012345679012,0.758190327613105,0.28129829984544,0,1,0.0182926829268293,0.995447647951442,0.261194029850746,0.896551724137931,0.00154798761609907,0.0198776758409786,0.00768049155145929,1,0.770334928229665,0.0232198142414861,0.502325581395349,0,0.467987804878049,0.133131618759455,0,0.9953125,0.270769230769231,1,0.885758998435055,0.163492063492063,0,0.9826224328594,0.963581183611533,0.899068322981366,0.305426356589147,0.437116564417178,0,0,0.898573692551506,0.814701378254211,0,0.989180834621329,0,0,0.86697247706422,0.00463678516228748,0.0202177293934681,1,0,0.711940298507463,0.0489296636085627,0.576452599388379,0.897637795275591,0.270664505672609,0,0.705705705705706,0.198473282442748,0.998484848484849,0.108024691358025,0.910741301059002,0.995363214837713,0.967692307692308,0.964831804281346,0.0136986301369863,0.989130434782609,1,0,0,0.97456279809221,0,0.275914634146341,0.982785602503912,0.00920245398773006,0.0109204368174727,0.605919003115265,0,0.283676703645008,1,0.0995475113122172,1,0.0124804992199688,0.980091883614089,0,0.00775193798449612,0.00606980273141123,0.911490683229814,0.328660436137072,0.993827160493827,0,0.987786259541985,0.705882352941177,0,0,0.236024844720497,0,0.753918495297806,0.251920122887865,0.0830670926517572,0.975384615384615,0.150455927051672,0.998484848484849,0.996889580093313,0,0.536474164133739,0.929663608562691,0.486529318541997,0.988976377952756,0,0.998425196850394,0.0226586102719033,0,0.213622291021672,0.62962962962963,0.498412698412698,0,0,0.980091883614089,0.76625386996904,0.165354330708661,1,0.00614439324116743,0.921898928024502,0.41335453100159,0.982008995502249,0.137440758293839,0.985915492957746,1,0.838709677419355,0.995334370139969,0,1,0,0,0.7328125,0.866566716641679,0.984662576687117,0.0167682926829268,0,1,0.456828885400314,1,1,1,0.298325722983257,0.98125,0.00155038759689922,0.95166163141994,0,0.894573643410853,0.375193798449612,0,0.986089644513138,0,0.854517611026034,1,0.117004680187207,0.984496124031008,0.947932618683001,0.992503748125937,0.974006116207951,0.0989180834621329,0.376344086021505,0.929712460063898,0.940717628705148,0.0545171339563863,0.00615384615384615,0.9826224328594,0.855828220858896,0,0,0.295489891135303,0.00155763239875389,1,0.26027397260274,0.878740157480315,0.765696784073507,0.990881458966565,0.428346456692913,0.443076923076923,0.298107255520505,0.921052631578947,0.968701095461659,0.874233128834356,0,0.886676875957121,0.17384370015949,0.950617283950617,0,0.0625,0.51468315301391,0.978560490045942,0.979041916167665,0.815789473684211,0.9984375,0.884259259259259,0,0.0691244239631336,0.656441717791411,0.995290423861852,0,0.993966817496229,0.981981981981982,0.538699690402477,0.544753086419753,0.992223950233281,1,0.344135802469136,0,0.884036144578313,0.515723270440252,0.9696,0,0.958652373660031,1,1,0.958204334365325,0.531914893617021,0.00154320987654321,0.967692307692308,0.538343558282209,0.00298953662182362,0.00150602409638554,0.200312989045383,0,0.152647975077882,0.668693009118541,0,0.00455235204855842,0.00923076923076923,0.584848484848485,0.0347551342812006,0.984423676012461,0.0141287284144427,0,0,0.218604651162791,1,0.978560490045942,0.907834101382488,0,0.863636363636364,0.849693251533742,0.677570093457944,0.594427244582043,0.43167701863354,0.459247648902821,0.0139968895800933,1,0.0890937019969278,0.694136291600634,0.960876369327074,0.0106544901065449,0.751937984496124,0.00153374233128834,0.121951219512195,1,1,0.894245723172628,0,0.646788990825688,0.884858044164038,0,0,0.899096385542169,0.983231707317073,0,0.00152439024390244,0.00154083204930663,0.979813664596273,0.874411302982732,0,0,0.363354037267081,0.990625,0.778787878787879,0.388888888888889,0.651419558359621,0.96594427244582,0.0093603744149766,1,1,0.0046656298600311,0.967791411042945,1,0.974683544303797,0.998475609756098,0.187888198757764,0.325115562403698,0.28416149068323,0.976489028213166,0.940345368916798,0.0553846153846154,0.261609907120743,0.975232198142415,0.149460708782743,0.308383233532934,0.99537750385208,0.998444790046656,0.972307692307692,0.699367088607595,0.996960486322188,0.242658423493045,0.962121212121212,0.998435054773083,0,0.328290468986384,0.531782945736434,0.0184899845916795,0.0581929555895865,0.00605143721633888,0.910769230769231,0.0227617602427921,0,0,0.227906976744186,0.993769470404984,0.0702290076335878,0.98538961038961,0.967441860465116,0.986068111455108,0.285046728971963,0.289308176100629,0.676609105180534,0.453968253968254,0,0.823529411764706,0.015220700152207,0.0395738203957382,0.197836166924266,1,0.00152905198776758,0,0.333841463414634,0.00911854103343465,0.0200927357032458,0.458715596330275,1,0.279874213836478,1,0.969088098918083,0,0.99261447562777,0,0.998475609756098,0.831269349845201,1,0.00933125972006221,0.977099236641221,0,0.87402799377916,0.719874804381847,0.942989214175655,0.98468606431853,0.998456790123457,0.30030959752322,0.964230171073095,1,0,0.027906976744186,1,1,0.332822085889571,0.876543209876543,0.971291866028708,0.955177743431221,1,0,0.113237639553429,1,0.0015552099533437,0,0.968895800933126,0.0127388535031847,0.0470219435736677,1,0.969040247678019,0.00463678516228748,0.61609907120743,0.427457098283931,0.985981308411215,0.00157977883096367,0.875590551181102,0.996810207336523,0.368584758942457,0.603100775193798,0.787596899224806,0,0.156832298136646,0.978021978021978,1,0.449230769230769,1,0.97444089456869,0.0232919254658385,0.00155038759689922,0.983206106870229,0.996879875195008,0.953488372093023,0.685015290519878,0.00625,0.863565891472868,0.242703533026114,0.167213114754098,0.00771604938271605,0.619783616692427,0.618604651162791,0.616564417177914,0,0.28892455858748,0.909937888198758,0.634441087613293,0.51588502269289,0.0785185185185185,0,0,1,0.971036585365854,0,0.919629057187017,0.0124031007751938,0,0,1,0,1,0.780864197530864,0.509146341463415,1,0,0,0.995398773006135,0.965309200603318,0.71580547112462,0,0.0031496062992126,0.877300613496933,0.599695585996956,1,0.536621823617339,0.349922239502333,0,0.981651376146789,0,0.957878315132605,0.0877742946708464,0,0.00754147812971342,0.106084243369735,0.494435612082671,0.974006116207951,0,0.946889226100152,0.973724884080371,1,0,0.0738993710691824,0.936585365853659,0.00324149108589951,1,1,0.0062015503875969,1,0.297090352220521,0.8125,0.010752688172043,0.164817749603803,0.964669738863287,0.0125588697017268,0,0.97428139183056,0.00788643533123028,0.661971830985915,0.373817034700315,0,0.112633181126332,0.723101265822785,0.258015267175572,0.975384615384615,0,0.145896656534954,0.457050243111831,0.95352323838081,0.878923766816143,0.965463108320251,0.744186046511628,0,0.981623277182236,0,0.964723926380368,0.371428571428571,0,1,1,1,0.622670807453416,0.983333333333333,0.121684867394696,0.191063174114022,0.954337899543379,0.878086419753086,0,0,0.990639625585023,0.946031746031746,0.0142630744849445,0.984326018808777,0.993827160493827,0.353120243531202,0.928115015974441,0.737984496124031,0.884036144578313,0,0.969418960244648,0.316535433070866,1,0.998463901689708,0,0.633802816901408,0.974882260596546,0,0.68075117370892,0.382753403933434,0.800298062593145,0.678071539657854,0.961019490254873,0.0848484848484849,0.985981308411215,1,0.978395061728395,0.287519747235387,0.0900621118012422,0.992331288343558,1,0.00924499229583975,0.783742331288344,0.468606431852986,0.274119448698315,0.757668711656442,1,0.879256965944272,1,0.126888217522659,0,0,0.807751937984496,0.00313971742543171,0,0.279816513761468,0,0.990712074303406,0.910470409711684,1,0.995440729483283,0.0910518053375196,0,0,0,0.173228346456693,0.0806201550387597,0.157164869029276,0,0,1,0.00764525993883792,0.28393135725429,1,0.573643410852713,0.979559748427673,0.660030627871363,0.636363636363636,0,1,0.385220125786164,0.498447204968944,0.924812030075188,0.98780487804878,0.396024464831804,0.012326656394453,0.947368421052632,0.949464012251149,0,0.965151515151515,0.0185471406491499,0.984,0.431007751937985,0,0.0108695652173913,0.513556618819777,0.831513260530421,0,0.135782747603834,0.0137825421133231,0.00160513643659711,0.756756756756757,0.0203125,1,0.326747720364742,0.993957703927492,0,0.37904468412943,0.322480620155039,0.863924050632911,0.0907643312101911,0.00457317073170732,0.00306748466257669,0.0417310664605873,0,0.99405646359584,0.0365659777424483,0.981845688350983,0.00459418070444104,1,0,0.490990990990991,0.470496894409938,1,0,1,0,0.39622641509434,0.989441930618401,0,0.636923076923077,0.9826224328594,0.7453125,0.95447409733124,0.0410958904109589,0,1,0.269470404984424,0,0.682370820668693,0,0.0153609831029186,1,1,0.992458521870287,0.969040247678019,0.979876160990712,0,0.975232198142415,0.0278207109737249,0.333333333333333,0.293394777265745,0.993836671802773,0.992272024729521,0.995475113122172,0.993948562783661,0.0581929555895865,0.0141065830721003,0.9856,0.966049382716049,0.719939117199391,0.987748851454824,1,0.971036585365854,0,0,0.983679525222552,0,0.0619195046439628,0,0.950617283950617,0.287974683544304,0.201923076923077,0.121725731895223,0.923317683881064,0,0.105100463678516,1,1,0.638591117917305,0.412293853073463,0.208395802098951,0.186081694402421,0.650077760497667,0,0.112135176651306,0.54364471669219,0.257318952234206,0.698340874811463,0.00933125972006221,0,0,0.300940438871473,1,0.608231707317073,0.216417910447761,0.616438356164384,0.87308868501529,0.990950226244344,0.959871589085072,0.98297213622291,1,0.998430141287284,0.551083591331269,0.425925925925926,0.998444790046656,0.00445765230312036,0.00900900900900901,0.869230769230769,0.0138036809815951,1,0.969604863221885,0,0.106012658227848,0,0.954330708661417,0,0.973520249221184,1,0.00463678516228748,0.842349304482226,1,0.641065830721003,0.612403100775194,0.875786163522013,0,0,0.930047694753577,0.942942942942943,0.989096573208723,0,0,0,0.238239757207891,0.506976744186047,0,0.451612903225806,0,0.927672955974843,1,0.151234567901235,0.227752639517345,0,0.342767295597484,0.600614439324117,0.859541984732824,0.964939024390244,0.768645357686454,0,0.987519500780031,0.0123456790123457,1,0,0.981927710843373,0.00925925925925926,1,0.0202808112324493,0.00946372239747634,0,0,0.815548780487805,0.930926216640502,0.94,0.71969696969697,0.0211800302571861,0.00313479623824451,0.836702954898911,0.827327327327327,0,0.0141732283464567,0.965732087227414,0,0.988835725677831,0.957120980091884,0.0681114551083591,0.0449612403100775,0.00305343511450382,1,0.461538461538462,0.073094867807154,0.0956937799043062,0.11791730474732,0.691573926868045,0.0909090909090909,1,0,0.750390015600624,0.980392156862745,0.0046801872074883,0,0,0,0,1,0.732594936708861,0,0,0.525157232704403,0.961240310077519,0.441221374045802,0.0542986425339367,0.00161550888529887,0.0596546310832025,0.0197869101978691,0,0.0282131661442006,0.00451807228915663,0.00154798761609907,0.00910470409711684,0,0.0552922590837283,0.0603318250377074,0.0108191653786708,0.0201550387596899,0.00477707006369427,0.0276073619631902,0.0258358662613982,0.0638629283489097,0.00622083981337481,0.0215716486902928,0,0.00308641975308642,0.0504731861198738,0.00467289719626168,0.0255255255255255,0,0.0309119010819165,0.00148367952522255,0.00154559505409583
"393",0,0,0,0,0,0,0.00651465798045603,0,0,1,0,1,0,0,0,0,1,0.980922098569157,0,0,0,0,0,1,0,0,0,0,0,0,0,0,0.00160771704180064,0,1,0,0.975308641975309,0,0,0,0.998405103668262,0.980891719745223,0.99375,0,0,0,0,0,0,0,1,0,0,0,0.00650406504065041,0,1,0,0.00156739811912226,0,0,0,0,1,0,0,1,0,1,0,0,0,0,0,1,0,0,0,0.00162866449511401,0,1,0,0,0,0,0,0,0,0.0015600624024961,0.989079563182527,0,0,1,1,0,1,0.0172684458398744,0,0.990639625585023,0.988958990536278,0.00635930047694754,1,0,0,0,0,0.9904,0.00158982511923688,0,0,0,0.00974025974025974,0,0,1,0,0,1,0,0,1,0.00162074554294976,0,0,0,0,0,0,1,0.00467289719626168,0,0,0,1,0,0,1,0,0,0.00491803278688525,1,1,0,0,0,0,0,0,0,0,0,0,0,0,0,0,0,0,1,0,0.00154798761609907,0,0,1,0,0,0,0,0,0,0,0,0,0,0,0,1,0,1,0,0,0,0,0,0,0,0,0,0,0,0,0,0,0.015748031496063,1,1,0,0.998420221169036,0,0,0.00818330605564648,0,0,0,0,0,0,0,0.00156985871271586,1,0,0,0,0,0,0.00160513643659711,0,0,0.00158982511923688,0,0,1,0,0,0,1,0,0,0.0016,0,0,0,0.0175718849840256,1,0.00938967136150235,0,0,0,0,0,0,0,0,0,0,0,0,0,0,0,0,0,0,0,0,0,0,0,0.988654781199352,0,1,0.00481540930979133,0,0,0,1,0,0.0031201248049922,0,0,0,0,0.988976377952756,0,0,0,0,0,0,0,0,0,0,0.00807754442649435,1,0,0.0112903225806452,1,0,0.00775193798449612,0,1,0,0,0,0,0,1,0.0171339563862928,0,0,0,0,0,0,0,0,0,0,0,0,0,0,0,0,0.00160771704180064,0,0.944968553459119,0,0,0,0,0,0,0,0,0,0,0,0,1,0,0.00969305331179321,0,0.940438871473354,0,0,0,0,1,0,0,0,0,0,0,0,0,0,0,1,0,0,0,0,0,0,1,0,0,0,0.00158730158730159,0,0,0,0,1,0,0,0,0,0,0,0,0,0,0,0,0,0.00318471337579618,0,0,0,0,0,0,0,0,0,0,0,0,1,0,0,0,1,0,0.987158908507223,0,0,0,0.995215311004785,0.00636942675159236,0,0,0,0,0,0,0,0,1,0,0,0,0,0,0,0,0.998417721518987,0,0,0,0,0,0.00162866449511401,0,0.0118043844856661,0.992076069730586,0,0,0,1,0,0.00158982511923688,0,0,0,1,1,0,0,1,0,0.990384615384615,1,1,0,1,0,0,0.00473186119873817,0,1,1,0,0,0,0,0.99673735725938,0.0125391849529781,0,0,0,0,1,0,0,0.00161812297734628,0,1,0,0,0,0.00160771704180064,1,0,0,0,1,0,0,0,0,0,0,0,0,0,0,0.00162337662337662,0,0.990353697749196,0,0,0,0,0.0128824476650564,1,0,0.00163934426229508,0,0,0,0,0,0,0,0,0,1,0,0,0,0.0048780487804878,0,0,0,0,0,0,0,0,0,0.0094488188976378,1,1,0,0,0,0,0,0,0,0,0.0124223602484472,1,0,0.0160513643659711,0,0,1,0,0,0,0.0016,0,0,0,0,0,0.0016366612111293,0,0,0.0146103896103896,0.024,0,0,0.990697674418605,0,0,0,0,0,0,0,0.76875,0,1,0.00160771704180064,0,0,0,1,0,0,0,0,0,0,1,1,0,0,0,1,0,0,0.576377952755906,0,0,0.00626959247648903,0,0,0,1,0,0,0,0.00309119010819165,0,0,0.987421383647799,0,0,1,0.00154798761609907,0,0,0,1,0.988871224165342,0,0,0,0,0.98740157480315,0.998371335504886,0,0,0,0,0,0,0,0,0.00164203612479475,0,0,0.996825396825397,0,1,0,0.163636363636364,0,0,0,1,0,0,0,1,0,1,0,0,1,0.0125195618153365,0,0,0.00163398692810458,0,1,0,0,1,0,0,0,0,0,0,0.00160513643659711,0,1,0,0.976452119309262,0.0186046511627907,0,0,0,0,0,0.919558359621451,0,0,0,0,0,0,0,1,1,0,1,0,0.998397435897436,0,0,0,0,0,0.998430141287284,0,0,0,0,0,0,0,0,0,0,0,0,0,0,1,0,0.0178861788617886,0,0.0266457680250784,0,0,0.00159489633173844,0,0.00162337662337662,0,0,0,0,0,0,0,0,0.00161550888529887,0.989164086687306,0,0,1,0,1,0,1,0,0,0,0,0,0,0,0.0128617363344051,1,1,0,0,0,1,1,0,0,0,1,0,1,0,0,0.036624203821656,0,1,0,0,0,0,0,0,0,0.901273885350318,0,1,0,0.990551181102362,0,0,0.369458128078818,1,1,0,0,0.0031201248049922,0,0,0,0,0,1,0,0,1,0,0,0,0.954258675078864,0,0,0,0,0,0,0,0,0,1,0,0,0.995098039215686,1,0,1,0,0,0,0,0,0.00328407224958949,0.0048,0,0.946957878315133,0,0.897226753670473,0.974643423137876,1,0.162939297124601,0,0,0.003125,0,0.9472,0.939297124600639,0,0.9744,0.992012779552716,0.950155763239875,0.968992248062015,0.940625,0,0.96969696969697,0,0,0.951060358890702,0,0.935837245696401,0,0.0542264752791069,0,0
"394",0.116987179487179,0.117174959871589,0.143533123028391,0.167763157894737,0.12396694214876,0.113085621970921,0.198412698412698,0.141479099678457,0.11198738170347,0,0.117088607594937,0,0.4928,0.112903225806452,0.854660347551343,0.889067524115756,0,0.0016260162601626,0.12436974789916,0.131410256410256,0.785373608903021,0.882736156351791,0.120826709062003,0,0.15689381933439,0.731078904991948,0.821256038647343,0.122749590834697,0.566978193146417,0.381329113924051,0.886115444617785,0.409162717219589,0.323529411764706,0.6944,0,0.119808306709265,0.00940438871473354,0.12280701754386,0.734567901234568,0.181674565560821,0,0,0,0.110378912685338,0.311148086522463,0.888888888888889,0.547077922077922,0.893650793650794,0.614173228346457,0.805255023183926,0,0.123595505617978,0.71474358974359,0.119086460032626,0.192,0.849025974025974,0,0.133986928104575,0.142172523961661,0.204724409448819,0.690590111642743,0.601910828025478,0.888524590163934,0,0.207236842105263,0.263327948303716,0,0.1184,0,0.88562091503268,0.246422893481717,0.881789137380192,0.888188976377953,0.114599686028257,0,0.376377952755906,0.872037914691943,0.492063492063492,0.207516339869281,0.793515358361775,0,0.389589905362776,0.753869969040248,0.10077519379845,0.815873015873016,0.215408805031447,0.111111111111111,0.14171974522293,0.1359375,0,0.1248,0.114649681528662,0,0,0.137931034482759,0,0.669856459330144,0.126582278481013,0,0,0.453968253968254,0,0.730337078651685,0.114192495921697,0.825273010920437,0.118226600985222,0,0.117263843648208,0.890343698854337,0.886581469648562,0.883386581469649,0.180645161290323,0.756410256410256,0.116242038216561,0,0.131621187800963,0.401913875598086,0,0.892234548335975,0.762135922330097,0,0.320512820512821,0.736507936507937,0.864909390444811,0.13237639553429,0.789719626168224,0.117004680187207,0.1168,0,0.513428120063191,0.173633440514469,0.555008210180624,0.126644736842105,0,0.120325203252033,0.917445482866044,0,0.767479674796748,0.474878444084279,0.540983606557377,0,0,0.135265700483092,0.333333333333333,0.772652388797364,0.108943089430894,0.881493506493506,0.198717948717949,0.699013157894737,0.131329113924051,0.814754098360656,0.129541864139021,0.108239095315024,0.28006329113924,0.114285714285714,0.88379705400982,0.117460317460317,0.889245585874799,0,0.33868378812199,0.227769110764431,0.124006359300477,0.886996904024768,0,0.110935023771791,0.60291734197731,0.12106135986733,0.110410094637224,0.106180665610143,0.715179968701095,0.125596184419714,0.884430176565008,0.155763239875389,0.889589905362776,0.208130081300813,0.656692913385827,0,0.135702746365105,0,0.249605055292259,0.10702875399361,0.801932367149758,0.123613312202853,0.172741679873217,0.124233128834356,0.129082426127527,0.883683360258481,0.735202492211838,0.187399030694669,0.176567656765677,0.861513687600644,0.888712241653418,0.134087237479806,0.222044728434505,0,0,0.712680577849117,0,0.118564742589704,0.786053882725832,0.209076175040519,0.34012539184953,0.121725731895223,0.615883306320908,0.595846645367412,0.725938009787928,0.198083067092652,0.140983606557377,0.224842767295597,0,0.214626391096979,0.793103448275862,0.169934640522876,0.885483870967742,0.857589984350548,0.508856682769726,0.128205128205128,0.128410914927769,0.279032258064516,0.112877583465819,0.21259842519685,0,0.841269841269841,0.413416536661466,0.110197368421053,0,0.119122257053292,0.131868131868132,0.509554140127389,0.569157392686804,0.119935170178282,0.110197368421053,0.634615384615385,0,0.209119496855346,0.551779935275081,0.139344262295082,0.886762360446571,0.153125,0.114147909967846,0.114285714285714,0.147487844408428,0.578616352201258,0.889250814332248,0.143759873617694,0.521259842519685,0.883435582822086,0.887864823348694,0.861513687600644,0.879173290937997,0.811594202898551,0.412130637636081,0.885483870967742,0.896062992125984,0.8768,0.493710691823899,0.846534653465347,0.129952456418384,0,0.878787878787879,0,0.751219512195122,0.113268608414239,0.124600638977636,0.198098256735341,0,0.211475409836066,0.235387045813586,0.409090909090909,0.482258064516129,0.583870967741935,0.553225806451613,0,0.120717781402936,0.825878594249201,0.406040268456376,0.142628205128205,0.8832,0.341194968553459,0.890145395799677,0.8224,0.111459968602826,0.11437908496732,0.18494271685761,0,0.440625,0.204838709677419,0,0.877777777777778,0.195618153364632,0.123778501628664,0,0.894245723172628,0.882725832012678,0.135537190082645,0.216171617161716,0.885057471264368,0,0.61698717948718,0.122977346278317,0.299065420560748,0.722929936305732,0.422258592471358,0.160063391442155,0.874804381846635,0.10377358490566,0.112903225806452,0.888535031847134,0.151898734177215,0.117455138662316,0.146381578947368,0.107371794871795,0.804451510333863,0.693163751987281,0.722929936305732,0.133550488599349,0.161184210526316,0.004739336492891,0.742718446601942,0.13946117274168,0.800314465408805,0.72281776416539,0.113782051282051,0.117741935483871,0.137161084529506,0.385245901639344,0.110062893081761,0.74313408723748,0.145339652448657,0.118032786885246,0,0.681889763779528,0.492682926829268,0.887459807073955,0.0031496062992126,0.882629107981221,0.204472843450479,0.887147335423197,0.889240506329114,0,0.774350649350649,0.113964686998395,0.837662337662338,0.127906976744186,0.14488188976378,0.130225080385852,0.711038961038961,0.717607973421927,0.404186795491143,0.66218487394958,0,0.271268057784912,0.870662460567823,0.916271721958926,0.784440842787682,0.106732348111658,0.900958466453674,0,0.68088467614534,0.882725832012678,0.875613747954173,0.562798092209857,0.109149277688604,0.780366056572379,0.112956810631229,0.11869918699187,0,0.116030534351145,0.88871473354232,0.113178294573643,0.244336569579288,0.116279069767442,0.881028938906752,0.129133858267717,0.884057971014493,0.210272873194221,0.40359477124183,0.15987460815047,0.127725856697819,0.0972447325769854,0.710610932475884,0.136436597110754,0.114599686028257,0.891509433962264,0.885350318471338,0.117647058823529,0.103392568659128,0.7508038585209,0.200315457413249,0.147840531561462,0.157232704402516,0.113237639553429,0,1,0.109697933227345,0.889589905362776,0,0.141693811074919,0,0.887301587301587,0.110047846889952,0.147967479674797,0,0.428346456692913,0.626409017713366,0.129934210526316,0.888341543513957,0.243941841680129,0.121710526315789,0.640065146579805,0.471428571428571,0.328,0,0.784469096671949,0.133443163097199,0.112721417069243,0.598070739549839,0.107765451664025,0.136894824707846,0.887459807073955,0,0.117739403453689,0.117932148626817,0.155448717948718,0.397476340694006,0.876019575856444,0.232899022801303,0.7264,0.76271186440678,0,0.449752883031302,0.454983922829582,0.4816,0,0.77258064516129,0.201277955271566,0.437598736176935,0.578616352201258,0.986046511627907,0,0,0.100154083204931,0.122641509433962,0,0.193861066235864,0,0,0,0.112929623567921,0,0.116086235489221,0.295638126009693,0.534290271132376,0.106012658227848,0,0,0.122186495176849,0.16304347826087,0.354992076069731,0.889408099688474,0,0.190031152647975,0.469291338582677,0.107086614173228,0.551342812006319,0.789303079416532,0,0.133757961783439,0.880327868852459,0.144480519480519,0.867430441898527,0,0.88125,0.809446254071661,0.54606365159129,0.125786163522013,0,0.173708920187793,0.142172523961661,0.115264797507788,0,0.899521531100478,0.169811320754717,0.903654485049834,0.114241001564945,0.105345911949686,0.879173290937997,0.121794871794872,0.713375796178344,0.289137380191693,0.907766990291262,0.787828947368421,0.154704944178628,0,0.904838709677419,0.137876386687797,0.892156862745098,0.435855263157895,0.617504051863857,0,0.818181818181818,0.350906095551895,0.736593059936908,0.134185303514377,0.878594249201278,0.800627943485086,0.568561872909699,0.168486739469579,0.212698412698413,0.147011308562197,0.350734094616639,0,0.129746835443038,0.891547049441786,0.147011308562197,0.638752052545156,0.890965732087227,0.110759493670886,0.123176661264182,0.116504854368932,0.458199356913183,0.120578778135048,0.809135399673736,0.787096774193548,0.162420382165605,0.202852614896989,0,0,0.114192495921697,0.180781758957655,0.8743961352657,0.125,0.120826709062003,0.675118858954041,0.186161449752883,0.354892205638474,0.195348837209302,0,0.134304207119741,0.647527910685805,0.114649681528662,0.119547657512116,0,0.434359805510535,0.13290113452188,0.889776357827476,0.392,0.698412698412698,0.280431432973806,0.432258064516129,0.149532710280374,0.837753510140406,0.116584564860427,0.121451104100946,0.125796178343949,0.681444991789819,0.814102564102564,0.120063191153239,0.119685039370079,0,0.319182389937107,0.57667731629393,0.789137380191693,0.335974643423138,0.112540192926045,0.230519480519481,0.111287758346582,0.116822429906542,0.885245901639344,0,0.272285251215559,0.889245585874799,0.882258064516129,0.798732171156894,0,0.1184,0.1939586645469,0.114104595879556,0.105095541401274,0.839344262295082,0.881219903691814,0,0,0.80226904376013,0.848,0.798076923076923,0,0.894568690095847,0.110047846889952,0.382677165354331,0.706840390879479,0.106623586429725,0.465299684542587,0.142394822006472,0.44,0.447244094488189,0,0.112135176651306,0.638126009693053,0.561488673139159,0.1765625,0.129890453834116,0.640575079872205,0,0.165594855305466,0.142414860681115,0,0.135007849293564,0.882825040128411,0.13355592654424,0.586261980830671,0,0,0.567880794701987,0.27258064516129,0.885758998435055,0.856209150326797,0,0,0.326717557251908,0.8704,0.109060402684564,0.767515923566879,0.123028391167192,0.881538461538461,0.639498432601881,0.66936790923825,0.237623762376238,0.820428336079077,0.892744479495268,0,0.874388254486134,0,0.12093023255814,0.71947194719472,0.128682170542636,0.896272285251216,0.116987179487179,0,0.526645768025078,0.577487765089723,0.104333868378812,0,0.112341772151899,0,0.705211726384365,0.113884555382215,0,0.397456279809221,0.135702746365105,0.367088607594937,0.141233766233766,0.886614173228346,0,0.111821086261981,0.776508972267537,0,0.413522012578616,0.887345679012346,0.878740157480315,0.11620294599018,0.11437908496732,0.130637636080871,0.137540453074434,0.129659643435981,0,0.132471728594507,0,0.644444444444444,0.777955271565495,0.122222222222222,0.116057233704293,0.123824451410658,0.128775834658188,0.0315955766192733,0.897560975609756,0.122719734660033,0.146496815286624,0.358609794628752,0.130503144654088,0.113207547169811,0.1424,0,0,0.118279569892473,0,0.851735015772871,0.00163132137030995,0.156645569620253,0.782679738562091,0.762376237623762,0.80564263322884,0.184,0.00160771704180064,0.840322580645161,0.112519809825674,0.110591900311526,0.47172859450727,0.635658914728682,0.75609756097561,0.82807570977918,0.440456769983687,0.88801261829653,0.804451510333863,0.527821939586645,0.736421725239617,0.378164556962025,0.871335504885994,0,0.882447665056361,0.663934426229508,0.114617940199336,0.402535657686212,0.745762711864407,0.457006369426752,0.216772151898734,0.113178294573643,0.156666666666667,0.128455284552846,0.119547657512116,0.11525974025974,0.543443917851501,0.714968152866242,0.107544141252006,0.889751552795031,0.8859375,0.214968152866242,0,0.117554858934169,0.135782747603834,0,0.816528925619835,0,0.169657422512235,0,0.138314785373609,0.112359550561798,0.878740157480315,0.256451612903226,0.113029827315542,0.423014586709887,0.458937198067633,0.203852327447833,0,0,0.17195325542571,0.168970814132104,0.133122028526149,0,0,0.88130081300813,0.773940345368917,0.531300160513644,0,0.6176,0,0.187192118226601,0.110754414125201,0.772504091653028,0.737421383647799,0,0.769968051118211,0.4928,0.229430379746835,0.154929577464789,0.322006472491909,0.894321766561514,0.129296235679214,0.0772946859903382,0.105177993527508,0,0.125596184419714,0,0.12012987012987,0.895330112721417,0.555016181229773,0,0,0.28006329113924,0.167213114754098,0.155172413793103,0.3765625,0.874804381846635,0.884176182707993,0.265822784810127,0.251184834123223,0,0.900641025641026,0.137096774193548,0,0.12012987012987,0.144654088050314,0.872408293460925,0.00162337662337662,0.885167464114832,0.106349206349206,0.646381578947368,0.840064620355412,0.840983606557377,0.862179487179487,0.383223684210526,0.816745655608215,0.107142857142857,0,0.311004784688995,0.127158555729984,0,0,0.891975308641975,0,0.884430176565008,0.115323854660348,0.350906095551895,0.885993485342019,0.892282958199357,0.514754098360656,0.153970826580227,0.590189873417722,0.003125,0.877022653721683,0.0527182866556837,0.00791139240506329,0,0.733333333333333,0.877934272300469,0.875,0.886255924170616,0.885758998435055,0.00161812297734628,0.0031201248049922,0.87719298245614,0.00485436893203883,0.00165837479270315,0.0222575516693164,0.00637958532695375,0.00315457413249211,0.891373801916933,0.0111287758346582,0.887070376432079,0.889430894308943,0.00325732899022801,0.889952153110048,0.0389408099688473,0.88301282051282,0.819488817891374,0.88390092879257,0.8816
"395",0.996825396825397,1,0.965891472868217,0.933227344992051,0.984202211690363,1,0.889580093312597,0.970172684458399,1,0,1,0,0.570977917981073,1,0.0421875,0.00308641975308642,0,0.01875,0.998405103668262,0.98297213622291,0.137715179968701,0.0372168284789644,0.990639625585023,0,0.956521739130435,0.249201277955272,0.104524180967239,0.988745980707395,0.462480857580398,0.690880989180835,0,0.687402799377916,0.764984227129338,0.275039745627981,0,1,0.0200308166409861,0.995398773006135,0.249244712990937,0.906584992343032,0.00158730158730159,0.0200927357032458,0.00769230769230769,1,0.785826771653543,0.0190174326465927,0.5152,0,0.459665144596651,0.127496159754224,0,0.995305164319249,0.255451713395639,1,0.881889763779528,0.15506329113924,0,0.979527559055118,0.959152798789713,0.905864197530864,0.292569659442724,0.430340557275542,0,0,0.904836193447738,0.834621329211746,0,0.988958990536278,0,0,0.86697247706422,0.0077639751552795,0.0202808112324493,1,0,0.703196347031963,0.0461538461538462,0.575153374233129,0.897151898734177,0.267536704730832,0,0.708141321044547,0.206153846153846,0.998475609756098,0.102325581395349,0.905053598774885,0.998468606431853,0.96411856474259,0.965996908809892,0.0137825421133231,0.9890625,1,0,0,0.969648562300319,0,0.290372670807453,0.981366459627329,0.00924499229583975,0.0108527131782946,0.589424572317263,0,0.269413629160063,1,0.0953101361573374,1,0.0125588697017268,0.973478939157566,0,0.00623052959501558,0.0060790273556231,0.902973395931142,0.330696202531646,0.990491283676704,0,0.986068111455108,0.706521739130435,0,0,0.241758241758242,0,0.761755485893417,0.234375,0.0705128205128205,0.973520249221184,0.144393241167435,0.996941896024465,0.995356037151703,0,0.537984496124031,0.934984520123839,0.487961476725522,0.988906497622821,0,0.993558776167472,0.0226244343891403,0,0.192733017377567,0.630030959752322,0.503174603174603,0,0,0.976887519260401,0.76875,0.162118780096308,1,0.00622083981337481,0.91640866873065,0.404388714733542,0.97737556561086,0.127009646302251,0.982945736434109,1,0.833333333333333,0.993808049535604,0,1,0,0,0.755134281200632,0.869230769230769,0.983050847457627,0.0183767228177642,0,1,0.463607594936709,1,1,1,0.281391830559758,0.975193798449612,0.00157977883096367,0.951367781155015,0,0.899536321483771,0.363496932515337,0,0.984375,0,0.843014128728414,1,0.111811023622047,0.979969183359014,0.948091603053435,0.989409984871407,0.974045801526718,0.089922480620155,0.377099236641221,0.924290220820189,0.940705128205128,0.0599369085173502,0.00460829493087558,0.977635782747604,0.85625,0,0,0.288643533123028,0.00154320987654321,1,0.241960183767228,0.872,0.754276827371695,0.987915407854985,0.433333333333333,0.445300462249615,0.276629570747218,0.924170616113744,0.9629057187017,0.876543209876543,0,0.888544891640867,0.162939297124601,0.950949367088608,0,0.0682170542635659,0.5320813771518,0.978125,0.976993865030675,0.824806201550388,0.998463901689708,0.887147335423197,0,0.0690737833594976,0.670245398773006,0.993630573248408,0,0.993769470404984,0.978527607361963,0.543478260869565,0.547286821705426,0.988941548183254,1,0.359497645211931,0,0.88109756097561,0.517295597484277,0.966346153846154,0,0.956989247311828,0.998425196850394,1,0.949074074074074,0.534375,0.00159744408945687,0.966929133858268,0.531881804043546,0.00300751879699248,0,0.202177293934681,0,0.143769968051118,0.666167664670659,0,0.00307219662058372,0.00911854103343465,0.585365853658537,0.0373376623376623,0.982677165354331,0.0143540669856459,0,0,0.212460063897764,1,0.979750778816199,0.900306748466258,0,0.87220447284345,0.857805255023184,0.692551505546751,0.604395604395604,0.451968503937008,0.454833597464342,0.0138461538461538,1,0.0860215053763441,0.705691056910569,0.956386292834891,0.0108024691358025,0.753125,0.00156985871271586,0.117829457364341,1,1,0.887480190174326,0,0.639269406392694,0.8765625,0,0,0.886363636363636,0.976303317535545,0,0.00154798761609907,0.00154083204930663,0.977707006369427,0.885895404120444,0,0,0.372670807453416,0.988941548183254,0.791476407914764,0.395672333848532,0.664536741214057,0.961538461538462,0.00938967136150235,1,1,0.0047244094488189,0.961300309597523,1,0.977707006369427,0.996870109546166,0.184049079754601,0.299847792998478,0.270606531881804,0.971653543307087,0.93900481540931,0.0523882896764253,0.265210608424337,0.974882260596546,0.155038759689922,0.315548780487805,0.993779160186625,0.996825396825397,0.968798751950078,0.709728867623604,0.996941896024465,0.244094488188976,0.958268933539413,0.996810207336523,0,0.310291858678955,0.5311004784689,0.0141732283464567,0.0526315789473684,0.00916030534351145,0.906542056074766,0.0245398773006135,0,0,0.232449297971919,0.990625,0.0671875,0.987138263665595,0.968847352024922,0.987460815047022,0.274015748031496,0.276252019386107,0.675925925925926,0.453507340946166,0,0.818604651162791,0.0107858243451464,0.0384615384615385,0.180428134556575,1,0,0,0.319444444444444,0.0078125,0.0157977883096366,0.459247648902821,1,0.27373417721519,1,0.970125786163522,0,0.989505247376312,0,0.998463901689708,0.82472613458529,1,0.0110236220472441,0.98,0,0.882911392405063,0.7104,0.945205479452055,0.987596899224806,0.996850393700787,0.282208588957055,0.960815047021944,1,0,0.0215716486902928,1,1,0.326120556414219,0.886996904024768,0.962903225806452,0.950155763239875,1,0,0.109697933227345,1,0,0,0.960815047021944,0.0129032258064516,0.0388802488335925,1,0.965732087227414,0.0047244094488189,0.616719242902208,0.416139240506329,0.982484076433121,0,0.866352201257862,0.996789727126806,0.368253968253968,0.607033639143731,0.791021671826625,0,0.145539906103286,0.972624798711755,0.998449612403101,0.435185185185185,1,0.975083056478405,0.0312989045383412,0,0.986238532110092,0.993630573248408,0.946287519747235,0.689127105666156,0.00476190476190476,0.869362363919129,0.24,0.188834154351396,0.00769230769230769,0.617693522906793,0.606012658227848,0.604361370716511,0,0.279552715654952,0.908082408874802,0.64,0.511520737327189,0.0744047619047619,0,0,1,0.976958525345622,0,0.917316692667707,0.0125391849529781,0,0,0.998449612403101,0,1,0.765891472868217,0.515789473684211,1,0,0,0.995319812792512,0.959214501510574,0.718944099378882,0,0.0032520325203252,0.874233128834356,0.589665653495441,1,0.523364485981308,0.345794392523364,0,0.981481481481482,0,0.952904238618524,0.0859375,0,0.00904977375565611,0.10207336523126,0.5,0.972350230414747,0,0.949308755760369,0.976671850699845,1,0,0.0669856459330144,0.939144736842105,0.00485436893203883,1,1,0.00925925925925926,1,0.283307810107198,0.807098765432099,0.010989010989011,0.156050955414013,0.959501557632399,0.0123839009287926,0,0.972136222910217,0.00641025641025641,0.649762282091918,0.382445141065831,0,0.112828438948995,0.729001584786054,0.244582043343653,0.975193798449612,0,0.146604938271605,0.459677419354839,0.953172205438066,0.884498480243161,0.960567823343849,0.7488,0,0.983024691358025,0,0.968944099378882,0.382636655948553,0,1,1,1,0.636932707355243,0.985915492957746,0.115264797507788,0.169544740973312,0.942097026604069,0.873282442748092,0,0,0.991961414790997,0.935126582278481,0.0078125,0.982731554160126,0.992175273865415,0.360681114551084,0.927099841521395,0.726984126984127,0.880733944954128,0,0.965299684542587,0.324409448818898,1,0.998454404945904,0,0.649921507064364,0.970633693972179,0,0.684782608695652,0.376899696048632,0.803303303303303,0.680379746835443,0.954476479514416,0.0876923076923077,0.979462875197472,1,0.979623824451411,0.290271132376396,0.0976744186046512,0.988906497622821,1,0.00909090909090909,0.794435857805255,0.458204334365325,0.259720062208398,0.770416024653313,1,0.878315132605304,1,0.122887864823349,0,0,0.81974921630094,0.0015552099533437,0,0.275968992248062,0,0.989197530864197,0.91131498470948,0.9984375,0.993920972644377,0.0924764890282132,0,0,0,0.162460567823344,0.0716510903426791,0.155660377358491,0,0,1,0.010752688172043,0.279434850863422,1,0.568567026194145,0.973101265822785,0.65527950310559,0.632218844984802,0,1,0.382775119617225,0.490445859872611,0.917304747320061,0.989230769230769,0.372670807453416,0.0109375,0.949606299212598,0.953703703703704,0,0.966412213740458,0.0122699386503067,0.983792544570502,0.440124416796268,0,0.0107692307692308,0.512987012987013,0.84012539184953,0,0.131955484896661,0.0139751552795031,0.00161290322580645,0.743511450381679,0.0219092331768388,1,0.313846153846154,0.99236641221374,0,0.372670807453416,0.333333333333333,0.869218500797448,0.0963081861958267,0.00310077519379845,0.00310077519379845,0.0364500792393027,0,0.993836671802773,0.04,0.97583081570997,0.00313479623824451,1,0,0.510670731707317,0.452830188679245,1,0,0.998482549317147,0,0.390599675850891,0.986238532110092,0,0.637636080870918,0.977635782747604,0.754330708661417,0.946031746031746,0.0290964777947933,0,1,0.26550079491256,0,0.687595712098009,0,0.0108024691358025,1,1,0.98937784522003,0.966876971608833,0.979591836734694,0,0.976708074534162,0.02,0.342064714946071,0.291217257318952,0.990683229813665,0.990639625585023,0.993911719939117,0.993855606758833,0.057542768273717,0.0141732283464567,0.983922829581994,0.961360123647604,0.719939117199391,0.981623277182236,1,0.967492260061919,0,0,0.983458646616541,0,0.0664605873261206,0,0.95046439628483,0.276083467094703,0.20253164556962,0.119815668202765,0.924882629107981,0,0.0962732919254658,1,1,0.630030959752322,0.411764705882353,0.211077844311377,0.178625954198473,0.652931854199683,0,0.119083969465649,0.54746835443038,0.266457680250784,0.702028081123245,0.0123456790123457,0,0,0.313880126182965,1,0.610591900311526,0.211161387631976,0.616692426584235,0.877675840978593,0.990895295902883,0.962356792144026,0.982677165354331,1,0.9984,0.554347826086957,0.409785932721713,0.998430141287284,0.00300751879699248,0.00600600600600601,0.87673343605547,0.0137614678899083,1,0.973724884080371,0,0.103503184713376,0,0.95,0,0.970679012345679,1,0.0077639751552795,0.841692789968652,1,0.650641025641026,0.617873651771957,0.873239436619718,0,0,0.935064935064935,0.939078751857355,0.986259541984733,0,0,0,0.238239757207891,0.498442367601246,0,0.4484375,0,0.922712933753943,1,0.155948553054662,0.2326656394453,0,0.34493670886076,0.577223088923557,0.86875,0.957055214723926,0.782071097372488,0,0.990384615384615,0.0154798761609907,1,0,0.978625954198473,0.00933125972006221,1,0.0171875,0.0125588697017268,0,0,0.823161189358372,0.925445705024311,0.936923076923077,0.719135802469136,0.0138248847926267,0.00317965023847377,0.842266462480858,0.835866261398176,0,0.0140625,0.965244865718799,0,0.988817891373802,0.950844854070661,0.055205047318612,0.0430769230769231,0.003125,1,0.46551724137931,0.0758293838862559,0.103833865814696,0.111111111111111,0.693163751987281,0.0897832817337461,1,0,0.7703125,0.983257229832572,0.0047244094488189,0,0,0,0,1,0.7216,0,0,0.530805687203792,0.954186413902054,0.441860465116279,0.0526315789473684,0.00161290322580645,0.0560897435897436,0.0201550387596899,0,0.0221870047543582,0.00452488687782805,0.0015600624024961,0.0107692307692308,0,0.0503937007874016,0.0571870170015456,0.0155763239875389,0.0220472440944882,0.00638977635782748,0.0278207109737249,0.0265210608424337,0.061633281972265,0.00783699059561128,0.0215384615384615,0,0.00157977883096367,0.0467289719626168,0.00622083981337481,0.0242792109256449,0,0.0340557275541796,0.00148809523809524,0.0015600624024961
"396",0.00158730158730159,0.00157728706624606,0.0291858678955453,0.064,0.0161550888529887,0.00161550888529887,0.103833865814696,0.0284810126582278,0,0,0.00155763239875389,0,0.440944881889764,0.00160771704180064,0.955625990491284,0.993720565149137,0,0.00158982511923688,0.00490196078431373,0.0157728706624606,0.844827586206897,0.970731707317073,0.0108191653786708,0,0.0521327014218009,0.750397456279809,0.900316455696203,0.011437908496732,0.539877300613497,0.319685039370079,1,0.33596214511041,0.236044657097289,0.708920187793427,0,0.00156985871271586,0.00463678516228748,0.00773993808049536,0.746223564954683,0.107142857142857,0,0,0,0.0016025641025641,0.220779220779221,0.97557003257329,0.485668789808917,0.998412698412698,0.548686244204019,0.86286594761171,0,0.00946372239747634,0.738582677165354,0.00158478605388273,0.111642743221691,0.84775641025641,0,0.0302547770700637,0.0419906687402799,0.102040816326531,0.696594427244582,0.572530864197531,0.998405103668262,0,0.103059581320451,0.180379746835443,0,0.00938967136150235,0,0.998376623376623,0.151181102362205,0.993660855784469,0.9826224328594,0.00154559505409583,0,0.302003081664099,0.955453149001536,0.417582417582418,0.1104,0.731666666666667,0,0.304821150855365,0.788906009244992,0.00310077519379845,0.882445141065831,0.0920436817472699,0.00471698113207547,0.0300632911392405,0.028125,0,0.0127186009538951,0.00158982511923688,0,0,0.0304975922953451,0,0.694835680751174,0.0218408736349454,0,0,0.375594294770206,0,0.725118483412322,0.00161030595813205,0.903225806451613,0.00161290322580645,0,0.0253968253968254,0.998415213946117,0.990639625585023,0.992088607594937,0.0922098569157393,0.675078864353312,0.00950871632329636,0,0.0158730158730159,0.30829420970266,0,0.998430141287284,0.7712,0,0.238924050632911,0.751173708920188,0.936065573770492,0.0250391236306729,0.864274570982839,0.0046583850931677,0.0047244094488189,0,0.44811320754717,0.0665610142630745,0.522653721682848,0.00802568218298555,0,0.00803858520900321,0.976708074534162,0,0.793269230769231,0.364069952305246,0.48202614379085,0,0,0.0236593059936909,0.247619047619048,0.824959481361426,0.00161812297734628,0.992125984251969,0.0763239875389408,0.591639871382637,0.0230414746543779,0.8672,0.0158227848101266,0.00159744408945687,0.157566302652106,0.00470219435736677,0.998402555910543,0.00158478605388273,0.998420221169036,0,0.261075949367089,0.131987577639752,0.0202808112324493,0.982998454404946,0,0.00154320987654321,0.553398058252427,0.00164744645799012,0,0.00153846153846154,0.719135802469136,0.0220820189274448,1,0.053680981595092,0.998461538461539,0.109677419354839,0.628164556962025,0,0.0190779014308426,0,0.1546875,0.00156494522691706,0.882447665056361,0.0159235668789809,0.0533751962323391,0.00759878419452888,0.0247678018575851,0.908227848101266,0.634848484848485,0.0781499202551834,0.0604575163398693,0.945141065830721,0.993730407523511,0.0174603174603175,0.13015873015873,0,0,0.701726844583987,0,0.0015600624024961,0.740625,0.1232,0.250388802488336,0.00770416024653313,0.564945226917058,0.572542901716069,0.713141025641026,0.0846394984326019,0.0406885758998435,0.128125,0,0.124006359300477,0.82741935483871,0.0529695024077047,0.998402555910543,0.927580893682589,0.456521739130435,0.0233281493001555,0.0201238390092879,0.175632911392405,0.0015625,0.111459968602826,0,0.93125,0.346811819595645,0.00476190476190476,0,0.00778816199376947,0.02,0.452978056426332,0.457680250783699,0.012779552715655,0,0.622222222222222,0,0.10939907550077,0.492913385826772,0.0244698205546493,0.998439937597504,0.0391236306729265,0.0032,0.00157232704402516,0.0442338072669826,0.470679012345679,0.996825396825397,0.028391167192429,0.456112852664577,0.993874425727412,0.998466257668712,0.812400635930048,1,0.854604200323102,0.334890965732087,0.998417721518987,0.996870109546166,0.988835725677831,0.418604651162791,0.966237942122186,0.0159744408945687,0,0.998420221169036,0,0.779552715654952,0.00161812297734628,0.0251968503937008,0.112519809825674,0,0.131067961165049,0.147286821705426,0.334394904458599,0.412225705329154,0.551342812006319,0.546474358974359,0,0,0.910077519379845,0.319672131147541,0.0380952380952381,0.988958990536278,0.264150943396226,0.996865203761755,0.886792452830189,0.00153609831029186,0,0.1,0,0.360248447204969,0.106858054226475,0,1,0.0927672955974843,0.0193236714975845,0,0.998427672955975,0.998442367601246,0.0193236714975845,0.119617224880383,0.998384491114701,0,0.607535321821036,0.0111111111111111,0.217729393468118,0.614307931570762,0.35426731078905,0.0440251572327044,0.990668740279938,0,0.00156494522691706,0.993620414673046,0.0344287949921753,0.00158478605388273,0.0307443365695793,0.00476190476190476,0.819334389857369,0.693374422187982,0.708661417322835,0.0225442834138486,0.060655737704918,0.0015625,0.732909379968203,0.0283018867924528,0.84037558685446,0.701515151515152,0.00315457413249211,0.00321027287319422,0.0337620578778135,0.315286624203822,0.00310077519379845,0.753164556962025,0.0328125,0.00321027287319422,0,0.688854489164087,0.455716586151369,0.984276729559748,0.0015552099533437,0.989079563182527,0.0965732087227414,0.974882260596546,0.998420221169036,0,0.777602523659306,0.00642054574638844,0.929245283018868,0.014827018121911,0.0270700636942675,0.0142857142857143,0.719745222929936,0.715670436187399,0.318681318681319,0.553366174055829,0,0.183254344391785,0.989329268292683,0.959438377535101,0.820031298904538,0.0016025641025641,0.996865203761755,0,0.682242990654206,0.989130434782609,0.977671451355662,0.519809825673534,0.00159235668789809,0.730462519936204,0.0016366612111293,0.0368,0,0.00749625187406297,0.998417721518987,0.00309597523219814,0.173374613003096,0.00162337662337662,0.987301587301587,0.0263975155279503,0.998456790123457,0.126959247648903,0.294952681388013,0.054773082942097,0.01743264659271,0,0.703761755485893,0.0348101265822785,0.0015220700152207,0.998456790123457,0.979623824451411,0.0016025641025641,0,0.67244094488189,0.125588697017268,0.0376432078559738,0.0482866043613707,0.0015552099533437,0,0.889589905362776,0,1,0,0.0334394904458599,0,0.960505529225908,0.00154083204930663,0.0351437699680511,0,0.365506329113924,0.582938388625592,0.0178571428571429,0.996779388083736,0.1376,0.0032258064516129,0.6384,0.40405616224649,0.230273752012882,0,0.847619047619048,0.0257648953301127,0.00315955766192733,0.551505546751189,0.00156739811912226,0.0252525252525253,0.966824644549763,0,0.0141287284144427,0.00635930047694754,0.0469483568075117,0.310452418096724,0.990551181102362,0.139423076923077,0.769230769230769,0.814691151919866,0,0.378421900161031,0.412044374009509,0.394366197183099,0,0.712662337662338,0.0936507936507937,0.358255451713396,0.500772797527048,0.928679817905918,0,0,0.0015220700152207,0.0278207109737249,0,0.0788643533123028,0,0,0,0.00316957210776545,0,0.00162074554294976,0.22397476340694,0.473520249221184,0.0015527950310559,0,0,0.00642054574638844,0.0367534456355283,0.291731669266771,0.998430141287284,0,0.107858243451464,0.408320493066256,0,0.481191222570533,0.653907496012759,0,0.0172143974960876,1,0.0449438202247191,0.913875598086124,0,0.989296636085627,0.87758346581876,0.520593080724876,0.0297805642633229,0,0.0479876160990712,0.0251177394034537,0.0015600624024961,0,0.930979133226324,0.0706075533661741,0.993506493506494,0.00152905198776758,0,0.989028213166144,0,0.699367088607595,0.200631911532385,0.99203821656051,0.845276872964169,0.0411392405063291,0,1,0.0276497695852535,0.99349593495935,0.348726114649682,0.605136436597111,0,0.894171779141104,0.276083467094703,0.748019017432647,0.0251177394034537,0.998420221169036,0.850539291217257,0.546511627906977,0.0519083969465649,0.12,0.0383386581469649,0.2576,0,0.0185758513931889,1,0.0349761526232114,0.603864734299517,0.998470948012232,0.00158478605388273,0,0.00156494522691706,0.369426751592357,0.0173501577287066,0.876777251184834,0.815165876777251,0.0550314465408805,0.1125,0,0,0.00794912559618442,0.068362480127186,0.988745980707395,0.0174880763116057,0.0063391442155309,0.639810426540284,0.0680713128038898,0.270833333333333,0.103715170278638,0,0.0315955766192733,0.660828025477707,0.00156739811912226,0.00316455696202532,0,0.3536,0.0257648953301127,0.998425196850394,0.3296,0.618524332810047,0.203647416413374,0.317891373801917,0.0442748091603053,0.915254237288136,0.0127591706539075,0.0015625,0.0204724409448819,0.695161290322581,0.888188976377953,0.0110584518167457,0.00153846153846154,0,0.222910216718266,0.548136645962733,0.733542319749216,0.238993710691824,0.00155038759689922,0.127158555729984,0.00156739811912226,0.114503816793893,0.998366013071895,0,0.183673469387755,0.996835443037975,0.998435054773083,0.731746031746032,0,0.00784929356357928,0.0881889763779528,0.003125,0.0062402496099844,0.910543130990415,0.998422712933754,0,0,0.8368,0.938808373590982,0.856687898089172,0,1,0.00157977883096367,0.429237947122862,0.718799368088468,0,0.409162717219589,0.0270700636942675,0.349056603773585,0.369969040247678,0,0.00151285930408472,0.612903225806452,0.506349206349206,0.0728682170542636,0.012326656394453,0.625391849529781,0,0.0551181102362205,0.0486656200941915,0,0.033587786259542,0.993779160186625,0.0115321252059308,0.572755417956656,0,0,0.490228013029316,0.168,0.998439937597504,0.871019108280255,0,0,0.266768292682927,0.979299363057325,0.00165289256198347,0.687106918238994,0.0077639751552795,0.998454404945904,0.623076923076923,0.680379746835443,0.139837398373984,0.912479740680713,1,0,0.971563981042654,0,0.00622083981337481,0.809983896940419,0.0213089802130898,1,0.0016,0,0.488335925349922,0.548335974643423,0.0015625,0,0.00153139356814701,0,0.6112,0.0109034267912773,0,0.33693972179289,0.0175438596491228,0.251572327044025,0.0447284345047923,0.9640625,0,0.00158227848101266,0.73968253968254,0,0.325153374233129,0.998463901689708,0.987673343605547,0.00159744408945687,0.00159489633173844,0.00775193798449612,0.027027027027027,0.0176,0,0.0253164556962025,0,0.638629283489097,0.710900473933649,0.0109546165884194,0.00796178343949045,0.0077639751552795,0.00924499229583975,0.0283464566929134,0.985849056603774,0.0164473684210526,0.0377358490566038,0.284389489953632,0.0233644859813084,0,0.0254372019077901,0,0,0.0212121212121212,0,0.936532507739938,0.0016025641025641,0.0499219968798752,0.721153846153846,0.796147672552167,0.8859375,0.0755627009646302,0,0.901253918495298,0.00158478605388273,0.0015527950310559,0.384615384615385,0.575075075075075,0.788519637462236,0.824961948249619,0.349761526232114,0.998430141287284,0.886970172684458,0.459715639810427,0.7425431711146,0.29984544049459,0.987441130298273,0,0.998397435897436,0.669887278582931,0.00161290322580645,0.353312302839117,0.775075987841945,0.380348652931854,0.128125,0.0138461538461538,0.0403225806451613,0.0206677265500795,0.00161030595813205,0.0032,0.46875,0.585403726708075,0.0031496062992126,0.995454545454545,0.989263803680982,0.130298273155416,0,0.00154320987654321,0.0331230283911672,0,0.900651465798046,0,0.0519685039370079,0,0.0283018867924528,0.00156739811912226,0.992283950617284,0.166931637519873,0.00154559505409583,0.348580441640379,0.385802469135802,0.109697933227345,0,0,0.06957928802589,0.0582089552238806,0.0107858243451464,0,0,0.99836867862969,0.763693270735524,0.509523809523809,0,0.567567567567568,0,0.0857605177993527,0.00159489633173844,0.811501597444089,0.763888888888889,0,0.657556270096463,0.416275430359937,0.148031496062992,0.0363636363636364,0.229199372056515,0.9984375,0.0114566284779051,0.0990415335463259,0.0016,0,0.0185758513931889,0,0,0.984301412872841,0.623003194888179,0,0,0.17879746835443,0.0711974110032362,0.058641975308642,0.283969465648855,0.976887519260401,0.995283018867924,0.182677165354331,0.158218125960061,0,0.985849056603774,0.0334394904458599,0,0.01743264659271,0.0419906687402799,0.936608557844691,0,0.995275590551181,0.00154559505409583,0.5392,0.921725239616613,0.899038461538462,0.889235569422777,0.322368421052632,0.906687402799378,0.00157728706624606,0,0.249201277955272,0.0170542635658915,0,0,0.998475609756098,0,1,0.00155763239875389,0.302100161550889,0.998405103668262,1,0.456310679611651,0.0440251572327044,0.565015479876161,0,0.996815286624204,0.0452342487883683,0.00634920634920635,0,0.809375,0.993779160186625,0.996810207336523,0.984472049689441,0.998461538461539,0,0,0.985849056603774,0.00476190476190476,0.00316455696202532,0.021875,0.00313479623824451,0,0.992012779552716,0.0110410094637224,0.998389694041868,0.995245641838352,0,0.990506329113924,0.0496124031007752,0.998439937597504,0.906940063091483,0.996946564885496,0.996850393700787
"397",0,0,0,0,0,0,0.0161290322580645,0.00157728706624606,0,1,0,1,0,0,0,0,1,0.979166666666667,0,0,0,0,0,1,0,0,0,0,0,0,0,0,0.00161550888529887,0,1,0,0.978159126365055,0,0,0,0.998402555910543,0.981042654028436,0.993740219092332,0,0,0,0,0,0,0,1,0,0,0,0.0160513643659711,0,1,0,0.00313479623824451,0,0,0,0,1,0,0,1,0,1,0,0,0,0,0,1,0.00157977883096367,0,0,0.0016260162601626,0,1,0,0,0,0,0,0,0,0.00159744408945687,0.990654205607477,0,0,1,1,0,1,0.0223642172523962,0,0.9921875,0.990384615384615,0.0129659643435981,1,0,0,0,0,0.99025974025974,0.00315955766192733,0,0,0,0.0159489633173844,0,0,1,0,0,1,0,0,1,0.00159744408945687,0,0,0,0,0,0,1,0.00794912559618442,0,0,0,1,0,0,1,0,0,0.00818330605564648,1,1,0,0,0,0,0,0,0,0,0,0,0,0,0,0,0,0,1,0,0.0062402496099844,0,0,1,0,0,0,0,0,0,0,0,0,0,0.00324149108589951,0,1,0,1,0,0,0,0,0,0,0,0,0,0,0,0,0,0,0.0236220472440945,1,1,0,0.998430141287284,0,0,0.0128617363344051,0,0,0,0,0,0,0,0.00157728706624606,1,0,0,0,0,0,0.00478468899521531,0,0,0.00161550888529887,0,0,1,0,0,0,1,0,0,0.00636942675159236,0,0,0,0.0222929936305732,1,0.0153374233128834,0,0,0,0,0,0,0,0,0,0,0,0,0,0,0,0,0,0,0,0,0,0,0,0.990353697749196,0,1,0.00481540930979133,0,0,0,1,0.00160513643659711,0.0015625,0,0,0,0,0.990536277602524,0,0,0,0,0,0,0,0,0,0,0.0143769968051118,1,0,0.017515923566879,1,0,0.0157977883096366,0.00158478605388273,1,0,0,0,0,0,1,0.0206677265500795,0,0,0,0,0,0,0,0,0,0,0,0,0,0,0,0,0.00322061191626409,0,0.948275862068966,0,0,0,0,0,0,0,0,0,0,0,0,1,0,0.0114192495921697,0,0.946287519747235,0,0,0,0,1,0,0,0,0,0,0,0,0,0,0,1,0,0,0,0,0,0,1,0,0,0,0.00316455696202532,0,0,0,0,1,0,0,0,0,0,0,0,0,0,0,0,0,0.00316957210776545,0,0,0,0,0,0,0,0,0,0,0,0,1,0,0,0,1,0,0.99021207177814,0,0,0,0.996774193548387,0.0110759493670886,0,0,0,0,0,0,0,0,1,0,0.00165562913907285,0,0,0,0,0,1,0,0,0,0,0,0.00646203554119548,0,0.01669449081803,0.993720565149137,0,0,0,1,0,0.00158982511923688,0,0,0,1,1,0,0,1,0,0.991869918699187,1,1,0,1,0,0.00161290322580645,0.00766871165644172,0,1,1,0,0,0,0,0.9967585089141,0.0218068535825545,0,0,0,0,1,0,0,0.00162337662337662,0,1,0,0,0,0.00159235668789809,1,0,0,0,1,0,0,0,0,0,0,0,0,0,0,0.00164473684210526,0,0.990430622009569,0,0,0,0,0.0112721417069243,1,0,0.00324675324675325,0,0,0,0,0,0,0,0,0,1,0,0,0,0.00489396411092985,0,0,0,0,0,0,0,0,0,0.015748031496063,1,1,0,0,0,0,0,0,0,0,0.0186915887850467,1,0,0.0192,0,0,1,0,0,0,0.00161290322580645,0,0,0,0,0,0.0032626427406199,0,0,0.0198347107438017,0.026984126984127,0,0,0.99375,0,0,0,0,0,0,0,0.770542635658915,0,1,0.00159744408945687,0,0,0,1,0,0,0,0,0,0,1,1,0,0,0,1,0,0,0.551401869158878,0,0,0.010989010989011,0,0,0,1,0,0,0,0.00625978090766823,0,0,0.992175273865415,0,0,1,0.00154559505409583,0,0,0,1,0.992050874403816,0,0,0,0,0.990595611285266,0.998333333333333,0,0,0,0,0,0,0,0,0.00651465798045603,0,0,0.996840442338073,0,1,0,0.160330578512397,0.00152905198776758,0,0,1,0,0,0,1,0,1,0,0,1,0.0189873417721519,0,0,0.00160513643659711,0,1,0,0,1,0,0,0,0,0,0,0.0015748031496063,0,1,0,0.976816074188563,0.0235478806907378,0,0,0,0,0,0.9109375,0,0,0,0,0,0,0,1,1,0,1,0,0.998407643312102,0,0,0,0,0,0.998420221169036,0,0,0,0,0,0,0,0,0,0,0,0,0,0,1,0,0.0229885057471264,0,0.032967032967033,0,0,0.00619195046439629,0,0.00166112956810631,0,0,0,0,0,0,0,0,0.00319488817891374,0.988924050632911,0,0,1,0,1,0,1,0,0,0,0,0,0.00161030595813205,0,0.0210016155088853,1,1,0,0,0,1,1,0,0,0,1,0,1,0,0,0.0350877192982456,0,1,0,0,0,0,0,0,0,0.906752411575563,0,1,0,0.993660855784469,0,0,0.359677419354839,1,1,0.00159489633173844,0,0.0110410094637224,0,0,0,0,0,1,0,0,1,0,0,0,0.959807073954984,0,0,0,0,0,0,0,0,0,1,0,0,0.995260663507109,1,0,1,0,0,0,0,0,0.00634920634920635,0.00482315112540193,0,0.95125786163522,0,0.890522875816993,0.971698113207547,1,0.1568,0,0,0.00157728706624606,0,0.949756888168558,0.944272445820433,0,0.974683544303797,0.990066225165563,0.947784810126582,0.971786833855799,0.941823899371069,0,0.971428571428571,0,0,0.954911433172303,0,0.939024390243902,0,0.0574162679425837,0,0
"398",0.96742671009772,0.963375796178344,0.996879875195008,0.948387096774194,0.975490196078431,0.969551282051282,0.923566878980892,0.977671451355662,0.962558502340094,0,0.970031545741325,0,0.58307210031348,0.963081861958267,0.0788643533123028,0.0473933649289099,0,0.014446227929374,0.964343598055105,0.9515625,0.18957345971564,0.0654664484451719,0.956589147286822,0,0.933544303797468,0.268370607028754,0.132701421800948,0.95928338762215,0.501529051987768,0.720820189274448,0.0362776025236593,0.713836477987421,0.793700787401575,0.302066772655008,0,0.965354330708661,0.0126782884310618,0.959183673469388,0.287461773700306,0.889580093312597,0.00158730158730159,0.0141065830721003,0.003125,0.964856230031949,0.798045602605863,0.0527156549520767,0.535031847133758,0.0316455696202532,0.490825688073394,0.161490683229814,0,0.965244865718799,0.302507836990596,0.964006259780908,0.91653290529695,0.179775280898876,0,0.940322580645161,0.979559748427673,0.911949685534591,0.32018927444795,0.457869634340223,0.0382165605095541,0,0.880064829821718,0.826291079812207,0,0.960505529225908,0,0.0289389067524116,0.840873634945398,0.0335463258785942,0.0518867924528302,0.966049382716049,0,0.747678018575851,0.0734375,0.606635071090047,0.924071082390953,0.290540540540541,0,0.730232558139535,0.237209302325581,0.965189873417722,0.1359375,0.942367601246106,0.965189873417722,0.967136150234742,0.94375,0.00771604938271605,0.958664546899841,0.960815047021944,0,0,0.951456310679612,0,0.313880126182965,0.957006369426752,0.00625,0.00796178343949045,0.644444444444444,0,0.316720257234727,0.967845659163987,0.137984496124031,0.966237942122186,0.00797448165869218,0.987421383647799,0.0339256865912763,0.0428571428571429,0.0410742496050553,0.934713375796178,0.358490566037736,0.963665086887836,0,0.979719188767551,0.742088607594937,0,0.0375,0.250401284109149,0,0.797147385103011,0.27892234548336,0.100977198697068,0.963607594936709,0.187793427230047,0.96177370030581,0.968,0,0.566510172143975,0.948275862068966,0.493548387096774,0.959481361426256,0,0.966453674121406,0.0509259259259259,0,0.241214057507987,0.6336,0.540362438220758,0,0,0.968404423380727,0.781990521327014,0.198051948051948,0.961783439490446,0.0409448818897638,0.93730407523511,0.4272,0.992295839753467,0.15780998389694,0.962382445141066,0.9664,0.834123222748815,0.963779527559055,0.0276422764227642,0.963722397476341,0.0349761526232114,0,0.75,0.892307692307692,0.949447077409163,0.0607476635514019,0,0.965678627145086,0.476575121163166,0.964573268921095,0.965408805031447,0.961904761904762,0.314728682170543,0.97191887675507,0.0366826156299841,0.953632148377125,0.0365296803652968,0.925867507886435,0.399053627760252,0,0.954983922829582,0,0.841614906832298,0.963492063492064,0.163461538461538,0.963722397476341,0.92755905511811,0.958652373660031,0.948995363214838,0.125,0.404724409448819,0.929738562091503,0.93485342019544,0.089171974522293,0.0421216848673947,0.975409836065574,0.891849529780564,0,0,0.324921135646688,0.00156739811912226,0.962616822429907,0.278301886792453,0.907617504051864,0.765723270440252,0.979719188767551,0.448553054662379,0.445652173913043,0.319935691318328,0.907496012759171,0.938193343898574,0.903076923076923,0,0.865116279069767,0.203915171288744,0.944012441679627,0.0369774919614148,0.105100463678516,0.559190031152648,0.966876971608833,0.968798751950078,0.857371794871795,0.963893249607535,0.878357030015798,0,0.103338632750397,0.685185185185185,0.962962962962963,0,0.956856702619414,0.984662576687117,0.566718995290424,0.558917197452229,0.96411856474259,0.968543046357616,0.384984025559105,0,0.917701863354037,0.567353407290016,0.995073891625616,0.0377358490566038,0.951713395638629,0.969648562300319,0.968553459119497,0.92845786963434,0.555209953343701,0.0349206349206349,0.995297805642633,0.549606299212598,0.0426829268292683,0.0352760736196319,0.231139646869984,0.034375,0.176661264181524,0.6796875,0.0359375,0.0365079365079365,0.0471698113207547,0.615625,0.0731707317073171,0.966237942122186,0.00964630225080386,0.0286624203821656,0,0.244408945686901,0.970967741935484,0.952229299363057,0.900473933649289,0,0.896272285251216,0.845070422535211,0.714285714285714,0.638198757763975,0.470031545741325,0.461783439490446,0.00947867298578199,0.959742351046699,0.127760252365931,0.726523887973641,0.998415213946117,0.0453834115805947,0.782539682539683,0.0349206349206349,0.14873417721519,0.965732087227414,0.965686274509804,0.92604501607717,0,0.667711598746082,0.917197452229299,0,0.0345911949685535,0.932917316692668,0.988782051282051,0,0.0358814352574103,0.032258064516129,0.970873786407767,0.895595432300163,0.0374592833876222,0,0.4,0.97752808988764,0.806552262090484,0.416666666666667,0.689710610932476,0.949447077409163,0.0443037974683544,0.964560862865948,0.965189873417722,0.0352564102564103,0.959119496855346,0.968253968253968,0.944267515923567,0.96551724137931,0.206572769953052,0.338533541341654,0.305164319248826,0.983948635634029,0.919484702093398,0.0489731437598736,0.277691107644306,0.977917981072555,0.18025078369906,0.31832298136646,0.97984496124031,0.963549920760697,0.961414790996785,0.721153846153846,0.962790697674419,0.256821829855538,0.990461049284579,0.959742351046699,0,0.358934169278997,0.57051282051282,0.0451010886469673,0.0528771384136858,0.0390015600624025,0.896496815286624,0.0616113744075829,0.0300632911392405,0,0.251177394034537,0.968,0.100787401574803,0.978441127694859,0.995222929936306,0.979430379746835,0.309178743961353,0.310177705977383,0.7008,0.459731543624161,0,0.837282780410742,0.0490045941807044,0.0692913385826772,0.233333333333333,0.9664,0.0374414976599064,0,0.348909657320872,0.0450310559006211,0.0528,0.496087636932707,0.969354838709677,0.305691056910569,0.967159277504105,0.930979133226324,0,0.969879518072289,0.0295031055900621,0.965571205007825,0.838810641627543,0.965742251223491,0.0445859872611465,0.948194662480377,0.0358255451713396,0.864139020537125,0.728013029315961,0.922239502332815,0.982704402515723,0.962323390894819,0.320251177394035,0.9344,0.96417445482866,0.0338461538461538,0.0518867924528302,0.963258785942492,0.965571205007825,0.3515625,0.866771159874608,0.947281713344316,0.95,0.968895800933126,0,0.141693811074919,0.960815047021944,0.0334394904458599,0,1,0.00969305331179321,0.0746031746031746,0.962732919254658,0.998402555910543,0.00323101777059774,0.65224358974359,0.447325769854133,0.968503937007874,0.0321027287319422,0.860095389507154,0.966183574879227,0.40829346092504,0.634796238244514,0.810810810810811,0,0.182985553772071,0.98389694041868,0.9648,0.475357710651828,0.974603174603175,0.950166112956811,0.0584518167456556,0.0015625,0.970031545741325,0.963375796178344,0.942492012779553,0.723172628304821,0.0396196513470681,0.896940418679549,0.255924170616114,0.214285714285714,0.00626959247648903,0.63768115942029,0.62085308056872,0.628930817610063,0,0.318770226537217,0.926751592356688,0.661514683153014,0.546583850931677,0.110438729198185,0,0,0.966817496229261,0.942812982998454,0,0.957210776545166,0.00802568218298555,0,0,0.964573268921095,0,0.969105691056911,0.794585987261146,0.547692307692308,0.965891472868217,0,0,0.963779527559055,0.942724458204334,0.741486068111455,0.0338983050847458,0.00162074554294976,0.908385093167702,0.62095531587057,0.974481658692185,0.548286604361371,0.37799043062201,0,0.952681388012618,0.0357142857142857,0.97456279809221,0.112698412698413,0,0.04,0.148387096774194,0.501644736842105,0.944794952681388,0,0.967238689547582,0.958860759493671,0.968404423380727,0,0.100158982511924,0.913621262458472,0.0342019543973941,0.962145110410095,0.964396284829721,0.0397456279809221,0.965023847376789,0.317111459968603,0.830985915492958,0.0438184663536776,0.18370607028754,0.960380348652932,0.00803858520900321,0.0358814352574103,0.977987421383648,0.0387722132471729,0.6816,0.426494345718901,0,0.141065830721003,0.772946859903382,0.2784,0.958925750394945,0.032,0.173913043478261,0.463054187192118,0.940902021772939,0.900621118012422,0.937898089171974,0.773675762439807,0,0.952160493827161,0.0342146189735614,0.937699680511182,0.407407407407407,0.0306748466257669,0.968652037617555,0.969502407704655,0.9648,0.648264984227129,0.979623824451411,0.160771704180064,0.220095693779904,0.93015873015873,0.910828025477707,0,0,0.960127591706539,0.93517017828201,0.0484652665589661,0.980891719745223,0.9734375,0.392125984251968,0.980738362760835,0.746365105008078,0.918495297805643,0,0.950080515297907,0.3536,0.9712,0.968102073365231,0,0.65224358974359,0.998371335504886,0.0382165605095541,0.707472178060413,0.3984375,0.795698924731183,0.716828478964401,0.93140243902439,0.109907120743034,0.962903225806452,0.965354330708661,0.979299363057325,0.318770226537217,0.126198083067093,0.966772151898734,0.960567823343849,0.00775193798449612,0.800314465408805,0.469578783151326,0.287735849056604,0.779014308426073,0.963722397476341,0.875,0.962674961119751,0.128482972136223,0.0345963756177924,0,0.857366771159875,0.03486529318542,0.0377358490566038,0.29559748427673,0,0.964006259780908,0.922834645669291,0.968404423380727,0.96875,0.127186009538951,0.0361247947454844,0,0,0.199677938808374,0.0961538461538462,0.17329093799682,0,0.0329153605015674,0.968847352024922,0.0222222222222222,0.313099041533546,0.964343598055105,0.614420062695925,0.946428571428571,0.679748822605965,0.670788253477589,0,0.967592592592593,0.408723747980614,0.524038461538462,0.947122861586314,0.970542635658915,0.418495297805643,0.00791139240506329,0.965463108320251,0.967692307692308,0,0.941538461538462,0.0494417862838915,0.967213114754098,0.4375,0,0.00793650793650794,0.528830313014827,0.856230031948882,0.0332278481012658,0.161858974358974,0.00949367088607595,0.00164203612479475,0.759512937595129,0.0466237942122186,0.96843853820598,0.346394984326019,0.973186119873817,0.0324574961360124,0.402208201892744,0.33868378812199,0.892508143322476,0.134551495016611,0.0376175548589342,0.00157728706624606,0.08,0,0.970858895705521,0.0579470198675497,0.983076923076923,0.037037037037037,0.966183574879227,0,0.538109756097561,0.492890995260663,0.963665086887836,0,0.967391304347826,0,0.434782608695652,0.96583850931677,0,0.671361502347418,0.970873786407767,0.754746835443038,0.982113821138211,0.0712074303405573,0,0.964006259780908,0.284345047923323,0,0.719135802469136,0.033587786259542,0.0559006211180124,0.966719492868463,0.967845659163987,0.962616822429907,0.93944099378882,0.955555555555556,0,0.95,0.0217729393468118,0.370542635658915,0.315132605304212,0.959564541213064,0.957680250783699,0.959938366718028,0.955038759689922,0.0575079872204473,0.0496,0.967159277504105,0.942367601246106,0.742088607594937,0.946957878315133,0.967741935483871,0.996894409937888,0,0,0.952453987730061,0,0.097331240188383,0,0.965079365079365,0.291734197730956,0.239344262295082,0.149606299212598,0.906752411575563,0,0.128325508607199,0.965079365079365,0.967238689547582,0.666136724960254,0.435045317220544,0.247376311844078,0.201848998459168,0.655844155844156,0.0282574568288854,0.154458598726115,0.570754716981132,0.270700636942675,0.727975270479134,0.0429252782193959,0,0.0317965023847377,0.33974358974359,0.965686274509804,0.653125,0.250386398763524,0.6515625,0.90251572327044,0.952086553323029,0.958881578947368,0.956869009584665,0.970779220779221,0.96474358974359,0.572784810126582,0.444444444444444,0.96474358974359,0.036697247706422,0.0464396284829721,0.894736842105263,0.00923076923076923,0.967032967032967,0.938871473354232,0,0.152845528455285,0,0.9456,0,0.962323390894819,0.964856230031949,0.0328125,0.862776025236593,0.962962962962963,0.676898222940226,0.634493670886076,0.915721231766613,0,0,0.935,0.97737556561086,0.979559748427673,0,0,0.0345394736842105,0.253846153846154,0.500782472613459,0,0.471875,0,0.92822966507177,0.961538461538462,0.190779014308426,0.2734375,0,0.376623376623377,0.598387096774194,0.847244094488189,0.993808049535604,0.797448165869219,0.0321027287319422,0.978964401294498,0.0126182965299685,0.961038961038961,0,0.979876160990712,0.00628930817610063,0.966346153846154,0.0476947535771065,0.0318979266347687,0,0,0.85126582278481,0.90228013029316,0.959311424100156,0.722910216718266,0.0605590062111801,0.046474358974359,0.828843106180666,0.828393135725429,0,0.0483091787439614,0.939586645468998,0,0.948136142625608,0.996850393700787,0.0875796178343949,0.0409448818897638,0.0345911949685535,0.964451313755796,0.484992101105845,0.103448275862069,0.137161084529506,0.1421875,0.719745222929936,0.11993769470405,0.969105691056911,0,0.767885532591415,0.950078003120125,0.00316957210776545,0,0.0413476263399694,0,0.0410094637223975,0.963258785942492,0.719672131147541,0.0304487179487179,0.0365079365079365,0.566558441558442,0.976,0.473851030110935,0.0508474576271186,0.0324675324675325,0.0581583198707593,0.0192,0,0.0511182108626198,0.0432766615146832,0.0321027287319422,0.0505529225908373,0.0297805642633229,0.0472312703583062,0.054858934169279,0.0425196850393701,0.01743264659271,0.00481540930979133,0.0238095238095238,0.021978021978022,0.0582677165354331,0.0391236306729265,0.0188087774294671,0.0304487179487179,0.0445859872611465,0.0482315112540193,0.0412044374009509,0.0219092331768388,0.0360501567398119,0.0586370839936609,0.0350076103500761,0.0380952380952381
"399",0.0114754098360656,0.00797448165869218,0.00940438871473354,0.00654664484451719,0.00974025974025974,0.011437908496732,0.0176848874598071,0.00641025641025641,0.0124031007751938,0.98694942903752,0.00950871632329636,0.99021207177814,0.00477707006369427,0.00980392156862745,0,0,0.987341772151899,0.990445859872611,0.0115321252059308,0.0110759493670886,0,0,0.00789889415481832,0.990506329113924,0.00952380952380952,0,0.00159489633173844,0.0132450331125828,0.00156739811912226,0.00158227848101266,0,0.00318471337579618,0.00327332242225859,0.00159235668789809,0.988871224165342,0.0112721417069243,0.976415094339623,0.0127388535031847,0.00156739811912226,0.0109546165884194,0.993453355155483,0.990536277602524,1,0.00643086816720257,0.00496688741721854,0,0.0032258064516129,0,0.00470957613814757,0.0015600624024961,0.988941548183254,0.00963081861958266,0,0.00809061488673139,0.016025641025641,0,0.988429752066116,0.0113636363636364,0.012779552715655,0.00476947535771065,0.00316957210776545,0.0015748031496063,0,0.990180032733224,0.00825082508250825,0.0111821086261981,0.988654781199352,0.0112721417069243,0.990384615384615,0,0.0078740157480315,0,0,0.00789889415481832,0.990551181102362,0.00318471337579618,0,0.00635930047694754,0.0065359477124183,0,0.988691437802908,0.00157232704402516,0,0.0078125,0.00158478605388273,0.0095389507154213,0.0110584518167457,0.00950871632329636,0.0125984251968504,0.998425196850394,0.00650406504065041,0.00958466453674121,0.991816693944354,0.99025974025974,0.00814332247557003,0.987261146496815,0.0192,0.0110935023771791,0.993680884676145,0.996789727126806,0.0146103896103896,0.988853503184713,0.0016260162601626,0.00981996726677578,0,0.0114566284779051,0.998394863563403,0.0129032258064516,0,0,0,0.0194489465153971,0.00158730158730159,0.0113085621970921,0.991830065359477,0.0126984126984127,0.00322061191626409,0.990595611285266,0,0,0.990654205607477,0.00486223662884927,0.00160771704180064,0,0.0110410094637224,0,0.00627943485086342,0.00645161290322581,0.988835725677831,0.0144,0.00814332247557003,0.00328947368421053,0.00815660685154975,0.990384615384615,0.0114192495921697,0,0.990353697749196,0,0.00160513643659711,0.0148760330578512,0.988673139158576,0.991789819376026,0.00964630225080386,0.00642054574638844,0,0.00974025974025974,0,0.00791139240506329,0.0016366612111293,0.009375,0,0.0112179487179487,0.00980392156862745,0.00632911392405063,0.00967741935483871,0,0.0127186009538951,0,0.988853503184713,0.0099009900990099,0.0109375,0.00641025641025641,0,0.992088607594937,0.00940438871473354,0.00163934426229508,0.0115511551155116,0.0111464968152866,0.00949367088607595,0.00157728706624606,0.0111821086261981,0,0.00938967136150235,0,0.0112179487179487,0.00159744408945687,0.99021207177814,0.00805152979066022,0.99203821656051,0.00489396411092985,0.012924071082391,0,0.00950871632329636,0.00950871632329636,0.00786163522012579,0.0125195618153365,0,0.00157977883096367,0.00488599348534202,0.00972447325769854,0,0,0.00972447325769854,0.0297805642633229,0.989113530326594,0.990338164251208,0.00162074554294976,0.988745980707395,0.00794912559618442,0,0.0198019801980198,0.0046875,0.0111464968152866,0.00163132137030995,0.0031496062992126,0.00163398692810458,0.00792393026941363,0.0111287758346582,0.0078740157480315,0.988673139158576,0.0095389507154213,0,0.00814332247557003,0,0,0.00801282051282051,0.0127186009538951,0.0110584518167457,0.0048,0.0127186009538951,0.00963081861958266,0.988871224165342,0,0.00319488817891374,0.00819672131147541,0.9904,0.0111111111111111,0.00918836140888208,0.0111821086261981,0.00475435816164818,0.0128617363344051,0.0115131578947368,0.0224719101123595,0.99025974025974,0.0200927357032458,0,0.00822368421052632,0,0.00794912559618442,0.0112540192926045,0.012779552715655,0.00955414012738853,0.00470219435736677,0,0.00813008130081301,0.00316455696202532,0,0,0.00162074554294976,0,0,0.00313479623824451,0,0,0,0.00470219435736677,0,0.00643086816720257,0.998381877022654,0,0.990536277602524,0.00485436893203883,0.00981996726677578,0.00476947535771065,0.00798722044728434,0.990506329113924,0.00819672131147541,0.0140845070422535,0.0032258064516129,0,0.00158227848101266,0.00485436893203883,0.998417721518987,0.0114566284779051,0,0.0033167495854063,0.00970873786407767,0,0.00480769230769231,0,0,0.0109375,0.0130932896890344,0.0212071778140294,0.987616099071207,0.00318979266347687,0.024390243902439,0.988993710691824,0,0.0190174326465927,0.0096,0.988906497622821,0,0,0.00811688311688312,0.00484652665589661,0,0.991830065359477,0.0205696202531646,0.0112903225806452,0.0046801872074883,0.00319488817891374,0.00490196078431373,0.00775193798449612,0,0.00928792569659443,0.00966183574879227,0,0.00943396226415094,0.00482315112540193,0.00819672131147541,0.00950871632329636,0,0.00317965023847377,0.00158730158730159,0.00967741935483871,0.00826446280991736,0.968454258675079,0,0.0128410914927769,0,0.00156494522691706,0.0112540192926045,0.0129449838187702,0.00952380952380952,0.0016366612111293,0.0125984251968504,0,0.0113085621970921,0.0131578947368421,0.990196078431373,0,0.0163132137030995,0,0.961661341853035,0,0.00796178343949045,0,0,0.989045383411581,0,0.0112903225806452,0,0.011744966442953,0.00972447325769854,0.00977198697068404,0.00163398692810458,0.00163398692810458,0.0065359477124183,0.00165837479270315,0.990639625585023,0.00806451612903226,0,0,0,0.0113636363636364,0,0.988817891373802,0.00156985871271586,0,0,0.00320512820512821,0.0111287758346582,0,0.00831946755407654,0.00807754442649435,0.987281399046105,0.00452488687782805,0,0.0125,0.00644122383252818,0.00985221674876847,0,0.00625978090766823,0,0.0111464968152866,0.00491803278688525,0.0111821086261981,0.0111821086261981,0.0111464968152866,0.00156985871271586,0.0128617363344051,0.012326656394453,0,0.00161290322580645,0.011437908496732,0.00794912559618442,0,0.0109034267912773,0.0132669983416252,0.00784929356357928,0.0127388535031847,0.987158908507223,0,0.0129032258064516,0,0.99021207177814,0.00969305331179321,1,0,0.0095389507154213,0.00805152979066022,0.996753246753247,0.0161812297734628,0.00160771704180064,0.013136288998358,0,0.00651465798045603,0.00975609756097561,0.00161290322580645,0.00322061191626409,0.00479233226837061,0.99025974025974,0,0.00813008130081301,0.00974025974025974,0.00323624595469256,0.0111821086261981,0.0135363790186125,0,0.993620414673046,0.012779552715655,0.00972447325769854,0.00482315112540193,0.00476947535771065,0,0.00806451612903226,0.00160771704180064,0.0132890365448505,1,0.00490998363338789,0.00325732899022801,0.00479233226837061,0.990625,0.0016366612111293,0.00794912559618442,0.00471698113207547,0,0,0.990506329113924,0.992050874403816,0.0107197549770291,0.0093603744149766,0.988941548183254,0.00794912559618442,0.998360655737705,0.992050874403816,0.986666666666667,0.0129032258064516,0.990461049284579,0.00826446280991736,0.00637958532695375,0.00943396226415094,0.0125195618153365,0.990353697749196,0.990291262135922,0.00798722044728434,0.00775193798449612,0.00794912559618442,0,0.99512987012987,0.018957345971564,0.0031201248049922,0.0128205128205128,0.00313971742543171,0.00162074554294976,0.990521327014218,0.00950871632329636,0,0.00963081861958266,0,0.989010989010989,0,0.00161550888529887,0.00166112956810631,0.0110410094637224,0.988817891373802,0.00933125972006221,0.0110410094637224,0.0111287758346582,0.993569131832797,0,0.00686106346483705,0,0.0124416796267496,0.00636942675159236,0,0.0127388535031847,0.00158730158730159,0.00644122383252818,0,0.00325732899022801,0.00972447325769854,0.99837925445705,0,0.0110759493670886,0,0.00484652665589661,0.016366612111293,0.988853503184713,0,0.00661157024793388,0.00157977883096367,0.0110584518167457,0,0,0.00164744645799012,0.00469483568075117,0.00777604976671851,0.00972447325769854,0.0065359477124183,0.988654781199352,0.0110236220472441,0,0.0096,0.00814332247557003,0,0.0127388535031847,0.0112179487179487,0.0114192495921697,0.00159489633173844,0.0112359550561798,0,0,0.0128617363344051,0.0176,0.989028213166144,0.988636363636364,0.00809061488673139,0.00809061488673139,0,0.0129659643435981,0.0112903225806452,0,0.0096,0.00658978583196046,0.0174050632911392,0.989130434782609,0.0113636363636364,0.0175438596491228,0.0094488188976378,0.0095389507154213,0.992331288343558,0.00802568218298555,0.00657894736842105,0,0.00811688311688312,0,0.00934579439252336,0.00490196078431373,0.0108695652173913,0,0.0112359550561798,0.0126782884310618,0.00630914826498423,0.0163934426229508,0.0273311897106109,0.0111111111111111,0.00778816199376947,1,0.0031055900621118,0.00315955766192733,0,0.00474683544303797,0.0111464968152866,0.00648298217179903,0.008,0.777251184834123,0,0.988958990536278,0.00803858520900321,0,0,0,0.991974317817014,0.00810372771474878,0.00634920634920635,0.00792393026941363,0.0110410094637224,0,0,0.98755832037325,0.98876404494382,0,0,0,0.990369181380417,0,0.00956937799043062,0.576138147566719,0.00163398692810458,0.00490998363338789,0.0142630744849445,0.0113452188006483,0.00478468899521531,0.0031055900621118,0.988958990536278,0.00920245398773006,0.00163934426229508,0.00158478605388273,0.010989010989011,0.0127186009538951,0,1,0.00644122383252818,0.00786163522012579,0.992012779552716,0.0123647604327666,0,0.0102040816326531,0.00318471337579618,0.992025518341308,1,0.00166666666666667,0.00649350649350649,0,0,0.998412698412698,0.988505747126437,0.00613496932515337,0,0.011744966442953,0.0015748031496063,0.0124804992199688,0,0.00317460317460317,0,0.00983606557377049,0,0,0.998420221169036,0,0.988871224165342,0.010989010989011,0.162295081967213,0.00940438871473354,0,0.0113636363636364,0.990536277602524,0.00156494522691706,0.0032,0.0095389507154213,0.988654781199352,0.010989010989011,0.988745980707395,0,0.010989010989011,0.992125984251969,0.0231839258114374,0.00810372771474878,0.00159744408945687,0.00642054574638844,0,0.987096774193548,0.0111464968152866,0,0.989147286821705,0.00315457413249211,0,0,0.00793650793650794,0.00978792822185971,0.00949367088607595,0.0144230769230769,0.00805152979066022,0.987301587301587,0.00970873786407767,0.987281399046105,0.0220125786163522,0,0.0096,0.00961538461538462,0.00784929356357928,0.0126782884310618,0.921011058451817,0,0.010016694490818,0.00798722044728434,0.00782472613458529,0.0111287758346582,0.0110759493670886,0.0110410094637224,0.990551181102362,0.992138364779874,0.010752688172043,0.989096573208723,0,0.990506329113924,0.00952380952380952,0,0.00165016501650165,0,0.00980392156862745,0.98876404494382,0,0.0127591706539075,0.0125984251968504,0.00160771704180064,0.00153139356814701,0,0,0.0032,0,0,0.00159235668789809,0,0.00784929356357928,0,0.98841059602649,0,0.0194805194805195,0.00818330605564648,0.036741214057508,0.00153374233128834,0.00316455696202532,0.00938967136150235,0.0125195618153365,0.0132669983416252,0.00822368421052632,0.00964630225080386,0.0112721417069243,0,0.00319488817891374,0.0112540192926045,0,0,0.00641025641025641,0.998432601880878,0.0111111111111111,0.00793650793650794,0.99184339314845,0,0.988817891373802,0.00634920634920635,0.991735537190083,0.010989010989011,0.00969305331179321,0,0.00631911532385466,0.0111287758346582,0.0032258064516129,0.00319488817891374,0.024390243902439,0.988958990536278,0.991896272285251,0.00677966101694915,0.00610687022900763,0.00958466453674121,0.989045383411581,0.987361769352291,0,0,0.004739336492891,0.987421383647799,0,0.993690851735016,0.00966183574879227,0.0113636363636364,0.0376432078559738,0,0.989147286821705,0.00321027287319422,0.0032520325203252,0.00952380952380952,0.00796178343949045,0.00637958532695375,0,0.00991735537190083,0.8864,0.0129449838187702,0.99349593495935,0.0109204368174727,1,0.0114192495921697,0,0.382594417077176,0.990491283676704,0.991883116883117,0.00476190476190476,0.00814332247557003,0.0158730158730159,0.00625,0,0,0.00792393026941363,0.0109034267912773,0.993366500829187,0,0.00947867298578199,0.990491283676704,0.0115131578947368,0.0078125,0,0.977491961414791,0,0.0124804992199688,0.00328407224958949,0,0,0,0.00657894736842105,0.0016,0.00949367088607595,0.988888888888889,0.0113821138211382,0.0111821086261981,0.99836867862969,0.9888,0,0.988782051282051,0,0.00950871632329636,0.00499168053244592,0,0,0.00986842105263158,0.0129659643435981,0.00158227848101266,0.962382445141066,0,0.907894736842105,0.972843450479233,0.990476190476191,0.160194174757282,0,0,0.00632911392405063,0,0.966074313408724,0.959311424100156,0,0.97456279809221,0.988654781199352,0.942947702060222,0.974235104669887,0.959247648902821,0,0.969404186795491,0,0,0.968852459016393,0,0.9234375,0,0.0483091787439614,0,0
"400",0.0430622009569378,0.0438871473354232,0.0717628705148206,0.106451612903226,0.0521172638436482,0.0453808752025932,0.140127388535032,0.0630914826498423,0.0518053375196232,0,0.0400641025641026,0,0.474015748031496,0.042483660130719,0.921875,0.949526813880126,0,0.0016025641025641,0.0407166123778502,0.0572337042925278,0.81042654028436,0.938610662358643,0.0489296636085627,0,0.0824088748019017,0.746006389776358,0.868044515103339,0.0511182108626198,0.557275541795666,0.349529780564263,0.951863354037267,0.358851674641148,0.261712439418417,0.709119496855346,0,0.0445151033386327,0.00627943485086342,0.0506329113924051,0.742770167427702,0.134375,0,0,0,0.0441640378548896,0.25487012987013,0.967793880837359,0.523885350318471,0.951612903225806,0.566096423017107,0.862229102167183,0,0.045958795562599,0.737089201877934,0.046031746031746,0.143312101910828,0.873801916932907,0,0.0670926517571885,0.0752351097178683,0.136012364760433,0.71830985915493,0.588328075709779,0.95024077046549,0,0.132686084142395,0.211267605633803,0,0.0536277602523659,0,0.952229299363057,0.18408736349454,0.956112852664577,0.959055118110236,0.0403100775193798,0,0.337442218798151,0.925117004680187,0.464968152866242,0.143086816720257,0.76578073089701,0,0.336492890995261,0.796557120500782,0.0406885758998435,0.867924528301887,0.13166144200627,0.0419906687402799,0.0789889415481833,0.0675039246467818,0,0.0522022838499184,0.0463258785942492,0,0,0.0694668820678514,0,0.679873217115689,0.059748427672956,0,0,0.403815580286169,0,0.715909090909091,0.0386473429951691,0.877138413685848,0.0454545454545455,0,0.064,0.95389507154213,0.95859872611465,0.946708463949843,0.125200642054575,0.704581358609795,0.0590111642743222,0,0.0551181102362205,0.328616352201258,0,0.961360123647604,0.792,0,0.27831715210356,0.752827140549273,0.905691056910569,0.0738993710691824,0.825273010920437,0.0489731437598736,0.0462519936204147,0,0.464856230031949,0.115506329113924,0.529886914378029,0.0627009646302251,0,0.0485436893203883,0.946875,0,0.77741935483871,0.4046875,0.488486842105263,0,0,0.0532915360501567,0.274881516587678,0.829545454545455,0.0411392405063291,0.946117274167987,0.116987179487179,0.627009646302251,0.0579937304075235,0.850406504065041,0.0585443037974684,0.0473856209150327,0.205928237129485,0.046583850931677,0.959349593495935,0.0448,0.954258675078864,0,0.294585987261146,0.152276295133438,0.053968253968254,0.978227060653188,0,0.0360501567398119,0.57331136738056,0.0466237942122186,0.0388198757763975,0.0389408099688473,0.714285714285714,0.055205047318612,0.953150242326333,0.0848765432098765,0.957120980091884,0.140822784810127,0.66403785488959,0,0.0570522979397781,0,0.1921875,0.0461049284578696,0.855784469096672,0.0509554140127389,0.0878594249201278,0.0507692307692308,0.065015479876161,0.924290220820189,0.672386895475819,0.12379421221865,0.111470113085622,0.916139240506329,0.9578125,0.0614886731391586,0.153968253968254,0,0,0.694668820678514,0,0.0375586854460094,0.775351014040562,0.150882825040128,0.281733746130031,0.046583850931677,0.565286624203822,0.572327044025157,0.697305863708399,0.130503144654088,0.0827922077922078,0.161442006269592,0,0.151898734177215,0.819512195121951,0.0991869918699187,0.952229299363057,0.910355486862442,0.467408585055644,0.0636942675159236,0.0607476635514019,0.210691823899371,0.040625,0.150159744408946,0,0.910828025477707,0.374223602484472,0.0445151033386327,0,0.0455974842767296,0.0597243491577335,0.46474358974359,0.487261146496815,0.0621019108280255,0.0458265139116203,0.611111111111111,0,0.135093167701863,0.521462639109698,0.0637254901960784,0.95260663507109,0.078125,0.045016077170418,0.0458135860979463,0.0947030497592295,0.515723270440252,0.959742351046699,0.0704,0.509404388714734,0.94954128440367,0.952234206471495,0.830696202531646,0.960254372019078,0.824193548387097,0.3546875,0.957613814756672,0.968404423380727,0.960443037974684,0.433229813664596,0.917851500789889,0.056,0,0.955414012738854,0,0.760450160771704,0.0453074433656958,0.0690737833594976,0.14218009478673,0,0.16025641025641,0.173708920187793,0.3616,0.44620253164557,0.565286624203822,0.552380952380952,0,0.0398724082934609,0.8864,0.349258649093904,0.0847723704866562,0.960629921259842,0.30379746835443,0.961965134706815,0.923794712286159,0.040625,0.0447019867549669,0.140549273021002,0,0.379471228615863,0.140575079872204,0,0.952978056426332,0.131498470948012,0.0600315955766193,0,0.960753532182104,0.955177743431221,0.0635179153094463,0.158238172920065,0.960848287112561,0,0.604327666151468,0.0448717948717949,0.249221183800623,0.655712050078247,0.379421221864952,0.0816326530612245,0.960443037974684,0.0454545454545455,0.0428571428571429,0.950871632329635,0.0673981191222571,0.0445859872611465,0.0630048465266559,0.0408163265306122,0.840694006309148,0.687306501547988,0.704581358609795,0.0609951845906902,0.100813008130081,0.003125,0.761290322580645,0.0666666666666667,0.840625,0.71580547112462,0.0525477707006369,0.0434083601286174,0.063391442155309,0.34584013050571,0.040625,0.778135048231511,0.0791139240506329,0.0496794871794872,0,0.672985781990521,0.455716586151369,0.959807073954984,0.00312989045383412,0.949606299212598,0.134796238244514,0.936708860759494,0.963607594936709,0,0.80188679245283,0.0513643659711075,0.902053712480253,0.0541871921182266,0.0651828298887122,0.0550314465408805,0.709208400646204,0.715686274509804,0.380503144654088,0.584288052373159,0,0.211446740858506,0.93603744149766,0.937597503900156,0.801251956181534,0.0434782608695652,0.959311424100156,0,0.67398119122257,0.946372239747634,0.936406995230525,0.554140127388535,0.0445859872611465,0.76759410801964,0.0373376623376623,0.0780487804878049,0,0.0455235204855842,0.955108359133127,0.0423197492163009,0.21183800623053,0.0369774919614148,0.940609951845907,0.0580847723704867,0.955555555555556,0.153724247226624,0.338235294117647,0.0851393188854489,0.0545171339563863,0.0493630573248408,0.699685534591195,0.0725552050473186,0.0408163265306122,0.955246913580247,0.954041204437401,0.036741214057508,0.0440251572327044,0.713831478537361,0.145539906103286,0.083743842364532,0.0833333333333333,0.0470219435736677,0,0.887301587301587,0.0388802488335925,0.960505529225908,0,0.0746031746031746,0,1,0.0374414976599064,0.0718849840255591,0,0.386217948717949,0.605388272583201,0.060702875399361,0.954619124797407,0.185185185185185,0.05,0.635930047694754,0.421630094043887,0.261006289308176,0,0.8288,0.0609951845906902,0.0421216848673947,0.591346153846154,0.0391236306729265,0.0682196339434276,0.937799043062201,0,0.0566037735849057,0.0446570972886762,0.0862619808306709,0.370839936608558,0.949919224555735,0.170144462279294,0.763492063492063,0.786666666666667,0,0.430176565008026,0.43015873015873,0.427432216905901,0,0.748792270531401,0.13237639553429,0.397174254317111,0.520123839009288,0.926040061633282,0,0,0.0367534456355283,0.0704225352112676,0,0.123630672926448,0,0,0,0.0471698113207547,0,0.0455284552845528,0.245222929936306,0.471406491499227,0.0395569620253165,0,0,0.055205047318612,0.0888208269525268,0.315789473684211,0.95748031496063,0,0.151326053042122,0.423197492163009,0.0458860759493671,0.509404388714734,0.702702702702703,0,0.0603174603174603,0.951690821256039,0.0882825040128411,0.9664,0,0.94359756097561,0.862619808306709,0.56,0.071656050955414,0,0.0965732087227414,0.0565149136577708,0.0430769230769231,0,0.944805194805195,0.102006688963211,0.948929159802306,0.0390625,0.0419254658385093,0.953051643192488,0.0470219435736677,0.691573926868045,0.228125,0.957860615883306,0.820554649265905,0.0726698262243286,0,0.952153110047847,0.0714285714285714,0.962662337662338,0.387459807073955,0.605431309904153,0,0.866141732283465,0.290584415584416,0.732484076433121,0.0707547169811321,0.958664546899841,0.839874411302983,0.55366269165247,0.0954545454545455,0.152777777777778,0.0754716981132075,0.295638126009693,0,0.0544323483670296,0.956386292834891,0.0690737833594976,0.616013071895425,0.957943925233645,0.0425867507886435,0.0431309904153355,0.0373983739837398,0.409235668789809,0.0521327014218009,0.853503184713376,0.809983896940419,0.0989010989010989,0.151658767772512,0,0,0.0419354838709677,0.107317073170732,0.948553054662379,0.0564263322884013,0.0555555555555556,0.637380191693291,0.12258064516129,0.296116504854369,0.143302180685358,0,0.0721153846153846,0.647909967845659,0.0425196850393701,0.0492845786963434,0,0.3952,0.0630048465266559,0.962264150943396,0.349514563106796,0.665086887835703,0.240657698056801,0.3632,0.0852359208523592,0.898617511520737,0.0592948717948718,0.0442338072669826,0.0571428571428571,0.683690280065898,0.847723704866562,0.0520504731861199,0.046875,0,0.252336448598131,0.581504702194357,0.7796875,0.278816199376947,0.0474683544303797,0.16984126984127,0.0515625,0.1140625,0.956738768718802,0,0.213375796178344,0.952904238618524,0.954041204437401,0.770206022187005,0,0.0427892234548336,0.1201248049922,0.0445151033386327,0.0470957613814757,0.889067524115756,0.958132045088567,0,0,0.822006472491909,0.903069466882068,0.894230769230769,0,0.954258675078864,0.0440944881889764,0.3984375,0.702702702702703,0.045016077170418,0.429245283018868,0.0706260032102729,0.380877742946708,0.38828967642527,0,0.0458715596330275,0.609951845906902,0.502439024390244,0.110769230769231,0.046801872074883,0.619496855345912,0,0.0930599369085174,0.0783699059561129,0,0.0754716981132075,0.937996820349762,0.0566666666666667,0.582539682539683,0,0,0.503225806451613,0.201574803149606,0.9609375,0.88130081300813,0,0,0.297546012269939,0.942492012779553,0.0433333333333333,0.724137931034483,0.0526315789473684,0.949685534591195,0.62015503875969,0.674757281553398,0.168576104746318,0.872305140961857,0.958139534883721,0,0.920967741935484,0,0.0476923076923077,0.771986970684039,0.0582822085889571,0.955555555555556,0.0343137254901961,0,0.507042253521127,0.55448717948718,0.0394321766561514,0,0.0435458786936236,0,0.647819063004846,0.0555555555555556,0,0.363919129082426,0.0548387096774194,0.2896,0.0935483870967742,0.939873417721519,0,0.0380348652931854,0.778846153846154,0,0.348101265822785,0.961890243902439,0.93944099378882,0.0496794871794872,0.0428571428571429,0.0481366459627329,0.0556438791732909,0.0552922590837283,0,0.0657276995305164,0.0015527950310559,0.638629283489097,0.754716981132076,0.0521327014218009,0.0509554140127389,0.054858934169279,0.0506329113924051,0.028391167192429,0.959677419354839,0.0510708401976936,0.0803149606299213,0.327102803738318,0.062111801242236,0.0423197492163009,0.0724409448818898,0,0,0.0632530120481928,0,0.911627906976744,0.00161812297734628,0.0860719874804382,0.773246329526917,0.790660225442834,0.857142857142857,0.1264,0.00159744408945687,0.888888888888889,0.0363349131121643,0.0432098765432099,0.395569620253165,0.596923076923077,0.783333333333333,0.846749226006192,0.39607201309329,0.958730158730159,0.863849765258216,0.472527472527473,0.763492063492063,0.342146189735614,0.945945945945946,0,0.953525641025641,0.6645056726094,0.0440456769983687,0.365777080062794,0.763803680981595,0.427672955974843,0.161490683229814,0.0483619344773791,0.076158940397351,0.0619902120717781,0.0375203915171289,0.0452342487883683,0.497630331753554,0.637658227848101,0.0387596899224806,0.952526799387443,0.947611710323575,0.152886115444618,0,0.0452418096723869,0.0734375,0,0.859450726978998,0,0.0887096774193548,0,0.0682170542635659,0.0443037974683544,0.950715421303657,0.206624605678233,0.0386996904024768,0.376395534290271,0.395931142410016,0.150554675118859,0,0,0.108196721311475,0.11178247734139,0.045958795562599,0,0,0.958132045088567,0.799368088467615,0.50788643533123,0,0.600633914421553,0,0.128246753246753,0.0420711974110032,0.791068580542265,0.768160741885626,0,0.698387096774194,0.446372239747634,0.16875,0.0808709175738725,0.269716088328076,0.954186413902054,0.0515297906602254,0.0830670926517572,0.0355987055016181,0,0.0558139534883721,0,0.0463258785942492,0.993589743589744,0.5829307568438,0,0,0.213836477987421,0.110749185667752,0.0919003115264797,0.314241486068111,0.93558282208589,0.9472,0.214849921011058,0.208398133748056,0,0.973058637083994,0.072463768115942,0,0.0554649265905383,0.0910518053375196,0.9152,0,0.961904761904762,0.0403100775193798,0.583870967741935,0.904684975767367,0.873563218390805,0.9015625,0.345047923322684,0.888540031397174,0.0495207667731629,0,0.274760383386581,0.0541795665634675,0,0,0.958778625954198,0,0.960380348652932,0.0443037974683544,0.329489291598023,0.956730769230769,0.958333333333333,0.46031746031746,0.0792880258899676,0.589905362776025,0,0.9552,0.0456769983686786,0.0062015503875969,0,0.774038461538462,0.948328267477204,0.9536,0.9484375,0.964230171073095,0.00161812297734628,0.0015625,0.941915227629513,0.00478468899521531,0.00161812297734628,0.0250391236306729,0.00625978090766823,0,0.949921752738654,0.0110410094637224,0.962662337662338,0.951923076923077,0,0.950793650793651,0.0387596899224806,0.962025316455696,0.872813990461049,0.952887537993921,0.960691823899371
"401",0.996835443037975,1,0.967692307692308,0.94383775351014,0.982539682539682,1,0.883280757097792,0.972644376899696,1,0,1,0,0.563467492260062,1,0.036697247706422,0.00615384615384615,0,0.0167427701674277,0.996815286624204,0.986111111111111,0.150537634408602,0.0287539936102236,0.992331288343558,0,0.957446808510638,0.259375,0.111111111111111,0.987240829346092,0.456586826347305,0.686544342507645,0,0.693374422187982,0.773228346456693,0.295281582952816,0,1,0.0168195718654434,0.993939393939394,0.273402674591382,0.90990990990991,0.0015625,0.0168453292496172,0.00604229607250755,1,0.779904306220096,0.01875,0.508422664624809,0,0.462908011869436,0.134441087613293,0,0.992163009404389,0.271875,1,0.875389408099688,0.150316455696203,0,0.981132075471698,0.951293759512938,0.904468412942989,0.301242236024845,0.429457364341085,0,0,0.89540412044374,0.81859756097561,0,0.989180834621329,0,0,0.845688350983359,0.0062402496099844,0.0171606864274571,1,0,0.707390648567119,0.0457317073170732,0.577572964669739,0.902711323763955,0.247933884297521,0,0.708708708708709,0.192133131618759,1,0.109422492401216,0.906870229007634,0.996913580246914,0.968468468468468,0.966309341500766,0.0105105105105105,0.990639625585023,1,0,0,0.974723538704581,0,0.292237442922374,0.98145285935085,0.00759878419452888,0.00917431192660551,0.6049766718507,0,0.288819875776398,1,0.1,1,0.0108695652173913,0.976744186046512,0,0.00614439324116743,0.00907715582450832,0.901098901098901,0.324031007751938,0.992319508448541,0,0.984825493171472,0.711009174311927,0,0,0.224111282843895,0,0.7671875,0.250377073906486,0.0744849445324881,0.975,0.14741641337386,0.997010463378176,0.996932515337423,0,0.52833078101072,0.934579439252336,0.48489666136725,0.98740157480315,0,0.996835443037975,0.0242792109256449,0,0.210110584518167,0.636363636363636,0.500787401574803,0,0,0.975384615384615,0.758778625954198,0.167456556082148,1,0.00778816199376947,0.916666666666667,0.410742496050553,0.979010494752624,0.131121642969984,0.983050847457627,1,0.828483920367534,0.995398773006135,0,1,0,0,0.735109717868339,0.873134328358209,0.98468606431853,0.0134529147982063,0,1,0.449139280125196,1,1,1,0.295081967213115,0.974006116207951,0.00154798761609907,0.945945945945946,0,0.896713615023474,0.368975903614458,0,0.981735159817352,0,0.852713178294574,1,0.117004680187207,0.986322188449848,0.946483180428135,0.98955223880597,0.974124809741248,0.0822981366459627,0.362670713201821,0.925984251968504,0.94770206022187,0.0540123456790123,0.00455235204855842,0.979719188767551,0.853658536585366,0,0,0.293478260869565,0.00153846153846154,1,0.251885369532428,0.869431643625192,0.758039816232772,0.98937784522003,0.438184663536776,0.434131736526946,0.290423861852433,0.91937984496124,0.967542503863988,0.882716049382716,0,0.878603945371775,0.168769716088328,0.940345368916798,0,0.0622154779969651,0.523076923076923,0.975460122699387,0.977443609022556,0.833333333333333,0.998459167950693,0.896062992125984,0,0.0630769230769231,0.663141993957704,0.9953125,0,0.995405819295559,0.977711738484398,0.542813455657492,0.540958268933539,0.989164086687306,1,0.359937402190923,0,0.880484114977307,0.513056835637481,0.968454258675079,0,0.957575757575758,0.9984375,1,0.957943925233645,0.52416918429003,0,0.967492260061919,0.550231839258114,0.00451127819548872,0.00151057401812689,0.202808112324493,0,0.151799687010955,0.672645739910314,0,0.00455235204855842,0.00764525993883792,0.584707646176912,0.0392464678178964,0.98740157480315,0.010989010989011,0,0,0.22397476340694,1,0.980061349693252,0.890769230769231,0,0.871794871794872,0.85099846390169,0.682852807283763,0.588785046728972,0.441860465116279,0.448818897637795,0.0121765601217656,1,0.0880121396054628,0.694620253164557,0.958397534668721,0.00914634146341463,0.737878787878788,0.00154083204930663,0.107361963190184,1,1,0.882629107981221,0,0.641881638846737,0.879443585780526,0,0,0.888059701492537,0.977987421383648,0,0.00152439024390244,0.00151515151515152,0.979750778816199,0.883830455259027,0,0,0.363777089783282,0.987480438184664,0.789393939393939,0.38145896656535,0.64622641509434,0.958715596330275,0.0077639751552795,1,1,0.00792393026941363,0.968133535660091,1,0.974723538704581,0.996923076923077,0.174922600619195,0.322188449848024,0.287267080745342,0.9734375,0.942675159235669,0.0528700906344411,0.25,0.975270479134467,0.147465437788018,0.283406754772394,0.995440729483283,0.996918335901387,0.963246554364472,0.693396226415094,0.996965098634294,0.237871674491393,0.96141975308642,0.998435054773083,0,0.32572298325723,0.535885167464115,0.0137825421133231,0.0547112462006079,0.00910470409711684,0.89739663093415,0.0243161094224924,0,0,0.216383307573416,0.992199687987519,0.0705521472392638,0.982456140350877,0.969088098918083,0.9859375,0.284820031298905,0.28414442700157,0.672839506172839,0.451923076923077,0,0.824534161490683,0.0104790419161677,0.0414110429447853,0.193939393939394,1,0.0015220700152207,0,0.332312404287902,0.0120663650075415,0.0200617283950617,0.459167950693374,1,0.26148969889065,1,0.965891472868217,0,0.991202346041056,0,1,0.827160493827161,1,0.0109034267912773,0.979135618479881,0,0.883647798742138,0.700626959247649,0.945121951219512,0.984662576687117,0.996889580093313,0.286370597243492,0.967289719626168,1,0,0.0261941448382126,1,1,0.308510638297872,0.883076923076923,0.963434022257552,0.951588502269289,1,0,0.110047846889952,1,0.00154083204930663,0,0.962732919254658,0.0095389507154213,0.0374414976599064,1,0.968992248062015,0.00465116279069767,0.619119878603945,0.408163265306122,0.982785602503912,0,0.861801242236025,0.996850393700787,0.363067292644757,0.599697885196375,0.781395348837209,0,0.153965785381026,0.973354231974922,0.9984375,0.439814814814815,1,0.977011494252874,0.0308166409861325,0.00153139356814701,0.987692307692308,0.99537037037037,0.950540958268934,0.684848484848485,0.00623052959501558,0.868501529051988,0.232628398791541,0.163907284768212,0.00605143721633888,0.614420062695925,0.592933947772657,0.614439324116744,0,0.274167987321712,0.910906298003072,0.636923076923077,0.503021148036254,0.0785185185185185,0,0,1,0.974320241691843,0,0.921417565485362,0.0109375,0,0,0.998475609756098,0,1,0.77557251908397,0.51285930408472,1,0,0,0.992283950617284,0.961481481481481,0.71342383107089,0,0.00158227848101266,0.868381240544629,0.58751902587519,1,0.522865853658537,0.336492890995261,0,0.981538461538462,0,0.953488372093023,0.0763239875389408,0,0.00753012048192771,0.114420062695925,0.482982171799028,0.972727272727273,0,0.950301204819277,0.975270479134467,1,0,0.0582677165354331,0.934294871794872,0.00323624595469256,1,1,0.00762195121951219,1,0.294930875576037,0.792890262751159,0.00941915227629513,0.161392405063291,0.959938366718028,0.00928792569659443,0,0.972932330827068,0.00635930047694754,0.6578125,0.368088467614534,0,0.109756097560976,0.732394366197183,0.259938837920489,0.973846153846154,0,0.145015105740181,0.458804523424879,0.946268656716418,0.88822652757079,0.969278033794163,0.746056782334385,0,0.983076923076923,0,0.96594427244582,0.386792452830189,0,1,1,1,0.633693972179289,0.983076923076923,0.124610591900312,0.181818181818182,0.94435857805255,0.875766871165644,0,0,0.989079563182527,0.927786499215071,0.00943396226415094,0.981132075471698,0.992223950233281,0.361538461538462,0.925750394944708,0.719568567026194,0.878195488721805,0,0.969135802469136,0.32093023255814,1,0.998449612403101,0,0.636505460218409,0.969040247678019,0,0.678571428571429,0.366261398176292,0.80327868852459,0.682737169517885,0.963855421686747,0.0801815431164902,0.979623824451411,1,0.978260869565217,0.284126984126984,0.0953846153846154,0.992283950617284,1,0.00762195121951219,0.778280542986425,0.463268365817091,0.245022970903522,0.760736196319018,1,0.880551301684533,1,0.107088989441931,0,0,0.828438948995363,0.0031201248049922,0,0.260869565217391,0,0.987878787878788,0.909647779479326,0.998447204968944,0.993957703927492,0.0826833073322933,0,0,0,0.170846394984326,0.078125,0.148669796557121,0,0,1,0.0106870229007634,0.289922480620155,1,0.579192546583851,0.971875,0.649390243902439,0.638680659670165,0,1,0.376766091051805,0.490595611285266,0.91981845688351,0.988023952095808,0.389057750759878,0.00920245398773006,0.950155763239875,0.953242835595777,0,0.965413533834587,0.0125,0.982594936708861,0.429230769230769,0,0.00920245398773006,0.523125996810207,0.832288401253918,0,0.131329113924051,0.0121951219512195,0.00158227848101266,0.751131221719457,0.0248447204968944,1,0.314984709480122,0.992492492492492,0,0.380880121396055,0.315372424722662,0.859399684044234,0.1,0.00458715596330275,0.00153609831029186,0.0359375,0,0.995515695067265,0.0427892234548336,0.979259259259259,0.00309119010819165,1,0,0.506006006006006,0.448382126348228,1,0,0.998498498498498,0,0.38801261829653,0.987860394537178,0,0.638167938931298,0.976340694006309,0.745398773006135,0.948598130841122,0.0332829046898638,0,1,0.244897959183673,0,0.694528875379939,0,0.0122137404580153,1,1,0.990867579908676,0.967791411042945,0.978260869565217,0,0.976452119309262,0.0212443095599393,0.339393939393939,0.271623672230652,0.993893129770992,0.990740740740741,0.992401215805471,0.992435703479576,0.0531107738998483,0.0124804992199688,0.982539682539682,0.961597542242704,0.712349397590361,0.978658536585366,1,0.973765432098765,0,0,0.982169390787519,0,0.0634441087613293,0,0.950233281493002,0.266457680250784,0.202229299363057,0.119631901840491,0.926100628930818,0,0.105828220858896,1,1,0.639876352395672,0.414307004470939,0.20414201183432,0.163636363636364,0.651419558359621,0,0.116385911179173,0.543913713405239,0.248466257668712,0.69969512195122,0.0124223602484472,0,0,0.314696485623003,1,0.612307692307692,0.228228228228228,0.610429447852761,0.875379939209726,0.989425981873112,0.958730158730159,0.979527559055118,1,0.998461538461539,0.537383177570093,0.411042944785276,0.998463901689708,0.00445765230312036,0.00744047619047619,0.872307692307692,0.0121028744326778,1,0.96937212863706,0,0.11216429699842,0,0.948012232415902,0,0.972477064220184,1,0.00606060606060606,0.824345146379045,1,0.649452269170579,0.623277182235835,0.872307692307692,0,0,0.928455284552846,0.940652818991098,0.987692307692308,0,0,0,0.219364599092284,0.497674418604651,0,0.441896024464832,0,0.916139240506329,1,0.153605015673981,0.224924012158055,0,0.329173166926677,0.584097859327217,0.869565217391304,0.960426179604262,0.780487804878049,0,0.985623003194888,0.0153609831029186,1,0,0.978851963746224,0.00764525993883792,1,0.0154320987654321,0.0108359133126935,0,0,0.824242424242424,0.932283464566929,0.930197268588771,0.713636363636364,0.0240601503759399,0.00475435816164818,0.818604651162791,0.830815709969788,0,0.0107858243451464,0.967136150234742,0,0.988924050632911,0.957511380880121,0.0596330275229358,0.0447530864197531,0.00308641975308642,1,0.4484375,0.06875,0.0960629921259843,0.105022831050228,0.682389937106918,0.095166163141994,1,0,0.749230769230769,0.984639016897081,0.00314465408805031,0,0,0,0,1,0.704113924050633,0,0,0.525902668759812,0.955315870570108,0.435508345978756,0.0557228915662651,0.00157232704402516,0.0599369085173502,0.0167682926829268,0,0.0293663060278207,0.00594353640416048,0.00154083204930663,0.0122324159021407,0,0.0559875583203732,0.0606980273141123,0.0168453292496172,0.0185185185185185,0.0062992125984252,0.0261538461538462,0.0242057488653555,0.0647149460708783,0.00777604976671851,0.0215716486902928,0,0.00157977883096367,0.0526315789473684,0.00769230769230769,0.0242424242424242,0,0.0341614906832298,0.00148809523809524,0.00153609831029186
"402",0.96656050955414,0.968895800933126,1,0.9375,0.975961538461538,0.969745222929936,0.916932907348243,0.977455716586151,0.966049382716049,0,0.970125786163522,0,0.586046511627907,0.96656050955414,0.0705329153605016,0.0425867507886435,0,0.0139318885448916,0.96513470681458,0.952755905511811,0.172413793103448,0.0649350649350649,0.959183673469388,0,0.937205651491366,0.290220820189274,0.137984496124031,0.960127591706539,0.475232198142415,0.724247226624406,0.0328125,0.698289269051322,0.782051282051282,0.308777429467085,0,0.964856230031949,0.0171875,0.960998439937597,0.289355322338831,0.888364779874214,0.00158982511923688,0.0140625,0.0062111801242236,0.96969696969697,0.80064308681672,0.0555555555555556,0.522082018927445,0.0297805642633229,0.487062404870624,0.153013910355487,0,0.966981132075472,0.286604361370716,0.963893249607535,0.905063291139241,0.194489465153971,0,0.9456,0.976780185758514,0.909233176838811,0.302362204724409,0.438184663536776,0.0305958132045089,0,0.889967637540453,0.81591263650546,0,0.9584,0,0.029126213592233,0.838660578386606,0.0388802488335925,0.0390015600624025,0.97196261682243,0,0.730354391371341,0.0816640986132511,0.567026194144838,0.922077922077922,0.307820299500832,0,0.733333333333333,0.225806451612903,0.965045592705167,0.135007849293564,0.938650306748466,0.968847352024922,0.967340590979782,0.940438871473354,0.0093603744149766,0.963434022257552,0.963549920760697,0,0,0.948635634028893,0,0.320754716981132,0.957413249211357,0.00469483568075117,0.0063391442155309,0.65,0,0.30503144654088,0.971786833855799,0.127496159754224,0.969404186795491,0.010989010989011,0.984251968503937,0.0304487179487179,0.041335453100159,0.0384615384615385,0.929712460063898,0.366826156299841,0.965244865718799,0,0.981279251170047,0.724247226624406,0,0.0330188679245283,0.243630573248408,0,0.779904306220096,0.268445839874411,0.104,0.960567823343849,0.171339563862928,0.96583850931677,0.973724884080371,0,0.575,0.950636942675159,0.5008,0.96260162601626,0,0.967585089141005,0.0432098765432099,0,0.230769230769231,0.621283255086072,0.543089430894309,0,0,0.968847352024922,0.753577106518283,0.178743961352657,0.966772151898734,0.0345911949685535,0.942097026604069,0.442857142857143,0.989180834621329,0.148692810457516,0.9625,0.969105691056911,0.83125,0.963607594936709,0.0256,0.968354430379747,0.032967032967033,0,0.74203821656051,0.885093167701863,0.959438377535101,0.0577223088923557,0,0.966205837173579,0.4672,0.968543046357616,0.966876971608833,0.968895800933126,0.309119010819165,0.973270440251572,0.0361635220125786,0.944186046511628,0.0338461538461538,0.918789808917197,0.3953125,0,0.95447409733124,0,0.827856025039124,0.964968152866242,0.151273885350318,0.965408805031447,0.927131782945736,0.963746223564955,0.947611710323575,0.133437990580848,0.406153846153846,0.91747572815534,0.944983818770227,0.0847723704866562,0.0362776025236593,0.972668810289389,0.877165354330709,0,0,0.316535433070866,0.00158730158730159,0.964006259780908,0.29984544049459,0.899676375404531,0.741433021806854,0.977099236641221,0.451612903225806,0.440438871473354,0.302694136291601,0.910969793322735,0.938775510204082,0.892141756548536,0,0.869565217391304,0.199362041467305,0.935691318327974,0.0316957210776545,0.0987841945288754,0.556765163297045,0.959311424100156,0.968992248062015,0.843354430379747,0.968701095461659,0.881435257410296,0,0.0970266040688576,0.65891472868217,0.9616,0,0.962962962962963,0.987730061349693,0.575471698113208,0.563291139240506,0.95748031496063,0.969551282051282,0.390127388535032,0,0.908950617283951,0.546021840873635,0.995049504950495,0.031104199066874,0.948995363214838,0.97007874015748,0.96998420221169,0.933333333333333,0.552307692307692,0.0316455696202532,0.996865203761755,0.533018867924528,0.0395136778115502,0.0338461538461538,0.22488038277512,0.0335463258785942,0.176848874598071,0.706153846153846,0.029874213836478,0.0360501567398119,0.0376766091051805,0.621165644171779,0.0624,0.965189873417722,0.00972447325769854,0.0271132376395534,0,0.244408945686901,0.9728,0.95583596214511,0.8921875,0,0.888529886914378,0.844961240310077,0.69620253164557,0.621451104100946,0.470494417862839,0.457463884430177,0.0108695652173913,0.964630225080386,0.122611464968153,0.703099510603589,0.996815286624204,0.0420560747663551,0.78594249201278,0.0299212598425197,0.150793650793651,0.96937212863706,0.967051070840198,0.914239482200647,0,0.675344563552833,0.908242612752722,0,0.0296411856474259,0.921052631578947,0.987261146496815,0,0.0346456692913386,0.0235478806907378,0.969502407704655,0.890522875816993,0.0339805825242718,0,0.398119122257053,0.976377952755906,0.818873668188737,0.414826498422713,0.694136291600634,0.944615384615385,0.0391236306729265,0.966049382716049,0.968503937007874,0.0352,0.95968992248062,0.972972972972973,0.951923076923077,0.9703125,0.194847020933977,0.330232558139535,0.295133437990581,0.977346278317152,0.92483660130719,0.0496124031007752,0.269716088328076,0.981191222570533,0.173913043478261,0.315950920245399,0.977987421383648,0.965299684542587,0.962382445141066,0.692926045016077,0.967592592592593,0.250788643533123,0.989214175654854,0.96,0,0.335949764521193,0.575079872204473,0.0440944881889764,0.0505529225908373,0.0373250388802488,0.89922480620155,0.0542635658914729,0.0282574568288854,0,0.241706161137441,0.9712,0.0923317683881064,0.978998384491115,0.995260663507109,0.9826224328594,0.295238095238095,0.307817589576547,0.665625,0.478547854785479,0,0.811912225705329,0.0488549618320611,0.0698757763975155,0.223241590214067,0.968503937007874,0.0345911949685535,0,0.338533541341654,0.0435458786936236,0.0488958990536278,0.4796875,0.971428571428571,0.317741935483871,0.970394736842105,0.936406995230525,0,0.969604863221885,0.0324574961360124,0.969088098918083,0.81619937694704,0.965686274509804,0.0454545454545455,0.955246913580247,0.0345368916797488,0.864566929133858,0.735973597359736,0.917316692667707,0.984350547730829,0.9664,0.297297297297297,0.944267515923567,0.966205837173579,0.0324074074074074,0.0451010886469673,0.967238689547582,0.964285714285714,0.366771159874608,0.867807153965785,0.943548387096774,0.944444444444444,0.969040247678019,0,0.147967479674797,0.965732087227414,0.0351437699680511,0,0.998402555910543,0.00805152979066022,0.0718849840255591,0.968992248062015,1,0.00321543408360129,0.662992125984252,0.446708463949843,0.969889064976228,0.0304487179487179,0.854632587859425,0.968701095461659,0.381558028616852,0.637071651090343,0.812101910828026,0,0.179936305732484,0.985759493670886,0.971653543307087,0.469194312796209,0.975193798449612,0.94991652754591,0.0619047619047619,0,0.971830985915493,0.967032967032967,0.949286846275753,0.686064318529862,0.0349206349206349,0.892405063291139,0.26046511627907,0.198675496688742,0.00469483568075117,0.609951845906902,0.60031847133758,0.640625,0,0.319354838709677,0.930708661417323,0.638759689922481,0.53680981595092,0.112633181126332,0,0,0.968373493975904,0.944444444444444,0,0.963893249607535,0.00952380952380952,0,0,0.968652037617555,0,0.974151857835218,0.79153605015674,0.557098765432099,0.966412213740458,0,0,0.970404984423676,0.94359756097561,0.722650231124807,0.0324074074074074,0.00162337662337662,0.903726708074534,0.632558139534884,0.973143759873618,0.544323483670295,0.385852090032154,0,0.953416149068323,0.0343137254901961,0.973143759873618,0.113964686998395,0,0.0427480916030534,0.143780290791599,0.472727272727273,0.948757763975155,0,0.966309341500766,0.957943925233645,0.974803149606299,0,0.106687898089172,0.906197654941373,0.0382059800664452,0.962732919254658,0.967289719626168,0.0386996904024768,0.966824644549763,0.309968847352025,0.838557993730408,0.0408805031446541,0.190016103059581,0.955905511811024,0.00952380952380952,0.0313479623824451,0.97339593114241,0.0357723577235772,0.668789808917197,0.39776357827476,0,0.142194744976816,0.744715447154472,0.271293375394322,0.965732087227414,0.0299212598425197,0.164835164835165,0.458745874587459,0.938931297709924,0.898461538461538,0.943127962085308,0.743630573248408,0,0.957943925233645,0.0293663060278207,0.936102236421725,0.416938110749186,0.0332829046898638,0.972006220839813,0.971473851030111,0.968152866242038,0.632911392405063,0.981308411214953,0.150316455696203,0.210776545166403,0.932389937106918,0.904088050314465,0,0,0.964856230031949,0.921221864951768,0.045958795562599,0.97427652733119,0.969551282051282,0.389147286821705,0.962843295638126,0.750793650793651,0.908116385911179,0,0.955128205128205,0.359497645211931,0.969936708860759,0.968253968253968,0,0.642054574638844,1,0.0383386581469649,0.692926045016077,0.421630094043887,0.795454545454545,0.71656050955414,0.929770992366412,0.103076923076923,0.968253968253968,0.966929133858268,0.981191222570533,0.317230273752013,0.114906832298137,0.967492260061919,0.967238689547582,0.0061633281972265,0.780715396578538,0.451816745655608,0.294392523364486,0.780952380952381,0.9671875,0.881804043545879,0.96594427244582,0.131578947368421,0.0346534653465347,0,0.834658187599364,0.035031847133758,0.0342146189735614,0.30625,0,0.966666666666667,0.911353032659409,0.970266040688576,0.970724191063174,0.11198738170347,0.033175355450237,0,0,0.193236714975845,0.106858054226475,0.1957928802589,0,0.0297339593114241,0.970496894409938,0.0216049382716049,0.309409888357257,0.966237942122186,0.616613418530351,0.949044585987261,0.683969465648855,0.672333848531685,0,0.969742813918306,0.41025641025641,0.518987341772152,0.941358024691358,0.974242424242424,0.411764705882353,0.00632911392405063,0.962025316455696,0.960244648318043,0,0.940729483282675,0.0474683544303797,0.967479674796748,0.436420722135008,0,0.00783699059561128,0.548599670510708,0.856,0.0333333333333333,0.168284789644013,0.0111111111111111,0.00162074554294976,0.740573152337858,0.0457413249211356,0.969404186795491,0.35548686244204,0.973643410852713,0.0293663060278207,0.39652448657188,0.335473515248796,0.887096774193548,0.124794745484401,0.0362776025236593,0.00154320987654321,0.0691318327974277,0,0.967692307692308,0.0525477707006369,0.984709480122324,0.0382775119617225,0.96656050955414,0,0.534775888717156,0.465408805031447,0.967084639498433,0,0.967441860465116,0,0.432300163132137,0.964506172839506,0,0.675925925925926,0.966772151898734,0.744444444444444,0.982286634460548,0.0708782742681048,0,0.965408805031447,0.291803278688525,0,0.690140845070423,0.032967032967033,0.0518053375196232,0.9712,0.966613672496025,0.961538461538462,0.941915227629513,0.955056179775281,0,0.950871632329635,0.0233644859813084,0.371695178849145,0.321483771251932,0.96319018404908,0.961538461538462,0.963133640552995,0.962732919254658,0.0625978090766823,0.0504731861198738,0.968903436988543,0.94488188976378,0.708333333333333,0.950078003120125,0.970679012345679,0.996840442338073,0,0,0.95166163141994,0,0.0938967136150235,0,0.968354430379747,0.307317073170732,0.229132569558101,0.152307692307692,0.900316455696203,0,0.133647798742138,0.968253968253968,0.97196261682243,0.659270998415214,0.433333333333333,0.230075187969925,0.213063763608087,0.642405063291139,0.0249221183800623,0.151799687010955,0.591772151898734,0.260596546310832,0.696400625978091,0.0403726708074534,0,0.0271565495207668,0.3472,0.969404186795491,0.64696734059098,0.248085758039816,0.615748031496063,0.895061728395062,0.95405819295559,0.962356792144026,0.960127591706539,0.972712680577849,0.968602825745683,0.564465408805031,0.450949367088608,0.968354430379747,0.0348484848484849,0.0412213740458015,0.89540412044374,0.0125984251968504,0.9671875,0.9421875,0,0.133440514469453,0,0.946117274167987,0,0.964006259780908,0.968553459119497,0.0290519877675841,0.858044164037855,0.964560862865948,0.691693290734824,0.662538699690402,0.9056,0,0,0.934210526315789,0.974203338391502,0.977987421383648,0,0,0.032051282051282,0.244582043343653,0.50390015600624,0,0.475077881619938,0,0.914285714285714,0.961038961038961,0.168539325842697,0.25,0,0.379585326953748,0.588888888888889,0.848909657320872,0.992319508448541,0.8015625,0.0327613104524181,0.97875816993464,0.015625,0.964227642276423,0,0.978494623655914,0.00632911392405063,0.970172684458399,0.0487421383647799,0.028391167192429,0,0,0.841269841269841,0.901960784313726,0.958204334365325,0.72281776416539,0.0619195046439628,0.04,0.824261275272162,0.824806201550388,0,0.0479233226837061,0.936908517350158,0,0.952380952380952,0.992260061919505,0.080370942812983,0.0430769230769231,0.0279503105590062,0.967592592592593,0.490291262135922,0.0963665086887836,0.119354838709677,0.146645865834633,0.705787781350482,0.117829457364341,0.968503937007874,0,0.753993610223642,0.953271028037383,0.00315457413249211,0,0.037821482602118,0,0.0378548895899054,0.964451313755796,0.709470304975923,0.0275080906148867,0.0352564102564103,0.571658615136876,0.971291866028708,0.45226917057903,0.0510046367851623,0.0292682926829268,0.0580645161290323,0.0173775671406003,0,0.0523809523809524,0.0414746543778802,0.0348101265822785,0.0519685039370079,0.0263157894736842,0.0547504025764895,0.0589147286821705,0.0380952380952381,0.0173228346456693,0.00481540930979133,0.0251177394034537,0.0235109717868339,0.059375,0.0366826156299841,0.0219435736677116,0.0289855072463768,0.0401284109149278,0.0467741935483871,0.0327102803738318,0.0212443095599393,0.0297339593114241,0.053968253968254,0.0384615384615385,0.0348101265822785
"403",0.00321027287319422,0.00315457413249211,0.00313479623824451,0.00163934426229508,0.00160513643659711,0.00486223662884927,0.0192616372391653,0.00479233226837061,0.00473186119873817,0.995169082125604,0.0032,0.995215311004785,0.00158227848101266,0.00323101777059774,0,0,0.9953125,0.993610223642173,0.00322061191626409,0.00477707006369427,0,0,0.00467289719626168,0.995348837209302,0.00155038759689922,0,0.00158478605388273,0.00322061191626409,0.00154559505409583,0.00156494522691706,0,0,0.00162337662337662,0.00159235668789809,0.995245641838352,0.00318471337579618,0.977848101265823,0.0046656298600311,0.00151057401812689,0.00477707006369427,0.998387096774194,0.993759750390016,0.9984375,0.00482315112540193,0.00325732899022801,0,0,0,0.00309597523219814,0.00154798761609907,0.99685534591195,0.00474683544303797,0,0.00316455696202532,0.0191387559808612,0,0.995114006514658,0.00321543408360129,0.0078740157480315,0.00157728706624606,0.00157728706624606,0.00158227848101266,0,0.998381877022654,0.00161550888529887,0.00471698113207547,0.995305164319249,0.0048,0.996835443037975,0,0.00316455696202532,0,0,0.0046583850931677,0.995275590551181,0.00308166409861325,0,0.00159489633173844,0.00646203554119548,0,0.995153473344103,0,0,0.00307692307692308,0.00157977883096367,0.00464396284829721,0.00480769230769231,0.00316455696202532,0.00627943485086342,0.998447204968944,0.00159235668789809,0.00316455696202532,0.996815286624204,0.998425196850394,0.00162866449511401,0.995283018867924,0.0171875,0.00469483568075117,1,0.998402555910543,0.0126984126984127,0.996850393700787,0.00161812297734628,0.00481540930979133,0,0.00485436893203883,0.996835443037975,0.00797448165869218,0,0,0,0.0191387559808612,0,0.00315955766192733,0.99837925445705,0.0046656298600311,0,0.996870109546166,0,0,0.996923076923077,0.00315955766192733,0.00158982511923688,0,0.00471698113207547,0,0.00156985871271586,0,0.995305164319249,0.0109034267912773,0.00158982511923688,0,0.00161290322580645,0.995260663507109,0.00486223662884927,0,0.998422712933754,0,0,0.00958466453674121,0.996789727126806,0.998407643312102,0.00321543408360129,0.00318979266347687,0,0.0031496062992126,0,0.00314465408805031,0,0.0031201248049922,0,0.00319488817891374,0.00324149108589951,0.0015748031496063,0.00467289719626168,0,0.00470219435736677,0,0.995327102803738,0.00482315112540193,0.0107692307692308,0.00315457413249211,0,0.996904024767802,0.0046583850931677,0.00162866449511401,0.0048780487804878,0.00470957613814757,0.00314465408805031,0,0.00478468899521531,0,0.003125,0,0.00803858520900321,0,0.996794871794872,0.00156985871271586,0.998430141287284,0.00157232704402516,0.00473186119873817,0,0.00476947535771065,0.00313971742543171,0.0045662100456621,0.0046801872074883,0,0,0.00320512820512821,0.00318471337579618,0,0,0.0032,0.0277349768875193,0.996894409937888,0.995192307692308,0.00157977883096367,0.996850393700787,0.00155038759689922,0,0.016025641025641,0.0015600624024961,0.00458015267175573,0.00159235668789809,0,0.00161030595813205,0.00322061191626409,0.00478468899521531,0.00469483568075117,0.995169082125604,0.00313971742543171,0,0.0016,0,0,0.00630914826498423,0.00469483568075117,0.00309597523219814,0.0032,0.0047244094488189,0.00317460317460317,0.995245641838352,0,0.0015748031496063,0.00323101777059774,0.998415213946117,0.00470957613814757,0.00305810397553517,0.00625978090766823,0,0.0048,0.00483091787439614,0.0238473767885533,0.99672131147541,0.0186046511627907,0,0.00325732899022801,0,0.00309119010819165,0.00486223662884927,0.0046875,0.00475435816164818,0.00315457413249211,0,0.00315955766192733,0,0,0,0,0,0,0.00155038759689922,0,0,0,0.00308166409861325,0,0.00318979266347687,0.996732026143791,0,0.995327102803738,0.00316957210776545,0.0032258064516129,0,0.00318471337579618,0.99685534591195,0.00492610837438424,0.0062992125984252,0,0,0,0,0.99685534591195,0.0032,0,0,0.00476947535771065,0,0.00156985871271586,0,0,0.00462962962962963,0.00499168053244592,0.0191082802547771,0.995327102803738,0.00157728706624606,0.0222929936305732,0.996825396825397,0,0.0186625194401244,0.0046875,0.995290423861852,0,0,0.00319488817891374,0,0,0.996789727126806,0.0188976377952756,0.00476947535771065,0.00154559505409583,0,0.00161030595813205,0.0031055900621118,0,0.00315457413249211,0.00476190476190476,0,0.00315457413249211,0.0015748031496063,0.00323101777059774,0.00474683544303797,0,0.00155038759689922,0.00155763239875389,0.00648298217179903,0.00162074554294976,0.956521739130435,0,0.00475435816164818,0,0,0.00312989045383412,0.00475435816164818,0.00312989045383412,0,0.00464396284829721,0,0.004739336492891,0.00473186119873817,0.996860282574568,0,0.00969305331179321,0,0.956454121306376,0,0.0031496062992126,0,0,0.995356037151703,0,0.00319488817891374,0,0.0033112582781457,0.00477707006369427,0.00318471337579618,0.00160513643659711,0.00164744645799012,0.00158478605388273,0,0.996835443037975,0.00159744408945687,0,0,0,0.00482315112540193,0,0.995283018867924,0,0,0,0.00316455696202532,0.00477707006369427,0,0.00324149108589951,0.00322061191626409,0.995297805642633,0.00299850074962519,0,0.00461538461538462,0.00157977883096367,0.00489396411092985,0,0.00461538461538462,0,0.00470957613814757,0.00322061191626409,0.00469483568075117,0.00314465408805031,0.00475435816164818,0.00157728706624606,0.00477707006369427,0.00462962962962963,0,0.00159235668789809,0.00481540930979133,0.00316957210776545,0,0.00474683544303797,0.00495049504950495,0.0015600624024961,0.00463678516228748,0.995215311004785,0,0.0047244094488189,0,0.996774193548387,0.00323101777059774,0.996753246753247,0,0.00465116279069767,0.00321543408360129,1,0.0142405063291139,0,0.00483091787439614,0,0.00322061191626409,0.00495049504950495,0.00158730158730159,0.0015748031496063,0.00318471337579618,0.996825396825397,0,0.0048780487804878,0.0048,0,0.00470219435736677,0.00499168053244592,0,0.996884735202492,0.00470957613814757,0.00478468899521531,0.00313971742543171,0.0015527950310559,0,0.0112540192926045,0.00158478605388273,0.0166389351081531,0.998452012383901,0.00162074554294976,0.00159489633173844,0.00312989045383412,0.996927803379416,0,0.00477707006369427,0.00156985871271586,0,0,0.995283018867924,0.996894409937888,0.00453857791225416,0.00464396284829721,0.996825396825397,0.00479233226837061,0.998384491114701,0.996850393700787,0.995137763371151,0.00477707006369427,0.996899224806202,0.00321543408360129,0.00476190476190476,0.0078003120124805,0.00471698113207547,0.995137763371151,0.996815286624204,0.00317460317460317,0.00459418070444104,0.00315457413249211,0,0.996726677577741,0.0249609984399376,0.00156494522691706,0.00473186119873817,0,0,0.995327102803738,0.00313971742543171,0,0.00647249190938511,0,0.996923076923077,0,0.00159235668789809,0,0.00469483568075117,0.996850393700787,0.00306748466257669,0.00469483568075117,0.00469483568075117,0.996779388083736,0,0.00333333333333333,0,0.00469483568075117,0.00153846153846154,0,0.00474683544303797,0.00158730158730159,0.00314465408805031,0,0.00327332242225859,0.00318471337579618,0.9984,0,0.003125,0,0.00162866449511401,0.0096,0.996899224806202,0,0.00644122383252818,0.00158730158730159,0.00316455696202532,0,0,0,0.00311526479750779,0.00305810397553517,0.00321543408360129,0.00157728706624606,0.995114006514658,0.0046875,0,0.00480769230769231,0.00649350649350649,0,0.00465116279069767,0.00480769230769231,0.00318979266347687,0,0.00470957613814757,0,0,0.004739336492891,0.0176565008025682,0.995398773006135,0.995245641838352,0.00321027287319422,0.0032,0,0.00476190476190476,0.00314465408805031,0,0.0048780487804878,0.00158227848101266,0.0201238390092879,0.996879875195008,0.00321027287319422,0.016,0.00317965023847377,0.0047244094488189,0.998454404945904,0.00489396411092985,0.00321543408360129,0,0.00481540930979133,0,0.0045662100456621,0.00320512820512821,0.00307692307692308,0,0.00801282051282051,0.0046875,0.00311526479750779,0.0179445350734095,0.0254777070063694,0.00467289719626168,0.00313479623824451,0.9984375,0.0015748031496063,0.00155038759689922,0,0.00156739811912226,0.00316957210776545,0.00158730158730159,0.00312989045383412,0.761904761904762,0,0.99537750385208,0.00642054574638844,0,0,0,0.996825396825397,0.0047244094488189,0,0.00475435816164818,0.00462962962962963,0,0,0.995433789954338,0.995238095238095,0,0,0,0.996825396825397,0,0.00316957210776545,0.566302652106084,0.00158478605388273,0.0016260162601626,0.0110062893081761,0.00323624595469256,0.00315955766192733,0.00155038759689922,0.995297805642633,0.00303951367781155,0.00161290322580645,0.00159235668789809,0.0078003120124805,0.00471698113207547,0,0.9953125,0.00158227848101266,0.00157232704402516,0.998412698412698,0.00465116279069767,0,0.00323624595469256,0,0.99685534591195,1,0.00164203612479475,0.0033003300330033,0,0,0.998422712933754,0.996753246753247,0.00152671755725191,0,0.00503355704697987,0,0.00470219435736677,0,0.0015552099533437,0,0.00980392156862745,0,0,1,0,0.995238095238095,0.00471698113207547,0.161500815660685,0.00612557427258806,0,0.0032258064516129,0.996879875195008,0,0.00159744408945687,0.00313479623824451,0.996789727126806,0.0031496062992126,0.995169082125604,0,0.0031055900621118,0.998456790123457,0.0244648318042813,0.00321027287319422,0,0.00481540930979133,0,0.995215311004785,0.0047244094488189,0,0.995412844036697,0,0,0,0.0047244094488189,0.00475435816164818,0.00310077519379845,0.00474683544303797,0.00318979266347687,0.995230524642289,0.00316957210776545,0.98740157480315,0.0217729393468118,0,0.00311526479750779,0.00315457413249211,0.00310077519379845,0.0046875,0.925515055467512,0,0.00490998363338789,0.0031496062992126,0.0015625,0.00313971742543171,0.00463678516228748,0.00471698113207547,0.996865203761755,0.998461538461539,0.00455235204855842,0.996889580093313,0,0.995222929936306,0.00313479623824451,0,0.00163132137030995,0,0.00319488817891374,0.993680884676145,0,0.00476947535771065,0.00462962962962963,0.00158227848101266,0.00152905198776758,0,0,0,0,0,0.00157977883096367,0,0.00156739811912226,0,0.9952,0,0.0176565008025682,0.00321027287319422,0.0357142857142857,0.00153139356814701,0,0.00927357032457496,0.00471698113207547,0.00490196078431373,0.00323624595469256,0.00322061191626409,0.00482315112540193,0,0.0015552099533437,0.00474683544303797,0,0,0.00796178343949045,0.996835443037975,0.0046656298600311,0.00315955766192733,0.9968,0,0.996830427892235,0.00317965023847377,0.995081967213115,0.00467289719626168,0.00158227848101266,0,0.00314465408805031,0.0031201248049922,0.00319488817891374,0.0015748031496063,0.0256,0.995290423861852,0.998384491114701,0.00329489291598023,0.00455927051671732,0.00474683544303797,0.995412844036697,0.995356037151703,0,0,0,0.995215311004785,0,0.998459167950693,0.00318471337579618,0.004739336492891,0.0318979266347687,0,0.995363214837713,0.00162337662337662,0,0.00470219435736677,0.00462249614791988,0.00316455696202532,0,0.00323624595469256,0.898595943837754,0.00489396411092985,0.998394863563403,0.00465116279069767,0.998420221169036,0.00482315112540193,0,0.373397435897436,0.995290423861852,0.998412698412698,0.00469483568075117,0.00325732899022801,0.0140845070422535,0.00155038759689922,0,0,0.0015600624024961,0.00309119010819165,0.9968,0,0.00162337662337662,0.996870109546166,0.00486223662884927,0.0046656298600311,0,0.971786833855799,0,0.0046583850931677,0,0,0,0,0.00161290322580645,0.00157728706624606,0.00317965023847377,0.996860282574568,0.0048,0.00469483568075117,0.998384491114701,0.996830427892235,0,0.995297805642633,0,0.00319488817891374,0,0,0,0.00811688311688312,0.0096,0.00156494522691706,0.958268933539413,0,0.908064516129032,0.971698113207547,0.996820349761526,0.161084529505582,0,0,0.0046656298600311,0,0.961414790996785,0.954113924050633,0,0.971061093247588,0.99185667752443,0.941269841269841,0.968553459119497,0.952012383900929,0,0.966929133858268,0,0,0.961476725521669,0,0.925465838509317,0,0.0551181102362205,0,0
"404",0.629032258064516,0.639751552795031,0.656298600311042,0.65112540192926,0.625396825396825,0.624600638977636,0.725832012678288,0.647619047619048,0.629283489096573,0.00789889415481832,0.611464968152866,0.0077639751552795,0.638668779714738,0.6198738170347,0.39047619047619,0.378548895899054,0.00765696784073507,0.0172143974960876,0.635350318471338,0.652037617554859,0.5328125,0.37785016286645,0.625978090766823,0.00916030534351145,0.667192429022082,0.491987179487179,0.444094488188976,0.620967741935484,0.632465543644717,0.680555555555556,0.375389408099688,0.690251572327044,0.679748822605965,0.513260530421217,0.00946372239747634,0.608346709470305,0.0297805642633229,0.616588419405321,0.59606656580938,0.627871362940276,0.00955414012738853,0.015552099533437,0.0155763239875389,0.621621621621622,0.682926829268293,0.380348652931854,0.571428571428571,0.367762128325509,0.608562691131499,0.461538461538462,0.00930232558139535,0.619426751592357,0.542721518987342,0.6078125,0.729299363057325,0.480645161290323,0.00810372771474878,0.639240506329114,0.642089093701997,0.681747269890796,0.507763975155279,0.614197530864197,0.372239747634069,0.00961538461538462,0.652665589660743,0.666666666666667,0.00947867298578199,0.626959247648903,0.0062111801242236,0.364649681528662,0.636363636363636,0.369734789391576,0.387755102040816,0.626749611197512,0.00625978090766823,0.696124031007752,0.400943396226415,0.635093167701863,0.693679092382496,0.518092105263158,0.0048780487804878,0.694573643410853,0.498447204968944,0.625386996904025,0.457547169811321,0.672333848531685,0.616459627329193,0.640625,0.62111801242236,0.0139751552795031,0.620472440944882,0.614779874213837,0.00626959247648903,0.00784929356357928,0.624213836477987,0.00778816199376947,0.695859872611465,0.624213836477987,0.00765696784073507,0.0141509433962264,1,0.00946372239747634,0.627831715210356,0.621621621621622,0.465437788018433,0.62760834670947,0.0125391849529781,0.648902821316614,0.361904761904762,0.371248025276461,0.366352201257862,0.708133971291866,0.539906103286385,0.6049766718507,0.0095389507154213,0.631741140215716,0.69811320754717,0.00782472613458529,0.374805598755832,0.512038523274478,0.00615384615384615,0.695374800637959,0.619047619047619,0.41091492776886,0.626771653543307,0.457496136012365,0.626728110599078,0.619496855345912,0.0109546165884194,0.924846625766871,0.658730158730159,0.595121951219512,0.625396825396825,0.00782472613458529,0.63275039745628,0.374807987711214,0.009375,0.600315955766193,0.59047619047619,0.908064516129032,0.00961538461538462,0.00956937799043062,0.65210608424337,0.677165354330709,0.469155844155844,0.605055292259084,0.366771159874608,0.68798751950078,0.540192926045016,0.616692426584235,0.526829268292683,0.628751974723539,0.620355411954766,0.654205607476635,0.620094191522763,0.354992076069731,0.625786163522013,0.360629921259843,0.00628930817610063,0.683360258481422,0.69478527607362,0.627511591962906,0.382126348228043,0.00923076923076923,0.610591900311526,0.582802547770701,0.629449838187702,0.633540372670807,0.628440366972477,0.502276176024279,0.635792778649921,0.378594249201278,0.627480916030534,0.36979969183359,0.680511182108626,0.548136645962733,0.00794912559618442,0.618296529968454,0.00770416024653313,0.64375,0.623639191290824,0.450793650793651,0.623233908948195,0.643962848297214,0.617691154422789,0.635514018691589,0.456964006259781,0.548387096774194,0.667202572347267,0.661904761904762,0.40282131661442,0.37403400309119,0.634340222575517,0.741379310344828,0.00770416024653313,0.009375,0.696,0.0123076923076923,0.624806201550388,0.541795665634675,0.749598715890851,0.637083993660856,0.629800307219662,0.758454106280193,0.602167182662539,0.644200626959248,0.622257053291536,0.634945397815913,0.667175572519084,0.00955414012738853,0.664098613251156,0.576985413290113,0.655172413793103,0.374613003095975,0.426605504587156,0.913522012578616,0.635071090047393,0.637059724349158,0.682333873581848,0.617647058823529,0.657770800627943,0.00806451612903226,0.419656786271451,0.6671826625387,0.616,0.0110935023771791,0.635792778649921,0.629402756508423,0.9359375,0.553090332805071,0.624801271860095,0.617224880382775,0.77207062600321,0.00961538461538462,0.699846860643185,0.638095238095238,0.653354632587859,0.371695178849145,0.636225266362253,0.613636363636364,0.614173228346457,0.649762282091918,0.607476635514019,0.388443017656501,0.652380952380952,0.588509316770186,0.361280487804878,0.364471669218989,0.453416149068323,0.374213836477987,0.528753993610224,0.773846153846154,0.368584758942457,0.367762128325509,0.388455538221529,0.86,0.393258426966292,0.631578947368421,0.0159744408945687,0.358609794628752,0.00778816199376947,0.6125,0.64,0.614285714285714,0.653250773993808,0.0109546165884194,0.689542483660131,0.664596273291925,0.678018575851393,0.647887323943662,0.599364069952305,0.584541062801932,0.0186046511627907,0.606451612903226,0.486780715396579,0.682258064516129,0.639370078740157,0.376377952755906,0.728549141965679,0.375594294770206,0.456556082148499,0.637329286798179,0.61247947454844,0.725677830940989,0.0106221547799697,0.824534161490683,0.724409448818898,0.0078003120124805,0.363207547169811,0.706521739130435,0.642745709828393,0.00619195046439629,0.389240506329114,0.362363919129082,0.6304,0.670967741935484,0.367479674796748,0.00952380952380952,0.783699059561129,0.63968253968254,0.775541795665635,0.545454545454545,0.738362760834671,0.633956386292835,0.371294851794072,0.624420401854714,0.616352201257862,0.371610845295056,0.643962848297214,0.6203125,0.639553429027113,0.625194401244168,0.497659906396256,0.581504702194357,0.658805031446541,0.6272,0.652931854199683,0.0434782608695652,0.517460317460318,0.658767772511848,0.453125,0.556060606060606,0.636080870917574,0.63301282051282,0.644961240310078,0.698872785829308,0.62095531587057,0.510301109350238,0.656739811912226,0.635179153094462,0.0094488188976378,0.578947368421053,0.860576923076923,0.383045525902669,0.043343653250774,0.370426829268293,0.634222919937206,0.378670788253478,0.373626373626374,0.00610687022900763,0.502369668246445,0.622792937399679,0.442367601246106,0.639871382636656,0.65625,0.627760252365931,0.660377358490566,0.650485436893204,0.660910518053375,0.540849673202614,0.00777604976671851,0.654574132492114,0.366718027734977,0.378504672897196,0.550156739811912,0.637223974763407,0.367601246105919,0.00941915227629513,0.590909090909091,0.382126348228043,0.392,0.590690208667737,0.612954186413902,0.5232,0.610197368421053,0.621236133122029,0.00775193798449612,0.618343195266272,0.371775417298938,0.630368098159509,0.679748822605965,0.635922330097087,0.388976377952756,0.644859813084112,0.364485981308411,0.642405063291139,0.6656,0.656832298136646,0.637071651090343,0.617088607594937,0.63312693498452,0.638668779714738,0.611280487804878,0.379416282642089,0.3734375,0.610223642172524,0.617784711388456,0.536277602523659,0.615625,0.658022690437601,0.656877897990726,0.61609907120743,0.00636942675159236,0.428346456692913,0.616719242902208,0.365506329113924,0.0110759493670886,0.65224358974359,0.0161812297734628,0.386217948717949,0.619119878603945,0.662992125984252,0.0142405063291139,1,0.561514195583596,0.647151898734177,0.372239747634069,0.63258785942492,0.612179487179487,0.599364069952305,0.805555555555556,0.695652173913043,0.00473186119873817,0.54559748427673,0.630225080385852,0.640822784810127,0.564341085271318,0.613707165109034,0.615640599001664,0.381102362204724,0.00950871632329636,0.641860465116279,0.618604651162791,0.650793650793651,0.640746500777605,0.373608903020668,0.693146417445483,0.5,0.57001647446458,0.0139968895800933,0.638095238095238,0.661392405063291,0.651017214397496,0.00933125972006221,0.548956661316212,0.664025356576862,0.647515527950311,0.602782071097372,0.407462686567164,0.00778816199376947,0.00765696784073507,0.622950819672131,0.624036979969183,0.00625978090766823,0.679936305732484,0.012779552715655,0.0062111801242236,0.00811688311688312,0.621835443037975,0.00928792569659443,0.643659711075441,0.783151326053042,0.904320987654321,0.61633281972265,0.0111642743221691,0.00634920634920635,0.621236133122029,0.636225266362253,0.686614173228347,0.362928348909657,0.00807754442649435,0.731297709923664,0.822981366459627,0.633647798742138,0.592476489028213,0.539906103286385,0.0046583850931677,0.631336405529954,0.385737439222042,0.674121405750799,0.41747572815534,0.00783699059561128,0.374617737003058,0.463258785942492,0.571428571428571,0.622848200312989,0.0107692307692308,0.667177914110429,0.636932707355243,0.612752721617418,0.0111111111111111,0.43312101910828,0.612582781456954,0.382207578253707,0.626749611197512,0.622526636225266,0.368663594470046,0.605873261205564,0.665086887835703,0.71183800623053,0.3890625,0.558587479935794,0.655555555555556,0.0156985871271586,0.377567140600316,0.646697388632873,0.375806451612903,0.667736757624398,0.5392,0.00928792569659443,0.448818897637795,0.672496025437202,0.632398753894081,0.634945397815913,0.366197183098592,0.473118279569892,0.596375617792422,0.644067796610169,0.660522273425499,0.640378548895899,0.652866242038217,0.0109717868338558,0.632307692307692,0.380434782608696,0.603174603174603,0.771704180064309,0.375191424196018,0.62085308056872,0.629337539432177,0.617924528301887,0.604361370716511,0.628705148205928,0.511075949367089,0.564102564102564,0.665625,0.725731895223421,0.00921658986175115,0.00802568218298555,0.627760252365931,0.642857142857143,0.381180223285486,0.636363636363636,0.636363636363636,0.739130434782609,0.674718196457327,0.755555555555556,0.714285714285714,0.0107033639143731,0.648177496038035,0.729299363057325,0.60596546310832,0.6109375,0.0107858243451464,0.664546899841017,0.632165605095541,0.377742946708464,0.657142857142857,0.558502340093604,0.671171171171171,0.675718849840256,0.641653905053599,0.414893617021277,0.64297253634895,0.630672926447574,0.650546021840874,0.692058346839546,0.46656298600311,0.626934984520124,0.626934984520124,0.0139968895800933,0.669266770670827,0.610248447204969,0.51617873651772,0.678125,0.621621621621622,0.64251968503937,0.61280487804878,0.226502311248074,0.377049180327869,0.00923076923076923,0.697637795275591,0.378980891719745,0.362068965517241,0.527646129541864,0.0110236220472441,0.642405063291139,0.667706708268331,0.620094191522763,0.63020030816641,0.427444794952681,0.374608150470219,0.00920245398773006,0.0078003120124805,0.538216560509554,0.416534181240064,0.459247648902821,0.00768049155145929,0.362790697674419,0.608294930875576,0.15552099533437,0.679873217115689,0.635782747603834,0.989147286821705,0.629160063391442,0.669266770670827,0.662100456621005,0.00622083981337481,0.612557427258805,0.746031746031746,0.807017543859649,0.674884437596302,0.63482280431433,0.617054263565891,0.0171875,0.647151898734177,0.668224299065421,0.00623052959501558,0.621374045801527,0.377567140600316,0.642740619902121,0.592879256965944,0.00955414012738853,0.0126782884310618,0.811475409836066,0.69551282051282,0.367507886435331,0.471428571428571,0.0155763239875389,0.0112540192926045,0.638719512195122,0.407523510971787,0.617263843648209,0.545595054095827,0.63944530046225,0.38,0.568965517241379,0.514331210191083,0.686495176848875,0.428571428571429,0.390839694656489,0.0111111111111111,0.383870967741935,0.00782472613458529,0.618683001531394,0.344,0.623298033282905,0.380877742946708,0.630990415335463,0.00623052959501558,0.608562691131499,0.620192307692308,0.63349131121643,0.00977198697068404,0.624806201550388,0.00961538461538462,0.56120826709062,0.626153846153846,0.00930232558139535,0.984639016897081,0.62085308056872,0.619426751592357,0.654340836012862,0.399691358024691,0.00946372239747634,0.612852664576803,0.517571884984026,0.00765696784073507,0.69375,0.351963746223565,0.373271889400922,0.626409017713366,0.610114192495922,0.617511520737327,0.628346456692913,0.628751974723539,0.0093603744149766,0.624203821656051,0.0216049382716049,0.761978361669243,0.533541341653666,0.619344773790952,0.607655502392344,0.628224582701062,0.637636080870918,0.0837282780410742,0.39171974522293,0.633116883116883,0.644859813084112,0.664098613251156,0.633228840125392,0.626728110599078,0.664086687306502,0.00921658986175115,0.00763358778625954,0.622754491017964,0.00927357032457496,0.420401854714065,0.00943396226415094,0.65990639625585,0.51063829787234,0.492730210016155,0.481832543443918,0.638230647709321,0.0093167701863354,0.468847352024922,0.621538461538461,0.641185647425897,0.681962025316456,0.755988023952096,0.509009009009009,0.451863354037267,0.620967741935484,0.3671875,0.424764890282132,0.832550860719875,0.523291925465838,0.653963414634146,0.368253968253968,0.00966183574879227,0.368839427662957,0.712218649517685,0.613526570048309,0.835147744945568,0.597859327217125,0.635792778649921,0.702786377708978,0.6156202143951,0.644230769230769,0.629213483146067,0.622977346278317,0.631911532385466,0.611727416798732,0.558359621451104,0.624413145539906,0.386949924127466,0.38145896656535,0.687106918238994,0.0169230769230769,0.617647058823529,0.603100775193798,0.00797448165869218,0.480392156862745,0.00949367088607595,0.622820919175911,0.00970873786407767,0.642414860681115,0.619651347068146,0.365591397849462,0.666666666666667,0.612403100775194,0.872408293460925,0.786936236391913,0.743221690590112,0.00783699059561128,0.00798722044728434,0.649754500818331,0.67175572519084,0.633693972179289,0.0106221547799697,0.0062015503875969,0.376012965964344,0.506153846153846,0.599686028257457,0.00478468899521531,0.606864274570983,0.0093167701863354,0.644694533762058,0.62779552715655,0.491255961844197,0.5125,0.00612557427258806,0.542536115569823,0.599056603773585,0.626356589147287,0.650075414781297,0.778649921507064,0.363067292644757,0.635772357723577,0.0592823712948518,0.612540192926045,0.0112359550561798,0.621538461538461,0.0125,0.615262321144674,0.387301587301587,0.2496,0.00927357032457496,0.00955414012738853,0.66304347826087,0.621138211382114,0.687306501547988,0.666156202143951,0.388719512195122,0.366826156299841,0.628125,0.602760736196319,0.00470219435736677,0.387301587301587,0.623211446740858,0.00618238021638331,0.619582664526485,0.662015503875969,0.408517350157729,0.0358255451713396,0.374803149606299,0.61609907120743,0.553090332805071,0.418096723868955,0.425806451612903,0.448494453248811,0.68370607028754,0.438569206842924,0.631160572337043,0.0094488188976378,0.687301587301587,0.601866251944012,0.0127591706539075,0.0109546165884194,0.366718027734977,0.0062992125984252,0.38125,0.604395604395604,0.6672,0.373801916932907,0.374203821656051,0.945859872611465,0.647335423197492,0.612654320987654,0.0419254658385093,0.376582278481013,0.0718849840255591,0.0298273155416013,0.0111287758346582,0.332268370607029,0.357251908396947,0.359177215189873,0.3801261829653,0.367127496159754,0.0318471337579618,0.0489296636085627,0.3861852433281,0.025,0.0113085621970921,0.0470219435736677,0.0287878787878788,0.042654028436019,0.388625592417062,0.031496062992126,0.36038961038961,0.377207062600321,0.0316957210776545,0.374414976599064,0.0591805766312595,0.386292834890966,0.379310344827586,0.368098159509202,0.359937402190923
"405",0.422222222222222,0.429245283018868,0.432766615146832,0.441935483870968,0.444983818770227,0.423756019261637,0.4672,0.437400950871632,0.420807453416149,0,0.416798732171157,0,0.665615141955836,0.424679487179487,0.599364069952305,0.608150470219436,0,0.00625978090766823,0.408723747980614,0.442857142857143,0.610675039246468,0.601957585644372,0.423380726698262,0,0.442338072669826,0.931746031746032,0.611111111111111,0.42443729903537,0.607142857142857,0.554858934169279,0.584234930448223,0.595576619273302,0.584664536741214,0.6513470681458,0,0.406645569620253,0.0109204368174727,0.412225705329154,0.623672230652504,0.455950540958269,0,0.00469483568075117,0,0.407704654895666,0.55810147299509,0.5984,0.915739268680445,0.585209003215434,0.6156202143951,0.611801242236025,0,0.412322274881517,0.61259842519685,0.425632911392405,0.455573505654281,0.622792937399679,0,0.4336,0.428571428571429,0.513428120063191,0.711598746081505,0.626356589147287,0.59170653907496,0,0.478537360890302,0.504702194357367,0,0.418641390205371,0,0.5718901453958,0.524691358024691,0.571205007824726,0.584639498432602,0.417840375586854,0,0.588325652841782,0.597156398104265,0.645569620253165,0.498381877022654,0.631666666666667,0,0.623824451410658,0.725190839694656,0.413312693498452,0.616224648985959,0.4859375,0.415748031496063,0.452418096723869,0.4515625,0.00308641975308642,0.408227848101266,0.419558359621451,0,0,0.425081433224756,0,0.596244131455399,0.435257410296412,0.00158730158730159,0.0016025641025641,0.582417582417582,0,0.618122977346278,0.42258064516129,0.605222734254992,0.423263327948304,0.00317460317460317,0.4359375,0.596153846153846,0.601895734597156,0.58712715855573,0.460925039872408,0.638668779714738,0.443740095087163,0,0.437795275590551,0.588697017268446,0,0.590266875981162,0.6192,0,0.585209003215434,0.630914826498423,0.615635179153095,0.452566096423017,0.634108527131783,0.422600619195046,0.417956656346749,0,0.596518987341772,0.47275641025641,0.561904761904762,0.421900161030596,0,0.420880913539967,0.579192546583851,0,0.640901771336554,0.776190476190476,0.594551282051282,0,0,0.438291139240506,0.58161648177496,0.66612641815235,0.426100628930818,0.574162679425837,0.470404984423676,0.625,0.431007751937985,0.615384615384615,0.414173228346457,0.397435897435897,0.503164556962025,0.412420382165605,0.569805194805195,0.421383647798742,0.590837282780411,0,0.560702875399361,0.5,0.424764890282132,0.587692307692308,0,0.4265625,0.662440570522979,0.409090909090909,0.420722135007849,0.420634920634921,0.683720930232558,0.429699842022117,0.595846645367412,0.447852760736196,0.581039755351682,0.491027732463295,0.990580847723705,0,0.42515923566879,0,0.547169811320755,0.403481012658228,0.592709984152139,0.422712933753943,0.456112852664577,0.418816388467375,0.415360501567398,0.614173228346457,0.631415241057543,0.492706645056726,0.460912052117264,0.595879556259905,0.5890625,0.433870967741936,0.490595611285266,0,0,0.632,0,0.419254658385093,0.629230769230769,0.460925039872408,0.644757433489828,0.416796267496112,0.601910828025478,0.570552147239264,0.631160572337043,0.457326892109501,0.4416,0.485225505443235,0,0.470125786163522,0.634304207119741,0.464856230031949,0.570739549839228,0.660578386605784,0.591263650546022,0.43581616481775,0.430555555555556,0.5640625,0.410658307210031,0.525157232704403,0,0.6609375,0.60708782742681,0.416534181240064,0,0.423380726698262,0.438650306748466,0.60031847133758,0.561708860759494,0.430599369085173,0.416801292407108,0.617693522906793,0,0.464831804281346,0.650943396226415,0.441515650741351,0.592879256965944,0.46141975308642,0.4144,0.397832817337461,0.462145110410095,0.594180704441041,0.583601286173633,0.448979591836735,0.846394984326019,0.592024539877301,0.571428571428571,0.597087378640777,0.572337042925278,0.617322834645669,0.532307692307692,0.57753164556962,0.582298136645963,0.592823712948518,0.56656346749226,0.586991869918699,0.429245283018868,0.00319488817891374,0.573482428115016,0,0.606349206349206,0.428115015974441,0.419558359621451,0.499219968798752,0,0.502415458937198,0.482758620689655,0.602201257861635,0.633757961783439,0.666141732283465,0.561904761904762,0.00313971742543171,0.403536977491961,0.593996840442338,0.584142394822006,0.439252336448598,0.59253499222395,0.535433070866142,0.587301587301587,0.609034267912773,0.415123456790123,0.417886178861789,0.474959612277868,0,0.563467492260062,0.451043338683788,0,0.569444444444444,0.448916408668731,0.429252782193959,0,0.588697017268446,0.584251968503937,0.432520325203252,0.525806451612903,0.594896331738437,0,0.618066561014263,0.43125,0.524105754276827,0.616459627329193,0.5648,0.440625,0.594976452119309,0.430981595092025,0.41390205371248,0.595813204508857,0.436420722135008,0.419303797468354,0.420711974110032,0.421461897356143,0.693623639191291,0.605015673981191,0.630914826498423,0.421900161030596,0.468599033816425,0.0201863354037267,0.617741935483871,0.433333333333333,0.768621236133122,0.620214395099541,0.428120063191153,0.417840375586854,0.473270440251572,0.588617886178862,0.40809968847352,0.603531300160514,0.443217665615142,0.414634146341463,0,0.629107981220657,0.572555205047319,0.593004769475358,0.0203125,0.584615384615385,0.472266244057052,0.583333333333333,0.58609794628752,0,0.76056338028169,0.427884615384615,0.594383775351014,0.438220757825371,0.445482866043614,0.42992125984252,0.6352,0.627228525121556,0.6234375,0.610114192495922,0,0.550955414012739,0.586314152410575,0.601880877742947,0.621875,0.418006430868167,0.572784810126582,0,0.606687898089172,0.599690880989181,0.593949044585987,0.682847896440129,0.420062695924765,0.636070853462158,0.421311475409836,0.419811320754717,0,0.433431952662722,0.578294573643411,0.422360248447205,0.535321821036107,0.41871921182266,0.576619273301738,0.437106918238994,0.570532915360502,0.469387755102041,0.609756097560976,0.447900466562986,0.43015873015873,0.407232704402516,0.639240506329114,0.449526813880126,0.419207317073171,0.586046511627907,0.576190476190476,0.40224358974359,0.410742496050553,0.632911392405063,0.456386292834891,0.429725363489499,0.469291338582677,0.427457098283931,0,0.626409017713366,0.416139240506329,0.582938388625592,0,0.447325769854133,0.00160771704180064,0.605388272583201,0.408163265306122,0.446708463949843,0,0.561514195583596,1,0.434713375796178,0.591572123176661,0.483870967741935,0.402866242038217,0.613782051282051,0.5625,0.594936708860759,0,0.622641509433962,0.424,0.426127527216174,0.998410174880763,0.412322274881517,0.441471571906354,0.587677725118483,0,0.424336973478939,0.42472266244057,0.45859872611465,0.614906832298137,0.588419405320814,0.496025437201908,0.781733746130031,0.595709570957096,0,0.656101426307448,0.610845295055821,0.644654088050314,0,0.631239935587762,0.462025316455696,0.640432098765432,0.641955835962145,0.608497723823976,0,0,0.41238670694864,0.431924882629108,0,0.465189873417722,0.00161290322580645,0,0,0.417721518987342,0,0.44297520661157,0.524642289348172,0.600924499229584,0.406779661016949,0,0,0.430599369085173,0.450920245398773,0.599063962558502,0.587423312883436,0,0.46801872074883,0.575663026521061,0.424528301886792,0.909509202453988,0.645933014354067,0,0.448275862068966,0.598070739549839,0.453674121405751,0.612111292962357,0,0.586523736600306,0.601275917065391,0.649916247906198,0.43730407523511,0,0.469230769230769,0.432601880877743,0.420560747663551,0,0.621019108280255,0.425460636515913,0.573983739837398,0.4015625,0.431221020092736,0.58125,0.411671924290221,0.640378548895899,0.50625,0.579617834394904,0.620521172638437,0.44122383252818,0.0031496062992126,0.565495207667732,0.445652173913043,0.604234527687296,0.604166666666667,0.603833865814696,0,0.60410094637224,0.583468395461912,0.623839009287926,0.436420722135008,0.579277864992151,0.703937007874016,0.581168831168831,0.467275494672755,0.511627906976744,0.459842519685039,0.60702875399361,0,0.42572741194487,0.584758942457232,0.412420382165605,0.604538087520259,0.585139318885449,0.416666666666667,0.424764890282132,0.412520064205457,0.8,0.426984126984127,0.613418530351438,0.624600638977636,0.444094488188976,0.492935635792779,0,0,0.429487179487179,0.466882067851373,0.595846645367412,0.439807383627608,0.436220472440945,0.624012638230648,0.463492063492064,0.500805152979066,0.449922958397535,0,0.435406698564593,0.594294770206022,0.429936305732484,0.421553090332805,0,0.593247588424437,0.434991974317817,0.568471337579618,0.576862123613312,0.625592417061611,0.55,0.671974522292994,0.440184049079755,0.665639445300462,0.408130081300813,0.428129829984544,0.445635528330781,0.610474631751228,0.579937304075235,0.429017160686427,0.404945904173107,0.00156494522691706,0.561128526645768,0.638230647709321,0.620253164556962,0.564945226917058,0.421705426356589,0.469551282051282,0.417310664605873,0.128125,0.581168831168831,0,0.546603475513428,0.576243980738363,0.577952755905512,0.617693522906793,0,0.44496855345912,0.474258970358814,0.425897035881435,0.425465838509317,0.649842271293375,0.5890625,0,0,0.613376835236542,0.604878048780488,0.627831715210356,0,0.564945226917058,0.410015649452269,0.251552795031056,0.606687898089172,0.427662957074722,0.577952755905512,0.432520325203252,0.628526645768025,0.583717357910906,0,0.404833836858006,0.6128,0.579710144927536,0.465648854961832,0.418604651162791,0.623052959501558,0.0015625,0.458990536277603,0.457943925233645,0,0.468509984639017,0.576086956521739,0.435562805872757,0.563779527559055,0,0.0015527950310559,0.584843492586491,0.557324840764331,0.595879556259905,0.61698717948718,0.00155038759689922,0,0.541284403669725,0.604761904761905,0.415973377703827,0.622874806800618,0.4203125,0.582298136645963,0.667194928684628,0.769480519480519,0.523577235772358,0.608974358974359,0.58179012345679,0,0.592295345104334,0,0.40763358778626,0.497512437810945,0.425531914893617,0.598715890850722,0.413078149920255,0,0.65284178187404,0.641025641025641,0.407232704402516,0,0.420560747663551,0,0.641935483870968,0.417310664605873,0,0.547581903276131,0.429487179487179,0.696682464454976,0.448,0.600946372239748,0,0.40952380952381,0.619967793880837,0,0.589622641509434,0.575528700906344,0.565891472868217,0.415335463258786,0.426073131955485,0.43613707165109,0.44888178913738,0.432432432432432,0,0.425396825396825,0.0078125,0.598755832037325,0.625391849529781,0.418856259659969,0.407582938388626,0.432558139534884,0.421383647798742,0.0425196850393701,0.6,0.399345335515548,0.4359375,0.600311041990669,0.424100156494523,0.417565485362096,0.463722397476341,0,0,0.422256097560976,0,0.651090342679128,0,0.460218408736349,0.616852146263911,0.755663430420712,0.621875,0.482539682539683,0.00157728706624606,0.601866251944012,0.400625978090767,0.416139240506329,0.577952755905512,0.618541033434651,0.70499243570348,0.611111111111111,0.773524720893142,0.57984496124031,0.591194968553459,0.5904,0.615141955835962,0.605590062111801,0.567610062893082,0,0.591639871382637,0.594202898550725,0.401294498381877,0.534700315457413,0.610169491525424,0.642857142857143,0.495341614906832,0.403100775193798,0.461412151067323,0.448387096774194,0.414239482200647,0.429951690821256,0.61198738170347,0.653061224489796,0.403481012658228,0.592879256965944,0.58678955453149,0.51496062992126,0.00312989045383412,0.418604651162791,0.414285714285714,0,0.626817447495961,0,0.4688,0,0.437403400309119,0.433544303797468,0.572741194486983,0.488924050632911,0.409302325581395,0.543408360128617,0.549844236760125,0.4688,0,0,0.469354838709677,0.450832072617247,0.415360501567398,0,0,0.605911330049261,0.621495327102804,0.565420560747664,0,0.652866242038217,0,0.491961414790997,0.426307448494453,0.57487922705314,0.707620528771384,0,0.645264847512038,0.791469194312796,0.46875,0.437403400309119,0.514913657770801,0.593406593406593,0.426948051948052,0.0568720379146919,0.410048622366288,0,0.427258805513017,0,0.391935483870968,0.586151368760064,0.370015948963317,0,0,0.551020408163265,0.471910112359551,0.444099378881988,0.518348623853211,0.580645161290323,0.570287539936102,0.549520766773163,0.537750385208012,0,0.591125198098257,0.449206349206349,0,0.410048622366288,0.449922958397535,0.625786163522013,0.0109546165884194,0.575039494470774,0.400621118012422,0.597423510466989,0.662939297124601,0.637820512820513,0.5796875,0.592948717948718,0.576744186046512,0.431279620853081,0,0.552334943639291,0.421630094043887,0,0,0.579908675799087,0,0.59170653907496,0.4046875,0.587096774193548,0.592356687898089,0.578199052132701,0.598086124401914,0.457326892109501,0.625585023400936,0.0202808112324493,0.5792,0.0467741935483871,0.0124416796267496,0,0.488817891373802,0.565284178187404,0.584126984126984,0.599378881987578,0.576982892690513,0.0178571428571429,0.021505376344086,0.596825396825397,0.0110062893081761,0.00486223662884927,0.026984126984127,0.0141509433962264,0.0206677265500795,0.585173501577287,0.0138888888888889,0.576298701298701,0.577170418006431,0.016,0.56418383518225,0.0398162327718224,0.582417582417582,0.558176100628931,0.576744186046512,0.591414944356121
"406",0.987034035656402,0.984152139461173,0.971742543171115,0.946078431372549,0.986970684039088,0.983525535420099,0.90224358974359,0.97626582278481,0.984276729559748,0,0.9808,0,0.57784911717496,0.980360065466448,0.0576923076923077,0.0255591054313099,0,0.0176282051282051,0.988617886178862,0.976228209191759,0.170382165605096,0.0504885993485342,0.974842767295597,0,0.942857142857143,0.27373417721519,0.133757961783439,0.973640856672158,0.485271317829457,0.703001579778831,0.0169230769230769,0.70906200317965,0.775280898876405,0.289137380191693,0,0.985507246376812,0.0203761755485893,0.979559748427673,0.276595744680851,0.9,0.0016,0.0173228346456693,0.00796178343949045,0.982084690553746,0.785478547854785,0.0422077922077922,0.537720706260032,0.0161550888529887,0.4953125,0.153013910355487,0,0.981042654028436,0.27724358974359,0.984,0.892109500805153,0.172413793103448,0,0.956730769230769,0.955246913580247,0.912908242612753,0.311320754716981,0.452418096723869,0.0145867098865478,0,0.891891891891892,0.843014128728414,0,0.97741935483871,0,0.0158982511923688,0.851500789889415,0.0189274447949527,0.0362204724409449,0.981279251170047,0,0.729264475743349,0.0645669291338583,0.590266875981162,0.903908794788274,0.285950413223141,0,0.745253164556962,0.224458204334365,0.984152139461173,0.135350318471338,0.917721518987342,0.977564102564103,0.963893249607535,0.959055118110236,0.0141732283464567,0.975922953451043,0.979495268138801,0,0,0.972402597402597,0,0.325434439178515,0.979365079365079,0.00938967136150235,0.0112903225806452,0.6384,0,0.308562197092084,0.9856,0.11875,0.985294117647059,0.0129449838187702,0.97456279809221,0.0176565008025682,0.0240384615384615,0.025,0.908360128617363,0.354066985645933,0.976076555023923,0,0.984202211690363,0.7504,0,0.0159235668789809,0.237942122186495,0,0.774038461538462,0.27591706539075,0.100826446280992,0.967592592592593,0.15987460815047,0.979623824451411,0.980952380952381,0,0.575039494470774,0.938485804416404,0.5,0.973597359735974,0,0.985197368421053,0.043343653250774,0,0.22508038585209,0.63301282051282,0.545161290322581,0,0,0.982484076433121,0.774760383386581,0.187192118226601,0.98256735340729,0.0238473767885533,0.929936305732484,0.434083601286174,0.976816074188563,0.149425287356322,0.97444089456869,0.985413290113452,0.847376788553259,0.982286634460548,0.0112903225806452,0.981012658227848,0.0191082802547771,0,0.757281553398058,0.882170542635659,0.966876971608833,0.0344827586206897,0,0.9859375,0.456342668863262,0.983686786296901,0.982677165354331,0.982511923688394,0.289719626168224,0.979623824451411,0.016,0.974921630094044,0.0167427701674277,0.912621359223301,0.39589905362776,0,0.976114649681529,0,0.84384858044164,0.982539682539682,0.135782747603834,0.993650793650794,0.942006269592476,0.976816074188563,0.963722397476341,0.110047846889952,0.386792452830189,0.929738562091503,0.939778129952456,0.0653907496012759,0.0222575516693164,0.9856,0.875,0,0,0.317741935483871,0.00158478605388273,0.985915492957746,0.275590551181102,0.890499194847021,0.76056338028169,0.987538940809969,0.452950558213716,0.43968253968254,0.314516129032258,0.945773524720893,0.969155844155844,0.893650793650794,0,0.875786163522013,0.19344262295082,0.944267515923567,0.0172413793103448,0.078125,0.562599049128368,0.964630225080386,1,0.831210191082803,0.982456140350877,0.891547049441786,0,0.0789889415481833,0.678233438485804,0.982171799027553,0,0.9796875,0.982998454404946,0.576190476190476,0.549763033175355,0.970873786407767,0.978405315614618,0.393841166936791,0,0.906976744186046,0.536977491961415,0.975369458128079,0.0173775671406003,0.955625990491284,0.985668789808917,0.982704402515723,0.950080515297907,0.548183254344392,0.0161290322580645,0.969936708860759,0.553990610328638,0.021875,0.0170278637770898,0.223127035830619,0.0207006369426752,0.164763458401305,0.689547581903276,0.0173501577287066,0.0187793427230047,0.0303514376996805,0.613354037267081,0.0477707006369427,0.969551282051282,0.0146341463414634,0.0143769968051118,0,0.245253164556962,0.982371794871795,0.964686998394864,0.898089171974522,0,0.891410048622366,0.858712715855573,0.722488038277512,0.628205128205128,0.460925039872408,0.457928802588997,0.0139751552795031,0.980613893376414,0.114285714285714,0.720661157024793,0.965079365079365,0.033175355450237,0.7792,0.0224719101123595,0.13968253968254,0.984496124031008,0.981727574750831,0.900489396411093,0,0.655712050078247,0.891891891891892,0,0.0170278637770898,0.903276131045242,0.982428115015974,0,0.01875,0.017515923566879,0.993620414673046,0.894736842105263,0.0180921052631579,0,0.407051282051282,1,0.8125,0.406299212598425,0.686178861788618,0.982649842271293,0.0287081339712919,0.9828125,0.985530546623794,0.0222575516693164,0.966929133858268,0.982511923688394,0.96031746031746,0.981072555205047,0.1984,0.316957210776545,0.293739967897271,0.976076555023923,0.938538205980066,0.0496,0.2768,0.979299363057325,0.167456556082148,0.319571865443425,0.982258064516129,0.980613893376414,0.97275641025641,0.70935960591133,0.978227060653188,0.257748776508972,0.96984126984127,0.980456026058632,0,0.325914149443561,0.565853658536585,0.0355411954765751,0.0518867924528302,0.0249609984399376,0.902668759811617,0.0363924050632911,0.0143540669856459,0,0.245253164556962,0.979166666666667,0.0883280757097792,0.993333333333333,0.970031545741325,0.984126984126984,0.30114566284779,0.305825242718447,0.682615629984051,0.460655737704918,0,0.835443037974684,0.0308166409861325,0.0619195046439628,0.217806041335453,0.980519480519481,0.0175718849840256,0,0.337007874015748,0.0272,0.0390243902439024,0.4848,0.984025559105431,0.295751633986928,0.982113821138211,0.951768488745981,0,0.986238532110092,0.0108527131782946,0.981132075471698,0.84310618066561,0.980392156862745,0.0301109350237718,0.965408805031447,0.0175718849840256,0.880503144654088,0.729064039408867,0.938871473354232,0.990536277602524,0.980830670926518,0.309791332263242,0.96,0.9796875,0.0171339563862928,0.0429252782193959,0.982428115015974,0.982456140350877,0.348031496062992,0.876996805111821,0.95253682487725,0.955625990491284,0.985981308411215,0,0.129934210526316,0.982484076433121,0.0178571428571429,0,0.968503937007874,0.013136288998358,0.060702875399361,0.982785602503912,0.969889064976228,0.00483091787439614,0.647151898734177,0.434713375796178,1,0.0182119205298013,0.869426751592357,0.986842105263158,0.400318979266348,0.629984051036683,0.806451612903226,0,0.182258064516129,0.978792822185971,0.982539682539682,0.473186119873817,0.9824,0.959114139693356,0.0400641025641026,0.00158730158730159,0.996845425867508,0.979365079365079,0.9472,0.693146417445483,0.0241545893719807,0.886885245901639,0.254746835443038,0.198319327731092,0.00791139240506329,0.638573743922204,0.621138211382114,0.638230647709321,0,0.310116086235489,0.917197452229299,0.651419558359621,0.536050156739812,0.108895705521472,0,0,0.984848484848485,0.960815047021944,0,0.936406995230525,0.013136288998358,0,0,0.980830670926518,0,0.983552631578947,0.791732909379968,0.554858934169279,0.980830670926518,0,0,0.981132075471698,0.965785381026439,0.735015772870662,0.0172955974842767,0.00323624595469256,0.885802469135803,0.6203125,0.988941548183254,0.541996830427892,0.358974358974359,0,0.9671875,0.0161812297734628,0.956730769230769,0.107936507936508,0,0.0283018867924528,0.141935483870968,0.519071310116086,0.9584,0,0.951788491446345,0.966507177033493,0.982839313572543,0,0.0889967637540453,0.92436974789916,0.0149006622516556,0.981308411214953,0.9890625,0.0222929936305732,0.984152139461173,0.304,0.831746031746032,0.029126213592233,0.180781758957655,0.957074721780604,0.0129659643435981,0.0191082802547771,0.973228346456693,0.0245901639344262,0.668261562998405,0.412621359223301,0,0.129746835443038,0.756451612903226,0.277511961722488,0.990536277602524,0.0143312101910828,0.171383647798742,0.456375838926175,0.944272445820433,0.901098901098901,0.95583596214511,0.761437908496732,0,0.973643410852713,0.0158227848101266,0.958333333333333,0.42156862745098,0.0168711656441718,0.985849056603774,0.982484076433121,0.983686786296901,0.636655948553055,0.992050874403816,0.143089430894309,0.205211726384365,0.937007874015748,0.893312101910828,0,0,0.979233226837061,0.931596091205212,0.029126213592233,0.974358974358974,0.998392282958199,0.382581648522551,0.936893203883495,0.754071661237785,0.894819466248038,0,0.961965134706815,0.356340288924559,0.984076433121019,0.985530546623794,0,0.646302250803859,0.975409836065574,0.0176,0.69951534733441,0.395931142410016,0.80365296803653,0.704838709677419,0.952904238618524,0.0950155763239875,0.977309562398703,0.987158908507223,0.988958990536278,0.32626427406199,0.1104,0.998417721518987,0.982945736434109,0.00938967136150235,0.794952681388013,0.479365079365079,0.277955271565495,0.788553259141494,0.980738362760835,0.872408293460925,0.984375,0.136577708006279,0.0198675496688742,0,0.843601895734597,0.0193236714975845,0.01743264659271,0.286163522012579,0,0.992150706436421,0.919811320754717,0.985736925515055,0.990521327014218,0.0958466453674121,0.01743264659271,0,0,0.188617886178862,0.0961538461538462,0.17258064516129,0,0.0173775671406003,0.984227129337539,0.0112,0.309061488673139,0.982171799027553,0.6120826709062,0.969502407704655,0.683464566929134,0.651632970451011,0,0.981679389312977,0.405144694533762,0.511006289308176,0.929906542056075,0.985714285714286,0.408360128617363,0.0125588697017268,0.95583596214511,0.965625,0,0.955974842767296,0.0338164251207729,0.978369384359401,0.4359375,0,0.0111464968152866,0.530578512396694,0.866028708133971,0.0176,0.148208469055375,0.0140845070422535,0.00165562913907285,0.747303543913713,0.0402576489533011,0.986820428336079,0.341158059467919,0.987341772151899,0.0172955974842767,0.387755102040816,0.327361563517915,0.887096774193548,0.106907894736842,0.0188976377952756,0.00314465408805031,0.0590111642743222,0,0.97984496124031,0.0478547854785479,0.981424148606811,0.0207006369426752,0.982084690553746,0,0.523364485981308,0.484126984126984,0.984301412872841,0,0.98297213622291,0,0.415841584158416,0.978193146417445,0,0.672955974842767,0.972402597402597,0.738853503184713,0.959216965742251,0.0556438791732909,0,0.985530546623794,0.275641025641026,0,0.708661417322835,0.0153139356814701,0.0299684542586751,0.980830670926518,0.98538961038961,0.978090766823161,0.9632,0.970826580226904,0,0.965189873417722,0.0265210608424337,0.37111801242236,0.299679487179487,0.995253164556962,0.977382875605816,0.977917981072555,0.974603174603175,0.0634920634920635,0.0304487179487179,1,0.957413249211357,0.722570532915361,0.97045101088647,0.981279251170047,0.977635782747604,0,0,0.967542503863988,0,0.0749601275917065,0,0.955271565495208,0.294117647058824,0.221508828250401,0.129133858267717,0.925566343042071,0,0.127358490566038,0.981012658227848,0.987519500780031,0.664025356576862,0.427914110429448,0.228395061728395,0.197819314641745,0.646203554119548,0.014018691588785,0.14218009478673,0.5696,0.2672,0.712264150943396,0.0254777070063694,0,0.0158227848101266,0.344992050874404,0.983818770226537,0.636507936507936,0.241860465116279,0.643312101910828,0.892523364485981,0.973228346456693,0.963272120200334,0.975767366720517,0.985342019543974,0.986970684039088,0.559055118110236,0.445512820512821,0.984177215189873,0.0216049382716049,0.0249221183800623,0.888712241653418,0.0142405063291139,0.984520123839009,0.9578125,0,0.126229508196721,0,0.949838187702265,0,0.96513470681458,0.980891719745223,0.0172413793103448,0.864077669902913,0.979750778816199,0.684552845528455,0.637636080870918,0.886363636363636,0,0,0.945544554455445,0.944869831546707,0.992138364779874,0,0,0.013136288998358,0.252764612954186,0.515055467511886,0,0.469648562300319,0,0.917609046849758,0.980519480519481,0.178571428571429,0.253543307086614,0,0.363929146537842,0.5984,0.854632587859425,0.967084639498433,0.792063492063492,0.0144,0.998360655737705,0.0160771704180064,0.981937602627258,0,0.981538461538462,0.0095389507154213,0.982286634460548,0.0328407224958949,0.0146341463414634,0,0,0.839427662957075,0.925986842105263,0.934817170111288,0.722650231124807,0.0403726708074534,0.0226537216828479,0.82475884244373,0.830482115085537,0,0.0271565495207668,0.955484896661367,0,0.967793880837359,0.964396284829721,0.087378640776699,0.0440944881889764,0.0158982511923688,0.982704402515723,0.488636363636364,0.0872374798061389,0.108374384236453,0.130094043887147,0.698360655737705,0.112676056338028,0.985553772070626,0,0.776337115072934,0.973312401883831,0.00486223662884927,0,0.0185185185185185,0,0.0174880763116057,0.982286634460548,0.730081300813008,0.0177705977382876,0.0194174757281553,0.567479674796748,0.959481361426256,0.4578125,0.0519685039370079,0.0180032733224223,0.0570962479608483,0.020440251572327,0,0.0448717948717949,0.0217391304347826,0.0144927536231884,0.029874213836478,0.0124610591900312,0.0507364975450082,0.0571428571428571,0.0365079365079365,0.0206349206349206,0.00654664484451719,0.028391167192429,0.0266875981161695,0.0573248407643312,0.0222222222222222,0.021875,0.0147058823529412,0.0193861066235864,0.048,0.0252365930599369,0.0249609984399376,0.0206022187004754,0.0512,0.0154083204930663,0.0207667731629393
"407",0.00495867768595041,0.0016025641025641,0.0283018867924528,0.0528925619834711,0.0149006622516556,0.0016366612111293,0.100977198697068,0.024232633279483,0.00157232704402516,0,0.00160513643659711,0,0.432216905901116,0.00161812297734628,0.957345971563981,0.990506329113924,0,0.00161290322580645,0.00493421052631579,0.0174880763116057,0.8304,0.97029702970297,0.0111821086261981,0,0.0518867924528302,0.762903225806452,0.883683360258481,0.0114566284779051,0.529968454258675,0.31687898089172,0.998425196850394,0.301435406698565,0.216129032258065,0.708064516129032,0,0,0.00644122383252818,0.00477707006369427,0.741835147744946,0.0926216640502355,0,0,0,0.00162337662337662,0.20327868852459,0.975369458128079,0.507936507936508,0.998417721518987,0.525502318392581,0.870514820592824,0,0.00793650793650794,0.7248,0,0.114331723027375,0.83739837398374,0,0.024390243902439,0.0424528301886792,0.0883280757097792,0.695447409733124,0.574193548387097,0.998402555910543,0,0.0986842105263158,0.17741935483871,0,0.0112721417069243,0,0.998371335504886,0.136075949367089,0.990445859872611,0.980613893376414,0.00156985871271586,0,0.282334384858044,0.96,0.409235668789809,0.0912052117263844,0.741935483870968,0,0.28594249201278,0.792393026941363,0.00316455696202532,0.895238095238095,0.0853080568720379,0.00474683544303797,0.0222575516693164,0.0256,0,0.0161030595813204,0,0,0,0.0289389067524116,0,0.685714285714286,0.0175718849840256,0,0,0.376395534290271,0,0.718901453957997,0,0.890625,0.0016260162601626,0,0.0192616372391653,1,0.991909385113269,0.990353697749196,0.0791599353796446,0.672523961661342,0.00635930047694754,0,0.0126782884310618,0.27892234548336,0,1,0.77511961722488,0,0.221138211382114,0.753968253968254,0.916802610114193,0.0253968253968254,0.848726114649682,0.00470219435736677,0.00316455696202532,0,0.449526813880126,0.0561797752808989,0.502423263327948,0.00649350649350649,0,0.00651465798045603,0.977848101265823,0,0.780487804878049,0.381107491856678,0.472312703583062,0,0,0.0193236714975845,0.237179487179487,0.840909090909091,0.00159235668789809,0.99198717948718,0.0638977635782748,0.586885245901639,0.015552099533437,0.867862969004894,0.0130293159609121,0.00162074554294976,0.160063391442155,0.0048,0.99836867862969,0.0016025641025641,0.998410174880763,0,0.257698541329011,0.120063191153239,0.0175718849840256,0.977848101265823,0,0.0016,0.559870550161812,0.00166112956810631,0.00158227848101266,0.00158227848101266,0.706161137440758,0.0190174326465927,1,0.047244094488189,0.998444790046656,0.101941747572816,0.639553429027113,0,0.016,0,0.156606851549755,0.00158227848101266,0.873397435897436,0.0176282051282051,0.0448717948717949,0.0077639751552795,0.0250391236306729,0.902711323763955,0.631083202511774,0.0711974110032362,0.0511551155115512,0.94551282051282,0.995238095238095,0.0230263157894737,0.124605678233438,0,0,0.702922077922078,0,0.0015748031496063,0.752791068580542,0.111650485436893,0.25796178343949,0.00772797527047913,0.559294871794872,0.559808612440191,0.703583061889251,0.0814696485623003,0.0361842105263158,0.117274167987322,0,0.12755905511811,0.823920265780731,0.0495867768595041,0.99837925445705,0.934817170111288,0.454545454545455,0.0210016155088853,0.0205371248025276,0.156199677938808,0.00320512820512821,0.101941747572816,0,0.925396825396825,0.347417840375587,0.00490998363338789,0,0.0078740157480315,0.0233644859813084,0.441082802547771,0.44391785150079,0.00950871632329636,0,0.617124394184168,0,0.105511811023622,0.470684039087948,0.0277324632952692,0.998402555910543,0.037914691943128,0.0032258064516129,0.0015748031496063,0.054140127388535,0.45583596214511,0.998376623376623,0.0272,0.480952380952381,0.995319812792512,0.996899224806202,0.789983844911147,0.998376623376623,0.848932676518883,0.328050713153724,1,0.993620414673046,0.987138263665595,0.407232704402516,0.957654723127036,0.0130505709624796,0,0.998381877022654,0,0.770967741935484,0.00164203612479475,0.0257234726688103,0.090032154340836,0,0.126022913256956,0.136507936507936,0.30064308681672,0.395498392282958,0.552674230145867,0.5408,0,0.00167224080267559,0.900641025641026,0.299342105263158,0.0377358490566038,0.984301412872841,0.258899676375405,0.996815286624204,0.885113268608414,0.0015527950310559,0.00164203612479475,0.099009900990099,0,0.3472,0.102728731942215,0,0.998412698412698,0.0996835443037975,0.0212071778140294,0,0.996784565916399,0.99685534591195,0.0195121951219512,0.10983606557377,1,0,0.592,0.0113268608414239,0.215962441314554,0.61244019138756,0.352941176470588,0.0383386581469649,0.986991869918699,0.00156985871271586,0.00158982511923688,0.993589743589744,0.0280811232449298,0.00162074554294976,0.0241935483870968,0.00322061191626409,0.823240589198036,0.689274447949527,0.702746365105008,0.0163398692810458,0.065252854812398,0.00161030595813205,0.752845528455285,0.0226904376012966,0.856012658227848,0.715170278637771,0.00318471337579618,0.00488599348534202,0.0256410256410256,0.321428571428571,0.0047244094488189,0.769854132901134,0.0315955766192733,0.0032258064516129,0,0.66403785488959,0.429508196721311,0.982428115015974,0.00156494522691706,0.988924050632911,0.0879120879120879,0.972843450479233,1,0,0.776,0.00802568218298555,0.932692307692308,0.0149750415973378,0.0307443365695793,0.0145867098865478,0.717532467532468,0.713810316139767,0.323671497584541,0.534883720930233,0,0.172523961661342,0.990654205607477,0.955696202531646,0.806451612903226,0,0.996794871794872,0,0.668789808917197,0.993700787401575,0.977455716586151,0.506389776357827,0.00161812297734628,0.720588235294118,0.00167224080267559,0.0274636510500808,0,0.00759878419452888,0.998432601880878,0.00313971742543171,0.164012738853503,0.00163398692810458,0.9872,0.0235109717868339,0.998415213946117,0.122186495176849,0.272131147540984,0.0534591194968553,0.0173501577287066,0.0016025641025641,0.702093397745572,0.0405844155844156,0.0015748031496063,1,0.971563981042654,0,0.00158730158730159,0.680445151033386,0.119047619047619,0.0317195325542571,0.043956043956044,0.00157977883096367,0,0.888341543513957,0,0.996779388083736,0,0.0321027287319422,0,0.954619124797407,0,0.0304487179487179,0,0.372239747634069,0.591572123176661,0.0182119205298013,1,0.116504854368932,0.00489396411092985,0.630818619582664,0.3875,0.201639344262295,0,0.838449111470113,0.0245098039215686,0.00161030595813205,0.566188197767145,0.00158982511923688,0.0301003344481605,0.966346153846154,0,0.0176,0.00478468899521531,0.0382775119617225,0.309409888357257,0.995192307692308,0.125806451612903,0.760834670947031,0.807757166947723,0,0.381107491856678,0.399361022364217,0.375198728139905,0,0.71499176276771,0.074313408723748,0.36248012718601,0.484276729559748,0.91937984496124,0,0,0.00154083204930663,0.0238473767885533,0,0.0812101910828025,0,0,0,0.00327868852459016,0,0.00162866449511401,0.215088282504013,0.458074534161491,0.00156985871271586,0,0,0.00806451612903226,0.0390625,0.269537480063796,0.998420221169036,0,0.110584518167457,0.407643312101911,0.00160513643659711,0.451923076923077,0.663446054750403,0,0.0173501577287066,0.998349834983498,0.0402576489533011,0.908943089430894,0,0.990712074303406,0.88961038961039,0.51077943615257,0.023961661341853,0,0.043343653250774,0.0223285486443381,0.00158478605388273,0,0.928338762214984,0.0575296108291032,0.996688741721854,0.00158478605388273,0.00156985871271586,0.989028213166144,0.00158982511923688,0.698387096774194,0.198717948717949,0.988853503184713,0.826446280991736,0.0349761526232114,0,0.998381877022654,0.0237341772151899,0.990033222591362,0.329489291598023,0.585365853658537,0,0.894568690095847,0.246753246753247,0.743961352657005,0.0238473767885533,1,0.853269537480064,0.54222972972973,0.0488188976377953,0.10459587955626,0.0416666666666667,0.248788368336026,0,0.0205371248025276,0.998459167950693,0.0272,0.609271523178808,0.998439937597504,0.00159744408945687,0.00159744408945687,0,0.380032206119163,0.015625,0.87258064516129,0.813614262560778,0.0489731437598736,0.106518282988871,0,0,0.00486223662884927,0.0581583198707593,0.985197368421053,0.0128824476650564,0.00950871632329636,0.632258064516129,0.0633333333333333,0.266115702479339,0.107309486780715,0,0.0304975922953451,0.650563607085346,0,0.00326797385620915,0,0.372964169381107,0.0264900662251656,0.998394863563403,0.321951219512195,0.612852664576803,0.198748043818466,0.296116504854369,0.0496124031007752,0.916666666666667,0.0130932896890344,0.00161550888529887,0.0175718849840256,0.685667752442997,0.879746835443038,0.00956937799043062,0,0,0.219284603421462,0.5552,0.743961352657005,0.238924050632911,0.00162074554294976,0.116129032258065,0.00159235668789809,0.10377358490566,1,0,0.182539682539683,0.99672131147541,0.998405103668262,0.723642172523962,0,0.00958466453674121,0.0855784469096672,0.00324675324675325,0.00477707006369427,0.912337662337662,0.998371335504886,0,0,0.826229508196721,0.918831168831169,0.848142164781906,0,0.998420221169036,0.00160771704180064,0.42472266244057,0.704730831973899,0.00164473684210526,0.403174603174603,0.0293637846655791,0.328571428571429,0.351648351648352,0,0.00152439024390244,0.594462540716612,0.496763754045307,0.0721003134796238,0.00783699059561128,0.599033816425121,0,0.0386473429951691,0.0368589743589744,0,0.0309119010819165,0.982371794871795,0.0132669983416252,0.566666666666667,0,0,0.474832214765101,0.157303370786517,0.998389694041868,0.864600326264274,0,0,0.254658385093168,0.979133226324238,0.00168918918918919,0.683042789223455,0.00782472613458529,0.998417721518987,0.621451104100946,0.677577741407529,0.127272727272727,0.899671052631579,0.993690851735016,0,0.954248366013072,0,0.00786163522012579,0.811881188118812,0.0141509433962264,0.995161290322581,0.00165562913907285,0,0.485407066052227,0.546191247974068,0.00163132137030995,0,0.003125,0,0.603305785123967,0.0109375,0,0.338072669826224,0.0163132137030995,0.266773162939297,0.0506535947712418,0.966981132075472,0,0,0.742148760330579,0,0.303514376996805,1,0.984276729559748,0.0016260162601626,0.00164473684210526,0.0063391442155309,0.0243506493506494,0.0160771704180064,0,0.0241545893719807,0,0.630914826498423,0.712480252764613,0.00798722044728434,0.00646203554119548,0.0062111801242236,0.0112179487179487,0.0317965023847377,0.9824,0.0150501672240803,0.0411392405063291,0.279742765273312,0.0221870047543582,0.0016025641025641,0.023696682464455,0,0,0.0186046511627907,0,0.931637519872814,0.00158982511923688,0.0429252782193959,0.722314049586777,0.796052631578947,0.885400313971743,0.08,0.00160771704180064,0.897637795275591,0.00160513643659711,0.00158227848101266,0.356913183279743,0.58411214953271,0.789554531490015,0.82574568288854,0.365573770491803,0.998432601880878,0.872813990461049,0.453100158982512,0.751211631663974,0.299050632911392,0.985645933014354,0,1,0.66721044045677,0,0.343354430379747,0.777080062794348,0.3744,0.118296529968454,0.0139318885448916,0.0415282392026578,0.0213464696223317,0.0016366612111293,0.00323624595469256,0.447368421052632,0.580128205128205,0.00159744408945687,0.995363214837713,0.990580847723705,0.125611745513866,0,0.00157728706624606,0.0264385692068429,0,0.882447665056361,0,0.0436187399030695,0,0.0254777070063694,0.00158730158730159,0.990521327014218,0.167721518987342,0,0.339837398373984,0.3801261829653,0.111111111111111,0,0,0.0677966101694915,0.0564024390243902,0.00956937799043062,0,0,0.998336106489185,0.784929356357928,0.49185667752443,0,0.55379746835443,0,0.0706075533661741,0,0.812199036918138,0.765451664025357,0,0.655284552845528,0.394184168012924,0.137380191693291,0.0328125,0.219869706840391,0.998402555910543,0.0130932896890344,0.0811688311688312,0,0,0.0173228346456693,0,0.00162074554294976,0.9792,0.621753246753247,0,0,0.166666666666667,0.0766721044045677,0.0551181102362205,0.287949921752739,0.978260869565217,0.993388429752066,0.169059011164274,0.157566302652106,0,0.979430379746835,0.0303030303030303,0,0.014446227929374,0.0394944707740916,0.935126582278481,0,0.9968,0.0015600624024961,0.525040387722132,0.92755905511811,0.898839137645108,0.893376413570275,0.302287581699346,0.906103286384977,0,0,0.24232633279483,0.0208333333333333,0,0,0.998432601880878,0,0.9984,0.00161812297734628,0.291457286432161,0.998360655737705,0.998371335504886,0.447882736156352,0.0392156862745098,0.573926868044515,0,0.998341625207297,0.0412541254125413,0.00955414012738853,0,0.809135399673736,0.995297805642633,0.998371335504886,0.982731554160126,0.998407643312102,0,0,0.980769230769231,0.00648298217179903,0.0033003300330033,0.0257234726688103,0.0062992125984252,0,0.990275526742301,0.0142630744849445,0.998366013071895,0.996784565916399,0,0.992050874403816,0.0471698113207547,0.998392282958199,0.907348242811502,0.99685534591195,0.996820349761526
"408",0.859223300970874,0.869085173501577,0.842857142857143,0.832247557003257,0.856209150326797,0.881107491856677,0.806089743589744,0.852614896988906,0.869701726844584,0,0.865079365079365,0,0.609448818897638,0.861290322580645,0.180952380952381,0.14488188976378,0,0.0129659643435981,0.881578947368421,0.881410256410256,0.263492063492063,0.147783251231527,0.864864864864865,0,0.875993640699523,0.353503184713376,0.234920634920635,0.853225806451613,0.535276073619632,0.722308892355694,0.139103554868624,0.706539074960128,0.741157556270096,0.381877022653722,0,0.871224165341812,0.0158227848101266,0.859375,0.358778625954198,0.812206572769953,0.00158982511923688,0.0108359133126935,0.00314465408805031,0.867954911433172,0.739703459637562,0.155088852988691,0.550561797752809,0.132911392405063,0.610687022900763,0.26,0,0.865293185419968,0.376582278481013,0.875399361022364,0.791139240506329,0.311582381729201,0,0.855305466237942,0.84399375975039,0.837282780410742,0.393700787401575,0.509316770186335,0.125200642054575,0,0.802610114192496,0.75594294770206,0,0.876777251184834,0,0.121753246753247,0.784615384615385,0.123809523809524,0.148325358851675,0.860759493670886,0,0.726989079563182,0.17425431711146,0.602848101265823,0.824675324675325,0.40495867768595,0,0.717156105100464,0.308641975308642,0.8712715855573,0.223101265822785,0.828393135725429,0.866666666666667,0.861370716510903,0.847244094488189,0.0062111801242236,0.862619808306709,0.864992150706436,0,0,0.891233766233766,0,0.376788553259142,0.859154929577465,0.00622083981337481,0.00650406504065041,0.632075471698113,0,0.380875202593193,0.868167202572347,0.231611893583725,0.85924713584288,0.00634920634920635,0.842105263157895,0.135922330097087,0.139240506329114,0.133228840125392,0.812903225806452,0.473767885532591,0.875590551181102,0,0.862559241706161,0.71608832807571,0,0.134706814580032,0.338211382113821,0,0.745253164556962,0.334389857369255,0.214754098360656,0.865116279069767,0.25511811023622,0.875,0.8672,0,0.598101265822785,0.842271293375394,0.520967741935484,0.862745098039216,0,0.880064829821718,0.1578125,0,0.307814992025518,0.6272,0.578606158833063,0,0,0.855799373040752,0.746456692913386,0.279605263157895,0.870662460567823,0.124605678233438,0.846635367762128,0.532051282051282,0.869362363919129,0.246753246753247,0.854864433811802,0.872990353697749,0.934272300469484,0.868253968253968,0.123397435897436,0.872841444270016,0.1256038647343,0,0.708064516129032,0.797527047913447,0.856697819314642,0.150554675118859,0,0.868878357030016,0.508972267536705,0.859934853420195,0.870514820592824,0.86698717948718,0.38390092879257,0.851735015772871,0.14171974522293,0.863141524105754,0.137345679012346,0.816037735849057,0.443037974683544,0,0.881703470031546,0,0.793700787401575,0.866877971473851,0.236245954692557,0.869905956112853,0.838557993730408,0.878787878787879,0.865414710485133,0.231746031746032,0.503912363067293,0.841423948220065,0.84,0.184294871794872,0.11496062992126,0.844660194174757,0.780254777070064,0,0,0.389337641357027,0.00156739811912226,0.867088607594937,0.387147335423198,0.7904,0.741835147744946,0.8640625,0.474603174603175,0.480952380952381,0.362619808306709,0.874603174603175,0.906050955414013,0.813586097946288,0,0.783570300157978,0.294498381877023,0.84185303514377,0.127388535031847,0.198098256735341,0.583860759493671,0.879614767255217,0.876755070202808,0.78594249201278,0.871632329635499,0.822047244094488,0,0.198738170347003,0.6671875,0.859706362153344,0,0.87906976744186,0.867601246105919,0.589257503949447,0.615262321144674,0.873801916932907,0.873963515754561,0.430842607313196,0,0.796238244514107,0.60223642172524,0.857615894039735,0.134069400630915,0.848580441640379,0.876777251184834,0.858747993579454,0.857827476038339,0.660347551342812,0.137479541734861,0.846645367412141,0.56055900621118,0.129573170731707,0.135725429017161,0.303225806451613,0.127186009538951,0.25487012987013,0.684210526315789,0.125,0.133437990580848,0.136363636363636,0.622848200312989,0.156351791530945,0.870340356564019,0.00481540930979133,0.132165605095541,0,0.321428571428571,0.866028708133971,0.856687898089172,0.834130781499203,0,0.803252032520325,0.785266457680251,0.702922077922078,0.660347551342812,0.530351437699681,0.482982171799028,0.00622083981337481,0.851063829787234,0.221698113207547,0.710743801652893,0.861685214626391,0.142414860681115,0.768621236133122,0.125796178343949,0.249607535321821,0.86412213740458,0.85973597359736,0.810372771474878,0,0.6796875,0.794303797468354,0,0.134281200631912,0.809076682316119,0.853736089030207,0,0.137820512820513,0.121495327102804,0.867741935483871,0.804597701149425,0.136655948553055,0,0.452566096423017,0.880573248407643,0.757763975155279,0.523125996810207,0.713821138211382,0.877742946708464,0.151515151515152,0.872307692307692,0.872408293460925,0.135566188197767,0.874213836477987,0.858520900321543,0.8578352180937,0.870458135860979,0.301261829652997,0.402190923317684,0.371382636655949,0.871335504885994,0.89016393442623,0.0478468899521531,0.371980676328502,0.859649122807018,0.267716535433071,0.412942989214176,0.874015748031496,0.8688,0.852848101265823,0.69344262295082,0.865834633385335,0.345779220779221,0.858054226475279,0.872408293460925,0,0.419656786271451,0.567524115755627,0.159677419354839,0.0471698113207547,0.135093167701863,1,0.158227848101266,0.128325508607199,0,0.346581875993641,0.868589743589744,0.196513470681458,0.871710526315789,0.85048231511254,0.868589743589744,0.360197368421053,0.358890701468189,0.678343949044586,0.569786535303777,0,0.77724358974359,0.135514018691589,0.177952755905512,0.287735849056604,0.87220447284345,0.132492113564669,0,0.436220472440945,0.138147566718995,0.154952076677316,0.484076433121019,0.867430441898527,0.422512234910277,0.867213114754098,0.850793650793651,0,0.869300911854103,0.118195956454121,0.858034321372855,0.79073482428115,0.877850162866449,0.141045958795563,0.858034321372855,0.123809523809524,0.807443365695793,0.69983948635634,0.854460093896714,0.866352201257862,0.863782051282051,0.364069952305246,0.863782051282051,0.86687306501548,0.146645865834633,0.161949685534591,0.871589085072231,0.883942766295707,0.44794952681388,0.796208530805687,0.856209150326797,0.855365474339036,0.875590551181102,0,0.243941841680129,0.866352201257862,0.1376,0,0.860095389507154,0.00651465798045603,0.185185185185185,0.861801242236025,0.854632587859425,0.00322061191626409,0.63258785942492,0.483870967741935,0.869426751592357,0.116504854368932,1,0.867430441898527,0.471337579617834,0.640253565768621,0.755301794453507,0,0.27373417721519,0.84789644012945,0.868462757527734,0.509523809523809,0.868462757527734,0.847198641765705,0.17007874015748,0.00158982511923688,0.859842519685039,0.873801916932907,0.853543307086614,0.693146417445483,0.130016051364366,0.795275590551181,0.341772151898734,0.276094276094276,0.00320512820512821,0.650563607085346,0.621578099838969,0.628164556962025,0,0.422512234910277,0.827476038338658,0.660406885758998,0.604724409448819,0.224806201550388,0,0,0.872754491017964,0.859154929577465,0,0.824644549763033,0.00485436893203883,0,0,0.8704,0,0.877049180327869,0.751572327044025,0.577812018489985,0.870253164556962,0,0,0.873015873015873,0.897832817337461,0.721875,0.135220125786164,0.00163132137030995,0.792834890965732,0.638198757763975,0.882725832012678,0.577777777777778,0.471337579617834,0,0.862068965517241,0.135048231511254,0.84430176565008,0.226537216828479,0,0.128482972136223,0.241883116883117,0.536256323777403,0.85243328100471,0,0.844274809160305,0.879936808846761,0.866043613707165,0,0.204878048780488,0.84,0.133111480865225,0.871317829457364,0.880248833592535,0.14171974522293,0.879746835443038,0.376788553259142,0.8,0.156299840510367,0.280844155844156,0.866028708133971,0.0064,0.129952456418384,0.85062893081761,0.13953488372093,0.696485623003195,0.454983922829582,0,0.222397476340694,0.718901453957997,0.349922239502333,0.866562009419152,0.135483870967742,0.267295597484277,0.502454991816694,0.84984520123839,0.806201550387597,0.845659163987138,0.7344,0,0.869085173501577,0.136645962732919,0.843450479233227,0.460420032310178,0.143297380585516,0.881619937694704,0.878594249201278,0.868932038834951,0.645468998410175,0.859154929577465,0.252380952380952,0.304140127388535,0.854889589905363,0.799682034976153,0,0,0.868932038834951,0.846278317152104,0.141233766233766,0.872408293460925,0.875,0.438184663536776,0.836012861736334,0.711038961038961,0.79746835443038,0,0.874603174603175,0.42215088282504,0.859842519685039,0.869291338582677,0,0.6496,0.867313915857605,0.136436597110754,0.686178861788618,0.53015873015873,0.758409785932722,0.67205169628433,0.860681114551084,0.208333333333333,0.860353130016051,0.877388535031847,0.872239747634069,0.386252045826514,0.206677265500795,0.873417721518987,0.872670807453416,0.00628930817610063,0.745007680491551,0.51937984496124,0.396135265700483,0.751181102362205,0.864779874213837,0.946117274167987,0.868670886075949,0.130094043887147,0.138157894736842,0,0.776714513556619,0.133012820512821,0.133647798742138,0.405956112852665,0,0.873801916932907,0.826086956521739,0.860095389507154,0.868131868131868,0.223832528180354,0.127962085308057,0,0,0.275039745627981,0.20926517571885,0.280645161290323,0,0.133122028526149,0.864433811802233,0.0677165354330709,0.377633711507293,0.872990353697749,0.625990491283677,0.875404530744337,0.64873417721519,0.63482280431433,0,0.878971255673222,0.450885668276973,0.546042003231018,0.824615384615385,0.858034321372855,0.480499219968799,0.0063391442155309,0.853035143769968,0.860501567398119,0,0.850539291217257,0.1472,0.860426929392447,0.468998410174881,0,0.00788643533123028,0.572607260726073,0.79967689822294,0.134920634920635,0.251612903225806,0.00792393026941363,0.00164473684210526,0.76219512195122,0.148089171974522,0.869205298013245,0.452830188679245,0.875583203732504,0.134281200631912,0.450793650793651,0.403877221324717,0.795716639209226,0.213576158940397,0.134281200631912,0.00160771704180064,0.179032258064516,0,0.886821705426357,0.134426229508197,0.854294478527607,0.125396825396825,0.879227053140097,0,0.582043343653251,0.523349436392915,0.862776025236593,0,0.8625,0,0.507389162561576,0.855572998430141,0,0.662519440124417,0.871961102106969,0.710900473933649,0.853181076672104,0.164296998420221,0,0.865506329113924,0.409677419354839,0,0.703937007874016,0.115919629057187,0.142635658914729,0.866883116883117,0.869281045751634,0.860429447852761,0.8512,0.863711001642036,0,0.864566929133858,0.0171875,0.426791277258567,0.419968304278922,0.876582278481013,0.874411302982732,0.874804381846635,0.8798751950078,0.0581761006289308,0.152380952380952,0.872964169381108,0.853080568720379,0.714728682170543,0.901587301587302,0.867716535433071,0.856012658227848,0,0,0.868501529051988,0,0.190174326465927,0,0.8576,0.42483660130719,0.308562197092084,0.240126382306477,0.890675241157556,0,0.225352112676056,0.864951768488746,0.867924528301887,0.682615629984051,0.463636363636364,0.312024353120244,0.31733746130031,0.645161290322581,0.132283464566929,0.24203821656051,0.593301435406699,0.359098228663446,0.726415094339623,0.14488188976378,0,0.118314424635332,0.402912621359223,0.858766233766234,0.622611464968153,0.332824427480916,0.652448657187994,0.804651162790698,0.86286594761171,0.843648208469055,0.855284552845528,0.867741935483871,0.869634340222575,0.650641025641026,0.505460218408736,0.863563402889246,0.131782945736434,0.137345679012346,0.803514376996805,0.00773993808049536,0.868012422360248,0.841772151898734,0,0.241042345276873,0,0.8528,0,0.869426751592357,0.871019108280255,0.12093023255814,0.821086261980831,0.873040752351097,0.678972712680578,0.636650868878357,0.784,0,0,0.843071786310517,0.836363636363636,0.866251944012442,0,0,0.133333333333333,0.345911949685535,0.5216,0,0.556603773584906,0,0.837096774193548,0.859450726978998,0.25531914893617,0.342105263157895,0,0.461538461538462,0.605431309904153,0.784688995215311,0.85511811023622,0.744783306581059,0.130573248407643,0.866883116883117,0.026813880126183,0.866556836902801,0,0.861586314152411,0.00479233226837061,0.863123993558776,0.132283464566929,0.102773246329527,0,0,0.7734375,0.839024390243902,0.835423197492163,0.7328125,0.16796267496112,0.134185303514377,0.7616,0.763239875389408,0,0.145833333333333,0.845669291338583,0,0.869983948635634,0.853810264385692,0.194662480376766,0.0328125,0.125796178343949,0.860719874804382,0.590909090909091,0.187702265372168,0.24390243902439,0.245192307692308,0.7056,0.217868338557994,0.869774919614148,0,0.727126805778491,0.862714508580343,0.00160771704180064,0,0.134146341463415,0,0.139717425431711,0.863057324840764,0.712680577849117,0.13961038961039,0.11869918699187,0.589660743134087,0.847649918962723,0.488993710691824,0.04375,0.137763371150729,0.0602605863192182,0.01743264659271,0,0.146031746031746,0.13089802130898,0.127009646302251,0.1359375,0.129485179407176,0.0485436893203883,0.0495356037151703,0.154213036565978,0.0189274447949527,0.00643086816720257,0.028391167192429,0.021978021978022,0.0516431924882629,0.127388535031847,0.020440251572327,0.116776315789474,0.124797406807131,0.0388349514563107,0.138755980861244,0.03125,0.132492113564669,0.141524105754277,0.127527216174184,0.1256038647343
"409",0.998371335504886,0.996789727126806,0.971742543171115,0.940418679549114,0.988313856427379,0.998349834983498,0.891585760517799,0.977491961414791,0.996820349761526,0,0.996810207336523,0,0.558544303797468,0.996742671009772,0.0461783439490446,0.0112359550561798,0,0.0144230769230769,0.993579454253612,0.980830670926518,0.155448717948718,0.0395387149917628,0.987361769352291,0,0.952456418383518,0.249597423510467,0.104,0.988391376451078,0.462015503875969,0.691573926868045,0.00157728706624606,0.6752,0.764516129032258,0.270833333333333,0,0.996779388083736,0.0174880763116057,0.993680884676145,0.260336906584992,0.904538341158059,0.0016260162601626,0.0157977883096366,0.00634920634920635,0.998381877022654,0.76126878130217,0.0259319286871961,0.501628664495114,0.0016,0.458074534161491,0.128526645768025,0,0.988906497622821,0.258373205741627,0.996830427892235,0.877616747181965,0.17156862745098,0,0.970873786407767,0.957142857142857,0.89968152866242,0.277602523659306,0.425465838509317,0.00324675324675325,0,0.895424836601307,0.824476650563607,0,0.987179487179487,0,0.00320512820512821,0.854914196567863,0.0112540192926045,0.019047619047619,0.998410174880763,0,0.705790297339593,0.0381558028616852,0.571205007824726,0.888341543513957,0.261744966442953,0,0.69377990430622,0.202830188679245,0.996815286624204,0.1152,0.911949685534591,0.993660855784469,0.971742543171115,0.964630225080386,0.0095389507154213,0.987012987012987,0.996810207336523,0,0,0.970588235294118,0,0.285714285714286,0.982428115015974,0.00635930047694754,0.00805152979066022,0.606973058637084,0,0.28892455858748,0.996732026143791,0.1109375,0.996742671009772,0.00978792822185971,0.980707395498392,0.0032626427406199,0.0128205128205128,0.0111642743221691,0.905073649754501,0.325842696629214,0.987240829346092,0,0.990430622009569,0.6976,0,0.0016025641025641,0.228070175438596,0,0.76537216828479,0.257234726688103,0.0736497545008183,0.971337579617834,0.148562300319489,0.993720565149137,0.9936,0,0.536115569823435,0.93030794165316,0.484451718494272,0.983552631578947,0,0.990338164251208,0.020440251572327,0,0.202614379084967,0.626016260162602,0.51063829787234,0,0,0.98125,0.757575757575758,0.163961038961039,0.998363338788871,0.0112721417069243,0.922955974842767,0.399673735725938,0.9828125,0.133779264214047,0.980551053484603,0.996699669966997,0.8256,0.996774193548387,0.00325732899022801,0.998410174880763,0.00321027287319422,0,0.732258064516129,0.862559241706161,0.979299363057325,0.0234375,0,0.998415213946117,0.430894308943089,0.998336106489185,0.996774193548387,0.996815286624204,0.27742946708464,0.981042654028436,0.00320512820512821,0.95141065830721,0.003125,0.893617021276596,0.3632,0,0.979299363057325,0,0.842696629213483,0.996774193548387,0.119162640901771,0.984101748807631,0.944178628389155,0.98780487804878,0.974683544303797,0.105177993527508,0.365625,0.91869918699187,0.946428571428571,0.0522151898734177,0.00961538461538462,0.980487804878049,0.854632587859425,0,0,0.293075684380032,0.00159489633173844,0.996810207336523,0.257097791798107,0.875816993464052,0.746411483253589,0.990625,0.426948051948052,0.42332268370607,0.295269168026101,0.925806451612903,0.961414790996785,0.8712715855573,0,0.877813504823151,0.178451178451178,0.945723684210526,0.00161030595813205,0.0651162790697674,0.526484751203852,0.970873786407767,0.981279251170047,0.821656050955414,0.9952,0.885852090032154,0,0.0680379746835443,0.654516640253566,0.996742671009772,0,0.990551181102362,0.979969183359014,0.537096774193548,0.545746388443018,0.988782051282051,0.996683250414594,0.361290322580645,0,0.878164556962025,0.507340946166395,0.971571906354515,0.00317460317460317,0.960443037974684,0.998373983739837,0.998420221169036,0.949838187702265,0.522834645669291,0.00479233226837061,0.969453376205788,0.534181240063593,0.0078003120124805,0.0031496062992126,0.205128205128205,0.0032,0.144518272425249,0.669303797468354,0.00158478605388273,0.00782472613458529,0.00947867298578199,0.575235109717868,0.0411861614497529,0.980582524271845,0.00978792822185971,0.00321543408360129,0,0.224165341812401,0.996747967479675,0.977777777777778,0.894154818325434,0,0.868988391376451,0.847860538827258,0.676948051948052,0.592295345104334,0.447452229299363,0.450885668276973,0.0110935023771791,0.996753246753247,0.0948553054662379,0.683333333333333,0.959677419354839,0.0111464968152866,0.7488,0.00470957613814757,0.12280701754386,0.99685534591195,0.998322147651007,0.886513157894737,0,0.631329113924051,0.880645161290323,0,0.00158478605388273,0.8875,0.980582524271845,0,0.00319488817891374,0.00314465408805031,0.986754966887417,0.878333333333333,0.00325732899022801,0,0.381180223285486,0.99349593495935,0.772727272727273,0.3796875,0.649754500818331,0.968354430379747,0.00793650793650794,0.996810207336523,0.996774193548387,0.00658978583196046,0.96998420221169,0.996726677577741,0.972131147540984,0.993548387096774,0.185007974481659,0.300787401574803,0.282714054927302,0.980456026058632,0.934891485809683,0.0559105431309904,0.254901960784314,0.977455716586151,0.147672552166934,0.301710730948678,0.995184590690209,0.996774193548387,0.969889064976228,0.685154975530179,0.993730407523511,0.232786885245902,0.961965134706815,0.99672131147541,0,0.306962025316456,0.550724637681159,0.0211038961038961,0.0587301587301587,0.009375,0.910685805422648,0.023961661341853,0,0,0.223285486443381,0.986928104575163,0.0740740740740741,0.988543371522095,0.969745222929936,0.987261146496815,0.283606557377049,0.27841845140033,0.677938808373591,0.456375838926175,0,0.818325434439178,0.0156494522691706,0.0378548895899054,0.205087440381558,0.996774193548387,0.00321027287319422,0,0.318471337579618,0.0144,0.0224358974358974,0.46839546191248,0.996774193548387,0.278048780487805,0.998338870431894,0.967373572593801,0,0.995468277945619,0,0.995207667731629,0.816558441558442,0.996732026143791,0.0142857142857143,0.974723538704581,0.00323101777059774,0.88783570300158,0.698675496688742,0.946540880503145,0.988817891373802,0.993650793650794,0.295133437990581,0.961476725521669,0.99685534591195,0.00156739811912226,0.0288,0.998376623376623,0.996815286624204,0.313385826771654,0.883942766295707,0.957166392092257,0.95447409733124,0.996810207336523,0,0.121710526315789,0.996789727126806,0.0032258064516129,0,0.966183574879227,0.00975609756097561,0.05,0.996850393700787,0.968701095461659,0.00495049504950495,0.612179487179487,0.402866242038217,0.986842105263158,0.00489396411092985,0.867430441898527,1,0.358306188925081,0.5984,0.776699029126214,0,0.15569823434992,0.977198697068404,0.995192307692308,0.437201907790143,0.996835443037975,0.971137521222411,0.0319488817891374,0.00159489633173844,0.987281399046105,0.991922455573506,0.951612903225806,0.69826224328594,0.00963081861958266,0.86385737439222,0.221518987341772,0.181512605042017,0.00642054574638844,0.6112,0.579710144927536,0.598715890850722,0,0.286871961102107,0.905063291139241,0.635792778649921,0.503961965134707,0.0846153846153846,0,0,0.998456790123457,0.969889064976228,0,0.916932907348243,0.00963081861958266,0,0,0.996768982229402,0,0.996715927750411,0.764516129032258,0.516380655226209,0.996865203761755,0,0,0.990338164251208,0.956112852664577,0.711598746081505,0.00311526479750779,0.00165837479270315,0.874213836477987,0.584905660377358,1,0.522012578616352,0.330097087378641,0,0.980707395498392,0.00162866449511401,0.955737704918033,0.0906095551894563,0,0.0124416796267496,0.114516129032258,0.466442953020134,0.968102073365231,0,0.943573667711599,0.971428571428571,0.996784565916399,0,0.0747967479674797,0.933333333333333,0.00667779632721202,0.9968,1,0.0112,0.996779388083736,0.299840510366826,0.806089743589744,0.0113268608414239,0.165302782324059,0.964516129032258,0.008,0.0032258064516129,0.96969696969697,0.00823723228995058,0.650485436893204,0.384491114701131,0,0.104928457869634,0.72741935483871,0.26148969889065,0.982200647249191,0.00160513643659711,0.141252006420546,0.442211055276382,0.94794952681388,0.881987577639752,0.959481361426256,0.74025974025974,0,0.979299363057325,0.00157232704402516,0.967897271268058,0.384488448844884,0,0.996840442338073,0.99836867862969,0.998373983739837,0.621970920840065,0.987301587301587,0.130794701986755,0.193910256410256,0.933870967741935,0.876006441223833,0,0,0.987012987012987,0.929967426710098,0.0161550888529887,0.982113821138211,0.993579454253612,0.367088607594937,0.933006535947712,0.730706075533662,0.879499217527387,0,0.958132045088567,0.333333333333333,0.998366013071895,1,0,0.635048231511254,0.972176759410802,0.00325732899022801,0.672638436482085,0.389154704944179,0.799377916018662,0.670988654781199,0.950693374422188,0.0793157076205288,0.983525535420099,0.998422712933754,0.982229402261712,0.298360655737705,0.0985691573926868,0.993610223642173,0.996840442338073,0.00791139240506329,0.768370607028754,0.433870967741936,0.259493670886076,0.754414125200642,0.9968,0.881028938906752,0.996815286624204,0.12480252764613,0.00332778702163062,0,0.816425120772947,0.00490196078431373,0.00161030595813205,0.278041074249605,0,0.992012779552716,0.914421553090333,0.996774193548387,1,0.0786516853932584,0.00162337662337662,0,0,0.175206611570248,0.0761750405186386,0.155339805825243,0,0.00318979266347687,0.996870109546166,0.00963081861958266,0.29126213592233,0.996753246753247,0.579872204472843,0.968152866242038,0.633711507293355,0.623255813953488,0,0.996965098634294,0.386252045826514,0.485436893203884,0.913112164296998,0.99211356466877,0.376395534290271,0.00958466453674121,0.952153110047847,0.954758190327613,0,0.967289719626168,0.0160771704180064,0.98671096345515,0.424878836833603,0,0.00796178343949045,0.506644518272425,0.827642276422764,0.00321543408360129,0.124584717607973,0.0112721417069243,0.00164744645799012,0.722741433021807,0.028391167192429,0.996666666666667,0.309904153354633,0.992125984251969,0.00157232704402516,0.360890302066773,0.326194398682043,0.860927152317881,0.0957095709570957,0.00636942675159236,0.00158730158730159,0.0437601296596434,0,0.990639625585023,0.0369127516778524,0.982731554160126,0.00818330605564648,0.998384491114701,0,0.505494505494505,0.450081833060556,0.996820349761526,0,0.998420221169036,0,0.390599675850891,0.985759493670886,0,0.6328125,0.977309562398703,0.736585365853659,0.947368421052632,0.0393700787401575,0,0.996810207336523,0.270181219110379,0,0.679549114331723,0.0015527950310559,0.0189873417721519,0.996784565916399,1,0.990536277602524,0.971246006389776,0.978998384491115,0,0.976152623211447,0.0207006369426752,0.345971563981043,0.28548644338118,0.993680884676145,0.988673139158576,0.990639625585023,0.987220447284345,0.0556438791732909,0.0194489465153971,0.988391376451078,0.955974842767296,0.719047619047619,0.976190476190476,0.996825396825397,0.974193548387097,0,0,0.981538461538462,0,0.0650793650793651,0,0.95,0.280788177339901,0.200331125827815,0.116242038216561,0.913738019169329,0,0.107765451664025,0.996820349761526,0.996835443037975,0.623397435897436,0.407294832826748,0.206686930091185,0.183229813664596,0.644262295081967,0.00316957210776545,0.12258064516129,0.548895899053628,0.254457050243112,0.709779179810726,0.0129032258064516,0,0.00324675324675325,0.316476345840131,0.99673735725938,0.627760252365931,0.234375,0.621578099838969,0.874608150470219,0.987692307692308,0.963875205254516,0.977124183006536,0.99672131147541,0.996774193548387,0.528571428571429,0.407290015847861,0.996784565916399,0.00778816199376947,0.013953488372093,0.864353312302839,0.0110759493670886,0.996875,0.96984126984127,0,0.107317073170732,0,0.953376205787781,0,0.96984126984127,0.99836867862969,0.00783699059561128,0.830097087378641,0.996815286624204,0.649671052631579,0.624012638230648,0.87075928917609,0,0,0.93046357615894,0.945038167938931,0.990521327014218,0,0,0.0016366612111293,0.227629513343799,0.497592295345104,0,0.438202247191011,0,0.920065252854812,0.996726677577741,0.160194174757282,0.231259968102073,0,0.339256865912762,0.568659127625202,0.869218500797448,0.960753532182104,0.766192733017378,0.00158478605388273,0.990082644628099,0.00961538461538462,0.998347107438017,0,0.981072555205047,0.00802568218298555,0.998371335504886,0.024390243902439,0.011437908496732,0,0,0.822222222222222,0.925986842105263,0.936908517350158,0.701421800947867,0.0266875981161695,0.00967741935483871,0.819512195121951,0.824921135646688,0,0.0193861066235864,0.962903225806452,0,0.983633387888707,0.956661316211878,0.068362480127186,0.0454545454545455,0.00317965023847377,0.996860282574568,0.456628477905074,0.0743670886075949,0.0946843853820598,0.114467408585056,0.684210526315789,0.101721439749609,0.996805111821086,0,0.747993579454254,0.981012658227848,0.00323624595469256,0,0.00309597523219814,0,0.00322061191626409,0.996850393700787,0.705490848585691,0.00163398692810458,0.00325732899022801,0.526143790849673,0.960330578512397,0.433962264150943,0.0527950310559006,0.00323101777059774,0.0587275693311582,0.0176848874598071,0,0.0357723577235772,0.00927357032457496,0.00328407224958949,0.0142630744849445,0,0.0542763157894737,0.0596546310832025,0.0174880763116057,0.018957345971564,0.00490196078431373,0.0244299674267101,0.0233644859813084,0.0627009646302251,0.0111642743221691,0.0223285486443381,0.00164203612479475,0.00644122383252818,0.0490998363338789,0.0095389507154213,0.0232919254658385,0.00315457413249211,0.0382775119617225,0.00308166409861325,0.00481540930979133
"410",0.375198728139905,0.377567140600316,0.386292834890966,0.411669367909238,0.370065789473684,0.382636655948553,0.453396524486572,0.4032,0.375389408099688,0,0.367576243980738,0,0.582018927444795,0.363636363636364,0.653061224489796,0.629337539432177,0,0.00476190476190476,0.358064516129032,0.390625,0.693877551020408,0.643790849673203,0.373626373626374,0,0.4125,0.630990415335463,0.644094488188976,0.361111111111111,0.930981595092024,0.563779527559055,0.624223602484472,0.615262321144674,0.571879936808847,0.627980922098569,0,0.373397435897436,0.0144,0.38351822503962,0.69558599695586,0.462992125984252,0.00158227848101266,0.003125,0.00157232704402516,0.3712,0.535073409461664,0.647909967845659,0.598715890850722,0.626984126984127,0.661608497723824,0.754250386398764,0,0.388178913738019,0.700315457413249,0.369668246445498,0.445859872611465,0.677884615384615,0,0.383386581469649,0.392801251956182,0.462875197472354,0.638364779874214,0.993798449612403,0.619967793880837,0,0.491830065359477,0.553125,0,0.375786163522013,0,0.626003210272873,0.443217665615142,0.618897637795276,0.6416,0.376175548589342,0,0.671875,0.649612403100775,0.648177496038035,0.470016207455429,0.653846153846154,0,0.592823712948518,0.679566563467492,0.367924528301887,0.7601246105919,0.453834115805947,0.366929133858268,0.397496087636933,0.397781299524564,0,0.371019108280255,0.362341772151899,0,0,0.396468699839486,0,0.692307692307692,0.377567140600316,0.00314465408805031,0.0032,0.606635071090047,0,0.693418940609952,0.371980676328502,0.696923076923077,0.379705400981997,0,0.395238095238095,0.618971061093248,0.624,0.640502354788069,0.424483306836248,0.655608214849921,0.392801251956182,0,0.384012539184953,0.592125984251968,0,0.626582278481013,0.659235668789809,0,0.594294770206022,0.732594936708861,0.633116883116883,0.385220125786164,0.694488188976378,0.373817034700315,0.376947040498442,0,0.664566929133858,0.429022082018927,0.67373572593801,0.385483870967742,0,0.363929146537842,0.626153846153846,0,0.724358974358974,0.558359621451104,0.674718196457327,0,0,0.403481012658228,0.617693522906793,0.705882352941177,0.371835443037975,0.632329635499208,0.41588785046729,0.630990415335463,0.373250388802488,0.708265802269044,0.386435331230284,0.37012987012987,0.465927099841521,0.361904761904762,0.620689655172414,0.3640625,0.620578778135048,0,0.658064516129032,0.476190476190476,0.397129186602871,0.641955835962145,0,0.363636363636364,0.658576051779935,0.364686468646865,0.380216383307573,0.350710900473934,0.627906976744186,0.377813504823151,0.636650868878357,0.408037094281298,0.643625192012289,0.441455696202532,0.632492113564669,0,0.375394321766562,0,0.462639109697933,0.377777777777778,0.658653846153846,0.382911392405063,0.411580594679186,0.373271889400922,0.404945904173107,0.683962264150943,0.6484375,0.439542483660131,0.421800947867299,0.659305993690852,0.630672926447574,0.372964169381107,0.457680250783699,0,0,0.75,0.0015552099533437,0.368258859784284,0.678018575851393,0.449111470113086,0.501552795031056,0.373456790123457,0.693037974683544,0.66984126984127,0.737096774193548,0.414012738853503,0.385852090032154,0.462757527733756,0,0.454828660436137,0.691680261011419,0.413848631239936,0.628617363344051,0.640625,0.669856459330144,0.389240506329114,0.386541471048513,0.538216560509554,0.375987361769352,0.5,0,0.658841940532081,0.71875,0.381877022653722,0,0.368503937007874,0.37962962962963,0.661490683229814,0.570522979397781,0.373397435897436,0.367213114754098,0.690251572327044,0,0.438271604938272,0.638668779714738,0.39297124600639,0.621283255086072,0.409020217729393,0.361022364217252,0.364760432766615,0.4112,0.603744149765991,0.644588045234249,0.400318979266348,0.594339622641509,0.628482972136223,0.624605678233438,0.587096774193548,0.624801271860095,0.67741935483871,0.552099533437014,0.621405750798722,0.62992125984252,0.635646687697161,0.626339969372129,0.626794258373206,0.389589905362776,0.00158227848101266,0.628571428571429,0,0.710862619808307,0.367909238249595,0.396468699839486,0.448598130841121,0,0.46078431372549,0.518691588785047,0.598715890850722,0.6144,0.586921850079745,0.667716535433071,0.00156739811912226,0.351132686084142,0.693270735524257,0.592105263157895,0.391304347826087,0.635514018691589,0.555023923444976,0.63275039745628,0.663551401869159,0.386046511627907,0.35973597359736,0.429032258064516,0,0.611023622047244,0.437201907790143,0,0.623824451410658,0.426356589147287,0.399676375404531,0,0.64797507788162,0.625,0.392857142857143,0.47479674796748,0.627009646302251,0,0.694136291600634,0.411669367909238,0.535276073619632,0.646129541864139,0.598705501618123,0.403100775193798,0.639423076923077,0.375579598145286,0.356230031948882,0.619582664526485,0.377567140600316,0.369181380417335,0.405186385737439,0.379968203497615,0.656549520766773,0.692429022082019,0.72972972972973,0.382022471910112,0.433715220949264,0.0206022187004754,0.66025641025641,0.407643312101911,0.666144200626959,0.674884437596302,0.376,0.366987179487179,0.408517350157729,0.701130856219709,0.367441860465116,0.664566929133858,0.39937106918239,0.369009584664537,0,0.68798751950078,0.638095238095238,0.633333333333333,0.0204724409448819,0.625194401244168,0.434850863422292,0.646875,0.63166144200627,0,0.669316375198728,0.37459807073955,0.697452229299363,0.392092257001647,0.394611727416799,0.381329113924051,0.728896103896104,0.731270358306189,0.633870967741936,0.60983606557377,0,0.537480063795853,0.617283950617284,0.630434782608696,0.704510108864697,0.378289473684211,0.644549763033175,0,0.708399366085578,0.616954474097331,0.657980456026059,0.603503184713376,0.359098228663446,0.644230769230769,0.375415282392027,0.3968,0,0.374626865671642,0.615384615384615,0.363919129082426,0.539808917197452,0.372771474878444,0.631496062992126,0.3953125,0.623417721518987,0.477917981072555,0.575320512820513,0.422776911076443,0.394453004622496,0.363494539781591,0.728139904610493,0.416267942583732,0.362940275650842,0.634259259259259,0.644338118022329,0.36115569823435,0.376971608832808,0.638095238095238,0.487460815047022,0.40453074433657,0.422118380062305,0.368584758942457,0,0.640065146579805,0.368253968253968,0.6384,0,0.40829346092504,0.00161290322580645,0.635930047694754,0.363067292644757,0.381558028616852,0.00158730158730159,0.599364069952305,0.613782051282051,0.400318979266348,0.630818619582664,0.471337579617834,0.358306188925081,1,0.6112,0.561904761904762,0,0.704,0.385852090032154,0.378164556962025,0.6109375,0.369496855345912,0.378912685337727,0.65008025682183,0,0.39589905362776,0.374407582938389,0.405320813771518,0.606918238993711,0.626602564102564,0.464401294498382,0.6432,0.688552188552189,0.00158227848101266,0.695859872611465,0.607936507936508,0.616588419405321,0,0.673170731707317,0.432601880877743,0.64797507788162,0.622047244094488,0.623277182235835,0,0,0.371601208459215,0.393135725429017,0,0.405956112852665,0,0,0,0.347334410339257,0,0.364686468646865,0.515873015873016,0.676056338028169,0.355694227769111,0,0,0.380952380952381,0.421461897356143,0.664576802507837,0.637223974763407,0,0.438871473354232,0.626934984520124,0.375394321766562,0.579439252336449,0.655007949125596,0,0.375196232339089,0.641357027463651,0.410828025477707,0.628205128205128,0,0.640552995391705,0.775477707006369,0.631490787269682,0.386687797147385,0,0.399691358024691,0.386435331230284,0.355590062111801,0,0.673107890499195,0.401694915254237,0.627677100494234,0.365054602184087,0.363067292644757,0.639625585023401,0.369085173501577,0.742138364779874,0.519809825673534,0.623809523809524,0.683690280065898,0.40095087163233,0.0016025641025641,0.636942675159236,0.39622641509434,0.63258785942492,0.704472843450479,0.586151368760064,0,0.64622641509434,0.551282051282051,0.741626794258373,0.393987341772152,0.622820919175911,0.651017214397496,0.687603305785124,0.407874015748032,0.458333333333333,0.403481012658228,0.596774193548387,0,0.383411580594679,0.633070866141732,0.378548895899054,0.690671031096563,0.631336405529954,0.3609375,0.379644588045234,0.362341772151899,0.568218298555377,0.390282131661442,0.711974110032362,0.69951534733441,0.416666666666667,0.452830188679245,0,0,0.380258899676375,0.413793103448276,0.64274322169059,0.376788553259142,0.389147286821705,0.725552050473186,0.420967741935484,0.558730158730159,0.433846153846154,0,0.398412698412698,0.6912,0.370716510903427,0.366614664586583,0,0.76038338658147,0.390243902439024,0.629984051036683,0.601286173633441,0.622874806800618,0.557251908396947,0.602254428341385,0.400616332819723,0.645801526717557,0.365105008077544,0.360890302066773,0.389937106918239,0.706270627062706,0.654028436018957,0.380726698262243,0.360501567398119,0.0015748031496063,0.605723370429253,0.663507109004739,0.653061224489796,0.55188679245283,0.36724960254372,0.450079239302694,0.3856,0.146645865834633,0.633223684210526,0,0.530708661417323,0.629392971246006,0.631832797427653,0.664526484751204,0,0.384493670886076,0.433903576982893,0.362179487179487,0.370892018779343,0.662939297124601,0.632165605095541,0,0,0.693548387096774,0.63751987281399,0.652866242038217,0,0.622820919175911,0.355140186915888,0.260530421216849,0.728867623604466,0.381703470031546,0.621875,0.401913875598086,0.610675039246468,0.606201550387597,0,0.362670713201821,0.719155844155844,0.687400318979266,0.431221020092736,0.372274143302181,0.685126582278481,0.00158730158730159,0.41335453100159,0.409657320872274,0,0.394495412844037,0.625796178343949,0.390599675850891,0.661417322834646,0,0.00157728706624606,0.712624584717608,0.512,0.638977635782748,0.676898222940226,0.0015625,0.00162866449511401,0.51896813353566,0.624798711755233,0.371475953565506,0.672333848531685,0.374223602484472,0.6328125,0.606583072100313,0.603503184713376,0.485483870967742,0.69485903814262,0.612954186413902,0.00158227848101266,0.635048231511254,0,0.373643410852713,0.547657512116317,0.382978723404255,0.63301282051282,0.37156704361874,0,0.567901234567901,0.935691318327974,0.373015873015873,0,0.379095163806552,0,0.663398692810457,0.393650793650794,0,0.587025316455696,0.369181380417335,0.5136,0.408360128617363,0.636505460218409,0,0.36734693877551,0.638535031847134,0,0.60126582278481,0.628834355828221,0.641185647425897,0.363782051282051,0.379585326953748,0.376923076923077,0.397129186602871,0.391025641025641,0,0.388888888888889,0.00470219435736677,0.69242658423493,0.636650868878357,0.386792452830189,0.375,0.386792452830189,0.376582278481013,0.0551181102362205,0.651419558359621,0.400335008375209,0.387045813586098,0.625786163522013,0.3801261829653,0.359937402190923,0.400625978090767,0,0,0.382175226586103,0,0.646781789638933,0.00157728706624606,0.39776357827476,0.669394435351882,0.653658536585366,0.660436137071651,0.429487179487179,0,0.684627575277338,0.364500792393027,0.367088607594937,0.598101265822785,0.728110599078341,0.675757575757576,0.666146645865835,0.572347266881029,0.62754303599374,0.671826625386997,0.662440570522979,0.6592,0.634108527131783,0.632,0,0.629032258064516,0.701612903225806,0.360197368421053,0.587869362363919,0.701378254211332,0.675590551181102,0.464285714285714,0.386153846153846,0.414634146341463,0.38562091503268,0.380875202593193,0.375796178343949,0.623604465709729,0.658805031446541,0.376788553259142,0.628012048192771,0.637770897832817,0.486356340288925,0.00157232704402516,0.363494539781591,0.3890625,0,0.709677419354839,0,0.422829581993569,0,0.388976377952756,0.3875,0.6359375,0.492845786963434,0.376543209876543,0.587561374795417,0.579527559055118,0.436597110754414,0,0,0.427642276422764,0.414156626506024,0.391575663026521,0,0,0.623778501628665,0.673846153846154,0.688087774294671,0,0.635646687697161,0,0.439102564102564,0.370607028753994,0.654723127035831,0.66358024691358,0,0.637987012987013,0.57097288676236,0.496050552922591,0.390092879256966,0.514150943396226,0.622848200312989,0.387254901960784,0.0786516853932584,0.374193548387097,0,0.379785604900459,0,0.358974358974359,0.628980891719745,0.386731391585761,0,0,0.504777070063694,0.429508196721311,0.40952380952381,0.537383177570093,0.640122511485452,0.642628205128205,0.461172741679873,0.422187981510015,0,0.646592709984152,0.383045525902669,0,0.383147853736089,0.403149606299213,0.645007923930269,0.0125984251968504,0.619808306709265,0.364632237871674,0.608414239482201,0.631578947368421,0.66006600660066,0.664546899841017,0.6704,0.725460122699387,0.370192307692308,0,0.640699523052464,0.387944358578053,0,0,0.634259259259259,0,0.639109697933227,0.371653543307087,0.565217391304348,0.647435897435897,0.628205128205128,0.658022690437601,0.406698564593301,0.921383647798742,0.0201238390092879,0.618270799347471,0.0562700964630225,0.0141287284144427,0,0.543269230769231,0.635093167701863,0.639423076923077,0.631083202511774,0.616224648985959,0.0159235668789809,0.021978021978022,0.640378548895899,0.012779552715655,0.00323101777059774,0.0327613104524181,0.0153609831029186,0.0252365930599369,0.641148325358852,0.01743264659271,0.623778501628665,0.621187800963082,0.0130505709624796,0.630573248407643,0.0432766615146832,0.638065522620905,0.60702875399361,0.645259938837921,0.636217948717949
"411",0.609794628751975,0.599388379204893,0.612307692307692,0.620031796502385,0.608214849921011,0.607936507936508,0.656877897990726,0.634108527131783,0.590909090909091,0,0.594090202177294,0,0.614906832298137,0.592709984152139,0.4399375975039,0.409861325115562,0,0.00934579439252336,0.60702875399361,0.614678899082569,0.560490045941807,0.418940609951846,0.600303951367781,0,0.661016949152542,0.50390015600624,0.474178403755869,0.595879556259905,0.658054711246201,0.777950310559006,0.407350689127106,0.667716535433071,0.681818181818182,0.5390625,0,0.602782071097372,0.0138674884437596,0.591679506933744,0.621661721068249,0.616793893129771,0.00158982511923688,0.00772797527047913,0.0030441400304414,0.591482649842271,0.698083067092652,0.407582938388626,0.5859375,0.385692068429238,0.643939393939394,0.485540334855403,0,0.59717868338558,0.578369905956113,0.605590062111801,0.656786271450858,0.492845786963434,0,0.6140625,0.617151607963247,0.656441717791411,0.525660964230171,0.645357686453577,0.398425196850394,0,0.654952076677316,0.666151468315301,0,0.60708782742681,0,0.388625592417062,0.618759455370651,0.395962732919255,0.4140625,0.604863221884498,0,0.702095808383233,0.429878048780488,0.631659056316591,0.657187993680885,0.554098360655738,0,0.655384615384615,0.509863429438543,0.598755832037325,0.486821705426357,0.661538461538462,0.589861751152074,0.622699386503067,0.608294930875576,0,0.598101265822785,0.594090202177294,0,0,0.620414673046252,0,0.658986175115207,0.590214067278288,0.00308641975308642,0.0046801872074883,0.80030959752322,0,0.641509433962264,0.608424336973479,0.487767584097859,0.588976377952756,0.0015552099533437,0.61993769470405,0.402535657686212,0.407120743034056,0.399693721286371,0.653481012658228,0.578125,0.60741885625966,0,0.613251155624037,0.65990639625585,0,0.394777265745008,0.54773082942097,0,0.681889763779528,0.621538461538461,0.462639109697933,0.605222734254992,0.500772797527048,0.598774885145482,0.605919003115265,0,0.852534562211982,0.6484375,0.597133757961783,0.599056603773585,0,0.606583072100313,0.410060975609756,0,0.618380062305296,0.609105180533752,0.831189710610932,0,0,0.625386996904025,0.687116564417178,0.496025437201908,0.58609794628752,0.387247278382582,0.678516228748068,0.577464788732394,0.600910470409712,0.539936102236422,0.596573208722741,0.588697017268446,0.670245398773006,0.598159509202454,0.389589905362776,0.601866251944012,0.395604395604396,0,0.692546583850932,0.664098613251156,0.617151607963247,0.408882082695253,0,0.582689335394127,0.573899371069182,0.605177993527508,0.601574803149606,0.6,0.50384024577573,0.606758832565284,0.398753894080997,0.614220877458396,0.406626506024096,0.65511811023622,0.548387096774194,0,0.599063962558502,0,0.627092846270928,0.594383775351014,0.472,0.595679012345679,0.633996937212864,0.601190476190476,0.61280487804878,0.479134466769706,0.587878787878788,0.656597774244833,0.638535031847134,0.44375,0.413145539906103,0.616113744075829,0.670278637770898,0,0,0.693522906793049,0.00153846153846154,0.59606656580938,0.548929663608563,0.671949286846276,0.618012422360248,0.612213740458015,0.853543307086614,0.610271903323263,0.678627145085803,0.600624024960998,0.618670886075949,0.645896656534954,0,0.68,0.5728,0.638932496075353,0.394409937888199,0.449319213313162,0.861801242236025,0.611374407582938,0.614916286149163,0.666146645865835,0.592024539877301,0.651090342679128,0,0.450381679389313,0.702909647779479,0.604724409448819,0,0.617151607963247,0.611872146118721,0.857585139318885,0.587423312883436,0.598755832037325,0.608974358974359,0.7,0,0.649612403100775,0.626771653543307,0.63391442155309,0.409230769230769,0.603100775193798,0.592125984251968,0.595384615384615,0.6171875,0.627480916030534,0.425196850393701,0.638065522620905,0.588050314465409,0.403030303030303,0.405688622754491,0.472698907956318,0.404984423676012,0.5421875,0.776073619631902,0.397476340694006,0.398473282442748,0.419656786271451,0.936170212765957,0.421553090332805,0.61259842519685,0.00316455696202532,0.385692068429238,0,0.618670886075949,0.617924528301887,0.608964451313756,0.643962848297214,0,0.666131621187801,0.651975683890577,0.663026521060842,0.646341463414634,0.583987441130298,0.576862123613312,0.0031055900621118,0.594896331738437,0.488479262672811,0.670926517571885,0.635384615384615,0.428571428571429,0.850308641975309,0.404088050314465,0.476780185758514,0.614088820826952,0.6016,0.66824644549763,0,0.910470409711684,0.657770800627943,0,0.402124430955994,0.668181818181818,0.613207547169811,0,0.413312693498452,0.399691358024691,0.618441971383148,0.650641025641026,0.389337641357027,0,0.729230769230769,0.605345911949686,0.738863287250384,0.580188679245283,0.864139020537125,0.597560975609756,0.395348837209302,0.605546995377504,0.588697017268446,0.388976377952756,0.624420401854714,0.599063962558502,0.624223602484472,0.615384615384615,0.519938650306748,0.627480916030534,0.66820987654321,0.610492845786963,0.618296529968454,0.0305343511450382,0.552425665101721,0.620214395099541,0.463565891472868,0.569486404833837,0.611963190184049,0.606758832565284,0.613601236476043,0.692789968652038,0.586989409984871,0.533018867924528,0.639570552147239,0.606299212598425,0,0.616923076923077,0.775316455696203,0.421296296296296,0.0307219662058372,0.405487804878049,0.646153846153846,0.420245398773006,0.397515527950311,0,0.531446540880503,0.604068857589984,0.462365591397849,0.61389337641357,0.637071651090343,0.602484472049689,0.67981072555205,0.6688,0.66046511627907,0.575364667747164,0,0.66820987654321,0.397608370702541,0.416539050535988,0.560862865947612,0.60410094637224,0.403426791277259,0,0.652713178294574,0.405909797822706,0.427662957074722,0.584615384615385,0.594679186228482,0.546603475513428,0.606451612903226,0.602167182662539,0,0.61037037037037,0.394216133942161,0.607305936073059,0.672256097560976,0.6064,0.408037094281298,0.624048706240487,0.392857142857143,0.626168224299065,0.665620094191523,0.627300613496933,0.629800307219662,0.595679012345679,0.670807453416149,0.617054263565891,0.578386605783866,0.411674347158218,0.409509202453988,0.600946372239748,0.602167182662539,0.570107858243451,0.62095531587057,0.635634028892456,0.622291021671827,0.603100775193798,0,0.471428571428571,0.607033639143731,0.40405616224649,0,0.634796238244514,0.00322061191626409,0.421630094043887,0.599697885196375,0.637071651090343,0.0015748031496063,0.805555555555556,0.5625,0.629984051036683,0.3875,0.640253565768621,0.5984,0.6112,1,0.66875,0,0.547619047619048,0.624801271860095,0.597156398104265,0.562403697996918,0.602484472049689,0.594059405940594,0.425925925925926,0,0.61633281972265,0.62015503875969,0.635658914728682,0.65158371040724,0.397815912636505,0.674418604651163,0.5078125,0.554838709677419,0.0031104199066874,0.656200941915228,0.71496062992126,0.656394453004623,0,0.559429477020602,0.636645962732919,0.641768292682927,0.613496932515337,0.447251114413076,0,0,0.602919708029197,0.607843137254902,0,0.657975460122699,0.00157232704402516,0,0,0.591614906832298,0,0.618670886075949,0.830218068535826,0.853252647503782,0.603915662650602,0,0,0.591263650546022,0.623493975903614,0.693374422187982,0.403993855606759,0,0.684049079754601,1,0.616852146263911,0.588414634146341,0.572769953051643,0,0.603053435114504,0.399046104928458,0.63015873015873,0.43015873015873,0,0.398484848484848,0.479365079365079,0.597381342062193,0.602167182662539,0,0.646525679758308,0.626356589147287,0.595054095826893,0,0.443381180223285,0.613747954173486,0.432,0.601837672281776,0.590909090909091,0.403426791277259,0.591679506933744,0.690880989180835,0.789308176100629,0.408450704225352,0.567092651757188,0.63452566096423,0.0015625,0.397832817337461,0.606334841628959,0.406752411575563,0.682692307692308,0.542768273716952,0,0.490853658536585,0.659305993690852,0.637747336377473,0.60708782742681,0.390357698289269,0.483720930232558,0.59805510534846,0.619909502262443,0.631419939577039,0.609375,0.677621283255086,0,0.613953488372093,0.396656534954407,0.614307931570762,0.727564102564103,0.401812688821752,0.597579425113464,0.613953488372093,0.584375,0.595054095826893,0.616224648985959,0.527910685805423,0.577952755905512,0.646417445482866,0.678071539657854,0,0,0.603149606299213,0.630744849445325,0.413522012578616,0.613104524180967,0.622464898595944,0.761755485893417,0.688575899843505,0.825471698113208,0.665644171779141,0,0.626373626373626,0.700468018720749,0.601851851851852,0.595015576323987,0,0.675507020280811,0.633647798742138,0.4171875,0.677672955974843,0.560121765601218,0.661654135338346,0.662957074721781,0.606382978723404,0.432926829268293,0.6096,0.599374021909233,0.61609907120743,0.654952076677316,0.48297213622291,0.604327666151468,0.598473282442748,0.00154798761609907,0.68558282208589,0.662576687116564,0.522935779816514,0.662015503875969,0.597523219814242,0.652037617554859,0.601851851851852,0.172256097560976,0.401284109149278,0,0.667697063369397,0.406542056074766,0.404984423676012,0.552795031055901,0,0.626153846153846,0.647239263803681,0.6,0.613981762917933,0.458204334365325,0.435736677115987,0,0,0.551669316375199,0.449367088607595,0.488262910798122,0,0.387345679012346,0.594090202177294,0.164086687306502,0.687697160883281,0.6,0.826153846153846,0.608557844690967,0.669195751138088,0.674698795180723,0,0.608433734939759,0.803459119496855,0.94006309148265,0.653495440729483,0.606382978723404,0.656739811912226,0.00153609831029186,0.641538461538462,0.642642642642643,0,0.59789156626506,0.404024767801858,0.618657937806874,0.591049382716049,0,0.00151745068285281,0.946341463414634,0.66984126984127,0.406441717791411,0.483359746434231,0.00306278713629403,0.00159489633173844,0.6289592760181,0.414442700156986,0.589951377633712,0.581538461538462,0.611280487804878,0.400302114803625,0.593457943925234,0.528771384136858,0.679425837320574,0.462025316455696,0.416158536585366,0.00154320987654321,0.420970266040689,0,0.598784194528875,0.365384615384615,0.612855007473842,0.407582938388626,0.592767295597484,0,0.58761329305136,0.651419558359621,0.604724409448819,0,0.599397590361446,0,0.587301587301587,0.597560975609756,0,0.799694189602447,0.617924528301887,0.616224648985959,0.632329635499208,0.411042944785276,0,0.597826086956522,0.515007898894155,0,0.672333848531685,0.39209726443769,0.413109756097561,0.597464342313788,0.609794628751975,0.598473282442748,0.612403100775194,0.606973058637084,0,0.620743034055728,0.00610687022900763,0.698924731182796,0.537750385208012,0.612654320987654,0.595015576323987,0.594311377245509,0.600931677018634,0.0680061823802164,0.419906687402799,0.618357487922705,0.622526636225266,0.666666666666667,0.609302325581395,0.597859327217125,0.626356589147287,0,0,0.60655737704918,0,0.430981595092025,0,0.648606811145511,0.522727272727273,0.501597444089457,0.49537037037037,0.627329192546584,0,0.488372093023256,0.585669781931464,0.608087091757387,0.709576138147567,0.833827893175074,0.52212389380531,0.489457831325301,0.619047619047619,0.398162327718224,0.4671875,0.937694704049844,0.537267080745342,0.667682926829268,0.404651162790698,0,0.393135725429017,0.673534072900158,0.591125198098257,0.726574500768049,0.602086438152012,0.656298600311042,0.686244204018547,0.5948406676783,0.634768740031898,0.59472049689441,0.6016,0.606918238993711,0.618296529968454,0.590769230769231,0.59375,0.403323262839879,0.416541353383459,0.662595419847328,0.00303490136570561,0.596625766871166,0.608087091757387,0,0.474763406940063,0,0.622641509433962,0,0.622699386503067,0.603421461897356,0.406392694063927,0.729133858267716,0.592248062015504,0.845181674565561,0.804281345565749,0.682098765432099,0,0,0.63029315960912,0.664670658682635,0.621580547112462,0,0,0.4,0.524812030075188,0.60596546310832,0,0.589424572317263,0,0.635930047694754,0.6,0.504658385093168,0.537290715372907,0,0.591836734693878,0.593798449612403,0.610769230769231,0.614916286149163,0.75968992248062,0.396899224806202,0.617363344051447,0.0482115085536547,0.595541401273885,0,0.605740181268882,0.0015600624024961,0.596850393700787,0.407582938388626,0.252782193958665,0,0,0.645608628659476,0.614285714285714,0.635258358662614,0.735068912710567,0.420333839150228,0.415481832543444,0.614420062695925,0.59214501510574,0,0.3950233281493,0.609302325581395,0,0.598101265822785,0.645259938837921,0.441538461538462,0.0262345679012346,0.395672333848532,0.608231707317073,0.586583463338534,0.436335403726708,0.4528,0.452307692307692,0.689102564102564,0.463855421686747,0.609717868338558,0,0.683307332293292,0.594135802469136,0.00157232704402516,0,0.411589895988113,0,0.41692789968652,0.605633802816901,0.702702702702703,0.404458598726115,0.405362776025237,0.850157728706625,0.622257053291536,0.624615384615385,0.0320610687022901,0.389240506329114,0.0576,0.0138036809815951,0,0.35,0.401515151515151,0.395638629283489,0.406201550387597,0.412121212121212,0.0250391236306729,0.0374414976599064,0.407176287051482,0.0137825421133231,0.00632911392405063,0.0353846153846154,0.0197268588770865,0.0327102803738318,0.402777777777778,0.021671826625387,0.393890675241158,0.403426791277259,0.028169014084507,0.407176287051482,0.0488549618320611,0.398763523956723,0.384259259259259,0.405775075987842,0.390282131661442
"412",0.790996784565916,0.7796875,0.8149300155521,0.830917874396135,0.791190864600326,0.796084828711256,0.793322734499205,0.81042654028436,0.779160186625194,0,0.779179810725552,0,0.693163751987281,0.781553398058252,0.266666666666667,0.23861852433281,0,0.0125786163522013,0.782113821138211,0.801261829652997,0.360808709175739,0.232786885245902,0.769470404984424,0,0.785150078988942,0.443910256410256,0.317262830482115,0.784810126582278,0.603686635944701,0.705047318611987,0.214506172839506,0.8515625,0.8032,0.430599369085173,0,0.782608695652174,0.0170278637770898,0.78783151326053,0.455792682926829,0.753918495297806,0.00160513643659711,0.0109375,0.00464396284829721,0.794258373205742,0.8578352180937,0.237179487179487,0.644338118022329,0.207336523125997,0.631659056316591,0.337984496124031,0,0.799357945425361,0.478605388272583,0.778301886792453,0.787781350482315,0.378029079159935,0,0.772435897435897,0.793103448275862,0.861586314152411,0.450393700787402,0.58814352574103,0.213375796178344,0,0.777424483306836,0.748031496062992,0,0.783570300157978,0,0.215088282504013,0.7673343605547,0.21656050955414,0.232594936708861,0.791925465838509,0,0.769706336939722,0.265210608424337,0.641185647425897,0.849358974358974,0.456998313659359,0,0.921417565485362,0.396578538102644,0.776212832550861,0.333333333333333,0.854714064914992,0.7888,0.813186813186813,0.782608695652174,0.00307692307692308,0.775280898876405,0.791862284820031,0,0,0.813614262560778,0,0.453543307086614,0.799377916018662,0.00473186119873817,0.00625978090766823,0.69435736677116,0,0.461783439490446,0.784126984126984,0.309968847352025,0.781350482315113,0.0047244094488189,0.797752808988764,0.227344992050874,0.224683544303797,0.21993670886076,0.800970873786408,0.524409448818898,0.772292993630573,0,0.811819595645412,0.8890625,0,0.226356589147287,0.385964912280702,0,0.809983896940419,0.439370078740157,0.2859450726979,0.796147672552167,0.344186046511628,0.782208588957055,0.784929356357928,0,0.655226209048362,0.848101265822785,0.544861337683524,0.774193548387097,0,0.768370607028754,0.227480916030534,0,0.408805031446541,0.697784810126582,0.632786885245902,0,0,0.800623052959502,0.777251184834123,0.36115569823435,0.786053882725832,0.216905901116427,0.82780410742496,0.573717948717949,0.796636085626911,0.342995169082126,0.788643533123028,0.787096774193548,0.750788643533123,0.774844720496894,0.212662337662338,0.785381026438569,0.206677265500795,0,0.744075829383886,0.819875776397516,0.801251956181534,0.242658423493045,0,0.787925696594427,0.722675367047308,0.783739837398374,0.78858024691358,0.792511700468019,0.443234836702955,0.807631160572337,0.228434504792332,0.787925696594427,0.22052067381317,0.826923076923077,0.55188679245283,0,0.788976377952756,0,0.758730158730159,0.791277258566978,0.310509554140127,0.796850393700787,0.802795031055901,0.78419452887538,0.779160186625194,0.317034700315457,0.568535825545171,0.833605220228385,0.817460317460317,0.268562401263823,0.215189873417722,0.800319488817891,0.797169811320755,0,0,0.493610223642172,0.00159744408945687,0.789147286821705,0.460815047021944,0.793929712460064,0.737248840803709,0.800933125972006,0.568181818181818,0.533333333333333,0.476114649681529,0.772292993630573,0.774038461538462,0.836990595611285,0,0.76049766718507,0.379767827529022,0.799679487179487,0.214511041009464,0.28110599078341,0.645468998410175,0.792332268370607,0.784496124031008,0.853736089030207,0.792778649921507,0.78391167192429,0,0.282131661442006,0.734883720930233,0.782958199356913,0,0.788976377952756,0.798771121351767,0.658767772511848,0.628019323671498,0.772870662460568,0.786752827140549,0.519047619047619,0,0.797564687975647,0.67817896389325,0.804523424878837,0.219135802469136,0.799387442572741,0.790243902439024,0.780564263322884,0.785826771653543,0.646417445482866,0.225755166931638,0.822503961965135,0.646129541864139,0.218798151001541,0.203076923076923,0.355095541401274,0.203470031545741,0.341977309562399,0.71141975308642,0.207874015748031,0.229102167182663,0.226006191950464,0.67741935483871,0.251602564102564,0.800632911392405,0.00481540930979133,0.196513470681458,0,0.3936,0.782324058919804,0.779179810725552,0.803767660910518,0,0.826797385620915,0.75968992248062,0.8609375,0.738582677165354,0.599364069952305,0.506514657980456,0.0062402496099844,0.781446540880503,0.312302839116719,0.85667215815486,0.828843106180666,0.221198156682028,0.740973312401884,0.220985691573927,0.33125,0.787786259541985,0.786296900489396,0.808,0,0.693251533742331,0.79304897314376,0,0.205007824726135,0.792626728110599,0.812101910828026,0,0.21216848673947,0.203732503888025,0.79304897314376,0.874183006535948,0.221138211382114,0,0.526813880126183,0.800319488817891,0.846635367762128,0.552755905511811,0.726984126984127,0.78858024691358,0.221508828250401,0.786271450858034,0.779014308426073,0.217806041335453,0.802547770700637,0.781150159744409,0.790584415584416,0.789556962025316,0.388535031847134,0.5140625,0.473270440251572,0.802884615384615,0.790163934426229,0.0354938271604938,0.410459587955626,0.806962025316456,0.3486529318542,0.448854961832061,0.802861685214626,0.78594249201278,0.823622047244094,0.744444444444444,0.771028037383178,0.406451612903226,0.830427892234548,0.784789644012945,0,0.545171339563863,0.64171974522293,0.229199372056515,0.0375,0.222910216718266,0.761904761904762,0.23861852433281,0.210691823899371,0,0.429252782193959,0.786624203821656,0.2736,0.794788273615635,0.832807570977918,0.793880837359098,0.471246006389776,0.468954248366013,0.690590111642743,0.594417077175698,0,0.754358161648177,0.228043143297381,0.253086419753086,0.39622641509434,0.784126984126984,0.226209048361934,0,0.536891679748823,0.211356466876972,0.222222222222222,0.619354838709677,0.784,0.466666666666667,0.785597381342062,0.771065182829889,0,0.789312977099237,0.219092331768388,0.788732394366197,0.755905511811024,0.785483870967742,0.234548335974643,0.79375,0.214626391096979,0.744479495268139,0.92891760904685,0.7921875,0.799687010954617,0.785031847133758,0.484326018808777,0.779874213836478,0.780487804878049,0.223255813953488,0.233644859813084,0.78594249201278,0.778309409888357,0.49607535321821,0.738170347003155,0.789473684210526,0.804012345679012,0.787596899224806,0,0.328,0.791021671826625,0.230273752012882,0,0.810810810810811,0.00479233226837061,0.261006289308176,0.781395348837209,0.812101910828026,0.00318471337579618,0.695652173913043,0.594936708860759,0.806451612903226,0.201639344262295,0.755301794453507,0.776699029126214,0.561904761904762,0.66875,1,0,0.359872611464968,0.807073954983923,0.788888888888889,0.623622047244095,0.790297339593114,0.768333333333333,0.246031746031746,0.00156494522691706,0.776212832550861,0.788643533123028,0.813311688311688,0.700934579439252,0.214173228346457,0.822966507177033,0.426332288401254,0.368248772504092,0.00313479623824451,0.676751592356688,0.657364341085271,0.802507836990596,0,0.4736,0.828885400313972,0.6890625,0.668740279937792,0.306646525679758,0,0,0.778614457831325,0.777604976671851,0,0.802507836990596,0.00324675324675325,0,0,0.780063291139241,0,0.795751633986928,0.737678855325914,0.631578947368421,0.78783151326053,0,0,0.8,0.808219178082192,0.769828926905132,0.221198156682028,0,0.797191887675507,0.666151468315301,0.793798449612403,0.6484375,0.541269841269841,0,0.782334384858044,0.215559157212318,0.837025316455696,0.286173633440514,0,0.233128834355828,0.330670926517572,0.545454545454545,0.767441860465116,0,0.837173579109063,0.808777429467085,0.791601866251944,0,0.278501628664495,0.772344013490725,0.217532467532468,0.782608695652174,0.786271450858034,0.220839813374806,0.773584905660377,0.48811410459588,0.7640625,0.237261146496815,0.364365971107544,0.794628751974723,0.00317965023847377,0.217252396166134,0.810852713178295,0.244299674267101,0.738782051282051,0.558917197452229,0,0.321259842519685,0.796445880452342,0.450549450549451,0.777602523659306,0.217665615141956,0.329153605015674,0.524916943521595,0.805255023183926,0.862595419847328,0.782472613458529,0.740619902120718,0,0.776049766718507,0.213395638629283,0.765273311897106,0.552845528455285,0.216589861751152,0.780373831775701,0.802931596091205,0.764895330112721,0.723270440251572,0.800632911392405,0.331746031746032,0.398089171974522,0.793427230046948,0.79746835443038,0,0,0.780096308186196,0.805422647527911,0.235759493670886,0.802884615384615,0.793157076205288,0.540412044374009,0.8125,0.698564593301435,0.784496124031008,0,0.791139240506329,0.488188976377953,0.787638668779715,0.782131661442006,0,0.697115384615385,0.808,0.206349206349206,0.73257698541329,0.520186335403727,0.745814307458143,0.894991922455573,0.771689497716895,0.288819875776398,0.794498381877023,0.783489096573209,0.820031298904538,0.45933014354067,0.29559748427673,0.8,0.792511700468019,0.00308166409861325,0.785150078988942,0.56828885400314,0.460691823899371,0.912908242612753,0.781701444622793,0.746411483253589,0.789147286821705,0.145510835913313,0.21078431372549,0,0.838810641627543,0.208791208791209,0.213375796178344,0.463492063492064,0,0.798732171156894,0.801550387596899,0.781789638932496,0.78516228748068,0.296474358974359,0.221337579617834,0,0,0.368932038834951,0.28341384863124,0.357142857142857,0,0.205007824726135,0.769108280254777,0.101404056162246,0.469096671949287,0.793880837359098,0.682965299684543,0.776898734177215,0.858255451713396,0.811145510835913,0,0.785604900459418,0.532905296950241,0.609677419354839,0.828438948995363,0.787365177195686,0.596518987341772,0.0046875,0.846761453396525,0.826893353941267,0,0.79375,0.228346456692913,0.794117647058823,0.503134796238245,0,0.00467289719626168,0.634266886326194,0.934504792332268,0.220657276995305,0.352272727272727,0.00625,0.00161290322580645,0.730232558139535,0.225806451612903,0.779050736497545,0.515479876160991,0.790697674418605,0.211508553654743,0.505460218408736,0.488745980707395,0.845161290322581,0.295269168026101,0.204968944099379,0.00157728706624606,0.255591054313099,0,0.782071097372488,0.200988467874794,0.802413273001508,0.20859872611465,0.790996784565916,0,0.666666666666667,0.608150470219436,0.772292993630573,0,0.781591263650546,0,0.586206896551724,0.789473684210526,0,0.696261682242991,0.789644012944984,0.754716981132076,0.829855537720706,0.244961240310078,0,0.774760383386581,0.43312101910828,0,0.851097178683386,0.203076923076923,0.224458204334365,0.786858974358974,0.789983844911147,0.786259541984733,0.777952755905512,0.7872,0,0.785826771653543,0.012326656394453,0.491392801251956,0.469096671949287,0.780715396578538,0.785373608903021,0.784283513097072,0.796825396825397,0.0572337042925278,0.22488038277512,0.795081967213115,0.792778649921507,0.71937984496124,0.7796875,0.789638932496075,0.826086956521739,0,0,0.77593984962406,0,0.261275272161742,0,0.8096,0.446601941747573,0.414910858995138,0.340694006309148,0.781645569620253,0,0.312111801242236,0.784810126582278,0.799373040752351,0.769716088328076,0.570996978851964,0.409984871406959,0.371559633027523,0.708333333333333,0.210031347962382,0.327217125382263,0.653061224489796,0.410015649452269,0.7125,0.223454833597464,0,0.210526315789474,0.474358974358974,0.780844155844156,0.663522012578616,0.411585365853659,0.674565560821485,0.827371695178849,0.77115987460815,0.825448613376835,0.785483870967742,0.791599353796446,0.785373608903021,0.658267716535433,0.618670886075949,0.786392405063291,0.223744292237443,0.214506172839506,0.8384,0.00619195046439629,0.786377708978328,0.76661514683153,0,0.316558441558442,0,0.807511737089202,0,0.799377916018662,0.793103448275862,0.215962441314554,0.784591194968553,0.775038520801233,0.723747980613893,0.695178849144635,0.782747603833866,0,0,0.803571428571429,0.809954751131222,0.787596899224806,0,0,0.220421393841167,0.401538461538462,0.541269841269841,0,0.615863141524106,0,0.810641627543036,0.78060413354531,0.364667747163695,0.413793103448276,0,0.523274478330658,0.666666666666667,0.743076923076923,0.814132104454685,0.818466353677621,0.214511041009464,0.807692307692308,0.0364500792393027,0.785483870967742,0,0.794478527607362,0.0031496062992126,0.778846153846154,0.227564102564103,0.147672552166934,0,0,0.84472049689441,0.758508914100486,0.80690737833595,0.6609375,0.23583460949464,0.23015873015873,0.772370486656201,0.733128834355828,0,0.229166666666667,0.789473684210526,0,0.780487804878049,0.821316614420063,0.26984126984127,0.0220820189274448,0.215625,0.786499215070644,0.594339622641509,0.272583201267829,0.296052631578947,0.330721003134796,0.762903225806452,0.291925465838509,0.792721518987342,0,0.748387096774194,0.766718506998445,0.00159235668789809,0,0.220858895705521,0,0.2171875,0.778830963665087,0.704730831973899,0.2272,0.207606973058637,0.662939297124601,0.819935691318328,0.584758942457232,0.037037037037037,0.217741935483871,0.0587275693311582,0.0203125,0,0.211878009630819,0.214175654853621,0.211783439490446,0.242566510172144,0.206422018348624,0.036624203821656,0.0359937402190923,0.229559748427673,0.0205696202531646,0.00821018062397373,0.0345368916797488,0.0232919254658385,0.0421875,0.224683544303797,0.020440251572327,0.212071778140294,0.226171243941842,0.0258064516129032,0.210776545166403,0.0309597523219814,0.222919937205651,0.224489795918367,0.221020092735703,0.220820189274448
"413",0,0,0,0,0,0,0.0096,0,0,1,0,1,0,0,0,0,1,0.983948635634029,0,0,0,0,0,1,0,0,0,0.00162337662337662,0,0,0,0,0.00161030595813205,0,1,0,0.973561430793157,0,0,0,0.9984,0.984375,0.995283018867924,0,0,0,0,0,0,0,1,0,0,0,0.00977198697068404,0,1,0,0,0,0,0,0,1,0,0,1,0,1,0,0,0,0,0,1,0,0,0,0.00160771704180064,0,1,0,0,0,0,0,0,0,0.0046656298600311,0.990683229813665,0,0,1,1,0,1,0.0141287284144427,0,0.993808049535604,0.992076069730586,0.00632911392405063,1,0,0,0,0,0.990506329113924,0,0,0,0,0.012779552715655,0,0,1,0,0,1,0,0,1,0.0016025641025641,0,0,0,0,0,0,1,0.00321543408360129,0,0,0,1,0,0,1,0,0,0.00321027287319422,1,1,0,0,0,0,0,0,0,0,0,0,0,0,0,0,0,0,1,0,0.0031055900621118,0,0,1,0,0,0,0,0,0,0,0,0,0,0.00160513643659711,0,1,0,1,0,0,0,0,0,0,0,0,0,0,0,0,0,0,0.015625,1,1,0,0.998427672955975,0,0,0.00805152979066022,0,0,0,0,0,0,0,0.00157232704402516,1,0,0,0,0,0,0.00159489633173844,0,0,0.00159489633173844,0,0,1,0,0,0,1,0,0,0.0031201248049922,0,0,0,0.0158478605388273,1,0.0107692307692308,0,0,0,0,0,0,0,0,0,0,0,0,0,0,0,0,0,0,0,0,0,0,0,0.988727858293076,0,1,0.00318979266347687,0,0,0,1,0.0016260162601626,0.0015527950310559,0,0,0,0,0.989147286821705,0,0,0,0,0,0,0,0,0,0,0.0112179487179487,1,0,0.0128,1,0,0.0123076923076923,0,1,0,0,0,0,0,1,0.0158982511923688,0,0,0,0,0,0,0,0,0,0,0,0,0,0,0,0,0,0,0.945397815912636,0,0,0,0,0,0,0,0,0,0,0,0,1,0,0.00643086816720257,0,0.944707740916272,0,0,0,0,1,0,0,0,0,0,0,0,0,0,0,1,0,0,0,0,0,0,1,0,0,0,0.00157728706624606,0,0,0,0,1,0,0,0,0,0,0,0,0,0,0,0,0,0.00318979266347687,0,0,0,0,0,0,0,0,0,0,0,0,1,0,0,0,1,0,0.99025974025974,0,0,0,0.996825396825397,0.00473186119873817,0,0,0,0,0,0,0,0,1,0,0,0,0,0,0,0,0.998422712933754,0,0,0,0,0,0.00319488817891374,0,0.0134003350083752,0.993700787401575,0,0,0,1,0,0.00158227848101266,0,0,0,1,1,0,0,1,0,0.990275526742301,1,1,0,1,0,0.00158227848101266,0.0031055900621118,0,1,1,0,0,0,0,0.998373983739837,0.015552099533437,0,0,0,0,1,0,0,0.00161812297734628,0,1,0,0,0,0.00157728706624606,1,0,0,0,1,0,0,0,0,0,0,0,0,0,0,0.00161550888529887,0,0.990353697749196,0,0,0,0,0.0143769968051118,1,0,0.00159744408945687,0,0,0,0,0,0,0,0,0,1,0,0,0,0.00161290322580645,0,0,0,0,0,0,0,0,0,0.00947867298578199,1,1,0,0,0,0,0,0,0,0,0.010989010989011,1,0,0.0159489633173844,0,0,1,0,0,0,0.00161030595813205,0,0,0,0,0,0.00161550888529887,0,0,0.0130293159609121,0.0238473767885533,0,0,0.992236024844721,0,0,0,0,0,0,0,0.777604976671851,0,1,0.00157728706624606,0,0,0,1,0,0,0,0,0,0,1,1,0,0,0,1,0,0,0.568720379146919,0,0,0.00630914826498423,0,0,0,1,0,0,0,0.00459418070444104,0,0,0.990595611285266,0,0,1,0.00154798761609907,0,0,0,1,0.992,0,0,0,0,0.988993710691824,0.998357963875205,0,0,0,0,0,0,0,0,0.0032258064516129,0,0,0.998407643312102,0,1,0,0.150974025974026,0,0,0,1,0,0,0,1,0,1,0,0,1,0.0124804992199688,0,0,0.00160771704180064,0,1,0,0,1,0,0,0,0,0,0,0.00475435816164818,0.0016,1,0,0.976525821596244,0.015552099533437,0,0,0,0,0,0.923566878980892,0,0,0,0,0,0,0,1,1,0,1,0,0.998415213946117,0,0,0,0,0,1,0,0,0,0,0,0,0,0,0,0,0,0,0,0,1,0,0.0176565008025682,0,0.0286168521462639,0,0,0.00312989045383412,0,0.00161812297734628,0,0,0,0,0,0,0,0,0.00158227848101266,0.988941548183254,0,0,1,0,1,0,1,0,0,0,0,0,0.00161290322580645,0,0.0144694533762058,1,1,0,0,0,1,1,0,0,0,1,0,1,0,0,0.0350877192982456,0,1,0,0,0,0,0,0,0,0.892405063291139,0,1,0,0.993610223642173,0,0,0.360258481421648,1,1,0,0,0.00618238021638331,0,0,0,0,0,1,0,0,1,0,0,0,0.958532695374801,0,0,0,0,0,0,0,0,0,1,0,0,0.996784565916399,1,0,1,0,0,0,0,0,0.00161030595813205,0.00323101777059774,0,0.947122861586314,0,0.894651539708266,0.97007874015748,1,0.155448717948718,0,0,0.00476190476190476,0,0.951377633711507,0.940157480314961,0,0.973354231974922,0.991922455573506,0.944620253164557,0.965732087227414,0.942546583850932,0,0.965463108320251,0,0,0.952305246422893,0,0.930232558139535,0,0.0554675118858954,0,0
"414",0.165329052969502,0.161904761904762,0.185358255451713,0.225283630470016,0.165861513687601,0.149443561208267,0.252782193958665,0.184834123222749,0.15968992248062,0,0.159055118110236,0,0.531645569620253,0.151273885350318,0.835182250396197,0.839813374805599,0,0.00313479623824451,0.160655737704918,0.164556962025316,0.912636505460218,0.835526315789474,0.17601246105919,0,0.21259842519685,0.729032258064516,0.837753510140406,0.175523349436393,0.655436447166922,0.451863354037267,0.838759689922481,0.468454258675079,0.381329113924051,0.694136291600634,0,0.154330708661417,0.0093167701863354,0.158878504672897,0.870229007633588,0.242703533026114,0,0.00155038759689922,0,0.159489633173844,0.366174055829228,0.856913183279743,0.566037735849057,0.848966613672496,0.611111111111111,0.786707882534776,0,0.162974683544304,0.8203125,0.148089171974522,0.2624,0.793650793650794,0,0.183144246353323,0.194444444444444,0.276461295418641,0.709828393135725,0.66306027820711,0.846031746031746,0,0.261562998405104,0.328571428571429,0,0.167987321711569,0,0.836507936507937,0.272307692307692,0.832550860719875,0.846153846153846,0.150914634146341,0,0.438948995363215,0.84331797235023,0.506289308176101,0.260731319554849,0.73421926910299,0,0.447737909516381,0.746564885496183,0.163297045101089,0.803100775193798,0.25193199381762,0.153488372093023,0.175738724727838,0.186153846153846,0,0.167721518987342,0.152037617554859,0,0,0.183144246353323,0,0.818740399385561,0.1743264659271,0,0,0.541009463722397,0,0.876602564102564,0.150943396226415,0.931297709923664,0.159163987138264,0,0.174050632911392,0.848101265822785,0.841121495327103,0.843601895734597,0.228934817170111,0.694488188976378,0.162204724409449,0,0.174652241112828,0.45226917057903,0,0.84251968503937,0.715873015873016,0,0.389589905362776,0.923664122137405,0.829307568438003,0.18266253869969,0.780185758513932,0.150914634146341,0.163265306122449,0,0.605304212168487,0.222575516693164,0.582792207792208,0.177316293929712,0,0.164251207729469,0.841781874039939,0,0.924558587479936,0.450479233226837,0.638263665594855,0,0,0.174454828660436,0.387301587301587,0.769354838709677,0.159090909090909,0.836990595611285,0.222748815165877,0.625990491283677,0.164869029275809,0.975845410628019,0.166929133858268,0.156050955414013,0.301109350237718,0.147335423197492,0.833063209076175,0.156398104265403,0.845911949685535,0,0.416398713826367,0.284627092846271,0.162790697674419,0.845440494590417,0,0.15527950310559,0.645264847512038,0.166936790923825,0.161741835147745,0.15527950310559,0.695252679938744,0.184952978056426,0.851968503937008,0.200617283950617,0.847328244274809,0.240829346092504,0.667706708268331,0,0.176197836166924,0,0.285714285714286,0.164319248826291,0.818037974683544,0.179407176287051,0.214395099540582,0.174045801526718,0.185647425897036,0.834384858044164,0.646084337349398,0.240589198036007,0.225442834138486,0.839622641509434,0.841772151898734,0.17693522906793,0.2660406885759,0,0,0.864353312302839,0,0.156441717791411,0.744186046511628,0.267828843106181,0.380503144654088,0.165378670788253,0.748006379585327,0.618098159509202,0.8752,0.2171875,0.168769716088328,0.26840490797546,0,0.278560250391236,1,0.214626391096979,0.849840255591054,0.820826952526799,0.631415241057543,0.174528301886792,0.174922600619195,0.324881141045959,0.169278996865204,0.278560250391236,0,0.829113924050633,0.467592592592593,0.175718849840256,0,0.157320872274143,0.172256097560976,0.601910828025478,0.523961661341853,0.165869218500797,0.15506329113924,0.779874213836478,0,0.251162790697674,0.580542264752791,0.179902755267423,0.845553822152886,0.187786259541985,0.153238546603476,0.151898734177215,0.209702660406886,0.524332810047096,0.851500789889415,0.181533646322379,0.541213063763608,0.839753466872111,0.837672281776417,0.724522292993631,0.840255591054313,0.935587761674718,0.486943164362519,0.838557993730408,0.8359375,0.836702954898911,0.570987654320988,0.829307568438003,0.165094339622642,0,0.833065810593901,0,0.883830455259027,0.168,0.17981072555205,0.246489859594384,0,0.285714285714286,0.293394777265745,0.454121306376361,0.513931888544892,0.602543720190779,0.578369905956113,0,0.165329052969502,0.948678071539658,0.461414790996785,0.186602870813397,0.850769230769231,0.401263823064771,0.839313572542902,0.812792511700468,0.16385911179173,0.158319870759289,0.253184713375796,0,0.515527950310559,0.263406940063092,0,0.848623853211009,0.242703533026114,0.173981191222571,0,0.851393188854489,0.848062015503876,0.186795491143317,0.276898734177215,0.845659163987138,0,0.765451664025357,0.167987321711569,0.373860182370821,0.649612403100775,0.489763779527559,0.201228878648233,0.838862559241706,0.16,0.163009404388715,0.832,0.185826771653543,0.165354330708661,0.174267100977199,0.15541601255887,0.764430577223089,0.799050632911392,0.885579937304075,0.175324675324675,0.220949263502455,0.00773993808049536,0.707936507936508,0.1856,0.772093023255814,0.690548780487805,0.158307210031348,0.165354330708661,0.184713375796178,0.454106280193237,0.141975308641975,0.725396825396825,0.190031152647975,0.143540669856459,0,0.786259541984733,0.61648177496038,0.841772151898734,0.00940438871473354,0.829493087557604,0.233644859813084,0.832307692307692,0.8546875,0,0.748417721518987,0.17329093799682,0.819314641744548,0.161290322580645,0.196513470681458,0.167721518987342,0.887096774193548,0.888524590163934,0.448657187993681,0.595432300163132,0,0.332810047095761,0.848159509202454,0.82398753894081,0.917316692667707,0.151515151515152,0.848909657320872,0,0.793375394321767,0.838304552590267,0.853080568720379,0.574534161490683,0.156549520766773,0.71658615136876,0.154859967051071,0.184887459807074,0,0.162929745889387,0.839506172839506,0.152542372881356,0.337480559875583,0.160063391442155,0.845669291338583,0.168486739469579,0.836734693877551,0.268633540372671,0.4304,0.21216848673947,0.175738724727838,0.154205607476636,0.876947040498442,0.197160883280757,0.160741885625966,0.835114503816794,0.837795275590551,0.142394822006472,0.158805031446541,0.691222570532915,0.260802469135802,0.193236714975845,0.199066874027994,0.156832298136646,0,0.784469096671949,0.145539906103286,0.847619047619048,0,0.182985553772071,0,0.8288,0.153965785381026,0.179936305732484,0,0.54559748427673,0.622641509433962,0.182258064516129,0.838449111470113,0.27373417721519,0.15569823434992,0.704,0.547619047619048,0.359872611464968,0,1,0.176,0.171974522292994,0.6046875,0.153965785381026,0.18,0.828926905132193,0,0.183800623052959,0.160883280757098,0.200636942675159,0.434579439252336,0.848200312989045,0.281150159744409,0.763116057233704,0.833060556464812,0,0.498417721518987,0.523052464228935,0.505494505494505,0,0.730081300813008,0.238244514106583,0.47900466562986,0.551401869158878,0.802114803625378,0,0,0.151651651651652,0.16820987654321,0,0.222397476340694,0,0,0,0.154213036565978,0,0.173633440514469,0.388364779874214,0.635384615384615,0.15527950310559,0,0,0.161240310077519,0.194744976816074,0.427914110429448,0.844748858447489,0,0.261467889908257,0.566246056782334,0.15600624024961,0.553822152886115,0.672523961661342,0,0.18266253869969,0.838658146964856,0.195892575039494,0.806138933764136,0,0.843894899536321,0.793269230769231,0.586319218241042,0.18408736349454,0,0.205792682926829,0.178736517719569,0.152886115444618,0,0.831746031746032,0.208053691275168,0.854132901134522,0.148377125193199,0.153963414634146,0.837461300309598,0.147744945567652,0.884914463452566,0.34585289514867,0.838095238095238,0.932584269662921,0.188291139240506,0,0.84472049689441,0.1875,0.842019543973941,0.493610223642172,0.620414673046252,0,0.846031746031746,0.386623164763458,0.907120743034056,0.178963893249608,0.847133757961783,0.819722650231125,0.600331674958541,0.202492211838006,0.257318952234206,0.203497615262321,0.376,0,0.177115987460815,0.838709677419355,0.171428571428571,0.77133655394525,0.841538461538462,0.147058823529412,0.158908507223114,0.143533123028391,0.450155763239875,0.167721518987342,0.957142857142857,0.963549920760697,0.210361067503925,0.26031746031746,0,0,0.168810289389068,0.209076175040519,0.856687898089172,0.173701298701299,0.175193798449612,0.812792511700468,0.218849840255591,0.431496062992126,0.252279635258359,0,0.181388012618297,0.807210031347962,0.148837209302326,0.159810126582278,0,0.502423263327948,0.17981072555205,0.833333333333333,0.441971383147854,0.641955835962145,0.337331334332834,0.437001594896332,0.196018376722818,0.814024390243902,0.16984126984127,0.154205607476636,0.174528301886792,0.827642276422764,0.829346092503987,0.165109034267913,0.154545454545455,0,0.377535101404056,0.613564668769716,0.725,0.372854914196568,0.16984126984127,0.253125,0.16820987654321,0.130970724191063,0.842532467532468,0,0.338582677165354,0.842022116903633,0.831496062992126,0.726844583987441,0,0.167197452229299,0.236024844720497,0.166139240506329,0.15987460815047,0.829855537720706,0.853736089030207,0,0,0.9488,0.843354430379747,0.793375394321767,0,0.839622641509434,0.150943396226415,0.355828220858896,0.8816,0.160125588697017,0.574074074074074,0.191387559808612,0.46749226006192,0.487654320987654,0,0.157814871016692,0.774760383386581,0.674121405750799,0.223765432098765,0.164319248826291,0.756630265210608,0,0.199372056514914,0.2,0,0.180981595092025,0.84012539184953,0.165869218500797,0.588697017268446,0,0,0.660162601626016,0.332805071315372,0.840625,0.7968,0,0,0.386706948640483,0.8421875,0.154723127035831,0.701095461658842,0.152905198776758,0.839258114374034,0.6421875,0.685575364667747,0.287081339712919,0.814449917898194,0.841194968553459,0,0.8336,0,0.167692307692308,0.7085346215781,0.174311926605505,0.84219001610306,0.160513643659711,0,0.545871559633027,0.63015873015873,0.160125588697017,0,0.157894736842105,0,0.654340836012862,0.171253822629969,0,0.496894409937888,0.174679487179487,0.351437699680511,0.210610932475884,0.848297213622291,0,0.153238546603476,0.717703349282297,0,0.452978056426332,0.842507645259939,0.843505477308294,0.16504854368932,0.145367412140575,0.156589147286822,0.167197452229299,0.180533751962323,0,0.178403755868545,0.0031201248049922,0.799684542586751,0.712074303405573,0.170579029733959,0.166926677067083,0.167950693374422,0.16358024691358,0.0530421216848674,0.867088607594937,0.182258064516129,0.19309262166405,0.417565485362096,0.167192429022082,0.146604938271605,0.18125,0,0,0.171471927162367,0,0.829984544049459,0,0.191082802547771,0.722495894909688,0.782958199356913,0.854294478527607,0.222044728434505,0.00157728706624606,0.927330173775671,0.15600624024961,0.1671826625387,0.496038034865293,0.745454545454545,0.745127436281859,0.781874039938556,0.448717948717949,0.849445324881141,0.799687010954617,0.6112,0.7104,0.425499231950845,0.836767036450079,0,0.843700159489633,0.811290322580645,0.154589371980676,0.513056835637481,0.92802450229709,0.491419656786271,0.276923076923077,0.171253822629969,0.206730769230769,0.162379421221865,0.159489633173844,0.1648,0.531152647975078,0.6296875,0.164835164835165,0.842424242424242,0.844375963020031,0.295774647887324,0,0.159264931087289,0.177847113884555,0,0.806818181818182,0,0.192125984251969,0,0.184496124031008,0.152866242038217,0.851162790697674,0.301412872841444,0.155660377358491,0.509523809523809,0.537735849056604,0.267515923566879,0,0,0.234323432343234,0.212669683257919,0.166149068322981,0,0,0.834645669291339,0.728376327769347,0.566929133858268,0,0.622083981337481,0,0.223832528180354,0.15506329113924,0.793214862681745,0.732198142414861,0,0.677471636952998,0.514285714285714,0.273584905660377,0.18693009118541,0.38801261829653,0.8515625,0.170454545454545,0.094488188976378,0.169902912621359,0,0.164362519201229,0,0.156299840510367,0.840255591054313,0.520766773162939,0,0,0.312989045383412,0.224555735056543,0.21216848673947,0.419354838709677,0.860816944024206,0.83495145631068,0.296703296703297,0.278115501519757,0,0.84037558685446,0.19620253164557,0,0.1669341894061,0.199081163859112,0.832550860719875,0.0062015503875969,0.8359375,0.155172413793103,0.584,0.81042654028436,0.808064516129032,0.803100775193798,0.454106280193237,0.800925925925926,0.16025641025641,0,0.401587301587302,0.167449139280125,0,0,0.847094801223242,0,0.836767036450079,0.158878504672897,0.437001594896332,0.846029173419773,0.840189873417722,0.623397435897436,0.195583596214511,0.660493827160494,0.00934579439252336,0.844660194174757,0.0679611650485437,0.00927357032457496,0,0.703821656050955,0.832831325301205,0.830963665086888,0.835637480798771,0.852080123266564,0.00638977635782748,0.0124223602484472,0.833333333333333,0.0093603744149766,0.00161550888529887,0.0318471337579618,0.0125195618153365,0.00626959247648903,0.840625,0.0186335403726708,0.8432,0.841692789968652,0.00792393026941363,0.838862559241706,0.0521472392638037,0.846761453396525,0.789638932496075,0.848254931714719,0.831496062992126
"415",0.978861788617886,0.974723538704581,0.984251968503937,0.946254071661238,0.983766233766234,0.978583196046129,0.909238249594814,1,0.973228346456693,0.00162866449511401,0.976152623211447,0.00159235668789809,0.575277337559429,0.974193548387097,0.0673981191222571,0.0347003154574132,0.0015552099533437,0.0191387559808612,0.970394736842105,0.957142857142857,0.177777777777778,0.06,0.963549920760697,0,0.938193343898574,0.272727272727273,0.128980891719745,0.967532467532468,0.482704402515723,0.712241653418124,0.0238473767885533,0.706260032102729,0.795161290322581,0.292063492063492,0,0.97752808988764,0.0205047318611987,0.971563981042654,0.279937791601866,0.889240506329114,0.00318471337579618,0.0173775671406003,0.0078003120124805,0.977049180327869,0.796694214876033,0.0487012987012987,0.5264,0.0190174326465927,0.485362095531587,0.137285491419657,0.00158982511923688,0.974522292993631,0.286604361370716,0.971428571428571,0.896940418679549,0.174193548387097,0,0.945072697899838,0.979623824451411,0.920886075949367,0.302066772655008,0.448275862068966,0.0230642504118616,0.00164744645799012,0.881383855024712,0.824921135646688,0,0.964912280701754,0,0.0211382113821138,0.835725677830941,0.0336538461538462,0.0430622009569378,0.9796875,0.00157977883096367,0.738782051282051,0.0651828298887122,0.588328075709779,0.926829268292683,0.273031825795645,0.0016,0.72827804107425,0.216640502354788,0.97007874015748,0.128571428571429,0.9296875,0.972447325769854,0.973228346456693,0.954616588419405,0.0093603744149766,0.973941368078176,0.969551282051282,0.00162074554294976,0.00159489633173844,0.953074433656958,0.0016260162601626,0.292913385826772,0.964516129032258,0.00796178343949045,0.00972447325769854,0.625201938610662,0,0.297734627831715,0.975845410628019,0.113385826771654,0.975728155339806,0.0111287758346582,0.996763754045307,0.0226537216828479,0.0288461538461538,0.0304,0.924959216965742,0.347334410339257,0.968051118210863,0.00162337662337662,0.990668740279938,0.733755942947702,0.0015600624024961,0.0235849056603774,0.244766505636071,0.00157232704402516,0.791666666666667,0.266990291262136,0.101639344262295,0.963836477987421,0.160436137071651,0.973143759873618,0.976303317535545,0.00160513643659711,0.54885993485342,0.935691318327974,0.492730210016155,0.965964343598055,0.00158227848101266,0.974025974025974,0.0391236306729265,0.00157977883096367,0.225442834138486,0.634493670886076,0.518032786885246,0.00162866449511401,0.00165562913907285,0.980922098569157,0.762903225806452,0.178981937602627,0.975806451612903,0.0305466237942122,0.934294871794872,0.419672131147541,0.982866043613707,0.154975530179445,0.968304278922345,0.977198697068404,0.8272,0.975922953451043,0.0211726384364821,0.976,0.0275526742301459,0.00158227848101266,0.732689210950081,0.894321766561514,0.962025316455696,0.0430622009569378,0.00156985871271586,0.978021978021978,0.462046204620462,0.980613893376414,0.976415094339623,0.974683544303797,0.300157977883096,0.981102362204724,0.0252365930599369,0.95125786163522,0.0232198142414861,0.921221864951768,0.391849529780564,0.00161290322580645,0.967741935483871,0.00156985871271586,0.837620578778135,0.973015873015873,0.146537842190016,0.975922953451043,0.93312101910828,0.965785381026439,0.950233281493002,0.111821086261981,0.388364779874214,0.917763157894737,0.952691680261011,0.0792393026941363,0.0315955766192733,0.985736925515055,0.880690737833595,0.00154798761609907,0.00159489633173844,0.315960912052117,0.0016025641025641,0.974882260596546,0.274725274725275,0.894214876033058,0.748829953198128,0.984276729559748,0.442122186495177,0.445512820512821,0.312297734627832,0.908227848101266,0.941463414634146,0.90937019969278,0.00164203612479475,0.875796178343949,0.196747967479675,0.946945337620579,0.0257234726688103,0.0838509316770186,0.543548387096774,0.957345971563981,0.971786833855799,0.853462157809984,0.979166666666667,0.890850722311397,0.00158478605388273,0.0858505564387917,0.670769230769231,0.975409836065574,0.0016,0.965408805031447,0.98468606431853,0.558213716108453,0.553459119496855,0.963492063492064,0.975247524752475,0.372357723577236,0.00164744645799012,0.904088050314465,0.540064102564103,0.986863711001642,0.0236220472440945,0.951181102362205,0.979299363057325,0.976076555023923,0.945072697899838,0.532283464566929,0.0260162601626016,0.984152139461173,0.553125,0.0293663060278207,0.0251177394034537,0.21474358974359,0.0224358974358974,0.178861788617886,0.688783570300158,0.022508038585209,0.0208333333333333,0.0333333333333333,0.603421461897356,0.059967585089141,0.967741935483871,0.00980392156862745,0.022508038585209,0.00159489633173844,0.231391585760518,0.978792822185971,0.960063897763578,0.896331738437002,0.00157977883096367,0.894822006472492,0.84012539184953,0.713141025641026,0.612641815235008,0.461661341853035,0.445512820512821,0.0110410094637224,0.974317817014446,0.117647058823529,0.713810316139767,0.983792544570502,0.0333333333333333,0.761453396524487,0.0241157556270096,0.137223974763407,0.978260869565217,0.976744186046512,0.911290322580645,0,0.654574132492114,0.902555910543131,0.00157728706624606,0.0221870047543582,0.914330218068536,1,0.00158227848101266,0.025518341307815,0.0206022187004754,0.974068071312804,0.90311986863711,0.024,0,0.372611464968153,0.982200647249191,0.812698412698413,0.394611727416799,0.677938808373591,0.951863354037267,0.0302547770700637,0.973354231974922,0.974603174603175,0.0258899676375405,0.96474358974359,0.980645161290323,0.950657894736842,0.974723538704581,0.194577352472089,0.323899371069182,0.305825242718447,0.995073891625616,0.91887417218543,0.0537974683544304,0.277867528271405,0.990275526742301,0.1664,0.309006211180124,0.985691573926868,0.972402597402597,0.971518987341772,0.701754385964912,0.973724884080371,0.260032102728732,0.981072555205047,0.970684039087948,0.00159744408945687,0.332298136645963,0.551948051948052,0.038961038961039,0.05625,0.0250391236306729,0.89297124600639,0.0509554140127389,0.0236220472440945,0.00155038759689922,0.241987179487179,0.9744,0.0798722044728434,0.986754966887417,0.984202211690363,0.985668789808917,0.295527156549521,0.299509001636661,0.668820678513732,0.45575959933222,0.0015748031496063,0.819488817891374,0.0408163265306122,0.0565149136577708,0.215873015873016,0.974068071312804,0.0284810126582278,0.00157977883096367,0.338582677165354,0.0347003154574132,0.0418006430868167,0.486356340288925,0.975530179445351,0.282894736842105,0.973684210526316,0.947284345047923,0.00158227848101266,0.983154670750383,0.0188383045525903,0.973186119873817,0.828298887122417,0.973509933774834,0.032,0.955555555555556,0.024,0.860095389507154,0.729096989966555,0.924409448818898,0.987441130298273,0.971291866028708,0.302737520128824,0.946341463414634,0.973270440251572,0.0232198142414861,0.0418006430868167,0.97682119205298,0.971291866028708,0.338118022328549,0.866043613707165,0.946166394779772,0.950871632329635,0.978021978021978,0,0.133443163097199,0.972624798711755,0.0257648953301127,0.00165562913907285,0.98389694041868,0.00813008130081301,0.0609951845906902,0.973354231974922,0.985759493670886,0.0048780487804878,0.630225080385852,0.424,0.978792822185971,0.0245098039215686,0.84789644012945,0.977198697068404,0.385852090032154,0.624801271860095,0.807073954983923,0,0.176,1,0.97258064516129,0.457735247208931,0.979559748427673,0.949238578680203,0.0482315112540193,0.00316455696202532,0.976599063962558,0.974522292993631,0.953748006379585,0.692546583850932,0.0273311897106109,0.898550724637681,0.251170046801872,0.181512605042017,0.0063391442155309,0.619741100323625,0.605769230769231,0.621621621621622,0.0015527950310559,0.305057096247961,0.928115015974441,0.65511811023622,0.522620904836194,0.0956112852664577,0.00157977883096367,0.0015527950310559,0.978361669242658,0.946287519747235,0.0015748031496063,0.939102564102564,0.00807754442649435,0.00154320987654321,0.00161812297734628,0.977382875605816,0,0.978297161936561,0.782051282051282,0.528951486697966,0.975270479134467,0.00162074554294976,0,0.9744,0.947368421052632,0.743348982785602,0.0221169036334913,0.00165016501650165,0.897798742138365,0.616113744075829,0.977455716586151,0.533018867924528,0.367380560131796,0.00158478605388273,0.963492063492064,0.0244299674267101,0.974481658692185,0.103392568659128,0.00156985871271586,0.0309119010819165,0.130081300813008,0.485049833887043,0.950715421303657,0.00159489633173844,0.957278481012658,0.961783439490446,0.981072555205047,0.00161290322580645,0.0975609756097561,0.913333333333333,0.0285714285714286,0.971337579617834,0.979299363057325,0.0286168521462639,0.974803149606299,0.310015898251192,0.817749603803486,0.0318471337579618,0.180623973727422,0.961352657004831,0.00810372771474878,0.0257234726688103,0.971428571428571,0.0245098039215686,0.668316831683168,0.403225806451613,0.00158478605388273,0.133440514469453,0.760975609756098,0.270569620253165,0.971563981042654,0.0208,0.171073094867807,0.441077441077441,0.949230769230769,0.909937888198758,0.951768488745981,0.743922204213938,0,0.9578125,0.0234009360374415,0.944532488114105,0.398692810457516,0.021671826625387,0.971608832807571,0.97741935483871,0.972886762360447,0.637223974763407,0.987301587301587,0.141233766233766,0.205787781350482,0.935023771790808,0.9,0.00154083204930663,0.00162074554294976,0.970731707317073,0.931893687707641,0.0388349514563107,0.97411003236246,0.980922098569157,0.381028938906752,0.951060358890702,0.739482200647249,0.899843505477308,0.0015625,0.955056179775281,0.337152209492635,0.976340694006309,0.976152623211447,0.00154798761609907,0.633870967741936,0.98694942903752,0.0270700636942675,0.697411003236246,0.3712,0.807395993836672,0.707792207792208,0.938176197836167,0.0949367088607595,0.970588235294118,0.973101265822785,0.985553772070626,0.296235679214403,0.0912052117263844,0.978021978021978,0.9734375,0.00784929356357928,0.772797527047913,0.448979591836735,0.266347687400319,0.784688995215311,0.974603174603175,0.868589743589744,0.973101265822785,0.132283464566929,0.0247524752475248,0.0016025641025641,0.841346153846154,0.0262725779967159,0.0222929936305732,0.28525641025641,0.00159489633173844,0.973058637083994,0.914826498422713,0.9792663476874,0.979655712050078,0.106349206349206,0.0258481421647819,0.00153139356814701,0.00157728706624606,0.188006482982172,0.0970873786407767,0.169059011164274,0.00158730158730159,0.0190174326465927,0.972972972972973,0.0157232704402516,0.307941653160454,0.975649350649351,0.594637223974763,0.954983922829582,0.682615629984051,0.656786271450858,0,0.974085365853659,0.395461912479741,0.512,0.942457231726283,0.985849056603774,0.400635930047695,0.00801282051282051,0.961661341853035,0.962732919254658,0,0.945904173106646,0.0377358490566038,0.975767366720517,0.432907348242812,0.00162866449511401,0.00642054574638844,0.529510961214165,0.867834394904459,0.0224,0.150485436893204,0.00949367088607595,0.00329489291598023,0.744648318042814,0.0385852090032154,0.975124378109453,0.333333333333333,0.9796875,0.0204724409448819,0.372611464968153,0.337641357027464,0.890701468189233,0.114566284779051,0.028436018957346,0.0031496062992126,0.0556464811783961,0.00159235668789809,0.973724884080371,0.0395387149917628,0.998459167950693,0.0240384615384615,0.973553719008264,0.00157232704402516,0.531587057010786,0.4752,0.976152623211447,0,0.97626582278481,0.00161550888529887,0.410714285714286,0.973270440251572,0.0015552099533437,0.661904761904762,0.967741935483871,0.748407643312102,0.969305331179321,0.0549450549450549,0.00161812297734628,0.974068071312804,0.267536704730832,0.0015625,0.697637795275591,0.0216049382716049,0.040625,0.977235772357724,0.977346278317152,0.974960876369327,0.951845906902087,0.967373572593801,0.00162074554294976,0.953525641025641,0.0238095238095238,0.347417840375587,0.29093799682035,0.971786833855799,0.973015873015873,0.970172684458399,0.965571205007825,0.0564516129032258,0.0370967741935484,0.975328947368421,0.953271028037383,0.726283048211509,0.962903225806452,0.973143759873618,0.987281399046105,0.0015625,0.00157977883096367,0.96,0.00157977883096367,0.0846394984326019,0,0.966237942122186,0.280730897009967,0.225806451612903,0.142635658914729,0.90032154340836,0.00158227848101266,0.118483412322275,0.97444089456869,0.980676328502415,0.6688,0.422839506172839,0.22782874617737,0.180817610062893,0.650563607085346,0.0172684458398744,0.14308426073132,0.567307692307692,0.270096463022508,0.70820189274448,0.0301109350237718,0.00161290322580645,0.0195439739413681,0.315359477124183,0.977235772357724,0.636792452830189,0.239567233384853,0.627172195892575,0.900316455696203,0.960691823899371,0.965573770491803,0.971061093247588,0.980360065466448,0.972447325769854,0.559294871794872,0.428571428571429,0.9776,0.0292758089368259,0.0327613104524181,0.900481540930979,0.0126582278481013,0.978294573643411,0.944707740916272,0.00159489633173844,0.125611745513866,0,0.956661316211878,0.00164473684210526,0.966613672496025,0.97752808988764,0.0250783699059561,0.846029173419773,0.974921630094044,0.667207792207792,0.629337539432177,0.892857142857143,0,0.00156985871271586,0.934232715008432,0.964396284829721,0.9875,0.00156985871271586,0,0.0211382113821138,0.245283018867925,0.501582278481013,0.0016025641025641,0.450479233226837,0,0.916938110749186,0.969255663430421,0.153225806451613,0.253477588871716,0.0015552099533437,0.348184818481848,0.590322580645161,0.847003154574132,0.984276729559748,0.798092209856916,0.0225442834138486,0.986820428336079,0.0126382306477093,0.970198675496689,0.00162866449511401,0.982919254658385,0.0048,0.974235104669887,0.0366826156299841,0.0229508196721311,0.0015600624024961,0.00161550888529887,0.841444270015699,0.913821138211382,0.950693374422188,0.7234375,0.0515625,0.0307941653160454,0.816425120772947,0.833855799373041,0.00164744645799012,0.04,0.944707740916272,0,0.95253682487725,0.976708074534162,0.0714285714285714,0.0458135860979463,0.0192,0.974643423137876,0.471636952998379,0.0917721518987342,0.115321252059308,0.126182965299685,0.712439418416801,0.108490566037736,0.975922953451043,0.00157728706624606,0.761437908496732,0.957878315132605,0.00482315112540193,0.00158227848101266,0.0278637770897833,0.00161550888529887,0.0286624203821656,0.971473851030111,0.710310965630115,0.0225442834138486,0.0242718446601942,0.550324675324675,0.979066022544283,0.451510333863275,0.056782334384858,0.0213114754098361,0.0614886731391586,0.0206677265500795,0.00159489633173844,0.0479233226837061,0.0325581395348837,0.0258064516129032,0.0393081761006289,0.0202177293934681,0.0528846153846154,0.0596546310832025,0.0268562401263823,0.0241157556270096,0.00658978583196046,0.0306451612903226,0.0282574568288854,0.0651828298887122,0.0337078651685393,0.0254777070063694,0.0211038961038961,0.0307941653160454,0.0512820512820513,0.0287539936102236,0.0277349768875193,0.0254777070063694,0.053968253968254,0.0247295208655332,0.0253565768621236
"416",0.995169082125604,0.998461538461539,0.967642526964561,0.935691318327974,0.980830670926518,0.998394863563403,0.891167192429022,0.97007874015748,1,0,0.998412698412698,0,0.572784810126582,0.99837925445705,0.0423197492163009,0.00792393026941363,0,0.0126182965299685,0.995161290322581,0.98755832037325,0.167441860465116,0.0325732899022801,0.989010989010989,0,0.954828660436137,0.259141494435612,0.1232,0.985365853658537,0.460342146189736,0.699846860643185,0.00153846153846154,0.68895800933126,0.778662420382166,0.29153605015674,0,1,0.0185758513931889,0.993788819875776,0.26015037593985,0.906542056074766,0.0015552099533437,0.0139751552795031,0.00463678516228748,1,0.7776,0.0224358974358974,0.52112676056338,0.00157728706624606,0.463901689708141,0.128284389489954,0,0.995275590551181,0.257503949447077,0.998425196850394,0.877777777777778,0.165594855305466,0,0.969889064976228,0.9629057187017,0.902476780185758,0.299065420560748,0.430769230769231,0.00157977883096367,0,0.8944,0.83125,0,0.990580847723705,0,0.00161550888529887,0.86286594761171,0.0031201248049922,0.0237341772151899,0.998468606431853,0,0.721109399075501,0.0402476780185759,0.579277864992151,0.8976,0.266556291390728,0,0.709576138147567,0.214506172839506,0.996918335901387,0.104199066874028,0.914596273291925,0.996904024767802,0.96551724137931,0.9703125,0.00921658986175115,0.988745980707395,0.998449612403101,0,0,0.971061093247588,0,0.304347826086957,0.98125,0.00464396284829721,0.00638977635782748,0.625592417061611,0,0.283227848101266,0.998410174880763,0.112307692307692,0.998384491114701,0.00947867298578199,0.976228209191759,0.00156494522691706,0.00786163522012579,0.00769230769230769,0.905660377358491,0.33125,0.992138364779874,0,0.982839313572543,0.709428129829985,0,0,0.238546603475513,0,0.775157232704403,0.259493670886076,0.0888529886914378,0.972307692307692,0.151090342679128,0.99537037037037,0.995290423861852,0,0.55993690851735,0.93217665615142,0.479935794542536,0.988691437802908,0,0.996784565916399,0.0245775729646697,0,0.222748815165877,0.625786163522013,0.519169329073482,0,0,0.976780185758514,0.765923566878981,0.17329093799682,1,0.00789889415481832,0.922239502332815,0.409385113268608,0.978294573643411,0.141935483870968,0.982839313572543,0.998389694041868,0.838006230529595,0.993720565149137,0.00161290322580645,0.998435054773083,0,0,0.73961661341853,0.857585139318885,0.978159126365055,0.0200617283950617,0,0.998427672955975,0.451664025356577,1,0.9984375,0.998459167950693,0.281055900621118,0.976708074534162,0.00157728706624606,0.952380952380952,0,0.8944,0.37245696400626,0,0.984423676012461,0,0.84748427672956,0.998452012383901,0.126382306477093,0.982839313572543,0.950387596899225,0.992469879518072,0.976525821596244,0.0993788819875776,0.377151799687011,0.926517571884984,0.939873417721519,0.057542768273717,0.00312989045383412,0.977564102564103,0.850699844479005,0,0,0.304838709677419,0.00155763239875389,1,0.254290171606864,0.87075928917609,0.751543209876543,0.987786259541985,0.446708463949843,0.432348367029549,0.306709265175719,0.923076923076923,0.963317384370016,0.880503144654088,0,0.886292834890966,0.183306055646481,0.94770206022187,0.0015527950310559,0.0703363914373089,0.547581903276131,0.977848101265823,0.9796875,0.835164835164835,0.996894409937888,0.89375,0,0.0771653543307087,0.664624808575804,0.995238095238095,0,0.992223950233281,0.980182926829268,0.555031446540881,0.554675118858954,0.985691573926868,0.998376623376623,0.36650868878357,0,0.888888888888889,0.5136,0.973983739837398,0.00154798761609907,0.958397534668721,0.996830427892235,0.998456790123457,0.954545454545455,0.524256651017214,0,0.971563981042654,0.537037037037037,0.0045662100456621,0.00154083204930663,0.203149606299213,0.00159235668789809,0.151033386327504,0.677018633540373,0,0.00312989045383412,0.00777604976671851,0.588055130168453,0.0416,0.984076433121019,0.0111642743221691,0,0,0.237341772151899,0.998389694041868,0.973561430793157,0.905426356589147,0,0.869774919614148,0.858914728682171,0.689873417721519,0.595813204508857,0.455414012738854,0.455414012738854,0.0125195618153365,0.998405103668262,0.0987654320987654,0.69951534733441,0.965023847376789,0.0124416796267496,0.753918495297806,0.00313479623824451,0.118012422360248,1,0.998363338788871,0.888178913738019,0,0.646058732612056,0.875,0,0.00155763239875389,0.888198757763975,0.977987421383648,0,0.00313971742543171,0.00155038759689922,0.980830670926518,0.882067851373183,0.00162866449511401,0,0.389324960753532,0.990566037735849,0.791666666666667,0.392857142857143,0.660855784469097,0.962848297213622,0.00793650793650794,0.998456790123457,0.998427672955975,0.00950871632329636,0.968454258675079,0.998435054773083,0.969453376205788,0.995341614906832,0.194620253164557,0.312693498452012,0.291993720565149,0.974068071312804,0.940032414910859,0.044822256568779,0.266355140186916,0.970031545741325,0.15015479876161,0.306990881458967,0.992063492063492,0.998417721518987,0.965996908809892,0.692926045016077,0.996904024767802,0.254746835443038,0.963836477987421,0.996825396825397,0,0.316279069767442,0.549363057324841,0.018957345971564,0.0496124031007752,0.00302114803625378,0.908372827804107,0.0266457680250784,0.00152439024390244,0,0.232339089481947,0.990521327014218,0.0658307210031348,0.988727858293076,0.973270440251572,0.987301587301587,0.294670846394984,0.296296296296296,0.682034976152623,0.465460526315789,0,0.821981424148607,0.0108024691358025,0.0417310664605873,0.199381761978362,0.998410174880763,0.00308641975308642,0,0.328050713153724,0.0139318885448916,0.0236593059936909,0.486697965571205,0.998432601880878,0.286407766990291,0.998387096774194,0.96513470681458,0,0.989505247376312,0.00154798761609907,0.996913580246914,0.833070866141732,0.998389694041868,0.0110062893081761,0.972265023112481,0.00156494522691706,0.888188976377953,0.721153846153846,0.950617283950617,0.9859375,0.996825396825397,0.301261829652997,0.968304278922345,0.998498498498498,0.0015220700152207,0.0283464566929134,0.998410174880763,0.998439937597504,0.323390894819466,0.881804043545879,0.964686998394864,0.954898911353033,1,0,0.112721417069243,0.998449612403101,0.00315955766192733,0,0.9648,0.00974025974025974,0.0421216848673947,0.9984375,0.971653543307087,0.0048,0.640822784810127,0.426127527216174,0.982539682539682,0.00161030595813205,0.868462757527734,0.995192307692308,0.378164556962025,0.597156398104265,0.788888888888889,0,0.171974522292994,0.97258064516129,1,0.445987654320988,0.998425196850394,0.966777408637874,0.0349206349206349,0.00158730158730159,0.987692307692308,0.992150706436421,0.950233281493002,0.694573643410853,0.00631911532385466,0.864217252396166,0.246875,0.176174496644295,0.00469483568075117,0.637380191693291,0.603421461897356,0.601880877742947,0,0.284565916398714,0.912974683544304,0.655384615384615,0.529780564263323,0.0800604229607251,0,0,0.998468606431853,0.967791411042945,0,0.919047619047619,0.00794912559618442,0,0,0.996789727126806,0,1,0.776744186046512,0.528417818740399,1,0,0,0.99375,0.962006079027356,0.726708074534162,0.00152905198776758,0,0.872699386503067,0.598130841121495,0.998452012383901,0.532012195121951,0.340062111801242,0,0.981279251170047,0.00162337662337662,0.960063897763578,0.0900473933649289,0,0.00768049155145929,0.105769230769231,0.486970684039088,0.969889064976228,0,0.947530864197531,0.976303317535545,0.998449612403101,0,0.0768,0.928221859706362,0.00325732899022801,0.998425196850394,0.998459167950693,0.0108359133126935,1,0.307086614173228,0.811320754716981,0.0125,0.1712,0.962674961119751,0.00788643533123028,0.0015748031496063,0.971875,0.0096,0.669316375198728,0.39937106918239,0,0.111111111111111,0.753289473684211,0.269470404984424,0.979813664596273,0,0.150621118012422,0.460032626427406,0.954198473282443,0.888372093023256,0.9625,0.741732283464567,0,0.986196319018405,0.00153846153846154,0.963779527559055,0.40032154340836,0.00152671755725191,1,0.998425196850394,0.998430141287284,0.639810426540284,0.985981308411215,0.132075471698113,0.192675159235669,0.9484375,0.872274143302181,0,0,0.991935483870968,0.936305732484076,0.0142405063291139,0.984025559105431,0.990566037735849,0.379095163806552,0.928343949044586,0.743630573248408,0.874425727411945,0,0.966507177033493,0.340222575516693,0.998456790123457,0.9968,0,0.646592709984152,0.971337579617834,0.00156739811912226,0.688783570300158,0.383177570093458,0.81306990881459,0.68380062305296,0.957120980091884,0.0910470409711684,0.9824,0.998459167950693,0.979750778816199,0.298045602605863,0.0962145110410095,0.992211838006231,1,0.00773993808049536,0.787925696594427,0.458914728682171,0.263239875389408,0.768759571209801,0.998427672955975,0.879936808846761,1,0.129969418960245,0.00161030595813205,0,0.835443037974684,0.0046875,0.0015552099533437,0.277165354330709,0,0.992248062015504,0.917177914110429,0.996889580093313,0.993827160493827,0.0924764890282132,0.00160513643659711,0,0,0.176282051282051,0.0864779874213836,0.15311004784689,0,0.00154083204930663,0.998435054773083,0.0124416796267496,0.308411214953271,1,0.593167701863354,0.97427652733119,0.662460567823344,0.626543209876543,0,0.998496240601504,0.405103668261563,0.502384737678855,0.921174652241113,0.98780487804878,0.385220125786164,0.0107692307692308,0.954616588419405,0.956856702619414,0,0.964939024390244,0.0187793427230047,0.982171799027553,0.427892234548336,0,0.00782472613458529,0.533222591362126,0.831496062992126,0.00156739811912226,0.137380191693291,0.0093167701863354,0.00163132137030995,0.749240121580547,0.0256,1,0.312788906009245,0.99075500770416,0.00155763239875389,0.381026438569207,0.314009661835749,0.865793780687398,0.0969305331179321,0.00470957613814757,0.00155763239875389,0.0429252782193959,0,0.993865030674847,0.0453074433656958,0.977409638554217,0.00634920634920635,0.998402555910543,0,0.513888888888889,0.458466453674121,1,0,0.998425196850394,0,0.392508143322476,0.987654320987654,0,0.650381679389313,0.982539682539682,0.735433070866142,0.955128205128205,0.0346456692913386,0,0.998422712933754,0.270866141732283,0,0.681114551083591,0.00152905198776758,0.0168195718654434,1,0.998366013071895,0.989113530326594,0.970031545741325,0.977707006369427,0,0.979430379746835,0.0231481481481481,0.346153846153846,0.287974683544304,0.99375,0.992125984251969,0.99079754601227,0.989214175654854,0.0599369085173502,0.014446227929374,0.983525535420099,0.961360123647604,0.727975270479134,0.984423676012461,0.998439937597504,0.977987421383648,0,0,0.978625954198473,0,0.0741885625965997,0,0.95260663507109,0.277955271565495,0.211631663974152,0.116459627329193,0.921850079744817,0,0.10989010989011,0.998427672955975,1,0.630914826498423,0.42406015037594,0.221556886227545,0.179566563467492,0.645933014354067,0.0015600624024961,0.125391849529781,0.554502369668246,0.267295597484277,0.710280373831776,0.00626959247648903,0,0.00161030595813205,0.325358851674641,0.998376623376623,0.620904836193448,0.230182926829268,0.636932707355243,0.871517027863777,0.986153846153846,0.95928338762215,0.979365079365079,0.998392282958199,0.998410174880763,0.563380281690141,0.415241057542768,0.998425196850394,0.00757575757575758,0.0077639751552795,0.8765625,0.0109034267912773,0.998439937597504,0.968701095461659,0,0.112721417069243,0,0.9546875,0,0.974882260596546,0.998430141287284,0.00928792569659443,0.837795275590551,0.998480243161094,0.653160453808752,0.629283489096573,0.871835443037975,0,0,0.940322580645161,0.945864661654135,0.986068111455108,0,0,0.00161550888529887,0.238461538461538,0.50788643533123,0,0.449139280125196,0,0.9216,0.998442367601246,0.157723577235772,0.246153846153846,0,0.336553945249597,0.580441640378549,0.866251944012442,0.96793893129771,0.778996865203762,0.00155763239875389,0.987301587301587,0.0141955835962145,0.998405103668262,0,0.981395348837209,0.00630914826498423,0.998410174880763,0.0203761755485893,0.0141732283464567,0,0,0.828125,0.932565789473684,0.937402190923318,0.714285714285714,0.0305343511450382,0.0048,0.834633385335413,0.83641975308642,0,0.0173775671406003,0.965571205007825,0,0.980922098569157,0.959375,0.0727848101265823,0.0386996904024768,0.004739336492891,0.998470948012232,0.474193548387097,0.08125,0.110210696920583,0.113354037267081,0.698387096774194,0.0876369327073552,0.998417721518987,0,0.756369426751592,0.986003110419907,0.00157977883096367,0,0.00151745068285281,0,0.00156739811912226,0.998442367601246,0.713821138211382,0.00160771704180064,0.0015748031496063,0.551834130781499,0.955056179775281,0.428571428571429,0.0416666666666667,0.00321027287319422,0.0511182108626198,0.0171073094867807,0,0.0317460317460317,0.00305810397553517,0.00157728706624606,0.00927357032457496,0.00151057401812689,0.0464,0.0479134466769706,0.0110410094637224,0.0172143974960876,0.00483870967741936,0.0251968503937008,0.0229007633587786,0.0492063492063492,0.0046656298600311,0.0201238390092879,0.00161030595813205,0.00159235668789809,0.041335453100159,0.00625978090766823,0.0233644859813084,0.00156739811912226,0.0361635220125786,0.00303490136570561,0.00313479623824451
"417",0.451104100946372,0.453978159126365,0.462732919254658,0.465266558966074,0.474959612277868,0.442492012779553,0.482649842271293,0.459935897435897,0.451313755795981,0,0.449612403100775,0,0.670347003154574,0.460063897763578,0.585780525502318,0.572327044025157,0,0.00632911392405063,0.440191387559809,0.465732087227414,0.600931677018634,0.569805194805195,0.453703703703704,0,0.471048513302034,0.842767295597484,0.594043887147335,0.444976076555024,0.602739726027397,0.570987654320988,0.551301684532925,0.621283255086072,0.580343213728549,0.636792452830189,0,0.442396313364055,0.0137614678899083,0.442546583850932,0.625377643504532,0.476923076923077,0,0.0046583850931677,0.00154083204930663,0.436708860759494,0.582651391162029,0.579288025889968,0.943217665615142,0.553125,0.621004566210046,0.600303951367781,0,0.458267716535433,0.6198738170347,0.44392523364486,0.480314960629921,0.624405705229794,0,0.472353870458136,0.459876543209877,0.54320987654321,0.706422018348624,0.614791987673344,0.563291139240506,0,0.509646302250804,0.537037037037037,0,0.444272445820433,0,0.545886075949367,0.53198127925117,0.555382215288612,0.567140600315956,0.445482866043614,0,0.599085365853659,0.568992248062016,0.660436137071651,0.516640253565769,0.642140468227425,0,0.643518518518518,0.69558599695586,0.434108527131783,0.594090202177294,0.517719568567026,0.447244094488189,0.474097331240188,0.471406491499227,0.00154798761609907,0.437001594896332,0.444444444444444,0,0,0.446031746031746,0,0.582945736434109,0.4578125,0,0.00158227848101266,0.579710144927536,0,0.61648177496038,0.442006269592476,0.587155963302752,0.456418383518225,0.00316455696202532,0.466876971608833,0.558139534883721,0.56828885400314,0.555729984301413,0.496062992125984,0.637636080870918,0.469040247678019,0,0.456692913385827,0.622083981337481,0,0.57120253164557,0.599688473520249,0,0.579277864992151,0.613953488372093,0.594551282051282,0.472136222910217,0.608628659476117,0.451162790697674,0.439814814814815,0,0.596302003081664,0.488076311605723,0.562700964630225,0.4432,0,0.439297124600639,0.548929663608563,0,0.620472440944882,0.810344827586207,0.590111642743222,0,0,0.461897356143079,0.585780525502318,0.656,0.452681388012618,0.545886075949367,0.488299531981279,0.635930047694754,0.456883509833585,0.604838709677419,0.451713395638629,0.430379746835443,0.508527131782946,0.438377535101404,0.538338658146965,0.455108359133127,0.568535825545171,0,0.580441640378549,0.522273425499232,0.456112852664577,0.561051004636785,0,0.459167950693374,0.671428571428571,0.447284345047923,0.449612403100775,0.438948995363215,0.672307692307692,0.449297971918877,0.570522979397781,0.478527607361963,0.547112462006079,0.509463722397476,1,0,0.451713395638629,0,0.584496124031008,0.434514637904468,0.588328075709779,0.448757763975155,0.493001555209953,0.442771084337349,0.445131375579598,0.609302325581395,0.629457364341085,0.509523809523809,0.484177215189873,0.575471698113208,0.55379746835443,0.465489566613162,0.506191950464396,0,0,0.619651347068146,0,0.448382126348228,0.628614916286149,0.475357710651828,0.681114551083591,0.443234836702955,0.586370839936609,0.561728395061728,0.608626198083067,0.478605388272583,0.463836477987421,0.515432098765432,0,0.49922480620155,0.605177993527508,0.496805111821086,0.555382215288612,0.631172839506173,0.592476489028213,0.458135860979463,0.452160493827161,0.569422776911076,0.440124416796268,0.536776212832551,0,0.632558139534884,0.599690880989181,0.446570972886762,0,0.451761102603369,0.472429210134128,0.592476489028213,0.590979782270607,0.455555555555556,0.446945337620579,0.60377358490566,0,0.486196319018405,0.667716535433071,0.454983922829582,0.557993730407524,0.483024691358025,0.43968253968254,0.428125,0.492163009404389,0.619122257053291,0.56687898089172,0.477917981072555,0.865293185419968,0.569277108433735,0.557077625570776,0.576802507836991,0.545878693623639,0.581168831168831,0.53822629969419,0.549295774647887,0.554517133956386,0.559006211180124,0.578703703703704,0.563291139240506,0.454976303317536,0.00318979266347687,0.544323483670295,0,0.574132492113565,0.449206349206349,0.458528951486698,0.52112676056338,0,0.521669341894061,0.493788819875776,0.630331753554502,0.649532710280374,0.67246835443038,0.549450549450549,0.0031104199066874,0.436420722135008,0.578947368421053,0.610032362459547,0.459375,0.572542901716069,0.545454545454545,0.557993730407524,0.6,0.445454545454545,0.440514469453376,0.4976,0,0.563165905631659,0.47626582278481,0,0.539657853810264,0.475155279503106,0.464285714285714,0,0.555384615384615,0.543887147335423,0.452648475120385,0.544728434504792,0.560897435897436,0,0.60596546310832,0.452950558213716,0.549844236760125,0.621705426356589,0.5792,0.467289719626168,0.569444444444444,0.452713178294574,0.44811320754717,0.571205007824726,0.467084639498433,0.440381558028617,0.448553054662379,0.446009389671362,0.661442006269592,0.605590062111801,0.603744149765991,0.452380952380952,0.4832,0.0170542635658915,0.591772151898734,0.447619047619048,0.737248840803709,0.589861751152074,0.4609375,0.454263565891473,0.47887323943662,0.592891760904685,0.434715821812596,0.584269662921348,0.463452566096423,0.443037974683544,0,0.627329192546584,0.564465408805031,0.568356374807988,0.0169491525423729,0.557603686635945,0.488262910798122,0.556240369799692,0.554179566563467,0,0.729813664596273,0.460567823343849,0.571870170015456,0.452380952380952,0.468553459119497,0.442700156985871,0.61244019138756,0.609046849757674,0.6328125,0.624183006535948,0,0.569206842923795,0.553869499241275,0.567732115677321,0.61875,0.439490445859873,0.547433903576983,0,0.618541033434651,0.568356374807988,0.564873417721519,0.673469387755102,0.439370078740157,0.641838351822504,0.443708609271523,0.451010886469673,0,0.458702064896755,0.556060606060606,0.448540706605223,0.561128526645768,0.439102564102564,0.54953560371517,0.46676970633694,0.551181102362205,0.493769470404984,0.632165605095541,0.480857580398162,0.459293394777266,0.444099378881988,0.627145085803432,0.473684210526316,0.445468509984639,0.562121212121212,0.5453125,0.4256,0.4421875,0.641860465116279,0.479750778816199,0.455429497568882,0.496884735202492,0.449230769230769,0,0.598070739549839,0.435185185185185,0.551505546751189,0,0.475357710651828,0.00323624595469256,0.591346153846154,0.439814814814815,0.469194312796209,0,0.564341085271318,0.998410174880763,0.473186119873817,0.566188197767145,0.509523809523809,0.437201907790143,0.6109375,0.562403697996918,0.623622047244095,0,0.6046875,0.457735247208931,0.445987654320988,1,0.451219512195122,0.472636815920398,0.573228346456693,0,0.444270015698587,0.452119309262166,0.479623824451411,0.62095531587057,0.559875583203733,0.513385826771654,0.744514106583072,0.584026622296173,0.00155763239875389,0.65224358974359,0.605633802816901,0.669767441860465,0,0.635782747603834,0.490506329113924,0.640122511485452,0.655813953488372,0.581183611532625,0,0,0.43993993993994,0.458143074581431,0,0.483412322274882,0.00158982511923688,0,0,0.443217665615142,0,0.466346153846154,0.536050156739812,0.591185410334346,0.432307692307692,0,0,0.447204968944099,0.462480857580398,0.607751937984496,0.56,0,0.482280431432974,0.581143740340031,0.456964006259781,0.916666666666667,0.642969984202212,0,0.471228615863142,0.573033707865168,0.484025559105431,0.594043887147335,0,0.558245083207262,0.588697017268446,0.644122383252818,0.447040498442368,0,0.493108728943338,0.456828885400314,0.443251533742331,0,0.591772151898734,0.447194719471947,0.546774193548387,0.426127527216174,0.453149001536098,0.5546875,0.432766615146832,0.619565217391304,0.52803738317757,0.549450549450549,0.5872,0.46594427244582,0.00157232704402516,0.54,0.469135802469136,0.580542264752791,0.624203821656051,0.619047619047619,0,0.592592592592593,0.597774244833068,0.60061919504644,0.4671875,0.561622464898596,0.678125,0.572831423895254,0.494688922610015,0.530959752321981,0.4864,0.611374407582938,0,0.455246913580247,0.541411042944785,0.450155763239875,0.611290322580645,0.551145038167939,0.447166921898928,0.461538461538462,0.43613707165109,0.836193447737909,0.459501557632399,0.598070739549839,0.610675039246468,0.460815047021944,0.50386398763524,0,0,0.447244094488189,0.499212598425197,0.567353407290016,0.480952380952381,0.470031545741325,0.607476635514019,0.483922829581994,0.537480063795853,0.47239263803681,0,0.466876971608833,0.586370839936609,0.455399061032864,0.45046439628483,0,0.593700787401575,0.46656050955414,0.55,0.578099838969404,0.630030959752322,0.564954682779456,0.689381933438986,0.475609756097561,0.632218844984802,0.4432,0.449230769230769,0.47360248447205,0.598387096774194,0.577399380804954,0.460587326120556,0.431432973805855,0.00154798761609907,0.566978193146417,0.629230769230769,0.627906976744186,0.593700787401575,0.451510333863275,0.486571879936809,0.44392523364486,0.126153846153846,0.565217391304348,0,0.569858712715856,0.545023696682464,0.553125,0.626373626373626,0,0.466360856269113,0.506891271056662,0.444099378881988,0.451761102603369,0.620904836193448,0.561514195583596,0,0,0.602893890675241,0.581102362204724,0.608424336973479,0,0.54320987654321,0.445131375579598,0.248466257668712,0.582278481012658,0.454113924050633,0.580246913580247,0.454113924050633,0.659442724458204,0.607361963190184,0,0.43609022556391,0.590982286634461,0.574132492113565,0.480974124809741,0.440184049079755,0.628125,0.0015527950310559,0.476415094339623,0.474418604651163,0,0.482442748091603,0.550387596899225,0.452648475120385,0.53953488372093,0,0,0.582113821138211,0.582278481012658,0.567610062893082,0.601275917065391,0.0015625,0,0.552511415525114,0.575235109717868,0.441707717569787,0.635384615384615,0.459876543209877,0.557077625570776,0.656298600311042,0.732909379968203,0.546623794212219,0.586709886547812,0.551083591331269,0,0.564873417721519,0,0.441265060240964,0.485530546623794,0.456325301204819,0.560509554140127,0.4336,0,0.658015267175573,0.627575277337559,0.43944099378882,0,0.452859350850077,0,0.65,0.447692307692308,0,0.555209953343701,0.450236966824645,0.738244514106583,0.476650563607085,0.577160493827161,0,0.438080495356037,0.610328638497653,0,0.612055641421947,0.55,0.544207317073171,0.448387096774194,0.447284345047923,0.449165402124431,0.465189873417722,0.451923076923077,0,0.450155763239875,0.0077639751552795,0.595454545454545,0.633693972179289,0.4484375,0.446009389671362,0.459418070444104,0.443759630200308,0.0375586854460094,0.575039494470774,0.431147540983607,0.454968944099379,0.598145285935085,0.440993788819876,0.442040185471406,0.4875,0,0,0.450682852807284,0,0.62111801242236,0,0.477519379844961,0.618589743589744,0.71474358974359,0.603715170278638,0.496038034865293,0.00157977883096367,0.58887171561051,0.425897035881435,0.452453987730061,0.603174603174603,0.606015037593985,0.675757575757576,0.616564417177914,0.796474358974359,0.539184952978056,0.580893682588598,0.588976377952756,0.59375,0.613496932515337,0.539432176656151,0,0.561514195583596,0.589825119236884,0.441935483870968,0.524031007751938,0.60546282245827,0.64622641509434,0.508527131782946,0.431888544891641,0.486356340288925,0.472353870458136,0.456026058631922,0.4544,0.63182527301092,0.646781789638933,0.442006269592476,0.556053811659193,0.569444444444444,0.523956723338485,0.00308166409861325,0.450229709035222,0.448382126348228,0,0.606973058637084,0,0.50390015600624,0,0.467791411042945,0.458528951486698,0.542944785276074,0.511111111111111,0.420091324200913,0.53968253968254,0.566820276497696,0.486529318541997,0,0,0.500807754442649,0.470059880239521,0.448757763975155,0,0,0.564516129032258,0.5895865237366,0.558502340093604,0,0.668730650154799,0,0.514285714285714,0.446875,0.579710144927536,0.681114551083591,0,0.663430420711974,0.80188679245283,0.481308411214953,0.470319634703196,0.536585365853659,0.566246056782334,0.463375796178344,0.0595611285266458,0.438511326860841,0,0.453846153846154,0.00158478605388273,0.432859399684044,0.564142194744977,0.365659777424483,0,0,0.567901234567901,0.494345718901454,0.463223787167449,0.542242703533026,0.554364471669219,0.553054662379421,0.566978193146417,0.540090771558245,0,0.566718995290424,0.478806907378336,0,0.440842787682334,0.476708074534161,0.599374021909233,0.00921658986175115,0.553459119496855,0.432307692307692,0.612698412698413,0.624803767660911,0.605815831987076,0.568535825545171,0.593851132686084,0.559139784946237,0.452418096723869,0,0.568037974683544,0.453149001536098,0.00161030595813205,0,0.554711246200608,0,0.556765163297045,0.428792569659443,0.598715890850722,0.569377990430622,0.543720190779014,0.598425196850394,0.4768,0.629969418960245,0.0169491525423729,0.552504038772213,0.05,0.0153139356814701,0,0.466458658346334,0.534954407294833,0.559561128526646,0.571646341463415,0.549844236760125,0.0112903225806452,0.0170807453416149,0.567233384853168,0.0156494522691706,0.00482315112540193,0.0360501567398119,0.0184899845916795,0.0156985871271586,0.559875583203733,0.0186335403726708,0.552504038772213,0.558544303797468,0.0143312101910828,0.549295774647887,0.045662100456621,0.5578125,0.538102643856921,0.54337899543379,0.564541213063764
"418",0.996889580093313,1,0.97542242703533,0.938193343898574,0.982315112540193,1,0.894488188976378,0.97196261682243,1,0,1,0,0.562305295950156,1,0.0421216848673947,0.00925925925925926,0,0.0169753086419753,0.996840442338073,0.98159509202454,0.148148148148148,0.0322061191626409,0.98936170212766,0,0.959214501510574,0.246875,0.11353032659409,0.987321711568938,0.461305007587253,0.684848484848485,0,0.687306501547988,0.773584905660377,0.294670846394984,0,1,0.0169753086419753,0.995468277945619,0.251488095238095,0.910631741140216,0.00157728706624606,0.0168970814132104,0.00619195046439629,1,0.780645161290323,0.0221518987341772,0.5141065830721,0,0.466966966966967,0.129429892141757,0,0.99375,0.261538461538462,1,0.885093167701863,0.166402535657686,0,0.976228209191759,0.964669738863287,0.910060975609756,0.289230769230769,0.434108527131783,0,0,0.902711323763955,0.829230769230769,0,0.987538940809969,0,0,0.865443425076453,0.00619195046439629,0.0171339563862928,1,0,0.720430107526882,0.0414110429447853,0.579185520361991,0.904,0.261437908496732,0,0.702619414483821,0.209800918836141,0.998473282442748,0.111963190184049,0.915151515151515,0.996946564885496,0.970358814352574,0.969183359013868,0.0134730538922156,0.987460815047022,1,0,0,0.971563981042654,0,0.291411042944785,0.981395348837209,0.00911854103343465,0.0093167701863354,0.6,0,0.2734375,1,0.0977099236641221,1,0.0109546165884194,0.980122324159021,0,0.00777604976671851,0.00773993808049536,0.905956112852665,0.327666151468315,0.993788819875776,0,0.984662576687117,0.708006279434851,0,0,0.225352112676056,0,0.773584905660377,0.24031007751938,0.0764331210191083,0.973478939157566,0.141085271317829,1,0.996899224806202,0,0.537290715372907,0.931570762052877,0.5,0.995230524642289,0,0.993589743589744,0.0226586102719033,0,0.20404984423676,0.633802816901408,0.506349206349206,0,0,0.976744186046512,0.768518518518518,0.170653907496013,1,0.00623052959501558,0.925925925925926,0.419152276295133,0.980182926829268,0.126805778491172,0.98613251155624,1,0.834876543209877,0.995398773006135,0,1,0,0,0.745341614906832,0.87556904400607,0.983154670750383,0.0168453292496172,0,1,0.43859649122807,1,1,1,0.294478527607362,0.975116640746501,0.00154798761609907,0.950151057401813,0,0.894488188976378,0.367692307692308,0,0.984276729559748,0,0.838258164852255,1,0.113564668769716,0.982945736434109,0.95405819295559,0.989660265878877,0.977307110438729,0.0962145110410095,0.370481927710843,0.929712460063898,0.946372239747634,0.0495356037151703,0.00462249614791988,0.9826224328594,0.857585139318885,0,0,0.287066246056782,0.0015527950310559,1,0.253414264036419,0.880248833592535,0.74885145482389,0.989409984871407,0.441497659906396,0.44031007751938,0.284591194968553,0.913385826771654,0.9640625,0.885496183206107,0,0.887692307692308,0.169354838709677,0.945820433436533,0,0.0620272314674735,0.533333333333333,0.975116640746501,0.977134146341463,0.835443037974684,0.998466257668712,0.8953125,0,0.0655226209048362,0.66973886328725,0.995253164556962,0,0.990697674418605,0.981735159817352,0.541925465838509,0.551829268292683,0.990783410138249,1,0.34585289514867,0,0.888888888888889,0.513846153846154,0.97427652733119,0,0.962235649546828,0.998430141287284,1,0.956521739130435,0.549382716049383,0.00157728706624606,0.973561430793157,0.545592705167173,0.00301659125188537,0.00152905198776758,0.2015625,0,0.150554675118859,0.672230652503794,0,0.0045662100456621,0.00614439324116743,0.582701062215478,0.0349761526232114,0.984326018808777,0.0123647604327666,0,0,0.223787167449139,1,0.977029096477795,0.909090909090909,0,0.874801901743265,0.863496932515337,0.67981072555205,0.58528951486698,0.4546875,0.461059190031153,0.0123076923076923,1,0.0878274268104777,0.685805422647528,0.968895800933126,0.00765696784073507,0.753105590062112,0.00156494522691706,0.119751166407465,1,1,0.89589905362776,0,0.645259938837921,0.889589905362776,0,0,0.900151285930408,0.984202211690363,0,0,0.00151975683890578,0.979397781299525,0.886792452830189,0,0,0.367029548989114,0.988924050632911,0.781010719754977,0.391640866873065,0.665620094191523,0.956856702619414,0.00764525993883792,1,1,0.00769230769230769,0.973886328725038,1,0.974683544303797,1,0.179127725856698,0.303215926493109,0.278207109737249,0.979623824451411,0.934294871794872,0.0493827160493827,0.2609375,0.978021978021978,0.149922720247295,0.302806499261448,0.995334370139969,0.996870109546166,0.967289719626168,0.70364500792393,0.998466257668712,0.24375,0.967592592592593,0.998439937597504,0,0.316109422492401,0.528301886792453,0.0169753086419753,0.0503048780487805,0.00763358778625954,0.912908242612753,0.0275650842266462,0,0,0.223088923556942,0.993710691823899,0.0707692307692308,0.987138263665595,0.973270440251572,0.989079563182527,0.275157232704403,0.27536231884058,0.678627145085803,0.455882352941176,0,0.826833073322933,0.0151975683890578,0.0332829046898638,0.194744976816074,1,0.0015600624024961,0,0.325190839694657,0.0122137404580153,0.0185758513931889,0.478193146417445,1,0.264150943396226,1,0.967441860465116,0,0.991150442477876,0,1,0.828967642526965,1,0.0126382306477093,0.978494623655914,0,0.887171561051005,0.712918660287081,0.95046439628483,0.987748851454824,0.996923076923077,0.284403669724771,0.96551724137931,1,0,0.0216049382716049,1,1,0.313364055299539,0.890769230769231,0.964573268921095,0.955177743431221,1,0,0.107765451664025,1,0.00156739811912226,0,0.974603174603175,0.0111821086261981,0.0391236306729265,1,0.975193798449612,0.00470219435736677,0.613707165109034,0.412322274881517,0.9824,0.00158982511923688,0.868462757527734,0.996835443037975,0.369496855345912,0.602484472049689,0.790297339593114,0,0.153965785381026,0.979559748427673,0.998425196850394,0.451219512195122,1,0.975124378109453,0.0329153605015674,0.00153609831029186,0.987767584097859,0.9953125,0.956386292834891,0.69359756097561,0.00619195046439629,0.865325077399381,0.223255813953488,0.16256157635468,0.00617283950617284,0.624203821656051,0.608490566037736,0.610248447204969,0,0.279365079365079,0.920245398773006,0.646788990825688,0.51301684532925,0.0735735735735736,0,0,1,0.978658536585366,0,0.93125,0.0110759493670886,0,0,1,0,1,0.7703125,0.512158054711246,1,0,0,0.99537037037037,0.962121212121212,0.72239263803681,0,0.00316957210776545,0.878419452887538,0.611532625189681,1,0.525993883792049,0.336492890995261,0,0.981651376146789,0,0.956656346749226,0.0904836193447738,0,0.00899550224887556,0.108695652173913,0.478048780487805,0.978361669242658,0,0.954614220877458,0.976887519260401,1,0,0.0706436420722135,0.934426229508197,0.00477707006369427,1,1,0.00753012048192771,1,0.285932721712538,0.805135951661631,0.00934579439252336,0.160125588697017,0.967542503863988,0.0124610591900312,0,0.974006116207951,0.00642054574638844,0.661341853035144,0.38351822503962,0,0.0973724884080371,0.729166666666667,0.254211332312404,0.975572519083969,0,0.140888208269525,0.456451612903226,0.94954128440367,0.890225563909774,0.965996908809892,0.757097791798107,0,0.98145285935085,0,0.967592592592593,0.373996789727127,0,1,1,1,0.627172195892575,0.98755832037325,0.12202852614897,0.179968701095462,0.945121951219512,0.882621951219512,0,0,0.995260663507109,0.947030497592295,0.0140625,0.984276729559748,0.9921875,0.360429447852761,0.932496075353218,0.732394366197183,0.887878787878788,0,0.968701095461659,0.316037735849057,1,0.998442367601246,0,0.646058732612056,0.9792663476874,0,0.684126984126984,0.371913580246914,0.801503759398496,0.683881064162754,0.956586826347305,0.0772727272727273,0.983974358974359,1,0.981538461538462,0.286168521462639,0.0834621329211747,0.990811638591118,1,0.00923076923076923,0.786153846153846,0.453292496171516,0.248456790123457,0.764525993883792,1,0.881804043545879,1,0.127853881278539,0,0,0.82753164556962,0.00155763239875389,0,0.266355140186916,0,0.989312977099237,0.920852359208524,0.998463901689708,0.99390243902439,0.0855365474339036,0,0,0,0.165094339622642,0.0804416403785489,0.152542372881356,0,0,1,0.00768049155145929,0.2832,1,0.569444444444444,0.973186119873817,0.656012176560122,0.625766871165644,0,1,0.386837881219904,0.498432601880878,0.931297709923664,0.989312977099237,0.384615384615385,0.0123076923076923,0.956454121306376,0.957317073170732,0,0.96937212863706,0.0124416796267496,0.985849056603774,0.440494590417311,0,0.0108191653786708,0.512987012987013,0.846394984326019,0,0.132283464566929,0.0123839009287926,0.00162866449511401,0.732436472346786,0.0231839258114374,1,0.316770186335404,0.995461422087746,0,0.394453004622496,0.324367088607595,0.869085173501577,0.097444089456869,0.00460829493087558,0.00310077519379845,0.0361635220125786,0,0.993874425727412,0.0384615384615385,0.983383685800604,0.00464396284829721,1,0,0.507621951219512,0.460567823343849,1,0,0.998468606431853,0,0.401273885350318,0.989197530864197,0,0.649230769230769,0.979750778816199,0.752721617418352,0.956181533646322,0.0354391371340524,0,1,0.25,0,0.680555555555556,0,0.0153374233128834,1,1,0.995447647951442,0.97191887675507,0.984447900466563,0,0.978395061728395,0.0244648318042813,0.337386018237082,0.278461538461538,0.992319508448541,0.990639625585023,0.993948562783661,0.993939393939394,0.0547945205479452,0.0155038759689922,0.983922829581994,0.961479198767334,0.730886850152905,0.977064220183486,1,0.973684210526316,0,0,0.98355754857997,0,0.0663650075414781,0,0.954758190327613,0.268680445151033,0.192063492063492,0.111111111111111,0.91679748822606,0,0.100931677018634,1,1,0.629057187017002,0.417664670658683,0.21021021021021,0.183206106870229,0.650316455696203,0,0.11890243902439,0.546707503828484,0.25193199381762,0.714285714285714,0.0109034267912773,0,0,0.313971742543171,1,0.608294930875576,0.216296296296296,0.628659476117103,0.873282442748092,0.98937784522003,0.959871589085072,0.98116169544741,1,1,0.54,0.408385093167702,0.998444790046656,0.00595238095238095,0.0075642965204236,0.874617737003058,0.0122699386503067,1,0.970814132104455,0,0.108626198083067,0,0.951486697965571,0,0.977134146341463,1,0.00763358778625954,0.843410852713178,1,0.648648648648649,0.627480916030534,0.874613003095975,0,0,0.931309904153355,0.943368107302534,0.987692307692308,0,0,0,0.230182926829268,0.505409582689335,0,0.437888198757764,0,0.925396825396825,1,0.149206349206349,0.23950233281493,0,0.343450479233227,0.582945736434109,0.872274143302181,0.96793893129771,0.773291925465838,0,0.988941548183254,0.0138888888888889,1,0,0.983433734939759,0.00771604938271605,1,0.0171875,0.00941915227629513,0,0,0.820710973724884,0.932283464566929,0.943164362519201,0.71969696969697,0.0166414523449319,0.00627943485086342,0.84080370942813,0.832072617246596,0,0.0171073094867807,0.971830985915493,0,0.98740157480315,0.960122699386503,0.0540958268933539,0.0414110429447853,0.0015748031496063,1,0.468998410174881,0.0658307210031348,0.0969793322734499,0.11890243902439,0.703349282296651,0.0949464012251149,1,0,0.762128325508607,0.981538461538462,0.0031496062992126,0,0,0,0,1,0.727126805778491,0,0,0.530063291139241,0.963949843260188,0.435045317220544,0.0502283105022831,0,0.0558213716108453,0.0171875,0,0.0277777777777778,0.00457317073170732,0,0.00916030534351145,0,0.0506329113924051,0.0557275541795666,0.0137825421133231,0.0172684458398744,0.00316957210776545,0.0231481481481481,0.0211480362537764,0.0599078341013825,0.00619195046439629,0.0170542635658915,0,0.00158478605388273,0.0457413249211356,0.00619195046439629,0.0224887556221889,0,0.0322085889570552,0.00148588410104012,0
"419",0.968120805369127,0.968698517298188,0.953301127214171,0.916666666666667,0.958745874587459,0.971476510067114,0.866220735785953,0.945762711864407,0.975767366720517,0,0.974747474747475,0,0.552459016393443,0.974315068493151,0.0602605863192182,0.038961038961039,0,0.0132890365448505,0.96969696969697,0.962233169129721,0.17056856187291,0.064957264957265,1,0,0.932896890343699,0.276666666666667,0.130794701986755,0.963149078726968,0.477124183006536,0.677524429967427,0.0275974025974026,0.679276315789474,0.753355704697987,0.307438016528926,0,0.971476510067114,0.0128617363344051,0.967159277504105,0.273162939297125,0.882926829268293,0.00165562913907285,0.0146818923327896,0.00814332247557003,0.971428571428571,0.784615384615385,0.0508474576271186,0.522689075630252,0.0269814502529511,0.4688,0.154458598726115,0,0.96849087893864,0.277227722772277,0.970099667774086,0.861386138613861,0.195615514333895,0,0.974402730375427,0.935537190082645,0.883415435139573,0.320325203252033,0.44205298013245,0.0347682119205298,0,0.885470085470085,0.802610114192496,0,0.968543046357616,0,0.0282861896838602,0.851791530944625,0.0330578512396694,0.0478547854785479,0.973898858075041,0,0.692182410423453,0.0685154975530179,0.572368421052632,0.871794871794872,0.279437609841828,0,0.695161290322581,0.211974110032362,0.972312703583062,0.125205930807249,0.90311986863711,0.968595041322314,0.936482084690554,0.946341463414634,0.0144230769230769,0.959731543624161,0.971807628524046,0,0,0.946488294314381,0,0.295161290322581,0.95364238410596,0.00978792822185971,0.0114942528735632,0.605960264900662,0,0.3,0.966555183946488,0.130781499202552,0.97,0.0135823429541596,0.95253682487725,0.0253378378378378,0.0400667779632721,0.0315091210613599,0.888333333333333,0.33167495854063,0.96523178807947,0,0.964686998394864,0.695581014729951,0,0.0281923714759536,0.243781094527363,0,0.749590834697218,0.259075907590759,0.0938023450586265,0.950819672131147,0.17258064516129,0.967266775777414,0.963576158940397,0,0.546511627906977,0.908333333333333,0.499153976311337,0.971137521222411,0,0.964467005076142,0.0499194847020934,0,0.226351351351351,0.64321608040201,0.5,0,0,0.950083194675541,0.761666666666667,0.18561872909699,0.973377703826955,0.0327022375215146,0.905785123966942,0.415959252971138,0.966346153846154,0.157284768211921,0.95514950166113,0.969594594594595,0.803953871499176,0.965742251223491,0.023489932885906,0.971854304635762,0.0267111853088481,0,0.731543624161074,0.853462157809984,0.958540630182421,0.0407166123778502,0,0.970826580226904,0.456706281833616,0.974182444061962,0.974151857835218,0.97092084006462,0.3184,0.957446808510638,0.0281456953642384,0.924193548387097,0.026984126984127,0.875207986688852,0.394039735099338,0,0.958333333333333,0,0.848184818481848,0.970491803278689,0.151162790697674,0.965853658536585,0.92358803986711,0.964686998394864,0.949511400651466,0.126666666666667,0.379934210526316,0.907849829351536,0.91156462585034,0.0841584158415842,0.0336538461538462,0.956155143338954,0.839403973509934,0,0,0.30820770519263,0.00163398692810458,0.965798045602606,0.252836304700162,0.861774744027304,0.759868421052632,0.965964343598055,0.444628099173554,0.431818181818182,0.296979865771812,0.900497512437811,0.944816053511706,0.851791530944625,0,0.852090032154341,0.204047217537943,0.920398009950249,0.0267111853088481,0.0887096774193548,0.521523178807947,0.960526315789474,0.958949096880131,0.802980132450331,0.973288814691152,0.884615384615385,0,0.0889261744966443,0.65415986949429,0.964646464646465,0,0.982055464926591,0.9536,0.540362438220758,0.546052631578947,0.962046204620462,0.976271186440678,0.356792144026187,0,0.86871961102107,0.514950166112957,0.952461799660441,0.0326797385620915,0.943729903536977,0.96252129471891,0.971014492753623,0.939086294416244,0.523809523809524,0.0285234899328859,0.95819397993311,0.562197092084006,0.0353130016051364,0.0340356564019449,0.217755443886097,0.0283806343906511,0.176961602671119,0.65905383360522,0.0263157894736842,0.0344827586206897,0.035,0.57258064516129,0.0612244897959184,0.956155143338954,0.0151515151515152,0.0276872964169381,0,0.25,0.972649572649573,0.951827242524917,0.896147403685092,0,0.848275862068966,0.836065573770492,0.678807947019868,0.592409240924092,0.449752883031302,0.465546218487395,0.0148026315789474,0.973421926910299,0.117263843648208,0.692832764505119,0.943986820428336,0.0459016393442623,0.72636815920398,0.028099173553719,0.145454545454545,0.974193548387097,0.974619289340102,0.872053872053872,0,0.626427406199021,0.870703764320786,0,0.0265339966832504,0.871961102106969,0.95049504950495,0,0.0275974025974026,0.0295081967213115,0.958053691275168,0.869269949066214,0.0255102040816327,0,0.370617696160267,0.968333333333333,0.771615008156607,0.398026315789474,0.647350993377483,0.929042904290429,0.0398671096345515,0.975206611570248,0.972267536704731,0.0349417637271215,0.946932006633499,0.975083056478405,0.951178451178451,0.965346534653465,0.209917355371901,0.324675324675325,0.289735099337748,0.952782462057336,0.913265306122449,0.0459016393442623,0.27318718381113,0.951585976627713,0.172240802675585,0.301109350237718,0.963696369636964,0.970198675496689,0.946577629382304,0.688888888888889,0.965460526315789,0.259259259259259,0.942528735632184,0.96849087893864,0,0.334426229508197,0.531302876480541,0.0447761194029851,0.0555555555555556,0.037037037037037,0.893790849673203,0.0577557755775578,0.027823240589198,0,0.249180327868852,0.959252971137521,0.0932896890343699,0.957118353344768,0.948929159802306,0.961730449251248,0.294612794612795,0.305,0.674457429048414,0.456706281833616,0,0.809917355371901,0.0372771474878444,0.0648298217179903,0.215460526315789,0.975165562913907,0.0343137254901961,0,0.351791530944625,0.0327332242225859,0.0521008403361345,0.474123539232053,0.970345963756178,0.285470085470085,0.974358974358974,0.95,0,0.965023847376789,0.0273311897106109,0.975806451612903,0.825944170771757,0.969491525423729,0.0383973288814691,0.959349593495935,0.0248756218905473,0.853577371048253,0.705192629815745,0.920325203252032,0.954397394136808,0.966887417218543,0.292436974789916,0.948160535117057,0.9696,0.0305466237942122,0.054726368159204,0.969491525423729,0.968852459016393,0.345901639344262,0.870431893687708,0.936096718480138,0.939443535188216,0.97444089456869,0,0.136894824707846,0.975083056478405,0.0252525252525253,0,0.950166112956811,0.0135363790186125,0.0682196339434276,0.977011494252874,0.94991652754591,0.00499168053244592,0.615640599001664,0.441471571906354,0.959114139693356,0.0301003344481605,0.847198641765705,0.971137521222411,0.378912685337727,0.594059405940594,0.768333333333333,0,0.18,0.949238578680203,0.966777408637874,0.472636815920398,0.975124378109453,1,0.0452261306532663,0.00164203612479475,0.965,0.976510067114094,0.924749163879599,0.691419141914191,0.03035413153457,0.844112769485904,0.266666666666667,0.181338028169014,0.00815660685154975,0.609715242881072,0.586378737541528,0.623567921440262,0,0.290268456375839,0.882255389718076,0.639934533551555,0.519417475728155,0.104761904761905,0,0,0.975193798449612,0.950793650793651,0,0.903436988543372,0.0135135135135135,0,0,0.969543147208122,0,0.977966101694915,0.759075907590759,0.518760195758564,0.971061093247588,0,0,0.965573770491803,0.935379644588045,0.707993474714519,0.0273752012882448,0.00335570469798658,0.852750809061489,0.598023064250412,0.970345963756178,0.548123980424144,0.351666666666667,0,0.951907131011609,0.0316139767054908,0.930976430976431,0.1082910321489,0,0.0336538461538462,0.126689189189189,0.490333919156415,0.960461285008237,0,0.931707317073171,0.953565505804312,0.973421926910299,0,0.107563025210084,0.917808219178082,0.0322033898305085,0.971061093247588,0.97708674304419,0.0345963756177924,0.968852459016393,0.30514096185738,0.789819376026273,0.0347107438016529,0.198653198653199,0.945364238410596,0.0136752136752137,0.0281456953642384,0.95253682487725,0.0342465753424658,0.631756756756757,0.391735537190083,0,0.13477537437604,0.72712146422629,0.26865671641791,0.953871499176277,0.0294599018003273,0.175206611570248,0.452961672473868,0.924071082390953,0.86547811993517,0.943238731218698,0.746666666666667,0,0.972267536704731,0.0294117647058824,0.951827242524917,0.383701188455009,0.0273311897106109,0.973941368078176,0.973288814691152,0.974916387959866,0.65625,0.962662337662338,0.158163265306122,0.204283360790774,0.923577235772358,0.862126245847176,0,0,0.971947194719472,0.92964824120603,0.0402684563758389,0.967959527824621,0.975767366720517,0.368948247078464,0.914858096828047,0.717138103161398,0.868253968253968,0,0.948247078464107,0.324503311258278,0.970394736842105,0.970099667774086,0,0.642156862745098,0.951666666666667,0.0236886632825719,0.66334991708126,0.376026272577997,0.786163522012579,0.688552188552189,0.955414012738854,0.101426307448494,0.961148648648649,0.968595041322314,0.952066115702479,0.285223367697594,0.112956810631229,0.958881578947368,0.975728155339806,0.00972447325769854,0.776859504132231,0.461538461538462,0.265905383360522,0.745874587458746,0.975490196078431,0.857142857142857,0.971061093247588,0.108943089430894,0.0238907849829352,0,0.79734219269103,0.0317725752508361,0.0314569536423841,0.294892915980231,0,0.963394342762063,0.88961038961039,0.975328947368421,0.960461285008237,0.110183639398998,0.0284280936454849,0,0,0.192567567567568,0.100494233937397,0.186468646864686,0,0.0317725752508361,0.973813420621931,0.0196399345335516,0.297658862876254,0.96849087893864,0.572847682119205,0.945364238410596,0.65742251223491,0.638977635782748,0,0.976076555023923,0.403716216216216,0.51414309484193,0.899521531100478,0.962356792144026,0.401652892561983,0.011686143572621,0.920195439739414,0.92891760904685,0,0.948470209339775,0.0425531914893617,0.956672443674177,0.435643564356436,0,0.0115511551155116,0.518072289156627,0.813758389261745,0.0245901639344262,0.153456998313659,0.0148514851485149,0.00170940170940171,0.731319554848967,0.0511551155115512,0.968365553602812,0.322006472491909,0.970779220779221,0.0295081967213115,0.381493506493506,0.342148760330579,0.856661045531197,0.117647058823529,0.0307443365695793,0.00324149108589951,0.0559210526315789,0,0.970779220779221,0.0542372881355932,0.951456310679612,0.0317725752508361,0.974789915966387,0,0.506451612903226,0.469798657718121,0.97171381031614,0,0.973856209150327,0,0.389455782312925,0.957236842105263,0,0.633057851239669,0.957482993197279,0.767946577629382,0.930508474576271,0.0629032258064516,0,0.974481658692185,0.267886855241265,0,0.673333333333333,0.0273311897106109,0.0394088669950739,0.974874371859296,0.97171381031614,0.970826580226904,0.948160535117057,0.970049916805324,0,0.953098827470687,0.0294599018003273,0.338788870703764,0.295379537953795,0.962418300653595,0.962418300653595,0.972357723577236,0.966074313408724,0.0412541254125413,0.0385259631490787,0.963604852686308,0.928571428571429,0.705882352941177,0.952380952380952,0.973856209150327,0.956310679611651,0,0,0.962903225806452,0,0.0885668276972625,0,0.927868852459016,0.287904599659284,0.226027397260274,0.145901639344262,0.890572390572391,0,0.127062706270627,0.975490196078431,0.970540098199673,0.635294117647059,0.431061806656101,0.218897637795276,0.203252032520325,0.66,0.0276422764227642,0.130578512396694,0.54,0.26865671641791,0.705787781350482,0.0376432078559738,0,0.026578073089701,0.310051107325383,0.972649572649573,0.601957585644372,0.250793650793651,0.613486842105263,0.855973813420622,0.959349593495935,0.93526405451448,0.955074875207987,0.974226804123711,0.971283783783784,0.536704730831974,0.427631578947368,0.971524288107203,0.0285261489698891,0.0307443365695793,0.850921273031826,0.0147058823529412,0.969055374592834,0.952691680261011,0,0.119791666666667,0,0.928571428571429,0,0.952380952380952,0.97029702970297,0.0354838709677419,0.809045226130653,0.975728155339806,0.626057529610829,0.602627257799672,0.858085808580858,0,0,0.902730375426621,0.920382165605096,0.967213114754098,0,0,0.0293103448275862,0.251623376623377,0.509933774834437,0,0.463414634146341,0,0.912457912457912,0.972972972972973,0.164451827242525,0.23538961038961,0,0.364705882352941,0.606611570247934,0.844517184942717,0.949096880131363,0.742148760330579,0.0297520661157025,0.965753424657534,0.0165289256198347,0.974662162162162,0,0.961038961038961,0.00977198697068404,0.97171381031614,0.0481727574750831,0.0268006700167504,0,0,0.805647840531561,0.923076923076923,0.921052631578947,0.699507389162562,0.0556438791732909,0.0347107438016529,0.818923327895595,0.830670926517572,0,0.0382059800664452,0.949346405228758,0,0.971380471380471,0.940789473684211,0.0960264900662252,0.0442622950819672,0.0323101777059774,0.972131147540984,0.455611390284757,0.0960264900662252,0.112956810631229,0.140065146579805,0.669505962521295,0.115755627009646,0.981727574750831,0,0.753311258278146,0.973898858075041,0.00496688741721854,0,0.0212071778140294,0,0.0326797385620915,0.975206611570248,0.699324324324324,0.0253807106598985,0.0305084745762712,0.533783783783784,0.933333333333333,0.444444444444444,0.046474358974359,0.0290598290598291,0.0489864864864865,0.0180032733224223,0,0.0436241610738255,0.0323101777059774,0.0302521008403361,0.0407830342577488,0.0226537216828479,0.0439189189189189,0.0553745928338762,0.0363636363636364,0.0184873949579832,0.00677966101694915,0.0249584026622296,0.0198019801980198,0.0549273021001615,0.0328947368421053,0.0165016501650165,0.03035413153457,0.0283806343906511,0.0442176870748299,0.0333889816360601,0.0209677419354839,0.0284280936454849,0.0613598673300166,0.0273311897106109,0.0315091210613599
"420",0.0333333333333333,0.0267295597484277,0.0617283950617284,0.0922098569157393,0.0411392405063291,0.0243111831442464,0.120063191153239,0.0556438791732909,0.0310077519379845,0,0.0299684542586751,0,0.453689167974882,0.024,0.942457231726283,0.965408805031447,0,0.00158227848101266,0.0270700636942675,0.0404354587869362,0.842923794712286,0.95114006514658,0.0344287949921753,0,0.0744186046511628,0.736507936507937,0.870514820592824,0.0337078651685393,0.550151975683891,0.343653250773994,0.978395061728395,0.345368916797488,0.257551669316375,0.707086614173228,0,0.0286624203821656,0.0015552099533437,0.0373250388802488,0.738345864661654,0.126934984520124,0,0,0,0.0270700636942675,0.2491961414791,0.95859872611465,0.514240506329114,0.968602825745683,0.521148036253776,0.86280487804878,0,0.0438184663536776,0.739336492890995,0.0288,0.128367670364501,0.841680129240711,0,0.0543130990415335,0.0690184049079755,0.116640746500778,0.708268330733229,0.591962905718702,0.963492063492064,0,0.13237639553429,0.197819314641745,0,0.0333863275039746,0,0.972929936305732,0.167950693374422,0.965625,0.958466453674121,0.0259938837920489,0,0.326594090202177,0.932515337423313,0.475155279503106,0.136942675159236,0.749185667752443,0,0.323529411764706,0.804915514592934,0.0295031055900621,0.879310344827586,0.120556414219474,0.0327613104524181,0.0617283950617284,0.0514820592823713,0,0.0381558028616852,0.0302547770700637,0,0,0.0548387096774194,0,0.700310559006211,0.0486656200941915,0,0,0.401574803149606,0,0.709935897435897,0.028892455858748,0.888036809815951,0.032520325203252,0,0.0535433070866142,0.968354430379747,0.967289719626168,0.964230171073095,0.108661417322835,0.675465838509317,0.0392464678178964,0,0.0403726708074534,0.316770186335404,0,0.972136222910217,0.779874213836478,0,0.262578616352201,0.756671899529042,0.906752411575563,0.0525502318392581,0.84375,0.0323574730354391,0.0357698289269051,0,0.472222222222222,0.0888888888888889,0.528571428571429,0.0417335473515249,0,0.0272873194221509,0.955315870570108,0,0.789223454833597,0.4,0.495161290322581,0,0,0.0560747663551402,0.260252365930599,0.849117174959872,0.0267716535433071,0.968553459119497,0.0933125972006221,0.605177993527508,0.0460829493087558,0.857142857142857,0.0453834115805947,0.0300632911392405,0.192901234567901,0.0360501567398119,0.966346153846154,0.0329153605015674,0.966613672496025,0,0.283227848101266,0.150227617602428,0.0508474576271186,0.956656346749226,0,0.0277777777777778,0.568218298555377,0.0288461538461538,0.0297805642633229,0.0265210608424337,0.7140625,0.0423861852433281,0.96551724137931,0.0738461538461539,0.971036585365854,0.125198098256735,0.645161290322581,0,0.0454545454545455,0,0.177115987460815,0.0314465408805031,0.883870967741936,0.0498442367601246,0.0790697674418605,0.0349544072948328,0.0541795665634675,0.897196261682243,0.638591117917305,0.0963081861958267,0.088,0.930599369085173,0.974723538704581,0.0395569620253165,0.147104851330203,0,0,0.713831478537361,0,0.0350076103500761,0.735294117647059,0.141965678627145,0.269349845201238,0.0336906584992343,0.576619273301738,0.575153374233129,0.717219589257504,0.117924528301887,0.0737833594976452,0.143076923076923,0,0.133540372670807,0.820224719101124,0.0912,0.972843450479233,0.926040061633282,0.49768875192604,0.0424528301886792,0.049306625577812,0.204113924050633,0.0292307692307692,0.139717425431711,0,0.924148606811146,0.365325077399381,0.0351437699680511,0,0.0326594090202177,0.0459418070444104,0.47581903276131,0.465625,0.0410094637223975,0.0336538461538462,0.638535031847134,0,0.122699386503067,0.50788643533123,0.0479233226837061,0.966929133858268,0.0697674418604651,0.0314465408805031,0.0263565891472868,0.0788643533123028,0.479938271604938,0.971563981042654,0.0575079872204473,0.484423676012461,0.967791411042945,0.966257668711656,0.786833855799373,0.974683544303797,0.841091492776886,0.342465753424658,0.970031545741325,0.965571205007825,0.960567823343849,0.42967542503864,0.937096774193548,0.0444444444444444,0,0.973478939157566,0,0.771929824561403,0.0286168521462639,0.0517241379310345,0.117924528301887,0,0.143548387096774,0.171826625386997,0.33125,0.427444794952681,0.565286624203822,0.561708860759494,0,0.0269413629160063,0.89060092449923,0.320512820512821,0.0645669291338583,0.954898911353033,0.279874213836478,0.9765625,0.861280487804878,0.0263157894736842,0.0261437908496732,0.125198098256735,0,0.38366718027735,0.125786163522013,0,0.970633693972179,0.115919629057187,0.0504731861198738,0,0.9671875,0.973724884080371,0.0382165605095541,0.145135566188198,0.968,0,0.623233908948195,0.0397456279809221,0.237003058103976,0.622257053291536,0.364928909952607,0.0751173708920188,0.9640625,0.030441400304414,0.0235849056603774,0.97456279809221,0.0679012345679012,0.0283018867924528,0.059967585089141,0.0265625,0.820433436532508,0.700310559006211,0.724569640062598,0.05,0.0864600326264274,0.00155038759689922,0.754414125200642,0.0518867924528302,0.829457364341085,0.697151424287856,0.0331230283911672,0.0356589147286822,0.0573643410852713,0.335483870967742,0.0323076923076923,0.762360446570973,0.0638629283489097,0.0334394904458599,0,0.678571428571429,0.458804523424879,0.955453149001536,0.00155038759689922,0.967592592592593,0.133540372670807,0.945141065830721,0.971653543307087,0,0.778816199376947,0.0393700787401575,0.911353032659409,0.0422764227642276,0.054140127388535,0.034375,0.712460063897764,0.718849840255591,0.370892018779343,0.549755301794454,0,0.209375,0.9629057187017,0.953488372093023,0.810264385692068,0.0255591054313099,0.965625,0,0.681318681318681,0.965244865718799,0.952305246422893,0.5504,0.0221169036334913,0.738709677419355,0.0306451612903226,0.0653907496012759,0,0.0375375375375375,0.973684210526316,0.0320610687022901,0.212403100775194,0.0319488817891374,0.965678627145086,0.0557275541795666,0.971786833855799,0.153013910355487,0.307073954983923,0.0835913312693498,0.0484375,0.0263157894736842,0.714508580343214,0.0628930817610063,0.0294117647058824,0.968229954614221,0.953488372093023,0.0290322580645161,0.0282131661442006,0.695652173913043,0.1546875,0.0602605863192182,0.0817901234567901,0.0232919254658385,0,0.887459807073955,0.0312989045383412,0.966824644549763,0,0.0584518167456556,0,0.937799043062201,0.0308166409861325,0.0619047619047619,0,0.381102362204724,0.587677725118483,0.0400641025641026,0.966346153846154,0.17007874015748,0.0319488817891374,0.65008025682183,0.425925925925926,0.246031746031746,0,0.828926905132193,0.0482315112540193,0.0349206349206349,0.573228346456693,0.0329153605015674,0.0452261306532663,1,0,0.0359375,0.0345368916797488,0.0772870662460568,0.353125,0.961965134706815,0.148089171974522,0.762578616352201,0.815485996705107,0,0.412225705329154,0.396850393700787,0.406441717791411,0,0.716129032258065,0.119685039370079,0.408736349453978,0.506230529595016,0.919939577039275,0,0,0.0312035661218425,0.0492307692307692,0,0.105345911949686,0,0,0,0.0286624203821656,0,0.0287539936102236,0.259842519685039,0.491551459293395,0.0277349768875193,0,0,0.0329153605015674,0.0707831325301205,0.313755795981453,0.973684210526316,0,0.138888888888889,0.426356589147287,0.0300157977883096,0.485179407176287,0.678740157480315,0,0.0438184663536776,0.97092084006462,0.0706260032102729,0.896062992125984,0,0.969465648854962,0.882352941176471,0.528363047001621,0.0538461538461538,0,0.0781010719754977,0.0507936507936508,0.0309597523219814,0,0.91653290529695,0.0939044481054366,0.969004893964111,0.0291411042944785,0.0320121951219512,0.976599063962558,0.0298273155416013,0.706436420722135,0.215962441314554,0.965299684542587,0.822006472491909,0.0724409448818898,0,0.966876971608833,0.0533751962323391,0.965244865718799,0.379807692307692,0.584251968503937,0,0.874608150470219,0.274478330658106,0.742902208201893,0.0470219435736677,0.974803149606299,0.846986089644513,0.553745928338762,0.0828220858895705,0.134375,0.0618066561014263,0.289808917197452,0,0.047112462006079,0.970404984423676,0.0676923076923077,0.626391096979332,0.970858895705521,0.0327102803738318,0.0283018867924528,0.0298273155416013,0.389589905362776,0.0376175548589342,0.85243328100471,0.817014446227929,0.0764430577223089,0.138845553822153,0,0,0.0364500792393027,0.095389507154213,0.963317384370016,0.0447284345047923,0.0263975155279503,0.649452269170579,0.0882825040128411,0.295133437990581,0.124233128834356,0,0.0605095541401274,0.662460567823344,0.0295489891135303,0.0330188679245283,0,0.392063492063492,0.0542264752791069,0.970125786163522,0.337060702875399,0.634069400630915,0.228310502283105,0.323899371069182,0.0706766917293233,0.908536585365854,0.0402576489533011,0.0266457680250784,0.0481366459627329,0.702265372168285,0.859154929577465,0.040625,0.0308641975308642,0,0.246875,0.553125,0.7515625,0.265822784810127,0.0239234449760766,0.164296998420221,0.0297805642633229,0.113354037267081,0.977309562398703,0,0.199059561128527,0.971563981042654,0.970266040688576,0.7375,0,0.0398089171974522,0.115207373271889,0.0301109350237718,0.0324574961360124,0.904,0.971786833855799,0,0,0.814516129032258,0.903633491311216,0.830963665086888,0,0.973270440251572,0.0279503105590062,0.405529953917051,0.705696202531646,0.026984126984127,0.435736677115987,0.0571428571428571,0.352307692307692,0.3843797856049,0,0.0328849028400598,0.6096,0.529411764705882,0.0955993930197269,0.0382848392036753,0.625391849529781,0,0.075,0.0626911314984709,0,0.0578386605783866,0.956521739130435,0.0455284552845528,0.580893682588598,0,0,0.497520661157025,0.191082802547771,0.969088098918083,0.857827476038339,0,0,0.282012195121951,0.94912559618442,0.0212418300653595,0.684210526315789,0.0323574730354391,0.970858895705521,0.614791987673344,0.682888540031397,0.149837133550489,0.891410048622366,0.964885496183206,0,0.940345368916798,0,0.0303030303030303,0.782324058919804,0.047112462006079,0.967948717948718,0.0304,0,0.50076103500761,0.551505546751189,0.0252764612954186,0,0.027906976744186,0,0.609872611464968,0.0395738203957382,0,0.362095531587057,0.0476190476190476,0.288611544461778,0.0727848101265823,0.939721792890263,0,0.0315457413249211,0.74203821656051,0,0.333333333333333,1,0.95565749235474,0.0270700636942675,0.028391167192429,0.0368663594470046,0.0540540540540541,0.0458860759493671,0,0.0518867924528302,0,0.646417445482866,0.732594936708861,0.0372670807453416,0.0398724082934609,0.0336391437308868,0.0398773006134969,0.0309119010819165,0.962674961119751,0.0476973684210526,0.0703125,0.317829457364341,0.0508474576271186,0.0305343511450382,0.0590979782270607,0,0,0.0462686567164179,0,0.926216640502355,0,0.0729001584786054,0.735909822866345,0.795121951219512,0.865533230293663,0.105180533751962,0.00155763239875389,0.8828125,0.0284810126582278,0.0308166409861325,0.377742946708464,0.589665653495441,0.820627802690583,0.831546707503829,0.380348652931854,0.970588235294118,0.885220125786163,0.476489028213166,0.756671899529042,0.339622641509434,0.965463108320251,0,0.966719492868463,0.680851063829787,0.0323624595469256,0.355694227769111,0.765696784073507,0.420890937019969,0.147058823529412,0.0428790199081164,0.0591133004926108,0.0533117932148627,0.0308943089430894,0.0283464566929134,0.472527472527473,0.604395604395604,0.0313971742543171,0.972850678733032,0.959459459459459,0.153238546603476,0,0.0293663060278207,0.058641975308642,0,0.881219903691814,0,0.0822981366459627,0,0.0546875,0.0326086956521739,0.969135802469136,0.183254344391785,0.0232919254658385,0.359300476947536,0.3890625,0.134493670886076,0,0,0.0894039735099338,0.0892586989409985,0.0386398763523957,0,0,0.969551282051282,0.775229357798165,0.511811023622047,0,0.571870170015456,0,0.0942492012779553,0.0270700636942675,0.792937399678973,0.786259541984733,0,0.667205169628433,0.425396825396825,0.172684458398744,0.0627871362940276,0.244992295839753,0.965891472868217,0.0388349514563107,0.0894819466248038,0.0276422764227642,0,0.0443425076452599,0,0.0303514376996805,0.950715421303657,0.594594594594595,0,0,0.196261682242991,0.100638977635783,0.0801232665639445,0.296754250386399,0.95,0.968152866242038,0.2,0.185975609756098,0,0.962145110410095,0.0615141955835962,0,0.0368589743589744,0.0703363914373089,0.91640866873065,0,0.968354430379747,0.0265210608424337,0.558730158730159,0.911392405063291,0.901453957996769,0.88006230529595,0.337539432176656,0.892966360856269,0.0280373831775701,0,0.267515923566879,0.043343653250774,0,0,0.973094170403587,0,0.965785381026439,0.027906976744186,0.292604501607717,0.972447325769854,0.964573268921095,0.490445859872611,0.071656050955414,0.575899843505477,0,0.971153846153846,0.0483870967741935,0.00766871165644172,0,0.778662420382166,0.968325791855204,0.972972972972973,0.955315870570108,0.968992248062015,0,0,0.956043956043956,0.0061633281972265,0.00315955766192733,0.0248062015503876,0.0031055900621118,0,0.966929133858268,0.00940438871473354,0.971061093247588,0.968503937007874,0,0.968652037617555,0.047040971168437,0.968602825745683,0.889235569422777,0.966257668711656,0.967136150234742
"421",0,0,0.00154798761609907,0.00157232704402516,0.0015748031496063,0.00161030595813205,0.0110062893081761,0.003125,0.00151975683890578,0.998442367601246,0,0.998397435897436,0.00153374233128834,0.00159744408945687,0,0,1,0.989079563182527,0.00160513643659711,0,0,0,0.0015552099533437,0.998439937597504,0.0015527950310559,0,0,0.00158227848101266,0,0.00154798761609907,0,0,0.00157977883096367,0,1,0,0.975155279503106,0.00153139356814701,0,0.0015552099533437,0.998397435897436,0.985981308411215,0.995412844036697,0.00158227848101266,0,0,0.00156985871271586,0,0,0,1,0.0015625,0,0.00157728706624606,0.0126984126984127,0,1,0,0.00306278713629403,0.0015527950310559,0.0015527950310559,0,0,0.998412698412698,0,0,0.998427672955975,0,0.998456790123457,0,0.00154320987654321,0,0,0.00153609831029186,0.998477929984779,0.00154559505409583,0,0.00155038759689922,0.00158730158730159,0.00165289256198347,0.998425196850394,0,0,0.00152671755725191,0,0,0.0015552099533437,0,0.00460829493087558,0.989247311827957,0.00157977883096367,0.00156739811912226,0.998442367601246,0.998427672955975,0,1,0.0125391849529781,0.0015600624024961,0.992389649923896,0.993779160186625,0.0109546165884194,0.998432601880878,0,0.0015600624024961,0,0.00161030595813205,0.992163009404389,0.004739336492891,0,0,0,0.0141509433962264,0,0,1,0.00156494522691706,0,0.998468606431853,0,0,0.998466257668712,0,0,0,0,0,0.00153139356814701,0.0015552099533437,0.998444790046656,0.00465116279069767,0.0015600624024961,0,0.00158982511923688,0.998435054773083,0.00159489633173844,0,0.998430141287284,0,0.00156739811912226,0.00488599348534202,0.998415213946117,0.998412698412698,0.0015552099533437,0,0,0,0,0,0.00156494522691706,0,0,0.00157232704402516,0.0016,0,0.00154798761609907,0,0.00154320987654321,0,1,0,0.00462962962962963,0,0,0.998456790123457,0.00153374233128834,0.0015748031496063,0,0.00154798761609907,0.0015625,0.0015220700152207,0.00154559505409583,0,0,0,0.004739336492891,0,0.998427672955975,0.00156985871271586,0.998461538461539,0.00156985871271586,0.0015527950310559,0,0.0015552099533437,0,0.0015220700152207,0,0,0.00152905198776758,0,0.0015600624024961,0,0,0.0016,0.0186625194401244,1,0.9984375,0,0.998454404945904,0.00153139356814701,0.00152671755725191,0.0111287758346582,0,0.00151745068285281,0,0,0,0.00157728706624606,0.00156985871271586,0.00154559505409583,0.998435054773083,0.00153846153846154,0,0.00158478605388273,0,0,0.0031496062992126,0.0015748031496063,0.00152905198776758,0.0015600624024961,0.0015552099533437,0.00159235668789809,1,0,0,0.00159489633173844,0.998452012383901,0.00155038759689922,0,0.00313479623824451,0.00155763239875389,0.00157977883096367,0.00161290322580645,0.014308426073132,0.99837925445705,0.0138248847926267,0,0.00159235668789809,0,0,0,0.0015527950310559,0,0.00154559505409583,0,0.0015552099533437,0.00153846153846154,0,0,0,0,0,0,0,0,0,0,0,0.00157232704402516,0.990536277602524,0,0.998447204968944,0,0.0016025641025641,0,0.00155038759689922,0.998449612403101,0.0032520325203252,0,0.00156494522691706,0.0015527950310559,0.00155763239875389,0,0.993808049535604,0.00158982511923688,0,0.00158730158730159,0.00157728706624606,0,0.00158478605388273,0,0,0,0,0.0143540669856459,1,0,0.0143540669856459,0.998427672955975,0,0.0135746606334842,0.0031201248049922,0.998439937597504,0,0,0.00156494522691706,0.00158982511923688,0,0.998430141287284,0.0124031007751938,0.00158730158730159,0,0.00154798761609907,0.00160771704180064,0.00154083204930663,0,0.0015527950310559,0.0015600624024961,0,0.0015625,0.00156985871271586,0,0.00157728706624606,0.0015600624024961,0,0,0.00476947535771065,0,0.953271028037383,0,0.00156739811912226,0,0,0.0015748031496063,0.0015600624024961,0.00158478605388273,0,0,0,0,0.00157232704402516,0.998412698412698,0,0.00641025641025641,0,0.953775038520801,0,0.00156985871271586,0.00156739811912226,0,0.998480243161094,0,0.0016,0,0.00163398692810458,0.00156985871271586,0.00156985871271586,0,0,0.00157232704402516,0.00163934426229508,0.998482549317147,0.00159235668789809,0,0,0,0.00156739811912226,0,0.998459167950693,0,0,0,0.00158982511923688,0,0.00160513643659711,0.0016260162601626,0,0.998466257668712,0.00150829562594268,0,0,0.00154320987654321,0,0,0,0,0,0.00161812297734628,0.00154559505409583,0.00154798761609907,0.00464396284829721,0,0.00158478605388273,0.00155038759689922,0,0,0.0016,0.0015552099533437,0.00153609831029186,0.00156739811912226,0.00163934426229508,0.00154083204930663,0.00155038759689922,0.998417721518987,0,0,0,1,0.0015625,0.993620414673046,0,0.00153139356814701,0,0.996884735202492,0.00950871632329636,0,0.00158730158730159,0,0.00158982511923688,0.00159489633173844,0,0,0.00156494522691706,0.998422712933754,0,0.00316455696202532,0.00158730158730159,0,0.00153609831029186,0.00164203612479475,0,1,0.00154083204930663,0.00158982511923688,0.00158730158730159,0.00155763239875389,0,0.00628930817610063,0,0.0114566284779051,0.993788819875776,0,0.0015527950310559,0.00154559505409583,0.998456790123457,0.00161812297734628,0.00155038759689922,0.00152671755725191,0.00152905198776758,0,0.998432601880878,0.998480243161094,0,0,0.998444790046656,0.0015625,0.990580847723705,0.998473282442748,0.998415213946117,0.00155038759689922,0.998456790123457,0,0.00311526479750779,0.00455927051671732,0.00154320987654321,0.998415213946117,0.998412698412698,0.00154798761609907,0.00150602409638554,0,0,0.995215311004785,0.0184615384615385,0,0.0015527950310559,0,0.00158227848101266,0.998432601880878,0.00154559505409583,0,0.00157728706624606,0,0.998468606431853,0,0,0.00161030595813205,0.00308166409861325,0.998442367601246,0.0015220700152207,0.00154798761609907,0.00156739811912226,0.998442367601246,0,0.00163132137030995,0,0.00153846153846154,0.00154798761609907,0,0.0015552099533437,0,0.00153846153846154,0,0,0.0015625,0.992163009404389,0,0.00153374233128834,0,0,0.0124610591900312,0.998463901689708,0,0.0016025641025641,0,0,0,0,0,0.00151745068285281,0.00151745068285281,0.00157728706624606,0.00160513643659711,0.998427672955975,0.00153846153846154,0,0.0015600624024961,0.0032,0,0,0,0.00156985871271586,0.0015748031496063,0.0015600624024961,0,0,0.00154320987654321,0.0110062893081761,0.998468606431853,0.998420221169036,0.00158478605388273,0,0,0.00158478605388273,0.0015625,0,0.00158982511923688,0.00158730158730159,0.0154559505409583,0.998482549317147,0.0015625,0.0126582278481013,0.0015625,0.00156494522691706,1,0,0,0,0,0,0,0.00160771704180064,0.00151515151515152,0,0.0032,0,0.0015600624024961,0.00955414012738853,0.0203125,0.00154798761609907,0.00151975683890578,0.995398773006135,0,0.00154083204930663,0,0,0.0015552099533437,0.00157728706624606,0.00155763239875389,0.769465648854962,0,0.998466257668712,0.0015527950310559,0,0,0.00156494522691706,0.998435054773083,0,0.0015527950310559,0,0.00153846153846154,0,0,0.998473282442748,1,0,0,0,0.9984375,0,0,0.572741194486983,0,0.00158730158730159,0.0093167701863354,0.00156985871271586,0.00153374233128834,0,0.998444790046656,0.00150829562594268,0,0,0.00601503759398496,0.00152439024390244,0,0.995356037151703,0.00155038759689922,0.00153139356814701,0.998452012383901,0.00304878048780488,0,0,0,0.998454404945904,0.993808049535604,0,0,0,0,0.993808049535604,0.99837925445705,0.00152671755725191,0,0,0.00152671755725191,0.00154798761609907,0,0.00154320987654321,0,0.00478468899521531,0,0,0.996894409937888,0,1,0,0.159869494290375,0.00302114803625378,0,0.0016025641025641,0.998442367601246,0.00152905198776758,0,0.00154798761609907,0.998412698412698,0,0.998397435897436,0.00158478605388273,0,0.998470948012232,0.0185471406491499,0,0,0.00158227848101266,0,1,0.00152905198776758,0,0.998480243161094,0.00155038759689922,0,0,0.00157232704402516,0.00158730158730159,0.00154559505409583,0.00460829493087558,0.00158730158730159,0.9984375,0.0015600624024961,0.978021978021978,0.0138036809815951,0.0015600624024961,0.00152905198776758,0,0.00153139356814701,0.00155763239875389,0.91499227202473,0,0.00162866449511401,0.00154320987654321,0.00153139356814701,0.00154083204930663,0.0015527950310559,0.00157232704402516,0.998498498498498,0.998459167950693,0.00151745068285281,0.998454404945904,0,0.996820349761526,0.00156985871271586,0,0,0,0.00157232704402516,0.998425196850394,0,0.00156494522691706,0.00153374233128834,0.00153374233128834,0,0,0,0.0015625,0,0,0,0,0.00153846153846154,0,0.998420221169036,0,0.0159489633173844,0.00161550888529887,0.027906976744186,0,0,0.00611620795107034,0,0.00321027287319422,0.00156985871271586,0.00161290322580645,0,0.00154320987654321,0.0015527950310559,0.0015748031496063,0,0,0.00313479623824451,0.992331288343558,0.00154083204930663,0.00155763239875389,0.998415213946117,0,1,0,1,0,0.0015527950310559,0,0.00156739811912226,0.00151975683890578,0.00158982511923688,0,0.0174880763116057,0.998420221169036,0.998449612403101,0.0016366612111293,0.00151745068285281,0.00154083204930663,0.998475609756098,0.998466257668712,0,0,0,0.998449612403101,0,0.998449612403101,0.00157232704402516,0.00159235668789809,0.0302066772655008,0,0.998459167950693,0.00160513643659711,0,0.00157977883096367,0.00153374233128834,0,0,0.00161030595813205,0.903125,0.00159744408945687,0.998394863563403,0.00150829562594268,0.993798449612403,0.00158982511923688,0,0.380952380952381,0.998439937597504,0.998397435897436,0.003125,0.00161812297734628,0.010752688172043,0,0,0,0.00156985871271586,0.00153139356814701,0.998410174880763,0,0.00158227848101266,0.998432601880878,0.00161290322580645,0.00152905198776758,0,0.961479198767334,0,0.00154559505409583,0,0,0,0,0,0,0,0.998430141287284,0,0.00155763239875389,0.995268138801262,0.998439937597504,0,0.998407643312102,0,0.0015527950310559,0,0,0,0.00320512820512821,0.00476947535771065,0,0.954828660436137,0,0.900316455696203,0.9734375,0.998427672955975,0.166405023547881,0,0,0.00154320987654321,0,0.952755905511811,0.946287519747235,0,0.975,0.99198717948718,0.946372239747634,0.969325153374233,0.944012441679627,0,0.968847352024922,0,0,0.955974842767296,0,0.925418569254186,0,0.0566929133858268,0,0
"422",0.990712074303406,0.983076923076923,0.975572519083969,0.93563579277865,0.984152139461173,0.985915492957746,0.893081761006289,0.975460122699387,0.986153846153846,0,0.982758620689655,0,0.572317262830482,0.982511923688394,0.0626959247648903,0.0235109717868339,0,0.0172143974960876,0.984375,0.968944099378882,0.182235834609495,0.0544871794871795,0.977029096477795,0,0.939814814814815,0.266875981161695,0.116640746500778,0.977952755905512,0.478787878787879,0.694656488549618,0.0153846153846154,0.681181959564541,0.78391167192429,0.291472868217054,0,0.990595611285266,0.0184331797235023,0.982919254658385,0.28101644245142,0.894419306184012,0.00156494522691706,0.0186625194401244,0.00766871165644172,0.9858934169279,0.775862068965517,0.0410742496050553,0.520865533230294,0.0156739811912226,0.466767371601208,0.153383458646617,0,0.98,0.284615384615385,0.984472049689441,0.889922480620155,0.175078864353312,0,0.95748031496063,0.958652373660031,0.910906298003072,0.306976744186047,0.452859350850077,0.0111111111111111,0,0.888198757763975,0.825273010920437,0,0.973684210526316,0,0.0171875,0.845921450151057,0.0217391304347826,0.0326594090202177,0.98340874811463,0,0.724924012158055,0.058641975308642,0.58868501529052,0.898894154818325,0.272430668841762,0,0.71141975308642,0.237160120845921,0.983308042488619,0.132605304212168,0.904320987654321,0.980030721966206,0.961360123647604,0.964615384615385,0.0121580547112462,0.9765625,0.982945736434109,0,0,0.966613672496025,0,0.313546423135464,0.978361669242658,0.00924499229583975,0.0108359133126935,0.629283489096573,0,0.305993690851735,0.985981308411215,0.116666666666667,0.984326018808777,0.0109546165884194,0.975039001560062,0.0141955835962145,0.0232198142414861,0.0230769230769231,0.903426791277259,0.333333333333333,0.976452119309262,0,0.984615384615385,0.709175738724728,0,0.0139103554868624,0.245398773006135,0,0.770800627943485,0.274570982839314,0.098256735340729,0.967642526964561,0.165653495440729,0.980392156862745,0.981424148606811,0,0.562021439509954,0.930124223602484,0.481774960380349,0.977029096477795,0,0.980891719745223,0.0389805097451274,0,0.22884012539185,0.626959247648903,0.538216560509554,0,0,0.98145285935085,0.756630265210608,0.194662480376766,0.984227129337539,0.0236220472440945,0.918335901386749,0.412225705329154,0.981651376146789,0.1584,0.976635514018692,0.985759493670886,0.841860465116279,0.984447900466563,0.0110236220472441,0.982892690513219,0.0154798761609907,0,0.7453125,0.871794871794872,0.968895800933126,0.0335365853658537,0,0.987786259541985,0.445859872611465,0.985530546623794,0.982998454404946,0.984756097560976,0.29500756429652,0.984567901234568,0.0125391849529781,0.959028831562974,0.0151057401812689,0.905296950240771,0.378834355828221,0,0.973805855161787,0,0.834108527131783,0.981566820276498,0.126582278481013,1,0.940184049079755,0.97910447761194,0.966412213740458,0.109907120743034,0.372519083969466,0.915335463258786,0.931464174454829,0.066358024691358,0.0231124807395994,0.984350547730829,0.855384615384615,0,0,0.320813771517997,0.0015600624024961,0.984802431610942,0.26840490797546,0.873817034700315,0.746105919003115,0.987915407854985,0.450858034321373,0.446319018404908,0.31201248049922,0.924290220820189,0.959375,0.874432677760968,0,0.874425727411945,0.199685534591195,0.949447077409163,0.0170015455950541,0.0853658536585366,0.548989113530327,0.967340590979782,0.986384266263237,0.841614906832298,0.984567901234568,0.890282131661442,0,0.0927357032457496,0.666165413533835,0.98297213622291,0,0.980091883614089,0.980091883614089,0.571428571428571,0.558320373250389,0.974921630094044,0.982371794871795,0.377742946708464,0,0.885369532428356,0.530421216848674,0.976114649681529,0.0170015455950541,0.953453453453453,0.984326018808777,0.984802431610942,0.943037974683544,0.527987897125567,0.0171073094867807,0.975535168195719,0.551515151515152,0.0197568389057751,0.015220700152207,0.220338983050847,0.0172143974960876,0.182677165354331,0.674772036474164,0.0124031007751938,0.0152439024390244,0.0261136712749616,0.596651445966514,0.0520504731861199,0.970633693972179,0.0128,0.0154320987654321,0,0.243369734789392,0.981424148606811,0.96594427244582,0.892307692307692,0,0.8734375,0.845688350983359,0.686335403726708,0.60882800608828,0.465116279069767,0.458730158730159,0.0125195618153365,0.982456140350877,0.115030674846626,0.697452229299363,0.962848297213622,0.0277349768875193,0.755795981452859,0.0185758513931889,0.13251155624037,0.985007496251874,0.982371794871795,0.891547049441786,0,0.642638036809816,0.881619937694704,0,0.0153846153846154,0.897321428571429,0.981308411214953,0,0.0154320987654321,0.0169491525423729,0.996884735202492,0.887658227848101,0.0126382306477093,0,0.400616332819723,0.993836671802773,0.8,0.385802469135802,0.665625,0.966101694915254,0.0245775729646697,0.983206106870229,0.982945736434109,0.0202808112324493,0.962962962962963,0.986003110419907,0.960505529225908,0.979782270606532,0.186728395061728,0.315870570107858,0.3,0.980891719745223,0.937799043062201,0.0545454545454545,0.272585669781931,0.973643410852713,0.167950693374422,0.314759036144578,0.984591679506934,0.984399375975039,0.976816074188563,0.703174603174603,0.980332829046899,0.251572327044025,0.966565349544073,0.984326018808777,0,0.330781010719755,0.563779527559055,0.0325581395348837,0.0626911314984709,0.0196671709531014,0.901538461538462,0.0351681957186544,0.010752688172043,0,0.2328125,0.981481481481482,0.088646967340591,0.988906497622821,0.973846153846154,0.989010989010989,0.3125,0.310618066561014,0.682965299684543,0.460420032310178,0,0.811819595645412,0.0303030303030303,0.0534351145038168,0.209480122324159,0.985804416403785,0.0184331797235023,0,0.343653250773994,0.0259541984732824,0.0406885758998435,0.489984591679507,0.984375,0.286173633440514,0.983792544570502,0.953051643192488,0,0.983532934131736,0.0105105105105105,0.985007496251874,0.827906976744186,0.980952380952381,0.0283018867924528,0.96319018404908,0.0153374233128834,0.8734375,0.707667731629393,0.934984520123839,0.986153846153846,0.981424148606811,0.303265940902022,0.950078003120125,0.983308042488619,0.016793893129771,0.0358814352574103,0.98740157480315,0.984496124031008,0.316436251920123,0.87402799377916,0.961538461538462,0.951145038167939,0.983206106870229,0,0.117739403453689,0.986238532110092,0.0141287284144427,0,0.970031545741325,0.012779552715655,0.0566037735849057,0.987692307692308,0.971830985915493,0.00470957613814757,0.641860465116279,0.424336973478939,0.996845425867508,0.0176,0.859842519685039,0.987281399046105,0.39589905362776,0.61633281972265,0.776212832550861,0,0.183800623052959,0.976599063962558,0.987692307692308,0.444270015698587,0.987767584097859,0.965,0.0359375,0.00154083204930663,1,0.982649842271293,0.947772657450077,0.689497716894977,0.0201550387596899,0.870917573872473,0.252321981424149,0.185483870967742,0.00769230769230769,0.624405705229794,0.61214953271028,0.609494640122512,0,0.297770700636943,0.913446676970634,0.649847094801223,0.516666666666667,0.0909090909090909,0,0,0.985228951255539,0.960725075528701,0,0.922600619195046,0.0109204368174727,0,0,0.984301412872841,0,0.987301587301587,0.777089783281734,0.542728635682159,0.983308042488619,0,0,0.983076923076923,0.957703927492447,0.725731895223421,0.0151975683890578,0.0031496062992126,0.880916030534351,0.61136712749616,0.987519500780031,0.534351145038168,0.34789391575663,0,0.967987804878049,0.0127388535031847,0.960567823343849,0.101088646967341,0,0.0256797583081571,0.131045241809672,0.494308943089431,0.966205837173579,0,0.943768996960486,0.963246554364472,0.986089644513138,0,0.0893416927899686,0.920840064620355,0.0162866449511401,0.982998454404946,0.989312977099237,0.0242792109256449,0.98755832037325,0.312404287901991,0.812307692307692,0.028125,0.196513470681458,0.956989247311828,0.0108191653786708,0.0171339563862928,0.975646879756469,0.0207006369426752,0.666666666666667,0.388364779874214,0,0.128125,0.741784037558685,0.273282442748092,0.996913580246914,0.0125,0.169491525423729,0.462757527733756,0.951367781155015,0.891729323308271,0.953488372093023,0.7392,0,0.969325153374233,0.015220700152207,0.955177743431221,0.404423380726698,0.0135135135135135,0.987673343605547,0.984126984126984,0.984326018808777,0.634259259259259,0.987673343605547,0.151840490797546,0.208398133748056,0.944869831546707,0.879443585780526,0,0,0.981042654028436,0.929260450160772,0.0279937791601866,0.975232198142415,0.996974281391831,0.374045801526718,0.92879746835443,0.742088607594937,0.887864823348694,0,0.962441314553991,0.345256609642302,0.98755832037325,0.986153846153846,0,0.648522550544324,0.973228346456693,0.01875,0.689873417721519,0.381901840490798,0.802710843373494,0.687106918238994,0.948091603053435,0.104633781763827,0.971653543307087,0.987823439878234,0.983050847457627,0.306709265175719,0.1078125,0.996913580246914,0.983257229832572,0.00916030534351145,0.784283513097072,0.458841463414634,0.258215962441315,0.771121351766513,0.982785602503912,0.875968992248062,0.984709480122324,0.131419939577039,0.0173228346456693,0,0.8390625,0.0142405063291139,0.0138888888888889,0.279752704791345,0,0.992272024729521,0.912977099236641,0.984496124031008,0.987987987987988,0.107858243451464,0.0139318885448916,0,0,0.187207488299532,0.0874403815580286,0.167434715821813,0,0.016793893129771,0.982998454404946,0.0136157337367625,0.308411214953271,0.982866043613707,0.601837672281776,0.964285714285714,0.661042944785276,0.636641221374046,0,0.98379970544919,0.399375975039002,0.50547730829421,0.922374429223744,0.986301369863014,0.402420574886536,0.0122137404580153,0.953051643192488,0.956923076923077,0,0.964125560538117,0.029320987654321,0.976228209191759,0.433846153846154,0,0.00904977375565611,0.536115569823435,0.8359375,0.0139103554868624,0.14171974522293,0.0123647604327666,0.0016,0.758208955223881,0.0377358490566038,0.990445859872611,0.324773413897281,0.983433734939759,0.0151975683890578,0.374242424242424,0.335443037974684,0.87519747235387,0.115506329113924,0.0168970814132104,0.00308166409861325,0.0533751962323391,0,0.98030303030303,0.0506535947712418,0.983630952380952,0.0188383045525903,0.987117552334944,0,0.524390243902439,0.483516483516484,0.989197530864197,0,0.986068111455108,0,0.396850393700787,0.980122324159021,0,0.66464339908953,0.970266040688576,0.729264475743349,0.95748031496063,0.0517503805175038,0,0.986089644513138,0.27602523659306,0,0.682926829268293,0.0149253731343284,0.0303951367781155,0.9828125,0.987577639751553,0.982008995502249,0.970633693972179,0.972350230414747,0,0.967032967032967,0.0229007633587786,0.354838709677419,0.292758089368259,0.992307692307692,0.980122324159021,0.978658536585366,0.974124809741248,0.0598159509202454,0.0311526479750779,1,0.957767722473605,0.726993865030675,0.972307692307692,0.984591679506934,0.975460122699387,0,0,0.97037037037037,0,0.0832049306625578,0,0.948837209302326,0.286614173228346,0.22432859399684,0.144817073170732,0.919504643962848,0,0.12326656394453,0.981679389312977,0.989247311827957,0.636503067484663,0.437223042836041,0.236496350364963,0.189024390243902,0.647709320695103,0.0107361963190184,0.142419601837672,0.549606299212598,0.268330733229329,0.704374057315234,0.0215384615384615,0,0.015748031496063,0.335974643423138,0.987281399046105,0.636932707355243,0.245877061469265,0.626543209876543,0.877862595419847,0.972644376899696,0.960380348652932,0.97626582278481,0.984051036682616,0.985826771653543,0.549450549450549,0.417818740399386,0.986046511627907,0.0194029850746269,0.0213414634146341,0.874233128834356,0.0122511485451761,0.986259541984733,0.954128440366973,0,0.13258785942492,0,0.951181102362205,0,0.963525835866261,0.983076923076923,0.0182648401826484,0.84458398744113,0.983383685800604,0.663492063492063,0.622526636225266,0.875394321766562,0,0,0.944894651539708,0.945103857566766,0.990867579908676,0,0,0.00961538461538462,0.237730061349693,0.507668711656442,0,0.455246913580247,0,0.917721518987342,0.982945736434109,0.170347003154574,0.267387944358578,0,0.342271293375394,0.586687306501548,0.859375,0.963636363636364,0.774844720496894,0.013953488372093,0.993650793650794,0.0140405616224649,0.984399375975039,0,0.98030303030303,0.0091324200913242,0.983974358974359,0.028391167192429,0.0189274447949527,0,0,0.830275229357798,0.916932907348243,0.943251533742331,0.717125382262997,0.0424242424242424,0.0221518987341772,0.818181818181818,0.84779299847793,0,0.0261538461538462,0.957878315132605,0,0.971061093247588,0.962006079027356,0.0677966101694915,0.0478395061728395,0.0123647604327666,0.983257229832572,0.463722397476341,0.0930232558139535,0.1152,0.125377643504532,0.706814580031696,0.112480739599384,0.987616099071207,0,0.7546875,0.969788519637462,0.00471698113207547,0,0.0149253731343284,0,0.0186335403726708,0.986259541984733,0.711783439490446,0.0158730158730159,0.0141732283464567,0.548286604361371,0.959438377535101,0.443932411674347,0.0564024390243902,0.0142630744849445,0.0566929133858268,0.0186046511627907,0,0.0395569620253165,0.0195488721804511,0.0108864696734059,0.0274809160305344,0.0135338345864662,0.054773082942097,0.0625,0.0321592649310873,0.020440251572327,0.00480769230769231,0.02660406885759,0.0257186081694402,0.0649546827794562,0.0200308166409861,0.0215384615384615,0.0159489633173844,0.0203442879499218,0.0525477707006369,0.0219092331768388,0.0242057488653555,0.0186335403726708,0.0460829493087558,0.0148588410104012,0.0188383045525903
"423",0.991974317817014,0.995297805642633,0.967592592592593,0.929260450160772,0.982456140350877,0.9984,0.890649762282092,0.974683544303797,0.995327102803738,0,0.996860282574568,0,0.5796875,0.996768982229402,0.0470219435736677,0.015625,0,0.0158478605388273,0.993464052287582,0.978328173374613,0.164835164835165,0.0377668308702791,0.9875,0,0.9609375,0.261637239165329,0.109034267912773,0.985714285714286,0.4679186228482,0.685271317829457,0.0060882800608828,0.696875,0.779365079365079,0.293650793650794,0,0.996815286624204,0.0185471406491499,0.996879875195008,0.262121212121212,0.906727828746177,0.00156494522691706,0.0171606864274571,0.0062402496099844,0.995169082125604,0.779578606158833,0.0224719101123595,0.522082018927445,0.00313479623824451,0.477996965098634,0.136923076923077,0,0.990491283676704,0.265625,0.995230524642289,0.880382775119617,0.159810126582278,0,0.980952380952381,0.953488372093023,0.896923076923077,0.303599374021909,0.439137134052388,0.00474683544303797,0,0.911330049261084,0.836193447737909,0,0.981132075471698,0,0.00475435816164818,0.8640625,0.0140625,0.0221518987341772,0.996946564885496,0,0.710122699386503,0.0473282442748092,0.56793893129771,0.886217948717949,0.256711409395973,0,0.719435736677116,0.216174183514774,0.993827160493827,0.119309262166405,0.915384615384615,0.992199687987519,0.967289719626168,0.967441860465116,0.0107361963190184,0.987441130298273,0.993690851735016,0,0,0.97275641025641,0,0.293023255813953,0.979623824451411,0.0078125,0.00958466453674121,0.611635220125786,0,0.281150159744409,0.993630573248408,0.105828220858896,0.993548387096774,0.0110935023771791,0.972136222910217,0.00479233226837061,0.0109546165884194,0.0124223602484472,0.898573692551506,0.328548644338118,0.986068111455108,0,0.98297213622291,0.715610510046368,0,0.00469483568075117,0.235576923076923,0,0.775477707006369,0.24685534591195,0.0735294117647059,0.976525821596244,0.152755905511811,0.992319508448541,0.990521327014218,0,0.544461778471139,0.935331230283912,0.506451612903226,0.985553772070626,0,0.991909385113269,0.0265625,0,0.21259842519685,0.636075949367089,0.514516129032258,0,0,0.971698113207547,0.764240506329114,0.180064308681672,0.995192307692308,0.0111111111111111,0.927444794952681,0.402576489533011,0.977029096477795,0.13968253968254,0.9808,0.995184590690209,0.836448598130841,0.990697674418605,0.00490196078431373,0.993690851735016,0.00315955766192733,0,0.75,0.866464339908953,0.984202211690363,0.0248447204968944,0,0.993769470404984,0.4448,0.995049504950495,0.995412844036697,0.993710691823899,0.290769230769231,0.973270440251572,0.00625978090766823,0.942277691107644,0.00612557427258806,0.887323943661972,0.38125,0,0.980922098569157,0,0.846875,0.995334370139969,0.136,0.980982567353407,0.9546875,0.987841945288754,0.972006220839813,0.097331240188383,0.36875,0.931089743589744,0.945686900958466,0.0550314465408805,0.00778816199376947,0.976,0.852484472049689,0,0,0.304625199362041,0.00156739811912226,0.995398773006135,0.248025276461295,0.870340356564019,0.74685534591195,0.98468606431853,0.450949367088608,0.451104100946372,0.301612903225806,0.916006339144215,0.960505529225908,0.873261205564142,0,0.865116279069767,0.177705977382876,0.945161290322581,0.00473186119873817,0.0698757763975155,0.537854889589905,0.976114649681529,0.972136222910217,0.840189873417722,0.992199687987519,0.900787401574803,0,0.0692913385826772,0.668683812405446,0.992,0,0.990712074303406,0.980061349693252,0.545741324921136,0.545171339563863,1,0.995230524642289,0.370015948963317,0,0.890432098765432,0.528753993610224,0.972447325769854,0.00614439324116743,0.959814528593508,0.995184590690209,0.993720565149137,0.949447077409163,0.537867078825348,0.00632911392405063,0.971518987341772,0.549689440993789,0.00763358778625954,0.00460122699386503,0.189490445859873,0.004739336492891,0.152733118971061,0.674884437596302,0.00619195046439629,0.00934579439252336,0.0124223602484472,0.588509316770186,0.0429252782193959,0.983922829581994,0.0111464968152866,0.00158730158730159,0,0.226837060702875,0.9952,0.971653543307087,0.89937106918239,0,0.867741935483871,0.860643185298622,0.694488188976378,0.603149606299213,0.464114832535885,0.462639109697933,0.0124804992199688,0.993620414673046,0.0976744186046512,0.706362153344209,0.962204724409449,0.0141732283464567,0.758730158730159,0.00628930817610063,0.108864696734059,0.993846153846154,0.995081967213115,0.884858044164038,0,0.654743390357698,0.881141045958796,0,0.0046583850931677,0.887519260400616,0.974358974358974,0,0.00786163522012579,0.00625978090766823,0.979066022544283,0.882636655948553,0.00476190476190476,0,0.389154704944179,0.984126984126984,0.79236641221374,0.386792452830189,0.661442006269592,0.953271028037383,0.0126382306477093,0.995440729483283,0.99537037037037,0.0125786163522013,0.975039001560062,0.996845425867508,0.980582524271845,0.992163009404389,0.188976377952756,0.309636650868878,0.28393135725429,0.97588424437299,0.937096774193548,0.048062015503876,0.259968102073365,0.968895800933126,0.159305993690852,0.298621745788668,0.993700787401575,0.993660855784469,0.965189873417722,0.697784810126582,0.990867579908676,0.246006389776358,0.962441314553991,1,0,0.322932917316693,0.54874213836478,0.0187793427230047,0.0530421216848674,0.013953488372093,0.906542056074766,0.0279503105590062,0.00460122699386503,0,0.231481481481481,0.987301587301587,0.0826833073322933,0.980487804878049,0.968102073365231,0.987281399046105,0.297124600638978,0.292880258899676,0.67244094488189,0.456168831168831,0,0.824088748019017,0.0153846153846154,0.0431432973805855,0.192846034214619,0.995230524642289,0.0062111801242236,0,0.33122028526149,0.0154320987654321,0.026984126984127,0.474603174603175,0.996845425867508,0.269662921348315,0.995114006514658,0.969936708860759,0,0.991084695393759,0.0046656298600311,0.993827160493827,0.83596214511041,0.995176848874598,0.014218009478673,0.984591679506934,0.00634920634920635,0.88783570300158,0.713153724247227,0.941176470588235,0.983206106870229,0.993690851735016,0.294209702660407,0.960815047021944,0.993798449612403,0.00462962962962963,0.03125,0.993660855784469,0.9953125,0.309006211180124,0.890795631825273,0.966074313408724,0.961119751166407,0.996879875195008,0,0.117932148626817,0.993630573248408,0.00635930047694754,0,0.963375796178344,0.00972447325769854,0.0446570972886762,0.99537037037037,0.967032967032967,0.00478468899521531,0.618604651162791,0.42472266244057,0.979365079365079,0.00478468899521531,0.873801916932907,0.991922455573506,0.374407582938389,0.62015503875969,0.788643533123028,0,0.160883280757098,0.974522292993631,0.992150706436421,0.452119309262166,0.9953125,0.976510067114094,0.0345368916797488,0.00158982511923688,0.982649842271293,1,0.957413249211357,0.692546583850932,0.0110935023771791,0.85828025477707,0.2375,0.183028286189684,0.00627943485086342,0.606299212598425,0.609375,0.614307931570762,0,0.287581699346405,0.904306220095694,0.638629283489097,0.5115562403698,0.0792682926829268,0,0,0.994091580502216,0.981308411214953,0,0.923556942277691,0.0096,0,0,0.996820349761526,0,0.995161290322581,0.780373831775701,0.522273425499232,0.99537750385208,0,0,0.988906497622821,0.961656441717791,0.730650154798762,0.00465116279069767,0.0016025641025641,0.878648233486943,0.606973058637084,0.993690851735016,0.531490015360983,0.340694006309148,0,0.982704402515723,0.00644122383252818,0.953748006379585,0.0855784469096672,0,0.0106707317073171,0.123613312202853,0.487844408427877,0.966876971608833,0,0.951070336391437,0.973354231974922,0.993779160186625,0,0.072,0.9375,0.0112179487179487,0.995356037151703,0.993911719939117,0.0137825421133231,0.996865203761755,0.30503144654088,0.809891808346213,0.0141732283464567,0.164516129032258,0.965189873417722,0.00943396226415094,0.00478468899521531,0.970588235294118,0.00966183574879227,0.664546899841017,0.393312101910828,0,0.115987460815047,0.744783306581059,0.260530421216849,0.97007874015748,0.00641025641025641,0.154320987654321,0.459770114942529,0.952160493827161,0.8859375,0.959935897435897,0.751196172248804,0,0.976780185758514,0.0062015503875969,0.9734375,0.3968,0.00461538461538462,0.993798449612403,0.995384615384615,0.995215311004785,0.640062597809077,0.980952380952381,0.129392971246006,0.186900958466454,0.945226917057903,0.876369327073552,0,0,0.987220447284345,0.935897435897436,0.0241157556270096,0.980952380952381,0.992163009404389,0.37007874015748,0.925632911392405,0.740031897926635,0.882534775888717,0,0.967741935483871,0.344497607655502,0.993690851735016,0.995268138801262,0,0.637083993660856,0.973101265822785,0.004739336492891,0.690363349131122,0.371653543307087,0.811349693251534,0.688783570300158,0.955022488755622,0.0902140672782875,0.9824,0.995305164319249,0.978294573643411,0.298850574712644,0.101721439749609,0.987460815047022,0.993788819875776,0.00783699059561128,0.781931464174455,0.459119496855346,0.24685534591195,0.758566978193146,0.993680884676145,0.874799357945425,0.99375,0.125193199381762,0.00325732899022801,0,0.824451410658307,0.00958466453674121,0.00635930047694754,0.271450858034321,0,0.984152139461173,0.918461538461538,0.996889580093313,0.990683229813665,0.0917721518987342,0.00636942675159236,0,0,0.172357723577236,0.0729001584786054,0.1424,0,0.00310077519379845,0.993730407523511,0.0139318885448916,0.302362204724409,0.996768982229402,0.580745341614907,0.971291866028708,0.664586583463339,0.636363636363636,0,0.993948562783661,0.405448717948718,0.517295597484277,0.920367534456355,0.981481481481482,0.389937106918239,0.00946372239747634,0.944532488114105,0.950769230769231,0,0.962962962962963,0.01743264659271,0.98202614379085,0.437694704049844,0,0.00770416024653313,0.531810766721044,0.837320574162679,0.00467289719626168,0.137820512820513,0.0111287758346582,0.00161550888529887,0.756060606060606,0.027027027027027,0.99505766062603,0.313572542901716,0.989263803680982,0.00467289719626168,0.387045813586098,0.3312,0.864077669902913,0.103896103896104,0.00467289719626168,0.00157977883096367,0.0416,0,0.992435703479576,0.0410509031198686,0.977272727272727,0.0096,0.995176848874598,0,0.528505392912173,0.452380952380952,0.995253164556962,0,0.996927803379416,0,0.395730706075534,0.984544049459042,0,0.642526964560863,0.977883096366509,0.748031496062992,0.947284345047923,0.0357142857142857,0,0.9953125,0.259433962264151,0,0.701863354037267,0.00603318250377074,0.021875,0.995137763371151,0.993610223642173,0.990668740279938,0.969889064976228,0.976114649681529,0,0.974603174603175,0.0201863354037267,0.359253499222395,0.286833855799373,0.990610328638498,0.9875,0.996879875195008,0.989147286821705,0.0574534161490683,0.01743264659271,0.980456026058632,0.959438377535101,0.724727838258165,0.975155279503106,0.993798449612403,0.974723538704581,0,0,0.989393939393939,0,0.0699844479004666,0,0.951713395638629,0.273170731707317,0.20096463022508,0.11353032659409,0.922098569157393,0,0.106084243369735,0.993710691823899,0.993740219092332,0.644200626959248,0.423368740515933,0.218562874251497,0.17357910906298,0.658105939004815,0.00471698113207547,0.123028391167192,0.552590266875981,0.25511811023622,0.710323574730354,0.015625,0,0.00477707006369427,0.3184,0.995176848874598,0.622083981337481,0.21765601217656,0.621451104100946,0.869158878504673,0.993893129770992,0.955737704918033,0.975845410628019,0.993660855784469,0.995297805642633,0.5296875,0.421705426356589,0.992076069730586,0.0107197549770291,0.0124031007751938,0.868131868131868,0.0123839009287926,0.993779160186625,0.976415094339623,0,0.120967741935484,0,0.949206349206349,0,0.975497702909648,0.996815286624204,0.0139968895800933,0.834115805946792,0.995341614906832,0.645468998410175,0.632398753894081,0.871589085072231,0,0,0.927184466019418,0.940548780487805,0.984375,0,0,0.00647249190938511,0.233486943164363,0.5171875,0,0.455676516329705,0,0.924920127795527,0.993610223642173,0.16403785488959,0.241486068111455,0,0.348726114649682,0.577044025157233,0.870514820592824,0.96078431372549,0.768388106416275,0.00475435816164818,0.98389694041868,0.0142630744849445,0.996789727126806,0,0.980122324159021,0.00626959247648903,0.996763754045307,0.0235109717868339,0.0157977883096366,0,0,0.832558139534884,0.931309904153355,0.93343653250774,0.725308641975309,0.0319634703196347,0.00966183574879227,0.8328125,0.820395738203957,0,0.0207336523125997,0.967084639498433,0,0.990491283676704,0.959876543209877,0.0581761006289308,0.0431432973805855,0.0093603744149766,0.996884735202492,0.452648475120385,0.0755007704160247,0.099025974025974,0.117370892018779,0.696574225122349,0.104199066874028,0.996794871794872,0,0.767405063291139,0.981424148606811,0.00322061191626409,0,0.00603318250377074,0,0.00631911532385466,0.998420221169036,0.711038961038961,0.00487012987012987,0.00641025641025641,0.543269230769231,0.950871632329635,0.436728395061728,0.050381679389313,0.00642054574638844,0.0518867924528302,0.0171606864274571,0,0.0349761526232114,0.00762195121951219,0.00791139240506329,0.0137404580152672,0.00462249614791988,0.0432692307692308,0.0530421216848674,0.020440251572327,0.0173501577287066,0.00637958532695375,0.0252365930599369,0.0234375,0.0565149136577708,0.0110236220472441,0.0188383045525903,0.00480769230769231,0.00952380952380952,0.045016077170418,0.0124223602484472,0.0213414634146341,0.00625,0.0411392405063291,0.00758725341426404,0.0062992125984252
"424",0.953821656050955,0.95440251572327,0.948837209302326,0.93900481540931,0.951298701298701,0.954911433172303,0.872641509433962,0.952234206471495,0.953917050691244,0,0.952681388012618,0,0.601866251944012,0.952076677316294,0.0989010989010989,0.0592823712948518,0,0.0111111111111111,0.950949367088608,0.944186046511628,0.195987654320988,0.072463768115942,0.948757763975155,0,0.928682170542636,0.291139240506329,0.153238546603476,0.951690821256039,0.500772797527048,0.702954898911353,0.0509259259259259,0.712715855572998,0.776714513556619,0.335423197492163,0,0.954616588419405,0.0124031007751938,0.94556765163297,0.300150829562594,0.878693623639191,0.00156739811912226,0.0109546165884194,0.0046875,0.944620253164557,0.788368336025848,0.07223113964687,0.53015873015873,0.047244094488189,0.505409582689335,0.175038051750381,0,0.951713395638629,0.314553990610329,0.94811320754717,0.868878357030016,0.190705128205128,0,0.929936305732484,0.932601880877743,0.897959183673469,0.330745341614907,0.46875,0.0478468899521531,0,0.872,0.817034700315457,0,0.951104100946372,0,0.0528,0.856481481481482,0.0514820592823713,0.0625978090766823,0.953703703703704,0,0.722222222222222,0.0927357032457496,0.596273291925466,0.9024,0.291873963515755,0,0.736111111111111,0.248475609756098,0.952234206471495,0.157320872274143,0.907692307692308,0.947611710323575,0.980091883614089,0.935837245696401,0.00313479623824451,0.952229299363057,0.943037974683544,0,0,0.943037974683544,0,0.343605546995377,0.941548183254344,0.00313479623824451,0.00470957613814757,0.63349131121643,0,0.324324324324324,0.950558213716108,0.150455927051672,0.950819672131147,0.00483091787439614,0.943396226415094,0.048,0.0533751962323391,0.0510835913312693,0.878787878787879,0.360062893081761,0.951181102362205,0,0.9515625,0.729264475743349,0,0.053125,0.261417322834646,0,0.784345047923323,0.280564263322884,0.121163166397415,0.943573667711599,0.190697674418605,0.950387596899225,0.960691823899371,0,0.571205007824726,0.9484375,0.514285714285714,0.947452229299363,0,0.953968253968254,0.0721966205837174,0,0.24405705229794,0.644094488188976,0.5472,0,0,0.94679186228482,0.7734375,0.200642054574639,0.952153110047847,0.0516431924882629,0.915756630265211,0.441971383147854,0.952012383900929,0.178571428571429,0.954258675078864,0.955271565495208,0.830218068535826,0.950636942675159,0.0449438202247191,0.950769230769231,0.0518053375196232,0,0.741269841269841,0.85824345146379,0.940157480314961,0.0603715170278638,0,0.9515625,0.47741935483871,0.949919224555735,0.953198127925117,0.958268933539413,0.332312404287902,0.946624803767661,0.0537974683544304,0.91640866873065,0.0523076923076923,0.8912,0.411764705882353,0,0.940157480314961,0,0.832298136645963,0.954258675078864,0.17524115755627,0.951104100946372,0.911076443057722,0.941176470588235,0.934984520123839,0.14018691588785,0.398162327718224,0.913738019169329,1,0.0933544303797468,0.0532915360501567,0.954330708661417,0.834108527131783,0,0,0.334384858044164,0.00157232704402516,0.954968944099379,0.289676425269646,0.858520900321543,0.752307692307692,0.953917050691244,0.46984126984127,0.4765625,0.320388349514563,0.889415481832543,0.921135646687697,0.87888198757764,0,0.848673946957878,0.212121212121212,0.919871794871795,0.04858934169279,0.114551083591331,0.56828885400314,0.93613707165109,0.941984732824428,0.827315541601256,0.949606299212598,0.868670886075949,0,0.113385826771654,0.671274961597542,0.945686900958466,0,0.948517940717629,0.950226244343891,0.580398162327718,0.58125,0.943037974683544,0.951768488745981,0.416139240506329,0,0.869230769230769,0.549450549450549,0.957723577235772,0.0497667185069984,0.940366972477064,0.957943925233645,0.955038759689922,0.916535433070866,0.565015479876161,0.0511182108626198,0.953821656050955,0.56221198156682,0.0487804878048781,0.0458015267175573,0.243710691823899,0.0494590417310665,0.184419713831479,0.708074534161491,0.042654028436019,0.0479876160990712,0.0583596214511041,0.617054263565891,0.0817610062893082,0.948517940717629,0.00481540930979133,0.0469483568075117,0,0.267515923566879,0.948220064724919,0.941640378548896,0.882534775888717,0,0.864600326264274,0.847352024922118,0.713836477987421,0.621705426356589,0.494417862838915,0.46656050955414,0.00618238021638331,0.950871632329635,0.139280125195618,0.71993410214168,0.944012441679627,0.0544323483670296,0.764150943396226,0.0491283676703645,0.163009404388715,0.95398773006135,0.949593495934959,0.867954911433172,0,0.669230769230769,0.865930599369085,0,0.0485133020344288,0.879443585780526,0.95389507154213,0,0.04858934169279,0.0432766615146832,0.938808373590982,0.872168284789644,0.0469255663430421,0,0.431962025316456,0.955766192733017,0.797527047913447,0.4140625,0.677215189873418,0.930981595092024,0.0554675118858954,0.948012232415902,0.957746478873239,0.058252427184466,0.959814528593508,0.953271028037383,0.9376,0.956318252730109,0.226984126984127,0.341232227488152,0.320634920634921,0.944532488114105,0.903069466882068,0.0446841294298921,0.297637795275591,0.949685534591195,0.202194357366771,0.342900302114804,0.958925750394945,0.948598130841122,0.943661971830986,0.7104,0.949308755760369,0.2816,0.948916408668731,0.957413249211357,0,0.362928348909657,0.577352472089314,0.0599369085173502,0.0455259026687598,0.0568356374807988,0.889415481832543,0.0777604976671851,0.044822256568779,0,0.264797507788162,0.955905511811024,0.108661417322835,0.948051948051948,0.948275862068966,0.951104100946372,0.325396825396825,0.327447833065811,0.694006309148265,0.47682119205298,0,0.824,0.057542768273717,0.0885496183206107,0.238390092879257,0.956168831168831,0.0538827258320127,0,0.361240310077519,0.0506134969325153,0.069620253164557,0.482003129890454,0.952,0.310789049919485,0.944535073409462,0.920684292379471,0,0.961019490254873,0.0464396284829721,0.947286821705426,0.827586206896552,0.954471544715447,0.0587301587301587,0.932721712538226,0.0405616224648986,0.85511811023622,0.720447284345048,0.912576687116564,0.949447077409163,0.947867298578199,0.32120253164557,0.92,0.947772657450077,0.0482866043613707,0.0668740279937792,0.947535771065183,0.947122861586314,0.3515625,0.854037267080745,0.926829268292683,0.941915227629513,0.953488372093023,0,0.155448717948718,0.946287519747235,0.0469483568075117,0,0.942492012779553,0.00482315112540193,0.0862619808306709,0.950540958268934,0.949286846275753,0.00313971742543171,0.650793650793651,0.45859872611465,0.9472,0.0382775119617225,0.853543307086614,0.951612903225806,0.405320813771518,0.635658914728682,0.813311688311688,0,0.200636942675159,0.953748006379585,0.950233281493002,0.479623824451411,0.956386292834891,0.924749163879599,0.0772870662460568,0.00158730158730159,0.947772657450077,0.957413249211357,1,0.727131782945736,0.055379746835443,0.856459330143541,0.271739130434783,0.214876033057851,0.00311526479750779,0.639109697933227,0.622432859399684,0.644067796610169,0,0.322528363047002,0.90809968847352,0.653786707882535,0.538819875776398,0.129032258064516,0,0,0.954682779456193,0.926153846153846,0,0.918789808917197,0.00317460317460317,0,0,0.957345971563981,0,0.952153110047847,0.79179810725552,0.555384615384615,0.956723338485317,0,0,0.945482866043614,0.933641975308642,0.737327188940092,0.0546875,0,0.8546875,0.63166144200627,0.95253164556962,0.563944530046225,0.379585326953748,0,0.94392523364486,0.0546623794212219,0.948553054662379,0.140157480314961,0,0.0601851851851852,0.162162162162162,0.498327759197324,0.938775510204082,0,0.952526799387443,0.941085271317829,0.955725190839695,0,0.108974358974359,0.896103896103896,0.0524590163934426,0.945904173106646,0.9578125,0.0451010886469673,0.952904238618524,0.336477987421384,0.811023622047244,0.0604133545310016,0.220779220779221,0.940438871473354,0.0031496062992126,0.0515625,0.963246554364472,0.0513643659711075,0.684380032206119,0.426073131955485,0,0.153726708074534,0.7376,0.289763779527559,0.934169278996865,0.0509554140127389,0.191780821917808,0.486970684039088,0.927382753403933,0.88135593220339,0.922712933753943,0.756451612903226,0,0.930662557781202,0.0509259259259259,0.923556942277691,0.436187399030695,0.047112462006079,0.951713395638629,0.953488372093023,0.945686900958466,0.652647975077882,0.952012383900929,0.172413793103448,0.233974358974359,0.911076443057722,0.860501567398119,0,0,0.95389507154213,0.915739268680445,0.0676328502415459,0.946031746031746,0.954545454545455,0.409302325581395,0.912903225806452,0.723704866562009,0.863141524105754,0,0.930489731437599,0.380645161290323,0.952086553323029,0.950310559006211,0,0.657686212361331,0.949685534591195,0.047244094488189,0.694620253164557,0.403125,0.790519877675841,0.702572347266881,0.914110429447853,0.131901840490798,0.949675324675325,0.948275862068966,0.953416149068323,0.340764331210191,0.1328125,0.946117274167987,0.96030534351145,0.00309597523219814,0.786482334869432,0.489953632148377,0.291731669266771,0.780063291139241,0.947535771065183,0.863354037267081,0.95253164556962,0.135593220338983,0.0409165302782324,0,0.819334389857369,0.0470957613814757,0.0453834115805947,0.297971918876755,0,0.951937984496124,0.91358024691358,0.960753532182104,0.952160493827161,0.135646687697161,0.0509554140127389,0,0,0.207062600321027,0.125,0.198412698412698,0,0.0464396284829721,0.947040498442368,0.0231124807395994,0.331210191082803,0.955414012738854,0.61128526645768,0.928571428571429,0.677966101694915,0.657975460122699,0,0.950892857142857,0.420472440944882,0.528,0.911854103343465,0.947204968944099,0.430793157076205,0.0062111801242236,0.934065934065934,0.929121725731895,0,0.938461538461538,0.0680379746835443,0.975767366720517,0.447040498442368,0,0.00471698113207547,0.557723577235772,0.85214626391097,0.054858934169279,0.1696,0.0062015503875969,0.00165837479270315,0.740853658536585,0.0621019108280255,0.950738916256158,0.354587869362364,0.954128440366973,0.0511627906976744,0.421052631578947,0.372827804107425,0.849757673667205,0.135265700483092,0.0496894409937888,0.00156739811912226,0.0825396825396825,0,0.950920245398773,0.068362480127186,0.951367781155015,0.0505529225908373,0.953451043338684,0,0.55030487804878,0.498412698412698,0.950233281493002,0,0.951788491446345,0,0.419093851132686,0.959564541213064,0,0.677966101694915,0.948194662480377,0.745192307692308,0.931528662420382,0.073208722741433,0,0.947867298578199,0.287066246056782,0,0.712732919254658,0.047112462006079,0.0662557781201849,0.952305246422893,0.950949367088608,0.953632148377125,0.939968404423381,0.946688206785137,0,0.927672955974843,0.0138888888888889,0.391975308641975,0.305993690851735,0.950995405819296,0.945141065830721,0.945904173106646,0.946372239747634,0.0560747663551402,0.0568720379146919,0.946078431372549,0.945141065830721,0.725429017160686,0.94375,0.953488372093023,0.945397815912636,0,0,0.934848484848485,0,0.108895705521472,0,0.935534591194969,0.2992,0.258842443729904,0.169491525423729,0.895148669796557,0,0.150621118012422,0.950871632329635,0.962962962962963,0.661949685534591,0.454272863568216,0.252663622526636,0.203732503888025,0.660287081339713,0.05,0.165625,0.575471698113208,0.288854003139717,0.71889400921659,0.0524691358024691,0,0.0491283676703645,0.3648,0.953451043338684,0.635093167701863,0.267776096822995,0.64797507788162,0.875195007800312,0.937878787878788,0.936585365853659,0.9392,0.952922077922078,0.953451043338684,0.568037974683544,0.443932411674347,0.956454121306376,0.0499243570347958,0.0516717325227964,0.866459627329193,0.00614439324116743,0.949386503067485,0.923913043478261,0,0.149350649350649,0,0.928348909657321,0,0.948837209302326,0.95625,0.046583850931677,0.82306477093207,0.949386503067485,0.681962025316456,0.657643312101911,0.858712715855573,0,0,0.908794788273616,0.923190546528804,0.955384615384615,0,0,0.0436893203883495,0.272585669781931,0.531446540880503,0,0.483619344773791,0,0.914285714285714,0.949206349206349,0.197138314785374,0.273846153846154,0,0.386687797147385,0.608832807570978,0.846875,0.953775038520801,0.791862284820031,0.0475435816164818,0.949511400651466,0.0205371248025276,0.953074433656958,0,0.958139534883721,0.00317460317460317,0.947115384615385,0.0589147286821705,0.0336,0,0,0.822804314329738,0.890879478827362,0.917445482866044,0.71606864274571,0.0702028081123245,0.054140127388535,0.840189873417722,0.818740399385561,0,0.0559875583203732,0.926677067082683,0,0.937096774193548,0.941448382126348,0.113671274961598,0.0344827586206897,0.047244094488189,0.952453987730061,0.487844408427877,0.1198738170347,0.138613861386139,0.143079315707621,0.718649517684887,0.137071651090343,0.946456692913386,0,0.761829652996845,0.933333333333333,0.00158227848101266,0,0.0446153846153846,0,0.0501567398119122,0.951334379905808,0.702614379084967,0.0498392282958199,0.0496794871794872,0.563291139240506,0.937205651491366,0.464285714285714,0.0393343419062027,0.0452342487883683,0.0512820512820513,0.0157977883096366,0,0.0686900958466454,0.0535168195718654,0.0474683544303797,0.0606531881804044,0.044478527607362,0.0398089171974522,0.046583850931677,0.0632911392405063,0.0159235668789809,0.00485436893203883,0.028169014084507,0.021505376344086,0.0498442367601246,0.0556438791732909,0.0203761755485893,0.0425531914893617,0.0461783439490446,0.0351437699680511,0.0543478260869565,0.0234741784037559,0.0557275541795666,0.0842433697347894,0.0467571644042232,0.050314465408805
"425",0.695238095238095,0.683229813664596,0.702453987730061,0.708006279434851,0.681020733652313,0.691222570532915,0.688783570300158,0.678571428571429,0.699846860643185,0,0.695652173913043,0,0.656877897990726,0.68266253869969,0.366003062787136,0.343122102009274,0,0.0154798761609907,0.676236044657097,0.699074074074074,0.432307692307692,0.3359375,0.685887708649469,0,0.721109399075501,0.510903426791277,0.401550387596899,0.674603174603175,0.659606656580938,0.652777777777778,0.31441717791411,0.708588957055215,0.802527646129542,0.510140405616225,0,0.690184049079755,0.0151975683890578,0.691729323308271,0.488165680473373,0.725609756097561,0.00157232704402516,0.0136986301369863,0.00307692307692308,0.694488188976378,0.681020733652313,0.345911949685535,0.650546021840874,0.312883435582822,0.59789156626506,0.427710843373494,0,0.691833590138675,0.505376344086022,0.686427457098284,0.663026521060842,0.427662957074722,0,0.679873217115689,0.67687595712098,0.722054380664653,0.523956723338485,0.656626506024096,0.32753164556962,0,0.740157480314961,0.749240121580547,0,0.681181959564541,0,0.31875,0.685496183206107,0.313935681470138,0.334370139968896,0.678733031674208,0,0.766768292682927,0.359208523592085,0.902140672782875,0.703174603174603,0.481907894736842,0,0.684931506849315,0.507507507507508,0.679331306990882,0.417177914110429,0.717522658610272,0.686544342507645,0.709531013615734,0.672281776416539,0.00307219662058372,0.677672955974843,0.683890577507599,0,0,0.684713375796178,0,0.497723823975721,0.677570093457944,0.00458715596330275,0.00622083981337481,0.640672782874618,0,0.503076923076923,0.675384615384615,0.394302848575712,0.692185007974482,0.00460829493087558,0.690031152647975,0.308892355694228,0.324534161490683,0.316030534351145,0.687888198757764,0.51702786377709,0.7,0,0.688073394495413,0.703875968992248,0,0.312883435582822,0.527131782945736,0,0.793846153846154,0.491525423728814,0.375198728139905,0.688549618320611,0.436923076923077,0.687218045112782,0.684532924961715,0,0.631259484066768,0.697160883280757,0.649842271293375,0.688188976377953,0,0.700626959247649,0.316890881913303,0,0.4828125,0.672307692307692,0.621069182389937,0,0,0.700763358778626,0.796610169491525,0.492088607594937,0.671339563862928,0.305295950155763,0.708396946564885,0.571653543307087,0.682228915662651,0.4328125,0.702743902439024,0.692063492063492,0.68348623853211,0.69079939668175,0.319444444444444,0.687022900763359,0.317972350230415,0,0.754250386398764,0.689708141321045,0.680061823802164,0.326717557251908,0,0.684931506849315,0.575709779179811,0.670926517571885,0.694444444444444,0.668683812405446,0.50611620795107,0.685015290519878,0.325652841781874,0.684603886397608,0.32089552238806,0.693623639191291,0.596358118361153,0,0.687888198757764,0,0.714067278287462,0.69242658423493,0.420560747663551,0.692424242424242,0.708527131782946,0.690014903129657,0.694402420574887,0.398763523956723,0.531626506024096,0.714953271028037,0.738582677165354,0.344667697063369,0.317073170731707,0.684292379471229,0.671686746987952,0,0,0.513428120063191,0.00153374233128834,0.693233082706767,0.478325859491779,0.67032967032967,0.703076923076923,0.688650306748466,0.583987441130298,0.62015503875969,0.522691705790297,0.656298600311042,0.682588597842835,0.692771084337349,0,0.683641975308642,0.435691318327974,0.696825396825397,0.309230769230769,0.383458646616541,0.617054263565891,0.690769230769231,0.686363636363636,0.756965944272446,0.679273827534039,0.771822358346095,0,0.404615384615385,0.794602698650675,0.701421800947867,0,0.702453987730061,0.682563338301043,0.617283950617284,0.590697674418605,0.684451219512195,0.6928,0.56269592476489,0,0.683076923076923,0.633540372670807,0.689102564102564,0.313546423135464,0.698650674662669,0.699059561128527,0.694444444444444,0.73186119873817,0.604006163328197,0.335413416536661,0.713629402756508,0.664634146341463,0.31981981981982,0.308148148148148,0.434312210200927,0.302652106084243,0.428571428571429,0.634848484848485,0.315950920245399,0.321100917431193,0.330232558139535,0.649847094801223,0.333858267716535,0.68944099378882,0.00470957613814757,0.313271604938272,0,0.470957613814757,0.684292379471229,0.701078582434515,0.710566615620214,0,0.70253164556962,0.720789074355083,0.690402476780186,0.667701863354037,0.616954474097331,0.617924528301887,0.00462249614791988,0.673343605546995,0.380809595202399,0.698541329011345,0.699074074074074,0.309451219512195,0.690031152647975,0.311926605504587,0.418711656441718,0.688524590163934,0.685990338164251,0.68621236133122,0,0.675226586102719,0.678018575851393,0,0.3125,0.668683812405446,0.683969465648855,0,0.323076923076923,0.301972685887709,0.696920583468395,0.716981132075472,0.319620253164557,0,0.56221198156682,0.690402476780186,0.696240601503759,0.539877300613497,0.679186228482003,0.678787878787879,0.307219662058372,0.686064318529862,0.682588597842835,0.330246913580247,0.713395638629283,0.687598116169545,0.686614173228347,0.690880989180835,0.457757296466974,0.509863429438543,0.50231124807396,0.674491392801252,0.6976,0.0385208012326656,0.521671826625387,0.666666666666667,0.445987654320988,0.553571428571429,0.693251533742331,0.686335403726708,0.693251533742331,0.809375,0.683257918552036,0.519938650306748,0.705972434915773,0.686614173228347,0,0.531393568147014,0.601866251944012,0.331782945736434,0.043010752688172,0.317700453857791,0.688549618320611,0.34841628959276,0.311827956989247,0,0.5,0.686244204018547,0.382978723404255,0.684294871794872,0.706708268330733,0.691472868217054,0.516923076923077,0.523885350318471,1,0.56514657980456,0,0.845553822152886,0.308845577211394,0.340943683409437,0.448328267477204,0.706624605678233,0.320373250388802,0,0.538699690402477,0.318529862174579,0.333853354134165,0.597200622083981,0.685534591194969,0.501577287066246,0.679549114331723,0.699059561128527,0,0.696612665684831,0.298484848484848,0.68429003021148,0.815789473684211,0.704761904761905,0.33026113671275,0.697852760736196,0.303875968992248,0.725856697819315,0.683307332293292,0.708649468892261,0.698315467075038,0.68167701863354,0.528951486697966,0.70015455950541,0.682779456193353,0.321321321321321,0.344186046511628,0.678627145085803,0.672333848531685,0.521604938271605,0.725190839694656,0.685393258426966,0.721617418351477,0.685015290519878,0,0.397476340694006,0.689127105666156,0.310452418096724,0,0.723172628304821,0.00476947535771065,0.370839936608558,0.684848484848485,0.686064318529862,0.0015527950310559,0.640746500777605,0.614906832298137,0.693146417445483,0.309409888357257,0.693146417445483,0.69826224328594,0.606918238993711,0.65158371040724,0.700934579439252,0,0.434579439252336,0.692546583850932,0.694573643410853,0.62095531587057,0.69359756097561,0.691419141914191,0.353125,0.00155763239875389,0.689497716894977,0.692546583850932,0.727131782945736,1,0.31875,0.688271604938272,0.476335877862595,0.43485342019544,0.00455235204855842,0.877708978328173,0.634920634920635,0.653846153846154,0,0.511041009463722,0.684615384615385,0.938744257274119,0.611195158850227,0.380239520958084,0,0,0.677083333333333,0.687687687687688,0,0.699846860643185,0.00465116279069767,0,0,0.67906976744186,0,0.690737833594976,0.658536585365854,0.615151515151515,0.677272727272727,0,0,0.685496183206107,0.715361445783133,0.801829268292683,0.312977099236641,0.00157977883096367,0.668683812405446,0.650381679389313,0.685758513931889,0.663622526636225,0.525157232704403,0,0.675883256528418,0.309748427672956,0.719435736677116,0.385208012326656,0,0.31570996978852,0.412403100775194,0.592,0.689497716894977,0,0.712349397590361,0.686363636363636,0.670731707317073,0,0.374803149606299,0.697865353037767,0.30278232405892,0.664110429447853,0.688988095238095,0.329721362229102,0.671317829457364,0.529862174578867,0.694915254237288,0.317757009345794,0.436420722135008,0.709035222052067,0.00470957613814757,0.324655436447167,0.697108066971081,0.329032258064516,0.766929133858268,0.543613707165109,0,0.392424242424242,0.691455696202532,0.506060606060606,0.691588785046729,0.313572542901716,0.416158536585366,0.639109697933227,0.706325301204819,0.6996996996997,0.715384615384615,0.920062695924765,0,0.706060606060606,0.31839258114374,0.681818181818182,0.579778830963665,0.30920060331825,0.681818181818182,0.702492211838006,0.67981072555205,0.672307692307692,0.687789799072643,0.403453689167975,0.451010886469673,0.665639445300462,0.677469135802469,0,0,0.697204968944099,0.697819314641745,0.322378716744914,0.692068429237947,0.69922480620155,0.549079754601227,0.694006309148265,0.668740279937792,0.672205438066465,0,0.682737169517885,0.537383177570093,0.702325581395349,0.687888198757764,0,0.737984496124031,0.692307692307692,0.306153846153846,0.722049689440994,0.544615384615385,0.816143497757848,0.684458398744113,0.716216216216216,0.391238670694864,0.681388012618297,0.694444444444444,0.693009118541033,0.5168,0.357698289269051,0.697388632872504,0.687116564417178,0.0030441400304414,0.783866057838661,0.594180704441041,0.48531684698609,0.689274447949527,0.680061823802164,0.705148205928237,0.695652173913043,0.148484848484848,0.30064308681672,0,0.726989079563182,0.316692667706708,0.304615384615385,0.496941896024465,0,0.708396946564885,0.718796992481203,0.687211093990755,0.691489361702128,0.402190923317684,0.307332293291732,0,0,0.446031746031746,0.371913580246914,0.435384615384615,0,0.316436251920123,0.683001531393568,0.126888217522659,0.499219968798752,0.700315457413249,0.650842266462481,0.701399688958009,0.66412213740458,0.63969465648855,0,0.688622754491018,0.559748427672956,0.6234375,0.695522388059701,0.697108066971081,0.561349693251534,0.00303490136570561,0.699236641221374,0.693353474320242,0,0.703148425787106,0.324159021406728,0.706161137440758,0.58868501529052,0,0.00461538461538462,0.644480519480519,0.726134585289515,0.32370820668693,0.40506329113924,0.00614439324116743,0.00156739811912226,0.673134328358209,0.326625386996904,0.687096774193548,0.521341463414634,0.685099846390169,0.3267776096823,0.53953488372093,0.558502340093604,0.7109375,0.398412698412698,0.309923664122137,0.00153609831029186,0.354889589905363,0,0.692541856925419,0.296950240770466,0.682020802377415,0.321981424148607,0.691455696202532,0,0.640416047548291,0.666151468315301,0.681181959564541,0,0.689230769230769,0,0.57007874015748,0.700152207001522,0,0.638297872340426,0.693396226415094,0.697530864197531,0.70253164556962,0.339449541284404,0,0.693939393939394,0.478056426332288,0,0.684698608964451,0.302533532041729,0.327794561933535,0.674454828660436,0.69435736677116,0.695324283559578,0.687595712098009,0.688271604938272,0,0.702325581395349,0.0105105105105105,0.547400611620795,0.491577335375191,0.689127105666156,0.676923076923077,0.683409436834094,0.706686930091185,0.0620272314674735,0.321981424148607,0.691693290734824,0.709531013615734,0.927469135802469,0.693474962063733,0.688449848024316,0.695121951219512,0,0,0.677514792899408,0,0.378419452887538,0,0.692546583850932,0.482428115015974,0.481832543443918,0.396992481203008,0.71875,0.00153139356814701,0.389230769230769,0.683641975308642,0.682926829268293,0.652582159624413,0.583086053412463,0.534023668639053,0.415037593984962,0.690625,0.312024353120244,0.439324116743472,0.643076923076923,0.542635658914729,0.94856278366112,0.305295950155763,0,0.303405572755418,0.53577106518283,0.691107644305772,0.611963190184049,0.46875,0.918057663125948,0.697852760736196,0.670196671709531,0.702875399361022,0.690402476780186,0.688291139240506,0.699376947040498,0.619195046439629,0.565749235474006,0.677115987460815,0.31547619047619,0.307922272047833,0.716486902927581,0.00605143721633888,0.689393939393939,0.681538461538462,0,0.415481832543444,0,0.723172628304821,0,0.703533026113671,0.695384615384615,0.329803328290469,0.676970633693972,0.682027649769585,0.656739811912226,0.634146341463415,0.682170542635659,0,0,0.710862619808307,0.703703703703704,0.680851063829787,0,0,0.313195548489666,0.506726457399103,0.649769585253456,0,0.589147286821705,0,0.701892744479495,0.703875968992248,0.402843601895735,0.553030303030303,0,0.543307086614173,0.674418604651163,0.719135802469136,0.698484848484848,0.691717791411043,0.325581395348837,0.687203791469194,0.0453125,0.68312101910828,0,0.685410334346505,0.00309119010819165,0.664050235478807,0.333333333333333,0.192546583850932,0,0,0.727272727272727,0.728260869565217,0.669195751138088,0.679273827534039,0.315548780487805,0.311526479750779,0.671296296296296,0.67420814479638,0,0.325545171339564,0.713841368584759,0,0.677115987460815,0.708649468892261,0.382945736434109,0.0261538461538462,0.30829420970266,0.678787878787879,0.567567567567568,0.391975308641975,0.421974522292994,0.385432473444613,0.811111111111111,0.392912172573189,0.694488188976378,0,0.76625386996904,0.690548780487805,0.0031055900621118,0,0.319054652880355,0,0.317073170731707,0.669230769230769,0.667706708268331,0.309904153354633,0.296875,0.6296875,0.6875,0.660091047040971,0.0379939209726444,0.306603773584906,0.0518867924528302,0.0214067278287462,0,0.270353302611367,0.31981981981982,0.314241486068111,0.325688073394495,0.301972685887709,0.0362204724409449,0.0395738203957382,0.321646341463415,0.0200308166409861,0.00643086816720257,0.0372093023255814,0.0229709035222052,0.0444104134762634,0.330246913580247,0.0243531202435312,0.310725552050473,0.322378716744914,0.032051282051282,0.311248073959938,0.0468986384266263,0.316358024691358,0.341984732824427,0.325892857142857,0.316770186335404
"426",0.00956937799043062,0.00782472613458529,0.0341614906832298,0.0758064516129032,0.0189873417721519,0.00643086816720257,0.106109324758842,0.0300157977883096,0.0062111801242236,0,0.0046656298600311,0,0.440570522979398,0.00807754442649435,0.95253164556962,0.9890625,0,0.0015748031496063,0.00796178343949045,0.0250391236306729,0.85202492211838,0.962295081967213,0.0156494522691706,0,0.0501567398119122,0.75594294770206,0.880763116057234,0.0193861066235864,0.542813455657492,0.314641744548287,0.99375,0.313408723747981,0.232484076433121,0.702660406885759,0,0.0062111801242236,0.00475435816164818,0.0108695652173913,0.75531914893617,0.100308641975309,0,0,0,0.00794912559618442,0.211129296235679,0.969551282051282,0.491228070175439,0.995176848874598,0.524767801857585,0.865947611710324,0,0.00958466453674121,0.7328125,0.00789889415481832,0.114649681528662,0.833602584814216,0,0.0336538461538462,0.0473933649289099,0.097331240188383,0.708722741433022,0.568075117370892,0.993620414673046,0,0.114331723027375,0.190251572327044,0,0.0188383045525903,0,0.99184339314845,0.14175654853621,0.989010989010989,0.971291866028708,0.00623052959501558,0,0.292117465224111,0.95,0.429022082018927,0.101612903225806,0.733443708609272,0,0.298273155416013,0.790446841294299,0.00771604938271605,0.889937106918239,0.0972222222222222,0.00943396226415094,0.0403726708074534,0.0379746835443038,0,0.0177993527508091,0.00473186119873817,0,0,0.0289855072463768,0,0.702954898911353,0.0237341772151899,0,0,0.376582278481013,0,0.729299363057325,0.00476947535771065,0.893188854489164,0.00650406504065041,0,0.0270700636942675,0.995222929936306,0.985804416403785,0.985871271585557,0.0907643312101911,0.664586583463339,0.0142857142857143,0,0.0170542635658915,0.285491419656786,0,0.992163009404389,0.770700636942675,0,0.235015772870662,0.763406940063092,0.906602254428341,0.0298273155416013,0.85062893081761,0.0077639751552795,0.010989010989011,0,0.45839874411303,0.0723472668810289,0.528735632183908,0.0176848874598071,0,0.0146103896103896,0.970588235294118,0,0.799050632911392,0.369255150554675,0.484451718494272,0,0,0.0251572327044025,0.252747252747253,0.830097087378641,0.00628930817610063,0.985736925515055,0.0846394984326019,0.58252427184466,0.0214723926380368,0.863563402889246,0.0236593059936909,0.00630914826498423,0.169303797468354,0.0127388535031847,0.991922455573506,0.0046656298600311,0.993730407523511,0,0.274322169059011,0.1321044546851,0.0220472440944882,0.978193146417445,0,0.00773993808049536,0.559294871794872,0.00489396411092985,0.0031201248049922,0.00625,0.710280373831776,0.0266875981161695,0.992125984251969,0.0523882896764253,0.993846153846154,0.104166666666667,0.625391849529781,0,0.0188976377952756,0,0.157232704402516,0.00625,0.876190476190476,0.0249221183800623,0.0589147286821705,0.0123456790123457,0.0342679127725857,0.896875,0.62,0.073051948051948,0.0642054574638844,0.938080495356037,0.990566037735849,0.0256410256410256,0.126934984520124,0,0,0.71563981042654,0,0.00625978090766823,0.739469578783151,0.118971061093248,0.250396196513471,0.0139751552795031,0.579778830963665,0.575277337559429,0.71405750798722,0.0824261275272162,0.0383386581469649,0.122257053291536,0,0.132911392405063,0.824104234527687,0.05103668261563,0.993650793650794,0.9375,0.461538461538462,0.028391167192429,0.0260736196319018,0.164012738853503,0.00793650793650794,0.113268608414239,0,0.931637519872814,0.355140186915888,0.0112179487179487,0,0.0154320987654321,0.0231481481481481,0.4496,0.450079239302694,0.0190174326465927,0.00487012987012987,0.644230769230769,0,0.108024691358025,0.478537360890302,0.0355411954765751,0.993730407523511,0.0465116279069767,0.00797448165869218,0.00475435816164818,0.0518053375196232,0.4578125,0.992,0.0362204724409449,0.465408805031447,0.989280245022971,0.992307692307692,0.789983844911147,0.992088607594937,0.8496,0.350547730829421,0.9921875,0.993700787401575,0.982866043613707,0.433903576982893,0.953451043338684,0.0161550888529887,0,0.993730407523511,0,0.776,0.00806451612903226,0.0251177394034537,0.0917573872472784,0,0.123176661264182,0.162287480680062,0.307936507936508,0.403785488958991,0.5484375,0.558028616852146,0,0.00635930047694754,0.902866242038217,0.305691056910569,0.0421875,0.985915492957746,0.247261345852895,0.992175273865415,0.89010989010989,0.00618238021638331,0.00657894736842105,0.0993589743589744,0,0.364885496183206,0.113418530351438,0,0.995341614906832,0.101694915254237,0.0240770465489567,0,0.993670886075949,0.993769470404984,0.0270700636942675,0.124600638977636,0.991869918699187,0,0.620094191522763,0.0144,0.227906976744186,0.606864274570983,0.334384858044164,0.0453834115805947,0.9824,0.0077639751552795,0.00791139240506329,0.990580847723705,0.04375,0.00637958532695375,0.0258064516129032,0.0109717868338558,0.810289389067524,0.693270735524257,0.723270440251572,0.0272873194221509,0.0620915032679739,0.00313479623824451,0.739549839228296,0.0304,0.8640625,0.697063369397218,0.0110584518167457,0.0110935023771791,0.031496062992126,0.313213703099511,0.00615384615384615,0.756369426751592,0.0375586854460094,0.00975609756097561,0,0.679012345679012,0.4544,0.974603174603175,0.00155038759689922,0.984639016897081,0.0936507936507937,0.9671875,0.995290423861852,0,0.77567140600316,0.0145395799676898,0.926447574334898,0.0194805194805195,0.0337078651685393,0.0158227848101266,0.7248,0.719155844155844,0.336038961038961,0.536824877250409,0,0.193650793650794,0.984779299847793,0.958139534883721,0.814580031695721,0.00635930047694754,0.993640699523052,0,0.669811320754717,0.985849056603774,0.96969696969697,0.543130990415335,0.00646203554119548,0.719806763285024,0.0066006600660066,0.0361067503924647,0,0.0178306092124814,0.99375,0.00928792569659443,0.173501577287066,0.00822368421052632,0.984101748807631,0.0306748466257669,0.992236024844721,0.122641509433962,0.293245469522241,0.0614173228346457,0.0188976377952756,0.00637958532695375,0.722135007849294,0.0427215189873418,0.00771604938271605,0.993808049535604,0.969936708860759,0.00478468899521531,0.00316455696202532,0.682242990654206,0.124213836477987,0.0277324632952692,0.0523076923076923,0.00625,0,0.876019575856444,0.00476190476190476,0.990551181102362,0,0.0396196513470681,0,0.949919224555735,0.00623052959501558,0.0349206349206349,0,0.373608903020668,0.588419405320814,0.0241545893719807,0.995192307692308,0.130016051364366,0.00963081861958266,0.626602564102564,0.397815912636505,0.214173228346457,0,0.848200312989045,0.0273311897106109,0.00631911532385466,0.559875583203733,0.00619195046439629,0.03035413153457,0.961965134706815,0,0.0201550387596899,0.0110935023771791,0.055379746835443,0.31875,1,0.129392971246006,0.783825816485226,0.802675585284281,0,0.381558028616852,0.387301587301587,0.385220125786164,0,0.711920529801324,0.0913385826771654,0.370942812982998,0.482003129890454,0.917293233082707,0,0,0.00455235204855842,0.0309597523219814,0,0.0838607594936709,0,0,0,0.00947867298578199,0,0.00815660685154975,0.230647709320695,0.477272727272727,0.0061633281972265,0,0,0.0139318885448916,0.0419254658385093,0.2890625,0.995327102803738,0,0.10989010989011,0.414330218068536,0.00791139240506329,0.468847352024922,0.643435980551053,0,0.02660406885759,0.993589743589744,0.0418006430868167,0.916666666666667,0,0.984732824427481,0.884858044164038,0.528428093645485,0.0327102803738318,0,0.0540123456790123,0.0252764612954186,0.00792393026941363,0,0.925686591276252,0.0691927512355848,0.988691437802908,0.00311526479750779,0.0077639751552795,0.985781990521327,0.00634920634920635,0.711388455538221,0.192901234567901,0.985668789808917,0.834138486312399,0.0393081761006289,0,0.99375,0.0346456692913386,0.986885245901639,0.337115072933549,0.595846645367412,0,0.886996904024768,0.255627009646302,0.756211180124224,0.0268987341772152,0.993640699523052,0.869767441860465,0.556836902800659,0.0491551459293395,0.120795107033639,0.0455974842767296,0.260869565217391,0,0.0247678018575851,0.993740219092332,0.0368589743589744,0.619651347068146,0.992283950617284,0.0077639751552795,0.00635930047694754,0.00471698113207547,0.36031746031746,0.0203125,0.870662460567823,0.818181818181818,0.0476947535771065,0.10939907550077,0,0,0.0159744408945687,0.0610932475884244,0.977455716586151,0.0224719101123595,0.014218009478673,0.643192488262911,0.0627009646302251,0.269537480063796,0.109737248840804,0,0.031496062992126,0.669316375198728,0.00635930047694754,0.00769230769230769,0,0.368253968253968,0.032258064516129,0.992,0.321543408360129,0.611023622047244,0.206373292867982,0.309791332263242,0.0475460122699387,0.919876733436055,0.0224358974358974,0.00771604938271605,0.0265625,0.696574225122349,0.870607028753994,0.015552099533437,0.0061633281972265,0,0.235569422776911,0.553459119496855,0.741732283464567,0.241758241758242,0.00630914826498423,0.122065727699531,0.0031201248049922,0.106317411402157,0.996763754045307,0,0.167192429022082,0.993700787401575,0.993700787401575,0.71656050955414,0,0.018957345971564,0.0902021772939347,0.00626959247648903,0.0139103554868624,0.91653290529695,0.993527508090615,0,0,0.83968253968254,0.907348242811502,0.852272727272727,0,0.993670886075949,0.00630914826498423,0.426791277258567,0.718600953895072,0.00801282051282051,0.415625,0.0304975922953451,0.342679127725857,0.3671875,0,0.00453857791225416,0.606687898089172,0.508914100486224,0.0791925465838509,0.0154320987654321,0.608424336973479,0,0.04858934169279,0.0450310559006211,0,0.0403100775193798,0.974763406940063,0.0229885057471264,0.575899843505477,0,0,0.476973684210526,0.16852146263911,0.99375,0.871175523349436,0,0,0.255707762557078,0.979233226837061,0.00831946755407654,0.675548589341693,0.013953488372093,0.9921875,0.613104524180967,0.679425837320574,0.131707317073171,0.904220779220779,0.990595611285266,0,0.951534733441034,0,0.012326656394453,0.794117647058823,0.0228658536585366,0.98876404494382,0.00809061488673139,0,0.5,0.545454545454545,0.00797448165869218,0,0.00930232558139535,0,0.598694942903752,0.0200617283950617,0,0.341121495327103,0.0222575516693164,0.25434439178515,0.0484652665589661,0.968553459119497,0,0.00476947535771065,0.736842105263158,0,0.31201248049922,0.992389649923896,0.976635514018692,0.00485436893203883,0.00643086816720257,0.0168970814132104,0.0345368916797488,0.0253164556962025,0,0.0344287949921753,0,0.657935285053929,0.703588143525741,0.0173501577287066,0.0125786163522013,0.0138248847926267,0.0139751552795031,0.029595015576324,0.977917981072555,0.0210016155088853,0.0470957613814757,0.292834890965732,0.0283018867924528,0.00623052959501558,0.0311526479750779,0,0,0.0213740458015267,0,0.938291139240506,0.00160771704180064,0.0443740095087163,0.722675367047308,0.808510638297872,0.880804953560371,0.0841423948220065,0.00157728706624606,0.894819466248038,0.00784929356357928,0.00627943485086342,0.36650868878357,0.588502269288956,0.791793313069909,0.811728395061728,0.348387096774194,0.992175273865415,0.880434782608696,0.462025316455696,0.744038155802862,0.313664596273292,0.979527559055118,0,0.995176848874598,0.685667752442997,0.008,0.357254290171607,0.781679389312977,0.381558028616852,0.117647058823529,0.0186625194401244,0.0456769983686786,0.0192926045016077,0.00645161290322581,0.00802568218298555,0.454113924050633,0.574568288854003,0.00786163522012579,0.987841945288754,0.990683229813665,0.128930817610063,0,0.00618238021638331,0.031496062992126,0,0.887254901960784,0,0.0471544715447154,0,0.0282131661442006,0.00474683544303797,0.98780487804878,0.160629921259843,0.00623052959501558,0.359746434231379,0.396825396825397,0.113237639553429,0,0,0.0648298217179903,0.0547112462006079,0.0154559505409583,0,0,0.993650793650794,0.771875,0.517774343122102,0,0.549763033175355,0,0.0766773162939297,0.0062992125984252,0.805825242718447,0.761755485893417,0,0.634340222575517,0.40251572327044,0.139280125195618,0.0384024577572965,0.236677115987461,0.993620414673046,0.0162074554294976,0.0897435897435897,0.00486223662884927,0,0.024390243902439,0,0.00797448165869218,0.977635782747604,0.617224880382775,0,0,0.170886075949367,0.0829268292682927,0.0610328638497653,0.30030959752322,0.968798751950078,0.990243902439024,0.165869218500797,0.180152671755725,0,0.982456140350877,0.0410094637223975,0,0.0228384991843393,0.0421875,0.930817610062893,0,0.990551181102362,0.0046801872074883,0.525641025641026,0.92845786963434,0.906050955414013,0.87962962962963,0.313213703099511,0.908668730650155,0.00786163522012579,0,0.263492063492063,0.0218068535825545,0,0,0.99388379204893,0,0.993769470404984,0.00635930047694754,0.285483870967742,0.9936,0.993650793650794,0.456869009584665,0.0476190476190476,0.571428571428571,0.0015552099533437,0.993537964458804,0.0435483870967742,0.0062402496099844,0,0.808846761453397,0.987616099071207,0.995260663507109,0.982785602503912,0.99537037037037,0,0.00153609831029186,0.977987421383648,0.00159744408945687,0.00161030595813205,0.0221169036334913,0.00154798761609907,0.00157977883096367,0.987281399046105,0.00791139240506329,0.995065789473684,0.991909385113269,0.0016,0.985736925515055,0.0463678516228748,0.993690851735016,0.903785488958991,0.993846153846154,0.993640699523052
"427",0.868589743589744,0.856692913385827,0.894819466248038,0.872,0.871710526315789,0.865040650406504,0.92,0.880952380952381,0.850931677018634,0.00643086816720257,0.869085173501577,0.00638977635782748,0.634645669291339,0.855305466237942,0.163265306122449,0.15506329113924,0.0046801872074883,0.0222222222222222,0.87075928917609,0.862559241706161,0.285939968404423,0.158238172920065,0.855799373040752,0.00470219435736677,0.846635367762128,0.3664,0.239302694136292,0.843548387096774,0.548536209553159,0.736349453978159,0.138198757763975,0.776898734177215,0.822327044025157,0.349606299212598,0.00462962962962963,0.864,0.0251177394034537,0.85511811023622,0.378995433789954,0.808709175738725,0.0047244094488189,0.0189873417721519,0.010989010989011,0.870253164556962,0.780687397708674,0.161341853035144,0.561320754716981,0.113744075829384,0.547839506172839,0.253067484662577,0.00630914826498423,0.864217252396166,0.3734375,0.865506329113924,0.912280701754386,0.280327868852459,0.00165016501650165,0.83974358974359,0.900311526479751,0.885220125786163,0.36875,0.503164556962025,0.130990415335463,0.0065359477124183,0.820097244732577,0.771028037383178,0.0031496062992126,0.857142857142857,0.00316957210776545,0.12379421221865,0.772230889235569,0.125596184419714,0.151515151515152,0.868624420401855,0.00317460317460317,0.78021978021978,0.165109034267913,0.623255813953488,0.941080196399345,0.368333333333333,0.004739336492891,0.770800627943485,0.320433436532508,0.856025039123631,0.235478806907378,0.850077279752705,0.85243328100471,0.871317829457364,0.85179407176287,0.0138674884437596,0.855325914149444,0.856025039123631,0.00641025641025641,0.0046875,0.853658536585366,0.00321543408360129,0.419152276295133,0.860062893081761,0.0141509433962264,0.0142857142857143,0.680379746835443,0.00315955766192733,0.399030694668821,0.871382636655949,0.220679012345679,0.857605177993528,0.0111821086261981,0.897151898734177,0.13614262560778,0.132283464566929,0.138364779874214,0.92018779342723,0.43968253968254,0.856025039123631,0.00638977635782748,0.891679748822606,0.783359497645212,0.00628930817610063,0.130769230769231,0.320695102685624,0.00465116279069767,0.832807570977918,0.356466876971609,0.194174757281553,0.861904761904762,0.253894080996885,0.855799373040752,0.871224165341812,0.0063391442155309,0.629160063391442,0.866454689984102,0.522875816993464,0.861022364217252,0.00310077519379845,0.8528,0.152886115444618,0.00471698113207547,0.334928229665072,0.628346456692913,0.616883116883117,0.00638977635782748,0.00490998363338789,0.872813990461049,0.738317757009346,0.288961038961039,0.86741214057508,0.135860979462875,0.858914728682171,0.502392344497608,0.873846153846154,0.256451612903226,0.859375,0.864516129032258,0.772230889235569,0.865947611710324,0.116316639741519,0.862123613312203,0.128164556962025,0.00315457413249211,0.733652312599681,1,0.858490566037736,0.158307210031348,0.0062402496099844,0.871715610510046,0.546925566343042,0.862012987012987,0.863422291993721,0.858034321372855,0.362654320987654,0.884676145339652,0.134706814580032,0.859594383775351,0.135007849293564,0.983974358974359,0.46046511627907,0.00638977635782748,0.855095541401274,0.00623052959501558,0.781446540880503,0.872813990461049,0.22168284789644,0.875786163522013,0.8375,0.859969558599696,0.86875,0.214626391096979,0.456386292834891,0.843042071197411,0.856230031948882,0.1828125,0.140625,0.875796178343949,0.932389937106918,0.00303951367781155,0.00470957613814757,0.428802588996764,0.00634920634920635,0.860501567398119,0.351477449455676,0.922330097087379,0.71875,0.866564417177914,0.541996830427892,0.489953632148377,0.400635930047695,0.826433121019108,0.846153846153846,0.951638065522621,0.00644122383252818,0.800627943485086,0.301435406698565,0.874193548387097,0.14170692431562,0.204368174726989,0.622611464968153,0.866352201257862,0.864197530864197,0.896825396825397,0.870514820592824,0.82780410742496,0.00625978090766823,0.202194357366771,0.686335403726708,0.862012987012987,0.00630914826498423,0.854430379746835,0.885145482388974,0.638364779874214,0.568,0.853503184713376,0.862903225806452,0.488076311605723,0.00655737704918033,0.934883720930233,0.619426751592357,0.89344262295082,0.138629283489097,0.852307692307692,0.871382636655949,0.861586314152411,0.855095541401274,0.572327044025157,0.140096618357488,0.884493670886076,0.568535825545171,0.126717557251908,0.133333333333333,0.287781350482315,0.129392971246006,0.271268057784912,0.705521472392638,0.131746031746032,0.146645865834633,0.138845553822153,0.674454828660436,0.168576104746318,0.873581847649919,0.0113085621970921,0.125,0.00476947535771065,0.333868378812199,0.869634340222575,0.855784469096672,0.832543443917852,0.00626959247648903,0.993527508090615,0.773643410852713,0.770334928229665,0.693877551020408,0.5392,0.488076311605723,0.0141065830721003,0.855769230769231,0.229457364341085,0.781350482315113,0.893548387096774,0.139280125195618,0.778301886792453,0.137658227848101,0.231132075471698,0.865740740740741,0.85829307568438,0.919614147909968,0.00461538461538462,0.699059561128527,0.921850079744817,0.004739336492891,0.122834645669291,0.923913043478261,0.885714285714286,0.00470957613814757,0.127527216174184,0.127527216174184,0.8864,0.883116883116883,0.127009646302251,0.00321027287319422,0.496835443037975,0.882165605095541,0.832025117739403,0.469194312796209,0.716129032258065,0.845425867507886,0.139280125195618,0.868012422360248,0.855572998430141,0.129392971246006,0.864992150706436,0.866666666666667,0.856913183279743,0.862992125984252,0.292834890965732,0.411944869831547,0.404761904761905,0.890675241157556,0.854838709677419,0.0500782472613459,0.362341772151899,0.886035313001605,0.247244094488189,0.385321100917431,0.875,0.859872611464968,0.882539682539683,0.7184,0.85981308411215,0.332283464566929,0.887147335423197,0.862459546925566,0.00631911532385466,0.418351477449456,0.651612903225806,0.135007849293564,0.0546021840873635,0.133333333333333,0.830218068535826,0.162538699690402,0.128526645768025,0.00464396284829721,0.329113924050633,0.861198738170347,0.19620253164557,0.888707037643208,0.890995260663507,0.875399361022364,0.399678972712681,0.401626016260163,0.67304625199362,0.51077943615257,0.0046801872074883,0.794258373205742,0.135464231354642,0.159126365054602,0.327044025157233,0.86031746031746,0.1328125,0.00628930817610063,0.435257410296412,0.141965678627145,0.15689381933439,0.55591054313099,0.860282574568289,0.385483870967742,0.86863711001642,0.853543307086614,0.0046875,0.873493975903614,0.120743034055728,0.852534562211982,0.793375394321767,0.866883116883117,0.143987341772152,0.848818897637795,0.131955484896661,0.800319488817891,0.740322580645161,0.843260188087774,0.878125,0.865079365079365,0.4,0.846153846153846,0.857364341085271,0.130368098159509,0.139904610492846,0.864734299516908,0.866877971473851,0.427672955974843,0.793103448275862,0.850649350649351,0.856240126382307,0.863565891472868,0.00162866449511401,0.232899022801303,0.869362363919129,0.139423076923077,0.00646203554119548,0.896940418679549,0.00806451612903226,0.170144462279294,0.868501529051988,0.892405063291139,0.0112540192926045,0.693146417445483,0.496025437201908,0.886885245901639,0.125806451612903,0.795275590551181,0.86385737439222,0.464401294498382,0.674418604651163,0.822966507177033,0.00319488817891374,0.281150159744409,0.898550724637681,0.864217252396166,0.513385826771654,0.865325077399381,0.844112769485904,0.148089171974522,0.00628930817610063,0.870917573872473,0.85828025477707,0.856459330143541,0.688271604938272,0.129392971246006,1,0.34585289514867,0.30655737704918,0.0109204368174727,0.640901771336554,0.629746835443038,0.67192429022082,0.00470219435736677,0.381789137380192,0.916271721958926,0.660436137071651,0.609302325581395,0.208206686930091,0.0046583850931677,0.00464396284829721,0.856707317073171,0.842266462480858,0.00314465408805031,0.872813990461049,0.00969305331179321,0.00618238021638331,0.00655737704918033,0.869634340222575,0.003125,0.878205128205128,0.780952380952381,0.617647058823529,0.862928348909657,0.00641025641025641,0.004739336492891,0.870458135860979,0.852807283763278,0.739403453689168,0.130637636080871,0.00323624595469256,0.912636505460218,0.6734375,0.87797147385103,0.5703125,0.449438202247191,0.0031496062992126,0.864823348694316,0.138041733547352,0.90224358974359,0.203149606299213,0.00470957613814757,0.132307692307692,0.246794871794872,0.5,0.846511627906977,0.00627943485086342,0.874233128834356,0.866666666666667,0.868954758190328,0.00637958532695375,0.201923076923077,0.823240589198036,0.137479541734861,0.860501567398119,0.859756097560976,0.13302034428795,0.854914196567863,0.406003159557662,0.811320754716981,0.149842271293375,0.281150159744409,0.856466876971609,0.0112359550561798,0.135048231511254,0.87519747235387,0.143317230273752,0.704065040650407,0.496794871794872,0.00626959247648903,0.229457364341085,0.830618892508143,0.371695178849145,0.864433811802233,0.1264,0.272868217054264,0.491027732463295,0.861963190184049,0.88719512195122,0.855784469096672,0.734299516908213,0.00482315112540193,0.855590062111801,0.130434782608696,0.835725677830941,0.50801282051282,0.132307692307692,0.864139020537125,0.873015873015873,0.858730158730159,0.649122807017544,0.873217115689382,0.253184713375796,0.3056,0.850393700787402,0.937984496124031,0.00623052959501558,0.00320512820512821,0.862681744749596,0.837925445705024,0.145161290322581,0.874203821656051,0.873417721518987,0.480314960629921,0.87075928917609,0.723472668810289,0.913249211356467,0.00464396284829721,0.858974358974359,0.447665056360709,0.876996805111821,0.863708399366086,0.0060790273556231,0.6624,0.888,0.140157480314961,0.725961538461538,0.474603174603175,0.769578313253012,0.72107765451664,0.841049382716049,0.221698113207547,0.889430894308943,0.862776025236593,0.892282958199357,0.420195439739414,0.213166144200627,0.871069182389937,0.868217054263566,0.010989010989011,0.765625,0.501557632398754,0.357594936708861,0.82484076433121,0.860979462875197,0.814173228346457,0.858895705521472,0.147919876733436,0.138157894736842,0.00622083981337481,0.907348242811502,0.135007849293564,0.132605304212168,0.387045813586098,0.0063391442155309,0.865625,0.855140186915888,0.86053882725832,0.859133126934985,0.229067930489731,0.137380191693291,0.0060790273556231,0.00626959247648903,0.287319422150883,0.201938610662359,0.276357827476038,0.00316957210776545,0.125588697017268,0.858505564387917,0.0686427457098284,0.408,0.864566929133858,0.659305993690852,0.85048231511254,0.704968944099379,0.682027649769585,0.00313479623824451,0.866057838660578,0.495161290322581,0.591276252019386,0.941176470588235,0.883177570093458,0.476635514018692,0.00947867298578199,0.871835443037975,0.873831775700935,0.00159235668789809,0.83641975308642,0.146456692913386,0.855973813420622,0.471428571428571,0.00316957210776545,0.0125588697017268,0.629382303839733,0.868878357030016,0.134796238244514,0.263578274760383,0.0141955835962145,0.00651465798045603,0.755351681957186,0.142633228840125,0.871074380165289,0.429663608562691,0.871715610510046,0.12888198757764,0.422291993720565,0.393258426966292,0.971014492753623,0.210440456769984,0.141732283464567,0.0062402496099844,0.169354838709677,0.00622083981337481,0.871559633027523,0.140600315955766,0.886191198786039,0.136655948553055,0.852459016393443,0.0046656298600311,0.575193798449612,0.534090909090909,0.859872611464968,0.00481540930979133,0.860429447852761,0.00478468899521531,0.479032258064516,0.864992150706436,0.00622083981337481,0.727838258164852,0.858954041204437,0.714968152866242,0.899521531100478,0.15527950310559,0.00641025641025641,0.856012658227848,0.373397435897436,0.00465116279069767,0.773790951638066,0.125382262996942,0.154330708661417,0.864516129032258,0.871589085072231,0.855140186915888,0.832528180354267,0.8592,0.0046801872074883,0.8625,0.0248833592534992,0.470404984423676,0.399046104928458,0.862714508580343,0.860979462875197,0.868954758190328,0.86,0.0662460567823344,0.1424,0.866883116883117,0.867283950617284,0.705882352941177,0.845295055821372,0.869158878504673,0.894154818325434,0.00614439324116743,0.00613496932515337,0.848575712143928,0.00622083981337481,0.198748043818466,0.00159489633173844,0.865293185419968,0.387820512820513,0.326332794830372,0.238461538461538,0.8288,0.00793650793650794,0.231259968102073,0.860062893081761,0.871674491392801,0.704761904761905,0.519083969465649,0.327794561933535,0.288819875776398,0.650485436893204,0.131455399061033,0.238993710691824,0.634920634920635,0.338632750397456,0.711356466876972,0.13968253968254,0.0063391442155309,0.126805778491172,0.43859649122807,0.860162601626016,0.729559748427673,0.344086021505376,0.6513470681458,1,0.844854070660522,0.884057971014493,0.865695792880259,0.863414634146341,0.859677419354839,0.617693522906793,0.509463722397476,0.865506329113924,0.135176651305684,0.143962848297214,0.971473851030111,0.0123839009287926,0.866153846153846,0.8352,0.00478468899521531,0.234248788368336,0.0047244094488189,0.854864433811802,0.0048780487804878,0.868012422360248,0.864433811802233,0.134069400630915,0.812893081761006,0.859842519685039,0.729773462783172,0.673913043478261,0.913112164296998,0.00470957613814757,0.00475435816164818,0.873563218390805,0.871016691957511,0.87519747235387,0.0062402496099844,0.0015625,0.135179153094463,0.319875776397516,0.513470681458003,0.00470219435736677,0.54746835443038,0.00474683544303797,0.833063209076175,0.857142857142857,0.293075684380032,0.359133126934985,0.0045662100456621,0.442857142857143,0.603149606299213,0.779874213836478,0.885093167701863,0.805687203791469,0.132911392405063,0.884552845528455,0.0318471337579618,0.849757673667205,0.00482315112540193,0.866459627329193,0.00793650793650794,0.854132901134522,0.153354632587859,0.0941558441558442,0.0063391442155309,0.00636942675159236,0.884735202492212,0.815235008103728,0.908242612752722,0.696540880503145,0.153262518968134,0.144694533762058,0.764150943396226,0.75,0.0032,0.139871382636656,0.84430176565008,0.00313479623824451,0.847540983606557,0.901408450704225,0.180379746835443,0.0422535211267606,0.123222748815166,0.863076923076923,0.52572347266881,0.194620253164557,0.236928104575163,0.23444976076555,0.739130434782609,0.213728549141966,0.865293185419968,0.00642054574638844,0.74565560821485,0.856025039123631,0.00794912559618442,0.00625,0.128398791540786,0.00315955766192733,0.146263910969793,0.859399684044234,0.705882352941177,0.123993558776167,0.133858267716535,0.640194489465154,0.914790996784566,0.52132701421801,0.0555555555555556,0.131493506493506,0.0666666666666667,0.0232558139534884,0.00635930047694754,0.148867313915858,0.144615384615385,0.127760252365931,0.1546875,0.129890453834116,0.0516962843295638,0.0594679186228482,0.146875,0.0222929936305732,0.00644122383252818,0.0380348652931854,0.028391167192429,0.0613207547169811,0.141494435612083,0.0268562401263823,0.129449838187702,0.151273885350318,0.0466988727858293,0.130298273155416,0.0400616332819723,0.137440758293839,0.14873417721519,0.131498470948012,0.130503144654088
"428",0.239165329052969,0.238759689922481,0.253067484662577,0.2976,0.251177394034537,0.223113964686998,0.308306709265176,0.242236024844721,0.239567233384853,0,0.23728813559322,0,0.556942277691108,0.238546603475513,0.767801857585139,0.781345565749236,0,0.00623052959501558,0.2234375,0.244992295839753,0.734789391575663,0.775080906148867,0.251552795031056,0,0.263157894736842,0.822884012539185,0.802180685358255,0.243285939968404,0.592933947772657,0.436532507739938,0.764525993883792,0.473846153846154,0.420221169036335,0.740340030911901,0,0.224648985959438,0.00765696784073507,0.236111111111111,0.721212121212121,0.291603053435115,0.00156739811912226,0.00309597523219814,0.00155763239875389,0.219589257503949,0.417721518987342,0.765923566878981,0.720634920634921,0.7578125,0.609351432880845,0.714714714714715,0,0.23950233281493,0.684867394695788,0.231974921630094,0.313880126182965,0.733017377567141,0,0.255485893416928,0.256651017214397,0.346564885496183,0.843410852713178,0.619631901840491,0.776714513556619,0,0.310832025117739,0.366564417177914,0,0.240188383045526,0,0.748427672955975,0.375963020030817,0.75,0.777604976671851,0.241274658573596,0,0.476993865030675,0.76793893129771,0.544461778471139,0.324367088607595,0.708609271523179,0,0.500758725341426,0.752293577981651,0.234206471494607,0.720858895705521,0.301369863013699,0.231007751937985,0.268104776579353,0.266666666666667,0.00152439024390244,0.23861852433281,0.227414330218069,0,0,0.254428341384863,0,0.661042944785276,0.25194401244168,0.0015527950310559,0.00158478605388273,0.506269592476489,0,0.703937007874016,0.23943661971831,0.759398496240602,0.2384,0.00156739811912226,0.253125,0.774091627172196,0.776729559748428,0.765696784073507,0.300787401574803,0.669254658385093,0.236133122028526,0,0.247663551401869,0.476923076923077,0,0.770769230769231,0.701726844583987,0,0.437795275590551,0.716951788491446,0.795562599049128,0.255813953488372,0.756172839506173,0.244615384615385,0.236760124610592,0,0.54858934169279,0.278560250391236,0.551282051282051,0.240829346092504,0,0.22992125984252,0.755287009063444,0,0.734920634920635,0.610142630744849,0.56140350877193,0,0,0.254237288135593,0.445987654320988,0.739059967585089,0.248818897637795,0.747235387045814,0.293478260869565,0.626602564102564,0.25,0.769968051118211,0.247678018575851,0.2352,0.372827804107425,0.230293663060278,0.744038155802862,0.222919937205651,0.77337559429477,0,0.442700156985871,0.343987823439878,0.233176838810642,0.751159196290572,0,0.243531202435312,0.625786163522013,0.232142857142857,0.2326656394453,0.232919254658385,0.760242792109256,0.254185692541857,0.779342723004695,0.269938650306748,0.765506807866868,0.318037974683544,0.8,0,0.246875,0,0.369565217391304,0.236024844720497,0.731974921630094,0.243788819875776,0.287480680061824,0.229041916167665,0.244615384615385,0.758566978193146,0.658385093167702,0.307692307692308,0.287337662337662,0.752321981424149,0.756880733944954,0.247634069400631,0.331782945736434,0,0,0.703296703296703,0.0015600624024961,0.243788819875776,0.722137404580153,0.321656050955414,0.462962962962963,0.246951219512195,0.610410094637224,0.562883435582822,0.69826224328594,0.294851794071763,0.263239875389408,0.327160493827161,0,0.330733229329173,0.7504,0.275862068965517,0.755451713395639,0.791225416036309,0.544049459041731,0.254290171606864,0.253799392097264,0.382581648522551,0.226708074534162,0.339563862928349,0,0.790551181102362,0.500772797527048,0.233438485804416,0,0.235474006116208,0.243975903614458,0.537750385208012,0.515479876160991,0.249605055292259,0.235668789808917,0.638198757763975,0,0.306625577812018,0.604068857589984,0.26517571884984,0.771341463414634,0.276073619631902,0.235478806907378,0.236196319018405,0.273301737756714,0.569444444444444,0.759433962264151,0.2640625,0.697204968944099,0.760059612518629,0.767692307692308,0.677830940988836,0.772585669781931,0.747235387045814,0.471841704718417,0.767080745341615,0.755384615384615,0.772727272727273,0.518292682926829,0.748815165876777,0.245641838351823,0.00316455696202532,0.7609375,0,0.701130856219709,0.249206349206349,0.244167962674961,0.333848531684699,0,0.329581993569132,0.349693251533742,0.496845425867508,0.553125,0.617693522906793,0.543581616481775,0.0031201248049922,0.243328100470958,0.760869565217391,0.483766233766234,0.257364341085271,0.773993808049536,0.414596273291925,0.760869565217391,0.7484375,0.230534351145038,0.232258064516129,0.305511811023622,0,0.487616099071207,0.3046875,0,0.756923076923077,0.298165137614679,0.250396196513471,0,0.760061919504644,0.774294670846395,0.245222929936306,0.337025316455696,0.773162939297125,0,0.646058732612056,0.251572327044025,0.401840490797546,0.642301710730949,0.478056426332288,0.261609907120743,0.765891472868217,0.246200607902736,0.237341772151899,0.780096308186196,0.2601246105919,0.232704402515723,0.248803827751196,0.241960183767228,0.782270606531882,0.668721109399075,0.703296703296703,0.246835443037975,0.274193548387097,0.0153139356814701,0.688188976377953,0.256211180124224,0.85377358490566,0.671171171171171,0.241433021806854,0.247226624405705,0.277950310559006,0.490536277602524,0.231354642313546,0.682389937106918,0.263239875389408,0.233807266982622,0,0.675344563552833,0.5488,0.770542635658915,0.0139103554868624,0.754573170731707,0.306853582554517,0.762870514820593,0.763888888888889,0,0.815625,0.239302694136292,0.722480620155039,0.253611556982344,0.268217054263566,0.250783699059561,0.695924764890282,0.687702265372168,0.4884437596302,0.60327868852459,0,0.390625,0.74885145482389,0.75,0.731895223420647,0.238244514106583,0.752704791344668,0,0.677018633540373,0.758887171561051,0.767405063291139,0.5859375,0.234836702954899,0.707472178060413,0.235008103727715,0.250788643533123,0,0.240713224368499,0.76036866359447,0.240428790199081,0.38828967642527,0.252442996742671,0.753554502369668,0.258698940998487,0.751543209876543,0.308661417322835,0.48626817447496,0.286363636363636,0.249230769230769,0.2359375,0.6890625,0.264984227129338,0.239329268292683,0.775229357798165,0.77293934681182,0.218649517684887,0.241433021806854,0.697063369397218,0.304281345565749,0.252019386106624,0.275700934579439,0.242703533026114,0,0.7264,0.24,0.769230769230769,0,0.255924170616114,0.00160771704180064,0.763492063492063,0.232628398791541,0.26046511627907,0.00158478605388273,0.5,0.781733746130031,0.254746835443038,0.760834670947031,0.341772151898734,0.221518987341772,0.6432,0.5078125,0.426332288401254,0,0.763116057233704,0.251170046801872,0.246875,0.744514106583072,0.223255813953488,0.266666666666667,0.762578616352201,0,0.252321981424149,0.2375,0.271739130434783,0.476335877862595,0.783825816485226,0.34585289514867,1,0.690515806988353,0.0015552099533437,0.529790660225443,0.576086956521739,0.582181259600614,0,0.701277955271565,0.302839116719243,0.516819571865443,0.615146831530139,0.742857142857143,0,0,0.231927710843373,0.246913580246914,0,0.298107255520505,0.00159489633173844,0,0,0.229230769230769,0,0.244766505636071,0.402190923317684,0.563636363636364,0.237082066869301,0,0,0.242472266244057,0.269865067466267,0.458588957055215,0.773148148148148,0,0.323529411764706,0.510736196319018,0.244514106583072,0.690658499234303,0.660377358490566,0,0.254237288135593,0.767145135566188,0.276995305164319,0.755555555555556,0,0.759090909090909,0.721259842519685,0.682410423452769,0.2557781201849,0,0.27760736196319,0.2642089093702,0.223088923556942,0,0.748822605965463,0.289689034369885,0.768233387358185,0.230534351145038,0.238317757009346,0.772445820433437,0.231007751937985,0.691472868217054,0.373626373626374,0.744444444444444,0.749601275917065,0.268562401263823,0.00318471337579618,0.762422360248447,0.260736196319018,0.765273311897106,0.507177033492823,0.605431309904153,0,0.738863287250384,0.457006369426752,0.704160246533128,0.26040061633282,0.770186335403727,0.935681470137825,0.580487804878049,0.276176024279211,0.334355828220859,0.267295597484277,0.449920508744038,0,0.251141552511416,0.763719512195122,0.234375,0.627760252365931,0.76103500761035,0.236024844720497,0.235478806907378,0.222222222222222,0.6138147566719,0.250769230769231,0.771739130434783,0.746411483253589,0.280811232449298,0.326086956521739,0,0,0.244019138755981,0.289137380191693,0.778662420382166,0.245283018867925,0.253846153846154,0.638888888888889,0.28503937007874,0.410828025477707,0.298325722983257,0,0.2625,0.639240506329114,0.2453125,0.240740740740741,0,0.495341614906832,0.25434439178515,0.772151898734177,0.471337579617834,0.651017214397496,0.394578313253012,0.5260663507109,0.262443438914027,0.772036474164134,0.242811501597444,0.227692307692308,0.261275272161742,0.672025723472669,0.696540880503145,0.243034055727554,0.224085365853659,0.00154320987654321,0.41743119266055,0.681818181818182,0.7234375,0.443057722308892,0.236391912908243,0.308777429467085,0.236476043276662,0.145482388973966,0.763071895424837,0,0.38375796178344,0.775316455696203,0.7796875,0.69218989280245,0,0.256692913385827,0.30781010719755,0.234567901234568,0.248840803709428,0.776911076443058,0.778996865203762,0,0,0.738095238095238,0.789308176100629,0.755520504731861,0,0.765258215962441,0.233128834355828,0.330769230769231,0.683464566929134,0.236306729264476,0.525581395348837,0.262321144674086,0.519500780031201,0.503058103975535,0,0.221565731166913,0.641269841269841,0.574132492113565,0.287878787878788,0.241538461538462,0.633281972265023,0.00155763239875389,0.272868217054264,0.26840490797546,0,0.275914634146341,0.769113149847095,0.256451612903226,0.545736434108527,0,0.00313479623824451,0.570048309178744,0.389589905362776,0.76271186440678,0.755591054313099,0.00313479623824451,0.00160513643659711,0.44311377245509,0.760697305863708,0.232289950576606,0.688922610015175,0.241167434715822,0.769113149847095,0.69969040247678,0.825878594249201,0.346581875993641,0.751623376623377,0.753125,0.0015625,0.775477707006369,0,0.242009132420091,0.633870967741936,0.245481927710843,0.765625,0.235849056603774,0,0.579510703363914,0.609448818897638,0.234009360374415,0,0.233587786259542,0,0.657142857142857,0.244204018547141,0,0.477726574500768,0.253968253968254,0.504702194357367,0.275316455696203,0.770542635658915,0,0.233644859813084,0.689274447949527,0,0.48531684698609,0.762839879154079,0.753822629969419,0.233870967741935,0.230031948881789,0.249617151607963,0.24922600619195,0.24685534591195,0,0.258267716535433,0.00762195121951219,0.655436447166922,0.690880989180835,0.237209302325581,0.242902208201893,0.244309559939302,0.231481481481481,0.0383435582822086,0.765258215962441,0.225806451612903,0.265432098765432,0.465543644716692,0.248073959938367,0.228395061728395,0.277016742770167,0,0,0.237237237237237,0,0.780337941628264,0,0.274570982839314,0.691318327974277,1,0.743390357698289,0.302066772655008,0.00153609831029186,0.753846153846154,0.228527607361963,0.242236024844721,0.487261146496815,0.615963855421687,0.732835820895522,0.720183486238532,0.581358609794629,0.763358778625954,0.725731895223421,0.543307086614173,0.675425038639876,0.462480857580398,0.746478873239437,0,0.774603174603175,0.648562300319489,0.215189873417722,0.472698907956318,0.727549467275495,0.525,0.321699544764795,0.236923076923077,0.277337559429477,0.268057784911718,0.2352,0.235202492211838,0.584234930448223,0.64451313755796,0.228971962616822,0.765486725663717,0.758409785932722,0.354587869362364,0.00309119010819165,0.23644578313253,0.244929797191888,0,0.753532182103611,0,0.273148148148148,0,0.263975155279503,0.250388802488336,0.758039816232772,0.346333853354134,0.213292117465224,0.478537360890302,0.507716049382716,0.310344827586207,0,0,0.298869143780291,0.265671641791045,0.253456221198157,0,0,0.777955271565495,0.704545454545455,0.536697247706422,0,0.639751552795031,0,0.302737520128824,0.240566037735849,0.669811320754717,0.73587786259542,0,0.682965299684543,0.61875,0.309597523219814,0.254185692541857,0.41588785046729,0.761829652996845,0.245641838351823,0.0754716981132075,0.233278955954323,0,0.23216995447648,0,0.226917057902973,0.766091051805338,0.480891719745223,0,0,0.38390092879257,0.29073482428115,0.279635258358663,0.424924924924925,0.772519083969466,0.744075829383886,0.405909797822706,0.388127853881279,0,0.758730158730159,0.278125,0,0.251582278481013,0.267387944358578,0.799687010954617,0.00934579439252336,0.755451713395639,0.23338485316847,0.589257503949447,0.768759571209801,0.764521193092622,0.73374613003096,0.479623824451411,0.70015455950541,0.242088607594937,0,0.423137876386688,0.255742725880551,0,0,0.768532526475038,0,0.775157232704403,0.232339089481947,0.493569131832797,0.768740031897927,0.773940345368917,0.540540540540541,0.284820031298905,0.615267175572519,0.0151975683890578,0.754746835443038,0.0491283676703645,0.00943396226415094,0,0.647244094488189,0.754573170731707,0.766929133858268,0.774343122102009,0.76605504587156,0.0139968895800933,0.0184049079754601,0.752307692307692,0.0078125,0.00321543408360129,0.0325077399380805,0.00933125972006221,0.0171339563862928,0.756714060031596,0.0186335403726708,0.761980830670926,0.758675078864353,0.00947867298578199,0.750392464678179,0.0590015128593041,0.772093023255814,0.708074534161491,0.775112443778111,0.758887171561051
"429",0.183533447684391,0.168831168831169,0.20259319286872,0.224108658743633,0.187817258883249,0.171477079796265,0.282861896838602,0.200333889816361,0.171749598715891,0.0136518771331058,0.175585284280936,0.0147299509001637,0.499189627228525,0.171381031613977,0.79734219269103,0.811881188118812,0.0161030595813204,0.0167224080267559,0.18212478920742,0.190082644628099,0.822475570032573,0.792027729636049,0.179153094462541,0.014827018121911,0.217821782178218,0.671118530884808,0.796445880452342,0.174418604651163,0.636655948553055,0.445350734094617,0.799671592775041,0.457377049180328,0.394342762063228,0.652317880794702,0.0132231404958678,0.172185430463576,0.0261865793780687,0.171849427168576,0.789308176100629,0.245980707395498,0.0135823429541596,0.0163132137030995,0.0164203612479475,0.17056856187291,0.365646258503401,0.81135225375626,0.509181969949916,0.807308970099668,0.578606158833063,0.766129032258065,0.0161290322580645,0.173841059602649,0.731023102310231,0.169463087248322,0.28665568369028,0.744500846023689,0.011986301369863,0.197969543147208,0.203225806451613,0.274220032840722,0.672158154859967,0.644262295081967,0.822934232715008,0.0152284263959391,0.273333333333333,0.324058919803601,0.0148760330578512,0.185550082101806,0.0149501661129568,0.803691275167785,0.270049099836334,0.818181818181818,0.808441558441558,0.17329093799682,0.0114942528735632,0.456591639871383,0.803571428571429,0.509031198686371,0.282828282828283,0.68006993006993,0.0132669983416252,0.433224755700326,0.715686274509804,0.17524115755627,0.785831960461285,0.265676567656766,0.169871794871795,0.202341137123746,0.188925081433225,0.0161812297734628,0.18801996672213,0.185123966942149,0.0132890365448505,0.00986842105263158,0.194957983193277,0.0149501661129568,0.878688524590164,0.190243902439024,0.0163132137030995,0.0163132137030995,0.549019607843137,0.0149750415973378,0.786666666666667,0.166389351081531,0.824281150159744,0.181049069373942,0.0168918918918919,0.195364238410596,0.803660565723794,0.800995024875622,0.803005008347245,0.264755480607083,0.666112956810631,0.172757475083056,0.00983606557377049,0.184640522875817,0.440261865793781,0.0130505709624796,0.811688311688312,0.706754530477759,0.0112903225806452,0.393989983305509,0.790969899665552,0.783276450511945,0.196399345335516,0.748376623376623,0.177524429967427,0.171900826446281,0.0148514851485149,0.641815235008104,0.228476821192053,0.570234113712375,0.181818181818182,0.0131147540983607,0.182432432432432,0.790064102564103,0.0149750415973378,0.823232323232323,0.417637271214642,0.664418212478921,0.0116086235489221,0.0119250425894378,0.196369636963696,0.388888888888889,0.734453781512605,0.16996699669967,0.795751633986928,0.237704918032787,0.587354409317804,0.179936305732484,0.843959731543624,0.186046511627907,0.170648464163823,0.307692307692308,0.166123778501629,0.804713804713805,0.180032733224223,0.812603648424544,0.00827814569536424,0.413333333333333,0.313099041533546,0.198360655737705,0.799674267100977,0.0143540669856459,0.169129720853859,0.598319327731092,0.181818181818182,0.1892797319933,0.171617161716172,0.661764705882353,0.190630048465267,0.82,0.233009708737864,0.813099041533546,0.278797996661102,0.613008130081301,0.0134003350083752,0.174418604651163,0.0113821138211382,0.285953177257525,0.17109634551495,0.774086378737541,0.194127243066884,0.216965742251224,0.177033492822967,0.203225806451613,0.799347471451876,0.615136876006441,0.241025641025641,0.231810490693739,0.79042904290429,0.808196721311475,0.199335548172757,0.300500834724541,0.0113268608414239,0.0149750415973378,0.793103448275862,0.0132669983416252,0.174757281553398,0.682847896440129,0.29933110367893,0.360258481421648,0.189233278955954,0.672268907563025,0.602254428341385,0.777777777777778,0.230514096185738,0.203020134228188,0.28130081300813,0.015025041736227,0.287828947368421,0.828231292517007,0.219269102990033,0.818780889621087,0.798076923076923,0.633986928104575,0.19672131147541,0.196399345335516,0.336079077429984,0.184168012924071,0.27603305785124,0.0131578947368421,0.79349593495935,0.471153846153846,0.186978297161937,0.0134907251264755,0.163934426229508,0.192368839427663,0.629690048939641,0.495049504950495,0.183333333333333,0.159519725557461,0.84297520661157,0.0169491525423729,0.2672,0.543801652892562,0.204047217537943,0.805510534846029,0.196428571428571,0.166666666666667,0.180936995153473,0.218032786885246,0.526058631921824,0.819078947368421,0.194029850746269,0.504078303425775,0.810064935064935,0.810679611650485,0.717905405405405,0.797385620915033,0.820338983050847,0.468497576736672,0.808510638297872,0.812091503267974,0.808196721311475,0.573717948717949,0.805601317957166,0.196994991652755,0.015177065767285,0.81,0.0148026315789474,0.82741116751269,0.174629324546952,0.177631578947368,0.249592169657423,0.014827018121911,0.302828618968386,0.303225806451613,0.44390243902439,0.496677740863787,0.57799671592775,0.580968280467446,0.0128617363344051,0.172240802675585,0.841423948220065,0.44559585492228,0.207296849087894,0.810064935064935,0.418831168831169,0.813614262560778,0.757825370675453,0.179775280898876,0.173469387755102,0.278606965174129,0.0145867098865478,0.522435897435897,0.285,0.0164744645799012,0.813614262560778,0.268921095008052,0.184210526315789,0.00821018062397373,0.817133443163097,0.816993464052288,0.1875,0.279932546374368,0.804123711340206,0.0149006622516556,0.805970149253731,0.181818181818182,0.384863123993559,0.6,0.493174061433447,0.208667736757624,0.80952380952381,0.181523500810373,0.171521035598705,0.801003344481605,0.197693574958814,0.179530201342282,0.198979591836735,0.177049180327869,0.738211382113821,0.704730831973899,0.771004942339374,0.205733558178752,0.23037542662116,0.0245499181669394,0.691666666666667,0.201626016260163,0.743288590604027,0.661881977671451,0.178571428571429,0.172185430463576,0.202635914332784,0.461409395973154,0.170731707317073,0.690397350993378,0.208469055374593,0.175787728026534,0.00995024875621891,0.695867768595041,0.643581081081081,0.809286898839138,0.0245499181669394,0.811993517017828,0.236754966887417,0.800653594771242,0.828618968386023,0.0144230769230769,0.719211822660099,0.196339434276206,0.807817589576547,0.194539249146758,0.211822660098522,0.181063122923588,0.801666666666667,0.782462057335582,0.441275167785235,0.552364864864865,0.0128617363344051,0.333333333333333,0.814634146341463,0.778861788617886,0.804560260586319,0.169747899159664,0.821603927986907,0.0162866449511401,0.703099510603589,0.813915857605178,0.800978792822186,0.570469798657718,0.174708818635607,0.670016750418761,0.17258883248731,0.208881578947368,0.0147299509001637,0.179527559055118,0.802306425041186,0.1808,0.319672131147541,0.184433164128596,0.814262023217247,0.202635914332784,0.812091503267974,0.277777777777778,0.425641025641026,0.235197368421053,0.195081967213115,0.163398692810458,0.76797385620915,0.205980066445183,0.154723127035831,0.810372771474878,0.797716150081566,0.175206611570248,0.173267326732673,0.637873754152824,0.263071895424837,0.220890410958904,0.204283360790774,0.167213114754098,0.0118043844856661,0.76271186440678,0.188834154351396,0.814691151919866,0.01669449081803,0.214285714285714,0.0132890365448505,0.786666666666667,0.163907284768212,0.198675496688742,0.0166389351081531,0.57001647446458,0.595709570957096,0.198319327731092,0.807757166947723,0.276094276094276,0.181512605042017,0.688552188552189,0.554838709677419,0.368248772504092,0.0134003350083752,0.833060556464812,0.181512605042017,0.176174496644295,0.584026622296173,0.16256157635468,0.181338028169014,0.815485996705107,0.0114566284779051,0.185483870967742,0.183028286189684,0.214876033057851,0.43485342019544,0.802675585284281,0.30655737704918,0.690515806988353,1,0.0131795716639209,0.494176372712146,0.490725126475548,0.492706645056726,0.00975609756097561,0.682565789473684,0.248333333333333,0.456026058631922,0.529411764705882,0.776377952755905,0.0130293159609121,0.0128410914927769,0.169303797468354,0.188006482982172,0.00986842105263158,0.258592471358429,0.00836120401337793,0.00964630225080386,0.0134907251264755,0.180762852404643,0.0113268608414239,0.195,0.411570247933884,0.647342995169082,0.178743961352657,0.0133779264214047,0.0148760330578512,0.166942148760331,0.216,0.429508196721311,0.817292006525285,0.0153061224489796,0.294022617124394,0.557565789473684,0.176759410801964,0.5,0.626865671641791,0.0130293159609121,0.186991869918699,0.818030050083472,0.215254237288136,0.753333333333333,0.012987012987013,0.810593900481541,0.803333333333333,0.557858376511226,0.184339314845024,0.0115131578947368,0.232371794871795,0.201626016260163,0.158496732026144,0.0166666666666667,0.791245791245791,0.213913043478261,0.816151202749141,0.166394779771615,0.165316045380875,0.812191103789127,0.153344208809135,0.776315789473684,0.364820846905537,0.803630363036304,0.816806722689076,0.205733558178752,0.015025041736227,0.814754098360656,0.204248366013072,0.815699658703072,0.484745762711864,0.598006644518272,0.0161290322580645,0.772504091653028,0.413621262458472,0.79344262295082,0.190243902439024,0.804311774461028,0.754500818330606,0.581196581196581,0.23444976076555,0.2752,0.215106732348112,0.378839590443686,0.0134680134680135,0.175438596491228,0.814935064935065,0.186161449752883,0.772881355932203,0.824959481361426,0.173419773095624,0.180165289256198,0.175787728026534,0.440789473684211,0.175292153589316,0.822934232715008,0.815126050420168,0.222585924713584,0.292079207920792,0.0112179487179487,0.00995024875621891,0.177966101694915,0.220538720538721,0.801996672212978,0.201353637901861,0.190864600326264,0.759349593495935,0.240802675585284,0.430016863406408,0.275974025974026,0.0142857142857143,0.214765100671141,0.863036303630363,0.176276771004942,0.170854271356784,0.0126582278481013,0.492610837438424,0.200674536256324,0.80495867768595,0.46089850249584,0.614634146341463,0.331730769230769,0.420875420875421,0.20926517571885,0.7856,0.181972789115646,0.175324675324675,0.203252032520325,0.908629441624365,0.968067226890756,0.171521035598705,0.179902755267423,0.0145161290322581,0.381342062193126,0.589490968801314,0.690048939641109,0.381426202321725,0.177152317880795,0.269230769230769,0.174193548387097,0.157723577235772,0.807167235494881,0.0129659643435981,0.353618421052632,0.810543657331137,0.817133443163097,0.67720465890183,0.0146103896103896,0.188429752066116,0.240131578947368,0.177740863787375,0.181380417335474,0.779632721202003,0.814691151919866,0.0111821086261981,0.0132669983416252,0.816949152542373,0.782178217821782,0.723154362416107,0.0129659643435981,0.807324840764331,0.169129720853859,0.34621578099839,0.788778877887789,0.179831932773109,0.59672131147541,0.198003327787022,0.452495974235105,0.492012779552716,0.0129449838187702,0.173076923076923,0.736227045075125,0.654882154882155,0.2508038585209,0.177524429967427,0.643790849673203,0.016260162601626,0.219633943427621,0.219869706840391,0.0132013201320132,0.190016103059581,0.810766721044046,0.189003436426117,0.586885245901639,0.0114754098360656,0.0164473684210526,0.630397236614853,0.329470198675497,0.8,0.751666666666667,0.0132669983416252,0.00856164383561644,0.378980891719745,0.804311774461028,0.171526586620926,0.646103896103896,0.179775280898876,0.811897106109325,0.603993344425957,0.643697478991597,0.306666666666667,0.785349233390119,0.820723684210526,0.0132013201320132,0.806988352745424,0.0131795716639209,0.182258064516129,0.736394557823129,0.192,0.806070826306914,0.186006825938567,0.0145867098865478,0.514423076923077,0.619365609348915,0.179902755267423,0.0151006711409396,0.183441558441558,0.0134228187919463,0.599659284497445,0.191869918699187,0.0159744408945687,0.53484602917342,0.191666666666667,0.340495867768595,0.231543624161074,0.792483660130719,0.0164203612479475,0.175787728026534,0.688013136288998,0.014446227929374,0.47029702970297,0.8048,0.803858520900322,0.17056856187291,0.183639398998331,0.174757281553398,0.190635451505017,0.195945945945946,0.0132013201320132,0.194675540765391,0.0161550888529887,0.845528455284553,0.683523654159869,0.175040518638574,0.175040518638574,0.188216039279869,0.18407960199005,0.0756843800322061,0.820554649265905,0.19023569023569,0.194444444444444,0.410339256865913,0.185855263157895,0.176759410801964,0.21669341894061,0.0162074554294976,0.0161550888529887,0.192789968652038,0.0113268608414239,0.79549114331723,0.0131578947368421,0.218954248366013,0.686971235194585,0.720812182741117,0.766233766233766,0.24247491638796,0.0149253731343284,0.821782178217822,0.173202614379085,0.175609756097561,0.472131147540984,0.695102685624013,0.704581358609795,0.73462783171521,0.427350427350427,0.813008130081301,0.752845528455285,0.61,0.684908789386401,0.430921052631579,0.817733990147783,0.0101522842639594,0.816971713810316,0.871666666666667,0.180602006688963,0.554119547657512,0.814814814814815,0.482142857142857,0.308943089430894,0.190553745928339,0.222596964586847,0.185737976782753,0.18135593220339,0.181512605042017,0.520798668885191,0.59375,0.171381031613977,0.816,0.82258064516129,0.289256198347107,0.0144,0.172920065252855,0.174629324546952,0.0150501672240803,0.788659793814433,0.0147783251231527,0.218697829716194,0.0120068610634648,0.186900958466454,0.176859504132231,0.819672131147541,0.347540983606557,0.169686985172982,0.530100334448161,0.508169934640523,0.279932546374368,0.0145867098865478,0.0151260504201681,0.257731958762887,0.235483870967742,0.195121951219512,0.016260162601626,0.00978792822185971,0.802675585284281,0.699367088607595,0.556464811783961,0.0130932896890344,0.596345514950166,0.012987012987013,0.227805695142379,0.174496644295302,0.922165820642978,0.682410423452769,0.00964630225080386,0.646566164154104,0.469421487603306,0.273770491803279,0.2128,0.388609715242881,0.817578772802653,0.1875,0.122112211221122,0.183673469387755,0.0134228187919463,0.183574879227053,0.0183333333333333,0.176859504132231,0.805042016806723,0.512690355329949,0.0130932896890344,0.015025041736227,0.334983498349835,0.230508474576271,0.236065573770492,0.414239482200647,0.807131280388979,0.805647840531561,0.299509001636661,0.292682926829268,0.0118043844856661,0.798347107438017,0.205,0.00964630225080386,0.177474402730375,0.219512195121951,0.794019933554817,0.0148514851485149,0.815307820299501,0.181076672104405,0.543946932006633,0.770903010033445,0.765202702702703,0.752864157119476,0.450171821305842,0.777414075286416,0.169435215946844,0.0164744645799012,0.406354515050167,0.189102564102564,0.015,0.01669449081803,0.813397129186603,0.00998336106489185,0.816091954022989,0.175496688741722,0.414261460101868,0.817420435510888,0.813445378151261,0.646566164154104,0.217970049916805,0.647634584013051,0.0264900662251656,0.813021702838063,0.0780984719864177,0.0230263157894737,0.013355592654424,0.686666666666667,0.814634146341463,0.804713804713805,0.810766721044046,0.807504078303426,0.0168067226890756,0.0225806451612903,0.840197693574959,0.0249169435215947,0.0134453781512605,0.053156146179402,0.0276422764227642,0.0211726384364821,0.825082508250825,0.0394736842105263,0.811320754716981,0.823333333333333,0.0182119205298013,0.836633663366337,0.0714285714285714,0.819967266775777,0.775919732441472,0.812199036918138,0.81135225375626
"430",0.0078740157480315,0.00615384615384615,0.0046801872074883,0.00321027287319422,0.00631911532385466,0.00638977635782748,0.0221169036334913,0.0046875,0.00765696784073507,0.992050874403816,0.00784929356357928,0.9953125,0.00465116279069767,0.00786163522012579,0,0,0.992331288343558,0.990726429675425,0.0078740157480315,0.0062111801242236,0,0,0.0062015503875969,0.99388379204893,0.00614439324116743,0,0.0015552099533437,0.00806451612903226,0.00151057401812689,0.00154559505409583,0,0.0015527950310559,0.0031496062992126,0.00155038759689922,0.993798449612403,0.0078003120124805,0.976993865030675,0.00758725341426404,0.00149700598802395,0.00765696784073507,0.996875,0.990867579908676,0.998466257668712,0.00473186119873817,0.00318471337579618,0,0.00154320987654321,0,0.0030441400304414,0.00152671755725191,0.992163009404389,0.00467289719626168,0,0.00628930817610063,0.0202808112324493,0,0.993537964458804,0.00788643533123028,0.0106382978723404,0.00308641975308642,0.00307692307692308,0.0015527950310559,0,0.995290423861852,0.00630914826498423,0.00777604976671851,0.993700787401575,0.00786163522012579,0.995356037151703,0,0.00309597523219814,0,0,0.00458015267175573,0.993700787401575,0.00154559505409583,0,0.0046801872074883,0.00479233226837061,0,0.993759750390016,0,0,0.00458715596330275,0.00154083204930663,0.00611620795107034,0.00623052959501558,0.00469483568075117,0.00914634146341463,0.996969696969697,0.00311526479750779,0.00464396284829721,0.996894409937888,0.993798449612403,0.00479233226837061,0.992248062015504,0.0186046511627907,0.0061633281972265,0.996932515337423,0.998439937597504,0.0141509433962264,0.992175273865415,0.0015600624024961,0.00626959247648903,0,0.00642054574638844,0.996884735202492,0.0108864696734059,0,0,0,0.0215384615384615,0.00157232704402516,0.00791139240506329,0.995230524642289,0.0077639751552795,0.00152905198776758,0.992331288343558,0,0,0.993808049535604,0.00316957210776545,0.0015625,0,0.00619195046439629,0,0.00302114803625378,0.00309119010819165,0.993740219092332,0.0108191653786708,0.00627943485086342,0.00315955766192733,0.00479233226837061,0.993769470404984,0.00792393026941363,0,0.995305164319249,0,0.00158982511923688,0.00961538461538462,0.992125984251969,0.995192307692308,0.00470957613814757,0.00622083981337481,0,0.00471698113207547,0,0.00460829493087558,0.00157977883096367,0.0045662100456621,0,0.0078003120124805,0.00628930817610063,0.00154083204930663,0.00615384615384615,0,0.00773993808049536,0,0.993788819875776,0.0062111801242236,0.0122324159021407,0.00308166409861325,0,0.996889580093313,0.00613496932515337,0,0.00645161290322581,0.00777604976671851,0.00460829493087558,0.00153139356814701,0.00773993808049536,0,0.00455927051671732,0,0.00955414012738853,0.00154320987654321,0.993620414673046,0.00625978090766823,0.996927803379416,0.00313479623824451,0.0077639751552795,0,0.00461538461538462,0.00615384615384615,0.00301204819277108,0.00770416024653313,0,0.00153374233128834,0.00159235668789809,0.00479233226837061,0,0,0.00475435816164818,0.0294117647058824,0.992378048780488,0.99375,0.00156494522691706,0.993788819875776,0.0030441400304414,0,0.0189873417721519,0.00309597523219814,0.00605143721633888,0.00156985871271586,0.00307692307692308,0.00158730158730159,0.00469483568075117,0.00625,0.00612557427258806,0.9921875,0.00763358778625954,0,0.00319488817891374,0,0,0.00470219435736677,0.0078125,0.00615384615384615,0.0046875,0.0078003120124805,0.00471698113207547,0.993660855784469,0,0.00308641975308642,0.004739336492891,0.993769470404984,0.00766871165644172,0.0045662100456621,0.00619195046439629,0.0015625,0.00778816199376947,0.00798722044728434,0.0221169036334913,0.995184590690209,0.0229357798165138,0,0.00476190476190476,0,0.00303030303030303,0.00626959247648903,0.00770416024653313,0.00782472613458529,0.0030441400304414,0,0.00477707006369427,0.00154559505409583,0,0,0.0015625,0,0,0,0,0,0,0.0015220700152207,0,0.00316455696202532,0.996860282574568,0,0.993808049535604,0.0046875,0.00630914826498423,0.00315457413249211,0.00313971742543171,0.995405819295559,0.00476947535771065,0.0075642965204236,0.00155038759689922,0,0.00154798761609907,0.00317965023847377,0.996913580246914,0.00786163522012579,0,0.00160771704180064,0.00626959247648903,0,0.00470957613814757,0,0,0.00762195121951219,0.00810372771474878,0.0204724409448819,0.99236641221374,0.00155038759689922,0.0251968503937008,0.993911719939117,0,0.0214395099540582,0.0094488188976378,0.993893129770992,0,0,0.00324675324675325,0.00313479623824451,0,0.993690851735016,0.0169491525423729,0.00631911532385466,0.003003003003003,0.00154798761609907,0.00474683544303797,0.00462249614791988,0,0.00459418070444104,0.00460829493087558,0,0.00465116279069767,0.0031104199066874,0.00474683544303797,0.00625978090766823,0,0.00306748466257669,0.00153374233128834,0.00940438871473354,0.00483870967741936,0.958268933539413,0,0.00788643533123028,0,0,0.00772797527047913,0.00770416024653313,0.00627943485086342,0.00157232704402516,0.00763358778625954,0,0.00612557427258806,0.00801282051282051,0.995275590551181,0,0.0127388535031847,0,0.956856702619414,0,0.00313479623824451,0,0,0.99390243902439,0,0.0078125,0,0.00805152979066022,0.0046656298600311,0.0046801872074883,0.00160771704180064,0.00161812297734628,0.0046656298600311,0.00163132137030995,0.993817619783617,0.0062992125984252,0,0,0,0.0063391442155309,0,0.992175273865415,0.00152905198776758,0,0,0.0046656298600311,0.00628930817610063,0,0.0062992125984252,0.00476947535771065,0.992307692307692,0.00295420974889217,0,0.00749625187406297,0.00476947535771065,0.00480769230769231,0,0.00459418070444104,0,0.0078740157480315,0.0031496062992126,0.00757575757575758,0.00625,0.0046583850931677,0.00154798761609907,0.00784929356357928,0.00753012048192771,0,0.00156494522691706,0.00783699059561128,0.00612557427258806,0,0.0078125,0.00811688311688312,0.00309119010819165,0.00771604938271605,0.992076069730586,0,0.00769230769230769,0,0.993720565149137,0.00626959247648903,1,0,0.00605143721633888,0.00469483568075117,0.998452012383901,0.0139968895800933,0,0.00791139240506329,0,0.00320512820512821,0.00642054574638844,0.00158227848101266,0.0031104199066874,0.00313479623824451,0.993700787401575,0,0.0063391442155309,0.00469483568075117,0.00155763239875389,0.00617283950617284,0.00815660685154975,0,0.993788819875776,0.00769230769230769,0.00627943485086342,0.00311526479750779,0.00455235204855842,0,0.0109204368174727,0.0015552099533437,0.0131795716639209,1,0.00317460317460317,0.00155763239875389,0.00308641975308642,0.993846153846154,0.00159235668789809,0.0047244094488189,0.00311526479750779,0,0,0.993874425727412,0.995363214837713,0.00594353640416048,0.0060882800608828,0.993730407523511,0.00464396284829721,0.996810207336523,0.993893129770992,0.99194847020934,0.0078740157480315,0.993846153846154,0.00316957210776545,0.00464396284829721,0.00914634146341463,0.00768049155145929,0.993779160186625,0.993730407523511,0.00609756097560976,0.00451807228915663,0.00464396284829721,0,0.998412698412698,0.0257966616084977,0.00306748466257669,0.00777604976671851,0.00153846153846154,0.00157728706624606,0.995334370139969,0.00464396284829721,0,0.00789889415481832,0,0.993911719939117,0,0.00156494522691706,0,0.0060790273556231,0.993808049535604,0.00606060606060606,0.00766871165644172,0.00768049155145929,0.995356037151703,0,0.00489396411092985,0,0.00765696784073507,0.00454545454545455,0,0.00759878419452888,0.00155763239875389,0.00622083981337481,0,0.00316455696202532,0.0046656298600311,0.996894409937888,0,0.00617283950617284,0,0.00158982511923688,0.010989010989011,0.992354740061162,0,0.00789889415481832,0.00155763239875389,0.00613496932515337,0,0,0,0.0029940119760479,0.00455235204855842,0.00615384615384615,0.00473186119873817,0.993700787401575,0.00614439324116743,0,0.0062111801242236,0.0064,0,0.00768049155145929,0.00794912559618442,0.0062992125984252,0.0015552099533437,0.00615384615384615,0,0,0.00758725341426404,0.0199081163859112,0.993911719939117,0.992063492063492,0.0031104199066874,0.00481540930979133,0,0.0078740157480315,0.00775193798449612,0,0.00630914826498423,0.00313479623824451,0.0211480362537764,0.993846153846154,0.00625,0.0172955974842767,0.00464396284829721,0.00769230769230769,0.995488721804511,0.004739336492891,0.00315955766192733,0,0.00470957613814757,0,0.00749625187406297,0.00317965023847377,0.00606060606060606,0,0.00958466453674121,0.00783699059561128,0.0031201248049922,0.0179153094462541,0.0251572327044025,0.00777604976671851,0.00462249614791988,1,0.0031104199066874,0.00154320987654321,0,0.0015625,0.00772797527047913,0.00460122699386503,0.00307692307692308,0.769113149847095,0,0.992343032159265,0.0062111801242236,0,0,0,0.995327102803738,0.00462249614791988,0.00307219662058372,0.00470957613814757,0.00605143721633888,0,0,0.992503748125937,0.992175273865415,0,0,0,0.9921875,0,0.00784929356357928,0.563358778625954,0.00158982511923688,0.0016,0.00938967136150235,0.00788643533123028,0.00309119010819165,0.00151057401812689,0.993788819875776,0.00605143721633888,0.00160513643659711,0.00157232704402516,0.0121028744326778,0.00768049155145929,0,0.998442367601246,0.00615384615384615,0.00604229607250755,0.995283018867924,0.00750750750750751,0,0.0048,0.00153609831029186,0.995260663507109,0.998452012383901,0.00162337662337662,0.0031104199066874,0,0,0.996884735202492,0.993640699523052,0.0045045045045045,0,0.00649350649350649,0.00150829562594268,0.00766871165644172,0,0.00306748466257669,0,0.0109717868338558,0,0,1,0,0.993827160493827,0.0075642965204236,0.160771704180064,0.00597907324364723,0,0.00636942675159236,0.993874425727412,0.00152439024390244,0.00316455696202532,0.0078003120124805,0.993579454253612,0.0076103500761035,0.993640699523052,0,0.00771604938271605,0.995475113122172,0.0218068535825545,0.0046875,0.00156739811912226,0.00318471337579618,0,0.992223950233281,0.00625,0,0.993957703927492,0.00154083204930663,0,0,0.00476190476190476,0.00469483568075117,0.0060790273556231,0.0109204368174727,0.00479233226837061,0.992260061919505,0.0077639751552795,0.987841945288754,0.0245775729646697,0,0.00617283950617284,0.00473186119873817,0.00307692307692308,0.00775193798449612,0.922600619195046,0,0.00641025641025641,0.00309119010819165,0.0060790273556231,0.00770416024653313,0.0061633281972265,0.00614439324116743,0.993836671802773,0.993911719939117,0.00748502994011976,0.992343032159265,0,0.995327102803738,0.00622083981337481,0,0.00159235668789809,0,0.00473186119873817,0.993759750390016,0,0.00773993808049536,0.00755287009063444,0,0.00150375939849624,0,0,0.00159744408945687,0,0,0.00154798761609907,0,0.00613496932515337,0,0.993610223642173,0,0.019047619047619,0.00486223662884927,0.0356037151702786,0.00153374233128834,0.0015552099533437,0.010752688172043,0.00753012048192771,0.00809061488673139,0.00632911392405063,0.00471698113207547,0.00638977635782748,0,0.00153846153846154,0.00770416024653313,0,0,0.0077639751552795,0.996932515337423,0.00612557427258806,0.00615384615384615,0.996845425867508,0,0.993740219092332,0.0046801872074883,0.995245641838352,0.00770416024653313,0.00474683544303797,0,0.00610687022900763,0.00619195046439629,0.00159235668789809,0.00152671755725191,0.02660406885759,0.993798449612403,0.993680884676145,0.00490196078431373,0.00297176820208024,0.00462249614791988,0.992570579494799,0.992343032159265,0,0,0.0031201248049922,0.992211838006231,0,0.996899224806202,0.00631911532385466,0.00622083981337481,0.0344827586206897,0,0.992492492492492,0.00315457413249211,0.00156494522691706,0.00775193798449612,0.00455235204855842,0.0031201248049922,0,0.00802568218298555,0.892523364485981,0.00783699059561128,0.993630573248408,0.00757575757575758,1,0.00635930047694754,0,0.36734693877551,0.993836671802773,0.995230524642289,0.0046583850931677,0.00477707006369427,0.0153374233128834,0.00308166409861325,0,0,0.003125,0.00604229607250755,0.995245641838352,0,0.00626959247648903,0.9953125,0.00783699059561128,0.00462962962962963,0,0.969040247678019,0,0.00770416024653313,0.00156985871271586,0,0,0,0.00484652665589661,0.00153609831029186,0.00467289719626168,0.993865030674847,0.00784929356357928,0.00615384615384615,1,0.993690851735016,0,0.992125984251969,0,0.00470957613814757,0.00159489633173844,0,0,0.00786163522012579,0.0110935023771791,0.0015600624024961,0.957767722473605,0,0.9008,0.973643410852713,0.99375,0.152307692307692,0,0,0.00307692307692308,0,0.960567823343849,0.950844854070661,0,0.976887519260401,0.988817891373802,0.945652173913043,0.975,0.951070336391437,0,0.9703125,0,0,0.963779527559055,0,0.929121725731895,0,0.0589147286821705,0,0
"431",0.622366288492707,0.624801271860095,0.625194401244168,0.641357027463651,0.624390243902439,0.624793388429752,0.644951140065147,0.612277867528271,0.6328125,0,0.611727416798732,0,0.629160063391442,0.616639477977161,0.44408945686901,0.399361022364217,0,0.014308426073132,0.612641815235008,0.639810426540284,0.491255961844197,0.415435139573071,0.612852664576803,0,0.644338118022329,0.562197092084006,0.466453674121406,0.612111292962357,0.768503937007874,0.634674922600619,0.390551181102362,0.697452229299363,0.804173354735153,0.528391167192429,0,0.624012638230648,0.0174880763116057,0.61198738170347,0.545454545454545,0.681047765793529,0.00159489633173844,0.0109546165884194,0.00316957210776545,0.623987034035656,0.635467980295567,0.407643312101911,0.667731629392971,0.379585326953748,0.614664586583463,0.513137557959815,0,0.628246753246753,0.551779935275081,0.624203821656051,0.620967741935484,0.494271685761047,0,0.625396825396825,0.60093896713615,0.6828125,0.567092651757188,0.742448330683625,0.384615384615385,0,0.722222222222222,0.753918495297806,0,0.608,0,0.394822006472492,0.639810426540284,0.387301587301587,0.392063492063492,0.627906976744186,0,0.819032761310452,0.4234375,0.885400313971743,0.665024630541872,0.535655058043118,0,0.695374800637959,0.563664596273292,0.609794628751975,0.486529318541997,0.662480376766091,0.617224880382775,0.627358490566038,0.609302325581395,0.00312989045383412,0.620031796502385,0.611821086261981,0,0,0.612111292962357,0,0.547169811320755,0.62779552715655,0.00316957210776545,0.00477707006369427,0.650546021840874,0,0.54066985645933,0.604575163398693,0.445820433436532,0.616144975288303,0.00476947535771065,0.623417721518987,0.38610662358643,0.38755980861244,0.3953125,0.635048231511254,0.575949367088608,0.628751974723539,0,0.611801242236025,0.700159489633174,0,0.377151799687011,0.578861788617886,0,0.802884615384615,0.559808612440191,0.450406504065041,0.630672926447574,0.512618296529968,0.618461538461539,0.607936507936508,0,0.639810426540284,0.632911392405063,0.707717569786535,0.6176,0,0.6032,0.386153846153846,0,0.538709677419355,0.663446054750403,0.641357027463651,0,0,0.628346456692913,0.853035143769968,0.548701298701299,0.606796116504854,0.375198728139905,0.645367412140575,0.625,0.60708782742681,0.492635024549918,0.619808306709265,0.620521172638437,0.655063291139241,0.603833865814696,0.394088669950739,0.615264797507788,0.395498392282958,0,0.824,0.65987460815047,0.625199362041467,0.400630914826498,0,0.618012422360248,0.616776315789474,0.612956810631229,0.625,0.604395604395604,0.543035993740219,0.628751974723539,0.4032,0.636363636363636,0.395061728395062,0.647527910685805,0.643769968051118,0,0.618739903069467,0,0.681089743589744,0.620904836193448,0.480519480519481,0.621621621621622,0.664012738853503,0.614329268292683,0.635367762128325,0.453968253968254,0.591194968553459,0.668276972624799,0.649837133550489,0.41259842519685,0.37799043062201,0.604465709728868,0.639498432601881,0,0,0.580906148867314,0.00158227848101266,0.625194401244168,0.544740973312402,0.617886178861789,0.683307332293292,0.615384615384615,0.631160572337043,0.688188976377953,0.59640522875817,0.620192307692308,0.613162118780096,0.659375,0,0.650316455696203,0.512315270935961,0.639741518578352,0.375601926163724,0.448062015503876,0.6296875,0.6064,0.626959247648903,0.746411483253589,0.601574803149606,0.746341463414634,0,0.463949843260188,0.85179407176287,0.624796084828711,0,0.630503144654088,0.625386996904025,0.640127388535032,0.626391096979332,0.616613418530351,0.608414239482201,0.588424437299035,0,0.650546021840874,0.648475120385233,0.627642276422764,0.380877742946708,0.630094043887147,0.615508885298869,0.617322834645669,0.673534072900158,0.632398753894081,0.41091492776886,0.635350318471338,0.668217054263566,0.389570552147239,0.367601246105919,0.47172859450727,0.371019108280255,0.477346278317152,0.641185647425897,0.377207062600321,0.388976377952756,0.402843601895735,0.665620094191523,0.405492730210016,0.626003210272873,0.00642054574638844,0.388976377952756,0,0.533011272141707,0.624600638977636,0.631329113924051,0.657728706624606,0,0.660743134087238,0.727699530516432,0.690095846645367,0.677725118483412,0.611374407582938,0.681672025723473,0.00630914826498423,0.590614886731392,0.450949367088608,0.683774834437086,0.634768740031898,0.382775119617225,0.662420382165605,0.40224358974359,0.462519936204147,0.622257053291536,0.605657237936772,0.640776699029126,0,0.66510172143975,0.63915857605178,0,0.384375,0.620253164556962,0.620355411954766,0,0.393364928909953,0.376744186046512,0.640776699029126,0.677884615384615,0.4,0,0.604395604395604,0.626602564102564,0.66820987654321,0.594339622641509,0.656910569105691,0.620472440944882,0.375,0.626543209876543,0.606687898089172,0.40032154340836,0.634645669291339,0.624600638977636,0.625407166123778,0.629746835443038,0.519230769230769,0.567092651757188,0.583601286173633,0.603225806451613,0.640394088669951,0.0462519936204147,0.574193548387097,0.622222222222222,0.511700468018721,0.619783616692427,0.621019108280255,0.620414673046252,0.640822784810127,0.866449511400652,0.602167182662539,0.575364667747164,0.638364779874214,0.607779578606159,0,0.578369905956113,0.621621621621622,0.404153354632588,0.0473933649289099,0.3875,0.646687697160883,0.411671924290221,0.378164556962025,0,0.552922590837283,0.617224880382775,0.443396226415094,0.617549668874172,0.633757961783439,0.622611464968153,0.588617886178862,0.575409836065574,0.9168,0.607431340872375,0,0.821371610845295,0.381316998468606,0.405023547880691,0.505460218408736,0.628246753246753,0.383012820512821,0,0.596244131455399,0.386435331230284,0.414673046251994,0.624203821656051,0.595505617977528,0.545161290322581,0.609634551495017,0.635483870967742,0,0.618320610687023,0.374009508716323,0.616954474097331,0.795886075949367,0.628246753246753,0.392063492063492,0.640253565768621,0.372611464968153,0.690590111642743,0.672552166934189,0.65987460815047,0.623417721518987,0.614173228346457,0.598086124401914,0.655007949125596,0.600624024960998,0.40405616224649,0.393700787401575,0.612956810631229,0.616613418530351,0.564465408805031,0.691943127962085,0.621087314662274,0.647887323943662,0.619783616692427,0,0.449752883031302,0.617693522906793,0.378421900161031,0,0.63768115942029,0.00490998363338789,0.430176565008026,0.614420062695925,0.609951845906902,0.00162074554294976,0.638095238095238,0.656101426307448,0.638573743922204,0.381107491856678,0.650563607085346,0.6112,0.695859872611465,0.656200941915228,0.676751592356688,0,0.498417721518987,0.619741100323625,0.637380191693291,0.65224358974359,0.624203821656051,0.609715242881072,0.412225705329154,0,0.624405705229794,0.606299212598425,0.639109697933227,0.877708978328173,0.381558028616852,0.640901771336554,0.529790660225443,0.494176372712146,0.00317460317460317,1,0.657556270096463,0.673015873015873,0,0.551894563426689,0.636075949367089,0.965408805031447,0.639553429027113,0.436923076923077,0,0,0.607033639143731,0.633385335413417,0,0.624605678233438,0.00322061191626409,0,0,0.618210862619808,0,0.630225080385852,0.623417721518987,0.637071651090343,0.601550387596899,0,0,0.626984126984127,0.650470219435737,0.855572998430141,0.386895475819033,0,0.621538461538461,0.645468998410175,0.630225080385852,0.680379746835443,0.571197411003236,0,0.607255520504732,0.386776859504132,0.648208469055375,0.445512820512821,0,0.383076923076923,0.485342019543974,0.646076794657763,0.616352201257862,0,0.635670731707317,0.630265210608424,0.608490566037736,0,0.42671009771987,0.643926788685524,0.371100164203612,0.603744149765991,0.6171875,0.396496815286624,0.606012658227848,0.600321027287319,0.655448717948718,0.392914653784219,0.492659053833605,0.641025641025641,0.00476947535771065,0.3936,0.62085308056872,0.405271828665568,0.828250401284109,0.565916398713826,0,0.448275862068966,0.707592891760905,0.574367088607595,0.636220472440945,0.386731391585761,0.487538940809969,0.704013377926421,0.647515527950311,0.664605873261206,0.65112540192926,0.888707037643208,0,0.637345679012346,0.388625592417062,0.622792937399679,0.611745513866232,0.379310344827586,0.608557844690967,0.629213483146067,0.610142630744849,0.665610142630745,0.617834394904459,0.459069020866774,0.501607717041801,0.613564668769716,0.635499207606973,0,0,0.619741100323625,0.638752052545156,0.388524590163934,0.623778501628665,0.621405750798722,0.606299212598425,0.618739903069467,0.676375404530744,0.628482972136223,0,0.630990415335463,0.573743922204214,0.628346456692913,0.625199362041467,0,0.820967741935484,0.607843137254902,0.384126984126984,0.752025931928687,0.575235109717868,0.804878048780488,0.685303514376997,0.648854961832061,0.450617283950617,0.608414239482201,0.615748031496063,0.6375,0.550488599348534,0.427662957074722,0.62992125984252,0.614533965244866,0.0031104199066874,0.833594976452119,0.661417322834646,0.538950715421304,0.656549520766773,0.6144,0.655448717948718,0.612698412698413,0.15600624024961,0.379478827361564,0,0.728434504792332,0.381493506493506,0.378164556962025,0.537360890302067,0,0.639240506329114,0.662480376766091,0.622611464968153,0.624223602484472,0.452495974235105,0.377207062600321,0,0,0.497553017944535,0.434231378763867,0.496012759170654,0,0.385692068429238,0.6109375,0.163265306122449,0.57258064516129,0.614035087719298,0.653061224489796,0.65224358974359,0.678071539657854,0.644757433489828,0,0.621705426356589,0.623604465709729,0.640449438202247,0.6421875,0.61875,0.613782051282051,0.00321027287319422,0.649206349206349,0.641065830721003,0,0.636923076923077,0.379746835443038,0.642156862745098,0.656645569620253,0,0.00317460317460317,0.679401993355482,0.669871794871795,0.404761904761905,0.46875,0.00476190476190476,0.0016366612111293,0.638629283489097,0.401284109149278,0.610837438423645,0.57984496124031,0.600308641975309,0.372854914196568,0.560126582278481,0.5696,0.669902912621359,0.455138662316476,0.3824,0.00159489633173844,0.404186795491143,0,0.61875,0.342715231788079,0.613953488372093,0.398692810457516,0.613636363636364,0,0.632558139534884,0.75594294770206,0.605590062111801,0,0.62402496099844,0,0.618421052631579,0.635514018691589,0,0.634069400630915,0.6144,0.684039087947883,0.638297872340426,0.406779661016949,0,0.624398073836276,0.539708265802269,0,0.69701726844584,0.374233128834356,0.390965732087227,0.605177993527508,0.617224880382775,0.612341772151899,0.620967741935484,0.6064,0,0.6336,0.0141509433962264,0.577287066246057,0.536741214057508,0.6171875,0.619426751592357,0.622464898595944,0.623417721518987,0.0646687697160883,0.404120443740095,0.61576354679803,0.635646687697161,0.924528301886792,0.624806201550388,0.612852664576803,0.627943485086342,0,0,0.620637329286798,0,0.439370078740157,0,0.626984126984127,0.551219512195122,0.516129032258065,0.460342146189736,0.663461538461538,0.00157977883096367,0.46129541864139,0.599683544303797,0.613312202852615,0.635048231511254,0.635802469135803,0.592760180995475,0.491577335375191,0.670418006430868,0.377952755905512,0.512779552715655,0.658227848101266,0.592476489028213,0.923809523809524,0.373397435897436,0,0.376221498371336,0.576736672051696,0.61389337641357,0.605678233438486,0.526153846153846,0.988924050632911,0.658841940532081,0.603395061728395,0.652960526315789,0.630990415335463,0.619672131147541,0.629032258064516,0.640449438202247,0.605723370429253,0.609177215189873,0.386259541984733,0.387147335423198,0.674193548387097,0.00622083981337481,0.626356589147287,0.624405705229794,0,0.495081967213115,0,0.650159744408946,0,0.637658227848101,0.623604465709729,0.38351822503962,0.64968152866242,0.614420062695925,0.643435980551053,0.630914826498423,0.634894991922456,0,0,0.657937806873977,0.630862329803328,0.617554858934169,0,0,0.370860927152318,0.559006211180124,0.714285714285714,0,0.609951845906902,0,0.63961038961039,0.625806451612903,0.458333333333333,0.603125,0,0.588524590163934,0.682464454976303,0.693163751987281,0.627511591962906,0.642745709828393,0.39968152866242,0.629449838187702,0.0513643659711075,0.610474631751228,0,0.615740740740741,0.00160513643659711,0.603618421052632,0.388709677419355,0.242811501597444,0,0,0.713831478537361,0.67862969004894,0.622257053291536,0.679304897314376,0.387944358578053,0.380487804878049,0.636942675159236,0.632872503840246,0,0.399361022364217,0.640699523052464,0,0.611382113821138,0.636932707355243,0.441640378548896,0.0286624203821656,0.379365079365079,0.603448275862069,0.615136876006441,0.437898089171975,0.467105263157895,0.460218408736349,0.865040650406504,0.458860759493671,0.619047619047619,0,0.8112,0.63182527301092,0.00162337662337662,0,0.382175226586103,0,0.389067524115756,0.608832807570978,0.663934426229508,0.3856,0.379421221864952,0.649918962722853,0.624183006535948,0.768388106416275,0.0377358490566038,0.380097879282219,0.0528846153846154,0.0207336523125997,0,0.33868378812199,0.384853168469861,0.38961038961039,0.397798742138365,0.371294851794072,0.0356564019448947,0.0421875,0.385103011093502,0.025,0.00643086816720257,0.0380348652931854,0.0236220472440945,0.045958795562599,0.404458598726115,0.0236220472440945,0.395695364238411,0.387820512820513,0.0303030303030303,0.364365971107544,0.0421875,0.389589905362776,0.397435897435897,0.392307692307692,0.380191693290735
"432",0.597133757961783,0.607535321821036,0.603421461897356,0.627450980392157,0.598726114649682,0.604575163398693,0.628751974723539,0.607751937984496,0.59253499222395,0,0.606012658227848,0,0.598101265822785,0.611023622047244,0.421296296296296,0.405660377358491,0,0.00636942675159236,0.596463022508039,0.619496855345912,0.528213166144201,0.423263327948304,0.606918238993711,0,0.655063291139241,0.546623794212219,0.518110236220472,0.608626198083067,0.644376899696049,0.64018691588785,0.407066052227343,0.646031746031746,0.65251572327044,0.605678233438486,0,0.5952,0.0170542635658915,0.591836734693878,0.571646341463415,0.612752721617418,0.00157977883096367,0.0063391442155309,0.00153846153846154,0.613526570048309,0.66557911908646,0.403846153846154,0.638801261829653,0.404153354632588,0.634703196347032,0.475232198142415,0,0.60031847133758,0.573228346456693,0.605388272583201,0.603833865814696,0.4704,0,0.613672496025437,0.587677725118483,0.631746031746032,0.618973561430793,0.624213836477987,0.401587301587302,0,0.646774193548387,0.636505460218409,0,0.593406593406593,0,0.41025641025641,0.68621236133122,0.407176287051482,0.409162717219589,0.604361370716511,0,0.675507020280811,0.423913043478261,0.63349131121643,0.625607779578606,0.509121061359867,0,0.648264984227129,0.529230769230769,0.604724409448819,0.471048513302034,0.64797507788162,0.599369085173502,0.614420062695925,0.606531881804043,0.00308641975308642,0.602848101265823,0.585139318885449,0,0,0.619354838709677,0,0.537854889589905,0.589622641509434,0.00308641975308642,0.00320512820512821,0.6421875,0,0.58213716108453,0.593059936908517,0.492236024844721,0.5952,0.00316455696202532,0.593996840442338,0.422222222222222,0.392344497607655,0.406885758998435,0.615136876006441,0.543581616481775,0.58664546899841,0,0.601574803149606,0.656298600311042,0,0.387045813586098,0.56140350877193,0,0.664556962025316,0.559429477020602,0.48314606741573,0.607594936708861,0.533858267716535,0.6,0.606060606060606,0,0.650470219435737,0.632165605095541,0.598705501618123,0.608346709470305,0,0.59771986970684,0.411402157164869,0,0.564387917329094,0.635071090047393,0.634894991922456,0,0,0.590979782270607,0.691455696202532,0.488817891373802,0.607594936708861,0.390822784810127,0.645110410094637,0.569823434991974,0.594135802469136,0.518518518518518,0.594294770206022,0.5829307568438,0.630914826498423,0.588976377952756,0.387722132471729,0.606012658227848,0.408945686900958,0,0.663461538461538,0.615030674846626,0.599681020733652,0.405616224648986,0,0.595611285266458,0.597087378640777,0.605220228384992,0.600311041990669,0.6109375,0.588785046728972,0.606012658227848,0.39873417721519,0.6078125,0.411402157164869,0.618506493506494,0.586854460093897,0,0.598746081504702,0,0.624012638230648,0.60410094637224,0.464630225080386,0.60596546310832,0.63166144200627,0.594470046082949,0.610852713178295,0.437795275590551,0.544891640866873,0.649038461538462,0.630225080385852,0.463492063492064,0.411949685534591,0.604838709677419,0.609448818897638,0,0,0.610062893081761,0.00159235668789809,0.598449612403101,0.517295597484277,0.637239165329053,0.635220125786163,0.608562691131499,0.665605095541401,0.588509316770186,0.613418530351438,0.580031695721078,0.609872611464968,0.624413145539906,0,0.694488188976378,0.530179445350734,0.635782747603834,0.390822784810127,0.453292496171516,0.649921507064364,0.623028391167192,0.608497723823976,0.65818759936407,0.588328075709779,0.64968152866242,0,0.466666666666667,0.668721109399075,0.590322580645161,0,0.5984375,0.602782071097372,0.666141732283465,0.558359621451104,0.606687898089172,0.61038961038961,0.599041533546326,0,0.613601236476043,0.627980922098569,0.620294599018003,0.399046104928458,0.604327666151468,0.611111111111111,0.596573208722741,0.613672496025437,0.6078125,0.406299212598425,0.61698717948718,0.638801261829653,0.40695915279879,0.403697996918336,0.48314606741573,0.407290015847861,0.512116316639742,0.641653905053599,0.406593406593407,0.410575427682737,0.396284829721362,0.689922480620155,0.416666666666667,0.60952380952381,0.00479233226837061,0.38810641627543,0,0.538709677419355,0.601286173633441,0.602484472049689,0.714285714285714,0,0.632258064516129,0.636363636363636,0.66031746031746,0.645631067961165,0.550955414012739,0.586538461538462,0.00475435816164818,0.592,0.478193146417445,0.659468438538206,0.60828025477707,0.416539050535988,0.670947030497592,0.4144,0.45839874411303,0.618541033434651,0.591572123176661,0.626198083067093,0,0.701399688958009,0.605136436597111,0,0.408385093167702,0.614906832298137,0.598726114649682,0,0.4,0.391236306729264,0.608130081300813,0.640322580645161,0.398042414355628,0,0.609794628751975,0.611374407582938,0.655813953488372,0.5320813771518,0.698717948717949,0.594427244582043,0.397151898734177,0.61136712749616,0.600953895071542,0.408517350157729,0.598425196850394,0.618066561014263,0.611821086261981,0.608214849921011,0.519108280254777,0.593700787401575,0.599378881987578,0.607655502392344,0.617792421746293,0.0330188679245283,0.567783094098884,0.601587301587302,0.507739938080495,0.572093023255814,0.588235294117647,0.600644122383253,0.607936507936508,0.687203791469194,0.593354430379747,0.563402889245586,0.603421461897356,0.590764331210191,0,0.610591900311526,0.644230769230769,0.389857369255151,0.0311526479750779,0.401526717557252,0.609984399375975,0.418351477449456,0.400616332819723,0,0.564945226917058,0.597774244833068,0.44031007751938,0.612745098039216,0.625796178343949,0.60731319554849,0.595813204508857,0.601957585644372,0.650159744408946,0.552980132450331,0,0.648177496038035,0.404651162790698,0.406201550387597,0.545595054095827,0.609717868338558,0.407874015748032,0,0.61993769470405,0.410852713178295,0.42604501607717,0.570754716981132,0.592356687898089,0.514376996805112,0.599033816425121,0.594294770206022,0,0.604826546003017,0.400621118012422,0.599078341013825,0.650238473767886,0.611745513866232,0.405750798722045,0.599071207430341,0.387755102040816,0.599686028257457,0.637820512820513,0.611280487804878,0.623839009287926,0.596850393700787,0.61244019138756,0.611821086261981,0.58814352574103,0.405572755417957,0.417582417582418,0.589825119236884,0.60377358490566,0.531446540880503,0.615141955835962,0.630971993410214,0.62402496099844,0.618604651162791,0,0.454983922829582,0.606012658227848,0.412044374009509,0,0.62085308056872,0.00325732899022801,0.43015873015873,0.592933947772657,0.60031847133758,0.00159489633173844,0.661392405063291,0.610845295055821,0.621138211382114,0.399361022364217,0.621578099838969,0.579710144927536,0.607936507936508,0.71496062992126,0.657364341085271,0,0.523052464228935,0.605769230769231,0.603421461897356,0.605633802816901,0.608490566037736,0.586378737541528,0.396850393700787,0.0015527950310559,0.61214953271028,0.609375,0.622432859399684,0.634920634920635,0.387301587301587,0.629746835443038,0.576086956521739,0.490725126475548,0.00155763239875389,0.657556270096463,1,0.669266770670827,0,0.523654159869494,0.612954186413902,0.632148377125193,0.578864353312303,0.429878048780488,0,0,0.594512195121951,0.608763693270736,0,0.611023622047244,0.00315457413249211,0,0,0.594249201277955,0,0.594155844155844,0.661904761904762,0.647604327666152,0.598755832037325,0,0,0.607535321821036,0.623853211009174,0.666666666666667,0.410216718266254,0,0.6140625,0.702194357366771,0.603448275862069,0.623622047244095,0.539936102236422,0,0.6140625,0.3984,0.625,0.4368,0,0.400928792569659,0.477848101265823,0.791461412151067,0.595813204508857,0,0.620743034055728,0.634069400630915,0.582298136645963,0,0.425806451612903,0.596345514950166,0.39607201309329,0.586854460093897,0.585139318885449,0.41588785046729,0.5968,0.61259842519685,0.652996845425868,0.392344497607655,0.4928,0.607717041800643,0.00471698113207547,0.390205371248025,0.6140625,0.403908794788274,0.65,0.543130990415335,0,0.483464566929134,0.625607779578606,0.563664596273292,0.613057324840764,0.411111111111111,0.491392801251956,0.590082644628099,0.62888198757764,0.626934984520124,0.614285714285714,0.659127625201939,0,0.613104524180967,0.396284829721362,0.586750788643533,0.586429725363489,0.400928792569659,0.589984350547731,0.610576923076923,0.59047619047619,0.648648648648649,0.603174603174603,0.481889763779528,0.543887147335423,0.641269841269841,0.632492113564669,0,0,0.594896331738437,0.638709677419355,0.416139240506329,0.620578778135048,0.606973058637084,0.633802816901408,0.626817447495961,0.747181964573269,0.623255813953488,0,0.643769968051118,0.567092651757188,0.610410094637224,0.607874015748031,0,0.644694533762058,0.605095541401274,0.396496815286624,0.66031746031746,0.531881804043546,0.648567119155354,0.66407465007776,0.625942684766214,0.444615384615385,0.604878048780488,0.600614439324117,0.614173228346457,0.556270096463023,0.447077409162717,0.603149606299213,0.600924499229584,0.00313971742543171,0.685847589424572,0.884310618066561,0.501572327044025,0.634945397815913,0.60952380952381,0.606299212598425,0.609717868338558,0.148205928237129,0.391233766233766,0,0.652996845425868,0.39937106918239,0.401263823064771,0.509493670886076,0,0.624213836477987,0.617784711388456,0.591772151898734,0.618973561430793,0.462264150943396,0.414790996784566,0,0,0.504918032786885,0.466346153846154,0.476190476190476,0,0.385826771653543,0.5765625,0.180124223602484,0.600961538461538,0.586151368760064,0.660406885758998,0.605388272583201,0.649762282091918,0.650695517774343,0,0.606980273141123,0.66394779771615,0.70253164556962,0.62015503875969,0.604294478527607,0.631083202511774,0.00634920634920635,0.631746031746032,0.629800307219662,0,0.605504587155963,0.414330218068536,0.606965174129353,0.576619273301738,0,0.0046875,0.711726384364821,0.657097288676236,0.413145539906103,0.461038961038961,0.00473186119873817,0.00160771704180064,0.641221374045801,0.412140575079872,0.600671140939597,0.558282208588957,0.602184087363494,0.400943396226415,0.653786707882535,0.541666666666667,0.621187800963082,0.476190476190476,0.403726708074534,0.00156494522691706,0.432601880877743,0,0.60490045941807,0.366612111292962,0.594470046082949,0.41091492776886,0.587579617834395,0,0.581143740340031,0.616719242902208,0.590111642743222,0,0.592649310872894,0,0.581168831168831,0.611197511664075,0,0.65625,0.608064516129032,0.657643312101911,0.619426751592357,0.417701863354037,0,0.593354430379747,0.506389776357827,0,0.656832298136646,0.393617021276596,0.405572755417957,0.613782051282051,0.589456869009585,0.59190031152648,0.5904,0.618441971383148,0,0.59748427672956,0.0109204368174727,0.585403726708075,0.509316770186335,0.602484472049689,0.601574803149606,0.609831029185868,0.613458528951487,0.0600315955766193,0.402843601895735,0.619047619047619,0.602503912363067,0.664086687306502,0.607476635514019,0.598425196850394,0.611544461778471,0,0,0.576452599388379,0,0.443585780525502,0.00158478605388273,0.618819776714514,0.507317073170732,0.547504025764895,0.486821705426357,0.644230769230769,0,0.468354430379747,0.577881619937695,0.605015673981191,0.679304897314376,0.666666666666667,0.521148036253776,0.472222222222222,0.654952076677316,0.39375,0.480559875583204,0.691082802547771,0.572555205047319,0.650231124807396,0.386435331230284,0,0.408585055643879,0.567479674796748,0.578861788617886,0.608087091757387,0.552995391705069,0.641838351822504,0.629457364341085,0.597542242703533,0.621931260229133,0.618441971383148,0.601973684210526,0.6064,0.56782334384858,0.545454545454545,0.603803486529319,0.407914764079148,0.404354587869362,0.633070866141732,0.00470957613814757,0.606864274570983,0.599686028257457,0,0.492682926829268,0,0.608346709470305,0,0.614896988906498,0.592767295597484,0.409582689335394,0.646964856230032,0.599688473520249,0.666666666666667,0.649289099526066,0.627980922098569,0,0,0.617161716171617,0.615733736762481,0.601246105919003,0,0,0.4,0.555727554179567,0.583596214511041,0,0.572998430141287,0,0.639810426540284,0.6112,0.47172859450727,0.53587786259542,0,0.557877813504823,0.6384,0.598145285935085,0.606758832565284,0.667192429022082,0.403508771929825,0.606158833063209,0.0489731437598736,0.599358974358974,0,0.613846153846154,0.0015600624024961,0.587662337662338,0.414173228346457,0.247987117552335,0,0,0.633693972179289,0.624193548387097,0.612852664576803,0.669767441860465,0.425954198473282,0.414673046251994,0.691573926868045,0.600303951367781,0,0.396468699839486,0.628980891719745,0,0.590982286634461,0.607198748043818,0.458461538461538,0.0251968503937008,0.38810641627543,0.585403726708075,0.540192926045016,0.453689167974882,0.451718494271686,0.459968602825746,0.664536741214057,0.443410852713178,0.617834394904459,0,0.663987138263666,0.596875,0,0,0.385208012326656,0,0.39652448657188,0.579527559055118,0.99349593495935,0.391373801916933,0.399678972712681,0.646203554119548,0.600638977635783,0.623839009287926,0.0296411856474259,0.410130718954248,0.0540540540540541,0.014308426073132,0,0.33652312599681,0.386259541984733,0.401587301587302,0.421052631578947,0.395348837209302,0.0286624203821656,0.0345368916797488,0.40405616224649,0.0176,0.00648298217179903,0.0314465408805031,0.0186046511627907,0.0344827586206897,0.403815580286169,0.0222575516693164,0.405582922824302,0.399046104928458,0.0271565495207668,0.392744479495268,0.0401854714064915,0.412225705329154,0.37914691943128,0.406441717791411,0.4
"433",0.610410094637224,0.613924050632911,0.639016897081413,0.650238473767886,0.629392971246006,0.60223642172524,0.634920634920635,0.633647798742138,0.620743034055728,0,0.598746081504702,0,0.642414860681115,0.6,0.421052631578947,0.409733124018838,0,0.0109717868338558,0.598736176935229,0.621374045801527,0.506849315068493,0.409756097560976,0.609230769230769,0,0.619565217391304,0.561622464898596,0.491499227202473,0.6128,0.63969465648855,0.634146341463415,0.386046511627907,0.744548286604361,0.685483870967742,0.550925925925926,0,0.605388272583201,0.0124610591900312,0.616564417177914,0.546407185628742,0.61993769470405,0.0015552099533437,0.00917431192660551,0.00462962962962963,0.614420062695925,0.812995245641838,0.399366085578447,0.660347551342812,0.394695787831513,0.719271623672231,0.453717754172989,0,0.612341772151899,0.593114241001565,0.602523659305994,0.639937106918239,0.498397435897436,0,0.609105180533752,0.613104524180967,0.696923076923077,0.561051004636785,0.626339969372129,0.385714285714286,0,0.639810426540284,0.638330757341577,0,0.609375,0,0.405616224648986,0.663594470046083,0.399068322981366,0.409302325581395,0.610169491525424,0,0.707241910631741,0.423076923076923,0.642201834862385,0.66403785488959,0.558292282430213,0,0.823348694316436,0.535660091047041,0.606758832565284,0.475077881619938,0.706605222734255,0.608024691358025,0.645412130637636,0.602484472049689,0.00303951367781155,0.600931677018634,0.616588419405321,0,0,0.613418530351438,0,0.548136645962733,0.618012422360248,0.00460829493087558,0.00625978090766823,0.641390205371248,0,0.554858934169279,0.60093896713615,0.468562874251497,0.60702875399361,0.0047244094488189,0.631578947368421,0.409020217729393,0.4125,0.384251968503937,0.634222919937206,0.60410094637224,0.602201257861635,0,0.633956386292835,0.755038759689923,0,0.390697674418605,0.515873015873016,0,0.6859375,0.544881889763779,0.450320512820513,0.624413145539906,0.472560975609756,0.601217656012177,0.604037267080745,0,0.637770897832817,0.673946957878315,0.576190476190476,0.609872611464968,0,0.623211446740858,0.410606060606061,0,0.54858934169279,0.672386895475819,0.635646687697161,0,0,0.636505460218409,0.700468018720749,0.51993620414673,0.61214953271028,0.401253918495298,0.657407407407407,0.614173228346457,0.623853211009174,0.484992101105845,0.609567901234568,0.6109375,0.613981762917933,0.605263157894737,0.374592833876221,0.609494640122512,0.385579937304075,0,0.681528662420382,0.686544342507645,0.613354037267081,0.409861325115562,0,0.609756097560976,0.726688102893891,0.606012658227848,0.595054095826893,0.617511520737327,0.577812018489985,0.6359375,0.400943396226415,0.617873651771957,0.396369137670197,0.654574132492114,0.633435582822086,0,0.609375,0,0.638759689922481,0.603395061728395,0.457142857142857,0.636080870917574,0.643962848297214,0.587706146926537,0.61633281972265,0.446708463949843,0.612557427258805,0.694267515923567,0.646322378716745,0.449139280125196,0.400616332819723,0.624203821656051,0.649068322981366,0,0,0.572784810126582,0.0015527950310559,0.60490045941807,0.575384615384615,0.645569620253165,0.645161290322581,0.613876319758673,0.624213836477987,0.558282208588957,0.594679186228482,0.642745709828393,0.613458528951487,0.673282442748092,0,0.627300613496933,0.520064205457464,0.659810126582278,0.385093167701863,0.445468509984639,0.639625585023401,0.638888888888889,0.629007633587786,0.692667706708268,0.601851851851852,0.661881977671451,0,0.434984520123839,0.685099846390169,0.618897637795276,0,0.592424242424242,0.631259484066768,0.644376899696049,0.616588419405321,0.611635220125786,0.605769230769231,0.600313479623824,0,0.633888048411498,0.676056338028169,0.646031746031746,0.407407407407407,0.640243902439024,0.610062893081761,0.6,0.631415241057543,0.691588785046729,0.407874015748032,0.648818897637795,0.660990712074303,0.392424242424242,0.395136778115502,0.48503937007874,0.369565217391304,0.495253164556962,0.669710806697108,0.399068322981366,0.40763358778626,0.404024767801858,0.668188736681887,0.4078125,0.635930047694754,0.0046656298600311,0.384496124031008,0,0.528125,0.615987460815047,0.60741885625966,0.658499234303216,0,0.681672025723473,0.633846153846154,0.748043818466354,0.71850699844479,0.603421461897356,0.543307086614173,0.00627943485086342,0.597156398104265,0.459752321981424,0.752025931928687,0.64696734059098,0.409230769230769,0.653125,0.40527950310559,0.472136222910217,0.617824773413897,0.599033816425121,0.632237871674491,0,0.661068702290076,0.635093167701863,0,0.394817073170732,0.636225266362253,0.62992125984252,0,0.398148148148148,0.3953125,0.618357487922705,0.704472843450479,0.38961038961039,0,0.6125,0.630094043887147,0.721884498480243,0.606531881804043,0.657686212361331,0.636363636363636,0.402157164869029,0.613707165109034,0.602427921092564,0.401883830455259,0.633996937212864,0.619047619047619,0.614533965244866,0.605873261205564,0.518633540372671,0.641975308641975,0.575384615384615,0.624012638230648,0.618210862619808,0.0326086956521739,0.528125,0.645962732919255,0.510140405616225,0.527736131934033,0.625,0.606864274570983,0.630672926447574,0.692185007974482,0.590704647676162,0.522906793048973,0.64624808575804,0.605263157894737,0,0.654434250764526,0.635499207606973,0.403100775193798,0.0372670807453416,0.395136778115502,0.616224648985959,0.422187981510015,0.394984326018809,0,0.556765163297045,0.612698412698413,0.433903576982893,0.631067961165049,0.642301710730949,0.628304821150855,0.566978193146417,0.589456869009585,0.65414710485133,0.612111292962357,0,0.665629860031104,0.395488721804511,0.407294832826748,0.519201228878648,0.597464342313788,0.399693721286371,0,0.664110429447853,0.391705069124424,0.41471048513302,0.650470219435737,0.599374021909233,0.55607476635514,0.611111111111111,0.592767295597484,0,0.625748502994012,0.37984496124031,0.610429447852761,0.661016949152542,0.597444089456869,0.3984375,0.617151607963247,0.373040752351097,0.6140625,0.856687898089172,0.628086419753086,0.634674922600619,0.595975232198142,0.578783151326053,0.608490566037736,0.604261796042618,0.403053435114504,0.411214953271028,0.606349206349206,0.606531881804043,0.588785046728972,0.612307692307692,0.622366288492707,0.651090342679128,0.616564417177914,0,0.4816,0.604361370716511,0.394366197183099,0,0.628930817610063,0.00479233226837061,0.427432216905901,0.614439324116744,0.640625,0.00312989045383412,0.651017214397496,0.644654088050314,0.638230647709321,0.375198728139905,0.628164556962025,0.598715890850722,0.616588419405321,0.656394453004623,0.802507836990596,0,0.505494505494505,0.621621621621622,0.601880877742947,0.669767441860465,0.610248447204969,0.623567921440262,0.406441717791411,0.00154559505409583,0.609494640122512,0.614307931570762,0.644067796610169,0.653846153846154,0.385220125786164,0.67192429022082,0.582181259600614,0.492706645056726,0.00308641975308642,0.673015873015873,0.669266770670827,1,0,0.568910256410256,0.657853810264386,0.65,0.688172043010753,0.44947209653092,0,0,0.609022556390977,0.612462006079027,0,0.639937106918239,0.00316455696202532,0,0,0.605678233438486,0,0.622820919175911,0.622848200312989,0.636503067484663,0.602134146341463,0,0,0.618380062305296,0.634703196347032,0.708333333333333,0.400306748466258,0,0.635258358662614,0.664098613251156,0.604068857589984,0.686064318529862,0.615264797507788,0,0.618320610687023,0.38375796178344,0.66031746031746,0.453271028037383,0,0.397865853658537,0.475077881619938,0.609951845906902,0.610091743119266,0,0.658499234303216,0.635514018691589,0.601866251944012,0,0.430842607313196,0.624796084828711,0.383986928104575,0.609422492401216,0.610169491525424,0.4078125,0.603076923076923,0.590417310664606,0.666153846153846,0.410094637223975,0.50693374422188,0.624610591900312,0.003125,0.395962732919255,0.637904468412943,0.406995230524642,0.699212598425197,0.6046875,0,0.453978159126365,0.671974522292994,0.559375,0.615264797507788,0.406940063091483,0.507692307692308,0.546492659053834,0.662632375189107,0.701996927803379,0.641065830721003,0.67244094488189,0,0.614088820826952,0.397832817337461,0.603100775193798,0.620031796502385,0.388127853881279,0.608695652173913,0.617322834645669,0.586750788643533,0.696124031007752,0.615023474178404,0.464788732394366,0.534072900158479,0.645705521472393,0.650621118012422,0,0,0.614896988906498,0.638364779874214,0.397456279809221,0.627980922098569,0.610591900311526,0.627145085803432,0.637795275590551,0.636363636363636,0.62962962962963,0,0.631007751937985,0.567651632970451,0.606531881804043,0.612654320987654,0,0.664025356576862,0.635367762128325,0.384375,0.653907496012759,0.58695652173913,0.646879756468798,0.924290220820189,0.611620795107034,0.43161094224924,0.635930047694754,0.601538461538462,0.637480798771121,0.5667215815486,0.445839874411303,0.629457364341085,0.594512195121951,0.00303951367781155,0.680981595092024,0.632148377125193,0.549450549450549,0.771384136858476,0.604361370716511,0.622083981337481,0.602150537634409,0.152073732718894,0.39776357827476,0,0.687888198757764,0.394321766561514,0.391236306729264,0.572530864197531,0,0.631901840490798,0.66156202143951,0.60347551342812,0.611963190184049,0.475435816164818,0.39652448657188,0,0,0.502423263327948,0.455696202531646,0.500792393026941,0,0.391104294478528,0.582689335394127,0.182945736434109,0.567398119122257,0.606012658227848,0.64624808575804,0.6140625,0.923547400611621,0.810318664643399,0,0.60655737704918,0.608695652173913,0.648522550544324,0.657099697885196,0.620426829268293,0.694488188976378,0.00467289719626168,0.674961119751166,0.644716692189893,0,0.612903225806452,0.398449612403101,0.611382113821138,0.540247678018576,0,0.0046656298600311,0.678688524590164,0.752773375594295,0.398148148148148,0.490415335463259,0.0062111801242236,0.00161290322580645,0.622154779969651,0.385579937304075,0.612745098039216,0.607518796992481,0.616459627329193,0.385911179173047,0.604651162790698,0.584251968503937,0.685624012638231,0.454545454545455,0.387096774193548,0.00153846153846154,0.412225705329154,0,0.61178247734139,0.350081037277148,0.627067669172932,0.392523364485981,0.6064,0,0.637329286798179,0.655172413793103,0.594090202177294,0,0.603076923076923,0,0.64274322169059,0.617784711388456,0,0.650695517774343,0.623622047244095,0.690625,0.642405063291139,0.428134556574924,0,0.602167182662539,0.536050156739812,0,0.754198473282443,0.376701966717095,0.39236641221374,0.598412698412698,0.610223642172524,0.61609907120743,0.609034267912773,0.616719242902208,0,0.610675039246468,0.0121580547112462,0.598774885145482,0.572542901716069,0.607142857142857,0.613740458015267,0.610769230769231,0.608628659476117,0.0584615384615385,0.400943396226415,0.626409017713366,0.6156202143951,0.65144596651446,0.599693251533742,0.595645412130638,0.64451313755796,0,0,0.61236802413273,0,0.43778801843318,0,0.6265625,0.544585987261146,0.578025477707006,0.48,0.636792452830189,0.00152671755725191,0.46,0.597523219814242,0.614678899082569,0.785493827160494,0.619335347432024,0.528974739970282,0.509803921568627,0.677165354330709,0.387944358578053,0.463452566096423,0.66304347826087,0.525741029641186,0.665644171779141,0.389830508474576,0,0.388888888888889,0.580952380952381,0.598726114649682,0.618461538461539,0.524663677130045,0.663608562691132,0.68167701863354,0.610429447852761,0.660194174757282,0.636363636363636,0.615262321144674,0.603833865814696,0.665116279069767,0.675883256528418,0.609794628751975,0.38855421686747,0.393019726858877,0.677519379844961,0.00612557427258806,0.607033639143731,0.620583717357911,0,0.475961538461538,0,0.666666666666667,0,0.63594470046083,0.617054263565891,0.390243902439024,0.663026521060842,0.589312977099237,0.686028257456829,0.667706708268331,0.643769968051118,0,0,0.64926590538336,0.623318385650224,0.633435582822086,0,0,0.380573248407643,0.506134969325153,0.557632398753894,0,0.6625,0,0.685847589424572,0.625990491283677,0.460443037974684,0.549382716049383,0,0.6304,0.671875,0.600313479623824,0.626323751891074,0.697819314641745,0.408450704225352,0.632075471698113,0.0521327014218009,0.611821086261981,0,0.620060790273556,0.0031201248049922,0.5936,0.395931142410016,0.261904761904762,0,0,0.7046875,0.611727416798732,0.63969465648855,0.6,0.415781487101669,0.41875,0.680491551459293,0.611280487804878,0,0.398744113029827,0.63166144200627,0,0.613418530351438,0.642967542503864,0.440494590417311,0.0296411856474259,0.384976525821596,0.602465331278891,0.615748031496063,0.434169278996865,0.449206349206349,0.463678516228748,0.711538461538462,0.43778801843318,0.616113744075829,0,0.682888540031397,0.615267175572519,0.00157232704402516,0,0.397280966767372,0,0.395672333848532,0.599690880989181,0.65818759936407,0.400316455696203,0.397129186602871,0.655226209048362,0.644654088050314,0.637904468412943,0.0341085271317829,0.388617886178862,0.0610932475884244,0.0139103554868624,0,0.3640625,0.393617021276596,0.39652448657188,0.420890937019969,0.394126738794436,0.0365659777424483,0.0412213740458015,0.392307692307692,0.0154083204930663,0.00649350649350649,0.0325581395348837,0.0186625194401244,0.0398162327718224,0.401253918495298,0.0201238390092879,0.403252032520325,0.406940063091483,0.0279503105590062,0.389830508474576,0.0336906584992343,0.388198757763975,0.394080996884735,0.395738203957382,0.386792452830189
"434",0,0,0,0,0,0,0.0125391849529781,0.00155038759689922,0,1,0,1,0,0,0,0,1,0.979719188767551,0,0,0,0,0,1,0,0,0,0,0,0,0,0,0.00156494522691706,0,1,0,0.976923076923077,0,0,0,0.998444790046656,0.98125,0.992319508448541,0,0,0,0,0,0,0,1,0,0,0,0.0109546165884194,0,1,0,0.00305810397553517,0,0,0,0,1,0,0,1,0,1,0,0,0,0,0,1,0.00149925037481259,0,0,0.00158227848101266,0,1,0,0,0,0,0,0,0,0.00307692307692308,0.990922844175492,0,0,1,1,0,1,0.0168970814132104,0,0.992307692307692,0.990654205607477,0.0109204368174727,1,0,0,0,0,0.990654205607477,0.0031201248049922,0,0,0,0.0123076923076923,0,0,1,0,0,1,0,0,1,0.0015527950310559,0,0,0,0,0,0,1,0.00611620795107034,0,0,0,1,0,0,1,0,0,0.00632911392405063,1,1,0,0,0,0,0,0,0,0,0,0,0,0,0,0,0,0,1,0,0.00453172205438067,0,0,1,0,0,0,0,0,0,0,0,0,0,0.0015552099533437,0,1,0,1,0,0,0,0,0,0,0,0,0,0,0,0,0,0,0.0212443095599393,1,1,0,0.998466257668712,0,0,0.0110584518167457,0,0,0,0,0,0,0,0.00150829562594268,1,0,0,0,0,0,0.00309597523219814,0,0,0.00154798761609907,0,0,1,0,0,0,1,0,0,0.00309119010819165,0,0,0,0.015527950310559,1,0.0121396054628225,0,0,0,0,0,0,0,0,0,0,0,0,0,0,0,0,0,0,0,0,0,0,0,0.990461049284579,0,1,0.00470219435736677,0,0,0,1,0,0.00309119010819165,0,0,0,0,0.990769230769231,0,0,0,0,0,0,0,0,0,0,0.0110935023771791,1,0,0.0140625,1,0,0.0120481927710843,0.00154320987654321,1,0,0,0,0,0,1,0.0124804992199688,0,0,0,0,0,0,0,0,0,0,0,0,0,0,0,0,0.00318471337579618,0,0.948916408668731,0,0,0,0,0,0,0,0,0,0,0,0,1,0,0.00946372239747634,0,0.946401225114854,0,0,0,0,1,0,0,0,0,0,0,0,0,0,0,1,0,0,0,0,0,0,1,0,0,0,0.0031104199066874,0,0,0,0,1,0,0,0,0,0,0,0,0,0,0,0,0,0.0031055900621118,0,0,0,0,0,0,0,0,0,0,0,0,1,0,0,0,1,0,0.990625,0,0,0,0.996927803379416,0.00933125972006221,0,0,0,0,0,0,0,0,1,0,0.0015527950310559,0,0,0,0,0,0.998456790123457,0,0,0,0,0,0.00470219435736677,0,0.00975609756097561,0.993846153846154,0,0,0,1,0,0.00154559505409583,0,0,0,1,1,0,0,1,0,0.992012779552716,1,1,0,1,0,0.00154559505409583,0.0060790273556231,0,1,1,0,0,0,0,0.996840442338073,0.0182370820668693,0,0,0,0,1,0,0,0.00156739811912226,0,1,0,0,0,0.00153846153846154,1,0,0,0,1,0,0,0,0,0,0,0,0,0,0,0.00157232704402516,0,0.990595611285266,0,0,0,0,0.0093603744149766,1,0,0.00316455696202532,0,0,0,0,0,0,0,0,0,1,0,0,0,0.0031496062992126,0,0,0,0,0,0,0,0,0,0.0139318885448916,1,1,0,0,0,0,0,0,0,0,0.016793893129771,1,0,0.0123647604327666,0,0,1,0,0,0,0.00156985871271586,0,0,0,0,0,0.00316957210776545,0,0,0.016025641025641,0.0231124807395994,0,0,0.993911719939117,0,0,0,0,0,0,0,0.776934749620637,0,1,0.00156494522691706,0,0,0,1,0,0,0,0,0,0,1,1,0,0,0,1,0,0,0.566412213740458,0,0,0.00770416024653313,0,0,0,1,0,0,0,0.00455927051671732,0,0,0.990726429675425,0,0,1,0.00150602409638554,0,0,0,1,0.9921875,0,0,0,0,0.989296636085627,0.998394863563403,0,0,0,0,0,0,0,0,0.00476190476190476,0,0,0.996960486322188,0,1,0,0.159163987138264,0.0014903129657228,0,0,1,0,0,0,1,0,1,0,0,1,0.0182370820668693,0,0,0.00158478605388273,0,1,0,0,1,0,0,0,0,0,0,0.00309597523219814,0,1,0,0.978361669242658,0.0181818181818182,0,0,0,0,0,0.914860681114551,0,0,0,0,0,0,0,1,1,0,1,0,0.998444790046656,0,0,0,0,0,0.998444790046656,0,0,0,0,0,0,0,0,0,0,0,0,0,0,1,0,0.0157977883096366,0,0.0292307692307692,0,0,0.0045045045045045,0,0.0016025641025641,0,0,0,0,0,0,0,0,0.00310077519379845,0.989393939393939,0,0,1,0,1,0,1,0,0,0,0,0,0.0015527950310559,0,0.0171339563862928,1,1,0,0,0,1,1,0,0,0,1,0,1,0,0,0.0296411856474259,0,1,0,0,0,0,0,0,0,0.901716068642746,0,1,0,0.99375,0,0,0.37007874015748,1,1,0.00155038759689922,0,0.00758725341426404,0,0,0,0,0,1,0,0,1,0,0,0,0.955453149001536,0,0,0,0,0,0,0,0,0,1,0,0,0.995334370139969,1,0,1,0,0,0,0,0,0.00470957613814757,0.00462249614791988,0,0.950151057401813,0,0.9008,0.972265023112481,1,0.163265306122449,0,0,0.0060882800608828,0,0.952830188679245,0.93815987933635,0,0.973270440251572,0.990536277602524,0.946070878274268,0.969465648854962,0.940458015267176,0,0.965891472868217,0,0,0.956043956043956,0,0.924585218702866,0,0.0547112462006079,0,0
"435",0.284329563812601,0.292721518987342,0.3,0.326699834162521,0.292079207920792,0.29016393442623,0.358766233766234,0.297872340425532,0.28436018957346,0,0.28921568627451,0,0.571884984025559,0.273752012882448,0.734177215189873,0.719298245614035,0,0.0065252854812398,0.280788177339901,0.302931596091205,0.704944178628389,0.722408026755853,0.29047619047619,0,0.316211878009631,0.66721044045677,0.713141025641026,0.286189683860233,0.636363636363636,0.52373417721519,0.721958925750395,0.55591054313099,0.471544715447154,0.653160453808752,0,0.280388978930308,0.00952380952380952,0.28343949044586,0.726708074534162,0.344992050874404,0,0.00481540930979133,0.00156494522691706,0.275080906148867,0.454394693200663,0.749190938511327,0.595879556259905,0.717285945072698,0.765625,0.704761904761905,0,0.288,0.679936305732484,0.283171521035599,0.362459546925566,0.844628099173554,0,0.307941653160454,0.310725552050473,0.383647798742138,0.656,0.645110410094637,0.730645161290323,0,0.366942148760331,0.400641025641026,0,0.309409888357257,0,0.703225806451613,0.369426751592357,0.728731942215088,0.737357259380098,0.290679304897314,0,0.504792332268371,0.728,0.574162679425837,0.371941272430669,0.900514579759863,0,0.507911392405063,0.692185007974482,0.2736,0.723370429252782,0.359937402190923,0.27591706539075,0.311111111111111,0.303599374021909,0,0.283171521035599,0.277511961722488,0,0,0.311688311688312,0,0.668276972624799,0.303656597774245,0,0.00161030595813205,0.558064516129032,0,0.709677419354839,0.280844155844156,0.718944099378882,0.290909090909091,0.00162866449511401,0.285031847133758,0.718849840255591,0.728455284552846,0.717741935483871,0.33768352365416,0.918789808917197,0.298387096774194,0,0.293739967897271,0.54140127388535,0,0.714508580343214,0.722488038277512,0,0.473101265822785,0.704180064308682,0.723051409618574,0.310015898251192,0.686520376175549,0.2848,0.270967741935484,0,0.585443037974684,0.352272727272727,0.555735056542811,0.286178861788618,0,0.280788177339901,0.726688102893891,0,0.7072,0.541800643086817,0.593645484949833,0,0,0.301458670988655,0.4768,0.676126878130217,0.282926829268293,0.709415584415584,0.333333333333333,0.846153846153846,0.294952681388013,0.735632183908046,0.293269230769231,0.278877887788779,0.434439178515008,0.282539682539683,0.705882352941177,0.283227848101266,0.70873786407767,0,0.487961476725522,0.3765625,0.293075684380032,0.722222222222222,0,0.279179810725552,0.663430420711974,0.272425249169435,0.280701754385965,0.272870662460568,0.664025356576862,0.301109350237718,0.723472668810289,0.327014218009479,0.725705329153605,0.364500792393027,0.666129032258065,0,0.292207792207792,0,0.398724082934609,0.292407108239095,0.685897435897436,0.302362204724409,0.3456,0.289877300613497,0.301092043681747,0.8064,0.900787401574803,0.349753694581281,0.340531561461794,0.727272727272727,0.710144927536232,0.295934959349594,0.390322580645161,0,0,0.689655172413793,0,0.283464566929134,0.998407643312102,0.37378640776699,0.451510333863275,0.281446540880503,0.623397435897436,0.595541401273885,0.688524590163934,0.369354838709677,0.297560975609756,0.386942675159236,0,0.351524879614767,0.726351351351351,0.336617405582923,0.72275641025641,0.701421800947867,0.590032154340836,0.285714285714286,0.300157977883096,0.417197452229299,0.279365079365079,0.375404530744337,0,0.693944353518822,0.520376175548589,0.290909090909091,0,0.283676703645008,0.29874213836478,0.573248407643312,0.723747980613893,0.290375203915171,0.273170731707317,0.649206349206349,0,0.357142857142857,0.671474358974359,0.289735099337748,0.720565149136578,0.303656597774245,0.28,0.291079812206573,0.319935691318328,0.780564263322884,0.732348111658456,0.318327974276527,0.596825396825397,0.699844479004666,0.71875,0.698697068403909,0.730891719745223,0.728171334431631,0.496062992125984,0.71474358974359,0.714511041009464,0.712460063897764,0.58161648177496,0.696369636963696,0.301282051282051,0.00163398692810458,0.706451612903226,0,0.711001642036125,0.292763157894737,0.302066772655008,0.348242811501597,0,0.393034825870647,0.3921875,0.548231511254019,0.620578778135048,0.628058727569331,0.557723577235772,0.0016025641025641,0.282296650717703,0.73186119873817,0.548333333333333,0.303079416531605,0.72626582278481,0.482084690553746,0.727714748784441,0.784126984126984,0.2765625,0.289036544850498,0.348460291734198,0,0.542130365659777,0.354838709677419,0,0.710191082802548,0.357366771159875,0.307817589576547,0,0.720447284345048,0.7056,0.319604612850082,0.390522875816993,0.720661157024793,0,0.645468998410175,0.305057096247961,0.453525641025641,0.900158478605388,0.548599670510708,0.309409888357257,0.727272727272727,0.2796875,0.282467532467532,0.72258064516129,0.313694267515924,0.272727272727273,0.312913907284768,0.273584905660377,0.760697305863708,0.679245283018868,0.696284329563813,0.291056910569106,0.332220367278798,0.0158478605388273,0.703883495145631,0.325806451612903,0.705211726384365,0.722135007849294,0.304140127388535,0.289389067524116,0.3056,0.502463054187192,0.259375,0.691297208538588,0.309859154929577,0.279032258064516,0,0.670926517571885,0.592775041050903,0.739059967585089,0.016025641025641,0.710031347962382,0.363929146537842,0.720893141945773,0.73354735152488,0,0.730031948881789,0.308072487644152,0.6992,0.297520661157025,0.310789049919485,0.287337662337662,0.690553745928339,0.681063122923588,0.524350649350649,0.831649831649832,0,0.4144,0.71141975308642,0.744582043343653,0.7216,0.28476821192053,0.731132075471698,0,0.681962025316456,0.716108452950558,0.725363489499192,0.590243902439024,0.278582930756844,0.870703764320786,0.266101694915254,0.294975688816856,0,0.280245022970904,0.708661417322835,0.277337559429477,0.423263327948304,0.287337662337662,0.7085346215781,0.310236220472441,0.714968152866242,0.376,0.561688311688312,0.337042925278219,0.2944,0.278662420382166,0.6944,0.320261437908497,0.272583201267829,0.735015772870662,0.719611021069692,0.288778877887789,0.282091917591125,0.88,0.364500792393027,0.30794701986755,0.325358851674641,0.28892455858748,0,0.77258064516129,0.279552715654952,0.712662337662338,0,0.318770226537217,0.0016366612111293,0.748792270531401,0.274167987321712,0.319354838709677,0,0.548956661316212,0.631239935587762,0.310116086235489,0.71499176276771,0.422512234910277,0.286871961102107,0.673170731707317,0.559429477020602,0.4736,0,0.730081300813008,0.305057096247961,0.284565916398714,0.635782747603834,0.279365079365079,0.290268456375839,0.716129032258065,0.00161812297734628,0.297770700636943,0.287581699346405,0.322528363047002,0.511041009463722,0.711920529801324,0.381789137380192,0.701277955271565,0.682565789473684,0.00159235668789809,0.551894563426689,0.523654159869494,0.568910256410256,0,1,0.368,0.527156549520767,0.722662440570523,0.757763975155279,0,0,0.274961597542243,0.294851794071763,0,0.338709677419355,0.00163398692810458,0,0,0.285016286644951,0,0.298045602605863,0.429260450160772,0.615262321144674,0.265402843601896,0,0,0.2864,0.329211746522411,0.497607655502392,0.714733542319749,0,0.367762128325509,0.56418383518225,0.28391167192429,0.585173501577287,0.898713826366559,0,0.2944,0.695081967213115,0.330645161290323,0.785245901639344,0,0.71583850931677,0.707119741100324,0.565436241610738,0.291139240506329,0,0.330745341614907,0.292134831460674,0.29047619047619,0,0.791530944625407,0.312607944732297,0.734113712374582,0.2671875,0.280811232449298,0.717425431711146,0.270569620253165,0.691935483870968,0.431309904153355,0.725521669341894,0.704065040650407,0.311897106109325,0,0.710097719869707,0.304897314375987,0.742998352553542,0.562913907284768,0.629508196721312,0,0.714968152866242,0.461663947797716,0.704944178628389,0.299840510366826,0.722929936305732,0.747993579454254,0.580536912751678,0.330218068535826,0.38740157480315,0.311183144246353,0.473770491803279,0,0.302362204724409,0.722662440570523,0.303514376996805,0.663382594417077,0.728414442700157,0.284565916398714,0.297077922077922,0.277867528271405,0.536741214057508,0.295161290322581,0.729468599033816,0.719211822660099,0.329052969502408,0.357605177993528,0,0,0.270935960591133,0.333333333333333,0.70935960591133,0.300970873786408,0.297297297297297,0.661835748792271,0.353996737357259,0.474631751227496,0.342313787638669,0,0.287828947368421,0.660743134087238,0.285016286644951,0.280645161290323,0,0.538461538461538,0.312091503267974,0.719101123595506,0.518032786885246,0.803827751196172,0.414860681114551,0.564227642276423,0.318681318681319,0.697709923664122,0.305785123966942,0.282988871224165,0.290271132376396,0.672787979966611,0.694533762057878,0.285031847133758,0.281150159744409,0,0.44006309148265,0.59748427672956,0.877221324717286,0.476874003189793,0.293460925039872,0.395730706075534,0.294585987261146,0.14446227929374,0.704013377926421,0,0.432692307692308,0.724193548387097,0.709836065573771,0.889067524115756,0,0.285488958990536,0.338658146964856,0.281399046104928,0.29393468118196,0.717990275526742,0.719869706840391,0,0,0.725165562913907,0.721044045676998,0.786173633440514,0,0.7184,0.276083467094703,0.31496062992126,0.682333873581848,0.282504012841092,0.5553772070626,0.314845024469821,0.60031847133758,0.542857142857143,0,0.290824261275272,0.649180327868852,0.607907742998353,0.348726114649682,0.293460925039872,0.663430420711974,0.00161030595813205,0.3184,0.316614420062696,0,0.321766561514196,0.722488038277512,0.291666666666667,0.558917197452229,0,0,0.607445008460237,0.448613376835237,0.728,0.807443365695793,0.00162074554294976,0,0.490712074303406,0.70952380952381,0.266891891891892,0.974481658692185,0.289556962025316,0.71585557299843,0.626984126984127,0.650741350906096,0.385502471169687,0.68046357615894,0.707278481012658,0,0.719211822660099,0,0.27613104524181,0.621666666666667,0.301538461538462,0.712662337662338,0.278688524590164,0,0.585023400936037,0.636363636363636,0.269354838709677,0,0.275430359937402,0,0.899835796387521,0.299843014128728,0,0.533751962323391,0.296116504854369,0.467637540453074,0.323577235772358,0.757911392405063,0,0.282679738562091,0.839732888146911,0,0.541800643086817,0.714953271028037,0.71183800623053,0.294599018003273,0.274350649350649,0.294488188976378,0.305958132045089,0.292207792207792,0,0.308441558441558,0.004739336492891,0.659235668789809,0.873194221508828,0.288888888888889,0.287081339712919,0.291021671826625,0.28,0.0540540540540541,0.742301458670989,0.304857621440536,0.312101910828025,0.4784,0.292527821939587,0.279742765273312,0.3056,0,0,0.281972265023112,0,0.70906200317965,0,0.308064516129032,0.879139072847682,0.713815789473684,0.720190779014308,0.34789644012945,0.00162074554294976,0.73961661341853,0.273015873015873,0.287096774193548,0.589490968801314,0.649691358024691,0.685975609756098,0.858695652173913,0.533772652388797,0.725984251968504,0.696,0.5936,0.697305863708399,0.487381703470032,0.700162074554295,0,0.713355048859935,0.649180327868852,0.27150084317032,0.531948881789137,0.705069124423963,0.536,0.378205128205128,0.270569620253165,0.328407224958949,0.298013245033113,0.28125,0.275806451612903,0.704,0.839486356340289,0.281350482315113,0.727838258164852,0.714738510301109,0.386942675159236,0.00158227848101266,0.285939968404423,0.302694136291601,0,0.70655737704918,0,0.312903225806452,0,0.299531981279251,0.286858974358974,0.705511811023622,0.421221864951768,0.265079365079365,0.518945634266886,0.516640253565769,0.361290322580645,0,0,0.33,0.33125,0.2976,0,0,0.706362153344209,0.732283464566929,0.556089743589744,0,0.780096308186196,0,0.351882160392799,0.282467532467532,0.682487725040916,0.67515923566879,0,0.879674796747967,0.553225806451613,0.363636363636364,0.306962025316456,0.443017656500803,0.72258064516129,0.295751633986928,0.0756843800322061,0.274706867671692,0,0.277337559429477,0.00162337662337662,0.282009724473258,0.729468599033816,0.450726978998384,0,0,0.424242424242424,0.327814569536424,0.318181818181818,0.478056426332288,0.730529595015576,0.721864951768489,0.395498392282958,0.394984326018809,0,0.739130434782609,0.300492610837438,0,0.298187808896211,0.312893081761006,0.733226837060703,0.0127388535031847,0.711256117455139,0.273449920508744,0.832268370607029,0.703525641025641,0.733113673805601,0.822866344605475,0.523731587561375,0.695102685624013,0.2912,0,0.455271565495208,0.306836248012719,0.00161030595813205,0,0.712050078247261,0,0.71658615136876,0.288961038961039,0.457990115321252,0.712418300653595,0.70840197693575,0.591205211726384,0.324590163934426,0.65008025682183,0.0112903225806452,0.714754098360656,0.0579470198675497,0.0176,0,0.609271523178808,0.693396226415094,0.713114754098361,0.710651828298887,0.716323296354992,0.0113636363636364,0.0174880763116057,0.7232,0.0112359550561798,0.00489396411092985,0.032051282051282,0.0142857142857143,0.0143769968051118,0.720447284345048,0.0208333333333333,0.721753794266442,0.717990275526742,0.0149253731343284,0.724025974025974,0.0526315789473684,0.7312,0.6752,0.715408805031447,0.720190779014308
"436",0.916139240506329,0.913312693498452,0.923676012461059,0.904,0.911433172302738,0.911003236245955,0.89540412044374,0.915094339622642,0.902927580893683,0.0016025641025641,0.916666666666667,0.00157977883096367,0.622670807453416,0.907051282051282,0.136507936507936,0.0993788819875776,0.00153609831029186,0.0112359550561798,0.913461538461538,0.90251572327044,0.24375,0.112211221122112,0.897515527950311,0.00153374233128834,0.89922480620155,0.312202852614897,0.192733017377567,0.901612903225806,0.52099533437014,0.714506172839506,0.0906298003072197,0.758241758241758,0.822115384615385,0.337025316455696,0.00158730158730159,0.903785488958991,0.0187207488299532,0.906441717791411,0.334848484848485,0.850467289719626,0,0.0139968895800933,0.00617283950617284,0.910094637223975,0.801282051282051,0.109697933227345,0.542130365659777,0.078740157480315,0.52241112828439,0.203053435114504,0.0015600624024961,0.906542056074766,0.35303265940902,0.911111111111111,0.881435257410296,0.235008103727715,0.0016,0.8896,0.925696594427245,0.897798742138365,0.344773790951638,0.483024691358025,0.0822784810126582,0.00159235668789809,0.851674641148325,0.804381846635368,0.00153846153846154,0.906542056074766,0.00156985871271586,0.0759493670886076,0.813740458015267,0.0933125972006221,0.101910828025478,0.905053598774885,0,0.761102603369066,0.136294027565084,0.596899224806202,1,0.335526315789474,0.00156985871271586,0.758887171561051,0.292048929663609,0.911214953271028,0.187106918238994,0.885802469135803,0.904238618524333,0.915254237288136,0.897959183673469,0.0123076923076923,0.901587301587302,0.899845916795069,0.0015552099533437,0.00157728706624606,0.906645569620253,0,0.377300613496933,0.905132192846034,0.00617283950617284,0.0078125,0.65008025682183,0.00157728706624606,0.341692789968652,0.915470494417863,0.178187403993856,0.901430842607313,0.0125391849529781,0.927099841521395,0.0797448165869219,0.100308641975309,0.0954616588419405,0.892234548335975,0.405660377358491,0.903328050713154,0.00159744408945687,0.921417565485362,0.775351014040562,0.00155763239875389,0.0947204968944099,0.292721518987342,0.00152439024390244,0.826833073322933,0.3125,0.15689381933439,0.904088050314465,0.227554179566563,0.906009244992296,0.916537867078825,0.00157728706624606,0.592767295597484,0.914556962025316,0.522364217252396,0.898251192368839,0.00157728706624606,0.905296950240771,0.11609907120743,0.00156494522691706,0.29559748427673,0.632148377125193,0.580645161290323,0.00162074554294976,0.00159489633173844,0.914463452566096,0.766929133858268,0.2368,0.907790143084261,0.0970266040688576,0.898753894080997,0.481012658227848,0.91705069124424,0.209076175040519,0.913928012519562,0.9184,0.8078125,0.908661417322835,0.07223113964687,0.902173913043478,0.0897637795275591,0.00155038759689922,0.752380952380952,0.916666666666667,0.893188854489164,0.113003095975232,0.00152905198776758,0.914728682170543,0.514516129032258,0.905691056910569,0.909937888198758,0.904615384615385,0.346625766871166,0.912363067292645,0.0930232558139535,0.892307692307692,0.0922844175491679,0.935126582278481,0.42015503875969,0.00161030595813205,0.906396255850234,0.0015527950310559,0.802180685358255,0.918110236220472,0.18957345971564,0.913446676970634,0.888024883359253,0.903469079939668,0.891104294478528,0.17984496124031,0.431888544891641,0.887987012987013,0.901273885350318,0.140157480314961,0.0926216640502355,0.909967845659164,0.874613003095975,0,0,0.36741214057508,0.0015600624024961,0.905426356589147,0.335394126738794,0.889952153110048,0.741486068111455,0.915514592933948,0.488853503184713,0.489891135303266,0.356120826709062,0.862992125984252,0.893249607535322,0.948916408668731,0.00160513643659711,0.815625,0.252442996742671,0.884984025559105,0.0903328050713154,0.154083204930663,0.586206896551724,0.900630914826498,0.910769230769231,0.902053712480253,0.903125,0.846031746031746,0.00158227848101266,0.158555729984301,0.698461538461538,0.900958466453674,0.00155038759689922,0.90282131661442,0.92042042042042,0.598116169544741,0.568965517241379,0.909090909090909,0.903752039151713,0.432859399684044,0.0016,0.895705521472393,0.584518167456556,0.923824959481361,0.0917573872472784,0.88719512195122,0.915605095541401,0.908805031446541,0.878594249201278,0.563944530046225,0.0947030497592295,0.924050632911392,0.552307692307692,0.0846153846153846,0.0923076923076923,0.268562401263823,0.0907668231611894,0.225961538461538,0.692660550458716,0.0917721518987342,0.0978593272171254,0.102803738317757,0.628614916286149,0.117174959871589,0.908517350157729,0.0125588697017268,0.0841121495327103,0.00155038759689922,0.28594249201278,0.911858974358974,0.904388714733542,0.84984520123839,0.00153374233128834,0.9185303514377,0.817204301075269,0.755868544600939,0.65210608424337,0.518927444794953,0.49607535321821,0.0139318885448916,0.904306220095694,0.178849144634526,0.757328990228013,0.928684627575277,0.089922480620155,0.762578616352201,0.0985691573926868,0.216257668711656,0.910631741140216,0.909836065573771,0.884057971014493,0.0015220700152207,0.686244204018547,0.88801261829653,0.0015600624024961,0.0882352941176471,0.894736842105263,0.933858267716535,0,0.0914728682170543,0.0897832817337461,0.925632911392405,0.891547049441786,0.0882825040128411,0,0.4484375,0.928571428571429,0.824534161490683,0.451010886469673,0.678972712680578,0.887692307692308,0.0959752321981424,0.90937019969278,0.908661417322835,0.0968253968253968,0.897356143079316,0.90894819466248,0.899361022364217,0.9203125,0.244131455399061,0.4,0.36608557844691,0.92879746835443,0.885668276972625,0.0446153846153846,0.334379905808477,0.922712933753943,0.213063763608087,0.370650529500756,0.91679748822606,0.908517350157729,0.915739268680445,0.725239616613419,0.899691358024691,0.319488817891374,0.927580893682589,0.914421553090333,0.00158227848101266,0.405487804878049,0.594855305466238,0.102685624012638,0.0486656200941915,0.10061919504644,0.858695652173913,0.11875,0.0859375,0.00153374233128834,0.276995305164319,0.92,0.149842271293375,0.919743178170145,0.921383647798742,0.91692789968652,0.35126582278481,0.3456,0.664546899841017,0.493399339933993,0,0.811616954474097,0.0967741935483871,0.117829457364341,0.273700305810398,0.902866242038217,0.0955414012738854,0.0015600624024961,0.412698412698413,0.088646967340591,0.0990566037735849,0.525984251968504,0.905511811023622,0.346839546191248,0.908045977011494,0.890995260663507,0.00155038759689922,0.904047976011994,0.0821705426356589,0.904538341158059,0.808176100628931,0.911251980982567,0.0979462875197472,0.893023255813953,0.0886075949367089,0.842767295597484,0.748397435897436,0.880877742946709,0.919629057187017,0.91304347826087,0.354992076069731,0.894488188976378,0.908256880733945,0.0906298003072197,0.102523659305994,0.911532385466035,0.916271721958926,0.389751552795031,0.834375,0.897435897435897,0.888888888888889,0.909937888198758,0.00158982511923688,0.201277955271566,0.908082408874802,0.0936507936507937,0.00158982511923688,0.926751592356688,0.00794912559618442,0.13237639553429,0.910906298003072,0.930708661417323,0.00477707006369427,0.664025356576862,0.462025316455696,0.917197452229299,0.074313408723748,0.827476038338658,0.905063291139241,0.432601880877743,0.636645962732919,0.828885400313972,0.00158227848101266,0.238244514106583,0.928115015974441,0.912974683544304,0.490506329113924,0.920245398773006,0.882255389718076,0.119685039370079,0.00155038759689922,0.913446676970634,0.904306220095694,0.90809968847352,0.684615384615385,0.0913385826771654,0.916271721958926,0.302839116719243,0.248333333333333,0.0047244094488189,0.636075949367089,0.612954186413902,0.657853810264386,0.00154559505409583,0.368,1,0.66046511627907,0.570542635658915,0.169184290030211,0.0015625,0.00151975683890578,0.907435508345979,0.890769230769231,0,0.894819466248038,0.00956937799043062,0.00153139356814701,0.0016025641025641,0.917573872472784,0.00155038759689922,0.916398713826367,0.770061728395062,0.56989247311828,0.910798122065728,0.00161290322580645,0.00159744408945687,0.911076443057722,0.898773006134969,0.739663093415008,0.0966257668711656,0.00162074554294976,0.884792626728111,0.639876352395672,0.921417565485362,0.573619631901841,0.4,0.00156985871271586,0.898461538461538,0.0952380952380952,0.939586645468998,0.165354330708661,0.0015600624024961,0.0966767371601208,0.191153238546603,0.494271685761047,0.888888888888889,0.0015600624024961,0.922844175491679,0.901716068642746,0.918836140888208,0.00158478605388273,0.163751987281399,0.879736408566722,0.0898692810457516,0.912172573189522,0.910493827160494,0.09375,0.906976744186046,0.355932203389831,0.797169811320755,0.107424960505529,0.245614035087719,0.894488188976378,0.00956937799043062,0.0916271721958926,0.938176197836167,0.100478468899522,0.694267515923567,0.457006369426752,0.00153846153846154,0.195348837209302,0.8042071197411,0.329133858267717,0.910236220472441,0.0910518053375196,0.2326656394453,0.498360655737705,0.881538461538461,0.89644513137558,0.88871473354232,0.759873617693523,0.00158982511923688,0.8953125,0.0878274268104777,0.890995260663507,0.453658536585366,0.0861538461538462,0.914196567862715,0.919558359621451,0.904088050314465,0.635093167701863,0.922118380062305,0.202229299363057,0.263157894736842,0.890282131661442,0.889060092449923,0.00151745068285281,0,0.902597402597403,0.873617693522907,0.106180665610143,0.919047619047619,0.921383647798742,0.434579439252336,0.903225806451613,0.73094867807154,0.886645962732919,0,0.905901116427432,0.391442155309033,0.915094339622642,0.911214953271028,0.00153139356814701,0.665605095541401,0.920840064620355,0.0919175911251981,0.737261146496815,0.427899686520376,0.765861027190332,0.72107765451664,0.870229007633588,0.162327718223583,0.918269230769231,0.909233176838811,0.929797191887676,0.3776,0.175654853620955,0.919129082426128,0.914860681114551,0.00777604976671851,0.782071097372488,0.476635514018692,0.332298136645963,0.824367088607595,0.910094637223975,0.840510366826156,0.902476780185758,0.138248847926267,0.0858995137763371,0.00154320987654321,0.894321766561514,0.0896,0.0832025117739403,0.342679127725857,0.00154798761609907,0.9125,0.882995319812793,0.910631741140216,0.908256880733945,0.170616113744076,0.0935023771790808,0.0014903129657228,0.00156739811912226,0.2496,0.164296998420221,0.251177394034537,0,0.0978260869565217,0.909797822706065,0.0469483568075117,0.35377358490566,0.906050955414013,0.623639191290824,0.8921875,0.697063369397218,0.674809160305344,0.00153846153846154,0.915022761760243,0.456869009584665,0.537480063795853,0.936825885978428,0.922958397534669,0.471582181259601,0.0110584518167457,0.918876755070203,0.91640866873065,0.00157232704402516,0.892638036809816,0.104265402843602,0.905144694533762,0.471518987341772,0,0.0077639751552795,0.5792,0.874403815580286,0.0851735015772871,0.19935170178282,0.0108527131782946,0,0.738131699846861,0.100313479623824,0.919934640522876,0.385560675883257,0.913446676970634,0.0900763358778626,0.423676012461059,0.376012965964344,0.926282051282051,0.168300653594771,0.0992248062015504,0,0.118589743589744,0.00154559505409583,0.909647779479326,0.10952380952381,0.92156862745098,0.0888888888888889,0.912559618441971,0.00156494522691706,0.583460949464012,0.5168,0.909090909090909,0.00159744408945687,0.914860681114551,0.00157232704402516,0.454838709677419,0.909937888198758,0.00154798761609907,0.691489361702128,0.902362204724409,0.711356466876972,0.9216,0.131172839506173,0.00156985871271586,0.906940063091483,0.32,0.00154320987654321,0.76049766718507,0.0898021308980213,0.116030534351145,0.910828025477707,0.908372827804107,0.906727828746177,0.889589905362776,0.894904458598726,0.00155763239875389,0.894654088050314,0.0233281493001555,0.422360248447205,0.350157728706625,0.910355486862442,0.907668231611894,0.913373860182371,0.906832298136646,0.0572755417956656,0.102685624012638,0.912251655629139,0.891135303265941,0.714506172839506,0.902627511591963,0.909952606635071,0.933125972006221,0.00154798761609907,0.0015527950310559,0.899248120300752,0.00154798761609907,0.143076923076923,0.00155763239875389,0.916535433070866,0.335483870967742,0.275477707006369,0.2018779342723,0.868044515103339,0.00155038759689922,0.174880763116057,0.912307692307692,0.915360501567398,0.684126984126984,0.479820627802691,0.283559577677225,0.255351681957187,0.637096774193548,0.086687306501548,0.208012326656394,0.590189873417722,0.326498422712934,0.713629402756508,0.0996835443037975,0.0016025641025641,0.0869565217391304,0.390322580645161,0.905448717948718,0.669278996865204,0.299847792998478,0.659021406727829,0.922600619195046,0.903522205206738,0.921824104234528,0.89968152866242,0.92443729903537,0.906200317965024,0.607476635514019,0.475,0.910658307210031,0.088855421686747,0.100308641975309,0.942277691107644,0.0121951219512195,0.909647779479326,0.897356143079316,0.00159235668789809,0.187399030694669,0.00158478605388273,0.886435331230284,0,0.918495297805643,0.910658307210031,0.0855365474339036,0.820754716981132,0.912772585669782,0.683544303797468,0.650316455696203,0.879936808846761,0.0015748031496063,0.00159744408945687,0.904132231404959,0.900302114803625,0.914860681114551,0.0015600624024961,0,0.0906148867313916,0.296923076923077,0.529042386185243,0.00156985871271586,0.5141065830721,0.00154320987654321,0.877388535031847,0.915470494417863,0.231629392971246,0.3078125,0.00152671755725191,0.404724409448819,0.609717868338558,0.825,0.917933130699088,0.790625,0.0819165378670788,0.934817170111288,0.0238095238095238,0.911858974358974,0,0.91350531107739,0.00788643533123028,0.909235668789809,0.101286173633441,0.0616113744075829,0.0015527950310559,0.00158478605388273,0.867716535433071,0.86698717948718,0.917445482866044,0.721966205837174,0.117465224111283,0.0993690851735016,0.812111801242236,0.786707882534776,0.00161030595813205,0.0903328050713154,0.9,0,0.894060995184591,0.925696594427245,0.146645865834633,0.037914691943128,0.0876369327073552,0.910060975609756,0.52373417721519,0.156398104265403,0.181818181818182,0.204651162790698,0.734726688102894,0.169230769230769,0.906940063091483,0.00156494522691706,0.751987281399046,0.893023255813953,0.00315457413249211,0.00155763239875389,0.0866261398176292,0,0.0910518053375196,0.912172573189522,0.703821656050955,0.0910543130990415,0.0884676145339652,0.5952,0.944178628389155,0.485179407176287,0.0446153846153846,0.0938511326860841,0.0535714285714286,0.0249221183800623,0.00156739811912226,0.0956937799043062,0.0977099236641221,0.0842607313195548,0.1015625,0.0861538461538462,0.0440944881889764,0.0538827258320127,0.0987460815047022,0.0222929936305732,0.00644122383252818,0.0356589147286822,0.0296411856474259,0.0505359877488515,0.100470957613815,0.0267295597484277,0.090032154340836,0.0993690851735016,0.043338683788122,0.0884676145339652,0.0338983050847458,0.0869565217391304,0.115506329113924,0.0867579908675799,0.0888888888888889
"437",0.648475120385233,0.648351648351648,0.659476117103236,0.659375,0.65149136577708,0.642857142857143,0.656346749226006,0.639817629179331,0.656108597285068,0,0.642967542503864,0,0.636785162287481,0.625786163522013,0.416536661466459,0.377300613496933,0,0.0123647604327666,0.632423756019262,0.65015479876161,0.463565891472868,0.392,0.633435582822086,0,0.673913043478261,0.547581903276131,0.431888544891641,0.625196850393701,0.702909647779479,0.639876352395672,0.367223065250379,0.696124031007752,0.808049535603715,0.529230769230769,0,0.643076923076923,0.016793893129771,0.639016897081413,0.516176470588235,0.69195751138088,0.0015748031496063,0.0108527131782946,0.00154320987654321,0.646129541864139,0.661835748792271,0.400928792569659,0.665116279069767,0.358139534883721,0.590634441087613,0.484066767830046,0,0.647058823529412,0.528593508500773,0.631336405529954,0.637362637362637,0.469096671949287,0,0.645211930926217,0.626749611197512,0.71097372488408,0.558641975308642,0.677321156773212,0.374203821656051,0,0.723101265822785,0.73497688751926,0,0.629860031104199,0,0.376190476190476,0.651234567901235,0.357698289269051,0.374233128834356,0.639570552147239,0,0.791540785498489,0.401826484018265,0.938744257274119,0.680379746835443,0.522727272727273,0,0.693939393939394,0.547546012269939,0.636085626911315,0.462962962962963,0.682442748091603,0.649310872894334,0.654434250764526,0.626153846153846,0.00454545454545455,0.640866873065015,0.626934984520124,0,0,0.63391442155309,0,0.534775888717156,0.639016897081413,0.00455927051671732,0.00461538461538462,0.657320872274143,0,0.519809825673534,0.6359375,0.439024390243902,0.647335423197492,0.00470219435736677,0.641653905053599,0.361934477379095,0.370716510903427,0.364760432766615,0.647604327666152,0.557098765432099,0.651090342679128,0,0.644916540212443,0.7078125,0,0.358895705521472,0.574102964118565,0,0.8125,0.534668721109399,0.421135646687697,0.639191290824261,0.476117103235747,0.629007633587786,0.632148377125193,0,0.636785162287481,0.653726708074534,0.687203791469194,0.638932496075353,0,0.629746835443038,0.370992366412214,0,0.5125,0.668238993710692,0.635792778649921,0,0,0.647692307692308,0.801857585139319,0.536624203821656,0.629283489096573,0.356589147286822,0.670769230769231,0.599686028257457,0.639269406392694,0.455696202531646,0.646511627906977,0.636507936507936,0.660030627871363,0.634945397815913,0.368670886075949,0.637904468412943,0.372274143302181,0,0.774647887323944,0.676737160120846,0.632621951219512,0.379362670713202,0,0.635811836115326,0.589341692789969,0.628389154704944,0.643185298621746,0.622496147919877,0.537519142419602,0.645705521472393,0.36650868878357,0.650455927051672,0.375757575757576,0.67244094488189,0.634408602150538,0,0.638330757341577,0,0.687116564417178,0.642301710730949,0.4609375,0.647604327666152,0.67906976744186,0.636498516320475,0.651376146788991,0.434049079754601,0.564024390243902,0.671361502347418,0.676236044657097,0.389489953632148,0.363636363636364,0.625,0.644171779141104,0,0,0.552922590837283,0.00154320987654321,0.644578313253012,0.522865853658537,0.632237871674491,0.686064318529862,0.629969418960245,0.615863141524106,0.664605873261206,0.555729984301413,0.629800307219662,0.635514018691589,0.669195751138088,0,0.648062015503876,0.475357710651828,0.660436137071651,0.357927786499215,0.420814479638009,0.636363636363636,0.635658914728682,0.64767616191904,0.760802469135803,0.629230769230769,0.748456790123457,0,0.444954128440367,0.807044410413476,0.645569620253165,0,0.650306748466258,0.638972809667674,0.645259938837921,0.615740740740741,0.636645962732919,0.643769968051118,0.559322033898305,0,0.665658093797277,0.654743390357698,0.6464,0.355932203389831,0.659021406727829,0.643076923076923,0.637071651090343,0.696875,0.607142857142857,0.390822784810127,0.661971830985915,0.680124223602484,0.370481927710843,0.344410876132931,0.45583596214511,0.350467289719626,0.458860759493671,0.627480916030534,0.363496932515337,0.365151515151515,0.38145896656535,0.657450076804916,0.388535031847134,0.644859813084112,0.0046583850931677,0.36517719568567,0,0.5046875,0.633333333333333,0.646153846153846,0.68140243902439,0,0.670382165605096,0.708141321044547,0.690737833594976,0.68160741885626,0.609034267912773,0.648985959438378,0.00462249614791988,0.618524332810047,0.409230769230769,0.687600644122383,0.6546875,0.361240310077519,0.673469387755102,0.372488408037094,0.452012383900929,0.63609022556391,0.634185303514377,0.663492063492063,0,0.659509202453988,0.649612403100775,0,0.356814701378254,0.628614916286149,0.636507936507936,0,0.380952380952381,0.353211009174312,0.654088050314465,0.696875,0.373205741626794,0,0.573208722741433,0.64696734059098,0.677321156773212,0.579598145285935,0.665610142630745,0.640243902439024,0.358695652173913,0.63595166163142,0.630672926447574,0.376175548589342,0.664586583463339,0.644716692189893,0.637931034482759,0.642201834862385,0.493129770992366,0.526799387442573,0.54364471669219,0.621187800963082,0.663492063492063,0.044478527607362,0.566302652106084,0.634674922600619,0.49618320610687,0.602102102102102,0.638759689922481,0.64018691588785,0.661466458658346,0.81658692185008,0.632218844984802,0.561815336463224,0.653125,0.626182965299685,0,0.552193645990923,0.60126582278481,0.387692307692308,0.0462249614791988,0.366366366366366,0.664110429447853,0.384853168469861,0.357798165137615,0,0.541213063763608,0.64018691588785,0.424382716049383,0.636075949367089,0.661490683229814,0.648690292758089,0.561320754716981,0.559677419354839,0.970496894409938,0.593548387096774,0,0.834905660377358,0.360778443113772,0.391304347826087,0.483568075117371,0.648351648351648,0.368663594470046,0,0.551937984496124,0.365853658536585,0.38801261829653,0.613601236476043,0.615625,0.542264752791069,0.629984051036683,0.659305993690852,0,0.633677991137371,0.353474320241692,0.63302752293578,0.80952380952381,0.645833333333333,0.371913580246914,0.656967840735069,0.352574102964119,0.694099378881988,0.670926517571885,0.666146645865835,0.656394453004623,0.626934984520124,0.565485362095532,0.66973886328725,0.625748502994012,0.368975903614458,0.388467374810319,0.635792778649921,0.639876352395672,0.548837209302326,0.695046439628483,0.637239165329053,0.683641975308642,0.634441087613293,0,0.437598736176935,0.64,0.358255451713396,0,0.661514683153014,0.00471698113207547,0.397174254317111,0.636923076923077,0.638759689922481,0.00156985871271586,0.647515527950311,0.640432098765432,0.651419558359621,0.36248012718601,0.660406885758998,0.635792778649921,0.64797507788162,0.641768292682927,0.6890625,0,0.47900466562986,0.65511811023622,0.655384615384615,0.640122511485452,0.646788990825688,0.639934533551555,0.408736349453978,0.00152671755725191,0.649847094801223,0.638629283489097,0.653786707882535,0.938744257274119,0.370942812982998,0.660436137071651,0.516819571865443,0.456026058631922,0.00311526479750779,0.965408805031447,0.632148377125193,0.65,0,0.527156549520767,0.66046511627907,1,0.642748091603053,0.426426426426426,0,0,0.628912071535022,0.644274809160305,0,0.648902821316614,0.00314465408805031,0,0,0.637223974763407,0,0.643879173290938,0.62754303599374,0.637853949329359,0.621951219512195,0,0,0.642089093701997,0.670164917541229,0.826952526799387,0.361702127659574,0.00159235668789809,0.631659056316591,0.651376146788991,0.646781789638933,0.681887366818874,0.5453125,0,0.626356589147287,0.362776025236593,0.670886075949367,0.421800947867299,0,0.360778443113772,0.460567823343849,0.63036303630363,0.63677811550152,0,0.662162162162162,0.646058732612056,0.629230769230769,0,0.411764705882353,0.648026315789474,0.361736334405145,0.621745788667688,0.633333333333333,0.378834355828221,0.625382262996942,0.569444444444444,0.671779141104294,0.3734375,0.462992125984252,0.667180277349769,0.00628930817610063,0.371951219512195,0.648484848484848,0.379968203497615,0.807570977917981,0.558320373250389,0,0.43010752688172,0.706451612903226,0.550077041602465,0.653312788906009,0.366771159874608,0.466360856269113,0.670454545454545,0.668188736681887,0.681203007518797,0.679127725856698,0.927215189873418,0,0.667687595712098,0.365705614567527,0.631741140215716,0.586370839936609,0.358006042296073,0.629800307219662,0.650546021840874,0.63166144200627,0.665634674922601,0.648233486943164,0.423137876386688,0.474842767295597,0.629402756508423,0.643076923076923,0,0,0.644549763033175,0.651419558359621,0.371473354231975,0.645669291338583,0.65,0.584992343032159,0.641065830721003,0.658805031446541,0.648606811145511,0,0.647335423197492,0.550156739811912,0.661538461538462,0.644067796610169,0,0.763406940063092,0.640502354788069,0.3609375,0.722741433021807,0.565950920245399,0.821752265861027,0.679245283018868,0.671686746987952,0.431784107946027,0.621019108280255,0.640122511485452,0.658499234303216,0.538211382113821,0.387147335423198,0.658385093167702,0.631498470948012,0.00461538461538462,0.784283513097072,0.62826420890937,0.526153846153846,0.672281776416539,0.626749611197512,0.670295489891135,0.638719512195122,0.145896656534954,0.355661881977671,0,0.737654320987654,0.367762128325509,0.35625,0.531202435312024,0,0.652713178294574,0.674311926605505,0.643518518518518,0.640746500777605,0.4359375,0.358372456964006,0,0,0.471786833855799,0.415481832543444,0.476923076923077,0,0.37442218798151,0.625386996904025,0.147640791476408,0.548989113530327,0.642748091603053,0.663093415007657,0.665629860031104,0.659021406727829,0.632530120481928,0,0.645066273932253,0.590551181102362,0.626984126984127,0.658054711246201,0.643939393939394,0.574961360123648,0.00460829493087558,0.659340659340659,0.661094224924012,0,0.662100456621005,0.362519201228879,0.652597402597403,0.630602782071097,0,0.0046801872074883,0.656957928802589,0.690993788819876,0.381538461538462,0.441640378548896,0.00461538461538462,0.00158478605388273,0.655737704918033,0.376582278481013,0.636363636363636,0.557251908396947,0.631184407796102,0.36890243902439,0.555038759689922,0.588888888888889,0.693037974683544,0.431746031746032,0.353488372093023,0.0015625,0.386895475819033,0,0.632930513595166,0.328525641025641,0.643283582089552,0.366614664586583,0.638065522620905,0,0.63568215892054,0.69047619047619,0.629457364341085,0,0.638719512195122,0,0.602848101265823,0.643730886850153,0,0.638591117917305,0.635071090047393,0.68798751950078,0.644444444444444,0.38391502276176,0,0.637345679012346,0.523364485981308,0,0.694915254237288,0.345399698340875,0.375379939209726,0.633173843700159,0.635782747603834,0.629742033383915,0.647604327666152,0.626959247648903,0,0.645510835913313,0.0152439024390244,0.553030303030303,0.53582554517134,0.636363636363636,0.643185298621746,0.64741641337386,0.654853620955316,0.0584615384615385,0.376377952755906,0.647709320695103,0.662058371735791,0.947692307692308,0.646058732612056,0.634259259259259,0.650621118012422,0,0,0.63963963963964,0,0.424427480916031,0,0.644171779141104,0.533123028391167,0.512,0.440993788819876,0.683563748079877,0.00153609831029186,0.426380368098159,0.631259484066768,0.632307692307692,0.628526645768025,0.615952732644018,0.58160237388724,0.473444613050076,0.67879746835443,0.363774733637747,0.506191950464396,0.649842271293375,0.580093312597201,0.963414634146341,0.351766513056836,0,0.351910828025478,0.55625,0.64171974522293,0.5953125,0.503736920777279,1,0.662613981762918,0.620637329286798,0.674679487179487,0.642405063291139,0.642857142857143,0.649921507064364,0.646875,0.593846153846154,0.628705148205928,0.365925925925926,0.368740515933232,0.691950464396285,0.00610687022900763,0.644274809160305,0.637345679012346,0,0.465079365079365,0,0.673913043478261,0,0.663608562691132,0.65015479876161,0.362121212121212,0.660436137071651,0.636225266362253,0.644200626959248,0.632307692307692,0.645569620253165,0,0,0.674267100977199,0.648888888888889,0.625585023400936,0,0,0.354066985645933,0.546423135464231,0.68,0,0.614307931570762,0,0.65414710485133,0.643533123028391,0.427001569858713,0.589665653495441,0,0.572555205047319,0.668740279937792,0.695517774343122,0.652503793626707,0.652777777777778,0.37403400309119,0.648475120385233,0.0500782472613459,0.632970451010886,0,0.638167938931298,0.00153846153846154,0.620094191522763,0.369969040247678,0.221003134796238,0,0,0.72782874617737,0.696062992125984,0.638719512195122,0.680659670164918,0.365853658536585,0.353218210361067,0.643962848297214,0.646879756468798,0,0.381619937694704,0.658841940532081,0,0.624803767660911,0.655487804878049,0.425233644859813,0.0292307692307692,0.348694316436252,0.624427480916031,0.589984350547731,0.425897035881435,0.454545454545455,0.43778801843318,0.840836012861736,0.44,0.63020030816641,0,0.769953051643192,0.645161290322581,0.00155038759689922,0,0.36431784107946,0,0.368992248062016,0.632970451010886,0.658227848101266,0.372424722662441,0.354587869362364,0.645211930926217,0.651273885350318,0.69218989280245,0.0379939209726444,0.358044164037855,0.0441640378548896,0.0218068535825545,0,0.316279069767442,0.363774733637747,0.369969040247678,0.375191424196018,0.35375191424196,0.0347551342812006,0.0400616332819723,0.361538461538462,0.0214067278287462,0.0048,0.0351681957186544,0.0231839258114374,0.0451713395638629,0.385692068429238,0.0216383307573416,0.372239747634069,0.368012422360248,0.0313479623824451,0.348909657320872,0.0424886191198786,0.364632237871674,0.387096774193548,0.373313343328336,0.369565217391304
"438",0.511737089201878,0.512977099236641,0.554033485540335,0.565420560747664,0.531948881789137,0.526232114467409,0.563579277864992,0.53343701399689,0.519025875190259,0,0.508474576271186,0,0.672839506172839,0.515974440894569,0.517450682852807,0.507716049382716,0,0.00473186119873817,0.51510333863275,0.520673813169985,0.547546012269939,0.515007898894155,0.528158295281583,0,0.548780487804878,0.588516746411483,0.521604938271605,0.505511811023622,0.632930513595166,0.653726708074534,0.503048780487805,0.76271186440678,0.654263565891473,0.549689440993789,0,0.517774343122102,0.013719512195122,0.513931888544892,0.619047619047619,0.529500756429652,0,0.0030441400304414,0,0.51033386327504,0.609872611464968,0.517133956386293,0.656441717791411,0.46594427244582,0.677710843373494,0.532724505327245,0,0.5125,0.582434514637905,0.519260400616333,0.570977917981073,0.657728706624606,0,0.532710280373832,0.538109756097561,0.625954198473282,0.578703703703704,0.599688473520249,0.496111975116641,0,0.553627760252366,0.586046511627907,0,0.543478260869565,0,0.464285714285714,0.547400611620795,0.48382126348228,0.506230529595016,0.526555386949924,0,0.666666666666667,0.50462962962963,0.628048780487805,0.609105180533752,0.764026402640264,0,0.696646341463415,0.591527987897126,0.50834597875569,0.517133956386293,0.580792682926829,0.514548238897397,0.538699690402477,0.520673813169985,0,0.503134796238245,0.517665130568356,0,0,0.541269841269841,0,0.576168929110106,0.533950617283951,0.0015220700152207,0.0015527950310559,0.6375,0,0.60377358490566,0.523219814241486,0.518573551263002,0.512578616352201,0,0.525581395348837,0.480499219968799,0.503852080123267,0.502318392581144,0.555209953343701,0.740279937791602,0.512977099236641,0,0.543939393939394,0.701700154559505,0,0.490881458966565,0.580893682588598,0,0.671339563862928,0.574730354391371,0.53525641025641,0.539291217257319,0.51969696969697,0.51301684532925,0.516228748068006,0,0.622900763358779,0.554364471669219,0.574367088607595,0.523885350318471,0,0.502369668246445,0.492447129909366,0,0.564263322884012,0.6265625,0.6144,0,0,0.52760736196319,0.639751552795031,0.533858267716535,0.51875,0.483076923076923,0.572317262830482,0.769592476489028,0.527653213751868,0.545023696682464,0.523956723338485,0.5109375,0.591117917304747,0.525423728813559,0.461658841940532,0.50693374422188,0.492260061919505,0,0.627943485086342,0.616071428571429,0.526315789473684,0.488514548238897,0,0.504559270516717,0.660883280757098,0.495934959349593,0.513803680981595,0.507692307692308,0.561456752655539,0.532012195121951,0.503125,0.549848942598187,0.494736842105263,0.598130841121495,0.636363636363636,0,0.524031007751938,0,0.583850931677019,0.513302034428795,0.526479750778816,0.532307692307692,0.553191489361702,0.510355029585799,0.527488855869242,0.581903276131045,0.771558245083207,0.566929133858268,0.567610062893082,0.501547987616099,0.480122324159021,0.52112676056338,0.598774885145482,0,0,0.578461538461538,0,0.529680365296804,0.710166919575114,0.585139318885449,0.601217656012177,0.512121212121212,0.593457943925234,0.573170731707317,0.588976377952756,0.548286604361371,0.536661466458658,0.625382262996942,0,0.54833836858006,0.559105431309904,0.566246056782334,0.49922480620155,0.52790346907994,0.611111111111111,0.523736600306279,0.520547945205479,0.659937888198758,0.513343799058085,0.582181259600614,0,0.523882896764253,0.626686656671664,0.519561815336463,0,0.513719512195122,0.531722054380665,0.612307692307692,0.690292758089368,0.526315789473684,0.511848341232227,0.58887171561051,0,0.561270801815431,0.911901081916538,0.541471048513302,0.485362095531587,0.554198473282443,0.504731861198738,0.514774494556765,0.5421875,0.692424242424242,0.4984375,0.544207317073171,0.627692307692308,0.478915662650602,0.483333333333333,0.553654743390358,0.48531684698609,0.541864139020537,0.590288315629742,0.484567901234568,0.488549618320611,0.498470948012232,0.632530120481928,0.5078125,0.543035993740219,0,0.461059190031153,0,0.56832298136646,0.527472527472527,0.530139103554869,0.549689440993789,0,0.601275917065391,0.551671732522796,0.720496894409938,0.876543209876543,0.679938744257274,0.550156739811912,0,0.5171875,0.529953917050691,0.7504,0.55607476635514,0.485496183206107,0.624420401854714,0.504643962848297,0.560790273556231,0.514970059880239,0.526315789473684,0.562204724409449,0,0.628440366972477,0.560747663551402,0,0.467889908256881,0.562974203338392,0.540247678018576,0,0.480061349693252,0.486153846153846,0.544303797468354,0.631578947368421,0.481946624803768,0,0.592879256965944,0.52639751552795,0.642424242424242,0.764252696456086,0.637083993660856,0.538343558282209,0.49615975422427,0.506153846153846,0.514548238897397,0.495297805642633,0.555555555555556,0.5109375,0.534700315457413,0.506955177743431,0.620426829268293,0.587692307692308,0.591049382716049,0.536507936507936,0.555735056542811,0.027190332326284,0.584496124031008,0.561538461538462,0.577099236641221,0.62704309063893,0.529953917050691,0.521259842519685,0.537037037037037,0.634796238244514,0.509063444108761,0.578864353312303,0.548929663608563,0.501577287066246,0,0.592649310872894,0.619273301737757,0.493087557603687,0.0261136712749616,0.484756097560976,0.567484662576687,0.492354740061162,0.480680061823802,0,0.627300613496933,0.529042386185243,0.515527950310559,0.535657686212361,0.556589147286822,0.524844720496894,0.582938388625592,0.553459119496855,0.632558139534884,0.724522292993631,0,0.600931677018634,0.487841945288754,0.506912442396313,0.592024539877301,0.521394611727417,0.498480243161094,0,0.603658536585366,0.481707317073171,0.496904024767802,0.608964451313756,0.503154574132492,0.791469194312796,0.502377179080824,0.531881804043546,0,0.519230769230769,0.477996965098634,0.516566265060241,0.608087091757387,0.519809825673534,0.501552795031056,0.545731707317073,0.476780185758514,0.545595054095827,0.681889763779528,0.543939393939394,0.516228748068006,0.500782472613459,0.607476635514019,0.531202435312024,0.512048192771084,0.499241274658574,0.515243902439024,0.52099533437014,0.5,0.842507645259939,0.535168195718654,0.511961722488038,0.575757575757576,0.51588502269289,0,0.578616352201258,0.511520737327189,0.500772797527048,0,0.546583850931677,0,0.520123839009288,0.503021148036254,0.53680981595092,0,0.602782071097372,0.641955835962145,0.536050156739812,0.484276729559748,0.604724409448819,0.503961965134707,0.622047244094488,0.613496932515337,0.668740279937792,0,0.551401869158878,0.522620904836194,0.529780564263323,0.655813953488372,0.51301684532925,0.519417475728155,0.506230529595016,0.00152905198776758,0.516666666666667,0.5115562403698,0.538819875776398,0.611195158850227,0.482003129890454,0.609302325581395,0.615146831530139,0.529411764705882,0,0.639553429027113,0.578864353312303,0.688172043010753,0,0.722662440570523,0.570542635658915,0.642748091603053,1,0.56379821958457,0,0,0.508148148148148,0.531531531531532,0,0.561240310077519,0,0,0,0.52093023255814,0,0.515923566878981,0.583975346687211,0.612951807228916,0.508371385083714,0,0,0.517665130568356,0.572713643178411,0.659509202453988,0.486238532110092,0,0.563165905631659,0.643625192012289,0.533950617283951,0.658536585365854,0.735015772870662,0,0.525757575757576,0.479495268138801,0.565485362095532,0.55177743431221,0,0.481146304675716,0.537750385208012,0.567524115755627,0.507645259938838,0,0.550680786686838,0.531297709923664,0.506060606060606,0,0.551181102362205,0.550819672131148,0.491283676703645,0.51285930408472,0.516030534351145,0.486862442040185,0.50609756097561,0.599378881987578,0.601236476043277,0.497702909647779,0.548183254344392,0.552833078101072,0,0.486068111455108,0.540334855403349,0.50796178343949,0.727987421383648,0.601246105919003,0,0.521472392638037,0.67601246105919,0.569206842923795,0.526315789473684,0.477987421383648,0.599078341013825,0.577170418006431,0.564220183486238,0.620583717357911,0.539877300613497,0.634108527131783,0,0.530232558139535,0.484984984984985,0.509954058192956,0.591414944356121,0.500751879699248,0.514503816793893,0.530421216848674,0.503134796238245,0.631336405529954,0.527950310559006,0.522834645669291,0.557453416149068,0.537404580152672,0.573415765069552,0,0,0.5140625,0.522620904836194,0.498442367601246,0.536741214057508,0.525993883792049,0.580093312597201,0.556962025316456,0.576923076923077,0.557926829268293,0,0.533333333333333,0.593167701863354,0.519260400616333,0.510108864696734,0,0.623839009287926,0.554502369668246,0.484472049689441,0.653188180404355,0.732115677321157,0.581845238095238,0.701726844583987,0.538575667655786,0.525449101796407,0.530708661417323,0.516975308641975,0.540958268933539,0.5814696485623,0.50231124807396,0.521671826625387,0.509774436090226,0,0.605182926829268,0.591331269349845,0.754601226993865,0.659476117103236,0.510077519379845,0.567441860465116,0.519083969465649,0.149546827794562,0.470779220779221,0,0.645510835913313,0.489827856025039,0.488335925349922,0.764705882352941,0,0.521806853582555,0.577335375191424,0.516279069767442,0.50611620795107,0.542768273716952,0.485407066052227,0,0,0.555555555555556,0.523364485981308,0.595348837209302,0,0.490045941807044,0.51301684532925,0.222900763358779,0.566770186335404,0.511146496815287,0.627906976744186,0.513219284603421,0.697289156626506,0.636363636363636,0,0.519287833827893,0.592476489028213,0.61609907120743,0.568215892053973,0.520865533230294,0.629349470499244,0.00154320987654321,0.563271604938272,0.560240963855422,0,0.548192771084337,0.491551459293395,0.508771929824561,0.561832061068702,0,0,0.645161290322581,0.631410256410256,0.498447204968944,0.630841121495327,0,0,0.66865671641791,0.485981308411215,0.508090614886731,0.75,0.517345399698341,0.483483483483483,0.565284178187404,0.620689655172414,0.629570747217806,0.468454258675079,0.495426829268293,0,0.509375,0,0.521276595744681,0.410543130990415,0.541106128550075,0.495398773006135,0.516640253565769,0,0.673192771084337,0.612752721617418,0.498442367601246,0,0.495481927710843,0,0.744849445324881,0.514503816793893,0,0.626543209876543,0.524486571879937,0.606201550387597,0.555205047318612,0.520361990950226,0,0.512422360248447,0.679748822605965,0,0.751914241960184,0.484939759036145,0.493920972644377,0.522834645669291,0.507788161993769,0.52416918429003,0.511664074650078,0.533127889060092,0,0.527863777089783,0.00451127819548872,0.583717357910906,0.768049155145929,0.513097072419106,0.519561815336463,0.531013615733737,0.522935779816514,0.0401854714064915,0.4984375,0.511923688394277,0.545592705167173,0.613496932515337,0.513343799058085,0.506998444790047,0.545176110260337,0,0,0.525147928994083,0,0.510703363914373,0.00156985871271586,0.546583850931677,0.731012658227848,0.609642301710731,0.545592705167173,0.579352850539291,0.00151285930408472,0.556589147286822,0.504615384615385,0.521671826625387,0.64576802507837,0.612612612612613,0.577777777777778,0.667678300455235,0.628980891719745,0.492236024844721,0.51468315301391,0.622291021671827,0.574303405572755,0.617117117117117,0.486697965571205,0,0.472868217054264,0.576138147566719,0.5056,0.590214067278288,0.566265060240964,0.621374045801527,0.622900763358779,0.503039513677812,0.5632,0.523364485981308,0.515055467511886,0.519561815336463,0.996937212863706,0.7442218798151,0.514637904468413,0.49112426035503,0.49478390461997,0.627329192546584,0,0.512977099236641,0.521870286576169,0,0.507223113964687,0,0.549844236760125,0,0.531297709923664,0.515432098765432,0.475683890577508,0.599688473520249,0.521021021021021,0.625196850393701,0.593846153846154,0.572998430141287,0,0,0.559543230016313,0.55096011816839,0.524691358024691,0,0,0.46984126984127,0.595054095826893,0.558778625954198,0,0.923547400611621,0,0.563981042654028,0.523510971786834,0.519047619047619,0.598473282442748,0,0.710651828298887,0.640432098765432,0.537735849056604,0.539050535987749,0.609907120743034,0.496951219512195,0.539308176100629,0.0564263322884013,0.498447204968944,0,0.529235382308846,0,0.5203125,0.502347417840376,0.314641744548287,0,0,0.669767441860465,0.542452830188679,0.549848942598187,0.579754601226994,0.497757847533632,0.485804416403785,0.563271604938272,0.578241430700447,0,0.523510971786834,0.530516431924883,0,0.528571428571429,0.543939393939394,0.536585365853659,0.0169753086419753,0.472868217054264,0.504573170731707,0.737169517884914,0.511700468018721,0.567524115755627,0.571870170015456,0.682108626198083,0.509090909090909,0.517884914463453,0,0.605304212168487,0.526717557251908,0,0,0.486607142857143,0,0.507692307692308,0.512977099236641,0.56418383518225,0.475743348982786,0.499212598425197,0.614285714285714,0.553990610328638,0.618181818181818,0.0225903614457831,0.479623824451411,0.0578778135048231,0.0138036809815951,0,0.426771653543307,0.472560975609756,0.481481481481481,0.48382126348228,0.487915407854985,0.0236220472440945,0.0334855403348554,0.492307692307692,0.0108695652173913,0.00318979266347687,0.0245022970903522,0.0167173252279635,0.0278637770897833,0.488335925349922,0.015527950310559,0.484126984126984,0.486068111455108,0.0216049382716049,0.49388379204893,0.0438066465256798,0.488653555219365,0.465224111282844,0.486607142857143,0.483076923076923
"439",0.0769230769230769,0.0798192771084337,0.111111111111111,0.138198757763975,0.0995405819295559,0.0734375,0.174846625766871,0.0995405819295559,0.0870206489675516,0,0.0706766917293233,0,0.483383685800604,0.0732824427480916,0.896813353566009,0.92089552238806,0,0.00152905198776758,0.0823170731707317,0.0876132930513595,0.8,0.894573643410853,0.087797619047619,0,0.116941529235382,0.73780487804878,0.846385542168675,0.088785046728972,0.557037037037037,0.367316341829085,0.921713441654357,0.395522388059701,0.317073170731707,0.715151515151515,0,0.08,0.00597907324364723,0.0794602698650675,0.749633967789165,0.164222873900293,0,0,0,0.0737327188940092,0.288854003139717,0.916158536585366,0.527439024390244,0.930722891566265,0.583577712609971,0.843426883308715,0,0.0911901081916538,0.730538922155689,0.0737951807228916,0.180981595092025,0.844984802431611,0,0.0973724884080371,0.112107623318386,0.173192771084337,0.704204204204204,0.582089552238806,0.924012158054711,0,0.180834621329212,0.235382308845577,0,0.0801815431164902,0,0.929121725731895,0.191458026509573,0.917417417417417,0.921212121212121,0.0756676557863502,0,0.365671641791045,0.903417533432392,0.487951807228916,0.176470588235294,0.773311897106109,0,0.37890044576523,0.773529411764706,0.0698365527488856,0.840361445783133,0.178571428571429,0.0744047619047619,0.108761329305136,0.105740181268882,0,0.0856269113149847,0.0776119402985075,0,0,0.102167182662539,0,0.684131736526946,0.104633781763827,0,0,0.422900763358779,0,0.72809667673716,0.0752688172043011,0.841246290801187,0.0855365474339036,0,0.0917293233082707,0.921092564491654,0.928358208955224,0.91679273827534,0.155487804878049,0.732115677321157,0.088145896656535,0,0.0947368421052632,0.382882882882883,0,0.926646706586826,0.772247360482655,0,0.306766917293233,0.737388724035608,0.890076335877863,0.0956651718983558,0.8,0.0744047619047619,0.0787878787878788,0,0.493293591654247,0.134848484848485,0.559505409582689,0.0925925925925926,0,0.07981220657277,0.949778434268833,0,0.776611694152924,0.439878234398782,0.52418096723869,0,0,0.0942249240121581,0.310708898944193,0.787692307692308,0.0688073394495413,0.914156626506024,0.157421289355322,0.673879443585781,0.0992592592592593,0.823076923076923,0.0848484848484849,0.0657276995305164,0.253414264036419,0.0827067669172932,0.917573872472784,0.0763473053892216,0.927051671732523,0,0.309119010819165,0.203566121842496,0.092814371257485,0.917910447761194,0,0.0762331838565022,0.585139318885449,0.0830721003134796,0.0763473053892216,0.0655737704918033,0.707964601769911,0.0955223880597015,0.922492401215805,0.135493372606775,0.927007299270073,0.177099236641221,0.644677661169415,0,0.100149476831091,0,0.24024024024024,0.0753012048192771,0.85145482388974,0.0930930930930931,0.124624624624625,0.084070796460177,0.0968703427719821,0.883509833585477,0.702941176470588,0.148837209302326,0.147465437788018,0.887708649468892,0.92526158445441,0.101694915254237,0.204747774480712,0,0,0.711246200607903,0,0.0728083209509658,0.769911504424779,0.197869101978691,0.325264750378215,0.0791044776119403,0.591397849462366,0.590704647676162,0.713629402756508,0.160606060606061,0.114503816793893,0.202080237741456,0,0.181818181818182,0.79153605015674,0.132018209408194,0.924012158054711,0.877941176470588,0.495508982035928,0.0967261904761905,0.091044776119403,0.255255255255255,0.0749625187406297,0.181538461538462,0,0.874622356495468,0.395864106351551,0.0779816513761468,0,0.0799396681749623,0.0976331360946746,0.486404833836858,0.540983606557377,0.0900763358778626,0.0781010719754977,0.628834355828221,0,0.184638109305761,0.544510385756677,0.104199066874028,0.92781954887218,0.110619469026549,0.0797546012269939,0.0768072289156626,0.12089552238806,0.526315789473684,0.929121725731895,0.103030303030303,0.507440476190476,0.919117647058823,0.921364985163205,0.855403348554033,0.921686746987952,0.813271604938272,0.386329866270431,0.92156862745098,0.926093514328808,0.914503816793893,0.465288035450517,0.879443585780526,0.0927051671732523,0,0.918305597579425,0,0.757942511346445,0.0770392749244713,0.0809595202398801,0.152818991097923,0,0.195987654320988,0.203566121842496,0.399089529590288,0.478978978978979,0.58599695585997,0.554878048780488,0,0.0791476407914764,0.84407796101949,0.392638036809816,0.112462006079027,0.915680473372781,0.323795180722892,0.917417417417417,0.856495468277946,0.0702781844802343,0.0713178294573643,0.170015455950541,0,0.403249630723781,0.182945736434109,0,0.920300751879699,0.167407407407407,0.0907692307692308,0,0.928251121076233,0.917541229385307,0.107197549770291,0.196594427244582,0.924148606811146,0,0.615501519756839,0.0824427480916031,0.281065088757396,0.681268882175227,0.406015037593985,0.119225037257824,0.919452887537994,0.0680473372781065,0.0691729323308271,0.923780487804878,0.110778443113772,0.0776255707762557,0.114728682170543,0.0755287009063444,0.811836115326252,0.706845238095238,0.721633888048411,0.0972222222222222,0.122291021671827,0.00299850074962519,0.743939393939394,0.107250755287009,0.817771084337349,0.716374269005848,0.0853293413173653,0.0817901234567901,0.107575757575758,0.373065015479876,0.0813609467455621,0.744292237442922,0.111278195488722,0.0758513931888545,0,0.689450222882615,0.496932515337423,0.919523099850969,0.00299850074962519,0.924889543446245,0.174506828528073,0.92042042042042,0.924357034795764,0,0.781109445277361,0.0828313253012048,0.86865671641791,0.0998439937597504,0.114114114114114,0.0940819423368741,0.710365853658537,0.709876543209877,0.392638036809816,0.614779874213837,0,0.245877061469265,0.905325443786982,0.971935007385524,0.791356184798808,0.0724191063174114,0.929110105580694,0,0.689655172413793,0.915178571428571,0.907294832826748,0.570992366412214,0.0727272727272727,0.762345679012346,0.07981220657277,0.104229607250755,0,0.0803443328550933,0.923076923076923,0.069423929098966,0.229041916167665,0.0817610062893082,0.911719939117199,0.0943952802359882,0.921481481481481,0.178899082568807,0.374429223744292,0.112275449101796,0.0920060331825038,0.0693815987933635,0.711711711711712,0.0986342943854325,0.0785185185185185,0.932551319648094,0.923538230884558,0.0792682926829268,0.0791788856304985,0.726865671641791,0.177877428998505,0.113029827315542,0.125739644970414,0.0785185185185185,0,0.986046511627907,0.0744047619047619,0.928679817905918,0,0.110438729198185,0,0.926040061633282,0.0785185185185185,0.112633181126332,0,0.407462686567164,0.608497723823976,0.108895705521472,0.91937984496124,0.224806201550388,0.0846153846153846,0.623277182235835,0.447251114413076,0.306646525679758,0,0.802114803625378,0.0956112852664577,0.0800604229607251,0.581183611532625,0.0735735735735736,0.104761904761905,0.919939577039275,0,0.0909090909090909,0.0792682926829268,0.129032258064516,0.380239520958084,0.917293233082707,0.208206686930091,0.742857142857143,0.776377952755905,0,0.436923076923077,0.429878048780488,0.44947209653092,0,0.757763975155279,0.169184290030211,0.426426426426426,0.56379821958457,1,0,0,0.072463768115942,0.102941176470588,0,0.160902255639098,0,0,0,0.0772727272727273,0,0.0825545171339564,0.277037037037037,0.505847953216374,0.0739644970414201,0,0,0.0899550224887556,0.12630014858841,0.34789156626506,0.925373134328358,0,0.174041297935103,0.453869047619048,0.0769230769230769,0.525073746312684,0.734254992319508,0,0.0971599402092676,0.921538461538462,0.115384615384615,0.889393939393939,0,0.912979351032448,0.836641221374046,0.552884615384615,0.10207100591716,0,0.130952380952381,0.0974512743628186,0.0789865871833085,0,0.901365705614568,0.144694533762058,0.931357254290172,0.0745156482861401,0.0715350223546945,0.922503725782414,0.0749625187406297,0.701515151515152,0.271364317841079,0.945288753799392,0.802431610942249,0.11854103343465,0,0.928464977645306,0.101190476190476,0.933641975308642,0.415644171779141,0.63206106870229,0,0.847533632286996,0.342064714946071,0.735820895522388,0.108761329305136,0.914542728635682,0.835082458770615,0.573482428115016,0.126843657817109,0.192647058823529,0.106446776611694,0.329249617151608,0,0.0938897168405365,0.924444444444444,0.120980091883614,0.620528771384137,0.930473372781065,0.082089552238806,0.0797546012269939,0.0741301059001513,0.433082706766917,0.0915915915915916,0.819847328244275,0.800918836140888,0.126506024096386,0.190265486725664,0,0,0.0793893129770992,0.140215716486903,0.919504643962848,0.0952380952380952,0.0909090909090909,0.647058823529412,0.142640364188164,0.329230769230769,0.17741935483871,0,0.101515151515152,0.648318042813456,0.0764525993883792,0.0809595202398801,0,0.407914764079148,0.0958268933539413,0.922374429223744,0.392966360856269,0.662182361733931,0.249632892804699,0.386046511627907,0.116618075801749,0.869047619047619,0.0838509316770186,0.0749625187406297,0.0940819423368741,0.684615384615385,0.839150227617602,0.0853293413173653,0.0824742268041237,0,0.294469357249626,0.559347181008902,0.767964071856287,0.319880418535127,0.0770392749244713,0.197869101978691,0.0774962742175857,0.117210682492582,0.918876755070203,0,0.262518968133536,0.918674698795181,0.921921921921922,0.767830045523521,0,0.0893939393939394,0.162686567164179,0.0720720720720721,0.0771513353115727,0.875379939209726,0.912912912912913,0,0,0.808510638297872,0.88109756097561,0.835130970724191,0,0.932533733133433,0.0747384155455904,0.397037037037037,0.699544764795144,0.0720858895705521,0.441930618401207,0.0957446808510638,0.409295352323838,0.435555555555556,0,0.0821325648414986,0.632776934749621,0.540832049306626,0.154992548435171,0.0931952662721894,0.63499245852187,0,0.132018209408194,0.119645494830133,0,0.109970674486804,0.909356725146199,0.0924764890282132,0.57957957957958,0,0,0.540625,0.243451463790447,0.92530487804878,0.858461538461538,0,0,0.306002928257687,0.905053598774885,0.0706436420722135,0.740412979351032,0.0855855855855856,0.915304606240713,0.632047477744807,0.67741935483871,0.214723926380368,0.842923794712286,0.922844175491679,0,0.904615384615385,0,0.0891812865497076,0.748417721518987,0.100583090379009,0.92802450229709,0.0752688172043011,0,0.526785714285714,0.56468797564688,0.0691729323308271,0,0.0729166666666667,0,0.684615384615385,0.0798816568047337,0,0.383458646616541,0.101071975497703,0.333333333333333,0.125190839694656,0.912071535022355,0,0.0832072617246596,0.754946727549467,0,0.393393393393393,0.925,0.918057663125948,0.0806697108066971,0.0823170731707317,0.0818452380952381,0.103186646433991,0.098159509202454,0,0.0904977375565611,0,0.632200886262925,0.744712990936556,0.086232980332829,0.0824427480916031,0.0855457227138643,0.0864381520119225,0.0289193302891933,0.927162367223065,0.0851735015772871,0.11377245508982,0.334828101644245,0.0986547085201794,0.0718562874251497,0.102874432677761,0,0,0.0926193921852388,0,0.883408071748879,0.00151285930408472,0.121396054628225,0.752351097178683,0.778637770897833,0.844903988183161,0.158461538461538,0,0.851127819548872,0.0736842105263158,0.0719640179910045,0.427921092564492,0.611594202898551,0.766666666666667,0.816715542521994,0.421779141104294,0.918154761904762,0.846616541353383,0.50834597875569,0.747706422018349,0.364444444444444,0.91679273827534,0,0.916923076923077,0.66412213740458,0.0807453416149068,0.394578313253012,0.76453488372093,0.433681073025335,0.199701937406855,0.0758928571428571,0.120879120879121,0.0904907975460123,0.0820433436532508,0.0706605222734255,0.527355623100304,0.667664670658683,0.0698027314112291,0.929203539823009,0.920704845814978,0.199101796407186,0,0.0833333333333333,0.102255639097744,0,0.824534161490683,0,0.133131618759455,0,0.105970149253731,0.0757575757575758,0.915680473372781,0.234398782343988,0.0782865583456425,0.407975460122699,0.438438438438438,0.186830015313936,0,0,0.152410575427683,0.133526850507983,0.0885885885885886,0,0,0.921875,0.770925110132159,0.525449101796407,0,0.609939759036145,0,0.150227617602428,0.0716463414634146,0.777099236641221,0.752994011976048,0,0.721461187214612,0.485451761102603,0.206015037593985,0.115384615384615,0.296686746987952,0.927083333333333,0.0924499229583975,0.086890243902439,0.0639625585023401,0,0.0939306358381503,0,0.0790697674418605,0.933846153846154,0.572948328267477,0,0,0.263636363636364,0.134466769706337,0.12630014858841,0.354505169867061,0.910425844346549,0.928792569659443,0.212990936555891,0.239583333333333,0,0.928353658536585,0.10590015128593,0,0.0869565217391304,0.116766467065868,0.888059701492537,0,0.92503748125937,0.0769230769230769,0.610769230769231,0.874809160305344,0.868421052631579,0.855639097744361,0.369158878504673,0.85672082717873,0.0811638591117917,0,0.291858678955453,0.0894187779433681,0,0,0.921739130434783,0,0.92089552238806,0.0750750750750751,0.329211746522411,0.923547400611621,0.927803379416283,0.485671191553544,0.113981762917933,0.592481203007519,0,0.917956656346749,0.0474732006125574,0.00758725341426404,0,0.763975155279503,0.919236417033774,0.922374429223744,0.916542473919523,0.922155688622755,0.00154083204930663,0,0.909774436090226,0.00452488687782805,0.00305343511450382,0.0223880597014925,0.0029673590504451,0,0.922038980509745,0.0106382978723404,0.928902627511592,0.919452887537994,0.00151975683890578,0.928464977645306,0.0381231671554252,0.92,0.850453172205438,0.91800878477306,0.920731707317073
"440",0,0,0,0,0,0,0.0109204368174727,0.0015527950310559,0,1,0,1,0,0,0,0,1,0.984447900466563,0,0,0,0,0,1,0,0,0,0.00161030595813205,0,0,0,0,0.00156494522691706,0,1,0,0.976958525345622,0,0,0,0.998456790123457,0.984496124031008,0.993827160493827,0,0,0,0,0,0,0,1,0,0,0,0.0111642743221691,0,1,0,0.00303030303030303,0,0,0,0,1,0,0,1,0,1,0,0,0,0,0,1,0,0,0,0.0015600624024961,0,1,0,0,0,0,0,0,0,0.00307219662058372,0.990881458966565,0,0,1,1,0,1,0.0169491525423729,0,0.992343032159265,0.990683229813665,0.00769230769230769,1,0,0,0,0,0.990639625585023,0.00309597523219814,0,0,0,0.0123839009287926,0,0,1,0,0,1,0,0,1,0.0015552099533437,0,0,0,0,0,0,1,0.00622083981337481,0,0,0,1,0,0,1,0,0,0.00632911392405063,1,1,0,0,0,0,0,0,0,0,0,0,0,0,0,0,0,0,1,0,0.00454545454545455,0,0,1,0,0,0,0,0,0,0,0,0,0,0.0015748031496063,0,1,0,1,0,0,0,0,0,0,0,0,0,0,0,0,0,0,0.02,1,1,0,0.998452012383901,0,0,0.0124610591900312,0,0,0,0,0,0,0,0.00153139356814701,1,0,0,0,0,0,0.00308166409861325,0,0,0.00156739811912226,0,0,1,0,0,0,1,0,0,0.00464396284829721,0,0,0,0.01875,1,0.0121765601217656,0,0,0,0,0,0,0,0,0,0,0,0,0,0,0,0,0,0,0,0,0,0,0,0.990566037735849,0,1,0.0047244094488189,0,0,0,1,0.00158478605388273,0.0030441400304414,0,0,0,0,0.989312977099237,0,0,0,0,0,0,0,0,0,0,0.010989010989011,1,0,0.0158227848101266,1,0,0.0121028744326778,0.0015600624024961,1,0,0,0,0,0,1,0.0183767228177642,0,0,0,0,0,0,0,0,0,0,0,0,0,0,0,0,0.0031104199066874,0,0.941628264208909,0,0,0,0,0,0,0,0,0,0,0,0,1,0,0.00950871632329636,0,0.940184049079755,0,0,0,0,1,0,0,0,0,0,0,0,0,0,0,1,0,0,0,0,0,0,1,0,0,0,0.00156985871271586,0,0,0,0,1,0,0,0,0,0,0,0,0,0,0,0,0,0.00309119010819165,0,0,0,0,0,0,0,0,0,0,0,0,1,0,0,0,1,0,0.990506329113924,0,0,0,0.995283018867924,0.00778816199376947,0,0,0,0,0,0,0,0,1,0,0.00157977883096367,0,0,0,0,0,0.998432601880878,0,0,0,0,0,0.0046583850931677,0,0.0130293159609121,0.993874425727412,0,0,0,1,0,0.0015625,0,0,0,1,1,0,0,1,0,0.992076069730586,1,1,0,1,0,0,0.00596125186289121,0,1,1,0,0,0,0,0.998425196850394,0.0182926829268293,0,0,0,0,1,0,0,0.00156985871271586,0,1,0,0,0,0.0015220700152207,1,0,0,0,1,0,0,0,0,0,0,0,0,0,0,0.00158730158730159,0,0.992211838006231,0,0,0,0,0.014018691588785,1,0,0.00158227848101266,0,0,0,0,0,0,0,0,0,1,0,0,0,0.0048,0,0,0,0,0,0,0,0,0,0.0138036809815951,1,1,0,0,0,0,0,0,0,0,0.0150829562594268,1,0,0.0186625194401244,0,0,1,0,0,0,0.00156494522691706,0,0,0,0,0,0.00314465408805031,0,0,0.0159489633173844,0.0289193302891933,0,0,0.992435703479576,0,0,0,0,0,0,0,0.781487101669196,0,1,0.00153139356814701,0,0,0,1,0,0,0,0,0,0,1,1,0,0,0,1,0,0,0.566009104704097,0,0,0.00928792569659443,0,0,0,1,0,0,0,0.00603318250377074,0,0,0.990783410138249,0,0,1,0.00147058823529412,0,0,0,1,0.992223950233281,0,0,0,0,0.989079563182527,0.998394863563403,0,0,0,0,0,0,0,0,0.00478468899521531,0,0,0.998452012383901,0,1,0,0.159489633173844,0.00149700598802395,0,0,1,0,0,0,1,0,1,0,0,1,0.0199692780337942,0,0,0.00157728706624606,0,1,0,0,1,0,0,0,0,0,0,0.00313479623824451,0.00156739811912226,1,0,0.978723404255319,0.018018018018018,0,0,0,0,0,0.921296296296296,0,0,0,0,0,0,0,1,1,0,1,0,1,0,0,0,0,0,0.998456790123457,0,0,0,0,0,0,0,0,0,0,0,0,0,0,1,0,0.018957345971564,0,0.0292758089368259,0,0,0.00458015267175573,0,0.00156494522691706,0,0,0,0,0,0,0,0,0.00156739811912226,0.989409984871407,0,0,1,0,1,0,1,0,0,0,0,0,0,0,0.0172143974960876,1,1,0,0,0,1,1,0,0,0,1,0,1,0,0,0.0364500792393027,0,1,0,0,0,0,0,0,0,0.900943396226415,0,1,0,0.993836671802773,0,0,0.372670807453416,1,1,0,0,0.00763358778625954,0,0,0,0,0,1,0,0,1,0,0,0,0.953846153846154,0,0,0,0,0,0,0,0,0,1,0,0,0.99685534591195,1,0,1,0,0,0,0,0,0.00476947535771065,0.00463678516228748,0,0.946889226100152,0,0.904610492845787,0.978625954198473,1,0.17192429022082,0,0,0.0060790273556231,0,0.949367088607595,0.941984732824428,0,0.976780185758514,0.99198717948718,0.95046439628483,0.972307692307692,0.937888198757764,0,0.971830985915493,0,0,0.950793650793651,0,0.931297709923664,0,0.0540958268933539,0,0
"441",0,0,0,0,0,0,0.0138036809815951,0.00153846153846154,0,1,0,1,0,0,0,0,1,0.984639016897081,0,0,0,0,0,1,0,0,0,0.00158227848101266,0,0,0,0,0.00157977883096367,0,1,0,0.98036253776435,0,0,0,1,0.98340874811463,0.995433789954338,0,0,0,0,0,0,0,1,0,0,0,0.0124031007751938,0,1,0,0.00301659125188537,0,0,0,0,1,0,0,1,0,1,0,0,0,0,0,1,0.0015015015015015,0,0,0.00157977883096367,0,1,0,0,0,0,0,0,0,0.0030441400304414,0.989520958083832,0,0,1,1,0,1,0.0179640718562874,0,0.993939393939394,0.992223950233281,0.00916030534351145,1,0,0,0,0,0.989096573208723,0.00306278713629403,0,0,0,0.0125,0,0,1,0,0,1,0,0,1,0.00154320987654321,0,0,0,0,0,0,1,0.00603318250377074,0,0,0,1,0,0,1,0,0,0.00778816199376947,1,1,0,0,0,0,0,0,0,0,0,0,0,0,0,0,0,0,1,0,0.00453857791225416,0,0,1,0,0,0,0,0,0,0,0,0,0,0.00154559505409583,0,1,0,1,0,0,0,0,0,0,0,0,0,0,0,0,0,0,0.0198170731707317,1,1,0,1,0,0,0.0109717868338558,0,0,0,0,0,0,0,0.00152439024390244,1,0,0,0,0,0,0.00460122699386503,0,0,0.00153609831029186,0,0,1,0,0,0,1,0,0,0.00459418070444104,0,0,0,0.0184899845916795,1,0.012012012012012,0,0,0,0,0,0,0,0,0,0,0,0,0,0,0,0,0,0,0,0,0,0,0,0.990566037735849,0,1,0.0046583850931677,0,0,0,1,0,0.00303490136570561,0,0,0,0,0.989329268292683,0,0,0,0,0,0,0,0,0,0,0.0109034267912773,1,0,0.0140845070422535,1,0,0.011887072808321,0.0015748031496063,1,0,0,0,0,0,1,0.0171339563862928,0,0,0,0,0,0,0,0,0,0,0,0,0,0,0,0,0.0031055900621118,0,0.952959028831563,0,0,0,0,0,0,0,0,0,0,0,0,1,0,0.010752688172043,0,0.946727549467275,0,0,0,0,1,0,0,0,0,0,0,0,0,0,0,1,0,0,0,0,0,0,1,0,0,0,0.003125,0,0,0,0,1,0,0,0,0,0,0,0,0,0,0,0,0,0.0031104199066874,0,0,0,0,0,0,0,0,0,0,0,0,1,0,0,0,1,0,0.992050874403816,0,0,0,0.996894409937888,0.00765696784073507,0,0,0,0,0,0,0,0,1,0,0.0015527950310559,0,0,0,0,0,0.998480243161094,0,0,0,0,0,0.00464396284829721,0,0.0128410914927769,0.995363214837713,0,0,0,1,0,0.00151975683890578,0,0,0,1,1,0,0,1,0,0.990697674418605,1,1,0,1,0,0,0.00593471810089021,0,1,1,0,0,0,0,0.998427672955975,0.018018018018018,0,0,0,0,1,0,0,0.00154559505409583,0,1,0,0,0,0.00151745068285281,1,0,0,0,1,0,0,0,0,0,0,0,0,0,0,0.00156985871271586,0,0.992236024844721,0,0,0,0,0.00918836140888208,1,0,0.00312989045383412,0,0,0,0,0,0,0,0,0,1,0,0,0,0.00471698113207547,0,0,0,0,0,0,0,0,0,0.0138461538461538,1,1,0,0,0,0,0,0,0,0,0.016566265060241,1,0,0.0170542635658915,0,0,1,0,0,0,0.0015552099533437,0,0,0,0,0,0.00308641975308642,0,0,0.0156985871271586,0.0242057488653555,0,0,0.993984962406015,0,0,0,0,0,0,0,0.765765765765766,0,1,0.00156494522691706,0,0,0,1,0,0,0,0,0,0,1,1,0,0,0,1,0,0,0.569486404833837,0,0,0.00763358778625954,0,0,0,1,0,0,0,0.0060882800608828,0,0,0.99388379204893,0,0,1,0.00149476831091181,0,0,0,1,0.993836671802773,0,0,0,0,0.990839694656489,1,0,0,0,0,0,0,0,0,0.0046875,0,0,1,0,1,0,0.163232963549921,0.00149253731343284,0,0,1,0,0,0,1,0,1,0,0,1,0.0136363636363636,0,0,0.0015527950310559,0,1,0,0,1,0,0,0,0,0,0,0.00305810397553517,0.00156494522691706,1,0,0.981845688350983,0.0195488721804511,0,0,0,0,0,0.919207317073171,0,0,0,0,0,0,0,1,1,0,1,0,0.998435054773083,0,0,0,0,0,0.998484848484849,0,0,0,0,0,0,0,0,0,0,0,0,0,0,1,0,0.0205696202531646,0,0.0306278713629403,0,0,0.00455235204855842,0,0.00157232704402516,0,0,0,0,0,0,0,0,0.00307219662058372,0.989425981873112,0,0,1,0,1,0,1,0,0,0,0,0,0,0,0.0170807453416149,1,1,0,0,0,1,1,0,0,0,1,0,1,0,0,0.0358255451713396,0,1,0,0,0,0,0,0,0,0.903225806451613,0,1,0,0.993827160493827,0,0,0.374613003095975,1,1,0.00151745068285281,0,0.0075187969924812,0,0,0,0,0,1,0,0,1,0,0,0,0.954198473282443,0,0,0,0,0,0,0,0,0,1,0,0,0.996889580093313,1,0,1,0,0,0,0,0,0.0046656298600311,0.00470219435736677,0,0.950375939849624,0,0.901430842607313,0.978658536585366,1,0.172360248447205,0,0,0.0060790273556231,0,0.953198127925117,0.944193061840121,0,0.976780185758514,0.992125984251969,0.949618320610687,0.974124809741248,0.942249240121581,0,0.971036585365854,0,0,0.956521739130435,0,0.928571428571429,0,0.0563165905631659,0,0
"442",0.998484848484849,1,0.971851851851852,0.938271604938272,0.986259541984733,1,0.883509833585477,0.97737556561086,1,0,1,0,0.552870090634441,1,0.0375375375375375,0.00596125186289121,0,0.0151057401812689,0.996955859969559,0.985096870342772,0.147761194029851,0.0292307692307692,0.989705882352941,0,0.956780923994039,0.24390243902439,0.112443778110945,0.990839694656489,0.456011730205279,0.681547619047619,0,0.679160419790105,0.763993948562784,0.279279279279279,0,1,0.0193740685543964,0.994038748137109,0.23342939481268,0.899122807017544,0.00150602409638554,0.0164179104477612,0.00443131462333826,1,0.78416149068323,0.0182648401826484,0.511380880121396,0,0.468521229868228,0.128888888888889,0,0.992469879518072,0.252252252252252,1,0.872534142640364,0.152439024390244,0,0.972519083969466,0.955752212389381,0.899270072992701,0.287610619469027,0.429850746268657,0,0,0.897081413210445,0.823262839879154,0,0.991097922848665,0,0,0.860740740740741,0.00609756097560976,0.0152671755725191,1,0,0.705014749262537,0.0444444444444444,0.558173784977909,0.892638036809816,0.249201277955272,0,0.702503681885125,0.195906432748538,0.998520710059172,0.113602391629297,0.911242603550296,0.997014925373134,0.970717423133236,0.970238095238095,0.0103397341211226,0.989409984871407,1,0,0,0.972809667673716,0,0.28928046989721,0.980683506686478,0.00749625187406297,0.00904977375565611,0.608695652173913,0,0.261068702290076,1,0.0940665701881331,1,0.0107361963190184,0.975903614457831,0,0.00749625187406297,0.00748502994011976,0.897435897435897,0.321958456973294,0.992503748125937,0,0.98813056379822,0.70254110612855,0,0,0.21765601217656,0,0.757894736842105,0.233532934131737,0.0735068912710567,0.979351032448378,0.137982195845697,0.997071742313324,0.995555555555556,0,0.543026706231454,0.935240963855422,0.467987804878049,0.990769230769231,0,0.993836671802773,0.0175438596491228,0,0.201219512195122,0.620583717357911,0.510971786833856,0,0,0.979228486646884,0.7518573551263,0.163076923076923,1,0.0060790273556231,0.921597633136095,0.389649923896499,0.982430453879941,0.133535660091047,0.986404833836858,1,0.828655834564254,0.995522388059702,0,1,0,0,0.738931297709924,0.860088365243004,0.980654761904762,0.0178837555886736,0,1,0.433179723502304,1,1,1,0.279761904761905,0.978883861236802,0.00151285930408472,0.945668135095448,0,0.889561270801815,0.357142857142857,0,0.983508245877061,0,0.841554559043348,1,0.121987951807229,0.983606557377049,0.95230998509687,0.98978102189781,0.976539589442815,0.0885885885885886,0.364306784660767,0.927803379416283,0.944869831546707,0.0508982035928144,0.00444444444444444,0.984825493171472,0.842342342342342,0,0,0.292867981790592,0.00149476831091181,1,0.247800586510264,0.864535768645358,0.74251497005988,0.992636229749632,0.425981873111782,0.413333333333333,0.285285285285285,0.91981845688351,0.965413533834587,0.88,0,0.874084919472914,0.168769716088328,0.947209653092006,0,0.066079295154185,0.531626506024096,0.977341389728097,0.978197674418605,0.822021116138763,0.998511904761905,0.894495412844037,0,0.0616541353383459,0.662739322533137,0.995426829268293,0,0.991084695393759,0.982430453879941,0.54559043348281,0.538922155688623,0.98796992481203,1,0.346326836581709,0,0.877551020408163,0.509715994020927,0.972307692307692,0,0.961595273264402,1,1,0.959276018099548,0.53019145802651,0,0.972972972972973,0.532544378698225,0.00290275761973875,0.0014903129657228,0.188253012048193,0,0.141141141141141,0.672058823529412,0,0.00437956204379562,0.00899550224887556,0.583941605839416,0.0352220520673813,0.98937784522003,0.0105421686746988,0,0,0.21969696969697,1,0.977307110438729,0.902985074626866,0,0.861702127659574,0.849702380952381,0.673621460506706,0.57973174366617,0.434848484848485,0.433846153846154,0.0118518518518519,1,0.0917293233082707,0.685670261941448,0.965465465465465,0.0134529147982063,0.74251497005988,0.00149253731343284,0.105105105105105,1,1,0.882621951219512,0,0.641592920353982,0.874051593323217,0,0,0.886792452830189,0.981845688350983,0,0,0.00148588410104012,0.982945736434109,0.884080370942813,0,0,0.368815592203898,0.990839694656489,0.783185840707965,0.378378378378378,0.648036253776435,0.960059171597633,0.00903614457831325,1,1,0.00597907324364723,0.971556886227545,1,0.970948012232416,0.997054491899853,0.17351598173516,0.307692307692308,0.273542600896861,0.975460122699387,0.935681470137825,0.05,0.242331288343558,0.972727272727273,0.148425787106447,0.293178519593614,0.99702380952381,0.996996996996997,0.970193740685544,0.685099846390169,0.998522895125554,0.226502311248074,0.967359050445104,0.996978851963746,0,0.311111111111111,0.529770992366412,0.0148809523809524,0.0520833333333333,0.00726744186046512,0.910162002945508,0.0192307692307692,0,0,0.218890554722639,0.992435703479576,0.0723781388478582,0.986003110419907,0.971684053651267,0.987987987987988,0.279210925644917,0.283076923076923,0.661169415292354,0.443234836702955,0,0.81859756097561,0.0131386861313869,0.0323529411764706,0.18452380952381,1,0.0014903129657228,0,0.327354260089686,0.00895522388059702,0.0256797583081571,0.466767371601208,1,0.263803680981595,1,0.961595273264402,0,0.994342291371994,0,1,0.827067669172932,1,0.0104947526236882,0.974963181148748,0,0.881559220389805,0.703363914373089,0.948071216617211,0.986784140969163,0.99702823179792,0.274096385542169,0.969604863221885,1,0,0.0254110612855007,1,1,0.309063893016345,0.881024096385542,0.96417445482866,0.954411764705882,1,0,0.100154083204931,1,0.0015220700152207,0,0.966817496229261,0.0107197549770291,0.0367534456355283,1,0.968373493975904,0.00453857791225416,0.622950819672131,0.41238670694864,0.984848484848485,0.00154083204930663,0.872754491017964,0.998456790123457,0.371601208459215,0.602919708029197,0.778614457831325,0,0.151651651651652,0.978361669242658,0.998468606431853,0.43993993993994,1,0.975193798449612,0.0312035661218425,0,0.985228951255539,0.994091580502216,0.954682779456193,0.677083333333333,0.00455235204855842,0.856707317073171,0.231927710843373,0.169303797468354,0.00594353640416048,0.607033639143731,0.594512195121951,0.609022556390977,0,0.274961597542243,0.907435508345979,0.628912071535022,0.508148148148148,0.072463768115942,0,0,1,0.972017673048601,0,0.920300751879699,0.00930232558139535,0,0,0.998500749625187,0,1,0.765506807866868,0.519061583577713,1,0,0,0.992526158445441,0.963289280469897,0.70839469808542,0,0.00154083204930663,0.867732558139535,0.601459854014599,1,0.523668639053254,0.333841463414634,0,0.980538922155689,0,0.95405819295559,0.0796324655436447,0,0.00727802037845706,0.115326251896813,0.481132075471698,0.973451327433628,0,0.951895043731778,0.979073243647235,1,0,0.0651515151515152,0.9296,0.00313479623824451,1,1,0.00592592592592593,1,0.284649776453055,0.803303303303303,0.00896860986547085,0.164110429447853,0.967213114754098,0.00903614457831325,0,0.976190476190476,0.0061633281972265,0.649310872894334,0.377473363774734,0,0.113602391629297,0.73394495412844,0.246676514032496,0.977511244377811,0,0.148588410104012,0.445839874411303,0.948604992657856,0.884444444444444,0.971428571428571,0.734042553191489,0,0.983679525222552,0,0.965722801788376,0.370769230769231,0,1,1,1,0.62178517397882,0.985250737463127,0.123456790123457,0.179878048780488,0.947604790419162,0.863157894736842,0,0,0.990963855421687,0.940639269406393,0.0149700598802395,0.986342943854325,0.995481927710843,0.354354354354354,0.928787878787879,0.727272727272727,0.871906841339156,0,0.971385542168675,0.321699544764795,1,0.998507462686567,0,0.636225266362253,0.973293768545994,0,0.67427701674277,0.373156342182891,0.797413793103448,0.671232876712329,0.965116279069767,0.0782608695652174,0.984848484848485,1,0.979135618479881,0.277777777777778,0.0931952662721894,0.990977443609023,1,0.00875912408759124,0.776276276276276,0.447093889716841,0.247761194029851,0.760542168674699,1,0.883333333333333,1,0.117384843982169,0,0,0.817771084337349,0,0,0.257142857142857,0,0.99251497005988,0.919762258543834,0.998509687034277,0.997054491899853,0.0844645550527904,0,0,0,0.162613981762918,0.074468085106383,0.145454545454545,0,0,1,0.00890207715133531,0.287022900763359,1,0.586626139817629,0.972350230414747,0.653902798232695,0.637554585152838,0,1,0.380239520958084,0.486363636363636,0.91776798825257,0.98813056379822,0.381872213967311,0.00740740740740741,0.953800298062593,0.95900439238653,0,0.969476744186046,0.0149925037481259,0.987823439878234,0.418777943368107,0,0.00895522388059702,0.510204081632653,0.831050228310502,0,0.120060790273556,0.0103244837758112,0.00155763239875389,0.726752503576538,0.0225563909774436,1,0.304985337243402,0.994169096209913,0,0.371301775147929,0.321212121212121,0.860896445131376,0.0966257668711656,0.00294550810014728,0.0015015015015015,0.037821482602118,0,0.997080291970803,0.0385802469135802,0.981159420289855,0.00454545454545455,1,0,0.508849557522124,0.458521870286576,1,0,0.998527245949926,0,0.37037037037037,0.991111111111111,0,0.64306784660767,0.981735159817352,0.737160120845921,0.950617283950617,0.0339233038348083,0,1,0.246177370030581,0,0.673076923076923,0,0.0177777777777778,1,1,0.992625368731563,0.975975975975976,0.984894259818731,0,0.977578475336323,0.0221565731166913,0.336795252225519,0.278592375366569,0.990977443609023,0.991031390134529,0.992548435171386,0.991031390134529,0.0612855007473842,0.0134328358208955,0.986175115207373,0.965925925925926,0.706314243759178,0.976119402985075,1,0.974397590361446,0,0,0.979827089337176,0,0.0566318926974665,0,0.95067264573991,0.265648854961832,0.202143950995406,0.119047619047619,0.923308270676692,0,0.0941176470588235,1,1,0.626323751891074,0.411428571428571,0.205755395683453,0.168374816983895,0.640601503759399,0,0.110606060606061,0.544360902255639,0.237237237237237,0.690721649484536,0.00903614457831325,0,0,0.310185185185185,1,0.602086438152012,0.211062590975255,0.613432835820895,0.868343195266272,0.988338192419825,0.96141975308642,0.983180428134557,1,0.998502994011976,0.541229385307346,0.40922619047619,0.99851411589896,0.00291120815138282,0.00873362445414847,0.867269984917044,0.0117474302496329,1,0.970014992503748,0,0.106646058732612,0,0.952095808383233,0,0.978005865102639,1,0.00583941605839416,0.834586466165414,1,0.645896656534954,0.618479880774963,0.864583333333333,0,0,0.926040061633282,0.943884892086331,0.991228070175439,0,0,0,0.212922173274596,0.487179487179487,0,0.435364041604755,0,0.934848484848485,1,0.150602409638554,0.224702380952381,0,0.333848531684699,0.580693815987934,0.861861861861862,0.964653902798233,0.769924812030075,0,0.990825688073395,0.0149700598802395,1,0,0.986899563318777,0.00744047619047619,1,0.0151975683890578,0.0106870229007634,0,0,0.822485207100592,0.940548780487805,0.93519882179676,0.698830409356725,0.023121387283237,0.0045662100456621,0.829123328380386,0.83551673944687,0,0.0164670658682635,0.966565349544073,0,0.984662576687117,0.960468521229868,0.0610119047619048,0.0416047548291233,0.00151057401812689,1,0.451219512195122,0.0676691729323308,0.0941358024691358,0.107302533532042,0.680428134556575,0.0976331360946746,1,0,0.750378214826021,0.985141158989599,0.00302114803625378,0,0,0,0,1,0.709035222052067,0,0,0.533232628398791,0.956060606060606,0.427934621099554,0.0470588235294118,0,0.0514018691588785,0.0207407407407407,0,0.0303030303030303,0.00290697674418605,0,0.00891530460624071,0,0.0452488687782805,0.0546528803545052,0.0134932533733133,0.022354694485842,0.00615384615384615,0.0281899109792285,0.0263157894736842,0.0553064275037369,0.0029940119760479,0.0224215246636771,0,0.00149253731343284,0.0460122699386503,0.00757575757575758,0.0246020260492041,0,0.0284005979073244,0.00146842878120411,0
"443",0.971875,0.97239263803681,0.939301972685888,0.921174652241113,0.951638065522621,0.976114649681529,0.87211093990755,0.941628264208909,0.977341389728097,0,0.975270479134467,0,0.569230769230769,0.976525821596244,0.0690184049079755,0.0308166409861325,0,0.0154798761609907,0.973478939157566,0.960960960960961,0.17298937784522,0.0519685039370079,0.968036529680365,0,0.936555891238671,0.277089783281734,0.128834355828221,0.965571205007825,0.483532934131737,0.683890577507599,0.0254872563718141,0.680981595092024,0.7703125,0.305936073059361,0,0.978428351309707,0.0163690476190476,0.972560975609756,0.28,0.921331316187595,0.00154083204930663,0.0166414523449319,0.00451807228915663,0.976415094339623,0.762870514820593,0.0434782608695652,0.519877675840979,0.0261941448382126,0.483433734939759,0.154992548435171,0,0.96583850931677,0.270928462709285,0.977029096477795,0.860719874804382,0.188679245283019,0,0.975232198142415,0.925531914893617,0.886706948640483,0.319083969465649,0.454128440366972,0.0246913580246914,0,0.894409937888199,0.834080717488789,0,0.964669738863287,0,0.0267716535433071,0.840120663650075,0.0263157894736842,0.0384615384615385,0.975683890577508,0,0.718140929535232,0.0743550834597876,0.578866768759571,0.869496855345912,0.288492706645057,0,0.7,0.22473604826546,0.97593984962406,0.134351145038168,0.886191198786039,0.965098634294385,0.949848024316109,0.951807228915663,0.00892857142857143,0.965996908809892,0.97112462006079,0,0,0.953775038520801,0,0.320121951219512,0.957120980091884,0.00906344410876133,0.00928792569659443,0.617873651771957,0,0.290769230769231,0.969088098918083,0.122754491017964,0.976303317535545,0.00617283950617284,0.950844854070661,0.0264797507788162,0.0309119010819165,0.0351145038167939,0.871674491392801,0.348297213622291,0.965098634294385,0,0.95398773006135,0.701515151515152,0,0.0287878787878788,0.252307692307692,0,0.769347496206373,0.258409785932722,0.108661417322835,0.948406676783004,0.169954476479514,0.972768532526475,0.967840735068913,0,0.570552147239264,0.914463452566096,0.515576323987539,0.96594427244582,0,0.968404423380727,0.0452488687782805,0,0.220496894409938,0.633846153846154,0.529505582137161,0,0,0.955384615384615,0.773353751914242,0.186625194401244,0.970769230769231,0.0337941628264209,0.901065449010654,0.425196850393701,0.95166163141994,0.14308426073132,0.957639939485628,0.97360248447205,0.828006088280061,0.969465648854962,0.0186915887850467,0.972560975609756,0.0231839258114374,0,0.757009345794392,0.842814371257485,0.983257229832572,0.0287009063444109,0,0.968373493975904,0.45226917057903,0.973478939157566,0.974085365853659,0.972350230414747,0.307458143074581,0.947772657450077,0.0276497695852535,0.924924924924925,0.0294117647058824,0.870716510903427,0.38368580060423,0,0.95625,0,0.839939024390244,0.978819969742814,0.140845070422535,0.96177370030581,0.936825885978428,0.971471471471472,0.958841463414634,0.127105666156202,0.389140271493213,0.89968152866242,0.921538461538462,0.0693374422187981,0.0290964777947933,0.954968944099379,0.831050228310502,0,0,0.314641744548287,0.00152905198776758,0.971428571428571,0.270801815431165,0.851030110935024,0.755255255255255,0.964017991004498,0.44969512195122,0.465465465465465,0.296124031007752,0.900466562986003,0.949464012251149,0.854984894259819,0,0.877828054298643,0.188498402555911,0.932069510268562,0.0274390243902439,0.0742424242424242,0.544186046511628,0.952380952380952,0.950075642965204,0.824074074074074,0.971299093655589,0.887519260400616,0,0.0837138508371385,0.674242424242424,0.968798751950078,0,0.969650986342944,0.959881129271917,0.555725190839695,0.555727554179567,0.98310291858679,0.9808,0.382262996941896,0,0.867164179104478,0.522865853658537,0.951104100946372,0.0247678018575851,0.949852507374631,0.972265023112481,0.971168437025797,0.936728395061728,0.536697247706422,0.0293663060278207,0.948837209302326,0.552511415525114,0.0254872563718141,0.0237388724035608,0.22052067381317,0.0273141122913505,0.1584,0.653030303030303,0.0245775729646697,0.0259541984732824,0.0322085889570552,0.595555555555556,0.0665610142630745,0.96583850931677,0.0078003120124805,0.0212121212121212,0,0.243827160493827,0.969889064976228,0.955521472392638,0.880989180834621,0,0.845425867507886,0.860606060606061,0.690184049079755,0.584732824427481,0.46141975308642,0.475894245723173,0.00753012048192771,0.969512195121951,0.105182926829268,0.699367088607595,0.941085271317829,0.0330827067669173,0.746913580246914,0.0308641975308642,0.143950995405819,0.977611940298508,0.973058637083994,0.862015503875969,0,0.637329286798179,0.862229102167183,0,0.0240963855421687,0.869760479041916,0.946153846153846,0,0.0289634146341463,0.0259938837920489,0.960183767228178,0.864139020537125,0.023696682464455,0,0.400921658986175,0.970358814352574,0.773556231003039,0.407350689127106,0.666666666666667,0.937308868501529,0.0348484848484849,0.977544910179641,0.971342383107089,0.0263157894736842,0.952671755725191,0.975193798449612,0.987480438184664,0.975535168195719,0.217987804878049,0.318042813455657,0.308980213089802,0.952681388012618,0.924409448818898,0.047112462006079,0.285935085007728,0.944012441679627,0.175654853620955,0.329394387001477,0.969924812030075,0.976887519260401,0.942073170731707,0.704510108864697,0.97428139183056,0.273010920436817,0.93984962406015,0.9734375,0,0.326283987915408,0.559006211180124,0.0399385560675883,0.0560606060606061,0.0358744394618834,0.895705521472393,0.0548780487804878,0.0258358662613982,0,0.258358662613982,0.963020030816641,0.0972644376899696,0.960380348652932,0.947122861586314,0.966616084977238,0.303875968992248,0.296703296703297,0.678955453149002,0.468253968253968,0,0.819165378670788,0.0373134328358209,0.0665658093797277,0.213855421686747,0.978193146417445,0.0290519877675841,0,0.325227963525836,0.0333333333333333,0.04858934169279,0.473118279569892,0.969418960244648,0.302694136291601,0.974723538704581,0.979938271604938,0,0.966374269005848,0.0258358662613982,0.972768532526475,0.840490797546012,0.979365079365079,0.0364188163884674,0.981679389312977,0.0201238390092879,0.898773006134969,0.710280373831776,0.930827067669173,0.962006079027356,0.976816074188563,0.298325722983257,0.942812982998454,0.968325791855204,0.028657616892911,0.0505359877488515,0.970219435736677,0.977477477477477,0.347626339969372,0.902290076335878,0.952681388012618,0.940366972477064,0.971036585365854,0,0.122641509433962,0.976958525345622,0.0278207109737249,0,0.942812982998454,0.0093603744149766,0.0704225352112676,0.974320241691843,0.944444444444444,0.00464396284829721,0.624036979969183,0.431924882629108,0.960815047021944,0.0238473767885533,0.859154929577465,0.969889064976228,0.393135725429017,0.607843137254902,0.777604976671851,0,0.16820987654321,0.946287519747235,0.967791411042945,0.458143074581431,0.978658536585366,0.950793650793651,0.0492307692307692,0,0.960725075528701,0.981308411214953,0.926153846153846,0.687687687687688,0.0309597523219814,0.842266462480858,0.246913580246914,0.188006482982172,0.0060882800608828,0.633385335413417,0.608763693270736,0.612462006079027,0,0.294851794071763,0.890769230769231,0.644274809160305,0.531531531531532,0.102941176470588,0,0,0.972017673048601,1,0,0.896284829721362,0.00772797527047913,0,0,0.974921630094044,0,0.9703125,0.754147812971342,0.534954407294833,0.973134328358209,0,0,0.967889908256881,0.952732644017725,0.720858895705521,0.0254872563718141,0.0031104199066874,0.856495468277946,0.606382978723404,0.969512195121951,0.518684603886398,0.351851851851852,0,0.960546282245827,0.0251572327044025,0.938679245283019,0.120795107033639,0,0.0314842578710645,0.145085803432137,0.508828250401284,0.949152542372881,0,0.926865671641791,0.951367781155015,0.975720789074355,0,0.0938461538461538,0.949675324675325,0.0286624203821656,0.972727272727273,0.97172619047619,0.031866464339909,0.977203647416413,0.311349693251534,0.798771121351767,0.0340030911901082,0.173106646058733,0.944869831546707,0.00778816199376947,0.0254872563718141,0.953242835595777,0.0363349131121643,0.671899529042386,0.389489953632148,0,0.134238310708899,0.726989079563182,0.274961597542243,0.954337899543379,0.0230061349693252,0.164404223227753,0.481012658227848,0.927272727272727,0.868778280542986,0.9375,0.751166407465008,0,0.954614220877458,0.0257966616084977,0.975308641975309,0.404761904761905,0.0253731343283582,0.975609756097561,0.977029096477795,0.973684210526316,0.63914373088685,0.959876543209877,0.133333333333333,0.197819314641745,0.932203389830508,0.859070464767616,0,0,0.962848297213622,0.914860681114551,0.0394944707740916,0.962962962962963,0.967692307692308,0.376344086021505,0.89589905362776,0.726134585289515,0.865761689291101,0,0.94435857805255,0.34472049689441,0.972350230414747,0.969604863221885,0,0.662015503875969,0.948757763975155,0.0248447204968944,0.691107644305772,0.392424242424242,0.826666666666667,0.684129429892142,0.940029985007496,0.101949025487256,0.954758190327613,0.974474474474474,0.958904109589041,0.314375987361769,0.119815668202765,0.968133535660091,0.975794251134644,0.00762195121951219,0.786686838124054,0.470499243570348,0.283307810107198,0.749230769230769,0.983128834355828,0.867394695787831,0.974358974358974,0.132824427480916,0.0257648953301127,0,0.807044410413476,0.0244648318042813,0.0215716486902928,0.299539170506912,0,0.972477064220184,0.896813353566009,0.975346687211094,0.966717095310136,0.104776579352851,0.0261538461538462,0,0,0.190625,0.104615384615385,0.173643410852713,0,0.0240963855421687,0.971036585365854,0.0166414523449319,0.303215926493109,0.976415094339623,0.587786259541985,0.948757763975155,0.658054711246201,0.646176911544228,0,0.971935007385524,0.402173913043478,0.515337423312883,0.899700598802395,0.961832061068702,0.389393939393939,0.0091324200913242,0.926447574334898,0.93562874251497,0,0.946348733233979,0.0398773006134969,0.960254372019078,0.464339908952959,0,0.0106221547799697,0.520569620253165,0.81875,0.0246913580246914,0.149300155520995,0.0106707317073171,0.00157728706624606,0.739520958083832,0.0390625,0.97741935483871,0.335338345864662,0.968133535660091,0.0254491017964072,0.38391502276176,0.344773790951638,0.84748427672956,0.117924528301887,0.0240601503759399,0.00307692307692308,0.0659340659340659,0,0.968036529680365,0.0546875,0.954209748892171,0.0294117647058824,0.970219435736677,0,0.521021021021021,0.479938271604938,0.976816074188563,0,0.975720789074355,0,0.4109375,0.963691376701967,0,0.647328244274809,0.960815047021944,0.743034055727554,0.92755905511811,0.0566318926974665,0,0.972265023112481,0.283048211508554,0,0.685496183206107,0.022189349112426,0.045662100456621,0.970125786163522,0.970633693972179,0.967164179104478,0.947049924357035,0.958204334365325,0,0.959814528593508,0.0197568389057751,0.363499245852187,0.310502283105023,0.967642526964561,0.964992389649924,0.976083707025411,0.966616084977238,0.0519083969465649,0.0396946564885496,0.964630225080386,0.944444444444444,0.721884498480243,0.948170731707317,0.974397590361446,0.954614220877458,0,0,0.998518518518518,0,0.0804769001490313,0,0.931087289433384,0.304278922345483,0.217665615141956,0.138508371385084,0.917057902973396,0,0.130841121495327,0.975270479134467,0.977409638554217,0.636923076923077,0.434210526315789,0.224340175953079,0.20627802690583,0.653726708074534,0.024132730015083,0.143074581430746,0.54953560371517,0.279569892473118,0.704097116843703,0.0369230769230769,0,0.0232198142414861,0.340659340659341,0.973143759873618,0.625192012288787,0.237388724035608,0.626888217522659,0.855403348554033,0.991044776119403,0.934189406099519,0.957943925233645,0.971786833855799,0.97339593114241,0.568147013782542,0.420731707317073,0.976744186046512,0.0338733431516937,0.0342261904761905,0.850769230769231,0.00757575757575758,0.977443609022556,0.974164133738602,0,0.136724960254372,0,0.929797191887676,0,0.950301204819277,0.975535168195719,0.0346907993966818,0.82225656877898,0.971935007385524,0.646697388632873,0.607250755287009,0.853211009174312,0,0,0.909677419354839,0.91374269005848,0.962178517397882,0,0,0.0251968503937008,0.252631578947368,0.526153846153846,0,0.470229007633588,0,0.903276131045242,0.972222222222222,0.17774343122102,0.249253731343284,0,0.362654320987654,0.591463414634146,0.885369532428356,0.938897168405365,0.75,0.0244648318042813,0.963836477987421,0.0169230769230769,0.976452119309262,0,0.95952023988006,0.00759878419452888,0.975,0.0451713395638629,0.0202808112324493,0,0,0.817351598173516,0.916403785488959,0.911450381679389,0.714499252615845,0.0431547619047619,0.0373831775700935,0.81638846737481,0.822388059701493,0,0.0341614906832298,0.947772657450077,0,0.984423676012461,0.934451219512195,0.0924499229583975,0.0386996904024768,0.0306748466257669,0.970014992503748,0.476780185758514,0.0923076923076923,0.107981220657277,0.142857142857143,0.687402799377916,0.122754491017964,0.973805855161787,0,0.773291925465838,0.954268292682927,0.0031201248049922,0,0.0224550898203593,0,0.0289634146341463,0.97583081570997,0.712948517940718,0.0268562401263823,0.0249221183800623,0.546310832025118,0.9265625,0.450532724505327,0.0449101796407186,0.0221870047543582,0.0520504731861199,0.015015015015015,0,0.0414746543778802,0.026865671641791,0.0279503105590062,0.0320121951219512,0.021021021021021,0.046583850931677,0.0532724505327245,0.0334855403348554,0.0170278637770898,0.00312989045383412,0.0243161094224924,0.0212121212121212,0.0559757942511346,0.0356589147286822,0.0171073094867807,0.0222575516693164,0.0265625,0.0406885758998435,0.0308166409861325,0.0242424242424242,0.0239162929745889,0.0599078341013825,0.028023598820059,0.0277349768875193
"444",0,0,0,0,0,0,0.0123647604327666,0.00156985871271586,0,1,0,1,0,0,0,0,1,0.982839313572543,0,0,0,0,0,1,0,0,0,0.00158730158730159,0,0,0,0,0,0,1,0,0.980030721966206,0,0,0,0.998417721518987,0.984709480122324,0.99236641221374,0,0,0,0,0,0,0,1,0,0,0,0.0109717868338558,0,1,0,0.00153374233128834,0,0,0,0,1,0,0,1,0,1,0,0,0,0,0,1,0.00154798761609907,0,0,0,0,1,0,0,0,0,0,0,0,0.00462249614791988,0.987915407854985,0,0,1,1,0,1,0.0151285930408472,0,0.992272024729521,0.990697674418605,0.00933125972006221,1,0,0,0,0,0.9875,0.00154798761609907,0,0,0,0.00943396226415094,0,0,1,0,0,1,0,0,1,0,0,0,0,0,0,0,1,0.00469483568075117,0,0,0,1,0,0,1,0,0,0.00632911392405063,1,1,0,0,0,0,0,0,0,0,0,0,0,0,0,0,0,0,1,0,0.00308641975308642,0,0,1,0,0,0,0,0,0,0,0,0,0,0.00156739811912226,0,1,0,1,0,0,0,0,0,0,0,0,0,0,0,0,0,0,0.0168195718654434,1,1,0,0.998444790046656,0,0,0.00958466453674121,0,0,0,0,0,0,0,0,1,0,0,0,0,0,0.0031055900621118,0,0,0,0,0,1,0,0,0,1,0,0,0.0047244094488189,0,0,0,0.0124804992199688,1,0.0106221547799697,0,0,0,0,0,0,0,0,0,0,0,0,0,0,0,0,0,0,0,0,0,0,0,0.987441130298273,0,1,0.00471698113207547,0,0,0,1,0,0.00309597523219814,0,0,0,0,0.987654320987654,0,0,0,0,0,0,0,0,0,0,0.009375,1,0,0.0109546165884194,1,0,0.0108359133126935,0.00155763239875389,1,0,0,0,0,0,1,0.0122887864823349,0,0,0,0,0,0,0,0,0,0,0,0,0,0,0,0,0.0015748031496063,0,0.950617283950617,0,0,0,0,0,0,0,0,0,0,0,0,1,0,0.00788643533123028,0,0.946808510638298,0,0,0,0,1,0,0,0,0,0,0,0,0,0,0,1,0,0,0,0,0,0,1,0,0,0,0.00157232704402516,0,0,0,0,1,0,0,0,0,0,0,0,0,0,0,0,0,0.00314465408805031,0,0,0,0,0,0,0,0,0,0,0,0,1,0,0,0,1,0,0.988941548183254,0,0,0,0.996825396825397,0.00625978090766823,0,0,0,0,0,0,0,0,1,0,0.0015748031496063,0,0,0,0,0,0.998444790046656,0,0,0,0,0,0.00314465408805031,0,0.00986842105263158,0.993730407523511,0,0,0,1,0,0,0,0,0,1,1,0,0,1,0,0.988976377952756,1,1,0,1,0,0.00154083204930663,0.00454545454545455,0,1,1,0,0,0,0,0.996810207336523,0.0136570561456753,0,0,0,0,1,0,0,0,0,1,0,0,0,0.00154083204930663,1,0,0,0,1,0,0,0,0,0,0,0,0,0,0,0.00158227848101266,0,0.987538940809969,0,0,0,0,0.0109375,1,0,0.0016,0,0,0,0,0,0,0,0,0,1,0,0,0,0.0016,0,0,0,0,0,0,0,0,0,0.0109546165884194,1,1,0,0,0,0,0,0,0,0,0.0122887864823349,1,0,0.0109375,0,0,1,0,0,0,0,0,0,0,0,0,0.00156739811912226,0,0,0.0126782884310618,0.0230769230769231,0,0,0.992401215805471,0,0,0,0,0,0,0,0.768072289156627,0,1,0,0,0,0,1,0,0,0,0,0,0,1,1,0,0,0,1,0,0,0.559815950920245,0,0,0.00625,0,0,0,1,0,0,0,0.00449101796407186,0,0,0.989164086687306,0,0,1,0.00151975683890578,0,0,0,1,0.990783410138249,0,0,0,0,0.987616099071207,0.998384491114701,0,0,0,0,0,0,0,0,0.0031496062992126,0,0,0.996894409937888,0,1,0,0.147011308562197,0.00149476831091181,0,0,1,0,0,0,1,0,1,0,0,1,0.0137825421133231,0,0,0,0,1,0,0,1,0,0,0,0,0,0,0.00465116279069767,0.00157232704402516,1,0,0.977341389728097,0.0139968895800933,0,0,0,0,0,0.919504643962848,0,0,0,0,0,0,0,1,1,0,1,0,1,0,0,0,0,0,0.998452012383901,0,0,0,0,0,0,0,0,0,0,0,0,0,0,1,0,0.0125984251968504,0,0.0264385692068429,0,0,0.00309597523219814,0,0,0,0,0,0,0,0,0,0,0.00156494522691706,0.986404833836858,0,0,1,0,1,0,1,0,0,0,0,0,0.00157977883096367,0,0.0139968895800933,1,1,0,0,0,1,1,0,0,0,1,0,1,0,0,0.0286168521462639,0,1,0,0,0,0,0,0,0,0.897798742138365,0,1,0,0.992199687987519,0,0,0.364632237871674,1,1,0.00154559505409583,0,0.00759878419452888,0,0,0,0,0,1,0,0,1,0,0,0,0.957120980091884,0,0,0,0,0,0,0,0,0,1,0,0,0.995268138801262,1,0,1,0,0,0,0,0,0.00317965023847377,0.00157977883096367,0,0.953846153846154,0,0.900943396226415,0.97360248447205,1,0.156832298136646,0,0,0.00458715596330275,0,0.952456418383518,0.942812982998454,0,0.975308641975309,0.992012779552716,0.947286821705426,0.972434915773354,0.945820433436533,0,0.966153846153846,0,0,0.955271565495208,0,0.919282511210762,0,0.0545171339563863,0,0
"445",0.925806451612903,0.921630094043887,0.952453987730061,0.895666131621188,0.92914653784219,0.918138041733547,0.889937106918239,0.935534591194969,0.920560747663551,0,0.92515923566879,0,0.604724409448819,0.92,0.118195956454121,0.095679012345679,0,0.0125195618153365,0.919871794871795,0.909516380655226,0.233070866141732,0.101777059773829,0.917829457364341,0,0.893188854489164,0.31911532385466,0.175824175824176,0.9185303514377,0.506191950464396,0.697674418604651,0.0752688172043011,0.711783439490446,0.762658227848101,0.345911949685535,0,0.919175911251981,0.0169753086419753,0.915756630265211,0.334828101644245,0.857364341085271,0.00159235668789809,0.0141509433962264,0.003125,0.924920127795527,0.80064829821718,0.104761904761905,0.546310832025118,0.0723270440251572,0.529953917050691,0.195084485407066,0,0.916271721958926,0.333333333333333,0.915227629513344,0.896825396825397,0.234920634920635,0,0.9008,0.933846153846154,0.875776397515528,0.355555555555556,0.462848297213622,0.0800627943485086,0,0.852327447833066,0.798761609907121,0,0.911353032659409,0,0.0743670886075949,0.840557275541796,0.0795631825273011,0.10126582278481,0.923076923076923,0,0.711213517665131,0.12093023255814,0.608832807570978,0.890145395799677,0.320723684210526,0,0.744582043343653,0.271889400921659,0.913446676970634,0.175548589341693,0.921417565485362,0.918335901386749,0.915094339622642,0.896713615023474,0.00770416024653313,0.911717495987159,0.917057902973396,0,0,0.907051282051282,0,0.358578052550232,0.912363067292645,0.00772797527047913,0.0078740157480315,0.680685358255452,0,0.355661881977671,0.928,0.172256097560976,0.915721231766613,0.00626959247648903,0.943127962085308,0.0839936608557845,0.089644513137558,0.0717628705148206,0.914012738853503,0.384375,0.914826498422713,0,0.932098765432099,0.735524256651017,0,0.0824261275272162,0.29264475743349,0,0.762422360248447,0.314152410575428,0.153225806451613,0.913446676970634,0.217391304347826,0.923664122137405,0.918110236220472,0,0.6140625,0.913657770800628,0.527733755942948,0.913875598086124,0,0.912903225806452,0.0932721712538226,0,0.279503105590062,0.625396825396825,0.582258064516129,0,0,0.921383647798742,0.751181102362205,0.233118971061093,0.91496062992126,0.0799373040752351,0.917829457364341,0.448657187993681,0.94,0.19935691318328,0.916535433070866,0.916264090177134,0.812111801242236,0.923076923076923,0.0732484076433121,0.916149068322981,0.073015873015873,0,0.737421383647799,0.868501529051988,0.909657320872274,0.0934579439252336,0,0.922610015174507,0.501582278481013,0.925445705024311,0.919753086419753,0.924265842349305,0.346153846153846,0.921383647798742,0.0781499202551834,0.903875968992248,0.0849772382397572,0.896713615023474,0.412130637636081,0,0.915094339622642,0,0.809748427672956,0.915625,0.1904,0.920436817472699,0.891472868217054,0.912254160363086,0.912037037037037,0.178963893249608,0.427692307692308,0.902912621359223,0.902086677367576,0.110584518167457,0.0817901234567901,0.932283464566929,0.87244094488189,0,0,0.381642512077295,0.00156985871271586,0.919504643962848,0.307926829268293,0.889415481832543,0.734567901234568,0.929121725731895,0.494363929146538,0.468118195956454,0.360128617363344,0.876369327073552,0.894899536321484,0.871875,0,0.85202492211838,0.244336569579288,0.90302066772655,0.0776545166402536,0.154434250764526,0.602782071097372,0.924764890282132,0.925117004680187,0.829383886255924,0.921996879875195,0.843601895734597,0,0.134375,0.68125,0.914012738853503,0,0.914463452566096,0.940366972477064,0.607476635514019,0.561514195583596,0.912908242612753,0.92443729903537,0.428794992175274,0,0.893292682926829,0.563579277864992,0.959216965742251,0.084375,0.904320987654321,0.919871794871795,0.922239502332815,0.895734597156398,0.566978193146417,0.0822784810126582,0.952830188679245,0.55607476635514,0.083969465648855,0.0828220858895705,0.25511811023622,0.0812101910828025,0.231496062992126,0.768388106416275,0.0741885625965997,0.0782472613458529,0.0933125972006221,0.654798761609907,0.109350237717908,0.930379746835443,0.00641025641025641,0.0731319554848967,0,0.28503937007874,0.922222222222222,0.906103286384977,0.874804381846635,0,0.865293185419968,0.825153374233129,0.713831478537361,0.632398753894081,0.498427672955975,0.482649842271293,0.00769230769230769,0.914149443561208,0.167441860465116,0.710191082802548,0.956043956043956,0.0858895705521472,0.762422360248447,0.0802469135802469,0.1875,0.927914110429448,0.91747572815534,0.901743264659271,0,0.703076923076923,0.899841017488076,0,0.0781010719754977,0.904984423676013,0.938582677165354,0,0.0791925465838509,0.0752351097178683,0.921725239616613,0.86053882725832,0.080952380952381,0,0.440809968847352,0.927330173775671,0.829007633587786,0.436817472698908,0.697305863708399,0.909937888198758,0.0877742946708464,0.921538461538462,0.919003115264797,0.082018927444795,0.924050632911392,0.928571428571429,0.901273885350318,0.930926216640502,0.252764612954186,0.36055469953775,0.34789391575663,0.942367601246106,0.885113268608414,0.0452418096723869,0.317891373801917,0.936708860759494,0.215288611544462,0.341426403641882,0.931962025316456,0.928012519561815,0.915094339622642,0.703703703703704,0.916158536585366,0.294952681388013,0.958074534161491,0.917065390749601,0,0.385911179173047,0.596491228070175,0.0968253968253968,0.0509259259259259,0.0902140672782875,0.855813953488372,0.0996884735202492,0.0793157076205288,0,0.288401253918495,0.921850079744817,0.141509433962264,0.92776886035313,0.956318252730109,0.938388625592417,0.354838709677419,0.346839546191248,0.685358255451713,0.483766233766234,0,0.789308176100629,0.0871559633027523,0.113178294573643,0.269470404984424,0.925750394944708,0.0860719874804382,0,0.377151799687011,0.0907668231611894,0.100638977635783,0.496050552922591,0.919303797468354,0.329635499207607,0.919093851132686,0.893915756630265,0,0.922962962962963,0.0750382848392037,0.926153846153846,0.800940438871473,0.922705314009662,0.0884676145339652,0.914110429447853,0.07981220657277,0.838557993730408,0.729166666666667,0.888024883359253,0.938271604938272,0.924764890282132,0.341121495327103,0.899053627760252,0.915644171779141,0.0769230769230769,0.0948678071539658,0.918789808917197,0.921752738654147,0.370542635658915,0.837753510140406,0.907915993537964,0.898021308980213,0.919629057187017,0,0.193861066235864,0.917316692667707,0.0788643533123028,0,0.957210776545166,0.00794912559618442,0.123630672926448,0.921417565485362,0.963893249607535,0.00479233226837061,0.679936305732484,0.465189873417722,0.936406995230525,0.0812101910828025,0.824644549763033,0.916932907348243,0.405956112852665,0.657975460122699,0.802507836990596,0,0.222397476340694,0.939102564102564,0.919047619047619,0.483412322274882,0.93125,0.903436988543372,0.105345911949686,0.0015625,0.922600619195046,0.923556942277691,0.918789808917197,0.699846860643185,0.0838607594936709,0.872813990461049,0.298107255520505,0.258592471358429,0.00464396284829721,0.624605678233438,0.611023622047244,0.639937106918239,0,0.338709677419355,0.894819466248038,0.648902821316614,0.561240310077519,0.160902255639098,0,0,0.920300751879699,0.896284829721362,0,1,0.00478468899521531,0,0,0.925632911392405,0,0.92891760904685,0.814132104454685,0.600605143721634,0.920245398773006,0,0,0.923317683881064,0.907012195121951,0.711388455538221,0.075968992248062,0.00160771704180064,0.891437308868501,0.66046511627907,0.930124223602484,0.573415765069552,0.414976599063963,0,0.912087912087912,0.080952380952381,0.930599369085173,0.145367412140575,0,0.0876923076923077,0.191455696202532,0.507293354943274,0.898753894080997,0,0.938650306748466,0.919876733436055,0.921779141104294,0,0.141269841269841,0.862126245847176,0.0876623376623377,0.91496062992126,0.922839506172839,0.0856697819314642,0.915873015873016,0.370716510903427,0.819620253164557,0.0921875,0.23968253968254,0.913112164296998,0.00636942675159236,0.0846394984326019,0.934451219512195,0.0811688311688312,0.65086887835703,0.419405320813772,0,0.176656151419558,0.736593059936908,0.318885448916409,0.920436817472699,0.0768025078369906,0.217928902627512,0.490998363338789,0.896764252696456,0.86,0.894080996884735,0.740095087163233,0,0.915123456790123,0.0764525993883792,0.889763779527559,0.454253611556982,0.0736196319018405,0.926447574334898,0.926677067082683,0.921752738654147,0.632911392405063,0.934782608695652,0.200636942675159,0.252747252747253,0.909230769230769,0.890649762282092,0,0,0.922098569157393,0.898251192368839,0.0914927768860353,0.930379746835443,0.930232558139535,0.43968253968254,0.95389507154213,0.748019017432647,0.895705521472393,0,0.918110236220472,0.39622641509434,0.930489731437599,0.926677067082683,0,0.661927330173776,0.955342902711324,0.0816326530612245,0.688783570300158,0.418495297805643,0.766768292682927,0.723370429252782,0.889221556886228,0.154434250764526,0.92822966507177,0.920062695924765,0.93522906793049,0.363784665579119,0.165876777251185,0.917956656346749,0.922480620155039,0.00765696784073507,0.769585253456221,0.487577639751553,0.318252730109204,0.786604361370717,0.918238993710692,0.841772151898734,0.920807453416149,0.146831530139104,0.0747967479674797,0,0.824921135646688,0.0837282780410742,0.0812101910828025,0.324451410658307,0,0.928012519561815,0.88,0.927244582043344,0.921052631578947,0.166666666666667,0.0753532182103611,0,0,0.235576923076923,0.138977635782748,0.216300940438871,0,0.0757097791798107,0.921630094043887,0.0399385560675883,0.358161648177496,0.92258064516129,0.651162790697674,0.903785488958991,0.694444444444444,0.678353658536585,0,0.911808669656203,0.461538461538462,0.565495207667732,0.922256097560976,0.921538461538462,0.439628482972136,0.0078003120124805,0.921011058451817,0.927018633540373,0,0.897553516819572,0.0929133858267717,0.915841584158416,0.475609756097561,0,0.00772797527047913,0.585089141004862,0.847003154574132,0.075968992248062,0.210776545166403,0.00788643533123028,0.00162074554294976,0.737082066869301,0.0932069510268562,0.926108374384236,0.363067292644757,0.928462709284627,0.0773993808049536,0.439252336448598,0.366449511400651,0.869774919614148,0.162640901771337,0.0833333333333333,0.00154320987654321,0.120253164556962,0,0.930091185410334,0.0852090032154341,0.933734939759036,0.0833333333333333,0.91653290529695,0,0.553516819571865,0.489763779527559,0.920436817472699,0,0.920245398773006,0,0.44299674267101,0.91499227202473,0,0.706336939721793,0.933962264150943,0.735340729001585,0.94620253164557,0.105990783410138,0,0.9140625,0.305379746835443,0,0.701238390092879,0.0793413173652695,0.0913312693498452,0.925396825396825,0.9232,0.913713405238829,0.89622641509434,0.916006339144215,0,0.914596273291925,0.015552099533437,0.41304347826087,0.333855799373041,0.922118380062305,0.903125,0.918586789554531,0.91358024691358,0.0584615384615385,0.101105845181675,0.925986842105263,0.900630914826498,0.712074303405573,0.903125,0.93343653250774,0.951713395638629,0,0,0.906870229007634,0,0.140432098765432,0,0.933962264150943,0.317230273752013,0.268921095008052,0.192901234567901,0.870716510903427,0,0.181959564541213,0.922239502332815,0.924148606811146,0.67398119122257,0.490225563909774,0.281899109792285,0.240909090909091,0.644338118022329,0.0756172839506173,0.190625,0.616822429906542,0.295133437990581,0.695046439628483,0.0846394984326019,0,0.0670926517571885,0.381028938906752,0.922829581993569,0.671802773497689,0.289592760180996,0.644200626959248,0.878648233486943,0.908116385911179,0.918789808917197,0.921259842519685,0.926517571884984,0.924290220820189,0.584905660377358,0.469578783151326,0.913522012578616,0.0796324655436447,0.0864197530864197,0.870662460567823,0.00762195121951219,0.924265842349305,0.8953125,0,0.1824,0,0.907378335949764,0,0.925,0.915625,0.0804416403785489,0.82670906200318,0.914860681114551,0.719551282051282,0.709428129829985,0.897798742138365,0,0,0.895081967213115,0.959821428571429,0.926267281105991,0,0,0.0917874396135266,0.291603053435115,0.52112676056338,0,0.504702194357367,0,0.891679748822606,0.912140575079872,0.220095693779904,0.293023255813953,0,0.400635930047695,0.605388272583201,0.821981424148607,0.996913580246914,0.821705426356589,0.0825545171339564,0.932038834951456,0.0175438596491228,0.917207792207792,0,0.934650455927052,0.00459418070444104,0.921221864951768,0.0959119496855346,0.0625,0,0,0.818040435458787,0.8624,0.921052631578947,0.724299065420561,0.104387291981846,0.0916271721958926,0.808917197452229,0.796407185628742,0,0.0941915227629513,0.897035881435257,0,0.915873015873016,0.95565749235474,0.13125,0.0357142857142857,0.0775193798449612,0.917829457364341,0.502392344497608,0.138147566718995,0.170926517571885,0.189230769230769,0.688498402555911,0.163109756097561,0.916139240506329,0,0.755520504731861,0.909230769230769,0.0016,0,0.0876132930513595,0,0.089622641509434,0.912636505460218,0.706645056726094,0.0786516853932584,0.076555023923445,0.605815831987076,0.93312101910828,0.467692307692308,0.0479134466769706,0.0792393026941363,0.0591054313099042,0.0171875,0,0.0922098569157393,0.0885496183206107,0.0726698262243286,0.0978260869565217,0.0745341614906832,0.0448,0.0514820592823713,0.0907668231611894,0.0172143974960876,0.00318979266347687,0.0250783699059561,0.0219435736677116,0.053030303030303,0.088646967340591,0.0170278637770898,0.0790322580645161,0.0875796178343949,0.0384,0.0754716981132075,0.0242792109256449,0.0824261275272162,0.0987460815047022,0.0843373493975904,0.0841269841269841
"446",0.0128205128205128,0.0110935023771791,0.0109546165884194,0.00493421052631579,0.0113452188006483,0.00972447325769854,0.0223285486443381,0.008,0.0126582278481013,0.988636363636364,0.0110584518167457,0.993589743589744,0.00317460317460317,0.0112179487179487,0,0,0.987654320987654,0.982315112540193,0.0113085621970921,0.00963081861958266,0,0,0.00782472613458529,0.989010989010989,0.00947867298578199,0.00160771704180064,0,0.0146103896103896,0,0.00156739811912226,0,0.00321027287319422,0.00320512820512821,0,0.990491283676704,0.0129449838187702,0.973228346456693,0.0127186009538951,0,0.0124416796267496,0.992050874403816,0.9828125,0.998420221169036,0.00646203554119548,0.0048780487804878,0,0.00322061191626409,0,0.0031496062992126,0,0.987381703470032,0.00794912559618442,0,0.00961538461538462,0.0226537216828479,0,0.988486842105263,0.0112359550561798,0.0141732283464567,0.00318979266347687,0.00313971742543171,0,0,0.9888,0.00977198697068404,0.009375,0.988853503184713,0.0111821086261981,0.990338164251208,0,0.00625,0,0,0.00792393026941363,0.990506329113924,0,0,0.00476190476190476,0.00490998363338789,0,0.99021207177814,0.00157977883096367,0.00155038759689922,0.00946372239747634,0,0.00947867298578199,0.0108864696734059,0.00789889415481832,0.00940438871473354,1,0.0095389507154213,0.0110935023771791,0.993548387096774,0.990338164251208,0.00803858520900321,0.9890625,0.0141509433962264,0.00950871632329636,0.990610328638498,0.993660855784469,0.0142857142857143,0.988941548183254,0,0.00810372771474878,0,0.00975609756097561,1,0.0142857142857143,0,0,0,0.0212071778140294,0.0016025641025641,0.012779552715655,0.990322580645161,0.010989010989011,0.00156985871271586,0.989028213166144,0,0.00158478605388273,0.990654205607477,0.0032,0,0,0.00943396226415094,0.00155763239875389,0.0077639751552795,0.008,0.988976377952756,0.0110935023771791,0.00955414012738853,0.00489396411092985,0.00970873786407767,0.992101105845182,0.0112,0,0.989010989010989,0,0.0016,0.0115511551155116,0.988486842105263,0.993527508090615,0.00947867298578199,0.00647249190938511,0.0016260162601626,0.00802568218298555,0,0.00475435816164818,0.00166389351081531,0.00928792569659443,0,0.0111642743221691,0.0110062893081761,0.00479233226837061,0.00636942675159236,0,0.0125,0,0.988906497622821,0.00815660685154975,0.0109375,0.00643086816720257,0,0.990595611285266,0.00786163522012579,0.00159235668789809,0.01,0.0095389507154213,0.00801282051282051,0.003125,0.0110759493670886,0,0.0108695652173913,0,0.00966183574879227,0.00157232704402516,0.990291262135922,0.0125,0.992050874403816,0.0031201248049922,0.0125786163522013,0.0016025641025641,0.00809061488673139,0.00956937799043062,0.00615384615384615,0.00943396226415094,0,0.0015552099533437,0.00324675324675325,0.00657894736842105,0,0,0.00964630225080386,0.0297339593114241,0.9890625,0.988941548183254,0,0.989010989010989,0.00938967136150235,0,0.0212765957446809,0.0015625,0.0110759493670886,0,0.00317965023847377,0.00161812297734628,0.00952380952380952,0.0112179487179487,0.0062015503875969,0.988636363636364,0.0112,0,0.00643086816720257,0,0,0.0048,0.0110062893081761,0.0108695652173913,0.00478468899521531,0.0111642743221691,0.00642054574638844,0.9888,0,0.0031055900621118,0.00963081861958266,0.987261146496815,0.010989010989011,0.00934579439252336,0.00956937799043062,0.00314465408805031,0.0129659643435981,0.0114192495921697,0.0144230769230769,0.988617886178862,0.0221169036334913,0,0.00661157024793388,0,0.00625,0.0113268608414239,0.00949367088607595,0.00798722044728434,0.00313479623824451,0,0.00638977635782748,0.00313479623824451,0,0,0.00161290322580645,0,0,0,0,0,0,0,0,0.00479233226837061,1,0,0.990506329113924,0.00320512820512821,0.00815660685154975,0.00802568218298555,0.00473186119873817,0.992050874403816,0.00487012987012987,0.0125588697017268,0.00316957210776545,0,0.00318979266347687,0.00486223662884927,1,0.0113636363636364,0,0.00165016501650165,0.00645161290322581,0,0.00323101777059774,0,0,0.0078003120124805,0.0115511551155116,0.0213815789473684,0.987321711568938,0.00159489633173844,0.0271565495207668,0.988924050632911,0,0.0235849056603774,0.0129659643435981,0.989010989010989,0,0,0.00809061488673139,0.0065252854812398,0,0.990243902439024,0.0143312101910828,0.0112721417069243,0.0046583850931677,0.00315457413249211,0.00326797385620915,0.00955414012738853,0,0.0093167701863354,0.00952380952380952,0,0.00792393026941363,0.00634920634920635,0.00980392156862745,0.0095389507154213,0,0.00316957210776545,0,0.00991735537190083,0.00821018062397373,0.95,0.00157977883096367,0.00963081861958266,0.00157728706624606,0.00309597523219814,0.0111642743221691,0.0126984126984127,0.00950871632329636,0.00163934426229508,0.0109034267912773,0.00160513643659711,0.009375,0.00810372771474878,0.990491283676704,0.00155763239875389,0.0112,0,0.95253164556962,0,0.00320512820512821,0,0,0.989263803680982,0.00157977883096367,0.0128,0,0.00978792822185971,0.00791139240506329,0.00793650793650794,0,0,0.00320512820512821,0.00166666666666667,0.989045383411581,0.00636942675159236,0,0,0,0.00972447325769854,0,0.9890625,0.00316455696202532,0,0,0.00315955766192733,0.0111111111111111,0,0.0115702479338843,0.0112179487179487,0.989147286821705,0.00602409638554217,0,0.0124031007751938,0.00475435816164818,0.00986842105263158,0,0.0078740157480315,0,0.012924071082391,0.00326797385620915,0.00943396226415094,0.0110410094637224,0.0127186009538951,0,0.0110935023771791,0.0125786163522013,0,0,0.00967741935483871,0.00637958532695375,0,0.0125,0.0113636363636364,0.0063391442155309,0.0124031007751938,0.990384615384615,0,0.0125391849529781,0,0.991869918699187,0.00802568218298555,0.998360655737705,0,0.0109375,0.00952380952380952,0.998384491114701,0.012779552715655,0.00161290322580645,0.013136288998358,0,0.00485436893203883,0.00963081861958266,0,0.00157232704402516,0.00324675324675325,0.990275526742301,0,0.00807754442649435,0.00794912559618442,0.00158982511923688,0.0110759493670886,0.0135135135135135,0,0.990580847723705,0.0109204368174727,0.0096,0.00317460317460317,0.00465116279069767,0,0.00969305331179321,0.00159489633173844,0.00836120401337793,0.996810207336523,0.00322061191626409,0.00315457413249211,0.00316455696202532,0.992012779552716,0.00163398692810458,0.00956937799043062,0.00314465408805031,0,0,0.992076069730586,0.990697674418605,0.00930232558139535,0.00772797527047913,0.988976377952756,0.00478468899521531,1,0.992307692307692,0.986863711001642,0.0127388535031847,0.987421383647799,0.00651465798045603,0.00318979266347687,0.00927357032457496,0.0124031007751938,0.988617886178862,0.986991869918699,0.0110935023771791,0.00622083981337481,0.0047244094488189,0,0.993548387096774,0.0238473767885533,0.00158227848101266,0.0125588697017268,0.00156494522691706,0.00158227848101266,0.993640699523052,0.00630914826498423,0,0.00970873786407767,0,0.988941548183254,0,0,0.00337837837837838,0.00635930047694754,0.989079563182527,0.0077639751552795,0.00963081861958266,0.0110236220472441,0.990430622009569,0,0.0100840336134454,0,0.0126182965299685,0.00928792569659443,0,0.0126984126984127,0,0.00801282051282051,0,0,0.00635930047694754,1,0,0.0109546165884194,0,0.00164203612479475,0.0161550888529887,0.989028213166144,0,0.00486223662884927,0,0.0125786163522013,0,0,0.00332778702163062,0.00459418070444104,0.00462962962962963,0.00803858520900321,0.00488599348534202,0.98876404494382,0.00934579439252336,0,0.00793650793650794,0.0048780487804878,0,0.0110759493670886,0.0110410094637224,0.00963081861958266,0.00319488817891374,0.0078740157480315,0,0,0.0108864696734059,0.0217729393468118,0.992319508448541,0.988636363636364,0.00636942675159236,0.00655737704918033,0,0.00955414012738853,0.0110062893081761,0,0.00495049504950495,0.00484652665589661,0.0234375,0.989079563182527,0.0113085621970921,0.00967741935483871,0.008,0.00796178343949045,0.989147286821705,0.00638977635782748,0.00642054574638844,0,0.00489396411092985,0,0.00625,0.00319488817891374,0.0094488188976378,0,0.0130081300813008,0.0111287758346582,0.00793650793650794,0.0130505709624796,0.0210016155088853,0.0112,0.0094488188976378,0.9953125,0.00313479623824451,0.003125,0,0.00470219435736677,0.0110236220472441,0.00626959247648903,0.00796178343949045,0.748822605965463,0,0.989164086687306,0.00322061191626409,0,0,0,0.993710691823899,0.00783699059561128,0.00623052959501558,0.00791139240506329,0.0109204368174727,0,0,0.987480438184664,0.987538940809969,0,0,0,0.98740157480315,0,0.010989010989011,0.562893081761006,0,0.00794912559618442,0.0124610591900312,0.00967741935483871,0.00316957210776545,0.00463678516228748,0.990430622009569,0.0120663650075415,0,0,0.015552099533437,0.0109375,0.00157728706624606,0.992,0.00941915227629513,0.0078740157480315,0.988958990536278,0.00930232558139535,0,0.0067001675041876,0.00313971742543171,0.99198717948718,0.998425196850394,0,0.00321027287319422,0,0,1,0.986863711001642,0.00467289719626168,0,0.00996677740863787,0.00157728706624606,0.0110062893081761,0,0.00316957210776545,0.00162337662337662,0.0115894039735099,0,0,0.996840442338073,0,0.988782051282051,0.0108527131782946,0.150413223140496,0.00924499229583975,0,0.0130081300813008,0.990566037735849,0.00308641975308642,0.00161550888529887,0.00958466453674121,0.990243902439024,0.0125391849529781,0.990306946688207,0,0.0124416796267496,0.990654205607477,0.0235478806907378,0.00818330605564648,0.00473186119873817,0.00481540930979133,0,0.987361769352291,0.00952380952380952,0,0.989130434782609,0.00313971742543171,0,0,0.00323101777059774,0.00980392156862745,0.0108864696734059,0.00967741935483871,0.00805152979066022,0.987301587301587,0.0110062893081761,0.990625,0.0171606864274571,0,0.0094488188976378,0.00949367088607595,0.00791139240506329,0.0126182965299685,0.913385826771654,0,0.00975609756097561,0.00316957210776545,0.00625,0.0124804992199688,0.0078003120124805,0.00950871632329636,0.989197530864197,0.990668740279938,0.0121765601217656,0.987519500780031,0,0.99198717948718,0.00636942675159236,0,0.00162337662337662,0,0.00796178343949045,0.987361769352291,0,0.0126782884310618,0.0112359550561798,0.00316455696202532,0,0.0015220700152207,0,0.00323101777059774,0,0.00158227848101266,0,0.0016025641025641,0.00625978090766823,0,0.988782051282051,0,0.0129659643435981,0.00821018062397373,0.0347551342812006,0,0.00315955766192733,0.0078125,0.0123076923076923,0.0116086235489221,0.0111111111111111,0.00985221674876847,0.00815660685154975,0,0.00157728706624606,0.012924071082391,0,0,0.00635930047694754,1,0.0109034267912773,0.00943396226415094,0.991909385113269,0,0.987117552334944,0.00483091787439614,0.99016393442623,0.00940438871473354,0.0110062893081761,0,0.00803858520900321,0.0109034267912773,0.0016025641025641,0,0.0275080906148867,0.990384615384615,0.990551181102362,0.00667779632721202,0.00303490136570561,0.00797448165869218,0.990610328638498,0.990521327014218,0,0.00154320987654321,0.00473186119873817,0.987341772151899,0,0.992101105845182,0.00981996726677578,0.00807754442649435,0.0304,0.00154798761609907,0.987711213517665,0.00162337662337662,0.00319488817891374,0.0110236220472441,0.00470219435736677,0.00159235668789809,0,0.0130932896890344,0.882258064516129,0.0129032258064516,0.990338164251208,0.00930232558139535,0.996815286624204,0.00977198697068404,0,0.363047001620746,0.992138364779874,0.990338164251208,0.00619195046439629,0.00647249190938511,0.0216383307573416,0.00625978090766823,0,0,0.00637958532695375,0.009375,0.99185667752443,0,0.0112359550561798,0.992199687987519,0.0130293159609121,0.0078125,0,0.968051118210863,0,0.0108864696734059,0.0032258064516129,0,0,0,0.00330578512396694,0,0.00958466453674121,0.990430622009569,0.00958466453674121,0.00930232558139535,0.996835443037975,0.987158908507223,0,0.991909385113269,0,0.00941915227629513,0.00487012987012987,0,0,0.00821018062397373,0.0127591706539075,0,0.9546875,0,0.903536977491961,0.971473851030111,0.988871224165342,0.154093097913323,0,0,0.0062992125984252,0,0.957585644371941,0.948356807511737,0,0.975961538461538,0.987075928917609,0.947452229299363,0.974882260596546,0.94912559618442,0,0.963836477987421,0,0,0.961722488038278,0,0.922958397534669,0,0.0524642289348172,0,0
"447",0,0,0,0,0,0,0.0108864696734059,0.00154320987654321,0,1,0,1,0,0,0,0,1,0.982785602503912,0,0,0,0,0,1,0,0,0,0.00157728706624606,0,0,0,0,0.00153846153846154,0,1,0,0.977134146341463,0,0,0,0.998452012383901,0.983308042488619,0.993975903614458,0,0,0,0,0,0,0,1,0,0,0,0.0109204368174727,0,1,0,0.0030441400304414,0,0,0,0,1,0,0,1,0,1,0,0,0,0,0,1,0.00150375939849624,0,0,0.00155763239875389,0,1,0,0,0,0,0,0,0,0.00452488687782805,0.992481203007519,0,0,1,1,0,1,0.013595166163142,0,0.993920972644377,0.992295839753467,0.00777604976671851,1,0,0,0,0,0.99375,0.00308641975308642,0,0,0,0.0140845070422535,0,0,1,0,0,1,0,0,1,0.00153609831029186,0,0,0,0,0,0,1,0.00308641975308642,0,0,0,1,0,0,1,0,0,0.00315457413249211,1,1,0,0,0,0,0,0,0,0,0,0,0,0,0,0,0,0,1,0,0.00600600600600601,0,0,1,0,0,0,0,0,0,0,0,0,0,0.0031201248049922,0,1,0,1,0,0,0,0,0,0,0,0,0,0,0,0,0,0,0.0183767228177642,1,1,0,0.998475609756098,0,0,0.00938967136150235,0,0,0,0,0,0,0,0.00151057401812689,1,0,0,0,0,0,0.00304878048780488,0,0,0.0015552099533437,0,0,1,0,0,0,1,0,0,0.00302571860816944,0,0,0,0.0123456790123457,1,0.0120663650075415,0,0,0,0,0,0,0,0,0,0,0,0,0,0,0,0,0,0,0,0,0,0,0,0.988993710691824,0,1,0.00156985871271586,0,0,0,1,0.00157728706624606,0.00152671755725191,0,0,0,0,0.990853658536585,0,0,0,0,0,0,0,0,0,0,0.0126984126984127,1,0,0.014018691588785,1,0,0.0135746606334842,0.00155763239875389,1,0,0,0,0,0,1,0.0121765601217656,0,0,0,0,0,0,0,0,0,0,0,0,0,0,0,0,0.00314465408805031,0,0.955384615384615,0,0,0,0,0,0,0,0,0,0,0,0,1,0,0.00630914826498423,0,0.954198473282443,0,0,0,0,1,0,0,0,0,0,0,0,0,0,0,1,0,0,0,0,0,0,1,0,0,0,0.00311526479750779,0,0,0,0,1,0,0,0,0,0,0,0,0,0,0,0,0,0.00154320987654321,0,0,0,0,0,0,0,0,0,0,0,0,1,0,0,0,1,0,0.992050874403816,0,0,0,0.996850393700787,0.0062111801242236,0,0,0,0,0,0,0,0,1,0,0.00154320987654321,0,0,0,0,0,0.998473282442748,0,0,0,0,0,0.00618238021638331,0,0.00964630225080386,0.993893129770992,0,0,0,1,0,0.00153139356814701,0,0,0,1,1,0,0,1,0,0.992307692307692,1,1,0,1,0,0.00153846153846154,0.0029585798816568,0,1,1,0,0,0,0,0.998427672955975,0.0194902548725637,0,0,0,0,1,0,0,0.00156739811912226,0,1,0,0,0,0.00151975683890578,1,0,0,0,1,0,0,0,0,0,0,0,0,0,0,0,0,0.992354740061162,0,0,0,0,0.00938967136150235,1,0,0.00318471337579618,0,0,0,0,0,0,0,0,0,1,0,0,0,0.00157232704402516,0,0,0,0,0,0,0,0,0,0.0122324159021407,1,1,0,0,0,0,0,0,0,0,0.0167427701674277,1,0,0.0123647604327666,0,0,1,0,0,0,0.0015625,0,0,0,0,0,0.0031496062992126,0,0,0.0141732283464567,0.0215384615384615,0,0,0.995419847328244,0,0,0,0,0,0,0,0.774242424242424,0,1,0.00153374233128834,0,0,0,1,0,0,0,0,0,0,1,1,0,0,0,1,0,0,0.561933534743202,0,0,0.00609756097560976,0,0,0,1,0,0,0,0.00452488687782805,0,0,0.990726429675425,0,0,1,0.00149700598802395,0,0,0,1,0.995440729483283,0,0,0,0,0.992223950233281,0.998389694041868,0,0,0,0,0,0,0,0,0.00626959247648903,0,0,0.996918335901387,0,1,0,0.155309033280507,0.00149700598802395,0,0,1,0,0,0,1,0,1,0,0,1,0.0167682926829268,0,0,0.00156494522691706,0,1,0,0,1,0,0,0,0,0,0,0.00464396284829721,0.0015527950310559,1,0,0.981762917933131,0.0150602409638554,0,0,0,0,0,0.916537867078825,0,0,0,0,0,0,0,1,1,0,1,0,0.998435054773083,0,0,0,0,0,1,0,0,0,0,0,0,0,0,0,0,0,0,0,0,1,0,0.0140625,0,0.0239880059970015,0,0,0.00610687022900763,0,0.0016025641025641,0,0,0,0,0,0,0,0,0.00306278713629403,0.992458521870287,0,0,1,0,1,0,1,0,0,0,0,0,0.00157977883096367,0,0.0173775671406003,1,1,0,0,0,1,1,0,0,0,1,0,1,0,0,0.0312989045383412,0,1,0,0,0,0,0,0,0,0.901538461538462,0,1,0,0.995384615384615,0,0,0.35828025477707,1,1,0.00154083204930663,0,0.00759878419452888,0,0,0,0,0,1,0,0,1,0,0,0,0.960426179604262,0,0,0,0,0,0,0,0,0,1,0,0,0.996913580246914,1,0,1,0,0,0,0,0,0.00313971742543171,0.0031104199066874,0,0.953937592867756,0,0.897637795275591,0.972560975609756,1,0.145736434108527,0,0,0.00308166409861325,0,0.95800933125972,0.949924127465857,0,0.973724884080371,0.992150706436421,0.944186046511628,0.968085106382979,0.946401225114854,0,0.963246554364472,0,0,0.956856702619414,0,0.920236336779911,0,0.047112462006079,0,0
"448",0,0,0,0,0,0,0.014446227929374,0.00161550888529887,0,1,0,1,0,0,0,0,1,0.982055464926591,0,0,0,0,0,1,0,0,0,0.00165289256198347,0,0,0,0,0.00164203612479475,0,1,0,0.972929936305732,0,0,0,0.998360655737705,0.982649842271293,0.992012779552716,0,0,0,0,0,0,0,1,0,0,0,0.0145631067961165,0,1,0,0.00316957210776545,0,0,0,0,1,0,0,1,0,1,0,0,0,0,0,1,0.00157728706624606,0,0,0.00162866449511401,0,1,0,0,0,0,0,0,0,0.00486223662884927,0.985849056603774,0,0,1,1,0,1,0.0177705977382876,0,0.990491283676704,0.988636363636364,0.00970873786407767,1,0,0,0,0,0.987034035656402,0.00327868852459016,0,0,0,0.0147058823529412,0,0,1,0,0,1,0,0,1,0.00161030595813205,0,0,0,0,0,0,1,0.00641025641025641,0,0,0,1,0,0,1,0,0,0.0066334991708126,1,1,0,0,0,0,0,0,0,0,0,0,0,0,0,0,0,0,1,0,0.0062402496099844,0,0,1,0,0,0,0,0,0,0,0,0,0,0.00323624595469256,0,1,0,1,0,0,0,0,0,0,0,0,0,0,0,0,0,0,0.0175438596491228,1,1,0,0.998420221169036,0,0,0.00981996726677578,0,0,0,0,0,0,0,0.00158730158730159,1,0,0,0,0,0,0.00482315112540193,0,0,0.00162074554294976,0,0,1,0,0,0,1,0,0,0.00476190476190476,0,0,0,0.0176282051282051,1,0.0126182965299685,0,0,0,0,0,0,0,0,0,0,0,0,0,0,0,0,0,0,0,0,0,0,0,0.98531810766721,0,1,0.00328947368421053,0,0,0,1,0.00166666666666667,0.00313971742543171,0,0,0,0,0.985736925515055,0,0,0,0,0,0,0,0,0,0,0.0132450331125828,1,0,0.0145395799676898,1,0,0.0138888888888889,0.00163934426229508,1,0,0,0,0,0,1,0.0161812297734628,0,0,0,0,0,0,0,0,0,0,0,0,0,0,0,0,0.00332225913621262,0,0.945945945945946,0,0,0,0,0,0,0,0,0,0,0,0,1,0,0.00825082508250825,0,0.94408945686901,0,0,0,0,1,0,0,0,0,0,0,0,0,0,0,1,0,0,0,0,0,0,1,0,0,0,0.0032520325203252,0,0,0,0,1,0,0,0,0,0,0,0,0,0,0,0,0,0.0032520325203252,0,0,0,0,0,0,0,0,0,0,0,0,1,0,0,0,1,0,0.986666666666667,0,0,0,0.995137763371151,0.00811688311688312,0,0,0,0,0,0,0,0,1,0,0.00161812297734628,0,0,0,0,0,0.998415213946117,0,0,0,0,0,0.00655737704918033,0,0.0134907251264755,0.99194847020934,0,0,0,1,0,0.0016025641025641,0,0,0,1,1,0,0,1,0,0.986863711001642,1,1,0,1,0,0.00158730158730159,0.00627943485086342,0,1,1,0,0,0,0,0.996699669966997,0.0205047318611987,0,0,0,0,1,0,0,0.00160513643659711,0,1,0,0,0,0.00158982511923688,1,0,0,0,1,0,0,0,0,0,0,0,0,0,0,0.00164203612479475,0,0.98705501618123,0,0,0,0,0.0129449838187702,1,0,0.0032520325203252,0,0,0,0,0,0,0,0,0,1,0,0,0,0.0033112582781457,0,0,0,0,0,0,0,0,0,0.0128410914927769,1,1,0,0,0,0,0,0,0,0,0.0157977883096366,1,0,0.0160771704180064,0,0,1,0,0,0,0.0016260162601626,0,0,0,0,0,0.00328407224958949,0,0,0.0181818181818182,0.0240770465489567,0,0,0.990461049284579,0,0,0,0,0,0,0,0.781299524564184,0,1,0.00162074554294976,0,0,0,1,0,0,0,0,0,0,1,1,0,0,0,1,0,0,0.5546875,0,0,0.00796178343949045,0,0,0,1,0,0,0,0.00625,0,0,0.987421383647799,0,0,1,0.0015527950310559,0,0,0,1,0.988817891373802,0,0,0,0,0.985483870967742,0.998338870431894,0,0,0,0,0,0,0,0,0.00666666666666667,0,0,0.996794871794872,0,1,0,0.158154859967051,0.0015552099533437,0,0,1,0,0,0,1,0,1,0,0,1,0.0172413793103448,0,0,0.00162866449511401,0,1,0,0,1,0,0,0,0,0,0,0.00478468899521531,0.00161030595813205,1,0,0.973143759873618,0.0172143974960876,0,0,0,0,0,0.904153354632588,0,0,0,0,0,0,0,1,1,0,1,0,0.998373983739837,0,0,0,0,0,0.998394863563403,0,0,0,0,0,0,0,0,0,0,0,0,0,0,1,0,0.0162074554294976,0,0.0273752012882448,0,0,0.00638977635782748,0,0.00165289256198347,0,0,0,0,0,0,0,0,0.00323101777059774,0.985781990521327,0,0,1,0,1,0,1,0,0,0,0,0,0.00163132137030995,0,0.0178861788617886,1,1,0,0,0,1,1,0,0,0,1,0,1,0,0,0.0339256865912763,0,1,0,0,0,0,0,0,0,0.900489396411093,0,1,0,0.990291262135922,0,0,0.369529983792545,1,1,0.00158730158730159,0,0.0110584518167457,0,0,0,0,0,1,0,0,1,0,0,0,0.95253164556962,0,0,0,0,0,0,0,0,0,1,0,0,0.995073891625616,1,0,1,0,0,0,0,0,0.00495049504950495,0.0048,0,0.9504,0,0.899173553719008,0.971153846153846,1,0.162520729684909,0,0,0.00158730158730159,0,0.949263502454992,0.940988835725678,0,0.972668810289389,0.990228013029316,0.942307692307692,0.968152866242038,0.939586645468998,0,0.963375796178344,0,0,0.95702479338843,0,0.925349922239502,0,0.0573248407643312,0,0
"449",0.995169082125604,0.998442367601246,0.967441860465116,0.942307692307692,0.983922829581994,0.998371335504886,0.886762360446571,0.973228346456693,0.9984375,0,0.998427672955975,0,0.574102964118565,0.998384491114701,0.0362204724409449,0.00950871632329636,0,0.0172955974842767,0.995245641838352,0.984177215189873,0.139240506329114,0.03125,0.990726429675425,0,0.957210776545166,0.2528,0.108320251177394,0.987096774193548,0.455676516329705,0.68125,0.0015552099533437,0.700468018720749,0.774760383386581,0.26905132192846,0,0.998412698412698,0.0188976377952756,0.995305164319249,0.248097412480974,0.902173913043478,0.00159489633173844,0.019047619047619,0.00786163522012579,0.998402555910543,0.781553398058252,0.0223285486443381,0.5,0,0.468509984639017,0.125193199381762,0,0.996830427892235,0.247663551401869,0.998405103668262,0.884676145339652,0.161812297734628,0,0.976114649681529,0.954545454545455,0.896923076923077,0.274447949526814,0.416012558869702,0.00159744408945687,0,0.899361022364217,0.82398753894081,0,0.988941548183254,0,0.00160513643659711,0.855161787365177,0.00940438871473354,0.016,1,0,0.709230769230769,0.0448916408668731,0.572542901716069,0.906148867313916,0.263069139966273,0,0.70625,0.204968944099379,0.998456790123457,0.103875968992248,0.917057902973396,0.995297805642633,0.971786833855799,0.96551724137931,0.0140845070422535,0.988817891373802,0.998427672955975,0,0,0.974317817014446,0,0.286833855799373,0.978328173374613,0.00949367088607595,0.0112179487179487,0.608414239482201,0,0.264752791068581,0.998394863563403,0.0964777947932619,0.998373983739837,0.0128205128205128,0.976452119309262,0.00159489633173844,0.00793650793650794,0.0107858243451464,0.904,0.33015873015873,0.996805111821086,0,0.986046511627907,0.713607594936709,0,0.0015527950310559,0.236507936507937,0,0.77337559429477,0.229067930489731,0.073051948051948,0.975,0.144409937888199,0.998439937597504,0.998444790046656,0,0.529874213836478,0.934817170111288,0.493569131832797,0.988709677419355,0,0.995215311004785,0.0244274809160305,0,0.192616372391653,0.621283255086072,0.503257328990228,0,0,0.977812995245642,0.759375,0.167207792207792,0.998420221169036,0.0062992125984252,0.919254658385093,0.41786283891547,0.98145285935085,0.126602564102564,0.990521327014218,1,0.836767036450079,0.99375,0.00160771704180064,0.998427672955975,0.00158227848101266,0,0.744,0.874039938556068,0.981220657276995,0.0218408736349454,0,1,0.438709677419355,0.998376623376623,0.998415213946117,0.998432601880878,0.276827371695179,0.975039001560062,0.00319488817891374,0.947611710323575,0.00153609831029186,0.901587301587302,0.369158878504673,0,0.985849056603774,0,0.845679012345679,0.998417721518987,0.123993558776167,0.981191222570533,0.953703703703704,0.99236641221374,0.972222222222222,0.0996835443037975,0.373831775700935,0.92604501607717,0.945072697899838,0.0502354788069074,0.0077639751552795,0.980738362760835,0.861852433281005,0,0,0.277777777777778,0.00157232704402516,0.998449612403101,0.2642089093702,0.878980891719745,0.752321981424149,0.990668740279938,0.413183279742765,0.437888198757764,0.281847133757962,0.913461538461538,0.968203497615262,0.884858044164038,0,0.875993640699523,0.170212765957447,0.937799043062201,0.00157728706624606,0.0683229813664596,0.528391167192429,0.978090766823161,0.978021978021978,0.834920634920635,0.996889580093313,0.894822006472492,0,0.0667701863354037,0.654743390357698,0.9936,0,0.993730407523511,0.981707317073171,0.54066985645933,0.542130365659777,0.99194847020934,0.998360655737705,0.353503184713376,0,0.878504672897196,0.526232114467409,0.968,0,0.952234206471495,0.996794871794872,0.998425196850394,0.955056179775281,0.530864197530864,0.00309597523219814,0.97007874015748,0.526813880126183,0.00618238021638331,0.00306278713629403,0.199036918138042,0.0015748031496063,0.142857142857143,0.673913043478261,0.00157728706624606,0.00625,0.0126984126984127,0.575427682737169,0.0386473429951691,0.985507246376812,0.0144694533762058,0.00158982511923688,0,0.214968152866242,0.998387096774194,0.985759493670886,0.901408450704225,0,0.86741214057508,0.849693251533742,0.69435736677116,0.60377358490566,0.457463884430177,0.456730769230769,0.0141955835962145,0.998389694041868,0.0834645669291339,0.703583061889251,0.961119751166407,0.0156739811912226,0.737833594976452,0.0031496062992126,0.119309262166405,0.9984375,0.998357963875205,0.889067524115756,0,0.64018691588785,0.880763116057234,0,0.0015625,0.896124031007752,0.981220657276995,0,0.003125,0.0015625,0.980613893376414,0.879032258064516,0.00162074554294976,0,0.360374414976599,0.988782051282051,0.788253477588872,0.381619937694704,0.650641025641026,0.959438377535101,0.0110584518167457,0.998452012383901,1,0.00963081861958266,0.959055118110236,0.998435054773083,0.975767366720517,0.998415213946117,0.1765625,0.29595015576324,0.266875981161695,0.97456279809221,0.944444444444444,0.053125,0.279809220985692,0.979559748427673,0.141045958795563,0.311550151975684,0.995290423861852,1,0.963949843260188,0.693053311793215,0.996955859969559,0.2528,0.965996908809892,0.996805111821086,0,0.302034428794992,0.536466774716369,0.0176,0.0609375,0.00917431192660551,0.910094637223975,0.0228658536585366,0.00157728706624606,0,0.213836477987421,0.995230524642289,0.0736677115987461,0.981996726677578,0.969936708860759,0.987341772151899,0.265923566878981,0.261437908496732,0.668759811616955,0.454991816693944,0,0.82670906200318,0.0138461538461538,0.0391849529780564,0.192546583850932,0.998389694041868,0.00315955766192733,0,0.309968847352025,0.0141287284144427,0.0174050632911392,0.457869634340223,0.998412698412698,0.275080906148867,0.998373983739837,0.968847352024922,0,0.989409984871407,0,0.996870109546166,0.833860759493671,0.998397435897436,0.0144694533762058,0.983024691358025,0.00159489633173844,0.886435331230284,0.697899838449112,0.94488188976378,0.984375,0.996779388083736,0.272012578616352,0.963549920760697,0.998449612403101,0.0015625,0.023696682464455,0.998402555910543,0.998415213946117,0.327014218009479,0.883280757097792,0.969055374592834,0.949230769230769,1,0,0.112929623567921,0.998449612403101,0.00316957210776545,0,0.964573268921095,0.0129032258064516,0.0471698113207547,0.998475609756098,0.968652037617555,0.00477707006369427,0.621835443037975,0.417721518987342,0.980830670926518,0.00327868852459016,0.8704,0.996768982229402,0.347334410339257,0.591614906832298,0.780063291139241,0,0.154213036565978,0.977382875605816,0.996789727126806,0.443217665615142,1,0.969543147208122,0.0286624203821656,0.00155038759689922,0.984301412872841,0.996820349761526,0.957345971563981,0.67906976744186,0.00947867298578199,0.869634340222575,0.229230769230769,0.180762852404643,0.0078740157480315,0.618210862619808,0.594249201277955,0.605678233438486,0,0.285016286644951,0.917573872472784,0.637223974763407,0.52093023255814,0.0772727272727273,0,0,0.998500749625187,0.974921630094044,0,0.925632911392405,0.0127388535031847,0,0,1,0,1,0.765723270440252,0.505376344086022,1,0,0,0.993650793650794,0.963133640552995,0.713178294573643,0.00156985871271586,0.0033003300330033,0.87789799072643,0.587227414330218,0.998381877022654,0.527950310559006,0.342902711323764,0,0.981220657276995,0.00162074554294976,0.956869009584665,0.0900473933649289,0,0.0122324159021407,0.102728731942215,0.472727272727273,0.9640625,0,0.946727549467275,0.9858934169279,0.998439937597504,0,0.0752,0.943708609271523,0.00649350649350649,0.998444790046656,0.998442367601246,0.00632911392405063,1,0.279251170046802,0.792721518987342,0.0111464968152866,0.151857835218094,0.955271565495208,0.0127186009538951,0.0015748031496063,0.975232198142415,0.00809061488673139,0.651685393258427,0.37799043062201,0,0.101721439749609,0.739482200647249,0.229813664596273,0.976599063962558,0.00160771704180064,0.145285935085008,0.452420701168614,0.942073170731707,0.876923076923077,0.964285714285714,0.7536,0,0.985826771653543,0.00156494522691706,0.969745222929936,0.382495948136143,0.00153374233128834,0.998417721518987,1,0.998381877022654,0.624012638230648,0.984227129337539,0.115569823434992,0.182985553772071,0.95260663507109,0.881987577639752,0,0,0.987220447284345,0.935483870967742,0.0144927536231884,0.987158908507223,0.992088607594937,0.348101265822785,0.924920127795527,0.732689210950081,0.881804043545879,0,0.97456279809221,0.324960753532182,0.998412698412698,0.998430141287284,0,0.631329113924051,0.97092084006462,0.00159744408945687,0.681962025316456,0.364928909952607,0.799086757990868,0.677316293929712,0.959938366718028,0.0793157076205288,0.982343499197432,0.998420221169036,0.982731554160126,0.284072249589491,0.0948678071539658,0.987538940809969,0.998449612403101,0.00928792569659443,0.78783151326053,0.437106918238994,0.261682242990654,0.766457680250784,0.998422712933754,0.8752,0.998415213946117,0.11402157164869,0.0016366612111293,0,0.829652996845426,0.00474683544303797,0.00157728706624606,0.273716951788491,0,0.988871224165342,0.908527131782946,0.998442367601246,0.993798449612403,0.0880503144654088,0.00162074554294976,0,0,0.172523961661342,0.0746031746031746,0.159420289855072,0,0.00156494522691706,0.9984375,0.0108864696734059,0.279620853080569,0.998394863563403,0.578199052132701,0.977564102564103,0.653061224489796,0.635093167701863,0,0.998493975903614,0.367741935483871,0.472089314194577,0.924846625766871,0.9890625,0.368421052631579,0.0109717868338558,0.945904173106646,0.95046439628483,0,0.960244648318043,0.0126782884310618,0.98546042003231,0.434439178515008,0,0.0107692307692308,0.504078303425775,0.839228295819936,0.00155763239875389,0.13365539452496,0.0140405616224649,0.0016260162601626,0.756923076923077,0.0236220472440945,0.99835255354201,0.318818040435459,0.99075500770416,0.00154798761609907,0.358161648177496,0.317965023847377,0.864734299516908,0.0993589743589744,0.00309597523219814,0.00315457413249211,0.036741214057508,0,0.993855606758833,0.0388349514563107,0.978723404255319,0.00479233226837061,1,0,0.527692307692308,0.43859649122807,0.998430141287284,0,0.996879875195008,0,0.388524590163934,0.992283950617284,0,0.645510835913313,0.982649842271293,0.737261146496815,0.948136142625608,0.0391849529780564,0,0.998422712933754,0.262057877813505,0,0.699685534591195,0.00151057401812689,0.0138036809815951,0.998381877022654,0.998397435897436,0.989079563182527,0.966929133858268,0.977564102564103,0,0.973015873015873,0.0245775729646697,0.3453125,0.286604361370716,0.989096573208723,0.993620414673046,0.993788819875776,0.995283018867924,0.0630914826498423,0.01743264659271,0.981967213114754,0.960505529225908,0.722650231124807,0.977987421383648,0.998422712933754,0.97360248447205,0,0,0.986363636363636,0,0.0622083981337481,0,0.95447409733124,0.277597402597403,0.193126022913257,0.106012658227848,0.92755905511811,0,0.0989010989010989,0.998417721518987,0.998435054773083,0.624193548387097,0.40210843373494,0.208643815201192,0.180152671755725,0.632850241545894,0.00155763239875389,0.119685039370079,0.53343949044586,0.267295597484277,0.70077519379845,0.00943396226415094,0,0.00162337662337662,0.312101910828025,0.998384491114701,0.61993769470405,0.211567732115677,0.616459627329193,0.878648233486943,0.990712074303406,0.965686274509804,0.9808,0.998360655737705,0.998405103668262,0.551505546751189,0.418897637795276,0.996899224806202,0.00763358778625954,0.0108359133126935,0.878357030015798,0.0139103554868624,0.998444790046656,0.973143759873618,0,0.112745098039216,0,0.943820224719101,0,0.982539682539682,1,0.00612557427258806,0.82615629984051,0.998459167950693,0.645161290322581,0.619565217391304,0.876190476190476,0,0,0.925742574257426,0.935681470137825,0.989096573208723,0,0,0,0.234108527131783,0.5088,0,0.458730158730159,0,0.921221864951768,0.998387096774194,0.15609756097561,0.227629513343799,0,0.351437699680511,0.580542264752791,0.867394695787831,0.962732919254658,0.775351014040562,0,0.990147783251232,0.0190174326465927,0.998371335504886,0,0.983231707317073,0.00947867298578199,0.998387096774194,0.0192,0.0113085621970921,0,0,0.826356589147287,0.930807248764415,0.939301972685888,0.704441041347626,0.0232198142414861,0.00637958532695375,0.835703001579779,0.840490797546012,0,0.0176,0.972536348949919,0,0.98694942903752,0.955108359133127,0.0533751962323391,0.0479876160990712,0.0046656298600311,0.998432601880878,0.459677419354839,0.0760697305863708,0.10016155088853,0.119496855345912,0.689935064935065,0.0894819466248038,0.998410174880763,0,0.747603833865815,0.985981308411215,0.00484652665589661,0,0.00151975683890578,0,0.0015748031496063,0.998415213946117,0.703525641025641,0.0016025641025641,0,0.532154340836013,0.962204724409449,0.416149068322981,0.0532915360501567,0.00323624595469256,0.0563607085346216,0.0186046511627907,0,0.0287081339712919,0.00763358778625954,0.00317965023847377,0.0141509433962264,0.0015625,0.0566343042071197,0.0628930817610063,0.0158227848101266,0.020440251572327,0.0066334991708126,0.0252365930599369,0.0247678018575851,0.0660377358490566,0.00638977635782748,0.0203442879499218,0.00166112956810631,0.00318471337579618,0.0525477707006369,0.00946372239747634,0.0213740458015267,0.0015625,0.0329153605015674,0.00154320987654321,0.00314465408805031
"450",0,0,0,0,0,0,0.0126582278481013,0,0,1,0,1,0,0,0,0,1,0.987421383647799,0,0,0,0,0,1,0,0,0,0.00159235668789809,0,0,0,0,0.00158730158730159,0,1,0,0.983024691358025,0,0,0,1,0.984709480122324,0.99388379204893,0,0,0,0,0,0,0,1,0,0,0,0.0109375,0,1,0,0.00153374233128834,0,0,0,0,1,0,0,1,0,1,0,0,0,0,0,1,0.00149700598802395,0,0,0.00158982511923688,0,1,0,0,0,0,0,0,0,0.0046583850931677,0.987933634992459,0,0,1,1,0,1,0.0170542635658915,0,0.992354740061162,0.990639625585023,0.0108527131782946,1,0,0,0,0,0.989010989010989,0.0015600624024961,0,0,0,0.0140845070422535,0,0,1,0,0,1,0,0,1,0.0015625,0,0,0,0,0,0,1,0.00619195046439629,0,0,0,1,0,0,1,0,0,0.00632911392405063,1,1,0,0,0,0,0,0,0,0,0,0,0,0,0,0,0,0,1,0,0.00305810397553517,0,0,1,0,0,0,0,0,0,0,0,0,0,0.0015748031496063,0,1,0,1,0,0,0,0,0,0,0,0,0,0,0,0,0,0,0.0198170731707317,1,1,0,1,0,0,0.00950871632329636,0,0,0,0,0,0,0,0.00154320987654321,1,0,0,0,0,0,0.0031055900621118,0,0,0.0015552099533437,0,0,1,0,0,0,1,0,0,0.0031104199066874,0,0,0,0.0170278637770898,1,0.0137404580152672,0,0,0,0,0,0,0,0,0,0,0,0,0,0,0,0,0,0,0,0,0,0,0,0.989028213166144,0,1,0.00315457413249211,0,0,0,1,0,0.00152905198776758,0,0,0,0,0.989079563182527,0,0,0,0,0,0,0,0,0,0,0.0127388535031847,1,0,0.0141955835962145,1,0,0.0121580547112462,0,1,0,0,0,0,0,1,0.0125195618153365,0,0,0,0,0,0,0,0,0,0,0,0,0,0,0,0,0.00156494522691706,0,0.949386503067485,0,0,0,0,0,0,0,0,0,0,0,0,1,0,0.00778816199376947,0,0.945038167938931,0,0,0,0,1,0,0,0,0,0,0,0,0,0,0,1,0,0,0,0,0,0,1,0,0,0,0.00306748466257669,0,0,0,0,1,0,0,0,0,0,0,0,0,0,0,0,0,0,0,0,0,0,0,0,0,0,0,0,0,0,1,0,0,0,1,0,0.990461049284579,0,0,0,0.996899224806202,0.00928792569659443,0,0,0,0,0,0,0,0,1,0,0,0,0,0,0,0,0.998456790123457,0,0,0,0,0,0.003125,0,0.0113268608414239,0.993846153846154,0,0,0,1,0,0.00155038759689922,0,0,0,1,1,0,0,1,0,0.987421383647799,1,1,0,1,0,0.0015527950310559,0.00609756097560976,0,1,1,0,0,0,0,0.996789727126806,0.0184049079754601,0,0,0,0,1,0,0,0.00155763239875389,0,1,0,0,0,0.00155038759689922,1,0,0,0,1,0,0,0,0,0,0,0,0,0,0,0.00157728706624606,0,0.990726429675425,0,0,0,0,0.0078125,1,0,0.00316455696202532,0,0,0,0,0,0,0,0,0,1,0,0,0,0.00476190476190476,0,0,0,0,0,0,0,0,0,0.0123839009287926,1,1,0,0,0,0,0,0,0,0,0.0168970814132104,1,0,0.0124610591900312,0,0,1,0,0,0,0.00156739811912226,0,0,0,0,0,0.00159235668789809,0,0,0.0142857142857143,0.0230414746543779,0,0,0.993846153846154,0,0,0,0,0,0,0,0.761904761904762,0,1,0.00156494522691706,0,0,0,1,0,0,0,0,0,0,1,1,0,0,0,1,0,0,0.551301684532925,0,0,0.00764525993883792,0,0,0,1,0,0,0,0.00300751879699248,0,0,0.990726429675425,0,0,1,0.00149925037481259,0,0,0,1,0.990639625585023,0,0,0,0,0.987654320987654,1,0,0,0,0,0,0,0,0,0.00318979266347687,0,0,0.998444790046656,0,1,0,0.161030595813205,0,0,0,1,0,0,0,1,0,1,0,0,1,0.0151745068285281,0,0,0.00158730158730159,0,1,0,0,1,0,0,0,0,0,0,0.00464396284829721,0.00155038759689922,1,0,0.978851963746224,0.0168970814132104,0,0,0,0,0,0.918836140888208,0,0,0,0,0,0,0,1,1,0,1,0,1,0,0,0,0,0,0.998456790123457,0,0,0,0,0,0,0,0,0,0,0,0,0,0,1,0,0.0157977883096366,0,0.0263975155279503,0,0,0.00307692307692308,0,0.00159744408945687,0,0,0,0,0,0,0,0,0.003125,0.989280245022971,0,0,1,0,1,0,1,0,0,0,0,0,0.0015625,0,0.0170542635658915,1,1,0,0,0,1,1,0,0,0,1,0,1,0,0,0.03486529318542,0,1,0,0,0,0,0,0,0,0.894984326018809,0,1,0,0.990740740740741,0,0,0.362790697674419,1,1,0.00153139356814701,0,0.00612557427258806,0,0,0,0,0,1,0,0,1,0,0,0,0.955453149001536,0,0,0,0,0,0,0,0,0,1,0,0,0.995275590551181,1,0,1,0,0,0,0,0,0.0046875,0.00462962962962963,0,0.949924127465857,0,0.896272285251216,0.978227060653188,1,0.155905511811024,0,0,0.00612557427258806,0,0.949526813880126,0.936630602782071,0,0.981337480559876,0.992025518341308,0.951863354037267,0.977134146341463,0.937404580152672,0,0.973805855161787,0,0,0.953416149068323,0,0.934749620637329,0,0.0508474576271186,0,0
"451",0.998347107438017,1,0.974603174603175,0.94,0.983766233766234,1,0.894480519480519,0.977455716586151,1,0,1,0,0.584935897435897,1,0.0415335463258786,0.00643086816720257,0,0.0145631067961165,0.996726677577741,0.988941548183254,0.165605095541401,0.0315614617940199,0.995222929936306,0,0.958664546899841,0.264026402640264,0.110754414125201,0.988505747126437,0.468652037617555,0.691222570532915,0,0.695024077046549,0.772131147540984,0.277147487844408,0,1,0.0205371248025276,0.993620414673046,0.271450858034321,0.901098901098901,0.00161030595813205,0.0144927536231884,0.00630914826498423,1,0.787928221859706,0.0257648953301127,0.530351437699681,0,0.480314960629921,0.133437990580848,0,0.993589743589744,0.270226537216828,1,0.887459807073955,0.166666666666667,0,0.977235772357724,0.957006369426752,0.913112164296998,0.303370786516854,0.433441558441558,0,0,0.90671031096563,0.836276083467095,0,0.993464052287582,0,0,0.865079365079365,0.0048,0.0195121951219512,1,0,0.720379146919431,0.0461049284578696,0.572115384615385,0.901153212520593,0.275979557069847,0,0.715890850722311,0.215408805031447,0.998405103668262,0.105263157894737,0.918367346938776,0.996865203761755,0.97275641025641,0.96969696969697,0.00789889415481832,0.985365853658537,1,0,0,0.975165562913907,0,0.303030303030303,0.980769230769231,0.00474683544303797,0.00651465798045603,0.630573248407643,0,0.297253634894992,1,0.110584518167457,1,0.00985221674876847,0.980645161290323,0,0.00814332247557003,0.00788643533123028,0.906752411575563,0.340288924558588,0.991896272285251,0,0.987381703470032,0.722929936305732,0,0,0.258957654723127,0,0.770465489566613,0.265700483091787,0.0827814569536424,0.97588424437299,0.154838709677419,0.9984375,0.995090016366612,0,0.564593301435407,0.944,0.496763754045307,0.988505747126437,0,0.993431855500821,0.0252365930599369,0,0.225442834138486,0.636215334420881,0.54950495049505,0,0,0.983870967741935,0.764991896272285,0.176079734219269,1,0.00650406504065041,0.942307692307692,0.423701298701299,0.9826224328594,0.142148760330579,0.98858075040783,1,0.85062893081761,0.993548387096774,0,1,0,0,0.759016393442623,0.879499217527387,0.984076433121019,0.0192,0,1,0.462932454695222,1,1,1,0.2928,0.980922098569157,0.00161290322580645,0.957547169811321,0,0.904376012965964,0.388978930307942,0,0.987138263665595,0,0.852564102564103,1,0.123355263157895,0.985483870967742,0.952380952380952,0.993730407523511,0.977742448330684,0.100638977635783,0.380877742946708,0.925806451612903,0.947454844006568,0.0530546623794212,0.00635930047694754,0.983660130718954,0.860979462875197,0,0,0.312703583061889,0.00158982511923688,1,0.259083728278041,0.881877022653722,0.761146496815287,0.992199687987519,0.438095238095238,0.445141065830721,0.312913907284768,0.92891760904685,0.961102106969206,0.882725832012678,0,0.882636655948553,0.193388429752066,0.941080196399345,0,0.0684713375796178,0.555555555555556,0.982315112540193,0.977917981072555,0.833602584814216,0.998425196850394,0.900489396411093,0,0.078525641025641,0.6671875,0.99347471451876,0,0.996850393700787,0.98145285935085,0.568,0.567567567567568,0.988835725677831,1,0.380032206119163,0,0.885895404120444,0.535369774919614,0.980263157894737,0,0.960998439937597,0.998381877022654,1,0.956521739130435,0.554330708661417,0.00162337662337662,0.975728155339806,0.545741324921136,0.00310077519379845,0,0.207455429497569,0,0.15609756097561,0.6875,0,0.0032,0.0094488188976378,0.603174603174603,0.0412541254125413,0.990306946688207,0.00972447325769854,0,0,0.228525121555916,1,0.982371794871795,0.900943396226415,0,0.875613747954173,0.870047543581617,0.698717948717949,0.60952380952381,0.470016207455429,0.463696369636964,0.0111111111111111,1,0.0996784565916399,0.723228995057661,0.966453674121406,0.012779552715655,0.75,0.00159489633173844,0.120826709062003,1,1,0.893141945773525,0,0.657097288676236,0.885433715220949,0,0,0.896062992125984,0.980519480519481,0,0.00160513643659711,0.00159489633173844,0.98019801980198,0.892384105960265,0,0,0.395161290322581,0.990147783251232,0.803149606299213,0.39873417721519,0.65359477124183,0.957547169811321,0.00967741935483871,1,1,0.00811688311688312,0.967845659163987,1,0.973856209150327,0.998410174880763,0.19645732689211,0.3232,0.293838862559242,0.978723404255319,0.935108153078203,0.0490506329113924,0.285714285714286,0.97411003236246,0.153354632587859,0.327131782945736,0.995215311004785,0.996794871794872,0.97275641025641,0.69205298013245,0.996865203761755,0.261666666666667,0.970266040688576,0.998387096774194,0,0.321543408360129,0.56260162601626,0.019047619047619,0.0507131537242472,0.0046656298600311,0.908945686900958,0.0250391236306729,0,0,0.241935483870968,0.993569131832797,0.0676328502415459,0.986577181208054,0.977346278317152,0.988673139158576,0.296116504854369,0.303130148270181,0.674157303370786,0.476430976430976,0,0.829113924050633,0.014018691588785,0.0438871473354232,0.213592233009709,1,0,0,0.337096774193548,0.0127388535031847,0.0262295081967213,0.4896,1,0.285478547854785,1,0.967266775777414,0,0.990697674418605,0,0.998449612403101,0.837620578778135,1,0.0112540192926045,0.974960876369327,0,0.883683360258481,0.730706075533662,0.950871632329635,0.985576923076923,0.99673735725938,0.310618066561014,0.969404186795491,1,0,0.0272435897435897,1,1,0.3264,0.886363636363636,0.963394342762063,0.958199356913183,1,0,0.116086235489221,1,0.00162074554294976,0,0.969105691056911,0.00826446280991736,0.0455284552845528,1,0.974151857835218,0.00321543408360129,0.643659711075441,0.44297520661157,0.983552631578947,0.00162866449511401,0.877049180327869,0.996715927750411,0.364686468646865,0.618670886075949,0.795751633986928,0,0.173633440514469,0.978297161936561,1,0.466346153846154,1,0.977966101694915,0.0287539936102236,0,0.987301587301587,0.995161290322581,0.952153110047847,0.690737833594976,0.00815660685154975,0.878205128205128,0.244766505636071,0.195,0.00316957210776545,0.630225080385852,0.594155844155844,0.622820919175911,0,0.298045602605863,0.916398713826367,0.643879173290938,0.515923566878981,0.0825545171339564,0,0,1,0.9703125,0,0.92891760904685,0.00651465798045603,0,0,1,0,1,0.78743961352657,0.539432176656151,1,0,0,0.993506493506494,0.965678627145086,0.731319554848967,0,0,0.875776397515528,0.612179487179487,1,0.548895899053628,0.359223300970874,0,0.982511923688394,0,0.962722852512156,0.0923824959481361,0,0.00784929356357928,0.107843137254902,0.492537313432836,0.97258064516129,0,0.961538461538462,0.977635782747604,1,0,0.0741350906095552,0.938983050847458,0.00337268128161889,1,1,0.00638977635782748,1,0.307448494453249,0.815409309791332,0.0112179487179487,0.177235772357724,0.966074313408724,0.00815660685154975,0,0.980922098569157,0.00823723228995058,0.66721044045677,0.397106109324759,0,0.118210862619808,0.738916256157635,0.270700636942675,0.976152623211447,0,0.159055118110236,0.455611390284757,0.948757763975155,0.896496815286624,0.966183574879227,0.752052545155993,0,0.985714285714286,0,0.970967741935484,0.398360655737705,0,1,1,1,0.648298217179903,0.98546042003231,0.133333333333333,0.20327868852459,0.94888178913738,0.8816,0,0,0.990291262135922,0.932692307692308,0.0145161290322581,0.987096774193548,0.991922455573506,0.382306477093207,0.938009787928222,0.729773462783172,0.884493670886076,0,0.972536348949919,0.351973684210526,1,0.99836867862969,0,0.653094462540717,0.97708674304419,0,0.686567164179104,0.3904,0.799689440993789,0.706168831168831,0.9625,0.0849056603773585,0.98546042003231,1,0.9808,0.303776683087028,0.105519480519481,0.991922455573506,1,0.00625,0.791469194312796,0.452380952380952,0.258730158730159,0.77741935483871,1,0.883223684210526,1,0.133647798742138,0,0,0.827140549273021,0.0032258064516129,0,0.279106858054226,0,0.99198717948718,0.92259083728278,0.998392282958199,0.993720565149137,0.0903225806451613,0,0,0,0.184039087947883,0.0786516853932584,0.157051282051282,0,0,1,0.0094488188976378,0.306688417618271,1,0.610223642172524,0.975728155339806,0.6704,0.643410852713178,0,1,0.409618573797678,0.519607843137255,0.929245283018868,0.990491283676704,0.394904458598726,0.00794912559618442,0.964573268921095,0.96656050955414,0,0.965571205007825,0.0176282051282051,0.986733001658375,0.427432216905901,0,0.00654664484451719,0.539363484087102,0.847790507364975,0,0.14003294892916,0.00964630225080386,0.00165016501650165,0.76056338028169,0.0261865793780687,1,0.331730769230769,0.995275590551181,0,0.374603174603175,0.330065359477124,0.880794701986755,0.0955518945634267,0.00315457413249211,0.0016025641025641,0.0456026058631922,0,0.998415213946117,0.0372168284789644,0.982866043613707,0.00484652665589661,1,0,0.529503105590062,0.467980295566502,1,0,1,0,0.398373983739837,0.988958990536278,0,0.669291338582677,0.982258064516129,0.756843800322061,0.957377049180328,0.0378548895899054,0,1,0.276595744680851,0,0.7,0,0.0171875,1,1,0.990491283676704,0.970684039087948,0.980613893376414,0,0.97741935483871,0.0208333333333333,0.372019077901431,0.289137380191693,0.992050874403816,0.993630573248408,0.992076069730586,0.995245641838352,0.054140127388535,0.016260162601626,0.984822934232715,0.966613672496025,0.725677830940989,0.97933227344992,1,0.97933227344992,0,0,0.979907264296754,0,0.0726698262243286,0,0.966666666666667,0.282861896838602,0.214052287581699,0.120634920634921,0.922330097087379,0,0.115873015873016,1,1,0.65008025682183,0.422839506172839,0.2217125382263,0.188087774294671,0.6557911908646,0,0.1248,0.557165861513688,0.282539682539683,0.705148205928237,0.00792393026941363,0,0,0.334983498349835,1,0.648,0.241112828438949,0.62779552715655,0.885483870967742,0.985849056603774,0.965630114566285,0.978688524590164,1,0.998373983739837,0.557165861513688,0.435897435897436,1,0.0046583850931677,0.00940438871473354,0.876006441223833,0.0109546165884194,1,0.973058637083994,0,0.113861386138614,0,0.955056179775281,0,0.972668810289389,1,0.00484652665589661,0.844155844155844,1,0.684640522875817,0.636217948717949,0.875,0,0,0.942176870748299,0.951588502269289,0.990445859872611,0,0,0,0.25314465408805,0.5072,0,0.454838709677419,0,0.926470588235294,1,0.169154228855721,0.24251968503937,0,0.355371900826446,0.611821086261981,0.867528271405493,0.9703125,0.788709677419355,0,0.988543371522095,0.0161290322580645,1,0,0.984227129337539,0.00486223662884927,1,0.0179738562091503,0.0114566284779051,0,0,0.828478964401295,0.934102141680395,0.939968404423381,0.734472049689441,0.0251572327044025,0.0033003300330033,0.836012861736334,0.836220472440945,0,0.0144230769230769,0.964516129032258,0,0.985270049099836,0.96474358974359,0.0717703349282297,0.0381558028616852,0.00324149108589951,1,0.480519480519481,0.0798722044728434,0.103505843071786,0.120826709062003,0.704132231404959,0.0910543130990415,1,0,0.774557165861514,0.985507246376812,0.00163132137030995,0,0,0,0,1,0.705211726384365,0,0,0.560457516339869,0.955128205128205,0.435406698564593,0.0477707006369427,0.00165289256198347,0.053156146179402,0.0208333333333333,0,0.0329489291598023,0.00470957613814757,0.00160771704180064,0.00956937799043062,0,0.0478547854785479,0.0543130990415335,0.0129032258064516,0.0223285486443381,0.00497512437810945,0.0285261489698891,0.028169014084507,0.0537974683544304,0.00488599348534202,0.0224719101123595,0,0.00322061191626409,0.0426929392446634,0.00637958532695375,0.023696682464455,0,0.0307443365695793,0.0015600624024961,0.00159744408945687
"452",0.770206022187005,0.767550702028081,0.786271450858034,0.77491961414791,0.769968051118211,0.785031847133758,0.788401253918495,0.788216560509554,0.773291925465838,0,0.757911392405063,0.00158227848101266,0.593059936908517,0.755555555555556,0.278740157480315,0.241112828438949,0,0.00947867298578199,0.7728,0.781446540880503,0.386046511627907,0.240650406504065,0.770670826833073,0.00153846153846154,0.786499215070644,0.40251572327044,0.315955766192733,0.76555023923445,0.578386605783866,0.734472049689441,0.237577639751553,0.6796875,0.732258064516129,0.433070866141732,0.00154320987654321,0.752396166134185,0.0184615384615385,0.761609907120743,0.483282674772036,0.741140215716487,0.00158227848101266,0.00613496932515337,0.00609756097560976,0.759873617693523,0.73482428115016,0.243630573248408,0.560821484992101,0.214733542319749,0.571870170015456,0.340909090909091,0.00156494522691706,0.774647887323944,0.439370078740157,0.762738853503185,0.787301587301587,0.356466876971609,0.00158982511923688,0.770465489566613,0.778637770897833,0.764252696456086,0.438291139240506,0.562790697674419,0.222222222222222,0.00157728706624606,0.75796178343949,0.75,0.00156985871271586,0.779365079365079,0,0.223101265822785,0.73497688751926,0.230534351145038,0.249211356466877,0.778801843317972,0.00158227848101266,0.713622291021672,0.258164852255054,0.610591900311526,0.784810126582278,0.430717863105175,0.00155763239875389,0.70077519379845,0.397832817337461,0.769230769230769,0.328197226502311,0.790769230769231,0.765069551777434,0.777434312210201,0.765069551777434,0.00460829493087558,0.758785942492013,0.767692307692308,0.00157232704402516,0.00157728706624606,0.765751211631664,0.00156985871271586,0.513219284603421,0.763523956723339,0.00461538461538462,0.00627943485086342,0.796238244514107,0,0.5,0.777602523659306,0.332307692307692,0.767145135566188,0.00641025641025641,0.793700787401575,0.227707006369427,0.244131455399061,0.225656877897991,0.804075235109718,0.45,0.761006289308176,0.00161030595813205,0.772445820433437,0.697347893915757,0.00152439024390244,0.237129485179407,0.393135725429017,0.00154320987654321,0.733124018838305,0.4796875,0.298578199052133,0.781931464174455,0.358024691358025,0.768633540372671,0.766718506998445,0.00158478605388273,0.758409785932722,0.792393026941363,0.561904761904762,0.769854132901134,0.00154559505409583,0.764991896272285,0.235920852359209,0.00156494522691706,0.446909667194929,0.609034267912773,0.715447154471545,0.00161030595813205,0.00162866449511401,0.788976377952756,0.7203125,0.362041467304625,0.761755485893417,0.2171875,0.805687203791469,0.493630573248408,0.780674846625767,0.370786516853933,0.765243902439024,0.762820512820513,0.769592476489028,0.779527559055118,0.210191082802548,0.756211180124224,0.225552050473186,0.0015625,0.735340729001585,0.778115501519757,0.765625,0.242009132420091,0.00153609831029186,0.770416024653313,0.524879614767255,0.769354838709677,0.778816199376947,0.77217125382263,0.408950617283951,0.765990639625585,0.229299363057325,0.763719512195122,0.229135053110774,0.78740157480315,0.484423676012461,0.00157977883096367,0.754716981132076,0.00154083204930663,0.727272727272727,0.77373417721519,0.328050713153724,0.75968992248062,0.773291925465838,0.764970059880239,0.769828926905132,0.310344827586207,0.486821705426357,0.79454253611557,0.775477707006369,0.264890282131661,0.230650154798762,0.785266457680251,0.794992175273865,0.00151285930408472,0.00156985871271586,0.528662420382166,0.00311526479750779,0.772657450076805,0.408320493066256,0.808,0.69431643625192,0.782012195121951,0.651828298887122,0.55968992248062,0.507177033492823,0.743670886075949,0.766091051805338,0.761978361669243,0.00159489633173844,0.746130030959752,0.402208201892744,0.785488958990536,0.221183800623053,0.295558958652374,0.758566978193146,0.80811232449298,0.774539877300613,0.748006379585327,0.756965944272446,0.742902208201893,0.0015625,0.27639751552795,0.698289269051322,0.771293375394322,0.00156985871271586,0.770542635658915,0.777265745007681,0.760697305863708,0.537151702786378,0.765625,0.768370607028754,0.579527559055118,0.00157232704402516,0.773148148148148,0.587579617834395,0.806451612903226,0.240683229813665,0.771121351766513,0.760765550239234,0.775510204081633,0.758785942492013,0.600917431192661,0.240944881889764,0.788888888888889,0.575851393188854,0.223744292237443,0.229832572298326,0.334913112164297,0.230889235569423,0.370486656200942,0.765243902439024,0.23125,0.229938271604938,0.238095238095238,0.806800618238022,0.252411575562701,0.786392405063291,0.00642054574638844,0.219626168224299,0.00155038759689922,0.444267515923567,0.771065182829889,0.766881028938907,0.769470404984424,0.00155038759689922,0.77938808373591,0.735703245749614,0.674015748031496,0.631901840490798,0.519747235387046,0.538582677165354,0.00775193798449612,0.761453396524487,0.327188940092166,0.687600644122383,0.794952681388013,0.24922600619195,0.794117647058823,0.236842105263158,0.331768388106416,0.772590361445783,0.775609756097561,0.788025889967638,0.00152671755725191,0.90795631825273,0.7875,0.00155763239875389,0.224961479198767,0.794162826420891,0.771065182829889,0,0.241860465116279,0.231007751937985,0.790064102564103,0.762738853503185,0.219903691813804,0,0.593114241001565,0.7728,0.790199081163859,0.489164086687306,0.765451664025357,0.766975308641975,0.231132075471698,0.76625386996904,0.770769230769231,0.221003134796238,0.781931464174455,0.770932069510269,0.768621236133122,0.774143302180685,0.397496087636933,0.475232198142415,0.496884735202492,0.769716088328076,0.758842443729904,0.0340030911901082,0.418789808917197,0.774603174603175,0.336973478939158,0.45839636913767,0.771739130434783,0.767295597484277,0.768992248062015,0.718849840255591,0.759259259259259,0.393026941362916,0.802795031055901,0.781499202551834,0.00158227848101266,0.475968992248062,0.710191082802548,0.237129485179407,0.0360501567398119,0.240740740740741,0.770186335403727,0.242236024844721,0.22,0.00155038759689922,0.421383647798742,0.780063291139241,0.30077519379845,0.772875816993464,0.800316957210777,0.77337559429477,0.509433962264151,0.504,0.666141732283465,0.500813008130081,0.00156494522691706,0.718944099378882,0.229483282674772,0.245723172628305,0.419548872180451,0.784,0.226917057902973,0.00153846153846154,0.500780031201248,0.227769110764431,0.245669291338583,0.538827258320127,0.767295597484277,0.421800947867299,0.76759410801964,0.756923076923077,0.00154798761609907,0.783258594917788,0.212403100775194,0.783410138248848,0.7339593114241,0.783034257748777,0.240887480190174,0.775193798449612,0.216300940438871,0.73469387755102,0.68,0.760432766615147,0.781201848998459,0.762790697674419,0.491499227202473,0.752738654147105,0.748091603053435,0.242378048780488,0.243410852713178,0.777080062794348,0.782208588957055,0.472222222222222,0.735703245749614,0.784665579119086,0.777777777777778,0.780864197530864,0,0.295638126009693,0.765891472868217,0.22397476340694,0.00161290322580645,0.794585987261146,0.00637958532695375,0.245222929936306,0.77557251908397,0.79153605015674,0.00476190476190476,0.783151326053042,0.524642289348172,0.791732909379968,0.215088282504013,0.751572327044025,0.764516129032258,0.515873015873016,0.830218068535826,0.737678855325914,0.00158227848101266,0.388364779874214,0.782051282051282,0.776744186046512,0.536050156739812,0.7703125,0.759075907590759,0.259842519685039,0.00311526479750779,0.777089783281734,0.780373831775701,0.79179810725552,0.658536585365854,0.230647709320695,0.780952380952381,0.402190923317684,0.411570247933884,0.00464396284829721,0.623417721518987,0.661904761904762,0.622848200312989,0.00154559505409583,0.429260450160772,0.770061728395062,0.62754303599374,0.583975346687211,0.277037037037037,0,0,0.765506807866868,0.754147812971342,0.00154083204930663,0.814132104454685,0.00318979266347687,0.00153846153846154,0.00158730158730159,0.765723270440252,0.0015527950310559,0.78743961352657,1,0.748091603053435,0.764885496183206,0.00157728706624606,0.0016,0.760188087774295,0.754573170731707,0.706896551724138,0.218125960061444,0.00159235668789809,0.793893129770992,0.813186813186813,0.783151326053042,0.582434514637905,0.471875,0.00153609831029186,0.761978361669243,0.231270358306189,0.784911717495987,0.267515923566879,0.0015552099533437,0.224924012158055,0.335925349922239,0.545901639344262,0.76049766718507,0.0015552099533437,0.777947932618683,0.781591263650546,0.765527950310559,0.0015748031496063,0.285046728971963,0.742671009771987,0.241883116883117,0.766153846153846,0.76969696969697,0.229102167182663,0.767080745341615,0.504702194357367,0.800623052959502,0.253105590062112,0.393312101910828,0.793478260869565,0.0046656298600311,0.230647709320695,0.785276073619632,0.232963549920761,0.664546899841017,0.490536277602524,0.00157232704402516,0.322033898305085,0.690705128205128,0.480559875583204,0.78125,0.231611893583725,0.329738058551618,0.556280587275693,0.788253477588872,0.755007704160247,0.749603803486529,0.705696202531646,0,0.767584097859327,0.225308641975309,0.751974723538705,0.588709677419355,0.225609756097561,0.766355140186916,0.774447949526814,0.770465489566613,0.616224648985959,0.774343122102009,0.369009584664537,0.410015649452269,0.812302839116719,0.797191887675507,0.0015220700152207,0.00157728706624606,0.777602523659306,0.775157232704403,0.247987117552335,0.792721518987342,0.781931464174455,0.581648522550544,0.831460674157303,0.78740157480315,0.777439024390244,0.00152905198776758,0.794670846394984,0.553459119496855,0.771739130434783,0.766975308641975,0.00151285930408472,0.682389937106918,0.778481012658228,0.216300940438871,0.680314960629921,0.503115264797508,0.703148425787106,0.6832,0.745864661654135,0.280487804878049,0.782958199356913,0.779160186625194,0.777258566978193,0.518578352180937,0.321316614420063,0.772093023255814,0.764885496183206,0.00627943485086342,0.731411229135053,0.584639498432602,0.41185647425897,0.721439749608764,0.765354330708661,0.766929133858268,0.772445820433437,0.164086687306502,0.240650406504065,0.0015527950310559,0.751572327044025,0.239747634069401,0.236391912908243,0.435658914728682,0,0.781990521327014,0.765527950310559,0.764341085271318,0.774539877300613,0.298600311041991,0.242990654205607,0.00151057401812689,0.00155763239875389,0.379968203497615,0.29140127388535,0.326498422712934,0.0015527950310559,0.222395023328149,0.769953051643192,0.093603744149766,0.524105754276827,0.772946859903382,0.768992248062015,0.762738853503185,0.653786707882535,0.664098613251156,0.00154083204930663,0.773755656108597,0.632237871674491,0.734177215189873,0.78419452887538,0.767550702028081,0.533026113671275,0.00782472613458529,0.785714285714286,0.792048929663609,0.00155763239875389,0.757894736842105,0.235294117647059,0.777777777777778,0.552959501557632,0.0015748031496063,0.00464396284829721,0.74512987012987,0.742902208201893,0.226209048361934,0.342313787638669,0.00473186119873817,0.0032520325203252,0.688821752265861,0.245614035087719,0.757328990228013,0.458333333333333,0.786259541984733,0.224924012158055,0.504643962848297,0.437001594896332,0.766295707472178,0.318770226537217,0.252679938744257,0.0031104199066874,0.2544,0.00155763239875389,0.767123287671233,0.210191082802548,0.77190332326284,0.230283911671924,0.764331210191083,0.0015600624024961,0.558461538461538,0.566929133858268,0.773993808049536,0.00163132137030995,0.773556231003039,0.00159235668789809,0.495176848874598,0.770897832817337,0.00154083204930663,0.7900466562986,0.785488958990536,0.666139240506329,0.79903536977492,0.253799392097264,0,0.758293838862559,0.396196513470681,0.00152671755725191,0.682926829268293,0.216995447647951,0.247261345852895,0.774294670846395,0.770932069510269,0.767228177641654,0.755102040816326,0.767515923566879,0.00156985871271586,0.77602523659306,0.0123839009287926,0.565548780487805,0.443585780525502,0.775862068965517,0.762282091917591,0.770290964777948,0.767228177641654,0.0645669291338583,0.248062015503876,0.785123966942149,0.778471138845554,0.688172043010753,0.760432766615147,0.763076923076923,0.790123456790123,0.00151975683890578,0.00153139356814701,0.761619190404798,0.00153609831029186,0.268217054263566,0.0015625,0.831007751937984,0.420634920634921,0.379478827361564,0.323574730354391,0.74375,0.003125,0.322429906542056,0.761538461538461,0.774193548387097,0.6671875,0.644144144144144,0.408682634730539,0.358662613981763,0.629984051036683,0.218125960061444,0.31619937694704,0.773228346456693,0.402535657686212,0.673879443585781,0.228971962616822,0.00159235668789809,0.226415094339623,0.537735849056604,0.769230769230769,0.724191063174114,0.443939393939394,0.632329635499208,0.806153846153846,0.764615384615385,0.769480519480519,0.770440251572327,0.776527331189711,0.774447949526814,0.614420062695925,0.517719568567026,0.782472613458529,0.225416036308623,0.229230769230769,0.768273716951788,0.00765696784073507,0.763157894736842,0.745682888540031,0,0.33974358974359,0.0015552099533437,0.772292993630573,0,0.780715396578538,0.773790951638066,0.230769230769231,0.775351014040562,0.769113149847095,0.841772151898734,0.76605504587156,0.775834658187599,0.00156494522691706,0.00156739811912226,0.752427184466019,0.825301204819277,0.781395348837209,0.00153609831029186,0.00152671755725191,0.240322580645161,0.401840490797546,0.580996884735203,0.00155763239875389,0.551181102362205,0,0.781446540880503,0.761217948717949,0.372424722662441,0.417682926829268,0.00153609831029186,0.489566613162119,0.598755832037325,0.719685039370079,0.783333333333333,0.812111801242236,0.218210361067504,0.778662420382166,0.0349206349206349,0.768,0.00158730158730159,0.776255707762557,0.0046656298600311,0.768987341772152,0.222044728434505,0.139717425431711,0,0,0.726844583987441,0.746815286624204,0.789554531490015,0.741885625965997,0.256488549618321,0.240126382306477,0.71585557299843,0.704892966360856,0,0.222919937205651,0.774091627172196,0.00155038759689922,0.761075949367089,0.796324655436447,0.277258566978193,0.0339506172839506,0.2203125,0.770897832817337,0.511146496815287,0.27724358974359,0.296650717703349,0.307692307692308,0.683279742765273,0.313664596273292,0.772151898734177,0.00156985871271586,0.739403453689168,0.756468797564688,0.00319488817891374,0.00155763239875389,0.234678624813154,0,0.232594936708861,0.77151799687011,0.705787781350482,0.22275641025641,0.221870047543582,0.750798722044728,0.79304897314376,0.553291536050157,0.036697247706422,0.226837060702875,0.0621019108280255,0.0158227848101266,0.00157728706624606,0.202786377708978,0.23609022556391,0.228706624605678,0.244615384615385,0.230293663060278,0.0286168521462639,0.0401234567901235,0.240188383045526,0.018957345971564,0.00966183574879227,0.0295031055900621,0.0200308166409861,0.0353846153846154,0.240188383045526,0.0217729393468118,0.215654952076677,0.232704402515723,0.0301109350237718,0.227629513343799,0.0367534456355283,0.23583460949464,0.244094488188976,0.227480916030534,0.219047619047619
"453",0.549689440993789,0.534142640364188,0.545180722891566,0.548895899053628,0.517774343122102,0.530516431924883,0.613394216133942,0.549230769230769,0.516666666666667,0.0046656298600311,0.518348623853211,0.00462962962962963,0.603395061728395,0.516535433070866,0.498489425981873,0.487915407854985,0.00603318250377074,0.0124804992199688,0.533950617283951,0.548238897396631,0.628185907046477,0.482758620689655,0.513719512195122,0.00762195121951219,0.566869300911854,0.552147239263804,0.551359516616314,0.521060842433697,0.68018018018018,0.663109756097561,0.485671191553544,0.648148148148148,0.646875,0.563748079877112,0.00604229607250755,0.513803680981595,0.0229007633587786,0.50609756097561,0.700740740740741,0.551415797317437,0.00460122699386503,0.0106544901065449,0.00903614457831325,0.525190839694657,0.625592417061611,0.496124031007752,0.612903225806452,0.475535168195719,0.624082232011747,0.554896142433234,0.0060790273556231,0.530864197530864,0.618320610687023,0.515432098765432,0.62402496099844,0.569444444444444,0.00632911392405063,0.541925465838509,0.55045871559633,0.591591591591592,0.549770290964778,0.6732223903177,0.485179407176287,0.0062992125984252,0.598130841121495,0.63001485884101,0.00764525993883792,0.525037936267071,0.00460122699386503,0.463565891472868,0.563988095238095,0.472644376899696,0.486196319018405,0.528614457831325,0.00457317073170732,0.674698795180723,0.502248875562219,0.627659574468085,0.60062893081761,0.579710144927536,0.00311526479750779,0.643609022556391,0.558867362146051,0.519756838905775,0.554198473282443,0.580060422960725,0.515933232169954,0.550989345509893,0.531914893617021,0.00738552437223043,0.523809523809524,0.505327245053272,0.00461538461538462,0.00460122699386503,0.55054432348367,0.00606980273141123,0.78907435508346,0.527272727272727,0.00452488687782805,0.0091324200913242,0.904761904761905,0.00763358778625954,0.709876543209877,0.527047913446677,0.566917293233083,0.524642289348172,0.00923076923076923,0.544615384615385,0.463338533541342,0.476335877862595,0.472727272727273,0.58359133126935,0.60882800608828,0.525502318392581,0.0062015503875969,0.534534534534535,0.651840490797546,0.00594353640416048,0.478787878787879,0.569659442724458,0.00447093889716841,0.661538461538462,0.701834862385321,0.510108864696734,0.535384615384615,0.558245083207262,0.521084337349398,0.514459665144597,0.00775193798449612,1,0.569465648854962,0.616588419405321,0.527950310559006,0.0060882800608828,0.527692307692308,0.477678571428571,0.00766871165644172,0.693623639191291,0.572317262830482,0.959375,0.00771604938271605,0.0062015503875969,0.551671732522796,0.647692307692308,0.550156739811912,0.513888888888889,0.464723926380368,0.595166163141994,0.583463338533541,0.529411764705882,0.631496062992126,0.518348623853211,0.506269592476489,0.602150537634409,0.532824427480916,0.458860759493671,0.530674846625767,0.465437788018433,0.00453857791225416,0.667692307692308,0.622526636225266,0.530581039755352,0.487218045112782,0.00606060606060606,0.509893455098935,0.594637223974763,0.527733755942948,0.527522935779816,0.522590361445783,0.554380664652568,0.530487804878049,0.486068111455108,0.54066265060241,0.477172312223859,0.593508500772797,0.591743119266055,0.0046801872074883,0.520610687022901,0.00455927051671732,0.564142194744977,0.524316109422492,0.537151702786378,0.540983606557377,0.583586626139818,0.513313609467456,0.537537537537538,0.547945205479452,0.6,0.573248407643312,0.57032457496136,0.502290076335878,0.484939759036145,0.535714285714286,0.625377643504532,0.00444444444444444,0.00765696784073507,0.787596899224806,0.0075642965204236,0.528614457831325,0.599700149925038,0.628086419753086,0.591117917304747,0.532137518684604,0.846511627906977,0.621460506706408,0.738317757009346,0.538931297709924,0.544186046511628,0.59304084720121,0.00617283950617284,0.600605143721634,0.660883280757098,0.559875583203733,0.465543644716692,0.511904761904762,0.974242424242424,0.537519142419602,0.539274924471299,0.619047619047619,0.537065052950076,0.603715170278638,0.0061633281972265,0.501515151515151,0.68133535660091,0.53582554517134,0.00764525993883792,0.519756838905775,0.542899408284024,0.969418960244648,0.576744186046512,0.523076923076923,0.520569620253165,0.831269349845201,0.0078125,0.58974358974359,0.647604327666152,0.558544303797468,0.487767584097859,0.547761194029851,0.514592933947773,0.503039513677812,0.561128526645768,0.615844544095665,0.5140625,0.546686746987952,0.598765432098765,0.472673559822747,0.467359050445104,0.52093023255814,0.472644376899696,0.62015503875969,0.758518518518518,0.470499243570348,0.483582089552239,0.482706766917293,0.939078751857355,0.490683229813665,0.5320813771518,0.00921658986175115,0.474320241691843,0.0060790273556231,0.698587127158556,0.534992223950233,0.513803680981595,0.57469512195122,0.00749625187406297,0.611023622047244,0.610015174506829,0.641221374045801,0.634848484848485,0.58868501529052,0.599071207430341,0.0107197549770291,0.493846153846154,0.582701062215478,0.641509433962264,0.547256097560976,0.490225563909774,0.718027734976888,0.485584218512898,0.550151975683891,0.54066265060241,0.519561815336463,0.603149606299213,0.00746268656716418,0.861702127659574,0.602167182662539,0.00764525993883792,0.477409638554217,0.6,0.526717557251908,0.00454545454545455,0.501519756838906,0.47175572519084,0.546728971962617,0.598736176935229,0.476340694006309,0.00766871165644172,0.844512195121951,0.528505392912173,0.717910447761194,0.607575757575758,0.764521193092622,0.541353383458647,0.483180428134557,0.512937595129376,0.519025875190259,0.473684210526316,0.557401812688822,0.5109375,0.549141965678627,0.519877675840979,0.565749235474006,0.638591117917305,0.741140215716487,0.542586750788643,0.557993730407524,0.0331825037707391,0.57433489827856,0.546707503828484,0.516030534351145,0.591381872213967,0.529141104294479,0.534142640364188,0.550680786686838,0.686915887850467,0.506746626686657,0.555038759689922,0.559939301972686,0.524922118380062,0.0061633281972265,0.65015015015015,0.849206349206349,0.494590417310665,0.0348484848484849,0.469879518072289,0.572932330827068,0.497730711043873,0.484709480122324,0.00589970501474926,0.559633027522936,0.531152647975078,0.535276073619632,0.535657686212361,0.559815950920245,0.532507739938081,0.756589147286822,0.735759493670886,0.638461538461538,0.5776,0.00451127819548872,0.623277182235835,0.475187969924812,0.480421686746988,0.638036809815951,0.53343701399689,0.487101669195751,0.00599700149925037,0.655538694992413,0.478851963746224,0.493769470404984,0.615146831530139,0.515527950310559,0.579192546583851,0.526315789473684,0.530674846625767,0.00606060606060606,0.516129032258065,0.463746223564955,0.536253776435045,0.630699088145897,0.533639143730887,0.496194824961948,0.548048048048048,0.468702290076336,0.570121951219512,0.63125,0.572289156626506,0.54940119760479,0.517611026033691,0.720183486238532,0.559633027522936,0.494768310911809,0.478134110787172,0.470149253731343,0.51301684532925,0.510670731707317,0.588957055214724,0.551829268292683,0.542586750788643,0.567771084337349,0.509146341463415,0.00473186119873817,0.534290271132376,0.515789473684211,0.473520249221184,0.00766871165644172,0.547692307692308,0.00943396226415094,0.471406491499227,0.51285930408472,0.557098765432099,0.0078003120124805,0.904320987654321,0.600924499229584,0.554858934169279,0.458074534161491,0.577812018489985,0.516380655226209,0.676056338028169,0.853252647503782,0.631578947368421,0.0031055900621118,0.635384615384615,0.528951486697966,0.528417818740399,0.591185410334346,0.512158054711246,0.518760195758564,0.491551459293395,0.00455927051671732,0.542728635682159,0.522273425499232,0.555384615384615,0.615151515151515,0.477272727272727,0.617647058823529,0.563636363636364,0.647342995169082,0.00914634146341463,0.637071651090343,0.647604327666152,0.636503067484663,0.0060790273556231,0.615262321144674,0.56989247311828,0.637853949329359,0.612951807228916,0.505847953216374,0.00596125186289121,0.00593471810089021,0.519061583577713,0.534954407294833,0.00454545454545455,0.600605143721634,0.00927357032457496,0.0029585798816568,0.00627943485086342,0.505376344086022,0.00609756097560976,0.539432176656151,0.748091603053435,1,0.51285930408472,0.00773993808049536,0.00464396284829721,0.517450682852807,0.557184750733138,0.659541984732824,0.462709284627093,0.00626959247648903,0.60790273556231,0.871016691957511,0.53030303030303,0.607250755287009,0.589861751152074,0.00307692307692308,0.540090771558245,0.470588235294118,0.558320373250389,0.504702194357367,0.00603318250377074,0.470149253731343,0.555727554179567,0.578525641025641,0.522205206738132,0.00759878419452888,0.571216617210683,0.540706605222734,0.516030534351145,0.00758725341426404,0.523364485981308,0.536065573770492,0.497652582159624,0.514459665144597,0.513595166163142,0.464231354642314,0.498484848484848,0.757251908396947,0.671296296296296,0.474885844748858,0.637209302325581,0.570987654320988,0.00928792569659443,0.481089258698941,0.547511312217195,0.489795918367347,0.677570093457944,0.584848484848485,0.0075642965204236,0.540419161676647,0.637209302325581,0.725880551301684,0.537404580152672,0.463452566096423,0.53984962406015,0.624405705229794,0.555555555555556,0.56752655538695,0.556067588325653,0.653188180404355,0.00778816199376947,0.542242703533026,0.481762917933131,0.518575851393189,0.85126582278481,0.48575712143928,0.512158054711246,0.520865533230294,0.516871165644172,0.578866768759571,0.533132530120482,0.60790273556231,0.664086687306502,0.574018126888218,0.622496147919877,0.0060790273556231,0.00606980273141123,0.527863777089783,0.547286821705426,0.479198767334361,0.53680981595092,0.541033434650456,0.833841463414634,0.584876543209877,0.760252365930599,0.606287425149701,0.00757575757575758,0.537867078825348,0.801857585139319,0.51840490797546,0.51063829787234,0.00728862973760933,0.686821705426357,0.534775888717156,0.474085365853659,0.652713178294574,0.58868501529052,0.620234604105572,0.649612403100775,0.542772861356932,0.51131221719457,0.5453125,0.521212121212121,0.546142208774584,0.765990639625585,0.553846153846154,0.52959028831563,0.511144130757801,0.00598802395209581,0.644478063540091,0.625377643504532,0.553353658536585,0.633738601823708,0.51840490797546,0.599063962558502,0.522796352583587,0.230884557721139,0.480769230769231,0.00764525993883792,0.628659476117103,0.477519379844961,0.465331278890601,0.586102719033233,0.00762195121951219,0.542372881355932,0.576399394856278,0.519938650306748,0.535552193645991,0.510015408320493,0.484520123839009,0.00599700149925037,0.00454545454545455,0.627358490566038,0.515527950310559,0.528417818740399,0.0060790273556231,0.462822458270106,0.507552870090634,0.194864048338369,0.762790697674419,0.528771384136858,0.935779816513762,0.538102643856921,0.645550527903469,0.645305514157973,0.00455927051671732,0.515195369030391,0.85,0.886996904024768,0.583952451708767,0.51963746223565,0.662121212121212,0.00910470409711684,0.557926829268293,0.563718140929535,0.00460829493087558,0.516081871345029,0.48411497730711,0.53870458135861,0.605740181268882,0.00771604938271605,0.00611620795107034,0.889423076923077,0.631336405529954,0.466565349544073,0.553846153846154,0.00930232558139535,0.00637958532695375,0.612184249628529,0.496894409937888,0.507154213036566,0.610271903323263,0.540419161676647,0.478195488721805,0.596969696969697,0.538582677165354,0.620253164556962,0.538461538461538,0.490076335877863,0.00766871165644172,0.497681607418856,0.0045662100456621,0.518853695324284,0.429252782193959,0.538461538461538,0.474885844748858,0.515822784810127,0.00303490136570561,0.591251885369532,0.667687595712098,0.533232628398791,0.00769230769230769,0.532428355957768,0.00614439324116743,0.609105180533752,0.528528528528528,0.00606980273141123,0.872727272727273,0.536209553158706,0.566770186335404,0.5609375,0.503030303030303,0.00775193798449612,0.520801232665639,0.540625,0.00588235294117647,0.652042360060514,0.469539375928678,0.484894259818731,0.504731861198738,0.512539184952978,0.507440476190476,0.52790346907994,0.525741029641186,0.00612557427258806,0.540458015267176,0.0148809523809524,0.810240963855422,0.577335375191424,0.533333333333333,0.515981735159817,0.536144578313253,0.525835866261398,0.0749235474006116,0.506870229007634,0.53577106518283,0.561746987951807,0.655538694992413,0.536144578313253,0.517910447761194,0.563444108761329,0.00598802395209581,0.0060790273556231,0.535502958579882,0.00600600600600601,0.505311077389985,0.00771604938271605,0.565548780487805,0.563380281690141,0.557299843014129,0.564296520423601,0.571209800918836,0.00759878419452888,0.553030303030303,0.507645259938838,0.539170506912442,0.650695517774343,0.843567251461988,0.577092511013216,0.545319465081724,0.597200622083981,0.466565349544073,0.514415781487102,0.889922480620155,0.558139534883721,0.642533936651584,0.479326186830015,0.00612557427258806,0.46551724137931,0.785714285714286,0.514150943396226,0.776595744680851,0.686478454680535,0.646969696969697,0.615733736762481,0.528358208955224,0.552215189873418,0.53343701399689,0.525741029641186,0.536321483771252,0.632872503840246,0.589665653495441,0.536547433903577,0.486764705882353,0.489614243323442,0.595166163141994,0.0105105105105105,0.520300751879699,0.519025875190259,0.00615384615384615,0.572769953051643,0.00613496932515337,0.536923076923077,0.0063391442155309,0.548484848484848,0.531107738998483,0.477996965098634,0.614678899082569,0.511415525114155,0.838810641627543,0.789954337899543,0.637345679012346,0.00604229607250755,0.00609756097560976,0.56043956043956,0.577092511013216,0.547799696509863,0.00732064421669107,0.00601503759398496,0.481012658227848,0.546268656716418,0.605504587155963,0.00307219662058372,0.604651162790698,0.00606060606060606,0.556765163297045,0.523291925465838,0.566929133858268,0.580451127819549,0.00449101796407186,0.599374021909233,0.595712098009188,0.549230769230769,0.539730134932534,0.716030534351145,0.47758887171561,0.530421216848674,0.0597243491577335,0.525502318392581,0.0076103500761035,0.516566265060241,0.00909090909090909,0.511737089201878,0.483231707317073,0.309262166405024,0.00604229607250755,0.0062402496099844,0.581325301204819,0.555729984301413,0.564491654021244,0.651057401812689,0.481536189069424,0.477165354330709,0.571209800918836,0.516516516516517,0.00313971742543171,0.47887323943662,0.539170506912442,0.00306278713629403,0.524332810047096,0.559577677224736,0.500763358778626,0.0287009063444109,0.473035439137134,0.519519519519519,0.6015625,0.501557632398754,0.525902668759812,0.538461538461538,0.658346333853354,0.534814814814815,0.532608695652174,0.00611620795107034,0.672307692307692,0.51285930408472,0.00921658986175115,0.00758725341426404,0.474702380952381,0.003125,0.49306625577812,0.516768292682927,0.631083202511774,0.489922480620155,0.46801872074883,0.97542242703533,0.553488372093023,0.659732540861813,0.0300751879699248,0.473851030110935,0.0577223088923557,0.0243161094224924,0.00770416024653313,0.416923076923077,0.457227138643068,0.470404984423676,0.490015360983103,0.467065868263473,0.0251177394034537,0.0392156862745098,0.491577335375191,0.0229357798165138,0.0110410094637224,0.0464396284829721,0.0274809160305344,0.0307692307692308,0.486902927580894,0.0271084337349398,0.452681388012618,0.471582181259601,0.0282131661442006,0.48159509202454,0.0566318926974665,0.48103186646434,0.464831804281346,0.482962962962963,0.46412213740458
"454",0.996860282574568,1,0.968036529680365,0.939252336448598,0.985959438377535,1,0.887345679012346,0.973846153846154,1,0,1,0,0.55521472392638,1,0.0442073170731707,0.00612557427258806,0,0.013719512195122,0.996840442338073,0.983282674772036,0.148148148148148,0.02660406885759,0.990839694656489,0,0.957251908396947,0.2328125,0.110419906687403,0.987577639751553,0.458646616541353,0.686453576864536,0,0.679506933744222,0.766355140186916,0.281345565749235,0,1,0.0167682926829268,0.996946564885496,0.25,0.90785498489426,0.0015527950310559,0.0153139356814701,0.00769230769230769,1,0.773015873015873,0.0170807453416149,0.500772797527048,0,0.457957957957958,0.134238310708899,0,0.995327102803738,0.253435114503817,1,0.879120879120879,0.151799687010955,0,0.977917981072555,0.9558599695586,0.901990811638591,0.28657616892911,0.4209726443769,0,0,0.894819466248038,0.818042813455658,0,0.992319508448541,0,0,0.862891207153502,0.00454545454545455,0.015527950310559,1,0,0.702255639097744,0.0417287630402385,0.554711246200608,0.896062992125984,0.254071661237785,0,0.705792682926829,0.19969512195122,0.998496240601504,0.105426356589147,0.900751879699248,0.996951219512195,0.969465648854962,0.964777947932619,0.013677811550152,0.986068111455108,1,0,0,0.975039001560062,0,0.286798179059181,0.978428351309707,0.0091324200913242,0.0108527131782946,0.603395061728395,0,0.264890282131661,1,0.0974512743628186,1,0.0124223602484472,0.980061349693252,0,0.00615384615384615,0.0045662100456621,0.907668231611894,0.316109422492401,0.993874425727412,0,0.986363636363636,0.700617283950617,0,0,0.212538226299694,0,0.765069551777434,0.249617151607963,0.0782472613458529,0.972434915773354,0.142201834862385,0.998487140695915,0.996946564885496,0,0.531393568147014,0.934681181959565,0.473767885532591,0.990506329113924,0,0.995268138801262,0.0242792109256449,0,0.194704049844237,0.611801242236025,0.51033386327504,0,0,0.981481481481482,0.75920245398773,0.155763239875389,1,0.00465116279069767,0.91969696969697,0.393364928909953,0.980480480480481,0.131955484896661,0.984639016897081,1,0.83695652173913,0.993846153846154,0,1,0,0,0.729393468118196,0.868181818181818,0.980152671755725,0.0121396054628225,0,1,0.430599369085173,1,1,1,0.281391830559758,0.982919254658385,0.0015552099533437,0.946107784431138,0,0.896389324960754,0.351766513056836,0,0.983050847457627,0,0.840490797546012,1,0.120556414219474,0.980273141122914,0.951145038167939,0.992537313432836,0.972850678733032,0.091324200913242,0.36322188449848,0.929824561403509,0.946540880503145,0.0482115085536547,0.00302571860816944,0.976671850699845,0.851063829787234,0,0,0.283513097072419,0.00154083204930663,1,0.239457831325301,0.873217115689382,0.737237237237237,0.98936170212766,0.424764890282132,0.422087745839637,0.279320987654321,0.924031007751938,0.964939024390244,0.881559220389805,0,0.880121396054628,0.1728,0.942989214175655,0,0.0598802395209581,0.527522935779816,0.975609756097561,0.978787878787879,0.827272727272727,0.998480243161094,0.896284829721362,0,0.0645161290322581,0.654961832061069,0.993650793650794,0,0.994100294985251,0.979197622585438,0.537037037037037,0.533434650455927,0.990811638591118,1,0.355140186915888,0,0.881913303437967,0.516717325227964,0.968253968253968,0,0.957831325301205,0.998439937597504,1,0.953198127925117,0.526395173453997,0.00154320987654321,0.967340590979782,0.530674846625767,0.00149925037481259,0.00149925037481259,0.195084485407066,0,0.145736434108527,0.663636363636364,0,0.00303030303030303,0.00923076923076923,0.581570996978852,0.0372670807453416,0.984326018808777,0.0140845070422535,0,0,0.227202472952087,1,0.978260869565217,0.905343511450382,0,0.874608150470219,0.850074962518741,0.670769230769231,0.595712098009188,0.452054794520548,0.428571428571429,0.0138888888888889,1,0.0928462709284627,0.688394276629571,0.955038759689922,0.0107033639143731,0.740740740740741,0.00151745068285281,0.102918586789555,1,1,0.8890625,0,0.637853949329359,0.883540372670807,0,0,0.89039039039039,0.979938271604938,0,0,0.00151745068285281,0.977917981072555,0.880804953560371,0,0,0.376923076923077,0.990726429675425,0.780487804878049,0.37442218798151,0.65527950310559,0.963525835866261,0.00927357032457496,1,1,0.00619195046439629,0.96969696969697,1,0.973228346456693,0.998466257668712,0.168730650154799,0.310291858678955,0.275494672754947,0.975232198142415,0.941082802547771,0.0487804878048781,0.246511627906977,0.976851851851852,0.143950995405819,0.29745889387145,0.993855606758833,0.996918335901387,0.974085365853659,0.684044233807267,0.996992481203008,0.225352112676056,0.960606060606061,0.996879875195008,0,0.308510638297872,0.540123456790123,0.0139968895800933,0.053030303030303,0.00742942050520059,0.912844036697248,0.0180722891566265,0,0,0.209480122324159,0.993779160186625,0.0702290076335878,0.985736925515055,0.965678627145086,0.986111111111111,0.273291925465839,0.279179810725552,0.6578125,0.447619047619048,0,0.812307692307692,0.0134328358208955,0.0393343419062027,0.18910741301059,1,0.00154083204930663,0,0.318250377073906,0.0060882800608828,0.0188087774294671,0.469040247678019,1,0.256609642301711,1,0.967791411042945,0,0.989720998531571,0,1,0.826625386996904,1,0.00923076923076923,0.978787878787879,0,0.88109756097561,0.705229793977813,0.94359756097561,0.984567901234568,0.996983408748115,0.270642201834862,0.9671875,1,0,0.0217054263565891,1,1,0.310030395136778,0.881024096385542,0.966824644549763,0.953775038520801,1,0,0.106012658227848,1,0.0015527950310559,0,0.965891472868217,0.0125195618153365,0.0395569620253165,1,0.966412213740458,0.00471698113207547,0.61633281972265,0.406779661016949,0.980830670926518,0.00156985871271586,0.870253164556962,0.996865203761755,0.355694227769111,0.603915662650602,0.78783151326053,0,0.15527950310559,0.975270479134467,1,0.432307692307692,1,0.971061093247588,0.0277349768875193,0.00154320987654321,0.983308042488619,0.99537750385208,0.956723338485317,0.677272727272727,0.0061633281972265,0.862928348909657,0.237082066869301,0.178743961352657,0.00768049155145929,0.601550387596899,0.598755832037325,0.602134146341463,0,0.265402843601896,0.910798122065728,0.621951219512195,0.508371385083714,0.0739644970414201,0,0,1,0.973134328358209,0,0.920245398773006,0.0124031007751938,0,0,1,0,1,0.764885496183206,0.51285930408472,1,0,0,0.993855606758833,0.96390977443609,0.715384615384615,0,0.00316455696202532,0.874811463046757,0.594180704441041,1,0.518237082066869,0.326186830015314,0,0.98,0,0.951181102362205,0.0815047021943574,0,0.00603318250377074,0.107981220657277,0.475040257648953,0.969230769230769,0,0.951038575667656,0.97869101978691,1,0,0.059748427672956,0.928687196110211,0.00322061191626409,1,1,0.00749625187406297,1,0.289393939393939,0.795731707317073,0.0108695652173913,0.152755905511811,0.9629057187017,0.0124031007751938,0,0.969512195121951,0.00631911532385466,0.634796238244514,0.3801261829653,0,0.101669195751138,0.740973312401884,0.25,0.97428139183056,0,0.145015105740181,0.444620253164557,0.946969696969697,0.885369532428356,0.96141975308642,0.735433070866142,0,0.983257229832572,0,0.966205837173579,0.37245696400626,0,1,1,1,0.619266055045872,0.984709480122324,0.125193199381762,0.17984496124031,0.946483180428135,0.87211093990755,0,0,0.992248062015504,0.9392,0.015748031496063,0.98297213622291,0.990839694656489,0.362519201228879,0.932917316692668,0.724458204334365,0.879464285714286,0,0.967136150234742,0.333333333333333,1,0.998459167950693,0,0.633181126331811,0.973478939157566,0,0.689335394126739,0.356814701378254,0.790490341753343,0.686028257456829,0.955423476968796,0.0769230769230769,0.984276729559748,1,0.980332829046899,0.287284144427002,0.0958268933539413,0.990811638591118,1,0.00906344410876133,0.766467065868264,0.441578148710167,0.23969465648855,0.7601246105919,1,0.876947040498442,1,0.121212121212121,0,0,0.822706065318818,0,0,0.256172839506173,0,0.989164086687306,0.913636363636364,0.998468606431853,0.993893129770992,0.0865533230293663,0,0,0,0.164296998420221,0.0759493670886076,0.137984496124031,0,0,1,0.00749625187406297,0.292834890965732,1,0.575803981623277,0.972006220839813,0.649468892261001,0.627450980392157,0,1,0.386895475819033,0.503115264797508,0.919881305637982,0.987860394537178,0.374810318664643,0.0121765601217656,0.945987654320988,0.95166163141994,0,0.962178517397882,0.0150375939849624,0.985714285714286,0.405819295558959,0,0.0105740181268882,0.513687600644122,0.835403726708075,0,0.126168224299065,0.0138248847926267,0.00158478605388273,0.740356083086053,0.02,1,0.296240601503759,0.992537313432836,0,0.36969696969697,0.316037735849057,0.863849765258216,0.0942492012779553,0.00459418070444104,0.00303951367781155,0.0375,0,0.995508982035928,0.0381558028616852,0.982169390787519,0.00469483568075117,1,0,0.506870229007634,0.442724458204334,1,0,0.998491704374057,0,0.358851674641148,0.989393939393939,0,0.644916540212443,0.978494623655914,0.731182795698925,0.952755905511811,0.0343283582089552,0,1,0.233070866141732,0,0.677862595419847,0,0.0165912518853695,1,1,0.99236641221374,0.968895800933126,0.981308411214953,0,0.978527607361963,0.0242057488653555,0.343465045592705,0.265648854961832,0.992319508448541,0.992295839753467,0.995433789954338,0.99390243902439,0.0581039755351682,0.0121765601217656,0.982484076433121,0.958461538461538,0.705438066465257,0.980213089802131,1,0.97125567322239,0,0,0.983727810650888,0,0.0547112462006079,0,0.953416149068323,0.25,0.211023622047244,0.109756097560976,0.927672955974843,0,0.10077519379845,1,1,0.627118644067797,0.401481481481481,0.199121522693997,0.171130952380952,0.640062597809077,0,0.110764430577223,0.538819875776398,0.23950233281493,0.686838124054463,0.00920245398773006,0,0,0.308777429467085,1,0.626339969372129,0.211764705882353,0.600308641975309,0.876335877862595,0.989614243323442,0.955696202531646,0.979655712050078,1,0.998432601880878,0.541411042944785,0.400914634146341,1,0.00148367952522255,0.00750750750750751,0.874806800618238,0.013595166163142,1,0.970858895705521,0,0.104851330203443,0,0.953416149068323,0,0.975609756097561,1,0.00758725341426404,0.838461538461538,1,0.646687697160883,0.611111111111111,0.871632329635499,0,0,0.927652733118971,0.941176470588235,0.987915407854985,0,0,0,0.213114754098361,0.481538461538462,0,0.443759630200308,0,0.92846034214619,1,0.152886115444618,0.222900763358779,0,0.337539432176656,0.582945736434109,0.863705972434916,0.960665658093797,0.770642201834862,0,0.987441130298273,0.0155763239875389,1,0,0.980392156862745,0.00921658986175115,1,0.014018691588785,0.00771604938271605,0,0,0.822530864197531,0.929245283018868,0.933035714285714,0.713213213213213,0.0254110612855007,0.00461538461538462,0.833080424886191,0.823353293413174,0,0.0139968895800933,0.970814132104455,0,0.988976377952756,0.953030303030303,0.0532724505327245,0.0459418070444104,0.00308641975308642,1,0.455538221528861,0.0690184049079755,0.0916271721958926,0.106382978723404,0.681528662420382,0.0935143288084465,1,0,0.7425431711146,0.981707317073171,0.00463678516228748,0,0,0,0,1,0.709320695102686,0,0,0.536891679748823,0.955038759689922,0.426829268292683,0.0508982035928144,0,0.054858934169279,0.0183206106870229,0,0.0276923076923077,0.00451127819548872,0,0.00904977375565611,0,0.0465116279069767,0.0606980273141123,0.0121951219512195,0.0214723926380368,0.00471698113207547,0.0262345679012346,0.0258358662613982,0.0578386605783866,0.00307219662058372,0.0231124807395994,0,0.00306278713629403,0.0438871473354232,0.00625,0.0226928895612708,0,0.0321592649310873,0.00148809523809524,0
"455",0,0,0,0,0,0,0.0125195618153365,0.00159489633173844,0,1,0,1,0,0,0,0,1,0.984152139461173,0,0,0,0,0,1,0,0,0,0,0,0,0,0,0.0016025641025641,0,1,0,0.976114649681529,0,0,0,0.9984,0.984447900466563,0.993670886075949,0,0,0,0,0,0,0,1,0,0,0,0.0145395799676898,0,1,0,0.00318471337579618,0,0,0,0,1,0,0,1,0,1,0,0,0,0,0,1,0.00156739811912226,0,0,0.00162337662337662,0,1,0,0,0,0,0,0,0,0.00314465408805031,0.989096573208723,0,0,1,1,0,1,0.0142405063291139,0,0.991974317817014,0.990353697749196,0.0112721417069243,1,0,0,0,0,0.988709677419355,0.00316957210776545,0,0,0,0.0144694533762058,0,0,1,0,0,1,0,0,1,0.00159744408945687,0,0,0,0,0,0,1,0.00788643533123028,0,0,0,1,0,0,1,0,0,0.0066334991708126,1,1,0,0,0,0,0,0,0,0,0,0,0,0,0,0,0,0,1,0,0.00634920634920635,0,0,1,0,0,0,0,0,0,0,0,0,0,0.0032,0,1,0,1,0,0,0,0,0,0,0,0,0,0,0,0,0,0,0.0207336523125997,1,1,0,0.9984,0,0,0.0113268608414239,0,0,0,0,0,0,0,0.0015600624024961,1,0,0,0,0,0,0.00321543408360129,0,0,0.0015625,0,0,1,0,0,0,1,0,0,0.00474683544303797,0,0,0,0.0192926045016077,1,0.0139751552795031,0,0,0,0,0,0,0,0,0,0,0,0,0,0,0,0,0,0,0,0,0,0,0,0.988691437802908,0,1,0.00323624595469256,0,0,0,1,0.00163934426229508,0.0031104199066874,0,0,0,0,0.987460815047022,0,0,0,0,0,0,0,0,0,0,0.0129449838187702,1,0,0.0160771704180064,1,0,0.0141065830721003,0.00161290322580645,1,0,0,0,0,0,1,0.0144927536231884,0,0,0,0,0,0,0,0,0,0,0,0,0,0,0,0,0.0032626427406199,0,0.945686900958466,0,0,0,0,0,0,0,0,0,0,0,0,1,0,0.00803858520900321,0,0.940988835725678,0,0,0,0,1,0,0,0,0,0,0,0,0,0,0,1,0,0,0,0,0,0,1,0,0,0,0.00322061191626409,0,0,0,0,1,0,0,0,0,0,0,0,0,0,0,0,0,0.00158478605388273,0,0,0,0,0,0,0,0,0,0,0,0,1,0,0,0,1,0,0.990353697749196,0,0,0,0.995137763371151,0.0111642743221691,0,0,0,0,0,0,0,0,1,0,0.00162074554294976,0,0,0,0,0,0.998415213946117,0,0,0,0,0,0.00641025641025641,0,0.0133779264214047,0.993779160186625,0,0,0,1,0,0.00161290322580645,0,0,0,1,1,0,0,1,0,0.988617886178862,1,1,0,1,0,0.00157728706624606,0.00773993808049536,0,1,1,0,0,0,0,0.998349834983498,0.0173228346456693,0,0,0,0,1,0,0,0.00158982511923688,0,1,0,0,0,0.00156985871271586,1,0,0,0,1,0,0,0,0,0,0,0,0,0,0,0.00164473684210526,0,0.990369181380417,0,0,0,0,0.0145395799676898,1,0,0.00327868852459016,0,0,0,0,0,0,0,0,0,1,0,0,0,0.00488599348534202,0,0,0,0,0,0,0,0,0,0.0144230769230769,1,1,0,0,0,0,0,0,0,0,0.015527950310559,1,0,0.0144694533762058,0,0,1,0,0,0,0.00162866449511401,0,0,0,0,0,0.00327868852459016,0,0,0.0165562913907285,0.0269413629160063,0,0,0.992050874403816,0,0,0,0,0,0,0,0.7703125,0,1,0.00157977883096367,0,0,0,1,0,0,0,0,0,0,1,1,0,0,0,1,0,0,0.555555555555556,0,0,0.00938967136150235,0,0,0,1,0,0,0,0.00464396284829721,0,0,0.990369181380417,0,0,1,0.0015552099533437,0,0,0,1,0.990536277602524,0,0,0,0,0.987138263665595,0.998387096774194,0,0,0,0,0,0,0,0,0.00648298217179903,0,0,0.998402555910543,0,1,0,0.155482815057283,0.0015552099533437,0,0,1,0,0,0,1,0,1,0,0,1,0.0188087774294671,0,0,0.0016260162601626,0,1,0,0,1,0,0,0,0,0,0,0.00315457413249211,0,1,0,0.9808,0.0188087774294671,0,0,0,0,0,0.9136,0,0,0,0,0,0,0,1,1,0,1,0,0.998381877022654,0,0,0,0,0,1,0,0,0,0,0,0,0,0,0,0,0,0,0,0,1,0,0.0161550888529887,0,0.0299684542586751,0,0,0.00627943485086342,0,0.00164473684210526,0,0,0,0,0,0,0,0,0.00319488817891374,0.987596899224806,0,0,1,0,1,0,1,0,0,0,0,0,0.00161812297734628,0,0.0194489465153971,1,1,0,0,0,1,1,0,0,0,1,0,1,0,0,0.0318979266347687,0,1,0,0,0,0,0,0,0,0.899053627760252,0,1,0,0.992125984251969,0,0,0.349673202614379,1,1,0.00158227848101266,0,0.00941915227629513,0,0,0,0,0,1,0,0,1,0,0,0,0.9552,0,0,0,0,0,0,0,0,0,1,0,0,0.996768982229402,1,0,1,0,0,0,0,0,0.00642054574638844,0.00482315112540193,0,0.948598130841122,0,0.895595432300163,0.976152623211447,1,0.154093097913323,0,0,0.00311526479750779,0,0.951456310679612,0.937699680511182,0,0.977812995245642,0.993506493506494,0.947535771065183,0.972843450479233,0.938871473354232,0,0.9664,0,0,0.951534733441034,0,0.922720247295209,0,0.055379746835443,0,0
"456",0,0,0,0,0,0,0.00970873786407767,0,0,1,0,1,0,0,0,0,1,0.982371794871795,0,0,0,0,0,1,0,0,0,0,0,0,0,0,0.00158730158730159,0,1,0,0.981072555205047,0,0,0,1,0.981279251170047,0.993779160186625,0,0,0,0,0,0,0,1,0,0,0,0.00966183574879227,0,1,0,0.00157977883096367,0,0,0,0,1,0,0,1,0,1,0,0,0,0,0,1,0.00156985871271586,0,0,0.00162074554294976,0,1,0,0,0,0,0,0,0,0.003125,0.987519500780031,0,0,1,1,0,1,0.0127186009538951,0,0.992260061919505,0.990415335463259,0.00625978090766823,1,0,0,0,0,0.988871224165342,0.00160513643659711,0,0,0,0.0127591706539075,0,0,1,0,0,1,0,0,1,0.00158982511923688,0,0,0,0,0,0,1,0.00463678516228748,0,0,0,1,0,0,1,0,0,0.00325732899022801,1,1,0,0,0,0,0,0,0,0,0,0,0,0,0,0,0,0,1,0,0.00462249614791988,0,0,1,0,0,0,0,0,0,0,0,0,0,0.00321543408360129,0,1,0,1,0,0,0,0,0,0,0,0,0,0,0,0,0,0,0.0174050632911392,1,1,0,1,0,0,0.0064,0,0,0,0,0,0,0,0.00155763239875389,1,0,0,0,0,0,0.00314465408805031,0,0,0.00156739811912226,0,0,1,0,0,0,1,0,0,0.00317460317460317,0,0,0,0.0176,1,0.0109034267912773,0,0,0,0,0,0,0,0,0,0,0,0,0,0,0,0,0,0,0,0,0,0,0,0.988976377952756,0,1,0.00161290322580645,0,0,0,1,0.0016366612111293,0.00313971742543171,0,0,0,0,0.989010989010989,0,0,0,0,0,0,0,0,0,0,0.011400651465798,1,0,0.0112721417069243,1,0,0.010752688172043,0,1,0,0,0,0,0,1,0.0142857142857143,0,0,0,0,0,0,0,0,0,0,0,0,0,0,0,0,0.00161290322580645,0,0.948031496062992,0,0,0,0,0,0,0,0,0,0,0,0,1,0,0.00323624595469256,0,0.942367601246106,0,0,0,0,1,0,0,0,0,0,0,0,0,0,0,1,0,0,0,0,0,0,1,0,0,0,0.00316957210776545,0,0,0,0,1,0,0,0,0,0,0,0,0,0,0,0,0,0.0031496062992126,0,0,0,0,0,0,0,0,0,0,0,0,1,0,0,0,1,0,0.990291262135922,0,0,0,0.996815286624204,0.00634920634920635,0,0,0,0,0,0,0,0,1,0,0,0,0,0,0,0,0.998412698412698,0,0,0,0,0,0.004739336492891,0,0.0148760330578512,0.993730407523511,0,0,0,1,0,0.00159744408945687,0,0,0,1,1,0,0,1,0,0.986991869918699,1,1,0,1,0,0.0016,0.00464396284829721,0,1,1,0,0,0,0,0.996742671009772,0.0172143974960876,0,0,0,0,1,0,0,0.00159489633173844,0,1,0,0,0,0.00159489633173844,1,0,0,0,1,0,0,0,0,0,0,0,0,0,0,0,0,0.990291262135922,0,0,0,0,0.0128617363344051,1,0,0.00328407224958949,0,0,0,0,0,0,0,0,0,1,0,0,0,0.00325732899022801,0,0,0,0,0,0,0,0,0,0.00946372239747634,1,1,0,0,0,0,0,0,0,0,0.0140405616224649,1,0,0.014218009478673,0,0,1,0,0,0,0.00161030595813205,0,0,0,0,0,0.00163398692810458,0,0,0.0146818923327896,0.0248447204968944,0,0,0.993730407523511,0,0,0,0,0,0,0,0.794753086419753,0,1,0.00158730158730159,0,0,0,1,0,0,0,0,0,0,1,1,0,0,0,1,0,0,0.567651632970451,0,0,0.0048,0,0,0,1,0,0,0,0.0015625,0,0,0.99211356466877,0,0,1,0.0015527950310559,0,0,0,1,0.990580847723705,0,0,0,0,0.987421383647799,1,0,0,0,0,0,0,0,0,0.00485436893203883,0,0,0.998402555910543,0,1,0,0.153719008264463,0,0,0,1,0,0,0,1,0,1,0,0,1,0.013953488372093,0,0,0.00162074554294976,0,1,0,0,1,0,0,0,0,0,0,0.00321027287319422,0,1,0,0.975,0.0172413793103448,0,0,0,0,0,0.923317683881064,0,0,0,0,0,0,0,1,1,0,1,0,0.998389694041868,0,0,0,0,0,1,0,0,0,0,0,0,0,0,0,0,0,0,0,0,1,0,0.0161030595813204,0,0.0254777070063694,0,0,0.0046801872074883,0,0.00162866449511401,0,0,0,0,0,0,0,0,0.00318979266347687,0.989010989010989,0,0,1,0,1,0,1,0,0,0,0,0,0.00161812297734628,0,0.0143540669856459,1,1,0,0,0,1,1,0,0,0,1,0,1,0,0,0.0317965023847377,0,1,0,0,0,0,0,0,0,0.889067524115756,0,1,0,0.990551181102362,0,0,0.372168284789644,1,1,0.00158730158730159,0,0.00623052959501558,0,0,0,0,0,1,0,0,1,0,0,0,0.956181533646322,0,0,0,0,0,0,0,0,0,1,0,0,0.995222929936306,1,0,1,0,0,0,0,0,0.00494233937397035,0.00314465408805031,0,0.950233281493002,0,0.897727272727273,0.981308411214953,1,0.161392405063291,0,0,0.0046583850931677,0,0.9472,0.938582677165354,0,0.980891719745223,0.993388429752066,0.952830188679245,0.973186119873817,0.939346811819596,0,0.971518987341772,0,0,0.952691680261011,0,0.938366718027735,0,0.0609951845906902,0,0
"457",0.988835725677831,0.995290423861852,0.967391304347826,0.92914653784219,0.980952380952381,0.992138364779874,0.891373801916933,0.974723538704581,0.996899224806202,0,0.9921875,0,0.565420560747664,0.9936,0.0484375,0.0125984251968504,0,0.0142630744849445,0.993537964458804,0.981072555205047,0.162790697674419,0.0453808752025932,0.9859375,0,0.959938366718028,0.262658227848101,0.119122257053292,0.983974358974359,0.470679012345679,0.679012345679012,0.00766871165644172,0.695652173913043,0.778481012658228,0.303405572755418,0,0.995319812792512,0.013953488372093,0.99075500770416,0.255287009063444,0.899536321483771,0.00156739811912226,0.0153609831029186,0.00465116279069767,0.996884735202492,0.776699029126214,0.0271565495207668,0.525660964230171,0.00777604976671851,0.469230769230769,0.13677811550152,0,1,0.270897832817337,0.992138364779874,0.878740157480315,0.155339805825243,0,0.974960876369327,0.954758190327613,0.906976744186046,0.307453416149068,0.440809968847352,0.0064,0,0.908227848101266,0.827102803738318,0,0.984152139461173,0,0.00802568218298555,0.858678955453149,0.0109204368174727,0.0221870047543582,0.993865030674847,0,0.713178294573643,0.0513219284603421,0.576744186046512,0.903846153846154,0.26865671641791,0,0.718266253869969,0.213740458015267,0.990726429675425,0.115987460815047,0.902476780185758,0.990595611285266,0.960567823343849,0.961538461538462,0.00920245398773006,0.985915492957746,0.992150706436421,0,0,0.973270440251572,0,0.294027565084227,0.975346687211094,0.0062015503875969,0.00788643533123028,0.606299212598425,0,0.283018867924528,0.993710691823899,0.106317411402157,0.993527508090615,0.00946372239747634,0.9734375,0.00797448165869218,0.0124416796267496,0.0124804992199688,0.907523510971787,0.333850931677019,0.984301412872841,0,0.981651376146789,0.715625,0,0.00615384615384615,0.225908372827804,0,0.774603174603175,0.253894080996885,0.0878594249201278,0.973270440251572,0.158950617283951,0.989409984871407,0.987596899224806,0,0.539906103286385,0.939873417721519,0.495238095238095,0.9826224328594,0,0.990384615384615,0.031104199066874,0,0.213036565977742,0.623233908948195,0.511290322580645,0,0,0.976851851851852,0.768388106416275,0.179936305732484,0.9953125,0.0110410094637224,0.925581395348837,0.42741935483871,0.972136222910217,0.144951140065147,0.974643423137876,0.995230524642289,0.846034214618974,0.989197530864197,0.00318979266347687,0.995398773006135,0.00625978090766823,0,0.746031746031746,0.87211093990755,0.984399375975039,0.0247678018575851,0,0.993865030674847,0.463934426229508,0.995145631067961,0.992319508448541,0.992295839753467,0.302611367127496,0.975384615384615,0.00628930817610063,0.952599388379205,0.0060882800608828,0.90521327014218,0.376160990712074,0,0.990566037735849,0,0.841860465116279,0.992150706436421,0.116352201257862,0.979719188767551,0.945141065830721,0.992401215805471,0.966867469879518,0.093167701863354,0.38366718027735,0.917591125198098,0.938871473354232,0.0642633228840125,0.0093167701863354,0.979397781299525,0.857142857142857,0,0,0.288188976377953,0.0015748031496063,0.996913580246914,0.261275272161742,0.879032258064516,0.7515625,0.984591679506934,0.423197492163009,0.441823899371069,0.288461538461538,0.915625,0.968152866242038,0.882896764252696,0,0.891304347826087,0.182108626198083,0.941455696202532,0.0062015503875969,0.0691244239631336,0.524332810047096,0.969183359013868,0.978593272171254,0.834108527131783,0.992150706436421,0.892018779342723,0,0.0737833594976452,0.667697063369397,0.9888,0,0.990683229813665,0.983206106870229,0.5375,0.56055900621118,0.982731554160126,0.991961414790997,0.356466876971609,0,0.882262996941896,0.523659305993691,0.974151857835218,0.00613496932515337,0.955453149001536,0.990491283676704,0.992199687987519,0.95260663507109,0.530326594090202,0.00317965023847377,0.971875,0.539657853810264,0.00909090909090909,0.00454545454545455,0.205087440381558,0.00791139240506329,0.155448717948718,0.670788253477589,0.00310077519379845,0.00777604976671851,0.015600624024961,0.573170731707317,0.045958795562599,0.981072555205047,0.0110236220472441,0.0046875,0,0.222047244094488,0.991961414790997,0.975039001560062,0.900466562986003,0,0.881329113924051,0.861538461538462,0.694488188976378,0.609717868338558,0.4640625,0.457006369426752,0.0106870229007634,0.992088607594937,0.105754276827372,0.707472178060413,0.966257668711656,0.0203761755485893,0.748807631160572,0.0094488188976378,0.135176651305684,0.99537037037037,0.993517017828201,0.894230769230769,0,0.627329192546584,0.880763116057234,0,0.00618238021638331,0.889908256880734,0.979495268138801,0,0.00934579439252336,0.00617283950617284,0.976114649681529,0.89171974522293,0.00634920634920635,0,0.3671875,0.9888,0.785276073619632,0.403426791277259,0.665620094191523,0.958588957055215,0.0141287284144427,0.992331288343558,0.993700787401575,0.0123456790123457,0.961597542242704,0.996875,0.972929936305732,0.990740740740741,0.177570093457944,0.315707620528771,0.28328173374613,0.972712680577849,0.943089430894309,0.05,0.261829652996845,0.976452119309262,0.157650695517774,0.294736842105263,0.989045383411581,0.998449612403101,0.968652037617555,0.698234349919743,0.989214175654854,0.239234449760766,0.970496894409938,0.992050874403816,0,0.321981424148607,0.530903328050713,0.0233644859813084,0.0512422360248447,0.013719512195122,0.91692789968652,0.0278207109737249,0.0062111801242236,0,0.219662058371736,0.984350547730829,0.0825545171339564,0.982171799027553,0.973228346456693,0.984399375975039,0.282714054927302,0.280844155844156,0.672985781990521,0.468599033816425,0,0.827856025039124,0.0181818181818182,0.0533536585365854,0.19375,0.992076069730586,0.00928792569659443,0,0.331768388106416,0.0156739811912226,0.0271565495207668,0.486443381180223,0.995327102803738,0.265040650406504,0.99347471451876,0.965463108320251,0,0.983606557377049,0.00759878419452888,0.992272024729521,0.83695652173913,0.991961414790997,0.0188679245283019,0.9765625,0.00631911532385466,0.874608150470219,0.719101123595506,0.946236559139785,0.982919254658385,0.990580847723705,0.284829721362229,0.966453674121406,0.992331288343558,0.0077639751552795,0.0280373831775701,0.995245641838352,0.992248062015504,0.326498422712934,0.877519379844961,0.957723577235772,0.953416149068323,0.995398773006135,0,0.122186495176849,0.995319812792512,0.00642054574638844,0,0.963779527559055,0.00798722044728434,0.055205047318612,0.992283950617284,0.970404984423676,0.00317460317460317,0.621236133122029,0.430599369085173,0.981132075471698,0.00806451612903226,0.873015873015873,0.990338164251208,0.380952380952381,0.591263650546022,0.8,0,0.161240310077519,0.9744,0.99375,0.447204968944099,0.99537037037037,0.965573770491803,0.0329153605015674,0.00154798761609907,0.983076923076923,0.988906497622821,0.945482866043614,0.685496183206107,0.0139318885448916,0.870458135860979,0.242472266244057,0.166942148760331,0.00609756097560976,0.626984126984127,0.607535321821036,0.618380062305296,0,0.2864,0.911076443057722,0.642089093701997,0.517665130568356,0.0899550224887556,0,0,0.992526158445441,0.967889908256881,0,0.923317683881064,0.0110935023771791,0,0,0.993650793650794,0,0.993506493506494,0.760188087774295,0.517450682852807,0.993855606758833,0,0,1,0.965361445783133,0.718701700154559,0.00765696784073507,0.00160513643659711,0.877300613496933,0.582554517133956,0.992307692307692,0.533536585365854,0.353503184713376,0,0.978560490045942,0.00794912559618442,0.958795562599049,0.102893890675241,0,0.0151975683890578,0.120879120879121,0.490998363338789,0.967391304347826,0,0.954337899543379,0.973186119873817,0.995341614906832,0,0.0742496050552923,0.941653160453809,0.00969305331179321,0.992272024729521,0.992331288343558,0.0141287284144427,0.995334370139969,0.299382716049383,0.811023622047244,0.0188679245283019,0.168503937007874,0.959627329192547,0.00947867298578199,0.00619195046439629,0.970903522205207,0.014218009478673,0.658730158730159,0.400630914826498,0,0.116903633491311,0.746794871794872,0.257410296411856,0.974960876369327,0.00627943485086342,0.154198473282443,0.464926590538336,0.952599388379205,0.888888888888889,0.960567823343849,0.754358161648177,0,0.983076923076923,0.00619195046439629,0.96513470681458,0.3808,0.0076103500761035,0.993798449612403,0.992076069730586,0.995161290322581,0.644859813084112,0.984496124031008,0.139280125195618,0.194267515923567,0.937888198757764,0.879256965944272,0,0,0.987519500780031,0.926868044515103,0.0255591054313099,0.981191222570533,0.989164086687306,0.361963190184049,0.933333333333333,0.732594936708861,0.885844748858447,0,0.96551724137931,0.32755905511811,0.993710691823899,0.992199687987519,0,0.63349131121643,0.973058637083994,0.0062402496099844,0.682539682539683,0.387596899224806,0.803353658536585,0.68621236133122,0.950769230769231,0.0857142857142857,0.983922829581994,0.992150706436421,0.9828125,0.27491961414791,0.0979782270606532,0.98613251155624,0.993846153846154,0.0061633281972265,0.787596899224806,0.4578125,0.25,0.76791277258567,0.993720565149137,0.889408099688474,0.993759750390016,0.111455108359133,0.00803858520900321,0,0.833592534992224,0.009375,0.00778816199376947,0.266561514195584,0,0.984447900466563,0.914196567862715,0.995327102803738,0.990740740740741,0.0877742946708464,0.00791139240506329,0,0,0.171383647798742,0.0833333333333333,0.175632911392405,0,0.00312989045383412,0.993779160186625,0.0138461538461538,0.29047619047619,0.993630573248408,0.584375,0.984177215189873,0.657492354740061,0.632307692307692,0,0.992469879518072,0.390015600624025,0.483516483516484,0.921450151057402,0.986111111111111,0.39258114374034,0.00771604938271605,0.948356807511737,0.956723338485317,0,0.960546282245827,0.0186335403726708,0.979066022544283,0.433641975308642,0,0.00786163522012579,0.498371335504886,0.837025316455696,0.0078003120124805,0.132045088566828,0.0110759493670886,0.00162866449511401,0.757575757575758,0.0238473767885533,0.995081967213115,0.320493066255778,0.989247311827957,0.00464396284829721,0.387944358578053,0.319554848966614,0.874003189792663,0.10586319218241,0.00458015267175573,0.00154798761609907,0.0468497576736672,0,0.986363636363636,0.0467741935483871,0.975794251134644,0.00792393026941363,0.992088607594937,0,0.525345622119816,0.45859872611465,0.996825396825397,0,0.990668740279938,0,0.405144694533762,0.982839313572543,0,0.640746500777605,0.976415094339623,0.737421383647799,0.958064516129032,0.0432766615146832,0,0.993740219092332,0.271132376395534,0,0.694573643410853,0.00757575757575758,0.0260336906584992,0.993620414673046,0.992163009404389,0.986046511627907,0.966613672496025,0.97456279809221,0,0.970679012345679,0.0216049382716049,0.3375,0.287949921752739,0.989010989010989,0.992223950233281,0.990825688073395,0.990625,0.054773082942097,0.0203125,0.983818770226537,0.961300309597523,0.724458204334365,0.976599063962558,0.993827160493827,0.972136222910217,0,0,0.977544910179641,0,0.0651162790697674,0,0.957613814756672,0.280193236714976,0.201639344262295,0.131699846860643,0.918238993710692,0,0.109907120743034,0.992138364779874,0.996884735202492,0.641860465116279,0.40625,0.223388305847076,0.186646433990895,0.653418124006359,0.00771604938271605,0.12326656394453,0.537124802527646,0.253894080996885,0.709828393135725,0.0171606864274571,0,0.00625,0.305958132045089,0.9952,0.610591900311526,0.228571428571429,0.633435582822086,0.880733944954128,0.981762917933131,0.960127591706539,0.976340694006309,0.993569131832797,0.993640699523052,0.549295774647887,0.419504643962848,0.992125984251969,0.0121765601217656,0.0152671755725191,0.87519747235387,0.0108695652173913,0.992295839753467,0.969325153374233,0,0.116987179487179,0,0.953748006379585,0,0.970633693972179,0.995260663507109,0.0108024691358025,0.841614906832298,0.992378048780488,0.654028436018957,0.616954474097331,0.876582278481013,0,0,0.933115823817292,0.94311377245509,0.984520123839009,0,0,0.00642054574638844,0.223076923076923,0.50625,0,0.46046511627907,0,0.914691943127962,0.992088607594937,0.156645569620253,0.242283950617284,0,0.345541401273885,0.595275590551181,0.857366771159875,0.961832061068702,0.769470404984424,0.00784929356357928,0.988853503184713,0.0171875,0.993579454253612,0,0.97869101978691,0.00631911532385466,0.993650793650794,0.0253968253968254,0.0158730158730159,0,0,0.83695652173913,0.923566878980892,0.932618683001531,0.724349157733537,0.0336391437308868,0.00786163522012579,0.83015873015873,0.840490797546012,0,0.0235478806907378,0.958990536277603,0,0.983922829581994,0.958652373660031,0.0682170542635659,0.0421216848673947,0.0108527131782946,0.993798449612403,0.474842767295597,0.0770440251572327,0.098546042003231,0.1198738170347,0.700949367088608,0.0934579439252336,0.9921875,0,0.755905511811024,0.981395348837209,0.00313971742543171,0,0.00599700149925037,0,0.00778816199376947,0.995334370139969,0.715421303656598,0.00638977635782748,0.0078740157480315,0.532591414944356,0.949606299212598,0.434579439252336,0.0476190476190476,0.00967741935483871,0.0545746388443018,0.0185185185185185,0,0.0352,0.00909090909090909,0.0063391442155309,0.0203125,0.00455927051671732,0.0543130990415335,0.0552147239263804,0.0231839258114374,0.0188976377952756,0.0064,0.02660406885759,0.021875,0.059190031152648,0.014018691588785,0.0200308166409861,0.00650406504065041,0.00634920634920635,0.0470957613814757,0.0123839009287926,0.0199692780337942,0.00626959247648903,0.0401854714064915,0.0075187969924812,0.00941915227629513
"458",0.959876543209877,0.960665658093797,0.943768996960486,0.924382716049383,0.950920245398773,0.965625,0.870570107858243,0.949152542372881,0.964125560538117,0,0.960546282245827,0,0.601208459214502,0.962848297213622,0.0776255707762557,0.0502283105022831,0,0.0123839009287926,0.965785381026439,0.969834087481146,0.206060606060606,0.0761904761904762,0.951807228915663,0,0.931818181818182,0.289433384379786,0.138931297709924,0.950078003120125,0.506060606060606,0.698056801195815,0.0434131736526946,0.725341426403642,0.782012195121951,0.31866464339909,0,0.968325791855204,0.0180995475113122,0.96078431372549,0.29160530191458,0.897590361445783,0.00153374233128834,0.0120300751879699,0.00296296296296296,0.963076923076923,0.769592476489028,0.0559875583203732,0.531818181818182,0.0385208012326656,0.515328467153285,0.170623145400593,0,0.962292609351433,0.310708898944193,0.967889908256881,0.860429447852761,0.204724409448819,0,0.943251533742331,0.930091185410334,0.904334828101644,0.32370820668693,0.473604826546003,0.037037037037037,0,0.883177570093458,0.826807228915663,0,0.95475113122172,0,0.033587786259542,0.830792682926829,0.040785498489426,0.0515151515151515,0.961136023916293,0,0.737704918032787,0.0873493975903614,0.603630862329803,0.890965732087227,0.296474358974359,0,0.732745961820852,0.243283582089552,0.965620328849028,0.148318042813456,0.888721804511278,0.960960960960961,0.951293759512938,0.931547619047619,0.00744047619047619,0.958461538461538,0.962121212121212,0,0,1,0,0.333841463414634,0.952167414050822,0.0075642965204236,0.00764525993883792,0.637878787878788,0,0.311349693251534,0.961538461538462,0.13353115727003,0.957413249211357,0.00611620795107034,0.945205479452055,0.0386398763523957,0.0424886191198786,0.043609022556391,0.877329192546584,0.375,0.952815829528158,0,0.954209748892171,0.72768532526475,0,0.04047976011994,0.260670731707317,0,0.780152671755725,0.285280728376328,0.1109375,0.94553706505295,0.18552036199095,0.967065868263473,0.957120980091884,0,0.562218890554723,0.916923076923077,0.525423728813559,0.950387596899225,0,0.972049689440994,0.062407132243685,0,0.254601226993865,0.641221374045801,0.551242236024845,0,0,0.949101796407186,0.773071104387292,0.205564142194745,0.963246554364472,0.0445468509984639,0.90785498489426,0.457496136012365,0.94856278366112,0.171114599686028,0.946969696969697,0.966772151898734,0.864741641337386,0.95933734939759,0.0371517027863777,0.966817496229261,0.0353302611367127,0,0.750382848392037,0.864985163204748,0.956390977443609,0.0536512667660209,0,0.961019490254873,0.494607087827427,0.962204724409449,0.962406015037594,0.958904109589041,0.323795180722892,0.949924127465857,0.0409711684370258,0.934328358208955,0.0399408284023669,0.89060092449923,0.39344262295082,0,0.959876543209877,0,0.842662632375189,0.964885496183206,0.145736434108527,0.956521739130435,0.919939577039275,0.969253294289897,0.948948948948949,0.136712749615975,0.427719821162444,0.9,0.927244582043344,0.0886850152905199,0.037593984962406,0.950233281493002,0.830838323353293,0,0,0.344984802431611,0.00151975683890578,0.962797619047619,0.300448430493274,0.854740061162079,0.75712143928036,0.956716417910448,0.466153846153846,0.470149253731343,0.334355828220859,0.92,0.993846153846154,0.863842662632375,0,0.858841010401189,0.209048361934477,0.931357254290172,0.0351145038167939,0.104258443465492,0.562594268476621,0.942161339421613,0.956456456456456,0.838709677419355,0.956780923994039,0.875,0,0.116030534351145,0.692537313432836,0.957120980091884,0,0.962518740629685,0.960235640648012,0.575113808801214,0.572289156626506,0.954887218045113,0.958860759493671,0.397572078907436,0,0.870870870870871,0.56055900621118,0.95141065830721,0.0345864661654135,0.936011904761905,0.967441860465116,0.960725075528701,0.925076452599388,0.559171597633136,0.0403726708074534,0.949848024316109,0.556732223903177,0.03725782414307,0.03397341211226,0.236559139784946,0.0410334346504559,0.195956454121306,0.692421991084695,0.0304878048780488,0.0406626506024096,0.0497737556561086,0.607784431137725,0.0800627943485086,0.955453149001536,0.00623052959501558,0.0289193302891933,0,0.261609907120743,0.957878315132605,0.938345864661654,0.878419452887538,0,0.864906832298137,0.854354354354354,0.708396946564885,0.628787878787879,0.48780487804878,0.482919254658385,0.00762195121951219,0.958461538461538,0.125757575757576,0.727848101265823,0.940458015267176,0.0481203007518797,0.771956856702619,0.0398162327718224,0.156060606060606,0.962852897473997,0.961240310077519,0.870570107858243,0,0.639097744360902,0.863565891472868,0,0.0361990950226244,0.86646884272997,0.949848024316109,0,0.0406626506024096,0.0343796711509716,0.956923076923077,0.885271317829457,0.0375,0,0.419106317411402,0.967441860465116,0.808955223880597,0.439577039274924,0.678955453149002,0.941877794336811,0.0459418070444104,0.962462462462462,0.968277945619335,0.049306625577812,0.946969696969697,0.96206373292868,0.946957878315133,0.963414634146341,0.239457831325301,0.353823088455772,0.325757575757576,0.9546875,0.9671875,0.0468277945619335,0.3,0.952671755725191,0.183206106870229,0.34654919236417,0.96206373292868,0.96417445482866,0.945619335347432,0.7171875,0.962235649546828,0.286153846153846,0.941964285714286,0.964560862865948,0,0.361573373676248,0.573872472783826,0.0524737631184408,0.0499243570347958,0.0388059701492537,0.932330827067669,0.0616541353383459,0.0410958904109589,0,0.266362252663623,0.956127080181543,0.107692307692308,0.959247648902821,0.954268292682927,0.956989247311828,0.326717557251908,0.327014218009479,0.700152207001522,0.494417862838915,0,0.813455657492355,0.0439882697947214,0.0792227204783259,0.231578947368421,0.959752321981424,0.0366412213740458,0,0.367469879518072,0.0446428571428571,0.0633693972179289,0.496932515337423,0.962406015037594,0.315789473684211,0.956112852664577,0.939346811819596,0,0.961262553802009,0.0281899109792285,0.958333333333333,0.821917808219178,0.958730158730159,0.0566615620214395,0.947447447447447,0.0407239819004525,0.877272727272727,0.733128834355828,0.91812865497076,0.956060606060606,0.961597542242704,0.33535660091047,0.936923076923077,0.958083832335329,0.0385756676557863,0.0622154779969651,0.963414634146341,0.966309341500766,0.363496932515337,0.879939209726444,0.931142410015649,0.935045317220544,0.965309200603318,0,0.16304347826087,0.959214501510574,0.0367534456355283,0,0.942724458204334,0.00775193798449612,0.0888208269525268,0.961481481481481,0.94359756097561,0.00459418070444104,0.636225266362253,0.450920245398773,0.965785381026439,0.0390625,0.897832817337461,0.956112852664577,0.421461897356143,0.623493975903614,0.808219178082192,0,0.194744976816074,0.947368421052632,0.962006079027356,0.462480857580398,0.962121212121212,0.935379644588045,0.0707831325301205,0.00150602409638554,0.957703927492447,0.961656441717791,0.933641975308642,0.715361445783133,0.0419254658385093,0.852807283763278,0.269865067466267,0.216,0.00451807228915663,0.650470219435737,0.623853211009174,0.634703196347032,0,0.329211746522411,0.898773006134969,0.670164917541229,0.572713643178411,0.12630014858841,0,0,0.963289280469897,0.952732644017725,0,0.907012195121951,0.00622083981337481,0,0,0.963133640552995,0,0.965678627145086,0.754573170731707,0.557184750733138,0.96390977443609,0,0,0.965361445783133,1,0.731927710843373,0.0414201183431953,0.00154083204930663,0.862068965517241,0.622754491017964,0.967261904761905,0.55690440060698,0.393292682926829,0,0.944193061840121,0.0421216848673947,0.941267387944359,0.126348228043143,0,0.0426470588235294,0.15251572327044,0.509523809523809,0.93587786259542,0,0.930576070901034,0.947447447447447,0.962518740629685,0,0.107858243451464,0.932907348242812,0.0440251572327044,0.964071856287425,0.963800904977376,0.0464767616191904,0.961948249619482,0.339366515837104,0.817901234567901,0.0487062404870624,0.199066874027994,0.943425076452599,0.0061633281972265,0.0403100775193798,0.942942942942943,0.05,0.688854489164087,0.412307692307692,0,0.143497757847534,0.75625,0.302891933028919,0.954614220877458,0.037593984962406,0.186846038863976,0.490683229813665,0.930163447251114,0.89039039039039,0.932618683001531,0.756630265210608,0,0.954887218045113,0.037821482602118,0.942989214175655,0.422955974842767,0.0431547619047619,0.966717095310136,0.966049382716049,0.96141975308642,0.637614678899083,0.957511380880121,0.161585365853659,0.218125960061444,0.913636363636364,0.866057838660578,0,0,0.957251908396947,0.906940063091483,0.0534351145038168,0.952380952380952,0.965098634294385,0.402756508422665,0.904468412942989,0.729646697388633,0.870149253731343,0,0.942073170731707,0.372881355932203,0.959459459459459,0.958204334365325,0,0.668181818181818,0.953703703703704,0.0377643504531722,0.703363914373089,0.417054263565891,0.804379562043796,0.706605222734255,0.928571428571429,0.120058565153734,0.9515625,0.968562874251497,0.962178517397882,0.335925349922239,0.130699088145897,0.963855421686747,0.967016491754123,0.0075187969924812,0.797583081570997,0.485714285714286,0.307575757575758,0.784107946026987,0.957511380880121,0.909230769230769,0.967016491754123,0.134128166915052,0.0378548895899054,0,0.829528158295282,0.0401854714064915,0.036036036036036,0.309667673716012,0,0.96206373292868,0.899850523168909,0.960546282245827,0.964017991004498,0.125574272588055,0.0422322775263952,0,0,0.19175911251981,0.106481481481481,0.187403993855607,0,0.0379939209726444,0.956456456456456,0.024132730015083,0.342024539877301,0.964396284829721,0.611280487804878,0.954968944099379,0.674698795180723,0.644017725258493,0,0.962099125364432,0.422839506172839,0.525835866261398,0.902222222222222,0.957227138643068,0.430059523809524,0.00916030534351145,0.926204819277108,0.937125748502994,0,0.931649331352155,0.0468277945619335,0.95440251572327,0.464339908952959,0,0.00911854103343465,0.546456692913386,0.857142857142857,0.039039039039039,0.17357910906298,0.00906344410876133,0.0015527950310559,0.788461538461538,0.0568356374807988,0.963492063492064,0.370870870870871,0.955423476968796,0.0389805097451274,0.400907715582451,0.344186046511628,0.866459627329193,0.123824451410658,0.039039039039039,0.00152671755725191,0.0749235474006116,0,0.955752212389381,0.0705329153605016,0.957540263543192,0.0333839150227618,0.96411856474259,0,0.556053811659193,0.494640122511485,0.964992389649924,0,0.962406015037594,0,0.4399375975039,0.953453453453453,0,0.664190193164933,0.948091603053435,0.743939393939394,0.943683409436834,0.0737951807228916,0,0.963414634146341,0.294930875576037,0,0.712797619047619,0.03240058910162,0.0534918276374443,0.962732919254658,0.962674961119751,0.953731343283582,0.937116564417178,0.947204968944099,0,0.945288753799392,0.0180995475113122,0.380952380952381,0.31784107946027,0.961251862891207,0.959090909090909,0.958208955223881,0.95952023988006,0.0571428571428571,0.0488549618320611,0.963836477987421,0.945038167938931,0.729689807976366,0.965151515151515,0.96390977443609,0.947129909365559,0,0,0.949348769898698,0,0.105654761904762,0,0.937595129375951,0.313572542901716,0.2375,0.163663663663664,0.979969183359014,0,0.137404580152672,0.96206373292868,0.965256797583082,0.654377880184332,0.450437317784257,0.244897959183673,0.211940298507463,0.653374233128834,0.037821482602118,0.15015015015015,0.571870170015456,0.293759512937595,0.714925373134328,0.0366412213740458,0,0.0357142857142857,0.360983102918587,0.954898911353033,0.634408602150538,0.26207906295754,0.643625192012289,0.864864864864865,0.952167414050822,0.927899686520376,0.956454121306376,0.963020030816641,0.967692307692308,0.608231707317073,0.457575757575758,0.960244648318043,0.0439238653001464,0.0435435435435435,0.861654135338346,0.00757575757575758,0.959641255605381,0.938345864661654,0,0.15600624024961,0,0.932926829268293,0,0.946727549467275,0.960665658093797,0.0467571644042232,0.848623853211009,0.967065868263473,0.683153013910355,0.642857142857143,0.864823348694316,0,0,0.921474358974359,0.923741007194245,0.959276018099548,0,0,0.0417956656346749,0.271111111111111,0.534142640364188,0,0.490106544901065,0,0.894899536321484,0.954968944099379,0.191358024691358,0.273952095808383,0,0.391104294478528,0.613394216133942,0.856711915535445,0.9375,0.788343558282209,0.0333333333333333,0.964006259780908,0.0168711656441718,0.95625,0,0.949101796407186,0.00598802395209581,0.963246554364472,0.0488549618320611,0.0340030911901082,0,0,0.840601503759398,0.902973395931142,0.913173652694611,0.727272727272727,0.0678466076696165,0.0418604651162791,0.809160305343511,0.814868804664723,0,0.0538461538461538,0.940902021772939,0,0.948916408668731,0.937219730941704,0.0977099236641221,0.038109756097561,0.0413476263399694,0.959761549925484,0.504587155963303,0.106544901065449,0.141965678627145,0.152238805970149,0.70606531881804,0.132352941176471,0.961240310077519,0,0.779635258358663,0.947209653092006,0.00153609831029186,0,0.0422740524781341,0,0.0422960725075529,0.960606060606061,0.728971962616822,0.0447530864197531,0.0354938271604938,0.5828125,0.932411674347158,0.467571644042232,0.0508221225710015,0.043956043956044,0.0570987654320988,0.0182648401826484,0,0.0594512195121951,0.0398818316100443,0.0294573643410853,0.0468277945619335,0.0359281437125748,0.048062015503876,0.0590015128593041,0.054380664652568,0.0182648401826484,0.00464396284829721,0.0276923076923077,0.0239520958083832,0.0562310030395137,0.0472560975609756,0.0194902548725637,0.040625,0.043010752688172,0.043613707165109,0.0441400304414003,0.0251851851851852,0.0379939209726444,0.0758725341426404,0.0355555555555556,0.037593984962406
"459",0.726844583987441,0.7217125382263,0.737082066869301,0.729430379746835,0.725705329153605,0.7296,0.747269890795632,0.730061349693252,0.734351145038168,0,0.725856697819315,0,0.662519440124417,0.713607594936709,0.337442218798151,0.298921417565485,0,0.0167173252279635,0.715434083601286,0.744712990936556,0.419254658385093,0.301612903225806,0.714503816793893,0,0.742331288343558,0.478806907378336,0.356037151702786,0.715873015873016,0.764437689969605,0.689024390243902,0.283763277693475,0.779141104294479,0.896062992125984,0.492236024844721,0,0.723704866562009,0.0153139356814701,0.716463414634146,0.498520710059172,0.738863287250384,0.00154559505409583,0.0138036809815951,0.0045662100456621,0.712264150943396,0.70952380952381,0.303599374021909,0.628482972136223,0.277691107644306,0.629742033383915,0.416541353383459,0,0.723172628304821,0.505343511450382,0.720820189274448,0.707547169811321,0.4234375,0,0.719492868462758,0.710365853658537,0.792682926829268,0.499229583975347,0.707055214723926,0.289763779527559,0,0.80127186009539,0.836448598130841,0,0.710769230769231,0,0.27742946708464,0.70196671709531,0.283720930232558,0.289922480620155,0.729198184568835,0,0.895136778115502,0.31651376146789,0.778637770897833,0.770334928229665,0.493464052287582,0,0.766768292682927,0.471299093655589,0.71141975308642,0.397217928902628,0.745889387144993,0.722650231124807,0.742813918305598,0.730061349693252,0.00605143721633888,0.7296875,0.714953271028037,0,0,0.71585557299843,0,0.52093023255814,0.725880551301684,0.00612557427258806,0.00772797527047913,0.689708141321045,0,0.508634222919937,0.714508580343214,0.376524390243902,0.719685039370079,0.0078125,0.735614307931571,0.287051482059282,0.286377708978328,0.285060975609756,0.735849056603774,0.544323483670295,0.711213517665131,0,0.73497688751926,0.774733637747336,0,0.271186440677966,0.492957746478873,0,0.880434782608696,0.504601226993865,0.352380952380952,0.721633888048411,0.406344410876133,0.713201820940819,0.707132018209408,0,0.667682926829268,0.736842105263158,0.672926447574335,0.705329153605016,0,0.713607594936709,0.28030303030303,0,0.47360248447205,0.677570093457944,0.679365079365079,0,0,0.738058551617874,0.886850152905199,0.4375,0.708333333333333,0.276995305164319,0.732115677321157,0.593650793650794,0.722222222222222,0.414173228346457,0.719188767550702,0.70735524256651,0.712519319938176,0.715610510046368,0.275157232704403,0.717357910906298,0.294851794071763,0,0.881329113924051,0.756024096385542,0.73353751914242,0.302611367127496,0,0.704374057315234,0.606583072100313,0.730708661417323,0.727975270479134,0.70679012345679,0.478723404255319,0.732198142414861,0.297380585516179,0.717557251908397,0.289156626506024,0.759112519809826,0.571207430340557,0,0.720496894409938,0,0.754198473282443,0.726006191950464,0.400630914826498,0.724770642201835,0.755760368663594,0.716196136701337,0.734939759036145,0.376923076923077,0.562883435582822,0.748031496062992,0.737678855325914,0.328703703703704,0.280431432973806,0.714508580343214,0.723404255319149,0,0,0.540706605222734,0.00154559505409583,0.721212121212121,0.490909090909091,0.732394366197183,0.745788667687596,0.725757575757576,0.611801242236025,0.630769230769231,0.533018867924528,0.710730948678072,0.700934579439252,0.771212121212121,0,0.731895223420647,0.4375,0.752380952380952,0.283464566929134,0.347432024169184,0.677914110429448,0.714285714285714,0.729071537290715,0.846511627906977,0.72,0.859133126934985,0,0.354838709677419,0.874260355029586,0.725118483412322,0,0.723926380368098,0.725111441307578,0.674884437596302,0.648690292758089,0.717391304347826,0.711755233494364,0.567692307692308,0,0.740061162079511,0.6984375,0.728139904610493,0.280487804878049,0.740061162079511,0.713178294573643,0.720430107526882,0.776049766718507,0.632776934749621,0.302469135802469,0.740683229813665,0.641221374045801,0.27231467473525,0.258308157099698,0.409162717219589,0.262830482115086,0.412420382165605,0.682370820668693,0.272024729520866,0.278713629402757,0.296583850931677,0.689497716894977,0.287735849056604,0.741433021806854,0.0062111801242236,0.279320987654321,0,0.4671875,0.736757624398074,0.736760124610592,0.733644859813084,0,0.747634069400631,0.7821482602118,0.753125,0.733542319749216,0.601246105919003,0.621664050235479,0.00769230769230769,0.70820189274448,0.371340523882897,0.75,0.749216300940439,0.288819875776398,0.706521739130435,0.275808936825886,0.393518518518519,0.724505327245053,0.717948717948718,0.740566037735849,0,0.715160796324655,0.733542319749216,0,0.273148148148148,0.715151515151515,0.731182795698925,0,0.280487804878049,0.280674846625767,0.731132075471698,0.792393026941363,0.295238095238095,0,0.58599695585997,0.7425431711146,0.761329305135952,0.56859756097561,0.691107644305772,0.71689497716895,0.277950310559006,0.716012084592145,0.695384615384615,0.2921875,0.740740740740741,0.721617418351477,0.732909379968203,0.734157650695518,0.424806201550388,0.538694992412747,0.530769230769231,0.727987421383648,0.72107765451664,0.0385208012326656,0.502362204724409,0.757763975155279,0.402140672782875,0.552036199095023,0.728527607361963,0.727975270479134,0.756923076923077,0.899521531100478,0.709531013615734,0.5,0.737730061349693,0.715396578538103,0,0.545871559633027,0.646322378716745,0.30521472392638,0.0434108527131783,0.283559577677225,0.737730061349693,0.315707620528771,0.283048211508554,0,0.468217054263566,0.721003134796238,0.347758887171561,0.737520128824477,0.740625,0.736349453978159,0.538221528861154,0.517460317460318,0.827586206896552,0.612111292962357,0,0.86286594761171,0.287022900763359,0.308623298033283,0.450076804915515,0.728434504792332,0.284389489953632,0,0.557251908396947,0.288753799392097,0.300623052959502,0.609494640122512,0.705882352941177,0.501597444089457,0.704361873990307,0.742589703588144,0,0.722304283604136,0.259541984732824,0.707692307692308,0.850467289719626,0.742857142857143,0.29320987654321,0.737404580152672,0.264705882352941,0.745788667687596,0.743670886075949,0.750759878419453,0.736196319018405,0.711213517665131,0.532208588957055,0.75748031496063,0.709090909090909,0.303030303030303,0.294298921417565,0.715396578538103,0.71889400921659,0.53343701399689,0.74885145482389,0.724409448818898,0.763157894736842,0.71580547112462,0,0.354992076069731,0.718944099378882,0.291731669266771,0,0.741486068111455,0.00794912559618442,0.315789473684211,0.71342383107089,0.722650231124807,0.00315457413249211,0.686614173228347,0.599063962558502,0.735015772870662,0.269537480063796,0.721875,0.711598746081505,0.664576802507837,0.693374422187982,0.769828926905132,0,0.427914110429448,0.743348982785602,0.726708074534162,0.607751937984496,0.72239263803681,0.707993474714519,0.313755795981453,0,0.725731895223421,0.730650154798762,0.737327188940092,0.801829268292683,0.2890625,0.739403453689168,0.458588957055215,0.429508196721311,0.00464396284829721,0.855572998430141,0.666666666666667,0.708333333333333,0,0.497607655502392,0.739663093415008,0.826952526799387,0.659509202453988,0.34789156626506,0,0,0.70839469808542,0.720858895705521,0,0.711388455538221,0.0047244094488189,0,0,0.713178294573643,0,0.731319554848967,0.706896551724138,0.659541984732824,0.715384615384615,0,0,0.718701700154559,0.731927710843373,1,0.282674772036474,0.00159235668789809,0.723146747352496,0.682926829268293,0.71937984496124,0.630368098159509,0.546031746031746,0,0.730769230769231,0.288888888888889,0.758730158730159,0.34585289514867,0,0.288721804511278,0.402208201892744,0.597087378640777,0.729646697388633,0,0.737388724035608,0.727411944869832,0.713850837138508,0,0.363354037267081,0.735632183908046,0.273752012882448,0.717948717948718,0.711043872919818,0.293663060278207,0.713846153846154,0.536434108527132,0.74347158218126,0.289968652037618,0.410459587955626,0.759375,0.0062402496099844,0.290769230769231,0.73159509202454,0.285261489698891,0.879310344827586,0.567651632970451,0,0.365705614567527,0.766823161189358,0.51468315301391,0.726027397260274,0.292259083728278,0.407914764079148,0.650974025974026,0.743550834597876,0.777439024390244,0.763523956723339,0.862341772151899,0,0.73780487804878,0.28129829984544,0.720748829953198,0.576,0.284839203675345,0.716692189892802,0.724137931034483,0.707740916271722,0.676970633693972,0.727838258164852,0.387247278382582,0.435257410296412,0.721792890262751,0.724085365853659,0,0,0.725,0.726550079491256,0.289719626168224,0.723270440251572,0.725274725274725,0.590490797546012,0.725832012678288,0.714511041009464,0.722727272727273,0,0.725856697819315,0.5484375,0.725429017160686,0.714067278287462,0,0.847352024922118,0.725552050473186,0.278041074249605,0.827586206896552,0.55045871559633,0.824587706146927,0.73497688751926,0.754437869822485,0.352409638554217,0.715179968701095,0.729393468118196,0.743348982785602,0.531001589825119,0.345622119815668,0.721884498480243,0.725880551301684,0.00604229607250755,0.860643185298622,0.624806201550388,0.476993865030675,0.758513931888545,0.720679012345679,0.715396578538103,0.720364741641337,0.152567975830816,0.283870967741935,0,0.825347758887172,0.285491419656786,0.285935085007728,0.498427672955975,0,0.7357910906298,0.762917933130699,0.719814241486068,0.713414634146341,0.372239747634069,0.277258566978193,0,0,0.441786283891547,0.3515625,0.42457231726283,0,0.277089783281734,0.698170731707317,0.115853658536585,0.525660964230171,0.712715855572998,0.690292758089368,0.735294117647059,0.722560975609756,0.701378254211332,0,0.726865671641791,0.602484472049689,0.670788253477589,0.742813918305598,0.732928679817906,0.5790273556231,0.0046583850931677,0.737878787878788,0.744360902255639,0,0.726726726726727,0.278816199376947,0.7312,0.597859327217125,0,0.00614439324116743,0.693311582381729,0.777602523659306,0.285053929121726,0.38375796178344,0.00769230769230769,0.00159235668789809,0.69047619047619,0.297971918876755,0.724473257698541,0.542635658914729,0.716012084592145,0.276018099547511,0.534668721109399,0.518808777429467,0.778481012658228,0.343548387096774,0.286158631415241,0.0015527950310559,0.299212598425197,0,0.720720720720721,0.250793650793651,0.726047904191617,0.278382581648523,0.713166144200627,0,0.645550527903469,0.738724727838258,0.703076923076923,0,0.727134146341463,0,0.579872204472843,0.730538922155689,0,0.687125748502994,0.716346153846154,0.703245749613601,0.737756714060032,0.314814814814815,0,0.722480620155039,0.492868462757528,0,0.769706336939722,0.276946107784431,0.29249617151608,0.708268330733229,0.723004694835681,0.722306525037936,0.717628705148206,0.718799368088468,0,0.728813559322034,0.013719512195122,0.564885496183206,0.504672897196262,0.728110599078341,0.720496894409938,0.725460122699387,0.724085365853659,0.0510835913312693,0.306376360808709,0.727858293075684,0.750380517503805,0.877488514548239,0.717592592592593,0.717557251908397,0.738724727838258,0,0,0.725,0,0.324159021406728,0,0.729230769230769,0.483766233766234,0.443217665615142,0.379785604900459,0.742236024844721,0.00154083204930663,0.359013867488444,0.704968944099379,0.728260869565217,0.68895800933126,0.606656580937973,0.469539375928678,0.420333839150228,0.678516228748068,0.269984917043741,0.409937888198758,0.678516228748068,0.509316770186335,0.871362940275651,0.269767441860465,0,0.271028037383178,0.55205047318612,0.724409448818898,0.645962732919255,0.478260869565217,0.845070422535211,0.76030534351145,0.710365853658537,0.763754045307443,0.724727838258165,0.735576923076923,0.732704402515723,0.659021406727829,0.595419847328244,0.718844984802432,0.291233283803863,0.283132530120482,0.767801857585139,0.00914634146341463,0.715568862275449,0.719754977029097,0,0.389937106918239,0,0.748466257668712,0,0.742725880551302,0.716257668711656,0.283307810107198,0.734662576687117,0.716030534351145,0.700787401574803,0.672782874617737,0.714946070878274,0,0,0.747603833865815,0.723781388478582,0.709284627092846,0,0,0.268987341772152,0.482280431432974,0.672839506172839,0,0.614439324116744,0,0.719242902208202,0.726708074534162,0.38801261829653,0.495440729483283,0,0.53343701399689,0.665094339622642,0.7421875,0.727272727272727,0.738724727838258,0.295902883156297,0.739336492890995,0.0410094637223975,0.718152866242038,0,0.716216216216216,0.00470219435736677,0.712732919254658,0.292569659442724,0.178683385579937,0,0,0.809667673716012,0.783783783783784,0.730827067669173,0.730182926829268,0.292944785276074,0.275541795665635,0.699376947040498,0.687975646879756,0,0.302362204724409,0.748456790123457,0,0.708133971291866,0.7357910906298,0.343653250773994,0.0277349768875193,0.272307692307692,0.701357466063348,0.603803486529319,0.347222222222222,0.385103011093502,0.384732824427481,0.984202211690363,0.372907153729072,0.71937984496124,0,0.900311526479751,0.73030303030303,0.00313479623824451,0,0.285289747399703,0,0.295558958652374,0.711388455538221,0.689763779527559,0.283699059561129,0.280125195618153,0.685847589424572,0.727129337539432,0.727554179566563,0.0380517503805175,0.271860095389507,0.0569620253164557,0.0202492211838006,0,0.258566978193146,0.27710843373494,0.275,0.291158536585366,0.278195488721804,0.0358814352574103,0.0396946564885496,0.285276073619632,0.0199081163859112,0.00645161290322581,0.0326594090202177,0.0216049382716049,0.0465116279069767,0.305164319248826,0.0184899845916795,0.279179810725552,0.289514866979656,0.03486529318542,0.273006134969325,0.0333333333333333,0.294027565084227,0.295107033639144,0.291666666666667,0.277089783281734
"460",0.00308166409861325,0,0.0288315629742033,0.060126582278481,0.0142630744849445,0,0.089644513137558,0.0232919254658385,0,0,0,0,0.447166921898928,0,0.961832061068702,0.993836671802773,0,0.0015527950310559,0.00159235668789809,0.0153609831029186,0.847328244274809,0.971291866028708,0.0106221547799697,0,0.0462962962962963,0.747663551401869,0.894899536321484,0.0125786163522013,0.542857142857143,0.311827956989247,1,0.318461538461538,0.235202492211838,0.71097372488408,0,0,0.00453172205438067,0.00460122699386503,0.740740740740741,0.0899390243902439,0,0,0,0,0.229067930489731,0.984152139461173,0.490683229813665,1,0.535714285714286,0.866965620328849,0,0.00772797527047913,0.752321981424149,0,0.101587301587302,0.843014128728414,0,0.0234375,0.0382848392036753,0.100154083204931,0.708841463414634,0.577572964669739,1,0,0.0967238689547582,0.164362519201229,0,0.0062111801242236,0,1,0.135338345864662,0.995319812792512,0.984496124031008,0,0,0.296851574212894,0.954268292682927,0.43558282208589,0.106583072100313,0.737704918032787,0,0.302431610942249,0.807866868381241,0,0.88597842835131,0.0933734939759036,0.00303951367781155,0.0319148936170213,0.0303490136570561,0,0.014018691588785,0,0,0,0.0284810126582278,0,0.691489361702128,0.0169230769230769,0,0,0.362790697674419,0,0.7125,0,0.903417533432392,0,0,0.0201238390092879,1,0.993920972644377,0.992319508448541,0.0825545171339564,0.669230769230769,0.00772797527047913,0,0.0138036809815951,0.303543913713405,0,1,0.772585669781931,0,0.23780487804878,0.754250386398764,0.92246835443038,0.0245775729646697,0.858433734939759,0.00303490136570561,0.0031055900621118,0,0.438167938931298,0.0662557781201849,0.527472527472527,0.00930232558139535,0,0.00630914826498423,0.983433734939759,0,0.795631825273011,0.368827160493827,0.4703125,0,0,0.0245775729646697,0.245723172628305,0.836477987421384,0,0.992223950233281,0.0823170731707317,0.6015625,0.0196969696969697,0.868462757527734,0.0123076923076923,0,0.175572519083969,0.00458015267175573,1,0,1,0,0.260061919504644,0.126696832579186,0.0184049079754601,0.981873111782477,0,0,0.566455696202532,0,0,0,0.708649468892261,0.0245398773006135,0.998432601880878,0.0525525525525526,1,0.100308641975309,0.637931034482759,0,0.0184899845916795,0,0.148091603053435,0,0.881538461538461,0.0169230769230769,0.0518292682926829,0.0103244837758112,0.0227617602427921,0.905864197530864,0.623688155922039,0.0731319554848967,0.059190031152648,0.948249619482496,0.996955859969559,0.0201550387596899,0.118279569892473,0,0,0.708588957055215,0,0,0.749615975422427,0.111455108359133,0.247706422018349,0.0104790419161677,0.571428571428571,0.562783661119516,0.716510903426791,0.0777604976671851,0.0403726708074534,0.125567322239032,0,0.120795107033639,0.82741935483871,0.0570987654320988,1,0.935240963855422,0.456221198156682,0.0200927357032458,0.0195195195195195,0.176110260336907,0,0.11402157164869,0,0.937212863705972,0.345864661654135,0.00463678516228748,0,0.00898203592814371,0.0196374622356495,0.443251533742331,0.453689167974882,0.00927357032457496,0,0.635239567233385,0,0.099702380952381,0.481481481481481,0.0290322580645161,1,0.0468277945619335,0.0015625,0,0.0417310664605873,0.469325153374233,1,0.0291858678955453,0.462249614791988,0.995535714285714,0.998487140695915,0.811023622047244,1,0.849529780564263,0.336363636363636,1,0.995405819295559,0.992435703479576,0.417797888386124,0.961844197138315,0.0156739811912226,0,1,0,0.771384136858476,0,0.0186046511627907,0.0934150076569678,0,0.127760252365931,0.147239263803681,0.324534161490683,0.404024767801858,0.555727554179567,0.540958268933539,0,0,0.91358024691358,0.307692307692308,0.0408805031446541,0.992331288343558,0.25114854517611,0.998449612403101,0.876524390243902,0,0,0.0923566878980892,0,0.354009077155825,0.102009273570325,0,1,0.0885885885885886,0.0171875,0,0.998482549317147,0.998468606431853,0.0186625194401244,0.121259842519685,1,0,0.6078125,0.0108864696734059,0.208841463414634,0.617737003058104,0.350547730829421,0.037593984962406,0.990740740740741,0,0,0.9921875,0.0352760736196319,0,0.0268987341772152,0.00306748466257669,0.810477657935285,0.70381679389313,0.727975270479134,0.0223285486443381,0.0632911392405063,0.00152671755725191,0.741140215716487,0.0236593059936909,0.854324734446131,0.699395770392749,0.00462962962962963,0.00307692307692308,0.0338983050847458,0.31875,0.0015220700152207,0.755868544600939,0.0383435582822086,0.0015552099533437,0,0.69218989280245,0.441823899371069,0.992295839753467,0.00152439024390244,0.993874425727412,0.0980091883614089,0.977029096477795,1,0,0.77557251908397,0.00773993808049536,0.929121725731895,0.016,0.0294573643410853,0.0123647604327666,0.718027734976888,0.720565149136578,0.328149300155521,0.540064102564103,0,0.179012345679012,0.991017964071856,0.968562874251497,0.805471124620061,0,0.998473282442748,0,0.690402476780186,0.989345509893455,0.9796875,0.521472392638037,0,0.729857819905213,0,0.0276073619631902,0,0.00878477306002928,1,0.00150375939849624,0.167950693374422,0,0.990697674418605,0.0184331797235023,1,0.119266055045872,0.294025157232704,0.0545454545454545,0.0122511485451761,0,0.717156105100464,0.029595015576324,0,1,0.980030721966206,0,0,0.688449848024316,0.113671274961598,0.037914691943128,0.0487804878048781,0,0,0.889408099688474,0,0.998430141287284,0,0.0338983050847458,0,0.95748031496063,0,0.0324074074074074,0,0.362928348909657,0.587423312883436,0.0172955974842767,0.998420221169036,0.135220125786164,0.00311526479750779,0.637223974763407,0.403993855606759,0.221198156682028,0,0.844748858447489,0.0221169036334913,0.00152905198776758,0.56,0,0.0273752012882448,0.973684210526316,0,0.0151975683890578,0.00465116279069767,0.0546875,0.312977099236641,0.995327102803738,0.130637636080871,0.773148148148148,0.817292006525285,0,0.386895475819033,0.410216718266254,0.400306748466258,0,0.714733542319749,0.0966257668711656,0.361702127659574,0.486238532110092,0.925373134328358,0,0,0,0.0254872563718141,0,0.075968992248062,0,0,0,0.00156985871271586,0,0,0.218125960061444,0.462709284627093,0,0,0,0.00765696784073507,0.0414201183431953,0.282674772036474,1,0,0.0996978851963746,0.40763358778626,0,0.47289156626506,0.656692913385827,0,0.0200617283950617,1,0.0455259026687598,0.90527950310559,0,0.990909090909091,0.885400313971743,0.523424878836834,0.0307219662058372,0,0.0483383685800604,0.0277777777777778,0,0,0.926791277258567,0.0662358642972536,1,0,0,0.993874425727412,0,0.705972434915773,0.197492163009404,0.993846153846154,0.835443037974684,0.0398162327718224,0,1,0.0273972602739726,0.996845425867508,0.338050314465409,0.617554858934169,0,0.889922480620155,0.263406940063092,0.744326777609682,0.0248447204968944,1,0.86,0.547811993517018,0.0497737556561086,0.114413075780089,0.035548686244204,0.251572327044025,0,0.016793893129771,1,0.0294573643410853,0.605723370429253,1,0,0,0,0.363919129082426,0.0122324159021407,0.878504672897196,0.820710973724884,0.0540123456790123,0.107858243451464,0,0,0.00940438871473354,0.0610328638497653,0.984202211690363,0.014018691588785,0.00758725341426404,0.635400907715582,0.0695102685624013,0.276995305164319,0.0984848484848485,0,0.0307219662058372,0.661538461538462,0,0.00153139356814701,0,0.35981308411215,0.0282131661442006,1,0.326018808777429,0.629800307219662,0.20414201183432,0.311320754716981,0.0419161676646707,0.922038980509745,0.0125588697017268,0,0.0199386503067485,0.695721077654517,0.886706948640483,0.00921658986175115,0,0,0.221198156682028,0.561349693251534,0.742236024844721,0.238828967642527,0,0.129429892141757,0,0.0929878048780488,1,0,0.18167701863354,0.996840442338073,1,0.737327188940092,0,0.0123076923076923,0.0833333333333333,0.0015220700152207,0.0060882800608828,0.919629057187017,1,0,0,0.837025316455696,0.924031007751938,0.838461538461538,0,1,0,0.428792569659443,0.711811023622047,0,0.403669724770642,0.0279937791601866,0.346385542168675,0.377811094452774,0,0,0.61136712749616,0.504643962848297,0.0743550834597876,0.0120663650075415,0.616564417177914,0,0.0519083969465649,0.0481927710843374,0,0.0359281437125748,0.98310291858679,0.014218009478673,0.569230769230769,0,0,0.491056910569106,0.16875,1,0.863636363636364,0,0,0.256756756756757,0.976958525345622,0,0.694402420574887,0.00611620795107034,1,0.618320610687023,0.69620253164557,0.13125,0.909379968203498,0.996937212863706,0,0.959183673469388,0,0.00597014925373134,0.812006319115324,0.0194029850746269,0.995245641838352,0,0,0.485714285714286,0.550231839258114,0,0,0.00151057401812689,0,0.603833865814696,0.00909090909090909,0,0.331811263318113,0.0156985871271586,0.25508607198748,0.0440944881889764,0.965722801788376,0,0,0.746875,0,0.320726172465961,1,0.981900452488688,0,0,0.00904977375565611,0.0293663060278207,0.0204724409448819,0,0.0247678018575851,0,0.649468892261001,0.72239263803681,0.00766871165644172,0.00930232558139535,0.00458015267175573,0.00762195121951219,0.0275650842266462,0.98755832037325,0.0158227848101266,0.0431432973805855,0.279635258358663,0.024390243902439,0,0.0273972602739726,0,0,0.0161527165932452,0,0.937784522003035,0.00154559505409583,0.0491551459293395,0.732909379968203,0.803486529318542,0.889393939393939,0.0791925465838509,0.00154559505409583,0.900452488687783,0,0,0.375384615384615,0.6,0.797636632200886,0.820627802690583,0.352112676056338,1,0.886328725038402,0.458914728682171,0.749618320610687,0.307926829268293,0.990740740740741,0,1,0.6671826625387,0,0.343653250773994,0.778280542986425,0.386996904024768,0.122541603630862,0.0120300751879699,0.0387722132471729,0.0184899845916795,0,0.00153609831029186,0.448012232415902,0.588770864946889,0.00154320987654321,0.997019374068554,0.992481203007519,0.132307692307692,0,0,0.0276497695852535,0,0.892913385826772,0,0.0508474576271186,0,0.0307692307692308,0,0.995454545454545,0.160550458715596,0,0.343949044585987,0.380517503805175,0.10377358490566,0,0,0.0709677419354839,0.054014598540146,0.0122511485451761,0,0,1,0.770864946889226,0.493769470404984,0,0.557926829268293,0,0.0755905511811024,0,0.821875,0.77557251908397,0,0.665615141955836,0.411674347158218,0.131375579598145,0.036144578313253,0.223765432098765,1,0.0110935023771791,0.0829420970266041,0,0,0.0196078431372549,0,0,0.9828125,0.634375,0,0,0.176560121765601,0.0673076923076923,0.0517503805175038,0.293051359516616,0.976190476190476,0.993808049535604,0.166153846153846,0.166416791604198,0,0.982919254658385,0.0345368916797488,0,0.0126782884310618,0.0434782608695652,0.938837920489297,0,0.996932515337423,0,0.540247678018576,0.92846034214619,0.912,0.886503067484663,0.316037735849057,0.905631659056317,0,0,0.238170347003155,0.0166414523449319,0,0,1,0,1,0,0.290271132376396,1,1,0.453100158982512,0.0403726708074534,0.578703703703704,0,0.998405103668262,0.0461049284578696,0.00764525993883792,0,0.818040435458787,0.993957703927492,0.998425196850394,0.986280487804878,1,0,0,0.98780487804878,0.0046583850931677,0.00159744408945687,0.0260736196319018,0.00457317073170732,0,0.993827160493827,0.0105740181268882,1,1,0,0.995268138801262,0.0438729198184569,1,0.912442396313364,1,0.998447204968944
"461",0.00329489291598023,0.00321543408360129,0.00159235668789809,0.00162866449511401,0.00330578512396694,0.0033112582781457,0.0147058823529412,0,0.00318471337579618,0.996747967479675,0.00316957210776545,0.998394863563403,0.00162074554294976,0.0032626427406199,0,0,0.996870109546166,0.98841059602649,0.00327868852459016,0.00160513643659711,0,0,0.0015748031496063,0.998407643312102,0.00321027287319422,0,0,0.00493421052631579,0,0,0,0.00161550888529887,0.00163132137030995,0,0.9968,0.00321543408360129,0.982649842271293,0.00320512820512821,0,0.0031496062992126,0.996768982229402,0.987075928917609,0.996815286624204,0.00162866449511401,0,0,0,0,0,0,0.996825396825397,0.00159744408945687,0,0.00320512820512821,0.0130718954248366,0,0.998347107438017,0.00326797385620915,0.00476947535771065,0.00158982511923688,0.00159235668789809,0,0,0.99670510708402,0.0033003300330033,0.00320512820512821,0.998397435897436,0.00321543408360129,0.996805111821086,0,0.0015625,0,0,0,0.998387096774194,0,0,0.00159744408945687,0.00165562913907285,0,0.996732026143791,0,0,0.0015625,0,0.00156985871271586,0.0016,0.00158478605388273,0.00625978090766823,0.9921875,0.00163398692810458,0.00159235668789809,0.998371335504886,0.996768982229402,0.00165289256198347,0.996768982229402,0.01875,0.00159235668789809,0.995245641838352,0.9952,0.0112,0.9968,0,0.00162866449511401,0,0.00163934426229508,0.99349593495935,0.00480769230769231,0,0,0,0.0145161290322581,0,0.00321543408360129,0.998355263157895,0.00319488817891374,0,0.996870109546166,0,0,0.996850393700787,0.00159744408945687,0,0,0.00159744408945687,0,0.00158478605388273,0.00324675324675325,0.998392282958199,0.00644122383252818,0.0032,0.00163132137030995,0.0016,0.996789727126806,0.00327868852459016,0,0.996815286624204,0,0,0.00829187396351575,0.996774193548387,0.998349834983498,0.00159489633173844,0.0016,0,0.00161030595813205,0,0.00160513643659711,0,0.00156985871271586,0,0.00318471337579618,0.00164203612479475,0,0.00317460317460317,0,0.00321543408360129,0,0.998412698412698,0.0016366612111293,0.00315457413249211,0,0,0.998417721518987,0.00316957210776545,0,0.00328947368421053,0.00316957210776545,0.00158982511923688,0.00158478605388273,0.00317460317460317,0,0.003125,0,0.00165016501650165,0,0.996784565916399,0.00321543408360129,0.998397435897436,0,0.00316957210776545,0,0,0.0016,0,0.00315955766192733,0,0,0,0.00162337662337662,0,0,0.00163398692810458,0.0223285486443381,0.996865203761755,0.998397435897436,0,0.9968,0.00313971742543171,0,0.011400651465798,0,0.0015748031496063,0,0.0015748031496063,0,0.00162074554294976,0.00161550888529887,0.0031201248049922,0.996763754045307,0.00318471337579618,0,0.00162074554294976,0,0,0.00478468899521531,0.00323101777059774,0.00317965023847377,0.00161290322580645,0.00317965023847377,0.00322061191626409,0.998387096774194,0,0,0.00165562913907285,0.996805111821086,0.00317460317460317,0.00153846153846154,0.00481540930979133,0,0.00318979266347687,0.00332778702163062,0.0192926045016077,0.998336106489185,0.0140625,0,0.00166389351081531,0,0.00158478605388273,0.00326797385620915,0.00321543408360129,0.00324675324675325,0,0,0.00160513643659711,0,0,0,0,0,0,0,0,0,0,0,0,0.00162074554294976,0.993485342019544,0,0.998381877022654,0.00324149108589951,0.0032258064516129,0.0015625,0.00163398692810458,0.998405103668262,0.00164473684210526,0.00476947535771065,0,0,0,0.00162074554294976,0.992025518341308,0.00325732899022801,0,0.00166666666666667,0.00160771704180064,0,0.00162337662337662,0,0,0.00313971742543171,0.00327868852459016,0.0132450331125828,0.996875,0,0.0161812297734628,0.996810207336523,0,0.0127186009538951,0.00325732899022801,0.996794871794872,0,0,0.00164744645799012,0.00166389351081531,0,0.99837925445705,0.017515923566879,0.00164203612479475,0,0,0.0016366612111293,0.00156494522691706,0,0.00154559505409583,0.00161812297734628,0,0.00158227848101266,0.00161290322580645,0.00165837479270315,0.00158730158730159,0,0,0,0.00489396411092985,0.00168918918918919,0.950871632329635,0,0.00319488817891374,0,0,0.00316455696202532,0.0032258064516129,0.00317965023847377,0,0.00315955766192733,0,0.00158478605388273,0.00328947368421053,0.998360655737705,0,0.00815660685154975,0,0.951845906902087,0,0.00163398692810458,0,0,0.998415213946117,0,0.00324675324675325,0,0.0033167495854063,0,0.00324149108589951,0,0,0.00158730158730159,0,0.9968,0.00316957210776545,0,0,0,0.00328407224958949,0,0.996840442338073,0,0,0,0.00161030595813205,0.00321543408360129,0,0.00328947368421053,0.00162074554294976,0.996850393700787,0.00154320987654321,0,0.00312989045383412,0.0016025641025641,0.00164744645799012,0,0,0,0.00320512820512821,0,0.00316455696202532,0.00315457413249211,0.0048,0,0.00321543408360129,0.00313479623824451,0,0,0.00327868852459016,0.00319488817891374,0,0.00322061191626409,0.00333333333333333,0.00157232704402516,0.0031496062992126,0.99673735725938,0,0.0032520325203252,0,0.9967585089141,0.00162074554294976,0.99512987012987,0,0.00158227848101266,0.00162337662337662,0.996726677577741,0.00807754442649435,0,0.00323624595469256,0,0.00163132137030995,0.00165837479270315,0,0,0,0.998373983739837,0,0.00165016501650165,0,0,0.00316957210776545,0.00335570469798658,0,0.995215311004785,0.0031496062992126,0.0016025641025641,0,0.00157977883096367,0,0.00323624595469256,0,0.0153061224489796,0.998412698412698,0,0,0,0.996840442338073,0,0.00162074554294976,0.00159235668789809,0,0,0.998425196850394,0.998427672955975,0.00154083204930663,0.0031104199066874,0.996810207336523,0.00160771704180064,0.993548387096774,0.998427672955975,0.996699669966997,0.0033003300330033,0.996789727126806,0,0.00159235668789809,0.00626959247648903,0.00316455696202532,0.998349834983498,0.996742671009772,0.00160513643659711,0.00154083204930663,0.00159235668789809,0,1,0.0172684458398744,0,0.00316957210776545,0,0,1,0.00316957210776545,0,0.00325732899022801,0,0.996815286624204,0,0,0,0.00317460317460317,0.996774193548387,0.003125,0.00316957210776545,0.00313971742543171,0.998389694041868,0,0.00172711571675302,0,0.00318471337579618,0.00313971742543171,0,0.00319488817891374,0,0.0016025641025641,0,0,0.0016025641025641,0.995081967213115,0,0.00316455696202532,0,0,0.0112540192926045,0.996850393700787,0,0.0016260162601626,0,0.00315955766192733,0,0,0,0,0.00158478605388273,0.0032626427406199,0.00163132137030995,0.996747967479675,0.00157232704402516,0,0.00159489633173844,0.00498338870431894,0,0.00317965023847377,0.00324149108589951,0.0032258064516129,0,0.00315457413249211,0,0,0.0032,0.0145867098865478,0.998454404945904,0.996715927750411,0.00163132137030995,0.00329489291598023,0,0.0032258064516129,0.00317965023847377,0,0.0016260162601626,0.00164203612479475,0.0157232704402516,0.996879875195008,0.00318471337579618,0.0176282051282051,0.00160513643659711,0.00320512820512821,0.996889580093313,0,0.00162866449511401,0,0.00161030595813205,0,0.003125,0,0.00309119010819165,0,0.0032520325203252,0.00321027287319422,0,0.0162866449511401,0.0272873194221509,0.0031496062992126,0.00155763239875389,0.995268138801262,0,0,0,0,0.0032258064516129,0.00161030595813205,0.00157232704402516,0.779342723004695,0,0.9968,0.00162074554294976,0,0,0,0.998381877022654,0.00157728706624606,0.00158478605388273,0.00159744408945687,0.00158982511923688,0,0,0.996884735202492,0.996825396825397,0,0,0,0.996768982229402,0,0.00318979266347687,0.568037974683544,0,0.00164744645799012,0.00966183574879227,0.00327332242225859,0,0,0.998410174880763,0.00308166409861325,0,0,0.0077639751552795,0.00313479623824451,0,0.992076069730586,0.0032,0.003125,0.996820349761526,0.00463678516228748,0,0.00166944908180301,0,0.998389694041868,0.993589743589744,0,0,0,0,0.991935483870968,0.996661101836394,0.00156985871271586,0,0.0033500837520938,0,0.00316957210776545,0,0.00158730158730159,0,0.00329489291598023,0,0,1,0,0.996815286624204,0.0031104199066874,0.15210355987055,0,0,0.00328947368421053,0.996784565916399,0.00156739811912226,0,0.0032258064516129,0.996747967479675,0.00317965023847377,0.996710526315789,0,0.00319488817891374,0.998412698412698,0.016,0.00161290322580645,0,0.00161550888529887,0,0.996789727126806,0.00321027287319422,0,0.996850393700787,0,0,0,0.00162866449511401,0,0.00314465408805031,0.00644122383252818,0.00323101777059774,0.996779388083736,0.00318979266347687,0.982371794871795,0.0188976377952756,0,0.00316455696202532,0.00161550888529887,0,0.0032,0.918789808917197,0,0.00164744645799012,0.00157728706624606,0.00315955766192733,0.00323101777059774,0.00157977883096367,0.00161812297734628,0.996875,0.996825396825397,0.00306278713629403,0.996913580246914,0,0.998384491114701,0.00317965023847377,0,0,0,0.00162337662337662,0.998410174880763,0,0.00318471337579618,0.00321543408360129,0,0,0,0,0,0,0,0,0,0.003125,0,0.998373983739837,0,0.0180921052631579,0.00164744645799012,0.0288,0,0,0.0031496062992126,0.0031055900621118,0.00490196078431373,0.00161290322580645,0.00164203612479475,0.00163132137030995,0,0,0.0032,0,0,0.00158478605388273,0.993670886075949,0.00157977883096367,0.00158227848101266,1,0,0.996768982229402,0.0016025641025641,0.998333333333333,0.00318471337579618,0.00317460317460317,0,0.00157728706624606,0.00318471337579618,0.00160513643659711,0,0.0179445350734095,0.998402555910543,0.996830427892235,0,0,0,0.996870109546166,0.996865203761755,0,0,0.00159235668789809,0.996789727126806,0,0.9984375,0.00163398692810458,0.00164203612479475,0.0340356564019449,0,0.996850393700787,0,0,0.00316455696202532,0.0015625,0,0,0.00328407224958949,0.895765472312704,0.00329489291598023,0.996810207336523,0.0031496062992126,0.995238095238095,0.00329489291598023,0,0.373770491803279,0.9968,0.996747967479675,0,0.00324675324675325,0.0110062893081761,0,0,0,0.00163132137030995,0.0031201248049922,0.998349834983498,0,0.00321543408360129,0.998417721518987,0.00328407224958949,0.00157232704402516,0,0.96513470681458,0,0.00318979266347687,0,0,0,0,0.00167785234899329,0,0.00163132137030995,0.996805111821086,0.00320512820512821,0.00158478605388273,1,0.996794871794872,0,0.996732026143791,0,0.00161812297734628,0.00166944908180301,0,0,0.00487012987012987,0.00651465798045603,0,0.951486697965571,0,0.894909688013136,0.976114649681529,0.998373983739837,0.154340836012862,0,0,0.00313971742543171,0,0.956168831168831,0.944794952681388,0,0.980613893376414,0.990033222591362,0.945425361155698,0.977382875605816,0.947535771065183,0,0.971518987341772,0,0,0.958266452648475,0,0.925349922239502,0,0.0500807754442649,0,0
"462",0.8859375,0.866057838660578,0.903614457831325,0.865506329113924,0.885271317829457,0.878787878787879,1,0.886535552193646,0.866464339908953,0.0158227848101266,0.874418604651163,0.02,0.602134146341463,0.874418604651163,0.134883720930233,0.124423963133641,0.0181818181818182,0.0356589147286822,0.872813990461049,0.868501529051988,0.268702290076336,0.126984126984127,0.861911987860395,0.0181268882175227,0.860606060606061,0.3328173374613,0.206471494607088,0.860282574568289,0.534534534534535,0.725341426403642,0.115151515151515,0.695454545454545,0.77602523659306,0.351063829787234,0.0169230769230769,0.877138413685848,0.0334855403348554,0.867378048780488,0.365126676602086,0.826021180030257,0.0171339563862928,0.0303030303030303,0.0303030303030303,0.875389408099688,0.767885532591415,0.129230769230769,0.526234567901235,0.0966257668711656,0.534431137724551,0.23030303030303,0.0212121212121212,0.868217054263566,0.35474006116208,0.874039938556068,0.996860282574568,0.255150554675119,0.0189274447949527,0.853312302839117,0.924812030075188,0.852807283763278,0.368024132730015,0.476621417797888,0.1046875,0.0202177293934681,0.825396825396825,0.783489096573209,0.0138248847926267,0.866251944012442,0.013953488372093,0.104524180967239,0.770167427701674,0.104938271604938,0.120795107033639,0.874811463046757,0.0139103554868624,0.753403933434191,0.144376899696049,0.591185410334346,0.890453834115806,0.353697749196141,0.0186335403726708,0.716236722306525,0.296803652968037,0.872754491017964,0.204930662557781,0.856269113149847,0.864741641337386,0.868381240544629,0.85,0.0303030303030303,0.865116279069767,0.862745098039216,0.0186046511627907,0.0168195718654434,0.866043613707165,0.0201863354037267,0.400921658986175,0.87308868501529,0.0212121212121212,0.0290964777947933,0.728110599078341,0.0169753086419753,0.3859375,0.877708978328173,0.20392749244713,0.880763116057234,0.0277349768875193,0.906727828746177,0.10939907550077,0.11214953271028,0.109090909090909,0.983050847457627,0.419906687402799,0.857798165137615,0.0159235668789809,0.896341463414634,0.727554179566563,0.0180995475113122,0.103030303030303,0.304147465437788,0.0152671755725191,0.77947932618683,0.344563552833078,0.174050632911392,0.871951219512195,0.224242424242424,0.873873873873874,0.874425727411945,0.0230061349693252,0.638167938931298,0.863287250384025,0.510903426791277,0.866562009419152,0.0182648401826484,0.862838915470494,0.116941529235382,0.021505376344086,0.325471698113208,0.613707165109034,0.624203821656051,0.020440251572327,0.0224,0.88030303030303,0.740399385560676,0.253565768621236,0.868954758190328,0.101538461538462,0.861111111111111,0.485981308411215,0.875748502994012,0.238546603475513,0.876712328767123,0.874411302982732,0.785714285714286,0.873475609756098,0.0954616588419405,0.878274268104777,0.101538461538462,0.0166414523449319,0.73469387755102,0.911278195488722,0.872894333843798,0.132420091324201,0.0212121212121212,0.873873873873874,0.515822784810127,0.867088607594937,0.873831775700935,0.869760479041916,0.341945288753799,0.885321100917431,0.107361963190184,0.866666666666667,0.106824925816024,0.922839506172839,0.417818740399386,0.0201863354037267,0.864615384615385,0.0197869101978691,0.770642201834862,0.877675840978593,0.206201550387597,0.874242424242424,0.850381679389313,0.872781065088757,0.878048780487805,0.201550387596899,0.448071216617211,0.850863422291994,0.849378881987578,0.147865853658537,0.119631901840491,0.88390092879257,0.969650986342944,0.0167173252279635,0.0154083204930663,0.4,0.0213089802130898,0.87218045112782,0.354354354354354,0.990639625585023,0.710566615620214,0.876876876876877,0.533950617283951,0.480182926829268,0.399375975039002,0.830769230769231,0.850609756097561,0.886877828054299,0.0230414746543779,0.801829268292683,0.287758346581876,0.869431643625192,0.11937984496124,0.176204819277108,0.624808575803982,0.885400313971743,0.879939209726444,0.829953198127925,0.872146118721461,0.823348694316436,0.0171606864274571,0.178353658536585,0.680597014925373,0.869029275808937,0.0199386503067485,0.861702127659574,0.89039039039039,0.644961240310078,0.561162079510703,0.876543209876543,0.870866141732283,0.471786833855799,0.0220820189274448,0.974164133738602,0.572317262830482,0.902053712480253,0.106544901065449,0.861911987860395,0.873040752351097,0.874617737003058,0.853846153846154,0.568627450980392,0.109907120743034,0.9,0.539156626506024,0.102678571428571,0.115269461077844,0.265745007680492,0.110769230769231,0.25194401244168,0.710407239819005,0.0996932515337423,0.104545454545455,0.123287671232877,0.655120481927711,0.152380952380952,0.871715610510046,0.0264385692068429,0.106646058732612,0.0167427701674277,0.311248073959938,0.878125,0.855606758832565,0.81591263650546,0.0213414634146341,0.910236220472441,0.786259541984733,0.70404984423676,0.643302180685358,0.511627906976744,0.492211838006231,0.0317220543806647,0.871517027863777,0.211161387631976,0.7088,0.892141756548536,0.117378048780488,0.778625954198473,0.115207373271889,0.219325153374233,0.877272727272727,0.870458135860979,1,0.0178306092124814,0.705263157894737,0.996879875195008,0.0198170731707317,0.0986342943854325,0.993993993993994,0.896551724137931,0.0153139356814701,0.105022831050228,0.103715170278638,0.896,0.840873634945398,0.104761904761905,0.0173228346456693,0.479876160990712,0.887323943661972,0.821212121212121,0.462365591397849,0.70606531881804,0.868300153139357,0.1089258698941,0.880484114977307,0.872534142640364,0.111455108359133,0.87062404870624,0.871913580246914,0.874403815580286,0.880484114977307,0.275968992248062,0.408472012102874,0.386850152905199,0.891304347826087,0.846153846153846,0.0673813169984686,0.333333333333333,0.885271317829457,0.233687405159332,0.383458646616541,0.892966360856269,0.872841444270016,0.88135593220339,0.703470031545741,0.874062968515742,0.316692667706708,0.898021308980213,0.877519379844961,0.0199692780337942,0.404511278195489,0.65086887835703,0.115853658536585,0.0692771084337349,0.115097159940209,0.831562974203338,0.131297709923664,0.100931677018634,0.014903129657228,0.312883435582822,0.869029275808937,0.176651305683564,0.893249607535322,0.897990726429675,0.885271317829457,0.37962962962963,0.380952380952381,0.657492354740061,0.506410256410256,0.0196671709531014,0.784615384615385,0.116766467065868,0.127496159754224,0.306278713629403,0.875776397515528,0.104938271604938,0.0198473282442748,0.411764705882353,0.119815668202765,0.119751166407465,0.525502318392581,0.863141524105754,0.361904761904762,0.880452342487884,0.854938271604938,0.0194319880418535,0.881057268722467,0.0978915662650602,0.876506024096386,0.786482334869432,0.875394321766562,0.124223602484472,0.867269984917044,0.100917431192661,0.826952526799387,0.718944099378882,0.850381679389313,0.891402714932127,0.879204892966361,0.393617021276596,0.864329268292683,0.870481927710843,0.10960960960961,0.117103235747304,0.88006230529595,0.865443425076453,0.403614457831325,0.805855161787365,0.868167202572347,0.857359635811836,0.877300613496933,0.0125391849529781,0.190031152647975,0.874233128834356,0.107858243451464,0.0218068535825545,0.908385093167702,0.018957345971564,0.151326053042122,0.868381240544629,0.903726708074534,0.0249609984399376,0.731297709923664,0.46801872074883,0.885802469135803,0.110584518167457,0.792834890965732,0.874213836477987,0.438871473354232,0.684049079754601,0.797191887675507,0.015552099533437,0.261467889908257,0.897798742138365,0.872699386503067,0.482280431432974,0.878419452887538,0.852750809061489,0.138888888888889,0.0184615384615385,0.880916030534351,0.878648233486943,0.8546875,0.668683812405446,0.10989010989011,0.912636505460218,0.323529411764706,0.294022617124394,0.0257966616084977,0.621538461538461,0.6140625,0.635258358662614,0.0182370820668693,0.367762128325509,0.884792626728111,0.631659056316591,0.563165905631659,0.174041297935103,0.0182926829268293,0.018018018018018,0.867732558139535,0.856495468277946,0.0136570561456753,0.891437308868501,0.0238473767885533,0.0194902548725637,0.0205047318611987,0.87789799072643,0.0184049079754601,0.875776397515528,0.793893129770992,0.60790273556231,0.874811463046757,0.0173228346456693,0.0172143974960876,0.877300613496933,0.862068965517241,0.723146747352496,0.0996978851963746,0.0172684458398744,1,0.681538461538462,0.891975308641975,0.543247344461305,0.436532507739938,0.0136986301369863,0.866868381240545,0.10939907550077,0.890282131661442,0.181538461538462,0.0196969696969697,0.107738998482549,0.21978021978022,0.499205087440382,0.86,0.021505376344086,0.87910447761194,0.87211093990755,0.874039938556068,0.0229709035222052,0.176470588235294,0.830917874396135,0.114331723027375,0.872727272727273,0.868975903614458,0.110260336906585,0.863842662632375,0.394453004622496,0.799694189602447,0.123076923076923,0.265432098765432,0.86697247706422,0.0251968503937008,0.112828438948995,0.889226100151745,0.11214953271028,0.670866141732283,0.440860215053763,0.021505376344086,0.208588957055215,0.754330708661417,0.358118361153263,0.880184331797235,0.103235747303544,0.253435114503817,0.47557003257329,0.856707317073171,0.847761194029851,0.853435114503817,0.72107765451664,0.0171339563862928,0.859327217125382,0.104134762633997,0.844135802469136,0.485086342229199,0.106824925816024,0.871212121212121,0.887171561051005,0.876369327073552,0.613458528951487,0.884615384615385,0.234836702954899,0.299531981279251,0.858461538461538,0.981651376146789,0.0228310502283105,0.0203125,0.871473354231975,0.835423197492163,0.126760563380282,0.881064162754304,0.88135593220339,0.448540706605223,0.886115444617785,0.734920634920635,1,0.0181268882175227,0.886153846153846,0.433641975308642,0.884792626728111,0.876543209876543,0.0208955223880597,0.65210608424337,0.898595943837754,0.116459627329193,0.720430107526882,0.448854961832061,0.755223880597015,0.699537750385208,0.844544095665172,0.182222222222222,0.88871473354232,0.881901840490798,0.895612708018154,0.408874801901743,0.192901234567901,0.88030303030303,0.88821752265861,0.0229007633587786,0.759512937595129,0.495412844036697,0.342424242424242,0.767477203647416,0.867283950617284,0.813953488372093,0.871212121212121,0.170437405731523,0.111111111111111,0.0199081163859112,0.836140888208269,0.111791730474732,0.115207373271889,0.347692307692308,0.0201238390092879,0.876146788990826,0.853211009174312,0.875945537065053,0.876304023845007,0.1850699844479,0.113707165109034,0.0164670658682635,0.0201238390092879,0.283676703645008,0.172413793103448,0.25508607198748,0.0165413533834586,0.104704097116844,0.86890243902439,0.0631578947368421,0.383307573415765,0.874213836477987,0.689393939393939,0.85625,0.682442748091603,0.650602409638554,0.0139103554868624,0.874260355029586,0.496894409937888,0.587786259541985,0.962292609351433,0.878419452887538,0.468217054263566,0.0274809160305344,0.878274268104777,0.87874251497006,0.0169491525423729,0.840601503759398,0.112654320987654,0.858974358974359,0.478658536585366,0.0168453292496172,0.0217054263565891,0.603531300160514,0.823529411764706,0.106976744186047,0.240625,0.0277349768875193,0.0158982511923688,0.723529411764706,0.129032258064516,0.876404494382023,0.410334346504559,0.88455772113943,0.104072398190045,0.418711656441718,0.387147335423198,0.899529042386185,0.191387559808612,0.119631901840491,0.0199081163859112,0.150470219435737,0.0168195718654434,0.877828054298643,0.126602564102564,0.89037037037037,0.115030674846626,0.8703125,0.0179640718562874,0.55472263868066,0.506955177743431,0.878419452887538,0.0204724409448819,0.877458396369138,0.0202177293934681,0.46129541864139,0.871016691957511,0.0198776758409786,0.746223564954683,0.886821705426357,0.705790297339593,0.901408450704225,0.13464447806354,0.0182926829268293,0.871165644171779,0.343799058084772,0.0196374622356495,0.699544764795144,0.105654761904762,0.130699088145897,0.872472783825817,0.878315132605304,0.856707317073171,0.842024539877301,0.865625,0.0185185185185185,0.88390092879257,0.0454545454545455,0.467374810318665,0.363919129082426,0.872503840245776,0.859756097560976,0.885022692889561,0.875,0.0796324655436447,0.126543209876543,0.879365079365079,0.865151515151515,0.699088145896657,0.858447488584475,0.874622356495468,0.901215805471125,0.0197268588770865,0.013595166163142,0.874813710879285,0.0225903614457831,0.170658682634731,0.0171339563862928,0.890243902439024,0.346518987341772,0.299373040752351,0.217987804878049,0.835703001579779,0.0214067278287462,0.214067278287462,0.875190258751903,0.870030581039755,0.660578386605784,0.514749262536873,0.29585798816568,0.265060240963855,0.630434782608696,0.102290076335878,0.192955589586524,0.64451313755796,0.330232558139535,0.692192192192192,0.119815668202765,0.0217729393468118,0.0928792569659443,0.42457231726283,0.874223602484472,0.739663093415008,0.332840236686391,0.624615384615385,0.919575113808801,0.869172932330827,0.879614767255217,0.876971608832808,0.880248833592535,0.87906976744186,0.576271186440678,0.488584474885845,0.875192604006163,0.109955423476969,0.12089552238806,0.898305084745763,0.0302571860816944,0.865761689291101,0.846737481031866,0.0171073094867807,0.212361331220285,0.0199386503067485,0.869230769230769,0.0174880763116057,0.868580060422961,0.875766871165644,0.108396946564885,0.816793893129771,0.866666666666667,0.7398753894081,0.688821752265861,0.998447204968944,0.0183206106870229,0.0171875,0.86525974025974,0.890532544378698,0.879756468797565,0.0181543116490166,0.0120481927710843,0.115323854660348,0.301659125188537,0.515384615384615,0.0152905198776758,0.506976744186047,0.0167427701674277,0.837245696400626,0.865834633385335,0.247648902821317,0.328746177370031,0.0149700598802395,0.416267942583732,0.581430745814307,0.800918836140888,0.893871449925262,0.812785388127854,0.102564102564103,0.886970172684458,0.0356589147286822,0.8672,0.0201863354037267,0.878012048192771,0.0182370820668693,0.867298578199052,0.133545310015898,0.0895061728395062,0.0213740458015267,0.0186625194401244,0.816109422492401,0.824367088607595,0.955589586523737,0.69079939668175,0.125560538116592,0.11128526645768,0.75077399380805,0.757530120481928,0.0157232704402516,0.124416796267496,0.852713178294574,0.0153374233128834,0.861417322834646,0.909228441754917,0.159754224270353,0.0579268292682927,0.101088646967341,0.873860182370821,0.52112676056338,0.180404354587869,0.196232339089482,0.207001522070015,0.70440251572327,0.186259541984733,0.877519379844961,0.0228310502283105,0.744648318042814,0.847432024169184,0.0264385692068429,0.0214067278287462,0.106666666666667,0.0139968895800933,0.11854103343465,0.870030581039755,0.696540880503145,0.0968253968253968,0.111801242236025,0.635071090047393,0.922839506172839,0.490015360983103,0.0630630630630631,0.110935023771791,0.0748407643312102,0.0333333333333333,0.0231124807395994,0.125786163522013,0.117210682492582,0.100156494522692,0.126348228043143,0.106927710843373,0.0652173913043478,0.0717557251908397,0.120060790273556,0.0319634703196347,0.0172143974960876,0.046583850931677,0.0351145038167939,0.0732824427480916,0.116030534351145,0.0379939209726444,0.101910828025478,0.115562403697997,0.055205047318612,0.115740740740741,0.0454545454545455,0.108231707317073,0.115151515151515,0.105654761904762,0.102009273570325
"463",0.603421461897356,0.590769230769231,0.614220877458396,0.611544461778471,0.609250398724083,0.599358974358974,0.668730650154799,0.629107981220657,0.582450832072617,0,0.587423312883436,0,0.608628659476117,0.592,0.447368421052632,0.415123456790123,0,0.0094488188976378,0.599056603773585,0.611872146118721,0.568356374807988,0.414790996784566,0.591679506933744,0,0.655913978494624,0.513975155279503,0.48382126348228,0.584786053882726,0.665171898355755,0.778801843317972,0.407575757575758,0.678516228748068,0.687211093990755,0.539412673879444,0,0.584758942457232,0.0107858243451464,0.582317073170732,0.627627627627628,0.613293051359517,0.00156494522691706,0.00770416024653313,0.00302571860816944,0.592476489028213,0.6912,0.425396825396825,0.595275590551181,0.394777265745008,0.65158371040724,0.509230769230769,0,0.598746081504702,0.600917431192661,0.598755832037325,0.677115987460815,0.515625,0,0.605546995377504,0.616564417177914,0.658573596358118,0.539050535987749,0.65296803652968,0.406593406593407,0,0.648264984227129,0.668721109399075,0,0.59472049689441,0,0.396923076923077,0.622699386503067,0.399375975039002,0.418641390205371,0.592933947772657,0,0.700152207001522,0.434108527131783,0.632307692307692,0.651419558359621,0.578175895765472,0,0.660606060606061,0.522727272727273,0.598774885145482,0.49613601236476,0.661585365853659,0.575851393188854,0.621004566210046,0.590417310664606,0,0.588976377952756,0.582181259600614,0,0,0.624012638230648,0,0.685271317829457,0.58599695585997,0.00304878048780488,0.00458015267175573,0.822804314329738,0,0.645962732919255,0.602803738317757,0.499245852187029,0.577352472089314,0.0015527950310559,0.607198748043818,0.399068322981366,0.413145539906103,0.409230769230769,0.658307210031348,0.581039755351682,0.599388379204893,0,0.61171032357473,0.669753086419753,0,0.40625,0.532407407407407,0,0.6953125,0.633956386292835,0.473270440251572,0.600614439324117,0.502276176024279,0.591397849462366,0.594427244582043,0,0.863496932515337,0.639751552795031,0.604133545310016,0.589984350547731,0,0.592476489028213,0.40763358778626,0,0.634945397815913,0.595015576323987,0.840510366826156,0,0,0.616923076923077,0.682588597842835,0.497607655502392,0.580594679186229,0.396604938271605,0.667673716012085,0.593301435406699,0.59789156626506,0.542264752791069,0.590697674418605,0.5796875,0.671274961597542,0.607033639143731,0.390015600624025,0.594470046082949,0.393798449612403,0,0.695924764890282,0.667678300455235,0.606106870229008,0.419601837672282,0,0.589041095890411,0.588888888888889,0.594249201277955,0.590288315629742,0.594090202177294,0.515151515151515,0.599078341013825,0.408668730650155,0.605182926829268,0.411940298507463,0.6578125,0.562883435582822,0,0.598755832037325,0,0.627118644067797,0.595679012345679,0.482334869431644,0.596006144393241,0.62095531587057,0.602055800293686,0.605783866057839,0.493827160493827,0.584355828220859,0.65086887835703,0.644904458598726,0.456386292834891,0.422664624808576,0.61198738170347,0.668195718654434,0,0,0.718553459119497,0.00151975683890578,0.592933947772657,0.558245083207262,0.678288431061807,0.627871362940276,0.612951807228916,0.831761006289308,0.597503900156006,0.685126582278481,0.595645412130638,0.61128526645768,0.655226209048362,0,0.68030303030303,0.581059390048154,0.628125,0.394944707740916,0.453435114503817,0.867807153965785,0.611872146118721,0.605740181268882,0.67601246105919,0.592933947772657,0.645061728395062,0,0.452978056426332,0.693815987933635,0.595238095238095,0,0.599695585996956,0.602985074626866,0.857585139318885,0.582689335394127,0.604361370716511,0.600644122383253,0.720430107526882,0,0.662632375189107,0.653846153846154,0.631239935587762,0.404907975460123,0.607033639143731,0.578703703703704,0.587962962962963,0.607476635514019,0.621212121212121,0.436220472440945,0.633956386292835,0.590062111801242,0.403614457831325,0.413533834586466,0.479623824451411,0.403374233128834,0.548076923076923,0.769230769230769,0.400309119010819,0.396656534954407,0.420489296636086,0.936267071320182,0.431061806656101,0.615264797507788,0.0032,0.39509954058193,0,0.624806201550388,0.611801242236025,0.597859327217125,0.643625192012289,0,0.666666666666667,0.648854961832061,0.666666666666667,0.666144200626959,0.576506955177743,0.566153846153846,0.00307219662058372,0.593406593406593,0.5,0.671974522292994,0.624610591900312,0.429663608562691,0.855365474339036,0.41471048513302,0.487062404870624,0.614114114114114,0.584786053882726,0.670364500792393,0,0.929770992366412,0.664086687306502,0,0.406441717791411,0.6732223903177,0.615023474178404,0,0.416666666666667,0.407294832826748,0.609375,0.6496,0.393939393939394,0,0.744257274119449,0.596875,0.731523378582202,0.587692307692308,0.880503144654088,0.588414634146341,0.396923076923077,0.588145896656535,0.58179012345679,0.397217928902628,0.616923076923077,0.595645412130638,0.616,0.610350076103501,0.531881804043546,0.635670731707317,0.677811550151976,0.609375,0.613924050632911,0.0333333333333333,0.548031496062992,0.612055641421947,0.468118195956454,0.565151515151515,0.607198748043818,0.603448275862069,0.61609907120743,0.694968553459119,0.580398162327718,0.526898734177215,0.634408602150538,0.600315955766193,0,0.63594470046083,0.76138147566719,0.430340557275542,0.0305810397553517,0.408194233687405,0.646875,0.417298937784522,0.402173913043478,0,0.5320813771518,0.592476489028213,0.473846153846154,0.606796116504854,0.635658914728682,0.593996840442338,0.694968553459119,0.683042789223455,0.659476117103236,0.57660626029654,0,0.6625,0.398176291793313,0.408194233687405,0.572078907435508,0.599374021909233,0.413312693498452,0,0.658536585365854,0.410606060606061,0.425897035881435,0.588509316770186,0.591397849462366,0.558544303797468,0.603252032520325,0.600931677018634,0,0.605925925925926,0.402420574886536,0.599092284417549,0.664098613251156,0.599686028257457,0.415503875968992,0.614803625377644,0.391705069124424,0.624413145539906,0.663009404388715,0.632621951219512,0.627300613496933,0.590138674884438,0.679012345679012,0.612244897959184,0.579666160849772,0.411585365853659,0.41185647425897,0.585443037974684,0.585139318885449,0.588325652841782,0.613846153846154,0.618357487922705,0.619047619047619,0.599695585996956,0,0.469291338582677,0.589665653495441,0.408320493066256,0,0.62095531587057,0.0031201248049922,0.423197492163009,0.58751902587519,0.632558139534884,0.00156494522691706,0.822981366459627,0.575663026521061,0.6203125,0.407643312101911,0.638198757763975,0.584905660377358,0.626934984520124,1,0.666151468315301,0,0.566246056782334,0.616113744075829,0.598130841121495,0.581143740340031,0.611532625189681,0.598023064250412,0.426356589147287,0,0.61136712749616,0.606973058637084,0.63166144200627,0.650381679389313,0.414330218068536,0.6734375,0.510736196319018,0.557565789473684,0.00306748466257669,0.645468998410175,0.702194357366771,0.664098613251156,0,0.56418383518225,0.639876352395672,0.651376146788991,0.643625192012289,0.453869047619048,0,0,0.601459854014599,0.606382978723404,0,0.66046511627907,0.00158227848101266,0,0,0.587227414330218,0,0.612179487179487,0.813186813186813,0.871016691957511,0.594180704441041,0,0,0.582554517133956,0.622754491017964,0.682926829268293,0.40763358778626,0,0.681538461538462,1,0.615264797507788,0.599388379204893,0.578199052132701,0,0.607692307692308,0.405616224648986,0.635792778649921,0.436507936507937,0,0.402985074626866,0.494505494505495,0.596434359805511,0.596302003081664,0,0.64167916041979,0.627480916030534,0.587057010785824,0,0.46046511627907,0.600993377483444,0.440842787682334,0.59480122324159,0.581679389312977,0.403374233128834,0.58599695585997,0.697709923664122,0.794478527607362,0.425196850393701,0.574132492113565,0.627725856697819,0.00156985871271586,0.404651162790698,0.603715170278638,0.41335453100159,0.69047619047619,0.557993730407524,0,0.495440729483283,0.664025356576862,0.657894736842105,0.604826546003017,0.390432098765432,0.480798771121352,0.587662337662338,0.612951807228916,0.635400907715582,0.617693522906793,0.664050235478807,0,0.610169491525424,0.404870624048706,0.595348837209302,0.740157480314961,0.409295352323838,0.588235294117647,0.600624024960998,0.580745341614907,0.590342679127726,0.610942249240122,0.53198127925117,0.589257503949447,0.64451313755796,0.664145234493192,0,0,0.589622641509434,0.634222919937206,0.418096723868955,0.609494640122512,0.610169491525424,0.771822358346095,0.676056338028169,0.809825673534073,0.674772036474164,0,0.624420401854714,0.711811023622047,0.595015576323987,0.588597842835131,0,0.680685358255452,0.626198083067093,0.419753086419753,0.664050235478807,0.566666666666667,0.644578313253012,0.670382165605096,0.607250755287009,0.440601503759398,0.612954186413902,0.597243491577335,0.61890243902439,0.668789808917197,0.483128834355828,0.595348837209302,0.590634441087613,0.00152439024390244,0.683641975308642,0.666666666666667,0.537750385208012,0.657894736842105,0.590417310664606,0.652173913043478,0.590417310664606,0.18558282208589,0.39708265802269,0,0.674418604651163,0.404024767801858,0.407975460122699,0.566770186335404,0,0.612903225806452,0.64031007751938,0.593220338983051,0.606153846153846,0.459247648902821,0.436018957345972,0,0,0.556782334384858,0.468118195956454,0.490712074303406,0,0.400304414003044,0.584097859327217,0.165390505359877,0.708006279434851,0.603149606299213,0.835365853658537,0.60062893081761,0.667692307692308,0.67814371257485,0,0.596701649175412,0.792993630573248,0.911901081916538,0.659090909090909,0.606606606606607,0.660606060606061,0.00153846153846154,0.627725856697819,0.632132132132132,0,0.587087087087087,0.413312693498452,0.610492845786963,0.578703703703704,0,0.00156985871271586,0.919354838709677,0.680685358255452,0.407066052227343,0.494505494505495,0.00309119010819165,0.00159744408945687,0.621987951807229,0.411490683229814,0.574675324675325,0.592705167173252,0.607361963190184,0.408814589665653,0.596302003081664,0.54160125588697,0.679304897314376,0.471153846153846,0.420091324200913,0.00153139356814701,0.4328125,0,0.594879518072289,0.378205128205128,0.611028315946349,0.412673879443586,0.591482649842271,0,0.593558282208589,0.658385093167702,0.604037267080745,0,0.595712098009188,0,0.6015625,0.593846153846154,0,0.819018404907976,0.616224648985959,0.605546995377504,0.633802816901408,0.427244582043344,0,0.590062111801242,0.522550544323484,0,0.676737160120846,0.40422322775264,0.422018348623853,0.601880877742947,0.590837282780411,0.596330275229358,0.589783281733746,0.606299212598425,0,0.611544461778471,0.00757575757575758,0.712121212121212,0.550925925925926,0.600306278713629,0.597222222222222,0.598774885145482,0.595129375951294,0.0625,0.430555555555556,0.612540192926045,0.62557781201849,0.667682926829268,0.610606060606061,0.596330275229358,0.618098159509202,0,0,0.609212481426449,0,0.43531202435312,0.00156494522691706,0.65210608424337,0.534920634920635,0.512738853503185,0.509287925696594,0.629457364341085,0.00153139356814701,0.506807866868381,0.583717357910906,0.600917431192661,0.695447409733124,0.82962962962963,0.522321428571429,0.505311077389985,0.6049766718507,0.398473282442748,0.474164133738602,0.931464174454829,0.534267912772586,0.658986175115207,0.419504643962848,0,0.391236306729264,0.697305863708399,0.582802547770701,0.720858895705521,0.61377245508982,0.654263565891473,0.681957186544342,0.590288315629742,0.634460547504026,0.588697017268446,0.597774244833068,0.602218700475436,0.656832298136646,0.594135802469136,0.589984350547731,0.411411411411411,0.428139183055976,0.670212765957447,0.00303951367781155,0.582952815829528,0.598461538461538,0,0.487261146496815,0,0.611111111111111,0,0.610169491525424,0.603715170278638,0.41566265060241,0.723172628304821,0.589393939393939,0.819047619047619,0.790839694656489,0.693023255813954,0,0,0.625,0.646449704142012,0.609756097560976,0,0,0.402799377916019,0.523592085235921,0.592248062015504,0,0.61633281972265,0,0.637795275590551,0.5828125,0.513385826771654,0.53587786259542,0,0.580594679186229,0.5984375,0.601851851851852,0.623672230652504,0.747286821705426,0.408385093167702,0.602848101265823,0.0556414219474498,0.594043887147335,0,0.595808383233533,0.00153609831029186,0.586583463338534,0.404423380726698,0.252380952380952,0,0,0.654377880184332,0.622848200312989,0.633587786259542,0.731818181818182,0.423368740515933,0.422291993720565,0.616822429906542,0.576631259484067,0,0.404088050314465,0.596546310832025,0,0.6,0.642201834862385,0.451313755795981,0.0246913580246914,0.402756508422665,0.607305936073059,0.589424572317263,0.44496855345912,0.453543307086614,0.470588235294118,0.681889763779528,0.47040971168437,0.61214953271028,0,0.684952978056426,0.59190031152648,0.00157232704402516,0,0.409495548961424,0,0.420401854714065,0.596302003081664,0.693522906793049,0.410852713178295,0.411214953271028,0.855784469096672,0.631329113924051,0.638167938931298,0.0324574961360124,0.401273885350318,0.0573248407643312,0.0167682926829268,0,0.346875,0.408748114630468,0.40405616224649,0.413846153846154,0.418320610687023,0.0235478806907378,0.0349544072948328,0.413109756097561,0.0139318885448916,0.00789889415481832,0.0353302611367127,0.0181543116490166,0.0325581395348837,0.4109375,0.0200308166409861,0.395534290271132,0.406542056074766,0.025518341307815,0.411580594679186,0.0482654600301659,0.406106870229008,0.394080996884735,0.414670658682635,0.395384615384615
"464",1,1,0.976816074188563,0.945425361155698,0.988924050632911,1,0.903633491311216,0.973312401883831,1,0,1,0,0.563779527559055,1,0.0456692913385827,0.00793650793650794,0,0.0174603174603175,0.998387096774194,0.983050847457627,0.160493827160494,0.0289389067524116,0.987596899224806,0,0.958139534883721,0.259780907668232,0.115444617784711,0.990384615384615,0.468277945619335,0.704160246533128,0,0.698907956318253,0.776190476190476,0.286846275752773,0,1,0.0199692780337942,0.993817619783617,0.256676557863501,0.900928792569659,0.0015600624024961,0.0185185185185185,0.00775193798449612,1,0.784440842787682,0.0266875981161695,0.521531100478469,0,0.469230769230769,0.143721633888048,0,0.99375,0.263975155279503,1,0.899841017488076,0.158730158730159,0,0.971337579617834,0.963358778625954,0.903225806451613,0.312111801242236,0.435054773082942,0,0,0.896166134185304,0.832298136645963,0,0.9890625,0,0,0.862595419847328,0.00617283950617284,0.015625,1,0,0.719754977029097,0.0419254658385093,0.579598145285935,0.909090909090909,0.273476112026359,0,0.712749615975422,0.205882352941176,1,0.122861586314152,0.913713405238829,0.996894409937888,0.970633693972179,0.973561430793157,0.0136986301369863,0.987179487179487,1,0,0,0.979527559055118,0,0.294573643410853,0.981481481481482,0.00938967136150235,0.0110236220472441,0.62402496099844,0,0.285714285714286,1,0.0966767371601208,1,0.0125588697017268,0.978159126365055,0,0.0093603744149766,0.0078125,0.91496062992126,0.335433070866142,0.990697674418605,0,0.990712074303406,0.708978328173375,0,0,0.21993670886076,0,0.769828926905132,0.246894409937888,0.0873015873015873,0.975,0.149460708782743,0.998468606431853,0.995341614906832,0,0.553654743390358,0.937106918238994,0.492753623188406,0.993700787401575,0,0.993630573248408,0.0199692780337942,0,0.212933753943218,0.635499207606973,0.522508038585209,0,0,0.98116169544741,0.766823161189358,0.165605095541401,1,0.00618238021638331,0.930875576036866,0.406349206349206,0.983128834355828,0.1408,0.986068111455108,1,0.852941176470588,0.996875,0,1,0,0,0.741379310344828,0.882621951219512,0.979813664596273,0.0212121212121212,0,1,0.44888178913738,1,1,1,0.294478527607362,0.981072555205047,0.0015600624024961,0.956521739130435,0,0.903328050713154,0.377125193199382,0,0.984276729559748,0,0.852201257861635,1,0.110599078341014,0.984326018808777,0.952599388379205,0.990963855421687,0.97196261682243,0.100470957613815,0.369465648854962,0.92879746835443,0.940988835725678,0.0504731861198738,0.00470219435736677,0.9824,0.869767441860465,0,0,0.300157977883096,0.00156494522691706,1,0.260736196319018,0.895071542130366,0.755832037325039,0.992412746585736,0.443410852713178,0.433697347893916,0.295886075949367,0.930817610062893,0.970031545741325,0.889408099688474,0,0.894899536321484,0.172077922077922,0.951104100946372,0,0.06,0.5390625,0.976958525345622,0.984871406959153,0.838006230529595,0.998435054773083,0.89010989010989,0,0.061128526645768,0.662576687116564,0.996820349761526,0,0.990740740740741,0.981707317073171,0.562893081761006,0.547581903276131,0.98740157480315,1,0.356357927786499,0,0.895865237366003,0.542319749216301,0.974025974025974,0,0.95852534562212,0.9984,1,0.95748031496063,0.541925465838509,0.00157728706624606,0.975,0.543076923076923,0.00302571860816944,0.00152439024390244,0.202875399361022,0,0.149842271293375,0.675840978593272,0,0.00467289719626168,0.0062015503875969,0.600614439324117,0.0420711974110032,0.984350547730829,0.0141732283464567,0,0,0.2224,1,0.978193146417445,0.910355486862442,0,0.890145395799677,0.851330203442879,0.693396226415094,0.616588419405321,0.452380952380952,0.453125,0.0137825421133231,1,0.0964230171073095,0.702265372168285,0.964912280701754,0.0107692307692308,0.7671875,0.00154559505409583,0.11875,1,1,0.906542056074766,0,0.659442724458204,0.8976,0,0,0.904400606980273,0.982649842271293,0,0.0015527950310559,0.00154083204930663,0.985483870967742,0.878640776699029,0,0,0.384615384615385,0.991961414790997,0.789156626506024,0.385321100917431,0.675718849840256,0.97045101088647,0.00627943485086342,1,1,0.0047244094488189,0.97007874015748,1,0.969551282051282,0.9984375,0.17984496124031,0.306976744186047,0.284375,0.979365079365079,0.944805194805195,0.0556414219474498,0.25434439178515,0.979527559055118,0.150387596899225,0.30849478390462,0.996865203761755,0.996820349761526,0.972136222910217,0.688498402555911,0.998442367601246,0.238170347003155,0.965891472868217,0.99685534591195,0,0.31859756097561,0.54773082942097,0.0188976377952756,0.059375,0.00605143721633888,0.92259083728278,0.0307219662058372,0,0,0.225352112676056,0.992138364779874,0.0845070422535211,0.988782051282051,0.975116640746501,0.985691573926868,0.288854003139717,0.289389067524116,0.674491392801252,0.445171849427169,0,0.825885978428351,0.0122511485451761,0.0381679389312977,0.197549770290965,1,0.00152905198776758,0,0.327160493827161,0.00770416024653313,0.0236220472440945,0.48062015503876,1,0.27741935483871,1,0.963549920760697,0,0.994020926756353,0,0.998466257668712,0.832288401253918,1,0.0109717868338558,0.973684210526316,0,0.8859375,0.720190779014308,0.940184049079755,0.986217457886677,0.998444790046656,0.293185419968304,0.965244865718799,1,0,0.0219435736677116,1,1,0.325581395348837,0.885093167701863,0.972267536704731,0.954616588419405,1,0,0.107086614173228,1,0,0,0.974481658692185,0.0128205128205128,0.0458860759493671,1,0.973143759873618,0.00473186119873817,0.633647798742138,0.424528301886792,0.988941548183254,0.00160513643659711,0.882725832012678,1,0.375394321766562,0.616852146263911,0.793798449612403,0,0.15600624024961,0.977455716586151,0.998452012383901,0.456964006259781,1,0.970345963756178,0.0300157977883096,0.0015527950310559,0.987519500780031,0.993690851735016,0.95253164556962,0.685758513931889,0.00791139240506329,0.87797147385103,0.244514106583072,0.176759410801964,0.00777604976671851,0.630225080385852,0.603448275862069,0.604068857589984,0,0.28391167192429,0.921417565485362,0.646781789638933,0.533950617283951,0.0769230769230769,0,0,1,0.969512195121951,0,0.930124223602484,0.0125588697017268,0,0,0.998381877022654,0,1,0.783151326053042,0.53030303030303,1,0,0,0.992307692307692,0.967261904761905,0.71937984496124,0,0.00316957210776545,0.891975308641975,0.615264797507788,1,0.539634146341463,0.340189873417722,0,0.981132075471698,0,0.957345971563981,0.087719298245614,0,0.00758725341426404,0.125786163522013,0.488599348534202,0.981132075471698,0,0.95398773006135,0.976744186046512,1,0,0.0757097791798107,0.929276315789474,0.00486223662884927,1,1,0.00465116279069767,1,0.301412872841444,0.82472613458529,0.0078125,0.164251207729469,0.963836477987421,0.0125,0,0.978361669242658,0.00634920634920635,0.666136724960254,0.399053627760252,0,0.103235747303544,0.75,0.265432098765432,0.981366459627329,0,0.149230769230769,0.460655737704918,0.952307692307692,0.88719512195122,0.96513470681458,0.747619047619048,0,0.979876160990712,0,0.961844197138315,0.380348652931854,0,1,1,1,0.635646687697161,0.987635239567233,0.130365659777424,0.183098591549296,0.953775038520801,0.891509433962264,0,0,0.995260663507109,0.9424,0.0140405616224649,0.984350547730829,0.995327102803738,0.370542635658915,0.935331230283912,0.754746835443038,0.898148148148148,0,0.971653543307087,0.323854660347551,1,1,0,0.643987341772152,0.976525821596244,0,0.687203791469194,0.3796875,0.803328290468986,0.677165354330709,0.9558599695586,0.0725075528700906,0.982286634460548,1,0.982892690513219,0.293548387096774,0.0868217054263566,0.995356037151703,1,0.00920245398773006,0.784251968503937,0.451761102603369,0.255886970172684,0.764525993883792,1,0.896389324960754,1,0.128284389489954,0,0,0.835164835164835,0.0031496062992126,0,0.269592476489028,0,0.995275590551181,0.916286149162861,0.998439937597504,0.998470948012232,0.0766823161189358,0,0,0,0.165584415584416,0.0850393700787402,0.1616,0,0,1,0.00918836140888208,0.296062992125984,1,0.592248062015504,0.974603174603175,0.649691358024691,0.629742033383915,0,1,0.4032,0.508661417322835,0.937019969278034,0.992150706436421,0.386046511627907,0.0125391849529781,0.957547169811321,0.961538461538462,0,0.972560975609756,0.0172143974960876,0.988709677419355,0.432348367029549,0,0.0110236220472441,0.529900332225914,0.838607594936709,0,0.133858267716535,0.0140625,0.00160513643659711,0.752958579881657,0.0238095238095238,1,0.322188449848024,0.993855606758833,0,0.383177570093458,0.324193548387097,0.885350318471338,0.098546042003231,0.00312989045383412,0.00308641975308642,0.0456692913385827,0,0.998470948012232,0.0396196513470681,0.981981981981982,0.00312989045383412,1,0,0.520673813169985,0.461417322834646,1,0,1,0,0.391935483870968,0.989147286821705,0,0.651305683563748,0.982785602503912,0.75,0.953821656050955,0.0414110429447853,0,1,0.254317111459969,0,0.697674418604651,0,0.0182094081942337,1,1,0.995405819295559,0.974842767295597,0.987179487179487,0,0.974803149606299,0.0277777777777778,0.343076923076923,0.287250384024578,0.995341614906832,0.9921875,0.992378048780488,0.992248062015504,0.0555555555555556,0.0171875,0.990131578947368,0.962616822429907,0.723502304147465,0.983333333333333,1,0.978159126365055,0,0,0.978787878787879,0,0.0570107858243451,0,0.9546875,0.27892234548336,0.209003215434084,0.122291021671827,0.93015873015873,0,0.103286384976526,1,1,0.640253565768621,0.424698795180723,0.202985074626866,0.178353658536585,0.646031746031746,0,0.109756097560976,0.566718995290424,0.250393700787402,0.702290076335878,0.00947867298578199,0,0,0.311004784688995,1,0.622432859399684,0.225903614457831,0.628304821150855,0.885802469135803,0.987786259541985,0.964573268921095,0.984350547730829,1,1,0.570542635658915,0.408320493066256,0.998402555910543,0.00600600600600601,0.0091324200913242,0.890625,0.0141287284144427,1,0.967441860465116,0,0.113821138211382,0,0.95260663507109,0,0.975346687211094,1,0.00310077519379845,0.851097178683386,1,0.652733118971061,0.622670807453416,0.891891891891892,0,0,0.936378466557912,0.945103857566766,0.992331288343558,0,0,0,0.232628398791541,0.500782472613459,0,0.459968602825746,0,0.926332288401254,1,0.15112540192926,0.237871674491393,0,0.33596214511041,0.5859375,0.867394695787831,0.966767371601209,0.784591194968553,0,0.990566037735849,0.0142405063291139,1,0,0.984732824427481,0.00949367088607595,1,0.0202808112324493,0.0110759493670886,0,0,0.828926905132193,0.931309904153355,0.947204968944099,0.731707317073171,0.0243531202435312,0.00628930817610063,0.835403726708075,0.844748858447489,0,0.0188383045525903,0.968051118210863,0,0.983974358974359,0.962962962962963,0.0654205607476635,0.0440251572327044,0.00157232704402516,1,0.463768115942029,0.0692913385826772,0.0920840064620355,0.113846153846154,0.688679245283019,0.10939907550077,1,0,0.759554140127389,0.9796875,0.00476190476190476,0,0,0,0,1,0.724960254372019,0,0,0.555374592833876,0.962264150943396,0.439814814814815,0.0546282245827011,0.00161290322580645,0.060126582278481,0.0214395099540582,0,0.0268562401263823,0.00304878048780488,0.00156985871271586,0.00928792569659443,0,0.0543130990415335,0.0630769230769231,0.013953488372093,0.0234375,0.00636942675159236,0.03125,0.0289193302891933,0.0652173913043478,0.0078125,0.0230414746543779,0,0.00318979266347687,0.0480769230769231,0.00465116279069767,0.0277349768875193,0,0.0358255451713396,0.00149925037481259,0.00156739811912226
"465",0.537242472266244,0.536776212832551,0.545454545454545,0.547619047619048,0.56120826709062,0.521462639109698,0.548837209302326,0.546995377503852,0.542682926829268,0,0.525741029641186,0,0.673374613003096,0.535321821036107,0.493023255813954,0.486153846153846,0,0.00934579439252336,0.5320813771518,0.539877300613497,0.538931297709924,0.491143317230274,0.525423728813559,0,0.558282208588957,0.741885625965997,0.534992223950233,0.535143769968051,0.588325652841782,0.588325652841782,0.465543644716692,0.668188736681887,0.637071651090343,0.617283950617284,0,0.528593508500773,0.0106221547799697,0.534142640364188,0.56547619047619,0.548872180451128,0,0.00766871165644172,0.00151515151515152,0.529503105590062,0.630818619582664,0.484326018808777,0.872670807453416,0.474339035769829,0.601837672281776,0.532330827067669,0,0.529503105590062,0.591549295774648,0.525581395348837,0.543478260869565,0.556089743589744,0,0.543171114599686,0.52824427480916,0.616207951070336,0.66358024691358,0.583206106870229,0.481366459627329,0,0.568037974683544,0.586890243902439,0,0.532208588957055,0,0.47244094488189,0.62780269058296,0.470496894409938,0.482115085536547,0.52959028831563,0,0.621987951807229,0.483532934131737,0.675799086757991,0.593354430379747,0.597039473684211,0,0.681887366818874,0.608761329305136,0.522796352583587,0.525914634146341,0.59304084720121,0.53030303030303,0.548387096774194,0.548780487804878,0.00151515151515152,0.524922118380062,0.534562211981567,0,0,0.54559748427673,0,0.539877300613497,0.551987767584098,0.00154320987654321,0.003125,0.61128526645768,0,0.563981042654028,0.531446540880503,0.524024024024024,0.538950715421304,0.0031104199066874,0.540247678018576,0.466141732283465,0.487022900763359,0.476190476190476,0.551242236024845,0.605590062111801,0.541411042944785,0,0.549923195084485,0.648690292758089,0,0.484709480122324,0.552795031055901,0,0.635367762128325,0.572085889570552,0.5390625,0.557251908396947,0.552671755725191,0.537993920972644,0.526073619631902,0,0.602167182662539,0.559875583203733,0.575471698113208,0.529225908372828,0,0.52258064516129,0.475113122171946,0,0.575277337559429,0.81259842519685,0.583732057416268,0,0,0.541795665634675,0.63182527301092,0.576744186046512,0.540123456790123,0.466049382716049,0.572519083969466,0.629160063391442,0.541284403669725,0.5359375,0.533846153846154,0.516640253565769,0.56969696969697,0.524767801857585,0.463338533541342,0.533026113671275,0.481651376146789,0,0.604361370716511,0.579666160849772,0.521538461538462,0.485496183206107,0,0.548632218844985,0.653968253968254,0.521035598705502,0.526234567901235,0.521538461538462,0.671779141104294,0.547945205479452,0.468944099378882,0.560357675111773,0.461890243902439,0.579439252336449,0.863705972434916,0,0.534668721109399,0,0.682515337423313,0.510802469135803,0.507836990595611,0.529953917050691,0.547140649149923,0.529585798816568,0.535660091047041,0.524844720496894,0.610942249240122,0.593004769475358,0.567398119122257,0.5,0.472049689440994,0.547433903576983,0.565485362095532,0,0,0.5734375,0,0.53030303030303,0.577912254160363,0.539808917197452,0.774924471299094,0.534638554216867,0.5765625,0.568181818181818,0.594936708860759,0.55625,0.547286821705426,0.587878787878788,0,0.553822152886115,0.553945249597424,0.564341085271318,0.46594427244582,0.543247344461305,0.595679012345679,0.527522935779816,0.549079754601227,0.62596599690881,0.514415781487102,0.599688473520249,0,0.539050535987749,0.626126126126126,0.536392405063291,0,0.53984962406015,0.552395209580838,0.603658536585366,0.610510046367852,0.539291217257319,0.527733755942948,0.577399380804954,0,0.545727136431784,0.660406885758998,0.536392405063291,0.476335877862595,0.569277108433735,0.540412044374009,0.512383900928793,0.555209953343701,0.619482496194825,0.477848101265823,0.555900621118012,0.831029185867896,0.482706766917293,0.469604863221884,0.537383177570093,0.4578125,0.520504731861199,0.583841463414634,0.471494607087827,0.479389312977099,0.470137825421133,0.596006144393241,0.478537360890302,0.539657853810264,0.00313971742543171,0.455538221528861,0,0.54375,0.534700315457413,0.54601226993865,0.589506172839506,0,0.576619273301738,0.559577677224736,0.657935285053929,0.665629860031104,0.652777777777778,0.551401869158878,0.0031104199066874,0.50625,0.508422664624809,0.641955835962145,0.541085271317829,0.484018264840183,0.585516178736518,0.48062015503876,0.523449319213313,0.52959028831563,0.525316455696203,0.55205047318612,0,0.609494640122512,0.538940809968847,0,0.462006079027356,0.541353383458647,0.541213063763608,0,0.477519379844961,0.460587326120556,0.5504,0.624012638230648,0.47887323943662,0,0.590417310664606,0.535885167464115,0.615384615384615,0.609567901234568,0.588050314465409,0.552833078101072,0.486280487804878,0.541984732824427,0.523148148148148,0.485271317829457,0.549467275494673,0.53405572755418,0.523584905660377,0.530139103554869,0.607142857142857,0.568111455108359,0.573189522342065,0.541795665634675,0.56120826709062,0.0211480362537764,0.560250391236307,0.53858024691358,0.650306748466258,0.564444444444444,0.543913713405239,0.534562211981567,0.559505409582689,0.627906976744186,0.524962178517398,0.541471048513302,0.548780487804878,0.526645768025078,0,0.601823708206687,0.585826771653543,0.4828125,0.0216049382716049,0.465361445783133,0.567026194144838,0.482442748091603,0.466049382716049,0,0.676425269645609,0.543478260869565,0.518518518518518,0.544715447154472,0.546707503828484,0.53323029366306,0.58359133126935,0.575471698113208,0.673913043478261,0.630225080385852,0,0.607692307692308,0.471385542168675,0.487101669195751,0.549317147192716,0.538221528861154,0.470046082949309,0,0.591962905718702,0.479198767334361,0.493108728943338,0.6546875,0.52,0.595541401273885,0.526484751203852,0.521671826625387,0,0.533923303834808,0.459293394777266,0.531914893617021,0.599388379204893,0.524720893141946,0.462132921174652,0.53953488372093,0.462132921174652,0.556923076923077,0.670347003154574,0.532824427480916,0.534562211981567,0.521604938271605,0.587962962962963,0.545031055900621,0.524242424242424,0.466966966966967,0.463901689708141,0.515055467511886,0.525157232704403,0.621913580246914,0.547112462006079,0.546178343949045,0.572317262830482,0.536621823617339,0,0.551342812006319,0.523364485981308,0.481191222570533,0,0.548286604361371,0.00313971742543171,0.509404388714734,0.522865853658537,0.544323483670295,0,0.592476489028213,0.909509202453988,0.541996830427892,0.451923076923077,0.577777777777778,0.522012578616352,0.579439252336449,0.588414634146341,0.6484375,0,0.553822152886115,0.533018867924528,0.532012195121951,0.916666666666667,0.525993883792049,0.548123980424144,0.485179407176287,0,0.534351145038168,0.531490015360983,0.563944530046225,0.663622526636225,0.468847352024922,0.5703125,0.690658499234303,0.5,0.00153846153846154,0.680379746835443,0.623622047244095,0.686064318529862,0,0.585173501577287,0.573619631901841,0.681887366818874,0.658536585365854,0.525073746312684,0,0,0.523668639053254,0.518684603886398,0,0.573415765069552,0.00156494522691706,0,0,0.527950310559006,0,0.548895899053628,0.582434514637905,0.607250755287009,0.518237082066869,0,0,0.533536585365854,0.55690440060698,0.630368098159509,0.47289156626506,0,0.543247344461305,0.599388379204893,0.539634146341463,1,0.629283489096573,0,0.538343558282209,0.47068145800317,0.559055118110236,0.528861154446178,0,0.483483483483483,0.509375,0.63562091503268,0.531587057010786,0,0.565217391304348,0.535384615384615,0.517611026033691,0,0.502377179080824,0.536585365853659,0.470779220779221,0.511450381679389,0.541158536585366,0.470948012232416,0.529862174578867,0.594427244582043,0.580495356037152,0.468944099378882,0.543720190779014,0.552099533437014,0.0015625,0.473282442748092,0.558421851289833,0.490566037735849,0.639370078740157,0.59375,0,0.514637904468413,0.639810426540284,0.570996978851964,0.558641975308642,0.471228615863142,0.610091743119266,0.57484076433121,0.577677224736048,0.611694152923538,0.55625,0.656101426307448,0,0.538343558282209,0.46142208774584,0.532012195121951,0.561128526645768,0.468181818181818,0.532526475037821,0.543613707165109,0.525741029641186,0.823802163833076,0.539755351681957,0.529411764705882,0.552099533437014,0.551083591331269,0.573415765069552,0,0,0.526729559748428,0.571207430340557,0.479299363057325,0.557120500782473,0.553158705701079,0.575757575757576,0.565830721003135,0.564541213063764,0.534638554216867,0,0.548686244204019,0.570754716981132,0.548837209302326,0.530769230769231,0,0.608763693270736,0.540880503144654,0.471875,0.607594936708861,0.590769230769231,0.617910447761194,0.738924050632911,0.545180722891566,0.535060975609756,0.520833333333333,0.535768645357686,0.559322033898305,0.556270096463023,0.473035439137134,0.550375939849624,0.513595166163142,0.00152905198776758,0.616923076923077,0.610169491525424,0.581679389312977,0.632621951219512,0.530581039755352,0.562111801242236,0.52241112828439,0.126911314984709,0.46353322528363,0,0.603803486529319,0.463790446841294,0.47239263803681,0.5828125,0,0.546439628482972,0.578052550231839,0.52833078101072,0.53822629969419,0.55045871559633,0.474418604651163,0,0,0.549450549450549,0.5078125,0.550860719874804,0,0.467275494672755,0.515384615384615,0.205246913580247,0.553488372093023,0.525984251968504,0.596625766871166,0.536891679748823,0.682926829268293,0.625189681335357,0,0.525222551928783,0.574534161490683,0.556765163297045,0.550151975683891,0.532330827067669,0.62037037037037,0.00154798761609907,0.559561128526646,0.551515151515152,0,0.572072072072072,0.48531684698609,0.536858974358974,0.557781201848998,0,0,0.601286173633441,0.619122257053291,0.485981308411215,0.536050156739812,0.00153609831029186,0,0.594879518072289,0.4858934169279,0.521880064829822,0.585365853658537,0.537878787878788,0.477996965098634,0.641975308641975,0.69620253164557,0.603803486529319,0.525236593059937,0.473926380368098,0,0.496050552922591,0,0.520119225037258,0.402889245585875,0.536764705882353,0.481366459627329,0.524256651017214,0,0.656108597285068,0.60410094637224,0.514774494556765,0,0.541033434650456,0,0.612698412698413,0.532724505327245,0,0.583841463414634,0.538341158059468,0.769470404984424,0.546603475513428,0.490076335877863,0,0.52,0.572530864197531,0,0.650621118012422,0.469265367316342,0.462121212121212,0.524105754276827,0.53125,0.536474164133739,0.5609375,0.540498442367601,0,0.530326594090202,0.0121951219512195,0.5662100456621,0.580246913580247,0.525423728813559,0.533434650455927,0.54364471669219,0.532824427480916,0.0428790199081164,0.490712074303406,0.529220779220779,0.536585365853659,0.647951441578149,0.52803738317757,0.536697247706422,0.567692307692308,0,0,0.511904761904762,0,0.532625189681335,0,0.560185185185185,0.575079872204473,0.661904761904762,0.529051987767584,0.572107765451664,0.00151975683890578,0.510736196319018,0.502318392581144,0.530046224961479,0.615863141524106,0.589285714285714,0.6,0.55290611028316,0.805031446540881,0.463746223564955,0.516030534351145,0.597523219814242,0.564945226917058,0.660060975609756,0.456112852664577,0,0.478125,0.54416403785489,0.523809523809524,0.566358024691358,0.546268656716418,0.671232876712329,0.58599695585997,0.512977099236641,0.555732484076433,0.558823529411765,0.546031746031746,0.537617554858934,0.646058732612056,0.666666666666667,0.51468315301391,0.471641791044776,0.466565349544073,0.602484472049689,0.00305810397553517,0.535552193645991,0.524691358024691,0,0.540284360189573,0,0.590062111801242,0,0.545176110260337,0.544207317073171,0.461538461538462,0.576506955177743,0.525835866261398,0.582434514637905,0.59726443768997,0.548286604361371,0,0,0.565977742448331,0.543833580980683,0.533026113671275,0,0,0.475961538461538,0.551145038167939,0.568356374807988,0,0.643730886850153,0,0.596546310832025,0.530612244897959,0.479495268138801,0.597875569044006,0,0.646781789638933,0.911764705882353,0.547945205479452,0.552193645990923,0.580645161290323,0.472783825816485,0.535885167464115,0.0476190476190476,0.525741029641186,0,0.536731634182909,0.00153846153846154,0.51496062992126,0.481072555205047,0.30503144654088,0,0,0.634259259259259,0.559677419354839,0.533639143730887,0.579754601226994,0.469604863221884,0.466772151898734,0.630030959752322,0.603343465045593,0,0.483253588516746,0.563076923076923,0,0.514469453376206,0.548091603053435,0.531587057010786,0.0152671755725191,0.460218408736349,0.516516516516517,0.602523659305994,0.541085271317829,0.539432176656151,0.503076923076923,0.642969984202212,0.490881458966565,0.533026113671275,0,0.59594383775351,0.542242703533026,0.00154559505409583,0,0.475482912332838,0,0.4765625,0.509954058192956,0.618897637795276,0.486656200941915,0.475667189952904,0.599688473520249,0.550925925925926,0.608964451313756,0.0242057488653555,0.472266244057052,0.0412698412698413,0.0152671755725191,0,0.396578538102644,0.456845238095238,0.478806907378336,0.487730061349693,0.462235649546828,0.0172684458398744,0.0224887556221889,0.48698315467075,0.0169230769230769,0.00636942675159236,0.0292307692307692,0.0198170731707317,0.0214395099540582,0.478593272171254,0.0168970814132104,0.466772151898734,0.463452566096423,0.020440251572327,0.44822256568779,0.0360902255639098,0.469040247678019,0.457496136012365,0.455772113943028,0.478260869565217
"466",0.352657004830918,0.343799058084772,0.374805598755832,0.397058823529412,0.364217252396166,0.352090032154341,0.416403785488959,0.378335949764521,0.343122102009274,0,0.349683544303797,0,0.596214511041009,0.331723027375201,0.680511182108626,0.662460567823344,0,0.00482315112540193,0.350961538461538,0.356589147286822,0.668224299065421,0.66936790923825,0.34585289514867,0,0.366929133858268,0.662358642972536,0.666139240506329,0.349436392914654,0.627906976744186,0.52755905511811,0.6578125,0.596518987341772,0.516025641025641,0.638668779714738,0,0.359300476947536,0.0125195618153365,0.351477449455676,0.682370820668693,0.386645962732919,0,0.00314465408805031,0.00155038759689922,0.336,0.514802631578947,0.671497584541063,0.606635071090047,0.648089171974522,0.75462962962963,0.676380368098159,0,0.334905660377358,0.697637795275591,0.34585289514867,0.420545746388443,0.797077922077922,0,0.355305466237942,0.386292834890966,0.434375,0.626934984520124,0.634796238244514,0.666666666666667,0,0.391304347826087,0.427672955974843,0,0.366929133858268,0,0.648,0.419847328244275,0.667194928684628,0.66025641025641,0.350387596899225,0,0.540498442367601,0.68062015503876,0.592125984251968,0.436597110754414,0.86046511627907,0,0.5546875,0.6421875,0.323390894819466,0.6875,0.430124223602484,0.334379905808477,0.360062893081761,0.360374414976599,0,0.3488,0.339171974522293,0,0,0.372611464968153,0,0.630434782608696,0.36650868878357,0,0.00159235668789809,0.554858934169279,0,0.672552166934189,0.333333333333333,0.655436447166922,0.3568,0.00159235668789809,0.356120826709062,0.663522012578616,0.658730158730159,0.654574132492114,0.409309791332263,0.944968553459119,0.3486529318542,0,0.365777080062794,0.571651090342679,0,0.662992125984252,0.67244094488189,0,0.522508038585209,0.663551401869159,0.666123778501629,0.376582278481013,0.646511627906977,0.348297213622291,0.35031847133758,0,0.58125,0.421303656597774,0.5664,0.350245499181669,0,0.331723027375201,0.678683385579937,0,0.671974522292994,0.579365079365079,0.585483870967742,0,0,0.358372456964006,0.495222929936306,0.666666666666667,0.343450479233227,0.6352,0.398753894080997,0.886731391585761,0.360429447852761,0.67536704730832,0.358730158730159,0.336569579288026,0.46875,0.341894060995185,0.647342995169082,0.338632750397456,0.647619047619048,0,0.498397435897436,0.442396313364055,0.360062893081761,0.68160741885626,0,0.349378881987578,0.733974358974359,0.336585365853659,0.335974643423138,0.333333333333333,0.645061728395062,0.356143079315708,0.647527910685805,0.388364779874214,0.661016949152542,0.440705128205128,0.661949685534591,0,0.351351351351351,0,0.455696202531646,0.343898573692552,0.666666666666667,0.361769352290679,0.394409937888199,0.339421613394216,0.351393188854489,0.746913580246914,0.981366459627329,0.4,0.390675241157556,0.677884615384615,0.657853810264386,0.369774919614148,0.460191082802548,0,0,0.656597774244833,0,0.341576506955178,0.885579937304075,0.436187399030695,0.513302034428795,0.343122102009274,0.617363344051447,0.583850931677019,0.67258064516129,0.425837320574163,0.362204724409449,0.455676516329705,0,0.413312693498452,0.681818181818182,0.3984,0.6625,0.657407407407407,0.568503937007874,0.3648,0.3609375,0.484944532488114,0.342767295597484,0.423809523809524,0,0.653605015673981,0.525502318392581,0.34621578099839,0,0.351477449455676,0.356814701378254,0.582159624413146,0.786963434022258,0.353035143769968,0.342062193126023,0.628571428571429,0,0.420890937019969,0.68362480127186,0.368932038834951,0.661949685534591,0.380216383307573,0.336012861736334,0.338006230529595,0.376996805111821,0.793478260869565,0.675632911392405,0.383045525902669,0.59594383775351,0.653905053598775,0.655487804878049,0.666666666666667,0.659810126582278,0.682258064516129,0.548929663608563,0.665625,0.655712050078247,0.646417445482866,0.573872472783826,0.636217948717949,0.356340288924559,0.00156985871271586,0.647335423197492,0,0.646964856230032,0.345659163987138,0.359872611464968,0.3953125,0,0.447495961227787,0.398133748055988,0.568690095846645,0.662957074721781,0.6464,0.554848966613672,0.00154559505409583,0.333870967741935,0.674491392801252,0.603305785123967,0.370839936608558,0.665615141955836,0.507154213036566,0.673469387755102,0.710280373831776,0.331797235023041,0.339966832504146,0.4176,0,0.556962025316456,0.418789808917197,0,0.6453125,0.426810477657935,0.371019108280255,0,0.657770800627943,0.644859813084112,0.382875605815832,0.460420032310178,0.665064102564103,0,0.629392971246006,0.360890302066773,0.491419656786271,0.953451043338684,0.559808612440191,0.393468118195956,0.675590551181102,0.338957055214724,0.345971563981043,0.662440570522979,0.376377952755906,0.354531001589825,0.365894039735099,0.337042925278219,0.729166666666667,0.67601246105919,0.668238993710692,0.356451612903226,0.389250814332248,0.0171606864274571,0.676236044657097,0.378205128205128,0.684627575277338,0.685410334346505,0.363349131121643,0.349282296650718,0.362341772151899,0.508856682769726,0.322981366459627,0.665071770334928,0.380655226209048,0.335987261146497,0,0.693146417445483,0.5904,0.66984126984127,0.015527950310559,0.65210608424337,0.419968304278922,0.664596273291925,0.665094339622642,0,0.733644859813084,0.359550561797753,0.665071770334928,0.362012987012987,0.374009508716323,0.354943273905997,0.6496,0.665568369028007,0.547049441786284,0.881863560732113,0,0.455399061032864,0.662557781201849,0.689708141321045,0.689763779527559,0.339869281045752,0.667701863354037,0,0.686900958466454,0.654088050314465,0.663461538461538,0.593996840442338,0.338095238095238,0.836569579288026,0.345394736842105,0.346709470304976,0,0.340874811463047,0.648522550544324,0.338983050847458,0.456869009584665,0.338141025641026,0.637658227848101,0.356807511737089,0.65251572327044,0.419558359621451,0.617363344051447,0.363777089783282,0.3609375,0.333333333333333,0.684713375796178,0.350961538461538,0.342064714946071,0.672839506172839,0.647709320695103,0.345541401273885,0.333853354134165,0.858914728682171,0.397435897435897,0.36437908496732,0.3890625,0.349922239502333,0,0.789303079416532,0.345794392523364,0.653907496012759,0,0.37799043062201,0.00162074554294976,0.702702702702703,0.336492890995261,0.385852090032154,0,0.539906103286385,0.645933014354067,0.358974358974359,0.663446054750403,0.471337579617834,0.330097087378641,0.655007949125596,0.572769953051643,0.541269841269841,0,0.672523961661342,0.367380560131796,0.340062111801242,0.642969984202212,0.336492890995261,0.351666666666667,0.678740157480315,0.00158227848101266,0.34789391575663,0.340694006309148,0.379585326953748,0.525157232704403,0.643435980551053,0.449438202247191,0.660377358490566,0.626865671641791,0.00157728706624606,0.571197411003236,0.539936102236422,0.615264797507788,0,0.898713826366559,0.4,0.5453125,0.735015772870662,0.734254992319508,0,0,0.333841463414634,0.351851851851852,0,0.414976599063963,0.00158227848101266,0,0,0.342902711323764,0,0.359223300970874,0.471875,0.589861751152074,0.326186830015314,0,0,0.353503184713376,0.393292682926829,0.546031746031746,0.656692913385827,0,0.436532507739938,0.578199052132701,0.340189873417722,0.629283489096573,1,0,0.355932203389831,0.640522875816993,0.399030694668821,0.73015873015873,0,0.655436447166922,0.678513731825525,0.566006600660066,0.348982785602504,0,0.412403100775194,0.361635220125786,0.342679127725857,0,0.738709677419355,0.363787375415282,0.663907284768212,0.335423197492163,0.340590979782271,0.659969088098918,0.334379905808477,0.681458003169572,0.483253588516746,0.666131621187801,0.646103896103896,0.374407582938389,0,0.656597774244833,0.363636363636364,0.683788121990369,0.589171974522293,0.610492845786963,0,0.692429022082019,0.504838709677419,0.669278996865204,0.370486656200942,0.660910518053375,0.699059561128527,0.576797385620915,0.389751552795031,0.444617784711388,0.380952380952381,0.495222929936306,0,0.358695652173913,0.659476117103236,0.352848101265823,0.640901771336554,0.654798761609907,0.342679127725857,0.359300476947536,0.343499197431782,0.565891472868217,0.364632237871674,0.667192429022082,0.67205169628433,0.387147335423198,0.43217665615142,0,0,0.328571428571429,0.392,0.653846153846154,0.349282296650718,0.350467289719626,0.637820512820513,0.412420382165605,0.495145631067961,0.419405320813772,0,0.35828025477707,0.620253164556962,0.344827586206897,0.351910828025478,0,0.545310015898251,0.376996805111821,0.652037617554859,0.539308176100629,0.787638668779715,0.44969512195122,0.632258064516129,0.377708978328173,0.659056316590563,0.353503184713376,0.355694227769111,0.356923076923077,0.636215334420881,0.635646687697161,0.356697819314642,0.350467289719626,0,0.464566929133858,0.590837282780411,0.834384858044164,0.506211180124224,0.361769352290679,0.446945337620579,0.344444444444444,0.146875,0.645901639344262,0,0.488888888888889,0.660855784469097,0.644444444444444,0.854003139717425,0,0.348909657320872,0.416796267496112,0.34488188976378,0.342592592592593,0.67246835443038,0.654895666131621,0,0,0.666666666666667,0.666666666666667,0.733652312599681,0,0.671875,0.341692789968652,0.279937791601866,0.646964856230032,0.34185303514377,0.54874213836478,0.358064516129032,0.669767441860465,0.578783151326053,0,0.335375191424196,0.634615384615385,0.599681020733652,0.417565485362096,0.350547730829421,0.684044233807267,0.0015600624024961,0.394984326018809,0.372854914196568,0,0.373456790123457,0.646592709984152,0.353135313531353,0.5609375,0,0,0.613636363636364,0.488188976377953,0.672985781990521,0.757188498402556,0.00158478605388273,0,0.526881720430108,0.6576,0.330065359477124,0.929467084639498,0.354037267080745,0.656298600311042,0.6109375,0.632,0.466988727858293,0.640856672158155,0.664086687306502,0,0.64968152866242,0,0.343465045592705,0.540584415584416,0.36890243902439,0.668276972624799,0.342532467532468,0,0.607692307692308,0.63258785942492,0.331768388106416,0,0.343076923076923,0,0.880913539967374,0.347962382445141,0,0.535433070866142,0.353697749196141,0.517405063291139,0.396103896103896,0.684375,0,0.335443037974684,0.800955414012739,0,0.576619273301738,0.656441717791411,0.661514683153014,0.34584013050571,0.3322528363047,0.357142857142857,0.360062893081761,0.364069952305246,0,0.353968253968254,0.0015552099533437,0.63452566096423,0.845425867507886,0.3515625,0.34493670886076,0.351014040561622,0.343653250773994,0.0405616224648986,0.672926447574335,0.356073211314476,0.378335949764521,0.503115264797508,0.350710900473934,0.338050314465409,0.366043613707165,0,0,0.347094801223242,0,0.654631083202512,0,0.376175548589342,0.84775641025641,0.6677471636953,0.691455696202532,0.402576489533011,0.00158227848101266,0.688087774294671,0.333855799373041,0.336990595611285,0.628930817610063,0.64,0.670196671709531,0.806201550387597,0.563897763578275,0.660436137071651,0.658267716535433,0.597464342313788,0.665615141955836,0.507042253521127,0.644094488188976,0,0.6576,0.609046849757674,0.336601307189543,0.546021840873635,0.664086687306502,0.554848966613672,0.446540880503145,0.332819722650231,0.388157894736842,0.360128617363344,0.355048859934853,0.344992050874404,0.724247226624406,0.977952755905512,0.343213728549142,0.657698056801196,0.66046511627907,0.435406698564593,0.00154083204930663,0.34850863422292,0.357927786499215,0,0.661764705882353,0,0.397781299524564,0,0.366352201257862,0.351097178683386,0.646687697160883,0.464454976303318,0.334351145038168,0.5553772070626,0.56386292834891,0.426731078904992,0,0,0.39469320066335,0.405819295558959,0.361934477379095,0,0,0.653530377668309,0.695517774343122,0.555379746835443,0,0.758675078864353,0,0.416666666666667,0.349358974358974,0.6368,0.634645669291339,0,0.879478827361563,0.593996840442338,0.411023622047244,0.390432098765432,0.505582137161085,0.662460567823344,0.359934853420195,0.0702875399361022,0.3354943273906,0,0.370030581039755,0.00157728706624606,0.351524879614767,0.662480376766091,0.404120443740095,0,0,0.477987421383648,0.381107491856678,0.385350318471338,0.490654205607477,0.67629179331307,0.657686212361331,0.421383647798742,0.437209302325581,0,0.685714285714286,0.360189573459716,0,0.347967479674797,0.377535101404056,0.678343949044586,0.0156739811912226,0.641838351822504,0.330733229329173,0.898058252427185,0.657051282051282,0.683279742765273,0.755868544600939,0.556451612903226,0.661016949152542,0.341772151898734,0,0.467845659163987,0.361240310077519,0.00162074554294976,0,0.656394453004623,0,0.665615141955836,0.347003154574132,0.491803278688525,0.660743134087238,0.657051282051282,0.573248407643312,0.3936,0.627575277337559,0.0141732283464567,0.653658536585366,0.0615883306320908,0.0125984251968504,0,0.5625,0.633846153846154,0.650641025641026,0.655226209048362,0.648902821316614,0.00961538461538462,0.0202492211838006,0.666666666666667,0.0142405063291139,0.00482315112540193,0.0316957210776545,0.0172684458398744,0.0188383045525903,0.673469387755102,0.0172955974842767,0.652032520325203,0.664025356576862,0.0162074554294976,0.667194928684628,0.0453125,0.652647975077882,0.6234375,0.649691358024691,0.658767772511848
"467",0,0,0,0,0,0,0.0125984251968504,0.00156494522691706,0,1,0,1,0,0,0,0,1,0.984177215189873,0,0,0,0,0,1,0,0,0,0.00160513643659711,0,0,0,0,0.0016025641025641,0,1,0,0.979907264296754,0,0,0,0.998417721518987,0.984520123839009,0.995419847328244,0,0,0,0,0,0,0,1,0,0,0,0.0108527131782946,0,1,0,0.00153139356814701,0,0,0,0,1,0,0,1,0,1,0,0,0,0,0,1,0,0,0,0.00158227848101266,0,1,0,0,0,0,0,0,0,0.0046656298600311,0.99236641221374,0,0,1,1,0,1,0.0185758513931889,0,0.995426829268293,0.993630573248408,0.00775193798449612,1,0,0,0,0,0.992175273865415,0.0015748031496063,0,0,0,0.0094488188976378,0,0,1,0,0,1,0,0,1,0.0015600624024961,0,0,0,0,0,0,1,0.00306748466257669,0,0,0,1,0,0,1,0,0,0.00481540930979133,1,1,0,0,0,0,0,0,0,0,0,0,0,0,0,0,0,0,1,0,0.00303030303030303,0,0,1,0,0,0,0,0,0,0,0,0,0,0,0,1,0,1,0,0,0,0,0,0,0,0,0,0,0,0,0,0,0.0156739811912226,1,1,0,0.998456790123457,0,0,0.00769230769230769,0,0,0,0,0,0,0,0.00153846153846154,1,0,0,0,0,0,0.00158227848101266,0,0,0.00157728706624606,0,0,1,0,0,0,1,0,0,0.00304878048780488,0,0,0,0.0172143974960876,1,0.00917431192660551,0,0,0,0,0,0,0,0,0,0,0,0,0,0,0,0,0,0,0,0,0,0,0,0.990521327014218,0,1,0.0046801872074883,0,0,0,1,0,0.00151515151515152,0,0,0,0,0.989345509893455,0,0,0,0,0,0,0,0,0,0,0.00794912559618442,1,0,0.0126782884310618,1,0,0.0108024691358025,0.00156985871271586,1,0,0,0,0,0,1,0.0174880763116057,0,0,0,0,0,0,0,0,0,0,0,0,0,0,0,0,0.00158227848101266,0,0.950693374422188,0,0,0,0,0,0,0,0,0,0,0,0,1,0,0.00947867298578199,0,0.949230769230769,0,0,0,0,1,0,0,0,0,0,0,0,0,0,0,1,0,0,0,0,0,0,1,0,0,0,0.0015600624024961,0,0,0,0,1,0,0,0,0,0,0,0,0,0,0,0,0,0.00313479623824451,0,0,0,0,0,0,0,0,0,0,0,0,1,0,0,0,1,0,0.990521327014218,0,0,0,0.995327102803738,0.0046583850931677,0,0,0,0,0,0,0,0,1,0,0.00158478605388273,0,0,0,0,0,0.998432601880878,0,0,0,0,0,0.0031496062992126,0,0.0130293159609121,0.995334370139969,0,0,0,1,0,0.00156985871271586,0,0,0,1,1,0,0,1,0,0.993640699523052,1,1,0,1,0,0.00153609831029186,0.00307692307692308,0,1,1,0,0,0,0,1,0.0136986301369863,0,0,0,0,1,0,0,0.0016025641025641,0,1,0,0,0,0.00156739811912226,1,0,0,0,1,0,0,0,0,0,0,0,0,0,0,0.00160771704180064,0,0.99375,0,0,0,0,0.0125786163522013,1,0,0.00158478605388273,0,0,0,0,0,0,0,0,0,1,0,0,0,0.00321543408360129,0,0,0,0,0,0,0,0,0,0.009375,1,1,0,0,0,0,0,0,0,0,0.0120663650075415,1,0,0.0171875,0,0,1,0,0,0,0.00158730158730159,0,0,0,0,0,0.00317460317460317,0,0,0.014446227929374,0.0265625,0,0,0.992331288343558,0,0,0,0,0,0,0,0.769938650306748,0,1,0.00154320987654321,0,0,0,1,0,0,0,0,0,0,1,1,0,0,0,1,0,0,0.556923076923077,0,0,0.00618238021638331,0,0,0,1,0,0,0,0.00606060606060606,0,0,0.989214175654854,0,0,1,0.00151057401812689,0,0,0,1,0.993827160493827,0,0,0,0,0.992211838006231,0.998389694041868,0,0,0,0,0,0,0,0,0.0031496062992126,0,0,0.998452012383901,0,1,0,0.152623211446741,0.00149476831091181,0,0,1,0,0,0,1,0,1,0,0,1,0.0167682926829268,0,0,0.0015600624024961,0,1,0,0,1,0,0,0,0,0,0,0.00470219435736677,0.0015748031496063,1,0,0.980152671755725,0.0186335403726708,0,0,0,0,0,0.925349922239502,0,0,0,0,0,0,0,1,1,0,1,0,1,0,0,0,0,0,1,0,0,0,0,0,0,0,0,0,0,0,0,0,0,1,0,0.0207006369426752,0,0.0291411042944785,0,0,0.00308641975308642,0,0.00162866449511401,0,0,0,0,0,0,0,0,0.00155038759689922,0.990783410138249,0,0,1,0,1,0,1,0,0,0,0,0,0.00158730158730159,0,0.0141287284144427,1,1,0,0,0,1,1,0,0,0,1,0,1,0,0,0.0380348652931854,0,1,0,0,0,0,0,0,0,0.89010989010989,0,1,0,0.993740219092332,0,0,0.358490566037736,1,1,0,0,0.00622083981337481,0,0,0,0,0,1,0,0,1,0,0,0,0.961059190031153,0,0,0,0,0,0,0,0,0,1,0,0,0.998422712933754,1,0,1,0,0,0,0,0,0.00157977883096367,0.00316455696202532,0,0.951293759512938,0,0.893915756630265,0.975270479134467,1,0.151033386327504,0,0,0.00612557427258806,0,0.955766192733017,0.947449768160742,0,0.974960876369327,0.992025518341308,0.946372239747634,0.971080669710807,0.947530864197531,0,0.968847352024922,0,0,0.954545454545455,0,0.932411674347158,0,0.0534591194968553,0,0
"468",0.977917981072555,0.981424148606811,0.953632148377125,0.924679487179487,0.970031545741325,0.982594936708861,0.8801261829653,0.958990536277603,0.978787878787879,0,0.982892690513219,0,0.573899371069182,0.981191222570533,0.0564263322884013,0.0278637770897833,0,0.0170807453416149,0.976377952755906,0.976744186046512,0.161490683229814,0.0531400966183575,0.966257668711656,0,0.937984496124031,0.273716951788491,0.122480620155039,0.976377952755906,0.465224111282844,0.698315467075038,0.0167173252279635,0.694915254237288,0.769352290679305,0.291731669266771,0,0.982866043613707,0.0182926829268293,0.974006116207951,0.277693474962064,0.883720930232558,0.00153846153846154,0.0166666666666667,0.00461538461538462,0.979750778816199,0.768488745980707,0.0425196850393701,0.52276295133438,0.0172413793103448,0.465857359635812,0.149253731343284,0,0.974763406940063,0.274418604651163,0.98125,0.873040752351097,0.19047619047619,0,0.960505529225908,0.946236559139785,0.902777777777778,0.312883435582822,0.429438543247344,0.0172143974960876,0,0.888540031397174,0.816232771822358,0,0.976525821596244,0,0.0222222222222222,0.857142857142857,0.0200308166409861,0.0340030911901082,0.983333333333333,0,0.716463414634146,0.060790273556231,0.564814814814815,0.886942675159236,0.287581699346405,0,0.709090909090909,0.229832572298326,0.979938271604938,0.131578947368421,0.898638426626324,0.976708074534162,0.967238689547582,0.951788491446345,0.00907715582450832,0.973270440251572,0.981366459627329,0,0,0.952380952380952,0,0.31441717791411,0.967542503863988,0.00766871165644172,0.00782472613458529,0.614088820826952,0,0.294952681388013,0.9796875,0.117293233082707,0.977917981072555,0.00777604976671851,0.962323390894819,0.0127591706539075,0.0231481481481481,0.0244648318042813,0.894819466248038,0.341049382716049,0.975116640746501,0,0.975193798449612,0.713622291021672,0,0.0184331797235023,0.242088607594937,0,0.766355140186916,0.248456790123457,0.0920634920634921,0.959938366718028,0.151937984496124,0.975384615384615,0.975497702909648,0,0.562596599690881,0.933125972006221,0.4832,0.97007874015748,0,0.977564102564103,0.0384024577572965,0,0.213607594936709,0.647709320695103,0.530254777070064,0,0,0.966309341500766,0.763888888888889,0.189792663476874,0.979907264296754,0.0218408736349454,0.925190839694657,0.431309904153355,0.966412213740458,0.153354632587859,0.965996908809892,0.978090766823161,0.83179012345679,0.996904024767802,0.0174603174603175,0.979876160990712,0.020440251572327,0,0.730283911671924,0.864329268292683,0.964669738863287,0.0385802469135802,0,0.984802431610942,0.454545454545455,0.982594936708861,0.982785602503912,0.981679389312977,0.295281582952816,0.968701095461659,0.0201863354037267,0.939814814814815,0.0180451127819549,0.895238095238095,0.384853168469861,0,0.965785381026439,0,0.835913312693498,0.978227060653188,0.127760252365931,0.970404984423676,0.936363636363636,0.971212121212121,0.954128440366973,0.122861586314152,0.383206106870229,0.914556962025316,0.938485804416404,0.0741885625965997,0.0234009360374415,0.966719492868463,0.8453125,0,0,0.304278922345483,0.00155763239875389,0.98297213622291,0.272588055130168,0.868670886075949,0.746543778801843,0.972602739726027,0.436018957345972,0.423728813559322,0.29140127388535,0.905660377358491,0.95141065830721,0.863914373088685,0,0.868300153139357,0.191935483870968,0.953051643192488,0.0219435736677116,0.0871559633027523,0.546583850931677,0.959814528593508,0.968277945619335,0.823622047244094,0.981735159817352,0.907668231611894,0,0.0882800608828006,0.666666666666667,0.984177215189873,0,0.972350230414747,0.965256797583082,0.560250391236307,0.549923195084485,0.973228346456693,0.980551053484603,0.375987361769352,0,0.873282442748092,0.532608695652174,0.957413249211357,0.0202177293934681,0.963470319634703,0.979623824451411,0.981395348837209,0.940438871473354,0.532208588957055,0.0219092331768388,0.955974842767296,0.548536209553159,0.0181543116490166,0.0183206106870229,0.215070643642072,0.01743264659271,0.165876777251185,0.670196671709531,0.0184331797235023,0.0244274809160305,0.0292307692307692,0.602134146341463,0.0522151898734177,0.970219435736677,0.00794912559618442,0.0185758513931889,0,0.244548286604361,0.982866043613707,0.959438377535101,0.895061728395062,0,0.866877971473851,0.838167938931298,0.694835680751174,0.608359133126935,0.474921630094044,0.4484375,0.00770416024653313,0.981012658227848,0.109923664122137,0.710191082802548,0.947932618683001,0.0296411856474259,0.742283950617284,0.0172684458398744,0.136434108527132,0.989520958083832,0.977455716586151,0.880314960629921,0,0.646604938271605,0.867924528301887,0,0.0167427701674277,0.877862595419847,0.962674961119751,0,0.0229007633587786,0.0184899845916795,0.963949843260188,0.876996805111821,0.0203442879499218,0,0.394126738794436,0.976228209191759,0.787136294027565,0.397196261682243,0.652582159624413,0.953488372093023,0.0306748466257669,0.980061349693252,0.982758620689655,0.021875,0.963358778625954,0.981481481481482,0.956451612903226,0.978461538461538,0.187116564417178,0.306153846153846,0.297380585516179,0.9632,0.935483870967742,0.0482115085536547,0.266355140186916,0.964285714285714,0.157975460122699,0.30920060331825,0.983050847457627,0.978361669242658,0.961597542242704,0.689274447949527,0.980392156862745,0.250391236306729,0.955246913580247,0.982704402515723,0,0.328267477203647,0.546031746031746,0.0336391437308868,0.0542635658914729,0.0289193302891933,0.897081413210445,0.047040971168437,0.021671826625387,0,0.228346456692913,0.971653543307087,0.0868217054263566,0.968102073365231,0.9578125,0.970679012345679,0.288401253918495,0.29093799682035,0.658267716535433,0.468051118210863,0,0.834115805946792,0.0211480362537764,0.0506912442396313,0.213636363636364,0.988871224165342,0.0200308166409861,0,0.321044546850998,0.021505376344086,0.0417956656346749,0.477379095163807,0.978193146417445,0.297939778129952,0.9792,0.953271028037383,0,0.979289940828402,0.0138036809815951,0.977272727272727,0.838709677419355,0.981072555205047,0.0203761755485893,0.959938366718028,0.0229007633587786,0.853810264385692,0.721780604133545,0.931087289433384,0.976635514018692,0.978090766823161,0.294851794071763,0.953125,0.978755690440061,0.0180722891566265,0.0386398763523957,0.978227060653188,0.9859375,0.337423312883436,0.857142857142857,0.948303715670436,0.956589147286822,0.981651376146789,0,0.133757961783439,0.981481481481482,0.0172143974960876,0,0.952681388012618,0.00950871632329636,0.0603174603174603,0.981538461538462,0.953416149068323,0.00313971742543171,0.631336405529954,0.448275862068966,0.9671875,0.0173501577287066,0.862068965517241,0.980707395498392,0.375196232339089,0.603053435114504,0.782334384858044,0,0.18266253869969,0.963492063492064,0.981279251170047,0.471228615863142,0.981651376146789,0.951907131011609,0.0438184663536776,0.00154559505409583,0.967987804878049,0.982704402515723,0.94392523364486,0.675883256528418,0.02660406885759,0.864823348694316,0.254237288135593,0.186991869918699,0.00464396284829721,0.607255520504732,0.6140625,0.618320610687023,0,0.2944,0.898461538461538,0.626356589147287,0.525757575757576,0.0971599402092676,0,0,0.980538922155689,0.960546282245827,0,0.912087912087912,0.00630914826498423,0,0,0.981220657276995,0,0.982511923688394,0.761978361669243,0.540090771558245,0.98,0,0,0.978560490045942,0.944193061840121,0.730769230769231,0.0200617283950617,0.00316957210776545,0.866868381240545,0.607692307692308,0.981132075471698,0.538343558282209,0.355932203389831,0,1,0.0238095238095238,0.952755905511811,0.101721439749609,0,0.0253353204172876,0.129541864139021,0.495081967213115,0.961300309597523,0,0.940209267563528,0.958397534668721,0.983024691358025,0,0.0926216640502355,0.919141914191419,0.0225442834138486,0.978755690440061,0.983282674772036,0.0246153846153846,0.981623277182236,0.302611367127496,0.802197802197802,0.0282131661442006,0.179650238473768,0.968503937007874,0.00943396226415094,0.02,0.955993930197269,0.027027027027027,0.659842519685039,0.40809968847352,0,0.123475609756098,0.742902208201893,0.268217054263566,0.959311424100156,0.0203442879499218,0.171032357473035,0.452648475120385,0.948406676783004,0.875192604006163,0.957746478873239,0.746006389776358,0,0.969418960244648,0.0197568389057751,0.946483180428135,0.402261712439418,0.0168195718654434,0.981566820276498,0.981042654028436,0.97984496124031,0.654320987654321,0.96594427244582,0.146379044684129,0.195275590551181,0.929555895865237,0.868624420401855,0,0,0.973186119873817,0.92515923566879,0.0377952755905512,0.966981132075472,0.975193798449612,0.376923076923077,0.91679748822606,0.724409448818898,0.868580060422961,0,0.949074074074074,0.352395672333849,0.982839313572543,0.981279251170047,0,0.623622047244095,0.957142857142857,0.0204081632653061,0.679748822605965,0.384976525821596,0.786248131539611,0.6953125,0.942073170731707,0.103030303030303,0.967136150234742,0.981481481481482,0.97196261682243,0.310897435897436,0.104199066874028,0.978428351309707,0.980538922155689,0.00765696784073507,0.78494623655914,0.45625,0.277258566978193,0.761609907120743,0.981566820276498,0.868624420401855,0.983308042488619,0.122727272727273,0.0209003215434084,0,0.817322834645669,0.0187207488299532,0.015552099533437,0.292569659442724,0,0.976671850699845,0.91937984496124,0.978461538461538,0.975460122699387,0.107858243451464,0.0218408736349454,0,0,0.179080824088748,0.0858034321372855,0.177115987460815,0,0.0213740458015267,0.978593272171254,0.0183767228177642,0.294117647058824,0.981366459627329,0.603658536585366,0.960380348652932,0.655384615384615,0.627480916030534,0,0.980568011958146,0.39906103286385,0.499222395023328,0.913373860182371,0.975903614457831,0.394126738794436,0.0107197549770291,0.938080495356037,0.946727549467275,0,0.948795180722892,0.0342679127725857,0.972886762360447,0.430091185410334,0,0.00928792569659443,0.513029315960912,0.835443037974684,0.0218068535825545,0.15506329113924,0.00923076923076923,0.00162866449511401,0.755255255255255,0.0383435582822086,0.982084690553746,0.335375191424196,0.974164133738602,0.0171339563862928,0.377880184331797,0.345104333868379,0.865384615384615,0.107717041800643,0.024653312788906,0.00309597523219814,0.0554675118858954,0,0.974436090225564,0.0525477707006369,0.966966966966967,0.0221518987341772,0.98546042003231,0,0.52824427480916,0.457278481012658,0.976635514018692,0,0.983154670750383,0,0.409677419354839,0.973926380368098,0,0.643292682926829,0.961965134706815,0.751152073732719,0.939968404423381,0.0575757575757576,0,0.978125,0.268562401263823,0,0.693374422187982,0.0211161387631976,0.033587786259542,0.984276729559748,0.980952380952381,0.977272727272727,0.959119496855346,0.968304278922345,0,0.955453149001536,0.0198170731707317,0.366153846153846,0.296124031007752,0.975346687211094,0.973561430793157,0.975720789074355,0.967791411042945,0.0508474576271186,0.034375,0.970588235294118,0.982919254658385,0.715384615384615,0.968847352024922,0.981679389312977,0.961240310077519,0,0,0.965309200603318,0,0.0856269113149847,0,0.9484375,0.296998420221169,0.223622047244094,0.132218844984802,0.913249211356467,0,0.12093023255814,0.978125,0.983050847457627,0.639937106918239,0.420814479638009,0.228826151560178,0.197247706422018,0.664556962025316,0.0201238390092879,0.126153846153846,0.558176100628931,0.259659969088099,0.697709923664122,0.0263157894736842,0,0.0173228346456693,0.331746031746032,0.9808,0.617873651771957,0.234398782343988,0.611963190184049,0.870030581039755,0.970903522205207,0.953225806451613,0.971428571428571,0.98256735340729,0.981191222570533,0.554868624420402,0.418351477449456,0.98116169544741,0.0256410256410256,0.0256410256410256,0.863636363636364,0.00907715582450832,0.978883861236802,0.95398773006135,0,0.125,0,0.947122861586314,0,0.958841463414634,0.979750778816199,0.0247295208655332,0.830508474576271,0.981707317073171,0.648264984227129,0.624048706240487,0.861111111111111,0,0,0.921951219512195,0.930930930930931,0.972350230414747,0,0,0.0175438596491228,0.234042553191489,0.494590417310665,0,0.461778471138846,0,0.914556962025316,0.981042654028436,0.168224299065421,0.257918552036199,0,0.350547730829421,0.581903276131045,0.839813374805599,0.952743902439024,0.771251931993818,0.0186046511627907,0.97092084006462,0.014018691588785,0.980861244019139,0,0.961019490254873,0.00628930817610063,0.985804416403785,0.0330188679245283,0.0220820189274448,0,0,0.822706065318818,0.930868167202572,0.929121725731895,0.70381679389313,0.0376506024096386,0.0265625,0.8328125,0.819277108433735,0,0.0347551342812006,0.955038759689922,0,0.968404423380727,0.94359756097561,0.0729813664596273,0.0417956656346749,0.0262345679012346,0.981873111782477,0.4765625,0.0933125972006221,0.121642969984202,0.13323124042879,0.692551505546751,0.113846153846154,0.984496124031008,0,0.75625,0.963133640552995,0.0031104199066874,0,0.0134128166915052,0,0.0233644859813084,0.981481481481482,0.724025974025974,0.0237717908082409,0.0157232704402516,0.547286821705426,0.948995363214838,0.429892141756549,0.0486322188449848,0.0190779014308426,0.0564263322884013,0.0169230769230769,0,0.0429252782193959,0.0225903614457831,0.0170542635658915,0.0263565891472868,0.0150602409638554,0.0504731861198738,0.0554699537750385,0.031201248049922,0.0170807453416149,0.00317965023847377,0.0249609984399376,0.0229709035222052,0.055045871559633,0.0232198142414861,0.0201238390092879,0.0190174326465927,0.0219435736677116,0.045958795562599,0.0278207109737249,0.0243531202435312,0.0216383307573416,0.0446841294298921,0.0121212121212121,0.0204724409448819
"469",0.00164473684210526,0,0.0315955766192733,0.0595813204508857,0.0164473684210526,0,0.101777059773829,0.0287081339712919,0,0,0,0,0.449044585987261,0,0.962479608482871,0.993527508090615,0,0.00161550888529887,0.00328947368421053,0.0194174757281553,0.838658146964856,0.963272120200334,0.0128410914927769,0,0.0463258785942492,0.760975609756098,0.888712241653418,0.00970873786407767,0.54320987654321,0.315372424722662,1,0.314102564102564,0.238249594813614,0.702746365105008,0,0,0.00478468899521531,0.00470957613814757,0.754224270353303,0.102362204724409,0,0,0,0,0.220735785953177,0.978896103896104,0.4944,1,0.521739130434783,0.863207547169811,0,0.00807754442649435,0.719685039370079,0,0.104669887278583,0.839024390243902,0,0.0249169435215947,0.0446570972886762,0.1,0.707278481012658,0.584126984126984,1,0,0.107843137254902,0.178170144462279,0,0.012924071082391,0,1,0.138582677165354,0.993579454253612,0.979397781299525,0,0,0.293650793650794,0.957006369426752,0.435897435897436,0.104838709677419,0.721367521367521,0,0.302795031055901,0.805031446540881,0.0015748031496063,0.888,0.0947867298578199,0.00476190476190476,0.0319488817891374,0.0286168521462639,0,0.0163398692810458,0,0,0,0.0294599018003273,0,0.697933227344992,0.0191082802547771,0,0,0.382306477093207,0,0.726978998384491,0,0.902021772939347,0,0,0.0227272727272727,1,0.990415335463259,0.993620414673046,0.082258064516129,0.655228758169935,0.00802568218298555,0,0.0141955835962145,0.295055821371611,0,1,0.780844155844156,0,0.242472266244057,0.752827140549273,0.91869918699187,0.025,0.858267716535433,0.0031496062992126,0.00477707006369427,0,0.45,0.071656050955414,0.532125205930807,0.00963081861958266,0,0.00654664484451719,0.973520249221184,0,0.781402936378467,0.3792,0.489396411092985,0,0,0.0240770465489567,0.2384,0.837171052631579,0,0.9952,0.0886075949367089,0.577741407528642,0.018957345971564,0.867430441898527,0.0144,0,0.16852146263911,0.00479233226837061,1,0,1,0,0.274061990212072,0.132283464566929,0.0210016155088853,0.984051036682616,0,0,0.561576354679803,0,0,0,0.682170542635659,0.0237717908082409,0.998397435897436,0.0518867924528302,1,0.108239095315024,0.644094488188976,0,0.0176848874598071,0,0.155555555555556,0,0.885668276972625,0.0143769968051118,0.0493630573248408,0.0108695652173913,0.026984126984127,0.903937007874016,0.621705426356589,0.0726072607260726,0.0627009646302251,0.947115384615385,0.9936,0.0196399345335516,0.130365659777424,0,0,0.697749196141479,0,0,0.7265625,0.115755627009646,0.247648902821317,0.0110062893081761,0.576736672051696,0.583333333333333,0.705400981996727,0.0888529886914378,0.040453074433657,0.125984251968504,0,0.119047619047619,0.82013201320132,0.0592,1,0.940438871473354,0.462639109697933,0.0222575516693164,0.0220125786163522,0.184126984126984,0.00160513643659711,0.124394184168013,0,0.942215088282504,0.352201257861635,0.00485436893203883,0,0.0094488188976378,0.0204724409448819,0.455858747993579,0.450479233226837,0.0112,0,0.632258064516129,0,0.105180533751962,0.477564102564103,0.0318257956448911,1,0.0394321766561514,0.00161550888529887,0,0.0579710144927536,0.456112852664577,0.998363338788871,0.0302066772655008,0.474683544303797,0.998425196850394,0.998452012383901,0.803827751196172,1,0.850162866449511,0.326465927099842,1,0.995283018867924,0.990536277602524,0.414976599063963,0.962171052631579,0.0130932896890344,0,1,0,0.780290791599354,0,0.0221870047543582,0.0949367088607595,0,0.131447587354409,0.147435897435897,0.319554848966614,0.396496815286624,0.557692307692308,0.56661316211878,0,0,0.912363067292645,0.305785123966942,0.0453808752025932,0.987281399046105,0.256821829855538,0.998376623376623,0.879746835443038,0,0,0.100961538461538,0,0.365814696485623,0.102893890675241,0,1,0.0962732919254658,0.0194489465153971,0,1,0.998410174880763,0.0164203612479475,0.119476268412439,1,0,0.618210862619808,0.00981996726677578,0.210443037974684,0.59594383775351,0.342443729903537,0.0401284109149278,0.990353697749196,0,0,0.995253164556962,0.0350877192982456,0,0.0279605263157895,0.0032,0.817891373801917,0.6875,0.719936708860759,0.0225806451612903,0.0593080724876442,0.00162074554294976,0.74468085106383,0.0238853503184713,0.850079744816587,0.705972434915773,0.00641025641025641,0.0032258064516129,0.0333863275039746,0.317512274959083,0.00316455696202532,0.760129659643436,0.037914691943128,0.0032258064516129,0,0.680445151033386,0.462046204620462,0.984025559105431,0.00158478605388273,0.990654205607477,0.0977564102564103,0.97456279809221,1,0,0.776898734177215,0.00798722044728434,0.927884615384615,0.0150501672240803,0.0324675324675325,0.0127186009538951,0.711507293354943,0.711290322580645,0.324281150159744,0.536789297658863,0,0.176282051282051,0.988888888888889,0.95800933125972,0.80564263322884,0,1,0,0.658692185007974,0.995215311004785,0.978792822185971,0.543130990415335,0,0.701782820097245,0,0.0372168284789644,0,0.00916030534351145,1,0,0.181674565560821,0,0.988853503184713,0.0252764612954186,1,0.125396825396825,0.289256198347107,0.056782334384858,0.0110759493670886,0,0.714968152866242,0.0420032310177706,0,1,0.9792,0,0,0.666666666666667,0.12379421221865,0.0394088669950739,0.0482315112540193,0,0,0.880327868852459,0,1,0,0.0357142857142857,0,0.951690821256039,0,0.0343137254901961,0,0.385737439222042,0.598070739549839,0.0161812297734628,0.998349834983498,0.135048231511254,0.00162866449511401,0.641357027463651,0.399046104928458,0.215559157212318,0,0.838658146964856,0.0244299674267101,0.00162337662337662,0.573033707865168,0,0.0316139767054908,0.97092084006462,0,0.0127388535031847,0.00644122383252818,0.0546623794212219,0.309748427672956,0.993589743589744,0.138041733547352,0.767145135566188,0.818030050083472,0,0.386776859504132,0.3984,0.38375796178344,0,0.695081967213115,0.0952380952380952,0.362776025236593,0.479495268138801,0.921538461538462,0,0,0,0.0251572327044025,0,0.080952380952381,0,0,0,0.00162074554294976,0,0,0.231270358306189,0.470588235294118,0,0,0,0.00794912559618442,0.0421216848673947,0.288888888888889,1,0,0.10939907550077,0.405616224648986,0,0.47068145800317,0.640522875816993,0,0.0238095238095238,1,0.0486223662884927,0.907766990291262,0,0.990625,0.890145395799677,0.511744966442953,0.0271132376395534,0,0.0500782472613459,0.0269413629160063,0,0,0.929373996789727,0.0719063545150502,0.995049504950495,0,0,0.996768982229402,0,0.705882352941177,0.199036918138042,0.990291262135922,0.840909090909091,0.0391517128874388,0,1,0.0268562401263823,0.991896272285251,0.348534201954397,0.599358974358974,0,0.887658227848101,0.26797385620915,0.744336569579288,0.0221870047543582,1,0.858954041204437,0.564625850340136,0.0585516178736518,0.122065727699531,0.0423452768729642,0.261513157894737,0,0.0224,1,0.0351437699680511,0.622950819672131,1,0,0,0,0.381877022653722,0.0159489633173844,0.878088962108731,0.818770226537217,0.0528846153846154,0.115625,0,0,0.00815660685154975,0.0680713128038898,0.98546042003231,0.016025641025641,0.00801282051282051,0.634768740031898,0.0691318327974277,0.270049099836334,0.102643856920684,0,0.028892455858748,0.660771704180064,0,0,0,0.3776,0.028006589785832,1,0.322368421052632,0.615262321144674,0.204018547140649,0.304560260586319,0.049306625577812,0.926100628930818,0.016366612111293,0,0.0208667736757624,0.705107084019769,0.8816,0.00634920634920635,0,0,0.232114467408585,0.550473186119874,0.72408293460925,0.248397435897436,0,0.12,0,0.0979462875197472,1,0,0.184126984126984,0.998381877022654,1,0.715873015873016,0,0.00955414012738853,0.0879120879120879,0.00158478605388273,0.00473186119873817,0.917609046849758,1,0,0,0.838283828382838,0.919743178170145,0.844408427876823,0,1,0,0.405362776025237,0.7104,0,0.41091492776886,0.0303514376996805,0.340222575516693,0.366614664586583,0,0,0.618573797678275,0.504838709677419,0.075968992248062,0.0110584518167457,0.606299212598425,0,0.0478468899521531,0.0428571428571429,0,0.0264385692068429,0.987240829346092,0.011864406779661,0.584786053882726,0,0,0.484033613445378,0.176948051948052,1,0.868421052631579,0,0,0.263888888888889,0.985123966942149,0,0.658878504672897,0.00315955766192733,1,0.618066561014263,0.684466019417476,0.13673805601318,0.907590759075908,1,0,0.957860615883306,0,0.00311526479750779,0.796387520525452,0.0185185185185185,0.998384491114701,0,0,0.492935635792779,0.551053484602917,0,0,0.00157728706624606,0,0.592169657422512,0.0126984126984127,0,0.349606299212598,0.0226537216828479,0.268412438625205,0.0532258064516129,0.9632,0,0,0.728618421052632,0,0.320126782884311,1,0.982428115015974,0,0,0.00628930817610063,0.0258899676375405,0.0160771704180064,0,0.0224358974358974,0,0.651419558359621,0.7072,0.0047244094488189,0.00970873786407767,0.00631911532385466,0.00807754442649435,0.0237341772151899,0.98546042003231,0.0146579804560261,0.0473186119873817,0.286833855799373,0.0190174326465927,0,0.0277777777777778,0,0,0.0186335403726708,0,0.945226917057903,0,0.0515297906602254,0.711409395973154,0.7936,0.879365079365079,0.0825242718446602,0,0.900958466453674,0,0,0.367088607594937,0.586626139817629,0.804281345565749,0.812792511700468,0.366720516962843,1,0.89047619047619,0.461038961038961,0.754838709677419,0.305772230889236,0.988888888888889,0,1,0.672131147540984,0,0.362341772151899,0.779342723004695,0.389154704944179,0.124018838304553,0.00933125972006221,0.0377668308702791,0.0228758169934641,0,0.00163934426229508,0.432692307692308,0.568075117370892,0.00161290322580645,0.996923076923077,0.992307692307692,0.1296,0,0,0.0285261489698891,0,0.895174708818636,0,0.0576,0,0.0285261489698891,0,0.996810207336523,0.171521035598705,0,0.340356564019449,0.382306477093207,0.110576923076923,0,0,0.0734557595993322,0.062111801242236,0.0125984251968504,0,0,1,0.7765625,0.515007898894155,0,0.541533546325879,0,0.073015873015873,0,0.815533980582524,0.780448717948718,0,0.649918962722853,0.416932907348243,0.143548387096774,0.0394321766561514,0.22275641025641,1,0.0130081300813008,0.0807754442649435,0,0,0.0174603174603175,0,0,0.980645161290323,0.611475409836066,0,0,0.182108626198083,0.0822368421052632,0.0570522979397781,0.2875,0.974643423137876,0.995081967213115,0.170418006430868,0.167974882260597,0,0.985483870967742,0.0318471337579618,0,0.0147299509001637,0.047244094488189,0.939297124600639,0,0.9968,0,0.534201954397394,0.928571428571429,0.904761904761905,0.875,0.322422258592471,0.901098901098901,0,0,0.247557003257329,0.0224719101123595,0,0,1,0,1,0,0.288244766505636,1,1,0.464401294498382,0.0421393841166937,0.572115384615385,0,1,0.0440456769983687,0.0062992125984252,0,0.797124600638978,0.996875,1,0.987220447284345,1,0,0,0.984202211690363,0.00324675324675325,0,0.0304487179487179,0.0062402496099844,0,0.995176848874598,0.0110935023771791,1,0.996779388083736,0,0.99194847020934,0.0467289719626168,1,0.91653290529695,0.998427672955975,1
"470",0.959150326797386,0.952380952380952,0.968798751950078,0.950413223140496,0.959083469721768,0.963492063492064,0.907166123778502,0.966237942122186,0.95447409733124,0.00160513643659711,0.957074721780604,0.00158982511923688,0.614533965244866,0.955271565495208,0.0883280757097792,0.0561797752808989,0.00157728706624606,0.0207006369426752,0.952614379084967,0.941362916006339,0.197138314785374,0.0792880258899676,0.941732283464567,0.00156739811912226,0.925750394944708,0.295886075949367,0.140378548895899,0.945812807881773,0.504672897196262,0.705696202531646,0.0456692913385827,0.743710691823899,0.805466237942122,0.323763955342903,0.00159489633173844,0.957210776545166,0.0204081632653061,0.957680250783699,0.308641975308642,0.8798751950078,0.00161290322580645,0.0205047318611987,0.00623052959501558,0.953968253968254,0.818476499189627,0.0721153846153846,0.533965244865719,0.0397456279809221,0.512383900928793,0.169014084507042,0.00158982511923688,0.954041204437401,0.316535433070866,0.949675324675325,0.899350649350649,0.19645732689211,0.00161812297734628,0.932148626817447,0.959935897435897,0.921850079744817,0.334384858044164,0.461783439490446,0.0420032310177706,0.00164203612479475,0.882544861337684,0.820349761526232,0.00159489633173844,0.942307692307692,0.00157977883096367,0.0423452768729642,0.847692307692308,0.0505529225908373,0.0574162679425837,0.959375,0,0.755070202808112,0.0873634945397816,0.609177215189873,0.940789473684211,0.305227655986509,0.0016025641025641,0.760697305863708,0.260596546310832,0.950078003120125,0.155172413793103,0.930708661417323,0.955555555555556,0.957210776545166,0.937007874015748,0.0109717868338558,0.952076677316294,0.950558213716108,0.00161550888529887,0.00157728706624606,0.944894651539708,0,0.332288401253919,0.944532488114105,0.00949367088607595,0.0112,0.654516640253566,0.00156739811912226,0.3232,0.957928802588997,0.149300155520995,0.955128205128205,0.0110935023771791,0.969793322734499,0.0420711974110032,0.0501618122977346,0.0471698113207547,0.912698412698413,0.380952380952381,0.947452229299363,0.00161290322580645,0.969648562300319,0.767628205128205,0.00154083204930663,0.0428571428571429,0.269291338582677,0.00155763239875389,0.799674267100977,0.286163522012579,0.109854604200323,0.955128205128205,0.194662480376766,0.957878315132605,0.955056179775281,0.00159489633173844,0.586261980830671,0.945425361155698,0.511551155115512,0.948470209339775,0.00159744408945687,0.952076677316294,0.0627871362940276,0.00157977883096367,0.252854812398042,0.6336,0.55700325732899,0.00161030595813205,0.00161550888529887,0.965079365079365,0.782747603833866,0.205930807248764,0.955342902711324,0.0445151033386327,0.93026941362916,0.445705024311183,0.970219435736677,0.175609756097561,0.950636942675159,0.958064516129032,0.832535885167464,0.958664546899841,0.040453074433657,0.95859872611465,0.04858934169279,0.00159744408945687,0.749601275917065,0.899691358024691,0.948194662480377,0.0689655172413793,0.00158227848101266,0.953271028037383,0.499186991869919,0.959349593495935,0.955342902711324,0.956043956043956,0.323529411764706,0.965244865718799,0.0438871473354232,0.928682170542636,0.0492307692307692,0.913875598086124,0.411580594679186,0.00161290322580645,0.950558213716108,0.00157232704402516,0.847020933977456,0.957345971563981,0.166666666666667,0.95260663507109,0.921383647798742,0.947772657450077,0.937007874015748,0.13258785942492,0.422776911076443,0.917073170731707,0.941176470588235,0.0952380952380952,0.0443037974683544,0.9632,0.884126984126984,0,0,0.348949919224556,0.00313479623824451,0.951104100946372,0.306122448979592,0.899521531100478,0.761904761904762,0.964506172839506,0.470304975922953,0.478260869565217,0.343089430894309,0.890822784810127,0.931089743589744,0.915739268680445,0.00158730158730159,0.864992150706436,0.222950819672131,0.951690821256039,0.0429252782193959,0.117370892018779,0.579617834394904,0.939490445859873,0.956043956043956,0.858505564387917,0.96031746031746,0.8896,0.0016,0.116057233704293,0.681889763779528,0.949593495934959,0.0015625,0.951104100946372,0.966153846153846,0.5872,0.576433121019108,0.951845906902087,0.952224052718287,0.409888357256778,0.00163934426229508,0.899536321483771,0.588516746411483,0.971854304635762,0.043956043956044,0.939628482972136,0.955128205128205,0.95447409733124,0.923444976076555,0.570542635658915,0.0465489566613162,0.977671451355662,0.548837209302326,0.049079754601227,0.0414746543778802,0.228434504792332,0.0466237942122186,0.181372549019608,0.719874804381847,0.0418006430868167,0.0438184663536776,0.050314465408805,0.633228840125392,0.0834697217675941,0.957278481012658,0.0113636363636364,0.0429936305732484,0.0016,0.261217948717949,0.951298701298701,0.94488188976378,0.9,0.00157232704402516,0.900974025974026,0.838862559241706,0.734726688102894,0.6513470681458,0.517684887459807,0.469255663430421,0.0125391849529781,0.950080515297907,0.140600315955766,0.747927031509121,0.972886762360447,0.046875,0.762282091917591,0.0457413249211356,0.165876777251185,0.956923076923077,0.956168831168831,0.896607431340872,0.00154798761609907,0.668231611893584,0.903225806451613,0.0016025641025641,0.036624203821656,0.906396255850234,0.971291866028708,0,0.045958795562599,0.043956043956044,0.954911433172303,0.905537459283388,0.0493421052631579,0,0.426517571884984,0.965964343598055,0.836734693877551,0.423622047244094,0.680129240710824,0.933858267716535,0.0461049284578696,0.952755905511811,0.954041204437401,0.0528846153846154,0.950871632329635,0.957074721780604,0.945161290322581,0.95253164556962,0.231511254019293,0.365203761755486,0.335987261146497,0.965798045602606,0.919540229885057,0.0521327014218009,0.29951690821256,0.97275641025641,0.193396226415094,0.343076923076923,0.963836477987421,0.954983922829582,0.961722488038278,0.726094003241491,0.951713395638629,0.279032258064516,0.979233226837061,0.951456310679612,0.00157977883096367,0.367851622874807,0.593004769475358,0.0551181102362205,0.056782334384858,0.0494417862838915,0.88503937007874,0.0673981191222571,0.0461049284578696,0.0015625,0.277602523659306,0.958730158730159,0.112540192926045,0.963636363636364,0.973101265822785,0.967793880837359,0.328525641025641,0.339434276206323,0.696629213483146,0.483388704318937,0,0.817034700315457,0.0573643410852713,0.0778816199376947,0.244897959183673,0.953225806451613,0.050314465408805,0.00157977883096367,0.383775351014041,0.0543478260869565,0.0595813204508857,0.522222222222222,0.954911433172303,0.31139646869984,0.948504983388704,0.934504792332268,0.00156494522691706,0.962006079027356,0.0423197492163009,0.952012383900929,0.831730769230769,0.950980392156863,0.0576923076923077,0.940809968847352,0.0425867507886435,0.864734299516908,0.767441860465116,0.91692789968652,0.961240310077519,0.950320512820513,0.346645367412141,0.93026941362916,0.954113924050633,0.0490045941807044,0.0613207547169811,0.954911433172303,0.949206349206349,0.368839427662957,0.858044164037855,0.927392739273927,0.94006309148265,0.957878315132605,0.00161812297734628,0.144480519480519,0.952904238618524,0.0449438202247191,0.00162337662337662,0.97456279809221,0.00963081861958266,0.0882825040128411,0.953488372093023,0.973143759873618,0.00647249190938511,0.674121405750799,0.453674121405751,0.956730769230769,0.0402576489533011,0.84430176565008,0.955737704918033,0.410828025477707,0.63015873015873,0.837025316455696,0.00161812297734628,0.195892575039494,0.974481658692185,0.960063897763578,0.484025559105431,0.956656346749226,0.930976430976431,0.0706260032102729,0.00157728706624606,0.960567823343849,0.953748006379585,0.948553054662379,0.719435736677116,0.0418006430868167,0.90224358974359,0.276995305164319,0.215254237288136,0.00789889415481832,0.648208469055375,0.625,0.66031746031746,0.00156739811912226,0.330645161290323,0.939586645468998,0.670886075949367,0.565485362095532,0.115384615384615,0.00156985871271586,0.00154559505409583,0.95405819295559,0.938679245283019,0,0.930599369085173,0.00970873786407767,0.00156739811912226,0.00160513643659711,0.956869009584665,0.00155763239875389,0.962722852512156,0.784911717495987,0.558320373250389,0.951181102362205,0.00158982511923688,0.00159489633173844,0.958795562599049,0.941267387944359,0.758730158730159,0.0455259026687598,0.00325732899022801,0.890282131661442,0.635792778649921,0.957345971563981,0.559055118110236,0.399030694668821,0.0016025641025641,0.952755905511811,0.0486223662884927,1,0.127009646302251,0.0015748031496063,0.0578125,0.161030595813205,0.497504159733777,0.939968404423381,0.00156739811912226,0.953198127925117,0.943485086342229,0.958925750394945,0.00159489633173844,0.110929853181077,0.908474576271186,0.0488599348534202,0.957074721780604,0.959438377535101,0.0537974683544304,0.952305246422893,0.346031746031746,0.813990461049285,0.0556438791732909,0.206896551724138,0.94912559618442,0.00972447325769854,0.0495207667731629,0.978260869565217,0.0508196721311475,0.703703703703704,0.426948051948052,0.00154320987654321,0.16403785488959,0.780327868852459,0.302066772655008,0.942857142857143,0.0432692307692308,0.18740157480315,0.476897689768977,0.947932618683001,0.911949685534591,0.938511326860841,0.766233766233766,0.00160771704180064,0.939814814814815,0.0392464678178964,0.92822966507177,0.439542483660131,0.0431432973805855,0.956869009584665,0.958730158730159,0.952922077922078,0.650563607085346,0.963836477987421,0.178628389154705,0.235668789808917,0.92,0.892744479495268,0.0015527950310559,0,0.955882352941177,0.927184466019418,0.0563607085346216,0.958132045088567,0.952978056426332,0.416139240506329,0.930756843800322,0.743264659270998,0.900473933649289,0,0.934083601286174,0.372357723577236,0.9552,0.952076677316294,0.00154320987654321,0.661290322580645,0.963875205254516,0.0485133020344288,0.711507293354943,0.41471048513302,0.813374805598756,0.7344,0.926493108728943,0.128086419753086,0.952,0.963949843260188,0.969404186795491,0.350649350649351,0.128824476650564,0.95260663507109,0.960998439937597,0.00941915227629513,0.794435857805255,0.4828125,0.290064102564103,0.803486529318542,0.951845906902087,0.870550161812298,0.949921752738654,0.142633228840125,0.0441176470588235,0.0015748031496063,0.854889589905363,0.0422764227642276,0.0395569620253165,0.319620253164557,0.00158730158730159,0.954258675078864,0.915227629513344,0.955555555555556,0.961538461538462,0.1328,0.0415335463258786,0.00152905198776758,0.00157728706624606,0.218849840255591,0.109500805152979,0.195548489666137,0,0.040625,0.952229299363057,0.021875,0.333333333333333,0.951768488745981,0.628389154704944,0.936,0.711111111111111,0.6921875,0.00158478605388273,0.955927051671733,0.428571428571429,0.532362459546926,0.932203389830508,0.979495268138801,0.434645669291339,0.0109717868338558,0.958664546899841,0.959119496855346,0.0016025641025641,0.937888198757764,0.0575079872204473,0.95702479338843,0.463722397476341,0,0.0112179487179487,0.558484349258649,0.8743961352657,0.0383386581469649,0.176565008025682,0.0126582278481013,0.00162866449511401,0.758039816232772,0.060702875399361,0.957654723127036,0.367834394904459,0.96141975308642,0.0450310559006211,0.412322274881517,0.34910277324633,0.898692810457516,0.142384105960265,0.0521327014218009,0.00157977883096367,0.0809061488673139,0.00158478605388273,0.956856702619414,0.059016393442623,0.974006116207951,0.0483870967741935,0.947967479674797,0.00157232704402516,0.579192546583851,0.491171749598716,0.95389507154213,0.00160771704180064,0.9515625,0.00159489633173844,0.446457990115321,0.953271028037383,0.0015748031496063,0.690737833594976,0.947882736156352,0.745627980922099,0.975490196078431,0.0755007704160247,0.00161030595813205,0.955555555555556,0.284779050736498,0.00154798761609907,0.743670886075949,0.0385802469135802,0.0644654088050314,0.958609271523179,0.95609756097561,0.951937984496124,0.933115823817292,0.946774193548387,0.00156985871271586,0.938808373590982,0.0253565768621236,0.392125984251968,0.334876543209877,0.9484375,0.953821656050955,0.95440251572327,0.945397815912636,0.0688,0.0549273021001615,0.956810631229236,0.951334379905808,0.734059097978227,0.946287519747235,0.955905511811024,0.976340694006309,0.0015527950310559,0.00157232704402516,0.943425076452599,0.00154083204930663,0.108661417322835,0.00159235668789809,0.95,0.299352750809061,0.242574257425743,0.165354330708661,0.895734597156398,0.00159744408945687,0.146496815286624,0.955484896661367,0.957746478873239,0.689102564102564,0.449010654490107,0.256134969325153,0.214953271028037,0.647151898734177,0.0365659777424483,0.164319248826291,0.590189873417722,0.284109149277689,0.724299065420561,0.0526315789473684,0.00160771704180064,0.0418006430868167,0.368253968253968,0.957516339869281,0.67246835443038,0.263803680981595,0.651419558359621,0.907523510971787,0.943573667711599,0.952998379254457,0.954248366013072,0.964227642276423,0.9584,0.586206896551724,0.461538461538462,0.953968253968254,0.049079754601227,0.053125,0.905750798722045,0.0125588697017268,0.956318252730109,0.933858267716535,0.0016025641025641,0.160194174757282,0.00159489633173844,0.95,0,0.954186413902054,0.957278481012658,0.0475435816164818,0.825320512820513,0.955177743431221,0.682926829268293,0.658730158730159,0.896166134185304,0.0015600624024961,0.00159489633173844,0.938127090301003,0.949771689497717,0.966719492868463,0.00154083204930663,0,0.0373983739837398,0.265116279069767,0.519747235387046,0.0015600624024961,0.503174603174603,0.00158227848101266,0.910569105691057,0.958532695374801,0.193861066235864,0.279937791601866,0.00153609831029186,0.395730706075534,0.600321027287319,0.848,0.976489028213166,0.817749603803486,0.0448,0.966129032258065,0.0161030595813204,0.947115384615385,0,0.965244865718799,0.00969305331179321,0.951923076923077,0.0494417862838915,0.0326797385620915,0.00158982511923688,0.00161030595813205,0.849921011058452,0.909385113268608,0.945226917057903,0.705974842767296,0.0714285714285714,0.051948051948052,0.829581993569132,0.8265625,0.00161550888529887,0.0628019323671498,0.935794542536116,0,0.936708860759494,0.973724884080371,0.106918238993711,0.0422535211267606,0.0381558028616852,0.953051643192488,0.48792270531401,0.116057233704293,0.143564356435644,0.150943396226415,0.730263157894737,0.136434108527132,0.959415584415584,0.0016025641025641,0.768982229402262,0.94679186228482,0.004739336492891,0.0016,0.044478527607362,0,0.048,0.958333333333333,0.721951219512195,0.0456769983686786,0.0491283676703645,0.590032154340836,0.961227786752827,0.4770206022187,0.0540540540540541,0.0445544554455446,0.060655737704918,0.0222929936305732,0.00158730158730159,0.058252427184466,0.0540958268933539,0.0482315112540193,0.0617088607594937,0.0370942812982998,0.0549273021001615,0.0603174603174603,0.0586370839936609,0.0224358974358974,0.00651465798045603,0.0330188679245283,0.028125,0.063391442155309,0.055205047318612,0.0256,0.0420711974110032,0.0503246753246753,0.0476190476190476,0.0429936305732484,0.0276923076923077,0.0475435816164818,0.07981220657277,0.0478395061728395,0.0440944881889764
"471",0.088,0.0916271721958926,0.106646058732612,0.140293637846656,0.101639344262295,0.0879478827361563,0.182985553772071,0.106180665610143,0.0993788819875776,0,0.096,0,0.474921630094044,0.0885668276972625,0.883942766295707,0.90521327014218,0,0.00159489633173844,0.0853462157809984,0.105426356589147,0.800312012480499,0.898360655737705,0.0882352941176471,0,0.118483412322275,0.732463295269168,0.837060702875399,0.0983870967741935,0.5600624024961,0.382075471698113,0.907523510971787,0.370662460567823,0.308681672025723,0.694753577106518,0,0.083596214511041,0.0078125,0.095679012345679,0.743202416918429,0.178571428571429,0,0,0,0.0890625,0.28780487804878,0.931596091205212,0.539074960127592,0.904836193447738,0.589783281733746,0.816485225505443,0,0.0963081861958267,0.718354430379747,0.0939490445859873,0.176090468497577,0.857605177993528,0,0.108589951377634,0.113385826771654,0.176287051482059,0.692913385826772,0.580188679245283,0.906451612903226,0,0.192,0.251552795031056,0,0.10410094637224,0,0.908496732026144,0.215748031496063,0.906200317965024,0.90952380952381,0.0822981366459627,0,0.367601246105919,0.893915756630265,0.479495268138801,0.178170144462279,0.793729372937294,0,0.370253164556962,0.77639751552795,0.0913385826771654,0.828967642526965,0.175824175824176,0.0913385826771654,0.120443740095087,0.126182965299685,0,0.108626198083067,0.0805687203791469,0,0,0.112377850162866,0,0.686427457098284,0.104928457869634,0,0,0.429252782193959,0,0.717703349282297,0.0846645367412141,0.839203675344564,0.0934426229508197,0,0.106012658227848,0.913875598086124,0.925396825396825,0.906542056074766,0.161858974358974,0.740445859872611,0.10016155088853,0,0.107594936708861,0.358695652173913,0,0.914330218068536,0.78740157480315,0,0.316129032258064,0.739336492890995,0.873146622734761,0.108527131782946,0.812792511700468,0.0904761904761905,0.092948717948718,0,0.499207606973059,0.154330708661417,0.548231511254019,0.107890499194847,0,0.0869565217391304,0.905718701700155,0,0.761829652996845,0.440570522979398,0.505709624796085,0,0,0.105095541401274,0.321316614420063,0.810679611650485,0.0825396825396825,0.90251572327044,0.15541601255887,0.6677471636953,0.108527131782946,0.831987075928918,0.10641627543036,0.0897226753670473,0.240740740740741,0.0901898734177215,0.908064516129032,0.0919175911251981,0.9056,0,0.32475884244373,0.193798449612403,0.100158982511924,0.92368839427663,0,0.0832025117739403,0.572357723577236,0.0846905537459283,0.0795631825273011,0.080188679245283,0.688679245283019,0.110410094637224,0.908372827804107,0.124233128834356,0.902627511591963,0.17384370015949,0.652647975077882,0,0.10016155088853,0,0.230046948356808,0.0875,0.824,0.0952380952380952,0.133333333333333,0.0903522205206738,0.106918238993711,0.90302066772655,0.709627329192547,0.160130718954248,0.152350081037277,0.876777251184834,0.913249211356467,0.1056,0.19047619047619,0,0,0.674641148325359,0,0.0758513931888545,0.804953560371517,0.181528662420382,0.329133858267717,0.095679012345679,0.5888,0.577223088923557,0.691680261011419,0.177033492822967,0.125396825396825,0.199376947040498,0,0.199685534591195,0.794165316045381,0.149277688603531,0.904306220095694,0.864485981308411,0.496805111821086,0.111287758346582,0.103448275862069,0.247244094488189,0.0837209302325581,0.205741626794258,0,0.868954758190328,0.401538461538462,0.0904684975767367,0,0.090625,0.100154083204931,0.488188976377953,0.528571428571429,0.106451612903226,0.0913539967373573,0.621187800963082,0,0.169254658385093,0.544728434504792,0.09688013136289,0.908082408874802,0.128682170542636,0.0956239870340357,0.0889235569422777,0.14622641509434,0.548183254344392,0.913461538461538,0.120634920634921,0.522620904836194,0.897709923664122,0.90937019969278,0.807936507936508,0.911717495987159,0.804560260586319,0.379471228615863,0.915470494417863,0.914826498422713,0.912225705329154,0.45226917057903,0.880645161290323,0.0962145110410095,0,0.908227848101266,0,0.735576923076923,0.0901771336553945,0.107371794871795,0.182539682539683,0,0.187096774193548,0.203761755485893,0.379365079365079,0.467511885895404,0.570739549839228,0.569354838709677,0,0.0846645367412141,0.863422291993721,0.360655737704918,0.111821086261981,0.911532385466035,0.329617834394904,0.910685805422648,0.963722397476341,0.0858895705521472,0.0957095709570957,0.166936790923825,0,0.394984326018809,0.181229773462783,0,0.906687402799378,0.164110429447853,0.105769230769231,0,0.909233176838811,0.901898734177215,0.106280193236715,0.192063492063492,0.92258064516129,0,0.610492845786963,0.0913461538461538,0.277519379844961,0.699044585987261,0.401626016260163,0.125,0.908661417322835,0.0904836193447738,0.0925039872408294,0.89792663476874,0.113744075829384,0.0913385826771654,0.112012987012987,0.0900473933649289,0.820349761526232,0.668721109399075,0.687010954616588,0.0991869918699187,0.130932896890344,0.0078003120124805,0.756756756756757,0.116129032258065,0.820987654320988,0.722054380664653,0.0992125984251968,0.0909090909090909,0.122222222222222,0.37459807073955,0.0829493087557604,0.768370607028754,0.116279069767442,0.0948553054662379,0,0.668759811616955,0.480519480519481,0.919254658385093,0.00928792569659443,0.904238618524333,0.176100628930818,0.895734597156398,0.91937984496124,0,0.796850393700787,0.0962732919254658,0.853932584269663,0.0981996726677578,0.105511811023622,0.0979133226324237,0.690938511326861,0.693811074918567,0.394524959742351,0.617792421746293,0,0.25625,0.894245723172628,0.909230769230769,0.796267496111975,0.0865384615384615,0.91496062992126,0,0.664576802507837,0.89937106918239,0.903536977491961,0.553968253968254,0.0949367088607595,0.798387096774194,0.0786885245901639,0.119617224880383,0,0.0878787878787879,0.908661417322835,0.0883720930232558,0.247648902821317,0.0941558441558442,0.890822784810127,0.106583072100313,0.900158478605388,0.19811320754717,0.360975609756098,0.137071651090343,0.0942492012779553,0.0932069510268562,0.698234349919743,0.1184,0.0799373040752351,0.909509202453988,0.903785488958991,0.0836012861736334,0.0923566878980892,0.752755905511811,0.191387559808612,0.118616144975288,0.125,0.0877742946708464,0,0.867430441898527,0.0859375,0.913875598086124,0,0.112698412698413,0,0.9664,0.0763239875389408,0.113964686998395,0,0.41747572815534,0.612111292962357,0.107936507936508,0.908943089430894,0.226537216828479,0.0906095551894563,0.628205128205128,0.43015873015873,0.286173633440514,0,0.806138933764136,0.103392568659128,0.0900473933649289,0.594043887147335,0.0904836193447738,0.1082910321489,0.896062992125984,0,0.101088646967341,0.0855784469096672,0.140157480314961,0.385208012326656,0.916666666666667,0.203149606299213,0.755555555555556,0.753333333333333,0,0.445512820512821,0.4368,0.453271028037383,0,0.785245901639344,0.165354330708661,0.421800947867299,0.55177743431221,0.889393939393939,0,0,0.0796324655436447,0.120795107033639,0,0.145367412140575,0,0,0,0.0900473933649289,0,0.0923824959481361,0.267515923566879,0.504702194357367,0.0815047021943574,0,0,0.102893890675241,0.126348228043143,0.34585289514867,0.90527950310559,0,0.181538461538462,0.436507936507937,0.087719298245614,0.528861154446178,0.73015873015873,0,0.101721439749609,0.907766990291262,0.127009646302251,1,0,0.899691358024691,0.813990461049285,0.547738693467337,0.123613312202853,0,0.136222910216718,0.0959119496855346,0.0883280757097792,0,0.914927768860353,0.12876254180602,0.905940594059406,0.0833333333333333,0.0873634945397816,0.902866242038217,0.0890302066772655,0.692551505546751,0.2592,0.913461538461538,0.7952,0.118858954041204,0,0.906497622820919,0.114420062695925,0.921311475409836,0.421900161030596,0.606451612903226,0,0.827315541601256,0.312297734627832,0.725552050473186,0.104761904761905,0.909235668789809,0.82015503875969,0.568659127625202,0.14064914992272,0.186915887850467,0.12779552715655,0.330081300813008,0,0.118858954041204,0.907086614173228,0.118110236220472,0.613268608414239,0.90726429675425,0.0934579439252336,0.0933544303797468,0.0817307692307692,0.438985736925515,0.0976377952755905,0.836538461538462,0.792880258899676,0.136577708006279,0.188383045525903,0,0,0.0832,0.152350081037277,0.909677419354839,0.107491856677524,0.0995260663507109,0.617693522906793,0.15,0.338187702265372,0.164576802507837,0,0.10702875399361,0.645528455284553,0.0867507886435331,0.0923317683881064,0,0.411483253588517,0.0955518945634267,0.912974683544304,0.387096774193548,0.7140625,0.28110599078341,0.39968152866242,0.132730015082956,0.854517611026034,0.103338632750397,0.0873634945397816,0.0967238689547582,0.682410423452769,0.812302839116719,0.0920634920634921,0.0854037267080745,0,0.284591194968553,0.568938193343899,0.80564263322884,0.31875,0.0963081861958267,0.192616372391653,0.0892018779342723,0.119751166407465,0.912479740680713,0,0.256369426751592,0.9104,0.905448717948718,0.803174603174603,0,0.0932069510268562,0.168469860896445,0.0897637795275591,0.097331240188383,0.86677367576244,0.915739268680445,0,0,0.812703583061889,0.869009584664537,0.961722488038278,0,0.904088050314465,0.0934579439252336,0.409020217729393,0.680713128038898,0.0939490445859873,0.450549450549451,0.119426751592357,0.422291993720565,0.412403100775194,0,0.0924499229583975,0.60291734197731,0.523125996810207,0.148837209302326,0.0953125,0.623052959501558,0,0.125396825396825,0.112676056338028,0,0.122861586314152,0.899843505477308,0.108910891089109,0.581210191082803,0,0,0.499170812603648,0.230894308943089,0.917851500789889,0.87459807073955,0,0,0.319508448540707,0.896,0.09,0.757341576506955,0.102803738317757,0.909937888198758,0.615863141524106,0.681159420289855,0.213483146067416,0.859477124183007,0.910094637223975,0,0.877813504823151,0,0.0886850152905199,0.742096505823627,0.102760736196319,0.9136,0.0848287112561175,0,0.508474576271186,0.566666666666667,0.0816326530612245,0,0.0913312693498452,0,0.676328502415459,0.0993788819875776,0,0.395348837209302,0.102893890675241,0.340836012861736,0.133870967741935,0.908385093167702,0,0.0838607594936709,0.796474358974359,0,0.373271889400922,0.911901081916538,0.89622641509434,0.0895765472312704,0.0857605177993527,0.0995405819295559,0.121405750798722,0.10702875399361,0,0.105095541401274,0.00156985871271586,0.637209302325581,0.794670846394984,0.0985915492957746,0.0913461538461538,0.10377358490566,0.0944272445820433,0.0283464566929134,0.9185303514377,0.097682119205298,0.1203125,0.356697819314642,0.108695652173913,0.0894819466248038,0.114599686028257,0,0,0.103975535168196,0,0.86748844375963,0.00157232704402516,0.1198738170347,0.802250803858521,0.778501628664495,0.823161189358372,0.171749598715891,0.00159235668789809,0.858730158730159,0.0847723704866562,0.0951638065522621,0.421303656597774,0.607692307692308,0.764525993883792,0.868624420401855,0.427662957074722,0.914556962025316,0.816326530612245,0.479935794542536,0.761075949367089,0.365054602184087,0.896825396825397,0,0.910858995137763,0.6528,0.0849673202614379,0.397781299524564,0.754946727549467,0.450079239302694,0.194053208137715,0.0892018779342723,0.119800332778702,0.105519480519481,0.0880913539967374,0.0856219709208401,0.531948881789137,0.647798742138365,0.0903328050713154,0.914893617021277,0.897515527950311,0.191823899371069,0,0.0957613814756672,0.120743034055728,0,0.842880523731588,0,0.134706814580032,0,0.121306376360809,0.092948717948718,0.902777777777778,0.238019169329073,0.088785046728972,0.395121951219512,0.412225705329154,0.177235772357724,0,0,0.142620232172471,0.138138138138138,0.0914826498422713,0,0,0.912972085385878,0.786271450858034,0.529042386185243,0,0.623211446740858,0,0.167987321711569,0.0889967637540453,0.770096463022508,0.745709828393136,0,0.724358974358974,0.477635782747604,0.210110584518167,0.113707165109034,0.292527821939587,0.905660377358491,0.0917874396135266,0.0903328050713154,0.0855263157894737,0,0.0976744186046512,0,0.0906148867313916,0.934065934065934,0.585089141004862,0,0,0.25,0.153465346534653,0.130030959752322,0.329192546583851,0.89010989010989,0.905296950240771,0.238546603475513,0.259600614439324,0,0.9376,0.116613418530351,0,0.0974025974025974,0.116822429906542,0.87741935483871,0.004739336492891,0.912974683544304,0.0839813374805599,0.618892508143323,0.866242038216561,0.856209150326797,0.896389324960754,0.383360522022838,0.84384858044164,0.0913385826771654,0,0.293838862559242,0.109204368174727,0,0,0.905631659056317,0,0.911251980982567,0.0846645367412141,0.344103392568659,0.911908646003263,0.914790996784566,0.487883683360259,0.128205128205128,0.579778830963665,0.00313479623824451,0.910891089108911,0.0583468395461912,0.0109204368174727,0,0.746006389776358,0.901716068642746,0.901453957996769,0.900158478605388,0.915360501567398,0.00481540930979133,0.00784929356357928,0.895545314900154,0.00950871632329636,0.00323624595469256,0.0238473767885533,0.00938967136150235,0.00464396284829721,0.909090909090909,0.0157977883096366,0.917073170731707,0.901771336553945,0.00480769230769231,0.906200317965024,0.0463678516228748,0.91679748822606,0.82992125984252,0.905718701700155,0.906497622820919
"472",0,0,0,0,0,0,0.0124031007751938,0.00153139356814701,0,1,0,1,0,0,0,0,1,0.9859375,0,0,0,0,0,1,0,0,0,0,0,0,0,0,0.00155038759689922,0,1,0,0.978658536585366,0,0,0,1,0.986046511627907,0.995433789954338,0,0,0,0,0,0,0,1,0,0,0,0.0125,0,1,0,0.00305343511450382,0,0,0,0,1,0,0,1,0,1,0,0,0,0,0,1,0,0,0,0.00156985871271586,0,1,0,0,0,0,0,0,0,0.00302114803625378,0.98780487804878,0,0,1,1,0,1,0.0182094081942337,0,0.99236641221374,0.990712074303406,0.0093603744149766,1,0,0,0,0,0.989096573208723,0.00308641975308642,0,0,0,0.0141287284144427,0,0,1,0,0,1,0,0,1,0.00154559505409583,0,0,0,0,0,0,1,0.0061633281972265,0,0,0,1,0,0,1,0,0,0.00636942675159236,1,1,0,0,0,0,0,0,0,0,0,0,0,0,0,0,0,0,1,0,0.00453172205438067,0,0,1,0,0,0,0,0,0,0,0,0,0,0.00156739811912226,0,1,0,1,0,0,0,0,0,0,0,0,0,0,0,0,0,0,0.0184899845916795,1,1,0,1,0,0,0.0125588697017268,0,0,0,0,0,0,0,0.00154320987654321,1,0,0,0,0,0,0.00313479623824451,0,0,0.00153609831029186,0,0,1,0,0,0,1,0,0,0.00460122699386503,0,0,0,0.0185185185185185,1,0.0135542168674699,0,0,0,0,0,0,0,0,0,0,0,0,0,0,0,0,0,0,0,0,0,0,0,0.988888888888889,0,1,0.00475435816164818,0,0,0,1,0.00158227848101266,0.0029940119760479,0,0,0,0,0.989214175654854,0,0,0,0,0,0,0,0,0,0,0.0125786163522013,1,0,0.0169753086419753,1,0,0.0136157337367625,0.00155038759689922,1,0,0,0,0,0,1,0.0183767228177642,0,0,0,0,0,0,0,0,0,0,0,0,0,0,0,0,0.0031496062992126,0,0.94954128440367,0,0,0,0,0,0,0,0,0,0,0,0,1,0,0.010989010989011,0,0.946969696969697,0,0,0,0,1,0,0,0,0,0,0,0,0,0,0,1,0,0,0,0,0,0,1,0,0,0,0.00153846153846154,0,0,0,0,1,0,0,0,0,0,0,0,0,0,0,0,0,0.0015527950310559,0,0,0,0,0,0,0,0,0,0,0,0,1,0,0,0,1,0,0.989010989010989,0,0,0,0.996923076923077,0.00783699059561128,0,0,0,0,0,0,0,0,1,0,0.00156985871271586,0,0,0,0,0,0.998468606431853,0,0,0,0,0,0.00470957613814757,0,0.012987012987013,0.993911719939117,0,0,0,1,0,0.0015600624024961,0,0,0,1,1,0,0,1,0,0.988941548183254,1,1,0,1,0,0.0015552099533437,0.00603318250377074,0,1,1,0,0,0,0,0.996815286624204,0.0196969696969697,0,0,0,0,1,0,0,0.0015748031496063,0,1,0,0,0,0.00154559505409583,1,0,0,0,1,0,0,0,0,0,0,0,0,0,0,0.00159235668789809,0,0.990639625585023,0,0,0,0,0.0124223602484472,1,0,0.00158227848101266,0,0,0,0,0,0,0,0,0,1,0,0,0,0.00471698113207547,0,0,0,0,0,0,0,0,0,0.0137825421133231,1,1,0,0,0,0,0,0,0,0,0.0168195718654434,1,0,0.0184331797235023,0,0,1,0,0,0,0.00155763239875389,0,0,0,0,0,0.00316957210776545,0,0,0.0158478605388273,0.0248447204968944,0,0,0.992412746585736,0,0,0,0,0,0,0,0.77593984962406,0,1,0.0015527950310559,0,0,0,1,0,0,0,0,0,0,1,1,0,0,0,1,0,0,0.571860816944024,0,0,0.00930232558139535,0,0,0,1,0,0,0,0.00599700149925037,0,0,0.99079754601227,0,0,1,0.00149925037481259,0,0,0,1,0.990740740740741,0,0,0,0,0.989164086687306,1,0,0,0,0,0,0,0,0,0.00470957613814757,0,0,0.998463901689708,0,1,0,0.162903225806452,0.00148148148148148,0,0,1,0,0,0,1,0,1,0,0,1,0.0153374233128834,0,0,0.0015527950310559,0,1,0,0,1,0,0,0,0,0,0,0.0031055900621118,0,1,0,0.980273141122914,0.0198170731707317,0,0,0,0,0,0.91271056661562,0,0,0,0,0,0,0,1,1,0,1,0,0.998442367601246,0,0,0,0,0,0.998435054773083,0,0,0,0,0,0,0,0,0,0,0,0,0,0,1,0,0.020440251572327,0,0.0294117647058824,0,0,0.00458015267175573,0,0.00159744408945687,0,0,0,0,0,0,0,0,0.00155038759689922,0.989296636085627,0,0,1,0,1,0,1,0,0,0,0,0,0.0015552099533437,0,0.0187793427230047,1,1,0,0,0,1,1,0,0,0,1,0,1,0,0,0.031496062992126,0,1,0,0,0,0,0,0,0,0.899843505477308,0,1,0,0.990811638591118,0,0,0.381172839506173,1,1,0,0,0.00917431192660551,0,0,0,0,0,1,0,0,1,0,0,0,0.961890243902439,0,0,0,0,0,0,0,0,0,1,0,0,0.995283018867924,1,0,1,0,0,0,0,0,0.00476190476190476,0.00467289719626168,0,0.953101361573374,0,0.900943396226415,0.975646879756469,1,0.170807453416149,0,0,0.00612557427258806,0,0.953051643192488,0.943251533742331,0,0.972136222910217,0.990521327014218,0.946483180428135,0.969325153374233,0.940458015267176,0,0.966616084977238,0,0,0.957680250783699,0,0.930513595166163,0,0.0463678516228748,0,0
"473",0.00927357032457496,0.00612557427258806,0.0343796711509716,0.0790697674418605,0.0229709035222052,0.0107361963190184,0.103125,0.037037037037037,0.00888888888888889,0,0.0107197549770291,0,0.439577039274924,0.00933125972006221,0.953846153846154,0.983433734939759,0,0.00152671755725191,0.0139751552795031,0.0256410256410256,0.849772382397572,0.961844197138315,0.0179640718562874,0,0.0490045941807044,0.745736434108527,0.883614088820827,0.0201238390092879,0.545727136431784,0.308845577211394,0.992548435171386,0.319880418535127,0.234567901234568,0.709923664122137,0,0.00927357032457496,0.00601503759398496,0.0119760479041916,0.742647058823529,0.106766917293233,0,0,0,0.009375,0.225396825396825,0.967642526964561,0.495341614906832,0.993855606758833,0.524853801169591,0.853982300884956,0,0.013719512195122,0.73820395738204,0.0107197549770291,0.107197549770291,0.824074074074074,0,0.0295489891135303,0.0476190476190476,0.11377245508982,0.695195195195195,0.584218512898331,0.992331288343558,0,0.1046875,0.180722891566265,0,0.0151745068285281,0,0.992343032159265,0.158132530120482,0.984802431610942,0.969558599695586,0.00892857142857143,0,0.301943198804185,0.951734539969834,0.426204819277108,0.114285714285714,0.7248,0,0.304675716440422,0.780597014925373,0.0105421686746988,0.877643504531722,0.102409638554217,0.0135338345864662,0.0409711684370258,0.0396341463414634,0,0.0168970814132104,0.0106382978723404,0,0,0.0312989045383412,0,0.691489361702128,0.0257966616084977,0,0,0.382262996941896,0,0.718223583460949,0.0093167701863354,0.902511078286558,0.00783699059561128,0,0.0302114803625378,0.992307692307692,0.984756097560976,0.989489489489489,0.080370942812983,0.666158536585366,0.0151285930408472,0,0.0211161387631976,0.305597579425113,0,0.990853658536585,0.755351681957186,0,0.232522796352584,0.772657450076805,0.913793103448276,0.0359820089955022,0.844776119402985,0.0105580693815988,0.0107361963190184,0,0.447852760736196,0.0749235474006116,0.5,0.0214067278287462,0,0.0140625,0.970104633781764,0,0.801538461538462,0.378048780487805,0.476415094339623,0,0,0.0308166409861325,0.247328244274809,0.830745341614907,0.00759878419452888,0.984662576687117,0.0859259259259259,0.589861751152074,0.0267459138187221,0.857366771159875,0.0261136712749616,0.00612557427258806,0.162121212121212,0.0135135135135135,0.990697674418605,0.00902255639097744,0.993855606758833,0,0.272588055130168,0.128698224852071,0.0242424242424242,0.974358974358974,0,0.00451127819548872,0.553459119496855,0.0093603744149766,0.00899550224887556,0.00906344410876133,0.693939393939394,0.0303030303030303,0.989280245022971,0.0587371512481645,0.991058122205663,0.111627906976744,0.63969465648855,0,0.0245398773006135,0,0.161290322580645,0.00453857791225416,0.874806800618238,0.0292307692307692,0.0630630630630631,0.0144927536231884,0.0329341317365269,0.888386123680241,0.620178041543027,0.0752351097178683,0.0673813169984686,0.943425076452599,0.984984984984985,0.0294573643410853,0.121396054628225,0,0,0.716923076923077,0,0.00883652430044183,0.737951807228916,0.114728682170543,0.255639097744361,0.015015015015015,0.581538461538462,0.552671755725191,0.721286370597244,0.0902140672782875,0.0379939209726444,0.123880597014925,0,0.124251497005988,0.821036106750393,0.0697674418604651,0.989164086687306,0.923880597014925,0.463302752293578,0.0273972602739726,0.0300751879699248,0.178353658536585,0.0104477611940299,0.107361963190184,0,0.921331316187595,0.34841628959276,0.0152905198776758,0,0.0164917541229385,0.0293255131964809,0.452453987730061,0.453004622496148,0.0139318885448916,0.0078003120124805,0.627480916030534,0,0.106606606606607,0.486821705426357,0.0377952755905512,0.991004497751124,0.0476900149031297,0.0107361963190184,0.00600600600600601,0.049306625577812,0.47289156626506,0.99537037037037,0.0354391371340524,0.466867469879518,0.988112927191679,0.988112927191679,0.790769230769231,0.99388379204893,0.853620955315871,0.326865671641791,0.989505247376312,0.984848484848485,0.984779299847793,0.408955223880597,0.953051643192488,0.0227963525835866,0,0.993865030674847,0,0.776923076923077,0.00925925925925926,0.0321592649310873,0.110944527736132,0,0.127725856697819,0.155354449472097,0.324242424242424,0.40695915279879,0.542113323124043,0.533950617283951,0,0.00928792569659443,0.897897897897898,0.304075235109718,0.0455927051671733,0.981566820276498,0.252647503782148,0.992319508448541,0.874051593323217,0.0104947526236882,0.0107858243451464,0.0990566037735849,0,0.358231707317073,0.107361963190184,0,0.995461422087746,0.0983606557377049,0.0263975155279503,0,0.990977443609023,0.990950226244344,0.0276497695852535,0.135176651305684,0.990639625585023,0,0.604511278195489,0.0172143974960876,0.220740740740741,0.606106870229008,0.348765432098765,0.0484848484848485,0.983483483483483,0.00900900900900901,0.00765696784073507,0.984756097560976,0.0423600605143722,0.0107033639143731,0.0316957210776545,0.0106544901065449,0.817073170731707,0.695195195195195,0.71969696969697,0.0342679127725857,0.0709779179810726,0.00300751879699248,0.727131782945736,0.0354391371340524,0.84407796101949,0.69150521609538,0.0121580547112462,0.00914634146341463,0.0398162327718224,0.316614420062696,0.00900900900900901,0.749615975422427,0.0465465465465465,0.00925925925925926,0,0.681681681681682,0.447040498442368,0.974164133738602,0.00301204819277108,0.986363636363636,0.0903614457831325,0.963636363636364,0.989425981873112,0,0.768996960486322,0.0185758513931889,0.915279878971256,0.023961661341853,0.0382262996941896,0.0245775729646697,0.727975270479134,0.7296875,0.329770992366412,0.535885167464115,0,0.184568835098336,0.988217967599411,0.955357142857143,0.805722891566265,0.0108024691358025,0.995475113122172,0,0.678624813153961,0.982142857142857,0.972560975609756,0.541085271317829,0.00769230769230769,0.718995290423862,0.00940438871473354,0.0383435582822086,0,0.0173160173160173,0.990977443609023,0.0104790419161677,0.184451219512195,0.00934579439252336,1,0.0274390243902439,0.99236641221374,0.122727272727273,0.2953125,0.0664652567975831,0.0257186081694402,0.00602409638554217,0.722137404580153,0.043010752688172,0.0103857566765579,0.991031390134529,0.965151515151515,0.0109375,0.00906344410876133,0.66969696969697,0.116666666666667,0.0391236306729265,0.0471841704718417,0.00754147812971342,0,0.88125,0.00904977375565611,0.989296636085627,0,0.04,0,0.94359756097561,0.00753012048192771,0.0427480916030534,0,0.374617737003058,0.586523736600306,0.0283018867924528,0.990712074303406,0.128482972136223,0.0124416796267496,0.640552995391705,0.398484848484848,0.233128834355828,0,0.843894899536321,0.0309119010819165,0.00768049155145929,0.558245083207262,0.00899550224887556,0.0336538461538462,0.969465648854962,0,0.0256797583081571,0.0106707317073171,0.0601851851851852,0.31570996978852,0.984732824427481,0.132307692307692,0.759090909090909,0.810593900481541,0,0.383076923076923,0.400928792569659,0.397865853658537,0,0.71583850931677,0.0966767371601208,0.360778443113772,0.481146304675716,0.912979351032448,0,0,0.00727802037845706,0.0314842578710645,0,0.0876923076923077,0,0,0,0.0122324159021407,0,0.00784929356357928,0.224924012158055,0.470149253731343,0.00603318250377074,0,0,0.0151975683890578,0.0426470588235294,0.288721804511278,0.990909090909091,0,0.107738998482549,0.402985074626866,0.00758725341426404,0.483483483483483,0.655436447166922,0,0.0253353204172876,0.990625,0.0578125,0.899691358024691,0,1,0.876160990712074,0.507936507936508,0.036144578313253,0,0.062874251497006,0.0347957639939486,0.00602409638554217,0,0.914503816793893,0.0658105939004815,0.992163009404389,0.00899550224887556,0.00748502994011976,0.988005997001499,0.00605143721633888,0.717261904761905,0.194864048338369,0.979938271604938,0.834890965732087,0.0486322188449848,0,0.992447129909366,0.0362537764350453,0.984301412872841,0.355140186915888,0.609034267912773,0,0.890855457227139,0.262422360248447,0.754946727549467,0.0350609756097561,0.989247311827957,0.842900302114804,0.538216560509554,0.0649546827794562,0.13134328358209,0.0412213740458015,0.254658385093168,0,0.0255255255255255,0.994011976047904,0.0393343419062027,0.613003095975232,0.989705882352941,0.00750750750750751,0.00911854103343465,0.00772797527047913,0.372727272727273,0.0253353204172876,0.867692307692308,0.819148936170213,0.0639269406392694,0.11631419939577,0,0,0.0186915887850467,0.0784615384615385,0.978494623655914,0.0216049382716049,0.0182926829268293,0.645990922844175,0.0747663551401869,0.280864197530864,0.108108108108108,0,0.0432098765432099,0.66306027820711,0.00910470409711684,0.00907715582450832,0,0.375189107413011,0.0327613104524181,0.992343032159265,0.330218068535826,0.610942249240122,0.199706314243759,0.319444444444444,0.0474777448071217,0.904129793510325,0.0217054263565891,0.00907715582450832,0.0302114803625378,0.700315457413249,0.879815100154083,0.0198170731707317,0.00593471810089021,0,0.228571428571429,0.540090771558245,0.74390243902439,0.24287856071964,0.0075642965204236,0.120845921450151,0.0106221547799697,0.107462686567164,0.993690851735016,0,0.18558282208589,0.989180834621329,0.989247311827957,0.717357910906298,0,0.0183767228177642,0.0903614457831325,0.0105263157894737,0.0120481927710843,0.906153846153846,0.989329268292683,0,0,0.8328125,0.922720247295209,0.832822085889571,0,0.989441930618401,0.0106382978723404,0.417040358744395,0.720965309200603,0.00773993808049536,0.410687022900763,0.033587786259542,0.343328335832084,0.379518072289157,0,0.010233918128655,0.615503875968992,0.504643962848297,0.0784023668639053,0.0150602409638554,0.616892911010558,0,0.060790273556231,0.052710843373494,0,0.0432190760059613,0.977511244377811,0.023696682464455,0.556561085972851,0,0,0.496825396825397,0.177293934681182,0.992412746585736,0.857585139318885,0,0,0.257309941520468,0.969183359013868,0.0112540192926045,0.68018018018018,0.0165165165165165,0.992548435171386,0.619760479041916,0.66046511627907,0.132911392405063,0.897637795275591,0.992435703479576,0,0.957317073170732,0,0.0119047619047619,0.796178343949045,0.0270676691729323,0.989164086687306,0.00925925925925926,0,0.482962962962963,0.547546012269939,0.00916030534351145,0,0.0104321907600596,0,0.601255886970173,0.0194029850746269,0,0.338345864661654,0.0200927357032458,0.270642201834862,0.062015503875969,0.954005934718101,0,0.00916030534351145,0.736196319018405,0,0.319758672699849,0.992636229749632,0.976011994002999,0.00769230769230769,0.0093167701863354,0.0165413533834586,0.037037037037037,0.0290964777947933,0,0.0306278713629403,0,0.63499245852187,0.713414634146341,0.0164179104477612,0.0151745068285281,0.0119581464872945,0.0134328358208955,0.0285714285714286,0.97869101978691,0.0283464566929134,0.0512820512820513,0.282089552238806,0.0315789473684211,0.00603318250377074,0.0384615384615385,0,0,0.0217076700434153,0,0.923766816143498,0.00153609831029186,0.0489296636085627,0.71875,0.7875,0.883058470764618,0.0860215053763441,0.00152439024390244,0.891402714932127,0.0091324200913242,0.00916030534351145,0.361832061068702,0.599112426035503,0.779710144927536,0.811011904761905,0.359013867488444,0.989409984871407,0.874622356495468,0.454961832061069,0.737730061349693,0.302395209580838,0.98780487804878,0,0.990769230769231,0.669266770670827,0.0078003120124805,0.354642313546423,0.784546805349183,0.384848484848485,0.124437781109445,0.0179640718562874,0.0423861852433281,0.0276497695852535,0.0110062893081761,0.0108024691358025,0.445801526717557,0.584592145015106,0.00920245398773006,0.985315712187959,0.983508245877061,0.124423963133641,0,0.00598802395209581,0.0316742081447964,0,0.882995319812793,0,0.0655487804878049,0,0.033033033033033,0.00911854103343465,0.98796992481203,0.163608562691131,0.00895522388059702,0.351851851851852,0.385560675883257,0.111111111111111,0,0,0.0775316455696203,0.063953488372093,0.0164670658682635,0,0,0.988976377952756,0.760479041916168,0.493212669683258,0,0.554711246200608,0,0.0816326530612245,0.00769230769230769,0.80030959752322,0.749249249249249,0,0.654743390357698,0.418816388467375,0.141122913505311,0.0449775112443778,0.237951807228916,0.990895295902883,0.0185758513931889,0.0904907975460123,0.0109034267912773,0,0.0267857142857143,0,0.00770416024653313,0.972350230414747,0.603715170278638,0,0,0.1797583081571,0.0653188180404355,0.0641791044776119,0.289120715350224,0.973333333333333,0.987421383647799,0.178082191780822,0.17725258493353,0,0.975609756097561,0.0417310664605873,0,0.0203125,0.0491071428571429,0.920731707317073,0.0015220700152207,0.986175115207373,0.00896860986547085,0.534668721109399,0.914503816793893,0.891304347826087,0.877245508982036,0.31733746130031,0.894578313253012,0.00924499229583975,0,0.252696456086287,0.0224550898203593,0,0,0.992636229749632,0,0.989296636085627,0.00746268656716418,0.288854003139717,0.992283950617284,0.989312977099237,0.4609375,0.0479876160990712,0.57973174366617,0.00149253731343284,0.990595611285266,0.0372670807453416,0.00612557427258806,0,0.807987711213518,0.991137370753324,0.992260061919505,0.980421686746988,0.995495495495496,0.00154320987654321,0.00148148148148148,0.978851963746224,0.00306278713629403,0,0.0230061349693252,0.00605143721633888,0.00151975683890578,0.983282674772036,0.0105740181268882,0.993700787401575,0.992354740061162,0.00154320987654321,0.989247311827957,0.0441826215022091,0.990936555891239,0.900763358778626,0.989690721649485,0.992401215805471
"474",0.12480252764613,0.11128526645768,0.1484375,0.167471819645733,0.129084967320261,0.113085621970921,0.207874015748031,0.146067415730337,0.12037037037037,0,0.101246105919003,0,0.486443381180223,0.103559870550162,0.875981161695447,0.891509433962264,0,0.00159489633173844,0.120826709062003,0.132701421800948,0.789308176100629,0.881877022653722,0.120184899845917,0,0.15600624024961,0.728,0.802839116719243,0.116504854368932,0.68160741885626,0.377151799687011,0.886970172684458,0.415094339622642,0.3322528363047,0.691573926868045,0,0.1072,0.00777604976671851,0.118195956454121,0.73030303030303,0.214953271028037,0.0016025641025641,0,0.00157728706624606,0.117073170731707,0.32843137254902,0.86634460547504,0.528938906752412,0.89010989010989,0.583975346687211,0.965891472868217,0,0.120967741935484,0.721617418351477,0.105511811023622,0.210526315789474,0.786173633440514,0,0.13258785942492,0.144200626959248,0.223255813953488,0.704866562009419,0.701421800947867,0.879421221864952,0,0.230031948881789,0.283699059561129,0,0.115384615384615,0,0.888888888888889,0.223270440251572,0.892282958199357,0.881516587677725,0.116535433070866,0,0.401538461538462,0.858954041204437,0.511811023622047,0.220779220779221,0.725423728813559,0,0.404984423676012,0.7671875,0.112324492979719,0.995275590551181,0.208791208791209,0.112852664576803,0.140378548895899,0.124409448818898,0,0.120063191153239,0.102523659305994,0,0,0.143780290791599,0,0.711356466876972,0.141955835962145,0.00153846153846154,0.00158730158730159,0.479495268138801,0,0.710862619808307,0.118589743589744,0.835130970724191,0.11470113085622,0,0.139240506329114,0.89622641509434,0.874203821656051,0.893312101910828,0.194533762057878,0.680314960629921,0.121794871794872,0,0.114285714285714,0.388364779874214,0,0.884858044164038,0.769475357710652,0,0.345541401273885,0.738019169329074,0.829268292682927,0.134796238244514,0.859133126934985,0.102964118564743,0.113744075829384,0,0.54160125588697,0.194888178913738,0.580906148867314,0.1312,0,0.111464968152866,0.86687306501548,0,0.7664,0.416666666666667,0.563426688632619,0,0,0.143307086614173,0.360759493670886,0.843393148450245,0.109872611464968,0.89047619047619,0.19435736677116,0.6,0.123028391167192,0.814332247557003,0.123613312202853,0.110754414125201,0.2734375,0.102040816326531,0.88780487804878,0.111464968152866,0.889240506329114,0,0.378246753246753,0.243369734789392,0.133858267716535,0.8798751950078,0,0.10625,0.584415584415584,0.103109656301146,0.111287758346582,0.109375,0.690513219284603,0.125984251968504,0.883386581469649,0.167177914110429,0.888372093023256,0.220472440944882,0.6328125,0,0.122222222222222,0,0.2464,0.108452950558214,0.825040128410915,0.128,0.151658767772512,0.116459627329193,0.136222910216718,0.839370078740157,0.642072213500785,0.183279742765273,0.17384370015949,0.861852433281005,0.879499217527387,0.117274167987322,0.231974921630094,0,0,0.728295819935691,0.00156739811912226,0.107981220657277,0.731366459627329,0.232,0.333853354134165,0.129829984544049,0.625196850393701,0.63258785942492,0.716346153846154,0.180952380952381,0.139937106918239,0.22257053291536,0,0.233704292527822,0.760975609756098,0.1664,0.884927066450567,0.833333333333333,0.554838709677419,0.131955484896661,0.134259259259259,0.273015873015873,0.12202852614897,0.22866344605475,0,0.847244094488189,0.465007776049767,0.120385232744783,0,0.116640746500778,0.131172839506173,0.544728434504792,0.478605388272583,0.1104,0.104404567699837,0.667726550079491,0,0.21765601217656,0.537096774193548,0.134206219312602,0.881141045958796,0.147286821705426,0.109854604200323,0.110935023771791,0.152139461172742,0.53416149068323,0.889067524115756,0.141955835962145,0.503184713375796,0.893518518518518,0.884969325153374,0.759349593495935,0.875,0.790849673202614,0.417310664605873,0.886970172684458,0.883647798742138,0.883464566929134,0.501547987616099,0.86525974025974,0.125200642054575,0.00159744408945687,0.881889763779528,0,0.75801282051282,0.116057233704293,0.120443740095087,0.202875399361022,0,0.23202614379085,0.254317111459969,0.417061611374408,0.472178060413355,0.576190476190476,0.611290322580645,0.00156739811912226,0.105263157894737,0.854914196567863,0.399678972712681,0.145367412140575,0.877519379844961,0.351014040561622,0.884493670886076,0.809748427672956,0.119448698315467,0.103448275862069,0.208333333333333,0,0.449843260188088,0.209150326797386,0,0.879120879120879,0.215926493108729,0.137540453074434,0,0.887323943661972,0.886115444617785,0.129392971246006,0.22168284789644,0.876019575856444,0,0.65615141955836,0.13128038897893,0.336477987421384,0.630914826498423,0.414355628058728,0.148669796557121,0.883464566929134,0.114241001564945,0.10989010989011,0.888712241653418,0.145110410094637,0.1072,0.141935483870968,0.113029827315542,0.805379746835443,0.685534591194969,0.715421303656598,0.128410914927769,0.172920065252855,0.0108527131782946,0.748006379585327,0.138709677419355,0.801261829652997,0.726717557251908,0.116352201257862,0.121163166397415,0.14488188976378,0.43015873015873,0.108359133126935,0.768233387358185,0.143759873617694,0.12199036918138,0,0.69435736677116,0.520128824476651,0.870253164556962,0.00783699059561128,0.895638629283489,0.202511773940345,0.878930817610063,0.89375,0,0.766929133858268,0.11400651465798,0.991974317817014,0.122923588039867,0.139904610492846,0.1264,0.7296,0.733441033925687,0.418789808917197,0.560655737704918,0,0.287974683544304,0.878315132605304,0.858695652173913,0.781789638932496,0.103392568659128,0.88597842835131,0,0.689167974882261,0.878504672897196,0.896661367249603,0.570048309178744,0.116427432216906,0.712680577849117,0.117549668874172,0.13452188006483,0,0.123076923076923,0.878548895899054,0.106646058732612,0.288431061806656,0.118892508143322,0.87519747235387,0.131987577639752,0.891167192429022,0.248803827751196,0.383606557377049,0.1640625,0.1375,0.108490566037736,0.71563981042654,0.14171974522293,0.109737248840804,0.893353941267388,0.889952153110048,0.116242038216561,0.116613418530351,0.667194928684628,0.245253164556962,0.142156862745098,0.160572337042925,0.106084243369735,0,0.809446254071661,0.10207336523126,0.87758346581876,0,0.148387096774194,0.00161550888529887,0.862619808306709,0.114420062695925,0.143780290791599,0.00159235668789809,0.463258785942492,0.601275917065391,0.141935483870968,0.88961038961039,0.241883116883117,0.114516129032258,0.775477707006369,0.479365079365079,0.330670926517572,0,0.793269230769231,0.130081300813008,0.105769230769231,0.588697017268446,0.108695652173913,0.126689189189189,0.882352941176471,0,0.131045241809672,0.123613312202853,0.162162162162162,0.412403100775194,0.884858044164038,0.246794871794872,0.721259842519685,0.803333333333333,0.00156494522691706,0.485342019543974,0.477848101265823,0.475077881619938,0,0.707119741100324,0.191153238546603,0.460567823343849,0.537750385208012,0.836641221374046,0,0,0.115326251896813,0.145085803432137,0,0.191455696202532,0,0,0,0.102728731942215,0,0.107843137254902,0.335925349922239,0.555727554179567,0.107981220657277,0,0,0.120879120879121,0.15251572327044,0.402208201892744,0.885400313971743,0,0.21978021978022,0.494505494505495,0.125786163522013,0.509375,0.678513731825525,0,0.129541864139021,0.890145395799677,0.161030595813205,0.813990461049285,0,0.876160990712074,1,0.563237774030354,0.129890453834116,0,0.165644171779141,0.131455399061033,0.111811023622047,0,0.84887459807074,0.163879598662207,0.88562091503268,0.113029827315542,0.101404056162246,0.881064162754304,0.105180533751962,0.710191082802548,0.287735849056604,0.87719298245614,0.784911717495987,0.1515625,0.00160513643659711,0.881064162754304,0.136858475894246,0.883870967741936,0.454253611556982,0.608766233766234,0,0.813953488372093,0.35426731078905,0.740445859872611,0.126602564102564,0.876369327073552,0.783570300157978,0.615894039735099,0.157814871016692,0.226356589147287,0.138755980861244,0.362745098039216,0,0.11937984496124,0.888540031397174,0.143987341772152,0.649434571890145,0.882896764252696,0.110584518167457,0.113085621970921,0.101286173633441,0.439102564102564,0.135725429017161,0.81658692185008,0.7712,0.160629921259843,0.219242902208202,0,0,0.124600638977636,0.174193548387097,0.895253682487725,0.125996810207337,0.124006359300477,0.683962264150943,0.179153094462541,0.362903225806452,0.217527386541471,0,0.140752864157119,0.68370607028754,0.112359550561798,0.116169544740973,0,0.487179487179487,0.132471728594507,0.88529886914378,0.389154704944179,0.623233908948195,0.313935681470138,0.397435897435897,0.14854517611026,0.838709677419355,0.117174959871589,0.115444617784711,0.137440758293839,0.71078431372549,0.823809523809524,0.120578778135048,0.103125,0.00155038759689922,0.340694006309148,0.6078125,0.719492868462758,0.358044164037855,0.111821086261981,0.236883942766296,0.109907120743034,0.11875,0.883306320907618,0,0.288216560509554,0.881219903691814,0.889776357827476,0.722222222222222,0,0.130094043887147,0.188767550702028,0.113237639553429,0.126934984520124,0.8171875,0.879365079365079,0,0,0.767857142857143,0.824193548387097,0.77491961414791,0,0.88503937007874,0.110236220472441,0.344339622641509,0.735668789808917,0.111111111111111,0.490654205607477,0.144230769230769,0.437106918238994,0.446177847113885,0,0.116766467065868,0.6512,0.581761006289308,0.190251572327044,0.115141955835962,0.637658227848101,0.00155763239875389,0.1552,0.159126365054602,0,0.130434782608696,0.859399684044234,0.132137030995106,0.64018691588785,0,0.00156494522691706,0.569767441860465,0.287096774193548,0.894654088050314,0.8208,0.00158227848101266,0.00165837479270315,0.340425531914894,0.8743961352657,0.115511551155116,0.690363349131122,0.115873015873016,0.8953125,0.614307931570762,0.656301145662848,0.247208931419458,0.903436988543372,0.880503144654088,0.00157728706624606,0.846774193548387,0,0.117737003058104,0.717105263157895,0.121396054628225,0.88301282051282,0.106109324758842,0,0.519500780031201,0.680817610062893,0.102201257861635,0,0.113744075829384,0,0.623164763458401,0.128930817610063,0,0.441823899371069,0.1248,0.337620578778135,0.159677419354839,0.861904761904762,0,0.106317411402157,0.7136,0,0.422776911076443,0.881720430107527,0.899529042386185,0.104501607717042,0.119122257053292,0.115085536547434,0.118483412322275,0.117174959871589,0,0.131537242472266,0.0015527950310559,0.672281776416539,0.697933227344992,0.112698412698413,0.117088607594937,0.11214953271028,0.113057324840764,0.0377952755905512,0.885167464114832,0.129934210526316,0.146645865834633,0.38810641627543,0.134585289514867,0.118483412322275,0.143525741029641,0,0,0.136712749615975,0,0.835164835164835,0.00158982511923688,0.154458598726115,0.703821656050955,0.738362760834671,0.811023622047244,0.186708860759494,0.00159744408945687,0.826833073322933,0.118296529968454,0.117924528301887,0.451816745655608,0.647865853658537,0.782012195121951,0.786377708978328,0.4224,0.886292834890966,0.839427662957075,0.534920634920635,0.749598715890851,0.41471048513302,0.888712241653418,0,0.885483870967742,0.694444444444444,0.117455138662316,0.431746031746032,0.74922600619195,0.482539682539683,0.239197530864198,0.130503144654088,0.153333333333333,0.123003194888179,0.112721417069243,0.118589743589744,0.517996870109546,0.608626198083067,0.1152,0.88597842835131,0.896875,0.243630573248408,0.00154798761609907,0.116279069767442,0.140600315955766,0,0.896890343698854,0,0.1728,0,0.139280125195618,0.112877583465819,0.88006230529595,0.267716535433071,0.111111111111111,0.439370078740157,0.456418383518225,0.2208,0,0,0.178981937602627,0.178082191780822,0.132701421800948,0,0,0.885057471264368,0.771875,0.582539682539683,0,0.605095541401274,0,0.181380417335474,0.115323854660348,0.771929824561403,0.741835147744946,0,0.65751211631664,0.469745222929936,0.258373205741627,0.157164869029276,0.340625,0.887301587301587,0.124797406807131,0.0814696485623003,0.108414239482201,0,0.122670807453416,0,0.108239095315024,0.86677367576244,0.536115569823435,0,0,0.284345047923323,0.178170144462279,0.157320872274143,0.386398763523957,0.879204892966361,0.89540412044374,0.252006420545746,0.25077399380805,0,0.883280757097792,0.127388535031847,0,0.13474025974026,0.16380655226209,0.872,0.0062992125984252,0.887301587301587,0.107981220657277,0.567524115755627,0.824476650563607,0.818181818181818,0.825196850393701,0.413290113452188,0.984350547730829,0.110759493670886,0,0.366987179487179,0.137984496124031,0,0,0.888208269525268,0,0.887323943661972,0.117554858934169,0.388524590163934,0.885807504078303,0.881789137380192,0.544303797468354,0.144215530903328,0.713405238828968,0.00784929356357928,0.891089108910891,0.0522875816993464,0.00794912559618442,0,0.723472668810289,0.889060092449923,0.897271268057785,0.876755070202808,0.889589905362776,0.00807754442649435,0.0063391442155309,0.886255924170616,0.0063391442155309,0.00320512820512821,0.0264797507788162,0.00619195046439629,0.00946372239747634,0.891509433962264,0.0112,0.885,0.887459807073955,0.00484652665589661,0.889589905362776,0.0402476780185759,0.891509433962264,0.82484076433121,0.893617021276596,0.892455858747994
"475",0.489864864864865,0.485342019543974,0.479871175523349,0.499168053244592,0.467116357504216,0.469491525423729,0.515702479338843,0.491027732463295,0.4912,0,0.485294117647059,0,0.557213930348259,0.50584307178631,0.517857142857143,0.527687296416938,0,0.00504201680672269,0.478040540540541,0.492610837438424,0.564935064935065,0.516074450084602,0.501633986928105,0,0.513687600644122,0.624172185430464,0.598993288590604,0.487603305785124,0.627228525121556,0.560260586319218,0.498392282958199,0.557723577235772,0.560530679933665,0.698517298187809,0,0.477272727272727,0.00970873786407767,0.485483870967742,0.608557844690967,0.511290322580645,0,0.00635930047694754,0,0.466115702479339,0.547738693467337,0.530988274706868,0.667752442996743,0.52396694214876,0.585874799357945,0.576489533011272,0,0.484702093397746,0.582236842105263,0.476190476190476,0.499184339314845,0.561461794019934,0,0.521381578947368,0.487961476725522,0.512820512820513,0.793159609120521,0.634028892455859,0.531456953642384,0,0.508389261744966,0.537459283387622,0,0.484349258649094,0,0.513071895424837,0.569131832797428,0.514754098360656,0.540362438220758,0.484602917341977,0,0.608,0.529032258064516,0.636215334420881,0.512396694214876,0.582167832167832,0,0.574675324675325,0.590690208667737,0.478605388272583,0.548281505728314,0.531400966183575,0.481540930979133,0.512987012987013,0.492845786963434,0.00321027287319422,0.498355263157895,0.471636952998379,0,0,0.505942275042445,0,0.553054662379421,0.478688524590164,0,0,0.552459016393443,0,0.605960264900662,0.484349258649094,0.553772070626003,0.486622073578595,0.0033167495854063,0.483606557377049,0.523809523809524,0.513029315960912,0.512234910277325,0.509803921568627,0.57331136738056,0.486928104575163,0,0.482142857142857,0.577922077922078,0,0.527093596059113,0.687813021702838,0,0.580165289256198,0.590082644628099,0.606365159128978,0.494290375203915,0.658536585365854,0.489891135303266,0.469354838709677,0,0.574257425742574,0.527182866556837,0.688333333333333,0.477386934673367,0,0.479338842975207,0.522222222222222,0,0.603305785123967,0.612850082372323,0.566889632107023,0,0,0.476499189627229,0.613223140495868,0.593023255813954,0.489256198347107,0.505785123966942,0.487961476725522,0.568333333333333,0.479166666666667,0.567062818336163,0.46481178396072,0.482587064676617,0.543548387096774,0.485436893203884,0.50584307178631,0.472402597402597,0.526666666666667,0,0.583196046128501,0.503184713375796,0.5,0.521739130434783,0,0.4848,0.554635761589404,0.479131886477462,0.482815057283142,0.482142857142857,0.686028257456829,0.49512987012987,0.509151414309484,0.517628205128205,0.5234375,0.5,0.656451612903226,0,0.492730210016155,0,0.54071661237785,0.491027732463295,0.574225122349103,0.48371335504886,0.505691056910569,0.487538940809969,0.495161290322581,0.549019607843137,0.569823434991974,0.532125205930807,0.53125,0.545602605863192,0.511326860841424,0.492487479131886,0.509031198686371,0,0,0.62046204620462,0,0.475667189952904,0.557692307692308,0.518394648829431,0.575364667747164,0.483037156704362,0.611570247933884,0.678048780487805,0.610561056105611,0.487520798668885,0.492659053833605,0.484602917341977,0,0.546341463414634,0.580101180438449,0.510815307820299,0.504918032786885,0.537096774193548,0.566445182724252,0.487562189054726,0.491961414790997,0.522801302931596,0.472491909385113,0.542207792207792,0,0.575856443719413,0.617363344051447,0.483443708609272,0,0.495176848874598,0.49211356466877,0.575907590759076,0.52442996742671,0.496742671009772,0.49415692821369,0.584843492586491,0,0.5,0.589614740368509,0.494077834179357,0.508914100486224,0.491056910569106,0.486754966887417,0.478688524590164,0.501650165016502,0.577302631578947,0.517355371900826,0.488333333333333,0.698541329011345,0.51993620414673,0.505511811023622,0.549248747913189,0.520593080724876,0.565436241610738,0.544426494345719,0.51685393258427,0.529315960912052,0.519417475728155,0.574603174603175,0.510743801652893,0.486842105263158,0.00338409475465313,0.52124183006536,0,0.557404326123128,0.494077834179357,0.482701812191104,0.547231270358306,0,0.491666666666667,0.52588996763754,0.580226904376013,0.5787728026534,0.548013245033113,0.685524126455907,0.00324675324675325,0.473770491803279,0.539325842696629,0.552941176470588,0.501666666666667,0.533011272141707,0.566558441558442,0.528548123980424,0.547504025764895,0.492776886035313,0.493288590604027,0.518272425249169,0,0.578606158833063,0.490131578947368,0,0.515974440894569,0.504051863857374,0.478048780487805,0,0.519872813990461,0.509090909090909,0.489112227805695,0.519134775374376,0.514285714285714,0,0.581168831168831,0.495867768595041,0.526484751203852,0.577235772357724,0.585284280936455,0.487765089722675,0.520967741935484,0.49438202247191,0.490228013029316,0.512355848434926,0.491883116883117,0.495826377295493,0.502504173622704,0.494233937397035,0.63562091503268,0.586429725363489,0.601957585644372,0.488333333333333,0.488135593220339,0.0181518151815182,0.681135225375626,0.498366013071895,0.621311475409836,0.662440570522979,0.476499189627229,0.488215488215488,0.504966887417219,0.62046204620462,0.485576923076923,0.683946488294314,0.4944,0.478547854785479,0,0.5829307568438,0.560330578512397,0.524509803921569,0.0161550888529887,0.525040387722132,0.512987012987013,0.52741935483871,0.507293354943274,0,0.674193548387097,0.482084690553746,0.539967373572594,0.489830508474576,0.505691056910569,0.498344370860927,0.603333333333333,0.606779661016949,0.617021276595745,0.557627118644068,0,0.560897435897436,0.519354838709677,0.521809369951535,0.590032154340836,0.485996705107084,0.529220779220779,0,0.583468395461912,0.524834437086093,0.530081300813008,0.561779242174629,0.474464579901153,0.560606060606061,0.479661016949153,0.507487520798669,0,0.484375,0.507269789983845,0.481421647819063,0.564569536423841,0.502504173622704,0.512355848434926,0.489533011272142,0.497553017944535,0.508305647840532,0.553333333333333,0.52442996742671,0.505654281098546,0.485294117647059,0.610561056105611,0.5,0.489566613162119,0.52931854199683,0.540901502504174,0.476510067114094,0.481907894736842,0.593192868719611,0.517741935483871,0.496655518394649,0.506472491909385,0.494435612082671,0,0.54606365159129,0.5,0.520593080724876,0,0.501644736842105,0.00166112956810631,0.56,0.482982171799028,0.472727272727273,0,0.571428571428571,0.649916247906198,0.519071310116086,0.51077943615257,0.536256323777403,0.466442953020134,0.631490787269682,0.597381342062193,0.545454545454545,0,0.586319218241042,0.485049833887043,0.486970684039088,0.644122383252818,0.478048780487805,0.490333919156415,0.528363047001621,0.00161030595813205,0.494308943089431,0.487844408427877,0.498327759197324,0.592,0.528428093645485,0.5,0.682410423452769,0.557858376511226,0,0.646076794657763,0.791461412151067,0.609951845906902,0,0.565436241610738,0.494271685761047,0.63036303630363,0.567524115755627,0.552884615384615,0,0,0.481132075471698,0.508828250401284,0,0.507293354943274,0.00337837837837838,0,0,0.472727272727273,0,0.492537313432836,0.545901639344262,0.578525641025641,0.475040257648953,0,0,0.490998363338789,0.509523809523809,0.597087378640777,0.523424878836834,0,0.499205087440382,0.596434359805511,0.488599348534202,0.63562091503268,0.566006600660066,0,0.495081967213115,0.511744966442953,0.497504159733777,0.547738693467337,0,0.507936507936508,0.563237774030354,1,0.485197368421053,0,0.491171749598716,0.488636363636364,0.466882067851373,0,0.530377668308703,0.530508474576271,0.506688963210702,0.478260869565217,0.468051118210863,0.542949756888169,0.482815057283142,0.600323624595469,0.54071661237785,0.514096185737977,0.549248747913189,0.506578947368421,0.0033003300330033,0.506644518272425,0.496794871794872,0.523887973640857,0.606666666666667,0.548494983277592,0,0.561488673139159,0.547297297297297,0.595432300163132,0.501623376623377,0.530377668308703,0.606158833063209,0.684210526315789,0.512861736334405,0.507317073170732,0.501644736842105,0.597063621533442,0,0.487012987012987,0.51207729468599,0.506535947712418,0.584175084175084,0.512861736334405,0.49025974025974,0.489112227805695,0.483498349834984,0.617940199335548,0.489184692179701,0.549248747913189,0.579378068739771,0.509001636661211,0.523577235772358,0,0,0.485342019543974,0.506734006734007,0.522727272727273,0.486798679867987,0.500815660685155,0.591503267973856,0.495854063018242,0.567880794701987,0.496012759170654,0,0.501666666666667,0.562604340567613,0.487844408427877,0.490968801313629,0,0.607843137254902,0.490066225165563,0.518211920529801,0.578859060402685,0.577487765089723,0.576190476190476,0.591433278418451,0.503961965134707,0.531847133757962,0.48135593220339,0.477491961414791,0.487844408427877,0.579831932773109,0.534539473684211,0.490998363338789,0.480891719745223,0.00161030595813205,0.574225122349103,0.964110929853181,0.568852459016393,0.54679802955665,0.495826377295493,0.511705685618729,0.490228013029316,0.12540192926045,0.51027397260274,0,0.543371522094926,0.511627906976744,0.51628664495114,0.564144736842105,0,0.505672609400324,0.51559934318555,0.473083197389886,0.495145631067961,0.561779242174629,0.520325203252033,0,0,0.576271186440678,0.57516339869281,0.571194762684124,0,0.517184942716858,0.469551282051282,0.228209191759113,0.611202635914333,0.475328947368421,0.577922077922078,0.494290375203915,0.567479674796748,0.557877813504823,0,0.487341772151899,0.613065326633166,0.596091205211726,0.497607655502392,0.476947535771065,0.585924713584288,0.00485436893203883,0.5,0.49685534591195,0,0.499205087440382,0.532679738562091,0.494983277591973,0.660655737704918,0,0.00328407224958949,0.613945578231292,0.529411764705882,0.528363047001621,0.560200668896321,0.00326797385620915,0,0.529505582137161,0.537437603993344,0.487972508591065,0.578274760383387,0.477491961414791,0.521739130434783,0.687908496732026,0.618421052631579,0.516778523489933,0.575296108291032,0.498402555910543,0,0.57,0,0.497607655502392,0.450420168067227,0.472929936305732,0.522388059701492,0.480263157894737,0,0.563492063492063,0.619205298013245,0.467661691542289,0,0.481012658227848,0,0.575,0.487138263665595,0,0.566558441558442,0.492561983471074,0.588429752066116,0.495812395309883,0.541935483870968,0,0.486088379705401,0.575456053067993,0,0.57097288676236,0.508661417322835,0.51628664495114,0.481605351170569,0.475,0.474603174603175,0.486312399355878,0.491666666666667,0,0.489396411092985,0.00814332247557003,0.5810147299509,0.570491803278689,0.491776315789474,0.493399339933993,0.494417862838915,0.486443381180223,0.05,0.516393442622951,0.481099656357388,0.51219512195122,0.619512195121951,0.490998363338789,0.48,0.499186991869919,0,0,0.49144634525661,0,0.56514657980456,0,0.486133768352365,0.559322033898305,0.61371237458194,0.555555555555556,0.525619834710744,0.00162866449511401,0.560855263157895,0.470967741935484,0.490353697749196,0.555016181229773,0.604724409448819,0.606201550387597,0.551669316375199,0.618892508143323,0.516233766233766,0.564935064935065,0.579378068739771,0.694444444444444,0.601307189542484,0.511400651465798,0,0.504934210526316,0.572390572390572,0.467116357504216,0.509771986970684,0.591125198098257,0.635772357723577,0.511146496815287,0.4752,0.508445945945946,0.493333333333333,0.503322259136213,0.475873544093178,0.572131147540984,0.566284779050736,0.477537437603993,0.522151898734177,0.518110236220472,0.505691056910569,0.00327868852459016,0.504792332268371,0.523424878836834,0,0.598319327731092,0,0.505747126436782,0,0.49185667752443,0.476268412438625,0.520325203252033,0.545161290322581,0.485530546623794,0.57286432160804,0.553191489361702,0.521594684385382,0,0,0.523728813559322,0.50314465408805,0.479099678456592,0,0,0.523255813953488,0.675718849840256,0.676375404530744,0,0.577487765089723,0,0.531914893617021,0.475873544093178,0.554635761589404,0.596091205211726,0,0.584158415841584,0.629934210526316,0.509708737864078,0.491283676703645,0.533117932148627,0.513866231647635,0.486531986531987,0.0573770491803279,0.483277591973244,0,0.484751203852327,0.00162074554294976,0.475,0.543189368770764,0.32,0,0,0.538087520259319,0.515966386554622,0.502439024390244,0.608974358974359,0.522906793048973,0.522537562604341,0.584967320261438,0.528089887640449,0,0.504966887417219,0.50814332247557,0,0.486577181208054,0.494470774091627,0.583196046128501,0.00977198697068404,0.514802631578947,0.484076433121019,0.550335570469799,0.558823529411765,0.568760611205433,0.5328,0.586378737541528,0.553571428571429,0.48019801980198,0,0.583193277310924,0.48772504091653,0,0,0.515055467511886,0,0.51063829787234,0.482142857142857,0.735537190082645,0.505067567567568,0.522388059701492,0.555740432612313,0.480737018425461,0.628289473684211,0.0143769968051118,0.510033444816054,0.0383333333333333,0.00988467874794069,0,0.433835845896147,0.521739130434783,0.513201320132013,0.524271844660194,0.518638573743922,0.0197368421052632,0.0210696920583468,0.487684729064039,0.00991735537190083,0.00168350168350168,0.0261011419249592,0.0129659643435981,0.0193236714975845,0.508196721311475,0.0161030595813204,0.527182866556837,0.495921696574225,0.0146341463414634,0.504091653027823,0.0372771474878444,0.513029315960912,0.491776315789474,0.517295597484277,0.513029315960912
"476",0.973228346456693,0.973561430793157,0.94435857805255,0.925396825396825,0.963081861958267,0.976152623211447,0.881064162754304,0.950310559006211,0.972350230414747,0,0.972307692307692,0.0015600624024961,0.57032457496136,0.973186119873817,0.062015503875969,0.0371517027863777,0,0.0156494522691706,0.968304278922345,0.956723338485317,0.17737003058104,0.0579710144927536,0.967741935483871,0.00154559505409583,0.926791277258567,0.272583201267829,0.12788906009245,0.974481658692185,0.473524962178517,0.683153013910355,0.0322085889570552,0.674922600619195,0.761310452418097,0.307210031347962,0.00154559505409583,0.968798751950078,0.021978021978022,0.972519083969466,0.264437689969605,0.895545314900154,0.00317965023847377,0.0153609831029186,0.0061633281972265,0.973058637083994,0.7792,0.0503937007874016,0.508607198748044,0.0232919254658385,0.472809667673716,0.158295281582953,0.00154320987654321,0.968503937007874,0.284389489953632,0.972049689440994,0.861417322834646,0.179775280898876,0.00161812297734628,0.942307692307692,0.938271604938272,0.889739663093415,0.31055900621118,0.440494590417311,0.0266457680250784,0.00155763239875389,0.8704,0.818320610687023,0,0.958074534161491,0.00157232704402516,0.0286168521462639,0.840978593272171,0.034375,0.0463678516228748,0.967741935483871,0.00153139356814701,0.710166919575114,0.0690184049079755,0.580547112462006,0.879173290937997,0.284779050736498,0.00157728706624606,0.69969040247678,0.224270353302611,0.970858895705521,0.134069400630915,0.888036809815951,0.968895800933126,0.955315870570108,0.96594427244582,0.00907715582450832,0.963836477987421,0.970496894409938,0.00158478605388273,0.00153846153846154,0.951456310679612,0.00154083204930663,0.324031007751938,0.957878315132605,0.00613496932515337,0.0078740157480315,0.611455108359133,0.00153139356814701,0.293103448275862,0.970172684458399,0.11280487804878,0.977848101265823,0.0093603744149766,0.9515625,0.028169014084507,0.0342146189735614,0.0334855403348554,0.8921875,0.347352024922118,0.970219435736677,0,0.96793893129771,0.695102685624013,0,0.0245022970903522,0.251956181533646,0.00151285930408472,0.7601246105919,0.262751159196291,0.0988835725677831,0.959752321981424,0.164901664145234,0.96594427244582,0.973886328725038,0.0015625,0.539170506912442,0.921630094043887,0.503154574132492,0.981012658227848,0.00154798761609907,0.965023847376789,0.0430769230769231,0.0015527950310559,0.237717908082409,0.613953488372093,0.520634920634921,0.00159235668789809,0.00160513643659711,0.965571205007825,0.759433962264151,0.192616372391653,0.973186119873817,0.0375586854460094,0.90527950310559,0.428571428571429,0.957639939485628,0.154574132492114,0.9609375,0.971383147853736,0.826687116564417,0.96594427244582,0.0286168521462639,0.97360248447205,0.0252365930599369,0.00154798761609907,0.735109717868339,0.855384615384615,0.956521739130435,0.0476190476190476,0.00152671755725191,0.967741935483871,0.447284345047923,0.970873786407767,0.968895800933126,0.972179289026275,0.295180722891566,0.962616822429907,0.0279937791601866,0.925981873111782,0.0259146341463415,0.875776397515528,0.383775351014041,0,0.962616822429907,0.00155038759689922,0.834108527131783,0.971742543171115,0.141509433962264,0.9625,0.925925925925926,0.968468468468468,0.951219512195122,0.118195956454121,0.378048780487805,0.921348314606742,0.9296,0.0758513931888545,0.03125,0.955108359133127,0.844236760124611,0.00150375939849624,0.0015600624024961,0.314465408805031,0.00155038759689922,0.972265023112481,0.276335877862595,0.86031746031746,0.748103186646434,0.973966309341501,0.447784810126582,0.448916408668731,0.304761904761905,0.900158478605388,0.935837245696401,0.861963190184049,0.00160513643659711,0.863207547169811,0.194489465153971,0.931746031746032,0.0250783699059561,0.0896656534954407,0.548183254344392,0.950769230769231,0.958778625954198,0.815047021943574,0.972265023112481,0.886614173228346,0,0.095679012345679,0.673282442748092,0.969889064976228,0,0.966153846153846,0.954819277108434,0.541795665634675,0.5625,0.961059190031153,0.971608832807571,0.383647798742138,0.00158478605388273,0.867781155015198,0.519685039370079,0.94620253164557,0.0290519877675841,0.938066465256798,0.964230171073095,0.976708074534162,0.929022082018927,0.526717557251908,0.0301109350237718,0.952160493827161,0.535603715170279,0.0316265060240964,0.0259541984732824,0.227629513343799,0.0266875981161695,0.17524115755627,0.670750382848392,0.0248833592534992,0.0245775729646697,0.0372093023255814,0.592024539877301,0.0604133545310016,0.966772151898734,0.00950871632329636,0.027906976744186,0.00154320987654321,0.232594936708861,0.977848101265823,0.962790697674419,0.894245723172628,0,0.85828025477707,0.842266462480858,0.666146645865835,0.59253499222395,0.455259026687598,0.469096671949287,0.0107692307692308,0.974603174603175,0.11609907120743,0.6848,0.940809968847352,0.0382262996941896,0.731895223420647,0.0292307692307692,0.154907975460123,0.969512195121951,0.97588424437299,0.874203821656051,0.00150602409638554,0.635384615384615,0.865625,0.00154083204930663,0.0294117647058824,0.874425727411945,0.963549920760697,0,0.028169014084507,0.0245775729646697,0.95748031496063,0.8625,0.0271132376395534,0.0015552099533437,0.402476780185758,0.969936708860759,0.775075987841945,0.404320987654321,0.649921507064364,0.941807044410414,0.0403100775193798,0.971168437025797,0.974882260596546,0.0328125,0.948678071539658,0.973228346456693,0.94888178913738,0.968895800933126,0.203149606299213,0.31937984496124,0.293478260869565,0.954041204437401,0.908507223113965,0.0471841704718417,0.279809220985692,0.953125,0.176377952755906,0.319340329835082,0.970903522205207,0.969135802469136,0.954828660436137,0.693037974683544,0.96793893129771,0.261829652996845,0.955453149001536,0.969936708860759,0.00159235668789809,0.331804281345566,0.554675118858954,0.0482866043613707,0.0510835913312693,0.0273972602739726,0.892523364485981,0.0519877675840979,0.0234375,0.00152439024390244,0.247663551401869,0.968404423380727,0.0945736434108527,0.966292134831461,0.947368421052632,0.965891472868217,0.309262166405024,0.310789049919485,0.67981072555205,0.471544715447154,0.00153139356814701,0.827371695178849,0.0380517503805175,0.0611620795107034,0.21183800623053,0.972843450479233,0.0249221183800623,0.00155038759689922,0.344615384615385,0.0381679389312977,0.0441640378548896,0.474842767295597,0.970125786163522,0.292604501607717,0.969205834683955,0.93953488372093,0,0.968842729970326,0.0243161094224924,0.974320241691843,0.832307692307692,0.97741935483871,0.0373250388802488,0.953703703703704,0.0216383307573416,0.863777089783282,0.7008,0.928125,0.965625,0.967238689547582,0.302936630602782,0.940184049079755,0.96969696969697,0.0260336906584992,0.0479134466769706,0.979591836734694,0.972434915773354,0.339563862928349,0.860681114551084,0.948220064724919,0.928348909657321,0.974006116207951,0.00160771704180064,0.125786163522013,0.972350230414747,0.0297805642633229,0.00159235668789809,0.944794952681388,0.0110410094637224,0.071656050955414,0.972727272727273,0.948757763975155,0.00469483568075117,0.622848200312989,0.43730407523511,0.9584,0.023961661341853,0.85243328100471,0.968102073365231,0.386687797147385,0.602167182662539,0.767441860465116,0.00157728706624606,0.18408736349454,0.950715421303657,0.969889064976228,0.447040498442368,0.978361669242658,0.960461285008237,0.0538461538461538,0.00308166409861325,0.966205837173579,0.966876971608833,0.938775510204082,0.689497716894977,0.0327102803738318,0.846511627906977,0.2557781201849,0.184339314845024,0.0060790273556231,0.616352201257862,0.595813204508857,0.610091743119266,0.00153846153846154,0.291139240506329,0.888888888888889,0.63677811550152,0.507645259938838,0.10207100591716,0.0015220700152207,0.00151745068285281,0.973451327433628,0.949152542372881,0.00154083204930663,0.898753894080997,0.00635930047694754,0.00151975683890578,0.00158982511923688,0.9640625,0.00155038759689922,0.97258064516129,0.76049766718507,0.522205206738132,0.969230769230769,0.00156985871271586,0.00159489633173844,0.967391304347826,0.93587786259542,0.729646697388633,0.0307219662058372,0.00317460317460317,0.86,0.596302003081664,0.981132075471698,0.531587057010786,0.348982785602504,0.00156739811912226,0.961300309597523,0.0271132376395534,0.939968404423381,0.123613312202853,0.00154559505409583,0.036144578313253,0.129890453834116,0.485197368421053,1,0.00154320987654321,0.933130699088146,0.953632148377125,0.967840735068913,0.00157728706624606,0.0995260663507109,0.910743801652893,0.0337078651685393,0.968992248062015,0.975683890577508,0.031055900621118,0.972685887708649,0.309597523219814,0.789147286821705,0.0363924050632911,0.185243328100471,0.948995363214838,0.00941915227629513,0.025,0.95398773006135,0.0334928229665072,0.655502392344498,0.383411580594679,0.00153609831029186,0.134259259259259,0.726415094339623,0.276661514683153,0.95625,0.0249609984399376,0.167927382753404,0.467532467532468,0.946401225114854,0.871212121212121,0.939252336448598,0.744514106583072,0.00157728706624606,0.954268292682927,0.0276073619631902,0.936630602782071,0.399361022364217,0.024390243902439,0.975077881619938,0.97339593114241,0.978056426332288,0.623639191290824,0.960876369327074,0.15625,0.202852614896989,0.92846034214619,0.864485981308411,0.00151975683890578,0.00157728706624606,0.998422712933754,0.921996879875195,0.0391236306729265,0.957547169811321,0.962962962962963,0.374608150470219,0.910685805422648,0.719936708860759,0.871362940275651,0,0.953125,0.352484472049689,0.9703125,0.973765432098765,0.00152905198776758,0.637931034482759,0.949286846275753,0.0218068535825545,0.681388012618297,0.399688958009331,0.784431137724551,0.673015873015873,0.935338345864662,0.102564102564103,0.955696202531646,0.975,0.961180124223602,0.316720257234727,0.108150470219436,0.965408805031447,0.972265023112481,0.00906344410876133,0.776234567901235,0.45679012345679,0.278816199376947,0.7484375,0.970404984423676,0.871069182389937,0.976599063962558,0.128284389489954,0.0243111831442464,0.00152439024390244,0.812693498452012,0.0268562401263823,0.0264385692068429,0.29320987654321,0,0.970496894409938,0.899543378995434,0.97045101088647,0.975384615384615,0.108320251177394,0.0298273155416013,0.00150602409638554,0,0.192789968652038,0.0977917981072555,0.205607476635514,0.0015600624024961,0.0245398773006135,0.970219435736677,0.0167682926829268,0.307814992025518,0.977635782747604,0.580495356037152,0.949843260188088,0.643835616438356,0.629800307219662,0.00154320987654321,0.971976401179941,0.403149606299213,0.501572327044025,0.903030303030303,0.969325153374233,0.3984375,0.00928792569659443,0.933962264150943,0.937404580152672,0,0.972477064220184,0.0411585365853659,0.969404186795491,0.450769230769231,0,0.00918836140888208,0.520458265139116,0.817757009345794,0.0289193302891933,0.160771704180064,0.0108695652173913,0.00161290322580645,0.724659606656581,0.0451713395638629,0.978896103896104,0.333841463414634,0.966309341500766,0.0275650842266462,0.38828967642527,0.331746031746032,0.851437699680511,0.128410914927769,0.0295489891135303,0.00310077519379845,0.0602218700475436,0,0.968325791855204,0.0525477707006369,0.956259426847662,0.0314465408805031,0.972402597402597,0.0015527950310559,0.522342064714946,0.468454258675079,0.968944099378882,0.00159744408945687,0.972602739726027,0.00157728706624606,0.391653290529695,0.964506172839506,0.00151975683890578,0.637904468412943,0.9504,0.733755942947702,0.936507936507937,0.0653495440729483,0.00155763239875389,0.973561430793157,0.280952380952381,0.00153374233128834,0.666666666666667,0.0269461077844311,0.0442073170731707,0.968503937007874,0.9734375,0.983257229832572,0.970588235294118,0.9796875,0.00156494522691706,0.942989214175655,0.0199386503067485,0.363774733637747,0.303875968992248,0.97239263803681,0.97045101088647,0.96594427244582,0.960061443932412,0.0609375,0.0432,0.960191082802548,0.93944099378882,0.713846153846154,0.959564541213064,0.970542635658915,0.952453987730061,0.00154798761609907,0.00154320987654321,0.952732644017725,0.00151975683890578,0.0802469135802469,0.00158227848101266,0.934883720930233,0.296,0.217252396166134,0.145285935085008,0.888198757763975,0,0.127527216174184,0.969135802469136,0.975270479134467,0.625585023400936,0.424287856071964,0.229508196721311,0.203313253012048,0.648985959438378,0.0276497695852535,0.132398753894081,0.546031746031746,0.283018867924528,0.702160493827161,0.0345368916797488,0.0015748031496063,0.026813880126183,0.33974358974359,0.97427652733119,0.622496147919877,0.228787878787879,0.619047619047619,0.866153846153846,0.960244648318043,0.9328,0.954330708661417,0.973101265822785,0.967238689547582,0.544049459041731,0.416796267496112,0.968404423380727,0.0287443267776097,0.0343796711509716,0.859375,0.0122887864823349,0.971080669710807,0.944012441679627,0.00157232704402516,0.130016051364366,0.0015552099533437,0.943127962085308,0,0.957943925233645,0.973561430793157,0.0309597523219814,0.81733746130031,0.975794251134644,0.651968503937008,0.622900763358779,0.859621451104101,0,0.00157232704402516,0.913398692810457,0.924219910846954,0.969040247678019,0.00153139356814701,0.00154559505409583,0.0221169036334913,0.255707762557078,0.511664074650078,0.0015748031496063,0.449685534591195,0.00154320987654321,0.914826498422713,0.973520249221184,0.178343949044586,0.257229832572298,0.00151745068285281,0.355799373040752,0.589703588143526,0.85202492211838,0.949230769230769,0.763076923076923,0.0262751159196291,0.9616,0.0189274447949527,0.971428571428571,0.00158227848101266,0.957251908396947,0.00782472613458529,0.969305331179321,0.0404984423676012,0.0188679245283019,0.00154798761609907,0.00157232704402516,0.8109375,0.906940063091483,0.920122887864823,0.710166919575114,0.0468986384266263,0.0362204724409449,0.815789473684211,0.834355828220859,0,0.0393081761006289,0.946624803767661,0.00153139356814701,0.960505529225908,0.939346811819596,0.0882352941176471,0.0401234567901235,0.0218408736349454,0.969135802469136,0.464630225080386,0.0984375,0.123003194888179,0.139280125195618,0.684210526315789,0.118827160493827,0.97196261682243,0.00157232704402516,0.762951334379906,0.955384615384615,0.0031496062992126,0.00156985871271586,0.0239520958083832,0.00156985871271586,0.0246913580246914,0.969040247678019,0.726114649681529,0.0285714285714286,0.031104199066874,0.538461538461538,0.937799043062201,0.440860215053763,0.0476923076923077,0.025518341307815,0.0559105431309904,0.0215384615384615,0.00155763239875389,0.0388802488335925,0.0335365853658537,0.0204081632653061,0.0385208012326656,0.0262345679012346,0.0482866043613707,0.0539291217257319,0.0447530864197531,0.0233281493001555,0.00792393026941363,0.03125,0.0265210608424337,0.0559006211180124,0.0297339593114241,0.0232558139534884,0.0254777070063694,0.0313971742543171,0.0449612403100775,0.0324574961360124,0.0288315629742033,0.0277777777777778,0.057542768273717,0.0239520958083832,0.0235109717868339
"477",0,0,0,0,0,0,0.015625,0.00154320987654321,0,1,0,1,0,0,0,0,1,0.982785602503912,0,0,0,0,0,1,0,0,0,0.00158730158730159,0,0,0,0,0.00158227848101266,0,1,0,0.975497702909648,0,0,0,1,0.981566820276498,0.993865030674847,0,0,0,0,0,0,0,1,0,0,0,0.0157977883096366,0,1,0,0.00303030303030303,0,0,0,0,1,0,0,1,0,1,0,0,0,0,0,1,0.00149925037481259,0,0,0.0016,0,1,0,0,0,0,0,0,0,0.00306278713629403,0.987823439878234,0,0,1,1,0,1,0.0154559505409583,0,0.992223950233281,0.990610328638498,0.0126382306477093,1,0,0,0,0,0.989079563182527,0.0031201248049922,0,0,0,0.0172143974960876,0,0,1,0,0,1,0,0,1,0.0015748031496063,0,0,0,0,0,0,1,0.00771604938271605,0,0,0,1,0,0,1,0,0,0.00798722044728434,1,1,0,0,0,0,0,0,0,0,0,0,0,0,0,0,0,0,1,0,0.00606060606060606,0,0,1,0,0,0,0,0,0,0,0,0,0,0.00317460317460317,0,1,0,1,0,0,0,0,0,0,0,0,0,0,0,0,0,0,0.0251968503937008,1,1,0,1,0,0,0.0141955835962145,0,0,0,0,0,0,0,0.00151285930408472,1,0,0,0,0,0,0.00461538461538462,0,0,0.00156494522691706,0,0,1,0,0,0,1,0,0,0.0061633281972265,0,0,0,0.0173228346456693,1,0.0166414523449319,0,0,0,0,0,0,0,0,0,0,0,0,0,0,0,0,0,0,0,0,0,0,0,0.988993710691824,0,1,0.00311526479750779,0,0,0,1,0.00159744408945687,0,0,0,0,0,0.989230769230769,0,0,0,0,0,0,0,0,0,0,0.0159235668789809,1,0,0.0187207488299532,1,0,0.0167427701674277,0.0015600624024961,1,0,0,0,0,0,1,0.0155038759689922,0,0,0,0,0,0,0,0,0,0,0,0,0,0,0,0,0.00316957210776545,0,0.953703703703704,0,0,0,0,0,0,0,0,0,0,0,0,1,0,0.00949367088607595,0,0.947286821705426,0,0,0,0,1,0,0,0,0,0,0,0,0,0,0,1,0,0,0,0,0,0,1,0,0,0,0.00312989045383412,0,0,0,0,1,0,0,0,0,0,0,0,0,0,0,0,0,0.0031104199066874,0,0,0,0,0,0,0,0,0,0,0,0,1,0,0,0,1,0,0.988817891373802,0,0,0,0.996850393700787,0.0107692307692308,0,0,0,0,0,0,0,0,1,0,0.00159489633173844,0,0,0,0,0,0.998442367601246,0,0,0,0,0,0.00627943485086342,0,0.0115131578947368,0.993808049535604,0,0,0,1,0,0.0015600624024961,0,0,0,1,1,0,0,1,0,0.989079563182527,1,1,0,1,0,0.0015552099533437,0.00759878419452888,0,1,1,0,0,0,0,0.996774193548387,0.021505376344086,0,0,0,0,1,0,0,0.00156739811912226,0,1,0,0,0,0.00154320987654321,1,0,0,0,1,0,0,0,0,0,0,0,0,0,0,0.00159235668789809,0,0.990536277602524,0,0,0,0,0.0125588697017268,1,0,0.00319488817891374,0,0,0,0,0,0,0,0,0,1,0,0,0,0.00478468899521531,0,0,0,0,0,0,0,0,0,0.0170807453416149,1,1,0,0,0,0,0,0,0,0,0.0183206106870229,1,0,0.0141732283464567,0,0,1,0,0,0,0.00158478605388273,0,0,0,0,0,0.00318471337579618,0,0,0.0128410914927769,0.0230061349693252,0,0,0.992343032159265,0,0,0,0,0,0,0,0.773643410852713,0,1,0.00155763239875389,0,0,0,1,0,0,0,0,0,0,1,1,0,0,0,1,0,0,0.554198473282443,0,0,0.0107692307692308,0,0,0,1,0,0,0,0.0060790273556231,0,0,0.99075500770416,0,0,1,0.00150829562594268,0,0,0,1,0.992211838006231,0,0,0,0,0.989113530326594,1,0,0,0,0,0,0,0,0,0.00637958532695375,0,0,0.998435054773083,0,1,0,0.143540669856459,0.00150829562594268,0,0,1,0,0,0,1,0,1,0,0,1,0.0215384615384615,0,0,0.00158478605388273,0,1,0,0,1,0,0,0,0,0,0,0.003125,0.0015748031496063,1,0,0.975460122699387,0.016793893129771,0,0,0,0,0,0.913657770800628,0,0,0,0,0,0,0,1,1,0,1,0,0.998435054773083,0,0,0,0,0,0.998454404945904,0,0,0,0,0,0,0,0,0,0,0,0,0,0,1,0,0.0158478605388273,0,0.0337941628264209,0,0,0.00623052959501558,0,0.00161030595813205,0,0,0,0,0,0,0,0,0.0031201248049922,0.989180834621329,0,0,1,0,1,0,1,0,0,0,0,0,0.00157977883096367,0,0.0223642172523962,1,1,0,0,0,1,1,0,0,0,1,0,1,0,0,0.0330188679245283,0,1,0,0,0,0,0,0,0,0.896551724137931,0,1,0,0.990668740279938,0,0,0.358609794628752,1,1,0.00154559505409583,0,0.0106544901065449,0,0,0,0,0,1,0,0,1,0,0,0,0.95679012345679,0,0,0,0,0,0,0,0,0,1,0,0,0.995275590551181,1,0,1,0,0,0,0,0,0.00634920634920635,0.00476947535771065,0,0.953242835595777,0,0.89968152866242,0.97196261682243,1,0.149068322981366,0,0,0.00464396284829721,0,0.951104100946372,0.944954128440367,0,0.97339593114241,0.992125984251969,0.947449768160742,0.970542635658915,0.94488188976378,0,0.967441860465116,0,0,0.952305246422893,0,0.924012158054711,0,0.05,0,0
"478",0.945736434108527,0.948170731707317,0.965413533834587,0.951334379905808,0.956318252730109,0.957210776545166,0.892307692307692,0.950844854070661,0.948406676783004,0,0.952095808383233,0,0.61280487804878,0.953125,0.0949464012251149,0.0589123867069486,0,0.0139318885448916,0.94794952681388,0.946236559139785,0.21580547112462,0.0857142857142857,0.943854324734446,0,0.922960725075529,0.298136645962733,0.149460708782743,0.949764521193093,0.489520958083832,0.698340874811463,0.050520059435364,0.728943338437979,0.783076923076923,0.327666151468315,0,0.951070336391437,0.0166414523449319,0.945205479452055,0.293255131964809,0.874813710879285,0.00154320987654321,0.0136570561456753,0.00604229607250755,0.949308755760369,0.836220472440945,0.0795631825273011,0.540123456790123,0.0445468509984639,0.512743628185907,0.180866965620329,0,0.948249619482496,0.317147192716237,0.947611710323575,0.8859375,0.217527386541471,0,0.935085007727975,0.941616766467066,0.898928024502297,0.327188940092166,0.457013574660633,0.0451010886469673,0,0.878357030015798,0.826747720364742,0,0.950693374422188,0,0.0421875,0.857784431137725,0.050381679389313,0.0664605873261206,0.952167414050822,0,0.724962630792227,0.0960960960960961,0.60882800608828,0.917956656346749,0.322422258592471,0,0.762762762762763,0.248153618906942,0.943854324734446,0.165390505359877,0.939485627836611,0.940366972477064,0.959090909090909,0.934749620637329,0.00892857142857143,0.938080495356037,0.948170731707317,0,0,0.93944099378882,0,0.355932203389831,0.94856278366112,0.0075187969924812,0.0093603744149766,0.653786707882535,0,0.314728682170543,0.952086553323029,0.162202380952381,0.949843260188088,0.00917431192660551,0.959028831562974,0.0462962962962963,0.0538461538461538,0.0571428571428571,0.904024767801858,0.386605783866058,0.947852760736196,0,0.95619335347432,0.758258258258258,0,0.0564024390243902,0.264385692068429,0,0.784829721362229,0.301059001512859,0.121642969984202,0.948640483383686,0.186746987951807,0.948948948948949,0.956259426847662,0,0.593373493975904,1,0.519561815336463,0.947784810126582,0,0.947530864197531,0.0734632683658171,0,0.265625,0.649149922720247,0.566929133858268,0,0,0.950617283950617,0.781010719754977,0.2125,0.953198127925117,0.0525502318392581,0.978625954198473,0.460218408736349,0.956973293768546,0.176838810641628,0.949386503067485,0.951181102362205,0.834094368340944,0.948012232415902,0.0470957613814757,0.951807228915663,0.0460829493087558,0,0.756589147286822,0.865384615384615,0.937972768532526,0.075642965204236,0,0.94553706505295,0.500777604976672,0.953968253968254,0.953383458646617,0.95059880239521,0.328380386329866,0.950075642965204,0.0519083969465649,0.92548435171386,0.0517751479289941,0.904615384615385,0.41131498470948,0,0.945038167938931,0,0.836140888208269,0.948091603053435,0.165378670788253,0.948091603053435,0.922374429223744,0.943703703703704,0.933933933933934,0.15220700152207,0.429640718562874,0.924882629107981,0.941176470588235,0.111975116640746,0.0516717325227964,0.957878315132605,0.862275449101796,0,0,0.358578052550232,0.00152671755725191,0.944277108433735,0.308605341246291,0.876175548589342,0.756468797564688,0.957639939485628,0.472477064220183,0.470676691729323,0.336448598130841,0.884146341463415,0.930340557275542,0.887892376681614,0,0.86036036036036,0.228070175438596,0.922239502332815,0.049306625577812,0.121804511278195,0.576631259484067,0.944954128440367,0.94170403587444,0.8453125,0.953172205438066,0.873261205564142,0,0.114329268292683,0.690582959641256,0.947040498442368,0,0.94478527607362,0.959940652818991,0.596330275229358,0.570107858243451,0.948678071539658,0.953125,0.417818740399386,0,0.883582089552239,0.558641975308642,0.971383147853736,0.0538116591928251,0.932228915662651,0.95800933125972,0.955927051671733,0.920731707317073,0.581325301204819,0.0527950310559006,0.966360856269113,0.563829787234043,0.0541353383458647,0.0459940652818991,0.254601226993865,0.0510046367851623,0.199376947040498,0.713649851632048,0.0488549618320611,0.0536512667660209,0.0624048706240487,0.630952380952381,0.0902021772939347,0.955792682926829,0.00928792569659443,0.0410958904109589,0,0.273700305810398,0.95440251572327,0.935085007727975,0.892749244712991,0,0.882629107981221,0.837313432835821,0.735384615384615,0.631901840490798,0.499236641221374,0.468652037617555,0.00910470409711684,0.950387596899225,0.143730886850153,0.742990654205608,0.964006259780908,0.060790273556231,0.770897832817337,0.0583717357910906,0.16791604197901,0.953383458646617,0.952904238618524,0.890453834115806,0,0.666666666666667,0.8828125,0,0.0492537313432836,0.894894894894895,0.958461538461538,0,0.0505359877488515,0.0466165413533835,0.942947702060222,0.895962732919255,0.0502354788069074,0,0.426403641881639,0.956386292834891,0.822021116138763,0.442622950819672,0.687211093990755,0.923192771084337,0.0564024390243902,0.949177877428999,0.951788491446345,0.0553846153846154,0.945864661654135,0.949771689497717,0.930124223602484,0.951951951951952,0.229607250755287,0.359756097560976,0.333333333333333,0.953271028037383,0.910077519379845,0.0501519756838906,0.3,0.958904109589041,0.195158850226929,0.34020618556701,0.956390977443609,0.948328267477204,0.948640483383686,0.710526315789474,0.946026986506747,0.28,0.975794251134644,0.951788491446345,0,0.379939209726444,0.596899224806202,0.0625,0.0542986425339367,0.0576923076923077,0.874432677760968,0.0678733031674208,0.0520673813169985,0,0.273846153846154,0.953846153846154,0.116843702579666,0.963434022257552,0.962848297213622,0.95405819295559,0.333333333333333,0.346645367412141,0.690184049079755,0.484992101105845,0,0.822458270106222,0.0583832335329341,0.0855855855855856,0.245053272450533,0.956521739130435,0.0551301684532925,0,0.372727272727273,0.0495495495495495,0.0681114551083591,0.510670731707317,0.952959028831563,0.327073552425665,0.94551282051282,0.924148606811146,0,0.956521739130435,0.0496240601503759,0.956456456456456,0.821100917431193,0.955974842767296,0.0646616541353384,0.938897168405365,0.0438066465256798,0.855606758832565,0.753869969040248,0.915022761760243,0.954614220877458,0.949848024316109,0.330792682926829,0.926153846153846,0.946348733233979,0.0536512667660209,0.0689655172413793,0.951937984496124,0.947692307692308,0.373292867981791,0.851963746223565,0.929133858267717,0.936936936936937,0.946889226100152,0,0.173708920187793,0.949308755760369,0.0479876160990712,0,0.967238689547582,0.00933125972006221,0.0965732087227414,0.950301204819277,0.966309341500766,0.00306748466257669,0.667177914110429,0.469230769230769,0.951788491446345,0.043343653250774,0.844274809160305,0.943573667711599,0.399691358024691,0.646525679758308,0.837173579109063,0,0.205792682926829,0.957278481012658,0.947530864197531,0.493108728943338,0.954614220877458,0.931707317073171,0.0781010719754977,0.0015220700152207,0.943768996960486,0.951070336391437,0.952526799387443,0.712349397590361,0.0540123456790123,0.874233128834356,0.27760736196319,0.232371794871795,0.00606060606060606,0.635670731707317,0.620743034055728,0.658499234303216,0,0.330745341614907,0.922844175491679,0.662162162162162,0.550680786686838,0.130952380952381,0,0,0.951895043731778,0.926865671641791,0,0.938650306748466,0.0077639751552795,0,0,0.946727549467275,0,0.961538461538462,0.777947932618683,0.571216617210683,0.951038575667656,0,0,0.954337899543379,0.930576070901034,0.737388724035608,0.0483383685800604,0.003125,0.87910447761194,0.64167916041979,0.95398773006135,0.565217391304348,0.412403100775194,0,0.940209267563528,0.0500782472613459,0.953198127925117,0.136222910216718,0,0.062874251497006,0.165644171779141,0.491171749598716,0.933130699088146,0,1,0.947209653092006,0.957575757575758,0,0.125,0.905383360522023,0.055205047318612,0.95067264573991,0.953592814371258,0.0532724505327245,0.952815829528158,0.346385542168675,0.812213740458015,0.0584615384615385,0.213395638629283,0.938461538461538,0.00925925925925926,0.0535168195718654,0.968562874251497,0.0622083981337481,0.671899529042386,0.419207317073171,0,0.156534954407295,0.757433489827856,0.313161875945537,0.936170212765957,0.044822256568779,0.194029850746269,0.478330658105939,0.932253313696613,0.892215568862275,0.926380368098159,0.76271186440678,0,0.936267071320182,0.0512820512820513,0.922839506172839,0.433333333333333,0.050520059435364,0.95352323838081,0.948837209302326,0.947530864197531,0.661042944785276,0.95619335347432,0.179012345679012,0.24,0.915773353751914,0.880121396054628,0,0,0.95625,0.924499229583975,0.0727554179566563,0.954968944099379,0.953775038520801,0.424196018376723,0.95046439628483,0.741085271317829,0.884444444444444,0,0.943251533742331,0.376344086021505,0.948872180451128,0.946727549467275,0,0.661514683153014,0.961059190031153,0.0450310559006211,0.695046439628483,0.414264036418816,0.797058823529412,0.730829420970266,0.922619047619048,0.131147540983607,0.946957878315133,0.951145038167939,0.96177370030581,0.355038759689922,0.145510835913313,0.950151057401813,0.95059880239521,0.00603318250377074,0.804248861911988,0.473200612557427,0.316923076923077,0.802752293577982,0.949464012251149,0.846390168970814,0.95619335347432,0.138599105812221,0.0474683544303797,0,0.824345146379045,0.0525502318392581,0.0442748091603053,0.330804248861912,0,0.947611710323575,0.904047976011994,0.957120980091884,0.951807228915663,0.140432098765432,0.0584615384615385,0,0,0.2203125,0.115444617784711,0.196620583717358,0,0.0497737556561086,0.944024205748865,0.0256410256410256,0.351014040561622,0.957746478873239,0.634556574923547,0.933021806853583,0.707317073170732,0.693333333333333,0,0.951612903225806,0.456060606060606,0.542682926829268,0.922503725782414,0.950524737631184,0.446646341463415,0.00763358778625954,0.975757575757576,0.974626865671642,0,0.938235294117647,0.0660522273425499,0.952153110047847,0.444104134762634,0,0.00763358778625954,0.560702875399361,0.873651771956857,0.0504587155963303,0.188679245283019,0.00916030534351145,0.00159744408945687,0.75186846038864,0.0618238021638331,0.958199356913183,0.368580060422961,0.955022488755622,0.0557228915662651,0.42185128983308,0.355905511811024,0.8734375,0.145110410094637,0.0570570570570571,0.00304878048780488,0.101088646967341,0,0.950819672131147,0.0707547169811321,0.961708394698085,0.0528771384136858,0.958397534668721,0,0.561377245508982,0.475,0.948091603053435,0,0.953937592867756,0,0.457278481012658,0.944108761329305,0,0.681137724550898,0.952815829528158,0.753383458646616,0.958074534161491,0.0787878787878788,0,0.946646341463415,0.302034428794992,0,0.73071104387292,0.0476900149031297,0.0687593423019432,0.954968944099379,0.954758190327613,0.948948948948949,0.936267071320182,0.939814814814815,0,0.931506849315068,0.0196374622356495,0.400302114803625,0.335854765506808,0.946808510638298,0.939577039274924,0.941265060240964,0.943939393939394,0.0587349397590361,0.0615384615384615,0.956386292834891,0.929878048780488,0.734539969834088,0.942857142857143,0.953101361573374,0.966360856269113,0,0,0.942050520059435,0,0.114630467571644,0,0.986238532110092,0.3265625,0.259600614439324,0.162406015037594,0.897515527950311,0,0.156534954407295,0.946727549467275,0.955993930197269,0.703875968992248,0.466960352422908,0.256259204712813,0.230654761904762,0.667711598746082,0.0455235204855842,0.168437025796662,0.600614439324117,0.28149300155521,0.726726726726727,0.0556414219474498,0,0.0430769230769231,0.373040752351097,0.944968553459119,0.662079510703364,0.266961651917404,0.643292682926829,0.882352941176471,0.939259259259259,0.941455696202532,0.94811320754717,0.953198127925117,0.945904173106646,0.579666160849772,0.481818181818182,0.951293759512938,0.0509745127436282,0.0537313432835821,0.881538461538461,0.0104011887072808,0.95619335347432,0.924242424242424,0,0.155015197568389,0,0.930662557781202,0,0.943768996960486,0.946483180428135,0.0525525525525526,0.836391437308868,0.944858420268256,0.697204968944099,0.674311926605505,0.881278538812785,0,0,0.911949685534591,0.957848837209302,0.954476479514416,0,0,0.0481366459627329,0.27299703264095,0.515243902439024,0,0.492401215805471,0,0.917316692667707,0.950995405819296,0.216848673946958,0.27736131934033,0,0.394777265745008,0.605182926829268,0.841538461538462,0.96875,0.816793893129771,0.0490045941807044,0.960567823343849,0.021671826625387,0.942097026604069,0,0.971385542168675,0.00614439324116743,0.951070336391437,0.0662557781201849,0.0369230769230769,0,0,0.834597875569044,0.895148669796557,0.936267071320182,0.725903614457831,0.0838235294117647,0.061633281972265,0.839753466872111,0.836065573770492,0,0.0590979782270607,0.924148606811146,0,0.938679245283019,0.966616084977238,0.109756097560976,0.0424242424242424,0.0487062404870624,0.952380952380952,0.505392912172573,0.114329268292683,0.148499210110585,0.167427701674277,0.70952380952381,0.14027149321267,0.952380952380952,0,0.776758409785933,0.933130699088146,0.00462249614791988,0,0.0530973451327434,0,0.0554699537750385,0.952671755725191,0.711811023622047,0.0503937007874016,0.0507692307692308,0.584097859327217,0.955453149001536,0.454819277108434,0.0510510510510511,0.050314465408805,0.0645669291338583,0.0195488721804511,0,0.0737327188940092,0.0544918998527246,0.046875,0.0635400907715582,0.0479041916167665,0.0479134466769706,0.0572289156626506,0.0605143721633888,0.0196374622356495,0.00473186119873817,0.0277349768875193,0.0257186081694402,0.0595238095238095,0.0538461538461538,0.0227963525835866,0.0505529225908373,0.0552147239263804,0.04375,0.0582822085889571,0.0257186081694402,0.052790346907994,0.0768049155145929,0.051622418879056,0.05
"479",0.974723538704581,0.972093023255814,0.958841463414634,0.932283464566929,0.971608832807571,0.97741935483871,0.886292834890966,0.956723338485317,0.973966309341501,0,0.975535168195719,0,0.572755417956656,0.971518987341772,0.0674846625766871,0.0311526479750779,0,0.0171339563862928,0.972049689440994,0.964831804281346,0.18558282208589,0.0478468899521531,0.967889908256881,0,0.947852760736196,0.271585557299843,0.116640746500778,0.962025316455696,0.483076923076923,0.705069124423963,0.0231124807395994,0.711009174311927,0.773885350318471,0.296703296703297,0,0.976635514018692,0.0201863354037267,0.969650986342944,0.285074626865672,0.892638036809816,0.0015625,0.0185185185185185,0.00613496932515337,0.974683544303797,0.805152979066023,0.0328638497652582,0.520865533230294,0.021875,0.491577335375191,0.146969696969697,0,0.969936708860759,0.290769230769231,0.974803149606299,0.877551020408163,0.181089743589744,0,0.950949367088608,0.941807044410414,0.891437308868501,0.30077519379845,0.446676970633694,0.0205371248025276,0,0.880258899676375,0.820433436532508,0,0.970679012345679,0,0.0265625,0.875,0.0217054263565891,0.0376766091051805,0.975609756097561,0,0.711450381679389,0.0655487804878049,0.580745341614907,0.886075949367089,0.282467532467532,0,0.725190839694656,0.226299694189602,0.973846153846154,0.129082426127527,0.916030534351145,0.970496894409938,0.956386292834891,0.952307692307692,0.0107033639143731,0.971608832807571,0.973561430793157,0,0,0.961844197138315,0,0.318461538461538,0.956656346749226,0.00923076923076923,0.0109375,0.636645962732919,0,0.304416403785489,0.976415094339623,0.118003025718608,0.972712680577849,0.00946372239747634,0.963949843260188,0.0173775671406003,0.0280811232449298,0.0295489891135303,0.89922480620155,0.342635658914729,0.9796875,0,0.973520249221184,0.71937984496124,0,0.0262345679012346,0.236677115987461,0,0.771653543307087,0.2609375,0.0890302066772655,0.973354231974922,0.163328197226502,0.975346687211094,0.984350547730829,0,0.562596599690881,0.928348909657321,0.490415335463259,0.969889064976228,0,0.967897271268058,0.0421052631578947,0,0.234375,0.625,0.531400966183575,0,0,0.967238689547582,0.768388106416275,0.174050632911392,0.975270479134467,0.0294573643410853,0.926717557251908,0.433753943217666,0.967987804878049,0.15689381933439,0.970542635658915,0.976114649681529,0.852760736196319,0.973684210526316,0.0264385692068429,0.975346687211094,0.0249609984399376,0,0.745709828393136,0.862745098039216,0.956723338485317,0.0323574730354391,0,0.976923076923077,0.462783171521036,0.977455716586151,0.975460122699387,0.980091883614089,0.306525037936267,0.962558502340094,0.0293663060278207,0.934451219512195,0.0256410256410256,0.896988906497623,0.379416282642089,0,0.961119751166407,0,0.839563862928349,0.979623824451411,0.132701421800948,0.969512195121951,0.96078431372549,0.97189349112426,0.955315870570108,0.116385911179173,0.389908256880734,0.942307692307692,0.928115015974441,0.0808709175738725,0.0262345679012346,0.963549920760697,0.856240126382307,0,0,0.31832298136646,0.00154798761609907,0.975609756097561,0.259426847662142,0.87758346581876,0.751926040061633,0.971080669710807,0.4421875,0.435257410296412,0.301435406698565,0.902021772939347,0.94811320754717,0.871517027863777,0,0.879204892966361,0.202229299363057,0.940894568690096,0.0264385692068429,0.101851851851852,0.544323483670295,0.983180428134557,0.960183767228178,0.845911949685535,0.978294573643411,0.886614173228346,0,0.0996884735202492,0.667673716012085,0.969745222929936,0,0.972093023255814,0.969788519637462,0.5671875,0.553323029366306,0.96411856474259,0.977671451355662,0.390625,0,0.88109756097561,0.53198127925117,0.9632,0.0213740458015267,0.942942942942943,0.974842767295597,0.974045801526718,0.93944099378882,0.559322033898305,0.028436018957346,0.963317384370016,0.534848484848485,0.0316742081447964,0.0289634146341463,0.210608424336973,0.0248447204968944,0.178515007898894,0.685185185185185,0.0197568389057751,0.0289193302891933,0.0292758089368259,0.603395061728395,0.0623003194888179,0.976525821596244,0.0111821086261981,0.0266457680250784,0,0.238924050632911,0.973101265822785,0.959438377535101,0.927018633540373,0,0.865079365079365,0.841945288753799,0.701587301587302,0.622083981337481,0.454976303317536,0.445669291338583,0.0106870229007634,0.97444089456869,0.119195046439628,0.718799368088468,0.959438377535101,0.032258064516129,0.762422360248447,0.0261941448382126,0.127300613496933,0.972768532526475,0.973813420621931,0.885220125786163,0,0.668721109399075,0.875981161695447,0,0.0230769230769231,0.891402714932127,0.965891472868217,0,0.0230769230769231,0.0242792109256449,0.9696,0.877551020408163,0.0236220472440945,0,0.409448818897638,0.970172684458399,0.779299847792998,0.405616224648986,0.697492163009404,0.941448382126348,0.0250391236306729,0.972644376899696,0.97542242703533,0.0311526479750779,0.955108359133127,0.975077881619938,0.952904238618524,0.984779299847793,0.195924764890282,0.332302936630603,0.302325581395349,0.9625,0.935794542536116,0.0493827160493827,0.262658227848101,0.960691823899371,0.167434715821813,0.30688622754491,0.975155279503106,0.980982567353407,0.963949843260188,0.698738170347003,0.972685887708649,0.24203821656051,0.958397534668721,0.977707006369427,0,0.347758887171561,0.561430793157076,0.0359375,0.0543478260869565,0.0345864661654135,0.912844036697248,0.0457317073170732,0.0214067278287462,0,0.238759689922481,0.977952755905512,0.0900621118012422,0.967105263157895,0.958461538461538,0.976152623211447,0.304552590266876,0.307443365695793,0.666666666666667,0.472491909385113,0,0.816901408450704,0.0314842578710645,0.0566615620214395,0.22015503875969,0.974763406940063,0.0279937791601866,0,0.354489164086687,0.0322085889570552,0.0440944881889764,0.486111111111111,0.979938271604938,0.286168521462639,0.974317817014446,0.949843260188088,0,0.974889217134417,0.0217054263565891,0.975535168195719,0.830455259026688,0.979032258064516,0.0416024653312789,0.955725190839695,0.0188679245283019,0.862015503875969,0.732171156893819,0.930981595092024,0.966205837173579,0.973561430793157,0.297971918876755,0.947692307692308,0.972560975609756,0.0275650842266462,0.0496894409937888,0.977987421383648,0.972307692307692,0.333333333333333,0.865443425076453,0.991974317817014,0.935384615384615,0.973724884080371,0,0.142172523961661,0.976671850699845,0.0251177394034537,0,0.958860759493671,0.0110410094637224,0.0565149136577708,0.975270479134467,0.957943925233645,0.00469483568075117,0.636932707355243,0.432601880877743,0.966507177033493,0.0223285486443381,0.879936808846761,0.971428571428571,0.386435331230284,0.626356589147287,0.808777429467085,0,0.178736517719569,0.961783439490446,0.976303317535545,0.456828885400314,0.976887519260401,0.953565505804312,0.0507936507936508,0.00154798761609907,0.963246554364472,0.973354231974922,0.941085271317829,0.686363636363636,0.0252764612954186,0.866666666666667,0.2642089093702,0.201626016260163,0.00766871165644172,0.630265210608424,0.634069400630915,0.635514018691589,0,0.292134831460674,0.901716068642746,0.646058732612056,0.531297709923664,0.0974512743628186,0,0,0.979073243647235,0.951367781155015,0,0.919876733436055,0.00963081861958266,0,0,0.9858934169279,0,0.977635782747604,0.781591263650546,0.540706605222734,0.97869101978691,0,0,0.973186119873817,0.947447447447447,0.727411944869832,0.0277777777777778,0.00316957210776545,0.87211093990755,0.627480916030534,0.976744186046512,0.535384615384615,0.361635220125786,0,0.958397534668721,0.0269413629160063,0.943485086342229,0.0959119496855346,0,0.0347957639939486,0.131455399061033,0.488636363636364,0.953632148377125,0,0.947209653092006,1,0.973926380368098,0,0.0884676145339652,0.918300653594771,0.0292682926829268,0.972265023112481,0.977134146341463,0.0325077399380805,0.98,0.314465408805031,0.810769230769231,0.0358814352574103,0.1904,0.945054945054945,0.00946372239747634,0.0250783699059561,0.963302752293578,0.0317965023847377,0.66403785488959,0.397798742138365,0,0.127300613496933,0.750788643533123,0.276234567901235,0.961597542242704,0.0265210608424337,0.172628304821151,0.452032520325203,0.944108761329305,0.876146788990826,0.949074074074074,0.738437001594896,0,0.966514459665145,0.0245022970903522,0.940809968847352,0.411954765751212,0.027190332326284,0.979938271604938,0.974763406940063,0.973312401883831,0.62015503875969,0.967642526964561,0.145339652448657,0.203149606299213,0.978260869565217,0.8734375,0,0,0.968847352024922,0.953821656050955,0.0407523510971787,0.988924050632911,0.97360248447205,0.392966360856269,0.923556942277691,0.748043818466354,0.880484114977307,0,0.990654205607477,0.351181102362205,0.973312401883831,0.976708074534162,0,0.645569620253165,0.961844197138315,0.0264385692068429,0.687598116169545,0.3921875,0.791356184798808,0.704761904761905,0.944610778443114,0.112291350531108,0.966613672496025,0.975460122699387,0.966412213740458,0.317034700315457,0.116279069767442,0.972179289026275,0.977203647416413,0.00764525993883792,0.788109756097561,0.469767441860465,0.280185758513932,0.769953051643192,0.976599063962558,0.88125,0.97360248447205,0.127105666156202,0.0260162601626016,0,0.827044025157233,0.0206349206349206,0.0298273155416013,0.28125,0,0.978294573643411,0.9,0.9734375,0.97239263803681,0.117554858934169,0.0251968503937008,0,0,0.178913738019169,0.0973724884080371,0.15962441314554,0,0.0247295208655332,0.975155279503106,0.0196671709531014,0.312796208530806,0.9744,0.610591900311526,0.950949367088608,0.672281776416539,0.669207317073171,0,0.977611940298508,0.403481012658228,0.516535433070866,0.91981845688351,0.969135802469136,0.419354838709677,0.00920245398773006,0.947530864197531,0.951367781155015,0,0.953242835595777,0.0400616332819723,0.966346153846154,0.434984520123839,0,0.00923076923076923,0.533546325878594,0.8296875,0.024653312788906,0.147249190938511,0.010752688172043,0.00158730158730159,0.754916792738275,0.0393081761006289,0.977198697068404,0.330781010719755,0.969278033794163,0.0277349768875193,0.397849462365591,0.342356687898089,0.863924050632911,0.106518282988871,0.0245022970903522,0.00310077519379845,0.0638629283489097,0,0.975460122699387,0.0592948717948718,0.960725075528701,0.0283464566929134,0.976635514018692,0,0.536253776435045,0.473270440251572,0.976958525345622,0,0.969742813918306,0,0.405844155844156,0.975077881619938,0,0.654907975460123,0.979750778816199,0.737341772151899,0.942675159235669,0.0638297872340425,0,0.976708074534162,0.264090177133655,0,0.712962962962963,0.0196078431372549,0.0368663594470046,0.979299363057325,0.979430379746835,0.965891472868217,0.958139534883721,0.962848297213622,0,0.962732919254658,0.0229357798165138,0.368098159509202,0.296296296296296,0.969465648854962,0.966049382716049,0.966412213740458,0.978625954198473,0.0538461538461538,0.0361635220125786,0.969255663430421,0.94,0.716257668711656,0.960061443932412,0.975384615384615,0.964723926380368,0,0,0.956973293768546,0,0.0963302752293578,0,0.949074074074074,0.284578696343402,0.23444976076555,0.143076923076923,0.910094637223975,0,0.122065727699531,0.970496894409938,0.978056426332288,0.668759811616955,0.429640718562874,0.221889055472264,0.18960244648318,0.639240506329114,0.0180722891566265,0.140866873065015,0.568965517241379,0.266141732283465,0.703030303030303,0.0328638497652582,0,0.0238473767885533,0.351351351351351,0.974522292993631,0.626153846153846,0.248493975903614,0.634259259259259,0.875957120980092,0.962292609351433,0.943820224719101,0.976152623211447,0.977848101265823,0.979462875197472,0.56656346749226,0.435857805255023,0.979813664596273,0.028657616892911,0.0306748466257669,0.866043613707165,0.010590015128593,0.974242424242424,0.946969696969697,0,0.128617363344051,0,0.9375,0,1,0.97339593114241,0.027906976744186,0.835384615384615,0.978560490045942,0.65818759936407,0.636785162287481,0.871428571428571,0,0,0.923948220064725,0.928035982008996,0.97196261682243,0,0,0.0267716535433071,0.24191063174114,0.493788819875776,0,0.448275862068966,0,0.934065934065934,0.977848101265823,0.180952380952381,0.254211332312404,0,0.366352201257862,0.597200622083981,0.848297213622291,0.957446808510638,0.777434312210201,0.021875,0.972972972972973,0.020440251572327,0.974643423137876,0,0.971036585365854,0.00772797527047913,0.974643423137876,0.0325581395348837,0.026813880126183,0,0,0.82225656877898,0.916264090177134,0.928353658536585,0.726299694189602,0.0495495495495495,0.0328125,0.847589424572317,0.83030303030303,0,0.0247295208655332,0.974921630094044,0,0.960443037974684,0.949308755760369,0.080188679245283,0.0462962962962963,0.0262345679012346,0.975384615384615,0.477657935285054,0.105100463678516,0.125996810207337,0.130030959752322,0.700159489633174,0.121580547112462,0.979750778816199,0,0.76056338028169,0.96048632218845,0.00471698113207547,0,0.0240601503759399,0,0.025,0.976816074188563,0.753623188405797,0.0266457680250784,0.0221870047543582,0.553990610328638,0.943217665615142,0.444444444444444,0.0489296636085627,0.0242718446601942,0.0524642289348172,0.0228310502283105,0,0.050314465408805,0.0242792109256449,0.0252764612954186,0.0388198757763975,0.0243531202435312,0.0485133020344288,0.0547945205479452,0.0386996904024768,0.0234009360374415,0.008,0.031104199066874,0.0277349768875193,0.0584615384615385,0.0325077399380805,0.0248833592534992,0.023696682464455,0.0253565768621236,0.0424528301886792,0.0278207109737249,0.0276497695852535,0.0277349768875193,0.0511627906976744,0.028657616892911,0.0233281493001555
"480",0.998415213946117,1,0.975572519083969,0.935837245696401,0.987117552334944,1,0.893682588597843,0.976744186046512,1,0,1,0,0.558641975308642,1,0.0446153846153846,0.00770416024653313,0,0.0158478605388273,0.996830427892235,0.989214175654854,0.158878504672897,0.0383386581469649,0.990867579908676,0,0.954198473282443,0.249216300940439,0.103875968992248,0.988853503184713,0.45662100456621,0.697388632872504,0,0.68075117370892,0.770800627943485,0.281645569620253,0,1,0.0136986301369863,0.99388379204893,0.251851851851852,0.900306748466258,0.0015625,0.0170015455950541,0.00762195121951219,1,0.790243902439024,0.0189274447949527,0.503115264797508,0,0.464661654135338,0.129909365558912,0,0.993690851735016,0.262996941896024,1,0.885448916408669,0.155172413793103,0,0.979527559055118,0.965045592705167,0.913446676970634,0.284615384615385,0.421133231240429,0,0,0.904153354632588,0.821150855365474,0,0.992389649923896,0,0,0.857798165137615,0.00770416024653313,0.0170278637770898,1,0,0.698630136986301,0.0424886191198786,0.561051004636785,0.904153354632588,0.258649093904448,0,0.719939117199391,0.20933734939759,0.998480243161094,0.113846153846154,0.913446676970634,0.995348837209302,0.967987804878049,0.965098634294385,0.0105740181268882,0.9858934169279,1,0,0,0.968798751950078,0,0.28,0.979969183359014,0.00930232558139535,0.0108695652173913,0.60596546310832,0,0.269767441860465,1,0.0874811463046757,1,0.0094488188976378,0.979655712050078,0,0.00775193798449612,0.00773993808049536,0.9015625,0.334351145038168,0.992150706436421,0,0.987616099071207,0.715170278637771,0,0,0.225155279503106,0,0.772093023255814,0.23374613003096,0.0775316455696203,0.972307692307692,0.13914373088685,0.996955859969559,0.996899224806202,0,0.532407407407407,0.941176470588235,0.478193146417445,0.990595611285266,0,0.995238095238095,0.0212121212121212,0,0.201550387596899,0.625585023400936,0.500794912559618,0,0,0.979938271604938,0.757009345794392,0.167987321711569,1,0.00464396284829721,0.922492401215805,0.406349206349206,0.98036253776435,0.128571428571429,0.98755832037325,1,0.841221374045802,0.995348837209302,0,1,0,0,0.737833594976452,0.871794871794872,0.984756097560976,0.0166919575113809,0,1,0.449920508744038,1,1,1,0.283513097072419,0.978056426332288,0.00158227848101266,0.947129909365559,0,0.898251192368839,0.362654320987654,0,0.982919254658385,0,0.848297213622291,1,0.120689655172414,0.981651376146789,0.946319018404908,0.989751098096633,0.971036585365854,0.0967741935483871,0.367378048780488,0.924170616113744,0.943037974683544,0.0455259026687598,0.00307692307692308,0.982866043613707,0.861027190332326,0,0,0.271739130434783,0.00152905198776758,1,0.264437689969605,0.872641509433962,0.745426829268293,0.989425981873112,0.416536661466459,0.435384615384615,0.276827371695179,0.914728682170543,0.965891472868217,0.88719512195122,0,0.884080370942813,0.169354838709677,0.945054945054945,0,0.0638297872340425,0.521604938271605,0.979750778816199,0.978593272171254,0.826086956521739,0.998449612403101,0.889400921658986,0,0.0672782874617737,0.658499234303216,0.995253164556962,0,0.993846153846154,0.980597014925373,0.533646322378717,0.544901065449011,0.987361769352291,1,0.343701399688958,0,0.886056971514243,0.520123839009288,0.975922953451043,0,0.957446808510638,0.998422712933754,1,0.951863354037267,0.535060975609756,0.00158982511923688,0.973765432098765,0.536585365853659,0.00300751879699248,0,0.196261682242991,0,0.143312101910828,0.665644171779141,0,0.00461538461538462,0.0093167701863354,0.582066869300912,0.0391849529780564,0.984276729559748,0.0110410094637224,0,0,0.213728549141966,1,0.978328173374613,0.900621118012422,0,0.866352201257862,0.853846153846154,0.688751926040062,0.598449612403101,0.441497659906396,0.448979591836735,0.0108024691358025,1,0.0892307692307692,0.697749196141479,0.964396284829721,0.0121580547112462,0.745788667687596,0.00153609831029186,0.121913580246914,1,1,0.894488188976378,0,0.624036979969183,0.88125,0,0,0.899082568807339,0.982919254658385,0,0.00152671755725191,0,0.978260869565217,0.892628205128205,0,0,0.368501529051988,0.98740157480315,0.788432267884323,0.389408099688474,0.652037617554859,0.957317073170732,0.00933125972006221,1,1,0.00771604938271605,0.966309341500766,1,0.974603174603175,0.996918335901387,0.187306501547988,0.304615384615385,0.267801857585139,0.97752808988764,0.938095238095238,0.0440060698027314,0.248037676609105,0.9796875,0.149618320610687,0.298350824587706,0.995363214837713,0.996904024767802,0.97045101088647,0.681458003169572,0.998468606431853,0.243710691823899,0.964723926380368,0.996865203761755,0,0.310185185185185,0.545886075949367,0.0139968895800933,0.0506912442396313,0.00302571860816944,0.906441717791411,0.0168453292496172,0,0,0.231726283048211,0.99375,0.0717628705148206,0.98705501618123,0.978125,0.9858934169279,0.26813880126183,0.26984126984127,0.660493827160494,0.4544,0,0.821705426356589,0.0106544901065449,0.0378787878787879,0.190108191653787,1,0.0015625,0,0.317073170731707,0.0106382978723404,0.0233644859813084,0.464831804281346,1,0.270700636942675,1,0.965732087227414,0,0.992570579494799,0,0.998500749625187,0.821538461538462,1,0.00769230769230769,0.978560490045942,0,0.874223602484472,0.725274725274725,0.941807044410414,0.987711213517665,0.996860282574568,0.270735524256651,0.968602825745683,1,0,0.0246913580246914,1,1,0.306376360808709,0.874051593323217,0.964630225080386,0.959090909090909,1,0,0.115264797507788,1,0.0015600624024961,0,0.968404423380727,0.0111287758346582,0.0430769230769231,1,0.974803149606299,0.00469483568075117,0.612752721617418,0.420560747663551,0.982839313572543,0.00158478605388273,0.866043613707165,0.996784565916399,0.355590062111801,0.595054095826893,0.791601866251944,0,0.152886115444618,0.981072555205047,0.998449612403101,0.443251533742331,1,0.973421926910299,0.0309597523219814,0.00156739811912226,0.986089644513138,0.993779160186625,0.955725190839695,0.670731707317073,0.00792393026941363,0.868954758190328,0.223088923556942,0.158496732026144,0.00768049155145929,0.608490566037736,0.582298136645963,0.601866251944012,0,0.29047619047619,0.918836140888208,0.629230769230769,0.506060606060606,0.0789865871833085,0,0,1,0.975720789074355,0,0.921779141104294,0.0110236220472441,0,0,0.998439937597504,0,1,0.765527950310559,0.516030534351145,1,0,0,0.995341614906832,0.962518740629685,0.713850837138508,0,0.00313971742543171,0.874039938556068,0.587057010785824,1,0.517611026033691,0.342679127725857,0,0.983024691358025,0,0.958925750394945,0.0883280757097792,0,0.00602409638554217,0.111811023622047,0.466882067851373,0.967840735068913,0,0.957575757575758,0.973926380368098,1,0,0.0636942675159236,0.932676518883415,0.00321543408360129,1,1,0.00758725341426404,1,0.27613104524181,0.808411214953271,0.00940438871473354,0.157894736842105,0.962441314553991,0.00943396226415094,0,0.978294573643411,0.00635930047694754,0.648985959438378,0.392125984251968,0,0.102446483180428,0.737756714060032,0.247720364741641,0.973966309341501,0,0.147919876733436,0.446078431372549,0.95,0.893072289156627,0.961538461538462,0.744548286604361,0,0.983333333333333,0,0.968992248062015,0.372827804107425,0,1,1,1,0.624223602484472,0.989164086687306,0.113924050632911,0.173981191222571,0.946070878274268,0.873846153846154,0,0,0.990415335463259,0.941732283464567,0.0125391849529781,0.984276729559748,0.993865030674847,0.351309707241911,0.926868044515103,0.715408805031447,0.882352941176471,0,0.968404423380727,0.314465408805031,1,0.998442367601246,0,0.631496062992126,0.976635514018692,0,0.686028257456829,0.374045801526718,0.792284866468843,0.681818181818182,0.955223880597015,0.0804248861911988,0.984,1,0.981566820276498,0.274322169059011,0.0762052877138414,0.990881458966565,1,0.00759878419452888,0.773353751914242,0.432098765432099,0.252336448598131,0.779320987654321,1,0.878693623639191,1,0.124054462934947,0,0,0.826356589147287,0.003125,0,0.260869565217391,0,0.989197530864197,0.913109756097561,0.998449612403101,0.993788819875776,0.0889235569422777,0,0,0,0.166407465007776,0.0744186046511628,0.156589147286822,0,0,1,0.0075642965204236,0.279251170046802,1,0.573846153846154,0.973354231974922,0.660550458715596,0.637329286798179,0,1,0.365625,0.482758620689655,0.924924924924925,0.989329268292683,0.38366718027735,0.0107361963190184,0.955384615384615,0.957511380880121,0,0.964777947932619,0.0155038759689922,0.984,0.417565485362096,0,0.0106707317073171,0.5008,0.844961240310077,0,0.124006359300477,0.0136986301369863,0.00161290322580645,0.739064856711916,0.0221870047543582,1,0.314024390243902,0.993920972644377,0,0.379416282642089,0.329113924050633,0.866141732283465,0.0926517571884984,0.00303951367781155,0.00306748466257669,0.0410094637223975,0,0.995522388059702,0.0316455696202532,0.982169390787519,0.0046801872074883,1,0,0.515105740181269,0.448657187993681,1,0,0.998466257668712,0,0.395866454689984,0.989409984871407,0,0.638167938931298,0.984025559105431,0.738317757009346,0.954186413902054,0.0414110429447853,0,1,0.251572327044025,0,0.68266253869969,0,0.0151515151515152,1,1,0.98937784522003,0.969230769230769,0.97933227344992,0,0.970358814352574,0.0226586102719033,0.331804281345566,0.276497695852535,0.990783410138249,0.990697674418605,0.992537313432836,0.992354740061162,0.0487804878048781,0.0123456790123457,0.984025559105431,0.960998439937597,0.706605222734255,0.9765625,1,0.970724191063174,0,0,0.982274741506647,0,0.0637329286798179,0,0.958074534161491,0.275526742301459,0.203125,0.109062980030722,0.924646781789639,0,0.0953846153846154,1,1,0.644200626959248,0.392909896602659,0.20627802690583,0.178517397881997,0.642072213500785,0,0.116564417177914,0.532608695652174,0.25115562403698,0.695252679938744,0.0031104199066874,0,0,0.297339593114241,1,0.624413145539906,0.214814814814815,0.604615384615385,0.876160990712074,0.987897125567322,0.966453674121406,0.982649842271293,1,0.998415213946117,0.537867078825348,0.414483821263482,1,0.00442477876106195,0.00906344410876133,0.876755070202808,0.0105740181268882,1,0.972809667673716,0,0.104430379746835,0,0.949764521193093,0,0.970948012232416,1,0.00609756097560976,0.841692789968652,1,0.630331753554502,0.61136712749616,0.872239747634069,0,0,0.925806451612903,0.944776119402985,0.987673343605547,0,0,0,0.2217125382263,0.493710691823899,0,0.43944099378882,0,0.927099841521395,1,0.142172523961661,0.234939759036145,0,0.342146189735614,0.582554517133956,0.856049004594181,0.968085106382979,0.765432098765432,0,0.990491283676704,0.0156494522691706,1,0,0.983358547655068,0.00928792569659443,1,0.0156494522691706,0.00946372239747634,0,0,0.829230769230769,0.9296,0.942424242424242,0.719083969465649,0.024132730015083,0.0031055900621118,0.841049382716049,0.829046898638427,0,0.0139318885448916,0.964285714285714,0,0.985804416403785,0.960606060606061,0.0634674922600619,0.0352220520673813,0.00313971742543171,1,0.464454976303318,0.0741324921135647,0.0961538461538462,0.111111111111111,0.6859375,0.0928462709284627,1,0,0.750783699059561,0.983154670750383,0.0046656298600311,0,0,0,0,1,0.69983948635634,0,0,0.529411764705882,0.959501557632399,0.419354838709677,0.0438729198184569,0.00159235668789809,0.0503246753246753,0.0152671755725191,0,0.0234741784037559,0.00610687022900763,0.0015527950310559,0.0107033639143731,0,0.0446153846153846,0.0516717325227964,0.00771604938271605,0.0154559505409583,0.00645161290322581,0.0218068535825545,0.0182094081942337,0.0571870170015456,0.0031104199066874,0.0153374233128834,0,0.003125,0.037914691943128,0.00465116279069767,0.0182094081942337,0,0.0358255451713396,0,0.0015527950310559
"481",0,0,0,0,0,0,0.0157977883096366,0.0015600624024961,0,1,0,1,0,0,0,0,1,0.985736925515055,0,0,0,0,0,1,0,0,0,0,0,0,0,0,0.00159744408945687,0,1,0,0.98145285935085,0,0,0,1,0.984496124031008,0.993779160186625,0,0,0,0,0,0,0,1,0,0,0,0.0157728706624606,0,1,0,0.0031104199066874,0,0,0,0,1,0,0,1,0,1,0,0,0,0,0,1,0.00153139356814701,0,0,0.00161812297734628,0,1,0,0,0,0,0,0,0,0.00154798761609907,0.990726429675425,0,0,1,1,0,1,0.0201238390092879,0,0.995297805642633,0.993660855784469,0.0125195618153365,1,0,0,0,0,0.992101105845182,0.0031055900621118,0,0,0,0.0176,0,0,1,0,0,1,0,0,1,0.0016,0,0,0,0,0,0,1,0.00786163522012579,0,0,0,1,0,0,1,0,0,0.00802568218298555,1,1,0,0,0,0,0,0,0,0,0,0,0,0,0,0,0,0,1,0,0.0062111801242236,0,0,1,0,0,0,0,0,0,0,0,0,0,0.00317965023847377,0,1,0,1,0,0,0,0,0,0,0,0,0,0,0,0,0,0,0.0232558139534884,1,1,0,1,0,0,0.014446227929374,0,0,0,0,0,0,0,0.0015552099533437,1,0,0,0,0,0,0.0046875,0,0,0.00157728706624606,0,0,1,0,0,0,1,0,0,0.00628930817610063,0,0,0,0.0222929936305732,1,0.0171875,0,0,0,0,0,0,0,0,0,0,0,0,0,0,0,0,0,0,0,0,0,0,0,0.990521327014218,0,1,0.00477707006369427,0,0,0,1,0.00158730158730159,0.00306278713629403,0,0,0,0,0.990506329113924,0,0,0,0,0,0,0,0,0,0,0.0161290322580645,1,0,0.0192307692307692,1,0,0.0167682926829268,0.00160771704180064,1,0,0,0,0,0,1,0.0201863354037267,0,0,0,0,0,0,0,0,0,0,0,0,0,0,0,0,0.00321027287319422,0,0.954828660436137,0,0,0,0,0,0,0,0,0,0,0,0,1,0,0.0112179487179487,0,0.949074074074074,0,0,0,0,1,0,0,0,0,0,0,0,0,0,0,1,0,0,0,0,0,0,1,0,0,0,0.00315457413249211,0,0,0,0,1,0,0,0,0,0,0,0,0,0,0,0,0,0.00317460317460317,0,0,0,0,0,0,0,0,0,0,0,0,1,0,0,0,1,0,0.993569131832797,0,0,0,0.996779388083736,0.0111111111111111,0,0,0,0,0,0,0,0,1,0,0.00161290322580645,0,0,0,0,0,0.998442367601246,0,0,0,0,0,0.00637958532695375,0,0.0166666666666667,0.995356037151703,0,0,0,1,0,0.00158478605388273,0,0,0,1,1,0,0,1,0,0.990430622009569,1,1,0,1,0,0.0015748031496063,0.00758725341426404,0,1,1,0,0,0,0,0.998389694041868,0.0229709035222052,0,0,0,0,1,0,0,0.00159489633173844,0,1,0,0,0,0.00157728706624606,1,0,0,0,1,0,0,0,0,0,0,0,0,0,0,0.00160771704180064,0,0.993769470404984,0,0,0,0,0.00632911392405063,1,0,0.00324149108589951,0,0,0,0,0,0,0,0,0,1,0,0,0,0.00486223662884927,0,0,0,0,0,0,0,0,0,0.0171073094867807,1,1,0,0,0,0,0,0,0,0,0.0199692780337942,1,0,0.0188679245283019,0,0,1,0,0,0,0.0016025641025641,0,0,0,0,0,0.00319488817891374,0,0,0.0193548387096774,0.0248062015503876,0,0,0.996908809891808,0,0,0,0,0,0,0,0.781874039938556,0,1,0.0015625,0,0,0,1,0,0,0,0,0,0,1,1,0,0,0,1,0,0,0.548387096774194,0,0,0.0109717868338558,0,0,0,1,0,0,0,0.0061633281972265,0,0,0.992236024844721,0,0,1,0.00152671755725191,0,0,0,1,0.993808049535604,0,0,0,0,0.990566037735849,1,0,0,0,0,0,0,0,0,0.00636942675159236,0,0,0.998412698412698,0,1,0,0.154723127035831,0.00153609831029186,0,0,1,0,0,0,1,0,1,0,0,1,0.0215384615384615,0,0,0.00159744408945687,0,1,0,0,1,0,0,0,0,0,0,0.00159489633173844,0,1,0,0.984472049689441,0.0230769230769231,0,0,0,0,0,0.922118380062305,0,0,0,0,0,0,0,1,1,0,1,0,0.998397435897436,0,0,0,0,0,0.998435054773083,0,0,0,0,0,0,0,0,0,0,0,0,0,0,1,0,0.0224358974358974,0,0.0340030911901082,0,0,0.00617283950617284,0,0.00161812297734628,0,0,0,0,0,0,0,0,0.003125,0.992272024729521,0,0,1,0,1,0,1,0,0,0,0,0,0.00160771704180064,0,0.0220820189274448,1,1,0,0,0,1,1,0,0,0,1,0,1,0,0,0.0337620578778135,0,1,0,0,0,0,0,0,0,0.889589905362776,0,1,0,0.993730407523511,0,0,0.360062893081761,1,1,0.0015625,0,0.0107361963190184,0,0,0,0,0,1,0,0,1,0,0,0,0.959247648902821,0,0,0,0,0,0,0,0,0,1,0,0,0.996889580093313,1,0,1,0,0,0,0,0,0.0062992125984252,0.00475435816164818,0,0.958333333333333,0,0.902668759811617,0.981191222570533,1,0.160125588697017,0,0,0.0062015503875969,0,0.955271565495208,0.947611710323575,0,0.982594936708861,0.995207667731629,0.952755905511811,0.975270479134467,0.942812982998454,0,0.974723538704581,0,0,0.958333333333333,0,0.934749620637329,0,0.0489731437598736,0,0
"482",0.0679611650485437,0.0691318327974277,0.0992125984251968,0.131707317073171,0.086038961038961,0.0682926829268293,0.174193548387097,0.095389507154213,0.0725552050473186,0,0.0698412698412698,0,0.481832543443918,0.0666666666666667,0.896331738437002,0.929022082018927,0,0.00161812297734628,0.0601626016260163,0.0920634920634921,0.82018927444795,0.910277324632953,0.0746031746031746,0,0.120063191153239,0.74481658692185,0.849358974358974,0.0813008130081301,0.582159624413146,0.38375796178344,0.925465838509317,0.381933438985737,0.298722044728434,0.70906200317965,0,0.0699523052464229,0.00628930817610063,0.0754716981132075,0.75920245398773,0.171114599686028,0,0,0,0.0747967479674797,0.288778877887789,0.973898858075041,0.532362459546926,0.927215189873418,0.593798449612403,0.834633385335413,0,0.0774091627172196,0.726984126984127,0.0750798722044728,0.171701112877583,0.951534733441034,0,0.0904605263157895,0.11128526645768,0.172684458398744,0.700949367088608,0.618524332810047,0.932038834951456,0,0.181818181818182,0.256329113924051,0,0.082670906200318,0,0.925081433224756,0.2015625,0.926163723916533,0.930926216640502,0.0683229813664596,0,0.357366771159875,0.913322632423756,0.474683544303797,0.166666666666667,0.810316139767055,0,0.355450236966825,0.790123456790123,0.0666666666666667,0.859842519685039,0.160629921259843,0.0625,0.105678233438486,0.100313479623824,0,0.0768,0.0635930047694754,0,0,0.0912,0,0.689274447949527,0.0950871632329636,0,0,0.443910256410256,0,0.738362760834671,0.0691318327974277,0.872670807453416,0.0774193548387097,0,0.0880503144654088,0.933006535947712,0.928343949044586,0.913385826771654,0.155448717948718,0.742857142857143,0.0855784469096672,0,0.0917721518987342,0.357030015797788,0,0.931142410015649,0.7872,0,0.313001605136437,0.757433489827856,0.881877022653722,0.0981012658227848,0.826356589147287,0.0707692307692308,0.07223113964687,0,0.504731861198738,0.134920634920635,0.545746388443018,0.0887096774193548,0,0.06957928802589,0.919254658385093,0,0.7888,0.427642276422764,0.520661157024793,0,0,0.0976,0.308544303797468,0.805152979066023,0.0718849840255591,0.9136,0.147104851330203,0.663987138263666,0.0903426791277259,0.851549755301794,0.0840064620355412,0.0709677419354839,0.22992125984252,0.0724409448818898,0.93042071197411,0.0686427457098284,0.926829268292683,0,0.334920634920635,0.198461538461538,0.0935023771790808,0.934579439252336,0,0.0699844479004666,0.586991869918699,0.0711920529801325,0.0670926517571885,0.0658307210031348,0.703588143525741,0.0880503144654088,0.9216,0.121351766513057,0.927357032457496,0.174679487179487,0.655763239875389,0,0.0855784469096672,0,0.208267090620032,0.0745542949756888,0.8304,0.0841269841269841,0.125,0.0715372907153729,0.0949367088607595,0.995305164319249,0.703296703296703,0.143556280587276,0.129508196721311,0.892355694227769,0.930489731437599,0.0825242718446602,0.208267090620032,0,0,0.737942122186495,0,0.0625,0.815625,0.183870967741935,0.2953125,0.0746500777604977,0.598387096774194,0.578446909667195,0.719806763285024,0.151857835218094,0.0938511326860841,0.18622848200313,0,0.184126984126984,0.817447495961228,0.140096618357488,0.939586645468998,0.881804043545879,0.521462639109698,0.0878594249201278,0.0892018779342723,0.244019138755981,0.0652866242038217,0.192,0,0.884012539184953,0.407751937984496,0.0752,0,0.0665634674922601,0.0900621118012422,0.492845786963434,0.520504731861199,0.0854430379746835,0.0732899022801303,0.635782747603834,0,0.175,0.539184952978056,0.1,0.923676012461059,0.110419906687403,0.071875,0.0728682170542636,0.110932475884244,0.542452830188679,0.933438985736926,0.110047846889952,0.508527131782946,0.921052631578947,0.92824427480916,0.809904153354633,0.939297124600639,0.831715210355987,0.384496124031008,0.92845786963434,0.929824561403509,0.932389937106918,0.463223787167449,0.900813008130081,0.0926517571884984,0,0.923809523809524,0,0.758454106280193,0.0674157303370786,0.0958466453674121,0.161695447409733,0,0.191869918699187,0.218897637795276,0.382165605095541,0.459119496855346,0.5936,0.552380952380952,0,0.0736,0.876175548589342,0.372168284789644,0.101748807631161,0.938679245283019,0.322061191626409,0.927444794952681,0.884310618066561,0.0679012345679012,0.0716612377850163,0.160392798690671,0,0.407582938388626,0.174121405750799,0,0.928909952606635,0.167449139280125,0.0950080515297907,0,0.938556067588326,0.92259083728278,0.104669887278583,0.187096774193548,0.932565789473684,0,0.632911392405063,0.0925324675324675,0.2765625,0.692429022082019,0.406698564593301,0.113924050632911,0.927652733118971,0.0744186046511628,0.0719874804381847,0.92246835443038,0.0987261146496815,0.0642054574638844,0.102272727272727,0.0676100628930818,0.860095389507154,0.679936305732484,0.719874804381847,0.0889967637540453,0.128455284552846,0.00158730158730159,0.768233387358185,0.0988835725677831,0.824088748019017,0.750769230769231,0.075,0.0745542949756888,0.110932475884244,0.374183006535948,0.0648148148148148,0.783870967741935,0.110764430577223,0.0725806451612903,0,0.677621283255086,0.482982171799028,0.950949367088608,0.0015748031496063,0.922360248447205,0.158227848101266,0.9140625,0.934169278996865,0,0.813990461049285,0.0793650793650794,0.884310618066561,0.087893864013267,0.100156494522692,0.0909090909090909,0.733441033925687,0.735537190082645,0.382022471910112,0.614357262103506,0,0.252782193958665,0.920436817472699,0.9125,0.807210031347962,0.0659163987138264,0.932707355242567,0,0.678683385579937,0.927899686520376,0.911147011308562,0.5625,0.0761904761904762,0.807443365695793,0.0658978583196046,0.102272727272727,0,0.0776255707762557,0.922958397534669,0.0716510903426791,0.252019386106624,0.0734094616639478,0.9125,0.100156494522692,0.925515055467512,0.195275590551181,0.363934426229508,0.135860979462875,0.083596214511041,0.0619047619047619,0.723642172523962,0.101748807631161,0.0641627543035994,0.933641975308642,0.924764890282132,0.0734094616639478,0.0708661417322835,0.759873617693523,0.184419713831479,0.110927152317881,0.1140625,0.0738993710691824,0,0.899521531100478,0.0669856459330144,0.930979133226324,0,0.100158982511924,0,0.944805194805195,0.0582677165354331,0.106687898089172,0,0.43312101910828,0.621019108280255,0.0889967637540453,0.928338762214984,0.204878048780488,0.0747967479674797,0.673107890499195,0.443381180223285,0.278501628664495,0,0.831746031746032,0.0975609756097561,0.0768,0.591772151898734,0.0706436420722135,0.107563025210084,0.91653290529695,0,0.0893416927899686,0.072,0.108974358974359,0.374803149606299,0.925686591276252,0.201923076923077,0.748822605965463,0.791245791245791,0,0.42671009771987,0.425806451612903,0.430842607313196,0,0.791530944625407,0.163751987281399,0.411764705882353,0.551181102362205,0.901365705614568,0,0,0.0651515151515152,0.0938461538461538,0,0.141269841269841,0,0,0,0.0752,0,0.0741350906095552,0.285046728971963,0.523364485981308,0.059748427672956,0,0,0.0742496050552923,0.107858243451464,0.363354037267081,0.926791277258567,0,0.176470588235294,0.46046511627907,0.0757097791798107,0.502377179080824,0.738709677419355,0,0.0926216640502355,0.929373996789727,0.110929853181077,0.914927768860353,0,0.914503816793893,0.84887459807074,0.530377668308703,0.0995260663507109,0,0.125,0.0884676145339652,0.0636942675159236,0,1,0.124172185430464,0.932231404958678,0.0636645962732919,0.0649149922720247,0.930599369085173,0.0763116057233704,0.716323296354992,0.255520504731861,0.929260450160772,0.812995245641838,0.10828025477707,0,0.929245283018868,0.0970266040688576,0.926590538336052,0.423076923076923,0.611916264090177,0,0.835182250396197,0.326860841423948,0.759055118110236,0.0946372239747634,0.935126582278481,0.822706065318818,0.570957095709571,0.127496159754224,0.185185185185185,0.110032362459547,0.321543408360129,0,0.0794392523364486,0.918495297805643,0.1,0.637561779242175,0.932389937106918,0.0676100628930818,0.0775444264943457,0.0700636942675159,0.421303656597774,0.0917721518987342,0.856451612903226,0.810064935064935,0.133545310015898,0.178403755868545,0,0,0.0738362760834671,0.126623376623377,0.920840064620355,0.0926517571884984,0.0832025117739403,0.681962025316456,0.14003294892916,0.318481848184819,0.165884194053208,0,0.108064516129032,0.65224358974359,0.0672,0.0715421303656598,0,0.429967426710098,0.101286173633441,0.9392,0.382636655948553,0.707472178060413,0.274691358024691,0.381967213114754,0.114197530864198,0.870967741935484,0.0806451612903226,0.0681458003169572,0.0832025117739403,0.703583061889251,0.85829307568438,0.0789889415481833,0.0815047021943574,0,0.282539682539683,0.575235109717868,0.827258320126783,0.30298273155416,0.0780254777070064,0.189189189189189,0.0761904761904762,0.111627906976744,0.928807947019868,0,0.254372019077901,0.931089743589744,0.92368839427663,0.817749603803486,0,0.0766823161189358,0.15552099533437,0.0729001584786054,0.0717628705148206,0.883306320907618,0.932907348242812,0,0,0.829855537720706,0.887459807073955,0.85031847133758,0,0.92604501607717,0.0689655172413793,0.384976525821596,0.712218649517685,0.0726978998384491,0.445497630331754,0.0992,0.4171875,0.40809968847352,0,0.0658499234303216,0.642740619902121,0.551053484602917,0.145285935085008,0.0768025078369906,0.625,0,0.110047846889952,0.0998439937597504,0,0.109062980030722,0.918918918918919,0.0811688311688312,0.570747217806041,0,0,0.525451559934319,0.237479806138934,0.935736677115988,0.899513776337115,0,0,0.313846153846154,0.910828025477707,0.0664451827242525,0.766091051805338,0.0753846153846154,0.927244582043344,0.635646687697161,0.673139158576052,0.196110210696921,0.868988391376451,0.933544303797468,0,0.898026315789474,0,0.0728682170542636,0.752025931928687,0.0874233128834356,0.925081433224756,0.0688524590163934,0,0.524031007751938,0.584664536741214,0.0647709320695103,0,0.0733229329173167,0,0.680327868852459,0.0833333333333333,0,0.407582938388626,0.0900473933649289,0.31378763866878,0.122778675282714,0.926447574334898,0,0.0686900958466454,0.821256038647343,0,0.372641509433962,0.932307692307692,0.913249211356467,0.0761904761904762,0.0646203554119548,0.0856697819314642,0.0984126984126984,0.0825242718446602,0,0.0949367088607595,0,0.644961240310078,0.802839116719243,0.0772870662460568,0.0688575899843505,0.0791925465838509,0.0842607313195548,0.0327102803738318,0.9424,0.0863787375415282,0.117370892018779,0.34984520123839,0.0867507886435331,0.0633693972179289,0.0977564102564103,0,0,0.0961240310077519,0,0.886821705426357,0,0.1216,0.809210526315789,0.777594728171334,0.823529411764706,0.131955484896661,0.00158478605388273,0.890822784810127,0.0700636942675159,0.0679304897314376,0.416666666666667,0.627300613496933,0.782608695652174,0.87207488299532,0.413570274636511,0.93522906793049,0.834920634920635,0.504823151125402,0.776377952755905,0.366197183098592,0.917329093799682,0,0.925686591276252,0.663446054750403,0.059504132231405,0.393312101910828,0.779661016949153,0.42902711323764,0.188383045525903,0.0716510903426791,0.10981697171381,0.0963081861958267,0.065252854812398,0.0763116057233704,0.521669341894061,0.656050955414013,0.0668789808917197,0.929230769230769,0.921296296296296,0.202551834130782,0,0.0707547169811321,0.106180665610143,0,0.854545454545454,0,0.125396825396825,0,0.0987654320987654,0.0763116057233704,0.928682170542636,0.234108527131783,0.0639625585023401,0.393939393939394,0.427001569858713,0.174603174603175,0,0,0.13562091503268,0.127300613496933,0.0824088748019017,0,0,0.931034482758621,0.814756671899529,0.529874213836478,0,0.625396825396825,0,0.137096774193548,0.0736,0.786752827140549,0.762128325508607,0,0.732786885245902,0.455573505654281,0.199044585987261,0.10077519379845,0.288188976377953,0.924290220820189,0.083743842364532,0.0822784810126582,0.0698051948051948,0,0.0782472613458529,0,0.0749601275917065,0.940418679549114,0.575206611570248,0,0,0.235015772870662,0.140776699029126,0.121684867394696,0.33641975308642,0.908385093167702,0.922077922077922,0.229067930489731,0.228043143297381,0,0.933649289099526,0.0982286634460548,0,0.0880913539967374,0.109204368174727,0.92018779342723,0,0.924920127795527,0.0698757763975155,0.610492845786963,0.886075949367089,0.864077669902913,0.912363067292645,0.369354838709677,0.863496932515337,0.072,0,0.309791332263242,0.0825545171339564,0,0,0.925418569254186,0,0.94006309148265,0.0746031746031746,0.333333333333333,0.92776886035313,0.931484502446982,0.504918032786885,0.111111111111111,0.589540412044374,0,0.931596091205212,0.0516962843295638,0.0111642743221691,0,0.753205128205128,0.922480620155039,0.924315619967794,0.919937205651491,0.936808846761453,0,0,0.925278219395866,0.0063391442155309,0.00325732899022801,0.0222929936305732,0.00630914826498423,0,0.933962264150943,0.0141732283464567,0.92891760904685,0.922953451043339,0,0.930379746835443,0.0472560975609756,0.9359375,0.866666666666667,0.92802450229709,0.934609250398724
"483",0.925549915397631,0.924342105263158,0.911960132890365,0.875207986688852,0.922033898305085,0.938144329896907,0.851913477537438,0.909240924092409,0.942528735632184,0,0.930693069306931,0,0.558333333333333,0.933104631217839,0.0998336106489185,0.0728476821192053,0,0.0119047619047619,0.935702199661591,0.930348258706468,0.212317666126418,0.0859106529209622,0.927868852459016,0,0.923076923076923,0.288107202680067,0.179401993355482,0.924496644295302,0.499189627228525,0.671031096563011,0.0588235294117647,0.69672131147541,0.772954924874791,0.318032786885246,0,0.938333333333333,0.00993377483443709,0.925686591276252,0.314465408805031,0.880913539967374,0.00165837479270315,0.0113085621970921,0.0048780487804878,0.932773109243697,0.732323232323232,0.0831946755407654,0.512355848434926,0.0666666666666667,0.489465153970827,0.173015873015873,0,0.933665008291874,0.308441558441558,0.932896890343699,0.837792642140468,0.202725724020443,0,0.940878378378378,0.9008,0.868204283360791,0.338259441707718,0.467980295566502,0.0677966101694915,0,0.865996649916248,0.827242524916944,0,0.928571428571429,0,0.065546218487395,0.819834710743802,0.0665557404326123,0.0847176079734219,0.93042071197411,0,0.723856209150327,0.113300492610837,0.588617886178862,0.868686868686869,0.298456260720412,0,0.706362153344209,0.239482200647249,0.930533117932149,0.149253731343284,0.867647058823529,0.924959216965742,0.918166939443535,0.914473684210526,0.00970873786407767,0.919275123558484,0.932896890343699,0,0,0.930976430976431,0,0.315875613747954,0.931818181818182,0.00489396411092985,0.00504201680672269,0.606010016694491,0,0.327841845140033,0.931208053691275,0.165594855305466,0.933333333333333,0.00672268907563025,0.915702479338843,0.0654362416107383,0.066006600660066,0.0717781402936378,0.865793780687398,0.370065789473684,0.927152317880795,0,0.927066450567261,0.707641196013289,0,0.0715447154471545,0.285714285714286,0,0.774834437086093,0.281045751633987,0.130653266331658,0.913907284768212,0.191489361702128,0.933656957928803,0.925249169435216,0,0.553333333333333,0.887973640856672,0.531772575250836,0.925549915397631,0,0.929883138564274,0.0915032679738562,0,0.257903494176373,0.640856672158155,0.517766497461929,0,0,0.925742574257426,0.785357737104825,0.201353637901861,0.935749588138385,0.079734219269103,0.883223684210526,0.441077441077441,0.913680781758958,0.191452991452991,0.913188647746244,0.943201376936317,0.827868852459016,0.929508196721311,0.0642978003384095,0.931484502446982,0.0701168614357262,0,0.760797342192691,0.833865814696486,0.945364238410596,0.0819935691318328,0,0.926163723916533,0.463497453310696,0.938879456706282,0.932896890343699,0.931707317073171,0.340322580645161,0.916398713826367,0.0701168614357262,0.904991948470209,0.0709779179810726,0.847826086956522,0.382636655948553,0,0.925864909390445,0,0.855500821018062,0.935749588138385,0.184300341296928,0.919141914191419,0.90311986863711,0.933438985736926,0.919803600654664,0.155088852988691,0.402936378466558,0.868243243243243,0.891089108910891,0.11400651465798,0.0734094616639478,0.916943521594684,0.817733990147783,0,0,0.31900826446281,0.00164744645799012,0.932584269662921,0.287560581583199,0.836666666666667,0.775409836065574,0.930868167202572,0.471074380165289,0.489566613162119,0.333333333333333,0.867330016583748,0.920133111480865,0.841761827079935,0,0.851973684210526,0.228714524207012,0.899339933993399,0.0628099173553719,0.114192495921697,0.547107438016529,0.915966386554622,0.914790996784566,0.818481848184819,0.934210526315789,0.854304635761589,0,0.120915032679739,0.68130081300813,0.930232558139535,0,0.941463414634146,0.930194805194805,0.550561797752809,0.554817275747508,0.936560934891486,0.9375,0.39202657807309,0,0.847290640394089,0.545304777594728,0.911111111111111,0.0642504118616145,0.91025641025641,0.934232715008432,0.931818181818182,0.905940594059406,0.544701986754967,0.0675453047775947,0.907438016528926,0.538961038961039,0.0729001584786054,0.0692431561996779,0.245098039215686,0.0669934640522876,0.209917355371901,0.655172413793103,0.0591133004926108,0.0707236842105263,0.0689655172413793,0.58957654723127,0.100340136054422,0.922818791946309,0.0116472545757072,0.0610561056105611,0,0.265993265993266,0.927609427609428,0.916256157635468,0.847790507364975,0,0.823432343234323,0.849918433931484,0.68976897689769,0.621710526315789,0.466777408637874,0.491554054054054,0.00981996726677578,0.925619834710744,0.14975845410628,0.715966386554622,0.910891089108911,0.0786885245901639,0.724590163934426,0.0750407830342577,0.168026101141925,0.933656957928803,0.935702199661591,0.846410684474123,0,0.654281098546042,0.839403973509934,0,0.060655737704918,0.853858784893268,0.916247906197655,0,0.0646203554119548,0.0603588907014682,0.921926910299003,0.847176079734219,0.0663265306122449,0,0.400662251655629,0.933993399339934,0.75609756097561,0.41871921182266,0.667221297836938,0.902155887230514,0.0773026315789474,0.936585365853659,0.93192868719611,0.0765391014975042,0.917491749174917,0.93322203672788,0.963210702341137,0.94299674267101,0.227495908346972,0.353518821603928,0.314569536423841,0.917491749174917,0.926495726495727,0.0517529215358932,0.311986863711002,0.92179700499168,0.192495921696574,0.339652448657188,0.93698175787728,0.939899833055092,0.913907284768212,0.727731092436975,0.933977455716586,0.290215588723051,0.910891089108911,0.936860068259386,0,0.3486529318542,0.547008547008547,0.076158940397351,0.0570032573289902,0.0715447154471545,0.876644736842105,0.0931372549019608,0.0678513731825525,0,0.264026402640264,0.926421404682274,0.125,0.929173693086003,0.905073649754501,0.927031509121061,0.315091210613599,0.322259136212625,0.683946488294314,0.467826086956522,0,0.803630363036304,0.0787781350482315,0.103225806451613,0.237232289950577,0.932786885245902,0.065359477124183,0,0.364667747163695,0.0688524590163934,0.0935374149659864,0.467116357504216,0.936134453781513,0.29776247848537,0.935652173913043,0.941763727121464,0,0.9375,0.0635930047694754,0.934959349593496,0.808896210873147,0.943396226415094,0.0818030050083473,0.944444444444444,0.0655737704918033,0.861896838602329,0.706666666666667,0.902755267423015,0.933884297520661,0.937704918032787,0.320197044334975,0.910299003322259,0.924920127795527,0.0713128038897893,0.0855263157894737,0.925,0.932998324958124,0.348914858096828,0.866449511400652,0.912371134020619,0.917073170731707,0.936585365853659,0,0.169811320754717,0.939144736842105,0.0706075533661741,0,0.913621262458472,0.00686106346483705,0.102006688963211,0.934294871794872,0.906197654941373,0.00333333333333333,0.612582781456954,0.425460636515913,0.92436974789916,0.0575296108291032,0.84,0.933333333333333,0.401694915254237,0.613747954173486,0.772344013490725,0,0.208053691275168,0.913333333333333,0.928221859706362,0.447194719471947,0.934426229508197,0.917808219178082,0.0939044481054366,0.00163132137030995,0.920840064620355,0.9375,0.896103896103896,0.697865353037767,0.0691927512355848,0.823240589198036,0.289689034369885,0.213913043478261,0.00489396411092985,0.643926788685524,0.596345514950166,0.624796084828711,0,0.312607944732297,0.879736408566722,0.648026315789474,0.550819672131148,0.144694533762058,0,0,0.9296,0.949675324675325,0,0.862126245847176,0.0100840336134454,0,0,0.943708609271523,0,0.938983050847458,0.742671009771987,0.536065573770492,0.928687196110211,0,0,0.941653160453809,0.932907348242812,0.735632183908046,0.0662358642972536,0.00172711571675302,0.830917874396135,0.600993377483444,0.929276315789474,0.536585365853659,0.363787375415282,0,0.919141914191419,0.0719063545150502,0.908474576271186,0.12876254180602,0,0.0658105939004815,0.163879598662207,0.530508474576271,0.910743801652893,0,0.905383360522023,0.918300653594771,0.932676518883415,0,0.124172185430464,1,0.0737564322469983,0.938709677419355,0.931707317073171,0.0741350906095552,0.935855263157895,0.316558441558442,0.784053156146179,0.0741989881956155,0.218855218855219,0.916256157635468,0.00981996726677578,0.0643564356435644,0.915335463258786,0.0747028862478778,0.679727427597956,0.406354515050167,0,0.169407894736842,0.748743718592965,0.29016393442623,0.915032679738562,0.0629139072847682,0.19935170178282,0.514480408858603,0.898222940226171,0.851851851851852,0.907014681892333,0.748760330578512,0,0.924558587479936,0.0667726550079491,0.968333333333333,0.412162162162162,0.0747967479674797,0.93042071197411,0.934673366834171,0.93781512605042,0.634390651085142,0.932565789473684,0.178631051752922,0.228714524207012,0.904132231404959,0.844628099173554,0,0,0.929738562091503,0.878172588832487,0.0823529411764706,0.926788685524126,0.927512355848435,0.374798061389338,0.863481228668942,0.73,0.84329563812601,0,0.910596026490066,0.366336633663366,0.92962356792144,0.928807947019868,0,0.674418604651163,0.912605042016807,0.0651085141903172,0.704391891891892,0.389072847682119,0.804451510333863,0.680602006688963,0.899350649350649,0.128874388254486,0.91864406779661,0.936274509803922,0.931780366056572,0.329351535836177,0.14827018121911,0.924466338259442,0.934747145187602,0.00486223662884927,0.809210526315789,0.502439024390244,0.292962356792144,0.756622516556291,0.939698492462312,0.848837209302326,0.936274509803922,0.113085621970921,0.0586264656616415,0,0.816225165562914,0.0693739424703892,0.0691927512355848,0.315181518151815,0,0.935643564356436,0.88562091503268,0.935215946843854,0.936,0.13673805601318,0.0715474209650582,0,0,0.227045075125209,0.141903171953255,0.196339434276206,0,0.060655737704918,0.938009787928222,0.0344262295081967,0.31810766721044,0.939899833055092,0.577049180327869,0.920792079207921,0.650641025641026,0.61698717948718,0,0.933544303797468,0.425460636515913,0.520798668885191,0.869918699186992,0.927536231884058,0.416531604538088,0.00978792822185971,0.895867768595041,0.900326797385621,0,0.905063291139241,0.0815660685154976,0.910924369747899,0.485148514851485,0,0.00811688311688312,0.533333333333333,0.812913907284768,0.0691927512355848,0.189509306260575,0.00991735537190083,0.00172117039586919,0.761526232114467,0.068561872909699,0.92320819112628,0.352459016393443,0.919934640522876,0.0648298217179903,0.406199021207178,0.351170568561873,0.830820770519263,0.13265306122449,0.0714285714285714,0.00327868852459016,0.100993377483444,0,0.931707317073171,0.0830508474576271,0.916264090177134,0.0721476510067114,0.932998324958124,0,0.5232,0.48989898989899,0.933993399339934,0,0.930979133226324,0,0.415254237288136,0.92,0,0.626029654036244,0.928333333333333,0.737190082644628,0.895904436860068,0.105008077544426,0,0.933884297520661,0.285475792988314,0,0.699029126213592,0.0624,0.082670906200318,0.926298157453936,0.93687707641196,0.927184466019418,0.906197654941373,0.926350245499182,0,0.920454545454545,0.0210696920583468,0.378812199036918,0.309210526315789,0.93517017828201,0.939542483660131,0.936102236421725,0.931089743589744,0.0516129032258065,0.0691927512355848,0.93298969072165,0.910277324632953,0.729641693811075,0.920325203252032,0.929508196721311,0.915841584158416,0,0,0.950871632329635,0,0.117073170731707,0,0.907590759075908,0.304201680672269,0.261904761904762,0.171749598715891,0.901502504173623,0,0.166123778501629,0.931707317073171,0.930645161290323,0.643322475570033,0.431528662420382,0.245696400625978,0.223642172523962,0.632203389830508,0.0649350649350649,0.174551386623165,0.554817275747508,0.302134646962233,0.707993474714519,0.0745542949756888,0,0.0683333333333333,0.34923339011925,0.929794520547945,0.617263843648209,0.27724358974359,0.641233766233766,0.832792207792208,0.944262295081967,0.904201680672269,0.917508417508417,0.930390492359932,0.933884297520661,0.574043261231281,0.442122186495177,0.943548387096774,0.068362480127186,0.0738362760834671,0.844884488448845,0.00819672131147541,0.94336569579288,0.965346534653465,0,0.157804459691252,0,0.893864013266998,0,0.916938110749186,0.931147540983607,0.0666666666666667,0.806070826306914,0.940226171243942,0.642978003384095,0.618032786885246,0.836974789915966,0,0,0.895189003436426,0.884126984126984,0.923824959481361,0,0,0.0620805369127517,0.281505728314239,0.542904290429043,0,0.475409836065574,0,0.866779089376054,0.929042904290429,0.207920792079208,0.266990291262136,0,0.373333333333333,0.60586319218241,0.859477124183007,0.902755267423015,0.73538961038961,0.0706075533661741,0.939495798319328,0.0196078431372549,0.940099833610649,0,0.920583468395462,0.00488599348534202,0.936426116838488,0.0787269681742044,0.0494233937397035,0,0,0.822764227642276,0.876480541455161,0.890522875816993,0.731707317073171,0.0962479608482871,0.0703517587939698,0.793333333333333,0.797752808988764,0,0.0726072607260726,0.914754098360656,0,0.945762711864407,0.889967637540453,0.12876254180602,0.0443349753694581,0.070840197693575,0.935275080906149,0.479661016949153,0.119800332778702,0.159592529711375,0.166666666666667,0.707357859531773,0.148867313915858,0.938333333333333,0,0.770017035775128,0.924558587479936,0.00166666666666667,0,0.0643642072213501,0,0.0693069306930693,0.93431855500821,0.673469387755102,0.0698835274542429,0.0664451827242525,0.540677966101695,0.903973509933775,0.47571189279732,0.0455284552845528,0.0693739424703892,0.0539629005059022,0.00983606557377049,0,0.0775577557755776,0.0755627009646302,0.0732538330494037,0.0819672131147541,0.0632090761750405,0.0499168053244592,0.0594059405940594,0.0754098360655738,0.0115511551155116,0.00335570469798658,0.0228384991843393,0.0163132137030995,0.0598705501618123,0.075,0.0165016501650165,0.0715502555366269,0.0721311475409836,0.0447019867549669,0.0756578947368421,0.0210355987055016,0.0689655172413793,0.0903010033444816,0.0691318327974277,0.0689655172413793
"484",0.00822368421052632,0.00162074554294976,0.0365659777424483,0.0580431177446103,0.02,0.005,0.104918032786885,0.0292207792207792,0.00476947535771065,0,0.00484652665589661,0,0.435980551053485,0.00496688741721854,0.953947368421053,0.988486842105263,0,0.00164744645799012,0.0050761421319797,0.0224358974358974,0.856913183279743,0.966044142614601,0.0161290322580645,0,0.0476190476190476,0.741407528641571,0.900990099009901,0.0115702479338843,0.540284360189573,0.328968903436989,1,0.321027287319422,0.230263157894737,0.716612377850163,0,0.0032626427406199,0.00323624595469256,0.011400651465798,0.758675078864353,0.0898876404494382,0,0,0,0.00165016501650165,0.214285714285714,0.978405315614618,0.48130081300813,0.995090016366612,0.528301886792453,0.879227053140097,0,0.00996677740863787,0.750402576489533,0.0016260162601626,0.115635179153094,0.844155844155844,0,0.0309446254071661,0.0477707006369427,0.102439024390244,0.71107544141252,0.576051779935275,0.996747967479675,0,0.108108108108108,0.176661264181524,0,0.0146341463414634,0,0.995008319467554,0.14968152866242,0.990131578947368,0.977382875605816,0.00486223662884927,0,0.298555377207063,0.9616,0.420289855072464,0.104477611940299,0.749562171628722,0,0.296474358974359,0.786061588330632,0.0048,0.890145395799677,0.0910543130990415,0.00807754442649435,0.0344827586206897,0.0290791599353796,0,0.0179738562091503,0.00324149108589951,0,0,0.0316139767054908,0,0.695161290322581,0.0211382113821138,0,0,0.402618657937807,0,0.732558139534884,0.00493421052631579,0.899841017488076,0.00498338870431894,0,0.0273311897106109,0.99512987012987,0.988636363636364,0.991762767710049,0.0868852459016393,0.685667752442997,0.0148514851485149,0,0.0192616372391653,0.294498381877023,0,0.996747967479675,0.776119402985075,0,0.222405271828666,0.769726247987118,0.926666666666667,0.0335463258785942,0.851851851851852,0.00481540930979133,0.00818330605564648,0,0.479740680713128,0.0721311475409836,0.495812395309883,0.0147783251231527,0,0.0066334991708126,0.9859375,0,0.811382113821138,0.365131578947368,0.505862646566164,0,0,0.0292682926829268,0.246329526916803,0.821963394342762,0.00325732899022801,0.993333333333333,0.0802568218298555,0.60556464811784,0.025518341307815,0.869782971619366,0.0196078431372549,0.0032626427406199,0.165837479270315,0.00975609756097561,0.995049504950495,0.00492610837438424,0.995081967213115,0,0.264119601328904,0.131537242472266,0.0272,0.977742448330684,0,0.0048,0.559865092748735,0.00505902192242833,0.00480769230769231,0.00325732899022801,0.707865168539326,0.0277324632952692,0.993399339933993,0.0458135860979463,0.99685534591195,0.110743801652893,0.631663974151858,0,0.0179738562091503,0,0.16366612111293,0.00324675324675325,0.881493506493506,0.0213114754098361,0.0575079872204473,0.0141509433962264,0.0274636510500808,0.906451612903226,0.637658227848101,0.0760330578512397,0.0657672849915683,0.943820224719101,0.991830065359477,0.0184873949579832,0.127009646302251,0,0,0.725165562913907,0,0.0048,0.757142857142857,0.115702479338843,0.262135922330097,0.012779552715655,0.597063621533442,0.565768621236133,0.732558139534884,0.0808580858085809,0.0382059800664452,0.122611464968153,0,0.12258064516129,0.829716193656094,0.0639344262295082,0.995161290322581,0.93217665615142,0.490998363338789,0.0261437908496732,0.0224,0.171052631578947,0.00490998363338789,0.11869918699187,0,0.930081300813008,0.34775641025641,0.00822368421052632,0,0.0126984126984127,0.0238853503184713,0.473597359735974,0.475961538461538,0.0163934426229508,0.00334448160535117,0.634426229508197,0,0.105769230769231,0.483443708609272,0.035472972972973,0.995238095238095,0.0448717948717949,0.00489396411092985,0.0016260162601626,0.0524590163934426,0.473684210526316,0.996699669966997,0.0375203915171289,0.445859872611465,0.995253164556962,0.995283018867924,0.803600654664484,0.99673735725938,0.860927152317881,0.33974358974359,0.995153473344103,0.99025974025974,0.991789819376026,0.440381558028617,0.957377049180328,0.0243506493506494,0,0.99510603588907,0,0.7779632721202,0.00488599348534202,0.032626427406199,0.101639344262295,0,0.123762376237624,0.144927536231884,0.314935064935065,0.4,0.551554828150573,0.541734860883797,0,0.00503355704697987,0.911003236245955,0.304568527918782,0.0423452768729642,0.987261146496815,0.265905383360522,0.99504132231405,0.880258899676375,0.00321027287319422,0.0050251256281407,0.106312292358804,0,0.381877022653722,0.112396694214876,0,0.995169082125604,0.105095541401274,0.0231788079470199,0,0.995161290322581,0.993485342019544,0.0217391304347826,0.121710526315789,0.995065789473684,0,0.616013071895425,0.00996677740863787,0.226114649681529,0.623376623376623,0.374789915966387,0.0427215189873418,0.986885245901639,0.00477707006369427,0.00328407224958949,0.986820428336079,0.0405844155844156,0.00325732899022801,0.035,0.00324149108589951,0.816720257234727,0.710823909531502,0.742998352553542,0.028006589785832,0.0587248322147651,0.00161290322580645,0.737274220032841,0.0281456953642384,0.836038961038961,0.697347893915757,0.00978792822185971,0.00494233937397035,0.0375203915171289,0.31438127090301,0.00631911532385466,0.753719008264463,0.038961038961039,0.00664451827242525,0,0.686998394863563,0.462046204620462,0.982084690553746,0,0.993620414673046,0.0900163666121113,0.977491961414791,0.995137763371151,0,0.773983739837398,0.0147058823529412,0.926829268292683,0.0168350168350168,0.0344262295081967,0.0177133655394525,0.736227045075125,0.72972972972973,0.316993464052288,0.554237288135593,0,0.179936305732484,0.990353697749196,0.9744,0.811688311688312,0.00491803278688525,0.993537964458804,0,0.690938511326861,0.984076433121019,0.973813420621931,0.526058631921824,0.00327332242225859,0.736754966887417,0.00338983050847458,0.0358890701468189,0,0.0137825421133231,0.995230524642289,0.00644122383252818,0.175523349436393,0.00501672240802676,0.988562091503268,0.0304,0.99673735725938,0.110210696920583,0.29450915141431,0.0583468395461912,0.0145395799676898,0.00322061191626409,0.729950900163666,0.0429752066115702,0.00159489633173844,0.995230524642289,0.972886762360447,0.00491803278688525,0.00161812297734628,0.694444444444444,0.101973684210526,0.0336134453781513,0.0550161812297735,0.00324149108589951,0,0.903654485049834,0.00485436893203883,0.993506493506494,0,0.0342019543973941,0,0.948929159802306,0.00323624595469256,0.0382059800664452,0,0.382207578253707,0.573983739837398,0.0149006622516556,0.996688741721854,0.133111480865225,0.00667779632721202,0.627677100494234,0.432,0.217532467532468,0,0.854132901134522,0.0285714285714286,0.00325732899022801,0.546774193548387,0.00477707006369427,0.0322033898305085,0.969004893964111,0,0.0162866449511401,0.0112179487179487,0.0524590163934426,0.30278232405892,0.988691437802908,0.137479541734861,0.768233387358185,0.816151202749141,0,0.371100164203612,0.39607201309329,0.383986928104575,0,0.734113712374582,0.0898692810457516,0.361736334405145,0.491283676703645,0.931357254290172,0,0,0.00313479623824451,0.0286624203821656,0,0.0876623376623377,0,0,0,0.00649350649350649,0,0.00337268128161889,0.241883116883117,0.497652582159624,0.00322061191626409,0,0,0.00969305331179321,0.0440251572327044,0.273752012882448,1,0,0.114331723027375,0.440842787682334,0.00486223662884927,0.470779220779221,0.663907284768212,0,0.0225442834138486,0.995049504950495,0.0488599348534202,0.905940594059406,0,0.992163009404389,0.88562091503268,0.506688963210702,0.0337078651685393,0,0.055205047318612,0.0292682926829268,0.00321543408360129,0,0.932231404958678,0.0737564322469983,1,0.00321027287319422,0.00315955766192733,0.990306946688207,0.0032258064516129,0.726978998384491,0.211726384364821,0.988486842105263,0.842454394693201,0.0509031198686371,0,0.99672131147541,0.0254777070063694,0.991610738255034,0.348039215686274,0.599025974025974,0,0.904838709677419,0.270315091210614,0.76260162601626,0.0247116968698517,0.99505766062603,0.855769230769231,0.541737649063032,0.0591054313099042,0.118971061093248,0.0394088669950739,0.250825082508251,0,0.0241545893719807,0.996768982229402,0.0375203915171289,0.62962962962963,0.998430141287284,0.00324675324675325,0.00327332242225859,0.00327868852459016,0.36046511627907,0.0179445350734095,0.878887070376432,0.832786885245902,0.057660626029654,0.117174959871589,0,0,0.0116279069767442,0.0705882352941176,0.983686786296901,0.0182119205298013,0.0112540192926045,0.660714285714286,0.0765391014975042,0.277870216306156,0.106687898089172,0,0.0347682119205298,0.667763157894737,0.00323624595469256,0.00323624595469256,0,0.370065789473684,0.033167495854063,0.995121951219512,0.331683168316832,0.631493506493506,0.2,0.314845024469821,0.04858934169279,0.915873015873016,0.0133779264214047,0.00486223662884927,0.0228384991843393,0.708754208754209,0.87987012987013,0.0162337662337662,0.00159744408945687,0,0.218241042345277,0.545602605863192,0.753646677471637,0.237096774193548,0.0032520325203252,0.122719734660033,0.00491803278688525,0.111642743221691,0.996598639455782,0,0.177993527508091,0.991776315789474,0.9967585089141,0.742200328407225,0,0.012987012987013,0.0930979133226324,0.00646203554119548,0.00796178343949045,0.916802610114193,0.995065789473684,0,0,0.830564784053156,0.929159802306425,0.843492586490939,0,0.995065789473684,0.00479233226837061,0.428343949044586,0.723404255319149,0.00328947368421053,0.42443729903537,0.033167495854063,0.356687898089172,0.365231259968102,0,0.00469483568075117,0.628099173553719,0.538336052202284,0.0758293838862559,0.0161290322580645,0.633223684210526,0,0.0514096185737977,0.0448717948717949,0,0.0361067503924647,0.977382875605816,0.0168067226890756,0.563897763578275,0,0,0.510998307952623,0.157284768211921,0.995145631067961,0.869205298013245,0,0,0.253943217665615,0.971947194719472,0.00511073253833049,0.702093397745572,0.00807754442649435,0.995137763371151,0.618122977346278,0.669407894736842,0.13,0.902356902356902,0.995176848874598,0,0.968595041322314,0,0.00947867298578199,0.804753820033956,0.0235478806907378,0.990147783251232,0.00328407224958949,0,0.474522292993631,0.541734860883797,0.00328947368421053,0,0.00636942675159236,0,0.62248322147651,0.0158478605388273,0,0.344660194174757,0.021523178807947,0.258957654723127,0.0478547854785479,0.963434022257552,0,0.00481540930979133,0.739703459637562,0,0.311501597444089,1,0.980952380952381,0.00328407224958949,0.00495049504950495,0.0128205128205128,0.0292682926829268,0.0213114754098361,0,0.0261011419249592,0,0.650563607085346,0.719298245614035,0.0128824476650564,0.012987012987013,0.0110062893081761,0.00966183574879227,0.024232633279483,0.980519480519481,0.0168918918918919,0.0488599348534202,0.278219395866455,0.0241545893719807,0.00485436893203883,0.0322061191626409,0,0,0.025,0,0.934817170111288,0,0.0520325203252033,0.72636815920398,0.803691275167785,0.897314375987362,0.0833333333333333,0.00161290322580645,0.905996758508914,0.0032520325203252,0.00160513643659711,0.367047308319739,0.606635071090047,0.781990521327014,0.8256,0.353719008264463,0.996810207336523,0.874403815580286,0.483660130718954,0.741518578352181,0.289348171701113,0.993517017828201,0,0.99672131147541,0.678807947019868,0.00503355704697987,0.372168284789644,0.792452830188679,0.377207062600321,0.125407166123779,0.0159489633173844,0.0469011725293132,0.0212418300653595,0.005,0.0033003300330033,0.466019417475728,0.585644371941272,0.00490196078431373,0.992101105845182,0.98876404494382,0.127450980392157,0,0.00322061191626409,0.0289389067524116,0,0.888333333333333,0,0.059016393442623,0,0.0322061191626409,0.00323624595469256,0.992012779552716,0.160392798690671,0.00317460317460317,0.364238410596026,0.396103896103896,0.115823817292007,0,0,0.0677966101694915,0.0685358255451713,0.0146341463414634,0,0,0.994974874371859,0.766881028938907,0.495908346972177,0,0.547077922077922,0,0.087893864013267,0.00491803278688525,0.817434210526316,0.75767366720517,0,0.657284768211921,0.424143556280587,0.128617363344051,0.0429252782193959,0.236714975845411,0.996726677577741,0.0116086235489221,0.099009900990099,0.00332778702163062,0,0.0206349206349206,0,0.00166112956810631,0.97708674304419,0.625207296849088,0,0,0.179611650485437,0.0808080808080808,0.0606060606060606,0.296,0.977848101265823,0.991735537190083,0.164725457570715,0.162754303599374,0,0.980392156862745,0.0358306188925081,0,0.0180623973727422,0.048,0.937806873977087,0.00158982511923688,0.993431855500821,0.0032258064516129,0.549833887043189,0.926350245499182,0.904841402337229,0.891585760517799,0.304201680672269,0.908064516129032,0.00332225913621262,0,0.241435562805873,0.0227642276422764,0,0,0.9953125,0,0.995153473344103,0.00489396411092985,0.283783783783784,0.996632996632997,0.99670510708402,0.480327868852459,0.0429752066115702,0.579967689822294,0,0.993299832495812,0.0493421052631579,0.00323101777059774,0,0.824212271973466,0.990369181380417,0.99347471451876,0.9792,0.9968,0,0.00160513643659711,0.986906710310966,0.00324675324675325,0.00165016501650165,0.0245901639344262,0.00479233226837061,0,0.993537964458804,0.00963081861958266,0.998316498316498,0.996710526315789,0.00166944908180301,0.99512987012987,0.0470957613814757,0.9967585089141,0.912972085385878,0.996879875195008,0.9967585089141
"485",0.996815286624204,1,0.967642526964561,0.936608557844691,0.984126984126984,1,0.893682588597843,0.973520249221184,1,0,1,0,0.563076923076923,1,0.0428790199081164,0.00768049155145929,0,0.0171339563862928,1,0.987767584097859,0.138198757763975,0.0336,0.989329268292683,0,0.957186544342508,0.236024844720497,0.113178294573643,0.988888888888889,0.459665144596651,0.685975609756098,0,0.678018575851393,0.764984227129338,0.287037037037037,0,1,0.016566265060241,0.995426829268293,0.248511904761905,0.90273556231003,0.0015527950310559,0.016793893129771,0.00773993808049536,1,0.773311897106109,0.0217729393468118,0.487421383647799,0,0.459580838323353,0.126696832579186,0,0.992319508448541,0.257364341085271,1,0.882170542635659,0.1453125,0,0.973228346456693,0.952743902439024,0.903374233128834,0.288343558282209,0.428129829984544,0,0,0.90077519379845,0.828220858895706,0,0.992283950617284,0,0,0.852134146341463,0.00460122699386503,0.0154083204930663,1,0,0.689393939393939,0.0483383685800604,0.557251908396947,0.894154818325434,0.246353322528363,0,0.698484848484848,0.205438066465257,0.998489425981873,0.107858243451464,0.909774436090226,0.996960486322188,0.966360856269113,0.964885496183206,0.0135135135135135,0.989028213166144,1,0,0,0.973312401883831,0,0.281538461538462,0.983257229832572,0.00894187779433681,0.0108024691358025,0.613003095975232,0,0.277777777777778,1,0.0980392156862745,1,0.0124223602484472,0.975535168195719,0,0.00618238021638331,0.00923076923076923,0.902973395931142,0.312788906009245,0.992260061919505,0,0.984709480122324,0.696646341463415,0,0,0.23374613003096,0,0.761310452418097,0.24191063174114,0.080188679245283,0.970858895705521,0.13914373088685,0.997014925373134,0.996908809891808,0,0.537634408602151,0.934749620637329,0.482866043613707,0.98740157480315,0,0.993680884676145,0.0240601503759399,0,0.188888888888889,0.6296875,0.513687600644122,0,0,0.977134146341463,0.755007704160247,0.165079365079365,1,0.00627943485086342,0.926605504587156,0.400625978090767,0.978915662650602,0.125,0.984447900466563,1,0.840425531914894,0.993846153846154,0,1,0,0,0.736677115987461,0.865269461077844,0.980213089802131,0.0151057401812689,0,1,0.43968253968254,1,1,1,0.282674772036474,0.980152671755725,0.0015527950310559,0.947129909365559,0,0.893023255813953,0.347094801223242,0,0.986068111455108,0,0.84080370942813,1,0.1265625,0.979813664596273,0.947772657450077,0.991058122205663,0.972477064220184,0.0910470409711684,0.367378048780488,0.919003115264797,0.934920634920635,0.0513219284603421,0.00458015267175573,0.978056426332288,0.852760736196319,0,0,0.290372670807453,0.00152905198776758,1,0.23583460949464,0.876160990712074,0.748858447488584,0.990950226244344,0.427457098283931,0.433035714285714,0.282371294851794,0.915254237288136,0.964230171073095,0.880551301684533,0,0.875389408099688,0.17384370015949,0.943396226415094,0,0.0669710806697108,0.527863777089783,0.973805855161787,0.977611940298508,0.830769230769231,1,0.891437308868501,0,0.0698757763975155,0.660578386605784,0.993700787401575,0,0.992526158445441,0.977477477477477,0.54364471669219,0.549770290964778,0.989164086687306,1,0.352484472049689,0,0.887048192771084,0.503888024883359,0.965571205007825,0,0.957317073170732,0.998444790046656,1,0.951638065522621,0.527987897125567,0.00154798761609907,0.967592592592593,0.532307692307692,0.00444444444444444,0,0.189735614307932,0,0.146919431279621,0.6732223903177,0,0.00151285930408472,0.0108191653786708,0.582952815829528,0.0345911949685535,0.984472049689441,0.014018691588785,0,0,0.221003134796238,1,0.9765625,0.890092879256966,0,0.869983948635634,0.848942598187311,0.678571428571429,0.58887171561051,0.459167950693374,0.453125,0.0138674884437596,1,0.085972850678733,0.694805194805195,0.953917050691244,0.0107033639143731,0.740740740740741,0.00153139356814701,0.110599078341014,1,1,0.888188976377953,0,0.634146341463415,0.881619937694704,0,0,0.888888888888889,0.978294573643411,0,0,0.00152439024390244,0.981012658227848,0.882629107981221,0,0,0.373456790123457,0.989180834621329,0.778947368421053,0.380733944954128,0.64622641509434,0.957251908396947,0.00925925925925926,1,1,0.0062111801242236,0.961948249619482,1,0.971473851030111,0.996923076923077,0.169781931464174,0.308755760368664,0.274809160305344,0.974683544303797,0.946117274167987,0.0488549618320611,0.262166405023548,0.974164133738602,0.139393939393939,0.300751879699248,0.995348837209302,0.996845425867508,0.969135802469136,0.684952978056426,0.997005988023952,0.248012718600954,0.961656441717791,0.996894409937888,0,0.313636363636364,0.532385466034755,0.0123839009287926,0.0553846153846154,0.00759878419452888,0.909647779479326,0.0196969696969697,0,0,0.213292117465224,0.992163009404389,0.0667701863354037,0.982258064516129,0.968503937007874,0.986068111455108,0.272300469483568,0.277691107644306,0.655712050078247,0.43739837398374,0,0.809748427672956,0.015015015015015,0.0388059701492537,0.186363636363636,1,0.00153609831029186,0,0.311844077961019,0.00768049155145929,0.0203125,0.471317829457364,1,0.268867924528302,1,0.96411856474259,0,0.98962962962963,0,0.998491704374057,0.813271604938272,1,0.0122699386503067,0.974397590361446,0,0.878461538461539,0.708527131782946,0.944954128440367,0.984615384615385,0.996884735202492,0.279141104294479,0.968895800933126,1,0,0.0215716486902928,1,1,0.307332293291732,0.879389312977099,0.958333333333333,0.948328267477204,1,0,0.114241001564945,1,0.00152905198776758,0,0.962145110410095,0.0124416796267496,0.0390625,1,0.962732919254658,0.00469483568075117,0.626749611197512,0.4015625,0.981308411214953,0.00158478605388273,0.871317829457364,0.9968,0.365054602184087,0.601837672281776,0.782608695652174,0,0.148377125193199,0.971337579617834,0.998425196850394,0.426127527216174,1,0.971061093247588,0.0291411042944785,0.00153846153846154,0.982998454404946,0.995356037151703,0.945904173106646,0.664110429447853,0.00311526479750779,0.860501567398119,0.230534351145038,0.166394779771615,0.00765696784073507,0.603744149765991,0.586854460093897,0.609422492401216,0,0.2671875,0.912172573189522,0.621745788667688,0.51285930408472,0.0745156482861401,0,0,1,0.972727272727273,0,0.91496062992126,0.0126182965299685,0,0,0.998444790046656,0,1,0.766153846153846,0.514459665144597,1,0,0,0.992272024729521,0.964071856287425,0.717948717948718,0,0.00318471337579618,0.872727272727273,0.59480122324159,1,0.511450381679389,0.335423197492163,0,0.978755690440061,0,0.957074721780604,0.0833333333333333,0,0.00899550224887556,0.113029827315542,0.478260869565217,0.968992248062015,0,0.95067264573991,0.972265023112481,1,0,0.0636645962732919,0.938709677419355,0.00321027287319422,1,1,0.00614439324116743,1,0.285276073619632,0.806800618238022,0.00793650793650794,0.160186625194401,0.958139534883721,0.0124416796267496,0,0.973684210526316,0.0032,0.643856920684292,0.385220125786164,0,0.105828220858896,0.740566037735849,0.248456790123457,0.975346687211094,0,0.138719512195122,0.441558441558442,0.944444444444444,0.885022692889561,0.964230171073095,0.736434108527132,0,0.983282674772036,0,0.970679012345679,0.376971608832808,0,1,1,1,0.626749611197512,0.98310291858679,0.112324492979719,0.181533646322379,0.938176197836167,0.876712328767123,0,0,0.989113530326594,0.93026941362916,0.0140625,0.982785602503912,0.990712074303406,0.356164383561644,0.925581395348837,0.7234375,0.876506024096386,0,0.964230171073095,0.323029366306028,1,0.998454404945904,0,0.632237871674491,0.968895800933126,0,0.680061823802164,0.356374807987711,0.793510324483776,0.683385579937304,0.959276018099548,0.0829562594268477,0.985804416403785,1,0.975609756097561,0.281399046104928,0.0903426791277259,0.989263803680982,1,0.00917431192660551,0.771212121212121,0.452200303490137,0.246153846153846,0.75625,1,0.87673343605547,1,0.122571001494768,0,0,0.820710973724884,0.00154559505409583,0,0.258805513016845,0,0.987673343605547,0.915123456790123,0.998475609756098,0.993855606758833,0.0860719874804382,0,0,0,0.168769716088328,0.0782472613458529,0.147744945567652,0,0,1,0.00600600600600601,0.281200631911532,1,0.586046511627907,0.975,0.655538694992413,0.641452344931921,0,1,0.384976525821596,0.491365777080063,0.918057663125948,0.989345509893455,0.380216383307573,0.0123839009287926,0.95405819295559,0.956845238095238,0,0.965620328849028,0.0167682926829268,0.9824,0.424846625766871,0,0.010752688172043,0.508943089430894,0.836767036450079,0,0.119751166407465,0.0139103554868624,0.00159489633173844,0.735905044510386,0.0232919254658385,1,0.305597579425113,0.994011976047904,0,0.38109756097561,0.309486780715397,0.870813397129187,0.0853080568720379,0.00453857791225416,0.00308166409861325,0.0373831775700935,0,0.995433789954338,0.0335463258785942,0.979320531757755,0.0047244094488189,1,0,0.523378582202112,0.459375,1,0,0.998487140695915,0,0.366559485530547,0.98796992481203,0,0.64750378214826,0.979750778816199,0.744945567651633,0.946287519747235,0.033434650455927,0,1,0.243243243243243,0,0.681957186544342,0,0.0153609831029186,1,1,0.990936555891239,0.968036529680365,0.979397781299525,0,0.972179289026275,0.0258751902587519,0.336890243902439,0.270516717325228,0.990853658536585,0.992260061919505,0.99388379204893,0.990853658536585,0.049306625577812,0.012326656394453,0.982200647249191,0.957055214723926,0.707831325301205,0.980061349693252,1,0.969088098918083,0,0,0.979381443298969,0,0.0670731707317073,0,0.956589147286822,0.259904912836767,0.196513470681458,0.113981762917933,0.925581395348837,0,0.0909090909090909,1,1,0.633846153846154,0.402077151335312,0.206231454005935,0.166917293233083,0.641065830721003,0,0.118461538461538,0.537267080745342,0.257364341085271,0.688253012048193,0.00918836140888208,0,0,0.308544303797468,1,0.607963246554365,0.227067669172932,0.599690880989181,0.871559633027523,0.986363636363636,0.958064516129032,0.982758620689655,1,0.998447204968944,0.548286604361371,0.420574886535552,1,0.00439882697947214,0.0075187969924812,0.87888198757764,0.0138248847926267,1,0.973846153846154,0,0.102964118564743,0,0.947530864197531,0,0.969650986342944,1,0.00614439324116743,0.834101382488479,1,0.650695517774343,0.622900763358779,0.871559633027523,0,0,0.928687196110211,0.939617083946981,0.989214175654854,0,0,0,0.230534351145038,0.489130434782609,0,0.439814814814815,0,0.915094339622642,1,0.152380952380952,0.236641221374046,0,0.333333333333333,0.576982892690513,0.859567901234568,0.960606060606061,0.772519083969466,0,0.987421383647799,0.0171606864274571,1,0,0.980683506686478,0.00924499229583975,1,0.0139318885448916,0.00782472613458529,0,0,0.825545171339564,0.9296,0.934848484848485,0.714719271623672,0.0267857142857143,0.0046656298600311,0.827956989247312,0.842026825633383,0,0.0139103554868624,0.96417445482866,0,0.984101748807631,0.952959028831563,0.062111801242236,0.0386398763523957,0.0031055900621118,1,0.4546875,0.0763239875389408,0.0998439937597504,0.101669195751138,0.685358255451713,0.0935143288084465,1,0,0.759873617693523,0.98310291858679,0.0046656298600311,0,0,0,0,1,0.701112877583466,0,0,0.536776212832551,0.955108359133127,0.422600619195046,0.0481203007518797,0,0.0461783439490446,0.0184049079754601,0,0.0251572327044025,0.00299850074962519,0,0.00750750750750751,0,0.0482115085536547,0.0566615620214395,0.0108359133126935,0.0198776758409786,0.00628930817610063,0.024390243902439,0.0244648318042813,0.0582822085889571,0.00460829493087558,0.0200617283950617,0,0.00315955766192733,0.0409448818897638,0.0062111801242236,0.0214067278287462,0,0.0325077399380805,0,0
"486",1,1,0.972350230414747,0.942675159235669,0.985849056603774,1,0.886292834890966,0.976671850699845,1,0,1,0,0.56859756097561,1,0.0430769230769231,0.00462249614791988,0,0.0138888888888889,0.996845425867508,0.984639016897081,0.150306748466258,0.0366826156299841,0.989425981873112,0,0.957055214723926,0.264566929133858,0.109567901234568,0.990415335463259,0.454545454545455,0.685800604229607,0,0.687789799072643,0.761171032357473,0.28149300155521,0,1,0.0182926829268293,0.993911719939117,0.25037037037037,0.901215805471125,0,0.0167682926829268,0.00303030303030303,1,0.781499202551834,0.0219435736677116,0.524316109422492,0,0.47218045112782,0.118440779610195,0,0.992236024844721,0.262121212121212,1,0.876947040498442,0.154088050314465,0,0.976415094339623,0.958904109589041,0.900611620795107,0.289393939393939,0.42185128983308,0,0,0.890995260663507,0.827160493827161,0,0.992458521870287,0,0,0.861861861861862,0.00462249614791988,0.0214723926380368,1,0,0.700453857791225,0.0425531914893617,0.562883435582822,0.892913385826772,0.258899676375405,0,0.708396946564885,0.214177978883861,0.998482549317147,0.104072398190045,0.906298003072197,0.995426829268293,0.969742813918306,0.970992366412214,0.0105421686746988,0.986046511627907,1,0,0,0.974763406940063,0,0.299539170506912,0.981679389312977,0.0060790273556231,0.0061633281972265,0.61633281972265,0,0.269890795631825,1,0.102719033232628,1,0.00775193798449612,0.977272727272727,0,0.00775193798449612,0.00610687022900763,0.896124031007752,0.324074074074074,0.992260061919505,0,0.987951807228916,0.700763358778626,0,0,0.229938271604938,0,0.752307692307692,0.239938080495356,0.073208722741433,0.972644376899696,0.139605462822458,0.996996996996997,0.995384615384615,0,0.542372881355932,0.935483870967742,0.477519379844961,0.989130434782609,0,0.993700787401575,0.0228310502283105,0,0.204651162790698,0.640060240963855,0.522691705790297,0,0,0.981679389312977,0.751902587519026,0.17219589257504,1,0.00609756097560976,0.930769230769231,0.394321766561514,0.980480480480481,0.134165366614665,0.987730061349693,1,0.851681957186544,0.996960486322188,0,1,0,0,0.73125,0.862275449101796,0.981623277182236,0.0181543116490166,0,1,0.4421875,1,1,1,0.283132530120482,0.980091883614089,0.0015625,0.952095808383233,0,0.89644513137558,0.372519083969466,0,0.981790591805766,0,0.86,1,0.126717557251908,0.986175115207373,0.948170731707317,0.991176470588235,0.976923076923077,0.0917431192660551,0.369532428355958,0.927899686520376,0.944794952681388,0.0517503805175038,0.0061633281972265,0.982677165354331,0.854294478527607,0,0,0.289719626168224,0,1,0.260869565217391,0.871715610510046,0.764976958525346,0.992447129909366,0.409302325581395,0.43140243902439,0.281538461538462,0.924846625766871,0.96793893129771,0.877488514548239,0,0.870426829268293,0.170692431561997,0.942277691107644,0,0.0735735735735736,0.533639143730887,0.977099236641221,0.985007496251874,0.819595645412131,0.998482549317147,0.891975308641975,0,0.0748091603053435,0.668665667166417,0.996904024767802,0,0.990950226244344,0.980797636632201,0.54773082942097,0.536697247706422,0.989079563182527,1,0.356589147286822,0,0.880664652567976,0.513178294573643,0.970873786407767,0,0.964885496183206,0.998427672955975,1,0.955315870570108,0.533632286995516,0.00157232704402516,0.970358814352574,0.543511450381679,0.00296296296296296,0.00150829562594268,0.202177293934681,0,0.144654088050314,0.662141779788839,0,0.00457317073170732,0.00917431192660551,0.569044006069803,0.0394944707740916,0.984301412872841,0.0093603744149766,0,0,0.220679012345679,1,0.976923076923077,0.908116385911179,0,0.868878357030016,0.856278366111952,0.679938744257274,0.599085365853659,0.457364341085271,0.450858034321373,0.00757575757575758,1,0.0954545454545455,0.696343402225755,0.961240310077519,0.0106870229007634,0.748079877112135,0.00154083204930663,0.117824773413897,1,1,0.886435331230284,0,0.628012048192771,0.881619937694704,0,0,0.890243902439024,0.981566820276498,0,0.00150602409638554,0.00150602409638554,0.988871224165342,0.883830455259027,0,0,0.379785604900459,0.992272024729521,0.783987915407855,0.378995433789954,0.654205607476635,0.972685887708649,0.00933125972006221,1,1,0.0046875,0.970633693972179,1,0.973143759873618,0.996937212863706,0.179723502304147,0.307458143074581,0.273001508295626,0.979876160990712,0.944968553459119,0.0412213740458015,0.262422360248447,0.976744186046512,0.156060606060606,0.307922272047833,0.996923076923077,0.996889580093313,0.96969696969697,0.691455696202532,0.996965098634294,0.24804992199688,0.967840735068913,0.996865203761755,0,0.312121212121212,0.54874213836478,0.0168970814132104,0.0472560975609756,0.00613496932515337,0.915902140672783,0.0243531202435312,0,0,0.231481481481481,0.993874425727412,0.061633281972265,0.987281399046105,0.97196261682243,0.986089644513138,0.274015748031496,0.278301886792453,0.67175572519084,0.446909667194929,0,0.82,0.0106060606060606,0.0349013657056146,0.193009118541033,1,0,0,0.319083969465649,0.0091324200913242,0.0172413793103448,0.467391304347826,1,0.263406940063092,1,0.966205837173579,0,0.994211287988423,0,1,0.827692307692308,1,0.010590015128593,0.97737556561086,0,0.881638846737481,0.711811023622047,0.946483180428135,0.986111111111111,0.998463901689708,0.277182235834609,0.966153846153846,1,0,0.0259938837920489,1,1,0.315068493150685,0.881278538812785,0.966183574879227,0.950995405819296,1,0,0.105345911949686,1,0,0,0.964396284829721,0.00636942675159236,0.0419254658385093,1,0.967289719626168,0.00153846153846154,0.622526636225266,0.431221020092736,0.9890625,0.00156985871271586,0.880248833592535,1,0.363067292644757,0.590909090909091,0.786271450858034,0,0.153963414634146,0.979299363057325,0.998459167950693,0.453149001536098,1,0.97708674304419,0.0320121951219512,0.00154798761609907,0.989312977099237,0.993911719939117,0.9578125,0.688988095238095,0.0077639751552795,0.859756097560976,0.238317757009346,0.165316045380875,0.00454545454545455,0.6171875,0.585139318885449,0.610169491525424,0,0.280811232449298,0.910493827160494,0.633333333333333,0.516030534351145,0.0715350223546945,0,0,1,0.97172619047619,0,0.922839506172839,0.00928792569659443,0,0,0.998442367601246,0,1,0.76969696969697,0.513595166163142,1,0,0,0.992331288343558,0.963800904977376,0.711043872919818,0,0.00313971742543171,0.868975903614458,0.581679389312977,1,0.541158536585366,0.340590979782271,0,0.983282674772036,0,0.959438377535101,0.0873634945397816,0,0.00748502994011976,0.101404056162246,0.468051118210863,0.975683890577508,0,0.953592814371258,0.977134146341463,1,0,0.0649149922720247,0.931707317073171,0.00315955766192733,1,1,0.00764525993883792,1,0.285714285714286,0.813253012048193,0.00762195121951219,0.160125588697017,0.961479198767334,0.00925925925925926,0,0.973966309341501,0.00634920634920635,0.644094488188976,0.387247278382582,0,0.107197549770291,0.731554160125589,0.256880733944954,0.982998454404946,0,0.145896656534954,0.444444444444444,0.945454545454545,0.882352941176471,0.967289719626168,0.73953488372093,0,0.983282674772036,0,0.967692307692308,0.383886255924171,0,1,1,1,0.641860465116279,0.98468606431853,0.126543209876543,0.182945736434109,0.949152542372881,0.871016691957511,0,0,0.990740740740741,0.936630602782071,0.0154320987654321,0.984423676012461,0.996955859969559,0.359013867488444,0.928012519561815,0.721183800623053,0.882882882882883,0,0.97339593114241,0.334890965732087,1,1,0,0.632398753894081,0.973684210526316,0,0.674491392801252,0.370769230769231,0.802052785923754,0.687888198757764,0.955357142857143,0.0911808669656203,0.983050847457627,1,0.983231707317073,0.291600633914422,0.0916030534351145,0.995447647951442,1,0.00451127819548872,0.77557251908397,0.435975609756098,0.251896813353566,0.756508422664625,1,0.885093167701863,1,0.115677321156773,0,0,0.8149300155521,0.00309597523219814,0,0.267884322678843,0,0.995384615384615,0.907575757575758,0.998473282442748,0.996987951807229,0.095679012345679,0,0,0,0.162754303599374,0.0735524256651017,0.148606811145511,0,0,1,0.0104947526236882,0.285714285714286,1,0.593655589123867,0.973478939157566,0.654654654654655,0.638426626323752,0,1,0.373065015479876,0.47900466562986,0.920060331825038,0.993948562783661,0.382488479262673,0.0060882800608828,0.957446808510638,0.962292609351433,0,0.968888888888889,0.0138248847926267,0.987301587301587,0.43010752688172,0,0.00617283950617284,0.501602564102564,0.832807570977918,0,0.137715179968701,0.00778816199376947,0,0.750369276218611,0.0245398773006135,1,0.313432835820896,0.995440729483283,0,0.375572519083969,0.321875,0.868670886075949,0.0932475884244373,0.00305810397553517,0.00154798761609907,0.0391849529780564,0,0.995447647951442,0.0458135860979463,0.982248520710059,0.0015748031496063,1,0,0.521739130434783,0.445669291338583,1,0,0.998498498498498,0,0.395604395604396,0.989409984871407,0,0.647239263803681,0.981308411214953,0.743034055727554,0.951026856240126,0.0363086232980333,0,1,0.259375,0,0.681887366818874,0,0.0151745068285281,1,1,0.992603550295858,0.973846153846154,0.982998454404946,0,0.974006116207951,0.0182094081942337,0.336377473363775,0.273282442748092,0.995447647951442,0.992260061919505,0.99390243902439,0.990963855421687,0.045662100456621,0.0123839009287926,0.990461049284579,0.957511380880121,0.722054380664653,0.977443609022556,1,0.971036585365854,0,0,0.980825958702065,0,0.0647149460708783,0,0.95852534562212,0.267828843106181,0.209779179810726,0.111951588502269,0.928348909657321,0,0.0954545454545455,1,1,0.641768292682927,0.388478581979321,0.214912280701754,0.171171171171171,0.65210608424337,0,0.115562403697997,0.529320987654321,0.263318112633181,0.69683257918552,0.00933125972006221,0,0,0.314152410575428,1,0.62,0.213649851632047,0.612903225806452,0.872146118721461,0.989280245022971,0.961722488038278,0.97984496124031,1,0.9984375,0.546850998463902,0.41248097412481,1,0.00294985250737463,0.0104790419161677,0.869631901840491,0.00747384155455904,1,0.972560975609756,0,0.103011093502377,0,0.947368421052632,0,0.973134328358209,1,0.00606060606060606,0.839150227617602,1,0.635220125786163,0.601837672281776,0.864406779661017,0,0,0.934294871794872,0.943786982248521,0.990950226244344,0,0,0,0.235382308845577,0.497695852534562,0,0.443585780525502,0,0.92846034214619,1,0.150855365474339,0.239329268292683,0,0.342723004694836,0.588235294117647,0.864823348694316,0.965671641791045,0.769585253456221,0,0.990654205607477,0.0172684458398744,1,0,0.985007496251874,0.00459418070444104,1,0.0215716486902928,0.0125786163522013,0,0,0.8125,0.928684627575277,0.939577039274924,0.719939117199391,0.0224215246636771,0.00470957613814757,0.843702579666161,0.846385542168675,0,0.0173501577287066,0.96937212863706,0,0.985849056603774,0.95738203957382,0.0703363914373089,0.0396341463414634,0.00152439024390244,1,0.453271028037383,0.0789473684210526,0.10410094637224,0.103658536585366,0.679365079365079,0.0873493975903614,1,0,0.754224270353303,0.983358547655068,0.00310077519379845,0,0,0,0,1,0.703296703296703,0,0,0.53198127925117,0.959055118110236,0.422664624808576,0.045045045045045,0.00156985871271586,0.0537974683544304,0.0167427701674277,0,0.0294573643410853,0.00444444444444444,0.00155038759689922,0.0106060606060606,0,0.0425196850393701,0.048411497730711,0.0139751552795031,0.0169230769230769,0.00473186119873817,0.0250783699059561,0.0229709035222052,0.0526315789473684,0.00612557427258806,0.0184899845916795,0,0.0031055900621118,0.0469483568075117,0.00609756097560976,0.024024024024024,0,0.0321592649310873,0.00149925037481259,0.00155038759689922
"487",0.00943396226415094,0.00773993808049536,0.037037037037037,0.0742496050552923,0.0192307692307692,0.00805152979066022,0.0966719492868463,0.0326086956521739,0.00770416024653313,0,0.00772797527047913,0,0.432766615146832,0.00949367088607595,0.951181102362205,0.982839313572543,0,0.00154559505409583,0.0111642743221691,0.0216383307573416,0.839753466872111,0.966346153846154,0.0217391304347826,0,0.0549618320610687,0.744479495268139,0.887323943661972,0.0173775671406003,0.549923195084485,0.303680981595092,0.99236641221374,0.331259720062208,0.231629392971246,0.724137931034483,0,0.009375,0.00308166409861325,0.0153139356814701,0.732035928143713,0.106870229007634,0,0,0,0.00634920634920635,0.231017770597738,0.973643410852713,0.49607535321821,0.990580847723705,0.535232383808096,0.860816944024206,0,0.0154559505409583,0.741935483870968,0.00766871165644172,0.111635220125786,0.839622641509434,0,0.0338164251207729,0.047112462006079,0.0998463901689708,0.709627329192547,0.576687116564417,0.992063492063492,0,0.114285714285714,0.182380216383308,0,0.01875,0,0.992307692307692,0.151975683890578,0.989147286821705,0.981042654028436,0.00917431192660551,0,0.299689440993789,0.949848024316109,0.447166921898928,0.108626198083067,0.742043551088777,0,0.309707241910632,0.790839694656489,0.00917431192660551,0.878125,0.0984615384615385,0.0108191653786708,0.035548686244204,0.0308166409861325,0,0.0202177293934681,0.00925925925925926,0,0,0.0394321766561514,0,0.680555555555556,0.0248447204968944,0,0,0.37442218798151,0,0.716300940438871,0.00946372239747634,0.906344410876133,0.00793650793650794,0,0.02660406885759,0.992076069730586,0.987519500780031,0.987635239567233,0.0846394984326019,0.665639445300462,0.0124223602484472,0,0.0183767228177642,0.304953560371517,0,0.992272024729521,0.761609907120743,0,0.234645669291339,0.752321981424149,0.920760697305864,0.0324074074074074,0.846749226006192,0.00615384615384615,0.0122137404580153,0,0.442218798151002,0.0725552050473186,0.522082018927445,0.0171339563862928,0,0.0126984126984127,0.974085365853659,0,0.789473684210526,0.373608903020668,0.476874003189793,0,0,0.0262345679012346,0.255520504731861,0.829383886255924,0.00947867298578199,0.985781990521327,0.0804953560371517,0.596214511041009,0.0262345679012346,0.861464968152866,0.0187207488299532,0.00644122383252818,0.167441860465116,0.0124031007751938,0.990521327014218,0.00777604976671851,0.993759750390016,0,0.2703125,0.130827067669173,0.0279503105590062,0.977238239757208,0,0.00918836140888208,0.559241706161137,0.00642054574638844,0.0093167701863354,0.0061633281972265,0.716257668711656,0.0247295208655332,0.990712074303406,0.0640243902439024,0.995447647951442,0.107371794871795,0.632148377125193,0,0.0251177394034537,0,0.166924265842349,0.00614439324116743,0.884676145339652,0.0248833592534992,0.0532724505327245,0.0179640718562874,0.0308641975308642,0.904320987654321,0.633435582822086,0.0819935691318328,0.0587301587301587,0.942989214175655,0.987460815047022,0.0219435736677116,0.12962962962963,0,0,0.70606531881804,0,0.00764525993883792,0.748466257668712,0.120634920634921,0.254263565891473,0.013719512195122,0.5818759936407,0.56221198156682,0.710900473933649,0.0884676145339652,0.0470957613814757,0.122699386503067,0,0.131172839506173,0.820349761526232,0.0582677165354331,0.992331288343558,0.949618320610687,0.466666666666667,0.0328638497652582,0.0244274809160305,0.173913043478261,0.0107033639143731,0.12111801242236,0,0.951713395638629,0.349013657056146,0.0127388535031847,0,0.0167682926829268,0.0255639097744361,0.450704225352113,0.460342146189736,0.0172413793103448,0.00803858520900321,0.62095531587057,0,0.108728943338438,0.49375,0.035031847133758,0.992319508448541,0.0393939393939394,0.0062402496099844,0.00463678516228748,0.0605590062111801,0.467987804878049,0.992050874403816,0.0376175548589342,0.465648854961832,0.989345509893455,0.990936555891239,0.797507788161994,0.995341614906832,0.844339622641509,0.329323308270677,0.993769470404984,0.989247311827957,0.98125,0.407975460122699,0.952456418383518,0.0203442879499218,0,0.993779160186625,0,0.754303599374022,0.00797448165869218,0.0277349768875193,0.102325581395349,0,0.141479099678457,0.160550458715596,0.322480620155039,0.418096723868955,0.551342812006319,0.55784469096672,0,0.00631911532385466,0.899691358024691,0.3136,0.0450310559006211,0.981623277182236,0.253125,0.990625,0.887171561051005,0.00907715582450832,0.00964630225080386,0.103503184713376,0,0.358139534883721,0.105919003115265,0,0.992236024844721,0.1,0.0221870047543582,0,0.992223950233281,0.989214175654854,0.0239234449760766,0.1264,0.99203821656051,0,0.599688473520249,0.0159235668789809,0.231240428790199,0.61214953271028,0.348982785602504,0.0475460122699387,0.983180428134557,0.00917431192660551,0.00923076923076923,0.984472049689441,0.027906976744186,0.0078740157480315,0.0353130016051364,0.00933125972006221,0.814756671899529,0.696456086286595,0.721109399075501,0.0207667731629393,0.0678233438485804,0,0.737756714060032,0.0300157977883096,0.839258114374034,0.699236641221374,0.00786163522012579,0.0110584518167457,0.0340557275541796,0.324921135646688,0.00918836140888208,0.754358161648177,0.0432098765432099,0.00796178343949045,0,0.69969040247678,0.449044585987261,0.978125,0,0.981735159817352,0.0959752321981424,0.975116640746501,0.99537037037037,0,0.768992248062015,0.0128,0.922600619195046,0.0209003215434084,0.0406885758998435,0.01875,0.717665615141956,0.713365539452496,0.3453125,0.550888529886914,0,0.182527301092044,0.983257229832572,0.959152798789713,0.814132104454685,0.00777604976671851,0.990668740279938,0,0.68380062305296,0.983076923076923,0.972136222910217,0.538341158059468,0.00773993808049536,0.735759493670886,0.0096,0.0415335463258786,0,0.0133729569093611,0.992389649923896,0.00755287009063444,0.182103610675039,0.00632911392405063,0.987460815047022,0.0326086956521739,0.993769470404984,0.133333333333333,0.291798107255521,0.065015479876161,0.0213414634146341,0.00625978090766823,0.71583850931677,0.0488188976377953,0.00917431192660551,0.990936555891239,0.970633693972179,0.00630914826498423,0.00927357032457496,0.675507020280811,0.131455399061033,0.0385852090032154,0.0501519756838906,0.0062015503875969,0,0.879173290937997,0.00925925925925926,0.989028213166144,0,0.0397456279809221,0,0.953051643192488,0.00762195121951219,0.0386996904024768,0,0.368663594470046,0.58125,0.0222929936305732,0.989028213166144,0.14171974522293,0.0112,0.639625585023401,0.403426791277259,0.220839813374806,0,0.837461300309598,0.0286168521462639,0.0108359133126935,0.5546875,0.00753012048192771,0.0345963756177924,0.976599063962558,0,0.0242792109256449,0.0137825421133231,0.0451010886469673,0.329721362229102,0.985781990521327,0.13302034428795,0.772445820433437,0.812191103789127,0,0.396496815286624,0.41588785046729,0.4078125,0,0.717425431711146,0.09375,0.378834355828221,0.486862442040185,0.922503725782414,0,0,0.00592592592592593,0.031866464339909,0,0.0856697819314642,0,0,0,0.00632911392405063,0,0.00638977635782748,0.229102167182663,0.464231354642314,0.00749625187406297,0,0,0.0141287284144427,0.0464767616191904,0.293663060278207,0.993874425727412,0,0.110260336906585,0.403374233128834,0.00465116279069767,0.470948012232416,0.659969088098918,0,0.0246153846153846,0.996768982229402,0.0537974683544304,0.902866242038217,0,0.988005997001499,0.881064162754304,0.542949756888169,0.031055900621118,0,0.0532724505327245,0.0325077399380805,0.00758725341426404,0,0.930599369085173,0.0741350906095552,0.990306946688207,0.00614439324116743,0.00764525993883792,1,0.00923076923076923,0.694915254237288,0.198170731707317,0.98297213622291,0.830645161290323,0.0362204724409449,0,0.992295839753467,0.0293663060278207,0.99203821656051,0.348726114649682,0.610675039246468,0,0.888544891640867,0.260596546310832,0.746153846153846,0.0308641975308642,0.990625,0.859327217125382,0.558064516129032,0.0600924499229584,0.121580547112462,0.0514018691588785,0.262243285939968,0,0.0304878048780488,0.992412746585736,0.04375,0.606060606060606,0.990881458966565,0.00618238021638331,0.0047244094488189,0.00943396226415094,0.370716510903427,0.0182926829268293,0.866043613707165,0.815748031496063,0.0613207547169811,0.117647058823529,0,0,0.00963081861958266,0.0664556962025316,0.981220657276995,0.0233281493001555,0.0138888888888889,0.636080870917574,0.0821484992101106,0.269537480063796,0.109062980030722,0,0.0398089171974522,0.648985959438378,0.00769230769230769,0.00782472613458529,0,0.384251968503937,0.0327613104524181,0.990566037735849,0.318110236220472,0.626153846153846,0.205052005943536,0.3203125,0.0583832335329341,0.93161094224924,0.0256821829855538,0.00783699059561128,0.0276497695852535,0.695161290322581,0.879815100154083,0.0154798761609907,0.00310077519379845,0,0.231231231231231,0.572078907435508,0.75,0.253086419753086,0.00625978090766823,0.130094043887147,0.00778816199376947,0.110942249240122,0.992,0,0.183800623052959,0.990654205607477,0.993690851735016,0.730283911671924,0,0.0170542635658915,0.0916149068322981,0.00925925925925926,0.0123076923076923,0.929797191887676,0.992211838006231,0,0,0.829383886255924,0.92018779342723,0.852614896988906,0,0.992458521870287,0.00460122699386503,0.428790199081164,0.708860759493671,0.00636942675159236,0.409230769230769,0.0344827586206897,0.348228043143297,0.383206106870229,0,0.00603318250377074,0.612341772151899,0.510236220472441,0.0793893129770992,0.0152671755725191,0.624610591900312,0,0.0500782472613459,0.0487804878048781,0,0.0319148936170213,0.974960876369327,0.0221870047543582,0.575153374233129,0,0,0.492730210016155,0.171875,0.990726429675425,0.862776025236593,0,0,0.265151515151515,0.970172684458399,0.00802568218298555,0.685496183206107,0.0122511485451761,0.992283950617284,0.624420401854714,0.66984126984127,0.133545310015898,0.89297124600639,0.987692307692308,0,0.953125,0,0.0106870229007634,0.8048,0.024132730015083,0.987480438184664,0.0095389507154213,0,0.485584218512898,0.550156739811912,0.00770416024653313,0,0.00903614457831325,0,0.615015974440895,0.0166919575113809,0,0.338461538461538,0.0267295597484277,0.2574568288854,0.0566037735849057,0.95398773006135,0,0.0078125,0.740566037735849,0,0.322188449848024,0.993948562783661,0.978260869565217,0.0062402496099844,0.00794912559618442,0.0153609831029186,0.0250783699059561,0.025,0,0.0268987341772152,0,0.637636080870918,0.719626168224299,0.0168453292496172,0.0184331797235023,0.0167427701674277,0.0169753086419753,0.0276497695852535,0.979655712050078,0.0214168039538715,0.0413476263399694,0.294930875576037,0.0327613104524181,0.00611620795107034,0.0323574730354391,0,0,0.0283582089552239,0,0.958588957055215,0,0.0549450549450549,0.729001584786054,0.803486529318542,0.878048780487805,0.0818897637795276,0,0.898595943837754,0.00775193798449612,0.00917431192660551,0.377880184331797,0.589970501474926,0.793413173652695,0.816640986132512,0.356357927786499,0.990740740740741,0.879815100154083,0.457943925233645,0.744186046511628,0.314241486068111,0.978461538461538,0,0.992125984251969,0.672386895475819,0.00802568218298555,0.346811819595645,0.776119402985075,0.392248062015504,0.129179331306991,0.0211161387631976,0.0399361022364217,0.0256,0.00802568218298555,0.00773993808049536,0.453004622496148,0.589230769230769,0.00782472613458529,0.988005997001499,0.981735159817352,0.131455399061033,0,0.00920245398773006,0.043010752688172,0,0.88,0,0.0570522979397781,0,0.0353846153846154,0.0093603744149766,1,0.165625,0.00610687022900763,0.342812006319115,0.375191424196018,0.117274167987322,0,0,0.0807248764415156,0.0670640834575261,0.015527950310559,0,0,0.993610223642173,0.774390243902439,0.507042253521127,0,0.56,0,0.0843949044585987,0.00789889415481832,0.80824088748019,0.770769230769231,0,0.64937106918239,0.417956656346749,0.153965785381026,0.0379362670713202,0.234836702954899,0.993759750390016,0.0161290322580645,0.0846394984326019,0.00805152979066022,0,0.0259146341463415,0,0.00628930817610063,0.979750778816199,0.613354037267081,0,0,0.177469135802469,0.0846645367412141,0.0592705167173252,0.29249617151608,0.970104633781764,0.985781990521327,0.173374613003096,0.178461538461538,0,0.978227060653188,0.0389408099688473,0,0.0253565768621236,0.0488549618320611,0.933333333333333,0,0.990566037735849,0.00917431192660551,0.545741324921136,0.945820433436533,0.924920127795527,0.877112135176651,0.323763955342903,0.896499238964992,0.00775193798449612,0,0.259083728278041,0.0294117647058824,0,0,0.992424242424242,0,0.992199687987519,0.00628930817610063,0.295638126009693,0.990521327014218,0.992088607594937,0.454263565891473,0.0440251572327044,0.570107858243451,0,0.991961414790997,0.0449438202247191,0.0078003120124805,0,0.807936507936508,0.992537313432836,0.992063492063492,0.980030721966206,0.992401215805471,0,0,0.975270479134467,0.00465116279069767,0.00313479623824451,0.0250783699059561,0.00462962962962963,0,0.98740157480315,0.0108864696734059,0.992063492063492,0.990654205607477,0,0.984639016897081,0.0489296636085627,0.995384615384615,0.907550077041603,0.991004497751124,0.993798449612403
"488",0.996789727126806,1,0.967592592592593,0.933977455716586,0.985645933014354,1,0.87906976744186,0.970588235294118,1,0,1,0,0.554517133956386,1,0.0385802469135802,0.00469483568075117,0,0.015552099533437,0.996815286624204,0.984496124031008,0.137825421133231,0.0336538461538462,0.989164086687306,0,0.955453149001536,0.248037676609105,0.101404056162246,0.9875,0.453846153846154,0.68,0,0.6671826625387,0.767772511848341,0.285266457680251,0,1,0.0200617283950617,0.996908809891808,0.237593984962406,0.904109589041096,0.00157977883096367,0.0170807453416149,0.0077639751552795,1,0.77724358974359,0.0221870047543582,0.5140625,0,0.467592592592593,0.125382262996942,0,0.993700787401575,0.247663551401869,1,0.869085173501577,0.163492063492063,0,0.978056426332288,0.952526799387443,0.904173106646059,0.29320987654321,0.420890937019969,0,0,0.896,0.825885978428351,0,0.992175273865415,0,0,0.860031104199067,0.00619195046439629,0.0173775671406003,1,0,0.701834862385321,0.0356589147286822,0.556574923547401,0.891025641025641,0.25615763546798,0,0.692073170731707,0.20679012345679,0.998470948012232,0.107033639143731,0.903963414634146,0.996923076923077,0.971830985915493,0.969278033794163,0.0137825421133231,0.989028213166144,1,0,0,0.97427652733119,0,0.281733746130031,0.981424148606811,0.00921658986175115,0.0109034267912773,0.602218700475436,0,0.264659270998415,1,0.100151745068285,1,0.0125786163522013,0.976635514018692,0,0.00941915227629513,0.00925925925925926,0.891640866873065,0.317262830482115,0.993808049535604,0,0.986238532110092,0.693023255813954,0,0,0.215625,0,0.757097791798107,0.231366459627329,0.0779014308426073,0.97360248447205,0.144171779141104,0.998468606431853,0.996879875195008,0,0.525581395348837,0.930926216640502,0.482594936708861,0.992063492063492,0,0.993680884676145,0.0230769230769231,0,0.191823899371069,0.6328125,0.495192307692308,0,0,0.979907264296754,0.753105590062112,0.16403785488959,1,0.00782472613458529,0.922839506172839,0.394654088050314,0.978787878787879,0.128571428571429,0.986089644513138,1,0.844854070660522,0.995348837209302,0,1,0,0,0.741679873217116,0.861702127659574,0.983076923076923,0.0183767228177642,0,1,0.423809523809524,1,1,1,0.291858678955453,0.976744186046512,0.00157728706624606,0.95144157814871,0,0.884735202492212,0.355590062111801,0,0.9858934169279,0,0.835658914728682,1,0.114420062695925,0.984496124031008,0.947204968944099,0.990990990990991,0.969604863221885,0.0972222222222222,0.364885496183206,0.927099841521395,0.943573667711599,0.0516431924882629,0.0062402496099844,0.981042654028436,0.846749226006192,0,0,0.278560250391236,0.00153374233128834,1,0.247328244274809,0.865930599369085,0.745398773006135,0.990740740740741,0.420062695924765,0.423728813559322,0.276629570747218,0.921011058451817,0.962790697674419,0.871559633027523,0,0.885625965996909,0.162640901771337,0.94488188976378,0,0.0655487804878049,0.522012578616352,0.979719188767551,0.980152671755725,0.827856025039124,0.998454404945904,0.888188976377953,0,0.0775193798449612,0.657450076804916,0.995230524642289,0,0.990783410138249,0.979259259259259,0.536209553158706,0.538102643856921,0.993740219092332,1,0.346875,0,0.876146788990826,0.507020280811232,0.968454258675079,0,0.963358778625954,0.998415213946117,1,0.956723338485317,0.540372670807453,0,0.968847352024922,0.543613707165109,0.00451127819548872,0.00150375939849624,0.204081632653061,0,0.135782747603834,0.665144596651446,0,0.00152905198776758,0.00918836140888208,0.570107858243451,0.0396825396825397,0.984472049689441,0.0141065830721003,0,0,0.208530805687204,1,0.981191222570533,0.900928792569659,0,0.861904761904762,0.846390168970814,0.673946957878315,0.582298136645963,0.454263565891473,0.446909667194929,0.0138036809815951,1,0.0882352941176471,0.676751592356688,0.960061443932412,0.0124223602484472,0.732612055641422,0.00155038759689922,0.117737003058104,1,1,0.881804043545879,0,0.630368098159509,0.873817034700315,0,0,0.886363636363636,0.97984496124031,0,0.00154320987654321,0.00152439024390244,0.980922098569157,0.878787878787879,0,0,0.366352201257862,0.990491283676704,0.773006134969325,0.380655226209048,0.639240506329114,0.962790697674419,0.00927357032457496,1,1,0.004739336492891,0.972136222910217,1,0.977491961414791,0.998459167950693,0.171032357473035,0.283720930232558,0.271604938271605,0.977848101265823,0.9424,0.0490045941807044,0.254746835443038,0.978021978021978,0.150387596899225,0.295902883156297,0.996875,0.998442367601246,0.970358814352574,0.685805422647528,0.998466257668712,0.237048665620094,0.964506172839506,0.998435054773083,0,0.298165137614679,0.53125,0.0186335403726708,0.0521472392638037,0.00762195121951219,0.915254237288136,0.0231481481481481,0,0,0.214953271028037,0.993630573248408,0.0763239875389408,0.985576923076923,0.968701095461659,0.987596899224806,0.263823064770932,0.269230769230769,0.657770800627943,0.446633825944171,0,0.820872274143302,0.00920245398773006,0.0413476263399694,0.188073394495413,1,0.0015600624024961,0,0.302795031055901,0.00770416024653313,0.017515923566879,0.457943925233645,1,0.263242375601926,1,0.97007874015748,0,0.991097922848665,0,0.998484848484849,0.829721362229102,1,0.00775193798449612,0.979876160990712,0,0.882629107981221,0.70926517571885,0.94359756097561,0.984375,0.996913580246914,0.272300469483568,0.967084639498433,1,0,0.025,1,1,0.308049535603715,0.87888198757764,0.967948717948718,0.956318252730109,1,0,0.121794871794872,1,0,0,0.965023847376789,0.0127388535031847,0.0470219435736677,1,0.966824644549763,0.00474683544303797,0.605873261205564,0.411671924290221,0.984152139461173,0.00158982511923688,0.879746835443038,0.996779388083736,0.369085173501577,0.591679506933744,0.773584905660377,0,0.147744945567652,0.974803149606299,1,0.432766615146832,1,0.968852459016393,0.0298273155416013,0.0015552099533437,0.98755832037325,0.996865203761755,0.952904238618524,0.671317829457364,0.00634920634920635,0.854914196567863,0.231007751937985,0.153344208809135,0.00759878419452888,0.606012658227848,0.5968,0.603076923076923,0,0.270569620253165,0.906976744186046,0.625382262996942,0.50609756097561,0.0749625187406297,0,0,1,0.977203647416413,0,0.915873015873016,0.0126984126984127,0,0,1,0,1,0.767080745341615,0.498484848484848,1,0,0,0.995334370139969,0.961948249619482,0.713846153846154,0,0.00319488817891374,0.863842662632375,0.58599695585997,1,0.529862174578867,0.334379905808477,0,0.981623277182236,0,0.952305246422893,0.0890302066772655,0,0.00605143721633888,0.105180533751962,0.482815057283142,0.972685887708649,0,0.952815829528158,0.98,1,0,0.0763116057233704,0.935855263157895,0.0032258064516129,1,1,0.00923076923076923,1,0.283255086071987,0.795031055900621,0.00784929356357928,0.1472,0.965571205007825,0.0125391849529781,0,0.973966309341501,0.00797448165869218,0.653907496012759,0.381619937694704,0,0.0993788819875776,0.734076433121019,0.240249609984399,0.976671850699845,0,0.145038167938931,0.440129449838188,0.951293759512938,0.883792048929664,0.962204724409449,0.736925515055468,0,0.983076923076923,0,0.967642526964561,0.37220447284345,0,1,1,1,0.63166144200627,0.982919254658385,0.120634920634921,0.177316293929712,0.95046439628483,0.863354037267081,0,0,0.992088607594937,0.936507936507937,0.0142630744849445,0.985804416403785,0.992248062015504,0.352395672333849,0.928909952606635,0.722135007849294,0.873282442748092,0,0.9734375,0.315132605304212,1,0.998454404945904,0,0.63265306122449,0.971653543307087,0,0.683464566929134,0.37597503900156,0.794074074074074,0.68025078369906,0.956060606060606,0.0830815709969789,0.982511923688394,1,0.981424148606811,0.281350482315113,0.0826833073322933,0.992307692307692,1,0.00914634146341463,0.780337941628264,0.44,0.242658423493045,0.756880733944954,1,0.877934272300469,1,0.128086419753086,0,0,0.820472440944882,0.00313479623824451,0,0.262910798122066,0,0.992150706436421,0.921538461538462,0.998430141287284,0.993911719939117,0.0921875,0,0,0,0.166129032258065,0.0759493670886076,0.157977883096367,0,0,1,0.0107361963190184,0.272151898734177,1,0.567651632970451,0.973354231974922,0.645510835913313,0.627480916030534,0,1,0.374009508716323,0.477093206951027,0.915384615384615,0.989280245022971,0.367762128325509,0.0109034267912773,0.952086553323029,0.95405819295559,0,0.971514242878561,0.0107692307692308,0.985736925515055,0.42457231726283,0,0.010752688172043,0.49672131147541,0.830455259026688,0,0.130503144654088,0.013953488372093,0.00162074554294976,0.731634182908546,0.0171606864274571,1,0.313455657492355,0.995412844036697,0,0.373065015479876,0.323671497584541,0.85511811023622,0.0951612903225806,0,0.00311526479750779,0.0375,0,0.995454545454545,0.0411392405063291,0.981845688350983,0.00313479623824451,1,0,0.506807866868381,0.440438871473354,1,0,0.998496240601504,0,0.373996789727127,0.989296636085627,0,0.631415241057543,0.984326018808777,0.746478873239437,0.94345718901454,0.0364188163884674,0,1,0.253968253968254,0,0.670769230769231,0,0.0107033639143731,1,1,0.99236641221374,0.973270440251572,0.984051036682616,0,0.973270440251572,0.0230414746543779,0.330757341576507,0.264240506329114,0.993779160186625,0.99075500770416,0.995356037151703,0.9921875,0.0446153846153846,0.0172143974960876,0.985668789808917,0.96177370030581,0.712977099236641,0.979813664596273,1,0.970724191063174,0,0,0.985074626865672,0,0.0712074303405573,0,0.954828660436137,0.265923566878981,0.1968,0.104361370716511,0.923566878980892,0,0.104199066874028,1,1,0.636222910216718,0.399408284023669,0.203619909502262,0.170953101361573,0.657276995305164,0,0.11353032659409,0.531055900621118,0.254263565891473,0.69558599695586,0.00778816199376947,0,0,0.3056,1,0.602446483180428,0.211077844311377,0.608087091757387,0.86910197869102,0.990922844175492,0.9584,0.981042654028436,1,0.998432601880878,0.544,0.410769230769231,1,0.00597014925373134,0.0106544901065449,0.864197530864197,0.0137614678899083,1,0.973684210526316,0,0.108766233766234,0,0.95,0,0.975535168195719,1,0.00765696784073507,0.833333333333333,1,0.636075949367089,0.604294478527607,0.861417322834646,0,0,0.932231404958678,0.937219730941704,0.989214175654854,0,0,0,0.218320610687023,0.491472868217054,0,0.431007751937985,0,0.92246835443038,1,0.142630744849445,0.229357798165138,0,0.346031746031746,0.580495356037152,0.862928348909657,0.963470319634703,0.758566978193146,0,0.987361769352291,0.015748031496063,1,0,0.981845688350983,0.00928792569659443,1,0.0188679245283019,0.0126582278481013,0,0,0.82370820668693,0.929712460063898,0.930197268588771,0.704268292682927,0.0223880597014925,0.00470957613814757,0.823619631901841,0.841945288753799,0,0.014218009478673,0.966876971608833,0,0.985714285714286,0.953416149068323,0.058641975308642,0.0401854714064915,0.0031055900621118,1,0.453968253968254,0.0812101910828025,0.105008077544426,0.109907120743034,0.685214626391097,0.0925925925925926,1,0,0.746835443037975,0.981845688350983,0.00475435816164818,0,0,0,0,1,0.714285714285714,0,0,0.522082018927445,0.954186413902054,0.418351477449456,0.0426829268292683,0.00159235668789809,0.0494417862838915,0.0201550387596899,0,0.0297339593114241,0.00455235204855842,0.00157232704402516,0.010752688172043,0,0.0461783439490446,0.0514372163388805,0.0123647604327666,0.0220125786163522,0.00644122383252818,0.0279937791601866,0.0261538461538462,0.0567484662576687,0.00467289719626168,0.0219092331768388,0,0.00156985871271586,0.0427215189873418,0.00617283950617284,0.0255639097744361,0,0.0342146189735614,0.00150375939849624,0.00154320987654321
"489",0.305511811023622,0.3,0.321100917431193,0.3536,0.297124600638978,0.289348171701113,0.385220125786164,0.325581395348837,0.283742331288344,0,0.30503144654088,0,0.583975346687211,0.289556962025316,0.717628705148206,0.718944099378882,0,0.00630914826498423,0.299050632911392,0.316118935837246,0.881538461538461,0.703049759229534,0.314024390243902,0,0.34984520123839,0.690590111642743,0.761075949367089,0.292134831460674,0.710566615620214,0.547256097560976,0.708978328173375,0.573228346456693,0.504643962848297,0.666151468315301,0,0.297380585516179,0.0124804992199688,0.293129770992366,0.848348348348348,0.380434782608696,0.00157977883096367,0.00307692307692308,0.0015600624024961,0.287758346581876,0.487883683360259,0.720820189274448,0.597464342313788,0.719626168224299,0.672727272727273,0.708396946564885,0,0.299531981279251,0.832298136645963,0.294117647058824,0.388888888888889,0.722397476340694,0,0.320512820512821,0.330232558139535,0.412403100775194,0.676335877862595,0.713395638629283,0.711568938193344,0,0.395161290322581,0.4703125,0,0.307570977917981,0,0.703174603174603,0.387096774193548,0.689167974882261,0.707278481012658,0.296124031007752,0,0.540372670807453,0.741935483870968,0.595348837209302,0.4,0.708126036484245,0,0.539412673879444,0.69683257918552,0.286370597243492,0.730407523510972,0.377880184331797,0.28902627511592,0.318952234206472,0.306870229007634,0,0.307086614173228,0.285053929121726,0,0,0.318255250403877,0,0.829721362229102,0.309230769230769,0.00306748466257669,0.00315457413249211,0.675590551181102,0,0.868462757527734,0.289308176100629,0.804580152671756,0.290529695024077,0,0.318461538461538,0.716279069767442,0.714508580343214,0.715170278637771,0.36031746031746,0.677966101694915,0.296875,0,0.312404287901991,0.562893081761006,0,0.707165109034268,0.683385579937304,0,0.513428120063191,0.960998439937597,0.728867623604466,0.309341500765697,0.714946070878274,0.288401253918495,0.304347826086957,0,0.743076923076923,0.352201257861635,0.612954186413902,0.315457413249211,0,0.286163522012579,0.709230769230769,0,0.943217665615142,0.514150943396226,0.7568,0,0,0.316279069767442,0.534992223950233,0.704944178628389,0.277165354330709,0.705790297339593,0.365891472868217,0.645833333333333,0.287022900763359,0.871961102106969,0.299065420560748,0.288025889967638,0.405956112852665,0.281733746130031,0.697933227344992,0.285714285714286,0.703125,0,0.5552,0.422900763358779,0.304075235109718,0.702453987730061,0,0.285280728376328,0.6875,0.288,0.294117647058824,0.279320987654321,0.668188736681887,0.322884012539185,0.706896551724138,0.323262839879154,0.710606060606061,0.380726698262243,0.661016949152542,0,0.305772230889236,0,0.409657320872274,0.298273155416013,0.714508580343214,0.316614420062696,0.346333853354134,0.30688622754491,0.319444444444444,0.7328125,0.658461538461538,0.37037037037037,0.353870458135861,0.74488188976378,0.710730948678072,0.307936507936508,0.40809968847352,0,0,0.977917981072555,0.00155038759689922,0.291411042944785,0.707762557077626,0.400630914826498,0.475308641975309,0.303490136570561,0.858267716535433,0.646604938271605,0.988993710691824,0.31619937694704,0.307086614173228,0.404024767801858,0,0.41112828438949,0.915584415584416,0.340659340659341,0.714728682170543,0.70499243570348,0.754276827371695,0.304212168486739,0.310502283105023,0.46656298600311,0.297045101088647,0.415481832543444,0,0.711145996860283,0.589230769230769,0.303317535545024,0,0.293577981651376,0.313935681470138,0.722135007849294,0.5734375,0.300623052959502,0.293548387096774,0.836734693877551,0,0.388036809815951,0.61993769470405,0.325281803542673,0.71183800623053,0.31651376146789,0.285714285714286,0.294298921417565,0.343213728549142,0.570561456752656,0.722222222222222,0.314285714285714,0.593558282208589,0.715582450832073,0.70196671709531,0.648062015503876,0.713836477987421,0.8768,0.63482280431433,0.710280373831776,0.70253164556962,0.701700154559505,0.706240487062405,0.719047619047619,0.308544303797468,0.0015625,0.697965571205008,0,0.876947040498442,0.296998420221169,0.31055900621118,0.38366718027735,0,0.417840375586854,0.424427480916031,0.558641975308642,0.583724569640063,0.626582278481013,0.605095541401274,0.00156739811912226,0.2832,0.819875776397516,0.5712,0.327131782945736,0.718068535825545,0.511006289308176,0.710485133020344,0.71583850931677,0.310769230769231,0.287319422150883,0.39268680445151,0,0.645705521472393,0.378930817610063,0,0.712732919254658,0.378995433789954,0.307936507936508,0,0.713841368584759,0.712074303405573,0.317965023847377,0.41259842519685,0.715434083601286,0,0.827906976744186,0.307324840764331,0.510077519379845,0.655226209048362,0.601587301587302,0.3109375,0.7,0.293759512937595,0.287949921752739,0.699059561128527,0.32398753894081,0.296238244514107,0.320450885668277,0.295384615384615,0.717829457364341,0.84399375975039,0.990654205607477,0.317460317460317,0.339228295819936,0.0138888888888889,0.69620253164557,0.323809523809524,0.7046875,0.67530487804878,0.300469483568075,0.289514866979656,0.316923076923077,0.584142394822006,0.285714285714286,0.687598116169545,0.319444444444444,0.276898734177215,0,0.829754601226994,0.737520128824477,0.711864406779661,0.0171073094867807,0.701863354037267,0.363494539781591,0.704374057315234,0.707882534775889,0,0.708722741433022,0.303125,0.724569640062598,0.305958132045089,0.342229199372057,0.303125,0.981012658227848,0.977382875605816,0.551401869158878,0.621931260229133,0,0.446511627906977,0.722473604826546,0.69969512195122,0.83125,0.29264475743349,0.722570532915361,0,0.83125,0.706336939721793,0.727838258164852,0.636080870917574,0.292758089368259,0.698890649762282,0.304838709677419,0.307931570762053,0,0.304932735426009,0.703030303030303,0.290571870170015,0.454121306376361,0.304418985270049,0.723270440251572,0.317901234567901,0.702325581395349,0.397174254317111,0.539452495974235,0.356697819314642,0.309375,0.29393468118196,0.976744186046512,0.334890965732087,0.283513097072419,0.700460829493088,0.70625,0.286833855799373,0.290824261275272,0.677966101694915,0.391705069124424,0.3232,0.324655436447167,0.297090352220521,0,0.713375796178344,0.283307810107198,0.699367088607595,0,0.317111459968603,0.00158730158730159,0.691573926868045,0.294930875576037,0.309968847352025,0.00158730158730159,0.665086887835703,0.640378548895899,0.304,0.698387096774194,0.376788553259142,0.299840510366826,0.742138364779874,0.690880989180835,0.48811410459588,0,0.884914463452566,0.310015898251192,0.307086614173228,0.619565217391304,0.285932721712538,0.30514096185738,0.706436420722135,0,0.312404287901991,0.30503144654088,0.336477987421384,0.529862174578867,0.711388455538221,0.406003159557662,0.691472868217054,0.776315789473684,0.00155763239875389,0.600321027287319,0.61259842519685,0.590417310664606,0,0.691935483870968,0.355932203389831,0.569444444444444,0.599378881987578,0.701515151515152,0,0,0.284649776453055,0.311349693251534,0,0.370716510903427,0,0,0,0.279251170046802,0,0.307448494453249,0.504702194357367,0.757251908396947,0.289393939393939,0,0,0.299382716049383,0.339366515837104,0.536434108527132,0.705972434915773,0,0.394453004622496,0.697709923664122,0.301412872841444,0.594427244582043,0.681458003169572,0,0.302611367127496,0.705882352941177,0.346031746031746,0.692551505546751,0,0.717261904761905,0.710191082802548,0.600323624595469,0.309597523219814,0,0.346385542168675,0.314465408805031,0.27613104524181,0,0.716323296354992,0.316558441558442,0.726978998384491,0.285276073619632,0.285714285714286,0.694915254237288,0.283255086071987,1,0.467391304347826,0.710526315789474,0.859872611464968,0.326053042121685,0.00157728706624606,0.71830985915493,0.312210200927357,0.718600953895072,0.599683544303797,0.633956386292835,0,0.772307692307692,0.502392344497608,0.968895800933126,0.316037735849057,0.705790297339593,0.742236024844721,0.639934533551555,0.344563552833078,0.383792048929664,0.338582677165354,0.492063492063492,0,0.304821150855365,0.716030534351145,0.305772230889236,0.833065810593901,0.717754172989378,0.279320987654321,0.29559748427673,0.272151898734177,0.514150943396226,0.304747320061256,0.8578125,0.885895404120444,0.343605546995377,0.400313971742543,0,0,0.2896,0.340694006309148,0.719685039370079,0.321086261980831,0.310975609756098,0.925418569254186,0.352848101265823,0.5728,0.381901840490798,0,0.315372424722662,0.8328125,0.294851794071763,0.284820031298905,0,0.599063962558502,0.327014218009479,0.695517774343122,0.542857142857143,0.634945397815913,0.465568862275449,0.548335974643423,0.328767123287671,0.701649175412294,0.313195548489666,0.295031055900621,0.314152410575428,0.824476650563607,0.742088607594937,0.292452830188679,0.281776416539051,0.00153139356814701,0.50231124807396,0.654853620955316,0.695517774343122,0.491472868217054,0.284375,0.363636363636364,0.294392523364486,0.166153846153846,0.704065040650407,0,0.467391304347826,0.712264150943396,0.700920245398773,0.7046875,0,0.310832025117739,0.350467289719626,0.305295950155763,0.290372670807453,0.709428129829985,0.721003134796238,0,0,0.845669291338583,0.742857142857143,0.714508580343214,0,0.696734059097978,0.280125195618153,0.307339449541284,0.963949843260188,0.295886075949367,0.690769230769231,0.318037974683544,0.56656346749226,0.58751902587519,0,0.28657616892911,0.884126984126984,0.805946791862285,0.366666666666667,0.296636085626911,0.807153965785381,0.0015625,0.325,0.324159021406728,0,0.309559939301973,0.714285714285714,0.302588996763754,0.62111801242236,0,0.00155763239875389,0.809369951534733,0.456828885400314,0.704441041347626,0.730407523510972,0.00156494522691706,0.00161030595813205,0.476621417797888,0.7184,0.28735632183908,0.692901234567901,0.295902883156297,0.70398773006135,0.647604327666152,0.6432,0.41786283891547,0.72,0.710077519379845,0.0015625,0.716323296354992,0,0.301075268817204,0.63562091503268,0.318731117824773,0.717011128775835,0.304,0,0.588325652841782,0.683464566929134,0.289099526066351,0,0.291666666666667,0,0.669341894060995,0.316846986089645,0,0.627145085803432,0.302180685358255,0.465189873417722,0.337025316455696,0.726299694189602,0,0.293103448275862,0.688783570300158,0,0.584615384615385,0.688821752265861,0.708782742681048,0.292721518987342,0.284345047923323,0.303353658536585,0.317535545023697,0.318681318681319,0,0.316358024691358,0.00461538461538462,0.836702954898911,0.689127105666156,0.298600311041991,0.2984375,0.299694189602446,0.298921417565485,0.0623100303951368,0.7265625,0.311004784688995,0.321875,0.532710280373832,0.30381679389313,0.273993808049536,0.316358024691358,0,0,0.315555555555556,0,0.703703703703704,0,0.323854660347551,0.688995215311005,0.715873015873016,0.789799072642968,0.349606299212598,0,0.795918367346939,0.291993720565149,0.288372093023256,0.580495356037152,0.861861861861862,0.695393759286776,0.711450381679389,0.530063291139241,0.710077519379845,0.695517774343122,0.752351097178683,0.68503937007874,0.535384615384615,0.708399366085578,0,0.700787401574803,0.838607594936709,0.281350482315113,0.627906976744186,0.892749244712991,0.579277864992151,0.399688958009331,0.307098765432099,0.345659163987138,0.298578199052133,0.299840510366826,0.306349206349206,0.590909090909091,0.652713178294574,0.30379746835443,0.717293233082707,0.707575757575758,0.415644171779141,0.00154559505409583,0.297674418604651,0.30030487804878,0,0.72408293460925,0,0.334890965732087,0,0.309597523219814,0.290015847860539,0.711864406779661,0.424336973478939,0.294298921417565,0.638932496075353,0.6921875,0.406593406593407,0,0,0.352553542009885,0.350223546944858,0.314814814814815,0,0,0.697784810126582,0.687692307692308,0.609034267912773,0,0.627358490566038,0,0.365079365079365,0.291600633914422,0.727848101265823,0.69922480620155,0,0.679936305732484,0.566096423017107,0.403697996918336,0.324116743471582,0.51937984496124,0.72239263803681,0.314785373608903,0.0747663551401869,0.305732484076433,0,0.301972685887709,0,0.29047619047619,0.701112877583466,0.443217665615142,0,0,0.4390625,0.349436392914654,0.342465753424658,0.524316109422492,0.724085365853659,0.703125,0.394654088050314,0.359208523592085,0,0.715179968701095,0.3198127925117,0,0.296178343949045,0.322480620155039,0.719435736677116,0.0125195618153365,0.702194357366771,0.287234042553192,0.609177215189873,0.69047619047619,0.697411003236246,0.721286370597244,0.547923322683706,0.707317073170732,0.308661417322835,0,0.528951486697966,0.303076923076923,0,0,0.722306525037936,0,0.699844479004666,0.286377708978328,0.5376,0.721417069243156,0.706624605678233,0.746006389776358,0.341772151898734,0.714067278287462,0.0151515151515152,0.710610932475884,0.0569620253164557,0.0170807453416149,0,0.614533965244866,0.690076335877863,0.700787401574803,0.697674418604651,0.707882534775889,0.0158227848101266,0.02,0.708920187793427,0.0142405063291139,0.00476190476190476,0.0405616224648986,0.0186335403726708,0.0153609831029186,0.722741433021807,0.0246913580246914,0.70873786407767,0.712050078247261,0.0157232704402516,0.70125786163522,0.0670731707317073,0.703416149068323,0.680952380952381,0.712328767123288,0.701726844583987
"490",0.803827751196172,0.80188679245283,0.820433436532508,0.8064,0.830670926517572,0.806349206349206,0.804381846635368,0.824644549763033,0.796923076923077,0,0.798136645962733,0,0.613458528951487,0.807383627608347,0.25194401244168,0.199687987519501,0,0.0141287284144427,0.808988764044944,0.814641744548287,0.347417840375587,0.216216216216216,0.802795031055901,0,0.813186813186813,0.388364779874214,0.290220820189274,0.797147385103011,0.576219512195122,0.894573643410853,0.19969512195122,0.716510903426791,0.783699059561129,0.410094637223975,0,0.8125,0.0199386503067485,0.797839506172839,0.437689969604863,0.769349845201238,0.00157232704402516,0.0154083204930663,0.00463678516228748,0.801901743264659,0.760765550239234,0.219242902208202,0.567567567567568,0.181674565560821,0.573596358118361,0.292944785276074,0,0.80811232449298,0.430359937402191,0.804451510333863,0.794348508634223,0.339712918660287,0,0.792663476874003,0.810264385692068,0.810975609756098,0.429663608562691,0.545454545454545,0.194928684627575,0,0.79073482428115,0.764341085271318,0,0.811320754716981,0,0.196485623003195,0.747692307692308,0.187017001545595,0.201248049921997,0.816358024691358,0,0.724770642201835,0.228971962616822,0.65,0.8016,0.430948419301165,0,0.715396578538103,0.371559633027523,0.808346213292117,0.294851794071763,0.81832298136646,0.804953560371517,0.803738317757009,0.799377916018662,0.0060882800608828,0.807210031347962,0.782270606531882,0,0,0.814516129032258,0,0.467692307692308,0.799377916018662,0.00611620795107034,0.00786163522012579,0.711180124223602,0,0.464856230031949,0.80952380952381,0.298484848484848,0.800970873786408,0.00643086816720257,0.821875,0.2,0.206349206349206,0.203416149068323,0.797788309636651,0.461180124223602,0.795631825273011,0,0.811349693251534,0.719874804381847,0,0.1850699844479,0.377952755905512,0,0.777080062794348,0.419152276295133,0.264516129032258,0.798751950078003,0.320813771517997,0.806106870229008,0.803767660910518,0,0.69375,0.813084112149533,0.54414125200642,0.789049919484702,0,0.80952380952381,0.223076923076923,0,0.392125984251968,0.634945397815913,0.667197452229299,0,0,0.818040435458787,0.740973312401884,0.337060702875399,0.8,0.201892744479495,0.816793893129771,0.526232114467409,0.812596006144393,0.319422150882825,0.795886075949367,0.810810810810811,0.805255023183926,0.817204301075269,0.183835182250396,0.796583850931677,0.191222570532915,0,0.73851030110935,0.813559322033898,0.797527047913447,0.204334365325077,0,0.802773497688752,0.537480063795853,0.808988764044944,0.806501547987616,0.798151001540832,0.403053435114504,0.817901234567901,0.198127925117005,0.840245775729647,0.204892966360856,0.813694267515924,0.477449455676516,0,0.80564263322884,0,0.764797507788162,0.807874015748032,0.300940438871473,0.814641744548287,0.800618238021638,0.800891530460624,0.804347826086957,0.288135593220339,0.499234303215926,0.817307692307692,0.813990461049285,0.256609642301711,0.195618153364632,0.816,0.796583850931677,0,0,0.470496894409938,0.00155038759689922,0.795069337442219,0.419254658385093,0.80448717948718,0.701078582434515,0.817484662576687,0.587579617834395,0.524844720496894,0.449139280125196,0.809748427672956,0.815748031496063,0.807395993836672,0,0.777089783281734,0.365105008077544,0.79559748427673,0.184952978056426,0.256134969325153,0.679012345679012,0.800933125972006,0.833333333333333,0.791862284820031,0.79153605015674,0.792393026941363,0,0.253894080996885,0.687405159332322,0.804107424960506,0,0.806552262090484,0.816944024205749,0.6953125,0.569908814589666,0.795631825273011,0.811410459587956,0.52093023255814,0,0.799691833590139,0.601246105919003,0.829073482428115,0.191653786707883,0.803951367781155,0.8060413354531,0.806299212598425,0.804381846635368,0.612654320987654,0.204761904761905,0.821150855365474,0.580745341614907,0.196646341463415,0.201526717557252,0.34913112164297,0.195987654320988,0.33015873015873,0.714719271623672,0.186440677966102,0.199066874027994,0.195384615384615,0.74347158218126,0.223642172523962,0.804416403785489,0.00793650793650794,0.176377952755906,0,0.404423380726698,0.807692307692308,0.79375,0.789638932496075,0,0.814102564102564,0.75867269984917,0.7,0.664586583463339,0.535545023696682,0.524564183835182,0.00768049155145929,0.811023622047244,0.289230769230769,0.71107544141252,0.829652996845426,0.193700787401575,0.977883096366509,0.200310559006211,0.2875,0.804841149773071,0.796147672552167,0.814516129032258,0,0.775914634146341,0.80188679245283,0,0.194744976816074,0.800911854103343,0.829383886255924,0,0.202472952086553,0.197226502311248,0.829307568438003,0.792663476874003,0.195826645264847,0,0.549450549450549,0.831746031746032,0.774539877300613,0.5,0.89776357827476,0.812018489984592,0.195924764890282,0.800307219662058,0.803100775193798,0.188271604938272,0.820433436532508,0.804651162790698,0.8,0.820031298904538,0.352664576802508,0.468509984639017,0.452859350850077,0.83015873015873,0.802287581699346,0.0396341463414634,0.400635930047695,0.808846761453397,0.313664596273292,0.438650306748466,0.813479623824451,0.804075235109718,0.817472698907956,0.704654895666132,0.799093655589124,0.37799043062201,0.830275229357798,0.798425196850394,0,0.475155279503106,0.654895666131621,0.214397496087637,0.0432098765432099,0.195718654434251,0.816326530612245,0.222222222222222,0.193798449612403,0,0.385692068429238,0.794585987261146,0.257763975155279,0.827642276422764,0.836220472440945,0.81591263650546,0.457413249211356,0.448220064724919,0.70253164556962,0.518092105263158,0,0.783489096573209,0.191358024691358,0.223744292237443,0.382126348228043,0.80690737833595,0.197183098591549,0,0.4984375,0.196620583717358,0.214733542319749,0.559241706161137,0.800314465408805,0.4352,0.803827751196172,0.794212218649518,0,0.818991097922849,0.182945736434109,0.806697108066971,0.778294573643411,0.817447495961228,0.20440251572327,0.8,0.197819314641745,0.765354330708661,0.727272727272727,0.807453416149068,0.836923076923077,0.803432137285491,0.466153846153846,0.808846761453397,0.797546012269939,0.204892966360856,0.2109375,0.804140127388535,0.805031446540881,0.479938271604938,0.756211180124224,0.788961038961039,0.809968847352025,0.8125,0,0.289137380191693,0.807098765432099,0.200631911532385,0,0.830985915492958,0.00644122383252818,0.228125,0.792890262751159,0.838557993730408,0.00314465408805031,0.71183800623053,0.50625,0.831746031746032,0.198717948717949,0.8,0.806089743589744,0.519809825673534,0.789308176100629,0.7640625,0,0.34585289514867,0.817749603803486,0.811320754716981,0.52803738317757,0.805135951661631,0.789819376026273,0.215962441314554,0.00153846153846154,0.812307692307692,0.809891808346213,0.811023622047244,0.694915254237288,0.192901234567901,0.811320754716981,0.373626373626374,0.364820846905537,0.00622083981337481,0.655448717948718,0.652996845425868,0.666153846153846,0,0.431309904153355,0.797169811320755,0.671779141104294,0.601236476043277,0.271364317841079,0,0,0.803303303303303,0.798771121351767,0,0.819620253164557,0.00801282051282051,0,0,0.792721518987342,0,0.815409309791332,0.800623052959502,0.671296296296296,0.795731707317073,0,0,0.811023622047244,0.817901234567901,0.74347158218126,0.197492163009404,0.0016025641025641,0.799694189602447,0.794478527607362,0.82472613458529,0.580495356037152,0.483253588516746,0,0.802197802197802,0.199036918138042,0.813990461049285,0.2592,0,0.194864048338369,0.287735849056604,0.54071661237785,0.789147286821705,0,0.812213740458015,0.810769230769231,0.808411214953271,0,0.255520504731861,0.784053156146179,0.211726384364821,0.806800618238022,0.813253012048193,0.198170731707317,0.795031055900621,0.467391304347826,1,0.205974842767296,0.344339622641509,0.812111801242236,0.00634920634920635,0.19751166407465,0.8109375,0.207062600321027,0.67981072555205,0.49452269170579,0,0.295665634674923,0.724247226624406,0.425465838509317,0.812213740458015,0.195275590551181,0.29393468118196,0.522022838499184,0.796352583586626,0.797856049004594,0.810725552050473,0.755102040816326,0,0.82262996941896,0.199687987519501,0.793427230046948,0.542949756888169,0.204892966360856,0.801232665639445,0.814580031695721,0.805900621118012,0.635792778649921,0.822047244094488,0.3216,0.36650868878357,0.800618238021638,0.80564263322884,0,0,0.799682034976153,0.792332268370607,0.20926517571885,0.815336463223787,0.821150855365474,0.53582554517134,0.838862559241706,0.76984126984127,0.804281345565749,0,0.808612440191388,0.505564387917329,0.803432137285491,0.8,0,0.6640625,0.845911949685535,0.210361067503925,0.712480252764613,0.504716981132076,0.745127436281859,0.702875399361022,0.799392097264438,0.25609756097561,0.808988764044944,0.807987711213518,0.828393135725429,0.473429951690821,0.275752773375594,0.810769230769231,0.80640243902439,0.00462249614791988,0.743034055727554,0.542242703533026,0.424806201550388,0.744615384615385,0.814352574102964,0.82018927444795,0.801550387596899,0.157566302652106,0.186084142394822,0,0.783570300157978,0.194006309148265,0.2,0.437201907790143,0,0.811145510835913,0.802752293577982,0.806603773584906,0.81010719754977,0.268987341772152,0.208267090620032,0,0,0.344155844155844,0.256289308176101,0.310509554140127,0,0.201550387596899,0.804992199687988,0.0846153846153846,0.4671875,0.805732484076433,0.705790297339593,0.803174603174603,0.685496183206107,0.682170542635659,0,0.807866868381241,0.562998405103668,0.685214626391097,0.820395738203957,0.807098765432099,0.537037037037037,0.00462962962962963,0.8078125,0.82225656877898,0,0.788990825688073,0.20404984423676,0.807504078303426,0.5,0,0.0062402496099844,0.69281045751634,0.778471138845554,0.193447737909516,0.3125,0.00938967136150235,0.00164744645799012,0.715582450832073,0.208860759493671,0.796416938110749,0.466049382716049,0.818181818181818,0.194528875379939,0.500770416024653,0.433962264150943,0.815831987075929,0.262560777957861,0.205287713841369,0.00157232704402516,0.229299363057325,0,0.807044410413476,0.192926045016077,0.82051282051282,0.192125984251969,0.799043062200957,0,0.566820276497696,0.559561128526646,0.795918367346939,0,0.796946564885496,0,0.507987220447284,0.802752293577982,0,0.723926380368098,0.804761904761905,0.690737833594976,0.831210191082803,0.226851851851852,0,0.793478260869565,0.402535657686212,0,0.709828393135725,0.191553544494721,0.200308166409861,0.803459119496855,0.806603773584906,0.799392097264438,0.798425196850394,0.80564263322884,0,0.803174603174603,0.0138036809815951,0.518237082066869,0.427682737169518,0.8109375,0.794162826420891,0.805810397553517,0.798751950078003,0.0628834355828221,0.215625,0.821256038647343,0.818885448916409,0.73497688751926,0.817054263565892,0.803981623277182,0.826356589147287,0,0,0.798798798798799,0,0.237577639751553,0.00157977883096367,0.8171875,0.414556962025316,0.371980676328502,0.310664605873261,0.803174603174603,0.00154559505409583,0.303265940902022,0.7984375,0.814701378254211,0.691358024691358,0.596701649175412,0.379310344827586,0.351226993865031,0.636650868878357,0.181395348837209,0.304416403785489,0.719874804381847,0.393081761006289,0.723765432098765,0.204334365325077,0,0.188589540412044,0.486739469578783,0.79454253611557,0.681318681318681,0.411144578313253,0.68160741885626,0.827371695178849,0.791476407914764,0.820097244732577,0.803827751196172,0.81042654028436,0.810985460420032,0.624223602484472,0.526636225266362,0.811708860759494,0.200303490136571,0.198473282442748,0.814241486068111,0.00753012048192771,0.806501547987616,0.790625,0,0.272583201267829,0,0.809891808346213,0,0.799691833590139,0.810725552050473,0.191653786707883,0.9984375,0.795419847328244,0.741324921135647,0.695121951219512,0.796850393700787,0,0,0.851612903225806,0.828828828828829,0.810185185185185,0,0,0.188197767145136,0.38368580060423,0.554858934169279,0,0.555031446540881,0,0.805111821086262,0.797124600638978,0.3296,0.400921658986175,0,0.481540930979133,0.596546310832025,0.749211356466877,0.820121951219512,0.752351097178683,0.185243328100471,0.83739837398374,0.0330188679245283,0.799043062200957,0,0.806646525679758,0.0046656298600311,0.799679487179487,0.208722741433022,0.135860979462875,0,0,0.777604976671851,0.792604501607717,0.813559322033898,0.739130434782609,0.223076923076923,0.203852327447833,0.746130030959752,0.734375,0,0.202786377708978,0.785031847133758,0,0.7904,0.847094801223242,0.271293375394322,0.0342679127725857,0.189735614307932,0.81638846737481,0.5424,0.251192368839428,0.266881028938907,0.299531981279251,0.728867623604466,0.267584097859327,0.8078125,0,0.739469578783151,0.797822706065319,0.003125,0,0.198211624441133,0,0.21283255086072,0.800933125972006,0.705128205128205,0.189873417721519,0.200317965023847,0.680445151033386,0.82670906200318,0.539781591263651,0.0432766615146832,0.201248049921997,0.0633116883116883,0.0188383045525903,0,0.184251968503937,0.20211161387632,0.174050632911392,0.218266253869969,0.202472952086553,0.0384615384615385,0.049306625577812,0.206201550387597,0.0203125,0.00810372771474878,0.0345368916797488,0.0247678018575851,0.0515625,0.201550387596899,0.0232919254658385,0.188102893890675,0.211690363349131,0.0366826156299841,0.192604006163328,0.0400616332819723,0.177018633540373,0.221350078492936,0.196048632218845,0.198767334360555
"491",0.0127388535031847,0.0109204368174727,0.0401234567901235,0.08,0.0272873194221509,0.00955414012738853,0.111287758346582,0.033175355450237,0.0108527131782946,0,0.00956937799043062,0,0.435458786936236,0.00473186119873817,0.947619047619048,0.984375,0,0,0.00955414012738853,0.0299212598425197,0.846394984326019,0.96260162601626,0.0201550387596899,0,0.0564263322884013,0.736925515055468,0.88783570300158,0.0190779014308426,0.529953917050691,0.329738058551618,0.990595611285266,0.325949367088608,0.242811501597444,0.717219589257504,0,0.00947867298578199,0.00463678516228748,0.0139103554868624,0.7526395173454,0.106976744186047,0,0,0,0.0095389507154213,0.229132569558101,0.971383147853736,0.487961476725522,0.988958990536278,0.550769230769231,0.859567901234568,0,0.0174603174603175,0.74198717948718,0.00794912559618442,0.125,0.838304552590267,0,0.0366826156299841,0.0494590417310665,0.111635220125786,0.702660406885759,0.560250391236307,0.990384615384615,0,0.121359223300971,0.190697674418605,0,0.0207336523125997,0,0.988906497622821,0.148669796557121,0.982866043613707,0.980952380952381,0.0093167701863354,0,0.297090352220521,0.951788491446345,0.433333333333333,0.121951219512195,0.735,0,0.317757009345794,0.790697674418605,0.00464396284829721,0.886292834890966,0.103875968992248,0.0141287284144427,0.0419906687402799,0.0403100775193798,0,0.0220472440944882,0.00927357032457496,0,0,0.0420032310177706,0,0.684458398744113,0.0288,0,0,0.390551181102362,0,0.724247226624406,0.00970873786407767,0.887147335423197,0.00961538461538462,0,0.0312989045383412,0.990369181380417,0.984472049689441,0.984126984126984,0.0968253968253968,0.673501577287066,0.0186335403726708,0,0.0264797507788162,0.3078125,0,0.995334370139969,0.762282091917591,0,0.248826291079812,0.756289308176101,0.921696574225122,0.0334394904458599,0.845553822152886,0.013953488372093,0.0124031007751938,0,0.463338533541342,0.0839936608557845,0.520833333333333,0.0208667736757624,0,0.0112540192926045,0.990726429675425,0,0.8,0.374213836477987,0.499197431781701,0,0,0.0346456692913386,0.251980982567353,0.826580226904376,0.00626959247648903,0.982945736434109,0.0909090909090909,0.606012658227848,0.0292307692307692,0.851437699680511,0.0251968503937008,0.00803858520900321,0.179127725856698,0.014446227929374,0.991961414790997,0.0107033639143731,0.9904,0,0.2752,0.147919876733436,0.0253164556962025,0.974960876369327,0,0.00930232558139535,0.564516129032258,0.00983606557377049,0.00930232558139535,0.00622083981337481,0.714285714285714,0.0330708661417323,0.990551181102362,0.0610687022900763,0.99236641221374,0.118296529968454,0.624036979969183,0,0.028436018957346,0,0.161741835147745,0.00941915227629513,0.871382636655949,0.0283464566929134,0.0559006211180124,0.0182370820668693,0.0343213728549142,0.902173913043478,0.634222919937206,0.0906148867313916,0.0708661417322835,0.941176470588235,0.989079563182527,0.0304,0.144200626959248,0,0,0.710191082802548,0,0.0107858243451464,0.75,0.134585289514867,0.251968503937008,0.0199692780337942,0.566037735849057,0.578125,0.713153724247227,0.0897637795275591,0.0423197492163009,0.137770897832817,0,0.12,0.830065359477124,0.0672,0.990566037735849,0.926493108728943,0.482170542635659,0.0313971742543171,0.0278207109737249,0.188589540412044,0.0062015503875969,0.115085536547434,0,0.9234375,0.346094946401225,0.0127388535031847,0,0.0169753086419753,0.0319634703196347,0.467289719626168,0.472266244057052,0.0204081632653061,0.00967741935483871,0.630094043887147,0,0.12,0.485530546623794,0.038961038961039,0.990639625585023,0.0539291217257319,0.0111821086261981,0.0109375,0.0552922590837283,0.496894409937888,0.99198717948718,0.0425867507886435,0.455813953488372,0.986238532110092,0.990895295902883,0.812101910828026,0.988906497622821,0.848142164781906,0.347286821705426,0.988958990536278,0.987361769352291,0.987441130298273,0.432348367029549,0.952922077922078,0.0273752012882448,0,0.988976377952756,0,0.783653846153846,0.00797448165869218,0.0282574568288854,0.111464968152866,0,0.148626817447496,0.153013910355487,0.325434439178515,0.403453689167975,0.5424,0.5553772070626,0,0.008,0.899843505477308,0.313504823151125,0.0497592295345104,0.985826771653543,0.264240506329114,0.989010989010989,0.888024883359253,0.00769230769230769,0.00978792822185971,0.112,0,0.379573170731707,0.1216,0,0.988924050632911,0.110248447204969,0.0253164556962025,0,0.993710691823899,0.992260061919505,0.0321543408360129,0.12924071082391,0.99184339314845,0,0.605345911949686,0.0207667731629393,0.238317757009346,0.62111801242236,0.359424920127796,0.0467289719626168,0.988958990536278,0.00775193798449612,0.00470219435736677,0.987240829346092,0.0425867507886435,0.00796178343949045,0.0385232744783307,0.0109717868338558,0.810641627543036,0.706521739130435,0.721259842519685,0.0351437699680511,0.0646203554119548,0.00153846153846154,0.732689210950081,0.0366826156299841,0.844339622641509,0.69218989280245,0.0110062893081761,0.00940438871473354,0.0438184663536776,0.326923076923077,0.0108695652173913,0.75,0.046801872074883,0.00963081861958266,0,0.687116564417178,0.463022508038585,0.978125,0.00154559505409583,0.986217457886677,0.110584518167457,0.960691823899371,0.99211356466877,0,0.772012578616352,0.016,0.915625,0.0275080906148867,0.0452418096723869,0.024,0.718196457326892,0.711507293354943,0.341269841269841,0.559210526315789,0,0.176656151419558,0.976744186046512,0.97984496124031,0.800940438871473,0.00955414012738853,0.987616099071207,0,0.693623639191291,0.982892690513219,0.968304278922345,0.515923566878981,0.00949367088607595,0.719354838709677,0.00803858520900321,0.0364500792393027,0,0.0178837555886736,0.990726429675425,0.00765696784073507,0.168224299065421,0.00801282051282051,0.979719188767551,0.031104199066874,0.990551181102362,0.120063191153239,0.311582381729201,0.062402496099844,0.0247295208655332,0.0077639751552795,0.714508580343214,0.0488958990536278,0.00772797527047913,0.992435703479576,0.976340694006309,0.00792393026941363,0.00938967136150235,0.680124223602484,0.128526645768025,0.0474631751227496,0.0570107858243451,0.010752688172043,0,0.907766990291262,0.010989010989011,0.99203821656051,0,0.0438184663536776,0,0.957860615883306,0.00941915227629513,0.0408805031446541,0,0.3890625,0.579617834394904,0.029126213592233,0.988853503184713,0.156299840510367,0.0113268608414239,0.623809523809524,0.408450704225352,0.237261146496815,0,0.838095238095238,0.0318471337579618,0.0125,0.549450549450549,0.00934579439252336,0.0347107438016529,0.965299684542587,0,0.028125,0.0141732283464567,0.0604133545310016,0.317757009345794,0.985668789808917,0.149842271293375,0.744444444444444,0.803630363036304,0,0.392914653784219,0.392344497607655,0.410094637223975,0,0.725521669341894,0.107424960505529,0.3734375,0.497702909647779,0.945288753799392,0,0,0.00896860986547085,0.0340030911901082,0,0.0921875,0,0,0,0.0111464968152866,0,0.0112179487179487,0.253105590062112,0.474885844748858,0.0108695652173913,0,0,0.0188679245283019,0.0487062404870624,0.289968652037618,0.993846153846154,0,0.123076923076923,0.425196850393701,0.0078125,0.468944099378882,0.666131621187801,0,0.0282131661442006,0.990291262135922,0.0556438791732909,0.913461538461538,0,0.979938271604938,0.87719298245614,0.514096185737977,0.0363924050632911,0,0.0584615384615385,0.0358814352574103,0.00940438871473354,0,0.929260450160772,0.0741989881956155,0.988486842105263,0.00793650793650794,0.00762195121951219,0.98297213622291,0.00784929356357928,0.710526315789474,0.205974842767296,1,0.839427662957075,0.0500782472613459,0,0.990580847723705,0.0360501567398119,0.99025974025974,0.349761526232114,0.612954186413902,0,0.88503937007874,0.26645264847512,0.750778816199377,0.0394321766561514,0.990275526742301,0.839874411302983,0.551219512195122,0.0619195046439628,0.124610591900312,0.0412044374009509,0.264,0,0.0295489891135303,0.989147286821705,0.0427892234548336,0.616883116883117,0.989096573208723,0.00789889415481832,0.00794912559618442,0.0078003120124805,0.365777080062794,0.0262345679012346,0.8592,0.817034700315457,0.0670826833073323,0.131375579598145,0,0,0.0176565008025682,0.0740740740740741,0.977564102564103,0.0243506493506494,0.0202808112324493,0.636645962732919,0.0858995137763371,0.280193236714976,0.117469879518072,0,0.0416666666666667,0.653907496012759,0.00794912559618442,0.0109717868338558,0,0.373205741626794,0.0352,0.992211838006231,0.312399355877617,0.629057187017002,0.213855421686747,0.339256865912762,0.0467571644042232,0.913109756097561,0.0225806451612903,0.00941915227629513,0.0299212598425197,0.700320512820513,0.879365079365079,0.0173501577287066,0.010989010989011,0,0.227629513343799,0.543035993740219,0.751166407465008,0.252351097178683,0.00632911392405063,0.136291600633914,0.00930232558139535,0.100154083204931,0.990033222591362,0,0.195275590551181,0.985553772070626,0.990491283676704,0.732594936708861,0,0.0222222222222222,0.0951638065522621,0.0110410094637224,0.0139751552795031,0.904238618524333,0.990369181380417,0,0,0.835463258785943,0.924050632911392,0.853968253968254,0,0.992175273865415,0.00770416024653313,0.420401854714065,0.715654952076677,0.00802568218298555,0.429699842022117,0.0315955766192733,0.368992248062016,0.377125193199382,0,0.00906344410876133,0.612540192926045,0.514285714285714,0.0864197530864197,0.0231481481481481,0.628440366972477,0,0.0570522979397781,0.0508474576271186,0,0.045662100456621,0.977742448330684,0.0212765957446809,0.58179012345679,0,0,0.494252873563218,0.1824,0.99203821656051,0.8672,0,0,0.25226586102719,0.966719492868463,0.00991735537190083,0.699530516431925,0.0123647604327666,0.990740740740741,0.619496855345912,0.663492063492063,0.14873417721519,0.893548387096774,0.989113530326594,0,0.952,0,0.0154798761609907,0.788025889967638,0.0289193302891933,0.989010989010989,0.0113452188006483,0,0.483282674772036,0.542130365659777,0.0093603744149766,0,0.0107361963190184,0,0.61525974025974,0.0184615384615385,0,0.3625,0.0303030303030303,0.258970358814353,0.0592,0.967692307692308,0,0.00793650793650794,0.736089030206677,0,0.321928460342146,0.989247311827957,0.970679012345679,0.0113268608414239,0.00961538461538462,0.015527950310559,0.0382775119617225,0.0321543408360129,0,0.0350877192982456,0,0.641744548286604,0.718553459119497,0.0172684458398744,0.0172143974960876,0.0168970814132104,0.0201550387596899,0.0327613104524181,0.976415094339623,0.0263157894736842,0.0512422360248447,0.292379471228616,0.031201248049922,0.0108359133126935,0.0359937402190923,0,0,0.0291411042944785,0,0.925233644859813,0,0.054140127388535,0.7312,0.780290791599354,0.874804381846635,0.0786516853932584,0.00157728706624606,0.897476340694006,0.00966183574879227,0.0109204368174727,0.384,0.585476550680787,0.788059701492537,0.821981424148607,0.34789644012945,0.992175273865415,0.870109546165884,0.472868217054264,0.748427672955975,0.312210200927357,0.98125,0,0.990353697749196,0.67304625199362,0.008,0.369327073552426,0.780152671755725,0.396284829721362,0.1390625,0.0210843373493976,0.0456769983686786,0.0286168521462639,0.00802568218298555,0.00788643533123028,0.474097331240188,0.600624024960998,0.0112359550561798,0.984756097560976,0.984544049459042,0.142633228840125,0,0.00930232558139535,0.0386398763523957,0,0.880718954248366,0,0.0571428571428571,0,0.0362204724409449,0.00789889415481832,0.984544049459042,0.174050632911392,0.00772797527047913,0.379254457050243,0.403453689167975,0.123003194888179,0,0,0.077175697865353,0.0669710806697108,0.0217054263565891,0,0,0.991935483870968,0.768759571209801,0.508744038155803,0,0.568778979907264,0,0.0881410256410256,0.00961538461538462,0.808510638297872,0.767080745341615,0,0.681089743589744,0.411111111111111,0.143302180685358,0.0429447852760736,0.250388802488336,0.990384615384615,0.0220820189274448,0.0847723704866562,0.00644122383252818,0,0.0262751159196291,0,0.0078125,0.977812995245642,0.611556982343499,0,0,0.180404354587869,0.0786516853932584,0.0660522273425499,0.287713841368585,0.964939024390244,0.984152139461173,0.170846394984326,0.173106646058733,0,0.977883096366509,0.037914691943128,0,0.023961661341853,0.0513219284603421,0.924265842349305,0,1,0.00927357032457496,0.547351524879615,0.917573872472784,0.893719806763285,0.890282131661442,0.317589576547231,0.899686520376176,0.010989010989011,0,0.255961844197138,0.0262751159196291,0,0,0.993846153846154,0,0.990639625585023,0.00940438871473354,0.282296650717703,0.990461049284579,0.990415335463259,0.479935794542536,0.0514469453376206,0.568503937007874,0,0.990306946688207,0.0517799352750809,0.00938967136150235,0,0.798092209856916,0.986404833836858,0.987158908507223,0.974882260596546,0.989247311827957,0,0,0.97933227344992,0.00631911532385466,0.00319488817891374,0.0266875981161695,0.00619195046439629,0,0.985871271585557,0.0139103554868624,0.990275526742301,0.9872,0,0.985804416403785,0.043343653250774,0.990639625585023,0.90894819466248,0.987823439878234,0.988745980707395
"492",0.16887417218543,0.161084529505582,0.18957345971564,0.215106732348112,0.171749598715891,0.168053244592346,0.265472312703583,0.18341307814992,0.169303797468354,0.00164744645799012,0.166931637519873,0.00161812297734628,0.519354838709677,0.151067323481117,0.819354838709677,0.830427892234548,0,0.00644122383252818,0.166112956810631,0.179407176287051,0.8832,0.818032786885246,0.183673469387755,0.00157977883096367,0.214968152866242,0.712218649517685,0.821484992101106,0.175609756097561,0.625,0.447284345047923,0.8359375,0.452380952380952,0.37378640776699,0.697784810126582,0.00159235668789809,0.160513643659711,0.0156494522691706,0.166931637519873,0.872472783825817,0.248427672955975,0.0032520325203252,0.00159235668789809,0.00318979266347687,0.166936790923825,0.371100164203612,0.839486356340289,0.559429477020602,0.83968253968254,0.618066561014263,0.768388106416275,0.00159744408945687,0.177133655394525,0.796825396825397,0.165594855305466,0.273021001615509,0.794069192751236,0.00163934426229508,0.190864600326264,0.19872813990461,0.261006289308176,0.69935691318328,0.647527910685805,0.832236842105263,0.00165016501650165,0.258899676375405,0.323899371069182,0.0016025641025641,0.181380417335474,0.0016,0.825242718446602,0.282574568288854,0.827751196172249,0.840064620355412,0.163779527559055,0.00158227848101266,0.430577223088924,0.845669291338583,0.512779552715655,0.271241830065359,0.713310580204778,0.0016025641025641,0.44392523364486,0.722570532915361,0.164296998420221,0.802907915993538,0.248417721518987,0.162974683544304,0.188498402555911,0.186728395061728,0.00155763239875389,0.170731707317073,0.16504854368932,0.00161550888529887,0.00159235668789809,0.190864600326264,0,0.814102564102564,0.182965299684543,0.003125,0.00158982511923688,0.560509554140127,0.0016,0.885483870967742,0.160453808752026,0.909235668789809,0.148450244698206,0.00161550888529887,0.190095846645367,0.844051446945338,0.842356687898089,0.839427662957075,0.245585874799358,0.660828025477707,0.172302737520129,0.0016260162601626,0.181533646322379,0.445337620578778,0,0.832278481012658,0.738636363636364,0.00156494522691706,0.373608903020668,0.891025641025641,0.823920265780731,0.192556634304207,0.772012578616352,0.159375,0.159609120521173,0.00162074554294976,0.631160572337043,0.235668789808917,0.560975609756098,0.189144736842105,0,0.169381107491857,0.821766561514196,0,0.893203883495146,0.457326892109501,0.647634584013051,0.00161812297734628,0.00165837479270315,0.186900958466454,0.388083735909823,0.743801652892562,0.164781906300485,0.820678513731826,0.229430379746835,0.590614886731392,0.164319248826291,0.934640522875817,0.161290322580645,0.166397415185784,0.305295950155763,0.161137440758294,0.822847682119205,0.163751987281399,0.837133550488599,0.0016,0.412438625204583,0.288188976377953,0.175911251980983,0.824281150159744,0.0015625,0.163779527559055,0.622149837133551,0.166666666666667,0.165615141955836,0.161137440758294,0.702830188679245,0.195892575039494,0.842105263157895,0.193146417445483,0.83125,0.26038338658147,0.642072213500785,0.00163132137030995,0.183739837398374,0.00159235668789809,0.294585987261146,0.16025641025641,0.786752827140549,0.1872,0.216300940438871,0.176744186046512,0.185714285714286,0.822784810126582,0.625194401244168,0.240589198036007,0.235576923076923,0.838095238095238,0.835463258785943,0.184039087947883,0.285714285714286,0.00156494522691706,0.0016,0.851373182552504,0.0016,0.163492063492063,0.724137931034483,0.284109149277689,0.365079365079365,0.18025078369906,0.72258064516129,0.609872611464968,0.844551282051282,0.20926517571885,0.178282009724473,0.269592476489028,0.0016025641025641,0.272,0.92962356792144,0.206349206349206,0.833068362480127,0.817757009345794,0.631160572337043,0.189710610932476,0.191455696202532,0.317817014446228,0.161084529505582,0.284329563812601,0,0.819620253164557,0.473270440251572,0.172859450726979,0.00159235668789809,0.168769716088328,0.179289026275116,0.6224,0.498387096774194,0.180094786729858,0.164473684210526,0.774716369529984,0,0.256651017214397,0.5696,0.188311688311688,0.836734693877551,0.192125984251969,0.162903225806452,0.175355450236967,0.213247172859451,0.5264,0.841503267973856,0.189406099518459,0.545454545454545,0.841368584758942,0.831530139103555,0.7168,0.838915470494418,0.903436988543372,0.498427672955975,0.821371610845295,0.828346456692913,0.838351822503962,0.5796875,0.816091954022989,0.175806451612903,0.00161290322580645,0.821656050955414,0.00156985871271586,0.940322580645161,0.166134185303514,0.173139158576052,0.258730158730159,0,0.291325695581015,0.290015847860539,0.448387096774194,0.516908212560386,0.588045234248788,0.57328990228013,0.00319488817891374,0.160975609756098,0.904991948470209,0.452188006482982,0.197431781701445,0.838141025641026,0.404494382022472,0.826860841423948,0.800319488817891,0.163009404388715,0.161184210526316,0.266886326194399,0,0.517241379310345,0.273770491803279,0.00159744408945687,0.839370078740157,0.260596546310832,0.178282009724473,0.00158982511923688,0.8448,0.844197138314785,0.183870967741935,0.273021001615509,0.840531561461794,0,0.769480519480519,0.166936790923825,0.384737678855326,0.620414673046252,0.495065789473684,0.19422150882825,0.829888712241653,0.164576802507837,0.165594855305466,0.826433121019108,0.188102893890675,0.159420289855072,0.197368421052632,0.157051282051282,0.769968051118211,0.774803149606299,0.865079365079365,0.175895765472313,0.220563847429519,0.0127186009538951,0.723027375201288,0.183254344391785,0.756451612903226,0.690251572327044,0.170886075949367,0.162337662337662,0.189710610932476,0.460655737704918,0.157566302652106,0.727714748784441,0.205087440381558,0.162828947368421,0.00161812297734628,0.762128325508607,0.630048465266559,0.827476038338658,0.0142405063291139,0.832558139534884,0.2384,0.829888712241653,0.836507936507937,0,0.739268680445151,0.175697865353038,0.807631160572337,0.177446102819237,0.208333333333333,0.179775280898876,0.869218500797448,0.877850162866449,0.452342487883683,0.568527918781726,0.00160771704180064,0.328025477707006,0.842433697347894,0.810047095761381,0.887640449438202,0.161500815660685,0.835725677830941,0,0.763406940063092,0.8304,0.843137254901961,0.558587479935794,0.167741935483871,0.708469055374593,0.16887417218543,0.196747967479675,0,0.175038051750381,0.828616352201258,0.1696,0.323763955342903,0.169407894736842,0.837662337662338,0.183385579937304,0.82753164556962,0.270967741935484,0.424878836833603,0.218700475435816,0.190705128205128,0.1568,0.853080568720379,0.199044585987261,0.165354330708661,0.826291079812207,0.837620578778135,0.161812297734628,0.164536741214058,0.682034976152623,0.263910969793323,0.203947368421053,0.200636942675159,0.164817749603803,0.00162337662337662,0.787828947368421,0.156050955414013,0.845276872964169,0.00164473684210526,0.18370607028754,0.00325732899022801,0.820554649265905,0.161392405063291,0.190016103059581,0.00327332242225859,0.558587479935794,0.620521172638437,0.180781758957655,0.826446280991736,0.280844155844156,0.165302782324059,0.683690280065898,0.567092651757188,0.364365971107544,0.00161550888529887,0.932584269662921,0.180623973727422,0.1712,0.5872,0.160125588697017,0.198653198653199,0.822006472491909,0,0.196513470681458,0.164516129032258,0.220779220779221,0.436420722135008,0.834138486312399,0.281150159744409,0.749601275917065,0.816806722689076,0.00316455696202532,0.492659053833605,0.4928,0.50693374422188,0.00157232704402516,0.704065040650407,0.245614035087719,0.462992125984252,0.548183254344392,0.802431610942249,0.00158730158730159,0.00156985871271586,0.164110429447853,0.173106646058733,0.00158227848101266,0.23968253968254,0,0,0.00164203612479475,0.151857835218094,0.00157728706624606,0.177235772357724,0.393312101910828,0.637209302325581,0.152755905511811,0.00164473684210526,0,0.168503937007874,0.199066874027994,0.410459587955626,0.835443037974684,0,0.265432098765432,0.574132492113565,0.164251207729469,0.543720190779014,0.646103896103896,0.00160771704180064,0.179650238473768,0.840909090909091,0.206896551724138,0.7952,0.00159235668789809,0.834890965732087,0.784911717495987,0.549248747913189,0.185243328100471,0.00159235668789809,0.213395638629283,0.1904,0.157894736842105,0.00160771704180064,0.812995245641838,0.218855218855219,0.842454394693201,0.160186625194401,0.160125588697017,0.830645161290323,0.1472,0.859872611464968,0.344339622641509,0.839427662957075,1,0.199677938808374,0.0032,0.843548387096774,0.1904,0.837704918032787,0.489465153970827,0.621187800963082,0.0015748031496063,0.817891373801917,0.38752052545156,0.884858044164038,0.176377952755906,0.831746031746032,0.806603773584906,0.596283783783784,0.215962441314554,0.252351097178683,0.2064,0.390522875816993,0.00163934426229508,0.169303797468354,0.830963665086888,0.1824,0.770764119601329,0.837579617834395,0.156299840510367,0.162903225806452,0.15780998389694,0.464,0.179527559055118,0.9216,0.921696574225122,0.226984126984127,0.271428571428571,0.00156739811912226,0.00160771704180064,0.172859450726979,0.224390243902439,0.834426229508197,0.192434210526316,0.177133655394525,0.80577849117175,0.224755700325733,0.445171849427169,0.259554140127389,0.00158478605388273,0.196747967479675,0.800316957210777,0.159090909090909,0.166134185303514,0.0015552099533437,0.475649350649351,0.192182410423453,0.837662337662338,0.438985736925515,0.632329635499208,0.335413416536661,0.433715220949264,0.203389830508475,0.801857585139319,0.180781758957655,0.162204724409449,0.179936305732484,0.822445561139028,0.821018062397373,0.158908507223114,0.165354330708661,0.00158478605388273,0.3734375,0.588328075709779,0.7088,0.364516129032258,0.171428571428571,0.260450160771704,0.168224299065421,0.134920634920635,0.828813559322034,0,0.32475884244373,0.84688995215311,0.841935483870968,0.718649517684887,0.00158982511923688,0.179936305732484,0.233807266982622,0.167202572347267,0.173566878980892,0.799363057324841,0.841091492776886,0.0015625,0.00159489633173844,0.907284768211921,0.834146341463415,0.790322580645161,0.00158730158730159,0.842857142857143,0.1632,0.359497645211931,0.862459546925566,0.169082125603865,0.588516746411483,0.200317965023847,0.465189873417722,0.489859594383775,0.00159489633173844,0.164362519201229,0.755663430420712,0.672077922077922,0.232227488151659,0.175632911392405,0.732689210950081,0.00315457413249211,0.215654952076677,0.204334365325077,0.0016,0.196567862714509,0.839936608557845,0.179401993355482,0.603503184713376,0.00161290322580645,0.00316455696202532,0.658901830282862,0.321543408360129,0.8288,0.795454545454545,0.00314465408805031,0.00326797385620915,0.389408099688474,0.831730769230769,0.161290322580645,0.674565560821485,0.160883280757098,0.828660436137072,0.656200941915228,0.68130081300813,0.287337662337662,0.791390728476821,0.829113924050633,0.00158478605388273,0.831147540983607,0.00159489633173844,0.161949685534591,0.71334431630972,0.180967238689548,0.830342577487765,0.173553719008264,0.00158478605388273,0.539808917197452,0.616747181964573,0.163987138263666,0,0.161442006269592,0.00160513643659711,0.631147540983607,0.17693522906793,0.00160513643659711,0.525984251968504,0.184,0.374183006535948,0.229132569558101,0.82018927444795,0,0.164516129032258,0.712418300653595,0.00155038759689922,0.454113924050633,0.837461300309598,0.829652996845426,0.177049180327869,0.157467532467532,0.170926517571885,0.1936,0.190322580645161,0.00159744408945687,0.194577352472089,0.00471698113207547,0.778129952456418,0.701754385964912,0.171156893819334,0.169572107765452,0.173775671406003,0.176656151419558,0.0447284345047923,0.853181076672104,0.176470588235294,0.211783439490446,0.417582417582418,0.181528662420382,0.159810126582278,0.2016,0.00157728706624606,0.0015527950310559,0.18266253869969,0,0.828616352201258,0.00161812297734628,0.208931419457735,0.70935960591133,0.77317880794702,0.84458398744113,0.223662884927066,0.0015748031496063,0.872785829307568,0.164516129032258,0.163751987281399,0.503987240829346,0.74537037037037,0.732718894009217,0.762204724409449,0.454098360655738,0.8368,0.7808,0.610932475884244,0.72859450726979,0.417061611374408,0.830427892234548,0,0.830917874396135,0.805872756933116,0.165562913907285,0.527156549520767,0.928792569659443,0.481774960380349,0.278219395866455,0.171073094867807,0.207011686143573,0.176661264181524,0.162337662337662,0.175718849840256,0.516431924882629,0.593650793650794,0.172920065252855,0.83203732503888,0.823712948517941,0.286624203821656,0.00312989045383412,0.157643312101911,0.194267515923567,0.0016260162601626,0.794788273615635,0.00160771704180064,0.202247191011236,0.00164473684210526,0.191153238546603,0.162379421221865,0.833855799373041,0.3008,0.159810126582278,0.518821603927987,0.551505546751189,0.29126213592233,0.00158227848101266,0,0.229235880398671,0.219135802469136,0.1808,0.0015625,0.00156739811912226,0.83112582781457,0.731132075471698,0.559618441971383,0.00158478605388273,0.608064516129032,0.00159489633173844,0.242811501597444,0.168284789644013,0.775777414075286,0.719047619047619,0.00155763239875389,0.667763157894737,0.508038585209003,0.282504012841092,0.2,0.410543130990415,0.8464,0.17258064516129,0.0944,0.176375404530744,0,0.162717219589258,0.00160513643659711,0.166392092257002,0.829821717990275,0.526829268292683,0.00158730158730159,0,0.3125,0.227868852459016,0.219092331768388,0.415213946117274,0.864274570982839,0.830342577487765,0.307936507936508,0.28414442700157,0.00164744645799012,0.841680129240711,0.184640522875817,0.00159489633173844,0.180781758957655,0.211930926216641,0.831189710610932,0.0112721417069243,0.834394904458599,0.158730158730159,0.544283413848631,0.810679611650485,0.787828947368421,0.774244833068362,0.444078947368421,0.777080062794348,0.16366612111293,0.00157232704402516,0.39708265802269,0.184834123222749,0.00161812297734628,0,0.838709677419355,0.00161290322580645,0.834405144694534,0.161695447409733,0.416393442622951,0.830371567043619,0.845528455284553,0.627642276422764,0.20032310177706,0.639109697933227,0.0126782884310618,0.834405144694534,0.0570962479608483,0.0156494522691706,0,0.708943089430894,0.828885400313972,0.816425120772947,0.821656050955414,0.840189873417722,0.0114192495921697,0.0158227848101266,0.838862559241706,0.0141955835962145,0.00484652665589661,0.0383386581469649,0.0172684458398744,0.0110236220472441,0.849206349206349,0.0235478806907378,0.84219001610306,0.839228295819936,0.0113636363636364,0.8272,0.0518053375196232,0.837320574162679,0.792993630573248,0.837173579109063,0.826086956521739
"493",0.961904761904762,0.953748006379585,0.958904109589041,0.923566878980892,0.965964343598055,0.960629921259842,0.883572567783094,0.957613814756672,0.962732919254658,0,0.961059190031153,0,0.592823712948518,0.9616,0.0876369327073552,0.0465116279069767,0,0.0140625,0.960063897763578,0.956181533646322,0.195618153364632,0.073051948051948,0.955177743431221,0,0.927357032457496,0.279620853080569,0.138755980861244,0.955056179775281,0.509345794392523,0.699212598425197,0.0386398763523957,0.712286158631415,0.802884615384615,0.320126782884311,0,0.962085308056872,0.0199692780337942,0.958397534668721,0.292682926829268,0.888888888888889,0.0015625,0.012326656394453,0.0046801872074883,0.964458804523425,0.776190476190476,0.0654952076677316,0.530254777070064,0.0425867507886435,0.50386398763524,0.173453996983409,0,0.957547169811321,0.291277258566978,0.957547169811321,0.869218500797448,0.189102564102564,0,0.953451043338684,0.944186046511628,0.911214953271028,0.34009360374415,0.46417445482866,0.0403877221324717,0,0.890675241157556,0.834905660377358,0,0.956937799043062,0,0.0418006430868167,0.857585139318885,0.0406885758998435,0.0566037735849057,0.9671875,0,0.740683229813665,0.0832049306625578,0.599688473520249,0.8992,0.316912972085386,0,0.727414330218069,0.243451463790447,0.960426179604262,0.143518518518519,0.910769230769231,0.96411856474259,0.95679012345679,0.935736677115988,0.00772797527047913,0.962145110410095,0.959627329192547,0,0,0.944532488114105,0,0.336477987421384,0.953051643192488,0.00462249614791988,0.00625,0.654458598726115,0,0.315047021943574,0.958730158730159,0.138248847926267,0.964630225080386,0.00963081861958266,0.959501557632399,0.0330708661417323,0.0408805031446541,0.0473186119873817,0.891891891891892,0.370716510903427,0.955128205128205,0,0.968992248062015,0.727272727272727,0,0.0425867507886435,0.270569620253165,0,0.792063492063492,0.283255086071987,0.11219512195122,0.963949843260188,0.187981510015408,0.958778625954198,0.964006259780908,0,0.575617283950617,0.92259083728278,0.515055467511886,0.954765751211632,0,0.960975609756098,0.0546021840873635,0,0.253184713375796,0.65086887835703,0.567092651757188,0,0,0.97191887675507,0.776911076443058,0.212071778140294,0.968354430379747,0.0416666666666667,0.924409448818898,0.446945337620579,0.961832061068702,0.162420382165605,0.95125786163522,0.9648,0.840182648401826,0.96551724137931,0.0303030303030303,0.957680250783699,0.0414012738853503,0,0.754777070063694,0.860429447852761,0.9609375,0.0526315789473684,0,0.956856702619414,0.46515397082658,0.967479674796748,0.958139534883721,0.962674961119751,0.319508448540707,0.967084639498433,0.0405616224648986,0.927469135802469,0.0393939393939394,0.892913385826772,0.397515527950311,0,0.951334379905808,0,0.840944881889764,0.95625,0.162679425837321,0.961597542242704,0.926905132192846,0.955589586523737,0.946564885496183,0.125,0.411674347158218,0.912140575079872,0.939297124600639,0.0946372239747634,0.0454545454545455,0.960063897763578,0.851162790697674,0,0,0.340764331210191,0.00157232704402516,0.966463414634146,0.284820031298905,0.866242038216561,0.763076923076923,0.963133640552995,0.480438184663537,0.47360248447205,0.329093799682035,0.903846153846154,0.937205651491366,0.873831775700935,0,0.857142857142857,0.212071778140294,0.957345971563981,0.0357142857142857,0.112828438948995,0.573872472783826,0.946372239747634,0.961240310077519,0.837245696400626,0.959752321981424,0.893249607535322,0,0.113385826771654,0.690292758089368,0.963607594936709,0,0.959752321981424,0.957446808510638,0.585023400936037,0.5796875,0.951788491446345,0.962722852512156,0.39403453689168,0,0.870030581039755,0.561514195583596,0.968903436988543,0.0390015600624025,1,0.962025316455696,0.959119496855346,0.932601880877743,0.550702028081123,0.0394944707740916,0.957746478873239,0.563380281690141,0.0485584218512898,0.0416024653312789,0.235387045813586,0.0373831775700935,0.1776,0.698608964451314,0.037914691943128,0.0407523510971787,0.0453834115805947,0.626356589147287,0.0809061488673139,0.969889064976228,0.0078125,0.0330708661417323,0,0.257911392405063,0.96031746031746,0.948837209302326,0.891808346213292,0,0.86677367576244,0.856259659969088,0.699044585987261,0.627358490566038,0.485179407176287,0.479559748427673,0.0094488188976378,0.962558502340094,0.131045241809672,0.71869918699187,0.958730158730159,0.0485133020344288,0.76138147566719,0.0408805031446541,0.155309033280507,0.962235649546828,0.956310679611651,0.880573248407643,0,0.673312883435583,0.872408293460925,0,0.0417310664605873,0.881538461538461,0.963081861958267,0,0.0419254658385093,0.0328125,0.95859872611465,0.890302066772655,0.0416,0,0.41287284144427,0.972972972972973,0.791666666666667,0.435384615384615,0.6864,0.946401225114854,0.0473933649289099,0.961479198767334,0.963722397476341,0.0364500792393027,0.996904024767802,0.961783439490446,0.950320512820513,0.956589147286822,0.222575516693164,0.328149300155521,0.324881141045959,0.958532695374801,0.917874396135266,0.0465116279069767,0.300632911392405,0.960876369327074,0.185534591194969,0.340874811463047,0.970358814352574,0.955974842767296,0.967136150234742,0.715434083601286,0.955589586523737,0.279032258064516,0.957878315132605,0.961661341853035,0,0.341085271317829,0.581320450885668,0.0590979782270607,0.0453857791225416,0.0455927051671733,0.90795631825273,0.0563380281690141,0.0387596899224806,0,0.266666666666667,0.960691823899371,0.109546165884194,0.972357723577236,0.952830188679245,0.958990536277603,0.327014218009479,0.328502415458937,0.698564593301435,0.48371335504886,0,0.835403726708075,0.0440060698027314,0.0832049306625578,0.218989280245023,0.966453674121406,0.043343653250774,0,0.346749226006192,0.0491551459293395,0.0609951845906902,0.496825396825397,0.962145110410095,0.315024232633279,0.952614379084967,0.942006269592476,0,0.965309200603318,0.0399385560675883,0.958333333333333,0.836193447737909,0.964227642276423,0.0515625,0.949464012251149,0.0330188679245283,0.87244094488189,0.734076433121019,0.930981595092024,0.969135802469136,0.95583596214511,0.3203125,0.941362916006339,0.958139534883721,0.0386398763523957,0.0638629283489097,0.962441314553991,0.958990536277603,0.356589147286822,0.868462757527734,0.933115823817292,1,0.964669738863287,0,0.154704944178628,0.959501557632399,0.0411392405063291,0,0.960380348652932,0.00972447325769854,0.0726698262243286,0.959938366718028,0.955905511811024,0.00318471337579618,0.655555555555556,0.44122383252818,0.957074721780604,0.0349761526232114,0.866028708133971,0.964516129032258,0.40095087163233,0.63452566096423,0.794628751974723,0,0.188291139240506,0.961352657004831,0.962674961119751,0.46594427244582,0.967542503863988,0.945364238410596,0.0724409448818898,0.0015625,0.956989247311828,0.965189873417722,0.940438871473354,0.709035222052067,0.0393081761006289,0.856466876971609,0.268562401263823,0.205733558178752,0.0046656298600311,0.641025641025641,0.607717041800643,0.624610591900312,0,0.311897106109325,0.894488188976378,0.667180277349769,0.552833078101072,0.11854103343465,0,0,0.967213114754098,0.944869831546707,0,0.913112164296998,0.00635930047694754,0,0,0.955271565495208,0,0.966074313408724,0.793478260869565,0.570987654320988,0.9629057187017,0,0,0.959627329192547,0.943425076452599,0.759375,0.0398162327718224,0.0016025641025641,0.86697247706422,0.627725856697819,0.963836477987421,0.552099533437014,0.374407582938389,0,0.968503937007874,0.0391517128874388,0.94912559618442,0.118858954041204,0,0.0486322188449848,0.1515625,0.506578947368421,0.948995363214838,0,0.938461538461538,0.945054945054945,0.962441314553991,0,0.10828025477707,0.916256157635468,0.0509031198686371,0.958139534883721,0.961479198767334,0.0362204724409449,0.965571205007825,0.326053042121685,0.812111801242236,0.0500782472613459,0.199677938808374,1,0.00792393026941363,0.037914691943128,0.959311424100156,0.046031746031746,0.697749196141479,0.414442700156986,0,0.146189735614308,0.757624398073836,0.291925465838509,0.952380952380952,0.0362204724409449,0.17638036809816,0.488562091503268,0.958588957055215,0.884969325153374,0.93167701863354,0.776714513556619,0,0.955246913580247,0.0431432973805855,0.940157480314961,0.417886178861789,0.0414746543778802,0.961180124223602,0.9568,0.957142857142857,0.659340659340659,0.96594427244582,0.165869218500797,0.218354430379747,0.922360248447205,0.858712715855573,0,0,0.967084639498433,0.918006430868167,0.0504731861198738,0.963317384370016,0.9629057187017,0.4,0.926868044515103,0.733124018838305,0.877300613496933,0,0.936908517350158,0.364353312302839,0.95748031496063,0.958925750394945,0,0.667192429022082,0.961476725521669,0.0408805031446541,0.706645056726094,0.406542056074766,0.810477657935285,0.696629213483146,0.928134556574923,0.121987951807229,0.951768488745981,0.96513470681458,0.96551724137931,0.335453100158982,0.1234375,0.959311424100156,0.959055118110236,0.00772797527047913,0.795631825273011,0.480438184663537,0.290271132376396,0.769706336939722,0.957878315132605,0.8828125,0.960753532182104,0.13677811550152,0.0436893203883495,0,0.83695652173913,0.04,0.0424528301886792,0.306603773584906,0,0.96411856474259,0.975155279503106,0.962323390894819,0.965785381026439,0.135433070866142,0.0423861852433281,0,0,0.198412698412698,0.108490566037736,0.189655172413793,0,0.032967032967033,0.95440251572327,0.0201863354037267,0.318910256410256,0.960505529225908,0.631415241057543,0.9424,0.68125,0.637345679012346,0,0.957767722473605,0.425867507886435,0.528481012658228,0.90381679389313,0.967987804878049,0.401538461538462,0.0077639751552795,0.943307086614173,0.952234206471495,0,0.943425076452599,0.0566929133858268,0.963141025641026,0.462264150943396,0,0.00789889415481832,0.551554828150573,0.844197138314785,0.0434782608695652,0.163695299837925,0.00934579439252336,0.00161812297734628,0.739457831325301,0.0512,0.962356792144026,0.343122102009274,0.964560862865948,0.0430769230769231,0.411214953271028,0.352564102564103,0.8608,0.135566188197767,0.0390015600624025,0.0015600624024961,0.0814696485623003,0,0.957639939485628,0.065252854812398,0.960244648318043,0.0446570972886762,0.95859872611465,0,0.541795665634675,0.4953125,0.959183673469388,0,0.961715160796325,0,0.422764227642276,0.953560371517028,0,0.685758513931889,0.950715421303657,0.760629921259843,0.947115384615385,0.0648148148148148,0,0.961119751166407,0.294585987261146,0,0.713178294573643,0.0323076923076923,0.0564885496183206,0.961661341853035,0.962085308056872,0.960426179604262,0.944968553459119,0.960380348652932,0,0.943573667711599,0.0185471406491499,0.378086419753086,0.324031007751938,0.9609375,0.958139534883721,0.955792682926829,0.951863354037267,0.0526315789473684,0.0496,0.960591133004926,0.98,0.74079754601227,0.954616588419405,0.962674961119751,0.966981132075472,0,0,0.956259426847662,0,0.104199066874028,0,0.937791601866252,0.302737520128824,0.229032258064516,0.16,0.909379968203498,0.00155763239875389,0.142857142857143,0.9609375,0.964506172839506,0.651968503937008,0.464071856287425,0.25609756097561,0.210122699386503,0.681020733652313,0.0358255451713396,0.162204724409449,0.580996884735203,0.288431061806656,0.735474006116208,0.048062015503876,0,0.0364500792393027,0.342948717948718,0.957792207792208,0.635514018691589,0.258805513016845,0.651898734177215,0.869230769230769,0.95619335347432,0.948051948051948,0.9552,0.966719492868463,0.961722488038278,0.581504702194357,0.442006269592476,0.958333333333333,0.0487062404870624,0.046969696969697,0.870716510903427,0.0107033639143731,0.956856702619414,0.937888198757764,0,0.150554675118859,0,0.96998420221169,0,0.9453125,0.959627329192547,0.044822256568779,0.835443037974684,0.958715596330275,0.674085850556439,0.65149136577708,0.865293185419968,0,0,0.909240924092409,0.938253012048193,0.967289719626168,0,0,0.0368,0.273291925465839,0.525078369905956,0,0.495341614906832,0,0.919871794871795,0.955905511811024,0.185419968304279,0.281733746130031,0,0.375,0.602503912363067,0.856918238993711,0.959814528593508,0.781733746130031,0.0423197492163009,0.971246006389776,0.0174050632911392,0.951534733441034,0,0.956856702619414,0.00625,0.959807073954984,0.0583596214511041,0.0288,0,0,0.835130970724191,0.912140575079872,0.927672955974843,0.728813559322034,0.0623100303951368,0.0452342487883683,0.840062111801242,0.822458270106222,0,0.0517241379310345,0.941823899371069,0,0.953376205787781,0.955246913580247,0.0975232198142415,0.0396196513470681,0.0379746835443038,0.955108359133127,0.506410256410256,0.114779874213836,0.142156862745098,0.145736434108527,0.728013029315961,0.125581395348837,0.955625990491284,0,0.78328173374613,0.952453987730061,0.00315457413249211,0,0.0421052631578947,0,0.0470219435736677,0.964006259780908,0.716857610474632,0.0400641025641026,0.0408163265306122,0.5818759936407,0.940988835725678,0.485981308411215,0.0445468509984639,0.0372168284789644,0.0532258064516129,0.0171339563862928,0,0.0565149136577708,0.0441400304414003,0.0425867507886435,0.054380664652568,0.0354391371340524,0.0429936305732484,0.0475460122699387,0.0530421216848674,0.0186046511627907,0.00482315112540193,0.0280811232449298,0.025,0.0494590417310665,0.0495356037151703,0.0216049382716049,0.0388349514563107,0.0364500792393027,0.0398724082934609,0.0456692913385827,0.0258358662613982,0.0405616224648986,0.0764331210191083,0.0454545454545455,0.043343653250774
"494",0.0130718954248366,0.00777604976671851,0.00943396226415094,0.00798722044728434,0.00974025974025974,0.0113268608414239,0.0252365930599369,0.00467289719626168,0.012326656394453,0.988727858293076,0.00952380952380952,0.992076069730586,0.00317965023847377,0.00969305331179321,0,0,0.987538940809969,0.985736925515055,0.0112540192926045,0.00940438871473354,0,0,0.00625,0.990580847723705,0.00782472613458529,0.00161550888529887,0.00158982511923688,0.0128824476650564,0.00153139356814701,0.00309597523219814,0,0.0047244094488189,0.00479233226837061,0.00158982511923688,0.989113530326594,0.0127591706539075,0.97045101088647,0.0125786163522013,0.00151285930408472,0.010752688172043,0.992125984251969,0.98740157480315,0.998439937597504,0.00641025641025641,0.00485436893203883,0,0.00321027287319422,0,0.00306748466257669,0.0015527950310559,0.987381703470032,0.00966183574879227,0,0.0113268608414239,0.0256821829855538,0,0.98858075040783,0.0111821086261981,0.0124804992199688,0.00625,0.00470957613814757,0.00157728706624606,0,0.98858075040783,0.00961538461538462,0.00778816199376947,0.988782051282051,0.00958466453674121,0.987480438184664,0,0.00619195046439629,0,0,0.00777604976671851,0.990491283676704,0.00307219662058372,0,0.00623052959501558,0.00798722044728434,0,0.989028213166144,0.00313971742543171,0.00155038759689922,0.00946372239747634,0.00154320987654321,0.0078003120124805,0.0110236220472441,0.00925925925925926,0.0142405063291139,1,0.00955414012738853,0.00927357032457496,0.990476190476191,0.989010989010989,0.00972447325769854,0.988958990536278,0.0190174326465927,0.009375,0.9921875,0.995238095238095,0.0173228346456693,0.988924050632911,0.0015748031496063,0.00807754442649435,0,0.00964630225080386,1,0.0125195618153365,0,0,0,0.0270700636942675,0,0.0126582278481013,0.991974317817014,0.0110410094637224,0.00155763239875389,0.989214175654854,0,0.00158478605388273,0.9921875,0.00476190476190476,0.00158227848101266,0,0.00938967136150235,0.00155763239875389,0.0109375,0.0094488188976378,0.988853503184713,0.0124804992199688,0.00963081861958266,0.00320512820512821,0.00809061488673139,0.992125984251969,0.00970873786407767,0,0.988888888888889,0,0,0.0128617363344051,0.988673139158576,0.991869918699187,0.0109717868338558,0.00477707006369427,0.0016,0.0094488188976378,0,0.00625,0,0.00766871165644172,0,0.0111642743221691,0.0112359550561798,0.00474683544303797,0.00791139240506329,0,0.0125,0,0.989010989010989,0.00641025641025641,0.0121580547112462,0.00630914826498423,0,0.99075500770416,0.00946372239747634,0.00158478605388273,0.0114566284779051,0.00940438871473354,0.00930232558139535,0.00311526479750779,0.00941915227629513,0,0.0107197549770291,0,0.0113268608414239,0,0.990243902439024,0.00946372239747634,0.9921875,0.00471698113207547,0.0126582278481013,0.00158478605388273,0.00791139240506329,0.00934579439252336,0.00762195121951219,0.0093603744149766,0,0,0.00641025641025641,0.00807754442649435,0,0,0.00801282051282051,0.03125,0.9890625,0.990566037735849,0.00156985871271586,0.990610328638498,0.0106870229007634,0,0.0175718849840256,0.00315457413249211,0.0109375,0.0016025641025641,0.00157728706624606,0.00319488817891374,0.00949367088607595,0.0112,0.00947867298578199,0.990306946688207,0.00925925925925926,0,0.00650406504065041,0,0,0.00789889415481832,0.0108864696734059,0.0123839009287926,0.00475435816164818,0.0108864696734059,0.00950871632329636,0.989028213166144,0,0.00309119010819165,0.00807754442649435,0.989045383411581,0.0093167701863354,0.00773993808049536,0.00955414012738853,0.003125,0.0126782884310618,0.00970873786407767,0.0225442834138486,0.990180032733224,0.0248447204968944,0,0.00802568218298555,0,0.00925925925925926,0.0128617363344051,0.00938967136150235,0.00632911392405063,0.00312989045383412,0,0.00794912559618442,0.0031201248049922,0,0,0,0,0,0.00154083204930663,0,0,0,0.00313971742543171,0,0.00793650793650794,1,0,0.990783410138249,0.00481540930979133,0.0094488188976378,0.00626959247648903,0.00783699059561128,0.990769230769231,0.00822368421052632,0.0107692307692308,0.00315955766192733,0,0.0015748031496063,0.00317460317460317,1,0.0112179487179487,0,0.00325732899022801,0.00634920634920635,0,0.00312989045383412,0,0,0.00771604938271605,0.0114192495921697,0.0256821829855538,0.987748851454824,0,0.0289855072463768,0.987538940809969,0,0.0247678018575851,0.0112721417069243,0.987361769352291,0,0,0.00796178343949045,0.0064,0,0.990430622009569,0.0188976377952756,0.0111464968152866,0.00618238021638331,0.00156985871271586,0.00317965023847377,0.00940438871473354,0,0.0108191653786708,0.0110584518167457,0,0.0093167701863354,0.00928792569659443,0.00963081861958266,0.00797448165869218,0,0.00308166409861325,0.00154320987654321,0.0096,0.00972447325769854,0.954545454545455,0.00158982511923688,0.009375,0.0015527950310559,0.00301659125188537,0.0112540192926045,0.0126782884310618,0.00933125972006221,0,0.0108864696734059,0.0015748031496063,0.0093603744149766,0.00801282051282051,0.988745980707395,0.00155763239875389,0.0126782884310618,0,0.955766192733017,0,0.00627943485086342,0,0,0.989197530864197,0.00157232704402516,0.0126782884310618,0,0.00985221674876847,0.00792393026941363,0.0111111111111111,0.00161550888529887,0.00160771704180064,0.00479233226837061,0,0.987361769352291,0.00789889415481832,0,0,0,0.0113452188006483,0,0.988976377952756,0.0015600624024961,0,0,0.00636942675159236,0.0127186009538951,0,0.0115511551155116,0.00789889415481832,0.9890625,0.0045045045045045,0,0.012326656394453,0.0062992125984252,0.0113452188006483,0,0.00627943485086342,0,0.0111287758346582,0.00324675324675325,0.00769230769230769,0.0128205128205128,0.00941915227629513,0.0016025641025641,0.0111111111111111,0.0121951219512195,0,0.00157232704402516,0.00966183574879227,0.00632911392405063,0,0.0110236220472441,0.0115321252059308,0.00637958532695375,0.0125588697017268,0.990353697749196,0,0.0123839009287926,0,0.990430622009569,0.00803858520900321,0.99837925445705,0,0.00928792569659443,0.00952380952380952,0.9984,0.0156985871271586,0.0031496062992126,0.0129659643435981,0,0.0064,0.008,0.0016025641025641,0.0015625,0.00317965023847377,0.990353697749196,0,0.00810372771474878,0.00788643533123028,0.00157232704402516,0.0124610591900312,0.0136752136752137,0,0.992163009404389,0.0108191653786708,0.00943396226415094,0.0031496062992126,0.00470957613814757,0,0.0112359550561798,0.00318471337579618,0.015025041736227,0.996894409937888,0.00476947535771065,0.00471698113207547,0.003125,0.990595611285266,0,0.00956937799043062,0.00628930817610063,0,0,0.992211838006231,0.992236024844721,0.00903614457831325,0.00778816199376947,0.987538940809969,0.00636942675159236,1,0.992354740061162,0.98705501618123,0.0127186009538951,0.990726429675425,0.00815660685154975,0.0046656298600311,0.00928792569659443,0.0124031007751938,0.990369181380417,0.990291262135922,0.00947867298578199,0.0061633281972265,0.0062402496099844,0,0.995081967213115,0.0251968503937008,0.00156985871271586,0.0125,0.0015625,0,0.99375,0.00943396226415094,0,0.00972447325769854,0,0.990639625585023,0,0.00160513643659711,0.0033003300330033,0.00941915227629513,0.990536277602524,0.00925925925925926,0.00946372239747634,0.00943396226415094,0.993769470404984,0,0.00981996726677578,0,0.0124416796267496,0.00925925925925926,0,0.0125391849529781,0.00157728706624606,0.00634920634920635,0,0.0032,0.00792393026941363,1,0,0.0093167701863354,0,0.00160513643659711,0.0110584518167457,0.989113530326594,0,0.00802568218298555,0.00155763239875389,0.0109546165884194,0,0,0.00325732899022801,0.00460829493087558,0.0062111801242236,0.00952380952380952,0.00636942675159236,0.987460815047022,0.00933125972006221,0,0.00641025641025641,0.00484652665589661,0,0.0108864696734059,0.0111111111111111,0.00797448165869218,0.0015748031496063,0.00943396226415094,0,0,0.0108695652173913,0.0255591054313099,0.992331288343558,0.990491283676704,0.0094488188976378,0.00970873786407767,0,0.00969305331179321,0.0111111111111111,0,0.00487012987012987,0.00814332247557003,0.0234741784037559,0.990654205607477,0.00943396226415094,0.0191387559808612,0.00946372239747634,0.00635930047694754,0.990909090909091,0.00474683544303797,0.00801282051282051,0,0.00791139240506329,0,0.0045662100456621,0.0032,0.00765696784073507,0,0.012987012987013,0.0110062893081761,0.009375,0.020066889632107,0.0251968503937008,0.00940438871473354,0.0062111801242236,0.995341614906832,0.003125,0.0046656298600311,0,0.00470957613814757,0.0113268608414239,0.0062992125984252,0.0111464968152866,0.756965944272446,0,0.9890625,0.00470219435736677,0,0,0,0.995238095238095,0.00782472613458529,0.00622083981337481,0.00943396226415094,0.010752688172043,0,0,0.987878787878788,0.989010989010989,0,0,0,0.988976377952756,0,0.00940438871473354,0.560862865947612,0.0016,0.00807754442649435,0.0144,0.00949367088607595,0.00315457413249211,0.00305810397553517,0.990536277602524,0.00910470409711684,0.00166112956810631,0.00161812297734628,0.0139103554868624,0.0109375,0.00155038759689922,0.993740219092332,0.00952380952380952,0.00927357032457496,0.990430622009569,0.0121212121212121,0,0.00813008130081301,0.00157977883096367,0.992063492063492,0.998432601880878,0.00162074554294976,0.004739336492891,0,0,0.998435054773083,0.988673139158576,0.00609756097560976,0,0.0115321252059308,0,0.0107361963190184,0,0.00476190476190476,0.00159235668789809,0.0111821086261981,0,0,0.995283018867924,0,0.987616099071207,0.0093167701863354,0.157635467980296,0.00769230769230769,0,0.0113085621970921,0.989045383411581,0.0030441400304414,0.00158227848101266,0.00949367088607595,0.988871224165342,0.0123839009287926,0.988782051282051,0,0.0123456790123457,0.989329268292683,0.0232919254658385,0.0063391442155309,0.00313971742543171,0.00969305331179321,0,0.987341772151899,0.0110584518167457,0,0.987616099071207,0.00313479623824451,0,0,0.00484652665589661,0.00949367088607595,0.00928792569659443,0.0125588697017268,0.0111287758346582,0.987240829346092,0.0095389507154213,1,0.0232919254658385,0,0.00775193798449612,0.0111821086261981,0.00933125972006221,0.012326656394453,0.918622848200313,0,0.00825082508250825,0.0062402496099844,0.00773993808049536,0.0125195618153365,0.00778816199376947,0.0094488188976378,0.987596899224806,0.989197530864197,0.0104947526236882,0.987673343605547,0,0.993569131832797,0.00794912559618442,0,0.00328407224958949,0,0.00943396226415094,0.988958990536278,0,0.0126182965299685,0.0110410094637224,0.0031201248049922,0.00153609831029186,0.00152905198776758,0,0.00325732899022801,0,0.00158227848101266,0.00156985871271586,0.00156494522691706,0.00769230769230769,0,0.988673139158576,0,0.0207336523125997,0.00658978583196046,0.0344827586206897,0.00153609831029186,0.00314465408805031,0.010989010989011,0.0123076923076923,0.012987012987013,0.00955414012738853,0.00810372771474878,0.00809061488673139,0,0,0.0111464968152866,0,0,0.00784929356357928,1,0.0110062893081761,0.00771604938271605,0.9904,0,0.988976377952756,0.004739336492891,0.990275526742301,0.00933125972006221,0.010989010989011,0,0.00636942675159236,0.0122887864823349,0.00321543408360129,0.00313479623824451,0.0301587301587302,0.990610328638498,0.990369181380417,0.00649350649350649,0.00303490136570561,0.00777604976671851,0.990825688073395,0.990740740740741,0,0.00155038759689922,0.003125,0.987361769352291,0,0.992138364779874,0.00963081861958266,0.00791139240506329,0.035426731078905,0.0015625,0.989441930618401,0.00159744408945687,0.00315457413249211,0.0094488188976378,0.00617283950617284,0.003125,0,0.0111111111111111,0.878205128205128,0.0128824476650564,0.993610223642173,0.00918836140888208,0.996865203761755,0.0114192495921697,0,0.357723577235772,0.990654205607477,0.991935483870968,0.00473186119873817,0.00809061488673139,0.0202492211838006,0.00465116279069767,0,0,0.00627943485086342,0.0107197549770291,0.990243902439024,0,0.00964630225080386,0.990521327014218,0.0112,0.00775193798449612,0,0.965408805031447,0,0.0109204368174727,0.00158730158730159,0,0,0,0.0048,0.00154320987654321,0.00796178343949045,0.9890625,0.00794912559618442,0.00955414012738853,0.9968,0.989028213166144,0,0.992063492063492,0,0.0078125,0.00642054574638844,0,0,0.00811688311688312,0.0142630744849445,0.0015527950310559,0.957120980091884,0,0.90224358974359,0.971518987341772,0.988871224165342,0.146496815286624,0,0,0.0062111801242236,0,0.960848287112561,0.952380952380952,0,0.973228346456693,0.988835725677831,0.943307086614173,0.970496894409938,0.951713395638629,0,0.960567823343849,0,0,0.961904761904762,0,0.922018348623853,0,0.0569620253164557,0,0
"495",0.00324149108589951,0,0.0339506172839506,0.0673076923076923,0.0193861066235864,0,0.105095541401274,0.0268562401263823,0,0,0,0,0.44251968503937,0,0.956112852664577,0.993759750390016,0,0.00156739811912226,0.00318979266347687,0.0201863354037267,0.836923076923077,0.965853658536585,0.00771604938271605,0,0.04375,0.7424,0.882262996941896,0.0128205128205128,0.544891640866873,0.31924882629108,1,0.31839258114374,0.238924050632911,0.725984251968504,0,0,0.00307692307692308,0.00618238021638331,0.74024024024024,0.1,0,0,0,0,0.216612377850163,0.979032258064516,0.473270440251572,1,0.54,0.861586314152411,0,0.0063391442155309,0.741085271317829,0,0.113782051282051,0.835483870967742,0,0.0238853503184713,0.0423197492163009,0.0970266040688576,0.705426356589147,0.570093457943925,1,0,0.105939004815409,0.189147286821705,0,0.0110759493670886,0,1,0.144859813084112,0.992150706436421,0.979938271604938,0,0,0.292424242424242,0.963020030816641,0.442700156985871,0.106858054226475,0.728187919463087,0,0.29922480620155,0.795454545454545,0.00155038759689922,0.884012539184953,0.0956112852664577,0.00311526479750779,0.0329153605015674,0.0326594090202177,0,0.0127186009538951,0,0,0,0.0258899676375405,0,0.693972179289026,0.0184899845916795,0,0,0.395238095238095,0,0.717073170731707,0,0.894817073170732,0,0,0.0250391236306729,1,0.992199687987519,0.993798449612403,0.0874403815580286,0.671361502347418,0.00769230769230769,0,0.0170542635658915,0.291798107255521,0,1,0.766295707472178,0,0.240683229813665,0.759316770186335,0.914516129032258,0.0234009360374415,0.859133126934985,0.00308641975308642,0.00313971742543171,0,0.460093896713615,0.0625978090766823,0.532051282051282,0.00947867298578199,0,0.00644122383252818,0.979969183359014,0,0.795527156549521,0.358730158730159,0.488038277511962,0,0,0.025,0.241758241758242,0.835748792270531,0,0.993759750390016,0.0848765432098765,0.581059390048154,0.0214067278287462,0.863492063492064,0.015748031496063,0,0.166405023547881,0.0062402496099844,1,0,1,0,0.274015748031496,0.137345679012346,0.0140625,0.982839313572543,0,0,0.553429027113238,0,0,0,0.70381679389313,0.0262345679012346,1,0.0534351145038168,1,0.10828025477707,0.61993769470405,0,0.0158227848101266,0,0.15251572327044,0,0.884310618066561,0.0202808112324493,0.0489731437598736,0.00911854103343465,0.0291858678955453,0.903726708074534,0.618380062305296,0.0694668820678514,0.0555555555555556,0.950871632329635,0.993710691823899,0.0174880763116057,0.135303265940902,0,0,0.713831478537361,0,0,0.743034055727554,0.124006359300477,0.246489859594384,0.0124223602484472,0.577777777777778,0.574500768049155,0.7184,0.0855784469096672,0.0359937402190923,0.116564417177914,0,0.123839009287926,0.818327974276527,0.0616113744075829,1,0.933744221879815,0.474258970358814,0.0220472440944882,0.025,0.171701112877583,0.0015625,0.1046875,0,0.932601880877743,0.345679012345679,0.00626959247648903,0,0.00619195046439629,0.0182926829268293,0.460218408736349,0.44811320754717,0.0110410094637224,0,0.626373626373626,0,0.113178294573643,0.481308411214953,0.0293637846655791,1,0.0414746543778802,0.00157977883096367,0,0.046031746031746,0.459041731066461,0.998415213946117,0.0309597523219814,0.445141065830721,0.996965098634294,0.998484848484849,0.805993690851735,1,0.857827476038339,0.343032159264931,1,0.995391705069124,0.992211838006231,0.423963133640553,0.959935897435897,0.0096,0,1,0,0.771653543307087,0,0.0234009360374415,0.0948678071539658,0,0.136655948553055,0.153013910355487,0.3140625,0.398148148148148,0.55608214849921,0.560702875399361,0,0,0.902777777777778,0.300970873786408,0.0388198757763975,0.990697674418605,0.252713178294574,0.998432601880878,0.882629107981221,0,0,0.103503184713376,0,0.361280487804878,0.116352201257862,0,1,0.0990853658536585,0.0236593059936909,0,0.998468606431853,0.998430141287284,0.0238853503184713,0.117741935483871,1,0,0.61875,0.0125984251968504,0.224770642201835,0.613564668769716,0.344992050874404,0.0482115085536547,0.993769470404984,0,0,0.995283018867924,0.0344287949921753,0,0.0225806451612903,0.00312989045383412,0.824451410658307,0.701399688958009,0.728943338437979,0.0259319286871961,0.0660225442834139,0.00154798761609907,0.7375,0.0282574568288854,0.846153846153846,0.698461538461538,0.00632911392405063,0.00312989045383412,0.036979969183359,0.312,0.00153139356814701,0.75516693163752,0.0359375,0.00160513643659711,0,0.694099378881988,0.456279809220986,0.987519500780031,0.00153609831029186,0.993720565149137,0.0862068965517241,0.976708074534162,1,0,0.774143302180685,0.00793650793650794,0.924499229583975,0.0176848874598071,0.0317460317460317,0.0125984251968504,0.723101265822785,0.723747980613893,0.338607594936709,0.536585365853659,0,0.179968701095462,0.98780487804878,0.96583850931677,0.801857585139319,0,1,0,0.688372093023256,0.993874425727412,0.981132075471698,0.542768273716952,0,0.719047619047619,0,0.0266875981161695,0,0.00899550224887556,1,0.00153846153846154,0.172093023255814,0,0.992150706436421,0.0231124807395994,1,0.122861586314152,0.299840510366826,0.0596330275229358,0.0125195618153365,0,0.724569640062598,0.0377358490566038,0,1,0.976635514018692,0,0,0.668217054263566,0.123052959501558,0.0386473429951691,0.049306625577812,0,0,0.904838709677419,0,1,0,0.0358814352574103,0,0.952153110047847,0,0.0313479623824451,0,0.377567140600316,0.565495207667732,0.0191082802547771,0.998381877022654,0.129952456418384,0.0032258064516129,0.636942675159236,0.397832817337461,0.217252396166134,0,0.84472049689441,0.0257234726688103,0.0015748031496063,0.54,0,0.0281456953642384,0.966876971608833,0,0.0171339563862928,0.00478468899521531,0.0515625,0.324655436447167,0.99375,0.135048231511254,0.762422360248447,0.814754098360656,0,0.3936,0.390205371248025,0.395962732919255,0,0.710097719869707,0.0916271721958926,0.371951219512195,0.486068111455108,0.928464977645306,0,0,0,0.0254872563718141,0,0.0846394984326019,0,0,0,0.0015748031496063,0,0,0.230647709320695,0.481089258698941,0,0,0,0.00619195046439629,0.0403100775193798,0.290769230769231,1,0,0.112828438948995,0.404651162790698,0,0.473282442748092,0.656597774244833,0,0.02,1,0.0495207667731629,0.906497622820919,0,0.992447129909366,0.881064162754304,0.506644518272425,0.025,0,0.0535168195718654,0.0250783699059561,0,0,0.929245283018868,0.0643564356435644,0.99672131147541,0,0,0.992295839753467,0,0.71830985915493,0.19751166407465,0.990580847723705,0.843548387096774,0.037914691943128,0,1,0.0277777777777778,0.995169082125604,0.341384863123994,0.6140625,0,0.891472868217054,0.2608,0.751159196290572,0.0276497695852535,1,0.857805255023184,0.55735056542811,0.0563165905631659,0.115677321156773,0.0363924050632911,0.252782193958665,0,0.0186625194401244,1,0.0310077519379845,0.612903225806452,1,0,0,0,0.34850863422292,0.0170278637770898,0.872841444270016,0.807936507936508,0.050314465408805,0.119195046439628,0,0,0.00943396226415094,0.0581761006289308,0.985530546623794,0.0157232704402516,0.00789889415481832,0.641337386018237,0.0688,0.2736,0.109907120743034,0,0.0283464566929134,0.658385093167702,0,0.00153846153846154,0,0.373817034700315,0.0271132376395534,1,0.329093799682035,0.609302325581395,0.201793721973094,0.327476038338658,0.0382262996941896,0.912977099236641,0.0160513643659711,0,0.0203761755485893,0.6944,0.880690737833595,0.0108527131782946,0,0,0.225114854517611,0.54953560371517,0.7375,0.235109717868339,0,0.119751166407465,0,0.108191653786708,1,0,0.187207488299532,0.996865203761755,1,0.717868338557994,0,0.0109204368174727,0.0939907550077042,0.00158730158730159,0.00622083981337481,0.909937888198758,1,0,0,0.835987261146497,0.914556962025316,0.844408427876823,0,1,0,0.426810477657935,0.71496062992126,0,0.426127527216174,0.0267295597484277,0.349157733537519,0.377675840978593,0,0,0.621019108280255,0.5078125,0.0812883435582822,0.0139318885448916,0.620689655172414,0,0.0503937007874016,0.0475460122699387,0,0.0332326283987915,0.982839313572543,0.0148514851485149,0.580893682588598,0,0,0.503236245954693,0.166931637519873,1,0.859424920127795,0,0,0.243283582089552,0.9824,0,0.684129429892142,0.00625978090766823,1,0.621664050235479,0.676236044657097,0.128617363344051,0.906902086677368,0.998461538461539,0,0.957278481012658,0,0.00455927051671732,0.803225806451613,0.0226928895612708,0.996805111821086,0,0,0.494656488549618,0.54675118858954,0,0,0.00153846153846154,0,0.602893890675241,0.0122324159021407,0,0.339969372128637,0.021978021978022,0.247244094488189,0.0517799352750809,0.96411856474259,0,0,0.728571428571429,0,0.324492979719189,1,0.981424148606811,0,0,0.00907715582450832,0.0268562401263823,0.0208333333333333,0,0.026984126984127,0,0.642748091603053,0.704866562009419,0.009375,0.0077639751552795,0.00614439324116743,0.0093167701863354,0.0261941448382126,0.985915492957746,0.0179738562091503,0.0451010886469673,0.283950617283951,0.0248062015503876,0,0.0263565891472868,0,0,0.0181818181818182,0,0.934375,0.00157728706624606,0.046031746031746,0.71474358974359,0.795819935691318,0.88006230529595,0.0797448165869219,0.00154798761609907,0.900621118012422,0,0,0.373626373626374,0.600303951367781,0.799698795180723,0.822085889570552,0.342902711323764,1,0.883359253499222,0.459247648902821,0.740445859872611,0.307931570762053,0.990712074303406,0,1,0.673633440514469,0,0.368088467614534,0.787878787878788,0.395931142410016,0.127692307692308,0.0122324159021407,0.0387096774193548,0.0205371248025276,0,0.00160513643659711,0.450079239302694,0.591549295774648,0.0015527950310559,0.995454545454545,0.990922844175492,0.125776397515528,0,0,0.0283464566929134,0,0.891233766233766,0,0.0518053375196232,0,0.0248833592534992,0,0.993779160186625,0.165354330708661,0,0.36031746031746,0.391509433962264,0.11353032659409,0,0,0.0756578947368421,0.0539730134932534,0.0138461538461538,0,0,1,0.766513056835638,0.518053375196232,0,0.54559748427673,0,0.0713153724247227,0,0.813694267515924,0.770061728395062,0,0.659163987138264,0.411023622047244,0.140625,0.0382848392036753,0.243369734789392,1,0.0129449838187702,0.0774091627172196,0,0,0.0182648401826484,0,0,0.979559748427673,0.623003194888179,0,0,0.176287051482059,0.06957928802589,0.0583717357910906,0.290076335877863,0.975460122699387,0.993690851735016,0.176197836166924,0.157320872274143,0,0.984496124031008,0.0344287949921753,0,0.0128410914927769,0.043343653250774,0.938582677165354,0,0.996875,0,0.529968454258675,0.92259083728278,0.900481540930979,0.886996904024768,0.317817014446228,0.901386748844376,0,0,0.257503949447077,0.0170807453416149,0,0,1,0,1,0,0.281847133757962,1,1,0.466034755134281,0.0412044374009509,0.56875,0,0.998392282958199,0.046474358974359,0.0062402496099844,0,0.817896389324961,0.995481927710843,0.998405103668262,0.984423676012461,1,0,0,0.986003110419907,0.0062402496099844,0.00327332242225859,0.0265625,0.00307692307692308,0,0.993660855784469,0.009375,1,0.996870109546166,0,0.995192307692308,0.0495356037151703,1,0.909090909090909,0.998489425981873,0.998420221169036
"496",0.977952755905512,0.972434915773354,0.973886328725038,0.946287519747235,0.971107544141252,0.977917981072555,0.905660377358491,0.967741935483871,0.97289156626506,0,0.972006220839813,0,0.582945736434109,0.970172684458399,0.065015479876161,0.0368098159509202,0,0.015625,0.976152623211447,0.960183767228178,0.183076923076923,0.0549273021001615,0.963358778625954,0,0.94081942336874,0.2734375,0.121495327102804,0.96594427244582,0.494623655913978,0.702909647779479,0.0242057488653555,0.704791344667697,0.773940345368917,0.310452418096724,0,0.976452119309262,0.0139103554868624,0.968085106382979,0.293154761904762,0.890769230769231,0,0.0184615384615385,0.00463678516228748,0.972136222910217,0.804451510333863,0.05103668261563,0.519260400616333,0.0294573643410853,0.482496194824962,0.154311649016641,0,0.971698113207547,0.287901990811639,0.971742543171115,0.890822784810127,0.186009538950715,0,0.950233281493002,0.961832061068702,0.904024767801858,0.325652841781874,0.460244648318043,0.0252365930599369,0,0.893650793650794,0.825077399380805,0,0.970496894409938,0,0.0271565495207668,0.864615384615385,0.0294573643410853,0.0416666666666667,0.975572519083969,0,0.726315789473684,0.0721966205837174,0.587155963302752,0.927444794952681,0.288052373158756,0,0.737160120845921,0.231354642313546,0.974164133738602,0.135670731707317,0.93202416918429,0.971471471471472,0.964506172839506,0.955521472392638,0.0121396054628225,0.967542503863988,0.968992248062015,0,0,0.957547169811321,0,0.331297709923664,0.964669738863287,0.00765696784073507,0.00927357032457496,0.628659476117103,0,0.303125,0.974960876369327,0.13134328358209,0.97626582278481,0.0109034267912773,0.972093023255814,0.0218068535825545,0.0353302611367127,0.0333839150227618,0.911627906976744,0.342592592592593,0.970358814352574,0,0.972560975609756,0.726299694189602,0,0.0292307692307692,0.250391236306729,0,0.78003120124805,0.259426847662142,0.0920634920634921,0.970903522205207,0.171945701357466,0.971299093655589,0.979969183359014,0,0.567901234567901,0.956386292834891,0.514516129032258,0.971742543171115,0,0.96656050955414,0.0506706408345753,0,0.236024844720497,0.6359375,0.533546325878594,0,0,0.97045101088647,0.76138147566719,0.195618153364632,0.972006220839813,0.0339506172839506,0.945121951219512,0.420722135007849,0.977443609022556,0.153968253968254,0.9734375,0.9792663476874,0.838414634146341,0.972179289026275,0.0222222222222222,0.972434915773354,0.028125,0,0.75077399380805,0.883861236802413,0.95679012345679,0.0523882896764253,0,0.972685887708649,0.463722397476341,0.974481658692185,0.972136222910217,0.973926380368098,0.3202416918429,0.966717095310136,0.0278637770897833,0.942161339421613,0.0300751879699248,0.905956112852665,0.389230769230769,0,0.961240310077519,0,0.83179012345679,0.978361669242658,0.142633228840125,0.973805855161787,0.939024390243902,0.966767371601209,0.952671755725191,0.119565217391304,0.384848484848485,0.931034482758621,0.9484375,0.0848765432098765,0.0323574730354391,0.9765625,0.867175572519084,0,0,0.313178294573643,0,0.973053892215569,0.276018099547511,0.8875,0.751926040061633,0.978755690440061,0.435736677115987,0.464723926380368,0.315457413249211,0.904238618524333,0.94383775351014,0.893518518518518,0,0.864197530864197,0.207278481012658,0.941358024691358,0.0278207109737249,0.0998487140695915,0.549141965678627,0.967542503863988,0.96865671641791,0.846153846153846,0.973966309341501,0.87906976744186,0,0.0921658986175115,0.664133738601824,0.968553459119497,0,0.963020030816641,0.977443609022556,0.572530864197531,0.56386292834891,0.9671875,0.97933227344992,0.390357698289269,0,0.892053973013493,0.550702028081123,0.97588424437299,0.029320987654321,0.951515151515152,0.979462875197472,0.975497702909648,0.935736677115988,0.545871559633027,0.0261538461538462,0.976599063962558,0.551937984496124,0.031437125748503,0.0209580838323353,0.225,0.0296411856474259,0.173166926677067,0.684766214177979,0.0277777777777778,0.0306278713629403,0.0407239819004525,0.603369065849923,0.0673981191222571,0.979750778816199,0.0109546165884194,0.0263157894736842,0,0.253164556962025,0.971786833855799,0.958715596330275,0.898461538461538,0,0.878164556962025,0.850769230769231,0.704791344667697,0.618683001531394,0.4625,0.471138845553822,0.0107197549770291,0.973354231974922,0.121987951807229,0.724358974358974,0.976377952755906,0.0365296803652968,0.763157894736842,0.0311526479750779,0.145929339477727,0.977238239757208,0.97456279809221,0.896661367249603,0,0.66,0.895800933125972,0,0.0277777777777778,0.903374233128834,0.978625954198473,0,0.0291411042944785,0.029320987654321,0.965678627145086,0.889240506329114,0.032258064516129,0,0.402173913043478,0.979623824451411,0.811437403400309,0.395962732919255,0.67906976744186,0.949618320610687,0.0372670807453416,0.972644376899696,0.972136222910217,0.0324574961360124,0.958333333333333,0.975,0.9536,0.972093023255814,0.208012326656394,0.331288343558282,0.308411214953271,0.975193798449612,0.925632911392405,0.0460829493087558,0.280811232449298,0.972265023112481,0.171826625386997,0.324812030075188,0.981566820276498,0.971698113207547,0.964506172839506,0.695721077654517,0.971036585365854,0.263650546021841,0.97542242703533,0.973270440251572,0,0.335384615384615,0.5640625,0.0420560747663551,0.0540123456790123,0.0332829046898638,0.888372093023256,0.0558069381598793,0.0246153846153846,0,0.249617151607963,0.9765625,0.0940438871473354,0.975961538461538,0.973886328725038,0.975232198142415,0.295774647887324,0.297770700636943,0.683229813664596,0.470209339774557,0,0.815100154083205,0.0407239819004525,0.0649546827794562,0.215596330275229,0.96984126984127,0.0309119010819165,0,0.343558282208589,0.0308166409861325,0.047244094488189,0.503048780487805,0.976525821596244,0.299050632911392,0.967213114754098,0.938366718027735,0,0.974814814814815,0.0273141122913505,0.97112462006079,0.818740399385561,0.974481658692185,0.0408163265306122,0.955725190839695,0.0276073619631902,0.865325077399381,0.726984126984127,0.922960725075529,0.978527607361963,0.970588235294118,0.304147465437788,0.948757763975155,0.96996996996997,0.0288753799392097,0.0449612403100775,0.971786833855799,0.970679012345679,0.344135802469136,0.865030674846626,0.948470209339775,0.949464012251149,0.97428139183056,0,0.137876386687797,0.972136222910217,0.0276497695852535,0,0.977987421383648,0.0110759493670886,0.0714285714285714,0.972932330827068,0.97339593114241,0.003125,0.646697388632873,0.445652173913043,0.973228346456693,0.0237341772151899,0.85062893081761,0.96969696969697,0.39622641509434,0.606334841628959,0.810852713178295,0,0.1875,0.971428571428571,0.971875,0.469135802469136,0.974006116207951,0.95253682487725,0.0533751962323391,0.00153374233128834,0.975646879756469,0.970588235294118,0.963246554364472,0.697108066971081,0.0346456692913386,0.87519747235387,0.260736196319018,0.204248366013072,0.00617283950617284,0.62085308056872,0.6140625,0.637904468412943,0,0.304897314375987,0.938176197836167,0.648484848484848,0.540334855403349,0.101190476190476,0,0,0.976190476190476,0.953242835595777,0,0.934451219512195,0.0109546165884194,0,0,0.975232198142415,0,0.980922098569157,0.785276073619632,0.547511312217195,0.969512195121951,0,0,0.970903522205207,0.942942942942943,0.73159509202454,0.0273972602739726,0.00316455696202532,0.889226100151745,0.603715170278638,0.978361669242658,0.558421851289833,0.363636363636364,0,0.955993930197269,0.0268562401263823,0.978260869565217,0.114420062695925,0,0.0362537764350453,0.136858475894246,0.496794871794872,0.95398773006135,0,0.968562874251497,0.963302752293578,0.978294573643411,0,0.0970266040688576,0.915335463258786,0.0254777070063694,0.973684210526316,0.973966309341501,0.0293663060278207,0.973966309341501,0.312210200927357,0.8109375,0.0360501567398119,0.1904,0.959311424100156,0.0093167701863354,0.0277777777777778,1,0.0349761526232114,0.673566878980892,0.4046875,0,0.129829984544049,0.746056782334385,0.272727272727273,0.96030534351145,0.029320987654321,0.175226586102719,0.479674796747967,0.945619335347432,0.892911010558069,0.944700460829493,0.759170653907496,0,0.958841463414634,0.0212765957446809,0.940902021772939,0.418641390205371,0.0271084337349398,0.976958525345622,0.972350230414747,0.970219435736677,0.637636080870918,0.978260869565217,0.1515625,0.219626168224299,0.938556067588326,0.886821705426357,0,0,0.9734375,0.941640378548896,0.0442338072669826,0.976525821596244,0.976993865030675,0.377675840978593,0.938095238095238,0.728706624605678,0.894333843797856,0,0.956454121306376,0.355038759689922,0.972179289026275,0.970858895705521,0,0.6546875,0.96998420221169,0.0267295597484277,0.70625,0.403076923076923,0.797583081570997,0.705511811023622,0.939577039274924,0.109774436090226,0.972972972972973,0.976816074188563,0.972350230414747,0.328025477707006,0.122887864823349,0.972350230414747,0.969650986342944,0.00773993808049536,0.799694189602447,0.478129713423831,0.283720930232558,0.784615384615385,0.96875,0.865116279069767,0.971036585365854,0.129518072289157,0.0285714285714286,0,0.834876543209877,0.0237341772151899,0.0233281493001555,0.296583850931677,0,0.973724884080371,0.913373860182371,0.976958525345622,0.975646879756469,0.115444617784711,0.0233644859813084,0,0,0.197183098591549,0.0930232558139535,0.187306501547988,0,0.0259146341463415,0.97360248447205,0.0152671755725191,0.313178294573643,0.970404984423676,0.611455108359133,0.945482866043614,0.672281776416539,0.667660208643815,0,0.970631424375918,0.409733124018838,0.50314465408805,0.934032983508246,0.975116640746501,0.407407407407407,0.0108527131782946,0.96417445482866,0.966412213740458,0,0.956521739130435,0.0416024653312789,0.97275641025641,0.454823889739663,0,0.00930232558139535,0.5264,0.85377358490566,0.0248062015503876,0.162460567823344,0.0108191653786708,0,0.759701492537313,0.0486656200941915,0.978896103896104,0.328725038402458,0.981735159817352,0.0287878787878788,0.412576687116564,0.344497607655502,0.876582278481013,0.116427432216906,0.0262751159196291,0.00155038759689922,0.0660377358490566,0,0.977238239757208,0.0492063492063492,0.977544910179641,0.0312989045383412,0.970358814352574,0,0.534142640364188,0.479134466769706,0.977029096477795,0,0.974512743628186,0,0.407290015847861,0.974045801526718,0,0.663125948406677,0.975116640746501,0.751962323390895,0.957943925233645,0.0625954198473282,0,0.974763406940063,0.282608695652174,0,0.708841463414634,0.025,0.0438729198184569,0.971698113207547,0.973143759873618,0.972727272727273,0.9546875,0.9671875,0,0.946153846153846,0.0230414746543779,0.370257966616085,0.307692307692308,0.969325153374233,0.967492260061919,0.963800904977376,0.968421052631579,0.0552147239263804,0.0420560747663551,0.974193548387097,0.949152542372881,0.722306525037936,0.951937984496124,0.970633693972179,0.980152671755725,0,0,0.95933734939759,0,0.0921450151057402,0,0.966205837173579,0.298245614035088,0.234076433121019,0.147239263803681,0.906103286384977,0,0.125193199381762,0.973846153846154,0.978625954198473,0.664624808575804,0.43298969072165,0.233823529411765,0.201793721973094,0.656645569620253,0.0230769230769231,0.140432098765432,0.556426332288401,0.273006134969325,0.708270676691729,0.0291858678955453,0,0.0249221183800623,0.352848101265823,0.974522292993631,0.644171779141104,0.24357034795764,0.628048780487805,0.886706948640483,0.963636363636364,0.960127591706539,0.969793322734499,0.976303317535545,0.968701095461659,0.570987654320988,0.435508345978756,0.978395061728395,0.0283582089552239,0.0393343419062027,0.883076923076923,0.0108024691358025,0.975867269984917,0.947611710323575,0,0.138535031847134,0,0.943573667711599,0,0.963246554364472,0.975116640746501,0.0245398773006135,0.841860465116279,0.97112462006079,0.66510172143975,0.63302752293578,0.891640866873065,0,0,0.925445705024311,0.95067264573991,0.981566820276498,0,0,0.0207006369426752,0.259146341463415,0.51840490797546,0,0.476190476190476,0,0.932069510268562,0.975270479134467,0.192789968652038,0.258358662613982,0,0.366614664586583,0.601526717557252,0.850381679389313,0.971342383107089,0.800627943485086,0.0218068535825545,0.979133226324238,0.0170807453416149,0.96969696969697,0,0.989393939393939,0.009375,0.973101265822785,0.0418604651162791,0.0205696202531646,0,0,0.839506172839506,0.913249211356467,0.940092165898618,0.712765957446808,0.0513595166163142,0.036979969183359,0.844827586206897,0.833333333333333,0,0.0386398763523957,0.948275862068966,0,0.957142857142857,0.972519083969466,0.0913312693498452,0.0369230769230769,0.0277349768875193,0.969604863221885,0.484227129337539,0.0987654320987654,0.1168,0.138719512195122,0.709470304975923,0.11864406779661,0.975155279503106,0,0.772012578616352,0.959398496240601,0.00463678516228748,0,0.0282317979197623,0,0.031104199066874,0.977134146341463,0.714511041009464,0.0301109350237718,0.0300157977883096,0.55608214849921,0.96594427244582,0.454545454545455,0.0474006116207951,0.0303030303030303,0.053125,0.0184049079754601,0,0.0495356037151703,0.0318181818181818,0.0263975155279503,0.0401234567901235,0.0260736196319018,0.0492845786963434,0.0547945205479452,0.0414746543778802,0.0185471406491499,0.00641025641025641,0.0247678018575851,0.0227272727272727,0.0582822085889571,0.033175355450237,0.0185471406491499,0.0257648953301127,0.0280373831775701,0.0438184663536776,0.031055900621118,0.0226928895612708,0.0273972602739726,0.0564885496183206,0.026865671641791,0.0276923076923077
"497",0.00977198697068404,0.00791139240506329,0.03486529318542,0.0730897009966777,0.0231404958677686,0.0066334991708126,0.102728731942215,0.0270700636942675,0.00782472613458529,0,0.00637958532695375,0,0.451923076923077,0.00655737704918033,0.953674121405751,0.983974358974359,0,0,0.00991735537190083,0.0208333333333333,0.840255591054313,0.969055374592834,0.0189274447949527,0,0.0525477707006369,0.755700325732899,0.887640449438202,0.0152027027027027,0.545166402535658,0.317460317460317,0.992125984251969,0.337579617834395,0.253246753246753,0.713355048859935,0,0.0032520325203252,0.0048,0.0112,0.760869565217391,0.107424960505529,0,0,0,0.00655737704918033,0.226072607260726,0.983870967741935,0.496774193548387,0.991909385113269,0.559055118110236,0.866359447004608,0,0.00974025974025974,0.751987281399046,0.00649350649350649,0.113114754098361,0.846774193548387,0,0.0327332242225859,0.042654028436019,0.110223642172524,0.710144927536232,0.57097288676236,0.995073891625616,0,0.104825291181364,0.183574879227053,0,0.014827018121911,0,0.993548387096774,0.152866242038217,0.990338164251208,0.981848184818482,0.00476190476190476,0,0.301412872841444,0.947867298578199,0.449438202247191,0.116393442622951,0.765993265993266,0,0.317460317460317,0.795275590551181,0.00786163522012579,0.888357256778309,0.0965189873417722,0.00809061488673139,0.0418006430868167,0.0314465408805031,0,0.0197044334975369,0.008,0,0,0.035426731078905,0,0.693037974683544,0.0303030303030303,0,0,0.392,0,0.729064039408867,0.00488599348534202,0.897674418604651,0.00494233937397035,0,0.0227272727272727,0.991776315789474,0.995169082125604,0.984251968503937,0.0920634920634921,0.695934959349593,0.0176282051282051,0,0.0208667736757624,0.311688311688312,0,0.993710691823899,0.776337115072934,0,0.262214983713355,0.755267423014587,0.911519198664441,0.0339805825242718,0.852201257861635,0.0110410094637224,0.0112,0,0.458466453674121,0.0749185667752443,0.513071895424837,0.0148026315789474,0,0.00816993464052288,0.976599063962558,0,0.792880258899676,0.379807692307692,0.482815057283142,0,0,0.0285714285714286,0.248788368336026,0.836092715231788,0.00805152979066022,0.984025559105431,0.0856219709208401,0.615883306320908,0.0250783699059561,0.866115702479339,0.0234741784037559,0.00829187396351575,0.175040518638574,0.00964630225080386,0.993431855500821,0.00647249190938511,0.993464052287582,0,0.272727272727273,0.140822784810127,0.0271565495207668,0.982511923688394,0,0.00474683544303797,0.579378068739771,0.00658978583196046,0.00789889415481832,0.00477707006369427,0.714285714285714,0.0289389067524116,0.991896272285251,0.0588235294117647,0.993710691823899,0.118506493506494,0.646129541864139,0,0.0243506493506494,0,0.157051282051282,0.00814332247557003,0.870340356564019,0.0258064516129032,0.0660225442834139,0.0140845070422535,0.0316455696202532,0.903481012658228,0.661367249602544,0.0846905537459283,0.0665584415584416,0.942492012779553,0.988782051282051,0.0245499181669394,0.135350318471338,0,0,0.712195121951219,0,0.00471698113207547,0.765723270440252,0.120717781402936,0.257097791798107,0.0173775671406003,0.575757575757576,0.559618441971383,0.717821782178218,0.10016155088853,0.0456026058631922,0.135007849293564,0,0.125806451612903,0.823333333333333,0.0657051282051282,0.993548387096774,0.93217665615142,0.476345840130506,0.0303030303030303,0.0296411856474259,0.192868719611021,0.00318979266347687,0.111658456486043,0,0.930489731437599,0.355555555555556,0.0114566284779051,0,0.0126984126984127,0.0248447204968944,0.459069020866774,0.480769230769231,0.0162074554294976,0.00826446280991736,0.635332252836305,0,0.114599686028257,0.497553017944535,0.032626427406199,0.992050874403816,0.0478468899521531,0.00818330605564648,0.0046801872074883,0.0554649265905383,0.492845786963434,0.993506493506494,0.0324149108589951,0.476268412438625,0.990740740740741,0.993670886075949,0.812903225806452,0.995184590690209,0.838550247116969,0.33489827856025,0.993548387096774,0.988817891373802,0.985436893203884,0.43312101910828,0.95114006514658,0.0225442834138486,0,0.991935483870968,0,0.773095623987034,0.00816993464052288,0.0270700636942675,0.107544141252006,0,0.145454545454545,0.154330708661417,0.338187702265372,0.423756019261637,0.565217391304348,0.5328,0,0.0065252854812398,0.901771336553945,0.321070234113712,0.0411184210526316,0.987281399046105,0.259554140127389,0.990275526742301,0.889763779527559,0.0046875,0.0067001675041876,0.102773246329527,0,0.372611464968153,0.115942028985507,0,0.993680884676145,0.10062893081761,0.0258064516129032,0,0.996810207336523,0.992076069730586,0.0260586319218241,0.134551495016611,0.996688741721854,0,0.624398073836276,0.016260162601626,0.222222222222222,0.635782747603834,0.355371900826446,0.0509554140127389,0.9888,0.0078740157480315,0.00645161290322581,0.985553772070626,0.0431309904153355,0.0063391442155309,0.0332225913621262,0.00963081861958266,0.821829855537721,0.70906200317965,0.72741935483871,0.0278688524590164,0.0678807947019868,0.00158227848101266,0.742351046698873,0.032,0.853225806451613,0.6875,0.0126984126984127,0.00644122383252818,0.0375586854460094,0.309951060358891,0.0110584518167457,0.763458401305057,0.0423197492163009,0.00977198697068404,0,0.700787401574803,0.44991789819376,0.990384615384615,0.0016025641025641,0.990506329113924,0.103059581320451,0.968152866242038,0.995207667731629,0,0.783227848101266,0.0145161290322581,0.920127795527157,0.0232945091514143,0.0357723577235772,0.0191693290734824,0.725961538461538,0.720198675496689,0.34747145187602,0.572139303482587,0,0.17879746835443,0.979430379746835,0.963893249607535,0.812199036918138,0.00649350649350649,0.992150706436421,0,0.6875,0.987261146496815,0.975688816855754,0.537337662337662,0.00635930047694754,0.744610281923715,0.00831946755407654,0.0453074433656958,0,0.0151975683890578,0.995245641838352,0.009375,0.176751592356688,0.0066334991708126,0.980676328502415,0.0284810126582278,0.993620414673046,0.125806451612903,0.307565789473684,0.062200956937799,0.0176,0.00641025641025641,0.734597156398104,0.0375203915171289,0.00631911532385466,0.995283018867924,0.974235104669887,0.00488599348534202,0.00792393026941363,0.697115384615385,0.127186009538951,0.0443349753694581,0.05103668261563,0.00788643533123028,0,0.892156862745098,0.00641025641025641,0.99349593495935,0,0.0387722132471729,0,0.962662337662338,0.00635930047694754,0.0357723577235772,0,0.375806451612903,0.604234527687296,0.0245901639344262,0.990033222591362,0.13953488372093,0.00823723228995058,0.63258785942492,0.406752411575563,0.244299674267101,0,0.842019543973941,0.0245098039215686,0.0096,0.580542264752791,0.00642054574638844,0.0342465753424658,0.965244865718799,0,0.0207006369426752,0.00966183574879227,0.0513643659711075,0.329032258064516,0.986885245901639,0.143317230273752,0.765273311897106,0.815699658703072,0,0.405271828665568,0.403908794788274,0.406995230524642,0,0.742998352553542,0.100478468899522,0.379968203497615,0.50796178343949,0.933641975308642,0,0,0.0061633281972265,0.0363349131121643,0,0.0811688311688312,0,0,0,0.00809061488673139,0,0.00823723228995058,0.232963549920761,0.489795918367347,0.00631911532385466,0,0,0.014218009478673,0.05,0.285261489698891,0.996845425867508,0,0.11214953271028,0.41335453100159,0.00634920634920635,0.490566037735849,0.683788121990369,0,0.027027027027027,0.991896272285251,0.0508196721311475,0.921311475409836,0,0.984301412872841,0.883870967741936,0.523887973640857,0.0334928229665072,0,0.0622083981337481,0.0317965023847377,0.00635930047694754,0,0.926590538336052,0.0747028862478778,0.991610738255034,0.0032,0.00634920634920635,0.99203821656051,0.00797448165869218,0.718600953895072,0.207062600321027,0.99025974025974,0.837704918032787,0.046031746031746,0,0.995169082125604,0.0349761526232114,1,0.352553542009885,0.612277867528271,0,0.887658227848101,0.279731993299833,0.750793650793651,0.0334928229665072,0.995207667731629,0.849840255591054,0.548060708263069,0.0618066561014263,0.126782884310618,0.040650406504065,0.262376237623762,0,0.0235849056603774,0.993640699523052,0.0428571428571429,0.612111292962357,0.99375,0.00476190476190476,0.00486223662884927,0.00637958532695375,0.372964169381107,0.0236593059936909,0.873170731707317,0.820428336079077,0.0643086816720257,0.123809523809524,0,0,0.00974025974025974,0.0737704918032787,0.97741935483871,0.0193861066235864,0.0160771704180064,0.646774193548387,0.0738916256157636,0.275862068965517,0.109546165884194,0,0.0403877221324717,0.664516129032258,0.0064,0.0096,0,0.372168284789644,0.0293637846655791,0.995137763371151,0.323101777059774,0.641233766233766,0.219435736677116,0.3344,0.0482115085536547,0.914728682170543,0.023489932885906,0.00634920634920635,0.0226537216828479,0.69983416252073,0.8944,0.0160771704180064,0.00792393026941363,0,0.223642172523962,0.558730158730159,0.757142857142857,0.259554140127389,0.00651465798045603,0.126805778491172,0.00641025641025641,0.111642743221691,0.995024875621891,0,0.192675159235669,0.993569131832797,0.993569131832797,0.743922204213938,0,0.0158982511923688,0.0933544303797468,0.00481540930979133,0.0109717868338558,0.912762520193861,0.993610223642173,0,0,0.834426229508197,0.915309446254072,0.855753646677472,0,0.993548387096774,0.00478468899521531,0.418238993710692,0.714516129032258,0.00656814449917898,0.417197452229299,0.0324149108589951,0.368167202572347,0.385466034755134,0,0.00305343511450382,0.622516556291391,0.520900321543408,0.0867507886435331,0.0140405616224649,0.633279483037157,0,0.0546623794212219,0.0507131537242472,0,0.0401234567901235,0.979133226324238,0.0214876033057851,0.565008025682183,0,0,0.488964346349745,0.182108626198083,0.993670886075949,0.880131362889984,0,0,0.26040061633282,0.97029702970297,0.00512820512820513,0.706436420722135,0.0143312101910828,0.992125984251969,0.627172195892575,0.676422764227642,0.144278606965174,0.903814262023217,0.989028213166144,0,0.956168831168831,0,0.0109375,0.806666666666667,0.0250783699059561,0.987117552334944,0.00825082508250825,0,0.499212598425197,0.544715447154472,0.008,0,0.00786163522012579,0,0.641666666666667,0.0191693290734824,0,0.351735015772871,0.024232633279483,0.263071895424837,0.0532258064516129,0.963607594936709,0,0.00646203554119548,0.748776508972268,0,0.328660436137072,0.99375,0.977883096366509,0.00492610837438424,0.0064,0.0125588697017268,0.0305466237942122,0.0223285486443381,0,0.0303514376996805,0,0.648648648648649,0.740680713128039,0.016,0.0130932896890344,0.0124610591900312,0.0143769968051118,0.0286168521462639,0.993464052287582,0.0248756218905473,0.0464,0.289763779527559,0.0273311897106109,0.00630914826498423,0.0336,0,0,0.0231839258114374,0,0.935275080906149,0,0.0513643659711075,0.737541528239203,0.792763157894737,0.886255924170616,0.0917874396135266,0.0016,0.905956112852665,0.00641025641025641,0.00801282051282051,0.39776357827476,0.587596899224806,0.796296296296296,0.833594976452119,0.363338788870704,0.995215311004785,0.879173290937997,0.462035541195477,0.741100323624595,0.310126582278481,0.987075928917609,0,0.991974317817014,0.678688524590164,0.00666666666666667,0.362916006339144,0.785602503912363,0.391373801916933,0.138977635782748,0.0172684458398744,0.0465890183028286,0.0248344370860927,0.00807754442649435,0.00974025974025974,0.463375796178344,0.603744149765991,0.00484652665589661,0.987748851454824,0.9826224328594,0.142628205128205,0,0.00636942675159236,0.0377952755905512,0,0.883031301482702,0,0.0559210526315789,0,0.0353130016051364,0.00806451612903226,0.990536277602524,0.174679487179487,0.00315955766192733,0.348242811501597,0.3808,0.117647058823529,0,0,0.0770519262981574,0.0623100303951368,0.0174050632911392,0,0,0.995024875621891,0.761755485893417,0.490322580645161,0,0.5712,0,0.0916398713826367,0.00489396411092985,0.82875605815832,0.770569620253165,0,0.682487725040916,0.434083601286174,0.141945773524721,0.0408805031446541,0.233704292527822,0.993670886075949,0.0182119205298013,0.0879478827361563,0.00327332242225859,0,0.0220125786163522,0,0.00665557404326123,0.981878088962109,0.616393442622951,0,0,0.189792663476874,0.0715474209650582,0.0591054313099042,0.298722044728434,0.965625,0.987012987012987,0.179527559055118,0.162790697674419,0,0.980582524271845,0.0405186385737439,0,0.0229132569558101,0.0477707006369427,0.924920127795527,0,0.993569131832797,0.00634920634920635,0.56260162601626,0.927066450567261,0.902155887230514,0.894904458598726,0.322061191626409,0.89589905362776,0.00813008130081301,0,0.250403877221325,0.0233644859813084,0,0,0.993798449612403,0,0.991935483870968,0.00783699059561128,0.294701986754967,0.993517017828201,0.995169082125604,0.470491803278689,0.05,0.582258064516129,0,0.993355481727575,0.0462046204620462,0.00811688311688312,0,0.811382113821138,0.9890625,0.991721854304636,0.982343499197432,0.993690851735016,0,0,0.984051036682616,0.00479233226837061,0.00166944908180301,0.0272435897435897,0.0063391442155309,0,0.990491283676704,0.0128,0.99510603588907,0.990430622009569,0,0.990275526742301,0.0488958990536278,0.993720565149137,0.92109500805153,0.99375,0.993517017828201
"498",0.675409836065574,0.656050955414013,0.68370607028754,0.672077922077922,0.649918962722853,0.662358642972536,0.690705128205128,0.682034976152623,0.668759811616955,0,0.66877971473851,0,0.660855784469097,0.640522875816993,0.393987341772152,0.367576243980738,0,0.00966183574879227,0.635157545605307,0.685446009389671,0.49047619047619,0.369458128078818,0.657232704402516,0,0.682539682539683,0.519354838709677,0.413078149920255,0.645424836601307,0.78680981595092,0.657364341085271,0.347826086956522,0.794585987261146,0.840064620355412,0.5,0,0.663492063492063,0.0140845070422535,0.661367249602544,0.560490045941807,0.675,0,0.00783699059561128,0.00315955766192733,0.65139116202946,0.691419141914191,0.382838283828383,0.651888341543514,0.338607594936709,0.64696734059098,0.473520249221184,0,0.657142857142857,0.568690095846645,0.65818759936407,0.660771704180064,0.489326765188834,0,0.674757281553398,0.657728706624606,0.739938080495356,0.524409448818898,0.755868544600939,0.342902711323764,0,0.746710526315789,0.77007874015748,0,0.6448,0,0.346341463414634,0.639751552795031,0.346518987341772,0.359677419354839,0.656739811912226,0,0.989045383411581,0.386895475819033,0.753554502369668,0.731707317073171,0.539267015706806,0,0.767036450079239,0.536776212832551,0.652380952380952,0.461414790996785,0.6953125,0.664012738853503,0.678740157480315,0.648264984227129,0.00309119010819165,0.660194174757282,0.648648648648649,0,0,0.661764705882353,0,0.568965517241379,0.667711598746082,0.00313479623824451,0.00479233226837061,0.687400318979266,0,0.565286624203822,0.659711075441412,0.454968944099379,0.65139116202946,0.00481540930979133,0.671428571428571,0.33974358974359,0.355661881977671,0.346333853354134,0.667736757624398,0.601612903225806,0.662379421221865,0,0.673015873015873,0.76038338658147,0,0.340764331210191,0.5376,0,0.824959481361426,0.561904761904762,0.423452768729642,0.66031746031746,0.453689167974882,0.649532710280374,0.653846153846154,0,0.685805422647528,0.675548589341693,0.666123778501629,0.662337662337662,0,0.655284552845528,0.352941176470588,0,0.54983922829582,0.657097288676236,0.689034369885434,0,0,0.676145339652449,0.821086261980831,0.50487012987013,0.648475120385233,0.338632750397456,0.670926517571885,0.634615384615385,0.661417322834646,0.494271685761047,0.66031746031746,0.655448717948718,0.684380032206119,0.643659711075441,0.338164251207729,0.6608,0.33868378812199,0,0.803174603174603,0.713615023474178,0.6784,0.36817472698908,0,0.650316455696203,0.642262895174709,0.669435215946844,0.667194928684628,0.640449438202247,0.508634222919937,0.666666666666667,0.361873990306947,0.670261941448382,0.349453978159126,0.701112877583466,0.593301435406699,0,0.652733118971061,0,0.69620253164557,0.66131621187801,0.430645161290323,0.672926447574335,0.696540880503145,0.663093415007657,0.669781931464174,0.454263565891473,0.6198738170347,0.694581280788177,0.689710610932476,0.383886255924171,0.34185303514377,0.647634584013051,0.688188976377953,0,0,0.602893890675241,0,0.660883280757098,0.542130365659777,0.668852459016393,0.698412698412698,0.654205607476635,0.650717703349282,0.644549763033175,0.592,0.659677419354839,0.660287081339713,0.713615023474178,0,0.663026521060842,0.513911620294599,0.696774193548387,0.344497607655502,0.3828125,0.685624012638231,0.664012738853503,0.673534072900158,0.793103448275862,0.656692913385827,0.760450160771704,0,0.408227848101266,0.824644549763033,0.676375404530744,0,0.663522012578616,0.665130568356375,0.682182985553772,0.666666666666667,0.663446054750403,0.656910569105691,0.611635220125786,0,0.679506933744222,0.7616,0.679276315789474,0.340625,0.677725118483412,0.665056360708535,0.666666666666667,0.693548387096774,0.649452269170579,0.368167202572347,0.686591276252019,0.64171974522293,0.340490797546012,0.329249617151608,0.468599033816425,0.32475884244373,0.480263157894737,0.674015748031496,0.340255591054313,0.351822503961965,0.36031746031746,0.698608964451314,0.361842105263158,0.683279742765273,0.00316957210776545,0.348171701112878,0,0.511290322580645,0.663414634146341,0.6688,0.681020733652313,0,0.705024311183144,0.721780604133545,0.768,0.762282091917591,0.62258064516129,0.629084967320261,0.0046656298600311,0.645528455284553,0.447244094488189,0.782324058919804,0.681020733652313,0.35031847133758,0.681159420289855,0.35725677830941,0.444976076555024,0.657770800627943,0.65252854812398,0.675409836065574,0,0.696062992125984,0.666666666666667,0,0.330670926517572,0.664605873261206,0.664,0,0.356576862123613,0.331768388106416,0.679674796747967,0.736585365853659,0.355987055016181,0,0.6208,0.672523961661342,0.719188767550702,0.614173228346457,0.68189233278956,0.673566878980892,0.351351351351351,0.65990639625585,0.647798742138365,0.348171701112878,0.677725118483412,0.654895666131621,0.674267100977199,0.652312599681021,0.492163009404389,0.589703588143526,0.593700787401575,0.6645056726094,0.693333333333333,0.033175355450237,0.551282051282051,0.673139158576052,0.454113924050633,0.593798449612403,0.655394524959742,0.662358642972536,0.689320388349515,0.840460526315789,0.647779479326187,0.533442088091354,0.677165354330709,0.645161290322581,0,0.598425196850394,0.662903225806452,0.3584,0.0398089171974522,0.343799058084772,0.684380032206119,0.36833855799373,0.341158059467919,0,0.522435897435897,0.660828025477707,0.41025641025641,0.673770491803279,0.680952380952381,0.666666666666667,0.598726114649682,0.584564860426929,0.778309409888357,0.639477977161501,0,0.775477707006369,0.346456692913386,0.376744186046512,0.528481012658228,0.657467532467532,0.359621451104101,0,0.6046875,0.341194968553459,0.359424920127796,0.647909967845659,0.640322580645161,0.56514657980456,0.640983606557377,0.676948051948052,0,0.663093415007657,0.322327044025157,0.638535031847134,0.784090909090909,0.664484451718494,0.371794871794872,0.6765625,0.330721003134796,0.6864,0.722950819672131,0.688575899843505,0.664576802507837,0.642628205128205,0.613162118780096,0.686305732484076,0.638364779874214,0.362519201228879,0.36248012718601,0.6645056726094,0.656645569620253,0.581210191082803,0.697452229299363,0.667763157894737,0.701399688958009,0.661971830985915,0,0.435855263157895,0.649762282091918,0.348726114649682,0,0.6816,0.00484652665589661,0.387459807073955,0.6578125,0.668789808917197,0.00162866449511401,0.667736757624398,0.604166666666667,0.668261562998405,0.329489291598023,0.696485623003195,0.650485436893204,0.704472843450479,0.682692307692308,0.738782051282051,0,0.493610223642172,0.668316831683168,0.669316375198728,0.624203821656051,0.661341853035144,0.631756756756757,0.379807692307692,0,0.666666666666667,0.664546899841017,0.684380032206119,0.766929133858268,0.337115072933549,0.704065040650407,0.507177033492823,0.484745762711864,0.00158982511923688,0.828250401284109,0.65,0.699212598425197,0,0.562913907284768,0.694267515923567,0.807570977917981,0.727987421383648,0.415644171779141,0,0,0.649310872894334,0.671899529042386,0,0.65086887835703,0.00164203612479475,0,0,0.651685393258427,0,0.66721044045677,0.664546899841017,0.677570093457944,0.634796238244514,0,0,0.658730158730159,0.688854489164087,0.879310344827586,0.338050314465409,0,0.670866141732283,0.69047619047619,0.666136724960254,0.639370078740157,0.589171974522293,0,0.659842519685039,0.348534201954397,0.703703703703704,0.421900161030596,0,0.355140186915888,0.454253611556982,0.606666666666667,0.655502392344498,0,0.671899529042386,0.66403785488959,0.648985959438378,0,0.423076923076923,0.679727427597956,0.348039215686274,0.643856920684292,0.644094488188976,0.348726114649682,0.653907496012759,0.599683544303797,0.67981072555205,0.349761526232114,0.489465153970827,0.697749196141479,0.00160513643659711,0.341384863123994,0.673566878980892,0.352553542009885,1,0.598705501618123,0,0.432646592709984,0.761904761904762,0.564593301435407,0.655502392344498,0.350157728706625,0.468847352024922,0.66722972972973,0.688372093023256,0.727272727272727,0.683788121990369,0.809904153354633,0,0.657187993680885,0.345425867507886,0.664012738853503,0.614006514657981,0.352112676056338,0.656,0.6688,0.644904458598726,0.659270998415214,0.664536741214057,0.456168831168831,0.531400966183575,0.667194928684628,0.677884615384615,0,0,0.655844155844156,0.658615136876006,0.355877616747182,0.668292682926829,0.660771704180064,0.631911532385466,0.668831168831169,0.697712418300654,0.671383647798742,0,0.671497584541063,0.590032154340836,0.6608,0.664012738853503,0,0.80064308681672,0.669381107491857,0.3376,0.784440842787682,0.60223642172524,0.752307692307692,0.720064724919094,0.679566563467492,0.405864197530864,0.662337662337662,0.658767772511848,0.674085850556439,0.584843492586491,0.406593406593407,0.652733118971061,0.6578125,0.003125,0.806656101426308,0.60731319554849,0.529790660225443,0.75,0.648648648648649,0.689102564102564,0.65378421900161,0.151898734177215,0.343537414965986,0,0.793322734499205,0.338141025641026,0.338050314465409,0.561708860759494,0,0.676898222940226,0.715189873417722,0.649762282091918,0.647798742138365,0.427662957074722,0.3472,0,0,0.508064516129032,0.418152350081037,0.478468899521531,0,0.340659340659341,0.639370078740157,0.158059467918623,0.595813204508857,0.650974025974026,0.678343949044586,0.659744408945687,0.703125,0.691222570532915,0,0.668683812405446,0.642628205128205,0.669316375198728,0.684952978056426,0.664566929133858,0.617322834645669,0.00317460317460317,0.676282051282051,0.682464454976303,0,0.661993769470405,0.349606299212598,0.670549084858569,0.623622047244095,0,0.0016025641025641,0.706840390879479,0.739130434782609,0.344992050874404,0.459770114942529,0.00317460317460317,0,0.709876543209877,0.3568,0.659468438538206,0.598412698412698,0.660964230171073,0.334379905808477,0.531545741324921,0.563812600969305,0.729372937293729,0.407894736842105,0.344287949921753,0,0.38474025974026,0,0.660493827160494,0.328947368421053,0.669207317073171,0.344605475040258,0.663446054750403,0,0.655172413793103,0.788553259141494,0.63968253968254,0,0.650316455696203,0,0.624390243902439,0.669242658423493,0,0.682242990654206,0.65742251223491,0.672552166934189,0.685761047463175,0.378930817610063,0,0.65818759936407,0.552674230145867,0,0.793977812995246,0.350230414746544,0.3484375,0.652665589660743,0.65086887835703,0.652777777777778,0.664526484751204,0.64297253634895,0,0.666141732283465,0.009375,0.599056603773585,0.561128526645768,0.653907496012759,0.662939297124601,0.673501577287066,0.665610142630745,0.0679304897314376,0.376623376623377,0.661691542288557,0.685214626391097,0.818897637795276,0.648177496038035,0.644230769230769,0.67948717948718,0,0,0.663608562691132,0,0.38755980861244,0,0.6512,0.544871794871795,0.488673139158576,0.443234836702955,0.713821138211382,0,0.449920508744038,0.6432,0.663009404388715,0.67304625199362,0.653250773993808,0.521472392638037,0.489130434782609,0.658022690437601,0.335453100158982,0.441082802547771,0.691693290734824,0.547923322683706,0.80248833592535,0.337042925278219,0,0.326829268292683,0.587761674718196,0.670549084858569,0.650238473767886,0.539657853810264,0.813291139240506,0.719745222929936,0.645412130637636,0.69205298013245,0.667202572347267,0.655896607431341,0.676848874598071,0.74203821656051,0.634920634920635,0.658692185007974,0.348228043143297,0.34585289514867,0.724522292993631,0.00464396284829721,0.647425897035881,0.657770800627943,0,0.454397394136808,0,0.699842022116904,0,0.677165354330709,0.655948553054662,0.34384858044164,0.679365079365079,0.662460567823344,0.706075533661741,0.682316118935837,0.678513731825525,0,0,0.697674418604651,0.67427701674277,0.658805031446541,0,0,0.335504885993485,0.5264,0.669811320754717,0,0.645161290322581,0,0.663461538461538,0.6721044045677,0.44299674267101,0.549050632911392,0,0.57487922705314,0.666666666666667,0.68370607028754,0.66510172143975,0.695238095238095,0.353968253968254,0.668308702791461,0.0596774193548387,0.665584415584416,0,0.650231124807396,0.0032,0.65,0.360975609756098,0.229508196721311,0,0,0.785373608903021,0.696369636963696,0.673534072900158,0.679566563467492,0.359013867488444,0.33931484502447,0.64,0.636080870917574,0,0.375,0.673076923076923,0,0.662847790507365,0.668759811616955,0.403536977491961,0.0267716535433071,0.341346153846154,0.643642072213501,0.633986928104575,0.393841166936791,0.439024390243902,0.453821656050955,0.909240924092409,0.419713831478537,0.670926517571885,0,0.809836065573771,0.653968253968254,0.00162337662337662,0,0.334883720930233,0,0.356012658227848,0.650641025641026,0.673701298701299,0.347266881028939,0.344605475040258,0.691927512355848,0.666131621187801,0.745627980922099,0.0326594090202177,0.338211382113821,0.0499194847020934,0.0190779014308426,0,0.32741935483871,0.341653666146646,0.336633663366337,0.352941176470588,0.334905660377358,0.0306946688206785,0.0361067503924647,0.355769230769231,0.0193861066235864,0.00483870967741936,0.0313971742543171,0.0206349206349206,0.0364500792393027,0.361769352290679,0.0221169036334913,0.339805825242718,0.353322528363047,0.0289855072463768,0.341935483870968,0.0403726708074534,0.335453100158982,0.352564102564103,0.348694316436252,0.345218800648298
"499",0.391373801916933,0.380726698262243,0.394080996884735,0.448717948717949,0.407407407407407,0.381493506493506,0.447452229299363,0.403149606299213,0.394409937888199,0.0147299509001637,0.4,0.0094488188976378,0.591194968553459,0.36248012718601,0.628389154704944,0.589424572317263,0.0109204368174727,0.0189873417721519,0.381493506493506,0.407582938388626,0.625978090766823,0.608766233766234,0.393650793650794,0.0093167701863354,0.43171114599686,0.596153846153846,0.592125984251968,0.408653846153846,0.60093896713615,0.517996870109546,0.596899224806202,0.65251572327044,0.58974358974359,0.559429477020602,0.0140625,0.395534290271132,0.0251968503937008,0.391236306729264,0.623867069486405,0.415241057542768,0.00958466453674121,0.0141732283464567,0.0125195618153365,0.4,0.519480519480519,0.59967845659164,0.564102564102564,0.602870813397129,0.628930817610063,0.620214395099541,0.0126582278481013,0.39589905362776,0.594936708860759,0.388272583201268,0.4448,0.618421052631579,0.0130932896890344,0.408874801901743,0.409090909090909,0.501567398119122,0.588050314465409,0.579029733959311,0.604501607717042,0.0113268608414239,0.445544554455446,0.499202551834131,0.0111464968152866,0.376582278481013,0.0141065830721003,0.59967845659164,0.41588785046729,0.587677725118483,0.614649681528662,0.385579937304075,0.00946372239747634,0.584234930448223,0.599688473520249,0.566510172143975,0.485714285714286,0.60672268907563,0.0143769968051118,0.628659476117103,0.634674922600619,0.374608150470219,0.613207547169811,0.452713178294574,0.402496099843994,0.416139240506329,0.400621118012422,0.00771604938271605,0.397727272727273,0.390965732087227,0.00961538461538462,0.0126382306477093,0.390048154093098,0.00956937799043062,0.618066561014263,0.397174254317111,0.014018691588785,0.0173228346456693,0.550387596899225,0.0078125,0.624,0.397727272727273,0.636645962732919,0.401284109149278,0.0160513643659711,0.407643312101911,0.594249201277955,0.613924050632911,0.609375,0.436220472440945,0.62754303599374,0.381933438985737,0.012924071082391,0.395638629283489,0.710236220472441,0.0107858243451464,0.592417061611374,0.589622641509434,0.0109546165884194,0.577287066246057,0.620689655172414,0.605220228384992,0.397174254317111,0.579109062980031,0.384496124031008,0.381329113924051,0.0128617363344051,0.568720379146919,0.445497630331754,0.526655896607431,0.391585760517799,0.0139968895800933,0.398042414355628,0.598130841121495,0.00941915227629513,0.605431309904153,0.5392,0.592,0.0112359550561798,0.00651465798045603,0.394366197183099,0.5234375,0.587859424920128,0.393548387096774,0.604761904761905,0.429017160686427,0.595505617977528,0.392638036809816,0.636070853462158,0.381933438985737,0.383116883116883,0.4679186228482,0.389589905362776,0.595432300163132,0.387658227848101,0.603803486529319,0.0094488188976378,0.533980582524272,0.504658385093168,0.39403453689168,0.60377358490566,0.0093603744149766,0.394944707740916,0.641935483870968,0.390879478827362,0.384251968503937,0.388364779874214,0.548286604361371,0.421461897356143,0.608903020667727,0.427244582043344,0.604261796042618,0.481540930979133,0.619496855345912,0.014308426073132,0.393026941362916,0.0108191653786708,0.47626582278481,0.387045813586098,0.6,0.406050955414013,0.41692789968652,0.399696048632219,0.40251572327044,0.614173228346457,0.614439324116744,0.450406504065041,0.428343949044586,0.5936,0.608490566037736,0.393939393939394,0.462992125984252,0.013719512195122,0.00952380952380952,0.621019108280255,0.0125391849529781,0.3890625,0.631415241057543,0.46515397082658,0.525396825396825,0.398473282442748,0.60062893081761,0.514774494556765,0.604538087520259,0.43338683788122,0.408,0.491392801251956,0.0110410094637224,0.427899686520376,0.62379421221865,0.443181818181818,0.603803486529319,0.6109375,0.57345971563981,0.394366197183099,0.395962732919255,0.559618441971383,0.396578538102644,0.454833597464342,0.0127388535031847,0.6198738170347,0.546850998463902,0.387722132471729,0.0109034267912773,0.38871473354232,0.407066052227343,0.576744186046512,0.554502369668246,0.393364928909953,0.374183006535948,0.615506329113924,0.014827018121911,0.461538461538462,0.67304625199362,0.419354838709677,0.617322834645669,0.417445482866044,0.4,0.368916797488226,0.404458598726115,0.555729984301413,0.608064516129032,0.409162717219589,0.565149136577708,0.597842835130971,0.600924499229584,0.596518987341772,0.588607594936709,0.618122977346278,0.53858024691358,0.609105180533752,0.614664586583463,0.603100775193798,0.574500768049155,0.6176,0.399355877616747,0.014218009478673,0.597156398104265,0.0108864696734059,0.623003194888179,0.392857142857143,0.398724082934609,0.424528301886792,0.0109375,0.504038772213247,0.462616822429907,0.7232,0.66877971473851,0.589825119236884,0.509677419354839,0.0141287284144427,0.374193548387097,0.636080870917574,0.646003262642741,0.429936305732484,0.606864274570983,0.514240506329114,0.6096,0.602201257861635,0.389147286821705,0.376221498371336,0.462145110410095,0.0121028744326778,0.551459293394777,0.469551282051282,0.0126382306477093,0.590342679127726,0.453125,0.398724082934609,0.0125391849529781,0.618897637795276,0.594043887147335,0.405144694533762,0.5,0.61038961038961,0.0142630744849445,0.597156398104265,0.40625,0.53405572755418,0.606864274570983,0.558966074313409,0.408736349453978,0.609105180533752,0.371913580246914,0.3859375,0.5968,0.419504643962848,0.392405063291139,0.398682042833608,0.384735202492212,0.597464342313788,0.593949044585987,0.625786163522013,0.39968152866242,0.412438625204583,0.0298273155416013,0.568910256410256,0.3904,0.594383775351014,0.587786259541985,0.407874015748032,0.396496815286624,0.41471048513302,0.568881685575365,0.388036809815951,0.575320512820513,0.407120743034056,0.382165605095541,0.0113085621970921,0.608695652173913,0.559543230016313,0.59748427672956,0.035548686244204,0.590417310664606,0.424960505529226,0.610591900311526,0.599063962558502,0.0124031007751938,0.594339622641509,0.386581469648562,0.601574803149606,0.402597402597403,0.409967845659164,0.385964912280702,0.631578947368421,0.6128,0.55784469096672,0.586092715231788,0.0141065830721003,0.503125,0.592767295597484,0.612903225806452,0.639240506329114,0.381410256410256,0.591482649842271,0.0127388535031847,0.613312202852615,0.578199052132701,0.611650485436893,0.6432,0.394321766561514,0.615635179153095,0.360330578512397,0.394366197183099,0.014018691588785,0.380451127819549,0.608359133126935,0.378254211332312,0.500784929356358,0.387622149837134,0.610223642172524,0.391304347826087,0.587859424920128,0.4125,0.604538087520259,0.435658914728682,0.399688958009331,0.3796875,0.618066561014263,0.406299212598425,0.393135725429017,0.605263157894737,0.605678233438486,0.374800637958533,0.392405063291139,0.603149606299213,0.406299212598425,0.404567699836868,0.415241057542768,0.373817034700315,0.0128824476650564,0.617504051863857,0.382445141065831,0.605136436597111,0.0112721417069243,0.426494345718901,0.016366612111293,0.605431309904153,0.368088467614534,0.39776357827476,0.0096,0.5392,0.603833865814696,0.412621359223301,0.585365853658537,0.454983922829582,0.384491114701131,0.586151368760064,0.542768273716952,0.558917197452229,0.0143769968051118,0.620414673046252,0.403225806451613,0.39937106918239,0.619047619047619,0.38351822503962,0.391735537190083,0.584251968503937,0.0124610591900312,0.388364779874214,0.393312101910828,0.426073131955485,0.543613707165109,0.595846645367412,0.496794871794872,0.605431309904153,0.598006644518272,0.010989010989011,0.565916398713826,0.543130990415335,0.6046875,0.0093603744149766,0.629508196721312,0.457006369426752,0.558320373250389,0.601246105919003,0.63206106870229,0.014018691588785,0.00918836140888208,0.377473363774734,0.389489953632148,0.0109375,0.419405320813772,0.0161550888529887,0.00938967136150235,0.0129449838187702,0.37799043062201,0.0078125,0.397106109324759,0.490536277602524,0.584848484848485,0.3801261829653,0.0145395799676898,0.0128617363344051,0.400630914826498,0.412307692307692,0.567651632970451,0.617554858934169,0.0112540192926045,0.440860215053763,0.557993730407524,0.399053627760252,0.59375,0.610492845786963,0.0125786163522013,0.40809968847352,0.599358974358974,0.426948051948052,0.606451612903226,0.0124223602484472,0.609034267912773,0.608766233766234,0.548494983277592,0.383411580594679,0.0125588697017268,0.419207317073171,0.397798742138365,0.392125984251968,0.00632911392405063,0.611916264090177,0.406354515050167,0.599025974025974,0.385220125786164,0.387247278382582,0.610675039246468,0.381619937694704,0.633956386292835,0.49452269170579,0.612954186413902,0.621187800963082,0.414442700156986,0.0110584518167457,0.6140625,0.4046875,0.612277867528271,0.598705501618123,1,0.00470219435736677,0.602564102564103,0.6,0.626749611197512,0.396850393700787,0.599358974358974,0.609642301710731,0.504078303425775,0.430955993930197,0.509316770186335,0.421725239616613,0.5536,0.00797448165869218,0.388802488335925,0.599063962558502,0.384858044164038,0.616393442622951,0.606153846153846,0.377742946708464,0.379527559055118,0.38740157480315,0.557142857142857,0.3984375,0.636507936507936,0.634615384615385,0.433021806853583,0.456556082148499,0.0108864696734059,0.00798722044728434,0.392,0.411290322580645,0.603531300160514,0.3968,0.416403785488959,0.626771653543307,0.44408945686901,0.499202551834131,0.452743902439024,0.0122324159021407,0.417197452229299,0.603174603174603,0.400936037441498,0.393026941362916,0.00921658986175115,0.543269230769231,0.411764705882353,0.60031847133758,0.558213716108453,0.587955625990491,0.477203647416413,0.6176,0.412576687116564,0.61171032357473,0.390163934426229,0.379527559055118,0.40952380952381,0.618506493506494,0.592476489028213,0.4,0.39509954058193,0.013953488372093,0.513975155279503,0.559055118110236,0.608150470219436,0.575235109717868,0.379365079365079,0.437699680511182,0.391167192429022,0.134259259259259,0.595779220779221,0.0125984251968504,0.556782334384858,0.590111642743222,0.605633802816901,0.6138147566719,0.0127388535031847,0.398104265402844,0.44375,0.379746835443038,0.386792452830189,0.631415241057543,0.607255520504732,0.0107197549770291,0.0110236220472441,0.627009646302251,0.614649681528662,0.609951845906902,0.0111111111111111,0.599690880989181,0.392344497607655,0.284403669724771,0.6176,0.392628205128205,0.559748427672956,0.378594249201278,0.602503912363067,0.565485362095532,0.0123456790123457,0.383435582822086,0.603252032520325,0.580128205128205,0.453292496171516,0.385093167701863,0.593798449612403,0.0142630744849445,0.43125,0.42015503875969,0.0126782884310618,0.400606980273141,0.593996840442338,0.403940886699507,0.496050552922591,0.00961538461538462,0.0111111111111111,0.594059405940594,0.550561797752809,0.614649681528662,0.593548387096774,0.0125588697017268,0.0114754098360656,0.517611026033691,0.596491228070175,0.382838283828383,0.623255813953488,0.388455538221529,0.596899224806202,0.545023696682464,0.618357487922705,0.521739130434783,0.584142394822006,0.607874015748031,0.00946372239747634,0.604538087520259,0.0124223602484472,0.398763523956723,0.587458745874587,0.406441717791411,0.595238095238095,0.381493506493506,0.0140845070422535,0.602782071097372,0.611821086261981,0.384012539184953,0.00805152979066022,0.387247278382582,0.0126382306477093,0.608482871125612,0.390894819466248,0.0139318885448916,0.527646129541864,0.402866242038217,0.506410256410256,0.421138211382114,0.603421461897356,0.00469483568075117,0.3801261829653,0.6144,0.0140625,0.66510172143975,0.579425113464448,0.597826086956522,0.371019108280255,0.386837881219904,0.382215288611544,0.402866242038217,0.396411092985318,0.0110410094637224,0.404761904761905,0.0172143974960876,0.597503900156006,0.622222222222222,0.401244167962675,0.393700787401575,0.400621118012422,0.396875,0.0482866043613707,0.604501607717042,0.388888888888889,0.42566510172144,0.515723270440252,0.402496099843994,0.3921875,0.408450704225352,0.00777604976671851,0.0093603744149766,0.396923076923077,0.0107197549770291,0.606918238993711,0.0144927536231884,0.424960505529226,0.6,0.59805510534846,0.637795275590551,0.453808752025932,0.00961538461538462,0.596875,0.374608150470219,0.390282131661442,0.556618819776715,0.605740181268882,0.594512195121951,0.600924499229584,0.5392,0.608359133126935,0.6140625,0.564668769716088,0.568471337579618,0.531684698608965,0.586477987421384,0.0111821086261981,0.600638977635783,0.59967585089141,0.392508143322476,0.525157232704403,0.63914373088685,0.571879936808847,0.500782472613459,0.386398763523957,0.425361155698234,0.3872,0.396166134185303,0.378335949764521,0.583860759493671,0.628705148205928,0.386837881219904,0.603076923076923,0.612213740458015,0.515772870662461,0.014018691588785,0.385466034755134,0.386398763523957,0.0128,0.581967213114754,0.0109546165884194,0.440894568690096,0.0112,0.407176287051482,0.379527559055118,0.604037267080745,0.460925039872408,0.375,0.560897435897436,0.555729984301413,0.46656050955414,0.0108191653786708,0.0110935023771791,0.46039603960396,0.430091185410334,0.398104265402844,0.0125,0.0109034267912773,0.615008156606852,0.574961360123648,0.5,0.0109717868338558,0.59170653907496,0.0141509433962264,0.432,0.39268680445151,0.583198707592892,0.63302752293578,0.012326656394453,0.606796116504854,0.57667731629393,0.418096723868955,0.410769230769231,0.534072900158479,0.621069182389937,0.401960784313726,0.0701754385964912,0.378861788617886,0.0128617363344051,0.392307692307692,0.0156494522691706,0.384984025559105,0.607594936708861,0.394230769230769,0.0125588697017268,0.012779552715655,0.544444444444444,0.413961038961039,0.4234375,0.492935635792779,0.610606060606061,0.603833865814696,0.439873417721519,0.443759630200308,0.0145161290322581,0.60031847133758,0.41091492776886,0.0107692307692308,0.398713826366559,0.426100628930818,0.625592417061611,0.0250783699059561,0.592417061611374,0.390551181102362,0.593004769475358,0.62200956937799,0.637254901960784,0.606531881804043,0.596747967479675,0.590062111801242,0.381180223285486,0.00933125972006221,0.536115569823435,0.394695787831513,0.0159489633173844,0.0126182965299685,0.586523736600306,0.00949367088607595,0.604068857589984,0.386327503974563,0.521739130434783,0.606451612903226,0.60223642172524,0.5829307568438,0.415335463258786,0.605678233438486,0.0243161094224924,0.604200323101777,0.0659163987138264,0.0294573643410853,0.012779552715655,0.55993690851735,0.583975346687211,0.610845295055821,0.606635071090047,0.594427244582043,0.027027027027027,0.0311526479750779,0.604724409448819,0.0313971742543171,0.0227642276422764,0.0543130990415335,0.0349206349206349,0.0280811232449298,0.597156398104265,0.0345911949685535,0.601612903225806,0.598116169544741,0.027027027027027,0.602218700475436,0.065015479876161,0.612852664576803,0.58307210031348,0.606980273141123,0.6046875
"500",0,0,0,0,0,0,0.0156494522691706,0.00154320987654321,0,1,0,1,0,0,0,0,1,0.981481481481482,0,0,0,0,0,1,0,0,0,0.00162337662337662,0,0,0,0,0.0015600624024961,0,1,0,0.980597014925373,0,0,0,0.998449612403101,0.98159509202454,0.993966817496229,0,0,0,0,0,0,0,1,0,0,0,0.0156985871271586,0,1,0,0.00305810397553517,0,0,0,0,1,0,0,1,0,1,0,0,0,0,0,1,0.00151515151515152,0,0,0.00157232704402516,0,1,0,0,0,0,0,0,0,0.00459418070444104,0.989473684210526,0,0,1,1,0,1,0.0184615384615385,0,0.992389649923896,0.990654205607477,0.0108695652173913,1,0,0,0,0,0.990625,0.00306748466257669,0,0,0,0.0155763239875389,0,0,1,0,0,1,0,0,1,0.00155763239875389,0,0,0,0,0,0,1,0.00771604938271605,0,0,0,1,0,0,1,0,0,0.00791139240506329,1,1,0,0,0,0,0,0,0,0,0,0,0,0,0,0,0,0,1,0,0.00598802395209581,0,0,1,0,0,0,0,0,0,0,0,0,0,0.00311526479750779,0,1,0,1,0,0,0,0,0,0,0,0,0,0,0,0,0,0,0.0214067278287462,1,1,0,0.998466257668712,0,0,0.0125984251968504,0,0,0,0,0,0,0,0.00152905198776758,1,0,0,0,0,0,0.00467289719626168,0,0,0.00156494522691706,0,0,1,0,0,0,1,0,0,0.00613496932515337,0,0,0,0.0216049382716049,1,0.0149476831091181,0,0,0,0,0,0,0,0,0,0,0,0,0,0,0,0,0,0,0,0,0,0,0,0.987519500780031,0,1,0.00309597523219814,0,0,0,1,0.00158982511923688,0.00153609831029186,0,0,0,0,0.989180834621329,0,0,0,0,0,0,0,0,0,0,0.0140625,1,0,0.0171875,1,0,0.015015015015015,0.00156985871271586,1,0,0,0,0,0,1,0.0186046511627907,0,0,0,0,0,0,0,0,0,0,0,0,0,0,0,0,0.0031496062992126,0,0.957317073170732,0,0,0,0,0,0,0,0,0,0,0,0,1,0,0.00778816199376947,0,0.951219512195122,0,0,0,0,1,0,0,0,0,0,0,0,0,0,0,1,0,0,0,0,0,0,1,0,0,0,0.0031104199066874,0,0,0,0,1,0,0,0,0,0,0,0,0,0,0,0,0,0.0031055900621118,0,0,0,0,0,0,0,0,0,0,0,0,1,0,0,0,1,0,0.988853503184713,0,0,0,0.996899224806202,0.00928792569659443,0,0,0,0,0,0,0,0,1,0,0.00158478605388273,0,0,0,0,0,0.998463901689708,0,0,0,0,0,0.00626959247648903,0,0.0161290322580645,0.992354740061162,0,0,0,1,0,0.00153846153846154,0,0,0,1,1,0,0,1,0,0.989028213166144,1,1,0,1,0,0.00157232704402516,0.0075642965204236,0,1,1,0,0,0,0,0.996850393700787,0.021505376344086,0,0,0,0,1,0,0,0.00154320987654321,0,1,0,0,0,0.00153609831029186,1,0,0,0,1,0,0,0,0,0,0,0,0,0,0,0.0015748031496063,0,0.989113530326594,0,0,0,0,0.00470219435736677,1,0,0.00317965023847377,0,0,0,0,0,0,0,0,0,1,0,0,0,0.00476947535771065,0,0,0,0,0,0,0,0,0,0.015600624024961,1,1,0,0,0,0,0,0,0,0,0.0179640718562874,1,0,0.0172143974960876,0,0,1,0,0,0,0.00157728706624606,0,0,0,0,0,0.00317460317460317,0,0,0.0174603174603175,0.0203442879499218,0,0,0.992331288343558,0,0,0,0,0,0,0,0.776772247360483,0,1,0.00154798761609907,0,0,0,1,0,0,0,0,0,0,1,1,0,0,0,1,0,0,0.553030303030303,0,0,0.00927357032457496,0,0,0,1,0,0,0,0.00602409638554217,0,0,0.989280245022971,0,0,1,0.00151285930408472,0,0,0,1,0.992295839753467,0,0,0,0,0.989312977099237,0.9984,0,0,0,0,0,0,0,0,0.0063391442155309,0,0,0.996913580246914,0,1,0,0.142172523961661,0.00149925037481259,0,0,1,0,0,0,1,0,1,0,0,1,0.0196374622356495,0,0,0.0015625,0,1,0,0,1,0,0,0,0,0,0,0.00462962962962963,0.0015527950310559,1,0,0.974045801526718,0.0198776758409786,0,0,0,0,0,0.91937984496124,0,0,0,0,0,0,0,1,1,0,1,0,1,0,0,0,0,0,1,0,0,0,0,0,0,0,0,0,0,0,0,0,0,1,0,0.018957345971564,0,0.0293663060278207,0,0,0.00609756097560976,0,0.00158478605388273,0,0,0,0,0,0,0,0,0.00305810397553517,0.989345509893455,0,0,1,0,1,0,1,0,0,0,0,0,0.0015748031496063,0,0.0202177293934681,1,1,0,0,0,1,1,0,0,0,1,0,1,0,0,0.0267295597484277,0,1,0,0,0,0,0,0,0,0.903669724770642,0,1,0,0.992283950617284,0,0,0.342443729903537,1,1,0.00154559505409583,0,0.0107361963190184,0,0,0,0,0,1,0,0,1,0,0,0,0.960426179604262,0,0,0,0,0,0,0,0,0,1,0,0,0.995327102803738,1,0,1,0,0,0,0,0,0.00630914826498423,0.0047244094488189,0,0.954682779456193,0,0.898089171974522,0.973926380368098,1,0.143974960876369,0,0,0.00455235204855842,0,0.955974842767296,0.949618320610687,0,0.97112462006079,0.992088607594937,0.949074074074074,0.969558599695586,0.950617283950617,0,0.966616084977238,0,0,0.95800933125972,0,0.92526158445441,0,0.043956043956044,0,0
"501",0.119426751592357,0.111627906976744,0.140030441400304,0.14785373608903,0.125,0.120192307692308,0.208137715179969,0.134165366614665,0.114114114114114,0,0.104199066874028,0,0.483568075117371,0.108626198083067,0.874613003095975,0.888888888888889,0,0.00313479623824451,0.108832807570978,0.125581395348837,0.856049004594181,0.864433811802233,0.125757575757576,0,0.151326053042122,0.721698113207547,0.837795275590551,0.119236883942766,0.594553706505295,0.394736842105263,0.893846153846154,0.407914764079148,0.314785373608903,0.696400625978091,0,0.106976744186047,0.00772797527047913,0.115562403697997,0.765861027190332,0.196923076923077,0,0.00150829562594268,0,0.10952380952381,0.3216,0.873634945397816,0.552715654952077,0.886075949367089,0.582701062215478,0.803030303030303,0,0.114906832298137,0.819182389937107,0.10126582278481,0.209448818897638,0.773082942097027,0,0.128775834658188,0.153374233128834,0.200305810397554,0.696124031007752,0.610591900311526,0.894321766561514,0,0.192,0.273570324574961,0,0.12,0,0.886435331230284,0.234042553191489,0.882445141065831,0.882170542635659,0.113671274961598,0,0.384036144578313,0.972477064220184,0.476851851851852,0.217252396166134,0.730706075533662,0,0.365891472868217,0.756508422664625,0.101851851851852,0.826771653543307,0.196899224806202,0.113003095975232,0.134969325153374,0.131868131868132,0,0.113418530351438,0.0995334370139969,0,0,0.131537242472266,0,0.695787831513261,0.128125,0,0,0.456656346749226,0,0.753894080996885,0.107644305772231,0.8649468892261,0.1024,0,0.128930817610063,0.899843505477308,0.896604938271605,0.897553516819572,0.178125,0.684867394695788,0.113884555382215,0,0.124042879019908,0.390282131661442,0,0.886153846153846,0.740683229813665,0,0.323529411764706,0.79153605015674,0.841772151898734,0.133956386292835,0.786271450858034,0.109923664122137,0.115625,0,0.521671826625387,0.173981191222571,0.54281098546042,0.12199036918138,0,0.118110236220472,0.885321100917431,0,0.832025117739403,0.441497659906396,0.535143769968051,0,0,0.131987577639752,0.322884012539185,0.7888,0.108661417322835,0.88646967340591,0.185410334346505,0.615873015873016,0.125948406676783,0.844690966719493,0.121351766513057,0.0971786833855799,0.248447204968944,0.106646058732612,0.884493670886076,0.109907120743034,0.888198757763975,0,0.359937402190923,0.224961479198767,0.137285491419657,0.881720430107527,0,0.10806697108067,0.643879173290938,0.110223642172524,0.108527131782946,0.103715170278638,0.692307692307692,0.137715179968701,0.885714285714286,0.157012195121951,0.883861236802413,0.215530903328051,0.644409937888199,0,0.12597200622084,0,0.253846153846154,0.102803738317757,0.841692789968652,0.127527216174184,0.155624036979969,0.120300751879699,0.13677811550152,0.81441717791411,0.666666666666667,0.166936790923825,0.171974522292994,0.905660377358491,0.897081413210445,0.138801261829653,0.231124807395994,0,0,0.744113029827316,0,0.113981762917933,0.727549467275495,0.217322834645669,0.326656394453005,0.115562403697997,0.636650868878357,0.585516178736518,0.769108280254777,0.169781931464174,0.133333333333333,0.223404255319149,0,0.2398753894081,0.839805825242718,0.154330708661417,0.887675507020281,0.840120663650075,0.528593508500773,0.136434108527132,0.123287671232877,0.275808936825886,0.116459627329193,0.203761755485893,0,0.845329249617152,0.422900763358779,0.115506329113924,0,0.124620060790274,0.132730015082956,0.498461538461538,0.510140405616225,0.121069182389937,0.112,0.66304347826087,0,0.210687022900763,0.532710280373832,0.141494435612083,0.887345679012346,0.139393939393939,0.106918238993711,0.104776579352851,0.140157480314961,0.522796352583587,0.908082408874802,0.1421875,0.51468315301391,0.900149031296572,0.886363636363636,0.749221183800623,0.886645962732919,0.847962382445141,0.432432432432432,0.898928024502297,0.884969325153374,0.875981161695447,0.484848484848485,0.854604200323102,0.130232558139535,0,0.89060092449923,0,0.773584905660377,0.113029827315542,0.136363636363636,0.20679012345679,0,0.245192307692308,0.238897396630934,0.40746500777605,0.480857580398162,0.570093457943925,0.551342812006319,0,0.0988835725677831,0.864906832298137,0.407523510971787,0.151898734177215,0.893188854489164,0.353846153846154,0.9,0.832822085889571,0.118618618618619,0.117932148626817,0.206677265500795,0,0.442040185471406,0.198412698412698,0,0.896604938271605,0.203647416413374,0.123028391167192,0,0.889230769230769,0.882262996941896,0.128775834658188,0.221518987341772,0.898894154818325,0,0.645669291338583,0.12480252764613,0.307575757575758,0.638932496075353,0.431007751937985,0.129485179407176,0.893915756630265,0.106646058732612,0.117554858934169,0.884555382215289,0.136923076923077,0.114779874213836,0.13125,0.111801242236025,0.777429467084639,0.809006211180124,0.778996865203762,0.128205128205128,0.144694533762058,0.00928792569659443,0.735849056603774,0.144186046511628,0.7947932618683,0.692889561270802,0.115740740740741,0.109717868338558,0.125776397515528,0.394321766561514,0.10260336906585,0.726006191950464,0.141085271317829,0.105678233438486,0,0.771689497716895,0.518341307814992,0.877742946708464,0.0062111801242236,0.890076335877863,0.186544342507645,0.885802469135803,0.882534775888717,0,0.746835443037975,0.119236883942766,0.844854070660522,0.122383252818035,0.139751552795031,0.120634920634921,0.751937984496124,0.766773162939297,0.39403453689168,0.578606158833063,0,0.270642201834862,0.892911010558069,0.874617737003058,0.829493087557604,0.113207547169811,0.885579937304075,0,0.761310452418097,0.87673343605547,0.906940063091483,0.557453416149068,0.111635220125786,0.712025316455696,0.105519480519481,0.133228840125392,0,0.124437781109445,0.879443585780526,0.10752688172043,0.262166405023548,0.11437908496732,0.890937019969278,0.139817629179331,0.886292834890966,0.216640502354788,0.38351822503962,0.158631415241058,0.12888198757764,0.102803738317757,0.799072642967543,0.137071651090343,0.114503816793893,0.884673748103187,0.872274143302181,0.109375,0.102167182662539,0.684458398744113,0.216923076923077,0.138041733547352,0.149230769230769,0.112633181126332,0,0.818181818181818,0.112828438948995,0.894171779141104,0,0.141065830721003,0,0.866141732283465,0.109756097560976,0.142194744976816,0,0.448818897637795,0.60410094637224,0.129746835443038,0.894568690095847,0.222397476340694,0.104928457869634,0.64622641509434,0.490853658536585,0.321259842519685,0,0.846031746031746,0.133440514469453,0.111111111111111,0.592592592592593,0.0973724884080371,0.13477537437604,0.874608150470219,0,0.128125,0.115987460815047,0.153726708074534,0.392424242424242,0.886996904024768,0.229457364341085,0.738863287250384,0.772504091653028,0,0.448275862068966,0.483464566929134,0.453978159126365,0,0.714968152866242,0.195348837209302,0.43010752688172,0.521472392638037,0.847533632286996,0,0,0.113602391629297,0.134238310708899,0,0.176656151419558,0,0,0,0.101721439749609,0,0.118210862619808,0.322033898305085,0.540419161676647,0.101669195751138,0,0,0.116903633491311,0.143497757847534,0.365705614567527,0.889922480620155,0,0.208588957055215,0.495440729483283,0.103235747303544,0.514637904468413,0.692429022082019,0,0.123475609756098,0.887658227848101,0.16403785488959,0.827315541601256,0,0.890855457227139,0.813953488372093,0.561488673139159,0.134259259259259,0,0.156534954407295,0.127300613496933,0.102446483180428,0,0.835182250396197,0.169407894736842,0.904838709677419,0.105828220858896,0.107197549770291,0.888544891640867,0.0993788819875776,0.772307692307692,0.295665634674923,0.88503937007874,0.817891373801917,0.146189735614308,0,0.891472868217054,0.129829984544049,0.887658227848101,0.432646592709984,0.602564102564103,0,1,0.333868378812199,0.780715396578538,0.12788906009245,0.884080370942813,0.806697108066971,0.570962479608483,0.158610271903323,0.213740458015267,0.140600315955766,0.330143540669856,0,0.12788906009245,0.905864197530864,0.139103554868624,0.665071770334928,0.89041095890411,0.113149847094801,0.106481481481481,0.100313479623824,0.451162790697674,0.134052388289676,0.862284820031299,0.83695652173913,0.160493827160494,0.207692307692308,0,0,0.11353032659409,0.187800963081862,0.908661417322835,0.129541864139021,0.125391849529781,0.693972179289026,0.182250396196513,0.368088467614534,0.197852760736196,0,0.145569620253165,0.674015748031496,0.1078125,0.108695652173913,0,0.434439178515008,0.139937106918239,0.884858044164038,0.405660377358491,0.62962962962963,0.283582089552239,0.394695787831513,0.151197604790419,0.828313253012048,0.122257053291536,0.115030674846626,0.143302180685358,0.706451612903226,0.816793893129771,0.111627906976744,0.104294478527607,0,0.30757341576507,0.596302003081664,0.734789391575663,0.3234375,0.1078125,0.210769230769231,0.110260336906585,0.122511485451761,0.890701468189233,0,0.281931464174455,0.896551724137931,0.882352941176471,0.726283048211509,0,0.119010819165379,0.188736681887367,0.117465224111283,0.114374034003091,0.829113924050633,0.885400313971743,0,0,0.829652996845426,0.850863422291994,0.811320754716981,0,0.884792626728111,0.109737248840804,0.380733944954128,0.754250386398764,0.114779874213836,0.477449455676516,0.131455399061033,0.429447852760736,0.473846153846154,0,0.12,0.675675675675676,0.579527559055118,0.177641653905054,0.123287671232877,0.71937984496124,0,0.148205928237129,0.156060606060606,0,0.1350531107739,0.878086419753086,0.126623376623377,0.576506955177743,0,0,0.572123176661264,0.262422360248447,0.896604938271605,0.814465408805031,0,0,0.328808446455505,0.870458135860979,0.106209150326797,0.695852534562212,0.115677321156773,0.889908256880734,0.63093415007657,0.66403785488959,0.23968253968254,0.826086956521739,0.885625965996909,0,0.858044164037855,0,0.115853658536585,0.737341772151899,0.126696832579186,0.890795631825273,0.11198738170347,0,0.528963414634146,0.576086956521739,0.103076923076923,0,0.110599078341014,0,0.636075949367089,0.128983308042489,0,0.420731707317073,0.131955484896661,0.353407290015848,0.15748031496063,0.883435582822086,0,0.109034267912773,0.735109717868339,0,0.414634146341463,0.88855421686747,0.905487804878049,0.116719242902208,0.115141955835962,0.116843702579666,0.141732283464567,0.13302034428795,0,0.12788906009245,0.00153139356814701,0.667687595712098,0.705069124423963,0.103875968992248,0.115141955835962,0.11791730474732,0.115853658536585,0.0354938271604938,0.88646967340591,0.112359550561798,0.138413685847589,0.370030581039755,0.129429892141757,0.113323124042879,0.131045241809672,0,0,0.128698224852071,0,0.845801526717557,0.00154798761609907,0.148205928237129,0.710651828298887,0.761904761904762,0.960244648318043,0.167456556082148,0,0.859154929577465,0.112307692307692,0.111801242236025,0.464788732394366,0.650887573964497,0.768545994065282,0.796407185628742,0.4375,0.887519260400616,0.827956989247312,0.531782945736434,0.712480252764613,0.37037037037037,0.876175548589342,0,0.890302066772655,0.685805422647528,0.113782051282051,0.423255813953488,0.805135951661631,0.450155763239875,0.228615863141524,0.119815668202765,0.150974025974026,0.12480252764613,0.115689381933439,0.111459968602826,0.499222395023328,0.622900763358779,0.111811023622047,0.887387387387387,0.9,0.219435736677116,0,0.10381679389313,0.124416796267496,0,0.82615629984051,0,0.159375,0,0.130094043887147,0.102643856920684,0.888036809815951,0.258164852255054,0.10752688172043,0.444444444444444,0.476190476190476,0.215288611544462,0,0,0.184,0.167655786350148,0.118098159509202,0,0,0.886942675159236,0.73820395738204,0.522342064714946,0,0.572542901716069,0,0.182677165354331,0.11216429699842,0.774647887323944,0.737404580152672,0,0.668231611893584,0.477379095163807,0.226917057902973,0.140909090909091,0.335394126738794,0.892355694227769,0.125984251968504,0.0772797527047913,0.106687898089172,0,0.130769230769231,0,0.103286384976526,0.875786163522013,0.570739549839228,0,0,0.263565891472868,0.168503937007874,0.175840978593272,0.38796992481203,0.900914634146341,0.888364779874214,0.257009345794392,0.243243243243243,0,0.875394321766562,0.136792452830189,0,0.125195618153365,0.151607963246554,0.847352024922118,0.00773993808049536,0.8921875,0.112612612612613,0.568938193343899,0.841091492776886,0.825196850393701,0.829493087557604,0.395833333333333,0.836858006042296,0.117088607594937,0,0.334379905808477,0.127080181543116,0,0,0.895366218236173,0,0.883830455259027,0.110429447852761,0.390127388535032,0.893987341772152,0.895734597156398,0.511146496815287,0.146456692913386,0.603975535168196,0.00911854103343465,0.896440129449838,0.0554675118858954,0.00934579439252336,0,0.7515625,0.877828054298643,0.888024883359253,0.888544891640867,0.888208269525268,0.00636942675159236,0.0091324200913242,0.878315132605304,0.00778816199376947,0.00157977883096367,0.0326086956521739,0.0108024691358025,0.00773993808049536,0.890092879256966,0.0153846153846154,0.900630914826498,0.888888888888889,0.00792393026941363,0.885400313971743,0.0528700906344411,0.88719512195122,0.822981366459627,0.898330804248862,0.89010989010989
"502",0.743589743589744,0.733226837060703,0.75796178343949,0.769357495881384,0.752079866888519,0.75,0.774557165861514,0.763578274760383,0.7375,0.0032626427406199,0.746388443017656,0.00317460317460317,0.723472668810289,0.73257698541329,0.298217179902755,0.282780410742496,0.0015625,0.0128617363344051,0.733118971061093,0.752791068580542,0.389154704944179,0.281923714759536,0.728571428571429,0.00316957210776545,0.741679873217116,0.482142857142857,0.348726114649682,0.728618421052632,0.6125,0.665610142630745,0.263736263736264,0.81421647819063,0.862745098039216,0.414239482200647,0.00319488817891374,0.740445859872611,0.0219092331768388,0.746500777604977,0.478461538461538,0.70253164556962,0.00324149108589951,0.0110935023771791,0.00638977635782748,0.737864077669903,0.699499165275459,0.278768233387358,0.627642276422764,0.246794871794872,0.568992248062016,0.37245696400626,0.00313479623824451,0.738134206219313,0.451298701298701,0.743506493506494,0.753184713375796,0.382258064516129,0.00163132137030995,0.741042345276873,0.755070202808112,0.818181818181818,0.440191387559809,0.561320754716981,0.26461038961039,0.00323101777059774,0.738287560581583,0.738170347003155,0.00158982511923688,0.732057416267943,0.00157728706624606,0.24297520661157,0.69377990430622,0.258785942492013,0.279935275080906,0.738654147104851,0,0.784496124031008,0.289137380191693,0.656050955414013,0.817886178861789,0.471890971039182,0.00324149108589951,0.798076923076923,0.480559875583204,0.730407523510972,0.339774557165862,0.750798722044728,0.72741935483871,0.75,0.736507936507937,0.00789889415481832,0.7296,0.734177215189873,0.0032626427406199,0.00321543408360129,0.76260162601626,0,0.493610223642172,0.737341772151899,0.008,0.00967741935483871,0.68370607028754,0.00160771704180064,0.495098039215686,0.725779967159278,0.335901386748844,0.726829268292683,0.0065252854812398,0.749598715890851,0.263327948303716,0.259141494435612,0.266666666666667,0.757624398073836,0.527508090614887,0.7328,0.0032258064516129,0.766091051805338,0.821371610845295,0.00313971742543171,0.270142180094787,0.426494345718901,0.00313971742543171,0.871382636655949,0.465709728867624,0.312913907284768,0.733017377567141,0.373205741626794,0.737678855325914,0.731132075471698,0.00322061191626409,0.649038461538462,0.757723577235772,0.577487765089723,0.73257698541329,0.00156494522691706,0.734426229508197,0.278560250391236,0.00159489633173844,0.425806451612903,0.663934426229508,0.628099173553719,0.00333333333333333,0.0032626427406199,0.754385964912281,0.777251184834123,0.393548387096774,0.728896103896104,0.260940032414911,0.749606299212598,0.573529411764706,0.742448330683625,0.380634390651085,0.726384364820847,0.741293532338308,0.707667731629393,0.727272727272727,0.241776315789474,0.730283911671924,0.267100977198697,0.00158478605388273,0.740196078431373,0.841017488076312,0.748006379585327,0.281399046104928,0.00315955766192733,0.73961661341853,0.582922824302135,0.752475247524752,0.744408945686901,0.737520128824477,0.425465838509317,0.759289176090469,0.266025641025641,0.747648902821317,0.267801857585139,0.818770226537217,0.568,0.00326797385620915,0.735247208931419,0.00317965023847377,0.754358161648177,0.742765273311897,0.346905537459283,0.755233494363929,0.748427672955975,0.741835147744946,0.7344,0.334370139968896,0.545454545454545,0.748768472906404,0.747603833865815,0.292721518987342,0.261637239165329,0.742301458670989,0.7664,0.00155763239875389,0.00160771704180064,0.496794871794872,0.00476947535771065,0.736263736263736,0.45125786163522,0.769230769230769,0.730283911671924,0.731782945736434,0.566775244299674,0.531300160513644,0.48371335504886,0.718901453957997,0.743589743589744,0.866454689984102,0.00323624595469256,0.712025316455696,0.4,0.76461038961039,0.263327948303716,0.333853354134165,0.640322580645161,0.731746031746032,0.734472049689441,0.898550724637681,0.746388443017656,0.779904306220096,0.00323101777059774,0.3392,0.720565149136578,0.730210016155089,0.0032,0.735202492211838,0.749221183800623,0.643642072213501,0.607594936708861,0.730031948881789,0.735632183908046,0.538461538461538,0.00328407224958949,0.782677165354331,0.71405750798722,0.758169934640523,0.263823064770932,0.753894080996885,0.7456,0.739403453689168,0.744336569579288,0.577708006279435,0.283387622149837,0.754019292604502,0.6304,0.260061919504644,0.252713178294574,0.366883116883117,0.256,0.382352941176471,0.675,0.255216693418941,0.262321144674086,0.2704,0.673469387755102,0.32952691680261,0.752039151712887,0.0113085621970921,0.264090177133655,0.00158478605388273,0.435275080906149,0.738636363636364,0.736089030206677,0.729903536977492,0.00315457413249211,0.833610648918469,0.706896551724138,0.821543408360129,0.782334384858044,0.646496815286624,0.523026315789474,0.0111821086261981,0.719155844155844,0.354632587859425,0.807248764415156,0.773311897106109,0.271428571428571,0.7056,0.269108280254777,0.3168,0.7328125,0.728333333333333,0.760129659643436,0.00307692307692308,0.678683385579937,0.766881028938907,0.0016,0.251602564102564,0.7609375,0.757575757575758,0.00159235668789809,0.269413629160063,0.2608,0.744749596122779,0.834146341463415,0.262214983713355,0.00162074554294976,0.559808612440191,0.755336617405583,0.752321981424149,0.539936102236422,0.684124386252046,0.731746031746032,0.263492063492063,0.738993710691824,0.7296,0.265040650406504,0.75314465408805,0.743961352657005,0.745513866231648,0.742351046698873,0.395161290322581,0.479430379746835,0.484848484848485,0.745513866231648,0.756137479541735,0.0388802488335925,0.441033925686591,0.768253968253968,0.382165605095541,0.460708782742681,0.745954692556634,0.738437001594896,0.753184713375796,0.735725938009788,0.724191063174114,0.42156862745098,0.758620689655172,0.732786885245902,0.00321027287319422,0.480769230769231,0.640983606557377,0.269789983844911,0.0345368916797488,0.255591054313099,0.735759493670886,0.28006329113924,0.26148969889065,0.0015625,0.4384,0.738211382113821,0.302737520128824,0.754208754208754,0.761674718196457,0.745222929936306,0.496666666666667,0.488599348534202,0.679936305732484,0.570234113712375,0.00156739811912226,0.757575757575758,0.256329113924051,0.295774647887324,0.415605095541401,0.731147540983607,0.2608,0.00318979266347687,0.496,0.259780907668232,0.273615635179153,0.696485623003195,0.737785016286645,0.474631751227496,0.733777038269551,0.730337078651685,0.00156985871271586,0.729770992366412,0.246422893481717,0.732919254658385,0.755627009646302,0.739344262295082,0.282539682539683,0.745682888540031,0.262820512820513,0.687600644122383,0.73581847649919,0.746875,0.732594936708861,0.738095238095238,0.484848484848485,0.747993579454254,0.733438485804416,0.268025078369906,0.27373417721519,0.744262295081967,0.736757624398074,0.495253164556962,0.695859872611465,0.735244519392917,0.76056338028169,0.723101265822785,0.00163934426229508,0.350906095551895,0.729001584786054,0.276083467094703,0.00324675324675325,0.772946859903382,0.00661157024793388,0.290584415584416,0.732394366197183,0.744715447154472,0.00644122383252818,0.672496025437202,0.583468395461912,0.756451612903226,0.246753246753247,0.718901453957997,0.72741935483871,0.551282051282051,0.659305993690852,0.796445880452342,0.00159744408945687,0.386623164763458,0.760975609756098,0.753289473684211,0.597774244833068,0.729166666666667,0.72712146422629,0.274478330658106,0.0016025641025641,0.741784037558685,0.744783306581059,0.7376,0.691455696202532,0.255627009646302,0.830618892508143,0.457006369426752,0.413621262458472,0.00789889415481832,0.707592891760905,0.625607779578606,0.671974522292994,0.00316455696202532,0.461663947797716,0.8042071197411,0.706451612903226,0.67601246105919,0.342064714946071,0.00158227848101266,0.00312989045383412,0.73394495412844,0.726989079563182,0.0016,0.736593059936908,0.00486223662884927,0.00318471337579618,0.0032520325203252,0.739482200647249,0.00316455696202532,0.738916256157635,0.690705128205128,0.637209302325581,0.740973312401884,0.00327868852459016,0.00328407224958949,0.746794871794872,0.75625,0.766823161189358,0.263406940063092,0.0016260162601626,0.754330708661417,0.664025356576862,0.75,0.639810426540284,0.504838709677419,0.00158478605388273,0.742902208201893,0.26797385620915,0.780327868852459,0.312297734627832,0.00158227848101266,0.262422360248447,0.35426731078905,0.547297297297297,0.726415094339623,0.00319488817891374,0.757433489827856,0.750788643533123,0.737756714060032,0.00324149108589951,0.326860841423948,0.748743718592965,0.270315091210614,0.740566037735849,0.731554160125589,0.260596546310832,0.734076433121019,0.502392344497608,0.724247226624406,0.26645264847512,0.38752052545156,0.757624398073836,0.00802568218298555,0.2608,0.746056782334385,0.279731993299833,0.761904761904762,0.6,0.00317965023847377,0.333868378812199,1,0.477987421383648,0.744479495268139,0.252427184466019,0.390127388535032,0.540133779264214,0.759811616954474,0.816745655608215,0.753225806451613,0.739770867430442,0.00323101777059774,0.735015772870662,0.251993620414673,0.725040916530278,0.557983193277311,0.268330733229329,0.740384615384615,0.756058158319871,0.733333333333333,0.674679487179487,0.744372990353698,0.367909238249595,0.415584415584416,0.741100323624595,0.769354838709677,0.003125,0,0.745065789473684,0.737012987012987,0.269480519480519,0.75,0.752365930599369,0.553945249597424,0.740740740740741,0.705211726384365,0.7671875,0.00156739811912226,0.738362760834671,0.52827140549273,0.741573033707865,0.740858505564388,0.0031104199066874,0.697749196141479,0.751219512195122,0.261217948717949,0.75974025974026,0.519047619047619,0.746177370030581,0.725938009787928,0.734059097978227,0.350308641975309,0.748776508972268,0.744408945686901,0.757142857142857,0.497528830313015,0.320967741935484,0.747217806041335,0.7424,0.0078740157480315,0.758675078864353,0.536624203821656,0.470588235294118,0.798045602605863,0.735152487961477,0.731942215088282,0.743264659270998,0.155802861685215,0.254515599343186,0.00317965023847377,0.916666666666667,0.257328990228013,0.261562998405104,0.480830670926518,0.00316957210776545,0.744408945686901,0.776714513556619,0.72972972972973,0.736176935229068,0.341894060995185,0.27140549273021,0.00310077519379845,0.00317460317460317,0.400662251655629,0.323717948717949,0.37037037037037,0,0.246467817896389,0.729430379746835,0.129746835443038,0.480707395498392,0.738916256157635,0.662903225806452,0.7312,0.694968553459119,0.650393700787402,0.00317460317460317,0.732006125574273,0.552504038772213,0.604575163398693,0.784037558685446,0.747634069400631,0.5125,0.00793650793650794,0.764521193092622,0.75748031496063,0.00161290322580645,0.727838258164852,0.272583201267829,0.738693467336683,0.514240506329114,0,0.00801282051282051,0.633333333333333,0.813311688311688,0.26148969889065,0.357259380097879,0.00809061488673139,0.00333333333333333,0.707882534775889,0.273462783171521,0.730578512396694,0.497615262321145,0.735759493670886,0.258620689655172,0.470774091627172,0.520391517128874,0.859934853420195,0.319935691318328,0.267295597484277,0.0032,0.294022617124394,0.00316957210776545,0.736349453978159,0.241721854304636,0.754601226993865,0.267536704730832,0.729549248747913,0.00316455696202532,0.686520376175549,0.59775641025641,0.723370429252782,0.0033112582781457,0.734789391575663,0.00325732899022801,0.552631578947368,0.746500777604977,0.00316957210776545,0.662939297124601,0.744408945686901,0.701612903225806,0.772131147540984,0.290423861852433,0.00316455696202532,0.742496050552923,0.435772357723577,0.00153139356814701,0.818471337579618,0.250391236306729,0.279106858054226,0.736928104575163,0.737704918032787,0.7398753894081,0.719806763285024,0.731078904991948,0.00324675324675325,0.72258064516129,0.0204724409448819,0.5234375,0.4896331738437,0.725552050473186,0.754385964912281,0.743710691823899,0.740445859872611,0.0668789808917197,0.270700636942675,0.725255972696246,0.76303317535545,0.716129032258065,0.74481658692185,0.7504,0.766192733017378,0.003125,0.00311526479750779,0.72824427480916,0.00313971742543171,0.310725552050473,0.00161030595813205,0.749601275917065,0.451400329489292,0.441322314049587,0.359300476947536,0.765079365079365,0.0048,0.341346153846154,0.734726688102894,0.744749596122779,0.656050955414013,0.566615620214395,0.444954128440367,0.386792452830189,0.671544715447154,0.256692913385827,0.344992050874404,0.636942675159236,0.431561996779388,0.718354430379747,0.244019138755981,0.0032626427406199,0.265573770491803,0.517857142857143,0.737357259380098,0.65086887835703,0.446511627906977,0.702028081123245,0.841269841269841,0.719874804381847,0.769867549668874,0.7408,0.748366013071895,0.7508038585209,0.66877971473851,0.572107765451664,0.730769230769231,0.273570324574961,0.266141732283465,0.859450726978998,0.00777604976671851,0.735015772870662,0.727272727272727,0.00324675324675325,0.355481727574751,0.00315457413249211,0.757142857142857,0.00163934426229508,0.761075949367089,0.730031948881789,0.261006289308176,0.708265802269044,0.732394366197183,0.692307692307692,0.655555555555556,0.766233766233766,0.00320512820512821,0.00161812297734628,0.756756756756757,0.742813918305598,0.743348982785602,0.00307692307692308,0,0.25487012987013,0.410296411856474,0.549920760697306,0.00318471337579618,0.627009646302251,0.00313971742543171,0.717781402936378,0.739967897271268,0.380560131795717,0.498427672955975,0.0015527950310559,0.485436893203884,0.6688,0.698872785829308,0.737833594976452,0.717495987158908,0.2656,0.767710049423394,0.0305466237942122,0.733333333333333,0.00161290322580645,0.737421383647799,0.00481540930979133,0.729335494327391,0.275806451612903,0.179445350734095,0.003125,0.0032626427406199,0.909952606635071,0.735440931780366,0.758346581875994,0.6578125,0.266563944530046,0.264943457189015,0.705024311183144,0.688679245283019,0.00160513643659711,0.267515923566879,0.75,0.0015748031496063,0.735880398671096,0.761829652996845,0.318037974683544,0.0271132376395534,0.2496,0.739747634069401,0.577235772357724,0.323717948717949,0.372742200328407,0.350877192982456,0.777408637873754,0.311424100156495,0.746794871794872,0.00317460317460317,0.737678855325914,0.730891719745223,0.00483091787439614,0.00317460317460317,0.258064516129032,0.00160513643659711,0.272292993630573,0.735152487961477,0.66884176182708,0.264462809917355,0.261865793780687,0.656351791530945,0.760195758564437,0.584664536741214,0.0375,0.191803278688525,0.0579470198675497,0.0238095238095238,0.0032258064516129,0.243941841680129,0.258215962441315,0.252045826513912,0.270700636942675,0.25508607198748,0.028006589785832,0.0390625,0.274603174603175,0.0223285486443381,0.00490196078431373,0.0354838709677419,0.0286168521462639,0.0364500792393027,0.275477707006369,0.0256,0.256578947368421,0.273905996758509,0.0292682926829268,0.259554140127389,0.0388198757763975,0.269170579029734,0.273752012882448,0.263803680981595,0.261011419249592
"503",0.275862068965517,0.262910798122066,0.278538812785388,0.314009661835749,0.258320126782884,0.248387096774194,0.342679127725857,0.277777777777778,0.251141552511416,0,0.259659969088099,0,0.575193798449612,0.261829652996845,0.736760124610592,0.755832037325039,0,0.00634920634920635,0.259968102073365,0.266666666666667,0.913846153846154,0.736089030206677,0.273556231003039,0,0.30568356374808,0.680124223602484,0.771653543307087,0.257142857142857,0.687405159332322,0.501538461538461,0.748456790123457,0.539657853810264,0.480252764612954,0.665625,0,0.256568778979907,0.0170015455950541,0.257668711656442,0.841791044776119,0.344036697247706,0.00157232704402516,0.00311526479750779,0.00154083204930663,0.251980982567353,0.449275362318841,0.748822605965463,0.584518167456556,0.753869969040248,0.649546827794562,0.741248097412481,0,0.258730158730159,0.8296875,0.248833592534992,0.351014040561622,0.749601275917065,0,0.26813880126183,0.281972265023112,0.371695178849145,0.677621283255086,0.704334365325077,0.744444444444444,0,0.363492063492063,0.440993788819876,0,0.255813953488372,0,0.734177215189873,0.344512195121951,0.731366459627329,0.75625,0.252293577981651,0,0.52623688155922,0.768292682926829,0.567651632970451,0.36875,0.712887438825449,0,0.517829457364341,0.699395770392749,0.248085758039816,0.761240310077519,0.346094946401225,0.25193199381762,0.28149300155521,0.274539877300614,0,0.270700636942675,0.254658385093168,0,0,0.284345047923323,0,0.838810641627543,0.268445839874411,0.00309597523219814,0.00315955766192733,0.639876352395672,0,0.860095389507154,0.253943217665615,0.833836858006042,0.246815286624204,0,0.272585669781931,0.754358161648177,0.75077399380805,0.751926040061633,0.321372854914197,0.677519379844961,0.261205564142195,0,0.269230769230769,0.520440251572327,0,0.746522411128284,0.691472868217054,0,0.484662576687117,1,0.746774193548387,0.273425499231951,0.737654320987654,0.243865030674847,0.26,0,0.70679012345679,0.317535545023697,0.620253164556962,0.267942583732057,0,0.261146496815287,0.751159196290572,0,0.966772151898734,0.511811023622047,0.7296,0,0,0.280125195618153,0.500782472613459,0.736089030206677,0.244019138755981,0.736593059936908,0.325581395348837,0.63751987281399,0.263636363636364,0.886792452830189,0.270061728395062,0.248397435897436,0.383775351014041,0.244167962674961,0.728,0.25194401244168,0.746894409937888,0,0.516640253565769,0.387692307692308,0.267496111975117,0.733644859813084,0,0.254237288135593,0.667197452229299,0.254428341384863,0.254290171606864,0.24031007751938,0.648148148148148,0.282843894899536,0.755485893416928,0.280060882800609,0.741691842900302,0.347417840375587,0.646788990825688,0,0.258914728682171,0,0.380434782608696,0.256651017214397,0.740506329113924,0.277089783281734,0.310185185185185,0.271493212669683,0.287022900763359,0.767441860465116,0.655015197568389,0.3168,0.311897106109325,0.775038520801233,0.745341614906832,0.278560250391236,0.371913580246914,0,0,0.978125,0.00154320987654321,0.257621951219512,0.712556732223903,0.364649681528662,0.447368421052632,0.264296754250386,0.834375,0.646604938271605,0.955056179775281,0.296583850931677,0.273865414710485,0.36793893129771,0,0.375389408099688,0.928455284552846,0.291731669266771,0.74884437596302,0.738461538461539,0.721792890262751,0.279937791601866,0.274119448698315,0.424100156494523,0.255384615384615,0.373626373626374,0,0.737577639751553,0.567484662576687,0.263823064770932,0,0.251885369532428,0.268588770864947,0.6890625,0.563271604938272,0.260663507109005,0.259319286871961,0.818466353677621,0,0.349618320610687,0.598116169544741,0.286858974358974,0.744976816074189,0.275384615384615,0.247226624405705,0.258859784283513,0.291925465838509,0.565687789799073,0.764612954186414,0.2796875,0.585516178736518,0.754147812971342,0.738931297709924,0.676656151419558,0.749608763693271,0.900473933649289,0.58868501529052,0.749221183800623,0.736923076923077,0.740157480314961,0.665639445300462,0.757188498402556,0.269592476489028,0.00156494522691706,0.741784037558685,0,0.8801261829653,0.273301737756714,0.264296754250386,0.3328173374613,0,0.400313971742543,0.392966360856269,0.518927444794953,0.54375,0.621875,0.6120826709062,0.00155763239875389,0.2416,0.837209302325581,0.538338658146965,0.286833855799373,0.753105590062112,0.474842767295597,0.75,0.735294117647059,0.271493212669683,0.253634894991922,0.341307814992026,0,0.607305936073059,0.346811819595645,0,0.748456790123457,0.348942598187311,0.269592476489028,0,0.764705882352941,0.746894409937888,0.280507131537242,0.377179080824089,0.758508914100486,0,0.817610062893082,0.25625,0.464831804281346,0.657407407407407,0.546603475513428,0.285493827160494,0.743390357698289,0.244309559939302,0.255485893416928,0.740566037735849,0.290571870170015,0.252713178294574,0.283171521035599,0.260869565217391,0.735614307931571,0.822152886115445,0.946236559139785,0.266982622432859,0.309294871794872,0.0139751552795031,0.704113924050633,0.277691107644306,0.720930232558139,0.668181818181818,0.259375,0.259842519685039,0.291350531107739,0.560629921259843,0.238601823708207,0.692913385826772,0.289676425269646,0.240887480190174,0,0.804953560371517,0.696400625978091,0.742990654205608,0.0183206106870229,0.742081447963801,0.319938176197836,0.730886850152905,0.748043818466354,0,0.721439749608764,0.254317111459969,0.747706422018349,0.268921095008052,0.295774647887324,0.266457680250784,0.98740157480315,0.983948635634029,0.510077519379845,0.620915032679739,0,0.425925925925926,0.750759878419453,0.736681887366819,0.855828220858896,0.252351097178683,0.749611197511664,0,0.809006211180124,0.751902587519026,0.761006289308176,0.618380062305296,0.260188087774295,0.691693290734824,0.258064516129032,0.273865414710485,0,0.267254038179148,0.73820395738204,0.258358662613982,0.421947449768161,0.268445839874411,0.763239875389408,0.277777777777778,0.740625,0.364906832298137,0.51033386327504,0.315870570107858,0.26928895612708,0.251184834123223,0.93613707165109,0.296411856474259,0.248854961832061,0.744292237442922,0.747692307692308,0.254317111459969,0.25,0.666149068322981,0.362519201228879,0.279935275080906,0.287480680061824,0.258015267175572,0,0.736593059936908,0.244582043343653,0.748019017432647,0,0.2784,0.00157977883096367,0.732484076433121,0.259938837920489,0.271293375394322,0.00158730158730159,0.632398753894081,0.623839009287926,0.277511961722488,0.743961352657005,0.349922239502333,0.26148969889065,0.741626794258373,0.637747336377473,0.450549450549451,0,0.907120743034056,0.270569620253165,0.269470404984424,0.60061919504644,0.254211332312404,0.26865671641791,0.742902208201893,0,0.273282442748092,0.260530421216849,0.289763779527559,0.506060606060606,0.756211180124224,0.371695178849145,0.704160246533128,0.79344262295082,0.00155763239875389,0.574367088607595,0.563664596273292,0.559375,0,0.704944178628389,0.329133858267717,0.550077041602465,0.569206842923795,0.735820895522388,0,0,0.246676514032496,0.274961597542243,0,0.318885448916409,0,0,0,0.229813664596273,0,0.270700636942675,0.480559875583204,0.725880551301684,0.25,0,0,0.257410296411856,0.302891933028919,0.51468315301391,0.744326777609682,0,0.358118361153263,0.657894736842105,0.265432098765432,0.570996978851964,0.669278996865204,0,0.268217054263566,0.744336569579288,0.302066772655008,0.725552050473186,0,0.754946727549467,0.740445859872611,0.595432300163132,0.276661514683153,0,0.313161875945537,0.276234567901235,0.247720364741641,0,0.759055118110236,0.29016393442623,0.76260162601626,0.248456790123457,0.256880733944954,0.746153846153846,0.240249609984399,0.968895800933126,0.425465838509317,0.750778816199377,0.884858044164038,0.291925465838509,0.00155763239875389,0.751159196290572,0.272727272727273,0.750793650793651,0.564593301435407,0.626749611197512,0,0.780715396578538,0.477987421383648,1,0.273291925465839,0.739938080495356,0.748091603053435,0.642394822006472,0.300153139356815,0.349397590361446,0.287713841368585,0.467408585055644,0,0.264525993883792,0.751902587519026,0.26791277258567,0.802884615384615,0.746177370030581,0.242378048780488,0.253869969040248,0.239567233384853,0.505546751188589,0.269230769230769,0.876971608832808,0.916403785488959,0.315132605304212,0.357698289269051,0,0,0.251968503937008,0.294585987261146,0.7568,0.284126984126984,0.276497695852535,0.909785932721712,0.311111111111111,0.526315789473684,0.345146379044684,0,0.287051482059282,0.833333333333333,0.258215962441315,0.24653312788906,0,0.579439252336449,0.284820031298905,0.740625,0.516640253565769,0.639191290824261,0.42406015037594,0.525821596244131,0.286149162861492,0.729770992366412,0.267628205128205,0.25920245398773,0.277258566978193,0.8336,0.756172839506173,0.256211180124224,0.239938080495356,0.00153374233128834,0.472783825816485,0.637345679012346,0.683962264150943,0.459876543209877,0.251956181533646,0.325,0.258461538461538,0.152542372881356,0.74481658692185,0,0.432348367029549,0.756756756756757,0.735109717868339,0.706624605678233,0,0.274844720496894,0.325652841781874,0.259433962264151,0.253086419753086,0.744582043343653,0.7546875,0,0,0.873417721518987,0.764430577223089,0.736593059936908,0,0.744186046511628,0.247278382581649,0.325190839694657,0.963549920760697,0.259842519685039,0.660578386605784,0.290423861852433,0.541925465838509,0.551145038167939,0,0.247391952309985,0.850863422291994,0.770932069510269,0.333843797856049,0.259720062208398,0.776234567901235,0.0015600624024961,0.2984375,0.299093655589124,0,0.27760736196319,0.752307692307692,0.270096463022508,0.627329192546584,0,0.0015600624024961,0.752039151712887,0.420221169036335,0.748837209302326,0.736089030206677,0.00154559505409583,0.00159744408945687,0.447916666666667,0.757142857142857,0.244019138755981,0.690076335877863,0.255673222390318,0.744712990936556,0.632970451010886,0.654340836012862,0.382677165354331,0.7568,0.746130030959752,0.0015220700152207,0.75,0,0.256410256410256,0.669887278582931,0.273001508295626,0.755485893416928,0.262057877813505,0,0.584992343032159,0.681962025316456,0.253477588871716,0,0.256880733944954,0,0.659163987138264,0.264750378214826,0,0.601246105919003,0.272151898734177,0.429467084639498,0.307692307692308,0.751926040061633,0,0.248833592534992,0.6848,0,0.543913713405239,0.735119047619048,0.75,0.256369426751592,0.249605055292259,0.252679938744257,0.281889763779528,0.274167987321712,0,0.280185758513932,0.00308641975308642,0.835130970724191,0.687595712098009,0.26040061633282,0.255451713395639,0.261467889908257,0.273006134969325,0.0612557427258806,0.75625,0.267857142857143,0.293577981651376,0.503828483920367,0.275541795665635,0.247678018575851,0.281055900621118,0,0,0.273952095808383,0,0.7442218798151,0.0015625,0.284820031298905,0.685761047463175,0.72827804107425,0.801872074882995,0.309262166405024,0.00155763239875389,0.827160493827161,0.25194401244168,0.257318952234206,0.568535825545171,0.834080717488789,0.711077844311377,0.719033232628399,0.516693163751987,0.743431221020093,0.714506172839506,0.708722741433022,0.693023255813954,0.508500772797527,0.749608763693271,0,0.739811912225705,0.839622641509434,0.253125,0.59717868338558,0.899248120300752,0.559006211180124,0.370597243491577,0.259818731117825,0.299837925445705,0.268680445151033,0.267628205128205,0.263239875389408,0.556782334384858,0.643518518518518,0.247692307692308,0.756024096385542,0.745426829268293,0.380804953560372,0.00152439024390244,0.25462962962963,0.262996941896024,0,0.763492063492063,0,0.301857585139319,0,0.275808936825886,0.249607535321821,0.758832565284178,0.384976525821596,0.252679938744257,0.60410094637224,0.630769230769231,0.362790697674419,0,0,0.326366559485531,0.303892215568862,0.270186335403727,0,0,0.733017377567141,0.699386503067485,0.607142857142857,0,0.613601236476043,0,0.308681672025723,0.249605055292259,0.741157556270096,0.702619414483821,0,0.682108626198083,0.54773082942097,0.368421052631579,0.287650602409639,0.476489028213166,0.758241758241758,0.271268057784912,0.088785046728972,0.260450160771704,0,0.268768768768769,0,0.247208931419458,0.7425431711146,0.473851030110935,0,0,0.400611620795107,0.310897435897436,0.297507788161994,0.496217851739788,0.754573170731707,0.738654147104851,0.359567901234568,0.340458015267176,0,0.748031496062992,0.282574568288854,0,0.269230769230769,0.295558958652374,0.757009345794392,0.0137404580152672,0.744186046511628,0.253067484662577,0.601926163723916,0.73094867807154,0.7312,0.72952086553323,0.542857142857143,0.73394495412844,0.262992125984252,0,0.508634222919937,0.267387944358578,0,0,0.755988023952096,0,0.747303543913713,0.252307692307692,0.5,0.763578274760383,0.746875,0.708399366085578,0.293460925039872,0.708074534161491,0.0154559505409583,0.754414125200642,0.0598705501618123,0.0184899845916795,0,0.631578947368421,0.7298937784522,0.737909516380655,0.74079754601227,0.751543209876543,0.0141509433962264,0.0182094081942337,0.741885625965997,0.016793893129771,0.00483091787439614,0.043613707165109,0.0215384615384615,0.0138674884437596,0.755070202808112,0.0278207109737249,0.742448330683625,0.748837209302326,0.0124804992199688,0.739811912225705,0.0563165905631659,0.744186046511628,0.707882534775889,0.748114630467572,0.741784037558685
"504",0.981012658227848,0.976923076923077,0.967492260061919,0.924050632911392,0.9792663476874,0.977382875605816,0.89589905362776,0.972093023255814,0.977134146341463,0,0.972006220839813,0,0.5765625,0.973015873015873,0.061128526645768,0.0278637770897833,0,0.0156985871271586,0.982539682539682,0.967391304347826,0.187697160883281,0.0527156549520767,0.964230171073095,0,0.937308868501529,0.277864992150706,0.137715179968701,0.968051118210863,0.48698315467075,0.702619414483821,0.0229357798165138,0.687010954616588,0.770206022187005,0.279320987654321,0,0.98116169544741,0.0168195718654434,0.972477064220184,0.277611940298507,0.887171561051005,0,0.0184615384615385,0.00618238021638331,0.97741935483871,0.76555023923445,0.0500782472613459,0.538341158059468,0.0235109717868339,0.471927162367223,0.154907975460123,0,0.973354231974922,0.291139240506329,0.976190476190476,0.889415481832543,0.181528662420382,0,0.944794952681388,0.949464012251149,0.905572755417957,0.304953560371517,0.449297971918877,0.023961661341853,0,0.883757961783439,0.828746177370031,0,0.967084639498433,0,0.0220125786163522,0.853168469860896,0.0267716535433071,0.0423197492163009,0.975497702909648,0,0.712765957446808,0.0682170542635659,0.590769230769231,0.892063492063492,0.286195286195286,0,0.706240487062405,0.234303215926493,0.978461538461538,0.129829984544049,0.906441717791411,0.969278033794163,0.954545454545455,0.962121212121212,0.0136986301369863,0.966981132075472,0.972350230414747,0,0,0.961783439490446,0,0.308892355694228,0.973684210526316,0.00762195121951219,0.00947867298578199,0.623639191290824,0,0.302839116719243,0.979527559055118,0.117469879518072,0.976190476190476,0.0126782884310618,0.967492260061919,0.026813880126183,0.0358814352574103,0.0309597523219814,0.904984423676013,0.368421052631579,0.970858895705521,0,0.975497702909648,0.716279069767442,0,0.0250391236306729,0.246081504702194,0,0.77337559429477,0.26530612244898,0.106518282988871,0.961360123647604,0.165898617511521,0.974045801526718,0.973643410852713,0,0.559006211180124,0.919937205651491,0.503987240829346,0.969354838709677,0,0.973270440251572,0.0485584218512898,0,0.235387045813586,0.642405063291139,0.525477707006369,0,0,0.976452119309262,0.759630200308166,0.188197767145136,0.974960876369327,0.0275650842266462,0.913446676970634,0.440251572327044,0.974124809741248,0.148562300319489,0.971473851030111,0.977883096366509,0.831513260530421,0.97360248447205,0.0174603174603175,0.972307692307692,0.0268987341772152,0,0.745253164556962,0.860896445131376,0.959938366718028,0.0479134466769706,0,0.979938271604938,0.462145110410095,0.977812995245642,0.975346687211094,0.976744186046512,0.293129770992366,0.974164133738602,0.0219092331768388,0.958778625954198,0.0227963525835866,0.901898734177215,0.396899224806202,0,0.968503937007874,0,0.838258164852255,0.978328173374613,0.134493670886076,0.992223950233281,0.932707355242567,0.973293768545994,0.959501557632399,0.11937984496124,0.395993836671803,0.916006339144215,0.924409448818898,0.06,0.0325581395348837,0.973101265822785,0.853620955315871,0,0,0.316770186335404,0,0.976993865030675,0.283742331288344,0.874403815580286,0.759630200308166,0.976887519260401,0.44006309148265,0.445635528330781,0.312,0.930708661417323,0.952681388012618,0.875576036866359,0,0.87037037037037,0.195859872611465,0.941732283464567,0.0220820189274448,0.0829493087557604,0.551020408163265,0.959564541213064,0.983024691358025,0.835913312693498,0.973643410852713,0.871835443037975,0,0.0917573872472784,0.659574468085106,0.973058637083994,0,0.972049689440994,0.974085365853659,0.563467492260062,0.570552147239264,0.968895800933126,0.972624798711755,0.379471228615863,0,0.885321100917431,0.527301092043682,0.965023847376789,0.0259146341463415,0.947852760736196,0.97626582278481,0.973101265822785,0.9296875,0.551937984496124,0.0268987341772152,0.965625,0.568567026194145,0.027231467473525,0.0257186081694402,0.221870047543582,0.0297339593114241,0.17879746835443,0.685496183206107,0.0246153846153846,0.0257966616084977,0.0354938271604938,0.593607305936073,0.0524642289348172,0.961722488038278,0.0127591706539075,0.0203125,0,0.23696682464455,0.973143759873618,0.9625,0.891304347826087,0,0.86053882725832,0.842987804878049,0.691107644305772,0.608695652173913,0.4765625,0.461172741679873,0.0123647604327666,0.974921630094044,0.109717868338558,0.6976,0.954186413902054,0.0404354587869362,0.754658385093168,0.031055900621118,0.139280125195618,0.975720789074355,0.972491909385113,0.894654088050314,0,0.654263565891473,0.879120879120879,0,0.0230061349693252,0.892966360856269,0.977812995245642,0,0.0248062015503876,0.0261538461538462,1,0.882165605095541,0.0258899676375405,0,0.396875,0.988941548183254,0.788667687595712,0.408385093167702,0.665086887835703,0.962848297213622,0.0339506172839506,0.97542242703533,0.975308641975309,0.0294117647058824,0.954758190327613,0.973478939157566,0.954186413902054,0.973724884080371,0.196875,0.325688073394495,0.293023255813953,0.96998420221169,0.933006535947712,0.0528771384136858,0.28391167192429,0.968798751950078,0.169811320754717,0.321266968325792,0.975155279503106,0.973058637083994,0.967492260061919,0.702875399361022,0.969512195121951,0.250793650793651,0.95852534562212,0.971337579617834,0,0.332312404287902,0.555555555555556,0.0490506329113924,0.0542635658914729,0.027231467473525,0.909797822706065,0.0402476780185759,0.0201238390092879,0,0.242566510172144,0.971830985915493,0.0833333333333333,0.987117552334944,0.965023847376789,0.976228209191759,0.306122448979592,0.29903536977492,0.683001531393568,0.482084690553746,0,0.809968847352025,0.0398162327718224,0.0682852807283763,0.209302325581395,0.974683544303797,0.0264385692068429,0,0.33641975308642,0.0308166409861325,0.04375,0.485849056603774,0.976744186046512,0.298555377207063,0.974317817014446,0.941915227629513,0,0.977477477477477,0.0198170731707317,0.974242424242424,0.821596244131455,0.974317817014446,0.0358814352574103,0.957251908396947,0.0262345679012346,0.869905956112853,0.704113924050633,0.926717557251908,0.979430379746835,0.973643410852713,0.302652106084243,0.944707740916272,0.97125567322239,0.0245398773006135,0.0452418096723869,0.975961538461538,0.976708074534162,0.35303265940902,0.867601246105919,0.948470209339775,0.944615384615385,0.975384615384615,0,0.134185303514377,0.975193798449612,0.0251177394034537,0,0.958925750394945,0.0110584518167457,0.0707547169811321,0.973846153846154,0.965732087227414,0.00316455696202532,0.634945397815913,0.436420722135008,0.990536277602524,0.0238473767885533,0.866562009419152,0.982200647249191,0.393987341772152,0.60708782742681,0.777602523659306,0,0.178963893249608,0.971563981042654,0.979813664596273,0.4671875,0.975572519083969,0.953871499176277,0.0470219435736677,0,0.996913580246914,0.97007874015748,0.934169278996865,0.691588785046729,0.0268987341772152,0.864433811802233,0.26040061633282,0.190243902439024,0.00613496932515337,0.636220472440945,0.613057324840764,0.615264797507788,0,0.299840510366826,0.910236220472441,0.653312788906009,0.526315789473684,0.108761329305136,0,0,0.977511244377811,0.954337899543379,0,0.920436817472699,0.0125786163522013,0,0,0.976599063962558,0,0.976152623211447,0.78125,0.537404580152672,0.97428139183056,0,0,0.974960876369327,0.954614220877458,0.726027397260274,0.0248447204968944,0.00315955766192733,0.880184331797235,0.604826546003017,0.981366459627329,0.558641975308642,0.370486656200942,0,0.959311424100156,0.0221870047543582,0.942857142857143,0.104761904761905,0,0.0350609756097561,0.126602564102564,0.501623376623377,0.95625,0,0.936170212765957,0.961597542242704,0.973966309341501,0,0.0946372239747634,0.915032679738562,0.0247116968698517,0.975346687211094,0.982998454404946,0.0308641975308642,0.976671850699845,0.316037735849057,0.812213740458015,0.0394321766561514,0.176377952755906,0.952380952380952,0.0109546165884194,0.0276497695852535,0.96030534351145,0.0334928229665072,0.655502392344498,0.396850393700787,0,0.12788906009245,0.744479495268139,0.273291925465839,1,0.0234009360374415,0.179331306990881,0.470016207455429,0.944277108433735,0.886821705426357,0.936708860759494,0.743348982785602,0,0.961832061068702,0.0230414746543779,0.945482866043614,0.40527950310559,0.0228658536585366,0.978461538461538,0.974960876369327,0.978090766823161,0.650238473767886,0.985849056603774,0.141945773524721,0.202211690363349,0.934681181959565,0.881804043545879,0,0,0.976228209191759,0.925278219395866,0.0319488817891374,0.966876971608833,0.992223950233281,0.37962962962963,0.926447574334898,0.739268680445151,0.887537993920973,0,0.953051643192488,0.340729001584786,0.98145285935085,0.979907264296754,0,0.6546875,0.966292134831461,0.026813880126183,0.682965299684543,0.397217928902628,0.805389221556886,0.684126984126984,0.935435435435435,0.101515151515152,0.966346153846154,0.9796875,0.979969183359014,0.30064308681672,0.119565217391304,0.998468606431853,0.973846153846154,0.00771604938271605,0.785932721712538,0.464939024390244,0.282208588957055,0.759375,0.973354231974922,0.876175548589342,0.976958525345622,0.129230769230769,0.0256,0,0.827102803738318,0.0270700636942675,0.0250783699059561,0.2859375,0,0.984615384615385,0.912307692307692,0.976340694006309,0.981481481481482,0.110759493670886,0.0267295597484277,0,0,0.189490445859873,0.0989010989010989,0.173228346456693,0,0.024653312788906,0.978294573643411,0.0200617283950617,0.312202852614897,0.976114649681529,0.597200622083981,0.953198127925117,0.659476117103236,0.625757575757576,0,0.973094170403587,0.412140575079872,0.506289308176101,0.919876733436055,0.976887519260401,0.401869158878505,0.00930232558139535,0.946624803767661,0.949464012251149,0,0.965620328849028,0.0342146189735614,0.972312703583062,0.445820433436532,0,0.00930232558139535,0.531502423263328,0.824451410658307,0.0217391304347826,0.146875,0.0123647604327666,0,0.742033383915023,0.0430622009569378,0.980676328502415,0.338414634146341,0.973765432098765,0.0243161094224924,0.367851622874807,0.323854660347551,0.8672,0.114331723027375,0.029320987654321,0.00157977883096367,0.0583596214511041,0,0.972727272727273,0.0644122383252818,0.975903614457831,0.027027027027027,0.977848101265823,0,0.538343558282209,0.475077881619938,0.978227060653188,0,0.975270479134467,0,0.406003159557662,0.970769230769231,0,0.663622526636225,0.9640625,0.764430577223089,0.947284345047923,0.0597243491577335,0,0.979750778816199,0.277511961722488,0,0.687211093990755,0.0257575757575758,0.0366412213740458,0.97456279809221,0.97752808988764,0.974045801526718,0.966981132075472,0.965023847376789,0,0.957680250783699,0.0245022970903522,0.357361963190184,0.308527131782946,0.986153846153846,0.97191887675507,0.974320241691843,0.966309341500766,0.0527131782945736,0.0407523510971787,0.991883116883117,0.953271028037383,0.721286370597244,0.962732919254658,0.972307692307692,0.96319018404908,0,0,0.961077844311377,0,0.0889570552147239,0,0.942812982998454,0.297427652733119,0.232633279483037,0.134165366614665,0.917981072555205,0,0.120689655172414,0.975039001560062,0.978294573643411,0.629057187017002,0.427927927927928,0.221396731054978,0.203898050974513,0.660436137071651,0.0214395099540582,0.136150234741784,0.563380281690141,0.280507131537242,0.713615023474178,0.0297805642633229,0,0.025,0.331738437001595,0.97933227344992,0.628304821150855,0.242378048780488,0.635514018691589,0.87402799377916,0.969465648854962,0.948717948717949,0.973058637083994,0.977917981072555,0.977812995245642,0.559055118110236,0.445820433436532,0.976816074188563,0.0271493212669683,0.027231467473525,0.8734375,0.0121028744326778,0.978593272171254,0.947692307692308,0,0.128410914927769,0,0.943127962085308,0,0.958268933539413,0.976958525345622,0.0262345679012346,0.843410852713178,0.972222222222222,0.668789808917197,0.635802469135803,0.870109546165884,0,0,0.935275080906149,0.934426229508197,0.984520123839009,0,0,0.0207336523125997,0.24390243902439,0.515576323987539,0,0.456964006259781,0,0.920508744038156,0.972929936305732,0.164296998420221,0.250377073906486,0,0.379585326953748,0.607476635514019,0.84984520123839,0.95475113122172,0.777777777777778,0.0187207488299532,0.987220447284345,0.0155038759689922,0.974842767295597,0,0.970542635658915,0.00934579439252336,0.974683544303797,0.04375,0.0252764612954186,0,0,0.82225656877898,0.903691813804173,0.930981595092024,0.711043872919818,0.0460829493087558,0.0265210608424337,0.823255813953488,0.858662613981763,0,0.0390015600624025,0.951863354037267,0,0.958664546899841,0.951145038167939,0.0876923076923077,0.0416024653312789,0.0187793427230047,0.977029096477795,0.485981308411215,0.0892018779342723,0.122186495176849,0.141975308641975,0.693290734824281,0.108396946564885,0.979969183359014,0,0.762578616352201,0.965996908809892,0.00467289719626168,0,0.0270676691729323,0,0.0267295597484277,0.975232198142415,0.728896103896104,0.0251177394034537,0.0236593059936909,0.556618819776715,0.954041204437401,0.463565891472868,0.0479876160990712,0.0250783699059561,0.0499194847020934,0.0171073094867807,0,0.0500782472613459,0.0276497695852535,0.0219435736677116,0.0398773006134969,0.0199692780337942,0.0495207667731629,0.0597243491577335,0.0383435582822086,0.0182926829268293,0.00645161290322581,0.0248062015503876,0.0246913580246914,0.0583717357910906,0.0283018867924528,0.0203761755485893,0.0206022187004754,0.0263975155279503,0.0454545454545455,0.0248833592534992,0.0234009360374415,0.0282131661442006,0.0527131782945736,0.0256024096385542,0.0279503105590062
"505",0,0,0.0264797507788162,0.0594855305466238,0.0158730158730159,0,0.0984126984126984,0.0235109717868339,0,0,0,0,0.440251572327044,0,0.95583596214511,0.993788819875776,0,0.00157232704402516,0.00314465408805031,0.0140405616224649,0.836734693877551,0.966074313408724,0.0123647604327666,0,0.0449612403100775,0.755555555555556,0.893141945773525,0.00981996726677578,0.537750385208012,0.300940438871473,1,0.314728682170543,0.223809523809524,0.727838258164852,0,0,0.00462249614791988,0.00617283950617284,0.75037147102526,0.0995334370139969,0,0,0,0,0.23202614379085,0.982343499197432,0.488924050632911,1,0.538461538461538,0.866564417177914,0,0.00625978090766823,0.733024691358025,0,0.105263157894737,0.855987055016181,0,0.0253565768621236,0.0420560747663551,0.100931677018634,0.723704866562009,0.57032457496136,1,0,0.100478468899522,0.169036334913112,0,0.00788643533123028,0,1,0.13719512195122,0.996879875195008,0.981132075471698,0,0,0.29249617151608,0.95141065830721,0.440438871473354,0.104430379746835,0.737104825291181,0,0.298461538461538,0.795698924731183,0.0015552099533437,0.885400313971743,0.0944272445820433,0.0047244094488189,0.0344287949921753,0.029320987654321,0,0.016,0,0,0,0.0259319286871961,0,0.67601246105919,0.0217391304347826,0,0,0.378670788253478,0,0.7232,0,0.902587519025875,0,0,0.018957345971564,1,0.996815286624204,0.99075500770416,0.0777777777777778,0.673946957878315,0.0078003120124805,0,0.0125984251968504,0.285491419656786,0,1,0.774647887323944,0,0.227987421383648,0.754716981132076,0.929712460063898,0.0266875981161695,0.848909657320872,0.00309597523219814,0.00312989045383412,0,0.443234836702955,0.0620031796502385,0.522022838499184,0.0110759493670886,0,0.00486223662884927,0.975535168195719,0,0.785373608903021,0.375987361769352,0.457326892109501,0,0,0.0205047318611987,0.235849056603774,0.838709677419355,0,0.99211356466877,0.0765625,0.583061889250814,0.0196969696969697,0.86709886547812,0.0143540669856459,0,0.166407465007776,0.00470219435736677,1,0,1,0,0.267295597484277,0.121913580246914,0.0171875,0.986024844720497,0,0,0.5625,0,0,0,0.727272727272727,0.0203125,0.998435054773083,0.0475460122699387,1,0.0996835443037975,0.639191290824261,0,0.0154798761609907,0,0.160063391442155,0,0.881141045958796,0.0171875,0.0511627906976744,0.00609756097560976,0.021875,0.908385093167702,0.633693972179289,0.0766721044045677,0.0631911532385466,0.941085271317829,0.996870109546166,0.017741935483871,0.131455399061033,0,0,0.7024,0,0,0.751515151515151,0.114285714285714,0.252713178294574,0.00918836140888208,0.563779527559055,0.572093023255814,0.713141025641026,0.0868878357030016,0.0364500792393027,0.116822429906542,0,0.120184899845917,0.829545454545455,0.0572337042925278,1,0.934250764525994,0.450704225352113,0.0268987341772152,0.0206349206349206,0.166926677067083,0.00154083204930663,0.114779874213836,0,0.930708661417323,0.341576506955178,0.00477707006369427,0,0.00924499229583975,0.0151975683890578,0.438871473354232,0.450155763239875,0.0127186009538951,0,0.613312202852615,0,0.103235747303544,0.478193146417445,0.0275526742301459,1,0.0392464678178964,0.00159489633173844,0,0.0501567398119122,0.483771251931994,0.998402555910543,0.0301587301587302,0.462848297213622,0.995405819295559,0.998466257668712,0.799363057324841,1,0.8464,0.332307692307692,1,0.995348837209302,0.992076069730586,0.402457757296467,0.961844197138315,0.0158982511923688,0,1,0,0.7664,0,0.0172413793103448,0.101404056162246,0,0.120772946859903,0.139318885448916,0.317757009345794,0.404388714733542,0.550473186119874,0.537007874015748,0,0,0.910077519379845,0.294788273615635,0.0396196513470681,0.9875,0.25314465408805,0.998425196850394,0.873817034700315,0,0,0.0964630225080386,0,0.35548686244204,0.0998415213946117,0,1,0.0960365853658537,0.01743264659271,0,0.998447204968944,0.998444790046656,0.0207006369426752,0.112179487179487,1,0,0.60410094637224,0.00806451612903226,0.204615384615385,0.616113744075829,0.342313787638669,0.0419906687402799,0.989028213166144,0,0,0.993690851735016,0.0328638497652582,0,0.0240384615384615,0.00313479623824451,0.825545171339564,0.692901234567901,0.720565149136578,0.0193861066235864,0.0579710144927536,0,0.740506329113924,0.0282574568288854,0.85423197492163,0.688922610015175,0.0046801872074883,0.00317965023847377,0.031201248049922,0.305331179321486,0.00309597523219814,0.761526232114467,0.0330188679245283,0.00321543408360129,0,0.686520376175549,0.431561996779388,0.98755832037325,0,0.992354740061162,0.089171974522293,0.975384615384615,1,0,0.782131661442006,0.00634920634920635,0.925515055467512,0.00977198697068404,0.0297805642633229,0.012779552715655,0.715408805031447,0.722132471728595,0.330188679245283,0.544426494345719,0,0.177115987460815,0.989197530864197,0.955315870570108,0.807751937984496,0,0.998444790046656,0,0.682389937106918,0.989113530326594,0.977124183006536,0.522906793048973,0,0.729773462783172,0,0.0299212598425197,0,0.0076103500761035,1,0,0.173913043478261,0,0.985691573926868,0.0227272727272727,1,0.116719242902208,0.29635499207607,0.0496894409937888,0.0125,0,0.714508580343214,0.034375,0,1,0.976377952755906,0,0,0.67601246105919,0.116640746500778,0.0375816993464052,0.046656298600311,0,0,0.878594249201278,0,0.998420221169036,0,0.032,0,0.958664546899841,0,0.0299212598425197,0,0.366197183098592,0.579277864992151,0.0143312101910828,1,0.135483870967742,0.00160513643659711,0.622820919175911,0.390357698289269,0.217665615141956,0,0.847133757961783,0.0208,0,0.561622464898596,0,0.0294599018003273,0.974803149606299,0,0.0125,0.00641025641025641,0.0509554140127389,0.313572542901716,0.993640699523052,0.1264,0.770186335403727,0.804311774461028,0,0.386731391585761,0.411111111111111,0.406940063091483,0,0.722929936305732,0.0910518053375196,0.366771159874608,0.477987421383648,0.914542728635682,0,0,0,0.0230061349693252,0,0.0768025078369906,0,0,0,0.00160771704180064,0,0,0.231611893583725,0.463452566096423,0,0,0,0.00627943485086342,0.037593984962406,0.292259083728278,1,0,0.103235747303544,0.390432098765432,0,0.471228615863142,0.660910518053375,0,0.0203442879499218,1,0.0432692307692308,0.909235668789809,0,0.989247311827957,0.876369327073552,0.530377668308703,0.0249609984399376,0,0.044822256568779,0.0265210608424337,0,0,0.935126582278481,0.0629139072847682,0.99505766062603,0,0,0.990625,0,0.705790297339593,0.195275590551181,0.990275526742301,0.831746031746032,0.0362204724409449,0,1,0.029320987654321,0.995207667731629,0.350157728706625,0.599358974358974,0,0.884080370942813,0.252427184466019,0.739938080495356,0.0234009360374415,1,0.862385321100917,0.552066115702479,0.0569230769230769,0.111791730474732,0.0382775119617225,0.264150943396226,0,0.0170015455950541,1,0.0315955766192733,0.606741573033708,1,0,0,0,0.372019077901431,0.0138461538461538,0.871069182389937,0.814580031695721,0.0616113744075829,0.108832807570978,0,0,0.0093603744149766,0.0669856459330144,0.985781990521327,0.0189873417721519,0.00783699059561128,0.625978090766823,0.0686900958466454,0.269230769230769,0.0969230769230769,0,0.0380952380952381,0.6464,0,0,0,0.364207221350078,0.0244299674267101,1,0.308056872037915,0.61875,0.198473282442748,0.322006472491909,0.0442748091603053,0.914156626506024,0.0174880763116057,0,0.0156739811912226,0.68370607028754,0.880989180834621,0.0062111801242236,0,0,0.216589861751152,0.552262090483619,0.748447204968944,0.235569422776911,0,0.1198738170347,0,0.100463678516229,1,0,0.165869218500797,0.998410174880763,1,0.730829420970266,0,0.00626959247648903,0.0837209302325581,0.0015552099533437,0.00455927051671732,0.914691943127962,1,0,0,0.835772357723577,0.929712460063898,0.844094488188976,0,1,0,0.440677966101695,0.704944178628389,0,0.401234567901235,0.0268987341772152,0.355799373040752,0.380952380952381,0,0,0.605815831987076,0.498407643312102,0.0719754977029096,0.0124416796267496,0.622257053291536,0,0.0502354788069074,0.0457317073170732,0,0.0308166409861325,0.9859375,0.0162866449511401,0.569659442724458,0,0,0.47411003236246,0.160572337042925,1,0.869354838709677,0,0,0.25609756097561,0.974842767295597,0,0.686544342507645,0.0062015503875969,1,0.630841121495327,0.687697160883281,0.125996810207337,0.908794788273616,0.995283018867924,0,0.964516129032258,0,0.00455927051671732,0.816720257234727,0.0151975683890578,0.996794871794872,0,0,0.483969465648855,0.541864139020537,0,0,0.0015527950310559,0,0.616129032258064,0.0109034267912773,0,0.340062111801242,0.0222575516693164,0.249602543720191,0.0415335463258786,0.965785381026439,0,0,0.734076433121019,0,0.314641744548287,1,0.981651376146789,0,0,0.00910470409711684,0.0236593059936909,0.01743264659271,0,0.0232919254658385,0,0.633587786259542,0.721698113207547,0.00623052959501558,0.00634920634920635,0.00772797527047913,0.0093167701863354,0.0248062015503876,0.988817891373802,0.0132231404958678,0.0390015600624025,0.286158631415241,0.0197869101978691,0,0.028391167192429,0,0,0.0177777777777778,0,0.936825885978428,0.0015748031496063,0.0443740095087163,0.721231766612642,0.807073954983923,0.872307692307692,0.08,0,0.90251572327044,0,0,0.373626373626374,0.582450832072617,0.800898203592814,0.823889739663093,0.356230031948882,1,0.885400313971743,0.446031746031746,0.751987281399046,0.306729264475743,0.988993710691824,0,1,0.659235668789809,0,0.325545171339564,0.776595744680851,0.383177570093458,0.116743471582181,0.00927357032457496,0.0392156862745098,0.0223285486443381,0,0.00158730158730159,0.442700156985871,0.590909090909091,0,0.993920972644377,0.992260061919505,0.123824451410658,0,0,0.0282574568288854,0,0.892455858747994,0,0.0500782472613459,0,0.0282131661442006,0,0.992283950617284,0.159055118110236,0,0.344287949921753,0.382126348228043,0.10625,0,0,0.0685154975530179,0.0523168908819133,0.0109717868338558,0,0,1,0.773006134969325,0.496865203761755,0,0.550161812297735,0,0.0810810810810811,0,0.816485225505443,0.766513056835638,0,0.680952380952381,0.420722135007849,0.1375,0.0337423312883436,0.223787167449139,1,0.0113636363636364,0.0845070422535211,0,0,0.0169230769230769,0,0,0.982428115015974,0.646203554119548,0,0,0.170807453416149,0.0725806451612903,0.05625,0.283763277693475,0.974006116207951,0.993650793650794,0.165615141955836,0.165905631659056,0,0.985826771653543,0.0325581395348837,0,0.0161030595813204,0.0447530864197531,0.939873417721519,0,0.998425196850394,0,0.5424,0.925396825396825,0.900158478605388,0.893416927899687,0.310289389067524,0.898773006134969,0,0,0.245192307692308,0.018348623853211,0,0,1,0,1,0,0.287337662337662,1,1,0.453376205787781,0.0399361022364217,0.569858712715856,0,0.99837925445705,0.0452342487883683,0.00622083981337481,0,0.829383886255924,0.99388379204893,0.998405103668262,0.981538461538462,1,0,0,0.984326018808777,0.00475435816164818,0.00324149108589951,0.023696682464455,0.00311526479750779,0,0.992211838006231,0.0110584518167457,1,0.998444790046656,0,0.99198717948718,0.0462249614791988,1,0.924290220820189,0.998466257668712,0.998422712933754
"506",0.14576802507837,0.151468315301391,0.171732522796353,0.211267605633803,0.17007874015748,0.139240506329114,0.2390625,0.172043010752688,0.145038167938931,0,0.145736434108527,0,0.540123456790123,0.142628205128205,0.841538461538462,0.853395061728395,0,0.00154798761609907,0.1424,0.158295281582953,0.800918836140888,0.849358974358974,0.164086687306502,0,0.165390505359877,0.805337519623234,0.821705426356589,0.158059467918623,0.591251885369532,0.398773006134969,0.857791225416036,0.446511627906977,0.363919129082426,0.721286370597244,0,0.136645962732919,0.00758725341426404,0.147692307692308,0.766716196136701,0.214611872146119,0,0,0,0.140625,0.347619047619048,0.856466876971609,0.632970451010886,0.848531684698609,0.604229607250755,0.77645305514158,0,0.14797507788162,0.724349157733537,0.142414860681115,0.243328100470958,0.798412698412698,0,0.172955974842767,0.171993911719939,0.258064516129032,0.76791277258567,0.620060790273556,0.855828220858896,0,0.229199372056515,0.296352583586626,0,0.162287480680062,0,0.843949044585987,0.271212121212121,0.845201238390093,0.859784283513097,0.153729071537291,0,0.420091324200913,0.848942598187311,0.521472392638037,0.244897959183673,0.75487012987013,0,0.4375,0.800911854103343,0.150455927051672,0.790372670807453,0.212765957446809,0.132218844984802,0.170992366412214,0.183076923076923,0,0.158307210031348,0.146564885496183,0,0,0.172897196261682,0,0.707241910631741,0.170015455950541,0,0,0.47887323943662,0,0.732503888024883,0.144427001569859,0.822995461422088,0.148148148148148,0,0.166407465007776,0.863207547169811,0.853168469860896,0.851226993865031,0.225505443234837,0.715160796324655,0.155763239875389,0,0.163109756097561,0.44,0,0.852359208523592,0.735015772870662,0,0.372056514913658,0.757763975155279,0.849445324881141,0.171296296296296,0.782208588957055,0.148036253776435,0.152307692307692,0,0.537519142419602,0.204301075268817,0.552380952380952,0.16380655226209,0,0.140866873065015,0.846504559270517,0,0.777777777777778,0.51937984496124,0.544881889763779,0,0,0.156832298136646,0.375,0.774760383386581,0.151033386327504,0.844375963020031,0.207430340557276,0.643423137876387,0.152671755725191,0.832278481012658,0.156589147286822,0.151799687010955,0.294117647058824,0.14,0.842679127725857,0.139356814701378,0.858490566037736,0,0.378763866877971,0.276018099547511,0.150306748466258,0.846273291925466,0,0.152798789712557,0.617834394904459,0.151273885350318,0.141321044546851,0.143939393939394,0.733736762481089,0.1671826625387,0.862229102167183,0.185975609756098,0.862481315396114,0.245283018867925,0.746564885496183,0,0.164086687306502,0,0.294117647058824,0.140243902439024,0.785266457680251,0.161189358372457,0.199074074074074,0.138345864661654,0.168181818181818,0.825545171339564,0.67921686746988,0.223454833597464,0.198425196850394,0.829230769230769,0.848392036753446,0.164852255054432,0.275541795665635,0,0,0.735759493670886,0,0.149546827794562,0.765765765765766,0.259141494435612,0.37962962962963,0.157421289355322,0.631496062992126,0.580893682588598,0.750392464678179,0.214173228346457,0.186520376175549,0.253067484662577,0,0.239197530864198,0.80188679245283,0.198127925117005,0.85824345146379,0.867781155015198,0.52833078101072,0.174922600619195,0.169954476479514,0.314152410575428,0.151840490797546,0.259659969088099,0,0.870570107858243,0.462121212121212,0.145569620253165,0,0.162287480680062,0.164933135215453,0.513097072419106,0.525037936267071,0.15600624024961,0.13946117274168,0.66156202143951,0,0.243119266055046,0.583987441130298,0.165615141955836,0.871987951807229,0.178082191780822,0.138461538461538,0.148318042813456,0.185647425897036,0.538812785388128,0.858255451713396,0.172573189522342,0.60882800608828,0.849397590361446,0.858433734939759,0.720748829953198,0.857361963190184,0.815165876777251,0.44309559939302,0.854914196567863,0.848392036753446,0.851908396946565,0.481818181818182,0.8375,0.1578125,0,0.849462365591398,0,0.759055118110236,0.149136577708006,0.164341085271318,0.23861852433281,0,0.268025078369906,0.275340393343419,0.464396284829721,0.519260400616333,0.617283950617284,0.552425665101721,0,0.152542372881356,0.834862385321101,0.443561208267091,0.165123456790123,0.851515151515152,0.350387596899225,0.859154929577465,0.814528593508501,0.148260211800303,0.146964856230032,0.241653418124006,0,0.435779816513761,0.243034055727554,0,0.846273291925466,0.225225225225225,0.16875,0,0.855590062111801,0.858006042296072,0.166139240506329,0.258970358814353,0.846275752773376,0,0.655913978494624,0.162939297124601,0.334332833583208,0.663608562691132,0.431061806656101,0.182779456193353,0.841368584758942,0.161094224924012,0.141524105754277,0.854489164086687,0.171212121212121,0.155384615384615,0.166144200626959,0.146645865834633,0.807453416149068,0.710077519379845,0.751159196290572,0.162420382165605,0.205371248025276,0.00764525993883792,0.707165109034268,0.167177914110429,0.872868217054264,0.700892857142857,0.153729071537291,0.151898734177215,0.172093023255814,0.433753943217666,0.137462235649547,0.711388455538221,0.175038051750381,0.150793650793651,0,0.7,0.533965244865719,0.859567901234568,0.00762195121951219,0.840425531914894,0.233128834355828,0.845565749235474,0.855161787365177,0,0.81039755351682,0.147744945567652,0.810344827586207,0.165573770491803,0.176829268292683,0.159126365054602,0.723765432098765,0.7216,0.442006269592476,0.618506493506494,0,0.316923076923077,0.836363636363636,0.840909090909091,0.774691358024691,0.152886115444618,0.847926267281106,0,0.709923664122137,0.84080370942813,0.86031746031746,0.598449612403101,0.147104851330203,0.766929133858268,0.146496815286624,0.168730650154799,0,0.154867256637168,0.846153846153846,0.149546827794562,0.318818040435459,0.14975845410628,0.836702954898911,0.16385911179173,0.856692913385827,0.246511627906977,0.417721518987342,0.199391171993912,0.160606060606061,0.153726708074534,0.739938080495356,0.177847113884555,0.147865853658537,0.853252647503782,0.848531684698609,0.130914826498423,0.159021406727829,0.73353751914242,0.238601823708207,0.177884615384615,0.196018376722818,0.145896656534954,0,0.800627943485086,0.146604938271605,0.850539291217257,0,0.173913043478261,0,0.839874411302983,0.145015105740181,0.164835164835165,0,0.473118279569892,0.703937007874016,0.171383647798742,0.853269537480064,0.267295597484277,0.141252006420546,0.651017214397496,0.483720930232558,0.329153605015674,0,0.819722650231125,0.171073094867807,0.150621118012422,0.678125,0.140888208269525,0.175206611570248,0.846986089644513,0,0.169491525423729,0.154320987654321,0.191780821917808,0.416158536585366,0.869767441860465,0.272868217054264,0.935681470137825,0.754500818330606,0,0.487538940809969,0.491392801251956,0.507692307692308,0,0.747993579454254,0.2326656394453,0.466360856269113,0.599078341013825,0.835082458770615,0,0,0.148588410104012,0.164404223227753,0,0.217928902627512,0,0,0,0.145285935085008,0,0.159055118110236,0.329738058551618,0.53984962406015,0.145015105740181,0,0,0.154198473282443,0.186846038863976,0.407914764079148,0.86,0,0.253435114503817,0.480798771121352,0.149230769230769,0.610091743119266,0.699059561128527,0,0.171032357473035,0.858954041204437,0.18740157480315,0.82015503875969,0,0.842900302114804,0.783570300157978,0.606158833063209,0.167927382753404,0,0.194029850746269,0.172628304821151,0.147919876733436,0,0.822706065318818,0.19935170178282,0.855769230769231,0.138719512195122,0.145896656534954,0.859327217125382,0.145038167938931,0.742236024844721,0.29393468118196,0.839874411302983,0.806603773584906,0.17638036809816,0,0.857805255023184,0.175226586102719,0.849840255591054,0.468847352024922,0.609642301710731,0,0.806697108066971,0.390127388535032,0.748091603053435,0.179331306990881,0.862385321100917,1,0.578947368421053,0.191553544494721,0.256797583081571,0.182527301092044,0.386075949367089,0,0.168949771689498,0.850453172205438,0.162538699690402,0.652996845425868,0.848392036753446,0.143076923076923,0.143518518518519,0.144427001569859,0.517940717628705,0.166407465007776,0.823889739663093,0.8,0.194189602446483,0.258513931888545,0,0,0.149136577708006,0.210776545166403,0.862123613312203,0.169781931464174,0.167441860465116,0.662079510703364,0.194928684627575,0.360374414976599,0.23030303030303,0,0.175193798449612,0.67651632970451,0.151702786377709,0.154798761609907,0,0.458658346333853,0.166929133858268,0.855365474339036,0.433281004709576,0.684698608964451,0.323922734026746,0.437795275590551,0.182352941176471,0.845112781954887,0.159489633173844,0.144186046511628,0.162861491628615,0.708133971291866,0.769828926905132,0.157164869029276,0.137825421133231,0,0.358231707317073,0.630434782608696,0.773993808049536,0.392912172573189,0.14900153609831,0.25,0.151001540832049,0.127272727272727,0.84185303514377,0,0.319444444444444,0.86833855799373,0.86687306501548,0.751152073732719,0,0.160186625194401,0.229607250755287,0.156202143950995,0.149847094801223,0.856920684292379,0.858712715855573,0,0,0.803174603174603,0.825273010920437,0.824806201550388,0,0.859327217125382,0.141321044546851,0.375189107413011,0.715396578538103,0.14576802507837,0.493846153846154,0.177847113884555,0.466049382716049,0.454545454545455,0,0.134020618556701,0.659937888198758,0.559375,0.207575757575758,0.151234567901235,0.659090909090909,0,0.192716236722307,0.18361153262519,0,0.178410794602699,0.849923430321593,0.166666666666667,0.557275541795666,0,0,0.560777957860616,0.313755795981453,0.857798165137615,0.823809523809524,0,0,0.383458646616541,0.849293563579278,0.148626817447496,0.731818181818182,0.146747352496218,0.858877086494689,0.645161290322581,0.848818897637795,0.272727272727273,0.799682034976153,0.842266462480858,0,0.852201257861635,0,0.150829562594268,0.682034976152623,0.166167664670659,0.854003139717425,0.144200626959248,0,0.572932330827068,0.60410094637224,0.149691358024691,0,0.140030441400304,0,0.689274447949527,0.157337367624811,0,0.444444444444444,0.164835164835165,0.407066052227343,0.179080824088748,0.851127819548872,0,0.146604938271605,0.737169517884914,0,0.461656441717791,0.857784431137725,0.841554559043348,0.143307086614173,0.134585289514867,0.158536585365854,0.176744186046512,0.164086687306502,0,0.166666666666667,0.00303951367781155,0.666666666666667,0.748858447488584,0.155384615384615,0.158461538461538,0.146379044684129,0.14567526555387,0.037037037037037,0.862341772151899,0.154952076677316,0.179331306990881,0.40422322775264,0.159021406727829,0.14525993883792,0.179878048780488,0,0,0.152923538230885,0,0.855182926829268,0,0.1875,0.743264659270998,0.969793322734499,0.807633587786259,0.221003134796238,0,0.819875776397516,0.141538461538462,0.153262518968134,0.468217054263566,0.625185185185185,0.760294117647059,0.784522003034901,0.497659906396256,0.847926267281106,0.788343558282209,0.524105754276827,0.713405238828968,0.416158536585366,0.837712519319938,0,0.857594936708861,0.68621236133122,0.132045088566828,0.448698315467075,0.769687964338782,0.482334869431644,0.262839879154079,0.15187969924812,0.18957345971564,0.178018575851393,0.145110410094637,0.145569620253165,0.56786271450858,0.65284178187404,0.137878787878788,0.857355126300149,0.856502242152466,0.278816199376947,0,0.143518518518519,0.174846625766871,0,0.805422647527911,0,0.183385579937304,0,0.175193798449612,0.155251141552511,0.856488549618321,0.269767441860465,0.131578947368421,0.445141065830721,0.480857580398162,0.245723172628305,0,0,0.19935170178282,0.188512518409426,0.164086687306502,0,0,0.869426751592357,0.734042553191489,0.536098310291859,0,0.637345679012346,0,0.220820189274448,0.142857142857143,0.718110236220472,0.760902255639098,0,0.710031347962382,0.549689440993789,0.25193199381762,0.165402124430956,0.340557275541796,0.857142857142857,0.164012738853503,0.0894819466248038,0.136942675159236,0,0.159332321699545,0,0.140625,0.853846153846154,0.543130990415335,0,0,0.307926829268293,0.210110584518167,0.193548387096774,0.375375375375375,0.864661654135338,0.846275752773376,0.297674418604651,0.303437967115097,0,0.850077279752705,0.185243328100471,0,0.156494522691706,0.178947368421053,0.856925418569254,0.00310077519379845,0.850152905198777,0.139817629179331,0.61128526645768,0.844961240310077,0.839116719242902,0.807044410413476,0.427230046948357,0.790519877675841,0.150470219435737,0,0.352201257861635,0.171993911719939,0,0,0.862068965517241,0,0.853658536585366,0.142640364188164,0.393364928909953,0.858034321372855,0.863987635239567,0.528571428571429,0.196923076923077,0.609831029185868,0.00453857791225416,0.847244094488189,0.0458135860979463,0.0108864696734059,0,0.714285714285714,0.844984802431611,0.852255054432348,0.846737481031866,0.853846153846154,0.0047244094488189,0.00906344410876133,0.838167938931298,0.00775193798449612,0.00318979266347687,0.0354391371340524,0.00911854103343465,0.00610687022900763,0.849923430321593,0.0169491525423729,0.863708399366086,0.840625,0.00470219435736677,0.848159509202454,0.0574018126888218,0.857791225416036,0.789230769230769,0.851470588235294,0.846273291925466
"507",0.452861952861953,0.464052287581699,0.456,0.469320066334992,0.447058823529412,0.451505016722408,0.507563025210084,0.452459016393443,0.469453376205788,0,0.441127694859038,0,0.574013157894737,0.451666666666667,0.560855263157895,0.551219512195122,0,0.00821018062397373,0.465,0.469918699186992,0.598694942903752,0.570219966159052,0.461412151067323,0,0.482815057283142,0.581967213114754,0.593851132686084,0.456081081081081,0.698387096774194,0.534621578099839,0.533870967741935,0.565359477124183,0.601990049751244,0.607553366174056,0,0.448445171849427,0.0129449838187702,0.449111470113086,0.610932475884244,0.540930979133226,0,0.00657894736842105,0,0.450081833060556,0.518581081081081,0.567921440261866,0.577371048252912,0.551724137931034,0.619047619047619,0.6578125,0,0.472906403940887,0.633825944170772,0.445723684210526,0.48019801980198,0.597337770382696,0,0.475953565505804,0.455573505654281,0.486970684039088,0.596747967479675,0.703403565640194,0.551894563426689,0,0.574013157894737,0.623164763458401,0,0.473856209150327,0,0.54228855721393,0.502423263327948,0.554471544715447,0.555371900826446,0.4496,0,0.638263665594855,0.561996779388084,0.714983713355049,0.499162479061977,0.60548885077187,0,0.5488,0.601926163723916,0.459807073954984,0.634426229508197,0.491961414790997,0.453507340946166,0.479541734860884,0.462540716612378,0.00317460317460317,0.458881578947368,0.439024390243902,0,0,0.468333333333333,0,0.621187800963082,0.464579901153213,0,0,0.601957585644372,0,0.623140495867769,0.455138662316476,0.580286168521463,0.4321608040201,0.00328947368421053,0.466227347611203,0.556113902847571,0.544117647058823,0.547540983606557,0.473770491803279,0.601626016260163,0.462662337662338,0,0.446254071661238,0.543230016313214,0,0.552287581699346,0.752864157119476,0,0.587064676616915,0.621753246753247,0.574105621805792,0.452459016393443,0.669407894736842,0.456591639871383,0.459415584415584,0,0.622977346278317,0.488524590163934,0.962171052631579,0.454545454545455,0,0.450166112956811,0.558730158730159,0,0.640599001663893,0.553921568627451,0.621392190152801,0,0,0.461038961038961,0.660194174757282,0.637417218543046,0.454695222405272,0.546952224052718,0.484076433121019,0.604414261460102,0.464516129032258,0.598673300165838,0.462418300653595,0.446666666666667,0.553571428571429,0.448675496688742,0.54228855721393,0.439868204283361,0.554276315789474,0,0.691927512355848,0.499194847020934,0.462662337662338,0.547619047619048,0,0.440129449838188,0.599337748344371,0.473333333333333,0.454106280193237,0.448387096774194,0.575806451612903,0.441033925686591,0.557911908646003,0.488924050632911,0.562401263823065,0.479338842975207,0.576051779935275,0,0.459770114942529,0,0.554828150572831,0.443894389438944,0.672158154859967,0.448387096774194,0.47741935483871,0.460691823899371,0.491228070175439,0.591205211726384,0.592233009708738,0.492462311557789,0.491554054054054,0.56953642384106,0.521880064829822,0.459546925566343,0.482871125611745,0,0,0.646280991735537,0,0.456279809220986,0.603833865814696,0.46969696969697,0.568659127625202,0.460191082802548,0.637729549248748,0.970826580226904,0.650741350906096,0.454545454545455,0.459016393442623,0.480645161290323,0,0.512861736334405,0.607321131447587,0.464882943143813,0.542009884678748,0.562599049128368,0.627642276422764,0.459901800327332,0.459677419354839,0.54726368159204,0.450479233226837,0.563725490196078,0,0.565008025682183,0.693163751987281,0.450166112956811,0,0.4375,0.462992125984252,0.62012987012987,0.574468085106383,0.436988543371522,0.462809917355372,0.642276422764228,0,0.488038277511962,0.599667774086379,0.464646464646465,0.540453074433657,0.47258064516129,0.439597315436242,0.453376205787781,0.495049504950495,0.573717948717949,0.544117647058823,0.457928802588997,0.557536466774716,0.539936102236422,0.522906793048973,0.548281505728314,0.560777957860616,0.592409240924092,0.560897435897436,0.551324503311258,0.554848966613672,0.554471544715447,0.593851132686084,0.559121621621622,0.482758620689655,0.00329489291598023,0.544117647058823,0,0.600665557404326,0.458609271523179,0.457990115321252,0.491883116883117,0,0.481481481481481,0.599681020733652,0.546644844517185,0.576547231270358,0.579901153212521,0.946843853820598,0.00326797385620915,0.450915141430948,0.573505654281099,0.559663865546218,0.480582524271845,0.55448717948718,0.547107438016529,0.545901639344262,0.576051779935275,0.458914728682171,0.468590831918506,0.483388704318937,0,0.599033816425121,0.470209339774557,0,0.546042003231018,0.47444089456869,0.4375,0,0.568627450980392,0.551612903225806,0.471571906354515,0.501677852348993,0.552587646076795,0,0.617886178861789,0.467105263157895,0.531300160513644,0.591935483870968,0.584307178631052,0.446570972886762,0.547811993517018,0.464856230031949,0.449275362318841,0.544117647058823,0.465266558966074,0.452892561983471,0.470394736842105,0.465460526315789,0.635467980295567,0.626229508196721,0.640322580645161,0.44,0.485049833887043,0.0210355987055016,0.779632721202003,0.461920529801325,0.586885245901639,0.785826771653543,0.465798045602606,0.478688524590164,0.479608482871126,0.691919191919192,0.457326892109501,0.771381578947368,0.476650563607085,0.443507588532884,0,0.630541871921182,0.587939698492462,0.555194805194805,0.0243506493506494,0.547770700636943,0.482926829268293,0.548231511254019,0.551219512195122,0,0.625407166123778,0.456026058631922,0.607553366174056,0.485714285714286,0.468292682926829,0.457236842105263,0.643449419568823,0.639593908629442,0.680602006688963,0.581911262798635,0,0.596122778675283,0.551834130781499,0.559677419354839,0.585326953748006,0.46089850249584,0.550161812297735,0,0.630818619582664,0.5472,0.556478405315615,0.563973063973064,0.450819672131148,0.607201309328969,0.453310696095076,0.473684210526316,0,0.459876543209877,0.532258064516129,0.459069020866774,0.60129659643436,0.469491525423729,0.538714991762768,0.474714518760196,0.553156146179402,0.580645161290323,0.523809523809524,0.520064205457464,0.454545454545455,0.447540983606557,0.640983606557377,0.489291598023064,0.434504792332268,0.542901716068643,0.559543230016313,0.450915141430948,0.466129032258065,0.599348534201954,0.59771986970684,0.460370994940978,0.491171749598716,0.457050243111831,0,0.568561872909699,0.459677419354839,0.546511627906977,0,0.463054187192118,0.00164744645799012,0.55366269165247,0.458804523424879,0.458745874587459,0,0.596375617792422,0.581168831168831,0.456375838926175,0.54222972972973,0.502454991816694,0.442211055276382,0.687603305785124,0.59805510534846,0.524916943521595,0,0.600331674958541,0.441077441077441,0.460032626427406,0.572831423895254,0.456451612903226,0.452961672473868,0.553745928338762,0,0.462757527733756,0.459770114942529,0.486970684039088,0.639109697933227,0.556836902800659,0.491027732463295,0.580487804878049,0.581196581196581,0,0.704013377926421,0.590082644628099,0.546492659053834,0,0.580536912751678,0.498360655737705,0.670454545454545,0.577170418006431,0.573482428115016,0,0,0.445839874411303,0.481012658227848,0,0.490998363338789,0.00332778702163062,0,0,0.452420701168614,0,0.455611390284757,0.556280587275693,0.624405705229794,0.444620253164557,0,0,0.464926590538336,0.490683229813665,0.650974025974026,0.547811993517018,0,0.47557003257329,0.587662337662338,0.460655737704918,0.57484076433121,0.576797385620915,0,0.452648475120385,0.564625850340136,0.476897689768977,0.568659127625202,0,0.538216560509554,0.615894039735099,0.684210526315789,0.467532467532468,0,0.478330658105939,0.452032520325203,0.446078431372549,0,0.570957095709571,0.514480408858603,0.541737649063032,0.441558441558442,0.444444444444444,0.558064516129032,0.440129449838188,0.639934533551555,0.522022838499184,0.551219512195122,0.596283783783784,0.488562091503268,0.00325732899022801,0.55735056542811,0.479674796747967,0.548060708263069,0.66722972972973,0.504078303425775,0,0.570962479608483,0.540133779264214,0.642394822006472,0.470016207455429,0.552066115702479,0.578947368421053,1,0.475279106858054,0.482200647249191,0.470784641068447,0.638190954773869,0,0.475120385232745,0.556270096463023,0.476897689768977,0.626890756302521,0.553945249597424,0.433656957928803,0.459770114942529,0.443521594684385,0.549180327868853,0.45771144278607,0.583056478405316,0.601328903654485,0.457792207792208,0.473856209150327,0,0,0.449832775919732,0.472268907563025,0.544715447154472,0.457851239669421,0.466129032258065,0.646677471636953,0.472817133443163,0.559210526315789,0.479740680713128,0,0.45393634840871,0.616528925619835,0.461788617886179,0.441127694859038,0,0.728925619834711,0.455298013245033,0.548599670510708,0.614093959731544,0.607085346215781,0.615384615384615,0.535,0.496111975116641,0.562401263823065,0.460236886632826,0.456168831168831,0.455138662316476,0.626485568760611,0.537190082644628,0.457050243111831,0.440842787682334,0.00163934426229508,0.641693811074919,0.698541329011345,0.603559870550162,0.521809369951535,0.44281045751634,0.495033112582781,0.457928802588997,0.138211382113821,0.543147208121827,0,0.526402640264026,0.533996683250415,0.544715447154472,0.61525974025974,0,0.469453376205788,0.497615262321145,0.442276422764228,0.467637540453074,0.580267558528428,0.542622950819672,0,0,0.605610561056106,0.562189054726368,0.585760517799353,0,0.540584415584416,0.448717948717949,0.22488038277512,0.644891122278057,0.453047775947282,0.609756097560976,0.479061976549414,0.541871921182266,0.550793650793651,0,0.465299684542587,0.643697478991597,0.647840531561462,0.47588424437299,0.447665056360709,0.608626198083067,0.0016260162601626,0.450331125827815,0.475040257648953,0,0.477848101265823,0.540322580645161,0.461920529801325,0.943548387096774,0,0.0032520325203252,0.647359454855196,0.501650165016502,0.551386623164764,0.568333333333333,0.00324149108589951,0,0.532385466034755,0.559265442404007,0.44839255499154,0.605177993527508,0.460443037974684,0.542071197411003,0.59771986970684,0.576923076923077,0.5,0.618729096989967,0.540098199672668,0,0.562189054726368,0,0.454833597464342,0.456706281833616,0.441497659906396,0.549833887043189,0.448739495798319,0,0.5728,0.68976897689769,0.445528455284553,0,0.460674157303371,0,0.611486486486487,0.4576,0,0.588996763754045,0.463576158940397,0.517741935483871,0.470978441127695,0.561093247588424,0,0.437704918032787,0.634551495016611,0,0.569377990430622,0.531446540880503,0.558917197452229,0.455592105263158,0.450331125827815,0.461661341853035,0.450980392156863,0.454695222405272,0,0.475409836065574,0.00645161290322581,0.623003194888179,0.6,0.464696223316913,0.454106280193237,0.450793650793651,0.4528,0.0563607085346216,0.548701298701299,0.448979591836735,0.467532467532468,0.676282051282051,0.472402597402597,0.451043338683788,0.460547504025765,0,0,0.462519936204147,0,0.566775244299674,0.00165289256198347,0.467213114754098,0.602348993288591,0.57504215851602,0.582113821138211,0.512355848434926,0.00164203612479475,0.57843137254902,0.459901800327332,0.462035541195477,0.545008183306056,0.650546021840874,0.64451313755796,0.582539682539683,0.548281505728314,0.56140350877193,0.588045234248788,0.607907742998353,0.786885245901639,0.662379421221865,0.546341463414634,0,0.537704918032787,0.629139072847682,0.448160535117057,0.561258278145695,0.613526570048309,0.699675324675325,0.488636363636364,0.435691318327974,0.469899665551839,0.45320197044335,0.478333333333333,0.449419568822554,0.58112582781457,0.580327868852459,0.451342281879195,0.55868544600939,0.549363057324841,0.520391517128874,0.00321027287319422,0.469155844155844,0.480582524271845,0,0.626689189189189,0,0.477759472817133,0,0.455716586151369,0.461538461538462,0.543859649122807,0.519607843137255,0.454838709677419,0.563973063973064,0.567961165048544,0.495812395309883,0,0,0.482112436115843,0.470866141732283,0.465709728867624,0,0,0.54468802698145,0.745161290322581,1,0,0.592654424040067,0,0.471571906354515,0.461157024793388,0.565289256198347,0.622222222222222,0,0.613333333333333,0.577557755775578,0.616260162601626,0.476114649681529,0.527638190954774,0.538211382113821,0.452100840336134,0.0618892508143322,0.447412353923205,0,0.464516129032258,0.0016260162601626,0.465116279069767,0.567656765676568,0.325619834710744,0,0,0.5248,0.514382402707276,0.457095709570957,0.724193548387097,0.54414125200642,0.541038525963149,0.504838709677419,0.49203821656051,0,0.548657718120805,0.474631751227496,0,0.457429048414023,0.471153846153846,0.584564860426929,0.017741935483871,0.555737704918033,0.440381558028617,0.551666666666667,0.561688311688312,0.576470588235294,0.581168831168831,0.644518272425249,0.623987034035656,0.449346405228758,0,0.669407894736842,0.47741935483871,0,0,0.55379746835443,0,0.55663430420712,0.447194719471947,0.567114093959732,0.550580431177446,0.547697368421053,0.617056856187291,0.455611390284757,0.720588235294118,0.0224719101123595,0.534223706176962,0.0515806988352745,0.0132013201320132,0,0.462171052631579,0.557299843014129,0.548123980424144,0.557911908646003,0.561996779388084,0.0232945091514143,0.0227272727272727,0.556280587275693,0.0161812297734628,0.00496688741721854,0.0260586319218241,0.0165016501650165,0.024232633279483,0.562398703403566,0.0162866449511401,0.551839464882943,0.538079470198676,0.020066889632107,0.555189456342669,0.0429936305732484,0.558064516129032,0.52741935483871,0.5515625,0.548013245033113
"508",0.954898911353033,0.940729483282675,0.943768996960486,0.920807453416149,0.960063897763578,0.95,0.881435257410296,0.948275862068966,0.944858420268256,0,0.945371775417299,0,0.583717357910906,0.945736434108527,0.0940819423368741,0.0639269406392694,0,0.0170015455950541,0.94794952681388,0.93587786259542,0.208206686930091,0.093603744149766,0.935975609756098,0,0.918305597579425,0.299382716049383,0.149162861491629,0.942457231726283,0.497744360902256,0.692771084337349,0.0523168908819133,0.719512195121951,0.787037037037037,0.324655436447167,0,0.957251908396947,0.0148148148148148,0.945864661654135,0.313323572474378,0.871064467766117,0.00153139356814701,0.0150829562594268,0.00455927051671732,0.946564885496183,0.795918367346939,0.0804416403785489,0.5734375,0.0570987654320988,0.502242152466368,0.16966966966967,0,0.940639269406393,0.315950920245399,0.950310559006211,0.863914373088685,0.21216848673947,0,0.931993817619784,0.924242424242424,0.907153729071537,0.328220858895706,0.458841463414634,0.0497667185069984,0,0.88062015503876,0.814589665653495,0,0.938461538461538,0,0.0590062111801242,0.867283950617284,0.0602782071097372,0.0665634674922601,0.950226244343891,0,0.730015082956259,0.0876132930513595,0.604261796042618,0.874806800618238,0.319148936170213,0,0.741691842900302,0.254814814814815,0.945022288261516,0.15220700152207,0.910741301059002,0.955792682926829,0.939393939393939,0.927492447129909,0.00449101796407186,0.959627329192547,0.946808510638298,0,0,0.936532507739938,0,0.337442218798151,0.940998487140696,0.00451807228915663,0.00606980273141123,0.635811836115326,0,0.325115562403698,0.944099378881988,0.15327380952381,0.949526813880126,0.00619195046439629,0.942161339421613,0.0592705167173252,0.0563165905631659,0.0537634408602151,0.883969465648855,0.389312977099237,0.942812982998454,0,0.955453149001536,0.736681887366819,0,0.0553846153846154,0.283720930232558,0,0.790951638065523,0.287250384024578,0.123630672926448,0.969879518072289,0.18361153262519,0.944444444444444,0.946889226100152,0,0.568421052631579,0.922256097560976,0.506998444790047,0.942635658914729,0,0.9453125,0.0689655172413793,0,0.26646248085758,0.686244204018547,0.537242472266244,0,0,0.969325153374233,0.768181818181818,0.208137715179969,0.948091603053435,0.0523882896764253,0.919207317073171,0.46676970633694,0.946348733233979,0.188767550702028,0.945454545454545,0.942277691107644,0.81969696969697,0.95,0.0517241379310345,0.943854324734446,0.0563165905631659,0,0.749230769230769,0.865067466266867,0.947049924357035,0.062874251497006,0,0.946727549467275,0.496124031007752,0.946117274167987,0.946808510638298,0.952671755725191,0.329359165424739,0.968373493975904,0.0474006116207951,0.92433234421365,0.0522388059701493,0.885802469135803,0.42185128983308,0,0.932926829268293,0,0.831818181818182,0.94856278366112,0.161290322580645,0.961656441717791,0.922960725075529,0.941262848751836,0.934749620637329,0.141104294478528,0.421052631578947,0.920489296636086,0.914196567862715,0.101382488479263,0.0597243491577335,0.942006269592476,0.847222222222222,0,0,0.342507645259939,0.00152439024390244,0.951219512195122,0.311844077961019,0.862229102167183,0.761194029850746,0.950965824665676,0.478527607361963,0.461769115442279,0.3453125,0.889739663093415,0.923664122137405,0.859701492537313,0,0.862121212121212,0.225,1,0.0583717357910906,0.126139817629179,0.575342465753425,0.938931297709924,0.946188340807175,0.833333333333333,0.955384615384615,0.882896764252696,0,0.128012048192771,0.681203007518797,0.953125,0,0.939301972685888,0.949329359165425,0.584615384615385,0.582822085889571,0.937116564417178,0.9453125,0.397553516819572,0,0.871833084947839,0.568778979907264,0.949367088607595,0.055045871559633,0.957511380880121,0.948091603053435,0.947447447447447,0.917177914110429,0.563636363636364,0.0559006211180124,0.948170731707317,0.597579425113464,0.0617647058823529,0.0564635958395245,0.243788819875776,0.0547112462006079,0.198127925117005,0.680059523809524,0.0544629349470499,0.0544629349470499,0.0539730134932534,0.609538002980626,0.0895061728395062,0.96417445482866,0.00615384615384615,0.0474732006125574,0,0.265116279069767,0.942006269592476,0.937595129375951,0.908116385911179,0,0.870716510903427,0.838323353293413,0.716486902927581,0.641337386018237,0.482388973966309,0.46417445482866,0.00757575757575758,0.944012441679627,0.143730886850153,0.729133858267716,0.932307692307692,0.0651515151515152,0.74347158218126,0.0565749235474006,0.164156626506024,0.946666666666667,0.947867298578199,0.883076923076923,0,0.655172413793103,0.868012422360248,0,0.0546282245827011,0.874813710879285,0.945652173913043,0,0.0590015128593041,0.0514372163388805,0.951334379905808,0.891472868217054,0.0579937304075235,0,0.422664624808576,0.953343701399689,0.806938159879336,0.439024390243902,0.659476117103236,0.931714719271624,0.0579268292682927,0.946889226100152,0.947852760736196,0.0552995391705069,0.962852897473997,0.949464012251149,0.93217665615142,0.944024205748865,0.225114854517611,0.340874811463047,0.327718223583461,0.942367601246106,0.908517350157729,0.0409090909090909,0.308641975308642,0.947530864197531,0.20392749244713,0.341791044776119,0.951293759512938,0.948837209302326,0.963302752293578,0.709984152139461,0.938530734632684,0.289230769230769,0.941176470588235,0.94556765163297,0,0.356707317073171,0.559190031152648,0.0662557781201849,0.0436746987951807,0.0625931445603577,0.888208269525268,0.0652503793626707,0.047040971168437,0,0.276758409785933,0.952012383900929,0.107197549770291,0.953525641025641,0.942684766214178,0.951070336391437,0.322137404580153,0.33125,0.69218989280245,0.502377179080824,0,0.817619783616692,0.0630630630630631,0.0901033973412112,0.244309559939302,0.956454121306376,0.0625,0,0.372881355932203,0.0608308605341246,0.0712121212121212,0.494704992435703,0.952380952380952,0.332814930015552,0.934609250398724,0.915384615384615,0,0.951683748169839,0.0512048192771084,0.944693572496263,0.820276497695853,0.94794952681388,0.0614439324116743,0.928251121076233,0.0495495495495495,0.851063829787234,0.741486068111455,0.914414414414414,0.951070336391437,0.938080495356037,0.323076923076923,0.925076452599388,0.946401225114854,0.048048048048048,0.0795107033639144,0.947286821705426,0.943939393939394,0.376327769347496,0.841149773071104,0.924646781789639,0.960606060606061,0.95352323838081,0,0.168486739469579,0.953172205438066,0.0519083969465649,0,0.940902021772939,0.00469483568075117,0.0954545454545455,0.946268656716418,0.938931297709924,0.00311526479750779,0.644067796610169,0.467275494672755,0.944272445820433,0.0488188976377953,0.84984520123839,0.94794952681388,0.407874015748032,0.619909502262443,0.805255023183926,0,0.202492211838006,0.949230769230769,0.954198473282443,0.494688922610015,0.94954128440367,0.924071082390953,0.0828220858895705,0.00151745068285281,0.951367781155015,0.952160493827161,0.927382753403933,0.706325301204819,0.0491551459293395,0.861963190184049,0.276176024279211,0.23444976076555,0.0029940119760479,0.647515527950311,0.62888198757764,0.662632375189107,0,0.330218068535826,0.881538461538461,0.668188736681887,0.564220183486238,0.126843657817109,0,0,0.948604992657856,0.927272727272727,0,0.896764252696456,0.00459418070444104,0,0,0.942073170731707,0,0.948757763975155,0.788253477588872,0.555555555555556,0.946969696969697,0,0,0.952599388379205,0.930163447251114,0.743550834597876,0.0497737556561086,0,0.856707317073171,0.612951807228916,0.952307692307692,0.577677224736048,0.389751552795031,0,0.948406676783004,0.0585516178736518,0.947932618683001,0.14064914992272,0,0.0649546827794562,0.157814871016692,0.512861736334405,0.946401225114854,0,0.932253313696613,0.944108761329305,0.95,0,0.127496159754224,0.898222940226171,0.0591054313099042,0.944444444444444,0.945454545454545,0.0600924499229584,0.951293759512938,0.344563552833078,0.796352583586626,0.0619195046439628,0.215962441314554,0.958588957055215,0.00460829493087558,0.0563165905631659,0.945619335347432,0.0618066561014263,0.688372093023256,0.430955993930197,0,0.158610271903323,0.759811616954474,0.300153139356815,0.944277108433735,0.0569230769230769,0.191553544494721,0.475279106858054,1,0.876488095238095,0.927469135802469,0.758942457231726,0,0.935338345864662,0.0531914893617021,0.918836140888208,0.43217665615142,0.0597014925373134,0.945288753799392,0.951219512195122,0.949386503067485,0.689969604863222,0.949771689497717,0.171561051004637,0.230529595015576,0.915514592933948,0.866057838660578,0,0,0.949308755760369,0.928012519561815,0.0619195046439628,0.95046439628483,0.949386503067485,0.4051593323217,0.90077519379845,0.73469387755102,0.865671641791045,0,0.930555555555556,0.36833855799373,0.947692307692308,0.947852760736196,0,0.65891472868217,0.939907550077042,0.055045871559633,0.692901234567901,0.429007633587786,0.803493449781659,0.728706624605678,0.919236417033774,0.138187221396731,0.929577464788732,0.955589586523737,0.948091603053435,0.333333333333333,0.147692307692308,0.953030303030303,0.945945945945946,0.00302571860816944,0.796661608497724,0.48644578313253,0.314814814814815,0.787461773700306,0.943425076452599,0.85258358662614,0.953453453453453,0.135135135135135,0.0615141955835962,0,0.820121951219512,0.0535987748851455,0.0502283105022831,0.330815709969789,0,0.948795180722892,0.918552036199095,0.943683409436834,0.948948948948949,0.148091603053435,0.0585516178736518,0,0,0.21608832807571,0.12210200927357,0.201848998459168,0,0.0422322775263952,0.937689969604863,0.0345345345345345,0.328220858895706,0.938176197836167,0.609494640122512,0.922955974842767,0.693693693693694,0.670133729569094,0,0.944444444444444,0.433229813664596,0.536363636363636,0.898355754857997,0.951734539969834,0.428571428571429,0.0060790273556231,0.941448382126348,0.935338345864662,0,0.935724962630792,0.0704441041347626,0.944178628389155,0.445966514459665,0,0.00453857791225416,0.552922590837283,0.843939393939394,0.0542168674698795,0.194744976816074,0.00615384615384615,0.00158730158730159,0.75,0.0642633228840125,0.947535771065183,0.365817091454273,0.950524737631184,0.0528700906344411,0.421212121212121,0.34375,0.851097178683386,0.145339652448657,0.052710843373494,0.00152671755725191,0.0967238689547582,0,0.944525547445256,0.0751173708920188,0.951327433628319,0.0606531881804044,0.942277691107644,0,0.54954954954955,0.490015360983103,0.943338437978561,0,0.943683409436834,0,0.442218798151002,0.949479940564636,0,0.663157894736842,0.942724458204334,0.799691833590139,0.936630602782071,0.086890243902439,0,0.948795180722892,0.309968847352025,0,0.709531013615734,0.0461997019374069,0.0616541353383459,0.947122861586314,0.952086553323029,0.947447447447447,0.934049079754601,0.941448382126348,0,0.932721712538226,0.0105580693815988,0.385074626865672,0.341463414634146,0.942771084337349,0.949618320610687,0.946188340807175,0.937689969604863,0.0558069381598793,0.0672782874617737,0.952380952380952,0.943251533742331,0.732223903177005,0.939393939393939,0.951734539969834,0.955792682926829,0,0,0.935483870967742,0,0.123867069486405,0,0.934650455927052,0.32755905511811,0.244131455399061,0.171471927162367,0.886821705426357,0,0.151607963246554,0.941896024464832,0.957251908396947,0.670788253477589,0.461200585651537,0.244444444444444,0.224852071005917,0.703875968992248,0.0498489425981873,0.165165165165165,0.578386605783866,0.301075268817204,0.721804511278195,0.0576631259484067,0,0.0550314465408805,0.359055118110236,0.945397815912636,0.625192012288787,0.275707898658718,0.652439024390244,0.872919818456883,0.936842105263158,0.934504792332268,0.97542242703533,0.950078003120125,0.948837209302326,0.583963691376702,0.45839636913767,0.945205479452055,0.0535714285714286,0.0618556701030928,0.863914373088685,0.00745156482861401,0.945864661654135,0.91566265060241,0,0.151898734177215,0,0.989393939393939,0,0.940909090909091,0.942598187311178,0.0512048192771084,0.82262996941896,0.947368421052632,0.663565891472868,0.646616541353383,0.861280487804878,0,0,0.909379968203498,0.925219941348974,0.956780923994039,0,0,0.0499219968798752,0.27123695976155,0.506849315068493,0,0.498461538461538,0,0.928012519561815,0.947286821705426,0.209302325581395,0.278614457831325,0,0.386398763523957,0.61609907120743,0.829046898638427,0.936267071320182,0.791540785498489,0.0585516178736518,0.961965134706815,0.0153139356814701,0.94556765163297,0,0.947447447447447,0.00303951367781155,0.94392523364486,0.0585516178736518,0.0488958990536278,0,0,0.826546003016591,0.894899536321484,0.913561847988077,0.698650674662669,0.077037037037037,0.0554699537750385,0.854324734446131,0.824850299401198,0,0.0713201820940819,0.935384615384615,0,0.930379746835443,0.933434190620272,0.110773899848255,0.0354938271604938,0.0558069381598793,0.947129909365559,0.506230529595016,0.126717557251908,0.159055118110236,0.156862745098039,0.720496894409938,0.13595166163142,0.954268292682927,0,0.76605504587156,0.941265060240964,0.00154559505409583,0,0.0531757754800591,0,0.0589123867069486,0.943511450381679,0.733017377567141,0.0574534161490683,0.0552147239263804,0.574303405572755,0.929555895865237,0.469953775038521,0.0417910447761194,0.0530421216848674,0.05320813771518,0.0167173252279635,0,0.081039755351682,0.0597014925373134,0.0525502318392581,0.0667678300455235,0.0478325859491779,0.0430769230769231,0.0481203007518797,0.0689127105666156,0.0167682926829268,0.00617283950617284,0.0274809160305344,0.0224550898203593,0.048048048048048,0.0656488549618321,0.0198776758409786,0.0546021840873635,0.0567484662576687,0.0390015600624025,0.054380664652568,0.025297619047619,0.0576631259484067,0.0865533230293663,0.0545722713864307,0.0544629349470499
"509",0.894080996884735,0.88,0.904109589041096,0.911949685534591,0.8953125,0.88503937007874,0.866562009419152,0.920731707317073,0.888059701492537,0,0.886503067484663,0,0.655015197568389,0.882352941176471,0.166921898928025,0.134969325153374,0,0.0154083204930663,0.885220125786163,0.894009216589862,0.254211332312404,0.14375,0.87062404870624,0,0.859327217125382,0.354037267080745,0.214618973561431,0.872274143302181,0.542986425339366,0.700607902735562,0.11890243902439,0.798484848484848,0.846875,0.35474006116208,0,0.888379204892966,0.018348623853211,0.882352941176471,0.367164179104478,0.83206106870229,0.00154320987654321,0.0121212121212121,0.00606980273141123,0.886645962732919,0.791139240506329,0.143525741029641,0.566770186335404,0.108527131782946,0.535714285714286,0.228699551569507,0,0.881064162754304,0.364471669218989,0.882175226586103,0.847352024922118,0.2601246105919,0,0.864274570982839,0.89041095890411,0.990811638591118,0.367624810892587,0.502269288956127,0.113207547169811,0,0.85062893081761,0.803076923076923,0,0.869431643625192,0,0.112519809825674,0.789954337899543,0.125,0.134052388289676,0.88855421686747,0,0.781763826606876,0.155120481927711,0.619266055045872,0.911811023622047,0.362760834670947,0,0.810526315789474,0.307346326836582,0.871406959152799,0.225266362252664,0.871016691957511,0.883233532934132,0.896396396396396,0.868827160493827,0.00603318250377074,0.880989180834621,0.878234398782344,0,0,0.879936808846761,0,0.389908256880734,0.881458966565349,0.0060882800608828,0.00768049155145929,0.651702786377709,0,0.378834355828221,0.88135593220339,0.212574850299401,0.8801261829653,0.00775193798449612,0.900611620795107,0.113707165109034,0.117103235747304,0.121351766513057,0.863422291993721,0.430745814307458,0.871913580246914,0,0.911179173047473,0.808801213960546,0,0.114503816793893,0.313846153846154,0,0.852760736196319,0.347496206373293,0.185419968304279,0.875,0.240853658536585,0.889570552147239,0.888036809815951,0,0.593220338983051,0.888719512195122,0.530708661417323,0.874613003095975,0,0.875786163522013,0.134328358208955,0,0.301857585139319,0.657935285053929,0.572769953051643,0,0,0.904761904761905,0.778801843317972,0.274418604651163,0.887345679012346,0.122480620155039,0.868975903614458,0.514018691588785,0.891729323308271,0.229813664596273,0.8765625,0.890625,0.783004552352049,0.886706948640483,0.106750392464678,0.878461538461539,0.126911314984709,0,0.758566978193146,0.891891891891892,0.882175226586103,0.131818181818182,0,0.881913303437967,0.55625,0.882825040128411,0.88719512195122,0.878419452887538,0.35832083958021,0.907294832826748,0.118098159509202,0.878012048192771,0.121122599704579,0.911042944785276,0.462121212121212,0,0.878274268104777,0,0.808641975308642,0.887537993920973,0.228177641653905,0.893455098934551,0.86280487804878,0.882615156017831,0.876691729323308,0.203313253012048,0.473524962178517,0.85781990521327,0.883464566929134,0.162826420890937,0.117737003058104,0.907378335949764,0.84789156626506,0,0,0.385692068429238,0.00151057401812689,0.887724550898204,0.36322869955157,0.85202492211838,0.74773413897281,0.881996974281392,0.506134969325153,0.480243161094225,0.370139968895801,0.845440494590417,0.876160990712074,0.926267281105991,0,0.799065420560748,0.272870662460568,0.88,0.117283950617284,0.184684684684685,0.585669781931464,0.864696734059098,0.886056971514243,0.894171779141104,0.882534775888717,0.861111111111111,0,0.178736517719569,0.705614567526555,0.876369327073552,0,0.884146341463415,0.891691394658754,0.597542242703533,0.608294930875576,0.871715610510046,0.880877742946709,0.445966514459665,0,0.875739644970414,0.633956386292835,0.901898734177215,0.114678899082569,0.880952380952381,0.885802469135803,0.875576036866359,0.87402799377916,0.580152671755725,0.12788906009245,0.900153609831029,0.58599695585997,0.108433734939759,0.118263473053892,0.291666666666667,0.101694915254237,0.240249609984399,0.69079939668175,0.106544901065449,0.115853658536585,0.125757575757576,0.632776934749621,0.155555555555556,0.88062015503876,0.00617283950617284,0.103076923076923,0,0.305426356589147,0.88390092879257,0.871016691957511,0.839813374805599,0,0.901408450704225,0.804281345565749,0.792307692307692,0.707390648567119,0.526964560862866,0.479938271604938,0.00758725341426404,0.87402799377916,0.201210287443268,0.798425196850394,0.902627511591963,0.123853211009174,0.751159196290572,0.112828438948995,0.219662058371736,0.889226100151745,0.88,0.858490566037736,0,0.678195488721804,0.851393188854489,0,0.113464447806354,0.860778443113772,0.902173913043478,0,0.117021276595745,0.111111111111111,0.906396255850234,1,0.112676056338028,0,0.468702290076336,0.897356143079316,0.8202416918429,0.474339035769829,0.689335394126739,0.874051593323217,0.114854517611026,0.887387387387387,0.875,0.126760563380282,0.889728096676737,0.882716049382716,0.873817034700315,0.884322678843227,0.285714285714286,0.402985074626866,0.376744186046512,0.897798742138365,0.870607028753994,0.0455927051671733,0.340361445783133,0.913846153846154,0.261868300153139,0.377611940298507,0.888048411497731,0.882352941176471,0.907294832826748,0.729264475743349,0.881458966565349,0.335413416536661,0.894578313253012,0.874613003095975,0,0.410606060606061,0.603149606299213,0.123475609756098,0.0472560975609756,0.123145400593472,0.839753466872111,0.146379044684129,0.108597285067873,0,0.325077399380805,0.882716049382716,0.176744186046512,0.902711323763955,0.90381679389313,0.889235569422777,0.375766871165644,0.373040752351097,0.696594427244582,0.551669316375199,0,0.801857585139319,0.127245508982036,0.141779788838612,0.304545454545455,0.880368098159509,0.11864406779661,0,0.419847328244275,0.122511485451761,0.136150234741784,0.573619631901841,0.875,0.358024691358025,0.874403815580286,0.861111111111111,0,0.881656804733728,0.101978691019787,0.885925925925926,0.809451219512195,0.881703470031546,0.131172839506173,0.877428998505232,0.110105580693816,0.806748466257669,0.791208791208791,0.869894099848714,0.891768292682927,0.873456790123457,0.37037037037037,0.8798751950078,0.882706766917293,0.122356495468278,0.123853211009174,0.884615384615385,0.887022900763359,0.419601837672282,0.805766312594841,0.870047543581617,0.905343511450382,0.878923766816143,0,0.212698412698413,0.884498480243161,0.12,0,0.900621118012422,0.00777604976671851,0.152777777777778,0.88822652757079,0.898461538461538,0.00305810397553517,0.660522273425499,0.511627906976744,0.901098901098901,0.10459587955626,0.806201550387597,0.881987577639752,0.458333333333333,0.631419939577039,0.862595419847328,0,0.257318952234206,0.909937888198758,0.888372093023256,0.530959752321981,0.890225563909774,0.86547811993517,0.134375,0.00151745068285281,0.891729323308271,0.8859375,0.88135593220339,0.6996996996997,0.120795107033639,0.88719512195122,0.334355828220859,0.2752,0.00455235204855842,0.664605873261206,0.626934984520124,0.701996927803379,0,0.38740157480315,0.89644513137558,0.681203007518797,0.620583717357911,0.192647058823529,0,0,0.884444444444444,0.868778280542986,0,0.86,0.00462962962962963,0,0,0.876923076923077,0,0.896496815286624,0.755007704160247,0.56752655538695,0.885369532428356,0,0,0.888888888888889,0.89039039039039,0.777439024390244,0.114413075780089,0.00158478605388273,0.847761194029851,0.635400907715582,0.88719512195122,0.611694152923538,0.444617784711388,0,0.875192604006163,0.122065727699531,0.911949685534591,0.186915887850467,0,0.13134328358209,0.226356589147287,0.507317073170732,0.871212121212121,0,0.892215568862275,0.876146788990826,0.893072289156627,0,0.185185185185185,0.851851851851852,0.118971061093248,0.885022692889561,0.882352941176471,0.121580547112462,0.883792048929664,0.383792048929664,0.797856049004594,0.124610591900312,0.252351097178683,0.884969325153374,0.0062111801242236,0.115677321156773,0.892911010558069,0.126782884310618,0.727272727272727,0.509316770186335,0,0.213740458015267,0.816745655608215,0.349397590361446,0.886821705426357,0.111791730474732,0.256797583081571,0.482200647249191,0.876488095238095,1,0.888549618320611,0.763322884012539,0,0.866868381240545,0.112951807228916,0.852534562211982,0.4828125,0.123493975903614,0.876132930513595,0.900621118012422,0.883435582822086,0.658385093167702,0.901345291479821,0.229583975346687,0.286833855799373,0.861068702290076,0.855828220858896,0,0,0.893518518518518,0.858255451713396,0.1234375,0.889230769230769,0.904320987654321,0.447900466562986,0.887675507020281,0.703125,0.857142857142857,0,0.87111801242236,0.431852986217458,0.888888888888889,0.888208269525268,0,0.675840978593272,0.895800933125972,0.118279569892473,0.74685534591195,0.455098934550989,0.775147928994083,0.763076923076923,0.867867867867868,0.198813056379822,0.886255924170616,0.889400921658986,0.914634146341463,0.387596899224806,0.201538461538462,0.895612708018154,0.877272727272727,0.00606060606060606,0.78030303030303,0.505279034690799,0.354489164086687,0.866366366366366,0.891271056661562,0.809160305343511,0.881638846737481,0.133535660091047,0.118110236220472,0,0.884322678843227,0.112135176651306,0.113671274961598,0.364471669218989,0,0.894736842105263,0.885885885885886,0.876923076923077,0.88109756097561,0.197869101978691,0.119195046439628,0,0,0.270606531881804,0.188767550702028,0.26046511627907,0,0.11854103343465,0.872919818456883,0.0627871362940276,0.37111801242236,0.877934272300469,0.63677811550152,0.873831775700935,0.734539969834088,0.70414201183432,0,0.884333821376281,0.459293394777266,0.552922590837283,0.903323262839879,0.902290076335878,0.483076923076923,0.0076103500761035,0.894333843797856,0.898050974512744,0,0.863363363363363,0.133942161339422,0.879936808846761,0.454961832061069,0,0.0045662100456621,0.5712,0.912636505460218,0.116822429906542,0.23696682464455,0.00755287009063444,0.00158730158730159,0.747415066469719,0.130030959752322,0.879614767255217,0.422087745839637,0.893333333333333,0.116030534351145,0.445635528330781,0.422360248447205,0.901253918495298,0.192429022082019,0.120426829268293,0.00153139356814701,0.141965678627145,0,0.888048411497731,0.121019108280255,0.912202380952381,0.118012422360248,0.888544891640867,0,0.596676737160121,0.534562211981567,0.882262996941896,0,0.887537993920973,0,0.506269592476489,0.886018237082067,0,0.671150971599402,0.876352395672334,0.730529595015576,0.898461538461538,0.146525679758308,0,0.877300613496933,0.336463223787167,0,0.792738275340393,0.110782865583456,0.131221719457014,0.887345679012346,0.890965732087227,0.882789317507418,0.865443425076453,0.877329192546584,0,0.880733944954128,0.0182926829268293,0.427921092564492,0.37442218798151,0.890909090909091,0.886018237082067,0.885196374622356,0.873860182370821,0.0602409638554217,0.125766871165644,0.884493670886076,0.887048192771084,0.729607250755287,0.867981790591806,0.886018237082067,0.899082568807339,0,0,0.87007299270073,0,0.173978819969743,0,0.87906976744186,0.348031496062992,0.321259842519685,0.228699551569507,0.854294478527607,0,0.207261724659607,0.886706948640483,0.888386123680241,0.700617283950617,0.474452554744526,0.312316715542522,0.266467065868263,0.65414710485133,0.117021276595745,0.220211161387632,0.611111111111111,0.336377473363775,0.722727272727273,0.118721461187215,0,0.1112828438949,0.403125,0.873239436619718,0.648484848484848,0.328402366863905,0.664086687306502,0.903759398496241,0.875555555555556,0.920886075949367,0.878125,0.898595943837754,0.890262751159196,0.621913580246914,0.522796352583587,0.881172839506173,0.115898959881129,0.116666666666667,0.913846153846154,0.00904977375565611,0.882530120481928,0.854545454545454,0,0.211180124223602,0,0.901538461538462,0,0.883614088820827,0.882534775888717,0.119760479041916,0.813455657492355,0.892053973013493,0.6801872074883,0.666163141993958,0.840557275541796,0,0,0.887480190174326,0.887905604719764,0.889057750759878,0,0,0.115919629057187,0.314925373134328,0.511485451761103,0,0.557251908396947,0,0.846511627906977,0.886153846153846,0.261755485893417,0.330804248861912,0,0.433903576982893,0.643835616438356,0.80184331797235,0.891402714932127,0.786585365853659,0.115919629057187,0.906645569620253,0.0230769230769231,0.882911392405063,0,0.89237668161435,0.00458715596330275,0.880573248407643,0.131455399061033,0.088646967340591,0,0,0.907294832826748,0.8625,0.879204892966361,0.684370257966616,0.134529147982063,0.1203125,0.786707882534776,0.781899109792285,0,0.126348228043143,0.875384615384615,0,0.868878357030016,0.896341463414634,0.17530487804878,0.0335365853658537,0.105182926829268,0.883058470764618,0.546021840873635,0.18266253869969,0.206201550387597,0.212349397590361,0.764150943396226,0.189969604863222,0.892355694227769,0,0.7640625,0.87072808320951,0.00306278713629403,0,0.111929307805596,0,0.117283950617284,0.876132930513595,0.706814580031696,0.124018838304553,0.119751166407465,0.6,0.896604938271605,0.506807866868381,0.0440729483282675,0.110410094637224,0.053968253968254,0.0182926829268293,0,0.125,0.125184094256259,0.113207547169811,0.130500758725341,0.10752688172043,0.0421875,0.0438066465256798,0.130699088145897,0.0197568389057751,0.00475435816164818,0.0306748466257669,0.0254872563718141,0.05,0.128834355828221,0.0213414634146341,0.12379421221865,0.130970724191063,0.0386398763523957,0.119815668202765,0.0284857571214393,0.123100303951368,0.147192716236722,0.116176470588235,0.12093023255814
"510",0.960127591706539,0.964285714285714,0.944099378881988,0.918831168831169,0.948635634028893,0.969155844155844,0.865814696485623,0.95253164556962,0.970496894409938,0,0.968404423380727,0,0.584251968503937,0.962783171521036,0.0755905511811024,0.04375,0,0.0191082802547771,0.960063897763578,0.964285714285714,0.193037974683544,0.0667752442996743,0.962323390894819,0,0.9390625,0.2976,0.142410015649452,0.948553054662379,0.4953125,0.700787401574803,0.036697247706422,0.717011128775835,0.802232854864434,0.314553990610329,0,0.969745222929936,0.0188087774294671,0.958588957055215,0.296969696969697,0.875776397515528,0.0015600624024961,0.0154083204930663,0.0078740157480315,0.956730769230769,0.784440842787682,0.0654952076677316,0.536277602523659,0.0395569620253165,0.489984591679507,0.163076923076923,0,0.960998439937597,0.307324840764331,0.963549920760697,0.850793650793651,0.20450885668277,0,0.946688206785137,0.936923076923077,0.904761904761905,0.325508607198748,0.46583850931677,0.0405186385737439,0,0.89983844911147,0.8265625,0,0.969793322734499,0,0.0357142857142857,0.841368584758942,0.0403726708074534,0.0504731861198738,0.959438377535101,0,0.734157650695518,0.0817901234567901,0.616588419405321,0.8816,0.295986622073579,0,0.7171875,0.241960183767228,0.9629057187017,0.138582677165354,0.885093167701863,0.96875,0.941538461538462,0.934272300469484,0.0093603744149766,0.963258785942492,0.956112852664577,0,0,0.945072697899838,0,0.340625,0.945736434108527,0.00778816199376947,0.0094488188976378,0.632329635499208,0,0.322834645669291,0.9648,0.142201834862385,0.959349593495935,0.00963081861958266,0.956112852664577,0.0333863275039746,0.0473186119873817,0.0457413249211356,0.885758998435055,0.36833855799373,0.96031746031746,0,0.955521472392638,0.7234375,0,0.0329153605015674,0.265402843601896,0,0.791139240506329,0.280757097791798,0.11219512195122,0.94375,0.1875,0.963076923076923,0.957746478873239,0,0.576036866359447,0.914826498422713,0.517515923566879,0.953674121405751,0,0.954765751211632,0.0572755417956656,0,0.246835443037975,0.644549763033175,0.5504,0,0,0.947204968944099,0.795562599049128,0.202283849918434,0.9664,0.043956043956044,0.903576982892691,0.445686900958466,0.956521739130435,0.171799027552674,0.955484896661367,0.965964343598055,0.823802163833076,0.958074534161491,0.0357142857142857,0.968553459119497,0.04,0,0.767295597484277,0.861751152073733,0.947286821705426,0.05,0,0.963020030816641,0.481540930979133,0.965346534653465,0.965571205007825,0.957943925233645,0.339477726574501,0.940438871473354,0.0393081761006289,0.921658986175115,0.0365296803652968,0.878205128205128,0.409657320872274,0,0.957210776545166,0,0.842857142857143,0.960753532182104,0.152350081037277,0.950949367088608,0.934375,0.960546282245827,0.94556765163297,0.13125,0.401225114854518,0.904065040650406,0.922098569157393,0.0923317683881064,0.0390625,0.951845906902087,0.835403726708075,0,0,0.33125,0.00156739811912226,0.968085106382979,0.285046728971963,0.850157728706625,0.752755905511811,0.957120980091884,0.462519936204147,0.459501557632399,0.340189873417722,0.889240506329114,0.931419457735247,0.878504672897196,0,0.852484472049689,0.226600985221675,0.921011058451817,0.0332278481012658,0.110248447204969,0.5640625,0.94888178913738,0.953560371517028,0.841940532081377,0.966981132075472,0.944532488114105,0,0.102964118564743,0.686915887850467,0.962903225806452,0,0.957943925233645,0.9558599695586,0.575471698113208,0.561320754716981,0.949921752738654,0.960330578512397,0.40282131661442,0,0.86046511627907,0.55993690851735,0.945686900958466,0.0394944707740916,0.929339477726575,0.963492063492064,0.962145110410095,0.992211838006231,0.545736434108527,0.0361635220125786,0.946372239747634,0.56298600311042,0.0400616332819723,0.0403726708074534,0.220447284345048,0.0356037151702786,0.187697160883281,0.689230769230769,0.0343213728549142,0.0418604651162791,0.0452418096723869,0.611620795107034,0.0772946859903382,0.958860759493671,0.00943396226415094,0.03486529318542,0,0.265273311897106,0.968253968253968,0.947286821705426,0.892063492063492,0,0.857827476038339,0.841692789968652,0.701754385964912,0.627358490566038,0.479750778816199,0.477777777777778,0.00941915227629513,0.958730158730159,0.130298273155416,0.719101123595506,0.941548183254344,0.05,0.748447204968944,0.0393700787401575,0.148031496062992,0.961597542242704,0.96078431372549,0.869426751592357,0,0.663093415007657,0.860759493670886,0,0.0404354587869362,0.873065015479876,0.950636942675159,0,0.0405616224648986,0.0338983050847458,0.94551282051282,0.891025641025641,0.0405844155844156,0,0.416403785488959,0.961783439490446,0.795031055900621,0.417445482866044,0.67515923566879,0.928792569659443,0.0473186119873817,0.963779527559055,0.961965134706815,0.0424528301886792,0.934169278996865,0.969745222929936,0.940129449838188,0.965244865718799,0.213946117274168,0.34789391575663,0.330721003134796,0.944178628389155,0.908943089430894,0.0543478260869565,0.296650717703349,0.946372239747634,0.187106918238994,0.327718223583461,0.960443037974684,0.963607594936709,0.937898089171974,0.726978998384491,0.965891472868217,0.289348171701113,0.942277691107644,0.960380348652932,0,0.352484472049689,0.567043618739903,0.0532915360501567,0.054858934169279,0.0443425076452599,0.887323943661972,0.0649149922720247,0.034375,0,0.260252365930599,0.952755905511811,0.104199066874028,0.957585644371941,0.94679186228482,0.963081861958267,0.323809523809524,0.323624595469256,0.707667731629393,0.477905073649754,0,0.847860538827258,0.0491551459293395,0.0681114551083591,0.230769230769231,0.963375796178344,0.0376766091051805,0,0.365203761755486,0.0512422360248447,0.0576923076923077,0.485759493670886,0.959627329192547,0.311501597444089,0.957792207792208,0.944267515923567,0,0.954887218045113,0.0354938271604938,0.958204334365325,0.856918238993711,0.963576158940397,0.0427215189873418,0.939721792890263,0.0331230283911672,0.858505564387917,0.7184,0.917701863354037,0.961180124223602,0.955974842767296,0.332807570977918,1,0.961656441717791,0.0402476780185759,0.05625,0.960691823899371,0.963549920760697,0.354788069073783,0.853125,0.934083601286174,0.929356357927786,0.965463108320251,0,0.147011308562197,0.960567823343849,0.0383386581469649,0,0.937898089171974,0.00972447325769854,0.0754716981132075,0.969278033794163,0.943127962085308,0.00321543408360129,0.640378548895899,0.459842519685039,0.95583596214511,0.0416666666666667,0.845659163987138,0.959481361426256,0.403481012658228,0.609375,0.782472613458529,0,0.203497615262321,0.951768488745981,0.9625,0.4864,0.965996908809892,0.943238731218698,0.0618066561014263,0.00157728706624606,0.953488372093023,0.959935897435897,0.922712933753943,0.715384615384615,0.0455974842767296,0.855784469096672,0.267295597484277,0.215106732348112,0.00615384615384615,0.65112540192926,0.614285714285714,0.641065830721003,0,0.311183144246353,0.88871473354232,0.679127725856698,0.539877300613497,0.106446776611694,0,0,0.971428571428571,0.9375,0,0.894080996884735,0.00803858520900321,0,0,0.964285714285714,0,0.966183574879227,0.749603803486529,0.556067588325653,0.96141975308642,0,0,0.960567823343849,0.932618683001531,0.763523956723339,0.035548686244204,0.0032626427406199,0.853435114503817,0.617693522906793,0.96513470681458,0.55625,0.380952380952381,0,0.957746478873239,0.0423452768729642,0.938511326860841,0.12779552715655,0,0.0412213740458015,0.138755980861244,0.501644736842105,0.939252336448598,0,0.926380368098159,0.949074074074074,0.961538461538462,0,0.110032362459547,0.907014681892333,0.0394088669950739,0.964230171073095,0.967289719626168,0.0514018691588785,0.962204724409449,0.338582677165354,0.810725552050473,0.0412044374009509,0.2064,0.93167701863354,0.00952380952380952,0.0363924050632911,0.944700460829493,0.040650406504065,0.683788121990369,0.421725239616613,0,0.140600315955766,0.753225806451613,0.287713841368585,0.936708860759494,0.0382775119617225,0.182527301092044,0.470784641068447,0.927469135802469,0.888549618320611,1,0.783094098883573,0,0.9734375,0.0391236306729265,0.935433070866142,0.426948051948052,0.0349013657056146,0.9640625,0.966772151898734,0.965354330708661,0.640062597809077,0.954616588419405,0.165064102564103,0.226475279106858,0.920560747663551,0.855784469096672,0,0,0.95583596214511,0.911717495987159,0.0449438202247191,0.956869009584665,0.962616822429907,0.407874015748032,0.907915993537964,0.738853503184713,0.861111111111111,0,0.94006309148265,0.378378378378378,0.962204724409449,0.9609375,0,0.675118858954041,0.946945337620579,0.0425867507886435,0.706260032102729,0.414976599063963,0.835889570552147,0.701587301587302,0.996932515337423,0.105343511450382,0.950080515297907,0.96513470681458,0.951638065522621,0.338211382113821,0.128571428571429,0.962264150943396,0.962674961119751,0.00627943485086342,0.807098765432099,0.466772151898734,0.297805642633229,0.770206022187005,0.963779527559055,0.866559485530547,0.961180124223602,0.13109756097561,0.0356564019448947,0,0.836507936507937,0.0346456692913386,0.0362204724409449,0.298904538341158,0,0.957278481012658,0.894333843797856,0.959501557632399,0.959501557632399,0.120879120879121,0.0303030303030303,0,0,0.213483146067416,0.112540192926045,0.190016103059581,0,0.031104199066874,0.957878315132605,0.0311526479750779,0.330670926517572,0.962264150943396,0.613672496025437,0.946117274167987,0.672281776416539,0.644615384615385,0,0.965256797583082,0.416798732171157,0.515297906602254,0.898773006134969,0.964615384615385,0.426100628930818,0.00946372239747634,0.925581395348837,0.924148606811146,0,0.93343653250774,0.0520504731861199,0.956310679611651,0.447409733124019,0,0.00783699059561128,0.538714991762768,0.838095238095238,0.0378548895899054,0.168831168831169,0.0109717868338558,0.00160771704180064,0.731818181818182,0.0545746388443018,0.96523178807947,0.346273291925466,0.959627329192547,0.0336391437308868,0.399385560675883,0.354575163398693,0.863563402889246,0.131921824104235,0.0407523510971787,0.00312989045383412,0.0723270440251572,0,0.964451313755796,0.073051948051948,0.956060606060606,0.0429936305732484,0.964686998394864,0,0.539184952978056,0.486529318541997,0.961240310077519,0,0.967289719626168,0,0.419354838709677,0.956923076923077,0,0.660493827160494,0.952456418383518,0.738782051282051,0.933014354066986,0.0769230769230769,0,0.963949843260188,0.278662420382166,0,0.706896551724138,0.0365853658536585,0.0527950310559006,0.962145110410095,0.963258785942492,0.958139534883721,0.938582677165354,0.949606299212598,0,0.94770206022187,0.0183206106870229,0.383045525902669,0.3136,0.954258675078864,0.958795562599049,0.960122699386503,0.9629057187017,0.0536277602523659,0.0458135860979463,0.951377633711507,0.930662557781202,0.759316770186335,0.943485086342229,0.960753532182104,0.949685534591195,0,0,0.946026986506747,0,0.0987654320987654,0,0.930489731437599,0.307568438003221,0.241157556270096,0.149691358024691,0.909379968203498,0,0.145569620253165,0.962025316455696,0.962264150943396,0.646875,0.435114503816794,0.242057488653555,0.211746522411128,0.656549520766773,0.0404354587869362,0.163328197226502,0.573692551505547,0.290015847860539,0.744186046511628,0.0407523510971787,0,0.0365079365079365,0.362041467304625,0.958266452648475,0.639498432601881,0.266768292682927,0.658307210031348,0.859567901234568,0.94478527607362,0.941272430668842,0.954911433172303,0.969354838709677,0.971428571428571,0.562401263823065,0.451313755795981,0.964396284829721,0.0455927051671733,0.0472560975609756,0.866352201257862,0.0108359133126935,0.966153846153846,0.934681181959565,0,0.151612903225806,0,0.929467084639498,0,0.950540958268934,0.95625,0.0407523510971787,0.833333333333333,0.967441860465116,0.6608,0.646417445482866,0.855769230769231,0,0,0.918739635157546,0.917933130699088,0.960629921259842,0,0,0.0324675324675325,0.265940902021773,0.507177033492823,0,0.476340694006309,0,0.9024,0.964006259780908,0.1984,0.262345679012346,0,0.379365079365079,0.59748427672956,0.844375963020031,0.93953488372093,0.781591263650546,0.0404354587869362,0.961165048543689,0.0206022187004754,0.964912280701754,0,0.95738203957382,0.00627943485086342,0.966129032258065,0.0557324840764331,0.0333333333333333,0,0,0.834633385335413,0.979133226324238,0.912307692307692,0.719814241486068,0.0566615620214395,0.0412698412698413,0.821086261980831,0.813846153846154,0,0.0474683544303797,0.941915227629513,0,0.954471544715447,0.930817610062893,0.0941915227629513,0.0423861852433281,0.0368,0.959938366718028,0.483037156704362,0.110935023771791,0.135483870967742,0.147919876733436,0.735725938009788,0.114599686028257,0.963607594936709,0,0.777777777777778,0.975039001560062,0.00474683544303797,0,0.0375375375375375,0,0.0427215189873418,0.959247648902821,0.730081300813008,0.0416,0.0382165605095541,0.565977742448331,0.93015873015873,0.46656298600311,0.0482866043613707,0.0377668308702791,0.0585365853658537,0.021978021978022,0,0.0561797752808989,0.0401234567901235,0.0362204724409449,0.0453834115805947,0.0323076923076923,0.0528846153846154,0.0555555555555556,0.0515625,0.0234375,0.00648298217179903,0.0269413629160063,0.0246913580246914,0.0612244897959184,0.0415335463258786,0.0219435736677116,0.0390243902439024,0.0382165605095541,0.0451612903225806,0.0376175548589342,0.0279937791601866,0.0388198757763975,0.0747663551401869,0.0377073906485671,0.0365079365079365
"511",0.754471544715447,0.754358161648177,0.75314465408805,0.768092105263158,0.744186046511628,0.749593495934959,0.746411483253589,0.743178170144462,0.761075949367089,0,0.755102040816326,0,0.65149136577708,0.746293245469522,0.30503144654088,0.2671875,0,0.0147540983606557,0.736585365853659,0.764423076923077,0.386075949367089,0.278688524590164,0.754358161648177,0,0.77293934681182,0.475120385232745,0.363636363636364,0.732258064516129,0.680685358255452,0.689655172413793,0.260061919504644,0.7312,0.856677524429967,0.471428571428571,0,0.736757624398074,0.0158730158730159,0.755451713395639,0.464939024390244,0.766355140186916,0.00161030595813205,0.0126182965299685,0.00314465408805031,0.7491961414791,0.709836065573771,0.277960526315789,0.650159744408946,0.248397435897436,0.584234930448223,0.381987577639752,0,0.757575757575758,0.45583596214511,0.749606299212598,0.712,0.389694041867955,0,0.755627009646302,0.72626582278481,0.791139240506329,0.481889763779528,0.654631083202512,0.268370607028754,0,0.812297734627832,0.799050632911392,0,0.739967897271268,0,0.253225806451613,0.728571428571429,0.247619047619048,0.27831715210356,0.748447204968944,0,0.827692307692308,0.294209702660407,0.864139020537125,0.775806451612903,0.457286432160804,0,0.734076433121019,0.460587326120556,0.741029641185647,0.366929133858268,0.7734375,0.751196172248804,0.765451664025357,0.736593059936908,0.00465116279069767,0.741883116883117,0.725,0,0,0.73538961038961,0,0.476489028213166,0.743264659270998,0.0046875,0.00646203554119548,0.667731629392971,0,0.471169686985173,0.73482428115016,0.34472049689441,0.740740740740741,0.00642054574638844,0.7504,0.25,0.256821829855538,0.25585023400936,0.737942122186495,0.5,0.761146496815287,0,0.740095087163233,0.746081504702194,0,0.256,0.477977161500816,0,0.857142857142857,0.447325769854133,0.337115072933549,0.746006389776358,0.390822784810127,0.73961661341853,0.729984301412873,0,0.637083993660856,0.760834670947031,0.650974025974026,0.747126436781609,0,0.745954692556634,0.273155416012559,0,0.43485342019544,0.684210526315789,0.630114566284779,0,0,0.757097791798107,0.849206349206349,0.436482084690554,0.738211382113821,0.248803827751196,0.761006289308176,0.557377049180328,0.746130030959752,0.36260162601626,0.754385964912281,0.752827140549273,0.729264475743349,0.749608763693271,0.252459016393443,0.744849445324881,0.257281553398058,0,0.8064,0.742681047765794,0.75,0.259780907668232,0,0.748829953198128,0.565640194489465,0.747540983606557,0.747619047619048,0.726688102893891,0.475968992248062,0.74488188976378,0.274760383386581,0.737984496124031,0.260802469135802,0.74512987012987,0.576489533011272,0,0.747181964573269,0,0.768867924528302,0.753993610223642,0.370015948963317,0.75,0.772727272727273,0.749618320610687,0.742496050552923,0.341732283464567,0.518110236220472,0.758957654723127,0.76537216828479,0.304975922953451,0.257188498402556,0.742574257425743,0.727987421383648,0,0,0.487096774193548,0.00158227848101266,0.75705329153605,0.458914728682171,0.729641693811075,0.730586370839937,0.73094867807154,0.577170418006431,0.623028391167192,0.486223662884927,0.727272727272727,0.745253164556962,0.7671875,0,0.718553459119497,0.380794701986755,0.755627009646302,0.239482200647249,0.332810047095761,0.635634028892456,0.7488,0.757433489827856,0.816164817749604,0.734597156398104,0.847244094488189,0,0.335987261146497,0.823343848580442,0.756058158319871,0,0.748822605965463,0.747692307692308,0.646687697160883,0.592417061611374,0.745980707395498,0.733224222585925,0.524642289348172,0,0.728706624605678,0.670418006430868,0.750410509031199,0.2574568288854,0.770206022187005,0.7508038585209,0.7552,0.802232854864434,0.600624024960998,0.270142180094787,0.764984227129338,0.651968503937008,0.264705882352941,0.247663551401869,0.361464968152866,0.248811410459588,0.367479674796748,0.651162790697674,0.250798722044728,0.261205564142195,0.269108280254777,0.68160741885626,0.278877887788779,0.758564437194127,0.00636942675159236,0.250398724082935,0,0.433811802232855,0.749596122778675,0.750798722044728,0.740445859872611,0,0.748344370860927,0.773015873015873,0.729903536977492,0.717948717948718,0.592891760904685,0.622149837133551,0.00635930047694754,0.7248,0.327131782945736,0.72013093289689,0.761980830670926,0.2515625,0.717703349282297,0.255216693418941,0.36150234741784,0.736263736263736,0.746688741721854,0.745928338762215,0,0.695238095238095,0.736334405144695,0,0.251968503937008,0.717425431711146,0.735909822866345,0,0.268867924528302,0.248037676609105,0.757774140752864,0.784090909090909,0.257425742574257,0,0.531746031746032,0.761674718196457,0.734789391575663,0.531746031746032,0.704944178628389,0.742496050552923,0.2496,0.743307086614173,0.736593059936908,0.264331210191083,0.7776,0.746388443017656,0.748792270531401,0.753968253968254,0.411671924290221,0.483619344773791,0.478740157480315,0.734094616639478,0.758169934640523,0.0410742496050553,0.492822966507177,0.741573033707865,0.390953150242326,0.537634408602151,0.745283018867924,0.750798722044728,0.764705882352941,0.845901639344262,0.7375,0.477759472817133,0.75748031496063,0.742811501597444,0,0.505460218408736,0.616883116883117,0.2736,0.0456692913385827,0.257410296411856,0.745283018867924,0.28503937007874,0.255591054313099,0,0.4576,0.744408945686901,0.316455696202532,0.755737704918033,0.758842443729904,0.751582278481013,0.485342019543974,0.48099173553719,0.928343949044586,0.545008183306056,0,0.956730769230769,0.253543307086614,0.289308176100629,0.409888357256778,0.756843800322061,0.258730158730159,0,0.513343799058085,0.256289308176101,0.271103896103896,0.60126582278481,0.735247208931419,0.471451876019576,0.740066225165563,0.753554502369668,0,0.746932515337423,0.250381679389313,0.741140215716487,0.902711323763955,0.769607843137255,0.269968051118211,0.752738654147105,0.251177394034537,0.757911392405063,0.717073170731707,0.751582278481013,0.755520504731861,0.741573033707865,0.492822966507177,0.774716369529984,0.724727838258165,0.267080745341615,0.287758346581876,0.749596122778675,0.752773375594295,0.5136,0.763116057233704,0.733884297520661,0.78783151326053,0.744186046511628,0,0.350734094616639,0.7488,0.2576,0,0.773675762439807,0.0065359477124183,0.295638126009693,0.746056782334385,0.743630573248408,0.00157728706624606,0.652866242038217,0.60702875399361,0.761437908496732,0.248788368336026,0.7344,0.74025974025974,0.596774193548387,0.677621283255086,0.740619902120718,0,0.376,0.743922204213938,0.741732283464567,0.611374407582938,0.757097791798107,0.746666666666667,0.289808917197452,0.00160513643659711,0.7392,0.751196172248804,0.756451612903226,0.920062695924765,0.260869565217391,0.734299516908213,0.449920508744038,0.378839590443686,0.00473186119873817,0.888707037643208,0.659127625201939,0.67244094488189,0,0.473770491803279,0.759873617693523,0.927215189873418,0.634108527131783,0.329249617151608,0,0,0.734042553191489,0.751166407465008,0,0.740095087163233,0.00488599348534202,0,0,0.7536,0,0.752052545155993,0.705696202531646,0.653188180404355,0.735433070866142,0,0,0.754358161648177,0.756630265210608,0.862341772151899,0.251572327044025,0.00163132137030995,0.72107765451664,0.664050235478807,0.747619047619048,0.656101426307448,0.495222929936306,0,0.746006389776358,0.261513157894737,0.766233766233766,0.330081300813008,0,0.254658385093168,0.362745098039216,0.597063621533442,0.744514106583072,0,0.76271186440678,0.738437001594896,0.744548286604361,0,0.321543408360129,0.748760330578512,0.250825082508251,0.736434108527132,0.73953488372093,0.262243285939968,0.736925515055468,0.492063492063492,0.755102040816326,0.264,0.390522875816993,0.776714513556619,0.00636942675159236,0.252782193958665,0.759170653907496,0.262376237623762,0.809904153354633,0.5536,0,0.330143540669856,0.739770867430442,0.467408585055644,0.743348982785602,0.264150943396226,0.386075949367089,0.638190954773869,0.758942457231726,0.763322884012539,0.783094098883573,1,0,0.775510204081633,0.265822784810127,0.748387096774194,0.55877616747182,0.250769230769231,0.736176935229068,0.754385964912281,0.739967897271268,0.688188976377953,0.747217806041335,0.34094616639478,0.392857142857143,0.730708661417323,0.738362760834671,0,0,0.753205128205128,0.74025974025974,0.266129032258065,0.7456,0.76984126984127,0.541864139020537,0.743178170144462,0.717703349282297,0.729102167182663,0,0.73968253968254,0.499192245557351,0.744113029827316,0.748006379585327,0,0.770597738287561,0.741269841269841,0.253205128205128,0.764135702746365,0.531645569620253,0.861963190184049,0.70926517571885,0.776049766718507,0.327131782945736,0.727564102564103,0.742589703588144,0.746031746031746,0.482758620689655,0.311501597444089,0.764044943820225,0.743670886075949,0.004739336492891,0.83596214511041,0.603421461897356,0.45125786163522,0.724358974358974,0.7491961414791,0.746388443017656,0.749201277955272,0.149068322981366,0.257956448911223,0,0.793929712460064,0.246732026143791,0.258730158730159,0.484326018808777,0,0.767405063291139,0.786271450858034,0.745253164556962,0.741379310344828,0.341935483870968,0.253205128205128,0,0,0.388617886178862,0.325320512820513,0.387459807073955,0,0.260188087774295,0.7376,0.109717868338558,0.481361426256078,0.752845528455285,0.663430420711974,0.765650080256822,0.694704049844237,0.660990712074303,0,0.749618320610687,0.56514657980456,0.631496062992126,0.735109717868339,0.7488,0.542452830188679,0.00473186119873817,0.767515923566879,0.771875,0,0.753067484662577,0.260663507109005,0.769230769230769,0.594551282051282,0,0.00474683544303797,0.647058823529412,0.763371150729335,0.261562998405104,0.35702746365105,0.00634920634920635,0.00164203612479475,0.704615384615385,0.265273311897106,0.743421052631579,0.50547730829421,0.741732283464567,0.259720062208398,0.520700636942675,0.530448717948718,0.770358306188925,0.348184818481848,0.251582278481013,0.00158730158730159,0.288998357963875,0,0.747663551401869,0.239737274220033,0.73497688751926,0.254777070063694,0.743089430894309,0,0.629107981220657,0.6624,0.737942122186495,0,0.750778816199377,0,0.55700325732899,0.755485893416928,0,0.6734375,0.7312,0.731511254019293,0.761750405186386,0.28169014084507,0,0.744479495268139,0.450819672131148,0,0.725429017160686,0.25,0.275384615384615,0.741518578352181,0.744749596122779,0.746875,0.736421725239617,0.739482200647249,0,0.747980613893376,0.0157728706624606,0.52099533437014,0.469291338582677,0.749601275917065,0.7472,0.755485893416928,0.760802469135803,0.068362480127186,0.280388978930308,0.751243781094527,0.766823161189358,0.995290423861852,0.748397435897436,0.731554160125589,0.77373417721519,0,0,0.749240121580547,0,0.323809523809524,0,0.755627009646302,0.465798045602606,0.432300163132137,0.346518987341772,0.786858974358974,0.0015600624024961,0.328548644338118,0.740625,0.741214057507987,0.646031746031746,0.582568807339449,0.474339035769829,0.396284829721362,0.6992,0.250396196513471,0.397129186602871,0.648648648648649,0.509677419354839,0.989028213166144,0.244444444444444,0,0.24025974025974,0.504012841091493,0.746365105008078,0.631911532385466,0.440729483282675,0.931309904153355,0.748417721518987,0.727699530516432,0.762684124386252,0.748807631160572,0.756058158319871,0.754838709677419,0.647619047619048,0.552380952380952,0.742301458670989,0.255054432348367,0.252696456086287,0.765923566878981,0.00784929356357928,0.741732283464567,0.754716981132076,0,0.352657004830918,0,0.776886035313002,0,0.75,0.754807692307692,0.256211180124224,0.745161290322581,0.738244514106583,0.676375404530744,0.649842271293375,0.731746031746032,0,0,0.750415973377704,0.743202416918429,0.743589743589744,0,0,0.254486133768352,0.472307692307692,0.656645569620253,0,0.598715890850722,0,0.747126436781609,0.759289176090469,0.353697749196141,0.506976744186047,0,0.525285481239804,0.682692307692308,0.763955342902711,0.749221183800623,0.712264150943396,0.262321144674086,0.760262725779967,0.03486529318542,0.752427184466019,0,0.746932515337423,0.0032,0.737785016286645,0.282504012841092,0.167471819645733,0,0,0.786163522012579,0.811074918566775,0.735433070866142,0.717628705148206,0.261205564142195,0.25974025974026,0.712241653418124,0.710526315789474,0,0.26645264847512,0.768370607028754,0,0.742998352553542,0.758190327613105,0.3312,0.0332805071315372,0.251980982567353,0.735524256651017,0.558631921824104,0.332268370607029,0.359143327841845,0.343799058084772,0.855973813420622,0.339622641509434,0.744749596122779,0,0.818910256410256,0.757097791798107,0.00321027287319422,0,0.254211332312404,0,0.262135922330097,0.731746031746032,0.706953642384106,0.258536585365854,0.249201277955272,0.640394088669951,0.746753246753247,0.665610142630745,0.0392464678178964,0.254457050243112,0.0471544715447154,0.0238853503184713,0,0.229032258064516,0.258914728682171,0.256038647342995,0.27373417721519,0.238473767885533,0.0403225806451613,0.0424528301886792,0.254045307443366,0.0228013029315961,0.00825082508250825,0.0382165605095541,0.0236593059936909,0.045958795562599,0.276357827476038,0.0253565768621236,0.262023217247098,0.2528,0.0352564102564103,0.246445497630332,0.0395569620253165,0.253164556962025,0.286634460547504,0.267496111975117,0.255663430420712
"512",0,0,0,0,0,0,0.0126182965299685,0,0,1,0,1,0,0,0,0,1,0.985714285714286,0,0,0,0,0,1,0,0,0,0.00158982511923688,0,0,0,0,0.00161030595813205,0,1,0,0.979655712050078,0,0,0,0.998422712933754,0.985871271585557,0.993759750390016,0,0,0,0,0,0,0,1,0,0,0,0.0128824476650564,0,1,0,0.00154083204930663,0,0,0,0,1,0,0,1,0,1,0,0,0,0,0,1,0.00156985871271586,0,0,0.00159489633173844,0,1,0,0,0,0,0,0,0,0.00476190476190476,0.986217457886677,0,0,1,1,0,1,0.0188383045525903,0,0.9921875,0.992076069730586,0.0112359550561798,1,0,0,0,0,0.988853503184713,0.00157232704402516,0,0,0,0.0143540669856459,0,0,1,0,0,1,0,0,1,0.0016025641025641,0,0,0,0,0,0,1,0.00772797527047913,0,0,0,1,0,0,1,0,0,0.00818330605564648,1,1,0,0,0,0,0,0,0,0,0,0,0,0,0,0,0,0,1,0,0.0045662100456621,0,0,1,0,0,0,0,0,0,0,0,0,0,0.0032,0,1,0,1,0,0,0,0,0,0,0,0,0,0,0,0,0,0,0.019047619047619,1,1,0,0.998430141287284,0,0,0.0112903225806452,0,0,0,0,0,0,0,0.0015625,1,0,0,0,0,0,0.00473186119873817,0,0,0.00159489633173844,0,0,1,0,0,0,1,0,0,0.00636942675159236,0,0,0,0.0189274447949527,1,0.0140845070422535,0,0,0,0,0,0,0,0,0,0,0,0,0,0,0,0,0,0,0,0,0,0,0,0.987341772151899,0,1,0.00486223662884927,0,0,0,1,0.00161550888529887,0.00155763239875389,0,0,0,0,0.987460815047022,0,0,0,0,0,0,0,0,0,0,0.0128,1,0,0.0142857142857143,1,0,0.0125195618153365,0,1,0,0,0,0,0,1,0.0186915887850467,0,0,0,0,0,0,0,0,0,0,0,0,0,0,0,0,0.00162074554294976,0,0.946875,0,0,0,0,0,0,0,0,0,0,0,0,1,0,0.0110410094637224,0,0.944620253164557,0,0,0,0,1,0,0,0,0,0,0,0,0,0,0,1,0,0,0,0,0,0,1,0,0,0,0.003125,0,0,0,0,1,0,0,0,0,0,0,0,0,0,0,0,0,0.00159235668789809,0,0,0,0,0,0,0,0,0,0,0,0,1,0,0,0,1,0,0.988654781199352,0,0,0,0.995114006514658,0.0109717868338558,0,0,0,0,0,0,0,0,1,0,0,0,0,0,0,0,0.998427672955975,0,0,0,0,0,0.00482315112540193,0,0.0134680134680135,0.993700787401575,0,0,0,1,0,0.00158982511923688,0,0,0,1,1,0,0,1,0,0.98876404494382,1,1,0,1,0,0,0.00778816199376947,0,1,1,0,0,0,0,0.996747967479675,0.0171339563862928,0,0,0,0,1,0,0,0.00160771704180064,0,1,0,0,0,0.00157728706624606,1,0,0,0,1,0,0,0,0,0,0,0,0,0,0,0.00163934426229508,0,0.987460815047022,0,0,0,0,0.00797448165869218,1,0,0.00323101777059774,0,0,0,0,0,0,0,0,0,1,0,0,0,0.00486223662884927,0,0,0,0,0,0,0,0,0,0.0142630744849445,1,1,0,0,0,0,0,0,0,0,0.0139968895800933,1,0,0.0177133655394525,0,0,1,0,0,0,0.00160513643659711,0,0,0,0,0,0.00164744645799012,0,0,0.0162866449511401,0.026984126984127,0,0,0.990595611285266,0,0,0,0,0,0,0,0.759630200308166,0,1,0.00157728706624606,0,0,0,1,0,0,0,0,0,0,1,1,0,0,0,1,0,0,0.564465408805031,0,0,0.0110410094637224,0,0,0,1,0,0,0,0.00458715596330275,0,0,0.987441130298273,0,0,1,0.00154083204930663,0,0,0,1,0.988958990536278,0,0,0,0,0.987616099071207,0.99836867862969,0,0,0,0,0,0,0,0,0.00488599348534202,0,0,0.996884735202492,0,1,0,0.154742096505824,0,0,0,1,0,0,0,1,0,1,0,0,1,0.0202492211838006,0,0,0.00158730158730159,0,1,0,0,1,0,0,0,0,0,0,0.0047244094488189,0.00160771704180064,1,0,0.977917981072555,0.0200617283950617,0,0,0,0,0,0.914330218068536,0,0,0,0,0,0,0,1,1,0,1,0,0.9984,0,0,0,0,0,0.998402555910543,0,0,0,0,0,0,0,0,0,0,0,0,0,0,1,0,0.0191387559808612,0,0.0314465408805031,0,0,0.0047244094488189,0,0.00161550888529887,0,0,0,0,0,0,0,0,0.00313971742543171,0.987460815047022,0,0,1,0,1,0,1,0,0,0,0,0,0,0,0.016,1,1,0,0,0,1,1,0,0,0,1,0,1,0,0,0.0373983739837398,0,1,0,0,0,0,0,0,0,0.896988906497623,0,1,0,0.992101105845182,0,0,0.36624203821656,1,1,0.00155038759689922,0,0.0078740157480315,0,0,0,0,0,1,0,0,1,0,0,0,0.95968992248062,0,0,0,0,0,0,0,0,0,1,0,0,0.996789727126806,1,0,1,0,0,0,0,0,0.00637958532695375,0.0048,0,0.951788491446345,0,0.901960784313726,0.977952755905512,1,0.1552,0,0,0.00471698113207547,0,0.950558213716108,0.944530046224962,0,0.980922098569157,0.9936,0.960380348652932,0.979559748427673,0.941455696202532,0,0.976076555023923,0,0,0.958266452648475,0,0.936363636363636,0,0.0547504025764895,0,0
"513",0.979591836734694,0.987730061349693,0.954128440366973,0.919303797468354,0.969889064976228,0.981012658227848,0.880804953560371,0.956181533646322,0.984709480122324,0,0.984520123839009,0,0.575153374233129,0.979527559055118,0.0554699537750385,0.0215716486902928,0,0.0172413793103448,0.979623824451411,0.987654320987654,0.168486739469579,0.0570522979397781,0.983154670750383,0,0.941358024691358,0.283720930232558,0.116923076923077,0.968203497615262,0.485584218512898,0.701201201201201,0.0151057401812689,0.684049079754601,0.782945736434108,0.290964777947933,0,0.984423676012461,0.0184331797235023,0.977341389728097,0.27218045112782,0.902587519025875,0.0015600624024961,0.0184899845916795,0.00614439324116743,0.98297213622291,0.7792,0.0405616224648986,0.513931888544892,0.01875,0.481146304675716,0.13719512195122,0,0.98297213622291,0.271875,0.981510015408321,0.862714508580343,0.168,0,0.965571205007825,0.943939393939394,0.89060092449923,0.296352583586626,0.452012383900929,0.018957345971564,0,0.904912836767036,0.824961948249619,0,0.987711213517665,0,0.0174603174603175,0.848998459167951,0.0184331797235023,0.0412213740458015,0.983383685800604,0,0.715151515151515,0.0655487804878049,0.598755832037325,0.886075949367089,0.283653846153846,0,0.702786377708978,0.240181268882175,0.978883861236802,0.108359133126935,0.910334346504559,0.983358547655068,0.949308755760369,0.954614220877458,0.010590015128593,0.975039001560062,0.979876160990712,0,0,0.966666666666667,0,0.298621745788668,0.967791411042945,0.0075642965204236,0.009375,0.621374045801527,0,0.3015625,0.982839313572543,0.104072398190045,0.9826224328594,0.0107858243451464,0.964396284829721,0.0170542635658915,0.0266457680250784,0.0243531202435312,0.899843505477308,0.351766513056836,0.978328173374613,0,0.972307692307692,0.707241910631741,0,0.0182094081942337,0.24,0,0.782208588957055,0.255054432348367,0.0929133858267717,0.95738203957382,0.166921898928025,0.981762917933131,0.98159509202454,0,0.549467275494673,0.916537867078825,0.507836990595611,0.972929936305732,0,0.977812995245642,0.04047976011994,0,0.222919937205651,0.63914373088685,0.534072900158479,0,0,0.965732087227414,0.776416539050536,0.18740157480315,0.986003110419907,0.0246153846153846,0.920489296636086,0.429022082018927,0.968421052631579,0.14785373608903,0.970769230769231,0.979719188767551,0.842987804878049,0.978625954198473,0.0188087774294671,0.983231707317073,0.0186625194401244,0,0.758785942492013,0.854765506807867,0.95852534562212,0.0350609756097561,0,0.983308042488619,0.457869634340223,0.984276729559748,0.98468606431853,0.981762917933131,0.292424242424242,0.964506172839506,0.0203442879499218,0.943425076452599,0.0165165165165165,0.877138413685848,0.391768292682927,0,0.973270440251572,0,0.868624420401855,0.984802431610942,0.14375,0.972265023112481,0.942901234567901,0.980332829046899,0.964615384615385,0.0967741935483871,0.395454545454545,0.908945686900958,0.922098569157393,0.0680061823802164,0.0184049079754601,0.964341085271318,0.848392036753446,0,0,0.303125,0.00153846153846154,0.981790591805766,0.26969696969697,0.861685214626391,0.774390243902439,0.972850678733032,0.441717791411043,0.456923076923077,0.296411856474259,0.916923076923077,0.955766192733017,0.870342771982116,0,0.872699386503067,0.188197767145136,0.93343653250774,0.0154320987654321,0.0878787878787879,0.551301684532925,0.96937212863706,0.968373493975904,0.8328173374613,0.980182926829268,0.927244582043344,0,0.0913312693498452,0.677811550151976,0.9796875,0,0.982998454404946,0.967065868263473,0.566412213740458,0.548091603053435,0.972006220839813,0.977812995245642,0.360681114551084,0,0.876876876876877,0.536434108527132,0.966507177033493,0.0169753086419753,0.949177877428999,0.979591836734694,0.984756097560976,0.973926380368098,0.541984732824427,0.0171339563862928,0.958074534161491,0.53680981595092,0.0224215246636771,0.0181268882175227,0.213166144200627,0.0171606864274571,0.161695447409733,0.678787878787879,0.0153846153846154,0.0232558139534884,0.024653312788906,0.602409638554217,0.0560747663551402,0.972093023255814,0.0109546165884194,0.0154559505409583,0,0.22432859399684,0.982839313572543,0.966049382716049,0.8875,0,0.85423197492163,0.85369532428356,0.682098765432099,0.610769230769231,0.469483568075117,0.473520249221184,0.0122137404580153,0.981220657276995,0.111613876319759,0.6896,0.951937984496124,0.0290076335877863,0.758461538461538,0.0168453292496172,0.147465437788018,0.982008995502249,0.982142857142857,0.88125,0,0.645161290322581,0.877742946708464,0,0.0211480362537764,0.879573170731707,0.96411856474259,0,0.0198170731707317,0.0166414523449319,0.968553459119497,0.867078825347759,0.0188976377952756,0,0.378670788253478,0.985915492957746,0.790591805766313,0.412942989214176,0.677725118483412,0.949848024316109,0.0292307692307692,0.985007496251874,0.98159509202454,0.0218408736349454,0.959375,0.9859375,0.957210776545166,0.978527607361963,0.196899224806202,0.31651376146789,0.288343558282209,0.957613814756672,0.9328,0.053680981595092,0.276661514683153,0.967084639498433,0.17629179331307,0.315396113602392,0.975232198142415,0.984399375975039,0.953632148377125,0.707620528771384,0.981818181818182,0.256651017214397,0.950844854070661,0.979430379746835,0,0.32469512195122,0.557781201848998,0.0352220520673813,0.0611620795107034,0.024390243902439,0.908527131782946,0.0428790199081164,0.0154559505409583,0,0.241960183767228,0.978193146417445,0.0699088145896656,0.970967741935484,0.959938366718028,0.976635514018692,0.291731669266771,0.291993720565149,0.695652173913043,0.4672,0,0.846034214618974,0.0256410256410256,0.0591805766312595,0.217457886676876,0.981337480559876,0.018348623853211,0,0.335913312693498,0.0274390243902439,0.0377358490566038,0.481308411214953,0.981366459627329,0.289808917197452,0.982343499197432,0.958074534161491,0,0.977711738484398,0.0152905198776758,0.981818181818182,0.847692307692308,0.982594936708861,0.0290519877675841,0.964831804281346,0.0186625194401244,0.875968992248062,0.715421303656598,0.934451219512195,0.966817496229261,0.978658536585366,0.304482225656878,0.981366459627329,0.980421686746988,0.0196671709531014,0.0397553516819572,0.979750778816199,0.98310291858679,0.337899543378995,0.875576036866359,0.951377633711507,0.947852760736196,0.981623277182236,0,0.129746835443038,0.983024691358025,0.0185758513931889,0,0.952160493827161,0.0110236220472441,0.0544323483670296,0.983076923076923,0.957943925233645,0.0046875,0.632307692307692,0.42572741194487,0.973643410852713,0.0205371248025276,0.869085173501577,0.979299363057325,0.383411580594679,0.613953488372093,0.776049766718507,0,0.177115987460815,0.9578125,0.986196319018405,0.455246913580247,0.98145285935085,0.972267536704731,0.047112462006079,0.00153846153846154,0.969325153374233,0.976780185758514,0.930662557781202,0.706060606060606,0.0247678018575851,0.855590062111801,0.251141552511416,0.175438596491228,0.00614439324116743,0.637345679012346,0.613104524180967,0.614088820826952,0,0.302362204724409,0.8953125,0.667687595712098,0.530232558139535,0.0938897168405365,0,0,0.983679525222552,0.954614220877458,0,0.915123456790123,0.00934579439252336,0,0,0.985826771653543,0,0.985714285714286,0.767584097859327,0.542242703533026,0.983257229832572,0,0,0.983076923076923,0.954887218045113,0.73780487804878,0.016793893129771,0.00157232704402516,0.859327217125382,0.610169491525424,0.979876160990712,0.538343558282209,0.358695652173913,0,0.969418960244648,0.0224,0.939814814814815,0.118858954041204,0,0.0255255255255255,0.11937984496124,0.487012987012987,0.954268292682927,0,0.936267071320182,0.966514459665145,0.983333333333333,0,0.0794392523364486,0.924558587479936,0.0241545893719807,0.983282674772036,0.983282674772036,0.0304878048780488,0.983076923076923,0.304821150855365,0.82262996941896,0.0295489891135303,0.169303797468354,0.955246913580247,0.00933125972006221,0.0186625194401244,0.958841463414634,0.0235849056603774,0.657187993680885,0.388802488335925,0,0.12788906009245,0.735015772870662,0.264525993883792,0.961832061068702,0.0170015455950541,0.168949771689498,0.475120385232745,0.935338345864662,0.866868381240545,0.9734375,0.775510204081633,0,1,0.0180722891566265,0.96,0.398425196850394,0.0164424514200299,0.980213089802131,0.984544049459042,0.979782270606532,0.643302180685358,0.969325153374233,0.137345679012346,0.192846034214619,0.930662557781202,0.861538461538462,0,0,0.977883096366509,0.920508744038156,0.0313479623824451,0.975039001560062,0.980332829046899,0.369565217391304,0.91679748822606,0.755102040816326,0.877061469265367,0,0.953051643192488,0.337962962962963,0.981623277182236,0.981481481481482,0,0.655332302936631,0.95625,0.0185185185185185,0.713841368584759,0.393798449612403,0.820359281437126,0.689873417721519,0.974320241691843,0.104790419161677,0.967238689547582,0.978527607361963,0.96793893129771,0.287974683544304,0.098310291858679,0.975572519083969,0.984615384615385,0.00910470409711684,0.792109256449165,0.461068702290076,0.271186440677966,0.753403933434191,0.984520123839009,0.884194053208138,0.981623277182236,0.117557251908397,0.0160513643659711,0,0.825885978428351,0.0157977883096366,0.0198170731707317,0.289230769230769,0,0.976851851851852,0.903963414634146,0.984615384615385,0.981481481481482,0.11353032659409,0.015527950310559,0,0,0.178628389154705,0.0903426791277259,0.188854489164087,0,0.0182926829268293,0.98145285935085,0.0152439024390244,0.295489891135303,0.979655712050078,0.598473282442748,0.962441314553991,0.659476117103236,0.639939485627837,0,0.982089552238806,0.400936037441498,0.508744038155803,0.901065449010654,0.973846153846154,0.400616332819723,0.0107692307692308,0.940993788819876,0.949771689497717,0,0.956845238095238,0.0352760736196319,0.971337579617834,0.448170731707317,0,0.00924499229583975,0.515297906602254,0.824261275272162,0.0184049079754601,0.142857142857143,0.0122324159021407,0.00158982511923688,0.735735735735736,0.0403100775193798,0.982428115015974,0.340909090909091,0.978819969742814,0.0164917541229385,0.380368098159509,0.323899371069182,0.860128617363344,0.110932475884244,0.0183767228177642,0.00152671755725191,0.0594679186228482,0,0.978755690440061,0.0514469453376206,0.964179104477612,0.0187793427230047,0.984101748807631,0,0.527653213751868,0.476780185758514,0.981707317073171,0,0.983154670750383,0,0.413629160063391,0.975346687211094,0,0.658499234303216,0.968847352024922,0.742033383915023,0.937402190923318,0.0617283950617284,0,0.981337480559876,0.266666666666667,0,0.68960244648318,0.017910447761194,0.0331825037707391,0.98125,0.981424148606811,0.977238239757208,0.956923076923077,0.968895800933126,0,0.961119751166407,0.0231124807395994,0.34947049924357,0.298921417565485,0.972644376899696,0.976887519260401,0.97737556561086,0.977341389728097,0.0602782071097372,0.029595015576324,0.969648562300319,0.953030303030303,0.737160120845921,0.964723926380368,0.983282674772036,0.963302752293578,0,0,0.964125560538117,0,0.0824427480916031,0,0.940729483282675,0.294670846394984,0.225396825396825,0.1236802413273,0.923317683881064,0,0.121396054628225,0.98125,0.984848484848485,0.64018691588785,0.412721893491124,0.236686390532544,0.194319880418535,0.644200626959248,0.0121580547112462,0.135303265940902,0.558139534883721,0.273006134969325,0.731411229135053,0.0277349768875193,0,0.0203125,0.316455696202532,0.980922098569157,0.632148377125193,0.237951807228916,0.648148148148148,0.863914373088685,0.966514459665145,0.9488,0.968454258675079,0.987361769352291,0.982866043613707,0.560121765601218,0.430745814307458,0.987730061349693,0.0211161387631976,0.0253731343283582,0.859594383775351,0.0121765601217656,0.98030303030303,0.959152798789713,0,0.122641509433962,0,0.941548183254344,0,0.963020030816641,0.981679389312977,0.0257186081694402,0.85202492211838,0.984939759036145,0.653250773993808,0.634259259259259,0.865203761755486,0,0,0.926984126984127,0.92548435171386,0.97583081570997,0,0,0.0160513643659711,0.249621785173979,0.51468315301391,0,0.468606431852986,0,0.905660377358491,0.9796875,0.163522012578616,0.258409785932722,0,0.364632237871674,0.592823712948518,0.865030674846626,0.948328267477204,0.775038520801233,0.0187207488299532,0.977671451355662,0.0188383045525903,0.985691573926868,0,0.969788519637462,0.0077639751552795,0.985959438377535,0.0327613104524181,0.0217054263565891,0,0,0.820987654320988,0.962441314553991,0.927803379416283,0.725075528700906,0.0399408284023669,0.0231839258114374,0.815100154083205,0.838855421686747,0,0.0295489891135303,0.957943925233645,0,0.966981132075472,0.941717791411043,0.0801232665639445,0.0495356037151703,0.0214395099540582,0.980273141122914,0.490506329113924,0.102009273570325,0.12540192926045,0.129770992366412,0.707936507936508,0.100151745068285,0.983024691358025,0,0.771790808240888,1,0.0031055900621118,0,0.0148367952522255,0,0.0216383307573416,0.983154670750383,0.717495987158908,0.0204081632653061,0.0169491525423729,0.56782334384858,0.947040498442368,0.456221198156682,0.0539291217257319,0.0220820189274448,0.0583596214511041,0.0199692780337942,0,0.0453125,0.0238450074515648,0.0170542635658915,0.0320121951219512,0.0121951219512195,0.0535433070866142,0.0585585585585586,0.029320987654321,0.0201863354037267,0.00631911532385466,0.0290519877675841,0.0260336906584992,0.0614439324116743,0.0244274809160305,0.0214395099540582,0.0189873417721519,0.0170807453416149,0.0514820592823713,0.0202177293934681,0.0257186081694402,0.0168195718654434,0.0570107858243451,0.0211480362537764,0.0201863354037267
"514",0.00156739811912226,0,0.0303490136570561,0.0641627543035994,0.0141509433962264,0,0.0961240310077519,0.0244648318042813,0,0,0,0,0.428571428571429,0,0.957120980091884,0.995412844036697,0,0.00156494522691706,0.00315457413249211,0.0171875,0.839203675344564,0.967793880837359,0.0121765601217656,0,0.0440729483282675,0.750392464678179,0.895148669796557,0.00946372239747634,0.546003016591252,0.323170731707317,1,0.319018404907975,0.228260869565217,0.717592592592593,0,0,0.00617283950617284,0.00609756097560976,0.743628185907046,0.0931297709923664,0,0,0,0,0.227488151658768,0.978090766823161,0.484472049689441,1,0.540419161676647,0.867867867867868,0,0.00766871165644172,0.738863287250384,0,0.107255520504732,0.828393135725429,0,0.029874213836478,0.0382848392036753,0.0958904109589041,0.704268292682927,0.572507552870091,1,0,0.105180533751962,0.17737003058104,0,0.00930232558139535,0,1,0.134556574923547,0.992354740061162,0.981538461538462,0,0,0.299236641221374,0.961890243902439,0.429007633587786,0.102803738317757,0.738211382113821,0,0.298621745788668,0.796610169491525,0.00153609831029186,0.894899536321484,0.0895295902883156,0.00455927051671732,0.0323076923076923,0.0261136712749616,0,0.0110062893081761,0,0,0,0.026813880126183,0,0.697568389057751,0.0152905198776758,0,0,0.377708978328173,0,0.714508580343214,0,0.897865853658537,0,0,0.0185185185185185,1,0.992307692307692,0.995384615384615,0.073959938366718,0.674884437596302,0.00771604938271605,0,0.0122511485451761,0.281055900621118,0,1,0.771956856702619,0,0.2326656394453,0.760061919504644,0.917701863354037,0.0261538461538462,0.852760736196319,0.0030441400304414,0.00305810397553517,0,0.452307692307692,0.0680061823802164,0.514728682170543,0.0126984126984127,0,0.00638977635782748,0.981790591805766,0,0.794162826420891,0.361067503924647,0.489028213166144,0,0,0.0199081163859112,0.238021638330757,0.831496062992126,0,0.996904024767802,0.0731707317073171,0.588697017268446,0.0184331797235023,0.8656,0.0169491525423729,0,0.171826625386997,0.00460122699386503,1,0,1,0,0.263565891472868,0.129464285714286,0.018348623853211,0.980030721966206,0,0,0.556259904912837,0,0,0,0.710166919575114,0.0212765957446809,0.998466257668712,0.0487062404870624,1,0.100946372239748,0.629573170731707,0,0.0169753086419753,0,0.160493827160494,0,0.891640866873065,0.018348623853211,0.046583850931677,0.0103857566765579,0.0254872563718141,0.893518518518518,0.632286995515695,0.0775316455696203,0.0614173228346457,0.947129909365559,0.995391705069124,0.0171875,0.125757575757576,0,0,0.711811023622047,0,0,0.757251908396947,0.113207547169811,0.251506024096386,0.00906344410876133,0.575193798449612,0.56793893129771,0.719936708860759,0.0828125,0.0344287949921753,0.121765601217656,0,0.125,0.830218068535826,0.0527131782945736,1,0.939209726443769,0.467987804878049,0.0220125786163522,0.0228658536585366,0.165898617511521,0.00153846153846154,0.104615384615385,0,0.934782608695652,0.34597875569044,0.00460829493087558,0,0.00911854103343465,0.0178041543026706,0.46,0.455384615384615,0.0123456790123457,0,0.635093167701863,0,0.100600600600601,0.479326186830015,0.0286168521462639,1,0.0443425076452599,0,0,0.0510835913312693,0.476621417797888,1,0.0292307692307692,0.459787556904401,0.998507462686567,1,0.802795031055901,1,0.858954041204437,0.326283987915408,1,0.998444790046656,0.992283950617284,0.409638554216867,0.960629921259842,0.0140625,0,1,0,0.778120184899846,0,0.0183767228177642,0.0939907550077042,0,0.131375579598145,0.144596651445967,0.314728682170543,0.400306748466258,0.534775888717156,0.550314465408805,0,0,0.906542056074766,0.322274881516588,0.0368663594470046,0.989329268292683,0.262422360248447,1,0.889057750759878,0,0,0.0984375,0,0.359090909090909,0.102484472049689,0,1,0.0932721712538226,0.0184331797235023,0,0.998470948012232,0.998487140695915,0.0172143974960876,0.117829457364341,1,0,0.611111111111111,0.00940438871473354,0.214939024390244,0.615975422427035,0.354489164086687,0.0393939393939394,0.990783410138249,0,0,0.995305164319249,0.0356037151702786,0,0.0263975155279503,0.00305343511450382,0.819295558958652,0.689497716894977,0.72281776416539,0.0191387559808612,0.0628930817610063,0.00154559505409583,0.737654320987654,0.0233281493001555,0.848024316109423,0.707831325301205,0.00462962962962963,0.00311526479750779,0.0307692307692308,0.31637519872814,0.00306748466257669,0.760802469135803,0.0339506172839506,0.00316455696202532,0,0.690225563909774,0.448698315467075,0.983128834355828,0.00152671755725191,0.992401215805471,0.098159509202454,0.975609756097561,1,0,0.782071097372488,0.00772797527047913,0.93394777265745,0.0144,0.0290076335877863,0.0107858243451464,0.728414442700157,0.724960254372019,0.330745341614907,0.53968253968254,0,0.184615384615385,0.992435703479576,0.965361445783133,0.796992481203007,0,1,0,0.678353658536585,0.992401215805471,0.977952755905512,0.538699690402477,0,0.720748829953198,0,0.0376766091051805,0,0.00736377025036819,1,0.00150375939849624,0.178625954198473,0,0.990740740740741,0.0241691842900302,1,0.119565217391304,0.296754250386399,0.0529500756429652,0.0122699386503067,0,0.716049382716049,0.0404354587869362,0,1,0.976993865030675,0,0,0.675226586102719,0.120060790273556,0.0365659777424483,0.0534351145038168,0,0,0.891547049441786,0,1,0,0.0342146189735614,0,0.956386292834891,0,0.0293663060278207,0,0.380434782608696,0.584758942457232,0.0158227848101266,0.998459167950693,0.136645962732919,0.00157232704402516,0.633070866141732,0.396656534954407,0.213395638629283,0,0.838709677419355,0.0234009360374415,0.00153846153846154,0.541411042944785,0,0.0294117647058824,0.970404984423676,0,0.015220700152207,0.0062015503875969,0.0509259259259259,0.31839258114374,0.993740219092332,0.130434782608696,0.763719512195122,0.814935064935065,0,0.388625592417062,0.396284829721362,0.397832817337461,0,0.722662440570523,0.0878274268104777,0.365705614567527,0.484984984984985,0.924444444444444,0,0,0,0.0257966616084977,0,0.0764525993883792,0,0,0,0.00156494522691706,0,0,0.225308641975309,0.481762917933131,0,0,0,0.00619195046439629,0.037821482602118,0.28129829984544,1,0,0.104134762633997,0.404870624048706,0,0.46142208774584,0.659476117103236,0,0.0197568389057751,1,0.0392464678178964,0.907086614173228,0,0.994011976047904,0.888540031397174,0.51207729468599,0.0276073619631902,0,0.0512820512820513,0.0245022970903522,0,0,0.918495297805643,0.0667726550079491,0.996768982229402,0,0,0.992412746585736,0,0.716030534351145,0.199687987519501,0.989147286821705,0.830963665086888,0.0431432973805855,0,1,0.0212765957446809,0.993640699523052,0.345425867507886,0.599063962558502,0,0.905864197530864,0.251993620414673,0.751902587519026,0.0230414746543779,1,0.850453172205438,0.556270096463023,0.0531914893617021,0.112951807228916,0.0391236306729265,0.265822784810127,0,0.0180722891566265,1,0.0323076923076923,0.616719242902208,1,0,0,0,0.354391371340524,0.0167173252279635,0.876352395672334,0.82015503875969,0.0533536585365854,0.110939907550077,0,0,0.0109375,0.0590111642743222,0.9890625,0.0155038759689922,0.00623052959501558,0.64624808575804,0.0657276995305164,0.273716951788491,0.102719033232628,0,0.027906976744186,0.661417322834646,0,0,0,0.36875,0.0238473767885533,1,0.318181818181818,0.618541033434651,0.206537890044577,0.316614420062696,0.0449775112443778,0.919939577039275,0.0140845070422535,0,0.0216049382716049,0.698289269051322,0.884969325153374,0.00769230769230769,0,0,0.222054380664653,0.549230769230769,0.737654320987654,0.241274658573596,0,0.127329192546584,0,0.114155251141553,1,0,0.179127725856698,0.996884735202492,1,0.724299065420561,0,0.00921658986175115,0.099388379204893,0.00153846153846154,0.00302571860816944,0.914860681114551,1,0,0,0.839936608557845,0.927018633540373,0.85423197492163,0,1,0,0.424382716049383,0.714728682170543,0,0.424846625766871,0.0295031055900621,0.354642313546423,0.376876876876877,0,0,0.613707165109034,0.511848341232227,0.0712121212121212,0.0106382978723404,0.618461538461539,0,0.0476190476190476,0.0457317073170732,0,0.0286144578313253,0.986153846153846,0.0144230769230769,0.578703703703704,0,0,0.491114701130856,0.170807453416149,1,0.870662460567823,0,0,0.252225519287834,0.979719188767551,0,0.691603053435115,0.00754147812971342,1,0.634969325153374,0.668769716088328,0.1264,0.901898734177215,0.996932515337423,0,0.958139534883721,0,0.00448430493273543,0.798412698412698,0.0164917541229385,0.996894409937888,0,0,0.478129713423831,0.546296296296296,0,0,0.00151515151515152,0,0.621875,0.0122137404580153,0,0.346036585365854,0.0200308166409861,0.25,0.0452418096723869,0.961832061068702,0,0,0.737007874015748,0,0.319083969465649,1,0.984894259818731,0,0,0.0105580693815988,0.0217391304347826,0.0182648401826484,0,0.0246153846153846,0,0.645015105740181,0.715396578538103,0.0060882800608828,0.00914634146341463,0.00749625187406297,0.00917431192660551,0.0305810397553517,0.984447900466563,0.0143769968051118,0.0442073170731707,0.282674772036474,0.024390243902439,0,0.0214723926380368,0,0,0.0194319880418535,0,0.935045317220544,0.00158730158730159,0.0442748091603053,0.720379146919431,0.793478260869565,0.891104294478528,0.0762052877138414,0.00153846153846154,0.891104294478528,0,0,0.369230769230769,0.596465390279823,0.786861313868613,0.81981981981982,0.353582554517134,1,0.88,0.451463790446841,0.73953488372093,0.307922272047833,0.98937784522003,0,1,0.668759811616955,0,0.358118361153263,0.776946107784431,0.382126348228043,0.118827160493827,0.0121951219512195,0.0408805031446541,0.01875,0,0.0015527950310559,0.458914728682171,0.593846153846154,0.00151975683890578,0.997037037037037,0.993939393939394,0.127659574468085,0,0,0.0271084337349398,0,0.890127388535032,0,0.0474732006125574,0,0.0243531202435312,0,0.99390243902439,0.171073094867807,0,0.349922239502333,0.374617737003058,0.111111111111111,0,0,0.0723472668810289,0.04860088365243,0.0105421686746988,0,0,1,0.768759571209801,0.503888024883359,0,0.546423135464231,0,0.0740157480314961,0,0.811912225705329,0.762406015037594,0,0.660990712074303,0.416289592760181,0.141104294478528,0.0345864661654135,0.227202472952087,1,0.0126782884310618,0.0817901234567901,0,0,0.016566265060241,0,0,0.9828125,0.624213836477987,0,0,0.17357910906298,0.0760697305863708,0.0553846153846154,0.294117647058824,0.977511244377811,0.998430141287284,0.162037037037037,0.164917541229385,0,0.982839313572543,0.0305810397553517,0,0.0174880763116057,0.0393939393939394,0.933641975308642,0,0.996946564885496,0,0.538940809968847,0.925531914893617,0.905063291139241,0.889400921658986,0.313664596273292,0.909638554216867,0,0,0.241860465116279,0.0180722891566265,0,0,1,0,1,0,0.277867528271405,1,1,0.462616822429907,0.0375586854460094,0.584097859327217,0,0.998417721518987,0.0485133020344288,0.00928792569659443,0,0.810264385692068,0.99406528189911,0.998442367601246,0.984939759036145,1,0,0,0.984802431610942,0.00619195046439629,0.0031496062992126,0.0323076923076923,0.00605143721633888,0,0.992199687987519,0.013719512195122,1,1,0,0.992283950617284,0.0525525525525526,1,0.906832298136646,0.998484848484849,0.998444790046656
"515",0.963317384370016,0.965408805031447,0.941915227629513,0.899038461538462,0.956451612903226,0.969502407704655,0.869905956112853,0.941823899371069,0.967692307692308,0,0.969745222929936,0,0.546728971962617,0.971246006389776,0.071875,0.0329153605015674,0,0.0158730158730159,0.966613672496025,0.957746478873239,0.188589540412044,0.0638297872340425,0.963893249607535,0,0.934375,0.256778309409888,0.13302034428795,0.954765751211632,0.48159509202454,0.6801872074883,0.0306278713629403,0.672868217054264,0.766666666666667,0.304552590266876,0,0.971742543171115,0.013953488372093,0.968992248062015,0.281391830559758,0.905426356589147,0.00157728706624606,0.0172955974842767,0.00622083981337481,0.968602825745683,0.761674718196457,0.0518867924528302,0.5103668261563,0.0350877192982456,0.470679012345679,0.155145929339478,0,0.967238689547582,0.2828125,0.967238689547582,0.855769230769231,0.185419968304279,0,0.967948717948718,0.917956656346749,0.872699386503067,0.29595015576324,0.447204968944099,0.032,0,0.900974025974026,0.833073322932917,0,0.960629921259842,0,0.032,0.824074074074074,0.0375,0.0532915360501567,0.97045101088647,0,0.710323574730354,0.0778816199376947,0.570300157977883,0.873397435897436,0.27906976744186,0,0.68167701863354,0.211981566820276,0.966153846153846,0.143081761006289,0.883435582822086,0.9578125,0.936335403726708,0.936335403726708,0.00775193798449612,0.953748006379585,0.96583850931677,0,0,0.945773524720893,0,0.297805642633229,0.958461538461538,0.00617283950617284,0.00791139240506329,0.588141025641026,0,0.304761904761905,0.968404423380727,0.125948406676783,0.964912280701754,0.00634920634920635,0.938485804416404,0.034375,0.0342679127725857,0.0407523510971787,0.866141732283465,0.340255591054313,0.963549920760697,0,0.954545454545455,0.683881064162754,0,0.0374414976599064,0.251552795031056,0,0.764430577223089,0.265079365079365,0.107936507936508,0.943661971830986,0.164319248826291,0.962025316455696,0.962441314553991,0,0.54160125588697,0.91496062992126,0.504807692307692,0.95859872611465,0,0.957654723127036,0.0599078341013825,0,0.231139646869984,0.627145085803432,0.513687600644122,0,0,0.953125,0.771028037383178,0.190553745928339,0.966453674121406,0.0393081761006289,0.900928792569659,0.420722135007849,0.943511450381679,0.152733118971061,0.952380952380952,0.971337579617834,0.8265625,0.962204724409449,0.0363349131121643,0.965463108320251,0.0349206349206349,0,0.754019292604502,0.834862385321101,0.982649842271293,0.0410094637223975,0,0.961479198767334,0.427876823338736,0.970684039087948,0.967238689547582,0.968798751950078,0.313572542901716,0.944272445820433,0.0378548895899054,0.933744221879815,0.0383435582822086,0.865414710485133,0.368421052631579,0,0.955484896661367,0,0.85935085007728,0.970266040688576,0.152755905511811,0.955625990491284,0.918367346938776,0.966767371601209,0.942989214175655,0.126365054602184,0.386292834890966,0.899186991869919,0.913385826771654,0.0870253164556962,0.0388198757763975,0.949526813880126,0.82472613458529,0,0,0.304140127388535,0.00152671755725191,0.965571205007825,0.273570324574961,0.849921011058452,0.770542635658915,0.961656441717791,0.441130298273155,0.473118279569892,0.303030303030303,0.889580093312597,0.934504792332268,0.850539291217257,0,0.869158878504673,0.192868719611021,0.9185303514377,0.0288461538461538,0.0878274268104777,0.523052464228935,0.94383775351014,0.949464012251149,0.809148264984227,0.9671875,0.882636655948553,0,0.101382488479263,0.676470588235294,0.9712,0,0.967592592592593,0.955993930197269,0.538819875776398,0.545171339563863,0.971830985915493,0.965853658536585,0.359253499222395,0,0.869300911854103,0.506410256410256,0.940032414910859,0.0342679127725857,0.937984496124031,0.965189873417722,0.967642526964561,0.931854199683043,0.5453125,0.035426731078905,0.9375,0.535101404056162,0.0353302611367127,0.0292758089368259,0.223809523809524,0.033175355450237,0.152487961476726,0.65015479876161,0.0339506172839506,0.0382262996941896,0.0404984423676012,0.58641975308642,0.0688,0.962264150943396,0.00949367088607595,0.0267716535433071,0,0.241214057507987,0.967032967032967,0.952681388012618,0.865834633385335,0,0.84219001610306,0.86046511627907,0.662974683544304,0.586921850079745,0.449139280125196,0.482649842271293,0.00938967136150235,0.964343598055105,0.1140625,0.679032258064516,0.942947702060222,0.0412044374009509,0.736263736263736,0.0378548895899054,0.143297380585516,0.964723926380368,0.962843295638126,0.867313915857605,0,0.635093167701863,0.858974358974359,0,0.0279503105590062,0.862595419847328,0.944178628389155,0,0.0373250388802488,0.0315457413249211,0.956521739130435,0.847266881028939,0.029126213592233,0,0.384493670886076,0.962145110410095,0.773497688751926,0.398449612403101,0.661881977671451,0.930817610062893,0.0427215189873418,0.971036585365854,0.962323390894819,0.0362776025236593,0.943573667711599,0.968203497615262,0.996742671009772,0.968895800933126,0.192546583850932,0.336990595611285,0.290423861852433,0.942215088282504,0.915309446254072,0.0423861852433281,0.27724358974359,0.941732283464567,0.163009404388715,0.331306990881459,0.96551724137931,0.970404984423676,0.944968553459119,0.715909090909091,0.963246554364472,0.263823064770932,0.938582677165354,0.966929133858268,0,0.340557275541796,0.537337662337662,0.0479876160990712,0.0484375,0.0432766615146832,0.886435331230284,0.0576323987538941,0.0344827586206897,0,0.238759689922481,0.959119496855346,0.0995260663507109,0.955882352941177,0.94383775351014,0.952681388012618,0.2992,0.298076923076923,0.675632911392405,0.461290322580645,0,0.809448818897638,0.0414746543778802,0.0790697674418605,0.216383307573416,0.969055374592834,0.0347003154574132,0,0.345736434108527,0.0388802488335925,0.0565149136577708,0.472353870458136,0.966876971608833,0.279935275080906,0.975922953451043,0.968652037617555,0,0.96711509715994,0.03125,0.967391304347826,0.826224328593997,0.97092084006462,0.0427892234548336,0.98159509202454,0.0332278481012658,0.885579937304075,0.696141479099678,0.925233644859813,0.960691823899371,0.970219435736677,0.311320754716981,0.933649289099526,0.964560862865948,0.0325581395348837,0.059748427672956,0.963434022257552,0.971875,0.330203442879499,0.894080996884735,0.93030794165316,0.931357254290172,0.964723926380368,0,0.147011308562197,0.968944099378882,0.0349761526232114,0,0.937699680511182,0.0096,0.0690737833594976,0.96594427244582,0.936102236421725,0.00480769230769231,0.603174603174603,0.412420382165605,0.958333333333333,0.0272,0.843450479233227,0.967897271268058,0.378548895899054,0.614307931570762,0.765273311897106,0,0.171428571428571,0.944532488114105,0.963779527559055,0.450155763239875,0.967592592592593,0.951827242524917,0.0676923076923077,0.0015600624024961,0.955177743431221,0.9734375,0.923556942277691,0.681818181818182,0.0368589743589744,0.835725677830941,0.234375,0.186161449752883,0.0062111801242236,0.622792937399679,0.586750788643533,0.603100775193798,0,0.303514376996805,0.890995260663507,0.631741140215716,0.509954058192956,0.120980091883614,0,0,0.965722801788376,0.975308641975309,0,0.889763779527559,0.00793650793650794,0,0,0.969745222929936,0,0.970967741935484,0.751974723538705,0.518575851393189,0.966205837173579,0,0,0.96513470681458,0.942989214175655,0.720748829953198,0.0294573643410853,0.00159489633173844,0.844135802469136,0.595348837209302,0.961844197138315,0.532012195121951,0.352848101265823,0,0.946483180428135,0.0351437699680511,0.92822966507177,0.118110236220472,0,0.0393343419062027,0.143987341772152,0.506535947712418,0.936630602782071,0,0.922839506172839,0.940809968847352,0.968992248062015,0,0.1,0.968333333333333,0.0375203915171289,0.970679012345679,0.967692307692308,0.04375,0.967642526964561,0.305772230889236,0.793427230046948,0.0427892234548336,0.1824,0.940157480314961,0.00641025641025641,0.0310077519379845,0.940902021772939,0.0428571428571429,0.664012738853503,0.384858044164038,0,0.139103554868624,0.725040916530278,0.26791277258567,0.945482866043614,0.0315955766192733,0.162538699690402,0.476897689768977,0.918836140888208,0.852534562211982,0.935433070866142,0.748387096774194,0,0.96,0.0323076923076923,1,0.386687797147385,0.0349013657056146,0.967791411042945,0.971698113207547,0.963722397476341,0.625978090766823,0.960876369327074,0.144927536231884,0.20919175911252,0.918335901386749,0.854003139717425,0,0,0.955484896661367,0.90952380952381,0.0416,0.95141065830721,0.9703125,0.369085173501577,0.901929260450161,0.720190779014308,0.857142857142857,0,0.92879746835443,0.33968253968254,0.967340590979782,0.963949843260188,0,0.659340659340659,0.947284345047923,0.0317965023847377,0.68621236133122,0.377742946708464,0.801204819277108,0.673501577287066,0.936363636363636,0.111791730474732,0.954619124797407,0.966929133858268,0.957613814756672,0.294212218649518,0.121451104100946,0.958990536277603,0.966463414634146,0.00622083981337481,0.787596899224806,0.464396284829721,0.257503949447077,0.741486068111455,0.968304278922345,0.861904761904762,0.966981132075472,0.112135176651306,0.0275974025974026,0,0.805422647527911,0.0349206349206349,0.0300157977883096,0.2859375,0,0.965463108320251,0.892638036809816,0.969936708860759,0.96583850931677,0.122670807453416,0.032,0,0,0.201288244766506,0.104265402843602,0.174803149606299,0,0.0233644859813084,0.965408805031447,0.0185471406491499,0.297124600638978,0.97275641025641,0.569465648854962,0.949286846275753,0.651632970451011,0.629800307219662,0,0.966917293233083,0.397129186602871,0.510903426791277,0.890076335877863,0.95565749235474,0.408517350157729,0.0109717868338558,0.917851500789889,0.923076923076923,0,0.936267071320182,0.0512422360248447,0.952998379254457,0.458990536277603,0,0.00775193798449612,0.513157894736842,0.811616954474097,0.0327613104524181,0.148626817447496,0.00950871632329636,0.00162074554294976,0.724770642201835,0.0471698113207547,0.96198347107438,0.338461538461538,0.957575757575758,0.0293663060278207,0.377742946708464,0.315286624203822,0.849514563106796,0.120772946859903,0.0324574961360124,0.0031201248049922,0.0746031746031746,0,0.965996908809892,0.0598705501618123,0.947209653092006,0.0317460317460317,0.964912280701754,0,0.503076923076923,0.470494417862839,0.967084639498433,0,0.966717095310136,0,0.393258426966292,0.955246913580247,0,0.620583717357911,0.949764521193093,0.737341772151899,0.9248,0.0636645962732919,0,0.965189873417722,0.269291338582677,0,0.671383647798742,0.0353846153846154,0.0498442367601246,0.9632,0.9703125,0.95800933125972,0.940251572327044,0.948031496062992,0,0.957878315132605,0.0202492211838006,0.352395672333849,0.284820031298905,0.9609375,0.962025316455696,0.972136222910217,0.960998439937597,0.0546021840873635,0.0397456279809221,0.962540716612378,0.9421875,0.716279069767442,0.94811320754717,0.963358778625954,0.946708463949843,0,0,0.990839694656489,0,0.0950155763239875,0,0.925984251968504,0.284329563812601,0.207395498392283,0.141524105754277,0.899361022364217,0,0.132192846034215,0.968503937007874,0.962323390894819,0.641509433962264,0.412746585735964,0.218890554722639,0.194401244167963,0.6416,0.0262751159196291,0.156739811912226,0.5375,0.272151898734177,0.701378254211332,0.0375586854460094,0,0.0301109350237718,0.31973898858075,0.969255663430421,0.602523659305994,0.248475609756098,0.616352201257862,0.849378881987578,0.978428351309707,0.929738562091503,0.953674121405751,0.964968152866242,0.963665086887836,0.541471048513302,0.431888544891641,0.968992248062015,0.0407239819004525,0.0395136778115502,0.85,0.0078003120124805,0.969135802469136,1,0,0.135483870967742,0,0.921135646687697,0,0.94435857805255,0.9625,0.0404984423676012,0.819595645412131,0.967791411042945,0.634493670886076,0.602782071097372,0.850556438791733,0,0,0.914473684210526,0.914893617021277,0.959627329192547,0,0,0.0337078651685393,0.246932515337423,0.527070063694268,0,0.440494590417311,0,0.894060995184591,0.965023847376789,0.183544303797468,0.237577639751553,0,0.357605177993528,0.598736176935229,0.869085173501577,0.931192660550459,0.740566037735849,0.0326594090202177,0.965023847376789,0.0141509433962264,0.971383147853736,0,0.949386503067485,0.00778816199376947,0.9744,0.0508744038155803,0.0255591054313099,0,0,0.812792511700468,0.909531502423263,0.909647779479326,0.719568567026194,0.0568356374807988,0.0418006430868167,0.806299212598425,0.8149300155521,0,0.0424528301886792,0.940157480314961,0,0.975728155339806,0.933539412673879,0.0909090909090909,0.0376175548589342,0.0394944707740916,0.967592592592593,0.458064516129032,0.10459587955626,0.131707317073171,0.136012364760433,0.692058346839546,0.122861586314152,0.966346153846154,0,0.770569620253165,0.959752321981424,0.00319488817891374,0,0.0334855403348554,0,0.0373250388802488,0.968992248062015,0.684039087947883,0.0299684542586751,0.0315457413249211,0.535657686212361,0.919303797468354,0.451713395638629,0.0446153846153846,0.0355987055016181,0.0467741935483871,0.015552099533437,0,0.0488188976377953,0.0351681957186544,0.0368,0.0384615384615385,0.0308641975308642,0.0428571428571429,0.050314465408805,0.0464396284829721,0.015552099533437,0.00323624595469256,0.021978021978022,0.0186915887850467,0.0532915360501567,0.037914691943128,0.0186335403726708,0.0337620578778135,0.0365079365079365,0.0411392405063291,0.0377358490566038,0.0245775729646697,0.0296875,0.0577223088923557,0.0318181818181818,0.0318979266347687
"516",0.399350649350649,0.390749601275917,0.411858974358974,0.437194127243067,0.378246753246753,0.392092257001647,0.48705501618123,0.411580594679186,0.382165605095541,0.00328947368421053,0.387096774193548,0.0016366612111293,0.615136876006441,0.390082644628099,0.62760834670947,0.628389154704944,0.00467289719626168,0.00978792822185971,0.408866995073892,0.408,0.744038155802862,0.610197368421053,0.387096774193548,0.0048,0.43317230273752,0.616013071895425,0.660771704180064,0.373553719008264,0.676470588235294,0.593004769475358,0.610062893081761,0.592417061611374,0.55663430420712,0.603559870550162,0.0016,0.379310344827586,0.0207006369426752,0.379365079365079,0.836734693877551,0.4464,0.00488599348534202,0.00641025641025641,0.00635930047694754,0.38752052545156,0.548760330578512,0.635179153094462,0.587096774193548,0.6,0.654028436018957,0.649532710280374,0.00321027287319422,0.395730706075534,0.707395498392283,0.387301587301587,0.491961414790997,0.662273476112026,0.00498338870431894,0.418032786885246,0.420967741935484,0.495207667731629,0.610328638497653,0.677725118483412,0.607491856677524,0.00495867768595041,0.479541734860884,0.530351437699681,0.00483091787439614,0.383012820512821,0.00321543408360129,0.6,0.459375,0.6032,0.636363636363636,0.384858044164038,0.00469483568075117,0.591414944356121,0.631496062992126,0.624798711755233,0.486178861788618,0.639794168096055,0.0016260162601626,0.58740157480315,0.633647798742138,0.386792452830189,0.660883280757098,0.457413249211356,0.376582278481013,0.420634920634921,0.39047619047619,0.00469483568075117,0.39413680781759,0.384,0.0032258064516129,0.00480769230769231,0.413961038961039,0.00320512820512821,0.874801901743265,0.409385113268608,0.0031496062992126,0.00646203554119548,0.774350649350649,0.004739336492891,0.862681744749596,0.372742200328407,0.695583596214511,0.386401326699834,0.00483870967741936,0.404153354632588,0.608482871125612,0.607142857142857,0.616242038216561,0.468085106382979,0.654838709677419,0.392220421393841,0.00488599348534202,0.401273885350318,0.600644122383253,0.00158982511923688,0.62379421221865,0.643659711075441,0.00470219435736677,0.565428109854604,0.796084828711256,0.636807817589576,0.414239482200647,0.633870967741936,0.386687797147385,0.386075949367089,0.00482315112540193,0.845541401273885,0.448946515397083,0.615640599001664,0.407960199004975,0.00476190476190476,0.383116883116883,0.60031847133758,0.00473186119873817,0.777957860615883,0.557911908646003,0.898502495840266,0.00322061191626409,0.00325732899022801,0.407582938388626,0.559677419354839,0.652459016393443,0.3824,0.60655737704918,0.45933014354067,0.611842105263158,0.376766091051805,0.753246753246753,0.390048154093098,0.368506493506494,0.488038277511962,0.389337641357027,0.598684210526316,0.37987012987013,0.597381342062193,0.00319488817891374,0.586709886547812,0.510971786833856,0.403508771929825,0.607255520504732,0.00315955766192733,0.376996805111821,0.637271214642263,0.386513157894737,0.388535031847134,0.384615384615385,0.593700787401575,0.398073836276083,0.617977528089888,0.419047619047619,0.618380062305296,0.480263157894737,0.619047619047619,0.00326797385620915,0.386731391585761,0.0016,0.477165354330709,0.391653290529695,0.645631067961165,0.3984,0.44,0.385802469135802,0.402866242038217,0.646496815286624,0.627009646302251,0.462686567164179,0.460032626427406,0.625199362041467,0.622820919175911,0.413290113452188,0.511923688394277,0.00317460317460317,0.0048,0.856913183279743,0.004739336492891,0.383147853736089,0.660347551342812,0.508196721311475,0.507086614173228,0.398744113029827,0.803514376996805,0.643423137876387,0.8125,0.398073836276083,0.409461663947798,0.484602917341977,0.00325732899022801,0.479935794542536,0.785714285714286,0.441935483870968,0.619439868204283,0.630744849445325,0.836833602584814,0.395461912479741,0.397496087636933,0.5312,0.398058252427184,0.486885245901639,0.00487012987012987,0.623397435897436,0.608832807570978,0.405492730210016,0.00478468899521531,0.383647798742138,0.408450704225352,0.817034700315457,0.544871794871795,0.389885807504078,0.376237623762376,0.903846153846154,0.00493421052631579,0.489859594383775,0.607201309328969,0.415032679738562,0.610223642172524,0.420221169036335,0.37012987012987,0.383147853736089,0.42443729903537,0.600638977635783,0.634304207119741,0.404220779220779,0.591194968553459,0.606431852986217,0.606864274570983,0.591205211726384,0.605815831987076,0.737623762376238,0.661881977671451,0.60223642172524,0.605015673981191,0.609448818897638,0.772655007949126,0.614754098360656,0.402298850574713,0.00823723228995058,0.611821086261981,0.0048,0.813311688311688,0.392220421393841,0.393312101910828,0.442834138486312,0.00477707006369427,0.503289473684211,0.496865203761755,0.594594594594595,0.586151368760064,0.630470016207455,0.61038961038961,0.00801282051282051,0.362459546925566,0.70125786163522,0.588138385502471,0.413961038961039,0.620192307692308,0.604465709728868,0.621621621621622,0.655448717948718,0.390749601275917,0.385878489326765,0.480263157894737,0.00476190476190476,0.710651828298887,0.483498349834984,0.00484652665589661,0.615384615384615,0.474015748031496,0.404220779220779,0.00316957210776545,0.625796178343949,0.601895734597156,0.414355628058728,0.491883116883117,0.613333333333333,0.00495867768595041,0.915064102564103,0.39870340356564,0.590342679127726,0.624600638977636,0.672,0.407232704402516,0.606109324758842,0.38006230529595,0.385852090032154,0.608482871125612,0.419457735247209,0.386837881219904,0.403624382207578,0.383012820512821,0.650819672131148,0.71451355661882,0.817741935483871,0.417491749174917,0.426910299003322,0.0190779014308426,0.640522875816993,0.412520064205457,0.618819776714514,0.636363636363636,0.391585760517799,0.392508143322476,0.417322834645669,0.614238410596026,0.375,0.636363636363636,0.419968304278922,0.383986928104575,0.00323624595469256,0.696343402225755,0.851419031719533,0.620521172638437,0.0222929936305732,0.608424336973479,0.437299035369775,0.616852146263911,0.6120826709062,0.00315955766192733,0.644588045234249,0.401294498381877,0.648208469055375,0.398671096345515,0.421725239616613,0.391162029459902,0.823140495867769,0.842364532019704,0.588996763754045,0.589915966386555,0,0.518760195758564,0.618238021638331,0.59775641025641,0.7632,0.379934210526316,0.608,0.00317460317460317,0.71451355661882,0.613162118780096,0.635332252836305,0.613782051282051,0.390879478827362,0.624584717607973,0.391014975041597,0.392156862745098,0.00323624595469256,0.37904468412943,0.605475040257649,0.3950233281493,0.527331189710611,0.397350993377483,0.622549019607843,0.409090909090909,0.610492845786963,0.476874003189793,0.583196046128501,0.450549450549451,0.4048,0.378421900161031,0.789473684210526,0.417335473515249,0.371835443037975,0.610759493670886,0.621405750798722,0.383223684210526,0.381558028616852,0.63884430176565,0.456730769230769,0.416243654822335,0.429487179487179,0.371428571428571,0.0048780487804878,0.638752052545156,0.382636655948553,0.603864734299517,0.00489396411092985,0.407407407407407,0.00814332247557003,0.616013071895425,0.386792452830189,0.416938110749186,0.00649350649350649,0.771704180064309,0.604538087520259,0.42156862745098,0.609271523178808,0.460420032310178,0.384488448844884,0.690671031096563,0.727564102564103,0.552845528455285,0.00161290322580645,0.77133655394525,0.398692810457516,0.40032154340836,0.611290322580645,0.373996789727127,0.383701188455009,0.626391096979332,0.0032,0.404423380726698,0.3968,0.436187399030695,0.579778830963665,0.619651347068146,0.50801282051282,0.627760252365931,0.772881355932203,0.0064,0.611745513866232,0.586429725363489,0.620031796502385,0.0031496062992126,0.663382594417077,0.453658536585366,0.586370839936609,0.591414944356121,0.620528771384137,0.0048,0.00471698113207547,0.370769230769231,0.404761904761905,0.0016,0.454253611556982,0.0048780487804878,0.00157232704402516,0.0033112582781457,0.382495948136143,0.00476190476190476,0.398360655737705,0.588709677419355,0.85126582278481,0.37245696400626,0.00488599348534202,0.00325732899022801,0.3808,0.422955974842767,0.576,0.605723370429253,0.00498338870431894,0.485086342229199,0.740157480314961,0.380348652931854,0.561128526645768,0.640901771336554,0.00321543408360129,0.402261712439418,0.622950819672131,0.439542483660131,0.613268608414239,0.00471698113207547,0.613003095975232,0.649434571890145,0.584175084175084,0.399361022364217,0.00478468899521531,0.433333333333333,0.411954765751212,0.372827804107425,0.00486223662884927,0.637561779242175,0.412162162162162,0.62962962962963,0.376971608832808,0.383886255924171,0.606060606060606,0.37220447284345,0.833065810593901,0.542949756888169,0.616883116883117,0.770764119601329,0.417886178861789,0.00484652665589661,0.612903225806452,0.418641390205371,0.612111292962357,0.614006514657981,0.616393442622951,0.00476947535771065,0.665071770334928,0.557983193277311,0.802884615384615,0.40527950310559,0.606741573033708,0.652996845425868,0.626890756302521,0.43217665615142,0.4828125,0.426948051948052,0.55877616747182,0.00486223662884927,0.398425196850394,0.616719242902208,0.386687797147385,1,0.6265625,0.382306477093207,0.397745571658615,0.380875202593193,0.551779935275081,0.376996805111821,0.73419773095624,0.782608695652174,0.437201907790143,0.495253164556962,0.00313479623824451,0.00323624595469256,0.381578947368421,0.430921052631579,0.617161716171617,0.418152350081037,0.411392405063291,0.862619808306709,0.432300163132137,0.637987012987013,0.482115085536547,0.0047244094488189,0.407407407407407,0.907915993537964,0.384491114701131,0.390322580645161,0.00476190476190476,0.622792937399679,0.413570274636511,0.604538087520259,0.573743922204214,0.630645161290323,0.513097072419106,0.574468085106383,0.416666666666667,0.608763693270736,0.401639344262295,0.395866454689984,0.418641390205371,0.861157024793388,0.6944,0.406995230524642,0.380573248407643,0.00477707006369427,0.572107765451664,0.630331753554502,0.625201938610662,0.563897763578275,0.38599348534202,0.460420032310178,0.378640776699029,0.21875,0.605042016806723,0.00473186119873817,0.541935483870968,0.623376623376623,0.592356687898089,0.632492113564669,0.00481540930979133,0.398058252427184,0.45253164556962,0.3904,0.385093167701863,0.619808306709265,0.611021069692058,0.00313479623824451,0.00317460317460317,0.760129659643436,0.643790849673203,0.657980456026059,0.00318471337579618,0.592125984251968,0.380645161290323,0.261417322834646,0.854368932038835,0.388178913738019,0.783521809369952,0.4170692431562,0.597133757961783,0.628751974723539,0.00478468899521531,0.381679389312977,0.825806451612903,0.791666666666667,0.464968152866242,0.376190476190476,0.704654895666132,0.00637958532695375,0.432258064516129,0.424764890282132,0.00476947535771065,0.383147853736089,0.623809523809524,0.416666666666667,0.614147909967846,0.00483091787439614,0.00646203554119548,0.802698145025295,0.545307443365696,0.610223642172524,0.656957928802589,0.008,0.0033500837520938,0.536050156739812,0.617021276595745,0.376068376068376,0.658267716535433,0.384984025559105,0.613672496025437,0.593301435406699,0.628246753246753,0.508196721311475,0.63743676222597,0.6256,0.00636942675159236,0.617405582922824,0.00317965023847377,0.3828125,0.531302876480541,0.402208201892744,0.614634146341463,0.4,0.00316957210776545,0.599686028257457,0.653530377668309,0.391869918699187,0.00501672240802676,0.384493670886076,0.00487012987012987,0.643769968051118,0.39589905362776,0.00314465408805031,0.744038155802862,0.405228758169935,0.512155591572123,0.431372549019608,0.625199362041467,0.00482315112540193,0.385365853658537,0.625407166123778,0.00316455696202532,0.59717868338558,0.598425196850394,0.607142857142857,0.391735537190083,0.389250814332248,0.3879173290938,0.397456279809221,0.399673735725938,0.00316957210776545,0.415458937198068,0.0110410094637224,0.888357256778309,0.635782747603834,0.395161290322581,0.38375796178344,0.38755980861244,0.395275590551181,0.0612903225806452,0.625806451612903,0.400981996726678,0.420032310177706,0.580847723704867,0.391785150078989,0.379310344827586,0.423861852433281,0.0031496062992126,0.00478468899521531,0.3950233281493,0.003125,0.616,0.00656814449917898,0.428338762214984,0.64026402640264,0.633333333333333,0.659270998415214,0.447154471544715,0.00634920634920635,0.707936507936508,0.3776,0.3968,0.6208,0.805555555555556,0.646697388632873,0.6375,0.547811993517018,0.604395604395604,0.620192307692308,0.796474358974359,0.640901771336554,0.575709779179811,0.610932475884244,0.0032258064516129,0.6032,0.890728476821192,0.380327868852459,0.7328,0.836220472440945,0.611556982343499,0.511111111111111,0.403174603174603,0.447194719471947,0.387459807073955,0.398360655737705,0.4,0.6,0.637096774193548,0.39870340356564,0.625585023400936,0.615146831530139,0.4976,0.00803858520900321,0.392063492063492,0.384244372990354,0.00483091787439614,0.654424040066778,0.00479233226837061,0.415185783521809,0.00493421052631579,0.423809523809524,0.383495145631068,0.603833865814696,0.510500807754443,0.379968203497615,0.723856209150327,0.70859872611465,0.511290322580645,0.0032,0.00482315112540193,0.450586264656616,0.440860215053763,0.4,0.00470957613814757,0.00477707006369427,0.598673300165838,0.624610591900312,0.619426751592357,0.00158478605388273,0.6192,0.00482315112540193,0.440931780366057,0.388524590163934,0.714754098360656,0.642857142857143,0.00312989045383412,0.661835748792271,0.552547770700637,0.468599033816425,0.427892234548336,0.594202898550725,0.621621621621622,0.398682042833608,0.0745542949756888,0.397708674304419,0.00485436893203883,0.394080996884735,0.00649350649350649,0.388797364085667,0.615262321144674,0.390879478827362,0.00317965023847377,0.00325732899022801,0.506410256410256,0.431372549019608,0.434579439252336,0.560629921259843,0.624012638230648,0.618892508143323,0.474025974025974,0.410296411856474,0.00329489291598023,0.59967585089141,0.415986949429038,0.00159235668789809,0.385365853658537,0.430124223602484,0.637096774193548,0.01743264659271,0.603225806451613,0.385826771653543,0.604918032786885,0.597738287560582,0.621931260229133,0.641269841269841,0.603252032520325,0.639810426540284,0.395498392282958,0.00328407224958949,0.589285714285714,0.381102362204724,0.00490196078431373,0.00482315112540193,0.622083981337481,0,0.615755627009646,0.388272583201268,0.555189456342669,0.614006514657981,0.601941747572815,0.830870279146141,0.427642276422764,0.665615141955836,0.0201863354037267,0.613114754098361,0.0639344262295082,0.0176565008025682,0.00481540930979133,0.522653721682848,0.606864274570983,0.6,0.606864274570983,0.616852146263911,0.0210355987055016,0.0238095238095238,0.629337539432177,0.0144927536231884,0.00823723228995058,0.0412698412698413,0.0189274447949527,0.0210696920583468,0.631410256410256,0.0223642172523962,0.608910891089109,0.629449838187702,0.0165289256198347,0.61637239165329,0.0522151898734177,0.620745542949757,0.608214849921011,0.610248447204969,0.606741573033708
"517",0.00154559505409583,0,0.0287009063444109,0.0639625585023401,0.015748031496063,0,0.100154083204931,0.024653312788906,0,0,0,0,0.428571428571429,0,0.954198473282443,0.990853658536585,0,0.00153846153846154,0.0031201248049922,0.0166919575113809,0.839203675344564,0.970404984423676,0.0119760479041916,0,0.0474732006125574,0.753125,0.889057750759878,0.0078003120124805,0.544227886056971,0.325757575757576,1,0.311077389984825,0.237129485179407,0.718461538461538,0,0,0.00455235204855842,0.00454545454545455,0.752923976608187,0.0922844175491679,0,0,0,0,0.221518987341772,0.978395061728395,0.486196319018405,1,0.543833580980683,0.85972850678733,0,0.00611620795107034,0.729198184568835,0,0.107361963190184,0.841121495327103,0,0.0278637770897833,0.0392749244712991,0.108231707317073,0.698170731707317,0.569069069069069,1,0,0.0976377952755905,0.180152671755725,0,0.00923076923076923,0,1,0.135746606334842,0.992389649923896,0.980182926829268,0,0,0.292168674698795,0.956456456456456,0.423831070889894,0.101088646967341,0.742811501597444,0,0.289833080424886,0.790104947526237,0.00150602409638554,0.885542168674699,0.0982142857142857,0.00458015267175573,0.0317220543806647,0.0316742081447964,0,0.0124416796267496,0,0,0,0.031201248049922,0,0.695121951219512,0.0197268588770865,0,0,0.393393393393393,0,0.725155279503106,0,0.902511078286558,0,0,0.0197568389057751,1,0.992354740061162,0.990977443609023,0.0835866261398176,0.677862595419847,0.00765696784073507,0,0.0137404580152672,0.285280728376328,0,1,0.776758409785933,0,0.235658914728682,0.756134969325153,0.928125,0.0304878048780488,0.841463414634146,0.00305343511450382,0.00305810397553517,0,0.463378176382661,0.067175572519084,0.521531100478469,0.0109375,0,0.00612557427258806,0.979228486646884,0,0.787692307692308,0.371559633027523,0.487341772151899,0,0,0.0229007633587786,0.237518910741301,0.825196850393701,0,0.992378048780488,0.0813253012048193,0.591263650546022,0.0181268882175227,0.862992125984252,0.016793893129771,0,0.173780487804878,0.00152439024390244,1,0,1,0,0.268445839874411,0.132835820895522,0.0182926829268293,0.984756097560976,0,0,0.558730158730159,0,0,0,0.708270676691729,0.0244648318042813,0.998456790123457,0.055472263868066,1,0.104199066874028,0.633181126331811,0,0.0153374233128834,0,0.157407407407407,0,0.881172839506173,0.0179640718562874,0.0483383685800604,0.0103703703703704,0.0275229357798165,0.903875968992248,0.62780269058296,0.080188679245283,0.058641975308642,0.944954128440367,0.993993993993994,0.0169230769230769,0.12743628185907,0,0,0.716486902927581,0,0,0.750373692077728,0.116640746500778,0.252252252252252,0.0104790419161677,0.58125,0.572932330827068,0.719435736677116,0.0825825825825826,0.0416666666666667,0.12443095599393,0,0.114457831325301,0.827044025157233,0.0581929555895865,1,0.928358208955224,0.470769230769231,0.0240601503759399,0.0208643815201192,0.173913043478261,0.00153846153846154,0.102760736196319,0,0.923312883435583,0.329819277108434,0.00156739811912226,0,0.00907715582450832,0.0179640718562874,0.454961832061069,0.461305007587253,0.00934579439252336,0,0.633435582822086,0,0.101796407185629,0.488514548238897,0.0286168521462639,1,0.0419790104947526,0.00154798761609907,0,0.0458715596330275,0.469172932330827,0.998452012383901,0.0271084337349398,0.451908396946565,0.995555555555556,0.998520710059172,0.816770186335404,1,0.8484375,0.335832083958021,1,0.997010463378176,0.98937784522003,0.424924924924925,0.958860759493671,0.0185758513931889,0,1,0,0.777080062794348,0,0.0186046511627907,0.100303951367781,0,0.129186602870813,0.142002989536622,0.310185185185185,0.406727828746177,0.536697247706422,0.547286821705426,0,0,0.906485671191554,0.311290322580645,0.0389408099688473,0.988077496274218,0.264437689969605,0.998454404945904,0.881638846737481,0,0,0.1,0,0.362406015037594,0.105100463678516,0,1,0.0945945945945946,0.0182648401826484,0,0.998470948012232,0.998491704374057,0.0171339563862928,0.124031007751938,1,0,0.615501519756839,0.0093603744149766,0.209509658246657,0.611620795107034,0.36055469953775,0.0389805097451274,0.990867579908676,0,0,0.992343032159265,0.0354938271604938,0,0.0267716535433071,0.00303951367781155,0.82648401826484,0.695324283559578,0.729102167182663,0.0202177293934681,0.0671875,0.00149925037481259,0.738931297709924,0.0232198142414861,0.84331797235023,0.703649635036496,0.00305810397553517,0.00307219662058372,0.0354391371340524,0.304012345679012,0.00150602409638554,0.764341085271318,0.0349544072948328,0.00153846153846154,0,0.682228915662651,0.4609375,0.984615384615385,0.00150829562594268,0.99400299850075,0.099388379204893,0.973293768545994,1,0,0.775914634146341,0.00758725341426404,0.923195084485407,0.0156494522691706,0.0294117647058824,0.0122511485451761,0.721617418351477,0.725274725274725,0.332312404287902,0.55205047318612,0,0.173047473200613,0.98796992481203,0.968562874251497,0.813636363636364,0,0.998461538461539,0,0.677710843373494,0.987951807228916,0.978260869565217,0.531490015360983,0,0.725581395348837,0,0.0354391371340524,0,0.00586510263929619,1,0.0015015015015015,0.170245398773006,0,0.986238532110092,0.0195195195195195,1,0.121351766513057,0.302839116719243,0.060790273556231,0.0151745068285281,0,0.717948717948718,0.0341085271317829,0,1,0.974512743628186,0,0,0.678247734138973,0.116207951070336,0.0396825396825397,0.0488549618320611,0,0,0.890965732087227,0,0.998470948012232,0,0.0306748466257669,0,0.957943925233645,0,0.0332829046898638,0,0.375191424196018,0.585139318885449,0.0168711656441718,0.998439937597504,0.143297380585516,0,0.631336405529954,0.401812688821752,0.216589861751152,0,0.841538461538462,0.021671826625387,0.00152671755725191,0.551145038167939,0,0.0273311897106109,0.970858895705521,0,0.0135135135135135,0.00461538461538462,0.047112462006079,0.30920060331825,0.992283950617284,0.132307692307692,0.76103500761035,0.824959481361426,0,0.379310344827586,0.400928792569659,0.388127853881279,0,0.728414442700157,0.0861538461538462,0.358006042296073,0.500751879699248,0.930473372781065,0,0,0,0.0253731343283582,0,0.0736196319018405,0,0,0,0.00153374233128834,0,0,0.225609756097561,0.48575712143928,0,0,0,0.0076103500761035,0.0431547619047619,0.284839203675345,1,0,0.106824925816024,0.409295352323838,0,0.468181818181818,0.654798761609907,0,0.0168195718654434,1,0.0431432973805855,0.90726429675425,0,0.989705882352941,0.882896764252696,0.512861736334405,0.024390243902439,0,0.050520059435364,0.027190332326284,0,0,0.932389937106918,0.0747967479674797,0.998430141287284,0,0,0.990881458966565,0,0.717754172989378,0.204892966360856,0.989096573208723,0.837579617834395,0.0414746543778802,0,1,0.0271084337349398,0.99375,0.352112676056338,0.606153846153846,0,0.89041095890411,0.268330733229329,0.746177370030581,0.0228658536585366,1,0.848392036753446,0.553945249597424,0.0597014925373134,0.123493975903614,0.0349013657056146,0.250769230769231,0,0.0164424514200299,1,0.0349013657056146,0.6265625,1,0,0,0,0.367534456355283,0.0182094081942337,0.872841444270016,0.812213740458015,0.0611620795107034,0.114374034003091,0,0,0.00925925925925926,0.0627943485086342,0.98613251155624,0.0152671755725191,0.00762195121951219,0.644376899696049,0.0736196319018405,0.271585557299843,0.100149476831091,0,0.0380517503805175,0.666666666666667,0,0,0,0.370199692780338,0.0265625,1,0.322932917316693,0.63109756097561,0.199108469539376,0.320493066255778,0.0417910447761194,0.914580265095729,0.0138248847926267,0,0.0184331797235023,0.702290076335878,0.898617511520737,0.00762195121951219,0,0,0.217987804878049,0.546969696969697,0.747336377473364,0.243161094224924,0,0.13089802130898,0,0.103030303030303,1,0,0.181268882175227,0.996904024767802,1,0.732522796352584,0,0.00917431192660551,0.0891238670694864,0.0015015015015015,0.00296296296296296,0.905343511450382,1,0,0,0.834115805946792,0.929121725731895,0.848909657320872,0,1,0,0.429429429429429,0.715610510046368,0,0.421779141104294,0.028125,0.343373493975904,0.359820089955023,0,0,0.618524332810047,0.508448540706605,0.0686567164179104,0.00910470409711684,0.611111111111111,0,0.0535987748851455,0.0481203007518797,0,0.0343283582089552,0.986280487804878,0.0141732283464567,0.563444108761329,0,0,0.487138263665595,0.172573189522342,1,0.860248447204969,0,0,0.26099706744868,0.972179289026275,0,0.689393939393939,0.00750750750750751,1,0.622388059701493,0.665116279069767,0.126959247648903,0.899053627760252,0.995481927710843,0,0.962790697674419,0,0.00602409638554217,0.810344827586207,0.0194029850746269,0.996889580093313,0,0,0.475262368815592,0.546850998463902,0,0,0.0014903129657228,0,0.606918238993711,0.0119581464872945,0,0.340329835082459,0.0184615384615385,0.261205564142195,0.0451010886469673,0.960960960960961,0,0,0.751572327044025,0,0.316341829085457,1,0.984756097560976,0,0,0.00895522388059702,0.0261538461538462,0.0170542635658915,0,0.0262345679012346,0,0.651057401812689,0.717095310136157,0.00606980273141123,0.00917431192660551,0.00597014925373134,0.00910470409711684,0.0307219662058372,0.987673343605547,0.0157232704402516,0.0409711684370258,0.276691729323308,0.0226586102719033,0,0.0259146341463415,0,0,0.0191458026509573,0,0.930408472012103,0.00155763239875389,0.0507692307692308,0.72755905511811,0.78816199376947,0.881736526946108,0.086687306501548,0.00153609831029186,0.895454545454546,0,0,0.371212121212121,0.593294460641399,0.78939617083947,0.826347305389222,0.345679012345679,1,0.881538461538461,0.462365591397849,0.748466257668712,0.293853073463268,0.990811638591118,0,1,0.67398119122257,0,0.358778625954198,0.782738095238095,0.367851622874807,0.121951219512195,0.0118694362017804,0.0430622009569378,0.0186915887850467,0,0.00154083204930663,0.460843373493976,0.587087087087087,0.00153846153846154,0.994117647058824,0.989520958083832,0.12788906009245,0,0,0.033434650455927,0,0.8828125,0,0.055045871559633,0,0.0242424242424242,0,0.992424242424242,0.173252279635258,0,0.348091603053435,0.392307692307692,0.108191653786708,0,0,0.0756843800322061,0.0582241630276565,0.0120481927710843,0,0,1,0.773472429210134,0.506870229007634,0,0.560371517027864,0,0.0800627943485086,0,0.821263482280431,0.766467065868264,0,0.660377358490566,0.415644171779141,0.13719512195122,0.0358208955223881,0.226646248085758,1,0.0126984126984127,0.0826952526799387,0,0,0.0192592592592593,0,0,0.986153846153846,0.619266055045872,0,0,0.182228915662651,0.0702028081123245,0.0540540540540541,0.292101341281669,0.974963181148748,0.993798449612403,0.165634674922601,0.165912518853695,0,0.986217457886677,0.0320121951219512,0,0.0152905198776758,0.0438729198184569,0.945371775417299,0,0.996946564885496,0,0.542901716068643,0.919254658385093,0.897151898734177,0.89409984871407,0.312893081761006,0.900452488687783,0,0,0.247278382581649,0.016566265060241,0,0,1,0,1,0,0.287284144427002,1,1,0.465732087227414,0.0352220520673813,0.572713643178411,0,0.998425196850394,0.0425196850393701,0.00766871165644172,0,0.817901234567901,0.994029850746269,0.998449612403101,0.981873111782477,1,0,0,0.986301369863014,0.00609756097560976,0.00308641975308642,0.0260336906584992,0.00458015267175573,0,0.993865030674847,0.0122511485451761,1,0.996899224806202,0,0.995412844036697,0.0524737631184408,1,0.916918429003021,1,0.998477929984779
"518",0.996840442338073,1,0.970814132104455,0.937898089171974,0.987220447284345,1,0.888024883359253,0.973684210526316,1,0,1,0,0.54531490015361,1,0.0462962962962963,0.00777604976671851,0,0.0172684458398744,0.998427672955975,0.981762917933131,0.149390243902439,0.0300157977883096,0.989230769230769,0,0.955453149001536,0.250388802488336,0.11791730474732,0.987261146496815,0.457703927492447,0.692780337941628,0,0.690292758089368,0.7578125,0.276995305164319,0,1,0.013719512195122,0.993865030674847,0.236526946107784,0.909090909090909,0.0015552099533437,0.0184331797235023,0.00766871165644172,1,0.770700636942675,0.0172684458398744,0.513219284603421,0,0.47112462006079,0.128935532233883,0,0.993769470404984,0.262751159196291,1,0.882260596546311,0.1536,0,0.976377952755906,0.961597542242704,0.903225806451613,0.289230769230769,0.421947449768161,0,0,0.9,0.822458270106222,0,0.987538940809969,0,0,0.861963190184049,0.00459418070444104,0.0170278637770898,1,0,0.708018154311649,0.0439393939393939,0.557427258805513,0.903785488958991,0.259016393442623,0,0.705972434915773,0.192955589586524,0.998473282442748,0.105919003115265,0.907834101382488,0.99537750385208,0.969788519637462,0.963358778625954,0.0121028744326778,0.988924050632911,1,0,0,0.979166666666667,0,0.281931464174455,0.984544049459042,0.0091324200913242,0.0108864696734059,0.606481481481482,0,0.277165354330709,1,0.0917431192660551,1,0.0108191653786708,0.9796875,0,0.00771604938271605,0.00918836140888208,0.904088050314465,0.330757341576507,0.993855606758833,0,0.986280487804878,0.708074534161491,0,0,0.230650154798762,0,0.758887171561051,0.233281493001555,0.0818897637795276,0.975646879756469,0.139570552147239,0.996955859969559,0.996904024767802,0,0.542635658914729,0.936434108527132,0.468652037617555,0.990551181102362,0,0.995283018867924,0.024024024024024,0,0.196567862714509,0.6265625,0.513470681458003,0,0,0.981510015408321,0.757296466973886,0.166134185303514,1,0.00775193798449612,0.924846625766871,0.405405405405405,0.984939759036145,0.128775834658188,0.98613251155624,1,0.849544072948328,0.993788819875776,0,1,0,0,0.735433070866142,0.85949177877429,0.986024844720497,0.0169230769230769,0,1,0.429252782193959,1,1,1,0.282642089093702,0.980061349693252,0.00156985871271586,0.953101361573374,0,0.897035881435257,0.364885496183206,0,0.984423676012461,0,0.84031007751938,1,0.125581395348837,0.986046511627907,0.948678071539658,0.991163475699558,0.977168949771689,0.0934150076569678,0.379204892966361,0.927099841521395,0.946875,0.0540958268933539,0.00611620795107034,0.977848101265823,0.854354354354354,0,0,0.282371294851794,0.00153374233128834,1,0.252307692307692,0.875786163522013,0.746564885496183,0.991004497751124,0.41287284144427,0.425038639876352,0.282296650717703,0.927018633540373,0.967136150234742,0.874806800618238,0,0.873282442748092,0.166129032258065,0.940532081377152,0,0.060882800608828,0.528682170542636,0.976635514018692,0.981762917933131,0.817757009345794,1,0.894488188976378,0,0.0666666666666667,0.667673716012085,0.993730407523511,0,0.99236641221374,0.982062780269058,0.539308176100629,0.555045871559633,0.989028213166144,1,0.348297213622291,0,0.890243902439024,0.509230769230769,0.965023847376789,0,0.956060606060606,0.998454404945904,1,0.953343701399689,0.541411042944785,0.00154559505409583,0.97045101088647,0.537867078825348,0.00448430493273543,0.00149925037481259,0.19969040247678,0,0.142405063291139,0.662100456621005,0,0.00463678516228748,0.00777604976671851,0.581709145427286,0.0299684542586751,0.986003110419907,0.0125786163522013,0,0,0.217665615141956,1,0.976780185758514,0.90519877675841,0,0.865814696485623,0.851226993865031,0.684542586750789,0.587326120556414,0.438569206842924,0.438871473354232,0.012326656394453,1,0.0865533230293663,0.695238095238095,0.962558502340094,0.00923076923076923,0.749235474006116,0.00155763239875389,0.117103235747304,1,1,0.884310618066561,0,0.636363636363636,0.88062015503876,0,0,0.893233082706767,0.978193146417445,0,0,0.00154320987654321,0.982456140350877,0.874003189792663,0,0,0.366197183098592,0.990668740279938,0.784073506891271,0.386046511627907,0.655172413793103,0.964939024390244,0.00941915227629513,1,1,0.0062402496099844,0.967441860465116,1,0.976,0.996899224806202,0.174922600619195,0.312594840667678,0.270229007633588,0.978090766823161,0.940705128205128,0.0508474576271186,0.257009345794392,0.976780185758514,0.153495440729483,0.294294294294294,0.995405819295559,0.996899224806202,0.970542635658915,0.694968553459119,0.998468606431853,0.240188383045526,0.964506172839506,0.996875,0,0.314024390243902,0.541925465838509,0.0138888888888889,0.0552995391705069,0.00768049155145929,0.917956656346749,0.0230769230769231,0,0,0.224458204334365,0.992223950233281,0.0699844479004666,0.985342019543974,0.972049689440994,0.989028213166144,0.271132376395534,0.278740157480315,0.6578125,0.465378421900161,0,0.82015503875969,0.0136570561456753,0.0392749244712991,0.193302891933029,1,0.00153374233128834,0,0.328746177370031,0.00619195046439629,0.0235478806907378,0.464396284829721,1,0.272292993630573,1,0.964285714285714,0,0.989520958083832,0,0.998491704374057,0.8296875,1,0.0107692307692308,0.979876160990712,0,0.887692307692308,0.7072,0.947772657450077,0.986175115207373,0.998439937597504,0.277862595419847,0.96141975308642,1,0,0.0250391236306729,1,1,0.316590563165906,0.889570552147239,0.964458804523425,0.952086553323029,1,0,0.110759493670886,1,0.00158478605388273,0,0.968652037617555,0.0127388535031847,0.0425867507886435,1,0.972006220839813,0.00465116279069767,0.62085308056872,0.416666666666667,0.985849056603774,0.00159744408945687,0.881619937694704,0.996840442338073,0.3609375,0.597579425113464,0.780373831775701,0,0.147058823529412,0.971608832807571,1,0.447166921898928,1,0.973941368078176,0.0327102803738318,0,0.987673343605547,0.993798449612403,0.951713395638629,0.681818181818182,0.0077639751552795,0.864139020537125,0.236024844720497,0.173419773095624,0.00768049155145929,0.608557844690967,0.589984350547731,0.608695652173913,0,0.284565916398714,0.914196567862715,0.629800307219662,0.514503816793893,0.082089552238806,0,0,1,0.975609756097561,0,0.926447574334898,0.0110759493670886,0,0,0.998417721518987,0,1,0.766355140186916,0.512158054711246,1,0,0,0.993798449612403,0.966717095310136,0.716692189892802,0,0.00317965023847377,0.871212121212121,0.588235294117647,1,0.532526475037821,0.342679127725857,0,0.981566820276498,0,0.956869009584665,0.0934579439252336,0,0.00750750750750751,0.110584518167457,0.49025974025974,0.975077881619938,0,0.95352323838081,0.979938271604938,1,0,0.0676100628930818,0.93042071197411,0.00324675324675325,1,1,0.00618238021638331,1,0.279320987654321,0.801232665639445,0.00789889415481832,0.156299840510367,0.961180124223602,0.0108864696734059,0,0.976958525345622,0.00476190476190476,0.656,0.377742946708464,0,0.113149847094801,0.740384615384615,0.242378048780488,0.978461538461538,0,0.143076923076923,0.433656957928803,0.945288753799392,0.876132930513595,0.9640625,0.736176935229068,0,0.980213089802131,0,0.967791411042945,0.382306477093207,0,1,1,1,0.629283489096573,0.984591679506934,0.118483412322275,0.189735614307932,0.944012441679627,0.874418604651163,0,0,0.990566037735849,0.941176470588235,0.017515923566879,0.986024844720497,0.992283950617284,0.35375191424196,0.929133858267717,0.725705329153605,0.878048780487805,0,0.968553459119497,0.32182103610675,1,0.998452012383901,0,0.641104294478528,0.972136222910217,0,0.685534591194969,0.375,0.786135693215339,0.674528301886792,0.959152798789713,0.0766871165644172,0.985804416403785,1,0.980061349693252,0.27602523659306,0.0984615384615385,0.993808049535604,1,0.00920245398773006,0.775888717156105,0.448698315467075,0.252696456086287,0.759630200308166,1,0.8859375,1,0.130699088145897,0,0,0.819466248037677,0.00155763239875389,0,0.269767441860465,0,0.989329268292683,0.914634146341463,0.998454404945904,0.995412844036697,0.0795631825273011,0,0,0,0.1696,0.0841269841269841,0.156739811912226,0,0,1,0.00920245398773006,0.283720930232558,1,0.578703703703704,0.9734375,0.650381679389313,0.625748502994012,0,1,0.372827804107425,0.482594936708861,0.924585218702866,0.989345509893455,0.390769230769231,0.0108695652173913,0.959564541213064,0.958841463414634,0,0.966917293233083,0.0153609831029186,0.983766233766234,0.414746543778802,0,0.00934579439252336,0.497584541062802,0.823899371069182,0,0.122611464968153,0.0124416796267496,0.00158730158730159,0.741405082212257,0.0200308166409861,1,0.316666666666667,0.994038748137109,0,0.365591397849462,0.314465408805031,0.86762360446571,0.087719298245614,0.00308166409861325,0.003125,0.040625,0,0.995440729483283,0.0399361022364217,0.980625931445604,0.00475435816164818,1,0,0.497723823975721,0.449074074074074,1,0,0.998470948012232,0,0.387045813586098,0.990783410138249,0,0.647692307692308,0.982919254658385,0.74922600619195,0.946624803767661,0.0352760736196319,0,1,0.253968253968254,0,0.687402799377916,0,0.0184331797235023,1,1,0.990867579908676,0.970633693972179,0.981220657276995,0,0.978125,0.0259541984732824,0.335365853658537,0.274119448698315,0.995327102803738,0.990625,0.992260061919505,0.992295839753467,0.0474732006125574,0.010752688172043,0.98694942903752,0.96141975308642,0.704545454545455,0.984756097560976,1,0.97542242703533,0,0,0.980625931445604,0,0.0620272314674735,0,0.957120980091884,0.271585557299843,0.207606973058637,0.119448698315467,0.921259842519685,0,0.0967741935483871,1,1,0.640866873065015,0.397321428571429,0.210059171597633,0.173252279635258,0.644654088050314,0,0.125190839694656,0.538699690402477,0.251170046801872,0.694864048338369,0.0108024691358025,0,0,0.304278922345483,1,0.619266055045872,0.213432835820896,0.606531881804043,0.874233128834356,0.989393939393939,0.960254372019078,0.984202211690363,1,0.998412698412698,0.552425665101721,0.417549167927383,0.998435054773083,0.00447093889716841,0.0106221547799697,0.867807153965785,0.0122887864823349,1,0.972265023112481,0,0.10223642172524,0,0.952453987730061,0,0.978461538461538,1,0.00611620795107034,0.839313572542902,1,0.6484375,0.612903225806452,0.872239747634069,0,0,0.932692307692308,0.94273127753304,0.990895295902883,0,0,0,0.226244343891403,0.489859594383775,0,0.44,0,0.925117004680187,1,0.160377358490566,0.21969696969697,0,0.344,0.583076923076923,0.869230769230769,0.966917293233083,0.764797507788162,0,0.987261146496815,0.0170807453416149,1,0,0.984662576687117,0.0093167701863354,1,0.0186915887850467,0.0109717868338558,0,0,0.818885448916409,0.928909952606635,0.936170212765957,0.704268292682927,0.0274390243902439,0.00632911392405063,0.830482115085537,0.831818181818182,0,0.013953488372093,0.966049382716049,0,0.984126984126984,0.958904109589041,0.0667701863354037,0.0419906687402799,0.00308166409861325,1,0.466666666666667,0.0708661417322835,0.0959119496855346,0.104776579352851,0.690363349131122,0.0915915915915916,1,0,0.752351097178683,0.978494623655914,0.00469483568075117,0,0,0,0,1,0.70952380952381,0,0,0.539184952978056,0.957943925233645,0.424514200298954,0.0532724505327245,0,0.0568720379146919,0.0198776758409786,0,0.0296411856474259,0.00303030303030303,0,0.00928792569659443,0,0.0490506329113924,0.0575757575757576,0.0121028744326778,0.0212765957446809,0.00631911532385466,0.0261538461538462,0.0243161094224924,0.0600924499229584,0.00612557427258806,0.0201238390092879,0,0.00156985871271586,0.0455259026687598,0.00464396284829721,0.0226586102719033,0,0.031104199066874,0,0
"519",0.996794871794872,1,0.972006220839813,0.945901639344262,0.987012987012987,1,0.899038461538462,0.974358974358974,1,0,1,0,0.582938388625592,1,0.042654028436019,0.00628930817610063,0,0.0192307692307692,0.9967585089141,0.985915492957746,0.166405023547881,0.0296540362438221,0.989113530326594,0,0.962264150943396,0.262738853503185,0.11216429699842,0.988562091503268,0.468944099378882,0.698907956318253,0,0.709320695102686,0.777955271565495,0.287284144427002,0,1,0.0220472440944882,0.995297805642633,0.257186081694402,0.907407407407407,0.00160771704180064,0.0202492211838006,0.00783699059561128,1,0.786061588330632,0.0241157556270096,0.515527950310559,0,0.482549317147193,0.131782945736434,0,0.993558776167472,0.267828843106181,1,0.888535031847134,0.166666666666667,0,0.97626582278481,0.962025316455696,0.910216718266254,0.288611544461778,0.435458786936236,0,0,0.9056,0.827856025039124,0,0.989028213166144,0,0,0.862559241706161,0.00786163522012579,0.0142405063291139,1,0,0.716279069767442,0.048062015503876,0.581648522550544,0.901771336553945,0.266556291390728,0,0.717391304347826,0.205882352941176,1,0.107255520504732,0.915625,0.995363214837713,0.972006220839813,0.968553459119497,0.0124610591900312,0.987261146496815,1,0,0,0.974317817014446,0,0.293563579277865,0.976489028213166,0.009375,0.0109546165884194,0.615384615384615,0,0.284329563812601,1,0.103715170278638,1,0.0111464968152866,0.977707006369427,0,0.00784929356357928,0.00784929356357928,0.911532385466035,0.340694006309148,0.993700787401575,0,0.989113530326594,0.7203125,0,0,0.2384,0,0.782193958664547,0.247261345852895,0.0764227642276423,0.97339593114241,0.145482388973966,1,0.996879875195008,0,0.547169811320755,0.933544303797468,0.505582137161085,0.990384615384615,0,0.995065789473684,0.0201238390092879,0,0.216429699842022,0.630914826498423,0.512,0,0,0.980891719745223,0.764331210191083,0.165032679738562,1,0.00784929356357928,0.927018633540373,0.433441558441558,0.98145285935085,0.135179153094463,0.985959438377535,1,0.8328173374613,0.995245641838352,0,1,0,0,0.749201277955272,0.87673343605547,0.982731554160126,0.0200308166409861,0,1,0.459546925566343,1,1,1,0.291858678955453,0.976993865030675,0.00158227848101266,0.957120980091884,0,0.901898734177215,0.3801261829653,0,0.980707395498392,0,0.857369255150555,1,0.12280701754386,0.980769230769231,0.950949367088608,0.990895295902883,0.973561430793157,0.101246105919003,0.379727685325265,0.929853181076672,0.944805194805195,0.053968253968254,0.0031104199066874,0.979233226837061,0.860282574568289,0,0,0.298245614035088,0.0015552099533437,1,0.264797507788162,0.882736156351791,0.758241758241758,0.990712074303406,0.433811802232855,0.451713395638629,0.295161290322581,0.917981072555205,0.966772151898734,0.893023255813953,0,0.879120879120879,0.170418006430868,0.949367088607595,0,0.0670826833073323,0.54375,0.979365079365079,0.9796875,0.839427662957075,0.998420221169036,0.896062992125984,0,0.0709779179810726,0.656394453004623,0.995176848874598,0,0.992260061919505,0.981538461538462,0.553968253968254,0.562596599690881,0.988958990536278,1,0.361331220285261,0,0.894409937888199,0.531847133757962,0.971947194719472,0,0.955108359133127,0.998405103668262,1,0.957746478873239,0.559748427672956,0,0.96984126984127,0.551181102362205,0.00458015267175573,0.00155038759689922,0.196513470681458,0,0.150159744408946,0.68125,0,0.00311526479750779,0.0078003120124805,0.596006144393241,0.0363036303630363,0.980645161290323,0.0126782884310618,0,0,0.220257234726688,1,0.979591836734694,0.900316455696203,0,0.886178861788618,0.854430379746835,0.705511811023622,0.6125,0.466988727858293,0.460191082802548,0.0125391849529781,1,0.0913312693498452,0.708674304418985,0.963258785942492,0.0109546165884194,0.752738654147105,0.00159235668789809,0.122448979591837,1,1,0.896940418679549,0,0.66358024691358,0.88783570300158,0,0,0.897081413210445,0.980769230769231,0,0.00156985871271586,0.0015625,0.979166666666667,0.896607431340872,0,0,0.383280757097792,0.991961414790997,0.798761609907121,0.405023547880691,0.670926517571885,0.9578125,0.00625,1,1,0.00627943485086342,0.963949843260188,1,0.975922953451043,1,0.186520376175549,0.313291139240506,0.285261489698891,0.971107544141252,0.9456,0.0525502318392581,0.270664505672609,0.973015873015873,0.15527950310559,0.321875,0.995253164556962,0.996805111821086,0.96984126984127,0.695934959349593,0.998449612403101,0.258842443729904,0.962323390894819,0.996753246753247,0,0.324960753532182,0.538834951456311,0.0159744408945687,0.0569620253164557,0.0077639751552795,0.911811023622047,0.0283018867924528,0,0,0.229813664596273,0.993569131832797,0.0672926447574335,0.988352745424293,0.970358814352574,0.985804416403785,0.276461295418641,0.280130293159609,0.679186228482003,0.471169686985173,0,0.829617834394904,0.00933125972006221,0.0369230769230769,0.198748043818466,1,0.00158478605388273,0,0.335443037974684,0.00924499229583975,0.0241545893719807,0.471608832807571,1,0.286624203821656,1,0.968503937007874,0,0.992469879518072,0,0.998447204968944,0.836702954898911,1,0.0126984126984127,0.982731554160126,0,0.886970172684458,0.7312,0.94383775351014,0.987361769352291,0.9984,0.294392523364486,0.967793880837359,1,0,0.0189274447949527,1,1,0.333863275039746,0.891679748822606,0.968954248366013,0.949921752738654,1,0,0.123176661264182,1,0,0,0.969502407704655,0.0112179487179487,0.0431309904153355,1,0.971473851030111,0.00480769230769231,0.629337539432177,0.424764890282132,0.982484076433121,0.00159744408945687,0.878594249201278,0.99836867862969,0.379644588045234,0.613953488372093,0.802931596091205,0,0.158908507223114,0.97741935483871,0.998425196850394,0.461538461538462,1,0.973288814691152,0.0283018867924528,0,0.984126984126984,0.995384615384615,0.953488372093023,0.702492211838006,0.00635930047694754,0.873015873015873,0.235478806907378,0.180165289256198,0.00794912559618442,0.629213483146067,0.610576923076923,0.617322834645669,0,0.297077922077922,0.919558359621451,0.650546021840874,0.530421216848674,0.0797546012269939,0,0,1,0.977029096477795,0,0.926677067082683,0.0110410094637224,0,0,1,0,1,0.774447949526814,0.520865533230294,1,0,0,0.992076069730586,0.966049382716049,0.724137931034483,0,0.00324149108589951,0.887171561051005,0.600624024960998,1,0.543613707165109,0.359300476947536,0,0.981042654028436,0,0.958730158730159,0.0933544303797468,0,0.00911854103343465,0.113085621970921,0.489112227805695,0.97339593114241,0,0.948837209302326,0.974763406940063,1,0,0.0775444264943457,0.934673366834171,0.00327332242225859,1,1,0.0047244094488189,1,0.29559748427673,0.814580031695721,0.00794912559618442,0.162903225806452,0.9568,0.0111111111111111,0,0.972350230414747,0.00486223662884927,0.6688,0.379527559055118,0,0.106481481481481,0.756058158319871,0.253869969040248,0.974960876369327,0,0.143518518518519,0.459770114942529,0.951219512195122,0.900621118012422,0.966772151898734,0.754385964912281,0,0.984544049459042,0,0.971698113207547,0.397745571658615,0,1,1,1,0.639553429027113,0.98740157480315,0.127760252365931,0.182108626198083,0.9484375,0.885400313971743,0,0,0.990384615384615,0.939102564102564,0.0176565008025682,0.985714285714286,0.992236024844721,0.363777089783282,0.93192868719611,0.731319554848967,0.889751552795031,0,0.965244865718799,0.3312,1,0.998415213946117,0,0.638709677419355,0.976152623211447,0,0.69935691318328,0.383647798742138,0.811926605504587,0.6992,0.960725075528701,0.0893682588597843,0.984051036682616,1,0.981102362204724,0.28995057660626,0.0974842767295598,0.988993710691824,1,0.00768049155145929,0.7859375,0.463452566096423,0.265079365079365,0.771875,1,0.887301587301587,1,0.128526645768025,0,0,0.831496062992126,0.00321543408360129,0,0.286846275752773,0,0.990536277602524,0.915254237288136,0.998432601880878,0.995341614906832,0.0875,0,0,0,0.165853658536585,0.0750798722044728,0.156549520766773,0,0,1,0.0078125,0.28436018957346,1,0.581358609794629,0.96969696969697,0.669230769230769,0.644274809160305,0,1,0.388443017656501,0.501597444089457,0.931993817619784,0.992199687987519,0.394695787831513,0.00952380952380952,0.9536,0.957251908396947,0,0.964451313755796,0.0142630744849445,0.991708126036484,0.446345256609642,0,0.009375,0.530679933665008,0.844551282051282,0,0.13322632423756,0.0124416796267496,0.00160771704180064,0.751145038167939,0.0226537216828479,1,0.33489827856025,0.992260061919505,0,0.378716744913928,0.315789473684211,0.882160392798691,0.0982286634460548,0.0015625,0.003125,0.0418006430868167,0,0.995391705069124,0.034257748776509,0.978625954198473,0.00323624595469256,1,0,0.529595015576324,0.460191082802548,1,0,0.998442367601246,0,0.411290322580645,0.990783410138249,0,0.656832298136646,0.98256735340729,0.760765550239234,0.955414012738854,0.0311526479750779,0,1,0.26038338658147,0,0.697637795275591,0,0.018957345971564,1,1,0.992236024844721,0.969502407704655,0.979166666666667,0,0.974763406940063,0.018957345971564,0.351097178683386,0.294851794071763,0.990683229813665,0.992,0.993730407523511,0.995238095238095,0.062111801242236,0.0143312101910828,0.983633387888707,0.959935897435897,0.722480620155039,0.978125,1,0.972093023255814,0,0,0.981818181818182,0,0.0676923076923077,0,0.95440251572327,0.283171521035599,0.206840390879479,0.124213836477987,0.9232,0,0.10641627543036,1,1,0.648985959438378,0.415037593984962,0.205089820359281,0.179173047473201,0.656500802568218,0,0.123824451410658,0.563091482649842,0.265402843601896,0.708527131782946,0.0109204368174727,0,0,0.311688311688312,1,0.6140625,0.223076923076923,0.625592417061611,0.888024883359253,0.987767584097859,0.965686274509804,0.980707395498392,1,1,0.5728,0.432348367029549,0.998410174880763,0.00302571860816944,0.0076103500761035,0.8859375,0.0124610591900312,1,0.973684210526316,0,0.110210696920583,0,0.953674121405751,0,0.975039001560062,1,0.0031104199066874,0.844690966719493,1,0.659677419354839,0.625786163522013,0.880952380952381,0,0,0.939542483660131,0.940998487140696,0.9890625,0,0,0,0.234756097560976,0.511773940345369,0,0.464454976303318,0,0.917460317460317,1,0.152979066022544,0.236024844720497,0,0.363924050632911,0.593700787401575,0.870866141732283,0.965678627145086,0.781990521327014,0,0.991803278688525,0.0110759493670886,1,0,0.98297213622291,0.00788643533123028,1,0.0172955974842767,0.00964630225080386,0,0,0.834621329211746,0.932038834951456,0.941358024691358,0.722222222222222,0.0274390243902439,0.00641025641025641,0.832288401253918,0.828006088280061,0,0.0174603174603175,0.972624798711755,0,0.985483870967742,0.957943925233645,0.0572337042925278,0.046801872074883,0.00156739811912226,1,0.478964401294498,0.0804416403785489,0.0964630225080386,0.1125,0.705314009661836,0.0868878357030016,1,0,0.769230769230769,0.984251968503937,0.00481540930979133,0,0,0,0,1,0.722488038277512,0,0,0.5424,0.961783439490446,0.430577223088924,0.0528771384136858,0.00160513643659711,0.0532258064516129,0.0203442879499218,0,0.026984126984127,0.0061633281972265,0.00157232704402516,0.00933125972006221,0,0.0515297906602254,0.0599078341013825,0.015748031496063,0.0220820189274448,0.0048780487804878,0.0282131661442006,0.0282131661442006,0.0639625585023401,0.00809061488673139,0.0235849056603774,0,0.00158730158730159,0.0492845786963434,0.00797448165869218,0.0262345679012346,0,0.0348101265822785,0.00153139356814701,0.00157977883096367
"520",0.998384491114701,1,0.970125786163522,0.934533551554828,0.985483870967742,1,0.890302066772655,0.973143759873618,1,0,1,0,0.547021943573668,1,0.0420560747663551,0.0046875,0,0.0160771704180064,1,0.985759493670886,0.148205928237129,0.0373983739837398,0.990610328638498,0,0.953051643192488,0.2512,0.105919003115265,0.991961414790997,0.446646341463415,0.690140845070423,0,0.683544303797468,0.761075949367089,0.282296650717703,0,1,0.0170807453416149,0.996908809891808,0.246177370030581,0.898278560250391,0,0.0186625194401244,0.00463678516228748,1,0.765957446808511,0.0129032258064516,0.507936507936508,0,0.461187214611872,0.125,0,0.993579454253612,0.252396166134185,1,0.8816,0.150242326332795,0,0.976,0.957680250783699,0.899529042386185,0.278041074249605,0.428120063191153,0,0,0.891980360065466,0.817896389324961,0,0.990654205607477,0,0,0.856474258970359,0.0062992125984252,0.0111464968152866,1,0,0.692901234567901,0.0373250388802488,0.568720379146919,0.886547811993517,0.247920133111481,0,0.688372093023256,0.206471494607088,0.998430141287284,0.106750392464678,0.903426791277259,0.996825396825397,0.966929133858268,0.969088098918083,0.0107361963190184,0.985759493670886,1,0,0,0.972668810289389,0,0.277864992150706,0.979462875197472,0.0061633281972265,0.00802568218298555,0.603833865814696,0,0.27491961414791,1,0.0920245398773006,1,0.0096,0.976152623211447,0,0.00471698113207547,0.00941915227629513,0.899038461538462,0.330188679245283,0.9904,0,0.985826771653543,0.698587127158556,0,0,0.224842767295597,0,0.749211356466877,0.22706065318818,0.0766721044045677,0.97339593114241,0.148205928237129,0.996879875195008,0.995215311004785,0,0.531847133757962,0.930756843800322,0.479674796747967,0.991974317817014,0,0.993453355155483,0.015220700152207,0,0.199052132701422,0.637223974763407,0.499181669394435,0,0,0.977987421383648,0.755555555555556,0.160453808752026,1,0.00630914826498423,0.922480620155039,0.396103896103896,0.981566820276498,0.130781499202552,0.982649842271293,1,0.836702954898911,0.995283018867924,0,1,0,0,0.728139904610493,0.863141524105754,0.981102362204724,0.0172955974842767,0,1,0.440191387559809,1,1,1,0.277519379844961,0.976377952755906,0.00157728706624606,0.954545454545455,0,0.889240506329114,0.371069182389937,0,0.982511923688394,0,0.837025316455696,1,0.123993558776167,0.980952380952381,0.949606299212598,0.992307692307692,0.973312401883831,0.0876369327073552,0.372854914196568,0.922824302134647,0.936585365853659,0.0482866043613707,0.00156739811912226,0.979099678456592,0.857142857142857,0,0,0.278041074249605,0,1,0.244897959183673,0.87258064516129,0.744,0.990697674418605,0.411764705882353,0.433229813664596,0.273752012882448,0.920508744038156,0.963492063492064,0.866251944012442,0,0.880877742946709,0.156606851549755,0.948553054662379,0,0.0669781931464174,0.528571428571429,0.978056426332288,0.978260869565217,0.811912225705329,1,0.887278582930757,0,0.0673981191222571,0.662037037037037,0.995207667731629,0,0.993788819875776,0.983308042488619,0.541213063763608,0.544444444444444,0.99203821656051,1,0.346092503987241,0,0.880551301684533,0.508716323296355,0.970826580226904,0,0.955108359133127,0.998389694041868,1,0.952380952380952,0.52276295133438,0.00160771704180064,0.971786833855799,0.542452830188679,0.00455927051671732,0.00153609831029186,0.1968,0,0.141233766233766,0.678955453149002,0,0.00156739811912226,0.00467289719626168,0.579109062980031,0.0420711974110032,0.98389694041868,0.00963081861958266,0,0,0.212698412698413,1,0.978021978021978,0.898573692551506,0,0.869354838709677,0.844339622641509,0.677165354330709,0.58609794628752,0.432859399684044,0.449044585987261,0.00930232558139535,1,0.0943396226415094,0.694668820678514,0.961102106969206,0.0109546165884194,0.747235387045814,0.0016025641025641,0.112852664576803,1,1,0.891025641025641,0,0.632398753894081,0.878594249201278,0,0,0.893353941267388,0.977707006369427,0,0.00158982511923688,0.00154798761609907,0.982258064516129,0.879614767255217,0,0,0.36984126984127,0.9904,0.780373831775701,0.388272583201268,0.665056360708535,0.958715596330275,0.00646203554119548,1,1,0.00645161290322581,0.963836477987421,1,0.973813420621931,0.996870109546166,0.170347003154574,0.29375,0.264659270998415,0.974358974358974,0.9375,0.0358814352574103,0.248012718600954,0.971107544141252,0.151090342679128,0.302891933028919,0.993660855784469,0.996805111821086,0.967136150234742,0.683441558441558,0.998454404945904,0.23968253968254,0.965785381026439,0.996810207336523,0,0.306027820710974,0.529790660225443,0.0126582278481013,0.0421216848673947,0.0061633281972265,0.90795631825273,0.0248833592534992,0,0,0.212121212121212,0.990338164251208,0.0654205607476635,0.98371335504886,0.971246006389776,0.990384615384615,0.258012820512821,0.2704,0.673566878980892,0.45,0,0.820919175911252,0.00925925925925926,0.0294573643410853,0.187004754358162,1,0.0015625,0,0.314785373608903,0.00938967136150235,0.0210016155088853,0.471228615863142,1,0.2736,1,0.965023847376789,0,0.990922844175492,0,0.998493975903614,0.825545171339564,1,0.00949367088607595,0.976708074534162,0,0.873015873015873,0.699186991869919,0.941085271317829,0.9859375,0.996815286624204,0.263736263736264,0.965625,1,0,0.0203761755485893,1,1,0.304416403785489,0.876582278481013,0.965403624382208,0.951181102362205,1,0,0.116504854368932,1,0.00156494522691706,0,0.9648,0.0114192495921697,0.0373983739837398,1,0.968152866242038,0.00318979266347687,0.617924528301887,0.412520064205457,0.983686786296901,0,0.868932038834951,0.998373983739837,0.362341772151899,0.584375,0.764895330112721,0,0.143533123028391,0.972886762360447,0.998430141287284,0.43613707165109,1,0.974916387959866,0.0298273155416013,0.00156985871271586,0.984326018808777,0.995215311004785,0.945686900958466,0.67981072555205,0.00471698113207547,0.858730158730159,0.222222222222222,0.175787728026534,0.0062992125984252,0.610142630744849,0.59047619047619,0.586750788643533,0,0.277867528271405,0.904088050314465,0.63166144200627,0.503134796238245,0.0741301059001513,0,0,1,0.973684210526316,0,0.921752738654147,0.00963081861958266,0,0,0.998381877022654,0,1,0.770465489566613,0.516871165644172,1,0,0,0.995161290322581,0.96141975308642,0.707740916271722,0,0.0032258064516129,0.876369327073552,0.580745341614907,1,0.525741029641186,0.343499197431782,0,0.97984496124031,0,0.952922077922078,0.0817307692307692,0,0.00772797527047913,0.101286173633441,0.483498349834984,0.978056426332288,0,0.947530864197531,0.973312401883831,1,0,0.0700636942675159,0.93781512605042,0.00327868852459016,1,1,0.00943396226415094,1,0.272151898734177,0.805900621118012,0.0078003120124805,0.15780998389694,0.957142857142857,0.00797448165869218,0,0.970219435736677,0.00637958532695375,0.644904458598726,0.38740157480315,0,0.100313479623824,0.733333333333333,0.239567233384853,0.978090766823161,0,0.144427001569859,0.443521594684385,0.949386503067485,0.883435582822086,0.965354330708661,0.739967897271268,0,0.979782270606532,0,0.963722397476341,0.380875202593193,0,1,1,1,0.6368,0.982866043613707,0.113418530351438,0.171701112877583,0.949606299212598,0.878548895899054,0,0,0.993485342019544,0.935064935064935,0.0112903225806452,0.984051036682616,0.992211838006231,0.353488372093023,0.934959349593496,0.725677830940989,0.882995319812793,0,0.971428571428571,0.315447154471545,1,1,0,0.638230647709321,0.972668810289389,0,0.687702265372168,0.364649681528662,0.790273556231003,0.671497584541063,0.96177370030581,0.0815384615384615,0.982258064516129,1,0.977742448330684,0.280645161290323,0.0866141732283465,0.99203821656051,1,0.00763358778625954,0.773790951638066,0.449297971918877,0.257364341085271,0.751181102362205,1,0.879746835443038,1,0.12888198757764,0,0,0.812995245641838,0.00159744408945687,0,0.257234726688103,0,0.992138364779874,0.905132192846034,0.998422712933754,0.9953125,0.0864779874213836,0,0,0,0.15609756097561,0.0736,0.156299840510367,0,0,1,0.00777604976671851,0.2752,1,0.57345971563981,0.969205834683955,0.636363636363636,0.619631901840491,0,1,0.375601926163724,0.478537360890302,0.922118380062305,0.987730061349693,0.368916797488226,0.0109034267912773,0.952086553323029,0.956454121306376,0,0.969325153374233,0.0157232704402516,0.986970684039088,0.431888544891641,0,0.0078740157480315,0.509151414309484,0.82258064516129,0,0.128980891719745,0.00941915227629513,0,0.742378048780488,0.0224358974358974,1,0.313664596273292,0.995405819295559,0,0.36734693877551,0.321543408360129,0.855987055016181,0.0975609756097561,0.00158478605388273,0.00158730158730159,0.04,0,0.9953125,0.0420032310177706,0.980091883614089,0.00480769230769231,1,0,0.49607535321821,0.448165869218501,1,0,0.998452012383901,0,0.386837881219904,0.986024844720497,0,0.635071090047393,0.982511923688394,0.75,0.9536,0.033175355450237,0,1,0.250396196513471,0,0.674382716049383,0,0.0138674884437596,1,1,0.990683229813665,0.976,0.985507246376812,0,0.974763406940063,0.0202492211838006,0.325396825396825,0.27244094488189,0.993769470404984,0.993690851735016,0.99537037037037,0.99075500770416,0.0507936507936508,0.0111642743221691,0.985099337748344,0.959183673469388,0.717425431711146,0.979591836734694,1,0.97196261682243,0,0,0.981679389312977,0,0.0667701863354037,0,0.9546875,0.258536585365854,0.194533762057878,0.107981220657277,0.921474358974359,0,0.0940438871473354,1,1,0.629160063391442,0.395738203957382,0.203363914373089,0.172628304821151,0.651898734177215,0,0.116903633491311,0.534591194968553,0.249201277955272,0.695384615384615,0.00941915227629513,0,0,0.296596434359805,1,0.616822429906542,0.209480122324159,0.616224648985959,0.869905956112853,0.989096573208723,0.960720130932897,0.982286634460548,1,0.998427672955975,0.537984496124031,0.411580594679186,0.9984,0.00453857791225416,0.0062111801242236,0.865930599369085,0.00923076923076923,1,0.970679012345679,0,0.102605863192182,0,0.952830188679245,0,0.97196261682243,1,0.0078003120124805,0.842105263157895,1,0.649038461538462,0.619496855345912,0.870607028753994,0,0,0.938211382113821,0.947209653092006,0.988976377952756,0,0,0,0.219092331768388,0.494488188976378,0,0.431279620853081,0,0.919224555735057,1,0.144927536231884,0.234472049689441,0,0.334935897435897,0.572107765451664,0.860282574568289,0.964615384615385,0.7765625,0,0.986991869918699,0.0174603174603175,1,0,0.98297213622291,0.00952380952380952,1,0.0095389507154213,0.00964630225080386,0,0,0.810047095761381,0.928338762214984,0.93613707165109,0.704160246533128,0.0244648318042813,0.00477707006369427,0.832535885167464,0.830015313935682,0,0.0141287284144427,0.968304278922345,0,0.987034035656402,0.955974842767296,0.0534591194968553,0.0358255451713396,0.00158478605388273,1,0.459935897435897,0.073015873015873,0.0941558441558442,0.106012658227848,0.677884615384615,0.0890625,1,0,0.752012882447665,0.979782270606532,0.00476190476190476,0,0,0,0,1,0.711726384364821,0,0,0.530944625407166,0.95016077170418,0.422839506172839,0.0409448818897638,0.00163132137030995,0.0533980582524272,0.0172684458398744,0,0.0316957210776545,0.00617283950617284,0.0016,0.0108695652173913,0,0.0379746835443038,0.0484375,0.0127388535031847,0.0172143974960876,0.00484652665589661,0.0238853503184713,0.0232919254658385,0.0453834115805947,0.00635930047694754,0.0206022187004754,0,0.0032258064516129,0.036741214057508,0.00475435816164818,0.0246913580246914,0,0.0348101265822785,0.00154320987654321,0.00160771704180064
"521",0.646964856230032,0.629860031104199,0.647515527950311,0.628058727569331,0.648298217179903,0.6192,0.629160063391442,0.6375,0.627871362940276,0,0.631083202511774,0,0.686915887850467,0.634920634920635,0.391236306729264,0.388802488335925,0,0.0062402496099844,0.624798711755233,0.645962732919255,0.463722397476341,0.395498392282958,0.636080870917574,0,0.63312693498452,0.641479099678457,0.453834115805947,0.63884430176565,0.590417310664606,0.611544461778471,0.374807987711214,0.680379746835443,0.686614173228347,0.549679487179487,0,0.634768740031898,0.015600624024961,0.625776397515528,0.519578313253012,0.628440366972477,0,0.00619195046439629,0.00153846153846154,0.630990415335463,0.690048939641109,0.391653290529695,0.917981072555205,0.380952380952381,0.613003095975232,0.467275494672755,0,0.628389154704944,0.516431924882629,0.620031796502385,0.629570747217806,0.481540930979133,0,0.646869983948636,0.625786163522013,0.677570093457944,0.599063962558502,0.590979782270607,0.370253164556962,0,0.650717703349282,0.632398753894081,0,0.625786163522013,0,0.377329192546584,0.682170542635659,0.3568,0.386792452830189,0.637770897832817,0,0.660436137071651,0.410296411856474,0.655712050078247,0.664536741214057,0.529801324503311,0,0.711145996860283,0.552671755725191,0.633647798742138,0.439749608763693,0.660493827160494,0.630094043887147,0.62888198757764,0.647798742138365,0.00152905198776758,0.633333333333333,0.628571428571429,0,0,0.62085308056872,0,0.480739599383667,0.651702786377709,0,0.00158478605388273,0.610142630744849,0,0.515772870662461,0.626582278481013,0.434451219512195,0.638095238095238,0.00318979266347687,0.629513343799058,0.381102362204724,0.379527559055118,0.374805598755832,0.628571428571429,0.550702028081123,0.652582159624413,0,0.64,0.698924731182796,0,0.371473354231975,0.486486486486487,0,0.686708860759494,0.494539781591264,0.436688311688312,0.655813953488372,0.4625,0.637770897832817,0.629746835443038,0,0.587962962962963,0.6484375,0.559808612440191,0.628019323671498,0,0.630048465266559,0.383177570093458,0,0.493670886075949,1,0.5776,0,0,0.644654088050314,0.661392405063291,0.517628205128205,0.634768740031898,0.358161648177496,0.642857142857143,0.594202898550725,0.630534351145038,0.464169381107492,0.634375,0.630225080385852,0.637209302325581,0.630914826498423,0.354531001589825,0.638198757763975,0.362041467304625,0,0.618441971383148,0.659937888198758,0.643856920684292,0.374608150470219,0,0.635658914728682,0.639741518578352,0.634894991922456,0.638198757763975,0.631007751937985,0.574468085106383,0.655172413793103,0.382445141065831,0.634294385432473,0.359013867488444,0.649762282091918,0.781591263650546,0,0.640944881889764,0,0.693270735524257,0.615264797507788,0.432907348242812,0.625,0.641653905053599,0.628614916286149,0.620904836193448,0.428348909657321,0.579598145285935,0.671451355661882,0.646964856230032,0.39403453689168,0.368740515933232,0.634894991922456,0.628482972136223,0,0,0.524271844660194,0,0.633435582822086,0.510077519379845,0.624600638977636,0.729984301412873,0.631172839506173,0.565149136577708,0.542586750788643,0.521462639109698,0.630503144654088,0.636650868878357,0.653435114503817,0,0.629179331306991,0.459069020866774,0.67862969004894,0.365203761755486,0.450769230769231,0.577952755905512,0.638932496075353,0.632148377125193,0.683307332293292,0.629057187017002,0.676100628930818,0,0.433070866141732,0.649532710280374,0.653160453808752,0,0.626153846153846,0.640060240963855,0.584786053882726,0.614649681528662,0.641269841269841,0.636661211129296,0.518167456556082,0,0.62596599690881,0.64576802507837,0.640065146579805,0.382581648522551,0.657450076804916,0.6272,0.620689655172414,0.646964856230032,0.623839009287926,0.370486656200942,0.6546875,0.927580893682589,0.383435582822086,0.363358778625954,0.479430379746835,0.352574102964119,0.437299035369775,0.593846153846154,0.365354330708661,0.36817472698908,0.364341085271318,0.585889570552147,0.390127388535032,0.640378548895899,0.00315457413249211,0.342767295597484,0,0.482484076433121,0.628205128205128,0.645669291338583,0.667697063369397,0,0.652173913043478,0.615503875968992,0.70846394984326,0.660910518053375,0.649921507064364,0.522292993630573,0.0031201248049922,0.636070853462158,0.416666666666667,0.680129240710824,0.637658227848101,0.385220125786164,0.618153364632238,0.369496855345912,0.446540880503145,0.638888888888889,0.628664495114006,0.64297253634895,0,0.599071207430341,0.616719242902208,0,0.369230769230769,0.626339969372129,0.634375,0,0.374803149606299,0.378625954198473,0.648,0.677938808373591,0.381260096930533,0,0.538699690402477,0.639625585023401,0.658385093167702,0.5600624024961,0.609448818897638,0.627906976744186,0.384737678855326,0.626728110599078,0.645110410094637,0.3879173290938,0.646322378716745,0.629392971246006,0.637540453074434,0.618973561430793,0.492979719188768,0.510769230769231,0.496111975116641,0.632850241545894,0.638535031847134,0.024653312788906,0.514516129032258,0.633228840125392,0.5484375,0.531202435312024,0.641104294478528,0.641627543035994,0.664586583463339,0.666129032258065,0.619266055045872,0.488076311605723,0.6328125,0.617224880382775,0,0.547546012269939,0.562101910828026,0.385220125786164,0.0283018867924528,0.379785604900459,0.646875,0.390015600624025,0.369905956112853,0,0.573899371069182,0.633333333333333,0.4140625,0.628246753246753,0.634222919937206,0.634185303514377,0.508744038155803,0.52588996763754,0.662420382165605,0.59672131147541,0,0.6625,0.371165644171779,0.390965732087227,0.488372093023256,0.637096774193548,0.364906832298137,0,0.548286604361371,0.371695178849145,0.386687797147385,0.628346456692913,0.634185303514377,0.533117932148627,0.631239935587762,0.615141955835962,0,0.641791044776119,0.367601246105919,0.63020030816641,0.659810126582278,0.641479099678457,0.371835443037975,0.637209302325581,0.353407290015848,0.627760252365931,0.69935691318328,0.640552995391705,0.63125,0.621875,0.507836990595611,0.641509433962264,0.631578947368421,0.36517719568567,0.377742946708464,0.621835443037975,0.625776397515528,0.552262090483619,0.62,0.611382113821138,0.684292379471229,0.622670807453416,0,0.458199356913183,0.636932707355243,0.369426751592357,0,0.648264984227129,0.00159489633173844,0.409235668789809,0.633693972179289,0.632911392405063,0,0.604361370716511,0.8,0.636655948553055,0.380032206119163,0.645468998410175,0.621970920840065,0.568218298555377,0.595054095826893,0.723270440251572,0,0.450155763239875,0.637223974763407,0.639810426540284,0.836193447737909,0.627172195892575,0.65625,0.389589905362776,0.0015748031496063,0.634259259259259,0.640062597809077,0.652647975077882,0.672307692307692,0.36031746031746,0.649122807017544,0.6138147566719,0.440789473684211,0.0015552099533437,0.665610142630745,0.648648648648649,0.696124031007752,0,0.536741214057508,0.635093167701863,0.665634674922601,0.631336405529954,0.433082706766917,0,0,0.62178517397882,0.63914373088685,0,0.632911392405063,0.00319488817891374,0,0,0.624012638230648,0,0.648298217179903,0.616224648985959,0.578866768759571,0.619266055045872,0,0,0.644859813084112,0.637614678899083,0.676970633693972,0.363919129082426,0,0.613458528951487,0.590342679127726,0.635646687697161,0.823802163833076,0.565891472868217,0,0.654320987654321,0.381877022653722,0.650563607085346,0.438985736925515,0,0.372727272727273,0.439102564102564,0.617940199335548,0.623639191290824,0,0.661042944785276,0.62015503875969,0.624223602484472,0,0.421303656597774,0.634390651085142,0.36046511627907,0.626749611197512,0.641860465116279,0.370716510903427,0.63166144200627,0.514150943396226,0.635792778649921,0.365777080062794,0.464,0.659340659340659,0.0015748031496063,0.34850863422292,0.637636080870918,0.372964169381107,0.659270998415214,0.557142857142857,0,0.451162790697674,0.674679487179487,0.505546751188589,0.650238473767886,0.372019077901431,0.517940717628705,0.549180327868853,0.689969604863222,0.658385093167702,0.640062597809077,0.688188976377953,0,0.643302180685358,0.354391371340524,0.625978090766823,0.551779935275081,0.367534456355283,0.629283489096573,0.639553429027113,0.6368,1,0.63391442155309,0.444617784711388,0.480952380952381,0.625,0.649842271293375,0,0,0.633333333333333,0.653418124006359,0.376395534290271,0.647058823529412,0.64018691588785,0.53125,0.63301282051282,0.603174603174603,0.611026033690659,0,0.63275039745628,0.498442367601246,0.633228840125392,0.639937106918239,0,0.616747181964573,0.643423137876387,0.3744,0.635930047694754,0.564263322884012,0.659021406727829,0.740445859872611,0.651908396946565,0.44478527607362,0.627009646302251,0.625786163522013,0.638167938931298,0.492682926829268,0.420062695924765,0.6390625,0.615384615384615,0,0.661538461538462,0.604037267080745,0.526729559748428,0.678683385579937,0.631083202511774,0.624,0.644409937888199,0.123076923076923,0.369774919614148,0,0.6859375,0.372670807453416,0.362776025236593,0.535276073619632,0,0.644654088050314,0.655864197530864,0.621495327102804,0.645608628659476,0.466248037676609,0.373831775700935,0,0,0.467408585055644,0.436305732484076,0.478740157480315,0,0.354938271604938,0.619122257053291,0.173106646058733,0.503164556962025,0.640065146579805,0.597503900156006,0.636650868878357,0.70015455950541,0.649691358024691,0,0.619335347432024,0.535143769968051,0.563981042654028,0.629742033383915,0.639876352395672,0.57007874015748,0.003125,0.652996845425868,0.651162790697674,0,0.676380368098159,0.374021909233177,0.629807692307692,0.517295597484277,0,0.0015600624024961,0.577741407528642,0.681528662420382,0.362776025236593,0.465489566613162,0.00310077519379845,0,0.620426829268293,0.39403453689168,0.626666666666667,0.540498442367601,0.620904836193448,0.363636363636364,0.600313479623824,0.6624,0.662939297124601,0.433870967741936,0.360374414976599,0,0.389857369255151,0,0.619482496194825,0.337115072933549,0.631578947368421,0.36650868878357,0.622977346278317,0,0.667682926829268,0.620904836193448,0.618153364632238,0,0.634408602150538,0,0.5814696485623,0.637904468412943,0,0.606531881804043,0.628205128205128,0.987321711568938,0.6432,0.393292682926829,0,0.625,0.496050552922591,0,0.7046875,0.361963190184049,0.362519201228879,0.6304,0.636363636363636,0.639625585023401,0.649842271293375,0.642394822006472,0,0.628980891719745,0.00938967136150235,0.513846153846154,0.529133858267717,0.626373626373626,0.62754303599374,0.640746500777605,0.622874806800618,0.0488188976377953,0.386075949367089,0.619902120717781,0.625,0.675425038639876,0.63182527301092,0.633540372670807,0.662538699690402,0,0,0.630630630630631,0,0.434312210200927,0,0.646417445482866,0.505636070853462,0.58974358974359,0.444444444444444,0.654028436018957,0,0.415625,0.626959247648903,0.637795275590551,0.660771704180064,0.554559043348281,0.549019607843137,0.486238532110092,0.972447325769854,0.360374414976599,0.442700156985871,0.590266875981162,0.499207606973059,0.67687595712098,0.35748031496063,0,0.370662460567823,0.5056,0.6288,0.547692307692308,0.498489425981873,0.654205607476635,0.638198757763975,0.623839009287926,0.655448717948718,0.661881977671451,0.631921824104234,0.628019323671498,0.608695652173913,0.597200622083981,0.630331753554502,0.370426829268293,0.363636363636364,0.674528301886792,0.00299850074962519,0.635367762128325,0.634108527131783,0,0.459150326797386,0,0.67244094488189,0,0.636785162287481,0.635792778649921,0.364197530864198,0.632398753894081,0.618827160493827,0.610492845786963,0.600313479623824,0.614285714285714,0,0,0.648026315789474,0.62826420890937,0.645510835913313,0,0,0.369774919614148,0.485451761102603,0.551401869158878,0,0.621236133122029,0,0.663492063492063,0.63275039745628,0.425806451612903,0.568567026194145,0,0.586816720257235,0.755485893416928,0.625978090766823,0.642414860681115,0.621875,0.377179080824089,0.644444444444444,0.0455974842767296,0.638709677419355,0,0.624615384615385,0.00159489633173844,0.616719242902208,0.380877742946708,0.252380952380952,0,0,0.672926447574335,0.624398073836276,0.621951219512195,0.6109375,0.374807987711214,0.364217252396166,0.694099378881988,0.683001531393568,0,0.37799043062201,0.646781789638933,0,0.63258785942492,0.650231124807396,0.430359937402191,0.0219092331768388,0.357366771159875,0.623639191290824,0.590690208667737,0.421383647798742,0.45933014354067,0.421947449768161,0.672,0.406940063091483,0.632423756019262,0,0.640944881889764,0.631578947368421,0.00160513643659711,0,0.374617737003058,0,0.3703125,0.611023622047244,0.662847790507365,0.364353312302839,0.36608557844691,0.590243902439024,0.634615384615385,0.595611285266458,0.0247678018575851,0.358974358974359,0.0558213716108453,0.0140845070422535,0,0.322274881516588,0.348623853211009,0.364069952305246,0.379256965944272,0.362385321100917,0.0241935483870968,0.0295489891135303,0.383045525902669,0.0156739811912226,0.00643086816720257,0.0363349131121643,0.0202177293934681,0.0279937791601866,0.373817034700315,0.0203442879499218,0.37459807073955,0.373040752351097,0.0208,0.372274143302181,0.0416024653312789,0.3796875,0.370892018779343,0.367069486404834,0.370662460567823
"522",0.9858934169279,0.984567901234568,0.984662576687117,0.936406995230525,0.987577639751553,0.984152139461173,0.901253918495298,0.986068111455108,0.984802431610942,0,0.984447900466563,0,0.567692307692308,0.985714285714286,0.054858934169279,0.0230061349693252,0,0.0110584518167457,0.987341772151899,0.965571205007825,0.171779141104294,0.0476947535771065,0.976599063962558,0,0.941358024691358,0.25625,0.121069182389937,0.97444089456869,0.478461538461538,0.703416149068323,0.014018691588785,0.70750382848392,0.782334384858044,0.28680981595092,0,0.987460815047022,0.015600624024961,0.976851851851852,0.266666666666667,0.898928024502297,0.00158227848101266,0.0124804992199688,0.00615384615384615,0.984202211690363,0.784440842787682,0.0363924050632911,0.521875,0.015600624024961,0.481762917933131,0.152567975830816,0,0.983154670750383,0.282371294851794,0.982785602503912,0.889580093312597,0.172628304821151,0,0.961783439490446,0.967492260061919,0.919753086419753,0.297380585516179,0.444790046656299,0.0112179487179487,0,0.884984025559105,0.820031298904538,0,0.973478939157566,0,0.0125391849529781,0.848024316109423,0.0202177293934681,0.0284810126582278,0.984615384615385,0,0.72281776416539,0.0648148148148148,0.580996884735203,0.909667194928685,0.282218597063622,0,0.718461538461538,0.215384615384615,0.983180428134557,0.137658227848101,0.917933130699088,0.98,0.96793893129771,0.957251908396947,0.0107361963190184,0.974960876369327,0.981191222570533,0,0,0.963492063492064,0,0.305426356589147,0.969325153374233,0.00766871165644172,0.00775193798449612,0.615264797507788,0,0.285491419656786,0.988993710691824,0.11854103343465,0.987096774193548,0.00772797527047913,0.985915492957746,0.0144,0.0217391304347826,0.0234009360374415,0.915227629513344,0.348228043143297,0.976599063962558,0,0.990769230769231,0.726006191950464,0,0.0170807453416149,0.230171073094868,0,0.781102362204724,0.262910798122066,0.0846645367412141,0.967987804878049,0.155145929339478,0.984639016897081,0.98468606431853,0,0.548536209553159,0.947122861586314,0.492138364779874,0.976415094339623,0,0.982539682539682,0.0381679389312977,0,0.22432859399684,0.627329192546584,0.524720893141946,0,0,0.984567901234568,0.763322884012539,0.174757281553398,0.982919254658385,0.0184615384615385,0.932307692307692,0.428571428571429,0.984709480122324,0.141025641025641,0.972434915773354,0.988871224165342,0.82574568288854,0.98125,0.00952380952380952,0.982704402515723,0.0171073094867807,0,0.738244514106583,0.875766871165644,0.976993865030675,0.0353302611367127,0,0.986238532110092,0.462639109697933,0.983844911147011,0.982919254658385,0.986301369863014,0.294027565084227,0.982892690513219,0.0139318885448916,0.963470319634703,0.0151057401812689,0.908385093167702,0.381761978361669,0,0.976671850699845,0,0.84037558685446,0.982919254658385,0.132192846034215,0.984423676012461,0.941267387944359,0.979041916167665,0.966205837173579,0.117004680187207,0.38390092879257,0.922953451043339,0.946540880503145,0.0714285714285714,0.0215716486902928,0.982594936708861,0.864906832298137,0,0,0.303265940902022,0.00155763239875389,0.984802431610942,0.270229007633588,0.883647798742138,0.749240121580547,0.987933634992459,0.447077409162717,0.443076923076923,0.295886075949367,0.91875,0.955696202531646,0.885093167701863,0,0.870769230769231,0.1792,0.9453125,0.0172684458398744,0.0773899848254932,0.536277602523659,0.9703125,0.986153846153846,0.83641975308642,0.9858934169279,0.88871473354232,0,0.0808709175738725,0.661585365853659,0.977952755905512,0,0.981651376146789,0.986384266263237,0.553125,0.565217391304348,0.97339593114241,0.983974358974359,0.352941176470588,0,0.891566265060241,0.537735849056604,0.9824,0.015625,0.958652373660031,0.987480438184664,0.983206106870229,0.94006309148265,0.51702786377709,0.0158227848101266,0.982731554160126,0.539657853810264,0.0210843373493976,0.0197869101978691,0.194704049844237,0.015748031496063,0.157392686804452,0.696319018404908,0.0170015455950541,0.0186046511627907,0.0234741784037559,0.596358118361153,0.0565149136577708,0.97191887675507,0.00941915227629513,0.0139968895800933,0,0.2390625,0.9859375,0.965678627145086,0.901408450704225,0,0.879807692307692,0.849144634525661,0.711598746081505,0.621913580246914,0.448979591836735,0.466141732283465,0.00940438871473354,0.985759493670886,0.107476635514019,0.717948717948718,0.975039001560062,0.0265625,0.758139534883721,0.0172143974960876,0.122480620155039,0.986466165413534,0.985530546623794,0.896825396825397,0,0.64451313755796,0.889589905362776,0,0.0170015455950541,0.899236641221374,0.992150706436421,0,0.0203125,0.0123647604327666,0.985714285714286,0.900161030595813,0.0158982511923688,0,0.378716744913928,0.9952,0.792626728110599,0.396578538102644,0.665605095541401,0.964506172839506,0.0265625,0.984662576687117,0.984447900466563,0.0190174326465927,0.970172684458399,0.984399375975039,0.964912280701754,0.982866043613707,0.185471406491499,0.319148936170213,0.2953125,0.988906497622821,0.927066450567261,0.0508474576271186,0.263650546021841,0.9858934169279,0.159442724458204,0.307575757575758,0.987538940809969,0.979813664596273,0.976958525345622,0.696141479099678,0.981510015408321,0.249206349206349,0.976851851851852,0.979527559055118,0,0.332307692307692,0.54416403785489,0.0346456692913386,0.0504587155963303,0.024390243902439,0.901689708141321,0.0386398763523957,0.0170807453416149,0,0.23208722741433,0.979591836734694,0.0860215053763441,1,0.98125,0.984472049689441,0.2921875,0.297770700636943,0.669781931464174,0.471636952998379,0,0.817757009345794,0.0333839150227618,0.0496240601503759,0.207055214723926,0.9858934169279,0.0186335403726708,0,0.337480559875583,0.0276923076923077,0.0349206349206349,0.482059282371295,0.987301587301587,0.28341384863124,0.983792544570502,0.959247648902821,0,0.985207100591716,0.0138036809815951,0.984732824427481,0.820872274143302,0.983948635634029,0.0313479623824451,0.963691376701967,0.0172143974960876,0.876175548589342,0.724473257698541,0.940902021772939,1,0.982785602503912,0.294392523364486,0.95260663507109,0.983257229832572,0.0150375939849624,0.0387596899224806,0.984276729559748,0.982919254658385,0.341049382716049,0.878086419753086,0.958132045088567,0.962732919254658,0.983333333333333,0,0.120578778135048,0.985915492957746,0.0173501577287066,0,0.979623824451411,0.0112359550561798,0.0521327014218009,0.983076923076923,0.981308411214953,0.00470957613814757,0.628705148205928,0.426984126984127,0.992050874403816,0.015625,0.859154929577465,0.987301587301587,0.390282131661442,0.616224648985959,0.800632911392405,0,0.167721518987342,0.987301587301587,0.985981308411215,0.459501557632399,0.98755832037325,0.962662337662338,0.0376175548589342,0.0015600624024961,0.987673343605547,0.980952380952381,0.952012383900929,0.687789799072643,0.0203125,0.873217115689382,0.250769230769231,0.175292153589316,0.00615384615384615,0.617834394904459,0.603174603174603,0.615023474178404,0,0.295161290322581,0.922118380062305,0.648233486943164,0.527950310559006,0.0915915915915916,0,0,0.985250737463127,0.959876543209877,0,0.934782608695652,0.0078740157480315,0,0,0.984227129337539,0,0.98546042003231,0.774343122102009,0.533132530120482,0.984709480122324,0,0,0.984496124031008,0.957511380880121,0.727838258164852,0.0122324159021407,0.00315457413249211,0.884615384615385,0.610942249240122,0.987635239567233,0.539755351681957,0.364632237871674,0,0.96594427244582,0.0159489633173844,0.963836477987421,0.0976377952755905,0,0.0253353204172876,0.135725429017161,0.489184692179701,0.960876369327074,0,0.95619335347432,0.967642526964561,0.989164086687306,0,0.0917721518987342,0.932565789473684,0.0179445350734095,0.98310291858679,0.98468606431853,0.0182926829268293,0.982919254658385,0.304747320061256,0.822047244094488,0.0262345679012346,0.179527559055118,0.96594427244582,0.00943396226415094,0.0170278637770898,0.978260869565217,0.0236593059936909,0.664536741214057,0.3984375,0,0.134052388289676,0.744372990353698,0.269230769230769,0.985849056603774,0.0138461538461538,0.166407465007776,0.45771144278607,0.949771689497717,0.901345291479821,0.954616588419405,0.747217806041335,0,0.969325153374233,0.0167173252279635,0.960876369327074,0.376996805111821,0.0182094081942337,0.984591679506934,0.98740157480315,0.982866043613707,0.63391442155309,1,0.148031496062992,0.193037974683544,0.940532081377152,0.883256528417819,0,0,0.982594936708861,0.936305732484076,0.0317965023847377,0.982539682539682,0.993874425727412,0.367851622874807,0.94620253164557,0.739811912225705,0.888888888888889,0,0.960998439937597,0.336448598130841,0.985915492957746,0.984496124031008,0,0.63849765258216,0.985623003194888,0.0187793427230047,0.691943127962085,0.38366718027735,0.803007518796993,0.688,0.948640483383686,0.0918674698795181,0.973270440251572,0.986046511627907,0.9890625,0.30064308681672,0.0950920245398773,0.989230769230769,0.981651376146789,0.00904977375565611,0.78,0.460708782742681,0.268445839874411,0.77639751552795,0.986024844720497,0.873456790123457,0.984399375975039,0.122137404580153,0.0158982511923688,0,0.82574568288854,0.0190174326465927,0.0169753086419753,0.28328173374613,0,0.989045383411581,0.918083462132921,0.986024844720497,0.987635239567233,0.102362204724409,0.0170542635658915,0,0,0.181102362204724,0.0843949044585987,0.157232704402516,0,0.0140625,0.982919254658385,0.0107361963190184,0.300314465408805,0.984202211690363,0.586314152410575,0.966666666666667,0.666153846153846,0.64339908952959,0,0.983606557377049,0.390625,0.510268562401264,0.931818181818182,0.98780487804878,0.401550387596899,0.0108864696734059,0.959501557632399,0.963470319634703,0,0.956325301204819,0.0297805642633229,0.979133226324238,0.440124416796268,0,0.00928792569659443,0.523349436392915,0.852664576802508,0.015527950310559,0.146031746031746,0.0108864696734059,0.0016,0.747368421052632,0.0345368916797488,0.985342019543974,0.333333333333333,0.984732824427481,0.015527950310559,0.375384615384615,0.327503974562798,0.8768,0.110047846889952,0.0212443095599393,0.00309119010819165,0.053968253968254,0,0.98468606431853,0.048,0.990963855421687,0.0189274447949527,0.982428115015974,0,0.515197568389058,0.470219435736677,0.984639016897081,0,0.981735159817352,0,0.416267942583732,0.978625954198473,0,0.652777777777778,0.976340694006309,0.747634069400631,0.966183574879227,0.0508474576271186,0,0.98755832037325,0.259493670886076,0,0.714953271028037,0.0150829562594268,0.0323574730354391,0.982511923688394,0.984227129337539,0.978494623655914,0.960998439937597,0.969936708860759,0,0.96594427244582,0.0214067278287462,0.347626339969372,0.287949921752739,0.986196319018405,0.9796875,0.978819969742814,0.97360248447205,0.0544323483670296,0.0295489891135303,0.990243902439024,0.958461538461538,0.722480620155039,0.972350230414747,0.984962406015038,0.984375,0,0,0.97317436661699,0,0.0797546012269939,0,0.958139534883721,0.278740157480315,0.22508038585209,0.141984732824427,0.909952606635071,0,0.12443095599393,0.984591679506934,0.989230769230769,0.652713178294574,0.426666666666667,0.221556886227545,0.191424196018377,0.65,0.010752688172043,0.130970724191063,0.565217391304348,0.260188087774295,0.703245749613601,0.0280373831775701,0,0.0110935023771791,0.318471337579618,0.985736925515055,0.62111801242236,0.238380809595202,0.624420401854714,0.880916030534351,0.976011994002999,0.971061093247588,0.977742448330684,0.988871224165342,0.982998454404946,0.552995391705069,0.434250764525994,0.987441130298273,0.0196671709531014,0.0226244343891403,0.875776397515528,0.00927357032457496,0.987692307692308,0.962006079027356,0,0.125,0,0.951486697965571,0,0.970633693972179,0.982866043613707,0.0154320987654321,0.845201238390093,0.98310291858679,0.65625,0.630672926447574,0.88125,0,0,0.934102141680395,0.960843373493976,0.990683229813665,0,0,0.0111111111111111,0.238532110091743,0.503115264797508,0,0.464285714285714,0,0.922360248447205,0.982892690513219,0.1484375,0.241221374045802,0,0.350547730829421,0.592125984251968,0.856920684292379,0.977029096477795,0.781109445277361,0.0139318885448916,0.998427672955975,0.0141955835962145,0.980738362760835,0,0.986280487804878,0.00783699059561128,0.985849056603774,0.0265625,0.0141509433962264,0,0,0.833841463414634,0.920382165605096,0.946401225114854,0.69969040247678,0.037821482602118,0.0204724409448819,0.832288401253918,0.831804281345566,0,0.0314465408805031,0.9578125,0,0.970172684458399,0.975039001560062,0.0737833594976452,0.0420560747663551,0.0139751552795031,0.986280487804878,0.472353870458136,0.0868217054263566,0.109177215189873,0.123456790123457,0.704654895666132,0.115151515151515,0.987519500780031,0,0.753943217665615,0.968133535660091,0.00309597523219814,0,0.0164670658682635,0,0.0188087774294671,0.984544049459042,0.716346153846154,0.0159744408945687,0.015748031496063,0.543307086614173,0.969889064976228,0.458333333333333,0.0453857791225416,0.0144927536231884,0.0522151898734177,0.0170015455950541,0,0.0376766091051805,0.0225563909774436,0.0159489633173844,0.0309119010819165,0.0123456790123457,0.0440251572327044,0.0533536585365854,0.0280811232449298,0.0141287284144427,0.00319488817891374,0.0219092331768388,0.0199386503067485,0.0525502318392581,0.0231124807395994,0.0172413793103448,0.0158982511923688,0.0188383045525903,0.0428571428571429,0.0235478806907378,0.0199386503067485,0.0171875,0.0385802469135802,0.0164917541229385,0.0171073094867807
"523",0.133333333333333,0.12755905511811,0.161949685534591,0.185483870967742,0.128367670364501,0.12379421221865,0.230769230769231,0.146456692913386,0.128086419753086,0,0.126582278481013,0,0.498417721518987,0.112012987012987,0.869291338582677,0.871473354231975,0,0.00317460317460317,0.128664495114007,0.145339652448657,0.901098901098901,0.856913183279743,0.134493670886076,0,0.174114021571649,0.73538961038961,0.842679127725857,0.1456,0.64018691588785,0.434439178515008,0.8678955453149,0.433489827856025,0.355877616747182,0.695924764890282,0,0.128205128205128,0.00941915227629513,0.123052959501558,0.831029185867896,0.209448818897638,0,0.00157232704402516,0,0.12379421221865,0.329563812600969,0.8832,0.540031397174254,0.882725832012678,0.618012422360248,0.819444444444444,0,0.138263665594855,0.80824088748019,0.116427432216906,0.232258064516129,0.812398042414356,0,0.158730158730159,0.169036334913112,0.2288,0.705974842767296,0.655608214849921,0.872813990461049,0,0.224193548387097,0.31104199066874,0,0.145833333333333,0,0.86709886547812,0.261068702290076,0.860062893081761,0.874213836477987,0.1234375,0,0.412403100775194,0.878461538461539,0.465709728867624,0.225649350649351,0.741350906095552,0,0.42015503875969,0.749615975422427,0.121495327102804,0.841772151898734,0.2078125,0.119236883942766,0.145800316957211,0.162790697674419,0,0.1344,0.119047619047619,0,0,0.1552,0,0.797488226059655,0.145110410094637,0,0,0.527646129541864,0,0.831730769230769,0.122778675282714,0.962790697674419,0.121359223300971,0,0.153238546603476,0.874603174603175,0.875605815831987,0.877742946708464,0.205087440381558,0.690363349131122,0.13322632423756,0,0.137876386687797,0.419152276295133,0,0.878125,0.730283911671924,0,0.359677419354839,0.890965732087227,0.84329563812601,0.156050955414013,0.793157076205288,0.116822429906542,0.129541864139021,0,0.587869362363919,0.188291139240506,0.555194805194805,0.148325358851675,0,0.136436597110754,0.85625,0,0.898387096774194,0.434439178515008,0.614516129032258,0,0,0.150793650793651,0.351822503961965,0.779771615008157,0.123397435897436,0.862123613312203,0.197819314641745,0.625816993464052,0.137715179968701,1,0.13258785942492,0.12199036918138,0.275316455696203,0.117088607594937,0.863711001642036,0.125391849529781,0.873801916932907,0,0.384116693679092,0.258566978193146,0.134796238244514,0.869496855345912,0,0.126153846153846,0.616260162601626,0.127591706539075,0.120689655172414,0.126348228043143,0.70015455950541,0.159055118110236,0.8752,0.165884194053208,0.86890243902439,0.222940226171244,0.661442006269592,0,0.145996860282575,0,0.24405705229794,0.129485179407176,0.818327974276527,0.144654088050314,0.184375,0.140458015267176,0.152173913043478,0.848341232227488,0.655864197530864,0.197092084006462,0.189542483660131,0.884310618066561,0.879936808846761,0.140322580645161,0.244479495268139,0,0,0.843548387096774,0,0.122065727699531,0.746081504702194,0.244698205546493,0.339652448657188,0.135593220338983,0.716772151898734,0.594383775351014,0.842105263157895,0.197160883280757,0.151419558359621,0.238924050632911,0,0.253543307086614,0.944894651539708,0.180487804878049,0.876190476190476,0.827856025039124,0.606299212598425,0.148325358851675,0.147239263803681,0.298273155416013,0.129133858267717,0.235294117647059,0,0.8256,0.449685534591195,0.1376,0,0.13125,0.14018691588785,0.565560821484992,0.503164556962025,0.135265700483092,0.12214983713355,0.742811501597444,0,0.226851851851852,0.562998405103668,0.152845528455285,0.8712715855573,0.1640625,0.122448979591837,0.128526645768025,0.175438596491228,0.510140405616225,0.872168284789644,0.157643312101911,0.525157232704403,0.873846153846154,0.874617737003058,0.7216,0.877165354330709,0.913114754098361,0.474418604651163,0.872841444270016,0.874613003095975,0.8734375,0.545878693623639,0.852380952380952,0.140096618357488,0,0.870458135860979,0,0.876602564102564,0.133012820512821,0.142172523961661,0.225552050473186,0,0.263910969793323,0.26625386996904,0.420634920634921,0.488076311605723,0.579617834394904,0.571428571428571,0,0.127388535031847,0.984350547730829,0.427392739273927,0.15748031496063,0.879499217527387,0.37914691943128,0.872,0.843167701863354,0.123630672926448,0.126022913256956,0.231147540983607,0,0.500792393026941,0.233704292527822,0,0.874608150470219,0.221020092735703,0.143540669856459,0,0.887122416534181,0.87402799377916,0.152597402597403,0.246031746031746,0.876221498371335,0,0.738582677165354,0.135350318471338,0.343122102009274,0.64968152866242,0.484702093397746,0.171606864274571,0.872611464968153,0.122699386503067,0.123222748815166,0.86677367576244,0.160990712074303,0.127591706539075,0.155591572123177,0.122065727699531,0.775316455696203,0.777429467084639,0.85781990521327,0.151960784313725,0.184339314845024,0.00470957613814757,0.721698113207547,0.166139240506329,0.806299212598425,0.698142414860681,0.134185303514377,0.126198083067093,0.153726708074534,0.429037520391517,0.115805946791862,0.72,0.164835164835165,0.12258064516129,0,0.759750390015601,0.592891760904685,0.868131868131868,0.00625978090766823,0.867283950617284,0.205651491365777,0.857366771159875,0.874411302982732,0,0.761217948717949,0.133971291866029,0.843949044585987,0.132352941176471,0.1609375,0.135860979462875,0.859177215189873,0.864157119476268,0.406995230524642,0.585976627712855,0,0.302884615384615,0.8734375,0.838461538461538,0.892575039494471,0.118858954041204,0.877138413685848,0,0.774447949526814,0.862776025236593,0.875399361022364,0.56687898089172,0.125200642054575,0.740740740740741,0.119672131147541,0.15814696485623,0,0.14567526555387,0.872274143302181,0.119751166407465,0.29559748427673,0.128246753246753,0.871794871794872,0.142635658914729,0.871473354231975,0.234726688102894,0.39776357827476,0.183673469387755,0.147151898734177,0.128367670364501,0.843949044585987,0.166666666666667,0.128325508607199,0.866564417177914,0.870253164556962,0.116613418530351,0.129283489096573,0.699367088607595,0.23015873015873,0.16504854368932,0.174183514774495,0.121684867394696,0,0.809135399673736,0.115264797507788,0.876777251184834,0,0.160771704180064,0,0.853503184713376,0.124610591900312,0.150316455696203,0,0.511075949367089,0.613418530351438,0.143089430894309,0.87258064516129,0.252380952380952,0.130794701986755,0.711974110032362,0.527910685805423,0.331746031746032,0,0.957142857142857,0.141233766233766,0.132075471698113,0.598070739549839,0.12202852614897,0.158163265306122,0.85243328100471,0,0.151840490797546,0.129392971246006,0.172413793103448,0.403453689167975,0.870662460567823,0.253184713375796,0.771739130434783,0.822934232715008,0,0.459069020866774,0.481889763779528,0.464788732394366,0,0.729468599033816,0.202229299363057,0.423137876386688,0.522834645669291,0.819847328244275,0,0,0.123456790123457,0.133333333333333,0,0.200636942675159,0,0,0,0.115569823434992,0,0.133333333333333,0.369009584664537,0.60790273556231,0.125193199381762,0,0,0.139280125195618,0.161585365853659,0.387247278382582,0.878504672897196,0,0.234836702954899,0.53198127925117,0.130365659777424,0.529411764705882,0.667192429022082,0,0.146379044684129,0.878088962108731,0.178628389154705,0.836538461538462,0,0.867692307692308,0.81658692185008,0.549248747913189,0.15625,0,0.179012345679012,0.145339652448657,0.113924050632911,0,0.856451612903226,0.178631051752922,0.878887070376432,0.112324492979719,0.126543209876543,0.866043613707165,0.120634920634921,0.8578125,0.3216,0.8592,0.9216,0.165869218500797,0,0.872841444270016,0.1515625,0.873170731707317,0.456168831168831,0.636507936507936,0,0.862284820031299,0.367909238249595,0.876971608832808,0.141945773524721,0.871069182389937,0.823889739663093,0.583056478405316,0.171561051004637,0.229583975346687,0.165064102564103,0.34094616639478,0,0.137345679012346,0.876352395672334,0.144927536231884,0.73419773095624,0.872841444270016,0.118483412322275,0.127760252365931,0.113418530351438,0.444617784711388,0.148031496062992,1,0.928115015974441,0.186009538950715,0.234741784037559,0,0,0.1421647819063,0.186795491143317,0.881877022653722,0.138211382113821,0.142635658914729,0.785488958990536,0.188524590163934,0.400966183574879,0.225460122699387,0,0.141945773524721,0.770569620253165,0.1232,0.121306376360809,0,0.471061093247588,0.155948553054662,0.872611464968153,0.4176,0.64251968503937,0.308396946564885,0.401284109149278,0.164615384615385,0.817764165390505,0.133768352365416,0.122065727699531,0.146189735614308,0.7888,0.836477987421384,0.126760563380282,0.128284389489954,0,0.341121495327103,0.58307210031348,0.745222929936306,0.352848101265823,0.135566188197767,0.230647709320695,0.129133858267717,0.123647604327666,0.874587458745875,0,0.305732484076433,0.880804953560371,0.87244094488189,0.740095087163233,0,0.133122028526149,0.201238390092879,0.134920634920635,0.12755905511811,0.825119236883943,0.886255924170616,0,0,0.914239482200647,0.854132901134522,0.824561403508772,0,0.873417721518987,0.119617224880383,0.382352941176471,0.85214626391097,0.13258785942492,0.555900621118012,0.15224358974359,0.4390625,0.457627118644068,0,0.137614678899083,0.752396166134185,0.650793650793651,0.198473282442748,0.129082426127527,0.725552050473186,0,0.169811320754717,0.164835164835165,0,0.163833075734158,0.869218500797448,0.137931034482759,0.594383775351014,0,0,0.632013201320132,0.3024,0.87719298245614,0.825878594249201,0,0,0.363358778625954,0.866129032258064,0.126666666666667,0.710323574730354,0.129230769230769,0.881987577639752,0.63849765258216,0.691935483870968,0.26461038961039,0.833607907742998,0.872274143302181,0,0.847020933977456,0,0.13323124042879,0.738988580750408,0.149925037481259,0.879421221864952,0.131707317073171,0,0.514728682170543,0.633757961783439,0.125796178343949,0,0.119496855345912,0,0.648780487804878,0.137285491419657,0,0.472049689440994,0.140322580645161,0.3456,0.1824,0.868827160493827,0,0.128410914927769,0.724473257698541,0,0.431034482758621,0.87673343605547,0.875766871165644,0.133223684210526,0.124193548387097,0.133846153846154,0.142857142857143,0.155339805825243,0,0.161648177496038,0.0015527950310559,0.753125,0.72397476340694,0.138147566718995,0.131868131868132,0.135220125786164,0.128637059724349,0.042654028436019,0.892455858747994,0.146579804560261,0.167721518987342,0.38390092879257,0.142857142857143,0.12597200622084,0.165109034267913,0,0,0.146487294469357,0,0.836220472440945,0.0016025641025641,0.167731629392971,0.730519480519481,0.785483870967742,0.880989180834621,0.1875,0.0015748031496063,0.917956656346749,0.127962085308057,0.125198098256735,0.483306836248013,0.73587786259542,0.7526395173454,0.794670846394984,0.4375,0.881987577639752,0.812006319115324,0.5872,0.712918660287081,0.388198757763975,0.873040752351097,0,0.876404494382023,0.778501628664495,0.127035830618893,0.472843450479233,0.894009216589862,0.458135860979463,0.247295208655332,0.144409937888199,0.185667752442997,0.135483870967742,0.119281045751634,0.13258785942492,0.503987240829346,0.613207547169811,0.126582278481013,0.874432677760968,0.869362363919129,0.2601246105919,0,0.11993769470405,0.147104851330203,0,0.821717990275527,0,0.168503937007874,0,0.149206349206349,0.125588697017268,0.8828125,0.275752773375594,0.126168224299065,0.475728155339806,0.503937007874016,0.237479806138934,0,0,0.193388429752066,0.184684684684685,0.143307086614173,0,0,0.870703764320786,0.728260869565217,0.549606299212598,0,0.603448275862069,0,0.1984,0.120634920634921,0.796178343949045,0.730109204368175,0,0.671521035598705,0.467716535433071,0.2432,0.159937888198758,0.362776025236593,0.876947040498442,0.140549273021002,0.0769230769230769,0.133550488599349,0,0.131782945736434,0,0.134087237479806,0.871632329635499,0.553259141494436,0,0,0.274322169059011,0.19349593495935,0.188473520249221,0.395672333848532,0.888888888888889,0.873397435897436,0.27536231884058,0.259938837920489,0,0.874603174603175,0.152996845425868,0,0.142857142857143,0.177018633540373,0.855345911949686,0.00470957613814757,0.864779874213837,0.121069182389937,0.576190476190476,0.826645264847512,0.817589576547231,0.818466353677621,0.416129032258065,0.826086956521739,0.1232,0,0.36724960254372,0.143307086614173,0,0,0.876524390243902,0,0.872641509433962,0.123809523809524,0.398692810457516,0.8784,0.866666666666667,0.586151368760064,0.182552504038772,0.645865834633385,0.00786163522012579,0.873376623376623,0.067741935483871,0.00941915227629513,0,0.73449920508744,0.862654320987654,0.866352201257862,0.862341772151899,0.880989180834621,0.0064,0.0093167701863354,0.868544600938967,0.00797448165869218,0.00319488817891374,0.0321027287319422,0.00946372239747634,0.00470219435736677,0.873617693522907,0.0172955974842767,0.878688524590164,0.873397435897436,0.00641025641025641,0.875598086124402,0.057542768273717,0.879310344827586,0.808477237048666,0.876524390243902,0.868878357030016
"524",0.186795491143317,0.187096774193548,0.21608832807571,0.241042345276873,0.192063492063492,0.184168012924071,0.2864,0.211446740858506,0.188650306748466,0,0.197160883280757,0,0.537007874015748,0.177993527508091,0.802215189873418,0.819466248037677,0,0.0031496062992126,0.190553745928339,0.194928684627575,0.898089171974522,0.808130081300813,0.197802197802198,0,0.236593059936909,0.711783439490446,0.812400635930048,0.192616372391653,0.655436447166922,0.452978056426332,0.816037735849057,0.491365777080063,0.402889245585875,0.669341894060995,0,0.177777777777778,0.0126182965299685,0.186046511627907,0.875192604006163,0.265527950310559,0,0.0015600624024961,0,0.192,0.402662229617304,0.819063004846527,0.577777777777778,0.817170111287758,0.622291021671827,0.769706336939722,0,0.187697160883281,0.832550860719875,0.178170144462279,0.291666666666667,0.788961038961039,0,0.219155844155844,0.21996879875195,0.294670846394984,0.672496025437202,0.666666666666667,0.819354838709677,0,0.285483870967742,0.367601246105919,0,0.192125984251969,0,0.811290322580645,0.303265940902022,0.806603773584906,0.82018927444795,0.1890625,0,0.485225505443235,0.838557993730408,0.511811023622047,0.296116504854369,0.725913621262459,0,0.451104100946372,0.74,0.179968701095462,0.782051282051282,0.269890795631825,0.173775671406003,0.215625,0.206842923794712,0,0.197138314785374,0.192733017377567,0,0,0.210355987055016,0,0.799368088467615,0.206022187004754,0,0,0.577464788732394,0,0.881329113924051,0.173701298701299,0.908950617283951,0.179775280898876,0,0.2128,0.822115384615385,0.816037735849057,0.81974921630094,0.260869565217391,0.690966719492868,0.187993680884676,0,0.19188767550702,0.461417322834646,0,0.810344827586207,0.730210016155089,0,0.3984,0.933962264150943,0.801302931596091,0.211930926216641,0.765354330708661,0.181818181818182,0.183962264150943,0,0.654574132492114,0.246835443037975,0.583061889250814,0.203554119547658,0,0.190864600326264,0.813846153846154,0,0.916129032258065,0.478330658105939,0.667736757624398,0,0,0.2109375,0.420967741935484,0.763492063492063,0.17693522906793,0.802215189873418,0.253565768621236,0.621578099838969,0.194704049844237,0.94345718901454,0.197492163009404,0.185185185185185,0.33122028526149,0.173015873015873,0.799674267100977,0.188679245283019,0.810207336523126,0,0.437795275590551,0.316923076923077,0.194267515923567,0.814641744548287,0,0.181538461538462,0.656957928802589,0.180194805194805,0.191455696202532,0.173913043478261,0.664566929133858,0.21608832807571,0.822605965463108,0.234042553191489,0.817764165390505,0.282051282051282,0.662480376766091,0,0.198449612403101,0,0.28393135725429,0.182389937106918,0.802232854864434,0.209702660406886,0.234645669291339,0.196946564885496,0.214849921011058,0.814696485623003,0.656877897990726,0.262057877813505,0.261980830670927,0.843949044585987,0.823161189358372,0.211111111111111,0.311912225705329,0,0,0.884126984126984,0,0.180817610062893,0.738654147104851,0.2976,0.370139968895801,0.19969040247678,0.756451612903226,0.623824451410658,0.882636655948553,0.253993610223642,0.208931419457735,0.295031055900621,0,0.292307692307692,0.974025974025974,0.235668789808917,0.822503961965135,0.794670846394984,0.659340659340659,0.214170692431562,0.207430340557276,0.342948717948718,0.195924764890282,0.2912,0,0.801872074882995,0.492236024844721,0.201288244766506,0,0.182515337423313,0.202472952086553,0.6352,0.51875,0.197802197802198,0.184514003294893,0.779527559055118,0,0.282608695652174,0.576489533011272,0.211221122112211,0.812206572769953,0.219135802469136,0.184126984126984,0.188976377952756,0.229067930489731,0.5625,0.814814814814815,0.221690590111643,0.569640062597809,0.818181818181818,0.799689440993789,0.712933753943218,0.81421647819063,0.91747572815534,0.514866979655712,0.810207336523126,0.812400635930048,0.810047095761381,0.589147286821705,0.809983896940419,0.206451612903226,0,0.804416403785489,0,0.880191693290735,0.192368839427663,0.205047318611987,0.278740157480315,0,0.31869918699187,0.327586206896552,0.486529318541997,0.525984251968504,0.600961538461538,0.590614886731392,0,0.181672025723473,0.911811023622047,0.494271685761047,0.225239616613419,0.827102803738318,0.422955974842767,0.819905213270142,0.823622047244094,0.189147286821705,0.186688311688312,0.287560581583199,0,0.544600938967136,0.292880258899676,0,0.8171875,0.285935085007728,0.198127925117005,0,0.830188679245283,0.822605965463108,0.206119162640902,0.29903536977492,0.823909531502423,0,0.761453396524487,0.1936,0.392857142857143,0.646687697160883,0.522222222222222,0.235015772870662,0.815705128205128,0.185534591194969,0.193236714975845,0.813804173354735,0.220634920634921,0.195548489666137,0.206119162640902,0.177033492822967,0.76,0.812006319115324,0.885895404120444,0.203525641025641,0.256910569105691,0.0093603744149766,0.726837060702875,0.212698412698413,0.770932069510269,0.695454545454545,0.189274447949527,0.187800963081862,0.208667736757624,0.488745980707395,0.173981191222571,0.729335494327391,0.229457364341085,0.176,0,0.794952681388013,0.644480519480519,0.811616954474097,0.00941915227629513,0.813374805598756,0.259968102073365,0.800312012480499,0.812698412698413,0,0.745283018867924,0.200949367088608,0.803174603174603,0.186274509803922,0.229166666666667,0.192,0.895765472312704,0.895081967213115,0.451923076923077,0.588235294117647,0,0.345659163987138,0.827102803738318,0.803405572755418,0.917573872472784,0.182108626198083,0.81875,0,0.800312012480499,0.805031446540881,0.83015873015873,0.606012658227848,0.178170144462279,0.72258064516129,0.181089743589744,0.211783439490446,0,0.195522388059701,0.804107424960506,0.190108191653787,0.347068145800317,0.19016393442623,0.820031298904538,0.2,0.811802232854864,0.285261489698891,0.466557911908646,0.249609984399376,0.21259842519685,0.177777777777778,0.881703470031546,0.223285486443381,0.183800623052959,0.801526717557252,0.821875,0.173983739837398,0.181674565560821,0.681388012618297,0.28343949044586,0.214052287581699,0.234276729559748,0.191063174114022,0,0.787096774193548,0.169544740973312,0.815165876777251,0,0.220095693779904,0,0.809983896940419,0.181818181818182,0.210776545166403,0,0.564102564102564,0.624600638977636,0.205211726384365,0.813614262560778,0.304140127388535,0.193910256410256,0.69951534733441,0.577952755905512,0.398089171974522,0,0.963549920760697,0.205787781350482,0.192675159235669,0.610675039246468,0.179968701095462,0.204283360790774,0.817014446227929,0,0.208398133748056,0.186900958466454,0.233974358974359,0.451010886469673,0.818181818181818,0.3056,0.746411483253589,0.815126050420168,0,0.501607717041801,0.543887147335423,0.534072900158479,0,0.719211822660099,0.263157894736842,0.474842767295597,0.557453416149068,0.800918836140888,0,0,0.179878048780488,0.197819314641745,0,0.252747252747253,0,0,0,0.182985553772071,0,0.20327868852459,0.410015649452269,0.664086687306502,0.17984496124031,0,0,0.194267515923567,0.218125960061444,0.435257410296412,0.820710973724884,0,0.299531981279251,0.589257503949447,0.183098591549296,0.552099533437014,0.67205169628433,0,0.195275590551181,0.818770226537217,0.235668789808917,0.792880258899676,0,0.819148936170213,0.7712,0.579378068739771,0.202852614896989,0,0.24,0.203149606299213,0.173981191222571,0,0.810064935064935,0.228714524207012,0.832786885245902,0.181533646322379,0.182945736434109,0.815748031496063,0.177316293929712,0.885895404120444,0.36650868878357,0.817034700315457,0.921696574225122,0.218354430379747,0,0.807936507936508,0.219626168224299,0.820428336079077,0.531400966183575,0.634615384615385,0,0.83695652173913,0.415584415584416,0.916403785488959,0.202211690363349,0.814580031695721,0.8,0.601328903654485,0.230529595015576,0.286833855799373,0.226475279106858,0.392857142857143,0,0.192846034214619,0.82015503875969,0.20919175911252,0.782608695652174,0.812213740458015,0.189735614307932,0.182108626198083,0.171701112877583,0.480952380952381,0.193037974683544,0.928115015974441,1,0.233644859813084,0.293375394321767,0,0,0.192675159235669,0.240770465489567,0.82670906200318,0.216478190630048,0.202211690363349,0.828660436137072,0.247135842880524,0.451456310679612,0.288135593220339,0,0.216216216216216,0.795819935691318,0.178743961352657,0.182539682539683,0,0.509646302250804,0.20414673046252,0.813804173354735,0.460420032310178,0.63452566096423,0.348024316109422,0.46677471636953,0.229832572298326,0.788018433179724,0.203525641025641,0.18740157480315,0.205329153605016,0.8128,0.821766561514196,0.186520376175549,0.18408736349454,0,0.409090909090909,0.621283255086072,0.720447284345048,0.413249211356467,0.186708860759494,0.275316455696203,0.190697674418605,0.14797507788162,0.815960912052117,0,0.358730158730159,0.817034700315457,0.817034700315457,0.734597156398104,0,0.197472353870458,0.266666666666667,0.185243328100471,0.192789968652038,0.799373040752351,0.82753164556962,0,0,1,0.815580286168522,0.812698412698413,0,0.812302839116719,0.179080824088748,0.353125,0.889245585874799,0.183739837398374,0.60952380952381,0.219047619047619,0.504702194357367,0.529411764705882,0,0.186363636363636,0.781299524564184,0.685805422647528,0.261538461538462,0.190327613104524,0.758942457231726,0,0.244897959183673,0.226356589147287,0,0.22,0.813694267515924,0.198036006546645,0.615141955835962,0,0,0.686371100164204,0.361736334405145,0.807017543859649,0.798076923076923,0,0,0.422664624808576,0.811501597444089,0.176276771004942,0.70404984423676,0.184496124031008,0.812792511700468,0.625391849529781,0.668276972624799,0.32,0.791190864600326,0.809448818897638,0,0.807073954983923,0,0.1921875,0.708881578947368,0.204301075268817,0.8192,0.1939586645469,0,0.5546875,0.644904458598726,0.185534591194969,0,0.186046511627907,0,0.656301145662848,0.193199381761978,0,0.52931854199683,0.203883495145631,0.389423076923077,0.241935483870968,0.81875,0,0.187106918238994,0.71405750798722,0,0.4859375,0.81651376146789,0.81591263650546,0.198083067092652,0.178060413354531,0.185185185185185,0.20625,0.207667731629393,0,0.216216216216216,0.00312989045383412,0.797191887675507,0.697819314641745,0.200312989045383,0.195892575039494,0.196232339089482,0.190402476780186,0.0505529225908373,0.824561403508772,0.204838709677419,0.232484076433121,0.431464174454829,0.20820189274448,0.183098591549296,0.218152866242038,0,0,0.202743902439024,0,0.800940438871473,0.00159489633173844,0.21405750798722,0.713141025641026,0.773399014778325,0.835130970724191,0.2464,0.00160771704180064,0.903633491311216,0.180665610142631,0.194267515923567,0.538095238095238,0.767722473604827,0.751506024096386,0.765432098765432,0.487883683360259,0.813880126182965,0.776357827476038,0.6432,0.716828478964401,0.438271604938272,0.806299212598425,0,0.818471337579618,0.805466237942122,0.185365853658537,0.546456692913386,0.924012158054711,0.498417721518987,0.31832298136646,0.197836166924266,0.230273752012882,0.203525641025641,0.187800963081862,0.190322580645161,0.544881889763779,0.633802816901408,0.190016103059581,0.821646341463415,0.8125,0.313195548489666,0,0.183098591549296,0.205651491365777,0,0.799674267100977,0,0.219551282051282,0,0.211356466876972,0.18408736349454,0.8203125,0.3328,0.182389937106918,0.541800643086817,0.561128526645768,0.30952380952381,0,0,0.251633986928105,0.246223564954683,0.200949367088608,0,0,0.811382113821138,0.728813559322034,0.572093023255814,0,0.620094191522763,0,0.256329113924051,0.179936305732484,0.793269230769231,0.735202492211838,0,0.696774193548387,0.503164556962025,0.301587301587302,0.22360248447205,0.419303797468354,0.8208,0.197044334975369,0.0865384615384615,0.189102564102564,0,0.193846153846154,0,0.180817610062893,0.813291139240506,0.521103896103896,0,0,0.335453100158982,0.249190938511327,0.254601226993865,0.436619718309859,0.83695652173913,0.820634920634921,0.3248,0.312210200927357,0,0.8224,0.225806451612903,0,0.197712418300654,0.226209048361934,0.807266982622433,0.00634920634920635,0.812400635930048,0.184899845916795,0.583333333333333,0.789808917197452,0.780130293159609,0.788643533123028,0.467637540453074,0.774803149606299,0.189792663476874,0,0.424679487179487,0.19375,0,0,0.8202416918429,0,0.805993690851735,0.184375,0.458609271523179,0.821371610845295,0.810207336523126,0.653721682847896,0.227707006369427,0.656739811912226,0.00927357032457496,0.811688311688312,0.0553745928338762,0.0109717868338558,0,0.693650793650794,0.803076923076923,0.809148264984227,0.812403100775194,0.816770186335404,0.00638977635782748,0.0109717868338558,0.815789473684211,0.00947867298578199,0,0.0334394904458599,0.015748031496063,0.00792393026941363,0.819334389857369,0.0217391304347826,0.823529411764706,0.82475884244373,0.00801282051282051,0.816164817749604,0.0549618320610687,0.820472440944882,0.76303317535545,0.814307458143075,0.810725552050473
"525",0.94524959742351,0.9484375,0.927357032457496,0.910828025477707,0.939393939393939,0.94551282051282,0.873417721518987,0.930015552099533,0.946483180428135,0,0.939968404423381,0,0.571651090342679,0.939102564102564,0.0937019969278034,0.0652503793626707,0,0.015625,0.946031746031746,0.933641975308642,0.217729393468118,0.0884244372990354,0.936825885978428,0,0.931034482758621,0.290880503144654,0.160125588697017,0.927444794952681,0.509893455098935,0.711213517665131,0.0539291217257319,0.705607476635514,0.763492063492063,0.333853354134165,0,0.9453125,0.0184899845916795,0.939157566302652,0.321804511278195,0.870426829268293,0.00157977883096367,0.0151975683890578,0.00622083981337481,0.944620253164557,0.794912559618442,0.0700636942675159,0.513428120063191,0.0535987748851455,0.51219512195122,0.180576631259484,0,0.93522906793049,0.317683881064163,0.948031496062992,0.858730158730159,0.222748815165877,0,0.92368839427663,0.919254658385093,0.879443585780526,0.336973478939158,0.478395061728395,0.0470219435736677,0,0.862459546925566,0.805295950155763,0,0.940438871473354,0,0.0588235294117647,0.865740740740741,0.0618238021638331,0.0715396578538103,0.946646341463415,0,0.720430107526882,0.0944272445820433,0.573872472783826,0.881028938906752,0.309328968903437,0,0.735474006116208,0.243939393939394,0.949074074074074,0.164362519201229,0.894409937888199,0.941448382126348,0.934169278996865,0.924031007751938,0.0122887864823349,0.93563579277865,0.94392523364486,0,0,0.928343949044586,0,0.346811819595645,0.924031007751938,0.00911854103343465,0.0109204368174727,0.646322378716745,0,0.334913112164297,0.945945945945946,0.157650695517774,0.951219512195122,0.0110236220472441,0.934272300469484,0.0482115085536547,0.05625,0.0639625585023401,0.877358490566038,0.373643410852713,0.952681388012618,0,0.942367601246106,0.730829420970266,0,0.0571870170015456,0.272870662460568,0,0.759811616954474,0.30298273155416,0.127186009538951,0.944186046511628,0.190993788819876,0.946401225114854,0.948678071539658,0,0.584876543209877,0.902021772939347,0.513470681458003,0.9472,0,0.931818181818182,0.0746500777604977,0,0.265116279069767,0.626771653543307,0.549520766773163,0,0,0.934681181959565,0.75625,0.199036918138042,0.948194662480377,0.0565149136577708,0.916279069767442,0.43317230273752,0.940092165898618,0.189189189189189,0.947040498442368,0.94488188976378,0.846034214618974,0.937984496124031,0.045958795562599,0.941085271317829,0.0546021840873635,0,0.737089201877934,0.860816944024206,0.931570762052877,0.0679012345679012,0,0.946483180428135,0.473684210526316,0.948136142625608,0.942546583850932,0.956856702619414,0.327160493827161,0.923197492163009,0.0536277602523659,0.909785932721712,0.0521609538002981,0.879746835443038,0.389489953632148,0,0.929467084639498,0,0.825273010920437,0.951863354037267,0.1734375,0.940625,0.927899686520376,0.939577039274924,0.927357032457496,0.15552099533437,0.407294832826748,0.920382165605096,0.900158478605388,0.1,0.065015479876161,0.935331230283912,0.843167701863354,0,0,0.353503184713376,0.00156739811912226,0.938744257274119,0.295107033639144,0.863849765258216,0.751914241960184,0.938650306748466,0.469387755102041,0.457757296466974,0.346581875993641,0.875195007800312,0.918622848200313,0.861491628614916,0,0.893682588597843,0.229402261712439,0.916271721958926,0.0539291217257319,0.117283950617284,0.581903276131045,0.970125786163522,0.932721712538226,0.829652996845426,0.946070878274268,0.86053882725832,0,0.114197530864198,0.674311926605505,0.933333333333333,0,0.943164362519201,0.937212863705972,0.598755832037325,0.553822152886115,0.943307086614173,0.948717948717949,0.419504643962848,0,0.858015267175573,0.536163522012579,0.942528735632184,0.0481366459627329,0.912844036697248,0.941455696202532,0.948275862068966,0.911949685534591,0.557603686635945,0.0588235294117647,0.937106918238994,0.545736434108527,0.0639269406392694,0.060882800608828,0.2515625,0.0574534161490683,0.211690363349131,0.683333333333333,0.0545171339563863,0.0605590062111801,0.0613496932515337,0.636641221374046,0.088,0.941455696202532,0.0128410914927769,0.05625,0,0.273716951788491,0.941732283464567,0.928792569659443,0.910493827160494,0,0.856012658227848,0.815987933634992,0.7078125,0.618973561430793,0.4640625,0.464454976303318,0.0123456790123457,0.944532488114105,0.150769230769231,0.713375796178344,0.932917316692668,0.0746500777604977,0.756172839506173,0.053968253968254,0.169984686064319,0.949464012251149,0.94299674267101,0.866454689984102,0,0.707882534775889,0.863492063492064,0,0.0464396284829721,0.874051593323217,0.938388625592417,0,0.0553846153846154,0.0552995391705069,0.940157480314961,0.870192307692308,0.0545746388443018,0,0.432558139534884,0.93730407523511,0.781345565749236,0.422535211267606,0.6976,0.914196567862715,0.0596546310832025,0.950920245398773,0.941269841269841,0.0594679186228482,0.9258114374034,0.944707740916272,0.930868167202572,0.954758190327613,0.235658914728682,0.361111111111111,0.342271293375394,0.941082802547771,0.906451612903226,0.0482115085536547,0.314194577352472,0.932707355242567,0.190697674418605,0.351963746223565,0.942546583850932,0.947867298578199,0.931570762052877,0.693548387096774,0.942989214175655,0.304897314375987,0.931818181818182,0.947286821705426,0,0.378419452887538,0.583860759493671,0.0672926447574335,0.0524691358024691,0.0611620795107034,0.87673343605547,0.0758513931888545,0.0514820592823713,0,0.278637770897833,0.9484375,0.118296529968454,0.938709677419355,0.931034482758621,0.943307086614173,0.334935897435897,0.342995169082126,0.658346333853354,0.486312399355878,0,0.79304897314376,0.0653495440729483,0.088855421686747,0.253943217665615,0.947030497592295,0.0566615620214395,0,0.386153846153846,0.0637636080870918,0.078740157480315,0.491419656786271,0.950617283950617,0.313572542901716,0.9408,0.916666666666667,0,0.937972768532526,0.0535168195718654,0.95,0.80625,0.948136142625608,0.0657276995305164,0.928792569659443,0.0465116279069767,0.845070422535211,0.725396825396825,0.899536321483771,0.946875,0.93944099378882,0.337025316455696,0.92845786963434,0.94553706505295,0.0535987748851455,0.0778816199376947,0.943307086614173,0.946708463949843,0.364906832298137,0.837423312883436,1,0.911214953271028,0.954337899543379,0,0.162420382165605,0.942097026604069,0.0550314465408805,0,0.93015873015873,0.0128617363344051,0.0989010989010989,0.94435857805255,0.932389937106918,0.004739336492891,0.665625,0.444094488188976,0.937007874015748,0.0489731437598736,0.854889589905363,0.933870967741935,0.416666666666667,0.646417445482866,0.793427230046948,0,0.210361067503925,0.935023771790808,0.9484375,0.460815047021944,0.945121951219512,0.923577235772358,0.0764430577223089,0.00154320987654321,0.944869831546707,0.945226917057903,0.911076443057722,0.665639445300462,0.0476947535771065,0.850393700787402,0.280811232449298,0.222585924713584,0.00758725341426404,0.613564668769716,0.641269841269841,0.645705521472393,0,0.329052969502408,0.890282131661442,0.629402756508423,0.537404580152672,0.126506024096386,0,0,0.947604790419162,0.932203389830508,0,0.909230769230769,0.0108864696734059,0,0,0.95260663507109,0,0.94888178913738,0.812302839116719,0.574018126888218,0.946483180428135,0,0,0.937888198757764,0.913636363636364,0.721792890262751,0.0540123456790123,0.0032,0.858461538461538,0.64451313755796,0.953775038520801,0.551083591331269,0.387147335423198,0,0.929555895865237,0.0528846153846154,0.92,0.136577708006279,0,0.0639269406392694,0.160629921259843,0.509001636661211,0.92846034214619,0,0.915773353751914,0.978260869565217,0.946070878274268,0,0.133545310015898,0.904132231404959,0.057660626029654,0.938176197836167,0.949152542372881,0.0613207547169811,0.95046439628483,0.343605546995377,0.800618238021638,0.0670826833073323,0.226984126984127,0.922360248447205,0.0108695652173913,0.050314465408805,0.938556067588326,0.0643086816720257,0.667194928684628,0.433021806853583,0,0.160493827160494,0.741100323624595,0.315132605304212,0.934681181959565,0.0616113744075829,0.194189602446483,0.457792207792208,0.915514592933948,0.861068702290076,0.920560747663551,0.730708661417323,0,0.930662557781202,0.0533536585365854,0.918335901386749,0.437201907790143,0.0611620795107034,0.944012441679627,0.9484375,0.949606299212598,0.625,0.940532081377152,0.186009538950715,0.233644859813084,1,0.862229102167183,0,0,0.943076923076923,0.937699680511182,0.0684713375796178,0.958532695374801,0.953198127925117,0.412130637636081,0.91283676703645,0.785826771653543,0.861027190332326,0,0.990476190476191,0.377567140600316,0.94488188976378,0.94392523364486,0,0.640502354788069,0.934294871794872,0.0594679186228482,0.693163751987281,0.41588785046729,0.775112443778111,0.703296703296703,0.92156862745098,0.125188536953243,0.936995153473344,0.944186046511628,0.937694704049844,0.3536,0.147385103011094,0.949367088607595,0.942546583850932,0.00928792569659443,0.78021978021978,0.500770416024653,0.302325581395349,0.780152671755725,0.946624803767661,0.856240126382307,0.947204968944099,0.134674922600619,0.0587275693311582,0,0.825119236883943,0.05229793977813,0.0576323987538941,0.3109375,0,0.952307692307692,0.885196374622356,0.943485086342229,0.940458015267176,0.131375579598145,0.053125,0,0,0.210191082802548,0.134585289514867,0.204368174726989,0,0.0555555555555556,0.937791601866252,0.0352220520673813,0.337539432176656,0.9376,0.624405705229794,0.921752738654147,0.682027649769585,0.667168674698795,0,0.949101796407186,0.442879499217527,0.55608214849921,0.893778452200303,0.935483870967742,0.443425076452599,0.0109204368174727,0.923676012461059,0.92,0,0.922960725075529,0.0790697674418605,0.933115823817292,0.456656346749226,0,0.0110935023771791,0.562091503267974,0.823899371069182,0.0541795665634675,0.194577352472089,0.0124804992199688,0.00161030595813205,0.750375939849624,0.073094867807154,0.952691680261011,0.351014040561622,0.942989214175655,0.0632716049382716,0.422187981510015,0.353312302839117,0.852327447833066,0.138709677419355,0.0535433070866142,0.00315457413249211,0.0890302066772655,0,0.949618320610687,0.0813008130081301,0.927514792899408,0.0640625,0.946945337620579,0,0.529230769230769,0.49685534591195,0.955108359133127,0,0.942635658914729,0,0.419773095623987,0.946153846153846,0,0.684049079754601,0.953821656050955,0.722741433021807,0.921875,0.0961832061068702,0,0.94679186228482,0.317683881064163,0,0.714728682170543,0.045662100456621,0.0700152207001522,0.956730769230769,0.944532488114105,0.935285053929122,0.921996879875195,0.935126582278481,0,0.924382716049383,0.0212443095599393,0.391705069124424,0.332278481012658,0.93944099378882,0.939346811819596,0.94,0.953271028037383,0.0579937304075235,0.0700934579439252,0.946601941747573,0.915773353751914,0.702290076335878,0.924846625766871,0.945904173106646,0.945652173913043,0,0,0.934848484848485,0,0.110429447852761,0,0.9328125,0.322734499205087,0.255961844197138,0.172043010752688,0.880191693290735,0,0.155145929339478,0.937888198757764,0.947122861586314,0.678233438485804,0.463268365817091,0.239457831325301,0.233231707317073,0.648089171974522,0.0482866043613707,0.161741835147745,0.594339622641509,0.311424100156495,0.685185185185185,0.0590979782270607,0,0.0523809523809524,0.371069182389937,0.941463414634146,0.646153846153846,0.282674772036474,0.6125,0.853030303030303,0.935483870967742,0.918962722852512,0.94392523364486,0.947284345047923,0.947115384615385,0.576323987538941,0.455676516329705,0.950155763239875,0.0544629349470499,0.0623100303951368,0.86875,0.012326656394453,0.943768996960486,0.925581395348837,0,0.153724247226624,0,0.911532385466035,0,0.962962962962963,0.946708463949843,0.0592823712948518,0.8149300155521,0.948249619482496,0.683464566929134,0.641421947449768,0.856692913385827,0,0,0.905073649754501,0.913690476190476,0.940092165898618,0,0,0.0562700964630225,0.29320987654321,0.505511811023622,0,0.481191222570533,0,0.92246835443038,0.955414012738854,0.204437400950872,0.266871165644172,0,0.381703470031546,0.598746081504702,0.826291079812207,0.932203389830508,0.774294670846395,0.0505529225908373,0.946031746031746,0.0190779014308426,0.946031746031746,0,0.94478527607362,0.00930232558139535,0.938582677165354,0.0709876543209877,0.0473933649289099,0,0,0.820592823712949,0.889415481832543,0.912363067292645,0.736923076923077,0.0816640986132511,0.0565149136577708,0.832543443917852,0.813253012048193,0,0.0659340659340659,0.939778129952456,0,0.932069510268562,0.932824427480916,0.112852664576803,0.046801872074883,0.0573643410852713,0.941717791411043,0.484227129337539,0.121495327102804,0.136807817589577,0.172628304821151,0.70048309178744,0.14576802507837,0.946031746031746,0,0.751166407465008,0.927162367223065,0.00471698113207547,0,0.0532724505327245,0,0.0579029733959311,0.945736434108527,0.7508038585209,0.0556438791732909,0.0544871794871795,0.5824,0.920508744038156,0.462595419847328,0.0521472392638037,0.0580645161290323,0.0623003194888179,0.0217054263565891,0,0.073015873015873,0.0503048780487805,0.0491283676703645,0.0639269406392694,0.0571870170015456,0.0457413249211356,0.0603715170278638,0.0612557427258806,0.0247295208655332,0.00644122383252818,0.0295031055900621,0.0279503105590062,0.0602782071097372,0.0659340659340659,0.0248062015503876,0.0484652665589661,0.0545171339563863,0.0470957613814757,0.0569230769230769,0.027355623100304,0.0512422360248447,0.0858034321372855,0.0592705167173252,0.059375
"526",0.882170542635659,0.869362363919129,0.90381679389313,0.872408293460925,0.881141045958796,0.876602564102564,0.987321711568938,0.886115444617785,0.86687306501548,0.0145161290322581,0.87111801242236,0.0141509433962264,0.612055641421947,0.871835443037975,0.147744945567652,0.128125,0.0137614678899083,0.0221870047543582,0.872611464968153,0.87037037037037,0.257410296411856,0.13452188006483,0.876923076923077,0.0122699386503067,0.8609375,0.360062893081761,0.225,0.868589743589744,0.532428355957768,0.715596330275229,0.120184899845917,0.709627329192547,0.7904,0.361801242236025,0.0124031007751938,0.872841444270016,0.0321592649310873,0.868421052631579,0.366366366366366,0.825153374233129,0.0139968895800933,0.0218068535825545,0.021875,0.877165354330709,0.773095623987034,0.134920634920635,0.554160125588697,0.0962732919254658,0.541411042944785,0.235474006116208,0.015527950310559,0.868462757527734,0.359497645211931,0.870109546165884,0.9875,0.2496,0.0128,0.858730158730159,0.921296296296296,0.861586314152411,0.379471228615863,0.496147919876733,0.112698412698413,0.0159489633173844,0.817170111287758,0.767801857585139,0.0125,0.866028708133971,0.00928792569659443,0.105939004815409,0.775700934579439,0.107476635514019,0.12792511700468,0.875192604006163,0.0110410094637224,0.76103500761035,0.15015479876161,0.597156398104265,0.904458598726115,0.360330578512397,0.0110410094637224,0.719814241486068,0.320121951219512,0.869631901840491,0.205607476635514,0.863076923076923,0.863354037267081,0.878125,0.860681114551084,0.0245022970903522,0.869905956112853,0.8640625,0.0125391849529781,0.0124031007751938,0.861370716510903,0.0124031007751938,0.409582689335394,0.869362363919129,0.015220700152207,0.021875,0.711356466876972,0.0138888888888889,0.371653543307087,0.879746835443038,0.213414634146341,0.878444084278768,0.0188976377952756,0.906153846153846,0.111811023622047,0.122641509433962,0.114241001564945,0.974921630094044,0.4046875,0.85824345146379,0.0141732283464567,0.903076923076923,0.739130434782609,0.0122887864823349,0.108359133126935,0.318818040435459,0.012326656394453,0.79080824088748,0.339477726574501,0.185007974481659,0.873456790123457,0.241167434715822,0.872727272727273,0.868827160493827,0.0174880763116057,0.641627543035994,0.864353312302839,0.526232114467409,0.874015748031496,0.0121951219512195,0.8672,0.129829984544049,0.0154320987654321,0.309409888357257,0.629457364341085,0.62258064516129,0.0160513643659711,0.016025641025641,0.876352395672334,0.753918495297806,0.273170731707317,0.873634945397816,0.113707165109034,0.855345911949686,0.49452269170579,0.880551301684533,0.229032258064516,0.87402799377916,0.873015873015873,0.78806907378336,0.877777777777778,0.0956239870340357,0.879310344827586,0.110419906687403,0.0125195618153365,0.730337078651685,0.935240963855422,0.870769230769231,0.13587786259542,0.0154798761609907,0.87556904400607,0.517405063291139,0.871019108280255,0.877742946708464,0.868624420401855,0.367534456355283,0.889580093312597,0.107644305772231,0.859756097560976,0.112781954887218,0.943127962085308,0.452200303490137,0.0141065830721003,0.863987635239567,0.0138461538461538,0.782012195121951,0.87962962962963,0.215408805031447,0.876543209876543,0.850931677018634,0.87256371814093,0.865443425076453,0.20404984423676,0.438167938931298,0.84688995215311,0.848726114649682,0.158059467918623,0.12597200622084,0.885350318471338,0.993865030674847,0.0105740181268882,0.0125195618153365,0.408945686900958,0.0156739811912226,0.874809160305344,0.336906584992343,1,0.725581395348837,0.876543209876543,0.5359375,0.487654320987654,0.402866242038217,0.831496062992126,0.858934169278997,0.898305084745763,0.0156494522691706,0.8149300155521,0.283891547049442,0.877777777777778,0.121835443037975,0.184375,0.627943485086342,0.883647798742138,0.879756468797565,0.843014128728414,0.869831546707504,0.8109375,0.0125984251968504,0.188562596599691,0.682370820668693,0.865930599369085,0.0156739811912226,0.87673343605547,0.888036809815951,0.655763239875389,0.546165884194053,0.8765625,0.866559485530547,0.473851030110935,0.0160771704180064,0.969650986342944,0.586583463338534,0.899361022364217,0.118195956454121,0.854961832061069,0.874411302982732,0.876755070202808,0.850077279752705,0.556414219474498,0.113964686998395,0.892913385826772,0.562883435582822,0.109923664122137,0.113122171945701,0.283699059561129,0.113207547169811,0.25,0.718461538461538,0.0985691573926868,0.117465224111283,0.124213836477987,0.665644171779141,0.144230769230769,0.869085173501577,0.0238095238095238,0.106646058732612,0.0138674884437596,0.319685039370079,0.879807692307692,0.862559241706161,0.81875,0.0154559505409583,0.933858267716535,0.780337941628264,0.714508580343214,0.650793650793651,0.520440251572327,0.4921875,0.0247678018575851,0.870192307692308,0.207109737248841,0.718446601941748,0.888540031397174,0.122861586314152,0.775,0.119309262166405,0.227272727272727,0.880916030534351,0.869494290375204,0.987381703470032,0.013677811550152,0.708841463414634,0.988958990536278,0.014218009478673,0.108191653786708,0.984825493171472,0.894321766561514,0.0107858243451464,0.111620795107034,0.105263157894737,0.884310618066561,0.844690966719493,0.104234527687296,0.0126182965299685,0.491392801251956,0.888535031847134,0.818181818181818,0.45440251572327,0.700310559006211,0.864906832298137,0.118461538461538,0.883156297420334,0.865414710485133,0.117370892018779,0.869158878504673,0.876755070202808,0.876602564102564,0.880503144654088,0.275862068965517,0.407975460122699,0.391236306729264,0.901408450704225,0.859621451104101,0.0499219968798752,0.34384858044164,0.890282131661442,0.232307692307692,0.367316341829085,0.889408099688474,0.871428571428571,0.880434782608696,0.719242902208202,0.879256965944272,0.31924882629108,0.89922480620155,0.880952380952381,0.0141509433962264,0.414860681114551,0.665094339622642,0.119122257053292,0.058641975308642,0.117465224111283,0.829192546583851,0.139280125195618,0.102803738317757,0.0108024691358025,0.32182103610675,0.869496855345912,0.170846394984326,0.893376413570275,0.894904458598726,0.881889763779528,0.393939393939394,0.400974025974026,0.671406003159558,0.494363929146538,0.0122324159021407,0.785826771653543,0.119448698315467,0.143950995405819,0.309119010819165,0.873801916932907,0.109567901234568,0.0158730158730159,0.421052631578947,0.117283950617284,0.128125,0.532283464566929,0.867807153965785,0.354066985645933,0.880191693290735,0.8640625,0.0139103554868624,0.882615156017831,0.0967741935483871,0.875379939209726,0.788401253918495,0.874193548387097,0.129485179407176,0.870570107858243,0.10355486862442,0.811232449297972,0.719101123595506,0.835889570552147,0.893846153846154,0.877708978328173,0.392523364485981,0.858255451713396,0.86748844375963,0.114854517611026,0.122065727699531,0.876386687797147,0.871165644171779,0.408450704225352,0.798771121351767,0.872374798061389,0.85935085007728,0.878086419753086,0.0094488188976378,0.202852614896989,0.873282442748092,0.1125,0.015748031496063,0.910828025477707,0.0176,0.151658767772512,0.875766871165644,0.904088050314465,0.0176565008025682,0.725731895223421,0.492935635792779,0.893312101910828,0.106518282988871,0.799682034976153,0.876006441223833,0.452830188679245,0.678071539657854,0.79746835443038,0.00947867298578199,0.26031746031746,0.9,0.872274143302181,0.50386398763524,0.882621951219512,0.862126245847176,0.138845553822153,0.0110062893081761,0.879443585780526,0.876369327073552,0.860501567398119,0.677469135802469,0.10939907550077,0.937984496124031,0.326086956521739,0.292079207920792,0.0199081163859112,0.635499207606973,0.632492113564669,0.650621118012422,0.0139318885448916,0.357605177993528,0.889060092449923,0.643076923076923,0.573415765069552,0.190265486725664,0.0138036809815951,0.0138461538461538,0.863157894736842,0.859070464767616,0.0109546165884194,0.890649762282092,0.0217729393468118,0.0122324159021407,0.0128410914927769,0.881987577639752,0.0123839009287926,0.8816,0.797191887675507,0.622496147919877,0.87211093990755,0.0144230769230769,0.00946372239747634,0.879256965944272,0.866057838660578,0.724085365853659,0.107858243451464,0.0145867098865478,0.981651376146789,0.664145234493192,0.891509433962264,0.573415765069552,0.43217665615142,0.009375,0.868624420401855,0.115625,0.892744479495268,0.188383045525903,0.0137825421133231,0.11631419939577,0.219242902208202,0.523577235772358,0.864485981308411,0.0170807453416149,0.880121396054628,0.8734375,0.873846153846154,0.0171073094867807,0.178403755868545,0.844628099173554,0.117174959871589,0.876712328767123,0.871016691957511,0.117647058823529,0.863354037267081,0.400313971742543,0.80564263322884,0.131375579598145,0.271428571428571,0.858712715855573,0.0255591054313099,0.119195046439628,0.886821705426357,0.123809523809524,0.677884615384615,0.456556082148499,0.015600624024961,0.207692307692308,0.769354838709677,0.357698289269051,0.881804043545879,0.108832807570978,0.258513931888545,0.473856209150327,0.866057838660578,0.855828220858896,0.855784469096672,0.738362760834671,0.0142630744849445,0.861538461538462,0.110939907550077,0.854003139717425,0.495253164556962,0.114374034003091,0.874418604651163,0.885400313971743,0.878548895899054,0.649842271293375,0.883256528417819,0.234741784037559,0.293375394321767,0.862229102167183,1,0.0153846153846154,0.0126382306477093,0.872037914691943,0.837282780410742,0.134706814580032,0.881619937694704,0.882260596546311,0.452307692307692,0.883096366508689,0.740916271721959,0.983128834355828,0.0153846153846154,0.8848,0.442724458204334,0.885400313971743,0.874418604651163,0.0167427701674277,0.647335423197492,0.895071542130366,0.11875,0.7216,0.454404945904173,0.761261261261261,0.712480252764613,0.848024316109423,0.197226502311248,0.894736842105263,0.872699386503067,0.892141756548536,0.4176,0.204018547140649,0.880248833592535,0.885802469135803,0.0184899845916795,0.758887171561051,0.515576323987539,0.330757341576507,0.772585669781931,0.868217054263566,0.81832298136646,0.867283950617284,0.158536585365854,0.116316639741519,0.0153139356814701,0.85423197492163,0.116903633491311,0.117370892018779,0.347417840375587,0.0158982511923688,0.880434782608696,0.847222222222222,0.878125,0.875766871165644,0.197472353870458,0.114420062695925,0.0135135135135135,0.0141065830721003,0.280314960629921,0.191387559808612,0.25194401244168,0.0125391849529781,0.106084243369735,0.87037037037037,0.061633281972265,0.398133748055988,0.875394321766562,0.679566563467492,0.865293185419968,0.684782608695652,0.667687595712098,0.00771604938271605,0.86969696969697,0.495283018867925,0.584639498432602,0.960606060606061,0.879756468797565,0.474497681607419,0.0187793427230047,0.873651771956857,0.878648233486943,0.0108864696734059,0.847662141779789,0.122257053291536,0.863123993558776,0.479813664596273,0.013953488372093,0.0202808112324493,0.620915032679739,0.833333333333333,0.110939907550077,0.238095238095238,0.0248447204968944,0.0147058823529412,0.739064856711916,0.13302034428795,0.878688524590164,0.401234567901235,0.890769230769231,0.108527131782946,0.434312210200927,0.395238095238095,0.912698412698413,0.197115384615385,0.121495327102804,0.0171073094867807,0.154574132492114,0.0124223602484472,0.875,0.12621359223301,0.885885885885886,0.12202852614897,0.871069182389937,0.0124031007751938,0.557427258805513,0.519747235387046,0.877358490566038,0.0144230769230769,0.875766871165644,0.0141509433962264,0.453376205787781,0.882978723404255,0.0153374233128834,0.751543209876543,0.883464566929134,0.721439749608764,0.903174603174603,0.142414860681115,0.0141287284144427,0.875195007800312,0.333860759493671,0.0121580547112462,0.712749615975422,0.110939907550077,0.135593220338983,0.8736,0.875993640699523,0.863287250384025,0.842767295597484,0.867924528301887,0.0139318885448916,0.867601246105919,0.0335365853658537,0.462962962962963,0.367441860465116,0.87111801242236,0.860896445131376,0.87962962962963,0.875,0.0701219512195122,0.123244929797192,0.884927066450567,0.866251944012442,0.71097372488408,0.864615384615385,0.877112135176651,0.901234567901235,0.0154320987654321,0.0121951219512195,0.870090634441088,0.0153139356814701,0.180555555555556,0.0126182965299685,0.889235569422777,0.34621578099839,0.311897106109325,0.225114854517611,0.842105263157895,0.015625,0.217391304347826,0.87402799377916,0.878461538461539,0.673946957878315,0.525449101796407,0.312775330396476,0.263888888888889,0.648089171974522,0.106317411402157,0.210687022900763,0.635514018691589,0.341653666146646,0.711213517665131,0.125193199381762,0.0159744408945687,0.100946372239748,0.431746031746032,0.871175523349436,0.755102040816326,0.329305135951662,0.648522550544324,0.940366972477064,0.865067466266867,0.886513157894737,0.871473354231975,0.879614767255217,0.879421221864952,0.5859375,0.484423676012461,0.883386581469649,0.11144578313253,0.124242424242424,0.914196567862715,0.0248447204968944,0.870426829268293,0.857142857142857,0.0125,0.218093699515347,0.0141065830721003,0.865718799368088,0.0143769968051118,0.877519379844961,0.878461538461539,0.117283950617284,0.81875,0.867781155015198,0.740219092331768,0.696784073506891,0.9859375,0.0124416796267496,0.0125588697017268,0.86385737439222,0.88821752265861,0.879815100154083,0.013719512195122,0.00771604938271605,0.118314424635332,0.310664605873261,0.517350157728707,0.0108695652173913,0.52803738317757,0.0124804992199688,0.839874411302983,0.86833855799373,0.251993620414673,0.345256609642302,0.0120663650075415,0.40829346092504,0.611635220125786,0.7900466562986,0.896499238964992,0.80811232449298,0.108527131782946,0.892063492063492,0.0376175548589342,0.869354838709677,0.0142630744849445,0.881203007518797,0.0141732283464567,0.87519747235387,0.140350877192982,0.0898876404494382,0.015625,0.0141732283464567,0.823255813953488,0.810509554140127,0.948091603053435,0.691489361702128,0.140888208269525,0.125396825396825,0.765163297045101,0.771084337349398,0.00950871632329636,0.12480252764613,0.862714508580343,0.00916030534351145,0.862179487179487,0.908814589665654,0.161949685534591,0.0532915360501567,0.107981220657277,0.876923076923077,0.513470681458003,0.181240063593005,0.209003215434084,0.211746522411128,0.711356466876972,0.18944099378882,0.877519379844961,0.0154798761609907,0.740445859872611,0.852080123266564,0.020440251572327,0.0172143974960876,0.104229607250755,0.0093603744149766,0.124804992199688,0.864615384615385,0.710900473933649,0.1,0.1125,0.645669291338583,0.920634920634921,0.500772797527048,0.0523076923076923,0.110223642172524,0.0658105939004815,0.0279937791601866,0.0171875,0.131537242472266,0.120060790273556,0.0992125984251968,0.125766871165644,0.107858243451464,0.0563380281690141,0.0660522273425499,0.12111801242236,0.0251572327044025,0.0112,0.043613707165109,0.0292758089368259,0.0623052959501558,0.119195046439628,0.0279937791601866,0.112903225806452,0.117739403453689,0.050314465408805,0.117283950617284,0.0440060698027314,0.116923076923077,0.123456790123457,0.109256449165402,0.111111111111111
"527",0,0,0,0,0,0,0.0138036809815951,0.00153374233128834,0,1,0,1,0,0,0,0,1,0.984520123839009,0,0,0,0,0,1,0,0,0,0.00158227848101266,0,0,0,0,0.00154083204930663,0,1,0,0.977409638554217,0,0,0,0.998468606431853,0.983257229832572,0.995419847328244,0,0,0,0,0,0,0,1,0,0,0,0.0140405616224649,0,1,0,0.00303951367781155,0,0,0,0,1,0,0,1,0,1,0,0,0,0,0,1,0.00151515151515152,0,0,0.00155763239875389,0,1,0,0,0,0,0,0,0,0.00447093889716841,0.991004497751124,0,0,1,1,0,1,0.015220700152207,0,0.992412746585736,0.99079754601227,0.0108024691358025,1,0,0,0,0,0.990726429675425,0.00306748466257669,0,0,0,0.0172955974842767,0,0,1,0,0,1,0,0,1,0.00151745068285281,0,0,0,0,0,0,1,0.00610687022900763,0,0,0,1,0,0,1,0,0,0.0061633281972265,1,1,0,0,0,0,0,0,0,0,0,0,0,0,0,0,0,0,1,0,0.00597907324364723,0,0,1,0,0,0,0,0,0,0,0,0,0,0.00313479623824451,0,1,0,1,0,0,0,0,0,0,0,0,0,0,0,0,0,0,0.0212121212121212,1,1,0,0.998473282442748,0,0,0.0123647604327666,0,0,0,0,0,0,0,0.0015015015015015,1,0,0,0,0,0,0.00461538461538462,0,0,0.00154559505409583,0,0,1,0,0,0,1,0,0,0.00460829493087558,0,0,0,0.0154083204930663,1,0.0149700598802395,0,0,0,0,0,0,0,0,0,0,0,0,0,0,0,0,0,0,0,0,0,0,0,0.990610328638498,0,1,0.00155763239875389,0,0,0,1,0.00157232704402516,0.00298507462686567,0,0,0,0,0.989409984871407,0,0,0,0,0,0,0,0,0,0,0.0156985871271586,1,0,0.0171875,1,0,0.0163204747774481,0.00154083204930663,1,0,0,0,0,0,1,0.0124223602484472,0,0,0,0,0,0,0,0,0,0,0,0,0,0,0,0,0.00312989045383412,0,0.951293759512938,0,0,0,0,0,0,0,0,0,0,0,0,1,0,0.00764525993883792,0,0.948170731707317,0,0,0,0,1,0,0,0,0,0,0,0,0,0,0,1,0,0,0,0,0,0,1,0,0,0,0.00308166409861325,0,0,0,0,1,0,0,0,0,0,0,0,0,0,0,0,0,0.00305810397553517,0,0,0,0,0,0,0,0,0,0,0,0,1,0,0,0,1,0,0.989028213166144,0,0,0,0.995398773006135,0.00921658986175115,0,0,0,0,0,0,0,0,1,0,0.00154083204930663,0,0,0,0,0,0.998468606431853,0,0,0,0,0,0.00623052959501558,0,0.0112179487179487,0.993911719939117,0,0,0,1,0,0.00151745068285281,0,0,0,1,1,0,0,1,0,0.992319508448541,1,1,0,1,0,0.0015220700152207,0.0060790273556231,0,1,1,0,0,0,0,0.998454404945904,0.0228310502283105,0,0,0,0,1,0,0,0.0015527950310559,0,1,0,0,0,0.00151975683890578,1,0,0,0,1,0,0,0,0,0,0,0,0,0,0,0.00156739811912226,0,0.992331288343558,0,0,0,0,0.0108864696734059,1,0,0.003125,0,0,0,0,0,0,0,0,0,1,0,0,0,0.00313479623824451,0,0,0,0,0,0,0,0,0,0.0153846153846154,1,1,0,0,0,0,0,0,0,0,0.0180722891566265,1,0,0.0124610591900312,0,0,1,0,0,0,0.00153846153846154,0,0,0,0,0,0.0031104199066874,0,0,0.0125786163522013,0.0231124807395994,0,0,0.990963855421687,0,0,0,0,0,0,0,0.767164179104478,0,1,0.00155763239875389,0,0,0,1,0,0,0,0,0,0,1,1,0,0,0,1,0,0,0.585218702865762,0,0,0.00916030534351145,0,0,0,1,0,0,0,0.0060882800608828,0,0,0.989441930618401,0,0,1,0.0015015015015015,0,0,0,1,0.990839694656489,0,0,0,0,0.989280245022971,0.998415213946117,0,0,0,0,0,0,0,0,0.00625978090766823,0,0,0.998475609756098,0,1,0,0.166405023547881,0.00148148148148148,0,0,1,0,0,0,1,0,1,0,0,1,0.0197268588770865,0,0,0.00156985871271586,0,1,0,0,1,0,0,0,0,0,0,0.00460829493087558,0.0015527950310559,1,0,0.978625954198473,0.0149476831091181,0,0,0,0,0,0.924012158054711,0,0,0,0,0,0,0,1,1,0,1,0,1,0,0,0,0,0,0.998463901689708,0,0,0,0,0,0,0,0,0,0,0,0,0,0,1,0,0.0155038759689922,0,0.0290076335877863,0,0,0.00606060606060606,0,0.00155763239875389,0,0,0,0,0,0,0,0,0.0030441400304414,0.98937784522003,0,0,1,0,1,0,1,0,0,0,0,0,0.0015527950310559,0,0.0202492211838006,1,1,0,0,0,1,1,0,0,0,1,0,1,0,0,0.0342679127725857,0,1,0,0,0,0,0,0,0,0.900311526479751,0,1,0,0.992331288343558,0,0,0.384493670886076,1,1,0.00154083204930663,0,0.0106060606060606,0,0,0,0,0,1,0,0,1,0,0,0,0.958397534668721,0,0,0,0,0,0,0,0,0,1,0,0,0.996884735202492,1,0,1,0,0,0,0,0,0.00470219435736677,0.0046583850931677,0,0.954682779456193,0,0.899212598425197,0.972685887708649,1,0.170807453416149,0,0,0.00602409638554217,0,0.957878315132605,0.945121951219512,0,0.97360248447205,0.99375,0.944530046224962,0.968229954614221,0.944954128440367,0,0.966767371601209,0,0,0.9578125,0,0.927191679049034,0,0.0521472392638037,0,0
"528",0,0,0,0,0,0,0.0112540192926045,0.00156985871271586,0,1,0,1,0,0,0,0,1,0.982539682539682,0,0,0,0,0,1,0,0,0,0,0,0,0,0,0,0,1,0,0.979559748427673,0,0,0,0.998392282958199,0.982866043613707,0.992175273865415,0,0,0,0,0,0,0,1,0,0,0,0.0111821086261981,0,1,0,0.00315955766192733,0,0,0,0,1,0,0,1,0,1,0,0,0,0,0,1,0,0,0,0,0,1,0,0,0,0,0,0,0,0.00316957210776545,0.989180834621329,0,0,1,1,0,1,0.0173501577287066,0,0.992236024844721,0.9904,0.00952380952380952,1,0,0,0,0,0.990369181380417,0.00318471337579618,0,0,0,0.0143769968051118,0,0,1,0,0,1,0,0,1,0,0,0,0,0,0,0,1,0.00628930817610063,0,0,0,1,0,0,1,0,0,0.00650406504065041,1,1,0,0,0,0,0,0,0,0,0,0,0,0,0,0,0,0,1,0,0.0031201248049922,0,0,1,0,0,0,0,0,0,0,0,0,0,0.00161290322580645,0,1,0,1,0,0,0,0,0,0,0,0,0,0,0,0,0,0,0.0208667736757624,1,1,0,0.998439937597504,0,0,0.0126984126984127,0,0,0,0,0,0,0,0,1,0,0,0,0,0,0.00476947535771065,0,0,0,0,0,1,0,0,0,1,0,0,0.00474683544303797,0,0,0,0.014308426073132,1,0.0138461538461538,0,0,0,0,0,0,0,0,0,0,0,0,0,0,0,0,0,0,0,0,0,0,0,0.988654781199352,0,1,0.00320512820512821,0,0,0,1,0.00162337662337662,0.00154320987654321,0,0,0,0,0.989045383411581,0,0,0,0,0,0,0,0,0,0,0.0144230769230769,1,0,0.0161290322580645,1,0,0.014018691588785,0.00159744408945687,1,0,0,0,0,0,1,0.0126582278481013,0,0,0,0,0,0,0,0,0,0,0,0,0,0,0,0,0.00319488817891374,0,0.949526813880126,0,0,0,0,0,0,0,0,0,0,0,0,1,0,0.0095389507154213,0,0.947368421052632,0,0,0,0,1,0,0,0,0,0,0,0,0,0,0,1,0,0,0,0,0,0,1,0,0,0,0,0,0,0,0,1,0,0,0,0,0,0,0,0,0,0,0,0,0.0016025641025641,0,0,0,0,0,0,0,0,0,0,0,0,1,0,0,0,1,0,0.988636363636364,0,0,0,0.995245641838352,0.00802568218298555,0,0,0,0,0,0,0,0,1,0,0.00162074554294976,0,0,0,0,0,0.998420221169036,0,0,0,0,0,0.00320512820512821,0,0.00995024875621891,0.992063492063492,0,0,0,1,0,0,0,0,0,1,1,0,0,1,0,0.988636363636364,1,1,0,1,0,0.00157728706624606,0.00606980273141123,0,1,1,0,0,0,0,0.996715927750411,0.0203125,0,0,0,0,1,0,0,0,0,1,0,0,0,0.00157728706624606,1,0,0,0,1,0,0,0,0,0,0,0,0,0,0,0.00160771704180064,0,0.990491283676704,0,0,0,0,0.00798722044728434,1,0,0,0,0,0,0,0,0,0,0,0,1,0,0,0,0.00323624595469256,0,0,0,0,0,0,0,0,0,0.0126382306477093,1,1,0,0,0,0,0,0,0,0,0.0154798761609907,1,0,0.0144230769230769,0,0,1,0,0,0,0,0,0,0,0,0,0.00163132137030995,0,0,0.0129659643435981,0.0238473767885533,0,0,0.992199687987519,0,0,0,0,0,0,0,0.766457680250784,0,1,0,0,0,0,1,0,0,0,0,0,0,1,1,0,0,0,1,0,0,0.554502369668246,0,0,0.00950871632329636,0,0,0,1,0,0,0,0.00462962962962963,0,0,0.989028213166144,0,0,1,0.0015527950310559,0,0,0,1,0.990491283676704,0,0,0,0,0.987281399046105,0.99836867862969,0,0,0,0,0,0,0,0,0.00324675324675325,0,0,0.996835443037975,0,1,0,0.153212520593081,0.00153609831029186,0,0,1,0,0,0,1,0,1,0,0,1,0.014218009478673,0,0,0,0,1,0,0,1,0,0,0,0,0,0,0.00312989045383412,0,1,0,0.976816074188563,0.0153609831029186,0,0,0,0,0,0.918367346938776,0,0,0,0,0,0,0,1,1,0,1,0,0.998381877022654,0,0,0,0,0,0.998412698412698,0,0,0,0,0,0,0,0,0,0,0,0,0,0,1,0,0.0165289256198347,0,0.0301109350237718,0,0,0.00315457413249211,0,0.00165562913907285,0,0,0,0,0,0,0,0,0,0.989113530326594,0,0,1,0,1,0,1,0,0,0,0,0,0.00161550888529887,0,0.0175438596491228,1,1,0,0,0,1,1,0,0,0,1,0,1,0,0,0.0303514376996805,0,1,0,0,0,0,0,0,0,0.892405063291139,0,1,0,0.990551181102362,0,0,0.358730158730159,1,1,0,0,0.0109546165884194,0,0,0,0,0,1,0,0,1,0,0,0,0.960063897763578,0,0,0,0,0,0,0,0,0,1,0,0,0.995215311004785,1,0,1,0,0,0,0,0,0.00482315112540193,0.00323101777059774,0,0.94679186228482,0,0.900163666121113,0.9728,1,0.154340836012862,0,0,0.0061633281972265,0,0.948387096774194,0.940625,0,0.974603174603175,0.99185667752443,0.943661971830986,0.97007874015748,0.936708860759494,0,0.964341085271318,0,0,0.9536,0,0.925,0,0.0512,0,0
"529",0.99194847020934,0.990430622009569,0.967238689547582,0.940129449838188,0.981937602627258,0.990291262135922,0.897151898734177,0.974151857835218,0.993798449612403,0,0.992101105845182,0,0.573717948717949,0.990306946688207,0.0491283676703645,0.0156494522691706,0,0.0143312101910828,0.98858075040783,0.976303317535545,0.159489633173844,0.0323101777059774,0.984375,0,0.947867298578199,0.260162601626016,0.109854604200323,0.992,0.481946624803768,0.677215189873418,0.0110236220472441,0.690402476780186,0.765273311897106,0.286846275752773,0,0.992,0.0188976377952756,0.985759493670886,0.256838905775076,0.903125,0.00159235668789809,0.0125984251968504,0.00467289719626168,0.990430622009569,0.778333333333333,0.032,0.501577287066246,0.00946372239747634,0.453560371517028,0.14175654853621,0,0.987220447284345,0.264150943396226,0.99194847020934,0.876623376623377,0.152709359605911,0,0.964343598055105,0.951486697965571,0.904538341158059,0.304821150855365,0.444794952681388,0.00645161290322581,0,0.895330112721417,0.834905660377358,0,0.980487804878049,0,0.00966183574879227,0.864566929133858,0.0159235668789809,0.0226171243941842,0.988993710691824,0,0.711598746081505,0.0502354788069074,0.578446909667195,0.893312101910828,0.263865546218487,0,0.715625,0.210365853658537,0.9890625,0.121684867394696,0.906793048973144,0.988906497622821,0.965354330708661,0.978227060653188,0.0093167701863354,0.979066022544283,0.989113530326594,0,0,0.967845659163987,0,0.296825396825397,0.972843450479233,0.00625978090766823,0.00631911532385466,0.614420062695925,0,0.281350482315113,0.991961414790997,0.110591900311526,0.991803278688525,0.00970873786407767,0.96998420221169,0.00956937799043062,0.0125391849529781,0.0172955974842767,0.901408450704225,0.328149300155521,0.9904,0,0.982677165354331,0.71563981042654,0,0.009375,0.240506329113924,0,0.769108280254777,0.249216300940439,0.0800653594771242,0.968553459119497,0.149765990639626,0.987577639751553,0.990353697749196,0,0.537124802527646,0.939102564102564,0.482982171799028,1,0,0.98705501618123,0.0294573643410853,0,0.206785137318255,0.627831715210356,0.526742301458671,0,0,0.980982567353407,0.7616,0.168557536466775,0.990445859872611,0.0161550888529887,0.927672955974843,0.417886178861789,0.975193798449612,0.150572831423895,0.982704402515723,0.99194847020934,0.845047923322684,0.987381703470032,0.00644122383252818,0.990491283676704,0.00947867298578199,0,0.748792270531401,0.870570107858243,0.974803149606299,0.021978021978022,0,0.989045383411581,0.438511326860841,0.990180032733224,0.989010989010989,0.992138364779874,0.293663060278207,0.979750778816199,0.0096,0.942277691107644,0.00769230769230769,0.9,0.374608150470219,0,0.977883096366509,0,0.842767295597484,0.988976377952756,0.130990415335463,0.977987421383648,0.945686900958466,0.984709480122324,0.972006220839813,0.0989010989010989,0.356466876971609,0.936808846761453,0.937096774193548,0.0664556962025316,0.0123456790123457,0.976,0.846153846153846,0,0,0.290529695024077,0.00158982511923688,0.990783410138249,0.248833592534992,0.875993640699523,0.746031746031746,0.985981308411215,0.434571890145396,0.437209302325581,0.286858974358974,0.917065390749601,0.955625990491284,0.87308868501529,0,0.879173290937997,0.1875,0.947284345047923,0.00941915227629513,0.0667701863354037,0.540064102564103,0.96984126984127,0.975193798449612,0.825878594249201,0.992076069730586,0.887820512820513,0,0.0765625,0.6546875,0.985365853658537,0,0.984326018808777,0.973270440251572,0.553090332805071,0.557661927330174,0.97588424437299,0.991721854304636,0.359300476947536,0,0.884555382215289,0.516746411483254,0.968595041322314,0.00955414012738853,0.96417445482866,0.988654781199352,0.99211356466877,0.943548387096774,0.530516431924883,0.0112540192926045,0.969793322734499,0.536163522012579,0.0139968895800933,0.0077639751552795,0.211878009630819,0.00947867298578199,0.1568,0.671339563862928,0.00619195046439629,0.0122887864823349,0.016025641025641,0.579365079365079,0.040983606557377,0.979066022544283,0.00810372771474878,0.00794912559618442,0,0.211631663974152,0.99025974025974,0.980707395498392,0.909233176838811,0,0.86863711001642,0.862284820031299,0.691823899371069,0.60223642172524,0.45125786163522,0.45718901453958,0.00946372239747634,0.99198717948718,0.105845181674566,0.705501618122977,0.95859872611465,0.0205047318611987,0.731746031746032,0.00950871632329636,0.107424960505529,0.990654205607477,0.99021207177814,0.886178861788618,0,0.637071651090343,0.877616747181965,0,0.0109546165884194,0.886792452830189,0.979166666666667,0,0.0109204368174727,0.00941915227629513,0.97875816993464,0.892857142857143,0.00977198697068404,0,0.383627608346709,0.988871224165342,0.780674846625767,0.381642512077295,0.65378421900161,0.95748031496063,0.0189873417721519,0.989028213166144,0.993579454253612,0.0112540192926045,0.970031545741325,0.9904,0.966292134831461,0.987381703470032,0.185714285714286,0.312202852614897,0.28548644338118,0.972886762360447,0.929260450160772,0.0502354788069074,0.272141706924316,0.968354430379747,0.15955766192733,0.315548780487805,0.985781990521327,0.987179487179487,0.971563981042654,0.690048939641109,0.990506329113924,0.249602543720191,0.965408805031447,0.988691437802908,0,0.322530864197531,0.543408360128617,0.0220820189274448,0.0528771384136858,0.013953488372093,0.913875598086124,0.0375,0.00796178343949045,0,0.228346456692913,0.990445859872611,0.0837282780410742,0.986885245901639,0.966772151898734,0.97933227344992,0.275080906148867,0.277777777777778,0.680129240710824,0.458609271523179,0,0.826645264847512,0.0230769230769231,0.0461538461538462,0.205087440381558,0.996763754045307,0.00789889415481832,0,0.32398753894081,0.0157232704402516,0.0344262295081967,0.460420032310178,0.990551181102362,0.268292682926829,0.988429752066116,0.957413249211357,0,0.984939759036145,0.00938967136150235,0.990811638591118,0.830128205128205,0.995114006514658,0.0205696202531646,0.972136222910217,0.00476947535771065,0.873397435897436,0.707395498392283,0.954545454545455,0.985645933014354,0.988871224165342,0.290015847860539,0.961414790996785,0.990580847723705,0.00934579439252336,0.0314465408805031,0.995169082125604,0.988906497622821,0.32120253164557,0.873015873015873,0.962903225806452,0.956043956043956,0.990639625585023,0,0.114192495921697,0.991961414790997,0.00794912559618442,0,0.960127591706539,0.00809061488673139,0.0419354838709677,0.989079563182527,0.964856230031949,0.00321027287319422,0.627760252365931,0.429487179487179,0.979233226837061,0.00486223662884927,0.868932038834951,0.987012987012987,0.380258899676375,0.603149606299213,0.780096308186196,0,0.168810289389068,0.970731707317073,0.991935483870968,0.447244094488189,0.995260663507109,0.971947194719472,0.0364500792393027,0.00158478605388273,0.981042654028436,0.987220447284345,0.95389507154213,0.697204968944099,0.0159744408945687,0.862681744749596,0.244019138755981,0.177966101694915,0.0031104199066874,0.619741100323625,0.594896331738437,0.614896988906498,0,0.270935960591133,0.902597402597403,0.644549763033175,0.5140625,0.0793893129770992,0,0,0.990963855421687,0.962848297213622,0,0.922098569157393,0.00636942675159236,0,0,0.987220447284345,0,0.990291262135922,0.777602523659306,0.527863777089783,0.992248062015504,0,0,0.987519500780031,0.957251908396947,0.725,0.00940438871473354,0.00163132137030995,0.871473354231975,0.589622641509434,0.995260663507109,0.526729559748428,0.328571428571429,0,0.973186119873817,0.00815660685154975,0.955882352941177,0.0832,0,0.0186915887850467,0.124600638977636,0.485342019543974,0.998422712933754,0,0.95625,0.968847352024922,0.990415335463259,0,0.0738362760834671,0.929738562091503,0.0116279069767442,0.989113530326594,0.990740740740741,0.00963081861958266,0.992088607594937,0.2896,0.799682034976153,0.0176565008025682,0.172859450726979,0.967084639498433,0.0094488188976378,0.00943396226415094,0.9734375,0.00974025974025974,0.655844155844156,0.392,0,0.11353032659409,0.745065789473684,0.251968503937008,0.976228209191759,0.0093603744149766,0.149136577708006,0.449832775919732,0.949308755760369,0.893518518518518,0.95583596214511,0.753205128205128,0,0.977883096366509,0.0109375,0.955484896661367,0.381578947368421,0.00925925925925926,0.990566037735849,0.990384615384615,0.993485342019544,0.633333333333333,0.982594936708861,0.1421647819063,0.192675159235669,0.943076923076923,0.872037914691943,0,0,1,0.94336569579288,0.0272873194221509,0.976,0.985849056603774,0.355345911949686,0.928571428571429,0.719101123595506,0.879019908116386,0,0.958532695374801,0.337620578778135,0.990461049284579,0.992050874403816,0,0.6432,0.969354838709677,0.00482315112540193,0.68370607028754,0.372641509433962,0.799086757990868,0.68780487804878,0.946483180428135,0.0855365474339036,0.97752808988764,0.993640699523052,0.974960876369327,0.298869143780291,0.103174603174603,0.985781990521327,0.992150706436421,0.00788643533123028,0.780952380952381,0.460815047021944,0.248811410459588,0.761453396524487,0.990536277602524,0.883757961783439,0.993865030674847,0.123052959501558,0.00825082508250825,0,0.827476038338658,0.00801282051282051,0.00950871632329636,0.278996865203762,0,0.987341772151899,0.922118380062305,0.990430622009569,0.989147286821705,0.0926216640502355,0.00955414012738853,0,0,0.179445350734095,0.0756843800322061,0.13258785942492,0,0.00480769230769231,0.989028213166144,0.0141955835962145,0.282988871224165,0.992050874403816,0.587955625990491,0.967741935483871,0.655226209048362,0.633956386292835,0,0.99079754601227,0.395799676898223,0.514285714285714,0.916537867078825,0.984423676012461,0.385220125786164,0.0095389507154213,0.953968253968254,0.955725190839695,0,0.982839313572543,0.0191387559808612,0.981937602627258,0.440809968847352,0,0.00794912559618442,0.518821603927987,0.836538461538462,0.00940438871473354,0.140776699029126,0.0096,0.00163934426229508,0.741194486983155,0.032051282051282,0.990131578947368,0.312302839116719,0.987441130298273,0.00933125972006221,0.385466034755134,0.328571428571429,0.868378812199037,0.0980392156862745,0.0126782884310618,0.00156985871271586,0.0463258785942492,0,0.987635239567233,0.0501618122977346,0.976887519260401,0.0111287758346582,0.990322580645161,0,0.516279069767442,0.47275641025641,0.988906497622821,0,0.989028213166144,0,0.388617886178862,0.985849056603774,0,0.640502354788069,0.971291866028708,0.745542949756888,0.944356120826709,0.0419906687402799,0,0.992012779552716,0.26038338658147,0,0.688188976377953,0.00764525993883792,0.0299212598425197,0.988709677419355,0.9936,0.996870109546166,0.982371794871795,0.990384615384615,0,0.971742543171115,0.015748031496063,0.344827586206897,0.281004709576138,0.984423676012461,0.983922829581994,0.984276729559748,0.9826224328594,0.0487421383647799,0.0208333333333333,0.981788079470199,0.962264150943396,0.726134585289515,0.973520249221184,0.990697674418605,0.966929133858268,0,0,0.972350230414747,0,0.0678233438485804,0,0.949685534591195,0.275244299674267,0.212765957446809,0.123052959501558,0.914653784219002,0,0.111459968602826,0.988993710691824,0.995238095238095,0.634069400630915,0.416413373860182,0.202143950995406,0.168469860896445,0.64926590538336,0.00943396226415094,0.12379421221865,0.536466774716369,0.263823064770932,0.7078125,0.0173775671406003,0,0.0112540192926045,0.315447154471545,0.991776315789474,0.611635220125786,0.231839258114374,0.618819776714514,0.878315132605304,0.978461538461538,0.948590381426202,0.9712,0.993527508090615,0.987179487179487,0.555031446540881,0.401263823064771,0.9888,0.0119940029985007,0.0201238390092879,0.870662460567823,0.0109717868338558,0.992163009404389,0.959564541213064,0,0.106451612903226,0,0.9568,0,0.972886762360447,0.990566037735849,0.0109717868338558,0.83147853736089,0.992295839753467,0.652665589660743,0.6203125,0.871794871794872,0,0,0.924092409240924,0.946401225114854,0.984544049459042,0,0,0.00974025974025974,0.24031007751938,0.5,0,0.443561208267091,0,0.932258064516129,0.991909385113269,0.164227642276423,0.227272727272727,0,0.344497607655502,0.600323624595469,0.861198738170347,0.963949843260188,0.766192733017378,0.0096,0.98538961038961,0.014308426073132,0.990306946688207,0,0.9826224328594,0.0046656298600311,0.99025974025974,0.0222929936305732,0.0163132137030995,0,0,0.826923076923077,0.9185303514377,0.933962264150943,0.716951788491446,0.031201248049922,0.0143312101910828,0.846761453396525,0.850539291217257,0,0.0220125786163522,0.968253968253968,0,0.975688816855754,0.957680250783699,0.0723472668810289,0.043338683788122,0.010989010989011,0.990521327014218,0.469551282051282,0.0744849445324881,0.108766233766234,0.107476635514019,0.686786296900489,0.107309486780715,0.992,0,0.7728,0.975077881619938,0.00160513643659711,0,0.0060790273556231,0,0.00635930047694754,0.990654205607477,0.713355048859935,0.00964630225080386,0.0112540192926045,0.536,0.948635634028893,0.432859399684044,0.0510835913312693,0.00969305331179321,0.0594855305466238,0.0173775671406003,0,0.0420032310177706,0.0125588697017268,0.00481540930979133,0.0171339563862928,0.00924499229583975,0.0497592295345104,0.0549450549450549,0.0224,0.0188383045525903,0.00327332242225859,0.0267716535433071,0.0248062015503876,0.0587301587301587,0.0142857142857143,0.0206022187004754,0.011437908496732,0.0127186009538951,0.0466237942122186,0.0111287758346582,0.0247678018575851,0.0109375,0.0380952380952381,0.00928792569659443,0.00952380952380952
"530",0.932896890343699,0.927330173775671,0.927672955974843,0.897993311036789,0.929967426710098,0.941368078175896,0.856219709208401,0.930756843800322,0.930708661417323,0,0.937299035369775,0,0.588235294117647,0.938842975206612,0.105348460291734,0.0713153724247227,0,0.0159744408945687,0.933333333333333,0.917460317460317,0.215625,0.103448275862069,0.9248,0,0.918138041733547,0.317152103559871,0.16,0.932006633499171,0.496875,0.6944,0.0661417322834646,0.688498402555911,0.761437908496732,0.337078651685393,0,0.9392,0.0191082802547771,0.927330173775671,0.308641975308642,0.863422291993721,0.00162337662337662,0.0159235668789809,0.0046875,0.93030794165316,0.80794701986755,0.0830618892508143,0.562197092084006,0.0589171974522293,0.510204081632653,0.188854489164087,0,0.937106918238994,0.319422150882825,0.938610662358643,0.842607313195548,0.219110378912685,0,0.908360128617363,0.908227848101266,0.888364779874214,0.334913112164297,0.461417322834646,0.059967585089141,0,0.845161290322581,0.80226904376013,0,0.927652733118971,0,0.0631067961165049,0.923809523809524,0.0644654088050314,0.0857605177993527,0.942097026604069,0,0.699059561128527,0.104265402843602,0.596518987341772,0.868292682926829,0.321243523316062,0,0.721259842519685,0.2660406885759,0.933544303797468,0.17981072555205,0.896875,0.932148626817447,0.920684292379471,0.921725239616613,0.00943396226415094,0.93719806763285,0.929824561403509,0,0,0.922950819672131,0,0.336492890995261,0.92246835443038,0.00783699059561128,0.00807754442649435,0.637239165329053,0,0.333876221498371,0.934640522875817,0.160436137071651,0.9376026272578,0.00791139240506329,0.923076923076923,0.072463768115942,0.0738362760834671,0.0680379746835443,0.867741935483871,0.388178913738019,0.94408945686901,0,0.938388625592417,0.719298245614035,0,0.0643086816720257,0.277511961722488,0,0.765957446808511,0.298076923076923,0.132669983416252,0.960127591706539,0.193343898573693,0.936808846761453,0.939586645468998,0,0.584786053882726,0.921974522292994,0.517741935483871,0.93431855500821,0,0.921440261865794,0.0788643533123028,0,0.257748776508972,0.657556270096463,0.541533546325879,0,0,0.931854199683043,0.766129032258065,0.228525121555916,0.936790923824959,0.067524115755627,0.9072,0.444983818770227,0.933125972006221,0.183908045977011,0.924920127795527,0.939641109298532,0.819905213270142,0.92845786963434,0.0560131795716639,0.931419457735247,0.0610932475884244,0,0.730031948881789,0.838607594936709,0.917591125198098,0.0818897637795276,0,0.93217665615142,0.488636363636364,0.935108153078203,0.936608557844691,0.938291139240506,0.337559429477021,0.93217665615142,0.0628019323671498,0.904836193447738,0.0649149922720247,0.863563402889246,0.4272,0,0.92332268370607,0,0.8224,0.933441558441558,0.171974522292994,0.944707740916272,0.912087912087912,0.931888544891641,0.924290220820189,0.162162162162162,0.41640866873065,0.977124183006536,0.898387096774194,0.127625201938611,0.0660225442834139,0.93192868719611,0.829346092503987,0,0,0.350819672131148,0.00157977883096367,0.93563579277865,0.3078125,0.849025974025974,0.749211356466877,0.941823899371069,0.46353322528363,0.477848101265823,0.341463414634146,0.87258064516129,0.906300484652666,0.856687898089172,0,0.861198738170347,0.230392156862745,0.929738562091503,0.0670926517571885,0.133647798742138,0.559618441971383,0.938511326860841,0.92259083728278,0.81421647819063,0.949685534591195,0.853896103896104,0,0.139240506329114,0.675,0.927184466019418,0,0.931142410015649,0.932601880877743,0.566188197767145,0.565495207667732,0.923076923076923,0.94336569579288,0.392063492063492,0,0.857364341085271,0.537964458804523,0.926421404682274,0.0588235294117647,0.915123456790123,0.932565789473684,0.936102236421725,0.900651465798046,0.572567783094099,0.0663430420711974,0.9376,0.575949367088608,0.0697674418604651,0.0669781931464174,0.260096930533118,0.0626003210272873,0.197068403908795,0.686119873817035,0.0634920634920635,0.0678233438485804,0.0682539682539682,0.619122257053291,0.0926829268292683,0.946945337620579,0.00816993464052288,0.060702875399361,0,0.278135048231511,0.934210526315789,0.930379746835443,1,0,0.845378151260504,0.819488817891374,0.702875399361022,0.613268608414239,0.471061093247588,0.470967741935484,0.00784929356357928,0.932038834951456,0.14622641509434,0.706075533661741,0.929245283018868,0.0768025078369906,0.754385964912281,0.0651828298887122,0.16852146263911,0.94383775351014,0.93431855500821,0.856443719412724,0,0.673534072900158,0.848580441640379,0,0.0704225352112676,0.862992125984252,0.937898089171974,0,0.062992125984252,0.0624,0.929883138564274,0.868204283360791,0.065,0,0.412420382165605,0.931818181818182,0.780525502318393,0.42654028436019,0.688206785137318,0.906902086677368,0.0748407643312102,0.94375,0.936908517350158,0.0592948717948718,0.917981072555205,0.932896890343699,0.913680781758958,0.943396226415094,0.234920634920635,0.374800637958533,0.335925349922239,0.919484702093398,0.892508143322476,0.035031847133758,0.302134646962233,0.92109500805153,0.217252396166134,0.346938775510204,0.939102564102564,0.930645161290323,0.933333333333333,0.686274509803922,0.929936305732484,0.290529695024077,0.929797191887676,0.938009787928222,0,0.379585326953748,0.566445182724252,0.0672,0.0410094637223975,0.0729813664596273,0.868044515103339,0.0842607313195548,0.0617088607594937,0,0.286624203821656,0.940032414910859,0.125596184419714,0.93,0.9328,0.941935483870968,0.332258064516129,0.341021416803954,0.692429022082019,0.490756302521008,0,0.810810810810811,0.0653188180404355,0.0961538461538462,0.25,0.941463414634146,0.0669856459330144,0,0.388083735909823,0.0714285714285714,0.0869565217391304,0.502415458937198,0.932907348242812,0.322422258592471,0.930116472545757,0.906602254428341,0,0.930875576036866,0.0664556962025316,0.935837245696401,0.818181818181818,0.937190082644628,0.0706260032102729,0.911811023622047,0.0575079872204473,0.838969404186795,0.726978998384491,0.906687402799378,0.939586645468998,0.933870967741935,0.335987261146497,0.907496012759171,0.938871473354232,0.0660377358490566,0.0861244019138756,0.933224755700326,0.931528662420382,0.377207062600321,0.844690966719493,0.93322203672788,0.912280701754386,0.946031746031746,0,0.180781758957655,0.935126582278481,0.068362480127186,0,0.93517017828201,0.00809061488673139,0.107317073170732,0.927786499215071,0.921221864951768,0.0032,0.642857142857143,0.466882067851373,0.931596091205212,0.0581583198707593,0.846278317152104,0.929967426710098,0.413793103448276,0.630744849445325,0.805422647527911,0,0.209076175040519,0.931893687707641,0.936305732484076,0.499212598425197,0.947030497592295,0.92964824120603,0.095389507154213,0,0.929260450160772,0.935897435897436,0.915739268680445,0.697819314641745,0.0610932475884244,0.837925445705024,0.289137380191693,0.220538720538721,0.00481540930979133,0.638752052545156,0.638709677419355,0.638364779874214,0,0.333333333333333,0.873617693522907,0.651419558359621,0.522620904836194,0.140215716486903,0,0,0.940639269406393,0.914860681114551,0,0.898251192368839,0.00655737704918033,0,0,0.935483870967742,0,0.932692307692308,0.775157232704403,0.547286821705426,0.9392,0,0,0.926868044515103,0.906940063091483,0.726550079491256,0.0610328638497653,0.00329489291598023,0.835423197492163,0.634222919937206,0.9424,0.571207430340557,0.392,0,0.92515923566879,0.0680713128038898,0.927184466019418,0.152350081037277,0,0.0784615384615385,0.174193548387097,0.506734006734007,0.921996879875195,0,0.924499229583975,0.953821656050955,0.941732283464567,0,0.126623376623377,0.878172588832487,0.0705882352941176,0.93026941362916,0.936630602782071,0.0664556962025316,0.936507936507937,0.340694006309148,0.792332268370607,0.0740740740740741,0.224390243902439,0.918006430868167,0.00970873786407767,0.0581761006289308,0.941640378548896,0.0737704918032787,0.658615136876006,0.411290322580645,0,0.187800963081862,0.737012987012987,0.294585987261146,0.925278219395866,0.0669856459330144,0.210776545166403,0.472268907563025,0.928012519561815,0.858255451713396,0.911717495987159,0.74025974025974,0,0.920508744038156,0.0590111642743222,0.90952380952381,0.430921052631579,0.0627943485086342,0.941176470588235,0.939102564102564,0.935064935064935,0.653418124006359,0.936305732484076,0.186795491143317,0.240770465489567,0.937699680511182,0.837282780410742,0,0,0.94336569579288,1,0.0809061488673139,0.952768729641694,0.944267515923567,0.41335453100159,0.914239482200647,0.750413223140496,0.84310618066561,0,0.943181818181818,0.363636363636364,0.929260450160772,0.93522906793049,0,0.644012944983819,0.932148626817447,0.0681458003169572,0.675324675324675,0.422291993720565,0.774494556765163,0.720516962843296,0.910077519379845,0.147104851330203,0.929738562091503,0.940894568690096,0.93522906793049,0.332786885245902,0.148969889064976,0.931309904153355,0.9296875,0.00628930817610063,0.774844720496894,0.473851030110935,0.31619937694704,0.762057877813505,0.933438985736926,0.84640522875817,0.938871473354232,0.120634920634921,0.0602006688963211,0,0.805152979066023,0.0643086816720257,0.0701754385964912,0.332810047095761,0,0.938808373590982,0.884735202492212,0.931746031746032,0.930708661417323,0.155948553054662,0.0657051282051282,0,0,0.219512195121951,0.130718954248366,0.209076175040519,0,0.0606060606060606,0.923197492163009,0.035031847133758,0.332794830371567,0.927512355848435,0.6144,0.912762520193861,0.687010954616588,0.680981595092024,0,0.936267071320182,0.431818181818182,0.530844155844156,0.885400313971743,0.929797191887676,0.440894568690096,0.00794912559618442,0.929373996789727,0.917445482866044,0,0.916279069767442,0.0810810810810811,0.929765886287625,0.45839874411303,0,0.00793650793650794,0.550918196994992,0.827361563517915,0.0636942675159236,0.198697068403909,0.00802568218298555,0.00164203612479475,0.73953488372093,0.0837359098228663,0.9419795221843,0.370253164556962,0.940251572327044,0.0666666666666667,0.435612082670906,0.381410256410256,0.848684210526316,0.151960784313725,0.0617088607594937,0.00323624595469256,0.0952380952380952,0,0.941732283464567,0.0840197693574959,0.929447852760736,0.0707395498392283,0.935275080906149,0,0.543035993740219,0.4832,0.938808373590982,0,0.93563579277865,0,0.440983606557377,0.938388625592417,0,0.657853810264386,0.935483870967742,0.764423076923077,0.917081260364842,0.0956112852664577,0,0.9296,0.317666126418152,0,0.699680511182109,0.0561622464898596,0.0839936608557845,0.941368078175896,0.929853181076672,0.93563579277865,0.919743178170145,0.927652733118971,0,0.924679487179487,0.0188679245283019,0.374608150470219,0.332273449920509,0.925396825396825,0.9264,0.931034482758621,0.93730407523511,0.0587301587301587,0.0707395498392283,0.931666666666667,0.902208201892745,0.722308892355694,0.921875,0.937106918238994,0.930379746835443,0,0,0.914728682170543,0,0.131121642969984,0,0.919743178170145,0.326229508196721,0.263934426229508,0.197138314785374,0.869983948635634,0,0.157556270096463,0.92914653784219,0.931854199683043,0.67304625199362,0.452200303490137,0.2701062215478,0.240566037735849,0.674267100977199,0.061128526645768,0.170418006430868,0.595505617977528,0.296178343949045,0.706624605678233,0.0684713375796178,0,0.0659163987138264,0.35303776683087,0.925324675324675,0.617693522906793,0.269349845201238,0.640378548895899,0.841346153846154,0.922834645669291,0.911960132890365,0.945337620578778,0.940397350993378,0.938709677419355,0.558064516129032,0.464114832535885,0.932584269662921,0.0702290076335878,0.0801232665639445,0.84430176565008,0.00950871632329636,0.932917316692668,0.906050955414013,0,0.169902912621359,0,0.910112359550562,0,0.938388625592417,0.934920634920635,0.0691823899371069,0.812101910828026,0.937106918238994,0.667736757624398,0.645367412140575,0.838449111470113,0,0,0.892915980230643,0.906060606060606,0.938679245283019,0,0,0.0591133004926108,0.277519379844961,0.513556618819777,0,0.471428571428571,0,0.980519480519481,0.938610662358643,0.213703099510604,0.294025157232704,0,0.39607201309329,0.614649681528662,0.823529411764706,0.925233644859813,0.776190476190476,0.0672,0.943273905996759,0.0192307692307692,0.930081300813008,0,0.94811320754717,0.00482315112540193,0.942716857610475,0.0811688311688312,0.0499194847020934,0,0,0.807324840764331,0.878289473684211,0.89297124600639,0.71608832807571,0.0826833073322933,0.0657894736842105,0.888357256778309,0.814352574102964,0,0.0790322580645161,0.930645161290323,0,0.914893617021277,0.921383647798742,0.138755980861244,0.0333863275039746,0.0643642072213501,0.930817610062893,0.496763754045307,0.134831460674157,0.164744645799012,0.1824,0.687702265372168,0.15112540192926,0.9392,0,0.753646677471637,0.92,0.00324675324675325,0,0.0634674922600619,0,0.0631911532385466,0.929022082018927,0.757825370675453,0.0617886178861789,0.0627009646302251,0.568438003220612,0.912685337726524,0.4608,0.0379746835443038,0.066884176182708,0.0480928689883914,0.0206349206349206,0,0.0840064620355412,0.0625978090766823,0.0700325732899023,0.0760697305863708,0.0644654088050314,0.0400641025641026,0.042654028436019,0.0818619582664527,0.0223642172523962,0.00668896321070234,0.0330708661417323,0.026984126984127,0.0449438202247191,0.0707395498392283,0.023961661341853,0.0639344262295082,0.0658105939004815,0.035426731078905,0.0705128205128205,0.0343213728549142,0.0675039246467818,0.0848,0.0651162790697674,0.0626003210272873
"531",0.0146103896103896,0.0176,0.0454545454545455,0.07085346215781,0.0280528052805281,0.016025641025641,0.118971061093248,0.0365079365079365,0.0141955835962145,0,0.0175438596491228,0,0.437096774193548,0.0128617363344051,0.957613814756672,0.977952755905512,0,0,0.0209677419354839,0.028436018957346,0.85126582278481,0.949756888168558,0.0265625,0,0.0573248407643312,0.76517571884984,0.900161030595813,0.0228758169934641,0.539877300613497,0.316535433070866,0.987480438184664,0.32695374800638,0.246794871794872,0.723472668810289,0,0.0125391849529781,0.00635930047694754,0.0188087774294671,0.757341576506955,0.104361370716511,0,0,0,0.016025641025641,0.237147595356551,0.969155844155844,0.497568881685575,0.982142857142857,0.538819875776398,0.879499217527387,0,0.023696682464455,0.751962323390895,0.0111111111111111,0.1248,0.831423895253682,0,0.0336,0.0529595015576324,0.108490566037736,0.72755905511811,0.569157392686804,0.985436893203884,0,0.106796116504854,0.184126984126984,0,0.0237341772151899,0,0.985623003194888,0.161648177496038,0.975767366720517,0.974481658692185,0.0126984126984127,0,0.300632911392405,0.966981132075472,0.438985736925515,0.124595469255663,0.736040609137056,0,0.311320754716981,0.786707882534776,0.012326656394453,0.896988906497623,0.103937007874016,0.0173501577287066,0.0457413249211356,0.0443740095087163,0,0.026813880126183,0.0126582278481013,0,0,0.040650406504065,0,0.687598116169545,0.0349761526232114,0,0,0.393650793650794,0,0.722222222222222,0.0142630744849445,0.901386748844376,0.014827018121911,0,0.032051282051282,0.988853503184713,0.982456140350877,0.984152139461173,0.0953150242326333,0.673076923076923,0.0253164556962025,0,0.026984126984127,0.301109350237718,0,0.984202211690363,0.762820512820513,0,0.254838709677419,0.766192733017378,0.921696574225122,0.0414012738853503,0.859594383775351,0.0124804992199688,0.0171606864274571,0,0.458267716535433,0.0925039872408294,0.509031198686371,0.0292207792207792,0,0.0226904376012966,0.969183359013868,0,0.800319488817891,0.381642512077295,0.483766233766234,0,0,0.032967032967033,0.247588424437299,0.823240589198036,0.0111642743221691,0.987261146496815,0.103503184713376,0.59771986970684,0.0315955766192733,0.873581847649919,0.0283464566929134,0.0130718954248366,0.172741679873217,0.0173501577287066,0.982286634460548,0.0143769968051118,0.984,0,0.276252019386107,0.142857142857143,0.0302066772655008,0.973805855161787,0,0.010989010989011,0.571428571428571,0.0146341463414634,0.0156739811912226,0.0123647604327666,0.717391304347826,0.0370942812982998,0.984152139461173,0.0653188180404355,0.984709480122324,0.118314424635332,0.651898734177215,0,0.026984126984127,0,0.164012738853503,0.0142405063291139,0.888,0.031201248049922,0.0649149922720247,0.0245398773006135,0.0359937402190923,0.893416927899687,0.622291021671827,0.0954692556634304,0.0800653594771242,0.942947702060222,0.990461049284579,0.0321543408360129,0.145800316957211,0,0,0.718649517684887,0,0.0109546165884194,0.737169517884914,0.128824476650564,0.253105590062112,0.0229709035222052,0.575757575757576,0.571428571428571,0.7184,0.0834670947030498,0.0516129032258065,0.142635658914729,0,0.1265625,0.836867862969005,0.0629032258064516,0.984,0.929447852760736,0.47275641025641,0.0319488817891374,0.0354938271604938,0.188498402555911,0.0170015455950541,0.117834394904459,0,0.923930269413629,0.359375,0.01743264659271,0,0.0235109717868339,0.0289634146341463,0.447619047619048,0.464114832535885,0.0257648953301127,0.0129032258064516,0.628751974723539,0,0.126934984520124,0.503246753246753,0.0415282392026578,0.9858934169279,0.0544323483670296,0.0180327868852459,0.0157232704402516,0.0597738287560582,0.4765625,0.985691573926868,0.0384615384615385,0.46656298600311,0.984662576687117,0.981220657276995,0.78330658105939,0.982594936708861,0.865912762520194,0.333333333333333,0.988727858293076,0.98116169544741,0.979591836734694,0.409582689335394,0.943548387096774,0.0268987341772152,0,0.98876404494382,0,0.773311897106109,0.014446227929374,0.035031847133758,0.112676056338028,0,0.149837133550489,0.145135566188198,0.330696202531646,0.421553090332805,0.565705128205128,0.544861337683524,0,0.0161550888529887,0.908372827804107,0.317275747508306,0.0555555555555556,0.978021978021978,0.268987341772152,0.985623003194888,0.8859375,0.0139751552795031,0.0165016501650165,0.112903225806452,0,0.367762128325509,0.124804992199688,0,0.985849056603774,0.11875,0.0347551342812006,0,0.984227129337539,0.985849056603774,0.0321543408360129,0.123152709359606,0.985413290113452,0,0.615384615384615,0.0241157556270096,0.229457364341085,0.605015673981191,0.363782051282051,0.053125,0.976303317535545,0.0109375,0.014218009478673,0.979099678456592,0.047244094488189,0.0160513643659711,0.0357142857142857,0.0174050632911392,0.818759936406995,0.705047318611987,0.725274725274725,0.0323101777059774,0.0710823909531502,0,0.735152487961477,0.0430622009569378,0.84748427672956,0.696784073506891,0.0174880763116057,0.0209677419354839,0.0443037974683544,0.324013157894737,0.0125786163522013,0.746317512274959,0.0530421216848674,0.0208333333333333,0,0.694136291600634,0.469155844155844,0.968404423380727,0,0.976851851851852,0.0917874396135266,0.9640625,0.984227129337539,0,0.780096308186196,0.0207006369426752,0.930015552099533,0.0296540362438221,0.0412698412698413,0.0239234449760766,0.738019169329074,0.728618421052632,0.339089481946625,0.545901639344262,0,0.195275590551181,0.975,0.95,0.808411214953271,0.016260162601626,0.982539682539682,0,0.691437802907916,0.971875,0.983870967741935,0.527331189710611,0.014446227929374,0.721044045676998,0.0149501661129568,0.0482315112540193,0,0.0197268588770865,0.984350547730829,0.0123456790123457,0.191153238546603,0.0165016501650165,0.974683544303797,0.0358255451713396,0.984076433121019,0.116427432216906,0.305825242718447,0.064873417721519,0.0300157977883096,0.0126382306477093,0.728434504792332,0.0420711974110032,0.0138461538461538,0.987635239567233,0.968354430379747,0.0129659643435981,0.0173775671406003,0.676236044657097,0.123595505617978,0.0462046204620462,0.0626959247648903,0.0142630744849445,0,0.8743961352657,0.0078125,0.988745980707395,0,0.0484652665589661,0,0.948553054662379,0.00943396226415094,0.045958795562599,0,0.381180223285486,0.595846645367412,0.029126213592233,0.985197368421053,0.141233766233766,0.0161550888529887,0.64274322169059,0.413522012578616,0.235759493670886,0,0.856687898089172,0.0388349514563107,0.0142405063291139,0.567353407290016,0.0140625,0.0402684563758389,0.963317384370016,0,0.0279937791601866,0.0241157556270096,0.0676328502415459,0.322378716744914,0.977455716586151,0.145161290322581,0.778662420382166,0.801996672212978,0,0.388524590163934,0.416139240506329,0.397456279809221,0,0.70935960591133,0.106180665610143,0.371473354231975,0.498442367601246,0.919504643962848,0,0,0.0149700598802395,0.0394944707740916,0,0.0914927768860353,0,0,0,0.0144927536231884,0,0.0145161290322581,0.247987117552335,0.479198767334361,0.015748031496063,0,0,0.0255591054313099,0.0534351145038168,0.289719626168224,0.984202211690363,0,0.126760563380282,0.418096723868955,0.0140405616224649,0.479299363057325,0.653846153846154,0,0.0377952755905512,0.98546042003231,0.0563607085346216,0.909677419354839,0,0.978494623655914,0.895253682487725,0.522727272727273,0.0391236306729265,0,0.0727554179566563,0.0407523510971787,0.0125391849529781,0,0.920840064620355,0.0823529411764706,0.983686786296901,0.0140625,0.0154320987654321,0.981220657276995,0.0142630744849445,0.719685039370079,0.20926517571885,0.977564102564103,0.834426229508197,0.0504731861198738,0,0.985530546623794,0.0442338072669826,0.97741935483871,0.355877616747182,0.603531300160514,0,0.908661417322835,0.269480519480519,0.7568,0.0319488817891374,0.985781990521327,0.862123613312203,0.544715447154472,0.0619195046439628,0.1234375,0.0449438202247191,0.266129032258065,0,0.0313479623824451,0.9890625,0.0416,0.617161716171617,0.98613251155624,0.017515923566879,0.0176565008025682,0.0112903225806452,0.376395534290271,0.0317965023847377,0.881877022653722,0.82670906200318,0.0684713375796178,0.134706814580032,0,0,0.0272873194221509,0.0809061488673139,1,0.0317965023847377,0.0256410256410256,0.64,0.0882825040128411,0.287337662337662,0.125588697017268,0,0.0536585365853659,0.647909967845659,0.0126582278481013,0.0175438596491228,0,0.378812199036918,0.0373983739837398,0.982456140350877,0.342105263157895,0.624012638230648,0.214506172839506,0.341384863123994,0.0540123456790123,0.911719939117199,0.0290322580645161,0.0156985871271586,0.0345368916797488,0.694942903752039,0.872670807453416,0.0220820189274448,0.0139751552795031,0,0.233070866141732,0.553822152886115,0.730586370839937,0.2496,0.0157232704402516,0.1232,0.014308426073132,0.115141955835962,0.988467874794069,0,0.197784810126582,0.985576923076923,0.990536277602524,0.733755942947702,0,0.0220472440944882,0.104928457869634,0.0157977883096366,0.0188383045525903,0.907051282051282,0.987441130298273,0,0,0.843042071197411,0.925686591276252,0.84185303514377,0,0.985849056603774,0.0111464968152866,0.416149068322981,0.720779220779221,0.0145161290322581,0.417840375586854,0.0382775119617225,0.35377358490566,0.377329192546584,0,0.0167173252279635,0.619281045751634,0.51373182552504,0.0938461538461538,0.0261538461538462,0.629513343799058,0,0.0586370839936609,0.0566615620214395,0,0.0400616332819723,0.96969696969697,0.0289389067524116,0.565286624203822,0,0,0.495033112582781,0.181240063593005,0.987361769352291,0.86709886547812,0,0,0.258064516129032,0.959742351046699,0.016750418760469,0.681818181818182,0.0231124807395994,0.987577639751553,0.630672926447574,0.679092382495948,0.147487844408428,0.908045977011494,0.979462875197472,0,0.947030497592295,0,0.0184049079754601,0.797385620915033,0.0311526479750779,0.982594936708861,0.014446227929374,0,0.488924050632911,0.538827258320127,0.0141287284144427,0,0.0124223602484472,0,0.610749185667752,0.0265625,0,0.346456692913386,0.0353697749196141,0.2672,0.0605095541401274,0.95583596214511,0,0.0158478605388273,0.736585365853659,0,0.331775700934579,0.987767584097859,1,0.0162074554294976,0.0128410914927769,0.0248062015503876,0.0336538461538462,0.031496062992126,0,0.0349206349206349,0,0.648902821316614,0.7140625,0.0188679245283019,0.0192926045016077,0.0171875,0.0202492211838006,0.03486529318542,0.975767366720517,0.028006589785832,0.0518867924528302,0.292834890965732,0.0332805071315372,0.0140405616224649,0.0440944881889764,0,0,0.0275650842266462,0,0.927672955974843,0.00160513643659711,0.0618066561014263,0.725779967159278,0.797734627831715,0.88597842835131,0.0894568690095847,0.00158982511923688,0.903328050713154,0.0156985871271586,0.0158982511923688,0.393312101910828,0.598793363499246,0.785060975609756,0.815503875968992,0.371610845295056,0.9890625,0.885895404120444,0.460567823343849,0.733858267716535,0.308527131782946,0.971608832807571,0,0.990445859872611,0.667207792207792,0.0145867098865478,0.372611464968153,0.781538461538462,0.388625592417062,0.135093167701863,0.0251177394034537,0.0490998363338789,0.0305466237942122,0.0181818181818182,0.0191082802547771,0.45583596214511,0.583860759493671,0.0128,0.981566820276498,0.990668740279938,0.14622641509434,0,0.0140625,0.0393081761006289,0,0.901153212520593,0,0.0606060606060606,0,0.0425867507886435,0.014308426073132,0.982839313572543,0.171701112877583,0.0138036809815951,0.352272727272727,0.385826771653543,0.129807692307692,0,0,0.085,0.073394495412844,0.0265210608424337,0,0,0.986906710310966,0.758139534883721,0.496025437201908,0,0.556089743589744,0,0.0932475884244373,0.0127591706539075,0.810372771474878,0.764521193092622,0,0.652448657187994,0.415873015873016,0.141955835962145,0.0485133020344288,0.238170347003155,0.985759493670886,0.0278688524590164,0.0752,0.0112903225806452,0,0.031201248049922,0,0.0160771704180064,0.967948717948718,0.613861386138614,0,0,0.196261682242991,0.088379705400982,0.0697305863708399,0.28125,0.980061349693252,0.990243902439024,0.182677165354331,0.167177914110429,0,0.975922953451043,0.0487421383647799,0,0.0274636510500808,0.0581761006289308,0.934609250398724,0,0.985553772070626,0.0141287284144427,0.541195476575121,0.922953451043339,0.899835796387521,0.883280757097792,0.332247557003257,0.912772585669782,0.0128410914927769,0,0.250403877221325,0.0299684542586751,0,0,0.984779299847793,0,0.985714285714286,0.01743264659271,0.296900489396411,0.983844911147011,0.9872,0.463651050080775,0.0531400966183575,0.57667731629393,0,0.983606557377049,0.0477759472817133,0.0095389507154213,0,0.803827751196172,0.98,0.988835725677831,0.974723538704581,0.982866043613707,0,0,0.969889064976228,0.00636942675159236,0.00327332242225859,0.0302547770700637,0.00628930817610063,0,0.982511923688394,0.0141065830721003,0.988745980707395,0.9824,0,0.979527559055118,0.0463678516228748,0.98740157480315,0.901273885350318,0.984544049459042,0.982677165354331
"532",0.983844911147011,0.980952380952381,0.975155279503106,0.934747145187602,0.980676328502415,0.988709677419355,0.901898734177215,0.967948717948718,0.981072555205047,0,0.988817891373802,0,0.587096774193548,0.982200647249191,0.0576,0.0252764612954186,0,0.016025641025641,0.982200647249191,0.973270440251572,0.178515007898894,0.0516129032258065,0.976525821596244,0,0.949286846275753,0.267515923566879,0.118296529968454,0.972491909385113,0.46046511627907,0.712749615975422,0.0125588697017268,0.715421303656598,0.786407766990291,0.299065420560748,0,0.987220447284345,0.0186625194401244,0.976489028213166,0.294027565084227,0.89922480620155,0.00159235668789809,0.015600624024961,0.00634920634920635,0.980738362760835,0.807565789473684,0.0353130016051364,0.542264752791069,0.0176282051282051,0.491551459293395,0.141965678627145,0,0.981072555205047,0.286384976525822,0.984227129337539,0.8896,0.176948051948052,0,0.964686998394864,0.966929133858268,0.895638629283489,0.313385826771654,0.43125,0.0176,0,0.892282958199357,0.821316614420063,0,0.977742448330684,0,0.0144694533762058,0.872641509433962,0.0158227848101266,0.0348101265822785,0.983076923076923,0,0.714728682170543,0.0638629283489097,0.582677165354331,0.909677419354839,0.287145242070117,0,0.724247226624406,0.22257053291536,0.985826771653543,0.129337539432177,0.929133858267717,0.981132075471698,0.959311424100156,0.9568,0.0109717868338558,0.974317817014446,0.982892690513219,0,0,0.9648,0,0.324492979719189,0.967289719626168,0.00940438871473354,0.0112179487179487,0.631410256410256,0,0.317230273752013,0.98546042003231,0.113178294573643,0.985483870967742,0.00961538461538462,0.971786833855799,0.0128617363344051,0.0222222222222222,0.0235109717868339,0.917065390749601,0.34375,0.979559748427673,0,0.985826771653543,0.726415094339623,0,0.0188976377952756,0.236883942766296,0,0.784345047923323,0.271268057784912,0.088379705400982,0.976415094339623,0.161741835147745,0.979655712050078,0.987577639751553,0,0.564465408805031,0.936507936507937,0.489465153970827,0.976152623211447,0,0.979133226324238,0.0401234567901235,0,0.234349919743178,0.634768740031898,0.533870967741935,0,0,0.974643423137876,0.763116057233704,0.182985553772071,0.984177215189873,0.0235478806907378,0.9328125,0.436988543371522,0.984423676012461,0.14497528830313,0.976038338658147,0.98531810766721,0.829420970266041,0.985849056603774,0.0126782884310618,0.984177215189873,0.0160513643659711,0,0.750798722044728,0.875389408099688,0.968503937007874,0.035548686244204,0,0.9875,0.456910569105691,0.986733001658375,0.980952380952381,0.98256735340729,0.298600311041991,0.973724884080371,0.01743264659271,0.943076923076923,0.0152905198776758,0.899361022364217,0.39937106918239,0,0.972843450479233,0,0.854460093896714,0.98740157480315,0.141269841269841,0.975,0.950793650793651,0.978658536585366,0.960998439937597,0.116352201257862,0.386075949367089,0.935960591133005,0.931419457735247,0.0684713375796178,0.0219435736677116,0.976038338658147,0.866352201257862,0,0,0.328455284552846,0.00159489633173844,0.9828125,0.270866141732283,0.886547811993517,0.773584905660377,0.984639016897081,0.447077409162717,0.447244094488189,0.315789473684211,0.911532385466035,0.95,0.893416927899687,0,0.882629107981221,0.194489465153971,0.945161290322581,0.016025641025641,0.07981220657277,0.559157212317666,1,0.97196261682243,0.844551282051282,0.984227129337539,0.894736842105263,0,0.082258064516129,0.671850699844479,0.982084690553746,0,0.98116169544741,0.984662576687117,0.569157392686804,0.564263322884012,0.9792663476874,0.988636363636364,0.386687797147385,0,0.891640866873065,0.547923322683706,0.976897689768977,0.0141955835962145,0.956454121306376,0.987138263665595,0.984399375975039,0.943639291465378,0.554517133956386,0.0159489633173844,0.984423676012461,0.552469135802469,0.0184899845916795,0.0200308166409861,0.2112,0.0174880763116057,0.165861513687601,0.693374422187982,0.0141287284144427,0.0231839258114374,0.023696682464455,0.606012658227848,0.0503246753246753,0.9808,0.0112903225806452,0.0142405063291139,0,0.247172859450727,0.985221674876847,0.960191082802548,0.923930269413629,0,0.884364820846905,0.851968503937008,0.710862619808307,0.628571428571429,0.466666666666667,0.453808752025932,0.010989010989011,0.982171799027553,0.111975116640746,0.726829268292683,0.976228209191759,0.0269413629160063,0.763955342902711,0.0141955835962145,0.136012364760433,0.983050847457627,0.98546042003231,0.8992,0,0.66510172143975,0.890302066772655,0,0.0158227848101266,0.903875968992248,0.977707006369427,0,0.0156739811912226,0.0156739811912226,0.97444089456869,0.885807504078303,0.0161550888529887,0,0.410094637223975,0.985623003194888,0.794712286158631,0.398412698412698,0.677316293929712,0.95,0.0280811232449298,0.985959438377535,0.98297213622291,0.0223285486443381,0.965408805031447,0.985804416403785,0.963317384370016,0.982704402515723,0.194312796208531,0.317757009345794,0.306962025316456,0.9744,0.927652733118971,0.0505529225908373,0.262820512820513,0.971014492753623,0.169572107765452,0.311349693251534,0.985826771653543,0.984051036682616,0.9703125,0.699029126213592,0.9796875,0.245098039215686,0.974763406940063,0.985759493670886,0,0.341158059467919,0.568,0.0331230283911672,0.0518867924528302,0.0249221183800623,0.909667194928685,0.044478527607362,0.0125984251968504,0,0.242811501597444,0.979397781299525,0.0823909531502423,0.978827361563518,0.9776,0.988871224165342,0.315789473684211,0.316393442622951,0.681089743589744,0.468333333333333,0,0.821484992101106,0.0292758089368259,0.0552147239263804,0.223950233281493,0.982200647249191,0.018957345971564,0,0.345047923322684,0.0234375,0.0337620578778135,0.484126984126984,0.989045383411581,0.294212218649518,0.981636060100167,0.952305246422893,0,0.984756097560976,0.0110236220472441,0.984326018808777,0.836767036450079,0.983660130718954,0.027027027027027,0.965463108320251,0.0156494522691706,0.869983948635634,0.729508196721312,0.92755905511811,0.9828125,0.982758620689655,0.313084112149533,0.957006369426752,0.981279251170047,0.015527950310559,0.0408163265306122,0.982428115015974,0.982785602503912,0.343799058084772,0.876755070202808,0.971993410214168,0.954113924050633,0.984326018808777,0,0.125,0.982731554160126,0.0174880763116057,0,0.980891719745223,0.0129659643435981,0.0564263322884013,0.981132075471698,0.97427652733119,0.00476190476190476,0.636363636363636,0.439807383627608,0.974358974358974,0.0128824476650564,0.872408293460925,0.982113821138211,0.376788553259142,0.613104524180967,0.802884615384615,0,0.173701298701299,0.97411003236246,0.984025559105431,0.480952380952381,0.984276729559748,0.967959527824621,0.0447284345047923,0.00158478605388273,0.975232198142415,0.980952380952381,0.946031746031746,0.692068429237947,0.0224719101123595,0.874203821656051,0.245283018867925,0.201353637901861,0.0078740157480315,0.623778501628665,0.620578778135048,0.627980922098569,0,0.300970873786408,0.919047619047619,0.645669291338583,0.536741214057508,0.0952380952380952,0,0,0.986342943854325,0.962962962962963,0,0.930379746835443,0.00955414012738853,0,0,0.987158908507223,0,0.987096774193548,0.792721518987342,0.53680981595092,0.98297213622291,0,0,0.981191222570533,0.952380952380952,0.723270440251572,0.014018691588785,0.0032258064516129,0.881064162754304,0.609494640122512,0.984350547730829,0.557120500782473,0.349282296650718,0,0.966981132075472,0.016025641025641,0.958132045088567,0.107491856677524,0,0.0216049382716049,0.125996810207337,0.486798679867987,0.957547169811321,0,0.954968944099379,0.988924050632911,0.984276729559748,0,0.0926517571884984,0.926788685524126,0.0182119205298013,0.982785602503912,0.984423676012461,0.0233281493001555,0.985804416403785,0.321086261980831,0.815336463223787,0.0243506493506494,0.192434210526316,0.963317384370016,0.00969305331179321,0.0157232704402516,0.976525821596244,0.0193861066235864,0.668292682926829,0.3968,0,0.129541864139021,0.75,0.284126984126984,0.966876971608833,0.0189873417721519,0.169781931464174,0.457851239669421,0.95046439628483,0.889230769230769,0.956869009584665,0.7456,0,0.975039001560062,0.0155038759689922,0.95141065830721,0.418152350081037,0.0152671755725191,0.986024844720497,0.985714285714286,0.984051036682616,0.647058823529412,0.982539682539682,0.138211382113821,0.216478190630048,0.958532695374801,0.881619937694704,0,0,0.976,0.952768729641694,0.0317965023847377,1,0.985645933014354,0.39776357827476,0.941463414634146,0.751211631663974,0.892744479495268,0,0.974882260596546,0.360446570972887,0.985576923076923,0.984177215189873,0,0.63961038961039,0.978930307941653,0.0143540669856459,0.701444622792937,0.394321766561514,0.797856049004594,0.691318327974277,0.952234206471495,0.0893682588597843,0.983974358974359,0.984227129337539,0.975077881619938,0.323577235772358,0.115141955835962,0.982511923688394,0.981337480559876,0.00940438871473354,0.790951638065523,0.462732919254658,0.274760383386581,0.772727272727273,0.98125,0.875993640699523,0.982704402515723,0.132075471698113,0.0146103896103896,0,0.836507936507937,0.0128824476650564,0.0172955974842767,0.293375394321767,0,0.976076555023923,0.918495297805643,0.984,0.984520123839009,0.100961538461538,0.0161812297734628,0,0,0.194847020933977,0.088,0.176377952755906,0,0.0172143974960876,0.987321711568938,0.015625,0.319488817891374,0.984025559105431,0.61128526645768,0.9568,0.669303797468354,0.647515527950311,0,0.986175115207373,0.415481832543444,0.516746411483254,0.927244582043344,0.976744186046512,0.403125,0.0125588697017268,0.955555555555556,0.959247648902821,0,0.956989247311828,0.0287081339712919,0.970491803278689,0.429477020602219,0,0.00949367088607595,0.533661740558292,0.8384,0.0160513643659711,0.152845528455285,0.0109375,0.00165016501650165,0.759571209800919,0.0352564102564103,0.990131578947368,0.337007874015748,0.987596899224806,0.0171073094867807,0.369668246445498,0.327447833065811,0.877650897226754,0.115321252059308,0.0141732283464567,0.00318471337579618,0.0568181818181818,0,0.982785602503912,0.0458265139116203,0.973846153846154,0.0221870047543582,0.98858075040783,0,0.530232558139535,0.458466453674121,0.983948635634029,0,0.984101748807631,0,0.413570274636511,0.9765625,0,0.667706708268331,1,0.757911392405063,0.962783171521036,0.0596546310832025,0,0.987381703470032,0.277597402597403,0,0.712050078247261,0.0138248847926267,0.034375,0.987261146496815,0.985507246376812,0.978260869565217,0.955555555555556,0.9712,0,0.963141025641026,0.025,0.368258859784284,0.308411214953271,0.975,0.975039001560062,0.976671850699845,0.980952380952381,0.0602218700475436,0.0291734197730956,0.976627712854758,0.95260663507109,0.725429017160686,0.963949843260188,0.982998454404946,0.982731554160126,0,0,0.968036529680365,0,0.0735524256651017,0,0.965299684542587,0.294022617124394,0.223832528180354,0.137285491419657,0.914691943127962,0,0.121212121212121,0.981012658227848,0.981072555205047,0.674121405750799,0.43969465648855,0.228228228228228,0.2,0.655394524959742,0.0109034267912773,0.13125,0.565286624203822,0.266141732283465,0.706708268330733,0.0222575516693164,0,0.0160771704180064,0.344155844155844,0.980456026058632,0.625,0.251141552511416,0.630914826498423,0.8796875,0.975308641975309,0.955665024630542,0.980456026058632,0.986885245901639,0.984152139461173,0.570522979397781,0.431089743589744,0.985645933014354,0.0225563909774436,0.024653312788906,0.889415481832543,0.010989010989011,0.983050847457627,0.959438377535101,0,0.1256038647343,0,0.948051948051948,0,0.984350547730829,0.982785602503912,0.0157728706624606,0.849683544303797,0.987538940809969,0.671497584541063,0.646417445482866,0.886762360446571,0,0,0.926350245499182,0.948406676783004,0.984177215189873,0,0,0.0179445350734095,0.237366003062787,0.50796178343949,0,0.471246006389776,0,0.936790923824959,0.987096774193548,0.177033492822967,0.250778816199377,0,0.362745098039216,0.600969305331179,0.857371794871795,0.969230769230769,0.79179810725552,0.0108695652173913,0.983792544570502,0.0223642172523962,0.986970684039088,0,0.989096573208723,0.00963081861958266,0.985483870967742,0.0316455696202532,0.0195121951219512,0,0,0.838509316770186,0.92604501607717,0.9421875,0.710485133020344,0.0386996904024768,0.025518341307815,0.844690966719493,0.833850931677019,0,0.0238095238095238,0.96513470681458,0,0.973640856672158,0.971608832807571,0.0780254777070064,0.0363924050632911,0.0171073094867807,0.982892690513219,0.480582524271845,0.0817307692307692,0.113237639553429,0.123809523809524,0.700320512820513,0.109034267912773,0.990353697749196,0,0.7552,0.973354231974922,0.00480769230769231,0,0.0168453292496172,0,0.01875,0.987341772151899,0.735725938009788,0.0176,0.015748031496063,0.559485530546624,0.963375796178344,0.432646592709984,0.0479134466769706,0.0178282009724473,0.0533117932148627,0.0219435736677116,0,0.0429252782193959,0.0168195718654434,0.0175438596491228,0.0266457680250784,0.0124223602484472,0.0450885668276973,0.0534591194968553,0.0300632911392405,0.0223285486443381,0.00650406504065041,0.0282574568288854,0.0265210608424337,0.0550314465408805,0.023961661341853,0.0237341772151899,0.0146579804560261,0.0207336523125997,0.0438311688311688,0.0192926045016077,0.0265625,0.014308426073132,0.0443037974683544,0.0183767228177642,0.0159489633173844
"533",0.993690851735016,0.992248062015504,0.97542242703533,0.940226171243942,0.992076069730586,0.990476190476191,0.894736842105263,0.981102362204724,0.992331288343558,0,0.990683229813665,0,0.579192546583851,0.99194847020934,0.0517241379310345,0.015625,0,0.0158982511923688,0.995192307692308,0.976744186046512,0.175824175824176,0.0419354838709677,0.984350547730829,0,0.956318252730109,0.267405063291139,0.1109375,0.983870967741935,0.483128834355828,0.694835680751174,0.00764525993883792,0.703761755485893,0.79559748427673,0.2921875,0,0.993769470404984,0.0216383307573416,0.989147286821705,0.279940119760479,0.89644513137558,0.00157728706624606,0.0171073094867807,0.0062111801242236,0.990595611285266,0.783171521035599,0.0333333333333333,0.524922118380062,0.0094488188976378,0.478723404255319,0.12937595129376,0,0.990595611285266,0.28149300155521,0.992138364779874,0.883096366508689,0.164556962025316,0,0.965079365079365,0.95968992248062,0.921658986175115,0.305810397553517,0.449768160741886,0.00631911532385466,0,0.896496815286624,0.835889570552147,0,0.987460815047022,0,0.00623052959501558,0.859567901234568,0.0153374233128834,0.0250783699059561,0.99079754601227,0,0.724615384615385,0.0570987654320988,0.582554517133956,0.904912836767036,0.27317880794702,0,0.718461538461538,0.216463414634146,0.992307692307692,0.114906832298137,0.914330218068536,0.986089644513138,0.966360856269113,0.963302752293578,0.0106707317073171,0.984227129337539,0.990566037735849,0,0,0.973228346456693,0,0.306027820710974,0.981279251170047,0.00778816199376947,0.0093603744149766,0.629230769230769,0,0.306089743589744,0.993660855784469,0.111613876319759,0.993690851735016,0.00952380952380952,0.981366459627329,0.00797448165869218,0.0156739811912226,0.0157728706624606,0.90282131661442,0.335394126738794,0.984447900466563,0,0.989147286821705,0.7296875,0,0.00933125972006221,0.238021638330757,0,0.788643533123028,0.26791277258567,0.0840064620355412,0.97191887675507,0.160741885625966,0.987635239567233,0.989113530326594,0,0.559322033898305,0.937007874015748,0.497622820919176,0.984126984126984,0,0.9858934169279,0.0338461538461538,0,0.229793977812995,0.640253565768621,0.5264,0,0,0.982731554160126,0.768987341772152,0.1743264659271,0.990415335463259,0.0144,0.926153846153846,0.412322274881517,0.984802431610942,0.14951768488746,0.981191222570533,0.993640699523052,0.848297213622291,0.989028213166144,0.00638977635782748,0.990697674418605,0.00949367088607595,0,0.757097791798107,0.875957120980092,0.976708074534162,0.0287878787878788,0,0.995426829268293,0.454253611556982,0.990353697749196,0.993798449612403,0.992331288343558,0.298325722983257,0.982731554160126,0.00786163522012579,0.961948249619482,0.00904977375565611,0.905660377358491,0.386075949367089,0,0.9796875,0,0.863422291993721,0.99375,0.132283464566929,0.992163009404389,0.947204968944099,0.984871406959153,0.967840735068913,0.101694915254237,0.38,0.931089743589744,0.941732283464567,0.0618238021638331,0.0153374233128834,0.987421383647799,0.861154446177847,0,0,0.3203125,0.00155038759689922,0.993817619783617,0.261136712749616,0.882911392405063,0.763975155279503,0.992378048780488,0.449685534591195,0.453703703703704,0.311424100156495,0.928909952606635,0.965463108320251,0.883256528417819,0,0.881435257410296,0.186195826645265,0.94912559618442,0.0078125,0.0752688172043011,0.553822152886115,0.975232198142415,0.993827160493827,0.84748427672956,0.992175273865415,0.900316455696203,0,0.0793157076205288,0.665151515151515,0.988871224165342,0,0.987654320987654,0.984825493171472,0.562305295950156,0.557120500782473,0.9828125,0.990353697749196,0.368992248062016,0,0.888386123680241,0.537854889589905,0.974803149606299,0.00770416024653313,0.958778625954198,0.993630573248408,0.990811638591118,0.95125786163522,0.53858024691358,0.00950871632329636,0.976489028213166,0.552631578947368,0.0121580547112462,0.00917431192660551,0.202830188679245,0.00940438871473354,0.160572337042925,0.670788253477589,0.009375,0.0107692307692308,0.0186335403726708,0.598145285935085,0.0461783439490446,0.980982567353407,0.0125588697017268,0.00788643533123028,0,0.239302694136292,0.99203821656051,0.968652037617555,0.906687402799378,0,0.872239747634069,0.850539291217257,0.705607476635514,0.618973561430793,0.472698907956318,0.463452566096423,0.010989010989011,0.990595611285266,0.107644305772231,0.710144927536232,0.965678627145086,0.0216049382716049,0.759433962264151,0.010752688172043,0.1321044546851,0.990881458966565,0.993453355155483,0.893987341772152,0,0.65015479876161,0.885579937304075,0,0.00930232558139535,0.895454545454546,0.985849056603774,0,0.00928792569659443,0.00923076923076923,0.991922455573506,0.900958466453674,0.00645161290322581,0,0.386292834890966,1,0.787878787878788,0.391640866873065,0.675632911392405,0.97239263803681,0.0187207488299532,0.990867579908676,0.993779160186625,0.0110410094637224,0.972136222910217,0.993700787401575,0.971014492753623,0.990697674418605,0.183385579937304,0.321428571428571,0.303317535545024,0.983818770226537,0.943181818181818,0.0409711684370258,0.272870662460568,0.981042654028436,0.161787365177196,0.310606060606061,0.9921875,0.990566037735849,0.976452119309262,0.693418940609952,0.987616099071207,0.245641838351823,0.967391304347826,0.992063492063492,0,0.336448598130841,0.56031746031746,0.0283464566929134,0.0473282442748092,0.0152905198776758,0.915756630265211,0.0310077519379845,0.0046583850931677,0,0.236111111111111,0.988941548183254,0.0790697674418605,0.995145631067961,0.970588235294118,0.990697674418605,0.303030303030303,0.29903536977492,0.688783570300158,0.463295269168026,0,0.833855799373041,0.0211800302571861,0.0488549618320611,0.204651162790698,0.990610328638498,0.0093167701863354,0,0.338509316770186,0.0154559505409583,0.0286624203821656,0.470031545741325,0.993759750390016,0.27724358974359,0.990228013029316,0.962204724409449,0,0.991004497751124,0.00459418070444104,0.990839694656489,0.842349304482226,0.99198717948718,0.0217391304347826,0.970903522205207,0.00783699059561128,0.868421052631579,0.720190779014308,0.942812982998454,0.992223950233281,0.990595611285266,0.309597523219814,0.961300309597523,0.990839694656489,0.00757575757575758,0.0315457413249211,0.991974317817014,0.990712074303406,0.329754601226994,0.875776397515528,0.966074313408724,0.961360123647604,0.993827160493827,0,0.120826709062003,0.992175273865415,0.0063391442155309,0,0.9734375,0.0112903225806452,0.0555555555555556,0.992223950233281,0.969551282051282,0.00314465408805031,0.636363636363636,0.436220472440945,0.998392282958199,0.00950871632329636,0.875,0.993579454253612,0.389147286821705,0.622464898595944,0.793157076205288,0,0.175193798449612,0.980922098569157,0.990566037735849,0.470031545741325,0.9921875,0.975767366720517,0.0263975155279503,0.0015625,0.996974281391831,0.992163009404389,0.954545454545455,0.69922480620155,0.014218009478673,0.873417721518987,0.253846153846154,0.190864600326264,0.00775193798449612,0.621405750798722,0.606973058637084,0.610591900311526,0,0.297297297297297,0.921383647798742,0.65,0.525993883792049,0.0909090909090909,0,0,0.995481927710843,0.967692307692308,0,0.930232558139535,0.0110062893081761,0,0,0.992088607594937,0,0.991922455573506,0.781931464174455,0.541033434650456,0.990839694656489,0,0,0.989164086687306,0.965098634294385,0.725274725274725,0.00758725341426404,0.00317965023847377,0.88135593220339,0.610169491525424,0.995327102803738,0.553158705701079,0.350467289719626,0,0.975193798449612,0.00801282051282051,0.952978056426332,0.0995260663507109,0,0.0182926829268293,0.124006359300477,0.500815660685155,0.962962962962963,0,0.953775038520801,0.97360248447205,0.993865030674847,0,0.0832025117739403,0.927512355848435,0.0112540192926045,0.990712074303406,0.996955859969559,0.0138888888888889,0.992248062015504,0.310975609756098,0.821150855365474,0.0202808112324493,0.177133655394525,0.9629057187017,0.0111111111111111,0.00789889415481832,0.976993865030675,0.0160771704180064,0.660771704180064,0.416403785488959,0,0.125391849529781,0.752365930599369,0.276497695852535,0.992223950233281,0.00783699059561128,0.167441860465116,0.466129032258065,0.949386503067485,0.904320987654321,0.962616822429907,0.76984126984127,0,0.980332829046899,0.00623052959501558,0.9703125,0.411392405063291,0.00762195121951219,0.992283950617284,0.992236024844721,0.992211838006231,0.64018691588785,0.993874425727412,0.142635658914729,0.202211690363349,0.953198127925117,0.882260596546311,0,0,0.985849056603774,0.944267515923567,0.0256410256410256,0.985645933014354,1,0.382445141065831,0.934817170111288,0.737169517884914,0.889060092449923,0,0.971786833855799,0.33015873015873,0.993730407523511,0.993759750390016,0,0.64937106918239,0.979527559055118,0.0078003120124805,0.693522906793049,0.381475667189953,0.802710843373494,0.693910256410256,0.962518740629685,0.0878787878787879,0.979365079365079,0.993759750390016,0.989028213166144,0.301612903225806,0.102484472049689,0.998463901689708,0.992223950233281,0.00762195121951219,0.790372670807453,0.474497681607419,0.260061919504644,0.77639751552795,0.990551181102362,0.887658227848101,0.993788819875776,0.123853211009174,0.00974025974025974,0,0.835114503816794,0.0110935023771791,0.00625,0.278382581648523,0,0.995297805642633,0.923195084485407,0.992175273865415,0.993759750390016,0.101721439749609,0.00943396226415094,0,0,0.182250396196513,0.0804416403785489,0.163551401869159,0,0.00623052959501558,0.993855606758833,0.0120845921450151,0.311320754716981,0.990683229813665,0.60625,0.967340590979782,0.66306027820711,0.639393939393939,0,0.990950226244344,0.412044374009509,0.507739938080495,0.922038980509745,0.986024844720497,0.405616224648986,0.00933125972006221,0.95800933125972,0.963246554364472,0,0.96177370030581,0.0248447204968944,0.982371794871795,0.44811320754717,0,0.00943396226415094,0.535714285714286,0.846153846153846,0.00773993808049536,0.141287284144427,0.0125984251968504,0.00157728706624606,0.746246246246246,0.0299212598425197,0.993558776167472,0.322137404580153,0.989247311827957,0.0062015503875969,0.377272727272727,0.339712918660287,0.877551020408163,0.105691056910569,0.00934579439252336,0.00310077519379845,0.0475435816164818,0,0.991031390134529,0.0424143556280587,0.987987987987988,0.00792393026941363,0.99203821656051,0,0.530674846625767,0.475279106858054,0.993808049535604,0,0.990881458966565,0,0.399361022364217,0.986089644513138,0,0.653786707882535,0.982677165354331,0.744514106583072,0.956661316211878,0.0445468509984639,0,0.993730407523511,0.267496111975117,0,0.701863354037267,0.00759878419452888,0.0244274809160305,0.990506329113924,0.995238095238095,0.987616099071207,0.970542635658915,0.979233226837061,0,0.970542635658915,0.021671826625387,0.353941267387944,0.289922480620155,0.995334370139969,0.9858934169279,0.990783410138249,0.984709480122324,0.0482115085536547,0.0238853503184713,1,0.961180124223602,0.733128834355828,0.979623824451411,0.990654205607477,0.977099236641221,0,0,0.977477477477477,0,0.0725308641975309,0,0.954828660436137,0.287735849056604,0.223809523809524,0.135802469135802,0.925233644859813,0,0.113846153846154,0.992163009404389,0.993788819875776,0.646511627906977,0.431988041853513,0.217455621301775,0.189312977099237,0.659777424483307,0.00625,0.123839009287926,0.55607476635514,0.26530612244898,0.715396578538103,0.0171073094867807,0,0.00632911392405063,0.325949367088608,0.991909385113269,0.630602782071097,0.244648318042813,0.637209302325581,0.879815100154083,0.981762917933131,0.963434022257552,0.987117552334944,0.992050874403816,0.992138364779874,0.5546875,0.414442700156986,0.992063492063492,0.0119940029985007,0.0151285930408472,0.8765625,0.0107361963190184,0.992354740061162,0.965996908809892,0,0.119617224880383,0,0.952830188679245,0,0.970542635658915,0.990595611285266,0.00928792569659443,0.846034214618974,0.990825688073395,0.658307210031348,0.613496932515337,0.876369327073552,0,0,0.935691318327974,0.944444444444444,0.995391705069124,0,0,0.00802568218298555,0.238095238095238,0.514774494556765,0,0.463076923076923,0,0.935331230283912,0.990476190476191,0.169036334913112,0.238095238095238,0,0.360446570972887,0.605723370429253,0.852895148669797,0.966463414634146,0.774960380348653,0.00625,0.996840442338073,0.0125786163522013,0.991935483870968,0,0.986280487804878,0.00772797527047913,0.99203821656051,0.0253164556962025,0.0126582278481013,0,0,0.84080370942813,0.937399678972713,0.939907550077042,0.728813559322034,0.0345864661654135,0.014308426073132,0.830745341614907,0.832822085889571,0,0.0263565891472868,0.967238689547582,0,0.9776,0.961479198767334,0.0668740279937792,0.0371517027863777,0.0109375,0.992319508448541,0.467408585055644,0.0809968847352025,0.111290322580645,0.120556414219474,0.696682464454976,0.0996932515337423,0.993730407523511,0,0.771875,0.978527607361963,0.00473186119873817,0,0.00903614457831325,0,0.00786163522012579,0.992199687987519,0.725961538461538,0.00796178343949045,0.00947867298578199,0.547619047619048,0.961538461538462,0.44031007751938,0.0393939393939394,0.0110584518167457,0.0448717948717949,0.0187207488299532,0,0.028436018957346,0.0120845921450151,0.00793650793650794,0.0184899845916795,0.00615384615384615,0.0429252782193959,0.0460122699386503,0.0230769230769231,0.0203442879499218,0.00632911392405063,0.0283464566929134,0.0263975155279503,0.049079754601227,0.0152905198776758,0.0217391304347826,0.00637958532695375,0.0108527131782946,0.0378548895899054,0.0157232704402516,0.0242792109256449,0.00934579439252336,0.043956043956044,0.0060790273556231,0.0109546165884194
"534",0.374407582938389,0.377916018662519,0.384259259259259,0.407290015847861,0.363782051282051,0.359098228663446,0.437106918238994,0.401234567901235,0.354938271604938,0,0.371517027863777,0,0.6046875,0.357827476038339,0.666153846153846,0.644409937888199,0,0.00316455696202532,0.376395534290271,0.379471228615863,0.808641975308642,0.640394088669951,0.38,0,0.417565485362096,0.656298600311042,0.682316118935837,0.362619808306709,0.707132018209408,0.591331269349845,0.642424242424242,0.621283255086072,0.552590266875981,0.642969984202212,0,0.361198738170347,0.0124031007751938,0.363496932515337,0.79080118694362,0.431888544891641,0,0.00306748466257669,0,0.353407290015848,0.549363057324841,0.650717703349282,0.5953125,0.639937106918239,0.646084337349398,0.696374622356495,0,0.377151799687011,0.752321981424149,0.360629921259843,0.446031746031746,0.667741935483871,0,0.393364928909953,0.38828967642527,0.474576271186441,0.640062597809077,0.706521739130435,0.6368,0,0.467408585055644,0.518633540372671,0,0.366197183098592,0,0.635646687697161,0.448540706605223,0.616822429906542,0.644859813084112,0.368098159509202,0,0.59606656580938,0.668702290076336,0.60625,0.4608,0.671592775041051,0,0.581430745814307,0.668683812405446,0.355083459787557,0.707882534775889,0.447328244274809,0.354489164086687,0.386292834890966,0.370992366412214,0,0.36817472698908,0.354489164086687,0,0,0.385737439222042,0,0.84375,0.371473354231975,0,0,0.740279937791602,0,0.82120253164557,0.346518987341772,0.745426829268293,0.34913112164297,0,0.383307573415765,0.640378548895899,0.643642072213501,0.651305683563748,0.422047244094488,0.661514683153014,0.36833855799373,0,0.373271889400922,0.58887171561051,0,0.646417445482866,0.659305993690852,0,0.558544303797468,0.896604938271605,0.6688,0.372093023255814,0.682098765432099,0.344512195121951,0.369734789391576,0,0.818040435458787,0.429017160686427,0.625796178343949,0.376190476190476,0,0.368760064412238,0.645259938837921,0,0.867834394904459,0.5375,0.835483870967742,0,0,0.380585516178737,0.5625,0.678233438485804,0.355242566510172,0.628482972136223,0.4359375,0.61198738170347,0.356923076923077,0.803225806451613,0.370139968895801,0.347003154574132,0.462015503875969,0.351181102362205,0.621794871794872,0.362928348909657,0.628346456692913,0,0.591263650546022,0.484848484848485,0.376360808709176,0.636785162287481,0,0.351309707241911,0.641025641025641,0.368,0.363207547169811,0.348694316436252,0.638591117917305,0.389147286821705,0.639498432601881,0.391975308641975,0.648773006134969,0.446372239747634,0.641509433962264,0,0.370942812982998,0,0.463790446841294,0.359375,0.650316455696203,0.37442218798151,0.4078125,0.370753323485968,0.393568147013783,0.672307692307692,0.627092846270928,0.428115015974441,0.419303797468354,0.668231611893584,0.647425897035881,0.386687797147385,0.459501557632399,0,0,0.97045101088647,0,0.362252663622527,0.67906976744186,0.450949367088608,0.504658385093168,0.378048780487805,0.875981161695447,0.649310872894334,0.899841017488076,0.385466034755134,0.389751552795031,0.466666666666667,0,0.481481481481481,0.8432,0.41287284144427,0.643856920684292,0.661119515885023,0.840062111801242,0.3875,0.373088685015291,0.512539184952978,0.364760432766615,0.479623824451411,0,0.654320987654321,0.623839009287926,0.377567140600316,0,0.356374807987711,0.388719512195122,0.80690737833595,0.561815336463224,0.354489164086687,0.375,0.849683544303797,0,0.442040185471406,0.62992125984252,0.391935483870968,0.639876352395672,0.394777265745008,0.34913112164297,0.355932203389831,0.41692789968652,0.576744186046512,0.656200941915228,0.382445141065831,0.585365853658537,0.640060240963855,0.623298033282905,0.619651347068146,0.629107981220657,0.798412698412698,0.693972179289026,0.641627543035994,0.632872503840246,0.638065522620905,0.77947932618683,0.6544,0.3921875,0,0.632558139534884,0,0.847003154574132,0.36833855799373,0.366771159874608,0.440124416796268,0,0.481658692185008,0.489164086687306,0.603395061728395,0.6,0.623052959501558,0.625796178343949,0,0.344339622641509,0.748822605965463,0.618210862619808,0.394409937888199,0.650231124807396,0.591679506933744,0.658267716535433,0.663093415007657,0.37593984962406,0.358642972536349,0.449920508744038,0,0.719271623672231,0.437598736176935,0,0.647239263803681,0.431372549019608,0.379471228615863,0,0.656346749226006,0.638198757763975,0.38351822503962,0.478260869565217,0.637096774193548,0,0.847826086956522,0.36734693877551,0.583206106870229,0.617283950617284,0.668238993710692,0.378670788253478,0.628751974723539,0.361538461538462,0.362204724409449,0.635093167701863,0.392523364485981,0.362790697674419,0.39268680445151,0.361538461538462,0.671875,0.764976958525346,0.891509433962264,0.378980891719745,0.420545746388443,0.013953488372093,0.675078864353312,0.387596899224806,0.637209302325581,0.655639097744361,0.36150234741784,0.378125,0.388379204892966,0.619967793880837,0.352220520673813,0.658730158730159,0.3984375,0.354531001589825,0,0.761978361669243,0.774447949526814,0.641627543035994,0.0155038759689922,0.641538461538462,0.423493044822257,0.644171779141104,0.641538461538462,0,0.670278637770898,0.371069182389937,0.688087774294671,0.378029079159935,0.413312693498452,0.36734693877551,0.944356120826709,0.93354943273906,0.580093312597201,0.595432300163132,0,0.519500780031201,0.643185298621746,0.638167938931298,0.781733746130031,0.359177215189873,0.642414860681115,0,0.763803680981595,0.642745709828393,0.663009404388715,0.654853620955316,0.363779527559055,0.649038461538462,0.372131147540984,0.381102362204724,0,0.368740515933232,0.634408602150538,0.359090909090909,0.518461538461538,0.376012965964344,0.649068322981366,0.382352941176471,0.628526645768025,0.44945567651633,0.573015873015873,0.429007633587786,0.388198757763975,0.359937402190923,0.881064162754304,0.406885758998435,0.348623853211009,0.63855421686747,0.6390625,0.351735015772871,0.357910906298003,0.650546021840874,0.439814814814815,0.390243902439024,0.398449612403101,0.353120243531202,0,0.675118858954041,0.360681114551084,0.639810426540284,0,0.392125984251968,0,0.637380191693291,0.361538461538462,0.389147286821705,0,0.739130434782609,0.624012638230648,0.382581648522551,0.632258064516129,0.438184663536776,0.367088607594937,0.725552050473186,0.761755485893417,0.540412044374009,0,0.812792511700468,0.381028938906752,0.379095163806552,0.607476635514019,0.360429447852761,0.368948247078464,0.649452269170579,0,0.374045801526718,0.37007874015748,0.409302325581395,0.549079754601227,0.643192488262911,0.480314960629921,0.638888888888889,0.759349593495935,0,0.606299212598425,0.633802816901408,0.627145085803432,0,0.661835748792271,0.434579439252336,0.584992343032159,0.580093312597201,0.647058823529412,0,0,0.354354354354354,0.376344086021505,0,0.43968253968254,0,0,0,0.348101265822785,0,0.382306477093207,0.581648522550544,0.833841463414634,0.362519201228879,0,0,0.361963190184049,0.402756508422665,0.590490797546012,0.635400907715582,0,0.448540706605223,0.771822358346095,0.370542635658915,0.575757575757576,0.637820512820513,0,0.376923076923077,0.634768740031898,0.416139240506329,0.617693522906793,0,0.645990922844175,0.683962264150943,0.591503267973856,0.374608150470219,0,0.424196018376723,0.392966360856269,0.351309707241911,0,0.681962025316456,0.374798061389338,0.660714285714286,0.356164383561644,0.359013867488444,0.636080870917574,0.352395672333849,0.925418569254186,0.53582554517134,0.636645962732919,0.80577849117175,0.4,0,0.641337386018237,0.377675840978593,0.646774193548387,0.631911532385466,0.626771653543307,0,0.693972179289026,0.553945249597424,0.909785932721712,0.37962962962963,0.625978090766823,0.662079510703364,0.646677471636953,0.4051593323217,0.447900466562986,0.407874015748032,0.541864139020537,0,0.369565217391304,0.64624808575804,0.369085173501577,0.862619808306709,0.644376899696049,0.35375191424196,0.363777089783282,0.353488372093023,0.53125,0.367851622874807,0.785488958990536,0.828660436137072,0.412130637636081,0.452307692307692,0,0,0.355345911949686,0.41335453100159,0.64,0.39776357827476,0.382445141065831,1,0.431781701444623,0.63751987281399,0.44104134762634,0,0.386046511627907,0.850393700787402,0.361240310077519,0.355140186915888,0,0.634645669291339,0.386837881219904,0.632492113564669,0.568471337579618,0.627300613496933,0.514285714285714,0.580188679245283,0.400299850074962,0.646084337349398,0.378594249201278,0.362790697674419,0.394695787831513,0.832012678288431,0.701863354037267,0.360062893081761,0.351226993865031,0,0.54364471669219,0.659409020217729,0.649691358024691,0.545736434108527,0.363636363636364,0.431464174454829,0.35968992248062,0.176737160120846,0.642276422764228,0,0.518867924528302,0.640822784810127,0.635093167701863,0.665634674922601,0,0.374233128834356,0.428792569659443,0.374233128834356,0.355932203389831,0.661949685534591,0.655172413793103,0,0,0.800933125972006,0.674454828660436,0.661417322834646,0,0.632148377125193,0.351393188854489,0.267080745341615,0.973143759873618,0.370662460567823,0.765527950310559,0.391442155309033,0.595129375951294,0.611872146118721,0,0.353204172876304,0.926751592356688,0.861852433281005,0.42530487804878,0.361669242658423,0.744648318042814,0,0.404423380726698,0.411854103343465,0,0.374242424242424,0.643302180685358,0.37012987012987,0.630368098159509,0,0,0.848534201954397,0.526232114467409,0.642638036809816,0.658615136876006,0,0,0.50748502994012,0.644200626959248,0.358428805237316,0.658573596358118,0.361280487804878,0.641025641025641,0.644171779141104,0.606060606060606,0.486571879936809,0.677215189873418,0.645608628659476,0,0.662420382165605,0,0.362252663622527,0.583333333333333,0.375189107413011,0.63968253968254,0.3728,0,0.602134146341463,0.683962264150943,0.355799373040752,0,0.374223602484472,0,0.655394524959742,0.38,0,0.703533026113671,0.3796875,0.492163009404389,0.403815580286169,0.649769585253456,0,0.357142857142857,0.640378548895899,0,0.624806201550388,0.628048780487805,0.642313546423135,0.366197183098592,0.350850077279753,0.361280487804878,0.385579937304075,0.380726698262243,0,0.389671361502347,0.00310077519379845,0.845679012345679,0.661514683153014,0.36697247706422,0.359937402190923,0.378625954198473,0.371340523882897,0.0643185298621746,0.65987460815047,0.376395534290271,0.401854714064915,0.575193798449612,0.384024577572965,0.360374414976599,0.393798449612403,0,0,0.382308845577211,0,0.647149460708783,0.0015600624024961,0.397534668721109,0.640575079872205,0.648089171974522,0.703875968992248,0.414442700156986,0.00155763239875389,0.733229329173167,0.357585139318885,0.363354037267081,0.617554858934169,0.869760479041916,0.680059523809524,0.666153846153846,0.545886075949367,0.636503067484663,0.637071651090343,0.812792511700468,0.663536776212833,0.573189522342065,0.64018691588785,0,0.628930817610063,0.839116719242902,0.347619047619048,0.665639445300462,0.835595776772247,0.604361370716511,0.478395061728395,0.374233128834356,0.413848631239936,0.362776025236593,0.370192307692308,0.375786163522013,0.580847723704867,0.622464898595944,0.365054602184087,0.653614457831325,0.641452344931921,0.474339035769829,0,0.360182370820669,0.365891472868217,0,0.689102564102564,0,0.398119122257053,0,0.383177570093458,0.364906832298137,0.646153846153846,0.487381703470032,0.342635658914729,0.708661417322835,0.73497688751926,0.461658841940532,0,0,0.414473684210526,0.42042042042042,0.390092879256966,0,0,0.629513343799058,0.661514683153014,0.626771653543307,0,0.621913580246914,0,0.425632911392405,0.364500792393027,0.698564593301435,0.67629179331307,0,0.637795275590551,0.554347826086957,0.451162790697674,0.401799100449775,0.600313479623824,0.642414860681115,0.378812199036918,0.0784929356357928,0.376971608832808,0,0.366515837104072,0,0.369085173501577,0.629337539432177,0.402535657686212,0,0,0.493865030674847,0.419614147909968,0.401826484018265,0.571214392803598,0.665130568356375,0.632911392405063,0.469040247678019,0.4051593323217,0,0.646417445482866,0.382945736434109,0,0.372424722662441,0.400921658986175,0.664586583463339,0.0093167701863354,0.626373626373626,0.359327217125382,0.581761006289308,0.640944881889764,0.65,0.669781931464174,0.599041533546326,0.679506933744222,0.379095163806552,0,0.593406593406593,0.368098159509202,0,0,0.640601503759399,0,0.640062597809077,0.362229102167183,0.590764331210191,0.656,0.635499207606973,0.810207336523126,0.395638629283489,0.705246913580247,0.0138036809815951,0.645367412140575,0.0603174603174603,0.0138461538461538,0,0.536891679748823,0.632930513595166,0.637931034482759,0.636503067484663,0.635528330781011,0.00946372239747634,0.0185471406491499,0.646604938271605,0.014018691588785,0.00318471337579618,0.0356589147286822,0.0169230769230769,0.0124031007751938,0.646031746031746,0.0215716486902928,0.633116883116883,0.658767772511848,0.0127591706539075,0.637071651090343,0.0599078341013825,0.632237871674491,0.602167182662539,0.645550527903469,0.636220472440945
"535",0.929738562091503,0.925039872408293,0.957547169811321,0.913680781758958,0.935691318327974,0.932786885245902,0.894060995184591,0.948635634028893,0.9234375,0,0.931746031746032,0,0.595505617977528,0.930645161290323,0.1104,0.0769230769230769,0,0.0127186009538951,0.930533117932149,0.920127795527157,0.214516129032258,0.106135986733002,0.917316692667707,0,0.911251980982567,0.309562398703404,0.164012738853503,0.929276315789474,0.506289308176101,0.74198717948718,0.0702028081123245,0.716346153846154,0.778688524590164,0.338072669826224,0,0.931528662420382,0.018957345971564,0.917057902973396,0.325545171339564,0.861635220125786,0.00160771704180064,0.0142630744849445,0.0047244094488189,0.925324675324675,0.812807881773399,0.0903225806451613,0.529695024077046,0.0631067961165049,0.525423728813559,0.194099378881988,0,0.928115015974441,0.3168,0.92604501607717,0.884615384615385,0.226600985221675,0,0.907166123778502,0.934609250398724,0.893416927899687,0.342356687898089,0.466353677621283,0.0684039087947883,0,0.863192182410424,0.81974921630094,0,0.922705314009662,0,0.0629032258064516,0.833073322932917,0.0770465489566613,0.0894308943089431,0.933229813664596,0,0.73015873015873,0.102643856920684,0.589825119236884,0.909677419354839,0.340677966101695,0,0.73186119873817,0.261755485893417,0.924148606811146,0.175911251980983,0.925750394944708,0.93217665615142,0.933014354066986,0.901430842607313,0.00617283950617284,0.921951219512195,0.921850079744817,0,0,0.913621262458472,0,0.345425867507886,0.914556962025316,0.00788643533123028,0.00961538461538462,0.667741935483871,0,0.339171974522293,0.9375,0.168224299065421,0.931596091205212,0.00644122383252818,0.949685534591195,0.0680713128038898,0.0790322580645161,0.0746031746031746,0.907317073170732,0.3904,0.919685039370079,0,0.950715421303657,0.738437001594896,0,0.0746500777604977,0.291866028708134,0,0.778140293637847,0.315705128205128,0.140293637846656,0.928909952606635,0.202551834130782,0.928348909657321,0.933227344992051,0,0.613526570048309,0.929373996789727,0.50814332247557,0.921696574225122,0,0.924466338259442,0.0890625,0,0.271428571428571,0.635048231511254,0.570951585976628,0,0,0.930645161290323,0.759433962264151,0.220228384991843,0.92258064516129,0.0717703349282297,0.94620253164557,0.456869009584665,0.953051643192488,0.181523500810373,0.927536231884058,0.925081433224756,0.813586097946288,0.926984126984127,0.0607553366174056,0.931419457735247,0.0699523052464229,0,0.744299674267101,0.86875,0.916139240506329,0.0960629921259843,0,0.926447574334898,0.508885298869144,0.925864909390445,0.936608557844691,0.930599369085173,0.321316614420063,0.935483870967742,0.0672,0.9140625,0.0726429675425039,0.901294498381877,0.4181240063593,0,0.925278219395866,0,0.818037974683544,0.922345483359746,0.179487179487179,0.919685039370079,0.898894154818325,0.926380368098159,0.917721518987342,0.170418006430868,0.443037974683544,0.919934640522876,0.899513776337115,0.118110236220472,0.0749601275917065,0.938808373590982,0.864566929133858,0,0,0.357945425361156,0.0016025641025641,0.925,0.315707620528771,0.8832,0.756329113924051,0.938775510204082,0.488853503184713,0.458990536277603,0.351132686084142,0.875399361022364,0.906497622820919,0.880314960629921,0,0.856692913385827,0.245499181669394,0.912,0.0710900473933649,0.140822784810127,0.586816720257235,0.933544303797468,0.9328125,0.841269841269841,0.927672955974843,0.857374392220421,0,0.138095238095238,0.670347003154574,0.922204213938412,0,0.921259842519685,0.945226917057903,0.607655502392344,0.570754716981132,0.920792079207921,0.930081300813008,0.408585055643879,0,0.885093167701863,0.568253968253968,0.967266775777414,0.078003120124805,0.915625,0.932038834951456,0.928571428571429,0.894904458598726,0.583333333333333,0.0721311475409836,0.958795562599049,0.55607476635514,0.0732824427480916,0.0736677115987461,0.258064516129032,0.0707395498392283,0.216260162601626,0.722570532915361,0.0691318327974277,0.0782472613458529,0.0768,0.664576802507837,0.104404567699837,0.929032258064516,0.00648298217179903,0.0608974358974359,0,0.269789983844911,0.935064935064935,0.923566878980892,0.892405063291139,0,0.879282218597064,0.84012539184953,0.717495987158908,0.635499207606973,0.473515248796148,0.473856209150327,0.00793650793650794,0.9248,0.167721518987342,0.729818780889621,0.963607594936709,0.0791925465838509,0.807266982622433,0.0698412698412698,0.191153238546603,0.93125,0.930693069306931,0.89776357827476,0,0.720190779014308,0.882926829268293,0,0.0766823161189358,0.906153846153846,0.951219512195122,0,0.0743670886075949,0.0666666666666667,0.934640522875817,0.882544861337684,0.0662358642972536,0,0.428346456692913,0.933224755700326,0.809672386895476,0.443910256410256,0.720893141945773,0.910236220472441,0.0788643533123028,0.934272300469484,0.924290220820189,0.0710823909531502,0.924679487179487,0.93042071197411,0.897520661157025,0.933333333333333,0.2491961414791,0.375,0.339652448657188,0.945161290322581,0.888519134775374,0.0434782608695652,0.317666126418152,0.938582677165354,0.205128205128205,0.353211009174312,0.93522906793049,0.925806451612903,0.923444976076555,0.707865168539326,0.924409448818898,0.300813008130081,0.964968152866242,0.927536231884058,0,0.381846635367762,0.593800978792822,0.0749601275917065,0.0421875,0.0834645669291339,0.863275039745628,0.0989010989010989,0.0638977635782748,0,0.289137380191693,0.934747145187602,0.13968253968254,0.939244663382594,0.963492063492064,0.940322580645161,0.346774193548387,0.346469622331691,0.682615629984051,0.493421052631579,0,0.808441558441558,0.0837138508371385,0.10355486862442,0.264475743348983,0.928455284552846,0.0748407643312102,0,0.389423076923077,0.0738993710691824,0.0914927768860353,0.5,0.931089743589744,0.336025848142165,0.930807248764415,0.89776357827476,0,0.93140243902439,0.0694444444444444,0.935285053929122,0.813990461049285,0.923460898502496,0.0865384615384615,0.9171875,0.0607476635514019,0.840255591054313,0.748784440842788,0.897356143079316,0.941823899371069,0.9328,0.354992076069731,0.910685805422648,0.925581395348837,0.0682170542635659,0.0864779874213836,0.923824959481361,0.931854199683043,0.392405063291139,0.84458398744113,0.907284768211921,0.915492957746479,0.928115015974441,0,0.186161449752883,0.927099841521395,0.0680713128038898,0,0.980738362760835,0.0096,0.12258064516129,0.925750394944708,0.962843295638126,0.0048780487804878,0.674718196457327,0.463492063492064,0.936893203883495,0.0633333333333333,0.836012861736334,0.933006535947712,0.420967741935484,0.688575899843505,0.8125,0,0.218849840255591,0.951060358890702,0.928343949044586,0.483922829581994,0.932496075353218,0.914858096828047,0.0882825040128411,0.00158982511923688,0.92879746835443,0.925632911392405,0.912903225806452,0.694006309148265,0.0627009646302251,0.87075928917609,0.28503937007874,0.240802675585284,0.00630914826498423,0.618739903069467,0.626817447495961,0.637795275590551,0,0.353996737357259,0.903225806451613,0.641065830721003,0.556962025316456,0.142640364188164,0,0,0.928787878787879,0.89589905362776,0,0.95389507154213,0.00495049504950495,0,0,0.924920127795527,0,0.938009787928222,0.831460674157303,0.584876543209877,0.932917316692668,0,0,0.933333333333333,0.904468412942989,0.725832012678288,0.0695102685624013,0.0016260162601626,0.886115444617785,0.676056338028169,0.935331230283912,0.565830721003135,0.412420382165605,0,0.91679748822606,0.0691318327974277,0.930756843800322,0.15,0,0.0747663551401869,0.179153094462541,0.495854063018242,0.910685805422648,0,0.95046439628483,0.923556942277691,0.926868044515103,0,0.14003294892916,0.863481228668942,0.0765391014975042,0.925581395348837,0.928012519561815,0.0821484992101106,0.928909952606635,0.352848101265823,0.838862559241706,0.0858995137763371,0.224755700325733,0.926868044515103,0.00487012987012987,0.0688,0.938095238095238,0.0738916256157636,0.668831168831169,0.44408945686901,0,0.182250396196513,0.740740740740741,0.311111111111111,0.926447574334898,0.0686900958466454,0.194928684627575,0.472817133443163,0.90077519379845,0.887675507020281,0.907915993537964,0.743178170144462,0,0.91679748822606,0.0657276995305164,0.901929260450161,0.432300163132137,0.0736196319018405,0.929133858267717,0.93192868719611,0.934959349593496,0.63301282051282,0.94620253164557,0.188524590163934,0.247135842880524,0.91283676703645,0.883096366508689,0,0,0.928571428571429,0.914239482200647,0.0882825040128411,0.941463414634146,0.934817170111288,0.431781701444623,1,0.755737704918033,0.884012539184953,0,0.92891760904685,0.375399361022364,0.935691318327974,0.930379746835443,0,0.662921348314607,0.957860615883306,0.0726698262243286,0.695652173913043,0.432432432432432,0.782542113323124,0.727858293075684,0.898305084745763,0.141524105754277,0.925806451612903,0.93015873015873,0.942857142857143,0.341503267973856,0.1664,0.930379746835443,0.923076923076923,0.00796178343949045,0.781150159744409,0.483619344773791,0.324921135646688,0.779014308426073,0.924920127795527,0.852988691437803,0.925632911392405,0.1359375,0.0662251655629139,0,0.833602584814216,0.0729335494327391,0.071656050955414,0.341307814992026,0,0.924071082390953,0.881703470031546,0.932283464566929,0.929467084639498,0.15224358974359,0.0795454545454545,0,0,0.232786885245902,0.130856219709208,0.216260162601626,0,0.0673981191222571,0.934817170111288,0.0361635220125786,0.350819672131148,0.92776886035313,0.640901771336554,0.911433172302738,0.691943127962085,0.673879443585781,0,0.932307692307692,0.443910256410256,0.563311688311688,0.916535433070866,0.9328125,0.446945337620579,0.00782472613458529,0.931089743589744,0.931782945736434,0,0.910631741140216,0.0825545171339564,0.93046357615894,0.450949367088608,0,0.00625978090766823,0.575809199318569,0.846526655896607,0.0714285714285714,0.205882352941176,0.00797448165869218,0.00165562913907285,0.729770992366412,0.0813008130081301,0.931208053691275,0.38810641627543,0.933753943217666,0.0664556962025316,0.427892234548336,0.34983498349835,0.871125611745514,0.150326797385621,0.0791139240506329,0.00158227848101266,0.111642743221691,0,0.929012345679012,0.0915141430948419,0.946646341463415,0.0792880258899676,0.932907348242812,0,0.547880690737834,0.501587301587302,0.931309904153355,0,0.93603744149766,0,0.470588235294118,0.925278219395866,0,0.695374800637959,0.935379644588045,0.735152487961477,0.956310679611651,0.10459587955626,0,0.934504792332268,0.324675324675325,0,0.71656050955414,0.0705521472392638,0.0881889763779528,0.938808373590982,0.927302100161551,0.924528301886792,0.904610492845787,0.920127795527157,0,0.92443729903537,0.0188976377952756,0.388976377952756,0.344,0.925632911392405,0.917460317460317,0.924646781789639,0.921875,0.0523809523809524,0.0834670947030498,0.931552587646077,0.910518053375196,0.714511041009464,0.908372827804107,0.9359375,0.963722397476341,0,0,0.912442396313364,0,0.137007874015748,0,0.95859872611465,0.332242225859247,0.26418152350081,0.181962025316456,0.873194221508828,0,0.174603174603175,0.924646781789639,0.934065934065934,0.674157303370786,0.484709480122324,0.260336906584992,0.245749613601236,0.654340836012862,0.0668789808917197,0.163166397415186,0.62621359223301,0.30622009569378,0.711145996860283,0.0771653543307087,0,0.0634146341463415,0.366776315789474,0.929853181076672,0.665079365079365,0.281733746130031,0.638977635782748,0.881516587677725,0.911671924290221,0.919540229885057,0.928221859706362,0.939837398373984,0.927302100161551,0.5872,0.49203821656051,0.927884615384615,0.0680061823802164,0.0777604976671851,0.8752,0.00784929356357928,0.932601880877743,0.902711323763955,0,0.158154859967051,0,0.912,0,0.923809523809524,0.924920127795527,0.0712025316455696,0.850722311396469,0.933125972006221,0.712195121951219,0.682108626198083,0.877813504823151,0,0,0.894824707846411,1,0.93730407523511,0,0,0.0711974110032362,0.29375,0.5184,0,0.515923566878981,0,0.910277324632953,0.928802588996764,0.227868852459016,0.281645569620253,0,0.406451612903226,0.607936507936508,0.82475884244373,0.966719492868463,0.814173228346457,0.0670926517571885,0.938842975206612,0.0192,0.922204213938412,0,0.947368421052632,0.00637958532695375,0.93719806763285,0.0917874396135266,0.0499194847020934,0,0,0.821705426356589,0.876847290640394,0.921507064364207,0.701863354037267,0.0925644916540212,0.0717781402936378,0.82670906200318,0.804615384615385,0,0.0878594249201278,0.907523510971787,0,0.90671031096563,0.964451313755796,0.129186602870813,0.0350877192982456,0.072,0.931570762052877,0.514516129032258,0.135135135135135,0.154220779220779,0.175718849840256,0.707119741100324,0.154213036565978,0.931309904153355,0,0.765273311897106,0.912698412698413,0.00318471337579618,0,0.0785824345146379,0,0.0737179487179487,0.929936305732484,0.719155844155844,0.0706075533661741,0.0717703349282297,0.608064516129032,0.939393939393939,0.47244094488189,0.0423861852433281,0.0726978998384491,0.0556464811783961,0.0206022187004754,0,0.0838709677419355,0.0832049306625578,0.0684039087947883,0.0922098569157393,0.0659340659340659,0.036741214057508,0.0475435816164818,0.0744849445324881,0.0192616372391653,0.00648298217179903,0.0315457413249211,0.0271132376395534,0.048,0.0732484076433121,0.0224358974358974,0.0693548387096774,0.0801282051282051,0.0374592833876222,0.0718849840255591,0.029595015576324,0.0706260032102729,0.0917721518987342,0.0728682170542636,0.0782747603833866
"536",0.7376,0.73208722741433,0.736111111111111,0.737520128824477,0.725779967159278,0.723127035830619,0.734726688102894,0.742857142857143,0.733755942947702,0,0.730210016155089,0,0.613924050632911,0.729641693811075,0.311912225705329,0.283018867924528,0,0.0110935023771791,0.739967897271268,0.724842767295597,0.43217665615142,0.295566502463054,0.714738510301109,0,0.763955342902711,0.419093851132686,0.363782051282051,0.718901453957997,0.626168224299065,0.737169517884914,0.273584905660377,0.685624012638231,0.71405750798722,0.4448,0,0.727858293075684,0.0205371248025276,0.71496062992126,0.512232415902141,0.708268330733229,0.00161550888529887,0.00778816199376947,0.00158730158730159,0.736842105263158,0.706451612903226,0.272285251215559,0.56782334384858,0.271132376395534,0.5796875,0.382716049382716,0,0.732258064516129,0.480952380952381,0.737756714060032,0.734726688102894,0.392092257001647,0,0.736089030206677,0.722308892355694,0.729001584786054,0.432389937106918,0.61189358372457,0.268370607028754,0,0.745571658615137,0.750394944707741,0,0.725521669341894,0,0.270226537216828,0.723704866562009,0.2765625,0.282296650717703,0.729001584786054,0,0.719814241486068,0.311320754716981,0.614285714285714,0.74468085106383,0.456998313659359,0,0.682965299684543,0.422187981510015,0.718995290423862,0.378164556962025,0.74805598755832,0.721698113207547,0.733333333333333,0.735340729001585,0.0061633281972265,0.72741935483871,0.718354430379747,0,0,0.741042345276873,0,0.552099533437014,0.724683544303797,0.0031201248049922,0.00321543408360129,0.759615384615385,0,0.538834951456311,0.73202614379085,0.378294573643411,0.727124183006536,0.00651465798045603,0.741573033707865,0.270664505672609,0.275477707006369,0.264150943396226,0.7344,0.485759493670886,0.735576923076923,0,0.729102167182663,0.685624012638231,0,0.267828843106181,0.459807073954984,0,0.722662440570523,0.529133858267717,0.31953642384106,0.73968253968254,0.421875,0.729813664596273,0.743178170144462,0,0.754385964912281,0.741679873217116,0.583198707592892,0.726384364820847,0,0.726229508196721,0.286604361370716,0,0.499194847020934,0.613564668769716,0.738486842105263,0,0,0.739403453689168,0.742088607594937,0.415584415584416,0.715670436187399,0.276629570747218,0.769110764430577,0.521103896103896,0.720125786163522,0.4,0.733333333333333,0.706070287539936,0.714738510301109,0.725961538461538,0.267100977198697,0.73186119873817,0.270833333333333,0,0.745571658615137,0.718068535825545,0.71671826625387,0.273993808049536,0,0.720858895705521,0.536065573770492,0.737439222042139,0.724683544303797,0.737089201877934,0.443234836702955,0.718354430379747,0.281446540880503,0.727272727272727,0.274961597542243,0.715421303656598,0.497630331753554,0,0.7232,0,0.698890649762282,0.726415094339623,0.359550561797753,0.729001584786054,0.765822784810127,0.722910216718266,0.728571428571429,0.348726114649682,0.516380655226209,0.751623376623377,0.721498371335505,0.292880258899676,0.286614173228346,0.737785016286645,0.716300940438871,0,0,0.578352180936995,0.0015748031496063,0.728110599078341,0.466248037676609,0.7184,0.662519440124417,0.735202492211838,0.703583061889251,0.568075117370892,0.5667215815486,0.687400318979266,0.719936708860759,0.728125,0,0.803149606299213,0.446808510638298,0.737864077669903,0.264423076923077,0.316770186335404,0.75801282051282,0.753918495297806,0.729001584786054,0.722488038277512,0.732909379968203,0.7408,0,0.329093799682035,0.711627906976744,0.725328947368421,0,0.730708661417323,0.731366459627329,0.763116057233704,0.56687898089172,0.722044728434505,0.72875816993464,0.608695652173913,0,0.721183800623053,0.623397435897436,0.751633986928105,0.274294670846395,0.714285714285714,0.729773462783172,0.716346153846154,0.731078904991948,0.591549295774648,0.274478330658106,0.744849445324881,0.564387917329094,0.28416149068323,0.273291925465839,0.368336025848142,0.269662921348315,0.436573311367381,0.752755905511811,0.274478330658106,0.273010920436817,0.279874213836478,0.83125,0.306188925081433,0.736507936507937,0.00636942675159236,0.27491961414791,0,0.499202551834131,0.749190938511327,0.717252396166134,0.771428571428571,0,0.724919093851133,0.723704866562009,0.683042789223455,0.661904761904762,0.554502369668246,0.56,0.0062992125984252,0.724590163934426,0.374414976599064,0.694078947368421,0.7504,0.283227848101266,0.7872,0.281150159744409,0.369158878504673,0.7296875,0.72396694214876,0.741157556270096,0,0.802180685358255,0.720257234726688,0,0.274603174603175,0.731669266770671,0.738095238095238,0,0.2828125,0.264331210191083,0.737357259380098,0.738287560581583,0.263665594855305,0,0.626198083067093,0.724473257698541,0.740566037735849,0.511923688394277,0.774193548387097,0.71585557299843,0.271428571428571,0.720379146919431,0.72386895475819,0.275974025974026,0.731437598736177,0.7296,0.736,0.740031897926635,0.4,0.515007898894155,0.552,0.731707317073171,0.732673267326733,0.0425196850393701,0.46422893481717,0.732689210950081,0.37220447284345,0.495481927710843,0.733652312599681,0.731319554848967,0.72626582278481,0.735294117647059,0.717425431711146,0.454248366013072,0.736263736263736,0.725521669341894,0,0.52373417721519,0.717073170731707,0.296,0.0470957613814757,0.272585669781931,0.71563981042654,0.302507836990596,0.276083467094703,0,0.426984126984127,0.72508038585209,0.33968253968254,0.734453781512605,0.738362760834671,0.738170347003155,0.565428109854604,0.55810147299509,0.681159420289855,0.528523489932886,0,0.744372990353698,0.277258566978193,0.28816199376947,0.454545454545455,0.730645161290323,0.279365079365079,0,0.542452830188679,0.280314960629921,0.287560581583199,0.564516129032258,0.720447284345048,0.439542483660131,0.733224222585925,0.724473257698541,0,0.733637747336377,0.282539682539683,0.728125,0.733226837060703,0.737704918032787,0.279483037156704,0.7296875,0.268680445151033,0.699842022116904,0.674193548387097,0.724842767295597,0.756714060031596,0.71656050955414,0.565495207667732,0.728434504792332,0.708268330733229,0.277089783281734,0.2864,0.72275641025641,0.727272727272727,0.484276729559748,0.705329153605016,0.779578606158833,0.7312,0.737984496124031,0,0.354892205638474,0.726984126984127,0.270833333333333,0,0.746365105008078,0.00658978583196046,0.296116504854369,0.719568567026194,0.750793650793651,0.00158227848101266,0.755555555555556,0.500805152979066,0.754071661237785,0.266115702479339,0.711038961038961,0.730706075533662,0.558730158730159,0.825471698113208,0.698564593301435,0,0.431496062992126,0.739482200647249,0.743630573248408,0.537480063795853,0.732394366197183,0.717138103161398,0.295133437990581,0.00158730158730159,0.742088607594937,0.740031897926635,0.723704866562009,0.668740279937792,0.269537480063796,0.723472668810289,0.410828025477707,0.430016863406408,0.00313479623824451,0.676375404530744,0.747181964573269,0.636363636363636,0,0.474631751227496,0.73094867807154,0.658805031446541,0.576923076923077,0.329230769230769,0,0,0.727272727272727,0.726134585289515,0,0.748019017432647,0.00484652665589661,0,0,0.732689210950081,0,0.729773462783172,0.78740157480315,0.760252365930599,0.724458204334365,0,0,0.732594936708861,0.729646697388633,0.714511041009464,0.276995305164319,0.00164203612479475,0.734920634920635,0.809825673534073,0.754746835443038,0.564541213063764,0.495145631067961,0,0.724409448818898,0.270049099836334,0.743264659270998,0.338187702265372,0,0.280864197530864,0.362903225806452,0.567880794701987,0.719936708860759,0,0.741085271317829,0.748043818466354,0.715408805031447,0,0.318481848184819,0.73,0.277870216306156,0.7234375,0.721183800623053,0.269537480063796,0.722135007849294,0.5728,0.76984126984127,0.280193236714976,0.445171849427169,0.733124018838305,0.00814332247557003,0.2736,0.728706624605678,0.275862068965517,0.697712418300654,0.499202551834131,0,0.368088467614534,0.705211726384365,0.526315789473684,0.739268680445151,0.269230769230769,0.360374414976599,0.559210526315789,0.73469387755102,0.703125,0.738853503184713,0.717703349282297,0,0.755102040816326,0.273716951788491,0.720190779014308,0.637987012987013,0.271585557299843,0.725705329153605,0.731319554848967,0.725677830940989,0.603174603174603,0.739811912225705,0.400966183574879,0.451456310679612,0.785826771653543,0.740916271721959,0,0,0.719101123595506,0.750413223140496,0.287337662337662,0.751211631663974,0.737169517884914,0.63751987281399,0.755737704918033,1,0.738993710691824,0,0.733870967741935,0.589456869009585,0.733974358974359,0.724522292993631,0,0.694267515923567,0.741518578352181,0.281889763779528,0.6976,0.492913385826772,0.739663093415008,0.658105939004815,0.726574500768049,0.324574961360124,0.734527687296417,0.727272727272727,0.734597156398104,0.554257095158598,0.341894060995185,0.732909379968203,0.726844583987441,0.0062992125984252,0.754250386398764,0.60952380952381,0.437001594896332,0.685214626391097,0.723027375201288,0.728414442700157,0.729133858267716,0.165625,0.271214642262895,0,0.7376,0.268488745980707,0.264,0.463607594936709,0,0.7344,0.726283048211509,0.72275641025641,0.7390625,0.330683624801272,0.285261489698891,0,0,0.433006535947712,0.331738437001595,0.395161290322581,0,0.267828843106181,0.729032258064516,0.109737248840804,0.558966074313409,0.716612377850163,0.762282091917591,0.721951219512195,0.657232704402516,0.650621118012422,0,0.740399385560676,0.678288431061807,0.761750405186386,0.742283950617284,0.727554179566563,0.557299843014129,0.0062992125984252,0.736176935229068,0.728813559322034,0,0.719814241486068,0.283018867924528,0.731707317073171,0.551181102362205,0,0.00480769230769231,0.774247491638796,0.720588235294118,0.28343949044586,0.357963875205255,0.00479233226837061,0.00165289256198347,0.671317829457364,0.280898876404494,0.730263157894737,0.496904024767802,0.723004694835681,0.274143302180685,0.519685039370079,0.425806451612903,0.731825525040388,0.367380560131796,0.285266457680251,0.0015748031496063,0.2914653784219,0,0.72884012539185,0.243464052287582,0.72281776416539,0.272141706924316,0.716129032258065,0,0.581504702194357,0.601286173633441,0.729393468118196,0,0.737341772151899,0,0.526916802610114,0.731437598736177,0,0.753125,0.743178170144462,0.658227848101266,0.735909822866345,0.3078125,0,0.736507936507937,0.44264943457189,0,0.701754385964912,0.266563944530046,0.294573643410853,0.733870967741935,0.73462783171521,0.71585557299843,0.728706624605678,0.723856209150327,0,0.729468599033816,0.0094488188976378,0.5890625,0.452681388012618,0.729430379746835,0.723270440251572,0.738654147104851,0.737577639751553,0.0569620253164557,0.282051282051282,0.732773109243697,0.735015772870662,0.712948517940718,0.737261146496815,0.730891719745223,0.753164556962025,0,0,0.727963525835866,0,0.315372424722662,0,0.755591054313099,0.444810543657331,0.40032414910859,0.376766091051805,0.717990275526742,0,0.367088607594937,0.713607594936709,0.738244514106583,0.663507109004739,0.702290076335878,0.443768996960486,0.391640866873065,0.616129032258064,0.27244094488189,0.346456692913386,0.852090032154341,0.471910112359551,0.695652173913043,0.265273311897106,0,0.271103896103896,0.573983739837398,0.719155844155844,0.706814580031696,0.504615384615385,0.672496025437202,0.729813664596273,0.720930232558139,0.730392156862745,0.743548387096774,0.725806451612903,0.733766233766234,0.603149606299213,0.537480063795853,0.724247226624406,0.282642089093702,0.280864197530864,0.724522292993631,0.00788643533123028,0.725,0.719874804381847,0,0.384364820846906,0,0.71183800623053,0,0.755555555555556,0.720706260032103,0.2671875,0.750405186385737,0.728414442700157,0.798045602605863,0.742857142857143,0.744749596122779,0,0,0.739703459637562,0.746153846153846,0.738582677165354,0,0,0.284313725490196,0.452453987730061,0.583860759493671,0,0.566188197767145,0,0.736672051696284,0.738287560581583,0.384863123993559,0.451162790697674,0,0.521035598705502,0.57753164556962,0.693522906793049,0.734567901234568,0.753554502369668,0.286168521462639,0.734761120263591,0.0351437699680511,0.734959349593496,0,0.735524256651017,0.00321027287319422,0.735294117647059,0.260032102728732,0.160883280757098,0,0,0.708333333333333,0.730337078651685,0.720379146919431,0.720125786163522,0.286821705426357,0.273311897106109,0.70364500792393,0.6671826625387,0,0.275477707006369,0.737341772151899,0,0.712887438825449,0.74294670846395,0.32753164556962,0.0363349131121643,0.266773162939297,0.722910216718266,0.530744336569579,0.326892109500805,0.338815789473684,0.355450236966825,0.71264367816092,0.357927786499215,0.733652312599681,0,0.737007874015748,0.720125786163522,0.00159235668789809,0,0.26969696969697,0,0.274603174603175,0.7168,0.788709677419355,0.280327868852459,0.259677419354839,0.739770867430442,0.725938009787928,0.595611285266458,0.0422535211267606,0.264026402640264,0.059967585089141,0.0140845070422535,0,0.232,0.26625386996904,0.270015698587127,0.28062015503876,0.2734375,0.0434083601286174,0.047244094488189,0.270735524256651,0.0176565008025682,0.00162074554294976,0.029874213836478,0.0219435736677116,0.0474683544303797,0.280254777070064,0.0221169036334913,0.26797385620915,0.270998415213946,0.0445859872611465,0.270998415213946,0.0390015600624025,0.271428571428571,0.279809220985692,0.275541795665635,0.256
"537",0.893682588597843,0.874425727411945,0.908814589665654,0.870866141732283,0.886792452830189,0.889922480620155,1,0.892857142857143,0.873282442748092,0.0126182965299685,0.886503067484663,0.0153609831029186,0.60061919504644,0.882260596546311,0.131498470948012,0.121165644171779,0.0165413533834586,0.0324574961360124,0.8796875,0.877488514548239,0.256488549618321,0.128980891719745,0.875957120980092,0.0151057401812689,0.869831546707504,0.321428571428571,0.213395638629283,0.871069182389937,0.539393939393939,0.724924012158055,0.107946026986507,0.705972434915773,0.784283513097072,0.347222222222222,0.0123647604327666,0.885093167701863,0.0306278713629403,0.877828054298643,0.364444444444444,0.83987915407855,0.0153609831029186,0.028657616892911,0.0239520958083832,0.884735202492212,0.758730158730159,0.118380062305296,0.5171875,0.0943683409436834,0.530551415797317,0.225331369661267,0.0166919575113809,0.878461538461539,0.358139534883721,0.880877742946709,0.998444790046656,0.241809672386895,0.0172684458398744,0.865414710485133,0.926829268292683,0.868501529051988,0.347692307692308,0.479514415781487,0.0962732919254658,0.0185758513931889,0.828438948995363,0.77947932618683,0.012326656394453,0.875384615384615,0.00923076923076923,0.100463678516229,0.776416539050536,0.106870229007634,0.11353032659409,0.876854599406528,0.0136570561456753,0.75113808801214,0.145038167938931,0.595679012345679,0.899068322981366,0.342105263157895,0.0171073094867807,0.71969696969697,0.296352583586626,0.881024096385542,0.204855842185129,0.862068965517241,0.873111782477341,0.870030581039755,0.864406779661017,0.0298953662182362,0.877708978328173,0.872699386503067,0.0170278637770898,0.0154559505409583,0.865834633385335,0.015527950310559,0.394736842105263,0.877300613496933,0.0164179104477612,0.0230061349693252,0.712749615975422,0.0138248847926267,0.377880184331797,0.881435257410296,0.197604790419162,0.889240506329114,0.0263975155279503,0.911490683229814,0.104615384615385,0.104776579352851,0.105990783410138,0.981395348837209,0.397832817337461,0.865853658536585,0.0125588697017268,0.90381679389313,0.730474732006126,0.0151515151515152,0.0975609756097561,0.301075268817204,0.0135135135135135,0.786707882534776,0.322188449848024,0.1734375,0.879573170731707,0.234303215926493,0.879154078549849,0.875,0.0200927357032458,0.631659056316591,0.862654320987654,0.525157232704403,0.878930817610063,0.0168711656441718,0.868878357030016,0.109445277361319,0.0183767228177642,0.306122448979592,0.609907120743034,0.618524332810047,0.0173228346456693,0.0206677265500795,0.885145482388974,0.744976816074189,0.265940902021773,0.879256965944272,0.101246105919003,0.862121212121212,0.470774091627172,0.885714285714286,0.234741784037559,0.877675840978593,0.883720930232558,0.794207317073171,0.881638846737481,0.0924764890282132,0.879756468797565,0.102167182662539,0.0155038759689922,0.733644859813084,0.914414414414414,0.877862595419847,0.124615384615385,0.0181818181818182,0.884146341463415,0.509404388714734,0.884126984126984,0.879939209726444,0.876876876876877,0.340874811463047,0.888208269525268,0.0998463901689708,0.873684210526316,0.1,0.923794712286159,0.408882082695253,0.0184331797235023,0.868012422360248,0.0150375939849624,0.791021671826625,0.886018237082067,0.204968944099379,0.881278538812785,0.86322188449848,0.880530973451327,0.878603945371775,0.189230769230769,0.438356164383562,0.848580441640379,0.851097178683386,0.151234567901235,0.115501519756839,0.88785046728972,0.967391304347826,0.015015015015015,0.0124223602484472,0.385093167701863,0.0169491525423729,0.877037037037037,0.319758672699849,0.992211838006231,0.718654434250764,0.887556221889055,0.511591962905719,0.477341389728097,0.385093167701863,0.845911949685535,0.868421052631579,0.895052473763118,0.0185471406491499,0.813455657492355,0.275316455696203,0.879120879120879,0.111801242236025,0.174698795180723,0.615853658536585,0.892307692307692,0.885885885885886,0.831530139103555,0.882175226586103,0.832049306625578,0.0154083204930663,0.169724770642202,0.680241327300151,0.869701726844584,0.0184049079754601,0.87218045112782,0.894419306184012,0.638972809667674,0.54601226993865,0.883720930232558,0.877551020408163,0.463414634146341,0.01875,0.98036253776435,0.573643410852713,0.912280701754386,0.105182926829268,0.870676691729323,0.881172839506173,0.880916030534351,0.861325115562404,0.5662100456621,0.110764430577223,0.906687402799378,0.528417818740399,0.100299401197605,0.111613876319759,0.268817204301075,0.103975535168196,0.244897959183673,0.701201201201201,0.0984848484848485,0.104704097116844,0.116843702579666,0.642324888226528,0.139717425431711,0.874015748031496,0.0248062015503876,0.1,0.0164917541229385,0.307098765432099,0.886075949367089,0.865947611710324,0.813559322033898,0.0182094081942337,0.910658307210031,0.802710843373494,0.70606531881804,0.645510835913313,0.509259259259259,0.489096573208723,0.0291858678955453,0.876923076923077,0.201492537313433,0.711811023622047,0.9,0.113496932515337,0.774045801526718,0.1112828438949,0.218702865761689,0.880844645550528,0.876386687797147,1,0.0151975683890578,0.683183183183183,0.998454404945904,0.0168711656441718,0.0945121951219512,0.995468277945619,0.8984375,0.0134730538922156,0.101226993865031,0.1,0.89873417721519,0.853582554517134,0.0962732919254658,0.0139318885448916,0.483231707317073,0.890625,0.811572700296736,0.44969512195122,0.703703703703704,0.879284649776453,0.102918586789555,0.885885885885886,0.876712328767123,0.106918238993711,0.879815100154083,0.881901840490798,0.883942766295707,0.889226100151745,0.243119266055046,0.401515151515151,0.374429223744292,0.899845916795069,0.864566929133858,0.0598802395209581,0.319314641744548,0.894819466248038,0.203703703703704,0.36417033773862,0.900621118012422,0.879443585780526,0.888036809815951,0.699059561128527,0.879204892966361,0.313084112149533,0.905775075987842,0.8859375,0.0184331797235023,0.405604719764012,0.646687697160883,0.104863221884498,0.0656488549618321,0.111607142857143,0.834355828220859,0.128834355828221,0.0987841945288754,0.0120481927710843,0.280916030534351,0.875,0.179173047473201,0.89540412044374,0.904615384615385,0.894171779141104,0.376360808709176,0.377952755905512,0.659476117103236,0.485530546623794,0.0151975683890578,0.770992366412214,0.114457831325301,0.129323308270677,0.309230769230769,0.884259259259259,0.104134762633997,0.0168711656441718,0.411944869831547,0.11969696969697,0.122324159021407,0.5421875,0.873846153846154,0.344827586206897,0.882725832012678,0.865834633385335,0.0151285930408472,0.885507246376812,0.0986342943854325,0.883156297420334,0.78516228748068,0.880763116057234,0.11864406779661,0.878012048192771,0.0966257668711656,0.824345146379045,0.718799368088468,0.860606060606061,0.898176291793313,0.883333333333333,0.371913580246914,0.869230769230769,0.876119402985075,0.104477611940299,0.113354037267081,0.884735202492212,0.870170015455951,0.38863287250384,0.805471124620061,0.868589743589744,0.867469879518072,0.884036144578313,0.0124223602484472,0.195348837209302,0.880733944954128,0.103715170278638,0.0186915887850467,0.918495297805643,0.0174050632911392,0.143302180685358,0.878195488721805,0.908116385911179,0.0201238390092879,0.714285714285714,0.449922958397535,0.894819466248038,0.107309486780715,0.79746835443038,0.879499217527387,0.433846153846154,0.665644171779141,0.784496124031008,0.010989010989011,0.252279635258359,0.899843505477308,0.874425727411945,0.47239263803681,0.887878787878788,0.868253968253968,0.124233128834356,0.0154559505409583,0.887864823348694,0.882534775888717,0.863141524105754,0.672205438066465,0.109737248840804,0.913249211356467,0.298325722983257,0.275974025974026,0.0211480362537764,0.628482972136223,0.623255813953488,0.62962962962963,0.016793893129771,0.342313787638669,0.886645962732919,0.648606811145511,0.557926829268293,0.17741935483871,0.0150829562594268,0.016566265060241,0.871906841339156,0.865761689291101,0.0122887864823349,0.895705521472393,0.0234375,0.0167427701674277,0.0157977883096366,0.881804043545879,0.0168970814132104,0.884493670886076,0.777439024390244,0.606287425149701,0.879464285714286,0.015527950310559,0.0140405616224649,0.885844748858447,0.870149253731343,0.722727272727273,0.0984848484848485,0.0157232704402516,1,0.674772036474164,0.898148148148148,0.534638554216867,0.419405320813772,0.0120663650075415,0.868580060422961,0.102643856920684,0.900473933649289,0.164576802507837,0.0168195718654434,0.108108108108108,0.217527386541471,0.496012759170654,0.871362940275651,0.0183206106870229,0.884444444444444,0.880484114977307,0.882352941176471,0.0199692780337942,0.165884194053208,0.84329563812601,0.106687898089172,0.876506024096386,0.882882882882883,0.109062980030722,0.873282442748092,0.381901840490798,0.804281345565749,0.117469879518072,0.259554140127389,0.877300613496933,0.0234741784037559,0.109907120743034,0.894333843797856,0.109546165884194,0.671383647798742,0.452743902439024,0.0179640718562874,0.197852760736196,0.7671875,0.345146379044684,0.887537993920973,0.0969230769230769,0.23030303030303,0.479740680713128,0.865671641791045,0.857142857142857,0.861111111111111,0.729102167182663,0.0139968895800933,0.877061469265367,0.102719033232628,0.857142857142857,0.482115085536547,0.100149476831091,0.878048780487805,0.889751552795031,0.882995319812793,0.611026033690659,0.888888888888889,0.225460122699387,0.288135593220339,0.861027190332326,0.983128834355828,0.0180722891566265,0.0154798761609907,0.879019908116386,0.84310618066561,0.125588697017268,0.892744479495268,0.889060092449923,0.44104134762634,0.884012539184953,0.738993710691824,1,0.014792899408284,0.888208269525268,0.433489827856025,0.89060092449923,0.884322678843227,0.0176470588235294,0.652173913043478,0.902325581395349,0.113884555382215,0.710077519379845,0.428129829984544,0.75887573964497,0.693270735524257,0.853073463268366,0.184131736526946,0.894654088050314,0.891603053435114,0.902140672782875,0.394409937888199,0.186813186813187,0.891238670694864,0.89409984871407,0.0239880059970015,0.762121212121212,0.49306625577812,0.31969696969697,0.759259259259259,0.875,0.820552147239264,0.880916030534351,0.147590361445783,0.107255520504732,0.0166666666666667,0.847352024922118,0.108396946564885,0.107197549770291,0.331811263318113,0.0168711656441718,0.883540372670807,0.855842185128983,0.879204892966361,0.884210526315789,0.189522342064715,0.102167182662539,0.0148588410104012,0.0182926829268293,0.273865414710485,0.178849144634526,0.253414264036419,0.0137825421133231,0.104615384615385,0.88135593220339,0.0587349397590361,0.372274143302181,0.878357030015798,0.676335877862595,0.861538461538462,0.670196671709531,0.649624060150376,0.0137404580152672,0.882789317507418,0.476043276661515,0.580893682588598,0.960902255639098,0.886191198786039,0.467374810318665,0.024390243902439,0.880551301684533,0.884730538922156,0.0168195718654434,0.84672619047619,0.116030534351145,0.866562009419152,0.469230769230769,0.0138674884437596,0.0214395099540582,0.594813614262561,0.820031298904538,0.105426356589147,0.22397476340694,0.0262751159196291,0.0126782884310618,0.729166666666667,0.128086419753086,0.886547811993517,0.385432473444613,0.887878787878788,0.100456621004566,0.429007633587786,0.366043613707165,0.900311526479751,0.1952,0.110944527736132,0.0151975683890578,0.142410015649452,0.0137825421133231,0.883755588673621,0.1232,0.896296296296296,0.11353032659409,0.881889763779528,0.016566265060241,0.560650887573965,0.509375,0.882170542635659,0.0171073094867807,0.886877828054299,0.0189873417721519,0.434022257551669,0.885022692889561,0.0167173252279635,0.728506787330317,0.894819466248038,0.705343511450382,0.907407407407407,0.121621621621622,0.0155038759689922,0.886503067484663,0.330173775671406,0.014903129657228,0.714285714285714,0.100600600600601,0.122171945701357,0.875786163522013,0.877551020408163,0.867867867867868,0.847826086956522,0.874613003095975,0.0165912518853695,0.883435582822086,0.0411585365853659,0.450229709035222,0.347626339969372,0.877112135176651,0.874613003095975,0.89237668161435,0.881278538812785,0.0825688073394495,0.108895705521472,0.894736842105263,0.868702290076336,0.696240601503759,0.869300911854103,0.888386123680241,0.908675799086758,0.0180722891566265,0.0121212121212121,0.883211678832117,0.0179910044977511,0.166919575113809,0.0171073094867807,0.89247311827957,0.330708661417323,0.277337559429477,0.212349397590361,0.841692789968652,0.0200927357032458,0.211093990755008,0.878419452887538,0.883614088820827,0.655384615384615,0.497050147492625,0.298245614035088,0.253393665158371,0.626771653543307,0.0963302752293578,0.197226502311248,0.625,0.317757009345794,0.701515151515152,0.120743034055728,0.0188087774294671,0.0909090909090909,0.420970266040689,0.884375,0.723664122137405,0.329323308270677,0.638297872340426,0.917664670658683,0.874439461883408,0.88783570300158,0.877138413685848,0.887345679012346,0.883177570093458,0.564814814814815,0.472560975609756,0.882262996941896,0.105497771173848,0.112275449101796,0.898148148148148,0.029940119760479,0.87556904400607,0.864179104477612,0.015600624024961,0.21259842519685,0.0181268882175227,0.878234398782344,0.015748031496063,0.881172839506173,0.885022692889561,0.104454685099846,0.811437403400309,0.876335877862595,0.717665615141956,0.671232876712329,1,0.0138888888888889,0.0155038759689922,0.877616747181965,0.893961708394698,0.886363636363636,0.0148588410104012,0.00910470409711684,0.1125,0.293413173652695,0.51468315301391,0.0152905198776758,0.491577335375191,0.0133928571428571,0.840944881889764,0.87789799072643,0.252321981424149,0.327300150829563,0.0136570561456753,0.405909797822706,0.575617283950617,0.800307219662058,0.903177004538578,0.800307219662058,0.0952380952380952,0.889580093312597,0.0357698289269051,0.872841444270016,0.0171875,0.885196374622356,0.0166163141993958,0.875981161695447,0.125,0.0791925465838509,0.0166666666666667,0.015625,0.828483920367534,0.830721003134796,0.952887537993921,0.694656488549618,0.126099706744868,0.108695652173913,0.761102603369066,0.76831091180867,0.0124223602484472,0.117004680187207,0.861538461538462,0.0121580547112462,0.875786163522013,0.911808669656203,0.146189735614308,0.0537634408602151,0.0977099236641221,0.886328725038402,0.511700468018721,0.180995475113122,0.198748043818466,0.199697428139183,0.702830188679245,0.18361153262519,0.892690513219285,0.018348623853211,0.749230769230769,0.862537764350453,0.0230061349693252,0.0183767228177642,0.100443131462334,0.0124804992199688,0.114503816793893,0.878195488721805,0.704761904761905,0.0943396226415094,0.105263157894737,0.623052959501558,0.920807453416149,0.492447129909366,0.0640834575260805,0.10641627543036,0.0738993710691824,0.0273141122913505,0.0202492211838006,0.123244929797192,0.11177347242921,0.0956112852664577,0.116030534351145,0.100600600600601,0.0653188180404355,0.0680786686838124,0.120845921450151,0.0276073619631902,0.0157232704402516,0.04,0.0289634146341463,0.0667678300455235,0.109923664122137,0.0303951367781155,0.101105845181675,0.104037267080745,0.0583717357910906,0.105100463678516,0.0434782608695652,0.105182926829268,0.117465224111283,0.101341281669151,0.0952380952380952
"538",0,0,0,0,0,0,0.0123647604327666,0.00153374233128834,0,1,0,1,0,0,0,0,1,0.984520123839009,0,0,0,0,0,1,0,0,0,0.0015625,0,0,0,0,0,0,1,0,0.978851963746224,0,0,0,1,0.983483483483483,0.995454545454545,0,0,0,0,0,0,0,1,0,0,0,0.0125588697017268,0,1,0,0.00303030303030303,0,0,0,0,1,0,0,1,0,1,0,0,0,0,0,1,0.00151057401812689,0,0,0,0,1,0,0,0,0,0,0,0,0.00302114803625378,0.988059701492537,0,0,1,1,0,1,0.021505376344086,0,0.992435703479576,0.990839694656489,0.0123456790123457,1,0,0,0,0,0.989079563182527,0.00307692307692308,0,0,0,0.0140625,0,0,1,0,0,1,0,0,1,0,0,0,0,0,0,0,1,0.00759878419452888,0,0,0,1,0,0,1,0,0,0.00797448165869218,1,1,0,0,0,0,0,0,0,0,0,0,0,0,0,0,0,0,1,0,0.00451127819548872,0,0,1,0,0,0,0,0,0,0,0,0,0,0.00310077519379845,0,1,0,1,0,0,0,0,0,0,0,0,0,0,0,0,0,0,0.0212765957446809,1,1,0,1,0,0,0.0140625,0,0,0,0,0,0,0,0,1,0,0,0,0,0,0.00455927051671732,0,0,0,0,0,1,0,0,0,1,0,0,0.00612557427258806,0,0,0,0.0197869101978691,1,0.015015015015015,0,0,0,0,0,0,0,0,0,0,0,0,0,0,0,0,0,0,0,0,0,0,0,0.989164086687306,0,1,0.00462962962962963,0,0,0,1,0.00154559505409583,0.00300751879699248,0,0,0,0,0.989247311827957,0,0,0,0,0,0,0,0,0,0,0.0141287284144427,1,0,0.0154320987654321,1,0,0.0135338345864662,0.0015552099533437,1,0,0,0,0,0,1,0.0182926829268293,0,0,0,0,0,0,0,0,0,0,0,0,0,0,0,0,0.00313971742543171,0,0.952307692307692,0,0,0,0,0,0,0,0,0,0,0,0,1,0,0.0108191653786708,0,0.944193061840121,0,0,0,0,1,0,0,0,0,0,0,0,0,0,0,1,0,0,0,0,0,0,1,0,0,0,0.00152439024390244,0,0,0,0,1,0,0,0,0,0,0,0,0,0,0,0,0,0.00152671755725191,0,0,0,0,0,0,0,0,0,0,0,0,1,0,0,0,1,0,0.989130434782609,0,0,0,0.996879875195008,0.0107033639143731,0,0,0,0,0,0,0,0,1,0,0.0015625,0,0,0,0,0,0.998482549317147,0,0,0,0,0,0.00464396284829721,0,0.0142857142857143,0.993846153846154,0,0,0,1,0,0,0,0,0,1,1,0,0,1,0,0.989079563182527,1,1,0,1,0,0.00152905198776758,0.00757575757575758,0,1,1,0,0,0,0,0.996879875195008,0.0181268882175227,0,0,0,0,1,0,0,0,0,1,0,0,0,0,1,0,0,0,1,0,0,0,0,0,0,0,0,0,0,0.00158478605388273,0,0.990654205607477,0,0,0,0,0.0122324159021407,1,0,0.00156739811912226,0,0,0,0,0,0,0,0,0,1,0,0,0,0.0047244094488189,0,0,0,0,0,0,0,0,0,0.0153846153846154,1,1,0,0,0,0,0,0,0,0,0.014792899408284,1,0,0.0167427701674277,0,0,1,0,0,0,0,0,0,0,0,0,0.0015600624024961,0,0,0.0172413793103448,0.0276073619631902,0,0,0.992435703479576,0,0,0,0,0,0,0,0.772795216741405,0,1,0,0,0,0,1,0,0,0,0,0,0,1,1,0,0,0,1,0,0,0.584707646176912,0,0,0.0107197549770291,0,0,0,1,0,0,0,0.00449101796407186,0,0,0.989296636085627,0,0,1,0,0,0,0,1,0.990867579908676,0,0,0,0,0.989230769230769,1,0,0,0,0,0,0,0,0,0.00474683544303797,0,0,0.998470948012232,0,1,0,0.163779527559055,0.00148367952522255,0,0,1,0,0,0,1,0,1,0,0,1,0.0181818181818182,0,0,0,0,1,0,0,1,0,0,0,0,0,0,0.00309119010819165,0.00154798761609907,1,0,0.978851963746224,0.021021021021021,0,0,0,0,0,0.922960725075529,0,0,0,0,0,0,0,1,1,0,1,0,0.998452012383901,0,0,0,0,0,0.998475609756098,0,0,0,0,0,0,0,0,0,0,0,0,0,0,1,0,0.0205696202531646,0,0.0317220543806647,0,0,0.00447093889716841,0,0.00159489633173844,0,0,0,0,0,0,0,0,0.00152671755725191,0.98956780923994,0,0,1,0,1,0,1,0,0,0,0,0,0.00157232704402516,0,0.0170278637770898,1,1,0,0,0,1,1,0,0,0,1,0,1,0,0,0.032258064516129,0,1,0,0,0,0,0,0,0,0.897515527950311,0,1,0,0.990909090909091,0,0,0.391849529780564,1,1,0.0015015015015015,0,0.010752688172043,0,0,0,0,0,1,0,0,1,0,0,0,0.95738203957382,0,0,0,0,0,0,0,0,0,1,0,0,0.995419847328244,1,0,1,0,0,0,0,0,0.00623052959501558,0.00308641975308642,0,0.95166163141994,0,0.897637795275591,0.975572519083969,1,0.165137614678899,0,0,0.00603318250377074,0,0.952160493827161,0.942336874051593,0,0.976851851851852,0.992175273865415,0.951588502269289,0.97112462006079,0.942249240121581,0,0.967791411042945,0,0,0.953560371517028,0,0.933333333333333,0,0.0574886535552194,0,0
"539",0.966292134831461,0.967238689547582,0.948757763975155,0.928338762214984,0.960380348652932,0.968954248366013,0.89776357827476,0.94794952681388,0.967238689547582,0,0.967032967032967,0,0.569620253164557,0.967479674796748,0.0770440251572327,0.0421875,0,0.0127186009538951,0.9688013136289,0.956318252730109,0.196594427244582,0.0671031096563011,0.961119751166407,0,0.949921752738654,0.277337559429477,0.127962085308057,0.948470209339775,0.483771251931994,0.693623639191291,0.0339506172839506,0.702362204724409,0.766666666666667,0.307570977917981,0,0.969502407704655,0.0186625194401244,0.958074534161491,0.293494704992436,0.886153846153846,0,0.015625,0.00469483568075117,0.963607594936709,0.783521809369952,0.0484652665589661,0.51875,0.0302547770700637,0.498452012383901,0.157012195121951,0,0.962085308056872,0.300314465408805,0.969936708860759,0.884244372990354,0.189189189189189,0,0.939490445859873,0.934169278996865,0.890282131661442,0.316770186335404,0.452566096423017,0.0268562401263823,0,0.882825040128411,0.820472440944882,0,0.958532695374801,0,0.0303030303030303,0.866771159874608,0.0347551342812006,0.0449438202247191,0.964506172839506,0,0.720247295208655,0.0788643533123028,0.583717357910906,0.898550724637681,0.278145695364238,0,0.714285714285714,0.236476043276662,0.967492260061919,0.138629283489097,0.900928792569659,0.965299684542587,0.948757763975155,0.937106918238994,0.0124223602484472,0.961352657004831,0.964723926380368,0,0,0.951690821256039,0,0.311320754716981,0.94794952681388,0.0078740157480315,0.00949367088607595,0.640253565768621,0,0.309148264984227,0.967637540453074,0.135593220338983,0.967479674796748,0.0110584518167457,0.956043956043956,0.028892455858748,0.0315955766192733,0.0375586854460094,0.900158478605388,0.343799058084772,0.966719492868463,0,0.962441314553991,0.725705329153605,0,0.0330188679245283,0.242088607594937,0,0.77207062600321,0.274603174603175,0.103896103896104,0.962616822429907,0.174454828660436,0.968944099378882,0.968602825745683,0,0.561240310077519,0.922953451043339,0.503184713375796,0.9664,0,0.961290322580645,0.0521472392638037,0,0.240829346092504,0.631410256410256,0.524879614767255,0,0,0.953051643192488,0.756329113924051,0.201923076923077,0.968253968253968,0.04,0.934272300469484,0.431561996779388,0.96,0.155088852988691,0.963779527559055,0.968051118210863,0.846635367762128,0.962085308056872,0.0318471337579618,0.965299684542587,0.0334928229665072,0,0.744,0.869969040247678,0.948194662480377,0.0434782608695652,0,0.968798751950078,0.464169381107492,0.970684039087948,0.97007874015748,0.975077881619938,0.318252730109204,0.949685534591195,0.0286168521462639,0.930340557275542,0.0321592649310873,0.893964110929853,0.386792452830189,0,0.95260663507109,0,0.836193447737909,0.971786833855799,0.152380952380952,0.965299684542587,0.934065934065934,0.965045592705167,0.957680250783699,0.126198083067093,0.384012539184953,0.929738562091503,0.921011058451817,0.0916271721958926,0.0333863275039746,0.958266452648475,0.8609375,0,0,0.324409448818898,0,0.964285714285714,0.268217054263566,0.885714285714286,0.75195007800312,0.965996908809892,0.439873417721519,0.451162790697674,0.305958132045089,0.901273885350318,0.947452229299363,0.876755070202808,0,0.874806800618238,0.194533762057878,0.923566878980892,0.0330188679245283,0.0981308411214953,0.550632911392405,0.98125,0.962732919254658,0.839171974522293,0.968253968253968,0.878787878787879,0,0.0969793322734499,0.669230769230769,0.958466453674121,0,0.967441860465116,0.958778625954198,0.571875,0.555209953343701,0.956112852664577,0.972085385878489,0.379968203497615,0,0.890262751159196,0.535657686212361,0.957345971563981,0.0268562401263823,0.934883720930233,0.965023847376789,0.966309341500766,0.92822966507177,0.558139534883721,0.0366826156299841,0.961538461538462,0.551724137931034,0.0412844036697248,0.0373831775700935,0.222222222222222,0.0362776025236593,0.18341307814992,0.692307692307692,0.0316455696202532,0.0354938271604938,0.0391236306729265,0.604938271604938,0.0607553366174056,0.967948717948718,0.0111111111111111,0.0345368916797488,0,0.251592356687898,0.966453674121406,0.946875,0.919303797468354,0,0.864297253634895,0.845916795069337,0.70429252782194,0.613354037267081,0.45583596214511,0.466988727858293,0.010989010989011,0.966183574879227,0.121684867394696,0.709150326797386,0.952830188679245,0.0467289719626168,0.752721617418352,0.0283464566929134,0.132075471698113,0.964615384615385,0.965686274509804,0.897560975609756,0,0.674961119751166,0.889245585874799,0,0.0296411856474259,0.896813353566009,0.955555555555556,0,0.0325581395348837,0.0315457413249211,0.9616,0.876996805111821,0.0273752012882448,0,0.397781299524564,0.961352657004831,0.790769230769231,0.390894819466248,0.680577849117175,0.9390625,0.0378548895899054,0.970633693972179,0.965408805031447,0.036741214057508,0.951104100946372,0.968454258675079,0.9392,0.979462875197472,0.199683042789223,0.336448598130841,0.305993690851735,0.952305246422893,0.923327895595432,0.040625,0.27741935483871,0.944178628389155,0.167987321711569,0.315950920245399,0.963607594936709,0.966981132075472,0.94811320754717,0.690553745928339,0.967441860465116,0.255627009646302,0.957746478873239,0.96969696969697,0,0.353488372093023,0.550955414012739,0.0452418096723869,0.0451010886469673,0.0411585365853659,0.909233176838811,0.055045871559633,0.029874213836478,0,0.246081504702194,0.96984126984127,0.10062893081761,0.959349593495935,0.954113924050633,0.965244865718799,0.3024,0.304700162074554,0.669811320754717,0.473509933774834,0,0.811802232854864,0.0382262996941896,0.0602782071097372,0.235478806907378,0.966719492868463,0.03125,0,0.362637362637363,0.0375,0.058252427184466,0.507064364207221,0.967793880837359,0.288188976377953,0.966996699669967,0.933858267716535,0,0.962121212121212,0.0275650842266462,0.972222222222222,0.8203125,0.970588235294118,0.0485133020344288,0.942635658914729,0.0267295597484277,0.864433811802233,0.715890850722311,0.919876733436055,0.9609375,0.960691823899371,0.306349206349206,0.946515397082658,0.964777947932619,0.0353846153846154,0.0546875,0.969648562300319,0.965023847376789,0.329652996845426,0.864992150706436,0.99021207177814,0.929577464788732,0.969418960244648,0,0.134304207119741,0.965299684542587,0.0315955766192733,0,0.950080515297907,0.0113636363636364,0.0721153846153846,0.969135802469136,0.955128205128205,0.00321027287319422,0.648177496038035,0.435406698564593,0.961965134706815,0.0304975922953451,0.874603174603175,0.958132045088567,0.398412698412698,0.626373626373626,0.791139240506329,0,0.181388012618297,0.955056179775281,0.966507177033493,0.466876971608833,0.968701095461659,0.948247078464107,0.0605095541401274,0.0015625,0.962441314553991,0.967741935483871,0.930489731437599,0.682737169517885,0.031496062992126,0.858974358974359,0.2625,0.214765100671141,0.00625,0.630990415335463,0.643769968051118,0.631007751937985,0,0.287828947368421,0.905901116427432,0.647335423197492,0.533333333333333,0.101515151515152,0,0,0.971385542168675,0.94435857805255,0,0.918110236220472,0.0113085621970921,0,0,0.97456279809221,0,0.972536348949919,0.794670846394984,0.537867078825348,0.967136150234742,0,0,0.96551724137931,0.942073170731707,0.725856697819315,0.0307219662058372,0.00318471337579618,0.886153846153846,0.624420401854714,0.971653543307087,0.548686244204019,0.35828025477707,0,0.949074074074074,0.028892455858748,0.934083601286174,0.10702875399361,0,0.0432098765432099,0.140752864157119,0.501666666666667,0.953125,0,0.943251533742331,0.990654205607477,0.968404423380727,0,0.108064516129032,0.910596026490066,0.0347682119205298,0.964230171073095,0.97339593114241,0.0398089171974522,0.9734375,0.315372424722662,0.808612440191388,0.0416666666666667,0.196747967479675,0.936908517350158,0.00943396226415094,0.0283464566929134,0.956454121306376,0.0403877221324717,0.671497584541063,0.417197452229299,0,0.145569620253165,0.738362760834671,0.287051482059282,0.953051643192488,0.0380952380952381,0.175193798449612,0.45393634840871,0.930555555555556,0.87111801242236,0.94006309148265,0.73968253968254,0,0.953051643192488,0.027906976744186,0.92879746835443,0.407407407407407,0.0380517503805175,0.968553459119497,0.965244865718799,0.971428571428571,0.63275039745628,0.960998439937597,0.141945773524721,0.216216216216216,0.990476190476191,0.8848,0,0,0.958532695374801,0.943181818181818,0.0536585365853659,0.974882260596546,0.971786833855799,0.386046511627907,0.92891760904685,0.733870967741935,0.888208269525268,0,1,0.346153846153846,0.967032967032967,0.966824644549763,0,0.642512077294686,0.958132045088567,0.0338164251207729,0.682539682539683,0.409448818897638,0.781297134238311,0.696825396825397,0.937308868501529,0.106707317073171,0.955484896661367,0.968404423380727,0.959564541213064,0.322734499205087,0.131746031746032,0.968944099378882,0.969040247678019,0.00782472613458529,0.78740157480315,0.479430379746835,0.28503937007874,0.776729559748428,0.965463108320251,0.874411302982732,0.964341085271318,0.125193199381762,0.0360065466448445,0,0.82472613458529,0.0324149108589951,0.0361067503924647,0.28391167192429,0,0.971786833855799,0.900158478605388,0.960691823899371,0.961300309597523,0.112519809825674,0.0302066772655008,0,0,0.185007974481659,0.111111111111111,0.178125,0,0.0311526479750779,0.967084639498433,0.0203125,0.312101910828025,0.963492063492064,0.610142630744849,0.943820224719101,0.662595419847328,0.64624808575804,0,0.968133535660091,0.4048,0.518808777429467,0.913713405238829,0.959311424100156,0.420221169036335,0.00938967136150235,0.93730407523511,0.938650306748466,0,0.942635658914729,0.0490506329113924,0.957792207792208,0.443381180223285,0,0.00946372239747634,0.540133779264214,0.831210191082803,0.0301587301587302,0.151757188498403,0.0110236220472441,0,0.738532110091743,0.0498392282958199,0.970198675496689,0.341085271317829,0.968701095461659,0.0371517027863777,0.390432098765432,0.340764331210191,0.867528271405493,0.123577235772358,0.0313479623824451,0.0015600624024961,0.0668789808917197,0,0.969278033794163,0.0636215334420881,0.951219512195122,0.0317460317460317,0.967897271268058,0,0.536098310291859,0.472353870458136,0.973684210526316,0,0.967592592592593,0,0.40650406504065,0.964885496183206,0,0.671296296296296,0.971473851030111,0.737341772151899,0.933649289099526,0.0734375,0,0.971518987341772,0.2864,0,0.705882352941177,0.0261941448382126,0.0494590417310665,0.9696,0.969155844155844,0.956656346749226,0.944532488114105,0.955766192733017,0,0.9515625,0.0231839258114374,0.359013867488444,0.306603773584906,0.960998439937597,0.961783439490446,0.958268933539413,0.976635514018692,0.0507936507936508,0.0421393841166937,0.964110929853181,0.936236391912908,0.710730948678072,0.949685534591195,0.967391304347826,0.964006259780908,0,0,0.946026986506747,0,0.0910493827160494,0,0.951638065522621,0.294685990338164,0.228434504792332,0.151937984496124,0.904153354632588,0,0.141065830721003,0.963665086887836,0.9703125,0.666666666666667,0.431192660550459,0.245852187028658,0.202143950995406,0.650793650793651,0.0232198142414861,0.145085803432137,0.56782334384858,0.27742946708464,0.704334365325077,0.0377952755905512,0,0.0334928229665072,0.348387096774194,0.966613672496025,0.625,0.258751902587519,0.630503144654088,0.872472783825817,0.954128440366973,0.931707317073171,0.961722488038278,0.975767366720517,0.9712,0.568471337579618,0.430340557275542,0.9671875,0.0300751879699248,0.0398162327718224,0.8712715855573,0.010752688172043,0.965891472868217,0.936630602782071,0,0.143780290791599,0,0.931309904153355,0,0.973478939157566,0.967542503863988,0.0328125,0.829617834394904,0.972560975609756,0.681020733652313,0.643533123028391,0.877742946708464,0,0,0.918300653594771,0.929110105580694,0.96513470681458,0,0,0.0355987055016181,0.253822629969419,0.504702194357367,0,0.458135860979463,0,0.922705314009662,0.973143759873618,0.1939586645469,0.268633540372671,0,0.362619808306709,0.593949044585987,0.838862559241706,0.947530864197531,0.795069337442219,0.0294573643410853,0.966237942122186,0.0207006369426752,0.963258785942492,0,0.969558599695586,0.00943396226415094,0.96551724137931,0.0448,0.0318979266347687,0,0,0.82574568288854,0.909822866344606,0.934782608695652,0.735202492211838,0.0590979782270607,0.0351437699680511,0.84044233807267,0.813740458015267,0,0.0408163265306122,0.9488,0,0.951298701298701,0.950078003120125,0.0869565217391304,0.0359937402190923,0.031496062992126,0.969088098918083,0.469255663430421,0.097444089456869,0.121794871794872,0.139968895800933,0.696141479099678,0.120556414219474,0.971061093247588,0,0.761453396524487,0.953488372093023,0.00481540930979133,0,0.0346907993966818,0,0.0312989045383412,0.968553459119497,0.745954692556634,0.0363349131121643,0.0337078651685393,0.558213716108453,0.936305732484076,0.445839874411303,0.0435458786936236,0.0357142857142857,0.0509868421052632,0.0202177293934681,0,0.0598425196850394,0.0336906584992343,0.0273311897106109,0.0453125,0.0328125,0.0411392405063291,0.0528771384136858,0.0420560747663551,0.0221169036334913,0.00814332247557003,0.028436018957346,0.0250391236306729,0.0482115085536547,0.0420032310177706,0.0218068535825545,0.0293637846655791,0.0338709677419355,0.0381558028616852,0.0345368916797488,0.0292758089368259,0.0328125,0.0636942675159236,0.0367534456355283,0.0348101265822785
"540",0.347266881028939,0.34493670886076,0.346749226006192,0.375201288244767,0.329617834394904,0.341503267973856,0.420127795527157,0.365231259968102,0.315707620528771,0.0162866449511401,0.321766561514196,0.0159235668789809,0.575899843505477,0.33495145631068,0.67192429022082,0.660377358490566,0.0170542635658915,0.0190174326465927,0.337115072933549,0.343402225755167,0.776049766718507,0.640650406504065,0.327102803738318,0.0157232704402516,0.378335949764521,0.624193548387097,0.684292379471229,0.335483870967742,0.675465838509317,0.550955414012739,0.645510835913313,0.5796875,0.504807692307692,0.609375,0.01743264659271,0.326984126984127,0.0339506172839506,0.31832298136646,0.808157099697885,0.399686520376176,0.01743264659271,0.013953488372093,0.0189873417721519,0.328478964401294,0.490131578947368,0.664516129032258,0.545454545454545,0.647527910685805,0.634259259259259,0.672839506172839,0.0191082802547771,0.33974358974359,0.724409448818898,0.330173775671406,0.437001594896332,0.67047308319739,0.0161550888529887,0.357259380097879,0.3515625,0.425,0.60828025477707,0.666144200626959,0.66025641025641,0.0145395799676898,0.435691318327974,0.49047619047619,0.0174603174603175,0.334394904458599,0.0157977883096366,0.641357027463651,0.388802488335925,0.641627543035994,0.670347003154574,0.326120556414219,0.0169230769230769,0.552469135802469,0.663076923076923,0.596825396825397,0.426966292134831,0.639261744966443,0.0173775671406003,0.529874213836478,0.645061728395062,0.330781010719755,0.685303514376997,0.414330218068536,0.331775700934579,0.351181102362205,0.33175355450237,0.015527950310559,0.346518987341772,0.323296354992076,0.0141955835962145,0.0142405063291139,0.354066985645933,0.0157977883096366,0.984399375975039,0.335453100158982,0.013953488372093,0.016025641025641,0.72397476340694,0.0173501577287066,0.825878594249201,0.328478964401294,0.744582043343653,0.327476038338658,0.0156739811912226,0.347003154574132,0.653481012658228,0.65625,0.655712050078247,0.4192,0.648902821316614,0.333333333333333,0.0144927536231884,0.347551342812006,0.548183254344392,0.0156985871271586,0.665086887835703,0.651757188498403,0.0153609831029186,0.5232,0.817749603803486,0.661211129296236,0.346518987341772,0.671317829457364,0.333333333333333,0.339622641509434,0.0192307692307692,0.789889415481833,0.391025641025641,0.60702875399361,0.334405144694534,0.0156739811912226,0.334410339256866,0.647709320695103,0.0142630744849445,0.818327974276527,0.493650793650794,0.833605220228385,0.0143769968051118,0.0164473684210526,0.355095541401274,0.519169329073482,0.672697368421053,0.322734499205087,0.653418124006359,0.386435331230284,0.597774244833068,0.327160493827161,0.784,0.332283464566929,0.328548644338118,0.444790046656299,0.332283464566929,0.639741518578352,0.340729001584786,0.654281098546042,0.0110584518167457,0.556618819776715,0.44954128440367,0.343354430379747,0.646781789638933,0.0153609831029186,0.323943661971831,0.612377850162866,0.332242225859247,0.33641975308642,0.322530864197531,0.605873261205564,0.344444444444444,0.656101426307448,0.353395061728395,0.663076923076923,0.424679487179487,0.606864274570983,0.0175438596491228,0.345483359746434,0.0109204368174727,0.432389937106918,0.331269349845201,0.678288431061807,0.332302936630603,0.372239747634069,0.33843797856049,0.358490566037736,0.685358255451713,0.624420401854714,0.388524590163934,0.398713826366559,0.664556962025316,0.650393700787402,0.352090032154341,0.454545454545455,0.0106382978723404,0.0177993527508091,0.8496,0.0126182965299685,0.330733229329173,0.66358024691358,0.436102236421725,0.486656200941915,0.346811819595645,0.771790808240888,0.61993769470405,0.817460317460317,0.341232227488152,0.344992050874404,0.426127527216174,0.0176848874598071,0.430793157076205,0.812297734627832,0.3504,0.656692913385827,0.667692307692308,0.798425196850394,0.338607594936709,0.353125,0.463607594936709,0.33596214511041,0.441412520064205,0.0126782884310618,0.665109034267913,0.580745341614907,0.346456692913386,0.0157728706624606,0.326018808777429,0.343605546995377,0.775157232704403,0.528391167192429,0.339171974522293,0.332781456953642,0.9968,0.0164744645799012,0.411490683229814,0.615873015873016,0.346278317152104,0.657232704402516,0.345146379044684,0.329581993569132,0.32807570977918,0.374213836477987,0.556589147286822,0.673534072900158,0.343548387096774,0.546296296296296,0.652307692307692,0.660091047040971,0.614767255216693,0.638977635782748,0.76984126984127,0.607751937984496,0.634920634920635,0.65990639625585,0.656597774244833,0.725,0.655339805825243,0.340764331210191,0.0172955974842767,0.646031746031746,0.0187793427230047,0.866028708133971,0.346709470304976,0.331761006289308,0.3872,0.0158227848101266,0.449346405228758,0.460218408736349,0.548335974643423,0.577106518282989,0.614285714285714,0.586151368760064,0.0158730158730159,0.310789049919485,0.746478873239437,0.562805872756933,0.354330708661417,0.666666666666667,0.555555555555556,0.667706708268331,0.664566929133858,0.334370139968896,0.322259136212625,0.429487179487179,0.0154798761609907,0.672360248447205,0.442675159235669,0.018957345971564,0.66304347826087,0.409937888198758,0.350710900473934,0.0110236220472441,0.678740157480315,0.651419558359621,0.336038961038961,0.44122383252818,0.64926590538336,0.0143540669856459,1,0.333870967741935,0.542768273716952,0.624413145539906,0.617460317460317,0.342146189735614,0.6513470681458,0.329721362229102,0.325508607198748,0.648562300319489,0.350157728706625,0.326530612244898,0.365539452495974,0.333858267716535,0.666666666666667,0.719874804381847,0.815165876777251,0.362012987012987,0.376432078559738,0.0283464566929134,0.647244094488189,0.353503184713376,0.643533123028391,0.636363636363636,0.336477987421384,0.33868378812199,0.347962382445141,0.581320450885668,0.330757341576507,0.647909967845659,0.366771159874608,0.328548644338118,0.0129449838187702,0.702160493827161,0.811501597444089,0.662379421221865,0.0297339593114241,0.643856920684292,0.394366197183099,0.658878504672897,0.655172413793103,0.0124223602484472,0.662480376766091,0.345161290322581,0.681181959564541,0.34248788368336,0.363349131121643,0.33596214511041,0.84219001610306,0.851132686084142,0.543443917851501,0.574918566775244,0.0139103554868624,0.463492063492064,0.666151468315301,0.633647798742138,0.782608695652174,0.320197044334975,0.666666666666667,0.0124416796267496,0.725856697819315,0.665620094191523,0.674718196457327,0.593406593406593,0.33596214511041,0.64,0.334983498349835,0.349282296650718,0.0171339563862928,0.334855403348554,0.648818897637795,0.338533541341654,0.467304625199362,0.337096774193548,0.674050632911392,0.360501567398119,0.665605095541401,0.4125,0.51628664495114,0.398133748055988,0.354788069073783,0.323343848580442,0.8046875,0.362916006339144,0.309859154929577,0.660436137071651,0.654028436018957,0.325949367088608,0.325949367088608,0.63452566096423,0.407936507936508,0.36525974025974,0.362637362637363,0.316535433070866,0.0160513643659711,0.647527910685805,0.324409448818898,0.660828025477707,0.0192,0.3536,0.0175438596491228,0.647909967845659,0.32093023255814,0.359497645211931,0.016,0.729299363057325,0.594294770206022,0.356340288924559,0.650563607085346,0.42215088282504,0.333333333333333,0.6912,0.700468018720749,0.488188976377953,0.0159489633173844,0.807210031347962,0.337152209492635,0.340222575516693,0.586370839936609,0.316037735849057,0.324503311258278,0.662460567823344,0.0126582278481013,0.345256609642302,0.344497607655502,0.380645161290323,0.537383177570093,0.669316375198728,0.447665056360709,0.639240506329114,0.863036303630363,0.0172955974842767,0.573743922204214,0.567092651757188,0.567651632970451,0.0123647604327666,0.660743134087238,0.391442155309033,0.550156739811912,0.593167701863354,0.648318042813456,0.0186625194401244,0.0170542635658915,0.321699544764795,0.34472049689441,0.0109375,0.39622641509434,0.00967741935483871,0.0123647604327666,0.0160771704180064,0.324960753532182,0.0124610591900312,0.351973684210526,0.553459119496855,0.801857585139319,0.333333333333333,0.0144694533762058,0.014218009478673,0.32755905511811,0.372881355932203,0.5484375,0.661538461538462,0.0176282051282051,0.433641975308642,0.711811023622047,0.323854660347551,0.570754716981132,0.620253164556962,0.0171875,0.352395672333849,0.660771704180064,0.372357723577236,0.645528455284553,0.0184331797235023,0.66306027820711,0.68370607028754,0.562604340567613,0.352484472049689,0.0141732283464567,0.376344086021505,0.351181102362205,0.314465408805031,0.0188679245283019,0.65224358974359,0.366336633663366,0.667763157894737,0.323029366306028,0.334890965732087,0.648985959438378,0.315132605304212,0.8328125,0.505564387917329,0.653907496012759,0.800316957210777,0.364353312302839,0.0191387559808612,0.658385093167702,0.355038759689922,0.664516129032258,0.590032154340836,0.603174603174603,0.0172143974960876,0.674015748031496,0.52827140549273,0.833333333333333,0.340729001584786,0.6464,0.67651632970451,0.616528925619835,0.36833855799373,0.431852986217458,0.378378378378378,0.499192245557351,0.0177133655394525,0.337962962962963,0.661417322834646,0.33968253968254,0.907915993537964,0.666666666666667,0.32182103610675,0.3312,0.315447154471545,0.498442367601246,0.336448598130841,0.770569620253165,0.795819935691318,0.377567140600316,0.442724458204334,0.0124610591900312,0.0144230769230769,0.337620578778135,0.363636363636364,0.647909967845659,0.360446570972887,0.33015873015873,0.850393700787402,0.375399361022364,0.589456869009585,0.433489827856025,0.0167427701674277,0.346153846153846,1,0.334928229665072,0.320754716981132,0.0171339563862928,0.6016,0.364365971107544,0.656549520766773,0.5552,0.598726114649682,0.474242424242424,0.520634920634921,0.354391371340524,0.664634146341463,0.341894060995185,0.331738437001595,0.357698289269051,0.981996726677578,0.773015873015873,0.330218068535826,0.329652996845426,0.0156739811912226,0.519047619047619,0.611635220125786,0.647058823529412,0.493846153846154,0.333853354134165,0.409162717219589,0.324324324324324,0.139356814701378,0.638752052545156,0.0142630744849445,0.482866043613707,0.652380952380952,0.651090342679128,0.651898734177215,0.0157232704402516,0.341194968553459,0.397515527950311,0.337579617834395,0.341049382716049,0.664,0.654028436018957,0.0153374233128834,0.0141955835962145,0.786752827140549,0.67205169628433,0.660194174757282,0.0125588697017268,0.646781789638933,0.317965023847377,0.295665634674923,0.855555555555556,0.343499197431782,0.753086419753086,0.365384615384615,0.543307086614173,0.582298136645963,0.0154083204930663,0.329803328290469,0.810725552050473,0.77724358974359,0.41185647425897,0.329173166926677,0.701892744479495,0.0186915887850467,0.373831775700935,0.376947040498442,0.0172955974842767,0.337899543378995,0.668769716088328,0.347039473684211,0.608150470219436,0.0127591706539075,0.0187793427230047,0.767710049423394,0.476190476190476,0.651419558359621,0.659777424483307,0.0173501577287066,0.0115511551155116,0.490853658536585,0.6608,0.319604612850082,0.651898734177215,0.324534161490683,0.65,0.591194968553459,0.632520325203252,0.451298701298701,0.686084142394822,0.66510172143975,0.0158227848101266,0.663961038961039,0.0141287284144427,0.336973478939158,0.616260162601626,0.343558282208589,0.6608,0.344,0.0186625194401244,0.578294573643411,0.642857142857143,0.334905660377358,0.012779552715655,0.332317073170732,0.0173775671406003,0.638297872340426,0.340590979782271,0.0171606864274571,0.701863354037267,0.335473515248796,0.429477020602219,0.376582278481013,0.664050235478807,0.0159235668789809,0.3264,0.631410256410256,0.0156494522691706,0.575,0.651632970451011,0.6546875,0.32475884244373,0.3312,0.332298136645963,0.338607594936709,0.346518987341772,0.0139103554868624,0.367670364500792,0.0216049382716049,1,0.631911532385466,0.338006230529595,0.337559429477021,0.338533541341654,0.329192546583851,0.0855365474339036,0.679425837320574,0.353135313531353,0.359746434231379,0.529411764705882,0.347962382445141,0.328173374613003,0.365054602184087,0.0156739811912226,0.0154083204930663,0.335843373493976,0.0141065830721003,0.659375,0.0159489633173844,0.380348652931854,0.635782747603834,0.653721682847896,0.68088467614534,0.383627608346709,0.0171875,0.734177215189873,0.326018808777429,0.333860759493671,0.55784469096672,0.774924471299094,0.668188736681887,0.65527950310559,0.5,0.652241112828439,0.666666666666667,0.76303317535545,0.644200626959248,0.53198127925117,0.659409020217729,0.0146818923327896,0.651828298887122,0.996753246753247,0.331715210355987,0.7296875,0.833333333333333,0.568037974683544,0.457364341085271,0.34715821812596,0.375409836065574,0.329052969502408,0.33387358184765,0.344339622641509,0.584664536741214,0.595275590551181,0.330696202531646,0.674809160305344,0.666151468315301,0.434231378763867,0.015527950310559,0.324881141045959,0.332298136645963,0.0176848874598071,0.7024,0.017515923566879,0.355769230769231,0.0161550888529887,0.353218210361067,0.3265625,0.660964230171073,0.466141732283465,0.327586206896552,0.671474358974359,0.651632970451011,0.451923076923077,0.0172955974842767,0.016025641025641,0.388888888888889,0.390577507598784,0.348580441640379,0.0169230769230769,0.0123647604327666,0.646302250803859,0.648148148148148,0.589456869009585,0.015625,0.624605678233438,0.0158478605388273,0.371610845295056,0.3328,0.763285024154589,0.640378548895899,0.0138461538461538,0.636952998379254,0.543720190779014,0.420221169036335,0.368584758942457,0.543171114599686,0.656786271450858,0.344605475040258,0.102564102564103,0.351395730706076,0.0112179487179487,0.330232558139535,0.0159744408945687,0.33652312599681,0.650159744408946,0.436908517350158,0.0141287284144427,0.0113268608414239,0.454113924050633,0.382495948136143,0.380434782608696,0.54364471669219,0.67175572519084,0.659163987138264,0.410742496050553,0.36697247706422,0.0145161290322581,0.648264984227129,0.351822503961965,0.0109034267912773,0.336012861736334,0.367851622874807,0.663522012578616,0.0246913580246914,0.64797507788162,0.334905660377358,0.585760517799353,0.645833333333333,0.66504854368932,0.663492063492063,0.54071661237785,0.677570093457944,0.327503974562798,0.0188976377952756,0.546623794212219,0.340659340659341,0.0173775671406003,0.0174603174603175,0.662100456621005,0.0112,0.661392405063291,0.323390894819466,0.514705882352941,0.660287081339713,0.649038461538462,0.778309409888357,0.371248025276461,0.672897196261682,0.0266875981161695,0.653094462540717,0.0658105939004815,0.0249221183800623,0.015748031496063,0.575709779179811,0.649390243902439,0.645468998410175,0.657770800627943,0.65615141955836,0.0253164556962025,0.0266457680250784,0.669278996865204,0.023696682464455,0.0144694533762058,0.0520504731861199,0.0298273155416013,0.02660406885759,0.669278996865204,0.0376175548589342,0.65210355987055,0.672,0.0225442834138486,0.661341853035144,0.0672926447574335,0.662480376766091,0.638230647709321,0.656923076923077,0.64274322169059
"541",0.996789727126806,1,0.975155279503106,0.939393939393939,0.985759493670886,1,0.896661367249603,0.979559748427673,1,0,1,0,0.570542635658915,1,0.0393700787401575,0.00920245398773006,0,0.0158982511923688,0.998389694041868,0.985849056603774,0.158059467918623,0.0256,0.989164086687306,0,0.952086553323029,0.254372019077901,0.112877583465819,0.992,0.466257668711656,0.697819314641745,0,0.682464454976303,0.766457680250784,0.289433384379786,0,1,0.0201238390092879,0.995334370139969,0.252647503782148,0.912307692307692,0.00156494522691706,0.015600624024961,0.00612557427258806,1,0.779904306220096,0.0190779014308426,0.518110236220472,0,0.46142208774584,0.136085626911315,0,0.9953125,0.263239875389408,1,0.889763779527559,0.159744408945687,0,0.972929936305732,0.966257668711656,0.905864197530864,0.306501547987616,0.426356589147287,0,0,0.908507223113965,0.833592534992224,0,0.992199687987519,0,0,0.857364341085271,0.00619195046439629,0.0157232704402516,1,0,0.720858895705521,0.0442748091603053,0.583987441130298,0.901134521880065,0.267651888341544,0,0.705426356589147,0.202143950995406,0.998459167950693,0.116459627329193,0.903225806451613,0.998466257668712,0.973186119873817,0.975232198142415,0.00920245398773006,0.988835725677831,1,0,0,0.971153846153846,0,0.302469135802469,0.979719188767551,0.0062111801242236,0.0078740157480315,0.607198748043818,0,0.278740157480315,1,0.0986342943854325,1,0.0110410094637224,0.981366459627329,0,0.00477707006369427,0.00768049155145929,0.913249211356467,0.330745341614907,0.990566037735849,0,0.987538940809969,0.705148205928237,0,0,0.232704402515723,0,0.764430577223089,0.2484375,0.0866013071895425,0.975077881619938,0.15015479876161,0.996884735202492,0.995238095238095,0,0.528951486697966,0.930379746835443,0.486312399355878,0.988888888888889,0,0.9952,0.0196671709531014,0,0.21183800623053,0.637083993660856,0.504777070063694,0,0,0.978193146417445,0.766929133858268,0.169354838709677,1,0.00630914826498423,0.926791277258567,0.406148867313916,0.981873111782477,0.123613312202853,0.981510015408321,1,0.837962962962963,0.995341614906832,0,1,0,0,0.744479495268139,0.874039938556068,0.979938271604938,0.0168195718654434,0,1,0.448165869218501,1,1,1,0.287480680061824,0.978428351309707,0.00156739811912226,0.949771689497717,0,0.910236220472441,0.373250388802488,0,0.984126984126984,0,0.845911949685535,1,0.1125,0.9828125,0.953488372093023,0.989280245022971,0.98,0.0921875,0.373831775700935,0.92443729903537,0.944794952681388,0.0485133020344288,0.00464396284829721,0.983974358974359,0.859594383775351,0,0,0.301412872841444,0.0015748031496063,1,0.246932515337423,0.8832,0.74806800618238,0.992378048780488,0.431962025316456,0.443585780525502,0.30064308681672,0.920560747663551,0.962025316455696,0.881901840490798,0,0.8765625,0.171701112877583,0.943661971830986,0,0.0574886535552194,0.527863777089783,0.976415094339623,0.980152671755725,0.827586206896552,1,0.891338582677165,0,0.0622083981337481,0.675840978593272,0.995238095238095,0,0.992175273865415,0.984615384615385,0.538699690402477,0.537124802527646,0.988976377952756,1,0.362068965517241,0,0.892966360856269,0.519230769230769,0.975767366720517,0,0.96,0.998430141287284,1,0.952904238618524,0.529230769230769,0.00158478605388273,0.973143759873618,0.545031055900621,0.00303030303030303,0.00152439024390244,0.197138314785374,0,0.149136577708006,0.675344563552833,0,0.00309597523219814,0.00947867298578199,0.589312977099237,0.0353697749196141,0.982677165354331,0.0093603744149766,0,0,0.217665615141956,1,0.972929936305732,0.897239263803681,0,0.883683360258481,0.857585139318885,0.678683385579937,0.6,0.461538461538462,0.46677471636953,0.0108695652173913,1,0.080370942812983,0.694668820678514,0.96551724137931,0.0124031007751938,0.755832037325039,0.0015527950310559,0.1201248049922,1,1,0.8976,0,0.641337386018237,0.884858044164038,0,0,0.899536321483771,0.981220657276995,0,0.00154320987654321,0.00154320987654321,0.985781990521327,0.887278582930757,0,0,0.379310344827586,0.990476190476191,0.798461538461538,0.392523364485981,0.664012738853503,0.956454121306376,0.0094488188976378,1,1,0.00626959247648903,0.963133640552995,1,0.9712,0.996875,0.189735614307932,0.304953560371517,0.275430359937402,0.979233226837061,0.934640522875817,0.0545171339563863,0.264240506329114,0.974960876369327,0.152307692307692,0.308157099697885,0.995348837209302,0.996845425867508,0.968503937007874,0.70096463022508,0.998463901689708,0.242990654205607,0.967542503863988,0.996789727126806,0,0.306501547987616,0.533646322378717,0.0154798761609907,0.0572755417956656,0.00764525993883792,0.905132192846034,0.0217729393468118,0,0,0.236220472440945,0.9904,0.0684292379471229,0.983660130718954,0.975155279503106,0.990461049284579,0.2859375,0.293354943273906,0.687010954616588,0.456730769230769,0,0.829383886255924,0.0123456790123457,0.0356589147286822,0.196232339089482,1,0.0015600624024961,0,0.315707620528771,0.00933125972006221,0.0221518987341772,0.470219435736677,1,0.27724358974359,1,0.962732919254658,0,0.992603550295858,0,0.998470948012232,0.824961948249619,1,0.0124610591900312,0.974921630094044,0,0.899843505477308,0.717741935483871,0.951788491446345,0.987596899224806,0.996889580093313,0.290220820189274,0.962085308056872,1,0,0.0232919254658385,1,1,0.3234375,0.893249607535322,0.964343598055105,0.949843260188088,1,0,0.114649681528662,1,0.00156739811912226,0,0.9712,0.0094488188976378,0.0425196850393701,1,0.969936708860759,0.00317965023847377,0.60596546310832,0.429936305732484,0.984076433121019,0,0.859842519685039,0.998366013071895,0.370716510903427,0.601851851851852,0.787638668779715,0,0.148837209302326,0.976340694006309,0.998456790123457,0.455399061032864,1,0.970394736842105,0.0295489891135303,0.0015625,0.98755832037325,0.993690851735016,0.952086553323029,0.702325581395349,0.00635930047694754,0.876996805111821,0.2453125,0.176276771004942,0.00464396284829721,0.628346456692913,0.610410094637224,0.606531881804043,0,0.285016286644951,0.915094339622642,0.661538461538462,0.519260400616333,0.0764525993883792,0,0,1,0.972350230414747,0,0.930489731437599,0.008,0,0,0.998412698412698,0,1,0.771739130434783,0.51840490797546,1,0,0,0.993710691823899,0.959459459459459,0.725429017160686,0,0.00160513643659711,0.884792626728111,0.595015576323987,1,0.548837209302326,0.344827586206897,0,0.982839313572543,0,0.9552,0.0867507886435331,0,0.00910470409711684,0.112359550561798,0.487844408427877,0.9703125,0,0.948872180451128,0.973312401883831,1,0,0.0672,0.92962356792144,0.00323624595469256,1,1,0.00769230769230769,1,0.294851794071763,0.803432137285491,0.00794912559618442,0.159090909090909,0.95748031496063,0.00946372239747634,0,0.972179289026275,0.0064,0.6608,0.400936037441498,0,0.1078125,0.741573033707865,0.258215962441315,0.98145285935085,0,0.151702786377709,0.461788617886179,0.947692307692308,0.888888888888889,0.962204724409449,0.744113029827316,0,0.981623277182236,0,0.967340590979782,0.384491114701131,0,1,1,1,0.633228840125392,0.985915492957746,0.1232,0.178743961352657,0.94488188976378,0.885400313971743,0,0,0.990461049284579,0.929260450160772,0.0126582278481013,0.985576923076923,0.993730407523511,0.361240310077519,0.935691318327974,0.733974358974359,0.89060092449923,0,0.967032967032967,0.334928229665072,1,0.998456790123457,0,0.654798761609907,0.976851851851852,0,0.6816,0.369565217391304,0.805970149253731,0.685446009389671,0.954337899543379,0.0742424242424242,0.987301587301587,1,0.980182926829268,0.297253634894992,0.0971786833855799,0.989130434782609,1,0.00768049155145929,0.792511700468019,0.457186544342508,0.255886970172684,0.773006134969325,1,0.874418604651163,1,0.123076923076923,0,0,0.825119236883943,0.00319488817891374,0,0.2734375,0,0.989147286821705,0.907550077041603,0.9984375,0.99537750385208,0.0864779874213836,0,0,0,0.166134185303514,0.082018927444795,0.162460567823344,0,0,1,0.00766871165644172,0.296238244514107,1,0.568075117370892,0.972886762360447,0.653125,0.624242424242424,0,1,0.397745571658615,0.493827160493827,0.93030303030303,0.989329268292683,0.377535101404056,0.00930232558139535,0.95440251572327,0.958074534161491,0,0.97112462006079,0.0140845070422535,0.98858075040783,0.432601880877743,0,0.0078003120124805,0.520193861066236,0.839563862928349,0,0.131746031746032,0.010752688172043,0.00162866449511401,0.738998482549317,0.0205047318611987,1,0.312788906009245,0.99390243902439,0,0.369327073552426,0.335987261146497,0.881219903691814,0.0972447325769854,0.0046656298600311,0.0015600624024961,0.0411392405063291,0,0.993827160493827,0.0407166123778502,0.981762917933131,0.00312989045383412,1,0,0.519877675840979,0.456112852664577,1,0,0.998482549317147,0,0.392857142857143,0.985981308411215,0,0.638036809815951,0.982677165354331,0.751582278481013,0.951298701298701,0.0326594090202177,0,1,0.256329113924051,0,0.677966101694915,0,0.0169491525423729,1,1,0.992401215805471,0.976303317535545,0.984276729559748,0,0.978159126365055,0.0217729393468118,0.344667697063369,0.279320987654321,0.99079754601227,0.990595611285266,0.993893129770992,0.990726429675425,0.0551301684532925,0.0125984251968504,0.985507246376812,0.959438377535101,0.725609756097561,0.976671850699845,1,0.976671850699845,0,0,0.978787878787879,0,0.0602782071097372,0,0.956112852664577,0.2752,0.2128,0.103076923076923,0.921630094043887,0,0.0960629921259843,1,1,0.622047244094488,0.419161676646707,0.208523592085236,0.178187403993856,0.655063291139241,0,0.119010819165379,0.549141965678627,0.262910798122066,0.712749615975422,0.0109717868338558,0,0,0.323809523809524,1,0.606864274570983,0.220030349013657,0.637770897832817,0.887171561051005,0.987786259541985,0.964343598055105,0.9808,1,0.998430141287284,0.550156739811912,0.420647149460709,0.998432601880878,0.0060790273556231,0.00918836140888208,0.875776397515528,0.0121765601217656,1,0.972136222910217,0,0.106109324758842,0,0.950949367088608,0,0.971698113207547,1,0.00609756097560976,0.844339622641509,1,0.662957074721781,0.623839009287926,0.87758346581876,0,0,0.929738562091503,0.945945945945946,0.990811638591118,0,0,0,0.234234234234234,0.511773940345369,0,0.455259026687598,0,0.917065390749601,1,0.158319870759289,0.234567901234568,0,0.340729001584786,0.599690880989181,0.874603174603175,0.964497041420118,0.778996865203762,0,0.990445859872611,0.015552099533437,1,0,0.98468606431853,0.0062402496099844,1,0.0158478605388273,0.0095389507154213,0,0,0.827371695178849,0.92776886035313,0.940809968847352,0.718944099378882,0.0225563909774436,0.00476190476190476,0.830721003134796,0.846153846153846,0,0.0126782884310618,0.970266040688576,0,0.983974358974359,0.959814528593508,0.0669781931464174,0.04375,0.00311526479750779,1,0.464630225080386,0.0676100628930818,0.0991869918699187,0.114374034003091,0.69983948635634,0.0931297709923664,1,0,0.761526232114467,0.983308042488619,0.0032,0,0,0,0,1,0.71656050955414,0,0,0.526729559748428,0.962145110410095,0.432558139534884,0.0558139534883721,0.00159235668789809,0.0584415584415584,0.0201238390092879,0,0.0318471337579618,0.00455235204855842,0.00158730158730159,0.0108527131782946,0,0.0528,0.062111801242236,0.0154559505409583,0.0236593059936909,0.0062992125984252,0.0294117647058824,0.0276923076923077,0.0606531881804044,0.00630914826498423,0.0247295208655332,0,0.00315457413249211,0.0498392282958199,0.00626959247648903,0.0262345679012346,0,0.0342146189735614,0.00153139356814701,0.00158227848101266
"542",0.998454404945904,0.998449612403101,0.973684210526316,0.937299035369775,0.987179487179487,1,0.892523364485981,0.974960876369327,0.9984375,0,0.998430141287284,0,0.56984126984127,0.998394863563403,0.0425196850393701,0.0108359133126935,0,0.0156739811912226,0.995297805642633,0.986046511627907,0.149300155520995,0.0293637846655791,0.987692307692308,0,0.956181533646322,0.256369426751592,0.113029827315542,0.993579454253612,0.459665144596651,0.6765625,0.00155038759689922,0.672496025437202,0.76984126984127,0.276661514683153,0,0.998402555910543,0.0170807453416149,0.995391705069124,0.259878419452888,0.902140672782875,0.0015748031496063,0.0170807453416149,0.00771604938271605,1,0.778675282714055,0.0238853503184713,0.523584905660377,0,0.458143074581431,0.137345679012346,0,0.993640699523052,0.252351097178683,0.9984375,0.88503937007874,0.161084529505582,0,0.973186119873817,0.958715596330275,0.907120743034056,0.295489891135303,0.424336973478939,0.00157977883096367,0,0.899212598425197,0.8203125,0,0.99211356466877,0,0.0016,0.860896445131376,0.0062015503875969,0.0220472440944882,1,0,0.71141975308642,0.043343653250774,0.574303405572755,0.8976,0.260869565217391,0,0.702619414483821,0.215596330275229,0.996951219512195,0.118195956454121,0.912172573189522,0.995290423861852,0.970219435736677,0.967238689547582,0.00765696784073507,0.988924050632911,0.998427672955975,0,0,0.969551282051282,0,0.287713841368585,0.984520123839009,0.0093167701863354,0.0112359550561798,0.596546310832025,0,0.280952380952381,0.998407643312102,0.100763358778626,0.998394863563403,0.0063391442155309,0.978125,0.0016,0.00938967136150235,0.0108864696734059,0.902362204724409,0.333850931677019,0.990566037735849,0,0.987519500780031,0.7046875,0,0,0.226415094339623,0,0.765354330708661,0.236842105263158,0.0879478827361563,0.971786833855799,0.146831530139104,0.996904024767802,0.993769470404984,0,0.53582554517134,0.933438985736926,0.476650563607085,0.987281399046105,0,0.993589743589744,0.0241691842900302,0,0.194847020933977,0.639240506329114,0.50402576489533,0,0,0.981102362204724,0.762951334379906,0.169871794871795,1,0.00933125972006221,0.916923076923077,0.403536977491961,0.981566820276498,0.134087237479806,0.98125,0.998420221169036,0.833850931677019,0.996879875195008,0.00163398692810458,1,0.0015600624024961,0,0.726837060702875,0.867692307692308,0.981220657276995,0.0173775671406003,0,0.998459167950693,0.43968253968254,1,0.998463901689708,0.998439937597504,0.287925696594427,0.976525821596244,0.00314465408805031,0.949230769230769,0.00151285930408472,0.900158478605388,0.382215288611544,0,0.984251968503937,0,0.833070866141732,0.998459167950693,0.118296529968454,0.984251968503937,0.950310559006211,0.990922844175492,0.973643410852713,0.0944272445820433,0.369397217928903,0.93026941362916,0.942583732057416,0.05,0.00782472613458529,0.980922098569157,0.853354134165367,0,0,0.286833855799373,0.0015527950310559,0.998435054773083,0.253477588871716,0.875394321766562,0.74294670846395,0.989147286821705,0.424528301886792,0.425954198473282,0.290996784565916,0.919614147909968,0.962674961119751,0.880551301684533,0,0.871517027863777,0.177993527508091,0.943910256410256,0,0.062111801242236,0.516483516483517,0.97626582278481,0.981679389312977,0.828660436137072,0.996825396825397,0.891935483870968,0,0.0637636080870918,0.649691358024691,0.996840442338073,0,0.99075500770416,0.980122324159021,0.525741029641186,0.541269841269841,0.990521327014218,0.998384491114701,0.353488372093023,0,0.879019908116386,0.511923688394277,0.967845659163987,0.00155763239875389,0.956386292834891,0.996860282574568,1,0.952830188679245,0.527386541471048,0.00322061191626409,0.968454258675079,0.547286821705426,0.00610687022900763,0.00154559505409583,0.2,0.00154559505409583,0.142172523961661,0.669230769230769,0,0.00460829493087558,0.0078003120124805,0.571428571428571,0.0434083601286174,0.981072555205047,0.00792393026941363,0.00156739811912226,0,0.225856697819315,0.998402555910543,0.981279251170047,0.898773006134969,0,0.87220447284345,0.838212634822804,0.675118858954041,0.599683544303797,0.45440251572327,0.44391785150079,0.0077639751552795,0.998407643312102,0.0900473933649289,0.686495176848875,0.962145110410095,0.0093167701863354,0.74414976599064,0.0031055900621118,0.123824451410658,0.998468606431853,0.998371335504886,0.891547049441786,0,0.63452566096423,0.877358490566038,0,0,0.890769230769231,0.981072555205047,0,0,0.00157232704402516,0.985736925515055,0.884615384615385,0.00161812297734628,0,0.368916797488226,0.990521327014218,0.775193798449612,0.381761978361669,0.6496,0.967289719626168,0.00470219435736677,0.998452012383901,0.998439937597504,0.004739336492891,0.961479198767334,0.998412698412698,0.97092084006462,0.996879875195008,0.18167701863354,0.302652106084243,0.275968992248062,0.974803149606299,0.933115823817292,0.0510835913312693,0.25796178343949,0.973186119873817,0.154330708661417,0.307458143074581,0.995319812792512,0.996865203761755,0.968652037617555,0.688816855753647,0.995447647951442,0.242375601926164,0.963020030816641,0.996875,0,0.308282208588957,0.538341158059468,0.0188679245283019,0.0545171339563863,0.0062111801242236,0.90625,0.027906976744186,0,0,0.221362229102167,0.990445859872611,0.0786163522012579,0.987034035656402,0.968454258675079,0.985915492957746,0.275590551181102,0.282258064516129,0.675078864353312,0.455716586151369,0,0.818325434439178,0.0122137404580153,0.0414110429447853,0.193798449612403,0.998392282958199,0,0,0.317972350230415,0.00938967136150235,0.0268562401263823,0.468354430379747,0.998425196850394,0.2752,1,0.967136150234742,0,0.994074074074074,0,0.996913580246914,0.82472613458529,0.998381877022654,0.0109204368174727,0.975270479134467,0.00154798761609907,0.876755070202808,0.7008,0.945736434108527,0.987596899224806,0.995290423861852,0.290220820189274,0.966453674121406,0.998482549317147,0.00153846153846154,0.0311526479750779,1,0.998459167950693,0.322274881516588,0.872274143302181,0.961038961038961,0.953198127925117,0.998463901689708,0,0.119547657512116,0.998454404945904,0.00316455696202532,0,0.968102073365231,0.0095389507154213,0.0492845786963434,0.998449612403101,0.968253968253968,0.0047244094488189,0.6109375,0.421553090332805,0.985530546623794,0.00326797385620915,0.869291338582677,1,0.366614664586583,0.595015576323987,0.782131661442006,0,0.159810126582278,0.976152623211447,0.9968,0.45046439628483,0.998442367601246,0.970099667774086,0.0330188679245283,0.00156494522691706,0.986153846153846,0.995268138801262,0.950310559006211,0.687888198757764,0.00769230769230769,0.863708399366086,0.240740740740741,0.170854271356784,0.00769230769230769,0.625199362041467,0.607874015748031,0.612654320987654,0,0.280645161290323,0.911214953271028,0.644067796610169,0.510108864696734,0.0809595202398801,0,0,0.998507462686567,0.969604863221885,0,0.926677067082683,0.00796178343949045,0,0,0.998430141287284,0,0.99836867862969,0.766975308641975,0.51063829787234,0.998459167950693,0,0,0.992199687987519,0.958204334365325,0.714067278287462,0.00153139356814701,0.00320512820512821,0.876543209876543,0.588597842835131,1,0.530769230769231,0.351910828025478,0,0.981279251170047,0,0.952076677316294,0.0923317683881064,0,0.00907715582450832,0.116169544740973,0.490968801313629,0.973765432098765,0,0.946727549467275,0.976708074534162,0.998442367601246,0,0.0715421303656598,0.928807947019868,0.00323624595469256,0.998454404945904,1,0.00782472613458529,0.998454404945904,0.284820031298905,0.8,0.0109717868338558,0.166134185303514,0.958925750394945,0.00635930047694754,0.00153846153846154,0.970858895705521,0.0096,0.664012738853503,0.393026941362916,0,0.108695652173913,0.740858505564388,0.24653312788906,0.979907264296754,0,0.154798761609907,0.441127694859038,0.947852760736196,0.888208269525268,0.9609375,0.748006379585327,0,0.981481481481482,0,0.963949843260188,0.390322580645161,0,0.998452012383901,0.998415213946117,1,0.639937106918239,0.984496124031008,0.121306376360809,0.182539682539683,0.94392523364486,0.874418604651163,0,0,0.992050874403816,0.93522906793049,0.0175438596491228,0.984177215189873,0.993759750390016,0.355140186915888,0.930379746835443,0.724522292993631,0.884322678843227,0,0.966824644549763,0.320754716981132,0.998456790123457,1,0,0.634069400630915,0.973015873015873,0.00156494522691706,0.680952380952381,0.382215288611544,0.792998477929985,0.674603174603175,0.953453453453453,0.0763358778625954,0.98546042003231,1,0.98125,0.2896,0.0910518053375196,0.993808049535604,0.998468606431853,0.00628930817610063,0.785602503912363,0.45226917057903,0.249605055292259,0.7671875,0.998444790046656,0.879556259904913,0.998452012383901,0.127131782945736,0.00161550888529887,0,0.828885400313972,0.00318979266347687,0.0015600624024961,0.262992125984252,0,0.990566037735849,0.912576687116564,0.998430141287284,0.998449612403101,0.0886075949367089,0,0,0,0.165861513687601,0.0810810810810811,0.169811320754717,0,0.00156985871271586,0.998463901689708,0.00770416024653313,0.279106858054226,0.998412698412698,0.57007874015748,0.971608832807571,0.647239263803681,0.628086419753086,0,0.998491704374057,0.390822784810127,0.480314960629921,0.923664122137405,0.989296636085627,0.381395348837209,0.00930232558139535,0.949685534591195,0.952234206471495,0,0.967987804878049,0.0168711656441718,0.990415335463259,0.4234375,0,0.00784929356357928,0.504918032786885,0.833597464342314,0.00155038759689922,0.132911392405063,0.0110236220472441,0.00160771704180064,0.746223564954683,0.0223285486443381,0.998363338788871,0.31832298136646,0.992283950617284,0.00152671755725191,0.361963190184049,0.34185303514377,0.865040650406504,0.0957792207792208,0.00615384615384615,0.00318979266347687,0.0431309904153355,0,0.992435703479576,0.0405186385737439,0.98036253776435,0.00628930817610063,0.998407643312102,0,0.510736196319018,0.462264150943396,0.998439937597504,0,0.998456790123457,0,0.397058823529412,0.985959438377535,0,0.633435582822086,0.980982567353407,0.750397456279809,0.949044585987261,0.0363086232980333,0,0.998425196850394,0.263157894736842,0,0.675,0,0.0218068535825545,0.998407643312102,1,0.992295839753467,0.974882260596546,0.983844911147011,0,0.970266040688576,0.0186625194401244,0.33953488372093,0.287051482059282,0.995305164319249,0.992125984251969,0.992331288343558,0.993836671802773,0.0532915360501567,0.0173775671406003,0.986776859504132,0.959119496855346,0.717754172989378,0.978227060653188,0.998454404945904,0.972093023255814,0,0,0.978915662650602,0,0.0625,0,0.951713395638629,0.274350649350649,0.214285714285714,0.117829457364341,0.918918918918919,0,0.104199066874028,0.998444790046656,0.998442367601246,0.626582278481013,0.403007518796992,0.213432835820896,0.182094081942337,0.66031746031746,0.0015552099533437,0.120184899845917,0.543035993740219,0.257097791798107,0.707165109034268,0.00934579439252336,0,0.00156985871271586,0.307568438003221,0.9984,0.601550387596899,0.218045112781955,0.623824451410658,0.878648233486943,0.986217457886677,0.957792207792208,0.982343499197432,0.998402555910543,0.9984375,0.536392405063291,0.418897637795276,0.996884735202492,0.00453857791225416,0.0122324159021407,0.873831775700935,0.00768049155145929,0.998482549317147,0.967289719626168,0,0.110932475884244,0,0.948356807511737,0,0.975155279503106,1,0.00765696784073507,0.831775700934579,0.998463901689708,0.6544,0.61128526645768,0.876386687797147,0,0,0.923841059602649,0.943198804185351,0.989312977099237,0,0,0,0.228043143297381,0.492890995260663,0,0.449297971918877,0,0.9328125,0.998442367601246,0.156549520766773,0.23969465648855,0,0.35062893081761,0.58307210031348,0.8609375,0.963963963963964,0.759811616954474,0.0015600624024961,0.987117552334944,0.0143540669856459,0.998373983739837,0,0.981707317073171,0.00788643533123028,0.998410174880763,0.0205371248025276,0.0112903225806452,0,0,0.823889739663093,0.92604501607717,0.934984520123839,0.706605222734255,0.0289634146341463,0.0078740157480315,0.8265625,0.835130970724191,0,0.0127388535031847,0.96969696969697,0,0.983792544570502,0.955177743431221,0.071097372488408,0.0390015600624025,0.00315955766192733,0.998449612403101,0.457735247208931,0.0751173708920188,0.105008077544426,0.11214953271028,0.68370607028754,0.103076923076923,0.998444790046656,0,0.751582278481013,0.981538461538462,0.00474683544303797,0,0.00149476831091181,0,0.00154320987654321,0.9984375,0.72,0,0.00157977883096367,0.531645569620253,0.961661341853035,0.427682737169518,0.0496124031007752,0,0.0526315789473684,0.0171875,0,0.0333863275039746,0.00453172205438067,0.00156494522691706,0.00920245398773006,0,0.0461049284578696,0.0542635658914729,0.0139751552795031,0.0186046511627907,0.00482315112540193,0.0248447204968944,0.0231481481481481,0.0582822085889571,0.00471698113207547,0.0200927357032458,0,0.00474683544303797,0.0398089171974522,0.00635930047694754,0.0244274809160305,0.00155763239875389,0.0297339593114241,0.00150829562594268,0.00156985871271586
"543",0,0,0,0,0,0,0.0138888888888889,0.00151975683890578,0,1,0,1,0,0,0,0,1,0.985029940119761,0,0,0,0,0,1,0,0,0,0.0015748031496063,0,0,0,0,0.00153139356814701,0,1,0,0.981954887218045,0,0,0,1,0.985029940119761,0.994011976047904,0,0,0,0,0,0,0,1,0,0,0,0.0138461538461538,0,1,0,0.00305343511450382,0,0,0,0,1,0,0,1,0,1,0,0,0,0,0,1,0.00149253731343284,0,0,0.0015552099533437,0,1,0,0,0,0,0,0,0,0.003003003003003,0.98962962962963,0,0,1,1,0,1,0.0150375939849624,0,0.993893129770992,0.992424242424242,0.0122324159021407,1,0,0,0,0,0.989113530326594,0.00305810397553517,0,0,0,0.0153139356814701,0,0,1,0,0,1,0,0,1,0.00151515151515152,0,0,0,0,0,0,1,0.00750750750750751,0,0,0,1,0,0,1,0,0,0.00778816199376947,1,1,0,0,0,0,0,0,0,0,0,0,0,0,0,0,0,0,1,0,0.00598802395209581,0,0,1,0,0,0,0,0,0,0,0,0,0,0.00306748466257669,0,1,0,1,0,0,0,0,0,0,0,0,0,0,0,0,0,0,0.0229007633587786,1,1,0,1,0,0,0.0138888888888889,0,0,0,0,0,0,0,0.00147492625368732,1,0,0,0,0,0,0.00455927051671732,0,0,0.00153609831029186,0,0,1,0,0,0,1,0,0,0.00613496932515337,0,0,0,0.0180722891566265,1,0.0147710487444609,0,0,0,0,0,0,0,0,0,0,0,0,0,0,0,0,0,0,0,0,0,0,0,0.990654205607477,0,1,0.00455927051671732,0,0,0,1,0.0015552099533437,0.00298953662182362,0,0,0,0,0.990895295902883,0,0,0,0,0,0,0,0,0,0,0.0139968895800933,1,0,0.0168970814132104,1,0,0.014792899408284,0.00153609831029186,1,0,0,0,0,0,1,0.0166919575113809,0,0,0,0,0,0,0,0,0,0,0,0,0,0,0,0,0.00309119010819165,0,0.953242835595777,0,0,0,0,0,0,0,0,0,0,0,0,1,0,0.00934579439252336,0,0.953592814371258,0,0,0,0,1,0,0,0,0,0,0,0,0,0,0,1,0,0,0,0,0,0,1,0,0,0,0.00304878048780488,0,0,0,0,1,0,0,0,0,0,0,0,0,0,0,0,0,0,0,0,0,0,0,0,0,0,0,0,0,0,1,0,0,0,1,0,0.992331288343558,0,0,0,0.998454404945904,0.0107858243451464,0,0,0,0,0,0,0,0,1,0,0.00154798761609907,0,0,0,0,0,1,0,0,0,0,0,0.0060790273556231,0,0.0126582278481013,0.995488721804511,0,0,0,1,0,0.00153139356814701,0,0,0,1,1,0,0,1,0,0.989147286821705,1,1,0,1,0,0.00151285930408472,0.00728862973760933,0,1,1,0,0,0,0,0.996889580093313,0.0208955223880597,0,0,0,0,1,0,0,0.00154320987654321,0,1,0,0,0,0.00152905198776758,1,0,0,0,1,0,0,0,0,0,0,0,0,0,0,0.0015552099533437,0,0.990909090909091,0,0,0,0,0.00921658986175115,1,0,0.0031104199066874,0,0,0,0,0,0,0,0,0,1,0,0,0,0.00476190476190476,0,0,0,0,0,0,0,0,0,0.0167427701674277,1,1,0,0,0,0,0,0,0,0,0.0176470588235294,1,0,0.0171339563862928,0,0,1,0,0,0,0.00154320987654321,0,0,0,0,0,0.00311526479750779,0,0,0.0172955974842767,0.0245022970903522,0,0,0.995468277945619,0,0,0,0,0,0,0,0.764880952380952,0,1,0.00154559505409583,0,0,0,1,0,0,0,0,0,0,1,1,0,0,0,1,0,0,0.591463414634146,0,0,0.0106221547799697,0,0,0,1,0,0,0,0.00593471810089021,0,0,0.993984962406015,0,0,1,0.00146627565982405,0,0,0,1,0.992343032159265,0,0,0,0,0.989409984871407,1,0,0,0,0,0,0,0,0,0.0062111801242236,0,0,0.998484848484849,0,1,0,0.162204724409449,0.00148148148148148,0,0,1,0,0,0,1,0,1,0,0,1,0.0180451127819549,0,0,0.00153846153846154,0,1,0,0,1,0,0,0,0,0,0,0.0031055900621118,0.00152671755725191,1,0,0.980797636632201,0.0181818181818182,0,0,0,0,0,0.929984779299848,0,0,0,0,0,0,0,1,1,0,1,0,0.998480243161094,0,0,0,0,0,0.998477929984779,0,0,0,0,0,0,0,0,0,0,0,0,0,0,1,0,0.0173501577287066,0,0.0288753799392097,0,0,0.00599700149925037,0,0,0,0,0,0,0,0,0,0,0.00299850074962519,0.989520958083832,0,0,1,0,1,0,1,0,0,0,0,0,0.00154320987654321,0,0.0198776758409786,1,1,0,0,0,1,1,0,0,0,1,0,1,0,0,0.0352760736196319,0,1,0,0,0,0,0,0,0,0.907975460122699,0,1,0,0.992412746585736,0,0,0.381846635367762,1,1,0.00149925037481259,0,0.0104633781763827,0,0,0,0,0,1,0,0,1,0,0,0,0.963470319634703,0,0,0,0,0,0,0,0,0,1,0,0,0.995412844036697,1,0,1,0,0,0,0,0,0.00625978090766823,0.00467289719626168,0,0.957957957957958,0,0.904468412942989,0.976887519260401,1,0.166149068322981,0,0,0.00602409638554217,0,0.952671755725191,0.948872180451128,0,0.978625954198473,0.990740740740741,0.951293759512938,0.97583081570997,0.948795180722892,0,0.971342383107089,0,0,0.961300309597523,0,0.924107142857143,0,0.0555555555555556,0,0
"544",0.635220125786163,0.636932707355243,0.647425897035881,0.661341853035144,0.631239935587762,0.656301145662848,0.670382165605096,0.653125,0.649452269170579,0,0.649122807017544,0,0.605633802816901,0.6288,0.40625,0.362068965517241,0,0.00955414012738853,0.624193548387097,0.662037037037037,0.488924050632911,0.383116883116883,0.641975308641975,0,0.655226209048362,0.49685534591195,0.434439178515008,0.626229508196721,0.828438948995363,0.628705148205928,0.346811819595645,0.699212598425197,0.768488745980707,0.518282988871224,0,0.64622641509434,0.0170807453416149,0.647335423197492,0.550989345509893,0.717829457364341,0.00162337662337662,0.00925925925925926,0.0046875,0.649038461538462,0.661211129296236,0.394568690095847,0.608695652173913,0.362916006339144,0.618683001531394,0.49618320610687,0,0.652448657187994,0.536163522012579,0.634920634920635,0.638977635782748,0.485436893203884,0,0.64,0.63452566096423,0.687789799072643,0.521875,0.798136645962733,0.359872611464968,0,0.772727272727273,0.850769230769231,0,0.653907496012759,0,0.358851674641148,0.648690292758089,0.365054602184087,0.37914691943128,0.648148148148148,0,0.801213960546282,0.401550387596899,0.733438485804416,0.680645161290323,0.517412935323383,0,0.699844479004666,0.50855365474339,0.640432098765432,0.477848101265823,0.677672955974843,0.64031007751938,0.652037617554859,0.6515625,0.0062111801242236,0.635499207606973,0.630841121495327,0,0,0.648953301127214,0,0.55625,0.656739811912226,0.0046875,0.00636942675159236,0.672985781990521,0,0.550239234449761,0.631578947368421,0.453717754172989,0.643322475570033,0.00638977635782748,0.65818759936407,0.352657004830918,0.36984126984127,0.365203761755486,0.661812297734628,0.554330708661417,0.641025641025641,0,0.651090342679128,0.694620253164557,0,0.381933438985737,0.545166402535658,0,0.748417721518987,0.558730158730159,0.413290113452188,0.643962848297214,0.49452269170579,0.651090342679128,0.6272,0,0.676656151419558,0.664025356576862,0.724919093851133,0.636070853462158,0,0.634615384615385,0.358895705521472,0,0.543720190779014,0.620031796502385,0.680713128038898,0,0,0.659937888198758,0.846635367762128,0.499189627228525,0.625990491283677,0.368670886075949,0.65987460815047,0.570739549839228,0.648773006134969,0.487844408427877,0.64171974522293,0.637380191693291,0.655813953488372,0.623255813953488,0.361198738170347,0.638364779874214,0.368421052631579,0,1,0.661016949152542,0.661993769470405,0.372274143302181,0,0.625386996904025,0.615629984051037,0.654781199351702,0.640625,0.616352201257862,0.526479750778816,0.651419558359621,0.382306477093207,0.645161290322581,0.378086419753086,0.650793650793651,0.566718995290424,0,0.631160572337043,0,0.681962025316456,0.63182527301092,0.466453674121406,0.64576802507837,0.690031152647975,0.638591117917305,0.688854489164087,0.44794952681388,0.561051004636785,0.661788617886179,0.668253968253968,0.394984326018809,0.346273291925466,0.632850241545894,0.65,0,0,0.594679186228482,0.00155763239875389,0.63969465648855,0.531055900621118,0.658576051779935,0.673405909797823,0.64696734059098,0.644338118022329,0.70364500792393,0.5888,0.625199362041467,0.647151898734177,0.663009404388715,0,0.687598116169545,0.504091653027823,0.650793650793651,0.35423197492163,0.422018348623853,0.687697160883281,0.644904458598726,0.62888198757764,0.724409448818898,0.638230647709321,0.752,0,0.4296875,0.859594383775351,0.641269841269841,0,0.627329192546584,0.644376899696049,0.679425837320574,0.60093896713615,0.629746835443038,0.636807817589576,0.59717868338558,0,0.658385093167702,0.645367412140575,0.6592,0.362068965517241,0.659969088098918,0.632258064516129,0.63125,0.691222570532915,0.598449612403101,0.370786516853933,0.650316455696203,0.61189358372457,0.358231707317073,0.350308641975309,0.440705128205128,0.354992076069731,0.478330658105939,0.657364341085271,0.361904761904762,0.362204724409449,0.375394321766562,0.680124223602484,0.381558028616852,0.651273885350318,0.00809061488673139,0.364928909952607,0,0.527331189710611,0.647909967845659,0.651898734177215,0.659442724458204,0,0.657467532467532,0.806201550387597,0.689655172413793,0.6672,0.577708006279435,0.712680577849117,0.00941915227629513,0.622792937399679,0.437598736176935,0.692682926829268,0.657187993680885,0.370892018779343,0.668261562998405,0.372239747634069,0.456692913385827,0.653374233128834,0.635467980295567,0.652597402597403,0,0.696875,0.658615136876006,0,0.353870458135861,0.66358024691358,0.64,0,0.370486656200942,0.366352201257862,0.655448717948718,0.695299837925446,0.360258481421648,0,0.603803486529319,0.662420382165605,0.700305810397553,0.568910256410256,0.677367576243981,0.639751552795031,0.356357927786499,0.6265625,0.623233908948195,0.361198738170347,0.641509433962264,0.630672926447574,0.667752442996743,0.649206349206349,0.481889763779528,0.552099533437014,0.588888888888889,0.62962962962963,0.656814449917898,0.0360501567398119,0.567741935483871,0.660883280757098,0.454976303317536,0.61890243902439,0.647151898734177,0.6464,0.662420382165605,0.880131362889984,0.62962962962963,0.567567567567568,0.659375,0.643879173290938,0,0.557632398753894,0.631663974151858,0.371653543307087,0.0392464678178964,0.374807987711214,0.658307210031348,0.384976525821596,0.363067292644757,0,0.517515923566879,0.650546021840874,0.433753943217666,0.647634584013051,0.660377358490566,0.644444444444444,0.589825119236884,0.58908507223114,0.77511961722488,0.573983739837398,0,0.764516129032258,0.364632237871674,0.377916018662519,0.514866979655712,0.649038461538462,0.37007874015748,0,0.565079365079365,0.352112676056338,0.388535031847134,0.583333333333333,0.622611464968153,0.517128874388255,0.63474025974026,0.677725118483412,0,0.635670731707317,0.345256609642302,0.63969465648855,0.769230769230769,0.656957928802589,0.379968203497615,0.671339563862928,0.355799373040752,0.71830985915493,0.683523654159869,0.714506172839506,0.641838351822504,0.6513470681458,0.593301435406699,0.679425837320574,0.626543209876543,0.37888198757764,0.387658227848101,0.631496062992126,0.634069400630915,0.533227848101266,0.735433070866142,0.649093904448105,0.664576802507837,0.633802816901408,0,0.434359805510535,0.649921507064364,0.3536,0,0.65224358974359,0.00802568218298555,0.3952,0.636505460218409,0.642054574638844,0.00489396411092985,0.664546899841017,0.593247588424437,0.646302250803859,0.372964169381107,0.6496,0.635048231511254,0.76038338658147,0.675507020280811,0.697115384615385,0,0.502423263327948,0.633870967741936,0.646592709984152,0.593700787401575,0.646058732612056,0.642156862745098,0.392063492063492,0,0.648522550544324,0.637083993660856,0.657686212361331,0.737984496124031,0.368253968253968,0.6624,0.495341614906832,0.492610837438424,0.004739336492891,0.820967741935484,0.644694533762058,0.664025356576862,0,0.538461538461538,0.665605095541401,0.763406940063092,0.623839009287926,0.407914764079148,0,0,0.636225266362253,0.662015503875969,0,0.661927330173776,0.00638977635782748,0,0,0.631329113924051,0,0.653094462540717,0.682389937106918,0.686821705426357,0.633181126331811,0,0,0.63349131121643,0.668181818181818,0.847352024922118,0.35981308411215,0,0.65210608424337,0.680685358255452,0.643987341772152,0.608763693270736,0.545310015898251,0,0.623622047244095,0.3776,0.661290322580645,0.411483253588517,0,0.375189107413011,0.487179487179487,0.607843137254902,0.637931034482759,0,0.661514683153014,0.645569620253165,0.631496062992126,0,0.429967426710098,0.674418604651163,0.370065789473684,0.632237871674491,0.632398753894081,0.384251968503937,0.63265306122449,0.599063962558502,0.6640625,0.373205741626794,0.475649350649351,0.667192429022082,0.00474683544303797,0.373817034700315,0.6546875,0.372168284789644,0.80064308681672,0.543269230769231,0,0.434439178515008,0.697749196141479,0.579439252336449,0.6546875,0.364207221350078,0.458658346333853,0.728925619834711,0.65891472868217,0.675840978593272,0.675118858954041,0.770597738287561,0,0.655332302936631,0.36875,0.659340659340659,0.622792937399679,0.370199692780338,0.641104294478528,0.638709677419355,0.638230647709321,0.616747181964573,0.63849765258216,0.471061093247588,0.509646302250804,0.640502354788069,0.647335423197492,0,0,0.6432,0.644012944983819,0.378812199036918,0.63961038961039,0.64937106918239,0.634645669291339,0.662921348314607,0.694267515923567,0.652173913043478,0,0.642512077294686,0.6016,0.654798761609907,0.634069400630915,0,1,0.6496,0.368421052631579,0.755233494363929,0.560629921259843,0.777272727272727,0.688498402555911,0.667687595712098,0.421538461538462,0.643207855973813,0.636650868878357,0.644654088050314,0.570731707317073,0.419968304278922,0.640253565768621,0.642633228840125,0.00619195046439629,0.862442040185471,0.624420401854714,0.5171875,0.690625,0.634185303514377,0.65814696485623,0.636507936507936,0.159126365054602,0.348914858096828,0,0.717703349282297,0.357945425361156,0.369668246445498,0.529874213836478,0,0.661392405063291,0.653605015673981,0.626771653543307,0.627511591962906,0.431746031746032,0.357030015797788,0,0,0.491935483870968,0.402866242038217,0.457943925233645,0,0.350157728706625,0.622848200312989,0.147465437788018,0.585987261146497,0.646103896103896,0.671875,0.66031746031746,0.683962264150943,0.647149460708783,0,0.642748091603053,0.62540192926045,0.671428571428571,0.649769585253456,0.644859813084112,0.590266875981162,0.00622083981337481,0.660347551342812,0.65015479876161,0,0.661538461538462,0.353677621283255,0.668863261943987,0.68798751950078,0,0.00783699059561128,0.690553745928339,0.681889763779528,0.355590062111801,0.457377049180328,0.009375,0.00161812297734628,0.631498470948012,0.367507886435331,0.634710743801653,0.5600624024961,0.636923076923077,0.3515625,0.555555555555556,0.522435897435897,0.669918699186992,0.4384,0.351648351648352,0.0015748031496063,0.384984025559105,0,0.641104294478528,0.322950819672131,0.642201834862385,0.372424722662441,0.635332252836305,0,0.594427244582043,0.796474358974359,0.638364779874214,0,0.646058732612056,0,0.600969305331179,0.641065830721003,0,0.681318681318681,0.64274322169059,0.624801271860095,0.660130718954248,0.395638629283489,0,0.638629283489097,0.520700636942675,0,0.690993788819876,0.363086232980333,0.375579598145286,0.625796178343949,0.643987341772152,0.647604327666152,0.649921507064364,0.627009646302251,0,0.671406003159558,0.0155763239875389,0.595645412130638,0.523584905660377,0.653061224489796,0.621236133122029,0.641538461538462,0.65015479876161,0.0592823712948518,0.382539682539683,0.674380165289256,0.643518518518518,0.80248833592535,0.644200626959248,0.62402496099844,0.663026521060842,0,0,0.648401826484018,0,0.403125,0.0016025641025641,0.664586583463339,0.520525451559934,0.485576923076923,0.4359375,0.68621236133122,0.00157728706624606,0.453543307086614,0.627943485086342,0.643642072213501,0.617693522906793,0.646525679758308,0.528963414634146,0.477134146341463,0.623188405797101,0.372093023255814,0.453689167974882,0.677215189873418,0.570747217806041,0.785046728971963,0.352112676056338,0,0.34910277324633,0.570967741935484,0.630541871921182,0.64622641509434,0.544478527607362,0.78125,0.668224299065421,0.643518518518518,0.668292682926829,0.643659711075441,0.651465798045603,0.65814696485623,0.625396825396825,0.587869362363919,0.6453125,0.373676248108926,0.365325077399381,0.682316118935837,0.00769230769230769,0.637345679012346,0.656298600311042,0,0.472668810289389,0,0.65224358974359,0,0.65086887835703,0.640062597809077,0.361370716510903,0.647058823529412,0.639876352395672,0.679549114331723,0.655007949125596,0.646869983948636,0,0,0.68189233278956,0.66966966966967,0.642201834862385,0,0,0.348726114649682,0.55054432348367,0.75705329153605,0,0.594679186228482,0,0.644694533762058,0.642628205128205,0.457463884430177,0.531152647975078,0,0.550793650793651,0.632398753894081,0.731554160125589,0.651771956856703,0.686614173228347,0.37245696400626,0.64926590538336,0.0407523510971787,0.65252854812398,0,0.642857142857143,0.00627943485086342,0.64171974522293,0.373608903020668,0.214968152866242,0,0,0.704866562009419,0.69935691318328,0.652582159624413,0.70679012345679,0.37962962962963,0.37914691943128,0.648177496038035,0.624048706240487,0,0.3712,0.66510172143975,0,0.639871382636656,0.654798761609907,0.417721518987342,0.0280811232449298,0.355345911949686,0.617511520737327,0.577352472089314,0.418096723868955,0.436482084690554,0.456964006259781,0.823723228995058,0.448382126348228,0.638297872340426,0,0.912140575079872,0.648606811145511,0.00159744408945687,0,0.36085626911315,0,0.365625,0.638230647709321,0.666666666666667,0.369774919614148,0.359872611464968,0.6896,0.641357027463651,0.831530139103555,0.0359375,0.339256865912762,0.065359477124183,0.0173775671406003,0,0.313291139240506,0.367692307692308,0.372990353697749,0.379095163806552,0.359013867488444,0.0288461538461538,0.0436817472698908,0.375,0.018957345971564,0.00649350649350649,0.0347003154574132,0.0186335403726708,0.0404984423676012,0.394321766561514,0.0220820189274448,0.351132686084142,0.366826156299841,0.0288461538461538,0.353968253968254,0.037037037037037,0.37245696400626,0.385466034755134,0.367127496159754,0.367088607594937
"545",0.974317817014446,0.973270440251572,0.998417721518987,0.937908496732026,0.980263157894737,0.973813420621931,0.909677419354839,0.97933227344992,0.971786833855799,0,0.97933227344992,0,0.60126582278481,0.975490196078431,0.0666666666666667,0.0345911949685535,0,0.0126984126984127,0.970443349753695,0.9552,0.178628389154705,0.0593080724876442,0.961059190031153,0,0.9472,0.28594249201278,0.133545310015898,0.963875205254516,0.470137825421133,0.7312,0.0279937791601866,0.6992,0.78330658105939,0.304552590266876,0,0.972668810289389,0.0171606864274571,0.965023847376789,0.296296296296296,0.894819466248038,0.00161290322580645,0.0126582278481013,0.00470219435736677,0.972491909385113,0.809446254071661,0.0419354838709677,0.522653721682848,0.0224,0.492957746478873,0.137984496124031,0,0.971107544141252,0.280952380952381,0.973058637083994,0.90032154340836,0.189406099518459,0,0.948387096774194,0.975039001560062,0.90809968847352,0.311912225705329,0.437106918238994,0.0244299674267101,0,0.881493506493506,0.8304,0,0.964006259780908,0,0.0225442834138486,0.839313572542902,0.0315955766192733,0.0365659777424483,0.972093023255814,0,0.714508580343214,0.0727554179566563,0.572567783094099,0.9136,0.297161936560935,0,0.722488038277512,0.234009360374415,0.970633693972179,0.125596184419714,0.93522906793049,0.973101265822785,0.962441314553991,0.94896331738437,0.00772797527047913,0.968253968253968,0.968701095461659,0,0,0.960063897763578,0,0.315132605304212,0.963779527559055,0.00630914826498423,0.00643086816720257,0.627980922098569,0,0.314424635332253,0.972972972972973,0.121875,0.972357723577236,0.00806451612903226,0.987361769352291,0.0258064516129032,0.0333863275039746,0.0298273155416013,0.92258064516129,0.349056603773585,0.964856230031949,0,0.985714285714286,0.73208722741433,0,0.0253565768621236,0.242375601926164,0,0.7856,0.264659270998415,0.10586319218241,0.964630225080386,0.160125588697017,0.969230769230769,0.971473851030111,0,0.562401263823065,0.945072697899838,0.478190630048465,0.965853658536585,0,0.973941368078176,0.0388802488335925,0,0.226837060702875,0.626391096979332,0.529983792544571,0,0,0.971291866028708,0.770465489566613,0.179902755267423,0.970873786407767,0.0277324632952692,0.932283464566929,0.430441898527005,0.989197530864197,0.157212317666126,0.963607594936709,0.972624798711755,0.837753510140406,0.971518987341772,0.0195758564437194,0.972624798711755,0.0288,0,0.745571658615137,0.878125,0.965354330708661,0.0463678516228748,0,0.97196261682243,0.477198697068404,0.971854304635762,0.971608832807571,0.973312401883831,0.305379746835443,0.975961538461538,0.0292207792207792,0.946070878274268,0.0298273155416013,0.91653290529695,0.385220125786164,0,0.967948717948718,0,0.846275752773376,0.971742543171115,0.138041733547352,0.966824644549763,0.93167701863354,0.961479198767334,0.959055118110236,0.120879120879121,0.400313971742543,0.930807248764415,0.93719806763285,0.0832,0.034375,0.97427652733119,0.876971608832808,0,0,0.329073482428115,0.00157232704402516,0.97045101088647,0.283489096573209,0.900326797385621,0.755980861244019,0.979559748427673,0.456310679611651,0.434375,0.314424635332253,0.920195439739414,0.95016077170418,0.893081761006289,0,0.871428571428571,0.194078947368421,0.9375,0.0282574568288854,0.1015625,0.553627760252366,0.959742351046699,0.975116640746501,0.840764331210191,0.971291866028708,0.88301282051282,0,0.10223642172524,0.676056338028169,0.96969696969697,0,0.966772151898734,0.99079754601227,0.562300319488818,0.559618441971383,0.962479608482871,0.974235104669887,0.385113268608414,0,0.903785488958991,0.549679487179487,0.993453355155483,0.0284810126582278,0.951788491446345,0.974151857835218,0.976152623211447,0.93217665615142,0.551242236024845,0.0275526742301459,0.995222929936306,0.546728971962617,0.0275229357798165,0.0296875,0.214170692431562,0.0271132376395534,0.164516129032258,0.686915887850467,0.0272873194221509,0.0282574568288854,0.0326594090202177,0.605828220858896,0.0618892508143322,0.96969696969697,0.00646203554119548,0.0239234449760766,0,0.245954692556634,0.977198697068404,0.958532695374801,0.905132192846034,0,0.879282218597064,0.842679127725857,0.70253164556962,0.617224880382775,0.48314606741573,0.439739413680782,0.0078740157480315,0.969205834683955,0.121069182389937,0.704918032786885,0.995245641838352,0.0346456692913386,0.7856,0.0253164556962025,0.137820512820513,0.973354231974922,0.970394736842105,0.913539967373573,0,0.65987460815047,0.901929260450161,0,0.0251572327044025,0.917829457364341,0.990369181380417,0,0.0313479623824451,0.021978021978022,0.97557003257329,0.893617021276596,0.0276422764227642,0,0.407643312101911,0.984051036682616,0.805900621118012,0.416267942583732,0.6912,0.952681388012618,0.0339256865912763,0.970496894409938,0.971830985915493,0.0257234726688103,0.96551724137931,0.974193548387097,0.955298013245033,0.974842767295597,0.203442879499218,0.328548644338118,0.303174603174603,0.982229402261712,0.923701298701299,0.0392464678178964,0.275526742301459,0.978964401294498,0.174880763116057,0.3125,0.9856,0.970873786407767,0.965023847376789,0.704248366013072,0.972265023112481,0.257281553398058,0.98740157480315,0.9664,0,0.345256609642302,0.558441558441558,0.0427215189873418,0.0471698113207547,0.0326086956521739,0.901587301587302,0.0470957613814757,0.0221518987341772,0,0.254777070063694,0.972536348949919,0.0834670947030498,0.980263157894737,0.9952,0.987240829346092,0.307817589576547,0.315447154471545,0.673667205169628,0.472131147540984,0,0.811897106109325,0.0423197492163009,0.0595611285266458,0.2265625,0.97557003257329,0.0315457413249211,0,0.342356687898089,0.0365079365079365,0.0436893203883495,0.4770206022187,0.97456279809221,0.312602291325696,0.975490196078431,0.94408945686901,0,0.974512743628186,0.0251572327044025,0.973520249221184,0.82051282051282,0.970443349753695,0.0365079365079365,0.957943925233645,0.0271132376395534,0.869218500797448,0.743922204213938,0.925465838509317,0.987538940809969,0.972668810289389,0.303317535545024,0.943548387096774,0.971830985915493,0.0297339593114241,0.0481540930979133,0.971061093247588,0.972972972972973,0.35062893081761,0.869496855345912,0.947107438016529,0.949921752738654,0.974882260596546,0,0.13290113452188,0.970633693972179,0.0257648953301127,0,0.998371335504886,0.00657894736842105,0.0630048465266559,0.969040247678019,1,0.00321543408360129,0.632165605095541,0.434991974317817,0.975409836065574,0.0264900662251656,0.867313915857605,0.972176759410802,0.390243902439024,0.633647798742138,0.808,0,0.17981072555205,0.98694942903752,0.971337579617834,0.46656050955414,0.9792663476874,0.951666666666667,0.0542264752791069,0,0.973228346456693,0.973101265822785,0.949685534591195,0.692307692307692,0.032258064516129,0.888,0.25434439178515,0.200674536256324,0.00315955766192733,0.607843137254902,0.605095541401274,0.635367762128325,0,0.312091503267974,0.920840064620355,0.640502354788069,0.554502369668246,0.0958268933539413,0,0,0.973293768545994,0.948757763975155,0,0.955342902711324,0.00642054574638844,0,0,0.97092084006462,0,0.97708674304419,0.778481012658228,0.534775888717156,0.973478939157566,0,0,0.973058637083994,0.953703703703704,0.725552050473186,0.0282131661442006,0.00162866449511401,0.898595943837754,0.626198083067093,0.976525821596244,0.540880503144654,0.376996805111821,0,0.957142857142857,0.028006589785832,0.963875205254516,0.0955518945634267,0,0.0327613104524181,0.132471728594507,0.490066225165563,0.949286846275753,0,0.961059190031153,0.961844197138315,0.976635514018692,0,0.101286173633441,0.912605042016807,0.033167495854063,0.968895800933126,0.973684210526316,0.0327613104524181,0.971653543307087,0.327014218009479,0.845911949685535,0.0352,0.192182410423453,0.961476725521669,0.00801282051282051,0.0271132376395534,0.96998420221169,0.0293637846655791,0.669381107491857,0.411764705882353,0,0.139937106918239,0.751219512195122,0.284820031298905,0.966292134831461,0.0244299674267101,0.166929133858268,0.455298013245033,0.939907550077042,0.895800933125972,0.946945337620579,0.741269841269841,0,0.95625,0.0238473767885533,0.947284345047923,0.413570274636511,0.0265625,0.972136222910217,0.976152623211447,0.972668810289389,0.643423137876387,0.985623003194888,0.155948553054662,0.20414673046252,0.934294871794872,0.895071542130366,0,0,0.969354838709677,0.932148626817447,0.0373983739837398,0.978930307941653,0.979527559055118,0.386837881219904,0.957860615883306,0.741518578352181,0.902325581395349,0,0.958132045088567,0.364365971107544,0.976851851851852,0.973015873015873,0,0.6496,1,0.0289389067524116,0.693290734824281,0.408874801901743,0.795419847328244,0.712698412698413,0.932601880877743,0.104776579352851,0.969305331179321,0.973186119873817,0.988958990536278,0.324013157894737,0.118971061093248,0.97626582278481,0.973186119873817,0.00625,0.7875,0.46801872074883,0.294303797468354,0.776729559748428,0.971061093247588,0.873801916932907,0.970031545741325,0.11937984496124,0.028006589785832,0,0.833065810593901,0.0319488817891374,0.0304,0.304897314375987,0,0.969793322734499,0.919431279620853,0.970404984423676,0.9734375,0.125796178343949,0.0290322580645161,0,0,0.196078431372549,0.102439024390244,0.176090468497577,0,0.0250783699059561,0.974643423137876,0.0156739811912226,0.308186195826645,0.972668810289389,0.605769230769231,0.954471544715447,0.700156985871272,0.664098613251156,0,0.972307692307692,0.41091492776886,0.519169329073482,0.940809968847352,0.974921630094044,0.409810126582278,0.00634920634920635,0.956661316211878,0.955177743431221,0,0.948598130841122,0.0417335473515249,0.962046204620462,0.424290220820189,0,0.00778816199376947,0.54228855721393,0.846153846153846,0.0282574568288854,0.16256157635468,0.00947867298578199,0.00165016501650165,0.748466257668712,0.0403225806451613,0.973018549747049,0.346938775510204,0.973228346456693,0.0248833592534992,0.38801261829653,0.349514563106796,0.883870967741936,0.113486842105263,0.0294117647058824,0.00159235668789809,0.0714285714285714,0,0.975077881619938,0.0531400966183575,0.984639016897081,0.0303030303030303,0.972357723577236,0,0.551505546751189,0.46422893481717,0.97258064516129,0,0.976851851851852,0,0.41887417218543,0.964230171073095,0,0.664050235478807,0.970826580226904,0.749190938511327,0.977382875605816,0.0533751962323391,0,0.971428571428571,0.286858974358974,0,0.701095461658842,0.0264385692068429,0.0393081761006289,0.972624798711755,0.97258064516129,0.968553459119497,0.95016077170418,0.9584,0,0.956239870340357,0.0191082802547771,0.371875,0.315707620528771,0.970031545741325,0.963549920760697,0.968652037617555,0.965625,0.0598425196850394,0.0428571428571429,0.975328947368421,0.94770206022187,0.713395638629283,0.957142857142857,0.978227060653188,0.993630573248408,0,0,0.957575757575758,0,0.095389507154213,0,0.964968152866242,0.301458670988655,0.234349919743178,0.1421875,0.908794788273616,0,0.123613312202853,0.971653543307087,0.974358974358974,0.653354632587859,0.437689969604863,0.238239757207891,0.203761755485893,0.653721682847896,0.0203442879499218,0.14622641509434,0.576433121019108,0.264566929133858,0.708661417322835,0.0410094637223975,0,0.0194805194805195,0.347334410339257,0.975247524752475,0.633647798742138,0.24922600619195,0.621835443037975,0.88783570300158,0.958397534668721,0.955810147299509,0.963934426229508,0.978723404255319,0.97092084006462,0.585055643879173,0.443057722308892,0.969255663430421,0.027906976744186,0.0349544072948328,0.888357256778309,0.00933125972006221,0.971653543307087,0.949286846275753,0,0.123355263157895,0,0.947368421052632,0,0.968652037617555,0.969551282051282,0.0264385692068429,0.872990353697749,0.97045101088647,0.67258064516129,0.640502354788069,0.899186991869919,0,0,0.931666666666667,0.968036529680365,0.976708074534162,0,0,0.0274636510500808,0.25,0.492012779552716,0,0.484227129337539,0,0.927302100161551,0.968852459016393,0.181964573268921,0.25585023400936,0,0.368932038834951,0.6,0.852848101265823,0.99079754601227,0.783094098883573,0.0256821829855538,0.983766233766234,0.0142857142857143,0.969305331179321,0,0.976303317535545,0.00475435816164818,0.974235104669887,0.0444444444444444,0.0241935483870968,0,0,0.835443037974684,0.907467532467532,0.950155763239875,0.722570532915361,0.0528771384136858,0.0338709677419355,0.826771653543307,0.82542113323124,0,0.0398724082934609,0.939935064935065,0,0.955954323001631,0.989147286821705,0.0910543130990415,0.0365079365079365,0.0266457680250784,0.974960876369327,0.489499192245557,0.10207336523126,0.130794701986755,0.137440758293839,0.703703703703704,0.102201257861635,0.974025974025974,0,0.766505636070853,0.952904238618524,0.00161812297734628,0,0.0323076923076923,0,0.0318979266347687,0.971875,0.716150081566069,0.0226537216828479,0.0292682926829268,0.55,0.969502407704655,0.435612082670906,0.0391236306729265,0.0262725779967159,0.0503246753246753,0.0127388535031847,0,0.0476973684210526,0.0339506172839506,0.0300157977883096,0.0424528301886792,0.0234009360374415,0.0432,0.0488188976377953,0.0304487179487179,0.0142857142857143,0.00329489291598023,0.0252764612954186,0.0188087774294671,0.0476947535771065,0.0363349131121643,0.0173775671406003,0.0229132569558101,0.032,0.037156704361874,0.0297339593114241,0.0248447204968944,0.0251572327044025,0.05103668261563,0.0305343511450382,0.0304975922953451
"546",0.00318979266347687,0,0.0335365853658537,0.0616883116883117,0.0193548387096774,0,0.102523659305994,0.0297339593114241,0,0,0,0,0.440494590417311,0,0.955696202531646,0.9904,0,0.00161290322580645,0.00159235668789809,0.0189873417721519,0.84375,0.964856230031949,0.00773993808049536,0,0.043956043956044,0.742765273311897,0.896988906497623,0.00975609756097561,0.533127889060092,0.327639751552795,1,0.306122448979592,0.23015873015873,0.708133971291866,0,0,0.00614439324116743,0.00625,0.739329268292683,0.0967238689547582,0,0,0,0,0.211726384364821,0.980922098569157,0.491338582677165,1,0.537519142419602,0.862654320987654,0,0.00632911392405063,0.733858267716535,0,0.115323854660348,0.847512038523275,0,0.0253968253968254,0.0450310559006211,0.104037267080745,0.708399366085578,0.564945226917058,1,0,0.103789126853377,0.183925811437403,0,0.0128205128205128,0,1,0.140845070422535,0.993680884676145,0.9826224328594,0,0,0.287022900763359,0.954968944099379,0.425196850393701,0.103338632750397,0.742622950819672,0,0.289433384379786,0.794753086419753,0.00154798761609907,0.8859375,0.0855365474339036,0.00470219435736677,0.0299684542586751,0.0232558139534884,0,0.0142857142857143,0,0,0,0.0275080906148867,0,0.682737169517885,0.0185471406491499,0,0,0.378378378378378,0,0.714285714285714,0,0.895705521472393,0,0,0.0251968503937008,1,0.992063492063492,0.995319812792512,0.0906200317965024,0.665615141955836,0.00626959247648903,0,0.0172955974842767,0.286163522012579,0,1,0.7696,0,0.230283911671924,0.752755905511811,0.921440261865794,0.026813880126183,0.848200312989045,0.00311526479750779,0.00155038759689922,0,0.459375,0.0584518167456556,0.511254019292605,0.00632911392405063,0,0.0016,0.976887519260401,0,0.786963434022258,0.379527559055118,0.487179487179487,0,0,0.0248062015503876,0.2515625,0.830128205128205,0,0.995238095238095,0.0677165354330709,0.594896331738437,0.0232558139534884,0.85553772070626,0.016025641025641,0,0.17192429022082,0.00313479623824451,1,0,1,0,0.262910798122066,0.132420091324201,0.0156985871271586,0.989197530864197,0,0,0.543973941368078,0,0,0,0.717592592592593,0.0264797507788162,0.998425196850394,0.0522273425499232,1,0.108832807570978,0.6296875,0,0.0172143974960876,0,0.14756671899529,0,0.874015748031496,0.0218068535825545,0.0482866043613707,0.00763358778625954,0.028125,0.912908242612753,0.62,0.0755627009646302,0.0544871794871795,0.949685534591195,0.993769470404984,0.0206677265500795,0.131868131868132,0,0,0.701444622792937,0,0,0.74685534591195,0.123397435897436,0.246554364471669,0.0123839009287926,0.561514195583596,0.567651632970451,0.696969696969697,0.0887480190174326,0.0351437699680511,0.130708661417323,0,0.124416796267496,0.817891373801917,0.0618892508143322,1,0.930875576036866,0.462639109697933,0.0232558139534884,0.0232198142414861,0.168503937007874,0.0015527950310559,0.116903633491311,0,0.92368839427663,0.349157733537519,0.0032258064516129,0,0.00625978090766823,0.0212443095599393,0.44811320754717,0.45958795562599,0.0112,0,0.618296529968454,0,0.10958904109589,0.477707006369427,0.0352564102564103,1,0.0419906687402799,0.00158982511923688,0,0.0549450549450549,0.473035439137134,0.998397435897436,0.0330708661417323,0.46656298600311,0.996941896024465,0.998489425981873,0.798092209856916,1,0.841761827079935,0.335394126738794,1,0.998449612403101,0.993680884676145,0.425696594427245,0.963258785942492,0.0143540669856459,0,1,0,0.779014308426073,0,0.0189873417721519,0.0992125984251968,0,0.13128038897893,0.149300155520995,0.3136,0.39622641509434,0.551669316375199,0.543887147335423,0,0,0.899686520376176,0.295269168026101,0.0438871473354232,0.99537037037037,0.268680445151033,0.998405103668262,0.883647798742138,0,0,0.10828025477707,0,0.358372456964006,0.109350237717908,0,1,0.10355486862442,0.0220125786163522,0,0.998447204968944,1,0.0223285486443381,0.118780096308186,1,0,0.605304212168487,0.0127388535031847,0.214175654853621,0.6078125,0.357487922705314,0.0434782608695652,0.995283018867924,0,0,0.993690851735016,0.0326594090202177,0,0.0256410256410256,0.00312989045383412,0.818325434439178,0.689335394126739,0.701095461658842,0.0258481421647819,0.0568181818181818,0.00156985871271586,0.741214057507987,0.0301587301587302,0.856918238993711,0.699846860643185,0.00475435816164818,0.00157232704402516,0.0363924050632911,0.323296354992076,0.00154798761609907,0.7584,0.0422535211267606,0.0015748031496063,0,0.677672955974843,0.449275362318841,0.987361769352291,0.0015527950310559,0.993817619783617,0.096875,0.976635514018692,1,0,0.778830963665087,0.00627943485086342,0.923197492163009,0.0179738562091503,0.0358814352574103,0.0126984126984127,0.714968152866242,0.713584288052373,0.324881141045959,0.543657331136738,0,0.182250396196513,0.98936170212766,0.959627329192547,0.803738317757009,0,0.998430141287284,0,0.677067082683307,0.990654205607477,0.979430379746835,0.523809523809524,0,0.734299516908213,0,0.0336,0,0.00742942050520059,1,0.00155763239875389,0.178849144634526,0,0.992101105845182,0.0216383307573416,1,0.121684867394696,0.282504012841092,0.0570987654320988,0.015625,0,0.702830188679245,0.0414012738853503,0,1,0.976415094339623,0,0,0.679748822605965,0.121495327102804,0.038961038961039,0.0476923076923077,0,0,0.889776357827476,0,0.998425196850394,0,0.0382165605095541,0,0.962264150943396,0,0.0383386581469649,0,0.377742946708464,0.568471337579618,0.0176,0.998394863563403,0.136436597110754,0.00325732899022801,0.629984051036683,0.4171875,0.206349206349206,0,0.833333333333333,0.0270700636942675,0.00156739811912226,0.55,0,0.0236886632825719,0.970125786163522,0,0.01875,0.004739336492891,0.047244094488189,0.306153846153846,0.992,0.140157480314961,0.772151898734177,0.80495867768595,0,0.384126984126984,0.396496815286624,0.384375,0,0.719101123595506,0.0919175911251981,0.3609375,0.484472049689441,0.922374429223744,0,0,0,0.0248447204968944,0,0.0816326530612245,0,0,0,0.00159744408945687,0,0,0.216300940438871,0.474085365853659,0,0,0,0.0062402496099844,0.0377643504531722,0.278041074249605,1,0,0.116459627329193,0.419753086419753,0,0.471875,0.652037617554859,0,0.0204081632653061,1,0.0485133020344288,0.912974683544304,0,0.992343032159265,0.88529886914378,0.518211920529801,0.0218068535825545,0,0.0450310559006211,0.0264385692068429,0,0,0.9392,0.0651085141903172,0.995121951219512,0,0,0.990566037735849,0,0.695517774343122,0.210361067503925,0.992211838006231,0.837662337662338,0.0408805031446541,0,1,0.0267295597484277,0.995137763371151,0.3376,0.60031847133758,0,0.884858044164038,0.261217948717949,0.740625,0.026813880126183,1,0.855365474339036,0.548599670510708,0.055045871559633,0.118279569892473,0.0425867507886435,0.253205128205128,0,0.0185185185185185,1,0.0317965023847377,0.604538087520259,1,0,0,0,0.3744,0.0187793427230047,0.872611464968153,0.813804173354735,0.0594679186228482,0.11875,0,0,0.00482315112540193,0.0681458003169572,0.982456140350877,0.0143540669856459,0.0078003120124805,0.632492113564669,0.0726698262243286,0.281889763779528,0.113884555382215,0,0.0338164251207729,0.656549520766773,0,0.00156494522691706,0,0.368421052631579,0.0289389067524116,1,0.305331179321486,0.62754303599374,0.210606060606061,0.305732484076433,0.0459418070444104,0.916666666666667,0.0146818923327896,0,0.0232198142414861,0.690821256038647,0.88,0.00927357032457496,0,0,0.224299065420561,0.548989113530327,0.755485893416928,0.232339089481947,0,0.124605678233438,0,0.115264797507788,1,0,0.181674565560821,0.996825396825397,1,0.734920634920635,0,0.0110935023771791,0.0910518053375196,0.00155763239875389,0.00626959247648903,0.90894819466248,1,0,0,0.832797427652733,0.928571428571429,0.851851851851852,0,1,0,0.422900763358779,0.705128205128205,0,0.414330218068536,0.0272873194221509,0.341614906832298,0.356589147286822,0,0,0.607371794871795,0.507987220447284,0.0777439024390244,0.0139968895800933,0.611023622047244,0,0.0470957613814757,0.0450310559006211,0,0.0289193302891933,0.984423676012461,0.0144694533762058,0.571207430340557,0,0,0.504012841091493,0.162204724409449,1,0.874799357945425,0,0,0.246554364471669,0.97933227344992,0,0.691823899371069,0.0061633281972265,1,0.620094191522763,0.675762439807384,0.138263665594855,0.901612903225806,0.996865203761755,0,0.9616,0,0.00310077519379845,0.803600654664484,0.0229007633587786,0.995268138801262,0,0,0.480974124809741,0.54416403785489,0,0,0,0,0.604538087520259,0.0108695652173913,0,0.345679012345679,0.0205696202531646,0.269291338582677,0.0557324840764331,0.964451313755796,0,0,0.747181964573269,0,0.3046875,1,0.981395348837209,0,0,0.00763358778625954,0.0208333333333333,0.0158478605388273,0,0.0254777070063694,0,0.634674922600619,0.717391304347826,0.00775193798449612,0.00632911392405063,0.00766871165644172,0.00786163522012579,0.0315955766192733,0.985623003194888,0.0179153094462541,0.0410094637223975,0.277089783281734,0.0188976377952756,0,0.031104199066874,0,0,0.0196671709531014,0,0.933539412673879,0.00158227848101266,0.0436817472698908,0.727714748784441,0.805466237942122,0.885271317829457,0.078740157480315,0.00156985871271586,0.900316455696203,0,0,0.35828025477707,0.588855421686747,0.792792792792793,0.820552147239264,0.354531001589825,1,0.878504672897196,0.460093896713615,0.738924050632911,0.295208655332303,0.992223950233281,0,1,0.665605095541401,0,0.354134165366615,0.770614692653673,0.377535101404056,0.126365054602184,0.0138248847926267,0.0487804878048781,0.0226171243941842,0,0.00161812297734628,0.448657187993681,0.586314152410575,0.0015748031496063,0.995468277945619,0.989329268292683,0.132911392405063,0,0,0.0280373831775701,0,0.883606557377049,0,0.0523809523809524,0,0.0235109717868339,0,0.992236024844721,0.1808,0,0.345659163987138,0.388364779874214,0.119236883942766,0,0,0.0684474123539232,0.0618401206636501,0.0141065830721003,0,0,1,0.771739130434783,0.496038034865293,0,0.548183254344392,0,0.0790322580645161,0,0.803571428571429,0.765527950310559,0,0.66131621187801,0.393081761006289,0.135220125786164,0.0403100775193798,0.228971962616822,1,0.0144,0.0863422291993721,0,0,0.0184049079754601,0,0,0.984251968503937,0.608626198083067,0,0,0.170769230769231,0.0803858520900322,0.0643642072213501,0.291731669266771,0.974085365853659,0.995153473344103,0.167711598746081,0.158631415241058,0,0.988976377952756,0.0285714285714286,0,0.0144230769230769,0.0477657935285054,0.937996820349762,0,0.996845425867508,0,0.539325842696629,0.923676012461059,0.898858075040783,0.891679748822606,0.314009661835749,0.902021772939347,0,0,0.245161290322581,0.01875,0,0,1,0,1,0,0.276422764227642,1,1,0.459715639810427,0.0416666666666667,0.561832061068702,0,0.998360655737705,0.0424143556280587,0.00940438871473354,0,0.799682034976153,0.998493975903614,0.998427672955975,0.988958990536278,1,0,0,0.9890625,0.00634920634920635,0.00320512820512821,0.0235849056603774,0.0062402496099844,0,0.993808049535604,0.0125786163522013,1,0.998402555910543,0,0.995222929936306,0.0446153846153846,1,0.918367346938776,0.998461538461539,0.9984375
"547",0.68370607028754,0.687697160883281,0.709320695102686,0.72258064516129,0.679611650485437,0.686178861788618,0.735524256651017,0.688087774294671,0.676056338028169,0.00163398692810458,0.689710610932476,0.00158982511923688,0.618897637795276,0.663446054750403,0.347068145800317,0.339116719242902,0.0015552099533437,0.0111111111111111,0.670436187399031,0.714733542319749,0.439873417721519,0.339901477832512,0.679186228482003,0.0015527950310559,0.705696202531646,0.476725521669342,0.394654088050314,0.666666666666667,0.681047765793529,0.684782608695652,0.3234375,0.7339593114241,0.857142857142857,0.478740157480315,0.00157232704402516,0.683042789223455,0.0125391849529781,0.679873217115689,0.525114155251142,0.689922480620155,0.00163398692810458,0.00786163522012579,0.00630914826498423,0.691056910569106,0.684640522875817,0.333333333333333,0.5888,0.315873015873016,0.592649310872894,0.421052631578947,0.00158478605388273,0.691943127962085,0.511006289308176,0.679549114331723,0.701923076923077,0.449275362318841,0.00163398692810458,0.682615629984051,0.700156985871272,0.746031746031746,0.475279106858054,0.649206349206349,0.316211878009631,0.0016260162601626,0.739967897271268,0.726134585289515,0.00160771704180064,0.673566878980892,0.0015625,0.309178743961353,0.642633228840125,0.326433121019108,0.331210191082803,0.682888540031397,0,0.80625,0.3734375,0.682888540031397,0.757723577235772,0.501689189189189,0.00160513643659711,0.7234375,0.470957613814757,0.68062015503876,0.388625592417062,0.697637795275591,0.68075117370892,0.7024,0.675507020280811,0.00759878419452888,0.677367576243981,0.684627575277338,0.0016025641025641,0.0016025641025641,0.689210950080515,0,0.531055900621118,0.692307692307692,0.00628930817610063,0.00796178343949045,0.661417322834646,0.00158227848101266,0.527508090614887,0.667205169628433,0.409090909090909,0.674718196457327,0.0094488188976378,0.681818181818182,0.315024232633279,0.315286624203822,0.324451410658307,0.704654895666132,0.535657686212361,0.685624012638231,0.00163132137030995,0.6953125,0.733542319749216,0.00153846153846154,0.304075235109718,0.515772870662461,0.00155038759689922,0.829073482428115,0.491392801251956,0.382113821138211,0.689763779527559,0.432389937106918,0.68944099378882,0.676751592356688,0.00158730158730159,0.654516640253566,0.704472843450479,0.632850241545894,0.679032258064516,0.00158478605388273,0.680194805194805,0.318681318681319,0.00158982511923688,0.491056910569106,0.622820919175911,0.652448657187994,0.00162074554294976,0.00161812297734628,0.694136291600634,0.792452830188679,0.431118314424635,0.682258064516129,0.3024,0.697347893915757,0.587859424920128,0.693374422187982,0.437096774193548,0.689984101748808,0.691318327974277,0.687402799377916,0.673469387755102,0.311183144246353,0.689381933438986,0.321656050955414,0.00157232704402516,0.775280898876405,0.749235474006116,0.699212598425197,0.332293291731669,0.00156985871271586,0.68025078369906,0.585874799357945,0.701986754966887,0.683307332293292,0.678571428571429,0.468217054263566,0.687402799377916,0.324921135646688,0.690625,0.328149300155521,0.7408,0.542721518987342,0.0016,0.685714285714286,0.0015625,0.716981132075472,0.682464454976303,0.401273885350318,0.689873417721519,0.706896551724138,0.682515337423313,0.690625,0.408517350157729,0.562893081761006,0.690280065897858,0.706924315619968,0.360890302066773,0.321875,0.702922077922078,0.708860759493671,0,0,0.541269841269841,0.003125,0.681181959564541,0.494573643410853,0.716369529983793,0.712933753943218,0.682170542635659,0.608346709470305,0.604724409448819,0.536858974358974,0.668276972624799,0.685393258426966,0.773940345368917,0.00158227848101266,0.689381933438986,0.457792207792208,0.696825396825397,0.3168,0.381538461538462,0.657051282051282,0.678855325914149,0.684292379471229,0.839228295819936,0.689274447949527,0.767772511848341,0.0015748031496063,0.381329113924051,0.81377151799687,0.675850891410049,0.00155763239875389,0.693270735524257,0.701700154559505,0.652931854199683,0.610759493670886,0.68503937007874,0.67430441898527,0.566129032258065,0.00161550888529887,0.715396578538103,0.682108626198083,0.703403565640194,0.327044025157233,0.688188976377953,0.684126984126984,0.671899529042386,0.707667731629393,0.616224648985959,0.323671497584541,0.698890649762282,0.581761006289308,0.317972350230415,0.299382716049383,0.455271565495208,0.318541996830428,0.435064935064935,0.657450076804916,0.303174603174603,0.326594090202177,0.332810047095761,0.684782608695652,0.350565428109855,0.694267515923567,0.00961538461538462,0.312893081761006,0.00154798761609907,0.482315112540193,0.679611650485437,0.69826224328594,0.680379746835443,0.00159744408945687,0.753623188405797,0.714285714285714,0.71405750798722,0.715421303656598,0.573208722741433,0.604133545310016,0.010989010989011,0.671521035598705,0.384976525821596,0.722402597402597,0.697784810126582,0.32018927444795,0.693877551020408,0.325984251968504,0.400318979266348,0.683385579937304,0.680194805194805,0.727714748784441,0.00153846153846154,0.684458398744113,0.717948717948718,0.00160513643659711,0.304761904761905,0.69969040247678,0.694888178913738,0,0.320695102685624,0.308661417322835,0.713128038897893,0.752427184466019,0.330112721417069,0,0.581993569131833,0.693163751987281,0.718461538461538,0.563579277864992,0.689210950080515,0.67981072555205,0.311004784688995,0.681538461538462,0.666136724960254,0.309904153354633,0.693163751987281,0.678343949044586,0.700980392156863,0.683464566929134,0.460567823343849,0.522691705790297,0.526813880126183,0.684466019417476,0.702265372168285,0.0347551342812006,0.517628205128205,0.71107544141252,0.413078149920255,0.624420401854714,0.703001579778831,0.675718849840256,0.699367088607595,0.794212218649518,0.665644171779141,0.504012841091493,0.706814580031696,0.68026101141925,0.00158982511923688,0.519685039370079,0.638709677419355,0.334913112164297,0.0358814352574103,0.315132605304212,0.6976,0.341614906832298,0.325320512820513,0.00154320987654321,0.502369668246445,0.681089743589744,0.36031746031746,0.704433497536946,0.717011128775835,0.685214626391097,0.534959349593496,0.497568881685575,0.735483870967742,0.576859504132231,0,0.767628205128205,0.325038880248834,0.346938775510204,0.47723704866562,0.678048780487805,0.338118022328549,0.0015748031496063,0.525316455696203,0.327014218009479,0.327974276527331,0.600638977635783,0.66612641815235,0.534539473684211,0.683360258481422,0.697560975609756,0.00157728706624606,0.682852807283763,0.303937007874016,0.686821705426357,0.757911392405063,0.693311582381729,0.323671497584541,0.700934579439252,0.324281150159744,0.700156985871272,0.685990338164251,0.699530516431925,0.686520376175549,0.681159420289855,0.5260663507109,0.718600953895072,0.67601246105919,0.322981366459627,0.326366559485531,0.692431561996779,0.680314960629921,0.545166402535658,0.697933227344992,0.687086092715232,0.711145996860283,0.68075117370892,0.0016,0.392,0.684782608695652,0.3296,0.00161290322580645,0.707472178060413,0.00811688311688312,0.349514563106796,0.678571428571429,0.692926045016077,0.00481540930979133,0.657142857142857,0.576862123613312,0.69951534733441,0.321951219512195,0.686178861788618,0.672638436482085,0.601286173633441,0.677672955974843,0.73257698541329,0.00161030595813205,0.441971383147854,0.697411003236246,0.688783570300158,0.578099838969404,0.684126984126984,0.66334991708126,0.337060702875399,0,0.689873417721519,0.690363349131122,0.694620253164557,0.722049689440994,0.321543408360129,0.725961538461538,0.471337579617834,0.46089850249584,0.00470957613814757,0.752025931928687,0.66031746031746,0.653907496012759,0.00156985871271586,0.518032786885246,0.737261146496815,0.722741433021807,0.653188180404355,0.392966360856269,0.00156494522691706,0.0015552099533437,0.67427701674277,0.691107644305772,0,0.688783570300158,0.00489396411092985,0.0015625,0.0016260162601626,0.681962025316456,0.00156739811912226,0.686567164179104,0.680314960629921,0.652713178294574,0.689335394126739,0.00162866449511401,0.00161030595813205,0.682539682539683,0.703363914373089,0.827586206896552,0.326018808777429,0.00161030595813205,0.720430107526882,0.664050235478807,0.687203791469194,0.607594936708861,0.539308176100629,0.00158730158730159,0.679748822605965,0.322368421052632,0.711507293354943,0.387096774193548,0.00155763239875389,0.330218068535826,0.389154704944179,0.578859060402685,0.681388012618297,0.00158478605388273,0.695046439628483,0.687598116169545,0.686028257456829,0.0016025641025641,0.382636655948553,0.704391891891892,0.331683168316832,0.680061823802164,0.674491392801252,0.318110236220472,0.683464566929134,0.542857142857143,0.712480252764613,0.312399355877617,0.438985736925515,0.706645056726094,0.00791139240506329,0.329093799682035,0.70625,0.323101777059774,0.784440842787682,0.558213716108453,0.00157728706624606,0.405660377358491,0.75974025974026,0.516640253565769,0.682965299684543,0.308056872037915,0.433281004709576,0.614093959731544,0.692901234567901,0.74685534591195,0.706260032102729,0.764135702746365,0.00160513643659711,0.713841368584759,0.318181818181818,0.68621236133122,0.573743922204214,0.322932917316693,0.685534591194969,0.69935691318328,0.687702265372168,0.635930047694754,0.691943127962085,0.4176,0.460420032310178,0.693163751987281,0.7216,0.00153846153846154,0,0.68370607028754,0.675324675324675,0.342105263157895,0.701444622792937,0.693522906793049,0.568471337579618,0.695652173913043,0.6976,0.710077519379845,0,0.682539682539683,0.5552,0.6816,0.680952380952381,0.00154320987654321,0.755233494363929,0.693290734824281,0.305331179321486,1,0.545454545454545,0.731707317073171,0.682258064516129,0.705343511450382,0.381026438569207,0.689034369885434,0.681318681318681,0.702362204724409,0.522727272727273,0.388083735909823,0.683042789223455,0.686520376175549,0.00786163522012579,0.757527733755943,0.594976452119309,0.499207606973059,0.719685039370079,0.669316375198728,0.691318327974277,0.6801872074883,0.15552099533437,0.322899505766063,0.00154083204930663,0.825878594249201,0.31637519872814,0.320063694267516,0.515772870662461,0.00159744408945687,0.692429022082019,0.72107765451664,0.689984101748808,0.685847589424572,0.395833333333333,0.335473515248796,0.00153609831029186,0.00159235668789809,0.440983606557377,0.373182552504039,0.432,0,0.312893081761006,0.665620094191523,0.14622641509434,0.509493670886076,0.685761047463175,0.662957074721781,0.698564593301435,0.680314960629921,0.661490683229814,0.00156985871271586,0.687975646879756,0.60129659643436,0.648562300319489,0.726851851851852,0.681181959564541,0.544881889763779,0.00946372239747634,0.678855325914149,0.696594427244582,0.00157232704402516,0.682027649769585,0.322834645669291,0.6996699669967,0.588697017268446,0,0.00783699059561128,0.663879598662207,0.733870967741935,0.3171875,0.413078149920255,0.00949367088607595,0.0016260162601626,0.676380368098159,0.322169059011164,0.705490848585691,0.564541213063764,0.687010954616588,0.312210200927357,0.517940717628705,0.518459069020867,0.766339869281046,0.380794701986755,0.325038880248834,0.00156739811912226,0.344391785150079,0.00159744408945687,0.684292379471229,0.284072249589491,0.694063926940639,0.313694267515924,0.676848874598071,0.00154320987654321,0.590697674418605,0.672552166934189,0.677777777777778,0.0016260162601626,0.679304897314376,0.00160513643659711,0.577487765089723,0.687797147385103,0.00156494522691706,0.653125,0.686371100164204,0.647058823529412,0.726978998384491,0.354330708661417,0.0016,0.672955974842767,0.504065040650406,0.0015527950310559,0.739747634069401,0.323574730354391,0.336448598130841,0.678513731825525,0.6957928802589,0.682389937106918,0.681089743589744,0.683279742765273,0.00158730158730159,0.675675675675676,0.014218009478673,0.558502340093604,0.519108280254777,0.685358255451713,0.67948717948718,0.6890625,0.686614173228347,0.0560897435897436,0.340255591054313,0.690280065897858,0.700315457413249,0.753488372093023,0.68025078369906,0.6828125,0.696875,0.0015625,0.00154559505409583,0.696646341463415,0.00156494522691706,0.363494539781591,0.00158730158730159,0.679245283018868,0.507317073170732,0.456769983686786,0.423676012461059,0.739549839228296,0.00157728706624606,0.393312101910828,0.666136724960254,0.688575899843505,0.659744408945687,0.610429447852761,0.467766116941529,0.434169278996865,0.635922330097087,0.303599374021909,0.396551724137931,0.6528,0.539452495974235,0.763608087091757,0.309636650868878,0.00161030595813205,0.307073954983923,0.546191247974068,0.683360258481422,0.647887323943662,0.486024844720497,0.736176935229068,0.7453125,0.673846153846154,0.716193656093489,0.68370607028754,0.697262479871176,0.703349282296651,0.654516640253566,0.568037974683544,0.678972712680578,0.319148936170213,0.314241486068111,0.760765550239234,0.0108527131782946,0.678018575851393,0.69620253164557,0.00157977883096367,0.414634146341463,0.0015748031496063,0.683279742765273,0,0.692185007974482,0.6864,0.322274881516588,0.719155844155844,0.671875,0.668269230769231,0.653543307086614,0.707936507936508,0.0015600624024961,0.0016,0.742200328407225,0.680851063829787,0.683464566929134,0.00152671755725191,0,0.310457516339869,0.494590417310665,0.621451104100946,0.00157232704402516,0.596214511041009,0.00157728706624606,0.67205169628433,0.690208667736758,0.423510466988728,0.47723704866562,0.00152905198776758,0.536466774716369,0.648,0.707547169811321,0.691244239631336,0.698717948717949,0.315541601255887,0.695439739413681,0.0382775119617225,0.678571428571429,0,0.681538461538462,0.00631911532385466,0.67536704730832,0.35031847133758,0.196110210696921,0.0015600624024961,0.00161550888529887,0.786729857819905,0.717041800643087,0.714285714285714,0.691222570532915,0.327217125382263,0.320907617504052,0.638535031847134,0.648318042813456,0.00164203612479475,0.324921135646688,0.680511182108626,0,0.668276972624799,0.697965571205008,0.385714285714286,0.026984126984127,0.314285714285714,0.674454828660436,0.600953895071542,0.38801261829653,0.410130718954248,0.406698564593301,0.822075782537068,0.375384615384615,0.681089743589744,0.00159489633173844,0.755267423014587,0.69701726844584,0.00321027287319422,0.00158478605388273,0.296583850931677,0,0.330143540669856,0.679186228482003,0.677100494233937,0.311897106109325,0.310725552050473,0.65751211631664,0.706349206349206,0.665625,0.0337941628264209,0.314754098360656,0.0515297906602254,0.0202808112324493,0.00158730158730159,0.283630470016207,0.313271604938272,0.305111821086262,0.340659340659341,0.317610062893082,0.0302547770700637,0.0362204724409449,0.330721003134796,0.0205047318611987,0.0065252854812398,0.0307941653160454,0.0203125,0.0378548895899054,0.322932917316693,0.0203125,0.329032258064516,0.31875,0.0275526742301459,0.333860759493671,0.034375,0.320450885668277,0.320813771517997,0.316030534351145,0.3184
"548",0.382911392405063,0.377742946708464,0.402457757296467,0.42741935483871,0.383252818035427,0.383280757097792,0.443037974683544,0.38828967642527,0.397849462365591,0,0.381761978361669,0,0.598425196850394,0.370786516853933,0.650231124807396,0.636913767019667,0,0.00319488817891374,0.378378378378378,0.406593406593407,0.625954198473282,0.636510500807754,0.397553516819572,0,0.413476263399694,0.625796178343949,0.628346456692913,0.369426751592357,0.60882800608828,0.574500768049155,0.631415241057543,0.572981366459627,0.518927444794953,0.593846153846154,0,0.37597503900156,0.0169230769230769,0.393798449612403,0.657185628742515,0.414781297134238,0,0.00155763239875389,0,0.371248025276461,0.515248796147673,0.659235668789809,0.605055292259084,0.615384615384615,0.699846860643185,0.63302752293578,0,0.383647798742138,0.62826420890937,0.370139968895801,0.428571428571429,0.794628751974723,0,0.4048,0.406727828746177,0.463678516228748,0.602167182662539,0.5948406676783,0.623604465709729,0,0.444270015698587,0.475308641975309,0,0.3953125,0,0.6125,0.452054794520548,0.63125,0.628304821150855,0.386748844375963,0,0.562021439509954,0.643518518518518,0.601851851851852,0.451664025356577,0.854098360655738,0,0.544207317073171,0.646433990895296,0.37888198757764,0.629860031104199,0.443234836702955,0.378294573643411,0.404615384615385,0.402777777777778,0,0.375,0.370199692780338,0,0,0.405362776025237,0,0.61136712749616,0.399068322981366,0,0,0.553488372093023,0,0.658841940532081,0.379471228615863,0.625954198473282,0.374407582938389,0,0.377916018662519,0.622641509433962,0.638932496075353,0.624605678233438,0.42472266244057,0.812792511700468,0.390894819466248,0,0.393188854489164,0.541925465838509,0,0.620904836193448,0.690625,0,0.529042386185243,0.6234375,0.632686084142395,0.403993855606759,0.640909090909091,0.38391502276176,0.372307692307692,0,0.593558282208589,0.426584234930448,0.59047619047619,0.391509433962264,0,0.373397435897436,0.632218844984802,0,0.625,0.560509554140127,0.581320450885668,0,0,0.39375,0.534883720930233,0.619426751592357,0.375,0.597842835130971,0.432515337423313,0.793375394321767,0.392036753445636,0.641815235008104,0.372641509433962,0.377179080824089,0.539781591263651,0.3828125,0.597133757961783,0.374807987711214,0.617737003058104,0,0.538341158059468,0.46412213740458,0.407066052227343,0.632716049382716,0,0.375757575757576,0.633173843700159,0.375601926163724,0.367692307692308,0.363919129082426,0.608294930875576,0.388036809815951,0.634069400630915,0.423135464231355,0.629685157421289,0.453689167974882,0.641185647425897,0,0.384375,0,0.461180124223602,0.386996904024768,0.644409937888199,0.373643410852713,0.428571428571429,0.368024132730015,0.38391502276176,0.729357798165138,0.791987673343606,0.451510333863275,0.4144,0.625786163522013,0.618012422360248,0.381703470031546,0.46801872074883,0,0,0.624213836477987,0,0.378048780487805,0.81010719754977,0.447284345047923,0.497681607418856,0.38145896656535,0.611635220125786,0.58641975308642,0.614649681528662,0.442006269592476,0.420221169036335,0.463076923076923,0,0.425696594427245,0.655228758169935,0.428120063191153,0.613564668769716,0.619414483821264,0.568992248062016,0.389589905362776,0.4,0.505443234836703,0.376923076923077,0.462616822429907,0,0.622670807453416,0.560185185185185,0.37799043062201,0,0.375193798449612,0.375766871165644,0.584786053882726,0.688473520249221,0.376175548589342,0.3728,0.609717868338558,0,0.445288753799392,0.70404984423676,0.398073836276083,0.624427480916031,0.41321044546851,0.376788553259142,0.375572519083969,0.40625,0.697388632872504,0.624803767660911,0.413522012578616,0.587326120556414,0.610778443113772,0.626506024096386,0.648606811145511,0.616588419405321,0.640253565768621,0.54,0.616352201257862,0.623076923076923,0.614664586583463,0.565950920245399,0.622186495176849,0.400318979266348,0,0.6109375,0,0.617322834645669,0.387658227848101,0.393135725429017,0.443234836702955,0,0.47411003236246,0.452859350850077,0.564263322884012,0.658767772511848,0.625386996904025,0.570287539936102,0,0.374203821656051,0.646058732612056,0.577170418006431,0.398449612403101,0.637480798771121,0.540031397174254,0.621664050235479,0.692546583850932,0.380809595202399,0.385365853658537,0.44620253164557,0,0.552469135802469,0.435736677115987,0,0.609907120743034,0.435779816513761,0.385466034755134,0,0.621913580246914,0.622291021671827,0.414673046251994,0.480830670926518,0.623987034035656,0,0.599688473520249,0.388888888888889,0.494623655913978,0.814241486068111,0.579617834394904,0.400928792569659,0.625776397515528,0.377675840978593,0.371294851794072,0.616352201257862,0.401854714064915,0.380191693290735,0.385220125786164,0.373456790123457,0.709175738724728,0.589783281733746,0.626168224299065,0.386942675159236,0.418269230769231,0.0170015455950541,0.70125786163522,0.397196261682243,0.647328244274809,0.695121951219512,0.39258114374034,0.392063492063492,0.398148148148148,0.5456,0.350850077279753,0.669303797468354,0.397815912636505,0.363492063492063,0,0.613846153846154,0.5696,0.643625192012289,0.010752688172043,0.615853658536585,0.490654205607477,0.629230769230769,0.643533123028391,0,0.698587127158556,0.377358490566038,0.622464898595944,0.39708265802269,0.400616332819723,0.38125,0.622820919175911,0.615883306320908,0.573415765069552,0.759229534510433,0,0.501572327044025,0.61969696969697,0.634294385432473,0.653905053598775,0.377388535031847,0.617873651771957,0,0.624036979969183,0.621329211746522,0.640944881889764,0.584639498432602,0.377151799687011,0.8944,0.3616,0.388888888888889,0,0.370090634441088,0.609907120743034,0.372307692307692,0.485451761102603,0.370607028753994,0.606153846153846,0.394777265745008,0.614664586583463,0.441823899371069,0.565149136577708,0.412746585735964,0.381172839506173,0.378504672897196,0.623456790123457,0.412225705329154,0.367378048780488,0.638426626323752,0.627511591962906,0.382165605095541,0.376524390243902,0.863636363636364,0.412772585669782,0.394779771615008,0.423728813559322,0.382753403933434,0,0.698412698412698,0.376899696048632,0.618524332810047,0,0.3984375,0,0.665086887835703,0.366261398176292,0.421630094043887,0,0.558502340093604,0.625592417061611,0.395931142410016,0.612852664576803,0.53015873015873,0.389154704944179,0.622874806800618,0.560121765601218,0.520186335403727,0,0.641955835962145,0.3712,0.383177570093458,0.630030959752322,0.371913580246914,0.376026272577997,0.634069400630915,0,0.381901840490798,0.371653543307087,0.403125,0.544615384615385,0.611023622047244,0.474603174603175,0.651017214397496,0.614634146341463,0,0.575235109717868,0.531881804043546,0.58695652173913,0,0.803827751196172,0.427899686520376,0.565950920245399,0.732115677321157,0.662182361733931,0,0,0.373156342182891,0.392424242424242,0,0.418495297805643,0,0,0,0.364928909952607,0,0.3904,0.503115264797508,0.58868501529052,0.356814701378254,0,0,0.387596899224806,0.417054263565891,0.55045871559633,0.629800307219662,0,0.448854961832061,0.566666666666667,0.3796875,0.590769230769231,0.787638668779715,0,0.384976525821596,0.615262321144674,0.41471048513302,0.7140625,0,0.610942249240122,0.623233908948195,0.577487765089723,0.399688958009331,0,0.414264036418816,0.3921875,0.374045801526718,0,0.707472178060413,0.389072847682119,0.631493506493506,0.356374807987711,0.370769230769231,0.626153846153846,0.37597503900156,0.634945397815913,0.504716981132076,0.629057187017002,0.632329635499208,0.406542056074766,0,0.609302325581395,0.403076923076923,0.641233766233766,0.60223642172524,0.587955625990491,0,0.62962962962963,0.519047619047619,0.639191290824261,0.397217928902628,0.61875,0.684698608964451,0.607085346215781,0.429007633587786,0.455098934550989,0.414976599063963,0.531645569620253,0,0.393798449612403,0.618541033434651,0.377742946708464,0.630645161290323,0.63109756097561,0.375,0.383647798742138,0.364649681528662,0.564263322884012,0.38366718027735,0.64251968503937,0.63452566096423,0.41588785046729,0.454404945904173,0,0,0.372641509433962,0.422291993720565,0.624012638230648,0.394321766561514,0.381475667189953,0.627300613496933,0.432432432432432,0.492913385826772,0.428129829984544,0,0.409448818897638,0.598726114649682,0.369565217391304,0.382215288611544,0,0.560629921259843,0.408874801901743,0.62754303599374,0.545454545454545,1,0.465151515151515,0.574132492113565,0.403641881638847,0.616793893129771,0.393312101910828,0.382215288611544,0.38740157480315,0.611821086261981,0.613104524180967,0.381395348837209,0.37442218798151,0,0.503105590062112,0.587423312883436,0.884615384615385,0.528771384136858,0.379310344827586,0.506289308176101,0.379416282642089,0.136570561456753,0.614147909967846,0,0.489859594383775,0.624213836477987,0.619651347068146,0.864566929133858,0,0.37403400309119,0.420647149460709,0.379095163806552,0.374613003095975,0.639810426540284,0.629337539432177,0,0,0.646031746031746,0.646875,0.71583850931677,0,0.618238021638331,0.375776397515528,0.280373831775701,0.612341772151899,0.372019077901431,0.564341085271318,0.402866242038217,0.587692307692308,0.547655068078669,0,0.381520119225037,0.613418530351438,0.592125984251968,0.42530487804878,0.377880184331797,0.628659476117103,0,0.420062695924765,0.403053435114504,0,0.410687022900763,0.634945397815913,0.373801916932907,0.567901234567901,0,0,0.596491228070175,0.489566613162119,0.63849765258216,0.739336492890995,0,0,0.545454545454545,0.623211446740858,0.370247933884297,0.834609494640122,0.370199692780338,0.614567526555387,0.587596899224806,0.643856920684292,0.473429951690821,0.610142630744849,0.625776397515528,0,0.641838351822504,0,0.383206106870229,0.512116316639742,0.382530120481928,0.627980922098569,0.371428571428571,0,0.611280487804878,0.592879256965944,0.3671875,0,0.374807987711214,0,0.803827751196172,0.392966360856269,0,0.543511450381679,0.386075949367089,0.509404388714734,0.421900161030596,0.645510835913313,0,0.371340523882897,0.874015748031496,0,0.569230769230769,0.623672230652504,0.620583717357911,0.395569620253165,0.365079365079365,0.390168970814132,0.396923076923077,0.382945736434109,0,0.386541471048513,0.00462249614791988,0.605783866057839,1,0.377535101404056,0.381395348837209,0.391371340523883,0.384853168469861,0.037914691943128,0.631911532385466,0.382022471910112,0.408320493066256,0.527863777089783,0.404651162790698,0.36979969183359,0.390432098765432,0,0,0.381165919282511,0,0.629230769230769,0.00158730158730159,0.398133748055988,0.923076923076923,0.65,0.63482280431433,0.448979591836735,0.0015552099533437,0.673405909797823,0.36875,0.370769230769231,0.609717868338558,0.62555720653789,0.638235294117647,0.798780487804878,0.537735849056604,0.62596599690881,0.641304347826087,0.58,0.678233438485804,0.542813455657492,0.598746081504702,0,0.605055292259084,0.600315955766193,0.369009584664537,0.524691358024691,0.636913767019667,0.565891472868217,0.469325153374233,0.369137670196672,0.403252032520325,0.3824,0.37620578778135,0.379807692307692,0.731974921630094,0.740740740740741,0.383177570093458,0.627627627627628,0.613050075872534,0.46749226006192,0,0.379416282642089,0.379204892966361,0,0.622977346278317,0,0.411483253588517,0,0.410575427682737,0.385692068429238,0.607692307692308,0.497645211930926,0.373271889400922,0.552922590837283,0.552307692307692,0.439490445859873,0,0,0.420195439739414,0.417910447761194,0.386259541984733,0,0,0.621236133122029,0.708206686930091,0.576802507836991,0,0.748456790123457,0,0.445151033386327,0.375,0.6224,0.640791476407915,0,0.775510204081633,0.567901234567901,0.424336973478939,0.404615384615385,0.509404388714734,0.637795275590551,0.39652448657188,0.0619195046439628,0.367088607594937,0,0.375951293759513,0,0.381703470031546,0.633228840125392,0.393987341772152,0,0,0.498432601880878,0.416666666666667,0.418856259659969,0.541411042944785,0.640243902439024,0.618897637795276,0.452859350850077,0.46177370030581,0,0.651898734177215,0.39047619047619,0,0.3879173290938,0.413685847589425,0.661466458658346,0.00783699059561128,0.622641509433962,0.373292867981791,0.763157894736842,0.619344773790952,0.648953301127214,0.740340030911901,0.556982343499197,0.626339969372129,0.389408099688474,0,0.507064364207221,0.38863287250384,0,0,0.620689655172414,0,0.630030959752322,0.382075471698113,0.50788643533123,0.612698412698413,0.627388535031847,0.592709984152139,0.397456279809221,0.603421461897356,0.00772797527047913,0.61389337641357,0.0543130990415335,0.0156985871271586,0,0.532283464566929,0.599085365853659,0.607874015748031,0.623839009287926,0.622926093514329,0.00786163522012579,0.0137404580152672,0.619195046439629,0.0093167701863354,0.00479233226837061,0.0306278713629403,0.0136157337367625,0.0110236220472441,0.628930817610063,0.0169230769230769,0.624798711755233,0.617460317460317,0.00952380952380952,0.625,0.0440729483282675,0.630434782608696,0.597200622083981,0.627596439169139,0.623824451410658
"549",0.796610169491525,0.801503759398496,0.805349182763744,0.783616692426584,0.788018433179724,0.799377916018662,0.778115501519757,0.793674698795181,0.804511278195489,0,0.807633587786259,0,0.634586466165414,0.785493827160494,0.24390243902439,0.210762331838565,0,0.0182370820668693,0.801232665639445,0.817351598173516,0.32579185520362,0.244514106583072,0.789237668161435,0,0.82051282051282,0.427258805513017,0.313725490196078,0.791987673343606,0.632352941176471,0.686943620178042,0.201470588235294,0.703030303030303,0.815548780487805,0.426605504587156,0,0.811178247734139,0.0148588410104012,0.8,0.420588235294118,0.800878477306003,0.00151745068285281,0.0178571428571429,0.00589970501474926,0.798780487804878,0.721362229102167,0.233486943164363,0.604261796042618,0.2,0.547584187408492,0.348529411764706,0,0.79940119760479,0.410958904109589,0.802773497688752,0.758778625954198,0.326153846153846,0,0.804915514592934,0.773333333333333,0.79372197309417,0.427719821162444,0.622754491017964,0.211332312404288,0,0.850609756097561,0.839285714285714,0,0.81203007518797,0,0.198170731707317,0.758258258258258,0.213751868460389,0.224085365853659,0.794117647058823,0,0.773134328358209,0.247422680412371,0.761261261261261,0.780864197530864,0.405103668261563,0,0.713432835820896,0.410979228486647,0.790178571428571,0.32370820668693,0.786135693215339,0.799698795180723,0.794294294294294,0.782222222222222,0.00588235294117647,0.796636085626911,0.787425149700599,0,0,0.791021671826625,0,0.441930618401207,0.793363499245852,0.00891530460624071,0.0105740181268882,0.672699849170437,0,0.44104134762634,0.799100449775112,0.292466765140325,0.793798449612403,0.00462249614791988,0.807866868381241,0.198170731707317,0.196107784431138,0.203592814371257,0.773273273273273,0.462109955423477,0.801815431164902,0,0.800898203592814,0.724242424242424,0,0.204204204204204,0.425954198473282,0,0.81089258698941,0.423780487804878,0.263803680981595,0.787330316742081,0.345185185185185,0.791855203619909,0.792792792792793,0,0.638805970149254,0.788199697428139,0.600609756097561,0.793939393939394,0,0.801232665639445,0.21513353115727,0,0.376524390243902,0.656012176560122,0.6049766718507,0,0,0.799100449775112,0.850453172205438,0.382488479262673,0.786259541984733,0.208269525267994,0.790273556231003,0.512898330804249,0.802631578947368,0.322981366459627,0.801204819277108,0.799086757990868,0.736920777279522,0.802130898021309,0.203100775193798,0.804841149773071,0.213960546282246,0,0.823975720789074,0.773809523809524,0.806354009077156,0.204783258594918,0,0.795252225519288,0.561349693251534,0.800623052959502,0.8003003003003,0.787425149700599,0.428358208955224,0.807228915662651,0.2,0.78939617083947,0.206794682422452,0.771472392638037,0.520361990950226,0,0.800904977375566,0,0.774924471299094,0.809595202398801,0.319571865443425,0.800604229607251,0.804185351270553,0.804347826086957,0.81044776119403,0.289393939393939,0.472346786248132,0.782012195121951,0.800918836140888,0.239880059970015,0.199101796407186,0.785604900459418,0.763826606875934,0,0,0.443939393939394,0.00150602409638554,0.798507462686567,0.398818316100443,0.752293577981651,0.742899850523169,0.794074074074074,0.551242236024845,0.584569732937685,0.442396313364055,0.759455370650529,0.794207317073171,0.77893175074184,0,0.764970059880239,0.357473035439137,0.795454545454545,0.201807228915663,0.261380323054332,0.632683658170915,0.790273556231003,0.794336810730253,0.801503759398496,0.788199697428139,0.877828054298643,0,0.28158295281583,0.789237668161435,0.793261868300153,0,0.802098950524738,0.797979797979798,0.635135135135135,0.570359281437126,0.790591805766313,0.806552262090484,0.496960486322188,0,0.776627218934911,0.59304084720121,0.8,0.195195195195195,0.80952380952381,0.799387442572741,0.798496240601504,0.874242424242424,0.580980683506687,0.2099533437014,0.81089258698941,0.614692653673163,0.202941176470588,0.192878338278932,0.337920489296636,0.188253012048193,0.331259720062208,0.670133729569094,0.194864048338369,0.202080237741456,0.210843373493976,0.662739322533137,0.238021638330757,0.798151001540832,0.0060790273556231,0.191842900302115,0,0.395173453996983,0.808049535603715,0.803030303030303,0.767371601208459,0,0.770800627943485,0.820208023774146,0.713855421686747,0.654761904761905,0.56797583081571,0.591679506933744,0.00605143721633888,0.782742681047766,0.281391830559758,0.705426356589147,0.806060606060606,0.197309417040359,0.723467862481315,0.209969788519637,0.303625377643505,0.79646017699115,0.78740157480315,0.76840490797546,0,0.670605612998523,0.774045801526718,0,0.197289156626506,0.759941089837997,0.795454545454545,0,0.211624441132638,0.196078431372549,0.802773497688752,0.777777777777778,0.207055214723926,0,0.508371385083714,0.813636363636364,0.766176470588235,0.48868778280543,0.686728395061728,0.777272727272727,0.2023988005997,0.801492537313433,0.787878787878788,0.197268588770865,0.816417910447761,0.80365296803653,0.807153965785381,0.803303303303303,0.359090909090909,0.436390532544379,0.445619335347432,0.785604900459418,0.796610169491525,0.04047976011994,0.442922374429224,0.797872340425532,0.332335329341317,0.477306002928258,0.813253012048193,0.800911854103343,0.804185351270553,0.822358346094946,0.791976225854383,0.434848484848485,0.796711509715994,0.80030487804878,0,0.454682779456193,0.61171032357473,0.218844984802432,0.0499243570347958,0.208955223880597,0.769805680119582,0.222551928783383,0.199697428139183,0,0.408472012102874,0.791411042944785,0.265460030165913,0.807936507936508,0.808801213960546,0.801815431164902,0.451761102603369,0.436728395061728,0.827743902439024,0.525,0,0.858662613981763,0.206537890044577,0.241481481481481,0.362686567164179,0.810030395136778,0.210687022900763,0,0.453030303030303,0.201192250372578,0.223227752639517,0.561643835616438,0.786686838124054,0.419207317073171,0.795631825273011,0.824773413897281,0,0.803751803751804,0.184249628528975,0.797636632200886,0.844544095665172,0.808049535603715,0.205438066465257,0.812874251497006,0.196671709531014,0.806547619047619,0.714503816793893,0.813884785819793,0.808219178082192,0.793313069908815,0.441538461538462,0.837672281776417,0.7847533632287,0.209985315712188,0.229260935143288,0.783132530120482,0.807462686567164,0.436555891238671,0.80952380952381,0.784829721362229,0.823088455772114,0.800298062593145,0,0.280431432973806,0.803303303303303,0.203647416413374,0,0.795698924731183,0.00934579439252336,0.240657698056801,0.80327868852459,0.795454545454545,0.0045662100456621,0.671171171171171,0.55,0.80365296803653,0.198748043818466,0.758409785932722,0.799377916018662,0.557251908396947,0.661654135338346,0.745814307458143,0,0.337331334332834,0.807395993836672,0.81306990881459,0.564954682779456,0.801503759398496,0.786163522012579,0.228310502283105,0,0.802710843373494,0.811349693251534,0.790519877675841,0.816143497757848,0.206373292867982,0.769578313253012,0.394578313253012,0.331730769230769,0.00749625187406297,0.804878048780488,0.648567119155354,0.646879756468798,0,0.414860681114551,0.765861027190332,0.821752265861027,0.581845238095238,0.249632892804699,0,0,0.797413793103448,0.826666666666667,0,0.766768292682927,0.00625,0,0,0.799086757990868,0,0.799689440993789,0.703148425787106,0.620234604105572,0.790490341753343,0,0,0.803353658536585,0.804379562043796,0.824587706146927,0.20414201183432,0.003125,0.755223880597015,0.644578313253012,0.803328290468986,0.617910447761194,0.44969512195122,0,0.786248131539611,0.204018547140649,0.813374805598756,0.28110599078341,0,0.199706314243759,0.313935681470138,0.576190476190476,0.784431137724551,0,0.797058823529412,0.791356184798808,0.792284866468843,0,0.274691358024691,0.804451510333863,0.2,0.793510324483776,0.802052785923754,0.205052005943536,0.794074074074074,0.465568862275449,0.745127436281859,0.213855421686747,0.335413416536661,0.810477657935285,0.0045662100456621,0.201793721973094,0.797583081570997,0.219435736677116,0.752307692307692,0.477203647416413,0,0.283582089552239,0.746177370030581,0.42406015037594,0.805389221556886,0.198473282442748,0.323922734026746,0.615384615384615,0.803493449781659,0.775147928994083,0.835889570552147,0.861963190184049,0,0.820359281437126,0.206537890044577,0.801204819277108,0.513097072419106,0.199108469539376,0.786135693215339,0.811926605504587,0.790273556231003,0.659021406727829,0.803007518796993,0.308396946564885,0.348024316109422,0.775112443778111,0.761261261261261,0,0,0.799086757990868,0.774494556765163,0.214506172839506,0.797856049004594,0.802710843373494,0.514285714285714,0.782542113323124,0.739663093415008,0.75887573964497,0,0.781297134238311,0.474242424242424,0.805970149253731,0.792998477929985,0,0.777272727272727,0.795419847328244,0.210606060606061,0.731707317073171,0.465151515151515,1,0.695121951219512,0.827485380116959,0.283185840707965,0.78858024691358,0.806646525679758,0.80030487804878,0.455813953488372,0.257966616084977,0.815037593984962,0.791356184798808,0.00593471810089021,0.837313432835821,0.575075075075075,0.401206636500754,0.720543806646526,0.793984962406015,0.777448071216617,0.797317436661699,0.133928571428571,0.204761904761905,0,0.787878787878788,0.19634703196347,0.197885196374622,0.418290854572714,0,0.813918305597579,0.801186943620178,0.8,0.803863298662704,0.290468986384266,0.184451219512195,0,0,0.347286821705426,0.267281105990783,0.326219512195122,0,0.195588235294118,0.782414307004471,0.0779610194902549,0.433534743202417,0.793893129770992,0.653030303030303,0.809090909090909,0.688888888888889,0.645588235294118,0,0.8,0.515151515151515,0.59236641221374,0.767062314540059,0.804769001490313,0.499250374812594,0.00748502994011976,0.786466165413534,0.791176470588235,0,0.801169590643275,0.205357142857143,0.804381846635368,0.569940476190476,0,0.00747384155455904,0.607255520504732,0.761760242792109,0.221732745961821,0.311550151975684,0.00903614457831325,0.00158478605388273,0.687409551374819,0.220183486238532,0.806603773584906,0.452941176470588,0.794074074074074,0.196428571428571,0.488095238095238,0.46177370030581,0.767584097859327,0.294392523364486,0.191330343796712,0.00298507462686567,0.231117824773414,0,0.801788375558867,0.192012288786482,0.799120234604106,0.211890243902439,0.793528505392912,0,0.59672619047619,0.622727272727273,0.796101949025487,0,0.803545051698671,0,0.505409582689335,0.794947994056464,0,0.674626865671642,0.79940119760479,0.724770642201835,0.7900466562986,0.226190476190476,0,0.794871794871795,0.402439024390244,0,0.7,0.199706314243759,0.214814814814815,0.783076923076923,0.792048929663609,0.788148148148148,0.79236641221374,0.789312977099237,0,0.799392097264438,0.0150375939849624,0.477544910179641,0.395173453996983,0.797337278106509,0.789554531490015,0.807749627421759,0.815868263473054,0.0599700149925037,0.220364741641337,0.804651162790698,0.803892215568862,0.905829596412556,0.79788838612368,0.802962962962963,0.805097451274363,0,0,0.807803468208092,0,0.269345238095238,0,0.781763826606876,0.405864197530864,0.374805598755832,0.304733727810651,0.808641975308642,0,0.288084464555053,0.789393939393939,0.802098950524738,0.639517345399698,0.538799414348463,0.430615164520744,0.328908554572271,0.675925925925926,0.20392749244713,0.327844311377246,0.633633633633634,0.445801526717557,0.882265275707899,0.207207207207207,0,0.198461538461538,0.458333333333333,0.8,0.648286140089419,0.403817914831131,0.81203007518797,0.771300448430493,0.783904619970194,0.811145510835913,0.816923076923077,0.800613496932515,0.818320610687023,0.58599695585997,0.508124076809453,0.792481203007519,0.21294964028777,0.203240058910162,0.782608695652174,0.00592592592592593,0.805637982195846,0.7976011994003,0,0.320433436532508,0,0.804580152671756,0,0.79788838612368,0.79607250755287,0.200296735905045,0.74468085106383,0.799701046337818,0.66306027820711,0.652757078986587,0.761398176291793,0,0,0.807210031347962,0.790764790764791,0.802962962962963,0,0,0.194099378881988,0.406804733727811,0.626865671641791,0,0.538931297709924,0,0.769230769230769,0.792682926829268,0.30757341576507,0.438235294117647,0,0.473846153846154,0.634036144578313,0.806259314456036,0.790490341753343,0.734421364985163,0.205705705705706,0.8109375,0.0333333333333333,0.801232665639445,0,0.806499261447563,0.00740740740740741,0.790446841294299,0.216133942161339,0.114551083591331,0,0,0.777439024390244,0.859154929577465,0.775297619047619,0.697916666666667,0.223372781065089,0.198776758409786,0.740181268882175,0.727540500736377,0,0.21482602118003,0.803892215568862,0,0.78858024691358,0.795252225519288,0.265460030165913,0.033033033033033,0.194233687405159,0.779259259259259,0.533639143730887,0.285496183206107,0.305900621118012,0.288490284005979,0.811437403400309,0.299850074962519,0.801515151515152,0,0.833585476550681,0.806259314456036,0.00455927051671732,0,0.199708454810496,0,0.217717717717718,0.794947994056464,0.714953271028037,0.206738131699847,0.199081163859112,0.62826420890937,0.776416539050536,0.626112759643917,0.0352941176470588,0.197204968944099,0.0448916408668731,0.021021021021021,0,0.186466165413534,0.205240174672489,0.202177293934681,0.212574850299401,0.193452380952381,0.0363636363636364,0.042962962962963,0.217585692995529,0.0212443095599393,0.00770416024653313,0.0346385542168675,0.0237388724035608,0.0465465465465465,0.214392803598201,0.0240601503759399,0.199074074074074,0.213213213213213,0.0338983050847458,0.190760059612519,0.0402985074626866,0.204204204204204,0.223404255319149,0.206489675516224,0.206896551724138
"550",0.694533762057878,0.694006309148265,0.701095461658842,0.72741935483871,0.702265372168285,0.690163934426229,0.703583061889251,0.707395498392283,0.685271317829457,0,0.676656151419558,0,0.67515923566879,0.674157303370786,0.350877192982456,0.333865814696486,0,0.0125195618153365,0.668789808917197,0.704472843450479,0.45583596214511,0.351307189542484,0.68798751950078,0,0.6875,0.547504025764895,0.400641025641026,0.688816855753647,0.62402496099844,0.670906200317965,0.309597523219814,0.779874213836478,0.741100323624595,0.516025641025641,0,0.673566878980892,0.013953488372093,0.675507020280811,0.514503816793893,0.687789799072643,0.00158982511923688,0.0112179487179487,0.00473186119873817,0.691437802907916,0.86088379705401,0.333876221498371,0.688498402555911,0.308943089430894,0.693374422187982,0.395672333848532,0,0.686591276252019,0.532283464566929,0.674565560821485,0.708064516129032,0.468599033816425,0,0.688709677419355,0.687211093990755,0.7671875,0.525741029641186,0.6,0.320126782884311,0,0.711507293354943,0.703245749613601,0,0.6896,0,0.315447154471545,0.722135007849294,0.320872274143302,0.347133757961783,0.693877551020408,0,0.726429675425039,0.344186046511628,0.672985781990521,0.727422003284072,0.549668874172185,0,0.817322834645669,0.486024844720497,0.675118858954041,0.391236306729264,0.782334384858044,0.689381933438986,0.7109375,0.701112877583466,0.00309119010819165,0.677316293929712,0.695583596214511,0,0,0.693181818181818,0,0.503912363067293,0.686708860759494,0.00473186119873817,0.00636942675159236,0.683279742765273,0,0.506389776357827,0.682692307692308,0.391640866873065,0.685667752442997,0.00477707006369427,0.707472178060413,0.321144674085851,0.331715210355987,0.313084112149533,0.705024311183144,0.5904,0.676190476190476,0,0.703125,0.783018867924528,0,0.318611987381703,0.476874003189793,0,0.75,0.50314465408805,0.372168284789644,0.70125786163522,0.41875,0.692429022082019,0.671406003159558,0,0.648902821316614,0.742811501597444,0.563106796116505,0.681372549019608,0,0.679873217115689,0.327666151468315,0,0.491987179487179,0.712460063897764,0.634304207119741,0,0,0.704510108864697,0.735668789808917,0.457990115321252,0.690966719492868,0.317741935483871,0.736421725239617,0.623376623376623,0.698757763975155,0.415986949429038,0.677725118483412,0.685393258426966,0.669811320754717,0.686305732484076,0.310064935064935,0.685214626391097,0.310015898251192,0,0.718196457326892,0.728813559322034,0.697160883280757,0.332810047095761,0,0.696875,0.757234726688103,0.692307692307692,0.681889763779528,0.686915887850467,0.519747235387046,0.717252396166134,0.330112721417069,0.684458398744113,0.314329738058552,0.7264,0.639240506329114,0,0.671974522292994,0,0.703125,0.683385579937304,0.40064620355412,0.693037974683544,0.712933753943218,0.673813169984686,0.687789799072643,0.408227848101266,0.629057187017002,0.764705882352941,0.712218649517685,0.361198738170347,0.31496062992126,0.709208400646204,0.705229793977813,0,0,0.542264752791069,0.00156985871271586,0.680685358255452,0.558544303797468,0.710097719869707,0.693650793650794,0.686915887850467,0.611821086261981,0.547433903576983,0.540983606557377,0.698412698412698,0.6816,0.729430379746835,0,0.682108626198083,0.456810631229236,0.713141025641026,0.318611987381703,0.383177570093458,0.644549763033175,0.70364500792393,0.691950464396285,0.758346581875994,0.684044233807267,0.715873015873016,0,0.367924528301887,0.70846394984326,0.686305732484076,0,0.685126582278481,0.69478527607362,0.66131621187801,0.650943396226415,0.682258064516129,0.690048939641109,0.566929133858268,0,0.704968944099379,0.690821256038647,0.714285714285714,0.335453100158982,0.708920187793427,0.685805422647528,0.68312101910828,0.7152,0.703245749613601,0.330097087378641,0.727416798732171,0.696124031007752,0.316590563165906,0.321428571428571,0.44,0.294685990338164,0.430176565008026,0.687888198757764,0.3136,0.32755905511811,0.322222222222222,0.673501577287066,0.32463295269168,0.701892744479495,0.00490998363338789,0.302547770700637,0,0.470209339774557,0.68621236133122,0.67601246105919,0.736263736263736,0,0.728867623604466,0.69826224328594,0.784810126582278,0.728295819935691,0.625199362041467,0.529411764705882,0.0064,0.677938808373591,0.388802488335925,0.788617886178862,0.710900473933649,0.328571428571429,0.695102685624013,0.320907617504052,0.415503875968992,0.690031152647975,0.682042833607908,0.713821138211382,0,0.684210526315789,0.693811074918567,0,0.301412872841444,0.699530516431925,0.695859872611465,0,0.318252730109204,0.318611987381703,0.70096463022508,0.787682333873582,0.312399355877617,0,0.581730769230769,0.701112877583466,0.75462962962963,0.625,0.692307692307692,0.708006279434851,0.339116719242902,0.690251572327044,0.683385579937304,0.328050713153724,0.70625,0.68860353130016,0.685667752442997,0.692307692307692,0.484751203852327,0.57345971563981,0.524486571879937,0.697068403908795,0.696078431372549,0.032,0.48811410459588,0.706349206349206,0.457413249211356,0.505376344086022,0.703125,0.680511182108626,0.72107765451664,0.715890850722311,0.671317829457364,0.479474548440066,0.716049382716049,0.684294871794872,0,0.58678955453149,0.642512077294686,0.324367088607595,0.0345368916797488,0.321928460342146,0.661417322834646,0.34375,0.326018808777429,0,0.536507936507936,0.680445151033386,0.3504,0.703947368421053,0.721417069243156,0.6976,0.540322580645161,0.526829268292683,0.685214626391097,0.646481178396072,0,0.700315457413249,0.31937984496124,0.363636363636364,0.474522292993631,0.683279742765273,0.325984251968504,0,0.592476489028213,0.317111459968603,0.331707317073171,0.614285714285714,0.672523961661342,0.528938906752412,0.68130081300813,0.673701298701299,0,0.691131498470948,0.297674418604651,0.694099378881988,0.699044585987261,0.677685950413223,0.315372424722662,0.702229299363057,0.300314465408805,0.675078864353312,0.93517017828201,0.70735524256651,0.694835680751174,0.679611650485437,0.550079491255962,0.702265372168285,0.684542586750789,0.329230769230769,0.328525641025641,0.679032258064516,0.681089743589744,0.575709779179811,0.675039246467818,0.701954397394137,0.723809523809524,0.678071539657854,0,0.432258064516129,0.680379746835443,0.317891373801917,0,0.716828478964401,0.00490196078431373,0.3632,0.682737169517885,0.71656050955414,0.00320512820512821,0.675718849840256,0.671974522292994,0.704838709677419,0.296116504854369,0.67205169628433,0.670988654781199,0.602254428341385,0.662957074721781,0.894991922455573,0,0.437001594896332,0.707792207792208,0.68380062305296,0.689381933438986,0.683881064162754,0.688552188552189,0.323899371069182,0.00160771704180064,0.687106918238994,0.688783570300158,0.702572347266881,0.684458398744113,0.309791332263242,0.72107765451664,0.5260663507109,0.420875420875421,0.00317965023847377,0.685303514376997,0.66407465007776,0.924290220820189,0,0.564227642276423,0.72107765451664,0.679245283018868,0.701726844583987,0.386046511627907,0,0,0.671232876712329,0.684129429892142,0,0.723370429252782,0.00319488817891374,0,0,0.677316293929712,0,0.706168831168831,0.6832,0.649612403100775,0.686028257456829,0,0,0.68621236133122,0.706605222734255,0.73497688751926,0.311320754716981,0,0.699537750385208,0.670382165605096,0.677165354330709,0.738924050632911,0.632258064516129,0,0.6953125,0.304560260586319,0.7344,0.39968152866242,0,0.319444444444444,0.397435897435897,0.591433278418451,0.673015873015873,0,0.730829420970266,0.704761904761905,0.681818181818182,0,0.381967213114754,0.680602006688963,0.314845024469821,0.683385579937304,0.687888198757764,0.3203125,0.68025078369906,0.548335974643423,0.702875399361022,0.339256865912762,0.433715220949264,0.696629213483146,0.0032,0.327476038338658,0.705511811023622,0.3344,0.720064724919094,0.6176,0,0.394695787831513,0.725938009787928,0.525821596244131,0.684126984126984,0.322006472491909,0.437795275590551,0.535,0.728706624605678,0.763076923076923,0.701587301587302,0.70926517571885,0,0.689873417721519,0.316614420062696,0.673501577287066,0.574468085106383,0.320493066255778,0.674528301886792,0.6992,0.671497584541063,0.740445859872611,0.688,0.401284109149278,0.46677471636953,0.703296703296703,0.712480252764613,0,0,0.68780487804878,0.720516962843296,0.341384863123994,0.691318327974277,0.693910256410256,0.580188679245283,0.727858293075684,0.658105939004815,0.693270735524257,0,0.696825396825397,0.520634920634921,0.685446009389671,0.674603174603175,0,0.688498402555911,0.712698412698413,0.305732484076433,0.682258064516129,0.574132492113565,0.695121951219512,1,0.674347158218126,0.389312977099237,0.694533762057878,0.676100628930818,0.706436420722135,0.514657980456026,0.381475667189953,0.697965571205008,0.684627575277338,0.003125,0.724409448818898,0.590551181102362,0.518282988871224,0.777952755905512,0.686614173228347,0.668831168831169,0.685446009389671,0.157894736842105,0.312091503267974,0,0.749206349206349,0.307570977917981,0.320063694267516,0.542130365659777,0,0.707006369426752,0.733229329173167,0.681962025316456,0.690140845070423,0.401639344262295,0.31637519872814,0,0,0.445350734094617,0.386942675159236,0.434991974317817,0,0.314465408805031,0.660377358490566,0.139498432601881,0.50801282051282,0.689822294022617,0.674565560821485,0.668810289389068,1,0.822884012539185,0,0.68,0.577669902912621,0.628019323671498,0.726134585289515,0.70077519379845,0.63751987281399,0.00474683544303797,0.751974723538705,0.719874804381847,0,0.696875,0.319182389937107,0.67603305785124,0.528481012658228,0,0.00477707006369427,0.662751677852349,0.798722044728435,0.319620253164557,0.444264943457189,0.00625,0.0016260162601626,0.676335877862595,0.316957210776545,0.670510708401977,0.60625,0.6875,0.312597200622084,0.587596899224806,0.561290322580645,0.750814332247557,0.372322899505766,0.307324840764331,0.00157977883096367,0.334394904458599,0,0.687211093990755,0.285245901639344,0.70015455950541,0.323248407643312,0.676422764227642,0,0.669724770642202,0.62258064516129,0.667189952904239,0,0.683153013910355,0,0.636807817589576,0.689335394126739,0,0.668224299065421,0.68312101910828,0.74313408723748,0.718241042345277,0.3546875,0,0.674157303370786,0.51219512195122,0,0.775157232704403,0.29320987654321,0.320872274143302,0.689430894308943,0.674603174603175,0.672926447574335,0.695374800637959,0.696485623003195,0,0.69551282051282,0.0125195618153365,0.547318611987382,0.543613707165109,0.68503937007874,0.690590111642743,0.682242990654206,0.701863354037267,0.0578125,0.333863275039746,0.687086092715232,0.693146417445483,0.690625,0.675632911392405,0.684044233807267,0.725274725274725,0,0,0.677760968229955,0,0.363919129082426,0,0.704180064308682,0.525641025641026,0.5008,0.406542056074766,0.701923076923077,0.00158227848101266,0.384,0.69047619047619,0.691338582677165,0.79073482428115,0.610778443113772,0.482388973966309,0.463223787167449,0.72508038585209,0.313479623824451,0.407232704402516,0.657097288676236,0.4875,0.697347893915757,0.30952380952381,0,0.321086261980831,0.517799352750809,0.673267326732673,0.636222910216718,0.47040971168437,0.674922600619195,0.727131782945736,0.67175572519084,0.729200652528548,0.702127659574468,0.70327868852459,0.684640522875817,0.686520376175549,0.72884012539185,0.681458003169572,0.316998468606432,0.326625386996904,0.721958925750395,0.00628930817610063,0.68125,0.684292379471229,0,0.402597402597403,0,0.72397476340694,0,0.696062992125984,0.6912,0.322429906542056,0.700320512820513,0.675,0.698717948717949,0.681318681318681,0.693650793650794,0,0,0.711221122112211,0.697388632872504,0.708860759493671,0,0,0.315619967793881,0.483720930232558,0.563897763578275,0,0.663009404388715,0,0.74025974025974,0.688995215311005,0.422258592471358,0.500777604976672,0,0.620578778135048,0.717908082408875,0.678740157480315,0.701996927803379,0.740506329113924,0.31924882629108,0.698051948051948,0.0414673046251994,0.687397708674304,0,0.687888198757764,0.00317965023847377,0.667205169628433,0.328548644338118,0.201587301587302,0,0,0.752721617418352,0.682333873581848,0.70625,0.608695652173913,0.327160493827161,0.34094616639478,0.725239616613419,0.665130568356375,0,0.331761006289308,0.700787401574803,0,0.686885245901639,0.7217125382263,0.37245696400626,0.0265625,0.300476947535771,0.674491392801252,0.650406504065041,0.38351822503962,0.39413680781759,0.421800947867299,0.729903536977492,0.363349131121643,0.687301587301587,0,0.7223113964687,0.689655172413793,0.00159744408945687,0,0.324615384615385,0,0.32484076433121,0.687010954616588,0.692434210526316,0.340836012861736,0.301765650080257,0.665584415584416,0.713592233009709,0.612244897959184,0.0345911949685535,0.303776683087028,0.0547504025764895,0.0143312101910828,0,0.2859450726979,0.309597523219814,0.325878594249201,0.353312302839117,0.297805642633229,0.0341463414634146,0.0428571428571429,0.323899371069182,0.0158982511923688,0.00645161290322581,0.0362776025236593,0.020440251572327,0.0383386581469649,0.318471337579618,0.0234009360374415,0.316831683168317,0.329093799682035,0.025974025974026,0.303514376996805,0.0357698289269051,0.329153605015674,0.320126782884311,0.314984709480122,0.311111111111111
"551",0.953125,0.959028831562974,0.936106983655275,0.914196567862715,0.944099378881988,0.965678627145086,0.865834633385335,0.93558282208589,0.965824665676077,0,0.963246554364472,0,0.576452599388379,0.952012383900929,0.0754147812971342,0.0525525525525526,0,0.0150375939849624,0.959752321981424,0.957831325301205,0.186544342507645,0.0759493670886076,0.966966966966967,0,0.929323308270677,0.286585365853659,0.146969696969697,0.942367601246106,0.500747384155456,0.67624810892587,0.0461309523809524,0.695454545454545,0.796352583586626,0.305597579425113,0,0.962006079027356,0.0151975683890578,0.953383458646617,0.295389048991354,0.877061469265367,0,0.0151057401812689,0.00446428571428571,0.950540958268934,0.77115987460815,0.0702290076335878,0.536697247706422,0.0459418070444104,0.498538011695906,0.180059523809524,0,0.952887537993921,0.317771084337349,0.9558599695586,0.847589424572317,0.199391171993912,0,0.947611710323575,0.920060331825038,0.889055472263868,0.316109422492401,0.472809667673716,0.0478395061728395,0,0.8828125,0.821321321321321,0,0.957186544342508,0,0.0412213740458015,0.833333333333333,0.0452488687782805,0.0578386605783866,0.952238805970149,0,0.731634182908546,0.0907715582450832,0.606656580937973,0.860501567398119,0.307324840764331,0,0.693572496263079,0.240713224368499,0.953731343283582,0.152337858220211,0.876876876876877,0.960902255639098,0.934032983508246,0.923192771084337,0.0103703703703704,0.953560371517028,0.951515151515152,0,0,0.935085007727975,0,0.31866464339909,0.936073059360731,0.00746268656716418,0.0091324200913242,0.618541033434651,0,0.331804281345566,0.958778625954198,0.138643067846608,0.9546875,0.00925925925925926,0.940366972477064,0.0401854714064915,0.0510510510510511,0.0497737556561086,0.876335877862595,0.376701966717095,0.954337899543379,0,0.944277108433735,0.706948640483384,0,0.0422960725075529,0.277862595419847,0,0.789230769230769,0.280728376327769,0.121259842519685,0.940639269406393,0.187869822485207,0.957894736842105,0.95,0,0.56865671641791,0.907692307692308,0.53582554517134,0.949152542372881,0,0.949152542372881,0.0693215339233038,0,0.248466257668712,0.659021406727829,0.539432176656151,0,0,0.939393939393939,0.777265745007681,0.205928237129485,0.96141975308642,0.0487062404870624,0.898176291793313,0.451162790697674,0.949404761904762,0.177293934681182,0.944610778443114,0.961360123647604,0.830838323353293,0.950226244343891,0.0389408099688473,0.960665658093797,0.0458015267175573,0,0.760802469135803,0.842105263157895,0.942771084337349,0.0581222056631893,0,0.957163958641064,0.480438184663537,0.9568,0.964071856287425,0.95475113122172,0.316816816816817,0.933534743202417,0.0439393939393939,0.910313901345291,0.0432190760059613,0.860816944024206,0.396369137670197,0,0.945371775417299,0,0.849772382397572,0.959459459459459,0.165891472868217,0.947289156626506,0.924961715160796,0.951683748169839,0.94213649851632,0.133633633633634,0.409495548961424,0.902173913043478,0.911042944785276,0.0996978851963746,0.0449101796407186,0.943511450381679,0.837837837837838,0,0,0.340943683409437,0,0.960606060606061,0.299703264094956,0.849772382397572,0.764705882352941,0.94962962962963,0.455813953488372,0.479228486646884,0.331259720062208,0.889055472263868,0.92781954887218,0.861400894187779,0,0.854790419161677,0.214397496087637,0.912442396313364,0.0385208012326656,0.102790014684288,0.552552552552553,0.944869831546707,0.943536404160475,0.836641221374046,0.96078431372549,0.937308868501529,0,0.0977443609022556,0.68018018018018,0.952086553323029,0,0.959398496240601,0.94273127753304,0.569908814589666,0.579425113464448,0.948640483383686,0.954968944099379,0.377845220030349,0,0.858630952380952,0.552511415525114,0.936708860759494,0.0448430493273543,0.924924924924925,0.955453149001536,0.957831325301205,0.984779299847793,0.550898203592814,0.0464396284829721,0.938744257274119,0.569018404907976,0.0474777448071217,0.0472673559822747,0.230889235569423,0.0398773006134969,0.188271604938272,0.673134328358209,0.0443425076452599,0.05,0.0488165680473373,0.603886397608371,0.078125,0.952234206471495,0.00928792569659443,0.0398773006134969,0,0.271056661562021,0.958397534668721,0.939393939393939,0.881996974281392,0,0.847826086956522,0.839762611275964,0.683409436834094,0.625954198473282,0.474732006125574,0.508396946564886,0.00903614457831325,0.952086553323029,0.135670731707317,0.699842022116904,0.931297709923664,0.0578635014836795,0.734848484848485,0.0438066465256798,0.154887218045113,0.956076134699854,0.953271028037383,0.865116279069767,0,0.6513353115727,0.85935085007728,0,0.0494011976047904,0.869822485207101,0.938556067588326,0,0.0484848484848485,0.0447093889716841,0.9453125,0.871715610510046,0.0464396284829721,0,0.399698340874811,0.958074534161491,0.787202380952381,0.425113464447806,0.665634674922601,0.917417417417417,0.0533536585365854,0.962292609351433,0.955792682926829,0.045662100456621,0.931714719271624,0.963414634146341,0.940275650842266,0.957186544342508,0.228787878787879,0.343373493975904,0.313636363636364,0.934984520123839,0.89937106918239,0.0499243570347958,0.302752293577982,0.940458015267176,0.186830015313936,0.347058823529412,0.955384615384615,0.955108359133127,0.933434190620272,0.714285714285714,0.958271236959762,0.290123456790123,0.932228915662651,0.955177743431221,0,0.358974358974359,0.558320373250389,0.0592705167173252,0.0571428571428571,0.0494752623688156,0.893393393393393,0.0663650075414781,0.0422960725075529,0,0.262839879154079,0.946646341463415,0.108562691131498,0.94912559618442,0.940909090909091,0.954128440366973,0.319083969465649,0.314375987361769,0.701834862385321,0.497622820919176,0,0.848998459167951,0.0536512667660209,0.082962962962963,0.237442922374429,0.956989247311828,0.045045045045045,0,0.36404833836858,0.0518518518518519,0.0619335347432024,0.486322188449848,0.954268292682927,0.315707620528771,0.953488372093023,0.942598187311178,0,0.952243125904486,0.0422322775263952,0.95187969924812,0.86322188449848,0.959311424100156,0.0502283105022831,0.943028485757121,0.04047976011994,0.858858858858859,0.713615023474178,0.91566265060241,0.947289156626506,0.946727549467275,0.329286798179059,0.986217457886677,0.954887218045113,0.0498533724340176,0.0665658093797277,0.953198127925117,0.959090909090909,0.360182370820669,0.86322188449848,0.931962025316456,0.931851851851852,0.961019490254873,0,0.149532710280374,0.954476479514416,0.0442748091603053,0,0.93140243902439,0.0108695652173913,0.0852359208523592,0.963855421686747,0.929770992366412,0.00307692307692308,0.641653905053599,0.440184049079755,0.952904238618524,0.0496124031007752,0.860681114551084,0.950693374422188,0.400616332819723,0.606382978723404,0.771689497716895,0,0.196018376722818,0.938176197836167,0.957120980091884,0.475609756097561,0.956586826347305,0.955414012738854,0.0706766917293233,0.00151515151515152,0.948091603053435,0.955022488755622,0.914110429447853,0.716216216216216,0.0475460122699387,0.841049382716049,0.262443438914027,0.20926517571885,0.00606060606060606,0.648854961832061,0.625942684766214,0.611620795107034,0,0.318681318681319,0.870229007633588,0.671686746987952,0.538575667655786,0.116618075801749,0,0,0.965116279069767,0.940029985007496,0,0.889221556886228,0.0094488188976378,0,0,0.959938366718028,0,0.9625,0.745864661654135,0.542772861356932,0.955423476968796,0,0,0.950769230769231,0.928571428571429,0.754437869822485,0.0419161676646707,0.00309119010819165,0.844544095665172,0.607250755287009,0.9558599695586,0.545180722891566,0.377708978328173,0,0.942073170731707,0.049306625577812,0.926493108728943,0.132730015082956,0,0.0474777448071217,0.14854517611026,0.503961965134707,0.935338345864662,0,0.922619047619048,0.944610778443114,0.955223880597015,0,0.114197530864198,0.899350649350649,0.04858934169279,0.959276018099548,0.955357142857143,0.0583832335329341,0.956060606060606,0.328767123287671,0.799392097264438,0.0467571644042232,0.203389830508475,0.928134556574923,0.00765696784073507,0.0382262996941896,0.939577039274924,0.0482115085536547,0.679566563467492,0.412576687116564,0,0.151197604790419,0.734059097978227,0.286149162861492,0.935435435435435,0.0442748091603053,0.182352941176471,0.496111975116641,0.919236417033774,0.867867867867868,0.996932515337423,0.776049766718507,0,0.974320241691843,0.0449775112443778,0.936363636363636,0.416666666666667,0.0417910447761194,0.959152798789713,0.960725075528701,0.96177370030581,0.651908396946565,0.948640483383686,0.164615384615385,0.229832572298326,0.92156862745098,0.848024316109423,0,0,0.946483180428135,0.910077519379845,0.0540123456790123,0.952234206471495,0.962518740629685,0.400299850074962,0.898305084745763,0.726574500768049,0.853073463268366,0,0.937308868501529,0.354391371340524,0.954337899543379,0.953453453453453,0,0.667687595712098,0.932601880877743,0.0459418070444104,0.705343511450382,0.403641881638847,0.827485380116959,0.674347158218126,1,0.11340206185567,0.945652173913043,0.957575757575758,0.941176470588235,0.323390894819466,0.134238310708899,0.956259426847662,0.955357142857143,0.00750750750750751,0.795795795795796,0.480974124809741,0.29940119760479,0.745098039215686,0.96206373292868,0.869631901840491,0.956325301204819,0.133433283358321,0.0414012738853503,0,0.822188449848024,0.0419254658385093,0.0475460122699387,0.311178247734139,0,0.954198473282443,0.886567164179105,0.954268292682927,0.952023988005997,0.116564417177914,0.0350609756097561,0,0,0.21608832807571,0.1236802413273,0.199386503067485,0,0.0396341463414634,0.95475113122172,0.029940119760479,0.320493066255778,0.953775038520801,0.603053435114504,0.934049079754601,0.657698056801196,0.634873323397914,0,0.95900439238653,0.416796267496112,0.523592085235921,0.882962962962963,0.952522255192878,0.424739195230999,0.0104633781763827,0.910876132930514,0.914156626506024,0,0.930131004366812,0.0585585585585586,0.951104100946372,0.472809667673716,0,0.00909090909090909,0.533858267716535,0.816793893129771,0.0438729198184569,0.163265306122449,0.0107033639143731,0,0.73216885007278,0.0583717357910906,0.960191082802548,0.351796407185629,0.956909361069837,0.043026706231454,0.382530120481928,0.335394126738794,0.847826086956522,0.137715179968701,0.0452488687782805,0.00151745068285281,0.0846153846153846,0,0.96064139941691,0.078003120124805,0.942562592047128,0.0487804878048781,0.953703703703704,0,0.532738095238095,0.49768875192604,0.953383458646617,0,0.957767722473605,0,0.4171875,0.948249619482496,0,0.658646616541353,0.942161339421613,0.757207890743551,0.923913043478261,0.085672082717873,0,0.957446808510638,0.288786482334869,0,0.694864048338369,0.0432190760059613,0.0539730134932534,0.958397534668721,0.9558599695586,0.955022488755622,0.929230769230769,0.940275650842266,0,0.939024390243902,0.0182094081942337,0.376506024096386,0.321907600596125,0.947368421052632,0.952599388379205,0.95352323838081,0.956259426847662,0.052790346907994,0.0531914893617021,0.946031746031746,0.924812030075188,0.74702380952381,0.935435435435435,0.955290611028316,0.939117199391172,0,0,0.944199706314244,0,0.0960960960960961,0,0.92156862745098,0.306729264475743,0.233176838810642,0.157503714710253,0.905263157894737,0,0.145645645645646,0.955156950672646,0.954407294832827,0.649390243902439,0.445255474452555,0.243045387994143,0.217134416543575,0.678018575851393,0.0433482810164425,0.159879336349925,0.567732115677321,0.299079754601227,0.731634182908546,0.0438729198184569,0,0.0398773006134969,0.354391371340524,0.95447409733124,0.628224582701062,0.263392857142857,0.646433990895296,0.850746268656716,0.941616766467066,0.931357254290172,0.946319018404908,0.96551724137931,0.962848297213622,0.563748079877112,0.442249240121581,0.95679012345679,0.0500736377025037,0.0513950073421439,0.851226993865031,0.00900900900900901,0.959214501510574,0.933933933933934,0,0.154205607476636,0,0.926267281105991,0,0.94081942336874,0.94969512195122,0.0491071428571429,0.823439878234399,0.963800904977376,0.6453125,0.614329268292683,0.850539291217257,0,0,0.90251572327044,0.908695652173913,0.955156950672646,0,0,0.0343213728549142,0.271916790490342,0.535987748851455,0,0.478787878787879,0,0.901081916537867,0.955521472392638,0.19815668202765,0.266766020864382,0,0.372274143302181,0.599085365853659,0.841628959276018,0.929098966026588,0.760606060606061,0.0478325859491779,0.954898911353033,0.018348623853211,0.957613814756672,0,0.949177877428999,0.00921658986175115,0.958461538461538,0.0666666666666667,0.0390015600624025,0,0,0.809954751131222,0.983050847457627,0.902694610778443,0.729166666666667,0.0695266272189349,0.0459418070444104,0.805471124620061,0.818181818181818,0,0.0560606060606061,0.940548780487805,0,0.948757763975155,0.92089552238806,0.108270676691729,0.0408472012102874,0.0407239819004525,0.956390977443609,0.484709480122324,0.10806697108067,0.131578947368421,0.157337367624811,0.724349157733537,0.130105900151286,0.96319018404908,0,0.788753799392097,0.974777448071217,0.00461538461538462,0,0.0424597364568082,0,0.048411497730711,0.957251908396947,0.738461538461539,0.045662100456621,0.0472560975609756,0.562790697674419,0.920436817472699,0.471025260029718,0.0497737556561086,0.0453125,0.0589147286821705,0.0212121212121212,0,0.0588235294117647,0.0457227138643068,0.047040971168437,0.0561299852289513,0.0384047267355982,0.0511627906976744,0.0591805766312595,0.0568862275449102,0.0180722891566265,0.00775193798449612,0.024132730015083,0.0223880597014925,0.0601503759398496,0.0472560975609756,0.0196969696969697,0.043343653250774,0.0424886191198786,0.0467289719626168,0.0482654600301659,0.0252225519287834,0.0424886191198786,0.0803030303030303,0.0502215657311669,0.0422960725075529
"552",0.0820433436532508,0.0884146341463415,0.108761329305136,0.151326053042122,0.0942812982998454,0.0883720930232558,0.174183514774495,0.113003095975232,0.0807174887892377,0,0.0854961832061069,0,0.531437125748503,0.0839813374805599,0.901840490797546,0.911544227886057,0,0.0015527950310559,0.0822981366459627,0.0963302752293578,0.793313069908815,0.902053712480253,0.0895295902883156,0,0.127080181543116,0.801857585139319,0.833333333333333,0.0845070422535211,0.558867362146051,0.362275449101796,0.917541229385307,0.393712574850299,0.301538461538462,0.670229007633588,0,0.086890243902439,0.00453857791225416,0.087797619047619,0.729411764705882,0.173192771084337,0,0,0,0.0874233128834356,0.296529968454259,0.907668231611894,0.566615620214395,0.91131498470948,0.547337278106509,0.830584707646177,0,0.0824427480916031,0.722560975609756,0.0851393188854489,0.176656151419558,0.786377708978328,0,0.105343511450382,0.110429447852761,0.181681681681682,0.667166416791604,0.589312977099237,0.917701863354037,0,0.189358372456964,0.24886191198786,0,0.0906344410876133,0,0.91271056661562,0.199395770392749,0.909509202453988,0.915384615384615,0.081570996978852,0,0.358630952380952,0.875562218890555,0.478658536585366,0.18266253869969,0.7264,0,0.380809595202399,0.862595419847328,0.0809160305343511,0.828787878787879,0.168168168168168,0.0800604229607251,0.106060606060606,0.112781954887218,0,0.0950155763239875,0.0811638591117917,0,0,0.105990783410138,0,0.687218045112782,0.106544901065449,0,0,0.43247344461305,0,0.703416149068323,0.0817901234567901,0.844444444444444,0.0830721003134796,0,0.110260336906585,0.928353658536585,0.912772585669782,0.906485671191554,0.156589147286822,0.667687595712098,0.0893682588597843,0,0.0910470409711684,0.375375375375375,0,0.916666666666667,0.745038167938931,0,0.31937984496124,0.741935483870968,0.851030110935024,0.103030303030303,0.806596701649175,0.0857142857142857,0.0867579908675799,0,0.483483483483483,0.14175654853621,0.520376175548589,0.100313479623824,0,0.0816640986132511,0.908682634730539,0,0.770642201834862,0.453435114503817,0.525902668759812,0,0,0.102874432677761,0.313846153846154,0.825196850393701,0.0883720930232558,0.916666666666667,0.14525993883792,0.604068857589984,0.0896860986547085,0.809006211180124,0.0910470409711684,0.0778816199376947,0.23134328358209,0.0832072617246596,0.916795069337442,0.0854961832061069,0.92093023255814,0,0.33026113671275,0.216617210682493,0.104863221884498,0.905829596412556,0,0.0900900900900901,0.577399380804954,0.0881410256410256,0.0816023738872404,0.0842105263157895,0.667655786350148,0.103186646433991,0.920367534456355,0.126676602086438,0.92548435171386,0.184899845916795,0.709090909090909,0,0.101978691019787,0,0.234493192133132,0.0729813664596273,0.834355828220859,0.109756097560976,0.117021276595745,0.0961538461538462,0.0950226244343891,0.854572713643178,0.626323751891074,0.146687697160883,0.1390625,0.885802469135803,0.920367534456355,0.0981308411214953,0.204855842185129,0,0,0.706422018348624,0,0.0833333333333333,0.710682492581602,0.191358024691358,0.317220543806647,0.0898203592814371,0.580398162327718,0.5790273556231,0.697347893915757,0.161094224924012,0.116385911179173,0.206373292867982,0,0.201192250372578,0.798107255520505,0.127692307692308,0.916918429003021,1,0.510046367851623,0.0993788819875776,0.100903614457831,0.252663622526636,0.0832049306625578,0.186830015313936,0,0.996932515337423,0.415915915915916,0.0861538461538462,0,0.0920060331825038,0.0948148148148148,0.493939393939394,0.479452054794521,0.0980091883614089,0.0897637795275591,0.63969465648855,0,0.176557863501484,0.527863777089783,0.0926216640502355,0.919452887537994,0.113905325443787,0.0811232449297972,0.0808383233532934,0.135176651305684,0.493253373313343,0.915254237288136,0.0963302752293578,0.527488855869242,0.914074074074074,0.912462908011869,0.767801857585139,0.920610687022901,0.81733746130031,0.375748502994012,0.920489296636086,0.916286149162861,0.91566265060241,0.448795180722892,0.899212598425197,0.0949464012251149,0,0.917956656346749,0,0.737730061349693,0.0842433697347894,0.102134146341463,0.180995475113122,0,0.211746522411128,0.228826151560178,0.392694063926941,0.471299093655589,0.631498470948012,0.537750385208012,0,0.0674846625766871,0.847201210287443,0.376744186046512,0.113671274961598,0.912254160363086,0.308049535603715,0.928134556574923,0.841945288753799,0.0863095238095238,0.088785046728972,0.170542635658915,0,0.393343419062027,0.180555555555556,0,0.917293233082707,0.167664670658683,0.0998463901689708,0,0.918586789554531,0.916666666666667,0.0973724884080371,0.206201550387597,0.911811023622047,0,0.636913767019667,0.0902021772939347,0.288690476190476,0.60546282245827,0.406832298136646,0.12125748502994,0.918429003021148,0.091044776119403,0.0777439024390244,0.919575113808801,0.110429447852761,0.0845921450151057,0.107255520504732,0.0858433734939759,0.80184331797235,0.681268882175227,0.706422018348624,0.100156494522692,0.149842271293375,0.00451807228915663,0.70750382848392,0.103500761035008,0.847560975609756,0.672540381791483,0.0924242424242424,0.0872894333843798,0.115501519756839,0.383045525902669,0.0746268656716418,0.722049689440994,0.109792284866469,0.0801232665639445,0,0.691842900302115,0.490595611285266,0.907012195121951,0.00299850074962519,0.914670658682635,0.170694864048338,0.895136778115502,0.927710843373494,0,0.775757575757576,0.0931297709923664,0.86280487804878,0.0998439937597504,0.107197549770291,0.0834621329211747,0.709230769230769,0.708527131782946,0.393846153846154,0.568720379146919,0,0.243865030674847,0.905829596412556,0.901785714285714,0.76969696969697,0.0794392523364486,0.91350531107739,0,0.672782874617737,0.904255319148936,0.902325581395349,0.610015174506829,0.0829493087557604,0.715596330275229,0.0824088748019017,0.121684867394696,0,0.0886262924667651,0.914925373134328,0.0900900900900901,0.24390243902439,0.082018927444795,0.906344410876133,0.114114114114114,0.9209726443769,0.193251533742331,0.358024691358025,0.143072289156627,0.0937972768532526,0.0795107033639144,0.707692307692308,0.120243531202435,0.0876132930513595,0.9150521609538,0.899848254931715,0.0781010719754977,0.0853658536585366,0.663141993957704,0.188650306748466,0.113924050632911,0.134351145038168,0.0848484848484849,0,0.837753510140406,0.0876923076923077,0.915254237288136,0,0.109907120743034,0,0.898617511520737,0.0801815431164902,0.103076923076923,0,0.414893617021277,0.665639445300462,0.0950155763239875,0.916666666666667,0.208333333333333,0.0793157076205288,0.645801526717557,0.432926829268293,0.288819875776398,0,0.814024390243902,0.0949367088607595,0.0910470409711684,0.632218844984802,0.0772727272727273,0.101426307448494,0.908536585365854,0,0.104633781763827,0.0902140672782875,0.131901840490798,0.391238670694864,0.919876733436055,0.221698113207547,0.772036474164134,0.7856,0,0.450617283950617,0.444615384615385,0.43161094224924,0,0.697709923664122,0.162327718223583,0.431784107946027,0.525449101796407,0.869047619047619,0,0,0.0782608695652174,0.101949025487256,0,0.154434250764526,0,0,0,0.0793157076205288,0,0.0849056603773585,0.280487804878049,0.51131221719457,0.0769230769230769,0,0,0.0857142857142857,0.120058565153734,0.352409638554217,0.922038980509745,0,0.182222222222222,0.440601503759398,0.0725075528700906,0.535060975609756,0.659056316590563,0,0.103030303030303,0.926100628930818,0.128086419753086,0.854517611026034,0,0.904129793510325,0.838709677419355,0.531847133757962,0.102564102564103,0,0.131147540983607,0.112291350531108,0.0804248861911988,0,0.870967741935484,0.128874388254486,0.915873015873016,0.0829562594268477,0.0911808669656203,0.93161094224924,0.0830815709969789,0.701649175412294,0.25609756097561,0.913109756097561,0.801857585139319,0.121987951807229,0,0.912977099236641,0.109774436090226,0.914728682170543,0.405864197530864,0.61171032357473,0,0.828313253012048,0.350308641975309,0.729770992366412,0.101515151515152,0.914156626506024,0.845112781954887,0.562401263823065,0.138187221396731,0.198813056379822,0.105343511450382,0.327131782945736,0,0.104790419161677,0.919939577039275,0.111791730474732,0.608763693270736,0.914580265095729,0.0766871165644172,0.0893682588597843,0.0815384615384615,0.44478527607362,0.0918674698795181,0.817764165390505,0.788018433179724,0.125188536953243,0.197226502311248,0,0,0.0855365474339036,0.147104851330203,0.911719939117199,0.0893682588597843,0.0878787878787879,0.646084337349398,0.141524105754277,0.324574961360124,0.184131736526946,0,0.106707317073171,0.664634146341463,0.0742424242424242,0.0763358778625954,0,0.421538461538462,0.104776579352851,0.916666666666667,0.381026438569207,0.616793893129771,0.283185840707965,0.389312977099237,0.11340206185567,1,0.0883720930232558,0.0854961832061069,0.103603603603604,0.687697160883281,0.822900763358779,0.0893939393939394,0.0787878787878788,0,0.291916167664671,0.567278287461774,0.717125382262997,0.324116743471582,0.0844854070660522,0.199692780337942,0.08649468892261,0.104545454545455,0.913385826771654,0,0.269230769230769,0.912977099236641,0.919575113808801,0.709923664122137,0,0.0938461538461538,0.166163141993958,0.0866261398176292,0.0870870870870871,0.993836671802773,0.921658986175115,0,0,0.799377916018662,0.848623853211009,0.813740458015267,0,0.920489296636086,0.0727272727272727,0.387724550898204,0.687116564417178,0.086687306501548,0.461538461538462,0.101851851851852,0.400602409638554,0.422960725075529,0,0.0882352941176471,0.623100303951368,0.537519142419602,0.155120481927711,0.0854572713643178,0.624048706240487,0,0.125190839694656,0.119940029985007,0,0.115097159940209,0.899390243902439,0.0989010989010989,0.572932330827068,0,0,0.519047619047619,0.257318952234206,0.913846153846154,0.81733746130031,0,0,0.324522760646109,0.914728682170543,0.0779014308426073,0.673684210526316,0.0866965620328849,0.909228441754917,0.605697151424288,0.714285714285714,0.213395638629283,0.844339622641509,0.909365558912387,0,0.886645962732919,0,0.0901033973412112,0.75314465408805,0.0983847283406755,0.92802450229709,0.07981220657277,0,0.56071964017991,0.575987841945289,0.0746268656716418,0,0.086232980332829,0,0.617784711388456,0.0990990990990991,0,0.395522388059701,0.1,0.331278890600925,0.131375579598145,0.895522388059702,0,0.0813253012048193,0.710526315789474,0,0.387537993920973,0.920471281296024,0.898379970544919,0.0762052877138414,0.0746500777604977,0.099702380952381,0.099388379204893,0.098613251155624,0,0.099388379204893,0,0.657657657657658,0.690909090909091,0.0869565217391304,0.0906298003072197,0.0934718100890208,0.0973053892215569,0.0329835082458771,0.909090909090909,0.0929133858267717,0.125567322239032,0.344827586206897,0.101515151515152,0.0804248861911988,0.104704097116844,0,0,0.10688140556369,0,0.990936555891239,0,0.126139817629179,0.695852534562212,0.796875,0.831070889894419,0.154083204930663,0,0.840735068912711,0.0783410138248848,0.0893682588597843,0.408950617283951,0.599415204678363,0.822840409956076,0.772189349112426,0.430359937402191,0.911411411411411,0.840361445783133,0.478461538461538,0.702909647779479,0.362951807228916,0.90937019969278,0,0.915384615384615,0.682588597842835,0.0750798722044728,0.39509954058193,0.75,0.434250764525994,0.209969788519637,0.0885885885885886,0.123630672926448,0.0945736434108527,0.0738461538461539,0.0829493087557604,0.490909090909091,0.60546282245827,0.0798771121351766,0.91740412979351,0.910846953937593,0.213960546282246,0,0.0819423368740516,0.108148148148148,0,0.839622641509434,0,0.127465857359636,0,0.101361573373676,0.0943683409436834,0.93562874251497,0.216257668711656,0.0805970149253731,0.382445141065831,0.418290854572714,0.194486983154671,0,0,0.145367412140575,0.135493372606775,0.0911854103343465,0,0,0.921417565485362,0.726865671641791,0.505263157894737,0,0.580645161290323,0,0.145705521472393,0.0853658536585366,0.783616692426584,0.835843373493976,0,0.652713178294574,0.479326186830015,0.209408194233687,0.105812220566319,0.301369863013699,0.917808219178082,0.0930599369085174,0.0828220858895705,0.0835913312693498,0,0.0936106983655275,0,0.0702028081123245,0.91566265060241,0.570754716981132,0,0,0.260211800302572,0.147465437788018,0.136842105263158,0.326409495548961,0.901197604790419,0.902476780185758,0.228310502283105,0.250741839762611,0,0.917431192660551,0.106646058732612,0,0.0950155763239875,0.115963855421687,0.867669172932331,0.00150602409638554,0.919330289193303,0.0758928571428571,0.563664596273292,1,0.965463108320251,0.821917808219178,0.378335949764521,0.846497764530551,0.0835866261398176,0,0.312788906009245,0.0945945945945946,0,0,0.910557184750733,0,0.924924924924925,0.0844645550527904,0.342679127725857,0.918586789554531,0.9125,0.497695852534562,0.11993769470405,0.585735963581184,0.00147275405007364,0.92093023255814,0.0401234567901235,0.00910470409711684,0,0.753105590062112,0.913946587537092,0.918960244648318,0.917664670658683,0.914414414414414,0.00154798761609907,0.00300751879699248,0.905120481927711,0.00758725341426404,0.0046875,0.0280811232449298,0.00603318250377074,0.00302571860816944,0.917417417417417,0.0104477611940299,0.923913043478261,0.921898928024502,0,0.905487804878049,0.0431547619047619,0.916918429003021,0.858231707317073,0.916053019145803,0.914893617021277
"553",0.980551053484603,0.982511923688394,0.969793322734499,0.926829268292683,0.973941368078176,0.983792544570502,0.89968152866242,0.967479674796748,0.979623824451411,0.0032626427406199,0.984301412872841,0.00323624595469256,0.572337042925278,0.981878088962109,0.055379746835443,0.0238095238095238,0.0031055900621118,0.0193548387096774,0.980230642504119,0.96998420221169,0.170886075949367,0.0473856209150327,0.977883096366509,0.00155763239875389,0.948635634028893,0.241830065359477,0.129392971246006,0.978653530377668,0.465408805031447,0.688783570300158,0.014218009478673,0.694136291600634,0.774350649350649,0.289099526066351,0.0016025641025641,0.982484076433121,0.0238095238095238,0.978125,0.271472392638037,0.895148669796557,0.00321543408360129,0.0174050632911392,0.00955414012738853,0.980676328502415,0.79,0.0360655737704918,0.513687600644122,0.0113636363636364,0.490683229813665,0.129082426127527,0.00315955766192733,0.977455716586151,0.267741935483871,0.980645161290323,0.895330112721417,0.173419773095624,0.0016260162601626,0.957377049180328,0.962962962962963,0.896,0.297770700636943,0.42902711323764,0.0163132137030995,0.00327868852459016,0.889070146818923,0.829113924050633,0.00159744408945687,0.97456279809221,0.0016,0.016260162601626,0.856012658227848,0.0193861066235864,0.0333333333333333,0.984520123839009,0.00158478605388273,0.716744913928013,0.062111801242236,0.568503937007874,0.90655737704918,0.284991568296796,0.00323101777059774,0.719936708860759,0.208137715179969,0.984202211690363,0.110047846889952,0.908227848101266,0.981042654028436,0.963665086887836,0.950558213716108,0.0157232704402516,0.972085385878489,0.980830670926518,0.00324675324675325,0.0032,0.965460526315789,0.00159235668789809,0.307210031347962,0.96984126984127,0.0111111111111111,0.0128410914927769,0.629746835443038,0.0016025641025641,0.291734197730956,0.988727858293076,0.115919629057187,0.982113821138211,0.0160771704180064,0.971246006389776,0.0130293159609121,0.0224719101123595,0.0234741784037559,0.919540229885057,0.346092503987241,0.975530179445351,0.00324675324675325,0.976415094339623,0.719551282051282,0.00315457413249211,0.0175438596491228,0.247172859450727,0.00315457413249211,0.768488745980707,0.253205128205128,0.0904684975767367,0.9625,0.161648177496038,0.978021978021978,0.979365079365079,0.00316957210776545,0.563897763578275,0.93030794165316,0.492753623188406,0.970636215334421,0.00319488817891374,0.978723404255319,0.0311526479750779,0.00314465408805031,0.219903691813804,0.616113744075829,0.538714991762768,0.00327332242225859,0.0033167495854063,0.96969696969697,0.7632,0.181666666666667,0.983739837398374,0.0211382113821138,0.9171875,0.417910447761194,0.976780185758514,0.140233722871452,0.968102073365231,0.983922829581994,0.828025477707006,0.985576923076923,0.0115321252059308,0.980830670926518,0.012779552715655,0.00318979266347687,0.750814332247557,0.88871473354232,0.9696,0.0391849529780564,0.00315457413249211,0.9859375,0.470684039087948,0.980707395498392,0.984101748807631,0.985826771653543,0.284603421461897,0.974643423137876,0.0161030595813204,0.943573667711599,0.0170807453416149,0.905750798722045,0.364928909952607,0.00318471337579618,0.976038338658147,0.00315457413249211,0.842443729903537,0.981132075471698,0.135265700483092,0.973228346456693,0.942006269592476,0.98145285935085,0.968553459119497,0.114649681528662,0.3890625,0.925,0.936102236421725,0.0606060606060606,0.0139968895800933,0.977309562398703,0.872274143302181,0.00156985871271586,0.00161290322580645,0.310177705977383,0.00318979266347687,0.982594936708861,0.26530612244898,0.887622149837134,0.744113029827316,0.978494623655914,0.439807383627608,0.441823899371069,0.297734627831715,0.917741935483871,0.950320512820513,0.899686520376176,0.0032,0.8688,0.189456342668863,0.930868167202572,0.0162074554294976,0.0699523052464229,0.544871794871795,0.975922953451043,0.966929133858268,0.831460674157303,0.984025559105431,0.87741935483871,0.00321543408360129,0.0744849445324881,0.668217054263566,0.980922098569157,0.00318979266347687,0.974763406940063,0.973684210526316,0.565286624203822,0.569875776397516,0.977309562398703,0.985221674876847,0.365539452495974,0.00324675324675325,0.898119122257053,0.536,0.965686274509804,0.0145631067961165,0.946957878315133,0.990322580645161,0.982704402515723,0.943910256410256,0.546310832025118,0.0127388535031847,0.966507177033493,0.534267912772586,0.0168453292496172,0.015600624024961,0.2,0.0178571428571429,0.160975609756098,0.678288431061807,0.0126984126984127,0.0204081632653061,0.0237717908082409,0.596850393700787,0.0493421052631579,0.967897271268058,0.0161550888529887,0.0111464968152866,0.00316455696202532,0.237012987012987,0.981996726677578,0.956591639871383,0.896825396825397,0.00314465408805031,0.894389438943894,0.857827476038339,0.694267515923567,0.6171875,0.457463884430177,0.461788617886179,0.0174050632911392,0.982113821138211,0.0995260663507109,0.71571906354515,0.961722488038278,0.0206022187004754,0.7504,0.014218009478673,0.126984126984127,0.987673343605547,0.982055464926591,0.900489396411093,0.00157232704402516,0.658841940532081,0.895934959349593,0.00316455696202532,0.015600624024961,0.906793048973144,0.974522292993631,0.00159235668789809,0.0156739811912226,0.0141509433962264,0.972624798711755,0.874592833876222,0.0130932896890344,0,0.398073836276083,0.986820428336079,0.796267496111975,0.402912621359223,0.672985781990521,0.946372239747634,0.0238095238095238,0.985981308411215,0.982649842271293,0.0229508196721311,0.955414012738854,0.982084690553746,0.960066555740433,0.979462875197472,0.181672025723473,0.328616352201258,0.288854003139717,0.971993410214168,0.929738562091503,0.0495207667731629,0.274636510500808,0.972447325769854,0.151419558359621,0.314728682170543,0.980645161290323,0.980738362760835,0.963022508038585,0.698205546492659,0.976635514018692,0.248788368336026,0.965299684542587,0.98389694041868,0.00320512820512821,0.32807570977918,0.570962479608483,0.0304,0.0492063492063492,0.0220125786163522,0.902555910543131,0.0476947535771065,0.00956937799043062,0.00310077519379845,0.220447284345048,0.975845410628019,0.0759493670886076,0.98,0.971518987341772,0.978653530377668,0.296596434359805,0.298831385642738,0.665594855305466,0.475083056478405,0.00157977883096367,0.803514376996805,0.0280811232449298,0.0481366459627329,0.20414673046252,0.981937602627258,0.0157728706624606,0.00315457413249211,0.3408,0.0253968253968254,0.033003300330033,0.49047619047619,0.981996726677578,0.297385620915033,0.978333333333333,0.94888178913738,0.00318471337579618,0.982998454404946,0.009375,0.979719188767551,0.813311688311688,0.983552631578947,0.0209339774557166,0.965625,0.0157977883096366,0.871019108280255,0.724919093851133,0.939873417721519,0.977917981072555,0.977235772357724,0.300319488817891,0.95,0.982839313572543,0.0125,0.032051282051282,0.978827361563518,0.980738362760835,0.338632750397456,0.874403815580286,0.955074875207987,0.941269841269841,0.985981308411215,0.0016366612111293,0.116584564860427,0.979462875197472,0.0127591706539075,0.0032626427406199,0.962903225806452,0.0112359550561798,0.0592948717948718,0.979623824451411,0.968253968253968,0.00801282051282051,0.64297253634895,0.408130081300813,0.977309562398703,0.0130932896890344,0.860353130016051,0.983525535420099,0.365105008077544,0.6096,0.794498381877023,0.00161550888529887,0.16984126984127,0.970588235294118,0.9824,0.4432,0.983974358974359,0.961148648648649,0.0402576489533011,0.0032,0.971653543307087,0.9824,0.949675324675325,0.681388012618297,0.0224358974358974,0.889430894308943,0.242811501597444,0.181972789115646,0.00958466453674121,0.608414239482201,0.604878048780488,0.635930047694754,0.00316957210776545,0.305785123966942,0.918269230769231,0.621019108280255,0.530708661417323,0.0838509316770186,0.00314465408805031,0.00308641975308642,0.984848484848485,0.954758190327613,0.00156739811912226,0.92822966507177,0.0130081300813008,0.0031496062992126,0.00328407224958949,0.982343499197432,0.00159235668789809,0.98546042003231,0.782958199356913,0.5453125,0.984276729559748,0.00327868852459016,0.00163398692810458,0.983922829581994,0.9515625,0.715179968701095,0.0125588697017268,0.0032520325203252,0.88871473354232,0.612954186413902,0.982286634460548,0.520833333333333,0.353503184713376,0.00317460317460317,0.967136150234742,0.016366612111293,0.952,0.103338632750397,0.00316957210776545,0.0217054263565891,0.117174959871589,0.48135593220339,0.955696202531646,0.00318471337579618,0.946957878315133,0.966613672496025,0.984,0.00319488817891374,0.0806451612903226,0.91864406779661,0.0133779264214047,0.985804416403785,0.983050847457627,0.0256821829855538,0.982511923688394,0.313195548489666,0.808988764044944,0.0225806451612903,0.180781758957655,0.951768488745981,0.012987012987013,0.0160513643659711,0.972972972972973,0.023489932885906,0.662337662337662,0.390163934426229,0.00317460317460317,0.122257053291536,0.748776508972268,0.267628205128205,0.966346153846154,0.0174880763116057,0.159489633173844,0.460236886632826,0.929577464788732,0.886255924170616,0.950080515297907,0.727564102564103,0.00164744645799012,0.967238689547582,0.0140845070422535,0.954619124797407,0.401639344262295,0.0138248847926267,0.985804416403785,0.984051036682616,0.982258064516129,0.627009646302251,0.973270440251572,0.133768352365416,0.203525641025641,0.936995153473344,0.894736842105263,0.0031104199066874,0.00163132137030995,0.97752808988764,0.929738562091503,0.0290322580645161,0.983974358974359,0.979365079365079,0.378594249201278,0.925806451612903,0.734527687296417,0.894654088050314,0.0015600624024961,0.955484896661367,0.341894060995185,0.987301587301587,0.98546042003231,0.00311526479750779,0.643207855973813,0.969305331179321,0.0146818923327896,0.689034369885434,0.393312101910828,0.78858024691358,0.694533762057878,0.945652173913043,0.0883720930232558,1,0.980952380952381,0.970967741935484,0.301482701812191,0.102893890675241,0.982343499197432,0.985781990521327,0.0124031007751938,0.785714285714286,0.461172741679873,0.282334384858044,0.784251968503937,0.980769230769231,0.87800963081862,0.982731554160126,0.13946117274168,0.00988467874794069,0.0031201248049922,0.830128205128205,0.0147783251231527,0.0143312101910828,0.287081339712919,0.0032626427406199,0.974481658692185,0.914826498422713,0.987240829346092,0.982731554160126,0.0950080515297907,0.0162866449511401,0.0031055900621118,0.0032258064516129,0.172077922077922,0.0889967637540453,0.160194174757282,0.00158730158730159,0.0157728706624606,0.980952380952381,0.0172413793103448,0.317307692307692,0.983792544570502,0.596747967479675,0.964110929853181,0.677672955974843,0.646129541864139,0.00157728706624606,0.979938271604938,0.40327868852459,0.502407704654896,0.938679245283019,0.976152623211447,0.398089171974522,0.0127591706539075,0.946372239747634,0.947619047619048,0.00160771704180064,0.952830188679245,0.0235849056603774,0.97504159733777,0.443037974683544,0.00162337662337662,0.0127388535031847,0.528735632183908,0.852700490998363,0.0126984126984127,0.155228758169935,0.0159235668789809,0.00327332242225859,0.754276827371695,0.0418006430868167,0.986463620981388,0.343898573692552,0.988976377952756,0.00938967136150235,0.376377952755906,0.316912972085386,0.887070376432079,0.105436573311367,0.014218009478673,0.00318471337579618,0.0540098199672668,0.00321027287319422,0.978260869565217,0.0491803278688525,0.975193798449612,0.016,0.982229402261712,0.00317460317460317,0.520186335403727,0.457735247208931,0.985645933014354,0.00165562913907285,0.985781990521327,0.0032520325203252,0.416803953871499,0.972179289026275,0.0032,0.674528301886792,0.979166666666667,0.731825525040388,0.949180327868852,0.0498442367601246,0.00322061191626409,0.984076433121019,0.274959083469722,0.00315457413249211,0.697305863708399,0.0154320987654321,0.0315457413249211,0.983739837398374,0.985245901639344,0.976190476190476,0.955665024630542,0.965909090909091,0.00321027287319422,0.96,0.0285714285714286,0.355905511811024,0.298887122416534,0.9792663476874,0.977564102564103,0.9792,0.981102362204724,0.059190031152648,0.0300632911392405,0.976973684210526,0.952830188679245,0.703296703296703,0.963258785942492,0.980982567353407,0.96984126984127,0.00309597523219814,0.00317460317460317,0.963020030816641,0.00314465408805031,0.0764430577223089,0.00158730158730159,0.947452229299363,0.292880258899676,0.209225700164745,0.125588697017268,0.914893617021277,0.00325732899022801,0.118022328548644,0.984025559105431,0.981072555205047,0.662420382165605,0.419601837672282,0.230182926829268,0.191153238546603,0.638263665594855,0.0127591706539075,0.129186602870813,0.55591054313099,0.265273311897106,0.687203791469194,0.0224,0.00316957210776545,0.012924071082391,0.330065359477124,0.980165289256198,0.642969984202212,0.23963133640553,0.6032,0.893915756630265,0.969745222929936,0.954924874791319,0.963993453355156,0.985365853658537,0.982343499197432,0.56687898089172,0.43581616481775,0.981132075471698,0.0201550387596899,0.0204724409448819,0.895330112721417,0.017515923566879,0.982456140350877,0.960753532182104,0.00321543408360129,0.115131578947368,0.00158982511923688,0.940418679549114,0.00163934426229508,0.962441314553991,0.984025559105431,0.0192307692307692,0.838915470494418,0.98125,0.666666666666667,0.624801271860095,0.882539682539683,0.00157728706624606,0.00323624595469256,0.929530201342282,0.941448382126348,0.979397781299525,0.00309119010819165,0,0.0132450331125828,0.231378763866878,0.499205087440382,0.00322061191626409,0.461538461538462,0.0016025641025641,0.926590538336052,0.984025559105431,0.169871794871795,0.24483306836248,0.00309119010819165,0.363047001620746,0.580487804878049,0.849514563106796,0.961119751166407,0.772727272727273,0.0111821086261981,0.978930307941653,0.0227642276422764,0.986820428336079,0.00162337662337662,0.976671850699845,0.00956937799043062,0.983686786296901,0.0326797385620915,0.0209677419354839,0.00321543408360129,0.0032626427406199,0.828025477707006,0.915171288743883,0.943127962085308,0.709828393135725,0.0358814352574103,0.0239234449760766,0.82670906200318,0.809076682316119,0.0032626427406199,0.0282131661442006,0.955414012738854,0,0.970779220779221,0.957345971563981,0.0740740740740741,0.042654028436019,0.0176565008025682,0.981132075471698,0.484502446982055,0.0818619582664527,0.105436573311367,0.1264,0.695581014729951,0.0900473933649289,0.984177215189873,0.00324675324675325,0.762738853503185,0.968454258675079,0.00648298217179903,0.00315955766192733,0.0138248847926267,0.00163398692810458,0.0172955974842767,0.985483870967742,0.71334431630972,0.0112721417069243,0.016,0.554471544715447,0.966019417475728,0.431279620853081,0.0543130990415335,0.0146818923327896,0.0554649265905383,0.0220125786163522,0.00316957210776545,0.0434782608695652,0.021671826625387,0.0111464968152866,0.02660406885759,0.0108864696734059,0.0504885993485342,0.0571428571428571,0.0306946688206785,0.0240770465489567,0.00496688741721854,0.0317460317460317,0.0287081339712919,0.0579937304075235,0.0210355987055016,0.0252764612954186,0.0148026315789474,0.0161550888529887,0.0528052805280528,0.0205696202531646,0.0309597523219814,0.0156985871271586,0.0544871794871795,0.015552099533437,0.0127591706539075
"554",1,1,0.96793893129771,0.939393939393939,0.985781990521327,1,0.897476340694006,0.972093023255814,1,0,1,0,0.580495356037152,1,0.0422535211267606,0.0093167701863354,0,0.0189873417721519,1,0.981220657276995,0.15625,0.0373983739837398,0.987577639751553,0,0.953416149068323,0.260530421216849,0.108695652173913,0.993610223642173,0.464615384615385,0.698315467075038,0,0.70440251572327,0.773524720893142,0.289269051321928,0,1,0.0197568389057751,0.995481927710843,0.264487369985141,0.90077519379845,0.0015600624024961,0.02,0.00766871165644172,1,0.771065182829889,0.0205047318611987,0.514240506329114,0,0.473363774733638,0.138931297709924,0,0.993769470404984,0.270897832817337,1,0.889763779527559,0.161949685534591,0,0.977987421383648,0.959564541213064,0.909647779479326,0.299539170506912,0.438080495356037,0,0,0.886970172684458,0.830745341614907,0,0.987596899224806,0,0,0.859784283513097,0.0062111801242236,0.0155038759689922,1,0,0.705792682926829,0.0416024653312789,0.582554517133956,0.894819466248038,0.279220779220779,0,0.710122699386503,0.2178517397882,0.998466257668712,0.117465224111283,0.908536585365854,0.995305164319249,0.964451313755796,0.970542635658915,0.0120481927710843,0.9859375,1,0,0,0.97456279809221,0,0.28816199376947,0.981651376146789,0.00927357032457496,0.0110410094637224,0.622641509433962,0,0.29093799682035,1,0.0964777947932619,1,0.0109034267912773,0.974803149606299,0,0.00625,0.0093167701863354,0.908227848101266,0.335413416536661,0.990580847723705,0,0.986111111111111,0.708206686930091,0,0,0.233176838810642,0,0.769230769230769,0.240249609984399,0.0825242718446602,0.975039001560062,0.148377125193199,0.996946564885496,0.995334370139969,0,0.557299843014129,0.933333333333333,0.482539682539683,0.990610328638498,0,0.995207667731629,0.0228310502283105,0,0.207874015748031,0.637770897832817,0.524720893141946,0,0,0.978527607361963,0.759873617693523,0.179365079365079,1,0.00778816199376947,0.927692307692308,0.42246835443038,0.98030303030303,0.134185303514377,0.984567901234568,1,0.846635367762128,0.996932515337423,0,1,0,0,0.736507936507937,0.865558912386707,0.98,0.0168195718654434,0,1,0.4464,1,1,1,0.290769230769231,0.979591836734694,0,0.949152542372881,0,0.895569620253165,0.363494539781591,0,0.981220657276995,0,0.851393188854489,1,0.115085536547434,0.981424148606811,0.950693374422188,0.992537313432836,0.975384615384615,0.0914728682170543,0.384266263237519,0.925984251968504,0.940438871473354,0.057542768273717,0.00467289719626168,0.979299363057325,0.861280487804878,0,0,0.2921875,0.00157232704402516,1,0.254573170731707,0.876777251184834,0.765069551777434,0.990936555891239,0.432558139534884,0.438271604938272,0.292452830188679,0.920634920634921,0.968701095461659,0.873668188736682,0,0.877138413685848,0.176565008025682,0.951923076923077,0,0.0659509202453988,0.542319749216301,0.976958525345622,0.981651376146789,0.827371695178849,1,0.892913385826772,0,0.0733229329173167,0.652777777777778,0.996810207336523,0,0.990769230769231,0.981900452488688,0.55748031496063,0.55205047318612,0.988941548183254,1,0.362204724409449,0,0.888888888888889,0.52373417721519,0.969648562300319,0,0.958966565349544,0.998407643312102,1,0.952681388012618,0.532507739938081,0.00158982511923688,0.968798751950078,0.536923076923077,0.00454545454545455,0.00151515151515152,0.200312989045383,0,0.152,0.678353658536585,0,0.00308166409861325,0.00459418070444104,0.582822085889571,0.0384,0.985915492957746,0.0126182965299685,0,0,0.220125786163522,1,0.978193146417445,0.902973395931142,0,0.875,0.847692307692308,0.686520376175549,0.601866251944012,0.458135860979463,0.455538221528861,0.0121396054628225,1,0.0902140672782875,0.703525641025641,0.959375,0.00924499229583975,0.741140215716487,0.0015527950310559,0.114551083591331,1,1,0.892063492063492,0,0.646879756468798,0.884493670886076,0,0,0.89618320610687,0.979495268138801,0,0.00153846153846154,0.00152671755725191,0.98256735340729,0.884858044164038,0,0,0.393135725429017,0.992150706436421,0.795698924731183,0.4,0.661392405063291,0.964723926380368,0.0077639751552795,1,1,0.0078125,0.970358814352574,1,0.972712680577849,0.996904024767802,0.180685358255452,0.317073170731707,0.283720930232558,0.976114649681529,0.954471544715447,0.0525502318392581,0.265079365079365,0.973186119873817,0.151840490797546,0.307458143074581,0.995348837209302,0.996850393700787,0.968798751950078,0.689655172413793,0.996937212863706,0.246445497630332,0.964669738863287,0.996870109546166,0,0.323170731707317,0.55607476635514,0.0141287284144427,0.0554699537750385,0.00606980273141123,0.921174652241113,0.0262751159196291,0,0,0.226006191950464,0.992223950233281,0.0758513931888545,0.987075928917609,0.96998420221169,0.989113530326594,0.281446540880503,0.281505728314239,0.67601246105919,0.467741935483871,0,0.817764165390505,0.0107361963190184,0.0415384615384615,0.196646341463415,1,0.00153846153846154,0,0.329192546583851,0.0107033639143731,0.0248062015503876,0.488888888888889,1,0.275590551181102,1,0.970031545741325,0,0.994082840236686,0,0.998477929984779,0.832550860719875,1,0.0125984251968504,0.976887519260401,0,0.87673343605547,0.7136,0.946401225114854,0.987748851454824,0.996908809891808,0.282608695652174,0.963665086887836,1,0,0.0235109717868339,1,1,0.329721362229102,0.878274268104777,0.964401294498382,0.955246913580247,1,0,0.121451104100946,1,0.0015625,0,0.965354330708661,0.0126782884310618,0.0442338072669826,1,0.966929133858268,0.0046875,0.630672926447574,0.428129829984544,0.987158908507223,0.00161550888529887,0.877388535031847,0.998422712933754,0.360890302066773,0.599374021909233,0.783489096573209,0,0.154205607476636,0.973101265822785,0.998459167950693,0.449230769230769,1,0.968595041322314,0.0266457680250784,0,0.987823439878234,0.995305164319249,0.948275862068966,0.694444444444444,0.00771604938271605,0.862776025236593,0.227692307692308,0.175324675324675,0.00783699059561128,0.615748031496063,0.600614439324117,0.601538461538462,0,0.282988871224165,0.909233176838811,0.640122511485452,0.516975308641975,0.0749625187406297,0,0,1,0.974474474474474,0,0.920062695924765,0.0111287758346582,0,0,0.998420221169036,0,1,0.779160186625194,0.521212121212121,1,0,0,0.992150706436421,0.968562874251497,0.729393468118196,0,0.00321027287319422,0.881901840490798,0.597243491577335,1,0.535768645357686,0.355694227769111,0,0.981481481481482,0,0.963949843260188,0.0873634945397816,0,0.00907715582450832,0.115444617784711,0.477491961414791,0.975,0,0.951145038167939,0.975460122699387,1,0,0.0681458003169572,0.936274509803922,0.00486223662884927,1,1,0.00783699059561128,1,0.295031055900621,0.807987711213518,0.00941915227629513,0.162204724409449,0.96513470681458,0.0110062893081761,0,0.976816074188563,0.00634920634920635,0.658767772511848,0.379527559055118,0,0.115030674846626,0.744408945686901,0.25920245398773,0.9796875,0,0.144186046511628,0.456168831168831,0.955589586523737,0.889400921658986,0.96513470681458,0.742589703588144,0,0.978527607361963,0,0.966929133858268,0.395866454689984,0,1,1,1,0.625786163522013,0.986046511627907,0.122065727699531,0.18740157480315,0.944186046511628,0.872699386503067,0,0,0.993640699523052,0.940894568690096,0.0156985871271586,0.984227129337539,0.993759750390016,0.362790697674419,0.93015873015873,0.727272727272727,0.891603053435114,0,0.968404423380727,0.331738437001595,1,1,0,0.636650868878357,0.973186119873817,0,0.681318681318681,0.382215288611544,0.806646525679758,0.676100628930818,0.957575757575758,0.0854961832061069,0.980952380952381,1,0.979907264296754,0.296,0.087962962962963,0.993827160493827,1,0.0093167701863354,0.771121351766513,0.4484375,0.260869565217391,0.775351014040562,1,0.895475819032761,1,0.130434782608696,0,0,0.819032761310452,0.00312989045383412,0,0.274143302180685,0,0.993846153846154,0.914373088685015,0.998449612403101,0.995384615384615,0.0910518053375196,0,0,0,0.167202572347267,0.0784929356357928,0.153238546603476,0,0,1,0.00764525993883792,0.28680981595092,1,0.585253456221198,0.973354231974922,0.646875,0.633996937212864,0,1,0.394944707740916,0.498412698412698,0.918711656441718,0.989345509893455,0.393518518518519,0.0109204368174727,0.959501557632399,0.963302752293578,0,0.967741935483871,0.0182648401826484,0.984,0.436335403726708,0,0.00933125972006221,0.513029315960912,0.842767295597484,0,0.136075949367089,0.0123839009287926,0.00161030595813205,0.750378214826021,0.0203442879499218,1,0.314589665653495,0.995405819295559,0,0.371340523882897,0.320433436532508,0.868462757527734,0.0932475884244373,0.00462962962962963,0.00308166409861325,0.0423197492163009,0,0.996965098634294,0.0340356564019449,0.980421686746988,0.00476947535771065,1,0,0.523520485584218,0.462132921174652,1,0,0.998468606431853,0,0.403174603174603,0.987673343605547,0,0.651305683563748,0.981072555205047,0.746875,0.951026856240126,0.0411585365853659,0,1,0.263823064770932,0,0.69218989280245,0,0.0170278637770898,1,1,0.992343032159265,0.975116640746501,0.986003110419907,0,0.978227060653188,0.0229709035222052,0.350850077279753,0.289473684210526,0.993740219092332,0.993827160493827,0.993948562783661,0.99075500770416,0.0636645962732919,0.0140405616224649,0.988673139158576,0.964615384615385,0.723664122137405,0.98468606431853,1,0.97191887675507,0,0,0.983333333333333,0,0.0690184049079755,0,0.954968944099379,0.2752,0.20440251572327,0.121538461538462,0.932069510268562,0,0.108359133126935,1,1,0.64576802507837,0.41506646971935,0.224368499257058,0.190909090909091,0.651017214397496,0,0.111455108359133,0.550632911392405,0.262166405023548,0.706240487062405,0.00934579439252336,0,0,0.318327974276527,1,0.641304347826087,0.234138972809668,0.620689655172414,0.878648233486943,0.989393939393939,0.963081861958267,0.982456140350877,1,0.998412698412698,0.562009419152276,0.423255813953488,0.998425196850394,0.0045045045045045,0.00918836140888208,0.875195007800312,0.0122511485451761,1,0.972179289026275,0,0.11525974025974,0,0.956589147286822,0,0.972477064220184,1,0.00615384615384615,0.84458398744113,1,0.644444444444444,0.619195046439629,0.882352941176471,0,0,0.93517017828201,0.946745562130177,0.989164086687306,0,0,0,0.235735735735736,0.498456790123457,0,0.44945567651633,0,0.924646781789639,1,0.152139461172742,0.246554364471669,0,0.349453978159126,0.585173501577287,0.858895705521472,0.963800904977376,0.787365177195686,0,0.990461049284579,0.0124031007751938,1,0,0.984894259818731,0.00928792569659443,1,0.0187207488299532,0.00964630225080386,0,0,0.818461538461538,0.92822966507177,0.94435857805255,0.716236722306525,0.0213089802130898,0.0062992125984252,0.834645669291339,0.826283987915408,0,0.015748031496063,0.965785381026439,0,0.985714285714286,0.955725190839695,0.0569620253164557,0.0416024653312789,0.00153846153846154,1,0.481191222570533,0.0758513931888545,0.104,0.12,0.695859872611465,0.102290076335878,1,0,0.765923566878981,0.978395061728395,0.00473186119873817,0,0,0,0,1,0.712025316455696,0,0,0.547619047619048,0.953198127925117,0.432307692307692,0.0493827160493827,0.00159235668789809,0.0523809523809524,0.0187793427230047,0,0.0285714285714286,0.00614439324116743,0.00158227848101266,0.0107033639143731,0,0.0458860759493671,0.058641975308642,0.012326656394453,0.0223285486443381,0.00476947535771065,0.0265625,0.0258358662613982,0.0572755417956656,0.00783699059561128,0.021671826625387,0,0.00158227848101266,0.0440251572327044,0.00630914826498423,0.0228658536585366,0,0.0312989045383412,0.00150375939849624,0.0015625
"555",0.9826224328594,0.98145285935085,0.984639016897081,0.950479233226837,0.985691573926868,0.982484076433121,0.911949685534591,0.981337480559876,0.980122324159021,0,0.981366459627329,0,0.600624024960998,0.982428115015974,0.055205047318612,0.0282574568288854,0,0.00941915227629513,0.981132075471698,0.965625,0.181114551083591,0.0479233226837061,0.968992248062015,0,0.943768996960486,0.281889763779528,0.131375579598145,0.970172684458399,0.488584474885845,0.712307692307692,0.0200927357032458,0.712480252764613,0.790322580645161,0.307332293291732,0,0.981191222570533,0.0152439024390244,0.978260869565217,0.278026905829596,0.895454545454546,0.0015748031496063,0.0108191653786708,0.00305343511450382,0.977777777777778,0.802610114192496,0.0380952380952381,0.531347962382445,0.0171875,0.485496183206107,0.154545454545455,0,0.979559748427673,0.2921875,0.978361669242658,0.895148669796557,0.1728,0,0.958466453674121,0.966049382716049,0.921898928024502,0.328173374613003,0.447530864197531,0.0173775671406003,0,0.892455858747994,0.829007633587786,0,0.968798751950078,0,0.0188087774294671,0.849462365591398,0.0276497695852535,0.0345368916797488,0.980091883614089,0,0.737327188940092,0.066358024691358,0.579937304075235,0.917851500789889,0.275577557755776,0,0.729071537290715,0.231003039513678,0.980122324159021,0.135093167701863,0.920489296636086,0.975077881619938,0.969183359013868,0.955589586523737,0.00910470409711684,0.970031545741325,0.97542242703533,0,0,0.970125786163522,0,0.325688073394495,0.973886328725038,0.00467289719626168,0.0046656298600311,0.643302180685358,0,0.302694136291601,0.980982567353407,0.11890243902439,0.982371794871795,0.00784929356357928,0.98145285935085,0.0189873417721519,0.0221518987341772,0.027906976744186,0.920508744038156,0.351851851851852,0.975232198142415,0,0.987748851454824,0.726153846153846,0,0.0200617283950617,0.227769110764431,0,0.803858520900322,0.264705882352941,0.0947030497592295,0.96583850931677,0.162538699690402,0.974124809741248,0.983024691358025,0,0.569659442724458,0.947867298578199,0.493650793650794,0.969793322734499,0,0.977848101265823,0.0410334346504559,0,0.231132075471698,0.636942675159236,0.543689320388349,0,0,0.976816074188563,0.767405063291139,0.18370607028754,0.977952755905512,0.0280811232449298,0.93343653250774,0.428343949044586,0.980152671755725,0.150159744408946,0.973846153846154,0.977812995245642,0.838461538461538,0.9796875,0.0191387559808612,0.979813664596273,0.023696682464455,0,0.753205128205128,0.890225563909774,0.970496894409938,0.0417956656346749,0,0.981424148606811,0.4688,0.982200647249191,0.978294573643411,0.983024691358025,0.313935681470138,0.982839313572543,0.0218408736349454,0.978755690440061,0.0211480362537764,0.921011058451817,0.39906103286385,0,0.972434915773354,0,0.85202492211838,0.978294573643411,0.150078988941548,0.976671850699845,0.935185185185185,0.973053892215569,0.959564541213064,0.110764430577223,0.391975308641975,0.92443729903537,0.949367088607595,0.071097372488408,0.0265625,0.982315112540193,0.872841444270016,0,0,0.315789473684211,0.0015527950310559,0.978787878787879,0.274119448698315,0.893650793650794,0.762269938650307,0.984639016897081,0.439370078740157,0.436728395061728,0.311605723370429,0.921507064364207,0.957878315132605,0.897832817337461,0,0.873846153846154,0.201612903225806,0.94620253164557,0.0218408736349454,0.0916030534351145,0.560371517027864,0.962441314553991,0.986301369863014,0.862714508580343,0.981366459627329,0.8921875,0,0.0941915227629513,0.672230652503794,0.979623824451411,0,0.973886328725038,0.995454545454545,0.565830721003135,0.564341085271318,0.97196261682243,0.975806451612903,0.387147335423198,0,0.908256880733945,0.54416403785489,0.982594936708861,0.0183767228177642,0.963414634146341,0.98256735340729,0.978361669242658,0.942546583850932,0.553158705701079,0.0206022187004754,0.981395348837209,0.554699537750385,0.0255639097744361,0.0208955223880597,0.223622047244094,0.0232558139534884,0.164835164835165,0.68429003021148,0.0201863354037267,0.0247295208655332,0.0292307692307692,0.601515151515152,0.0590979782270607,0.970679012345679,0.0111642743221691,0.0172684458398744,0,0.245192307692308,0.979462875197472,0.96551724137931,0.907120743034056,0,0.903633491311216,0.858461538461538,0.717868338557994,0.62085308056872,0.479559748427673,0.452978056426332,0.0109034267912773,0.977742448330684,0.112135176651306,0.726114649681529,0.978193146417445,0.0266457680250784,0.774647887323944,0.0220820189274448,0.139784946236559,0.978494623655914,0.978827361563518,0.909235668789809,0,0.644144144144144,0.902362204724409,0,0.0138674884437596,0.909230769230769,0.987361769352291,0,0.0230769230769231,0.0122511485451761,0.984051036682616,0.900316455696203,0.0191082802547771,0,0.402476780185758,0.990697674418605,0.799392097264438,0.401263823064771,0.681458003169572,0.960365853658537,0.029595015576324,0.978658536585366,0.976816074188563,0.0236220472440945,0.97360248447205,0.981220657276995,0.9632,0.973724884080371,0.200312989045383,0.335413416536661,0.29393468118196,0.987460815047022,0.932584269662921,0.0474732006125574,0.276629570747218,0.982998454404946,0.169254658385093,0.312217194570136,0.982839313572543,0.982731554160126,0.975,0.698890649762282,0.980213089802131,0.259493670886076,0.981481481481482,0.976303317535545,0,0.342105263157895,0.56269592476489,0.0297805642633229,0.0506134969325153,0.0274390243902439,0.9078125,0.0443425076452599,0.0184049079754601,0,0.248062015503876,0.978125,0.0853080568720379,0.991935483870968,0.979719188767551,0.990551181102362,0.308056872037915,0.306122448979592,0.679186228482003,0.474714518760196,0,0.824921135646688,0.0321592649310873,0.0564024390243902,0.217054263565891,0.978998384491115,0.0216383307573416,0,0.347352024922118,0.0325077399380805,0.0443037974683544,0.4858934169279,0.979655712050078,0.285261489698891,0.977455716586151,0.953198127925117,0,0.983703703703704,0.0169753086419753,0.976958525345622,0.827856025039124,0.976114649681529,0.031201248049922,0.969418960244648,0.0217391304347826,0.881064162754304,0.73354735152488,0.931192660550459,0.992223950233281,0.978125,0.305511811023622,0.95625,0.977203647416413,0.0183767228177642,0.0344287949921753,0.977777777777778,0.979938271604938,0.330721003134796,0.877708978328173,0.953748006379585,0.956454121306376,0.978395061728395,0,0.125796178343949,0.979623824451411,0.0204724409448819,0,0.979299363057325,0.00630914826498423,0.0571428571428571,0.978260869565217,0.981191222570533,0.00311526479750779,0.650546021840874,0.445635528330781,0.988958990536278,0.0175718849840256,0.872239747634069,0.982229402261712,0.389937106918239,0.61609907120743,0.820031298904538,0,0.174528301886792,0.985553772070626,0.979750778816199,0.47360248447205,0.981538461538462,0.952066115702479,0.0481366459627329,0.0015600624024961,0.983050847457627,0.978294573643411,0.953416149068323,0.693009118541033,0.0265625,0.892282958199357,0.261275272161742,0.203252032520325,0.0031201248049922,0.6375,0.614173228346457,0.637480798771121,0,0.290271132376396,0.929797191887676,0.658499234303216,0.540958268933539,0.0940819423368741,0,0,0.979135618479881,0.958904109589041,0,0.93522906793049,0.00793650793650794,0,0,0.982731554160126,0,0.9808,0.777258566978193,0.546142208774584,0.980332829046899,0,0,0.9828125,0.962178517397882,0.743348982785602,0.0199386503067485,0,0.895612708018154,0.61890243902439,0.982892690513219,0.559322033898305,0.356923076923077,0,0.97196261682243,0.0208667736757624,0.969404186795491,0.0967238689547582,0,0.0302114803625378,0.137440758293839,0.487844408427877,0.961180124223602,0,0.96177370030581,0.966412213740458,0.981566820276498,0,0.0832025117739403,0.931780366056572,0.0228384991843393,0.975609756097561,0.983231707317073,0.0276497695852535,0.981424148606811,0.314152410575428,0.828393135725429,0.0299212598425197,0.179936305732484,0.96551724137931,0.009375,0.0203761755485893,0.972350230414747,0.0226537216828479,0.674085850556439,0.40952380952381,0,0.143302180685358,0.757142857142857,0.277258566978193,0.979969183359014,0.0156739811912226,0.162861491628615,0.455138662316476,0.948091603053435,0.914634146341463,0.951638065522621,0.746031746031746,0,0.96793893129771,0.0216049382716049,0.957613814756672,0.418641390205371,0.0184331797235023,0.980061349693252,0.981102362204724,0.977742448330684,0.638167938931298,0.9890625,0.146189735614308,0.205329153605016,0.937694704049844,0.892141756548536,0,0,0.974960876369327,0.93522906793049,0.0345368916797488,0.975077881619938,0.989028213166144,0.394695787831513,0.942857142857143,0.734597156398104,0.902140672782875,0,0.959564541213064,0.357698289269051,0.980182926829268,0.98125,0,0.644654088050314,0.988958990536278,0.0232198142414861,0.702362204724409,0.38740157480315,0.80030487804878,0.706436420722135,0.941176470588235,0.103603603603604,0.970967741935484,0.979907264296754,1,0.323296354992076,0.114906832298137,0.987711213517665,0.980122324159021,0.00617283950617284,0.790123456790123,0.461300309597523,0.277950310559006,0.787596899224806,0.979623824451411,0.882260596546311,0.976635514018692,0.12962962962963,0.0226171243941842,0,0.840873634945398,0.0203761755485893,0.0201238390092879,0.270897832817337,0,0.985959438377535,0.926829268292683,0.981623277182236,0.983154670750383,0.108490566037736,0.0188679245283019,0,0,0.192926045016077,0.0965189873417722,0.172248803827751,0,0.0200308166409861,0.977917981072555,0.0122324159021407,0.313291139240506,0.977987421383648,0.613003095975232,0.9664,0.681470137825421,0.662079510703364,0,0.978947368421053,0.407582938388626,0.50855365474339,0.934749620637329,0.984825493171472,0.422839506172839,0.00925925925925926,0.959627329192547,0.957511380880121,0,0.952959028831563,0.0386398763523957,0.975490196078431,0.432558139534884,0,0.00623052959501558,0.531045751633987,0.862123613312203,0.0232198142414861,0.146687697160883,0.00771604938271605,0.00162074554294976,0.752655538694992,0.0363349131121643,0.980360065466448,0.335901386748844,0.980213089802131,0.0168195718654434,0.39375,0.332805071315372,0.886255924170616,0.109149277688604,0.0249221183800623,0.0015600624024961,0.059375,0,0.978851963746224,0.0572831423895254,0.987878787878788,0.0235849056603774,0.980551053484603,0,0.553191489361702,0.47626582278481,0.980152671755725,0,0.984709480122324,0,0.412225705329154,0.976851851851852,0,0.670261941448382,0.968602825745683,0.755555555555556,0.971473851030111,0.0537634408602151,0,0.978328173374613,0.272151898734177,0,0.710526315789474,0.0196078431372549,0.0378787878787879,0.977812995245642,0.982758620689655,0.978527607361963,0.959438377535101,0.966981132075472,0,0.961059190031153,0.0213414634146341,0.369230769230769,0.293478260869565,0.980030721966206,0.97360248447205,0.977029096477795,0.970903522205207,0.0552147239263804,0.0293663060278207,0.988636363636364,0.956856702619414,0.713201820940819,0.966514459665145,0.978527607361963,0.986068111455108,0,0,0.971299093655589,0,0.086286594761171,0,0.958461538461538,0.2784,0.231511254019293,0.145061728395062,0.921850079744817,0,0.128526645768025,0.976599063962558,0.985959438377535,0.665109034267913,0.425373134328358,0.22809667673716,0.18429003021148,0.659777424483307,0.0122699386503067,0.14576802507837,0.556782334384858,0.264705882352941,0.707575757575758,0.0340030911901082,0,0.0159235668789809,0.351822503961965,0.982594936708861,0.637480798771121,0.241481481481481,0.641744548286604,0.89938080495356,0.969512195121951,0.957654723127036,0.973015873015873,0.980707395498392,0.97933227344992,0.572327044025157,0.433384379785605,0.979655712050078,0.0273141122913505,0.0273972602739726,0.897239263803681,0.00924499229583975,0.978328173374613,0.95800933125972,0,0.130081300813008,0,0.951026856240126,0,0.967592592592593,0.979813664596273,0.0181543116490166,0.856037151702786,0.98145285935085,0.664536741214057,0.63302752293578,0.891167192429022,0,0,0.972668810289389,0.952095808383233,0.986153846153846,0,0,0.0161550888529887,0.242792109256449,0.502325581395349,0,0.472952086553323,0,0.919175911251981,0.976190476190476,0.185064935064935,0.253822629969419,0,0.353035143769968,0.60093896713615,0.859375,0.975903614457831,0.773993808049536,0.0218408736349454,0.992088607594937,0.0171073094867807,0.977346278317152,0,0.978593272171254,0.00311526479750779,0.9826224328594,0.0344827586206897,0.0191387559808612,0,0,0.846034214618974,0.917460317460317,0.954128440366973,0.712977099236641,0.0478325859491779,0.025518341307815,0.84080370942813,0.836890243902439,0,0.0328125,0.952830188679245,0,0.968051118210863,0.974203338391502,0.0822981366459627,0.0406885758998435,0.0188976377952756,0.978428351309707,0.4832,0.0985691573926868,0.1232,0.129429892141757,0.71656050955414,0.114551083591331,0.982839313572543,0,0.772727272727273,0.96937212863706,0,0,0.0227963525835866,0,0.0218408736349454,0.978361669242658,0.719611021069692,0.0190779014308426,0.0237341772151899,0.568910256410256,0.965299684542587,0.463076923076923,0.0521472392638037,0.0192,0.0592948717948718,0.0139751552795031,0,0.0490506329113924,0.0256410256410256,0.021875,0.0321100917431193,0.0171606864274571,0.0458135860979463,0.0568356374807988,0.0339506172839506,0.0186625194401244,0.00318979266347687,0.0217054263565891,0.0213089802130898,0.0579937304075235,0.0293663060278207,0.0200927357032458,0.0196399345335516,0.0251968503937008,0.0457413249211356,0.0236593059936909,0.0226928895612708,0.0248062015503876,0.0510835913312693,0.0211480362537764,0.020440251572327
"556",0.298850574712644,0.303425774877651,0.312,0.344262295081967,0.300492610837438,0.29635761589404,0.395161290322581,0.321543408360129,0.274603174603175,0.0149006622516556,0.301765650080257,0.0145161290322581,0.583732057416268,0.294019933554817,0.687600644122383,0.688888888888889,0.0172684458398744,0.0211038961038961,0.302588996763754,0.309562398703404,0.790660225442834,0.672158154859967,0.297124600638978,0.0177133655394525,0.349683544303797,0.651960784313726,0.729857819905213,0.297385620915033,0.670347003154574,0.523052464228935,0.687400318979266,0.554675118858954,0.495867768595041,0.643086816720257,0.0162074554294976,0.282009724473258,0.0349206349206349,0.285714285714286,0.809076682316119,0.361669242658423,0.0148026315789474,0.0145395799676898,0.0205371248025276,0.296296296296296,0.485099337748344,0.708881578947368,0.567260940032415,0.686591276252019,0.634645669291339,0.699367088607595,0.017515923566879,0.298076923076923,0.72859450726979,0.297770700636943,0.412052117263844,0.708126036484245,0.0147783251231527,0.314332247557003,0.327503974562798,0.382636655948553,0.659744408945687,0.670926517571885,0.7008,0.0149253731343284,0.380872483221476,0.458333333333333,0.0176282051282051,0.294975688816856,0.0144694533762058,0.677685950413223,0.371428571428571,0.680129240710824,0.70906200317965,0.287519747235387,0.0143312101910828,0.540930979133226,0.70364500792393,0.569157392686804,0.400326797385621,0.664948453608247,0.016366612111293,0.524038461538462,0.667716535433071,0.297297297297297,0.704472843450479,0.388888888888889,0.28892455858748,0.319488817891374,0.309636650868878,0.0188976377952756,0.303921568627451,0.283018867924528,0.0180032733224223,0.0129449838187702,0.3278955954323,0.0144230769230769,1,0.308441558441558,0.0141732283464567,0.0160771704180064,0.6848,0.0177133655394525,0.818770226537217,0.281553398058252,0.777602523659306,0.292483660130719,0.0161550888529887,0.318979266347687,0.689542483660131,0.685483870967742,0.686708860759494,0.380952380952381,0.661835748792271,0.29073482428115,0.0147540983606557,0.301765650080257,0.533227848101266,0.0141509433962264,0.699059561128527,0.67524115755627,0.0126782884310618,0.506451612903226,0.823248407643312,0.693944353518822,0.316558441558442,0.695238095238095,0.290625,0.305466237942122,0.0177133655394525,0.756410256410256,0.35,0.609634551495017,0.309677419354839,0.0145395799676898,0.297520661157025,0.69435736677116,0.0162074554294976,0.82843137254902,0.498371335504886,0.783251231527094,0.016366612111293,0.0181518151815182,0.321428571428571,0.489499192245557,0.684552845528455,0.286634460547504,0.683006535947712,0.358609794628752,0.600328947368421,0.299531981279251,0.802306425041186,0.303715670436187,0.290697674418605,0.408653846153846,0.294022617124394,0.673267326732673,0.29570747217806,0.686688311688312,0.0111821086261981,0.517915309446254,0.42566510172144,0.310015898251192,0.6832,0.0173501577287066,0.285261489698891,0.618811881188119,0.291457286432161,0.293838862559242,0.291139240506329,0.639370078740157,0.305111821086262,0.698083067092652,0.330696202531646,0.692541856925419,0.380794701986755,0.625,0.0147058823529412,0.302100161550889,0.0113085621970921,0.393258426966292,0.29073482428115,0.700980392156863,0.313971742543171,0.330658105939005,0.29595015576324,0.317965023847377,0.733652312599681,0.619808306709265,0.374792703150912,0.35702479338843,0.701639344262295,0.694888178913738,0.316912972085386,0.42879746835443,0.0108695652173913,0.0176,0.842880523731588,0.0143769968051118,0.294670846394984,0.674015748031496,0.415032679738562,0.451355661881978,0.298273155416013,0.755700325732899,0.618524332810047,0.811074918566775,0.306818181818182,0.317891373801917,0.391025641025641,0.0147058823529412,0.384126984126984,0.836363636363636,0.332258064516129,0.693811074918567,0.698738170347003,0.764423076923077,0.308441558441558,0.316957210776545,0.452922077922078,0.29264475743349,0.397106109324759,0.016025641025641,0.700813008130081,0.547770700636943,0.302250803858521,0.0173228346456693,0.287539936102236,0.313084112149533,0.7408,0.526570048309179,0.2992,0.284053156146179,0.974025974025974,0.0165016501650165,0.385579937304075,0.602941176470588,0.316831683168317,0.686900958466454,0.316535433070866,0.290113452188006,0.29093799682035,0.330645161290323,0.559055118110236,0.697865353037767,0.310064935064935,0.558028616852146,0.689335394126739,0.686821705426357,0.648475120385233,0.679092382495948,0.788429752066116,0.58887171561051,0.679738562091503,0.692307692307692,0.68621236133122,0.687697160883281,0.70265780730897,0.314845024469821,0.0165562913907285,0.693679092382496,0.017741935483871,0.875,0.300492610837438,0.301794453507341,0.365384615384615,0.0159489633173844,0.415711947626841,0.414556962025316,0.538336052202284,0.550888529886914,0.631493506493506,0.610561056105611,0.0175718849840256,0.286178861788618,0.786173633440514,0.548986486486487,0.307692307692308,0.692556634304207,0.521951219512195,0.701298701298701,0.691455696202532,0.29264475743349,0.284053156146179,0.390804597701149,0.015600624024961,0.641627543035994,0.413333333333333,0.0193236714975845,0.698717948717949,0.382075471698113,0.306055646481178,0.0125984251968504,0.714738510301109,0.690737833594976,0.303921568627451,0.386401326699834,0.701320132013201,0.0147540983606557,0.946859903381642,0.302134646962233,0.503174603174603,0.621187800963082,0.59771986970684,0.302839116719243,0.683279742765273,0.296238244514107,0.282051282051282,0.6957928802589,0.328,0.287096774193548,0.331136738056013,0.300632911392405,0.695299837925446,0.718152866242038,0.809061488673139,0.319672131147541,0.355704697986577,0.0238473767885533,0.67862969004894,0.314935064935065,0.683544303797468,0.660964230171073,0.2992,0.299173553719008,0.325242718446602,0.558677685950413,0.287066246056782,0.679401993355482,0.342313787638669,0.297560975609756,0.016025641025641,0.702830188679245,0.770114942528736,0.704944178628389,0.025518341307815,0.688498402555911,0.352848101265823,0.683042789223455,0.692429022082019,0.014018691588785,0.684126984126984,0.305111821086262,0.719211822660099,0.307438016528926,0.331715210355987,0.300163132137031,0.841243862520458,0.836902800658979,0.528753993610224,0.574750830564784,0.014308426073132,0.450819672131148,0.699523052464229,0.67981072555205,0.807936507936508,0.282467532467532,0.700647249190938,0.0128205128205128,0.711811023622047,0.695447409733124,0.698854337152209,0.573033707865168,0.303225806451613,0.654545454545455,0.291666666666667,0.326298701298701,0.014218009478673,0.300925925925926,0.672985781990521,0.29635499207607,0.4368,0.299003322259136,0.705501618122977,0.32182103610675,0.6928,0.380348652931854,0.511513157894737,0.358730158730159,0.332805071315372,0.284779050736498,0.800319488817891,0.328478964401294,0.280811232449298,0.693396226415094,0.694753577106518,0.290113452188006,0.286624203821656,0.647619047619048,0.380258899676375,0.3261231281198,0.332273449920509,0.287519747235387,0.0146103896103896,0.681444991789819,0.290271132376396,0.695161290322581,0.0198347107438017,0.318770226537217,0.0163934426229508,0.683690280065898,0.284126984126984,0.317230273752013,0.0179445350734095,0.692058346839546,0.610474631751228,0.32626427406199,0.685667752442997,0.386252045826514,0.298360655737705,0.706270627062706,0.654952076677316,0.45933014354067,0.0130293159609121,0.827642276422764,0.296235679214403,0.298045602605863,0.598387096774194,0.286168521462639,0.285223367697594,0.702265372168285,0.00955414012738853,0.306709265175719,0.298850574712644,0.340764331210191,0.5168,0.696574225122349,0.420195439739414,0.672025723472669,0.908629441624365,0.0179153094462541,0.550488599348534,0.556270096463023,0.5667215815486,0.016025641025641,0.672787979966611,0.3776,0.538211382113821,0.5814696485623,0.684615384615385,0.0159489633173844,0.0156985871271586,0.277777777777778,0.314375987361769,0.0126782884310618,0.363784665579119,0.0130505709624796,0.0141732283464567,0.0181818181818182,0.284072249589491,0.0142857142857143,0.303776683087028,0.518578352180937,0.765990639625585,0.287284144427002,0.0165562913907285,0.0146818923327896,0.27491961414791,0.335925349922239,0.531001589825119,0.695721077654517,0.0162866449511401,0.408874801901743,0.668789808917197,0.293548387096774,0.556270096463023,0.636215334420881,0.014446227929374,0.310897435897436,0.705107084019769,0.350649350649351,0.682410423452769,0.0158478605388273,0.700315457413249,0.71078431372549,0.579831932773109,0.316720257234727,0.0128410914927769,0.355038759689922,0.317034700315457,0.274322169059011,0.0193548387096774,0.703583061889251,0.329351535836177,0.708754208754209,0.281399046104928,0.291600633914422,0.695161290322581,0.281350482315113,0.824476650563607,0.473429951690821,0.700320512820513,0.822445561139028,0.335453100158982,0.020066889632107,0.6944,0.328025477707006,0.69983416252073,0.584843492586491,0.618506493506494,0.0174603174603175,0.706451612903226,0.497528830313015,0.8336,0.30064308681672,0.68370607028754,0.708133971291866,0.626485568760611,0.333333333333333,0.387596899224806,0.338211382113821,0.482758620689655,0.0162866449511401,0.287974683544304,0.698289269051322,0.294212218649518,0.861157024793388,0.702290076335878,0.27602523659306,0.28995057660626,0.280645161290323,0.492682926829268,0.30064308681672,0.7888,0.8128,0.3536,0.4176,0.0125786163522013,0.0129659643435981,0.298869143780291,0.332786885245902,0.694942903752039,0.323577235772358,0.301612903225806,0.832012678288431,0.341503267973856,0.554257095158598,0.394409937888199,0.0172413793103448,0.322734499205087,0.981996726677578,0.297253634894992,0.2896,0.0172955974842767,0.570731707317073,0.324013157894737,0.690821256038647,0.522727272727273,0.611821086261981,0.455813953488372,0.514657980456026,0.323390894819466,0.687697160883281,0.301482701812191,0.296,0.323296354992076,1,0.809756097560976,0.295418641390205,0.292913385826772,0.0143312101910828,0.497607655502392,0.630225080385852,0.670364500792393,0.484025559105431,0.285714285714286,0.372964169381107,0.293650793650794,0.201587301587302,0.686046511627907,0.0158730158730159,0.459069020866774,0.693181818181818,0.688,0.673107890499195,0.0173501577287066,0.30952380952381,0.358064516129032,0.30064308681672,0.307086614173228,0.69951534733441,0.6957928802589,0.0152905198776758,0.016,0.804241435562806,0.704361873990307,0.686688311688312,0.0129449838187702,0.688291139240506,0.280448717948718,0.301916932907348,0.856198347107438,0.307565789473684,0.721498371335505,0.302931596091205,0.541666666666667,0.572755417956656,0.01743264659271,0.292569659442724,0.800322061191626,0.740196078431373,0.382075471698113,0.304416403785489,0.685534591194969,0.0192307692307692,0.345718901453958,0.346394984326019,0.0176848874598071,0.308777429467085,0.70048309178744,0.305882352941176,0.624193548387097,0.0130081300813008,0.0176848874598071,0.738539898132428,0.459807073954984,0.694041867954911,0.685245901639344,0.0160771704180064,0.0115321252059308,0.465732087227414,0.699346405228758,0.286677908937605,0.656597774244833,0.289968652037618,0.691107644305772,0.616,0.650974025974026,0.41887417218543,0.718801996672213,0.704472843450479,0.0159235668789809,0.704065040650407,0.0145161290322581,0.302180685358255,0.638935108153078,0.309597523219814,0.691680261011419,0.308943089430894,0.0157977883096366,0.579527559055118,0.63961038961039,0.299524564183835,0.0147299509001637,0.299679487179487,0.0166112956810631,0.639209225700165,0.303937007874016,0.0173501577287066,0.6515625,0.302931596091205,0.418300653594771,0.344103392568659,0.696343402225755,0.0177993527508091,0.285483870967742,0.653658536585366,0.015625,0.563091482649842,0.68503937007874,0.695924764890282,0.281553398058252,0.284779050736498,0.294303797468354,0.304347826086957,0.319805194805195,0.016,0.325842696629214,0.0204724409448819,0.9792,0.651612903225806,0.298076923076923,0.29140127388535,0.30829420970266,0.305246422893482,0.0748407643312102,0.723300970873786,0.308848080133556,0.325842696629214,0.515723270440252,0.311320754716981,0.297169811320755,0.330658105939005,0.0156739811912226,0.0175438596491228,0.306153846153846,0.0128,0.6957928802589,0.0146579804560261,0.350649350649351,0.651815181518152,0.685245901639344,0.710651828298887,0.352750809061489,0.0195439739413681,0.77491961414791,0.291666666666667,0.302215189873418,0.537096774193548,0.763358778625954,0.681114551083591,0.676145339652449,0.500815660685155,0.685624012638231,0.6736,0.733009708737864,0.672552166934189,0.522222222222222,0.703525641025641,0.0145395799676898,0.689320388349515,0.998355263157895,0.285714285714286,0.668820678513732,0.835913312693498,0.547811993517018,0.418789808917197,0.305164319248826,0.339495798319328,0.294117647058824,0.306291390728477,0.300324675324675,0.572107765451664,0.6,0.300319488817891,0.710031347962382,0.711598746081505,0.409967845659164,0.0172955974842767,0.2890625,0.290271132376396,0.0159744408945687,0.717607973421927,0.0161290322580645,0.325878594249201,0.015,0.314696485623003,0.293354943273906,0.705511811023622,0.432258064516129,0.276995305164319,0.619741100323625,0.621578099838969,0.417460317460317,0.0161550888529887,0.016,0.364705882352941,0.352671755725191,0.313880126182965,0.01875,0.0143540669856459,0.683946488294314,0.685624012638231,0.600321027287319,0.0158478605388273,0.615384615384615,0.0159744408945687,0.342668863261944,0.289902280130293,0.797077922077922,0.652582159624413,0.0154798761609907,0.637417218543046,0.512155591572123,0.387358184764992,0.332283464566929,0.515873015873016,0.703403565640194,0.313213703099511,0.113085621970921,0.304918032786885,0.0144694533762058,0.2921875,0.0192616372391653,0.286885245901639,0.693290734824281,0.44991789819376,0.0144230769230769,0.013136288998358,0.4368,0.352066115702479,0.33968253968254,0.512658227848101,0.70625,0.693069306930693,0.400966183574879,0.37245696400626,0.011400651465798,0.691082802547771,0.322061191626409,0.0111642743221691,0.301666666666667,0.334913112164297,0.702875399361022,0.0208333333333333,0.693311582381729,0.305379746835443,0.583606557377049,0.68,0.700331125827815,0.686614173228347,0.537953795379538,0.710443037974684,0.295638126009693,0.0179153094462541,0.521951219512195,0.298107255520505,0.0192307692307692,0.0177133655394525,0.694573643410853,0.00975609756097561,0.697411003236246,0.289099526066351,0.492487479131886,0.703099510603589,0.690938511326861,0.740196078431373,0.338211382113821,0.669303797468354,0.0257234726688103,0.703703703703704,0.0751252086811352,0.0272,0.0147540983606557,0.59771986970684,0.691107644305772,0.681063122923588,0.696682464454976,0.691693290734824,0.0225806451612903,0.0242718446601942,0.715909090909091,0.0258064516129032,0.0181219110378913,0.0559105431309904,0.0321543408360129,0.0225806451612903,0.69951534733441,0.0429252782193959,0.704132231404959,0.707472178060413,0.0213464696223317,0.700980392156863,0.0800627943485086,0.702229299363057,0.669887278582931,0.692789968652038,0.682926829268293
"557",0.0982839313572543,0.0889235569422777,0.116564417177914,0.149206349206349,0.102272727272727,0.087719298245614,0.188087774294671,0.112519809825674,0.0918836140888208,0.028892455858748,0.0909090909090909,0.028125,0.461658841940532,0.0874403815580286,0.853312302839117,0.872274143302181,0.0246153846153846,0.0234375,0.0956937799043062,0.105919003115265,0.821263482280431,0.870065789473684,0.101538461538462,0.0262751159196291,0.138629283489097,0.700949367088608,0.820031298904538,0.0962479608482871,0.584992343032159,0.382581648522551,0.872472783825817,0.382488479262673,0.313291139240506,0.675078864353312,0.0185185185185185,0.0927672955974843,0.0328125,0.0897832817337461,0.785285285285285,0.1671875,0.0267716535433071,0.021978021978022,0.0219092331768388,0.0936995153473344,0.315447154471545,0.878594249201278,0.512738853503185,0.888364779874214,0.559270516717325,0.798151001540832,0.0248447204968944,0.0886075949367089,0.732612055641422,0.0911949685534591,0.193037974683544,0.792544570502431,0.0261437908496732,0.124416796267496,0.127105666156202,0.199386503067485,0.674846625766871,0.590697674418605,0.885400313971743,0.0258481421647819,0.196825396825397,0.246511627906977,0.0283018867924528,0.10625,0.0251572327044025,0.871632329635499,0.208655332302937,0.879310344827586,0.873015873015873,0.096875,0.0269413629160063,0.380664652567976,0.867692307692308,0.448062015503876,0.196141479099678,0.692682926829268,0.0220820189274448,0.357032457496136,0.724505327245053,0.0941358024691358,0.805993690851735,0.174311926605505,0.0889235569422777,0.118012422360248,0.106583072100313,0.0230769230769231,0.0977917981072555,0.0953125,0.0221518987341772,0.0234009360374415,0.112519809825674,0.0265210608424337,0.797191887675507,0.104851330203443,0.0236220472440945,0.0221518987341772,0.459752321981424,0.0279937791601866,0.760629921259843,0.0871632329635499,0.857580398162328,0.0930979133226324,0.021875,0.109177215189873,0.874403815580286,0.86984126984127,0.871875,0.167197452229299,0.658267716535433,0.0967238689547582,0.0252365930599369,0.101538461538462,0.37111801242236,0.0233281493001555,0.88783570300158,0.721183800623053,0.0261136712749616,0.308892355694228,0.767550702028081,0.844551282051282,0.114241001564945,0.773291925465838,0.0980091883614089,0.0942812982998454,0.0253968253968254,0.538102643856921,0.149842271293375,0.517571884984026,0.102728731942215,0.0249221183800623,0.106109324758842,0.872894333843798,0.0250783699059561,0.796178343949045,0.413416536661466,0.567524115755627,0.0188679245283019,0.025974025974026,0.119751166407465,0.310832025117739,0.751196172248804,0.0833333333333333,0.873239436619718,0.161993769470405,0.577352472089314,0.11280487804878,0.840064620355412,0.105990783410138,0.0841423948220065,0.242088607594937,0.0914826498422713,0.8768,0.0985915492957746,0.875981161695447,0.0203442879499218,0.321766561514196,0.219474497681607,0.115625,0.856697819314642,0.0245022970903522,0.0871559633027523,0.581583198707593,0.0944625407166124,0.102201257861635,0.0878274268104777,0.681114551083591,0.115141955835962,0.886075949367089,0.148773006134969,0.878419452887538,0.192063492063492,0.607476635514019,0.0253565768621236,0.108150470219436,0.0232558139534884,0.224458204334365,0.0993788819875776,0.7953125,0.110591900311526,0.133956386292835,0.101515151515152,0.120610687022901,0.839258114374034,0.607142857142857,0.171428571428571,0.142172523961661,0.840062111801242,0.87207488299532,0.111290322580645,0.2099533437014,0.0245398773006135,0.0282574568288854,0.752380952380952,0.0234741784037559,0.0961240310077519,0.706153846153846,0.199677938808374,0.300940438871473,0.103030303030303,0.617834394904459,0.553323029366306,0.746753246753247,0.163522012578616,0.121875,0.197836166924266,0.0238095238095238,0.221879815100154,0.827974276527331,0.130225080385852,0.882539682539683,0.847094801223242,0.546875,0.117088607594937,0.113323124042879,0.250793650793651,0.093603744149766,0.193700787401575,0.0270700636942675,0.834890965732087,0.399075500770416,0.0977564102564103,0.0234375,0.0880989180834621,0.106707317073171,0.535433070866142,0.467592592592593,0.105345911949686,0.0868167202572347,0.74375,0.0254372019077901,0.19482496194825,0.488188976377953,0.12012987012987,0.877329192546584,0.129032258064516,0.082670906200318,0.100156494522692,0.134165366614665,0.506153846153846,0.881977671451356,0.118110236220472,0.4953125,0.869300911854103,0.887519260400616,0.759112519809826,0.873217115689382,0.8224,0.389393939393939,0.880877742946709,0.88006230529595,0.879936808846761,0.486943164362519,0.855305466237942,0.116352201257862,0.0239234449760766,0.87519747235387,0.0294117647058824,0.813479623824451,0.0917721518987342,0.109567901234568,0.183514774494557,0.0250783699059561,0.21669341894061,0.221528861154446,0.378335949764521,0.439252336448598,0.550860719874804,0.536891679748823,0.0248833592534992,0.0854838709677419,0.85423197492163,0.375,0.127962085308057,0.8890625,0.335443037974684,0.886614173228346,0.799691833590139,0.0953846153846154,0.088379705400982,0.189710610932476,0.0271084337349398,0.422427035330261,0.186305732484076,0.0295031055900621,0.884437596302003,0.175115207373272,0.0985691573926868,0.0249609984399376,0.883280757097792,0.881538461538461,0.112877583465819,0.20820189274448,0.875806451612903,0.0236220472440945,0.717592592592593,0.103174603174603,0.30521472392638,0.604068857589984,0.430599369085173,0.125581395348837,0.883647798742138,0.0961832061068702,0.088646967340591,0.874411302982732,0.126524390243902,0.0914826498422713,0.128980891719745,0.0956112852664577,0.763693270735524,0.69242658423493,0.743348982785602,0.128980891719745,0.151712887438825,0.0314465408805031,0.708006279434851,0.111821086261981,0.76605504587156,0.668674698795181,0.0989180834621329,0.0909090909090909,0.128682170542636,0.378594249201278,0.0902140672782875,0.7152,0.126524390243902,0.102362204724409,0.0254372019077901,0.67906976744186,0.541533546325879,0.882075471698113,0.0232198142414861,0.885321100917431,0.172413793103448,0.863141524105754,0.879443585780526,0.0277349768875193,0.730407523510972,0.109177215189873,0.839813374805599,0.103225806451613,0.126198083067093,0.0960629921259843,0.755905511811024,0.752396166134185,0.376360808709176,0.539837398373984,0.024653312788906,0.24405705229794,0.878971255673222,0.859567901234568,0.814814814814815,0.0865384615384615,0.888544891640867,0.0251572327044025,0.68503937007874,0.871517027863777,0.864864864864865,0.540540540540541,0.0961538461538462,0.687196110210697,0.0939044481054366,0.134375,0.0234009360374415,0.105341246290801,0.873846153846154,0.0973724884080371,0.244094488188976,0.1,0.874203821656051,0.11609907120743,0.87797147385103,0.187207488299532,0.365079365079365,0.149460708782743,0.112324492979719,0.084375,0.751962323390895,0.112852664576803,0.0840978593272171,0.87962962962963,0.86984126984127,0.097444089456869,0.0928792569659443,0.65210608424337,0.18266253869969,0.129720853858785,0.128482972136223,0.0900621118012422,0.024,0.814102564102564,0.0976744186046512,0.888188976377953,0.026984126984127,0.126198083067093,0.0273311897106109,0.847723704866562,0.0953846153846154,0.114906832298137,0.0254777070063694,0.46656298600311,0.579937304075235,0.1104,0.879746835443038,0.206677265500795,0.0985691573926868,0.654028436018957,0.48297213622291,0.29559748427673,0.0238473767885533,0.829346092503987,0.0912052117263844,0.0962145110410095,0.577399380804954,0.0834621329211747,0.112956810631229,0.859154929577465,0.0203125,0.1078125,0.101721439749609,0.1328125,0.357698289269051,0.870607028753994,0.213166144200627,0.696540880503145,0.968067226890756,0.0251572327044025,0.427662957074722,0.447077409162717,0.445839874411303,0.0231124807395994,0.694533762057878,0.175654853620955,0.387147335423198,0.50231124807396,0.839150227617602,0.0289193302891933,0.0242057488653555,0.0931952662721894,0.119815668202765,0.0230769230769231,0.165876777251185,0.0210016155088853,0.0215384615384615,0.0240770465489567,0.0948678071539658,0.0230414746543779,0.105519480519481,0.321316614420063,0.553846153846154,0.0958268933539413,0.0269413629160063,0.0248447204968944,0.0979782270606532,0.130699088145897,0.345622119815668,0.886706948640483,0.0272873194221509,0.192901234567901,0.483128834355828,0.0868217054263566,0.473035439137134,0.635646687697161,0.0265625,0.104199066874028,0.8816,0.128824476650564,0.812302839116719,0.0248447204968944,0.879815100154083,0.823809523809524,0.534539473684211,0.108150470219436,0.0230061349693252,0.145510835913313,0.116279069767442,0.0762052877138414,0.0248062015503876,0.85829307568438,0.14827018121911,0.87987012987013,0.0903426791277259,0.0916030534351145,0.879815100154083,0.0826833073322933,0.742088607594937,0.275752773375594,0.879365079365079,0.821018062397373,0.1234375,0.0251968503937008,0.880690737833595,0.122887864823349,0.8944,0.406593406593407,0.592476489028213,0.0203442879499218,0.816793893129771,0.320967741935484,0.756172839506173,0.119565217391304,0.880989180834621,0.769828926905132,0.537190082644628,0.147692307692308,0.201538461538462,0.128571428571429,0.311501597444089,0.026984126984127,0.098310291858679,0.884969325153374,0.121451104100946,0.6944,0.898617511520737,0.0984615384615385,0.0974842767295598,0.0866141732283465,0.420062695924765,0.0950920245398773,0.836477987421384,0.821766561514196,0.147385103011094,0.204018547140649,0.0231124807395994,0.0238473767885533,0.103174603174603,0.148969889064976,0.872670807453416,0.115141955835962,0.102484472049689,0.701863354037267,0.1664,0.341894060995185,0.186813186813187,0.0276073619631902,0.131746031746032,0.773015873015873,0.0971786833855799,0.0910518053375196,0.0245022970903522,0.419968304278922,0.118971061093248,0.88,0.388083735909823,0.613104524180967,0.257966616084977,0.381475667189953,0.134238310708899,0.822900763358779,0.102893890675241,0.087962962962963,0.114906832298137,0.809756097560976,1,0.0976744186046512,0.0938461538461538,0.0245398773006135,0.297839506172839,0.570982839313573,0.704441041347626,0.30952380952381,0.0968253968253968,0.206624605678233,0.0979782270606532,0.150234741784038,0.877650897226754,0.0275650842266462,0.270866141732283,0.876777251184834,0.88062015503876,0.697204968944099,0.0233644859813084,0.097331240188383,0.163328197226502,0.0956112852664577,0.0959752321981424,0.822429906542056,0.881516587677725,0.0256024096385542,0.0265210608424337,0.818611987381703,0.844551282051282,0.764150943396226,0.0200308166409861,0.877708978328173,0.0951638065522621,0.432973805855162,0.752755905511811,0.102848101265823,0.495327102803738,0.119236883942766,0.415123456790123,0.445801526717557,0.0246153846153846,0.0848484848484849,0.675675675675676,0.582677165354331,0.166153846153846,0.102918586789555,0.635802469135803,0.0248833592534992,0.125996810207337,0.133846153846154,0.0250783699059561,0.112307692307692,0.880503144654088,0.101910828025478,0.560250391236307,0.0267716535433071,0.0220472440944882,0.550724637681159,0.248417721518987,0.8765625,0.817891373801917,0.0246913580246914,0.0272,0.333333333333333,0.866459627329193,0.0918196994991653,0.667185069984448,0.098613251155624,0.880551301684533,0.603975535168196,0.636075949367089,0.2192,0.812600969305331,0.88646967340591,0.0238853503184713,0.862619808306709,0.0231481481481481,0.101823708206687,0.860128617363344,0.107784431137725,0.882260596546311,0.0982286634460548,0.0220125786163522,0.490015360983103,0.57345971563981,0.100946372239748,0.023961661341853,0.100154083204931,0.0237341772151899,0.601286173633441,0.106811145510836,0.0263975155279503,0.424100156494523,0.1046875,0.312399355877617,0.133440514469453,0.854714064914992,0.0297339593114241,0.0923317683881064,0.709728867623604,0.0276497695852535,0.395638629283489,0.878048780487805,0.864906832298137,0.0925039872408294,0.0920634920634921,0.0971168437025797,0.110764430577223,0.115323854660348,0.019047619047619,0.115085536547434,0.025,0.7442218798151,0.679626749611198,0.093558282208589,0.0984126984126984,0.106153846153846,0.10077519379845,0.0612244897959184,0.888888888888889,0.101941747572816,0.126543209876543,0.340490797546012,0.1109375,0.0903426791277259,0.12755905511811,0.0248447204968944,0.0261136712749616,0.112951807228916,0.0227963525835866,0.832831325301205,0.0254777070063694,0.143533123028391,0.701112877583466,0.72463768115942,0.809006211180124,0.162460567823344,0.0280373831775701,0.859133126934985,0.0909090909090909,0.0947204968944099,0.4453125,0.634441087613293,0.714285714285714,0.756134969325153,0.401587301587302,0.879443585780526,0.795384615384615,0.516483516483517,0.697388632872504,0.352850539291217,0.88783570300158,0.0253968253968254,0.885220125786163,0.782747603833866,0.0920840064620355,0.448916408668731,0.793577981651376,0.418604651162791,0.216793893129771,0.110091743119266,0.133971291866029,0.0961538461538462,0.0889967637540453,0.0957613814756672,0.484375,0.576138147566719,0.0961240310077519,0.875187969924812,0.885542168674699,0.210280373831776,0.0217391304347826,0.0868217054263566,0.106646058732612,0.0208333333333333,0.802250803858521,0.0252764612954186,0.14308426073132,0.0225442834138486,0.116822429906542,0.100313479623824,0.890076335877863,0.259720062208398,0.0934150076569678,0.419047619047619,0.442901234567901,0.194099378881988,0.0261538461538462,0.0254372019077901,0.176470588235294,0.147147147147147,0.111111111111111,0.0277349768875193,0.0293663060278207,0.867741935483871,0.724770642201835,0.499212598425197,0.0235109717868339,0.556942277691108,0.0263565891472868,0.158307210031348,0.102201257861635,1,0.68895800933126,0.021671826625387,0.640822784810127,0.432973805855162,0.195348837209302,0.132621951219512,0.299373040752351,0.884914463452566,0.107491856677524,0.132911392405063,0.0888529886914378,0.0240770465489567,0.100917431192661,0.0253565768621236,0.0958466453674121,0.870458135860979,0.624801271860095,0.0232198142414861,0.027027027027027,0.252321981424149,0.147727272727273,0.1515625,0.359208523592085,0.872727272727273,0.87797147385103,0.227987421383648,0.231003039513678,0.0222929936305732,0.870458135860979,0.121642969984202,0.0279937791601866,0.1056,0.134883720930233,0.844236760124611,0.0260736196319018,0.875384615384615,0.0969230769230769,0.538585209003215,0.817034700315457,0.800963081861958,0.798107255520505,0.3568,0.818461538461538,0.0864,0.0269413629160063,0.312202852614897,0.102760736196319,0.0284810126582278,0.0250391236306729,0.887218045112782,0.0235109717868339,0.880877742946709,0.09375,0.356340288924559,0.885532591414944,0.887658227848101,0.54140127388535,0.120385232744783,0.599071207430341,0.0275650842266462,0.878640776699029,0.067524115755627,0.0314465408805031,0.0266875981161695,0.765354330708661,0.877862595419847,0.870662460567823,0.873065015479876,0.876923076923077,0.023696682464455,0.0325077399380805,0.91588785046729,0.0298273155416013,0.0255591054313099,0.0594679186228482,0.0296411856474259,0.0263565891472868,0.893481717011129,0.0423197492163009,0.877616747181965,0.886792452830189,0.0176,0.902668759811617,0.0778625954198473,0.885579937304075,0.820872274143302,0.882800608828006,0.879443585780526
"558",0.99203821656051,0.990783410138249,0.973765432098765,0.941082802547771,0.988906497622821,0.990445859872611,0.898119122257053,0.976708074534162,0.992248062015504,0,0.989180834621329,0,0.570093457943925,0.988906497622821,0.0516431924882629,0.0140405616224649,0,0.0172413793103448,0.990445859872611,0.979527559055118,0.156832298136646,0.0432,0.978328173374613,0,0.946153846153846,0.26530612244898,0.117647058823529,0.980769230769231,0.473684210526316,0.700763358778626,0.00771604938271605,0.704791344667697,0.775280898876405,0.298136645962733,0,0.993769470404984,0.0168711656441718,0.987538940809969,0.263473053892216,0.900466562986003,0.00158227848101266,0.0186625194401244,0.00765696784073507,0.993680884676145,0.778501628664495,0.0352564102564103,0.530063291139241,0.00952380952380952,0.467175572519084,0.13914373088685,0,0.985959438377535,0.270353302611367,0.990595611285266,0.886792452830189,0.1696,0,0.961904761904762,0.956656346749226,0.914241960183767,0.308527131782946,0.441860465116279,0.00798722044728434,0,0.89297124600639,0.82,0,0.984472049689441,0,0.00947867298578199,0.865151515151515,0.0139968895800933,0.028169014084507,0.990769230769231,0,0.720610687022901,0.0599078341013825,0.585780525502318,0.906349206349206,0.266556291390728,0,0.729357798165138,0.218125960061444,0.990963855421687,0.116923076923077,0.905864197530864,0.986111111111111,0.967889908256881,0.961479198767334,0.0108527131782946,0.979365079365079,0.990639625585023,0,0,0.971383147853736,0,0.290769230769231,0.984350547730829,0.00914634146341463,0.0108024691358025,0.629283489096573,0,0.276295133437991,0.99211356466877,0.100609756097561,0.992063492063492,0.009375,0.975193798449612,0.00938967136150235,0.0172143974960876,0.0172143974960876,0.903875968992248,0.347352024922118,0.98613251155624,0,0.984615384615385,0.726153846153846,0,0.0078125,0.236677115987461,0,0.783489096573209,0.245283018867925,0.0862619808306709,0.972179289026275,0.156923076923077,0.986322188449848,0.989164086687306,0,0.551242236024845,0.934477379095164,0.493690851735016,0.984152139461173,0,0.990476190476191,0.033434650455927,0,0.201587301587302,0.633070866141732,0.524486571879937,0,0,0.984399375975039,0.758566978193146,0.188709677419355,0.992101105845182,0.0141509433962264,0.9258114374034,0.4256,0.980091883614089,0.134920634920635,0.978361669242658,0.992025518341308,0.841614906832298,0.989263803680982,0.0110410094637224,0.990697674418605,0.00934579439252336,0,0.742448330683625,0.87062404870624,0.970542635658915,0.0290964777947933,0,0.990895295902883,0.456,0.992,0.992295839753467,0.990811638591118,0.304482225656878,0.982945736434109,0.0109034267912773,0.961538461538462,0.0091324200913242,0.905901116427432,0.382215288611544,0,0.975077881619938,0,0.843014128728414,0.990867579908676,0.121642969984202,0.995398773006135,0.949074074074074,0.985141158989599,0.970769230769231,0.109737248840804,0.386503067484663,0.920127795527157,0.942766295707472,0.0541795665634675,0.015625,0.982539682539682,0.858475894245723,0,0,0.290372670807453,0.00155038759689922,0.99079754601227,0.265337423312883,0.8816,0.75462962962963,0.989263803680982,0.425897035881435,0.438650306748466,0.289099526066351,0.934065934065934,0.963549920760697,0.884615384615385,0,0.876543209876543,0.176282051282051,0.948356807511737,0.00783699059561128,0.0717557251908397,0.539906103286385,0.972006220839813,0.990697674418605,0.841444270015699,0.990668740279938,0.903426791277259,0,0.0763239875389408,0.666666666666667,0.990521327014218,0,0.98297213622291,0.983282674772036,0.561815336463224,0.545736434108527,0.978260869565217,0.9904,0.359937402190923,0,0.89409984871407,0.519623233908948,0.972668810289389,0.0093603744149766,0.958461538461538,0.990610328638498,0.990639625585023,0.949606299212598,0.533846153846154,0.00955414012738853,0.974763406940063,0.549079754601227,0.0106060606060606,0.00768049155145929,0.203791469194313,0.0110584518167457,0.142628205128205,0.666666666666667,0.0062402496099844,0.00927357032457496,0.0217054263565891,0.589312977099237,0.0393081761006289,0.979365079365079,0.0110062893081761,0.00625978090766823,0,0.212933753943218,0.990506329113924,0.9671875,0.900621118012422,0,0.876386687797147,0.851226993865031,0.703588143525741,0.604327666151468,0.44794952681388,0.459247648902821,0.0109204368174727,0.988888888888889,0.0959752321981424,0.714516129032258,0.960998439937597,0.0186625194401244,0.753125,0.0108024691358025,0.124416796267496,0.992260061919505,0.988673139158576,0.897476340694006,0,0.648773006134969,0.888535031847134,0,0.0093167701863354,0.893129770992366,0.9828125,0,0.00930232558139535,0.00777604976671851,0.998366013071895,0.892109500805153,0.00801282051282051,0,0.375384615384615,0.996825396825397,0.79601226993865,0.393518518518519,0.654028436018957,0.974164133738602,0.0170807453416149,0.989263803680982,0.990740740740741,0.0140845070422535,0.973926380368098,0.990506329113924,0.966292134831461,0.989296636085627,0.190031152647975,0.306153846153846,0.272585669781931,0.98256735340729,0.946428571428571,0.046656298600311,0.270735524256651,0.974882260596546,0.15552099533437,0.303759398496241,0.989010989010989,0.989045383411581,0.975270479134467,0.687697160883281,0.987692307692308,0.255485893416928,0.964560862865948,0.989028213166144,0,0.316770186335404,0.550793650793651,0.028391167192429,0.0499219968798752,0.0152439024390244,0.90795631825273,0.0323574730354391,0.0046656298600311,0,0.234375,0.987261146496815,0.0737833594976452,0.991909385113269,0.968992248062015,0.987538940809969,0.27244094488189,0.273155416012559,0.677570093457944,0.46984126984127,0,0.827586206896552,0.0227963525835866,0.0516717325227964,0.195685670261941,0.990625,0.0078003120124805,0,0.31839258114374,0.015527950310559,0.0299684542586751,0.47444089456869,0.990506329113924,0.2768,0.990228013029316,0.959119496855346,0,0.991058122205663,0.00612557427258806,0.989312977099237,0.834365325077399,0.9904,0.021875,0.966049382716049,0.009375,0.875776397515528,0.731629392971246,0.940092165898618,0.987538940809969,0.989045383411581,0.285493827160494,0.965625,0.989247311827957,0.00904977375565611,0.0299212598425197,0.99198717948718,0.990683229813665,0.328125,0.877138413685848,0.967897271268058,0.958461538461538,0.992331288343558,0,0.120063191153239,0.988906497622821,0.0110584518167457,0,0.966772151898734,0.0111111111111111,0.0520504731861199,0.992283950617284,0.967492260061919,0.00467289719626168,0.626934984520124,0.429017160686427,0.998417721518987,0.00956937799043062,0.873417721518987,0.993610223642173,0.380726698262243,0.604327666151468,0.8,0,0.165109034267913,0.978021978021978,0.992211838006231,0.460587326120556,0.990811638591118,0.958881578947368,0.040625,0.00154798761609907,0.996913580246914,0.987460815047022,0.946117274167987,0.697388632872504,0.015552099533437,0.871069182389937,0.243034055727554,0.171521035598705,0.00777604976671851,0.62992125984252,0.603149606299213,0.629457364341085,0,0.285031847133758,0.919129082426128,0.658385093167702,0.521671826625387,0.0853293413173653,0,0,0.990977443609023,0.968133535660091,0,0.917956656346749,0.0112,0,0,0.987538940809969,0,0.991922455573506,0.772093023255814,0.52959028831563,0.990811638591118,0,0,0.98613251155624,0.963855421686747,0.721884498480243,0.00921658986175115,0.0031496062992126,0.88030303030303,0.595348837209302,0.995356037151703,0.550375939849624,0.356697819314642,0,0.978428351309707,0.00634920634920635,0.95260663507109,0.0920634920634921,0,0.0198170731707317,0.120578778135048,0.490998363338789,0.965408805031447,0,0.950151057401813,0.972179289026275,0.990881458966565,0,0.0789889415481833,0.924466338259442,0.0162337662337662,0.989263803680982,0.995447647951442,0.0154798761609907,0.992307692307692,0.292452830188679,0.810769230769231,0.0173501577287066,0.158908507223114,0.959311424100156,0.00940438871473354,0.0108527131782946,0.972350230414747,0.0160771704180064,0.652733118971061,0.4,0,0.111627906976744,0.747217806041335,0.256211180124224,0.998468606431853,0.0062111801242236,0.157164869029276,0.457050243111831,0.953030303030303,0.895612708018154,0.962264150943396,0.764044943820225,0,0.975572519083969,0.00769230769230769,0.958990536277603,0.406995230524642,0.00762195121951219,0.993808049535604,0.988993710691824,0.99203821656051,0.6390625,0.989230769230769,0.126760563380282,0.186520376175549,0.949367088607595,0.880248833592535,0,0,0.985781990521327,0.931309904153355,0.0220820189274448,0.982511923688394,0.998463901689708,0.360062893081761,0.930379746835443,0.732909379968203,0.891238670694864,0,0.968944099378882,0.330218068535826,0.989130434782609,0.993808049535604,0,0.640253565768621,0.97626582278481,0.00927357032457496,0.683042789223455,0.381395348837209,0.815037593984962,0.697965571205008,0.956259426847662,0.0893939393939394,0.982343499197432,0.993827160493827,0.987711213517665,0.295418641390205,0.0976744186046512,1,0.992343032159265,0.00765696784073507,0.783536585365854,0.457680250783699,0.258914728682171,0.788343558282209,0.989130434782609,0.881889763779528,0.992283950617284,0.129429892141757,0.0114942528735632,0,0.828393135725429,0.0139968895800933,0.00927357032457496,0.269170579029734,0,0.996850393700787,0.916795069337442,0.990625,0.993846153846154,0.0977917981072555,0.00952380952380952,0,0,0.171156893819334,0.0805687203791469,0.162460567823344,0,0.0109034267912773,0.990580847723705,0.00924499229583975,0.282131661442006,0.990415335463259,0.59594383775351,0.962085308056872,0.673879443585781,0.631498470948012,0,0.990963855421687,0.387658227848101,0.5,0.923780487804878,0.986363636363636,0.390432098765432,0.0107361963190184,0.96,0.964939024390244,0,0.963246554364472,0.0203125,0.984,0.430577223088924,0,0.0107361963190184,0.518821603927987,0.854660347551343,0.0093603744149766,0.132075471698113,0.0140625,0.00163132137030995,0.758258258258258,0.0300632911392405,0.991935483870968,0.324734446130501,0.989409984871407,0.0107692307692308,0.395962732919255,0.331738437001595,0.873990306946688,0.104166666666667,0.0123456790123457,0.0031201248049922,0.046031746031746,0,0.987841945288754,0.0427892234548336,0.983433734939759,0.0110935023771791,0.990430622009569,0,0.524242424242424,0.472613458528951,0.993779160186625,0,0.989263803680982,0,0.407407407407407,0.983154670750383,0,0.657185628742515,0.977952755905512,0.743348982785602,0.950558213716108,0.0460829493087558,0,0.990654205607477,0.269592476489028,0,0.704968944099379,0.00904977375565611,0.0230769230769231,0.990506329113924,0.992125984251969,0.984802431610942,0.968454258675079,0.976340694006309,0,0.974803149606299,0.0233281493001555,0.334351145038168,0.28816199376947,1,0.983024691358025,0.983076923076923,0.98159509202454,0.0497667185069984,0.0267716535433071,1,0.964506172839506,0.735474006116208,0.975116640746501,0.989409984871407,0.973684210526316,0,0,0.970501474926254,0,0.0717557251908397,0,0.954758190327613,0.283653846153846,0.218849840255591,0.119878603945372,0.928909952606635,0,0.103875968992248,0.990697674418605,0.992283950617284,0.635367762128325,0.407462686567164,0.229166666666667,0.183890577507599,0.653968253968254,0.00775193798449612,0.124223602484472,0.5600624024961,0.269170579029734,0.717791411042945,0.0171606864274571,0,0.00786163522012579,0.313099041533546,0.990521327014218,0.624610591900312,0.225225225225225,0.637209302325581,0.88208269525268,0.978593272171254,0.955271565495208,0.977742448330684,0.989079563182527,0.99375,0.556589147286822,0.431034482758621,0.989164086687306,0.0120481927710843,0.0167173252279635,0.882352941176471,0.0108024691358025,0.990783410138249,0.961119751166407,0,0.12621359223301,0,0.956386292834891,0,0.971875,0.990610328638498,0.00910470409711684,0.848297213622291,0.989263803680982,0.649122807017544,0.623456790123457,0.873817034700315,0,0,0.939144736842105,0.943198804185351,0.990783410138249,0,0,0.00964630225080386,0.242835595776772,0.502318392581144,0,0.450858034321373,0,0.924290220820189,0.989028213166144,0.161392405063291,0.245723172628305,0,0.345368916797488,0.583860759493671,0.857585139318885,0.960606060606061,0.778481012658228,0.00923076923076923,0.993650793650794,0.0173228346456693,0.988745980707395,0,0.981845688350983,0.009375,0.992076069730586,0.0315457413249211,0.0127591706539075,0,0,0.826086956521739,0.931089743589744,0.934351145038168,0.702786377708978,0.0335365853658537,0.0142405063291139,0.84044233807267,0.83987915407855,0,0.0264385692068429,0.966666666666667,0,0.97411003236246,0.95852534562212,0.0700934579439252,0.0391236306729265,0.00938967136150235,0.989214175654854,0.48006379585327,0.0807453416149068,0.104430379746835,0.116923076923077,0.688888888888889,0.102009273570325,0.993720565149137,0,0.749611197511664,0.975384615384615,0.00474683544303797,0,0.0105421686746988,0,0.00940438871473354,0.992199687987519,0.72,0.00803858520900321,0.00941915227629513,0.550239234449761,0.961844197138315,0.437209302325581,0.0485584218512898,0.0095389507154213,0.0493630573248408,0.015625,0,0.03125,0.0134932533733133,0.00941915227629513,0.0202492211838006,0.00609756097560976,0.0523809523809524,0.0552995391705069,0.0229357798165138,0.0172684458398744,0.00643086816720257,0.0267295597484277,0.0232558139534884,0.0576631259484067,0.0139968895800933,0.0188087774294671,0.00803858520900321,0.0127388535031847,0.0458860759493671,0.0186625194401244,0.018348623853211,0.0109204368174727,0.0359937402190923,0.0121765601217656,0.0121765601217656
"559",0.996830427892235,1,0.96793893129771,0.940251572327044,0.981566820276498,1,0.9015625,0.96937212863706,1,0,1,0,0.557959814528594,1,0.0415384615384615,0.00766871165644172,0,0.0138248847926267,0.9968,0.983231707317073,0.156202143950995,0.0304487179487179,0.990895295902883,0,0.955725190839695,0.244548286604361,0.108396946564885,0.99211356466877,0.455370650529501,0.679817905918058,0,0.68075117370892,0.765891472868217,0.289230769230769,0,1,0.0136570561456753,0.993930197268589,0.245901639344262,0.909774436090226,0,0.0166666666666667,0.00601503759398496,1,0.783783783783784,0.0238095238095238,0.49306625577812,0,0.473053892215569,0.127627627627628,0,0.993779160186625,0.264615384615385,1,0.894245723172628,0.17984496124031,0,0.978090766823161,0.961890243902439,0.893072289156627,0.298484848484848,0.427710843373494,0,0,0.906793048973144,0.828703703703704,0,0.98937784522003,0,0,0.855842185128983,0.00615384615384615,0.0184049079754601,1,0,0.709923664122137,0.0446153846153846,0.576219512195122,0.902973395931142,0.261290322580645,0,0.69969512195122,0.195814648729447,0.998466257668712,0.102446483180428,0.91131498470948,0.995384615384615,0.969512195121951,0.972265023112481,0.00895522388059702,0.986068111455108,1,0,0,0.976452119309262,0,0.286363636363636,0.983333333333333,0.00602409638554217,0.00766871165644172,0.625,0,0.279434850863422,1,0.109118086696562,1,0.00772797527047913,0.97542242703533,0,0.00758725341426404,0.00606980273141123,0.914241960183767,0.331782945736434,0.992236024844721,0,0.983257229832572,0.709230769230769,0,0,0.231481481481481,0,0.762422360248447,0.232771822358346,0.0780254777070064,0.972434915773354,0.13595166163142,0.996978851963746,0.996899224806202,0,0.539877300613497,0.933028919330289,0.474842767295597,0.990521327014218,0,0.995260663507109,0.024024024024024,0,0.203076923076923,0.613354037267081,0.506369426751592,0,0,0.976923076923077,0.762128325508607,0.153488372093023,1,0.00462962962962963,0.920122887864823,0.420886075949367,0.977678571428571,0.139020537124803,0.983180428134557,1,0.842266462480858,0.995384615384615,0,1,0,0,0.745709828393136,0.866965620328849,0.983180428134557,0.016793893129771,0,1,0.446031746031746,1,1,1,0.289120715350224,0.978819969742814,0.00154320987654321,0.943870014771049,0,0.897515527950311,0.360482654600302,0,0.981481481481482,0,0.841049382716049,1,0.111455108359133,0.98159509202454,0.948795180722892,0.991176470588235,0.977341389728097,0.113003095975232,0.376524390243902,0.919003115264797,0.953198127925117,0.0570987654320988,0.00153609831029186,0.9796875,0.861154446177847,0,0,0.282608695652174,0,1,0.252279635258359,0.886821705426357,0.740853658536585,0.987915407854985,0.418897637795276,0.423312883435583,0.278816199376947,0.920610687022901,0.968944099378882,0.883509833585477,0,0.87062404870624,0.173981191222571,0.940532081377152,0,0.0595419847328244,0.534883720930233,0.973846153846154,0.977099236641221,0.827160493827161,0.998480243161094,0.889408099688474,0,0.059375,0.666666666666667,0.995275590551181,0,0.992481203007519,0.979041916167665,0.549689440993789,0.558823529411765,0.989147286821705,1,0.351937984496124,0,0.897014925373134,0.517080745341615,0.965244865718799,0,0.9558599695586,0.9984375,1,0.949921752738654,0.545871559633027,0,0.964992389649924,0.521276595744681,0.00149700598802395,0.00149700598802395,0.197852760736196,0,0.146875,0.6732223903177,0,0.00455927051671732,0.0091324200913242,0.573795180722892,0.0421875,0.985959438377535,0.00934579439252336,0,0,0.226006191950464,1,0.976744186046512,0.897553516819572,0,0.87459807073955,0.866261398176292,0.677966101694915,0.595054095826893,0.444272445820433,0.455384615384615,0.00921658986175115,1,0.0952380952380952,0.691935483870968,0.958990536277603,0.0104790419161677,0.741085271317829,0,0.119266055045872,1,1,0.897674418604651,0,0.628224582701062,0.894736842105263,0,0,0.905263157894737,0.976780185758514,0,0,0.00154083204930663,0.977917981072555,0.876369327073552,0,0,0.377300613496933,0.989096573208723,0.795454545454545,0.393568147013783,0.661490683229814,0.960244648318043,0.00771604938271605,1,1,0.00618238021638331,0.967692307692308,1,0.976525821596244,0.996987951807229,0.187116564417178,0.310136157337368,0.272865853658537,0.973478939157566,0.943639291465378,0.0430769230769231,0.261275272161742,0.973805855161787,0.151376146788991,0.31044776119403,0.993827160493827,0.996865203761755,0.968992248062015,0.696062992125984,0.997010463378176,0.244131455399061,0.963470319634703,0.996875,0,0.317771084337349,0.530708661417323,0.0185185185185185,0.0473282442748092,0.00449775112443778,0.911450381679389,0.0307692307692308,0,0,0.228878648233487,0.9921875,0.0644171779141104,0.985530546623794,0.966205837173579,0.984591679506934,0.276923076923077,0.263074484944533,0.664615384615385,0.460674157303371,0,0.817764165390505,0.00604229607250755,0.0406626506024096,0.196646341463415,1,0.00154798761609907,0,0.321646341463415,0.00907715582450832,0.0218068535825545,0.467889908256881,1,0.277070063694268,1,0.968085106382979,0,0.991279069767442,0,1,0.827160493827161,1,0.00923076923076923,0.977134146341463,0,0.877488514548239,0.706708268330733,0.954198473282443,0.984848484848485,0.996946564885496,0.283048211508554,0.962674961119751,1,0,0.0229709035222052,1,1,0.325688073394495,0.881996974281392,0.962441314553991,0.949924127465857,1,0,0.119685039370079,1,0.00153846153846154,0,0.960567823343849,0.00778816199376947,0.046875,1,0.967238689547582,0.00313479623824451,0.626934984520124,0.404945904173107,0.982945736434109,0,0.872670807453416,0.996840442338073,0.360501567398119,0.598473282442748,0.792511700468019,0,0.154545454545455,0.9734375,1,0.431432973805855,1,0.975728155339806,0.0308641975308642,0.00151975683890578,0.983257229832572,0.993788819875776,0.96030534351145,0.687116564417178,0.0061633281972265,0.868217054263566,0.224085365853659,0.179902755267423,0.00462249614791988,0.614533965244866,0.600924499229584,0.594512195121951,0,0.281150159744409,0.914860681114551,0.631498470948012,0.509774436090226,0.0824742268041237,0,0,1,0.975794251134644,0,0.922480620155039,0.0094488188976378,0,0,0.998449612403101,0,1,0.764885496183206,0.511144130757801,1,0,0,0.993846153846154,0.967016491754123,0.725880551301684,0,0.00155763239875389,0.88821752265861,0.590634441087613,1,0.513595166163142,0.350467289719626,0,0.980538922155689,0,0.960998439937597,0.0854037267080745,0,0.00593471810089021,0.103125,0.480891719745223,0.972265023112481,0,0.95059880239521,0.977203647416413,1,0,0.0815047021943574,0.934747145187602,0.00159744408945687,1,1,0.00310077519379845,1,0.281776416539051,0.80640243902439,0.010989010989011,0.165354330708661,0.959055118110236,0.0062111801242236,0,0.969650986342944,0.00792393026941363,0.6578125,0.39509954058193,0,0.104294478527607,0.7424,0.239938080495356,0.973846153846154,0,0.137825421133231,0.440842787682334,0.945945945945946,0.877272727272727,0.962674961119751,0.743670886075949,0,0.984615384615385,0,0.966463414634146,0.380573248407643,0,1,1,1,0.615384615384615,0.981651376146789,0.128284389489954,0.18408736349454,0.942546583850932,0.885802469135803,0,0,0.992150706436421,0.9296875,0.0139751552795031,0.981337480559876,0.992223950233281,0.351226993865031,0.923076923076923,0.726844583987441,0.89409984871407,0,0.969040247678019,0.329652996845426,1,0.998468606431853,0,0.642633228840125,0.973186119873817,0,0.686520376175549,0.37442218798151,0.791356184798808,0.684627575277338,0.955357142857143,0.0787878787878788,0.985781990521327,1,0.980122324159021,0.292913385826772,0.0938461538461538,0.992343032159265,1,0.00455927051671732,0.784073506891271,0.447204968944099,0.256488549618321,0.76219512195122,1,0.882262996941896,1,0.12443095599393,0,0,0.818873668188737,0.00153846153846154,0,0.274809160305344,0,0.990783410138249,0.909365558912387,0.998454404945904,0.993874425727412,0.0804953560371517,0,0,0,0.169036334913112,0.0733229329173167,0.152886115444618,0,0,1,0.00758725341426404,0.279752704791345,1,0.589665653495441,0.970358814352574,0.648854961832061,0.638680659670165,0,1,0.386895475819033,0.493788819875776,0.92814371257485,0.989473684210526,0.389230769230769,0.00758725341426404,0.950995405819296,0.954954954954955,0,0.971810089020771,0.0137614678899083,0.985553772070626,0.427921092564492,0,0.00609756097560976,0.506430868167203,0.838810641627543,0,0.130841121495327,0.00904977375565611,0,0.7526395173454,0.023696682464455,1,0.321752265861027,0.992401215805471,0,0.374057315233786,0.321372854914197,0.86677367576244,0.0849358974358974,0.00459418070444104,0.00152905198776758,0.036979969183359,0,0.993993993993994,0.0384,0.979259259259259,0.00462249614791988,1,0,0.509063444108761,0.447737909516381,1,0,0.998489425981873,0,0.393468118195956,0.987841945288754,0,0.650914634146341,0.976599063962558,0.730708661417323,0.946624803767661,0.0332326283987915,0,1,0.268933539412674,0,0.678516228748068,0,0.0153139356814701,1,1,0.99390243902439,0.975346687211094,0.9859375,0,0.978723404255319,0.0182094081942337,0.343939393939394,0.283536585365854,0.993920972644377,0.990783410138249,0.99400299850075,0.992331288343558,0.0496894409937888,0.0153846153846154,0.984301412872841,0.961890243902439,0.718140929535232,0.980030721966206,1,0.969278033794163,0,0,0.982062780269058,0,0.0587349397590361,0,0.952234206471495,0.27602523659306,0.19175911251981,0.112462006079027,0.923076923076923,0,0.110429447852761,1,1,0.636645962732919,0.405604719764012,0.198821796759941,0.178247734138973,0.627943485086342,0,0.117199391171994,0.533541341653666,0.253943217665615,0.699248120300752,0.00772797527047913,0,0,0.316957210776545,1,0.609230769230769,0.220414201183432,0.610248447204969,0.879154078549849,0.990853658536585,0.958795562599049,0.981220657276995,1,0.9984375,0.546296296296296,0.416158536585366,0.998468606431853,0.00446428571428571,0.00603318250377074,0.875576036866359,0.00753012048192771,1,0.972809667673716,0,0.106583072100313,0,0.951937984496124,0,0.974358974358974,1,0.00301659125188537,0.833333333333333,1,0.652448657187994,0.618098159509202,0.887147335423197,0,0,0.92604501607717,0.942647058823529,0.986322188449848,0,0,0,0.23397913561848,0.49613601236476,0,0.441221374045802,0,0.91875,1,0.155763239875389,0.231117824773414,0,0.349840255591054,0.574923547400612,0.868827160493827,0.966966966966967,0.778816199376947,0,0.985871271585557,0.0169753086419753,1,0,0.978723404255319,0.0075642965204236,1,0.0187207488299532,0.00943396226415094,0,0,0.8202416918429,0.924528301886792,0.942684766214178,0.708841463414634,0.0242057488653555,0.00470957613814757,0.820552147239264,0.838855421686747,0,0.015625,0.968944099378882,0,0.987281399046105,0.954128440366973,0.0653188180404355,0.032258064516129,0.00309597523219814,1,0.468051118210863,0.0705329153605016,0.0933544303797468,0.116138763197587,0.687697160883281,0.0909090909090909,1,0,0.755795981452859,0.983308042488619,0.0031055900621118,0,0,0,0,1,0.708268330733229,0,0,0.533846153846154,0.959876543209877,0.417797888386124,0.0440060698027314,0,0.0470957613814757,0.0138248847926267,0,0.0277777777777778,0.00446428571428571,0,0.00914634146341463,0,0.0407523510971787,0.0487804878048781,0.012326656394453,0.014018691588785,0.00636942675159236,0.0248447204968944,0.0196374622356495,0.0504587155963303,0.00463678516228748,0.0166919575113809,0,0.00155038759689922,0.04,0.0031201248049922,0.0241691842900302,0,0.032258064516129,0.00149253731343284,0
"560",0.00792393026941363,0.00461538461538462,0.00755287009063444,0.00625,0.00627943485086342,0.00952380952380952,0.0232558139534884,0.00623052959501558,0.00923076923076923,0.990683229813665,0.00622083981337481,0.990740740740741,0.0031055900621118,0.00628930817610063,0,0,0.990853658536585,0.987635239567233,0.00773993808049536,0.00925925925925926,0,0,0.0045662100456621,0.992389649923896,0.0062402496099844,0,0.00155763239875389,0.00792393026941363,0.0015015015015015,0.00151285930408472,0,0.00307219662058372,0.00313971742543171,0.00154798761609907,0.990726429675425,0.0077639751552795,0.978851963746224,0.00911854103343465,0.00148367952522255,0.0075642965204236,0.995391705069124,0.987730061349693,0.998468606431853,0.00626959247648903,0.00318979266347687,0,0.0015552099533437,0,0.00298507462686567,0.00149253731343284,0.992307692307692,0.00782472613458529,0,0.00613496932515337,0.0219435736677116,0,0.990461049284579,0.0078003120124805,0.0091324200913242,0.0045045045045045,0.0031055900621118,0.00152439024390244,0,0.993690851735016,0.00473186119873817,0.0077639751552795,0.990683229813665,0.00759878419452888,0.992199687987519,0,0.0075187969924812,0,0,0.00594353640416048,0.992343032159265,0.0045662100456621,0,0.0045662100456621,0.0078740157480315,0,0.990566037735849,0.00153609831029186,0,0.00455927051671732,0.00154559505409583,0.00753012048192771,0.00928792569659443,0.00765696784073507,0.00925925925925926,0.995447647951442,0.0062015503875969,0.00773993808049536,0.992283950617284,0.993893129770992,0.00636942675159236,0.990867579908676,0.0184615384615385,0.00763358778625954,0.995481927710843,0.996889580093313,0.0153609831029186,0.992343032159265,0.00154559505409583,0.00777604976671851,0,0.00955414012738853,0.995290423861852,0.00914634146341463,0,0,0,0.0202177293934681,0,0.00775193798449612,0.995305164319249,0.00923076923076923,0.00152671755725191,0.993966817496229,0,0,0.993939393939394,0.00465116279069767,0.00154083204930663,0,0.00927357032457496,0,0.00601503759398496,0.00457317073170732,0.992283950617284,0.0107197549770291,0.00465116279069767,0,0.0046583850931677,0.992319508448541,0.00793650793650794,0,0.993779160186625,0,0,0.0125195618153365,0.992050874403816,0.995297805642633,0.00614439324116743,0.003125,0,0.00623052959501558,0,0.00605143721633888,0,0.00754147812971342,0,0.00769230769230769,0.00623052959501558,0.00459418070444104,0.00759878419452888,0,0.00909090909090909,0,0.990853658536585,0.00619195046439629,0.0121580547112462,0.00458715596330275,0,0.992492492492492,0.00765696784073507,0.00159744408945687,0.00955414012738853,0.00772797527047913,0.00612557427258806,0.00153846153846154,0.00766871165644172,0,0.00741839762611276,0,0.00920245398773006,0,0.993720565149137,0.00460829493087558,0.993920972644377,0.00307692307692308,0.00924499229583975,0,0.00770416024653313,0.00612557427258806,0.00749625187406297,0.00898203592814371,0,0,0.00474683544303797,0.00784929356357928,0,0,0.0078003120124805,0.0307692307692308,0.99251497005988,0.992125984251969,0.00154083204930663,0.992343032159265,0.00610687022900763,0,0.015625,0.0030441400304414,0.00757575757575758,0.0015527950310559,0,0.00155038759689922,0.0062015503875969,0.0093603744149766,0.00770416024653313,0.992138364779874,0.0061633281972265,0,0.00628930817610063,0,0,0.00764525993883792,0.00920245398773006,0.00771604938271605,0.00462249614791988,0.00920245398773006,0.00762195121951219,0.992424242424242,0,0.00150602409638554,0.00469483568075117,0.993836671802773,0.00755287009063444,0.00748502994011976,0.00921658986175115,0.00306748466257669,0.00938967136150235,0.00788643533123028,0.0188087774294671,0.992076069730586,0.0194319880418535,0,0.0064,0,0.00757575757575758,0.00927357032457496,0.00909090909090909,0.0061633281972265,0.00305810397553517,0,0.0060790273556231,0.00153139356814701,0,0,0,0,0,0.00302571860816944,0,0,0,0.00451807228915663,0,0.0063391442155309,0.995327102803738,0,0.992435703479576,0.0031104199066874,0.0062015503875969,0.00154798761609907,0.0076103500761035,0.992424242424242,0.00627943485086342,0.00916030534351145,0.00153374233128834,0,0,0.00155763239875389,0.995405819295559,0.00783699059561128,0,0.0032,0.0078003120124805,0,0.00307692307692308,0,0,0.0075642965204236,0.00956937799043062,0.0221518987341772,0.990936555891239,0.00151975683890578,0.0246913580246914,0.99236641221374,0,0.0226244343891403,0.0078125,0.990881458966565,0,0,0.00628930817610063,0.00314465408805031,0,0.995238095238095,0.0168970814132104,0.00784929356357928,0.00303951367781155,0.00154320987654321,0.0031104199066874,0.00606980273141123,0,0.00758725341426404,0.00920245398773006,0,0.00763358778625954,0.00463678516228748,0.00478468899521531,0.00610687022900763,0,0.0015220700152207,0.00151975683890578,0.00797448165869218,0.00631911532385466,0.961890243902439,0,0.00920245398773006,0,0.00149253731343284,0.00771604938271605,0.00928792569659443,0.00614439324116743,0,0.00911854103343465,0,0.00921658986175115,0.00949367088607595,0.992211838006231,0,0.0126182965299685,0,0.96319018404908,0,0.00766871165644172,0,0,0.992537313432836,0,0.00788643533123028,0,0.00802568218298555,0.00778816199376947,0.0077639751552795,0.00154083204930663,0.00159489633173844,0.00460829493087558,0,0.992319508448541,0.00463678516228748,0,0,0,0.0093167701863354,0,0.992283950617284,0,0,0,0.00462962962962963,0.00946372239747634,0,0.00643086816720257,0.00623052959501558,0.990867579908676,0.00298953662182362,0,0.00896860986547085,0.00308641975308642,0.0077639751552795,0,0.00451807228915663,0,0.00771604938271605,0.00316957210776545,0.00765696784073507,0.0075642965204236,0.00778816199376947,0.00152905198776758,0.00923076923076923,0.00906344410876133,0,0.00156739811912226,0.00773993808049536,0.00462249614791988,0,0.00768049155145929,0.00967741935483871,0.00606060606060606,0.00924499229583975,0.990697674418605,0,0.00909090909090909,0,0.99375,0.00775193798449612,1,0,0.00762195121951219,0.0061633281972265,0.9984375,0.0139968895800933,0.00156494522691706,0.00938967136150235,0,0.00628930817610063,0.00791139240506329,0.0015748031496063,0.00154798761609907,0.00308166409861325,0.992236024844721,0,0.00784929356357928,0.00773993808049536,0.00154798761609907,0.00923076923076923,0.00972447325769854,0,0.995398773006135,0.00916030534351145,0.00783699059561128,0.00309597523219814,0.0030441400304414,0,0.010989010989011,0.00154320987654321,0.0145161290322581,1,0.0031104199066874,0.00313971742543171,0.00303951367781155,0.993911719939117,0,0.00777604976671851,0.00461538461538462,0,0,0.992435703479576,0.993984962406015,0.00875912408759124,0.00762195121951219,0.992401215805471,0.00765696784073507,0.9953125,0.995419847328244,0.990461049284579,0.00928792569659443,0.993846153846154,0.00625,0.00627943485086342,0.00598802395209581,0.00906344410876133,0.992050874403816,0.993730407523511,0.0061633281972265,0.0075187969924812,0.00604229607250755,0,0.995268138801262,0.0229007633587786,0.00152439024390244,0.00920245398773006,0.00152905198776758,0,0.992331288343558,0.00765696784073507,0,0.00941915227629513,0,0.992412746585736,0,0.00155038759689922,0.00161030595813205,0.00906344410876133,0.992343032159265,0.00603318250377074,0.00764525993883792,0.00759878419452888,0.996908809891808,0,0.00486223662884927,0,0.00917431192660551,0.00451127819548872,0,0.00914634146341463,0.00153139356814701,0.00462249614791988,0,0.00158478605388273,0.00772797527047913,0.995341614906832,0,0.00773993808049536,0,0.003125,0.013953488372093,0.992331288343558,0,0.0078740157480315,0.00153374233128834,0.00771604938271605,0,0,0.00163934426229508,0.00302571860816944,0.00606060606060606,0.00627943485086342,0.004739336492891,0.990595611285266,0.00910470409711684,0,0.00622083981337481,0.00477707006369427,0,0.00920245398773006,0.00768049155145929,0.00763358778625954,0,0.00904977375565611,0,0,0.00928792569659443,0.0184899845916795,0.990963855421687,0.992199687987519,0.00788643533123028,0.00628930817610063,0,0.00940438871473354,0.00762195121951219,0,0.00796178343949045,0.0062992125984252,0.0239880059970015,0.992435703479576,0.00782472613458529,0.0156739811912226,0.00768049155145929,0.00628930817610063,0.995468277945619,0.00619195046439629,0.00625,0,0.00786163522012579,0,0.00593471810089021,0.003125,0.00750750750750751,0,0.0124031007751938,0.0093167701863354,0.00617283950617284,0.0143312101910828,0.0245398773006135,0.00765696784073507,0.00455927051671732,1,0.00151975683890578,0.00308166409861325,0,0.00307219662058372,0.0078003120124805,0.0046583850931677,0.00609756097560976,0.778280542986425,0,0.992424242424242,0.00769230769230769,0,0,0,0.995327102803738,0.00615384615384615,0.00460122699386503,0.00612557427258806,0.00914634146341463,0,0,0.990895295902883,0.992378048780488,0,0,0,0.993827160493827,0,0.00611620795107034,0.571860816944024,0.00155038759689922,0.0031496062992126,0.0121951219512195,0.00777604976671851,0.0030441400304414,0.00151515151515152,0.990839694656489,0.00599700149925037,0.00157728706624606,0.00154798761609907,0.0105740181268882,0.00910470409711684,0,1,0.00302571860816944,0.00453857791225416,0.995334370139969,0.00900900900900901,0,0.00793650793650794,0.00154083204930663,0.993670886075949,0.998463901689708,0.0016260162601626,0.0047244094488189,0,0,0.995440729483283,0.991922455573506,0.00452488687782805,0,0.00970873786407767,0,0.00918836140888208,0,0.00307692307692308,0,0.0111287758346582,0,0,0.998482549317147,0,0.990839694656489,0.00749625187406297,0.14937106918239,0.00900900900900901,0,0.00789889415481832,0.993874425727412,0.00151285930408472,0.00153609831029186,0.00613496932515337,0.992125984251969,0.00765696784073507,0.990654205607477,0,0.00763358778625954,0.995468277945619,0.0244274809160305,0.00627943485086342,0,0.00784929356357928,0,0.990639625585023,0.00930232558139535,0,0.990853658536585,0.00153609831029186,0,0,0.00782472613458529,0.0077639751552795,0.00598802395209581,0.00928792569659443,0.0046801872074883,0.990769230769231,0.00612557427258806,0.986342943854325,0.0201550387596899,0,0.00611620795107034,0.00777604976671851,0.00611620795107034,0.00914634146341463,0.921212121212121,0,0.00796178343949045,0.00766871165644172,0.00453857791225416,0.00757575757575758,0.00923076923076923,0.00909090909090909,0.992412746585736,0.995419847328244,0.00741839762611276,0.992424242424242,0,0.995334370139969,0.00622083981337481,0,0.00154798761609907,0,0.00773993808049536,0.990825688073395,0,0.00927357032457496,0.00918836140888208,0.00154559505409583,0.00148367952522255,0,0,0.0015600624024961,0,0,0.00157232704402516,0,0.00454545454545455,0,0.992076069730586,0,0.018957345971564,0.00476947535771065,0.0401854714064915,0.00149700598802395,0.00153374233128834,0.010590015128593,0.00909090909090909,0.0095389507154213,0.00628930817610063,0.00805152979066022,0.0093167701863354,0,0.00153609831029186,0.0078125,0,0,0.00770416024653313,0.995495495495496,0.00762195121951219,0.00460122699386503,0.993759750390016,0,0.992272024729521,0.0046583850931677,0.992063492063492,0.00762195121951219,0.00612557427258806,0,0.00469483568075117,0.00762195121951219,0.004739336492891,0.00306748466257669,0.0279503105590062,0.992447129909366,0.99537750385208,0.00473186119873817,0.00586510263929619,0.0075642965204236,0.992469879518072,0.990853658536585,0,0,0.00154798761609907,0.99079754601227,0,0.995433789954338,0.00783699059561128,0.0077639751552795,0.0331230283911672,0,0.992447129909366,0.00158227848101266,0.00154083204930663,0.0061633281972265,0.00750750750750751,0.00462249614791988,0,0.00628930817610063,0.882260596546311,0.00952380952380952,0.996884735202492,0.00745156482861401,1,0.00950871632329636,0,0.36734693877551,0.99236641221374,0.99537037037037,0.00461538461538462,0.00634920634920635,0.015015015015015,0.00454545454545455,0,0,0.00611620795107034,0.00749625187406297,0.995319812792512,0,0.0062111801242236,0.992424242424242,0.00798722044728434,0.00762195121951219,0,0.972222222222222,0,0.00920245398773006,0.00155763239875389,0,0,0,0.00476947535771065,0.00151515151515152,0.00623052959501558,0.992295839753467,0.00770416024653313,0.00918836140888208,0.998427672955975,0.992283950617284,0,0.992248062015504,0,0.00609756097560976,0.00479233226837061,0,0,0.00630914826498423,0.00940438871473354,0.00154320987654321,0.960122699386503,0,0.909952606635071,0.977029096477795,0.992343032159265,0.163297045101089,0,0,0.00455927051671732,0,0.960691823899371,0.957186544342508,0,0.9734375,0.990322580645161,0.947530864197531,0.969650986342944,0.95738203957382,0,0.968847352024922,0,0,0.963302752293578,0,0.931921331316188,0,0.0554699537750385,0,0
"561",0.768025078369906,0.772657450076805,0.788990825688073,0.791332263242376,0.776357827476038,0.790551181102362,0.786499215070644,0.77984496124031,0.792890262751159,0,0.784403669724771,0,0.62691131498471,0.785046728971963,0.260188087774295,0.233281493001555,0,0.0137614678899083,0.771428571428571,0.795384615384615,0.381395348837209,0.244019138755981,0.772445820433437,0,0.782208588957055,0.417061611374408,0.307931570762053,0.768987341772152,0.704545454545455,0.672256097560976,0.212538226299694,0.737984496124031,0.82807570977918,0.452160493827161,0,0.788819875776398,0.0152671755725191,0.781538461538462,0.44947209653092,0.803379416282642,0.00156494522691706,0.0106221547799697,0.00308641975308642,0.79047619047619,0.733652312599681,0.237947122861586,0.614906832298137,0.218408736349454,0.57078313253012,0.346969696969697,0,0.787037037037037,0.450076804915515,0.7900466562986,0.764705882352941,0.368088467614534,0,0.777602523659306,0.761978361669243,0.792944785276074,0.459541984732824,0.665144596651446,0.218500797448166,0,0.872,0.900763358778626,0,0.773291925465838,0,0.221528861154446,0.746969696969697,0.226586102719033,0.22360248447205,0.782012195121951,0,0.824961948249619,0.264525993883792,0.727692307692308,0.79080824088748,0.432565789473684,0,0.75,0.402124430955994,0.768292682926829,0.338414634146341,0.796946564885496,0.781538461538462,0.788018433179724,0.779969650986343,0.00152671755725191,0.7921875,0.775229357798165,0,0,0.781847133757962,0,0.48531684698609,0.781201848998459,0.00303030303030303,0.00463678516228748,0.678571428571429,0,0.482115085536547,0.775351014040562,0.33030303030303,0.78003120124805,0.00314465408805031,0.792834890965732,0.211690363349131,0.227272727272727,0.219662058371736,0.784591194968553,0.464678178963893,0.773006134969325,0,0.776255707762557,0.752321981424149,0,0.231124807395994,0.445300462249615,0,0.807153965785381,0.446345256609642,0.294770206022187,0.794117647058823,0.358778625954198,0.77760736196319,0.784829721362229,0,0.652777777777778,0.794348508634223,0.648648648648649,0.770569620253165,0,0.779552715654952,0.225266362252664,0,0.416403785488959,0.659375,0.626602564102564,0,0,0.775384615384615,0.970404984423676,0.377358490566038,0.773790951638066,0.229938271604938,0.80030959752322,0.530708661417323,0.786259541984733,0.352941176470588,0.781931464174455,0.777424483306836,0.763975155279503,0.77217125382263,0.20859872611465,0.77947932618683,0.2234375,0,0.921135646687697,0.770045385779123,0.78680981595092,0.243491577335375,0,0.773413897280967,0.5703125,0.788888888888889,0.773643410852713,0.768875192604006,0.450229709035222,0.781733746130031,0.232449297971919,0.786039453717754,0.226502311248074,0.781789638932496,0.511591962905719,0,0.775193798449612,0,0.785381026438569,0.78858024691358,0.342767295597484,0.78419452887538,0.835913312693498,0.791044776119403,0.799086757990868,0.309486780715397,0.496978851963746,0.786392405063291,0.788309636650869,0.272024729520866,0.204615384615385,0.776377952755905,0.760432766615147,0,0,0.489130434782609,0.00154083204930663,0.783004552352049,0.422900763358779,0.759936406995231,0.748484848484849,0.784962406015038,0.6109375,0.608895705521472,0.493690851735016,0.747252747252747,0.772093023255814,0.769113149847095,0,0.781733746130031,0.379968203497615,0.787066246056782,0.210526315789474,0.298937784522003,0.657407407407407,0.77984496124031,0.77760736196319,0.811059907834101,0.774539877300613,0.850467289719626,0,0.289676425269646,0.898484848484848,0.784375,0,0.774539877300613,0.788461538461538,0.653312788906009,0.592424242424242,0.769706336939722,0.775641025641026,0.545736434108527,0,0.784403669724771,0.616224648985959,0.79080824088748,0.224615384615385,0.778801843317972,0.783359497645212,0.776744186046512,0.822047244094488,0.591805766312595,0.22884012539185,0.792248062015504,0.617602427921093,0.22354694485842,0.207261724659607,0.346092503987241,0.206201550387597,0.362637362637363,0.689024390243902,0.218461538461538,0.227134146341463,0.223765432098765,0.685496183206107,0.252351097178683,0.801251956181534,0.0047244094488189,0.220338983050847,0,0.421800947867299,0.789638932496075,0.788018433179724,0.777258566978193,0,0.755134281200632,0.853030303030303,0.741885625965997,0.672307692307692,0.564814814814815,0.616459627329193,0.00465116279069767,0.773885350318471,0.319444444444444,0.738437001594896,0.8,0.235384615384615,0.722480620155039,0.223787167449139,0.320987654320988,0.789634146341463,0.780448717948718,0.778309409888357,0,0.714946070878274,0.789968652037618,0,0.217522658610272,0.77217125382263,0.778816199376947,0,0.214618973561431,0.220700152207002,0.786163522012579,0.793322734499205,0.220125786163522,0,0.551459293394777,0.789638932496075,0.773700305810398,0.493827160493827,0.694227769110764,0.762557077625571,0.209627329192547,0.770614692653673,0.777089783281734,0.230046948356808,0.784732824427481,0.783489096573209,0.793650793650794,0.794392523364486,0.374414976599064,0.471927162367223,0.492236024844721,0.779503105590062,0.781645569620253,0.0395136778115502,0.472952086553323,0.791277258566978,0.349768875192604,0.516417910447761,0.78783151326053,0.785488958990536,0.792682926829268,0.937402190923318,0.774096385542169,0.460691823899371,0.795107033639144,0.790551181102362,0,0.482388973966309,0.635071090047393,0.231124807395994,0.0464396284829721,0.225460122699387,0.764341085271318,0.243827160493827,0.22360248447205,0,0.421052631578947,0.786392405063291,0.291925465838509,0.791869918699187,0.800933125972006,0.790551181102362,0.49607535321821,0.496845425867508,0.791666666666667,0.5376,0,0.84031007751938,0.226100151745068,0.243827160493827,0.40273556231003,0.778309409888357,0.227202472952087,0,0.50609756097561,0.22239263803681,0.243285939968404,0.567026194144838,0.777080062794348,0.431279620853081,0.77207062600321,0.798425196850394,0,0.788461538461538,0.20398773006135,0.781679389312977,0.837245696400626,0.791666666666667,0.244897959183673,0.798484848484848,0.220657276995305,0.795031055900621,0.744444444444444,0.804878048780488,0.783825816485226,0.772797527047913,0.478260869565217,0.801242236024845,0.759878419452888,0.235562310030395,0.234930448222566,0.772585669781931,0.775229357798165,0.464506172839506,0.801232665639445,0.780254777070064,0.792944785276074,0.783742331288344,0,0.319182389937107,0.794435857805255,0.222910216718266,0,0.800314465408805,0.0031055900621118,0.252336448598131,0.778280542986425,0.780715396578538,0.0015748031496063,0.669266770670827,0.561128526645768,0.794952681388013,0.219284603421462,0.745007680491551,0.768370607028754,0.605723370429253,0.68558282208589,0.785150078988942,0,0.377535101404056,0.772797527047913,0.787925696594427,0.566978193146417,0.786153846153846,0.776859504132231,0.246875,0,0.784283513097072,0.781931464174455,0.786482334869432,0.783866057838661,0.235569422776911,0.765625,0.41743119266055,0.381342062193126,0.0031104199066874,0.833594976452119,0.685847589424572,0.680981595092024,0,0.44006309148265,0.782071097372488,0.784283513097072,0.605182926829268,0.294469357249626,0,0,0.776276276276276,0.786686838124054,0,0.769585253456221,0.00313479623824451,0,0,0.78783151326053,0,0.791469194312796,0.731411229135053,0.644478063540091,0.766467065868264,0,0,0.787596899224806,0.797583081570997,0.860643185298622,0.221198156682028,0,0.759512937595129,0.683641975308642,0.784251968503937,0.616923076923077,0.464566929133858,0,0.78494623655914,0.232114467408585,0.794435857805255,0.284591194968553,0,0.228571428571429,0.340694006309148,0.574225122349103,0.776234567901235,0,0.804248861911988,0.788109756097561,0.773353751914242,0,0.282539682539683,0.809210526315789,0.218241042345277,0.771212121212121,0.77557251908397,0.231231231231231,0.780337941628264,0.50231124807396,0.743034055727554,0.227629513343799,0.3734375,0.795631825273011,0.003125,0.225114854517611,0.799694189602447,0.223642172523962,0.806656101426308,0.513975155279503,0,0.30757341576507,0.758675078864353,0.472783825816485,0.785932721712538,0.216589861751152,0.358231707317073,0.641693811074919,0.796661608497724,0.78030303030303,0.807098765432099,0.83596214511041,0,0.792109256449165,0.222054380664653,0.787596899224806,0.572107765451664,0.217987804878049,0.775888717156105,0.7859375,0.773790951638066,0.661538461538462,0.78,0.341121495327103,0.409090909090909,0.78021978021978,0.758887171561051,0,0,0.780952380952381,0.774844720496894,0.233070866141732,0.790951638065523,0.790372670807453,0.54364471669219,0.781150159744409,0.754250386398764,0.762121212121212,0,0.78740157480315,0.519047619047619,0.792511700468019,0.785602503912363,0,0.862442040185471,0.7875,0.224299065420561,0.757527733755943,0.503105590062112,0.837313432835821,0.724409448818898,0.795795795795796,0.291916167664671,0.785714285714286,0.771121351766513,0.790123456790123,0.497607655502392,0.297839506172839,0.783536585365854,0.784073506891271,0.00151975683890578,1,0.604294478527607,0.421538461538462,0.755070202808112,0.773940345368917,0.763975155279503,0.784403669724771,0.154779969650986,0.210355987055016,0,0.798136645962733,0.219626168224299,0.225352112676056,0.430745814307458,0,0.792834890965732,0.781538461538462,0.768759571209801,0.775888717156105,0.304615384615385,0.211508553654743,0,0,0.375193798449612,0.283489096573209,0.340157480314961,0,0.208012326656394,0.769828926905132,0.0977099236641221,0.487460815047022,0.780907668231612,0.665644171779141,0.781591263650546,0.715821812596006,0.685325264750378,0,0.785819793205318,0.557993730407524,0.643081761006289,0.783783783783784,0.781874039938556,0.529680365296804,0.00154083204930663,0.790769230769231,0.795180722891566,0,0.786363636363636,0.222395023328149,0.798722044728435,0.592024539877301,0,0.00307219662058372,0.666666666666667,0.783699059561129,0.226153846153846,0.322834645669291,0.00458015267175573,0.00160771704180064,0.697466467958271,0.232919254658385,0.781553398058252,0.478593272171254,0.770167427701674,0.203053435114504,0.505311077389985,0.483516483516484,0.76984126984127,0.303656597774245,0.225460122699387,0.0015552099533437,0.253894080996885,0,0.784431137724551,0.206677265500795,0.785822021116139,0.232919254658385,0.771293375394322,0,0.597579425113464,0.684292379471229,0.770670826833073,0,0.781155015197568,0,0.525316455696203,0.789954337899543,0,0.684848484848485,0.775541795665635,0.714285714285714,0.79153605015674,0.248854961832061,0,0.779874213836478,0.421630094043887,0,0.735159817351598,0.217391304347826,0.230182926829268,0.780715396578538,0.774760383386581,0.776096822995461,0.773082942097027,0.774647887323944,0,0.792125984251968,0.0138674884437596,0.528963414634146,0.429906542056075,0.787596899224806,0.774143302180685,0.780821917808219,0.783333333333333,0.0632716049382716,0.236111111111111,0.788368336025848,0.781874039938556,0.852307692307692,0.781591263650546,0.778294573643411,0.807692307692308,0,0,0.776946107784431,0,0.2701062215478,0,0.799382716049383,0.413249211356467,0.406299212598425,0.321646341463415,0.796583850931677,0.0015552099533437,0.315047021943574,0.761978361669243,0.792511700468019,0.6640625,0.598802395209581,0.41506646971935,0.361990950226244,0.671383647798742,0.227480916030534,0.340625,0.669796557120501,0.463565891472868,0.836391437308868,0.218266253869969,0,0.2109375,0.507020280811232,0.779032258064516,0.663093415007657,0.442793462109955,0.803405572755418,0.776416539050536,0.76416539050536,0.794071762870515,0.7953125,0.7859375,0.791601866251944,0.618461538461539,0.538699690402477,0.786153846153846,0.233433734939759,0.223227752639517,0.789719626168224,0.00455927051671732,0.782608695652174,0.776579352850539,0,0.330658105939005,0,0.779503105590062,0,0.802469135802469,0.780337941628264,0.224961479198767,0.75,0.787234042553192,0.703001579778831,0.680061823802164,0.765337423312883,0,0,0.80064829821718,0.784023668639053,0.784403669724771,0,0,0.207006369426752,0.44359756097561,0.660436137071651,0,0.55054432348367,0,0.77602523659306,0.781299524564184,0.342767295597484,0.43609022556391,0,0.506976744186047,0.6328125,0.796610169491525,0.786039453717754,0.749221183800623,0.234567901234568,0.784810126582278,0.0345368916797488,0.784565916398714,0,0.783132530120482,0.00156739811912226,0.776190476190476,0.2328125,0.1421875,0,0,0.798473282442748,0.815165876777251,0.774436090225564,0.739393939393939,0.24024024024024,0.219242902208202,0.743670886075949,0.725075528700906,0,0.230529595015576,0.817054263565892,0,0.777251184834123,0.793261868300153,0.273716951788491,0.0330708661417323,0.215384615384615,0.766214177978884,0.545171339563863,0.281931464174455,0.316037735849057,0.315384615384615,0.85062893081761,0.306990881458967,0.781733746130031,0,0.913112164296998,0.78,0.00157728706624606,0,0.222388059701493,0,0.234108527131783,0.770061728395062,0.728155339805825,0.216429699842022,0.226917057902973,0.656200941915228,0.781789638932496,0.676380368098159,0.0379939209726444,0.216429699842022,0.0491283676703645,0.0199081163859112,0,0.204968944099379,0.230075187969925,0.222910216718266,0.238670694864048,0.208774583963691,0.0380952380952381,0.0444104134762634,0.237654320987654,0.0200927357032458,0.00796178343949045,0.0341085271317829,0.0200617283950617,0.0478395061728395,0.244929797191888,0.0217391304347826,0.2208,0.21996879875195,0.03125,0.204368174726989,0.0347432024169184,0.236363636363636,0.247692307692308,0.226666666666667,0.225155279503106
"562",0.450236966824645,0.457627118644068,0.456086286594761,0.477777777777778,0.441786283891547,0.438003220611916,0.513385826771654,0.455259026687598,0.454407294832827,0,0.447737909516381,0,0.565217391304348,0.4672,0.562596599690881,0.553488372093023,0,0.00627943485086342,0.462616822429907,0.470496894409938,0.61609907120743,0.549679487179487,0.466973886328725,0,0.505376344086022,0.625,0.638932496075353,0.461538461538462,0.651651651651652,0.572755417956656,0.541666666666667,0.590979782270607,0.566929133858268,0.698608964451314,0,0.437990580847724,0.0106870229007634,0.450301204819277,0.641566265060241,0.48382126348228,0.0015600624024961,0.0046656298600311,0.00151975683890578,0.449920508744038,0.560702875399361,0.55868544600939,0.637209302325581,0.557098765432099,0.639517345399698,0.61236802413273,0,0.440251572327044,0.634375,0.453125,0.491392801251956,0.593004769475358,0,0.487301587301587,0.452418096723869,0.487654320987654,0.754224270353303,0.670295489891135,0.558359621451104,0,0.515151515151515,0.543939393939394,0,0.46,0,0.555900621118012,0.563552833078101,0.551724137931034,0.561128526645768,0.458914728682171,0,0.616207951070336,0.564142194744977,0.6328125,0.495222929936306,0.605220228384992,0,0.594135802469136,0.593655589123867,0.44969512195122,0.590138674884438,0.513888888888889,0.450769230769231,0.494607087827427,0.455521472392638,0.00306278713629403,0.460443037974684,0.433179723502304,0,0,0.477564102564103,0,0.596302003081664,0.449074074074074,0.00154083204930663,0.00153609831029186,0.599688473520249,0,0.6513470681458,0.452681388012618,0.602118003025719,0.448657187993681,0.0031201248049922,0.456521739130435,0.560629921259843,0.534992223950233,0.55,0.498427672955975,0.590697674418605,0.445482866043614,0,0.443251533742331,0.600308641975309,0,0.555555555555556,0.713607594936709,0,0.581143740340031,0.631415241057543,0.626602564102564,0.46749226006192,0.691358024691358,0.451313755795981,0.444961240310077,0,0.62015503875969,0.5,0.7,0.458990536277603,0,0.449920508744038,0.553030303030303,0,0.647604327666152,0.604068857589984,0.609250398724083,0,0,0.452566096423017,0.625386996904025,0.609250398724083,0.451162790697674,0.54773082942097,0.493087557603687,0.596875,0.448484848484848,0.609872611464968,0.433697347893916,0.438485804416404,0.537177541729894,0.451313755795981,0.542857142857143,0.450682852807284,0.559375,0,0.596899224806202,0.48936170212766,0.466666666666667,0.556574923547401,0,0.443932411674347,0.594637223974763,0.444983818770227,0.449922958397535,0.450858034321373,0.671253822629969,0.458333333333333,0.5515625,0.478915662650602,0.559815950920245,0.483568075117371,0.642638036809816,0,0.457547169811321,0,0.534351145038168,0.46046511627907,0.607255520504732,0.447900466562986,0.487538940809969,0.451908396946565,0.46417445482866,0.586046511627907,0.59304084720121,0.525236593059937,0.498432601880878,0.584355828220859,0.545454545454545,0.458990536277603,0.503048780487805,0,0,0.66875,0.00154320987654321,0.446969696969697,0.591743119266055,0.515822784810127,0.570987654320988,0.455370650529501,0.67651632970451,0.69242658423493,0.660406885758998,0.457231726283048,0.463722397476341,0.482334869431644,0,0.562691131498471,0.621187800963082,0.481072555205047,0.541213063763608,0.581570996978852,0.630841121495327,0.469325153374233,0.469135802469136,0.52833078101072,0.442724458204334,0.524767801857585,0,0.596899224806202,0.650381679389313,0.443037974683544,0,0.457317073170732,0.463855421686747,0.633846153846154,0.536776212832551,0.457364341085271,0.465709728867624,0.638065522620905,0,0.495454545454545,0.597503900156006,0.480891719745223,0.54,0.464506172839506,0.447204968944099,0.445635528330781,0.477987421383648,0.609756097560976,0.552755905511811,0.475155279503106,0.639817629179331,0.553544494720965,0.546969696969697,0.5796875,0.557098765432099,0.598715890850722,0.578386605783866,0.538699690402477,0.563944530046225,0.548837209302326,0.63969465648855,0.545166402535658,0.464454976303318,0.004739336492891,0.5453125,0,0.601880877742947,0.462145110410095,0.467175572519084,0.540706605222734,0,0.48780487804878,0.530920060331825,0.597222222222222,0.594679186228482,0.546165884194053,0.689763779527559,0.00460829493087558,0.440758293838863,0.571428571428571,0.578025477707006,0.466141732283465,0.560606060606061,0.576744186046512,0.566096423017107,0.588509316770186,0.456883509833585,0.4576,0.508634222919937,0,0.627300613496933,0.485086342229199,0,0.547112462006079,0.495426829268293,0.459876543209877,0,0.554517133956386,0.535603715170279,0.450858034321373,0.504746835443038,0.565640194489465,0,0.622119815668203,0.4703125,0.561456752655539,0.592933947772657,0.631083202511774,0.45468509984639,0.549923195084485,0.465151515151515,0.453978159126365,0.56386292834891,0.471317829457364,0.467716535433071,0.4672,0.460342146189736,0.658267716535433,0.635528330781011,0.658536585365854,0.46656050955414,0.474763406940063,0.0246153846153846,0.7140625,0.471494607087827,0.630434782608696,0.688253012048193,0.447692307692308,0.458528951486698,0.474962063732929,0.652665589660743,0.448484848484848,0.719047619047619,0.464615384615385,0.439873417721519,0,0.646153846153846,0.593114241001565,0.551617873651772,0.0214395099540582,0.557750759878419,0.498442367601246,0.566820276497696,0.547880690737834,0,0.684698608964451,0.451104100946372,0.583724569640063,0.472,0.47900466562986,0.44945567651633,0.653968253968254,0.660377358490566,0.622848200312989,0.573505654281099,0,0.564465408805031,0.554380664652568,0.544478527607362,0.624233128834356,0.44888178913738,0.552995391705069,0,0.645259938837921,0.546142208774584,0.577287066246057,0.568535825545171,0.438184663536776,0.606349206349206,0.4448,0.462992125984252,0,0.462222222222222,0.535768645357686,0.457142857142857,0.571207430340557,0.471337579617834,0.552795031055901,0.473282442748092,0.536321483771252,0.49922480620155,0.567398119122257,0.490076335877863,0.483771251931994,0.455676516329705,0.6546875,0.462616822429907,0.439209726443769,0.567073170731707,0.554364471669219,0.449685534591195,0.45468509984639,0.614906832298137,0.496147919876733,0.469453376205788,0.48780487804878,0.468606431852986,0,0.57667731629393,0.458204334365325,0.548136645962733,0,0.469578783151326,0.00315955766192733,0.581504702194357,0.463268365817091,0.451816745655608,0.00155038759689922,0.610248447204969,0.638230647709321,0.479365079365079,0.5552,0.51937984496124,0.433870967741936,0.663507109004739,0.662576687116564,0.56828885400314,0,0.613564668769716,0.448979591836735,0.458914728682171,0.629230769230769,0.453292496171516,0.461538461538462,0.553125,0.00154083204930663,0.458841463414634,0.459119496855346,0.489953632148377,0.594180704441041,0.553459119496855,0.501557632398754,0.681818181818182,0.589490968801314,0.00154320987654321,0.661417322834646,0.884310618066561,0.632148377125193,0,0.59748427672956,0.476635514018692,0.62826420890937,0.591331269349845,0.559347181008902,0,0,0.447093889716841,0.470499243570348,0,0.487577639751553,0.003125,0,0,0.437106918238994,0,0.452380952380952,0.584639498432602,0.625377643504532,0.441578148710167,0,0,0.4578125,0.485714285714286,0.624806201550388,0.561349693251534,0,0.495412844036697,0.666666666666667,0.451761102603369,0.610169491525424,0.590837282780411,0,0.45625,0.550473186119874,0.4828125,0.568938193343899,0,0.540090771558245,0.6078125,0.964110929853181,0.45679012345679,0,0.473200612557427,0.469767441860465,0.432098765432099,0,0.575235109717868,0.502439024390244,0.545602605863192,0.452200303490137,0.435975609756098,0.572078907435508,0.44,0.654853620955316,0.542242703533026,0.543035993740219,0.588328075709779,0.480438184663537,0.0046656298600311,0.54953560371517,0.478129713423831,0.558730158730159,0.60731319554849,0.559055118110236,0,0.596302003081664,0.536624203821656,0.637345679012346,0.464939024390244,0.552262090483619,0.630434782608696,0.698541329011345,0.48644578313253,0.505279034690799,0.466772151898734,0.603421461897356,0,0.461068702290076,0.549230769230769,0.464396284829721,0.630331753554502,0.546969696969697,0.448698315467075,0.463452566096423,0.449297971918877,0.604037267080745,0.460708782742681,0.58307210031348,0.621283255086072,0.500770416024653,0.515576323987539,0,0,0.460815047021944,0.473851030110935,0.553822152886115,0.462732919254658,0.474497681607419,0.659409020217729,0.483619344773791,0.60952380952381,0.49306625577812,0,0.479430379746835,0.611635220125786,0.457186544342508,0.45226917057903,0,0.624420401854714,0.46801872074883,0.548989113530327,0.594976452119309,0.587423312883436,0.575075075075075,0.590551181102362,0.480974124809741,0.567278287461774,0.461172741679873,0.4484375,0.461300309597523,0.630225080385852,0.570982839313573,0.457680250783699,0.447204968944099,0.00308166409861325,0.604294478527607,1,0.602503912363067,0.56793893129771,0.461180124223602,0.506998444790047,0.4515625,0.145015105740181,0.536466774716369,0,0.541864139020537,0.54746835443038,0.559241706161137,0.587227414330218,0,0.483128834355828,0.498456790123457,0.453149001536098,0.459541984732824,0.586046511627907,0.552590266875981,0,0,0.609448818897638,0.614896988906498,0.5984375,0,0.546423135464231,0.438569206842924,0.236196319018405,0.662440570522979,0.44496855345912,0.618098159509202,0.464454976303318,0.593167701863354,0.592024539877301,0,0.460506706408346,0.676656151419558,0.686520376175549,0.490963855421687,0.455384615384615,0.636645962732919,0.00455927051671732,0.499215070643642,0.491577335375191,0,0.470499243570348,0.54953560371517,0.461172741679873,0.678071539657854,0,0.00463678516228748,0.699013157894737,0.526148969889065,0.567073170731707,0.599683544303797,0.00460829493087558,0.0016,0.526315789473684,0.563579277864992,0.444078947368421,0.61890243902439,0.451219512195122,0.554364471669219,0.694189602446483,0.612698412698413,0.5,0.612244897959184,0.548837209302326,0.00154798761609907,0.583201267828843,0,0.466565349544073,0.472,0.445112781954887,0.550769230769231,0.447077409162717,0,0.556748466257669,0.644859813084112,0.434579439252336,0,0.446808510638298,0,0.605723370429253,0.454961832061069,0,0.591049382716049,0.463949843260188,0.575471698113208,0.495238095238095,0.56859756097561,0,0.43944099378882,0.595541401273885,0,0.6,0.542986425339366,0.554347826086957,0.450479233226837,0.426791277258567,0.447289156626506,0.455950540958269,0.469767441860465,0,0.466141732283465,0.00924499229583975,0.635258358662614,0.598765432098765,0.459787556904401,0.454968944099379,0.455792682926829,0.457186544342508,0.0561622464898596,0.546310832025118,0.464856230031949,0.476923076923077,0.626543209876543,0.471582181259601,0.444954128440367,0.455246913580247,0,0,0.451851851851852,0,0.583076923076923,0.00158478605388273,0.475743348982786,0.579778830963665,0.644480519480519,0.600308641975309,0.50625,0.00154798761609907,0.588597842835131,0.445635528330781,0.450769230769231,0.589783281733746,0.675149700598802,0.630402384500745,0.579970104633782,0.596875,0.554517133956386,0.594135802469136,0.649452269170579,0.723172628304821,0.611963190184049,0.546165884194053,0,0.547839506172839,0.617322834645669,0.4368,0.547839506172839,0.63595166163142,0.646697388632873,0.501547987616099,0.445288753799392,0.493670886075949,0.460567823343849,0.445151033386327,0.456828885400314,0.583987441130298,0.590214067278288,0.451713395638629,0.555720653789004,0.560790273556231,0.509230769230769,0.00460122699386503,0.464831804281346,0.48159509202454,0,0.632850241545894,0,0.482758620689655,0,0.464231354642314,0.456086286594761,0.554033485540335,0.536547433903577,0.450980392156863,0.614791987673344,0.590062111801242,0.514820592823713,0,0,0.497553017944535,0.485842026825633,0.450229709035222,0,0,0.544585987261146,0.707132018209408,0.675465838509317,0,0.607963246554365,0,0.522292993630573,0.447040498442368,0.589456869009585,0.61171032357473,0,0.621835443037975,0.618238021638331,0.495297805642633,0.472012102874433,0.565015479876161,0.553654743390358,0.453821656050955,0.0553846153846154,0.447619047619048,0,0.462595419847328,0.00156985871271586,0.4375,0.562111801242236,0.335443037974684,0,0,0.530581039755352,0.497568881685575,0.477794793261868,0.63206106870229,0.569465648854962,0.555555555555556,0.565485362095532,0.495481927710843,0,0.543171114599686,0.473851030110935,0,0.455555555555556,0.471494607087827,0.614329268292683,0.0184899845916795,0.532507739938081,0.444954128440367,0.562305295950156,0.58161648177496,0.586538461538462,0.584097859327217,0.6120826709062,0.587253414264036,0.453543307086614,0,0.604724409448819,0.461068702290076,0,0,0.548725637181409,0,0.545736434108527,0.438356164383562,0.776898734177215,0.541666666666667,0.55607476635514,0.61259842519685,0.453834115805947,0.649847094801223,0.0200617283950617,0.557507987220447,0.0427892234548336,0.00938967136150235,0,0.452830188679245,0.54559043348281,0.552590266875981,0.564814814814815,0.552671755725191,0.0221870047543582,0.0230061349693252,0.537267080745342,0.00925925925925926,0.00158227848101266,0.0307692307692308,0.0138248847926267,0.0230769230769231,0.541284403669725,0.0198776758409786,0.555905511811024,0.538827258320127,0.0188976377952756,0.543343653250774,0.0442748091603053,0.555382215288612,0.51937984496124,0.55187969924812,0.541341653666147
"563",0.253164556962025,0.257364341085271,0.290322580645161,0.321486268174475,0.269230769230769,0.258012820512821,0.337480559875583,0.276461295418641,0.273846153846154,0,0.257861635220126,0,0.577464788732394,0.2491961414791,0.753894080996885,0.75077399380805,0,0.00156494522691706,0.257551669316375,0.28110599078341,0.717592592592593,0.764991896272285,0.274809160305344,0,0.289968652037618,0.673015873015873,0.731782945736434,0.263327948303716,0.619482496194825,0.528771384136858,0.744615384615385,0.537267080745342,0.443037974683544,0.646875,0,0.262578616352201,0.00927357032457496,0.252293577981651,0.722473604826546,0.314329738058552,0,0,0,0.2484375,0.436893203883495,0.774447949526814,0.585714285714286,0.743307086614173,0.694528875379939,0.717987804878049,0,0.256211180124224,0.681818181818182,0.257503949447077,0.322784810126582,0.90302066772655,0,0.283018867924528,0.290322580645161,0.351851851851852,0.666666666666667,0.621004566210046,0.750392464678179,0,0.341384863123994,0.392248062015504,0,0.29153605015674,0,0.732704402515723,0.352574102964119,0.746105919003115,0.75625,0.26646248085758,0,0.484066767830046,0.758409785932722,0.576506955177743,0.352564102564103,0.944353518821604,0,0.501529051987768,0.71319018404908,0.256211180124224,0.734567901234568,0.347286821705426,0.252713178294574,0.286153846153846,0.276827371695179,0,0.257188498402556,0.253869969040248,0,0,0.287319422150883,0,0.6609375,0.27906976744186,0,0,0.530516431924883,0,0.706436420722135,0.259083728278041,0.719083969465649,0.252380952380952,0,0.277258566978193,0.738437001594896,0.758998435054773,0.74491392801252,0.310618066561014,0.855590062111801,0.265432098765432,0,0.281733746130031,0.50077519379845,0,0.753488372093023,0.737169517884914,0,0.457943925233645,0.694189602446483,0.753577106518283,0.281733746130031,0.720496894409938,0.248475609756098,0.259026687598116,0,0.551083591331269,0.331775700934579,0.565354330708661,0.264659270998415,0,0.2384,0.743865030674847,0,0.700787401574803,0.529411764705882,0.55,0,0,0.277691107644306,0.465625,0.712903225806452,0.253588516746411,0.730407523510972,0.331240188383046,0.817891373801917,0.28110599078341,0.73354735152488,0.275700934579439,0.257648953301127,0.404651162790698,0.261345852895149,0.736334405144695,0.246105919003115,0.734789391575663,0,0.468152866242038,0.341500765696784,0.284829721362229,0.760061919504644,0,0.254573170731707,0.642405063291139,0.251612903225806,0.249216300940439,0.243034055727554,0.665629860031104,0.269592476489028,0.74294670846395,0.321044546850998,0.754887218045113,0.342679127725857,0.658805031446541,0,0.26813880126183,0,0.381395348837209,0.257097791798107,0.721183800623053,0.2515625,0.308892355694228,0.251121076233184,0.26625386996904,0.857361963190184,0.848623853211009,0.3328,0.310509554140127,0.729393468118196,0.738244514106583,0.26984126984127,0.358461538461538,0,0,0.6784,0,0.251533742331288,0.881278538812785,0.345425867507886,0.429457364341085,0.265432098765432,0.607371794871795,0.583975346687211,0.669826224328594,0.332814930015552,0.274725274725275,0.359447004608295,0,0.333860759493671,0.733652312599681,0.321259842519685,0.747648902821317,0.724505327245053,0.5453125,0.268217054263566,0.275494672754947,0.415360501567398,0.252713178294574,0.350157728706625,0,0.727554179566563,0.492283950617284,0.263406940063092,0,0.25,0.26865671641791,0.543478260869565,0.667189952904239,0.254716981132075,0.256410256410256,0.641025641025641,0,0.326625386996904,0.701421800947867,0.272151898734177,0.745709828393136,0.292758089368259,0.250401284109149,0.262830482115086,0.297971918876755,0.665137614678899,0.74805598755832,0.295133437990581,0.57984496124031,0.7442218798151,0.749244712990937,0.701892744479495,0.75,0.725832012678288,0.478658536585366,0.741029641185647,0.752721617418352,0.740625,0.531297709923664,0.747572815533981,0.280125195618153,0,0.721439749608764,0,0.694968553459119,0.261146496815287,0.27244094488189,0.332810047095761,0,0.351524879614767,0.354103343465046,0.5265625,0.640699523052464,0.64576802507837,0.563091482649842,0,0.248407643312102,0.755760368663594,0.529695024077046,0.281200631911532,0.739663093415008,0.481308411214953,0.759873617693523,0.795384615384615,0.260670731707317,0.267741935483871,0.337007874015748,0,0.510670731707317,0.330721003134796,0,0.727838258164852,0.339393939393939,0.282780410742496,0,0.751937984496124,0.741194486983155,0.293929712460064,0.377777777777778,0.755233494363929,0,0.629513343799058,0.279874213836478,0.422087745839637,0.860031104199067,0.526729559748428,0.294478527607362,0.751188589540412,0.255351681957187,0.249230769230769,0.741269841269841,0.287925696594427,0.26148969889065,0.277955271565495,0.248447204968944,0.785046728971963,0.648773006134969,0.685446009389671,0.272435897435897,0.308186195826645,0.00924499229583975,0.744783306581059,0.297939778129952,0.737654320987654,0.755656108597285,0.275430359937402,0.253588516746411,0.278637770897833,0.479495268138801,0.239329268292683,0.735759493670886,0.284615384615385,0.252764612954186,0,0.647692307692308,0.536231884057971,0.766457680250784,0.00626959247648903,0.740909090909091,0.344086021505376,0.736434108527132,0.758942457231726,0,0.764521193092622,0.266244057052298,0.719242902208202,0.268488745980707,0.290322580645161,0.272727272727273,0.670906200317965,0.668269230769231,0.502340093603744,0.773399014778325,0,0.396166134185303,0.742635658914729,0.74,0.74294670846395,0.252782193958665,0.747252747252747,0,0.655813953488372,0.731366459627329,0.750793650793651,0.585443037974684,0.249201277955272,1,0.239549839228296,0.271450858034321,0,0.26497005988024,0.728943338437979,0.254573170731707,0.390357698289269,0.245161290322581,0.729857819905213,0.285714285714286,0.74885145482389,0.335413416536661,0.520833333333333,0.297839506172839,0.265940902021773,0.250388802488336,0.688172043010753,0.293846153846154,0.251908396946565,0.757942511346445,0.748043818466354,0.257503949447077,0.252730109204368,0.939252336448598,0.317901234567901,0.282926829268293,0.294392523364486,0.274119448698315,0,0.789137380191693,0.259720062208398,0.733542319749216,0,0.287735849056604,0,0.7796875,0.245022970903522,0.294392523364486,0,0.51617873651772,0.620253164556962,0.277955271565495,0.743961352657005,0.396135265700483,0.259493670886076,0.653061224489796,0.522935779816514,0.460691823899371,0,0.725,0.266347687400319,0.263239875389408,0.627906976744186,0.248456790123457,0.265905383360522,0.7515625,0,0.258215962441315,0.24685534591195,0.291731669266771,0.48531684698609,0.741732283464567,0.357594936708861,0.7234375,0.690048939641109,0,0.538950715421304,0.501572327044025,0.549450549450549,0,0.877221324717286,0.332298136645963,0.526153846153846,0.754601226993865,0.767964071856287,0,0,0.247761194029851,0.283307810107198,0,0.318252730109204,0,0,0,0.261682242990654,0,0.258730158730159,0.41185647425897,0.553353658536585,0.23969465648855,0,0,0.25,0.307575757575758,0.476993865030675,0.742236024844721,0,0.342424242424242,0.537750385208012,0.255886970172684,0.581679389312977,0.834384858044164,0,0.277258566978193,0.72408293460925,0.290064102564103,0.80564263322884,0,0.74390243902439,0.719492868462758,0.568852459016393,0.278816199376947,0,0.316923076923077,0.280185758513932,0.252336448598131,0,0.827258320126783,0.292962356792144,0.753646677471637,0.246153846153846,0.251896813353566,0.75,0.242658423493045,0.695517774343122,0.424806201550388,0.751166407465008,0.7088,0.290271132376396,0,0.7375,0.283720930232558,0.757142857142857,0.529790660225443,0.608150470219436,0,0.734789391575663,0.470588235294118,0.683962264150943,0.282208588957055,0.748447204968944,0.773993808049536,0.603559870550162,0.314814814814815,0.354489164086687,0.297805642633229,0.45125786163522,0,0.271186440677966,0.737654320987654,0.257503949447077,0.625201938610662,0.747336377473364,0.252696456086287,0.265079365079365,0.257364341085271,0.526729559748428,0.268445839874411,0.745222929936306,0.720447284345048,0.302325581395349,0.330757341576507,0,0,0.248811410459588,0.31619937694704,0.730586370839937,0.274760383386581,0.260061919504644,0.649691358024691,0.324921135646688,0.437001594896332,0.31969696969697,0,0.28503937007874,0.647058823529412,0.255886970172684,0.249605055292259,0,0.5171875,0.294303797468354,0.755485893416928,0.499207606973059,0.884615384615385,0.401206636500754,0.518282988871224,0.29940119760479,0.717125382262997,0.282334384858044,0.260869565217391,0.277950310559006,0.670364500792393,0.704441041347626,0.258914728682171,0.256488549618321,0,0.421538461538462,0.602503912363067,1,0.466353677621283,0.2640625,0.367762128325509,0.261682242990654,0.138845553822153,0.729950900163666,0,0.401574803149606,0.746105919003115,0.743390357698289,0.961360123647604,0,0.265210608424337,0.310872894333844,0.261682242990654,0.266666666666667,0.735524256651017,0.750394944707741,0,0,0.726114649681529,0.748427672955975,0.804416403785489,0,0.744945567651633,0.258064516129032,0.335384615384615,0.668238993710692,0.249597423510467,0.524409448818898,0.274322169059011,0.558103975535168,0.515197568389058,0,0.260606060606061,0.621621621621622,0.58213716108453,0.302395209580838,0.266563944530046,0.646511627906977,0,0.303076923076923,0.290715372907154,0,0.296352583586626,0.730650154798762,0.255284552845528,0.5796875,0,0,0.583333333333333,0.4064,0.752336448598131,0.891547049441786,0,0,0.477064220183486,0.737421383647799,0.236928104575163,0.874806800618238,0.249614791987673,0.739064856711916,0.61171032357473,0.667197452229299,0.359177215189873,0.720257234726688,0.733017377567141,0,0.744444444444444,0,0.263803680981595,0.618506493506494,0.271056661562021,0.74294670846395,0.254807692307692,0,0.593323216995448,0.603448275862069,0.250783699059561,0,0.251141552511416,0,0.823809523809524,0.266770670826833,0,0.488549618320611,0.262992125984252,0.454833597464342,0.305732484076433,0.786039453717754,0,0.251968503937008,0.911111111111111,0,0.526315789473684,0.740399385560676,0.736600306278714,0.2656,0.246031746031746,0.273993808049536,0.277777777777778,0.269170579029734,0,0.27115987460815,0.00154083204930663,0.644961240310078,0.99375,0.260869565217391,0.252747252747253,0.25948406676783,0.264296754250386,0.034375,0.757575757575758,0.266990291262136,0.282843894899536,0.468315301391036,0.278207109737249,0.246153846153846,0.278816199376947,0,0,0.264661654135338,0,0.729230769230769,0.00158982511923688,0.297045101088647,0.960063897763578,0.730462519936204,0.738317757009346,0.336477987421384,0.0015625,0.776729559748428,0.248833592534992,0.254263565891473,0.546899841017488,0.63855421686747,0.727272727272727,0.905918057663126,0.515822784810127,0.751552795031056,0.72755905511811,0.565217391304348,0.727272727272727,0.481366459627329,0.726283048211509,0,0.73015873015873,0.638977635782748,0.23961661341853,0.477657935285054,0.69969512195122,0.530612244897959,0.356923076923077,0.23963133640553,0.292407108239095,0.270015698587127,0.248803827751196,0.25511811023622,0.742138364779874,0.779160186625194,0.258215962441315,0.754122938530735,0.734756097560976,0.375586854460094,0,0.262269938650307,0.276729559748428,0,0.712439418416801,0,0.308056872037915,0,0.274570982839314,0.264797507788162,0.73497688751926,0.421303656597774,0.251533742331288,0.502392344497608,0.514018691588785,0.328100470957614,0,0,0.317152103559871,0.310089020771513,0.268933539412674,0,0,0.737520128824477,0.769349845201238,0.560862865947612,0,0.836220472440945,0,0.331738437001595,0.253993610223642,0.69935691318328,0.709726443768997,0,0.796474358974359,0.5390625,0.325115562403698,0.296352583586626,0.4375,0.741140215716487,0.283891547049442,0.0815047021943574,0.248803827751196,0,0.26412213740458,0,0.254746835443038,0.762658227848101,0.460218408736349,0,0,0.407232704402516,0.313504823151125,0.302290076335878,0.464723926380368,0.736600306278714,0.73538961038961,0.377535101404056,0.378995433789954,0,0.762204724409449,0.273301737756714,0,0.274038461538462,0.288135593220339,0.762128325508607,0.00617283950617284,0.74294670846395,0.255707762557078,0.792663476874003,0.733124018838305,0.752396166134185,0.871715610510046,0.489731437598736,0.723765432098765,0.267716535433071,0,0.436708860759494,0.271889400921659,0,0,0.753424657534247,0,0.746081504702194,0.247663551401869,0.439418416801292,0.733438485804416,0.749603803486529,0.54675118858954,0.286858974358974,0.62015503875969,0.00765696784073507,0.730769230769231,0.057784911717496,0.00940438871473354,0,0.629213483146067,0.73030303030303,0.735202492211838,0.744186046511628,0.748466257668712,0.0063391442155309,0.0108359133126935,0.741379310344828,0.0062402496099844,0.00162074554294976,0.021875,0.00769230769230769,0.0077639751552795,0.755070202808112,0.0111464968152866,0.7536,0.740973312401884,0.00791139240506329,0.756630265210608,0.0428790199081164,0.750387596899225,0.695447409733124,0.748125937031484,0.748807631160572
"564",0.763866877971474,0.75314465408805,0.783004552352049,0.8048,0.760188087774295,0.761290322580645,0.784251968503937,0.798473282442748,0.767692307692308,0,0.759811616954474,0,0.708722741433022,0.760450160771704,0.286604361370716,0.263565891472868,0,0.00627943485086342,0.760064412238325,0.782270606531882,0.36517719568567,0.262738853503185,0.761240310077519,0,0.76,0.441679626749611,0.334384858044164,0.761075949367089,0.610091743119266,0.70398773006135,0.240853658536585,0.844375963020031,0.795918367346939,0.434514637904468,0,0.769706336939722,0.0138674884437596,0.761609907120743,0.475187969924812,0.729071537290715,0,0.00619195046439629,0.00463678516228748,0.778996865203762,0.797716150081566,0.267716535433071,0.622464898595944,0.235109717868339,0.610942249240122,0.35,0,0.76875,0.471786833855799,0.752704791344668,0.770440251572327,0.374009508716323,0,0.76984126984127,0.769113149847095,0.864274570982839,0.464898595943838,0.586314152410575,0.237421383647799,0,0.75,0.721439749608764,0,0.758190327613105,0,0.237261146496815,0.72782874617737,0.238828967642527,0.253846153846154,0.76416539050536,0,0.783987915407855,0.274844720496894,0.626728110599078,0.837620578778135,0.463934426229508,0,0.948012232415902,0.418429003021148,0.760242792109256,0.339506172839506,0.803981623277182,0.762269938650307,0.789473684210526,0.756630265210608,0.00610687022900763,0.743390357698289,0.769592476489028,0,0,0.787974683544304,0,0.470137825421133,0.765069551777434,0.00311526479750779,0.00473186119873817,0.666153846153846,0,0.480891719745223,0.757188498402556,0.328808446455505,0.759170653907496,0.0078740157480315,0.77639751552795,0.242857142857143,0.244167962674961,0.243034055727554,0.770670826833073,0.518575851393189,0.74491392801252,0,0.776049766718507,0.8887171561051,0,0.24922600619195,0.417721518987342,0,0.802816901408451,0.444617784711388,0.3136,0.768049155145929,0.347094801223242,0.758139534883721,0.761006289308176,0,0.647239263803681,0.797507788161994,0.55379746835443,0.762658227848101,0,0.748387096774194,0.26040061633282,0,0.421800947867299,0.662480376766091,0.628164556962025,0,0,0.779320987654321,0.757097791798107,0.38351822503962,0.764341085271318,0.25,0.788491446345257,0.559618441971383,0.78,0.371382636655949,0.762870514820593,0.762578616352201,0.745038167938931,0.766355140186916,0.222222222222222,0.758513931888545,0.229067930489731,0,0.72408293460925,0.824143070044709,0.770897832817337,0.264036418816388,0,0.759571209800919,0.616852146263911,0.771704180064309,0.766153846153846,0.767692307692308,0.440494590417311,0.78716744913928,0.250788643533123,0.774390243902439,0.245454545454545,0.811708860759494,0.52099533437014,0,0.7796875,0,0.739263803680982,0.767550702028081,0.322327044025157,0.775038520801233,0.763157894736842,0.760968229954614,0.761978361669243,0.33489827856025,0.539412673879444,0.777955271565495,0.788976377952756,0.282574568288854,0.236196319018405,0.775834658187599,0.767080745341615,0,0,0.50788643533123,0,0.765957446808511,0.45046439628483,0.761829652996845,0.72360248447205,0.764885496183206,0.577044025157233,0.534351145038168,0.483464566929134,0.763322884012539,0.778301886792453,0.830508474576271,0,0.735294117647059,0.391162029459902,0.775888717156105,0.235658914728682,0.310185185185185,0.634408602150538,0.775510204081633,0.76416539050536,0.831230283911672,0.768992248062015,0.767295597484277,0,0.298299845440495,0.710166919575114,0.772230889235569,0,0.755417956656347,0.778625954198473,0.652996845425868,0.599078341013825,0.7648,0.7632,0.524720893141946,0,0.779141104294479,0.679873217115689,0.780448717948718,0.241433021806854,0.761978361669243,0.774603174603175,0.751533742331288,0.756211180124224,0.6156202143951,0.246467817896389,0.7890625,0.620528771384137,0.235204855842185,0.231467473524962,0.386398763523957,0.225705329153605,0.33968253968254,0.720364741641337,0.24804992199688,0.242138364779874,0.244274809160305,0.665151515151515,0.279365079365079,0.771875,0.00617283950617284,0.227769110764431,0,0.409810126582278,0.765079365079365,0.75,0.762345679012346,0,0.818910256410256,0.725190839694656,0.868131868131868,0.749608763693271,0.61189358372457,0.504716981132076,0.00766871165644172,0.741626794258373,0.329704510108865,0.843949044585987,0.800623052959502,0.251162790697674,0.737007874015748,0.227906976744186,0.356374807987711,0.769347496206373,0.766773162939297,0.769352290679305,0,0.683890577507599,0.768,0,0.228395061728395,0.770516717325228,0.778649921507064,0,0.238095238095238,0.227692307692308,0.768370607028754,0.87244094488189,0.24203821656051,0,0.539781591263651,0.785826771653543,0.860215053763441,0.542319749216301,0.706070287539936,0.769349845201238,0.241112828438949,0.774539877300613,0.74806800618238,0.237717908082409,0.776579352850539,0.765354330708661,0.759677419354839,0.756589147286822,0.401244167962675,0.486780715396579,0.48062015503876,0.777424483306836,0.778501628664495,0.0402476780185759,0.433544303797468,0.782193958664547,0.366306027820711,0.464555052790347,0.76984126984127,0.777251184834123,0.792248062015504,0.728434504792332,0.75,0.426100628930818,0.7921875,0.767550702028081,0,0.513761467889908,0.628751974723539,0.259026687598116,0.0402476780185759,0.246177370030581,0.758998435054773,0.258461538461538,0.230650154798762,0,0.428125,0.76875,0.300155520995334,0.770358306188925,0.801526717557252,0.772012578616352,0.472178060413355,0.480645161290323,0.680817610062893,0.580487804878049,0,0.731481481481482,0.229832572298326,0.264437689969605,0.418960244648318,0.754330708661417,0.253067484662577,0,0.525741029641186,0.233644859813084,0.258730158730159,0.631415241057543,0.760629921259843,0.476190476190476,0.753225806451613,0.758346581875994,0,0.767511177347243,0.227692307692308,0.764795144157815,0.743390357698289,0.762439807383628,0.240625,0.770167427701674,0.235202492211838,0.731782945736434,0.815112540192926,0.760670731707317,0.782270606531882,0.7515625,0.481308411214953,0.750793650793651,0.760736196319018,0.24390243902439,0.256211180124224,0.758675078864353,0.765527950310559,0.505392912172573,0.729938271604938,0.760195758564437,0.784496124031008,0.757668711656442,0,0.335974643423138,0.770416024653313,0.238993710691824,0,0.779014308426073,0.00474683544303797,0.278816199376947,0.760736196319018,0.780952380952381,0.00156739811912226,0.678125,0.564945226917058,0.788553259141494,0.238924050632911,0.751181102362205,0.754414125200642,0.55188679245283,0.662015503875969,0.912908242612753,0,0.372854914196568,0.784688995215311,0.768759571209801,0.593700787401575,0.764525993883792,0.745874587458746,0.265822784810127,0,0.771121351766513,0.758566978193146,0.780063291139241,0.689274447949527,0.241758241758242,0.82484076433121,0.443057722308892,0.381426202321725,0.0015625,0.656549520766773,0.634945397815913,0.771384136858476,0,0.476874003189793,0.824367088607595,0.672281776416539,0.659476117103236,0.319880418535127,0,0,0.760542168674699,0.749230769230769,0,0.786604361370717,0.00470219435736677,0,0,0.766457680250784,0,0.77741935483871,0.721439749608764,0.633738601823708,0.7601246105919,0,0,0.76791277258567,0.784107946026987,0.758513931888545,0.238828967642527,0,0.767477203647416,0.657894736842105,0.764525993883792,0.632621951219512,0.506211180124224,0,0.761609907120743,0.248397435897436,0.803486529318542,0.31875,0,0.24287856071964,0.358044164037855,0.54679802955665,0.7484375,0,0.802752293577982,0.769953051643192,0.779320987654321,0,0.30298273155416,0.756622516556291,0.237096774193548,0.75625,0.756508422664625,0.253086419753086,0.756880733944954,0.491472868217054,0.744615384615385,0.252351097178683,0.364516129032258,0.769706336939722,0.00470957613814757,0.235109717868339,0.784615384615385,0.259554140127389,0.75,0.575235109717868,0,0.3234375,0.798045602605863,0.459876543209877,0.759375,0.235569422776911,0.392912172573189,0.521809369951535,0.787461773700306,0.866366366366366,0.770206022187005,0.724358974358974,0,0.753403933434191,0.241274658573596,0.741486068111455,0.563897763578275,0.243161094224924,0.759630200308166,0.771875,0.751181102362205,0.678683385579937,0.77639751552795,0.352848101265823,0.413249211356467,0.780152671755725,0.772585669781931,0,0,0.761453396524487,0.762057877813505,0.2496,0.772727272727273,0.77639751552795,0.545736434108527,0.779014308426073,0.685214626391097,0.759259259259259,0,0.776729559748428,0.493846153846154,0.773006134969325,0.7671875,0,0.690625,0.776729559748428,0.232339089481947,0.719685039370079,0.528771384136858,0.720543806646526,0.777952755905512,0.745098039215686,0.324116743471582,0.784251968503937,0.775351014040562,0.787596899224806,0.484025559105431,0.30952380952381,0.788343558282209,0.76219512195122,0.00307219662058372,0.755070202808112,0.56793893129771,0.466353677621283,1,0.761682242990654,0.74565560821485,0.765723270440252,0.153609831029186,0.24025974025974,0,0.837209302325581,0.221690590111643,0.23338485316847,0.463949843260188,0,0.775384615384615,0.783616692426584,0.754658385093168,0.755417956656347,0.334379905808477,0.245669291338583,0,0,0.373397435897436,0.289719626168224,0.389154704944179,0,0.240369799691834,0.756965944272446,0.116459627329193,0.483516483516484,0.767036450079239,0.652241112828439,0.756714060031596,0.766718506998445,0.731003039513678,0,0.76311844077961,0.5456,0.610328638497653,0.814701378254211,0.771822358346095,0.565687789799073,0.00310077519379845,0.806853582554517,0.812403100775194,0,0.758039816232772,0.248073959938367,0.758564437194127,0.505409582689335,0,0.00311526479750779,0.642276422764228,1,0.225505443234837,0.358520900321543,0.0062015503875969,0,0.717910447761194,0.244897959183673,0.769983686786297,0.512461059190031,0.773556231003039,0.238532110091743,0.503134796238245,0.511811023622047,0.845906902086677,0.30379746835443,0.23125,0,0.273010920436817,0,0.76605504587156,0.2112,0.779969650986343,0.229329173166927,0.77207062600321,0,0.675265553869499,0.628125,0.756714060031596,0,0.754198473282443,0,0.578274760383387,0.76969696969697,0,0.700305810397553,0.77567140600316,0.704866562009419,0.799679487179487,0.275650842266462,0,0.748019017432647,0.442879499217527,0,0.854914196567863,0.226244343891403,0.25077399380805,0.768982229402262,0.768621236133122,0.761689291101056,0.751974723538705,0.76031746031746,0,0.760188087774295,0.0138248847926267,0.507692307692308,0.473846153846154,0.761760242792109,0.773148148148148,0.758832565284178,0.7671875,0.0588235294117647,0.245222929936306,0.778861788617886,0.769706336939722,0.708841463414634,0.768875192604006,0.766718506998445,0.791277258566978,0,0,0.76355421686747,0,0.290322580645161,0,0.784496124031008,0.449111470113086,0.441082802547771,0.337899543378995,0.783359497645212,0.0015552099533437,0.330246913580247,0.758887171561051,0.780337941628264,0.713166144200627,0.574850299401198,0.410635155096012,0.383458646616541,0.665071770334928,0.228043143297381,0.324074074074074,0.663026521060842,0.428792569659443,0.698461538461538,0.244648318042813,0,0.235668789808917,0.492211838006231,0.758842443729904,0.660436137071651,0.429864253393665,0.652037617554859,0.817619783616692,0.766566265060241,0.815409309791332,0.77007874015748,0.770569620253165,0.766355140186916,0.6578125,0.576744186046512,0.764797507788162,0.248868778280543,0.243865030674847,0.840735068912711,0.00778816199376947,0.764525993883792,0.746130030959752,0,0.313694267515924,0,0.782131661442006,0,0.774691358024691,0.763608087091757,0.241538461538462,0.761146496815287,0.756880733944954,0.72755905511811,0.707692307692308,0.763866877971474,0,0,0.787096774193548,0.783185840707965,0.763440860215054,0,0,0.240887480190174,0.416793893129771,0.523809523809524,0,0.631741140215716,0,0.751181102362205,0.769230769230769,0.352941176470588,0.436728395061728,0,0.506389776357827,0.650077760497667,0.713166144200627,0.780674846625767,0.807874015748032,0.238244514106583,0.785031847133758,0.0469483568075117,0.760765550239234,0,0.772865853658537,0.00314465408805031,0.759750390015601,0.260188087774295,0.176377952755906,0,0,0.845801526717557,0.746388443017656,0.774539877300613,0.660550458715596,0.262518968133536,0.242088607594937,0.728549141965679,0.723564954682779,0,0.2574568288854,0.751181102362205,0,0.75594294770206,0.782472613458529,0.292569659442724,0.031201248049922,0.237654320987654,0.76103500761035,0.583596214511041,0.302795031055901,0.3408,0.336906584992343,0.742718446601942,0.313846153846154,0.782677165354331,0,0.72972972972973,0.747720364741641,0.00159235668789809,0,0.24390243902439,0,0.238546603475513,0.761171032357473,0.681159420289855,0.237341772151899,0.230283911671924,0.654458598726115,0.792993630573248,0.583460949464012,0.0396341463414634,0.23444976076555,0.060126582278481,0.0156494522691706,0,0.22397476340694,0.232277526395173,0.235849056603774,0.244929797191888,0.231481481481481,0.0348101265822785,0.0434108527131783,0.248073959938367,0.0155763239875389,0.00792393026941363,0.0296875,0.0201238390092879,0.0435458786936236,0.246489859594384,0.0170542635658915,0.239482200647249,0.24375,0.0333863275039746,0.248833592534992,0.0274390243902439,0.229230769230769,0.25,0.243609022556391,0.24251968503937
"565",0.9968,1,0.970948012232416,0.936688311688312,0.982258064516129,1,0.886217948717949,0.971428571428571,1,0,1,0,0.557275541795666,1,0.040625,0.00627943485086342,0,0.0155763239875389,0.9968,0.98145285935085,0.15251572327044,0.0322061191626409,0.993769470404984,0,0.95,0.259141494435612,0.106349206349206,0.987117552334944,0.465543644716692,0.689922480620155,0,0.687598116169545,0.762820512820513,0.28343949044586,0,1,0.02,0.995341614906832,0.262996941896024,0.907523510971787,0.00161290322580645,0.0171339563862928,0.0061633281972265,1,0.774877650897227,0.0266457680250784,0.51993620414673,0,0.476407914764079,0.125757575757576,0,0.992088607594937,0.261345852895149,1,0.8796875,0.168769716088328,0,0.979233226837061,0.957055214723926,0.911214953271028,0.29595015576324,0.429457364341085,0,0,0.898251192368839,0.82472613458529,0,0.990625,0,0,0.853582554517134,0.00625,0.0141287284144427,1,0,0.703125,0.043343653250774,0.565217391304348,0.890499194847021,0.280936454849498,0,0.699844479004666,0.209553158705701,0.998461538461539,0.108661417322835,0.898773006134969,0.995245641838352,0.965299684542587,0.962732919254658,0.0107361963190184,0.9858934169279,1,0,0,0.968,0,0.290015847860539,0.979495268138801,0.00773993808049536,0.00946372239747634,0.606635071090047,0,0.29047619047619,1,0.106060606060606,1,0.00943396226415094,0.976190476190476,0,0.0093603744149766,0.00798722044728434,0.90251572327044,0.336990595611285,0.993710691823899,0,0.986024844720497,0.696734059097978,0,0,0.22992125984252,0,0.758620689655172,0.245696400625978,0.0700325732899023,0.972049689440994,0.145736434108527,0.996908809891808,0.996879875195008,0,0.54066985645933,0.933858267716535,0.477165354330709,0.990476190476191,0,0.993527508090615,0.0234375,0,0.2096,0.627388535031847,0.50402576489533,0,0,0.974882260596546,0.757433489827856,0.165584415584416,1,0.0062992125984252,0.921011058451817,0.417197452229299,0.978428351309707,0.142857142857143,0.984251968503937,1,0.834621329211746,0.993720565149137,0,1,0,0,0.739268680445151,0.865740740740741,0.984472049689441,0.02,0,1,0.445161290322581,1,1,1,0.288611544461778,0.975116640746501,0.0015748031496063,0.946070878274268,0,0.899212598425197,0.373831775700935,0,0.9792,0,0.855784469096672,1,0.119808306709265,0.977742448330684,0.945652173913043,0.990867579908676,0.973643410852713,0.108832807570978,0.381619937694704,0.921221864951768,0.940705128205128,0.0537124802527646,0.0062402496099844,0.97933227344992,0.851968503937008,0,0,0.288676236044657,0.00156494522691706,1,0.265116279069767,0.8688,0.757716049382716,0.989280245022971,0.421383647798742,0.425465838509317,0.280314960629921,0.91692789968652,0.961783439490446,0.874425727411945,0,0.8801261829653,0.185007974481659,0.936808846761453,0,0.0693815987933635,0.521259842519685,0.976489028213166,0.975384615384615,0.818040435458787,0.998425196850394,0.896875,0,0.0708661417322835,0.653435114503817,0.993670886075949,0,0.995412844036697,0.978328173374613,0.5390625,0.544461778471139,0.990445859872611,1,0.35423197492163,0,0.88062015503876,0.516380655226209,0.967585089141005,0,0.95738203957382,0.998389694041868,1,0.95583596214511,0.530769230769231,0.00157977883096367,0.966507177033493,0.547140649149923,0.00455235204855842,0.00154559505409583,0.204180064308682,0,0.154093097913323,0.667185069984448,0,0.0031055900621118,0.0109546165884194,0.580745341614907,0.0380952380952381,0.982371794871795,0.0126582278481013,0,0,0.217806041335453,1,0.978021978021978,0.898595943837754,0,0.871544715447155,0.852080123266564,0.686804451510334,0.590189873417722,0.453543307086614,0.448165869218501,0.0109717868338558,1,0.0975232198142415,0.697368421052632,0.958990536277603,0.0125588697017268,0.744038155802862,0,0.124605678233438,1,1,0.8832,0,0.636080870917574,0.875,0,0,0.889570552147239,0.979299363057325,0,0.0015748031496063,0,0.976415094339623,0.887480190174326,0,0,0.379746835443038,0.988906497622821,0.775417298937785,0.406491499227202,0.648264984227129,0.959311424100156,0.00930232558139535,1,1,0.0047244094488189,0.96411856474259,1,0.979233226837061,0.996918335901387,0.181533646322379,0.30804248861912,0.277511961722488,0.972668810289389,0.936102236421725,0.053125,0.261075949367089,0.973354231974922,0.15600624024961,0.296969696969697,0.993730407523511,0.99685534591195,0.96417445482866,0.6816,0.998470948012232,0.238473767885533,0.959564541213064,0.996820349761526,0,0.312307692307692,0.528481012658228,0.018957345971564,0.0563380281690141,0.00455235204855842,0.910094637223975,0.0279503105590062,0,0,0.226209048361934,0.993610223642173,0.0719874804381847,0.983818770226537,0.967084639498433,0.985714285714286,0.271860095389507,0.279742765273312,0.663461538461538,0.458881578947368,0,0.827102803738318,0.0106870229007634,0.0398162327718224,0.206896551724138,1,0.0015748031496063,0,0.315625,0.00925925925925926,0.0238095238095238,0.465408805031447,1,0.285031847133758,1,0.97339593114241,0,0.989505247376312,0,0.998463901689708,0.833850931677019,1,0.010989010989011,0.979750778816199,0,0.88503937007874,0.713592233009709,0.942989214175655,0.987421383647799,0.996870109546166,0.294952681388013,0.965189873417722,1,0,0.0202492211838006,1,1,0.339622641509434,0.881977671451356,0.967532467532468,0.949685534591195,1,0,0.112540192926045,1,0.00155038759689922,0,0.963722397476341,0.0111464968152866,0.0474683544303797,1,0.9671875,0.00316957210776545,0.621621621621622,0.421705426356589,0.980738362760835,0.00162074554294976,0.864779874213837,0.9968,0.36724960254372,0.597523219814242,0.781701444622793,0,0.16984126984127,0.974603174603175,0.998427672955975,0.451510333863275,1,0.975490196078431,0.0239234449760766,0.0015552099533437,0.982785602503912,0.993680884676145,0.947535771065183,0.680061823802164,0.00630914826498423,0.860979462875197,0.236391912908243,0.177152317880795,0.00772797527047913,0.6144,0.60952380952381,0.604361370716511,0,0.293460925039872,0.910094637223975,0.626749611197512,0.510077519379845,0.0770392749244713,0,0,1,0.983128834355828,0,0.918238993710692,0.0110236220472441,0,0,0.998422712933754,0,1,0.765354330708661,0.51840490797546,1,0,0,0.993720565149137,0.957511380880121,0.720679012345679,0,0.0032258064516129,0.867283950617284,0.590417310664606,1,0.530581039755352,0.361769352290679,0,0.981566820276498,0,0.951845906902087,0.0963081861958267,0,0.0075642965204236,0.111821086261981,0.495826377295493,0.970404984423676,0,0.949464012251149,0.976599063962558,1,0,0.0780254777070064,0.939698492462312,0.0032520325203252,1,1,0.00625978090766823,1,0.284375,0.814352574102964,0.00632911392405063,0.171428571428571,0.957878315132605,0.0113268608414239,0,0.96875,0.00651465798045603,0.648648648648649,0.379365079365079,0,0.1078125,0.735152487961477,0.251956181533646,0.973354231974922,0,0.14900153609831,0.44281045751634,0.943425076452599,0.891271056661562,0.963779527559055,0.7491961414791,0,0.984520123839009,0,0.968304278922345,0.38599348534202,0,1,1,1,0.631083202511774,0.986024844720497,0.135566188197767,0.186708860759494,0.946624803767661,0.868217054263566,0,0,0.990536277602524,0.933438985736926,0.0157232704402516,0.98125,0.990551181102362,0.363636363636364,0.924920127795527,0.723027375201288,0.875,0,0.965463108320251,0.333853354134165,1,0.998444790046656,0,0.634185303514377,0.971061093247588,0,0.669316375198728,0.379310344827586,0.793984962406015,0.686614173228347,0.96206373292868,0.0844854070660522,0.980769230769231,1,0.979623824451411,0.285714285714286,0.0968253968253968,0.989130434782609,1,0.0078003120124805,0.773940345368917,0.461180124223602,0.2640625,0.761682242990654,1,0.8828125,1,0.124042879019908,0,0,0.817034700315457,0.00318471337579618,0,0.285488958990536,0,0.989028213166144,0.911764705882353,0.998425196850394,0.993720565149137,0.0881889763779528,0,0,0,0.171749598715891,0.06957928802589,0.163265306122449,0,0,1,0.00933125972006221,0.282988871224165,1,0.577881619937695,0.9671875,0.658385093167702,0.632218844984802,0,1,0.384370015948963,0.492088607594937,0.917177914110429,0.986217457886677,0.383177570093458,0.00940438871473354,0.951638065522621,0.955453149001536,0,0.962790697674419,0.0171339563862928,0.986842105263158,0.423728813559322,0,0.0093603744149766,0.494233937397035,0.832535885167464,0,0.1408,0.0124031007751938,0.00161030595813205,0.749620637329287,0.0220472440944882,1,0.324615384615385,0.992307692307692,0,0.379527559055118,0.341423948220065,0.865040650406504,0.0884244372990354,0.00469483568075117,0.0031055900621118,0.0398724082934609,0,0.995461422087746,0.0372771474878444,0.978851963746224,0.00313971742543171,1,0,0.516819571865443,0.459842519685039,1,0,0.998470948012232,0,0.4,0.989247311827957,0,0.646058732612056,0.978964401294498,0.747235387045814,0.947284345047923,0.0342679127725857,0,1,0.266666666666667,0,0.684458398744113,0,0.0169753086419753,1,1,0.989214175654854,0.967084639498433,0.979365079365079,0,0.971563981042654,0.0245398773006135,0.346333853354134,0.291731669266771,0.990625,0.992223950233281,0.99388379204893,0.990566037735849,0.0518867924528302,0.0174050632911392,0.981727574750831,0.9578125,0.717791411042945,0.973478939157566,1,0.971786833855799,0,0,0.984962406015038,0,0.0667701863354037,0,0.952086553323029,0.291325695581015,0.204472843450479,0.116923076923077,0.91437802907916,0,0.111464968152866,1,1,0.634645669291339,0.407796101949025,0.203898050974513,0.190548780487805,0.6576,0,0.11214953271028,0.537242472266244,0.2546875,0.695447409733124,0.0077639751552795,0,0,0.303370786516854,1,0.602825745682888,0.22644376899696,0.615975422427035,0.875384615384615,0.993836671802773,0.961227786752827,0.979397781299525,1,0.998407643312102,0.547880690737834,0.42566510172144,0.998435054773083,0.00453857791225416,0.0108359133126935,0.866771159874608,0.010752688172043,1,0.976851851851852,0,0.104501607717042,0,0.946287519747235,0,0.973520249221184,1,0.00458015267175573,0.841194968553459,1,0.642405063291139,0.613601236476043,0.86762360446571,0,0,0.925686591276252,0.940909090909091,0.987519500780031,0,0,0,0.225114854517611,0.495268138801262,0,0.459842519685039,0,0.9185303514377,1,0.158982511923688,0.227692307692308,0,0.349282296650718,0.591772151898734,0.863636363636364,0.964560862865948,0.763779527559055,0,0.98705501618123,0.0157977883096366,1,0,0.978593272171254,0.00788643533123028,1,0.0192307692307692,0.0111821086261981,0,0,0.8234375,0.928455284552846,0.937019969278034,0.715384615384615,0.0288753799392097,0.0063391442155309,0.824367088607595,0.826219512195122,0,0.0174880763116057,0.968652037617555,0,0.988906497622821,0.954828660436137,0.065625,0.0453834115805947,0.00313479623824451,1,0.462639109697933,0.0770440251572327,0.0979133226324237,0.126959247648903,0.685154975530179,0.0916149068322981,1,0,0.754358161648177,0.984472049689441,0.0046875,0,0,0,0,1,0.721498371335505,0,0,0.536624203821656,0.9552,0.417460317460317,0.0523076923076923,0.00158982511923688,0.056,0.0202177293934681,0,0.0297339593114241,0.00458715596330275,0.00157977883096367,0.00941915227629513,0,0.0503937007874016,0.0607476635514019,0.0121580547112462,0.0204081632653061,0.00646203554119548,0.0283018867924528,0.0264385692068429,0.0602782071097372,0.00478468899521531,0.0202177293934681,0,0.0032,0.0498392282958199,0.00625,0.0259541984732824,0,0.0347551342812006,0.00153374233128834,0.00158227848101266
"566",0.873397435897436,0.879173290937997,0.8609375,0.847003154574132,0.871794871794872,0.888709677419355,0.825396825396825,0.873217115689382,0.885625965996909,0,0.881619937694704,0,0.602503912363067,0.878836833602585,0.171296296296296,0.132398753894081,0,0.015625,0.88961038961039,0.892018779342723,0.254317111459969,0.145662847790507,0.8796875,0,0.879256965944272,0.34384858044164,0.218700475435816,0.860576923076923,0.533950617283951,0.721362229102167,0.130030959752322,0.706624605678233,0.761904761904762,0.361635220125786,0,0.883464566929134,0.0139751552795031,0.8703125,0.354642313546423,0.822884012539185,0.0016025641025641,0.0154559505409583,0.003125,0.873990306946688,0.730392156862745,0.14446227929374,0.533653846153846,0.122186495176849,0.528771384136858,0.258409785932722,0,0.870813397129187,0.348031496062992,0.889415481832543,0.818611987381703,0.289902280130293,0,0.853080568720379,0.8609375,0.833594976452119,0.369496855345912,0.50547730829421,0.119426751592357,0,0.821428571428571,0.76813880126183,0,0.881619937694704,0,0.115141955835962,0.7953125,0.111635220125786,0.121835443037975,0.877300613496933,0,0.728682170542636,0.163009404388715,0.613207547169811,0.833865814696486,0.370491803278689,0,0.703761755485893,0.301075268817204,0.882534775888717,0.220496894409938,0.8328125,0.8798751950078,0.859872611464968,0.857589984350548,0.00465116279069767,0.8656,0.875786163522013,0,0,0.901273885350318,0,0.373250388802488,0.866877971473851,0.0046583850931677,0.00628930817610063,0.651828298887122,0,0.375601926163724,0.883280757097792,0.196969696969697,0.865384615384615,0.00643086816720257,0.857589984350548,0.123613312202853,0.126168224299065,0.131578947368421,0.840510366826156,0.442700156985871,0.875394321766562,0,0.874804381846635,0.712715855572998,0,0.122448979591837,0.319554848966614,0,0.75516693163752,0.316957210776545,0.194888178913738,0.863422291993721,0.250783699059561,0.886645962732919,0.8712715855573,0,0.595911949685535,0.848101265822785,0.516025641025641,0.8736,0,0.880645161290323,0.151001540832049,0,0.30379746835443,0.620472440944882,0.586038961038961,0,0,0.874411302982732,0.754385964912281,0.272292993630573,0.881889763779528,0.120634920634921,0.847962382445141,0.491143317230274,0.875957120980092,0.230145867098865,0.863849765258216,0.881789137380192,0.880503144654088,0.877358490566038,0.107544141252006,0.87175572519084,0.118670886075949,0,0.723300970873786,0.825077399380805,0.8671875,0.13713405238829,0,0.882896764252696,0.484076433121019,0.869565217391304,0.878930817610063,0.874613003095975,0.378670788253478,0.865203761755486,0.127760252365931,0.871317829457364,0.121396054628225,0.836220472440945,0.431888544891641,0,0.891679748822606,0,0.812893081761006,0.876190476190476,0.22884012539185,0.884676145339652,0.853168469860896,0.883509833585477,0.878274268104777,0.220095693779904,0.469483568075117,0.852564102564103,0.846153846153846,0.163297045101089,0.109004739336493,0.863057324840764,0.80188679245283,0,0,0.368670886075949,0.0015748031496063,0.87211093990755,0.356589147286822,0.810725552050473,0.735384615384615,0.878315132605304,0.494363929146538,0.484375,0.345718901453958,0.878548895899054,0.914149443561208,0.833333333333333,0,0.810344827586207,0.260586319218241,0.853035143769968,0.107936507936508,0.178187403993856,0.600313479623824,0.884493670886076,0.892424242424242,0.809904153354633,0.871317829457364,0.8359375,0,0.186520376175549,0.684129429892142,0.871019108280255,0,0.888024883359253,0.872894333843798,0.613672496025437,0.596244131455399,0.874603174603175,0.880452342487884,0.432859399684044,0,0.807395993836672,0.580286168521463,0.874183006535948,0.12111801242236,0.859133126934985,0.881410256410256,0.870662460567823,0.868878357030016,0.609717868338558,0.128930817610063,0.863275039745628,0.551937984496124,0.125193199381762,0.124615384615385,0.289389067524116,0.121069182389937,0.235955056179775,0.690184049079755,0.114241001564945,0.130434782608696,0.126760563380282,0.637614678899083,0.149350649350649,0.884430176565008,0.00634920634920635,0.119426751592357,0,0.310185185185185,0.883096366508689,0.868253968253968,0.832278481012658,0,0.825732899022801,0.799065420560748,0.6928,0.639625585023401,0.526813880126183,0.497592295345104,0.0062992125984252,0.866028708133971,0.1953125,0.695723684210526,0.872813990461049,0.131455399061033,0.778309409888357,0.123222748815166,0.227344992050874,0.871317829457364,0.872756933115824,0.824013157894737,0,0.671875,0.812792511700468,0,0.124416796267496,0.830769230769231,0.867834394904459,0,0.126760563380282,0.123244929797192,0.879227053140097,0.810509554140127,0.117174959871589,0,0.459842519685039,0.8928,0.770992366412214,0.490536277602524,0.71830985915493,0.884735202492212,0.132911392405063,0.875583203732504,0.889064976228209,0.1203125,0.88,0.8712715855573,0.87075928917609,0.878930817610063,0.285714285714286,0.376160990712074,0.353870458135861,0.876404494382023,0.910130718954248,0.0451713395638629,0.3390625,0.870253164556962,0.241433021806854,0.386949924127466,0.88125,0.884615384615385,0.867716535433071,0.707865168539326,0.875786163522013,0.324367088607595,0.876175548589342,0.879032258064516,0,0.384375,0.581847649918963,0.14622641509434,0.0469483568075117,0.130368098159509,0.978056426332288,0.147104851330203,0.121259842519685,0,0.314465408805031,0.872611464968153,0.191153238546603,0.879421221864952,0.864433811802233,0.877742946708464,0.355095541401274,0.358642972536349,0.700949367088608,0.540229885057471,0,0.789308176100629,0.124223602484472,0.155251141552511,0.274143302180685,0.89047619047619,0.12093023255814,0,0.394126738794436,0.12,0.14171974522293,0.496038034865293,0.873417721518987,0.385737439222042,0.888529886914378,0.868878357030016,0,0.876488095238095,0.104863221884498,0.871362940275651,0.801251956181534,0.880452342487884,0.138147566718995,0.870170015455951,0.118296529968454,0.812101910828026,0.693548387096774,0.870458135860979,0.876947040498442,0.871069182389937,0.355345911949686,0.8743961352657,0.869230769230769,0.136503067484663,0.145085803432137,0.881889763779528,0.892690513219285,0.41185647425897,0.807570977917981,0.858766233766234,0.859842519685039,0.879256965944272,0,0.230519480519481,0.878315132605304,0.127158555729984,0,0.875,0.00648298217179903,0.16984126984127,0.880551301684533,0.881804043545879,0.00158730158730159,0.64251968503937,0.469551282051282,0.872408293460925,0.116129032258065,0.946117274167987,0.881028938906752,0.450079239302694,0.652037617554859,0.746411483253589,0,0.253125,0.868589743589744,0.879936808846761,0.486571879936809,0.881804043545879,0.857142857142857,0.164296998420221,0.00157728706624606,0.875968992248062,0.874799357945425,0.863354037267081,0.705148205928237,0.122065727699531,0.814173228346457,0.308777429467085,0.269230769230769,0.00460122699386503,0.655448717948718,0.606299212598425,0.622083981337481,0,0.395730706075534,0.840510366826156,0.670295489891135,0.567441860465116,0.197869101978691,0,0,0.883333333333333,0.867394695787831,0,0.841772151898734,0.00626959247648903,0,0,0.8752,0,0.883223684210526,0.766929133858268,0.599063962558502,0.876947040498442,0,0,0.889408099688474,0.909230769230769,0.715396578538103,0.129429892141757,0.00161030595813205,0.813953488372093,0.652173913043478,0.896389324960754,0.562111801242236,0.446945337620579,0,0.868624420401855,0.12,0.870550161812298,0.192616372391653,0,0.120845921450151,0.236883942766296,0.511705685618729,0.871069182389937,0,0.846390168970814,0.88125,0.878693623639191,0,0.189189189189189,0.848837209302326,0.122719734660033,0.87673343605547,0.885093167701863,0.130094043887147,0.877934272300469,0.363636363636364,0.82018927444795,0.136291600633914,0.260450160771704,0.8828125,0.0062992125984252,0.119751166407465,0.865116279069767,0.126805778491172,0.689102564102564,0.437699680511182,0,0.210769230769231,0.731942215088282,0.325,0.876175548589342,0.1198738170347,0.25,0.495033112582781,0.85258358662614,0.809160305343511,0.866559485530547,0.746388443017656,0,0.884194053208138,0.127329192546584,0.861904761904762,0.460420032310178,0.13089802130898,0.8859375,0.887301587301587,0.879746835443038,0.624,0.873456790123457,0.230647709320695,0.275316455696203,0.856240126382307,0.81832298136646,0,0,0.883757961783439,0.84640522875817,0.1232,0.875993640699523,0.887658227848101,0.431464174454829,0.852988691437803,0.728414442700157,0.820552147239264,0,0.874411302982732,0.409162717219589,0.874418604651163,0.879556259904913,0,0.65814696485623,0.873801916932907,0.124605678233438,0.691318327974277,0.506289308176101,0.777448071216617,0.668831168831169,0.869631901840491,0.199692780337942,0.87800963081862,0.895475819032761,0.882260596546311,0.372964169381107,0.206624605678233,0.881889763779528,0.882262996941896,0.0046583850931677,0.763975155279503,0.506998444790047,0.367762128325509,0.74565560821485,0.8828125,1,0.878125,0.136294027565084,0.123355263157895,0,0.789308176100629,0.124401913875598,0.125588697017268,0.376360808709176,0,0.879310344827586,0.835658914728682,0.869701726844584,0.885145482388974,0.198738170347003,0.116987179487179,0,0,0.256735340729002,0.199044585987261,0.258730158730159,0,0.12093023255814,0.8798751950078,0.0498442367601246,0.359177215189873,0.888349514563107,0.629746835443038,0.888712241653418,0.636222910216718,0.603686635944701,0,0.884384384384384,0.447452229299363,0.55591054313099,0.846749226006192,0.874613003095975,0.445131375579598,0.00470219435736677,0.857142857142857,0.866251944012442,0,0.862385321100917,0.135646687697161,0.873376623376623,0.477449455676516,0,0.00625,0.57799671592775,0.802861685214626,0.129133858267717,0.235772357723577,0.00784929356357928,0.00162866449511401,0.769465648854962,0.136075949367089,0.87603305785124,0.424615384615385,0.87906976744186,0.119309262166405,0.4234375,0.37620578778135,0.820224719101124,0.219155844155844,0.124018838304553,0.00154798761609907,0.162118780096308,0,0.895705521472393,0.12280701754386,0.869894099848714,0.124401913875598,0.883306320907618,0,0.570987654320988,0.522292993630573,0.866251944012442,0,0.876543209876543,0,0.474358974358974,0.871317829457364,0,0.669781931464174,0.875399361022364,0.703821656050955,0.868253968253968,0.145962732919255,0,0.874411302982732,0.386942675159236,0,0.696456086286595,0.119266055045872,0.137984496124031,0.875806451612903,0.8816,0.879204892966361,0.861904761904762,0.877813504823151,0,0.883647798742138,0.0186335403726708,0.422600619195046,0.371294851794072,0.884914463452566,0.880690737833595,0.87789799072643,0.883720930232558,0.0540958268933539,0.137876386687797,0.877850162866449,0.86875,0.728395061728395,0.89873417721519,0.8765625,0.863636363636364,0,0,0.880916030534351,0,0.170278637770898,0,0.861244019138756,0.390879478827362,0.284109149277689,0.226059654631083,0.898550724637681,0,0.214618973561431,0.877934272300469,0.878125,0.65511811023622,0.487062404870624,0.30316742081448,0.297380585516179,0.639291465378422,0.1265625,0.222397476340694,0.603125,0.339116719242902,0.722222222222222,0.127186009538951,0,0.111111111111111,0.40064620355412,0.871589085072231,0.636792452830189,0.321981424148607,0.651419558359621,0.823712948517941,0.879154078549849,0.852032520325203,0.869009584664537,0.88562091503268,0.89171974522293,0.632075471698113,0.480559875583204,0.873634945397816,0.121028744326778,0.128834355828221,0.822605965463108,0.00775193798449612,0.879815100154083,0.8546875,0,0.233766233766234,0,0.868462757527734,0,0.878930817610063,0.876175548589342,0.112828438948995,0.837837837837838,0.88646967340591,0.6912,0.642857142857143,0.814756671899529,0,0,0.861563517915309,0.856927710843373,0.874608150470219,0,0,0.116316639741519,0.320373250388802,0.520569620253165,0,0.533123028391167,0,0.845906902086677,0.871382636655949,0.265923566878981,0.328220858895706,0,0.439490445859873,0.59047619047619,0.788643533123028,0.864696734059098,0.755070202808112,0.120253164556962,0.884868421052632,0.023696682464455,0.868878357030016,0,0.864485981308411,0.00479233226837061,0.876006441223833,0.121163166397415,0.0810372771474878,0,0,0.779527559055118,0.848287112561175,0.856702619414484,0.75,0.148773006134969,0.130365659777424,0.76056338028169,0.778625954198473,0,0.136507936507936,0.858730158730159,0,0.872611464968153,0.8703125,0.174726989079563,0.0347003154574132,0.11937984496124,0.872699386503067,0.544728434504792,0.180952380952381,0.219745222929936,0.235202492211838,0.695934959349593,0.201248049921997,0.880382775119617,0,0.739268680445151,0.876160990712074,0.00321543408360129,0,0.11854103343465,0,0.128325508607199,0.880248833592535,0.697115384615385,0.12280701754386,0.114779874213836,0.602523659305994,0.856230031948882,0.49922480620155,0.0429447852760736,0.130081300813008,0.0517799352750809,0.0143540669856459,0,0.12755905511811,0.127853881278539,0.1216,0.125,0.123052959501558,0.0461783439490446,0.049079754601227,0.139968895800933,0.0159489633173844,0.00644122383252818,0.0270700636942675,0.0186915887850467,0.0532915360501567,0.126182965299685,0.0203442879499218,0.110223642172524,0.117174959871589,0.0431309904153355,0.120063191153239,0.0310077519379845,0.119685039370079,0.143540669856459,0.120481927710843,0.120063191153239
"567",0.996850393700787,1,0.968847352024922,0.931854199683043,0.984276729559748,1,0.888888888888889,0.970172684458399,1,0,1,0,0.568992248062016,1,0.0391236306729265,0.00461538461538462,0,0.015600624024961,0.996825396825397,0.983154670750383,0.157566302652106,0.0275526742301459,0.987748851454824,0,0.958461538461538,0.259493670886076,0.10989010989011,0.98740157480315,0.476335877862595,0.692073170731707,0,0.695987654320988,0.766561514195584,0.287022900763359,0,1,0.0138248847926267,0.99390243902439,0.255223880597015,0.901215805471125,0.0015600624024961,0.0154320987654321,0.00615384615384615,1,0.770334928229665,0.0237341772151899,0.512539184952978,0,0.471385542168675,0.126888217522659,0,0.993759750390016,0.263803680981595,1,0.874603174603175,0.167464114832536,0,0.978056426332288,0.952453987730061,0.901538461538462,0.289922480620155,0.443768996960486,0,0,0.912698412698413,0.833333333333333,0,0.987441130298273,0,0,0.861111111111111,0.0015552099533437,0.01875,1,0,0.703196347031963,0.0427480916030534,0.575617283950617,0.888535031847134,0.264367816091954,0,0.717557251908397,0.202453987730061,0.998477929984779,0.106811145510836,0.907435508345979,0.996884735202492,0.96594427244582,0.976887519260401,0.0105740181268882,0.988888888888889,1,0,0,0.974683544303797,0,0.294656488549618,0.987616099071207,0.00612557427258806,0.00625978090766823,0.604615384615385,0,0.285935085007728,1,0.105343511450382,1,0.00946372239747634,0.973478939157566,0,0.0061633281972265,0.0061633281972265,0.90015600624025,0.332814930015552,0.993798449612403,0,0.986175115207373,0.727554179566563,0,0,0.221350078492936,0,0.768273716951788,0.255742725880551,0.0789049919484702,0.976851851851852,0.13595166163142,0.996951219512195,0.996908809891808,0,0.548238897396631,0.938485804416404,0.482371794871795,0.993690851735016,0,0.996774193548387,0.024390243902439,0,0.207874015748031,0.639937106918239,0.499212598425197,0,0,0.98145285935085,0.75625,0.159235668789809,1,0.0078125,0.923076923076923,0.409733124018838,0.980122324159021,0.139904610492846,0.986068111455108,1,0.834101382488479,0.995384615384615,0,1,0,0,0.746365105008078,0.856495468277946,0.984544049459042,0.0196671709531014,0,1,0.449367088607595,1,1,1,0.287901990811639,0.978527607361963,0.0015552099533437,0.952959028831563,0,0.889937106918239,0.376146788990826,0,0.98297213622291,0,0.851622874806801,1,0.112877583465819,0.983050847457627,0.953703703703704,0.992559523809524,0.975572519083969,0.0961240310077519,0.370992366412214,0.928343949044586,0.941269841269841,0.059190031152648,0.00455235204855842,0.981102362204724,0.846986089644513,0,0,0.29559748427673,0.00152905198776758,1,0.261001517450683,0.869701726844584,0.754250386398764,0.989425981873112,0.427899686520376,0.427258805513017,0.285714285714286,0.919003115264797,0.968553459119497,0.872503840245776,0,0.877112135176651,0.182258064516129,0.950155763239875,0,0.0689655172413793,0.527216174183515,0.976923076923077,0.977168949771689,0.819875776397516,0.998454404945904,0.897990726429675,0,0.0695517774343122,0.655538694992413,0.995260663507109,0,0.990783410138249,0.979010494752624,0.54,0.544323483670295,0.989197530864197,1,0.355694227769111,0,0.881278538812785,0.527950310559006,0.967585089141005,0,0.959090909090909,1,1,0.948356807511737,0.536321483771252,0.00158227848101266,0.967340590979782,0.550769230769231,0.00458715596330275,0.00150375939849624,0.19375,0,0.151273885350318,0.650914634146341,0,0.00460122699386503,0.0108695652173913,0.58761329305136,0.0364500792393027,0.985915492957746,0.0110759493670886,0,0,0.229329173166927,1,0.981481481481482,0.909785932721712,0,0.867298578199052,0.859327217125382,0.705148205928237,0.598449612403101,0.447574334898279,0.43015873015873,0.010752688172043,1,0.0921658986175115,0.70926517571885,0.9578125,0.013719512195122,0.743827160493827,0.00153846153846154,0.122291021671827,1,1,0.885758998435055,0,0.634259259259259,0.87789799072643,0,0,0.888888888888889,0.978125,0,0,0.00153609831029186,0.980891719745223,0.87719298245614,0,0,0.369327073552426,0.990740740740741,0.783410138248848,0.384375,0.660910518053375,0.965785381026439,0.0107692307692308,1,1,0.00317460317460317,0.966309341500766,1,0.974683544303797,0.996908809891808,0.184049079754601,0.314503816793893,0.281972265023112,0.971428571428571,0.941548183254344,0.0520673813169985,0.255485893416928,0.971830985915493,0.156589147286822,0.308157099697885,0.993865030674847,0.996830427892235,0.97045101088647,0.687106918238994,0.998475609756098,0.232227488151659,0.959938366718028,0.9968,0,0.319571865443425,0.533227848101266,0.0167682926829268,0.0551301684532925,0.00604229607250755,0.906542056074766,0.0230769230769231,0,0,0.226646248085758,0.992012779552716,0.0635658914728682,0.987012987012987,0.967441860465116,0.985959438377535,0.271186440677966,0.282780410742496,0.671339563862928,0.445686900958466,0,0.819444444444444,0.0150829562594268,0.0412844036697248,0.200927357032458,1,0.00155763239875389,0,0.323029366306028,0.00759878419452888,0.0205047318611987,0.462732919254658,1,0.278740157480315,1,0.968652037617555,0,0.994100294985251,0,0.998468606431853,0.833075734157651,1,0.0123647604327666,0.979938271604938,0,0.88006230529595,0.702362204724409,0.952086553323029,0.986175115207373,0.996879875195008,0.289922480620155,0.959311424100156,1,0,0.0277349768875193,1,1,0.327102803738318,0.881538461538461,0.961290322580645,0.95565749235474,1,0,0.111287758346582,1,0.00156739811912226,0,0.962674961119751,0.008,0.0515625,1,0.96594427244582,0.00312989045383412,0.61280487804878,0.417310664605873,0.984375,0.00159235668789809,0.868670886075949,0.996815286624204,0.3856,0.601851851851852,0.789147286821705,0,0.16820987654321,0.973101265822785,1,0.44392523364486,1,0.971061093247588,0.0297805642633229,0.00155763239875389,0.984709480122324,0.99375,0.95253164556962,0.695652173913043,0.0031201248049922,0.858895705521472,0.236476043276662,0.174193548387097,0.00307692307692308,0.612698412698413,0.609717868338558,0.602150537634409,0,0.294585987261146,0.902476780185758,0.638719512195122,0.519083969465649,0.0774962742175857,0,0,1,0.974358974358974,0,0.920807453416149,0.00796178343949045,0,0,0.998415213946117,0,1,0.772445820433437,0.522796352583587,1,0,0,0.993759750390016,0.967016491754123,0.720364741641337,0,0.00157232704402516,0.871212121212121,0.590417310664606,1,0.52241112828439,0.344444444444444,0,0.983308042488619,0,0.949921752738654,0.0892018779342723,0,0.0106221547799697,0.109907120743034,0.490228013029316,0.976599063962558,0,0.95619335347432,0.97360248447205,1,0,0.0761904761904762,0.936274509803922,0.00491803278688525,1,1,0.00778816199376947,1,0.294392523364486,0.801550387596899,0.00930232558139535,0.168224299065421,0.960753532182104,0.0111464968152866,0,0.971036585365854,0.00641025641025641,0.65378421900161,0.391167192429022,0,0.110260336906585,0.743264659270998,0.258461538461538,0.976958525345622,0,0.151001540832049,0.457928802588997,0.953453453453453,0.881638846737481,0.961180124223602,0.749201277955272,0,0.981623277182236,0,0.966981132075472,0.378640776699029,0,1,1,1,0.644409937888199,0.984399375975039,0.129133858267717,0.190697674418605,0.947204968944099,0.867283950617284,0,0,0.993865030674847,0.938871473354232,0.014308426073132,0.982704402515723,0.993788819875776,0.35968992248062,0.925632911392405,0.729133858267716,0.880916030534351,0,0.964341085271318,0.324324324324324,1,0.998452012383901,0,0.636507936507936,0.970031545741325,0,0.6801872074883,0.379416282642089,0.797317436661699,0.685446009389671,0.956325301204819,0.08649468892261,0.982731554160126,1,0.976635514018692,0.293650793650794,0.0979782270606532,0.992283950617284,1,0.00609756097560976,0.784403669724771,0.4515625,0.261682242990654,0.765723270440252,1,0.878125,1,0.126139817629179,0,0,0.816901408450704,0.0015600624024961,0,0.283255086071987,0,0.989113530326594,0.910631741140216,0.998442367601246,0.995356037151703,0.089622641509434,0,0,0,0.173228346456693,0.0754716981132075,0.153125,0,0,1,0.00769230769230769,0.284375,1,0.574102964118565,0.973228346456693,0.65284178187404,0.632835820895522,0,1,0.391442155309033,0.4984375,0.915773353751914,0.98780487804878,0.387096774193548,0.0108527131782946,0.953343701399689,0.95619335347432,0,0.973966309341501,0.0155763239875389,0.983844911147011,0.414483821263482,0,0.00769230769230769,0.518518518518518,0.834633385335413,0,0.127760252365931,0.00928792569659443,0.00159744408945687,0.755588673621461,0.0186046511627907,1,0.330246913580247,0.992260061919505,0,0.366153846153846,0.326984126984127,0.861417322834646,0.0910543130990415,0.00461538461538462,0.00309119010819165,0.0408805031446541,0,0.993948562783661,0.0381558028616852,0.977678571428571,0.00470957613814757,1,0,0.515933232169954,0.4640625,1,0,0.998456790123457,0,0.39873417721519,0.989214175654854,0,0.631259484066768,0.979782270606532,0.7546875,0.942492012779553,0.0351145038167939,0,1,0.262830482115086,0,0.691588785046729,0,0.0171073094867807,1,1,0.99388379204893,0.976377952755906,0.98159509202454,0,0.975232198142415,0.0215384615384615,0.335375191424196,0.288786482334869,0.993846153846154,0.992223950233281,0.992378048780488,0.990853658536585,0.0475460122699387,0.0123647604327666,0.985736925515055,0.960122699386503,0.719512195121951,0.981510015408321,1,0.97045101088647,0,0,0.980740740740741,0,0.0683890577507599,0,0.956589147286822,0.288888888888889,0.209856915739269,0.124807395993837,0.926332288401254,0,0.103448275862069,1,1,0.643410852713178,0.420353982300885,0.206489675516224,0.176560121765601,0.662992125984252,0,0.122861586314152,0.541471048513302,0.243034055727554,0.697709923664122,0.00925925925925926,0,0,0.309262166405024,1,0.608087091757387,0.227752639517345,0.610852713178295,0.870426829268293,0.987767584097859,0.956381260096931,0.98256735340729,1,0.998412698412698,0.550632911392405,0.413312693498452,0.998430141287284,0.00298507462686567,0.00910470409711684,0.864906832298137,0.0104790419161677,1,0.970172684458399,0,0.105008077544426,0,0.956656346749226,0,0.973926380368098,1,0.0076103500761035,0.830696202531646,1,0.63849765258216,0.611280487804878,0.873239436619718,0,0,0.928338762214984,0.941529235382309,0.987786259541985,0,0,0,0.225757575757576,0.490853658536585,0,0.454828660436137,0,0.926984126984127,1,0.162754303599374,0.234042553191489,0,0.345368916797488,0.595348837209302,0.862015503875969,0.959214501510574,0.764797507788162,0,0.9888,0.0156494522691706,1,0,0.981762917933131,0.00461538461538462,1,0.0203125,0.00791139240506329,0,0,0.820592823712949,0.928012519561815,0.931087289433384,0.711480362537764,0.024132730015083,0.00473186119873817,0.830455259026688,0.838905775075988,0,0.0157232704402516,0.970358814352574,0,0.984025559105431,0.953775038520801,0.0658307210031348,0.0436817472698908,0.00309597523219814,1,0.468454258675079,0.0733229329173167,0.0998415213946117,0.111111111111111,0.68370607028754,0.0938461538461538,1,0,0.767441860465116,0.979907264296754,0.0015527950310559,0,0,0,0,1,0.72859450726979,0,0,0.520440251572327,0.951026856240126,0.435658914728682,0.0494590417310665,0,0.054773082942097,0.0154798761609907,0,0.0267716535433071,0.00301659125188537,0,0.0061633281972265,0,0.056782334384858,0.0598159509202454,0.0139751552795031,0.0156739811912226,0.00161030595813205,0.0217391304347826,0.0217391304347826,0.06,0.00626959247648903,0.0170278637770898,0,0.00310077519379845,0.0458135860979463,0.0062015503875969,0.0228310502283105,0,0.0323574730354391,0.00150375939849624,0
"568",0.119122257053292,0.130568356374808,0.137462235649547,0.13713405238829,0.1198738170347,0.123028391167192,0.159509202453988,0.129485179407176,0.120795107033639,0.775157232704403,0.118279569892473,0.76,0.127131782945736,0.12280701754386,0.107197549770291,0.119195046439628,0.762917933130699,0.761978361669243,0.132075471698113,0.136503067484663,0.138036809815951,0.110210696920583,0.131498470948012,0.77557251908397,0.128398791540786,0.124223602484472,0.124615384615385,0.125195618153365,0.13963963963964,0.149230769230769,0.100609756097561,0.152542372881356,0.142857142857143,0.134762633996937,0.773006134969325,0.123613312202853,0.777439024390244,0.112633181126332,0.14540059347181,0.133738601823708,0.767692307692308,0.763197586726998,0.761760242792109,0.132283464566929,0.145339652448657,0.122257053291536,0.13312693498452,0.104776579352851,0.15220700152207,0.131934032983508,0.776923076923077,0.12093023255814,0.147465437788018,0.125960061443932,0.160246533127889,0.113707165109034,0.7671875,0.134615384615385,0.136503067484663,0.145705521472393,0.13109756097561,0.147013782542113,0.112341772151899,0.76303317535545,0.138314785373609,0.155384615384615,0.771121351766513,0.124807395993837,0.758778625954198,0.107644305772231,0.131419939577039,0.111951588502269,0.113496932515337,0.122727272727273,0.777609682299546,0.165644171779141,0.102874432677761,0.154320987654321,0.147798742138365,0.138436482084691,0.771384136858476,0.157894736842105,0.12874251497006,0.121804511278195,0.129969418960245,0.135384615384615,0.128637059724349,0.13914373088685,0.133738601823708,0.772659732540862,0.116640746500778,0.119515885022693,0.774343122102009,0.77217125382263,0.127358490566038,0.771121351766513,0.200617283950617,0.125960061443932,0.761329305135952,0.770897832817337,0.220839813374806,0.769585253456221,0.163297045101089,0.1203125,0.116138763197587,0.126168224299065,0.774494556765163,0.129485179407176,0.107476635514019,0.111620795107034,0.102134146341463,0.144615384615385,0.14,0.104361370716511,0.786604361370717,0.126524390243902,0.153495440729483,0.772590361445783,0.112135176651306,0.144171779141104,0.771558245083207,0.165891472868217,0.168970814132104,0.125391849529781,0.135670731707317,0.126717557251908,0.124624624624625,0.120426829268293,0.76219512195122,0.23206106870229,0.137071651090343,0.132283464566929,0.123028391167192,0.779456193353474,0.115444617784711,0.109445277361319,0.778120184899846,0.15625,0.138248847926267,0.22626582278481,0.776,0.763975155279503,0.132307692307692,0.150537634408602,0.137658227848101,0.127725856697819,0.107594936708861,0.134883720930233,0.120500782472613,0.134932533733133,0.123003194888179,0.130232558139535,0.12888198757764,0.132716049382716,0.121725731895223,0.105180533751962,0.127080181543116,0.106976744186047,0.769585253456221,0.146919431279621,0.147761194029851,0.127692307692308,0.115151515151515,0.770516717325228,0.119878603945372,0.140405616224649,0.124600638977636,0.116385911179173,0.117557251908397,0.12125748502994,0.125,0.106976744186047,0.126696832579186,0.112759643916914,0.148606811145511,0.127300613496933,0.754303599374022,0.107361963190184,0.785388127853881,0.128086419753086,0.12824427480916,0.126959247648903,0.121951219512195,0.132018209408194,0.112592592592593,0.129179331306991,0.110260336906585,0.130105900151286,0.147515527950311,0.140866873065015,0.103975535168196,0.108396946564885,0.133748055987558,0.164179104477612,0.772795216741405,0.764705882352941,0.179173047473201,0.773846153846154,0.119515885022693,0.14027149321267,0.1484375,0.134259259259259,0.134036144578313,0.1850699844479,0.129969418960245,0.162538699690402,0.131699846860643,0.13312693498452,0.145285935085008,0.771739130434783,0.131498470948012,0.139717425431711,0.13302034428795,0.1,0.107784431137725,0.223076923076923,0.127496159754224,0.134036144578313,0.145061728395062,0.124807395993837,0.140215716486903,0.767080745341615,0.111613876319759,0.160849772382398,0.118483412322275,0.773211567732116,0.122913505311077,0.125,0.221362229102167,0.130434782608696,0.125386996904025,0.122383252818035,0.228260869565217,0.768867924528302,0.16012084592145,0.147744945567652,0.140600315955766,0.104134762633997,0.136157337367625,0.122861586314152,0.110091743119266,0.12792511700468,0.147865853658537,0.111627906976744,0.132824427480916,0.135464231354642,0.101341281669151,0.0945945945945946,0.107476635514019,0.112977099236641,0.145569620253165,0.178947368421053,0.112135176651306,0.101978691019787,0.104776579352851,0.203647416413374,0.113029827315542,0.136577708006279,0.775700934579439,0.106811145510836,0.782945736434108,0.159126365054602,0.131172839506173,0.124223602484472,0.129429892141757,0.766153846153846,0.139717425431711,0.146525679758308,0.155015197568389,0.145482388973966,0.139605462822458,0.134585289514867,0.758139534883721,0.118564742589704,0.120426829268293,0.143533123028391,0.127496159754224,0.114551083591331,0.157733537519142,0.112462006079027,0.113003095975232,0.125757575757576,0.119047619047619,0.1546875,0.779279279279279,0.194189602446483,0.153250773993808,0.781733746130031,0.106766917293233,0.153846153846154,0.1265625,0.769465648854962,0.109062980030722,0.104387291981846,0.13166144200627,0.146645865834633,0.1104,0.77511961722488,0.26040061633282,0.1375,0.177710843373494,0.122324159021407,0.163076923076923,0.126331811263318,0.110429447852761,0.120845921450151,0.132307692307692,0.109546165884194,0.137715179968701,0.115562403697997,0.125,0.12,0.131455399061033,0.151376146788991,0.168711656441718,0.130094043887147,0.135646687697161,0.763719512195122,0.142635658914729,0.14,0.129969418960245,0.137313432835821,0.12443095599393,0.128325508607199,0.137345679012346,0.13946117274168,0.123076923076923,0.14064914992272,0.135176651305684,0.129541864139021,0.760188087774295,0.138931297709924,0.283255086071987,0.115740740740741,0.751533742331288,0.103915662650602,0.126738794435858,0.11178247734139,0.105263157894737,0.760902255639098,0.137285491419657,0.123630672926448,0.125766871165644,0.127158555729984,0.136986301369863,0.127725856697819,0.167449139280125,0.15748031496063,0.150387596899225,0.128,0.771428571428571,0.141321044546851,0.111613876319759,0.112121212121212,0.148484848484848,0.121642969984202,0.110429447852761,0.777945619335347,0.144817073170732,0.108597285067873,0.116719242902208,0.151285930408472,0.117647058823529,0.13015873015873,0.127388535031847,0.124416796267496,0.770045385779123,0.128129602356406,0.104072398190045,0.126696832579186,0.145482388973966,0.12280701754386,0.109737248840804,0.133131618759455,0.104615384615385,0.137770897832817,0.157407407407407,0.138763197586727,0.1328125,0.119010819165379,0.168195718654434,0.135725429017161,0.124437781109445,0.103448275862069,0.108562691131498,0.120556414219474,0.124423963133641,0.122511485451761,0.133956386292835,0.113237639553429,0.13587786259542,0.126888217522659,0.76875,0.116822429906542,0.122887864823349,0.114503816793893,0.770542635658915,0.128482972136223,0.777251184834123,0.1140625,0.107088989441931,0.131578947368421,0.761904761904762,0.226502311248074,0.128125,0.136577708006279,0.10377358490566,0.130094043887147,0.12480252764613,0.146645865834633,0.172256097560976,0.145510835913313,0.777604976671851,0.130970724191063,0.132283464566929,0.129969418960245,0.126153846153846,0.127853881278539,0.108943089430894,0.113354037267081,0.769465648854962,0.131419939577039,0.125193199381762,0.135593220338983,0.148484848484848,0.106317411402157,0.147919876733436,0.145482388973966,0.157723577235772,0.769113149847095,0.15600624024961,0.148205928237129,0.152073732718894,0.776934749620637,0.14446227929374,0.138248847926267,0.145896656534954,0.149546827794562,0.117210682492582,0.781487101669196,0.765765765765766,0.117384843982169,0.132824427480916,0.768072289156627,0.146831530139104,0.748822605965463,0.774242424242424,0.781299524564184,0.11402157164869,0.761904761904762,0.133647798742138,0.164086687306502,0.230884557721139,0.121212121212121,0.7703125,0.794753086419753,0.111455108359133,0.134128166915052,0.152567975830816,0.0929878048780488,0.779342723004695,0.170437405731523,0.18558282208589,0.128284389489954,0.126911314984709,0.146875,0.769938650306748,0.122727272727273,0.0979462875197472,0.142633228840125,0.119751166407465,0.77593984962406,0.107462686567164,0.11875,0.12540192926045,0.128284389489954,0.773643410852713,0.138599105812221,0.127105666156202,0.124054462934947,0.781874039938556,0.111627906976744,0.113085621970921,0.111642743221691,0.122571001494768,0.115677321156773,0.110942249240122,0.128086419753086,0.166153846153846,0.157566302652106,0.100154083204931,0.134920634920635,0.13677811550152,0.756965944272446,0.108191653786708,0.129518072289157,0.111642743221691,0.151898734177215,0.134259259259259,0.776772247360483,0.122511485451761,0.155802861685215,0.152542372881356,0.129230769230769,0.100463678516229,0.127272727272727,0.138211382113821,0.135135135135135,0.133535660091047,0.13109756097561,0.149068322981366,0.759630200308166,0.117557251908397,0.114155251141553,0.112135176651306,0.21875,0.103030303030303,0.130699088145897,0.128526645768025,0.12888198757764,0.123076923076923,0.122137404580153,0.123647604327666,0.14797507788162,0.134674922600619,0.158536585365854,0.767164179104478,0.766457680250784,0.123052959501558,0.120634920634921,0.115141955835962,0.132075471698113,0.123853211009174,0.176737160120846,0.1359375,0.165625,0.147590361445783,0.772795216741405,0.125193199381762,0.139356814701378,0.123076923076923,0.127131782945736,0.764880952380952,0.159126365054602,0.11937984496124,0.115264797507788,0.15552099533437,0.136570561456753,0.133928571428571,0.157894736842105,0.133433283358321,0.104545454545455,0.13946117274168,0.130434782608696,0.12962962962963,0.201587301587302,0.150234741784038,0.129429892141757,0.12443095599393,0.778280542986425,0.154779969650986,0.145015105740181,0.138845553822153,0.153609831029186,0.124042879019908,0.136294027565084,0.126139817629179,1,0.107765451664025,0.772590361445783,0.150470219435737,0.117004680187207,0.101382488479263,0.130699088145897,0.768875192604006,0.133942161339422,0.132218844984802,0.12326656394453,0.123853211009174,0.115264797507788,0.104361370716511,0.762331838565022,0.758998435054773,0.134883720930233,0.114906832298137,0.127105666156202,0.765163297045101,0.105504587155963,0.119266055045872,0.500756429652042,0.174726989079563,0.1234375,0.213846153846154,0.11496062992126,0.142201834862385,0.151424287856072,0.783866057838661,0.109970674486804,0.177847113884555,0.188180404354588,0.152466367713004,0.122356495468278,0.148484848484848,0.776073619631902,0.129829984544049,0.135338345864662,0.779816513761468,0.117117117117117,0.111627906976744,0.13166144200627,0.153963414634146,0.777950310559006,0.771558245083207,0.200320512820513,0.155905511811024,0.108728943338438,0.123417721518987,0.780152671755725,0.763116057233704,0.13622754491018,0.116743471582181,0.114832535885167,0.140030441400304,0.136986301369863,0.103343465045593,0.140030441400304,0.132192846034215,0.150943396226415,0.136,0.110599078341014,0.77217125382263,0.108527131782946,0.771472392638037,0.12443095599393,0.208530805687204,0.128318584070796,0.115987460815047,0.1234375,0.77557251908397,0.139183055975794,0.131868131868132,0.122324159021407,0.773940345368917,0.120243531202435,0.773643410852713,0.159055118110236,0.129713423831071,0.771689497716895,0.237593984962406,0.120743034055728,0.1321044546851,0.139717425431711,0.115207373271889,0.769230769230769,0.118827160493827,0.127131782945736,0.755255255255255,0.143721633888048,0.105263157894737,0.113636363636364,0.116459627329193,0.118195956454121,0.118618618618619,0.123839009287926,0.127496159754224,0.860429447852761,0.126365054602184,0.759090909090909,0.227342549923195,0.136503067484663,0.119266055045872,0.125581395348837,0.121987951807229,0.125574272588055,0.70398773006135,0.117647058823529,0.130990415335463,0.140030441400304,0.148091603053435,0.118279569892473,0.122727272727273,0.13587786259542,0.766816143497758,0.761329305135952,0.124816446402349,0.765765765765766,0.110606060606061,0.77293934681182,0.13914373088685,0.123630672926448,0.124203821656051,0.13109756097561,0.132283464566929,0.780821917808219,0.12824427480916,0.119448698315467,0.132018209408194,0.148318042813456,0.191679049034175,0.142222222222222,0.111613876319759,0.136577708006279,0.093558282208589,0.118012422360248,0.201248049921997,0.137345679012346,0.155455904334828,0.102167182662539,0.76049766718507,0.103937007874016,0.231611893583725,0.130298273155416,0.237366003062787,0.150297619047619,0.157733537519142,0.153374233128834,0.127080181543116,0.141045958795563,0.126168224299065,0.128367670364501,0.122834645669291,0.141122913505311,0.145234493192133,0.13109756097561,0.117734724292101,0.110105580693816,0.156773211567732,0.766768292682927,0.127627627627628,0.117737003058104,0.763523956723339,0.132075471698113,0.756923076923077,0.134052388289676,0.757575757575758,0.122887864823349,0.123076923076923,0.1,0.133333333333333,0.127659574468085,0.1984375,0.197247706422018,0.170046801872075,0.772519083969466,0.776744186046512,0.1328,0.141791044776119,0.131297709923664,0.774962742175857,0.769578313253012,0.0901898734177215,0.136636636636637,0.136923076923077,0.777950310559006,0.128440366972477,0.757668711656442,0.123052959501558,0.125786163522013,0.167449139280125,0.14630467571644,0.765671641791045,0.127962085308057,0.131901840490798,0.13030303030303,0.139430284857571,0.166153846153846,0.109756097560976,0.127358490566038,0.715610510046368,0.12241653418124,0.771028037383178,0.125186289120715,0.776234567901235,0.120689655172414,0.112654320987654,0.370486656200942,0.769347496206373,0.762870514820593,0.139570552147239,0.131410256410256,0.135542168674699,0.125377643504532,0.105812220566319,0.103395061728395,0.136434108527132,0.116941529235382,0.761006289308176,0.108728943338438,0.116564417177914,0.773556231003039,0.1248,0.136157337367625,0.113671274961598,0.754545454545455,0.0980091883614089,0.117378048780488,0.140845070422535,0.114551083591331,0.13166144200627,0.110773899848255,0.165876777251185,0.120845921450151,0.130568356374808,0.771028037383178,0.158218125960061,0.121725731895223,0.770670826833073,0.763975155279503,0.10762331838565,0.777777777777778,0.104134762633997,0.125960061443932,0.152487961476726,0.111111111111111,0.105511811023622,0.237048665620094,0.131782945736434,0.155963302752294,0.742128935532234,0.105769230769231,0.72884012539185,0.775541795665635,0.773700305810398,0.22884012539185,0.0936555891238671,0.108695652173913,0.109256449165402,0.112633181126332,0.746875,0.751902587519026,0.108728943338438,0.768518518518518,0.758241758241758,0.746105919003115,0.739663093415008,0.748103186646434,0.107197549770291,0.7673343605547,0.104265402843602,0.109375,0.752755905511811,0.110939907550077,0.711077844311377,0.102760736196319,0.149922720247295,0.109118086696562,0.109567901234568
"569",0.00325732899022801,0,0.0274193548387097,0.064891846921797,0.0165562913907285,0,0.104132231404959,0.0248344370860927,0,0,0,0,0.441558441558442,0,0.963875205254516,0.993579454253612,0,0.0016366612111293,0.00165562913907285,0.0147783251231527,0.844155844155844,0.963210702341137,0.00803858520900321,0,0.0432,0.743801652892562,0.896890343698854,0.00995024875621891,0.537720706260032,0.304347826086957,1,0.316476345840131,0.235679214402619,0.720893141945773,0,0,0.00489396411092985,0.00632911392405063,0.738654147104851,0.101748807631161,0,0,0,0,0.218487394957983,0.978618421052632,0.482644628099174,1,0.521060842433697,0.869085173501577,0,0.00815660685154975,0.740196078431373,0,0.112012987012987,0.830845771144279,0,0.0233722871452421,0.0355987055016181,0.103338632750397,0.714285714285714,0.563812600969305,1,0,0.0837520938023451,0.170731707317073,0,0.00978792822185971,0,1,0.13365539452496,0.991922455573506,0.985148514851485,0,0,0.288888888888889,0.962843295638126,0.42215088282504,0.0991735537190083,0.726027397260274,0,0.29903536977492,0.78060413354531,0.0016025641025641,0.883986928104575,0.088,0.00483091787439614,0.0323624595469256,0.0292682926829268,0,0.0145867098865478,0,0,0,0.0293637846655791,0,0.681672025723473,0.0194489465153971,0,0,0.384491114701131,0,0.713584288052373,0,0.903174603174603,0,0,0.0195758564437194,1,0.993537964458804,0.993537964458804,0.0827814569536424,0.656301145662848,0.0065252854812398,0,0.0159489633173844,0.297427652733119,0,1,0.763458401305057,0,0.232899022801303,0.756843800322061,0.926421404682274,0.0322061191626409,0.853035143769968,0.00318471337579618,0.00321543408360129,0,0.456730769230769,0.0637254901960784,0.503344481605351,0.0099009900990099,0,0.00664451827242525,0.977455716586151,0,0.793831168831169,0.367986798679868,0.483277591973244,0,0,0.0213114754098361,0.239165329052969,0.831423895253682,0,0.995065789473684,0.0765472312703583,0.576859504132231,0.0207006369426752,0.865894039735099,0.0163398692810458,0,0.17156862745098,0.00479233226837061,1,0,1,0,0.244698205546493,0.1392,0.0146579804560261,0.980613893376414,0,0,0.555555555555556,0,0,0,0.720706260032103,0.0210016155088853,0.998394863563403,0.0566037735849057,1,0.106844741235392,0.633173843700159,0,0.0209677419354839,0,0.150729335494327,0,0.884488448844885,0.0209677419354839,0.0496794871794872,0.0109034267912773,0.0227272727272727,0.903814262023217,0.619967793880837,0.0751633986928105,0.0560131795716639,0.948635634028893,0.995207667731629,0.0211726384364821,0.1328,0,0,0.713101160862355,0,0,0.737864077669903,0.12396694214876,0.246774193548387,0.00950871632329636,0.564437194127243,0.55663430420712,0.703389830508475,0.085667215815486,0.0411861614497529,0.121951219512195,0,0.115384615384615,0.821848739495798,0.0657894736842105,1,0.931854199683043,0.459546925566343,0.0228013029315961,0.0223642172523962,0.172697368421053,0,0.113085621970921,0,0.927652733118971,0.33868378812199,0.00495049504950495,0,0.00647249190938511,0.0224,0.455429497568882,0.440261865793781,0.00991735537190083,0,0.614634146341463,0,0.104928457869634,0.477759472817133,0.033167495854063,1,0.0443740095087163,0.00165837479270315,0,0.0439024390243902,0.461290322580645,1,0.029126213592233,0.452119309262166,0.995290423861852,0.998357963875205,0.8003300330033,1,0.847290640394089,0.326465927099842,1,0.996779388083736,0.9904,0.415873015873016,0.952145214521452,0.0181219110378913,0,1,0,0.765472312703583,0,0.0227642276422764,0.100813008130081,0,0.134328358208955,0.132165605095541,0.320846905537459,0.399022801302932,0.5456,0.537037037037037,0,0,0.909810126582278,0.297658862876254,0.039344262295082,0.9904,0.241830065359477,0.998389694041868,0.87800963081862,0,0,0.102819237147595,0,0.3552,0.109452736318408,0,1,0.0998415213946117,0.0178861788617886,0,0.998407643312102,1,0.0197368421052632,0.123102866779089,1,0,0.595081967213115,0.0115894039735099,0.2144,0.589951377633712,0.344771241830065,0.0465489566613162,0.9936,0,0,0.993485342019544,0.0388978930307942,0,0.0247524752475248,0.00321027287319422,0.801313628899836,0.688888888888889,0.722402597402597,0.0197044334975369,0.0564784053156146,0.00160771704180064,0.736497545008183,0.0277777777777778,0.836833602584814,0.692429022082019,0.00318471337579618,0.00328947368421053,0.0310457516339869,0.302013422818792,0.00322061191626409,0.756978653530378,0.0337078651685393,0,0,0.688291139240506,0.439469320066335,0.985436893203884,0.00161030595813205,0.992012779552716,0.0981996726677578,0.978723404255319,1,0,0.762738853503185,0.00814332247557003,0.921696574225122,0.0151006711409396,0.0310965630114566,0.0130505709624796,0.71900826446281,0.717863105175292,0.319218241042345,0.532646048109966,0,0.192616372391653,0.987321711568938,0.958664546899841,0.810289389067524,0,0.99837925445705,0,0.661835748792271,0.988906497622821,0.982055464926591,0.525806451612903,0,0.716393442622951,0,0.0279605263157895,0,0.00933125972006221,1,0.00158478605388273,0.181076672104405,0,0.99185667752443,0.0192616372391653,1,0.127450980392157,0.284297520661157,0.0507131537242472,0.014308426073132,0,0.703583061889251,0.0345963756177924,0,1,0.97588424437299,0,0,0.658105939004815,0.121359223300971,0.038917089678511,0.0525477707006369,0,0,0.885245901639344,0,0.998366013071895,0,0.0345963756177924,0,0.956738768718802,0,0.0346534653465347,0,0.377049180327869,0.581168831168831,0.0198675496688742,1,0.138157894736842,0.00332778702163062,0.633223684210526,0.401284109149278,0.21078431372549,0,0.842532467532468,0.0247524752475248,0.00161030595813205,0.565217391304348,0,0.0238907849829352,0.977309562398703,0,0.0173228346456693,0.00325732899022801,0.0409165302782324,0.30064308681672,0.996763754045307,0.138157894736842,0.763071895424837,0.807167235494881,0,0.379478827361564,0.391233766233766,0.39776357827476,0,0.704013377926421,0.0858995137763371,0.355661881977671,0.470779220779221,0.918876755070203,0,0,0,0.0257648953301127,0,0.0747967479674797,0,0,0,0.0016366612111293,0,0,0.240650406504065,0.480769230769231,0,0,0,0.00803858520900321,0.0378548895899054,0.283870967741935,1,0,0.111111111111111,0.39708265802269,0,0.46353322528363,0.645901639344262,0,0.0209003215434084,1,0.0441176470588235,0.912479740680713,0,0.993690851735016,0.883306320907618,0.51027397260274,0.0243111831442464,0,0.0474683544303797,0.0260162601626016,0,0,0.928807947019868,0.0586264656616415,0.996598639455782,0,0,0.992,0,0.704065040650407,0.186084142394822,0.990033222591362,0.828813559322034,0.0436893203883495,0,1,0.0285714285714286,0.995024875621891,0.343537414965986,0.595779220779221,0,0.890701468189233,0.254515599343186,0.74481658692185,0.0256,1,0.84185303514377,0.543147208121827,0.0615141955835962,0.118110236220472,0.0356564019448947,0.257956448911223,0,0.0160513643659711,1,0.0275974025974026,0.605042016806723,1,0,0,0,0.369774919614148,0.0158982511923688,0.874587458745875,0.815960912052117,0.0587275693311582,0.116316639741519,0,0,0.00825082508250825,0.0602006688963211,0.988467874794069,0.0146103896103896,0.00974025974025974,0.642276422764228,0.0662251655629139,0.271214642262895,0.107255520504732,0,0.0360065466448445,0.638752052545156,0,0.00161550888529887,0,0.348914858096828,0.028006589785832,1,0.322899505766063,0.614147909967846,0.204761904761905,0.312091503267974,0.0414012738853503,0.913385826771654,0.00988467874794069,0,0.0226171243941842,0.686046511627907,0.877650897226754,0.0114942528735632,0,0,0.210355987055016,0.536466774716369,0.729950900163666,0.24025974025974,0,0.123355263157895,0,0.107765451664025,1,0,0.185185185185185,0.998366013071895,1,0.716393442622951,0,0.0128,0.094551282051282,0.0016260162601626,0.00637958532695375,0.907617504051864,1,0,0,0.827529021558872,0.929738562091503,0.835796387520525,0,1,0,0.419713831478537,0.707037643207856,0,0.411290322580645,0.0348258706467662,0.343450479233227,0.379421221864952,0,0,0.606260296540362,0.505067567567568,0.0770440251572327,0.0110410094637224,0.620745542949757,0,0.0494417862838915,0.0485436893203883,0,0.0313971742543171,0.988429752066116,0.0181818181818182,0.571428571428571,0,0,0.482293423271501,0.167213114754098,1,0.863787375415282,0,0,0.23943661971831,0.980456026058632,0,0.67246835443038,0.00483870967741936,1,0.644480519480519,0.673234811165846,0.133884297520661,0.905405405405405,0.996835443037975,0,0.960066555740433,0,0.00637958532695375,0.798969072164949,0.0172955974842767,0.99496644295302,0,0,0.492890995260663,0.539087947882736,0,0,0.00161550888529887,0,0.591973244147157,0.0111464968152866,0,0.344605475040258,0.0198675496688742,0.256910569105691,0.0550918196994992,0.968102073365231,0,0,0.733660130718954,0,0.322169059011164,1,0.985623003194888,0,0,0.00631911532385466,0.0246710526315789,0.0181219110378913,0,0.0272873194221509,0,0.627980922098569,0.705211726384365,0.00961538461538462,0.00964630225080386,0.00801282051282051,0.00809061488673139,0.0292682926829268,0.986970684039088,0.0185185185185185,0.0399361022364217,0.281803542673108,0.024,0,0.0307941653160454,0,0,0.01875,0,0.931854199683043,0.0016260162601626,0.0425531914893617,0.711475409836066,0.797004991680532,0.886075949367089,0.0792880258899676,0.00162337662337662,0.893267651888342,0,0,0.374392220421394,0.588325652841782,0.791862284820031,0.817610062893082,0.356564019448947,1,0.876602564102564,0.454983922829582,0.741830065359477,0.29903536977492,0.988745980707395,0,1,0.659539473684211,0,0.351132686084142,0.780757097791798,0.375816993464052,0.125996810207337,0.0142857142857143,0.0352348993288591,0.0233333333333333,0,0.00164473684210526,0.4375,0.578606158833063,0.00160771704180064,0.993680884676145,0.990521327014218,0.125,0,0,0.025518341307815,0,0.899173553719008,0,0.0525451559934319,0,0.0304,0,0.993548387096774,0.165302782324059,0,0.362438220757825,0.377813504823151,0.113636363636364,0,0,0.0704697986577181,0.05320813771518,0.0112903225806452,0,0,1,0.775834658187599,0.488599348534202,0,0.546623794212219,0,0.0793388429752066,0,0.805280528052805,0.757142857142857,0,0.648026315789474,0.410339256865913,0.140575079872204,0.0317965023847377,0.229903536977492,1,0.0131795716639209,0.0845528455284553,0,0,0.0157977883096366,0,0,0.983633387888707,0.607201309328969,0,0,0.170771756978654,0.0689075630252101,0.0529695024077047,0.288643533123028,0.974723538704581,0.996694214876033,0.167752442996743,0.160990712074303,0,0.985530546623794,0.0324149108589951,0,0.0132890365448505,0.0445859872611465,0.934817170111288,0,0.9967585089141,0,0.531045751633987,0.921951219512195,0.893333333333333,0.8743961352657,0.311036789297659,0.901430842607313,0,0,0.243111831442464,0.0157728706624606,0,0,1,0,1,0,0.283531409168082,1,1,0.471169686985173,0.0373376623376623,0.564516129032258,0,0.998322147651007,0.0470588235294118,0.00646203554119548,0,0.798668885191348,0.993710691823899,0.998363338788871,0.985668789808917,1,0,0,0.983766233766234,0.00324675324675325,0.00332778702163062,0.0244698205546493,0.00321027287319422,0,0.993464052287582,0.00964630225080386,1,0.998355263157895,0,0.991883116883117,0.0515625,1,0.91025641025641,0.998432601880878,0.998392282958199
"570",0,0,0,0,0,0,0.0154798761609907,0.0015527950310559,0,1,0,1,0,0,0,0,1,0.980030721966206,0,0,0,0,0,1,0,0,0,0.00156985871271586,0,0,0,0,0.00153609831029186,0,1,0,0.978461538461538,0,0,0,0.998439937597504,0.98,0.992424242424242,0,0,0,0,0,0,0,1,0,0,0,0.0157232704402516,0,1,0,0.00306278713629403,0,0,0,0,1,0,0,1,0,1,0,0,0,0,0,1,0.0015015015015015,0,0,0.00159489633173844,0,1,0,0,0,0,0,0,0,0.00457317073170732,0.987786259541985,0,0,1,1,0,1,0.0165912518853695,0,0.990740740740741,0.989028213166144,0.010752688172043,1,0,0,0,0,0.989263803680982,0.00309597523219814,0,0,0,0.0154559505409583,0,0,1,0,0,1,0,0,1,0.0015625,0,0,0,0,0,0,1,0.00764525993883792,0,0,0,1,0,0,1,0,0,0.00793650793650794,1,1,0,0,0,0,0,0,0,0,0,0,0,0,0,0,0,0,1,0,0.00602409638554217,0,0,1,0,0,0,0,0,0,0,0,0,0,0.00318471337579618,0,1,0,1,0,0,0,0,0,0,0,0,0,0,0,0,0,0,0.0184899845916795,1,1,0,0.998461538461539,0,0,0.0125984251968504,0,0,0,0,0,0,0,0.00153374233128834,1,0,0,0,0,0,0.00455927051671732,0,0,0.00156494522691706,0,0,1,0,0,0,1,0,0,0.0061633281972265,0,0,0,0.0168970814132104,1,0.0150602409638554,0,0,0,0,0,0,0,0,0,0,0,0,0,0,0,0,0,0,0,0,0,0,0,0.987480438184664,0,1,0.00308166409861325,0,0,0,1,0.00156739811912226,0.00299850074962519,0,0,0,0,0.987711213517665,0,0,0,0,0,0,0,0,0,0,0.0142405063291139,1,0,0.0170015455950541,1,0,0.0151285930408472,0.00155763239875389,1,0,0,0,0,0,1,0.0154798761609907,0,0,0,0,0,0,0,0,0,0,0,0,0,0,0,0,0.00313971742543171,0,0.949618320610687,0,0,0,0,0,0,0,0,0,0,0,0,1,0,0.00943396226415094,0,0.946236559139785,0,0,0,0,1,0,0,0,0,0,0,0,0,0,0,1,0,0,0,0,0,0,1,0,0,0,0.00304878048780488,0,0,0,0,1,0,0,0,0,0,0,0,0,0,0,0,0,0.00306278713629403,0,0,0,0,0,0,0,0,0,0,0,0,1,0,0,0,1,0,0.988958990536278,0,0,0,0.99537750385208,0.00923076923076923,0,0,0,0,0,0,0,0,1,0,0.0016025641025641,0,0,0,0,0,0.998466257668712,0,0,0,0,0,0.00622083981337481,0,0.0129659643435981,0.992343032159265,0,0,0,1,0,0.00154320987654321,0,0,0,1,1,0,0,1,0,0.989164086687306,1,1,0,1,0,0.0015527950310559,0.00764525993883792,0,1,1,0,0,0,0,0.9968,0.0199081163859112,0,0,0,0,1,0,0,0.0015748031496063,0,1,0,0,0,0.00152439024390244,1,0,0,0,1,0,0,0,0,0,0,0,0,0,0,0,0,0.9890625,0,0,0,0,0.0125984251968504,1,0,0.00317965023847377,0,0,0,0,0,0,0,0,0,1,0,0,0,0.00473186119873817,0,0,0,0,0,0,0,0,0,0.0153139356814701,1,1,0,0,0,0,0,0,0,0,0.0166666666666667,1,0,0.0142630744849445,0,0,1,0,0,0,0.00154083204930663,0,0,0,0,0,0.0031201248049922,0,0,0.0158730158730159,0.0275650842266462,0,0,0.992424242424242,0,0,0,0,0,0,0,0.772590361445783,0,1,0.00154083204930663,0,0,0,1,0,0,0,0,0,0,1,1,0,0,0,1,0,0,0.584474885844749,0,0,0.00916030534351145,0,0,0,1,0,0,0,0.00597907324364723,0,0,0.989214175654854,0,0,1,0.00151057401812689,0,0,0,1,0.990811638591118,0,0,0,0,0.987730061349693,0.998420221169036,0,0,0,0,0,0,0,0,0.00628930817610063,0,0,0.996913580246914,0,1,0,0.1669341894061,0.00149253731343284,0,0,1,0,0,0,1,0,1,0,0,1,0.0183767228177642,0,0,0.00158227848101266,0,1,0,0,1,0,0,0,0,0,0,0.00462249614791988,0.0015552099533437,1,0,0.977272727272727,0.0184899845916795,0,0,0,0,0,0.91553544494721,0,0,0,0,0,0,0,1,1,0,1,0,0.998461538461539,0,0,0,0,0,0.998459167950693,0,0,0,0,0,0,0,0,0,0,0,0,0,0,1,0,0.0172955974842767,0,0.0276497695852535,0,0,0.00601503759398496,0,0.00158982511923688,0,0,0,0,0,0,0,0,0.00308166409861325,0.987841945288754,0,0,1,0,1,0,1,0,0,0,0,0,0.00156739811912226,0,0.0187793427230047,1,1,0,0,0,1,1,0,0,0,1,0,1,0,0,0.0359375,0,1,0,0,0,0,0,0,0,0.895223420647149,0,1,0,0.992260061919505,0,0,0.387247278382582,1,1,0.00152439024390244,0,0.0107033639143731,0,0,0,0,0,1,0,0,1,0,0,0,0.958904109589041,0,0,0,0,0,0,0,0,0,1,0,0,0.9953125,1,0,1,0,0,0,0,0,0.00625978090766823,0.00458715596330275,0,0.953030303030303,0,0.910112359550562,0.976993865030675,1,0.169303797468354,0,0,0.0060882800608828,0,0.949843260188088,0.944530046224962,0,0.978125,0.993700787401575,0.947611710323575,0.972560975609756,0.941538461538462,0,0.96969696969697,0,0,0.954545454545455,0,0.92921686746988,0,0.0517503805175038,0,0
"571",0.826984126984127,0.811023622047244,0.848062015503876,0.841269841269841,0.828200972447326,0.82051282051282,0.859424920127795,0.84080370942813,0.819018404907976,0.0016,0.818611987381703,0.00154798761609907,0.684952978056426,0.809825673534073,0.220634920634921,0.202511773940345,0.00152905198776758,0.016,0.819218241042345,0.84080370942813,0.333855799373041,0.208333333333333,0.809006211180124,0.00153609831029186,0.830218068535826,0.413183279742765,0.287037037037037,0.812903225806452,0.611963190184049,0.719492868462758,0.184782608695652,0.82018927444795,0.931637519872814,0.413416536661466,0.00155763239875389,0.819466248037677,0.0217729393468118,0.826224328593997,0.426229508196721,0.783742331288344,0.00158730158730159,0.0140845070422535,0.00618238021638331,0.829307568438003,0.768608414239482,0.205741626794258,0.60952380952381,0.165884194053208,0.580451127819549,0.298621745788668,0.00152671755725191,0.82753164556962,0.431924882629108,0.8203125,0.834905660377358,0.310897435897436,0.00163132137030995,0.812101910828026,0.841781874039939,0.882352941176471,0.420560747663551,0.566718995290424,0.180223285486443,0.0016025641025641,0.813204508856683,0.794628751974723,0.00158227848101266,0.815336463223787,0.00155763239875389,0.167456556082148,0.755795981452859,0.172955974842767,0.201574803149606,0.823255813953488,0,0.844615384615385,0.223088923556942,0.667692307692308,0.910798122065728,0.420701168614357,0.00158982511923688,0.807153965785381,0.392248062015504,0.812693498452012,0.28169014084507,0.827639751552795,0.822884012539185,0.826893353941267,0.812403100775194,0.00622083981337481,0.8234375,0.820433436532508,0.00156494522691706,0.00157977883096367,0.823712948517941,0,0.452978056426332,0.821428571428571,0.00782472613458529,0.0094488188976378,0.703245749613601,0.00157232704402516,0.44215530903328,0.82018927444795,0.276435045317221,0.818619582664527,0.00635930047694754,0.842022116903633,0.184419713831479,0.1828125,0.185826771653543,0.834123222748815,0.486697965571205,0.80564263322884,0.00159235668789809,0.843260188087774,0.821316614420063,0.00153609831029186,0.179127725856698,0.378205128205128,0.0015527950310559,0.929936305732484,0.425431711145997,0.252045826513912,0.81875,0.307692307692308,0.81733746130031,0.811145510835913,0.00154559505409583,0.6375,0.822503961965135,0.5648,0.808,0.00155763239875389,0.807383627608347,0.190108191653787,0.00156985871271586,0.387301587301587,0.672985781990521,0.647154471544715,0.00157728706624606,0.00161030595813205,0.82472613458529,0.806962025316456,0.336553945249597,0.821875,0.175824175824176,0.8171875,0.545166402535658,0.827480916030534,0.310679611650485,0.817460317460317,0.828525641025641,0.764521193092622,0.814465408805031,0.170653907496013,0.811145510835913,0.181818181818182,0.0015527950310559,0.784126984126984,0.90809968847352,0.817472698907956,0.195084485407066,0.00155038759689922,0.818740399385561,0.58664546899841,0.831189710610932,0.827102803738318,0.820592823712949,0.402496099843994,0.838258164852255,0.183254344391785,0.823619631901841,0.188736681887367,0.900630914826498,0.511664074650078,0.00159235668789809,0.825949367088608,0.00152905198776758,0.801857585139319,0.83203732503888,0.276729559748428,0.838509316770186,0.818897637795276,0.825493171471927,0.819466248037677,0.271028037383178,0.511700468018721,0.818619582664527,0.820063694267516,0.231974921630094,0.178683385579937,0.84430176565008,0.840873634945398,0,0,0.465927099841521,0.00304878048780488,0.818320610687023,0.411764705882353,0.8390625,0.767405063291139,0.824159021406728,0.55608214849921,0.520061728395062,0.460547504025765,0.783227848101266,0.817741935483871,0.934782608695652,0.0015552099533437,0.785602503912363,0.357963875205255,0.829268292682927,0.172741679873217,0.251162790697674,0.652582159624413,0.823343848580442,0.824615384615385,0.97339593114241,0.827044025157233,0.848,0.00157232704402516,0.253184713375796,0.748456790123457,0.814992025518341,0.00154559505409583,0.822884012539185,0.831818181818182,0.647151898734177,0.613312202852615,0.818471337579618,0.808064516129032,0.514820592823713,0.00161812297734628,0.86687306501548,0.684044233807267,0.85,0.18,0.825617283950617,0.828346456692913,0.81733746130031,0.824088748019017,0.605633802816901,0.187993680884676,0.84384858044164,0.61128526645768,0.178082191780822,0.174045801526718,0.348031496062992,0.161189358372457,0.315533980582524,0.690292758089368,0.1765625,0.174382716049383,0.199059561128527,0.675883256528418,0.213008130081301,0.818910256410256,0.0078740157480315,0.171606864274571,0.0015625,0.381558028616852,0.818619582664527,0.81687898089172,0.796825396825397,0.0015600624024961,0.9024,0.772093023255814,0.813990461049285,0.756289308176101,0.594637223974763,0.524564183835182,0.00934579439252336,0.810897435897436,0.284820031298905,0.807817589576547,0.8496,0.190031152647975,0.762738853503185,0.183835182250396,0.293023255813953,0.817054263565892,0.823240589198036,0.8448,0.00153609831029186,0.705792682926829,0.844936708860759,0.0015552099533437,0.177115987460815,0.844854070660522,0.83974358974359,0,0.178963893249608,0.173643410852713,0.847649918962723,0.89297124600639,0.183441558441558,0,0.5328125,0.836248012718601,0.809672386895476,0.510172143974961,0.7184,0.8078125,0.187697160883281,0.818604651162791,0.808411214953271,0.179650238473768,0.833850931677019,0.823343848580442,0.825242718446602,0.821428571428571,0.345911949685535,0.451713395638629,0.454968944099379,0.837795275590551,0.831189710610932,0.0450310559006211,0.40506329113924,0.84748427672956,0.304012345679012,0.43030303030303,0.832543443917852,0.816455696202532,0.836734693877551,0.767515923566879,0.812307692307692,0.397435897435897,0.840062111801242,0.817170111287758,0.00159744408945687,0.459418070444104,0.660771704180064,0.187993680884676,0.0418604651162791,0.180277349768875,0.80188679245283,0.20625,0.181395348837209,0.00152671755725191,0.382716049382716,0.817460317460317,0.25434439178515,0.842696629213483,0.840189873417722,0.831746031746032,0.464,0.445350734094617,0.724409448818898,0.559738134206219,0,0.830721003134796,0.179127725856698,0.21141975308642,0.3671875,0.8096,0.17981072555205,0.0015527950310559,0.478593272171254,0.188854489164087,0.201267828843106,0.633802816901408,0.813397129186603,0.4208,0.814262023217247,0.812995245641838,0.00153139356814701,0.817365269461078,0.170245398773006,0.814528593508501,0.827044025157233,0.824,0.200317965023847,0.821812596006144,0.17515923566879,0.769352290679305,0.756058158319871,0.809968847352025,0.828967642526965,0.812302839116719,0.443057722308892,0.837753510140406,0.821538461538462,0.19047619047619,0.187692307692308,0.824561403508772,0.817757009345794,0.463223787167449,0.7796875,0.820261437908497,0.841772151898734,0.807751937984496,0.00160771704180064,0.272285251215559,0.81974921630094,0.183673469387755,0.00159744408945687,0.857366771159875,0.00803858520900321,0.213375796178344,0.828438948995363,0.834658187599364,0.00642054574638844,0.697637795275591,0.546603475513428,0.843601895734597,0.182539682539683,0.776714513556619,0.816425120772947,0.530708661417323,0.667697063369397,0.838810641627543,0.00157728706624606,0.338582677165354,0.841346153846154,0.835443037974684,0.569858712715856,0.82753164556962,0.79734219269103,0.199059561128527,0.0015527950310559,0.8390625,0.824451410658307,0.819334389857369,0.726989079563182,0.167192429022082,0.907348242811502,0.38375796178344,0.353618421052632,0.0062111801242236,0.728434504792332,0.652996845425868,0.687888198757764,0.00156494522691706,0.432692307692308,0.894321766561514,0.737654320987654,0.645510835913313,0.262518968133536,0.00153139356814701,0.00156494522691706,0.817771084337349,0.807044410413476,0,0.824921135646688,0.00322061191626409,0.00153374233128834,0.00162074554294976,0.829652996845426,0.00156494522691706,0.827140549273021,0.751572327044025,0.628659476117103,0.822706065318818,0.00157977883096367,0.00158730158730159,0.833592534992224,0.829528158295282,0.825347758887172,0.18167701863354,0.00162074554294976,0.836140888208269,0.674418604651163,0.835164835164835,0.603803486529319,0.488888888888889,0.00154320987654321,0.817322834645669,0.184126984126984,0.854889589905363,0.256369426751592,0.0015527950310559,0.18558282208589,0.288216560509554,0.543371522094926,0.812693498452012,0.00155763239875389,0.824345146379045,0.827044025157233,0.826356589147287,0.0015625,0.254372019077901,0.816225165562914,0.177993527508091,0.820710973724884,0.8149300155521,0.183800623052959,0.820472440944882,0.467391304347826,0.783570300157978,0.195275590551181,0.32475884244373,0.83695652173913,0.00470219435736677,0.187207488299532,0.834876543209877,0.192675159235669,0.793322734499205,0.556782334384858,0.00154798761609907,0.281931464174455,0.916666666666667,0.432348367029549,0.827102803738318,0.165869218500797,0.319444444444444,0.526402640264026,0.820121951219512,0.884322678843227,0.836507936507937,0.793929712460064,0.00157728706624606,0.825885978428351,0.179127725856698,0.805422647527911,0.541935483870968,0.181268882175227,0.819466248037677,0.831496062992126,0.812995245641838,0.6859375,0.82574568288854,0.305732484076433,0.358730158730159,0.825119236883943,0.85423197492163,0.00155763239875389,0,0.827476038338658,0.805152979066023,0.197784810126582,0.836507936507937,0.835114503816794,0.518867924528302,0.833602584814216,0.7376,0.847352024922118,0,0.82472613458529,0.482866043613707,0.825119236883943,0.828885400313972,0.00154559505409583,0.717703349282297,0.833065810593901,0.181674565560821,0.825878594249201,0.489859594383775,0.787878787878788,0.749206349206349,0.822188449848024,0.269230769230769,0.830128205128205,0.819032761310452,0.840873634945398,0.459069020866774,0.270866141732283,0.828393135725429,0.818873668188737,0.00769230769230769,0.798136645962733,0.541864139020537,0.401574803149606,0.837209302325581,0.817034700315457,0.789308176100629,0.816901408450704,0.150470219435737,0.185185185185185,0.00154083204930663,1,0.179775280898876,0.184952978056426,0.427892234548336,0.00158982511923688,0.839370078740157,0.845794392523365,0.813186813186813,0.828173374613003,0.267716535433071,0.191823899371069,0.00152671755725191,0.00158227848101266,0.342948717948718,0.256821829855538,0.33652312599681,0,0.173708920187793,0.81974921630094,0.0883720930232558,0.462264150943396,0.822966507177033,0.677570093457944,0.820919175911252,0.725429017160686,0.697852760736196,0.00155038759689922,0.819004524886878,0.512779552715655,0.600953895071542,0.873846153846154,0.834621329211746,0.502362204724409,0.0108695652173913,0.833597464342314,0.8328173374613,0.0015527950310559,0.809230769230769,0.188180404354588,0.81342062193126,0.5,0,0.00625,0.638157894736842,0.881789137380192,0.175078864353312,0.297939778129952,0.00772797527047913,0.00161812297734628,0.753776435045317,0.197411003236246,0.826513911620295,0.48062015503876,0.825545171339564,0.179723502304147,0.479134466769706,0.456279809220986,0.924646781789639,0.253658536585366,0.184375,0.00156494522691706,0.211783439490446,0.00157232704402516,0.821646341463415,0.187601957585644,0.839449541284404,0.172523961661342,0.819488817891374,0.0015552099533437,0.648484848484848,0.6078125,0.807017543859649,0.0016,0.818181818181818,0.00158730158730159,0.534290271132376,0.823619631901841,0.00154559505409583,0.708782742681048,0.818035426731079,0.730829420970266,0.862123613312203,0.213395638629283,0.00158730158730159,0.820754716981132,0.413078149920255,0.00153139356814701,0.82,0.176024279210926,0.192901234567901,0.82670906200318,0.827140549273021,0.815267175572519,0.806656101426308,0.813204508856683,0.0015552099533437,0.818037974683544,0.012326656394453,0.5,0.434782608695652,0.81974921630094,0.827102803738318,0.822900763358779,0.830745341614907,0.0590979782270607,0.194006309148265,0.822950819672131,0.836477987421384,0.764521193092622,0.810725552050473,0.824451410658307,0.849765258215962,0.00155763239875389,0.00153609831029186,0.814871016691957,0.00153609831029186,0.232558139534884,0.0015748031496063,0.820063694267516,0.4016,0.3712,0.302469135802469,0.836734693877551,0.00154798761609907,0.273865414710485,0.817610062893082,0.825954198473282,0.708661417322835,0.545727136431784,0.384384384384384,0.331797235023041,0.678343949044586,0.173166926677067,0.290220820189274,0.642969984202212,0.401263823064771,0.767584097859327,0.185471406491499,0.00158982511923688,0.175438596491228,0.482484076433121,0.823817292006525,0.685758513931889,0.390839694656489,0.737169517884914,0.903576982892691,0.805555555555556,0.859706362153344,0.817307692307692,0.834415584415584,0.82780410742496,0.648351648351648,0.552631578947368,0.82015503875969,0.182945736434109,0.189522342064715,0.935736677115988,0.0077639751552795,0.810852713178295,0.804347826086957,0.00158730158730159,0.285714285714286,0.00156739811912226,0.82670906200318,0,0.837753510140406,0.810641627543036,0.178403755868545,0.786499215070644,0.821538461538462,0.715654952076677,0.670261941448382,0.845181674565561,0.0015527950310559,0.00158730158730159,0.846026490066225,0.823795180722892,0.823255813953488,0.00152439024390244,0,0.176470588235294,0.376160990712074,0.551724137931034,0.00156494522691706,0.6,0.00155763239875389,0.799043062200957,0.822503961965135,0.337096774193548,0.426810477657935,0.00152905198776758,0.467408585055644,0.650238473767886,0.768633540372671,0.836641221374046,0.769592476489028,0.181959564541213,0.845906902086677,0.0315457413249211,0.823338735818476,0,0.819148936170213,0.0062402496099844,0.809825673534073,0.201574803149606,0.129392971246006,0.00155763239875389,0.00158982511923688,0.950078003120125,0.82475884244373,0.845916795069337,0.700152207001522,0.196319018404908,0.17329093799682,0.741885625965997,0.745038167938931,0.00161030595813205,0.183514774494557,0.812400635930048,0,0.8016,0.850234009360374,0.245341614906832,0.0286624203821656,0.16380655226209,0.821705426356589,0.573015873015873,0.252730109204368,0.2776886035313,0.291021671826625,0.832268370607029,0.256923076923077,0.826433121019108,0.00155763239875389,0.771428571428571,0.819595645412131,0.00318979266347687,0.00158227848101266,0.171212121212121,0,0.184126984126984,0.817901234567901,0.720257234726688,0.182108626198083,0.173775671406003,0.659711075441412,0.850556438791733,0.589783281733746,0.0420560747663551,0.175609756097561,0.0608974358974359,0.0265210608424337,0.00156985871271586,0.17879746835443,0.182926829268293,0.177672955974843,0.196620583717358,0.180404354587869,0.0334394904458599,0.0390015600624025,0.189655172413793,0.0267716535433071,0.00637958532695375,0.0424528301886792,0.0326594090202177,0.04375,0.193447737909516,0.0297339593114241,0.182707993474715,0.192733017377567,0.0334394904458599,0.177672955974843,0.0414110429447853,0.184663536776213,0.207278481012658,0.180851063829787,0.184542586750789
"572",0.00484652665589661,0.00312989045383412,0.0332278481012658,0.0660225442834139,0.0193548387096774,0.00161550888529887,0.106518282988871,0.0296875,0.00153139356814701,0,0.00160513643659711,0,0.43581616481775,0.0016025641025641,0.963549920760697,0.9921875,0,0.00156985871271586,0.0016366612111293,0.0158730158730159,0.85243328100471,0.961165048543689,0.0124223602484472,0,0.0441640378548896,0.764227642276423,0.898119122257053,0.0128617363344051,0.530232558139535,0.305379746835443,0.996932515337423,0.308176100628931,0.230524642289348,0.702060221870048,0,0.0031496062992126,0.0062111801242236,0.00943396226415094,0.752279635258359,0.0855365474339036,0,0,0,0.0032,0.220032840722496,0.982315112540193,0.478537360890302,0.9984,0.550387596899225,0.859111791730475,0,0.0111464968152866,0.740625,0.00159744408945687,0.119741100323625,0.835796387520525,0,0.0253968253968254,0.0408805031446541,0.0924764890282132,0.709576138147567,0.565560821484992,0.996805111821086,0,0.0970873786407767,0.177293934681182,0,0.00966183574879227,0,0.996774193548387,0.140888208269525,0.993589743589744,0.979299363057325,0.0031201248049922,0,0.294930875576037,0.96594427244582,0.428120063191153,0.105691056910569,0.73489932885906,0,0.289308176100629,0.786604361370717,0.003125,0.880690737833595,0.0893416927899686,0.00627943485086342,0.0280373831775701,0.0299684542586751,0,0.0112721417069243,0.00321027287319422,0,0,0.0313479623824451,0,0.682389937106918,0.0219092331768388,0,0,0.382539682539683,0,0.73015873015873,0.00158478605388273,0.898911353032659,0.00163132137030995,0,0.0220472440944882,0.998394863563403,0.990384615384615,0.993710691823899,0.089171974522293,0.675078864353312,0.00793650793650794,0,0.0172413793103448,0.281931464174455,0,0.996860282574568,0.754716981132076,0,0.238473767885533,0.761904761904762,0.92156862745098,0.02660406885759,0.849445324881141,0.0046875,0.004739336492891,0,0.457231726283048,0.0679304897314376,0.50801282051282,0.00964630225080386,0,0.00813008130081301,0.97191887675507,0,0.807631160572337,0.373608903020668,0.480519480519481,0,0,0.0253164556962025,0.240887480190174,0.824281150159744,0.0032,0.990384615384615,0.0803149606299213,0.594202898550725,0.0168195718654434,0.871382636655949,0.0157232704402516,0.00161290322580645,0.161189358372457,0.00632911392405063,0.998384491114701,0.00156494522691706,0.998430141287284,0,0.254457050243112,0.132398753894081,0.0189274447949527,0.984301412872841,0,0.00311526479750779,0.547504025764895,0.00161550888529887,0.00313479623824451,0.00313971742543171,0.709828393135725,0.0235849056603774,0.996810207336523,0.0460122699386503,0.996918335901387,0.108108108108108,0.634493670886076,0,0.0205047318611987,0,0.151419558359621,0.00316455696202532,0.872,0.0207006369426752,0.0519685039370079,0.0106382978723404,0.0295031055900621,0.909667194928685,0.630030959752322,0.0772946859903382,0.0533117932148627,0.945141065830721,0.992211838006231,0.0211726384364821,0.136792452830189,0,0,0.717948717948718,0,0.00153846153846154,0.752365930599369,0.124797406807131,0.239197530864198,0.0109375,0.56957928802589,0.5568,0.722044728434505,0.082018927444795,0.0370967741935484,0.124409448818898,0,0.122834645669291,0.830894308943089,0.0531400966183575,0.996899224806202,0.932098765432099,0.464566929133858,0.0236220472440945,0.0232919254658385,0.180817610062893,0.00476190476190476,0.10031847133758,0,0.928684627575277,0.341692789968652,0.00802568218298555,0,0.00940438871473354,0.0215716486902928,0.448553054662379,0.455271565495208,0.0126582278481013,0.00328947368421053,0.624803767660911,0,0.106153846153846,0.488924050632911,0.032626427406199,0.996830427892235,0.0406885758998435,0.00476947535771065,0.00315457413249211,0.0494417862838915,0.483516483516484,0.995137763371151,0.0334394904458599,0.460567823343849,0.993893129770992,0.995384615384615,0.800637958532695,0.996845425867508,0.861788617886179,0.327666151468315,0.996784565916399,0.992138364779874,0.987460815047022,0.422600619195046,0.959481361426256,0.0171606864274571,0,0.998410174880763,0,0.779220779220779,0.0032,0.0267716535433071,0.0965732087227414,0,0.131921824104235,0.135433070866142,0.300632911392405,0.40829346092504,0.545310015898251,0.53525641025641,0,0.00318979266347687,0.910377358490566,0.288961038961039,0.0412044374009509,0.984447900466563,0.250788643533123,0.996825396825397,0.886292834890966,0.00313479623824451,0.00327868852459016,0.100961538461538,0,0.366197183098592,0.109149277688604,0,0.996899224806202,0.0975232198142415,0.0239234449760766,0,0.998417721518987,0.995348837209302,0.0226537216828479,0.115015974440895,0.996742671009772,0,0.608150470219436,0.0111642743221691,0.218068535825545,0.611635220125786,0.335463258785943,0.0408163265306122,0.987220447284345,0.00154559505409583,0.00159744408945687,0.995238095238095,0.0365659777424483,0.00315955766192733,0.0260162601626016,0.00632911392405063,0.815580286168522,0.703296703296703,0.721337579617834,0.0256410256410256,0.053921568627451,0.00156739811912226,0.720820189274448,0.0305466237942122,0.853968253968254,0.688751926040062,0.00636942675159236,0.0047244094488189,0.0344827586206897,0.305958132045089,0.00463678516228748,0.7376,0.0374414976599064,0.0048,0,0.6890625,0.450885668276973,0.985849056603774,0.0015748031496063,0.992331288343558,0.0924764890282132,0.976599063962558,0.998435054773083,0,0.769716088328076,0.00798722044728434,0.925984251968504,0.0179738562091503,0.0334394904458599,0.0141955835962145,0.724522292993631,0.731078904991948,0.329073482428115,0.545155993431856,0,0.162679425837321,0.984709480122324,0.953198127925117,0.813084112149533,0.0032,0.9953125,0,0.683881064162754,0.993710691823899,0.979166666666667,0.520064205457464,0.00157728706624606,0.72741935483871,0.0033500837520938,0.037156704361874,0,0.0106382978723404,0.996840442338073,0.0031104199066874,0.163522012578616,0.00328947368421053,0.988727858293076,0.0234375,1,0.11216429699842,0.286178861788618,0.0570987654320988,0.0140625,0.00318979266347687,0.72755905511811,0.0304,0.0031104199066874,0.996879875195008,0.971698113207547,0.00315955766192733,0.00157232704402516,0.680314960629921,0.1125,0.0305958132045089,0.0471698113207547,0.00313971742543171,0,0.889245585874799,0.0015552099533437,0.996835443037975,0,0.03486529318542,0,0.952904238618524,0.0031201248049922,0.035031847133758,0,0.378980891719745,0.576243980738363,0.0193236714975845,0.99672131147541,0.133012820512821,0.00490196078431373,0.629392971246006,0.406542056074766,0.208791208791209,0,0.842022116903633,0.0262725779967159,0.0046875,0.545023696682464,0.00155763239875389,0.0317725752508361,0.971563981042654,0,0.0142405063291139,0.00958466453674121,0.0470957613814757,0.316692667706708,0.993700787401575,0.135007849293564,0.775316455696203,0.810543657331137,0,0.381493506493506,0.39937106918239,0.394321766561514,0,0.724193548387097,0.0896,0.367762128325509,0.489827856025039,0.918674698795181,0,0,0,0.0244648318042813,0,0.0837282780410742,0,0,0,0.00474683544303797,0,0.0032258064516129,0.239747634069401,0.477519379844961,0,0,0,0.009375,0.0401854714064915,0.285491419656786,0.996840442338073,0,0.111791730474732,0.404024767801858,0.0031496062992126,0.463790446841294,0.660855784469097,0,0.0187207488299532,0.998381877022654,0.0422764227642276,0.9104,0,0.989180834621329,0.881219903691814,0.511627906976744,0.0268562401263823,0,0.0525502318392581,0.0206349206349206,0.003125,0,0.931089743589744,0.0693739424703892,0.991776315789474,0.00154559505409583,0.00309597523219814,0.990654205607477,0.00313479623824451,0.712264150943396,0.194006309148265,0.985553772070626,0.84688995215311,0.04,0,0.996865203761755,0.0237341772151899,0.993569131832797,0.338141025641026,0.590111642743222,0,0.896551724137931,0.257328990228013,0.756756756756757,0.0270700636942675,0.998410174880763,0.86833855799373,0.533996683250415,0.0535987748851455,0.112135176651306,0.0346456692913386,0.246732026143791,0,0.0157977883096366,0.996884735202492,0.0349206349206349,0.623376623376623,0.996904024767802,0.00155763239875389,0.00321543408360129,0.00159744408945687,0.372670807453416,0.0190174326465927,0.880804953560371,0.817034700315457,0.05229793977813,0.116903633491311,0,0,0.00801282051282051,0.0643086816720257,0.985576923076923,0.0128824476650564,0.0110935023771791,0.640822784810127,0.0729335494327391,0.268488745980707,0.108396946564885,0,0.0324149108589951,0.652380952380952,0.00319488817891374,0.00318979266347687,0,0.357945425361156,0.0319488817891374,0.996825396825397,0.31637519872814,0.624213836477987,0.19634703196347,0.307570977917981,0.0419254658385093,0.912977099236641,0.0147783251231527,0.00312989045383412,0.0203761755485893,0.693181818181818,0.876777251184834,0.0139968895800933,0.00153846153846154,0,0.219626168224299,0.54746835443038,0.746105919003115,0.221690590111643,0.00318471337579618,0.124401913875598,0.0015600624024961,0.117004680187207,0.998366013071895,0,0.179775280898876,1,0.9984375,0.72397476340694,0,0.0110759493670886,0.0866141732283465,0.00316957210776545,0.0062015503875969,0.904912836767036,0.998407643312102,0,0,0.837060702875399,0.924071082390953,0.857827476038339,0,0.996884735202492,0.00321543408360129,0.409937888198758,0.723472668810289,0.00163398692810458,0.412044374009509,0.0306946688206785,0.3390625,0.358255451713396,0,0,0.614533965244866,0.507177033492823,0.0712074303405573,0.0124223602484472,0.619808306709265,0,0.0492063492063492,0.0447530864197531,0,0.0354938271604938,0.982484076433121,0.0131147540983607,0.568965517241379,0,0,0.491803278688525,0.157728706624606,0.99685534591195,0.870607028753994,0,0,0.25652841781874,0.982343499197432,0.00332778702163062,0.687789799072643,0.0093167701863354,0.996904024767802,0.610675039246468,0.683279742765273,0.130225080385852,0.895934959349593,0.995305164319249,0,0.953376205787781,0,0.00770416024653313,0.796445880452342,0.0228658536585366,0.993558776167472,0.00163132137030995,0,0.480559875583204,0.537096774193548,0.0032,0,0.0046583850931677,0,0.611650485436893,0.0139103554868624,0,0.344827586206897,0.0177993527508091,0.256038647342995,0.05,0.962085308056872,0,0.00320512820512821,0.728,0,0.304416403785489,0.996941896024465,0.98125,0.00161550888529887,0.00318979266347687,0.00927357032457496,0.0272,0.0157977883096366,0,0.0250391236306729,0,0.639498432601881,0.721780604133545,0.0126182965299685,0.0110410094637224,0.0108527131782946,0.0110236220472441,0.0282574568288854,0.985645933014354,0.0163934426229508,0.0405616224648986,0.273993808049536,0.0220125786163522,0.0015625,0.0268562401263823,0,0,0.0212765957446809,0,0.930232558139535,0.0016260162601626,0.0488188976377953,0.7223113964687,0.801652892561983,0.8875,0.0783699059561129,0.00159489633173844,0.902711323763955,0.00317460317460317,0.00315955766192733,0.381789137380192,0.585365853658537,0.787009063444109,0.821100917431193,0.352750809061489,0.998432601880878,0.882260596546311,0.459459459459459,0.73015873015873,0.295208655332303,0.987341772151899,0,0.996805111821086,0.669341894060995,0.00323101777059774,0.353312302839117,0.785932721712538,0.3875,0.125195618153365,0.0124804992199688,0.0451612903225806,0.0192926045016077,0.00161812297734628,0.0032520325203252,0.448979591836735,0.60061919504644,0.00157977883096367,0.996946564885496,0.990683229813665,0.126582278481013,0,0.00312989045383412,0.032967032967033,0,0.88562091503268,0,0.053125,0,0.0235849056603774,0.0031496062992126,0.990476190476191,0.156549520766773,0.0015625,0.357827476038339,0.384615384615385,0.116903633491311,0,0,0.0626029654036244,0.0670731707317073,0.0125588697017268,0,0,0.998381877022654,0.752307692307692,0.488958990536278,0,0.564593301435407,0,0.0812101910828025,0.00325732899022801,0.8016,0.765163297045101,0,0.669887278582931,0.408227848101266,0.1287284144427,0.0403100775193798,0.233542319749216,0.998452012383901,0.0128824476650564,0.0862619808306709,0.0032520325203252,0,0.0186046511627907,0,0.00162337662337662,0.980769230769231,0.603864734299517,0,0,0.17219589257504,0.0689102564102564,0.0561622464898596,0.285271317829457,0.972477064220184,0.9936,0.158478605388273,0.170807453416149,0,0.987179487179487,0.0360501567398119,0,0.0180032733224223,0.0452418096723869,0.938388625592417,0,0.9936,0.00312989045383412,0.545454545454545,0.921221864951768,0.898222940226171,0.8859375,0.318181818181818,0.900621118012422,0.00321027287319422,0,0.245222929936306,0.0158982511923688,0,0,0.998484848484849,0,0.998407643312102,0.003125,0.284779050736498,0.996784565916399,0.998405103668262,0.459069020866774,0.0415335463258786,0.564945226917058,0,0.998387096774194,0.0457516339869281,0.0078003120124805,0,0.80064829821718,1,0.998410174880763,0.988924050632911,0.998456790123457,0,0,0.984227129337539,0.004739336492891,0.00321027287319422,0.0288,0.0046583850931677,0,0.992101105845182,0.0126182965299685,0.99835255354201,0.9952,0,0.992138364779874,0.0514820592823713,0.998417721518987,0.921850079744817,0.995405819295559,0.998417721518987
"573",0.0032258064516129,0,0.029595015576324,0.0544,0.0143312101910828,0,0.0998415213946117,0.0232198142414861,0,0,0,0,0.423676012461059,0,0.962323390894819,0.993730407523511,0,0.00157977883096367,0.0032520325203252,0.015625,0.838509316770186,0.967793880837359,0.0124223602484472,0,0.0446841294298921,0.753554502369668,0.892575039494471,0.00643086816720257,0.541666666666667,0.300155520995334,1,0.312989045383412,0.228070175438596,0.71850699844479,0,0,0.00465116279069767,0.00458715596330275,0.731523378582202,0.0883720930232558,0,0,0,0,0.200652528548124,0.97427652733119,0.479430379746835,1,0.528682170542636,0.87062404870624,0,0.0062402496099844,0.734059097978227,0,0.110236220472441,0.837096774193548,0,0.0238473767885533,0.0447530864197531,0.103875968992248,0.703761755485893,0.567398119122257,1,0,0.0920840064620355,0.184782608695652,0,0.00949367088607595,0,1,0.146831530139104,0.993700787401575,0.9828125,0,0,0.289269051321928,0.956318252730109,0.41875,0.0935023771790808,0.738916256157635,0,0.289676425269646,0.796042617960426,0,0.893915756630265,0.0858034321372855,0.00311526479750779,0.0294117647058824,0.0275229357798165,0,0.008,0,0,0,0.0271132376395534,0,0.691358024691358,0.0139318885448916,0,0,0.377358490566038,0,0.709984152139461,0,0.9,0,0,0.0203125,1,0.990740740740741,0.992236024844721,0.0855365474339036,0.664566929133858,0.0078740157480315,0,0.0124804992199688,0.283720930232558,0,1,0.774447949526814,0,0.233494363929147,0.746835443037975,0.9248,0.0218408736349454,0.856025039123631,0.00153846153846154,0.00307692307692308,0,0.448382126348228,0.059748427672956,0.513428120063191,0.0127388535031847,0,0.00478468899521531,0.975384615384615,0,0.793650793650794,0.358044164037855,0.470588235294118,0,0,0.0220125786163522,0.238689547581903,0.836012861736334,0,0.995297805642633,0.0736196319018405,0.584541062801932,0.0198776758409786,0.864951768488746,0.0171606864274571,0,0.159574468085106,0.00314465408805031,1,0,1,0,0.265700483091787,0.127496159754224,0.0171073094867807,0.981566820276498,0,0,0.556818181818182,0,0,0,0.717557251908397,0.0235849056603774,1,0.0514820592823713,1,0.1056,0.628526645768025,0,0.018957345971564,0,0.151419558359621,0,0.883280757097792,0.0140845070422535,0.0545171339563863,0.00900900900900901,0.0203442879499218,0.904024767801858,0.616692426584235,0.076555023923445,0.0498392282958199,0.950078003120125,0.995305164319249,0.0163398692810458,0.133956386292835,0,0,0.699212598425197,0,0,0.7398753894081,0.122611464968153,0.243865030674847,0.00764525993883792,0.559561128526646,0.561728395061728,0.710031347962382,0.0803149606299213,0.0332805071315372,0.115384615384615,0,0.12093023255814,0.822866344605475,0.0513219284603421,1,0.935779816513762,0.464615384615385,0.026813880126183,0.0229007633587786,0.167456556082148,0.00156985871271586,0.114649681528662,0,0.929245283018868,0.342105263157895,0.00315457413249211,0,0.00928792569659443,0.0198170731707317,0.447077409162717,0.446511627906977,0.009375,0,0.619718309859155,0,0.102760736196319,0.481946624803768,0.0308441558441558,1,0.0401234567901235,0,0,0.04858934169279,0.458143074581431,0.998417721518987,0.0300157977883096,0.446676970633694,0.996965098634294,0.998496240601504,0.795275590551181,1,0.853269537480064,0.333333333333333,1,0.995348837209302,0.990566037735849,0.406153846153846,0.961165048543689,0.0125984251968504,0,1,0,0.769475357710652,0,0.0220125786163522,0.106646058732612,0,0.12621359223301,0.141524105754277,0.31201248049922,0.407232704402516,0.536776212832551,0.542264752791069,0,0,0.9078125,0.297253634894992,0.0419254658385093,0.987654320987654,0.25,1,0.86748844375963,0,0,0.101449275362319,0,0.362363919129082,0.109177215189873,0,1,0.0949464012251149,0.01875,0,1,1,0.0192616372391653,0.115755627009646,1,0,0.60625,0.0094488188976378,0.198473282442748,0.605546995377504,0.340189873417722,0.0400616332819723,0.990697674418605,0,0,0.995215311004785,0.034375,0,0.0241157556270096,0.00156739811912226,0.809076682316119,0.685185185185185,0.706730769230769,0.0222222222222222,0.0614886731391586,0,0.743630573248408,0.021978021978022,0.853810264385692,0.704035874439462,0.00309119010819165,0.00316455696202532,0.0332805071315372,0.307073954983923,0.00306748466257669,0.757527733755943,0.0373250388802488,0.00316957210776545,0,0.672413793103448,0.43859649122807,0.98116169544741,0,0.992354740061162,0.0963665086887836,0.97191887675507,1,0,0.769592476489028,0.00783699059561128,0.93563579277865,0.0147299509001637,0.0282131661442006,0.014018691588785,0.714060031595577,0.702746365105008,0.326498422712934,0.544407894736842,0,0.184251968503937,0.987730061349693,0.960061443932412,0.802816901408451,0,0.998439937597504,0,0.673405909797823,0.990625,0.978021978021978,0.526898734177215,0,0.723027375201288,0,0.0365079365079365,0,0.00597907324364723,1,0,0.180404354587869,0,0.9858934169279,0.0215716486902928,1,0.116352201257862,0.295345104333868,0.0510835913312693,0.0157728706624606,0,0.702660406885759,0.035031847133758,0,1,0.982998454404946,0,0,0.684615384615385,0.113029827315542,0.0358306188925081,0.0508474576271186,0,0,0.882258064516129,0,0.998435054773083,0,0.0377358490566038,0,0.954041204437401,0,0.0342146189735614,0,0.362068965517241,0.577952755905512,0.01743264659271,0.998405103668262,0.133647798742138,0.00161030595813205,0.631832797427653,0.404984423676012,0.213375796178344,0,0.831496062992126,0.0222929936305732,0.0015552099533437,0.553125,0,0.0314569536423841,0.970266040688576,0,0.0138888888888889,0.00635930047694754,0.0453834115805947,0.304615384615385,0.993700787401575,0.132605304212168,0.7796875,0.817133443163097,0,0.378164556962025,0.401263823064771,0.391236306729264,0,0.709836065573771,0.0832025117739403,0.35625,0.488335925349922,0.921921921921922,0,0,0,0.0215716486902928,0,0.0812101910828025,0,0,0,0.00157728706624606,0,0,0.236391912908243,0.465331278890601,0,0,0,0.00778816199376947,0.036036036036036,0.285935085007728,1,0,0.115207373271889,0.407975460122699,0,0.47239263803681,0.644444444444444,0,0.015552099533437,1,0.0395569620253165,0.905448717948718,0,0.989247311827957,0.889776357827476,0.51628664495114,0.0264385692068429,0,0.0442748091603053,0.0298273155416013,0,0,0.92368839427663,0.0691927512355848,0.9967585089141,0,0,0.993690851735016,0,0.700920245398773,0.2,0.990491283676704,0.841935483870968,0.0424528301886792,0,1,0.0233281493001555,0.993569131832797,0.338050314465409,0.605633802816901,0,0.882352941176471,0.261562998405104,0.735109717868339,0.0250783699059561,1,0.86687306501548,0.544715447154472,0.0502283105022831,0.113671274961598,0.0362204724409449,0.258730158730159,0,0.0198170731707317,1,0.0300157977883096,0.592356687898089,1,0,0,0,0.362776025236593,0.0169753086419753,0.87244094488189,0.817034700315457,0.0576323987538941,0.117370892018779,0,0,0.00950871632329636,0.0701754385964912,0.990536277602524,0.0172955974842767,0.00625,0.635093167701863,0.071656050955414,0.264,0.107197549770291,0,0.0361067503924647,0.651090342679128,0,0.0015600624024961,0,0.369668246445498,0.0304,1,0.320063694267516,0.619651347068146,0.197885196374622,0.320063694267516,0.0475460122699387,0.919575113808801,0.0143312101910828,0,0.0201238390092879,0.688,0.88062015503876,0.00927357032457496,0,0,0.225352112676056,0.559241706161137,0.743390357698289,0.23338485316847,0,0.125588697017268,0,0.101382488479263,1,0,0.184952978056426,0.9984375,1,0.733333333333333,0,0.0108359133126935,0.088785046728972,0.00155763239875389,0.00304878048780488,0.909667194928685,1,0,0,0.826433121019108,0.927099841521395,0.835443037974684,0,1,0,0.43343653250774,0.708661417322835,0,0.403125,0.0285261489698891,0.355384615384615,0.348159509202454,0,0,0.602848101265823,0.510971786833856,0.0821917808219178,0.00924499229583975,0.599071207430341,0,0.046656298600311,0.0426829268292683,0,0.0306278713629403,0.984375,0.0146818923327896,0.568992248062016,0,0,0.481239804241436,0.154929577464789,1,0.863414634146341,0,0,0.249619482496195,0.974603174603175,0,0.672811059907834,0.00770416024653313,1,0.631415241057543,0.685393258426966,0.126602564102564,0.904376012965964,0.996884735202492,0,0.962323390894819,0,0.00614439324116743,0.809756097560976,0.018018018018018,0.996865203761755,0,0,0.476335877862595,0.536507936507936,0,0,0.0015552099533437,0,0.592295345104334,0.0121951219512195,0,0.33695652173913,0.0205371248025276,0.255555555555556,0.0527156549520767,0.967542503863988,0,0,0.74685534591195,0,0.3078125,1,0.98468606431853,0,0,0.00927357032457496,0.0218068535825545,0.0157232704402516,0,0.0207006369426752,0,0.64,0.72386895475819,0.00777604976671851,0.00783699059561128,0.00610687022900763,0.00775193798449612,0.0313479623824451,0.984251968503937,0.0161030595813204,0.0400616332819723,0.28129829984544,0.0186046511627907,0,0.028436018957346,0,0,0.0166163141993958,0,0.934375,0.00157728706624606,0.0443037974683544,0.731319554848967,0.808612440191388,0.872894333843798,0.0763116057233704,0.0015600624024961,0.892141756548536,0,0,0.352290679304897,0.578947368421053,0.793939393939394,0.818885448916409,0.347003154574132,1,0.885400313971743,0.460093896713615,0.753125,0.305343511450382,0.989180834621329,0,1,0.660287081339713,0,0.348031496062992,0.767267267267267,0.374805598755832,0.128682170542636,0.00768049155145929,0.0416,0.0175438596491228,0,0,0.453978159126365,0.579029733959311,0.00156985871271586,0.995468277945619,0.99388379204893,0.126168224299065,0,0,0.0248447204968944,0,0.894060995184591,0,0.0516431924882629,0,0.0288753799392097,0,0.993836671802773,0.161949685534591,0,0.338095238095238,0.381316998468606,0.110236220472441,0,0,0.0703764320785597,0.0556390977443609,0.00928792569659443,0,0,1,0.769465648854962,0.498427672955975,0,0.553488372093023,0,0.0787781350482315,0,0.817307692307692,0.775038520801233,0,0.648177496038035,0.406349206349206,0.135646687697161,0.0396341463414634,0.2171875,1,0.0113268608414239,0.0856697819314642,0,0,0.0180995475113122,0,0,0.979623824451411,0.626182965299685,0,0,0.178963893249608,0.0737179487179487,0.0589147286821705,0.283720930232558,0.977272727272727,0.995230524642289,0.170347003154574,0.164615384615385,0,0.9826224328594,0.0363349131121643,0,0.0128410914927769,0.0464396284829721,0.93953488372093,0,0.996845425867508,0,0.521951219512195,0.927018633540373,0.903381642512077,0.886153846153846,0.302737520128824,0.911490683229814,0,0,0.253164556962025,0.0186915887850467,0,0,1,0,1,0,0.296950240770466,1,1,0.450549450549451,0.0337078651685393,0.565625,0,1,0.0420711974110032,0.00938967136150235,0,0.82398753894081,0.998463901689708,1,0.989280245022971,1,0,0,0.984326018808777,0.00623052959501558,0.00318471337579618,0.0298273155416013,0.00464396284829721,0,0.993640699523052,0.0124804992199688,1,0.996860282574568,0,0.993670886075949,0.0521472392638037,1,0.910518053375196,1,1
"574",0.269537480063796,0.267692307692308,0.299531981279251,0.329073482428115,0.284565916398714,0.27591706539075,0.347417840375587,0.28391167192429,0.284829721362229,0,0.27639751552795,0,0.580495356037152,0.256692913385827,0.75195007800312,0.733024691358025,0,0.00156739811912226,0.273865414710485,0.29375,0.715625,0.734726688102894,0.282131661442006,0,0.29249617151608,0.670364500792393,0.723004694835681,0.275039745627981,0.626339969372129,0.537383177570093,0.730769230769231,0.552590266875981,0.465079365079365,0.627358490566038,0,0.273584905660377,0.0139751552795031,0.266355140186916,0.742033383915023,0.338931297709924,0,0,0,0.263074484944533,0.459459459459459,0.768503937007874,0.586206896551724,0.717460317460317,0.699395770392749,0.720300751879699,0,0.275272161741835,0.682737169517885,0.270142180094787,0.338607594936709,0.931419457735247,0,0.288854003139717,0.301538461538462,0.37037037037037,0.642638036809816,0.629800307219662,0.734920634920635,0,0.353035143769968,0.411944869831547,0,0.285714285714286,0,0.717011128775835,0.352941176470588,0.734472049689441,0.748837209302326,0.282874617737003,0,0.50231124807396,0.747320061255743,0.579109062980031,0.371019108280255,0.976705490848586,0,0.50611620795107,0.700617283950617,0.261538461538462,0.738461538461539,0.351309707241911,0.269890795631825,0.298921417565485,0.297805642633229,0,0.275641025641026,0.271317829457364,0,0,0.293354943273906,0,0.66306027820711,0.299689440993789,0,0,0.541085271317829,0,0.722570532915361,0.271028037383178,0.728787878787879,0.273015873015873,0,0.282843894899536,0.730529595015576,0.74294670846395,0.71850699844479,0.321428571428571,0.874801901743265,0.286384976525822,0,0.293394777265745,0.509287925696594,0,0.73094867807154,0.731554160125589,0,0.471786833855799,0.70125786163522,0.733226837060703,0.295489891135303,0.695517774343122,0.265553869499241,0.263157894736842,0,0.578369905956113,0.341692789968652,0.5818759936407,0.29047619047619,0,0.250793650793651,0.738461538461539,0,0.712241653418124,0.534775888717156,0.580226904376013,0,0,0.288611544461778,0.465408805031447,0.691056910569106,0.26813880126183,0.724247226624406,0.331775700934579,0.85031847133758,0.294385432473445,0.740740740740741,0.280373831775701,0.272151898734177,0.403149606299213,0.272024729520866,0.715434083601286,0.260061919504644,0.724683544303797,0,0.485804416403785,0.364885496183206,0.293759512937595,0.738390092879257,0,0.270229007633588,0.647709320695103,0.261637239165329,0.261755485893417,0.253894080996885,0.639876352395672,0.288401253918495,0.734059097978227,0.331288343558282,0.735963581183611,0.362068965517241,0.645211930926217,0,0.266770670826833,0,0.384259259259259,0.275541795665635,0.727987421383648,0.28149300155521,0.326687116564417,0.263392857142857,0.288611544461778,0.857805255023184,0.854489164086687,0.361198738170347,0.312,0.746081504702194,0.727272727272727,0.279365079365079,0.375586854460094,0,0,0.691455696202532,0,0.265337423312883,0.897239263803681,0.358044164037855,0.439137134052388,0.275187969924812,0.637958532695375,0.604037267080745,0.690966719492868,0.34789391575663,0.295133437990581,0.379204892966361,0,0.353395061728395,0.730769230769231,0.34384858044164,0.726984126984127,0.710526315789474,0.570542635658915,0.27742946708464,0.279456193353474,0.432389937106918,0.268025078369906,0.375786163522013,0,0.705426356589147,0.501543209876543,0.271565495207668,0,0.257716049382716,0.277862595419847,0.573692551505547,0.7046875,0.274844720496894,0.273021001615509,0.645110410094637,0,0.345038167938931,0.70440251572327,0.288244766505636,0.732115677321157,0.307926829268293,0.27373417721519,0.279874213836478,0.304897314375987,0.690184049079755,0.750392464678179,0.296703296703297,0.578538102643857,0.725903614457831,0.730061349693252,0.710236220472441,0.72884012539185,0.74491392801252,0.494688922610015,0.720748829953198,0.733436055469954,0.724569640062598,0.559451219512195,0.715434083601286,0.294209702660407,0,0.711180124223602,0,0.696682464454976,0.28503937007874,0.281200631911532,0.349768875192604,0,0.380032206119163,0.374414976599064,0.542452830188679,0.647887323943662,0.652037617554859,0.57345971563981,0,0.272151898734177,0.7515625,0.550324675324675,0.293838862559242,0.72824427480916,0.48503937007874,0.738654147104851,0.782945736434108,0.268996960486322,0.278501628664495,0.342857142857143,0,0.531684698608965,0.346394984326019,0,0.712962962962963,0.344036697247706,0.29595015576324,0,0.735524256651017,0.717325227963526,0.313408723747981,0.388178913738019,0.740384615384615,0,0.64018691588785,0.286594761171032,0.449922958397535,0.8798751950078,0.545741324921136,0.301857585139319,0.727838258164852,0.266355140186916,0.276295133437991,0.730891719745223,0.303405572755418,0.278301886792453,0.309791332263242,0.255451713395639,0.76791277258567,0.655864197530864,0.708268330733229,0.283464566929134,0.332268370607029,0.0140405616224649,0.734276729559748,0.308049535603715,0.70606531881804,0.747747747747748,0.27906976744186,0.272870662460568,0.291731669266771,0.490291262135922,0.246987951807229,0.719745222929936,0.302795031055901,0.259026687598116,0,0.664086687306502,0.562903225806452,0.749606299212598,0.0123839009287926,0.724085365853659,0.354391371340524,0.732612055641422,0.735294117647059,0,0.744075829383886,0.288188976377953,0.725984251968504,0.290791599353796,0.301412872841444,0.285488958990536,0.686028257456829,0.67524115755627,0.511700468018721,0.793159609120521,0,0.422222222222222,0.721109399075501,0.743511450381679,0.75077399380805,0.275590551181102,0.736517719568567,0,0.666151468315301,0.720930232558139,0.745222929936306,0.594976452119309,0.271860095389507,0.957210776545166,0.258169934640523,0.300469483568075,0,0.279279279279279,0.716049382716049,0.276335877862595,0.418495297805643,0.275806451612903,0.72397476340694,0.29601226993865,0.723538704581359,0.369397217928903,0.536115569823435,0.322981366459627,0.286370597243492,0.25705329153605,0.693877551020408,0.305164319248826,0.261868300153139,0.733846153846154,0.7390625,0.264752791068581,0.266561514195584,0.965891472868217,0.346333853354134,0.295345104333868,0.324615384615385,0.279816513761468,0,0.798732171156894,0.275968992248062,0.731746031746032,0,0.29559748427673,0,0.770206022187005,0.260869565217391,0.30625,0,0.527646129541864,0.617693522906793,0.286163522012579,0.723642172523962,0.405956112852665,0.278041074249605,0.664526484751204,0.552795031055901,0.463492063492064,0,0.726844583987441,0.28525641025641,0.277165354330709,0.626373626373626,0.266355140186916,0.294892915980231,0.7375,0.00156494522691706,0.279752704791345,0.271450858034321,0.297971918876755,0.496941896024465,0.71656050955414,0.387045813586098,0.69218989280245,0.67720465890183,0,0.537360890302067,0.509493670886076,0.572530864197531,0,0.889067524115756,0.342679127725857,0.531202435312024,0.764705882352941,0.767830045523521,0,0,0.257142857142857,0.299539170506912,0,0.324451410658307,0,0,0,0.273716951788491,0,0.279106858054226,0.435658914728682,0.586102719033233,0.256172839506173,0,0,0.266561514195584,0.309667673716012,0.498427672955975,0.737327188940092,0,0.347692307692308,0.566770186335404,0.269592476489028,0.5828125,0.854003139717425,0,0.292569659442724,0.715873015873016,0.319620253164557,0.803174603174603,0,0.717357910906298,0.722222222222222,0.564144736842105,0.29320987654321,0,0.330804248861912,0.28125,0.260869565217391,0,0.817749603803486,0.315181518151815,0.742200328407225,0.258805513016845,0.267884322678843,0.730283911671924,0.262910798122066,0.7046875,0.437201907790143,0.732594936708861,0.718649517684887,0.306603773584906,0,0.717868338557994,0.296583850931677,0.743922204213938,0.561708860759494,0.6138147566719,0,0.726283048211509,0.480830670926518,0.706624605678233,0.2859375,0.730829420970266,0.751152073732719,0.61525974025974,0.330815709969789,0.364471669218989,0.298904538341158,0.484326018808777,0,0.289230769230769,0.724299065420561,0.2859375,0.632492113564669,0.732522796352584,0.269767441860465,0.286846275752773,0.257234726688103,0.535276073619632,0.28328173374613,0.740095087163233,0.734597156398104,0.3109375,0.347417840375587,0,0,0.278996865203762,0.332810047095761,0.733755942947702,0.293375394321767,0.278382581648523,0.665634674922601,0.341307814992026,0.463607594936709,0.331811263318113,0,0.28391167192429,0.651898734177215,0.2734375,0.262992125984252,0,0.529874213836478,0.304897314375987,0.734920634920635,0.515772870662461,0.864566929133858,0.418290854572714,0.542130365659777,0.311178247734139,0.709923664122137,0.287081339712919,0.274143302180685,0.270897832817337,0.673107890499195,0.697204968944099,0.269170579029734,0.274809160305344,0,0.430745814307458,0.587227414330218,0.961360123647604,0.463949843260188,0.285488958990536,0.376360808709176,0.283255086071987,0.130699088145897,0.716393442622951,0,0.427892234548336,0.72397476340694,0.733333333333333,1,0,0.271739130434783,0.34,0.28414442700157,0.277777777777778,0.723270440251572,0.736507936507937,0,0,0.732171156893819,0.7344,0.788643533123028,0,0.722560975609756,0.267387944358578,0.326153846153846,0.676751592356688,0.270142180094787,0.537854889589905,0.288431061806656,0.57032457496136,0.522796352583587,0,0.27123695976155,0.652996845425868,0.61128526645768,0.326717557251908,0.280811232449298,0.649612403100775,0.0015552099533437,0.315132605304212,0.306870229007634,0,0.313161875945537,0.714511041009464,0.273770491803279,0.598755832037325,0,0,0.620967741935484,0.419558359621451,0.73469387755102,0.868462757527734,0,0,0.506828528072838,0.720496894409938,0.259868421052632,0.893846153846154,0.269938650306748,0.733128834355828,0.599063962558502,0.655555555555556,0.397456279809221,0.704838709677419,0.724884080370943,0,0.715189873417722,0,0.266666666666667,0.613268608414239,0.292168674698795,0.727272727272727,0.26984126984127,0,0.595092024539877,0.6125,0.256609642301711,0,0.266563944530046,0,0.840064620355412,0.285271317829457,0,0.518633540372671,0.273155416012559,0.468454258675079,0.307570977917981,0.757942511346445,0,0.267605633802817,0.89540412044374,0,0.547021943573668,0.7298937784522,0.734042553191489,0.283699059561129,0.256410256410256,0.292237442922374,0.289269051321928,0.284565916398714,0,0.280564263322884,0.00155763239875389,0.647515527950311,0.958715596330275,0.272588055130168,0.268680445151033,0.274119448698315,0.269230769230769,0.0358814352574103,0.746478873239437,0.280130293159609,0.304747320061256,0.489197530864198,0.281733746130031,0.264615384615385,0.295665634674923,0,0,0.286363636363636,0,0.709175738724728,0.00157977883096367,0.291925465838509,0.958664546899841,0.705977382875606,0.730354391371341,0.337007874015748,0.00155763239875389,0.787037037037037,0.258970358814353,0.262422360248447,0.571205007824726,0.664167916041979,0.703427719821162,0.922137404580153,0.523510971786834,0.742681047765794,0.717391304347826,0.589622641509434,0.727414330218069,0.494607087827427,0.705974842767296,0,0.71608832807571,0.642172523961661,0.260450160771704,0.482170542635659,0.71689497716895,0.540752351097179,0.375579598145286,0.261467889908257,0.310789049919485,0.289968652037618,0.261075949367089,0.262910798122066,0.74806800618238,0.801232665639445,0.261682242990654,0.738738738738739,0.735159817351598,0.386435331230284,0,0.273148148148148,0.29922480620155,0,0.710610932475884,0,0.317610062893082,0,0.284829721362229,0.279251170046802,0.730769230769231,0.42879746835443,0.26502311248074,0.5103668261563,0.521671826625387,0.338582677165354,0,0,0.334967320261438,0.32375189107413,0.282642089093702,0,0,0.721337579617834,0.741984732824427,0.575471698113208,0,0.808777429467085,0,0.343499197431782,0.272583201267829,0.684542586750789,0.690440060698027,0,0.813099041533546,0.542056074766355,0.358934169278997,0.301223241590214,0.447530864197531,0.7339593114241,0.288676236044657,0.0775316455696203,0.263074484944533,0,0.27760736196319,0,0.2784,0.751173708920188,0.470304975922953,0,0,0.425076452599388,0.321259842519685,0.30757341576507,0.474885844748858,0.740181268882175,0.730586370839937,0.37962962962963,0.391768292682927,0,0.766091051805338,0.280254777070064,0,0.285488958990536,0.302611367127496,0.747678018575851,0.00784929356357928,0.716951788491446,0.263482280431433,0.808,0.712050078247261,0.725832012678288,0.86687306501548,0.509554140127389,0.724770642201835,0.272868217054264,0,0.451355661881978,0.29393468118196,0,0,0.729071537290715,0,0.733858267716535,0.269890795631825,0.454983922829582,0.712698412698413,0.731437598736177,0.576489533011272,0.305379746835443,0.634408602150538,0.00903614457831325,0.708943089430894,0.0568720379146919,0.0156985871271586,0,0.623622047244095,0.713414634146341,0.717665615141956,0.73030303030303,0.741140215716487,0.00946372239747634,0.0141509433962264,0.729393468118196,0.00940438871473354,0.00321543408360129,0.0314465408805031,0.0139968895800933,0.00925925925925926,0.734157650695518,0.0186915887850467,0.734076433121019,0.72386895475819,0.0128617363344051,0.737909516380655,0.0556414219474498,0.731974921630094,0.687211093990755,0.727409638554217,0.733124018838305
"575",0,0,0,0,0,0,0.0143540669856459,0.0015552099533437,0,1,0,1,0,0,0,0,1,0.985759493670886,0,0,0,0,0,1,0,0,0,0.00158982511923688,0,0,0,0,0.00158982511923688,0,1,0,0.978260869565217,0,0,0,1,0.984399375975039,0.995398773006135,0,0,0,0,0,0,0,1,0,0,0,0.0141509433962264,0,1,0,0.0031201248049922,0,0,0,0,1,0,0,1,0,1,0,0,0,0,0,1,0.00153609831029186,0,0,0.00158227848101266,0,1,0,0,0,0,0,0,0,0.0031201248049922,0.992447129909366,0,0,1,1,0,1,0.0218068535825545,0,0.993798449612403,0.992199687987519,0.0110062893081761,1,0,0,0,0,0.993660855784469,0.00308641975308642,0,0,0,0.0141732283464567,0,0,1,0,0,1,0,0,1,0.00157232704402516,0,0,0,0,0,0,1,0.0078003120124805,0,0,0,1,0,0,1,0,0,0.00805152979066022,1,1,0,0,0,0,0,0,0,0,0,0,0,0,0,0,0,0,1,0,0.00610687022900763,0,0,1,0,0,0,0,0,0,0,0,0,0,0.00317460317460317,0,1,0,1,0,0,0,0,0,0,0,0,0,0,0,0,0,0,0.0217391304347826,1,1,0,1,0,0,0.0126782884310618,0,0,0,0,0,0,0,0.00153374233128834,1,0,0,0,0,0,0.00463678516228748,0,0,0.0016,0,0,1,0,0,0,1,0,0,0.00627943485086342,0,0,0,0.0188976377952756,1,0.0139318885448916,0,0,0,0,0,0,0,0,0,0,0,0,0,0,0,0,0,0,0,0,0,0,0,0.992076069730586,0,1,0.00485436893203883,0,0,0,1,0.00159235668789809,0.00310077519379845,0,0,0,0,0.992248062015504,0,0,0,0,0,0,0,0,0,0,0.0130081300813008,1,0,0.0157977883096366,1,0,0.0138461538461538,0.00156739811912226,1,0,0,0,0,0,1,0.0185471406491499,0,0,0,0,0,0,0,0,0,0,0,0,0,0,0,0,0.00322061191626409,0,0.947368421052632,0,0,0,0,0,0,0,0,0,0,0,0,1,0,0.0109717868338558,0,0.946153846153846,0,0,0,0,1,0,0,0,0,0,0,0,0,0,0,1,0,0,0,0,0,0,1,0,0,0,0.00311526479750779,0,0,0,0,1,0,0,0,0,0,0,0,0,0,0,0,0,0.00311526479750779,0,0,0,0,0,0,0,0,0,0,0,0,1,0,0,0,1,0,0.991974317817014,0,0,0,0.996825396825397,0.0110236220472441,0,0,0,0,0,0,0,0,1,0,0.00159489633173844,0,0,0,0,0,0.998435054773083,0,0,0,0,0,0.0063391442155309,0,0.0146103896103896,0.995327102803738,0,0,0,1,0,0.00154798761609907,0,0,0,1,1,0,0,1,0,0.993710691823899,1,1,0,1,0,0,0.00762195121951219,0,1,1,0,0,0,0,0.998381877022654,0.0201238390092879,0,0,0,0,1,0,0,0.00158730158730159,0,1,0,0,0,0,1,0,0,0,1,0,0,0,0,0,0,0,0,0,0,0.00158982511923688,0,0.995238095238095,0,0,0,0,0.0127388535031847,1,0,0.00316957210776545,0,0,0,0,0,0,0,0,0,1,0,0,0,0.00481540930979133,0,0,0,0,0,0,0,0,0,0.0158982511923688,1,1,0,0,0,0,0,0,0,0,0.0168711656441718,1,0,0.0157232704402516,0,0,1,0,0,0,0.00159744408945687,0,0,0,0,0,0.0032626427406199,0,0,0.0173501577287066,0.0233644859813084,0,0,0.995327102803738,0,0,0,0,0,0,0,0.768875192604006,0,1,0.00158982511923688,0,0,0,1,0,0,0,0,0,0,1,1,0,0,0,1,0,0,0.553488372093023,0,0,0.0108527131782946,0,0,0,1,0,0,0,0.00617283950617284,0,0,0.990566037735849,0,0,1,0,0,0,0,1,0.995297805642633,0,0,0,0,0.993730407523511,1,0,0,0,0,0,0,0,0,0.00644122383252818,0,0,0.9984375,0,1,0,0.151219512195122,0.00151975683890578,0,0,1,0,0,0,1,0,1,0,0,1,0.021505376344086,0,0,0.00158478605388273,0,1,0,0,1,0,0,0,0,0,0,0.00314465408805031,0.00158227848101266,1,0,0.987596899224806,0.0198170731707317,0,0,0,0,0,0.918495297805643,0,0,0,0,0,0,0,1,1,0,1,0,0.998420221169036,0,0,0,0,0,0.998447204968944,0,0,0,0,0,0,0,0,0,0,0,0,0,0,1,0,0.0191693290734824,0,0.0327102803738318,0,0,0.00619195046439629,0,0.00162074554294976,0,0,0,0,0,0,0,0,0.00315457413249211,0.99388379204893,0,0,1,0,1,0,1,0,0,0,0,0,0,0,0.0189274447949527,1,1,0,0,0,1,1,0,0,0,1,0,1,0,0,0.031201248049922,0,1,0,0,0,0,0,0,0,0.893081761006289,0,1,0,0.993640699523052,0,0,0.361198738170347,1,1,0.00156985871271586,0,0.00938967136150235,0,0,0,0,0,1,0,0,1,0,0,0,0.959375,0,0,0,0,0,0,0,0,0,1,0,0,0.996860282574568,1,0,1,0,0,0,0,0,0.0063391442155309,0.004739336492891,0,0.950233281493002,0,0.896331738437002,0.973765432098765,1,0.160377358490566,0,0,0.00622083981337481,0,0.954186413902054,0.941085271317829,0,0.97456279809221,0.990506329113924,0.953488372093023,0.972350230414747,0.938271604938272,0,0.970172684458399,0,0,0.9536,0,0.935779816513762,0,0.0574534161490683,0,0
"576",0.993640699523052,0.987596899224806,0.968895800933126,0.945425361155698,0.983818770226537,0.991896272285251,0.890092879256966,0.970496894409938,0.992354740061162,0,0.987519500780031,0,0.566358024691358,0.987158908507223,0.049306625577812,0.0173501577287066,0,0.0156985871271586,0.98740157480315,0.976525821596244,0.173913043478261,0.0447284345047923,0.979938271604938,0,0.951713395638629,0.268987341772152,0.1296875,0.983766233766234,0.48714069591528,0.709035222052067,0.010752688172043,0.696062992125984,0.788461538461538,0.293838862559242,0,0.990506329113924,0.0171875,0.987730061349693,0.272727272727273,0.897865853658537,0.00156739811912226,0.0172413793103448,0.00458015267175573,0.990521327014218,0.789644012944984,0.0285261489698891,0.53416149068323,0.00940438871473354,0.482496194824962,0.143950995405819,0,0.984447900466563,0.279937791601866,0.990697674418605,0.879173290937997,0.159810126582278,0,0.964630225080386,0.951788491446345,0.911901081916538,0.31974921630094,0.456556082148499,0.0062992125984252,0,0.8992,0.837712519319938,0,0.981337480559876,0,0.0110410094637224,0.861370716510903,0.0141732283464567,0.0262345679012346,0.989197530864197,0,0.741641337386018,0.0504587155963303,0.596273291925466,0.899361022364217,0.254637436762226,0,0.729393468118196,0.222900763358779,0.990783410138249,0.129485179407176,0.91271056661562,0.9875,0.972222222222222,0.967391304347826,0.00916030534351145,0.979430379746835,0.987519500780031,0,0,0.971246006389776,0,0.313084112149533,0.979527559055118,0.00772797527047913,0.00783699059561128,0.627329192546584,0,0.298107255520505,0.988993710691824,0.112633181126332,0.988782051282051,0.00627943485086342,0.978090766823161,0.00943396226415094,0.0140405616224649,0.0185758513931889,0.896496815286624,0.336973478939158,0.981481481481482,0,0.984350547730829,0.731182795698925,0,0.00938967136150235,0.250393700787402,0,0.778471138845554,0.270440251572327,0.0930979133226324,0.97191887675507,0.161290322580645,0.987692307692308,0.986111111111111,0,0.560250391236307,0.932389937106918,0.500794912559618,0.982286634460548,0,0.985576923076923,0.033587786259542,0,0.224842767295597,0.636650868878357,0.538461538461538,0,0,0.983024691358025,0.780373831775701,0.181380417335474,0.990551181102362,0.0140625,0.927357032457496,0.416534181240064,0.978428351309707,0.14446227929374,0.981424148606811,0.987421383647799,0.842923794712286,0.989247311827957,0.00955414012738853,0.989147286821705,0.0111287758346582,0,0.751181102362205,0.86748844375963,0.976452119309262,0.0230061349693252,0,0.99075500770416,0.4512,0.992076069730586,0.992272024729521,0.992260061919505,0.3,0.976851851851852,0.0125588697017268,0.953101361573374,0.0091324200913242,0.901898734177215,0.394695787831513,0,0.974522292993631,0,0.851622874806801,0.988993710691824,0.129952456418384,0.989214175654854,0.950078003120125,0.983655274888559,0.966463414634146,0.0962732919254658,0.371559633027523,0.925039872408293,0.947784810126582,0.0595611285266458,0.0157232704402516,0.978021978021978,0.858034321372855,0,0,0.314873417721519,0.00156494522691706,0.989197530864197,0.25462962962963,0.875786163522013,0.768292682926829,0.986425339366516,0.457142857142857,0.450858034321373,0.311320754716981,0.925233644859813,0.960876369327074,0.881804043545879,0,0.880434782608696,0.18578352180937,0.946031746031746,0.00934579439252336,0.0801232665639445,0.551401869158878,0.971518987341772,0.986046511627907,0.84384858044164,0.989263803680982,0.894488188976378,0,0.0807453416149068,0.676783004552352,0.988835725677831,0,0.987519500780031,0.977203647416413,0.572769953051643,0.55607476635514,0.979813664596273,0.987117552334944,0.385350318471338,0,0.888719512195122,0.5125,0.974151857835218,0.00923076923076923,0.961360123647604,0.987421383647799,0.992236024844721,0.951638065522621,0.548136645962733,0.0126782884310618,0.968404423380727,0.552147239263804,0.0151745068285281,0.0106870229007634,0.203791469194313,0.0125195618153365,0.161341853035144,0.693129770992366,0.00934579439252336,0.0107692307692308,0.0187793427230047,0.609831029185868,0.0481540930979133,0.979527559055118,0.00950871632329636,0.00773993808049536,0,0.235668789808917,0.987341772151899,0.978260869565217,0.909516380655226,0,0.865912762520194,0.857359635811836,0.698738170347003,0.591549295774648,0.46551724137931,0.468998410174881,0.00924499229583975,0.989028213166144,0.103076923076923,0.705501618122977,0.960629921259842,0.0216383307573416,0.76049766718507,0.0140845070422535,0.121913580246914,0.991017964071856,0.988617886178862,0.891025641025641,0,0.656346749226006,0.881329113924051,0,0.00918836140888208,0.893682588597843,0.979782270606532,0,0.0123647604327666,0.0107692307692308,0.98705501618123,0.884310618066561,0.0128205128205128,0,0.406593406593407,0.993660855784469,0.803405572755418,0.395962732919255,0.667202572347267,0.962441314553991,0.0154798761609907,0.989164086687306,0.990506329113924,0.0141509433962264,0.976708074534162,0.988976377952756,0.969551282051282,0.990639625585023,0.197204968944099,0.320493066255778,0.300623052959502,0.9728,0.942122186495177,0.0501567398119122,0.288216560509554,0.976415094339623,0.169254658385093,0.319444444444444,0.990595611285266,0.987240829346092,0.973354231974922,0.710862619808307,0.984662576687117,0.2608,0.964506172839506,0.990580847723705,0,0.331775700934579,0.566246056782334,0.0264385692068429,0.0527131782945736,0.0168711656441718,0.906103286384977,0.0354938271604938,0.0078740157480315,0,0.246913580246914,0.985826771653543,0.0837282780410742,0.995184590690209,0.97191887675507,0.984301412872841,0.298412698412698,0.303571428571429,0.687010954616588,0.466448445171849,0,0.830745341614907,0.0229357798165138,0.0520673813169985,0.203416149068323,0.988871224165342,0.0108191653786708,0,0.34,0.0185471406491499,0.0344827586206897,0.482539682539683,0.988941548183254,0.278041074249605,0.988691437802908,0.962025316455696,0,0.988023952095808,0.00764525993883792,0.987878787878788,0.8390625,0.988817891373802,0.0203761755485893,0.973724884080371,0.00943396226415094,0.884012539184953,0.725521669341894,0.946236559139785,0.984350547730829,0.987460815047022,0.301223241590214,0.961661341853035,0.987748851454824,0.0107197549770291,0.034375,0.990461049284579,0.988993710691824,0.321928460342146,0.876582278481013,0.966183574879227,0.955246913580247,0.990712074303406,0,0.1184,0.989197530864197,0.00784929356357928,0,0.964006259780908,0.00810372771474878,0.0427892234548336,0.987878787878788,0.966666666666667,0.0047244094488189,0.642405063291139,0.44496855345912,0.992150706436421,0.00958466453674121,0.873801916932907,0.992012779552716,0.384493670886076,0.626153846153846,0.798732171156894,0,0.167197452229299,0.973058637083994,0.992248062015504,0.466360856269113,0.989312977099237,0.963394342762063,0.0398089171974522,0,0.992272024729521,0.984152139461173,0.951937984496124,0.708396946564885,0.018957345971564,0.865625,0.256692913385827,0.188429752066116,0.00462249614791988,0.639240506329114,0.624213836477987,0.631901840490798,0,0.285488958990536,0.9125,0.652713178294574,0.521806853582555,0.0893939393939394,0,0,0.99251497005988,0.972477064220184,0,0.928012519561815,0.00783699059561128,0,0,0.988871224165342,0,0.99198717948718,0.781990521327014,0.542372881355932,0.989164086687306,0,0,0.984447900466563,0.96206373292868,0.7357910906298,0.0123076923076923,0.00157728706624606,0.876146788990826,0.612903225806452,0.995275590551181,0.546439628482972,0.348909657320872,0,0.976671850699845,0.00955414012738853,0.954258675078864,0.0932069510268562,0,0.0183767228177642,0.130094043887147,0.505672609400324,0.970496894409938,0,0.947611710323575,0.978294573643411,0.989197530864197,0,0.0766823161189358,0.935643564356436,0.012987012987013,0.987673343605547,0.995384615384615,0.0170542635658915,0.992150706436421,0.310832025117739,0.811145510835913,0.0222222222222222,0.179936305732484,0.96411856474259,0.00782472613458529,0.0109204368174727,0.973724884080371,0.0158982511923688,0.676898222940226,0.398104265402844,0,0.119010819165379,0.744408945686901,0.274844720496894,0.984615384615385,0.00626959247648903,0.160186625194401,0.469453376205788,0.948795180722892,0.894736842105263,0.957278481012658,0.767405063291139,0,0.976851851851852,0.00921658986175115,0.965463108320251,0.398058252427184,0.00917431192660551,0.989329268292683,0.990536277602524,0.992138364779874,0.644654088050314,0.989045383411581,0.133122028526149,0.197472353870458,0.952307692307692,0.880434782608696,0,0,0.987341772151899,0.938808373590982,0.0220472440944882,0.976076555023923,0.995297805642633,0.374233128834356,0.924071082390953,0.7344,0.883540372670807,0,0.971786833855799,0.341194968553459,0.989147286821705,0.990566037735849,0,0.661392405063291,0.969793322734499,0.0110935023771791,0.692429022082019,0.37403400309119,0.813918305597579,0.707006369426752,0.954198473282443,0.0938461538461538,0.974481658692185,0.993846153846154,0.985959438377535,0.30952380952381,0.097331240188383,0.996850393700787,0.990783410138249,0.00615384615384615,0.792834890965732,0.483128834355828,0.265210608424337,0.775384615384615,0.989028213166144,0.879310344827586,0.989113530326594,0.133942161339422,0.0128,0,0.839370078740157,0.0110759493670886,0.0108359133126935,0.271739130434783,0,1,0.919876733436055,0.987538940809969,0.992424242424242,0.103125,0.00949367088607595,0,0,0.179650238473768,0.0864,0.160629921259843,0,0.0108695652173913,0.989296636085627,0.0123839009287926,0.311216429699842,0.988835725677831,0.610510046367852,0.967032967032967,0.670245398773006,0.648233486943164,0,0.987951807228916,0.404153354632588,0.530063291139241,0.917933130699088,0.989113530326594,0.410015649452269,0.00938967136150235,0.958139534883721,0.95968992248062,0,0.964939024390244,0.0236593059936909,0.987096774193548,0.445468509984639,0,0.009375,0.53257328990228,0.842433697347894,0.0109034267912773,0.138977635782748,0.00927357032457496,0.00160771704180064,0.747720364741641,0.0328125,0.990049751243781,0.313546423135464,0.989345509893455,0.0108695652173913,0.395638629283489,0.33974358974359,0.866454689984102,0.106209150326797,0.0122699386503067,0.0031496062992126,0.0494417862838915,0,0.98644578313253,0.0438311688311688,0.977341389728097,0.0156739811912226,0.990445859872611,0,0.523592085235921,0.4858934169279,0.990654205607477,0,0.990769230769231,0,0.393939393939394,0.983231707317073,0,0.658536585365854,0.97339593114241,0.748829953198128,0.948275862068966,0.0431432973805855,0,0.990610328638498,0.258620689655172,0,0.688854489164087,0.0091324200913242,0.0259938837920489,0.990476190476191,0.992150706436421,0.985981308411215,0.967391304347826,0.97933227344992,0,0.970172684458399,0.0184331797235023,0.367283950617284,0.281733746130031,0.993855606758833,0.984276729559748,0.981566820276498,0.986046511627907,0.0573643410852713,0.0221518987341772,0.99512987012987,0.966463414634146,0.74,0.976816074188563,0.990683229813665,0.973561430793157,0,0,0.975757575757576,0,0.0756172839506173,0,0.9515625,0.27591706539075,0.224193548387097,0.131987577639752,0.924528301886792,0,0.106646058732612,0.989164086687306,0.992272024729521,0.658346333853354,0.429850746268657,0.233082706766917,0.172782874617737,0.654952076677316,0.00758725341426404,0.137345679012346,0.5671875,0.277165354330709,0.719135802469136,0.015625,0,0.0111111111111111,0.3376,0.990275526742301,0.636785162287481,0.236280487804878,0.64251968503937,0.87402799377916,0.98310291858679,0.959612277867528,0.976340694006309,0.992012779552716,0.995169082125604,0.557632398753894,0.413522012578616,0.990625,0.0134128166915052,0.0199692780337942,0.873065015479876,0.00757575757575758,0.989473684210526,0.966153846153846,0,0.124006359300477,0,0.950793650793651,0,0.970679012345679,0.988993710691824,0.0154083204930663,0.84251968503937,0.987748851454824,0.677725118483412,0.640986132511556,0.875394321766562,0,0,0.937299035369775,0.940298507462687,0.987635239567233,0,0,0.00805152979066022,0.254992319508449,0.519561815336463,0,0.453543307086614,0,0.92,0.988993710691824,0.157232704402516,0.257716049382716,0,0.34991974317817,0.602523659305994,0.8609375,0.963133640552995,0.796296296296296,0.00940438871473354,0.990384615384615,0.0141065830721003,0.988941548183254,0,0.979969183359014,0.00627943485086342,0.988727858293076,0.0203761755485893,0.0171875,0,0,0.829153605015674,0.92604501607717,0.933846153846154,0.71671826625387,0.0319148936170213,0.0125588697017268,0.828885400313972,0.845220030349014,0,0.0201238390092879,0.97045101088647,0,0.97427652733119,0.956656346749226,0.0762052877138414,0.04375,0.0093603744149766,0.989180834621329,0.4734375,0.0863422291993721,0.116613418530351,0.112480739599384,0.712903225806452,0.106544901065449,0.992125984251969,0,0.774647887323944,0.975155279503106,0.00158982511923688,0,0.0106060606060606,0,0.009375,0.990610328638498,0.730210016155089,0.00938967136150235,0.0109717868338558,0.565560821484992,0.947867298578199,0.458333333333333,0.0529595015576324,0.00963081861958266,0.0608974358974359,0.0170807453416149,0,0.0362204724409449,0.015220700152207,0.00947867298578199,0.0246913580246914,0.00615384615384615,0.0534591194968553,0.0607476635514019,0.0246153846153846,0.0187793427230047,0.00474683544303797,0.0280373831775701,0.0248833592534992,0.0602782071097372,0.0170015455950541,0.0216049382716049,0.00809061488673139,0.0126582278481013,0.0477707006369427,0.0170278637770898,0.0276073619631902,0.0124031007751938,0.0498442367601246,0.0120845921450151,0.0141287284144427
"577",0.913522012578616,0.903374233128834,0.918960244648318,0.901430842607313,0.927444794952681,0.9168,0.863141524105754,0.916149068322981,0.914241960183767,0,0.912307692307692,0,0.662576687116564,0.905511811023622,0.138036809815951,0.0984375,0,0.0123456790123457,0.912974683544304,0.919452887537994,0.237577639751553,0.118022328548644,0.90519877675841,0,0.889739663093415,0.322429906542056,0.196567862714509,0.912974683544304,0.516666666666667,0.69618320610687,0.0784313725490196,0.736434108527132,0.814641744548287,0.343799058084772,0,0.911353032659409,0.0183206106870229,0.909090909090909,0.331858407079646,0.857142857142857,0,0.0106870229007634,0.00154320987654321,0.912140575079872,0.778309409888357,0.111635220125786,0.56043956043956,0.0902140672782875,0.511346444780635,0.204204204204204,0,0.909937888198758,0.308755760368664,0.91601866251944,0.856025039123631,0.227129337539432,0,0.907232704402516,0.903225806451613,0.903669724770642,0.360060514372163,0.482388973966309,0.090625,0,0.853582554517134,0.804580152671756,0,0.904320987654321,0,0.0881889763779528,0.814589665653495,0.0886850152905199,0.107309486780715,0.917682926829268,0,0.748137108792846,0.128482972136223,0.605919003115265,0.893819334389857,0.33931484502447,0,0.743034055727554,0.297872340425532,0.910606060606061,0.186259541984733,0.88821752265861,0.905864197530864,0.924846625766871,0.895061728395062,0.00606060606060606,0.918622848200313,0.911585365853659,0,0,0.897271268057785,0,0.361832061068702,0.909797822706065,0.00303951367781155,0.00461538461538462,0.66306027820711,0,0.345368916797488,0.906645569620253,0.172932330827068,0.913385826771654,0.00768049155145929,0.925581395348837,0.0763239875389408,0.0819165378670788,0.0945945945945946,0.858475894245723,0.400625978090767,0.908527131782946,0,0.924615384615385,0.741590214067278,0,0.0904907975460123,0.290171606864275,0,0.807395993836672,0.3125,0.156299840510367,0.912172573189522,0.227272727272727,0.911450381679389,0.911450381679389,0,0.595092024539877,0.898461538461538,0.532608695652174,0.902053712480253,0,0.917591125198098,0.10590015128593,0,0.289514866979656,0.659409020217729,0.589257503949447,0,0,0.938366718027735,0.776744186046512,0.249206349206349,0.920062695924765,0.0903426791277259,0.895865237366003,0.476038338658147,0.91904047976012,0.215189873417722,0.90527950310559,0.913522012578616,0.800918836140888,0.930448222565688,0.0858034321372855,0.909923664122137,0.0972222222222222,0,0.737984496124031,0.85369532428356,0.914503816793893,0.0989345509893455,0,0.915680473372781,0.469194312796209,0.920967741935484,0.907692307692308,0.911179173047473,0.334341906202723,0.93394777265745,0.0914728682170543,0.88821752265861,0.0895522388059701,0.884012539184953,0.445300462249615,0,0.90726429675425,0,0.802773497688752,0.912037037037037,0.217391304347826,0.921538461538462,0.886328725038402,0.910876132930514,0.902290076335878,0.161832061068702,0.439878234398782,0.878548895899054,0.929356357927786,0.135303265940902,0.0979782270606532,0.91937984496124,0.834848484848485,0,0,0.368992248062016,0,0.919575113808801,0.330815709969789,0.847723704866562,0.745454545454545,0.920060331825038,0.495356037151703,0.488584474885845,0.36150234741784,0.870967741935484,0.882534775888717,0.868501529051988,0,0.827692307692308,0.259968102073365,0.911949685534591,0.0766823161189358,0.159574468085106,0.598449612403101,0.9,0.918305597579425,0.851393188854489,0.912307692307692,0.865414710485133,0,0.161787365177196,0.690119760479042,0.921011058451817,0,0.91499227202473,0.911411411411411,0.604037267080745,0.597243491577335,0.904984423676013,0.91496062992126,0.421779141104294,0,0.856278366111952,0.573872472783826,0.92822966507177,0.0876923076923077,0.948484848484848,0.914596273291925,0.906832298136646,0.896124031007752,0.559090909090909,0.0953125,0.913178294573643,0.576864535768645,0.0915915915915916,0.088145896656535,0.258914728682171,0.0832049306625578,0.225352112676056,0.686656671664168,0.0832049306625578,0.0858895705521472,0.0916030534351145,0.632930513595166,0.123613312202853,0.922118380062305,0.00626959247648903,0.0797546012269939,0,0.284591194968553,0.914463452566096,0.905718701700155,0.856692913385827,0,0.872037914691943,0.811059907834101,0.728395061728395,0.652307692307692,0.561728395061728,0.495398773006135,0.00618238021638331,0.911353032659409,0.165905631659056,0.747619047619048,0.917829457364341,0.0958904109589041,0.751926040061633,0.0955315870570108,0.197247706422018,0.911719939117199,0.909090909090909,0.863924050632911,0,0.678678678678679,0.849612403100775,0,0.078907435508346,0.862745098039216,0.91705069124424,0,0.0874233128834356,0.0834597875569044,0.922712933753943,0.899686520376176,0.0888888888888889,0,0.440860215053763,0.92846034214619,0.779969650986343,0.464506172839506,0.677215189873418,0.903323262839879,0.0977917981072555,0.912172573189522,0.914596273291925,0.0920436817472699,0.957186544342508,0.924148606811146,0.905956112852665,0.91820987654321,0.251543209876543,0.346687211093991,0.348694316436252,0.914691943127962,0.881789137380192,0.0408472012102874,0.316279069767442,0.924382716049383,0.226993865030675,0.371428571428571,0.91969696969697,0.914463452566096,0.930232558139535,0.721958925750395,0.908950617283951,0.312693498452012,0.912977099236641,0.918110236220472,0,0.373846153846154,0.588697017268446,0.0992248062015504,0.0426179604261796,0.0844645550527904,0.859111791730475,0.10806697108067,0.0825688073394495,0,0.292307692307692,0.911949685534591,0.157164869029276,0.934609250398724,0.912908242612753,0.916535433070866,0.3515625,0.354166666666667,0.705246913580247,0.520128824476651,0,0.828660436137072,0.0891238670694864,0.122511485451761,0.268025078369906,0.925039872408293,0.0847457627118644,0,0.372340425531915,0.0950920245398773,0.114420062695925,0.53416149068323,0.917316692667707,0.337539432176656,0.900641025641026,0.897832817337461,0,0.919472913616398,0.0910470409711684,0.910470409711684,0.83641975308642,0.910543130990415,0.0893682588597843,0.910197869101979,0.0804953560371517,0.839813374805599,0.723101265822785,0.877300613496933,0.918960244648318,0.915514592933948,0.344186046511628,0.894899536321484,0.911144578313253,0.0896860986547085,0.101851851851852,0.915227629513344,0.909230769230769,0.384615384615385,0.831546707503829,0.899676375404531,0.956060606060606,0.910470409711684,0,0.1939586645469,0.91131498470948,0.0881889763779528,0,0.922834645669291,0.00634920634920635,0.1201248049922,0.909647779479326,0.911353032659409,0,0.667706708268331,0.474258970358814,0.919811320754717,0.0855784469096672,0.826086956521739,0.914421553090333,0.433903576982893,0.647239263803681,0.801550387596899,0,0.236024844720497,0.914826498422713,0.917177914110429,0.506891271056662,0.920852359208524,0.88961038961039,0.115207373271889,0.0015527950310559,0.912977099236641,0.918461538461538,0.91358024691358,0.718796992481203,0.0902021772939347,0.855140186915888,0.30781010719755,0.240131578947368,0.00307219662058372,0.662480376766091,0.617784711388456,0.66156202143951,0,0.338658146964856,0.882995319812793,0.674311926605505,0.577335375191424,0.162686567164179,0,0,0.919762258543834,0.896813353566009,0,0.88,0.00623052959501558,0,0,0.908527131782946,0,0.92259083728278,0.765527950310559,0.576399394856278,0.913636363636364,0,0,0.914196567862715,0.899850523168909,0.762917933130699,0.0833333333333333,0.00158478605388273,0.853211009174312,0.64031007751938,0.916286149162861,0.578052550231839,0.416796267496112,0,0.91937984496124,0.0879120879120879,0.915227629513344,0.168469860896445,0,0.0903614457831325,0.188767550702028,0.51559934318555,0.899543378995434,0,0.904047976011994,0.9,0.913109756097561,0,0.15552099533437,0.88562091503268,0.0930979133226324,0.915123456790123,0.907575757575758,0.0916149068322981,0.921538461538462,0.350467289719626,0.802752293577982,0.0951638065522621,0.233807266982622,0.975155279503106,0.00622083981337481,0.0939907550077042,0.913373860182371,0.0933544303797468,0.715189873417722,0.44375,0,0.188736681887367,0.776714513556619,0.325652841781874,0.912307692307692,0.0837209302325581,0.229607250755287,0.497615262321145,0.918552036199095,0.885885885885886,0.894333843797856,0.786271450858034,0,0.903963414634146,0.099388379204893,0.892638036809816,0.45253164556962,0.0891238670694864,0.914634146341463,0.915254237288136,0.905132192846034,0.655864197530864,0.918083462132921,0.201238390092879,0.266666666666667,0.885196374622356,0.847222222222222,0,0,0.922118380062305,0.884735202492212,0.104928457869634,0.918495297805643,0.923195084485407,0.428792569659443,0.881703470031546,0.726283048211509,0.855842185128983,0,0.900158478605388,0.397515527950311,0.907550077041603,0.912576687116564,0,0.653605015673981,0.919431279620853,0.0910518053375196,0.72107765451664,0.420647149460709,0.801186943620178,0.733229329173167,0.886567164179105,0.166163141993958,0.914826498422713,0.914373088685015,0.926829268292683,0.358064516129032,0.163328197226502,0.916795069337442,0.909365558912387,0.00460122699386503,0.781538461538462,0.498456790123457,0.310872894333844,0.783616692426584,0.911764705882353,0.835658914728682,0.910631741140216,0.132218844984802,0.094551282051282,0,0.845794392523365,0.0866141732283465,0.088785046728972,0.34,0,0.919876733436055,1,0.921996879875195,0.914634146341463,0.186813186813187,0.0927357032457496,0,0,0.247603833865815,0.155038759689922,0.231132075471698,0,0.0895061728395062,0.906687402799378,0.0382848392036753,0.34009360374415,0.912363067292645,0.643185298621746,0.895148669796557,0.702290076335878,0.646341463414634,0,0.905465288035451,0.458860759493671,0.555205047318612,0.88455772113943,0.925190839694657,0.427701674277017,0.00615384615384615,0.910906298003072,0.919452887537994,0,0.898484848484848,0.108191653786708,0.911290322580645,0.473118279569892,0,0.00461538461538462,0.57258064516129,0.839313572542902,0.0882800608828006,0.214968152866242,0.00615384615384615,0,0.722388059701493,0.105754276827372,0.912903225806452,0.3710407239819,0.914285714285714,0.0884146341463415,0.430769230769231,0.393416927899687,0.859621451104101,0.169036334913112,0.0895061728395062,0,0.125,0,0.909638554216867,0.101748807631161,0.917168674698795,0.0876369327073552,0.909952606635071,0,0.600600600600601,0.521193092621664,0.911901081916538,0,0.91324200913242,0,0.429252782193959,0.911490683229814,0,0.685325264750378,0.90625,0.746543778801843,0.911111111111111,0.102290076335878,0,0.9140625,0.321928460342146,0,0.742681047765794,0.0863636363636364,0.102760736196319,0.915227629513344,0.919937205651491,0.916413373860182,0.891640866873065,0.909375,0,0.894736842105263,0.013677811550152,0.412746585735964,0.347560975609756,0.910197869101979,0.91820987654321,0.905631659056317,0.906060606060606,0.0580152671755725,0.107644305772231,0.920967741935484,0.965045592705167,0.746585735963581,0.905487804878049,0.910876132930514,0.918335901386749,0,0,0.904977375565611,0,0.157733537519142,0,0.901408450704225,0.328571428571429,0.281645569620253,0.199395770392749,0.859154929577465,0.00152905198776758,0.171032357473035,0.917829457364341,0.918836140888208,0.658267716535433,0.480538922155689,0.297935103244838,0.234138972809668,0.668238993710692,0.0785824345146379,0.203703703703704,0.601246105919003,0.307332293291732,0.73820395738204,0.0852713178294574,0,0.0879120879120879,0.384496124031008,0.905901116427432,0.640432098765432,0.292609351432881,0.671802773497689,0.867981790591806,0.907153729071537,0.918006430868167,0.90809968847352,0.930926216640502,0.915064102564103,0.6,0.484066767830046,0.908385093167702,0.0977777777777778,0.0936555891238671,0.872699386503067,0.00758725341426404,0.910741301059002,0.89894419306184,0,0.192125984251969,0,0.931782945736434,0,0.906832298136646,0.913312693498452,0.0963302752293578,0.814528593508501,0.911042944785276,0.667721518987342,0.656488549618321,0.853125,0,0,0.889952153110048,0.900729927007299,0.921898928024502,0,0,0.0923566878980892,0.296130952380952,0.533127889060092,0,0.518633540372671,0,0.88135593220339,0.912037037037037,0.221875,0.332826747720365,0,0.397151898734177,0.615503875968992,0.831562974203338,0.915902140672783,0.774143302180685,0.0844854070660522,0.935126582278481,0.0217391304347826,0.90952380952381,0,0.912977099236641,0.00463678516228748,0.910969793322735,0.10061919504644,0.053125,0,0,0.852359208523592,0.87719298245614,0.899082568807339,0.695195195195195,0.10960960960961,0.0917573872472784,0.808868501529052,0.788753799392097,0,0.0954616588419405,0.899691358024691,0,0.906103286384977,0.91238670694864,0.152173913043478,0.0324574961360124,0.0833333333333333,0.91350531107739,0.5296875,0.16796267496112,0.192926045016077,0.18140243902439,0.737421383647799,0.158950617283951,0.912908242612753,0,0.758513931888545,0.903963414634146,0.0031104199066874,0,0.0812407680945347,0,0.0970724191063174,0.92,0.708399366085578,0.0902021772939347,0.0845070422535211,0.593650793650794,0.908517350157729,0.488619119878604,0.0404191616766467,0.0759493670886076,0.0463258785942492,0.0168970814132104,0,0.0858034321372855,0.0869565217391304,0.0924499229583975,0.104294478527607,0.0798771121351766,0.0362204724409449,0.0475460122699387,0.0929878048780488,0.0184615384615385,0.00642054574638844,0.0292307692307692,0.0241691842900302,0.0492307692307692,0.1,0.02,0.0950871632329636,0.0932069510268562,0.0387596899224806,0.0895061728395062,0.0285285285285285,0.093558282208589,0.119815668202765,0.0923994038748137,0.0913312693498452
"578",0.9952,0.998473282442748,0.973886328725038,0.9376,0.984025559105431,0.998410174880763,0.888188976377953,0.978021978021978,1,0,0.998452012383901,0,0.550387596899225,0.998392282958199,0.0503937007874016,0.00927357032457496,0,0.014018691588785,0.998387096774194,0.983050847457627,0.158555729984301,0.032520325203252,0.990726429675425,0,0.957613814756672,0.251184834123223,0.111111111111111,0.988871224165342,0.461890243902439,0.69969040247678,0.00152439024390244,0.682170542635659,0.7671875,0.2921875,0,1,0.0183206106870229,0.996913580246914,0.267669172932331,0.911450381679389,0.00156494522691706,0.0152905198776758,0.00622083981337481,1,0.778481012658228,0.0238473767885533,0.501607717041801,0.00155763239875389,0.466360856269113,0.125,0,0.993700787401575,0.273584905660377,0.998425196850394,0.880952380952381,0.161084529505582,0,0.977812995245642,0.964669738863287,0.895295902883156,0.300155520995334,0.422427035330261,0.00158730158730159,0,0.898089171974522,0.820592823712949,0,0.989045383411581,0,0.00157977883096367,0.856049004594181,0.00778816199376947,0.0157728706624606,1,0,0.703875968992248,0.0479876160990712,0.573208722741433,0.896331738437002,0.265339966832504,0,0.69431643625192,0.200303490136571,0.996937212863706,0.105919003115265,0.907435508345979,0.995327102803738,0.969418960244648,0.964451313755796,0.0108695652173913,0.987361769352291,0.998442367601246,0,0,0.974358974358974,0,0.298136645962733,0.983024691358025,0.00623052959501558,0.00631911532385466,0.606583072100313,0,0.284375,0.998432601880878,0.102134146341463,0.998405103668262,0.0078740157480315,0.984350547730829,0.00157728706624606,0.00791139240506329,0.00775193798449612,0.900958466453674,0.332814930015552,0.992175273865415,0,0.984399375975039,0.697530864197531,0,0.00152439024390244,0.224683544303797,0,0.767772511848341,0.245022970903522,0.0763116057233704,0.973478939157566,0.137770897832817,0.99537750385208,0.996889580093313,0,0.55,0.940345368916798,0.482371794871795,0.9904,0,0.998363338788871,0.0229709035222052,0,0.206677265500795,0.613707165109034,0.509708737864078,0,0,0.978193146417445,0.751166407465008,0.1632,1,0.00786163522012579,0.933333333333333,0.419614147909968,0.981424148606811,0.140600315955766,0.984227129337539,0.998432601880878,0.826893353941267,0.993779160186625,0.00159235668789809,0.998452012383901,0.00157728706624606,0,0.736421725239617,0.863287250384025,0.985849056603774,0.0184899845916795,0,0.998456790123457,0.4432,1,0.998427672955975,0.998456790123457,0.290076335877863,0.978294573643411,0.0031496062992126,0.949308755760369,0.00152671755725191,0.894321766561514,0.366929133858268,0,0.985826771653543,0,0.844961240310077,0.998442367601246,0.109004739336493,0.986046511627907,0.946319018404908,0.990922844175492,0.969135802469136,0.0965732087227414,0.368580060422961,0.920382165605096,0.950636942675159,0.0528771384136858,0.00462962962962963,0.977952755905512,0.856037151702786,0,0,0.30173775671406,0.00153609831029186,1,0.259259259259259,0.877165354330709,0.755760368663594,0.989296636085627,0.426307448494453,0.424615384615385,0.295418641390205,0.91866028708134,0.9616,0.875981161695447,0,0.886115444617785,0.184039087947883,0.941548183254344,0,0.0699088145896656,0.537854889589905,0.973101265822785,0.982945736434109,0.83203732503888,0.998463901689708,0.889415481832543,0,0.0685358255451713,0.658950617283951,0.993579454253612,0,0.993817619783617,0.980392156862745,0.55188679245283,0.549689440993789,0.992150706436421,0.998389694041868,0.365079365079365,0,0.889908256880734,0.507861635220126,0.969305331179321,0.0015625,0.95679012345679,0.996815286624204,0.998432601880878,0.946456692913386,0.526717557251908,0.00159235668789809,0.970404984423676,0.537290715372907,0.00600600600600601,0.00154559505409583,0.194312796208531,0.00154320987654321,0.156398104265403,0.657012195121951,0.00155763239875389,0.0046656298600311,0.0123839009287926,0.574886535552194,0.0364500792393027,0.982594936708861,0.0109375,0,0,0.229665071770335,0.998407643312102,0.974882260596546,0.897035881435257,0,0.868167202572347,0.854070660522273,0.681388012618297,0.582018927444795,0.44391785150079,0.446708463949843,0.0107858243451464,0.998420221169036,0.0917573872472784,0.692556634304207,0.965625,0.0153846153846154,0.750783699059561,0.00317965023847377,0.121684867394696,0.998470948012232,0.998389694041868,0.891760904684976,0,0.638330757341577,0.880690737833595,0,0,0.891975308641975,0.982677165354331,0,0.00153609831029186,0.0031104199066874,0.982428115015974,0.872168284789644,0.00158478605388273,0,0.37984496124031,0.988993710691824,0.776255707762557,0.390092879256966,0.656645569620253,0.961656441717791,0.0125391849529781,0.998475609756098,1,0.00782472613458529,0.968503937007874,1,0.97752808988764,0.995334370139969,0.177777777777778,0.309968847352025,0.289763779527559,0.977883096366509,0.936204146730462,0.0495356037151703,0.262658227848101,0.979719188767551,0.148837209302326,0.307692307692308,0.993650793650794,1,0.9671875,0.686900958466454,0.996946564885496,0.249221183800623,0.965463108320251,0.996815286624204,0,0.316998468606432,0.540284360189573,0.0172413793103448,0.0509259259259259,0.0107692307692308,0.902173913043478,0.0248062015503876,0.0015625,0,0.223420647149461,0.992150706436421,0.0725308641975309,0.983739837398374,0.973270440251572,0.984076433121019,0.28343949044586,0.286846275752773,0.679186228482003,0.463651050080775,0,0.829153605015674,0.0169491525423729,0.0382848392036753,0.198170731707317,0.998402555910543,0.0031104199066874,0,0.318461538461538,0.0107197549770291,0.0223285486443381,0.450704225352113,1,0.278955954323002,0.99837925445705,0.967391304347826,0,0.989598811292719,0.00151515151515152,0.996918335901387,0.839258114374034,0.99837925445705,0.0141732283464567,0.980061349693252,0.0015527950310559,0.888544891640867,0.706436420722135,0.937888198757764,0.984709480122324,0.995327102803738,0.29375,0.960629921259842,0.998477929984779,0.00152671755725191,0.0234375,0.998402555910543,0.998430141287284,0.324031007751938,0.884012539184953,0.965853658536585,0.954898911353033,1,0,0.114104595879556,0.9984375,0.003125,0,0.968404423380727,0.00792393026941363,0.0445151033386327,0.998447204968944,0.970266040688576,0.00475435816164818,0.620094191522763,0.425897035881435,0.985736925515055,0.00324675324675325,0.860095389507154,0.996774193548387,0.362179487179487,0.6,0.781789638932496,0,0.166139240506329,0.9792663476874,0.996889580093313,0.444099378881988,0.998463901689708,0.975328947368421,0.0301109350237718,0,0.984496124031008,0.996889580093313,0.960753532182104,0.687211093990755,0.00626959247648903,0.86053882725832,0.234567901234568,0.177740863787375,0.00470957613814757,0.622611464968153,0.591772151898734,0.60347551342812,0,0.281399046104928,0.910631741140216,0.643518518518518,0.516279069767442,0.0720720720720721,0,0,0.998509687034277,0.975346687211094,0,0.927244582043344,0.00791139240506329,0,0,0.998442367601246,0,0.998392282958199,0.764341085271318,0.519938650306748,0.998468606431853,0,0,0.995327102803738,0.960546282245827,0.719814241486068,0.0015220700152207,0.00159744408945687,0.875945537065053,0.593220338983051,0.998439937597504,0.52833078101072,0.34488188976378,0,0.978461538461538,0.00158478605388273,0.955555555555556,0.0897637795275591,0,0.0105263157894737,0.113237639553429,0.473083197389886,0.97045101088647,0,0.957120980091884,0.9734375,0.998449612403101,0,0.0729001584786054,0.935215946843854,0.00646203554119548,0.998475609756098,0.998473282442748,0.00925925925925926,0.998430141287284,0.305295950155763,0.806603773584906,0.0110410094637224,0.167202572347267,0.962323390894819,0.00943396226415094,0.00158730158730159,0.976958525345622,0.00481540930979133,0.649762282091918,0.379746835443038,0,0.117465224111283,0.72972972972973,0.259433962264151,0.976340694006309,0.0015552099533437,0.156202143950995,0.442276422764228,0.943683409436834,0.876923076923077,0.959501557632399,0.745253164556962,0,0.984615384615385,0.00153846153846154,0.969936708860759,0.3904,0.0015015015015015,0.998454404945904,0.998432601880878,0.998422712933754,0.621495327102804,0.986024844720497,0.134920634920635,0.185243328100471,0.943485086342229,0.878125,0,0,0.990430622009569,0.931746031746032,0.0157977883096366,0.984,0.992175273865415,0.374233128834356,0.932283464566929,0.72275641025641,0.879204892966361,0,0.960691823899371,0.337579617834395,0.9984375,0.998430141287284,0,0.626771653543307,0.970404984423676,0.00155763239875389,0.689984101748808,0.379095163806552,0.8,0.681962025316456,0.954268292682927,0.0866261398176292,0.987240829346092,0.998449612403101,0.981623277182236,0.30064308681672,0.0956112852664577,0.990625,0.998454404945904,0.00612557427258806,0.768759571209801,0.453149001536098,0.261682242990654,0.754658385093168,0.998425196850394,0.869701726844584,0.998442367601246,0.12326656394453,0.0016260162601626,0,0.813186813186813,0.00316957210776545,0.00155763239875389,0.28414442700157,0,0.987538940809969,0.921996879875195,1,0.996889580093313,0.0899053627760252,0.00158982511923688,0,0,0.16852146263911,0.0758293838862559,0.15955766192733,0,0,0.998452012383901,0.0106870229007634,0.298412698412698,0.998425196850394,0.580343213728549,0.973101265822785,0.662480376766091,0.638330757341577,0,0.998498498498498,0.391096979332273,0.496062992125984,0.922492401215805,0.987673343605547,0.394736842105263,0.00928792569659443,0.953343701399689,0.9558599695586,0,0.964451313755796,0.0169491525423729,0.98538961038961,0.428571428571429,0,0.00782472613458529,0.511400651465798,0.829113924050633,0.0015527950310559,0.142628205128205,0.00938967136150235,0.00162337662337662,0.731231231231231,0.0251968503937008,0.99835255354201,0.316187594553706,0.993911719939117,0.00154798761609907,0.3828125,0.335463258785943,0.864433811802233,0.090032154340836,0.00461538461538462,0.00309119010819165,0.0385852090032154,0,0.992331288343558,0.0432,0.983308042488619,0.004739336492891,0.998394863563403,0,0.504587155963303,0.4515625,1,0,0.996927803379416,0,0.385232744783307,0.987654320987654,0,0.640866873065015,0.98125,0.729430379746835,0.951181102362205,0.0415384615384615,0,0.9984375,0.263823064770932,0,0.678461538461538,0.00149700598802395,0.0169230769230769,0.998407643312102,0.998427672955975,0.99075500770416,0.971608832807571,0.981132075471698,0,0.969936708860759,0.0230769230769231,0.351309707241911,0.290625,0.993769470404984,0.992088607594937,0.995398773006135,0.992295839753467,0.0573643410852713,0.0142857142857143,0.985436893203884,0.964777947932619,0.724770642201835,0.98145285935085,0.998454404945904,0.969135802469136,0,0,0.983358547655068,0,0.0685975609756098,0,0.958461538461538,0.284565916398714,0.20820189274448,0.121913580246914,0.910543130990415,0,0.107476635514019,0.998449612403101,0.998452012383901,0.631911532385466,0.403903903903904,0.205705705705706,0.182926829268293,0.633757961783439,0.00153139356814701,0.12037037037037,0.537854889589905,0.25508607198748,0.704097116843703,0.0109375,0,0.0015748031496063,0.322222222222222,0.998405103668262,0.605546995377504,0.235649546827795,0.622257053291536,0.867283950617284,0.99075500770416,0.956381260096931,0.979365079365079,0.998376623376623,0.998425196850394,0.544186046511628,0.414860681114551,0.996845425867508,0.00600600600600601,0.00763358778625954,0.870047543581617,0.00925925925925926,0.998470948012232,0.976599063962558,0,0.0996784565916399,0,0.949764521193093,0,0.972265023112481,1,0.00917431192660551,0.836990595611285,0.998466257668712,0.636650868878357,0.605504587155963,0.875394321766562,0,0,0.930533117932149,0.948948948948949,0.989296636085627,0,0,0.00159744408945687,0.236111111111111,0.489922480620155,0,0.445300462249615,0,0.919743178170145,0.998410174880763,0.154330708661417,0.222734254992319,0,0.338607594936709,0.589341692789969,0.876755070202808,0.966514459665145,0.7625,0.00158227848101266,0.987138263665595,0.0158478605388273,0.998415213946117,0,0.984917043740573,0.00469483568075117,0.998402555910543,0.0157977883096366,0.0125588697017268,0,0,0.814641744548287,0.92443729903537,0.935779816513762,0.723502304147465,0.0290076335877863,0.00637958532695375,0.833850931677019,0.821646341463415,0,0.0174050632911392,0.96998420221169,0,0.988782051282051,0.961597542242704,0.0580847723704867,0.0372670807453416,0.00469483568075117,0.998468606431853,0.466772151898734,0.0758293838862559,0.094551282051282,0.117465224111283,0.6875,0.093167701863354,0.998412698412698,0,0.748822605965463,0.984591679506934,0.00157728706624606,0,0.00152439024390244,0,0.00155763239875389,1,0.706451612903226,0.00161550888529887,0.00158982511923688,0.538338658146965,0.967542503863988,0.425696594427245,0.0446841294298921,0.00158478605388273,0.0490506329113924,0.0156739811912226,0,0.0252764612954186,0.00151285930408472,0.00157232704402516,0.00772797527047913,0.00152905198776758,0.04375,0.0507692307692308,0.0172413793103448,0.0156494522691706,0.00316957210776545,0.0234009360374415,0.0216383307573416,0.05320813771518,0.00622083981337481,0.0184331797235023,0.00162866449511401,0.0048,0.0405844155844156,0.00778816199376947,0.0225903614457831,0.0015220700152207,0.034375,0.00304878048780488,0.00159235668789809
"579",0.995290423861852,0.995475113122172,0.972350230414747,0.941548183254344,0.990506329113924,0.995253164556962,0.889408099688474,0.978461538461538,0.993911719939117,0,0.993846153846154,0,0.556748466257669,0.993670886075949,0.0465116279069767,0.0107858243451464,0,0.0155038759689922,0.993720565149137,0.981707317073171,0.163833075734158,0.0415335463258786,0.981510015408321,0,0.947772657450077,0.2546875,0.12210200927357,0.987421383647799,0.458646616541353,0.688821752265861,0.00301204819277108,0.678516228748068,0.762282091917591,0.28328173374613,0,0.99537750385208,0.0166666666666667,0.992319508448541,0.26962962962963,0.903759398496241,0.00156739811912226,0.0169491525423729,0.0060882800608828,0.995238095238095,0.776714513556619,0.0298273155416013,0.525502318392581,0.00467289719626168,0.471471471471471,0.142428785607196,0,0.993779160186625,0.275384615384615,0.993779160186625,0.8796875,0.159744408945687,0,0.968602825745683,0.957639939485628,0.893518518518518,0.302752293577982,0.435897435897436,0.00623052959501558,0,0.886970172684458,0.823076923076923,0,0.989010989010989,0,0.00464396284829721,0.86,0.0139968895800933,0.0247295208655332,0.995426829268293,0,0.71342383107089,0.0458015267175573,0.572085889570552,0.898412698412698,0.257377049180328,0,0.701219512195122,0.214177978883861,0.995433789954338,0.122699386503067,0.909797822706065,0.992307692307692,0.973805855161787,0.97045101088647,0.0121212121212121,0.989130434782609,0.993930197268589,0,0,0.979462875197472,0,0.307692307692308,0.98468606431853,0.00763358778625954,0.00924499229583975,0.613846153846154,0,0.286384976525822,0.995319812792512,0.105022831050228,0.99685534591195,0.0125984251968504,0.980091883614089,0.0062111801242236,0.0139103554868624,0.0138461538461538,0.904320987654321,0.335394126738794,0.987692307692308,0,0.992248062015504,0.705701078582434,0,0.0045662100456621,0.243076923076923,0,0.758566978193146,0.251170046801872,0.0825396825396825,0.973886328725038,0.153030303030303,0.990936555891239,0.993930197268589,0,0.551359516616314,0.933846153846154,0.498427672955975,0.982704402515723,0,0.992211838006231,0.027231467473525,0,0.213846153846154,0.632237871674491,0.5260663507109,0,0,0.986196319018405,0.762269938650307,0.172143974960876,0.995348837209302,0.0138888888888889,0.925076452599388,0.412942989214176,0.986322188449848,0.136507936507936,0.980091883614089,0.996835443037975,0.844274809160305,0.993855606758833,0.004739336492891,0.995454545454545,0.0062111801242236,0,0.73374613003096,0.862537764350453,0.979876160990712,0.024132730015083,0,0.995419847328244,0.461904761904762,0.9952,0.993846153846154,0.993930197268589,0.291540785498489,0.984848484848485,0.00619195046439629,0.957575757575758,0.00601503759398496,0.894573643410853,0.376344086021505,0,0.987577639751553,0,0.837672281776417,0.995348837209302,0.129133858267717,0.987748851454824,0.950844854070661,0.991111111111111,0.969325153374233,0.0909090909090909,0.374617737003058,0.92259083728278,0.946624803767661,0.0566615620214395,0.010752688172043,0.985849056603774,0.850234009360374,0,0,0.296583850931677,0.00154320987654321,0.995454545454545,0.269525267993874,0.873817034700315,0.756468797564688,0.995488721804511,0.437694704049844,0.445121951219512,0.29140127388535,0.929121725731895,0.964285714285714,0.882262996941896,0,0.877828054298643,0.182250396196513,0.949286846275753,0.00459418070444104,0.0698027314112291,0.548837209302326,0.973561430793157,0.984825493171472,0.829153605015674,0.992248062015504,0.888198757763975,0,0.0773993808049536,0.66012084592145,0.993700787401575,0,0.984962406015038,0.982116244411326,0.568778979907264,0.54531490015361,0.986089644513138,0.993670886075949,0.374021909233177,0,0.880664652567976,0.515432098765432,0.974151857835218,0.00606060606060606,0.962006079027356,0.998435054773083,0.995454545454545,0.950540958268934,0.540212443095599,0.0062015503875969,0.973765432098765,0.551829268292683,0.0105105105105105,0.00597907324364723,0.208909370199693,0.0061633281972265,0.164576802507837,0.673684210526316,0.00462962962962963,0.010590015128593,0.0153609831029186,0.600306278713629,0.0462519936204147,0.982539682539682,0.0124223602484472,0.00453857791225416,0,0.230407523510972,0.996899224806202,0.976708074534162,0.89618320610687,0,0.87244094488189,0.857357357357357,0.680981595092024,0.58641975308642,0.449612403100775,0.4640625,0.0137825421133231,0.993740219092332,0.0961832061068702,0.692431561996779,0.964285714285714,0.0137825421133231,0.763888888888889,0.0077639751552795,0.128983308042489,0.995481927710843,0.996845425867508,0.891509433962264,0,0.653153153153153,0.885400313971743,0,0.00457317073170732,0.894419306184012,0.984496124031008,0,0.00612557427258806,0.00460122699386503,0.985668789808917,0.872037914691943,0.00637958532695375,0,0.396604938271605,0.996889580093313,0.800608828006088,0.391912908242613,0.666666666666667,0.96937212863706,0.0139318885448916,0.993975903614458,0.995419847328244,0.0077639751552795,0.969183359013868,0.99390243902439,0.973101265822785,0.992260061919505,0.184899845916795,0.320668693009119,0.28129829984544,0.979623824451411,0.934294871794872,0.0535168195718654,0.266875981161695,0.981395348837209,0.153374233128834,0.32078313253012,0.995405819295559,0.993836671802773,0.974006116207951,0.688087774294671,0.990895295902883,0.254317111459969,0.967987804878049,0.992272024729521,0,0.328787878787879,0.544740973312402,0.0237341772151899,0.0565749235474006,0.0106544901065449,0.907550077041603,0.0274809160305344,0.00309119010819165,0,0.233587786259542,0.985981308411215,0.0794392523364486,0.992088607594937,0.971742543171115,0.987480438184664,0.277950310559006,0.282051282051282,0.673879443585781,0.457278481012658,0,0.824806201550388,0.0209267563527653,0.0424242424242424,0.197836166924266,0.993700787401575,0.00455235204855842,0,0.334862385321101,0.0151057401812689,0.029595015576324,0.458528951486698,0.995363214837713,0.279179810725552,0.995153473344103,0.95968992248062,0,0.994152046783626,0.00302571860816944,0.992435703479576,0.825816485225505,0.993720565149137,0.0138674884437596,0.977134146341463,0.00612557427258806,0.873065015479876,0.715408805031447,0.939577039274924,0.987767584097859,0.992307692307692,0.286153846153846,0.965732087227414,0.994011976047904,0.00302571860816944,0.0263157894736842,0.995253164556962,0.993855606758833,0.322085889570552,0.88135593220339,0.960063897763578,0.956989247311828,0.995440729483283,0,0.105095541401274,0.993920972644377,0.0062402496099844,0,0.96875,0.0110410094637224,0.0470957613814757,0.993957703927492,0.970724191063174,0.00462962962962963,0.63020030816641,0.425465838509317,0.990521327014218,0.00477707006369427,0.868131868131868,1,0.370892018779343,0.613981762917933,0.78516228748068,0,0.15987460815047,0.979655712050078,0.993827160493827,0.451761102603369,0.99390243902439,0.960461285008237,0.0324574961360124,0.00153846153846154,0.987987987987988,0.990683229813665,0.952160493827161,0.691489361702128,0.0139103554868624,0.859133126934985,0.248840803709428,0.181380417335474,0.00605143721633888,0.624223602484472,0.618973561430793,0.611963190184049,0,0.29393468118196,0.908256880733945,0.640746500777605,0.50611620795107,0.0771513353115727,0,0,0.997054491899853,0.966717095310136,0,0.921052631578947,0.0109204368174727,0,0,0.993798449612403,0,0.993720565149137,0.774539877300613,0.535552193645991,0.993893129770992,0,0,0.990740740740741,0.964017991004498,0.713414634146341,0.0060882800608828,0.00158982511923688,0.876304023845007,0.606153846153846,0.998470948012232,0.53822629969419,0.342592592592593,0,0.975460122699387,0.00473186119873817,0.961538461538462,0.097331240188383,0,0.0120481927710843,0.126934984520124,0.495145631067961,0.975384615384615,0,0.951807228915663,0.97239263803681,0.993788819875776,0,0.0717628705148206,0.936,0.00796178343949045,0.993855606758833,0.996987951807229,0.0123076923076923,0.993911719939117,0.290372670807453,0.81010719754977,0.0139751552795031,0.173566878980892,0.965785381026439,0.010752688172043,0.00622083981337481,0.975646879756469,0.0109717868338558,0.647798742138365,0.386792452830189,0,0.114374034003091,0.736176935229068,0.253086419753086,0.981481481481482,0.00455927051671732,0.149847094801223,0.467637540453074,0.948948948948949,0.88109756097561,0.959501557632399,0.741379310344828,0,0.981481481481482,0.00302571860816944,0.96583850931677,0.385093167701863,0.00296296296296296,0.995412844036697,0.995341614906832,0.9953125,0.645608628659476,0.987635239567233,0.12755905511811,0.192789968652038,0.940458015267176,0.875766871165644,0,0,0.989147286821705,0.930708661417323,0.0188383045525903,0.984520123839009,0.993759750390016,0.355932203389831,0.929467084639498,0.7390625,0.884210526315789,0,0.961300309597523,0.341049382716049,0.99537750385208,0.998449612403101,0,0.627511591962906,0.9734375,0.00626959247648903,0.685847589424572,0.374613003095975,0.803863298662704,0.690140845070423,0.952023988005997,0.0870870870870871,0.982731554160126,0.995384615384615,0.983154670750383,0.307086614173228,0.0959752321981424,0.993846153846154,0.993874425727412,0.00914634146341463,0.775888717156105,0.459541984732824,0.266666666666667,0.755417956656347,0.993720565149137,0.885145482388974,0.995356037151703,0.123853211009174,0.00637958532695375,0,0.828173374613003,0.0062015503875969,0.00304878048780488,0.277777777777778,0,0.992424242424242,0.914634146341463,0.996889580093313,1,0.0967741935483871,0.00470957613814757,0,0,0.176751592356688,0.0875,0.160629921259843,0,0.00454545454545455,0.993865030674847,0.00910470409711684,0.286153846153846,0.993710691823899,0.595419847328244,0.974842767295597,0.657975460122699,0.627092846270928,0,0.994082840236686,0.395931142410016,0.504643962848297,0.91969696969697,0.995481927710843,0.39509954058193,0.0107197549770291,0.953560371517028,0.957575757575758,0,0.968842729970326,0.02,0.985553772070626,0.437308868501529,0,0.00923076923076923,0.529315960912052,0.84080370942813,0.0061633281972265,0.145339652448657,0.0124610591900312,0.00159489633173844,0.740740740740741,0.0263157894736842,0.993464052287582,0.330289193302892,0.992424242424242,0.00459418070444104,0.382039573820396,0.316692667706708,0.874015748031496,0.0957792207792208,0.00918836140888208,0.00152905198776758,0.0414012738853503,0,0.990909090909091,0.0446570972886762,0.985119047619048,0.0077639751552795,0.9953125,0,0.517397881996974,0.446153846153846,0.993788819875776,0,0.996951219512195,0,0.3968,0.98340874811463,0,0.649624060150376,0.979623824451411,0.754276827371695,0.953416149068323,0.0399385560675883,0,0.993874425727412,0.265723270440252,0,0.67741935483871,0.00300751879699248,0.0227963525835866,0.993769470404984,0.998422712933754,0.989425981873112,0.969135802469136,0.981337480559876,0,0.972093023255814,0.0196078431372549,0.354545454545455,0.28158295281583,0.993893129770992,0.989045383411581,0.990950226244344,0.986024844720497,0.0505359877488515,0.0201238390092879,0.990291262135922,0.959152798789713,0.721036585365854,0.98030303030303,0.993911719939117,0.980332829046899,0,0,0.974702380952381,0,0.0716463414634146,0,0.955246913580247,0.272151898734177,0.218210361067504,0.127300613496933,0.925984251968504,0,0.108396946564885,0.993769470404984,0.99390243902439,0.63944530046225,0.429420505200594,0.208823529411765,0.181409295352324,0.653605015673981,0.00605143721633888,0.125193199381762,0.557603686635945,0.264705882352941,0.69969512195122,0.0154559505409583,0,0.00311526479750779,0.325396825396825,0.993630573248408,0.614916286149163,0.230884557721139,0.62,0.869230769230769,0.983333333333333,0.959807073954984,0.981279251170047,0.995268138801262,0.9953125,0.542503863987635,0.411585365853659,0.995412844036697,0.0104321907600596,0.0151515151515152,0.877300613496933,0.0136157337367625,0.995440729483283,0.964777947932619,0,0.110754414125201,0,0.956454121306376,0,0.972685887708649,0.995327102803738,0.00920245398773006,0.847826086956522,0.993893129770992,0.657686212361331,0.62,0.874617737003058,0,0,0.93719806763285,0.940209267563528,0.995363214837713,0,0,0.00476947535771065,0.24251497005988,0.514774494556765,0,0.437116564417178,0,0.925039872408293,0.993808049535604,0.162754303599374,0.23394495412844,0,0.3453125,0.597560975609756,0.858015267175573,0.965045592705167,0.780525502318393,0.00303030303030303,0.992150706436421,0.0170278637770898,0.995238095238095,0,0.984802431610942,0.0077639751552795,0.996865203761755,0.0245398773006135,0.0125,0,0,0.81010719754977,0.925278219395866,0.935779816513762,0.725341426403642,0.0302571860816944,0.0109204368174727,0.835147744945568,0.846953937592868,0,0.0170807453416149,0.964506172839506,0,0.982649842271293,0.962006079027356,0.0677966101694915,0.0460122699386503,0.00768049155145929,0.99388379204893,0.472868217054264,0.081377151799687,0.101105845181675,0.119083969465649,0.683544303797468,0.104545454545455,0.993740219092332,0,0.758513931888545,0.981900452488688,0.00315955766192733,0,0.00593471810089021,0,0.00613496932515337,0.993865030674847,0.723809523809524,0.0047244094488189,0.00628930817610063,0.543035993740219,0.960629921259842,0.422018348623853,0.0536512667660209,0.004739336492891,0.0569620253164557,0.0182648401826484,0,0.0317965023847377,0.011887072808321,0.0062992125984252,0.0182370820668693,0.00153609831029186,0.0540958268933539,0.0597243491577335,0.0201550387596899,0.0202492211838006,0.00631911532385466,0.0218068535825545,0.0214067278287462,0.0644171779141104,0.0122887864823349,0.0168970814132104,0.00317965023847377,0.00770416024653313,0.0501567398119122,0.0107361963190184,0.0197869101978691,0.00615384615384615,0.0341614906832298,0.0030441400304414,0.00775193798449612
"580",0.0871632329635499,0.0971786833855799,0.117465224111283,0.146103896103896,0.10327868852459,0.0912,0.186305732484076,0.119047619047619,0.0851393188854489,0,0.0967238689547582,0,0.564668769716088,0.088,0.890282131661442,0.902053712480253,0,0,0.0884244372990354,0.103937007874016,0.8,0.891056910569106,0.0969230769230769,0,0.135433070866142,0.782608695652174,0.822605965463108,0.0922098569157393,0.586687306501548,0.365740740740741,0.911179173047473,0.401574803149606,0.3312,0.691455696202532,0,0.0952380952380952,0.00949367088607595,0.0958268933539413,0.728943338437979,0.18,0,0,0,0.0830670926517572,0.307438016528926,0.904238618524333,0.556414219474498,0.9078125,0.579109062980031,0.822358346094946,0,0.0914826498422713,0.73186119873817,0.0890625,0.189189189189189,0.797054009819967,0,0.117174959871589,0.125386996904025,0.179407176287051,0.67398119122257,0.615506329113924,0.91025641025641,0,0.188311688311688,0.25077399380805,0,0.0946372239747634,0,0.907790143084261,0.224299065420561,0.898573692551506,0.907668231611894,0.0828125,0,0.390697674418605,0.874223602484472,0.499219968798752,0.199362041467305,0.733668341708543,0,0.38863287250384,0.872503840245776,0.0867507886435331,0.823622047244094,0.179080824088748,0.086286594761171,0.113207547169811,0.12,0,0.100478468899522,0.0833333333333333,0,0,0.112540192926045,0,0.684627575277338,0.104037267080745,0,0,0.432859399684044,0,0.713607594936709,0.0805687203791469,0.854294478527607,0.0894308943089431,0,0.117274167987322,0.920760697305864,0.914012738853503,0.902973395931142,0.164835164835165,0.677265500794913,0.0984375,0,0.102362204724409,0.392,0,0.911076443057722,0.746456692913386,0,0.329113924050633,0.752351097178683,0.854368932038835,0.1171875,0.799065420560748,0.0903426791277259,0.0884676145339652,0,0.497637795275591,0.159126365054602,0.5392,0.0972886762360447,0,0.0964630225080386,0.908809891808346,0,0.779904306220096,0.477777777777778,0.533762057877814,0,0,0.1046875,0.323343848580442,0.830645161290323,0.0927672955974843,0.906050955414013,0.153364632237872,0.619047619047619,0.103875968992248,0.81658692185008,0.0974842767295598,0.0872374798061389,0.238993710691824,0.097444089456869,0.91304347826087,0.0947867298578199,0.912698412698413,0,0.338632750397456,0.219814241486068,0.112852664576803,0.896923076923077,0,0.0969230769230769,0.581993569131833,0.0951612903225806,0.0858034321372855,0.088785046728972,0.673374613003096,0.105100463678516,0.914691943127962,0.130568356374808,0.917168674698795,0.1890625,0.690513219284603,0,0.110935023771791,0,0.240445859872611,0.07981220657277,0.844197138314785,0.111811023622047,0.128930817610063,0.0955993930197269,0.111111111111111,0.856474258970359,0.647604327666152,0.167202572347267,0.147909967845659,0.897798742138365,0.914860681114551,0.1056,0.204651162790698,0,0,0.7232,0,0.0860215053763441,0.739263803680982,0.191693290734824,0.341614906832298,0.0888208269525268,0.599358974358974,0.590769230769231,0.712,0.166666666666667,0.122222222222222,0.2099533437014,0,0.190993788819876,0.809135399673736,0.138977635782748,0.914826498422713,0.98780487804878,0.521394611727417,0.109004739336493,0.107361963190184,0.261006289308176,0.0885093167701863,0.2032,0,0.984472049689441,0.418856259659969,0.0961538461538462,0,0.0932721712538226,0.105990783410138,0.507861635220126,0.477093206951027,0.106750392464678,0.0919540229885057,0.640944881889764,0,0.187692307692308,0.540498442367601,0.117741935483871,0.91692789968652,0.125193199381762,0.0830670926517572,0.0783699059561129,0.13968253968254,0.512539184952978,0.919743178170145,0.114285714285714,0.543581616481775,0.909509202453988,0.911949685534591,0.7491961414791,0.912698412698413,0.823248407643312,0.381901840490798,0.916537867078825,0.912908242612753,0.905511811023622,0.466257668711656,0.904065040650406,0.105177993527508,0,0.911251980982567,0,0.730462519936204,0.0906148867313916,0.106583072100313,0.191522762951334,0,0.223472668810289,0.235658914728682,0.393081761006289,0.488372093023256,0.674050632911392,0.566455696202532,0,0.0780254777070064,0.845070422535211,0.376012965964344,0.132701421800948,0.906103286384977,0.310126582278481,0.926282051282051,0.833594976452119,0.0958268933539413,0.0948553054662379,0.183870967741935,0,0.408385093167702,0.189320388349515,0,0.909797822706065,0.177195685670262,0.112,0,0.909657320872274,0.907550077041603,0.104,0.214626391096979,0.909238249594814,0,0.624605678233438,0.0966183574879227,0.292834890965732,0.623604465709729,0.410543130990415,0.124416796267496,0.909375,0.0945121951219512,0.0903426791277259,0.91025641025641,0.114285714285714,0.0884676145339652,0.108239095315024,0.0904836193447738,0.79559748427673,0.690031152647975,0.716744913928013,0.107491856677524,0.154471544715447,0.00310077519379845,0.715873015873016,0.113744075829384,0.841368584758942,0.680365296803653,0.103174603174603,0.0952380952380952,0.121642969984202,0.3952,0.0775193798449612,0.727126805778491,0.127329192546584,0.0893141945773525,0,0.701062215477997,0.4848,0.907668231611894,0.00316455696202532,0.908675799086758,0.17007874015748,0.877138413685848,0.922600619195046,0,0.773940345368917,0.0972886762360447,0.85062893081761,0.108374384236453,0.119617224880383,0.105845181674566,0.718196457326892,0.71451355661882,0.410174880763116,0.575456053067993,0,0.248811410459588,0.896875,0.907834101382488,0.781055900621118,0.0878594249201278,0.910077519379845,0,0.687010954616588,0.896551724137931,0.898278560250391,0.611635220125786,0.0862068965517241,0.730462519936204,0.0873146622734761,0.113385826771654,0,0.101208459214502,0.913846153846154,0.0914728682170543,0.251968503937008,0.0870967741935484,0.903937007874016,0.116459627329193,0.915492957746479,0.194928684627575,0.363344051446945,0.145929339477727,0.104361370716511,0.0858034321372855,0.7136,0.126382306477093,0.0938461538461538,0.908256880733945,0.899212598425197,0.0829346092503987,0.0851735015772871,0.693290734824281,0.191063174114022,0.114566284779051,0.142410015649452,0.0910518053375196,0,0.839344262295082,0.0924764890282132,0.910543130990415,0,0.127186009538951,0,0.889067524115756,0.0826833073322933,0.11198738170347,0,0.427444794952681,0.649842271293375,0.0958466453674121,0.912337662337662,0.223832528180354,0.0786516853932584,0.662939297124601,0.458204334365325,0.296474358974359,0,0.829855537720706,0.106349206349206,0.0924764890282132,0.620904836193448,0.0855365474339036,0.110183639398998,0.904,0,0.107858243451464,0.0917721518987342,0.135646687697161,0.402190923317684,0.91653290529695,0.229067930489731,0.776911076443058,0.779632721202003,0,0.452495974235105,0.462264150943396,0.475435816164818,0,0.717990275526742,0.170616113744076,0.4359375,0.542768273716952,0.875379939209726,0,0,0.0844645550527904,0.104776579352851,0,0.166666666666667,0,0,0,0.0880503144654088,0,0.0903225806451613,0.298600311041991,0.510015408320493,0.0865533230293663,0,0,0.0877742946708464,0.125574272588055,0.372239747634069,0.919629057187017,0,0.1850699844479,0.459247648902821,0.0766823161189358,0.55045871559633,0.67246835443038,0,0.107858243451464,0.917609046849758,0.1328,0.86677367576244,0,0.906153846153846,0.8171875,0.561779242174629,0.108320251177394,0,0.140432098765432,0.117554858934169,0.0889235569422777,0,0.883306320907618,0.13673805601318,0.916802610114193,0.0860719874804382,0.095679012345679,0.929797191887676,0.0921875,0.709428129829985,0.268987341772152,0.904238618524333,0.799363057324841,0.135433070866142,0,0.909937888198758,0.115444617784711,0.912762520193861,0.427662957074722,0.631415241057543,0,0.829113924050633,0.341894060995185,0.744582043343653,0.110759493670886,0.914691943127962,0.856920684292379,0.580267558528428,0.148091603053435,0.197869101978691,0.120879120879121,0.341935483870968,0,0.11353032659409,0.914860681114551,0.122670807453416,0.619808306709265,0.905343511450382,0.0795631825273011,0.0875,0.0864779874213836,0.466248037676609,0.102362204724409,0.825119236883943,0.799373040752351,0.131375579598145,0.197472353870458,0,0,0.0926216640502355,0.155948553054662,0.907051282051282,0.100961538461538,0.101721439749609,0.661949685534591,0.15224358974359,0.330683624801272,0.189522342064715,0,0.112519809825674,0.664,0.0864779874213836,0.0886075949367089,0,0.431746031746032,0.125796178343949,0.90894819466248,0.395833333333333,0.639810426540284,0.290468986384266,0.401639344262295,0.116564417177914,0.993836671802773,0.0950080515297907,0.0910518053375196,0.108490566037736,0.69951534733441,0.822429906542056,0.0977917981072555,0.0804953560371517,0,0.304615384615385,0.586046511627907,0.735524256651017,0.334379905808477,0.0881889763779528,0.198738170347003,0.089622641509434,0.115264797507788,0.907617504051864,0,0.267716535433071,0.904912836767036,0.909667194928685,0.723270440251572,0,0.103125,0.186813186813187,0.0899053627760252,0.0967741935483871,1,0.916139240506329,0,0,0.805732484076433,0.846645367412141,0.817749603803486,0,0.915756630265211,0.078125,0.381901840490798,0.69701726844584,0.0982286634460548,0.466458658346334,0.107765451664025,0.429237947122862,0.434451219512195,0,0.0894187779433681,0.629860031104199,0.549844236760125,0.160550458715596,0.0953846153846154,0.631496062992126,0,0.140157480314961,0.131172839506173,0,0.122324159021407,0.89375,0.106732348111658,0.578783151326053,0,0,0.539473684210526,0.26031746031746,0.909810126582278,0.83147853736089,0,0,0.324655436447167,0.900958466453674,0.0812603648424544,0.685358255451713,0.0947204968944099,0.905572755417957,0.621329211746522,0.739482200647249,0.227848101265823,0.838499184339315,0.902668759811617,0,0.876996805111821,0,0.0978593272171254,0.727564102564103,0.104704097116844,0.917065390749601,0.0878594249201278,0,0.606864274570983,0.590189873417722,0.0829420970266041,0,0.087962962962963,0,0.630225080385852,0.100931677018634,0,0.3953125,0.111635220125786,0.356687898089172,0.133440514469453,0.898911353032659,0,0.0921875,0.72827804107425,0,0.393081761006289,0.910355486862442,0.897674418604651,0.0691318327974277,0.0830670926517572,0.0987654320987654,0.113385826771654,0.110754414125201,0,0.103174603174603,0,0.654631083202512,0.71496062992126,0.0939907550077042,0.0936507936507937,0.100154083204931,0.0977917981072555,0.0406885758998435,0.913385826771654,0.103448275862069,0.127527216174184,0.356357927786499,0.107936507936508,0.0841121495327103,0.121684867394696,0,0,0.10958904109589,0,0.975497702909648,0,0.133757961783439,0.72,0.807073954983923,0.839563862928349,0.1664,0.00156494522691706,0.842024539877301,0.0860719874804382,0.0910518053375196,0.41838351822504,0.614457831325301,0.828787878787879,0.78680981595092,0.440894568690096,0.903522205206738,0.834365325077399,0.502369668246445,0.719298245614035,0.374045801526718,0.902627511591963,0,0.910543130990415,0.682389937106918,0.0878594249201278,0.401234567901235,0.756134969325153,0.45253164556962,0.211180124223602,0.0958268933539413,0.12741935483871,0.106518282988871,0.0818619582664527,0.0806962025316456,0.502377179080824,0.620528771384137,0.0794392523364486,0.911450381679389,0.904761904761905,0.216772151898734,0,0.0870917573872473,0.113884555382215,0,0.838762214983713,0,0.135782747603834,0,0.113418530351438,0.0993690851735016,0.932515337423313,0.233118971061093,0.085972850678733,0.402535657686212,0.428351309707242,0.204113924050633,0,0,0.161716171617162,0.143939393939394,0.0973724884080371,0,0,0.911290322580645,0.733024691358025,0.531001589825119,0,0.595275590551181,0,0.159744408945687,0.097444089456869,0.769854132901134,0.843167701863354,0,0.677367576243981,0.502384737678855,0.211690363349131,0.118279569892473,0.303125,0.90952380952381,0.096,0.0865384615384615,0.088,0,0.103658536585366,0,0.0771704180064309,0.910828025477707,0.560702875399361,0,0,0.2704,0.155993431855501,0.145510835913313,0.333850931677019,0.895705521472393,0.905362776025237,0.237261146496815,0.253822629969419,0,0.909810126582278,0.114285714285714,0,0.0987261146496815,0.130503144654088,0.864906832298137,0.00155038759689922,0.912974683544304,0.0830769230769231,0.566666666666667,0.992063492063492,1,0.826291079812207,0.402843601895735,0.834108527131783,0.0906200317965024,0,0.330683624801272,0.106646058732612,0,0,0.906870229007634,0,0.914691943127962,0.0900621118012422,0.359223300970874,0.909238249594814,0.90952380952381,0.511146496815287,0.122222222222222,0.603448275862069,0,0.918269230769231,0.0402576489533011,0.0094488188976378,0,0.735668789808917,0.908256880733945,0.917197452229299,0.909516380655226,0.907407407407407,0,0.00157232704402516,0.901898734177215,0.00784929356357928,0.00328407224958949,0.031104199066874,0.0093167701863354,0.00156739811912226,0.907936507936508,0.014018691588785,0.924590163934426,0.925278219395866,0,0.904088050314465,0.0460829493087558,0.911949685534591,0.824451410658307,0.915022761760243,0.910094637223975
"581",0.00160771704180064,0,0.0321592649310873,0.0593900481540931,0.0175438596491228,0,0.100638977635783,0.0288461538461538,0,0,0,0,0.435534591194969,0,0.957345971563981,0.993836671802773,0,0.00158478605388273,0.00324675324675325,0.0174050632911392,0.846875,0.972402597402597,0.00949367088607595,0,0.0469483568075117,0.744444444444444,0.890127388535032,0.00806451612903226,0.532608695652174,0.322932917316693,1,0.323390894819466,0.243670886075949,0.706624605678233,0,0,0.0046801872074883,0.00619195046439629,0.74251497005988,0.0900621118012422,0,0,0,0,0.226384364820847,0.983948635634029,0.492957746478873,1,0.543778801843318,0.856923076923077,0,0.00630914826498423,0.740683229813665,0,0.108974358974359,0.856910569105691,0,0.023961661341853,0.0432766615146832,0.102201257861635,0.712025316455696,0.563981042654028,1,0,0.0940032414910859,0.175193798449612,0,0.0095389507154213,0,1,0.140378548895899,0.996815286624204,0.982649842271293,0,0,0.299531981279251,0.949606299212598,0.421216848673947,0.110569105691057,0.740196078431373,0,0.309262166405024,0.794392523364486,0.00154559505409583,0.88006230529595,0.100154083204931,0.0046583850931677,0.0317965023847377,0.0326594090202177,0,0.0128824476650564,0,0,0,0.0304975922953451,0,0.693396226415094,0.0188383045525903,0,0,0.385466034755134,0,0.719354838709677,0,0.906441717791411,0,0,0.0206677265500795,1,0.995305164319249,0.992248062015504,0.0853080568720379,0.671899529042386,0.00777604976671851,0,0.0142857142857143,0.298273155416013,0,1,0.776729559748428,0,0.25518341307815,0.761609907120743,0.921696574225122,0.028169014084507,0.866459627329193,0.00309119010819165,0.00316957210776545,0,0.46801872074883,0.0698412698412698,0.506472491909385,0.0109717868338558,0,0.00492610837438424,0.975346687211094,0,0.802547770700637,0.378378378378378,0.490415335463259,0,0,0.0220125786163522,0.232594936708861,0.838762214983713,0,0.995230524642289,0.0903426791277259,0.593900481540931,0.0186046511627907,0.880645161290323,0.0158982511923688,0,0.166926677067083,0.00470957613814757,1,0,1,0,0.258012820512821,0.134351145038168,0.0201863354037267,0.982945736434109,0,0,0.543408360128617,0,0,0,0.707430340557275,0.0249221183800623,1,0.0507692307692308,1,0.105845181674566,0.632075471698113,0,0.0174050632911392,0,0.15689381933439,0,0.881028938906752,0.0171606864274571,0.0394321766561514,0.0107033639143731,0.0203125,0.919083969465649,0.631172839506173,0.0838709677419355,0.0579710144927536,0.952380952380952,0.995348837209302,0.0191082802547771,0.1287284144427,0,0,0.71451355661882,0,0,0.753846153846154,0.115323854660348,0.258267716535433,0.010989010989011,0.580952380952381,0.552959501557632,0.721153846153846,0.0792393026941363,0.0391236306729265,0.129429892141757,0,0.1234375,0.832528180354267,0.0565149136577708,1,0.937888198757764,0.477165354330709,0.0234741784037559,0.0231839258114374,0.18740157480315,0.00154798761609907,0.100313479623824,0,0.933333333333333,0.333853354134165,0.00475435816164818,0,0.00625978090766823,0.0183767228177642,0.466981132075472,0.463223787167449,0.0125984251968504,0,0.628346456692913,0,0.106153846153846,0.49203821656051,0.0325732899022801,1,0.0419906687402799,0.00161812297734628,0,0.0392464678178964,0.486780715396579,0.998402555910543,0.0316455696202532,0.46551724137931,0.996913580246914,0.998459167950693,0.811912225705329,1,0.868589743589744,0.332824427480916,1,0.995297805642633,0.989113530326594,0.429447852760736,0.961904761904762,0.0174880763116057,0,1,0,0.777080062794348,0,0.0205047318611987,0.103125,0,0.134959349593496,0.13953488372093,0.321316614420063,0.412322274881517,0.53870458135861,0.533870967741935,0,0,0.912977099236641,0.31219512195122,0.0431309904153355,0.986111111111111,0.274570982839314,0.998417721518987,0.872641509433962,0,0,0.104501607717042,0,0.380877742946708,0.105511811023622,0,1,0.0927051671732523,0.0221518987341772,0,0.998432601880878,0.998444790046656,0.0223285486443381,0.122383252818035,1,0,0.615748031496063,0.00949367088607595,0.209230769230769,0.611544461778471,0.365695792880259,0.0446153846153846,0.988958990536278,0,0,0.993650793650794,0.0359937402190923,0,0.0288,0.00318979266347687,0.824644549763033,0.697347893915757,0.721003134796238,0.023961661341853,0.0598006644518272,0.0015625,0.740384615384615,0.028391167192429,0.850556438791733,0.692780337941628,0.00623052959501558,0.00316455696202532,0.0342146189735614,0.305958132045089,0.00155038759689922,0.760450160771704,0.0407523510971787,0.00316957210776545,0,0.686821705426357,0.457463884430177,0.985804416403785,0.0015552099533437,0.990726429675425,0.0965732087227414,0.975193798449612,1,0,0.783018867924528,0.00784929356357928,0.92515923566879,0.0147299509001637,0.033175355450237,0.00793650793650794,0.726829268292683,0.725806451612903,0.322274881516588,0.55702479338843,0,0.18025078369906,0.984496124031008,0.953632148377125,0.805295950155763,0,0.998449612403101,0,0.677165354330709,0.989096573208723,0.977455716586151,0.530351437699681,0,0.7392,0,0.0318471337579618,0,0.00757575757575758,1,0.0015527950310559,0.177672955974843,0,0.985804416403785,0.0232919254658385,1,0.106918238993711,0.286407766990291,0.05,0.0125984251968504,0,0.719188767550702,0.0285714285714286,0,1,0.979365079365079,0,0,0.689167974882261,0.109717868338558,0.0370967741935484,0.0507936507936508,0,0,0.881219903691814,0,0.998422712933754,0,0.0361247947454844,0,0.958132045088567,0,0.033175355450237,0,0.374608150470219,0.5890625,0.01743264659271,0.998371335504886,0.127962085308057,0.00162337662337662,0.632165605095541,0.435736677115987,0.221337579617834,0,0.853736089030207,0.0258481421647819,0.00160513643659711,0.561514195583596,0,0.0284280936454849,0.971786833855799,0,0.0139318885448916,0.00636942675159236,0.0509554140127389,0.307332293291732,0.993527508090615,0.137380191693291,0.778996865203762,0.814691151919866,0,0.377207062600321,0.414790996784566,0.39652448657188,0,0.719869706840391,0.0935023771790808,0.358372456964006,0.485407066052227,0.912912912912913,0,0,0,0.0261538461538462,0,0.0753532182103611,0,0,0,0.00162074554294976,0,0,0.242990654205607,0.484520123839009,0,0,0,0.00791139240506329,0.0422322775263952,0.277258566978193,1,0,0.113707165109034,0.436018957345972,0,0.474418604651163,0.654895666131621,0,0.0218408736349454,1,0.0415335463258786,0.915739268680445,0,0.989329268292683,0.879365079365079,0.520325203252033,0.0298273155416013,0,0.0584615384615385,0.0251968503937008,0,0,0.932907348242812,0.0715474209650582,0.995065789473684,0,0,0.992211838006231,0,0.721003134796238,0.208267090620032,0.990369181380417,0.841091492776886,0.0423861852433281,0,1,0.0233644859813084,0.993610223642173,0.3472,0.607255520504732,0,0.885400313971743,0.27140549273021,0.7546875,0.0267295597484277,1,0.858712715855573,0.542622950819672,0.0585516178736518,0.119195046439628,0.0303030303030303,0.253205128205128,0,0.015527950310559,1,0.032,0.611021069692058,1,0,0,0,0.373831775700935,0.0170542635658915,0.886255924170616,0.82753164556962,0.053125,0.114420062695925,0,0,0.00955414012738853,0.0657051282051282,0.987441130298273,0.0161812297734628,0.00943396226415094,0.655172413793103,0.0795454545454545,0.285261489698891,0.102167182662539,0,0.0302066772655008,0.654028436018957,0,0,0,0.357030015797788,0.0290322580645161,1,0.335473515248796,0.629337539432177,0.184451219512195,0.31637519872814,0.0350609756097561,0.921658986175115,0.0162866449511401,0,0.0188679245283019,0.6957928802589,0.881516587677725,0.00952380952380952,0,0,0.211508553654743,0.552590266875981,0.750394944707741,0.245669291338583,0,0.116987179487179,0,0.104361370716511,1,0,0.191823899371069,0.998407643312102,1,0.736507936507937,0,0.00949367088607595,0.0927357032457496,0.00158982511923688,0.00470957613814757,0.916139240506329,1,0,0,0.835218093699515,0.924050632911392,0.846518987341772,0,1,0,0.421296296296296,0.724683544303797,0,0.420221169036335,0.0253565768621236,0.345368916797488,0.363777089783282,0,0,0.626198083067093,0.518927444794953,0.0779816513761468,0.0108527131782946,0.62111801242236,0,0.0508744038155803,0.0460122699386503,0,0.0349544072948328,0.982704402515723,0.0130293159609121,0.558176100628931,0,0,0.494271685761047,0.175895765472313,1,0.869983948635634,0,0,0.26395173453997,0.977382875605816,0,0.68895800933126,0.0062015503875969,1,0.624420401854714,0.682769726247987,0.140776699029126,0.912903225806452,0.995341614906832,0,0.96031746031746,0,0.00459418070444104,0.803889789303079,0.0199081163859112,0.995169082125604,0,0,0.472952086553323,0.541269841269841,0,0,0.0015527950310559,0,0.60952380952381,0.0107033639143731,0,0.338028169014085,0.0223285486443381,0.259842519685039,0.0531400966183575,0.976635514018692,0,0,0.750402576489533,0,0.324574961360124,1,0.984544049459042,0,0,0.00924499229583975,0.0287539936102236,0.017515923566879,0,0.0220820189274448,0,0.644757433489828,0.72386895475819,0.00791139240506329,0.00950871632329636,0.00777604976671851,0.00773993808049536,0.0235109717868339,0.99211356466877,0.0161550888529887,0.0423861852433281,0.2782874617737,0.0233281493001555,0,0.0279937791601866,0,0,0.0210843373493976,0,0.938485804416404,0.0015748031496063,0.0521327014218009,0.735725938009788,0.806603773584906,0.8859375,0.082018927444795,0,0.899529042386185,0,0,0.381703470031546,0.598802395209581,0.794251134644478,0.828173374613003,0.355411954765751,1,0.88006230529595,0.470957613814757,0.755070202808112,0.291731669266771,0.987460815047022,0,1,0.674157303370786,0,0.363349131121643,0.780337941628264,0.379527559055118,0.125,0.0123456790123457,0.0374592833876222,0.0208667736757624,0,0.00158227848101266,0.448818897637795,0.581504702194357,0.00158982511923688,0.995412844036697,0.990783410138249,0.133545310015898,0,0,0.0267295597484277,0,0.897106109324759,0,0.054858934169279,0,0.0234375,0,0.993788819875776,0.176470588235294,0,0.350961538461538,0.39375,0.113744075829384,0,0,0.0677685950413223,0.0640834575260805,0.0125391849529781,0,0,1,0.7673343605547,0.485179407176287,0,0.561014263074485,0,0.0843949044585987,0,0.812995245641838,0.773291925465838,0,0.6688,0.416403785488959,0.125198098256735,0.0382262996941896,0.23943661971831,1,0.0130932896890344,0.0979462875197472,0,0,0.0182926829268293,0,0,0.985826771653543,0.6144,0,0,0.187207488299532,0.0625,0.0576323987538941,0.2890625,0.972222222222222,0.996768982229402,0.166139240506329,0.172839506172839,0,0.985691573926868,0.0253565768621236,0,0.016,0.0477657935285054,0.943127962085308,0,0.998405103668262,0,0.536115569823435,0.92845786963434,0.90311986863711,0.894736842105263,0.311501597444089,0.89375,0,0,0.233070866141732,0.015625,0,0,1,0,1,0,0.296296296296296,1,1,0.469918699186992,0.0430622009569378,0.5640625,0,0.998384491114701,0.0488599348534202,0.00622083981337481,0,0.80952380952381,0.995341614906832,0.998384491114701,0.982785602503912,1,0,0,0.984152139461173,0.00627943485086342,0.00319488817891374,0.028169014084507,0.00625978090766823,0,0.99198717948718,0.0109717868338558,1,0.996875,0,0.993700787401575,0.0479876160990712,1,0.911949685534591,0.998463901689708,0.998402555910543
"582",0,0,0,0,0,0,0.0108024691358025,0.00151057401812689,0,1,0,1,0,0,0,0,1,0.981679389312977,0,0,0,0,0,1,0,0,0,0,0,0,0,0,0.00152905198776758,0,1,0,0.977744807121662,0,0,0,0.998461538461539,0.982116244411326,0.992447129909366,0,0,0,0,0,0,0,1,0,0,0,0.012326656394453,0,1,0,0.00298953662182362,0,0,0,0,1,0,0,1,0,1,0,0,0,0,0,1,0.00148588410104012,0,0,0.00154798761609907,0,1,0,0,0,0,0,0,0,0.00300751879699248,0.986745213549337,0,0,1,1,0,1,0.0152905198776758,0,0.990922844175492,0.989263803680982,0.00916030534351145,1,0,0,0,0,0.987860394537178,0.00302571860816944,0,0,0,0.0136570561456753,0,0,1,0,0,1,0,0,1,0.00150829562594268,0,0,0,0,0,0,1,0.0060790273556231,0,0,0,1,0,0,1,0,0,0.00464396284829721,1,1,0,0,0,0,0,0,0,0,0,0,0,0,0,0,0,0,1,0,0.00597014925373134,0,0,1,0,0,0,0,0,0,0,0,0,0,0.00308641975308642,0,1,0,1,0,0,0,0,0,0,0,0,0,0,0,0,0,0,0.0195488721804511,1,1,0,0.998480243161094,0,0,0.0108527131782946,0,0,0,0,0,0,0,0.00149476831091181,1,0,0,0,0,0,0.00152905198776758,0,0,0.00151285930408472,0,0,1,0,0,0,1,0,0,0.00308166409861325,0,0,0,0.0166163141993958,1,0.0134328358208955,0,0,0,0,0,0,0,0,0,0,0,0,0,0,0,0,0,0,0,0,0,0,0,0.986089644513138,0,1,0.00460122699386503,0,0,0,1,0.0015625,0.00298953662182362,0,0,0,0,0.986404833836858,0,0,0,0,0,0,0,0,0,0,0.0122699386503067,1,0,0.0154798761609907,1,0,0.013595166163142,0.00152439024390244,1,0,0,0,0,0,1,0.0152671755725191,0,0,0,0,0,0,0,0,0,0,0,0,0,0,0,0,0.0030441400304414,0,0.945945945945946,0,0,0,0,0,0,0,0,0,0,0,0,1,0,0.00927357032457496,0,0.939485627836611,0,0,0,0,1,0,0,0,0,0,0,0,0,0,0,1,0,0,0,0,0,0,1,0,0,0,0.00303951367781155,0,0,0,0,1,0,0,0,0,0,0,0,0,0,0,0,0,0.00152671755725191,0,0,0,0,0,0,0,0,0,0,0,0,1,0,0,0,1,0,0.98755832037325,0,0,0,0.995433789954338,0.00920245398773006,0,0,0,0,0,0,0,0,1,0,0.00153139356814701,0,0,0,0,0,0.998473282442748,0,0,0,0,0,0.0060790273556231,0,0.0111821086261981,0.992503748125937,0,0,0,1,0,0.0014903129657228,0,0,0,1,1,0,0,1,0,0.987480438184664,1,1,0,1,0,0.00151057401812689,0.00599700149925037,0,1,1,0,0,0,0,0.996884735202492,0.0164670658682635,0,0,0,0,1,0,0,0.00152905198776758,0,1,0,0,0,0.00150602409638554,1,0,0,0,1,0,0,0,0,0,0,0,0,0,0,0.0015625,0,0.987878787878788,0,0,0,0,0.0107197549770291,1,0,0.00310077519379845,0,0,0,0,0,0,0,0,0,1,0,0,0,0.00313479623824451,0,0,0,0,0,0,0,0,0,0.0135135135135135,1,1,0,0,0,0,0,0,0,0,0.0148588410104012,1,0,0.0153374233128834,0,0,1,0,0,0,0.00153609831029186,0,0,0,0,0,0.0031055900621118,0,0,0.0152905198776758,0.0256024096385542,0,0,0.990895295902883,0,0,0,0,0,0,0,0.762331838565022,0,1,0.00152671755725191,0,0,0,1,0,0,0,0,0,0,1,1,0,0,0,1,0,0,0.571214392803598,0,0,0.00754147812971342,0,0,0,1,0,0,0,0.00446428571428571,0,0,0.987897125567322,0,0,1,0.0014792899408284,0,0,0,1,0.98956780923994,0,0,0,0,0.986384266263237,0.998427672955975,0,0,0,0,0,0,0,0,0.0062992125984252,0,0,0.996974281391831,0,1,0,0.15552099533437,0.00147275405007364,0,0,1,0,0,0,1,0,1,0,0,1,0.0179640718562874,0,0,0.00154798761609907,0,1,0,0,1,0,0,0,0,0,0,0.00302571860816944,0,1,0,0.974626865671642,0.0194610778443114,0,0,0,0,0,0.924698795180723,0,0,0,0,0,0,0,1,1,0,1,0,1,0,0,0,0,0,0.998468606431853,0,0,0,0,0,0,0,0,0,0,0,0,0,0,1,0,0.0171606864274571,0,0.0287009063444109,0,0,0.00605143721633888,0,0.00156494522691706,0,0,0,0,0,0,0,0,0.00303490136570561,0.986526946107784,0,0,1,0,1,0,1,0,0,0,0,0,0.00155038759689922,0,0.0185185185185185,1,1,0,0,0,1,1,0,0,0,1,0,1,0,0,0.0340557275541796,0,1,0,0,0,0,0,0,0,0.901840490797546,0,1,0,0.990963855421687,0,0,0.372128637059724,1,1,0.00150602409638554,0,0.00745156482861401,0,0,0,0,0,1,0,0,1,0,0,0,0.953172205438066,0,0,0,0,0,0,0,0,0,1,0,0,0.99537037037037,1,0,1,0,0,0,0,0,0.00465116279069767,0.00460122699386503,0,0.944108761329305,0,0.890453834115806,0.972768532526475,1,0.164133738601824,0,0,0.00443786982248521,0,0.945904173106646,0.937404580152672,0,0.975794251134644,0.990697674418605,0.948249619482496,0.969879518072289,0.936555891238671,0,0.968181818181818,0,0,0.94954128440367,0,0.92433234421365,0,0.0531107738998483,0,0
"583",0,0,0,0,0,0,0.0142405063291139,0.0015748031496063,0,1,0,1,0,0,0,0,1,0.981191222570533,0,0,0,0,0,1,0,0,0,0.00159489633173844,0,0,0,0,0.00156985871271586,0,1,0,0.978260869565217,0,0,0,0.998415213946117,0.981366459627329,0.992331288343558,0,0,0,0,0,0,0,1,0,0,0,0.014218009478673,0,1,0,0.00153609831029186,0,0,0,0,1,0,0,1,0,1,0,0,0,0,0,1,0.00152671755725191,0,0,0.0016,0,1,0,0,0,0,0,0,0,0.00306278713629403,0.987730061349693,0,0,1,1,0,1,0.0171875,0,0.990936555891239,0.988993710691824,0.00938967136150235,1,0,0,0,0,0.989113530326594,0.00157232704402516,0,0,0,0.0141065830721003,0,0,1,0,0,1,0,0,1,0.00157232704402516,0,0,0,0,0,0,1,0.0046656298600311,0,0,0,1,0,0,1,0,0,0.00483091787439614,1,1,0,0,0,0,0,0,0,0,0,0,0,0,0,0,0,0,1,0,0.0060790273556231,0,0,1,0,0,0,0,0,0,0,0,0,0,0.00315457413249211,0,1,0,1,0,0,0,0,0,0,0,0,0,0,0,0,0,0,0.0217391304347826,1,1,0,0.998466257668712,0,0,0.0112,0,0,0,0,0,0,0,0.00154083204930663,1,0,0,0,0,0,0.003125,0,0,0.00158982511923688,0,0,1,0,0,0,1,0,0,0.0062015503875969,0,0,0,0.0171606864274571,1,0.0137614678899083,0,0,0,0,0,0,0,0,0,0,0,0,0,0,0,0,0,0,0,0,0,0,0,0.98740157480315,0,1,0.00471698113207547,0,0,0,1,0.00162337662337662,0,0,0,0,0,0.987616099071207,0,0,0,0,0,0,0,0,0,0,0.012779552715655,1,0,0.015625,1,0,0.0152671755725191,0.00156739811912226,1,0,0,0,0,0,1,0.015600624024961,0,0,0,0,0,0,0,0,0,0,0,0,0,0,0,0,0.0016,0,0.952160493827161,0,0,0,0,0,0,0,0,0,0,0,0,1,0,0.00634920634920635,0,0.948837209302326,0,0,0,0,1,0,0,0,0,0,0,0,0,0,0,1,0,0,0,0,0,0,1,0,0,0,0.003125,0,0,0,0,1,0,0,0,0,0,0,0,0,0,0,0,0,0.00156494522691706,0,0,0,0,0,0,0,0,0,0,0,0,1,0,0,0,1,0,0.98876404494382,0,0,0,0.995238095238095,0.0078003120124805,0,0,0,0,0,0,0,0,1,0,0.00157728706624606,0,0,0,0,0,1,0,0,0,0,0,0.00626959247648903,0,0.0132669983416252,0.992175273865415,0,0,0,1,0,0.00156739811912226,0,0,0,1,1,0,0,1,0,0.987538940809969,1,1,0,1,0,0.00155763239875389,0.00454545454545455,0,1,1,0,0,0,0,0.996825396825397,0.0201238390092879,0,0,0,0,1,0,0,0.00157728706624606,0,1,0,0,0,0,1,0,0,0,1,0,0,0,0,0,0,0,0,0,0,0.00159489633173844,0,0.989010989010989,0,0,0,0,0.0110236220472441,1,0,0.00317460317460317,0,0,0,0,0,0,0,0,0,1,0,0,0,0.00317460317460317,0,0,0,0,0,0,0,0,0,0.0141065830721003,1,1,0,0,0,0,0,0,0,0,0.0182926829268293,1,0,0.0141955835962145,0,0,1,0,0,0,0.00159235668789809,0,0,0,0,0,0.0032258064516129,0,0,0.016,0.0265210608424337,0,0,0.992378048780488,0,0,0,0,0,0,0,0.758998435054773,0,1,0.00158227848101266,0,0,0,1,0,0,0,0,0,0,1,1,0,0,0,1,0,0,0.550613496932515,0,0,0.00775193798449612,0,0,0,1,0,0,0,0.0045662100456621,0,0,0.990610328638498,0,0,1,0,0,0,0,1,0.989147286821705,0,0,0,0,0.985849056603774,0.998387096774194,0,0,0,0,0,0,0,0,0.00638977635782748,0,0,0.996884735202492,0,1,0,0.160513643659711,0.00150375939849624,0,0,1,0,0,0,1,0,1,0,0,1,0.0153139356814701,0,0,0.00158982511923688,0,1,0,0,1,0,0,0,0,0,0,0.00312989045383412,0.00156494522691706,1,0,0.976744186046512,0.0169753086419753,0,0,0,0,0,0.915254237288136,0,0,0,0,0,0,0,1,1,0,1,0,1,0,0,0,0,0,0.998439937597504,0,0,0,0,0,0,0,0,0,0,0,0,0,0,1,0,0.0191082802547771,0,0.0313971742543171,0,0,0.0061633281972265,0,0.00158227848101266,0,0,0,0,0,0,0,0,0.00311526479750779,0.987711213517665,0,0,1,0,1,0,1,0,0,0,0,0,0.00157232704402516,0,0.0189873417721519,1,1,0,0,0,1,1,0,0,0,1,0,1,0,0,0.0349761526232114,0,1,0,0,0,0,0,0,0,0.904306220095694,0,1,0,0.990536277602524,0,0,0.353035143769968,1,1,0.00155763239875389,0,0.00757575757575758,0,0,0,0,0,1,0,0,1,0,0,0,0.961360123647604,0,0,0,0,0,0,0,0,0,1,0,0,0.995275590551181,1,0,1,0,0,0,0,0,0.00481540930979133,0.00157977883096367,0,0.946153846153846,0,0.89171974522293,0.97196261682243,1,0.147058823529412,0,0,0.00464396284829721,0,0.950715421303657,0.942635658914729,0,0.971830985915493,0.990384615384615,0.942277691107644,0.968036529680365,0.942546583850932,0,0.961059190031153,0,0,0.955766192733017,0,0.924012158054711,0,0.0447530864197531,0,0
"584",0.172357723577236,0.1743264659271,0.200317965023847,0.226688102893891,0.176661264181524,0.165316045380875,0.272141706924316,0.194928684627575,0.175632911392405,0,0.176375404530744,0,0.52755905511811,0.155591572123177,0.810897435897436,0.835483870967742,0,0.0032258064516129,0.174629324546952,0.17981072555205,0.876996805111821,0.822368421052632,0.186708860759494,0,0.216174183514774,0.707667731629393,0.81421647819063,0.181372549019608,0.647692307692308,0.45141065830721,0.827751196172249,0.460925039872408,0.39344262295082,0.666666666666667,0,0.161812297734628,0.0095389507154213,0.163492063492063,0.871715610510046,0.260252365930599,0,0.00157977883096367,0,0.165302782324059,0.379310344827586,0.838187702265372,0.560975609756098,0.827140549273021,0.620253164556962,0.768025078369906,0,0.168269230769231,0.8144,0.161084529505582,0.277049180327869,0.798701298701299,0,0.203583061889251,0.208791208791209,0.269716088328076,0.688888888888889,0.64951768488746,0.83974358974359,0,0.274061990212072,0.34913112164297,0,0.172523961661342,0,0.830894308943089,0.275590551181102,0.826645264847512,0.8336,0.166405023547881,0,0.454121306376361,0.837245696400626,0.518341307814992,0.277777777777778,0.733898305084746,0,0.433281004709576,0.736349453978159,0.166407465007776,0.786392405063291,0.257911392405063,0.169278996865204,0.19751166407465,0.185897435897436,0,0.191011235955056,0.178170144462279,0,0,0.200642054574639,0,0.790551181102362,0.187096774193548,0,0,0.539087947882736,0,0.873015873015873,0.161030595813205,0.90251572327044,0.166394779771615,0,0.194006309148265,0.841243862520458,0.833333333333333,0.835725677830941,0.254019292604502,0.696343402225755,0.177884615384615,0,0.175355450236967,0.444267515923567,0,0.830940988835726,0.744783306581059,0,0.393548387096774,0.894654088050314,0.808130081300813,0.190923317683881,0.772511848341232,0.16852146263911,0.163723916532905,0,0.617834394904459,0.232520325203252,0.590538336052202,0.180921052631579,0,0.167218543046358,0.825949367088608,0,0.883606557377049,0.470304975922953,0.632183908045977,0,0,0.183144246353323,0.395833333333333,0.752827140549273,0.174121405750799,0.821829855537721,0.233870967741935,0.615508885298869,0.178060413354531,0.924713584288052,0.181523500810373,0.169105691056911,0.306836248012719,0.1552,0.822368421052632,0.168,0.823909531502423,0,0.423014586709887,0.3109375,0.189102564102564,0.827586206896552,0,0.169517884914463,0.640650406504065,0.169435215946844,0.171974522292994,0.156985871271586,0.685446009389671,0.197160883280757,0.838969404186795,0.213728549141966,0.83179012345679,0.262560777957861,0.660828025477707,0,0.186602870813397,0,0.289556962025316,0.164274322169059,0.807073954983923,0.193343898573693,0.210191082802548,0.189814814814815,0.1984375,0.824451410658307,0.65149136577708,0.25,0.238249594813614,0.85031847133758,0.843505477308294,0.1968,0.297297297297297,0,0,0.846905537459283,0,0.172628304821151,0.745682888540031,0.288743882544861,0.363207547169811,0.18167701863354,0.72463768115942,0.629107981220657,0.841166936790924,0.227053140096618,0.192,0.285266457680251,0,0.278301886792453,0.956451612903226,0.210355987055016,0.83968253968254,0.807153965785381,0.61698717948718,0.187993680884676,0.183098591549296,0.338658146964856,0.177496038034865,0.281553398058252,0,0.801901743264659,0.474097331240188,0.181818181818182,0,0.17601246105919,0.187106918238994,0.592592592592593,0.528455284552846,0.1792,0.175409836065574,0.75796178343949,0,0.274570982839314,0.56661316211878,0.194762684124386,0.835680751173709,0.210691823899371,0.160453808752026,0.166134185303514,0.224025974025974,0.539308176100629,0.832792207792208,0.207729468599034,0.544461778471139,0.827906976744186,0.819905213270142,0.721864951768489,0.838709677419355,0.885245901639344,0.5015625,0.824,0.830940988835726,0.832535885167464,0.57007874015748,0.828947368421053,0.185365853658537,0,0.823248407643312,0,0.864820846905538,0.17258064516129,0.186900958466454,0.248796147672552,0,0.297906602254428,0.30829420970266,0.453525641025641,0.50796178343949,0.597402597402597,0.60650406504065,0,0.165594855305466,0.894984326018809,0.458881578947368,0.205414012738854,0.853269537480064,0.403815580286169,0.836012861736334,0.841444270015699,0.172628304821151,0.176276771004942,0.265676567656766,0,0.518341307814992,0.271685761047463,0,0.835164835164835,0.2609375,0.179902755267423,0,0.847376788553259,0.835403726708075,0.193181818181818,0.276527331189711,0.842105263157895,0,0.745627980922099,0.172025723472669,0.377151799687011,0.648648648648649,0.496763754045307,0.213270142180095,0.836012861736334,0.170807453416149,0.168539325842697,0.824390243902439,0.20414673046252,0.181672025723473,0.19349593495935,0.164274322169059,0.767255216693419,0.78806907378336,0.845047923322684,0.198697068403909,0.231666666666667,0.00783699059561128,0.722132471728595,0.193811074918567,0.766666666666667,0.690769230769231,0.172684458398744,0.167471819645733,0.194888178913738,0.469721767594108,0.158805031446541,0.733333333333333,0.203791469194313,0.161812297734628,0,0.777251184834123,0.605911330049261,0.831210191082803,0.00786163522012579,0.826224328593997,0.247603833865815,0.81259842519685,0.831496062992126,0,0.7491961414791,0.178913738019169,0.811410459587956,0.173044925124792,0.20859872611465,0.177235772357724,0.860655737704918,0.859271523178808,0.460674157303371,0.599018003273322,0,0.3328,0.842767295597484,0.817749603803486,0.923566878980892,0.170491803278689,0.832258064516129,0,0.78343949044586,0.822327044025157,0.841680129240711,0.6,0.165302782324059,0.722314049586777,0.165820642978003,0.199036918138042,0,0.175572519083969,0.827856025039124,0.170807453416149,0.322632423756019,0.175206611570248,0.829307568438003,0.191358024691358,0.828525641025641,0.279032258064516,0.437086092715232,0.232594936708861,0.19175911251981,0.170144462279294,0.848818897637795,0.213247172859451,0.172256097560976,0.824261275272162,0.831210191082803,0.152845528455285,0.163751987281399,0.690208667736758,0.271428571428571,0.196339434276206,0.212698412698413,0.173228346456693,0,0.80226904376013,0.162460567823344,0.8368,0,0.199677938808374,0,0.822006472491909,0.170846394984326,0.193236714975845,0,0.538216560509554,0.613376835236542,0.188617886178862,0.826229508196721,0.275039745627981,0.175206611570248,0.693548387096774,0.551669316375199,0.368932038834951,0,0.9488,0.188006482982172,0.176282051282051,0.602893890675241,0.165094339622642,0.192567567567568,0.814516129032258,0,0.187207488299532,0.172357723577236,0.207062600321027,0.446031746031746,0.83968253968254,0.287319422150883,0.738095238095238,0.816949152542373,0,0.497553017944535,0.504918032786885,0.502423263327948,0,0.725165562913907,0.2496,0.471786833855799,0.555555555555556,0.808510638297872,0,0,0.162613981762918,0.190625,0,0.235576923076923,0,0,0,0.172523961661342,0,0.184039087947883,0.379968203497615,0.627358490566038,0.164296998420221,0,0,0.171383647798742,0.19175911251981,0.441786283891547,0.837025316455696,0,0.283676703645008,0.556782334384858,0.165584415584416,0.549450549450549,0.666666666666667,0,0.179080824088748,0.838283828382838,0.218849840255591,0.812703583061889,0,0.8328125,0.767857142857143,0.576271186440678,0.192789968652038,0,0.2203125,0.178913738019169,0.166407465007776,0,0.829855537720706,0.227045075125209,0.830564784053156,0.168769716088328,0.162754303599374,0.829383886255924,0.166129032258065,0.845669291338583,0.344155844155844,0.835463258785943,0.907284768211921,0.198412698412698,0,0.835987261146497,0.197183098591549,0.834426229508197,0.508064516129032,0.627009646302251,0,0.829652996845426,0.400662251655629,0.873417721518987,0.189490445859873,0.835772357723577,0.803174603174603,0.605610561056106,0.21608832807571,0.270606531881804,0.213483146067416,0.388617886178862,0,0.178628389154705,0.839936608557845,0.201288244766506,0.760129659643436,0.834115805946792,0.1696,0.165853658536585,0.15609756097561,0.467408585055644,0.181102362204724,0.914239482200647,1,0.210191082802548,0.280314960629921,0,0,0.179445350734095,0.219512195121951,0.843042071197411,0.194847020933977,0.182250396196513,0.800933125972006,0.232786885245902,0.433006535947712,0.273865414710485,0,0.185007974481659,0.786752827140549,0.166134185303514,0.165861513687601,0,0.491935483870968,0.196078431372549,0.832797427652733,0.440983606557377,0.646031746031746,0.347286821705426,0.445350734094617,0.21608832807571,0.799377916018662,0.172077922077922,0.167202572347267,0.192926045016077,0.804241435562806,0.818611987381703,0.171156893819334,0.169036334913112,0,0.375193798449612,0.609448818897638,0.726114649681529,0.373397435897436,0.171749598715891,0.256735340729002,0.173228346456693,0.134883720930233,0.827529021558872,0,0.342948717948718,0.837060702875399,0.826433121019108,0.732171156893819,0,0.179650238473768,0.247603833865815,0.16852146263911,0.176751592356688,0.805732484076433,0.835218093699515,0,0,1,0.82258064516129,0.816720257234727,0,0.829346092503987,0.155448717948718,0.344287949921753,0.84390243902439,0.165064102564103,0.567353407290016,0.197431781701445,0.478740157480315,0.511664074650078,0,0.172307692307692,0.752,0.650974025974026,0.2398753894081,0.174880763116057,0.733755942947702,0,0.211538461538462,0.210608424336973,0,0.203442879499218,0.834415584415584,0.176276771004942,0.625990491283677,0,0,0.658496732026144,0.330670926517572,0.833065810593901,0.811783960720131,0,0,0.402173913043478,0.815112540192926,0.163851351351351,0.702702702702703,0.168224299065421,0.829420970266041,0.618827160493827,0.655394524959742,0.315875613747954,0.79504132231405,0.8265625,0,0.812091503267974,0,0.177018633540373,0.71875,0.192546583850932,0.828990228013029,0.182707993474715,0,0.551724137931034,0.626016260162602,0.16984126984127,0,0.177496038034865,0,0.665568369028007,0.184375,0,0.498422712933754,0.181076672104405,0.386837881219904,0.220064724919094,0.834123222748815,0,0.164516129032258,0.725649350649351,0,0.448553054662379,0.833592534992224,0.823161189358372,0.179153094462541,0.163430420711974,0.17601246105919,0.189102564102564,0.193861066235864,0,0.199675324675325,0.0015748031496063,0.774294670846395,0.706896551724138,0.181240063593005,0.181523500810373,0.186413902053712,0.173166926677067,0.0442338072669826,0.844911147011309,0.188216039279869,0.207488299531981,0.426771653543307,0.186495176848875,0.167456556082148,0.194577352472089,0,0,0.192546583850932,0,0.808917197452229,0.0016,0.203525641025641,0.713101160862355,0.761513157894737,0.8288,0.225490196078431,0,0.912,0.16984126984127,0.174803149606299,0.512779552715655,0.740853658536585,0.74,0.783699059561129,0.469155844155844,0.826923076923077,0.778662420382166,0.618357487922705,0.724522292993631,0.438377535101404,0.820063694267516,0,0.829545454545455,0.794453507340946,0.163636363636364,0.515772870662461,0.906976744186046,0.4896,0.297339593114241,0.183673469387755,0.206219312602291,0.172302737520129,0.178861788617886,0.175324675324675,0.543408360128617,0.631578947368421,0.17981072555205,0.83641975308642,0.827102803738318,0.298887122416534,0,0.163265306122449,0.202551834130782,0,0.8,0,0.198686371100164,0,0.191823899371069,0.1648,0.838304552590267,0.307073954983923,0.169254658385093,0.504838709677419,0.553090332805071,0.285031847133758,0,0,0.235294117647059,0.216133942161339,0.181528662420382,0,0,0.830618892508143,0.740506329113924,0.585760517799353,0,0.621187800963082,0,0.224422442244224,0.17124394184168,0.78743961352657,0.720565149136578,0,0.693679092382496,0.487844408427877,0.297297297297297,0.202830188679245,0.391373801916933,0.832550860719875,0.182707993474715,0.0930979133226324,0.170731707317073,0,0.174183514774495,0,0.173267326732673,0.831168831168831,0.509771986970684,0,0,0.321543408360129,0.245928338762215,0.230407523510972,0.415481832543444,0.84037558685446,0.829545454545455,0.288244766505636,0.293663060278207,0,0.833333333333333,0.20096463022508,0,0.179276315789474,0.208931419457735,0.822866344605475,0.00625,0.824561403508772,0.167721518987342,0.586151368760064,0.803514376996805,0.786407766990291,0.810897435897436,0.462171052631579,0.778481012658228,0.176848874598071,0,0.4185667752443,0.172523961661342,0,0,0.841049382716049,0,0.824367088607595,0.17425431711146,0.419834710743802,0.843137254901961,0.827697262479871,0.614634146341463,0.21405750798722,0.645468998410175,0.00778816199376947,0.831423895253682,0.0560131795716639,0.0094488188976378,0,0.698541329011345,0.813271604938272,0.8256,0.823622047244094,0.83125,0.00488599348534202,0.00961538461538462,0.829073482428115,0.00642054574638844,0,0.0288,0.00956937799043062,0.00634920634920635,0.827751196172249,0.0161550888529887,0.834697217675941,0.8416,0.00815660685154975,0.828200972447326,0.0544323483670296,0.829383886255924,0.774091627172196,0.824884792626728,0.82875605815832
"585",0.076797385620915,0.0788253477588872,0.0984615384615385,0.143089430894309,0.0850722311396469,0.0773026315789474,0.177705977382876,0.104761904761905,0.075,0,0.0791139240506329,0,0.463492063492064,0.0645161290322581,0.884194053208138,0.924764890282132,0,0.00158730158730159,0.0783034257748776,0.0883280757097792,0.839116719242902,0.890909090909091,0.088646967340591,0,0.1234375,0.734276729559748,0.996794871794872,0.0756843800322061,0.559875583203733,0.3546875,0.925696594427245,0.369969040247678,0.3072,0.768,0,0.0695102685624013,0.00309119010819165,0.0773993808049536,0.744648318042814,0.164615384615385,0,0,0,0.0737179487179487,0.276872964169381,0.91025641025641,0.545310015898251,0.918495297805643,0.586523736600306,0.823889739663093,0,0.0823909531502423,0.752351097178683,0.0784,0.179487179487179,0.822866344605475,0,0.104333868378812,0.105180533751962,0.186153846153846,0.781446540880503,0.580495356037152,0.92368839427663,0,0.167213114754098,0.2375,0,0.0883280757097792,0,0.918269230769231,0.210852713178295,0.913385826771654,0.94408945686901,0.0668740279937792,0,0.364760432766615,0.901253918495298,0.469673405909798,0.176182707993475,0.742904841402337,0,0.357366771159875,0.741835147744946,0.0700934579439252,0.842767295597484,0.160377358490566,0.0828125,0.100787401574803,0.105590062111801,0,0.08,0.0699844479004666,0,0,0.102106969205835,0,0.694488188976378,0.0969793322734499,0,0,0.432389937106918,0,0.732484076433121,0.0777957860615883,0.869431643625192,0.0759289176090469,0,0.100787401574803,0.92604501607717,0.926984126984127,0.920560747663551,0.157728706624606,0.687598116169545,0.0857142857142857,0,0.0960629921259843,0.350078492935636,0,0.925750394944708,0.75516693163752,0,0.308917197452229,0.76984126984127,0.977198697068404,0.1,0.840873634945398,0.0724191063174114,0.0829346092503987,0,0.498432601880878,0.134185303514377,0.530351437699681,0.0833333333333333,0,0.0760517799352751,0.910493827160494,0,0.803514376996805,0.434504792332268,0.528363047001621,0,0,0.1,0.314194577352472,0.780448717948718,0.0725552050473186,0.915873015873016,0.138582677165354,0.606158833063209,0.0890937019969278,0.857843137254902,0.0930599369085174,0.0761904761904762,0.231132075471698,0.0771653543307087,0.915873015873016,0.0743034055727554,0.920382165605096,0,0.309904153354633,0.202127659574468,0.0932069510268562,0.904238618524333,0,0.0729813664596273,0.588045234248788,0.0793388429752066,0.0760869565217391,0.0727848101265823,0.771384136858476,0.097331240188383,0.925515055467512,0.116385911179173,0.927244582043344,0.181089743589744,0.644757433489828,0,0.0933544303797468,0,0.222575516693164,0.0769230769230769,0.847266881028939,0.0933544303797468,0.128930817610063,0.0795107033639144,0.106583072100313,0.879746835443038,0.649289099526066,0.153225806451613,0.139871382636656,0.8864,0.915756630265211,0.0950080515297907,0.202211690363349,0,0,0.73354735152488,0,0.0744186046511628,0.754303599374022,0.196078431372549,0.309859154929577,0.0859375,0.605431309904153,0.572784810126582,0.744783306581059,0.163166397415186,0.1136,0.206896551724138,0,0.185714285714286,0.833605220228385,0.1248,0.925750394944708,0.865625,0.518282988871224,0.0949367088607595,0.100156494522692,0.2448,0.0705329153605016,0.181388012618297,0,0.875389408099688,0.4046875,0.0760517799352751,0,0.077639751552795,0.0971168437025797,0.504746835443038,0.484423676012461,0.0936507936507937,0.0700325732899023,0.653418124006359,0,0.169811320754717,0.52258064516129,0.110569105691057,0.925117004680187,0.115625,0.0760517799352751,0.075968992248062,0.126782884310618,0.509287925696594,0.921259842519685,0.106687898089172,0.527301092043682,0.926040061633282,0.922839506172839,0.772213247172859,0.92332268370607,0.844051446945338,0.377329192546584,0.923566878980892,0.91496062992126,0.911214953271028,0.457943925233645,0.88474025974026,0.0917874396135266,0,0.91875,0,0.776714513556619,0.0674157303370786,0.0936507936507937,0.179245283018868,0,0.203612479474548,0.198776758409786,0.376395534290271,0.448717948717949,0.563981042654028,0.553772070626003,0,0.0793650793650794,0.870662460567823,0.345454545454545,0.0979462875197472,0.928125,0.306122448979592,0.919047619047619,0.847244094488189,0.0847457627118644,0.0735294117647059,0.171849427168576,0,0.420401854714065,0.1712,0,0.922239502332815,0.171032357473035,0.0937996820349762,0,0.928348909657321,0.927469135802469,0.102564102564103,0.189542483660131,0.926350245499182,0,0.636932707355243,0.0821256038647343,0.270186335403727,0.630841121495327,0.367047308319739,0.114728682170543,0.917851500789889,0.073094867807154,0.0752351097178683,0.925750394944708,0.108108108108108,0.0740740740740741,0.102564102564103,0.0813397129186603,0.795886075949367,0.721518987341772,0.735247208931419,0.0933977455716586,0.123152709359606,0.00782472613458529,0.729166666666667,0.103503184713376,0.8109375,0.696456086286595,0.0750798722044728,0.0841269841269841,0.0995184590690209,0.390599675850891,0.0830769230769231,0.743548387096774,0.10641627543036,0.0763116057233704,0,0.711356466876972,0.487096774193548,0.920886075949367,0.00789889415481832,0.923547400611621,0.160436137071651,0.925,0.922345483359746,0,0.770440251572327,0.0803149606299213,0.869218500797448,0.0909090909090909,0.107255520504732,0.0859872611464968,0.739482200647249,0.744299674267101,0.385714285714286,0.567164179104478,0,0.250396196513471,0.933021806853583,0.89938080495356,0.795631825273011,0.0702875399361022,0.920634920634921,0,0.724031007751938,0.917573872472784,0.908945686900958,0.53125,0.0789889415481833,0.728314238952537,0.0762852404643449,0.111821086261981,0,0.0867579908675799,0.914463452566096,0.0721966205837174,0.23208722741433,0.0864600326264274,0.915227629513344,0.0958268933539413,0.925925925925926,0.190174326465927,0.347826086956522,0.123630672926448,0.0930232558139535,0.0741324921135647,0.730769230769231,0.0995184590690209,0.0684292379471229,0.935779816513762,0.926984126984127,0.0842787682333874,0.0766823161189358,0.690851735015773,0.182103610675039,0.104838709677419,0.123052959501558,0.0806201550387597,0,0.848,0.0716510903426791,0.938808373590982,0,0.0961538461538462,0,0.903069466882068,0.078125,0.106858054226475,0,0.416534181240064,0.604878048780488,0.0961538461538462,0.918831168831169,0.20926517571885,0.0761750405186386,0.63751987281399,0.449367088607595,0.28341384863124,0,0.843354430379747,0.0970873786407767,0.0864779874213836,0.581102362204724,0.0804416403785489,0.100494233937397,0.903633491311216,0,0.0874403815580286,0.0729001584786054,0.125,0.371913580246914,0.907348242811502,0.201938610662359,0.789308176100629,0.782178217821782,0,0.434231378763867,0.466346153846154,0.455696202531646,0,0.721044045676998,0.164296998420221,0.415481832543444,0.523364485981308,0.88109756097561,0,0,0.074468085106383,0.104615384615385,0,0.138977635782748,0,0,0,0.0746031746031746,0,0.0786516853932584,0.29140127388535,0.515527950310559,0.0759493670886076,0,0,0.0833333333333333,0.106481481481481,0.3515625,0.924031007751938,0,0.172413793103448,0.468118195956454,0.0850393700787402,0.5078125,0.666666666666667,0,0.0858034321372855,0.919743178170145,0.109500805152979,0.869009584664537,0,0.922720247295209,0.824193548387097,0.57516339869281,0.0977917981072555,0,0.115444617784711,0.0973724884080371,0.0744186046511628,0,0.887459807073955,0.141903171953255,0.929159802306425,0.0782472613458529,0.0735524256651017,0.92018779342723,0.0759493670886076,0.742857142857143,0.256289308176101,0.924050632911392,0.834146341463415,0.108490566037736,0,0.914556962025316,0.0930232558139535,0.915309446254072,0.418152350081037,0.614649681528662,0,0.850863422291994,0.323717948717949,0.764430577223089,0.0989010989010989,0.929712460063898,0.825273010920437,0.562189054726368,0.12210200927357,0.188767550702028,0.112540192926045,0.325320512820513,0,0.0903426791277259,0.927018633540373,0.104265402843602,0.643790849673203,0.929121725731895,0.0841269841269841,0.0750798722044728,0.0736,0.436305732484076,0.0843949044585987,0.854132901134522,0.815580286168522,0.134585289514867,0.191387559808612,0,0,0.0756843800322061,0.130718954248366,0.925686591276252,0.088,0.0804416403785489,0.674454828660436,0.130856219709208,0.331738437001595,0.178849144634526,0,0.111111111111111,0.67205169628433,0.082018927444795,0.0810810810810811,0,0.402866242038217,0.102439024390244,0.928571428571429,0.373182552504039,0.646875,0.267281105990783,0.386942675159236,0.1236802413273,0.848623853211009,0.0889967637540453,0.0784929356357928,0.0965189873417722,0.704361873990307,0.844551282051282,0.0805687203791469,0.0733229329173167,0,0.283489096573209,0.614896988906498,0.748427672955975,0.289719626168224,0.06957928802589,0.199044585987261,0.0754716981132075,0.114906832298137,0.929738562091503,0,0.256821829855538,0.924071082390953,0.927099841521395,0.7344,0,0.0864,0.155038759689922,0.0758293838862559,0.0875,0.846645367412141,0.924050632911392,0,0,0.82258064516129,1,0.818037974683544,0,0.917721518987342,0.0672926447574335,0.408736349453978,0.744408945686901,0.0690737833594976,0.455974842767296,0.0993589743589744,0.40405616224649,0.42457231726283,0,0.0781010719754977,0.631832797427653,0.548231511254019,0.151937984496124,0.0811232449297972,0.661949685534591,0,0.121835443037975,0.111455108359133,0,0.109230769230769,0.93026941362916,0.0910596026490066,0.575320512820513,0,0,0.530884808013356,0.243630573248408,0.925233644859813,0.839344262295082,0,0,0.290076335877863,0.913322632423756,0.0791599353796446,0.707547169811321,0.0818897637795276,0.918083462132921,0.677165354330709,0.669303797468354,0.206840390879479,0.870491803278688,0.922118380062305,0,0.933977455716586,0,0.0841121495327103,0.760517799352751,0.098159509202454,0.916666666666667,0.0737179487179487,0,0.500772797527048,0.558966074313409,0.0710900473933649,0,0.0699844479004666,0,0.632090761750405,0.0904836193447738,0,0.394695787831513,0.0932475884244373,0.340729001584786,0.129084967320261,0.894245723172628,0,0.0752,0.741573033707865,0,0.382075471698113,0.921174652241113,0.914764079147641,0.08,0.0779220779220779,0.0802469135802469,0.0900473933649289,0.082670906200318,0,0.107424960505529,0.00156739811912226,0.658267716535433,0.721698113207547,0.0760869565217391,0.0853080568720379,0.077639751552795,0.08125,0.0347551342812006,0.915064102564103,0.0879478827361563,0.100156494522692,0.348367029548989,0.0849056603773585,0.0574162679425837,0.107476635514019,0,0,0.0840978593272171,0,0.875,0.00158478605388273,0.114420062695925,0.726677577741408,0.797448165869219,0.844961240310077,0.145569620253165,0.00158478605388273,0.850556438791733,0.0712025316455696,0.0733229329173167,0.44,0.610091743119266,0.760242792109256,0.795981452859351,0.424679487179487,0.929121725731895,0.839116719242902,0.5,0.733438485804416,0.361067503924647,0.915605095541401,0,0.9185303514377,0.685990338164251,0.0709677419354839,0.38740157480315,0.778963414634146,0.44131455399061,0.199687987519501,0.0795107033639144,0.122749590834697,0.0972886762360447,0.0789049919484702,0.073482428115016,0.487381703470032,0.614779874213837,0.0780254777070064,0.928792569659443,0.916666666666667,0.203149606299213,0,0.0738461538461539,0.102803738317757,0,0.859450726978998,0,0.130016051364366,0,0.0979462875197472,0.0833333333333333,0.913112164296998,0.228434504792332,0.0746500777604977,0.39708265802269,0.428120063191153,0.185007974481659,0,0,0.137123745819398,0.112977099236641,0.0959119496855346,0,0,0.92741935483871,0.756923076923077,0.516535433070866,0,0.572542901716069,0,0.165584415584416,0.0756843800322061,0.778861788617886,0.73353751914242,0,0.683870967741935,0.457006369426752,0.192429022082019,0.110260336906585,0.282334384858044,0.924646781789639,0.0780487804878049,0.082018927444795,0.0783034257748776,0,0.086687306501548,0,0.0789889415481833,0.91283676703645,0.587859424920128,0,0,0.237129485179407,0.145631067961165,0.117739403453689,0.352395672333849,0.904761904761905,0.922204213938412,0.245669291338583,0.233024691358025,0,0.904761904761905,0.102564102564103,0,0.092948717948718,0.116822429906542,0.909233176838811,0.0048,0.925867507886435,0.0695517774343122,0.570048309178744,0.865079365079365,0.835772357723577,0.848341232227488,0.385878489326765,0.846153846153846,0.0832,0,0.290220820189274,0.0941358024691358,0,0,0.925190839694657,0,0.921383647798742,0.0731319554848967,0.371019108280255,0.92,0.927184466019418,0.501618122977346,0.110576923076923,0.583860759493671,0.0031496062992126,0.917609046849758,0.059504132231405,0.00769230769230769,0,0.765273311897106,0.919083969465649,0.917874396135266,0.911532385466035,0.923076923076923,0.00474683544303797,0.00775193798449612,0.91025641025641,0.0047244094488189,0.00323101777059774,0.0253968253968254,0.00156985871271586,0.00479233226837061,0.918789808917197,0.00947867298578199,0.924713584288052,0.92246835443038,0.00322061191626409,0.922834645669291,0.0405616224648986,0.919129082426128,0.839171974522293,0.924148606811146,0.930489731437599
"586",0.151515151515152,0.159744408945687,0.171875,0.215559157212318,0.170144462279294,0.158908507223114,0.25,0.161695447409733,0.165634674922601,0,0.169329073482428,0,0.522906793048973,0.157303370786517,0.827371695178849,0.844236760124611,0,0.00316957210776545,0.144,0.163009404388715,0.771293375394322,0.841845140032949,0.166666666666667,0,0.194312796208531,0.724960254372019,0.808,0.158576051779935,0.593114241001565,0.417818740399386,0.844615384615385,0.439873417721519,0.378812199036918,0.676751592356688,0,0.146964856230032,0.00778816199376947,0.155905511811024,0.766412213740458,0.220839813374806,0,0.00156739811912226,0,0.158878504672897,0.36318407960199,0.860128617363344,0.561996779388084,0.833597464342314,0.636923076923077,0.781538461538462,0,0.160828025477707,0.736507936507937,0.15955766192733,0.257551669316375,0.82670906200318,0,0.178743961352657,0.1796875,0.239747634069401,0.686427457098284,0.607874015748031,0.844444444444444,0,0.25,0.314241486068111,0,0.175355450236967,0,0.845541401273885,0.259780907668232,0.840944881889764,0.849840255591054,0.154320987654321,0,0.434169278996865,0.850157728706625,0.507861635220126,0.256038647342995,0.795379537953795,0,0.427899686520376,0.751166407465008,0.165884194053208,0.790880503144654,0.234108527131783,0.153125,0.192604006163328,0.188180404354588,0,0.172741679873217,0.154330708661417,0,0,0.167987321711569,0,0.691943127962085,0.177672955974843,0,0,0.474522292993631,0,0.740445859872611,0.150943396226415,0.800613496932515,0.166397415185784,0,0.17601246105919,0.8448,0.860979462875197,0.843505477308294,0.230046948356808,0.749603803486529,0.17515923566879,0,0.170046801872075,0.421383647798742,0,0.844197138314785,0.7504,0,0.379527559055118,0.738924050632911,0.819672131147541,0.174922600619195,0.762282091917591,0.148318042813456,0.155309033280507,0,0.517996870109546,0.217115689381933,0.561904761904762,0.173076923076923,0,0.1504,0.842349304482226,0,0.764895330112721,0.4890625,0.541195476575121,0,0,0.165366614664587,0.381180223285486,0.77258064516129,0.158730158730159,0.83968253968254,0.214733542319749,0.696343402225755,0.168693009118541,0.814029363784666,0.169572107765452,0.155844155844156,0.299363057324841,0.153605015673981,0.8416,0.161137440758294,0.840255591054313,0,0.39047619047619,0.282170542635659,0.170046801872075,0.860979462875197,0,0.152410575427683,0.610032362459547,0.151857835218094,0.139498432601881,0.142857142857143,0.681818181818182,0.1625,0.85214626391097,0.189814814814815,0.842185128983308,0.251582278481013,0.674454828660436,0,0.167711598746081,0,0.281004709576138,0.149206349206349,0.789137380191693,0.168224299065421,0.203174603174603,0.163109756097561,0.179968701095462,0.849529780564263,0.727699530516432,0.236714975845411,0.217252396166134,0.834394904458599,0.856474258970359,0.163492063492063,0.277258566978193,0,0,0.715654952076677,0,0.143740340030912,0.813664596273292,0.264423076923077,0.355242566510172,0.160246533127889,0.625592417061611,0.590266875981162,0.72397476340694,0.229534510433387,0.185243328100471,0.27217125382263,0,0.251170046801872,0.795527156549521,0.203225806451613,0.84012539184953,0.812792511700468,0.530645161290323,0.17527386541471,0.169254658385093,0.327044025157233,0.15251572327044,0.266561514195584,0,0.81974921630094,0.455676516329705,0.171799027552674,0,0.163297045101089,0.169753086419753,0.5103668261563,0.560250391236307,0.168238993710692,0.161500815660685,0.639937106918239,0,0.244204018547141,0.579113924050633,0.168300653594771,0.837795275590551,0.193498452012384,0.156957928802589,0.150706436420722,0.210443037974684,0.595054095826893,0.846761453396525,0.189490445859873,0.547169811320755,0.827426810477658,0.843076923076923,0.744514106583072,0.8352,0.7888,0.440809968847352,0.857369255150555,0.854714064914992,0.848818897637795,0.503115264797508,0.829821717990275,0.168769716088328,0,0.84748427672956,0,0.745980707395498,0.156606851549755,0.177847113884555,0.245723172628305,0,0.273905996758509,0.266975308641975,0.436305732484076,0.513385826771654,0.592651757188498,0.578778135048232,0,0.150159744408946,0.826086956521739,0.426016260162602,0.177884615384615,0.845669291338583,0.372019077901431,0.847723704866562,0.9921875,0.160550458715596,0.167207792207792,0.235576923076923,0,0.455108359133127,0.253565768621236,0,0.843167701863354,0.245341614906832,0.170653907496013,0,0.844094488188976,0.84037558685446,0.174050632911392,0.255627009646302,0.848039215686274,0,0.628571428571429,0.160572337042925,0.354294478527607,0.7078125,0.462157809983897,0.191290824261275,0.849921011058452,0.15919629057187,0.163265306122449,0.834384858044164,0.178515007898894,0.164296998420221,0.181518151815182,0.153846153846154,0.79047619047619,0.691107644305772,0.712480252764613,0.164274322169059,0.199036918138042,0.00773993808049536,0.716346153846154,0.186413902053712,0.800312012480499,0.691131498470948,0.170886075949367,0.161084529505582,0.183835182250396,0.427642276422764,0.143962848297214,0.732484076433121,0.181533646322379,0.161084529505582,0,0.697063369397218,0.536858974358974,0.86046511627907,0.0096,0.829953198127925,0.236677115987461,0.845201238390093,0.860759493670886,0,0.771293375394322,0.153354632587859,0.8060413354531,0.154975530179445,0.181528662420382,0.165329052969502,0.72168284789644,0.714748784440843,0.445686900958466,0.65089722675367,0,0.321711568938193,0.831546707503829,0.849144634525661,0.784375,0.148867313915858,0.8421875,0,0.690851735015773,0.83179012345679,0.839427662957075,0.57484076433121,0.153846153846154,0.80226904376013,0.144039735099338,0.189792663476874,0,0.15210843373494,0.837138508371385,0.153609831029186,0.324237560192616,0.161550888529887,0.834123222748815,0.174454828660436,0.835443037974684,0.259904912836767,0.418006430868167,0.204651162790698,0.15987460815047,0.166666666666667,0.731629392971246,0.189792663476874,0.158139534883721,0.846273291925466,0.84384858044164,0.149443561208267,0.161392405063291,0.768740031897927,0.251980982567353,0.185365853658537,0.19309262166405,0.157164869029276,0,0.798076923076923,0.155660377358491,0.856687898089172,0,0.17329093799682,0,0.894230769230769,0.148669796557121,0.1957928802589,0,0.459247648902821,0.627831715210356,0.17258064516129,0.848142164781906,0.280645161290323,0.155339805825243,0.652866242038217,0.488262910798122,0.357142857142857,0,0.793375394321767,0.169059011164274,0.15311004784689,0.608424336973479,0.152542372881356,0.186468646864686,0.830963665086888,0,0.167434715821813,0.1424,0.198412698412698,0.435384615384615,0.852272727272727,0.276357827476038,0.755520504731861,0.723154362416107,0,0.496012759170654,0.476190476190476,0.500792393026941,0,0.786173633440514,0.251177394034537,0.476923076923077,0.595348837209302,0.835130970724191,0,0,0.145454545454545,0.173643410852713,0,0.216300940438871,0,0,0,0.159420289855072,0,0.157051282051282,0.326498422712934,0.528417818740399,0.137984496124031,0,0,0.175632911392405,0.187403993855607,0.42457231726283,0.838461538461538,0,0.25508607198748,0.490712074303406,0.1616,0.550860719874804,0.733652312599681,0,0.177115987460815,0.844408427876823,0.195548489666137,0.961722488038278,0,0.832822085889571,0.77491961414791,0.571194762684124,0.205607476635514,0,0.196620583717358,0.15962441314554,0.156589147286822,0,0.85031847133758,0.196339434276206,0.843492586490939,0.147744945567652,0.148606811145511,0.852614896988906,0.157977883096367,0.714508580343214,0.310509554140127,0.853968253968254,0.790322580645161,0.189655172413793,0,0.844408427876823,0.187306501547988,0.855753646677472,0.478468899521531,0.609951845906902,0,0.811320754716981,0.37037037037037,0.736593059936908,0.173228346456693,0.844094488188976,0.824806201550388,0.585760517799353,0.201848998459168,0.26046511627907,0.190016103059581,0.387459807073955,0,0.188854489164087,0.85423197492163,0.174803149606299,0.657980456026059,0.848909657320872,0.156739811912226,0.156549520766773,0.156299840510367,0.478740157480315,0.157232704402516,0.824561403508772,0.812698412698413,0.204368174726989,0.25194401244168,0,0,0.13258785942492,0.209076175040519,0.84185303514377,0.176377952755906,0.163551401869159,0.661417322834646,0.216260162601626,0.395161290322581,0.253414264036419,0,0.178125,0.660194174757282,0.162460567823344,0.169811320754717,0,0.457943925233645,0.176090468497577,0.851851851851852,0.432,0.71583850931677,0.326219512195122,0.434991974317817,0.199386503067485,0.813740458015267,0.160194174757282,0.153238546603476,0.172248803827751,0.686688311688312,0.764150943396226,0.162460567823344,0.152886115444618,0,0.340157480314961,0.5984375,0.804416403785489,0.389154704944179,0.163265306122449,0.258730158730159,0.153125,0.127105666156202,0.835796387520525,0,0.33652312599681,0.857827476038339,0.835443037974684,0.788643533123028,0,0.160629921259843,0.231132075471698,0.15955766192733,0.160629921259843,0.817749603803486,0.846518987341772,0,0,0.816720257234727,0.818037974683544,1,0,0.845911949685535,0.154929577464789,0.37962962962963,0.708133971291866,0.1552,0.488408037094281,0.198098256735341,0.464396284829721,0.469230769230769,0,0.162613981762918,0.636217948717949,0.549606299212598,0.221362229102167,0.16796267496112,0.655763239875389,0,0.188102893890675,0.178294573643411,0,0.18266253869969,0.842105263157895,0.171288743882545,0.605345911949686,0,0,0.549248747913189,0.308681672025723,0.847962382445141,0.832528180354267,0,0,0.385448916408669,0.8256735340729,0.155371900826446,0.772655007949126,0.162790697674419,0.841294298921418,0.602484472049689,0.684294871794872,0.294975688816856,0.798045602605863,0.843505477308294,0,0.818897637795276,0,0.151376146788991,0.699186991869919,0.160179640718563,0.848966613672496,0.161237785016287,0,0.55521472392638,0.58908507223114,0.141287284144427,0,0.1625,0,0.707592891760905,0.167434715821813,0,0.447574334898279,0.167471819645733,0.389154704944179,0.206451612903226,0.850467289719626,0,0.150706436420722,0.77724358974359,0,0.43167701863354,0.846986089644513,0.834108527131783,0.168557536466775,0.150159744408946,0.163636363636364,0.174528301886792,0.17192429022082,0,0.174050632911392,0.00308641975308642,0.653188180404355,0.777777777777778,0.171339563862928,0.164296998420221,0.169014084507042,0.157650695517774,0.0393700787401575,0.860979462875197,0.164203612479475,0.197492163009404,0.4046875,0.170579029733959,0.1546875,0.182103610675039,0,0,0.173192771084337,0,0.821316614420063,0.0016025641025641,0.193037974683544,0.789902280130293,0.77133655394525,0.808411214953271,0.212933753943218,0.00157977883096367,0.822429906542056,0.148031496062992,0.158730158730159,0.476947535771065,0.63030303030303,0.741353383458647,0.82601880877743,0.461038961038961,0.838759689922481,0.78060413354531,0.541139240506329,0.710691823899371,0.417840375586854,0.822503961965135,0,0.838141025641026,0.673076923076923,0.150485436893204,0.456692913385827,0.764252696456086,0.4890625,0.277864992150706,0.153963414634146,0.190016103059581,0.166931637519873,0.14951768488746,0.154330708661417,0.555905511811024,0.669291338582677,0.158227848101266,0.846268656716418,0.841704718417047,0.273015873015873,0,0.163328197226502,0.185471406491499,0,0.787878787878788,0,0.193037974683544,0,0.190851735015773,0.157142857142857,0.841940532081377,0.298412698412698,0.151468315301391,0.462157809983897,0.489891135303266,0.263665594855305,0,0,0.199341021416804,0.199391171993912,0.145962732919255,0,0,0.840322580645161,0.736842105263158,0.552099533437014,0,0.656101426307448,0,0.232371794871795,0.154093097913323,0.728,0.730593607305936,0,0.735483870967742,0.501597444089457,0.259083728278041,0.181538461538462,0.353503184713376,0.844197138314785,0.156606851549755,0.0881410256410256,0.154723127035831,0,0.155864197530864,0,0.15210355987055,0.86984126984127,0.541666666666667,0,0,0.326498422712934,0.223832528180354,0.194053208137715,0.383076923076923,0.840245775729647,0.834415584415584,0.27892234548336,0.308282208588957,0,0.869426751592357,0.184126984126984,0,0.166666666666667,0.180124223602484,0.8234375,0.0046875,0.850863422291994,0.151234567901235,0.652665589660743,0.824644549763033,0.815181518151815,0.843700159489633,0.435691318327974,0.791601866251944,0.170653907496013,0,0.355555555555556,0.179407176287051,0,0,0.847094801223242,0,0.848341232227488,0.162204724409449,0.398042414355628,0.836569579288026,0.850793650793651,0.533117932148627,0.201938610662359,0.620094191522763,0.00615384615384615,0.844660194174757,0.0560897435897436,0.010989010989011,0,0.699367088607595,0.839506172839506,0.841346153846154,0.832558139534884,0.848909657320872,0.00646203554119548,0.0108359133126935,0.835443037974684,0.00794912559618442,0.00161030595813205,0.0251572327044025,0.00941915227629513,0.00777604976671851,0.840944881889764,0.015600624024961,0.862012987012987,0.847860538827258,0.00806451612903226,0.840579710144927,0.0482115085536547,0.856012658227848,0.77567140600316,0.838612368024133,0.850556438791733
"587",0,0,0,0,0,0,0.0126182965299685,0.00155038759689922,0,1,0,1,0,0,0,0,1,0.981220657276995,0,0,0,0,0,1,0,0,0,0,0,0,0,0,0,0,1,0,0.975384615384615,0,0,0,0.998420221169036,0.981308411214953,0.993827160493827,0,0,0,0,0,0,0,1,0,0,0,0.0125786163522013,0,1,0,0.00153846153846154,0,0,0,0,1,0,0,1,0,1,0,0,0,0,0,1,0,0,0,0,0,1,0,0,0,0,0,0,0,0.0031055900621118,0.989296636085627,0,0,1,1,0,1,0.0183767228177642,0,0.992283950617284,0.990551181102362,0.0094488188976378,1,0,0,0,0,0.990476190476191,0.00155763239875389,0,0,0,0.0128410914927769,0,0,1,0,0,1,0,0,1,0,0,0,0,0,0,0,1,0.0062015503875969,0,0,0,1,0,0,1,0,0,0.00646203554119548,1,1,0,0,0,0,0,0,0,0,0,0,0,0,0,0,0,0,1,0,0.00307219662058372,0,0,1,0,0,0,0,0,0,0,0,0,0,0.00158227848101266,0,1,0,1,0,0,0,0,0,0,0,0,0,0,0,0,0,0,0.0201863354037267,1,1,0,0.998452012383901,0,0,0.0125984251968504,0,0,0,0,0,0,0,0,1,0,0,0,0,0,0.0031055900621118,0,0,0,0,0,1,0,0,0,1,0,0,0.00622083981337481,0,0,0,0.015625,1,0.0137404580152672,0,0,0,0,0,0,0,0,0,0,0,0,0,0,0,0,0,0,0,0,0,0,0,0.987281399046105,0,1,0.0046875,0,0,0,1,0.0015748031496063,0.00304878048780488,0,0,0,0,0.989113530326594,0,0,0,0,0,0,0,0,0,0,0.0128,1,0,0.0158227848101266,1,0,0.0138461538461538,0.0015600624024961,1,0,0,0,0,0,1,0.0155038759689922,0,0,0,0,0,0,0,0,0,0,0,0,0,0,0,0,0.00156494522691706,0,0.949921752738654,0,0,0,0,0,0,0,0,0,0,0,0,1,0,0.00964630225080386,0,0.94435857805255,0,0,0,0,1,0,0,0,0,0,0,0,0,0,0,1,0,0,0,0,0,0,1,0,0,0,0,0,0,0,0,1,0,0,0,0,0,0,0,0,0,0,0,0,0.0015625,0,0,0,0,0,0,0,0,0,0,0,0,1,0,0,0,1,0,0.990369181380417,0,0,0,0.996825396825397,0.00768049155145929,0,0,0,0,0,0,0,0,1,0,0.00158730158730159,0,0,0,0,0,0.9984375,0,0,0,0,0,0.00316957210776545,0,0.0129659643435981,0.9921875,0,0,0,1,0,0,0,0,0,1,1,0,0,1,0,0.98740157480315,1,1,0,1,0,0.0015527950310559,0.0060790273556231,0,1,1,0,0,0,0,0.996768982229402,0.0165413533834586,0,0,0,0,1,0,0,0,0,1,0,0,0,0.0015600624024961,1,0,0,0,1,0,0,0,0,0,0,0,0,0,0,0.00158730158730159,0,0.988976377952756,0,0,0,0,0.0111111111111111,1,0,0,0,0,0,0,0,0,0,0,0,1,0,0,0,0.00318471337579618,0,0,0,0,0,0,0,0,0,0.0125391849529781,1,1,0,0,0,0,0,0,0,0,0.0137825421133231,1,0,0.0125588697017268,0,0,1,0,0,0,0,0,0,0,0,0,0.00158730158730159,0,0,0.0129449838187702,0.0200308166409861,0,0,0.993827160493827,0,0,0,0,0,0,0,0.765163297045101,0,1,0,0,0,0,1,0,0,0,0,0,0,1,1,0,0,0,1,0,0,0.566412213740458,0,0,0.00924499229583975,0,0,0,1,0,0,0,0.00457317073170732,0,0,0.990811638591118,0,0,1,0.00152439024390244,0,0,0,1,0.990654205607477,0,0,0,0,0.987538940809969,0.998402555910543,0,0,0,0,0,0,0,0,0.00318979266347687,0,0,0.996884735202492,0,1,0,0.152845528455285,0.0015220700152207,0,0,1,0,0,0,1,0,1,0,0,1,0.013953488372093,0,0,0,0,1,0,0,1,0,0,0,0,0,0,0.00314465408805031,0,1,0,0.975384615384615,0.016793893129771,0,0,0,0,0,0.921296296296296,0,0,0,0,0,0,0,1,1,0,1,0,0.9984375,0,0,0,0,0,1,0,0,0,0,0,0,0,0,0,0,0,0,0,0,1,0,0.0176565008025682,0,0.0337941628264209,0,0,0.0031104199066874,0,0,0,0,0,0,0,0,0,0,0,0.98937784522003,0,0,1,0,1,0,1,0,0,0,0,0,0.00156494522691706,0,0.0173775671406003,1,1,0,0,0,1,1,0,0,0,1,0,1,0,0,0.0286624203821656,0,1,0,0,0,0,0,0,0,0.9015625,0,1,0,0.992248062015504,0,0,0.3648,1,1,0,0,0.00925925925925926,0,0,0,0,0,1,0,0,1,0,0,0,0.952234206471495,0,0,0,0,0,0,0,0,0,1,0,0,0.995268138801262,1,0,1,0,0,0,0,0,0.00474683544303797,0.00159235668789809,0,0.947530864197531,0,0.894488188976378,0.97196261682243,1,0.1609375,0,0,0.00455927051671732,0,0.943307086614173,0.938461538461538,0,0.973312401883831,0.990476190476191,0.942635658914729,0.967791411042945,0.93613707165109,0,0.964560862865948,0,0,0.951104100946372,0,0.922503725782414,0,0.0501567398119122,0,0
"588",0.00313971742543171,0,0.0290519877675841,0.0625,0.0142405063291139,0,0.0965732087227414,0.0201863354037267,0,0,0,0,0.430817610062893,0,0.959375,0.993730407523511,0,0,0.00316455696202532,0.0201863354037267,0.842507645259939,0.964516129032258,0.0108191653786708,0,0.0414110429447853,0.735109717868339,0.883540372670807,0.0112,0.523956723338485,0.305471124620061,1,0.312210200927357,0.231611893583725,0.726851851851852,0,0,0.00459418070444104,0.00154559505409583,0.739457831325301,0.0963302752293578,0,0,0,0,0.220257234726688,0.980922098569157,0.472613458528951,1,0.543778801843318,0.863157894736842,0,0.00462249614791988,0.743034055727554,0,0.106280193236715,0.832,0,0.023696682464455,0.0400616332819723,0.10061919504644,0.712098009188361,0.563076923076923,1,0,0.0913461538461538,0.17298937784522,0,0.0125391849529781,0,1,0.132921174652241,0.992283950617284,0.981337480559876,0,0,0.285067873303167,0.9558599695586,0.429892141756549,0.108150470219436,0.73134328358209,0,0.293478260869565,0.780487804878049,0,0.882629107981221,0.0883720930232558,0,0.0279503105590062,0.0216383307573416,0,0.00793650793650794,0,0,0,0.0285714285714286,0,0.681047765793529,0.0154798761609907,0,0,0.367601246105919,0,0.720125786163522,0,0.897280966767372,0,0,0.0201863354037267,1,0.992272024729521,0.992412746585736,0.0818897637795276,0.675425038639876,0.0062402496099844,0,0.0108191653786708,0.282608695652174,0,1,0.762870514820593,0,0.239370078740157,0.753894080996885,0.915470494417863,0.0187207488299532,0.842349304482226,0.00151745068285281,0.00154083204930663,0,0.438948995363215,0.0649149922720247,0.518167456556082,0.00625,0,0.00479233226837061,0.976816074188563,0,0.789308176100629,0.353218210361067,0.474921630094044,0,0,0.0217391304347826,0.2296875,0.830427892234548,0,0.992138364779874,0.0665634674922601,0.606349206349206,0.0184331797235023,0.8656,0.0155763239875389,0,0.156202143950995,0.00469483568075117,1,0,1,0,0.25077399380805,0.122511485451761,0.015625,0.98310291858679,0,0,0.547770700636943,0,0,0,0.714723926380368,0.0203125,0.998456790123457,0.0497737556561086,1,0.105345911949686,0.614906832298137,0,0.0142405063291139,0,0.152307692307692,0,0.8801261829653,0.0185185185185185,0.0453857791225416,0.00747384155455904,0.024653312788906,0.900459418070444,0.631172839506173,0.0701754385964912,0.0537124802527646,0.95046439628483,0.993740219092332,0.0171073094867807,0.126738794435858,0,0,0.699842022116904,0,0,0.75,0.11496062992126,0.24079754601227,0.00758725341426404,0.559241706161137,0.573394495412844,0.69047619047619,0.0826833073322933,0.0375586854460094,0.116385911179173,0,0.108895705521472,0.825806451612903,0.0482866043613707,1,0.934250764525994,0.440494590417311,0.0265210608424337,0.0228310502283105,0.165634674922601,0.00153609831029186,0.102760736196319,0,0.933125972006221,0.334346504559271,0.00464396284829721,0,0.00924499229583975,0.0179372197309417,0.438080495356037,0.463678516228748,0.00634920634920635,0,0.608695652173913,0,0.099388379204893,0.4796875,0.0256410256410256,1,0.0414746543778802,0,0,0.0452418096723869,0.462595419847328,0.9984375,0.0232198142414861,0.440494590417311,0.995475113122172,0.998491704374057,0.797488226059655,1,0.859649122807018,0.329835082458771,1,0.995412844036697,0.990769230769231,0.404870624048706,0.9568,0.00943396226415094,0,1,0,0.765923566878981,0,0.0200927357032458,0.0946564885496183,0,0.128824476650564,0.14018691588785,0.307219662058372,0.411214953271028,0.545454545454545,0.556962025316456,0,0,0.907692307692308,0.292604501607717,0.0374414976599064,0.987596899224806,0.244615384615385,1,0.877675840978593,0,0,0.0961538461538462,0,0.348159509202454,0.10459587955626,0,1,0.0910470409711684,0.0186915887850467,0,0.998452012383901,0.998468606431853,0.0203125,0.122222222222222,1,0,0.594679186228482,0.0109717868338558,0.19969512195122,0.622874806800618,0.334394904458599,0.0448916408668731,0.99079754601227,0,0,0.996875,0.0307219662058372,0,0.0208333333333333,0.00153374233128834,0.809375,0.687595712098009,0.707165109034268,0.0176848874598071,0.0635930047694754,0.00152439024390244,0.736263736263736,0.0232558139534884,0.844339622641509,0.69558599695586,0.00312989045383412,0.00154083204930663,0.0308166409861325,0.304140127388535,0.00303490136570561,0.751181102362205,0.0342679127725857,0.00157728706624606,0,0.686728395061728,0.444094488188976,0.984202211690363,0.00154083204930663,0.992378048780488,0.0878274268104777,0.974006116207951,1,0,0.763975155279503,0.00630914826498423,0.929467084639498,0.0158982511923688,0.0252764612954186,0.00947867298578199,0.716772151898734,0.714285714285714,0.331775700934579,0.558441558441558,0,0.181102362204724,0.986342943854325,0.961715160796325,0.804012345679012,0,0.998454404945904,0,0.667697063369397,0.995426829268293,0.978056426332288,0.511773940345369,0,0.722834645669291,0,0.0264797507788162,0,0.00735294117647059,1,0.0015220700152207,0.167177914110429,0,0.986024844720497,0.0198170731707317,1,0.118279569892473,0.295886075949367,0.0522273425499232,0.0123076923076923,0,0.699844479004666,0.0326594090202177,0,1,0.974960876369327,0,0,0.677067082683307,0.122727272727273,0.0355987055016181,0.0464396284829721,0,0,0.894568690095847,0,1,0,0.0329153605015674,0,0.954258675078864,0,0.0297339593114241,0,0.362790697674419,0.564945226917058,0.0173775671406003,0.998420221169036,0.133122028526149,0.00318979266347687,0.622820919175911,0.387345679012346,0.205007824726135,0,0.839622641509434,0.0190174326465927,0.00154083204930663,0.54320987654321,0,0.0317725752508361,0.973270440251572,0,0.016793893129771,0.00310077519379845,0.0464396284829721,0.316436251920123,0.993670886075949,0.125588697017268,0.765258215962441,0.807324840764331,0,0.385692068429238,0.385826771653543,0.391104294478528,0,0.7184,0.0978260869565217,0.37442218798151,0.490045941807044,0.932533733133433,0,0,0,0.0240963855421687,0,0.0757097791798107,0,0,0,0.00156494522691706,0,0,0.222395023328149,0.462822458270106,0,0,0,0.00312989045383412,0.0379939209726444,0.277089783281734,1,0,0.104704097116844,0.400304414003044,0,0.467275494672755,0.671875,0,0.0213740458015267,1,0.040625,0.904088050314465,0,0.989441930618401,0.88503937007874,0.517184942716858,0.0245398773006135,0,0.0497737556561086,0.0247295208655332,0,0,0.92604501607717,0.060655737704918,0.995065789473684,0,0,0.992458521870287,0,0.696734059097978,0.201550387596899,0.992175273865415,0.842857142857143,0.032967032967033,0,1,0.0259146341463415,0.993548387096774,0.340659340659341,0.599690880989181,0,0.884792626728111,0.246467817896389,0.744186046511628,0.024653312788906,1,0.859327217125382,0.540584415584416,0.0422322775263952,0.11854103343465,0.031104199066874,0.260188087774295,0,0.0182926829268293,1,0.0233644859813084,0.592125984251968,1,0,0,0,0.354938271604938,0.0140625,0.873417721518987,0.812302839116719,0.0555555555555556,0.106084243369735,0,0,0.00480769230769231,0.0606060606060606,0.985849056603774,0.0172143974960876,0.00623052959501558,0.632148377125193,0.0673981191222571,0.267828843106181,0.104615384615385,0,0.0311526479750779,0.646781789638933,0,0.00156985871271586,0,0.350157728706625,0.0250783699059561,1,0.312893081761006,0.618238021638331,0.195588235294118,0.314465408805031,0.0396341463414634,0.920489296636086,0.0157728706624606,0,0.0200308166409861,0.688291139240506,0.877708978328173,0.0109034267912773,0,0,0.208012326656394,0.546423135464231,0.744945567651633,0.240369799691834,0,0.12093023255814,0,0.105504587155963,1,0,0.173708920187793,0.996884735202492,1,0.722560975609756,0,0.0108695652173913,0.0895061728395062,0,0.00454545454545455,0.915756630265211,1,0,0,0.829346092503987,0.917721518987342,0.845911949685535,0,1,0,0.417054263565891,0.70679012345679,0,0.404945904173107,0.0235109717868339,0.350076103500761,0.36500754147813,0,0,0.608557844690967,0.499217527386541,0.0713201820940819,0.0124416796267496,0.618541033434651,0,0.0467289719626168,0.0447530864197531,0,0.0260336906584992,0.984399375975039,0.0145395799676898,0.580594679186229,0,0,0.4848,0.160883280757098,1,0.866242038216561,0,0,0.254464285714286,0.979623824451411,0,0.68960244648318,0.00762195121951219,1,0.63482280431433,0.688498402555911,0.124006359300477,0.9,0.996884735202492,0,0.952681388012618,0,0.00609756097560976,0.802907915993538,0.0166414523449319,0.996850393700787,0,0,0.483282674772036,0.532182103610675,0,0,0.00152905198776758,0,0.607717041800643,0.0106221547799697,0,0.327769347496206,0.0220472440944882,0.248826291079812,0.0429936305732484,0.964992389649924,0,0,0.742088607594937,0,0.314900153609831,1,0.983257229832572,0,0,0.00460829493087558,0.0206022187004754,0.015748031496063,0,0.0206022187004754,0,0.626139817629179,0.712519319938176,0.0093603744149766,0.0062402496099844,0.00153374233128834,0.00614439324116743,0.0276923076923077,0.989079563182527,0.0161550888529887,0.0390625,0.284389489953632,0.0232198142414861,0,0.0230414746543779,0,0,0.0134730538922156,0,0.938461538461538,0.00156739811912226,0.0425196850393701,0.724683544303797,0.79746835443038,0.881720430107527,0.0737833594976452,0.00154559505409583,0.894080996884735,0,0,0.361111111111111,0.579025110782866,0.786885245901639,0.825227963525836,0.334890965732087,1,0.889922480620155,0.451463790446841,0.740973312401884,0.303543913713405,0.989180834621329,0,1,0.658767772511848,0,0.343260188087774,0.778774289985052,0.392036753445636,0.126331811263318,0.0076103500761035,0.0337620578778135,0.0172684458398744,0,0,0.458461538461538,0.599071207430341,0.0015600624024961,0.996960486322188,0.989345509893455,0.117370892018779,0,0,0.0186625194401244,0,0.88529886914378,0,0.0438871473354232,0,0.0259541984732824,0,0.99388379204893,0.165354330708661,0,0.34012539184953,0.377675840978593,0.108864696734059,0,0,0.070840197693575,0.0515463917525773,0.00921658986175115,0,0,1,0.761261261261261,0.496884735202492,0,0.55868544600939,0,0.072,0,0.799682034976153,0.759571209800919,0,0.665086887835703,0.405864197530864,0.136645962732919,0.036036036036036,0.216848673946958,1,0.0111287758346582,0.0858034321372855,0,0,0.0196671709531014,0,0,0.9826224328594,0.616719242902208,0,0,0.170769230769231,0.0658105939004815,0.0525502318392581,0.263157894736842,0.975975975975976,0.995245641838352,0.167434715821813,0.166919575113809,0,0.9858934169279,0.0329153605015674,0,0.0111642743221691,0.0401854714064915,0.928682170542636,0,0.9984375,0,0.546021840873635,0.925117004680187,0.901116427432217,0.882352941176471,0.304838709677419,0.899068322981366,0,0,0.236593059936909,0.0169230769230769,0,0,1,0,1,0,0.273162939297125,1,1,0.440381558028617,0.0361635220125786,0.565891472868217,0,0.998384491114701,0.0414012738853503,0.00925925925925926,0,0.814873417721519,0.995440729483283,0.998420221169036,0.987786259541985,1,0,0,0.984423676012461,0.00623052959501558,0.00315955766192733,0.0265210608424337,0.00460122699386503,0,0.992163009404389,0.0109717868338558,1,0.996879875195008,0,0.992248062015504,0.0489296636085627,1,0.912442396313364,0.998507462686567,0.998412698412698
"589",0.996850393700787,1,0.967889908256881,0.933544303797468,0.981102362204724,1,0.890282131661442,0.968847352024922,1,0,1,0,0.552795031055901,1,0.0404354587869362,0.00623052959501558,0,0.0170015455950541,0.99685534591195,0.98159509202454,0.151468315301391,0.032,0.992283950617284,0,0.956923076923077,0.261345852895149,0.0938967136150235,0.985849056603774,0.445112781954887,0.694573643410853,0,0.682316118935837,0.75594294770206,0.26530612244898,0,1,0.013953488372093,0.993817619783617,0.248868778280543,0.899096385542169,0.00156494522691706,0.0185185185185185,0.00617283950617284,1,0.758842443729904,0.0204081632653061,0.499222395023328,0,0.453592814371257,0.125,0,0.993788819875776,0.248447204968944,1,0.876369327073552,0.160629921259843,0,0.9734375,0.96177370030581,0.893778452200303,0.272161741835148,0.409302325581395,0,0,0.893819334389857,0.820987654320988,0,0.987538940809969,0,0,0.842349304482226,0.0061633281972265,0.0110062893081761,1,0,0.699236641221374,0.0412844036697248,0.561162079510703,0.894654088050314,0.252059308072488,0,0.691833590138675,0.196969696969697,0.998454404945904,0.109567901234568,0.897990726429675,0.99537750385208,0.964506172839506,0.964285714285714,0.00916030534351145,0.984301412872841,1,0,0,0.969889064976228,0,0.289922480620155,0.979559748427673,0.00771604938271605,0.0093167701863354,0.595015576323987,0,0.273010920436817,1,0.095952023988006,1,0.008,0.975077881619938,0,0.00773993808049536,0.00940438871473354,0.904610492845787,0.323170731707317,0.992236024844721,0,0.982839313572543,0.70015455950541,0,0,0.229199372056515,0,0.753532182103611,0.238461538461538,0.0657051282051282,0.967642526964561,0.142201834862385,0.996983408748115,0.99537037037037,0,0.532507739938081,0.9265625,0.486571879936809,0.988888888888889,0,0.995238095238095,0.0213740458015267,0,0.202830188679245,0.617784711388456,0.492957746478873,0,0,0.973926380368098,0.743827160493827,0.162939297124601,1,0.00464396284829721,0.918836140888208,0.410459587955626,0.980213089802131,0.128980891719745,0.986046511627907,1,0.831288343558282,0.993846153846154,0,1,0,0,0.738993710691824,0.867069486404834,0.981308411214953,0.0184331797235023,0,1,0.427892234548336,1,1,1,0.262996941896024,0.972093023255814,0.00156739811912226,0.94856278366112,0,0.890282131661442,0.364760432766615,0,0.984567901234568,0,0.846511627906977,1,0.111635220125786,0.978361669242658,0.946153846153846,0.990990990990991,0.973886328725038,0.0972222222222222,0.37173579109063,0.915335463258786,0.93312101910828,0.0473282442748092,0.00460829493087558,0.981132075471698,0.849612403100775,0,0,0.285266457680251,0.0015552099533437,1,0.257274119448698,0.873817034700315,0.750380517503805,0.987786259541985,0.424050632911392,0.420731707317073,0.277864992150706,0.912772585669782,0.963949843260188,0.874617737003058,0,0.873651771956857,0.164296998420221,0.933962264150943,0,0.0587326120556414,0.5115562403698,0.977952755905512,0.980061349693252,0.8256735340729,0.998439937597504,0.879310344827586,0,0.0574534161490683,0.632218844984802,0.993640699523052,0,0.993836671802773,0.978915662650602,0.534883720930233,0.531055900621118,0.987480438184664,1,0.350467289719626,0,0.879518072289157,0.507836990595611,0.969745222929936,0,0.95,0.998439937597504,1,0.943217665615142,0.520610687022901,0.0015600624024961,0.968454258675079,0.529680365296804,0.00453857791225416,0.0015220700152207,0.195924764890282,0,0.148902821316614,0.657935285053929,0,0.00304878048780488,0.00778816199376947,0.579754601226994,0.036624203821656,0.980952380952381,0.0109546165884194,0,0,0.228615863141524,1,0.979782270606532,0.891304347826087,0,0.864734299516908,0.849544072948328,0.689547581903276,0.588419405320814,0.438679245283019,0.449206349206349,0.00917431192660551,1,0.0856697819314642,0.695374800637959,0.9625,0.00773993808049536,0.748837209302326,0,0.115562403697997,1,1,0.8848,0,0.634556574923547,0.875776397515528,0,0,0.895454545454546,0.978260869565217,0,0.00153139356814701,0,0.980952380952381,0.869701726844584,0,0,0.358695652173913,0.987480438184664,0.771771771771772,0.387247278382582,0.637380191693291,0.957120980091884,0.00615384615384615,1,1,0.00470957613814757,0.96177370030581,1,0.971291866028708,0.996941896024465,0.18,0.288109756097561,0.272161741835148,0.974603174603175,0.9408,0.0524691358024691,0.254372019077901,0.9734375,0.149460708782743,0.291350531107739,0.993798449612403,0.998442367601246,0.960753532182104,0.67304625199362,0.998475609756098,0.236220472440945,0.958397534668721,0.996845425867508,0,0.289877300613497,0.525316455696203,0.0155038759689922,0.055045871559633,0.00917431192660551,0.907407407407407,0.0246153846153846,0,0,0.214723926380368,0.992150706436421,0.0716510903426791,0.9824,0.970588235294118,0.987480438184664,0.273885350318471,0.274478330658106,0.669291338582677,0.439613526570048,0,0.821981424148607,0.0121765601217656,0.0350076103500761,0.193251533742331,1,0.00155038759689922,0,0.301857585139319,0.00763358778625954,0.0251177394034537,0.461172741679873,1,0.279809220985692,1,0.966719492868463,0,0.98962962962963,0,0.998487140695915,0.828660436137072,1,0.0139751552795031,0.974045801526718,0,0.883359253499222,0.687301587301587,0.943251533742331,0.984662576687117,0.996899224806202,0.274268104776579,0.957878315132605,1,0,0.0189873417721519,1,1,0.321483771251932,0.875,0.961165048543689,0.945820433436533,1,0,0.110047846889952,1,0.00157977883096367,0,0.968847352024922,0.00956937799043062,0.0440944881889764,1,0.970496894409938,0.00316957210776545,0.608294930875576,0.410015649452269,0.984227129337539,0.00160771704180064,0.864433811802233,0.996870109546166,0.355140186915888,0.594090202177294,0.769108280254777,0,0.150943396226415,0.972972972972973,0.998435054773083,0.445131375579598,1,0.973813420621931,0.0279503105590062,0,0.982998454404946,0.993730407523511,0.947040498442368,0.683001531393568,0.00630914826498423,0.858505564387917,0.233128834355828,0.169129720853859,0.00784929356357928,0.6109375,0.5765625,0.582689335394127,0,0.276083467094703,0.909797822706065,0.625386996904025,0.51301684532925,0.0747384155455904,0,0,1,0.971036585365854,0,0.921630094043887,0.010989010989011,0,0,0.9984375,0,1,0.769953051643192,0.507552870090634,1,0,0,0.993779160186625,0.956456456456456,0.698170731707317,0,0.00318979266347687,0.86890243902439,0.584097859327217,1,0.515384615384615,0.341692789968652,0,0.978593272171254,0,0.952229299363057,0.0934579439252336,0,0.0106382978723404,0.110236220472441,0.469551282051282,0.970219435736677,0,0.944024205748865,0.975155279503106,1,0,0.0689655172413793,0.938009787928222,0.00479233226837061,1,1,0.00460122699386503,1,0.280125195618153,0.804992199687988,0.00770416024653313,0.1632,0.95440251572327,0.00940438871473354,0,0.97360248447205,0.00478468899521531,0.639370078740157,0.392344497607655,0,0.109737248840804,0.729430379746835,0.247278382581649,0.978294573643411,0,0.141321044546851,0.448717948717949,0.937689969604863,0.872919818456883,0.957878315132605,0.7376,0,0.98145285935085,0,0.965408805031447,0.380645161290323,0,1,1,1,0.619122257053291,0.982919254658385,0.119617224880383,0.179080824088748,0.937791601866252,0.87037037037037,0,0,0.989028213166144,0.923197492163009,0.0111464968152866,0.987321711568938,0.993855606758833,0.351393188854489,0.934817170111288,0.729032258064516,0.88135593220339,0,0.967084639498433,0.317965023847377,1,0.998463901689708,0,0.622848200312989,0.974643423137876,0,0.665620094191523,0.375776397515528,0.782414307004471,0.660377358490566,0.95475113122172,0.0727272727272727,0.980952380952381,1,0.977917981072555,0.280448717948718,0.0951638065522621,0.990580847723705,1,0.00611620795107034,0.769828926905132,0.438569206842924,0.258064516129032,0.756965944272446,1,0.8798751950078,1,0.119266055045872,0,0,0.81974921630094,0.00321543408360129,0,0.267387944358578,0,0.989296636085627,0.906687402799378,0.998452012383901,0.993865030674847,0.078125,0,0,0,0.155448717948718,0.0672926447574335,0.154929577464789,0,0,1,0.010752688172043,0.285935085007728,1,0.556603773584906,0.973561430793157,0.628304821150855,0.607250755287009,0,1,0.374407582938389,0.482758620689655,0.920489296636086,0.987786259541985,0.360062893081761,0.00766871165644172,0.946646341463415,0.95,0,0.965098634294385,0.0124416796267496,0.983870967741935,0.421133231240429,0,0.00771604938271605,0.497553017944535,0.824451410658307,0,0.133437990580848,0.0109546165884194,0.00158982511923688,0.736131934032983,0.021875,1,0.305343511450382,0.993893129770992,0,0.35474006116208,0.308056872037915,0.868462757527734,0.0900473933649289,0.00306278713629403,0.00308641975308642,0.0357698289269051,0,0.993930197268589,0.0446570972886762,0.977238239757208,0.00470957613814757,1,0,0.500756429652042,0.435458786936236,1,0,0.998461538461539,0,0.386217948717949,0.987654320987654,0,0.622324159021407,0.982731554160126,0.728125,0.944968553459119,0.0367534456355283,0,1,0.265079365079365,0,0.678955453149002,0,0.0170542635658915,1,1,0.989345509893455,0.968847352024922,0.977848101265823,0,0.975,0.0214067278287462,0.340458015267176,0.284615384615385,0.992295839753467,0.992283950617284,0.992389649923896,0.990697674418605,0.0505359877488515,0.010752688172043,0.983686786296901,0.95565749235474,0.712962962962963,0.977099236641221,1,0.970724191063174,0,0,0.979166666666667,0,0.0583717357910906,0,0.952526799387443,0.282051282051282,0.2032,0.114728682170543,0.912974683544304,0,0.0982839313572543,1,1,0.613458528951487,0.399700598802395,0.203869047619048,0.179723502304147,0.627760252365931,0,0.115919629057187,0.533846153846154,0.25,0.691717791411043,0.0109034267912773,0,0,0.304140127388535,1,0.605546995377504,0.21765601217656,0.611026033690659,0.875,0.987860394537178,0.956310679611651,0.976190476190476,1,0.998425196850394,0.537984496124031,0.404945904173107,0.998435054773083,0.00443131462333826,0.00455927051671732,0.871069182389937,0.00920245398773006,1,0.970358814352574,0,0.102523659305994,0,0.941896024464832,0,0.972265023112481,1,0.00303951367781155,0.837795275590551,1,0.633647798742138,0.614678899082569,0.872641509433962,0,0,0.926829268292683,0.949554896142433,0.986175115207373,0,0,0,0.224270353302611,0.497674418604651,0,0.441176470588235,0,0.915873015873016,1,0.150641025641026,0.225656877897991,0,0.34488188976378,0.584518167456556,0.862442040185471,0.962518740629685,0.762996941896025,0,0.987117552334944,0.016793893129771,1,0,0.981845688350983,0.00778816199376947,1,0.0157977883096366,0.0110236220472441,0,0,0.821374045801527,0.921725239616613,0.937791601866252,0.712328767123288,0.0284857571214393,0.00473186119873817,0.813880126182965,0.828483920367534,0,0.0156985871271586,0.966666666666667,0,0.984076433121019,0.95738203957382,0.0573643410852713,0.0449612403100775,0.00308166409861325,1,0.458860759493671,0.0670826833073323,0.0969793322734499,0.10752688172043,0.671383647798742,0.0888208269525268,1,0,0.746081504702194,0.981845688350983,0.00470219435736677,0,0,0,0,1,0.697933227344992,0,0,0.516279069767442,0.956043956043956,0.415503875968992,0.0554699537750385,0.00158730158730159,0.0600315955766193,0.0171875,0,0.0288,0.00603318250377074,0.00157728706624606,0.0124031007751938,0,0.0551181102362205,0.060882800608828,0.0154320987654321,0.0156985871271586,0.00632911392405063,0.0234741784037559,0.021671826625387,0.0632716049382716,0.00619195046439629,0.0182370820668693,0,0.00317460317460317,0.0523809523809524,0.00771604938271605,0.0214723926380368,0,0.0324074074074074,0.00150375939849624,0.00157728706624606
"590",0.0110584518167457,0.00606980273141123,0.0212443095599393,0.0265625,0.0173228346456693,0.00626959247648903,0.0608424336973479,0.0124804992199688,0.0106544901065449,0.582278481012658,0.0109546165884194,0.570542635658915,0.194528875379939,0.00927357032457496,0.410687022900763,0.418461538461538,0.565349544072948,0.555038759689922,0.00784929356357928,0.0182926829268293,0.363636363636364,0.390625,0.0107692307692308,0.555219364599092,0.0321100917431193,0.302507836990596,0.384496124031008,0.015600624024961,0.207831325301205,0.132018209408194,0.424615384615385,0.152777777777778,0.115506329113924,0.303543913713405,0.552511415525114,0.00617283950617284,0.553412462908012,0.0152671755725191,0.32383808095952,0.0518292682926829,0.563380281690141,0.558103975535168,0.561643835616438,0.0109546165884194,0.113782051282051,0.422291993720565,0.223765432098765,0.439509954058193,0.244712990936556,0.354009077155825,0.569444444444444,0.0124804992199688,0.31651376146789,0.00770416024653313,0.0649149922720247,0.353218210361067,0.578696343402226,0.0251572327044025,0.0242424242424242,0.053030303030303,0.298621745788668,0.223241590214067,0.421461897356143,0.56043956043956,0.0554675118858954,0.0726429675425039,0.563944530046225,0.00941915227629513,0.572741194486983,0.40251572327044,0.0681818181818182,0.405819295558959,0.417310664605873,0.00910470409711684,0.569465648854962,0.13767019667171,0.418045112781955,0.184049079754601,0.0537124802527646,0.338709677419355,0.573643410852713,0.142208774583964,0.331811263318113,0.00904977375565611,0.366306027820711,0.0442073170731707,0.00770416024653313,0.0232558139534884,0.0229709035222052,0.559757942511346,0.0171875,0.00927357032457496,0.568965517241379,0.574102964118565,0.0190174326465927,0.553158705701079,0.300925925925926,0.0140405616224649,0.561162079510703,0.566978193146417,0.15668202764977,0.571428571428571,0.298578199052133,0.00622083981337481,0.38763197586727,0.0093603744149766,0.546165884194053,0.0199081163859112,0.43581616481775,0.434108527131783,0.427469135802469,0.0587326120556414,0.303265940902022,0.0155763239875389,0.563779527559055,0.0154083204930663,0.142194744976816,0.57469512195122,0.429007633587786,0.328660436137072,0.574660633484163,0.111455108359133,0.314589665653495,0.401273885350318,0.0198170731707317,0.342592592592593,0.00907715582450832,0.0108024691358025,0.563182527301092,0.198767334360555,0.0332805071315372,0.234076433121019,0.0125195618153365,0.573373676248109,0.0110584518167457,0.409160305343511,0.554347826086957,0.334384858044164,0.167441860465116,0.203525641025641,0.566037735849057,0.563897763578275,0.0182370820668693,0.118012422360248,0.340729001584786,0.00938967136150235,0.425233644859813,0.0321592649310873,0.261755485893417,0.0195488721804511,0.352755905511811,0.0154798761609907,0.00946372239747634,0.0812883435582822,0.0121951219512195,0.421800947867299,0.00924499229583975,0.402190923317684,0.570107858243451,0.117647058823529,0.0706766917293233,0.0182926829268293,0.421052631578947,0.573619631901841,0.00455235204855842,0.260188087774295,0.0111642743221691,0.00604229607250755,0.00910470409711684,0.306766917293233,0.0186335403726708,0.432515337423313,0.0257186081694402,0.419019316493314,0.0563380281690141,0.275914634146341,0.569206842923795,0.013953488372093,0.572078907435508,0.0720858895705521,0.00918836140888208,0.360374414976599,0.0123076923076923,0.0303030303030303,0.0164424514200299,0.0181543116490166,0.366153846153846,0.294385432473445,0.046031746031746,0.0251572327044025,0.394126738794436,0.41743119266055,0.0218068535825545,0.0745814307458143,0.555555555555556,0.567441860465116,0.298273155416013,0.558461538461538,0.00910470409711684,0.316666666666667,0.0632911392405063,0.115853658536585,0.0122511485451761,0.258114374034003,0.228441754916793,0.309375,0.0375586854460094,0.0217054263565891,0.0646153846153846,0.555382215288612,0.0635400907715582,0.346092503987241,0.032051282051282,0.427469135802469,0.396969696969697,0.201538461538462,0.0169230769230769,0.0166414523449319,0.0821705426356589,0.00778816199376947,0.0542635658914729,0.574730354391371,0.382262996941896,0.146969696969697,0.00933125972006221,0.568807339449541,0.00906344410876133,0.0133729569093611,0.19188767550702,0.21765601217656,0.0122887864823349,0.0094488188976378,0.271889400921659,0.559808612440191,0.0615615615615616,0.216383307573416,0.0173775671406003,0.420091324200913,0.0257186081694402,0.0078003120124805,0.00914634146341463,0.0291858678955453,0.213740458015267,0.443234836702955,0.0201238390092879,0.227480916030534,0.428998505231689,0.428571428571429,0.347826086956522,0.420807453416149,0.3552,0.145061728395062,0.428134556574924,0.421779141104294,0.424196018376723,0.182094081942337,0.415384615384615,0.0154559505409583,0.548989113530327,0.417701863354037,0.557228915662651,0.319314641744548,0.00628930817610063,0.0187207488299532,0.0569230769230769,0.558282208588957,0.0705128205128205,0.0605143721633888,0.143076923076923,0.195384615384615,0.243788819875776,0.231132075471698,0.571870170015456,0.00788643533123028,0.377473363774734,0.136942675159236,0.0218068535825545,0.418816388467375,0.107309486780715,0.428353658536585,0.394495412844037,0.00900900900900901,0.0111464968152866,0.0581761006289308,0.584202682563338,0.165653495440729,0.0626959247648903,0.555900621118012,0.417956656346749,0.0563165905631659,0.0154559505409583,0.582317073170732,0.422187981510015,0.42572741194487,0.015552099533437,0.0663507109004739,0.43613707165109,0.575,0.266563944530046,0.0109375,0.102564102564103,0.281345565749235,0.145569620253165,0.0257186081694402,0.416666666666667,0.00907715582450832,0.00921658986175115,0.426584234930448,0.021671826625387,0.0108359133126935,0.0237717908082409,0.0107033639143731,0.336434108527132,0.30804248861912,0.310606060606061,0.0158730158730159,0.0395569620253165,0.525757575757576,0.312401883830455,0.0172413793103448,0.36687306501548,0.289317507418398,0.0123456790123457,0.00946372239747634,0.0261941448382126,0.141935483870968,0.0091324200913242,0.311728395061728,0.0151975683890578,0.00940438871473354,0.555031446540881,0.298461538461538,0.19811320754717,0.403374233128834,0.536953242835596,0.445619335347432,0.0404984423676012,0.417047184170472,0.429447852760736,0.565022421524664,0.329211746522411,0.0154798761609907,0.388198757763975,0.0111642743221691,0.0215384615384615,0.0093603744149766,0.31201248049922,0.306349206349206,0.146604938271605,0.250398724082935,0.56752655538695,0.0771604938271605,0.42814371257485,0.406296851574213,0.349768875192604,0.0093603744149766,0.423780487804878,0.570769230769231,0.291666666666667,0.42965204236006,0.402496099843994,0.239197530864198,0.009375,0.342356687898089,0.00637958532695375,0.0218408736349454,0.572078907435508,0.0130813953488372,0.419062027231467,0.00900900900900901,0.0725308641975309,0.00788643533123028,0.42566510172144,0.018018018018018,0.424196018376723,0.0527131782945736,0.163232963549921,0.0307219662058372,0.013719512195122,0.00920245398773006,0.315870570107858,0.028169014084507,0.00902255639097744,0.418816388467375,0.419003115264797,0.00789889415481832,0.0108024691358025,0.308641975308642,0.0476923076923077,0.0207006369426752,0.0273972602739726,0.00764525993883792,0.576377952755906,0.382677165354331,0.010752688172043,0.429237947122862,0.551401869158878,0.0222222222222222,0.576138147566719,0.3984375,0.0106870229007634,0.0216049382716049,0.566302652106084,0.15552099533437,0.251552795031056,0.0112,0.42472266244057,0.0677165354330709,0.00963081861958266,0.260530421216849,0.164086687306502,0.101404056162246,0.568720379146919,0.355828220858896,0.0157232704402516,0.0124416796267496,0.248466257668712,0.00768049155145929,0.0196399345335516,0.405529953917051,0.572741194486983,0.0136157337367625,0.0139318885448916,0.0231124807395994,0.126888217522659,0.426791277258567,0.0686427457098284,0.330769230769231,0.34621578099839,0.563358778625954,0.163265306122449,0.180124223602484,0.182945736434109,0.566412213740458,0.31496062992126,0.0469483568075117,0.147640791476408,0.222900763358779,0.397037037037037,0.566009104704097,0.569486404833837,0.00890207715133531,0.0166414523449319,0.559815950920245,0.0399385560675883,0.562893081761006,0.561933534743202,0.5546875,0.0108864696734059,0.551301684532925,0.0094488188976378,0.093603744149766,0.194864048338369,0.00749625187406297,0.555555555555556,0.567651632970451,0.0138461538461538,0.024132730015083,0.115853658536585,0.428792569659443,0.568037974683544,0.0631578947368421,0.165390505359877,0.00918836140888208,0.205246913580247,0.279937791601866,0.556923076923077,0.0183767228177642,0.405362776025237,0.021875,0.409020217729393,0.571860816944024,0.417040358744395,0.344339622641509,0.228209191759113,0.0167682926829268,0.554198473282443,0.0256410256410256,0.0196671709531014,0.0075642965204236,0.548387096774194,0.384976525821596,0.0344262295081967,0.428343949044586,0.00600600600600601,0.0104947526236882,0.428790199081164,0.0107361963190184,0.307339449541284,0.0846153846153846,0.420401854714065,0.359497645211931,0.0201863354037267,0.560862865947612,0.426810477657935,0.0152671755725191,0.418238993710692,0.158059467918623,0.284403669724771,0.553030303030303,0.380733944954128,0.129746835443038,0.325190839694657,0.0200617283950617,0.440677966101695,0.375189107413011,0.22488038277512,0.0345345345345345,0.0627871362940276,0.0311526479750779,0.109717868338558,0.564465408805031,0.0152439024390244,0.424382716049383,0.0185471406491499,0.261417322834646,0.429429429429429,0.00920245398773006,0.0078125,0.00777604976671851,0.173106646058733,0.0107361963190184,0.382352941176471,0.353125,0.0352220520673813,0.061633281972265,0.585218702865762,0.554502369668246,0.0141955835962145,0.035031847133758,0.416149068322981,0.015625,0.0120845921450151,0.267080745341615,0.0361635220125786,0.109737248840804,0.0587349397590361,0.584707646176912,0.0203125,0.295665634674923,0.00766871165644172,0.00770416024653313,0.591463414634146,0.147465437788018,0.0156739811912226,0.422900763358779,0.14622641509434,0.280373831775701,0.0779610194902549,0.139498432601881,0.029940119760479,0.387724550898204,0.0172413793103448,0.00764525993883792,0.0122324159021407,0.301916932907348,0.432973805855162,0.00924499229583975,0.00758725341426404,0.571860816944024,0.0977099236641221,0.236196319018405,0.335384615384615,0.116459627329193,0.00933125972006221,0.0498442367601246,0.00769230769230769,0.500756429652042,0.419713831478537,0.584474885844749,0.0883720930232558,0.409937888198758,0.43343653250774,0.326153846153846,0.553488372093023,0.0123839009287926,0.0382848392036753,0.0106870229007634,0.00910470409711684,0.381901840490798,0.421296296296296,0.571214392803598,0.550613496932515,0.344287949921753,0.408736349453978,0.37962962962963,0.566412213740458,0.417054263565891,0.010752688172043,1,0.3015625,0.0109204368174727,0.17984496124031,0.0249609984399376,0.165137614678899,0.170212765957447,0.555725190839695,0.00902255639097744,0.264890282131661,0.220496894409938,0.0434131736526946,0.0121212121212121,0.261467889908257,0.556060606060606,0.027906976744186,0.0256797583081571,0.564814814814815,0.0251851851851852,0.415525114155251,0.0159489633173844,0.223420647149461,0.55625,0.557781201848998,0.208267090620032,0.0798771121351766,0.421133231240429,0.383045525902669,0.56793893129771,0.57051282051282,0.123511904761905,0.413145539906103,0.00978792822185971,0.311077389984825,0.0104011887072808,0.418569254185693,0.276497695852535,0.303937007874016,0.0757097791798107,0.388443017656501,0.423255813953488,0.571207430340557,0.417322834645669,0.560185185185185,0.0119940029985007,0.620355411954766,0.0132743362831858,0.425,0.00943396226415094,0.562974203338392,0.205663189269747,0.223270440251572,0.0108359133126935,0.581102362204724,0.00899550224887556,0.554502369668246,0.278219395866455,0.0151745068285281,0.578866768759571,0.148091603053435,0.0170807453416149,0.11993769470405,0.0297339593114241,0.418320610687023,0.579268292682927,0.00777604976671851,0.331230283911672,0.579425113464448,0.138719512195122,0.422680412371134,0.418181818181818,0.00789889415481832,0.00783699059561128,0.0121580547112462,0.0185758513931889,0.0188976377952756,0.569422776911076,0.0171073094867807,0.56793893129771,0.282874617737003,0.317147192716237,0.0123456790123457,0.0153846153846154,0.0168453292496172,0.0151285930408472,0.546153846153846,0.413793103448276,0.0112179487179487,0.024653312788906,0.113808801213961,0.0186046511627907,0.00753012048192771,0.0199386503067485,0.556060606060606,0.561456752655539,0.013215859030837,0.552833078101072,0.404255319148936,0.571207430340557,0.0260336906584992,0.334890965732087,0.32398753894081,0.386363636363636,0.0446153846153846,0.559322033898305,0.397515527950311,0.00614439324116743,0.00612557427258806,0.173106646058733,0.247391952309985,0.342565597667638,0.354545454545455,0.179245283018868,0.41969696969697,0.349618320610687,0.202808112324493,0.31974921630094,0.118361153262519,0.412307692307692,0.565217391304348,0.419003115264797,0.303459119496855,0.00786163522012579,0.169753086419753,0.352409638554217,0.162576687116564,0.0656488549618321,0.0121396054628225,0.0287539936102236,0.0154083204930663,0.00947867298578199,0.00782472613458529,0.193146417445483,0.255351681957187,0.00771604938271605,0.420974889217134,0.417797888386124,0.0608424336973479,0.56752655538695,0.00464396284829721,0.0232558139534884,0.559561128526646,0.372611464968153,0.564341085271318,0.0294573643410853,0.559157212317666,0.0199692780337942,0.00763358778625954,0.425954198473282,0.0737327188940092,0.00914634146341463,0.1453125,0.170245398773006,0.0661417322834646,0.570336391437309,0.568535825545171,0.037156704361874,0.0237388724035608,0.013719512195122,0.561270801815431,0.557721139430285,0.424764890282132,0.313546423135464,0.2052067381317,0.561643835616438,0.235294117647059,0.576923076923077,0.0393081761006289,0.00946372239747634,0.43171114599686,0.318529862174579,0.570776255707763,0.293838862559242,0.180404354587869,0.0625,0.0182926829268293,0.105100463678516,0.418856259659969,0.0126182965299685,0.552590266875981,0.00794912559618442,0.559561128526646,0.0149925037481259,0.566770186335404,0.00791139240506329,0.435857805255023,1,0.545871559633027,0.557299843014129,0.0910493827160494,0.0365659777424483,0.0353846153846154,0.134932533733133,0.398496240601504,0.422776911076443,0.0754716981132075,0.0792227204783259,0.548895899053628,0.419753086419753,0.0172955974842767,0.575342465753425,0.0157232704402516,0.0239880059970015,0.389230769230769,0.543778801843318,0.427906976744186,0.0091324200913242,0.248037676609105,0.397515527950311,0.367670364500792,0.376722817764165,0.1287284144427,0.365443425076453,0.00946372239747634,0.561051004636785,0.107309486780715,0.015220700152207,0.565485362095532,0.576086956521739,0.432432432432432,0.570987654320988,0.413636363636364,0.0108024691358025,0.137876386687797,0.430359937402191,0.4140625,0.1953125,0.0278207109737249,0.226356589147287,0.525037936267071,0.42472266244057,0.574367088607595,0.547945205479452,0.604430379746835,0.6859375,0.413793103448276,0.417818740399386,0.425339366515837,0.430930930930931,0.544891640866873,0.527439024390244,0.431221020092736,0.552671755725191,0.57345971563981,0.567692307692308,0.549618320610687,0.542635658914729,0.424615384615385,0.563076923076923,0.444270015698587,0.431888544891641,0.53343949044586,0.433641975308642,0.560902255639098,0.440548780487805,0.425269645608629,0.433333333333333,0.438948995363215
"591",0.306946688206785,0.295886075949367,0.309486780715397,0.336538461538462,0.294498381877023,0.281967213114754,0.37799043062201,0.323151125401929,0.280373831775701,0,0.301435406698565,0,0.559429477020602,0.289644012944984,0.727858293075684,0.714511041009464,0,0.00479233226837061,0.298360655737705,0.309148264984227,0.873831775700935,0.704248366013072,0.313971742543171,0,0.3453125,0.665605095541401,0.752365930599369,0.304,0.689230769230769,0.525660964230171,0.717391304347826,0.554347826086957,0.5008,0.662460567823344,0,0.286168521462639,0.0139968895800933,0.286624203821656,0.820826952526799,0.366459627329193,0.00157977883096367,0.0015600624024961,0.00154559505409583,0.291866028708134,0.477124183006536,0.719298245614035,0.582802547770701,0.714738510301109,0.64696734059098,0.734756097560976,0,0.303174603174603,0.815165876777251,0.286614173228346,0.380348652931854,0.70873786407767,0,0.316129032258064,0.320987654320988,0.392801251956182,0.672955974842767,0.689922480620155,0.7140549273021,0,0.390127388535032,0.456964006259781,0,0.303459119496855,0,0.707936507936508,0.384615384615385,0.691222570532915,0.710191082802548,0.2921875,0,0.544323483670295,0.728682170542636,0.564465408805031,0.391653290529695,0.680532445923461,0,0.528593508500773,0.67687595712098,0.282334384858044,0.745283018867924,0.373015873015873,0.290880503144654,0.308661417322835,0.306729264475743,0,0.293460925039872,0.28169014084507,0,0,0.318979266347687,0,0.854889589905363,0.307210031347962,0.00154320987654321,0.00157977883096367,0.685805422647528,0,0.837539432176656,0.286858974358974,0.809006211180124,0.276315789473684,0,0.318037974683544,0.717011128775835,0.719242902208202,0.722488038277512,0.3484375,0.658730158730159,0.295886075949367,0,0.305511811023622,0.534700315457413,0,0.712074303405573,0.686119873817035,0,0.501597444089457,0.950871632329635,0.726247987117552,0.308176100628931,0.7265625,0.273993808049536,0.289099526066351,0,0.746031746031746,0.349761526232114,0.617741935483871,0.308306709265176,0,0.298387096774194,0.708006279434851,0,0.928802588996764,0.494417862838915,0.779032258064516,0,0,0.312597200622084,0.522012578616352,0.707317073170732,0.282988871224165,0.704,0.363067292644757,0.616883116883117,0.282170542635659,0.862969004893964,0.301242236024845,0.273752012882448,0.40251572327044,0.28902627511592,0.7,0.282091917591125,0.70926517571885,0,0.532051282051282,0.406491499227202,0.299684542586751,0.702492211838006,0,0.277864992150706,0.634920634920635,0.290849673202614,0.29559748427673,0.281733746130031,0.651771956856703,0.310126582278481,0.719354838709677,0.315217391304348,0.720543806646526,0.376996805111821,0.630030959752322,0,0.295819935691318,0,0.3875,0.283464566929134,0.714285714285714,0.3078125,0.331761006289308,0.300150829562594,0.324451410658307,0.721003134796238,0.63125,0.361022364217252,0.351132686084142,0.73208722741433,0.704113924050633,0.307692307692308,0.405660377358491,0,0,0.995245641838352,0.0015625,0.290171606864275,0.6859375,0.390675241157556,0.4464,0.306625577812018,0.85214626391097,0.653125,0.95024077046549,0.315955766192733,0.311004784688995,0.384136858475894,0,0.4015625,0.913114754098361,0.336569579288026,0.716346153846154,0.705882352941177,0.766129032258065,0.305111821086262,0.306625577812018,0.442675159235669,0.287284144427002,0.395833333333333,0,0.710900473933649,0.582554517133956,0.306089743589744,0,0.2828125,0.303543913713405,0.72972972972973,0.56418383518225,0.297427652733119,0.2912,0.8512,0,0.378294573643411,0.604761904761905,0.322528363047002,0.715408805031447,0.309375,0.276083467094703,0.295665634674923,0.335433070866142,0.572755417956656,0.718600953895072,0.303174603174603,0.572998430141287,0.713178294573643,0.701238390092879,0.655660377358491,0.71608832807571,0.866242038216561,0.627118644067797,0.710031347962382,0.702660406885759,0.713841368584759,0.704791344667697,0.712439418416801,0.3024,0.00162337662337662,0.703001579778831,0,0.896496815286624,0.29073482428115,0.296,0.373831775700935,0,0.412337662337662,0.419003115264797,0.53968253968254,0.562009419152276,0.5872,0.620355411954766,0.0015552099533437,0.277777777777778,0.815217391304348,0.541062801932367,0.32018927444795,0.7265625,0.5140625,0.713178294573643,0.69620253164557,0.306625577812018,0.286912751677852,0.388978930307942,0,0.640866873065015,0.374009508716323,0,0.724031007751938,0.365325077399381,0.305732484076433,0,0.722222222222222,0.704581358609795,0.311216429699842,0.400958466453674,0.709836065573771,0,0.8384,0.290584415584416,0.501552795031056,0.630331753554502,0.59967585089141,0.317683881064163,0.708860759493671,0.290571870170015,0.285714285714286,0.708860759493671,0.312893081761006,0.2875,0.317152103559871,0.292834890965732,0.710730948678072,0.809968847352025,0.938388625592417,0.306581059390048,0.350565428109855,0.0157728706624606,0.690851735015773,0.315457413249211,0.692667706708268,0.661042944785276,0.287949921752739,0.2896,0.319554848966614,0.570032573289902,0.2782874617737,0.689710610932476,0.311424100156495,0.2848,0,0.8,0.754838709677419,0.711323763955343,0.0141287284144427,0.715625,0.350793650793651,0.707165109034268,0.705696202531646,0,0.694488188976378,0.308186195826645,0.733333333333333,0.302250803858521,0.319554848966614,0.296998420221169,0.980982567353407,0.98876404494382,0.517628205128205,0.601307189542484,0,0.445669291338583,0.720247295208655,0.683969465648855,0.815503875968992,0.29093799682035,0.718799368088468,0,0.797169811320755,0.715179968701095,0.733333333333333,0.624398073836276,0.293460925039872,0.66936790923825,0.292153589315526,0.313291139240506,0,0.292237442922374,0.705974842767296,0.28169014084507,0.44215530903328,0.297427652733119,0.728139904610493,0.306603773584906,0.7008,0.389423076923077,0.504746835443038,0.356807511737089,0.317111459968603,0.279874213836478,0.919047619047619,0.33596214511041,0.282608695652174,0.704441041347626,0.714738510301109,0.283870967741935,0.28503937007874,0.651828298887122,0.384976525821596,0.314845024469821,0.312796208530806,0.28393135725429,0,0.706840390879479,0.279434850863422,0.718799368088468,0,0.313099041533546,0.00163398692810458,0.702702702702703,0.289922480620155,0.309409888357257,0.00158478605388273,0.679873217115689,0.606687898089172,0.309061488673139,0.704730831973899,0.377633711507293,0.29126213592233,0.728867623604466,0.687697160883281,0.469096671949287,0,0.8816,0.307941653160454,0.308411214953271,0.582278481012658,0.2832,0.297658862876254,0.705696202531646,0,0.308411214953271,0.302362204724409,0.331210191082803,0.499219968798752,0.718600953895072,0.408,0.683464566929134,0.788778877887789,0.00158982511923688,0.57258064516129,0.600961538461538,0.567398119122257,0,0.682333873581848,0.35377358490566,0.548989113530327,0.566770186335404,0.699544764795144,0,0,0.287022900763359,0.303215926493109,0,0.358161648177496,0,0,0,0.279620853080569,0,0.306688417618271,0.524105754276827,0.762790697674419,0.292834890965732,0,0,0.29047619047619,0.342024539877301,0.525660964230171,0.711811023622047,0,0.383307573415765,0.708006279434851,0.296062992125984,0.553488372093023,0.646964856230032,0,0.294117647058824,0.7104,0.333333333333333,0.680713128038898,0,0.720965309200603,0.735668789808917,0.611202635914333,0.307814992025518,0,0.351014040561622,0.312796208530806,0.279251170046802,0,0.712218649517685,0.31810766721044,0.723404255319149,0.281200631911532,0.285714285714286,0.708860759493671,0.272151898734177,0.963949843260188,0.4671875,0.715654952076677,0.862459546925566,0.318910256410256,0.0016,0.71496062992126,0.313178294573643,0.714516129032258,0.595813204508857,0.6176,0,0.754250386398764,0.480707395498392,0.963549920760697,0.312202852614897,0.704944178628389,0.715396578538103,0.644891122278057,0.328220858895706,0.37111801242236,0.330670926517572,0.481361426256078,0,0.295489891135303,0.714728682170543,0.297124600638978,0.854368932038835,0.715610510046368,0.283720930232558,0.28436018957346,0.2752,0.503164556962025,0.300314465408805,0.85214626391097,0.889245585874799,0.337539432176656,0.398133748055988,0,0,0.282988871224165,0.332794830371567,0.720779220779221,0.319488817891374,0.311320754716981,0.973143759873618,0.350819672131148,0.558966074313409,0.372274143302181,0,0.312101910828025,0.855555555555556,0.296238244514107,0.279106858054226,0,0.585987261146497,0.308186195826645,0.705128205128205,0.509493670886076,0.612341772151899,0.433534743202417,0.50801282051282,0.320493066255778,0.687116564417178,0.317307692307692,0.28680981595092,0.313291139240506,0.856198347107438,0.752755905511811,0.282131661442006,0.279752704791345,0.00155038759689922,0.487460815047022,0.662440570522979,0.668238993710692,0.483516483516484,0.282988871224165,0.359177215189873,0.284375,0.174726989079563,0.707037643207856,0,0.462264150943396,0.723472668810289,0.708661417322835,0.676751592356688,0,0.311216429699842,0.34009360374415,0.298412698412698,0.286153846153846,0.69701726844584,0.724683544303797,0,0,0.84390243902439,0.744408945686901,0.708133971291866,0,0.70679012345679,0.285935085007728,0.3015625,1,0.294685990338164,0.703761755485893,0.327922077922078,0.531446540880503,0.580093312597201,0,0.283536585365854,0.898251192368839,0.804761904761905,0.357585139318885,0.29320987654321,0.783018867924528,0.00158478605388273,0.330721003134796,0.328682170542636,0,0.304212168486739,0.704581358609795,0.293245469522241,0.646875,0,0.00154559505409583,0.791599353796446,0.457006369426752,0.714285714285714,0.706924315619968,0.00158478605388273,0.00163132137030995,0.472727272727273,0.718110236220472,0.278606965174129,0.675039246467818,0.297045101088647,0.717628705148206,0.63182527301092,0.62760834670947,0.407766990291262,0.743801652892562,0.71585557299843,0.00158227848101266,0.720893141945773,0,0.288372093023256,0.633870967741936,0.30781010719755,0.715210355987055,0.293075684380032,0,0.559815950920245,0.672496025437202,0.28892455858748,0,0.290880503144654,0,0.64573268921095,0.30625,0,0.647604327666152,0.30379746835443,0.440894568690096,0.34181240063593,0.715179968701095,0,0.286384976525822,0.658653846153846,0,0.555905511811024,0.7,0.708978328173375,0.292604501607717,0.282051282051282,0.292834890965732,0.314696485623003,0.313291139240506,0,0.313694267515924,0.0046656298600311,0.853620955315871,0.659340659340659,0.303125,0.294952681388013,0.297805642633229,0.296703296703297,0.0584518167456556,0.740157480314961,0.317073170731707,0.315541601255887,0.514774494556765,0.297805642633229,0.275430359937402,0.315541601255887,0,0,0.307458143074581,0,0.699685534591195,0.00159235668789809,0.330683624801272,0.652032520325203,0.690095846645367,0.76036866359447,0.34775641025641,0,0.794585987261146,0.286158631415241,0.297045101088647,0.568965517241379,0.843702579666161,0.699544764795144,0.693846153846154,0.509803921568627,0.716951788491446,0.69811320754717,0.749211356466877,0.6896,0.512618296529968,0.71563981042654,0,0.69935691318328,0.86547811993517,0.268976897689769,0.639191290824261,0.869631901840491,0.56,0.390282131661442,0.297674418604651,0.33931484502447,0.296,0.295454545454545,0.298722044728434,0.573015873015873,0.616224648985959,0.29559748427673,0.721212121212121,0.712732919254658,0.394944707740916,0.00155038759689922,0.28149300155521,0.297507788161994,0,0.737439222042139,0,0.3184,0,0.311424100156495,0.278740157480315,0.714506172839506,0.421052631578947,0.284389489953632,0.6513470681458,0.667185069984448,0.40224358974359,0,0,0.34257748776509,0.351145038167939,0.306729264475743,0,0,0.707717569786535,0.684867394695788,0.621283255086072,0,0.610591900311526,0,0.354368932038835,0.279365079365079,0.741935483870968,0.690737833594976,0,0.654723127035831,0.521462639109698,0.387658227848101,0.330757341576507,0.526813880126183,0.717908082408875,0.312803889789303,0.0825396825396825,0.302931596091205,0,0.30381679389313,0,0.298045602605863,0.704761904761905,0.45016077170418,0,0,0.424290220820189,0.340909090909091,0.334883720930233,0.517295597484277,0.730354391371341,0.7136,0.410742496050553,0.368098159509202,0,0.716108452950558,0.316957210776545,0,0.307443365695793,0.321259842519685,0.71585557299843,0.010989010989011,0.712715855572998,0.2875,0.5792,0.685897435897436,0.696013289036545,0.707086614173228,0.552845528455285,0.721617418351477,0.29570747217806,0,0.526058631921824,0.298921417565485,0,0,0.724770642201835,0,0.706349206349206,0.287949921752739,0.532362459546926,0.722852512155592,0.712241653418124,0.745161290322581,0.333333333333333,0.696734059097978,0.0155038759689922,0.719354838709677,0.0590111642743222,0.0143769968051118,0,0.606060606060606,0.700310559006211,0.704180064308682,0.710191082802548,0.712050078247261,0.012924071082391,0.0170807453416149,0.713385826771654,0.0141955835962145,0.00162866449511401,0.0368589743589744,0.0184049079754601,0.0141955835962145,0.713385826771654,0.0218068535825545,0.706840390879479,0.722570532915361,0.0144230769230769,0.7125,0.0549618320610687,0.712286158631415,0.675762439807384,0.722480620155039,0.704113924050633
"592",0.996742671009772,1,0.97045101088647,0.933656957928803,0.9808,1,0.894308943089431,0.971428571428571,1,0,1,0,0.574568288854003,1,0.0385852090032154,0.00635930047694754,0,0.014308426073132,0.998387096774194,0.981279251170047,0.16380655226209,0.0264900662251656,0.989010989010989,0,0.95859872611465,0.266990291262136,0.104928457869634,0.988543371522095,0.463949843260188,0.677672955974843,0,0.689102564102564,0.767145135566188,0.277070063694268,0,1,0.015600624024961,0.995260663507109,0.26646248085758,0.90625,0,0.0156739811912226,0.00478468899521531,1,0.79050736497545,0.0239234449760766,0.512779552715655,0,0.472136222910217,0.12597200622084,0,0.993558776167472,0.255555555555556,1,0.884126984126984,0.157467532467532,0,0.979066022544283,0.955555555555556,0.898894154818325,0.283489096573209,0.438985736925515,0,0,0.903225806451613,0.834658187599364,0,0.987301587301587,0,0,0.856037151702786,0.00473186119873817,0.0207667731629393,1,0,0.704968944099379,0.0410742496050553,0.573717948717949,0.891585760517799,0.261744966442953,0,0.702660406885759,0.213953488372093,0.998444790046656,0.110236220472441,0.908242612752722,0.995222929936306,0.967032967032967,0.963665086887836,0.009375,0.984076433121019,1,0,0,0.97557003257329,0,0.299684542586751,0.980830670926518,0.00475435816164818,0.00479233226837061,0.616352201257862,0,0.282504012841092,1,0.100931677018634,1,0.00803858520900321,0.977777777777778,0,0.00635930047694754,0.00949367088607595,0.906050955414013,0.319182389937107,0.990461049284579,0,0.982677165354331,0.706161137440758,0,0,0.2288,0,0.762738853503185,0.255555555555556,0.0687397708674304,0.971473851030111,0.153125,0.996908809891808,0.995283018867924,0,0.555379746835443,0.945161290322581,0.482084690553746,0.990551181102362,0,0.995222929936306,0.0248833592534992,0,0.222042139384117,0.632686084142395,0.522240527182867,0,0,0.976190476190476,0.752808988764045,0.178104575163399,1,0.00809061488673139,0.92259083728278,0.400974025974026,0.976599063962558,0.135399673735726,0.984025559105431,1,0.841017488076312,0.995230524642289,0,1,0,0,0.752808988764045,0.864696734059098,0.988782051282051,0.0157977883096366,0,1,0.453355155482815,1,1,1,0.28393135725429,0.974763406940063,0.00161030595813205,0.949447077409163,0,0.896774193548387,0.376190476190476,0,0.985804416403785,0,0.86031746031746,1,0.121794871794872,0.979430379746835,0.941455696202532,0.992343032159265,0.973478939157566,0.0995184590690209,0.362363919129082,0.923202614379085,0.945072697899838,0.0604133545310016,0.00630914826498423,0.977777777777778,0.8528,0,0,0.299674267100977,0,1,0.260663507109005,0.8672,0.759936406995231,0.987480438184664,0.443910256410256,0.434645669291339,0.292134831460674,0.918269230769231,0.967793880837359,0.877358490566038,0,0.8848,0.182113821138211,0.932389937106918,0,0.0727554179566563,0.542319749216301,0.977564102564103,0.9796875,0.8208,0.998425196850394,0.885895404120444,0,0.0766773162939297,0.655763239875389,0.995184590690209,0,0.992101105845182,0.979782270606532,0.562599049128368,0.539432176656151,0.9936,1,0.366666666666667,0,0.879443585780526,0.518459069020867,0.970826580226904,0,0.956589147286822,0.998417721518987,1,0.951923076923077,0.533127889060092,0,0.966346153846154,0.550473186119874,0.00461538461538462,0.0015600624024961,0.186495176848875,0,0.160771704180064,0.67398119122257,0,0.00311526479750779,0.0111111111111111,0.589703588143526,0.038961038961039,0.980922098569157,0.00797448165869218,0,0,0.228758169934641,1,0.976152623211447,0.897959183673469,0,0.871544715447155,0.862776025236593,0.688102893890675,0.607655502392344,0.459807073954984,0.445161290322581,0.00792393026941363,1,0.0970266040688576,0.701812191103789,0.957996768982229,0.0125391849529781,0.746056782334385,0.00158982511923688,0.121642969984202,1,1,0.894308943089431,0,0.642633228840125,0.882067851373183,0,0,0.897356143079316,0.979233226837061,0,0,0.00156985871271586,0.979032258064516,0.878048780487805,0,0,0.382306477093207,0.98876404494382,0.788819875776398,0.377567140600316,0.665040650406504,0.962025316455696,0.0093603744149766,1,1,0.00646203554119548,0.965354330708661,1,0.981967213114754,0.996860282574568,0.181240063593005,0.302362204724409,0.279552715654952,0.972357723577236,0.951219512195122,0.0482115085536547,0.265923566878981,0.974522292993631,0.151658767772512,0.30521472392638,0.9952,0.996784565916399,0.963607594936709,0.693311582381729,0.996879875195008,0.248397435897436,0.963607594936709,1,0,0.312989045383412,0.545307443365696,0.0174050632911392,0.0551181102362205,0.00784929356357928,0.9136,0.0250783699059561,0,0,0.222575516693164,0.990196078431373,0.0652866242038217,0.986885245901639,0.967032967032967,0.985668789808917,0.282958199356913,0.286189683860233,0.684713375796178,0.444810543657331,0,0.824921135646688,0.0137825421133231,0.0389408099688473,0.206624605678233,1,0.00158982511923688,0,0.324960753532182,0.0109717868338558,0.0238473767885533,0.463375796178344,1,0.268729641693811,1,0.971153846153846,0,0.990895295902883,0,0.998442367601246,0.835725677830941,1,0.0112903225806452,0.981395348837209,0,0.885532591414944,0.725490196078431,0.948031496062992,0.984423676012461,0.996845425867508,0.292259083728278,0.96260162601626,1,0,0.0207006369426752,1,1,0.315047021943574,0.879936808846761,0.958745874587459,0.953051643192488,1,0,0.106623586429725,1,0,0,0.964343598055105,0.00490998363338789,0.045016077170418,1,0.966237942122186,0.0016260162601626,0.635782747603834,0.427662957074722,0.982171799027553,0.00164473684210526,0.872990353697749,0.996753246753247,0.381703470031546,0.6,0.793880837359098,0,0.160125588697017,0.975649350649351,1,0.454113924050633,1,0.96849087893864,0.026984126984127,0.00158730158730159,0.982866043613707,0.996768982229402,0.955414012738854,0.700315457413249,0.00801282051282051,0.864566929133858,0.236306729264476,0.179831932773109,0.0016,0.614035087719298,0.586151368760064,0.606012658227848,0,0.282504012841092,0.906050955414013,0.642748091603053,0.511146496815287,0.0720858895705521,0,0,1,0.976415094339623,0,0.92258064516129,0.00794912559618442,0,0,0.998394863563403,0,1,0.772946859903382,0.528771384136858,1,0,0,0.993630573248408,0.964396284829721,0.712715855572998,0,0.00164744645799012,0.874213836477987,0.603149606299213,1,0.525984251968504,0.34185303514377,0,0.981366459627329,0,0.951768488745981,0.0939490445859873,0,0.00773993808049536,0.111111111111111,0.475328947368421,0.977635782747604,0,0.957746478873239,0.9744,1,0,0.0726978998384491,0.939899833055092,0.00328947368421053,1,1,0.00636942675159236,1,0.295886075949367,0.805732484076433,0.00802568218298555,0.169082125603865,0.960505529225908,0.00807754442649435,0,0.970404984423676,0.00656814449917898,0.650974025974026,0.392628205128205,0,0.114779874213836,0.738916256157635,0.259842519685039,0.976114649681529,0,0.14576802507837,0.453047775947282,0.938176197836167,0.877934272300469,0.962264150943396,0.752845528455285,0,0.979655712050078,0,0.97275641025641,0.388178913738019,0,1,1,1,0.640065146579805,0.984202211690363,0.13258785942492,0.183739837398374,0.9376,0.875394321766562,0,0,0.992050874403816,0.927512355848435,0.0145161290322581,0.984025559105431,0.990683229813665,0.370662460567823,0.92776886035313,0.716612377850163,0.878357030015798,0,0.963492063492064,0.343499197431782,1,0.998412698412698,0,0.646103896103896,0.972668810289389,0,0.685761047463175,0.372019077901431,0.793893129770992,0.689822294022617,0.953775038520801,0.086687306501548,0.983792544570502,1,0.977987421383648,0.307565789473684,0.102848101265823,0.990415335463259,1,0.0031496062992126,0.780907668231612,0.44496855345912,0.249597423510467,0.767036450079239,1,0.888349514563107,1,0.1234375,0,0,0.822966507177033,0.00163398692810458,0,0.270142180094787,0,0.988835725677831,0.912363067292645,0.998425196850394,0.993710691823899,0.0982286634460548,0,0,0,0.165064102564103,0.0690737833594976,0.1552,0,0,1,0.0109204368174727,0.294685990338164,1,0.59717868338558,0.976190476190476,0.666666666666667,0.644409937888199,0,1,0.404220779220779,0.499197431781701,0.918238993710692,0.9858934169279,0.384126984126984,0.0078125,0.951863354037267,0.952012383900929,0,0.967592592592593,0.0126782884310618,0.983792544570502,0.424242424242424,0,0.00638977635782748,0.527960526315789,0.844936708860759,0,0.14446227929374,0.00793650793650794,0,0.753086419753086,0.024,1,0.320251177394035,0.992150706436421,0,0.370486656200942,0.323671497584541,0.872340425531915,0.0995024875621891,0.00157232704402516,0.00158730158730159,0.0353697749196141,0,0.993808049535604,0.0436187399030695,0.978328173374613,0.0032258064516129,1,0,0.52639751552795,0.459069020866774,1,0,1,0,0.405844155844156,0.987341772151899,0,0.642301710730949,0.979166666666667,0.739549839228296,0.953225806451613,0.0373250388802488,0,1,0.258012820512821,0,0.680314960629921,0,0.0141287284144427,1,1,0.99236641221374,0.971153846153846,0.980613893376414,0,0.979133226324238,0.0174880763116057,0.358490566037736,0.27742946708464,0.992025518341308,0.992,0.993720565149137,0.993690851735016,0.0517241379310345,0.0144,0.981937602627258,0.960567823343849,0.721780604133545,0.987361769352291,1,0.9712,0,0,0.986217457886677,0,0.0733229329173167,0,0.955271565495208,0.271986970684039,0.204918032786885,0.122670807453416,0.92776886035313,0,0.113924050632911,1,1,0.635071090047393,0.426584234930448,0.219847328244275,0.180404354587869,0.657142857142857,0,0.116719242902208,0.543548387096774,0.257097791798107,0.705329153605016,0.0112359550561798,0,0,0.32843137254902,1,0.626198083067093,0.220839813374806,0.617363344051447,0.874804381846635,0.990625,0.962046204620462,0.975609756097561,1,0.998381877022654,0.553945249597424,0.406003159557662,0.998394863563403,0.00613496932515337,0.0106221547799697,0.873217115689382,0.00783699059561128,1,0.97444089456869,0,0.112211221122112,0,0.943910256410256,0,0.968454258675079,1,0.00626959247648903,0.832278481012658,1,0.644122383252818,0.622432859399684,0.876190476190476,0,0,0.927852348993289,0.942161339421613,0.985691573926868,0,0,0,0.233908948194662,0.495207667731629,0,0.44375,0,0.920325203252032,1,0.156351791530945,0.236024844720497,0,0.332792207792208,0.595505617977528,0.8704,0.965571205007825,0.776190476190476,0,0.985245901639344,0.0158478605388273,1,0,0.97984496124031,0.00473186119873817,1,0.0174880763116057,0.0130293159609121,0,0,0.832025117739403,0.921824104234528,0.93563579277865,0.71563981042654,0.0261538461538462,0.00648298217179903,0.830940988835726,0.836477987421384,0,0.0128,0.963141025641026,0,0.988709677419355,0.955038759689922,0.0598425196850394,0.0396196513470681,0.00317965023847377,1,0.458265139116203,0.0814696485623003,0.107667210440457,0.116535433070866,0.679153094462541,0.090625,1,0,0.762520193861066,0.978227060653188,0.0016025641025641,0,0,0,0,1,0.702439024390244,0,0,0.541800643086817,0.956168831168831,0.434022257551669,0.0435458786936236,0,0.0507364975450082,0.0142405063291139,0,0.0274193548387097,0.00469483568075117,0,0.0109204368174727,0,0.0516129032258065,0.0560747663551402,0.015748031496063,0.0159489633173844,0.00488599348534202,0.0238473767885533,0.0205047318611987,0.0584518167456556,0.00631911532385466,0.015748031496063,0,0.00159235668789809,0.0440456769983687,0.00796178343949045,0.0217729393468118,0,0.0301109350237718,0.00154798761609907,0
"593",0.594043887147335,0.596546310832025,0.615384615384615,0.618066561014263,0.587955625990491,0.595238095238095,0.6736,0.613458528951487,0.587057010785824,0.00798722044728434,0.571428571428571,0.00777604976671851,0.635239567233385,0.588697017268446,0.445839874411303,0.428571428571429,0.0091324200913242,0.0156739811912226,0.598070739549839,0.60625,0.574303405572755,0.432038834951456,0.589783281733746,0.00775193798449612,0.625,0.516587677725118,0.465189873417722,0.578199052132701,0.64750378214826,0.682098765432099,0.413476263399694,0.680124223602484,0.68503937007874,0.516329704510109,0.00943396226415094,0.575193798449612,0.0280373831775701,0.571207430340557,0.657185628742515,0.603100775193798,0.00777604976671851,0.015552099533437,0.0122699386503067,0.583860759493671,0.6645056726094,0.421216848673947,0.602848101265823,0.412403100775194,0.624808575803982,0.503782148260212,0.00924499229583975,0.590909090909091,0.571875,0.578866768759571,0.685358255451713,0.507911392405063,0.00966183574879227,0.609375,0.603975535168196,0.651090342679128,0.524031007751938,0.632465543644717,0.41259842519685,0.00958466453674121,0.6336,0.663565891472868,0.0111287758346582,0.587677725118483,0.00625978090766823,0.406593406593407,0.621495327102804,0.417445482866044,0.42015503875969,0.590625,0.00763358778625954,0.688073394495413,0.445468509984639,0.644961240310078,0.650393700787402,0.542345276872964,0.00476190476190476,0.666666666666667,0.533742331288344,0.586523736600306,0.49144634525661,0.63302752293578,0.583076923076923,0.604037267080745,0.583333333333333,0.0134529147982063,0.596546310832025,0.580246913580247,0.00622083981337481,0.0062015503875969,0.597133757961783,0.00923076923076923,0.729393468118196,0.575193798449612,0.0060882800608828,0.0126382306477093,1,0.0106544901065449,0.669291338582677,0.588050314465409,0.502222222222222,0.596491228070175,0.0124804992199688,0.605919003115265,0.399686520376176,0.411580594679186,0.415123456790123,0.652037617554859,0.55054432348367,0.582043343653251,0.0094488188976378,0.599693251533742,0.668730650154799,0.00778816199376947,0.409302325581395,0.548183254344392,0.0060790273556231,0.695384615384615,0.647515527950311,0.446372239747634,0.599063962558502,0.5,0.591117917304747,0.5765625,0.0108864696734059,0.9640625,0.629057187017002,0.618122977346278,0.589825119236884,0.00921658986175115,0.590764331210191,0.412307692307692,0.0109546165884194,0.633956386292835,0.595015576323987,0.961783439490446,0.00947867298578199,0.00961538461538462,0.610328638497653,0.66875,0.508856682769726,0.579778830963665,0.401263823064771,0.656786271450858,0.557993730407524,0.58359133126935,0.556270096463023,0.581504702194357,0.581358609794629,0.6484375,0.586206896551724,0.394321766561514,0.581102362204724,0.404945904173107,0.00772797527047913,0.681962025316456,0.662613981762918,0.594383775351014,0.413846153846154,0.00921658986175115,0.581430745814307,0.591125198098257,0.583198707592892,0.587057010785824,0.582043343653251,0.519756838905775,0.599690880989181,0.427215189873418,0.602719033232628,0.413010590015129,0.640253565768621,0.56386292834891,0.00791139240506329,0.58712715855573,0.00759878419452888,0.607692307692308,0.580093312597201,0.489891135303266,0.593220338983051,0.622257053291536,0.576807228915663,0.604580152671756,0.468553459119497,0.563271604938272,0.645367412140575,0.631578947368421,0.453149001536098,0.417582417582418,0.59904912836767,0.690402476780186,0.0060790273556231,0.00940438871473354,0.723809523809524,0.00930232558139535,0.591463414634146,0.556060606060606,0.694620253164557,0.6171875,0.589393939393939,0.780564263322884,0.621329211746522,0.676703645007924,0.598130841121495,0.60410094637224,0.636225266362253,0.0093167701863354,0.643625192012289,0.610576923076923,0.621835443037975,0.410174880763116,0.460843373493976,0.95440251572327,0.599063962558502,0.603715170278638,0.66403785488959,0.58695652173913,0.646875,0.00632911392405063,0.450704225352113,0.680786686838124,0.579778830963665,0.0108695652173913,0.590015128593041,0.598784194528875,0.967032967032967,0.566096423017107,0.589257503949447,0.575806451612903,0.7828125,0.00961538461538462,0.658423493044822,0.646781789638933,0.624595469255663,0.418351477449456,0.608294930875576,0.565286624203822,0.574766355140187,0.6171875,0.613354037267081,0.424483306836248,0.622222222222222,0.607361963190184,0.401503759398496,0.400907715582451,0.483516483516484,0.410493827160494,0.555023923444976,0.757990867579909,0.397217928902628,0.408668730650155,0.427035330261137,0.884322678843227,0.43879173290938,0.597444089456869,0.0111642743221691,0.406201550387597,0.00927357032457496,0.64622641509434,0.583333333333333,0.5796875,0.632398753894081,0.0093167701863354,0.649289099526066,0.638065522620905,0.659937888198758,0.647335423197492,0.603503184713376,0.601880877742947,0.0155763239875389,0.567092651757188,0.512121212121212,0.67741935483871,0.603125,0.417956656346749,0.726708074534162,0.420886075949367,0.487654320987654,0.603630862329803,0.573926868044515,0.687797147385103,0.010752688172043,0.845329249617152,0.677672955974843,0.0093603744149766,0.409160305343511,0.660578386605784,0.60062893081761,0.0060882800608828,0.423728813559322,0.400304414003044,0.596184419713832,0.66403785488959,0.401273885350318,0.00941915227629513,0.804347826086957,0.595541401273885,0.757296466973886,0.561240310077519,0.749598715890851,0.598461538461538,0.420560747663551,0.582317073170732,0.587326120556414,0.413629160063391,0.620904836193448,0.585023400936037,0.602564102564103,0.592307692307692,0.51468315301391,0.594135802469136,0.67741935483871,0.593650793650794,0.6176,0.0373250388802488,0.547021943573668,0.611544461778471,0.485225505443235,0.573596358118361,0.600311041990669,0.591836734693878,0.601851851851852,0.696141479099678,0.585106382978723,0.532283464566929,0.619565217391304,0.595238095238095,0.00941915227629513,0.609160305343511,0.860095389507154,0.422535211267606,0.0404984423676012,0.406106870229008,0.618153364632238,0.419003115264797,0.408950617283951,0.00759878419452888,0.519685039370079,0.58307210031348,0.482003129890454,0.594507269789984,0.621283255086072,0.593406593406593,0.693522906793049,0.674121405750799,0.668730650154799,0.555555555555556,0.00764525993883792,0.662015503875969,0.401215805471125,0.417177914110429,0.586687306501548,0.596184419713832,0.404984423676012,0.00924499229583975,0.614791987673344,0.420245398773006,0.427682737169518,0.605015673981191,0.574568288854003,0.541533546325879,0.571192052980132,0.583333333333333,0.00928792569659443,0.578008915304606,0.408882082695253,0.593846153846154,0.6828125,0.591205211726384,0.423676012461059,0.605828220858896,0.403125,0.615625,0.658227848101266,0.627480916030534,0.6,0.577399380804954,0.648985959438378,0.615863141524106,0.566412213740458,0.420333839150228,0.4203125,0.574367088607595,0.578294573643411,0.552099533437014,0.593167701863354,0.616113744075829,0.633846153846154,0.573643410852713,0.00626959247648903,0.465299684542587,0.568567026194145,0.409162717219589,0.010989010989011,0.614420062695925,0.0142630744849445,0.429245283018868,0.579192546583851,0.616613418530351,0.0110062893081761,0.989147286821705,0.577952755905512,0.6120826709062,0.403174603174603,0.625990491283677,0.579872204472843,0.621875,0.826153846153846,0.682965299684543,0.00630914826498423,0.574074074074074,0.594637223974763,0.593167701863354,0.580246913580247,0.569444444444444,0.572847682119205,0.435736677115987,0.0093167701863354,0.601837672281776,0.580745341614907,0.61128526645768,0.650842266462481,0.415625,0.659305993690852,0.525581395348837,0.59672131147541,0.00938967136150235,0.653061224489796,0.660406885758998,0.64624808575804,0.00770416024653313,0.5553772070626,0.623639191290824,0.663093415007657,0.627906976744186,0.441930618401207,0.00928792569659443,0.00763358778625954,0.586626139817629,0.587786259541985,0.00625,0.651162790697674,0.0124610591900312,0.00609756097560976,0.00796178343949045,0.578199052132701,0.00764525993883792,0.610223642172524,0.768992248062015,0.935779816513762,0.575803981623277,0.00938967136150235,0.0048,0.584375,0.611280487804878,0.690292758089368,0.403669724770642,0.00966183574879227,0.689393939393939,0.835365853658537,0.592248062015504,0.596625766871166,0.54874213836478,0.00618238021638331,0.603658536585366,0.41091492776886,0.628389154704944,0.450549450549451,0.00930232558139535,0.410687022900763,0.490654205607477,0.577922077922078,0.580495356037152,0.0107692307692308,0.634556574923547,0.610591900311526,0.573846153846154,0.0109717868338558,0.445497630331754,0.577049180327869,0.42443729903537,0.586046511627907,0.593655589123867,0.409230769230769,0.567651632970451,0.690769230769231,0.705790297339593,0.429699842022117,0.588516746411483,0.631415241057543,0.0144,0.426127527216174,0.611455108359133,0.417197452229299,0.678343949044586,0.559748427672956,0.00927357032457496,0.477449455676516,0.662903225806452,0.660578386605784,0.597200622083981,0.401234567901235,0.493846153846154,0.609756097560976,0.609494640122512,0.63677811550152,0.613672496025437,0.663430420711974,0.0110410094637224,0.598473282442748,0.424846625766871,0.569465648854962,0.783521809369952,0.421779141104294,0.578703703703704,0.581358609794629,0.57345971563981,0.597503900156006,0.586314152410575,0.555900621118012,0.60952380952381,0.624405705229794,0.679566563467492,0.00916030534351145,0.00950871632329636,0.587955625990491,0.6144,0.417840375586854,0.61128526645768,0.60625,0.765527950310559,0.640901771336554,0.762282091917591,0.676335877862595,0.0107197549770291,0.610142630744849,0.753086419753086,0.568075117370892,0.57007874015748,0.0106221547799697,0.671875,0.605769230769231,0.414330218068536,0.662957074721781,0.564341085271318,0.653030303030303,0.674565560821485,0.603053435114504,0.461538461538462,0.596747967479675,0.585253456221198,0.613003095975232,0.721498371335505,0.495327102803738,0.59594383775351,0.589665653495441,0.0121951219512195,0.665644171779141,0.618098159509202,0.524409448818898,0.652241112828439,0.577881619937695,0.629746835443038,0.574102964118565,0.213846153846154,0.411290322580645,0.00916030534351145,0.677570093457944,0.412044374009509,0.403125,0.537854889589905,0.0108527131782946,0.610510046367852,0.643185298621746,0.580343213728549,0.595419847328244,0.466458658346334,0.420221169036335,0.00754147812971342,0.00775193798449612,0.567353407290016,0.455974842767296,0.488408037094281,0.00924499229583975,0.404945904173107,0.556603773584906,0.17984496124031,0.703761755485893,0.59717868338558,1,0.592709984152139,0.66820987654321,0.661585365853659,0.00454545454545455,0.574212893553223,0.779527559055118,0.841269841269841,0.632776934749621,0.584876543209877,0.636785162287481,0.0170015455950541,0.6140625,0.634408602150538,0.00773993808049536,0.588414634146341,0.427457098283931,0.608974358974359,0.605919003115265,0.0110584518167457,0.0108695652173913,0.832268370607029,0.660377358490566,0.404945904173107,0.483412322274882,0.0139103554868624,0.00972447325769854,0.646341463414634,0.43581616481775,0.573051948051948,0.56441717791411,0.599695585996956,0.42,0.56386292834891,0.537974683544304,0.659777424483307,0.473515248796148,0.418070444104135,0.00934579439252336,0.427215189873418,0.00771604938271605,0.575113808801214,0.385113268608414,0.5952023988006,0.414976599063963,0.587301587301587,0.0062402496099844,0.621621621621622,0.630573248407643,0.584251968503937,0.00956937799043062,0.582568807339449,0.00934579439252336,0.57120253164557,0.595092024539877,0.00927357032457496,0.943076923076923,0.585987261146497,0.60596546310832,0.627172195892575,0.428134556574924,0.00784929356357928,0.58359133126935,0.5229793977813,0.00759878419452888,0.680555555555556,0.397608370702541,0.41820987654321,0.588141025641026,0.576138147566719,0.576687116564417,0.590625,0.590062111801242,0.00766871165644172,0.610591900311526,0.0196671709531014,0.7782874617737,0.542372881355932,0.587253414264036,0.572755417956656,0.586626139817629,0.592933947772657,0.0811232449297972,0.431962025316456,0.597701149425287,0.626934984520124,0.675925925925926,0.600308641975309,0.585253456221198,0.623456790123457,0.00921658986175115,0.00615384615384615,0.584084084084084,0.00914634146341463,0.455792682926829,0.010989010989011,0.625,0.518341307814992,0.516129032258065,0.506912442396313,0.623622047244095,0.0108359133126935,0.496884735202492,0.580893682588598,0.603744149765991,0.67032967032967,0.771212121212121,0.546805349182764,0.479389312977099,0.622820919175911,0.4051593323217,0.46141975308642,0.855784469096672,0.538341158059468,0.672868217054264,0.410658307210031,0.00956937799043062,0.396850393700787,0.747181964573269,0.579872204472843,0.807453416149068,0.636363636363636,0.664586583463339,0.665151515151515,0.582822085889571,0.617124394184168,0.596825396825397,0.5872,0.593354430379747,0.64031007751938,0.566096423017107,0.5796875,0.427503736920777,0.418320610687023,0.642526964560863,0.0153846153846154,0.577912254160363,0.570552147239264,0.00789889415481832,0.506410256410256,0.00925925925925926,0.593004769475358,0.0095389507154213,0.609160305343511,0.583850931677019,0.409861325115562,0.647798742138365,0.569678407350689,0.855799373040752,0.7796875,0.702060221870048,0.00778816199376947,0.00955414012738853,0.611650485436893,0.642011834319527,0.592933947772657,0.00925925925925926,0.0062111801242236,0.408945686900958,0.523076923076923,0.616954474097331,0.00465116279069767,0.609907120743034,0.0078003120124805,0.621794871794872,0.581761006289308,0.530903328050713,0.547945205479452,0.00764525993883792,0.561093247588424,0.594936708860759,0.603715170278638,0.61236802413273,0.757097791798107,0.401550387596899,0.599033816425121,0.0609375,0.571884984025559,0.00943396226415094,0.579754601226994,0.010989010989011,0.564102564102564,0.417721518987342,0.278996865203762,0.00918836140888208,0.00784929356357928,0.638888888888889,0.615384615384615,0.640364188163885,0.67687595712098,0.425076452599388,0.405103668261563,0.6171875,0.586626139817629,0.00470957613814757,0.419558359621451,0.6,0.0062015503875969,0.578099838969404,0.629007633587786,0.443057722308892,0.0327102803738318,0.420647149460709,0.580398162327718,0.573692551505547,0.454545454545455,0.475490196078431,0.47175572519084,0.676703645007924,0.471317829457364,0.586750788643533,0.00938967136150235,0.690363349131122,0.57032457496136,0.0110410094637224,0.0109034267912773,0.409836065573771,0.00625978090766823,0.428790199081164,0.575617283950617,0.661858974358974,0.423566878980892,0.404945904173107,0.971608832807571,0.614779874213837,0.626356589147287,0.0387596899224806,0.410628019323671,0.0670926517571885,0.0248447204968944,0.010989010989011,0.359300476947536,0.387692307692308,0.404024767801858,0.420401854714065,0.408602150537634,0.0352564102564103,0.0442073170731707,0.426153846153846,0.0217391304347826,0.0128617363344051,0.0438184663536776,0.0229709035222052,0.0357142857142857,0.418351477449456,0.0247295208655332,0.400966183574879,0.417197452229299,0.0340557275541796,0.411023622047244,0.0531914893617021,0.423017107309487,0.402777777777778,0.419790104947526,0.403755868544601
"594",0.969354838709677,0.973312401883831,0.949526813880126,0.91866028708134,0.959807073954984,0.972222222222222,0.874203821656051,0.954758190327613,0.976708074534162,0,0.969551282051282,0,0.579617834394904,0.9744,0.0663507109004739,0.0380348652931854,0,0.0128617363344051,0.969205834683955,0.958730158730159,0.181818181818182,0.0598006644518272,0.963949843260188,0,0.9456,0.274167987321712,0.136724960254372,0.959415584415584,0.494573643410853,0.671899529042386,0.0292307692307692,0.678972712680578,0.759472817133443,0.307324840764331,0,0.980861244019139,0.0186625194401244,0.97191887675507,0.291158536585366,0.897356143079316,0.00161812297734628,0.0141287284144427,0.00631911532385466,0.97588424437299,0.769354838709677,0.0506329113924051,0.522151898734177,0.0304,0.491419656786271,0.170278637770898,0,0.985623003194888,0.278662420382166,0.97588424437299,0.862619808306709,0.189406099518459,0,0.958132045088567,0.939297124600639,0.887323943661972,0.312302839116719,0.471228615863142,0.0256410256410256,0,0.899038461538462,0.834658187599364,0,0.962145110410095,0,0.0306946688206785,0.840944881889764,0.031496062992126,0.0462519936204147,0.975270479134467,0,0.709828393135725,0.0717628705148206,0.607594936708861,0.876422764227642,0.288590604026846,0,0.692546583850932,0.241486068111455,0.975039001560062,0.141494435612083,0.8796875,0.968253968253968,0.941640378548896,0.937791601866252,0.00927357032457496,0.956521739130435,0.971742543171115,0,0,0.964285714285714,0,0.319620253164557,0.955342902711324,0.00783699059561128,0.00952380952380952,0.629570747217806,0,0.3152,0.975845410628019,0.132192846034215,0.969648562300319,0.00792393026941363,0.954545454545455,0.0318471337579618,0.0360501567398119,0.034375,0.881410256410256,0.338141025641026,0.968253968253968,0,0.96998420221169,0.710191082802548,0,0.0221169036334913,0.261075949367089,0,0.7504,0.275752773375594,0.108414239482201,0.948470209339775,0.175078864353312,0.9734375,0.968354430379747,0,0.56,0.919047619047619,0.515923566878981,0.964686998394864,0,0.977382875605816,0.043613707165109,0,0.235387045813586,0.621621621621622,0.535143769968051,0,0,0.957547169811321,0.782747603833866,0.207395498392283,0.972843450479233,0.0336,0.907232704402516,0.432258064516129,0.953775038520801,0.169381107491857,0.958664546899841,0.97275641025641,0.851622874806801,0.97444089456869,0.0245098039215686,0.977812995245642,0.0258064516129032,0,0.752,0.859111791730475,0.963081861958267,0.0377358490566038,0,0.972049689440994,0.461538461538462,0.974317817014446,0.975039001560062,0.967340590979782,0.30625,0.95583596214511,0.0287539936102236,0.934375,0.0248833592534992,0.881977671451356,0.387301587301587,0,1,0,0.854889589905363,0.971698113207547,0.143540669856459,0.96031746031746,0.93026941362916,0.976958525345622,0.9578125,0.120689655172414,0.386748844375963,0.899505766062603,0.920508744038156,0.0748829953198128,0.029595015576324,0.956730769230769,0.839171974522293,0,0,0.3184,0.00158227848101266,0.977099236641221,0.281538461538462,0.85828025477707,0.769470404984424,0.962848297213622,0.455858747993579,0.468652037617555,0.319935691318328,0.909379968203498,0.954911433172303,0.867601246105919,0,0.864649681528662,0.214285714285714,0.917197452229299,0.0253968253968254,0.0952380952380952,0.546474358974359,0.953150242326333,0.962441314553991,0.818037974683544,0.9703125,0.888535031847134,0,0.0989010989010989,0.687402799377916,0.968,0,0.970769230769231,0.963302752293578,0.562101910828026,0.562009419152276,0.965299684542587,0.968852459016393,0.380726698262243,0,0.861111111111111,0.516025641025641,0.949429037520392,0.0299212598425197,0.944186046511628,0.969305331179321,0.974842767295597,0.936406995230525,0.546021840873635,0.0241157556270096,0.946859903381642,0.537383177570093,0.0338983050847458,0.0257186081694402,0.216772151898734,0.0289389067524116,0.177524429967427,0.674491392801252,0.0235478806907378,0.0250783699059561,0.0396825396825397,0.59190031152648,0.0678513731825525,0.959742351046699,0.0111111111111111,0.0251968503937008,0,0.251623376623377,0.97092084006462,0.957345971563981,0.884012539184953,0,0.857843137254902,0.853354134165367,0.680817610062893,0.595238095238095,0.475357710651828,0.473429951690821,0.00947867298578199,0.967793880837359,0.12597200622084,0.685245901639344,0.943820224719101,0.0382165605095541,0.731319554848967,0.0297339593114241,0.158555729984301,0.977064220183486,0.97557003257329,0.880327868852459,0,0.6453125,0.859621451104101,0,0.0220125786163522,0.872670807453416,0.959935897435897,0,0.0333863275039746,0.0203442879499218,0.958860759493671,0.863563402889246,0.0290322580645161,0,0.401263823064771,0.969745222929936,0.781201848998459,0.402866242038217,0.655339805825243,0.938871473354232,0.0393700787401575,0.972644376899696,0.969889064976228,0.0348101265822785,0.942097026604069,0.977491961414791,0.957792207792208,0.971337579617834,0.217527386541471,0.333333333333333,0.313385826771654,0.954983922829582,0.941176470588235,0.0440251572327044,0.294022617124394,0.955905511811024,0.17007874015748,0.329249617151608,0.973228346456693,0.972536348949919,0.948356807511737,0.726384364820847,0.973058637083994,0.27591706539075,0.948598130841122,0.972843450479233,0,0.335925349922239,0.549918166939444,0.0458135860979463,0.0505529225908373,0.0344287949921753,0.919811320754717,0.047244094488189,0.0297339593114241,0,0.257551669316375,0.964458804523425,0.107086614173228,0.967213114754098,0.94679186228482,0.964686998394864,0.315789473684211,0.31973898858075,0.7024,0.468292682926829,0,0.822530864197531,0.0432766615146832,0.0612557427258806,0.23015873015873,0.974235104669887,0.0282131661442006,0,0.34748427672956,0.0347551342812006,0.0531400966183575,0.480769230769231,0.972929936305732,0.293548387096774,0.970731707317073,0.950080515297907,0,0.960244648318043,0.028391167192429,0.972307692307692,0.833333333333333,0.970967741935484,0.0416666666666667,0.957878315132605,0.025518341307815,0.884858044164038,0.71107544141252,0.934920634920635,0.959119496855346,0.971698113207547,0.322169059011164,0.950320512820513,0.968944099378882,0.028169014084507,0.0498392282958199,0.974193548387097,0.969793322734499,0.340189873417722,0.884858044164038,0.941935483870968,0.935534591194969,0.979559748427673,0,0.142394822006472,0.973101265822785,0.0270700636942675,0,0.946428571428571,0.0113452188006483,0.0706260032102729,0.971875,0.949044585987261,0.00323624595469256,0.629160063391442,0.432520325203252,0.969502407704655,0.0293637846655791,0.875404530744337,0.968152866242038,0.401913875598086,0.608557844690967,0.776898734177215,0,0.191387559808612,0.954983922829582,0.97427652733119,0.454113924050633,0.973186119873817,0.945364238410596,0.0571428571428571,0.00156985871271586,0.964285714285714,0.971291866028708,0.928571428571429,0.701399688958009,0.0304975922953451,0.85048231511254,0.262321144674086,0.198003327787022,0.00788643533123028,0.65224358974359,0.605388272583201,0.6140625,0,0.314845024469821,0.8921875,0.665629860031104,0.513219284603421,0.0957446808510638,0,0,0.972350230414747,0.948757763975155,0,0.903785488958991,0.00967741935483871,0,0,0.977564102564103,0,0.975728155339806,0.762738853503185,0.538102643856921,0.972006220839813,0,0,0.984177215189873,0.954968944099379,0.735294117647059,0.0279937791601866,0.00327332242225859,0.85625,0.60062893081761,0.974603174603175,0.536891679748823,0.358064516129032,0,0.960380348652932,0.0303514376996805,0.936,0.119426751592357,0,0.033587786259542,0.144230769230769,0.494290375203915,0.949843260188088,0,0.933021806853583,0.950949367088608,0.973354231974922,0,0.0992,0.920792079207921,0.033167495854063,0.975,0.973478939157566,0.0344827586206897,0.973354231974922,0.318037974683544,0.803174603174603,0.0315955766192733,0.200317965023847,0.9424,0.00949367088607595,0.0267295597484277,0.945482866043614,0.0324149108589951,0.659744408945687,0.378594249201278,0,0.131455399061033,0.7312,0.290423861852433,0.953198127925117,0.0268987341772152,0.177847113884555,0.479061976549414,0.922955974842767,0.873831775700935,0.946117274167987,0.765650080256822,0,0.962441314553991,0.0295031055900621,0.949286846275753,0.4170692431562,0.028125,0.9734375,0.96969696969697,0.969205834683955,0.636650868878357,0.966666666666667,0.15224358974359,0.219047619047619,0.921752738654147,0.865293185419968,0,0,0.967741935483871,0.912762520193861,0.0382775119617225,0.9568,0.967340590979782,0.391442155309033,0.911433172302738,0.721951219512195,0.861538461538462,0,0.943820224719101,0.365384615384615,0.972886762360447,0.971608832807571,0,0.66031746031746,0.954471544715447,0.0272873194221509,0.698564593301435,0.402866242038217,0.809090909090909,0.668810289389068,0.934049079754601,0.101851851851852,0.964110929853181,0.973354231974922,0.9664,0.302931596091205,0.119236883942766,0.962085308056872,0.970358814352574,0.00777604976671851,0.781591263650546,0.464454976303318,0.274322169059011,0.756714060031596,0.9671875,0.888712241653418,0.973228346456693,0.11496062992126,0.0348258706467662,0,0.820919175911252,0.0306946688206785,0.0285261489698891,0.288431061806656,0,0.967032967032967,0.895148669796557,0.973101265822785,0.974842767295597,0.107765451664025,0.0253565768621236,0,0,0.197431781701445,0.0993589743589744,0.198098256735341,0,0.0235109717868339,0.973561430793157,0.0249609984399376,0.327922077922078,0.976190476190476,0.592709984152139,1,0.657686212361331,0.628482972136223,0,0.975384615384615,0.402936378466558,0.511041009463722,0.89922480620155,0.962674961119751,0.41390205371248,0.0109717868338558,0.927330173775671,0.935085007727975,0,0.940092165898618,0.0436817472698908,0.953795379537954,0.452566096423017,0,0.00783699059561128,0.522167487684729,0.830128205128205,0.0240384615384615,0.151960784313725,0.0110584518167457,0.00162866449511401,0.749221183800623,0.0479233226837061,0.973597359735974,0.347962382445141,0.963779527559055,0.0218408736349454,0.390282131661442,0.331189710610932,0.857371794871795,0.121510673234811,0.0284810126582278,0.00314465408805031,0.0649762282091918,0,0.964560862865948,0.0612903225806452,0.954614220877458,0.0226904376012966,0.975649350649351,0,0.526636225266362,0.474763406940063,0.973143759873618,0,0.970633693972179,0,0.42358803986711,0.966049382716049,0,0.644859813084112,0.951690821256039,0.742811501597444,0.936204146730462,0.0584615384615385,0,0.976452119309262,0.294685990338164,0,0.67032967032967,0.0276497695852535,0.0473933649289099,0.975490196078431,0.971246006389776,0.967441860465116,0.944356120826709,0.957585644371941,0,0.959677419354839,0.0219092331768388,0.37914691943128,0.30188679245283,0.97007874015748,0.980922098569157,0.973354231974922,0.971608832807571,0.0516431924882629,0.0407830342577488,0.966074313408724,0.939628482972136,0.748837209302326,0.974921630094044,0.973143759873618,0.959055118110236,0,0,0.967840735068913,0,0.0911949685534591,0,0.937996820349762,0.301482701812191,0.228155339805825,0.146456692913386,0.92515923566879,0,0.130914826498423,0.972886762360447,0.973058637083994,0.63968253968254,0.433130699088146,0.240181268882175,0.206201550387597,0.63474025974026,0.0266875981161695,0.139280125195618,0.546178343949045,0.282539682539683,0.74,0.0347551342812006,0,0.0238473767885533,0.341935483870968,0.975530179445351,0.63258785942492,0.258164852255054,0.653061224489796,0.863354037267081,0.968944099378882,0.945723684210526,0.951768488745981,0.973856209150327,0.972929936305732,0.555732484076433,0.421800947867299,0.972929936305732,0.0328358208955224,0.0354391371340524,0.864864864864865,0.009375,0.975346687211094,0.9515625,0,0.145662847790507,0,0.921974522292994,0,0.951486697965571,0.971518987341772,0.0253968253968254,0.829032258064516,0.976599063962558,0.65112540192926,0.621283255086072,0.859677419354839,0,0,0.914754098360656,0.922038980509745,0.963893249607535,0,0,0.0279605263157895,0.258914728682171,0.5229793977813,0,0.454833597464342,0,0.898222940226171,0.972267536704731,0.1824,0.272583201267829,0,0.365231259968102,0.6,0.862341772151899,0.944272445820433,0.760629921259843,0.0267295597484277,0.972624798711755,0.0189873417721519,0.97444089456869,0,0.953917050691244,0.00789889415481832,0.975767366720517,0.0463258785942492,0.0304975922953451,0,0,0.816455696202532,0.915721231766613,0.908385093167702,0.746130030959752,0.0544323483670296,0.023961661341853,0.810725552050473,0.823255813953488,0,0.0463258785942492,0.950793650793651,0,0.964343598055105,0.934579439252336,0.100158982511924,0.0445151033386327,0.0236593059936909,0.973270440251572,0.4848,0.100158982511924,0.125,0.144409937888199,0.697368421052632,0.130298273155416,0.975688816855754,0,0.769607843137255,0.958990536277603,0.00480769230769231,0,0.0304878048780488,0,0.0268987341772152,0.9734375,0.713584288052373,0.0240384615384615,0.0238095238095238,0.5616,0.931089743589744,0.466981132075472,0.0476923076923077,0.0345963756177924,0.0504885993485342,0.0173501577287066,0,0.05229793977813,0.0278207109737249,0.0288461538461538,0.0342146189735614,0.0278207109737249,0.0431309904153355,0.0546021840873635,0.0450310559006211,0.0191387559808612,0.00651465798045603,0.0266875981161695,0.0235849056603774,0.0517241379310345,0.0333863275039746,0.0189873417721519,0.0243111831442464,0.0283464566929134,0.0476190476190476,0.0330708661417323,0.0233281493001555,0.0253968253968254,0.059375,0.0231124807395994,0.0287539936102236
"595",0.656877897990726,0.66412213740458,0.690184049079755,0.70253164556962,0.674603174603175,0.66824644549763,0.678125,0.678461538461538,0.662162162162162,0,0.653726708074534,0,0.655384615384615,0.641838351822504,0.384146341463415,0.362654320987654,0,0.0109717868338558,0.652582159624413,0.665634674922601,0.484520123839009,0.37239165329053,0.655589123867069,0,0.655712050078247,0.518053375196232,0.431464174454829,0.670926517571885,0.637059724349158,0.658499234303216,0.338391502276176,0.763239875389408,0.721518987341772,0.504672897196262,0,0.649068322981366,0.0169230769230769,0.66046511627907,0.54585798816568,0.66156202143951,0.00156494522691706,0.00902255639097744,0.00459418070444104,0.659969088098918,0.868167202572347,0.3584,0.644961240310078,0.347286821705426,0.738275340393343,0.42406015037594,0,0.660964230171073,0.566153846153846,0.646058732612056,0.67906976744186,0.496865203761755,0,0.656549520766773,0.671875,0.742236024844721,0.504643962848297,0.617283950617284,0.3408,0,0.687010954616588,0.690548780487805,0,0.666666666666667,0,0.347551342812006,0.691950464396285,0.349157733537519,0.379471228615863,0.662650602409639,0,0.717948717948718,0.375,0.648401826484018,0.698564593301435,0.571194762684124,0,0.789393939393939,0.501506024096386,0.64750378214826,0.427682737169518,0.76416539050536,0.654434250764526,0.67427701674277,0.674311926605505,0.0030441400304414,0.652996845425868,0.653786707882535,0,0,0.662420382165605,0,0.520610687022901,0.669753086419753,0.00461538461538462,0.00606060606060606,0.666149068322981,0,0.533751962323391,0.655712050078247,0.419548872180451,0.660194174757282,0.00473186119873817,0.674922600619195,0.346456692913386,0.352307692307692,0.342987804878049,0.664605873261206,0.629800307219662,0.654320987654321,0,0.675265553869499,0.76875,0,0.349693251533742,0.493044822256569,0,0.73015873015873,0.519319938176198,0.388888888888889,0.684292379471229,0.435658914728682,0.655487804878049,0.647692307692308,0,0.65296803652968,0.724299065420561,0.563091482649842,0.660347551342812,0,0.658805031446541,0.351432880844646,0,0.515007898894155,0.677725118483412,0.642394822006472,0,0,0.689335394126739,0.72386895475819,0.462157809983897,0.664605873261206,0.360374414976599,0.705521472392638,0.64696734059098,0.670713201820941,0.449438202247191,0.661538461538462,0.659340659340659,0.645962732919255,0.657975460122699,0.348242811501597,0.648233486943164,0.327613104524181,0,0.721617418351477,0.714501510574018,0.673846153846154,0.363358778625954,0,0.665144596651446,0.800319488817891,0.65008025682183,0.653786707882535,0.652439024390244,0.516666666666667,0.68348623853211,0.35625,0.667678300455235,0.347957639939486,0.710485133020344,0.609448818897638,0,0.650621118012422,0,0.68,0.658346333853354,0.425431711145997,0.674961119751166,0.691131498470948,0.642857142857143,0.663125948406677,0.44,0.666158536585366,0.741679873217116,0.688087774294671,0.397815912636505,0.34,0.673566878980892,0.698142414860681,0,0,0.558502340093604,0.00152439024390244,0.653030303030303,0.584848484848485,0.680379746835443,0.67530487804878,0.661094224924012,0.624605678233438,0.560240963855422,0.564742589703588,0.683464566929134,0.653786707882535,0.719568567026194,0,0.663076923076923,0.488993710691824,0.685534591194969,0.353125,0.4051593323217,0.645510835913313,0.669753086419753,0.666666666666667,0.735202492211838,0.650546021840874,0.693270735524257,0,0.398162327718224,0.699544764795144,0.661442006269592,0,0.65402124430956,0.677224736048265,0.663551401869159,0.663076923076923,0.642414860681115,0.654631083202512,0.576923076923077,0,0.685887708649469,0.68075117370892,0.68362480127186,0.368421052631579,0.687975646879756,0.6546875,0.645962732919255,0.680981595092024,0.73159509202454,0.356466876971609,0.700460829493088,0.660030627871363,0.345345345345345,0.349544072948328,0.458267716535433,0.329192546583851,0.44811320754717,0.677272727272727,0.353302611367127,0.355038759689922,0.348159509202454,0.682370820668693,0.366929133858268,0.678740157480315,0.0046875,0.324574961360124,0,0.501577287066246,0.663507109004739,0.657450076804916,0.702660406885759,0,0.723642172523962,0.665658093797277,0.762870514820593,0.720858895705521,0.61633281972265,0.531545741324921,0.00613496932515337,0.64622641509434,0.421613394216134,0.767885532591415,0.689708141321045,0.364197530864198,0.682027649769585,0.352664576802508,0.438837920489297,0.656534954407295,0.653658536585366,0.684627575277338,0,0.678247734138973,0.666149068322981,0,0.327743902439024,0.675149700598802,0.676609105180534,0,0.349013657056146,0.345256609642302,0.6796875,0.7484375,0.350877192982456,0,0.584876543209877,0.675548589341693,0.740963855421687,0.650695517774343,0.6890625,0.66969696969697,0.366718027734977,0.653495440729483,0.662538699690402,0.357032457496136,0.67741935483871,0.660910518053375,0.658105939004815,0.647779479326187,0.489922480620155,0.602782071097372,0.550769230769231,0.674050632911392,0.66347687400319,0.0309119010819165,0.503912363067293,0.680124223602484,0.46,0.523238380809595,0.679127725856698,0.657853810264386,0.691950464396285,0.709320695102686,0.639393939393939,0.507020280811232,0.701399688958009,0.65990639625585,0,0.629007633587786,0.653354632587859,0.356481481481481,0.0366412213740458,0.351766513056836,0.638297872340426,0.362519201228879,0.351309707241911,0,0.537267080745342,0.656739811912226,0.381619937694704,0.669329073482428,0.688372093023256,0.662538699690402,0.552099533437014,0.550632911392405,0.664596273291925,0.659539473684211,0,0.678740157480315,0.362951807228916,0.38855421686747,0.50920245398773,0.639240506329114,0.355725190839695,0,0.63914373088685,0.344563552833078,0.357698289269051,0.627329192546584,0.658767772511848,0.572327044025157,0.654838709677419,0.638065522620905,0,0.665178571428571,0.332829046898638,0.654078549848943,0.683409436834094,0.639109697933227,0.34472049689441,0.657575757575758,0.342064714946071,0.662538699690402,0.982731554160126,0.669724770642202,0.674884437596302,0.647692307692308,0.578538102643857,0.66347687400319,0.649546827794562,0.360182370820669,0.366818873668189,0.643856920684292,0.639191290824261,0.601550387596899,0.658423493044822,0.666666666666667,0.702453987730061,0.660030627871363,0,0.44,0.65527950310559,0.349056603773585,0,0.679748822605965,0.00478468899521531,0.380877742946708,0.649390243902439,0.683969465648855,0.00315955766192733,0.669266770670827,0.628526645768025,0.683464566929134,0.328571428571429,0.64873417721519,0.633711507293355,0.610675039246468,0.669195751138088,0.858255451713396,0,0.46749226006192,0.682615629984051,0.662460567823344,0.659442724458204,0.656012176560122,0.65742251223491,0.352307692307692,0.00153374233128834,0.661042944785276,0.664586583463339,0.677966101694915,0.66412213740458,0.342679127725857,0.704968944099379,0.519500780031201,0.452495974235105,0.00309119010819165,0.678071539657854,0.649762282091918,0.923547400611621,0,0.60031847133758,0.697063369397218,0.659021406727829,0.697289156626506,0.409295352323838,0,0,0.653902798232695,0.658054711246201,0,0.694444444444444,0.00316957210776545,0,0,0.653061224489796,0,0.6704,0.653786707882535,0.645550527903469,0.649468892261001,0,0,0.657492354740061,0.674698795180723,0.722560975609756,0.346385542168675,0,0.682442748091603,0.667692307692308,0.649691358024691,0.682926829268293,0.669767441860465,0,0.655384615384615,0.340222575516693,0.711111111111111,0.422291993720565,0,0.343328335832084,0.437106918238994,0.567479674796748,0.643835616438356,0,0.707317073170732,0.672281776416539,0.660550458715596,0,0.4171875,0.650641025641026,0.356687898089172,0.655538694992413,0.654654654654655,0.348228043143297,0.645510835913313,0.56656346749226,0.685496183206107,0.368992248062016,0.465189873417722,0.68125,0.00315457413249211,0.349157733537519,0.672281776416539,0.368167202572347,0.703125,0.602503912363067,0,0.429447852760736,0.694968553459119,0.541925465838509,0.659476117103236,0.355799373040752,0.466049382716049,0.541871921182266,0.693693693693694,0.734539969834088,0.672281776416539,0.694704049844237,0,0.659476117103236,0.354642313546423,0.651632970451011,0.597133757961783,0.343373493975904,0.650381679389313,0.669230769230769,0.636363636363636,0.70015455950541,0.666153846153846,0.4390625,0.504702194357367,0.682027649769585,0.684782608695652,0,0,0.655226209048362,0.687010954616588,0.35377358490566,0.669303797468354,0.66306027820711,0.595129375951294,0.691943127962085,0.657232704402516,0.670196671709531,0,0.662595419847328,0.543307086614173,0.653125,0.647239263803681,0,0.683962264150943,0.700156985871272,0.341614906832298,0.680314960629921,0.587692307692308,0.688888888888889,1,0.657698056801196,0.400602409638554,0.677672955974843,0.646875,0.681470137825421,0.541666666666667,0.415123456790123,0.673879443585781,0.648854961832061,0.0030441400304414,0.715821812596006,0.593167701863354,0.558103975535168,0.766718506998445,0.658385093167702,0.636222910216718,0.65284178187404,0.142201834862385,0.343450479233227,0,0.725429017160686,0.3390625,0.355384615384615,0.57032457496136,0,0.670245398773006,0.702290076335878,0.662480376766091,0.657975460122699,0.429237947122862,0.345368916797488,0,0,0.478740157480315,0.40405616224649,0.464396284829721,0,0.350076103500761,0.628304821150855,0.165137614678899,0.531446540880503,0.666666666666667,0.66820987654321,0.657686212361331,1,0.85258358662614,0,0.650746268656716,0.594043887147335,0.634945397815913,0.70257966616085,0.669207317073171,0.670769230769231,0.00462249614791988,0.733024691358025,0.699395770392749,0,0.674662668665667,0.345146379044684,0.644338118022329,0.533026113671275,0,0.00465116279069767,0.66936790923825,0.789889415481833,0.356697819314642,0.477917981072555,0.0062111801242236,0.00162074554294976,0.665671641791045,0.352201257861635,0.640322580645161,0.637747336377473,0.655436447166922,0.341867469879518,0.577981651376147,0.548686244204019,0.734177215189873,0.39297124600639,0.337878787878788,0.00154320987654321,0.3515625,0,0.657698056801196,0.315112540192926,0.677130044843049,0.3515625,0.653061224489796,0,0.652503793626707,0.626356589147287,0.642301710730949,0,0.655487804878049,0,0.664526484751204,0.670769230769231,0,0.672754946727549,0.656298600311042,0.710280373831776,0.689167974882261,0.387442572741194,0,0.64797507788162,0.527472527472527,0,0.753424657534247,0.329305135951662,0.354984894259819,0.6513470681458,0.646592709984152,0.654961832061069,0.673946957878315,0.675,0,0.652777777777778,0.0091324200913242,0.568992248062016,0.570987654320988,0.660578386605784,0.653061224489796,0.658536585365854,0.663622526636225,0.0584615384615385,0.356037151702786,0.672025723472669,0.658423493044822,0.665137614678899,0.647149460708783,0.648854961832061,0.699376947040498,0,0,0.651982378854626,0,0.393518518518519,0,0.669811320754717,0.5536,0.51033386327504,0.4375,0.6828125,0.00152905198776758,0.413846153846154,0.651419558359621,0.662557781201849,0.822530864197531,0.617910447761194,0.499265785609398,0.499236641221374,0.688679245283019,0.342064714946071,0.432307692307692,0.667706708268331,0.493788819875776,0.670769230769231,0.340523882896764,0,0.347826086956522,0.531300160513644,0.648089171974522,0.644716692189893,0.499250374812594,0.666666666666667,0.708396946564885,0.644376899696049,0.689984101748808,0.679127725856698,0.663507109004739,0.655660377358491,0.692789968652038,0.7442218798151,0.656298600311042,0.347696879643388,0.348484848484849,0.7125,0.0060882800608828,0.661654135338346,0.655487804878049,0,0.418269230769231,0,0.69242658423493,0,0.670750382848392,0.662037037037037,0.348159509202454,0.703588143525741,0.643504531722054,0.683042789223455,0.6640625,0.67032967032967,0,0,0.693548387096774,0.677514792899408,0.677272727272727,0,0,0.332814930015552,0.485584218512898,0.568567026194145,0,0.678683385579937,0,0.704761904761905,0.672985781990521,0.441082802547771,0.519877675840979,0,0.657770800627943,0.666666666666667,0.664615384615385,0.683812405446294,0.713414634146341,0.354587869362364,0.684627575277338,0.0530421216848674,0.648818897637795,0,0.663157894736842,0.00303951367781155,0.637083993660856,0.355799373040752,0.231012658227848,0,0,0.724884080370943,0.659744408945687,0.672699849170437,0.602427921092564,0.358118361153263,0.375796178343949,0.696594427244582,0.657142857142857,0,0.35548686244204,0.678071539657854,0,0.644444444444444,0.706240487062405,0.398753894080997,0.0276073619631902,0.336990595611285,0.644171779141104,0.6784,0.404651162790698,0.427444794952681,0.447530864197531,0.71656050955414,0.401826484018265,0.660910518053375,0,0.705148205928237,0.651515151515151,0.0015527950310559,0,0.353640416047548,0,0.347222222222222,0.656394453004623,0.654838709677419,0.362204724409449,0.34913112164297,0.678683385579937,0.691455696202532,0.62557781201849,0.0287443267776097,0.341194968553459,0.0545746388443018,0.0198170731707317,0,0.320754716981132,0.335843373493976,0.346333853354134,0.37403400309119,0.328725038402458,0.0348101265822785,0.0383435582822086,0.354838709677419,0.0184615384615385,0.00634920634920635,0.0375,0.0214067278287462,0.0373831775700935,0.353582554517134,0.0231124807395994,0.347334410339257,0.362068965517241,0.0249221183800623,0.340062111801242,0.043609022556391,0.348694316436252,0.355694227769111,0.345185185185185,0.341049382716049
"596",0.647151898734177,0.640672782874618,0.658536585365854,0.682888540031397,0.637071651090343,0.642857142857143,0.666666666666667,0.657056145675266,0.640060240963855,0,0.631741140215716,0,0.616564417177914,0.639625585023401,0.395419847328244,0.381240544629349,0,0.00773993808049536,0.625978090766823,0.635802469135803,0.505359877488515,0.386687797147385,0.639570552147239,0,0.64750378214826,0.502304147465438,0.441896024464832,0.645412130637636,0.635135135135135,0.627092846270928,0.37219730941704,0.72281776416539,0.701863354037267,0.496194824961948,0,0.633693972179289,0.0166919575113809,0.628614916286149,0.557206537890045,0.629850746268657,0,0.00907715582450832,0.00299850074962519,0.63482280431433,0.952830188679245,0.376175548589342,0.606758832565284,0.354294478527607,0.70392749244713,0.443609022556391,0,0.643076923076923,0.601823708206687,0.625192012288787,0.651305683563748,0.480376766091052,0,0.65891472868217,0.638297872340426,0.703196347031963,0.496194824961948,0.623867069486405,0.37245696400626,0,0.6625,0.654545454545455,0,0.645259938837921,0,0.376160990712074,0.645801526717557,0.368663594470046,0.391104294478528,0.632286995515695,0,0.68133535660091,0.404833836858006,0.636913767019667,0.68125,0.5248,0,0.75531914893617,0.482758620689655,0.62178517397882,0.43969465648855,0.772113943028486,0.623867069486405,0.66012084592145,0.639269406392694,0.00445103857566766,0.625,0.636913767019667,0,0,0.6359375,0,0.549923195084485,0.655436447166922,0.00302571860816944,0.00465116279069767,0.66,0,0.56441717791411,0.628482972136223,0.447407407407407,0.6390625,0.00618238021638331,0.652439024390244,0.37904468412943,0.38109756097561,0.383206106870229,0.656877897990726,0.547400611620795,0.637614678899083,0,0.649847094801223,0.742331288343558,0,0.365325077399381,0.504601226993865,0,0.698776758409786,0.541158536585366,0.423137876386688,0.655487804878049,0.440909090909091,0.636094674556213,0.63020030816641,0,0.667669172932331,0.716923076923077,0.582434514637905,0.643533123028391,0,0.629513343799058,0.371775417298938,0,0.533333333333333,0.643730886850153,0.646417445482866,0,0,0.644817073170732,0.693251533742331,0.450549450549451,0.630841121495327,0.363919129082426,0.697885196374622,0.576982892690513,0.652042360060514,0.462757527733756,0.634146341463415,0.636080870917574,0.635528330781011,0.634969325153374,0.361934477379095,0.625382262996942,0.348694316436252,0,0.671826625386997,0.683035714285714,0.644478063540091,0.371814092953523,0,0.646084337349398,0.735614307931571,0.643312101910828,0.632930513595166,0.636923076923077,0.497744360902256,0.649769585253456,0.391912908242613,0.649546827794562,0.361481481481481,0.680555555555556,0.553383458646617,0,0.631007751937985,0,0.648773006134969,0.635400907715582,0.45398773006135,0.649546827794562,0.651975683890577,0.632047477744807,0.63030303030303,0.430745814307458,0.577611940298507,0.715189873417722,0.65149136577708,0.439509954058193,0.361702127659574,0.638932496075353,0.671779141104294,0,0,0.596214511041009,0,0.6274217585693,0.533632286995516,0.657364341085271,0.651515151515151,0.64381520119225,0.619718309859155,0.570996978851964,0.6,0.625776397515528,0.619414483821264,0.685015290519878,0,0.667170953101362,0.503888024883359,0.664605873261206,0.368421052631579,0.428139183055976,0.637878787878788,0.646153846153846,0.653673163418291,0.703703703703704,0.627659574468085,0.661016949152542,0,0.414264036418816,0.685887708649469,0.642857142857143,0,0.627450980392157,0.653902798232695,0.660030627871363,0.603030303030303,0.632872503840246,0.638535031847134,0.613601236476043,0,0.666666666666667,0.640866873065015,0.653543307086614,0.365705614567527,0.659670164917541,0.634108527131783,0.630630630630631,0.648233486943164,0.660578386605784,0.376744186046512,0.687692307692308,0.620060790273556,0.370702541106129,0.361194029850746,0.460949464012251,0.351309707241911,0.476993865030675,0.69047619047619,0.379785604900459,0.372340425531915,0.360182370820669,0.679582712369598,0.372854914196568,0.650695517774343,0.00460829493087558,0.361538461538462,0,0.538102643856921,0.636363636363636,0.632465543644717,0.670212765957447,0,0.673501577287066,0.642201834862385,0.724458204334365,0.675883256528418,0.571870170015456,0.537383177570093,0.00606060606060606,0.6140625,0.444954128440367,0.715890850722311,0.671296296296296,0.373493975903614,0.657450076804916,0.367029548989114,0.443768996960486,0.641791044776119,0.639937106918239,0.661971830985915,0,0.665144596651446,0.648233486943164,0,0.365963855421687,0.667669172932331,0.649068322981366,0,0.375,0.363499245852187,0.648522550544324,0.706624605678233,0.369565217391304,0,0.609230769230769,0.645865834633385,0.731818181818182,0.569659442724458,0.681114551083591,0.652042360060514,0.368663594470046,0.635820895522388,0.626707132018209,0.367283950617284,0.642089093701997,0.634969325153374,0.648985959438378,0.632218844984802,0.496194824961948,0.663650075414781,0.592203898050975,0.6640625,0.637658227848101,0.0305343511450382,0.517774343122102,0.669242658423493,0.47239263803681,0.515695067264574,0.648148148148148,0.634259259259259,0.651376146788991,0.692551505546751,0.626888217522659,0.501552795031056,0.668683812405446,0.640746500777605,0,0.671171171171171,0.656298600311042,0.372340425531915,0.0303030303030303,0.371814092953523,0.61608497723824,0.381598793363499,0.371913580246914,0,0.532526475037821,0.640122511485452,0.397260273972603,0.645569620253165,0.688073394495413,0.644171779141104,0.567398119122257,0.574132492113565,0.641104294478528,0.585483870967742,0,0.661538461538462,0.373511904761905,0.399696048632219,0.517964071856287,0.626543209876543,0.36697247706422,0,0.685015290519878,0.377300613496933,0.392638036809816,0.60490045941807,0.620904836193448,0.53198127925117,0.63301282051282,0.621374045801527,0,0.643994211287988,0.365705614567527,0.632286995515695,0.642089093701997,0.643642072213501,0.382716049382716,0.649390243902439,0.363636363636364,0.629800307219662,0.830218068535826,0.648484848484848,0.650986342943854,0.633996937212864,0.586989409984871,0.640552995391705,0.626307922272048,0.377049180327869,0.384024577572965,0.632148377125193,0.621987951807229,0.551145038167939,0.631498470948012,0.660377358490566,0.667687595712098,0.636363636363636,0,0.447244094488189,0.632218844984802,0.369969040247678,0,0.670788253477589,0.0031055900621118,0.38828967642527,0.638680659670165,0.672333848531685,0.00155038759689922,0.662100456621005,0.583717357910906,0.651632970451011,0.351648351648352,0.63482280431433,0.623255813953488,0.606201550387597,0.674698795180723,0.811145510835913,0,0.487654320987654,0.656786271450858,0.626543209876543,0.607361963190184,0.625766871165644,0.638977635782748,0.3843797856049,0,0.636641221374046,0.636363636363636,0.657975460122699,0.63969465648855,0.3671875,0.682027649769585,0.503058103975535,0.492012779552716,0.00151057401812689,0.644757433489828,0.650695517774343,0.810318664643399,0,0.542857142857143,0.674809160305344,0.632530120481928,0.636363636363636,0.435555555555556,0,0,0.637554585152838,0.646176911544228,0,0.678353658536585,0.00463678516228748,0,0,0.635093167701863,0,0.643410852713178,0.664098613251156,0.645305514157973,0.627450980392157,0,0,0.632307692307692,0.644017725258493,0.701378254211332,0.377811094452774,0,0.650602409638554,0.67814371257485,0.629742033383915,0.625189681335357,0.578783151326053,0,0.627480916030534,0.366614664586583,0.6921875,0.412403100775194,0,0.379518072289157,0.446177847113885,0.557877813504823,0.629800307219662,0,0.693333333333333,0.669207317073171,0.637329286798179,0,0.40809968847352,0.61698717948718,0.365231259968102,0.641452344931921,0.638426626323752,0.383206106870229,0.627480916030534,0.58751902587519,0.682170542635659,0.377125193199382,0.489859594383775,0.637345679012346,0.00305810397553517,0.377675840978593,0.667660208643815,0.385466034755134,0.691222570532915,0.565485362095532,0,0.473846153846154,0.650393700787402,0.551145038167939,0.625757575757576,0.380952380952381,0.454545454545455,0.550793650793651,0.670133729569094,0.70414201183432,0.644615384615385,0.660990712074303,0,0.639939485627837,0.376876876876877,0.629800307219662,0.628751974723539,0.359820089955023,0.625748502994012,0.644274809160305,0.619631901840491,0.649691358024691,0.64339908952959,0.457627118644068,0.529411764705882,0.667168674698795,0.667687595712098,0,0,0.633956386292835,0.680981595092024,0.377329192546584,0.647515527950311,0.639393939393939,0.611872146118721,0.673879443585781,0.650621118012422,0.649624060150376,0,0.64624808575804,0.582298136645963,0.624242424242424,0.628086419753086,0,0.647149460708783,0.664098613251156,0.356589147286822,0.661490683229814,0.547655068078669,0.645588235294118,0.822884012539185,0.634873323397914,0.422960725075529,0.646129541864139,0.633996937212864,0.662079510703364,0.572755417956656,0.445801526717557,0.631498470948012,0.638680659670165,0.00151515151515152,0.685325264750378,0.592024539877301,0.515197568389058,0.731003039513678,0.632218844984802,0.603686635944701,0.632835820895522,0.151424287856072,0.379421221864952,0,0.697852760736196,0.358255451713396,0.348159509202454,0.522796352583587,0,0.648233486943164,0.646341463414634,0.638330757341577,0.627092846270928,0.434451219512195,0.363777089783282,0,0,0.511664074650078,0.42457231726283,0.469230769230769,0,0.36500754147813,0.607250755287009,0.170212765957447,0.580093312597201,0.644409937888199,0.661585365853659,0.628482972136223,0.85258358662614,1,0,0.64306784660767,0.612403100775194,0.643076923076923,0.673652694610778,0.644042232277526,0.741741741741742,0.00151975683890578,0.698461538461538,0.681481481481481,0,0.645833333333333,0.373292867981791,0.643659711075441,0.545038167938931,0,0.00306278713629403,0.682182985553772,0.753488372093023,0.362940275650842,0.469767441860465,0.00460829493087558,0,0.631811487481591,0.375963020030817,0.632090761750405,0.559939301972686,0.645739910313901,0.368740515933232,0.541856925418569,0.541085271317829,0.697347893915757,0.423197492163009,0.361153262518968,0,0.375572519083969,0,0.635958395245171,0.339144215530903,0.655882352941176,0.376744186046512,0.638065522620905,0,0.604790419161677,0.628086419753086,0.618320610687023,0,0.638972809667674,0,0.619565217391304,0.653030303030303,0,0.670180722891566,0.64741641337386,0.673879443585781,0.673946957878315,0.388719512195122,0,0.619266055045872,0.487767584097859,0,0.716012084592145,0.341317365269461,0.375189107413011,0.631083202511774,0.636075949367089,0.646176911544228,0.646341463414634,0.655226209048362,0,0.639570552147239,0.0121951219512195,0.588673621460507,0.51963746223565,0.632930513595166,0.636923076923077,0.643712574850299,0.640483383685801,0.0583717357910906,0.376360808709176,0.642857142857143,0.629909365558912,0.651975683890577,0.613394216133942,0.620060790273556,0.677321156773212,0,0,0.639175257731959,0,0.41238670694864,0.00155763239875389,0.654490106544901,0.500792393026941,0.504746835443038,0.483383685800604,0.640122511485452,0,0.426829268292683,0.633738601823708,0.653435114503817,0.845440494590417,0.617176128093159,0.468704512372635,0.473363774733638,0.654205607476635,0.350453172205438,0.442922374429224,0.670750382848392,0.497702909647779,0.658132530120482,0.374807987711214,0,0.359133126934985,0.580343213728549,0.622611464968153,0.643939393939394,0.532738095238095,0.645357686453577,0.68429003021148,0.626888217522659,0.675675675675676,0.651632970451011,0.643642072213501,0.626749611197512,0.630534351145038,0.641975308641975,0.63206106870229,0.377049180327869,0.374251497005988,0.684532924961715,0.0060790273556231,0.632592592592593,0.628012048192771,0,0.435257410296412,0,0.662557781201849,0,0.661608497723824,0.641653905053599,0.362095531587057,0.681047765793529,0.624620060790274,0.697347893915757,0.679447852760736,0.660522273425499,0,0,0.659810126582278,0.654970760233918,0.65284178187404,0,0,0.358490566037736,0.490254872563718,0.571209800918836,0,0.603030303030303,0,0.708268330733229,0.644305772230889,0.456521739130435,0.482035928143713,0,0.597826086956522,0.631419939577039,0.636636636636637,0.666163141993958,0.719568567026194,0.372519083969466,0.647425897035881,0.0414746543778802,0.629860031104199,0,0.650075414781297,0.00306748466257669,0.623052959501558,0.36979969183359,0.246467817896389,0,0,0.687595712098009,0.623052959501558,0.664661654135338,0.601208459214502,0.381872213967311,0.374617737003058,0.658536585365854,0.623318385650224,0,0.376744186046512,0.645608628659476,0,0.639751552795031,0.677177177177177,0.402457757296467,0.0215384615384615,0.359133126934985,0.633383010432191,0.582417582417582,0.40527950310559,0.417061611374408,0.423076923076923,0.694835680751174,0.414893617021277,0.635514018691589,0,0.680491551459293,0.625570776255708,0.00154559505409583,0,0.368731563421829,0,0.36322188449848,0.625757575757576,0.654631083202512,0.375389408099688,0.374805598755832,0.651090342679128,0.6578125,0.625,0.0272727272727273,0.378125,0.0596546310832025,0.0181543116490166,0,0.351766513056836,0.355855855855856,0.352484472049689,0.386850152905199,0.359398496240601,0.0280373831775701,0.0332326283987915,0.38145896656535,0.0184899845916795,0.00789889415481832,0.0396946564885496,0.0227963525835866,0.0348484848484849,0.376543209876543,0.0218408736349454,0.378548895899054,0.376543209876543,0.0185471406491499,0.36817472698908,0.0434131736526946,0.374429223744292,0.354642313546423,0.36849925705795,0.357142857142857
"597",0,0,0,0,0,0,0.0108024691358025,0,0,1,0,1,0,0,0,0,1,0.984423676012461,0,0,0,0,0,1,0,0,0,0.00159235668789809,0,0,0,0,0.00158478605388273,0,1,0,0.977029096477795,0,0,0,0.9984375,0.984662576687117,0.995412844036697,0,0,0,0,0,0,0,1,0,0,0,0.009375,0,1,0,0.00154320987654321,0,0,0,0,1,0,0,1,0,1,0,0,0,0,0,1,0.00151515151515152,0,0,0.00159489633173844,0,1,0,0,0,0,0,0,0,0.00459418070444104,0.989263803680982,0,0,1,1,0,1,0.0185471406491499,0,0.992272024729521,0.990697674418605,0.0077639751552795,1,0,0,0,0,0.989164086687306,0.00153139356814701,0,0,0,0.00934579439252336,0,0,1,0,0,1,0,0,1,0.00155763239875389,0,0,0,0,0,0,1,0.00460829493087558,0,0,0,1,0,0,1,0,0,0.00476947535771065,1,1,0,0,0,0,0,0,0,0,0,0,0,0,0,0,0,0,1,0,0.00301204819277108,0,0,1,0,0,0,0,0,0,0,0,0,0,0.00156985871271586,0,1,0,1,0,0,0,0,0,0,0,0,0,0,0,0,0,0,0.0137825421133231,1,1,0,0.998466257668712,0,0,0.00476947535771065,0,0,0,0,0,0,0,0.00153609831029186,1,0,0,0,0,0,0.00310077519379845,0,0,0.00155763239875389,0,0,1,0,0,0,1,0,0,0.00308166409861325,0,0,0,0.0185185185185185,1,0.00914634146341463,0,0,0,0,0,0,0,0,0,0,0,0,0,0,0,0,0,0,0,0,0,0,0,0.988958990536278,0,1,0.00470957613814757,0,0,0,1,0,0.00153609831029186,0,0,0,0,0.987577639751553,0,0,0,0,0,0,0,0,0,0,0.00784929356357928,1,0,0.009375,1,0,0.00764525993883792,0,1,0,0,0,0,0,1,0.015600624024961,0,0,0,0,0,0,0,0,0,0,0,0,0,0,0,0,0.00159235668789809,0,0.950769230769231,0,0,0,0,0,0,0,0,0,0,0,0,1,0,0.00789889415481832,0,0.949230769230769,0,0,0,0,1,0,0,0,0,0,0,0,0,0,0,1,0,0,0,0,0,0,1,0,0,0,0.00310077519379845,0,0,0,0,1,0,0,0,0,0,0,0,0,0,0,0,0,0.00312989045383412,0,0,0,0,0,0,0,0,0,0,0,0,1,0,0,0,1,0,0.988958990536278,0,0,0,0.995297805642633,0.00622083981337481,0,0,0,0,0,0,0,0,1,0,0,0,0,0,0,0,0.998444790046656,0,0,0,0,0,0.00313479623824451,0,0.0129449838187702,0.993788819875776,0,0,0,1,0,0.00153846153846154,0,0,0,1,1,0,0,1,0,0.990430622009569,1,1,0,1,0,0.00154083204930663,0.00455927051671732,0,1,1,0,0,0,0,0.998410174880763,0.0139103554868624,0,0,0,0,1,0,0,0.00158478605388273,0,1,0,0,0,0.00154320987654321,1,0,0,0,1,0,0,0,0,0,0,0,0,0,0,0.00159489633173844,0,0.990536277602524,0,0,0,0,0.0123456790123457,1,0,0.00317460317460317,0,0,0,0,0,0,0,0,0,1,0,0,0,0.00478468899521531,0,0,0,0,0,0,0,0,0,0.00771604938271605,1,1,0,0,0,0,0,0,0,0,0.0137404580152672,1,0,0.0154083204930663,0,0,1,0,0,0,0.00156985871271586,0,0,0,0,0,0.00157728706624606,0,0,0.01743264659271,0.0246153846153846,0,0,0.990839694656489,0,0,0,0,0,0,0,0.783866057838661,0,1,0.00155038759689922,0,0,0,1,0,0,0,0,0,0,1,1,0,0,0,1,0,0,0.555725190839695,0,0,0.00454545454545455,0,0,0,1,0,0,0,0.00151057401812689,0,0,0.989263803680982,0,0,1,0.00150602409638554,0,0,0,1,0.990839694656489,0,0,0,0,0.989180834621329,0.998394863563403,0,0,0,0,0,0,0,0,0.00326797385620915,0,0,0.998444790046656,0,1,0,0.149842271293375,0,0,0,1,0,0,0,1,0,1,0,0,1,0.0123839009287926,0,0,0.00157232704402516,0,1,0,0,1,0,0,0,0,0,0,0.0046875,0.00156494522691706,1,0,0.978494623655914,0.02,0,0,0,0,0,0.909647779479326,0,0,0,0,0,0,0,1,1,0,1,0,1,0,0,0,0,0,0.998466257668712,0,0,0,0,0,0,0,0,0,0,0,0,0,0,1,0,0.0174880763116057,0,0.0261538461538462,0,0,0.00308166409861325,0,0.00159235668789809,0,0,0,0,0,0,0,0,0.00307692307692308,0.987878787878788,0,0,1,0,1,0,1,0,0,0,0,0,0.0015625,0,0.0125984251968504,1,1,0,0,0,1,1,0,0,0,1,0,1,0,0,0.0328638497652582,0,1,0,0,0,0,0,0,0,0.89622641509434,0,1,0,0.992272024729521,0,0,0.361370716510903,1,1,0.00156985871271586,0,0.00457317073170732,0,0,0,0,0,1,0,0,1,0,0,0,0.959938366718028,0,0,0,0,0,0,0,0,0,1,0,0,0.996908809891808,1,0,1,0,0,0,0,0,0.00470219435736677,0.0031104199066874,0,0.946319018404908,0,0.898278560250391,0.970769230769231,1,0.161993769470405,0,0,0.00460829493087558,0,0.956318252730109,0.946319018404908,0,0.976635514018692,0.992025518341308,0.949074074074074,0.96937212863706,0.944272445820433,0,0.967692307692308,0,0,0.956043956043956,0,0.925531914893617,0,0.05320813771518,0,0
"598",0.996913580246914,1,0.970326409495549,0.935975609756098,0.981481481481482,1,0.888719512195122,0.971385542168675,1,0,1,0,0.564102564102564,1,0.0421052631578947,0.00744047619047619,0,0.0151057401812689,0.996974281391831,0.988023952095808,0.153046062407132,0.0276923076923077,0.991084695393759,0,0.954209748892171,0.242424242424242,0.115097159940209,0.986024844720497,0.467647058823529,0.700447093889717,0,0.692077727952167,0.767228177641654,0.288721804511278,0,1,0.0119402985074627,0.994020926756353,0.254385964912281,0.906389301634473,0,0.0177514792899408,0.00589970501474926,1,0.780864197530864,0.0213414634146341,0.5,0,0.469208211143695,0.132743362831858,0,0.992570579494799,0.270676691729323,1,0.879573170731707,0.157894736842105,0,0.975794251134644,0.962518740629685,0.904833836858006,0.289120715350224,0.431578947368421,0,0,0.903669724770642,0.829376854599407,0,0.989489489489489,0,0,0.856296296296296,0.00447093889716841,0.018018018018018,1,0,0.712797619047619,0.047976011994003,0.585329341317365,0.901538461538462,0.268057784911718,0,0.704309063893016,0.208579881656805,0.998500749625187,0.12012012012012,0.906666666666667,0.995548961424332,0.967310549777117,0.964071856287425,0.0116788321167883,0.984709480122324,1,0,0,0.974006116207951,0,0.292974588938714,0.982274741506647,0.00590841949778434,0.00745156482861401,0.603318250377074,0,0.2782874617737,1,0.108345534407028,1,0.0106707317073171,0.97583081570997,0,0.00600600600600601,0.00881057268722467,0.906441717791411,0.335832083958021,0.994038748137109,0,0.985096870342772,0.706146926536732,0,0,0.24390243902439,0,0.763277693474962,0.236722306525038,0.0763239875389408,0.97037037037037,0.140089418777943,0.996987951807229,0.998509687034277,0,0.536621823617339,0.937031484257871,0.496951219512195,0.990881458966565,0,0.998470948012232,0.0237037037037037,0,0.199692780337942,0.61890243902439,0.505376344086022,0,0,0.976119402985075,0.770392749244713,0.161189358372457,1,0.00742942050520059,0.922848664688427,0.423312883435583,0.981021897810219,0.139393939393939,0.987823439878234,1,0.845925925925926,0.995488721804511,0,1,0,0,0.74468085106383,0.87039764359352,0.981651376146789,0.0192878338278932,0,1,0.434049079754601,1,1,1,0.290510948905109,0.977678571428571,0.00151057401812689,0.949852507374631,0,0.895454545454546,0.353731343283582,0,0.985119047619048,0,0.847560975609756,1,0.128048780487805,0.983532934131736,0.949329359165425,0.991304347826087,0.973293768545994,0.0925373134328358,0.381656804733728,0.924031007751938,0.943683409436834,0.0542168674698795,0.0045045045045045,0.98,0.850074962518741,0,0,0.286370597243492,0,1,0.261447562776957,0.874432677760968,0.752212389380531,0.989644970414201,0.425339366515837,0.448584202682563,0.279816513761468,0.908132530120482,0.965045592705167,0.877037037037037,0,0.883861236802413,0.179173047473201,0.942684766214178,0,0.0705882352941176,0.526475037821483,0.977711738484398,0.976366322008863,0.828787878787879,0.998484848484849,0.890577507598784,0,0.0677710843373494,0.666169895678092,0.995461422087746,0,0.992647058823529,0.978165938864629,0.537764350453172,0.556221889055472,0.987951807228916,1,0.364188163884674,0,0.877761413843888,0.529680365296804,0.968602825745683,0,0.952662721893491,0.998487140695915,1,0.95565749235474,0.53125,0.00150602409638554,0.971514242878561,0.526002971768202,0.0043731778425656,0.00146627565982405,0.205438066465257,0,0.150914634146341,0.668630338733431,0,0.00447761194029851,0.0104166666666667,0.581120943952802,0.0381679389312977,0.982998454404946,0.0105740181268882,0,0,0.231354642313546,1,0.980568011958146,0.903903903903904,0,0.873456790123457,0.859281437125748,0.687022900763359,0.60655737704918,0.448012232415902,0.462235649546828,0.0104633781763827,1,0.101341281669151,0.712948517940718,0.961019490254873,0.0118694362017804,0.756352765321375,0.00150602409638554,0.130239520958084,1,1,0.8887171561051,0,0.639344262295082,0.878603945371775,0,0,0.894582723279649,0.977064220183486,0,0,0.00149925037481259,0.978494623655914,0.883435582822086,0,0,0.365963855421687,0.987730061349693,0.779585798816568,0.386806596701649,0.658610271903323,0.959090909090909,0.00899550224887556,1,1,0.0045662100456621,0.962518740629685,1,0.972093023255814,0.996983408748115,0.188536953242836,0.303437967115097,0.280120481927711,0.976923076923077,0.942097026604069,0.0528700906344411,0.267776096822995,0.974852071005917,0.155688622754491,0.313953488372093,0.993984962406015,0.996974281391831,0.967359050445104,0.69558599695586,0.998520710059172,0.251908396946565,0.959214501510574,0.996951219512195,0,0.317647058823529,0.540706605222734,0.0149925037481259,0.0579494799405646,0.00733137829912024,0.913946587537092,0.027027027027027,0,0,0.230194319880419,0.993855606758833,0.0760059612518629,0.984544049459042,0.971342383107089,0.986384266263237,0.279210925644917,0.280373831775701,0.678300455235205,0.465007776049767,0,0.824242424242424,0.0147275405007364,0.0384615384615385,0.188253012048193,1,0.00148588410104012,0,0.323442136498516,0.00884955752212389,0.0212443095599393,0.468986384266263,1,0.278890600924499,1,0.96969696969697,0,0.992805755395683,0,0.998527245949926,0.833333333333333,1,0.0136570561456753,0.975,0,0.876488095238095,0.702492211838006,0.943786982248521,0.984984984984985,0.996969696969697,0.282477341389728,0.96390977443609,1,0,0.0225903614457831,1,1,0.324283559577677,0.878518518518518,0.966981132075472,0.949101796407186,1,0,0.112135176651306,1,0.00151285930408472,0,0.967592592592593,0.00920245398773006,0.0458715596330275,1,0.969742813918306,0.00303951367781155,0.612557427258805,0.404833836858006,0.981679389312977,0.00152439024390244,0.878971255673222,0.996965098634294,0.362670713201821,0.608433734939759,0.785604900459418,0,0.157814871016692,0.974085365853659,0.998496240601504,0.43609022556391,1,0.976076555023923,0.0328849028400598,0.00150829562594268,0.98379970544919,0.993948562783661,0.950892857142857,0.688622754491018,0.00453857791225416,0.866057838660578,0.221565731166913,0.173076923076923,0.00605143721633888,0.621705426356589,0.606980273141123,0.60655737704918,0,0.290824261275272,0.915022761760243,0.645066273932253,0.519287833827893,0.0821325648414986,0,0,1,0.971935007385524,0,0.911808669656203,0.0120663650075415,0,0,0.998493975903614,0,1,0.773755656108597,0.515195369030391,1,0,0,0.992469879518072,0.962099125364432,0.726865671641791,0,0.00308166409861325,0.874260355029586,0.596701649175412,1,0.525222551928783,0.335375191424196,0,0.980568011958146,0,0.955927051671733,0.0924499229583975,0,0.010233918128655,0.116766467065868,0.487341772151899,0.971976401179941,0,0.951612903225806,0.977611940298508,1,0,0.0658499234303216,0.933544303797468,0.00469483568075117,1,1,0.00603318250377074,1,0.28657616892911,0.807866868381241,0.00906344410876133,0.164362519201229,0.957767722473605,0.00910470409711684,0,0.970631424375918,0.00305343511450382,0.668683812405446,0.383435582822086,0,0.12,0.732006125574273,0.247391952309985,0.973094170403587,0,0.134020618556701,0.465299684542587,0.944444444444444,0.884333821376281,0.965256797583082,0.749618320610687,0,0.982089552238806,0,0.966917293233083,0.381679389312977,0,1,1,1,0.619335347432024,0.983606557377049,0.137614678899083,0.186363636363636,0.949101796407186,0.86969696969697,0,0,0.99079754601227,0.936267071320182,0.0167173252279635,0.986175115207373,0.990950226244344,0.353204172876304,0.932307692307692,0.740399385560676,0.882789317507418,0,0.968133535660091,0.329803328290469,1,0.998491704374057,0,0.642748091603053,0.972307692307692,0,0.687975646879756,0.381520119225037,0.8,0.68,0.95900439238653,0.0882352941176471,0.979938271604938,1,0.978947368421053,0.292569659442724,0.0848484848484849,0.990963855421687,1,0.00599700149925037,0.785819793205318,0.460506706408346,0.260606060606061,0.76311844077961,1,0.884384384384384,1,0.109970674486804,0,0,0.819004524886878,0,0,0.27123695976155,0,0.987951807228916,0.905465288035451,0.998498498498498,0.994082840236686,0.0894187779433681,0,0,0,0.172307692307692,0.0781010719754977,0.162613981762918,0,0,1,0.00902255639097744,0.283536585365854,1,0.574212893553223,0.975384615384615,0.650746268656716,0.64306784660767,0,1,0.388467374810319,0.488888888888889,0.926686217008798,0.988217967599411,0.391304347826087,0.00907715582450832,0.953101361573374,0.955555555555556,0,0.964757709251101,0.0134128166915052,0.984251968503937,0.436390532544379,0,0.00898203592814371,0.5141065830721,0.832317073170732,0,0.128284389489954,0.0119760479041916,0,0.748905109489051,0.024132730015083,1,0.321114369501466,0.992711370262391,0,0.376296296296296,0.31619937694704,0.865237366003063,0.0902021772939347,0.00298953662182362,0.00149700598802395,0.0349544072948328,0,0.994152046783626,0.035548686244204,0.979502196193265,0.00458715596330275,1,0,0.514925373134328,0.461068702290076,1,0,1,0,0.396923076923077,0.991111111111111,0,0.634472511144131,0.981623277182236,0.728358208955224,0.946483180428135,0.0329835082458771,0,1,0.263237518910741,0,0.683976261127596,0,0.0178306092124814,1,1,0.991071428571429,0.96793893129771,0.978787878787879,0,0.974358974358974,0.0236686390532544,0.343567251461988,0.282089552238806,0.992492492492492,0.992492492492492,0.99406528189911,0.992424242424242,0.0582959641255605,0.010590015128593,0.98159509202454,0.956390977443609,0.718289085545723,0.984962406015038,1,0.969924812030075,0,0,0.979739507959479,0,0.0670640834575261,0,0.954887218045113,0.277950310559006,0.186728395061728,0.127596439169139,0.923896499238965,0,0.096969696969697,1,1,0.632683658170915,0.417758369723435,0.207492795389049,0.186390532544379,0.634703196347032,0,0.124251497005988,0.532835820895522,0.265957446808511,0.701470588235294,0.00900900900900901,0,0,0.314329738058552,1,0.620178041543027,0.219440353460972,0.619970193740686,0.875923190546529,0.986587183308495,0.962848297213622,0.978461538461538,1,0.998477929984779,0.547511312217195,0.417040358744395,1,0.00439882697947214,0.0102040816326531,0.873873873873874,0.0103703703703704,1,0.970059880239521,0,0.105263157894737,0,0.948484848484848,0,0.974550898203593,1,0.00594353640416048,0.843939393939394,1,0.642748091603053,0.614349775784753,0.871064467766117,0,0,0.930817610062893,0.944927536231884,0.988200589970501,0,0,0,0.238872403560831,0.51186943620178,0,0.454135338345865,0,0.922374429223744,1,0.155038759689922,0.236173393124066,0,0.337442218798151,0.587706146926537,0.86232980332829,0.96301775147929,0.769461077844311,0,0.986342943854325,0.0122887864823349,1,0,0.980769230769231,0.00895522388059702,1,0.0181268882175227,0.0108695652173913,0,0,0.824483775811209,0.930448222565688,0.936764705882353,0.729013254786451,0.0235294117647059,0.00610687022900763,0.82469512195122,0.832116788321168,0,0.0164917541229385,0.966966966966967,0,0.984662576687117,0.956586826347305,0.0625,0.0476900149031297,0.00302571860816944,1,0.466257668711656,0.0768049155145929,0.0990712074303406,0.113095238095238,0.698461538461538,0.099112426035503,1,0,0.765601217656012,0.982169390787519,0.0045045045045045,0,0,0,0,1,0.717987804878049,0,0,0.525114155251142,0.959090909090909,0.43134328358209,0.0513950073421439,0,0.0578386605783866,0.0134128166915052,0,0.0320121951219512,0.0043859649122807,0,0.00892857142857143,0,0.0548780487804878,0.062407132243685,0.0135135135135135,0.0135542168674699,0.0031201248049922,0.0192878338278932,0.017725258493353,0.062780269058296,0.00302571860816944,0.0179910044977511,0,0.00303030303030303,0.0494590417310665,0.00748502994011976,0.0206185567010309,0,0.0285285285285285,0.00142045454545455,0
"599",0.4016,0.396875,0.411490683229814,0.4432,0.391935483870968,0.393203883495146,0.4752,0.415064102564103,0.382445141065831,0,0.394568690095847,0,0.601880877742947,0.374592833876221,0.630914826498423,0.616954474097331,0,0.00644122383252818,0.401294498381877,0.413522012578616,0.770569620253165,0.61247947454844,0.391849529780564,0,0.44006309148265,0.631921824104234,0.656597774244833,0.395498392282958,0.68895800933126,0.598746081504702,0.616692426584235,0.583201267828843,0.560192616372392,0.619047619047619,0,0.38755980861244,0.0140845070422535,0.383411580594679,0.774691358024691,0.43613707165109,0.00160771704180064,0.0031055900621118,0.00153609831029186,0.394184168012924,0.548172757475083,0.627642276422764,0.58161648177496,0.619047619047619,0.640746500777605,0.665109034267913,0,0.388888888888889,0.740858505564388,0.379807692307692,0.487138263665595,0.652032520325203,0,0.411858974358974,0.423197492163009,0.472952086553323,0.611727416798732,0.694704049844237,0.610662358642973,0,0.480707395498392,0.531446540880503,0,0.382775119617225,0,0.611745513866232,0.474178403755869,0.608557844690967,0.621664050235479,0.385093167701863,0,0.606918238993711,0.634222919937206,0.595576619273302,0.4736,0.65593220338983,0,0.560371517027864,0.661442006269592,0.382306477093207,0.670926517571885,0.482919254658385,0.378930817610063,0.41390205371248,0.393700787401575,0,0.394863563402889,0.381789137380192,0,0,0.411954765751212,0,0.802839116719243,0.405705229793978,0.0031496062992126,0.00318979266347687,0.762135922330097,0,0.794830371567044,0.387358184764992,0.714285714285714,0.393841166936791,0,0.423380726698262,0.6144,0.610759493670886,0.61198738170347,0.456279809220986,0.640625,0.397476340694006,0,0.396850393700787,0.579617834394904,0,0.594637223974763,0.639291465378422,0,0.570739549839228,0.834920634920635,0.638297872340426,0.405864197530864,0.65891472868217,0.378716744913928,0.390205371248025,0,0.840189873417722,0.457413249211356,0.627035830618892,0.412238325281804,0,0.400326797385621,0.616822429906542,0,0.824281150159744,0.5376,0.828200972447326,0,0,0.402889245585875,0.5824,0.646864686468647,0.381558028616852,0.600961538461538,0.467948717948718,0.621970920840065,0.379416282642089,0.770967741935484,0.389067524115756,0.381260096930533,0.477987421383648,0.381180223285486,0.596774193548387,0.4,0.600953895071542,0,0.592295345104334,0.498447204968944,0.406299212598425,0.622257053291536,0,0.386398763523957,0.638436482084691,0.393739703459638,0.390127388535032,0.384244372990354,0.6046875,0.416403785488959,0.614649681528662,0.413846153846154,0.614678899082569,0.468152866242038,0.613312202852615,0,0.389154704944179,0,0.474418604651163,0.3890625,0.650641025641026,0.404423380726698,0.442675159235669,0.393343419062027,0.416149068322981,0.645669291338583,0.633956386292835,0.465460526315789,0.43739837398374,0.63968253968254,0.622222222222222,0.402555910543131,0.500787401574803,0,0,0.908945686900958,0.0016025641025641,0.395962732919255,0.658805031446541,0.487765089722675,0.513260530421217,0.396255850234009,0.975728155339806,0.653354632587859,0.86677367576244,0.418940609951846,0.399350649350649,0.481946624803768,0,0.508580343213729,0.787928221859706,0.431561996779388,0.602870813397129,0.622083981337481,0.847003154574132,0.40032154340836,0.399688958009331,0.525316455696203,0.391096979332273,0.4864,0,0.633802816901408,0.632398753894081,0.404494382022472,0,0.389937106918239,0.404354587869362,0.829073482428115,0.575806451612903,0.392063492063492,0.406099518459069,0.82018927444795,0,0.462365591397849,0.62379421221865,0.424590163934426,0.625194401244168,0.403726708074534,0.375806451612903,0.380348652931854,0.421725239616613,0.588976377952756,0.630225080385852,0.402535657686212,0.582417582417582,0.60741885625966,0.605633802816901,0.616747181964573,0.620031796502385,0.755700325732899,0.700468018720749,0.618441971383148,0.613207547169811,0.617460317460317,0.824261275272162,0.635024549918167,0.4176,0.00161030595813205,0.608626198083067,0,0.812199036918138,0.408,0.4,0.464342313787639,0,0.498407643312102,0.492957746478873,0.585987261146497,0.59717868338558,0.59967845659164,0.633116883116883,0.00157232704402516,0.368421052631579,0.714733542319749,0.574225122349103,0.411023622047244,0.631746031746032,0.613672496025437,0.63275039745628,0.633647798742138,0.399688958009331,0.384991843393148,0.488782051282051,0,0.754658385093168,0.455716586151369,0,0.61875,0.460218408736349,0.395498392282958,0,0.633228840125392,0.602803738317757,0.415730337078652,0.489533011272142,0.616,0,0.823717948717949,0.386942675159236,0.596875,0.632329635499208,0.68860353130016,0.404388714733542,0.606299212598425,0.388198757763975,0.381789137380192,0.613526570048309,0.417460317460317,0.390127388535032,0.421926910299003,0.38810641627543,0.645933014354067,0.742236024844721,0.856012658227848,0.402912621359223,0.420880913539967,0.0237717908082409,0.633440514469453,0.405797101449275,0.623809523809524,0.641421947449768,0.387147335423198,0.391585760517799,0.415094339622642,0.622977346278317,0.365891472868217,0.615136876006441,0.416149068322981,0.389694041867955,0,0.74414976599064,0.7776,0.613207547169811,0.0205047318611987,0.610510046367852,0.45226917057903,0.625585023400936,0.60731319554849,0,0.633757961783439,0.38755980861244,0.657142857142857,0.413793103448276,0.4192,0.394321766561514,0.881107491856677,0.878489326765189,0.584,0.601957585644372,0,0.519230769230769,0.610169491525424,0.611455108359133,0.749211356466877,0.398058252427184,0.606635071090047,0,0.744075829383886,0.616588419405321,0.634460547504026,0.624801271860095,0.387658227848101,0.64390243902439,0.396321070234114,0.398073836276083,0,0.38855421686747,0.61259842519685,0.391442155309033,0.530254777070064,0.400990099009901,0.62085308056872,0.404024767801858,0.606687898089172,0.460674157303371,0.578352180936995,0.444794952681388,0.41287284144427,0.382539682539683,0.848101265822785,0.417207792207792,0.380585516178737,0.610062893081761,0.616588419405321,0.37620578778135,0.388976377952756,0.630503144654088,0.446875,0.412645590682196,0.419968304278922,0.385220125786164,0,0.638126009693053,0.382775119617225,0.612903225806452,0,0.408723747980614,0.00163934426229508,0.609951845906902,0.376766091051805,0.41025641025641,0.00161290322580645,0.746031746031746,0.6128,0.405144694533762,0.594462540716612,0.450885668276973,0.386252045826514,0.719155844155844,0.803459119496855,0.532905296950241,0,0.774760383386581,0.395461912479741,0.405103668261563,0.590982286634461,0.386837881219904,0.403716216216216,0.6096,0,0.399375975039002,0.405448717948718,0.420472440944882,0.559748427672956,0.606687898089172,0.495161290322581,0.641269841269841,0.736227045075125,0.00160513643659711,0.623604465709729,0.66394779771615,0.608695652173913,0,0.649180327868852,0.456869009584665,0.590551181102362,0.592476489028213,0.632776934749621,0,0,0.380239520958084,0.402173913043478,0,0.461538461538462,0,0,0,0.367741935483871,0,0.409618573797678,0.632237871674491,0.85,0.386895475819033,0,0,0.390015600624025,0.422839506172839,0.602484472049689,0.61136712749616,0,0.496894409937888,0.792993630573248,0.4032,0.574534161490683,0.634615384615385,0,0.39906103286385,0.618573797678275,0.428571428571429,0.60291734197731,0,0.615503875968992,0.6512,0.613065326633166,0.403149606299213,0,0.456060606060606,0.403481012658228,0.365625,0,0.642740619902121,0.425460636515913,0.628099173553719,0.384976525821596,0.373065015479876,0.612341772151899,0.374009508716323,0.884126984126984,0.562998405103668,0.612540192926045,0.755663430420712,0.425867507886435,0.00166112956810631,0.621019108280255,0.409733124018838,0.622516556291391,0.642628205128205,0.603252032520325,0,0.675675675675676,0.552504038772213,0.850863422291994,0.412140575079872,0.605815831987076,0.659937888198758,0.643697478991597,0.433229813664596,0.459293394777266,0.416798732171157,0.56514657980456,0,0.400936037441498,0.613707165109034,0.397129186602871,0.825806451612903,0.618524332810047,0.372827804107425,0.388443017656501,0.375601926163724,0.535143769968051,0.390625,0.752396166134185,0.781299524564184,0.442879499217527,0.495283018867925,0,0,0.395799676898223,0.431818181818182,0.619281045751634,0.415481832543444,0.412044374009509,0.926751592356688,0.443910256410256,0.678288431061807,0.476043276661515,0,0.4048,0.810725552050473,0.397745571658615,0.390822784810127,0,0.62540192926045,0.41091492776886,0.607371794871795,0.60129659643436,0.613418530351438,0.515151515151515,0.577669902912621,0.416796267496112,0.623100303951368,0.40327868852459,0.394944707740916,0.407582938388626,0.800322061191626,0.675675675675676,0.387658227848101,0.386895475819033,0.00157728706624606,0.557993730407524,0.676656151419558,0.621621621621622,0.5456,0.384370015948963,0.447452229299363,0.391442155309033,0.177847113884555,0.606260296540362,0,0.512779552715655,0.614533965244866,0.602848101265823,0.652996845425868,0,0.404153354632588,0.458860759493671,0.391096979332273,0.395931142410016,0.629860031104199,0.626198083067093,0,0,0.752,0.631832797427653,0.636217948717949,0,0.608557844690967,0.374407582938389,0.264890282131661,0.898251192368839,0.404220779220779,0.779527559055118,0.402936378466558,0.594043887147335,0.612403100775194,0,0.388467374810319,1,0.942215088282504,0.45583596214511,0.389408099688474,0.735668789808917,0.00157728706624606,0.427662957074722,0.4375,0,0.395384615384615,0.617460317460317,0.397708674304419,0.646964856230032,0,0.00158478605388273,0.917922948073702,0.514469453376206,0.611374407582938,0.640322580645161,0.0016025641025641,0.00162866449511401,0.518518518518518,0.623376623376623,0.388157894736842,0.668769716088328,0.3890625,0.611801242236025,0.623622047244095,0.612211221122112,0.504918032786885,0.670491803278689,0.625776397515528,0.00158227848101266,0.62258064516129,0,0.394126738794436,0.557213930348259,0.39938080495356,0.616129032258064,0.386473429951691,0,0.580594679186229,0.682182985553772,0.391912908242613,0,0.389324960753532,0,0.64696223316913,0.404651162790698,0,0.725,0.395498392282958,0.496815286624204,0.421824104234528,0.620528771384137,0,0.385350318471338,0.615629984051037,0,0.597774244833068,0.605919003115265,0.619344773790952,0.383627608346709,0.381260096930533,0.375389408099688,0.408,0.416666666666667,0,0.429712460063898,0.00467289719626168,0.818181818181818,0.646129541864139,0.395534290271132,0.379746835443038,0.4078125,0.39622641509434,0.068362480127186,0.633757961783439,0.407224958949097,0.427892234548336,0.59375,0.407643312101911,0.37914691943128,0.410459587955626,0,0,0.41743119266055,0,0.624012638230648,0.00159489633173844,0.434645669291339,0.629324546952224,0.641935483870968,0.682316118935837,0.438003220611916,0.00156985871271586,0.699523052464229,0.3904,0.392063492063492,0.614285714285714,0.93815987933635,0.649847094801223,0.630434782608696,0.552166934189406,0.61128526645768,0.646031746031746,0.85553772070626,0.62843295638126,0.5703125,0.615023474178404,0,0.596774193548387,0.809369951534733,0.374203821656051,0.680511182108626,0.797527047913447,0.604133545310016,0.499222395023328,0.401263823064771,0.420880913539967,0.398387096774194,0.39708265802269,0.392857142857143,0.604395604395604,0.625786163522013,0.383540372670807,0.624806201550388,0.621913580246914,0.493650793650794,0.0015748031496063,0.389489953632148,0.3921875,0,0.663974151857835,0,0.415873015873016,0,0.403453689167975,0.393312101910828,0.613207547169811,0.5184,0.3824,0.741100323624595,0.747269890795632,0.5,0,0,0.42998352553542,0.444444444444444,0.412322274881517,0,0,0.604501607717042,0.617784711388456,0.623417721518987,0,0.605345911949686,0,0.440842787682334,0.394230769230769,0.682615629984051,0.661466458658346,0,0.652459016393443,0.561093247588424,0.459842519685039,0.421705426356589,0.6109375,0.610675039246468,0.414634146341463,0.0737179487179487,0.398692810457516,0,0.387944358578053,0,0.391442155309033,0.611290322580645,0.392914653784219,0,0,0.495283018867925,0.442088091353997,0.430769230769231,0.581395348837209,0.629860031104199,0.611821086261981,0.476874003189793,0.413685847589425,0,0.621236133122029,0.4064,0,0.394736842105263,0.418711656441718,0.638668779714738,0.0142405063291139,0.611464968152866,0.385220125786164,0.594155844155844,0.609250398724083,0.627642276422764,0.635646687697161,0.605263157894737,0.6513470681458,0.399355877616747,0,0.601612903225806,0.3950233281493,0,0,0.615501519756839,0,0.616242038216561,0.38810641627543,0.615008156606852,0.618357487922705,0.59967845659164,0.830917874396135,0.413290113452188,0.681388012618297,0.0235849056603774,0.620745542949757,0.065359477124183,0.0126382306477093,0,0.527910685805423,0.607963246554365,0.617263843648209,0.60596546310832,0.609448818897638,0.016,0.0247678018575851,0.613207547169811,0.0127591706539075,0.00162337662337662,0.0348101265822785,0.0201863354037267,0.0220820189274448,0.622820919175911,0.0220820189274448,0.604575163398693,0.617224880382775,0.0194489465153971,0.615748031496063,0.0513219284603421,0.604068857589984,0.589905362776025,0.622699386503067,0.608346709470305
"600",0.503174603174603,0.49445324881141,0.526315789473684,0.535598705501618,0.497576736672052,0.493485342019544,0.579872204472843,0.520064205457464,0.48531684698609,0,0.485133020344288,0,0.592767295597484,0.486970684039088,0.533333333333333,0.517405063291139,0,0.00650406504065041,0.493527508090615,0.510077519379845,0.680685358255452,0.512355848434926,0.499217527386541,0,0.55968992248062,0.560509554140127,0.574638844301766,0.502423263327948,0.704791344667697,0.692667706708268,0.514548238897397,0.646592709984152,0.634894991922456,0.581358609794629,0,0.486443381180223,0.0138674884437596,0.484375,0.704545454545455,0.55,0.00157728706624606,0.00463678516228748,0.00154320987654321,0.495238095238095,0.617405582922824,0.530377668308703,0.571205007824726,0.5086887835703,0.653963414634146,0.592933947772657,0,0.496865203761755,0.67651632970451,0.495207667731629,0.583333333333333,0.582258064516129,0,0.517741935483871,0.520376175548589,0.578864353312303,0.577287066246057,0.694227769110764,0.499186991869919,0,0.583468395461912,0.614906832298137,0,0.496012759170654,0,0.492776886035313,0.559006211180124,0.505564387917329,0.524720893141946,0.489230769230769,0,0.671361502347418,0.546439628482972,0.622848200312989,0.572347266881029,0.619127516778524,0,0.628086419753086,0.594135802469136,0.493023255813954,0.590764331210191,0.564742589703588,0.488853503184713,0.52276295133438,0.506269592476489,0,0.491961414790997,0.482866043613707,0,0,0.512903225806452,0,0.74414976599064,0.495297805642633,0.00312989045383412,0.00313971742543171,0.805337519623234,0,0.722852512155592,0.496,0.612307692307692,0.49672131147541,0,0.514150943396226,0.519543973941368,0.50788643533123,0.51033386327504,0.559429477020602,0.604761904761905,0.495238095238095,0,0.504,0.640944881889764,0,0.503184713375796,0.619047619047619,0,0.637958532695375,0.742811501597444,0.557536466774716,0.500768049155146,0.587869362363919,0.493769470404984,0.49607535321821,0,0.871473354231975,0.547021943573668,0.642628205128205,0.498392282958199,0,0.502415458937198,0.511664074650078,0,0.738362760834671,0.561797752808989,0.853462157809984,0,0,0.521943573667712,0.65814696485623,0.583196046128501,0.472668810289389,0.490506329113924,0.574534161490683,0.605431309904153,0.484423676012461,0.667741935483871,0.496087636932707,0.473941368078176,0.569206842923795,0.495207667731629,0.493589743589744,0.499210110584518,0.500792393026941,0,0.664,0.581288343558282,0.518167456556082,0.510869565217391,0,0.482059282371295,0.615883306320908,0.495081967213115,0.4875,0.496062992125984,0.56,0.508607198748044,0.513513513513513,0.514728682170543,0.511627906976744,0.567353407290016,0.576433121019108,0,0.495207667731629,0,0.552215189873418,0.497630331753554,0.572784810126582,0.510268562401264,0.533646322378717,0.496206373292868,0.5171875,0.573208722741433,0.607751937984496,0.563607085346216,0.539808917197452,0.555031446540881,0.513178294573643,0.51373182552504,0.592417061611374,0,0,0.824088748019017,0.00156739811912226,0.50231124807396,0.597200622083981,0.597087378640777,0.570542635658915,0.507621951219512,0.961904761904762,0.65149136577708,0.787066246056782,0.515772870662461,0.508661417322835,0.561622464898596,0,0.609375,0.689655172413793,0.540930979133226,0.498397435897436,0.538102643856921,0.8992,0.52373417721519,0.497667185069984,0.595541401273885,0.501582278481013,0.570287539936102,0,0.5328125,0.694573643410853,0.492776886035313,0,0.493808049535604,0.502318392581144,0.876777251184834,0.579029733959311,0.496050552922591,0.508169934640523,0.782608695652174,0,0.567278287461774,0.636070853462158,0.513957307060755,0.520700636942675,0.5,0.482594936708861,0.482059282371295,0.506349206349206,0.616822429906542,0.535545023696682,0.526232114467409,0.572784810126582,0.506891271056662,0.503048780487805,0.544444444444444,0.506329113924051,0.660225442834139,0.755795981452859,0.503937007874016,0.502347417840376,0.518808777429467,0.902140672782875,0.52520325203252,0.518225039619651,0.00157977883096367,0.496025437201908,0,0.731825525040388,0.516962843295638,0.5,0.555023923444976,0,0.579365079365079,0.587326120556414,0.643987341772152,0.632423756019262,0.584394904458599,0.62540192926045,0.00156739811912226,0.490291262135922,0.612954186413902,0.649093904448105,0.523349436392915,0.536163522012579,0.7184,0.513470681458003,0.557959814528594,0.510046367851623,0.495098039215686,0.585483870967742,0,0.877165354330709,0.568471337579618,0,0.507668711656442,0.574074074074074,0.500805152979066,0,0.521875,0.497645211930926,0.505672609400324,0.576923076923077,0.502431118314425,0,0.798107255520505,0.499197431781701,0.684129429892142,0.606973058637084,0.774038461538462,0.50462962962963,0.510046367851623,0.492307692307692,0.487538940809969,0.503961965134707,0.529141104294479,0.485668789808917,0.535073409461664,0.501567398119122,0.591194968553459,0.703937007874016,0.79140127388535,0.504051863857374,0.525368248772504,0.0263975155279503,0.618971061093248,0.511041009463722,0.526315789473684,0.631818181818182,0.499202551834131,0.503225806451613,0.513888888888889,0.6848,0.481424148606811,0.606851549755302,0.527821939586645,0.503961965134707,0,0.693721286370597,0.770226537216828,0.517350157728707,0.0262345679012346,0.504672897196262,0.5546875,0.522691705790297,0.512578616352201,0,0.583850931677019,0.490415335463259,0.565149136577708,0.50974025974026,0.527156549520767,0.5,0.799674267100977,0.795121951219512,0.633757961783439,0.588138385502471,0,0.605015673981191,0.512158054711246,0.518633540372671,0.661417322834646,0.504012841091493,0.514820592823713,0,0.705148205928237,0.511700468018721,0.541732283464567,0.607874015748031,0.49047619047619,0.6064,0.495867768595041,0.507109004739337,0,0.497751124437781,0.505494505494505,0.509954058192956,0.610759493670886,0.508914100486224,0.522292993630573,0.5234375,0.50392464678179,0.563664596273292,0.626016260162602,0.545031055900621,0.518341307814992,0.48489666136725,0.772292993630573,0.515151515151515,0.477449455676516,0.507692307692308,0.514195583596215,0.480952380952381,0.481832543443918,0.615262321144674,0.552590266875981,0.534090909090909,0.530612244897959,0.498447204968944,0,0.561488673139159,0.490445859872611,0.506349206349206,0,0.524038461538462,0.00158478605388273,0.502439024390244,0.490595611285266,0.518987341772152,0.00159235668789809,0.807017543859649,0.579710144927536,0.511006289308176,0.496763754045307,0.546042003231018,0.485436893203884,0.687400318979266,0.94006309148265,0.609677419354839,0,0.674121405750799,0.512,0.502384737678855,0.574132492113565,0.498432601880878,0.51414309484193,0.529411764705882,0,0.50547730829421,0.517295597484277,0.528,0.6234375,0.508914100486224,0.591276252019386,0.574132492113565,0.654882154882155,0.00157232704402516,0.640449438202247,0.70253164556962,0.648522550544324,0,0.607907742998353,0.537480063795853,0.626984126984127,0.61609907120743,0.540832049306626,0,0,0.486363636363636,0.515337423312883,0,0.565495207667732,0,0,0,0.472089314194577,0,0.519607843137255,0.734177215189873,0.886996904024768,0.503115264797508,0,0,0.483516483516484,0.525835866261398,0.670788253477589,0.504643962848297,0,0.587786259541985,0.911901081916538,0.508661417322835,0.556765163297045,0.599681020733652,0,0.499222395023328,0.504838709677419,0.532362459546926,0.523125996810207,0,0.504643962848297,0.581761006289308,0.596091205211726,0.501572327044025,0,0.542682926829268,0.516535433070866,0.482758620689655,0,0.551053484602917,0.520798668885191,0.538336052202284,0.491365777080063,0.47900466562986,0.510236220472441,0.477093206951027,0.805946791862285,0.685214626391097,0.514285714285714,0.672077922077922,0.528481012658228,0.00161812297734628,0.5078125,0.50314465408805,0.520900321543408,0.669316375198728,0.580128205128205,0,0.579527559055118,0.604575163398693,0.770932069510269,0.506289308176101,0.498407643312102,0.559375,0.647840531561462,0.536363636363636,0.552922590837283,0.515297906602254,0.631496062992126,0,0.508744038155803,0.511848341232227,0.510903426791277,0.791666666666667,0.508448540706605,0.482594936708861,0.501597444089457,0.478537360890302,0.563981042654028,0.510268562401264,0.650793650793651,0.685805422647528,0.55608214849921,0.584639498432602,0,0,0.514285714285714,0.530844155844156,0.51373182552504,0.516746411483254,0.507739938080495,0.861852433281005,0.563311688311688,0.761750405186386,0.580893682588598,0,0.518808777429467,0.77724358974359,0.493827160493827,0.480314960629921,0,0.671428571428571,0.519169329073482,0.507987220447284,0.648562300319489,0.592125984251968,0.59236641221374,0.628019323671498,0.523592085235921,0.537519142419602,0.502407704654896,0.498412698412698,0.50855365474339,0.740196078431373,0.582677165354331,0.5,0.493788819875776,0.00154798761609907,0.643081761006289,0.686520376175549,0.58213716108453,0.610328638497653,0.492088607594937,0.55591054313099,0.4984375,0.188180404354588,0.505067567567568,0,0.600953895071542,0.507177033492823,0.510971786833856,0.61128526645768,0,0.530063291139241,0.555205047318612,0.496062992125984,0.504643962848297,0.549844236760125,0.518927444794953,0,0,0.650974025974026,0.548231511254019,0.549606299212598,0,0.499217527386541,0.482758620689655,0.220496894409938,0.804761904761905,0.499197431781701,0.841269841269841,0.511041009463722,0.634945397815913,0.643076923076923,0,0.488888888888889,0.942215088282504,1,0.563664596273292,0.492236024844721,0.702660406885759,0.00154559505409583,0.526148969889065,0.545595054095827,0,0.492424242424242,0.510172143974961,0.502471169686985,0.626168224299065,0,0.00157728706624606,0.973509933774834,0.602218700475436,0.514376996805112,0.573505654281099,0.00157977883096367,0.00164203612479475,0.56969696969697,0.514331210191083,0.487644151565074,0.62111801242236,0.505409582689335,0.507020280811232,0.612852664576803,0.565008025682183,0.591346153846154,0.576158940397351,0.514728682170543,0.00155038759689922,0.533980582524272,0,0.499236641221374,0.458536585365854,0.50920245398773,0.505636070853462,0.488673139158576,0,0.580996884735203,0.690590111642743,0.49211356466877,0,0.489197530864198,0,0.61525974025974,0.509230769230769,0,0.788732394366197,0.504792332268371,0.553945249597424,0.523424878836834,0.530864197530864,0,0.49609984399376,0.579710144927536,0,0.652241112828439,0.50693374422188,0.521943573667712,0.495176848874598,0.485576923076923,0.486780715396579,0.503215434083601,0.512,0,0.524486571879937,0.0062992125984252,0.782407407407407,0.5984375,0.504,0.4848,0.507716049382716,0.500782472613459,0.0630914826498423,0.520634920634921,0.508972267536705,0.535545023696682,0.644409937888199,0.516535433070866,0.486821705426357,0.518808777429467,0,0,0.521276595744681,0,0.532915360501567,0.00159744408945687,0.537267080745342,0.580750407830343,0.577106518282989,0.608695652173913,0.534621578099839,0.00154559505409583,0.599369085173502,0.493690851735016,0.498422712933754,0.660347551342812,0.926380368098159,0.600600600600601,0.5578125,0.580847723704867,0.504702194357367,0.564945226917058,0.921850079744817,0.610576923076923,0.625386996904025,0.516380655226209,0,0.488038277511962,0.760129659643436,0.477272727272727,0.712050078247261,0.720930232558139,0.638230647709321,0.59190031152648,0.506191950464396,0.537953795379538,0.498412698412698,0.493548387096774,0.494417862838915,0.631911532385466,0.599686028257457,0.49047619047619,0.517774343122102,0.517829457364341,0.58609794628752,0.00155038759689922,0.488408037094281,0.508607198748044,0,0.581967213114754,0,0.520700636942675,0,0.507836990595611,0.5,0.514866979655712,0.616613418530351,0.488372093023256,0.799679487179487,0.790625,0.610576923076923,0,0,0.538714991762768,0.555219364599092,0.5046875,0,0,0.503974562798092,0.59594383775351,0.635930047694754,0,0.607255520504732,0,0.5376,0.49211356466877,0.5984,0.611197511664075,0,0.618819776714514,0.586538461538462,0.558917197452229,0.513097072419106,0.70125786163522,0.509463722397476,0.50801282051282,0.0666666666666667,0.495145631067961,0,0.490825688073394,0,0.494290375203915,0.5,0.325358851674641,0,0,0.582018927444795,0.54066985645933,0.533541341653666,0.686520376175549,0.525345622119816,0.511182108626198,0.54675118858954,0.499227202472952,0,0.517515923566879,0.511182108626198,0,0.5,0.520569620253165,0.54416403785489,0.020440251572327,0.496835443037975,0.492163009404389,0.583198707592892,0.526148969889065,0.531502423263328,0.548286604361371,0.662884927066451,0.57433489827856,0.507154213036566,0,0.666136724960254,0.495297805642633,0,0,0.510703363914373,0,0.520440251572327,0.488262910798122,0.660194174757282,0.518341307814992,0.507987220447284,0.876006441223833,0.52,0.67398119122257,0.0294117647058824,0.505672609400324,0.0676328502415459,0.0140405616224649,0,0.443561208267091,0.512232415902141,0.501607717041801,0.509433962264151,0.509954058192956,0.0224,0.0341085271317829,0.513470681458003,0.0140845070422535,0.00487012987012987,0.0365079365079365,0.0187207488299532,0.0297339593114241,0.5184,0.0205047318611987,0.5,0.514150943396226,0.024232633279483,0.518053375196232,0.0553846153846154,0.501572327044025,0.491283676703645,0.525190839694657,0.497622820919176
"601",0.928792569659443,0.914110429447853,0.944108761329305,0.910216718266254,0.921630094043887,0.921259842519685,0.96,0.933846153846154,0.914503816793893,0.00630914826498423,0.919876733436055,0.00605143721633888,0.614567526555387,0.922360248447205,0.11178247734139,0.0928462709284627,0.00449101796407186,0.0184331797235023,0.919811320754717,0.916795069337442,0.226646248085758,0.0971786833855799,0.912442396313364,0.00302571860816944,0.894977168949772,0.315384615384615,0.186046511627907,0.91601866251944,0.53003003003003,0.731297709923664,0.0778625954198473,0.73820395738204,0.800933125972006,0.349544072948328,0.00455235204855842,0.923676012461059,0.0224887556221889,0.911144578313253,0.335276967930029,0.854354354354354,0.0062111801242236,0.0183206106870229,0.0121951219512195,0.923676012461059,0.794348508634223,0.0933125972006221,0.530959752321981,0.0569230769230769,0.531531531531532,0.21044776119403,0.00613496932515337,0.918181818181818,0.344563552833078,0.920560747663551,0.961059190031153,0.224299065420561,0.00471698113207547,0.892523364485981,0.961948249619482,0.901812688821752,0.349157733537519,0.482549317147193,0.0727554179566563,0.0046801872074883,0.848818897637795,0.787461773700306,0.00458715596330275,0.909937888198758,0.00304878048780488,0.0762052877138414,0.807283763277693,0.0753846153846154,0.0851393188854489,0.927382753403933,0.00301659125188537,0.761329305135952,0.118003025718608,0.596676737160121,0.941548183254344,0.33063209076175,0.00470957613814757,0.746606334841629,0.265671641791045,0.91578947368421,0.183890577507599,0.897897897897898,0.914241960183767,0.910606060606061,0.903759398496241,0.0134932533733133,0.914860681114551,0.916158536585366,0.00470219435736677,0.00458015267175573,0.910077519379845,0.00460122699386503,0.378012048192771,0.90990990990991,0.0106870229007634,0.0154320987654321,0.672256097560976,0.00461538461538462,0.361408882082695,0.923794712286159,0.168908819133034,0.920436817472699,0.014018691588785,0.947611710323575,0.07981220657277,0.0856269113149847,0.0755287009063444,0.962732919254658,0.390505359877489,0.910493827160494,0.00622083981337481,0.932618683001531,0.762121212121212,0.00603318250377074,0.0743550834597876,0.289473684210526,0.00596125186289121,0.807153965785381,0.314112291350531,0.142405063291139,0.917293233082707,0.204545454545455,0.919452887537994,0.927710843373494,0.00615384615384615,0.609422492401216,0.90937019969278,0.521806853582555,0.913446676970634,0.00606980273141123,0.912908242612753,0.094311377245509,0.00606060606060606,0.279874213836478,0.625570776255708,0.578125,0.0062111801242236,0.00628930817610063,0.927051671732523,0.772519083969466,0.228260869565217,0.916158536585366,0.0753846153846154,0.896656534954407,0.486656200941915,0.926756352765321,0.2046875,0.911901081916538,0.925349922239502,0.811836115326252,0.921898928024502,0.0623052959501558,0.918918918918919,0.0682170542635659,0.00611620795107034,0.733229329173167,0.938897168405365,0.910606060606061,0.0940298507462687,0.00604229607250755,0.922619047619048,0.517295597484277,0.913249211356467,0.920122887864823,0.91981845688351,0.34575260804769,0.931506849315068,0.0723076923076923,0.905970149253731,0.0734214390602056,0.962848297213622,0.420814479638009,0.00464396284829721,0.912037037037037,0.0060790273556231,0.809230769230769,0.922018348623853,0.187692307692308,0.921921921921922,0.894495412844037,0.917417417417417,0.910334346504559,0.173192771084337,0.433681073025335,0.894899536321484,0.893353941267388,0.123664122137405,0.081039755351682,0.933125972006221,0.946727549467275,0.00297176820208024,0.00463678516228748,0.372881355932203,0.0045662100456621,0.92065868263473,0.316742081447964,0.96411856474259,0.735963581183611,0.921921921921922,0.497674418604651,0.471212121212121,0.359937402190923,0.87906976744186,0.89409984871407,0.921804511278196,0.0060882800608828,0.844311377245509,0.246894409937888,0.907232704402516,0.0816640986132511,0.14050822122571,0.588055130168453,0.923780487804878,0.926646706586826,0.860896445131376,0.92156862745098,0.851908396946565,0.00306278713629403,0.140030441400304,0.690690690690691,0.918083462132921,0.0060790273556231,0.914414414414414,0.935338345864662,0.606758832565284,0.573394495412844,0.91705069124424,0.921974522292994,0.442546583850932,0.00625978090766823,0.954819277108434,0.573415765069552,0.940438871473354,0.0803030303030303,0.896396396396396,0.929555895865237,0.922018348623853,0.884914463452566,0.558208955223881,0.0785824345146379,0.935285053929122,0.547511312217195,0.0703592814371257,0.0798816568047337,0.26875,0.0717557251908397,0.210769230769231,0.721139430284858,0.0674846625766871,0.0804248861911988,0.0867579908675799,0.642215568862275,0.108150470219436,0.912037037037037,0.0154083204930663,0.0706605222734255,0.00453857791225416,0.290571870170015,0.928012519561815,0.904468412942989,0.862174578866769,0.00455235204855842,0.945141065830721,0.815037593984962,0.732307692307692,0.648318042813456,0.513056835637481,0.479198767334361,0.0153609831029186,0.923195084485407,0.179059180576631,0.747619047619048,0.935681470137825,0.0800604229607251,0.787136294027565,0.0823170731707317,0.189189189189189,0.927407407407407,0.919003115264797,0.959183673469388,0.00448430493273543,0.692537313432836,0.956656346749226,0.0062015503875969,0.0731707317073171,0.964232488822653,0.941538461538462,0.00301659125188537,0.0723076923076923,0.0727272727272727,0.937402190923318,0.891509433962264,0.0764430577223089,0.00311526479750779,0.472012102874433,0.932307692307692,0.824242424242424,0.442901234567901,0.703076923076923,0.900302114803625,0.0769230769230769,0.923652694610778,0.916666666666667,0.0749235474006116,0.905487804878049,0.922480620155039,0.909797822706065,0.926605504587156,0.239757207890744,0.385321100917431,0.366818873668189,0.946540880503145,0.889235569422777,0.0553846153846154,0.311627906976744,0.933744221879815,0.207317073170732,0.350148367952522,0.935681470137825,0.926380368098159,0.92156862745098,0.71608832807571,0.908545727136432,0.289269051321928,0.936936936936937,0.922600619195046,0.00460122699386503,0.392424242424242,0.6140625,0.0851063829787234,0.0587349397590361,0.0783132530120482,0.869230769230769,0.099388379204893,0.0665634674922601,0.00602409638554217,0.286149162861492,0.921174652241113,0.148091603053435,0.936305732484076,0.947692307692308,0.928353658536585,0.353677621283255,0.348101265822785,0.673879443585781,0.5,0.0045045045045045,0.804915514592934,0.0849772382397572,0.106707317073171,0.283559577677225,0.918495297805643,0.0726172465960666,0.00606060606060606,0.403007518796992,0.0887573964497041,0.0883720930232558,0.524464831804281,0.914860681114551,0.332283464566929,0.928125,0.897709923664122,0.0060882800608828,0.926686217008798,0.0584707646176912,0.923652694610778,0.802431610942249,0.915873015873016,0.0925644916540212,0.908132530120482,0.0703363914373089,0.841704718417047,0.733542319749216,0.885885885885886,0.935240963855422,0.917557251908397,0.35474006116208,0.890076335877863,0.918154761904762,0.0780780780780781,0.0910470409711684,0.923913043478261,0.918586789554531,0.386503067484663,0.829305135951662,0.905144694533762,0.895136778115502,0.924812030075188,0.00309119010819165,0.1765625,0.917304747320061,0.0728682170542636,0.00625978090766823,0.947122861586314,0.010989010989011,0.110769230769231,0.91981845688351,0.941358024691358,0.0078003120124805,0.674884437596302,0.465648854961832,0.929906542056075,0.0721003134796238,0.824615384615385,0.913112164296998,0.431221020092736,0.653495440729483,0.828438948995363,0.00459418070444104,0.223765432098765,0.942457231726283,0.921174652241113,0.480974124809741,0.931297709923664,0.899521531100478,0.0955993930197269,0.00601503759398496,0.922374429223744,0.920367534456355,0.911854103343465,0.695522388059701,0.0791925465838509,0.941176470588235,0.287878787878788,0.2508038585209,0.0121028744326778,0.6421875,0.62015503875969,0.657099697885196,0.00455927051671732,0.348726114649682,0.936825885978428,0.658054711246201,0.568215892053973,0.154992548435171,0.00603318250377074,0.0060882800608828,0.91776798825257,0.899700598802395,0.00449101796407186,0.922256097560976,0.015552099533437,0.00452488687782805,0.00625,0.924846625766871,0.00300751879699248,0.929245283018868,0.78419452887538,0.583952451708767,0.919881305637982,0.00464396284829721,0.0015625,0.921450151057402,0.902222222222222,0.742813918305598,0.0743550834597876,0.0077639751552795,0.962292609351433,0.659090909090909,0.937019969278034,0.550151975683891,0.417565485362096,0.00606060606060606,0.913373860182371,0.075968992248062,0.932203389830508,0.148837209302326,0.00599700149925037,0.0784023668639053,0.190251572327044,0.497607655502392,0.903030303030303,0.0060790273556231,0.922503725782414,0.91981845688351,0.924924924924925,0.0061633281972265,0.145285935085008,0.869918699186992,0.0758293838862559,0.918057663125948,0.920060331825038,0.0793893129770992,0.915384615384615,0.366666666666667,0.820395738203957,0.0864197530864197,0.232227488151659,0.90381679389313,0.0139103554868624,0.0812883435582822,0.934032983508246,0.0867507886435331,0.684952978056426,0.453292496171516,0.00602409638554217,0.177641653905054,0.784037558685446,0.333843797856049,0.919876733436055,0.0719754977029096,0.207575757575758,0.47588424437299,0.898355754857997,0.903323262839879,0.898773006134969,0.735109717868339,0.00458715596330275,0.901065449010654,0.0712121212121212,0.890076335877863,0.464968152866242,0.0686567164179104,0.924585218702866,0.931993817619784,0.922118380062305,0.629742033383915,0.931818181818182,0.198473282442748,0.261538461538462,0.893778452200303,0.960606060606061,0.0060882800608828,0.00462962962962963,0.916537867078825,0.885400313971743,0.0938461538461538,0.927244582043344,0.922038980509745,0.42530487804878,0.916535433070866,0.742283950617284,0.960902255639098,0.00449101796407186,0.913713405238829,0.41185647425897,0.93030303030303,0.923664122137405,0.00593471810089021,0.649769585253456,0.940809968847352,0.0777439024390244,0.726851851851852,0.42530487804878,0.767062314540059,0.726134585289515,0.882962962962963,0.155120481927711,0.938679245283019,0.918711656441718,0.934749620637329,0.382075471698113,0.166153846153846,0.923780487804878,0.92814371257485,0.0105740181268882,0.783783783783784,0.490963855421687,0.302395209580838,0.814701378254211,0.917177914110429,0.846749226006192,0.915773353751914,0.152466367713004,0.0770440251572327,0.00597907324364723,0.873846153846154,0.0712074303405573,0.0821917808219178,0.326717557251908,0.00617283950617284,0.917933130699088,0.88455772113943,0.922492401215805,0.91969696969697,0.160550458715596,0.0779816513761468,0.00446428571428571,0.0045662100456621,0.2398753894081,0.151937984496124,0.221362229102167,0.00457317073170732,0.0713201820940819,0.920489296636086,0.0434131736526946,0.357585139318885,0.918238993710692,0.632776934749621,0.89922480620155,0.70257966616085,0.673652694610778,0.00151057401812689,0.926686217008798,0.45583596214511,0.563664596273292,1,0.930091185410334,0.46015037593985,0.0121580547112462,0.921130952380952,0.922734026745914,0.00303030303030303,0.88822652757079,0.0888208269525268,0.910543130990415,0.463414634146341,0.00463678516228748,0.013953488372093,0.596491228070175,0.866666666666667,0.0721966205837174,0.199367088607595,0.016793893129771,0.00626959247648903,0.755917159763314,0.0963302752293578,0.928,0.383458646616541,0.934328358208955,0.0692771084337349,0.425757575757576,0.361934477379095,0.932496075353218,0.159489633173844,0.0854961832061069,0.00768049155145929,0.117465224111283,0.00601503759398496,0.926756352765321,0.0901898734177215,0.939259259259259,0.0820668693009119,0.920886075949367,0.00451127819548872,0.561270801815431,0.524844720496894,0.91820987654321,0.00476190476190476,0.924471299093656,0.00625978090766823,0.444620253164557,0.922503725782414,0.0060790273556231,0.710644677661169,0.9203125,0.734254992319508,0.938485804416404,0.0990990990990991,0.00458015267175573,0.926380368098159,0.311145510835913,0.00449101796407186,0.742081447963801,0.0738552437223043,0.0970149253731343,0.918238993710692,0.922839506172839,0.91324200913242,0.891975308641975,0.91304347826087,0.00460122699386503,0.91271056661562,0.0285285285285285,0.43267776096823,0.342024539877301,0.91679273827534,0.914241960183767,0.922388059701493,0.913897280966767,0.0596330275229358,0.0842266462480858,0.926868044515103,0.898507462686567,0.707207207207207,0.906060606060606,0.921331316187595,0.938650306748466,0.00600600600600601,0.00297176820208024,0.910294117647059,0.00597014925373134,0.127659574468085,0.00458015267175573,0.923896499238965,0.321711568938193,0.266457680250784,0.19578313253012,0.869767441860465,0.00609756097560976,0.1875,0.9209726443769,0.921686746987952,0.68960244648318,0.491923641703377,0.274193548387097,0.231797919762259,0.644409937888199,0.0728376327769348,0.178461538461538,0.612557427258805,0.304212168486739,0.708520179372197,0.0840978593272171,0.00619195046439629,0.0645161290322581,0.399068322981366,0.92259083728278,0.688922610015175,0.298953662182362,0.641538461538462,0.948948948948949,0.907046476761619,0.933544303797468,0.919254658385093,0.921974522292994,0.927786499215071,0.586259541984733,0.475409836065574,0.926380368098159,0.0769230769230769,0.091044776119403,0.933641975308642,0.014903129657228,0.914285714285714,0.897125567322239,0.00613496932515337,0.187993680884676,0.00306278713629403,0.908396946564885,0.00308641975308642,0.922844175491679,0.923780487804878,0.0759878419452888,0.844615384615385,0.921092564491654,0.71583850931677,0.676829268292683,0.9609375,0.00455235204855842,0.00460829493087558,0.9136,0.91899852724595,0.925644916540212,0.00449101796407186,0.00151975683890578,0.0742496050552923,0.288288288288288,0.512898330804249,0.00451127819548872,0.499234303215926,0.00300751879699248,0.888544891640867,0.9203125,0.231366459627329,0.297014925373134,0.00443786982248521,0.387247278382582,0.60061919504644,0.818456883509834,0.939485627836611,0.806060606060606,0.0687022900763359,0.929797191887676,0.0232198142414861,0.916535433070866,0.0031104199066874,0.931034482758621,0.00910470409711684,0.917956656346749,0.086286594761171,0.0604651162790698,0.00606980273141123,0.00469483568075117,0.859541984732824,0.857142857142857,0.958083832335329,0.718140929535232,0.0974889217134417,0.0839813374805599,0.795348837209302,0.781437125748503,0.00465116279069767,0.0871559633027523,0.9,0.00152671755725191,0.903276131045242,0.944444444444444,0.124054462934947,0.0488549618320611,0.0751533742331288,0.922256097560976,0.510046367851623,0.145061728395062,0.163751987281399,0.170437405731523,0.731895223420647,0.166666666666667,0.925925925925926,0.00618238021638331,0.751533742331288,0.895136778115502,0.0108864696734059,0.00612557427258806,0.069423929098966,0.00458015267175573,0.0857580398162328,0.919083969465649,0.712025316455696,0.0647709320695103,0.0785824345146379,0.603125,0.975270479134467,0.495495495495495,0.0566318926974665,0.0758513931888545,0.0670826833073323,0.022354694485842,0.00611620795107034,0.0924499229583975,0.0823529411764706,0.0667701863354037,0.0926756352765321,0.0744047619047619,0.0553846153846154,0.0632530120481928,0.0878787878787879,0.0198776758409786,0.0078125,0.0305810397553517,0.0226586102719033,0.0664652567975831,0.0832049306625578,0.0227963525835866,0.0753532182103611,0.0835913312693498,0.0527131782945736,0.0732824427480916,0.0301204819277108,0.0754147812971342,0.0987841945288754,0.0679468242245199,0.0704441041347626
"602",0.988941548183254,0.98936170212766,0.978494623655914,0.946456692913386,0.987301587301587,0.990610328638498,0.891509433962264,0.981510015408321,0.987860394537178,0,0.989393939393939,0,0.566820276497696,0.988924050632911,0.0547112462006079,0.0167427701674277,0,0.0138461538461538,0.984544049459042,0.978328173374613,0.168224299065421,0.0469255663430421,0.974164133738602,0,0.945121951219512,0.255813953488372,0.11609907120743,0.982594936708861,0.461538461538462,0.684532924961715,0.0107033639143731,0.69218989280245,0.777604976671851,0.306278713629403,0,0.987635239567233,0.0184049079754601,0.984756097560976,0.262368815592204,0.892261001517451,0.0015600624024961,0.0137614678899083,0.00611620795107034,0.987596899224806,0.783783783783784,0.031496062992126,0.510802469135803,0.00938967136150235,0.458083832335329,0.127465857359636,0,0.984350547730829,0.280674846625767,0.986153846153846,0.882534775888717,0.170846394984326,0,0.96417445482866,0.967840735068913,0.912844036697248,0.305007587253414,0.436555891238671,0.0112,0,0.89873417721519,0.830769230769231,0,0.976923076923077,0,0.00782472613458529,0.855842185128983,0.0138036809815951,0.0265210608424337,0.990825688073395,0,0.720610687022901,0.0576631259484067,0.567484662576687,0.913522012578616,0.274350649350649,0,0.713629402756508,0.208144796380091,0.986259541984733,0.114728682170543,0.907715582450832,0.986217457886677,0.969834087481146,0.960665658093797,0.0119047619047619,0.979969183359014,0.987673343605547,0,0,0.962382445141066,0,0.298937784522003,0.975609756097561,0.00758725341426404,0.00923076923076923,0.61171032357473,0,0.281931464174455,0.9859375,0.0990853658536585,0.988941548183254,0.010752688172043,0.984591679506934,0.0125588697017268,0.0170015455950541,0.0212443095599393,0.90894819466248,0.3328173374613,0.980182926829268,0,0.992492492492492,0.717125382262997,0,0.0106544901065449,0.231240428790199,0,0.771875,0.253048780487805,0.0873015873015873,0.970542635658915,0.155688622754491,0.984848484848485,0.989247311827957,0,0.543778801843318,0.937984496124031,0.487460815047022,0.977917981072555,0,0.985781990521327,0.0331825037707391,0,0.213395638629283,0.630265210608424,0.522012578616352,0,0,0.988005997001499,0.763975155279503,0.154952076677316,0.989197530864197,0.0185471406491499,0.926605504587156,0.4288,0.983433734939759,0.140625,0.978428351309707,0.990654205607477,0.831070889894419,0.987878787878788,0.0110935023771791,0.990811638591118,0.0124031007751938,0,0.743390357698289,0.880121396054628,0.966049382716049,0.0302571860816944,0,0.989296636085627,0.45839874411303,0.990476190476191,0.989247311827957,0.989280245022971,0.295625942684766,0.986301369863014,0.0139968895800933,0.954682779456193,0.0104477611940299,0.914196567862715,0.367283950617284,0,0.975572519083969,0,0.839449541284404,0.986259541984733,0.129337539432177,0.981679389312977,0.944186046511628,0.982248520710059,0.966463414634146,0.1,0.376701966717095,0.924528301886792,0.946708463949843,0.0644171779141104,0.0168970814132104,0.982677165354331,0.861911987860395,0,0,0.297045101088647,0.00153139356814701,0.986425339366516,0.258805513016845,0.878548895899054,0.753799392097264,0.993939393939394,0.440809968847352,0.437689969604863,0.291866028708134,0.914596273291925,0.959438377535101,0.891271056661562,0,0.874613003095975,0.182829888712242,0.950078003120125,0.0108024691358025,0.0708898944193062,0.533950617283951,0.964396284829721,0.981900452488688,0.842266462480858,0.990909090909091,0.895865237366003,0,0.0766871165644172,0.658573596358118,0.98755832037325,0,0.980509745127436,0.980332829046899,0.550613496932515,0.559875583203733,0.978560490045942,0.986046511627907,0.363354037267081,0,0.887878787878788,0.51937984496124,0.977491961414791,0.00924499229583975,0.963691376701967,0.9921875,0.989197530864197,0.951937984496124,0.52833078101072,0.0109717868338558,0.979938271604938,0.534562211981567,0.0163447251114413,0.0120845921450151,0.205564142194745,0.0122324159021407,0.156398104265403,0.686274509803922,0.00772797527047913,0.0153846153846154,0.0184331797235023,0.590563165905632,0.0478395061728395,0.974960876369327,0.0125195618153365,0.00930232558139535,0,0.22706065318818,0.9890625,0.973886328725038,0.90381679389313,0,0.884493670886076,0.851908396946565,0.690880989180835,0.590266875981162,0.448916408668731,0.453271028037383,0.012326656394453,0.9890625,0.102134146341463,0.703525641025641,0.967340590979782,0.0168195718654434,0.744582043343653,0.0123456790123457,0.12937595129376,0.987951807228916,0.990384615384615,0.895800933125972,0,0.642424242424242,0.881804043545879,0,0.00921658986175115,0.893778452200303,0.98755832037325,0,0.0122137404580153,0.00921658986175115,0.979623824451411,0.901430842607313,0.0110935023771791,0,0.377503852080123,0.996899224806202,0.797872340425532,0.399693721286371,0.653605015673981,0.958461538461538,0.0214395099540582,0.986425339366516,0.987616099071207,0.0139751552795031,0.969512195121951,0.9875,0.95968992248062,0.98297213622291,0.188940092165899,0.325264750378215,0.288372093023256,0.984447900466563,0.933870967741935,0.048062015503876,0.266975308641975,0.984732824427481,0.156105100463679,0.309880239520958,0.989280245022971,0.98613251155624,0.978658536585366,0.691588785046729,0.984871406959153,0.247278382581649,0.969742813918306,0.987421383647799,0,0.332838038632987,0.54746835443038,0.0276923076923077,0.0506134969325153,0.0197268588770865,0.899082568807339,0.04,0.0107197549770291,0,0.228395061728395,0.982892690513219,0.0725308641975309,0.988871224165342,0.976780185758514,0.987596899224806,0.286384976525822,0.297169811320755,0.679127725856698,0.465489566613162,0,0.823619631901841,0.0210843373493976,0.0515151515151515,0.208206686930091,0.989079563182527,0.0138461538461538,0,0.332307692307692,0.0227963525835866,0.0325077399380805,0.463108320251177,0.986259541984733,0.28343949044586,0.9888,0.954545454545455,0,0.989720998531571,0.00749625187406297,0.986425339366516,0.830508474576271,0.987240829346092,0.0187207488299532,0.965151515151515,0.00917431192660551,0.868421052631579,0.714733542319749,0.945371775417299,0.987730061349693,0.984567901234568,0.2953125,0.96551724137931,0.987841945288754,0.0121212121212121,0.0324074074074074,0.989180834621329,0.986024844720497,0.329738058551618,0.873282442748092,0.950558213716108,0.962406015037594,0.98780487804878,0,0.129890453834116,0.989230769230769,0.012326656394453,0,0.970542635658915,0.0127186009538951,0.046801872074883,0.988023952095808,0.974242424242424,0.00471698113207547,0.63482280431433,0.418604651162791,0.985714285714286,0.00783699059561128,0.858034321372855,0.99211356466877,0.372274143302181,0.606382978723404,0.787365177195686,0,0.164319248826291,0.985849056603774,0.98780487804878,0.440184049079755,0.989312977099237,0.962356792144026,0.0382848392036753,0.00152439024390244,0.986301369863014,0.981481481481482,0.947204968944099,0.697108066971081,0.0154320987654321,0.883177570093458,0.241538461538462,0.177524429967427,0.00768049155145929,0.61875,0.604294478527607,0.620426829268293,0,0.293460925039872,0.922958397534669,0.643939393939394,0.520865533230294,0.0931952662721894,0,0,0.98813056379822,0.961832061068702,0,0.921538461538462,0.0109375,0,0,0.9890625,0,0.990491283676704,0.767550702028081,0.51963746223565,0.987860394537178,0,0,0.986111111111111,0.957227138643068,0.732928679817906,0.0120663650075415,0.00313479623824451,0.878419452887538,0.606606606606607,0.992150706436421,0.532330827067669,0.350547730829421,0,0.975903614457831,0.0110584518167457,0.979495268138801,0.0953125,0,0.0150602409638554,0.115141955835962,0.476947535771065,0.969325153374233,0,0.950524737631184,0.969135802469136,0.989329268292683,0,0.0768025078369906,0.927536231884058,0.0161290322580645,0.989345509893455,0.993948562783661,0.0152671755725191,0.989280245022971,0.296636085626911,0.807098765432099,0.0231481481481481,0.175632911392405,0.967987804878049,0.0109375,0.0139318885448916,0.975116640746501,0.0140405616224649,0.664566929133858,0.385093167701863,0,0.123287671232877,0.747634069400631,0.259720062208398,0.976887519260401,0.0124416796267496,0.151234567901235,0.447665056360709,0.951734539969834,0.902290076335878,0.964615384615385,0.7488,0,0.973846153846154,0.0106382978723404,0.95565749235474,0.376190476190476,0.00910470409711684,0.989345509893455,0.992199687987519,0.987730061349693,0.639876352395672,0.98780487804878,0.129082426127527,0.190327613104524,0.935483870967742,0.879756468797565,0,0,0.984423676012461,0.929797191887676,0.0261538461538462,0.976744186046512,0.986024844720497,0.361669242658423,0.9328125,0.727554179566563,0.886191198786039,0,0.959311424100156,0.329173166926677,0.989329268292683,0.989296636085627,0,0.644859813084112,0.974921630094044,0.0139968895800933,0.681181959564541,0.377880184331797,0.804769001490313,0.70077519379845,0.952522255192878,0.0854572713643178,0.976152623211447,0.989345509893455,0.984825493171472,0.304416403785489,0.102918586789555,0.986363636363636,0.989473684210526,0.00910470409711684,0.781874039938556,0.455384615384615,0.266563944530046,0.771822358346095,0.986217457886677,0.874613003095975,0.98780487804878,0.122356495468278,0.0110410094637224,0,0.834621329211746,0.0124223602484472,0.00924499229583975,0.280811232449298,0,0.989113530326594,0.925190839694657,0.987673343605547,0.995481927710843,0.0953846153846154,0.0108527131782946,0,0,0.174880763116057,0.0811232449297972,0.16796267496112,0,0.0124416796267496,0.987786259541985,0.0121212121212121,0.29320987654321,0.9858934169279,0.584876543209877,0.962674961119751,0.669207317073171,0.644042232277526,0,0.988217967599411,0.389408099688474,0.492236024844721,0.930091185410334,1,0.402124430955994,0.0122699386503067,0.958461538461538,0.962235649546828,0,0.962235649546828,0.0260736196319018,0.983792544570502,0.43558282208589,0,0.0107692307692308,0.525974025974026,0.845794392523365,0.013595166163142,0.14488188976378,0.0121951219512195,0.0016025641025641,0.742813918305598,0.0248447204968944,0.990430622009569,0.328828828828829,0.989296636085627,0.0091324200913242,0.387096774193548,0.327044025157233,0.884615384615385,0.100638977635783,0.0120300751879699,0.00305343511450382,0.0516431924882629,0,0.982062780269058,0.0496794871794872,0.986587183308495,0.0154798761609907,0.990536277602524,0,0.528528528528528,0.463790446841294,0.986196319018405,0,0.990783410138249,0,0.407643312101911,0.978658536585366,0,0.651840490797546,0.973643410852713,0.75,0.958925750394945,0.0398773006134969,0,0.98937784522003,0.266457680250784,0,0.688922610015175,0.0104321907600596,0.0289634146341463,0.987441130298273,0.988906497622821,0.984984984984985,0.961360123647604,0.978159126365055,0,0.969278033794163,0.0214067278287462,0.347626339969372,0.290964777947933,0.983383685800604,0.984756097560976,0.981679389312977,0.976993865030675,0.0518292682926829,0.0201863354037267,0.9824,0.965785381026439,0.716012084592145,0.974045801526718,0.987933634992459,0.975535168195719,0,0,0.973053892215569,0,0.0749235474006116,0,0.950844854070661,0.275316455696203,0.207874015748031,0.131539611360239,0.916537867078825,0,0.121580547112462,0.989263803680982,0.990811638591118,0.637636080870918,0.412721893491124,0.209912536443149,0.192192192192192,0.652713178294574,0.00759878419452888,0.134762633996937,0.552469135802469,0.258114374034003,0.709090909090909,0.0212121212121212,0,0.009375,0.321766561514196,0.988888888888889,0.625766871165644,0.227204783258595,0.62557781201849,0.888549618320611,0.977029096477795,0.971337579617834,0.978328173374613,0.990445859872611,0.986238532110092,0.554364471669219,0.428571428571429,0.987480438184664,0.0163690476190476,0.0214067278287462,0.890243902439024,0.012012012012012,0.986526946107784,0.958461538461538,0,0.111811023622047,0,0.959938366718028,0,0.969135802469136,0.987730061349693,0.0167173252279635,0.835680751173709,0.989425981873112,0.652037617554859,0.631172839506173,0.873040752351097,0,0,0.938110749185668,0.94962962962963,0.990936555891239,0,0,0.00782472613458529,0.241791044776119,0.49922480620155,0,0.445468509984639,0,0.920122887864823,0.987711213517665,0.16403785488959,0.23159509202454,0,0.349453978159126,0.589506172839506,0.853211009174312,0.971514242878561,0.777947932618683,0.00914634146341463,0.992175273865415,0.0186335403726708,0.987240829346092,0,0.981981981981982,0.00921658986175115,0.990625,0.0290076335877863,0.0173228346456693,0,0,0.83206106870229,0.929260450160772,0.947049924357035,0.708018154311649,0.0389221556886228,0.0189873417721519,0.827480916030534,0.831594634873323,0,0.0251572327044025,0.95968992248062,0,0.971786833855799,0.964992389649924,0.0756172839506173,0.0455927051671733,0.00921658986175115,0.987878787878788,0.468553459119497,0.0799373040752351,0.106918238993711,0.123456790123457,0.696682464454976,0.0990853658536585,0.987577639751553,0,0.764890282131661,0.972850678733032,0.00464396284829721,0,0.013353115727003,0,0.0123456790123457,0.987823439878234,0.716535433070866,0.0109546165884194,0.0108191653786708,0.538819875776398,0.966772151898734,0.432766615146832,0.0483383685800604,0.00955414012738853,0.0551181102362205,0.0168195718654434,0,0.0396946564885496,0.018018018018018,0.0093603744149766,0.0245022970903522,0.0106221547799697,0.0484375,0.0546282245827011,0.0261538461538462,0.0171339563862928,0.004739336492891,0.0280373831775701,0.0228658536585366,0.0559875583203732,0.0198473282442748,0.0197568389057751,0.00938967136150235,0.0154798761609907,0.0453125,0.013953488372093,0.0243161094224924,0.0139318885448916,0.0400616332819723,0.0134932533733133,0.0108864696734059
"603",0.4,0.398119122257053,0.409509202453988,0.445482866043614,0.392063492063492,0.388535031847134,0.47626582278481,0.423676012461059,0.384969325153374,0,0.391912908242613,0,0.574074074074074,0.379968203497615,0.634222919937206,0.614088820826952,0,0.0047244094488189,0.39047619047619,0.403755868544601,0.771251931993818,0.607431340872375,0.405864197530864,0,0.43778801843318,0.632492113564669,0.684375,0.409375,0.668188736681887,0.588957055214724,0.613251155624037,0.617873651771957,0.545454545454545,0.636363636363636,0,0.391705069124424,0.0121396054628225,0.397553516819572,0.726726726726727,0.45565749235474,0,0.00460829493087558,0,0.396899224806202,0.637820512820513,0.624801271860095,0.60410094637224,0.609448818897638,0.742175856929955,0.65,0,0.390965732087227,0.94435857805255,0.381846635367762,0.476038338658147,0.6448,0,0.416534181240064,0.398753894080997,0.484520123839009,0.623076923076923,0.66358024691358,0.615262321144674,0,0.455974842767296,0.502325581395349,0,0.388455538221529,0,0.621405750798722,0.474732006125574,0.606431852986217,0.623456790123457,0.388127853881279,0,0.565084226646248,0.662538699690402,0.606201550387597,0.482539682539683,0.661740558292282,0,0.606431852986217,0.636500754147813,0.377099236641221,0.660493827160494,0.491551459293395,0.387096774193548,0.410575427682737,0.419254658385093,0.00151515151515152,0.379905808477237,0.379416282642089,0,0,0.416666666666667,0,0.690769230769231,0.405616224648986,0.00152905198776758,0.00157232704402516,0.616822429906542,0,0.735849056603774,0.381558028616852,0.690332326283988,0.382165605095541,0.00158982511923688,0.403400309119011,0.622222222222222,0.624223602484472,0.618380062305296,0.444617784711388,0.659375,0.397217928902628,0,0.405819295558959,0.613394216133942,0,0.617647058823529,0.6359375,0,0.540157480314961,0.776416539050536,0.661392405063291,0.414110429447853,0.643939393939394,0.372907153729072,0.391640866873065,0,0.664605873261206,0.465625,0.60828025477707,0.402843601895735,0,0.394863563402889,0.613149847094801,0,0.801574803149606,0.556765163297045,0.659235668789809,0,0,0.410138248847926,0.562111801242236,0.624600638977636,0.378548895899054,0.613207547169811,0.476117103235747,0.63258785942492,0.396630934150077,0.739549839228296,0.395962732919255,0.38351822503962,0.478527607361963,0.368584758942457,0.611544461778471,0.374613003095975,0.599056603773585,0,0.565149136577708,0.49390243902439,0.386398763523957,0.611872146118721,0,0.394777265745008,0.79304897314376,0.381410256410256,0.386153846153846,0.378086419753086,0.629685157421289,0.416536661466459,0.633228840125392,0.427701674277017,0.621621621621622,0.475590551181102,0.629800307219662,0,0.40809968847352,0,0.475535168195719,0.375572519083969,0.644904458598726,0.409711684370258,0.429012345679012,0.400297619047619,0.400304414003044,0.642414860681115,0.664133738601824,0.457869634340223,0.441640378548896,0.679425837320574,0.60741885625966,0.393700787401575,0.478939157566303,0,0,0.78125,0,0.386363636363636,0.654078549848943,0.472613458528951,0.531587057010786,0.398782343987823,0.724137931034483,0.625192012288787,0.828616352201258,0.416666666666667,0.406779661016949,0.483920367534456,0,0.464012251148545,0.761827079934747,0.427652733118971,0.616113744075829,0.622154779969651,0.662015503875969,0.409937888198758,0.412213740458015,0.503086419753086,0.382262996941896,0.479876160990712,0,0.632237871674491,0.587349397590361,0.403453689167975,0,0.400611620795107,0.409090909090909,0.651234567901235,0.582043343653251,0.400921658986175,0.383627608346709,0.712074303405573,0,0.467075038284839,0.635093167701863,0.415185783521809,0.622699386503067,0.417168674698795,0.36650868878357,0.385560675883257,0.422535211267606,0.658015267175573,0.632492113564669,0.417054263565891,0.577981651376147,0.628787878787879,0.607033639143731,0.596573208722741,0.596875,0.733974358974359,0.601515151515152,0.620528771384137,0.603076923076923,0.599393019726859,0.654961832061069,0.6096,0.405616224648986,0.00158227848101266,0.604395604395604,0,0.738993710691824,0.3952,0.407176287051482,0.463565891472868,0,0.496062992125984,0.468797564687976,0.598449612403101,0.6156202143951,0.590769230769231,0.590837282780411,0.00154559505409583,0.37597503900156,0.695252679938744,0.605475040257649,0.430359937402191,0.631987577639752,0.578125,0.62037037037037,0.656923076923077,0.407239819004525,0.385737439222042,0.471048513302034,0,0.619482496194825,0.466353677621283,0,0.613251155624037,0.468085106382979,0.406593406593407,0,0.618238021638331,0.61609907120743,0.406299212598425,0.492138364779874,0.608557844690967,0,0.70625,0.393987341772152,0.553191489361702,0.651305683563748,0.640944881889764,0.421538461538462,0.614791987673344,0.398484848484848,0.383775351014041,0.604327666151468,0.421538461538462,0.397815912636505,0.426307448494453,0.390697674418605,0.651234567901235,0.954968944099379,0.823255813953488,0.419457735247209,0.44,0.0261538461538462,0.647709320695103,0.414826498422713,0.637209302325581,0.635416666666667,0.37962962962963,0.389589905362776,0.402496099843994,0.585987261146497,0.387096774193548,0.64622641509434,0.422018348623853,0.390822784810127,0,1,0.651828298887122,0.621705426356589,0.0280373831775701,0.62037037037037,0.448275862068966,0.622670807453416,0.614906832298137,0,0.6671875,0.4,0.633540372670807,0.394904458598726,0.431464174454829,0.401869158878505,0.791732909379968,0.782884310618067,0.570107858243451,0.624595469255663,0,0.495283018867925,0.628834355828221,0.609494640122512,0.718027734976888,0.386942675159236,0.618238021638331,0,0.967592592592593,0.598784194528875,0.634920634920635,0.596899224806202,0.381395348837209,0.65224358974359,0.389967637540453,0.385335413416537,0,0.399707174231332,0.603369065849923,0.380733944954128,0.488262910798122,0.392914653784219,0.634375,0.402476780185758,0.610852713178295,0.450858034321373,0.623417721518987,0.430745814307458,0.402777777777778,0.392857142857143,0.84447900466563,0.423913043478261,0.380664652567976,0.616541353383459,0.611455108359133,0.397456279809221,0.385448916408669,0.641975308641975,0.452566096423017,0.40064620355412,0.434108527131783,0.396024464831804,0,0.640575079872205,0.372670807453416,0.625391849529781,0,0.418495297805643,0,0.619496855345912,0.389057750759878,0.411764705882353,0,0.617054263565891,0.623052959501558,0.408360128617363,0.599033816425121,0.480499219968799,0.376395534290271,0.685126582278481,0.656739811912226,0.596518987341772,0,0.756630265210608,0.400635930047695,0.385220125786164,0.628125,0.384615384615385,0.401652892561983,0.625391849529781,0,0.402420574886536,0.389937106918239,0.430793157076205,0.561349693251534,0.608424336973479,0.476635514018692,0.633281972265023,0.643790849673203,0,0.613782051282051,0.631083202511774,0.694488188976378,0,0.663430420711974,0.471582181259601,0.574961360123648,0.629349470499244,0.63499245852187,0,0,0.381872213967311,0.389393939393939,0,0.439628482972136,0.00157728706624606,0,0,0.368421052631579,0,0.394904458598726,0.533026113671275,0.662121212121212,0.374810318664643,0,0,0.39258114374034,0.430059523809524,0.5790273556231,0.616564417177914,0,0.468217054263566,0.660606060606061,0.386046511627907,0.62037037037037,0.684044233807267,0,0.394126738794436,0.606299212598425,0.434645669291339,0.623052959501558,0,0.616892911010558,0.637658227848101,0.585924713584288,0.3984375,0,0.446646341463415,0.419354838709677,0.38366718027735,0,0.625,0.416531604538088,0.633223684210526,0.380216383307573,0.382488479262673,0.624610591900312,0.367762128325509,0.807153965785381,0.537037037037037,0.628440366972477,0.732689210950081,0.401538461538462,0.00155038759689922,0.620689655172414,0.407407407407407,0.633279483037157,0.617322834645669,0.593798449612403,0,0.71937984496124,0.5125,0.776234567901235,0.401869158878505,0.622257053291536,0.659090909090909,0.608626198083067,0.428571428571429,0.483076923076923,0.426100628930818,0.542452830188679,0,0.400616332819723,0.618461538461539,0.408517350157729,0.704654895666132,0.611111111111111,0.390769230769231,0.394695787831513,0.368916797488226,0.57007874015748,0.401550387596899,0.725552050473186,0.758942457231726,0.443425076452599,0.474497681607419,0,0,0.385220125786164,0.440894568690096,0.629513343799058,0.403125,0.405616224648986,0.744648318042814,0.446945337620579,0.557299843014129,0.467374810318665,0,0.420221169036335,0.701892744479495,0.377535101404056,0.381395348837209,0,0.590266875981162,0.409810126582278,0.611023622047244,0.544881889763779,0.628659476117103,0.499250374812594,0.63751987281399,0.424739195230999,0.624048706240487,0.398089171974522,0.393518518518519,0.422839506172839,0.685534591194969,0.635802469135803,0.390432098765432,0.389230769230769,0,0.529680365296804,0.636645962732919,0.646511627906977,0.565687789799073,0.383177570093458,0.445131375579598,0.387096774193548,0.148484848484848,0.620745542949757,0,0.502362204724409,0.619808306709265,0.599071207430341,0.649612403100775,0,0.410015649452269,0.427701674277017,0.394736842105263,0.39509954058193,0.631496062992126,0.62111801242236,0,0,0.733755942947702,0.661949685534591,0.655763239875389,0,0.618541033434651,0.360062893081761,0.261467889908257,0.783018867924528,0.384126984126984,0.636785162287481,0.41390205371248,0.670769230769231,0.741741741741742,0,0.391304347826087,0.735668789808917,0.702660406885759,0.46015037593985,0.402124430955994,1,0,0.433229813664596,0.422900763358779,0,0.400914634146341,0.622291021671827,0.38351822503962,0.585780525502318,0,0,0.728731942215088,0.550314465408805,0.625386996904025,0.656200941915228,0,0,0.523238380809595,0.62992125984252,0.373182552504039,0.675344563552833,0.391768292682927,0.614220877458396,0.617511520737327,0.6224,0.507936507936508,0.641479099678457,0.62095531587057,0,0.628930817610063,0,0.395209580838323,0.539808917197452,0.412650602409639,0.618380062305296,0.396496815286624,0,0.572298325722983,0.661367249602544,0.386292834890966,0,0.393518518518519,0,0.662460567823344,0.404320987654321,0,0.605263157894737,0.392523364485981,0.516923076923077,0.426073131955485,0.632148377125193,0,0.379785604900459,0.619047619047619,0,0.614678899082569,0.591317365269461,0.620637329286798,0.385220125786164,0.386327503974563,0.397881996974281,0.403125,0.411949685534591,0,0.40809968847352,0.00615384615384615,0.713201820940819,0.650077760497667,0.386259541984733,0.38366718027735,0.396923076923077,0.386153846153846,0.0527950310559006,0.624413145539906,0.402618657937807,0.411214953271028,0.554531490015361,0.404320987654321,0.359567901234568,0.415503875968992,0,0,0.404477611940299,0,0.623277182235835,0.00157977883096367,0.444790046656299,0.627943485086342,0.653907496012759,0.739197530864197,0.44215530903328,0,0.669242658423493,0.380216383307573,0.395962732919255,0.751166407465008,0.735338345864662,0.625185185185185,0.634294385432473,0.554140127388535,0.608562691131499,0.640746500777605,0.683464566929134,0.63265306122449,0.569908814589666,0.620528771384137,0,0.620094191522763,0.724960254372019,0.382636655948553,0.591549295774648,0.750378214826021,0.608024691358025,0.483231707317073,0.388804841149773,0.434920634920635,0.401883830455259,0.3904,0.396255850234009,0.607476635514019,0.668740279937792,0.394366197183099,0.609351432880845,0.625377643504532,0.490654205607477,0.00153139356814701,0.393893129770992,0.408736349453978,0,0.637096774193548,0,0.429017160686427,0,0.425499231950845,0.378125,0.610169491525424,0.515673981191223,0.380952380952381,0.630914826498423,0.627906976744186,0.479750778816199,0,0,0.437699680511182,0.422680412371134,0.402476780185758,0,0,0.608,0.647239263803681,0.582043343653251,0,0.61993769470405,0,0.46656050955414,0.4,0.631746031746032,0.641337386018237,0,0.66824644549763,0.601574803149606,0.463452566096423,0.412213740458015,0.552959501557632,0.624413145539906,0.411575562700965,0.0707547169811321,0.381329113924051,0,0.390769230769231,0,0.385714285714286,0.616352201257862,0.384,0,0,0.482225656877898,0.433811802232855,0.433229813664596,0.52824427480916,0.633484162895928,0.608832807570978,0.487381703470032,0.450151057401813,0,0.618524332810047,0.425867507886435,0,0.384370015948963,0.418711656441718,0.624420401854714,0.0200927357032458,0.619344773790952,0.374233128834356,0.616954474097331,0.610852713178295,0.618441971383148,0.632558139534884,0.592063492063492,0.642089093701997,0.391912908242613,0,0.56269592476489,0.389147286821705,0,0,0.638138138138138,0,0.613846153846154,0.369565217391304,0.565830721003135,0.624223602484472,0.631083202511774,0.655948553054662,0.415625,0.661490683229814,0.0260336906584992,0.621794871794872,0.0670926517571885,0.0109546165884194,0,0.5265625,0.593939393939394,0.592063492063492,0.611801242236025,0.605828220858896,0.027027027027027,0.0320121951219512,0.604294478527607,0.00934579439252336,0.00323101777059774,0.0361635220125786,0.0139318885448916,0.0294573643410853,0.619273301737757,0.0186335403726708,0.608346709470305,0.609302325581395,0.021978021978022,0.607476635514019,0.0531107738998483,0.61890243902439,0.584876543209877,0.620272314674735,0.604938271604938
"604",0.00950871632329636,0.0061633281972265,0.00927357032457496,0.0062992125984252,0.0096,0.0127591706539075,0.0235478806907378,0.00777604976671851,0.0107858243451464,0.987421383647799,0.0078740157480315,0.989028213166144,0.0031201248049922,0.00955414012738853,0,0,0.989312977099237,0.98755832037325,0.0111821086261981,0.00784929356357928,0,0,0.00924499229583975,0.990769230769231,0.00923076923076923,0,0.00156985871271586,0.0126382306477093,0.00153139356814701,0.00309597523219814,0,0.00155763239875389,0.0062992125984252,0.00152671755725191,0.99075500770416,0.0093167701863354,0.971080669710807,0.0123456790123457,0.0015015015015015,0.0108359133126935,0.992150706436421,0.986153846153846,0.995356037151703,0.00784929356357928,0.00320512820512821,0,0.00470219435736677,0,0.00305810397553517,0.0015220700152207,0.990712074303406,0.0125588697017268,0,0.00923076923076923,0.0234009360374415,0,0.990369181380417,0.0096,0.0108359133126935,0.00459418070444104,0.00307692307692308,0.00152905198776758,0,0.99203821656051,0.00630914826498423,0.0078125,0.989010989010989,0.00943396226415094,0.989147286821705,0,0.0091324200913242,0,0,0.00921658986175115,0.990712074303406,0.00308166409861325,0,0.00461538461538462,0.0111287758346582,0.00164744645799012,0.987519500780031,0.00153374233128834,0,0.00918836140888208,0.00154320987654321,0.0060790273556231,0.0108864696734059,0.00618238021638331,0.0139318885448916,0.992295839753467,0.00797448165869218,0.00928792569659443,0.992199687987519,0.990639625585023,0.00644122383252818,0.990697674418605,0.0202177293934681,0.0125588697017268,0.992389649923896,0.996850393700787,0.0173228346456693,0.989147286821705,0.0015748031496063,0.00958466453674121,0,0.0111821086261981,0.992025518341308,0.0110584518167457,0,0,0,0.0235109717868339,0,0.00933125972006221,0.992088607594937,0.0124804992199688,0.0015600624024961,0.990895295902883,0,0,0.990839694656489,0.00622083981337481,0.0015527950310559,0,0.0093603744149766,0,0.00768049155145929,0.00789889415481832,0.989147286821705,0.0138036809815951,0.0062015503875969,0.00160771704180064,0.00793650793650794,0.989113530326594,0.0111642743221691,0,0.990668740279938,0,0.00317460317460317,0.0142630744849445,0.988853503184713,0.990369181380417,0.0107033639143731,0.0046875,0,0.00930232558139535,0,0.00460122699386503,0.00159489633173844,0.00759878419452888,0,0.0093167701863354,0.0111111111111111,0.00458715596330275,0.0107692307692308,0,0.0125588697017268,0,0.990712074303406,0.00789889415481832,0.0108527131782946,0.00622083981337481,0,0.99075500770416,0.0106707317073171,0.00317965023847377,0.0113821138211382,0.0107033639143731,0.0108359133126935,0.00153374233128834,0.0108191653786708,0,0.0091324200913242,0,0.00956937799043062,0,0.990683229813665,0.0062015503875969,0.992223950233281,0.00462249614791988,0.0123456790123457,0,0.0108191653786708,0.00910470409711684,0.0104947526236882,0.0108359133126935,0,0.00150829562594268,0.00476947535771065,0.00946372239747634,0,0,0.00955414012738853,0.0325077399380805,0.990895295902883,0.990521327014218,0.00154798761609907,0.989180834621329,0.00910470409711684,0.00151745068285281,0.0217729393468118,0.00310077519379845,0.0121580547112462,0.00158730158730159,0.00152905198776758,0.0015748031496063,0.00625,0.00952380952380952,0.0091324200913242,0.990580847723705,0.00771604938271605,0,0.0078740157480315,0,0,0.00930232558139535,0.0109034267912773,0.0108359133126935,0.00777604976671851,0.0124031007751938,0.0109034267912773,0.988924050632911,0,0.00153374233128834,0.00946372239747634,0.990668740279938,0.00916030534351145,0.00766871165644172,0.0108359133126935,0.00625978090766823,0.0125391849529781,0.0111464968152866,0.0235109717868339,0.992076069730586,0.024024024024024,0,0.00646203554119548,0,0.0075642965204236,0.0108864696734059,0.0124223602484472,0.00789889415481832,0.0046656298600311,0,0.00775193798449612,0.00462249614791988,0,0,0,0,0,0.00306748466257669,0,0,0,0.00455927051671732,0,0.00786163522012579,0.992088607594937,0,0.990610328638498,0.00475435816164818,0.0078740157480315,0.00307692307692308,0.00928792569659443,0.990726429675425,0.0096,0.012326656394453,0.00307692307692308,0.00156739811912226,0.00157232704402516,0.00319488817891374,0.99388379204893,0.0109717868338558,0,0.00323101777059774,0.0077639751552795,0,0.0031055900621118,0,0,0.0091324200913242,0.0112,0.0272,0.990922844175492,0.00151975683890578,0.0286624203821656,0.990654205607477,0,0.0238805970149254,0.00941915227629513,0.987673343605547,0,0,0.0110759493670886,0.00320512820512821,0,0.990566037735849,0.0201863354037267,0.0125588697017268,0.00304878048780488,0.00313479623824451,0.00316957210776545,0.00769230769230769,0,0.00918836140888208,0.0109375,0,0.00924499229583975,0.00625978090766823,0.00798722044728434,0.00924499229583975,0.00154083204930663,0.00152671755725191,0.00154083204930663,0.0112359550561798,0.00650406504065041,0.952380952380952,0,0.0124804992199688,0,0.00147710487444609,0.0107692307692308,0.0108864696734059,0.00914634146341463,0,0.0107033639143731,0,0.00768049155145929,0.0125588697017268,0.990610328638498,0,0.014218009478673,0,0.950387596899225,0,0.00775193798449612,0.00153609831029186,0,0.987692307692308,0,0.0109204368174727,0,0.0096,0.0109034267912773,0.0110935023771791,0.0015527950310559,0.00160771704180064,0.0046583850931677,0.00322061191626409,0.990769230769231,0.0062402496099844,0,0,0,0.0125984251968504,0,0.989180834621329,0,0,0,0.0046583850931677,0.010989010989011,0.00161030595813205,0.0096,0.00473186119873817,0.987577639751553,0.00591715976331361,0,0.00906344410876133,0.0062111801242236,0.0095389507154213,0,0.00617283950617284,0,0.00940438871473354,0.004739336492891,0.0107033639143731,0.0108864696734059,0.0108359133126935,0.0015552099533437,0.0125786163522013,0.0121580547112462,0,0.00154083204930663,0.0109204368174727,0.0061633281972265,0.0015600624024961,0.0108359133126935,0.0113268608414239,0.00777604976671851,0.012326656394453,0.987421383647799,0,0.0109375,0,0.992175273865415,0.00791139240506329,1,0,0.00920245398773006,0.00632911392405063,0.9953125,0.0171875,0.0015625,0.0125588697017268,0,0.0063391442155309,0.00958466453674121,0.00158730158730159,0.00153609831029186,0.0046875,0.990595611285266,0,0.00801282051282051,0.0107692307692308,0.0015527950310559,0.0123076923076923,0.011686143572621,0,0.995356037151703,0.0122137404580153,0.00946372239747634,0.0062111801242236,0.00303490136570561,0,0.00947867298578199,0.00155763239875389,0.016260162601626,0.998442367601246,0.00321027287319422,0.00634920634920635,0.00467289719626168,0.990726429675425,0.00161030595813205,0.0110584518167457,0.00460829493087558,0.00154320987654321,0,0.990783410138249,0.99388379204893,0.00740740740740741,0.0091324200913242,0.989164086687306,0.0078003120124805,0.992,0.990726429675425,0.987421383647799,0.0109717868338558,0.990726429675425,0.00794912559618442,0.00782472613458529,0.00910470409711684,0.0121765601217656,0.990369181380417,0.99211356466877,0.00771604938271605,0.00916030534351145,0.0046583850931677,0,0.992076069730586,0.0274809160305344,0.00153846153846154,0.0125391849529781,0.00154798761609907,0.0015600624024961,0.989214175654854,0.0107197549770291,0,0.0109717868338558,0,0.99079754601227,0,0.00155763239875389,0.00485436893203883,0.00928792569659443,0.99075500770416,0.00763358778625954,0.00920245398773006,0.0107361963190184,0.992236024844721,0,0.00978792822185971,0,0.0123839009287926,0.0060882800608828,0,0.0109034267912773,0.0015625,0.00462962962962963,0,0.00315457413249211,0.0077639751552795,0.993740219092332,0,0.0108527131782946,0,0.00317460317460317,0.0142630744849445,0.989280245022971,0,0.00793650793650794,0.0015600624024961,0.00930232558139535,0,0,0.0016260162601626,0.0060790273556231,0.0076103500761035,0.00946372239747634,0.00473186119873817,0.987441130298273,0.0107692307692308,0,0.0109717868338558,0.00637958532695375,0,0.0108695652173913,0.00952380952380952,0.0109034267912773,0.003125,0.0108864696734059,0,0,0.0109204368174727,0.0187793427230047,0.989441930618401,0.989028213166144,0.0095389507154213,0.00794912559618442,0,0.0125588697017268,0.00933125972006221,0,0.00782472613458529,0.0062992125984252,0.024390243902439,0.989296636085627,0.00938967136150235,0.0186915887850467,0.00930232558139535,0.00930232558139535,0.993984962406015,0.00622083981337481,0.00634920634920635,0,0.00946372239747634,0,0.00748502994011976,0.00474683544303797,0.0104633781763827,0,0.0127591706539075,0.0109204368174727,0.00925925925925926,0.0192307692307692,0.0248833592534992,0.0107361963190184,0.00758725341426404,1,0.00154083204930663,0.00455927051671732,0,0.00310077519379845,0.00940438871473354,0.00470219435736677,0.0108527131782946,0.776073619631902,0,0.989214175654854,0.0108695652173913,0,0,0.0015552099533437,0.990566037735849,0.00938967136150235,0.00615384615384615,0.00928792569659443,0.0107197549770291,0,0,0.987897125567322,0.990610328638498,0,0,0,0.990811638591118,0,0.00766871165644172,0.556060606060606,0.00158478605388273,0.0078125,0.0170015455950541,0.0109717868338558,0.00462249614791988,0.00151975683890578,0.989263803680982,0.00907715582450832,0.00157728706624606,0.00154559505409583,0.0121580547112462,0.0122699386503067,0,1,0.00461538461538462,0.00619195046439629,0.992163009404389,0.0120300751879699,0,0.00644122383252818,0.0015552099533437,0.993640699523052,0.995384615384615,0.00163398692810458,0.0046801872074883,0,0,0.995398773006135,0.988745980707395,0.00605143721633888,0,0.0113085621970921,0.00153374233128834,0.0122887864823349,0,0.00305810397553517,0,0.00956937799043062,0,0,0.9953125,0,0.989214175654854,0.00764525993883792,0.155448717948718,0.0104321907600596,0,0.0111821086261981,0.990668740279938,0.00152905198776758,0.00156985871271586,0.009375,0.989010989010989,0.00909090909090909,0.98740157480315,0.00160771704180064,0.00918836140888208,0.99079754601227,0.0245398773006135,0.00478468899521531,0.00156985871271586,0.0110236220472441,0,0.988993710691824,0.0109034267912773,0,0.988005997001499,0.00308166409861325,0,0,0.00803858520900321,0.0093603744149766,0.00907715582450832,0.0122887864823349,0.010989010989011,0.987692307692308,0.00796178343949045,0.983257229832572,0.0230414746543779,0.0015527950310559,0.00772797527047913,0.00770416024653313,0.00924499229583975,0.0124804992199688,0.913178294573643,0,0.00801282051282051,0.00927357032457496,0.0060882800608828,0.0108359133126935,0.0107197549770291,0.00928792569659443,0.989214175654854,0.993874425727412,0.0104790419161677,0.989280245022971,0,0.9890625,0.00782472613458529,0,0.00160771704180064,0,0.0093603744149766,0.989096573208723,0,0.0123456790123457,0.0123647604327666,0.0031201248049922,0.00150829562594268,0,0,0.00473186119873817,0,0,0.0015748031496063,0,0.00615384615384615,0,0.987361769352291,0,0.0221870047543582,0.0096,0.04,0.00150602409638554,0.0015527950310559,0.00927357032457496,0.0106870229007634,0.0112540192926045,0.0078740157480315,0.0095389507154213,0.009375,0.00152671755725191,0.00309597523219814,0.0108695652173913,0,0,0.0093603744149766,0.992412746585736,0.010752688172043,0.00930232558139535,0.990697674418605,0,0.990625,0.0046801872074883,0.99203821656051,0.00763358778625954,0.00934579439252336,0,0.00469483568075117,0.0107858243451464,0.00476947535771065,0.00311526479750779,0.0309597523219814,0.989010989010989,0.992150706436421,0.00814332247557003,0.00738552437223043,0.0108024691358025,0.989312977099237,0.987635239567233,0,0,0.00307692307692308,0.989263803680982,0,0.993911719939117,0.0094488188976378,0.0125195618153365,0.0332278481012658,0,0.989263803680982,0.00317965023847377,0.00155038759689922,0.009375,0.00762195121951219,0.0046801872074883,0,0.00969305331179321,0.888357256778309,0.012779552715655,0.993710691823899,0.00904977375565611,0.998456790123457,0.0128617363344051,0,0.36547433903577,0.98937784522003,0.992138364779874,0.00625978090766823,0.00952380952380952,0.0184899845916795,0.00459418070444104,0,0,0.00792393026941363,0.0106870229007634,0.990551181102362,0,0.009375,0.990769230769231,0.0111821086261981,0.00748502994011976,0,0.959627329192547,0,0.0122887864823349,0.0031496062992126,0,0,0,0.0031496062992126,0.00152905198776758,0.00940438871473354,0.988906497622821,0.00788643533123028,0.0108864696734059,0.995297805642633,0.988993710691824,0,0.990625,0,0.0107692307692308,0.00476190476190476,0,0,0.0094488188976378,0.015748031496063,0.0015552099533437,0.950540958268934,0,0.892282958199357,0.96793893129771,0.992138364779874,0.165354330708661,0,0,0.00462962962962963,0,0.952305246422893,0.947692307692308,0,0.970266040688576,0.987075928917609,0.933125972006221,0.964831804281346,0.94435857805255,0,0.959876543209877,0,0,0.955414012738854,0,0.917808219178082,0,0.0513219284603421,0,0
"605",0.949286846275753,0.950769230769231,0.956989247311828,0.940705128205128,0.954186413902054,0.963081861958267,0.894230769230769,0.957878315132605,0.948837209302326,0,0.949606299212598,0,0.599071207430341,0.94896331738437,0.0873634945397816,0.061128526645768,0,0.0157232704402516,0.947867298578199,0.941915227629513,0.207430340557276,0.0787781350482315,0.936335403726708,0,0.9171875,0.296062992125984,0.161695447409733,0.947535771065183,0.502318392581144,0.715396578538103,0.043343653250774,0.735109717868339,0.788216560509554,0.319685039370079,0,0.949526813880126,0.01875,0.952743902439024,0.292974588938714,0.874806800618238,0.00156494522691706,0.015600624024961,0.00617283950617284,0.955414012738854,0.836867862969005,0.0682539682539682,0.535321821036107,0.0458135860979463,0.515243902439024,0.170437405731523,0,0.95253164556962,0.305379746835443,0.944532488114105,0.884310618066561,0.2,0,0.922953451043339,0.944012441679627,0.907975460122699,0.317034700315457,0.466049382716049,0.0456692913385827,0,0.86677367576244,0.815748031496063,0,0.949764521193093,0,0.0470957613814757,0.846986089644513,0.0532915360501567,0.0658307210031348,0.954128440366973,0,0.734254992319508,0.0904907975460123,0.600308641975309,0.91653290529695,0.30718954248366,0,0.763076923076923,0.246969696969697,0.950310559006211,0.153846153846154,0.944954128440367,0.947286821705426,0.953198127925117,0.942457231726283,0.00769230769230769,0.941362916006339,0.947040498442368,0,0,0.941362916006339,0,0.335913312693498,0.944968553459119,0.00614439324116743,0.00786163522012579,0.64171974522293,0,0.323343848580442,0.956591639871383,0.151515151515152,0.951456310679612,0.00797448165869218,0.965625,0.0466988727858293,0.0579029733959311,0.0604651162790698,0.898753894080997,0.371069182389937,0.951181102362205,0,0.96,0.755832037325039,0,0.0525502318392581,0.265210608424337,0,0.784591194968553,0.289514866979656,0.120443740095087,0.9515625,0.19629057187017,0.949771689497717,0.95968992248062,0,0.580495356037152,0.962441314553991,0.496784565916399,0.947368421052632,0,0.946031746031746,0.0658499234303216,0,0.259433962264151,0.64797507788162,0.543130990415335,0,0,0.961597542242704,0.765258215962441,0.215873015873016,0.953968253968254,0.0499219968798752,0.959752321981424,0.449760765550239,0.959375,0.173015873015873,0.949764521193093,0.9584,0.828125,0.952380952380952,0.0492063492063492,0.956521739130435,0.0519685039370079,0,0.745283018867924,0.870229007633588,0.9375,0.0679012345679012,0,0.952380952380952,0.504792332268371,0.961414790996785,0.952755905511811,0.953271028037383,0.326687116564417,0.955384615384615,0.0501567398119122,0.925696594427245,0.0555555555555556,0.897435897435897,0.399688958009331,0,0.94488188976378,0,0.827371695178849,0.95046439628483,0.165615141955836,0.951863354037267,0.924615384615385,0.946483180428135,0.925465838509317,0.143302180685358,0.418569254185693,0.928,0.931637519872814,0.101246105919003,0.0543478260869565,0.960191082802548,0.859594383775351,0,0,0.333333333333333,0.00155763239875389,0.952160493827161,0.312693498452012,0.876190476190476,0.741486068111455,0.965098634294385,0.465408805031447,0.448062015503876,0.326018808777429,0.889064976228209,0.925867507886435,0.890453834115806,0,0.848909657320872,0.223832528180354,0.940345368916798,0.0457413249211356,0.11864406779661,0.558869701726845,0.946540880503145,0.951219512195122,0.845786963434022,0.953488372093023,0.874015748031496,0,0.113207547169811,0.68348623853211,0.951181102362205,0,0.938366718027735,0.958841463414634,0.588050314465409,0.568965517241379,0.94006309148265,0.950980392156863,0.400630914826498,0,0.88,0.556982343499197,0.962382445141066,0.0515625,0.939907550077042,0.955974842767296,0.955246913580247,0.916535433070866,0.568807339449541,0.050314465408805,0.9609375,0.554868624420402,0.0547112462006079,0.0465116279069767,0.232227488151659,0.0422535211267606,0.184834123222749,0.702290076335878,0.0479134466769706,0.0511627906976744,0.054773082942097,0.617151607963247,0.0859872611464968,0.955484896661367,0.00946372239747634,0.0416666666666667,0,0.257911392405063,0.953150242326333,0.941269841269841,0.9015625,0,0.870340356564019,0.828438948995363,0.738993710691824,0.6421875,0.482704402515723,0.450236966824645,0.00770416024653313,0.953821656050955,0.152410575427683,0.746732026143791,0.963607594936709,0.0539291217257319,0.765527950310559,0.0564263322884013,0.153250773993808,0.952743902439024,0.951219512195122,0.892109500805153,0,0.670750382848392,0.880382775119617,0,0.0482866043613707,0.896024464831804,0.964506172839506,0,0.0493827160493827,0.0491551459293395,0.946859903381642,0.892405063291139,0.0567260940032415,0,0.417840375586854,0.960443037974684,0.810477657935285,0.432389937106918,0.685534591194969,0.929121725731895,0.05,0.950387596899225,0.95141065830721,0.0537124802527646,0.943076923076923,0.952681388012618,0.929712460063898,0.950078003120125,0.221183800623053,0.353488372093023,0.32182103610675,0.953821656050955,0.914239482200647,0.0464396284829721,0.293650793650794,0.96513470681458,0.186813186813187,0.319634703196347,0.959247648902821,0.955108359133127,0.954898911353033,0.70096463022508,0.947449768160742,0.274881516587678,0.972265023112481,0.949286846275753,0,0.359447004608295,0.580128205128205,0.0603715170278638,0.0506134969325153,0.0494590417310665,0.88006230529595,0.0696594427244582,0.050314465408805,0,0.26530612244898,0.954758190327613,0.108150470219436,0.963875205254516,0.962382445141066,0.962790697674419,0.315955766192733,0.322528363047002,0.685358255451713,0.486356340288925,0,0.821263482280431,0.0604651162790698,0.0874233128834356,0.252321981424149,0.9552,0.0514820592823713,0,0.376722817764165,0.0559875583203732,0.0650793650793651,0.507788161993769,0.957547169811321,0.323248407643312,0.946428571428571,0.919685039370079,0,0.954819277108434,0.0462249614791988,0.9558599695586,0.823343848580442,0.951298701298701,0.059375,0.931192660550459,0.0469483568075117,0.845794392523365,0.780757097791798,0.906060606060606,0.961597542242704,0.947286821705426,0.318818040435459,0.921383647798742,0.947611710323575,0.0519877675840979,0.0719874804381847,0.957345971563981,0.944444444444444,0.363919129082426,0.844961240310077,0.93719806763285,0.931993817619784,0.947368421052632,0,0.165594855305466,0.949606299212598,0.0551181102362205,0,0.965463108320251,0.00644122383252818,0.0930599369085174,0.950155763239875,0.962025316455696,0.00158227848101266,0.647151898734177,0.458990536277603,0.95583596214511,0.0386473429951691,0.853035143769968,0.952153110047847,0.41335453100159,0.641538461538462,0.846761453396525,0,0.199372056514914,0.961661341853035,0.954616588419405,0.476415094339623,0.956454121306376,0.920195439739414,0.075,0.00155038759689922,0.953051643192488,0.944532488114105,0.934065934065934,0.699236641221374,0.04858934169279,0.871835443037975,0.272868217054264,0.219633943427621,0.00615384615384615,0.649206349206349,0.631746031746032,0.674961119751166,0,0.3184,0.918876755070203,0.659340659340659,0.563271604938272,0.132018209408194,0,0,0.953800298062593,0.926447574334898,0,0.921011058451817,0.00941915227629513,0,0,0.945904173106646,0,0.964573268921095,0.785714285714286,0.557926829268293,0.945987654320988,0,0,0.948356807511737,0.926204819277108,0.737878787878788,0.0519083969465649,0.0032,0.878274268104777,0.627725856697819,0.957547169811321,0.559561128526646,0.394984326018809,0,0.938080495356037,0.0478468899521531,0.958664546899841,0.125396825396825,0,0.060790273556231,0.1552,0.5,0.933962264150943,0,0.975757575757576,0.947530864197531,0.955384615384615,0,0.110047846889952,0.895867768595041,0.0514096185737977,0.95405819295559,0.957446808510638,0.0500782472613459,0.952086553323029,0.325,0.8078125,0.0570522979397781,0.215654952076677,0.943307086614173,0.00952380952380952,0.0503937007874016,0.96417445482866,0.0546623794212219,0.676282051282051,0.43125,0,0.148205928237129,0.764521193092622,0.2984375,0.946624803767661,0.0502354788069074,0.192716236722307,0.450331125827815,0.941448382126348,0.894333843797856,0.925581395348837,0.767515923566879,0,0.940993788819876,0.0476190476190476,0.917851500789889,0.432258064516129,0.0535987748851455,0.959564541213064,0.9536,0.952086553323029,0.652996845425868,0.959501557632399,0.169811320754717,0.244897959183673,0.923676012461059,0.873651771956857,0,0,0.953968253968254,0.929373996789727,0.0586370839936609,0.955555555555556,0.95800933125972,0.404423380726698,0.931089743589744,0.736176935229068,0.880551301684533,0,0.93730407523511,0.373831775700935,0.95440251572327,0.949685534591195,0,0.660347551342812,0.956661316211878,0.0470957613814757,0.678855325914149,0.420062695924765,0.786466165413534,0.751974723538705,0.910876132930514,0.125190839694656,0.946372239747634,0.959501557632399,0.959627329192547,0.345718901453958,0.125996810207337,0.96,0.950995405819296,0.00302571860816944,0.790769230769231,0.499215070643642,0.303076923076923,0.806853582554517,0.951638065522621,0.857142857142857,0.953343701399689,0.129829984544049,0.0494417862838915,0,0.833597464342314,0.0492063492063492,0.046656298600311,0.315132605304212,0,0.958139534883721,0.910906298003072,0.953343701399689,0.953560371517028,0.140157480314961,0.0508744038155803,0,0,0.211538461538462,0.121835443037975,0.188102893890675,0,0.0467289719626168,0.946646341463415,0.027906976744186,0.330721003134796,0.951863354037267,0.6140625,0.927330173775671,0.733024691358025,0.698461538461538,0,0.953101361573374,0.427662957074722,0.526148969889065,0.921130952380952,0.958461538461538,0.433229813664596,0.00461538461538462,1,1,0,0.940909090909091,0.0626959247648903,0.951377633711507,0.439252336448598,0,0.00625978090766823,0.559602649006622,0.873239436619718,0.0465116279069767,0.177316293929712,0.00933125972006221,0.0016,0.749244712990937,0.0643642072213501,0.954323001631321,0.364885496183206,0.959938366718028,0.0490045941807044,0.410377358490566,0.349206349206349,0.86698717948718,0.145833333333333,0.0489296636085627,0.00309597523219814,0.0917721518987342,0,0.955177743431221,0.0667752442996743,0.967987804878049,0.0507131537242472,0.949044585987261,0,0.552147239263804,0.5,0.951334379905808,0,0.954268292682927,0,0.444983818770227,0.952453987730061,0,0.653786707882535,0.951713395638629,0.742635658914729,0.947784810126582,0.0832049306625578,0,0.95260663507109,0.293103448275862,0,0.741433021806854,0.0442748091603053,0.0604651162790698,0.950320512820513,0.955696202531646,0.955521472392638,0.944532488114105,0.952229299363057,0,0.9296875,0.0231481481481481,0.383540372670807,0.330745341614907,0.951145038167939,0.95141065830721,0.947204968944099,0.945736434108527,0.0553846153846154,0.0556438791732909,0.957860615883306,0.928571428571429,0.727692307692308,0.941176470588235,0.947122861586314,0.96583850931677,0,0,0.931714719271624,0,0.105426356589147,0,0.97007874015748,0.311004784688995,0.250398724082935,0.162287480680062,0.888364779874214,0,0.148902821316614,0.948837209302326,0.962204724409449,0.693396226415094,0.452380952380952,0.258258258258258,0.230886850152905,0.65818759936407,0.0430769230769231,0.164576802507837,0.590342679127726,0.283018867924528,0.711450381679389,0.0573643410852713,0,0.041335453100159,0.356466876971609,0.948635634028893,0.643962848297214,0.276276276276276,0.647709320695103,0.880368098159509,0.932203389830508,0.967266775777414,0.948598130841122,0.953376205787781,0.946287519747235,0.58814352574103,0.473765432098765,0.951334379905808,0.0539730134932534,0.0534351145038168,0.882629107981221,0.00917431192660551,0.956923076923077,0.923913043478261,0,0.156957928802589,0,0.941915227629513,0,0.954616588419405,0.95440251572327,0.0429447852760736,0.829153605015674,0.950693374422188,0.688709677419355,0.652241112828439,0.871875,0,0,0.9185667752443,0.947916666666667,0.965571205007825,0,0,0.0421393841166937,0.263565891472868,0.496087636932707,0,0.48125,0,0.927099841521395,0.950636942675159,0.200636942675159,0.288372093023256,0,0.384858044164038,0.590764331210191,0.84012539184953,0.958715596330275,0.809672386895476,0.045958795562599,0.960254372019078,0.0172413793103448,0.942028985507246,0,0.963691376701967,0.0046801872074883,0.952380952380952,0.0621019108280255,0.0362776025236593,0,0,0.838258164852255,0.890850722311397,0.931297709923664,0.69478527607362,0.0741301059001513,0.0566343042071197,0.834130781499203,0.830275229357798,0,0.0589147286821705,0.936708860759494,0,0.931089743589744,0.963246554364472,0.104199066874028,0.0391849529780564,0.0424528301886792,0.953416149068323,0.500794912559618,0.111111111111111,0.146774193548387,0.154083204930663,0.717285945072698,0.125581395348837,0.952305246422893,0,0.759554140127389,0.929447852760736,0.00470219435736677,0,0.0542986425339367,0,0.0569230769230769,0.948517940717629,0.728155339805825,0.0509554140127389,0.0508744038155803,0.57784911717496,0.953125,0.479623824451411,0.0430769230769231,0.0430622009569378,0.054140127388535,0.0171339563862928,0,0.0692913385826772,0.0523882896764253,0.0504731861198738,0.0574534161490683,0.0415384615384615,0.046474358974359,0.0506134969325153,0.0603715170278638,0.0173501577287066,0.00648298217179903,0.0268562401263823,0.0232198142414861,0.055379746835443,0.0552922590837283,0.0199386503067485,0.0465489566613162,0.0512,0.0408805031446541,0.0527131782945736,0.024132730015083,0.0521472392638037,0.0769230769230769,0.053680981595092,0.0457413249211356
"606",0.955315870570108,0.952959028831563,0.954545454545455,0.943573667711599,0.957680250783699,0.964856230031949,0.898595943837754,0.955589586523737,0.953030303030303,0,0.952012383900929,0,0.606106870229008,0.953488372093023,0.0828220858895705,0.0533536585365854,0,0.0155763239875389,0.949447077409163,0.947368421052632,0.195158850226929,0.0738993710691824,0.940458015267176,0,0.920122887864823,0.288611544461778,0.146153846153846,0.950310559006211,0.497744360902256,0.719939117199391,0.0389805097451274,0.725460122699387,0.788491446345257,0.309119010819165,0,0.953416149068323,0.0164670658682635,0.958904109589041,0.302806499261448,0.877611940298507,0.00155763239875389,0.0151745068285281,0.0060882800608828,0.95679012345679,0.812006319115324,0.0662460567823344,0.525902668759812,0.0422535211267606,0.50222882615156,0.171945701357466,0,0.959876543209877,0.293129770992366,0.949308755760369,0.890937019969278,0.191153238546603,0,0.928571428571429,0.946889226100152,0.909502262443439,0.32370820668693,0.468373493975904,0.0425867507886435,0,0.88125,0.821100917431193,0,0.9558599695586,0,0.0419906687402799,0.832326283987915,0.0487804878048781,0.0605590062111801,0.956586826347305,0,0.735159817351598,0.0896656534954407,0.590062111801242,0.911671924290221,0.306818181818182,0,0.753030303030303,0.247391952309985,0.955752212389381,0.153963414634146,0.93202416918429,0.948640483383686,0.950075642965204,0.939301972685888,0.00748502994011976,0.943683409436834,0.952453987730061,0,0,0.950871632329635,0,0.337920489296636,0.95,0.0061633281972265,0.00766871165644172,0.653374233128834,0,0.328220858895706,0.956723338485317,0.148484848484848,0.952456418383518,0.0078003120124805,0.961656441717791,0.043613707165109,0.0547112462006079,0.055045871559633,0.898595943837754,0.364741641337386,0.952307692307692,0,0.961597542242704,0.755351681957186,0,0.0487062404870624,0.260802469135802,0,0.792944785276074,0.280060882800609,0.116535433070866,0.955315870570108,0.179173047473201,0.95067264573991,0.96319018404908,0,0.581538461538462,0.955589586523737,0.513846153846154,0.94620253164557,0,0.95125786163522,0.0570570570570571,0,0.244514106583072,0.636645962732919,0.5568,0,0,0.960061443932412,0.776234567901235,0.20625,0.95968992248062,0.0464396284829721,0.954268292682927,0.4390625,0.960902255639098,0.175548589341693,0.953488372093023,0.957680250783699,0.840978593272171,0.957120980091884,0.0451713395638629,0.960244648318043,0.0479134466769706,0,0.753105590062112,0.864661654135338,0.942511346444781,0.0602409638554217,0,0.95738203957382,0.480438184663537,0.965354330708661,0.953775038520801,0.957055214723926,0.320950965824666,0.956060606060606,0.0462962962962963,0.938622754491018,0.0507462686567164,0.900928792569659,0.389751552795031,0,0.955384615384615,0,0.842835130970724,0.95398773006135,0.158461538461538,0.958904109589041,0.922727272727273,0.949329359165425,0.936936936936937,0.126888217522659,0.402694610778443,0.918622848200313,0.929356357927786,0.0989180834621329,0.0486322188449848,0.962441314553991,0.8671875,0,0,0.332307692307692,0.00153846153846154,0.956456456456456,0.302891933028919,0.882352941176471,0.758358662613982,0.967310549777117,0.467391304347826,0.466165413533835,0.318885448916409,0.908527131782946,0.939628482972136,0.885196374622356,0,0.863013698630137,0.219626168224299,0.930124223602484,0.044822256568779,0.112291350531108,0.568111455108359,0.94435857805255,0.960546282245827,0.847113884555382,0.955384615384615,0.879389312977099,0,0.106060606060606,0.684053651266766,0.953198127925117,0,0.944108761329305,0.961481481481481,0.598461538461538,0.569018404907976,0.948757763975155,0.955974842767296,0.404354587869362,0,0.884848484848485,0.549770290964778,0.962264150943396,0.0487804878048781,0.942684766214178,0.957680250783699,0.958588957055215,0.917701863354037,0.551515151515152,0.046656298600311,0.962790697674419,0.554545454545455,0.0488888888888889,0.0447093889716841,0.23374613003096,0.0414110429447853,0.166924265842349,0.704411764705882,0.0428134556574924,0.0477611940298507,0.050381679389313,0.624624624624625,0.0839936608557845,0.961240310077519,0.0093167701863354,0.038109756097561,0,0.251543209876543,0.955453149001536,0.942635658914729,0.891104294478528,0,0.868878357030016,0.841317365269461,0.73374613003096,0.622496147919877,0.489891135303266,0.470588235294118,0.0076103500761035,0.957613814756672,0.138508371385084,0.741679873217116,0.961180124223602,0.0549618320610687,0.766513056835638,0.0493827160493827,0.161339421613394,0.956521739130435,0.957345971563981,0.891338582677165,0,0.671732522796353,0.879443585780526,0,0.0454545454545455,0.899550224887556,0.964230171073095,0,0.0458015267175573,0.0448916408668731,0.953968253968254,0.898911353032659,0.0535433070866142,0,0.418856259659969,0.963020030816641,0.812312312312312,0.408536585365854,0.691358024691358,0.944024205748865,0.049079754601227,0.954545454545455,0.955792682926829,0.0450310559006211,0.946808510638298,0.956521739130435,0.932389937106918,0.954268292682927,0.206738131699847,0.331804281345566,0.315950920245399,0.951181102362205,0.923197492163009,0.0468277945619335,0.292117465224111,0.961832061068702,0.182945736434109,0.327327327327327,0.96141975308642,0.958074534161491,0.953703703703704,0.718068535825545,0.951515151515152,0.26791277258567,0.966463414634146,0.954128440366973,0,0.35187969924812,0.593996840442338,0.058641975308642,0.0534351145038168,0.0457902511078287,0.894495412844037,0.0660660660660661,0.044478527607362,0,0.257966616084977,0.9546875,0.113496932515337,0.968051118210863,0.964885496183206,0.969088098918083,0.321428571428571,0.322834645669291,0.68160741885626,0.47411003236246,0,0.836140888208269,0.0597014925373134,0.0801815431164902,0.251524390243902,0.956923076923077,0.049306625577812,0,0.346564885496183,0.0488549618320611,0.0649149922720247,0.51617873651772,0.959247648902821,0.31055900621118,0.950715421303657,0.92,0,0.959940652818991,0.0408472012102874,0.957511380880121,0.832307692307692,0.95260663507109,0.0515625,0.936746987951807,0.044478527607362,0.857142857142857,0.748815165876777,0.91679273827534,0.96319018404908,0.94969512195122,0.321100917431193,0.927018633540373,0.952023988005997,0.0468986384266263,0.0622083981337481,0.959375,0.949924127465857,0.362385321100917,0.855623100303951,0.933870967741935,0.937031484257871,0.949464012251149,0,0.142414860681115,0.953703703703704,0.0486656200941915,0,0.967692307692308,0.00786163522012579,0.0783699059561129,0.953242835595777,0.960244648318043,0.00157232704402516,0.668224299065421,0.457943925233645,0.965625,0.0368589743589744,0.860501567398119,0.954758190327613,0.409657320872274,0.642642642642643,0.826893353941267,0,0.2,0.962732919254658,0.956856702619414,0.474418604651163,0.957317073170732,0.92891760904685,0.0626911314984709,0.00153139356814701,0.956923076923077,0.950769230769231,0.929121725731895,0.693353474320242,0.0450310559006211,0.873831775700935,0.26840490797546,0.219869706840391,0.00604229607250755,0.641065830721003,0.629800307219662,0.644716692189893,0,0.316614420062696,0.91640866873065,0.661094224924012,0.560240963855422,0.119645494830133,0,0,0.95900439238653,0.93562874251497,0,0.927018633540373,0.0078740157480315,0,0,0.95046439628483,0,0.96656050955414,0.792048929663609,0.563718140929535,0.95166163141994,0,0,0.956723338485317,0.937125748502994,0.744360902255639,0.0481927710843374,0.003125,0.87874251497006,0.632132132132132,0.961538461538462,0.551515151515152,0.372854914196568,0,0.946727549467275,0.0428571428571429,0.959119496855346,0.112676056338028,0,0.052710843373494,0.159126365054602,0.49685534591195,0.937404580152672,0,0.974626865671642,0.951367781155015,0.957511380880121,0,0.0998439937597504,0.900326797385621,0.0448717948717949,0.956845238095238,0.962292609351433,0.0487804878048781,0.95405819295559,0.324159021406728,0.82225656877898,0.0508474576271186,0.204334365325077,0.952234206471495,0.00927357032457496,0.0475460122699387,0.966412213740458,0.0507131537242472,0.682464454976303,0.42015503875969,0,0.156060606060606,0.75748031496063,0.299093655589124,0.949464012251149,0.0457317073170732,0.18361153262519,0.475040257648953,0.935338345864662,0.898050974512744,0.924148606811146,0.771875,0,0.949771689497717,0.0457317073170732,0.923076923076923,0.424764890282132,0.0481203007518797,0.958841463414634,0.957251908396947,0.956454121306376,0.651162790697674,0.963470319634703,0.164835164835165,0.226356589147287,0.92,0.878648233486943,0,0,0.955725190839695,0.917445482866044,0.0566615620214395,0.959247648902821,0.963246554364472,0.411854103343465,0.931782945736434,0.728813559322034,0.884730538922156,0,0.938650306748466,0.376947040498442,0.958074534161491,0.952234206471495,0,0.65015479876161,0.955177743431221,0.0450310559006211,0.696594427244582,0.403053435114504,0.791176470588235,0.719874804381847,0.914156626506024,0.119940029985007,0.947619047619048,0.963302752293578,0.957511380880121,0.346394984326019,0.133846153846154,0.964939024390244,0.954954954954955,0.00453857791225416,0.795180722891566,0.491577335375191,0.290715372907154,0.812403100775194,0.955453149001536,0.866251944012442,0.95619335347432,0.135338345864662,0.0485436893203883,0,0.8328173374613,0.0447530864197531,0.0426829268292683,0.306870229007634,0,0.95968992248062,0.919452887537994,0.9558599695586,0.957575757575758,0.131172839506173,0.0460122699386503,0,0,0.210608424336973,0.111455108359133,0.178294573643411,0,0.0447530864197531,0.95,0.0256797583081571,0.328682170542636,0.952012383900929,0.634408602150538,0.935085007727975,0.699395770392749,0.681481481481481,0,0.955555555555556,0.4375,0.545595054095827,0.922734026745914,0.962235649546828,0.422900763358779,0.00619195046439629,1,1,0,0.941877794336811,0.0600924499229584,0.954838709677419,0.454128440366972,0,0.0060790273556231,0.563607085346216,0.869767441860465,0.0458015267175573,0.165634674922601,0.00914634146341463,0.00157977883096367,0.74962962962963,0.0584615384615385,0.956451612903226,0.356814701378254,0.963800904977376,0.0455927051671733,0.41025641025641,0.348765432098765,0.866562009419152,0.133647798742138,0.0476923076923077,0.00303490136570561,0.0873634945397816,0,0.959881129271917,0.0616113744075829,0.967310549777117,0.0444104134762634,0.957120980091884,0,0.555052790346908,0.493846153846154,0.954828660436137,0,0.957446808510638,0,0.440758293838863,0.956586826347305,0,0.685410334346505,0.949843260188088,0.751159196290572,0.948757763975155,0.0792682926829268,0,0.954545454545455,0.288643533123028,0,0.726717557251908,0.04,0.0625954198473282,0.953125,0.959311424100156,0.95475113122172,0.946401225114854,0.949921752738654,0,0.939024390243902,0.0197568389057751,0.389140271493213,0.322678843226788,0.954614220877458,0.957251908396947,0.949924127465857,0.947852760736196,0.0584615384615385,0.0542635658914729,0.960443037974684,0.938438438438438,0.735963581183611,0.95,0.95166163141994,0.965891472868217,0,0,0.93859649122807,0,0.104387291981846,0,0.967692307692308,0.304625199362041,0.236220472440945,0.165905631659056,0.900621118012422,0,0.140458015267176,0.950844854070661,0.964939024390244,0.670731707317073,0.466176470588235,0.246676514032496,0.219219219219219,0.663536776212833,0.037821482602118,0.158139534883721,0.588509316770186,0.285276073619632,0.725490196078431,0.0521472392638037,0,0.04,0.360890302066773,0.953343701399689,0.658573596358118,0.272727272727273,0.647692307692308,0.882175226586103,0.942222222222222,0.961538461538462,0.951937984496124,0.959119496855346,0.952012383900929,0.583586626139818,0.451313755795981,0.956521739130435,0.0475482912332838,0.0449101796407186,0.879389312977099,0.00904977375565611,0.95933734939759,0.926493108728943,0,0.14622641509434,0,0.934883720930233,0,0.957251908396947,0.959564541213064,0.0419790104947526,0.844036697247706,0.957120980091884,0.689763779527559,0.658573596358118,0.881804043545879,0,0,0.921474358974359,0.949253731343284,0.969418960244648,0,0,0.0393081761006289,0.259818731117825,0.515105740181269,0,0.477794793261868,0,0.910377358490566,0.954545454545455,0.195583596214511,0.274096385542169,0,0.378294573643411,0.591614906832298,0.840667678300455,0.960843373493976,0.800613496932515,0.0405616224648986,0.960505529225908,0.0168711656441718,0.948275862068966,0,0.965722801788376,0.00464396284829721,0.95748031496063,0.0526315789473684,0.0364500792393027,0,0,0.828313253012048,0.88871473354232,0.936267071320182,0.717522658610272,0.0693215339233038,0.0510046367851623,0.82542113323124,0.834586466165414,0,0.0515625,0.931888544891641,0,0.936728395061728,0.961890243902439,0.102134146341463,0.0422322775263952,0.0385208012326656,0.955223880597015,0.485086342229199,0.104615384615385,0.134706814580032,0.147640791476408,0.71606864274571,0.134351145038168,0.954968944099379,0,0.775384615384615,0.936923076923077,0.00460122699386503,0,0.0496350364963504,0,0.0519083969465649,0.953453453453453,0.72626582278481,0.0469483568075117,0.0467289719626168,0.588419405320814,0.953125,0.461068702290076,0.0451807228915663,0.0453834115805947,0.0529695024077047,0.0166919575113809,0,0.0662557781201849,0.0491071428571429,0.0442748091603053,0.0529500756429652,0.0406015037593985,0.0451010886469673,0.0528700906344411,0.0581929555895865,0.0169230769230769,0.0031201248049922,0.0229709035222052,0.0229357798165138,0.0568356374807988,0.0492307692307692,0.0200308166409861,0.043956043956044,0.0482866043613707,0.0448916408668731,0.0479876160990712,0.0224887556221889,0.0492537313432836,0.0662557781201849,0.0476900149031297,0.0423861852433281
"607",0,0,0,0,0,0,0.0110584518167457,0,0,1,0,1,0,0,0,0,1,0.984301412872841,0,0,0,0,0,1,0,0,0,0.0016025641025641,0,0,0,0,0.0016,0,1,0,0.983024691358025,0,0,0,1,0.9859375,0.993874425727412,0,0,0,0,0,0,0,1,0,0,0,0.0096,0,1,0,0.00154559505409583,0,0,0,0,1,0,0,1,0,1,0,0,0,0,0,1,0,0,0,0.00161812297734628,0,1,0,0,0,0,0,0,0,0.00311526479750779,0.989230769230769,0,0,1,1,0,1,0.0188679245283019,0,0.9953125,0.993700787401575,0.0094488188976378,1,0,0,0,0,0.988924050632911,0.00157728706624606,0,0,0,0.0125391849529781,0,0,1,0,0,1,0,0,1,0.00157232704402516,0,0,0,0,0,0,1,0.00467289719626168,0,0,0,1,0,0,1,0,0,0.00650406504065041,1,1,0,0,0,0,0,0,0,0,0,0,0,0,0,0,0,0,1,0,0.00153846153846154,0,0,1,0,0,0,0,0,0,0,0,0,0,0,0,1,0,1,0,0,0,0,0,0,0,0,0,0,0,0,0,0,0.0139318885448916,1,1,0,1,0,0,0.00956937799043062,0,0,0,0,0,0,0,0.00154559505409583,1,0,0,0,0,0,0.0046801872074883,0,0,0.00159489633173844,0,0,1,0,0,0,1,0,0,0.00462962962962963,0,0,0,0.01875,1,0.0122887864823349,0,0,0,0,0,0,0,0,0,0,0,0,0,0,0,0,0,0,0,0,0,0,0,0.990445859872611,0,1,0.00471698113207547,0,0,0,1,0,0.00306748466257669,0,0,0,0,0.990610328638498,0,0,0,0,0,0,0,0,0,0,0.0111642743221691,1,0,0.0141287284144427,1,0,0.0106707317073171,0,1,0,0,0,0,0,1,0.0173501577287066,0,0,0,0,0,0,0,0,0,0,0,0,0,0,0,0,0.00161550888529887,0,0.953271028037383,0,0,0,0,0,0,0,0,0,0,0,0,1,0,0.00803858520900321,0,0.948517940717629,0,0,0,0,1,0,0,0,0,0,0,0,0,0,0,1,0,0,0,0,0,0,1,0,0,0,0.00157728706624606,0,0,0,0,1,0,0,0,0,0,0,0,0,0,0,0,0,0.00313971742543171,0,0,0,0,0,0,0,0,0,0,0,0,1,0,0,0,1,0,0.992012779552716,0,0,0,0.998412698412698,0.00623052959501558,0,0,0,0,0,0,0,0,1,0,0,0,0,0,0,0,0.998452012383901,0,0,0,0,0,0.00159235668789809,0,0.0132013201320132,0.995283018867924,0,0,0,1,0,0.00157232704402516,0,0,0,1,1,0,0,1,0,0.988958990536278,1,1,0,1,0,0.00155763239875389,0.00460829493087558,0,1,1,0,0,0,0,0.996820349761526,0.0169491525423729,0,0,0,0,1,0,0,0.0016025641025641,0,1,0,0,0,0,1,0,0,0,1,0,0,0,0,0,0,0,0,0,0,0.0016,0,0.990430622009569,0,0,0,0,0.0126782884310618,1,0,0.00161290322580645,0,0,0,0,0,0,0,0,0,1,0,0,0,0.00476947535771065,0,0,0,0,0,0,0,0,0,0.0108864696734059,1,1,0,0,0,0,0,0,0,0,0.0168195718654434,1,0,0.0172955974842767,0,0,1,0,0,0,0.00157232704402516,0,0,0,0,0,0.00160771704180064,0,0,0.0176848874598071,0.0250783699059561,0,0,0.995334370139969,0,0,0,0,0,0,0,0.779816513761468,0,1,0.0015527950310559,0,0,0,1,0,0,0,0,0,0,1,1,0,0,0,1,0,0,0.564814814814815,0,0,0.00773993808049536,0,0,0,1,0,0,0,0.00303030303030303,0,0,0.992163009404389,0,0,1,0,0,0,0,1,0.992138364779874,0,0,0,0,0.988835725677831,1,0,0,0,0,0,0,0,0,0.00162337662337662,0,0,0.998420221169036,0,1,0,0.157119476268412,0,0,0,1,0,0,0,1,0,1,0,0,1,0.0152671755725191,0,0,0.0016,0,1,0,0,1,0,0,0,0,0,0,0.00312989045383412,0.00159744408945687,1,0,0.981366459627329,0.0183767228177642,0,0,0,0,0,0.9234375,0,0,0,0,0,0,0,1,1,0,1,0,0.998444790046656,0,0,0,0,0,0.998439937597504,0,0,0,0,0,0,0,0,0,0,0,0,0,0,1,0,0.0178861788617886,0,0.0248447204968944,0,0,0.00153846153846154,0,0.00161812297734628,0,0,0,0,0,0,0,0,0.00158730158730159,0.989164086687306,0,0,1,0,1,0,1,0,0,0,0,0,0.0015600624024961,0,0.0158730158730159,1,1,0,0,0,1,1,0,0,0,1,0,1,0,0,0.0300632911392405,0,1,0,0,0,0,0,0,0,0.905750798722045,0,1,0,0.992150706436421,0,0,0.371248025276461,1,1,0,0,0.00613496932515337,0,0,0,0,0,1,0,0,1,0,0,0,0.960244648318043,0,0,0,0,0,0,0,0,0,1,0,0,0.995297805642633,1,0,1,0,0,0,0,0,0.00476190476190476,0.00315457413249211,0,0.950310559006211,0,0.895833333333333,0.978090766823161,1,0.161137440758294,0,0,0.0062111801242236,0,0.949921752738654,0.94478527607362,0,0.977987421383648,0.991909385113269,0.948356807511737,0.975308641975309,0.938967136150235,0,0.970679012345679,0,0,0.955974842767296,0,0.932098765432099,0,0.0579029733959311,0,0
"608",0.970219435736677,0.962406015037594,0.940564635958395,0.927018633540373,0.962674961119751,0.968992248062015,0.862595419847328,0.946236559139785,0.96551724137931,0,0.969465648854962,0.0015015015015015,0.586102719033233,0.964285714285714,0.0716463414634146,0.0393343419062027,0,0.0186625194401244,0.9625,0.950151057401813,0.187594553706505,0.0568720379146919,0.968133535660091,0.00151745068285281,0.932203389830508,0.287925696594427,0.138345864661654,0.982594936708861,0.484984984984985,0.67629179331307,0.0340236686390533,0.679938744257274,0.76056338028169,0.310030395136778,0.00150375939849624,0.966257668711656,0.0211480362537764,0.963414634146341,0.270742358078603,0.882265275707899,0.0031104199066874,0.0179640718562874,0.00763358778625954,0.968798751950078,0.785046728971963,0.0558139534883721,0.548780487804878,0.0319148936170213,0.48533724340176,0.164917541229385,0.00151515151515152,0.96177370030581,0.289393939393939,0.966463414634146,0.847926267281106,0.195618153364632,0.00156494522691706,0.947772657450077,0.924812030075188,0.875190258751903,0.310291858678955,0.462595419847328,0.0317460317460317,0.0015552099533437,0.875195007800312,0.823262839879154,0,0.95852534562212,0.0015220700152207,0.0309597523219814,0.852852852852853,0.0396341463414634,0.0494590417310665,0.963800904977376,0.00151285930408472,0.713643178410795,0.0770392749244713,0.591185410334346,0.874804381846635,0.302100161550889,0.00153609831029186,0.721804511278195,0.247774480712166,0.96390977443609,0.13855421686747,0.904047976011994,0.960902255639098,0.950920245398773,1,0.012012012012012,0.955177743431221,0.966767371601209,0.00152439024390244,0.00151057401812689,0.942724458204334,0.00153139356814701,0.305135951661631,0.954545454545455,0.00742942050520059,0.00914634146341463,0.616923076923077,0.00151515151515152,0.297507788161994,0.96937212863706,0.131462333825702,0.967542503863988,0.010752688172043,0.946564885496183,0.0351145038167939,0.0426179604261796,0.043609022556391,0.871016691957511,0.368258859784284,0.966205837173579,0,0.960183767228178,0.702743902439024,0,0.033434650455927,0.257274119448698,0.00150602409638554,0.758409785932722,0.277439024390244,0.108150470219436,0.958778625954198,0.168693009118541,0.962462462462462,0.969465648854962,0.00153374233128834,0.53984962406015,0.924846625766871,0.498452012383901,0.970404984423676,0.00153374233128834,0.9629057187017,0.0505952380952381,0.00149925037481259,0.236111111111111,0.678461538461538,0.509433962264151,0.0015748031496063,0.0015625,0.960183767228178,0.758725341426404,0.1890625,0.96583850931677,0.0373692077727952,0.911854103343465,0.441860465116279,0.954209748892171,0.167449139280125,0.95738203957382,0.9640625,0.828267477203647,0.966616084977238,0.031201248049922,0.966514459665145,0.0280373831775701,0.00153139356814701,0.740683229813665,0.838805970149254,0.948872180451128,0.0513595166163142,0.00149925037481259,0.962686567164179,0.466049382716049,0.965244865718799,0.963855421686747,0.967213114754098,0.312781954887218,0.956259426847662,0.0294573643410853,0.925373134328358,0.0326409495548961,0.868012422360248,0.404870624048706,0,0.953775038520801,0.00151285930408472,0.82542113323124,0.965671641791045,0.145038167938931,0.961832061068702,0.938253012048193,0.954810495626822,0.948717948717949,0.127272727272727,0.411940298507463,0.91601866251944,0.930232558139535,0.0833333333333333,0.0375375375375375,0.9578125,0.826546003016591,0.00147492625368732,0.00153139356814701,0.313364055299539,0.00153609831029186,0.971684053651267,0.291666666666667,0.846390168970814,0.75,0.965568862275449,0.430769230769231,0.447407407407407,0.309968847352025,0.897865853658537,0.927914110429448,0.854103343465046,0.00153139356814701,0.865558912386707,0.205007824726135,0.93394777265745,0.0305810397553517,0.0988023952095808,0.528158295281583,0.951293759512938,0.953030303030303,0.824074074074074,0.967213114754098,0.875766871165644,0,0.105580693815988,0.672645739910314,0.964396284829721,0,0.959152798789713,0.956973293768546,0.538694992412747,0.56832298136646,0.960365853658537,0.967032967032967,0.370992366412214,0.00157232704402516,0.854572713643178,0.543913713405239,0.95125786163522,0.0363086232980333,0.94213649851632,0.96551724137931,0.966514459665145,0.92093023255814,0.560538116591928,0.0337423312883436,0.958652373660031,0.587786259541985,0.0398818316100443,0.0251107828655835,0.252679938744257,0.027906976744186,0.171253822629969,0.675595238095238,0.032258064516129,0.0381679389312977,0.0351145038167939,0.578241430700447,0.0651162790697674,0.961890243902439,0.012326656394453,0.033033033033033,0.00150375939849624,0.24031007751938,0.970769230769231,0.960122699386503,0.887692307692308,0,0.840625,0.84053651266766,0.690658499234303,0.619119878603945,0.480857580398162,0.467592592592593,0.0121212121212121,0.971875,0.125937031484258,0.700468018720749,0.939117199391172,0.038863976083707,0.725460122699387,0.0338983050847458,0.149773071104387,0.962686567164179,0.967692307692308,0.852664576802508,0.0014903129657228,0.631184407796102,0.848392036753446,0.00151745068285281,0.031390134529148,0.859070464767616,0.957186544342508,0,0.0323574730354391,0.030441400304414,0.9671875,0.866562009419152,0.036741214057508,0.00155038759689922,0.390839694656489,0.961360123647604,0.774480712166172,0.424242424242424,0.654798761609907,0.94081942336874,0.0397553516819572,0.96602658788774,0.969512195121951,0.038109756097561,0.944954128440367,0.965891472868217,0.942006269592476,0.96319018404908,0.223065250379363,0.321752265861027,0.292792792792793,0.9484375,0.908527131782946,0.0519083969465649,0.28858024691358,0.949924127465857,0.184568835098336,0.337260677466863,0.967987804878049,0.966205837173579,0.951515151515152,0.698289269051322,0.964179104477612,0.26875,0.944610778443114,0.95968992248062,0.00153846153846154,0.337858220211161,0.547839506172839,0.0485584218512898,0.0602409638554217,0.0391566265060241,0.883333333333333,0.0555555555555556,0.03003003003003,0.00147492625368732,0.266566265060241,0.964831804281346,0.0938461538461538,0.959375,0.949464012251149,0.96177370030581,0.311728395061728,0.3078125,0.688549618320611,0.479430379746835,0.00149925037481259,0.815668202764977,0.0431547619047619,0.0711043872919818,0.22154779969651,0.973846153846154,0.0318181818181818,0.0015015015015015,0.343939393939394,0.0419790104947526,0.0567484662576687,0.493788819875776,0.96793893129771,0.327014218009479,0.966453674121406,0.936267071320182,0,0.967930029154519,0.029806259314456,0.97037037037037,0.821100917431193,0.972179289026275,0.0332829046898638,0.949778434268833,0.0274390243902439,0.863914373088685,0.724458204334365,0.924444444444444,0.96048632218845,0.963746223564955,0.300455235204856,0.934984520123839,0.964179104477612,0.0326409495548961,0.0555555555555556,0.972136222910217,0.965151515151515,0.370820668693009,0.864457831325301,0.945945945945946,0.938530734632684,0.965151515151515,0.00154798761609907,0.135007849293564,0.966412213740458,0.033587786259542,0.00154559505409583,0.941538461538462,0.0123647604327666,0.0754716981132075,0.965413533834587,0.940729483282675,0.00465116279069767,0.621374045801527,0.468509984639017,0.955974842767296,0.0309119010819165,0.850539291217257,0.967289719626168,0.394495412844037,0.59789156626506,0.79375,0.00154798761609907,0.180981595092025,0.945904173106646,0.964939024390244,0.482442748091603,0.96937212863706,0.948470209339775,0.0578386605783866,0.00304878048780488,0.964125560538117,0.962962962962963,0.938461538461538,0.703148425787106,0.0403100775193798,0.83641975308642,0.275914634146341,0.190016103059581,0.00750750750750751,0.636923076923077,0.605504587155963,0.612903225806452,0.00150602409638554,0.321766561514196,0.892638036809816,0.662100456621005,0.548192771084337,0.109970674486804,0.00147058823529412,0.00149476831091181,0.969476744186046,0.946348733233979,0.00151975683890578,0.897553516819572,0.00930232558139535,0.00149700598802395,0.0015527950310559,0.960244648318043,0.00149925037481259,0.965571205007825,0.757894736842105,0.516081871345029,0.962178517397882,0.0015552099533437,0.0015527950310559,0.960546282245827,0.931649331352155,0.726726726726727,0.0359281437125748,0.00463678516228748,0.840601503759398,0.587087087087087,0.972560975609756,0.572072072072072,0.373456790123457,0.00151057401812689,0.948795180722892,0.0264385692068429,0.937888198757764,0.122861586314152,0.00149925037481259,0.0432190760059613,0.130434782608696,0.499205087440382,0.972477064220184,0.00150829562594268,0.938235294117647,0.953242835595777,0.964777947932619,0.00152671755725191,0.109062980030722,0.905063291139241,0.0361067503924647,0.965620328849028,0.968888888888889,0.0319148936170213,0.971514242878561,0.309559939301973,0.788990825688073,0.045662100456621,0.196567862714509,0.943425076452599,0.0121212121212121,0.0332326283987915,0.956521739130435,0.0401234567901235,0.661993769470405,0.400606980273141,0.00151285930408472,0.1350531107739,0.727838258164852,0.27760736196319,0.965620328849028,0.0308166409861325,0.178410794602699,0.477848101265823,0.935724962630792,0.863363363363363,0.93343653250774,0.753067484662577,0.00154083204930663,0.956845238095238,0.0286144578313253,0.936267071320182,0.383147853736089,0.0343283582089552,0.966917293233083,0.964451313755796,0.969325153374233,0.676380368098159,0.956325301204819,0.163833075734158,0.22,0.922960725075529,0.847662141779789,0.0015015015015015,0.0015527950310559,0.982839313572543,0.916279069767442,0.0400616332819723,0.956989247311828,0.96177370030581,0.374242424242424,0.910631741140216,0.719814241486068,0.84672619047619,0,0.942635658914729,0.337899543378995,0.97112462006079,0.967987804878049,0.00146627565982405,0.661538461538462,0.948598130841122,0.0289193302891933,0.682027649769585,0.410687022900763,0.801169590643275,0.696875,0.930131004366812,0.115097159940209,0.952830188679245,0.967741935483871,0.952959028831563,0.308777429467085,0.112307692307692,0.963246554364472,0.971810089020771,0.00900900900900901,0.786363636363636,0.470499243570348,0.296352583586626,0.758039816232772,0.962790697674419,0.862385321100917,0.973966309341501,0.117117117117117,0.0313971742543171,0.00151057401812689,0.809230769230769,0.0354938271604938,0.0306278713629403,0.313161875945537,0,0.964939024390244,0.898484848484848,0.964451313755796,0.968842729970326,0.122324159021407,0.0349544072948328,0.0014792899408284,0,0.203442879499218,0.109230769230769,0.18266253869969,0.00152439024390244,0.0260336906584992,0.965098634294385,0.0251851851851852,0.304212168486739,0.967592592592593,0.588414634146341,0.940092165898618,0.674662668665667,0.645833333333333,0.00150602409638554,0.964757709251101,0.395384615384615,0.492424242424242,0.88822652757079,0.962235649546828,0.400914634146341,0.0120300751879699,0.940909090909091,0.941877794336811,0,1,0.0449775112443778,0.9640625,0.451367781155015,0,0.010590015128593,0.50796178343949,0.819148936170213,0.0288753799392097,0.165891472868217,0.0122324159021407,0.00156985871271586,0.729013254786451,0.0547945205479452,0.968203497615262,0.36144578313253,0.957957957957958,0.0298507462686567,0.391566265060241,0.350387596899225,0.842767295597484,0.112676056338028,0.037593984962406,0.00462249614791988,0.0618238021638331,0,0.963800904977376,0.0646687697160883,0.954478707782673,0.0356037151702786,0.967542503863988,0.00152439024390244,0.537202380952381,0.483670295489891,0.967987804878049,0.00154559505409583,0.971556886227545,0.00155763239875389,0.431279620853081,0.962121212121212,0.00148148148148148,0.641768292682927,0.952234206471495,0.775888717156105,0.931192660550459,0.0631578947368421,0.00153609831029186,0.963470319634703,0.298904538341158,0.00147058823529412,0.689189189189189,0.0311111111111111,0.0494011976047904,0.964560862865948,0.972307692307692,0.979010494752624,1,0.995348837209302,0.00151975683890578,0.945121951219512,0.0256024096385542,0.361319340329835,0.318731117824773,0.963525835866261,0.955315870570108,0.967016491754123,0.957767722473605,0.0549618320610687,0.0466867469879518,0.958664546899841,0.934947049924357,0.731523378582202,0.951367781155015,0.966917293233083,0.950075642965204,0.00148588410104012,0.00151285930408472,0.950292397660819,0.0014903129657228,0.0986342943854325,0.00153374233128834,0.930197268588771,0.3171875,0.246056782334385,0.140929535232384,0.906441717791411,0,0.129850746268657,0.963076923076923,0.972434915773354,0.649847094801223,0.422125181950509,0.236994219653179,0.208643815201192,0.691472868217054,0.0359820089955022,0.148318042813456,0.543076923076923,0.278787878787879,0.729198184568835,0.0423600605143722,0.00152671755725191,0.0341614906832298,0.326120556414219,0.965463108320251,0.61144578313253,0.249624060150376,0.642526964560863,0.848575712143928,0.956909361069837,0.937597503900156,0.958841463414634,0.96875,0.964341085271318,0.578386605783866,0.442249240121581,0.966616084977238,0.0381231671554252,0.04,0.848484848484849,0.0134932533733133,0.971385542168675,0.941176470588235,0.00154559505409583,0.129485179407176,0.00152671755725191,0.930769230769231,0,0.959028831562974,0.968229954614221,0.0343796711509716,0.811059907834101,0.970326409495549,0.644961240310078,0.6289592760181,0.838461538461538,0,0.00153374233128834,0.908945686900958,0.922190201729107,0.960960960960961,0.00150602409638554,0.00151285930408472,0.03125,0.255605381165919,0.521604938271605,0.00152905198776758,0.484894259818731,0.00151285930408472,0.911764705882353,0.967791411042945,0.177847113884555,0.267563527653214,0.00148367952522255,0.380434782608696,0.607963246554365,0.846737481031866,0.943786982248521,0.770167427701674,0.031866464339909,0.961240310077519,0.012326656394453,0.970679012345679,0.00153139356814701,0.961077844311377,0.00910470409711684,0.965891472868217,0.0476190476190476,0.0324074074074074,0.00149700598802395,0.00154083204930663,0.805389221556886,0.906103286384977,0.907738095238095,0.704819277108434,0.0576070901033973,0.0417310664605873,0.825493171471927,0.982035928143713,0,0.0506912442396313,0.947611710323575,0.0015015015015015,0.948678071539658,0.935240963855422,0.101361573373676,0.0448430493273543,0.0289634146341463,0.962630792227205,0.488514548238897,0.109230769230769,0.138801261829653,0.14027149321267,0.693023255813954,0.12125748502994,0.964506172839506,0.0015220700152207,0.760188087774295,0.956716417910448,0.00458015267175573,0.00152905198776758,0.032258064516129,0.00154083204930663,0.0322085889570552,0.967016491754123,0.721439749608764,0.0342146189735614,0.037037037037037,0.528861154446178,0.927803379416283,0.457575757575758,0.0499243570347958,0.0296875,0.05320813771518,0.0212443095599393,0.00154320987654321,0.0531107738998483,0.0333817126269956,0.0262345679012346,0.036144578313253,0.0267459138187221,0.0514018691588785,0.0582959641255605,0.0426179604261796,0.0228658536585366,0.00793650793650794,0.0302571860816944,0.027027027027027,0.0610687022900763,0.0353846153846154,0.0245775729646697,0.029874213836478,0.0305810397553517,0.0496124031007752,0.0336906584992343,0.029940119760479,0.0321592649310873,0.0582822085889571,0.0311111111111111,0.0323076923076923
"609",0.0160513643659711,0.015600624024961,0.0448916408668731,0.0780254777070064,0.0272435897435897,0.0159489633173844,0.110584518167457,0.0425196850393701,0.0121765601217656,0,0.0156739811912226,0,0.4453125,0.014446227929374,0.943573667711599,0.984472049689441,0,0.0016,0.0173775671406003,0.0276073619631902,0.845669291338583,0.961352657004831,0.0233644859813084,0,0.0598425196850394,0.730891719745223,0.890795631825273,0.0176565008025682,0.52833078101072,0.322137404580153,0.984662576687117,0.320433436532508,0.242472266244057,0.71183800623053,0,0.0124416796267496,0.00613496932515337,0.01875,0.755622188905547,0.106811145510836,0,0,0,0.0171875,0.2272,0.960876369327074,0.490625,0.989147286821705,0.552352048558422,0.845565749235474,0,0.0235849056603774,0.734254992319508,0.0173228346456693,0.113057324840764,0.824367088607595,0,0.0384,0.057542768273717,0.108527131782946,0.713836477987421,0.562790697674419,0.982945736434109,0,0.112341772151899,0.178294573643411,0,0.0253565768621236,0,0.987421383647799,0.160436137071651,0.979876160990712,0.966772151898734,0.0136570561456753,0,0.294207317073171,0.943164362519201,0.423493044822257,0.113924050632911,0.728026533996683,0,0.305936073059361,0.774045801526718,0.0168711656441718,0.870917573872473,0.108231707317073,0.0184331797235023,0.048062015503876,0.043343653250774,0,0.0254372019077901,0.0170542635658915,0,0,0.042654028436019,0,0.701399688958009,0.0305343511450382,0,0,0.388364779874214,0,0.735849056603774,0.0172413793103448,0.898330804248862,0.0128617363344051,0,0.0374414976599064,0.984202211690363,0.975077881619938,0.979938271604938,0.0963665086887836,0.6671875,0.0253968253968254,0,0.031055900621118,0.314241486068111,0,0.9875,0.763322884012539,0,0.241758241758242,0.761609907120743,0.945859872611465,0.0417310664605873,0.851162790697674,0.0200617283950617,0.0188383045525903,0,0.462145110410095,0.0881889763779528,0.517295597484277,0.0224358974358974,0,0.0222575516693164,0.963246554364472,0,0.796208530805687,0.375963020030817,0.490322580645161,0,0,0.0358814352574103,0.246894409937888,0.807631160572337,0.0175438596491228,0.979813664596273,0.093603744149766,0.585326953748006,0.0335365853658537,0.858490566037736,0.028169014084507,0.0172955974842767,0.183800623052959,0.0170278637770898,0.982343499197432,0.0171606864274571,0.981279251170047,0,0.2574568288854,0.143740340030912,0.0341085271317829,0.965571205007825,0,0.01875,0.546178343949045,0.0161812297734628,0.0169491525423729,0.0137614678899083,0.72239263803681,0.0403726708074534,0.99211356466877,0.0677966101694915,0.986363636363636,0.117088607594937,0.61875,0,0.0297805642633229,0,0.166405023547881,0.0125,0.867298578199052,0.029595015576324,0.0665634674922601,0.0212765957446809,0.0378787878787879,0.890092879256966,0.622699386503067,0.0888888888888889,0.0760517799352751,0.936630602782071,0.978361669242658,0.0365659777424483,0.135176651305684,0,0,0.7140625,0,0.0168711656441718,0.742378048780488,0.125198098256735,0.2642089093702,0.0260336906584992,0.57753164556962,0.555895865237366,0.716772151898734,0.0972886762360447,0.0520504731861199,0.13713405238829,0,0.133540372670807,0.830645161290323,0.0699523052464229,0.984567901234568,0.912442396313364,0.466248037676609,0.0385802469135802,0.0368098159509202,0.184496124031008,0.0155038759689922,0.121069182389937,0,0.910518053375196,0.338983050847458,0.0220820189274448,0,0.0232198142414861,0.036144578313253,0.462962962962963,0.440860215053763,0.0268987341772152,0.0143312101910828,0.633956386292835,0,0.112462006079027,0.480438184663537,0.0465489566613162,0.986089644513138,0.0552995391705069,0.0160513643659711,0.0123076923076923,0.0596546310832025,0.475308641975309,0.985714285714286,0.0458135860979463,0.467391304347826,0.978658536585366,0.984984984984985,0.8015625,0.984447900466563,0.846153846153846,0.331297709923664,0.9875,0.979782270606532,0.973561430793157,0.428134556574924,0.942583732057416,0.0339506172839506,0,0.982704402515723,0,0.782193958664547,0.0110935023771791,0.0354391371340524,0.114854517611026,0,0.135702746365105,0.14900153609831,0.32398753894081,0.3950233281493,0.555905511811024,0.537854889589905,0,0.0158478605388273,0.897832817337461,0.309061488673139,0.0550314465408805,0.972179289026275,0.263650546021841,0.986089644513138,0.869767441860465,0.0181543116490166,0.0159235668789809,0.108974358974359,0,0.364885496183206,0.113884555382215,0,0.984544049459042,0.111613876319759,0.0348101265822785,0,0.984447900466563,0.986068111455108,0.0332805071315372,0.134493670886076,0.988853503184713,0,0.6198738170347,0.0234741784037559,0.229357798165138,0.6109375,0.351181102362205,0.0564885496183206,0.978159126365055,0.0152671755725191,0.0125,0.981308411214953,0.0523882896764253,0.0111642743221691,0.0386473429951691,0.0170278637770898,0.8078125,0.690769230769231,0.725731895223421,0.0340356564019449,0.0759289176090469,0.00154559505409583,0.73469387755102,0.0396196513470681,0.8390625,0.681203007518797,0.0185185185185185,0.0192307692307692,0.0479876160990712,0.310344827586207,0.0169753086419753,0.748006379585327,0.0522273425499232,0.0110759493670886,0,0.690440060698027,0.451355661881978,0.968454258675079,0.00154320987654321,0.981566820276498,0.109737248840804,0.962441314553991,0.984520123839009,0,0.770670826833073,0.0203761755485893,0.909952606635071,0.0309446254071661,0.0404984423676012,0.0283018867924528,0.719936708860759,0.719492868462758,0.330188679245283,0.523500810372772,0,0.189735614307932,0.973966309341501,0.94969512195122,0.806201550387597,0.0142405063291139,0.981395348837209,0,0.675883256528418,0.978361669242658,0.960691823899371,0.521193092621664,0.0173228346456693,0.713826366559486,0.0129032258064516,0.0471698113207547,0,0.0253353204172876,0.983180428134557,0.0150375939849624,0.169303797468354,0.0178861788617886,0.975155279503106,0.037037037037037,0.984544049459042,0.134466769706337,0.291866028708134,0.0667701863354037,0.0308641975308642,0.0155763239875389,0.716981132075472,0.0464396284829721,0.0137404580152672,0.987786259541985,0.970588235294118,0.0142630744849445,0.0154083204930663,0.673469387755102,0.134585289514867,0.0566343042071197,0.0651162790697674,0.0185471406491499,0,0.882825040128411,0.0122699386503067,0.993779160186625,0,0.0494417862838915,0,0.937996820349762,0.0125,0.0474683544303797,0,0.377567140600316,0.576086956521739,0.0338164251207729,0.982371794871795,0.1472,0.0160771704180064,0.625796178343949,0.404024767801858,0.228346456692913,0,0.84012539184953,0.0377358490566038,0.0187793427230047,0.550387596899225,0.0124416796267496,0.0425531914893617,0.956521739130435,0,0.029320987654321,0.01743264659271,0.0680379746835443,0.324159021406728,0.974763406940063,0.146456692913386,0.769113149847095,0.810766721044046,0,0.379746835443038,0.414330218068536,0.398449612403101,0,0.722488038277512,0.104265402843602,0.362519201228879,0.491551459293395,0.909356725146199,0,0,0.0149925037481259,0.0398773006134969,0,0.0929133858267717,0,0,0,0.0126782884310618,0,0.0176282051282051,0.235294117647059,0.48411497730711,0.0150375939849624,0,0,0.0186335403726708,0.0468277945619335,0.278816199376947,0.98310291858679,0,0.112654320987654,0.413312693498452,0.0172143974960876,0.48531684698609,0.646592709984152,0,0.0342679127725857,0.987240829346092,0.0575079872204473,0.899843505477308,0,0.977511244377811,0.859399684044234,0.532679738562091,0.0411585365853659,0,0.0660522273425499,0.0400616332819723,0.0155038759689922,0,0.918918918918919,0.0815660685154976,0.977382875605816,0.0167682926829268,0.0138248847926267,0.974960876369327,0.0107692307692308,0.714285714285714,0.20404984423676,0.977742448330684,0.839936608557845,0.0566929133858268,0,0.982839313572543,0.0416024653312789,0.979133226324238,0.349606299212598,0.593996840442338,0,0.878086419753086,0.272583201267829,0.752307692307692,0.0342146189735614,0.9859375,0.849923430321593,0.540322580645161,0.0704441041347626,0.133942161339422,0.0520504731861199,0.260663507109005,0,0.0352760736196319,0.986153846153846,0.0512422360248447,0.623809523809524,0.986280487804878,0.0153609831029186,0.0142630744849445,0.0157232704402516,0.374021909233177,0.0297805642633229,0.869218500797448,0.813694267515924,0.0790697674418605,0.122257053291536,0,0,0.0191387559808612,0.0810810810810811,0.96969696969697,0.0287081339712919,0.0248447204968944,0.643302180685358,0.0825545171339564,0.283018867924528,0.116030534351145,0,0.0490506329113924,0.668769716088328,0.0140845070422535,0.0168711656441718,0,0.353677621283255,0.0417335473515249,0.984423676012461,0.322834645669291,0.634945397815913,0.205357142857143,0.319182389937107,0.0585585585585586,0.899390243902439,0.0235849056603774,0.0182648401826484,0.0386398763523957,0.70048309178744,0.880503144654088,0.0203125,0.0137614678899083,0,0.222395023328149,0.54953560371517,0.730650154798762,0.248073959938367,0.0171339563862928,0.135646687697161,0.0155763239875389,0.111627906976744,0.988429752066116,0,0.188180404354588,0.982484076433121,0.984375,0.714511041009464,0,0.0236593059936909,0.108191653786708,0.0169491525423729,0.02,0.89375,0.982704402515723,0,0,0.834415584415584,0.93026941362916,0.842105263157895,0,0.984399375975039,0.0124416796267496,0.415525114155251,0.704581358609795,0.0126782884310618,0.427457098283931,0.0436817472698908,0.345146379044684,0.373292867981791,0,0.0134128166915052,0.617460317460317,0.510172143974961,0.0888208269525268,0.0260736196319018,0.622291021671827,0,0.0626959247648903,0.0600924499229584,0,0.0449775112443778,1,0.0279146141215107,0.555209953343701,0,0,0.486042692939245,0.182829888712242,0.986068111455108,0.849840255591054,0,0,0.270676691729323,0.968602825745683,0.0147299509001637,0.684766214177979,0.0201863354037267,0.984825493171472,0.625189681335357,0.689274447949527,0.140575079872204,0.896166134185304,0.986068111455108,0,1,0,0.0231124807395994,0.785714285714286,0.031866464339909,0.985623003194888,0.0126984126984127,0,0.493129770992366,0.531645569620253,0.014018691588785,0,0.0138461538461538,0,0.623028391167192,0.0280373831775701,0,0.341538461538462,0.0317460317460317,0.270606531881804,0.0668789808917197,0.953846153846154,0,0.0155763239875389,0.729001584786054,0,0.33026113671275,0.981651376146789,0.964831804281346,0.0174050632911392,0.0171339563862928,0.0215384615384615,0.0363924050632911,0.0256410256410256,0,0.046875,0.0015527950310559,0.64624808575804,0.715821812596006,0.0156985871271586,0.0234741784037559,0.0198170731707317,0.0213414634146341,0.0265625,0.971653543307087,0.0324675324675325,0.0573643410852713,0.289676425269646,0.0386996904024768,0.0140845070422535,0.046583850931677,0,0,0.0344311377245509,0,0.923317683881064,0.00156739811912226,0.0609375,0.715434083601286,0.794212218649518,0.870229007633588,0.0943396226415094,0.00154083204930663,0.888544891640867,0.0140625,0.0171606864274571,0.390282131661442,0.592814371257485,0.765671641791045,0.806990881458967,0.34887459807074,0.983076923076923,0.866251944012442,0.471608832807571,0.734177215189873,0.307926829268293,0.973643410852713,0,0.982484076433121,0.673534072900158,0.0111642743221691,0.351145038167939,0.785604900459418,0.383076923076923,0.13125,0.0246913580246914,0.0544,0.0347551342812006,0.0176565008025682,0.0111642743221691,0.461059190031153,0.580246913580247,0.0124610591900312,0.983358547655068,0.975646879756469,0.134883720930233,0,0.0123647604327666,0.0446153846153846,0,0.878205128205128,0,0.0628930817610063,0,0.0481366459627329,0.0185758513931889,0.978593272171254,0.168810289389068,0.0185471406491499,0.351910828025478,0.381761978361669,0.119808306709265,0,0,0.0853462157809984,0.0697329376854599,0.0259938837920489,0,0,0.987240829346092,0.76840490797546,0.492283950617284,0,0.563182527301092,0,0.0859872611464968,0.014018691588785,0.805993690851735,0.748484848484849,0,0.662957074721781,0.426100628930818,0.154330708661417,0.0484848484848485,0.236024844720497,0.984301412872841,0.0239234449760766,0.090625,0.0161290322580645,0,0.0320121951219512,0,0.0144927536231884,0.96474358974359,0.6032,0,0,0.193846153846154,0.0779014308426073,0.0659509202453988,0.298798798798799,0.957831325301205,0.977564102564103,0.194053208137715,0.169207317073171,0,0.968304278922345,0.0488188976377953,0,0.0318471337579618,0.0552147239263804,0.929797191887676,0,0.981191222570533,0.0124223602484472,0.526655896607431,0.90795631825273,0.893312101910828,0.869029275808937,0.314785373608903,0.883076923076923,0.0173228346456693,0,0.243285939968404,0.0338461538461538,0,0,0.987987987987988,0,0.987519500780031,0.0172413793103448,0.295934959349594,0.984,0.984350547730829,0.461049284578696,0.0574162679425837,0.560790273556231,0,0.982484076433121,0.0380348652931854,0.0078125,0,0.789308176100629,0.978787878787879,0.982343499197432,0.970588235294118,0.983024691358025,0.00157977883096367,0.00153609831029186,0.974203338391502,0.0046801872074883,0.00159744408945687,0.0280373831775701,0.00614439324116743,0,0.978361669242658,0.0125588697017268,0.985483870967742,0.981395348837209,0,0.979782270606532,0.0490045941807044,0.9859375,0.898753894080997,0.981900452488688,0.986024844720497
"610",0.987012987012987,0.982171799027553,0.966129032258065,0.955810147299509,0.976744186046512,0.985245901639344,0.882636655948553,0.967213114754098,0.984076433121019,0,0.985413290113452,0,0.556982343499197,0.986885245901639,0.0574712643678161,0.0221870047543582,0,0.0147783251231527,0.983416252072968,0.978827361563518,0.166666666666667,0.0480928689883914,0.9792,0,0.948635634028893,0.264705882352941,0.118892508143322,0.986644407345576,0.49445324881141,0.683870967741935,0.0144927536231884,0.692058346839546,0.781553398058252,0.295269168026101,0,0.98538961038961,0.0161290322580645,0.979591836734694,0.266770670826833,0.905901116427432,0.00163398692810458,0.0143312101910828,0.0048780487804878,0.985172981878089,0.780984719864177,0.0409165302782324,0.514657980456026,0.0130081300813008,0.470866141732283,0.143759873617694,0,0.981907894736842,0.266347687400319,0.983633387888707,0.865448504983389,0.154859967051071,0,0.957236842105263,0.947712418300654,0.907166123778502,0.3024,0.4608,0.0146341463414634,0,0.897858319604613,0.834405144694534,0,0.978547854785479,0,0.0178861788617886,0.859649122807018,0.0212765957446809,0.0307941653160454,0.985668789808917,0,0.735247208931419,0.0598705501618123,0.595121951219512,0.898163606010017,0.275337837837838,0,0.714285714285714,0.2272,0.988976377952756,0.12280701754386,0.919614147909968,0.985294117647059,1,0.962722852512156,0.00794912559618442,0.978861788617886,0.983922829581994,0,0,0.96,0,0.308056872037915,0.972402597402597,0.00487012987012987,0.00658978583196046,0.632352941176471,0,0.292282430213465,0.98330550918197,0.108832807570978,0.985342019543974,0.00977198697068404,0.970198675496689,0.0179445350734095,0.0196399345335516,0.0229508196721311,0.889789303079417,0.340460526315789,0.981878088962109,0,0.9808,0.707592891760905,0,0.016366612111293,0.246329526916803,0,0.773246329526917,0.252818035426731,0.0945273631840796,0.966237942122186,0.174193548387097,0.984051036682616,0.984051036682616,0,0.560702875399361,0.938709677419355,0.502487562189055,0.983552631578947,0,0.980230642504119,0.0332805071315372,0,0.218032786885246,0.629934210526316,0.542009884678748,0,0,0.97588424437299,0.785831960461285,0.19047619047619,0.988543371522095,0.0178282009724473,0.926984126984127,0.398042414355628,0.976340694006309,0.14003294892916,0.982286634460548,0.99,0.834967320261438,0.988654781199352,0.0132890365448505,0.988817891373802,0.0161812297734628,0,0.754901960784314,0.863344051446945,0.969745222929936,0.0287081339712919,0,0.990369181380417,0.446102819237148,0.988294314381271,0.985714285714286,0.985436893203884,0.299840510366826,0.967585089141005,0.016260162601626,0.937898089171974,0.0125,0.895348837209302,0.385852090032154,0,0.967532467532468,0,0.852988691437803,0.98538961038961,0.143790849673203,0.977272727272727,0.94912559618442,0.973270440251572,0.966613672496025,0.104234527687296,0.391096979332273,0.919141914191419,0.972085385878489,0.0647249190938511,0.0228013029315961,0.975609756097561,0.844551282051282,0,0,0.303921568627451,0.0016260162601626,0.985668789808917,0.264,0.865131578947368,0.754045307443366,0.984152139461173,0.436573311367381,0.45016077170418,0.294892915980231,0.913398692810457,0.949511400651466,0.872990353697749,0,0.879614767255217,0.176961602671119,0.943521594684385,0.0146103896103896,0.0879120879120879,0.546341463414634,0.964401294498382,0.9712,0.826860841423948,0.985553772070626,0.902640264026403,0,0.0959349593495935,0.679365079365079,0.986863711001642,0,0.98389694041868,0.970266040688576,0.566068515497553,0.551554828150573,0.97752808988764,0.981574539363484,0.368589743589744,0,0.87797147385103,0.513957307060755,0.975450081833061,0.0144694533762058,0.959183673469388,0.986928104575163,0.98705501618123,0.951986754966887,0.529695024077046,0.0194489465153971,0.969551282051282,0.546031746031746,0.0221169036334913,0.0142630744849445,0.204545454545455,0.0164744645799012,0.161616161616162,0.693910256410256,0.0147540983606557,0.0159489633173844,0.0243111831442464,0.605095541401274,0.0559210526315789,0.973553719008264,0.00818330605564648,0.0165016501650165,0,0.235679214402619,0.986798679867987,0.972131147540984,0.890850722311397,0,0.866776315789474,0.861904761904762,0.681818181818182,0.598070739549839,0.440322580645161,0.461920529801325,0.00972447325769854,0.986754966887417,0.101748807631161,0.691029900332226,0.964110929853181,0.0271565495207668,0.746732026143791,0.0194805194805195,0.128980891719745,0.988888888888889,0.983193277310924,0.87603305785124,0,0.6576,0.876221498371335,0,0.0143540669856459,0.880690737833595,0.977382875605816,0,0.0162866449511401,0.015748031496063,0.979899497487437,0.876046901172529,0.0166666666666667,0,0.391869918699187,0.980132450331126,0.779552715654952,0.401929260450161,0.661788617886179,0.951768488745981,0.0207336523125997,0.984251968503937,0.990430622009569,0.0181219110378913,0.972267536704731,0.986906710310966,0.958540630182421,0.98858075040783,0.200652528548124,0.307317073170732,0.297124600638978,0.968333333333333,0.919191919191919,0.0470016207455429,0.275409836065574,0.977124183006536,0.170178282009724,0.312302839116719,0.990461049284579,0.983606557377049,0.964052287581699,0.703947368421053,0.980891719745223,0.25615763546798,0.967793880837359,0.988391376451078,0,0.321543408360129,0.564860426929392,0.0289389067524116,0.0516129032258065,0.0238473767885533,0.90032154340836,0.0416,0.0128410914927769,0,0.237012987012987,0.985245901639344,0.0798045602605863,0.976510067114094,0.973856209150327,0.973983739837398,0.287096774193548,0.287904599659284,0.688311688311688,0.453767123287671,0,0.842276422764228,0.028391167192429,0.0493630573248408,0.201923076923077,0.985049833887043,0.0178282009724473,0,0.317741935483871,0.0256410256410256,0.0411184210526316,0.489256198347107,0.985294117647059,0.268976897689769,0.986509274873524,0.953947368421053,0,0.989180834621329,0.0113085621970921,0.983948635634029,0.842622950819672,0.98705501618123,0.0273752012882448,0.961904761904762,0.0130081300813008,0.886885245901639,0.715686274509804,0.944267515923567,0.97275641025641,0.980613893376414,0.294788273615635,0.964169381107492,0.984076433121019,0.0141509433962264,0.0402576489533011,0.98841059602649,0.982343499197432,0.325878594249201,0.883870967741936,0.955445544554455,0.953525641025641,0.984,0,0.13355592654424,0.983792544570502,0.0115321252059308,0,0.967213114754098,0.0102040816326531,0.0566666666666667,0.982594936708861,0.967479674796748,0.00323624595469256,0.642740619902121,0.435562805872757,0.978369384359401,0.0132669983416252,0.860426929392447,0.98671096345515,0.390599675850891,0.618657937806874,0.794117647058823,0,0.165869218500797,0.975767366720517,0.982171799027553,0.452648475120385,0.985849056603774,0.956672443674177,0.0455284552845528,0,0.976228209191759,0.98202614379085,0.975767366720517,0.706161137440758,0.0229885057471264,0.855973813420622,0.256451612903226,0.189003436426117,0.0048,0.642156862745098,0.606965174129353,0.611382113821138,0,0.291666666666667,0.905144694533762,0.652597402597403,0.508771929824561,0.0924764890282132,0,0,0.987823439878234,0.960254372019078,0,0.915841584158416,0.0067001675041876,0,0,0.98546042003231,0,0.986733001658375,0.777777777777778,0.53870458135861,0.985714285714286,0,0,0.979066022544283,0.95440251572327,0.7312,0.014218009478673,0.00166944908180301,0.858974358974359,0.610492845786963,0.988709677419355,0.536858974358974,0.353135313531353,0,0.972886762360447,0.011864406779661,0.95702479338843,0.108910891089109,0,0.023696682464455,0.132137030995106,0.494983277591973,0.969404186795491,0,0.952153110047847,0.966346153846154,0.984,0,0.0811688311688312,0.910924369747899,0.0168067226890756,0.9824,0.987301587301587,0.0221870047543582,0.985736925515055,0.302588996763754,0.807504078303426,0.0212765957446809,0.179401993355482,0.963141025641026,0.00813008130081301,0.0148514851485149,0.97275641025641,0.0214876033057851,0.670549084858569,0.403940886699507,0,0.126623376623377,0.738693467336683,0.270096463022508,0.972312703583062,0.0162866449511401,0.166666666666667,0.461920529801325,0.944178628389155,0.879936808846761,0.956310679611651,0.769230769230769,0,0.971337579617834,0.0144230769230769,0.952998379254457,0.416666666666667,0.0141732283464567,0.983766233766234,0.991708126036484,0.986970684039088,0.629807692307692,0.979133226324238,0.137931034482759,0.198036006546645,0.933115823817292,0.863123993558776,0,0,0.981937602627258,0.929765886287625,0.0289389067524116,0.970491803278689,0.982371794871795,0.37012987012987,0.93046357615894,0.731707317073171,0.866562009419152,0,0.957792207792208,0.347039473684211,0.98858075040783,0.990415335463259,0,0.668863261943987,0.962046204620462,0.0144694533762058,0.6996699669967,0.373801916932907,0.804381846635368,0.67603305785124,0.951104100946372,0.0989010989010989,0.97504159733777,0.984,0.975490196078431,0.305882352941176,0.101910828025478,0.984,0.985553772070626,0.00793650793650794,0.798722044728435,0.461172741679873,0.255284552845528,0.758564437194127,0.986842105263158,0.873376623376623,0.983844911147011,0.13166144200627,0.0181818181818182,0,0.81342062193126,0.0131147540983607,0.0146818923327896,0.273770491803279,0,0.987096774193548,0.911290322580645,0.98538961038961,0.985553772070626,0.106732348111658,0.0130293159609121,0,0,0.176276771004942,0.0910596026490066,0.171288743882545,0,0.0145395799676898,0.983870967741935,0.0159489633173844,0.293245469522241,0.983792544570502,0.608974358974359,0.953795379537954,0.644338118022329,0.643659711075441,0,0.984251968503937,0.397708674304419,0.502471169686985,0.910543130990415,0.983792544570502,0.38351822503962,0.00644122383252818,0.951377633711507,0.954838709677419,0,0.9640625,0.0279146141215107,1,0.440456769983687,0,0.00819672131147541,0.536013400335008,0.841059602649007,0.0146103896103896,0.140522875816993,0.00958466453674121,0.00170357751277683,0.733333333333333,0.0396694214876033,0.983136593591906,0.322683706070288,0.984177215189873,0.0128205128205128,0.385232744783307,0.348333333333333,0.861157024793388,0.119127516778523,0.0192616372391653,0.00161030595813205,0.0528925619834711,0,0.985668789808917,0.043261231281198,0.976525821596244,0.0197368421052632,0.98671096345515,0,0.505546751188589,0.48,0.983844911147011,0,0.9888,0,0.40567612687813,0.988727858293076,0,0.665071770334928,0.970684039087948,0.745928338762215,0.944170771756979,0.0487421383647799,0,0.985413290113452,0.265238879736409,0,0.6864,0.014308426073132,0.0317965023847377,0.986733001658375,0.986863711001642,0.984251968503937,0.967741935483871,0.976744186046512,0,0.967051070840198,0.022508038585209,0.358766233766234,0.279032258064516,0.980738362760835,0.978792822185971,0.975922953451043,0.977455716586151,0.0483091787439614,0.0297029702970297,0.978260869565217,0.966019417475728,0.741732283464567,0.967532467532468,0.988871224165342,0.969889064976228,0,0,0.967238689547582,0,0.0813008130081301,0,0.949675324675325,0.275409836065574,0.21571906354515,0.13322632423756,0.914239482200647,0,0.115447154471545,0.982055464926591,0.988888888888889,0.63739837398374,0.423493044822257,0.23374613003096,0.185007974481659,0.65359477124183,0.014308426073132,0.134304207119741,0.559016393442623,0.271844660194175,0.731012658227848,0.0196078431372549,0,0.0177993527508091,0.327759197324415,0.988352745424293,0.620192307692308,0.235015772870662,0.6432,0.873817034700315,0.970031545741325,0.952691680261011,0.973813420621931,0.988352745424293,0.988448844884488,0.548281505728314,0.42512077294686,0.986928104575163,0.0140625,0.023696682464455,0.86871961102107,0.0112179487179487,0.982456140350877,0.950715421303657,0,0.126903553299492,0,0.947882736156352,0,0.96656050955414,0.99025974025974,0.0207006369426752,0.829073482428115,0.9824,0.675986842105263,0.634304207119741,0.861111111111111,0,0,0.932318104906937,0.940625,0.983844911147011,0,0,0.0115131578947368,0.239549839228296,0.516181229773463,0,0.436781609195402,0,0.926229508196721,0.985270049099836,0.161449752883031,0.251602564102564,0,0.352348993288591,0.598694942903752,0.867430441898527,0.966346153846154,0.785365853658537,0.0128824476650564,0.981788079470199,0.0144230769230769,0.985148514851485,0,0.976377952755906,0.00644122383252818,0.985049833887043,0.0263157894736842,0.0215946843853821,0,0,0.811594202898551,0.932432432432432,0.930756843800322,0.714516129032258,0.03486529318542,0.0199004975124378,0.838658146964856,0.830963665086888,0,0.0232558139534884,0.960848287112561,0,0.970247933884298,0.961722488038278,0.07085346215781,0.0401284109149278,0.0161812297734628,0.987220447284345,0.471544715447154,0.0910569105691057,0.11686143572621,0.120385232744783,0.703150912106136,0.0988654781199352,0.983606557377049,0,0.766830870279146,0.972886762360447,0.00326797385620915,0,0.0125786163522013,0,0.0145161290322581,0.985436893203884,0.717607973421927,0.0132450331125828,0.014827018121911,0.555189456342669,0.949838187702265,0.458804523424879,0.0456692913385827,0.015177065767285,0.048494983277592,0.0147299509001637,0,0.0394736842105263,0.0207006369426752,0.012924071082391,0.0288,0.0128617363344051,0.0444078947368421,0.0517799352750809,0.0321543408360129,0.0146818923327896,0.00333333333333333,0.024390243902439,0.0207006369426752,0.0512820512820513,0.0241545893719807,0.0176,0.00831946755407654,0.0147299509001637,0.0413907284768212,0.0210696920583468,0.0158478605388273,0.0163398692810458,0.0388978930307942,0.0158478605388273,0.0193548387096774
"611",0.427899686520376,0.433021806853583,0.442572741194487,0.450949367088608,0.418789808917197,0.417197452229299,0.497630331753554,0.426810477657935,0.445468509984639,0,0.430359937402191,0,0.551020408163265,0.426332288401254,0.55993690851735,0.567441860465116,0,0.00626959247648903,0.449526813880126,0.452713178294574,0.593059936908517,0.585874799357945,0.440860215053763,0,0.462616822429907,0.58740157480315,0.598145285935085,0.433753943217666,0.677914110429448,0.518518518518518,0.565084226646248,0.537750385208012,0.566666666666667,0.59904912836767,0,0.420970266040689,0.013719512195122,0.430321592649311,0.608370702541106,0.50229709035222,0,0.00619195046439629,0.00153609831029186,0.425396825396825,0.500805152979066,0.580847723704867,0.536661466458658,0.566302652106084,0.591251885369532,0.656626506024096,0,0.437596302003082,0.618380062305296,0.422291993720565,0.475279106858054,0.582677165354331,0,0.452076677316294,0.438356164383562,0.458461538461538,0.576323987538941,0.684292379471229,0.565560821484992,0,0.528363047001621,0.595348837209302,0,0.435534591194969,0,0.581504702194357,0.484709480122324,0.580594679186229,0.578294573643411,0.417298937784522,0,0.605828220858896,0.567073170731707,0.661971830985915,0.4704,0.583471074380165,0,0.51219512195122,0.586626139817629,0.443251533742331,0.63182527301092,0.480122324159021,0.429878048780488,0.451010886469673,0.428571428571429,0.00153374233128834,0.421553090332805,0.4203125,0,0,0.434713375796178,0,0.62,0.431221020092736,0,0.0015625,0.603030303030303,0,0.619344773790952,0.430599369085173,0.589230769230769,0.423756019261637,0.0031055900621118,0.442879499217527,0.583596214511041,0.571870170015456,0.572093023255814,0.456692913385827,0.589703588143526,0.438377535101404,0,0.423547400611621,0.509230769230769,0,0.568111455108359,0.755134281200632,0,0.55188679245283,0.621913580246914,0.575079872204473,0.440909090909091,0.656967840735069,0.442396313364055,0.426584234930448,0,0.612752721617418,0.45839874411303,0.931746031746032,0.43859649122807,0,0.424878836833603,0.574045801526718,0,0.626391096979332,0.526898734177215,0.620967741935484,0,0,0.431432973805855,0.603448275862069,0.631415241057543,0.431924882629108,0.564465408805031,0.452160493827161,0.5824,0.43247344461305,0.601941747572815,0.425897035881435,0.4328125,0.512383900928793,0.416796267496112,0.576862123613312,0.427035330261137,0.575851393188854,0,0.645211930926217,0.483282674772036,0.453416149068323,0.574074074074074,0,0.424012158054711,0.563779527559055,0.44,0.427921092564492,0.423676012461059,0.568835098335855,0.417177914110429,0.56832298136646,0.458461538461538,0.590288315629742,0.460815047021944,0.550231839258114,0,0.43778801843318,0,0.520186335403727,0.414110429447853,0.67032967032967,0.413416536661466,0.435384615384615,0.429850746268657,0.462848297213622,0.59253499222395,0.572307692307692,0.472,0.44888178913738,0.569422776911076,0.565950920245399,0.441269841269841,0.478125,0,0,0.6296875,0,0.429663608562691,0.592649310872894,0.477917981072555,0.545592705167173,0.425531914893617,0.636942675159236,0.975384615384615,0.651419558359621,0.4399375975039,0.449922958397535,0.474497681607419,0,0.506079027355623,0.616747181964573,0.441823899371069,0.566510172143975,0.571646341463415,0.623255813953488,0.446708463949843,0.442218798151002,0.518282988871224,0.432307692307692,0.508607198748044,0,0.580246913580247,0.647779479326187,0.428120063191153,0,0.424615384615385,0.441754916792738,0.614307931570762,0.537750385208012,0.420221169036335,0.446054750402576,0.625,0,0.473035439137134,0.574534161490683,0.444976076555024,0.5578125,0.455235204855842,0.416666666666667,0.436817472698908,0.472783825816485,0.541984732824427,0.561708860759494,0.433697347893916,0.527522935779816,0.575342465753425,0.559880239520958,0.588235294117647,0.5765625,0.598726114649682,0.577812018489985,0.575851393188854,0.580495356037152,0.568992248062016,0.597859327217125,0.582278481012658,0.45625,0.00313971742543171,0.575663026521061,0,0.611374407582938,0.426984126984127,0.437990580847724,0.464506172839506,0,0.467948717948718,0.554878048780488,0.523510971786834,0.5546875,0.556765163297045,1,0.00307219662058372,0.42332268370607,0.583203732503888,0.511254019292605,0.45625,0.571207430340557,0.525157232704403,0.577223088923557,0.5859375,0.443438914027149,0.436187399030695,0.479559748427673,0,0.584375,0.460093896713615,0,0.567441860465116,0.469512195121951,0.41588785046729,0,0.592879256965944,0.577399380804954,0.457142857142857,0.490625,0.570977917981073,0,0.611197511664075,0.437106918238994,0.531818181818182,0.579029733959311,0.568965517241379,0.43730407523511,0.572093023255814,0.438066465256798,0.417956656346749,0.577399380804954,0.442901234567901,0.427444794952681,0.447784810126582,0.436335403726708,0.629057187017002,0.616438356164384,0.641744548286604,0.423861852433281,0.4672,0.0231839258114374,0.774960380348653,0.4421875,0.571870170015456,0.777439024390244,0.450549450549451,0.4421875,0.450617283950617,0.65511811023622,0.436251920122888,0.767772511848341,0.455813953488372,0.426282051282051,0,0.605546995377504,0.595541401273885,0.5765625,0.0266457680250784,0.582434514637905,0.463678516228748,0.572755417956656,0.582181259600614,0,0.619122257053291,0.43581616481775,0.630672926447574,0.447833065810594,0.444961240310077,0.431464174454829,0.63751987281399,0.6288,0.6296875,0.563725490196078,0,0.556765163297045,0.578703703703704,0.562874251497006,0.616207951070336,0.430622009569378,0.571205007824726,0,0.607476635514019,0.554868624420402,0.579778830963665,0.54858934169279,0.4234375,0.580696202531646,0.439418416801292,0.448275862068966,0,0.440298507462687,0.549770290964778,0.4375,0.557275541795666,0.440381558028617,0.563182527301092,0.452160493827161,0.565420560747664,0.547433903576983,0.518110236220472,0.48036253776435,0.438871473354232,0.432389937106918,0.63944530046225,0.45583596214511,0.416413373860182,0.56797583081571,0.579598145285935,0.4265625,0.444099378881988,0.588785046728972,0.567441860465116,0.454545454545455,0.456086286594761,0.431007751937985,0,0.586261980830671,0.440124416796268,0.572755417956656,0,0.4375,0.00318471337579618,0.582539682539683,0.429230769230769,0.436420722135008,0,0.592879256965944,0.563779527559055,0.4359375,0.566666666666667,0.468998410174881,0.424878836833603,0.661417322834646,0.591049382716049,0.503134796238245,0,0.588697017268446,0.432907348242812,0.427892234548336,0.53953488372093,0.440494590417311,0.435643564356436,0.580893682588598,0,0.433846153846154,0.437694704049844,0.447040498442368,0.58868501529052,0.575899843505477,0.471428571428571,0.545736434108527,0.586885245901639,0.00153609831029186,0.656645569620253,0.576619273301738,0.540247678018576,0,0.558917197452229,0.471518987341772,0.630602782071097,0.561832061068702,0.57957957957958,0,0,0.418777943368107,0.464339908952959,0,0.475609756097561,0.00313971742543171,0,0,0.434439178515008,0,0.427432216905901,0.552959501557632,0.605740181268882,0.405819295558959,0,0,0.433641975308642,0.464339908952959,0.597859327217125,0.569230769230769,0,0.478658536585366,0.578703703703704,0.432348367029549,0.557781201848998,0.5609375,0,0.430091185410334,0.584786053882726,0.463722397476341,0.581210191082803,0,0.556561085972851,0.64018691588785,0.660655737704918,0.450769230769231,0,0.444104134762634,0.434984520123839,0.417565485362096,0,0.570747217806041,0.485148514851485,0.563897763578275,0.424846625766871,0.43010752688172,0.575153374233129,0.42457231726283,0.62111801242236,0.5,0.58179012345679,0.603503184713376,0.462264150943396,0.00157977883096367,0.580893682588598,0.454823889739663,0.565008025682183,0.623622047244095,0.496050552922591,0,0.576506955177743,0.514240506329114,0.627329192546584,0.445820433436532,0.569659442724458,0.557275541795666,0.943548387096774,0.445966514459665,0.454961832061069,0.447409733124019,0.594551282051282,0,0.448170731707317,0.578703703703704,0.458990536277603,0.614147909967846,0.563444108761329,0.414746543778802,0.446345256609642,0.431888544891641,0.517295597484277,0.440124416796268,0.594383775351014,0.615141955835962,0.456656346749226,0.479813664596273,0,0,0.440809968847352,0.45839874411303,0.565286624203822,0.429477020602219,0.44811320754717,0.630368098159509,0.450949367088608,0.551181102362205,0.469230769230769,0,0.443381180223285,0.608150470219436,0.432601880877743,0.4234375,0,0.68798751950078,0.424290220820189,0.571207430340557,0.588697017268446,0.567901234567901,0.569940476190476,0.528481012658228,0.472809667673716,0.572932330827068,0.443037974683544,0.436335403726708,0.432558139534884,0.624193548387097,0.560250391236307,0.430577223088924,0.427921092564492,0.00154083204930663,0.592024539877301,0.678071539657854,0.5796875,0.505409582689335,0.423728813559322,0.477449455676516,0.414483821263482,0.153963414634146,0.571428571428571,0,0.5,0.568965517241379,0.568992248062016,0.598755832037325,0,0.445468509984639,0.473118279569892,0.428571428571429,0.437308868501529,0.578783151326053,0.558176100628931,0,0,0.625990491283677,0.575320512820513,0.605345911949686,0,0.580594679186229,0.421133231240429,0.223420647149461,0.646875,0.424242424242424,0.605919003115265,0.452566096423017,0.533026113671275,0.545038167938931,0,0.436390532544379,0.646964856230032,0.626168224299065,0.463414634146341,0.43558282208589,0.585780525502318,0.0015552099533437,0.439252336448598,0.454128440366972,0,0.451367781155015,0.555209953343701,0.440456769983687,1,0,0.0015552099533437,0.634304207119741,0.484177215189873,0.566358024691358,0.577352472089314,0.0031055900621118,0,0.525835866261398,0.580952380952381,0.422512234910277,0.597243491577335,0.432766615146832,0.569018404907976,0.570093457943925,0.570747217806041,0.463768115942029,0.615384615384615,0.566869300911854,0,0.568720379146919,0,0.433534743202417,0.479495268138801,0.40922619047619,0.571653543307087,0.427432216905901,0,0.542553191489362,0.659340659340659,0.432098765432099,0,0.44104134762634,0,0.59546925566343,0.443267776096823,0,0.58678955453149,0.446372239747634,0.510903426791277,0.461172741679873,0.569018404907976,0,0.411944869831547,0.613312202852615,0,0.535987748851455,0.562962962962963,0.576923076923077,0.430176565008026,0.425897035881435,0.433587786259542,0.43125,0.425806451612903,0,0.44811320754717,0.00613496932515337,0.614329268292683,0.577464788732394,0.440366972477064,0.434312210200927,0.428787878787879,0.438948995363215,0.0637636080870918,0.584615384615385,0.439418416801292,0.455246913580247,0.634674922600619,0.442879499217527,0.427692307692308,0.445288753799392,0,0,0.437878787878788,0,0.570107858243451,0.00159744408945687,0.448598130841121,0.585326953748006,0.539936102236422,0.582434514637905,0.471228615863142,0.00157232704402516,0.590697674418605,0.43213728549142,0.434715821812596,0.532488114104596,0.649408284023669,0.642105263157895,0.573394495412844,0.526148969889065,0.582298136645963,0.590979782270607,0.5984375,0.800314465408805,0.626728110599078,0.5734375,0,0.560509554140127,0.631911532385466,0.439418416801292,0.558461538461538,0.601837672281776,0.65527950310559,0.482280431432974,0.418960244648318,0.436597110754414,0.42879746835443,0.441082802547771,0.430842607313196,0.557275541795666,0.569018404907976,0.433281004709576,0.580060422960725,0.578787878787879,0.486571879936809,0.00305343511450382,0.437216338880484,0.459293394777266,0,0.63391442155309,0,0.447737909516381,0,0.437308868501529,0.43167701863354,0.578294573643411,0.486739469578783,0.437878787878788,0.573667711598746,0.578866768759571,0.478537360890302,0,0,0.464285714285714,0.45360824742268,0.424657534246575,0,0,0.562204724409449,0.739663093415008,0.948517940717629,0,0.570754716981132,0,0.450236966824645,0.439749608763693,0.566929133858268,0.607361963190184,0,0.596850393700787,0.542056074766355,0.596006144393241,0.449848024316109,0.54601226993865,0.565015479876161,0.416801292407108,0.0514820592823713,0.420221169036335,0,0.439209726443769,0.00307692307692308,0.42992125984252,0.590551181102362,0.346394984326019,0,0,0.505443234836703,0.471246006389776,0.433641975308642,0.661585365853659,0.555219364599092,0.571205007824726,0.484326018808777,0.464767616191904,0,0.582689335394127,0.454968944099379,0,0.446345256609642,0.449768160741886,0.591263650546022,0.0168970814132104,0.576036866359447,0.404615384615385,0.534072900158479,0.562790697674419,0.5744,0.585253456221198,0.592417061611374,0.634703196347032,0.424764890282132,0,0.642969984202212,0.457886676875957,0.00158730158730159,0,0.576168929110106,0,0.572317262830482,0.427244582043344,0.556962025316456,0.565977742448331,0.570048309178744,0.610492845786963,0.422291993720565,0.692780337941628,0.024653312788906,0.5696,0.0481540930979133,0.0170542635658915,0,0.48489666136725,0.571646341463415,0.572998430141287,0.575193798449612,0.576631259484067,0.0204724409448819,0.0249221183800623,0.582677165354331,0.0153846153846154,0.00788643533123028,0.0309597523219814,0.0154798761609907,0.0264385692068429,0.578294573643411,0.0201238390092879,0.560975609756098,0.553627760252366,0.0208,0.572327044025157,0.0441400304414003,0.574961360123648,0.54,0.576168929110106,0.561622464898596
"612",0,0,0,0,0,0,0.0110759493670886,0.00158982511923688,0,1,0,1,0,0,0,0,1,0.980922098569157,0,0,0,0,0,1,0,0,0,0.00162337662337662,0,0,0,0,0,0,1,0,0.984447900466563,0,0,0,0.998412698412698,0.982704402515723,0.995327102803738,0,0,0,0,0,0,0,1,0,0,0,0.0112,0,1,0,0.00314465408805031,0,0,0,0,1,0,0,1,0,1,0,0,0,0,0,1,0,0,0,0,0,1,0,0,0,0,0,0,0,0.0031496062992126,0.992272024729521,0,0,1,1,0,1,0.0172684458398744,0,0.993788819875776,0.992138364779874,0.0110935023771791,1,0,0,0,0,0.990415335463259,0.00316957210776545,0,0,0,0.012779552715655,0,0,1,0,0,1,0,0,1,0,0,0,0,0,0,0,1,0.00777604976671851,0,0,0,1,0,0,1,0,0,0.00813008130081301,1,1,0,0,0,0,0,0,0,0,0,0,0,0,0,0,0,0,1,0,0.00308641975308642,0,0,1,0,0,0,0,0,0,0,0,0,0,0.00161030595813205,0,1,0,1,0,0,0,0,0,0,0,0,0,0,0,0,0,0,0.0203442879499218,1,1,0,0.998422712933754,0,0,0.0143312101910828,0,0,0,0,0,0,0,0,1,0,0,0,0,0,0.00478468899521531,0,0,0,0,0,1,0,0,0,1,0,0,0.00627943485086342,0,0,0,0.0171339563862928,1,0.0138888888888889,0,0,0,0,0,0,0,0,0,0,0,0,0,0,0,0,0,0,0,0,0,0,0,0.991883116883117,0,1,0.00316455696202532,0,0,0,1,0.00163132137030995,0.00155763239875389,0,0,0,0,0.990415335463259,0,0,0,0,0,0,0,0,0,0,0.012779552715655,1,0,0.0159235668789809,1,0,0.0125588697017268,0.00158478605388273,1,0,0,0,0,0,1,0.0143312101910828,0,0,0,0,0,0,0,0,0,0,0,0,0,0,0,0,0.00318471337579618,0,0.951486697965571,0,0,0,0,0,0,0,0,0,0,0,0,1,0,0.00975609756097561,0,0.946372239747634,0,0,0,0,1,0,0,0,0,0,0,0,0,0,0,1,0,0,0,0,0,0,1,0,0,0,0,0,0,0,0,1,0,0,0,0,0,0,0,0,0,0,0,0,0.00316455696202532,0,0,0,0,0,0,0,0,0,0,0,0,1,0,0,0,1,0,0.992025518341308,0,0,0,0.99685534591195,0.00955414012738853,0,0,0,0,0,0,0,0,1,0,0.00162866449511401,0,0,0,0,0,0.998454404945904,0,0,0,0,0,0.00316957210776545,0,0.0114754098360656,0.995260663507109,0,0,0,1,0,0,0,0,0,1,1,0,0,1,0,0.99198717948718,1,1,0,1,0,0.0015748031496063,0.00771604938271605,0,1,1,0,0,0,0,0.998389694041868,0.0168453292496172,0,0,0,0,1,0,0,0,0,1,0,0,0,0,1,0,0,0,1,0,0,0,0,0,0,0,0,0,0,0.00161290322580645,0,0.992063492063492,0,0,0,0,0.00961538461538462,1,0,0,0,0,0,0,0,0,0,0,0,1,0,0,0,0.00483091787439614,0,0,0,0,0,0,0,0,0,0.013953488372093,1,1,0,0,0,0,0,0,0,0,0.0138674884437596,1,0,0.0127591706539075,0,0,1,0,0,0,0,0,0,0,0,0,0.00162337662337662,0,0,0.0130081300813008,0.0267716535433071,0,0,0.993670886075949,0,0,0,0,0,0,0,0.777950310559006,0,1,0,0,0,0,1,0,0,0,0,0,0,1,1,0,0,0,1,0,0,0.55625,0,0,0.0110584518167457,0,0,0,1,0,0,0,0.00463678516228748,0,0,0.993640699523052,0,0,1,0,0,0,0,1,0.992076069730586,0,0,0,0,0.990668740279938,0.998381877022654,0,0,0,0,0,0,0,0,0.00321543408360129,0,0,0.998430141287284,0,1,0,0.160130718954248,0.00154320987654321,0,0,1,0,0,0,1,0,1,0,0,1,0.0183767228177642,0,0,0,0,1,0,0,1,0,0,0,0,0,0,0.00313479623824451,0.00158478605388273,1,0,0.981424148606811,0.0167173252279635,0,0,0,0,0,0.917573872472784,0,0,0,0,0,0,0,1,1,0,1,0,0.998394863563403,0,0,0,0,0,1,0,0,0,0,0,0,0,0,0,0,0,0,0,0,1,0,0.0174603174603175,0,0.0310077519379845,0,0,0.00311526479750779,0,0.00162337662337662,0,0,0,0,0,0,0,0,0,0.989197530864197,0,0,1,0,1,0,1,0,0,0,0,0,0.00161030595813205,0,0.0176848874598071,1,1,0,0,0,1,1,0,0,0,1,0,1,0,0,0.0305466237942122,0,1,0,0,0,0,0,0,0,0.899361022364217,0,1,0,0.993640699523052,0,0,0.362760834670947,1,1,0,0,0.010989010989011,0,0,0,0,0,1,0,0,1,0,0,0,0.965023847376789,0,0,0,0,0,0,0,0,0,1,0,0,0.996825396825397,1,0,1,0,0,0,0,0,0.00646203554119548,0.00318471337579618,0,0.953775038520801,0,0.90032154340836,0.974803149606299,1,0.158478605388273,0,0,0.00618238021638331,0,0.950479233226837,0.946319018404908,0,0.979559748427673,0.993537964458804,0.950715421303657,0.974723538704581,0.943127962085308,0,0.970724191063174,0,0,0.959807073954984,0,0.930015552099533,0,0.05103668261563,0,0
"613",0.00956937799043062,0.00771604938271605,0.00763358778625954,0.00478468899521531,0.00632911392405063,0.0112179487179487,0.0234741784037559,0.00471698113207547,0.0108191653786708,0.988906497622821,0.0093603744149766,0.990683229813665,0.00306748466257669,0.0094488188976378,0,0,0.989263803680982,0.98876404494382,0.00801282051282051,0.00940438871473354,0,0,0.0061633281972265,0.990811638591118,0.00615384615384615,0.00158982511923688,0.0015625,0.00943396226415094,0.00152439024390244,0.00310077519379845,0,0.00309119010819165,0.00319488817891374,0.0015748031496063,0.990610328638498,0.0093167701863354,0.975346687211094,0.0108191653786708,0.00149700598802395,0.0108191653786708,0.992101105845182,0.989197530864197,1,0.00635930047694754,0.00480769230769231,0,0.00156739811912226,0,0.00460122699386503,0.0015220700152207,0.990697674418605,0.00938967136150235,0,0.00786163522012579,0.0234741784037559,0,0.990275526742301,0.00794912559618442,0.0124031007751938,0.00465116279069767,0.00463678516228748,0.0015600624024961,0,0.99203821656051,0.00796178343949045,0.0108527131782946,0.990639625585023,0.0109034267912773,0.990740740740741,0,0.0076103500761035,0,0,0.0060882800608828,0.992223950233281,0.00304878048780488,0,0.00463678516228748,0.00632911392405063,0,0.989045383411581,0.00154320987654321,0.00152439024390244,0.00771604938271605,0.0015625,0.00921658986175115,0.00927357032457496,0.0078003120124805,0.0107197549770291,0.998475609756098,0.00626959247648903,0.00771604938271605,0.993779160186625,0.992175273865415,0.00635930047694754,0.990580847723705,0.0198776758409786,0.00773993808049536,0.996918335901387,0.996889580093313,0.0141732283464567,0.9921875,0.00157977883096367,0.0062111801242236,0,0.00797448165869218,0.998439937597504,0.0124416796267496,0,0,0,0.0189873417721519,0,0.0093603744149766,0.995238095238095,0.00938967136150235,0,0.992307692307692,0,0.00154559505409583,0.993874425727412,0.00471698113207547,0.0015552099533437,0,0.00925925925925926,0.00154320987654321,0.00615384615384615,0.00470957613814757,0.990521327014218,0.0108359133126935,0.00782472613458529,0.00317460317460317,0.00483870967741936,0.989230769230769,0.00950871632329636,0,0.992260061919505,0,0,0.0129032258064516,0.992063492063492,0.995121951219512,0.0078003120124805,0.0062015503875969,0.00158227848101266,0.0078125,0,0.00455927051671732,0,0.0075642965204236,0,0.00934579439252336,0.00810372771474878,0.00460829493087558,0.00917431192660551,0,0.0107692307692308,0,0.990654205607477,0.00952380952380952,0.0122511485451761,0.0062111801242236,0,0.992307692307692,0.00924499229583975,0.00316957210776545,0.0110935023771791,0.00938967136150235,0.00782472613458529,0.00302571860816944,0.00933125972006221,0,0.00911854103343465,0,0.00964630225080386,0,0.992076069730586,0.00778816199376947,0.995363214837713,0.0031055900621118,0.0108359133126935,0.0016025641025641,0.00786163522012579,0.00768049155145929,0.00594353640416048,0.00924499229583975,0,0,0.00483870967741936,0.00796178343949045,0,0,0.00632911392405063,0.028169014084507,0.992354740061162,0.990384615384615,0.0015600624024961,0.992175273865415,0.00765696784073507,0,0.0158730158730159,0.00154798761609907,0.00918836140888208,0.00157232704402516,0.00154798761609907,0.00158730158730159,0.0078003120124805,0.00940438871473354,0.00773993808049536,0.990536277602524,0.00921658986175115,0,0.00636942675159236,0,0,0.00777604976671851,0.0112,0.00925925925925926,0.0046583850931677,0.0108359133126935,0.00947867298578199,0.990551181102362,0,0.00309597523219814,0.00637958532695375,0.992272024729521,0.00917431192660551,0.00606060606060606,0.00772797527047913,0.0015625,0.0110062893081761,0.0112540192926045,0.0235109717868339,0.992150706436421,0.0183767228177642,0,0.00642054574638844,0,0.00762195121951219,0.0112721417069243,0.00941915227629513,0.00940438871473354,0.00462249614791988,0,0.00628930817610063,0.00154083204930663,0,0,0,0,0,0.00151975683890578,0,0,0,0.0030441400304414,0,0.00634920634920635,0.998417721518987,0,0.992378048780488,0.00319488817891374,0.00634920634920635,0.00467289719626168,0.00775193798449612,0.993836671802773,0.00642054574638844,0.0136986301369863,0.00156739811912226,0,0.00156739811912226,0.00317965023847377,0.998422712933754,0.00949367088607595,0,0.00161812297734628,0.00778816199376947,0,0.0031104199066874,0,0,0.00766871165644172,0.00963081861958266,0.0206677265500795,0.989393939393939,0.00154083204930663,0.0235478806907378,0.990697674418605,0,0.0197869101978691,0.0093603744149766,0.989079563182527,0,0,0.00786163522012579,0.00321543408360129,0,0.993690851735016,0.0186915887850467,0.00938967136150235,0.00306748466257669,0.0015600624024961,0.00315955766192733,0.00766871165644172,0,0.00766871165644172,0.0093167701863354,0,0.00792393026941363,0.0046875,0.00793650793650794,0.00940438871473354,0,0.00152671755725191,0.0015600624024961,0.00946372239747634,0.0064,0.963133640552995,0.00156494522691706,0.0109204368174727,0.00157728706624606,0.00301659125188537,0.00921658986175115,0.0110410094637224,0.00934579439252336,0,0.00918836140888208,0.00157232704402516,0.0093167701863354,0.00955414012738853,0.992163009404389,0,0.0111642743221691,0,0.962732919254658,0,0.0062015503875969,0,0,0.990936555891239,0.00155763239875389,0.00938967136150235,0,0.00972447325769854,0.00775193798449612,0.00940438871473354,0.00155763239875389,0.00159489633173844,0.00315955766192733,0,0.990769230769231,0.00628930817610063,0,0,0,0.0111287758346582,0,0.990825688073395,0,0,0,0.00469483568075117,0.0110584518167457,0,0.00970873786407767,0.00784929356357928,0.990783410138249,0.00600600600600601,0,0.0106870229007634,0.00469483568075117,0.00972447325769854,0,0.00610687022900763,0,0.0108359133126935,0.00471698113207547,0.0108527131782946,0.009375,0.009375,0.0015600624024961,0.0109717868338558,0.0108191653786708,0,0.00155038759689922,0.00941915227629513,0.00625,0,0.0109204368174727,0.0112359550561798,0.00614439324116743,0.0108695652173913,0.988871224165342,0,0.0107692307692308,0,0.992050874403816,0.00793650793650794,1,0,0.00920245398773006,0.00783699059561128,1,0.0126782884310618,0.0015527950310559,0.0111464968152866,0,0.00788643533123028,0.00796178343949045,0.00157728706624606,0.00151745068285281,0.00467289719626168,0.992,0,0.00642054574638844,0.00782472613458529,0,0.0108191653786708,0.0115511551155116,0,0.993808049535604,0.00904977375565611,0.00770416024653313,0.00471698113207547,0.00461538461538462,0,0.0125588697017268,0.00313479623824451,0.0164473684210526,0.998452012383901,0.00317460317460317,0.0046875,0.0046656298600311,0.9921875,0,0.0077639751552795,0.0046801872074883,0,0,0.992223950233281,0.993836671802773,0.00895522388059702,0.0106221547799697,0.990783410138249,0.00772797527047913,0.998425196850394,0.995440729483283,0.988817891373802,0.0107692307692308,0.990639625585023,0.00654664484451719,0.00464396284829721,0.00611620795107034,0.0105740181268882,0.990536277602524,0.990580847723705,0.00786163522012579,0.00911854103343465,0.00614439324116743,0,0.993589743589744,0.0217054263565891,0.00156985871271586,0.0110236220472441,0,0,0.993827160493827,0.00928792569659443,0,0.0112179487179487,0,0.990740740740741,0,0.00156494522691706,0.00328407224958949,0.00918836140888208,0.992211838006231,0.00763358778625954,0.00923076923076923,0.0106707317073171,0.993808049535604,0,0.00811688311688312,0,0.010752688172043,0.00617283950617284,0,0.010752688172043,0.00155763239875389,0.0062402496099844,0,0.00316455696202532,0.00789889415481832,0.998432601880878,0,0.00930232558139535,0,0.0016025641025641,0.0111111111111111,0.992295839753467,0,0.00801282051282051,0.0015600624024961,0.00930232558139535,0,0,0.0032520325203252,0.00453857791225416,0.0045662100456621,0.00783699059561128,0.00474683544303797,0.988958990536278,0.00924499229583975,0,0.00775193798449612,0.00646203554119548,0,0.00934579439252336,0.009375,0.0078740157480315,0.0015600624024961,0.00928792569659443,0,0,0.0110935023771791,0.0202808112324493,0.990839694656489,0.990491283676704,0.00794912559618442,0.00793650793650794,0,0.00949367088607595,0.00943396226415094,0,0.00625978090766823,0.00480769230769231,0.0214395099540582,0.990867579908676,0.00946372239747634,0.0187793427230047,0.0078003120124805,0.00784929356357928,0.992343032159265,0.00783699059561128,0.00778816199376947,0,0.00783699059561128,0,0.00747384155455904,0.00477707006369427,0.00909090909090909,0,0.0127388535031847,0.00933125972006221,0.00623052959501558,0.0176848874598071,0.0220472440944882,0.0107361963190184,0.00609756097560976,0.998463901689708,0.00307219662058372,0.00463678516228748,0,0.00311526479750779,0.0093603744149766,0.00625,0.00769230769230769,0.771558245083207,0,0.990811638591118,0.00625,0,0,0,0.995297805642633,0.009375,0.00461538461538462,0.00782472613458529,0.00923076923076923,0,0,0.98956780923994,0.989147286821705,0,0,0,0.990654205607477,0,0.00771604938271605,0.557781201848998,0.00154559505409583,0.00638977635782748,0.0108695652173913,0.00783699059561128,0.00465116279069767,0.00306278713629403,0.990839694656489,0.00898203592814371,0.00158478605388273,0.00157728706624606,0.013953488372093,0.0107692307692308,0,0.995384615384615,0.00625978090766823,0.0060790273556231,0.992138364779874,0.010590015128593,0,0.00819672131147541,0.0015552099533437,0.992076069730586,1,0.00162866449511401,0.0031201248049922,0,0,1,0.9904,0.00448430493273543,0,0.0115321252059308,0,0.0108191653786708,0,0.00467289719626168,0.00161290322580645,0.0111464968152866,0,0,0.998470948012232,0,0.989147286821705,0.0106060606060606,0.154704944178628,0.00757575757575758,0,0.00941915227629513,0.992295839753467,0.00305810397553517,0.00157232704402516,0.00628930817610063,0.990551181102362,0.00916030534351145,0.989079563182527,0,0.0093167701863354,0.993827160493827,0.0230414746543779,0.004739336492891,0.0015600624024961,0.00793650793650794,0,0.988941548183254,0.0093603744149766,0,0.989345509893455,0.00154559505409583,0,0,0.00628930817610063,0.00788643533123028,0.00757575757575758,0.0094488188976378,0.00614439324116743,0.989079563182527,0.00933125972006221,0.990726429675425,0.0216049382716049,0,0.0078125,0.00778816199376947,0.0062111801242236,0.0109375,0.924731182795699,0,0.00970873786407767,0.00623052959501558,0.00617283950617284,0.00941915227629513,0.00923076923076923,0.00938967136150235,0.990683229813665,0.993827160493827,0.0103857566765579,0.99075500770416,0,0.990595611285266,0.00622083981337481,0,0.00317965023847377,0,0.00782472613458529,0.990697674418605,0,0.0108864696734059,0.0108191653786708,0.00307692307692308,0.00149253731343284,0.00149253731343284,0,0.00159744408945687,0,0.00157232704402516,0.00156739811912226,0.00154798761609907,0.00617283950617284,0,0.990491283676704,0,0.0191082802547771,0.00643086816720257,0.0341614906832298,0.00149253731343284,0.00157232704402516,0.00933125972006221,0.0106382978723404,0.0113085621970921,0.00794912559618442,0.00801282051282051,0.0094488188976378,0,0.00153374233128834,0.0109546165884194,0,0,0.00918836140888208,0.998470948012232,0.00928792569659443,0.00619195046439629,0.993650793650794,0,0.990610328638498,0.00625978090766823,0.990415335463259,0.00930232558139535,0.0078003120124805,0,0.0062992125984252,0.00917431192660551,0.00318471337579618,0.00154083204930663,0.02660406885759,0.990697674418605,0.992138364779874,0.0048780487804878,0.00606060606060606,0.0078003120124805,0.990881458966565,0.990783410138249,0,0.00153139356814701,0.00315457413249211,0.9890625,0,0.995348837209302,0.00803858520900321,0.00788643533123028,0.0286624203821656,0.0015625,0.989345509893455,0.00157232704402516,0.00157977883096367,0.00940438871473354,0.00763358778625954,0.0031055900621118,0,0.00958466453674121,0.889580093312597,0.0109204368174727,0.993579454253612,0.0076103500761035,1,0.00961538461538462,0,0.369565217391304,0.990783410138249,0.992125984251969,0.00619195046439629,0.0096,0.0196969696969697,0.00464396284829721,0,0,0.00618238021638331,0.00914634146341463,0.993589743589744,0,0.00778816199376947,0.992272024729521,0.0111821086261981,0.00925925925925926,0,0.968798751950078,0,0.0105740181268882,0.00158227848101266,0,0,0,0.00322061191626409,0.00152905198776758,0.0063391442155309,0.990625,0.0110062893081761,0.00928792569659443,0.996820349761526,0.990625,0,0.992163009404389,0,0.00783699059561128,0.00493421052631579,0,0,0.00637958532695375,0.0125588697017268,0.00153846153846154,0.95852534562212,0,0.902053712480253,0.9765625,0.992063492063492,0.16403785488959,0,0,0.00460829493087558,0,0.962441314553991,0.958139534883721,0,0.979430379746835,0.990369181380417,0.94556765163297,0.975384615384615,0.954828660436137,0,0.96875,0,0,0.961904761904762,0,0.92412746585736,0,0.054858934169279,0,0
"614",0.527960526315789,0.52124183006536,0.538338658146965,0.555189456342669,0.521594684385382,0.51864406779661,0.607201309328969,0.545751633986928,0.50796178343949,0,0.513157894736842,0,0.625199362041467,0.505804311774461,0.520798668885191,0.505728314238953,0,0.00665557404326123,0.524834437086093,0.535369774919614,0.666129032258065,0.498322147651007,0.516693163751987,0,0.576298701298701,0.573553719008264,0.57001647446458,0.518333333333333,0.725649350649351,0.723747980613893,0.498402555910543,0.673770491803279,0.656301145662848,0.582258064516129,0,0.504091653027823,0.0145867098865478,0.501623376623377,0.703875968992248,0.559294871794872,0.00164744645799012,0.00323624595469256,0.0016260162601626,0.501655629139073,0.655,0.512437810945274,0.582781456953642,0.482758620689655,0.672523961661342,0.5776,0,0.510603588907015,0.684124386252046,0.508223684210526,0.609555189456343,0.57286432160804,0,0.53960396039604,0.545307443365696,0.592592592592593,0.587275693311582,0.717569786535304,0.480737018425461,0,0.597643097643098,0.625396825396825,0,0.519134775374376,0,0.470491803278689,0.5616,0.4848,0.515248796147673,0.513643659711075,0,0.691573926868045,0.529505582137161,0.657467532467532,0.588138385502471,0.626072041166381,0,0.64968152866242,0.592948717948718,0.515055467511886,0.570962479608483,0.598694942903752,0.500807754442649,0.548543689320388,0.517857142857143,0,0.510603588907015,0.507364975450082,0,0,0.535353535353535,0,0.742718446601942,0.510603588907015,0.0032,0.00334448160535117,0.80718954248366,0,0.730263157894737,0.507389162561576,0.593949044585987,0.502463054187192,0,0.531810766721044,0.494233937397035,0.484297520661157,0.479608482871126,0.571428571428571,0.60495867768595,0.51328903654485,0,0.526742301458671,0.657377049180328,0,0.487844408427877,0.612377850162866,0,0.66334991708126,0.737704918032787,0.546052631578947,0.519417475728155,0.577669902912621,0.516693163751987,0.516339869281046,0,0.878444084278768,0.561779242174629,0.648829431438127,0.522537562604341,0,0.513377926421405,0.493650793650794,0,0.736842105263158,0.574918566775244,0.860738255033557,0,0,0.539579967689822,0.680194805194805,0.578073089700997,0.505654281098546,0.476345840130506,0.593137254901961,0.61247947454844,0.5103668261563,0.648648648648649,0.518032786885246,0.500840336134454,0.59640522875817,0.513071895424837,0.478333333333333,0.518760195758564,0.486088379705401,0,0.676567656765677,0.622222222222222,0.524879614767255,0.492822966507177,0,0.508064516129032,0.635607321131448,0.512562814070352,0.515347334410339,0.51219512195122,0.565768621236133,0.526484751203852,0.487644151565074,0.539184952978056,0.49609984399376,0.594370860927152,0.58252427184466,0,0.514900662251656,0,0.570048309178744,0.515548281505728,0.55,0.532362459546926,0.549180327868853,0.511041009463722,0.528753993610224,0.544444444444444,0.611916264090177,0.593645484949833,0.551782682512733,0.523809523809524,0.4976,0.53518821603928,0.622549019607843,0,0,0.817589576547231,0.00162866449511401,0.515923566878981,0.610305958132045,0.606260296540362,0.580385852090032,0.531847133757962,0.946308724832215,0.653907496012759,0.796694214876033,0.524590163934426,0.535655058043118,0.590243902439024,0,0.613057324840764,0.684563758389262,0.56312292358804,0.490968801313629,0.516025641025641,0.88529886914378,0.536824877250409,0.522653721682848,0.640522875816993,0.519736842105263,0.592532467532468,0,0.519543973941368,0.720967741935484,0.523577235772358,0,0.517741935483871,0.5229793977813,0.876221498371335,0.586319218241042,0.523654159869494,0.517647058823529,0.781906300484653,0,0.5952,0.665032679738562,0.547420965058236,0.496732026143791,0.530063291139241,0.518032786885246,0.5103668261563,0.533003300330033,0.637239165329053,0.510603588907015,0.544554455445545,0.584814216478191,0.487301587301587,0.478939157566303,0.538461538461538,0.489566613162119,0.640132669983416,0.769230769230769,0.489533011272142,0.493506493506494,0.513114754098361,0.917874396135266,0.492586490939044,0.530377668308703,0.00166944908180301,0.476973684210526,0,0.714285714285714,0.53156146179402,0.525619834710744,0.575856443719413,0,0.615257048092869,0.606060606060606,0.668308702791461,0.662957074721781,0.616026711185309,0.626029654036244,0.00162866449511401,0.493311036789298,0.591503267973856,0.672268907563025,0.552504038772213,0.508914100486224,0.756888168557536,0.49009900990099,0.552631578947368,0.519747235387046,0.507588532883642,0.604026845637584,0,0.891760904684976,0.592471358428805,0,0.492730210016155,0.594551282051282,0.516393442622951,0,0.5,0.499194847020934,0.53476821192053,0.595993322203673,0.487603305785124,0,0.793780687397709,0.521452145214521,0.716346153846154,0.610749185667752,0.805921052631579,0.521311475409836,0.498355263157895,0.517405063291139,0.502446982055465,0.485245901639344,0.548231511254019,0.518945634266886,0.536544850498339,0.514563106796116,0.586490939044481,0.716369529983793,0.790584415584416,0.526143790849673,0.550167224080268,0.028892455858748,0.610837438423645,0.535073409461664,0.538336052202284,0.636792452830189,0.517684887459807,0.509090909090909,0.536585365853659,0.716917922948074,0.491961414790997,0.600660066006601,0.560581583198708,0.502479338842975,0,0.706070287539936,0.798668885191348,0.506535947712418,0.0293637846655791,0.482484076433121,0.575409836065574,0.501587301587302,0.486356340288925,0,0.595081967213115,0.522875816993464,0.565853658536585,0.538071065989848,0.551834130781499,0.515548281505728,0.800658978583196,0.7834179357022,0.658576051779935,0.594957983193277,0,0.622331691297209,0.492868462757528,0.498412698412698,0.659016393442623,0.519867549668874,0.494214876033058,0,0.729335494327391,0.490322580645161,0.520798668885191,0.633223684210526,0.500807754442649,0.607907742998353,0.523890784982935,0.50990099009901,0,0.521806853582555,0.477346278317152,0.528089887640449,0.61038961038961,0.531302876480541,0.510815307820299,0.52572347266881,0.476345840130506,0.575609756097561,0.646179401993355,0.560581583198708,0.541118421052632,0.507364975450082,0.773553719008264,0.547385620915033,0.491987179487179,0.4953125,0.500807754442649,0.508333333333333,0.507340946166395,0.61576354679803,0.555737704918033,0.54468802698145,0.548231511254019,0.513556618819777,0,0.567880794701987,0.512987012987013,0.490228013029316,0,0.528830313014827,0.00166666666666667,0.503225806451613,0.523125996810207,0.548599670510708,0.00164203612479475,0.811475409836066,0.584843492586491,0.530578512396694,0.474832214765101,0.572607260726073,0.506644518272425,0.712624584717608,0.946341463414634,0.634266886326194,0,0.660162601626016,0.529510961214165,0.533222591362126,0.582113821138211,0.512987012987013,0.518072289156627,0.497520661157025,0,0.536115569823435,0.531810766721044,0.557723577235772,0.644480519480519,0.476973684210526,0.629382303839733,0.570048309178744,0.630397236614853,0.00162337662337662,0.679401993355482,0.711726384364821,0.678688524590164,0,0.607445008460237,0.5792,0.656957928802589,0.645161290322581,0.540625,0,0,0.510204081632653,0.520569620253165,0,0.585089141004862,0,0,0,0.504078303425775,0,0.539363484087102,0.74512987012987,0.889423076923077,0.513687600644122,0,0,0.498371335504886,0.546456692913386,0.693311582381729,0.491056910569106,0,0.603531300160514,0.919354838709677,0.529900332225914,0.601286173633441,0.613636363636364,0,0.513029315960912,0.484033613445378,0.558484349258649,0.499170812603648,0,0.496825396825397,0.569767441860465,0.613945578231292,0.520458265139116,0,0.560702875399361,0.533546325878594,0.5008,0,0.525451559934319,0.533333333333333,0.510998307952623,0.508943089430894,0.501602564102564,0.492730210016155,0.49672131147541,0.809369951534733,0.69281045751634,0.494252873563218,0.658901830282862,0.551554828150573,0.00162074554294976,0.503236245954693,0.5264,0.488964346349745,0.706840390879479,0.594059405940594,0,0.572123176661264,0.633333333333333,0.752039151712887,0.531502423263328,0.47411003236246,0.560777957860616,0.647359454855196,0.552922590837283,0.5712,0.538714991762768,0.647058823529412,0,0.515297906602254,0.491114701130856,0.513157894736842,0.802698145025295,0.487138263665595,0.497584541062802,0.530679933665008,0.509151414309484,0.577741407528642,0.523349436392915,0.632013201320132,0.686371100164204,0.562091503267974,0.620915032679739,0,0,0.518821603927987,0.550918196994992,0.495033112582781,0.533661740558292,0.535714285714286,0.848534201954397,0.575809199318569,0.774247491638796,0.594813614262561,0,0.540133779264214,0.767710049423394,0.520193861066236,0.504918032786885,0,0.690553745928339,0.54228855721393,0.504012841091493,0.663879598662207,0.596491228070175,0.607255520504732,0.662751677852349,0.533858267716535,0.519047619047619,0.528735632183908,0.513029315960912,0.531045751633987,0.738539898132428,0.550724637681159,0.518821603927987,0.506430868167203,0.0016260162601626,0.666666666666667,0.699013157894737,0.583333333333333,0.642276422764228,0.494233937397035,0.57799671592775,0.518518518518518,0.200320512820513,0.482293423271501,0,0.638157894736842,0.491803278688525,0.481239804241436,0.620967741935484,0,0.53257328990228,0.57258064516129,0.511400651465798,0.529315960912052,0.539473684210526,0.494271685761047,0,0,0.658496732026144,0.530884808013356,0.549248747913189,0,0.4848,0.497553017944535,0.208267090620032,0.791599353796446,0.527960526315789,0.832268370607029,0.522167487684729,0.66936790923825,0.682182985553772,0,0.5141065830721,0.917922948073702,0.973509933774834,0.596491228070175,0.525974025974026,0.728731942215088,0.00163398692810458,0.559602649006622,0.563607085346216,0,0.50796178343949,0.486042692939245,0.536013400335008,0.634304207119741,0,0.00162866449511401,1,0.634584013050571,0.4848,0.577441077441077,0.00164203612479475,0.00166944908180301,0.606012658227848,0.509031198686371,0.502564102564103,0.632850241545894,0.521880064829822,0.493589743589744,0.608482871125612,0.562396006655574,0.627906976744186,0.557239057239057,0.495961227786753,0.00163398692810458,0.511627906976744,0,0.520700636942675,0.437185929648241,0.53525641025641,0.497545008183306,0.513157894736842,0,0.60952380952381,0.702127659574468,0.507317073170732,0,0.5072,0,0.624149659863946,0.52572347266881,0,0.805466237942122,0.527272727272727,0.574750830564784,0.550167224080268,0.511326860841424,0,0.50990099009901,0.58,0,0.685154975530179,0.478193146417445,0.49185667752443,0.510743801652893,0.51559934318555,0.507131537242472,0.521172638436482,0.526315789473684,0,0.537067545304778,0.00480769230769231,0.768233387358185,0.603559870550162,0.525806451612903,0.51294498381877,0.523052464228935,0.525121555915721,0.0692431561996779,0.503246753246753,0.536626916524702,0.535714285714286,0.658653846153846,0.537459283387622,0.498407643312102,0.537581699346405,0,0,0.5265625,0,0.52373417721519,0.00161812297734628,0.554455445544555,0.580808080808081,0.567164179104478,0.597738287560582,0.569767441860465,0,0.582113821138211,0.511400651465798,0.529790660225443,0.683606557377049,0.955905511811024,0.592063492063492,0.568471337579618,0.592654424040067,0.487138263665595,0.552674230145867,0.938009787928222,0.609917355371901,0.656500802568218,0.5,0,0.471854304635762,0.762852404643449,0.494037478705281,0.724306688417618,0.709728867623604,0.67479674796748,0.622977346278317,0.5104,0.554806070826307,0.517587939698492,0.516611295681063,0.519933554817276,0.645799011532125,0.632352941176471,0.511363636363636,0.499207606973059,0.495222929936306,0.615131578947368,0.00157728706624606,0.507987220447284,0.507293354943274,0,0.574829931972789,0,0.546204620462046,0,0.538336052202284,0.521311475409836,0.497592295345104,0.645631067961165,0.505546751188589,0.832236842105263,0.80623973727422,0.627677100494234,0,0,0.580204778156997,0.571205007824726,0.538961038961039,0,0,0.478849407783418,0.601957585644372,0.642740619902121,0,0.629084967320261,0,0.562706270627063,0.517412935323383,0.589285714285714,0.611916264090177,0,0.634551495016611,0.612277867528271,0.5625,0.536507936507936,0.724306688417618,0.484451718494272,0.534653465346535,0.0574162679425837,0.502495840266223,0,0.5216,0,0.508305647840532,0.491694352159468,0.314475873544093,0,0,0.611475409836066,0.540133779264214,0.560581583198708,0.692675159235669,0.506369426751592,0.503246753246753,0.562295081967213,0.503987240829346,0,0.490909090909091,0.527004909983633,0,0.509274873524452,0.556451612903226,0.527868852459016,0.024390243902439,0.48,0.519354838709677,0.595779220779221,0.505709624796085,0.541666666666667,0.555374592833876,0.684838160136286,0.561688311688312,0.530377668308703,0,0.681063122923588,0.5088,0,0,0.495297805642633,0,0.494345718901454,0.514851485148515,0.681208053691275,0.505,0.482529118136439,0.875838926174497,0.548281505728314,0.698051948051948,0.0287539936102236,0.483221476510067,0.067001675041876,0.0146341463414634,0,0.433497536945813,0.495297805642633,0.481054365733114,0.497592295345104,0.496062992125984,0.0252951096121417,0.034257748776509,0.501618122977346,0.014827018121911,0.00499168053244592,0.0372168284789644,0.0192616372391653,0.028892455858748,0.49672131147541,0.0228013029315961,0.470588235294118,0.486042692939245,0.0250417362270451,0.491027732463295,0.0507936507936508,0.479233226837061,0.477198697068404,0.494470774091627,0.477124183006536
"615",0.839285714285714,0.827856025039124,0.85202492211838,0.87459807073955,0.837662337662338,0.846787479406919,0.828843106180666,0.869158878504673,0.833850931677019,0,0.839370078740157,0,0.708006279434851,0.839344262295082,0.213946117274168,0.188589540412044,0,0.0127591706539075,0.832512315270936,0.846031746031746,0.328616352201258,0.195161290322581,0.8375,0,0.827639751552795,0.412420382165605,0.283227848101266,0.830618892508143,0.592307692307692,0.710031347962382,0.177469135802469,0.831513260530421,0.827751196172249,0.414173228346457,0,0.836734693877551,0.0186046511627907,0.836477987421384,0.436363636363636,0.789799072642968,0.0016,0.0110062893081761,0.0062111801242236,0.847512038523275,0.838709677419355,0.201288244766506,0.613672496025437,0.150729335494327,0.602134146341463,0.289269051321928,0,0.844339622641509,0.44131455399061,0.832528180354267,0.817307692307692,0.312803889789303,0,0.829073482428115,0.842105263157895,0.923317683881064,0.42654028436019,0.558869701726845,0.166397415185784,0,0.805194805194805,0.766823161189358,0,0.829581993569132,0,0.157142857142857,0.772797527047913,0.166666666666667,0.179365079365079,0.839874411302983,0,0.796899224806202,0.203732503888025,0.639370078740157,0.886762360446571,0.405,0,0.901081916537867,0.377742946708464,0.822804314329738,0.277070063694268,0.865625,0.835680751173709,0.85511811023622,0.828616352201258,0.00465116279069767,0.821256038647343,0.834905660377358,0,0,0.857369255150555,0,0.446875,0.836767036450079,0.00470957613814757,0.0062992125984252,0.67304625199362,0,0.449044585987261,0.8304,0.271604938271605,0.832528180354267,0.00638977635782748,0.850793650793651,0.167202572347267,0.17007874015748,0.18025078369906,0.83015873015873,0.485759493670886,0.823624595469256,0,0.855345911949686,0.8765625,0,0.167192429022082,0.359872611464968,0,0.82780410742496,0.418006430868167,0.249586776859504,0.834645669291339,0.296238244514107,0.833070866141732,0.833594976452119,0,0.635220125786163,0.865814696485623,0.545161290322581,0.820063694267516,0,0.829545454545455,0.181818181818182,0,0.389337641357027,0.658653846153846,0.62987012987013,0,0,0.853125,0.789968652037618,0.3264,0.836248012718601,0.1728,0.855572998430141,0.535598705501618,0.849378881987578,0.311688311688312,0.833855799373041,0.840909090909091,0.78816199376947,0.836220472440945,0.158653846153846,0.831730769230769,0.154458598726115,0,0.742351046698873,0.875,0.835703001579779,0.190769230769231,0,0.833333333333333,0.614649681528662,0.836833602584814,0.839563862928349,0.84031007751938,0.406201550387597,0.855799373040752,0.171156893819334,0.837712519319938,0.168469860896445,0.8736,0.510869565217391,0,0.853462157809984,0,0.780410742496051,0.836220472440945,0.267515923566879,0.850157728706625,0.822966507177033,0.841294298921418,0.834375,0.269413629160063,0.514774494556765,0.839546191247974,0.851910828025478,0.215408805031447,0.171383647798742,0.856,0.819776714513557,0,0,0.478330658105939,0.00158478605388273,0.836734693877551,0.40625,0.814516129032258,0.750783699059561,0.841860465116279,0.560509554140127,0.51496062992126,0.458730158730159,0.821316614420063,0.835725677830941,0.885532591414944,0,0.77293934681182,0.34775641025641,0.836248012718601,0.167449139280125,0.240683229813665,0.629337539432177,0.836767036450079,0.836166924265842,0.871428571428571,0.841194968553459,0.822866344605475,0,0.235849056603774,0.719814241486068,0.831189710610932,0,0.835913312693498,0.856488549618321,0.649842271293375,0.608,0.837579617834395,0.838550247116969,0.512618296529968,0,0.84251968503937,0.661367249602544,0.857377049180328,0.1703125,0.828393135725429,0.855305466237942,0.825545171339564,0.831460674157303,0.621875,0.171799027552674,0.859842519685039,0.6078125,0.169184290030211,0.15552099533437,0.32475884244373,0.151033386327504,0.309791332263242,0.724031007751938,0.16984126984127,0.165625,0.187793427230047,0.6796875,0.197068403908795,0.84,0.00634920634920635,0.155555555555556,0,0.379807692307692,0.84329563812601,0.821086261980831,0.80811232449298,0,0.875806451612903,0.773148148148148,0.846275752773376,0.731554160125589,0.603864734299517,0.491255961844197,0.0078740157480315,0.819354838709677,0.283699059561129,0.842532467532468,0.871019108280255,0.181240063593005,0.762951334379906,0.159305993690852,0.283018867924528,0.841538461538462,0.832792207792208,0.824675324675325,0,0.689335394126739,0.821829855537721,0,0.154213036565978,0.831269349845201,0.8576,0,0.167974882260597,0.156832298136646,0.840909090909091,0.922705314009662,0.163166397415186,0,0.531001589825119,0.849840255591054,0.913713405238829,0.515055467511886,0.718196457326892,0.835423197492163,0.162420382165605,0.839009287925697,0.822222222222222,0.174803149606299,0.845553822152886,0.833333333333333,0.830371567043619,0.82807570977918,0.351393188854489,0.467289719626168,0.45141065830721,0.849840255591054,0.836304700162075,0.0420560747663551,0.383252818035427,0.861244019138756,0.308917197452229,0.415007656967841,0.847133757961783,0.840189873417722,0.852848101265823,0.754071661237785,0.828438948995363,0.373608903020668,0.858255451713396,0.83495145631068,0,0.484423676012461,0.645264847512038,0.181964573268921,0.043613707165109,0.173166926677067,0.817610062893082,0.194744976816074,0.162717219589258,0,0.387755102040816,0.833333333333333,0.22792937399679,0.851485148514851,0.863141524105754,0.850393700787402,0.438679245283019,0.453355155482815,0.710900473933649,0.563011456628478,0,0.788976377952756,0.166924265842349,0.205246913580247,0.371248025276461,0.827140549273021,0.17329093799682,0,0.5,0.165366614664587,0.181089743589744,0.594294770206022,0.828025477707006,0.411764705882353,0.824302134646962,0.824,0,0.84812030075188,0.160436137071651,0.833333333333333,0.794303797468354,0.836601307189543,0.183962264150943,0.835680751173709,0.167987321711569,0.792993630573248,0.842276422764228,0.826771653543307,0.855140186915888,0.834130781499203,0.459715639810427,0.823809523809524,0.826893353941267,0.167441860465116,0.184126984126984,0.838969404186795,0.834670947030498,0.4578125,0.786271450858034,0.822847682119205,0.847589424572317,0.831513260530421,0,0.27258064516129,0.84012539184953,0.168,0,0.856230031948882,0.00649350649350649,0.201574803149606,0.832288401253918,0.856,0.0033003300330033,0.69551282051282,0.557324840764331,0.866028708133971,0.157303370786517,0.79967689822294,0.827642276422764,0.512,0.66984126984127,0.934504792332268,0,0.332805071315372,0.867834394904459,0.831496062992126,0.582278481012658,0.846394984326019,0.813758389261745,0.191082802547771,0,0.8359375,0.837320574162679,0.85214626391097,0.726134585289515,0.16852146263911,0.868878357030016,0.389589905362776,0.329470198675497,0.0031104199066874,0.669871794871795,0.657097288676236,0.752773375594295,0,0.448613376835237,0.874403815580286,0.690993788819876,0.631410256410256,0.243451463790447,0,0,0.831050228310502,0.81875,0,0.847003154574132,0.00321027287319422,0,0,0.839228295819936,0,0.847790507364975,0.742902208201893,0.631336405529954,0.835403726708075,0,0,0.837025316455696,0.857142857142857,0.777602523659306,0.16875,0,0.823529411764706,0.680685358255452,0.838607594936709,0.619122257053291,0.488188976377953,0,0.835443037974684,0.176948051948052,0.8743961352657,0.230894308943089,0,0.177293934681182,0.287096774193548,0.529411764705882,0.817757009345794,0,0.873651771956857,0.8296875,0.844961240310077,0,0.237479806138934,0.812913907284768,0.157284768211921,0.836767036450079,0.832807570977918,0.171875,0.830455259026688,0.456828885400314,0.778471138845554,0.1824,0.321543408360129,0.844197138314785,0.004739336492891,0.166931637519873,0.85377358490566,0.182108626198083,0.739130434782609,0.550561797752809,0,0.262422360248447,0.813311688311688,0.420221169036335,0.824451410658307,0.160572337042925,0.313755795981453,0.501650165016502,0.843939393939394,0.912636505460218,0.838095238095238,0.763371150729335,0,0.824261275272162,0.170807453416149,0.811616954474097,0.545307443365696,0.172573189522342,0.823899371069182,0.844551282051282,0.82258064516129,0.681528662420382,0.852664576802508,0.3024,0.361736334405145,0.823899371069182,0.833333333333333,0,0,0.836538461538462,0.827361563517915,0.181240063593005,0.8384,0.846153846153846,0.526232114467409,0.846526655896607,0.720588235294118,0.820031298904538,0,0.831210191082803,0.476190476190476,0.839563862928349,0.833597464342314,0,0.681889763779528,0.846153846153846,0.162204724409449,0.733870967741935,0.489566613162119,0.761760242792109,0.798722044728435,0.816793893129771,0.257318952234206,0.852700490998363,0.842767295597484,0.862123613312203,0.459807073954984,0.248417721518987,0.854660347551343,0.838810641627543,0.0047244094488189,0.783699059561129,0.526148969889065,0.4064,1,0.832535885167464,0.802861685214626,0.834633385335413,0.155905511811024,0.167213114754098,0,0.881789137380192,0.157728706624606,0.154929577464789,0.419558359621451,0,0.842433697347894,0.839313572542902,0.829113924050633,0.84080370942813,0.26031746031746,0.175895765472313,0,0,0.330670926517572,0.243630573248408,0.308681672025723,0,0.160883280757098,0.824451410658307,0.0798771121351766,0.457006369426752,0.844936708860759,0.660377358490566,0.830128205128205,0.789889415481833,0.753488372093023,0,0.832317073170732,0.514469453376206,0.602218700475436,0.866666666666667,0.845794392523365,0.550314465408805,0.0046801872074883,0.873239436619718,0.869767441860465,0,0.819148936170213,0.182829888712242,0.841059602649007,0.484177215189873,0,0.0031201248049922,0.634584013050571,1,0.163009404388715,0.298387096774194,0.00628930817610063,0.00163398692810458,0.752671755725191,0.178403755868545,0.834426229508197,0.469291338582677,0.850234009360374,0.171383647798742,0.484848484848485,0.466448445171849,0.88474025974026,0.244262295081967,0.160990712074303,0.00157977883096367,0.213247172859451,0,0.84331797235023,0.164012738853503,0.863914373088685,0.16031746031746,0.845024469820555,0,0.661466458658346,0.584269662921348,0.837837837837838,0,0.833078101071976,0,0.542207792207792,0.839506172839506,0,0.714733542319749,0.834658187599364,0.730769230769231,0.856466876971609,0.204113924050633,0,0.830670926517572,0.388178913738019,0,0.83125,0.160060975609756,0.177018633540373,0.847540983606557,0.837881219903692,0.836990595611285,0.826984126984127,0.833597464342314,0,0.832535885167464,0.0108695652173913,0.499219968798752,0.418238993710692,0.831496062992126,0.838095238095238,0.838810641627543,0.84251968503937,0.0647709320695103,0.171156893819334,0.848780487804878,0.840189873417722,0.733017377567141,0.830963665086888,0.841049382716049,0.863275039745628,0,0,0.838212634822804,0,0.223255813953488,0,0.853543307086614,0.395081967213115,0.379807692307692,0.28169014084507,0.8352,0.00159235668789809,0.264984227129338,0.835182250396197,0.85243328100471,0.727987421383648,0.547256097560976,0.369300911854103,0.327131782945736,0.670491803278689,0.157894736842105,0.262992125984252,0.654895666131621,0.376190476190476,0.733542319749216,0.180665610142631,0,0.154589371980676,0.478190630048465,0.832236842105263,0.669291338582677,0.390092879256966,0.675632911392405,0.871674491392801,0.824884792626728,0.873355263157895,0.840322580645161,0.8416,0.842948717948718,0.6368,0.551020408163265,0.837881219903692,0.176923076923077,0.169517884914463,0.892405063291139,0.00773993808049536,0.836702954898911,0.8125,0,0.25686591276252,0,0.84688995215311,0,0.845425867507886,0.833333333333333,0.172413793103448,0.803486529318542,0.825273010920437,0.729903536977492,0.702619414483821,0.823717948717949,0,0,0.841322314049587,0.84789156626506,0.838050314465409,0,0,0.166666666666667,0.361934477379095,0.521394611727417,0,0.5921875,0,0.811993517017828,0.838658146964856,0.305825242718447,0.392307692307692,0,0.474358974358974,0.649762282091918,0.77337559429477,0.861280487804878,0.851097178683386,0.164817749603803,0.863036303630363,0.0337078651685393,0.828525641025641,0,0.856697819314642,0.00318471337579618,0.8304,0.188102893890675,0.118971061093248,0,0,0.881889763779528,0.808306709265176,0.837795275590551,0.685185185185185,0.187786259541985,0.172523961661342,0.780448717948718,0.765527950310559,0,0.177496038034865,0.816164817749604,0,0.824193548387097,0.858490566037736,0.232854864433812,0.0310077519379845,0.15962441314554,0.828173374613003,0.583468395461912,0.238019169329073,0.269918699186992,0.273301737756714,0.763458401305057,0.244131455399061,0.848101265822785,0,0.758508914100486,0.815748031496063,0.00159489633173844,0,0.166919575113809,0,0.175548589341693,0.821766561514196,0.710823909531502,0.169082125603865,0.154704944178628,0.653354632587859,0.860128617363344,0.5600624024961,0.0404354587869362,0.166129032258065,0.0573770491803279,0.0205371248025276,0,0.161904761904762,0.169184290030211,0.1584,0.172839506172839,0.161189358372457,0.038961038961039,0.0438184663536776,0.184542586750789,0.019047619047619,0.00646203554119548,0.0348101265822785,0.0234009360374415,0.047244094488189,0.169036334913112,0.0220125786163522,0.160714285714286,0.174050632911392,0.0366826156299841,0.172684458398744,0.0324574961360124,0.161993769470405,0.184887459807074,0.17457886676876,0.167197452229299
"616",0.00317460317460317,0,0.0307219662058372,0.0574162679425837,0.0176282051282051,0,0.104037267080745,0.0217729393468118,0,0,0,0,0.43613707165109,0,0.962558502340094,0.992138364779874,0,0.00158227848101266,0.00158730158730159,0.0187207488299532,0.846153846153846,0.967897271268058,0.0121212121212121,0,0.0495356037151703,0.748829953198128,0.893416927899687,0.0112540192926045,0.545176110260337,0.319938176197836,1,0.323343848580442,0.237795275590551,0.713166144200627,0,0,0.00612557427258806,0.00470219435736677,0.737313432835821,0.0918836140888208,0,0,0,0,0.215434083601286,0.975077881619938,0.496805111821086,1,0.545592705167173,0.878971255673222,0,0.00778816199376947,0.740340030911901,0,0.106750392464678,0.846761453396525,0,0.0220472440944882,0.0397553516819572,0.103030303030303,0.707241910631741,0.581648522550544,1,0,0.0971337579617834,0.169517884914463,0,0.0126182965299685,0,1,0.143518518518519,0.993779160186625,0.989079563182527,0,0,0.28902627511592,0.958588957055215,0.445482866043614,0.0987261146496815,0.741042345276873,0,0.297546012269939,0.795795795795796,0.00152905198776758,0.897356143079316,0.0899390243902439,0.00311526479750779,0.0341085271317829,0.027190332326284,0,0.0141955835962145,0,0,0,0.0304487179487179,0,0.692307692307692,0.0202492211838006,0,0,0.372670807453416,0,0.719814241486068,0,0.9,0,0,0.021671826625387,1,0.992150706436421,0.990726429675425,0.0870917573872473,0.67741935483871,0.00947867298578199,0,0.0153846153846154,0.300469483568075,0,1,0.771875,0,0.240126382306477,0.757763975155279,0.926751592356688,0.0278637770897833,0.868702290076336,0.00301204819277108,0.00467289719626168,0,0.447204968944099,0.0673981191222571,0.515151515151515,0.0110062893081761,0,0.00631911532385466,0.978593272171254,0,0.789808917197452,0.379527559055118,0.474358974358974,0,0,0.0245398773006135,0.252730109204368,0.843700159489633,0,0.992175273865415,0.075,0.592417061611374,0.0211161387631976,0.864864864864865,0.0172143974960876,0,0.163328197226502,0.0061633281972265,1,0,1,0,0.264475743348983,0.13109756097561,0.0168453292496172,0.981395348837209,0,0,0.568037974683544,0,0,0,0.718266253869969,0.0247678018575851,1,0.0531914893617021,1,0.107594936708861,0.651632970451011,0,0.0157232704402516,0,0.158878504672897,0,0.882911392405063,0.0171073094867807,0.0573643410852713,0.0104321907600596,0.0228658536585366,0.909667194928685,0.638036809815951,0.0737833594976452,0.0631067961165049,0.947530864197531,0.993798449612403,0.0188383045525903,0.132307692307692,0,0,0.700949367088608,0,0,0.74884437596302,0.11609907120743,0.261609907120743,0.00906344410876133,0.572327044025157,0.567026194144838,0.708399366085578,0.0868878357030016,0.0377952755905512,0.124615384615385,0,0.113707165109034,0.824367088607595,0.0603174603174603,1,0.934250764525994,0.460093896713615,0.0251177394034537,0.0210843373493976,0.175548589341693,0,0.117088607594937,0,0.924382716049383,0.344615384615385,0.00627943485086342,0,0.00925925925925926,0.0210843373493976,0.453834115805947,0.4609375,0.0093167701863354,0,0.62111801242236,0,0.101226993865031,0.491365777080063,0.0286624203821656,1,0.0450310559006211,0.00155038759689922,0,0.047244094488189,0.467473524962179,0.998430141287284,0.0296411856474259,0.462848297213622,0.995488721804511,1,0.806656101426308,1,0.851030110935024,0.332826747720365,1,0.996884735202492,0.99211356466877,0.420245398773006,0.961904761904762,0.0159235668789809,0,1,0,0.770569620253165,0,0.0231839258114374,0.101404056162246,0,0.134185303514377,0.151001540832049,0.324534161490683,0.417956656346749,0.543171114599686,0.544585987261146,0,0,0.902777777777778,0.313001605136437,0.0369230769230769,0.987692307692308,0.258970358814353,0.998461538461539,0.885448916408669,0,0,0.0985691573926868,0,0.358578052550232,0.105180533751962,0,1,0.0995475113122172,0.0203442879499218,0,0.998442367601246,0.998432601880878,0.015748031496063,0.120443740095087,1,0,0.606811145510836,0.0110584518167457,0.214177978883861,0.617054263565891,0.365659777424483,0.0429447852760736,0.992138364779874,0,0,0.993788819875776,0.0357142857142857,0,0.0237717908082409,0.00310077519379845,0.822605965463108,0.693623639191291,0.716951788491446,0.0191082802547771,0.0644122383252818,0,0.751582278481013,0.0299684542586751,0.854037267080745,0.714714714714715,0.00623052959501558,0.0031496062992126,0.0359937402190923,0.313971742543171,0.00307219662058372,0.761006289308176,0.0338983050847458,0.00315955766192733,0,0.690880989180835,0.45440251572327,0.981072555205047,0,0.990811638591118,0.0924764890282132,0.974006116207951,1,0,0.776212832550861,0.00933125972006221,0.932601880877743,0.0146579804560261,0.0283018867924528,0.0124223602484472,0.717425431711146,0.713836477987421,0.34009360374415,0.551219512195122,0,0.184251968503937,0.987897125567322,0.961948249619482,0.806201550387597,0,1,0,0.684129429892142,0.989147286821705,0.977952755905512,0.541666666666667,0,0.723809523809524,0,0.0362776025236593,0,0.0104166666666667,1,0.00150375939849624,0.176287051482059,0,0.989045383411581,0.0197268588770865,1,0.122861586314152,0.298555377207063,0.048062015503876,0.0140845070422535,0,0.711388455538221,0.0391849529780564,0,1,0.979623824451411,0,0,0.690513219284603,0.116459627329193,0.0388349514563107,0.0509259259259259,0,0,0.885758998435055,0,0.998439937597504,0,0.0332278481012658,0,0.9609375,0,0.0333333333333333,0,0.367507886435331,0.595879556259905,0.0176,0.998389694041868,0.134920634920635,0.00321543408360129,0.638977635782748,0.406441717791411,0.220657276995305,0,0.840625,0.0224,0.00156739811912226,0.567610062893082,0,0.0245901639344262,0.969088098918083,0,0.0139103554868624,0.00467289719626168,0.054858934169279,0.32370820668693,0.99375,0.134796238244514,0.76271186440678,0.8,0,0.404761904761905,0.413145539906103,0.398148148148148,0,0.728,0.0851735015772871,0.381538461538462,0.498447204968944,0.92530487804878,0,0,0,0.0246913580246914,0,0.075968992248062,0,0,0,0.00155763239875389,0,0,0.226209048361934,0.466565349544073,0,0,0,0.0078003120124805,0.039039039039039,0.285053929121726,1,0,0.106976744186047,0.407066052227343,0,0.485981308411215,0.672985781990521,0,0.0218068535825545,1,0.0383386581469649,0.917851500789889,0,0.992412746585736,0.894654088050314,0.528363047001621,0.0289193302891933,0,0.0504587155963303,0.024653312788906,0,0,0.935736677115988,0.0691927512355848,0.995145631067961,0,0,0.990726429675425,0,0.704441041347626,0.193447737909516,0.99203821656051,0.8288,0.0434782608695652,0,1,0.0248062015503876,0.993670886075949,0.344992050874404,0.614649681528662,0,0.896604938271605,0.26148969889065,0.748837209302326,0.0217391304347826,1,0.857798165137615,0.551386623164764,0.0542168674698795,0.116822429906542,0.0378548895899054,0.261562998405104,0,0.0184049079754601,1,0.0327613104524181,0.610223642172524,1,0,0,0,0.362776025236593,0.015527950310559,0.87719298245614,0.807017543859649,0.0541795665634675,0.110939907550077,0,0,0.00940438871473354,0.0636942675159236,0.987361769352291,0.0160513643659711,0.00773993808049536,0.642638036809816,0.0714285714285714,0.28343949044586,0.105426356589147,0,0.0301587301587302,0.651419558359621,0,0.00155038759689922,0,0.355590062111801,0.0282574568288854,1,0.3171875,0.63849765258216,0.221732745961821,0.319620253164557,0.0438729198184569,0.913846153846154,0.0126984126984127,0,0.0232198142414861,0.694041867954911,0.8765625,0.0093603744149766,0,0,0.226153846153846,0.567073170731707,0.752336448598131,0.225505443234837,0,0.129133858267717,0,0.108728943338438,1,0,0.175078864353312,0.99685534591195,1,0.73469387755102,0,0.0109034267912773,0.0882800608828006,0.0015527950310559,0.0061633281972265,0.909810126582278,1,0,0,0.833065810593901,0.925233644859813,0.847962382445141,0,1,0,0.421133231240429,0.714285714285714,0,0.404945904173107,0.0240384615384615,0.356697819314642,0.362940275650842,0,0,0.611374407582938,0.514376996805112,0.0721966205837174,0.013595166163142,0.625386996904025,0,0.0465116279069767,0.0458015267175573,0,0.0288753799392097,0.986068111455108,0.0146103896103896,0.566358024691358,0,0,0.4848,0.163009404388715,1,0.861635220125786,0,0,0.259370314842579,0.974358974358974,0,0.692660550458716,0.00610687022900763,1,0.62691131498471,0.675118858954041,0.127831715210356,0.909235668789809,0.996879875195008,0,0.959311424100156,0,0.00459418070444104,0.800319488817891,0.0181818181818182,0.996860282574568,0,0,0.471494607087827,0.549689440993789,0,0,0,0,0.624398073836276,0.0107361963190184,0,0.33179012345679,0.0187207488299532,0.258566978193146,0.0461049284578696,0.964831804281346,0,0,0.764044943820225,0,0.329754601226994,1,0.99079754601227,0,0,0.00923076923076923,0.0251572327044025,0.0188383045525903,0,0.0219435736677116,0,0.637345679012346,0.72,0.00768049155145929,0.0095389507154213,0.00612557427258806,0.00766871165644172,0.032967032967033,0.985759493670886,0.0158227848101266,0.0403726708074534,0.29601226993865,0.0216383307573416,0,0.0274809160305344,0,0,0.0179372197309417,0,0.92802450229709,0.00158478605388273,0.0431432973805855,0.743548387096774,0.791666666666667,0.888719512195122,0.0849056603773585,0.00156494522691706,0.899843505477308,0,0,0.384735202492212,0.582335329341317,0.801195814648729,0.821917808219178,0.354430379746835,1,0.893682588597843,0.462132921174652,0.750394944707741,0.311627906976744,0.988993710691824,0,1,0.668276972624799,0,0.349768875192604,0.775075987841945,0.401244167962675,0.125386996904025,0.0106707317073171,0.0434782608695652,0.0207006369426752,0,0.00157728706624606,0.464285714285714,0.592024539877301,0.00156739811912226,0.993984962406015,0.992378048780488,0.12792511700468,0,0,0.0279503105590062,0,0.898089171974522,0,0.0518867924528302,0,0.0292758089368259,0,0.992211838006231,0.168224299065421,0,0.348367029548989,0.38109756097561,0.11198738170347,0,0,0.0706075533661741,0.056547619047619,0.0106060606060606,0,0,1,0.775229357798165,0.500772797527048,0,0.559815950920245,0,0.0741324921135647,0,0.807383627608347,0.776049766718507,0,0.67246835443038,0.41588785046729,0.135384615384615,0.0346907993966818,0.232919254658385,1,0.0127186009538951,0.0863422291993721,0,0,0.0182370820668693,0,0,0.984202211690363,0.623211446740858,0,0,0.17601246105919,0.071656050955414,0.0565749235474006,0.291603053435115,0.977238239757208,0.993680884676145,0.175193798449612,0.154545454545455,0,0.984276729559748,0.0346456692913386,0,0.0142857142857143,0.0396946564885496,0.937888198757764,0,0.998417721518987,0,0.543443917851501,0.921752738654147,0.894736842105263,0.886292834890966,0.313195548489666,0.911450381679389,0,0,0.240887480190174,0.0169230769230769,0,0,1,0,1,0,0.294117647058824,1,1,0.455414012738854,0.0409448818897638,0.574074074074074,0,0.998425196850394,0.0507131537242472,0.0093603744149766,0,0.815748031496063,0.995447647951442,0.998432601880878,0.986384266263237,1,0,0,0.984447900466563,0.00625978090766823,0.00316455696202532,0.0278207109737249,0.00614439324116743,0,0.993740219092332,0.0138674884437596,1,0.996840442338073,0,0.992211838006231,0.0500758725341426,1,0.912087912087912,0.998482549317147,0.998430141287284
"617",0.131147540983607,0.133858267716535,0.1669341894061,0.195439739413681,0.148208469055375,0.136513157894737,0.236044657097289,0.154704944178628,0.147744945567652,0,0.128775834658188,0,0.509493670886076,0.127450980392157,0.858064516129032,0.862838915470494,0,0.0016,0.137254901960784,0.1568,0.793375394321767,0.870065789473684,0.142857142857143,0,0.163232963549921,0.72013093289689,0.816129032258065,0.152597402597403,0.602803738317757,0.435897435897436,0.869701726844584,0.447284345047923,0.347266881028939,0.689490445859873,0,0.1296,0.00777604976671851,0.135860979462875,0.824427480916031,0.21259842519685,0,0,0,0.127625201938611,0.365609348914858,0.895424836601307,0.541666666666667,0.866242038216561,0.631741140215716,0.802816901408451,0,0.137161084529506,0.7168,0.128980891719745,0.234248788368336,0.89776357827476,0,0.151465798045603,0.178628389154705,0.230524642289348,0.691823899371069,0.618819776714514,0.865384615384615,0,0.2128,0.283699059561129,0,0.144694533762058,0,0.856451612903226,0.268987341772152,0.861464968152866,0.866559485530547,0.13322632423756,0,0.402208201892744,0.868462757527734,0.492845786963434,0.230642504118616,0.851851851851852,0,0.423861852433281,0.773082942097027,0.127760252365931,0.83147853736089,0.22626582278481,0.12888198757764,0.166666666666667,0.144859813084112,0,0.136876006441224,0.1296,0,0,0.158238172920065,0,0.676328502415459,0.1616,0,0,0.478740157480315,0,0.756369426751592,0.121359223300971,0.829984544049459,0.134328358208955,0,0.161392405063291,0.867741935483871,0.87800963081862,0.871382636655949,0.218093699515347,0.774603174603175,0.139904610492846,0,0.155309033280507,0.408227848101266,0,0.880314960629921,0.769105691056911,0,0.351910828025478,0.736263736263736,0.839403973509934,0.158908507223114,0.793322734499205,0.129337539432177,0.134920634920635,0,0.541269841269841,0.210110584518167,0.547811993517018,0.149350649350649,0,0.1328,0.861370716510903,0,0.763371150729335,0.472402597402597,0.553921568627451,0,0,0.152597402597403,0.3648,0.787479406919275,0.133012820512821,0.872785829307568,0.211356466876972,0.705501618122977,0.160377358490566,0.817733990147783,0.142172523961661,0.127831715210356,0.2816,0.127186009538951,0.865353037766831,0.131537242472266,0.871794871794872,0,0.375404530744337,0.251192368839428,0.153354632587859,0.87758346581876,0,0.123824451410658,0.602543720190779,0.127659574468085,0.12755905511811,0.12480252764613,0.679245283018868,0.155555555555556,0.867862969004894,0.194053208137715,0.873239436619718,0.232,0.650470219435737,0,0.146456692913386,0,0.268370607028754,0.135782747603834,0.78743961352657,0.138147566718995,0.18312101910828,0.133640552995392,0.150943396226415,0.901116427432217,0.743710691823899,0.221859706362153,0.190243902439024,0.849206349206349,0.871428571428571,0.156351791530945,0.267628205128205,0,0,0.721498371335505,0,0.133971291866029,0.824644549763033,0.253993610223642,0.346092503987241,0.147744945567652,0.615755627009646,0.58814352574103,0.714975845410628,0.206451612903226,0.157556270096463,0.233704292527822,0,0.237261146496815,0.799019607843137,0.190322580645161,0.872785829307568,0.83596214511041,0.526813880126183,0.14446227929374,0.152410575427683,0.290996784565916,0.130573248407643,0.236883942766296,0,0.838658146964856,0.443573667711599,0.13961038961039,0,0.12792511700468,0.15919629057187,0.5344,0.554119547657512,0.129186602870813,0.140728476821192,0.654952076677316,0,0.222395023328149,0.613268608414239,0.152066115702479,0.869634340222575,0.169303797468354,0.121311475409836,0.131832797427653,0.175438596491228,0.581761006289308,0.879084967320261,0.166129032258065,0.540880503144654,0.859567901234568,0.863141524105754,0.753205128205128,0.867954911433172,0.794165316045381,0.414596273291925,0.86385737439222,0.870458135860979,0.868044515103339,0.498432601880878,0.846153846153846,0.147299509001637,0,0.8592,0,0.744336569579288,0.128455284552846,0.15,0.238019169329073,0,0.251231527093596,0.253543307086614,0.4336,0.535657686212361,0.605815831987076,0.563725490196078,0,0.120915032679739,0.837579617834395,0.432786885245902,0.154838709677419,0.8704,0.380348652931854,0.869774919614148,0.874193548387097,0.136075949367089,0.140961857379768,0.226537216828479,0,0.459715639810427,0.225649350649351,0,0.855769230769231,0.234276729559748,0.165064102564103,0,0.875,0.869426751592357,0.155339805825243,0.252032520325203,0.884868421052632,0,0.638977635782748,0.148450244698206,0.34789391575663,0.745192307692308,0.453957996768982,0.171653543307087,0.871835443037975,0.128526645768025,0.126782884310618,0.858747993579454,0.162420382165605,0.14170692431562,0.156862745098039,0.131868131868132,0.823809523809524,0.686305732484076,0.743221690590112,0.157467532467532,0.185123966942149,0.00474683544303797,0.756756756756757,0.173633440514469,0.809448818897638,0.740399385560676,0.143081761006289,0.123993558776167,0.1669341894061,0.415857605177994,0.122448979591837,0.767366720516963,0.163265306122449,0.141252006420546,0,0.6765625,0.525451559934319,0.880837359098229,0.00159489633173844,0.867394695787831,0.210110584518167,0.858034321372855,0.872408293460925,0,0.799050632911392,0.13673805601318,0.842356687898089,0.152317880794702,0.161030595813205,0.147672552166934,0.714518760195759,0.72158154859967,0.426307448494453,0.667221297836938,0,0.293929712460064,0.868827160493827,0.855345911949686,0.823161189358372,0.135702746365105,0.875394321766562,0,0.695721077654517,0.848101265822785,0.869983948635634,0.563897763578275,0.130781499202552,0.869009584664537,0.130505709624796,0.154330708661417,0,0.133846153846154,0.857594936708861,0.141732283464567,0.290322580645161,0.143322475570033,0.867741935483871,0.159489633173844,0.865079365079365,0.216346153846154,0.414516129032258,0.174454828660436,0.157643312101911,0.126782884310618,0.724960254372019,0.159744408945687,0.133858267716535,0.871473354231975,0.84775641025641,0.127243066884176,0.124804992199688,0.820754716981132,0.209856915739269,0.163398692810458,0.1728,0.135782747603834,0,0.856209150326797,0.131955484896661,0.871019108280255,0,0.161858974358974,0,0.88130081300813,0.131329113924051,0.168284789644013,0,0.471428571428571,0.61698717948718,0.148208469055375,0.864600326264274,0.251612903225806,0.124584717607973,0.676898222940226,0.483359746434231,0.352272727272727,0,0.7968,0.150485436893204,0.137380191693291,0.601275917065391,0.132283464566929,0.153456998313659,0.857827476038339,0,0.14171974522293,0.137820512820513,0.1696,0.40506329113924,0.871175523349436,0.263578274760383,0.755591054313099,0.751666666666667,0,0.46875,0.461038961038961,0.490415335463259,0,0.807443365695793,0.19935170178282,0.441640378548896,0.630841121495327,0.858461538461538,0,0,0.120060790273556,0.149300155520995,0,0.210776545166403,0,0,0,0.13365539452496,0,0.14003294892916,0.342313787638669,0.553846153846154,0.126168224299065,0,0,0.132045088566828,0.17357910906298,0.38375796178344,0.863636363636364,0,0.240625,0.494505494505495,0.133858267716535,0.536050156739812,0.757188498402556,0,0.15506329113924,0.868421052631579,0.176565008025682,0.87459807073955,0,0.857585139318885,0.8208,0.560200668896321,0.160771704180064,0,0.188679245283019,0.147249190938511,0.124006359300477,0,0.899513776337115,0.189509306260575,0.869205298013245,0.119751166407465,0.137715179968701,0.862776025236593,0.130503144654088,0.730407523510972,0.3125,0.8672,0.795454545454545,0.163695299837925,0,0.859424920127795,0.162460567823344,0.880131362889984,0.459770114942529,0.593548387096774,0,0.814465408805031,0.357259380097879,0.736089030206677,0.146875,0.869354838709677,0.823809523809524,0.568333333333333,0.194744976816074,0.23696682464455,0.168831168831169,0.35702746365105,0,0.142857142857143,0.870662460567823,0.148626817447496,0.656957928802589,0.860248447204969,0.122611464968153,0.13322632423756,0.128980891719745,0.465489566613162,0.146031746031746,0.825878594249201,0.798076923076923,0.194577352472089,0.238095238095238,0,0,0.140776699029126,0.198697068403909,0.86709886547812,0.152845528455285,0.141287284144427,0.658615136876006,0.205882352941176,0.357963875205255,0.22397476340694,0,0.151757188498403,0.659777424483307,0.131746031746032,0.132911392405063,0,0.457377049180328,0.16256157635468,0.874799357945425,0.413078149920255,0.739336492890995,0.311550151975684,0.444264943457189,0.163265306122449,0.81733746130031,0.155228758169935,0.136075949367089,0.146687697160883,0.685245901639344,0.817891373801917,0.132075471698113,0.130841121495327,0,0.322834645669291,0.599683544303797,0.891547049441786,0.358520900321543,0.1408,0.235772357723577,0.127760252365931,0.123417721518987,0.863787375415282,0,0.297939778129952,0.870607028753994,0.863414634146341,0.868462757527734,0,0.138977635782748,0.214968152866242,0.142628205128205,0.145339652448657,0.83147853736089,0.869983948635634,0,0,0.811783960720131,0.839344262295082,0.832528180354267,0,0.866242038216561,0.133437990580848,0.383045525902669,0.706924315619968,0.14446227929374,0.483412322274882,0.151960784313725,0.477917981072555,0.469767441860465,0,0.128284389489954,0.640322580645161,0.573505654281099,0.199367088607595,0.14488188976378,0.656200941915228,0,0.177316293929712,0.165634674922601,0,0.165891472868217,0.849840255591054,0.140522875816993,0.577352472089314,0,0,0.577441077441077,0.298387096774194,0.861635220125786,1,0,0,0.381901840490798,0.869281045751634,0.131011608623549,0.788553259141494,0.132701421800948,0.872813990461049,0.645412130637636,0.683870967741935,0.261513157894737,0.817589576547231,0.864779874213837,0,0.846278317152104,0,0.132075471698113,0.739770867430442,0.152307692307692,0.860162601626016,0.136876006441224,0,0.547286821705426,0.599041533546326,0.133440514469453,0,0.127760252365931,0,0.715946843853821,0.144171779141104,0,0.43701399688958,0.146774193548387,0.367479674796748,0.177705977382876,0.89589905362776,0,0.131537242472266,0.838187702265372,0,0.433179723502304,0.872641509433962,0.855590062111801,0.129084967320261,0.129296235679214,0.150470219435737,0.14446227929374,0.145867098865478,0,0.152380952380952,0,0.666141732283465,0.842271293375394,0.140845070422535,0.135350318471338,0.133647798742138,0.14171974522293,0.0287081339712919,0.87719298245614,0.149671052631579,0.162939297124601,0.377388535031847,0.15506329113924,0.125,0.168503937007874,0,0,0.149460708782743,0,0.842923794712286,0.00161812297734628,0.175824175824176,0.848631239935588,0.784893267651888,0.816745655608215,0.197115384615385,0.00160771704180064,0.883386581469649,0.129952456418384,0.126198083067093,0.484025559105431,0.638330757341577,0.778625954198473,0.929906542056075,0.459069020866774,0.867716535433071,0.78343949044586,0.514376996805112,0.762903225806452,0.382677165354331,0.854838709677419,0,0.862619808306709,0.658978583196046,0.119868637110016,0.432859399684044,0.758513931888545,0.4656,0.24203821656051,0.124031007751938,0.183306055646481,0.150974025974026,0.127009646302251,0.142630744849445,0.602870813397129,0.703296703296703,0.135265700483092,0.865030674846626,0.863141524105754,0.250788643533123,0,0.136792452830189,0.157643312101911,0,0.80655737704918,0,0.185897435897436,0,0.15,0.145339652448657,0.864566929133858,0.2992,0.130914826498423,0.440842787682334,0.455858747993579,0.230031948881789,0,0,0.205638474295191,0.184568835098336,0.148669796557121,0,0,0.862295081967213,0.791021671826625,0.541269841269841,0,0.712460063897764,0,0.206785137318255,0.135566188197767,0.763245033112583,0.739747634069401,0,0.747954173486088,0.484652665589661,0.227564102564103,0.17515923566879,0.3408,0.869291338582677,0.152209492635025,0.0794165316045381,0.126829268292683,0,0.150078988941548,0,0.135782747603834,0.871961102106969,0.553571428571429,0,0,0.288401253918495,0.194805194805195,0.17384370015949,0.387045813586098,0.854037267080745,0.872785829307568,0.300955414012739,0.2703125,0,0.880763116057234,0.144736842105263,0,0.146864686468647,0.17601246105919,0.84310618066561,0.00157232704402516,0.864734299516908,0.127131782945736,0.67156862745098,0.831168831168831,0.821603927986907,0.950636942675159,0.414910858995138,0.818897637795276,0.136507936507936,0,0.341423948220065,0.151898734177215,0,0,0.88208269525268,0,0.865930599369085,0.128367670364501,0.382113821138211,0.864686468646865,0.871589085072231,0.537953795379538,0.178743961352657,0.6176,0.0046875,0.86084142394822,0.0376432078559738,0.00961538461538462,0,0.72258064516129,0.855572998430141,0.860162601626016,0.861685214626391,0.879310344827586,0,0.00630914826498423,0.866877971473851,0.00480769230769231,0.00165016501650165,0.0269413629160063,0.0078125,0.00478468899521531,0.870607028753994,0.0126182965299685,0.886326194398682,0.86741214057508,0.0032626427406199,0.869426751592357,0.0483619344773791,0.872841444270016,0.797124600638978,0.8640625,0.865079365079365
"618",0.0125786163522013,0.0109034267912773,0.0110062893081761,0.00478468899521531,0.00950871632329636,0.0111464968152866,0.0252365930599369,0.00786163522012579,0.0138036809815951,0.985736925515055,0.0123839009287926,0.990476190476191,0.00467289719626168,0.0128824476650564,0,0,0.986280487804878,0.98613251155624,0.0113085621970921,0.0123456790123457,0,0,0.00928792569659443,0.98780487804878,0.00775193798449612,0.00159489633173844,0.00158227848101266,0.0144694533762058,0.00151975683890578,0.00308641975308642,0,0.00311526479750779,0.0048,0.0015552099533437,0.989130434782609,0.0125,0.971036585365854,0.0137404580152672,0.00151975683890578,0.0140625,0.992138364779874,0.987616099071207,1,0.00796178343949045,0.00648298217179903,0,0.00314465408805031,0,0.00600600600600601,0.00153609831029186,0.987711213517665,0.0110062893081761,0,0.00938967136150235,0.0253164556962025,0,0.987075928917609,0.0110236220472441,0.0153846153846154,0.00464396284829721,0.0046875,0.00153374233128834,0,0.988727858293076,0.0112359550561798,0.0124610591900312,0.987441130298273,0.0140845070422535,0.989113530326594,0,0.00771604938271605,0,0,0.00903614457831325,0.989180834621329,0.00153139356814701,0,0.00625,0.00805152979066022,0,0.987519500780031,0.00152671755725191,0.00151515151515152,0.0107033639143731,0.0015527950310559,0.0108359133126935,0.0124610591900312,0.00918836140888208,0.0139103554868624,0.998473282442748,0.00783699059561128,0.0108527131782946,0.992012779552716,0.990712074303406,0.00798722044728434,0.9875,0.0186625194401244,0.0108527131782946,0.992272024729521,0.993740219092332,0.0141955835962145,0.988993710691824,0.00157232704402516,0.00958466453674121,0,0.0111287758346582,0.998402555910543,0.0156739811912226,0,0,0,0.0251968503937008,0.0015625,0.0125786163522013,0.992,0.0124416796267496,0.00154083204930663,0.989312977099237,0,0.00158227848101266,0.990867579908676,0.0062111801242236,0.00153846153846154,0,0.0108359133126935,0.00154320987654321,0.00770416024653313,0.00619195046439629,0.987441130298273,0.0139968895800933,0.00946372239747634,0.00478468899521531,0.00796178343949045,0.989147286821705,0.0127388535031847,0,0.989028213166144,0,0.00157977883096367,0.0143312101910828,0.988636363636364,0.993527508090615,0.0108359133126935,0.0078740157480315,0.00158982511923688,0.0109034267912773,0,0.0062402496099844,0.00159235668789809,0.00927357032457496,0,0.0109375,0.0111287758346582,0.0061633281972265,0.00934579439252336,0,0.014218009478673,0,0.987635239567233,0.0111111111111111,0.0152439024390244,0.00934579439252336,0,0.990726429675425,0.0107033639143731,0.00318979266347687,0.0128410914927769,0.0108527131782946,0.00934579439252336,0.00306278713629403,0.0125,0,0.0104790419161677,0,0.0127591706539075,0.00154559505409583,0.988924050632911,0.0109204368174727,0.992307692307692,0.0046801872074883,0.0139968895800933,0.0016025641025641,0.00934579439252336,0.0093603744149766,0.00769230769230769,0.0123456790123457,0,0.00151975683890578,0.00476190476190476,0.00940438871473354,0,0,0.00946372239747634,0.0345368916797488,0.989425981873112,0.9875,0.00158478605388273,0.989096573208723,0.00925925925925926,0,0.0238853503184713,0.0031104199066874,0.0122887864823349,0.00158227848101266,0.00314465408805031,0.00159235668789809,0.0111642743221691,0.0126984126984127,0.0108191653786708,0.987519500780031,0.0108695652173913,0,0.00796178343949045,0,0,0.00770416024653313,0.0125,0.0122887864823349,0.00619195046439629,0.0125786163522013,0.00943396226415094,0.987480438184664,0,0.00463678516228748,0.00947867298578199,0.989197530864197,0.0124804992199688,0.00898203592814371,0.0108864696734059,0.00313479623824451,0.0141509433962264,0.0145631067961165,0.0219092331768388,0.98876404494382,0.0242424242424242,0,0.00806451612903226,0,0.00764525993883792,0.0125588697017268,0.0107197549770291,0.0110062893081761,0.00626959247648903,0,0.0078003120124805,0.00306278713629403,0,0,0.00159235668789809,0,0,0.00152671755725191,0,0,0,0.0030441400304414,0,0.0062402496099844,0.998381877022654,0,0.989230769230769,0.00474683544303797,0.00947867298578199,0.00778816199376947,0.00772797527047913,0.990668740279938,0.00807754442649435,0.0139968895800933,0.00312989045383412,0,0.003125,0.0048,0.9984375,0.0125391849529781,0,0.00161290322580645,0.00949367088607595,0,0.00471698113207547,0,0,0.0107692307692308,0.0127591706539075,0.0254777070063694,0.986238532110092,0.00306748466257669,0.031201248049922,0.98755832037325,0,0.0258358662613982,0.0125,0.987711213517665,0,0,0.00792393026941363,0.00635930047694754,0,0.990506329113924,0.0188679245283019,0.0128205128205128,0.00612557427258806,0.00315457413249211,0.00471698113207547,0.0108527131782946,0,0.010752688172043,0.0108864696734059,0,0.00943396226415094,0.00630914826498423,0.0112540192926045,0.0109546165884194,0,0.00310077519379845,0.0015600624024961,0.0111821086261981,0.00977198697068404,0.954828660436137,0.00158982511923688,0.0125786163522013,0.00154559505409583,0.00303490136570561,0.0109375,0.0141955835962145,0.0109375,0.00158982511923688,0.0121951219512195,0.00159235668789809,0.0107033639143731,0.0113268608414239,0.988924050632911,0,0.015748031496063,0,0.952307692307692,0,0.00626959247648903,0,0,0.987841945288754,0.00157977883096367,0.0127186009538951,0,0.0113268608414239,0.009375,0.00949367088607595,0.0015527950310559,0.00160771704180064,0.00471698113207547,0.00161812297734628,0.989180834621329,0.00783699059561128,0,0,0,0.012779552715655,0,0.987480438184664,0.00154798761609907,0,0,0.00458015267175573,0.0125391849529781,0,0.011437908496732,0.010989010989011,0.987596899224806,0.00587371512481645,0,0.0137614678899083,0.0062111801242236,0.0113268608414239,0,0.00930232558139535,0,0.0142630744849445,0.00643086816720257,0.0123647604327666,0.0123647604327666,0.0124416796267496,0.00157232704402516,0.0140845070422535,0.0138461538461538,0,0.0015527950310559,0.0108695652173913,0.00934579439252336,0,0.0140405616224649,0.0129032258064516,0.00771604938271605,0.0137825421133231,0.98740157480315,0,0.0139751552795031,0,0.990595611285266,0.00949367088607595,0.998412698412698,0,0.0121951219512195,0.0111111111111111,0.998422712933754,0.0155763239875389,0.00155038759689922,0.0140845070422535,0,0.00792393026941363,0.0112721417069243,0.0015625,0.00306278713629403,0.00625,0.988993710691824,0,0.00949367088607595,0.0093167701863354,0.0015625,0.0123839009287926,0.0148514851485149,0,0.993808049535604,0.0123647604327666,0.0111287758346582,0.0062015503875969,0.00614439324116743,0,0.0141955835962145,0.00313479623824451,0.0132669983416252,0.996884735202492,0.00476190476190476,0.00473186119873817,0.0062111801242236,0.989296636085627,0.00162074554294976,0.0108527131782946,0.00461538461538462,0,0,0.989079563182527,0.990839694656489,0.0103244837758112,0.0106707317073171,0.987616099071207,0.00788643533123028,1,0.992223950233281,0.985483870967742,0.0140405616224649,0.987654320987654,0.00964630225080386,0.00473186119873817,0.00930232558139535,0.0138248847926267,0.987138263665595,0.987421383647799,0.0110759493670886,0.00906344410876133,0.00769230769230769,0,0.991935483870968,0.0277349768875193,0.00309119010819165,0.0140625,0.00153609831029186,0.00158478605388273,0.992211838006231,0.00923076923076923,0,0.0126582278481013,0,0.989164086687306,0,0.00158227848101266,0.00326797385620915,0.0108695652173913,0.989113530326594,0.00916030534351145,0.010752688172043,0.0136986301369863,0.990566037735849,0,0.00991735537190083,0,0.0139103554868624,0.00778816199376947,0,0.013953488372093,0.00156494522691706,0.00938967136150235,0,0.00314465408805031,0.00934579439252336,0.998435054773083,0,0.0108191653786708,0,0.00317460317460317,0.0125588697017268,0.989312977099237,0,0.00809061488673139,0.00154559505409583,0.0123647604327666,0,0,0.00324149108589951,0.00615384615384615,0.00755287009063444,0.0109717868338558,0.00634920634920635,0.987616099071207,0.0122324159021407,0,0.00950871632329636,0.008,0,0.0124416796267496,0.0124416796267496,0.00941915227629513,0.00310077519379845,0.0108864696734059,0,0,0.0124804992199688,0.0248447204968944,0.989280245022971,0.987281399046105,0.0096,0.00802568218298555,0,0.0109375,0.0125984251968504,0,0.00797448165869218,0.00479233226837061,0.0262751159196291,0.989230769230769,0.0110236220472441,0.0173501577287066,0.010752688172043,0.0110236220472441,0.989409984871407,0.009375,0.00947867298578199,0,0.00949367088607595,0,0.00903614457831325,0.00625,0.0107033639143731,0,0.0159235668789809,0.0123839009287926,0.00771604938271605,0.0160771704180064,0.0246913580246914,0.0140625,0.00904977375565611,0.995440729483283,0.00458015267175573,0.00460829493087558,0,0.0062015503875969,0.0124031007751938,0.00784929356357928,0.00928792569659443,0.780152671755725,0,0.987730061349693,0.00772797527047913,0,0,0,0.993730407523511,0.00927357032457496,0.00615384615384615,0.00938967136150235,0.0124610591900312,0,0,0.986384266263237,0.985849056603774,0,0,0,0.987538940809969,0,0.0109546165884194,0.56793893129771,0.00158478605388273,0.00793650793650794,0.0139103554868624,0.0110584518167457,0.0062111801242236,0.00460829493087558,0.989180834621329,0.0119760479041916,0.0016025641025641,0.00157977883096367,0.016793893129771,0.0121951219512195,0,0.995398773006135,0.00933125972006221,0.00914634146341463,0.988835725677831,0.0122324159021407,0,0.00958466453674121,0.0031055900621118,0.990668740279938,1,0.00164203612479475,0.00628930817610063,0,0,1,0.98705501618123,0.0060882800608828,0,0.0131578947368421,0.00152671755725191,0.0122887864823349,0,0.00459418070444104,0.00159489633173844,0.0143540669856459,0,0,0.998447204968944,0,0.987519500780031,0.0138674884437596,0.156351791530945,0.0106221547799697,0,0.0127388535031847,0.989130434782609,0.00303030303030303,0.0031496062992126,0.0093603744149766,0.988958990536278,0.0123076923076923,0.9890625,0,0.0123647604327666,0.990853658536585,0.0263975155279503,0.00797448165869218,0.00315457413249211,0.00792393026941363,0,0.985915492957746,0.0109375,0,0.987841945288754,0.00307692307692308,0,0,0.00636942675159236,0.0111642743221691,0.0107197549770291,0.0141732283464567,0.00952380952380952,0.9859375,0.0126382306477093,0.987692307692308,0.0233281493001555,0,0.0108191653786708,0.0108864696734059,0.00924499229583975,0.0140405616224649,0.911811023622047,0,0.0113268608414239,0.00614439324116743,0.00757575757575758,0.0125195618153365,0.0108191653786708,0.0108359133126935,0.989263803680982,0.990867579908676,0.0135338345864662,0.987673343605547,0,0.988958990536278,0.00778816199376947,0,0.0032,0,0.00938967136150235,0.985915492957746,0,0.0141287284144427,0.0138036809815951,0.0031055900621118,0.00151057401812689,0.00150375939849624,0,0.00317965023847377,0,0.00155038759689922,0.0015625,0.00158227848101266,0.00758725341426404,0,0.987460815047022,0,0.0207336523125997,0.00952380952380952,0.0414746543778802,0.00148809523809524,0.00308166409861325,0.0123647604327666,0.0138461538461538,0.0144927536231884,0.0112359550561798,0.00969305331179321,0.0110759493670886,0,0.00310077519379845,0.0140845070422535,0,0,0.0109546165884194,0.998459167950693,0.0122511485451761,0.00918836140888208,0.990461049284579,0,0.987519500780031,0.00788643533123028,0.988888888888889,0.0109546165884194,0.0109546165884194,0,0.0094488188976378,0.0122887864823349,0.00158982511923688,0.00156985871271586,0.0317965023847377,0.987596899224806,0.988941548183254,0.00645161290322581,0.00596125186289121,0.00921658986175115,0.987692307692308,0.987654320987654,0,0.00153139356814701,0.0047244094488189,0.985915492957746,0,0.992307692307692,0.00941915227629513,0.00941915227629513,0.0303514376996805,0.00152905198776758,0.986363636363636,0.00318979266347687,0.00313971742543171,0.0123839009287926,0.00772797527047913,0.00464396284829721,0,0.012987012987013,0.898278560250391,0.0144694533762058,0.990369181380417,0.0107197549770291,0.998442367601246,0.0112359550561798,0,0.3744,0.990712074303406,0.988924050632911,0.00771604938271605,0.00974025974025974,0.0216383307573416,0.00606060606060606,0,0,0.0078003120124805,0.0106544901065449,0.992063492063492,0,0.009375,0.989280245022971,0.0145631067961165,0.00940438871473354,0,0.963893249607535,0,0.0121765601217656,0.0032,0,0,0,0.00470957613814757,0.00153374233128834,0.00955414012738853,0.987635239567233,0.0126782884310618,0.0124223602484472,0.996860282574568,0.987616099071207,0,0.990566037735849,0,0.00928792569659443,0.00481540930979133,0,0,0.00956937799043062,0.015625,0.00155038759689922,0.956656346749226,0,0.903536977491961,0.973561430793157,0.989045383411581,0.167456556082148,0,0,0.00462962962962963,0,0.957278481012658,0.948995363214838,0,0.972307692307692,0.9888,0.949308755760369,0.968277945619335,0.95046439628483,0,0.968944099378882,0,0,0.956937799043062,0,0.934848484848485,0,0.0537974683544304,0,0
"619",0.0016366612111293,0,0,0.00164473684210526,0,0.00163934426229508,0.0146818923327896,0.00160513643659711,0.00159489633173844,0.998341625207297,0.00163132137030995,0.998381877022654,0.00161030595813205,0.00166389351081531,0,0,0.998407643312102,0.982343499197432,0.00164744645799012,0.00161290322580645,0,0,0.00162337662337662,0.998397435897436,0,0,0.00162337662337662,0.00163934426229508,0.00158227848101266,0.00160513643659711,0,0,0,0.00162337662337662,0.998381877022654,0.0016260162601626,0.977491961414791,0.00159235668789809,0.00156739811912226,0.00159235668789809,1,0.980830670926518,0.993558776167472,0.00165562913907285,0.00167224080267559,0,0,0,0.0015600624024961,0.00158730158730159,0.998394863563403,0.00162337662337662,0,0.00164744645799012,0.0163132137030995,0,0.998319327731092,0.00162074554294976,0.0032,0.00160513643659711,0.00159744408945687,0.00159235668789809,0,1,0.00165562913907285,0.00159235668789809,0.998410174880763,0.00162337662337662,0.998366013071895,0,0,0,0,0.00160771704180064,0.998397435897436,0.00158478605388273,0,0.00159235668789809,0.00163398692810458,0,0.998366013071895,0,0,0.00161030595813205,0.00158982511923688,0.00161550888529887,0.00157728706624606,0.00158730158730159,0.00476947535771065,0.985553772070626,0,0,0.998373983739837,0.998389694041868,0.00165289256198347,0.998371335504886,0.0147540983606557,0.00161812297734628,0.99194847020934,0.990445859872611,0.0129032258064516,0.998373983739837,0.00163132137030995,0.00165837479270315,0,0.00165289256198347,0.986928104575163,0.00327868852459016,0,0,0,0.014827018121911,0,0.00161030595813205,1,0.00159489633173844,0,0.998412698412698,0,0,1,0,0.00161290322580645,0,0.00160513643659711,0,0.00159744408945687,0,0.998355263157895,0.008,0.00161550888529887,0,0,0.998402555910543,0.00165562913907285,0,1,0,0,0.00815660685154975,0.998344370860927,0.998357963875205,0.00159235668789809,0.00161290322580645,0,0.0016366612111293,0,0.00161030595813205,0,0,0,0.0016025641025641,0.00164744645799012,0,0.00158982511923688,0,0.00160771704180064,0,0.998392282958199,0.00162866449511401,0.00631911532385466,0.00162866449511401,0,1,0.00157977883096367,0,0.0016750418760469,0.0016,0.00158478605388273,0,0.0016025641025641,0,0,0,0.00489396411092985,0,0.99837925445705,0,1,0.00162337662337662,0.00161550888529887,0,0.00158730158730159,0.00161030595813205,0.00155038759689922,0.00158478605388273,0,0,0.00166944908180301,0.0016366612111293,0,0,0,0.0196399345335516,0.998407643312102,0.998389694041868,0.00160513643659711,1,0,0,0.0133333333333333,0.0016,0.00156739811912226,0.00161812297734628,0,0.00161550888529887,0.0016260162601626,0.00160771704180064,0.00158730158730159,0.998355263157895,0.0016,0,0,0,0,0.00487012987012987,0.00162074554294976,0.00157977883096367,0,0.00157728706624606,0.00162866449511401,0.998357963875205,0,0.00157232704402516,0,1,0.00162074554294976,0,0.00654664484451719,0,0.00162337662337662,0.00166944908180301,0.0145631067961165,1,0.0157977883096366,0,0.00166389351081531,0,0.0016,0.00164473684210526,0.0016,0.00163934426229508,0.00159235668789809,0,0.00164473684210526,0,0,0,0,0,0,0,0,0,0,0.00158227848101266,0,0.00163934426229508,0.986688851913478,0,0.9984,0.00328407224958949,0.00165837479270315,0,0.00161812297734628,0.9984,0.00333889816360601,0.00478468899521531,0,0,0,0,0.987034035656402,0.00165016501650165,0,0,0.00163132137030995,0,0.00163132137030995,0,0,0.00157728706624606,0.00168918918918919,0.0147540983606557,0.9984375,0,0.0163132137030995,0.998376623376623,0,0.0139968895800933,0.00327332242225859,0.998425196850394,0,0,0,0,0,0.998376623376623,0.0114754098360656,0.00163398692810458,0.00158478605388273,0,0.0016260162601626,0.00157232704402516,0,0.00158227848101266,0.00161030595813205,0,0.00161290322580645,0.00160771704180064,0.00164473684210526,0.00161550888529887,0,0.00158478605388273,0.00159235668789809,0.00333889816360601,0.00168350168350168,0.947115384615385,0,0.00164203612479475,0,0,0.00161030595813205,0.00164744645799012,0.00163398692810458,0,0.00159235668789809,0,0.00161030595813205,0.00165562913907285,0.998360655737705,0,0.00981996726677578,0,0.944178628389155,0,0.0016,0,0,0.998444790046656,0,0.0016260162601626,0,0.00167785234899329,0.00163398692810458,0.00162866449511401,0.00163132137030995,0.00166666666666667,0.00161812297734628,0,0.998407643312102,0.00163398692810458,0,0,0,0.00161550888529887,0,0.998397435897436,0,0,0,0.00161030595813205,0.00161550888529887,0,0.0016750418760469,0,0.998405103668262,0,0,0.00159235668789809,0.00160513643659711,0.00167785234899329,0,0.00159744408945687,0,0.00164203612479475,0.00166944908180301,0.00159235668789809,0.0016025641025641,0.0016366612111293,0.00158982511923688,0.00160771704180064,0.0015625,0,0.00161550888529887,0.00165016501650165,0.0016,0,0.0015748031496063,0.00169779286926995,0,0.00160513643659711,0.998371335504886,0,0.00161290322580645,0,0.998333333333333,0.00164203612479475,0.988505747126437,0,0.00158227848101266,0.00162074554294976,0.996753246753247,0.0112540192926045,0,0.00165562913907285,0,0.00164473684210526,0.00164744645799012,0.00162866449511401,0.00159489633173844,0.00161290322580645,0.998357963875205,0,0.00329489291598023,0.00163132137030995,0,0.00162866449511401,0.00170940170940171,0,0.99837925445705,0.0016,0.00161550888529887,0.00165837479270315,0.00156739811912226,0,0.00651465798045603,0.00160513643659711,0.00856164383561644,0.993640699523052,0.0016366612111293,0.00160771704180064,0.00161290322580645,0.998394863563403,0,0,0.00158478605388273,0,0,0.998394863563403,1,0.00155763239875389,0.00157728706624606,0.998384491114701,0.00162074554294976,0.986863711001642,0.998389694041868,0.998338870431894,0.0016260162601626,1,0.00165016501650165,0.0032520325203252,0.00637958532695375,0.00158478605388273,0.998387096774194,1,0.00162866449511401,0.0015527950310559,0.00159235668789809,0,0.996661101836394,0.0158982511923688,0.00159744408945687,0.00160513643659711,0,0,0.998389694041868,0.00162866449511401,0,0.00162866449511401,0,1,0,0.00165837479270315,0,0.00161290322580645,1,0.00159744408945687,0.00158730158730159,0.00161290322580645,1,0,0.00172117039586919,0,0.00159489633173844,0,0,0.00162074554294976,0.00161030595813205,0.00164744645799012,0,0.00326797385620915,0.00161812297734628,0.988673139158576,0,0,0,0,0.0114754098360656,0.9984,0,0.00333333333333333,0.00159744408945687,0,0,0,0,0.00158730158730159,0.00158730158730159,0.00160771704180064,0.00164203612479475,0.99836867862969,0.00158982511923688,0,0.00162074554294976,0.0033500837520938,0,0.00158730158730159,0.00160771704180064,0,0,0.0016,0,0,0.00161030595813205,0.0147058823529412,0.998415213946117,0.99836867862969,0.00163934426229508,0.00164203612479475,0,0.00165016501650165,0.00157728706624606,0,0.00165562913907285,0.00165289256198347,0.0126782884310618,1,0,0.0115511551155116,0.00162866449511401,0.00160771704180064,1,0.00161812297734628,0.00165016501650165,0,0.0016260162601626,0,0.00158478605388273,0.0016260162601626,0,0,0.00327332242225859,0.00161030595813205,0.00162074554294976,0.0115321252059308,0.0272,0.00163132137030995,0,0.991922455573506,0.00160771704180064,0.0016,0,0,0.00161030595813205,0.00162866449511401,0.00159744408945687,0.763116057233704,0,0.998420221169036,0.00161812297734628,0,0,0,1,0.00160771704180064,0,0.00162337662337662,0.00159489633173844,0,0,0.998427672955975,0.998387096774194,0,0,0,0.998402555910543,0,0.00158982511923688,0.57051282051282,0.00163132137030995,0,0.00972447325769854,0.00162866449511401,0.00162074554294976,0,0.998394863563403,0,0.00162866449511401,0.00164203612479475,0.00626959247648903,0.0016025641025641,0,0.988745980707395,0.0016,0.00157977883096367,1,0.00156985871271586,0,0.00170357751277683,0,0.998381877022654,0.9904,0.00166944908180301,0.00163398692810458,0,0,0.98705501618123,1,0.00155038759689922,0,0.00171232876712329,0,0.00157728706624606,0,0.0015748031496063,0,0.00500834724540901,0,0,0.998373983739837,0,0.998394863563403,0.00157977883096367,0.163575042158516,0.00315457413249211,0,0,0.998407643312102,0,0.00161550888529887,0.0016,0.998333333333333,0.00156985871271586,0.998371335504886,0,0.00156494522691706,0.998394863563403,0.0189873417721519,0,0,0.00164203612479475,0,0.99837925445705,0.00160513643659711,0,0.998432601880878,0,0,0,0.00166944908180301,0.0016366612111293,0,0.00491803278688525,0.0032520325203252,0.998357963875205,0.00165016501650165,0.977491961414791,0.0157232704402516,0,0,0.00161550888529887,0.00158227848101266,0.00157728706624606,0.908943089430894,0,0.00168067226890756,0.00160771704180064,0.00157728706624606,0.00161030595813205,0.00162337662337662,0.00163132137030995,0.998422712933754,0.998407643312102,0.0015527950310559,0.998412698412698,0,0.996732026143791,0.0016025641025641,0,0.00165016501650165,0,0.00165289256198347,0.996715927750411,0,0.0016260162601626,0.0016025641025641,0,0.00155763239875389,0,0,0,0,0,0.00161812297734628,0,0.0015748031496063,0,0.998371335504886,0,0.0147540983606557,0,0.0304,0.0015527950310559,0,0.00643086816720257,0.00158227848101266,0.0033112582781457,0.00166112956810631,0,0.00164203612479475,0,0,0.00160771704180064,0,0,0.00322061191626409,0.987240829346092,0.00158478605388273,0.00157728706624606,0.99836867862969,0,1,0.00163934426229508,0.998360655737705,0.00161030595813205,0,0,0.0016260162601626,0.00160513643659711,0.00161812297734628,0.00160771704180064,0.0175438596491228,0.998366013071895,0.998360655737705,0.00169779286926995,0.00154320987654321,0.0016,0.998425196850394,0.998410174880763,0,0,0,0.99837925445705,0,1,0.00163398692810458,0.0016025641025641,0.0262295081967213,0,0.998415213946117,0.00165562913907285,0,0.0016025641025641,0.0015625,0.00158730158730159,0,0.00165016501650165,0.895666131621188,0.00163132137030995,1,0.00158478605388273,0.990322580645161,0.00163398692810458,0,0.362270450751252,0.998381877022654,1,0.00160771704180064,0.00165289256198347,0.0110759493670886,0,0,0,0,0.00156985871271586,0.998347107438017,0,0,0.998387096774194,0.00166112956810631,0.00160771704180064,0,0.954983922829582,0,0.00158730158730159,0,0,0,0,0.00166112956810631,0.00158730158730159,0,0.998394863563403,0.0016366612111293,0.0016025641025641,0.995090016366612,1,0,0.998397435897436,0,0,0,0,0,0.00491803278688525,0.0033112582781457,0.00159235668789809,0.949447077409163,0,0.901477832512315,0.974317817014446,0.998357963875205,0.161500815660685,0,0,0.00636942675159236,0,0.950657894736842,0.939935064935065,0,0.974358974358974,0.991694352159468,0.946341463414634,0.971153846153846,0.937399678972713,0,0.967741935483871,0,0,0.951986754966887,0,0.916932907348243,0,0.0568181818181818,0,0
"620",0.745454545454545,0.734234234234234,0.744011976047904,0.744945567651633,0.74922600619195,0.751937984496124,0.724031007751938,0.74885145482389,0.744460856720827,0,0.758778625954198,0,0.615844544095665,0.746130030959752,0.276073619631902,0.25948406676783,0,0.0136157337367625,0.745682888540031,0.754916792738275,0.38391502276176,0.288611544461778,0.760119940029985,0,0.751117734724292,0.433179723502304,0.340874811463047,0.7398753894081,0.580838323353293,0.676646706586826,0.267857142857143,0.750755287009063,0.726858877086495,0.418320610687023,0,0.751524390243902,0.0180451127819549,0.730015082956259,0.507246376811594,0.711111111111111,0.00154320987654321,0.011887072808321,0.00301659125188537,0.749618320610687,0.7,0.289269051321928,0.591962905718702,0.23969465648855,0.59077380952381,0.358490566037736,0,0.742424242424242,0.443778110944528,0.749235474006116,0.717391304347826,0.392857142857143,0,0.736923076923077,0.739393939393939,0.753383458646616,0.459580838323353,0.559090909090909,0.2557781201849,0,0.728395061728395,0.698198198198198,0,0.755795981452859,0,0.249235474006116,0.689655172413793,0.256716417910448,0.266263237518911,0.754074074074074,0,0.725258493353028,0.299248120300752,0.624815361890694,0.755832037325039,0.474683544303797,0,0.693572496263079,0.395209580838323,0.747005988023952,0.335338345864662,0.737388724035608,0.740181268882175,0.750373692077728,0.735029940119761,0.00451807228915663,0.750759878419453,0.743202416918429,0,0,0.778816199376947,0,0.459016393442623,0.740399385560676,0.00449775112443778,0.00609756097560976,0.645454545454546,0,0.523006134969325,0.748466257668712,0.345642540620384,0.731132075471698,0.00617283950617284,0.730538922155689,0.253393665158371,0.258751902587519,0.263237518910741,0.733436055469954,0.518126888217523,0.760606060606061,0,0.754122938530735,0.722727272727273,0,0.260089686098655,0.438356164383562,0,0.726027397260274,0.438066465256798,0.319314641744548,0.739520958083832,0.342814371257485,0.763235294117647,0.736196319018405,0,0.615267175572519,0.73587786259542,0.562305295950156,0.741085271317829,0,0.743431221020093,0.266369047619048,0,0.419207317073171,0.63109756097561,0.608424336973479,0,0,0.746246246246246,0.691729323308271,0.367601246105919,0.749615975422427,0.251141552511416,0.735649546827795,0.570542635658915,0.729970326409496,0.358895705521472,0.734138972809668,0.748837209302326,0.720121028744327,0.755656108597285,0.248073959938367,0.74024024024024,0.259938837920489,0,0.675968992248062,0.767407407407407,0.745481927710843,0.264179104477612,0,0.736920777279522,0.562596599690881,0.743827160493827,0.756756756756757,0.74251497005988,0.433878157503715,0.748493975903614,0.259090909090909,0.747787610619469,0.24962852897474,0.748837209302326,0.503782148260212,0,0.750755287009063,0,0.720478325859492,0.747368421052632,0.334869431643625,0.756390977443609,0.743628185907046,0.746705710102489,0.744360902255639,0.351963746223565,0.544227886056971,0.754224270353303,0.737169517884914,0.309309309309309,0.249249249249249,0.738461538461539,0.720364741641337,0,0,0.481818181818182,0.0015015015015015,0.753383458646616,0.470149253731343,0.720679012345679,0.703759398496241,0.739705882352941,0.537764350453172,0.536953242835596,0.475757575757576,0.751515151515151,0.790909090909091,0.750746268656716,0,0.702823179791976,0.408805031446541,0.756880733944954,0.26027397260274,0.301775147928994,0.588055130168453,0.74347158218126,0.745535714285714,0.759878419452888,0.751515151515151,0.734138972809668,0,0.311077389984825,0.648286140089419,0.74079754601227,0,0.748125937031484,0.741935483870968,0.613981762917933,0.625187406296852,0.741984732824427,0.752336448598131,0.516030534351145,0,0.717455621301775,0.711864406779661,0.742138364779874,0.264750378214826,0.739130434782609,0.750759878419453,0.75297619047619,0.731523378582202,0.612855007473842,0.255023183925811,0.76030534351145,0.584592145015106,0.251453488372093,0.247058823529412,0.369230769230769,0.257966616084977,0.375572519083969,0.665185185185185,0.24886191198786,0.262048192771084,0.278614457831325,0.637593984962406,0.275808936825886,0.741194486983155,0.00614439324116743,0.256134969325153,0,0.424657534246575,0.746894409937888,0.736600306278714,0.725490196078431,0,0.752336448598131,0.710059171597633,0.709531013615734,0.719879518072289,0.561162079510703,0.529320987654321,0.00602409638554217,0.742589703588144,0.339366515837104,0.761755485893417,0.74051593323217,0.257871064467766,0.694736842105263,0.253030303030303,0.363086232980333,0.752592592592593,0.767885532591415,0.739130434782609,0,0.659670164917541,0.704791344667697,0,0.248493975903614,0.71898355754858,0.763803680981595,0,0.250741839762611,0.260606060606061,0.7601246105919,0.754303599374022,0.263076923076923,0,0.531202435312024,0.750380517503805,0.727272727272727,0.547904191616767,0.667173252279635,0.760119940029985,0.265243902439024,0.741456166419019,0.756390977443609,0.271212121212121,0.74468085106383,0.747720364741641,0.745736434108527,0.741017964071856,0.385432473444613,0.47289156626506,0.477477477477477,0.745007680491551,0.882075471698113,0.0356083086053412,0.444947209653092,0.748091603053435,0.35249621785174,0.46577380952381,0.759090909090909,0.752279635258359,0.764179104477612,0.666666666666667,0.739259259259259,0.429663608562691,0.759455370650529,0.743511450381679,0,0.47289156626506,0.615384615384615,0.256797583081571,0.043026706231454,0.256259204712813,0.762762762762763,0.280597014925373,0.257440476190476,0,0.414523449319213,0.747303543913713,0.303951367781155,0.751543209876543,0.75,0.74347158218126,0.467692307692308,0.449612403100775,0.659509202453988,0.588516746411483,0,0.718608169440242,0.252584933530281,0.261834319526627,0.467862481315396,0.756880733944954,0.258543833580981,0,0.497737556561086,0.240412979351032,0.271623672230652,0.550898203592814,0.735474006116208,0.506269592476489,0.729984301412873,0.742813918305598,0,0.733142037302726,0.237878787878788,0.741405082212257,0.729607250755287,0.733644859813084,0.267371601208459,0.745937961595273,0.26015037593985,0.69578313253012,0.709375,0.738805970149254,0.751124437781109,0.733834586466165,0.4779299847793,0.744712990936556,0.732732732732733,0.254385964912281,0.276073619631902,0.746543778801843,0.759342301943199,0.525190839694657,0.698956780923994,0.732919254658385,0.73984962406015,0.756756756756757,0,0.326717557251908,0.743511450381679,0.266768292682927,0,0.759512937595129,0.00613496932515337,0.297546012269939,0.751131221719457,0.740573152337858,0.00152671755725191,0.638719512195122,0.541284403669725,0.747303543913713,0.254658385093168,0.76219512195122,0.722741433021807,0.51896813353566,0.6289592760181,0.730232558139535,0,0.386706948640483,0.744648318042814,0.749240121580547,0.552511415525114,0.732436472346786,0.731319554848967,0.282012195121951,0.00152671755725191,0.758208955223881,0.756060606060606,0.740853658536585,0.673134328358209,0.255707762557078,0.755351681957186,0.44311377245509,0.378980891719745,0.0045045045045045,0.638629283489097,0.641221374045801,0.622154779969651,0,0.490712074303406,0.738131699846861,0.655737704918033,0.66865671641791,0.306002928257687,0,0,0.726752503576538,0.739520958083832,0,0.737082066869301,0.00467289719626168,0,0,0.756923076923077,0,0.76056338028169,0.688821752265861,0.612184249628529,0.740356083086053,0,0,0.757575757575758,0.788461538461538,0.69047619047619,0.256756756756757,0.00156985871271586,0.723529411764706,0.621987951807229,0.752958579881657,0.594879518072289,0.526881720430108,0,0.755255255255255,0.263888888888889,0.758039816232772,0.319508448540707,0,0.257309941520468,0.340425531914894,0.529505582137161,0.724659606656581,0,0.75186846038864,0.754916792738275,0.739064856711916,0,0.313846153846154,0.761526232114467,0.253943217665615,0.735905044510386,0.750369276218611,0.265151515151515,0.731634182908546,0.476621417797888,0.715582450832073,0.25226586102719,0.389408099688474,0.739457831325301,0.00609756097560976,0.243283582089552,0.759701492537313,0.26040061633282,0.709876543209877,0.517611026033691,0,0.328808446455505,0.707882534775889,0.447916666666667,0.742033383915023,0.25609756097561,0.383458646616541,0.532385466034755,0.75,0.747415066469719,0.731818181818182,0.704615384615385,0,0.735735735735736,0.252225519287834,0.724770642201835,0.536050156739812,0.26099706744868,0.741405082212257,0.751145038167939,0.742378048780488,0.620426829268293,0.747368421052632,0.363358778625954,0.422664624808576,0.750375939849624,0.739064856711916,0,0,0.741194486983155,0.73953488372093,0.258064516129032,0.759571209800919,0.746246246246246,0.50748502994012,0.729770992366412,0.671317829457364,0.729166666666667,0,0.738532110091743,0.490853658536585,0.738998482549317,0.746223564954683,0,0.631498470948012,0.748466257668712,0.246554364471669,0.676380368098159,0.545454545454545,0.687409551374819,0.676335877862595,0.73216885007278,0.324522760646109,0.754276827371695,0.750378214826021,0.752655538694992,0.465732087227414,0.333333333333333,0.758258258258258,0.7526395173454,0.00452488687782805,0.697466467958271,0.526315789473684,0.477064220183486,0.717910447761194,0.749620637329287,0.769465648854962,0.755588673621461,0.13622754491018,0.23943661971831,0,0.753776435045317,0.25652841781874,0.249619482496195,0.506828528072838,0,0.747720364741641,0.722388059701493,0.731231231231231,0.740740740740741,0.324655436447167,0.26395173453997,0,0,0.402173913043478,0.290076335877863,0.385448916408669,0,0.254464285714286,0.736131934032983,0.123511904761905,0.472727272727273,0.753086419753086,0.646341463414634,0.749221183800623,0.665671641791045,0.631811487481591,0,0.748905109489051,0.518518518518518,0.56969696969697,0.755917159763314,0.742813918305598,0.523238380809595,0.00605143721633888,0.749244712990937,0.74962962962963,0,0.729013254786451,0.270676691729323,0.733333333333333,0.525835866261398,0,0.00448430493273543,0.606012658227848,0.752671755725191,0.259370314842579,0.381901840490798,0.0060882800608828,0.00155038759689922,1,0.268104776579353,0.737833594976452,0.535976505139501,0.736526946107784,0.256024096385542,0.476190476190476,0.501538461538461,0.7546875,0.302034428794992,0.255988023952096,0.00149925037481259,0.28129829984544,0,0.744082840236686,0.24191063174114,0.748892171344165,0.25193199381762,0.751166407465008,0,0.59375,0.559090909090909,0.739663093415008,0,0.744776119402985,0,0.565625,0.755192878338279,0,0.657185628742515,0.734446130500759,0.675384615384615,0.75808936825886,0.282282282282282,0,0.742033383915023,0.481707317073171,0,0.731523378582202,0.244807121661721,0.256676557863501,0.756508422664625,0.741641337386018,0.739910313901345,0.730886850152905,0.735068912710567,0,0.746585735963581,0.0150829562594268,0.503003003003003,0.505263157894737,0.734848484848485,0.762996941896025,0.753363228699552,0.744807121661721,0.0464767616191904,0.276073619631902,0.740157480314961,0.748865355521936,0.701515151515152,0.749249249249249,0.761261261261261,0.757207890743551,0,0,0.752173913043478,0,0.296240601503759,0,0.745864661654135,0.503888024883359,0.413312693498452,0.346385542168675,0.791090629800307,0,0.350223546944858,0.73780487804878,0.758258258258258,0.67175572519084,0.54093567251462,0.392185238784371,0.414814814814815,0.629283489096573,0.260416666666667,0.305389221556886,0.617378048780488,0.434049079754601,0.680473372781065,0.241741741741742,0,0.257318952234206,0.473684210526316,0.740683229813665,0.637329286798179,0.409691629955947,0.652042360060514,0.752608047690015,0.746268656716418,0.746130030959752,0.745007680491551,0.736349453978159,0.764525993883792,0.681818181818182,0.541229385307346,0.746223564954683,0.259150805270864,0.261515601783061,0.751124437781109,0.00745156482861401,0.748892171344165,0.723981900452489,0,0.333853354134165,0,0.743161094224924,0,0.757530120481928,0.746200607902736,0.258160237388724,0.725190839694656,0.741353383458647,0.647692307692308,0.630402384500745,0.723926380368098,0,0,0.74481658692185,0.740902474526929,0.746268656716418,0,0,0.25193199381762,0.434718100890208,0.564564564564565,0,0.639939485627837,0,0.727131782945736,0.739064856711916,0.370199692780338,0.423831070889894,0,0.521472392638037,0.624810892586989,0.6996996996997,0.758208955223881,0.698198198198198,0.264840182648402,0.75195007800312,0.0336906584992343,0.74375,0,0.738552437223043,0.00302114803625378,0.746130030959752,0.259878419452888,0.180277349768875,0,0,0.754147812971342,0.71097372488408,0.735338345864662,0.655834564254062,0.286131386861314,0.249614791987673,0.679331306990882,0.700892857142857,0,0.266968325791855,0.738863287250384,0,0.744945567651633,0.746626686656672,0.311077389984825,0.0303490136570561,0.246223564954683,0.74702380952381,0.577160493827161,0.29500756429652,0.340625,0.366766467065868,0.70077519379845,0.313343328335832,0.756548536209553,0,0.684210526315789,0.74888558692422,0.00306278713629403,0,0.248908296943231,0,0.254518072289157,0.732035928143713,0.66973886328725,0.26502311248074,0.248847926267281,0.618098159509202,0.751926040061633,0.54954954954955,0.0368731563421829,0.272445820433437,0.0533536585365854,0.0197568389057751,0,0.256880733944954,0.24597364568082,0.251524390243902,0.272047832585949,0.2555720653789,0.0350076103500761,0.0406015037593985,0.27218045112782,0.0196374622356495,0.00622083981337481,0.0316742081447964,0.0254110612855007,0.0466165413533835,0.271623672230652,0.0242792109256449,0.25115562403698,0.260211800302572,0.0340030911901082,0.267175572519084,0.029585798816568,0.258646616541353,0.267669172932331,0.240822320117474,0.24886191198786
"621",0.0275526742301459,0.0252764612954186,0.0479876160990712,0.0769230769230769,0.0338709677419355,0.0258481421647819,0.121405750798722,0.0400641025641026,0.0203125,0,0.0222222222222222,0,0.45141065830721,0.024,0.940345368916798,0.985668789808917,0,0.00157977883096367,0.0258064516129032,0.0393700787401575,0.845911949685535,0.957095709570957,0.0359937402190923,0,0.065625,0.762204724409449,0.874213836477987,0.0372168284789644,0.531782945736434,0.325077399380805,0.979782270606532,0.326053042121685,0.241157556270096,0.725274725274725,0,0.027027027027027,0.00630914826498423,0.0239234449760766,0.758461538461538,0.0974842767295598,0,0,0,0.025518341307815,0.238172920065253,0.964573268921095,0.509493670886076,0.976340694006309,0.548837209302326,0.85935085007728,0,0.02660406885759,0.743307086614173,0.0208333333333333,0.128367670364501,0.833865814696486,0,0.0499194847020934,0.0506134969325153,0.114906832298137,0.71656050955414,0.570542635658915,0.97557003257329,0,0.127214170692432,0.18944099378882,0,0.0382775119617225,0,0.976452119309262,0.164556962025316,0.974723538704581,0.96031746031746,0.0246913580246914,0,0.309230769230769,0.933544303797468,0.444099378881988,0.109500805152979,0.72,0,0.301857585139319,0.800933125972006,0.0189873417721519,0.873217115689382,0.103286384976526,0.0267716535433071,0.0518053375196232,0.0523809523809524,0,0.0302066772655008,0.0190174326465927,0,0,0.0479233226837061,0,0.699212598425197,0.0378548895899054,0,0,0.409733124018838,0,0.7248,0.0255591054313099,0.890769230769231,0.0242718446601942,0,0.0365659777424483,0.98256735340729,0.974842767295597,0.965299684542587,0.100638977635783,0.665079365079365,0.023696682464455,0,0.026813880126183,0.304897314375987,0,0.976489028213166,0.781789638932496,0,0.246081504702194,0.760629921259843,0.916398713826367,0.0462519936204147,0.87402799377916,0.0234009360374415,0.0220820189274448,0,0.465732087227414,0.0848,0.52442996742671,0.0308943089430894,0,0.0307443365695793,0.950693374422188,0,0.803542673107891,0.39403453689168,0.497584541062802,0,0,0.0425867507886435,0.250398724082935,0.840130505709625,0.021978021978022,0.968304278922345,0.093603744149766,0.590322580645161,0.0390015600624025,0.866129032258064,0.0317460317460317,0.0188976377952756,0.1734375,0.0237341772151899,0.974317817014446,0.0188679245283019,0.976076555023923,0,0.266347687400319,0.137557959814529,0.0394944707740916,0.959564541213064,0,0.0232198142414861,0.567699836867863,0.0227642276422764,0.0222222222222222,0.0214723926380368,0.714733542319749,0.0428571428571429,0.980861244019139,0.0715396578538103,0.976816074188563,0.118022328548644,0.655384615384615,0,0.0364500792393027,0,0.170886075949367,0.0221518987341772,0.859872611464968,0.0358814352574103,0.073094867807154,0.0276497695852535,0.0524691358024691,0.897959183673469,0.625776397515528,0.0960912052117264,0.0696920583468395,0.927672955974843,0.97045101088647,0.0397456279809221,0.137007874015748,0,0,0.713831478537361,0,0.0218068535825545,0.737984496124031,0.138263665594855,0.266141732283465,0.029320987654321,0.584394904458599,0.582434514637905,0.72408293460925,0.111111111111111,0.0507936507936508,0.137223974763407,0,0.13302034428795,0.825525040387722,0.0745542949756888,0.97626582278481,0.927357032457496,0.487341772151899,0.0384,0.043343653250774,0.177884615384615,0.0249609984399376,0.125996810207337,0,0.92259083728278,0.351097178683386,0.024232633279483,0,0.027906976744186,0.0352220520673813,0.465408805031447,0.45141065830721,0.0301587301587302,0.0226537216828479,0.63349131121643,0,0.123647604327666,0.486529318541997,0.0476190476190476,0.976708074534162,0.057542768273717,0.0192926045016077,0.0252764612954186,0.0637958532695375,0.483670295489891,0.972447325769854,0.0443037974683544,0.4828125,0.975384615384615,0.976635514018692,0.797770700636943,0.979462875197472,0.8528,0.343558282208589,0.97626582278481,0.9734375,0.971875,0.432766615146832,0.9488,0.0395569620253165,0,0.974603174603175,0,0.778846153846154,0.0257648953301127,0.037914691943128,0.118483412322275,0,0.141479099678457,0.165891472868217,0.32475884244373,0.408227848101266,0.556438791732909,0.565977742448331,0,0.0176848874598071,0.902021772939347,0.319354838709677,0.0511182108626198,0.962441314553991,0.269291338582677,0.975922953451043,0.865506329113924,0.0228310502283105,0.0226904376012966,0.122977346278317,0,0.37904468412943,0.128410914927769,0,0.978227060653188,0.111459968602826,0.0336538461538462,0,0.979655712050078,0.978260869565217,0.0405186385737439,0.132045088566828,0.970826580226904,0,0.622047244094488,0.0296875,0.227202472952087,0.615141955835962,0.363192182410423,0.0631911532385466,0.967032967032967,0.0202808112324493,0.0253565768621236,1,0.0450310559006211,0.0206349206349206,0.0456769983686786,0.0252365930599369,0.819466248037677,0.69969040247678,0.733438485804416,0.0395569620253165,0.0762987012987013,0.00313479623824451,0.746031746031746,0.0412698412698413,0.865625,0.697388632872504,0.0252764612954186,0.026984126984127,0.0483870967741935,0.323529411764706,0.0247678018575851,0.768488745980707,0.0488958990536278,0.0241545893719807,0,0.698289269051322,0.464856230031949,0.968404423380727,0.00157977883096367,0.965678627145086,0.11128526645768,0.955974842767296,0.976415094339623,0,0.785714285714286,0.0272,0.918789808917197,0.0305958132045089,0.043956043956044,0.0285714285714286,0.72859450726979,0.722044728434505,0.33968253968254,0.544262295081967,0,0.197160883280757,0.972093023255814,0.947040498442368,0.801261829652997,0.0190779014308426,0.978227060653188,0,0.686427457098284,0.993720565149137,0.962085308056872,0.540064102564103,0.0189873417721519,0.712887438825449,0.0214168039538715,0.0471698113207547,0,0.0298507462686567,0.976671850699845,0.0233644859813084,0.185126582278481,0.0238473767885533,0.971473851030111,0.043613707165109,0.976303317535545,0.116613418530351,0.304700162074554,0.0819165378670788,0.0348101265822785,0.0203761755485893,0.714738510301109,0.0613207547169811,0.0185471406491499,0.978428351309707,0.9536,0.0226904376012966,0.0222222222222222,0.670846394984326,0.129485179407176,0.0519262981574539,0.0694006309148265,0.0203125,0,0.8704,0.0219092331768388,0.979299363057325,0,0.0466237942122186,0,0.942492012779553,0.0248447204968944,0.0457413249211356,0,0.407523510971787,0.604761904761905,0.0402576489533011,0.979133226324238,0.148089171974522,0.028391167192429,0.624798711755233,0.414442700156986,0.225806451612903,0,0.8421875,0.0385852090032154,0.0256,0.575235109717868,0.0231839258114374,0.0511551155115512,0.94912559618442,0,0.0377358490566038,0.027027027027027,0.0621019108280255,0.326625386996904,0.979233226837061,0.142633228840125,0.760697305863708,0.804311774461028,0,0.401284109149278,0.412140575079872,0.385579937304075,0,0.70952380952381,0.100313479623824,0.376582278481013,0.485981308411215,0.905053598774885,0,0,0.0225563909774436,0.0390625,0,0.0932069510268562,0,0,0,0.0236220472440945,0,0.0261865793780687,0.245614035087719,0.496894409937888,0.02,0,0,0.0238473767885533,0.0568356374807988,0.297971918876755,0.976958525345622,0,0.129032258064516,0.411490683229814,0.0238095238095238,0.4858934169279,0.6576,0,0.0383435582822086,0.985123966942149,0.060702875399361,0.896,0,0.969183359013868,0.8743961352657,0.537437603993344,0.0451713395638629,0,0.0618238021638331,0.0393081761006289,0.0221870047543582,0,0.910828025477707,0.068561872909699,0.971947194719472,0.0232919254658385,0.0245398773006135,0.970172684458399,0.0171606864274571,0.7184,0.208860759493671,0.966719492868463,0.831730769230769,0.0512,0,0.9824,0.0486656200941915,0.97029702970297,0.3568,0.596491228070175,0,0.870458135860979,0.273462783171521,0.757142857142857,0.0430622009569378,0.974842767295597,0.849293563579278,0.559265442404007,0.0642633228840125,0.130030959752322,0.0545746388443018,0.265273311897106,0,0.0403100775193798,0.979719188767551,0.0471698113207547,0.617021276595745,0.972179289026275,0.0200308166409861,0.0226537216828479,0.0224358974358974,0.39403453689168,0.0345368916797488,0.866129032258064,0.811501597444089,0.073094867807154,0.13302034428795,0,0,0.032051282051282,0.0837359098228663,0.959742351046699,0.0352564102564103,0.0299212598425197,0.644200626959248,0.0813008130081301,0.280898876404494,0.128086419753086,0,0.0498392282958199,0.6608,0.0205047318611987,0.0223285486443381,0,0.367507886435331,0.0403225806451613,0.97933227344992,0.322169059011164,0.623211446740858,0.220183486238532,0.316957210776545,0.0583717357910906,0.914728682170543,0.0418006430868167,0.0203442879499218,0.0363349131121643,0.699346405228758,0.866459627329193,0.0300632911392405,0.023696682464455,0,0.232919254658385,0.563579277864992,0.737421383647799,0.244897959183673,0.0220472440944882,0.136075949367089,0.0186046511627907,0.116743471582181,0.980456026058632,0,0.197411003236246,0.982343499197432,0.974603174603175,0.720496894409938,0,0.0328125,0.105754276827372,0.0251968503937008,0.0263157894736842,0.900958466453674,0.977382875605816,0,0,0.815112540192926,0.913322632423756,0.8256735340729,0,0.979623824451411,0.021875,0.413145539906103,0.718110236220472,0.024,0.43581616481775,0.0479233226837061,0.352201257861635,0.375963020030817,0,0.024132730015083,0.623376623376623,0.514331210191083,0.0963302752293578,0.0248447204968944,0.62992125984252,0,0.0643642072213501,0.0584615384615385,0,0.0547945205479452,0.968602825745683,0.0396694214876033,0.580952380952381,0,0,0.509031198686371,0.178403755868545,0.974358974358974,0.869281045751634,0,0,0.268104776579353,1,0.0231023102310231,0.686520376175549,0.0264797507788162,0.98145285935085,0.645962732919255,0.684294871794872,0.145187601957586,0.917763157894737,0.976708074534162,0,0.95024077046549,0,0.0262345679012346,0.791530944625407,0.0351681957186544,0.979365079365079,0.0258064516129032,0,0.496111975116641,0.540284360189573,0.0238853503184713,0,0.0232558139534884,0,0.606209150326797,0.0266457680250784,0,0.373831775700935,0.0316957210776545,0.268025078369906,0.0608,0.947449768160742,0,0.0189274447949527,0.743221690590112,0,0.322834645669291,0.972519083969466,0.954898911353033,0.0206022187004754,0.0223285486443381,0.0324074074074074,0.046031746031746,0.0353697749196141,0,0.0423861852433281,0,0.649612403100775,0.712715855572998,0.0295031055900621,0.0251968503937008,0.0250783699059561,0.0299684542586751,0.0318471337579618,0.965244865718799,0.0390879478827362,0.0613496932515337,0.295489891135303,0.0375,0.0203442879499218,0.0427892234548336,0,0,0.0353302611367127,0,0.930448222565688,0.00159744408945687,0.0613207547169811,0.723472668810289,0.791599353796446,0.872340425531915,0.0870967741935484,0.00156494522691706,0.888188976377953,0.0201550387596899,0.021875,0.386837881219904,0.592085235920852,0.805429864253394,0.807511737089202,0.36650868878357,0.976744186046512,0.866028708133971,0.465299684542587,0.760252365930599,0.32,0.966719492868463,0,0.977848101265823,0.672,0.0164203612479475,0.367507886435331,0.783866057838661,0.4,0.133748055987558,0.0276073619631902,0.0473856209150327,0.0384615384615385,0.0256,0.0273311897106109,0.461417322834646,0.592651757188498,0.023696682464455,0.980213089802131,0.973886328725038,0.137658227848101,0,0.0246153846153846,0.0470219435736677,0,0.903225806451613,0,0.0604133545310016,0,0.0403726708074534,0.0256410256410256,0.972006220839813,0.188498402555911,0.0202492211838006,0.36624203821656,0.390625,0.128775834658188,0,0,0.0943708609271523,0.0709969788519638,0.0294117647058824,0,0,0.982084690553746,0.778649921507064,0.517405063291139,0,0.5453125,0,0.10223642172524,0.0221870047543582,0.809294871794872,0.768759571209801,0,0.658064516129032,0.437898089171975,0.134069400630915,0.0531914893617021,0.242088607594937,0.980891719745223,0.0279605263157895,0.086677367576244,0.0242718446601942,0,0.0372093023255814,0,0.0226171243941842,0.962025316455696,0.607085346215781,0,0,0.1850699844479,0.0882352941176471,0.0707692307692308,0.285714285714286,0.95679012345679,0.96656050955414,0.200317965023847,0.182370820668693,0,0.959935897435897,0.0516431924882629,0,0.0403225806451613,0.0535433070866142,0.917329093799682,0,0.973561430793157,0.0217729393468118,0.545016077170418,0.917197452229299,0.884244372990354,0.873217115689382,0.329508196721311,0.892857142857143,0.0269413629160063,0,0.258426966292135,0.0390015600624025,0,0,0.974085365853659,0,0.979495268138801,0.0235849056603774,0.296900489396411,0.975767366720517,0.975922953451043,0.477346278317152,0.0493630573248408,0.567233384853168,0.00308166409861325,0.974025974025974,0.0457516339869281,0.0078125,0,0.7984,0.974045801526718,0.970967741935484,0.965625,0.976780185758514,0,0.00156494522691706,0.963665086887836,0.00484652665589661,0.00323101777059774,0.0283464566929134,0.00630914826498423,0.0015625,0.967084639498433,0.0142405063291139,0.975806451612903,0.97741935483871,0,0.973270440251572,0.049079754601227,0.974683544303797,0.894984326018809,0.973886328725038,0.974603174603175
"622",0.996666666666667,1,0.971153846153846,0.94,0.984667802385009,1,0.894909688013136,0.973597359735974,1,0,1,0,0.556836902800659,1,0.0407830342577488,0.00827814569536424,0,0.0164744645799012,0.998333333333333,0.990131578947368,0.148026315789474,0.0345423143350604,0.988617886178862,0,0.954098360655738,0.263071895424837,0.108374384236453,0.989864864864865,0.469522240527183,0.680129240710824,0,0.684124386252046,0.771004942339374,0.288524590163934,0,1,0.0145867098865478,0.995137763371151,0.246056782334385,0.907348242811502,0.00168634064080944,0.0178861788617886,0.00645161290322581,1,0.780033840947547,0.0249169435215947,0.499178981937603,0,0.466034755134281,0.1376,0,0.995024875621891,0.264705882352941,1,0.882059800664452,0.165,0,0.973109243697479,0.964686998394864,0.900651465798046,0.294892915980231,0.428104575163399,0,0,0.899006622516556,0.830618892508143,0,0.991694352159468,0,0,0.862179487179487,0.00827814569536424,0.0180327868852459,1,0,0.717781402936378,0.0423452768729642,0.565640194489465,0.907563025210084,0.246913580246914,0,0.713355048859935,0.214170692431562,0.998373983739837,0.111475409836066,0.907617504051864,0.99510603588907,0.969205834683955,0.969453376205788,0.0129032258064516,0.988372093023256,1,0,0,0.974958263772955,0,0.296416938110749,0.982171799027553,0.00981996726677578,0.00977198697068404,0.600326264274062,0,0.26578073089701,1,0.10031847133758,1,0.010016694490818,0.976935749588138,0,0.00815660685154975,0.00961538461538462,0.904918032786885,0.315789473684211,0.99185667752443,0,0.985436893203884,0.712195121951219,0,0,0.226973684210526,0,0.763245033112583,0.232673267326733,0.0868113522537563,0.971061093247588,0.1536,0.99673735725938,0.996753246753247,0,0.519543973941368,0.939542483660131,0.478920741989882,0.988372093023256,0,0.996694214876033,0.0205371248025276,0,0.200663349917081,0.621710526315789,0.496644295302013,0,0,0.977011494252874,0.754530477759473,0.165275459098498,1,0.00825082508250825,0.926948051948052,0.387959866220736,0.983922829581994,0.133671742808799,0.983579638752053,1,0.833881578947368,0.996694214876033,0,1,0,0,0.74,0.873194221508828,0.980456026058632,0.0210355987055016,0,1,0.433110367892977,1,1,1,0.302250803858521,0.977346278317152,0.00164203612479475,0.947619047619048,0,0.900662251655629,0.366559485530547,0,0.985645933014354,0,0.834426229508197,1,0.108695652173913,0.985507246376812,0.951612903225806,0.992138364779874,0.97411003236246,0.0953947368421053,0.353503184713376,0.921535893155259,0.941471571906355,0.053156146179402,0.00651465798045603,0.983443708609272,0.8608,0,0,0.279146141215107,0.00160771704180064,1,0.241157556270096,0.877483443708609,0.745980707395498,0.991909385113269,0.427620632279534,0.421138211382114,0.280467445742905,0.921182266009852,0.968852459016393,0.879674796747967,0,0.878737541528239,0.161344537815126,0.943615257048093,0,0.0641025641025641,0.519867549668874,0.978896103896104,0.9824,0.831960461285008,1,0.893790849673203,0,0.0640394088669951,0.6624,0.996644295302013,0,0.991961414790997,0.982649842271293,0.537190082644628,0.532125205930807,0.990196078431373,1,0.349180327868852,0,0.888,0.513201320132013,0.967521367521368,0,0.959349593495935,0.998363338788871,1,0.955445544554455,0.53160453808752,0.00165837479270315,0.973553719008264,0.538971807628524,0.004739336492891,0,0.195081967213115,0,0.138047138047138,0.682182985553772,0,0.00161812297734628,0.00978792822185971,0.57487922705314,0.043261231281198,0.983471074380165,0.011744966442953,0,0,0.211570247933884,1,0.978827361563518,0.902960526315789,0,0.871452420701169,0.85553772070626,0.679738562091503,0.594462540716612,0.447761194029851,0.455611390284757,0.0113452188006483,1,0.0985221674876847,0.692567567567568,0.96078431372549,0.0113268608414239,0.731707317073171,0.00163934426229508,0.116316639741519,1,1,0.883223684210526,0,0.626198083067093,0.880794701986755,0,0,0.89297124600639,0.980456026058632,0,0.00162866449511401,0.00162866449511401,0.983361064891847,0.877721943048576,0,0,0.367647058823529,0.99185667752443,0.7952,0.36437908496732,0.643333333333333,0.9632,0.00980392156862745,1,1,0.00809061488673139,0.967689822294023,1,0.971428571428571,0.99670510708402,0.174193548387097,0.301127214170692,0.270627062706271,0.983579638752053,0.947723440134907,0.0563607085346216,0.251644736842105,0.980360065466448,0.149593495934959,0.301587301587302,0.996710526315789,0.998363338788871,0.968595041322314,0.69485903814262,0.996747967479675,0.230252100840336,0.964052287581699,0.998355263157895,0,0.305732484076433,0.541666666666667,0.0178861788617886,0.0619902120717781,0.00482315112540193,0.909238249594814,0.0243111831442464,0,0,0.222222222222222,0.991830065359477,0.0647840531561462,0.984924623115578,0.972085385878489,0.993322203672788,0.264705882352941,0.26890756302521,0.672158154859967,0.443697478991597,0,0.824959481361426,0.012924071082391,0.0354838709677419,0.191082802547771,1,0.00162866449511401,0,0.322061191626409,0.0113452188006483,0.0232558139534884,0.474631751227496,1,0.258389261744966,1,0.964765100671141,0,0.992101105845182,0,0.9984,0.832520325203252,1,0.0148760330578512,0.974025974025974,0,0.887254901960784,0.695652173913043,0.949263502454992,0.98858075040783,0.99672131147541,0.282894736842105,0.96849087893864,1,0,0.025974025974026,1,1,0.304418985270049,0.879934210526316,0.971137521222411,0.951377633711507,1,0,0.109060402684564,1,0.00165289256198347,0,0.96843853820598,0.011744966442953,0.0433333333333333,1,0.969404186795491,0.00503355704697987,0.617263843648209,0.415973377703827,0.986820428336079,0.00168918918918919,0.869205298013245,0.996666666666667,0.371475953565506,0.589951377633712,0.779050736497545,0,0.154723127035831,0.975124378109453,1,0.441707717569787,1,0.968365553602812,0.0212418300653595,0,0.990445859872611,0.99505766062603,0.950738916256158,0.687096774193548,0.00831946755407654,0.871074380165289,0.232289950576606,0.171526586620926,0.00649350649350649,0.610837438423645,0.600671140939597,0.612745098039216,0,0.266891891891892,0.919934640522876,0.636363636363636,0.508090614886731,0.0706436420722135,0,0,1,0.97741935483871,0,0.926108374384236,0.00996677740863787,0,0,0.99835255354201,0,1,0.757328990228013,0.507154213036566,1,0,0,0.995081967213115,0.963492063492064,0.724473257698541,0,0.0033500837520938,0.876404494382023,0.574675324675325,1,0.521880064829822,0.330065359477124,0,0.982084690553746,0,0.957654723127036,0.09,0,0.0112540192926045,0.115511551155116,0.487972508591065,0.978896103896104,0,0.958199356913183,0.977198697068404,1,0,0.0664451827242525,0.92320819112628,0.00511073253833049,1,1,0.00802568218298555,1,0.28735632183908,0.796416938110749,0.00991735537190083,0.161290322580645,0.962356792144026,0.0115321252059308,0,0.978896103896104,0.00512820512820513,0.659468438538206,0.382838283828383,0,0.106209150326797,0.730578512396694,0.244019138755981,0.980676328502415,0,0.148626817447496,0.44839255499154,0.947535771065183,0.879614767255217,0.96523178807947,0.743421052631579,0,0.982428115015974,0,0.96198347107438,0.376068376068376,0,1,1,1,0.626666666666667,0.985342019543974,0.126666666666667,0.176276771004942,0.952691680261011,0.878688524590164,0,0,0.990131578947368,0.9419795221843,0.016750418760469,0.990131578947368,0.993558776167472,0.358428805237316,0.931208053691275,0.730263157894737,0.886547811993517,0,0.970198675496689,0.319604612850082,1,0.998363338788871,0,0.634710743801653,0.973018549747049,0,0.705490848585691,0.370247933884297,0.806603773584906,0.670510708401977,0.960191082802548,0.0779014308426073,0.986463620981388,1,0.980360065466448,0.286677908937605,0.0918196994991653,0.991935483870968,1,0.00970873786407767,0.781553398058252,0.444078947368421,0.236928104575163,0.769983686786297,1,0.87603305785124,1,0.114832535885167,0,0,0.826513911620295,0.00332778702163062,0,0.259868421052632,0,0.990049751243781,0.912903225806452,0.99835255354201,0.993464052287582,0.0812603648424544,0,0,0,0.163851351351351,0.0791599353796446,0.155371900826446,0,0,1,0.00978792822185971,0.278606965174129,1,0.573051948051948,0.973597359735974,0.640322580645161,0.632090761750405,0,1,0.388157894736842,0.487644151565074,0.928,0.990430622009569,0.373182552504039,0.0113085621970921,0.954323001631321,0.956451612903226,0,0.968203497615262,0.0147299509001637,0.983136593591906,0.422512234910277,0,0.0115321252059308,0.502564102564103,0.834426229508197,0,0.131011608623549,0.0131578947368421,0.00171232876712329,0.737833594976452,0.0231023102310231,1,0.301612903225806,0.996784565916399,0,0.380097879282219,0.331666666666667,0.876046901172529,0.0971039182282794,0.00484652665589661,0.00318979266347687,0.0403361344537815,0,0.995215311004785,0.0376068376068376,0.982428115015974,0.00330578512396694,1,0,0.511182108626198,0.45771144278607,1,0,0.998387096774194,0,0.371859296482412,0.987261146496815,0,0.645901639344262,0.983498349834984,0.739703459637562,0.94949494949495,0.0421393841166937,0,1,0.256666666666667,0,0.685154975530179,0,0.0177705977382876,1,1,0.990430622009569,0.973727422003284,0.983443708609272,0,0.976973684210526,0.022508038585209,0.337559429477021,0.270049099836334,0.993589743589744,0.99184339314845,0.993548387096774,0.99021207177814,0.0503246753246753,0.0148514851485149,0.988095238095238,0.960591133004926,0.712903225806452,0.979066022544283,1,0.97427652733119,0,0,0.980982567353407,0,0.0528925619834711,0,0.958677685950413,0.269230769230769,0.210702341137124,0.113964686998395,0.92964824120603,0,0.107317073170732,1,1,0.639024390243902,0.397174254317111,0.2018779342723,0.175355450236967,0.6578073089701,0,0.118032786885246,0.540495867768595,0.259136212624585,0.695934959349593,0.00813008130081301,0,0,0.318791946308725,1,0.633057851239669,0.217322834645669,0.616013071895425,0.882926829268293,0.987158908507223,0.95819397993311,0.980099502487562,1,0.998347107438017,0.538587848932677,0.402936378466558,1,0.0063391442155309,0.0111111111111111,0.879282218597064,0.0112540192926045,1,0.964169381107492,0,0.109243697478992,0,0.949511400651466,0,0.975450081833061,1,0.00650406504065041,0.830282861896839,1,0.650847457627119,0.623778501628665,0.873544093178037,0,0,0.933219178082192,0.94375,0.990243902439024,0,0,0,0.223662884927066,0.493399339933993,0,0.43485342019544,0,0.921535893155259,1,0.155143338954469,0.237179487179487,0,0.347107438016529,0.575250836120401,0.86863711001642,0.964968152866242,0.777414075286416,0,0.98981324278438,0.0161812297734628,1,0,0.985645933014354,0.00825082508250825,1,0.0165562913907285,0.0116279069767442,0,0,0.8288,0.928213689482471,0.938411669367909,0.707592891760905,0.0256410256410256,0.0067001675041876,0.825082508250825,0.833333333333333,0,0.0180623973727422,0.965174129353234,0,0.98330550918197,0.957723577235772,0.0587275693311582,0.0456026058631922,0.00328407224958949,1,0.442372881355932,0.0682196339434276,0.0941176470588235,0.111111111111111,0.685810810810811,0.0920840064620355,1,0,0.760399334442596,0.9808,0.0033112582781457,0,0,0,0,1,0.723259762308998,0,0,0.521666666666667,0.966832504145937,0.431561996779388,0.0536585365853659,0.0016750418760469,0.0592216582064298,0.0162074554294976,0,0.0303030303030303,0.00475435816164818,0.00163132137030995,0.00967741935483871,0,0.0569514237855946,0.0620031796502385,0.0114192495921697,0.0164473684210526,0.00505050505050505,0.0247524752475248,0.0227272727272727,0.0685154975530179,0.0065252854812398,0.0163934426229508,0,0.0033167495854063,0.0459016393442623,0.00490196078431373,0.0177133655394525,0,0.0295081967213115,0.00159744408945687,0.00163398692810458
"623",0.318181818181818,0.316998468606432,0.346153846153846,0.369668246445498,0.31637519872814,0.323343848580442,0.397515527950311,0.339449541284404,0.322727272727273,0,0.328703703703704,0,0.584355828220859,0.302215189873418,0.708074534161491,0.689024390243902,0,0.0062111801242236,0.310344827586207,0.33641975308642,0.679012345679012,0.691943127962085,0.328220858895706,0,0.355932203389831,0.671406003159558,0.690625,0.329635499207607,0.64812030075188,0.554033485540335,0.685887708649469,0.591962905718702,0.50625,0.631987577639752,0,0.31832298136646,0.0121951219512195,0.319758672699849,0.721556886227545,0.368663594470046,0,0.0045662100456621,0.00151745068285281,0.312893081761006,0.487381703470032,0.710730948678072,0.587025316455696,0.684049079754601,0.78517397881997,0.698956780923994,0,0.325115562403698,0.68558282208589,0.30757341576507,0.409302325581395,0.82018927444795,0,0.334920634920635,0.341463414634146,0.422087745839637,0.634556574923547,0.648062015503876,0.689873417721519,0,0.405362776025237,0.44,0,0.333848531684699,0,0.677115987460815,0.401515151515151,0.69218989280245,0.705701078582434,0.312977099236641,0,0.546142208774584,0.709230769230769,0.592024539877301,0.405362776025237,0.891803278688525,0,0.547256097560976,0.664652567975831,0.309230769230769,0.702453987730061,0.404870624048706,0.309707241910632,0.348484848484849,0.341463414634146,0,0.3198127925117,0.312404287901991,0,0,0.34185303514377,0,0.661068702290076,0.340523882896764,0,0.0015527950310559,0.560185185185185,0,0.716535433070866,0.312989045383412,0.704819277108434,0.32182103610675,0.00156739811912226,0.324492979719189,0.689230769230769,0.695178849144635,0.687116564417178,0.380503144654088,0.970358814352574,0.327131782945736,0,0.339939024390244,0.562691131498471,0,0.687692307692308,0.711627906976744,0,0.522480620155039,0.688271604938272,0.695721077654517,0.341013824884793,0.670196671709531,0.313161875945537,0.306376360808709,0,0.587962962962963,0.388364779874214,0.602825745682888,0.329153605015674,0,0.308056872037915,0.697289156626506,0,0.69826224328594,0.554502369668246,0.599369085173502,0,0,0.331278890600925,0.5,0.662992125984252,0.307086614173228,0.680428134556575,0.373065015479876,0.9,0.328808446455505,0.712933753943218,0.32348367029549,0.314814814814815,0.475683890577508,0.311827956989247,0.677725118483412,0.311248073959938,0.673879443585781,0,0.515772870662461,0.421374045801527,0.328100470957614,0.7,0,0.311349693251534,0.694888178913738,0.311004784688995,0.302795031055901,0.309451219512195,0.643939393939394,0.332824427480916,0.689922480620155,0.364741641337386,0.694736842105263,0.4048,0.65284178187404,0,0.327131782945736,0,0.437403400309119,0.317972350230415,0.688473520249221,0.33693972179289,0.36405529953917,0.316964285714286,0.327666151468315,0.783151326053042,0.937404580152672,0.385103011093502,0.370486656200942,0.701219512195122,0.680061823802164,0.329153605015674,0.428351309707242,0,0,0.678071539657854,0,0.31866464339909,0.97737556561086,0.421052631578947,0.478129713423831,0.317220543806647,0.636505460218409,0.614088820826952,0.672897196261682,0.40405616224649,0.335925349922239,0.427469135802469,0,0.398162327718224,0.698890649762282,0.368584758942457,0.691717791411043,0.673748103186646,0.591397849462366,0.329738058551618,0.33030303030303,0.481424148606811,0.317557251908397,0.41640866873065,0,0.679447852760736,0.540581929555896,0.3203125,0,0.323795180722892,0.328869047619048,0.590417310664606,0.771121351766513,0.321428571428571,0.318110236220472,0.653605015673981,0,0.394216133942161,0.699530516431925,0.338582677165354,0.690076335877863,0.342383107088989,0.313178294573643,0.328725038402458,0.35981308411215,0.812785388127854,0.706896551724138,0.361370716510903,0.590288315629742,0.673652694610778,0.684848484848485,0.696400625978091,0.689922480620155,0.702830188679245,0.526395173453997,0.688271604938272,0.677966101694915,0.684451219512195,0.591463414634146,0.68125,0.335403726708075,0.0015600624024961,0.672256097560976,0,0.672386895475819,0.32967032967033,0.327131782945736,0.385448916408669,0,0.426771653543307,0.415384615384615,0.589665653495441,0.657407407407407,0.626543209876543,0.5859375,0.00154798761609907,0.307448494453249,0.708141321044547,0.586261980830671,0.342146189735614,0.688549618320611,0.516279069767442,0.695178849144635,0.757296466973886,0.319758672699849,0.32741935483871,0.414826498422713,0,0.562883435582822,0.401244167962675,0,0.672256097560976,0.397590361445783,0.34472049689441,0,0.682852807283763,0.674922600619195,0.358490566037736,0.438095238095238,0.696485623003195,0,0.64696734059098,0.33953488372093,0.476761619190405,0.934451219512195,0.578052550231839,0.354103343465046,0.690292758089368,0.310708898944193,0.321044546850998,0.697388632872504,0.352850539291217,0.316692667706708,0.343799058084772,0.313271604938272,0.746875,0.680722891566265,0.675968992248062,0.321875,0.37220447284345,0.0137614678899083,0.70440251572327,0.354489164086687,0.696400625978091,0.724812030075188,0.334351145038168,0.325581395348837,0.342465753424658,0.520249221183801,0.296969696969697,0.688575899843505,0.345092024539877,0.309262166405024,0,0.674809160305344,0.589905362776025,0.693498452012384,0.015220700152207,0.676783004552352,0.396284829721362,0.693498452012384,0.701674277016743,0,0.731782945736434,0.334370139968896,0.683076923076923,0.3248,0.343032159264931,0.320987654320988,0.665086887835703,0.673534072900158,0.5515625,0.855769230769231,0,0.45839874411303,0.681887366818874,0.706948640483384,0.718844984802432,0.308527131782946,0.692307692307692,0,0.69969512195122,0.676783004552352,0.690769230769231,0.580495356037152,0.30640243902439,0.880503144654088,0.309904153354633,0.326717557251908,0,0.31314623338257,0.667682926829268,0.315233785822021,0.458966565349544,0.312989045383412,0.674961119751166,0.342024539877301,0.681047765793529,0.400928792569659,0.596491228070175,0.361861861861862,0.323076923076923,0.30781010719755,0.692546583850932,0.352307692307692,0.302431610942249,0.698198198198198,0.691019786910198,0.318818040435459,0.317557251908397,0.885145482388974,0.392638036809816,0.326366559485531,0.361669242658423,0.326747720364742,0,0.767515923566879,0.313846153846154,0.687106918238994,0,0.346394984326019,0.0015748031496063,0.724137931034483,0.314984709480122,0.35548686244204,0,0.545595054095827,0.622874806800618,0.341158059467919,0.683042789223455,0.452830188679245,0.309904153354633,0.672333848531685,0.581538461538462,0.515479876160991,0,0.701095461658842,0.333333333333333,0.312788906009245,0.635384615384615,0.316770186335404,0.322006472491909,0.684210526315789,0.00152671755725191,0.324773413897281,0.313572542901716,0.354587869362364,0.521341463414634,0.675548589341693,0.429663608562691,0.688922610015175,0.646103896103896,0.00150829562594268,0.57984496124031,0.558282208588957,0.607518796992481,0,0.974481658692185,0.385560675883257,0.557251908396947,0.75,0.740412979351032,0,0,0.304985337243402,0.335338345864662,0,0.363067292644757,0.00157728706624606,0,0,0.318818040435459,0,0.331730769230769,0.458333333333333,0.610271903323263,0.296240601503759,0,0,0.320493066255778,0.370870870870871,0.542635658914729,0.694402420574887,0,0.410334346504559,0.592705167173252,0.322188449848024,0.585365853658537,0.929467084639498,0,0.335375191424196,0.658878504672897,0.367834394904459,0.757341576506955,0,0.68018018018018,0.690363349131122,0.578274760383387,0.333841463414634,0,0.368580060422961,0.330781010719755,0.314024390243902,0,0.766091051805338,0.352459016393443,0.702093397745572,0.305597579425113,0.313432835820896,0.685496183206107,0.313455657492355,0.692901234567901,0.466049382716049,0.699530516431925,0.674565560821485,0.343122102009274,0,0.684129429892142,0.328725038402458,0.706436420722135,0.598412698412698,0.623255813953488,0,0.695852534562212,0.497615262321145,0.690076335877863,0.338414634146341,0.686544342507645,0.731818181818182,0.605177993527508,0.365817091454273,0.422087745839637,0.346273291925466,0.50547730829421,0,0.340909090909091,0.691603053435115,0.338461538461538,0.658267716535433,0.689393939393939,0.316666666666667,0.33489827856025,0.313664596273292,0.540498442367601,0.333333333333333,0.710323574730354,0.70404984423676,0.351014040561622,0.401234567901235,0,0,0.312302839116719,0.370253164556962,0.681818181818182,0.337007874015748,0.322137404580153,0.658573596358118,0.38810641627543,0.496904024767802,0.385432473444613,0,0.341085271317829,0.651898734177215,0.312788906009245,0.31832298136646,0,0.5600624024961,0.346938775510204,0.691823899371069,0.564541213063764,0.834609494640122,0.452941176470588,0.60625,0.351796407185629,0.673684210526316,0.343898573692552,0.314589665653495,0.335901386748844,0.656597774244833,0.667185069984448,0.324734446130501,0.321752265861027,0,0.478593272171254,0.61890243902439,0.874806800618238,0.512461059190031,0.324615384615385,0.424615384615385,0.330246913580247,0.140030441400304,0.67246835443038,0,0.48062015503876,0.687789799072643,0.672811059907834,0.893846153846154,0,0.313546423135464,0.3710407239819,0.316187594553706,0.330289193302892,0.685358255451713,0.68895800933126,0,0,0.702702702702703,0.707547169811321,0.772655007949126,0,0.68960244648318,0.305343511450382,0.311077389984825,0.675039246467818,0.320251177394035,0.56441717791411,0.347962382445141,0.637747336377473,0.559939301972686,0,0.321114369501466,0.668769716088328,0.62111801242236,0.383458646616541,0.328828828828829,0.675344563552833,0.00153374233128834,0.364885496183206,0.356814701378254,0,0.36144578313253,0.684766214177979,0.322683706070288,0.597243491577335,0,0,0.632850241545894,0.469291338582677,0.692660550458716,0.788553259141494,0.00152671755725191,0,0.535976505139501,0.686520376175549,0.301612903225806,1,0.317629179331307,0.681887366818874,0.606431852986217,0.648818897637795,0.434645669291339,0.659677419354839,0.688449848024316,0,0.678288431061807,0,0.317293233082707,0.579967689822294,0.336363636363636,0.681818181818182,0.306836248012719,0,0.587253414264036,0.63849765258216,0.305555555555556,0,0.307926829268293,0,1,0.325617283950617,0,0.538109756097561,0.327160493827161,0.493044822256569,0.370253164556962,0.721884498480243,0,0.314728682170543,0.849144634525661,0,0.586259541984733,0.685157421289355,0.692192192192192,0.328100470957614,0.309486780715397,0.327769347496206,0.337423312883436,0.337025316455696,0,0.336923076923077,0.00457317073170732,0.648036253776435,0.880121396054628,0.330289193302892,0.321981424148607,0.333333333333333,0.309923664122137,0.0415384615384615,0.70735524256651,0.346153846153846,0.349013657056146,0.508320726172466,0.338880484114977,0.315068493150685,0.339969372128637,0,0,0.318862275449102,0,0.666151468315301,0.00151975683890578,0.349693251533742,0.890995260663507,0.693163751987281,0.712538226299694,0.399686520376176,0.00153846153846154,0.736434108527132,0.30381679389313,0.315384615384615,0.627092846270928,0.661218424962853,0.66962962962963,0.850523168908819,0.5375,0.688922610015175,0.674846625766871,0.603744149765991,0.687789799072643,0.518853695324284,0.673846153846154,0,0.676470588235294,0.635220125786163,0.313291139240506,0.535276073619632,0.697151424287856,0.563271604938272,0.421450151057402,0.30030487804878,0.35748031496063,0.330203442879499,0.322632423756019,0.315372424722662,0.740279937791602,0.868098159509202,0.315950920245399,0.683582089552239,0.684992570579495,0.429447852760736,0.00152671755725191,0.321321321321321,0.340523882896764,0,0.690095846645367,0,0.348837209302326,0,0.344563552833078,0.330781010719755,0.678733031674208,0.464285714285714,0.30077519379845,0.546456692913386,0.534743202416918,0.400936037441498,0,0,0.368167202572347,0.360175695461201,0.336858006042296,0,0,0.675118858954041,0.725637181409295,0.575384615384615,0,0.792569659442725,0,0.390697674418605,0.315707620528771,0.657364341085271,0.667180277349769,0,0.898305084745763,0.571875,0.393893129770992,0.344879518072289,0.475384615384615,0.684532924961715,0.331210191082803,0.0719874804381847,0.309636650868878,0,0.314759036144578,0.00153846153846154,0.320634920634921,0.701095461658842,0.4359375,0,0,0.475743348982786,0.356913183279743,0.358231707317073,0.520300751879699,0.702865761689291,0.690625,0.424427480916031,0.42603550295858,0,0.715384615384615,0.325617283950617,0,0.32755905511811,0.350983358547655,0.707055214723926,0.00923076923076923,0.685758513931889,0.304675716440422,0.872868217054264,0.681047765793529,0.696774193548387,0.807044410413476,0.564873417721519,0.686274509803922,0.319444444444444,0,0.483568075117371,0.343891402714932,0.00153846153846154,0,0.678994082840237,0,0.677224736048265,0.323076923076923,0.496815286624204,0.681818181818182,0.670846394984326,0.592823712948518,0.368258859784284,0.655384615384615,0.0105580693815988,0.683544303797468,0.05229793977813,0.0168195718654434,0,0.582689335394127,0.666666666666667,0.678125,0.680428134556575,0.679273827534039,0.00772797527047913,0.0151975683890578,0.686544342507645,0.0108359133126935,0.00475435816164818,0.0357698289269051,0.0150829562594268,0.0107858243451464,0.699530516431925,0.0215384615384615,0.681020733652313,0.68944099378882,0.0109717868338558,0.693023255813954,0.052790346907994,0.694915254237288,0.653726708074534,0.685074626865672,0.685847589424572
"624",0.993680884676145,0.992343032159265,0.974203338391502,0.943396226415094,0.984423676012461,0.995297805642633,0.903726708074534,0.978560490045942,0.992424242424242,0,0.993808049535604,0,0.565284178187404,0.993690851735016,0.0492307692307692,0.0167682926829268,0,0.01875,0.993620414673046,0.978560490045942,0.153374233128834,0.0425867507886435,0.986238532110092,0,0.95565749235474,0.253456221198157,0.118827160493827,0.984276729559748,0.469357249626308,0.69969512195122,0.00757575757575758,0.693023255813954,0.768388106416275,0.284839203675345,0,0.993836671802773,0.0166666666666667,0.992378048780488,0.250374812593703,0.905263157894737,0.0015527950310559,0.0198170731707317,0.00605143721633888,0.992272024729521,0.783570300157978,0.031201248049922,0.513056835637481,0.00455927051671732,0.484210526315789,0.137724550898204,0,0.989230769230769,0.274268104776579,0.993798449612403,0.89375,0.160629921259843,0,0.968992248062015,0.963691376701967,0.904400606980273,0.296803652968037,0.44,0.00628930817610063,0,0.889240506329114,0.81441717791411,0,0.986111111111111,0,0.00465116279069767,0.853658536585366,0.0122324159021407,0.0200617283950617,0.993957703927492,0,0.712349397590361,0.0510510510510511,0.567484662576687,0.905660377358491,0.258116883116883,0,0.713201820940819,0.21092564491654,0.990936555891239,0.120795107033639,0.917557251908397,0.992295839753467,0.969650986342944,0.963581183611533,0.0119760479041916,0.9828125,0.99390243902439,0,0,0.966981132075472,0,0.292424242424242,0.976489028213166,0.0091324200913242,0.0107858243451464,0.62962962962963,0,0.281446540880503,0.99375,0.102102102102102,0.992076069730586,0.0109546165884194,0.984662576687117,0.00619195046439629,0.0170542635658915,0.0166666666666667,0.916279069767442,0.335375191424196,0.986046511627907,0,0.986089644513138,0.721109399075501,0,0.00609756097560976,0.243076923076923,0,0.764705882352941,0.245022970903522,0.0850393700787402,0.974164133738602,0.150537634408602,0.990825688073395,0.989280245022971,0,0.560121765601218,0.936923076923077,0.494539781591264,0.985959438377535,0,0.990639625585023,0.0288315629742033,0,0.210361067503925,0.616822429906542,0.536392405063291,0,0,0.98159509202454,0.76030534351145,0.163779527559055,0.996913580246914,0.0137825421133231,0.931714719271624,0.412403100775194,0.989473684210526,0.133757961783439,0.98145285935085,0.993690851735016,0.849315068493151,0.99390243902439,0.00157977883096367,0.992401215805471,0.00764525993883792,0,0.733231707317073,0.870535714285714,0.972307692307692,0.0257966616084977,0,0.993939393939394,0.446875,0.996835443037975,0.992331288343558,0.993966817496229,0.288753799392097,0.981707317073171,0.00622083981337481,0.952743902439024,0.00597907324364723,0.904024767801858,0.368258859784284,0,0.978159126365055,0,0.836702954898911,0.992378048780488,0.123630672926448,0.983508245877061,0.942511346444781,0.98379970544919,0.971212121212121,0.0963302752293578,0.38145896656535,0.921135646687697,0.944620253164557,0.0625,0.0121212121212121,0.987616099071207,0.872868217054264,0,0,0.297971918876755,0.00153139356814701,0.992492492492492,0.254992319508449,0.890795631825273,0.748114630467572,0.992378048780488,0.427230046948357,0.443267776096823,0.3,0.918836140888208,0.96,0.882442748091603,0,0.876335877862595,0.170111287758347,0.951334379905808,0.0061633281972265,0.073134328358209,0.541284403669725,0.972307692307692,0.980910425844347,0.834108527131783,0.993920972644377,0.891975308641975,0,0.0752688172043011,0.657099697885196,0.990654205607477,0,0.986238532110092,0.982089552238806,0.56441717791411,0.554033485540335,0.986024844720497,0.996860282574568,0.356589147286822,0,0.888721804511278,0.513056835637481,0.975193798449612,0.0075642965204236,0.957831325301205,0.992343032159265,0.995433789954338,0.948916408668731,0.545180722891566,0.00930232558139535,0.978125,0.53030303030303,0.0117994100294985,0.00753012048192771,0.212863705972435,0.00769230769230769,0.143307086614173,0.685714285714286,0.00615384615384615,0.0121396054628225,0.0138461538461538,0.598187311178248,0.0421875,0.982945736434109,0.0124223602484472,0.00460829493087558,0,0.21996879875195,0.993690851735016,0.975384615384615,0.9,0,0.876755070202808,0.851063829787234,0.694915254237288,0.595384615384615,0.451313755795981,0.459375,0.0121765601217656,0.995319812792512,0.089644513137558,0.704944178628389,0.967791411042945,0.0183206106870229,0.765337423312883,0.00920245398773006,0.125377643504532,0.996996996996997,0.993710691823899,0.89937106918239,0,0.657056145675266,0.888198757763975,0,0.00758725341426404,0.904047976011994,0.984567901234568,0,0.0060790273556231,0.00895522388059702,0.979623824451411,0.883720930232558,0.00789889415481832,0,0.379785604900459,0.992295839753467,0.802710843373494,0.391104294478528,0.669796557120501,0.966257668711656,0.013953488372093,0.993948562783661,0.995440729483283,0.0123456790123457,0.969512195121951,0.993779160186625,0.965354330708661,0.992378048780488,0.180834621329212,0.316109422492401,0.294298921417565,0.976635514018692,0.9296,0.0506912442396313,0.268217054263566,0.980061349693252,0.15220700152207,0.303571428571429,0.989247311827957,0.9890625,0.970992366412214,0.686900958466454,0.989441930618401,0.250391236306729,0.972350230414747,0.989393939393939,0,0.32312404287902,0.554330708661417,0.0256410256410256,0.0534351145038168,0.0150375939849624,0.910334346504559,0.0333333333333333,0.0061633281972265,0,0.227202472952087,0.987654320987654,0.073959938366718,0.987341772151899,0.976780185758514,0.987577639751553,0.28393135725429,0.286634460547504,0.666666666666667,0.467716535433071,0,0.821150855365474,0.0211800302571861,0.0487062404870624,0.194570135746606,0.993798449612403,0.00916030534351145,0,0.334341906202723,0.0136986301369863,0.0308166409861325,0.472049689440994,0.993769470404984,0.274294670846395,0.992,0.955521472392638,0,0.988252569750367,0.00598802395209581,0.993930197268589,0.827217125382263,0.992063492063492,0.0168711656441718,0.971168437025797,0.00613496932515337,0.88062015503876,0.716108452950558,0.938744257274119,0.987878787878788,0.989296636085627,0.288109756097561,0.959627329192547,0.992492492492492,0.00599700149925037,0.0263565891472868,0.992076069730586,0.992389649923896,0.315950920245399,0.879256965944272,0.958664546899841,0.954198473282443,0.993957703927492,0,0.123028391167192,0.99236641221374,0.0077639751552795,0,0.973186119873817,0.0124804992199688,0.0526315789473684,0.992492492492492,0.973643410852713,0.00470219435736677,0.63944530046225,0.4203125,0.987341772151899,0.00782472613458529,0.875583203732504,0.992125984251969,0.374223602484472,0.611280487804878,0.790697674418605,0,0.152905198776758,0.9796875,0.99075500770416,0.459876543209877,0.995461422087746,0.970779220779221,0.0323574730354391,0.00154798761609907,0.983433734939759,0.989263803680982,0.954128440366973,0.685099846390169,0.013953488372093,0.871715610510046,0.241167434715822,0.179775280898876,0.00766871165644172,0.600308641975309,0.602184087363494,0.616459627329193,0,0.289556962025316,0.913446676970634,0.631184407796102,0.517345399698341,0.0855855855855856,0,0,0.994169096209913,0.968133535660091,0,0.928462709284627,0.0110062893081761,0,0,0.99075500770416,0,0.995275590551181,0.786259541984733,0.540419161676647,0.992537313432836,0,0,0.989247311827957,0.955423476968796,0.716012084592145,0.00611620795107034,0.00316957210776545,0.88455772113943,0.607361963190184,0.993855606758833,0.537878787878788,0.354037267080745,0,0.974164133738602,0.00315955766192733,0.96141975308642,0.102803738317757,0,0.0165165165165165,0.115873015873016,0.477491961414791,0.966309341500766,0,0.955022488755622,0.969278033794163,0.993920972644377,0,0.0753846153846154,0.919934640522876,0.00807754442649435,0.994011976047904,0.995440729483283,0.0122511485451761,0.995412844036697,0.295902883156297,0.818181818181818,0.0123647604327666,0.160883280757098,0.964560862865948,0.0107361963190184,0.00625978090766823,0.981735159817352,0.0143312101910828,0.660964230171073,0.388455538221529,0,0.115677321156773,0.735759493670886,0.255673222390318,0.973765432098765,0.0062015503875969,0.146747352496218,0.460443037974684,0.950524737631184,0.893333333333333,0.959627329192547,0.741732283464567,0,0.978819969742814,0.00754147812971342,0.957575757575758,0.384984025559105,0.00750750750750751,0.994038748137109,0.992260061919505,0.995405819295559,0.620904836193448,0.984732824427481,0.129230769230769,0.184496124031008,0.942989214175655,0.890769230769231,0,0,0.987441130298273,0.940251572327044,0.0231124807395994,0.987596899224806,0.989247311827957,0.361280487804878,0.933753943217666,0.723004694835681,0.887878787878788,0,0.968701095461659,0.324534161490683,0.99390243902439,0.992283950617284,0,0.636923076923077,0.973228346456693,0.0061633281972265,0.687010954616588,0.370199692780338,0.794074074074074,0.6875,0.956909361069837,0.0866965620328849,0.988976377952756,0.995405819295559,0.980213089802131,0.289968652037618,0.098613251155624,0.989409984871407,0.992401215805471,0.00918836140888208,0.770167427701674,0.451219512195122,0.249614791987673,0.773556231003039,0.992307692307692,0.87906976744186,0.992260061919505,0.136986301369863,0.00483870967741936,0,0.825545171339564,0.0093167701863354,0.00770416024653313,0.269938650306748,0,0.989345509893455,0.914285714285714,0.993911719939117,0.992424242424242,0.0947204968944099,0.0062015503875969,0,0,0.168224299065421,0.0818897637795276,0.162790697674419,0,0.00762195121951219,0.993893129770992,0.0104011887072808,0.297045101088647,0.992150706436421,0.599695585996956,0.963779527559055,0.655436447166922,0.645739910313901,0,0.992711370262391,0.3890625,0.505409582689335,0.934328358208955,0.989296636085627,0.391768292682927,0.0122887864823349,0.959938366718028,0.963800904977376,0,0.957957957957958,0.0201863354037267,0.984177215189873,0.432766615146832,0,0.0108191653786708,0.521880064829822,0.850234009360374,0.00610687022900763,0.132701421800948,0.0122887864823349,0.00157728706624606,0.736526946107784,0.0264797507788162,0.996784565916399,0.317629179331307,1,0.00606060606060606,0.367283950617284,0.321316614420063,0.871473354231975,0.100787401574803,0.00930232558139535,0.00310077519379845,0.0504731861198738,0,0.990895295902883,0.0348101265822785,0.986784140969163,0.0124416796267496,0.995230524642289,0,0.51131221719457,0.464831804281346,0.993846153846154,0,0.995488721804511,0,0.393416927899687,0.98340874811463,0,0.665158371040724,0.978056426332288,0.731066460587326,0.95748031496063,0.0427480916030534,0,0.99537037037037,0.259375,0,0.690658499234303,0.00741839762611276,0.0227617602427921,0.992125984251969,0.992295839753467,0.986526946107784,0.964560862865948,0.976671850699845,0,0.970633693972179,0.0257575757575758,0.346846846846847,0.275602409638554,0.987730061349693,0.987748851454824,0.987933634992459,0.984756097560976,0.0522273425499232,0.0171606864274571,0.983844911147011,0.961656441717791,0.716236722306525,0.977029096477795,0.993930197268589,0.977134146341463,0,0,0.973451327433628,0,0.0673813169984686,0,0.96177370030581,0.266770670826833,0.209119496855346,0.132930513595166,0.911764705882353,0,0.104294478527607,0.992295839753467,0.99388379204893,0.652241112828439,0.411589895988113,0.211764705882353,0.172155688622754,0.645865834633385,0.00303951367781155,0.121580547112462,0.551083591331269,0.259659969088099,0.693693693693694,0.0138248847926267,0,0.00777604976671851,0.316535433070866,0.995341614906832,0.629057187017002,0.216417910447761,0.608695652173913,0.885714285714286,0.980392156862745,0.960127591706539,0.978193146417445,0.995260663507109,0.992331288343558,0.549844236760125,0.430745814307458,0.993874425727412,0.00890207715133531,0.0166919575113809,0.875576036866359,0.0121396054628225,0.996978851963746,0.964723926380368,0,0.111811023622047,0,0.95619335347432,0,0.972602739726027,0.995391705069124,0.0106707317073171,0.847328244274809,0.993846153846154,0.658841940532081,0.637329286798179,0.884375,0,0,0.931746031746032,0.946902654867257,0.992378048780488,0,0,0.00473186119873817,0.238450074515648,0.496171516079632,0,0.442218798151002,0,0.927131782945736,0.993730407523511,0.162754303599374,0.236006051437216,0,0.344773790951638,0.58868501529052,0.85935085007728,0.970149253731343,0.791090629800307,0.00612557427258806,0.989010989010989,0.0139103554868624,0.9921875,0,0.992492492492492,0.00918836140888208,0.993779160186625,0.0234741784037559,0.0126582278481013,0,0,0.826747720364742,0.927786499215071,0.942424242424242,0.715789473684211,0.0356612184249629,0.0141287284144427,0.827692307692308,0.827893175074184,0,0.0200617283950617,0.963949843260188,0,0.979365079365079,0.965361445783133,0.0658499234303216,0.0415384615384615,0.00462962962962963,0.992447129909366,0.467289719626168,0.07981220657277,0.110576923076923,0.112291350531108,0.69170579029734,0.0954545454545455,0.993769470404984,0,0.749221183800623,0.98030303030303,0.00462962962962963,0,0.00746268656716418,0,0.00614439324116743,0.993920972644377,0.71563981042654,0.00784929356357928,0.00617283950617284,0.554868624420402,0.970724191063174,0.44527736131934,0.0465465465465465,0.00782472613458529,0.0518867924528302,0.0181543116490166,0,0.0336906584992343,0.0119940029985007,0.00617283950617284,0.0197869101978691,0.00759878419452888,0.0462249614791988,0.0587326120556414,0.021505376344086,0.0214395099540582,0.00627943485086342,0.0245775729646697,0.0226244343891403,0.0580152671755725,0.00775193798449612,0.0182648401826484,0.00773993808049536,0.0109375,0.0429252782193959,0.013953488372093,0.0193164933135215,0.00615384615384615,0.0348484848484849,0.00887573964497041,0.00618238021638331
"625",0.00313971742543171,0,0.0269865067466267,0.0670826833073323,0.016,0,0.0938461538461538,0.0231839258114374,0,0,0,0,0.432721712538226,0,0.961479198767334,0.990811638591118,0,0.0015600624024961,0.00314465408805031,0.0138461538461538,0.845440494590417,0.968454258675079,0.0121951219512195,0,0.0426179604261796,0.745736434108527,0.882896764252696,0.00789889415481832,0.533834586466165,0.318181818181818,1,0.314589665653495,0.23861852433281,0.712749615975422,0,0,0.0046583850931677,0.00305343511450382,0.738938053097345,0.0922844175491679,0,0,0,0,0.222748815165877,0.975720789074355,0.496124031007752,1,0.537650602409639,0.878603945371775,0,0.0061633281972265,0.724458204334365,0,0.105180533751962,0.839370078740157,0,0.0234741784037559,0.0334855403348554,0.0967741935483871,0.705246913580247,0.569044006069803,1,0,0.0893416927899686,0.166412213740458,0,0.0109204368174727,0,1,0.144817073170732,0.993836671802773,0.983282674772036,0,0,0.282904689863843,0.954337899543379,0.424471299093656,0.105345911949686,0.734527687296417,0,0.290419161676647,0.784107946026987,0,0.899390243902439,0.0915915915915916,0.00303030303030303,0.0325077399380805,0.0242057488653555,0,0.0110410094637224,0,0,0,0.028169014084507,0,0.690184049079755,0.0181543116490166,0,0,0.380281690140845,0,0.712074303405573,0,0.906766917293233,0,0,0.0168453292496172,1,0.992283950617284,0.995419847328244,0.08,0.676425269645609,0.00771604938271605,0,0.0121028744326778,0.289433384379786,0,1,0.772445820433437,0,0.239393939393939,0.751145038167939,0.917065390749601,0.0273972602739726,0.857571214392804,0.00302571860816944,0.00303951367781155,0,0.452054794520548,0.0718654434250764,0.513219284603421,0.00947867298578199,0,0.0062992125984252,0.976011994002999,0,0.79304897314376,0.37245696400626,0.491255961844197,0,0,0.0199081163859112,0.227692307692308,0.829953198127925,0,0.993911719939117,0.0837209302325581,0.591836734693878,0.0208023774145617,0.872239747634069,0.0153374233128834,0,0.153262518968134,0.0045662100456621,1,0,1,0,0.247278382581649,0.129850746268657,0.0168453292496172,0.980061349693252,0,0,0.54559748427673,0,0,0,0.709923664122137,0.0227272727272727,1,0.0439393939393939,1,0.101694915254237,0.623475609756098,0,0.0124031007751938,0,0.149847094801223,0,0.879746835443038,0.0200308166409861,0.049079754601227,0.00887573964497041,0.0226928895612708,0.904109589041096,0.623277182235835,0.0796178343949045,0.0613207547169811,0.950617283950617,0.993957703927492,0.0172143974960876,0.12143928035982,0,0,0.707317073170732,0,0,0.746200607902736,0.113207547169811,0.248854961832061,0.00902255639097744,0.573208722741433,0.562121212121212,0.702830188679245,0.0826952526799387,0.0352760736196319,0.119940029985007,0,0.115562403697997,0.819645732689211,0.0570107858243451,1,0.92921686746988,0.476190476190476,0.0261538461538462,0.0211480362537764,0.180576631259484,0.0015220700152207,0.100609756097561,0,0.925925925925926,0.328267477203647,0.0046656298600311,0,0.00925925925925926,0.0166163141993958,0.450769230769231,0.452713178294574,0.00927357032457496,0,0.627692307692308,0,0.101669195751138,0.475308641975309,0.0283464566929134,1,0.0396946564885496,0.00155763239875389,0,0.0447530864197531,0.468702290076336,0.998475609756098,0.0307219662058372,0.460708782742681,0.99702380952381,0.998518518518518,0.804043545878694,1,0.855590062111801,0.326951399116348,1,0.995412844036697,0.989393939393939,0.416289592760181,0.958664546899841,0.0170542635658915,0,1,0,0.768503937007874,0,0.0200927357032458,0.0984615384615385,0,0.127388535031847,0.13109756097561,0.308166409861325,0.406153846153846,0.544615384615385,0.546728971962617,0,0,0.908132530120482,0.30188679245283,0.0356589147286822,0.986068111455108,0.260802469135802,0.998442367601246,0.877112135176651,0,0,0.0930599369085174,0,0.361027190332326,0.101669195751138,0,1,0.0903614457831325,0.0171073094867807,0,0.998477929984779,0.998470948012232,0.0202808112324493,0.118110236220472,1,0,0.608562691131499,0.0108359133126935,0.214611872146119,0.609160305343511,0.347417840375587,0.0416666666666667,0.989247311827957,0,0,0.995305164319249,0.0367534456355283,0,0.0237717908082409,0.00307692307692308,0.8149300155521,0.683563748079877,0.716030534351145,0.023696682464455,0.0626003210272873,0.00153139356814701,0.737007874015748,0.0247295208655332,0.853435114503817,0.691729323308271,0.00455927051671732,0.00304878048780488,0.0320610687022901,0.290220820189274,0.00151057401812689,0.757142857142857,0.0338983050847458,0.0031496062992126,0,0.672782874617737,0.434850863422292,0.981651376146789,0.00150829562594268,0.990909090909091,0.0892307692307692,0.974242424242424,1,0,0.776073619631902,0.00773993808049536,0.940809968847352,0.0159235668789809,0.0277349768875193,0.0124223602484472,0.71937984496124,0.719745222929936,0.330275229357798,0.5536,0,0.183514774494557,0.986466165413534,0.955927051671733,0.802752293577982,0,1,0,0.676335877862595,0.990825688073395,0.979907264296754,0.523809523809524,0,0.724247226624406,0,0.0336391437308868,0,0.00733137829912024,1,0.0015015015015015,0.178736517719569,0,0.989247311827957,0.0168453292496172,1,0.10958904109589,0.285714285714286,0.0514372163388805,0.0121028744326778,0,0.708782742681048,0.0340557275541796,0,1,0.972519083969466,0,0,0.683076923076923,0.113846153846154,0.041335453100159,0.049079754601227,0,0,0.881538461538461,0,0.998454404945904,0,0.0324574961360124,0,0.949685534591195,0,0.0293663060278207,0,0.38,0.582298136645963,0.0172955974842767,0.998417721518987,0.134281200631912,0.00157232704402516,0.6328125,0.400302114803625,0.211508553654743,0,0.839258114374034,0.0204724409448819,0.00155763239875389,0.557077625570776,0,0.0295081967213115,0.970858895705521,0,0.0151975683890578,0.00467289719626168,0.0511627906976744,0.3267776096823,0.9921875,0.12888198757764,0.769113149847095,0.811897106109325,0,0.372854914196568,0.400943396226415,0.385911179173047,0,0.71585557299843,0.0900763358778626,0.36890243902439,0.483483483483483,0.915304606240713,0,0,0,0.0254491017964072,0,0.0773993808049536,0,0,0,0.00154798761609907,0,0,0.224924012158055,0.478195488721805,0,0,0,0.00464396284829721,0.0389805097451274,0.276018099547511,1,0,0.104072398190045,0.408814589665653,0,0.477996965098634,0.656298600311042,0,0.0171339563862928,1,0.0450310559006211,0.909937888198758,0,0.992548435171386,0.8953125,0.521739130434783,0.0275650842266462,0,0.0557228915662651,0.0277349768875193,0,0,0.927244582043344,0.0648298217179903,0.995137763371151,0,0,0.992283950617284,0,0.70398773006135,0.194528875379939,0.990740740740741,0.828660436137072,0.0430769230769231,0,1,0.0287878787878788,0.992125984251969,0.334379905808477,0.596899224806202,0,0.889908256880734,0.258620689655172,0.744712990936556,0.0243161094224924,1,0.858877086494689,0.542071197411003,0.0528700906344411,0.116030534351145,0.0336391437308868,0.259720062208398,0,0.0164917541229385,1,0.0293663060278207,0.613672496025437,1,0,0,0,0.363636363636364,0.015527950310559,0.881987577639752,0.812792511700468,0.0632716049382716,0.108527131782946,0,0,0.00933125972006221,0.0666666666666667,0.987577639751553,0.0171073094867807,0.0062015503875969,0.641025641025641,0.0664556962025316,0.274143302180685,0.100456621004566,0,0.0371517027863777,0.65,0,0.00152671755725191,0,0.3515625,0.0248833592534992,1,0.312210200927357,0.614567526555387,0.196428571428571,0.312597200622084,0.043026706231454,0.909228441754917,0.00938967136150235,0,0.0168195718654434,0.691107644305772,0.880551301684533,0.0107692307692308,0,0,0.203053435114504,0.554364471669219,0.739064856711916,0.238532110091743,0,0.119309262166405,0,0.103343465045593,1,0,0.179723502304147,0.996904024767802,1,0.733128834355828,0,0.0108695652173913,0.0884146341463415,0.00154798761609907,0.00459418070444104,0.905572755417957,1,0,0,0.829420970266041,0.918083462132921,0.841294298921418,0,1,0,0.418569254185693,0.717628705148206,0,0.42,0.0218408736349454,0.341867469879518,0.368740515933232,0,0,0.611801242236025,0.507020280811232,0.0692771084337349,0.0091324200913242,0.614220877458396,0,0.0490045941807044,0.0455927051671733,0,0.0298507462686567,0.984825493171472,0.0128205128205128,0.569018404907976,0,0,0.493589743589744,0.171383647798742,1,0.872813990461049,0,0,0.256024096385542,0.98145285935085,0,0.681887366818874,0.00606060606060606,1,0.619482496194825,0.676609105180534,0.129541864139021,0.91283676703645,0.996955859969559,0,0.957680250783699,0,0.00594353640416048,0.805111821086262,0.0192878338278932,0.996879875195008,0,0,0.477810650887574,0.541085271317829,0,0,0,0,0.600946372239748,0.0122137404580153,0,0.342507645259939,0.0217054263565891,0.253477588871716,0.0476190476190476,0.966565349544073,0,0,0.741269841269841,0,0.312977099236641,1,0.984962406015038,0,0,0.00605143721633888,0.0250783699059561,0.0171875,0,0.0234009360374415,0,0.637329286798179,0.712977099236641,0.00928792569659443,0.00773993808049536,0.00454545454545455,0.00754147812971342,0.0243161094224924,0.984447900466563,0.0161550888529887,0.0400616332819723,0.282012195121951,0.0242792109256449,0,0.0276497695852535,0,0,0.0176991150442478,0,0.933333333333333,0,0.0447530864197531,0.722741433021807,0.799682034976153,0.879939209726444,0.0737327188940092,0.00154320987654321,0.893518518518518,0,0,0.376543209876543,0.588410104011887,0.786764705882353,0.824773413897281,0.347286821705426,1,0.877112135176651,0.462132921174652,0.746913580246914,0.298325722983257,0.987692307692308,0,1,0.669796557120501,0,0.340458015267176,0.777117384843982,0.388467374810319,0.119878603945372,0.0121212121212121,0.0330708661417323,0.01875,0,0.0015600624024961,0.447368421052632,0.577981651376147,0.00154798761609907,0.995502248875562,0.989536621823617,0.123647604327666,0,0,0.0275229357798165,0,0.896825396825397,0,0.0510835913312693,0,0.0289634146341463,0,0.993984962406015,0.157566302652106,0,0.357142857142857,0.38030303030303,0.104454685099846,0,0,0.0611916264090177,0.0577777777777778,0.010590015128593,0,0,1,0.771982116244411,0.496923076923077,0,0.545592705167173,0,0.0808709175738725,0,0.818611987381703,0.761329305135952,0,0.65,0.420647149460709,0.127300613496933,0.0358208955223881,0.23583460949464,1,0.00949367088607595,0.0842433697347894,0,0,0.018018018018018,0,0,0.979969183359014,0.616822429906542,0,0,0.172573189522342,0.0661417322834646,0.0531107738998483,0.277777777777778,0.977341389728097,0.995268138801262,0.164110429447853,0.164156626506024,0,0.984496124031008,0.0314465408805031,0,0.0125786163522013,0.0438066465256798,0.934250764525994,0,0.998442367601246,0,0.533751962323391,0.919629057187017,0.894568690095847,0.892802450229709,0.302839116719243,0.914156626506024,0,0,0.230171073094868,0.016793893129771,0,0,1,0,1,0,0.287539936102236,1,1,0.463492063492064,0.0386398763523957,0.563165905631659,0,0.998417721518987,0.0494417862838915,0.00918836140888208,0,0.805598755832037,0.995508982035928,0.998439937597504,0.986384266263237,1,0,0,0.984802431610942,0.0061633281972265,0.00319488817891374,0.0263565891472868,0.0060790273556231,0,0.992101105845182,0.0121765601217656,1,0.996918335901387,0,0.993817619783617,0.0507462686567164,1,0.904615384615385,0.998520710059172,0.998463901689708
"626",0.369230769230769,0.370030581039755,0.388379204892966,0.416932907348243,0.382677165354331,0.3801261829653,0.4375,0.390357698289269,0.386706948640483,0,0.372093023255814,0,0.5515625,0.379968203497615,0.630841121495327,0.646788990825688,0,0.0061633281972265,0.375399361022364,0.387442572741194,0.639876352395672,0.624203821656051,0.381316998468606,0,0.417054263565891,0.666139240506329,0.690140845070423,0.377813504823151,0.588938714499253,0.514548238897397,0.621745788667688,0.531055900621118,0.502369668246445,1,0,0.376947040498442,0.010752688172043,0.373271889400922,0.626686656671664,0.43613707165109,0.0015748031496063,0.00461538461538462,0.00155763239875389,0.393700787401575,0.503225806451613,0.638668779714738,0.649921507064364,0.62015503875969,0.592085235920852,0.610194902548726,0,0.382352941176471,0.631172839506173,0.380804953560372,0.419811320754717,0.621236133122029,0,0.391785150078989,0.377675840978593,0.449230769230769,0.838957055214724,0.602782071097372,0.625391849529781,0,0.434169278996865,0.479750778816199,0,0.38863287250384,0,0.620904836193448,0.557275541795666,0.606531881804043,0.637931034482759,0.374045801526718,0,0.524390243902439,0.645015105740181,0.560490045941807,0.428115015974441,0.618811881188119,0,0.550077041602465,0.606015037593985,0.370597243491577,0.615853658536585,0.441679626749611,0.383792048929664,0.393846153846154,0.393241167434716,0.00305343511450382,0.376971608832808,0.358461538461538,0,0,0.394904458598726,0,0.6,0.372093023255814,0.00306748466257669,0.00309597523219814,0.568075117370892,0,0.616822429906542,0.376971608832808,0.632930513595166,0.384244372990354,0.00316455696202532,0.382488479262673,0.623233908948195,0.62111801242236,0.626934984520124,0.421216848673947,0.612557427258805,0.387596899224806,0,0.386503067484663,0.527950310559006,0,0.624810892586989,0.673946957878315,0,0.508607198748044,0.627118644067797,0.717011128775835,0.400936037441498,0.669218989280245,0.375766871165644,0.386503067484663,0,0.572317262830482,0.434312210200927,0.591194968553459,0.361331220285261,0,0.378930817610063,0.607250755287009,0,0.650621118012422,0.593004769475358,0.583465818759936,0,0,0.390697674418605,0.529595015576324,0.626582278481013,0.3796875,0.613707165109034,0.422360248447205,0.582938388625592,0.396024464831804,0.645264847512038,0.38785046728972,0.368670886075949,0.469953775038521,0.379256965944272,0.610576923076923,0.366818873668189,0.625585023400936,0,0.524409448818898,0.431192660550459,0.384969325153374,0.620637329286798,0,0.359090909090909,0.610576923076923,0.374193548387097,0.374045801526718,0.38030303030303,0.881203007518797,0.394126738794436,0.628705148205928,0.384266263237519,0.635400907715582,0.429477020602219,0.663076923076923,0,0.389147286821705,0,0.475894245723173,0.3609375,0.607198748043818,0.376744186046512,0.411490683229814,0.376506024096386,0.384848484848485,0.652905198776758,0.611532625189681,0.442338072669826,0.423676012461059,0.628125,0.621329211746522,0.3952,0.439024390243902,0,0,0.638364779874214,0.00155763239875389,0.378048780487805,0.630862329803328,0.431279620853081,0.538931297709924,0.384155455904335,0.626373626373626,0.605504587155963,0.633385335413417,0.408517350157729,0.386687797147385,0.426605504587156,0,0.455927051671733,0.651612903225806,0.405362776025237,0.609907120743034,0.632375189107413,0.583076923076923,0.389908256880734,0.377643504531722,0.4625,0.376360808709176,0.453543307086614,0,0.632307692307692,0.549618320610687,0.342723004694836,0,0.366003062787136,0.385542168674699,0.583333333333333,0.53858024691358,0.381538461538462,0.383386581469649,0.593508500772797,0,0.423831070889894,0.584876543209877,0.407290015847861,0.618012422360248,0.394817073170732,0.371875,0.370257966616085,0.406542056074766,0.592085235920852,0.619651347068146,0.400309119010819,0.645510835913313,0.631975867269985,0.626707132018209,0.619496855345912,0.633693972179289,0.626934984520124,0.532724505327245,0.62962962962963,0.618461538461539,0.635802469135803,0.575301204819277,0.591276252019386,0.396284829721362,0.00316455696202532,0.62015503875969,0,0.633693972179289,0.369327073552426,0.381172839506173,0.483128834355828,0,0.427432216905901,0.470319634703196,0.524844720496894,0.553158705701079,0.578783151326053,0.590837282780411,0.00306748466257669,0.373228346456693,0.63020030816641,0.530546623794212,0.401244167962675,0.637480798771121,0.512345679012346,0.631329113924051,0.606153846153846,0.374242424242424,0.363782051282051,0.419968304278922,0,0.57984496124031,0.421135646687697,0,0.631659056316591,0.424962852897474,0.395275590551181,0,0.629349470499244,0.63482280431433,0.38390092879257,0.445151033386327,0.619273301737757,0,0.609034267912773,0.383886255924171,0.485584218512898,0.595384615384615,0.569858712715856,0.386503067484663,0.633693972179289,0.377845220030349,0.370542635658915,0.629457364341085,0.397553516819572,0.3828125,0.387045813586098,0.376160990712074,0.67601246105919,0.630434782608696,0.635514018691589,0.375394321766562,0.390522875816993,0.0122137404580153,0.666144200626959,0.3984375,0.661608497723824,0.631024096385542,0.373456790123457,0.37962962962963,0.405572755417957,0.551342812006319,0.370030581039755,0.676703645007924,0.399394856278366,0.378716744913928,0,0.625,0.557661927330174,0.636505460218409,0.0155038759689922,0.617960426179604,0.411944869831547,0.681470137825421,0.622119815668203,0,0.691244239631336,0.377952755905512,0.622848200312989,0.388443017656501,0.406832298136646,0.383775351014041,0.646031746031746,0.63265306122449,0.543887147335423,0.564724919093851,0,0.480438184663537,0.63013698630137,0.612557427258805,0.626543209876543,0.383540372670807,0.642748091603053,0,0.635802469135803,0.636085626911315,0.654631083202512,0.555555555555556,0.363636363636364,0.596463022508039,0.378205128205128,0.368088467614534,0,0.380177514792899,0.626139817629179,0.386018237082067,0.475894245723173,0.394230769230769,0.606431852986217,0.388036809815951,0.625,0.453689167974882,0.544881889763779,0.416158536585366,0.395672333848532,0.365203761755486,0.6421875,0.407232704402516,0.380451127819549,0.63969465648855,0.630094043887147,0.378763866877971,0.374807987711214,0.604037267080745,0.431164901664145,0.395765472312704,0.404945904173107,0.37904468412943,0,0.639498432601881,0.372670807453416,0.623076923076923,0,0.402208201892744,0.00317460317460317,0.62015503875969,0.380880121396055,0.39652448657188,0.0015552099533437,0.568965517241379,0.667194928684628,0.387755102040816,0.621451104100946,0.450793650793651,0.360890302066773,0.606583072100313,0.593457943925234,0.505460218408736,0,0.6421875,0.372611464968153,0.381026438569207,0.656298600311042,0.394453004622496,0.381493506493506,0.614791987673344,0.00154320987654321,0.374242424242424,0.387045813586098,0.421052631578947,0.53953488372093,0.613104524180967,0.422291993720565,0.69969040247678,0.603993344425957,0.00306748466257669,0.560126582278481,0.653786707882535,0.604651162790698,0,0.626984126984127,0.423676012461059,0.555038759689922,0.565284178187404,0.632047477744807,0,0,0.371301775147929,0.38391502276176,0,0.439252336448598,0.00316957210776545,0,0,0.358161648177496,0,0.374603174603175,0.504643962848297,0.596969696969697,0.36969696969697,0,0,0.387944358578053,0.400907715582451,0.534668721109399,0.618320610687023,0.00158730158730159,0.418711656441718,0.596302003081664,0.383177570093458,0.641975308641975,0.6109375,0,0.377880184331797,0.618066561014263,0.412322274881517,0.615863141524106,0,0.619760479041916,0.614307931570762,0.687908496732026,0.38828967642527,0,0.42185128983308,0.397849462365591,0.379416282642089,0,0.635646687697161,0.406199021207178,0.618122977346278,0.38109756097561,0.375572519083969,0.624420401854714,0.373065015479876,0.647604327666152,0.500770416024653,0.619496855345912,0.656200941915228,0.411214953271028,0.00476190476190476,0.621664050235479,0.412576687116564,0.627172195892575,0.531545741324921,0.545023696682464,0,0.63093415007657,0.470774091627172,0.632970451010886,0.367851622874807,0.630841121495327,0.645161290322581,0.59771986970684,0.421212121212121,0.445635528330781,0.399385560675883,0.520700636942675,0,0.380368098159509,0.634969325153374,0.377742946708464,0.593301435406699,0.622388059701493,0.365591397849462,0.378716744913928,0.36734693877551,0.600313479623824,0.375384615384615,0.63849765258216,0.625391849529781,0.422187981510015,0.434312210200927,0,0,0.385466034755134,0.435612082670906,0.630672926447574,0.369668246445498,0.377272727272727,0.644171779141104,0.427892234548336,0.519685039370079,0.429007633587786,0,0.390432098765432,0.591194968553459,0.369327073552426,0.361963190184049,0,0.555555555555556,0.38801261829653,0.620094191522763,0.517940717628705,0.587596899224806,0.488095238095238,0.587596899224806,0.382530120481928,0.605697151424288,0.376377952755906,0.371340523882897,0.39375,0.616,0.603975535168196,0.395962732919255,0.374057315233786,0.00307692307692308,0.505311077389985,0.694189602446483,0.61171032357473,0.503134796238245,0.379527559055118,0.4234375,0.366153846153846,0.140030441400304,0.644480519480519,0,0.479134466769706,0.610675039246468,0.631415241057543,0.599063962558502,0,0.395638629283489,0.430769230769231,0.3828125,0.382039573820396,0.621329211746522,0.624420401854714,0,0,0.618827160493827,0.677165354330709,0.602484472049689,0,0.63482280431433,0.35474006116208,0.276497695852535,0.63182527301092,0.370486656200942,0.56386292834891,0.390282131661442,0.577981651376147,0.541856925418569,0,0.376296296296296,0.623622047244095,0.612852664576803,0.425757575757576,0.387096774193548,0.617511520737327,0.00305810397553517,0.410377358490566,0.41025641025641,0,0.391566265060241,0.625189681335357,0.385232744783307,0.570093457943925,0,0.00467289719626168,0.608482871125612,0.484848484848485,0.62691131498471,0.645412130637636,0.00459418070444104,0.0015748031496063,0.476190476190476,0.645962732919255,0.380097879282219,0.606431852986217,0.367283950617284,0.619482496194825,1,0.61189358372457,0.436708860759494,0.645833333333333,0.614551083591331,0.00156985871271586,0.68370607028754,0,0.371601208459215,0.5152,0.373676248108926,0.626984126984127,0.375394321766562,0,0.567484662576687,0.599688473520249,0.369397217928903,0,0.375951293759513,0,0.613312202852615,0.382978723404255,0,0.539393939393939,0.382215288611544,0.542586750788643,0.409375,0.621329211746522,0,0.373271889400922,0.616719242902208,0,0.534668721109399,0.620637329286798,0.621374045801527,0.382911392405063,0.374613003095975,0.38368580060423,0.389751552795031,0.386292834890966,0,0.392857142857143,0.0062015503875969,0.598173515981735,0.613251155624037,0.378048780487805,0.36875,0.368098159509202,0.388379204892966,0.0343213728549142,0.622047244094488,0.388272583201268,0.393893129770992,0.540706605222734,0.372881355932203,0.380804953560372,0.400621118012422,0,0,0.370588235294118,0,0.629969418960245,0.00156739811912226,0.411402157164869,0.593059936908517,0.674641148325359,0.635528330781011,0.415094339622642,0.00154798761609907,0.626524390243902,0.358255451713396,0.375,0.550613496932515,0.623338257016248,0.625739644970414,0.621580547112462,0.593996840442338,0.625189681335357,0.601851851851852,0.586153846153846,0.665629860031104,0.534456355283308,0.610852713178295,0,0.6265625,0.594043887147335,0.354632587859425,0.512898330804249,0.629850746268657,0.55177743431221,0.438650306748466,0.366564417177914,0.415064102564103,0.399046104928458,0.384737678855326,0.373040752351097,0.554198473282443,0.587962962962963,0.384024577572965,0.629518072289157,0.631578947368421,0.4328125,0.00462962962962963,0.366111951588502,0.383435582822086,0,0.660287081339713,0,0.419656786271451,0,0.389570552147239,0.381619937694704,0.621004566210046,0.47581903276131,0.369137670196672,0.547433903576983,0.569444444444444,0.442396313364055,0,0,0.411276948590381,0.410480349344978,0.375766871165644,0,0,0.614516129032258,0.682779456193353,0.569182389937107,0,0.577464788732394,0,0.443573667711599,0.378125,0.590189873417722,0.615267175572519,0,0.614173228346457,0.5875,0.451713395638629,0.405731523378582,0.493827160493827,0.640432098765432,0.373397435897436,0.0606531881804044,0.380503144654088,0,0.397572078907436,0.00158227848101266,0.372424722662441,0.618153364632238,0.407582938388626,0,0,0.450920245398773,0.41786283891547,0.405775075987842,0.524316109422492,0.623672230652504,0.623003194888179,0.588509316770186,0.444780635400908,0,0.609642301710731,0.394695787831513,0,0.3872,0.409160305343511,0.666666666666667,0.0137825421133231,0.627145085803432,0.366718027734977,0.559055118110236,0.627172195892575,0.600321027287319,0.633435582822086,0.536392405063291,0.61608497723824,0.37888198757764,0,0.519561815336463,0.375379939209726,0.0015600624024961,0,0.635958395245171,0,0.63166144200627,0.361963190184049,0.606299212598425,0.619344773790952,0.625196850393701,0.579277864992151,0.390551181102362,0.596923076923077,0.0167427701674277,0.621451104100946,0.0522151898734177,0.00933125972006221,0,0.514820592823713,0.616892911010558,0.625978090766823,0.633587786259542,0.618683001531394,0.0170807453416149,0.0185758513931889,0.619047619047619,0.00782472613458529,0.00157232704402516,0.0309597523219814,0.0107197549770291,0.0200617283950617,0.617873651771957,0.0124416796267496,0.628125,0.630265210608424,0.0143312101910828,0.615023474178404,0.0427480916030534,0.628086419753086,0.591679506933744,0.622754491017964,0.621495327102804
"627",0.327390599675851,0.322378716744914,0.337025316455696,0.367741935483871,0.341977309562399,0.322422258592471,0.383870967741935,0.348101265822785,0.318110236220472,0,0.323671497584541,0,0.622257053291536,0.321895424836601,0.693910256410256,0.680314960629921,0,0.00478468899521531,0.326797385620915,0.342229199372057,0.662957074721781,0.679933665008292,0.340189873417722,0,0.342313787638669,0.762057877813505,0.686688311688312,0.333881578947368,0.589703588143526,0.481658692185008,0.674565560821485,0.521531100478469,0.502431118314425,0.644338118022329,0,0.323296354992076,0.0125984251968504,0.330696202531646,0.674311926605505,0.374213836477987,0,0.00311526479750779,0,0.327922077922078,0.483443708609272,0.692182410423453,0.691176470588235,0.6784,0.607142857142857,0.665109034267913,0,0.317384370015949,0.645933014354067,0.333865814696486,0.39268680445151,0.680064308681672,0,0.345659163987138,0.340659340659341,0.430599369085173,0.713831478537361,0.594679186228482,0.684552845528455,0,0.383606557377049,0.422222222222222,0,0.32258064516129,0,0.666666666666667,0.431962025316456,0.675078864353312,0.682615629984051,0.318681318681319,0,0.52276295133438,0.681020733652313,0.611023622047244,0.399022801302932,0.649746192893401,0,0.560250391236307,0.7900466562986,0.328100470957614,0.656549520766773,0.393081761006289,0.313694267515924,0.355799373040752,0.343799058084772,0.0015625,0.338141025641026,0.322274881516588,0,0,0.343598055105348,0,0.637658227848101,0.324281150159744,0,0,0.530805687203792,0,0.66131621187801,0.310064935064935,0.673405909797823,0.308702791461412,0.00158982511923688,0.319047619047619,0.687908496732026,0.684627575277338,0.67244094488189,0.370192307692308,0.637820512820513,0.335453100158982,0,0.333333333333333,0.55379746835443,0,0.690705128205128,0.676282051282051,0,0.498402555910543,0.659744408945687,0.702302631578947,0.334394904458599,0.674565560821485,0.33596214511041,0.313291139240506,0,0.541062801932367,0.36608557844691,0.574675324675325,0.331707317073171,0,0.331179321486268,0.667706708268331,0,0.656,0.643423137876387,0.550488599348534,0,0,0.338735818476499,0.504823151125402,0.716129032258065,0.322683706070288,0.669871794871795,0.373205741626794,0.614516129032258,0.323529411764706,0.696223316912972,0.312698412698413,0.328502415458937,0.422222222222222,0.3184,0.662884927066451,0.322115384615385,0.689102564102564,0,0.478330658105939,0.413312693498452,0.327447833065811,0.664050235478807,0,0.325,0.601957585644372,0.326732673267327,0.325396825396825,0.324409448818898,0.656739811912226,0.333333333333333,0.676282051282051,0.34585289514867,0.687789799072643,0.382978723404255,0.76813880126183,0,0.338632750397456,0,0.434920634920635,0.312202852614897,0.657004830917874,0.324881141045959,0.369085173501577,0.309486780715397,0.326530612244898,0.687598116169545,0.61128526645768,0.394184168012924,0.373801916932907,0.67741935483871,0.678343949044586,0.333333333333333,0.398412698412698,0,0,0.648177496038035,0,0.321928460342146,0.661971830985915,0.392914653784219,0.522222222222222,0.318252730109204,0.611464968152866,0.576802507836991,0.658064516129032,0.3536,0.3354943273906,0.402190923317684,0,0.376582278481013,0.673234811165846,0.373572593800979,0.674718196457327,0.730586370839937,0.523274478330658,0.328100470957614,0.326498422712934,0.458670988654781,0.319620253164557,0.415064102564103,0,0.729430379746835,0.54140127388535,0.332236842105263,0,0.330708661417323,0.317901234567901,0.525396825396825,0.523885350318471,0.330683624801272,0.32626427406199,0.630818619582664,0,0.373626373626374,0.618589743589744,0.3354943273906,0.695178849144635,0.356807511737089,0.318471337579618,0.316455696202532,0.353225806451613,0.545023696682464,0.677993527508091,0.340764331210191,0.720125786163522,0.670278637770898,0.682737169517885,0.65818759936407,0.660855784469097,0.671497584541063,0.483024691358025,0.681528662420382,0.67879746835443,0.673015873015873,0.510140405616225,0.705787781350482,0.335483870967742,0.00160513643659711,0.663522012578616,0,0.644694533762058,0.329563812600969,0.354889589905363,0.402866242038217,0,0.4,0.391975308641975,0.561797752808989,0.570300157977883,0.658730158730159,0.552884615384615,0.00156494522691706,0.310177705977383,0.681089743589744,0.522167487684729,0.341894060995185,0.672496025437202,0.457463884430177,0.683870967741935,0.669826224328594,0.317411402157165,0.326086956521739,0.386252045826514,0,0.493690851735016,0.391304347826087,0,0.660910518053375,0.37245696400626,0.342668863261944,0,0.677265500794913,0.681318681318681,0.327361563517915,0.426494345718901,0.686885245901639,0,0.626582278481013,0.323809523809524,0.446345256609642,0.615506329113924,0.504038772213247,0.341049382716049,0.669871794871795,0.334384858044164,0.32695374800638,0.688188976377953,0.334928229665072,0.314873417721519,0.32512315270936,0.335974643423138,0.725521669341894,0.638364779874214,0.665605095541401,0.333333333333333,0.353433835845896,0.015748031496063,0.652733118971061,0.339144215530903,0.783783783783784,0.656394453004623,0.343898573692552,0.328990228013029,0.355095541401274,0.528363047001621,0.307453416149068,0.643086816720257,0.3390625,0.325914149443561,0,0.638364779874214,0.555921052631579,0.696,0.0141955835962145,0.669242658423493,0.359550561797753,0.66875,0.678913738019169,0,0.759433962264151,0.323296354992076,0.657686212361331,0.34,0.330683624801272,0.316720257234727,0.646677471636953,0.653721682847896,0.564308681672026,0.582508250825083,0,0.471608832807571,0.672868217054264,0.672926447574335,0.673501577287066,0.327390599675851,0.674015748031496,0,0.641838351822504,0.666666666666667,0.690789473684211,0.597774244833068,0.315112540192926,0.688013136288998,0.32890365448505,0.321086261980831,0,0.327188940092166,0.665109034267913,0.315870570107858,0.459375,0.336065573770492,0.675632911392405,0.346749226006192,0.671428571428571,0.386991869918699,0.527070063694268,0.365506329113924,0.321711568938193,0.329093799682035,0.654028436018957,0.350734094616639,0.330721003134796,0.67741935483871,0.685624012638231,0.322528363047002,0.329093799682035,0.66025641025641,0.378164556962025,0.333884297520661,0.363494539781591,0.322480620155039,0,0.66936790923825,0.333333333333333,0.680379746835443,0,0.33868378812199,0,0.674757281553398,0.315372424722662,0.335473515248796,0,0.514331210191083,0.769480519480519,0.327361563517915,0.677577741407529,0.403877221324717,0.326194398682043,0.603503184713376,0.528771384136858,0.488745980707395,0,0.685575364667747,0.337641357027464,0.314009661835749,0.732909379968203,0.324367088607595,0.342148760330579,0.682888540031397,0,0.335443037974684,0.3312,0.372827804107425,0.558502340093604,0.679425837320574,0.393258426966292,0.825878594249201,0.643697478991597,0,0.5696,0.541666666666667,0.584251968503937,0,0.650741350906096,0.376012965964344,0.588888888888889,0.620689655172414,0.67741935483871,0,0,0.321212121212121,0.344773790951638,0,0.366449511400651,0.00162337662337662,0,0,0.317965023847377,0,0.330065359477124,0.437001594896332,0.538582677165354,0.316037735849057,0,0,0.319554848966614,0.344186046511628,0.518808777429467,0.69620253164557,0,0.387147335423198,0.54160125588697,0.324193548387097,0.69620253164557,0.632,0,0.345104333868379,0.684466019417476,0.34910277324633,0.681159420289855,0,0.66046511627907,0.656301145662848,0.618421052631579,0.331746031746032,0,0.355905511811024,0.342356687898089,0.329113924050633,0,0.673139158576052,0.351170568561873,0.669407894736842,0.309486780715397,0.321875,0.66984126984127,0.323671497584541,0.6432,0.433962264150943,0.663492063492063,0.68130081300813,0.352564102564103,0.00159235668789809,0.676236044657097,0.344497607655502,0.676422764227642,0.563812600969305,0.618357487922705,0,0.66403785488959,0.520391517128874,0.654340836012862,0.323854660347551,0.687697160883281,0.848818897637795,0.576923076923077,0.34375,0.422360248447205,0.354575163398693,0.530448717948718,0,0.323899371069182,0.668769716088328,0.315286624203822,0.628246753246753,0.665116279069767,0.314465408805031,0.315789473684211,0.321543408360129,0.6624,0.327503974562798,0.691935483870968,0.668276972624799,0.353312302839117,0.395238095238095,0,0,0.328571428571429,0.381410256410256,0.679092382495948,0.327447833065811,0.339712918660287,0.606060606060606,0.34983498349835,0.425806451612903,0.366043613707165,0,0.340764331210191,0.632520325203252,0.335987261146497,0.34185303514377,0,0.522435897435897,0.349514563106796,0.675762439807384,0.518459069020867,0.643856920684292,0.46177370030581,0.561290322580645,0.335394126738794,0.714285714285714,0.316912972085386,0.320433436532508,0.332805071315372,0.650974025974026,0.636075949367089,0.331738437001595,0.321372854914197,0,0.483516483516484,0.612698412698413,0.667197452229299,0.511811023622047,0.341423948220065,0.37620578778135,0.326984126984127,0.132192846034215,0.673234811165846,0,0.456279809220986,0.683279742765273,0.685393258426966,0.655555555555556,0,0.33974358974359,0.393416927899687,0.335463258785943,0.316692667706708,0.739482200647249,0.682769726247987,0,0,0.655394524959742,0.669303797468354,0.684294871794872,0,0.688498402555911,0.308056872037915,0.303937007874016,0.62760834670947,0.323671497584541,0.537974683544304,0.331189710610932,0.548686244204019,0.541085271317829,0,0.31619937694704,0.612211221122112,0.565008025682183,0.361934477379095,0.327044025157233,0.6224,0,0.349206349206349,0.348765432098765,0,0.350387596899225,0.689274447949527,0.348333333333333,0.570747217806041,0,0.00161290322580645,0.562396006655574,0.466448445171849,0.675118858954041,0.683870967741935,0.00159489633173844,0,0.501538461538461,0.684294871794872,0.331666666666667,0.648818897637795,0.321316614420063,0.676609105180534,0.61189358372457,1,0.419672131147541,0.661666666666667,0.669796557120501,0,0.672985781990521,0,0.314241486068111,0.568627450980392,0.3328173374613,0.67524115755627,0.320388349514563,0,0.623622047244095,0.605136436597111,0.313694267515924,0,0.330721003134796,0,0.622366288492707,0.322378716744914,0,0.491365777080063,0.343042071197411,0.567961165048544,0.341463414634146,0.676056338028169,0,0.315705128205128,0.647435897435897,0,0.558730158730159,0.666151468315301,0.673469387755102,0.32794830371567,0.325769854132901,0.325545171339564,0.337579617834395,0.34185303514377,0,0.332268370607029,0.0062992125984252,0.619122257053291,0.673501577287066,0.31104199066874,0.326433121019108,0.32967032967033,0.323943661971831,0.0302547770700637,0.694488188976378,0.317355371900826,0.348726114649682,0.536624203821656,0.319685039370079,0.331259720062208,0.352,0,0,0.316998468606432,0,0.709375,0,0.345971563981043,0.641791044776119,0.828665568369028,0.672868217054264,0.384244372990354,0.00157977883096367,0.674121405750799,0.321543408360129,0.323390894819466,0.530546623794212,0.609494640122512,0.732115677321157,0.65625,0.649918962722853,0.664566929133858,0.6592,0.545023696682464,0.656549520766773,0.552590266875981,0.66031746031746,0,0.684466019417476,0.621187800963082,0.331136738056013,0.493670886075949,0.652713178294574,0.593700787401575,0.403481012658228,0.332307692307692,0.357615894039735,0.343402225755167,0.321895424836601,0.337662337662338,0.58712715855573,0.608763693270736,0.3104,0.683333333333333,0.676970633693972,0.4368,0.00158982511923688,0.329211746522411,0.33596214511041,0,0.661788617886179,0,0.345541401273885,0,0.341772151898734,0.332805071315372,0.688087774294671,0.403536977491961,0.305164319248826,0.503215434083601,0.510301109350238,0.388083735909823,0,0,0.374172185430464,0.343076923076923,0.33026113671275,0,0,0.685064935064935,0.66407465007776,0.548644338118022,0,0.629392971246006,0,0.397415185783522,0.334935897435897,0.614767255216693,0.75808936825886,0,0.650974025974026,0.626794258373206,0.395569620253165,0.34375,0.443217665615142,0.681962025316456,0.320325203252033,0.0699523052464229,0.316912972085386,0,0.320493066255778,0,0.297208538587849,0.6848,0.44189852700491,0,0,0.473767885532591,0.369885433715221,0.346092503987241,0.459501557632399,0.686520376175549,0.669887278582931,0.437795275590551,0.442546583850932,0,0.676282051282051,0.364069952305246,0,0.333878887070376,0.348982785602504,0.70429252782194,0.00961538461538462,0.671497584541063,0.310618066561014,0.578688524590164,0.717219589257504,0.728171334431631,0.655172413793103,0.539837398373984,0.647425897035881,0.324921135646688,0,0.459415584415584,0.343213728549142,0,0,0.681887366818874,0,0.682034976152623,0.324324324324324,0.490322580645161,0.67524115755627,0.681672025723473,0.546492659053834,0.351612903225806,0.597809076682316,0.0140845070422535,0.676422764227642,0.0453074433656958,0.0111464968152866,0,0.578099838969404,0.665634674922601,0.6677471636953,0.682888540031397,0.680817610062893,0.0129449838187702,0.0187793427230047,0.671474358974359,0.00961538461538462,0.00651465798045603,0.0317460317460317,0.00941915227629513,0.0176,0.681388012618297,0.0141955835962145,0.690163934426229,0.696969696969697,0.00974025974025974,0.664,0.0404984423676012,0.673501577287066,0.635350318471338,0.688073394495413,0.678456591639871
"628",0.866995073891626,0.85829307568438,0.885167464114832,0.874183006535948,0.870703764320786,0.869565217391304,0.902120717781403,0.879556259904913,0.853312302839117,0.00649350649350649,0.869218500797448,0.0064,0.657051282051282,0.858075040783034,0.174121405750799,0.149920255183413,0.00473186119873817,0.0210355987055016,0.869281045751634,0.871382636655949,0.284329563812601,0.157284768211921,0.859177215189873,0.00478468899521531,0.848966613672496,0.381877022653722,0.24025974025974,0.85337726523888,0.565149136577708,0.736089030206677,0.1392,0.79746835443038,0.855072463768116,0.362041467304625,0.00476947535771065,0.865814696485623,0.0271132376395534,0.8592,0.397196261682243,0.808411214953271,0.00324149108589951,0.018957345971564,0.0112,0.871335504885994,0.787375415282392,0.153970826580227,0.575121163166397,0.111290322580645,0.552425665101721,0.256965944272446,0.00644122383252818,0.870703764320786,0.393650793650794,0.8624,0.898858075040783,0.28171334431631,0.00164203612479475,0.849270664505673,0.897476340694006,0.889064976228209,0.390127388535032,0.520766773162939,0.133116883116883,0.00647249190938511,0.824877250409165,0.776545166402536,0.00327332242225859,0.859934853420195,0.00321543408360129,0.118314424635332,0.79140127388535,0.127158555729984,0.149443561208267,0.867601246105919,0.00315955766192733,0.8046875,0.170886075949367,0.635634028892456,0.938906752411576,0.372448979591837,0.00490998363338789,0.795918367346939,0.344186046511628,0.859872611464968,0.247987117552335,0.855555555555556,0.858054226475279,0.876602564102564,0.860576923076923,0.0156494522691706,0.859477124183007,0.862559241706161,0.00638977635782748,0.00485436893203883,0.867862969004894,0.00323101777059774,0.420127795527157,0.864951768488746,0.0127591706539075,0.0144694533762058,0.681159420289855,0.0032520325203252,0.402936378466558,0.862903225806452,0.223420647149461,0.863414634146341,0.0146579804560261,0.889952153110048,0.138486312399356,0.137030995106036,0.134615384615385,0.904918032786885,0.450393700787402,0.856459330143541,0.00642054574638844,0.885167464114832,0.805111821086262,0.00641025641025641,0.13290113452188,0.330658105939005,0.00471698113207547,0.864649681528662,0.368253968253968,0.201309328968903,0.856219709208401,0.273015873015873,0.861904761904762,0.8688,0.0065252854812398,0.638230647709321,0.865573770491803,0.536945812807882,0.866883116883117,0.00314465408805031,0.855500821018062,0.14937106918239,0.00474683544303797,0.337190082644628,0.644122383252818,0.622331691297209,0.00658978583196046,0.00495049504950495,0.87620578778135,0.770597738287561,0.30114566284779,0.863123993558776,0.136655948553055,0.853269537480064,0.522167487684729,0.874223602484472,0.257001647446458,0.866028708133971,0.870491803278688,0.783094098883573,0.869565217391304,0.115447154471545,0.864433811802233,0.12199036918138,0.00322061191626409,0.747967479674797,0.985804416403785,0.858505564387917,0.1578125,0.0063391442155309,0.866666666666667,0.565640194489465,0.856435643564356,0.864864864864865,0.858712715855573,0.37007874015748,0.878787878787879,0.131707317073171,0.859399684044234,0.125193199381762,0.970540098199673,0.479099678456592,0.00646203554119548,0.861244019138756,0.00637958532695375,0.807631160572337,0.87258064516129,0.221498371335505,0.873801916932907,0.851968503937008,0.862015503875969,0.855799373040752,0.2144,0.473354231974922,0.853181076672104,0.853225806451613,0.188405797101449,0.139904610492846,0.878444084278768,0.902555910543131,0.00306278713629403,0.00483870967741936,0.428571428571429,0.00478468899521531,0.864274570982839,0.3640625,0.895666131621188,0.757624398073836,0.874603174603175,0.543657331136738,0.497622820919176,0.401976935749588,0.829617834394904,0.856219709208401,0.965244865718799,0.00642054574638844,0.797124600638978,0.307178631051753,0.86634460547504,0.137876386687797,0.200315457413249,0.622222222222222,0.865814696485623,0.866251944012442,0.921348314606742,0.8704,0.849117174959872,0.00645161290322581,0.20820189274448,0.708268330733229,0.860655737704918,0.00636942675159236,0.864139020537125,0.875192604006163,0.639240506329114,0.590690208667737,0.860162601626016,0.863036303630363,0.49438202247191,0.00654664484451719,0.919937205651491,0.643659711075441,0.889816360601002,0.134706814580032,0.853125,0.869565217391304,0.858054226475279,0.853697749196141,0.588888888888889,0.141935483870968,0.881877022653722,0.589171974522293,0.127158555729984,0.130841121495327,0.294212218649518,0.121642969984202,0.273770491803279,0.701892744479495,0.12987012987013,0.139498432601881,0.151757188498403,0.678288431061807,0.174551386623165,0.87258064516129,0.0128410914927769,0.124203821656051,0.00480769230769231,0.341543513957307,0.878289473684211,0.854838709677419,0.842948717948718,0.00625978090766823,0.967585089141005,0.778301886792453,0.796502384737679,0.7136,0.5584,0.487138263665595,0.0156739811912226,0.852512155591572,0.227848101265823,0.795121951219512,0.88474025974026,0.140600315955766,0.774760383386581,0.133012820512821,0.254746835443038,0.862928348909657,0.863787375415282,0.897271268057785,0.00462962962962963,0.703875968992248,0.90453074433657,0.00475435816164818,0.120253164556962,0.90251572327044,0.882352941176471,0.00473186119873817,0.1328,0.132075471698113,0.888524590163934,0.88961038961039,0.125412541254125,0.00324149108589951,0.501597444089457,0.884176182707993,0.8421875,0.487961476725522,0.72176759410802,0.85828025477707,0.138486312399356,0.874411302982732,0.860759493670886,0.128038897893031,0.859223300970874,0.86741214057508,0.86088379705401,0.872408293460925,0.286871961102107,0.444625407166124,0.401273885350318,0.887622149837134,0.849427168576105,0.05103668261563,0.353130016051364,0.891547049441786,0.257551669316375,0.386153846153846,0.872641509433962,0.863934426229508,0.873801916932907,0.728013029315961,0.862714508580343,0.331210191082803,0.882629107981221,0.862179487179487,0.00648298217179903,0.454689984101749,0.632850241545894,0.1408,0.0521327014218009,0.133647798742138,0.836538461538462,0.156299840510367,0.125984251968504,0.00470957613814757,0.331189710610932,0.862681744749596,0.200949367088608,0.882352941176471,0.888529886914378,0.876404494382023,0.413961038961039,0.403010033444816,0.697411003236246,0.533333333333333,0.0048,0.818619582664527,0.131537242472266,0.163779527559055,0.339652448657188,0.858747993579454,0.131410256410256,0.00636942675159236,0.454113924050633,0.14170692431562,0.147299509001637,0.654895666131621,0.862903225806452,0.381578947368421,0.86644407345576,0.855769230769231,0.00471698113207547,0.867692307692308,0.116903633491311,0.854914196567863,0.808988764044944,0.861111111111111,0.145867098865478,0.8546875,0.127214170692432,0.796178343949045,0.763458401305057,0.849056603773585,0.87800963081862,0.86031746031746,0.414239482200647,0.856459330143541,0.862776025236593,0.130637636080871,0.144694533762058,0.869918699186992,0.866454689984102,0.436305732484076,0.788461538461538,0.85502471169687,0.856913183279743,0.863924050632911,0.00164203612479475,0.237623762376238,0.869218500797448,0.139837398373984,0.00651465798045603,0.892508143322476,0.00983606557377049,0.168576104746318,0.859399684044234,0.887096774193548,0.00980392156862745,0.686495176848875,0.523577235772358,0.887096774193548,0.127272727272727,0.795716639209226,0.860927152317881,0.485483870967742,0.679425837320574,0.845161290322581,0.0032258064516129,0.287081339712919,0.890701468189233,0.865793780687398,0.546623794212219,0.869085173501577,0.856661045531197,0.149837133550489,0.00478468899521531,0.87519747235387,0.864077669902913,0.849757673667205,0.7109375,0.131707317073171,0.971014492753623,0.346581875993641,0.306666666666667,0.0109717868338558,0.669902912621359,0.621187800963082,0.685624012638231,0.00476190476190476,0.385502471169687,0.926282051282051,0.693037974683544,0.629570747217806,0.214723926380368,0.00478468899521531,0.0046875,0.860896445131376,0.84748427672956,0.0031496062992126,0.869774919614148,0.0115894039735099,0.00626959247648903,0.00666666666666667,0.864734299516908,0.00318979266347687,0.880794701986755,0.766295707472178,0.620253164556962,0.863849765258216,0.00648298217179903,0.00485436893203883,0.874003189792663,0.866459627329193,0.778481012658228,0.13125,0.00329489291598023,0.899529042386185,0.679304897314376,0.885350318471338,0.603803486529319,0.466988727858293,0.0031496062992126,0.865384615384615,0.13673805601318,0.898692810457516,0.213483146067416,0.00470957613814757,0.132911392405063,0.247208931419458,0.516778523489933,0.851437699680511,0.00637958532695375,0.8734375,0.863924050632911,0.866141732283465,0.00636942675159236,0.196110210696921,0.830820770519263,0.13,0.870813397129187,0.868670886075949,0.133545310015898,0.85511811023622,0.41786283891547,0.815831987075929,0.14873417721519,0.287337662337662,0.8608,0.0111821086261981,0.128617363344051,0.876582278481013,0.144278606965174,0.729372937293729,0.521739130434783,0.0063391442155309,0.23968253968254,0.859934853420195,0.382677165354331,0.8672,0.125996810207337,0.272727272727273,0.5,0.851097178683386,0.901253918495298,0.863563402889246,0.770358306188925,0.00488599348534202,0.860128617363344,0.1264,0.849514563106796,0.508196721311475,0.126959247648903,0.86762360446571,0.882160392798691,0.855987055016181,0.662939297124601,0.8768,0.26461038961039,0.32,0.852327447833066,0.912698412698413,0.00625978090766823,0.00324675324675325,0.868378812199037,0.848684210526316,0.147487844408428,0.877650897226754,0.877551020408163,0.486571879936809,0.871125611745514,0.731825525040388,0.900311526479751,0.00474683544303797,0.867528271405493,0.451298701298701,0.881219903691814,0.865040650406504,0.0062111801242236,0.669918699186992,0.883870967741936,0.138263665594855,0.766339869281046,0.473429951690821,0.767584097859327,0.750814332247557,0.847826086956522,0.213395638629283,0.887070376432079,0.868462757527734,0.886255924170616,0.41887417218543,0.2192,0.873990306946688,0.86677367576244,0.0111287758346582,0.76984126984127,0.5,0.359177215189873,0.845906902086677,0.865040650406504,0.820224719101124,0.861417322834646,0.150943396226415,0.133884297520661,0.00628930817610063,0.924646781789639,0.130225080385852,0.126602564102564,0.397456279809221,0.00644122383252818,0.866454689984102,0.859621451104101,0.864433811802233,0.874015748031496,0.227848101265823,0.140776699029126,0.0062992125984252,0.00638977635782748,0.315875613747954,0.206840390879479,0.294975688816856,0.00318979266347687,0.124006359300477,0.868462757527734,0.0757097791798107,0.407766990291262,0.872340425531915,0.659777424483307,0.857371794871795,0.734177215189873,0.697347893915757,0.00326797385620915,0.865237366003063,0.504918032786885,0.591346153846154,0.932496075353218,0.884615384615385,0.507936507936508,0.00956937799043062,0.86698717948718,0.866562009419152,0.00162337662337662,0.842767295597484,0.140575079872204,0.861157024793388,0.463768115942029,0.00321543408360129,0.0111464968152866,0.627906976744186,0.88474025974026,0.127831715210356,0.261513157894737,0.0143540669856459,0.00500834724540901,0.7546875,0.145187601957586,0.876046901172529,0.434645669291339,0.871473354231975,0.129541864139021,0.436708860759494,0.419672131147541,1,0.223880597014925,0.139646869983949,0.00479233226837061,0.168810289389068,0.00635930047694754,0.864406779661017,0.146422628951747,0.883076923076923,0.129807692307692,0.864462809917355,0.00471698113207547,0.606583072100313,0.558252427184466,0.858064516129032,0.00496688741721854,0.862559241706161,0.00491803278688525,0.493506493506494,0.874801901743265,0.00636942675159236,0.714968152866242,0.859677419354839,0.73462783171521,0.886178861788618,0.158653846153846,0.00636942675159236,0.862619808306709,0.368932038834951,0.0047244094488189,0.797427652733119,0.127725856697819,0.160377358490566,0.865695792880259,0.872340425531915,0.865814696485623,0.84,0.861842105263158,0.00476190476190476,0.861244019138756,0.0252365930599369,0.464678178963893,0.397435897435897,0.863207547169811,0.863492063492064,0.875394321766562,0.863344051446945,0.0669781931464174,0.135483870967742,0.864093959731544,0.865718799368088,0.729559748427673,0.857827476038339,0.8672,0.894488188976378,0.0062992125984252,0.00625978090766823,0.856049004594181,0.00626959247648903,0.194744976816074,0.0016025641025641,0.8656,0.382636655948553,0.327332242225859,0.260731319554849,0.852216748768473,0.00638977635782748,0.231511254019293,0.8656,0.868462757527734,0.704654895666132,0.536923076923077,0.33953488372093,0.291079812206573,0.662295081967213,0.126582278481013,0.244094488188976,0.638126009693053,0.342857142857143,0.726114649681529,0.131955484896661,0.0066006600660066,0.124797406807131,0.444084278768233,0.870491803278688,0.707472178060413,0.35377358490566,0.677067082683307,0.970219435736677,0.854003139717425,0.882943143812709,0.855987055016181,0.869205298013245,0.869426751592357,0.634615384615385,0.537842190016103,0.863344051446945,0.132921174652241,0.154330708661417,0.974643423137876,0.0142857142857143,0.858712715855573,0.853269537480064,0.00487012987012987,0.241322314049587,0.00473186119873817,0.861513687600644,0.00494233937397035,0.866454689984102,0.874193548387097,0.135860979462875,0.8256,0.866877971473851,0.726229508196721,0.6703125,0.901771336553945,0.0046875,0.00490998363338789,0.873146622734761,0.856697819314642,0.875598086124402,0.00631911532385466,0.00159235668789809,0.125205930807249,0.324921135646688,0.524332810047096,0.0048,0.560702875399361,0.00478468899521531,0.844660194174757,0.864734299516908,0.28500823723229,0.36724960254372,0.00471698113207547,0.453658536585366,0.633279483037157,0.771565495207668,0.877551020408163,0.804761904761905,0.1184,0.889256198347107,0.0285261489698891,0.851485148514851,0.00488599348534202,0.867924528301887,0.00955414012738853,0.861111111111111,0.143086816720257,0.0998363338788871,0.0062992125984252,0.00646203554119548,0.906902086677368,0.836601307189543,0.901116427432217,0.702660406885759,0.144427001569859,0.139871382636656,0.773162939297125,0.762951334379906,0.00325732899022801,0.143780290791599,0.855325914149444,0.00320512820512821,0.850649350649351,0.891679748822606,0.194888178913738,0.0405844155844156,0.115384615384615,0.863275039745628,0.548701298701299,0.195548489666137,0.231281198003328,0.226984126984127,0.771986970684039,0.212933753943218,0.866559485530547,0.00647249190938511,0.750814332247557,0.8576,0.00980392156862745,0.00643086816720257,0.124610591900312,0.00325732899022801,0.135350318471338,0.867834394904459,0.703150912106136,0.133768352365416,0.126229508196721,0.645320197044335,0.916393442622951,0.5344,0.0515625,0.135986733001658,0.065359477124183,0.0211038961038961,0.00638977635782748,0.149593495934959,0.138147566718995,0.12741935483871,0.143540669856459,0.133333333333333,0.0470779220779221,0.0557324840764331,0.139937106918239,0.0257234726688103,0.00657894736842105,0.0369774919614148,0.029874213836478,0.0566929133858268,0.140600315955766,0.0285261489698891,0.127906976744186,0.141935483870968,0.0454545454545455,0.1328,0.0340557275541796,0.128980891719745,0.14785373608903,0.125574272588055,0.132701421800948
"629",0.105610561056106,0.103448275862069,0.129541864139021,0.147157190635452,0.10983606557377,0.0919732441471572,0.186776859504132,0.13128038897893,0.094488188976378,0,0.0838709677419355,0,0.483091787439614,0.104918032786885,0.877250409165303,0.9216,0,0.00162866449511401,0.0993485342019544,0.109350237717908,0.817749603803486,0.913851351351351,0.104,0,0.138977635782748,0.753719008264463,0.849025974025974,0.103852596314908,0.589825119236884,0.369354838709677,0.903536977491961,0.375399361022364,0.314238952536825,0.718241042345277,0,0.086677367576244,0.00477707006369427,0.0913461538461538,0.728813559322034,0.180223285486443,0,0,0,0.0913539967373573,0.312080536912752,0.897727272727273,0.527868852459016,0.912,0.546310832025118,0.888888888888889,0,0.0986842105263158,0.728434504792332,0.0938511326860841,0.183006535947712,0.796052631578947,0,0.112,0.12741935483871,0.184,0.723101265822785,0.635634028892456,0.904448105436573,0,0.202970297029703,0.260663507109005,0,0.107491856677524,0,0.898026315789474,0.237179487179487,0.907766990291262,0.894822006472492,0.0960629921259843,0,0.36525974025974,0.868044515103339,0.495222929936306,0.192182410423453,0.700680272108844,0,0.353322528363047,0.796208530805687,0.0906200317965024,0.903846153846154,0.18312101910828,0.0967741935483871,0.125200642054575,0.114147909967846,0,0.109477124183007,0.0850722311396469,0,0,0.122349102773246,0,0.712918660287081,0.113452188006483,0,0,0.451043338683788,0,0.701639344262295,0.0848287112561175,0.856466876971609,0.0933333333333333,0,0.118122977346278,0.909983633387889,0.900161030595813,0.898222940226171,0.167213114754098,0.652665589660743,0.102439024390244,0,0.1024,0.351524879614767,0,0.901273885350318,0.792822185970636,0,0.319218241042345,0.750809061488673,0.878378378378378,0.116613418530351,1,0.0977917981072555,0.099025974025974,0,0.513556618819777,0.156957928802589,0.577235772357724,0.112396694214876,0,0.0901502504173623,0.890995260663507,0,0.789559543230016,0.432565789473684,0.540630182421227,0,0,0.116883116883117,0.328025477707006,0.900332225913621,0.0983870967741935,0.89983844911147,0.172025723472669,0.569051580698835,0.111290322580645,0.837209302325581,0.111650485436893,0.0971524288107203,0.242811501597444,0.0848,0.907766990291262,0.0969793322734499,0.895253682487725,0,0.348534201954397,0.195275590551181,0.105431309904153,0.89589905362776,0,0.0886075949367089,0.57843137254902,0.096989966555184,0.101123595505618,0.0881410256410256,0.7136,0.106858054226475,0.897394136807818,0.132492113564669,0.908661417322835,0.186688311688312,0.654340836012862,0,0.113636363636364,0,0.241157556270096,0.0919354838709677,0.833876221498371,0.111821086261981,0.142857142857143,0.0987460815047022,0.121642969984202,0.855987055016181,0.61259842519685,0.170812603648425,0.141004862236629,0.864217252396166,0.898876404494382,0.107667210440457,0.208530805687204,0,0,0.73419773095624,0,0.0902021772939347,0.708661417322835,0.19281045751634,0.329581993569132,0.105345911949686,0.634146341463415,0.624390243902439,0.725165562913907,0.161764705882353,0.130856219709208,0.206785137318255,0,0.211538461538462,0.793388429752066,0.14975845410628,0.903069466882068,0.857594936708861,0.537480063795853,0.120263591433278,0.117004680187207,0.233494363929147,0.0979133226324237,0.213592233009709,0,0.861513687600644,0.423861852433281,0.100494233937397,0,0.0966719492868463,0.110591900311526,0.522801302931596,0.463651050080775,0.106796116504854,0.0986622073578595,0.662884927066451,0,0.183962264150943,0.495921696574225,0.122112211221122,0.901929260450161,0.132701421800948,0.095,0.0893141945773525,0.142857142857143,0.48966613672496,0.911184210526316,0.113782051282051,0.509523809523809,0.911949685534591,0.90251572327044,0.75,0.896440129449838,0.814634146341463,0.414012738853503,0.906902086677368,0.902086677367576,0.897106109324759,0.485804416403785,0.89018302828619,0.113085621970921,0,0.898876404494382,0,0.767857142857143,0.0952380952380952,0.117174959871589,0.1952,0,0.193602693602694,0.240829346092504,0.373182552504039,0.422077922077922,0.579207920792079,0.600665557404326,0,0.0830564784053156,0.868506493506494,0.358803986710963,0.135922330097087,0.894321766561514,0.326860841423948,0.901294498381877,0.822222222222222,0.0943396226415094,0.0921273031825796,0.178512396694215,0,0.423380726698262,0.191803278688525,0,0.907348242811502,0.183254344391785,0.114516129032258,0,0.922098569157393,0.902597402597403,0.0975206611570248,0.188216039279869,0.897520661157025,0,0.662939297124601,0.104918032786885,0.303370786516854,0.60650406504065,0.406148867313916,0.122778675282714,0.89983844911147,0.0942492012779553,0.0983606557377049,0.905228758169935,0.120192307692308,0.0962479608482871,0.116584564860427,0.098546042003231,0.791935483870968,0.693877551020408,0.720064724919094,0.105785123966942,0.149006622516556,0.00627943485086342,0.758564437194127,0.120521172638436,0.825525040387722,0.71875,0.0951612903225806,0.101777059773829,0.125198098256735,0.394039735099338,0.088785046728972,0.780889621087315,0.134304207119741,0.0910596026490066,0,0.698717948717949,0.51900826446281,0.909967845659164,0.00475435816164818,0.896661367249603,0.182108626198083,0.89589905362776,0.912140575079872,0,0.776,0.087893864013267,0.924193548387097,0.101836393989983,0.119741100323625,0.115823817292007,0.740983606557377,0.733884297520661,0.403877221324717,0.533444816053512,0,0.264705882352941,0.899053627760252,0.872813990461049,0.77831715210356,0.0889621087314662,0.905144694533762,0,0.693181818181818,0.920382165605096,0.896494156928214,0.573743922204214,0.0922330097087379,0.695,0.0957983193277311,0.108064516129032,0,0.102446483180428,0.900473933649289,0.097331240188383,0.254838709677419,0.0993265993265993,0.896272285251216,0.119122257053292,0.907617504051864,0.198373983739837,0.363047001620746,0.148089171974522,0.112179487179487,0.0944,0.716129032258065,0.137030995106036,0.0775316455696203,0.912559618441971,0.889245585874799,0.0972447325769854,0.0995184590690209,0.65,0.20096463022508,0.123745819397993,0.14218009478673,0.0907643312101911,0,0.820428336079077,0.0963081861958267,0.912479740680713,0,0.134551495016611,0,0.872305140961857,0.1,0.124794745484401,0,0.428571428571429,0.608974358974359,0.106907894736842,0.899671052631579,0.213576158940397,0.0957095709570957,0.69485903814262,0.462025316455696,0.295269168026101,0,0.814449917898194,0.114566284779051,0.0969305331179321,0.586709886547812,0.097444089456869,0.117647058823529,0.891410048622366,0,0.115506329113924,0.103896103896104,0.135265700483092,0.398412698412698,0.904220779220779,0.210440456769984,0.751623376623377,0.785349233390119,0,0.455138662316476,0.476190476190476,0.454545454545455,0,0.68046357615894,0.168300653594771,0.431746031746032,0.468454258675079,0.842923794712286,0,0,0.0966257668711656,0.117924528301887,0,0.162640901771337,0,0,0,0.0993589743589744,0,0.0955518945634267,0.318770226537217,0.538461538461538,0.0942492012779553,0,0,0.10586319218241,0.123824451410658,0.343548387096774,0.909379968203498,0,0.191387559808612,0.471153846153846,0.098546042003231,0.525236593059937,0.640856672158155,0,0.107717041800643,0.907590759075908,0.142384105960265,0.859477124183007,0,0.897637795275591,0.903436988543372,0.575296108291032,0.128410914927769,0,0.145110410094637,0.106518282988871,0.0926517571884984,0,0.868988391376451,0.13265306122449,0.902356902356902,0.0853080568720379,0.0932475884244373,0.89297124600639,0.0951612903225806,0.72,0.262560777957861,0.893548387096774,0.791390728476821,0.135566188197767,0,0.906902086677368,0.116427432216906,0.903814262023217,0.407894736842105,0.584142394822006,0,0.826086956521739,0.319935691318328,0.7568,0.114331723027375,0.908794788273616,0.799682034976153,0.618729096989967,0.145339652448657,0.192429022082019,0.131921824104235,0.348184818481848,0,0.110932475884244,0.901898734177215,0.120772946859903,0.63743676222597,0.899053627760252,0.087719298245614,0.0982286634460548,0.0975609756097561,0.433870967741936,0.110047846889952,0.833607907742998,0.791190864600326,0.138709677419355,0.197115384615385,0,0,0.0980392156862745,0.151960784313725,0.908045977011494,0.115321252059308,0.105691056910569,0.677215189873418,0.150326797385621,0.367380560131796,0.1952,0,0.123577235772358,0.686084142394822,0.0972447325769854,0.0957792207792208,0,0.4384,0.113486842105263,0.901612903225806,0.380794701986755,0.610142630744849,0.294392523364486,0.372322899505766,0.137715179968701,0.844339622641509,0.105436573311367,0.0932475884244373,0.109149277688604,0.718801996672213,0.812600969305331,0.104166666666667,0.0849358974358974,0,0.303656597774245,0.612244897959184,0.720257234726688,0.30379746835443,0.0884244372990354,0.219155844155844,0.0910543130990415,0.136,0.905405405405405,0,0.253658536585366,0.895934959349593,0.904376012965964,0.704838709677419,0,0.106209150326797,0.169036334913112,0.090032154340836,0.0957792207792208,0.838499184339315,0.912903225806452,0,0,0.79504132231405,0.870491803278688,0.798045602605863,0,0.9,0.0900473933649289,0.388443017656501,0.743801652892562,0.0995024875621891,0.473515248796148,0.121510673234811,0.39297124600639,0.423197492163009,0,0.0902021772939347,0.670491803278689,0.576158940397351,0.159489633173844,0.100638977635783,0.641479099678457,0,0.145833333333333,0.133647798742138,0,0.112676056338028,0.896166134185304,0.119127516778523,0.615384615384615,0,0,0.557239057239057,0.244262295081967,0.909235668789809,0.817589576547231,0,0,0.302034428794992,0.917763157894737,0.0971039182282794,0.659677419354839,0.100787401574803,0.91283676703645,0.645833333333333,0.661666666666667,0.223880597014925,1,0.896940418679549,0,0.884364820846905,0,0.0987261146496815,0.732441471571906,0.11128526645768,0.905691056910569,0.0906095551894563,0,0.514774494556765,0.597381342062193,0.0870967741935484,0,0.10207336523126,0,0.610114192495922,0.102362204724409,0,0.40506329113924,0.109120521172638,0.330605564648118,0.14168039538715,0.881977671451356,0,0.082258064516129,0.717105263157895,0,0.375987361769352,0.90527950310559,0.903174603174603,0.0924092409240924,0.0969305331179321,0.107594936708861,0.11470113085622,0.105348460291734,0,0.110749185667752,0,0.688498402555911,0.681089743589744,0.107424960505529,0.100478468899522,0.0924764890282132,0.0976,0.0385852090032154,0.906148867313916,0.097770154373928,0.118858954041204,0.373397435897436,0.105769230769231,0.0952380952380952,0.129084967320261,0,0,0.11214953271028,0,0.854632587859425,0.00162866449511401,0.138933764135703,0.692939244663383,0.758333333333333,0.816720257234727,0.163695299837925,0,0.84,0.0956937799043062,0.0983870967741935,0.420195439739414,0.639318885448916,0.831530139103555,0.790220820189274,0.428571428571429,0.911717495987159,0.826984126984127,0.528753993610224,0.768115942028985,0.3904,0.900158478605388,0,0.906862745098039,0.702302631578947,0.0913621262458472,0.415335463258786,0.751962323390895,0.448946515397083,0.2,0.103448275862069,0.133223684210526,0.114192495921697,0.0980066445182724,0.104404567699837,0.462418300653595,0.577170418006431,0.0942492012779553,0.904836193447738,0.907232704402516,0.211631663974152,0,0.0961538461538462,0.119617224880383,0,1,0,0.149671052631579,0,0.109149277688604,0.0993485342019544,0.898412698412698,0.240983606557377,0.0894568690095847,0.42339373970346,0.461414790996785,0.200980392156863,0,0,0.158516020236088,0.146153846153846,0.1008,0,0,0.915841584158416,0.774038461538462,0.561688311688312,0,0.558252427184466,0,0.16198347107438,0.101141924959217,0.761344537815126,0.772357723577236,0,0.639477977161501,0.470304975922953,0.206451612903226,0.122641509433962,0.322632423756019,0.909983633387889,0.0996677740863787,0.0739549839228296,0.0881863560732113,0,0.10223642172524,0,0.0943708609271523,0.901153212520593,0.569331158238173,0,0,0.234276729559748,0.172529313232831,0.141479099678457,0.360062893081761,0.878740157480315,0.901639344262295,0.2608,0.213500784929356,0,0.893267651888342,0.118226600985222,0,0.111842105263158,0.140350877192982,0.858306188925081,0.00322061191626409,0.899361022364217,0.0956937799043062,0.538079470198676,0.8432,0.836902800658979,0.834123222748815,0.373134328358209,0.911717495987159,0.0964052287581699,0,0.330081300813008,0.123595505617978,0,0,0.912225705329154,0,0.907766990291262,0.0916398713826367,0.385245901639344,0.911330049261084,0.899835796387521,0.51888341543514,0.134426229508197,0.634340222575517,0.00319488817891374,0.907014681892333,0.0498338870431894,0.00482315112540193,0,0.746341463414634,0.903633491311216,0.897893030794165,0.897476340694006,0.904761904761905,0.0032258064516129,0.00475435816164818,0.890850722311397,0.00478468899521531,0.00165016501650165,0.0211382113821138,0.00314465408805031,0.00486223662884927,0.896440129449838,0.00978792822185971,0.905158069883527,0.904684975767367,0.00490998363338789,0.898876404494382,0.0404984423676012,0.907617504051864,0.835748792270531,0.908372827804107,0.905073649754501
"630",0.0046875,0.00458015267175573,0.0321100917431193,0.0658307210031348,0.0173775671406003,0.00478468899521531,0.109034267912773,0.0277777777777778,0.00303951367781155,0,0.00307692307692308,0,0.444444444444444,0.00318471337579618,0.950693374422188,0.992248062015504,0,0.00158227848101266,0.0063391442155309,0.0169491525423729,0.842507645259939,0.96260162601626,0.0107033639143731,0,0.0398773006134969,0.734375,0.881141045958796,0.0112721417069243,0.518181818181818,0.330289193302892,0.996955859969559,0.317411402157165,0.227906976744186,0.70820189274448,0,0.0031201248049922,0.00463678516228748,0.00614439324116743,0.748878923766816,0.102134146341463,0,0,0,0.00471698113207547,0.225396825396825,0.977848101265823,0.479750778816199,0.996840442338073,0.535232383808096,0.866666666666667,0,0.00917431192660551,0.745736434108527,0.0046656298600311,0.116719242902208,0.841269841269841,0,0.0236593059936909,0.0486322188449848,0.0966257668711656,0.690993788819876,0.546439628482972,0.995238095238095,0,0.101721439749609,0.186544342507645,0,0.0123839009287926,0,0.995356037151703,0.137404580152672,0.989113530326594,0.979559748427673,0.00457317073170732,0,0.29607250755287,0.949308755760369,0.415123456790123,0.113207547169811,0.736318407960199,0,0.297709923664122,0.782805429864253,0.00604229607250755,0.888364779874214,0.0968229954614221,0.00764525993883792,0.035548686244204,0.0353846153846154,0,0.0125984251968504,0.00462249614791988,0,0,0.028436018957346,0,0.698924731182796,0.0215716486902928,0,0,0.3984375,0,0.728971962616822,0.00471698113207547,0.899696048632219,0.00316957210776545,0,0.0250391236306729,0.995260663507109,0.987519500780031,0.992248062015504,0.0987460815047022,0.683720930232558,0.0093167701863354,0,0.0170278637770898,0.287901990811639,0,0.996908809891808,0.761075949367089,0,0.233908948194662,0.757763975155279,0.920127795527157,0.0263157894736842,0.848531684698609,0.00611620795107034,0.0047244094488189,0,0.463836477987421,0.0713178294573643,0.501567398119122,0.0110935023771791,0,0.00796178343949045,0.97737556561086,0,0.789638932496075,0.364207221350078,0.499202551834131,0,0,0.0230414746543779,0.241860465116279,0.815112540192926,0.00462249614791988,0.989147286821705,0.089644513137558,0.594294770206022,0.021505376344086,0.863708399366086,0.013953488372093,0.00313971742543171,0.157975460122699,0.00768049155145929,0.995319812792512,0.0046583850931677,0.995334370139969,0,0.257503949447077,0.137614678899083,0.0198776758409786,0.983308042488619,0,0.00453172205438067,0.558587479935794,0.00478468899521531,0.00307692307692308,0.00462962962962963,0.703363914373089,0.0263565891472868,0.996840442338073,0.0512820512820513,0.995468277945619,0.112852664576803,0.618098159509202,0,0.0171073094867807,0,0.155864197530864,0.00306278713629403,0.871632329635499,0.0201863354037267,0.0474732006125574,0.0104477611940299,0.0300751879699248,0.904173106646059,0.635384615384615,0.073015873015873,0.0613207547169811,0.943661971830986,0.989312977099237,0.0204724409448819,0.134466769706337,0,0,0.710485133020344,0,0.00455235204855842,0.741248097412481,0.126582278481013,0.251908396946565,0.0105105105105105,0.5859375,0.563358778625954,0.715189873417722,0.0841121495327103,0.0390625,0.127300613496933,0,0.118098159509202,0.8272,0.0580847723704867,0.995356037151703,0.929323308270677,0.482866043613707,0.0198776758409786,0.0231124807395994,0.177394034536892,0.00462962962962963,0.110077519379845,0,0.921658986175115,0.334883720930233,0.00786163522012579,0,0.00772797527047913,0.0227272727272727,0.469767441860465,0.45625,0.0126782884310618,0.00158982511923688,0.635367762128325,0,0.111278195488722,0.491419656786271,0.0353130016051364,0.995391705069124,0.0440060698027314,0.00470957613814757,0.00459418070444104,0.047244094488189,0.468217054263566,0.995290423861852,0.0326086956521739,0.450381679389313,0.992458521870287,0.996987951807229,0.812302839116719,0.996889580093313,0.855572998430141,0.346625766871166,0.995398773006135,0.992354740061162,0.986196319018405,0.439577039274924,0.953051643192488,0.01743264659271,0,0.996860282574568,0,0.774447949526814,0.00320512820512821,0.0218068535825545,0.0941358024691358,0,0.139904610492846,0.144796380090498,0.315707620528771,0.410575427682737,0.545171339563863,0.544303797468354,0,0.00312989045383412,0.906153846153846,0.302694136291601,0.0416024653312789,0.987673343605547,0.264385692068429,0.99375,0.889580093312597,0.00458715596330275,0.00323101777059774,0.108320251177394,0,0.37962962962963,0.114104595879556,0,0.996927803379416,0.101208459214502,0.0235109717868339,0,0.995348837209302,0.995461422087746,0.0255591054313099,0.121019108280255,0.996875,0,0.618973561430793,0.0139968895800933,0.219847328244275,0.613354037267081,0.350710900473934,0.044478527607362,0.99079754601227,0.00153139356814701,0.00309597523219814,0.992211838006231,0.037821482602118,0.00155763239875389,0.0291734197730956,0.00614439324116743,0.812307692307692,0.697709923664122,0.721792890262751,0.0266875981161695,0.0644122383252818,0.00310077519379845,0.740566037735849,0.0314465408805031,0.841614906832298,0.694029850746269,0.0062111801242236,0.00309119010819165,0.035548686244204,0.310618066561014,0.00606060606060606,0.754385964912281,0.0403100775193798,0.0046801872074883,0,0.687306501547988,0.456692913385827,0.985981308411215,0.00153846153846154,0.990825688073395,0.103235747303544,0.98,0.996946564885496,0,0.768292682926829,0.0062992125984252,0.928348909657321,0.017741935483871,0.0326086956521739,0.0138674884437596,0.727416798732171,0.723101265822785,0.319875776397516,0.544871794871795,0,0.184615384615385,0.986259541984733,0.958333333333333,0.806153846153846,0.00476947535771065,0.993779160186625,0,0.679566563467492,0.989263803680982,0.973312401883831,0.5203125,0.00309119010819165,0.7264,0.00483870967741936,0.0329153605015674,0,0.0117302052785924,0.995426829268293,0.00458015267175573,0.172628304821151,0.00317965023847377,0.992248062015504,0.0214723926380368,0.996879875195008,0.121306376360809,0.284591194968553,0.0547112462006079,0.0197268588770865,0.00155763239875389,0.719135802469136,0.0342679127725857,0.00453857791225416,0.995481927710843,0.970588235294118,0.004739336492891,0.0015600624024961,0.677914110429448,0.11791730474732,0.0351437699680511,0.0488549618320611,0.00457317073170732,0,0.892744479495268,0.00310077519379845,1,0,0.0376175548589342,0,0.958139534883721,0.00458715596330275,0.0362776025236593,0,0.390839694656489,0.58179012345679,0.0188976377952756,0.993690851735016,0.134281200631912,0.00636942675159236,0.612954186413902,0.416158536585366,0.204968944099379,0,0.841194968553459,0.028436018957346,0.00470957613814757,0.551083591331269,0.00460829493087558,0.0307443365695793,0.964885496183206,0,0.0168970814132104,0.00467289719626168,0.0496894409937888,0.309923664122137,0.990595611285266,0.141732283464567,0.753125,0.820723684210526,0,0.3824,0.403726708074534,0.387096774193548,0,0.707278481012658,0.0992248062015504,0.353488372093023,0.495426829268293,0.922844175491679,0,0,0.00294550810014728,0.0240601503759399,0,0.0833333333333333,0,0,0,0.00309597523219814,0,0.00315457413249211,0.252679938744257,0.490076335877863,0.00459418070444104,0,0,0.00458015267175573,0.039039039039039,0.286158631415241,0.996937212863706,0,0.119631901840491,0.420091324200913,0.00312989045383412,0.473926380368098,0.664086687306502,0,0.024653312788906,1,0.0521327014218009,0.910094637223975,0,0.992435703479576,0.880503144654088,0.498402555910543,0.0295489891135303,0,0.0570570570570571,0.0245022970903522,0.00303951367781155,0,0.933544303797468,0.0714285714285714,0.995176848874598,0.00453857791225416,0.00305810397553517,0.987692307692308,0,0.710077519379845,0.205287713841369,0.989113530326594,0.829113924050633,0.0390015600624025,0,0.998461538461539,0.0262751159196291,0.989028213166144,0.344287949921753,0.607874015748031,0,0.885625965996909,0.267295597484277,0.746130030959752,0.029320987654321,0.995283018867924,0.842266462480858,0.540098199672668,0.052710843373494,0.120426829268293,0.0407523510971787,0.251582278481013,0,0.0183767228177642,0.996932515337423,0.0324574961360124,0.6256,0.995481927710843,0.00308166409861325,0.0015625,0.00158478605388273,0.360374414976599,0.0212443095599393,0.872274143302181,0.809448818897638,0.0535433070866142,0.121495327102804,0,0,0.0126782884310618,0.0617088607594937,0.979462875197472,0.0141732283464567,0.00934579439252336,0.645608628659476,0.0791139240506329,0.285266457680251,0.110944527736132,0,0.0313479623824451,0.66510172143975,0.0046656298600311,0.00615384615384615,0,0.351648351648352,0.0294117647058824,0.996865203761755,0.325038880248834,0.625776397515528,0.191330343796712,0.307324840764331,0.0452488687782805,0.909365558912387,0.014218009478673,0.00462962962962963,0.0249221183800623,0.704472843450479,0.88646967340591,0.0123456790123457,0.00459418070444104,0,0.225460122699387,0.548837209302326,0.733017377567141,0.23125,0.00469483568075117,0.124018838304553,0.00461538461538462,0.110599078341014,0.996835443037975,0,0.184375,0.995305164319249,0.996884735202492,0.724884080370943,0,0.0122699386503067,0.0895061728395062,0.00461538461538462,0.00918836140888208,0.902668759811617,0.995341614906832,0,0,0.8265625,0.922118380062305,0.843505477308294,0,0.996884735202492,0.00306278713629403,0.423255813953488,0.71585557299843,0.00157232704402516,0.418070444104135,0.0284810126582278,0.337878787878788,0.361153262518968,0,0.00298953662182362,0.625776397515528,0.514728682170543,0.0854961832061069,0.0120300751879699,0.62095531587057,0,0.0489296636085627,0.0476923076923077,0,0.037593984962406,0.986068111455108,0.0192616372391653,0.566869300911854,0,0,0.495961227786753,0.160990712074303,0.996879875195008,0.864779874213837,0,0,0.255988023952096,0.976708074534162,0.00484652665589661,0.688449848024316,0.00930232558139535,0.996955859969559,0.614551083591331,0.669796557120501,0.139646869983949,0.896940418679549,1,0,0.958466453674121,0,0.00612557427258806,0.797788309636651,0.021021021021021,0.995305164319249,0.00478468899521531,0,0.481146304675716,0.530708661417323,0.00462962962962963,0,0.00460829493087558,0,0.607255520504732,0.0106707317073171,0,0.358346094946401,0.0140405616224649,0.25314465408805,0.0568720379146919,0.956989247311828,0,0.00461538461538462,0.742857142857143,0,0.315384615384615,0.995508982035928,0.977341389728097,0.00473186119873817,0.00470957613814757,0.00917431192660551,0.0293663060278207,0.0219435736677116,0,0.0266875981161695,0,0.648773006134969,0.712098009188361,0.0122887864823349,0.0108864696734059,0.00764525993883792,0.00757575757575758,0.0263565891472868,0.982866043613707,0.0193861066235864,0.0447530864197531,0.273570324574961,0.0214395099540582,0.00307692307692308,0.0336906584992343,0,0,0.0162481536189069,0,0.930875576036866,0.00155038759689922,0.053125,0.721003134796238,0.788461538461538,0.883435582822086,0.0795631825273011,0.00156739811912226,0.892857142857143,0.00306278713629403,0.00453857791225416,0.380368098159509,0.602391629297459,0.777777777777778,0.815668202764977,0.347758887171561,0.996946564885496,0.869565217391304,0.462015503875969,0.738244514106583,0.291411042944785,0.989180834621329,0,0.995334370139969,0.676848874598071,0.00479233226837061,0.368827160493827,0.779761904761905,0.373846153846154,0.132824427480916,0.0122137404580153,0.037156704361874,0.0205696202531646,0.00479233226837061,0.004739336492891,0.459041731066461,0.593508500772797,0.0062015503875969,0.992435703479576,0.987841945288754,0.134762633996937,0,0.00305343511450382,0.0305343511450382,0,0.880763116057234,0,0.0525502318392581,0,0.0277349768875193,0.00464396284829721,0.989329268292683,0.17007874015748,0.00305810397553517,0.368253968253968,0.3950233281493,0.121913580246914,0,0,0.0740131578947368,0.0639880952380952,0.0137825421133231,0,0,0.996845425867508,0.771739130434783,0.496884735202492,0,0.559322033898305,0,0.0788643533123028,0.00475435816164818,0.808846761453397,0.754224270353303,0,0.657770800627943,0.409657320872274,0.138198757763975,0.0393343419062027,0.240061162079511,0.995384615384615,0.0160771704180064,0.0807453416149068,0.0046875,0,0.0182926829268293,0,0.00317965023847377,0.981308411214953,0.622432859399684,0,0,0.184331797235023,0.0699523052464229,0.0622154779969651,0.287218045112782,0.968562874251497,0.990654205607477,0.164852255054432,0.170149253731343,0,0.983050847457627,0.03125,0,0.0126582278481013,0.0468277945619335,0.924731182795699,0,0.992248062015504,0.00453857791225416,0.541732283464567,0.917057902973396,0.896774193548387,0.885448916408669,0.311708860759494,0.901515151515151,0.0046583850931677,0,0.251592356687898,0.021671826625387,0,0,0.995495495495496,0,0.996899224806202,0.00308166409861325,0.288888888888889,0.998402555910543,0.996870109546166,0.474842767295597,0.0484375,0.557959814528594,0.00153846153846154,0.993610223642173,0.0529695024077047,0.00772797527047913,0,0.81042654028436,0.989505247376312,0.993670886075949,0.98,0.995426829268293,0,0.00153374233128834,0.985981308411215,0.00623052959501558,0.00318979266347687,0.0263157894736842,0.00606060606060606,0.00154798761609907,0.987635239567233,0.0122324159021407,0.996815286624204,0.993779160186625,0,0.990769230769231,0.0498489425981873,0.995405819295559,0.90937019969278,0.996974281391831,0.995319812792512
"631",0.00317460317460317,0.00156494522691706,0,0.00157728706624606,0.00158730158730159,0.00317965023847377,0.0143540669856459,0.0015527950310559,0.00309597523219814,0.996840442338073,0.0031201248049922,0.998442367601246,0.00155763239875389,0.0032,0,0,0.996889580093313,0.990580847723705,0.0032,0.00153846153846154,0,0,0.0031104199066874,0.998447204968944,0.00152905198776758,0,0.00158227848101266,0.0016,0.00154083204930663,0.00154559505409583,0,0,0,0.0015527950310559,0.996908809891808,0.00311526479750779,0.978560490045942,0.0030441400304414,0.00149700598802395,0.00304878048780488,0.998427672955975,0.9890625,1,0.00156985871271586,0.00160771704180064,0,0,0,0.00153374233128834,0.00151285930408472,0.996918335901387,0.00312989045383412,0,0.00311526479750779,0.0157977883096366,0,0.998402555910543,0.00316957210776545,0.00618238021638331,0.00153846153846154,0.00156739811912226,0.00154559505409583,0,0.998410174880763,0.0031496062992126,0.0031055900621118,0.998435054773083,0.00316455696202532,0.996904024767802,0,0,0,0,0.00152671755725191,0.998473282442748,0.00152671755725191,0,0.00153139356814701,0.00159235668789809,0,0.996879875195008,0,0,0.00305810397553517,0.00156985871271586,0.00154320987654321,0.00155038759689922,0.00154083204930663,0.00623052959501558,0.99537037037037,0,0,0.998435054773083,0.996865203761755,0.00159489633173844,0.996830427892235,0.0216383307573416,0.0031104199066874,0.998422712933754,0.998442367601246,0.0125391849529781,0.996870109546166,0.0015600624024961,0.0015748031496063,0,0.0016025641025641,0.995245641838352,0.00619195046439629,0,0,0,0.0159235668789809,0,0.00313971742543171,0.998387096774194,0.00316957210776545,0,0.996941896024465,0,0,0.998473282442748,0,0.00156494522691706,0,0.00156739811912226,0,0.00153139356814701,0.00153139356814701,0.996875,0.00940438871473354,0.00314465408805031,0.00159489633173844,0.00158982511923688,0.996879875195008,0.0032258064516129,0,0.998447204968944,0,0,0.00946372239747634,0.996784565916399,0.996815286624204,0.0031055900621118,0.0031104199066874,0,0.00313971742543171,0,0.00155763239875389,0,0,0,0.00309597523219814,0.00319488817891374,0,0.00311526479750779,0,0.00308641975308642,0,0.998454404945904,0.0031496062992126,0.00606980273141123,0.00153609831029186,0,1,0.00306278713629403,0,0.0032258064516129,0.00308166409861325,0.00307692307692308,0,0.00307692307692308,0,0.00154320987654321,0,0.00470957613814757,0,0.996870109546166,0.00153374233128834,1,0.0015600624024961,0.00312989045383412,0,0.0015527950310559,0.00308641975308642,0.00151285930408472,0.00307219662058372,0,0,0.00157977883096367,0.00157728706624606,0,0,0,0.0247678018575851,0.996969696969697,0.998420221169036,0.00157232704402516,0.998430141287284,0.00153374233128834,0,0.0158478605388273,0.00153846153846154,0.00303490136570561,0.00157232704402516,0.00154559505409583,0.0015748031496063,0.00157232704402516,0.00157728706624606,0.00153846153846154,0.996825396825397,0.00312989045383412,0,0,0,0,0.00630914826498423,0.0031104199066874,0.00305343511450382,0,0.00312989045383412,0.00306278713629403,0.996865203761755,0,0.00154798761609907,0.0016,0.998432601880878,0.00308166409861325,0,0.00622083981337481,0,0.003125,0.00324149108589951,0.018957345971564,1,0.016793893129771,0,0.00160513643659711,0,0.00151057401812689,0.00313971742543171,0.0031055900621118,0.00315955766192733,0.00154083204930663,0,0.00154083204930663,0,0,0,0,0,0,0,0,0,0,0.00153846153846154,0,0.00158730158730159,0.995253164556962,0,0.998470948012232,0.00316957210776545,0.00315457413249211,0.00158478605388273,0.00155038759689922,0.998447204968944,0.00318979266347687,0.00606060606060606,0,0,0,0.0015748031496063,0.995334370139969,0.00317460317460317,0,0,0.0015625,0,0.0015527950310559,0,0,0.00308166409861325,0.00328947368421053,0.0158478605388273,0.996974281391831,0,0.0174050632911392,0.996875,0,0.0136986301369863,0.00473186119873817,0.996951219512195,0,0,0.00157977883096367,0,0,0.996865203761755,0.0154320987654321,0.00315457413249211,0.00151975683890578,0,0.0015748031496063,0.00151745068285281,0,0.00154320987654321,0.00154798761609907,0,0.00157232704402516,0.0015748031496063,0.00322061191626409,0.00313971742543171,0,0.00154798761609907,0.00157232704402516,0.00635930047694754,0.00162866449511401,0.957511380880121,0,0.00311526479750779,0,0,0.00312989045383412,0.00313479623824451,0.00310077519379845,0,0.00308641975308642,0,0.0015552099533437,0.0032,0.998452012383901,0,0.0110584518167457,0,0.956923076923077,0,0.0015552099533437,0,0,0.996941896024465,0,0.00316455696202532,0,0.00325732899022801,0.00154798761609907,0.00313479623824451,0.00159744408945687,0.0016,0.00158730158730159,0,0.996908809891808,0.00310077519379845,0,0,0,0.00311526479750779,0,0.996894409937888,0,0,0,0.0015552099533437,0.00313971742543171,0,0.00324675324675325,0,0.996894409937888,0.00148367952522255,0,0.00307219662058372,0.00307692307692308,0.00317965023847377,0,0.00153374233128834,0,0.00313479623824451,0.00157977883096367,0.00308166409861325,0.00307219662058372,0.00471698113207547,0.00155763239875389,0.00313971742543171,0.00304878048780488,0,0.00154083204930663,0.00313479623824451,0.00307692307692308,0,0.00314465408805031,0.0032,0,0.00306748466257669,0.996825396825397,0,0.00310077519379845,0,0.996840442338073,0.00157728706624606,0.998420221169036,0,0.00153609831029186,0.00154320987654321,1,0.0111111111111111,0,0.00314465408805031,0,0.00160771704180064,0.00158730158730159,0.00158227848101266,0.00154320987654321,0.00157728706624606,0.998407643312102,0,0.0031496062992126,0.00155763239875389,0,0.00310077519379845,0.00324149108589951,0,0.996894409937888,0.00308166409861325,0.00157977883096367,0.00156739811912226,0.00153609831029186,0,0.0062402496099844,0.0015625,0.0132013201320132,1,0.00159489633173844,0.00156494522691706,0.00153846153846154,0.996960486322188,0,0,0.0015625,0,0,0.998452012383901,1,0.0015015015015015,0.00307692307692308,0.996894409937888,0.00154320987654321,0.996840442338073,0.996918335901387,0.996794871794872,0.00315457413249211,0.998444790046656,0.0016025641025641,0.0031104199066874,0.00766871165644172,0.00303951367781155,0.998402555910543,0.998402555910543,0.00154798761609907,0.00152671755725191,0.0015527950310559,0,1,0.0199081163859112,0.00153139356814701,0.00308641975308642,0,0,0.998452012383901,0.00309597523219814,0,0.00157977883096367,0,0.998463901689708,0,0.00157728706624606,0,0.00310077519379845,0.998435054773083,0.00304878048780488,0.00310077519379845,0.00306748466257669,0.998412698412698,0,0.00327868852459016,0,0.00308166409861325,0.00154798761609907,0,0.00311526479750779,0.0015625,0.00157232704402516,0,0.00158478605388273,0.0015600624024961,0.995283018867924,0,0.00155038759689922,0,0,0.00946372239747634,0.996913580246914,0,0.0032,0.0015220700152207,0.00157977883096367,0,0,0,0.00152671755725191,0.00153139356814701,0.00312989045383412,0.00158730158730159,0.996884735202492,0.00152671755725191,0,0.0031201248049922,0.00636942675159236,0,0.003125,0.003125,0.00158730158730159,0,0.00309119010819165,0,0,0.00315457413249211,0.0171073094867807,0.998475609756098,0.996835443037975,0.00156985871271586,0.00323624595469256,0,0.00318471337579618,0.00310077519379845,0,0.00158227848101266,0.0015748031496063,0.0151975683890578,0.998470948012232,0.0015600624024961,0.0158227848101266,0.0015600624024961,0.00318979266347687,0.998484848484849,0.0015748031496063,0.00159235668789809,0,0.00156739811912226,0,0.00298507462686567,0.00157977883096367,0.00151745068285281,0,0.00318471337579618,0.00308166409861325,0.0015600624024961,0.0159235668789809,0.0238853503184713,0.0031201248049922,0.00152905198776758,0.998482549317147,0.0015552099533437,0.00154798761609907,0,0,0.0031055900621118,0.00154798761609907,0.00309119010819165,0.77217125382263,0,0.996913580246914,0.00156494522691706,0,0,0,0.9984375,0.0031496062992126,0,0.00309119010819165,0.00152905198776758,0,0,0.996974281391831,0.996884735202492,0,0,0,0.996884735202492,0,0.00308641975308642,0.571207430340557,0.00158227848101266,0.00158730158730159,0.00934579439252336,0.00314465408805031,0.00154320987654321,0,0.998444790046656,0.00149700598802395,0.00158227848101266,0.00155038759689922,0.00768049155145929,0.00305343511450382,0,0.9953125,0.00309597523219814,0.00303490136570561,0.998420221169036,0.00462249614791988,0,0.00161030595813205,0,0.998430141287284,0.998470948012232,0.00163398692810458,0.00157977883096367,0,0,0.998447204968944,0.998373983739837,0.00149925037481259,0,0.00318979266347687,0,0.00310077519379845,0,0.00156985871271586,0,0.00479233226837061,0,0,1,0,0.996865203761755,0.00303030303030303,0.15112540192926,0.00303030303030303,0,0.00159235668789809,0.996932515337423,0,0.00156985871271586,0.00308166409861325,0.996879875195008,0.00308641975308642,0.996830427892235,0,0.00309597523219814,0.996923076923077,0.0171073094867807,0,0,0.00157977883096367,0,0.996850393700787,0.00314465408805031,0,0.996965098634294,0,0,0,0.00157232704402516,0.00157232704402516,0.00152439024390244,0.00632911392405063,0.00311526479750779,0.996870109546166,0.00312989045383412,0.98297213622291,0.0205371248025276,0,0.00156494522691706,0.0015625,0.00150602409638554,0.00303490136570561,0.929339477726575,0,0.00164744645799012,0.0015600624024961,0.0031104199066874,0.00307692307692308,0.00152905198776758,0.00153374233128834,0.996941896024465,0.996923076923077,0.0029806259314456,0.996955859969559,0,0.995283018867924,0.0031201248049922,0,0.0016,0,0.00158982511923688,0.996908809891808,0,0.00313971742543171,0.00308166409861325,0,0.00149253731343284,0,0,0,0,0,0.00156985871271586,0,0.00308166409861325,0,0.996845425867508,0,0.0189274447949527,0.00158982511923688,0.0346456692913386,0.0015015015015015,0,0.0060882800608828,0.00301204819277108,0.00494233937397035,0.00158227848101266,0,0.00158982511923688,0,0,0.0031496062992126,0,0,0.00309119010819165,0.995412844036697,0.00308641975308642,0.00305343511450382,0.998427672955975,0,0.998427672955975,0.0015625,0.998371335504886,0.00308641975308642,0.00156739811912226,0,0.00159235668789809,0.00304878048780488,0.00159744408945687,0.0015527950310559,0.0203761755485893,0.996904024767802,0.996889580093313,0.0016025641025641,0.00149476831091181,0.00152905198776758,0.996946564885496,0.996889580093313,0,0,0.00156494522691706,0.99685534591195,0,1,0.00158478605388273,0.00313971742543171,0.0307443365695793,0,0.996960486322188,0.00156985871271586,0,0.00312989045383412,0.00154083204930663,0.00155763239875389,0,0.00324149108589951,0.88871473354232,0.00322061191626409,0.998394863563403,0.00303490136570561,1,0.0032258064516129,0,0.366129032258065,0.996923076923077,0.998412698412698,0.0015552099533437,0.0032,0.0138461538461538,0,0,0,0,0.00307219662058372,0.996815286624204,0,0.00157232704402516,0.998456790123457,0.00321543408360129,0.00153846153846154,0,0.96551724137931,0,0.00309119010819165,0,0,0,0,0.00161030595813205,0.00152671755725191,0.0015552099533437,0.996875,0.003125,0.0015552099533437,1,0.998459167950693,0,0.996884735202492,0,0.00154559505409583,0,0,0,0.0063391442155309,0.0064,0.00154559505409583,0.958715596330275,0,0.909967845659164,0.979969183359014,0.9984375,0.155309033280507,0,0,0.00625,0,0.956112852664577,0.952012383900929,0,0.981102362204724,0.992150706436421,0.957413249211357,0.977168949771689,0.951863354037267,0,0.975346687211094,0,0,0.959742351046699,0,0.930875576036866,0,0.0504731861198738,0,0
"632",0.0483091787439614,0.0364500792393027,0.0676100628930818,0.102773246329527,0.053484602917342,0.0440456769983687,0.140575079872204,0.069620253164557,0.0371517027863777,0,0.0446570972886762,0,0.456556082148499,0.0441176470588235,0.918918918918919,0.971291866028708,0,0.00159489633173844,0.0386473429951691,0.0561797752808989,0.834130781499203,0.944170771756979,0.0550314465408805,0,0.0900473933649289,0.74481658692185,0.894819466248038,0.0484652665589661,0.540958268933539,0.328050713153724,0.960815047021944,0.34775641025641,0.273021001615509,0.785483870967742,0,0.0393081761006289,0.00626959247648903,0.046031746031746,0.741301059001513,0.129485179407176,0,0,0,0.0418006430868167,0.251623376623377,0.942947702060222,0.500805152979066,0.961661341853035,0.546165884194053,0.836166924265842,0,0.05103668261563,0.735909822866345,0.0448,0.141924959216966,0.817589576547231,0,0.0738362760834671,0.0811232449297972,0.133228840125392,0.765451664025357,0.569620253164557,0.961290322580645,0,0.138263665594855,0.218604651162791,0,0.0560897435897436,0,0.96,0.181962025316456,0.952456418383518,0.94896331738437,0.0391236306729265,0,0.32753164556962,0.925632911392405,0.451816745655608,0.12987012987013,0.740432612312812,0,0.330218068535826,0.775,0.0424528301886792,0.855325914149444,0.130434782608696,0.0430622009569378,0.0680379746835443,0.0628930817610063,0,0.0497592295345104,0.0410742496050553,0,0,0.0620915032679739,0,0.698587127158556,0.053968253968254,0,0,0.384863123993559,0,0.713365539452496,0.0429936305732484,0.873651771956857,0.0388978930307942,0,0.0590111642743222,0.956730769230769,0.954186413902054,0.956589147286822,0.128367670364501,0.674085850556439,0.0494417862838915,0,0.0538827258320127,0.342356687898089,0,0.960254372019078,0.762820512820513,0,0.268987341772152,0.758675078864353,0.978618421052632,0.0612244897959184,0.84384858044164,0.0470219435736677,0.0453074433656958,0,0.47244094488189,0.107424960505529,0.521739130434783,0.0423452768729642,0,0.0450885668276973,0.941915227629513,0,0.792663476874003,0.378763866877971,0.504901960784314,0,0,0.0590111642743222,0.269537480063796,0.806763285024155,0.045958795562599,0.956521739130435,0.115506329113924,0.595161290322581,0.0542635658914729,0.854604200323102,0.0556438791732909,0.0434083601286174,0.211356466876972,0.0425867507886435,0.958064516129032,0.0443740095087163,0.952922077922078,0,0.293075684380032,0.167177914110429,0.0554675118858954,0.940345368916798,0,0.0449612403100775,0.551612903225806,0.0373376623376623,0.0373831775700935,0.0328638497652582,0.770440251572327,0.0690208667736758,0.966237942122186,0.0879120879120879,0.966049382716049,0.144012944983819,0.640378548895899,0,0.0518867924528302,0,0.1828125,0.0398089171974522,0.853697749196141,0.0520504731861199,0.0933125972006221,0.0519083969465649,0.0579029733959311,0.874608150470219,0.629107981220657,0.110016420361248,0.0938511326860841,0.914556962025316,0.955766192733017,0.0600649350649351,0.176282051282051,0,0,0.720967741935484,0,0.0419254658385093,0.740279937791602,0.1584,0.281645569620253,0.0543478260869565,0.584142394822006,0.580495356037152,0.725961538461538,0.107667210440457,0.0731319554848967,0.154205607476636,0,0.160883280757098,0.816693944353519,0.0910543130990415,0.965244865718799,0.8984375,0.488782051282051,0.0533980582524272,0.062015503875969,0.214626391096979,0.0410094637223975,0.14171974522293,0,0.899841017488076,0.365777080062794,0.046031746031746,0,0.0559006211180124,0.0587326120556414,0.465079365079365,0.459459459459459,0.0542264752791069,0.0361842105263158,0.629570747217806,0,0.139498432601881,0.5072,0.070957095709571,0.965079365079365,0.0760869565217391,0.0437601296596434,0.0382165605095541,0.0848,0.480252764612954,0.960912052117264,0.0753532182103611,0.469745222929936,0.95852534562212,0.955177743431221,0.783783783783784,0.959627329192547,0.829268292682927,0.328149300155521,0.962204724409449,0.95748031496063,0.952153110047847,0.436420722135008,0.917874396135266,0.0564516129032258,0,0.95748031496063,0,0.769105691056911,0.0327332242225859,0.0613207547169811,0.134281200631912,0,0.171849427168576,0.175548589341693,0.351437699680511,0.4296875,0.566510172143975,0.55591054313099,0,0.0328947368421053,0.88503937007874,0.334431630971993,0.0824088748019017,0.954616588419405,0.283464566929134,0.965244865718799,0.851030110935024,0.0388198757763975,0.040983606557377,0.146774193548387,0,0.3765625,0.134920634920635,0,0.959311424100156,0.133956386292835,0.0606060606060606,0,0.9609375,0.962732919254658,0.0565428109854604,0.153225806451613,0.960720130932897,0,0.619047619047619,0.0511182108626198,0.241112828438949,0.616352201257862,0.379644588045234,0.0676100628930818,0.950715421303657,0.0425196850393701,0.0382165605095541,0.958064516129032,0.0777777777777778,0.0351437699680511,0.066884176182708,0.045958795562599,0.819334389857369,0.690625,0.72755905511811,0.0608974358974359,0.0960912052117264,0.00471698113207547,0.738709677419355,0.0617088607594937,0.824451410658307,0.702160493827161,0.0381558028616852,0.0468497576736672,0.0700636942675159,0.334426229508197,0.0394944707740916,0.752012882447665,0.0768025078369906,0.0373376623376623,0,0.688473520249221,0.456451612903226,0.947619047619048,0.00467289719626168,0.957613814756672,0.128205128205128,0.949685534591195,0.960629921259842,0,0.781499202551834,0.0484652665589661,0.89589905362776,0.0549084858569052,0.0781499202551834,0.0511182108626198,0.719551282051282,0.723856209150327,0.356120826709062,0.544093178036606,0,0.219047619047619,0.952160493827161,0.935534591194969,0.783699059561129,0.0380952380952381,0.959183673469388,0,0.67515923566879,0.95125786163522,0.940789473684211,0.537242472266244,0.0416666666666667,0.720257234726688,0.0347107438016529,0.074313408723748,0,0.0503048780487805,0.963722397476341,0.04,0.206842923794712,0.0442622950819672,0.94912559618442,0.0671875,0.960191082802548,0.153488372093023,0.31378763866878,0.0933125972006221,0.060126582278481,0.0410094637223975,0.7184,0.0736,0.0340030911901082,0.962962962962963,0.952305246422893,0.0387722132471729,0.0392464678178964,0.68621236133122,0.150159744408946,0.0696920583468395,0.0863422291993721,0.0417310664605873,0,0.874388254486134,0.0364500792393027,0.971563981042654,0,0.08,0,0.920967741935484,0.0359375,0.0691318327974277,0,0.383870967741935,0.592295345104334,0.0590111642743222,0.954248366013072,0.179032258064516,0.0437601296596434,0.635048231511254,0.420970266040689,0.255591054313099,0,0.8336,0.0556464811783961,0.0429252782193959,0.564873417721519,0.0361635220125786,0.0559210526315789,0.940345368916798,0,0.0533751962323391,0.0416,0.0825396825396825,0.354889589905363,0.951534733441034,0.169354838709677,0.775477707006369,0.806988352745424,0,0.404186795491143,0.432601880877743,0.412225705329154,0,0.719211822660099,0.118589743589744,0.386895475819033,0.509375,0.904615384615385,0,0,0.037821482602118,0.0659340659340659,0,0.120253164556962,0,0,0,0.036741214057508,0,0.0456026058631922,0.2544,0.497681607418856,0.0375,0,0,0.0468497576736672,0.0749235474006116,0.299212598425197,0.959183673469388,0,0.150470219435737,0.4328125,0.0456692913385827,0.496050552922591,0.64968152866242,0,0.0554675118858954,0.957860615883306,0.0809061488673139,0.877813504823151,0,0.957317073170732,0.846774193548387,0.57,0.0602218700475436,0,0.101088646967341,0.0638629283489097,0.0410094637223975,0,0.898026315789474,0.100993377483444,0.968595041322314,0.0373831775700935,0.0391849529780564,0.953125,0.0375,0.716323296354992,0.229299363057325,0.952,0.831147540983607,0.0814696485623003,0,0.957278481012658,0.0660377358490566,0.956168831168831,0.38474025974026,0.604538087520259,0,0.858044164037855,0.294022617124394,0.75,0.0583596214511041,0.964516129032258,0.852201257861635,0.562189054726368,0.0967238689547582,0.141965678627145,0.0723270440251572,0.288998357963875,0,0.0594679186228482,0.958139534883721,0.0746031746031746,0.617405582922824,0.962790697674419,0.040625,0.0418006430868167,0.04,0.389857369255151,0.053968253968254,0.847020933977456,0.807073954983923,0.0890302066772655,0.154574132492114,0,0,0.0463258785942492,0.0952380952380952,0.947030497592295,0.0568181818181818,0.0475435816164818,0.662420382165605,0.111642743221691,0.2914653784219,0.142410015649452,0,0.0668789808917197,0.663961038961039,0.0411392405063291,0.0431309904153355,0,0.384984025559105,0.0714285714285714,0.9616,0.344391785150079,0.641838351822504,0.231117824773414,0.334394904458599,0.0846153846153846,0.886645962732919,0.0540098199672668,0.0423197492163009,0.059375,0.704065040650407,0.862619808306709,0.046031746031746,0.036979969183359,0,0.253894080996885,0.583201267828843,0.744444444444444,0.273010920436817,0.0398724082934609,0.162118780096308,0.0408805031446541,0.108527131782946,0.960066555740433,0,0.211783439490446,0.953376205787781,0.962323390894819,0.715189873417722,0,0.0494417862838915,0.125,0.0385852090032154,0.0414012738853503,0.876996805111821,0.96031746031746,0,0,0.812091503267974,0.933977455716586,0.818897637795276,0,0.952681388012618,0.0357698289269051,0.417322834645669,0.720893141945773,0.0353697749196141,0.427215189873418,0.0649762282091918,0.3515625,0.375572519083969,0,0.0349544072948328,0.62258064516129,0.533980582524272,0.117465224111283,0.0516431924882629,0.628930817610063,0,0.0917721518987342,0.0873634945397816,0,0.0618238021638331,1,0.0528925619834711,0.568720379146919,0,0,0.511627906976744,0.213247172859451,0.959311424100156,0.846278317152104,0,0,0.28129829984544,0.95024077046549,0.0403361344537815,0.678288431061807,0.0504731861198738,0.957680250783699,0.68370607028754,0.672985781990521,0.168810289389068,0.884364820846905,0.958466453674121,0,1,0,0.0482866043613707,0.769357495881384,0.0570987654320988,0.959935897435897,0.0341463414634146,0,0.503105590062112,0.5408,0.0408805031446541,0,0.0387596899224806,0,0.612012987012987,0.0467289719626168,0,0.348101265822785,0.0570032573289902,0.285714285714286,0.0889967637540453,0.927131782945736,0,0.0383386581469649,0.739549839228296,0,0.357142857142857,0.959876543209877,0.94392523364486,0.0366826156299841,0.0401929260450161,0.0486656200941915,0.0636942675159236,0.0513643659711075,0,0.064,0.00156739811912226,0.6453125,0.727272727272727,0.0388802488335925,0.0505529225908373,0.0421875,0.046875,0.0327613104524181,0.9456,0.0526315789473684,0.0846394984326019,0.314814814814815,0.0634920634920635,0.0423197492163009,0.0712025316455696,0,0,0.0527131782945736,0,0.913522012578616,0.00158478605388273,0.0923566878980892,0.724422442244224,0.801626016260163,0.853543307086614,0.116504854368932,0.00156985871271586,0.861685214626391,0.0362204724409449,0.0421216848673947,0.385852090032154,0.596358118361153,0.774045801526718,0.803149606299213,0.365384615384615,0.959055118110236,0.848818897637795,0.478605388272583,0.746006389776358,0.331761006289308,0.949526813880126,0,0.957996768982229,0.67862969004894,0.033003300330033,0.371695178849145,0.770769230769231,0.402208201892744,0.163779527559055,0.0460122699386503,0.0838815789473684,0.0557324840764331,0.0458265139116203,0.0385852090032154,0.491883116883117,0.58814352574103,0.0383386581469649,0.961890243902439,0.953632148377125,0.161949685534591,0,0.0421875,0.0635658914728682,0,0.87192118226601,0,0.0894568690095847,0,0.0665610142630745,0.041335453100159,0.957345971563981,0.1957928802589,0.0387596899224806,0.367047308319739,0.3712,0.150882825040128,0,0,0.0964052287581699,0.103030303030303,0.0534591194968553,0,0,0.967213114754098,0.771028037383178,0.515923566878981,0,0.5696,0,0.118210862619808,0.0384615384615385,0.792880258899676,0.762870514820593,0,0.660130718954248,0.439370078740157,0.17329093799682,0.0795631825273011,0.25314465408805,0.963722397476341,0.0485436893203883,0.0882825040128411,0.0457516339869281,0,0.053125,0,0.0432692307692308,0.940609951845907,0.598387096774194,0,0,0.207488299531981,0.108414239482201,0.0951638065522621,0.328638497652582,0.944024205748865,0.951923076923077,0.215530903328051,0.189230769230769,0,0.9424,0.0749601275917065,0,0.0506535947712418,0.0824261275272162,0.924290220820189,0.00158730158730159,0.956937799043062,0.0429252782193959,0.544426494345719,0.899841017488076,0.874794069192751,0.863849765258216,0.338762214983713,0.86748844375963,0.0420032310177706,0,0.282988871224165,0.0580847723704867,0,0,0.963076923076923,0,0.961844197138315,0.0452418096723869,0.328382838283828,0.964343598055105,0.96031746031746,0.480582524271845,0.0829268292682927,0.56782334384858,0,0.958881578947368,0.0436893203883495,0.00946372239747634,0,0.784469096671949,0.955725190839695,0.954983922829582,0.949764521193093,0.957746478873239,0.00326797385620915,0.00313971742543171,0.946708463949843,0.00637958532695375,0.00325732899022801,0.0268987341772152,0.00623052959501558,0.0015748031496063,0.953525641025641,0.0126382306477093,0.955665024630542,0.959055118110236,0.00158478605388273,0.955974842767296,0.0457317073170732,0.960063897763578,0.875590551181102,0.961119751166407,0.963317384370016
"633",0,0,0,0,0,0,0.0141732283464567,0.00152439024390244,0,1,0,1,0,0,0,0,1,0.981132075471698,0,0,0,0,0,1,0,0,0,0.00159235668789809,0,0,0,0,0.00157728706624606,0,1,0,0.975232198142415,0,0,0,0.998425196850394,0.981279251170047,0.993788819875776,0,0,0,0,0,0,0,1,0,0,0,0.0141287284144427,0,1,0,0.00155038759689922,0,0,0,0,1,0,0,1,0,1,0,0,0,0,0,1,0.00153846153846154,0,0,0.00156985871271586,0,1,0,0,0,0,0,0,0,0.00309597523219814,0.986322188449848,0,0,1,1,0,1,0.0185758513931889,0,0.990853658536585,0.990610328638498,0.00938967136150235,1,0,0,0,0,0.988871224165342,0.00153609831029186,0,0,0,0.0123456790123457,0,0,1,0,0,1,0,0,1,0.00155763239875389,0,0,0,0,0,0,1,0.00463678516228748,0,0,0,1,0,0,1,0,0,0.00476947535771065,1,1,0,0,0,0,0,0,0,0,0,0,0,0,0,0,0,0,1,0,0.00610687022900763,0,0,1,0,0,0,0,0,0,0,0,0,0,0.0031201248049922,0,1,0,1,0,0,0,0,0,0,0,0,0,0,0,0,0,0,0.0186046511627907,1,1,0,0.998442367601246,0,0,0.00947867298578199,0,0,0,0,0,0,0,0.00153139356814701,1,0,0,0,0,0,0.00154083204930663,0,0,0.0015600624024961,0,0,1,0,0,0,1,0,0,0.00473186119873817,0,0,0,0.0156739811912226,1,0.0121212121212121,0,0,0,0,0,0,0,0,0,0,0,0,0,0,0,0,0,0,0,0,0,0,0,0.9875,0,1,0.00474683544303797,0,0,0,1,0.00158730158730159,0.00310077519379845,0,0,0,0,0.987654320987654,0,0,0,0,0,0,0,0,0,0,0.0111642743221691,1,0,0.0141509433962264,1,0,0.0135542168674699,0.00156494522691706,1,0,0,0,0,0,1,0.0168970814132104,0,0,0,0,0,0,0,0,0,0,0,0,0,0,0,0,0.00158227848101266,0,0.945904173106646,0,0,0,0,0,0,0,0,0,0,0,0,1,0,0.009375,0,0.940639269406393,0,0,0,0,1,0,0,0,0,0,0,0,0,0,0,1,0,0,0,0,0,0,1,0,0,0,0.00312989045383412,0,0,0,0,1,0,0,0,0,0,0,0,0,0,0,0,0,0.00308641975308642,0,0,0,0,0,0,0,0,0,0,0,0,1,0,0,0,1,0,0.988871224165342,0,0,0,0.995238095238095,0.00782472613458529,0,0,0,0,0,0,0,0,1,0,0.00159235668789809,0,0,0,0,0,1,0,0,0,0,0,0.00622083981337481,0,0.0131795716639209,0.993827160493827,0,0,0,1,0,0.00154559505409583,0,0,0,1,1,0,0,1,0,0.988782051282051,1,1,0,1,0,0.00155763239875389,0.0045662100456621,0,1,1,0,0,0,0,0.996815286624204,0.0168195718654434,0,0,0,0,1,0,0,0.00158478605388273,0,1,0,0,0,0,1,0,0,0,1,0,0,0,0,0,0,0,0,0,0,0.00159489633173844,0,0.987616099071207,0,0,0,0,0.0124223602484472,1,0,0.00316957210776545,0,0,0,0,0,0,0,0,0,1,0,0,0,0.00317965023847377,0,0,0,0,0,0,0,0,0,0.0124223602484472,1,1,0,0,0,0,0,0,0,0,0.0137825421133231,1,0,0.0141287284144427,0,0,1,0,0,0,0.00159744408945687,0,0,0,0,0,0.00321027287319422,0,0,0.0145161290322581,0.0231481481481481,0,0,0.990839694656489,0,0,0,0,0,0,0,0.771472392638037,0,1,0.00157232704402516,0,0,0,1,0,0,0,0,0,0,1,1,0,0,0,1,0,0,0.560185185185185,0,0,0.00771604938271605,0,0,0,1,0,0,0,0.00601503759398496,0,0,0.989214175654854,0,0,1,0,0,0,0,1,0.989147286821705,0,0,0,0,0.987519500780031,0.998394863563403,0,0,0,0,0,0,0,0,0.00635930047694754,0,0,0.996865203761755,0,1,0,0.159420289855072,0.00150829562594268,0,0,1,0,0,0,1,0,1,0,0,1,0.0199692780337942,0,0,0.00157977883096367,0,1,0,0,1,0,0,0,0,0,0,0.0031201248049922,0.00156494522691706,1,0,0.975270479134467,0.0169230769230769,0,0,0,0,0,0.913312693498452,0,0,0,0,0,0,0,1,1,0,1,0,1,0,0,0,0,0,0.9984375,0,0,0,0,0,0,0,0,0,0,0,0,0,0,1,0,0.018957345971564,0,0.0292758089368259,0,0,0.00610687022900763,0,0.00160771704180064,0,0,0,0,0,0,0,0,0.0031055900621118,0.987748851454824,0,0,1,0,1,0,1,0,0,0,0,0,0.00154559505409583,0,0.0155038759689922,1,1,0,0,0,1,1,0,0,0,1,0,1,0,0,0.03125,0,1,0,0,0,0,0,0,0,0.90625,0,1,0,0.992211838006231,0,0,0.363779527559055,1,1,0.00154559505409583,0,0.00766871165644172,0,0,0,0,0,1,0,0,1,0,0,0,0.953416149068323,0,0,0,0,0,0,0,0,0,1,0,0,0.996860282574568,1,0,1,0,0,0,0,0,0.00318979266347687,0.0031201248049922,0,0.94954128440367,0,0.892913385826772,0.970404984423676,1,0.158385093167702,0,0,0.00461538461538462,0,0.94488188976378,0.939117199391172,0,0.972049689440994,0.992063492063492,0.942812982998454,0.967492260061919,0.9375,0,0.963893249607535,0,0,0.950540958268934,0,0.924499229583975,0,0.0552995391705069,0,0
"634",0.993836671802773,0.995419847328244,0.973013493253373,0.936728395061728,0.982731554160126,0.996845425867508,0.894171779141104,0.970724191063174,0.995502248875562,0,0.993920972644377,0,0.576687116564417,0.993817619783617,0.047040971168437,0.0121028744326778,0,0.0137404580152672,0.992272024729521,0.980122324159021,0.158850226928896,0.0375,0.984962406015038,0,0.961077844311377,0.254992319508449,0.106707317073171,0.982785602503912,0.460269865067466,0.696646341463415,0.00300751879699248,0.695121951219512,0.7703125,0.281391830559758,0,0.995461422087746,0.0180995475113122,0.98937784522003,0.263157894736842,0.896296296296296,0.00152439024390244,0.0151285930408472,0.0075642965204236,0.993769470404984,0.784,0.0246913580246914,0.498447204968944,0.0046875,0.476261127596439,0.133233532934132,0,0.986196319018405,0.27190332326284,0.99390243902439,0.885093167701863,0.15527950310559,0,0.970358814352574,0.960665658093797,0.904109589041096,0.293577981651376,0.431164901664145,0.0046801872074883,0,0.891135303265941,0.833082706766917,0,0.987692307692308,0,0.00460829493087558,0.855842185128983,0.00911854103343465,0.02,0.993966817496229,0,0.721556886227545,0.0455235204855842,0.57814871016692,0.8984375,0.268174474959612,0,0.698650674662669,0.208823529411765,0.992435703479576,0.114803625377644,0.91553544494721,0.990922844175492,0.969512195121951,0.965361445783133,0.0104011887072808,0.982839313572543,0.993808049535604,0,0,0.968701095461659,0,0.298192771084337,0.981651376146789,0.00914634146341463,0.0106382978723404,0.602782071097372,0,0.290220820189274,0.995391705069124,0.108630952380952,0.993700787401575,0.00930232558139535,0.97239263803681,0.0015552099533437,0.00765696784073507,0.0137614678899083,0.90937019969278,0.329754601226994,0.989425981873112,0,0.984894259818731,0.704309063893016,0,0.00464396284829721,0.235023041474654,0,0.770061728395062,0.250379362670713,0.0847723704866562,0.974203338391502,0.153153153153153,0.995495495495496,0.990867579908676,0,0.538109756097561,0.934782608695652,0.493788819875776,0.986111111111111,0,0.9875,0.0316265060240964,0,0.209048361934477,0.613354037267081,0.506289308176101,0,0,0.974164133738602,0.754601226993865,0.167721518987342,0.995356037151703,0.0123076923076923,0.921013412816691,0.408385093167702,0.980683506686478,0.136291600633914,0.980273141122914,0.996918335901387,0.847201210287443,0.98936170212766,0.00473186119873817,0.99390243902439,0.00460829493087558,0,0.742681047765794,0.87856071964018,0.978851963746224,0.0223880597014925,0,0.996992481203008,0.446345256609642,0.993740219092332,0.995475113122172,0.995461422087746,0.289747399702823,0.973966309341501,0.00771604938271605,0.952095808383233,0.00595238095238095,0.9,0.364188163884674,0,0.977168949771689,0,0.851127819548872,0.995475113122172,0.137984496124031,0.980030721966206,0.946808510638298,0.985207100591716,0.977511244377811,0.0906344410876133,0.37593984962406,0.927131782945736,0.942277691107644,0.0541795665634675,0.0106382978723404,0.97984496124031,0.854517611026034,0,0,0.290769230769231,0.00151057401812689,0.994047619047619,0.254135338345865,0.877519379844961,0.753403933434191,0.989520958083832,0.429457364341085,0.440242057488654,0.289230769230769,0.917956656346749,0.958652373660031,0.884384384384384,0,0.88109756097561,0.180404354587869,0.940345368916798,0.00614439324116743,0.072289156626506,0.524096385542169,0.976923076923077,0.974512743628186,0.831288343558282,0.996941896024465,0.891271056661562,0,0.0741301059001513,0.652694610778443,0.987635239567233,0,0.988023952095808,0.982142857142857,0.537383177570093,0.546423135464231,0.986363636363636,0.995319812792512,0.364741641337386,0,0.89039039039039,0.524615384615385,0.96551724137931,0.0060790273556231,0.95187969924812,0.995334370139969,0.995481927710843,0.953846153846154,0.527736131934033,0.00615384615384615,0.968036529680365,0.522865853658537,0.0104011887072808,0.00598802395209581,0.209302325581395,0.0045662100456621,0.142857142857143,0.683812405446294,0.0060882800608828,0.00757575757575758,0.0120663650075415,0.58433734939759,0.0429447852760736,0.984662576687117,0.0108359133126935,0.00614439324116743,0,0.226708074534162,0.996941896024465,0.977099236641221,0.907153729071537,0,0.878274268104777,0.851739788199697,0.683641975308642,0.599383667180277,0.46046511627907,0.459041731066461,0.0104790419161677,0.99375,0.0957446808510638,0.699044585987261,0.964885496183206,0.0183206106870229,0.745426829268293,0.0076103500761035,0.118618618618619,0.997032640949555,0.993680884676145,0.893682588597843,0,0.63595166163142,0.881996974281392,0,0.00455927051671732,0.898658718330849,0.981220657276995,0,0.00757575757575758,0.0075642965204236,0.9765625,0.884615384615385,0.00625978090766823,0,0.375757575757576,0.987635239567233,0.78698224852071,0.390839694656489,0.648818897637795,0.956845238095238,0.0152905198776758,0.995468277945619,0.995384615384615,0.0121951219512195,0.963636363636364,0.996913580246914,0.973765432098765,0.993939393939394,0.174311926605505,0.31570996978852,0.281818181818182,0.971608832807571,0.938485804416404,0.0421052631578947,0.266153846153846,0.976851851851852,0.141984732824427,0.308714918759232,0.992412746585736,0.992295839753467,0.966514459665145,0.682888540031397,0.992537313432836,0.255813953488372,0.96319018404908,0.99375,0,0.328787878787879,0.551617873651772,0.0182094081942337,0.0494011976047904,0.0147492625368732,0.923664122137405,0.0256024096385542,0.003003003003003,0,0.223564954682779,0.990697674418605,0.0778625954198473,0.985826771653543,0.968325791855204,0.986175115207373,0.280916030534351,0.282371294851794,0.673343605546995,0.462382445141066,0,0.830769230769231,0.0149925037481259,0.0488888888888889,0.210606060606061,0.993779160186625,0.00454545454545455,0,0.329305135951662,0.0132743362831858,0.0258751902587519,0.46141975308642,0.99537037037037,0.2734375,0.995283018867924,0.960122699386503,0,0.98986975397974,0.00594353640416048,0.992559523809524,0.829046898638427,0.993769470404984,0.0138248847926267,0.972809667673716,0.00612557427258806,0.880916030534351,0.709876543209877,0.95187969924812,0.986466165413534,0.993817619783617,0.295665634674923,0.965571205007825,0.995447647951442,0.00600600600600601,0.0305810397553517,0.993650793650794,0.995468277945619,0.321592649310873,0.874425727411945,0.963492063492064,0.948012232415902,0.99405646359584,0,0.12093023255814,0.993836671802773,0.00622083981337481,0,0.970858895705521,0.010989010989011,0.0476923076923077,0.995515695067265,0.967692307692308,0.00471698113207547,0.618683001531394,0.40763358778626,0.97984496124031,0.00786163522012579,0.886821705426357,0.990639625585023,0.373643410852713,0.598784194528875,0.782071097372488,0,0.167692307692308,0.973724884080371,0.993865030674847,0.441265060240964,0.993874425727412,0.970779220779221,0.0303030303030303,0,0.98030303030303,0.992435703479576,0.950920245398773,0.692541856925419,0.012326656394453,0.871559633027523,0.242009132420091,0.182258064516129,0.0075642965204236,0.61875,0.60490045941807,0.61178247734139,0,0.27613104524181,0.909647779479326,0.632930513595166,0.521276595744681,0.0891812865497076,0,0,0.997080291970803,0.968036529680365,0,0.930091185410334,0.0108527131782946,0,0,0.993855606758833,0,0.998415213946117,0.767123287671233,0.518853695324284,0.995508982035928,0,0,0.986363636363636,0.955752212389381,0.720720720720721,0.00597014925373134,0.0031104199066874,0.877828054298643,0.594879518072289,0.998470948012232,0.520119225037258,0.343465045592705,0,0.974436090225564,0.00311526479750779,0.956856702619414,0.0886850152905199,0,0.0119047619047619,0.117737003058104,0.497607655502392,0.968325791855204,0,0.950819672131147,0.975460122699387,0.995522388059702,0,0.0728682170542636,0.931707317073171,0.00947867298578199,0.995433789954338,0.995447647951442,0.0106870229007634,0.995454545454545,0.301075268817204,0.807044410413476,0.0154798761609907,0.161949685534591,0.957639939485628,0.0093167701863354,0.00455927051671732,0.977238239757208,0.0109375,0.660493827160494,0.398763523956723,0,0.115853658536585,0.736349453978159,0.256410256410256,0.972727272727273,0.00455927051671732,0.150829562594268,0.454833597464342,0.944525547445256,0.888048411497731,0.964451313755796,0.747663551401869,0,0.978755690440061,0.00448430493273543,0.965996908809892,0.3828125,0.00602409638554217,0.995440729483283,0.995391705069124,0.9953125,0.619482496194825,0.98468606431853,0.13323124042879,0.1921875,0.949618320610687,0.875,0,0,0.987635239567233,0.941732283464567,0.0184049079754601,0.982785602503912,0.991031390134529,0.362252663622527,0.929012345679012,0.72884012539185,0.883755588673621,0,0.969278033794163,0.336973478939158,0.993827160493827,0.992435703479576,0,0.641104294478528,0.975077881619938,0.00310077519379845,0.684292379471229,0.383206106870229,0.801788375558867,0.687211093990755,0.96064139941691,0.0901033973412112,0.978260869565217,0.996965098634294,0.978851963746224,0.302180685358255,0.101823708206687,0.987841945288754,0.993993993993994,0.00749625187406297,0.784431137724551,0.466565349544073,0.263803680981595,0.76605504587156,0.995461422087746,0.895705521472393,0.993948562783661,0.12443095599393,0.00637958532695375,0,0.821646341463415,0.00770416024653313,0.00614439324116743,0.266666666666667,0,0.98644578313253,0.909638554216867,0.992331288343558,0.990909090909091,0.0978593272171254,0.00459418070444104,0,0,0.177018633540373,0.0841121495327103,0.151376146788991,0,0.00609756097560976,0.993930197268589,0.0119940029985007,0.288372093023256,0.993808049535604,0.575113808801214,0.964560862865948,0.657698056801196,0.635958395245171,0,0.994152046783626,0.394126738794436,0.499236641221374,0.926756352765321,0.982062780269058,0.395209580838323,0.00764525993883792,0.955177743431221,0.959881129271917,0,0.963800904977376,0.0231124807395994,0.985668789808917,0.433534743202417,0,0.0106060606060606,0.520700636942675,0.84331797235023,0.00459418070444104,0.132075471698113,0.0138674884437596,0.00157977883096367,0.744082840236686,0.0262345679012346,0.995215311004785,0.317293233082707,0.990895295902883,0.00594353640416048,0.371601208459215,0.314241486068111,0.864406779661017,0.0987261146496815,0.00612557427258806,0.00303030303030303,0.0482866043613707,0,1,0.0393081761006289,0.982248520710059,0.0108024691358025,0.99375,0,0.53204172876304,0.456521739130435,0.998470948012232,0,0.995440729483283,0,0.3953125,0.988023952095808,0,0.647147147147147,0.981366459627329,0.737654320987654,0.951863354037267,0.0440729483282675,0,0.993855606758833,0.263482280431433,0,0.689393939393939,0.00441176470588235,0.0226928895612708,0.993700787401575,0.995327102803738,0.984871406959153,0.966257668711656,0.975232198142415,0,0.977238239757208,0.0213089802130898,0.355223880597015,0.285932721712538,0.986301369863014,0.987730061349693,0.987897125567322,0.990922844175492,0.0564885496183206,0.0153139356814701,0.982286634460548,0.955453149001536,0.715142428785607,0.977238239757208,0.995405819295559,0.967741935483871,0,0,0.979502196193265,0,0.0687022900763359,0,0.951293759512938,0.275,0.206896551724138,0.12443095599393,0.913446676970634,0,0.109923664122137,0.995461422087746,0.996941896024465,0.636363636363636,0.42089552238806,0.205839416058394,0.17910447761194,0.63849765258216,0.00452488687782805,0.130568356374808,0.546282245827011,0.259878419452888,0.697744360902256,0.0167427701674277,0,0.00464396284829721,0.321928460342146,0.993730407523511,0.627450980392157,0.229166666666667,0.621004566210046,0.882175226586103,0.983257229832572,0.95583596214511,0.979750778816199,0.996830427892235,0.992319508448541,0.544615384615385,0.413846153846154,0.993836671802773,0.00890207715133531,0.0164670658682635,0.878787878787879,0.0105740181268882,0.995488721804511,0.965098634294385,0,0.118195956454121,0,0.946889226100152,0,0.972809667673716,0.993788819875776,0.0075642965204236,0.83969465648855,0.995495495495496,0.652173913043478,0.630534351145038,0.881538461538461,0,0,0.939393939393939,0.946666666666667,0.986526946107784,0,0,0.00465116279069767,0.237593984962406,0.498466257668712,0,0.452599388379205,0,0.927131782945736,0.993798449612403,0.158950617283951,0.229166666666667,0,0.347560975609756,0.572964669738863,0.859111791730475,0.967213114754098,0.775075987841945,0.00460829493087558,0.988924050632911,0.013719512195122,0.993660855784469,0,0.983630952380952,0.00917431192660551,0.993740219092332,0.0211480362537764,0.0125984251968504,0,0,0.81981981981982,0.927444794952681,0.936555891238671,0.727544910179641,0.0329835082458771,0.0107033639143731,0.824159021406728,0.828148148148148,0,0.0171073094867807,0.96,0,0.984375,0.956845238095238,0.0653495440729483,0.0382262996941896,0.00914634146341463,0.993966817496229,0.463565891472868,0.0812883435582822,0.107765451664025,0.107197549770291,0.687789799072643,0.0993975903614458,0.996918335901387,0,0.765793528505393,0.979010494752624,0.0046801872074883,0,0.0043731778425656,0,0.00606980273141123,0.995412844036697,0.716300940438871,0.00460829493087558,0.0061633281972265,0.530769230769231,0.956386292834891,0.424196018376723,0.0421686746987952,0.00782472613458529,0.0483619344773791,0.0152905198776758,0,0.0326086956521739,0.0104477611940299,0.00769230769230769,0.0121028744326778,0.00457317073170732,0.0451713395638629,0.0496987951807229,0.0225563909774436,0.0167173252279635,0.0047244094488189,0.0243531202435312,0.0228658536585366,0.0498489425981873,0.0121396054628225,0.0196078431372549,0.00470219435736677,0.0091324200913242,0.0369230769230769,0.0139318885448916,0.0254491017964072,0.00457317073170732,0.0410334346504559,0.00742942050520059,0.00449101796407186
"635",0.0461285008237232,0.0353697749196141,0.0574162679425837,0.0766721044045677,0.0450751252086811,0.0332225913621262,0.118314424635332,0.0566343042071197,0.0408805031446541,0.166942148760331,0.0426929392446634,0.150081566068515,0.381260096930533,0.0365448504983389,0.778675282714055,0.793269230769231,0.15748031496063,0.146818923327896,0.0367278797996661,0.0501618122977346,0.710443037974684,0.773333333333333,0.046031746031746,0.152,0.0750798722044728,0.609120521172638,0.726229508196721,0.0411184210526316,0.471337579617834,0.277511961722488,0.802507836990596,0.28391167192429,0.23240589198036,0.588709677419355,0.146496815286624,0.0385852090032154,0.163265306122449,0.0447284345047923,0.644615384615385,0.120634920634921,0.159935379644588,0.1552,0.145833333333333,0.0431309904153355,0.224625623960067,0.790584415584416,0.421900161030596,0.808130081300813,0.479365079365079,0.721698113207547,0.157303370786517,0.0448717948717949,0.638263665594855,0.0296540362438221,0.128038897893031,0.693843594009983,0.155778894472362,0.0604575163398693,0.0706260032102729,0.111287758346582,0.592891760904685,0.48314606741573,0.803921568627451,0.152960526315789,0.125412541254125,0.169082125603865,0.151465798045603,0.0432692307692308,0.164274322169059,0.809917355371901,0.148499210110585,0.799682034976153,0.79050736497545,0.0412698412698413,0.14975845410628,0.287519747235387,0.782193958664547,0.378421900161031,0.114238410596026,0.615780445969125,0.161030595813205,0.2544,0.659305993690852,0.03486529318542,0.726984126984127,0.0976377952755905,0.0408163265306122,0.0588235294117647,0.0583596214511041,0.144215530903328,0.0477759472817133,0.0398724082934609,0.156199677938808,0.155482815057283,0.0637254901960784,0.152979066022544,0.639741518578352,0.0527156549520767,0.162118780096308,0.153094462540717,0.346092503987241,0.155844155844156,0.639291465378422,0.0328407224958949,0.762870514820593,0.0346534653465347,0.147967479674797,0.0549273021001615,0.800970873786408,0.811594202898551,0.7984,0.10702875399361,0.573505654281099,0.0438311688311688,0.157377049180328,0.0526315789473684,0.265079365079365,0.158227848101266,0.801932367149758,0.639477977161501,0.161695447409733,0.231511254019293,0.654895666131621,0.752066115702479,0.051948051948052,0.687400318979266,0.0378548895899054,0.0402576489533011,0.160453808752026,0.407830342577488,0.0777957860615883,0.445723684210526,0.0474631751227496,0.160453808752026,0.0491803278688525,0.786053882725832,0.146774193548387,0.686885245901639,0.339256865912762,0.435430463576159,0.148026315789474,0.139767054908486,0.0596774193548387,0.229773462783172,0.677740863787375,0.0309446254071661,0.801612903225806,0.0812101910828025,0.490131578947368,0.0536277602523659,0.729903536977492,0.0434083601286174,0.0374592833876222,0.169781931464174,0.0384,0.800986842105263,0.0399361022364217,0.80226904376013,0.152209492635025,0.240527182866557,0.136942675159236,0.0560897435897436,0.791068580542265,0.157894736842105,0.0362776025236593,0.491721854304636,0.0415282392026578,0.0384,0.0390625,0.573899371069182,0.059967585089141,0.815485996705107,0.0813397129186603,0.807324840764331,0.116504854368932,0.533762057877814,0.15359477124183,0.0495207667731629,0.14785373608903,0.142628205128205,0.0437601296596434,0.71004942339374,0.0467741935483871,0.0706260032102729,0.0501567398119122,0.0557324840764331,0.729032258064516,0.525660964230171,0.0958677685950413,0.0738916256157636,0.769480519480519,0.793269230769231,0.0506535947712418,0.137820512820513,0.15600624024961,0.153225806451613,0.615635179153095,0.146302250803859,0.0427892234548336,0.628389154704944,0.134426229508197,0.215189873417722,0.0410094637223975,0.51559934318555,0.473015873015873,0.630114566284779,0.105348460291734,0.0660225442834139,0.128571428571429,0.134646962233169,0.144444444444444,0.702970297029703,0.080327868852459,0.795161290322581,0.760629921259843,0.415458937198068,0.0548387096774194,0.0545746388443018,0.176661264181524,0.0369181380417336,0.123376623376623,0.175806451612903,0.744408945686901,0.30379746835443,0.0444810543657331,0.159163987138264,0.0397456279809221,0.0523882896764253,0.410339256865913,0.390953150242326,0.0455284552845528,0.0385259631490787,0.588045234248788,0.160919540229885,0.124416796267496,0.407467532467532,0.0540540540540541,0.798701298701299,0.062200956937799,0.0350584307178631,0.0370967741935484,0.080327868852459,0.399684044233807,0.79504132231405,0.0522875816993464,0.415335463258786,0.802527646129542,0.809448818897638,0.66887417218543,0.803953871499176,0.704545454545455,0.297805642633229,0.805111821086262,0.799684542586751,0.801282051282051,0.370716510903427,0.786184210526316,0.0508196721311475,0.146864686468647,0.805237315875614,0.15210355987055,0.672757475083056,0.040983606557377,0.0531400966183575,0.1152,0.146302250803859,0.144278606965174,0.142630744849445,0.275244299674267,0.344497607655502,0.46353322528363,0.457792207792208,0.148562300319489,0.0297029702970297,0.748407643312102,0.28500823723229,0.0557377049180328,0.815580286168522,0.238172920065253,0.799043062200957,0.724919093851133,0.0408163265306122,0.0392798690671031,0.121262458471761,0.162246489859594,0.329052969502408,0.122186495176849,0.159935379644588,0.80577849117175,0.106858054226475,0.0471544715447154,0.169329073482428,0.812698412698413,0.802527646129542,0.0583333333333333,0.124794745484401,0.804597701149425,0.154098360655738,0.563426688632619,0.0444810543657331,0.210191082802548,0.525974025974026,0.308072487644152,0.0710900473933649,0.806763285024155,0.0332805071315372,0.0353697749196141,0.802287581699346,0.0538827258320127,0.0438311688311688,0.061389337641357,0.0447284345047923,0.669918699186992,0.612903225806452,0.623778501628665,0.053921568627451,0.0860927152317881,0.149038461538462,0.606851549755302,0.0527156549520767,0.687797147385103,0.566820276497696,0.0432692307692308,0.0408496732026144,0.0694668820678514,0.295379537953795,0.0382165605095541,0.612211221122112,0.0498392282958199,0.0438311688311688,0.1648,0.597423510466989,0.416528925619835,0.79549114331723,0.158319870759289,0.79746835443038,0.109149277688604,0.777777777777778,0.800322061191626,0.161904761904762,0.644480519480519,0.0491803278688525,0.75,0.0501672240802676,0.0503246753246753,0.0376432078559738,0.634304207119741,0.637873754152824,0.308064516129032,0.473244147157191,0.16,0.179936305732484,0.802215189873418,0.775351014040562,0.697784810126582,0.0431177446102819,0.801639344262295,0.162679425837321,0.584541062801932,0.803827751196172,0.786184210526316,0.466988727858293,0.0442622950819672,0.601973684210526,0.0383333333333333,0.0661290322580645,0.156957928802589,0.046583850931677,0.81259842519685,0.0379746835443038,0.168557536466775,0.0413907284768212,0.793929712460064,0.0623003194888179,0.7952,0.1256038647343,0.277504105090312,0.0802568218298555,0.05,0.0360655737704918,0.625990491283677,0.0603588907014682,0.0375586854460094,0.802180685358255,0.7888,0.0359477124183007,0.0410094637223975,0.559157212317666,0.125996810207337,0.0738255033557047,0.0626003210272873,0.0365659777424483,0.163636363636364,0.71947194719472,0.04,0.809983896940419,0.160330578512397,0.0579470198675497,0.162295081967213,0.771986970684039,0.0427892234548336,0.0525477707006369,0.161500815660685,0.344,0.497512437810945,0.0478547854785479,0.811881188118812,0.134426229508197,0.0369127516778524,0.547657512116317,0.365384615384615,0.200988467874794,0.150974025974026,0.7085346215781,0.0395387149917628,0.0453074433656958,0.485530546623794,0.0384615384615385,0.0542372881355932,0.782324058919804,0.159869494290375,0.0506535947712418,0.0410509031198686,0.068362480127186,0.296950240770466,0.794117647058823,0.140600315955766,0.633870967741936,0.736394557823129,0.160771704180064,0.342715231788079,0.366612111292962,0.350081037277148,0.159163987138264,0.621666666666667,0.10952380952381,0.328525641025641,0.410543130990415,0.748417721518987,0.159489633173844,0.163232963549921,0.0385802469135802,0.0546875,0.147011308562197,0.0852090032154341,0.150413223140496,0.155309033280507,0.158154859967051,0.0388349514563107,0.161030595813205,0.0372168284789644,0.210191082802548,0.429252782193959,0.0381558028616852,0.155482815057283,0.153719008264463,0.0467741935483871,0.0705329153605016,0.250793650793651,0.812006319115324,0.15210355987055,0.126602564102564,0.378205128205128,0.0396196513470681,0.402889245585875,0.540584415584416,0.152623211446741,0.0525477707006369,0.796387520525452,0.059016393442623,0.742096505823627,0.162903225806452,0.796178343949045,0.717105263157895,0.450420168067227,0.0525477707006369,0.143540669856459,0.0707547169811321,0.0592948717948718,0.0316455696202532,0.154723127035831,0.752025931928687,0.0830508474576271,0.804753820033956,0.0335463258785942,0.0458135860979463,0.8048,0.0411392405063291,0.63562091503268,0.192926045016077,0.788025889967638,0.71334431630972,0.065252854812398,0.157635467980296,0.803225806451613,0.0492063492063492,0.806666666666667,0.328947368421053,0.587458745874587,0.142172523961661,0.737341772151899,0.241721854304636,0.669887278582931,0.0644122383252818,0.816720257234727,0.682034976152623,0.456706281833616,0.0751173708920188,0.121019108280255,0.073051948051948,0.239737274220033,0.154742096505824,0.0514469453376206,0.798412698412698,0.0598705501618123,0.531302876480541,0.810344827586207,0.0399361022364217,0.034257748776509,0.0420032310177706,0.337115072933549,0.048,0.738988580750408,0.708881578947368,0.0813008130081301,0.12621359223301,0.166405023547881,0.153212520593081,0.0501618122977346,0.0840197693574959,0.797385620915033,0.0458265139116203,0.0424143556280587,0.583333333333333,0.0915141430948419,0.243464052287582,0.1232,0.163779527559055,0.0636215334420881,0.616260162601626,0.0407166123778502,0.0405186385737439,0.162204724409449,0.322950819672131,0.0531400966183575,0.803600654664484,0.284072249589491,0.512116316639742,0.192012288786482,0.285245901639344,0.078003120124805,0.75314465408805,0.0491803278688525,0.0340356564019449,0.0572831423895254,0.638935108153078,0.860128617363344,0.0427892234548336,0.0384,0.14937106918239,0.206677265500795,0.472,0.618506493506494,0.2112,0.0372771474878444,0.12280701754386,0.0381558028616852,0.208530805687204,0.798969072164949,0.1669341894061,0.187601957585644,0.796445880452342,0.809756097560976,0.613268608414239,0.151219512195122,0.0438311688311688,0.101748807631161,0.0432,0.0446570972886762,0.727564102564103,0.803889789303079,0.15552099533437,0.160513643659711,0.71875,0.760517799352751,0.699186991869919,0.152845528455285,0.802907915993538,0.0446570972886762,0.620355411954766,0.633870967741936,0.0436187399030695,0.385113268608414,0.0612903225806452,0.315112540192926,0.339144215530903,0.149842271293375,0.035548686244204,0.557213930348259,0.458536585365854,0.0901898734177215,0.0496794871794872,0.539808917197452,0.155448717948718,0.0667752442996743,0.0616113744075829,0.157119476268412,0.0646687697160883,0.785714285714286,0.043261231281198,0.479495268138801,0.160130718954248,0.154704944178628,0.437185929648241,0.164012738853503,0.800319488817891,0.739770867430442,0.156351791530945,0.163575042158516,0.24191063174114,0.791530944625407,0.0376068376068376,0.579967689822294,0.0348101265822785,0.805111821086262,0.5152,0.568627450980392,0.146422628951747,0.732441471571906,0.797788309636651,0.15112540192926,0.769357495881384,0.159420289855072,0.0393081761006289,1,0.0453834115805947,0.811258278145695,0.0429042904290429,0.144012944983819,0.412974683544304,0.465378421900161,0.0434083601286174,0.151666666666667,0.0410094637223975,0.147967479674797,0.513333333333333,0.046031746031746,0.164296998420221,0.314785373608903,0.0551948051948052,0.236453201970443,0.0667752442996743,0.785150078988942,0.154859967051071,0.0387096774193548,0.613223140495868,0.170111287758347,0.288961038961039,0.799689440993789,0.787781350482315,0.0402010050251256,0.0361842105263158,0.0400641025641026,0.0527182866556837,0.0507364975450082,0.1584,0.0529801324503311,0.158064516129032,0.597444089456869,0.591276252019386,0.0445859872611465,0.0484652665589661,0.0547504025764895,0.05,0.174474959612278,0.795786061588331,0.0456081081081081,0.0674157303370786,0.258320126782884,0.0569105691056911,0.0365659777424483,0.0514469453376206,0.148499210110585,0.157076205287714,0.0518053375196232,0.146964856230032,0.761829652996845,0.157635467980296,0.0715421303656598,0.608403361344538,0.648117839607201,0.717948717948718,0.0986842105263158,0.153721682847896,0.76759410801964,0.0386473429951691,0.0384,0.342105263157895,0.528771384136858,0.657853810264386,0.673501577287066,0.332231404958678,0.812199036918138,0.704838709677419,0.394184168012924,0.602564102564103,0.274760383386581,0.791732909379968,0.158677685950413,0.809602649006622,0.622950819672131,0.0384615384615385,0.330645161290323,0.672386895475819,0.3456,0.135048231511254,0.0421875,0.067001675041876,0.0506535947712418,0.0414593698175788,0.0395387149917628,0.37037037037037,0.499205087440382,0.0386473429951691,0.7953125,0.811410459587956,0.134959349593496,0.157392686804452,0.0348101265822785,0.0621019108280255,0.152709359605911,0.716917922948074,0.163987138263666,0.0759289176090469,0.151565074135091,0.0513643659711075,0.0455284552845528,0.807017543859649,0.171009771986971,0.0407523510971787,0.300492610837438,0.345718901453958,0.126229508196721,0.157392686804452,0.15311004784689,0.0941780821917808,0.071097372488408,0.0488958990536278,0.158227848101266,0.16031746031746,0.788025889967638,0.61198738170347,0.427876823338736,0.161764705882353,0.4496,0.16,0.0934891485809683,0.0418760469011725,0.805194805194805,0.640502354788069,0.159235668789809,0.559210526315789,0.357605177993528,0.144012944983819,0.0590062111801242,0.225239616613419,0.818032786885246,0.0488215488215488,0.277867528271405,0.0398671096345515,0.150413223140496,0.0458135860979463,0.156351791530945,0.0394088669950739,0.7872,0.797029702970297,0.148148148148148,0.158677685950413,0.168269230769231,0.0889621087314662,0.0855784469096672,0.269413629160063,0.79153605015674,0.786885245901639,0.178456591639871,0.171653543307087,0.155371900826446,0.795417348608838,0.0615883306320908,0.162974683544304,0.0477759472817133,0.0653907496012759,0.755627009646302,0.151757188498403,0.804761904761905,0.0414673046251994,0.458881578947368,0.741883116883117,0.715,0.722852512155592,0.269102990033223,0.743630573248408,0.0361842105263158,0.166666666666667,0.227953410981697,0.0566343042071197,0.155737704918033,0.14975845410628,0.82015503875969,0.150326797385621,0.811382113821138,0.0422077922077922,0.274959083469722,0.809210526315789,0.813114754098361,0.419934640522876,0.0638297872340425,0.5088,0.139280125195618,0.824013157894737,0.181967213114754,0.160655737704918,0.163132137030995,0.90655737704918,0.798107255520505,0.792822185970636,0.80064308681672,0.795238095238095,0.155115511551155,0.136807817589577,0.806873977086743,0.163398692810458,0.162479061976549,0.199029126213592,0.163461538461538,0.149443561208267,0.815960912052117,0.179487179487179,0.80865224625624,0.804838709677419,0.143092105263158,0.810593900481541,0.215311004784689,0.815409309791332,0.779411764705882,0.805598755832037,0.818035426731079
"636",0.983050847457627,0.97869101978691,0.986506746626687,0.952599388379205,0.989197530864197,0.984639016897081,0.907407407407407,0.998470948012232,0.977611940298508,0.0015527950310559,0.981566820276498,0.0015220700152207,0.577211394302849,0.976958525345622,0.0637329286798179,0.0255639097744361,0.00149925037481259,0.0138036809815951,0.979527559055118,0.962235649546828,0.186081694402421,0.0488958990536278,0.96875,0,0.93815987933635,0.266362252663623,0.130827067669173,0.975155279503106,0.475336322869955,0.700892857142857,0.0193452380952381,0.689393939393939,0.78,0.290854572713643,0,0.981790591805766,0.0180722891566265,0.976011994002999,0.273792093704246,0.893016344725111,0.00307219662058372,0.0136363636363636,0.00750750750750751,0.980182926829268,0.796875,0.0454545454545455,0.527272727272727,0.015220700152207,0.486725663716814,0.131964809384164,0.00150375939849624,0.978819969742814,0.291603053435115,0.977064220183486,0.893455098934551,0.171339563862928,0,0.949771689497717,0.977477477477477,0.925981873111782,0.293674698795181,0.436281859070465,0.0184899845916795,0.0015527950310559,0.886996904024768,0.826021180030257,0,0.96969696969697,0,0.0125391849529781,0.851190476190476,0.0241691842900302,0.0302114803625378,0.982169390787519,0.00152671755725191,0.727544910179641,0.0581222056631893,0.574468085106383,0.917829457364341,0.286168521462639,0.00154798761609907,0.71875,0.223053892215569,0.97737556561086,0.11854103343465,0.928358208955224,0.98030303030303,0.975975975975976,0.956127080181543,0.0103857566765579,0.977134146341463,0.97593984962406,0.00153609831029186,0.00152439024390244,0.966257668711656,0.00152439024390244,0.307807807807808,0.973053892215569,0.00747384155455904,0.00914634146341463,0.619482496194825,0,0.290322580645161,0.983024691358025,0.12630014858841,0.981337480559876,0.010590015128593,0.996941896024465,0.0182370820668693,0.024390243902439,0.0284857571214393,0.91499227202473,0.349618320610687,0.974085365853659,0.00151745068285281,0.995535714285714,0.719879518072289,0.0014903129657228,0.0180722891566265,0.225609756097561,0.00148367952522255,0.778963414634146,0.274096385542169,0.0979782270606532,0.964071856287425,0.151057401812689,0.977777777777778,0.979041916167665,0.00154320987654321,0.559757942511346,0.945038167938931,0.474809160305344,0.972222222222222,0.00149253731343284,0.978125,0.0417910447761194,0.00150602409638554,0.235023041474654,0.627836611195159,0.531782945736434,0.00154798761609907,0.00153846153846154,0.98644578313253,0.764795144157815,0.17638036809816,0.980091883614089,0.0228310502283105,0.931750741839763,0.432558139534884,0.989690721649485,0.14756671899529,0.97125567322239,0.98145285935085,0.835866261398176,0.977409638554217,0.013953488372093,0.983282674772036,0.0225563909774436,0.00150375939849624,0.738863287250384,0.887240356083086,0.964179104477612,0.0375375375375375,0.0015015015015015,0.980797636632201,0.474242424242424,0.982704402515723,0.979073243647235,0.978915662650602,0.298375184638109,0.986547085201794,0.0182648401826484,0.957037037037037,0.0191740412979351,0.919083969465649,0.381165919282511,0.00153374233128834,0.970059880239521,0.00149925037481259,0.835082458770615,0.978851963746224,0.135593220338983,0.980769230769231,0.934848484848485,0.972423802612482,0.960902255639098,0.108597285067873,0.396706586826347,0.919876733436055,0.944954128440367,0.0699088145896656,0.0228310502283105,0.987748851454824,0.869760479041916,0.00146198830409357,0.00150602409638554,0.310872894333844,0.0014903129657228,0.979320531757755,0.269911504424779,0.887171561051005,0.751891074130106,0.991150442477876,0.445966514459665,0.427719821162444,0.311627906976744,0.919452887537994,0.950375939849624,0.900751879699248,0.00149253731343284,0.867579908675799,0.199367088607595,0.956856702619414,0.018348623853211,0.086053412462908,0.530395136778115,0.960183767228178,0.977611940298508,0.842748091603053,0.983383685800604,0.885670731707317,0.00151057401812689,0.0932330827067669,0.663189269746647,0.975232198142415,0.00151745068285281,0.970014992503748,0.986646884272997,0.561456752655539,0.57934131736527,0.97112462006079,0.979623824451411,0.370870870870871,0.00154798761609907,0.899408284023669,0.533434650455927,0.986111111111111,0.019578313253012,0.95414201183432,0.981707317073171,0.980451127819549,0.941896024464832,0.547085201793722,0.0200308166409861,0.984802431610942,0.54380664652568,0.0236336779911374,0.0189228529839884,0.20933734939759,0.0166919575113809,0.175193798449612,0.676557863501484,0.0152439024390244,0.0194902548725637,0.03003003003003,0.598811292719168,0.0527131782945736,0.969418960244648,0.0120663650075415,0.0182370820668693,0.00149476831091181,0.226993865030675,0.984423676012461,0.964992389649924,0.896969696969697,0.00148809523809524,0.889937106918239,0.84053651266766,0.698940998487141,0.607518796992481,0.464939024390244,0.433384379785605,0.0134932533733133,0.976993865030675,0.112612612612613,0.705069124423963,0.978851963746224,0.0283582089552239,0.76605504587156,0.0194902548725637,0.131934032983508,0.980825958702065,0.979623824451411,0.904173106646059,0,0.654135338345865,0.89894419306184,0.00151745068285281,0.0164670658682635,0.907875185735513,1,0.00151057401812689,0.0195195195195195,0.0135135135135135,0.978361669242658,0.903426791277259,0.0201863354037267,0,0.388036809815951,0.987711213517665,0.808320950965825,0.402420574886536,0.668217054263566,0.953101361573374,0.027027027027027,0.977477477477477,0.980243161094225,0.0242792109256449,0.963246554364472,0.981845688350983,0.958204334365325,0.977409638554217,0.186466165413534,0.336349924585219,0.302533532041729,0.992307692307692,0.926905132192846,0.0538116591928251,0.259146341463415,1,0.158445440956652,0.303519061583578,0.985096870342772,0.97542242703533,0.978787878787879,0.695652173913043,0.979041916167665,0.241486068111455,0.981900452488688,0.97542242703533,0.00149925037481259,0.339791356184799,0.555384615384615,0.0300751879699248,0.0540540540540541,0.0220588235294118,0.896396396396396,0.0382916053019146,0.0197869101978691,0.00146627565982405,0.235204855842185,0.980030721966206,0.081570996978852,0.990595611285266,0.987987987987988,0.984709480122324,0.296803652968037,0.307931570762053,0.670196671709531,0.4816,0.00150829562594268,0.822995461422088,0.0341246290801187,0.0635155096011817,0.212481426448737,0.978428351309707,0.0210526315789474,0.00149925037481259,0.346385542168675,0.0340740740740741,0.04,0.491525423728814,0.982785602503912,0.298761609907121,0.979623824451411,0.944954128440367,0.0015015015015015,0.985401459854015,0.0164179104477612,0.977611940298508,0.823170731707317,0.978193146417445,0.0274809160305344,0.958456973293769,0.0197869101978691,0.865853658536585,0.725038402457757,0.92548435171386,0.988077496274218,0.978883861236802,0.302114803625378,0.95565749235474,0.979166666666667,0.0175182481751825,0.0317700453857791,0.978494623655914,0.975794251134644,0.341389728096677,0.867981790591806,0.94556765163297,0.952023988005997,0.981845688350983,0,0.128682170542636,0.97583081570997,0.0213089802130898,0.00152905198776758,0.983076923076923,0.00940438871473354,0.0582822085889571,0.979259259259259,0.984709480122324,0.00612557427258806,0.623298033282905,0.425531914893617,0.981424148606811,0.0141509433962264,0.854294478527607,0.982731554160126,0.382978723404255,0.612855007473842,0.802413273001508,0,0.174311926605505,0.998459167950693,0.977409638554217,0.456325301204819,0.983383685800604,0.951456310679612,0.047112462006079,0.00302114803625378,0.983630952380952,0.977272727272727,0.951367781155015,0.682020802377415,0.0228658536585366,0.886191198786039,0.245481927710843,0.192,0.00597907324364723,0.613953488372093,0.594470046082949,0.627067669172932,0.0014903129657228,0.301538461538462,0.92156862745098,0.643283582089552,0.541106128550075,0.100583090379009,0.00149700598802395,0.00149253731343284,0.981159420289855,0.954209748892171,0.00149476831091181,0.933734939759036,0.00924499229583975,0.00149700598802395,0.0015552099533437,0.978723404255319,0,0.982866043613707,0.77190332326284,0.538461538461538,0.982169390787519,0.0015552099533437,0,0.975794251134644,0.957540263543192,0.726047904191617,0.0194029850746269,0,0.89037037037037,0.611028315946349,0.981981981981982,0.536764705882353,0.36890243902439,0.00149476831091181,0.966966966966967,0.0185185185185185,0.974006116207951,0.102760736196319,0.00148148148148148,0.0270676691729323,0.121396054628225,0.472929936305732,0.956259426847662,0.00150829562594268,0.961708394698085,0.960725075528701,0.982169390787519,0.00153609831029186,0.0874233128834356,0.916264090177134,0.0235478806907378,0.979320531757755,0.982248520710059,0.024132730015083,0.981845688350983,0.318731117824773,0.82051282051282,0.0289193302891933,0.180967238689548,0.960244648318043,0.00769230769230769,0.0226928895612708,0.977544910179641,0.0250783699059561,0.669207317073171,0.406441717791411,0.00149925037481259,0.126696832579186,0.754601226993865,0.273001508295626,0.975903614457831,0.0151975683890578,0.166167664670659,0.441497659906396,0.951327433628319,0.912202380952381,0.956060606060606,0.73497688751926,0,0.964179104477612,0.0164917541229385,0.947209653092006,0.402208201892744,0.0194029850746269,0.980625931445604,0.978625954198473,0.980091883614089,0.631578947368421,0.990963855421687,0.149925037481259,0.204301075268817,0.927514792899408,0.885885885885886,0.00148148148148148,0.00153609831029186,0.976887519260401,0.929447852760736,0.0311526479750779,0.973846153846154,0.987987987987988,0.375189107413011,0.946646341463415,0.72281776416539,0.896296296296296,0.00148367952522255,0.951219512195122,0.343558282208589,0.981762917933131,0.98036253776435,0.00148148148148148,0.642201834862385,0.984639016897081,0.0229007633587786,0.694063926940639,0.382530120481928,0.799120234604106,0.70015455950541,0.942562592047128,0.0983847283406755,0.975193798449612,0.980421686746988,0.987878787878788,0.309597523219814,0.107784431137725,0.983433734939759,0.979259259259259,0.00900900900900901,0.785822021116139,0.445112781954887,0.271056661562021,0.779969650986343,0.978851963746224,0.869894099848714,0.977678571428571,0.128318584070796,0.0172955974842767,0.00149253731343284,0.839449541284404,0.0228658536585366,0.018018018018018,0.292168674698795,0.00151975683890578,0.977341389728097,0.917168674698795,0.983308042488619,0.985119047619048,0.104704097116844,0.0199081163859112,0.00147275405007364,0.00150375939849624,0.192546583850932,0.098159509202454,0.160179640718563,0.0015220700152207,0.0166414523449319,0.977238239757208,0.0132743362831858,0.30781010719755,0.978328173374613,0.5952023988006,0.954614220877458,0.677130044843049,0.655882352941176,0,0.979502196193265,0.39938080495356,0.50920245398773,0.939259259259259,0.986587183308495,0.412650602409639,0.0104321907600596,0.967987804878049,0.967310549777117,0,0.954478707782673,0.031866464339909,0.976525821596244,0.40922619047619,0.00154320987654321,0.00757575757575758,0.53525641025641,0.863914373088685,0.0181818181818182,0.152307692307692,0.0106221547799697,0.00315457413249211,0.748892171344165,0.0351681957186544,0.982428115015974,0.336363636363636,0.986784140969163,0.0192878338278932,0.373676248108926,0.3328173374613,0.883076923076923,0.11128526645768,0.021021021021021,0.00303030303030303,0.0570987654320988,0.00150829562594268,0.982248520710059,0.0453834115805947,1,0.0182094081942337,0.978428351309707,0.00149925037481259,0.538116591928251,0.464723926380368,0.978947368421053,0,0.982089552238806,0.00154320987654321,0.404088050314465,0.973013493253373,0.00149476831091181,0.650674662668666,0.969135802469136,0.745038167938931,0.967840735068913,0.0460624071322437,0.00150602409638554,0.981981981981982,0.267281105990783,0.0014792899408284,0.694402420574887,0.0161764705882353,0.0342261904761905,0.979719188767551,0.981566820276498,0.976401179941003,0.95475113122172,0.973561430793157,0.0015015015015015,0.957251908396947,0.0208643815201192,0.360655737704918,0.301515151515152,0.980182926829268,0.974436090225564,0.976261127596439,0.970059880239521,0.0562310030395137,0.0301659125188537,0.981012658227848,0.952023988005997,0.710252600297177,0.96078431372549,0.97910447761194,0.98340874811463,0.00150602409638554,0.00149700598802395,0.961151079136691,0.0015015015015015,0.086053412462908,0,0.961832061068702,0.291603053435115,0.225856697819315,0.134529147982063,0.916666666666667,0.00152671755725191,0.119515885022693,0.978851963746224,0.983630952380952,0.657056145675266,0.429403202328967,0.221739130434783,0.201201201201201,0.655332302936631,0.0135542168674699,0.135338345864662,0.562121212121212,0.251141552511416,0.699101796407186,0.0288315629742033,0.00154320987654321,0.0153609831029186,0.327666151468315,0.978227060653188,0.629969418960245,0.241531664212077,0.613876319758673,0.894187779433681,0.965875370919881,0.972049689440994,0.974164133738602,0.984496124031008,0.980122324159021,0.569044006069803,0.435240963855422,0.980392156862745,0.0216450216450216,0.0267459138187221,0.896084337349398,0.0118168389955687,0.98355754857997,0.953383458646617,0.00152439024390244,0.123100303951368,0,0.959276018099548,0.00155763239875389,0.963636363636364,0.981845688350983,0.0240963855421687,0.848623853211009,0.979166666666667,0.656346749226006,0.626307922272048,0.889922480620155,0,0.00152905198776758,0.941915227629513,0.962099125364432,0.991031390134529,0.00147275405007364,0,0.0168970814132104,0.223214285714286,0.474809160305344,0.00151745068285281,0.468277945619335,0,0.924846625766871,0.978361669242658,0.165898617511521,0.246312684365782,0.00147710487444609,0.362940275650842,0.58761329305136,0.853252647503782,0.980654761904762,0.78517397881997,0.0185185185185185,0.990625,0.0138461538461538,0.975232198142415,0.00154083204930663,0.986822840409956,0.00606980273141123,0.978560490045942,0.0321100917431193,0.0182926829268293,0.00148367952522255,0.00154798761609907,0.837138508371385,0.917573872472784,0.95067264573991,0.702380952380952,0.051698670605613,0.027231467473525,0.830275229357798,0.835798816568047,0.00154559505409583,0.0325581395348837,0.947932618683001,0,0.961180124223602,0.973094170403587,0.0617469879518072,0.0442748091603053,0.0151057401812689,0.977744807121662,0.483076923076923,0.0870229007633588,0.117088607594937,0.131024096385542,0.698142414860681,0.0986547085201794,0.981481481481482,0.0015220700152207,0.76103500761035,0.966917293233083,0.00309119010819165,0.0015015015015015,0.020497803806735,0.00153609831029186,0.0229709035222052,0.979041916167665,0.702660406885759,0.0186625194401244,0.0199386503067485,0.550613496932515,0.974124809741248,0.441930618401207,0.0536512667660209,0.0140405616224649,0.062015503875969,0.014903129657228,0.00151745068285281,0.0409711684370258,0.0281065088757396,0.0214395099540582,0.0344827586206897,0.0163204747774481,0.0525502318392581,0.0590909090909091,0.0284005979073244,0.0197268588770865,0.00622083981337481,0.0259146341463415,0.0224215246636771,0.0618401206636501,0.0229007633587786,0.0196671709531014,0.0154798761609907,0.0246153846153846,0.0504587155963303,0.0272727272727273,0.0224550898203593,0.019578313253012,0.0449101796407186,0.0220264317180617,0.0181818181818182
"637",0.00637958532695375,0.0031496062992126,0.0358255451713396,0.059967585089141,0.0177993527508091,0.00489396411092985,0.106687898089172,0.0270700636942675,0.00305343511450382,0,0.00321027287319422,0,0.44375,0.00483870967741936,0.9609375,0.988976377952756,0,0.00157977883096367,0.00807754442649435,0.0202808112324493,0.852664576802508,0.964169381107492,0.0142630744849445,0,0.0488958990536278,0.757575757575758,0.883386581469649,0.0160513643659711,0.552147239263804,0.31733746130031,0.996884735202492,0.312698412698413,0.227564102564103,0.713153724247227,0,0.0048,0.0063391442155309,0.00778816199376947,0.731297709923664,0.103235747303544,0,0,0,0.00483870967741936,0.224755700325733,0.972668810289389,0.494417862838915,0.995245641838352,0.534668721109399,0.860501567398119,0,0.00634920634920635,0.742088607594937,0.00479233226837061,0.114467408585056,0.837320574162679,0,0.0285261489698891,0.0420560747663551,0.0984375,0.7104,0.578616352201258,0.996742671009772,0,0.104669887278583,0.1796875,0,0.0158982511923688,0,0.995245641838352,0.139968895800933,0.990654205607477,0.977742448330684,0.003125,0,0.29375,0.954330708661417,0.428571428571429,0.102728731942215,0.742043551088777,0,0.2796875,0.802197802197802,0.00469483568075117,0.882911392405063,0.102040816326531,0.00949367088607595,0.0331230283911672,0.0303514376996805,0,0.0144,0.00475435816164818,0,0,0.0240770465489567,0,0.698461538461538,0.0190174326465927,0,0,0.386687797147385,0,0.712439418416801,0.00482315112540193,0.895223420647149,0.00487012987012987,0,0.0240770465489567,0.996774193548387,0.985668789808917,0.990625,0.090032154340836,0.688394276629571,0.0110759493670886,0,0.0172955974842767,0.284345047923323,0,0.995341614906832,0.780373831775701,0,0.233704292527822,0.766773162939297,0.917874396135266,0.0284810126582278,0.85179407176287,0.0046801872074883,0.00789889415481832,0,0.466034755134281,0.0723472668810289,0.523274478330658,0.0147058823529412,0,0.00649350649350649,0.973926380368098,0,0.797770700636943,0.378029079159935,0.488709677419355,0,0,0.0249221183800623,0.246445497630332,0.8288,0.0015552099533437,0.990430622009569,0.0839936608557845,0.59935379644588,0.0231839258114374,0.86385737439222,0.0156985871271586,0.00323624595469256,0.157232704402516,0.0095389507154213,0.996779388083736,0.0031104199066874,0.995207667731629,0,0.272583201267829,0.128682170542636,0.0203761755485893,0.978125,0,0.00470957613814757,0.557692307692308,0.00486223662884927,0.00313971742543171,0.00314465408805031,0.707430340557275,0.0282574568288854,0.9952,0.0527950310559006,0.995334370139969,0.106451612903226,0.635071090047393,0,0.0112359550561798,0,0.15251572327044,0.00156739811912226,0.889067524115756,0.0187207488299532,0.054858934169279,0.00914634146341463,0.0264797507788162,0.900158478605388,0.641975308641975,0.0794165316045381,0.0544,0.944267515923567,0.989147286821705,0.017741935483871,0.141045958795563,0,0,0.719745222929936,0,0.00311526479750779,0.741140215716487,0.123595505617978,0.251177394034537,0.0109204368174727,0.576243980738363,0.570300157977883,0.722044728434505,0.0768025078369906,0.028892455858748,0.119565217391304,0,0.129746835443038,0.8288,0.062200956937799,0.995297805642633,0.9421875,0.470219435736677,0.0300157977883096,0.0261136712749616,0.166931637519873,0.00317460317460317,0.107371794871795,0,0.938095238095238,0.341013824884793,0.00796178343949045,0,0.0140845070422535,0.0214067278287462,0.457231726283048,0.463722397476341,0.0141955835962145,0.0032626427406199,0.63258785942492,0,0.11128526645768,0.484076433121019,0.0372168284789644,0.995268138801262,0.046583850931677,0.0032258064516129,0.00480769230769231,0.0523809523809524,0.46749226006192,0.993558776167472,0.0363924050632911,0.467391304347826,0.993808049535604,0.995398773006135,0.8060413354531,0.996820349761526,0.863123993558776,0.335384615384615,0.995297805642633,0.993817619783617,0.985871271585557,0.424100156494523,0.9568,0.0208,0,0.995230524642289,0,0.7808,0.00489396411092985,0.0283018867924528,0.105845181674566,0,0.135922330097087,0.144859813084112,0.314102564102564,0.403508771929825,0.553090332805071,0.546042003231018,0,0.00160513643659711,0.903276131045242,0.301612903225806,0.0453125,0.9828125,0.258785942492013,0.995297805642633,0.881619937694704,0.00467289719626168,0.0033003300330033,0.10828025477707,0,0.37245696400626,0.115015974440895,0,0.996904024767802,0.104361370716511,0.0206677265500795,0,0.995238095238095,0.995275590551181,0.0243506493506494,0.118506493506494,0.995161290322581,0,0.615987460815047,0.0144,0.207692307692308,0.624203821656051,0.352272727272727,0.0389408099688473,0.987321711568938,0.00156494522691706,0.004739336492891,0.993517017828201,0.037914691943128,0.00158227848101266,0.0308441558441558,0.00627943485086342,0.816745655608215,0.703937007874016,0.719626168224299,0.0240770465489567,0.0581583198707593,0.00157728706624606,0.739967897271268,0.0255591054313099,0.856692913385827,0.694864048338369,0.00797448165869218,0.00482315112540193,0.0345911949685535,0.309677419354839,0.00768049155145929,0.764331210191083,0.043613707165109,0.00632911392405063,0,0.682242990654206,0.464968152866242,0.977848101265823,0.00155038759689922,0.992307692307692,0.0923317683881064,0.96583850931677,0.995268138801262,0,0.770206022187005,0.00956937799043062,0.923317683881064,0.0164203612479475,0.0364500792393027,0.0142630744849445,0.734076433121019,0.729950900163666,0.326892109500805,0.552980132450331,0,0.179365079365079,0.982839313572543,0.956454121306376,0.800632911392405,0.00482315112540193,0.993720565149137,0,0.690705128205128,0.989096573208723,0.97411003236246,0.51993620414673,0.0032258064516129,0.720706260032103,0.00327868852459016,0.0355411954765751,0,0.012012012012012,0.99537037037037,0.00625,0.165876777251185,0.00488599348534202,0.985576923076923,0.0283464566929134,0.995222929936306,0.122222222222222,0.288025889967638,0.0559006211180124,0.01743264659271,0.00158478605388273,0.713153724247227,0.0395569620253165,0.00154559505409583,0.996923076923077,0.971875,0.00477707006369427,0.00317460317460317,0.681388012618297,0.120443740095087,0.0384615384615385,0.054858934169279,0.00459418070444104,0,0.896272285251216,0.00313479623824451,1,0,0.037037037037037,0,0.955555555555556,0.00309119010819165,0.0382775119617225,0,0.380877742946708,0.598715890850722,0.0207006369426752,0.995161290322581,0.125396825396825,0.00818330605564648,0.63301282051282,0.407582938388626,0.20859872611465,0,0.84219001610306,0.0240384615384615,0.00634920634920635,0.560509554140127,0.00464396284829721,0.0317725752508361,0.967948717948718,0,0.0188383045525903,0.0096,0.0505529225908373,0.321981424148607,0.98876404494382,0.136655948553055,0.765625,0.806070826306914,0,0.398692810457516,0.41091492776886,0.392523364485981,0,0.712662337662338,0.0888888888888889,0.366614664586583,0.495398773006135,0.92802450229709,0,0,0.00454545454545455,0.0294117647058824,0,0.0833333333333333,0,0,0,0.00479233226837061,0,0.00484652665589661,0.230283911671924,0.474885844748858,0.00469483568075117,0,0,0.00792393026941363,0.0333839150227618,0.278382581648523,0.995245641838352,0,0.115030674846626,0.412673879443586,0.00312989045383412,0.481366459627329,0.668276972624799,0,0.0221518987341772,0.998384491114701,0.0483870967741935,0.9136,0,0.989164086687306,0.88301282051282,0.522388059701492,0.0314465408805031,0,0.0528771384136858,0.0283464566929134,0.0046801872074883,0,0.925081433224756,0.0721476510067114,0.990147783251232,0.0047244094488189,0.0015748031496063,0.987480438184664,0.00313479623824451,0.717011128775835,0.192125984251969,0.989010989010989,0.830342577487765,0.0446570972886762,0,0.996805111821086,0.0312989045383412,0.987117552334944,0.344605475040258,0.595238095238095,0,0.890795631825273,0.267536704730832,0.755485893416928,0.027027027027027,0.996794871794872,0.854003139717425,0.549833887043189,0.0606531881804044,0.118012422360248,0.0429936305732484,0.254777070063694,0,0.0187793427230047,0.996894409937888,0.0317460317460317,0.614634146341463,0.996889580093313,0.00475435816164818,0.00323624595469256,0.00480769230769231,0.36650868878357,0.0189274447949527,0.879421221864952,0.8192,0.0640625,0.12202852614897,0,0,0.0111287758346582,0.0707395498392283,0.982594936708861,0.0221870047543582,0.00792393026941363,0.63968253968254,0.0792880258899676,0.272141706924316,0.11353032659409,0,0.0317460317460317,0.6608,0.00312989045383412,0.00628930817610063,0,0.372424722662441,0.0303030303030303,0.995268138801262,0.313694267515924,0.627980922098569,0.211890243902439,0.323248407643312,0.0487804878048781,0.92802450229709,0.016,0.00476947535771065,0.0235849056603774,0.691680261011419,0.882260596546311,0.0110935023771791,0.00462249614791988,0,0.232919254658385,0.550769230769231,0.74294670846395,0.229329173166927,0.00313971742543171,0.124401913875598,0.00470957613814757,0.115987460815047,0.99496644295302,0,0.172523961661342,0.993558776167472,0.996865203761755,0.727272727272727,0,0.0156739811912226,0.0876369327073552,0.004739336492891,0.0077639751552795,0.917065390749601,0.995169082125604,0,0,0.828990228013029,0.916666666666667,0.848966613672496,0,0.996850393700787,0.00470957613814757,0.425,0.715210355987055,0.0032258064516129,0.414976599063963,0.0226904376012966,0.3515625,0.376744186046512,0,0.00458715596330275,0.616129032258064,0.505636070853462,0.0820668693009119,0.0154798761609907,0.618380062305296,0,0.0507131537242472,0.0444104134762634,0,0.0356037151702786,0.985623003194888,0.0197368421052632,0.571653543307087,0,0,0.497545008183306,0.16031746031746,0.996860282574568,0.860162601626016,0,0,0.25193199381762,0.979365079365079,0.00330578512396694,0.681818181818182,0.0124416796267496,0.996879875195008,0.626984126984127,0.67524115755627,0.129807692307692,0.905691056910569,0.995305164319249,0,0.959935897435897,0,0.0108024691358025,0.811258278145695,0.0182094081942337,1,0.00323624595469256,0,0.489891135303266,0.54983922829582,0.00475435816164818,0,0.00313971742543171,0,0.615136876006441,0.0139318885448916,0,0.349056603773585,0.0242718446601942,0.258012820512821,0.0544,0.9609375,0,0.00320512820512821,0.737096774193548,0,0.3125,0.995461422087746,0.982866043613707,0.00486223662884927,0.00475435816164818,0.0123839009287926,0.0266875981161695,0.0208,0,0.0240384615384615,0,0.642526964560863,0.718849840255591,0.00943396226415094,0.010989010989011,0.0031055900621118,0.00941915227629513,0.0313971742543171,0.979299363057325,0.0178861788617886,0.0409448818897638,0.28328173374613,0.0186046511627907,0.0015600624024961,0.0331230283911672,0,0,0.0229357798165138,0,0.940092165898618,0.00156739811912226,0.0524642289348172,0.729064039408867,0.797124600638978,0.889235569422777,0.0731319554848967,0.0015748031496063,0.89622641509434,0.00470219435736677,0.0031496062992126,0.365079365079365,0.59214501510574,0.790199081163859,0.818740399385561,0.360975609756098,0.995297805642633,0.878315132605304,0.4624,0.7488,0.305164319248826,0.990625,0,0.995222929936306,0.670967741935484,0.0032,0.371473354231975,0.764795144157815,0.392464678178964,0.129082426127527,0.012326656394453,0.0436893203883495,0.0224719101123595,0.00485436893203883,0.00479233226837061,0.456556082148499,0.593700787401575,0.00323101777059774,0.990881458966565,0.986024844720497,0.126382306477093,0,0.00475435816164818,0.0279937791601866,0,0.887622149837134,0,0.056,0,0.0317965023847377,0.00476947535771065,0.992211838006231,0.166402535657686,0.00469483568075117,0.340322580645161,0.384251968503937,0.117834394904459,0,0,0.0760517799352751,0.0672645739910314,0.0140405616224649,0,0,0.995065789473684,0.764430577223089,0.497637795275591,0,0.557324840764331,0,0.0848,0.00321543408360129,0.81953642384106,0.775,0,0.662379421221865,0.421221864951768,0.1359375,0.0427480916030534,0.223809523809524,0.995268138801262,0.0130293159609121,0.0855784469096672,0.00321543408360129,0,0.0234375,0,0.00323624595469256,0.98256735340729,0.62621359223301,0,0,0.1765625,0.0738362760834671,0.062015503875969,0.285271317829457,0.973805855161787,0.99203821656051,0.173228346456693,0.168711656441718,0,0.981102362204724,0.0383386581469649,0,0.0146818923327896,0.0496124031007752,0.933544303797468,0,0.993660855784469,0.00464396284829721,0.543269230769231,0.927899686520376,0.904220779220779,0.886970172684458,0.311708860759494,0.905132192846034,0.00482315112540193,0,0.243243243243243,0.0202808112324493,0,0,0.995412844036697,0,0.998459167950693,0.0031055900621118,0.289176090468498,0.995169082125604,0.996875,0.465079365079365,0.0418679549114332,0.579937304075235,0,0.99344262295082,0.0521172638436482,0.00786163522012579,0,0.817170111287758,0.990783410138249,0.993759750390016,0.984202211690363,0.995341614906832,0,0,0.988871224165342,0.00484652665589661,0.00163398692810458,0.026984126984127,0.00623052959501558,0,0.990566037735849,0.0127186009538951,0.995033112582781,0.993527508090615,0,0.992,0.05,0.995348837209302,0.910094637223975,0.993865030674847,0.996794871794872
"638",0.996784565916399,1,0.970358814352574,0.947967479674797,0.982142857142857,1,0.888535031847134,0.969889064976228,1,0,1,0,0.568,1,0.0475435816164818,0.00635930047694754,0,0.016025641025641,0.996715927750411,0.984375,0.167197452229299,0.0285714285714286,0.990551181102362,0,0.956661316211878,0.245928338762215,0.106687898089172,0.988543371522095,0.461417322834646,0.687301587301587,0,0.696540880503145,0.763157894736842,0.282988871224165,0,1,0.0186046511627907,0.993759750390016,0.266768292682927,0.901253918495298,0,0.01875,0.00635930047694754,1,0.777227722772277,0.019672131147541,0.503205128205128,0,0.473684210526316,0.124416796267496,0,0.992,0.269230769230769,1,0.879032258064516,0.1664,0,0.977272727272727,0.955905511811024,0.903426791277259,0.286624203821656,0.428794992175274,0,0,0.902479338842975,0.818759936406995,0,0.990338164251208,0,0,0.859399684044234,0.0062992125984252,0.0205696202531646,1,0,0.711811023622047,0.0470957613814757,0.577287066246057,0.894563426688633,0.275042444821732,0,0.71606864274571,0.212403100775194,0.9984375,0.1088,0.909952606635071,0.995319812792512,0.9744,0.964912280701754,0.0141955835962145,0.98705501618123,1,0,0,0.97588424437299,0,0.301916932907348,0.982839313572543,0.00773993808049536,0.00966183574879227,0.61244019138756,0,0.296998420221169,1,0.105100463678516,1,0.0129032258064516,0.974481658692185,0,0.00970873786407767,0.00793650793650794,0.897271268057785,0.327974276527331,0.991961414790997,0,0.984276729559748,0.71608832807571,0,0,0.223832528180354,0,0.763371150729335,0.250793650793651,0.0731707317073171,0.969793322734499,0.141732283464567,1,0.995245641838352,0,0.544585987261146,0.938411669367909,0.491830065359477,0.99025974025974,0,0.995169082125604,0.0186915887850467,0,0.212121212121212,0.625199362041467,0.528180354267311,0,0,0.976190476190476,0.751196172248804,0.165594855305466,1,0.00323101777059774,0.928012519561815,0.423701298701299,0.982866043613707,0.137645107794362,0.984076433121019,1,0.8352,0.998397435897436,0,1,0,0,0.735152487961477,0.856037151702786,0.980830670926518,0.0125391849529781,0,1,0.462295081967213,1,1,1,0.292452830188679,0.976377952755906,0.00160771704180064,0.945038167938931,0,0.894991922455573,0.357142857142857,0,0.982539682539682,0,0.855572998430141,1,0.116987179487179,0.986046511627907,0.948717948717949,0.992307692307692,0.977952755905512,0.101286173633441,0.380348652931854,0.929392446633826,0.944353518821604,0.0531400966183575,0.00474683544303797,0.980456026058632,0.852380952380952,0,0,0.300970873786408,0,1,0.243369734789392,0.872964169381108,0.761453396524487,0.990625,0.42332268370607,0.427230046948357,0.291866028708134,0.919614147909968,0.962962962962963,0.878548895899054,0,0.880191693290735,0.189320388349515,0.939778129952456,0,0.0640625,0.533011272141707,0.9792,0.980891719745223,0.821086261980831,0.998402555910543,0.887122416534181,0,0.0715421303656598,0.662957074721781,0.998363338788871,0,0.992063492063492,0.979813664596273,0.553225806451613,0.549450549450549,0.990322580645161,1,0.37007874015748,0,0.88006230529595,0.516025641025641,0.968903436988543,0,0.959438377535101,0.99837925445705,1,0.953301127214171,0.537854889589905,0.00162866449511401,0.970491803278689,0.54559748427673,0.0031104199066874,0,0.188102893890675,0,0.156351791530945,0.673946957878315,0,0.0031496062992126,0.00958466453674121,0.5796875,0.0407166123778502,0.980519480519481,0.0128824476650564,0,0,0.221508828250401,1,0.975922953451043,0.899521531100478,0,0.865448504983389,0.855095541401274,0.697749196141479,0.596774193548387,0.456140350877193,0.452459016393443,0.0128,1,0.097331240188383,0.703150912106136,0.959216965742251,0.0109204368174727,0.741679873217116,0,0.123595505617978,1,1,0.881685575364668,0,0.64375,0.876602564102564,0,0,0.891338582677165,0.9792663476874,0,0.00157232704402516,0,0.981907894736842,0.882736156351791,0,0,0.3904,0.99021207177814,0.800933125972006,0.393258426966292,0.66557911908646,0.963375796178344,0.00803858520900321,1,1,0.00642054574638844,0.966772151898734,1,0.970826580226904,1,0.184294871794872,0.3234375,0.288461538461538,0.974193548387097,0.943548387096774,0.0518867924528302,0.256778309409888,0.976038338658147,0.160572337042925,0.3,0.996784565916399,0.996779388083736,0.966183574879227,0.693811074918567,0.998439937597504,0.235973597359736,0.961844197138315,0.9984,0,0.33122028526149,0.553745928338762,0.0175438596491228,0.0560897435897436,0.00786163522012579,0.913385826771654,0.0222575516693164,0,0,0.222748815165877,0.991883116883117,0.072,0.98494983277592,0.96969696969697,0.985553772070626,0.290529695024077,0.288107202680067,0.670866141732283,0.465,0,0.815112540192926,0.0140845070422535,0.0374414976599064,0.197492163009404,1,0.00159744408945687,0,0.341772151898734,0.0110584518167457,0.0212071778140294,0.464114832535885,1,0.278768233387358,1,0.966507177033493,0,0.993865030674847,0,0.998427672955975,0.821656050955414,1,0.0128824476650564,0.975077881619938,0,0.87797147385103,0.715220949263502,0.951638065522621,0.984276729559748,0.996830427892235,0.299679487179487,0.965853658536585,1,0,0.0220472440944882,1,1,0.332258064516129,0.8848,0.967213114754098,0.952305246422893,1,0,0.116987179487179,1,0.0016,0,0.966183574879227,0.0113636363636364,0.0343137254901961,1,0.96656050955414,0.0032258064516129,0.630990415335463,0.413078149920255,0.982084690553746,0.00165562913907285,0.879227053140097,0.998384491114701,0.37156704361874,0.592767295597484,0.790996784565916,0,0.160513643659711,0.973553719008264,0.998402555910543,0.4336,1,0.974789915966387,0.0304,0.0016025641025641,0.987117552334944,0.995176848874598,0.953451043338684,0.691455696202532,0.00809061488673139,0.852459016393443,0.235849056603774,0.186006825938567,0.00636942675159236,0.613636363636364,0.587579617834395,0.6064,0,0.278688524590164,0.912559618441971,0.638065522620905,0.516640253565769,0.0752688172043011,0,0,1,0.970219435736677,0,0.91653290529695,0.0130081300813008,0,0,1,0,1,0.764331210191083,0.515822784810127,1,0,0,0.992088607594937,0.96411856474259,0.713166144200627,0,0.00328947368421053,0.8703125,0.591482649842271,1,0.524256651017214,0.342532467532468,0,0.98546042003231,0,0.947967479674797,0.0848287112561175,0,0.00925925925925926,0.106109324758842,0.480263157894737,0.972402597402597,0,0.958397534668721,0.976635514018692,1,0,0.0688524590163934,0.932998324958124,0.00328407224958949,1,1,0.0095389507154213,1,0.304,0.799043062200957,0.0113452188006483,0.173553719008264,0.95859872611465,0.0113085621970921,0,0.970358814352574,0.00825082508250825,0.663446054750403,0.381493506493506,0,0.11198738170347,0.729549248747913,0.262057877813505,0.977848101265823,0,0.144200626959248,0.448739495798319,0.942277691107644,0.888544891640867,0.964686998394864,0.743089430894309,0,0.984101748807631,0,0.964912280701754,0.4,0,1,1,1,0.622977346278317,0.982428115015974,0.131707317073171,0.1939586645469,0.946945337620579,0.871069182389937,0,0,0.990322580645161,0.935275080906149,0.014446227929374,0.98858075040783,0.99203821656051,0.3728,0.932907348242812,0.716129032258065,0.881889763779528,0,0.967897271268058,0.344,1,0.998407643312102,0,0.635332252836305,0.972357723577236,0,0.676848874598071,0.371428571428571,0.793528505392912,0.676422764227642,0.953703703703704,0.07981220657277,0.982229402261712,1,0.980551053484603,0.308943089430894,0.0982286634460548,0.990430622009569,1,0.00789889415481832,0.771293375394322,0.447077409162717,0.254807692307692,0.77207062600321,1,0.883306320907618,1,0.1234375,0,0,0.819488817891374,0.00163132137030995,0,0.26984126984127,0,0.990445859872611,0.909952606635071,0.998394863563403,0.9953125,0.0878594249201278,0,0,0,0.182707993474715,0.0737179487179487,0.161237785016287,0,0,1,0.00943396226415094,0.293075684380032,1,0.587301587301587,0.975649350649351,0.653061224489796,0.638065522620905,0,1,0.386473429951691,0.488673139158576,0.920886075949367,0.990536277602524,0.396496815286624,0.0111821086261981,0.949044585987261,0.957120980091884,0,0.967542503863988,0.0126984126984127,0.98671096345515,0.427432216905901,0,0.00941915227629513,0.513157894736842,0.845024469820555,0,0.136876006441224,0.0127388535031847,0,0.751166407465008,0.0258064516129032,1,0.306836248012719,0.995230524642289,0,0.375394321766562,0.320388349514563,0.864462809917355,0.0906095551894563,0.00478468899521531,0.00159235668789809,0.0341463414634146,0,0.99375,0.0429042904290429,0.978428351309707,0.00323624595469256,1,0,0.517884914463453,0.457792207792208,1,0,1,0,0.389802631578947,0.987441130298273,0,0.654631083202512,0.985245901639344,0.740384615384615,0.949096880131363,0.0360501567398119,0,1,0.263665594855305,0,0.700934579439252,0,0.0157728706624606,1,1,0.993740219092332,0.968454258675079,0.983739837398374,0,0.983974358974359,0.0206022187004754,0.356012658227848,0.287066246056782,0.992138364779874,0.993610223642173,0.993769470404984,0.995290423861852,0.0569620253164557,0.0126984126984127,0.983633387888707,0.955342902711324,0.722135007849294,0.978056426332288,1,0.970031545741325,0,0,0.981623277182236,0,0.0710900473933649,0,0.9552,0.279338842975207,0.209917355371901,0.113057324840764,0.9232,0,0.102201257861635,1,1,0.637380191693291,0.411585365853659,0.209800918836141,0.179566563467492,0.65,0,0.117460317460317,0.546899841017488,0.2512,0.703937007874016,0.0110759493670886,0,0,0.333333333333333,1,0.624600638977636,0.238390092879257,0.6208,0.868131868131868,0.987654320987654,0.957095709570957,0.97875816993464,1,1,0.5536,0.423809523809524,1,0.00458715596330275,0.0108695652173913,0.871175523349436,0.0125588697017268,1,0.969354838709677,0,0.105436573311367,0,0.945425361155698,0,0.9712,1,0.00783699059561128,0.845906902086677,1,0.652597402597403,0.623211446740858,0.870813397129187,0,0,0.930693069306931,0.939024390243902,0.988817891373802,0,0,0,0.230769230769231,0.501602564102564,0,0.453125,0,0.92156862745098,1,0.171288743882545,0.234276729559748,0,0.346341463414634,0.593900481540931,0.865414710485133,0.961119751166407,0.782884310618067,0,0.988654781199352,0.0142405063291139,1,0,0.98297213622291,0.00940438871473354,1,0.0114192495921697,0.011437908496732,0,0,0.818611987381703,0.927631578947368,0.935736677115988,0.711811023622047,0.0234009360374415,0.00480769230769231,0.830940988835726,0.838759689922481,0,0.0111111111111111,0.969745222929936,0,0.983792544570502,0.952380952380952,0.0610328638497653,0.0400641025641026,0.00317965023847377,1,0.480456026058632,0.0692431561996779,0.101777059773829,0.112,0.688311688311688,0.0910518053375196,1,0,0.752039151712887,0.984276729559748,0.00487012987012987,0,0,0,0,1,0.707993474714519,0,0,0.53921568627451,0.959481361426256,0.429017160686427,0.05,0.00164744645799012,0.0540983606557377,0.0207667731629393,0,0.0306451612903226,0.00625,0.0016025641025641,0.0125588697017268,0,0.0536585365853659,0.0586370839936609,0.016,0.0221518987341772,0.00661157024793388,0.028436018957346,0.0273311897106109,0.0612244897959184,0.00789889415481832,0.0224358974358974,0,0.00323101777059774,0.0473083197389886,0.00634920634920635,0.028169014084507,0,0.0386473429951691,0,0.00161812297734628
"639",0,0,0,0,0,0,0.0124223602484472,0.00152439024390244,0,1,0,1,0,0,0,0,1,0.979559748427673,0,0,0,0,0,1,0,0,0,0.00159235668789809,0,0,0,0,0.0015527950310559,0,1,0,0.978947368421053,0,0,0,0.998427672955975,0.981538461538462,0.992378048780488,0,0,0,0,0,0,0,1,0,0,0,0.010989010989011,0,1,0,0.00306748466257669,0,0,0,0,1,0,0,1,0,1,0,0,0,0,0,1,0.0015220700152207,0,0,0.0015552099533437,0,1,0,0,0,0,0,0,0,0.00453857791225416,0.989425981873112,0,0,1,1,0,1,0.0201863354037267,0,0.992354740061162,0.990595611285266,0.00934579439252336,1,0,0,0,0,0.9890625,0.00309597523219814,0,0,0,0.0138888888888889,0,0,1,0,0,1,0,0,1,0.00153609831029186,0,0,0,0,0,0,1,0.00308166409861325,0,0,0,1,0,0,1,0,0,0.00477707006369427,1,1,0,0,0,0,0,0,0,0,0,0,0,0,0,0,0,0,1,0,0.00457317073170732,0,0,1,0,0,0,0,0,0,0,0,0,0,0.00158227848101266,0,1,0,1,0,0,0,0,0,0,0,0,0,0,0,0,0,0,0.0203761755485893,1,1,0,0.998452012383901,0,0,0.00958466453674121,0,0,0,0,0,0,0,0.00153374233128834,1,0,0,0,0,0,0.00458715596330275,0,0,0.00153846153846154,0,0,1,0,0,0,1,0,0,0.00306278713629403,0,0,0,0.0184899845916795,1,0.0120663650075415,0,0,0,0,0,0,0,0,0,0,0,0,0,0,0,0,0,0,0,0,0,0,0,0.989147286821705,0,1,0.0031496062992126,0,0,0,1,0,0.00306278713629403,0,0,0,0,0.9890625,0,0,0,0,0,0,0,0,0,0,0.0125786163522013,1,0,0.0139968895800933,1,0,0.0135542168674699,0.00154798761609907,1,0,0,0,0,0,1,0.0170278637770898,0,0,0,0,0,0,0,0,0,0,0,0,0,0,0,0,0.00317965023847377,0,0.948795180722892,0,0,0,0,0,0,0,0,0,0,0,0,1,0,0.00788643533123028,0,0.941807044410414,0,0,0,0,1,0,0,0,0,0,0,0,0,0,0,1,0,0,0,0,0,0,1,0,0,0,0.00310077519379845,0,0,0,0,1,0,0,0,0,0,0,0,0,0,0,0,0,0.00309119010819165,0,0,0,0,0,0,0,0,0,0,0,0,1,0,0,0,1,0,0.990536277602524,0,0,0,0.996879875195008,0.00623052959501558,0,0,0,0,0,0,0,0,1,0,0.00157232704402516,0,0,0,0,0,0.998442367601246,0,0,0,0,0,0.0046656298600311,0,0.0145867098865478,0.993874425727412,0,0,0,1,0,0.00156494522691706,0,0,0,1,1,0,0,1,0,0.990566037735849,1,1,0,1,0,0.0015600624024961,0.00303490136570561,0,1,1,0,0,0,0,0.996784565916399,0.0179640718562874,0,0,0,0,1,0,0,0.00157232704402516,0,1,0,0,0,0.0015527950310559,1,0,0,0,1,0,0,0,0,0,0,0,0,0,0,0.00158478605388273,0,0.989045383411581,0,0,0,0,0.0140845070422535,1,0,0.00316455696202532,0,0,0,0,0,0,0,0,0,1,0,0,0,0.00316957210776545,0,0,0,0,0,0,0,0,0,0.0124031007751938,1,1,0,0,0,0,0,0,0,0,0.016566265060241,1,0,0.0186625194401244,0,0,1,0,0,0,0.00154320987654321,0,0,0,0,0,0.00317460317460317,0,0,0.0157977883096366,0.0220125786163522,0,0,0.993874425727412,0,0,0,0,0,0,0,0.77557251908397,0,1,0.0015552099533437,0,0,0,1,0,0,0,0,0,0,1,1,0,0,0,1,0,0,0.562974203338392,0,0,0.0062402496099844,0,0,0,1,0,0,0,0.00451127819548872,0,0,0.990668740279938,0,0,1,0.00152439024390244,0,0,0,1,0.992295839753467,0,0,0,0,0.989130434782609,0.998407643312102,0,0,0,0,0,0,0,0,0.00471698113207547,0,0,0.996932515337423,0,1,0,0.144012944983819,0.00149925037481259,0,0,1,0,0,0,1,0,1,0,0,1,0.0153374233128834,0,0,0.00158478605388273,0,1,0,0,1,0,0,0,0,0,0,0.00470219435736677,0.0015748031496063,1,0,0.977409638554217,0.0199081163859112,0,0,0,0,0,0.921174652241113,0,0,0,0,0,0,0,1,1,0,1,0,0.9984375,0,0,0,0,0,0.998447204968944,0,0,0,0,0,0,0,0,0,0,0,0,0,0,1,0,0.019047619047619,0,0.031055900621118,0,0,0.00459418070444104,0,0.0016025641025641,0,0,0,0,0,0,0,0,0.00309597523219814,0.987823439878234,0,0,1,0,1,0,1,0,0,0,0,0,0.00153846153846154,0,0.0169753086419753,1,1,0,0,0,1,1,0,0,0,1,0,1,0,0,0.032967032967033,0,1,0,0,0,0,0,0,0,0.893081761006289,0,1,0,0.993827160493827,0,0,0.363349131121643,1,1,0.00152439024390244,0,0.00768049155145929,0,0,0,0,0,1,0,0,1,0,0,0,0.953560371517028,0,0,0,0,0,0,0,0,0,1,0,0,0.995327102803738,1,0,1,0,0,0,0,0,0.00316957210776545,0.00309597523219814,0,0.951588502269289,0,0.89983844911147,0.977307110438729,1,0.151799687010955,0,0,0.00609756097560976,0,0.946540880503145,0.940993788819876,0,0.979813664596273,0.992076069730586,0.954128440366973,0.975609756097561,0.937694704049844,0,0.972179289026275,0,0,0.949367088607595,0,0.927492447129909,0,0.0538461538461538,0,0
"640",0.517295597484277,0.520423600605144,0.552352048558422,0.586206896551724,0.5320813771518,0.526148969889065,0.568807339449541,0.547945205479452,0.512820512820513,0,0.516030534351145,0,1,0.524691358024691,0.516923076923077,0.509923664122137,0,0.00921658986175115,0.521193092621664,0.525114155251142,0.543674698795181,0.486356340288925,0.515197568389058,0,0.537993920972644,0.614307931570762,0.497709923664122,0.5,0.598496240601504,0.578313253012048,0.482602118003026,0.71580547112462,0.66046511627907,0.537867078825348,0,0.515527950310559,0.0164917541229385,0.508320726172466,0.57393850658858,0.540178571428571,0,0.00766871165644172,0,0.504702194357367,0.606060606060606,0.500777604976672,0.656441717791411,0.483920367534456,0.587443946188341,0.512820512820513,0,0.513636363636364,0.546282245827011,0.511450381679389,0.553680981595092,0.557632398753894,0,0.524844720496894,0.522935779816514,0.629007633587786,0.539393939393939,0.583333333333333,0.485496183206107,0,0.557299843014129,0.584848484848485,0,0.509174311926605,0,0.48062015503876,0.555891238670695,0.465648854961832,0.476190476190476,0.496987951807229,0,0.631498470948012,0.497005988023952,0.635400907715582,0.589905362776025,0.605769230769231,0,0.688449848024316,0.665158371040724,0.51285930408472,0.525679758308157,0.576119402985075,0.511450381679389,0.529141104294479,0.519578313253012,0.0029940119760479,0.528682170542636,0.5115562403698,0,0,0.540372670807453,0,0.571212121212121,0.526964560862866,0.00302114803625378,0.00310077519379845,0.638461538461538,0,0.586046511627907,0.520123839009288,0.518409425625921,0.515576323987539,0.00308641975308642,0.538819875776398,0.49537037037037,0.490595611285266,0.48411497730711,0.56298600311042,0.602134146341463,0.515384615384615,0,0.549317147192716,0.700906344410876,0,0.49618320610687,0.567901234567901,0,0.67624810892587,0.579268292682927,0.5,0.528787878787879,0.539755351681957,0.513595166163142,0.509803921568627,0,0.611026033690659,0.560675883256528,0.576744186046512,0.512422360248447,0,0.525502318392581,0.5,0,0.572755417956656,0.655963302752294,0.601895734597156,0,0,0.530395136778115,0.621705426356589,0.582018927444795,0.505295007564297,0.484567901234568,0.557926829268293,0.615863141524106,0.52810650887574,0.53448275862069,0.523736600306279,0.517133956386293,0.572298325722983,0.51588502269289,0.482059282371295,0.509954058192956,0.486821705426357,0,0.6046875,0.587976539589443,0.526636225266362,0.493975903614458,0,0.520485584218513,0.614551083591331,0.523885350318471,0.527355623100304,0.513636363636364,0.532233883058471,0.537634408602151,0.48297213622291,0.537091988130564,0.5,0.571646341463415,0.638846737481032,0,0.537037037037037,0,0.583586626139818,0.518348623853211,0.533434650455927,0.535987748851455,0.561162079510703,0.524926686217009,0.518796992481203,0.528158295281583,0.610194902548726,0.556426332288401,0.548136645962733,0.512121212121212,0.483433734939759,0.526073619631902,0.562310030395137,0,0,0.619195046439629,0,0.503703703703704,0.588502269288956,0.566096423017107,0.606707317073171,0.518628912071535,0.578294573643411,0.5662100456621,0.577399380804954,0.554531490015361,0.54953560371517,0.595488721804511,0,0.53680981595092,0.558917197452229,0.551301684532925,0.481538461538462,0.562783661119516,0.612213740458015,0.526964560862866,0.535338345864662,0.654961832061069,0.525190839694657,0.585516178736518,0,0.575384615384615,0.626686656671664,0.515432098765432,0,0.525914634146341,0.525373134328358,0.617378048780488,0.602150537634409,0.516279069767442,0.514285714285714,0.587057010785824,0,0.554396423248882,0.688650306748466,0.53198127925117,0.488584474885845,0.56006006006006,0.515625,0.503021148036254,0.548929663608563,0.594512195121951,0.492307692307692,0.53343701399689,0.651127819548872,0.487444608567208,0.47085201793722,0.525,0.486902927580894,0.543581616481775,0.588588588588589,0.489263803680982,0.48936170212766,0.495412844036697,0.608231707317073,0.519319938176198,0.519319938176198,0.0015625,0.474732006125574,0,0.542503863987635,0.512539184952978,0.516228748068006,0.572530864197531,0,0.592125984251968,0.559939301972686,0.705792682926829,0.690880989180835,1,0.562305295950156,0.00153609831029186,0.494590417310665,0.506787330316742,0.6912,0.550387596899225,0.507552870090634,0.570769230769231,0.490076335877863,0.54380664652568,0.509774436090226,0.516693163751987,0.555031446540881,0,0.58751902587519,0.556765163297045,0,0.483969465648855,0.560240963855422,0.537750385208012,0,0.499245852187029,0.483920367534456,0.523291925465838,0.696875,0.499212598425197,0,0.593846153846154,0.531684698608965,0.622222222222222,0.610687022900763,0.586206896551724,0.534039334341906,0.494590417310665,0.522455089820359,0.50076103500761,0.492913385826772,0.543247344461305,0.526881720430108,0.516923076923077,0.524464831804281,0.564024390243902,0.55187969924812,0.575617283950617,0.529042386185243,0.556962025316456,0.0256797583081571,0.58125,0.532208588957055,0.577099236641221,0.568011958146487,0.528417818740399,0.519201228878648,0.548780487804878,0.624610591900312,0.493939393939394,0.562111801242236,0.552307692307692,0.512461059190031,0,0.569506726457399,0.583724569640063,0.490106544901065,0.0349544072948328,0.482758620689655,0.556574923547401,0.482654600301659,0.478658536585366,0,0.585365853658537,0.525660964230171,0.509259259259259,0.536507936507936,0.557427258805513,0.527777777777778,0.58641975308642,0.589703588143526,0.633333333333333,0.624405705229794,0,0.593220338983051,0.492559523809524,0.502262443438914,0.564220183486238,0.513470681458003,0.496960486322188,0,0.5790273556231,0.485627836611195,0.512307692307692,0.702492211838006,0.52093023255814,0.598425196850394,0.496805111821086,0.513178294573643,0,0.523188405797101,0.481146304675716,0.517345399698341,0.589147286821705,0.514240506329114,0.506849315068493,0.525602409638554,0.462962962962963,0.546423135464231,0.646687697160883,0.545180722891566,0.522727272727273,0.515243902439024,0.577639751552795,0.524464831804281,0.515060240963855,0.495508982035928,0.477794793261868,0.513260530421217,0.513846153846154,0.61280487804878,0.528963414634146,0.531545741324921,0.563165905631659,0.490990990990991,0,0.526645768025078,0.510670731707317,0.488335925349922,0,0.538109756097561,0.00156494522691706,0.507042253521127,0.506006006006006,0.534775888717156,0,0.608562691131499,0.65284178187404,0.523364485981308,0.485407066052227,0.582043343653251,0.505494505494505,0.567901234567901,0.58761329305136,0.666666666666667,0,0.545871559633027,0.531587057010786,0.513888888888889,0.658015267175573,0.507621951219512,0.506451612903226,0.50076103500761,0.00152905198776758,0.524390243902439,0.528505392912173,0.55030487804878,0.640416047548291,0.5,0.575193798449612,0.579510703363914,0.514423076923077,0.00152439024390244,0.632558139534884,0.581143740340031,0.637329286798179,0,0.585023400936037,0.583460949464012,0.63568215892054,0.673192771084337,0.526785714285714,0,0,0.508849557522124,0.521021021021021,0,0.553516819571865,0.00308641975308642,0,0,0.527692307692308,0,0.529503105590062,0.558461538461538,0.591251885369532,0.506870229007634,0,0,0.525345622119816,0.556053811659193,0.645550527903469,0.485714285714286,0.00156739811912226,0.55472263868066,0.593558282208589,0.520673813169985,0.656108597285068,0.607692307692308,0,0.52824427480916,0.492935635792779,0.579192546583851,0.508474576271186,0,0.482962962962963,0.519500780031201,0.563492063492063,0.522342064714946,0,0.561377245508982,0.536253776435045,0.515105740181269,0,0.524031007751938,0.5232,0.474522292993631,0.523378582202112,0.521739130434783,0.485584218512898,0.506807866868381,0.588325652841782,0.566820276497696,0.483282674772036,0.539808917197452,0.541795665634675,0.0030441400304414,0.494656488549618,0.534142640364188,0.499212598425197,0.655172413793103,0.602782071097372,0,0.528963414634146,0.686520376175549,0.584992343032159,0.538343558282209,0.483969465648855,0.572932330827068,0.5728,0.54954954954955,0.596676737160121,0.539184952978056,0.629107981220657,0,0.527653213751868,0.478129713423831,0.503076923076923,0.599686028257457,0.475262368815592,0.497723823975721,0.529595015576324,0.49607535321821,0.667682926829268,0.515197568389058,0.514728682170543,0.5546875,0.529230769230769,0.557427258805513,0,0,0.516279069767442,0.543035993740219,0.488924050632911,0.530232558139535,0.530674846625767,0.602134146341463,0.547880690737834,0.581504702194357,0.560650887573965,0,0.536098310291859,0.578294573643411,0.519877675840979,0.510736196319018,0,0.594427244582043,0.551505546751189,0.480974124809741,0.590697674418605,0.611280487804878,0.59672619047619,0.669724770642202,0.532738095238095,0.56071964017991,0.520186335403727,0.523520485584218,0.553191489361702,0.579527559055118,0.490015360983103,0.524242424242424,0.509063444108761,0.00151285930408472,0.597579425113464,0.556748466257669,0.593323216995448,0.675265553869499,0.516819571865443,0.570987654320988,0.515933232169954,0.139183055975794,0.492890995260663,0,0.648484848484848,0.480559875583204,0.476335877862595,0.595092024539877,0,0.523592085235921,0.600600600600601,0.504587155963303,0.517397881996974,0.606864274570983,0.472952086553323,0,0,0.551724137931034,0.500772797527048,0.55521472392638,0,0.483282674772036,0.500756429652042,0.205663189269747,0.559815950920245,0.52639751552795,0.621621621621622,0.526636225266362,0.652503793626707,0.604790419161677,0,0.514925373134328,0.580594679186229,0.580996884735203,0.561270801815431,0.528528528528528,0.572298325722983,0.00152905198776758,0.552147239263804,0.555052790346908,0,0.537202380952381,0.493129770992366,0.505546751188589,0.542553191489362,0,0.00305810397553517,0.60952380952381,0.661466458658346,0.471494607087827,0.547286821705426,0.00303030303030303,0,0.59375,0.496111975116641,0.511182108626198,0.587253414264036,0.51131221719457,0.477810650887574,0.567484662576687,0.623622047244095,0.606583072100313,0.514774494556765,0.481146304675716,0,0.503105590062112,0,0.53204172876304,0.412974683544304,0.538116591928251,0.489891135303266,0.517884914463453,0,1,0.605015673981191,0.509923664122137,0,0.518910741301059,0,0.596546310832025,0.52710843373494,0,0.621004566210046,0.524691358024691,0.642313546423135,0.552425665101721,0.503048780487805,0,0.516228748068006,0.581648522550544,0,0.716012084592145,0.470938897168405,0.484939759036145,0.5046875,0.50855365474339,0.531531531531532,0.513097072419106,0.53416149068323,0,0.521671826625387,0.0106382978723404,0.583206106870229,0.592760180995475,0.526073619631902,0.524390243902439,0.515105740181269,0.515243902439024,0.0499243570347958,0.498456790123457,0.530546623794212,0.539969834087481,0.600301659125189,0.525835866261398,0.514459665144597,0.552870090634441,0,0,0.517751479289941,0,0.546707503828484,0,0.535276073619632,0.574766355140187,0.598101265822785,0.526395173453997,0.572530864197531,0.00153139356814701,0.519877675840979,0.52639751552795,0.517293233082707,0.595348837209302,0.597345132743363,0.621502209131075,0.569715142428786,0.640746500777605,0.467669172932331,0.527439024390244,0.618098159509202,0.565015479876161,0.618759455370651,0.486322188449848,0,0.478740157480315,0.586206896551724,0.518867924528302,0.566869300911854,0.566765578635015,0.645112781954887,0.589393939393939,0.510479041916168,0.550156739811912,0.527863777089783,0.520504731861199,0.524922118380062,0.650914634146341,0.633587786259542,0.5,0.49779086892489,0.481873111782477,0.602184087363494,0.00299850074962519,0.515105740181269,0.509833585476551,0,0.5311004784689,0,0.558823529411765,0,0.519756838905775,0.517450682852807,0.493192133131619,0.568567026194145,0.512820512820513,0.588419405320814,0.598473282442748,0.567901234567901,0,0,0.557536466774716,0.55,0.531202435312024,0,0,0.487341772151899,0.555052790346908,0.557251908396947,0,0.676737160120846,0,0.549450549450549,0.52112676056338,0.503912363067293,0.659125188536953,0,0.614664586583463,0.624036979969183,0.539634146341463,0.533733133433283,0.580495356037152,0.490015360983103,0.540247678018576,0.0478395061728395,0.512779552715655,0,0.520119225037258,0.00151975683890578,0.510140405616225,0.476851851851852,0.311912225705329,0,0,0.663663663663664,0.546456692913386,0.553544494720965,0.56006006006006,0.478978978978979,0.469040247678019,0.568147013782542,0.584962406015038,0,0.499243570347958,0.526234567901235,0,0.525984251968504,0.540540540540541,0.506828528072838,0.0214723926380368,0.48382126348228,0.510606060606061,0.599063962558502,0.556732223903177,0.63166144200627,0.541284403669725,0.6390625,0.498480243161094,0.521671826625387,0,0.609230769230769,0.51285930408472,0.00153139356814701,0,0.487444608567208,0,0.490106544901065,0.520547945205479,0.581761006289308,0.485225505443235,0.469860896445131,0.618066561014263,0.546583850931677,0.59214501510574,0.027231467473525,0.476340694006309,0.062992125984252,0.0166919575113809,0,0.419753086419753,0.462686567164179,0.483771251931994,0.493108728943338,0.487767584097859,0.031201248049922,0.0347957639939486,0.475609756097561,0.0182370820668693,0.00631911532385466,0.0350609756097561,0.0180722891566265,0.0336906584992343,0.493129770992366,0.0196671709531014,0.493610223642172,0.501543209876543,0.0265210608424337,0.486111111111111,0.0374251497005988,0.490825688073394,0.46048632218845,0.477744807121662,0.486280487804878
"641",0.465709728867624,0.455538221528861,0.47581903276131,0.493630573248408,0.453376205787781,0.461788617886179,0.531847133757962,0.493650793650794,0.46046511627907,0,0.445482866043614,0,0.617784711388456,0.453376205787781,0.580594679186229,0.551342812006319,0,0.0111642743221691,0.438511326860841,0.487341772151899,0.634069400630915,0.569805194805195,0.450858034321373,0,0.486780715396579,0.603503184713376,0.584541062801932,0.448330683624801,0.984567901234568,0.593700787401575,0.539755351681957,0.657686212361331,0.661367249602544,0.600311041990669,0,0.463258785942492,0.0185185185185185,0.470957613814757,0.65296803652968,0.539781591263651,0.00156739811912226,0.00946372239747634,0.00315955766192733,0.452648475120385,0.575609756097561,0.549520766773163,0.627009646302251,0.545886075949367,0.660493827160494,0.68558282208589,0,0.474603174603175,0.647909967845659,0.46984126984127,0.508885298869144,0.610305958132045,0,0.46474358974359,0.46417445482866,0.547140649149923,0.609105180533752,1,0.527868852459016,0,0.578025477707006,0.630094043887147,0,0.466034755134281,0,0.541935483870968,0.508744038155803,0.537735849056604,0.539936102236422,0.463223787167449,0,0.766975308641975,0.576744186046512,0.673343605546995,0.552117263843648,0.605960264900662,0,0.65,0.631741140215716,0.449612403100775,0.67981072555205,0.534883720930233,0.452119309262166,0.485086342229199,0.473270440251572,0,0.451355661881978,0.450393700787402,0,0,0.482758620689655,0,0.63265306122449,0.462025316455696,0.00309597523219814,0.00475435816164818,0.633647798742138,0,0.65251572327044,0.467304625199362,0.610510046367852,0.459770114942529,0.00158982511923688,0.47626582278481,0.544585987261146,0.525316455696203,0.54773082942097,0.506493506493506,0.627943485086342,0.466666666666667,0,0.464898595943838,0.637931034482759,0,0.540752351097179,0.64274322169059,0,0.668810289389068,0.676145339652449,0.563011456628478,0.463108320251177,0.630030959752322,0.460708782742681,0.451043338683788,0,0.670807453416149,0.492163009404389,0.674718196457327,0.45933014354067,0,0.448553054662379,0.54434250764526,0,0.665615141955836,0.624600638977636,0.672077922077922,0,0,0.482866043613707,0.700159489633174,0.643322475570033,0.45141065830721,0.54416403785489,0.494539781591264,0.628389154704944,0.4640625,0.6384,0.458466453674121,0.460925039872408,0.5296875,0.44392523364486,0.529411764705882,0.4546875,0.544728434504792,0,0.700475435816165,0.55607476635514,0.476415094339623,0.547140649149923,0,0.457231726283048,0.645161290322581,0.461912479740681,0.466453674121406,0.449526813880126,0.603100775193798,0.473354231974922,0.556438791732909,0.478527607361963,0.548837209302326,0.5229793977813,0.629337539432177,0,0.453968253968254,0,0.545886075949367,0.470866141732283,0.58161648177496,0.468118195956454,0.500782472613459,0.466257668711656,0.491419656786271,0.598116169544741,0.630434782608696,0.513687600644122,0.5,0.5818759936407,0.53577106518283,0.456869009584665,0.517080745341615,0,0,0.698412698412698,0.00158730158730159,0.460093896713615,0.63265306122449,0.518225039619651,0.594090202177294,0.460829493087558,0.673015873015873,0.672413793103448,0.682182985553772,0.4816,0.47244094488189,0.538341158059468,0,0.524409448818898,0.650326797385621,0.496794871794872,0.528391167192429,0.569018404907976,0.670364500792393,0.472843450479233,0.475077881619938,0.611727416798732,0.468315301391036,0.590551181102362,0,0.586206896551724,0.782608695652174,0.485759493670886,0,0.467391304347826,0.460365853658537,0.665615141955836,0.588697017268446,0.465489566613162,0.446054750402576,0.650316455696203,0,0.517397881996974,0.64274322169059,0.488562091503268,0.539308176100629,0.488479262672811,0.439490445859873,0.45,0.510268562401264,0.596330275229358,0.554140127388535,0.488993710691824,0.637931034482759,0.54364471669219,0.544478527607362,0.557536466774716,0.536392405063291,0.625201938610662,0.601550387596899,0.547318611987382,0.551020408163265,0.5504,0.658536585365854,0.533333333333333,0.486223662884927,0.00317460317460317,0.542857142857143,0,0.641935483870968,0.467637540453074,0.482539682539683,0.508661417322835,0,0.537720706260032,0.604327666151468,0.646496815286624,0.639370078740157,0.594976452119309,0.670947030497592,0.003125,0.431561996779388,0.633070866141732,0.658536585365854,0.489731437598736,0.547880690737834,0.591836734693878,0.546031746031746,0.59967845659164,0.472012102874433,0.460162601626016,0.493464052287582,0,0.641860465116279,0.513470681458003,0,0.542319749216301,0.511591962905719,0.483359746434231,0,0.557299843014129,0.54320987654321,0.476874003189793,0.555379746835443,0.546341463414634,0,0.656645569620253,0.502377179080824,0.576323987538941,0.617088607594937,0.6288,0.485981308411215,0.544303797468354,0.466353677621283,0.437990580847724,0.534072900158479,0.4625,0.450079239302694,0.489566613162119,0.462848297213622,0.593650793650794,0.653250773993808,0.675632911392405,0.464342313787639,0.500821018062397,0.0282574568288854,0.629160063391442,0.485086342229199,0.609105180533752,0.656967840735069,0.461538461538462,0.468253968253968,0.499210110584518,0.777059773828756,0.457547169811321,0.636217948717949,0.488038277511962,0.464342313787639,0,0.656298600311042,0.636217948717949,0.541139240506329,0.0297805642633229,0.5359375,0.497652582159624,0.568535825545171,0.538950715421304,0,0.615748031496063,0.458990536277603,0.599686028257457,0.471544715447154,0.477635782747604,0.4768,0.686614173228347,0.676375404530744,0.680379746835443,0.602965403624382,0,0.617554858934169,0.532507739938081,0.551401869158878,0.653250773993808,0.467094703049759,0.553090332805071,0,0.672926447574335,0.527216174183515,0.562798092209857,0.631329113924051,0.448717948717949,0.607198748043818,0.457095709570957,0.481658692185008,0,0.46319018404908,0.517996870109546,0.440677966101695,0.613458528951487,0.47557003257329,0.552215189873418,0.494556765163297,0.52931854199683,0.560702875399361,0.60291734197731,0.504573170731707,0.4671875,0.456112852664577,0.6765625,0.496012759170654,0.447368421052632,0.546850998463902,0.54746835443038,0.438003220611916,0.46551724137931,0.599688473520249,0.564541213063764,0.486928104575163,0.499212598425197,0.470496894409938,0,0.577487765089723,0.452830188679245,0.548335974643423,0,0.492890995260663,0.0032,0.55448717948718,0.448382126348228,0.465408805031447,0.00159744408945687,0.620192307692308,0.641025641025641,0.484126984126984,0.546191247974068,0.523349436392915,0.450081833060556,0.935691318327974,0.651419558359621,0.608150470219436,0,0.63015873015873,0.4752,0.458466453674121,0.627575277337559,0.460567823343849,0.469798657718121,0.551505546751189,0,0.483516483516484,0.452380952380952,0.498412698412698,0.666151468315301,0.545454545454545,0.534090909090909,0.609448818897638,0.619365609348915,0.00316455696202532,0.75594294770206,0.616719242902208,0.655172413793103,0,0.636363636363636,0.5168,0.69047619047619,0.612752721617418,0.56468797564688,0,0,0.458521870286576,0.479938271604938,0,0.489763779527559,0.00161550888529887,0,0,0.43859649122807,0,0.467980295566502,0.566929133858268,0.667687595712098,0.442724458204334,0,0,0.45859872611465,0.494640122511485,0.738724727838258,0.550231839258114,0,0.506955177743431,0.658385093167702,0.461417322834646,0.60410094637224,0.63258785942492,0,0.457278481012658,0.551053484602917,0.491171749598716,0.566666666666667,0,0.547546012269939,0.680817610062893,0.619205298013245,0.468454258675079,0,0.475,0.473270440251572,0.448657187993681,0,0.584664536741214,0.48989898989899,0.541734860883797,0.459375,0.445669291338583,0.550156739811912,0.440438871473354,0.683464566929134,0.559561128526646,0.542130365659777,0.616747181964573,0.4953125,0.00158227848101266,0.54675118858954,0.479134466769706,0.544715447154472,0.788553259141494,0.611821086261981,0,0.576086956521739,0.59775641025641,0.681962025316456,0.475077881619938,0.541864139020537,0.60410094637224,0.68976897689769,0.490015360983103,0.534562211981567,0.486529318541997,0.6624,0,0.476780185758514,0.546296296296296,0.470494417862839,0.653530377668309,0.546850998463902,0.449074074074074,0.460191082802548,0.448165869218501,0.620904836193448,0.470219435736677,0.633757961783439,0.644904458598726,0.49685534591195,0.519747235387046,0,0,0.47275641025641,0.4832,0.538827258320127,0.458466453674121,0.475279106858054,0.683962264150943,0.501587301587302,0.601286173633441,0.509375,0,0.472353870458136,0.642857142857143,0.456112852664577,0.462264150943396,0,0.796474358974359,0.46422893481717,0.54416403785489,0.672552166934189,0.592879256965944,0.622727272727273,0.62258064516129,0.49768875192604,0.575987841945289,0.457735247208931,0.462132921174652,0.47626582278481,0.63961038961039,0.57345971563981,0.472613458528951,0.447737909516381,0.00153609831029186,0.684292379471229,0.644859813084112,0.603448275862069,0.628125,0.459842519685039,0.522292993630573,0.4640625,0.131868131868132,0.539087947882736,0,0.6078125,0.537096774193548,0.536507936507936,0.6125,0,0.4858934169279,0.521193092621664,0.4515625,0.446153846153846,0.590189873417722,0.541269841269841,0,0,0.626016260162602,0.558966074313409,0.58908507223114,0,0.532182103610675,0.435458786936236,0.223270440251572,0.672496025437202,0.459069020866774,0.630573248407643,0.474763406940063,0.626356589147287,0.628086419753086,0,0.461068702290076,0.682182985553772,0.690590111642743,0.524844720496894,0.463790446841294,0.661367249602544,0.00156985871271586,0.5,0.493846153846154,0,0.483670295489891,0.531645569620253,0.48,0.659340659340659,0,0.00157232704402516,0.702127659574468,0.584269662921348,0.549689440993789,0.599041533546326,0.0031496062992126,0.00161550888529887,0.559090909090909,0.540284360189573,0.45771144278607,0.63849765258216,0.464831804281346,0.541085271317829,0.599688473520249,0.605136436597111,0.558252427184466,0.597381342062193,0.530708661417323,0.00156985871271586,0.5408,0,0.456521739130435,0.465378421900161,0.464723926380368,0.54983922829582,0.457792207792208,0,0.605015673981191,1,0.455399061032864,0,0.456656346749226,0,0.641233766233766,0.477064220183486,0,0.610852713178295,0.46656050955414,0.578525641025641,0.491143317230274,0.549382716049383,0,0.456964006259781,0.593301435406699,0,0.656832298136646,0.532012195121951,0.544461778471139,0.448717948717949,0.472843450479233,0.45565749235474,0.472266244057052,0.460420032310178,0,0.480830670926518,0.00784929356357928,0.643423137876387,0.587955625990491,0.475,0.463607594936709,0.47360248447205,0.457231726283048,0.0616113744075829,0.560192616372392,0.48019801980198,0.479813664596273,0.688679245283019,0.459501557632399,0.442338072669826,0.478461538461538,0,0,0.471385542168675,0,0.568992248062016,0.00158227848101266,0.482170542635659,0.602605863192182,0.614035087719298,0.604327666151468,0.518578352180937,0.00159235668789809,0.6015625,0.453271028037383,0.45839874411303,0.624405705229794,0.698484848484848,0.631578947368421,0.590839694656489,0.611727416798732,0.540157480314961,0.605873261205564,0.680445151033386,0.634768740031898,0.685758513931889,0.5359375,0,0.526315789473684,0.645161290322581,0.451456310679612,0.594679186228482,0.650769230769231,0.723642172523962,0.543307086614173,0.466458658346334,0.501650165016502,0.485668789808917,0.462157809983897,0.466034755134281,0.614649681528662,0.63391442155309,0.472089314194577,0.54337899543379,0.557275541795666,0.558730158730159,0.00313479623824451,0.457231726283048,0.488226059654631,0,0.633440514469453,0,0.508744038155803,0,0.471138845553822,0.456692913385827,0.552469135802469,0.53577106518283,0.458461538461538,0.644230769230769,0.595911949685535,0.511146496815287,0,0,0.499181669394435,0.496171516079632,0.478260869565217,0,0,0.539967373572594,0.638065522620905,0.692913385826772,0,0.616113744075829,0,0.506369426751592,0.456112852664577,0.567961165048544,0.629107981220657,0,0.592,0.617224880382775,0.563981042654028,0.469767441860465,0.567233384853168,0.550239234449761,0.476345840130506,0.0665610142630745,0.457735247208931,0,0.468277945619335,0.0015748031496063,0.444267515923567,0.551342812006319,0.343450479233227,0,0,0.585826771653543,0.526570048309179,0.492331288343558,0.597842835130971,0.553680981595092,0.543548387096774,0.535101404056162,0.498480243161094,0,0.552380952380952,0.472,0,0.47258064516129,0.481366459627329,0.56031746031746,0.020440251572327,0.543171114599686,0.446511627906977,0.605475040257649,0.562599049128368,0.591803278688525,0.58814352574103,0.739344262295082,0.636785162287481,0.458730158730159,0,0.710862619808307,0.472952086553323,0.00159744408945687,0,0.535768645357686,0,0.541732283464567,0.455399061032864,0.602627257799672,0.557723577235772,0.536507936507936,0.661881977671451,0.485668789808917,0.959876543209877,0.0279503105590062,0.528548123980424,0.0562700964630225,0.01743264659271,0,0.472,0.550989345509893,0.55608214849921,0.549230769230769,0.527777777777778,0.0241935483870968,0.0325581395348837,0.553291536050157,0.0191693290734824,0.00646203554119548,0.0330708661417323,0.0203761755485893,0.0338983050847458,0.559055118110236,0.021875,0.529886914378029,0.530448717948718,0.0226171243941842,0.542130365659777,0.0510835913312693,0.553822152886115,0.541269841269841,0.553680981595092,0.562998405103668
"642",0.998412698412698,1,0.967741935483871,0.9375,0.982428115015974,1,0.892405063291139,0.974882260596546,1,0,1,0,0.562403697996918,1,0.0397456279809221,0.00771604938271605,0,0.0126382306477093,0.996865203761755,0.982785602503912,0.15527950310559,0.0294117647058824,0.987730061349693,0,0.959438377535101,0.253543307086614,0.102362204724409,0.987179487179487,0.458715596330275,0.685185185185185,0,0.671802773497689,0.75801282051282,0.277258566978193,0,1,0.0202177293934681,0.995319812792512,0.258358662613982,0.907012195121951,0.00157728706624606,0.0140405616224649,0.00613496932515337,1,0.766721044045677,0.0238095238095238,0.5,0,0.45662100456621,0.122356495468278,0,0.99685534591195,0.253164556962025,1,0.882165605095541,0.151658767772512,0,0.976076555023923,0.955384615384615,0.898484848484848,0.284820031298905,0.431888544891641,0,0,0.910112359550562,0.822429906542056,0,0.990445859872611,0,0,0.863354037267081,0.0078125,0.0169753086419753,1,0,0.690769230769231,0.043343653250774,0.564263322884012,0.892063492063492,0.252873563218391,0,0.694915254237288,0.204268292682927,1,0.0964230171073095,0.898278560250391,0.996879875195008,0.966153846153846,0.96583850931677,0.00911854103343465,0.987421383647799,1,0,0,0.974317817014446,0,0.301412872841444,0.978294573643411,0.00619195046439629,0.00792393026941363,0.619783616692427,0,0.275590551181102,1,0.098310291858679,1,0.00797448165869218,0.974921630094044,0,0.00943396226415094,0.00773993808049536,0.902053712480253,0.322327044025157,0.992125984251969,0,0.984732824427481,0.694488188976378,0,0,0.210110584518167,0,0.762052877138414,0.250386398763524,0.074313408723748,0.975572519083969,0.1375,0.996923076923077,0.995297805642633,0,0.554858934169279,0.930708661417323,0.483253588516746,0.988782051282051,0,0.995260663507109,0.0226586102719033,0,0.204113924050633,0.617647058823529,0.515248796147673,0,0,0.978159126365055,0.740916271721959,0.168284789644013,1,0.0063391442155309,0.928125,0.403481012658228,0.977099236641221,0.134304207119741,0.984472049689441,1,0.829984544049459,0.993759750390016,0,1,0,0,0.734920634920635,0.858678955453149,0.984447900466563,0.0140405616224649,0,1,0.432258064516129,1,1,1,0.283513097072419,0.978260869565217,0.00155763239875389,0.946236559139785,0,0.89358372456964,0.370769230769231,0,0.985849056603774,0,0.841692789968652,1,0.117274167987322,0.984375,0.950078003120125,0.992469879518072,0.973684210526316,0.0903426791277259,0.355932203389831,0.918962722852512,0.93900481540931,0.0484375,0.0046875,0.985849056603774,0.854037267080745,0,0,0.294585987261146,0.00157728706624606,1,0.231839258114374,0.874003189792663,0.748079877112135,0.989214175654854,0.425196850393701,0.425465838509317,0.292880258899676,0.920634920634921,0.965571205007825,0.870917573872473,0,0.86875,0.173139158576052,0.939346811819596,0,0.0632530120481928,0.536547433903577,0.981042654028436,0.98,0.81619937694704,0.998449612403101,0.880503144654088,0,0.0617283950617284,0.64624808575804,0.993690851735016,0,0.990853658536585,0.983383685800604,0.555031446540881,0.540284360189573,0.990521327014218,1,0.362204724409449,0,0.881278538812785,0.513385826771654,0.967897271268058,0,0.955453149001536,0.998417721518987,1,0.95125786163522,0.521472392638037,0.00157232704402516,0.967238689547582,0.531782945736434,0.00453172205438067,0,0.186602870813397,0,0.143987341772152,0.675925925925926,0,0.00457317073170732,0.0109034267912773,0.592085235920852,0.0383386581469649,0.984496124031008,0.0110584518167457,0,0,0.221870047543582,1,0.976452119309262,0.898595943837754,0,0.8672,0.860643185298622,0.66875,0.589783281733746,0.45,0.459119496855346,0.00938967136150235,1,0.0934579439252336,0.678104575163399,0.957613814756672,0.0139318885448916,0.746875,0.00154798761609907,0.10410094637224,1,1,0.883386581469649,0,0.642967542503864,0.88503937007874,0,0,0.893353941267388,0.978090766823161,0,0.00155763239875389,0,0.980861244019139,0.882352941176471,0,0,0.376360808709176,0.988871224165342,0.787786259541985,0.379310344827586,0.663522012578616,0.960122699386503,0.0110935023771791,1,1,0.00635930047694754,0.963722397476341,1,0.974643423137876,0.996870109546166,0.168769716088328,0.306153846153846,0.277864992150706,0.974643423137876,0.943729903536977,0.0507692307692308,0.2448,0.970172684458399,0.154798761609907,0.296520423600605,0.995327102803738,0.998425196850394,0.968798751950078,0.68312101910828,0.998466257668712,0.227053140096618,0.961300309597523,0.996820349761526,0,0.314553990610329,0.533546325878594,0.01875,0.0507692307692308,0.00463678516228748,0.896764252696456,0.0214067278287462,0,0,0.21183800623053,0.993730407523511,0.0634674922600619,0.98531810766721,0.965463108320251,0.988993710691824,0.278740157480315,0.278135048231511,0.668769716088328,0.447882736156352,0,0.815457413249211,0.0121951219512195,0.0354391371340524,0.191222570532915,1,0.0015600624024961,0,0.325617283950617,0.0107033639143731,0.0222929936305732,0.465625,1,0.25796178343949,1,0.963836477987421,0,0.990977443609023,0,1,0.81875,1,0.0124416796267496,0.978328173374613,0,0.885093167701863,0.692926045016077,0.946957878315133,0.986259541984733,0.998432601880878,0.294117647058824,0.963258785942492,1,0,0.021671826625387,1,1,0.313479623824451,0.884012539184953,0.971014492753623,0.947449768160742,1,0,0.104333868378812,1,0.0015625,0,0.963665086887836,0.0095389507154213,0.0394321766561514,1,0.967084639498433,0.00313479623824451,0.63349131121643,0.407232704402516,0.984301412872841,0.00163132137030995,0.862776025236593,0.996820349761526,0.373015873015873,0.604724409448819,0.772292993630573,0,0.160125588697017,0.976152623211447,1,0.43944099378882,1,0.97171381031614,0.0252764612954186,0.00154798761609907,0.989197530864197,0.995253164556962,0.950233281493002,0.681181959564541,0.00797448165869218,0.859872611464968,0.234009360374415,0.179902755267423,0.0078003120124805,0.605590062111801,0.590111642743222,0.594090202177294,0,0.269354838709677,0.909090909090909,0.629457364341085,0.498442367601246,0.0691729323308271,0,0,1,0.976816074188563,0,0.920436817472699,0.00958466453674121,0,0,0.998430141287284,0,1,0.773993808049536,0.533232628398791,1,0,0,0.996825396825397,0.964992389649924,0.703076923076923,0,0.0032258064516129,0.878419452887538,0.604037267080745,1,0.514774494556765,0.331768388106416,0,0.976635514018692,0,0.95389507154213,0.0816326530612245,0,0.00916030534351145,0.102201257861635,0.467661691542289,0.968944099378882,0,0.948091603053435,0.976958525345622,1,0,0.0647709320695103,0.933993399339934,0.00328947368421053,1,1,0.00770416024653313,1,0.289099526066351,0.795918367346939,0.0093603744149766,0.163987138263666,0.959183673469388,0.00949367088607595,0,0.977029096477795,0.008,0.63968253968254,0.384012539184953,0,0.103076923076923,0.723370429252782,0.253477588871716,0.978227060653188,0,0.149691358024691,0.445528455284553,0.943338437978561,0.882262996941896,0.961240310077519,0.737942122186495,0,0.981707317073171,0,0.967084639498433,0.391869918699187,0,1,1,1,0.618153364632238,0.984639016897081,0.125796178343949,0.185534591194969,0.955108359133127,0.877358490566038,0,0,0.988906497622821,0.938808373590982,0.0141287284144427,0.983948635634029,0.993808049535604,0.355799373040752,0.931309904153355,0.729393468118196,0.882170542635659,0,0.973684210526316,0.334905660377358,1,0.998439937597504,0,0.638364779874214,0.97258064516129,0,0.677777777777778,0.3671875,0.796101949025487,0.667189952904239,0.953383458646617,0.0746268656716418,0.985645933014354,1,0.980152671755725,0.299524564183835,0.100946372239748,0.993779160186625,1,0.00613496932515337,0.770670826833073,0.434579439252336,0.250783699059561,0.756714060031596,1,0.866251944012442,1,0.122324159021407,0,0,0.807017543859649,0.0032,0,0.256609642301711,0,0.990654205607477,0.911901081916538,1,0.993788819875776,0.0829420970266041,0,0,0,0.16984126984127,0.0710900473933649,0.141287284144427,0,0,1,0.0108359133126935,0.28892455858748,1,0.584251968503937,0.973143759873618,0.642301710730949,0.618320610687023,0,1,0.391912908242613,0.49211356466877,0.91820987654321,0.986196319018405,0.386292834890966,0.009375,0.951334379905808,0.954828660436137,0,0.967987804878049,0.014018691588785,0.983844911147011,0.432098765432099,0,0.00628930817610063,0.507317073170732,0.837837837837838,0,0.133440514469453,0.0093603744149766,0.0016,0.739663093415008,0.0238853503184713,1,0.305555555555556,0.993846153846154,0,0.369397217928903,0.313694267515924,0.858064516129032,0.0870967741935484,0.00462962962962963,0.00308166409861325,0.0408805031446541,0,0.998470948012232,0.0434083601286174,0.978947368421053,0.00475435816164818,1,0,0.509923664122137,0.455399061032864,1,0,0.998489425981873,0,0.384364820846906,0.989045383411581,0,0.651305683563748,0.982731554160126,0.731629392971246,0.947619047619048,0.0367534456355283,0,1,0.246056782334385,0,0.666151468315301,0,0.0184331797235023,1,1,0.989329268292683,0.969040247678019,0.980769230769231,0,0.974882260596546,0.0215716486902928,0.348228043143297,0.268445839874411,0.993798449612403,0.992211838006231,0.993827160493827,0.992412746585736,0.0590062111801242,0.0127388535031847,0.985436893203884,0.9578125,0.710122699386503,0.976816074188563,1,0.97045101088647,0,0,0.983383685800604,0,0.0584615384615385,0,0.953775038520801,0.26731078904992,0.2016,0.110599078341014,0.9234375,0,0.108527131782946,1,1,0.631083202511774,0.405731523378582,0.204511278195489,0.174506828528073,0.637820512820513,0,0.11214953271028,0.545741324921136,0.246445497630332,0.693023255813954,0.00770416024653313,0,0,0.322834645669291,1,0.621495327102804,0.225563909774436,0.610591900311526,0.87111801242236,0.990839694656489,0.959150326797386,0.982484076433121,1,0.998430141287284,0.540625,0.400313971742543,0.998427672955975,0.0060882800608828,0.00914634146341463,0.8609375,0.00930232558139535,1,0.973724884080371,0,0.106796116504854,0,0.946708463949843,0,0.975116640746501,1,0.00612557427258806,0.822222222222222,1,0.653907496012759,0.62596599690881,0.872,0,0,0.930756843800322,0.941964285714286,0.987711213517665,0,0,0,0.216049382716049,0.497622820919176,0,0.445669291338583,0,0.917057902973396,1,0.167731629392971,0.230293663060278,0,0.32695374800638,0.569182389937107,0.864779874213837,0.960183767228178,0.772307692307692,0,0.988727858293076,0.0172955974842767,1,0,0.983231707317073,0.0063391442155309,1,0.0157232704402516,0.0128205128205128,0,0,0.816901408450704,0.924071082390953,0.932098765432099,0.709677419354839,0.0244648318042813,0.00627943485086342,0.834365325077399,0.842592592592593,0,0.0124031007751938,0.97191887675507,0,0.987138263665595,0.951788491446345,0.061128526645768,0.0401234567901235,0.00311526479750779,1,0.458990536277603,0.0725552050473186,0.0932475884244373,0.1112828438949,0.67047308319739,0.0820433436532508,1,0,0.757911392405063,0.980332829046899,0.00477707006369427,0,0,0,0,1,0.707119741100324,0,0,0.545166402535658,0.955484896661367,0.430981595092025,0.0482115085536547,0.00161290322580645,0.0531400966183575,0.0188383045525903,0,0.0296411856474259,0.00598802395209581,0.00160513643659711,0.010752688172043,0,0.0482315112540193,0.0546021840873635,0.0123647604327666,0.0217729393468118,0.00483870967741936,0.0268562401263823,0.0263975155279503,0.0604651162790698,0.00625,0.0247295208655332,0,0.0031055900621118,0.0440944881889764,0.00477707006369427,0.0260336906584992,0,0.034375,0.00151057401812689,0.00157232704402516
"643",0,0,0,0,0,0,0.0145867098865478,0,0,1,0,1,0,0,0,0,1,0.980551053484603,0,0,0,0,0,1,0,0,0,0,0,0,0,0,0.00161812297734628,0,1,0,0.974842767295597,0,0,0,0.998381877022654,0.984251968503937,0.993630573248408,0,0,0,0,0,0,0,1,0,0,0,0.0142630744849445,0,1,0,0.0015552099533437,0,0,0,0,1,0,0,1,0,1,0,0,0,0,0,1,0.0015625,0,0,0.00165289256198347,0,1,0,0,0,0,0,0,0,0.00158730158730159,0.9890625,0,0,1,1,0,1,0.0174050632911392,0,0.992088607594937,0.990521327014218,0.0111464968152866,1,0,0,0,0,0.98858075040783,0.00159744408945687,0,0,0,0.0161812297734628,0,0,1,0,0,1,0,0,1,0.00161812297734628,0,0,0,0,0,0,1,0.00796178343949045,0,0,0,1,0,0,1,0,0,0.00822368421052632,1,1,0,0,0,0,0,0,0,0,0,0,0,0,0,0,0,0,1,0,0.0046583850931677,0,0,1,0,0,0,0,0,0,0,0,0,0,0.0032,0,1,0,1,0,0,0,0,0,0,0,0,0,0,0,0,0,0,0.0221518987341772,1,1,0,0.9984,0,0,0.011400651465798,0,0,0,0,0,0,0,0.00159235668789809,1,0,0,0,0,0,0.00476190476190476,0,0,0.00160513643659711,0,0,1,0,0,0,1,0,0,0.00641025641025641,0,0,0,0.017741935483871,1,0.0157977883096366,0,0,0,0,0,0,0,0,0,0,0,0,0,0,0,0,0,0,0,0,0,0,0,0.988524590163934,0,1,0.00161030595813205,0,0,0,1,0.0016260162601626,0.00311526479750779,0,0,0,0,0.988906497622821,0,0,0,0,0,0,0,0,0,0,0.0146818923327896,1,0,0.0162866449511401,1,0,0.0141732283464567,0,1,0,0,0,0,0,1,0.0162074554294976,0,0,0,0,0,0,0,0,0,0,0,0,0,0,0,0,0.00161290322580645,0,0.957345971563981,0,0,0,0,0,0,0,0,0,0,0,0,1,0,0.0065252854812398,0,0.9515625,0,0,0,0,1,0,0,0,0,0,0,0,0,0,0,1,0,0,0,0,0,0,1,0,0,0,0.00315457413249211,0,0,0,0,1,0,0,0,0,0,0,0,0,0,0,0,0,0.00161550888529887,0,0,0,0,0,0,0,0,0,0,0,0,1,0,0,0,1,0,0.988654781199352,0,0,0,0.996789727126806,0.00977198697068404,0,0,0,0,0,0,0,0,1,0,0,0,0,0,0,0,0.998412698412698,0,0,0,0,0,0.00481540930979133,0,0.0151006711409396,0.993579454253612,0,0,0,1,0,0.00159744408945687,0,0,0,1,1,0,0,1,0,0.990243902439024,1,1,0,1,0,0.00163132137030995,0.00769230769230769,0,1,1,0,0,0,0,0.996747967479675,0.0204724409448819,0,0,0,0,1,0,0,0.00160771704180064,0,1,0,0,0,0.00159744408945687,1,0,0,0,1,0,0,0,0,0,0,0,0,0,0,0,0,0.988871224165342,0,0,0,0,0.00805152979066022,1,0,0.0033112582781457,0,0,0,0,0,0,0,0,0,1,0,0,0,0.00501672240802676,0,0,0,0,0,0,0,0,0,0.0144230769230769,1,1,0,0,0,0,0,0,0,0,0.0171073094867807,1,0,0.012779552715655,0,0,1,0,0,0,0.0016260162601626,0,0,0,0,0,0.00165562913907285,0,0,0.0147299509001637,0.023961661341853,0,0,0.992125984251969,0,0,0,0,0,0,0,0.773940345368917,0,1,0.0016,0,0,0,1,0,0,0,0,0,0,1,1,0,0,0,1,0,0,0.581102362204724,0,0,0.00956937799043062,0,0,0,1,0,0,0,0.00476190476190476,0,0,0.989010989010989,0,0,1,0.00154559505409583,0,0,0,1,0.990551181102362,0,0,0,0,0.988958990536278,0.998333333333333,0,0,0,0,0,0,0,0,0.00496688741721854,0,0,0.996879875195008,0,1,0,0.151666666666667,0,0,0,1,0,0,0,1,0,1,0,0,1,0.0159235668789809,0,0,0.00164203612479475,0,1,0,0,1,0,0,0,0,0,0,0.00161550888529887,0,1,0,0.976489028213166,0.0158478605388273,0,0,0,0,0,0.914285714285714,0,0,0,0,0,0,0,1,1,0,1,0,0.998384491114701,0,0,0,0,0,0.998402555910543,0,0,0,0,0,0,0,0,0,0,0,0,0,0,1,0,0.0144694533762058,0,0.0251968503937008,0,0,0.00470957613814757,0,0.00165562913907285,0,0,0,0,0,0,0,0,0.0031201248049922,0.987240829346092,0,0,1,0,1,0,1,0,0,0,0,0,0.00162074554294976,0,0.0194489465153971,1,1,0,0,0,1,1,0,0,0,1,0,1,0,0,0.0325732899022801,0,1,0,0,0,0,0,0,0,0.897560975609756,0,1,0,0.992050874403816,0,0,0.372093023255814,1,1,0.00161290322580645,0,0.0094488188976378,0,0,0,0,0,1,0,0,1,0,0,0,0.960191082802548,0,0,0,0,0,0,0,0,0,1,0,0,0.995169082125604,1,0,1,0,0,0,0,0,0.00644122383252818,0.00492610837438424,0,0.953748006379585,0,0.898858075040783,0.971518987341772,1,0.16504854368932,0,0,0.00474683544303797,0,0.950980392156863,0.949286846275753,0,0.971291866028708,0.991869918699187,0.941368078175896,0.966824644549763,0.94551282051282,0,0.963549920760697,0,0,0.957860615883306,0,0.924646781789639,0,0.0435483870967742,0,0
"644",0.998442367601246,0.998468606431853,0.974320241691843,0.947619047619048,0.984301412872841,0.998415213946117,0.891640866873065,0.977029096477795,0.998500749625187,0,0.998468606431853,0,0.573820395738204,0.998447204968944,0.0432766615146832,0.00763358778625954,0,0.0172143974960876,0.995230524642289,0.986153846153846,0.152439024390244,0.032967032967033,0.990825688073395,0,0.95475113122172,0.247678018575851,0.109034267912773,0.990551181102362,0.469788519637462,0.688172043010753,0.00149925037481259,0.686635944700461,0.760629921259843,0.289230769230769,0,1,0.0209895052473763,0.996937212863706,0.256296296296296,0.909228441754917,0.0015552099533437,0.0184899845916795,0.00606980273141123,1,0.776545166402536,0.0249221183800623,0.506976744186047,0.00153846153846154,0.462349397590361,0.131147540983607,0,0.990769230769231,0.273155416012559,1,0.88006230529595,0.157650695517774,0,0.979559748427673,0.95952023988006,0.902290076335878,0.297872340425532,0.44309559939302,0,0,0.909375,0.833590138674884,0,0.990521327014218,0,0,0.86085626911315,0.00772797527047913,0.0168711656441718,0.998500749625187,0,0.705614567526555,0.0467571644042232,0.56859756097561,0.897151898734177,0.256038647342995,0,0.700301204819277,0.204783258594918,0.998473282442748,0.116923076923077,0.91566265060241,0.998473282442748,0.972644376899696,0.969879518072289,0.0120845921450151,0.98755832037325,0.998452012383901,0,0,0.971698113207547,0,0.298003072196621,0.983050847457627,0.0076103500761035,0.00927357032457496,0.615975422427035,0,0.286821705426357,1,0.101361573373676,0.998432601880878,0.0109204368174727,0.98145285935085,0.00154798761609907,0.00925925925925926,0.00766871165644172,0.899691358024691,0.318885448916409,0.992319508448541,0,0.986322188449848,0.710077519379845,0,0.00153846153846154,0.234930448222566,0,0.761609907120743,0.255023183925811,0.0729001584786054,0.973643410852713,0.150076569678407,0.998480243161094,0.995341614906832,0,0.543778801843318,0.934883720930233,0.496087636932707,0.990491283676704,0,0.993630573248408,0.0255639097744361,0,0.209302325581395,0.635658914728682,0.511923688394277,0,0,0.978560490045942,0.763523956723339,0.180817610062893,0.998449612403101,0.00770416024653313,0.931506849315068,0.402190923317684,0.980392156862745,0.132492113564669,0.984639016897081,0.998420221169036,0.830015313935682,0.998449612403101,0.00157728706624606,0.998449612403101,0.00155038759689922,0,0.745709828393136,0.86969696969697,0.980182926829268,0.0183767228177642,0,0.998496240601504,0.450079239302694,0.998405103668262,1,0.998461538461539,0.292353823088456,0.977064220183486,0.00307692307692308,0.947368421052632,0,0.889922480620155,0.366718027734977,0,0.98159509202454,0,0.853658536585366,0.998466257668712,0.122670807453416,0.981651376146789,0.950301204819277,0.988183161004431,0.977511244377811,0.101538461538462,0.363358778625954,0.920634920634921,0.943573667711599,0.0573643410852713,0.00611620795107034,0.981279251170047,0.854263565891473,0,0,0.296754250386399,0.00154320987654321,1,0.249244712990937,0.871069182389937,0.763277693474962,0.989457831325301,0.4359375,0.437878787878788,0.289514866979656,0.916666666666667,0.961300309597523,0.877488514548239,0,0.873668188736682,0.177952755905512,0.945652173913043,0.00153374233128834,0.0677710843373494,0.536321483771252,0.973926380368098,0.983358547655068,0.828173374613003,0.996932515337423,0.892523364485981,0,0.0735068912710567,0.665144596651446,1,0,0.990922844175492,0.98355754857997,0.551459293394777,0.556589147286822,0.992378048780488,0.998422712933754,0.363494539781591,0,0.883256528417819,0.511773940345369,0.974603174603175,0.0015220700152207,0.961019490254873,0.996908809891808,1,0.951070336391437,0.529862174578867,0.00154083204930663,0.972136222910217,0.544049459041731,0.00439882697947214,0.00298507462686567,0.19751166407465,0.00155038759689922,0.143525741029641,0.683734939759036,0.00154083204930663,0.00303490136570561,0.00907715582450832,0.58761329305136,0.0429252782193959,0.982731554160126,0.0140625,0.00153846153846154,0,0.221528861154446,1,0.978494623655914,0.89618320610687,0,0.871019108280255,0.862275449101796,0.676923076923077,0.593220338983051,0.449768160741886,0.462848297213622,0.0121396054628225,1,0.0888208269525268,0.691082802547771,0.962616822429907,0.0121951219512195,0.751914241960184,0.00154798761609907,0.121875,0.998507462686567,0.998410174880763,0.889415481832543,0,0.648854961832061,0.884969325153374,0,0.00151285930408472,0.887556221889055,0.979750778816199,0,0.00304878048780488,0.00302571860816944,0.981132075471698,0.884259259259259,0.00158730158730159,0,0.38,0.990610328638498,0.788838612368024,0.385448916408669,0.660493827160494,0.961948249619482,0.00925925925925926,1,0.998452012383901,0.00462249614791988,0.967889908256881,0.998454404945904,0.974481658692185,0.996918335901387,0.173312883435583,0.320182094081942,0.280916030534351,0.981279251170047,0.938967136150235,0.0484848484848485,0.259083728278041,0.975232198142415,0.142414860681115,0.297619047619048,0.996923076923077,0.995433789954338,0.970814132104455,0.694227769110764,0.996974281391831,0.246105919003115,0.966257668711656,0.998430141287284,0,0.327217125382263,0.538461538461538,0.0197568389057751,0.0534351145038168,0.010590015128593,0.905631659056317,0.0241691842900302,0.00154559505409583,0,0.214395099540582,0.990551181102362,0.0746951219512195,0.984025559105431,0.967741935483871,0.987673343605547,0.283464566929134,0.28503937007874,0.674846625766871,0.453225806451613,0,0.824961948249619,0.0149700598802395,0.0403587443946188,0.193645990922844,0.998422712933754,0,0,0.327769347496206,0.0107692307692308,0.0220472440944882,0.464615384615385,0.998447204968944,0.264475743348983,0.998394863563403,0.97196261682243,0,0.994100294985251,0,0.996974281391831,0.833590138674884,1,0.0137614678899083,0.980030721966206,0,0.888549618320611,0.716323296354992,0.942684766214178,0.986196319018405,0.996937212863706,0.290076335877863,0.96594427244582,0.998482549317147,0.00150829562594268,0.024653312788906,0.998432601880878,1,0.308510638297872,0.882978723404255,0.963141025641026,0.95565749235474,1,0,0.112341772151899,0.998482549317147,0.00153139356814701,0,0.967391304347826,0.010989010989011,0.0435458786936236,0.998498498498498,0.967441860465116,0.0031496062992126,0.624806201550388,0.420560747663551,0.98297213622291,0.003125,0.8625,0.998420221169036,0.379095163806552,0.599397590361446,0.781591263650546,0,0.157894736842105,0.97626582278481,0.998425196850394,0.452859350850077,0.998468606431853,0.973856209150327,0.027906976744186,0,0.986068111455108,0.996927803379416,0.951788491446345,0.689230769230769,0.00930232558139535,0.860429447852761,0.233587786259542,0.183441558441558,0.0076103500761035,0.62402496099844,0.592649310872894,0.603076923076923,0,0.275430359937402,0.914860681114551,0.638719512195122,0.495481927710843,0.0729166666666667,0,0,0.998527245949926,0.975720789074355,0,0.920245398773006,0.0125391849529781,0,0,0.996879875195008,0,1,0.773556231003039,0.532428355957768,0.998491704374057,0,0,0.990668740279938,0.962406015037594,0.727134146341463,0.00151057401812689,0.00317965023847377,0.877458396369138,0.595712098009188,1,0.541033434650456,0.343076923076923,0,0.983154670750383,0.00157728706624606,0.9515625,0.0913312693498452,0,0.0104321907600596,0.113744075829384,0.481012658227848,0.972602739726027,0,0.953937592867756,0.969742813918306,0.998466257668712,0,0.0733229329173167,0.930979133226324,0.00636942675159236,0.998487140695915,0.998498498498498,0.00903614457831325,0.998496240601504,0.291666666666667,0.796946564885496,0.0107361963190184,0.161442006269592,0.961715160796325,0.0123839009287926,0.00153846153846154,0.974512743628186,0.00786163522012579,0.650316455696203,0.387247278382582,0,0.110599078341014,0.734789391575663,0.256880733944954,0.975270479134467,0.0015527950310559,0.140030441400304,0.460674157303371,0.943683409436834,0.887537993920973,0.967289719626168,0.750778816199377,0,0.983154670750383,0.00151515151515152,0.966717095310136,0.384493670886076,0.0014903129657228,0.998470948012232,0.998442367601246,0.998452012383901,0.634408602150538,0.981735159817352,0.119496855345912,0.186046511627907,0.942635658914729,0.875766871165644,0,0,0.989028213166144,0.93563579277865,0.0124223602484472,0.984101748807631,0.990881458966565,0.374223602484472,0.93603744149766,0.737341772151899,0.886877828054299,0,0.967592592592593,0.332317073170732,0.998482549317147,0.998456790123457,0,0.646058732612056,0.976851851851852,0,0.679304897314376,0.374807987711214,0.803545051698671,0.683153013910355,0.957767722473605,0.086232980332829,0.985781990521327,0.998468606431853,0.984709480122324,0.299679487179487,0.100154083204931,0.989263803680982,0.998489425981873,0.00765696784073507,0.781155015197568,0.446808510638298,0.251141552511416,0.754198473282443,0.998470948012232,0.876543209876543,0.998456790123457,0.120243531202435,0.00161550888529887,0,0.818181818181818,0.0046583850931677,0.0015552099533437,0.266563944530046,0,0.990769230769231,0.91324200913242,0.996927803379416,0.996951219512195,0.087962962962963,0.0015527950310559,0,0,0.177496038034865,0.0699844479004666,0.1625,0,0.00152905198776758,0.998461538461539,0.00899550224887556,0.290880503144654,1,0.582568807339449,0.970633693972179,0.655487804878049,0.638972809667674,0,1,0.389324960753532,0.489197530864198,0.924471299093656,0.990783410138249,0.393518518518519,0.00909090909090909,0.954268292682927,0.957446808510638,0,0.971556886227545,0.0138461538461538,0.9888,0.44104134762634,0,0.00916030534351145,0.5072,0.833078101071976,0,0.127760252365931,0.0123076923076923,0.00156985871271586,0.744776119402985,0.0232558139534884,0.998387096774194,0.307926829268293,0.995488721804511,0,0.375951293759513,0.330721003134796,0.862559241706161,0.10207336523126,0.00460829493087558,0.00308641975308642,0.0387596899224806,0,0.995440729483283,0.0410094637223975,0.982089552238806,0.00313971742543171,1,0,0.518910741301059,0.456656346749226,0.998489425981873,0,1,0,0.38351822503962,0.98955223880597,0,0.650231124807396,0.978361669242658,0.744945567651633,0.952456418383518,0.0346385542168675,0,0.998442367601246,0.252747252747253,0,0.690548780487805,0.00148809523809524,0.0121212121212121,0.998417721518987,0.998447204968944,0.99236641221374,0.97542242703533,0.98613251155624,0,0.976780185758514,0.0257966616084977,0.350983358547655,0.274539877300614,0.990825688073395,0.989280245022971,0.997014925373134,0.992469879518072,0.0501519756838906,0.0171875,0.98389694041868,0.960244648318043,0.718608169440242,0.973966309341501,1,0.976923076923077,0,0,0.982116244411326,0,0.0672782874617737,0,0.95405819295559,0.270440251572327,0.200312989045383,0.121028744326778,0.917057902973396,0,0.111111111111111,0.998466257668712,1,0.637904468412943,0.415929203539823,0.216494845360825,0.174242424242424,0.650621118012422,0.00153609831029186,0.116923076923077,0.547433903576983,0.256172839506173,0.714069591527988,0.0122137404580153,0,0.00154083204930663,0.320872274143302,1,0.609422492401216,0.223053892215569,0.629800307219662,0.870481927710843,0.98956780923994,0.955484896661367,0.980982567353407,0.998425196850394,1,0.527272727272727,0.418569254185693,0.998459167950693,0.00600600600600601,0.012012012012012,0.873261205564142,0.0122324159021407,0.998477929984779,0.96937212863706,0,0.121835443037975,0,0.949152542372881,0,0.972307692307692,0.998459167950693,0.00757575757575758,0.838006230529595,0.998498498498498,0.650621118012422,0.632465543644717,0.87402799377916,0,0,0.929260450160772,0.941520467836257,0.987730061349693,0,0,0.00158730158730159,0.233183856502242,0.501529051987768,0,0.441896024464832,0,0.916403785488959,0.998427672955975,0.16380655226209,0.23644578313253,0,0.338028169014085,0.608359133126935,0.868501529051988,0.966666666666667,0.77947932618683,0.00154083204930663,0.988906497622821,0.0170542635658915,1,0,0.981981981981982,0.00775193798449612,0.998427672955975,0.0201863354037267,0.00934579439252336,0,0,0.827692307692308,0.929356357927786,0.93587786259542,0.715142428785607,0.0221565731166913,0.00470957613814757,0.838759689922481,0.843609022556391,0,0.0139968895800933,0.970769230769231,0,0.989045383411581,0.957186544342508,0.0597243491577335,0.0436746987951807,0.00462962962962963,0.998498498498498,0.465007776049767,0.0733229329173167,0.10031847133758,0.109422492401216,0.688291139240506,0.0964777947932619,0.998425196850394,0,0.7601246105919,0.983433734939759,0.00470219435736677,0,0.00149476831091181,0,0.00154798761609907,0.998466257668712,0.709984152139461,0.00156494522691706,0.00156494522691706,0.5390625,0.956656346749226,0.447488584474886,0.046969696969697,0.00315955766192733,0.0508744038155803,0.0199081163859112,0,0.0297805642633229,0.00753012048192771,0.00313479623824451,0.013595166163142,0.00150375939849624,0.0489731437598736,0.0606980273141123,0.0153139356814701,0.0231124807395994,0.0062992125984252,0.0276923076923077,0.0261538461538462,0.0584615384615385,0.00763358778625954,0.0215716486902928,0,0.00313479623824451,0.0450310559006211,0.00928792569659443,0.0240601503759399,0.00151745068285281,0.0311526479750779,0.00297176820208024,0.00307692307692308
"645",0,0,0,0,0,0,0.016,0.00158227848101266,0,1,0,1,0,0,0,0,1,0.984101748807631,0,0,0,0,0,1,0,0,0,0,0,0,0,0,0.00161550888529887,0,1,0,0.974921630094044,0,0,0,0.998381877022654,0.984301412872841,0.995341614906832,0,0,0,0,0,0,0,1,0,0,0,0.0143312101910828,0,1,0,0.00313971742543171,0,0,0,0,1,0,0,1,0,1,0,0,0,0,0,1,0.0015527950310559,0,0,0.00163132137030995,0,1,0,0,0,0,0,0,0,0.00314465408805031,0.987635239567233,0,0,1,1,0,1,0.01875,0,0.992088607594937,0.99198717948718,0.0127591706539075,1,0,0,0,0,0.990491283676704,0.00317965023847377,0,0,0,0.014308426073132,0,0,1,0,0,1,0,0,1,0.00161030595813205,0,0,0,0,0,0,1,0.0064,0,0,0,1,0,0,1,0,0,0.00805152979066022,1,1,0,0,0,0,0,0,0,0,0,0,0,0,0,0,0,0,1,0,0.00464396284829721,0,0,1,0,0,0,0,0,0,0,0,0,0,0.00159744408945687,0,1,0,1,0,0,0,0,0,0,0,0,0,0,0,0,0,0,0.021671826625387,1,1,0,0.998439937597504,0,0,0.0115321252059308,0,0,0,0,0,0,0,0.0015748031496063,1,0,0,0,0,0,0.00477707006369427,0,0,0.00158227848101266,0,0,1,0,0,0,1,0,0,0.00481540930979133,0,0,0,0.0192616372391653,1,0.0138888888888889,0,0,0,0,0,0,0,0,0,0,0,0,0,0,0,0,0,0,0,0,0,0,0,0.98876404494382,0,1,0.00482315112540193,0,0,0,1,0,0.0015748031496063,0,0,0,0,0.989147286821705,0,0,0,0,0,0,0,0,0,0,0.0129032258064516,1,0,0.0161030595813204,1,0,0.013953488372093,0.00159744408945687,1,0,0,0,0,0,1,0.0191082802547771,0,0,0,0,0,0,0,0,0,0,0,0,0,0,0,0,0.00322061191626409,0,0.949606299212598,0,0,0,0,0,0,0,0,0,0,0,0,1,0,0.00977198697068404,0,0.94488188976378,0,0,0,0,1,0,0,0,0,0,0,0,0,0,0,1,0,0,0,0,0,0,1,0,0,0,0.00316455696202532,0,0,0,0,1,0,0,0,0,0,0,0,0,0,0,0,0,0.00314465408805031,0,0,0,0,0,0,0,0,0,0,0,0,1,0,0,0,1,0,0.988745980707395,0,0,0,0.995169082125604,0.00961538461538462,0,0,0,0,0,0,0,0,1,0,0.00161550888529887,0,0,0,0,0,0.998397435897436,0,0,0,0,0,0.00478468899521531,0,0.0134228187919463,0.993640699523052,0,0,0,1,0,0.00157232704402516,0,0,0,1,1,0,0,1,0,0.990306946688207,1,1,0,1,0,0.00159235668789809,0.00614439324116743,0,1,1,0,0,0,0,0.996710526315789,0.0202177293934681,0,0,0,0,1,0,0,0.00159489633173844,0,1,0,0,0,0.00157728706624606,1,0,0,0,1,0,0,0,0,0,0,0,0,0,0,0.00160513643659711,0,0.988782051282051,0,0,0,0,0.0126382306477093,1,0,0.00325732899022801,0,0,0,0,0,0,0,0,0,1,0,0,0,0.00487012987012987,0,0,0,0,0,0,0,0,0,0.0141509433962264,1,1,0,0,0,0,0,0,0,0,0.0189873417721519,1,0,0.0173775671406003,0,0,1,0,0,0,0.00160513643659711,0,0,0,0,0,0.0032520325203252,0,0,0.0166112956810631,0.0237341772151899,0,0,0.990654205607477,0,0,0,0,0,0,0,0.773643410852713,0,1,0.00158730158730159,0,0,0,1,0,0,0,0,0,0,1,1,0,0,0,1,0,0,0.554502369668246,0,0,0.00934579439252336,0,0,0,1,0,0,0,0.00625978090766823,0,0,0.98740157480315,0,0,1,0.00155763239875389,0,0,0,1,0.989079563182527,0,0,0,0,0.9890625,0.998371335504886,0,0,0,0,0,0,0,0,0.00491803278688525,0,0,0.996830427892235,0,1,0,0.147967479674797,0.00154320987654321,0,0,1,0,0,0,1,0,1,0,0,1,0.0205371248025276,0,0,0.00161812297734628,0,1,0,0,1,0,0,0,0,0,0,0.00324149108589951,0,1,0,0.981220657276995,0.0183767228177642,0,0,0,0,0,0.917981072555205,0,0,0,0,0,0,0,1,1,0,1,0,0.998415213946117,0,0,0,0,0,0.998412698412698,0,0,0,0,0,0,0,0,0,0,0,0,0,0,1,0,0.0179153094462541,0,0.0332278481012658,0,0,0.0046656298600311,0,0.00161812297734628,0,0,0,0,0,0,0,0,0.0031496062992126,0.988924050632911,0,0,1,0,1,0,1,0,0,0,0,0,0.0016,0,0.0193236714975845,1,1,0,0,0,1,1,0,0,0,1,0,1,0,0,0.0323624595469256,0,1,0,0,0,0,0,0,0,0.901771336553945,0,1,0,0.991922455573506,0,0,0.358974358974359,1,1,0.00157728706624606,0,0.00952380952380952,0,0,0,0,0,1,0,0,1,0,0,0,0.954545454545455,0,0,0,0,0,0,0,0,0,1,0,0,0.996830427892235,1,0,1,0,0,0,0,0,0.00483091787439614,0.00487012987012987,0,0.95046439628483,0,0.899505766062603,0.976377952755906,1,0.16031746031746,0,0,0.00628930817610063,0,0.952076677316294,0.943661971830986,0,0.977564102564103,0.993517017828201,0.95125786163522,0.973270440251572,0.941548183254344,0,0.972929936305732,0,0,0.954765751211632,0,0.93603744149766,0,0.0544,0,0
"646",0.391869918699187,0.397727272727273,0.430141287284144,0.435980551053485,0.4,0.403940886699507,0.456910569105691,0.411669367909238,0.3984375,0,0.400651465798046,0,0.59775641025641,0.390365448504983,0.6368,0.611556982343499,0,0.00483091787439614,0.384615384615385,0.41025641025641,0.63301282051282,0.617021276595745,0.4016,0,0.432216905901116,0.651465798045603,0.617886178861789,0.406611570247934,0.65251572327044,0.563779527559055,0.605388272583201,0.662379421221865,0.552674230145867,0.6192,0,0.407108239095315,0.0111821086261981,0.394611727416799,0.687402799377916,0.424528301886792,0,0.0031496062992126,0,0.397394136807818,0.543801652892562,0.631404958677686,0.615508885298869,0.611111111111111,0.749216300940439,0.638801261829653,0,0.404186795491143,0.662358642972536,0.384863123993559,0.446774193548387,0.753333333333333,0,0.413290113452188,0.414239482200647,0.490536277602524,0.615629984051037,0.653061224489796,0.616504854368932,0,0.462295081967213,0.496825396825397,0,0.415605095541401,0,0.602893890675241,0.462519936204147,0.616260162601626,0.629392971246006,0.393939393939394,0,0.583465818759936,0.635922330097087,0.633333333333333,0.47427652733119,0.843270868824532,0,0.617363344051447,0.622432859399684,0.386473429951691,0.646031746031746,0.462025316455696,0.393939393939394,0.416275430359937,0.410543130990415,0,0.404255319148936,0.39268680445151,0,0,0.414355628058728,0,0.640699523052464,0.412698412698413,0,0,0.57667731629393,0,0.672638436482085,0.37987012987013,0.631578947368421,0.398009950248756,0,0.409756097560976,0.619124797406807,0.608130081300813,0.613418530351438,0.446227929373997,0.931309904153355,0.402889245585875,0,0.414012738853503,0.637083993660856,0,0.612179487179487,0.67047308319739,0,0.57258064516129,0.653721682847896,0.632450331125828,0.416267942583732,0.637658227848101,0.392405063291139,0.389337641357027,0,0.6,0.474548440065681,0.602965403624382,0.415156507413509,0,0.388349514563107,0.629746835443038,0,0.653846153846154,0.607260726072607,0.596694214876033,0,0,0.403846153846154,0.549114331723027,0.611666666666667,0.400656814449918,0.600644122383253,0.446570972886762,0.871287128712871,0.402843601895735,0.652459016393443,0.405448717948718,0.387417218543046,0.520458265139116,0.393258426966292,0.600644122383253,0.390322580645161,0.596774193548387,0,0.559210526315789,0.475590551181102,0.413848631239936,0.622257053291536,0,0.394366197183099,0.709886547811994,0.401666666666667,0.390822784810127,0.380952380952381,0.631007751937985,0.399676375404531,0.610749185667752,0.4203125,0.618238021638331,0.484602917341977,0.66025641025641,0,0.410801963993453,0,0.492012779552716,0.3872,0.627228525121556,0.399030694668821,0.444444444444444,0.3953125,0.405750798722045,0.701782820097245,0.902053712480253,0.453047775947282,0.435139573070608,0.628205128205128,0.599358974358974,0.409090909090909,0.46993670886076,0,0,0.649586776859504,0,0.394409937888199,0.911076443057722,0.470684039087948,0.511146496815287,0.395275590551181,0.62760834670947,0.610305958132045,0.650819672131148,0.45,0.405891980360065,0.496845425867508,0,0.4528,0.655683690280066,0.439024390243902,0.601626016260163,0.614649681528662,0.590764331210191,0.394568690095847,0.4046875,0.537360890302067,0.393364928909953,0.48538961038961,0,0.619808306709265,0.573228346456693,0.398360655737705,0,0.383147853736089,0.397815912636505,0.591572123176661,0.756756756756757,0.392857142857143,0.400335008375209,0.63739837398374,0,0.452380952380952,0.712195121951219,0.405990016638935,0.6112,0.424050632911392,0.390243902439024,0.4,0.43042071197411,0.752,0.626623376623377,0.442857142857143,0.621451104100946,0.599378881987578,0.6,0.636215334420881,0.6144,0.65359477124183,0.561815336463224,0.602543720190779,0.605095541401274,0.605055292259084,0.596899224806202,0.608766233766234,0.407467532467532,0,0.603559870550162,0,0.646302250803859,0.401315789473684,0.406995230524642,0.452950558213716,0,0.483552631578947,0.474683544303797,0.652733118971061,0.685483870967742,0.621578099838969,0.578947368421053,0,0.390444810543657,0.639553429027113,0.658536585365854,0.42156862745098,0.615384615384615,0.541269841269841,0.623188405797101,0.691813804173355,0.395569620253165,0.400998336106489,0.453658536585366,0,0.578274760383387,0.451876019575856,0,0.603744149765991,0.453834115805947,0.416531604538088,0,0.609177215189873,0.593059936908517,0.42620232172471,0.51628664495114,0.609555189456343,0,0.638977635782748,0.404918032786885,0.534591194968553,0.897314375987362,0.600977198697068,0.418641390205371,0.612540192926045,0.384615384615385,0.393312101910828,0.623164763458401,0.434991974317817,0.394230769230769,0.408196721311475,0.39171974522293,0.698051948051948,0.649842271293375,0.651757188498403,0.39443535188216,0.436065573770492,0.0173775671406003,0.665562913907285,0.43338683788122,0.653481012658228,0.677519379844961,0.404153354632588,0.403846153846154,0.405705229793978,0.555,0.369255150554675,0.646677471636953,0.426948051948052,0.393548387096774,0,0.649289099526066,0.604575163398693,0.620967741935484,0.0160513643659711,0.605345911949686,0.45933014354067,0.626198083067093,0.617741935483871,0,0.69377990430622,0.409017713365539,0.616129032258064,0.401652892561983,0.425361155698234,0.400326797385621,0.634868421052632,0.644480519480519,0.591935483870968,0.83756345177665,0,0.521669341894061,0.599683544303797,0.634069400630915,0.658805031446541,0.383116883116883,0.620578778135048,0,0.662903225806452,0.611374407582938,0.617021276595745,0.57667731629393,0.375816993464052,0.832504145936982,0.38047138047138,0.405228758169935,0,0.388379204892966,0.593996840442338,0.395604395604396,0.50561797752809,0.400329489291598,0.591639871382637,0.414173228346457,0.598726114649682,0.452614379084967,0.648604269293924,0.428120063191153,0.4,0.384370015948963,0.663492063492063,0.424,0.379527559055118,0.627172195892575,0.626602564102564,0.398042414355628,0.384126984126984,0.834130781499203,0.441412520064205,0.398989898989899,0.44122383252818,0.39622641509434,0,0.705211726384365,0.390599675850891,0.6112,0,0.434782608695652,0,0.647819063004846,0.38801261829653,0.432300163132137,0,0.56120826709062,0.641935483870968,0.415841584158416,0.603305785123967,0.507389162561576,0.390599675850891,0.663398692810457,0.587301587301587,0.586206896551724,0,0.654340836012862,0.410714285714286,0.392508143322476,0.65,0.401273885350318,0.389455782312925,0.609872611464968,0.00158478605388273,0.396850393700787,0.395730706075534,0.419093851132686,0.57007874015748,0.598694942903752,0.479032258064516,0.657142857142857,0.599659284497445,0,0.618421052631579,0.581168831168831,0.64274322169059,0,0.899835796387521,0.454838709677419,0.602848101265823,0.744849445324881,0.684615384615385,0,0,0.37037037037037,0.4109375,0,0.44299674267101,0,0,0,0.388524590163934,0,0.398373983739837,0.495176848874598,0.609105180533752,0.358851674641148,0,0,0.405144694533762,0.4399375975039,0.579872204472843,0.603833865814696,0,0.46129541864139,0.6015625,0.391935483870968,0.612698412698413,0.880913539967374,0,0.409677419354839,0.592169657422512,0.446457990115321,0.676328502415459,0,0.601255886970173,0.623164763458401,0.575,0.391653290529695,0,0.457278481012658,0.405844155844156,0.395866454689984,0,0.680327868852459,0.415254237288136,0.62248322147651,0.366559485530547,0.395604395604396,0.615015974440895,0.373996789727127,0.669341894060995,0.507987220447284,0.61525974025974,0.631147540983607,0.422764227642276,0,0.602893890675241,0.407290015847861,0.641666666666667,0.624390243902439,0.608482871125612,0,0.636075949367089,0.552631578947368,0.659163987138264,0.406003159557662,0.616129032258064,0.689274447949527,0.611486486486487,0.442218798151002,0.506269592476489,0.419354838709677,0.55700325732899,0,0.413629160063391,0.621875,0.393258426966292,0.643769968051118,0.606918238993711,0.387045813586098,0.411290322580645,0.386837881219904,0.5814696485623,0.416267942583732,0.648780487804878,0.656301145662848,0.419773095623987,0.453376205787781,0,0,0.388617886178862,0.440983606557377,0.610749185667752,0.413570274636511,0.399361022364217,0.655394524959742,0.470588235294118,0.526916802610114,0.434022257551669,0,0.40650406504065,0.638297872340426,0.392857142857143,0.397058823529412,0,0.600969305331179,0.41887417218543,0.604538087520259,0.577487765089723,0.803827751196172,0.505409582689335,0.636807817589576,0.4171875,0.617784711388456,0.416803953871499,0.403174603174603,0.412225705329154,0.639209225700165,0.601286173633441,0.407407407407407,0.393468118195956,0,0.525316455696203,0.605723370429253,0.823809523809524,0.578274760383387,0.4,0.474358974358974,0.39873417721519,0.159055118110236,0.591973244147157,0,0.534290271132376,0.611650485436893,0.592295345104334,0.840064620355412,0,0.393939393939394,0.429252782193959,0.385232744783307,0.3968,0.630225080385852,0.60952380952381,0,0,0.665568369028007,0.632090761750405,0.707592891760905,0,0.607717041800643,0.386217948717949,0.278219395866455,0.64573268921095,0.405844155844156,0.57120253164557,0.42358803986711,0.664526484751204,0.619565217391304,0,0.396923076923077,0.64696223316913,0.61525974025974,0.444620253164557,0.407643312101911,0.662460567823344,0.00160771704180064,0.444983818770227,0.440758293838863,0,0.431279620853081,0.623028391167192,0.40567612687813,0.59546925566343,0,0,0.624149659863946,0.542207792207792,0.624398073836276,0.715946843853821,0,0,0.565625,0.606209150326797,0.371859296482412,1,0.393416927899687,0.600946372239748,0.613312202852615,0.622366288492707,0.493506493506494,0.610114192495922,0.607255520504732,0,0.612012987012987,0,0.3953125,0.513333333333333,0.404088050314465,0.615136876006441,0.389802631578947,0,0.596546310832025,0.641233766233766,0.384364820846906,0,0.38351822503962,0,1,0.403174603174603,0,0.55379746835443,0.405844155844156,0.548387096774194,0.444625407166124,0.6416,0,0.392220421393841,0.773828756058158,0,0.667194928684628,0.599374021909233,0.623639191290824,0.407166123778502,0.381260096930533,0.405023547880691,0.408,0.4048,0,0.398373983739837,0.00479233226837061,0.634920634920635,0.833333333333333,0.408064516129032,0.393312101910828,0.398119122257053,0.392125984251968,0.0501567398119122,0.627228525121556,0.410684474123539,0.401913875598086,0.56687898089172,0.407348242811502,0.38740157480315,0.419713831478537,0,0,0.396656534954407,0,0.608903020667727,0,0.418940609951846,0.819512195121951,0.655574043261231,0.657187993680885,0.461414790996785,0.00159235668789809,0.67246835443038,0.374603174603175,0.400635930047695,0.637540453074434,0.63944530046225,0.630030959752322,0.796875,0.584288052373159,0.617834394904459,0.618210862619808,0.6144,0.64968152866242,0.572981366459627,0.593900481540931,0,0.607779578606159,0.617647058823529,0.385245901639344,0.560386473429952,0.647515527950311,0.605475040257649,0.477707006369427,0.386075949367089,0.423645320197044,0.398058252427184,0.401976935749588,0.395424836601307,0.731825525040388,0.834138486312399,0.386991869918699,0.610062893081761,0.617784711388456,0.495297805642633,0,0.39937106918239,0.411764705882353,0,0.63,0,0.429032258064516,0,0.408585055643879,0.401294498381877,0.596546310832025,0.50402576489533,0.383045525902669,0.572139303482587,0.57395498392283,0.449111470113086,0,0,0.426666666666667,0.438377535101404,0.402208201892744,0,0,0.599009900990099,0.675718849840256,0.583601286173633,0,0.776,0,0.449752883031302,0.395424836601307,0.604918032786885,0.626959247648903,0,0.833333333333333,0.589171974522293,0.45016077170418,0.41875,0.54066985645933,0.618506493506494,0.411666666666667,0.0645161290322581,0.389525368248772,0,0.393026941362916,0,0.397372742200328,0.621405750798722,0.394088669950739,0,0,0.555023923444976,0.429260450160772,0.426791277258567,0.538699690402477,0.623639191290824,0.611842105263158,0.480645161290323,0.470957613814757,0,0.636661211129296,0.397435897435897,0,0.406862745098039,0.427892234548336,0.639553429027113,0.0130081300813008,0.596153846153846,0.380503144654088,0.850498338870432,0.619124797406807,0.636513157894737,0.738362760834671,0.592532467532468,0.625196850393701,0.397727272727273,0,0.529695024077046,0.414556962025316,0,0,0.604006163328197,0,0.5984,0.3984,0.531810766721044,0.616393442622951,0.599025974025974,0.606209150326797,0.4368,0.6513470681458,0.0176,0.606611570247934,0.0658978583196046,0.0143312101910828,0,0.532154340836013,0.589341692789969,0.597423510466989,0.606635071090047,0.605723370429253,0.0145867098865478,0.0220125786163522,0.611023622047244,0.00964630225080386,0.00328407224958949,0.0273752012882448,0.014218009478673,0.017515923566879,0.610305958132045,0.0176565008025682,0.609271523178808,0.619582664526485,0.0197693574958814,0.610032362459547,0.0485133020344288,0.609046849757674,0.562903225806452,0.610248447204969,0.604166666666667
"647",0.989079563182527,0.98780487804878,0.965045592705167,0.952153110047847,0.979495268138801,0.990506329113924,0.886645962732919,0.967692307692308,0.989489489489489,0,0.992272024729521,0,0.569444444444444,0.987460815047022,0.0555555555555556,0.0169230769230769,0,0.0155038759689922,0.987138263665595,0.978193146417445,0.166921898928025,0.0417335473515249,0.983128834355828,0,0.942812982998454,0.256172839506173,0.126153846153846,0.978294573643411,0.48936170212766,0.706422018348624,0.0106544901065449,0.688854489164087,0.774143302180685,0.28328173374613,0,0.989180834621329,0.0208955223880597,0.983383685800604,0.275707898658718,0.90288315629742,0.00156494522691706,0.0170278637770898,0.00613496932515337,0.987538940809969,0.789983844911147,0.0345911949685535,0.514913657770801,0.00943396226415094,0.478978978978979,0.14540059347181,0,0.982998454404946,0.274143302180685,0.989312977099237,0.88390092879257,0.172897196261682,0,0.966613672496025,0.953101361573374,0.905426356589147,0.297674418604651,0.452887537993921,0.0123839009287926,0,0.90077519379845,0.818740399385561,0,0.978395061728395,0,0.0141509433962264,0.852986217457887,0.0168711656441718,0.0279937791601866,0.990881458966565,0,0.723823975720789,0.0566615620214395,0.593323216995448,0.895734597156398,0.269480519480519,0,0.716257668711656,0.220877458396369,0.98780487804878,0.127527216174184,0.911411411411411,0.984756097560976,0.971080669710807,0.963302752293578,0.0121028744326778,0.981366459627329,0.987786259541985,0,0,0.962441314553991,0,0.307219662058372,0.975155279503106,0.00759878419452888,0.00924499229583975,0.624610591900312,0,0.29375,0.990521327014218,0.122913505311077,0.987220447284345,0.0109034267912773,0.967592592592593,0.00943396226415094,0.0183206106870229,0.0228658536585366,0.896875,0.3328173374613,0.996969696969697,0,0.980030721966206,0.715610510046368,0,0.0136570561456753,0.239197530864198,0,0.770440251572327,0.256923076923077,0.0837282780410742,0.972644376899696,0.158461538461538,0.987878787878788,0.996913580246914,0,0.547945205479452,0.927803379416283,0.502340093603744,0.988976377952756,0,0.984202211690363,0.0226244343891403,0,0.219662058371736,0.6296875,0.521259842519685,0,0,0.974045801526718,0.773148148148148,0.178515007898894,0.989180834621329,0.0139751552795031,0.912442396313364,0.417582417582418,0.975609756097561,0.146964856230032,1,0.995319812792512,0.826893353941267,0.982892690513219,0.00946372239747634,0.9890625,0.0138248847926267,0,0.748447204968944,0.874062968515742,0.969558599695586,0.0335365853658537,0,0.992389649923896,0.463108320251177,0.989113530326594,0.990726429675425,0.98936170212766,0.30421686746988,0.975535168195719,0.0125,0.948301329394387,0.0119225037257824,0.90625,0.365705614567527,0,0.970588235294118,0,0.842748091603053,0.990811638591118,0.138629283489097,0.977134146341463,0.955927051671733,0.97910447761194,0.967791411042945,0.110429447852761,0.385196374622357,0.923930269413629,0.945397815912636,0.0652173913043478,0.0170015455950541,0.976489028213166,0.865853658536585,0,0,0.313755795981453,0.00154083204930663,0.987897125567322,0.267175572519084,0.883464566929134,0.750385208012327,0.986322188449848,0.440494590417311,0.452054794520548,0.303265940902022,0.910798122065728,0.954128440366973,0.884384384384384,0,0.870090634441088,0.184834123222749,0.9453125,0.0124416796267496,0.0834597875569044,0.52803738317757,0.968992248062015,0.971385542168675,0.828967642526965,0.990825688073395,0.892307692307692,0,0.0871559633027523,0.669161676646707,0.985959438377535,0,0.981927710843373,0.97317436661699,0.546165884194053,0.552147239263804,0.978193146417445,0.987361769352291,0.369905956112853,0,0.895927601809955,0.518808777429467,0.965189873417722,0.00769230769230769,0.953383458646617,0.988993710691824,0.98780487804878,0.949152542372881,0.533132530120482,0.012326656394453,0.966101694915254,0.545180722891566,0.0162721893491124,0.0104011887072808,0.20094191522763,0.0123839009287926,0.151419558359621,0.677760968229955,0.00933125972006221,0.0106060606060606,0.0169491525423729,0.591527987897126,0.0470219435736677,0.979623824451411,0.0139751552795031,0.0093603744149766,0,0.232963549920761,0.987519500780031,0.984732824427481,0.904320987654321,0,0.873817034700315,0.851681957186544,0.698142414860681,0.603395061728395,0.455399061032864,0.466458658346334,0.0121396054628225,0.989010989010989,0.105828220858896,0.707936507936508,0.951937984496124,0.0215716486902928,0.752688172043011,0.0124223602484472,0.133640552995392,0.988200589970501,0.985804416403785,0.886614173228346,0,0.643835616438356,0.884555382215289,0,0.012326656394453,0.898050974512744,0.975270479134467,0,0.0121212121212121,0.0138888888888889,0.974960876369327,0.885625965996909,0.0111287758346582,0,0.39938080495356,0.980952380952381,0.799086757990868,0.389230769230769,0.657320872274143,0.954476479514416,0.015552099533437,0.987823439878234,0.990726429675425,0.0107858243451464,0.962292609351433,0.990668740279938,0.962145110410095,0.985959438377535,0.185185185185185,0.314503816793893,0.297674418604651,0.97339593114241,0.935433070866142,0.0467571644042232,0.266666666666667,0.969325153374233,0.160246533127889,0.310344827586207,0.989230769230769,0.986024844720497,0.967592592592593,0.7,0.986363636363636,0.250393700787402,0.958904109589041,0.987616099071207,0,0.33693972179289,0.561708860759494,0.0277349768875193,0.0477657935285054,0.0181818181818182,0.896764252696456,0.0334855403348554,0.00925925925925926,0,0.22782874617737,1,0.0829493087557604,0.976152623211447,0.967289719626168,0.981538461538462,0.293103448275862,0.307448494453249,0.68895800933126,0.467845659163987,0,0.830792682926829,0.0225903614457831,0.0393939393939394,0.218654434250765,0.987673343605547,0.0138036809815951,0,0.338461538461538,0.018348623853211,0.0313479623824451,0.482334869431644,0.995384615384615,0.282407407407407,0.988745980707395,0.961240310077519,0,0.985052316890882,0.00907715582450832,0.985141158989599,0.839009287925697,0.990461049284579,0.0233644859813084,0.968181818181818,0.0108359133126935,0.875384615384615,0.72626582278481,0.935143288084465,0.977134146341463,0.987480438184664,0.305810397553517,0.959438377535101,0.987933634992459,0.0134328358208955,0.0333839150227618,0.9875,0.987654320987654,0.325077399380805,0.878971255673222,0.961538461538462,0.946564885496183,0.989441930618401,0,0.113884555382215,0.986238532110092,0.0109034267912773,0,0.96583850931677,0.010989010989011,0.0555555555555556,0.987860394537178,0.964506172839506,0.0031055900621118,0.626153846153846,0.417310664605873,0.978193146417445,0.0109375,0.855572998430141,0.985759493670886,0.393650793650794,0.597560975609756,0.789473684210526,0,0.171253822629969,0.973270440251572,0.987654320987654,0.447692307692308,0.989197530864197,0.957236842105263,0.0395738203957382,0,0.980122324159021,0.984544049459042,0.959564541213064,0.700152207001522,0.0200617283950617,0.864992150706436,0.244204018547141,0.191869918699187,0.00771604938271605,0.635514018691589,0.611197511664075,0.617784711388456,0,0.299843014128728,0.909937888198758,0.643730886850153,0.514503816793893,0.0798816568047337,0,0,0.991111111111111,0.963691376701967,0,0.91499227202473,0.0124416796267496,0,0,0.992283950617284,0,0.988958990536278,0.770897832817337,0.528528528528528,0.989393939393939,0,0,0.982839313572543,0.953453453453453,0.730538922155689,0.00909090909090909,0.00319488817891374,0.871016691957511,0.593846153846154,0.989147286821705,0.532724505327245,0.347962382445141,0,0.973926380368098,0.0126984126984127,0.953271028037383,0.0993788819875776,0,0.0194029850746269,0.128930817610063,0.487138263665595,0.964506172839506,0,0.944108761329305,0.975077881619938,0.989409984871407,0,0.0833333333333333,0.92,0.0158478605388273,0.98796992481203,0.989409984871407,0.0166919575113809,0.989296636085627,0.316846986089645,0.802752293577982,0.0184615384615385,0.17693522906793,0.953560371517028,0.0123456790123457,0.0122324159021407,0.974045801526718,0.0191693290734824,0.669242658423493,0.390894819466248,0,0.128983308042489,0.746500777604977,0.264750378214826,0.970769230769231,0.0109034267912773,0.157337367624811,0.4576,0.949479940564636,0.886018237082067,0.956923076923077,0.755485893416928,0,0.975346687211094,0.0122137404580153,0.955246913580247,0.39589905362776,0.0119581464872945,0.990783410138249,0.990783410138249,0.986024844720497,0.637904468412943,0.978625954198473,0.137285491419657,0.193199381761978,0.946153846153846,0.882978723404255,0,0,0.985849056603774,0.938388625592417,0.0265625,0.9765625,0.986089644513138,0.38,0.925278219395866,0.731437598736177,0.885022692889561,0,0.964885496183206,0.340590979782271,0.985981308411215,0.985959438377535,0,0.641065830721003,0.964230171073095,0.0108695652173913,0.687797147385103,0.392966360856269,0.794947994056464,0.689335394126739,0.948249619482496,0.0990990990990991,0.972179289026275,0.987673343605547,0.976851851851852,0.303937007874016,0.106811145510836,0.983154670750383,0.987841945288754,0.00763358778625954,0.789954337899543,0.454961832061069,0.266770670826833,0.76969696969697,0.989247311827957,0.871317829457364,0.989214175654854,0.129713423831071,0.0111464968152866,0,0.823619631901841,0.0139103554868624,0.0121951219512195,0.285271317829457,0,0.983231707317073,0.911490683229814,0.987654320987654,0.98340874811463,0.100931677018634,0.0107033639143731,0,0,0.184375,0.0904836193447738,0.167434715821813,0,0.0106221547799697,0.987654320987654,0.0151745068285281,0.30625,0.987341772151899,0.595092024539877,0.966049382716049,0.670769230769231,0.653030303030303,0,0.991111111111111,0.404651162790698,0.509230769230769,0.922503725782414,0.978658536585366,0.404320987654321,0.00918836140888208,0.952453987730061,0.956586826347305,0,0.962121212121212,0.0280373831775701,0.988727858293076,0.443267776096823,0,0.0093167701863354,0.52572347266881,0.839506172839506,0.0107361963190184,0.144171779141104,0.0123647604327666,0.00156494522691706,0.755192878338279,0.0266457680250784,0.987261146496815,0.325617283950617,0.98340874811463,0.0122137404580153,0.382978723404255,0.322378716744914,0.874801901743265,0.102362204724409,0.0106707317073171,0.00309597523219814,0.0467289719626168,0,0.988023952095808,0.046031746031746,0.973013493253373,0.0139318885448916,0.987441130298273,0,0.52710843373494,0.477064220183486,0.989045383411581,0,0.98955223880597,0,0.403174603174603,1,0,0.657185628742515,0.973312401883831,0.750778816199377,0.947867298578199,0.0472560975609756,0,0.986301369863014,0.280811232449298,0,0.693129770992366,0.0104011887072808,0.0257966616084977,0.988941548183254,0.990668740279938,0.982062780269058,0.96417445482866,0.975270479134467,0,0.966049382716049,0.0242424242424242,0.358433734939759,0.299539170506912,0.981623277182236,0.978461538461538,0.981927710843373,0.98145285935085,0.0570107858243451,0.0296411856474259,0.979099678456592,0.955792682926829,0.725609756097561,0.970992366412214,0.986322188449848,0.967987804878049,0,0,0.97189349112426,0,0.0775075987841945,0,0.944700460829493,0.292604501607717,0.213716108452951,0.135384615384615,0.919685039370079,0,0.113846153846154,0.986196319018405,0.990922844175492,0.640552995391705,0.418639053254438,0.22106824925816,0.189759036144578,0.643302180685358,0.0106544901065449,0.137614678899083,0.546583850931677,0.265527950310559,0.715151515151515,0.0182926829268293,0,0.0110410094637224,0.330203442879499,0.992138364779874,0.63594470046083,0.241430700447094,0.638036809815951,0.879815100154083,0.97583081570997,0.958064516129032,0.979591836734694,0.987321711568938,0.987519500780031,0.546564885496183,0.419601837672282,0.986217457886677,0.0103550295857988,0.0224550898203593,0.873651771956857,0.0121580547112462,0.987730061349693,0.960365853658537,0,0.12480252764613,0,0.945121951219512,0,0.972850678733032,0.989280245022971,0.0182926829268293,0.841781874039939,0.989409984871407,0.664050235478807,0.63013698630137,0.877488514548239,0,0,0.92914653784219,0.932153392330384,0.984544049459042,0,0,0.00949367088607595,0.24132730015083,0.511627906976744,0,0.441930618401207,0,0.925632911392405,0.987616099071207,0.161949685534591,0.249621785173979,0,0.348031496062992,0.584758942457232,0.859567901234568,0.957703927492447,0.78,0.0107692307692308,0.985849056603774,0.0169753086419753,0.990654205607477,0,0.97583081570997,0.00775193798449612,0.987577639751553,0.0293663060278207,0.0173228346456693,0,0,0.832572298325723,0.922955974842767,0.939209726443769,0.706845238095238,0.0343283582089552,0.015552099533437,0.830275229357798,0.834586466165414,0,0.0263157894736842,0.968895800933126,0,0.974643423137876,0.94969512195122,0.0713201820940819,0.0424886191198786,0.0139968895800933,0.987748851454824,0.472527472527473,0.084375,0.110935023771791,0.124624624624625,0.715189873417722,0.104863221884498,0.98755832037325,0,0.76049766718507,0.972602739726027,0.0046656298600311,0,0.0135746606334842,0,0.0121396054628225,0.989312977099237,0.714285714285714,0.00794912559618442,0.0078125,0.54160125588697,0.9578125,0.453292496171516,0.0474006116207951,0.0125195618153365,0.0523809523809524,0.0168711656441718,0,0.0391236306729265,0.0162962962962963,0.013953488372093,0.0211161387631976,0.0105580693815988,0.0470219435736677,0.0576631259484067,0.0277349768875193,0.0197568389057751,0.00470219435736677,0.0261538461538462,0.0244648318042813,0.055045871559633,0.0216383307573416,0.0199081163859112,0.0109546165884194,0.0124610591900312,0.046801872074883,0.0187207488299532,0.0238805970149254,0.0122324159021407,0.0414110429447853,0.0134932533733133,0.0152671755725191
"648",0,0,0,0,0,0,0.0153609831029186,0.00154798761609907,0,1,0,1,0,0,0,0,1,0.986024844720497,0,0,0,0,0,1,0,0,0,0.00157728706624606,0,0,0,0,0.00156739811912226,0,1,0,0.978755690440061,0,0,0,0.998442367601246,0.987748851454824,0.993957703927492,0,0,0,0,0,0,0,1,0,0,0,0.015625,0,1,0,0.00152439024390244,0,0,0,0,1,0,0,1,0,1,0,0,0,0,0,1,0.00152905198776758,0,0,0.00157977883096367,0,1,0,0,0,0,0,0,0,0.00461538461538462,0.990853658536585,0,0,1,1,0,1,0.0184615384615385,0,0.996932515337423,0.995245641838352,0.0110410094637224,1,0,0,0,0,0.990654205607477,0.0015625,0,0,0,0.015625,0,0,1,0,0,1,0,0,1,0.00154083204930663,0,0,0,0,0,0,1,0.00611620795107034,0,0,0,1,0,0,1,0,0,0.00635930047694754,1,1,0,0,0,0,0,0,0,0,0,0,0,0,0,0,0,0,1,0,0.00603318250377074,0,0,1,0,0,0,0,0,0,0,0,0,0,0.00315457413249211,0,1,0,1,0,0,0,0,0,0,0,0,0,0,0,0,0,0,0.0231481481481481,1,1,0,0.998454404945904,0,0,0.0124610591900312,0,0,0,0,0,0,0,0.00152439024390244,1,0,0,0,0,0,0.00306278713629403,0,0,0.0015625,0,0,1,0,0,0,1,0,0,0.0060790273556231,0,0,0,0.0203125,1,0.0149700598802395,0,0,0,0,0,0,0,0,0,0,0,0,0,0,0,0,0,0,0,0,0,0,0,0.987519500780031,0,1,0.0046875,0,0,0,1,0.00158730158730159,0.00150375939849624,0,0,0,0,0.989296636085627,0,0,0,0,0,0,0,0,0,0,0.0141955835962145,1,0,0.0170807453416149,1,0,0.016793893129771,0.00154320987654321,1,0,0,0,0,0,1,0.0184049079754601,0,0,0,0,0,0,0,0,0,0,0,0,0,0,0,0,0.00156739811912226,0,0.951293759512938,0,0,0,0,0,0,0,0,0,0,0,0,1,0,0.009375,0,0.946070878274268,0,0,0,0,1,0,0,0,0,0,0,0,0,0,0,1,0,0,0,0,0,0,1,0,0,0,0.00308641975308642,0,0,0,0,1,0,0,0,0,0,0,0,0,0,0,0,0,0.00153609831029186,0,0,0,0,0,0,0,0,0,0,0,0,1,0,0,0,1,0,0.992125984251969,0,0,0,0.998456790123457,0.00930232558139535,0,0,0,0,0,0,0,0,1,0,0.0015552099533437,0,0,0,0,0,0.998470948012232,0,0,0,0,0,0.00622083981337481,0,0.0159744408945687,0.995475113122172,0,0,0,1,0,0.00154798761609907,0,0,0,1,1,0,0,1,0,0.990654205607477,1,1,0,1,0,0.00154083204930663,0.00606980273141123,0,1,1,0,0,0,0,0.998412698412698,0.0198776758409786,0,0,0,0,1,0,0,0.0015748031496063,0,1,0,0,0,0.00151975683890578,1,0,0,0,1,0,0,0,0,0,0,0,0,0,0,0.00160513643659711,0,0.989329268292683,0,0,0,0,0.0139318885448916,1,0,0.00316957210776545,0,0,0,0,0,0,0,0,0,1,0,0,0,0.00314465408805031,0,0,0,0,0,0,0,0,0,0.0153374233128834,1,1,0,0,0,0,0,0,0,0,0.0167173252279635,1,0,0.0171606864274571,0,0,1,0,0,0,0.00156494522691706,0,0,0,0,0,0.0032,0,0,0.0173501577287066,0.0263975155279503,0,0,0.995468277945619,0,0,0,0,0,0,0,0.771689497716895,0,1,0.00154559505409583,0,0,0,1,0,0,0,0,0,0,1,1,0,0,0,1,0,0,0.578866768759571,0,0,0.00927357032457496,0,0,0,1,0,0,0,0.0060790273556231,0,0,0.99079754601227,0,0,1,0.00148148148148148,0,0,0,1,0.993827160493827,0,0,0,0,0.990853658536585,0.998394863563403,0,0,0,0,0,0,0,0,0.00636942675159236,0,0,0.996923076923077,0,1,0,0.164296998420221,0.00149476831091181,0,0,1,0,0,0,1,0,1,0,0,1,0.0182370820668693,0,0,0.0015625,0,1,0,0,1,0,0,0,0,0,0,0.00463678516228748,0.00155763239875389,1,0,0.978723404255319,0.0213414634146341,0,0,0,0,0,0.921092564491654,0,0,0,0,0,0,0,1,1,0,1,0,0.998442367601246,0,0,0,0,0,1,0,0,0,0,0,0,0,0,0,0,0,0,0,0,1,0,0.0220472440944882,0,0.0352220520673813,0,0,0.00610687022900763,0,0.00158227848101266,0,0,0,0,0,0,0,0,0.00305810397553517,0.989280245022971,0,0,1,0,1,0,1,0,0,0,0,0,0.00155763239875389,0,0.0201238390092879,1,1,0,0,0,1,1,0,0,0,1,0,1,0,0,0.031104199066874,0,1,0,0,0,0,0,0,0,0.893682588597843,0,1,0,0.995348837209302,0,0,0.3796875,1,1,0.00152671755725191,0,0.00909090909090909,0,0,0,0,0,1,0,0,1,0,0,0,0.959028831562974,0,0,0,0,0,0,0,0,0,1,0,0,0.996884735202492,1,0,1,0,0,0,0,0,0.0046875,0.0031104199066874,0,0.95,0,0.896988906497623,0.97542242703533,1,0.172897196261682,0,0,0.00606980273141123,0,0.950233281493002,0.943251533742331,0,0.976780185758514,0.992175273865415,0.955108359133127,0.972932330827068,0.940548780487805,0,0.968992248062015,0,0,0.955177743431221,0,0.934131736526946,0,0.0540958268933539,0,0
"649",0.656597774244833,0.652307692307692,0.670731707317073,0.674085850556439,0.6484375,0.654088050314465,0.747648902821317,0.664624808575804,0.645896656534954,0.0173775671406003,0.64031007751938,0.015552099533437,0.637904468412943,0.643423137876387,0.364615384615385,0.351393188854489,0.0167682926829268,0.0294573643410853,0.654205607476635,0.666151468315301,0.506172839506173,0.348726114649682,0.647604327666152,0.0167682926829268,0.682242990654206,0.476415094339623,0.418604651162791,0.63751987281399,0.626126126126126,0.676691729323308,0.349013657056146,0.690184049079755,0.687301587301587,0.491472868217054,0.0185758513931889,0.634945397815913,0.039453717754173,0.641221374045801,0.573134328358209,0.659541984732824,0.0170015455950541,0.0229709035222052,0.0241691842900302,0.640062597809077,0.687702265372168,0.360062893081761,0.579937304075235,0.33641975308642,0.620689655172414,0.435897435897436,0.0183767228177642,0.645705521472393,0.525502318392581,0.641860465116279,0.756211180124224,0.465927099841521,0.0158478605388273,0.661392405063291,0.666156202143951,0.695517774343122,0.493108728943338,0.613981762917933,0.347286821705426,0.0186915887850467,0.668261562998405,0.687116564417178,0.0167682926829268,0.653726708074534,0.0154083204930663,0.339035769828927,0.641538461538462,0.343076923076923,0.360501567398119,0.652042360060514,0.015220700152207,0.70257966616085,0.375191424196018,0.621580547112462,0.716300940438871,0.511437908496732,0.0141287284144427,0.678407350689127,0.470137825421133,0.648401826484018,0.426791277258567,0.690909090909091,0.63969465648855,0.669195751138088,0.637770897832817,0.024390243902439,0.642072213500785,0.643076923076923,0.0156739811912226,0.0199692780337942,0.645468998410175,0.0152905198776758,0.66412213740458,0.650381679389313,0.0181543116490166,0.0265210608424337,0.967238689547582,0.0155763239875389,0.6,0.650695517774343,0.428571428571429,0.651419558359621,0.0234741784037559,0.668721109399075,0.331240188383046,0.343605546995377,0.336391437308869,0.719188767550702,0.538699690402477,0.637345679012346,0.0220820189274448,0.66,0.689708141321045,0.00928792569659443,0.349157733537519,0.488549618320611,0.0180995475113122,0.702954898911353,0.577639751552795,0.391025641025641,0.654907975460123,0.444790046656299,0.652173913043478,0.63969465648855,0.0201863354037267,0.889570552147239,0.674884437596302,0.594936708860759,0.64873417721519,0.0155038759689922,0.647058823529412,0.35249621785174,0.0169230769230769,0.560250391236307,0.586206896551724,0.873617693522907,0.0156494522691706,0.018957345971564,0.66412213740458,0.683881064162754,0.44794952681388,0.631172839506173,0.329211746522411,0.691131498470948,0.547880690737834,0.640909090909091,0.487301587301587,0.652647975077882,0.638330757341577,0.668711656441718,0.645357686453577,0.316211878009631,0.646058732612056,0.328173374613003,0.013719512195122,0.69969040247678,0.71969696969697,0.651771956856703,0.347222222222222,0.0180722891566265,0.634556574923547,0.587479935794542,0.646496815286624,0.652439024390244,0.643730886850153,0.478723404255319,0.654377880184332,0.350931677018634,0.647239263803681,0.335329341317365,0.704791344667697,0.531055900621118,0.0172413793103448,0.644409937888199,0.0167173252279635,0.637480798771121,0.650231124807396,0.420062695924765,0.647239263803681,0.656923076923077,0.646706586826347,0.669184290030212,0.426605504587156,0.549618320610687,0.677672955974843,0.685446009389671,0.377503852080123,0.346687211093991,0.650077760497667,0.769817073170732,0.0165912518853695,0.0172143974960876,0.6671875,0.0184615384615385,0.642313546423135,0.517397881996974,0.764890282131661,0.631901840490798,0.639939485627837,0.735614307931571,0.589861751152074,0.623839009287926,0.647335423197492,0.65987460815047,0.680786686838124,0.0173501577287066,0.678955453149002,0.5232,0.674015748031496,0.344287949921753,0.396369137670197,0.883256528417819,0.6671826625387,0.657012195121951,0.697674418604651,0.642638036809816,0.682098765432099,0.0184049079754601,0.390839694656489,0.680786686838124,0.655172413793103,0.0198776758409786,0.644171779141104,0.65158371040724,0.903076923076923,0.56221198156682,0.653312788906009,0.644904458598726,0.728549141965679,0.0173501577287066,0.711480362537764,0.641627543035994,0.668789808917197,0.343076923076923,0.654135338345865,0.634645669291339,0.644859813084112,0.661949685534591,0.610606060606061,0.353677621283255,0.671317829457364,0.586523736600306,0.330815709969789,0.332829046898638,0.433697347893916,0.339593114241002,0.489731437598736,0.770739064856712,0.342549923195084,0.342301943198804,0.35968992248062,0.83763277693475,0.357142857142857,0.653786707882535,0.027906976744186,0.332302936630603,0.0153846153846154,0.583987441130298,0.657232704402516,0.634556574923547,0.655813953488372,0.0197268588770865,0.717011128775835,0.681681681681682,0.678516228748068,0.644067796610169,0.598449612403101,0.5818759936407,0.0291411042944785,0.627760252365931,0.436746987951807,0.690966719492868,0.665634674922601,0.348623853211009,0.736196319018405,0.351766513056836,0.433534743202417,0.658718330849478,0.631410256410256,0.747634069400631,0.0182648401826484,0.828006088280061,0.749221183800623,0.0154798761609907,0.33179012345679,0.733736762481089,0.657407407407407,0.0152905198776758,0.346687211093991,0.337367624810893,0.668231611893584,0.68621236133122,0.332263242375602,0.0138461538461538,0.75,0.663522012578616,0.793939393939394,0.550613496932515,0.740973312401884,0.660550458715596,0.35202492211838,0.638972809667674,0.645061728395062,0.334365325077399,0.66820987654321,0.642745709828393,0.659375,0.649769585253456,0.477726574500768,0.559220389805097,0.617873651771957,0.662974683544304,0.662420382165605,0.0487804878048781,0.503912363067293,0.667697063369397,0.436251920122888,0.521021021021021,0.656832298136646,0.645510835913313,0.661490683229814,0.710900473933649,0.647951441578149,0.492283950617284,0.674347158218126,0.644961240310078,0.0186915887850467,0.565891472868217,0.845911949685535,0.351014040561622,0.0487062404870624,0.340361445783133,0.667177914110429,0.357142857142857,0.340425531914894,0.0150375939849624,0.486111111111111,0.653666146645866,0.396899224806202,0.660287081339713,0.670245398773006,0.645211930926217,0.633385335413417,0.625396825396825,0.652713178294574,0.551446945337621,0.0153139356814701,0.680555555555556,0.340393343419062,0.346969696969697,0.520610687022901,0.654205607476635,0.350308641975309,0.0185471406491499,0.583206106870229,0.357910906298003,0.358372456964006,0.574534161490683,0.632970451010886,0.499219968798752,0.631496062992126,0.643962848297214,0.0185471406491499,0.644873699851412,0.324159021406728,0.656877897990726,0.700468018720749,0.650717703349282,0.350467289719626,0.661144578313253,0.330757341576507,0.66358024691358,0.6671875,0.685015290519878,0.666153846153846,0.641744548286604,0.59480122324159,0.662957074721781,0.629685157421289,0.343373493975904,0.349768875192604,0.641065830721003,0.650231124807396,0.546875,0.646153846153846,0.675850891410049,0.677966101694915,0.636923076923077,0.0125195618153365,0.397456279809221,0.637636080870918,0.33693972179289,0.0189873417721519,0.671361502347418,0.0231839258114374,0.363919129082426,0.638167938931298,0.675925925925926,0.0244648318042813,0.984639016897081,0.547581903276131,0.672955974842767,0.338072669826224,0.662519440124417,0.6328125,0.587025316455696,0.799694189602447,0.696261682242991,0.0124804992199688,0.496894409937888,0.661904761904762,0.650381679389313,0.555209953343701,0.649230769230769,0.633057851239669,0.362095531587057,0.0185471406491499,0.66464339908953,0.642526964560863,0.677966101694915,0.638297872340426,0.341121495327103,0.727838258164852,0.477726574500768,0.53484602917342,0.0218068535825545,0.634069400630915,0.65625,0.650695517774343,0.0182370820668693,0.533751962323391,0.691489361702128,0.638591117917305,0.626543209876543,0.383458646616541,0.0199692780337942,0.0136363636363636,0.64306784660767,0.647328244274809,0.0137825421133231,0.706336939721793,0.0235478806907378,0.0167682926829268,0.0172413793103448,0.645510835913313,0.0151745068285281,0.669291338582677,0.7900466562986,0.872727272727273,0.644916540212443,0.0188087774294671,0.013953488372093,0.640746500777605,0.664190193164933,0.687125748502994,0.331811263318113,0.016,0.746223564954683,0.819018404907976,0.651305683563748,0.583841463414634,0.535433070866142,0.0167682926829268,0.643292682926829,0.349606299212598,0.690737833594976,0.395348837209302,0.0153374233128834,0.338345864661654,0.441823899371069,0.566558441558442,0.637904468412943,0.0215384615384615,0.681137724550898,0.654907975460123,0.638167938931298,0.0215384615384615,0.407582938388626,0.626029654036244,0.344660194174757,0.64750378214826,0.647239263803681,0.338461538461538,0.631415241057543,0.627145085803432,0.723926380368098,0.3625,0.525984251968504,0.685758513931889,0.0232919254658385,0.339969372128637,0.663125948406677,0.351735015772871,0.682242990654206,0.527646129541864,0.0196374622356495,0.420731707317073,0.662939297124601,0.601246105919003,0.663622526636225,0.340062111801242,0.444444444444444,0.588996763754045,0.663157894736842,0.671150971599402,0.660493827160494,0.6734375,0.0202492211838006,0.658499234303216,0.346036585365854,0.620583717357911,0.744038155802862,0.340329835082459,0.647692307692308,0.656832298136646,0.635071090047393,0.606531881804043,0.652777777777778,0.472049689440994,0.52931854199683,0.684049079754601,0.751543209876543,0.0197268588770865,0.014218009478673,0.640502354788069,0.657853810264386,0.346456692913386,0.667706708268331,0.653786707882535,0.703533026113671,0.695374800637959,0.753125,0.728506787330317,0.0181818181818182,0.671296296296296,0.701863354037267,0.638036809815951,0.633435582822086,0.0180451127819549,0.681318681318681,0.664050235478807,0.345679012345679,0.653125,0.543511450381679,0.674626865671642,0.668224299065421,0.658646616541353,0.395522388059701,0.674528301886792,0.651305683563748,0.670261941448382,0.6515625,0.424100156494523,0.657185628742515,0.650914634146341,0.0244274809160305,0.684848484848485,0.591049382716049,0.488549618320611,0.700305810397553,0.646058732612056,0.669781931464174,0.631259484066768,0.237593984962406,0.344605475040258,0.0183767228177642,0.708782742681048,0.344827586206897,0.33695652173913,0.518633540372671,0.021505376344086,0.658536585365854,0.685325264750378,0.640866873065015,0.649624060150376,0.3953125,0.338028169014085,0.0179640718562874,0.0153139356814701,0.498422712933754,0.394695787831513,0.447574334898279,0.013953488372093,0.327769347496206,0.622324159021407,0.148091603053435,0.647604327666152,0.642301710730949,0.943076923076923,0.644859813084112,0.672754946727549,0.670180722891566,0.0123839009287926,0.634472511144131,0.725,0.788732394366197,0.710644677661169,0.651840490797546,0.605263157894737,0.0245398773006135,0.653786707882535,0.685410334346505,0.0152671755725191,0.641768292682927,0.341538461538462,0.665071770334928,0.58678955453149,0.0183767228177642,0.0230414746543779,0.805466237942122,0.714733542319749,0.33179012345679,0.43701399688958,0.0263975155279503,0.0189873417721519,0.657185628742515,0.373831775700935,0.645901639344262,0.538109756097561,0.665158371040724,0.342507645259939,0.539393939393939,0.491365777080063,0.714968152866242,0.40506329113924,0.358346094946401,0.0171073094867807,0.348101265822785,0.0199692780337942,0.647147147147147,0.314785373608903,0.650674662668666,0.349056603773585,0.654631083202512,0.0153374233128834,0.621004566210046,0.610852713178295,0.651305683563748,0.0159235668789809,0.650231124807396,0.0205371248025276,0.55379746835443,0.657185628742515,0.0182370820668693,1,0.649068322981366,0.622641509433962,0.672333848531685,0.361990950226244,0.0172143974960876,0.6375,0.493730407523511,0.0166666666666667,0.693474962063733,0.324773413897281,0.34789156626506,0.648351648351648,0.629800307219662,0.641993957703928,0.64018691588785,0.6578125,0.0184615384615385,0.665634674922601,0.0364741641337386,0.726858877086495,0.509833585476551,0.639016897081413,0.630434782608696,0.65,0.654377880184332,0.0824261275272162,0.361769352290679,0.654723127035831,0.674772036474164,0.675716440422323,0.66306027820711,0.648690292758089,0.686335403726708,0.015220700152207,0.0182926829268293,0.653846153846154,0.015015015015015,0.385083713850837,0.0168970814132104,0.684049079754601,0.492063492063492,0.463108320251177,0.440993788819876,0.669781931464174,0.0231839258114374,0.426771653543307,0.641860465116279,0.670261941448382,0.680851063829787,0.739705882352941,0.483211678832117,0.438805970149254,0.61128526645768,0.338414634146341,0.401244167962675,0.817073170731707,0.496111975116641,0.668693009118541,0.346036585365854,0.0204724409448819,0.330188679245283,0.67981072555205,0.634945397815913,0.839506172839506,0.55472263868066,0.639318885448916,0.724770642201835,0.640909090909091,0.66504854368932,0.652931854199683,0.635792778649921,0.650695517774343,0.6390625,0.563165905631659,0.65144596651446,0.354790419161677,0.355083459787557,0.712307692307692,0.0289634146341463,0.632930513595166,0.629402756508423,0.0185471406491499,0.451510333863275,0.0184331797235023,0.646058732612056,0.0173501577287066,0.657935285053929,0.637614678899083,0.333333333333333,0.687306501547988,0.638167938931298,0.884858044164038,0.779141104294479,0.764521193092622,0.0124416796267496,0.0188383045525903,0.669918699186992,0.682890855457227,0.661094224924012,0.0196969696969697,0.0137825421133231,0.342902711323764,0.476479514415782,0.602150537634409,0.015600624024961,0.608424336973479,0.0196969696969697,0.663026521060842,0.651968503937008,0.460815047021944,0.493087557603687,0.0149476831091181,0.540498442367601,0.59375,0.648318042813456,0.673252279635258,0.785604900459418,0.331297709923664,0.652931854199683,0.0576323987538941,0.634340222575517,0.0188087774294671,0.647951441578149,0.0218408736349454,0.640062597809077,0.355140186915888,0.229329173166927,0.0167427701674277,0.0156985871271586,0.662538699690402,0.647058823529412,0.711009174311927,0.67624810892587,0.358006042296073,0.337480559875583,0.636222910216718,0.613876319758673,0.0156985871271586,0.355590062111801,0.647425897035881,0.0138674884437596,0.644549763033175,0.675716440422323,0.388802488335925,0.0416666666666667,0.334869431643625,0.641993957703928,0.56687898089172,0.389570552147239,0.412225705329154,0.415007656967841,0.684044233807267,0.400928792569659,0.651632970451011,0.0202808112324493,0.706436420722135,0.624233128834356,0.0218068535825545,0.0171073094867807,0.341753343239227,0.0139968895800933,0.354489164086687,0.62826420890937,0.66347687400319,0.34012539184953,0.332805071315372,0.9078125,0.6765625,0.603076923076923,0.0499243570347958,0.346092503987241,0.0709779179810726,0.0401854714064915,0.0157232704402516,0.303317535545024,0.324850299401198,0.329153605015674,0.355957767722474,0.334869431643625,0.0443037974683544,0.0574534161490683,0.343987823439878,0.0352220520673813,0.0188976377952756,0.06,0.0364188163884674,0.0513595166163142,0.353677621283255,0.0397553516819572,0.335433070866142,0.345256609642302,0.0429252782193959,0.347286821705426,0.0621212121212121,0.348159509202454,0.342064714946071,0.338345864661654,0.323943661971831
"650",0.982343499197432,0.976525821596244,0.96998420221169,0.9375,0.97557003257329,0.983552631578947,0.9008,0.965354330708661,0.979719188767551,0,0.985849056603774,0,0.566929133858268,0.977564102564103,0.0676100628930818,0.028169014084507,0,0.0111464968152866,0.977671451355662,0.966876971608833,0.173166926677067,0.0553745928338762,0.970266040688576,0,0.942857142857143,0.263157894736842,0.125596184419714,0.967105263157895,0.472868217054264,0.6921875,0.0169230769230769,0.681458003169572,0.781150159744409,0.300157977883096,0,0.984051036682616,0.0173775671406003,0.973354231974922,0.263719512195122,0.904538341158059,0,0.0141509433962264,0.00470957613814757,0.976152623211447,0.78921568627451,0.0358306188925081,0.505582137161085,0.0221518987341772,0.472049689440994,0.137345679012346,0,0.976190476190476,0.288188976377953,0.979233226837061,0.891547049441786,0.17258064516129,0,0.962662337662338,0.955384615384615,0.887171561051005,0.309262166405024,0.438871473354232,0.0194489465153971,0,0.88529886914378,0.815217391304348,0,0.974358974358974,0,0.0206677265500795,0.860719874804382,0.0171339563862928,0.0382775119617225,0.981191222570533,0,0.721617418351477,0.0666666666666667,0.58125,0.889250814332248,0.266441821247892,0,0.716300940438871,0.211746522411128,0.982785602503912,0.124006359300477,0.920807453416149,0.977952755905512,0.964285714285714,0.948598130841122,0.00927357032457496,0.972402597402597,0.977952755905512,0,0,0.962962962962963,0,0.297939778129952,0.967441860465116,0.00470957613814757,0.00643086816720257,0.619651347068146,0,0.293739967897271,0.982286634460548,0.115085536547434,0.981848184818482,0.00963081861958266,0.967032967032967,0.0144927536231884,0.0224719101123595,0.0283018867924528,0.907643312101911,0.341614906832298,0.97456279809221,0,0.979719188767551,0.718110236220472,0,0.0234741784037559,0.252411575562701,0,0.781499202551834,0.257861635220126,0.0886699507389163,0.971337579617834,0.158631415241058,0.976489028213166,0.982428115015974,0,0.55188679245283,0.933227344992051,0.505654281098546,0.969453376205788,0,0.976038338658147,0.043343653250774,0,0.22258064516129,0.626198083067093,0.534201954397394,0,0,0.969889064976228,0.748031496062992,0.181229773462783,0.979032258064516,0.0253968253968254,0.940345368916798,0.428802588996764,0.978125,0.144012944983819,0.969793322734499,0.980769230769231,0.832278481012658,0.981012658227848,0.0176282051282051,0.979365079365079,0.0207006369426752,0,0.737785016286645,0.8671875,0.968503937007874,0.0315457413249211,0,0.984423676012461,0.449511400651466,0.981907894736842,0.977952755905512,0.979782270606532,0.304347826086957,0.9671875,0.0222929936305732,0.938176197836167,0.0168970814132104,0.886075949367089,0.381475667189953,0,0.96656050955414,0,0.833068362480127,0.985826771653543,0.143556280587276,0.971653543307087,0.944794952681388,0.974164133738602,0.95968992248062,0.111635220125786,0.383561643835616,0.923701298701299,0.934189406099519,0.0707547169811321,0.0253565768621236,0.966824644549763,0.864696734059098,0,0,0.301587301587302,0,0.979623824451411,0.263157894736842,0.882926829268293,0.746522411128284,0.98145285935085,0.437898089171975,0.446009389671362,0.303225806451613,0.903633491311216,0.949044585987261,0.870253164556962,0,0.87519747235387,0.192307692307692,0.937399678972713,0.0207006369426752,0.0829420970266041,0.543307086614173,1,0.967032967032967,0.83015873015873,0.981366459627329,0.87620578778135,0,0.0892018779342723,0.661904761904762,0.980769230769231,0,0.975,0.978593272171254,0.555023923444976,0.563291139240506,0.978227060653188,0.983922829581994,0.36,0,0.894899536321484,0.52555910543131,0.970826580226904,0.0171875,0.950310559006211,0.980738362760835,0.981102362204724,0.939393939393939,0.542768273716952,0.0207667731629393,0.974683544303797,0.540284360189573,0.0248062015503876,0.0215384615384615,0.199680511182109,0.0207006369426752,0.166397415185784,0.700787401574803,0.0188976377952756,0.0236593059936909,0.028436018957346,0.594976452119309,0.0496688741721854,0.974151857835218,0.00807754442649435,0.0175718849840256,0,0.233704292527822,0.979133226324238,0.956318252730109,0.903633491311216,0,0.864462809917355,0.842679127725857,0.689381933438986,0.605055292259084,0.457142857142857,0.474015748031496,0.00955414012738853,0.977235772357724,0.1109375,0.701782820097245,0.968503937007874,0.0297339593114241,0.756714060031596,0.0192,0.124416796267496,0.976958525345622,0.980295566502463,0.902755267423015,0,0.667701863354037,0.893312101910828,0,0.0172684458398744,0.906298003072197,0.972668810289389,0,0.0186335403726708,0.0202492211838006,0.972085385878489,0.876006441223833,0.0210696920583468,0,0.377179080824089,0.980613893376414,0.798761609907121,0.403481012658228,0.67192429022082,0.947204968944099,0.0314465408805031,0.98,0.977812995245642,0.0222222222222222,0.95447409733124,0.982511923688394,0.959546925566343,0.979719188767551,0.18341307814992,0.320754716981132,0.29635499207607,0.9696,0.927986906710311,0.0440944881889764,0.281399046104928,0.960505529225908,0.147385103011094,0.311827956989247,0.984051036682616,0.979099678456592,0.960876369327074,0.695161290322581,0.978395061728395,0.259615384615385,0.968895800933126,0.980769230769231,0,0.341732283464567,0.553398058252427,0.0289389067524116,0.0501567398119122,0.031201248049922,0.903633491311216,0.0481366459627329,0.0157232704402516,0,0.227129337539432,0.972929936305732,0.0847723704866562,0.975206611570248,0.968553459119497,0.984025559105431,0.286885245901639,0.291803278688525,0.666141732283465,0.468802698145025,0,0.80824088748019,0.0325077399380805,0.0569230769230769,0.214285714285714,0.980424143556281,0.0234375,0,0.3328173374613,0.0234741784037559,0.0448,0.466453674121406,0.987441130298273,0.277597402597403,0.976859504132231,0.949367088607595,0,0.984871406959153,0.0157977883096366,0.979813664596273,0.819047619047619,0.980707395498392,0.023961661341853,0.962790697674419,0.0188679245283019,0.876996805111821,0.717532467532468,0.924882629107981,0.973228346456693,0.980891719745223,0.297297297297297,0.953451043338684,0.978328173374613,0.0202808112324493,0.0412698412698413,0.977346278317152,0.977777777777778,0.321711568938193,0.879120879120879,0.970779220779221,0.940532081377152,0.9826224328594,0,0.135702746365105,0.977635782747604,0.0175438596491228,0,0.970873786407767,0.00810372771474878,0.0548387096774194,0.976340694006309,0.966772151898734,0.00321027287319422,0.62085308056872,0.429487179487179,0.972402597402597,0.0163132137030995,0.871961102106969,0.977309562398703,0.369181380417335,0.617924528301887,0.789644012944984,0,0.174679487179487,0.967741935483871,0.982539682539682,0.450236966824645,0.979750778816199,0.957482993197279,0.0476190476190476,0,0.970266040688576,0.977883096366509,0.948194662480377,0.693396226415094,0.0222575516693164,0.858954041204437,0.253968253968254,0.191666666666667,0.0046875,0.6144,0.608064516129032,0.623622047244095,0,0.296116504854369,0.902362204724409,0.635071090047393,0.524486571879937,0.101071975497703,0,0,0.981735159817352,0.960815047021944,0,0.933962264150943,0.00818330605564648,0,0,0.982649842271293,0,0.982258064516129,0.785488958990536,0.536209553158706,0.978494623655914,0,0,0.976415094339623,0.948091603053435,0.716346153846154,0.0156985871271586,0.00161290322580645,0.886821705426357,0.616224648985959,0.982785602503912,0.538341158059468,0.353697749196141,0,0.961965134706815,0.0226537216828479,0.947882736156352,0.102893890675241,0,0.0200927357032458,0.1248,0.492561983471074,0.9504,0,0.952815829528158,0.979750778816199,0.984025559105431,0,0.0900473933649289,0.928333333333333,0.021523178807947,0.979750778816199,0.981308411214953,0.0267295597484277,0.984326018808777,0.302180685358255,0.804761904761905,0.0303030303030303,0.184,0.950715421303657,0.0063391442155309,0.021978021978022,0.975116640746501,0.024232633279483,0.65742251223491,0.402866242038217,0,0.131955484896661,0.744408945686901,0.272151898734177,0.9640625,0.0222575516693164,0.164835164835165,0.463576158940397,0.942724458204334,0.876352395672334,0.952456418383518,0.7312,0,0.968847352024922,0.0200308166409861,0.949764521193093,0.405228758169935,0.0184615384615385,0.982919254658385,0.98256735340729,0.982511923688394,0.628205128205128,0.976340694006309,0.140322580645161,0.203883495145631,0.953821656050955,0.883464566929134,0,0,0.971291866028708,0.935483870967742,0.0353697749196141,1,0.982677165354331,0.3796875,0.935379644588045,0.743178170144462,0.894819466248038,0,0.971473851030111,0.335473515248796,0.982677165354331,0.980982567353407,0,0.64274322169059,0.970826580226904,0.0205696202531646,0.686371100164204,0.386075949367089,0.79940119760479,0.68312101910828,0.942161339421613,0.1,0.979166666666667,0.981072555205047,0.968602825745683,0.302931596091205,0.1046875,0.977952755905512,0.976599063962558,0.00627943485086342,0.775541795665635,0.463949843260188,0.262992125984252,0.77567140600316,0.978964401294498,0.875399361022364,0.979782270606532,0.120743034055728,0.0198675496688742,0,0.818035426731079,0.0177993527508091,0.0205371248025276,0.273155416012559,0,0.97339593114241,0.90625,0.98125,0.979623824451411,0.111635220125786,0.0223285486443381,0,0,0.181076672104405,0.0932475884244373,0.167471819645733,0,0.0220472440944882,0.982731554160126,0.0170807453416149,0.30379746835443,0.979166666666667,0.585987261146497,0.951690821256039,0.656298600311042,0.64741641337386,0,0.981623277182236,0.395498392282958,0.504792332268371,0.9203125,0.973643410852713,0.392523364485981,0.00478468899521531,0.951713395638629,0.949843260188088,0,0.952234206471495,0.0317460317460317,0.970684039087948,0.446372239747634,0,0.004739336492891,0.527272727272727,0.834658187599364,0.0187207488299532,0.146774193548387,0.00797448165869218,0,0.734446130500759,0.0316957210776545,0.983498349834984,0.327160493827161,0.978056426332288,0.0217054263565891,0.382215288611544,0.343042071197411,0.859677419354839,0.109120521172638,0.0140405616224649,0,0.0570032573289902,0,0.981366459627329,0.0551948051948052,0.969135802469136,0.0242718446601942,0.985245901639344,0,0.524691358024691,0.46656050955414,0.982731554160126,0,0.978361669242658,0,0.405844155844156,0.973312401883831,0,0.649068322981366,1,0.73482428115016,0.954983922829582,0.0582677165354331,0,0.982785602503912,0.258012820512821,0,0.687598116169545,0.0168711656441718,0.0377358490566038,0.982200647249191,0.982171799027553,0.970219435736677,0.94912559618442,0.963258785942492,0,0.958730158730159,0.0220820189274448,0.345679012345679,0.288401253918495,0.973561430793157,0.969155844155844,0.976635514018692,0.976377952755906,0.0546021840873635,0.032051282051282,0.975206611570248,0.942724458204334,0.711568938193344,0.962732919254658,0.978056426332288,0.974763406940063,0,0,0.967340590979782,0,0.0839813374805599,0,0.966824644549763,0.273449920508744,0.222222222222222,0.134375,0.901273885350318,0,0.124203821656051,0.976452119309262,0.979495268138801,0.6421875,0.424012158054711,0.218512898330804,0.190923317683881,0.642628205128205,0.0142630744849445,0.145800316957211,0.562204724409449,0.275,0.697819314641745,0.0286624203821656,0,0.0193861066235864,0.319286871961102,0.975609756097561,0.624803767660911,0.235747303543914,0.628164556962025,0.868954758190328,0.9734375,0.948220064724919,0.975609756097561,0.980830670926518,0.982343499197432,0.55111821086262,0.430793157076205,0.9824,0.0246913580246914,0.0264797507788162,0.874801901743265,0.00946372239747634,0.98125,0.954258675078864,0,0.123778501628664,0,0.935331230283912,0,0.974921630094044,0.977848101265823,0.0218068535825545,0.830427892234548,0.982892690513219,0.67258064516129,0.643081761006289,0.888,0,0,0.925496688741722,0.945205479452055,0.984202211690363,0,0,0.0212418300653595,0.243328100470958,0.502347417840376,0,0.452380952380952,0,0.927184466019418,0.983948635634029,0.166666666666667,0.238170347003155,0,0.355519480519481,0.592948717948718,0.856697819314642,0.960061443932412,0.793427230046948,0.015600624024961,0.978583196046129,0.01875,0.981937602627258,0,0.984591679506934,0.00631911532385466,0.980582524271845,0.0337620578778135,0.0207667731629393,0,0,0.818325434439178,0.913539967373573,0.93953488372093,0.719325153374233,0.0482115085536547,0.0287081339712919,0.84,0.829192546583851,0,0.0219092331768388,0.95859872611465,0,0.969055374592834,0.960191082802548,0.080952380952381,0.0380348652931854,0.0221169036334913,0.978260869565217,0.479740680713128,0.0925039872408294,0.123993558776167,0.121306376360809,0.699186991869919,0.100313479623824,0.988906497622821,0,0.749598715890851,0.965408805031447,0.00321543408360129,0,0.0198473282442748,0,0.0238095238095238,0.984375,0.715447154471545,0.0209339774557166,0.0195121951219512,0.548956661316212,0.955414012738854,0.434850863422292,0.0453834115805947,0.0176565008025682,0.0514469453376206,0.0159235668789809,0,0.0484652665589661,0.0186625194401244,0.0208333333333333,0.0297339593114241,0.0156494522691706,0.0451612903225806,0.0498442367601246,0.0285714285714286,0.0204081632653061,0.00651465798045603,0.0268987341772152,0.021978021978022,0.0521327014218009,0.0256,0.0219092331768388,0.0164203612479475,0.0238853503184713,0.0452342487883683,0.0222222222222222,0.0263565891472868,0.0171606864274571,0.0434083601286174,0.0231839258114374,0.0173228346456693
"651",0.756019261637239,0.7359375,0.749611197511664,0.722852512155592,0.763285024154589,0.731825525040388,0.717252396166134,0.746081504702194,0.741379310344828,0,0.748006379585327,0,0.670906200317965,0.739336492890995,0.276827371695179,0.277691107644306,0,0.00949367088607595,0.746341463414634,0.749221183800623,0.363057324840764,0.292079207920792,0.748043818466354,0,0.732919254658385,0.5260663507109,0.353407290015848,0.744038155802862,0.561051004636785,0.646511627906977,0.254716981132075,0.693396226415094,0.7184,0.486614173228346,0,0.7536,0.014018691588785,0.73208722741433,0.450532724505327,0.726989079563182,0,0.00933125972006221,0.00155038759689922,0.742448330683625,0.743548387096774,0.288676236044657,0.840510366826156,0.264240506329114,0.576399394856278,0.37442218798151,0,0.746456692913386,0.440570522979398,0.737261146496815,0.7223113964687,0.385737439222042,0,0.756410256410256,0.737577639751553,0.752755905511811,0.518987341772152,0.557120500782473,0.255924170616114,0,0.737179487179487,0.697160883280757,0,0.732283464566929,0,0.274636510500808,0.751572327044025,0.252713178294574,0.269968051118211,0.753105590062112,0,0.679566563467492,0.30503144654088,0.65149136577708,0.731629392971246,0.481967213114754,0,0.722308892355694,0.447204968944099,0.752738654147105,0.352112676056338,0.756134969325153,0.744075829383886,0.729133858267716,0.757097791798107,0.00305343511450382,0.753577106518283,0.744514106583072,0,0,0.736156351791531,0,0.417582417582418,0.757763975155279,0,0.00158982511923688,0.616242038216561,0,0.462639109697933,0.7328,0.325115562403698,0.7536,0.00475435816164818,0.738924050632911,0.269716088328076,0.273865414710485,0.263322884012539,0.724358974358974,0.5,0.758566978193146,0,0.756630265210608,0.714508580343214,0,0.259780907668232,0.4128,0,0.713836477987421,0.433962264150943,0.337641357027464,0.7765625,0.368012422360248,0.744582043343653,0.741324921135647,0,0.578625954198473,0.740973312401884,0.561174551386623,0.745954692556634,0,0.729468599033816,0.263736263736264,0,0.418416801292407,0.974882260596546,0.56957928802589,0,0,0.753532182103611,0.714508580343214,0.4189852700491,0.736593059936908,0.250396196513471,0.745253164556962,0.547077922077922,0.7442218798151,0.367313915857605,0.746031746031746,0.735668789808917,0.694835680751174,0.737984496124031,0.249607535321821,0.741538461538462,0.251993620414673,0,0.657643312101911,0.728658536585366,0.756671899529042,0.263975155279503,0,0.7453125,0.5904,0.734299516908213,0.754777070063694,0.742138364779874,0.497681607418856,0.7640625,0.262578616352201,0.741140215716487,0.247720364741641,0.731825525040388,0.660377358490566,0,0.742138364779874,0,0.759055118110236,0.7296875,0.345541401273885,0.735340729001585,0.75314465408805,0.74884437596302,0.730109204368175,0.323809523809524,0.531684698608965,0.765650080256822,0.737357259380098,0.299363057324841,0.263823064770932,0.742857142857143,0.70625,0,0,0.466248037676609,0,0.74347158218126,0.440993788819876,0.709779179810726,0.757763975155279,0.745762711864407,0.537480063795853,0.528213166144201,0.462903225806452,0.715189873417722,0.742765273311897,0.732394366197183,0,0.718553459119497,0.370550161812298,0.78743961352657,0.263074484944533,0.333333333333333,0.564541213063764,0.751582278481013,0.737169517884914,0.737678855325914,0.745709828393136,0.744945567651633,0,0.335433070866142,0.682442748091603,0.759615384615385,0,0.739130434782609,0.757716049382716,0.582159624413146,0.601880877742947,0.747235387045814,0.746753246753247,0.467094703049759,0,0.720930232558139,0.614173228346457,0.748768472906404,0.26502311248074,0.775888717156105,0.7456,0.741324921135647,0.746056782334385,0.621913580246914,0.261146496815287,0.757009345794392,0.881889763779528,0.272307692307692,0.258064516129032,0.395161290322581,0.249211356466877,0.362459546925566,0.626339969372129,0.261755485893417,0.2578125,0.254263565891473,0.604651162790698,0.277511961722488,0.760765550239234,0.00476947535771065,0.243285939968404,0,0.414673046251994,0.733226837060703,0.752336448598131,0.758293838862559,0,0.717948717948718,0.695987654320988,0.70952380952381,0.653666146645866,0.601895734597156,0.519047619047619,0.0046801872074883,0.739268680445151,0.319938176197836,0.702614379084967,0.745253164556962,0.267716535433071,0.666141732283465,0.263823064770932,0.351181102362205,0.754250386398764,0.746732026143791,0.73419773095624,0,0.625382262996942,0.707006369426752,0,0.253125,0.715170278637771,0.745283018867924,0,0.272868217054264,0.262243285939968,0.7504,0.748387096774194,0.267100977198697,0,0.49452269170579,0.746774193548387,0.708396946564885,0.525502318392581,0.626229508196721,0.724299065420561,0.274418604651163,0.7453125,0.759493670886076,0.267942583732057,0.762128325508607,0.7472,0.743221690590112,0.731132075471698,0.3984375,0.471317829457364,0.429477020602219,0.750809061488673,0.732786885245902,0.0391236306729265,0.448657187993681,0.7504,0.422955974842767,0.47112462006079,0.762422360248447,0.73968253968254,0.765990639625585,0.69551282051282,0.724299065420561,0.419457735247209,0.751173708920188,0.735483870967742,0,0.487730061349693,0.565217391304348,0.276995305164319,0.0392464678178964,0.257009345794392,0.727272727272727,0.27172195892575,0.259904912836767,0,0.481012658227848,0.745283018867924,0.326625386996904,0.738988580750408,0.75796178343949,0.75,0.458937198067633,0.45718901453958,0.682034976152623,0.555555555555556,0,0.727699530516432,0.271604938271605,0.280864197530864,0.424336973478939,0.754019292604502,0.254290171606864,0,0.5,0.253125,0.285031847133758,0.604761904761905,0.746434231378764,0.4672,0.739770867430442,0.713607594936709,0,0.756060606060606,0.259600614439324,0.73374613003096,0.720634920634921,0.753225806451613,0.272585669781931,0.743348982785602,0.236306729264476,0.722488038277512,0.733009708737864,0.728682170542636,0.734567901234568,0.731554160125589,0.462145110410095,0.738924050632911,0.743431221020093,0.253048780487805,0.278125,0.736672051696284,0.739268680445151,0.5,0.709984152139461,0.723509933774834,0.777604976671851,0.7453125,0,0.367088607594937,0.754330708661417,0.251572327044025,0,0.754746835443038,0.00159744408945687,0.2896,0.745398773006135,0.744444444444444,0,0.619426751592357,0.696682464454976,0.738853503184713,0.266773162939297,0.710900473933649,0.736585365853659,0.5136,0.616224648985959,0.754716981132076,0,0.351437699680511,0.748407643312102,0.735433070866142,0.738244514106583,0.752721617418352,0.767946577629382,0.288611544461778,0,0.729264475743349,0.748031496062992,0.745192307692308,0.697530864197531,0.25434439178515,0.714968152866242,0.504702194357367,0.340495867768595,0.00156739811912226,0.684039087947883,0.657643312101911,0.690625,0,0.467637540453074,0.711356466876972,0.68798751950078,0.606201550387597,0.333333333333333,0,0,0.737160120845921,0.743034055727554,0,0.735340729001585,0.00473186119873817,0,0,0.737261146496815,0,0.756843800322061,0.666139240506329,0.566770186335404,0.731182795698925,0,0,0.737421383647799,0.743939393939394,0.703245749613601,0.25508607198748,0,0.705790297339593,0.605546995377504,0.75,0.769470404984424,0.517405063291139,0,0.751152073732719,0.268412438625205,0.745627980922099,0.340836012861736,0,0.270642201834862,0.337620578778135,0.588429752066116,0.733755942947702,0,0.753383458646616,0.737341772151899,0.738317757009346,0,0.31378763866878,0.737190082644628,0.258957654723127,0.744945567651633,0.743034055727554,0.2574568288854,0.746478873239437,0.465189873417722,0.690737833594976,0.258970358814353,0.374183006535948,0.760629921259843,0.00313971742543171,0.247244094488189,0.751962323390895,0.263071895424837,0.672552166934189,0.506410256410256,0,0.353407290015848,0.701612903225806,0.429467084639498,0.764430577223089,0.249602543720191,0.407066052227343,0.517741935483871,0.799691833590139,0.730529595015576,0.738782051282051,0.731511254019293,0,0.742033383915023,0.25,0.737341772151899,0.512155591572123,0.261205564142195,0.74922600619195,0.760765550239234,0.75,0.987321711568938,0.747634069400631,0.3456,0.389423076923077,0.722741433021807,0.721439749608764,0,0,0.745542949756888,0.764423076923077,0.2672,0.757911392405063,0.744514106583072,0.492163009404389,0.735152487961477,0.658227848101266,0.705343511450382,0,0.737341772151899,0.429477020602219,0.751582278481013,0.750397456279809,0,0.624801271860095,0.749190938511327,0.269291338582677,0.647058823529412,0.509404388714734,0.724770642201835,0.74313408723748,0.757207890743551,0.331278890600925,0.731825525040388,0.746875,0.755555555555556,0.418300653594771,0.312399355877617,0.743348982785602,0.730708661417323,0,0.714285714285714,0.575471698113208,0.454833597464342,0.704866562009419,0.747235387045814,0.703821656050955,0.7546875,0.1321044546851,0.256910569105691,0,0.730829420970266,0.256038647342995,0.255555555555556,0.468454258675079,0,0.748829953198128,0.746543778801843,0.729430379746835,0.754276827371695,0.356687898089172,0.259842519685039,0,0,0.386837881219904,0.340729001584786,0.389154704944179,0,0.248826291079812,0.728125,0.11993769470405,0.440894568690096,0.739549839228296,0.60596546310832,0.742811501597444,0.710280373831776,0.673879443585781,0,0.728358208955224,0.496815286624204,0.553945249597424,0.734254992319508,0.75,0.516923076923077,0.00156985871271586,0.742635658914729,0.751159196290572,0,0.775888717156105,0.270606531881804,0.745928338762215,0.510903426791277,0,0.0015600624024961,0.574750830564784,0.730769230769231,0.258566978193146,0.367479674796748,0.00315457413249211,0,0.675384615384615,0.268025078369906,0.739703459637562,0.493044822256569,0.731066460587326,0.253477588871716,0.542586750788643,0.567961165048544,0.73462783171521,0.330605564648118,0.25314465408805,0,0.285714285714286,0,0.737654320987654,0.236453201970443,0.745038167938931,0.258012820512821,0.740384615384615,0,0.642313546423135,0.578525641025641,0.731629392971246,0,0.744945567651633,0,0.548387096774194,0.750778816199377,0,0.622641509433962,0.73482428115016,1,0.749598715890851,0.27906976744186,0,0.747619047619048,0.435406698564593,0,0.710031347962382,0.241167434715822,0.262830482115086,0.745571658615137,0.746794871794872,0.750769230769231,0.750793650793651,0.756019261637239,0,0.733870967741935,0.0124223602484472,0.453978159126365,0.458658346333853,0.729559748427673,0.741324921135647,0.74079754601227,0.727838258164852,0.0418604651162791,0.276461295418641,0.729641693811075,0.72755905511811,0.716486902927581,0.741029641185647,0.75,0.77293934681182,0,0,0.735474006116208,0,0.315955766192733,0,0.752380952380952,0.44888178913738,0.471544715447154,0.3421875,0.73851030110935,0,0.322378716744914,0.743264659270998,0.742589703588144,0.673170731707317,0.516666666666667,0.452344931921331,0.403125,0.958925750394945,0.249609984399376,0.352201257861635,0.596850393700787,0.43730407523511,0.702954898911353,0.238095238095238,0,0.259615384615385,0.448613376835237,0.753289473684211,0.575949367088608,0.43010752688172,0.672413793103448,0.71585557299843,0.736760124610592,0.743548387096774,0.785031847133758,0.739967897271268,0.743922204213938,0.599056603773585,0.566666666666667,0.740566037735849,0.256880733944954,0.256488549618321,0.740973312401884,0.00460122699386503,0.747269890795632,0.741732283464567,0,0.350649350649351,0,0.772870662460568,0,0.748829953198128,0.748427672955975,0.2557781201849,0.696485623003195,0.7265625,0.613268608414239,0.619718309859155,0.697452229299363,0,0,0.744262295081967,0.743511450381679,0.75077399380805,0,0,0.2544,0.418461538461538,0.550769230769231,0,0.57007874015748,0,0.769854132901134,0.732371794871795,0.334943639291465,0.46676970633694,0,0.52931854199683,0.7376,0.71585557299843,0.755038759689923,0.676236044657097,0.27172195892575,0.745980707395498,0.0336,0.744,0,0.740399385560676,0.0015600624024961,0.727714748784441,0.267828843106181,0.180936995153473,0,0,0.730109204368175,0.721498371335505,0.7171875,0.653250773993808,0.265116279069767,0.250401284109149,0.757575757575758,0.749613601236476,0,0.27373417721519,0.756630265210608,0,0.732171156893819,0.751533742331288,0.324451410658307,0.031496062992126,0.250388802488336,0.734157650695518,0.557142857142857,0.322429906542056,0.352845528455285,0.330708661417323,0.696141479099678,0.320987654320988,0.742448330683625,0,0.687598116169545,0.749211356466877,0.00157728706624606,0,0.261654135338346,0,0.265625,0.73482428115016,0.703403565640194,0.248387096774194,0.263665594855305,0.581730769230769,0.741784037558685,0.56,0.0373831775700935,0.252818035426731,0.0581583198707593,0.0124223602484472,0,0.23186119873817,0.245022970903522,0.259259259259259,0.273570324574961,0.2601246105919,0.0366826156299841,0.0446841294298921,0.262090483619345,0.0142857142857143,0.00485436893203883,0.0319488817891374,0.0188087774294671,0.0436817472698908,0.260596546310832,0.0171606864274571,0.255663430420712,0.257142857142857,0.0336538461538462,0.255520504731861,0.0369230769230769,0.268330733229329,0.270866141732283,0.25652841781874,0.2578125
"652",0.953225806451613,0.947368421052632,0.979719188767551,0.94345718901454,0.958333333333333,0.95417348608838,0.91679748822606,0.963081861958267,0.943661971830986,0.00161550888529887,0.951923076923077,0.0016025641025641,0.598425196850394,0.950080515297907,0.0873015873015873,0.0604133545310016,0.0015625,0.014446227929374,0.949180327868852,0.93522906793049,0.204437400950872,0.0876623376623377,0.935433070866142,0.00160513643659711,0.909667194928685,0.296596434359805,0.161341853035144,0.947967479674797,0.502325581395349,0.723704866562009,0.0513219284603421,0.732594936708861,0.803921568627451,0.32300163132137,0.00157977883096367,0.951923076923077,0.017515923566879,0.944620253164557,0.314728682170543,0.874608150470219,0.00159235668789809,0.0126382306477093,0.0047244094488189,0.950320512820513,0.80623973727422,0.0768,0.531400966183575,0.045016077170418,0.506153846153846,0.181818181818182,0.0016025641025641,0.95016077170418,0.307692307692308,0.945425361155698,0.902086677367576,0.201970443349754,0.00164744645799012,0.924315619967794,0.955974842767296,0.910094637223975,0.32484076433121,0.46129541864139,0.0442622950819672,0.00163934426229508,0.86677367576244,0.823899371069182,0.00161290322580645,0.945425361155698,0.00161290322580645,0.0470779220779221,0.828298887122417,0.0593900481540931,0.0676328502415459,0.948275862068966,0,0.748829953198128,0.0911949685534591,0.594855305466238,0.924558587479936,0.305280528052805,0.00161812297734628,0.741835147744946,0.243410852713178,0.94556765163297,0.163009404388715,0.925396825396825,0.948356807511737,0.945945945945946,0.934272300469484,0.00938967136150235,0.949756888168558,0.945945945945946,0.00161812297734628,0.00158730158730159,0.946166394779772,0,0.343354430379747,0.941269841269841,0.00626959247648903,0.00646203554119548,0.646031746031746,0.00156985871271586,0.340189873417722,0.954619124797407,0.165366614664587,0.947712418300654,0.00966183574879227,0.963607594936709,0.0496,0.0543130990415335,0.0559105431309904,0.924315619967794,0.371794871794872,0.935379644588045,0.00162866449511401,0.959935897435897,0.746411483253589,0.0015600624024961,0.0518053375196232,0.267942583732057,0.00154320987654321,0.802907915993538,0.2928,0.121555915721232,0.944356120826709,0.190174326465927,0.945226917057903,0.947030497592295,0.00158730158730159,0.578778135048232,0.93900481540931,0.506472491909385,0.941935483870968,0.00158730158730159,0.950576606260296,0.0695517774343122,0.00156494522691706,0.253634894991922,0.635048231511254,0.552066115702479,0.00162337662337662,0.00164203612479475,0.954983922829582,0.778129952456418,0.213464696223317,0.951768488745981,0.0538827258320127,0.929936305732484,0.45928338762215,0.966507177033493,0.179032258064516,0.940418679549114,0.951690821256039,0.828525641025641,0.952229299363057,0.038961038961039,0.95253164556962,0.0517799352750809,0.00161030595813205,0.752427184466019,0.893416927899687,0.95125786163522,0.0702028081123245,0.00157728706624606,0.952978056426332,0.491056910569106,0.952998379254457,0.951026856240126,0.949606299212598,0.316614420062696,0.958532695374801,0.0490196078431373,0.94392523364486,0.0550314465408805,0.923577235772358,0.396850393700787,0.00160513643659711,0.948553054662379,0.00158478605388273,0.838095238095238,0.946372239747634,0.169082125603865,0.953968253968254,0.908372827804107,0.939628482972136,0.930379746835443,0.141494435612083,0.4171875,0.911858974358974,0.919540229885057,0.105095541401274,0.0542264752791069,0.961414790996785,0.885350318471338,0,0,0.347133757961783,0.00315457413249211,0.946117274167987,0.312597200622084,0.897435897435897,0.756714060031596,0.96,0.467094703049759,0.463790446841294,0.336025848142165,0.898089171974522,0.937399678972713,0.911076443057722,0.0016260162601626,0.85423197492163,0.228758169934641,0.94281045751634,0.0526315789473684,0.124031007751938,0.567961165048544,0.94912559618442,0.952681388012618,0.868506493506494,0.95447409733124,0.886731391585761,0.00157977883096367,0.120385232744783,0.68075117370892,0.943729903536977,0.0016,0.941732283464567,0.967289719626168,0.578696343402226,0.562401263823065,0.939102564102564,0.947540983606557,0.406148867313916,0.00161290322580645,0.903125,0.56661316211878,0.982113821138211,0.0486656200941915,0.936236391912908,0.952845528455285,0.951181102362205,0.929032258064516,0.568535825545171,0.0569105691056911,0.982286634460548,0.555031446540881,0.0525502318392581,0.0512422360248447,0.242857142857143,0.0514469453376206,0.201612903225806,0.708396946564885,0.0516129032258065,0.0533751962323391,0.0518867924528302,0.622464898595944,0.0816993464052288,0.953451043338684,0.00978792822185971,0.0467741935483871,0.0015625,0.273311897106109,0.949919224555735,0.939778129952456,0.891891891891892,0.00156985871271586,0.893267651888342,0.827044025157233,0.729001584786054,0.646031746031746,0.480707395498392,0.472491909385113,0.0110062893081761,0.944535073409462,0.150621118012422,0.735483870967742,0.9792,0.0613207547169811,0.782051282051282,0.0526315789473684,0.174528301886792,0.951486697965571,0.948247078464107,0.913114754098361,0.0015552099533437,0.671949286846276,0.904838709677419,0.00157728706624606,0.0499219968798752,0.918876755070203,0.966183574879227,0,0.0558139534883721,0.0422535211267606,0.962722852512156,0.897727272727273,0.0532258064516129,0,0.423137876386688,0.959016393442623,0.8149300155521,0.42654028436019,0.694533762057878,0.930599369085173,0.0573248407643312,0.948194662480377,0.950715421303657,0.0481540930979133,0.948553054662379,0.958132045088567,0.933884297520661,0.949606299212598,0.23696682464455,0.34488188976378,0.324675324675325,0.961102106969206,0.922185430463576,0.0436817472698908,0.301282051282051,0.963317384370016,0.187599364069952,0.33641975308642,0.963607594936709,0.950636942675159,0.953968253968254,0.721393034825871,0.94770206022187,0.289176090468498,0.984326018808777,0.941272430668842,0.00161550888529887,0.35968992248062,0.595744680851064,0.0654952076677316,0.0416,0.0588235294117647,0.888178913738019,0.0775316455696203,0.045958795562599,0.0015625,0.2688,0.947284345047923,0.1184,0.965573770491803,0.982594936708861,0.964458804523425,0.343402225755167,0.330605564648118,0.691437802907916,0.485197368421053,0,0.818181818181818,0.0645161290322581,0.0824261275272162,0.256778309409888,0.949096880131363,0.054773082942097,0.00159489633173844,0.369905956112853,0.0551181102362205,0.065359477124183,0.5104,0.955484896661367,0.316831683168317,0.946932006633499,0.925686591276252,0.0015748031496063,0.951367781155015,0.046583850931677,0.951713395638629,0.834123222748815,0.943521594684385,0.0636942675159236,0.936532507739938,0.0473933649289099,0.852327447833066,0.738287560581583,0.903328050713154,0.968253968253968,0.95125786163522,0.327014218009479,0.93042071197411,0.953051643192488,0.0489731437598736,0.0672,0.952998379254457,0.94556765163297,0.367670364500792,0.850079744816587,0.922442244224422,0.934920634920635,0.95447409733124,0.00163398692810458,0.141233766233766,0.946031746031746,0.0447284345047923,0.00160513643659711,0.982113821138211,0.00642054574638844,0.0935483870967742,0.948598130841122,0.982286634460548,0.00481540930979133,0.654340836012862,0.448,0.959216965742251,0.0506535947712418,0.853181076672104,0.947368421052632,0.408360128617363,0.632329635499208,0.829855537720706,0.00160771704180064,0.210610932475884,0.969305331179321,0.955128205128205,0.476650563607085,0.956181533646322,0.930508474576271,0.0727848101265823,0.00158227848101266,0.95748031496063,0.947284345047923,0.931528662420382,0.70253164556962,0.0484652665589661,0.899521531100478,0.275316455696203,0.231543624161074,0.00318471337579618,0.638297872340426,0.619426751592357,0.642405063291139,0.00158478605388273,0.323577235772358,0.9216,0.644444444444444,0.555205047318612,0.125190839694656,0.00157728706624606,0.0015527950310559,0.950617283950617,0.92755905511811,0,0.94620253164557,0.00481540930979133,0.00156494522691706,0.00162866449511401,0.948136142625608,0.00158730158730159,0.957377049180328,0.79903536977492,0.5609375,0.952755905511811,0.0016260162601626,0.00162074554294976,0.958064516129032,0.943683409436834,0.737756714060032,0.0440944881889764,0.00161550888529887,0.901408450704225,0.633802816901408,0.953821656050955,0.546603475513428,0.396103896103896,0.0015600624024961,0.939968404423381,0.0532258064516129,0.975490196078431,0.133870967741935,0.0015527950310559,0.062015503875969,0.159677419354839,0.495812395309883,0.936507936507937,0.00158478605388273,0.958074534161491,0.942675159235669,0.954186413902054,0.00159744408945687,0.122778675282714,0.895904436860068,0.0478547854785479,0.946287519747235,0.951026856240126,0.0566037735849057,0.94345718901454,0.337025316455696,0.831210191082803,0.0592,0.229132569558101,0.947115384615385,0.00969305331179321,0.0517799352750809,0.957943925233645,0.0532258064516129,0.685761047463175,0.421138211382114,0.0015625,0.15748031496063,0.772131147540984,0.307692307692308,0.947284345047923,0.0415335463258786,0.179080824088748,0.470978441127695,0.936630602782071,0.898461538461538,0.933014354066986,0.761750405186386,0.00158730158730159,0.937402190923318,0.0452418096723869,0.9248,0.431372549019608,0.0451010886469673,0.946624803767661,0.955414012738854,0.9536,0.6432,0.966183574879227,0.1824,0.241935483870968,0.921875,0.903174603174603,0.00156985871271586,0,0.944356120826709,0.917081260364842,0.0605095541401274,0.962783171521036,0.956661316211878,0.403815580286169,0.956310679611651,0.735909822866345,0.907407407407407,0,0.933649289099526,0.376582278481013,0.951298701298701,0.949044585987261,0.00153846153846154,0.660130718954248,0.977382875605816,0.0557324840764331,0.726978998384491,0.421900161030596,0.7900466562986,0.718241042345277,0.923913043478261,0.131375579598145,0.949180327868852,0.951026856240126,0.971473851030111,0.344103392568659,0.133440514469453,0.950558213716108,0.946624803767661,0.00784929356357928,0.79153605015674,0.495238095238095,0.305732484076433,0.799679487179487,0.947284345047923,0.868253968253968,0.942492012779553,0.139717425431711,0.0550918196994992,0.00158227848101266,0.862123613312203,0.05,0.0527156549520767,0.307570977917981,0.00158478605388273,0.948275862068966,0.911111111111111,0.951181102362205,0.953416149068323,0.133440514469453,0.0531400966183575,0.00154798761609907,0.00158982511923688,0.220064724919094,0.129084967320261,0.206451612903226,0,0.0429936305732484,0.944968553459119,0.0297339593114241,0.34181240063593,0.953225806451613,0.627172195892575,0.936204146730462,0.689167974882261,0.673946957878315,0.00157232704402516,0.946483180428135,0.421824104234528,0.523424878836834,0.938485804416404,0.958925750394945,0.426073131955485,0.0110236220472441,0.947784810126582,0.948757763975155,0.0016,0.931192660550459,0.0668789808917197,0.944170771756979,0.461172741679873,0,0.00793650793650794,0.550167224080268,0.856466876971609,0.0461049284578696,0.177705977382876,0.00792393026941363,0.00164203612479475,0.75808936825886,0.0608,0.94949494949495,0.370253164556962,0.95748031496063,0.0476190476190476,0.409375,0.341463414634146,0.886178861788618,0.14168039538715,0.0568720379146919,0.00157977883096367,0.0889967637540453,0.00157977883096367,0.951863354037267,0.0667752442996743,0.967840735068913,0.0544,0.949096880131363,0.00158478605388273,0.552425665101721,0.491143317230274,0.947619047619048,0.00164203612479475,0.952456418383518,0.00161812297734628,0.444625407166124,0.947867298578199,0.0015625,0.672333848531685,0.954983922829582,0.749598715890851,1,0.083596214511041,0.0016,0.9472,0.298387096774194,0.0015600624024961,0.724247226624406,0.0446841294298921,0.0649762282091918,0.953451043338684,0.954911433172303,0.950949367088608,0.92891760904685,0.942492012779553,0.00157977883096367,0.935064935064935,0.0159235668789809,0.386581469648562,0.3296,0.94620253164557,0.945425361155698,0.943217665615142,0.942675159235669,0.0549450549450549,0.067741935483871,0.957166392092257,0.936708860759494,0.717156105100464,0.93719806763285,0.954113924050633,0.98389694041868,0.00157977883096367,0.0015527950310559,0.937888198757764,0.00154083204930663,0.111811023622047,0.00161290322580645,0.953748006379585,0.299342105263158,0.247557003257329,0.171114599686028,0.906300484652666,0.00161812297734628,0.154704944178628,0.947115384615385,0.949526813880126,0.670866141732283,0.450076804915515,0.251524390243902,0.223622047244094,0.651465798045603,0.0419906687402799,0.166402535657686,0.5718901453958,0.287539936102236,0.721792890262751,0.0585443037974684,0.0016025641025641,0.0494417862838915,0.369181380417335,0.95253682487725,0.662939297124601,0.279569892473118,0.643659711075441,0.900621118012422,0.935433070866142,0.940495867768595,0.951377633711507,0.959150326797386,0.947882736156352,0.5792,0.456140350877193,0.94896331738437,0.0552995391705069,0.0579029733959311,0.905362776025237,0.0110062893081761,0.954545454545455,0.923913043478261,0.00158982511923688,0.15257048092869,0.00160513643659711,0.943639291465378,0,0.9424,0.952153110047847,0.0516431924882629,0.846275752773376,0.951334379905808,0.697560975609756,0.667192429022082,0.902866242038217,0.0016025641025641,0.00160513643659711,0.939144736842105,0.970992366412214,0.961904761904762,0.00158730158730159,0,0.0490196078431373,0.278301886792453,0.504746835443038,0.0016025641025641,0.497576736672052,0.0015552099533437,0.904290429042904,0.944983818770227,0.211475409836066,0.2625,0.0015748031496063,0.374392220421394,0.603803486529319,0.829888712241653,0.981042654028436,0.805732484076433,0.0518638573743922,0.963934426229508,0.0144694533762058,0.945072697899838,0,0.959247648902821,0.00477707006369427,0.952768729641694,0.0657051282051282,0.0416666666666667,0.00158227848101266,0.00161550888529887,0.850961538461538,0.900326797385621,0.943396226415094,0.704581358609795,0.075968992248062,0.0492610837438424,0.812698412698413,0.826356589147287,0.00162074554294976,0.0684713375796178,0.92604501607717,0,0.932258064516129,0.987441130298273,0.118210862619808,0.0333863275039746,0.0449438202247191,0.956043956043956,0.491171749598716,0.114516129032258,0.148208469055375,0.159305993690852,0.721311475409836,0.132398753894081,0.956730769230769,0.00160513643659711,0.76984126984127,0.938582677165354,0.00160513643659711,0.0015748031496063,0.0502283105022831,0,0.0569620253164557,0.952380952380952,0.715447154471545,0.0465489566613162,0.0532258064516129,0.573268921095008,0.95024077046549,0.474339035769829,0.0482866043613707,0.0528052805280528,0.0571895424836601,0.0192307692307692,0.00159235668789809,0.067524115755627,0.0557275541795666,0.0482315112540193,0.0626959247648903,0.0376175548589342,0.0440456769983687,0.0476190476190476,0.0610328638497653,0.0205696202531646,0.00497512437810945,0.0253565768621236,0.0252764612954186,0.0492845786963434,0.0590111642743222,0.0203761755485893,0.0480928689883914,0.0583468395461912,0.0387096774193548,0.0514469453376206,0.0248447204968944,0.0442338072669826,0.0759289176090469,0.0523076923076923,0.0512820512820513
"653",0.0455259026687598,0.0419254658385093,0.0567484662576687,0.0877742946708464,0.0500782472613459,0.0394321766561514,0.126934984520124,0.058641975308642,0.0411585365853659,0,0.0390015600624025,0,0.44945567651633,0.0358814352574103,0.928682170542636,0.961832061068702,0,0.00154559505409583,0.0377358490566038,0.0569230769230769,0.838957055214724,0.949044585987261,0.0517503805175038,0,0.0766871165644172,0.744615384615385,0.867692307692308,0.0488188976377953,0.546969696969697,0.346749226006192,0.961832061068702,0.358139534883721,0.268217054263566,0.700460829493088,0,0.0354938271604938,0.00303490136570561,0.0350076103500761,0.751497005988024,0.121765601217656,0,0,0,0.0385208012326656,0.257861635220126,0.961180124223602,0.506211180124224,0.962962962962963,0.557721139430285,0.837837837837838,0,0.0381679389312977,0.739811912225705,0.035548686244204,0.133545310015898,0.852848101265823,0,0.0557275541795666,0.0727272727272727,0.13109756097561,0.717391304347826,0.580745341614907,0.964451313755796,0,0.123417721518987,0.202472952086553,0,0.0523882896764253,0,0.959055118110236,0.179878048780488,0.963246554364472,0.953198127925117,0.0346907993966818,0,0.328787878787879,0.940729483282675,0.44,0.135646687697161,0.755663430420712,0,0.326747720364742,0.791855203619909,0.0348484848484849,0.862229102167183,0.134146341463415,0.0398162327718224,0.0638297872340425,0.0652503793626707,0,0.046801872074883,0.0338983050847458,0,0,0.0630914826498423,0,0.690292758089368,0.0553846153846154,0,0,0.403076923076923,0,0.727272727272727,0.0314465408805031,0.885714285714286,0.032967032967033,0,0.0541795665634675,0.968798751950078,0.964777947932619,0.961360123647604,0.111111111111111,0.694227769110764,0.0460122699386503,0,0.048048048048048,0.326687116564417,0,0.969465648854962,0.771875,0,0.278461538461538,0.758409785932722,0.888,0.0646153846153846,0.840909090909091,0.0393939393939394,0.0357698289269051,0,0.469953775038521,0.0975232198142415,0.526232114467409,0.0453125,0,0.0384,0.953313253012048,0,0.80564263322884,0.395931142410016,0.501587301587302,0,0,0.0540958268933539,0.267387944358578,0.826771653543307,0.0368663594470046,0.959938366718028,0.112828438948995,0.620472440944882,0.052710843373494,0.857827476038339,0.0546875,0.0342146189735614,0.187403993855607,0.044822256568779,0.9616,0.036979969183359,0.964230171073095,0,0.290880503144654,0.152337858220211,0.0506912442396313,0.957575757575758,0,0.0304878048780488,0.557120500782473,0.0381558028616852,0.036697247706422,0.0320121951219512,0.715596330275229,0.0507692307692308,0.959627329192547,0.0855855855855856,0.964338781575037,0.127725856697819,0.646511627906977,0,0.0544323483670296,0,0.185758513931889,0.0350076103500761,0.853125,0.0567484662576687,0.0849772382397572,0.0445765230312036,0.0516717325227964,0.906153846153846,0.659541984732824,0.107309486780715,0.0920436817472699,0.927803379416283,0.976887519260401,0.0530421216848674,0.155624036979969,0,0,0.711568938193344,0,0.0330827067669173,0.776255707762557,0.146456692913386,0.288990825688073,0.0418535127055306,0.579029733959311,0.571428571428571,0.716510903426791,0.108490566037736,0.0666666666666667,0.148872180451128,0,0.153609831029186,0.827315541601256,0.0951638065522621,0.9578125,0.915279878971256,0.481481481481481,0.0559875583203732,0.0591805766312595,0.204968944099379,0.0323574730354391,0.150855365474339,0,0.909797822706065,0.365705614567527,0.0408163265306122,0,0.0363636363636364,0.0538922155688623,0.464012251148545,0.476851851851852,0.0400616332819723,0.0380348652931854,0.63312693498452,0,0.127627627627628,0.527472527472527,0.055379746835443,0.963302752293578,0.0706766917293233,0.0375586854460094,0.0367534456355283,0.0820433436532508,0.495454545454545,0.98145285935085,0.0652173913043478,0.478658536585366,0.961194029850746,0.961019490254873,0.78858024691358,0.960876369327074,0.849683544303797,0.355623100303951,0.960183767228178,0.963358778625954,0.964615384615385,0.429663608562691,0.927215189873418,0.0541795665634675,0,0.958204334365325,0,0.764984227129338,0.032967032967033,0.0558139534883721,0.131297709923664,0,0.14937106918239,0.167427701674277,0.349304482225657,0.44031007751938,0.553846153846154,0.559505409582689,0,0.0362204724409449,0.899845916795069,0.346581875993641,0.0714285714285714,0.963636363636364,0.284615384615385,0.973643410852713,0.888208269525268,0.0375375375375375,0.0409448818897638,0.123028391167192,0,0.381901840490798,0.125574272588055,0,0.962178517397882,0.124624624624625,0.0530421216848674,0,0.967692307692308,0.959761549925484,0.0596546310832025,0.152886115444618,0.961965134706815,0,0.617737003058104,0.0502354788069074,0.25226586102719,0.631901840490798,0.365625,0.0773899848254932,0.960122699386503,0.0386398763523957,0.0336906584992343,0.962441314553991,0.0625,0.0388198757763975,0.0503937007874016,0.0292307692307692,0.813559322033898,0.710166919575114,0.726851851851852,0.0566037735849057,0.0884244372990354,0.00303490136570561,0.742088607594937,0.0609375,0.849378881987578,0.712369597615499,0.0384024577572965,0.0416024653312789,0.0605590062111801,0.334928229665072,0.033033033033033,0.76056338028169,0.0669710806697108,0.0340557275541796,0,0.686363636363636,0.463836477987421,0.961240310077519,0.00153374233128834,0.954268292682927,0.119010819165379,0.941538461538462,0.97239263803681,0,0.790591805766313,0.0473186119873817,0.888372093023256,0.0450885668276973,0.0605590062111801,0.0490045941807044,0.724569640062598,0.724683544303797,0.360429447852761,0.574918566775244,0,0.210526315789474,0.948872180451128,0.945371775417299,0.817629179331307,0.0358814352574103,0.969418960244648,0,0.687022900763359,0.94969512195122,0.94811320754717,0.533950617283951,0.0283018867924528,0.749216300940439,0.0303030303030303,0.0630769230769231,0,0.0402985074626866,0.962292609351433,0.0319634703196347,0.209876543209877,0.0332805071315372,0.967492260061919,0.0562310030395137,0.959752321981424,0.139570552147239,0.325396825396825,0.0816944024205749,0.0524691358024691,0.0380517503805175,0.723338485316847,0.0777604976671851,0.0379939209726444,0.966717095310136,0.944700460829493,0.0354938271604938,0.0358814352574103,0.709923664122137,0.135176651305684,0.0714285714285714,0.0786686838124055,0.0410958904109589,0,0.886614173228346,0.0290964777947933,0.9640625,0,0.0712074303405573,0,0.939873417721519,0.0332829046898638,0.0708782742681048,0,0.399691358024691,0.600946372239748,0.0556438791732909,0.966981132075472,0.164296998420221,0.0393700787401575,0.636505460218409,0.411042944785276,0.244961240310078,0,0.848297213622291,0.0549450549450549,0.0346456692913386,0.577160493827161,0.0354391371340524,0.0629032258064516,0.939721792890263,0,0.0517503805175038,0.0357142857142857,0.073208722741433,0.339449541284404,0.968553459119497,0.15527950310559,0.770542635658915,0.792483660130719,0,0.406779661016949,0.417701863354037,0.428134556574924,0,0.757911392405063,0.131172839506173,0.38391502276176,0.520361990950226,0.912071535022355,0,0,0.0339233038348083,0.0566318926974665,0,0.105990783410138,0,0,0,0.0391849529780564,0,0.0378548895899054,0.253799392097264,0.503030303030303,0.0343283582089552,0,0,0.0432766615146832,0.0737951807228916,0.314814814814815,0.965722801788376,0,0.13464447806354,0.427244582043344,0.0414110429447853,0.490076335877863,0.684375,0,0.0575757575757576,0.9632,0.0755007704160247,0.908385093167702,0,0.954005934718101,0.861904761904762,0.541935483870968,0.0653495440729483,0,0.0787878787878788,0.0638297872340425,0.0414110429447853,0,0.926447574334898,0.105008077544426,0.963434022257552,0.033434650455927,0.0363086232980333,0.95398773006135,0.0364188163884674,0.726299694189602,0.226851851851852,0.967692307692308,0.82018927444795,0.0648148148148148,0,0.96411856474259,0.0625954198473282,0.963607594936709,0.378930817610063,0.603421461897356,0,0.883435582822086,0.290423861852433,0.751926040061633,0.0597243491577335,0.965785381026439,0.851127819548872,0.561093247588424,0.086890243902439,0.146525679758308,0.0769230769230769,0.28169014084507,0,0.0617283950617284,0.961832061068702,0.0636645962732919,0.625199362041467,0.960960960960961,0.0352760736196319,0.0311526479750779,0.033175355450237,0.393292682926829,0.0508474576271186,0.868827160493827,0.81875,0.0961832061068702,0.142414860681115,0,0,0.0419906687402799,0.0956112852664577,0.95583596214511,0.0596546310832025,0.0445468509984639,0.649769585253456,0.10459587955626,0.3078125,0.121621621621622,0,0.0734375,0.664050235478807,0.0326594090202177,0.0363086232980333,0,0.395638629283489,0.0533751962323391,0.964451313755796,0.354330708661417,0.645510835913313,0.226190476190476,0.3546875,0.085672082717873,0.895522388059702,0.0498442367601246,0.0411585365853659,0.0537634408602151,0.696343402225755,0.854714064914992,0.0460829493087558,0.0332326283987915,0,0.248854961832061,0.56859756097561,0.786039453717754,0.275650842266462,0.0342679127725857,0.145962732919255,0.0351145038167939,0.115207373271889,0.968102073365231,0,0.213395638629283,0.962085308056872,0.967542503863988,0.757942511346445,0,0.0431432973805855,0.102290076335878,0.0415384615384615,0.0399385560675883,0.898911353032659,0.976635514018692,0,0,0.834123222748815,0.894245723172628,0.850467289719626,0,0.964992389649924,0.0367534456355283,0.418320610687023,0.715179968701095,0.0373250388802488,0.428134556574924,0.0584615384615385,0.387442572741194,0.388719512195122,0,0.0329835082458771,0.620528771384137,0.530864197530864,0.0990990990990991,0.0398773006134969,0.632148377125193,0,0.0832049306625578,0.0792682926829268,0,0.0631578947368421,0.953846153846154,0.0487421383647799,0.569018404907976,0,0,0.511326860841424,0.204113924050633,0.964831804281346,0.89589905362776,0,0,0.282282282282282,0.947449768160742,0.0421393841166937,0.721884498480243,0.0427480916030534,0.966565349544073,0.621329211746522,0.676056338028169,0.158653846153846,0.881977671451356,0.956989247311828,0,0.927131782945736,0,0.0440729483282675,0.785150078988942,0.0460624071322437,0.9609375,0.0360501567398119,0,0.503048780487805,0.549382716049383,0.0367534456355283,0,0.0346385542168675,0,0.6416,0.0472560975609756,0,0.361990950226244,0.0582677165354331,0.27906976744186,0.083596214511041,1,0,0.0344287949921753,0.765923566878981,0,0.345038167938931,0.968229954614221,0.957251908396947,0.0366826156299841,0.0280811232449298,0.0506912442396313,0.0590062111801242,0.05625,0,0.0572755417956656,0,0.650842266462481,0.750769230769231,0.0455927051671733,0.0450310559006211,0.0406626506024096,0.0364188163884674,0.0306748466257669,0.96,0.0464,0.0724191063174114,0.302431610942249,0.0564024390243902,0.0335365853658537,0.0632716049382716,0,0,0.0504451038575668,0,0.911676646706587,0.00154559505409583,0.0741885625965997,0.753993610223642,0.801916932907348,0.872340425531915,0.108320251177394,0.00152671755725191,0.910493827160494,0.0320121951219512,0.032258064516129,0.393798449612403,0.598529411764706,0.794682422451994,0.842900302114804,0.369565217391304,0.964777947932619,0.855182926829268,0.478395061728395,0.752721617418352,0.327245053272451,0.949386503067485,0,0.965996908809892,0.674050632911392,0.0334394904458599,0.374429223744292,0.783458646616541,0.405238828967643,0.146926536731634,0.0407239819004525,0.0763116057233704,0.0594679186228482,0.0385232744783307,0.0356037151702786,0.488335925349922,0.613740458015267,0.0356589147286822,0.961019490254873,0.965309200603318,0.15015479876161,0,0.0354391371340524,0.0684931506849315,0,0.877388535031847,0,0.0837209302325581,0,0.0625,0.0351145038167939,0.96177370030581,0.199081163859112,0.0364188163884674,0.370662460567823,0.41131498470948,0.140600315955766,0,0,0.0969305331179321,0.0883652430044183,0.0481927710843374,0,0,0.962085308056872,0.775075987841945,0.516975308641975,0,0.583460949464012,0,0.104938271604938,0.0326594090202177,0.799382716049383,0.765861027190332,0,0.677725118483412,0.4390625,0.151468315301391,0.0629685157421289,0.258751902587519,0.962790697674419,0.0429252782193959,0.0859375,0.0333333333333333,0,0.0531914893617021,0,0.0391849529780564,0.95141065830721,0.6078125,0,0,0.210200927357032,0.106518282988871,0.0848484848484849,0.319571865443425,0.944277108433735,0.963836477987421,0.202127659574468,0.177710843373494,0,0.959876543209877,0.0661417322834646,0,0.0467289719626168,0.0832072617246596,0.911450381679389,0,0.961832061068702,0.0334855403348554,0.571651090342679,0.905864197530864,0.886581469648562,0.903522205206738,0.334913112164297,0.872699386503067,0.0431432973805855,0,0.2625,0.052790346907994,0,0,0.970014992503748,0,0.961119751166407,0.033434650455927,0.314873417721519,0.962323390894819,0.961240310077519,0.481191222570533,0.0758513931888545,0.574018126888218,0.00152905198776758,0.958925750394945,0.0551181102362205,0.00769230769230769,0,0.791862284820031,0.957831325301205,0.957878315132605,0.951515151515152,0.964939024390244,0,0.00154559505409583,0.948678071539658,0.00626959247648903,0.003125,0.0184049079754601,0.00458015267175573,0.00149700598802395,0.955246913580247,0.010752688172043,0.965354330708661,0.965996908809892,0.0015527950310559,0.959876543209877,0.0417910447761194,0.969278033794163,0.879389312977099,0.958208955223881,0.959564541213064
"654",0,0,0,0,0,0,0.0126182965299685,0.00158227848101266,0,1,0,1,0,0,0,0,1,0.9826224328594,0,0,0,0,0,1,0,0,0,0.00161550888529887,0,0,0,0,0.00156739811912226,0,1,0,0.98310291858679,0,0,0,0.998417721518987,0.984423676012461,0.992150706436421,0,0,0,0,0,0,0,1,0,0,0,0.0127388535031847,0,1,0,0.00306748466257669,0,0,0,0,1,0,0,1,0,1,0,0,0,0,0,1,0.00153609831029186,0,0,0.00161550888529887,0,1,0,0,0,0,0,0,0,0.0046583850931677,0.986322188449848,0,0,1,1,0,1,0.0184049079754601,0,0.990580847723705,0.988871224165342,0.00783699059561128,1,0,0,0,0,0.987301587301587,0.00308641975308642,0,0,0,0.0126782884310618,0,0,1,0,0,1,0,0,1,0.00157977883096367,0,0,0,0,0,0,1,0.00788643533123028,0,0,0,1,0,0,1,0,0,0.00642054574638844,1,1,0,0,0,0,0,0,0,0,0,0,0,0,0,0,0,0,1,0,0.00619195046439629,0,0,1,0,0,0,0,0,0,0,0,0,0,0.00317460317460317,0,1,0,1,0,0,0,0,0,0,0,0,0,0,0,0,0,0,0.0201863354037267,1,1,0,0.998439937597504,0,0,0.0110935023771791,0,0,0,0,0,0,0,0.00153846153846154,1,0,0,0,0,0,0.00312989045383412,0,0,0.00156739811912226,0,0,1,0,0,0,1,0,0,0.00470957613814757,0,0,0,0.0204081632653061,1,0.0124223602484472,0,0,0,0,0,0,0,0,0,0,0,0,0,0,0,0,0,0,0,0,0,0,0,0.985714285714286,0,1,0.0032,0,0,0,1,0.00161030595813205,0.0015600624024961,0,0,0,0,0.9859375,0,0,0,0,0,0,0,0,0,0,0.0111821086261981,1,0,0.0142857142857143,1,0,0.0122137404580153,0.00157728706624606,1,0,0,0,0,0,1,0.0173775671406003,0,0,0,0,0,0,0,0,0,0,0,0,0,0,0,0,0.00318471337579618,0,0.95,0,0,0,0,0,0,0,0,0,0,0,0,1,0,0.00794912559618442,0,0.947784810126582,0,0,0,0,1,0,0,0,0,0,0,0,0,0,0,1,0,0,0,0,0,0,1,0,0,0,0.00316957210776545,0,0,0,0,1,0,0,0,0,0,0,0,0,0,0,0,0,0.00156985871271586,0,0,0,0,0,0,0,0,0,0,0,0,1,0,0,0,1,0,0.987096774193548,0,0,0,0.995215311004785,0.00946372239747634,0,0,0,0,0,0,0,0,1,0,0.00161812297734628,0,0,0,0,0,1,0,0,0,0,0,0.00641025641025641,0,0.0164203612479475,0.992223950233281,0,0,0,1,0,0.00156985871271586,0,0,0,1,1,0,0,1,0,0.987361769352291,1,1,0,1,0,0,0.00775193798449612,0,1,1,0,0,0,0,0.996789727126806,0.0182926829268293,0,0,0,0,1,0,0,0.00161030595813205,0,1,0,0,0,0.00155763239875389,1,0,0,0,1,0,0,0,0,0,0,0,0,0,0,0,0,0.987341772151899,0,0,0,0,0.00469483568075117,1,0,0.00316455696202532,0,0,0,0,0,0,0,0,0,1,0,0,0,0.00482315112540193,0,0,0,0,0,0,0,0,0,0.0141287284144427,1,1,0,0,0,0,0,0,0,0,0.0155038759689922,1,0,0.0159235668789809,0,0,1,0,0,0,0.0016,0,0,0,0,0,0.00322061191626409,0,0,0.0177993527508091,0.0297339593114241,0,0,0.990639625585023,0,0,0,0,0,0,0,0.769230769230769,0,1,0.00158730158730159,0,0,0,1,0,0,0,0,0,0,1,1,0,0,0,1,0,0,0.579268292682927,0,0,0.00784929356357928,0,0,0,1,0,0,0,0.00458015267175573,0,0,0.988993710691824,0,0,1,0.00153609831029186,0,0,0,1,0.988941548183254,0,0,0,0,0.985915492957746,0.99837925445705,0,0,0,0,0,0,0,0,0.00636942675159236,0,0,0.996850393700787,0,1,0,0.154859967051071,0.00150602409638554,0,0,1,0,0,0,1,0,1,0,0,1,0.0172143974960876,0,0,0.0016,0,1,0,0,1,0,0,0,0,0,0,0.00470957613814757,0.00158227848101266,1,0,0.975270479134467,0.0217054263565891,0,0,0,0,0,0.924031007751938,0,0,0,0,0,0,0,1,1,0,1,0,0.998422712933754,0,0,0,0,0,0.998420221169036,0,0,0,0,0,0,0,0,0,0,0,0,0,0,1,0,0.0192926045016077,0,0.0268562401263823,0,0,0.00623052959501558,0,0.00161812297734628,0,0,0,0,0,0,0,0,0.00312989045383412,0.9859375,0,0,1,0,1,0,1,0,0,0,0,0,0,0,0.0173501577287066,1,1,0,0,0,1,1,0,0,0,1,0,1,0,0,0.0401284109149278,0,1,0,0,0,0,0,0,0,0.89375,0,1,0,0.990521327014218,0,0,0.389857369255151,1,1,0.00156985871271586,0,0.00769230769230769,0,0,0,0,0,1,0,0,1,0,0,0,0.959375,0,0,0,0,0,0,0,0,0,1,0,0,0.995215311004785,1,0,1,0,0,0,0,0,0.00644122383252818,0.00475435816164818,0,0.952380952380952,0,0.9,0.979750778816199,1,0.166666666666667,0,0,0.0046656298600311,0,0.947619047619048,0.944530046224962,0,0.978193146417445,0.992063492063492,0.953051643192488,0.976887519260401,0.942812982998454,0,0.9734375,0,0,0.955271565495208,0,0.931782945736434,0,0.0527131782945736,0,0
"655",0.9968,1,0.967542503863988,0.933438985736926,0.983792544570502,1,0.883830455259027,0.973228346456693,1,0,1,0,0.552995391705069,1,0.0419254658385093,0.00777604976671851,0,0.00952380952380952,0.998410174880763,0.984472049689441,0.160186625194401,0.0337620578778135,0.990839694656489,0,0.95852534562212,0.236507936507937,0.111455108359133,0.986991869918699,0.461538461538462,0.665653495440729,0,0.676656151419558,0.759493670886076,0.28391167192429,0,1,0.0214723926380368,0.996850393700787,0.253414264036419,0.903522205206738,0.00157728706624606,0.0107361963190184,0.0062015503875969,1,0.777059773828756,0.0208333333333333,0.505582137161085,0,0.458588957055215,0.126911314984709,0,0.995319812792512,0.262015503875969,1,0.880690737833595,0.153846153846154,0,0.979397781299525,0.959938366718028,0.901538461538462,0.291079812206573,0.437403400309119,0,0,0.904761904761905,0.829984544049459,0,0.987421383647799,0,0,0.854938271604938,0.00623052959501558,0.0155038759689922,1,0,0.713622291021672,0.0398773006134969,0.575663026521061,0.891509433962264,0.264119601328904,0,0.695454545454545,0.204018547140649,1,0.100931677018634,0.905572755417957,0.995356037151703,0.96513470681458,0.964230171073095,0.0123076923076923,0.984177215189873,1,0,0,0.973312401883831,0,0.291472868217054,0.9796875,0.00769230769230769,0.00783699059561128,0.602523659305994,0,0.280507131537242,1,0.104776579352851,1,0.0095389507154213,0.975346687211094,0,0.00625978090766823,0.009375,0.905660377358491,0.323390894819466,0.990639625585023,0,0.984779299847793,0.701587301587302,0,0,0.228209191759113,0,0.759170653907496,0.244514106583072,0.0728155339805825,0.967441860465116,0.136150234741784,0.996899224806202,0.995268138801262,0,0.539781591263651,0.927018633540373,0.47588424437299,0.9888,0,0.993640699523052,0.0196078431372549,0,0.207936507936508,0.621236133122029,0.512038523274478,0,0,0.978090766823161,0.764521193092622,0.157303370786517,1,0.00784929356357928,0.915384615384615,0.418269230769231,0.980030721966206,0.133971291866029,0.985849056603774,1,0.830985915492958,0.993759750390016,0,1,0,0,0.743221690590112,0.86,0.979591836734694,0.0169491525423729,0,1,0.448657187993681,1,1,1,0.29066265060241,0.978294573643411,0.00156494522691706,0.949848024316109,0,0.888364779874214,0.362363919129082,0,0.986003110419907,0,0.848101265822785,1,0.109324758842444,0.984350547730829,0.952681388012618,0.990867579908676,0.978527607361963,0.0911949685534591,0.375579598145286,0.918138041733547,0.936708860759494,0.0467289719626168,0.00156985871271586,0.978792822185971,0.856918238993711,0,0,0.291993720565149,0.00156739811912226,1,0.248073959938367,0.8752,0.747648902821317,0.990769230769231,0.424100156494523,0.42457231726283,0.28594249201278,0.919431279620853,0.964230171073095,0.865325077399381,0,0.88390092879257,0.170967741935484,0.94488188976378,0,0.0644171779141104,0.530254777070064,0.976415094339623,0.979969183359014,0.816901408450704,1,0.889240506329114,0,0.0733652312599681,0.661514683153014,0.993720565149137,0,0.99236641221374,0.978723404255319,0.540031397174254,0.552631578947368,0.990595611285266,1,0.349282296650718,0,0.878648233486943,0.521394611727417,0.967689822294023,0,0.960365853658537,0.998405103668262,1,0.952153110047847,0.529503105590062,0.00158478605388273,0.96998420221169,0.536050156739812,0.00455927051671732,0.0015220700152207,0.186708860759494,0,0.145867098865478,0.670769230769231,0,0.0046801872074883,0.00470219435736677,0.589939024390244,0.0398089171974522,0.980861244019139,0.0110584518167457,0,0,0.220125786163522,1,0.976708074534162,0.903426791277259,0,0.860162601626016,0.866043613707165,0.682965299684543,0.595611285266458,0.453834115805947,0.441786283891547,0.0109034267912773,1,0.0925925925925926,0.689710610932476,0.957943925233645,0.00765696784073507,0.73449920508744,0.00157977883096367,0.10989010989011,1,1,0.885758998435055,0,0.63594470046083,0.878548895899054,0,0,0.888386123680241,0.979397781299525,0,0.0015527950310559,0.00153846153846154,0.984,0.873040752351097,0,0,0.373817034700315,0.990384615384615,0.777099236641221,0.391912908242613,0.643987341772152,0.959564541213064,0.00307692307692308,1,1,0.0063391442155309,0.967084639498433,1,0.972972972972973,0.996860282574568,0.173913043478261,0.302652106084243,0.275430359937402,0.980861244019139,0.936585365853659,0.0467289719626168,0.255150554675119,0.977777777777778,0.138674884437596,0.291291291291291,0.993710691823899,0.998415213946117,0.967136150234742,0.698083067092652,0.996946564885496,0.235955056179775,0.961360123647604,0.996840442338073,0,0.310077519379845,0.535657686212361,0.0155763239875389,0.0470957613814757,0.00766871165644172,0.912908242612753,0.0172413793103448,0,0,0.222397476340694,0.990491283676704,0.0661417322834646,0.983766233766234,0.96984126984127,0.987519500780031,0.280564263322884,0.281350482315113,0.674491392801252,0.455737704918033,0,0.81875,0.00917431192660551,0.0365853658536585,0.191522762951334,1,0.00156494522691706,0,0.3234375,0.00782472613458529,0.0221169036334913,0.468152866242038,1,0.266025641025641,1,0.965023847376789,0,0.989598811292719,0,0.998468606431853,0.828173374613003,1,0.0126782884310618,0.976635514018692,0,0.875590551181102,0.707472178060413,0.949152542372881,0.988958990536278,0.996810207336523,0.280507131537242,0.960753532182104,1,0,0.0267295597484277,1,1,0.32348367029549,0.883830455259027,0.967793880837359,0.954330708661417,1,0,0.111821086261981,1,0.00158227848101266,0,0.964006259780908,0.0111464968152866,0.0380348652931854,1,0.965408805031447,0.0047244094488189,0.612852664576803,0.40952380952381,0.985530546623794,0,0.865506329113924,0.996810207336523,0.36734693877551,0.597826086956522,0.774760383386581,0,0.153238546603476,0.974068071312804,0.998422712933754,0.438080495356037,1,0.974481658692185,0.0315457413249211,0.00152905198776758,0.986089644513138,0.9953125,0.947867298578199,0.693939393939394,0.00476947535771065,0.856012658227848,0.233644859813084,0.175787728026534,0.00625,0.624398073836276,0.593354430379747,0.602167182662539,0,0.282679738562091,0.906940063091483,0.637345679012346,0.512422360248447,0.0832072617246596,0,0,1,0.972265023112481,0,0.9140625,0.00952380952380952,0,0,0.998422712933754,0,1,0.758293838862559,0.520801232665639,1,0,0,0.993740219092332,0.963414634146341,0.722480620155039,0,0.00321027287319422,0.871165644171779,0.590062111801242,1,0.52,0.335443037974684,0,0.978125,0,0.955555555555556,0.0838607594936709,0,0.00916030534351145,0.106317411402157,0.486088379705401,0.973561430793157,0,0.946646341463415,0.976708074534162,1,0,0.0686900958466454,0.933884297520661,0.00481540930979133,1,1,0.0078125,1,0.293103448275862,0.793478260869565,0.00793650793650794,0.164516129032258,0.961119751166407,0.0110584518167457,0,0.974763406940063,0.00646203554119548,0.65818759936407,0.3801261829653,0,0.109034267912773,0.742496050552923,0.248833592534992,0.979750778816199,0,0.146604938271605,0.437704918032787,0.948795180722892,0.877300613496933,0.963949843260188,0.744479495268139,0,0.981337480559876,0,0.965189873417722,0.385365853658537,0,1,1,1,0.625,0.98755832037325,0.128410914927769,0.187106918238994,0.94679186228482,0.875195007800312,0,0,0.992012779552716,0.9296,0.0158478605388273,0.987381703470032,0.993730407523511,0.357142857142857,0.934504792332268,0.736507936507937,0.886503067484663,0,0.971518987341772,0.3264,1,0.998425196850394,0,0.638629283489097,0.971428571428571,0,0.672955974842767,0.371340523882897,0.794871794871795,0.674157303370786,0.957446808510638,0.0813253012048193,0.984076433121019,1,0.978328173374613,0.285483870967742,0.0923317683881064,0.990654205607477,1,0.00930232558139535,0.779874213836478,0.43944099378882,0.251968503937008,0.748019017432647,1,0.874411302982732,1,0.118827160493827,0,0,0.820754716981132,0.00320512820512821,0,0.267605633802817,0,0.990610328638498,0.9140625,0.9984375,0.993874425727412,0.0921875,0,0,0,0.164516129032258,0.0752,0.150706436420722,0,0,1,0.00777604976671851,0.286384976525822,1,0.58359133126935,0.976452119309262,0.64797507788162,0.619266055045872,0,1,0.385350318471338,0.49609984399376,0.926380368098159,0.98937784522003,0.379785604900459,0.0109034267912773,0.95260663507109,0.954545454545455,0,0.963470319634703,0.0155763239875389,0.985413290113452,0.411944869831547,0,0.0093603744149766,0.50990099009901,0.830670926517572,0,0.131537242472266,0.0109375,0.00160513643659711,0.742033383915023,0.0189274447949527,1,0.314728682170543,0.99537037037037,0,0.373271889400922,0.315705128205128,0.862619808306709,0.082258064516129,0.00461538461538462,0.00314465408805031,0.0383386581469649,0,0.993855606758833,0.0387096774193548,0.981981981981982,0.00320512820512821,1,0,0.516228748068006,0.456964006259781,1,0,0.998442367601246,0,0.392220421393841,0.986301369863014,0,0.6375,0.982785602503912,0.747619047619048,0.9472,0.0344287949921753,0,1,0.250798722044728,0,0.673405909797823,0,0.0199692780337942,1,1,0.99079754601227,0.965354330708661,0.979719188767551,0,0.977707006369427,0.0203125,0.337962962962963,0.275862068965517,0.992307692307692,0.992150706436421,0.996918335901387,0.990825688073395,0.0555555555555556,0.0141065830721003,0.986906710310966,0.956923076923077,0.71937984496124,0.976744186046512,1,0.970588235294118,0,0,0.981735159817352,0,0.0668740279937792,0,0.950155763239875,0.276190476190476,0.202922077922078,0.114374034003091,0.920127795527157,0,0.105754276827372,1,1,0.62037037037037,0.411411411411411,0.199400299850075,0.171826625386997,0.641509433962264,0,0.106646058732612,0.544881889763779,0.251980982567353,0.712962962962963,0.0110236220472441,0,0,0.309904153354633,1,0.612752721617418,0.222390317700454,0.621283255086072,0.867078825347759,0.987673343605547,0.964458804523425,0.979527559055118,1,0.998405103668262,0.547880690737834,0.41112828438949,0.998432601880878,0.00303490136570561,0.0075187969924812,0.85981308411215,0.010752688172043,1,0.970948012232416,0,0.101286173633441,0,0.952978056426332,0,0.976887519260401,1,0.00615384615384615,0.8234375,1,0.640062597809077,0.618238021638331,0.872841444270016,0,0,0.929159802306425,0.943231441048035,0.989096573208723,0,0,0,0.223744292237443,0.490595611285266,0,0.45046439628483,0,0.921850079744817,1,0.153846153846154,0.236111111111111,0,0.339285714285714,0.588888888888889,0.8578125,0.961180124223602,0.769706336939722,0,0.99025974025974,0.0172143974960876,1,0,0.983076923076923,0.0077639751552795,1,0.0156739811912226,0.00805152979066022,0,0,0.8171875,0.927652733118971,0.936170212765957,0.714067278287462,0.0245775729646697,0.00644122383252818,0.828926905132193,0.828220858895706,0,0.014308426073132,0.974842767295597,0,0.987341772151899,0.954898911353033,0.0609375,0.0391236306729265,0,1,0.460420032310178,0.0729001584786054,0.100638977635783,0.107858243451464,0.697262479871176,0.0904907975460123,1,0,0.762658227848101,0.981366459627329,0.00317460317460317,0,0,0,0,1,0.707667731629393,0,0,0.532182103610675,0.958860759493671,0.429892141756549,0.0460829493087558,0.00160771704180064,0.0527156549520767,0.0173775671406003,0,0.023961661341853,0.00453172205438067,0.00159489633173844,0.0108024691358025,0,0.0441640378548896,0.0546021840873635,0.0139968895800933,0.0188679245283019,0.0032,0.028391167192429,0.0246913580246914,0.0542635658914729,0.00625978090766823,0.0219435736677116,0,0.00313971742543171,0.0421393841166937,0.0062111801242236,0.0273972602739726,0,0.0359375,0.00151745068285281,0.0015527950310559
"656",0.252459016393443,0.264659270998415,0.274015748031496,0.313504823151125,0.266129032258065,0.266233766233766,0.352,0.277165354330709,0.269470404984424,0,0.262479871175523,0,0.559429477020602,0.250809061488673,0.734177215189873,0.744075829383886,0,0.0016025641025641,0.254098360655738,0.27373417721519,0.708860759493671,0.749185667752443,0.265822784810127,0,0.303317535545024,0.663492063492063,0.721780604133545,0.267857142857143,0.603125,0.503949447077409,0.741433021806854,0.518341307814992,0.440944881889764,0.644904458598726,0,0.256778309409888,0.00934579439252336,0.253543307086614,0.723502304147465,0.327613104524181,0,0,0,0.264331210191083,0.423645320197044,0.782679738562091,0.562197092084006,0.736421725239617,0.677469135802469,0.721362229102167,0,0.271268057784912,0.666666666666667,0.260869565217391,0.329652996845426,0.885852090032154,0,0.276872964169381,0.293291731669267,0.343307086614173,0.652996845425868,0.610062893081761,0.742671009771987,0,0.322899505766063,0.378335949764521,0,0.275316455696203,0,0.729166666666667,0.360890302066773,0.743221690590112,0.762658227848101,0.259842519685039,0,0.496865203761755,0.750394944707741,0.564873417721519,0.355628058727569,0.872268907563025,0,0.489096573208723,0.686028257456829,0.254372019077901,0.7339593114241,0.327014218009479,0.260663507109005,0.288188976377953,0.272583201267829,0,0.256,0.256735340729002,0,0,0.279935275080906,0,0.656050955414013,0.275039745627981,0,0,0.52555910543131,0,0.712218649517685,0.252427184466019,0.746543778801843,0.264943457189015,0,0.272583201267829,0.737341772151899,0.751181102362205,0.741835147744946,0.309178743961353,0.822222222222222,0.2752,0,0.272012578616352,0.478537360890302,0,0.753993610223642,0.81421647819063,0,0.450320512820513,0.684627575277338,0.745065789473684,0.278560250391236,0.7171875,0.250391236306729,0.256735340729002,0,0.542857142857143,0.315619967793881,0.610749185667752,0.270967741935484,0,0.251215559157212,0.7398753894081,0,0.7008,0.495987158908507,0.559738134206219,0,0,0.2768,0.45933014354067,0.707395498392283,0.254019292604502,0.724522292993631,0.324451410658307,0.777049180327869,0.272868217054264,0.721153846153846,0.282574568288854,0.259380097879282,0.428343949044586,0.2491961414791,0.725938009787928,0.259842519685039,0.7232,0,0.472843450479233,0.361669242658423,0.277337559429477,0.753488372093023,0,0.253918495297806,0.623987034035656,0.253756260434057,0.259083728278041,0.250793650793651,0.651162790697674,0.275316455696203,0.746365105008078,0.325115562403698,0.747320061255743,0.330683624801272,0.6432,0,0.276357827476038,0,0.3824,0.269413629160063,0.725490196078431,0.265402843601896,0.308426073131955,0.252293577981651,0.280757097791798,0.843014128728414,0.7953125,0.329032258064516,0.308917197452229,0.739903069466882,0.736089030206677,0.264847512038523,0.363349131121643,0,0,0.674679487179487,0,0.251543209876543,0.858490566037736,0.342532467532468,0.4375,0.263975155279503,0.597133757961783,0.626582278481013,0.668820678513732,0.336585365853659,0.29047619047619,0.357254290171607,0,0.348837209302326,0.733766233766234,0.308064516129032,0.742902208201893,0.723004694835681,0.536392405063291,0.270998415213946,0.268217054263566,0.416932907348243,0.259083728278041,0.357142857142857,0,0.723270440251572,0.496875,0.255555555555556,0,0.250393700787402,0.265337423312883,0.537007874015748,0.641065830721003,0.26038338658147,0.272875816993464,0.64926590538336,0,0.335403726708075,0.65112540192926,0.27823240589198,0.735109717868339,0.296754250386399,0.264,0.263074484944533,0.28525641025641,0.655608214849921,0.748792270531401,0.298412698412698,0.548335974643423,0.733128834355828,0.734567901234568,0.719551282051282,0.746388443017656,0.728896103896104,0.475743348982786,0.735247208931419,0.747235387045814,0.7421875,0.513302034428795,0.730645161290323,0.278582930756844,0,0.720190779014308,0,0.67515923566879,0.2672,0.269968051118211,0.328050713153724,0,0.360128617363344,0.369905956112853,0.514820592823713,0.605723370429253,0.613418530351438,0.612903225806452,0,0.247603833865815,0.744408945686901,0.525121555915721,0.282747603833866,0.743710691823899,0.445512820512821,0.740157480314961,0.786392405063291,0.263975155279503,0.265238879736409,0.344715447154472,0,0.486571879936809,0.3278955954323,0,0.729984301412873,0.339035769828927,0.283171521035599,0,0.738924050632911,0.731974921630094,0.296052631578947,0.361702127659574,0.741518578352181,0,0.624405705229794,0.274636510500808,0.425233644859813,0.8128,0.5088,0.297339593114241,0.737678855325914,0.260061919504644,0.248803827751196,0.738170347003155,0.2896,0.258426966292135,0.273170731707317,0.260188087774295,0.784126984126984,0.65210608424337,0.6736,0.27479674796748,0.317741935483871,0.00628930817610063,0.817170111287758,0.290529695024077,0.711598746081505,0.825077399380805,0.269291338582677,0.254045307443366,0.281150159744409,0.477346278317152,0.254317111459969,0.796502384737679,0.292834890965732,0.252427184466019,0,0.644859813084112,0.547540983606557,0.746815286624204,0.00317460317460317,0.727272727272727,0.347133757961783,0.736263736263736,0.752773375594295,0,0.76056338028169,0.27536231884058,0.736593059936908,0.273770491803279,0.284375,0.270531400966184,0.667731629392971,0.668316831683168,0.511182108626198,0.740131578947368,0,0.397129186602871,0.745736434108527,0.741140215716487,0.745709828393136,0.256038647342995,0.748427672955975,0,0.659810126582278,0.731437598736177,0.752,0.584639498432602,0.25796178343949,0.908794788273616,0.253611556982344,0.284578696343402,0,0.252252252252252,0.728549141965679,0.261205564142195,0.399046104928458,0.262903225806452,0.72397476340694,0.276995305164319,0.738019169329074,0.351910828025478,0.486312399355878,0.300155520995334,0.273291925465839,0.240506329113924,0.681318681318681,0.28343949044586,0.253086419753086,0.750390015600624,0.752721617418352,0.270967741935484,0.256778309409888,0.87220447284345,0.336448598130841,0.296540362438221,0.303459119496855,0.269470404984424,0,0.776508972267537,0.26550079491256,0.73968253968254,0,0.284345047923323,0,0.778846153846154,0.244897959183673,0.291803278688525,0,0.517571884984026,0.619967793880837,0.275641025641026,0.742148760330579,0.409677419354839,0.270181219110379,0.638535031847134,0.515007898894155,0.43312101910828,0,0.717703349282297,0.267536704730832,0.270866141732283,0.610328638497653,0.25,0.267886855241265,0.74203821656051,0,0.27602523659306,0.259433962264151,0.287066246056782,0.478056426332288,0.736842105263158,0.373397435897436,0.689274447949527,0.688013136288998,0,0.539708265802269,0.506389776357827,0.536050156739812,0,0.839732888146911,0.32,0.523364485981308,0.679748822605965,0.754946727549467,0,0,0.246177370030581,0.283048211508554,0,0.305379746835443,0,0,0,0.262057877813505,0,0.276595744680851,0.396196513470681,0.540625,0.233070866141732,0,0,0.271132376395534,0.294930875576037,0.492868462757528,0.746875,0,0.343799058084772,0.522550544323484,0.254317111459969,0.572530864197531,0.800955414012739,0,0.268562401263823,0.728618421052632,0.284779050736498,0.796474358974359,0,0.736196319018405,0.7136,0.575456053067993,0.280952380952381,0,0.302034428794992,0.264090177133655,0.251572327044025,0,0.821256038647343,0.285475792988314,0.739703459637562,0.243243243243243,0.259375,0.740566037735849,0.253968253968254,0.688783570300158,0.402535657686212,0.736089030206677,0.712418300653595,0.294585987261146,0,0.728571428571429,0.282608695652174,0.748776508972268,0.552674230145867,0.6144,0,0.735109717868339,0.435772357723577,0.6848,0.277511961722488,0.734076433121019,0.737169517884914,0.634551495016611,0.309968847352025,0.336463223787167,0.278662420382166,0.450819672131148,0,0.266666666666667,0.737007874015748,0.269291338582677,0.625407166123778,0.751572327044025,0.253968253968254,0.26038338658147,0.250396196513471,0.496050552922591,0.259493670886076,0.724473257698541,0.71405750798722,0.317683881064163,0.333860759493671,0,0,0.26038338658147,0.317666126418152,0.736585365853659,0.277597402597403,0.267496111975117,0.640378548895899,0.324675324675325,0.44264943457189,0.330173775671406,0,0.2864,0.631410256410256,0.256329113924051,0.263157894736842,0,0.520700636942675,0.286858974358974,0.747181964573269,0.504065040650406,0.874015748031496,0.402439024390244,0.51219512195122,0.288786482334869,0.710526315789474,0.274959083469722,0.263823064770932,0.272151898734177,0.653658536585366,0.709728867623604,0.269592476489028,0.268933539412674,0,0.421630094043887,0.595541401273885,0.911111111111111,0.442879499217527,0.266666666666667,0.386942675159236,0.262830482115086,0.127131782945736,0.733660130718954,0,0.413078149920255,0.728,0.74685534591195,0.89540412044374,0,0.258620689655172,0.321928460342146,0.263823064770932,0.265723270440252,0.72827804107425,0.750402576489533,0,0,0.725649350649351,0.741573033707865,0.77724358974359,0,0.742088607594937,0.265079365079365,0.331230283911672,0.658653846153846,0.258012820512821,0.5229793977813,0.294685990338164,0.527472527472527,0.487767584097859,0,0.263237518910741,0.615629984051037,0.579710144927536,0.311145510835913,0.266457680250784,0.619047619047619,0,0.293103448275862,0.288643533123028,0,0.298904538341158,0.729001584786054,0.265238879736409,0.613312202852615,0,0,0.58,0.388178913738019,0.764044943820225,0.838187702265372,0,0,0.481707317073171,0.743221690590112,0.256666666666667,0.849144634525661,0.259375,0.741269841269841,0.616719242902208,0.647435897435897,0.368932038834951,0.717105263157895,0.742857142857143,0,0.739549839228296,0,0.263482280431433,0.613223140495868,0.267281105990783,0.737096774193548,0.263665594855305,0,0.581648522550544,0.593301435406699,0.246056782334385,0,0.252747252747253,0,0.773828756058158,0.280811232449298,0,0.493730407523511,0.258012820512821,0.435406698564593,0.298387096774194,0.765923566878981,0,0.250798722044728,1,0,0.509554140127389,0.743076923076923,0.738582677165354,0.268370607028754,0.239935587761675,0.267605633802817,0.274636510500808,0.264090177133655,0,0.275080906148867,0,0.636505460218409,0.931528662420382,0.263239875389408,0.267295597484277,0.266770670826833,0.279179810725552,0.0412044374009509,0.748397435897436,0.264274061990212,0.303125,0.467817896389325,0.284591194968553,0.261075949367089,0.27172195892575,0,0,0.270642201834862,0,0.729984301412873,0.00158982511923688,0.287066246056782,0.998376623376623,0.691437802907916,0.7296875,0.337133550488599,0.00160513643659711,0.773015873015873,0.250783699059561,0.261006289308176,0.519108280254777,0.629057187017002,0.722560975609756,0.861370716510903,0.494363929146538,0.754746835443038,0.714733542319749,0.549050632911392,0.801932367149758,0.486153846153846,0.720190779014308,0,0.721231766612642,0.628205128205128,0.25,0.487421383647799,0.715384615384615,0.530612244897959,0.369085173501577,0.25,0.284552845528455,0.271103896103896,0.264423076923077,0.245557350565428,0.680379746835443,0.753968253968254,0.271585557299843,0.748858447488584,0.735614307931571,0.368503937007874,0,0.26046511627907,0.275752773375594,0,0.732113144758735,0,0.296,0,0.278996865203762,0.272151898734177,0.724137931034483,0.409017713365539,0.258620689655172,0.480582524271845,0.493630573248408,0.332273449920509,0,0,0.32463295269168,0.305555555555556,0.276995305164319,0,0,0.732786885245902,0.843653250773994,0.594637223974763,0,0.726550079491256,0,0.32695374800638,0.252411575562701,0.695652173913043,0.682389937106918,0,0.793214862681745,0.525236593059937,0.350931677018634,0.291277258566978,0.422291993720565,0.743221690590112,0.265472312703583,0.0779014308426073,0.241100323624595,0,0.272585669781931,0,0.268092105263158,0.754385964912281,0.479806138933764,0,0,0.403426791277259,0.306320907617504,0.309859154929577,0.493023255813954,0.736024844720497,0.736672051696284,0.369426751592357,0.386895475819033,0,0.760252365930599,0.278846153846154,0,0.28130081300813,0.296998420221169,0.767036450079239,0.00159744408945687,0.732258064516129,0.248447204968944,0.740322580645161,0.719242902208202,0.729200652528548,0.841194968553459,0.498333333333333,0.736593059936908,0.267741935483871,0,0.431781701444623,0.276729559748428,0,0,0.746932515337423,0,0.737678855325914,0.263406940063092,0.461912479740681,0.730769230769231,0.732786885245902,0.552287581699346,0.284345047923323,0.610328638497653,0.0062015503875969,0.737190082644628,0.0535714285714286,0.0110759493670886,0,0.617834394904459,0.717628705148206,0.7223113964687,0.736760124610592,0.752351097178683,0.00159235668789809,0.00471698113207547,0.720748829953198,0.00482315112540193,0.00160771704180064,0.0206677265500795,0.00778816199376947,0.00628930817610063,0.756451612903226,0.012779552715655,0.743464052287582,0.733755942947702,0.00484652665589661,0.752808988764045,0.0438184663536776,0.748031496062992,0.701587301587302,0.742331288343558,0.7424
"657",0,0,0,0,0,0,0.0109034267912773,0.00153374233128834,0,1,0,1,0,0,0,0,1,0.986238532110092,0,0,0,0,0,1,0,0,0,0.00156494522691706,0,0,0,0,0.0015625,0,1,0,0.972560975609756,0,0,0,0.998432601880878,0.986301369863014,0.993984962406015,0,0,0,0,0,0,0,1,0,0,0,0.0109375,0,1,0,0.00305343511450382,0,0,0,0,1,0,0,1,0,1,0,0,0,0,0,1,0,0,0,0.00156739811912226,0,1,0,0,0,0,0,0,0,0.00448430493273543,0.986506746626687,0,0,1,1,0,1,0.0168195718654434,0,0.992447129909366,0.99236641221374,0.00775193798449612,1,0,0,0,0,0.989197530864197,0.00305810397553517,0,0,0,0.0138888888888889,0,0,1,0,0,1,0,0,1,0.00153846153846154,0,0,0,0,0,0,1,0.0060790273556231,0,0,0,1,0,0,1,0,0,0.00476190476190476,1,1,0,0,0,0,0,0,0,0,0,0,0,0,0,0,0,0,1,0,0.0045045045045045,0,0,1,0,0,0,0,0,0,0,0,0,0,0.00152439024390244,0,1,0,1,0,0,0,0,0,0,0,0,0,0,0,0,0,0,0.0196078431372549,1,1,0,0.998489425981873,0,0,0.0108527131782946,0,0,0,0,0,0,0,0.00149476831091181,1,0,0,0,0,0,0.00305343511450382,0,0,0.00155038759689922,0,0,1,0,0,0,1,0,0,0.00308641975308642,0,0,0,0.0184615384615385,1,0.0119581464872945,0,0,0,0,0,0,0,0,0,0,0,0,0,0,0,0,0,0,0,0,0,0,0,0.987635239567233,0,1,0.00309597523219814,0,0,0,1,0.0015600624024961,0.00149476831091181,0,0,0,0,0.987767584097859,0,0,0,0,0,0,0,0,0,0,0.0124804992199688,1,0,0.0155763239875389,1,0,0.0133333333333333,0.00155763239875389,1,0,0,0,0,0,1,0.0153374233128834,0,0,0,0,0,0,0,0,0,0,0,0,0,0,0,0,0.00307692307692308,0,0.946401225114854,0,0,0,0,0,0,0,0,0,0,0,0,1,0,0.0077639751552795,0,0.945619335347432,0,0,0,0,1,0,0,0,0,0,0,0,0,0,0,1,0,0,0,0,0,0,1,0,0,0,0.00154559505409583,0,0,0,0,1,0,0,0,0,0,0,0,0,0,0,0,0,0.00153139356814701,0,0,0,0,0,0,0,0,0,0,0,0,1,0,0,0,1,0,0.989147286821705,0,0,0,0.995412844036697,0.00765696784073507,0,0,0,0,0,0,0,0,1,0,0.0015625,0,0,0,0,0,0.998480243161094,0,0,0,0,0,0.00465116279069767,0,0.014446227929374,0.993957703927492,0,0,0,1,0,0.00154320987654321,0,0,0,1,1,0,0,1,0,0.989130434782609,1,1,0,1,0,0.00152671755725191,0.00588235294117647,0,1,1,0,0,0,0,0.996850393700787,0.0196374622356495,0,0,0,0,1,0,0,0.00154798761609907,0,1,0,0,0,0.00153374233128834,1,0,0,0,1,0,0,0,0,0,0,0,0,0,0,0.00155038759689922,0,0.987616099071207,0,0,0,0,0.0140625,1,0,0.00153139356814701,0,0,0,0,0,0,0,0,0,1,0,0,0,0.00316455696202532,0,0,0,0,0,0,0,0,0,0.0121580547112462,1,1,0,0,0,0,0,0,0,0,0.014903129657228,1,0,0.0156494522691706,0,0,1,0,0,0,0.0015527950310559,0,0,0,0,0,0.00315457413249211,0,0,0.015625,0.0276497695852535,0,0,0.990853658536585,0,0,0,0,0,0,0,0.755255255255255,0,1,0.00153139356814701,0,0,0,1,0,0,0,0,0,0,1,1,0,0,0,1,0,0,0.579425113464448,0,0,0.00759878419452888,0,0,0,1,0,0,0,0.00449101796407186,0,0,0.988005997001499,0,0,1,0.00147058823529412,0,0,0,1,0.989345509893455,0,0,0,0,0.987841945288754,0.998432601880878,0,0,0,0,0,0,0,0,0.0047244094488189,0,0,0.996965098634294,0,1,0,0.170111287758347,0.0014792899408284,0,0,1,0,0,0,1,0,1,0,0,1,0.0166666666666667,0,0,0.0015600624024961,0,1,0,0,1,0,0,0,0,0,0,0.00462962962962963,0.00153846153846154,1,0,0.977203647416413,0.0194319880418535,0,0,0,0,0,0.913373860182371,0,0,0,0,0,0,0,1,1,0,1,0,0.998477929984779,0,0,0,0,0,0.998480243161094,0,0,0,0,0,0,0,0,0,0,0,0,0,0,1,0,0.0171606864274571,0,0.0303030303030303,0,0,0.00453857791225416,0,0.00157728706624606,0,0,0,0,0,0,0,0,0.00151285930408472,0.988095238095238,0,0,1,0,1,0,1,0,0,0,0,0,0.0015600624024961,0,0.0169230769230769,1,1,0,0,0,1,1,0,0,0,1,0,1,0,0,0.0340557275541796,0,1,0,0,0,0,0,0,0,0.902439024390244,0,1,0,0.99236641221374,0,0,0.382215288611544,1,1,0,0,0.00902255639097744,0,0,0,0,0,1,0,0,1,0,0,0,0.954128440366973,0,0,0,0,0,0,0,0,0,1,0,0,0.996932515337423,1,0,1,0,0,0,0,0,0.0046656298600311,0.00460122699386503,0,0.948249619482496,0,0.892018779342723,0.972644376899696,1,0.171296296296296,0,0,0.00605143721633888,0,0.947449768160742,0.940366972477064,0,0.975384615384615,0.993700787401575,0.943768996960486,0.969834087481146,0.9375,0,0.964831804281346,0,0,0.953271028037383,0,0.926756352765321,0,0.0538461538461538,0,0
"658",0.679245283018868,0.680124223602484,0.717791411042945,0.7392,0.704113924050633,0.683962264150943,0.704510108864697,0.71583850931677,0.686821705426357,0,0.679447852760736,0,0.724137931034483,0.685805422647528,0.369565217391304,0.333333333333333,0,0.00786163522012579,0.676751592356688,0.708920187793427,0.474576271186441,0.32475884244373,0.680491551459293,0,0.708588957055215,0.506230529595016,0.4015625,0.686305732484076,0.669195751138088,0.695718654434251,0.313178294573643,1,0.819047619047619,0.47196261682243,0,0.687888198757764,0.0166919575113809,0.687022900763359,0.554054054054054,0.66820987654321,0,0.00763358778625954,0.0015527950310559,0.697965571205008,0.735668789808917,0.328025477707006,0.639751552795031,0.314241486068111,0.650746268656716,0.431164901664145,0,0.690140845070423,0.541213063763608,0.685099846390169,0.696682464454976,0.45226917057903,0,0.690095846645367,0.688854489164087,0.794162826420891,0.489891135303266,0.630769230769231,0.316118935837246,0,0.694227769110764,0.713178294573643,0,0.692068429237947,0,0.308661417322835,0.675425038639876,0.314641744548287,0.329704510108865,0.682634730538922,0,0.787596899224806,0.368501529051988,0.657407407407407,0.786604361370717,0.531914893617021,0,0.89922480620155,0.498480243161094,0.674772036474164,0.424806201550388,0.745426829268293,0.680555555555556,0.7171875,0.686244204018547,0.00307219662058372,0.683962264150943,0.682098765432099,0,0,0.699523052464229,0,0.552147239263804,0.702954898911353,0.00154083204930663,0.0031055900621118,0.685847589424572,0,0.550314465408805,0.686915887850467,0.406441717791411,0.693053311793215,0.00470219435736677,0.694704049844237,0.319047619047619,0.316279069767442,0.324574961360124,0.704581358609795,0.587596899224806,0.686119873817035,0,0.703076923076923,0.96177370030581,0,0.318461538461538,0.483619344773791,0,0.811320754716981,0.519561815336463,0.3776,0.692780337941628,0.438837920489297,0.678353658536585,0.690402476780186,0,0.662595419847328,0.734254992319508,0.581993569131833,0.69620253164557,0,0.666141732283465,0.330804248861912,0,0.518053375196232,0.682242990654206,0.669316375198728,0,0,0.697063369397218,0.743390357698289,0.458135860979463,0.682316118935837,0.322378716744914,0.734848484848485,0.617924528301887,0.68558282208589,0.4446227929374,0.690880989180835,0.691455696202532,0.688549618320611,0.680491551459293,0.298722044728434,0.678955453149002,0.304897314375987,0,0.724569640062598,0.771822358346095,0.690184049079755,0.324773413897281,0,0.678407350689127,0.671949286846276,0.680129240710824,0.694528875379939,0.68558282208589,0.481651376146789,0.710077519379845,0.304821150855365,0.710407239819005,0.322727272727273,0.746875,0.576219512195122,0,0.690031152647975,0,0.702325581395349,0.675344563552833,0.396875,0.709035222052067,0.710077519379845,0.680365296803653,0.686635944700461,0.397832817337461,0.615037593984962,0.710610932475884,0.726247987117552,0.355521936459909,0.309815950920245,0.69811320754717,0.716049382716049,0,0,0.58664546899841,0,0.684370257966616,0.534743202416918,0.714285714285714,0.694528875379939,0.694528875379939,0.620689655172414,0.554364471669219,0.550473186119874,0.685624012638231,0.694704049844237,0.783742331288344,0,0.68944099378882,0.47244094488189,0.716981132075472,0.31104199066874,0.372163388804841,0.662015503875969,0.694835680751174,0.690332326283988,0.828438948995363,0.690658499234303,0.737654320987654,0,0.377503852080123,0.721036585365854,0.686427457098284,0,0.684451219512195,0.695454545454545,0.667177914110429,0.625386996904025,0.683881064162754,0.685990338164251,0.594383775351014,0,0.709726443768997,0.807511737089202,0.707936507936508,0.322981366459627,0.709480122324159,0.700636942675159,0.68062015503876,0.693374422187982,0.647239263803681,0.318611987381703,0.702362204724409,0.648401826484018,0.317220543806647,0.303303303303303,0.43701399688958,0.296124031007752,0.447574334898279,0.689863842662632,0.32,0.322085889570552,0.324031007751938,0.687595712098009,0.360890302066773,0.70625,0.00470957613814757,0.297546012269939,0,0.499212598425197,0.690966719492868,0.690737833594976,0.702660406885759,0,0.763406940063092,0.691131498470948,0.9953125,0.849144634525661,0.670807453416149,0.539308176100629,0.00467289719626168,0.677884615384615,0.407407407407407,0.980613893376414,0.726851851851852,0.320061255742726,0.701863354037267,0.328660436137072,0.407751937984496,0.685015290519878,0.684039087947883,0.714738510301109,0,0.698461538461538,0.716744913928013,0,0.306153846153846,0.717754172989378,0.709779179810726,0,0.329211746522411,0.313846153846154,0.7046875,0.804107424960506,0.312698412698413,0,0.607963246554365,0.710900473933649,0.774436090225564,0.608294930875576,0.694968553459119,0.687306501547988,0.321156773211568,0.684848484848485,0.685758513931889,0.330733229329173,0.709035222052067,0.697819314641745,0.6890625,0.692780337941628,0.4640625,0.549230769230769,0.571428571428571,0.701112877583466,0.725521669341894,0.0323574730354391,0.506172839506173,0.70625,0.4359375,0.528614457831325,0.7015625,0.700626959247649,0.7109375,0.734920634920635,0.676335877862595,0.490595611285266,0.725880551301684,0.683464566929134,0,0.576923076923077,0.649842271293375,0.325115562403698,0.0368098159509202,0.312883435582822,0.701538461538462,0.331775700934579,0.313455657492355,0,0.493808049535604,0.687789799072643,0.375,0.698564593301435,0.714946070878274,0.690880989180835,0.575949367088608,0.560126582278481,0.68167701863354,0.619354838709677,0,0.724569640062598,0.312217194570136,0.335375191424196,0.501519756838906,0.677777777777778,0.333333333333333,0,0.588597842835131,0.312035661218425,0.333333333333333,0.653250773993808,0.684375,0.54559748427673,0.667202572347267,0.690993788819876,0,0.691285081240768,0.30441400304414,0.679331306990882,0.724458204334365,0.692185007974482,0.333333333333333,0.685015290519878,0.304821150855365,0.667711598746082,0.787301587301587,0.706240487062405,0.70015455950541,0.678516228748068,0.55045871559633,0.703761755485893,0.677321156773212,0.323262839879154,0.333333333333333,0.696594427244582,0.680124223602484,0.574303405572755,0.6609375,0.705511811023622,0.716923076923077,0.682370820668693,0,0.413522012578616,0.687595712098009,0.325153374233129,0,0.719135802469136,0.00315457413249211,0.348101265822785,0.694528875379939,0.690140845070423,0,0.69375,0.589622641509434,0.708661417322835,0.303514376996805,0.703937007874016,0.679549114331723,0.60126582278481,0.672333848531685,0.851097178683386,0,0.452978056426332,0.697637795275591,0.681114551083591,0.612055641421947,0.680555555555556,0.673333333333333,0.333333333333333,0.00155038759689922,0.682926829268293,0.701863354037267,0.712732919254658,0.684698608964451,0.31201248049922,0.773790951638066,0.48531684698609,0.47029702970297,0.00154083204930663,0.69701726844584,0.656832298136646,0.754198473282443,0,0.541800643086817,0.76049766718507,0.694915254237288,0.751914241960184,0.393393393393393,0,0,0.673076923076923,0.685496183206107,0,0.701238390092879,0.00313971742543171,0,0,0.699685534591195,0,0.7,0.682926829268293,0.652042360060514,0.677862595419847,0,0,0.694573643410853,0.712797619047619,0.769706336939722,0.320726172465961,0,0.699544764795144,0.676737160120846,0.697674418604651,0.650621118012422,0.576619273301738,0,0.693374422187982,0.320126782884311,0.743670886075949,0.373271889400922,0,0.319758672699849,0.422776911076443,0.57097288676236,0.666666666666667,0,0.73071104387292,0.712962962962963,0.68266253869969,0,0.372641509433962,0.699029126213592,0.311501597444089,0.681957186544342,0.681887366818874,0.322188449848024,0.670769230769231,0.584615384615385,0.709828393135725,0.321928460342146,0.454113924050633,0.713178294573643,0.00313479623824451,0.324492979719189,0.708841463414634,0.328660436137072,0.793977812995246,0.66510172143975,0,0.414634146341463,0.818471337579618,0.543913713405239,0.687211093990755,0.314641744548287,0.461656441717791,0.569377990430622,0.709531013615734,0.792738275340393,0.706896551724138,0.725429017160686,0,0.68960244648318,0.319083969465649,0.671383647798742,0.59717868338558,0.316341829085457,0.687402799377916,0.697637795275591,0.674382716049383,0.7046875,0.714953271028037,0.431034482758621,0.4859375,0.714728682170543,0.712749615975422,0,0,0.688188976377953,0.699680511182109,0.331775700934579,0.712050078247261,0.701863354037267,0.624806201550388,0.71656050955414,0.701754385964912,0.714285714285714,0,0.705882352941177,0.575,0.677966101694915,0.675,0,0.690993788819876,0.701095461658842,0.3046875,0.739747634069401,0.569230769230769,0.7,0.775157232704403,0.694864048338369,0.387537993920973,0.697305863708399,0.69218989280245,0.710526315789474,0.563091482649842,0.395638629283489,0.704968944099379,0.678516228748068,0.00153609831029186,0.735159817351598,0.6,0.526315789473684,0.854914196567863,0.684458398744113,0.696456086286595,0.691588785046729,0.143721633888048,0.322169059011164,0,0.82,0.304416403785489,0.3078125,0.547021943573668,0,0.688854489164087,0.742681047765794,0.678461538461538,0.67741935483871,0.393081761006289,0.324574961360124,0,0,0.448553054662379,0.382075471698113,0.43167701863354,0,0.314900153609831,0.678955453149002,0.138719512195122,0.555905511811024,0.680314960629921,0.680555555555556,0.67032967032967,0.753424657534247,0.716012084592145,0,0.683976261127596,0.597774244833068,0.652241112828439,0.742081447963801,0.688922610015175,0.614678899082569,0.00308166409861325,0.741433021806854,0.726717557251908,0,0.689189189189189,0.33026113671275,0.6864,0.535987748851455,0,0.00154559505409583,0.685154975530179,0.83125,0.329754601226994,0.433179723502304,0.00307692307692308,0,0.731523378582202,0.322834645669291,0.685154975530179,0.586259541984733,0.690658499234303,0.312977099236641,0.534668721109399,0.558730158730159,0.797427652733119,0.375987361769352,0.315384615384615,0,0.357142857142857,0,0.689393939393939,0.288961038961039,0.694402420574887,0.3125,0.700934579439252,0,0.716012084592145,0.656832298136646,0.666151468315301,0,0.690548780487805,0,0.667194928684628,0.693129770992366,0,0.693474962063733,0.687598116169545,0.710031347962382,0.724247226624406,0.345038167938931,0,0.673405909797823,0.509554140127389,0,1,0.294029850746269,0.338905775075988,0.691943127962085,0.684952978056426,0.689230769230769,0.681388012618297,0.695046439628483,0,0.6890625,0.0137614678899083,0.584732824427481,0.549230769230769,0.684049079754601,0.699074074074074,0.687782805429864,0.688922610015175,0.0632716049382716,0.325038880248834,0.6912,0.710526315789474,0.715160796324655,0.689708141321045,0.695252679938744,0.719325153374233,0,0,0.690014903129657,0,0.354294478527607,0.00157728706624606,0.705607476635514,0.519169329073482,0.4913112164297,0.441087613293051,0.729230769230769,0.0015527950310559,0.412942989214176,0.682515337423313,0.695987654320988,0.73208722741433,0.623318385650224,0.480654761904762,0.462462462462462,0.688372093023256,0.322033898305085,0.409937888198758,0.686335403726708,0.488958990536278,0.707317073170732,0.317484662576687,0,0.297805642633229,0.575709779179811,0.688888888888889,0.650621118012422,0.516819571865443,0.695517774343122,0.776579352850539,0.679331306990882,0.729299363057325,0.685126582278481,0.697637795275591,0.694835680751174,0.725155279503106,0.633587786259542,0.692667706708268,0.318862275449102,0.316590563165906,0.7890625,0.00454545454545455,0.688549618320611,0.686520376175549,0,0.4224,0,0.7109375,0,0.696261682242991,0.676425269645609,0.308396946564885,0.710730948678072,0.680119581464873,0.722834645669291,0.677067082683307,0.716981132075472,0,0,0.728013029315961,0.716395864106352,0.692541856925419,0,0,0.319354838709677,0.49390243902439,0.565217391304348,0,0.724299065420561,0,0.699212598425197,0.686244204018547,0.4296875,0.501552795031056,0,0.571653543307087,0.65149136577708,0.657407407407407,0.69558599695586,0.737248840803709,0.332298136645963,0.710031347962382,0.0496894409937888,0.68362480127186,0,0.690909090909091,0.0015552099533437,0.684044233807267,0.324451410658307,0.193910256410256,0,0,0.828926905132193,0.70364500792393,0.701700154559505,0.649546827794562,0.325301204819277,0.318611987381703,0.671826625386997,0.676557863501484,0,0.329133858267717,0.696400625978091,0,0.690590111642743,0.704268292682927,0.383177570093458,0.0259938837920489,0.309815950920245,0.68133535660091,0.624801271860095,0.351181102362205,0.402576489533011,0.415384615384615,0.779365079365079,0.380585516178737,0.694704049844237,0,0.7234375,0.68429003021148,0.00156739811912226,0,0.305970149253731,0,0.304347826086957,0.6734375,0.679549114331723,0.320695102685624,0.316770186335404,0.67398119122257,0.717425431711146,0.640791476407915,0.0303030303030303,0.3104,0.0588235294117647,0.0213740458015267,0,0.294303797468354,0.306184012066365,0.308777429467085,0.332312404287902,0.306870229007634,0.0294573643410853,0.0365853658536585,0.32398753894081,0.0214723926380368,0.0078740157480315,0.0366412213740458,0.0229709035222052,0.0364741641337386,0.331775700934579,0.0232198142414861,0.315286624203822,0.32967032967033,0.0280373831775701,0.316118935837246,0.037821482602118,0.317411402157165,0.317073170731707,0.324364723467862,0.316770186335404
"659",0.00155763239875389,0,0.0303030303030303,0.0540958268933539,0.0138036809815951,0,0.1,0.0226928895612708,0,0,0,0,0.425113464447806,0,0.961715160796325,0.990990990990991,0,0.00154559505409583,0.00308641975308642,0.0179640718562874,0.838368580060423,0.967340590979782,0.012012012012012,0,0.0375375375375375,0.741538461538462,0.889908256880734,0.00933125972006221,0.530920060331825,0.312406576980568,1,0.293129770992366,0.225114854517611,0.707390648567119,0,0,0.00598802395209581,0.00452488687782805,0.736151603498542,0.0938897168405365,0,0,0,0,0.205287713841369,0.982892690513219,0.490106544901065,1,0.514074074074074,0.859443631039531,0,0.00611620795107034,0.724659606656581,0,0.107197549770291,0.844236760124611,0,0.0230061349693252,0.0419161676646707,0.1,0.702865761689291,0.561746987951807,1,0,0.0927672955974843,0.172413793103448,0,0.0107033639143731,0,1,0.136363636363636,0.993984962406015,0.980273141122914,0,0,0.294814814814815,0.956390977443609,0.377443609022556,0.100154083204931,0.742351046698873,0,0.275297619047619,0.791356184798808,0,0.883614088820827,0.0870206489675516,0.00302571860816944,0.0313432835820895,0.0284431137724551,0,0.0107692307692308,0,0,0,0.0217054263565891,0,0.684684684684685,0.0153374233128834,0,0,0.367469879518072,0,0.712307692307692,0,0.901492537313433,0,0,0.0199081163859112,1,0.99390243902439,0.991017964071856,0.0782208588957055,0.673748103186646,0.00766871165644172,0,0.0105740181268882,0.273684210526316,0,1,0.770864946889226,0,0.228787878787879,0.745068285280728,0.920684292379471,0.0211480362537764,0.849170437405732,0.0029673590504451,0.0030441400304414,0,0.440729483282675,0.0610687022900763,0.506230529595016,0.00928792569659443,0,0.00311526479750779,0.976331360946746,0,0.78858024691358,0.360983102918587,0.468847352024922,0,0,0.0183206106870229,0.240487062404871,0.828393135725429,0,0.993865030674847,0.0720588235294118,0.585403726708075,0.0178306092124814,0.87402799377916,0.0138036809815951,0,0.154992548435171,0.00454545454545455,1,0,1,0,0.259938837920489,0.12316715542522,0.0180722891566265,0.985119047619048,0,0,0.538102643856921,0,0,0,0.71664167916042,0.018018018018018,0.998466257668712,0.0459940652818991,1,0.10061919504644,0.629685157421289,0,0.0151057401812689,0,0.150227617602428,0,0.883076923076923,0.0151745068285281,0.0479041916167665,0.0087719298245614,0.025260029717682,0.908408408408408,0.626865671641791,0.0669781931464174,0.054858934169279,0.949924127465857,0.997076023391813,0.0169753086419753,0.126315789473684,0,0,0.697674418604651,0,0,0.74773413897281,0.115030674846626,0.24251497005988,0.00744047619047619,0.566615620214395,0.556561085972851,0.7,0.075642965204236,0.0276923076923077,0.114803625377644,0,0.113464447806354,0.82601880877743,0.0481366459627329,1,0.937125748502994,0.457186544342508,0.0196671709531014,0.0209580838323353,0.164885496183206,0.00151057401812689,0.107197549770291,0,0.933534743202417,0.336309523809524,0.00464396284829721,0,0.00899550224887556,0.0176991150442478,0.446776611694153,0.444613050075873,0.0107033639143731,0,0.612213740458015,0,0.103139013452915,0.478461538461538,0.0235109717868339,1,0.037593984962406,0,0,0.0476923076923077,0.461997019374069,1,0.0257966616084977,0.453453453453453,0.995548961424332,0.998520710059172,0.798151001540832,1,0.852941176470588,0.319940476190476,1,0.995502248875562,0.993993993993994,0.408618127786033,0.959627329192547,0.0121396054628225,0,1,0,0.777604976671851,0,0.0168970814132104,0.0928462709284627,0,0.127527216174184,0.146084337349398,0.295180722891566,0.399394856278366,0.541984732824427,0.53405572755418,0,0,0.914414414414414,0.280757097791798,0.037821482602118,0.989536621823617,0.253799392097264,0.998491704374057,0.886706948640483,0,0,0.0938461538461538,0,0.346969696969697,0.098159509202454,0,1,0.091970802919708,0.0182370820668693,0,0.998493975903614,1,0.02,0.114551083591331,1,0,0.593272171253823,0.00771604938271605,0.210682492581602,0.614114114114114,0.342635658914729,0.0346907993966818,0.990963855421687,0,0,0.992319508448541,0.0287878787878788,0,0.0265210608424337,0.00302571860816944,0.821482602118003,0.676204819277108,0.708588957055215,0.0201863354037267,0.0522151898734177,0,0.73587786259542,0.0243531202435312,0.850609756097561,0.690615835777126,0.00603318250377074,0.00154320987654321,0.0287009063444109,0.306501547987616,0.00294117647058824,0.750382848392037,0.0327380952380952,0.00307692307692308,0,0.66566265060241,0.430340557275542,0.986301369863014,0,0.995529061102832,0.0848484848484849,0.973214285714286,1,0,0.780635400907716,0.00762195121951219,0.924357034795764,0.0125588697017268,0.0272727272727273,0.00759878419452888,0.709480122324159,0.716510903426791,0.3125,0.53870458135861,0,0.171253822629969,0.98955223880597,0.961538461538462,0.806646525679758,0,0.998489425981873,0,0.656108597285068,0.987951807228916,0.973684210526316,0.521276595744681,0,0.726989079563182,0,0.0339506172839506,0,0.00725689404934688,1,0,0.171686746987952,0,0.989247311827957,0.0209580838323353,1,0.117557251908397,0.28129829984544,0.0505952380952381,0.0135542168674699,0,0.699088145896657,0.0382848392036753,0,1,0.975572519083969,0,0,0.683109118086697,0.115789473684211,0.0301587301587302,0.047040971168437,0,0,0.887345679012346,0,0.998463901689708,0,0.033587786259542,0,0.961890243902439,0,0.032967032967033,0,0.351963746223565,0.575528700906344,0.0153139356814701,1,0.115919629057187,0.0015527950310559,0.628834355828221,0.39209726443769,0.203076923076923,0,0.842507645259939,0.0216049382716049,0.00152905198776758,0.55,0,0.0273311897106109,1,0,0.0149253731343284,0.00603318250377074,0.047112462006079,0.302533532041729,0.992389649923896,0.125382262996942,0.762839879154079,0.8048,0,0.374233128834356,0.393617021276596,0.376701966717095,0,0.714953271028037,0.0898021308980213,0.345399698340875,0.484939759036145,0.925,0,0,0,0.022189349112426,0,0.0793413173652695,0,0,0,0.00151057401812689,0,0,0.216995447647951,0.469539375928678,0,0,0,0.00757575757575758,0.03240058910162,0.276946107784431,1,0,0.105654761904762,0.40422322775264,0,0.469265367316342,0.656441717791411,0,0.0211161387631976,1,0.0385802469135802,0.911901081916538,0,0.992636229749632,0.881720430107527,0.508661417322835,0.0269461077844311,0,0.0476900149031297,0.0196078431372549,0,0,0.932307692307692,0.0624,1,0,0,0.993948562783661,0,0.688821752265861,0.191553544494721,0.989247311827957,0.837461300309598,0.0323076923076923,0,1,0.025,0.99375,0.350230414746544,0.579425113464448,0,0.88855421686747,0.250391236306729,0.735119047619048,0.0257575757575758,1,0.857784431137725,0.531446540880503,0.0461997019374069,0.110782865583456,0.0365853658536585,0.25,0,0.017910447761194,1,0.0353846153846154,0.598425196850394,1,0,0,0,0.361963190184049,0.0150829562594268,0.87673343605547,0.81651376146789,0.045662100456621,0.110939907550077,0,0,0.00764525993883792,0.0561622464898596,0.987767584097859,0.0138248847926267,0.00759878419452888,0.628048780487805,0.0705521472392638,0.266563944530046,0.100600600600601,0,0.0261941448382126,0.651632970451011,0,0,0,0.363086232980333,0.0264385692068429,1,0.323574730354391,0.623672230652504,0.199706314243759,0.29320987654321,0.0432190760059613,0.920471281296024,0.0154320987654321,0,0.0196078431372549,0.68503937007874,0.878048780487805,0.00904977375565611,0,0,0.217391304347826,0.542986425339366,0.740399385560676,0.226244343891403,0,0.119266055045872,0,0.105263157894737,1,0,0.176024279210926,0.996941896024465,1,0.7298937784522,0,0.0091324200913242,0.0863636363636364,0.00149700598802395,0.00300751879699248,0.910355486862442,1,0,0,0.833592534992224,0.921174652241113,0.846986089644513,0,1,0,0.422680412371134,0.7,0,0.397608370702541,0.0276497695852535,0.329305135951662,0.341317365269461,0,0,0.605919003115265,0.50693374422188,0.0738552437223043,0.0104321907600596,0.591317365269461,0,0.0442748091603053,0.04,0,0.0311111111111111,0.981651376146789,0.014308426073132,0.562962962962963,0,0,0.478193146417445,0.160060975609756,1,0.872641509433962,0,0,0.244807121661721,0.972519083969466,0,0.685157421289355,0.00741839762611276,1,0.620637329286798,0.666151468315301,0.127725856697819,0.90527950310559,0.995508982035928,0,0.959876543209877,0,0.00441176470588235,0.799689440993789,0.0161764705882353,0.995461422087746,0,0,0.470938897168405,0.532012195121951,0,0,0.00148809523809524,0,0.599374021909233,0.0104011887072808,0,0.324773413897281,0.0168711656441718,0.241167434715822,0.0446841294298921,0.968229954614221,0,0,0.743076923076923,0,0.294029850746269,1,0.982089552238806,0,0,0.00742942050520059,0.0230061349693252,0.0152439024390244,0,0.0213414634146341,0,0.631892697466468,0.715372907153729,0.0075642965204236,0.00747384155455904,0.00599700149925037,0.00746268656716418,0.0195488721804511,0.987823439878234,0.015748031496063,0.04047976011994,0.275707898658718,0.0181543116490166,0,0.0226928895612708,0,0,0.0176211453744493,0,0.937125748502994,0.00152905198776758,0.0458015267175573,0.729133858267716,0.799694189602447,0.885245901639344,0.0655487804878049,0.00151975683890578,0.900900900900901,0,0,0.342465753424658,0.584795321637427,0.785195936139332,0.833087149187592,0.350387596899225,1,0.884210526315789,0.447806354009077,0.743550834597876,0.287833827893175,0.992401215805471,0,1,0.661442006269592,0,0.340393343419062,0.768094534711965,0.367069486404834,0.118975903614458,0.00896860986547085,0.0357142857142857,0.0186915887850467,0,0.00154320987654321,0.453857791225416,0.572948328267477,0.00151745068285281,0.994126284875184,0.99400299850075,0.123287671232877,0,0,0.0298953662182362,0,0.890076335877863,0,0.0460122699386503,0,0.0196374622356495,0,0.995535714285714,0.164133738601824,0,0.333846153846154,0.372163388804841,0.108024691358025,0,0,0.0695102685624013,0.0546762589928058,0.00898203592814371,0,0,1,0.761689291101056,0.492447129909366,0,0.549618320610687,0,0.0695517774343122,0,0.80365296803653,0.762996941896025,0,0.660493827160494,0.398176291793313,0.131736526946108,0.037037037037037,0.221719457013575,1,0.0110935023771791,0.0869565217391304,0,0,0.017910447761194,0,0,0.981762917933131,0.612752721617418,0,0,0.169415292353823,0.073094867807154,0.0633484162895928,0.275659824046921,0.976331360946746,0.99390243902439,0.168453292496172,0.162280701754386,0,0.986342943854325,0.0290519877675841,0,0.012326656394453,0.0390977443609023,0.93455098934551,0,0.996923076923077,0,0.527863777089783,0.923308270676692,0.901716068642746,0.891851851851852,0.303875968992248,0.901345291479821,0,0,0.238095238095238,0.0165165165165165,0,0,1,0,1,0,0.282608695652174,1,1,0.446345256609642,0.0368663594470046,0.561933534743202,0,0.998449612403101,0.0435458786936236,0.00448430493273543,0,0.810477657935285,0.994152046783626,0.998482549317147,0.982062780269058,1,0,0,0.987933634992459,0.0015220700152207,0,0.0214723926380368,0.00446428571428571,0,0.99388379204893,0.00763358778625954,1,1,0,0.996941896024465,0.0451127819548872,1,0.91044776119403,1,0.998489425981873
"660",0.0188679245283019,0.0185758513931889,0.0483383685800604,0.0707547169811321,0.0280811232449298,0.0157728706624606,0.124610591900312,0.0386996904024768,0.0165413533834586,0,0.0199081163859112,0,0.441221374045802,0.0142405063291139,0.963076923076923,0.975497702909648,0,0.00157232704402516,0.0235849056603774,0.0323076923076923,0.845565749235474,0.94888178913738,0.0230061349693252,0,0.0632716049382716,0.721698113207547,0.889230769230769,0.0291858678955453,0.538116591928251,0.331325301204819,0.984756097560976,0.327217125382263,0.247692307692308,0.70679012345679,0,0.0153609831029186,0.00610687022900763,0.0212765957446809,0.751488095238095,0.113808801213961,0,0,0,0.0173228346456693,0.233176838810642,0.961722488038278,0.487538940809969,0.981510015408321,0.54160363086233,0.886567164179105,0,0.0234741784037559,0.737577639751553,0.0139318885448916,0.127962085308057,0.825471698113208,0,0.0387596899224806,0.0552995391705069,0.118279569892473,0.702743902439024,0.575617283950617,0.984447900466563,0,0.115323854660348,0.195121951219512,0,0.0262751159196291,0,0.982649842271293,0.151376146788991,0.973684210526316,0.969183359013868,0.0136986301369863,0,0.300455235204856,0.960365853658537,0.43030303030303,0.130503144654088,0.747540983606557,0,0.308980213089802,0.781345565749236,0.0121580547112462,0.901840490797546,0.107033639143731,0.0211480362537764,0.0447530864197531,0.0444104134762634,0,0.0283018867924528,0.0153609831029186,0,0,0.0440944881889764,0,0.68960244648318,0.0352760736196319,0,0,0.390357698289269,0,0.716744913928013,0.0185758513931889,0.899399399399399,0.0157977883096366,0,0.035548686244204,0.984276729559748,0.979938271604938,0.992319508448541,0.106750392464678,0.682370820668693,0.0261941448382126,0,0.0260736196319018,0.317073170731707,0,0.980122324159021,0.777950310559006,0,0.258970358814353,0.755417956656347,0.911111111111111,0.044822256568779,0.848392036753446,0.0104477611940299,0.02,0,0.459167950693374,0.0862068965517241,0.521739130434783,0.0334394904458599,0,0.0234741784037559,0.957575757575758,0,0.794628751974723,0.369905956112853,0.484276729559748,0,0,0.0326086956521739,0.243451463790447,0.822327044025157,0.0137825421133231,0.985981308411215,0.0960365853658537,0.5984,0.0402985074626866,0.864139020537125,0.0294573643410853,0.0171606864274571,0.171253822629969,0.0168195718654434,0.981072555205047,0.0153609831029186,0.984375,0,0.282642089093702,0.145427286356822,0.0349544072948328,0.965204236006051,0,0.0121580547112462,0.553259141494436,0.017515923566879,0.015220700152207,0.0151057401812689,0.705521472392638,0.0410958904109589,0.98145285935085,0.0571428571428571,0.980538922155689,0.125581395348837,0.613496932515337,0,0.0324574961360124,0,0.161787365177196,0.015625,0.889763779527559,0.0290076335877863,0.0690184049079755,0.025260029717682,0.0451807228915663,0.886328725038402,0.636085626911315,0.0887480190174326,0.080824088748019,0.953775038520801,0.98310291858679,0.0362776025236593,0.146525679758308,0,0,0.70679012345679,0,0.0118694362017804,0.748114630467572,0.134796238244514,0.249621785173979,0.0258751902587519,0.578052550231839,0.586363636363636,0.718110236220472,0.0807453416149068,0.0512422360248447,0.147465437788018,0,0.136294027565084,0.83147853736089,0.0653188180404355,0.983154670750383,0.91679273827534,0.462132921174652,0.0371517027863777,0.0333333333333333,0.189312977099237,0.0182370820668693,0.124423963133641,0,0.914728682170543,0.360060514372163,0.0232558139534884,0,0.0199081163859112,0.0326894502228826,0.448540706605223,0.446153846153846,0.0292758089368259,0.0127388535031847,0.623639191290824,0,0.124242424242424,0.488335925349922,0.0429936305732484,0.982998454404946,0.0564885496183206,0.0158982511923688,0.0153139356814701,0.0545171339563863,0.473926380368098,0.984423676012461,0.0409090909090909,0.453149001536098,0.985163204747775,0.980480480480481,0.790625,0.983024691358025,0.848818897637795,0.33987915407855,0.984709480122324,0.978625954198473,0.975384615384615,0.419207317073171,0.94383775351014,0.0316455696202532,0,0.986196319018405,0,0.767295597484277,0.0173775671406003,0.0357698289269051,0.120795107033639,0,0.149136577708006,0.155555555555556,0.335889570552147,0.413476263399694,0.551724137931034,0.5484375,0,0.015552099533437,0.903225806451613,0.316211878009631,0.0549618320610687,0.975346687211094,0.268104776579353,0.984567901234568,0.874425727411945,0.0181543116490166,0.0177133655394525,0.116352201257862,0,0.389908256880734,0.125588697017268,0,0.984662576687117,0.121212121212121,0.0327102803738318,0,0.984472049689441,0.981900452488688,0.0362776025236593,0.133437990580848,0.98256735340729,0,0.615030674846626,0.0263975155279503,0.227963525835866,0.62095531587057,0.352484472049689,0.0524737631184408,0.973846153846154,0.0121028744326778,0.0138036809815951,0.976744186046512,0.0518053375196232,0.0169753086419753,0.0408163265306122,0.0229709035222052,0.818604651162791,0.691358024691358,0.720679012345679,0.0342679127725857,0.0802568218298555,0.00152439024390244,0.73959938366718,0.0417956656346749,0.842923794712286,0.702064896755162,0.0232919254658385,0.0200927357032458,0.0400616332819723,0.324367088607595,0.0152439024390244,0.756289308176101,0.0546282245827011,0.0232919254658385,0,0.680916030534351,0.458003169572108,0.964831804281346,0.00154083204930663,0.980392156862745,0.103076923076923,0.966360856269113,0.979876160990712,0,0.777089783281734,0.0235478806907378,0.933641975308642,0.0317965023847377,0.0450310559006211,0.0247678018575851,0.721617418351477,0.721780604133545,0.333855799373041,0.532258064516129,0,0.194099378881988,0.96711509715994,0.942249240121581,0.806697108066971,0.0184899845916795,0.980182926829268,0,0.678300455235205,0.969230769230769,1,0.526964560862866,0.0140625,0.729133858267716,0.0158730158730159,0.046583850931677,0,0.0237741456166419,0.983257229832572,0.0151057401812689,0.186440677966102,0.0173501577287066,0.975346687211094,0.0363636363636364,0.981510015408321,0.135303265940902,0.296529968454259,0.0696969696969697,0.0320610687022901,0.0167682926829268,0.722049689440994,0.0481366459627329,0.0165912518853695,0.985052316890882,0.9625,0.0172955974842767,0.0185185185185185,0.68895800933126,0.135593220338983,0.0536277602523659,0.0628834355828221,0.0153609831029186,0,0.878740157480315,0.0108024691358025,0.987673343605547,0,0.0559006211180124,0,0.93944099378882,0.0122137404580153,0.0518053375196232,0,0.373271889400922,0.565891472868217,0.0299684542586751,0.984276729559748,0.142635658914729,0.0189873417721519,0.641185647425897,0.413109756097561,0.224458204334365,0,0.843505477308294,0.040625,0.0168195718654434,0.544207317073171,0.0153374233128834,0.0394088669950739,0.95565749235474,0,0.0303951367781155,0.021875,0.0662557781201849,0.327794561933535,0.976635514018692,0.154330708661417,0.753822629969419,0.803858520900322,0,0.390965732087227,0.405572755417957,0.39236641221374,0,0.71183800623053,0.116030534351145,0.375379939209726,0.493920972644377,0.918057663125948,0,0,0.0177777777777778,0.045662100456621,0,0.0913312693498452,0,0,0,0.0138036809815951,0,0.0171875,0.247261345852895,0.484894259818731,0.0165912518853695,0,0,0.0260336906584992,0.0534918276374443,0.29249617151608,0.981900452488688,0,0.130699088145897,0.422018348623853,0.0182094081942337,0.462121212121212,0.661514683153014,0,0.033587786259542,0.982428115015974,0.0644654088050314,0.89622641509434,0,0.976011994002999,0.899529042386185,0.51628664495114,0.0442073170731707,0,0.0687593423019432,0.0368663594470046,0.0151515151515152,0,0.913249211356467,0.082670906200318,0.980952380952381,0.0153609831029186,0.0151745068285281,0.978260869565217,0.0107033639143731,0.708782742681048,0.200308166409861,0.970679012345679,0.829652996845426,0.0564885496183206,0,0.981424148606811,0.0438729198184569,0.977883096366509,0.3484375,0.597826086956522,0,0.905487804878049,0.279106858054226,0.75,0.0366412213740458,0.981651376146789,0.841554559043348,0.558917197452229,0.0616541353383459,0.131221719457014,0.0527950310559006,0.275384615384615,0,0.0331825037707391,0.984894259818731,0.0498442367601246,0.607142857142857,0.984756097560976,0.0184331797235023,0.018957345971564,0.0138674884437596,0.362519201228879,0.0323574730354391,0.875766871165644,0.81591263650546,0.0700152207001522,0.135593220338983,0,0,0.0299212598425197,0.0839936608557845,1,0.034375,0.0244274809160305,0.642313546423135,0.0881889763779528,0.294573643410853,0.122171945701357,0,0.0494590417310665,0.6546875,0.0169491525423729,0.0218068535825545,0,0.375579598145286,0.0393081761006289,0.981395348837209,0.336448598130841,0.620583717357911,0.214814814814815,0.320872274143302,0.0539730134932534,0.898379970544919,0.0315457413249211,0.0170278637770898,0.0378787878787879,0.695924764890282,0.864906832298137,0.0230769230769231,0.0153139356814701,0,0.230182926829268,0.554347826086957,0.736600306278714,0.25077399380805,0.0169753086419753,0.137984496124031,0.0171073094867807,0.113636363636364,0.985623003194888,0,0.192901234567901,0.98125,0.98468606431853,0.734042553191489,0,0.0259938837920489,0.102760736196319,0.0169230769230769,0.0227963525835866,0.897674418604651,0.984544049459042,0,0,0.823161189358372,0.914764079147641,0.834108527131783,0,0.983257229832572,0.0170542635658915,0.418181818181818,0.708978328173375,0.0141287284144427,0.41820987654321,0.0473933649289099,0.354984894259819,0.375189107413011,0,0.0178306092124814,0.619344773790952,0.521943573667712,0.0970149253731343,0.0289634146341463,0.620637329286798,0,0.0604651162790698,0.0625954198473282,0,0.0494011976047904,0.964831804281346,0.0317965023847377,0.576923076923077,0,0,0.49185667752443,0.177018633540373,0.99079754601227,0.855590062111801,0,0,0.256676557863501,0.954898911353033,0.0177705977382876,0.692192192192192,0.0227617602427921,0.984962406015038,0.621374045801527,0.673469387755102,0.160377358490566,0.903174603174603,0.977341389728097,0,0.94392523364486,0,0.0226928895612708,0.787781350482315,0.0342261904761905,0.982866043613707,0.0157728706624606,0,0.484939759036145,0.544461778471139,0.0184331797235023,0,0.0121212121212121,0,0.623639191290824,0.0257966616084977,0,0.34789156626506,0.0377358490566038,0.262830482115086,0.0649762282091918,0.957251908396947,0,0.0199692780337942,0.738582677165354,0,0.338905775075988,0.982089552238806,1,0.0188087774294671,0.0154559505409583,0.0271084337349398,0.0372670807453416,0.0374414976599064,0,0.0428134556574924,0,0.641538461538462,0.723338485316847,0.02,0.0263565891472868,0.0194319880418535,0.0180995475113122,0.0306748466257669,0.97191887675507,0.0289855072463768,0.055045871559633,0.295281582952816,0.0400616332819723,0.0138674884437596,0.0474006116207951,0,0,0.0282317979197623,0,0.918181818181818,0.00154559505409583,0.0633693972179289,0.721698113207547,0.784251968503937,0.895454545454546,0.0894819466248038,0.00153846153846154,0.899236641221374,0.0169491525423729,0.0181818181818182,0.38006230529595,0.597615499254843,0.778425655976676,0.811746987951807,0.357366771159875,0.986342943854325,0.888208269525268,0.468944099378882,0.738390092879257,0.310606060606061,0.972179289026275,0,0.988924050632911,0.670347003154574,0.017515923566879,0.357361963190184,0.781388478581979,0.388804841149773,0.145234493192133,0.0303951367781155,0.0579029733959311,0.0403100775193798,0.0206349206349206,0.0200617283950617,0.464506172839506,0.590769230769231,0.0154083204930663,0.980480480480481,0.985163204747775,0.152905198776758,0,0.0137404580152672,0.0428134556574924,0,0.888,0,0.061633281972265,0,0.0444104134762634,0.0154083204930663,0.977203647416413,0.171516079632466,0.0183206106870229,0.363207547169811,0.396946564885496,0.13312693498452,0,0,0.0723472668810289,0.0685543964232489,0.0305343511450382,0,0,0.987301587301587,0.766768292682927,0.513846153846154,0,0.564615384615385,0,0.0907643312101911,0.015625,0.798425196850394,0.747336377473364,0,0.668769716088328,0.403400309119011,0.151001540832049,0.0509745127436282,0.242009132420091,0.983024691358025,0.031055900621118,0.0893416927899686,0.0139103554868624,0,0.0330827067669173,0,0.0157728706624606,0.962441314553991,0.610328638497653,0,0,0.190548780487805,0.0901898734177215,0.0751533742331288,0.315068493150685,0.974626865671642,0.990625,0.178461538461538,0.180722891566265,0,0.967791411042945,0.0493827160493827,0,0.0299212598425197,0.0616541353383459,0.925531914893617,0.00153846153846154,0.984399375975039,0.0151057401812689,0.543171114599686,0.906870229007634,0.89622641509434,0.880434782608696,0.320251177394035,0.912254160363086,0.0171073094867807,0,0.259659969088099,0.0317700453857791,0,0,0.982062780269058,0,0.984520123839009,0.0197869101978691,0.291338582677165,0.981191222570533,0.982758620689655,0.461049284578696,0.0577223088923557,0.580152671755725,0.00151745068285281,0.98256735340729,0.0474683544303797,0.00917431192660551,0,0.800933125972006,0.974926253687316,0.986068111455108,0.968325791855204,0.981845688350983,0.00157728706624606,0.00150829562594268,0.969183359013868,0.0062015503875969,0.00316957210776545,0.0295489891135303,0.00603318250377074,0.00152439024390244,0.979876160990712,0.0122137404580153,0.988941548183254,0.981538461538462,0.00157977883096367,0.976816074188563,0.0484848484848485,0.984615384615385,0.896499238964992,0.985007496251874,0.980061349693252
"661",0.996699669966997,1,0.971786833855799,0.944353518821604,0.982286634460548,1,0.884615384615385,0.974358974358974,1,0,1,0,0.559618441971383,1,0.0400641025641026,0.00791139240506329,0,0.0111821086261981,0.996747967479675,0.985826771653543,0.160377358490566,0.033003300330033,0.990595611285266,0,0.955414012738854,0.249594813614263,0.113924050632911,0.988599348534202,0.460587326120556,0.697933227344992,0,0.687106918238994,0.769854132901134,0.286858974358974,0,1,0.0192307692307692,0.993610223642173,0.267584097859327,0.896713615023474,0.00163132137030995,0.0126182965299685,0.00316455696202532,1,0.779069767441861,0.0243111831442464,0.506430868167203,0,0.469953775038521,0.123647604327666,0,0.993630573248408,0.26813880126183,1,0.876823338735819,0.17483660130719,0,0.972267536704731,0.957278481012658,0.893915756630265,0.307332293291732,0.427230046948357,0,0,0.897520661157025,0.810344827586207,0,0.988727858293076,0,0,0.860282574568289,0.008,0.0188679245283019,1,0,0.705229793977813,0.0458135860979463,0.569182389937107,0.895330112721417,0.274576271186441,0,0.7072,0.19629057187017,1,0.103937007874016,0.914012738853503,0.998412698412698,0.971291866028708,0.965079365079365,0.00626959247648903,0.986991869918699,1,0,0,0.978930307941653,0,0.280507131537242,0.975922953451043,0.0062402496099844,0.00645161290322581,0.614285714285714,0,0.295345104333868,1,0.101721439749609,1,0.00488599348534202,0.977564102564103,0,0.0063391442155309,0.00789889415481832,0.903846153846154,0.333865814696486,0.99211356466877,0,0.985871271585557,0.713141025641026,0,0,0.229665071770335,0,0.764135702746365,0.249206349206349,0.0785597381342062,0.973312401883831,0.144674085850556,0.996923076923077,0.995297805642633,0,0.537974683544304,0.942307692307692,0.492730210016155,0.987158908507223,0,0.993431855500821,0.0250391236306729,0,0.213826366559486,0.629570747217806,0.510708401976936,0,0,0.976,0.759170653907496,0.155448717948718,1,0.00476190476190476,0.935126582278481,0.42512077294686,0.981279251170047,0.145135566188198,0.984,1,0.837837837837838,0.993670886075949,0,1,0,0,0.726688102893891,0.866141732283465,0.980982567353407,0.0203761755485893,0,1,0.45928338762215,1,1,1,0.288401253918495,0.976076555023923,0.00158730158730159,0.945736434108527,0,0.894480519480519,0.363492063492063,0,0.982594936708861,0,0.85214626391097,1,0.11620294599018,0.979397781299525,0.946624803767661,0.992354740061162,0.974763406940063,0.10410094637224,0.380877742946708,0.922330097087379,0.94299674267101,0.0537124802527646,0.00636942675159236,0.98371335504886,0.845181674565561,0,0,0.3024,0.00158227848101266,1,0.258215962441315,0.866013071895425,0.757911392405063,0.989045383411581,0.42443729903537,0.432646592709984,0.296774193548387,0.918006430868167,0.966824644549763,0.881435257410296,0,0.884555382215289,0.186885245901639,0.9424,0,0.0552922590837283,0.520569620253165,0.981102362204724,0.976114649681529,0.831210191082803,0.998405103668262,0.888357256778309,0,0.0596546310832025,0.651968503937008,0.993453355155483,0,0.993660855784469,0.979750778816199,0.536891679748823,0.546456692913386,0.988888888888889,1,0.351351351351351,0,0.885579937304075,0.522435897435897,0.973983739837398,0,0.959814528593508,0.998392282958199,1,0.948303715670436,0.537617554858934,0,0.970219435736677,0.532385466034755,0.00307219662058372,0.0015600624024961,0.205741626794258,0,0.158756137479542,0.676609105180534,0,0.00470957613814757,0.00961538461538462,0.587596899224806,0.0310965630114566,0.984152139461173,0.00479233226837061,0,0,0.226475279106858,1,0.974522292993631,0.906793048973144,0,0.870915032679739,0.84012539184953,0.683962264150943,0.590189873417722,0.447452229299363,0.457463884430177,0.00628930817610063,1,0.0989010989010989,0.711947626841244,0.965023847376789,0.0126582278481013,0.756369426751592,0,0.129186602870813,1,1,0.888524590163934,0,0.663522012578616,0.880913539967374,0,0,0.89010989010989,0.97741935483871,0,0.00157232704402516,0.00158227848101266,0.978792822185971,0.883031301482702,0,0,0.370662460567823,0.988654781199352,0.790951638065523,0.399678972712681,0.65742251223491,0.95583596214511,0.00958466453674121,1,1,0.00480769230769231,0.969502407704655,1,0.970588235294118,0.996825396825397,0.181672025723473,0.318611987381703,0.28594249201278,0.974481658692185,0.940789473684211,0.0455974842767296,0.272285251215559,0.96969696969697,0.148499210110585,0.311145510835913,0.993610223642173,0.996768982229402,0.965742251223491,0.68780487804878,0.996870109546166,0.25,0.968404423380727,0.998389694041868,0,0.315789473684211,0.535143769968051,0.017515923566879,0.0482866043613707,0.00928792569659443,0.90952380952381,0.0299684542586751,0,0,0.229067930489731,0.990445859872611,0.0672,0.985197368421053,0.971153846153846,0.985483870967742,0.286634460547504,0.295566502463054,0.669826224328594,0.459504132231405,0,0.825320512820513,0.0141955835962145,0.0408163265306122,0.198425196850394,1,0.00159235668789809,0,0.333858267716535,0.00788643533123028,0.0209003215434084,0.453525641025641,1,0.281098546042003,1,0.962962962962963,0,0.989393939393939,0,0.998435054773083,0.832528180354267,1,0.0111464968152866,0.973354231974922,0,0.876369327073552,0.706260032102729,0.943217665615142,0.984025559105431,0.998384491114701,0.293375394321767,0.966237942122186,1,0,0.0243111831442464,1,1,0.339116719242902,0.87719298245614,0.968903436988543,0.95440251572327,1,0,0.11620294599018,1,0.00159744408945687,0,0.966719492868463,0.00793650793650794,0.0496794871794872,1,0.9712,0.0047244094488189,0.626409017713366,0.415335463258786,0.980830670926518,0.0016260162601626,0.866883116883117,0.996784565916399,0.363782051282051,0.597464342313788,0.786858974358974,0,0.16504854368932,0.977235772357724,1,0.448387096774194,1,0.974874371859296,0.0270700636942675,0.00157232704402516,0.9828125,0.995137763371151,0.952305246422893,0.674454828660436,0.00485436893203883,0.864516129032258,0.233870967741935,0.17056856187291,0.00476190476190476,0.605177993527508,0.613782051282051,0.598412698412698,0,0.294599018003273,0.910828025477707,0.633173843700159,0.522834645669291,0.0806697108066971,0,0,1,0.970125786163522,0,0.925396825396825,0.00323101777059774,0,0,0.998381877022654,0,1,0.774294670846395,0.504731861198738,1,0,0,0.993620414673046,0.962732919254658,0.708268330733229,0,0.00162866449511401,0.872472783825817,0.601880877742947,1,0.524105754276827,0.34584013050571,0,0.984276729559748,0,0.958609271523179,0.0895765472312704,0,0.00769230769230769,0.104501607717042,0.481605351170569,0.968503937007874,0,0.954968944099379,0.979299363057325,1,0,0.0761904761904762,0.926298157453936,0.00328407224958949,1,1,0.0062402496099844,1,0.292721518987342,0.803459119496855,0.0113268608414239,0.177049180327869,0.961661341853035,0.00484652665589661,0,0.971698113207547,0.00492610837438424,0.652665589660743,0.371019108280255,0,0.116719242902208,0.736928104575163,0.256369426751592,0.97456279809221,0,0.143307086614173,0.455592105263158,0.947122861586314,0.887345679012346,0.962145110410095,0.741518578352181,0,0.98125,0,0.9632,0.391735537190083,0,1,1,1,0.6304,0.982511923688394,0.133223684210526,0.198083067092652,0.956730769230769,0.8736,0,0,0.988709677419355,0.941368078175896,0.0162074554294976,0.987261146496815,0.990506329113924,0.366197183098592,0.938808373590982,0.733870967741935,0.875786163522013,0,0.9696,0.32475884244373,1,0.998407643312102,0,0.625796178343949,0.972624798711755,0,0.678513731825525,0.395569620253165,0.783076923076923,0.689430894308943,0.958397534668721,0.0762052877138414,0.983739837398374,1,0.977812995245642,0.281553398058252,0.0925039872408294,0.990506329113924,1,0.00782472613458529,0.780715396578538,0.450479233226837,0.2656,0.768982229402262,1,0.875806451612903,1,0.116459627329193,0,0,0.82670906200318,0.00161550888529887,0,0.283699059561129,0,0.990476190476191,0.915227629513344,0.998407643312102,0.993769470404984,0.0691318327974277,0,0,0,0.179153094462541,0.08,0.168557536466775,0,0,1,0.00789889415481832,0.292604501607717,1,0.588141025641026,0.975490196078431,0.6513470681458,0.631083202511774,0,1,0.383627608346709,0.495176848874598,0.918238993710692,0.987441130298273,0.385220125786164,0.00803858520900321,0.950320512820513,0.953125,0,0.964560862865948,0.0174050632911392,0.986733001658375,0.430176565008026,0,0.00628930817610063,0.510743801652893,0.847540983606557,0,0.129084967320261,0.00636942675159236,0.00166944908180301,0.756508422664625,0.0206022187004754,1,0.328100470957614,0.992125984251969,0,0.382911392405063,0.32794830371567,0.865695792880259,0.0924092409240924,0.00473186119873817,0.00157232704402516,0.0366826156299841,0,0.993700787401575,0.0402010050251256,0.979719188767551,0.00486223662884927,1,0,0.5046875,0.448717948717949,1,0,0.998417721518987,0,0.407166123778502,0.988941548183254,0,0.648351648351648,0.982200647249191,0.745571658615137,0.953451043338684,0.0366826156299841,0,1,0.268370607028754,0,0.691943127962085,0,0.0188087774294671,1,1,0.989045383411581,0.971061093247588,0.980769230769231,0,0.971428571428571,0.0173775671406003,0.334379905808477,0.297297297297297,0.992,0.99198717948718,0.992211838006231,0.992163009404389,0.0535433070866142,0.0141287284144427,0.981788079470199,0.959438377535101,0.71583850931677,0.974763406940063,1,0.9728,0,0,0.980122324159021,0,0.0546875,0,0.95748031496063,0.285483870967742,0.200647249190939,0.121684867394696,0.930868167202572,0,0.10989010989011,1,1,0.634069400630915,0.416666666666667,0.196048632218845,0.1890625,0.641025641025641,0,0.123052959501558,0.545741324921136,0.248796147672552,0.694488188976378,0.0125588697017268,0,0,0.304700162074554,1,0.604430379746835,0.233486943164363,0.611650485436893,0.874603174603175,0.985804416403785,0.959016393442623,0.977198697068404,1,0.998394863563403,0.553090332805071,0.421553090332805,0.998384491114701,0.0031201248049922,0.00927357032457496,0.863275039745628,0.00626959247648903,1,0.966929133858268,0,0.099510603588907,0,0.949675324675325,0,0.971653543307087,1,0.0046875,0.8384,1,0.64926590538336,0.628705148205928,0.869983948635634,0,0,0.931147540983607,0.951713395638629,0.9872,0,0,0,0.236507936507937,0.50561797752809,0,0.465079365079365,0,0.92109500805153,1,0.153212520593081,0.222222222222222,0,0.349753694581281,0.587579617834395,0.859872611464968,0.968992248062015,0.77511961722488,0,0.985148514851485,0.0158982511923688,1,0,0.982919254658385,0.00469483568075117,1,0.0210016155088853,0.00981996726677578,0,0,0.829113924050633,0.929712460063898,0.9390625,0.715625,0.0249221183800623,0.00482315112540193,0.831189710610932,0.839753466872111,0,0.0191387559808612,0.965079365079365,0,0.983633387888707,0.959501557632399,0.0635930047694754,0.0380348652931854,0.00323624595469256,1,0.472131147540984,0.0667726550079491,0.0806451612903226,0.120063191153239,0.683954619124797,0.0869565217391304,1,0,0.746411483253589,0.981132075471698,0.00161030595813205,0,0,0,0,1,0.718446601941748,0,0,0.530477759472817,0.956239870340357,0.426517571884984,0.0456692913385827,0.00161550888529887,0.0533117932148627,0.0142857142857143,0,0.0271132376395534,0.00614439324116743,0.00162337662337662,0.0107858243451464,0,0.0401929260450161,0.053125,0.0173501577287066,0.0159235668789809,0.0032520325203252,0.0222929936305732,0.0204081632653061,0.0544323483670296,0.00796178343949045,0.0174880763116057,0,0.00161290322580645,0.044189852700491,0.00786163522012579,0.0233281493001555,0,0.0353130016051364,0.0015220700152207,0.00159489633173844
"662",1,1,0.97191887675507,0.942028985507246,0.987096774193548,1,0.892455858747994,0.9776,1,0,1,0,0.571656050955414,1,0.042654028436019,0.00791139240506329,0,0.0143312101910828,0.996779388083736,0.982594936708861,0.1504,0.0340356564019449,0.988976377952756,0,0.957413249211357,0.25518341307815,0.109350237717908,0.99016393442623,0.475308641975309,0.691943127962085,0,0.68312101910828,0.770465489566613,0.291600633914422,0,1,0.015527950310559,0.995222929936306,0.246932515337423,0.903481012658228,0.00159489633173844,0.0159489633173844,0.00625978090766823,1,0.78125,0.0192926045016077,0.507223113964687,0,0.459715639810427,0.1390625,0,0.992088607594937,0.259433962264151,1,0.880645161290323,0.147909967845659,0,0.972312703583062,0.960753532182104,0.904836193447738,0.296875,0.44391785150079,0,0,0.895498392282958,0.8234375,0,0.99025974025974,0,0,0.851968503937008,0.00635930047694754,0.0159489633173844,1,0,0.7015625,0.043956043956044,0.567398119122257,0.895666131621188,0.256666666666667,0,0.705329153605016,0.204018547140649,0.998442367601246,0.118022328548644,0.912307692307692,0.996825396825397,0.968553459119497,0.968652037617555,0.0109034267912773,0.988654781199352,1,0,0,0.972357723577236,0,0.290625,0.984,0.00625978090766823,0.00792393026941363,0.606158833063209,0,0.271428571428571,1,0.0981308411214953,1,0.0112903225806452,0.977777777777778,0,0.00632911392405063,0.0094488188976378,0.906200317965024,0.33015873015873,0.992050874403816,0,0.990521327014218,0.700475435816165,0,0,0.218849840255591,0,0.766881028938907,0.245614035087719,0.0819672131147541,0.97456279809221,0.142630744849445,0.996845425867508,0.996835443037975,0,0.531645569620253,0.936406995230525,0.483922829581994,0.991830065359477,0,0.993527508090615,0.0218068535825545,0,0.204838709677419,0.638263665594855,0.514657980456026,0,0,0.984227129337539,0.762360446570973,0.170491803278689,1,0.00635930047694754,0.924528301886792,0.404878048780488,0.981308411214953,0.137763371150729,0.988924050632911,1,0.834890965732087,0.996840442338073,0,1,0,0,0.739967897271268,0.866153846153846,0.982594936708861,0.0159235668789809,0,1,0.431340872374798,1,1,1,0.286158631415241,0.985691573926868,0,0.950387596899225,0,0.897637795275591,0.364353312302839,0,0.980891719745223,0,0.839370078740157,1,0.106012658227848,0.984276729559748,0.94896331738437,0.989214175654854,0.97196261682243,0.0894819466248038,0.365740740740741,0.920065252854812,0.940705128205128,0.0543478260869565,0.00626959247648903,0.988782051282051,0.852895148669797,0,0,0.290679304897314,0.00158478605388273,1,0.245723172628305,0.87459807073955,0.742857142857143,0.993817619783617,0.42515923566879,0.431496062992126,0.288888888888889,0.920508744038156,0.958730158730159,0.884194053208138,0,0.875786163522013,0.168831168831169,0.950558213716108,0,0.0590979782270607,0.521531100478469,0.97626582278481,0.981395348837209,0.840873634945398,0.998425196850394,0.895734597156398,0,0.0588235294117647,0.661466458658346,0.996774193548387,0,0.990639625585023,0.984472049689441,0.540412044374009,0.550632911392405,0.988976377952756,1,0.36,0,0.885093167701863,0.526232114467409,0.973898858075041,0,0.957613814756672,1,1,0.955414012738854,0.528125,0.0016260162601626,0.971383147853736,0.548031496062992,0.00458015267175573,0.00154798761609907,0.194577352472089,0,0.146579804560261,0.660406885758998,0,0.0031055900621118,0.00478468899521531,0.582945736434109,0.0356564019448947,0.985691573926868,0.012779552715655,0,0,0.220257234726688,1,0.984152139461173,0.894154818325434,0,0.872374798061389,0.847826086956522,0.678913738019169,0.601895734597156,0.457735247208931,0.449511400651466,0.0142405063291139,1,0.0934579439252336,0.700657894736842,0.962085308056872,0.0078003120124805,0.748815165876777,0,0.111627906976744,1,1,0.893548387096774,0,0.643642072213501,0.882926829268293,0,0,0.894899536321484,0.981012658227848,0,0.00154320987654321,0.00157232704402516,0.983870967741935,0.884057971014493,0,0,0.378763866877971,0.99203821656051,0.78,0.377358490566038,0.64573268921095,0.962264150943396,0.00635930047694754,1,1,0.00632911392405063,0.966719492868463,1,0.974068071312804,0.996830427892235,0.178963893249608,0.304147465437788,0.275430359937402,0.97708674304419,0.941763727121464,0.0512422360248447,0.25,0.974960876369327,0.156645569620253,0.288135593220339,0.996820349761526,0.998397435897436,0.976525821596244,0.697712418300654,0.996889580093313,0.223856209150327,0.965891472868217,0.996789727126806,0,0.312597200622084,0.548335974643423,0.0159489633173844,0.055379746835443,0.00933125972006221,0.915739268680445,0.0284810126582278,0,0,0.221169036334913,0.993527508090615,0.0769230769230769,0.986928104575163,0.971291866028708,0.988924050632911,0.278768233387358,0.284789644012945,0.686900958466454,0.448105436573311,0,0.818181818181818,0.0141732283464567,0.0376175548589342,0.196261682242991,1,0.00156985871271586,0,0.321711568938193,0.0109717868338558,0.0243111831442464,0.457869634340223,1,0.263414634146341,1,0.964573268921095,0,0.995461422087746,0,0.998461538461539,0.817170111287758,1,0.0126582278481013,0.978090766823161,0,0.879746835443038,0.703883495145631,0.939346811819596,0.985959438377535,0.998405103668262,0.286173633440514,0.961538461538462,1,0,0.0271565495207668,1,1,0.315372424722662,0.877551020408163,0.962783171521036,0.952153110047847,1,0,0.11437908496732,1,0.00159489633173844,0,0.967845659163987,0.00978792822185971,0.0428571428571429,1,0.966613672496025,0.00475435816164818,0.610114192495922,0.426073131955485,0.98538961038961,0.00164473684210526,0.869281045751634,1,0.379585326953748,0.609794628751975,0.789983844911147,0,0.145367412140575,0.977346278317152,0.998366013071895,0.447284345047923,1,0.97171381031614,0.028391167192429,0.00158730158730159,0.987577639751553,0.993610223642173,0.950949367088608,0.69435736677116,0.00643086816720257,0.871589085072231,0.230031948881789,0.183639398998331,0.00469483568075117,0.617224880382775,0.589456869009585,0.610223642172524,0,0.274350649350649,0.908372827804107,0.635782747603834,0.507788161993769,0.0823170731707317,0,0,1,0.970633693972179,0,0.9232,0.00980392156862745,0,0,0.998397435897436,0,1,0.770932069510269,0.512539184952978,1,0,0,0.992163009404389,0.962674961119751,0.723004694835681,0,0,0.878315132605304,0.590837282780411,1,0.53125,0.3322528363047,0,0.980952380952381,0,0.95609756097561,0.0857605177993527,0,0.0093167701863354,0.119122257053292,0.475,0.9734375,0,0.954758190327613,0.979430379746835,1,0,0.0646203554119548,0.93687707641196,0.00495049504950495,1,1,0.00794912559618442,1,0.284345047923323,0.806603773584906,0.00961538461538462,0.157467532467532,0.962085308056872,0.00949367088607595,0,0.973143759873618,0.0064,0.65086887835703,0.386837881219904,0,0.115141955835962,0.737704918032787,0.249605055292259,0.97752808988764,0,0.134585289514867,0.450331125827815,0.952086553323029,0.890965732087227,0.963258785942492,0.744749596122779,0,0.981424148606811,0,0.9703125,0.389250814332248,0,1,1,1,0.636363636363636,0.984227129337539,0.124193548387097,0.178060413354531,0.944532488114105,0.875993640699523,0,0,0.9936,0.929853181076672,0.0128410914927769,0.985507246376812,0.995238095238095,0.350850077279753,0.927302100161551,0.73462783171521,0.877551020408163,0,0.969155844155844,0.3312,1,1,0,0.643987341772152,0.97258064516129,0,0.6957928802589,0.365079365079365,0.792048929663609,0.674603174603175,0.9558599695586,0.0746500777604977,0.985245901639344,1,0.982758620689655,0.284779050736498,0.0920634920634921,0.992125984251969,1,0.0077639751552795,0.774760383386581,0.426791277258567,0.246031746031746,0.768621236133122,1,0.8816,1,0.118195956454121,0,0,0.827140549273021,0.00318979266347687,0,0.256410256410256,0,0.992150706436421,0.919937205651491,0.998427672955975,0.998422712933754,0.0830670926517572,0,0,0,0.163430420711974,0.0779220779220779,0.150159744408946,0,0,1,0.00783699059561128,0.282051282051282,1,0.576138147566719,0.971246006389776,0.646592709984152,0.636075949367089,0,1,0.381260096930533,0.485576923076923,0.922839506172839,0.988906497622821,0.386327503974563,0.0093603744149766,0.955696202531646,0.959311424100156,0,0.972307692307692,0.0171339563862928,0.986863711001642,0.425897035881435,0,0.00788643533123028,0.51559934318555,0.837881219903692,0,0.129296235679214,0.0111642743221691,0.0016366612111293,0.741641337386018,0.0223285486443381,1,0.309486780715397,0.992295839753467,0,0.374613003095975,0.325769854132901,0.872340425531915,0.0969305331179321,0.00470957613814757,0.00157232704402516,0.0401929260450161,0,0.995327102803738,0.0361842105263158,0.981566820276498,0.00475435816164818,1,0,0.50855365474339,0.472843450479233,1,0,0.998447204968944,0,0.381260096930533,0.990668740279938,0,0.629800307219662,0.982171799027553,0.746794871794872,0.954911433172303,0.0280811232449298,0,1,0.239935587761675,0,0.684952978056426,0,0.0154559505409583,1,1,0.995327102803738,0.976076555023923,0.984051036682616,0,0.971246006389776,0.0217729393468118,0.34748427672956,0.27244094488189,0.992088607594937,0.990580847723705,0.99375,0.993710691823899,0.0573248407643312,0.0127388535031847,0.986666666666667,0.963665086887836,0.71585557299843,0.973312401883831,1,0.974683544303797,0,0,0.980152671755725,0,0.0558139534883721,0,0.952830188679245,0.261437908496732,0.199036918138042,0.122861586314152,0.920583468395462,0,0.100946372239748,1,1,0.636363636363636,0.408194233687405,0.206373292867982,0.171826625386997,0.653225806451613,0,0.107424960505529,0.537735849056604,0.248012718600954,0.706976744186047,0.0110062893081761,0,0,0.315533980582524,1,0.621069182389937,0.218320610687023,0.623233908948195,0.876369327073552,0.989147286821705,0.960720130932897,0.982229402261712,1,0.998381877022654,0.53015873015873,0.402843601895735,1,0.00459418070444104,0.0108359133126935,0.877777777777778,0.0125195618153365,1,0.974803149606299,0,0.1152,0,0.957142857142857,0,0.974842767295597,1,0.00625,0.844197138314785,1,0.646031746031746,0.6138147566719,0.871019108280255,0,0,0.932565789473684,0.943511450381679,0.992175273865415,0,0,0,0.218944099378882,0.496025437201908,0,0.447077409162717,0,0.919484702093398,1,0.159677419354839,0.225908372827804,0,0.326860841423948,0.583732057416268,0.86053882725832,0.961538461538462,0.767145135566188,0,0.990275526742301,0.016025641025641,1,0,0.982892690513219,0.00630914826498423,1,0.0180921052631579,0.00967741935483871,0,0,0.834394904458599,0.932038834951456,0.938080495356037,0.718110236220472,0.0233281493001555,0.00484652665589661,0.826498422712934,0.848297213622291,0,0.0125984251968504,0.966929133858268,0,0.985221674876847,0.961715160796325,0.0623052959501558,0.0432,0.0031496062992126,1,0.455429497568882,0.068362480127186,0.0873146622734761,0.107476635514019,0.699680511182109,0.103875968992248,1,0,0.762738853503185,0.982945736434109,0.00162074554294976,0,0,0,0,1,0.708674304418985,0,0,0.530744336569579,0.955696202531646,0.433070866141732,0.0557275541795666,0.00162074554294976,0.0603588907014682,0.0188976377952756,0,0.0321027287319422,0.00459418070444104,0.00161030595813205,0.0109034267912773,0,0.0481540930979133,0.0623003194888179,0.0156985871271586,0.0208,0.00641025641025641,0.0268987341772152,0.0250391236306729,0.0596546310832025,0.00634920634920635,0.0221518987341772,0,0.00160513643659711,0.0492845786963434,0.00801282051282051,0.0219092331768388,0,0.0330708661417323,0.00153374233128834,0.00162074554294976
"663",0.990639625585023,0.99075500770416,0.964992389649924,0.938775510204082,0.979397781299525,0.990580847723705,0.872472783825817,0.973724884080371,0.990963855421687,0,0.992260061919505,0,0.577039274924471,0.990654205607477,0.0481366459627329,0.015552099533437,0,0.0139751552795031,0.989010989010989,0.975757575757576,0.168168168168168,0.0416666666666667,0.987933634992459,0,0.947692307692308,0.263157894736842,0.112480739599384,0.996894409937888,0.459016393442623,0.690402476780186,0.00903614457831325,0.690769230769231,0.767801857585139,0.287480680061824,0,0.990697674418605,0.015015015015015,0.986280487804878,0.255539143279173,0.898330804248862,0,0.0165912518853695,0.00615384615384615,0.992199687987519,0.786499215070644,0.0372670807453416,0.516329704510109,0.00921658986175115,0.480654761904762,0.138138138138138,0,0.984567901234568,0.268217054263566,0.992389649923896,0.862654320987654,0.174922600619195,0,0.965785381026439,0.957186544342508,0.901215805471125,0.302891933028919,0.426626323751891,0.00626959247648903,0,0.892405063291139,0.823255813953488,0,0.983154670750383,0,0.00946372239747634,0.862068965517241,0.0167682926829268,0.0263157894736842,0.989329268292683,0,0.698813056379822,0.0499243570347958,0.571646341463415,0.893249607535322,0.276422764227642,0,0.711278195488722,0.213313161875946,0.992526158445441,0.119083969465649,0.908132530120482,0.986342943854325,0.970948012232416,0.978461538461538,0.0119402985074627,0.980213089802131,0.990839694656489,0,0,0.966666666666667,0,0.291158536585366,0.976744186046512,0.0076103500761035,0.00934579439252336,0.608231707317073,0,0.281055900621118,0.992223950233281,0.104166666666667,0.990639625585023,0.0108864696734059,0.972307692307692,0.00952380952380952,0.0199081163859112,0.0182926829268293,0.894009216589862,0.337480559875583,0.986024844720497,0,0.983154670750383,0.704268292682927,0,0.0106060606060606,0.238317757009346,0,0.760736196319018,0.243788819875776,0.089171974522293,0.971168437025797,0.155251141552511,0.987860394537178,0.99079754601227,0,0.536363636363636,0.933846153846154,0.492890995260663,0.995356037151703,0,0.987480438184664,0.0297619047619048,0,0.212962962962963,0.643410852713178,0.515723270440252,0,0,0.975794251134644,0.755417956656347,0.178125,0.992307692307692,0.0170015455950541,0.922492401215805,0.422118380062305,0.975903614457831,0.138801261829653,0.979907264296754,0.990639625585023,0.843797856049005,0.990811638591118,0.00789889415481832,0.989312977099237,0.00777604976671851,0,0.743119266055046,0.858646616541353,0.975535168195719,0.0289193302891933,0,0.990977443609023,0.461538461538462,0.990430622009569,0.989296636085627,0.992283950617284,0.292609351432881,0.978593272171254,0.010752688172043,0.947526236881559,0.00744047619047619,0.894245723172628,0.377473363774734,0,0.97428139183056,0,0.851226993865031,0.990668740279938,0.128284389489954,0.978819969742814,0.944700460829493,0.982222222222222,0.963414634146341,0.111111111111111,0.385196374622357,0.924050632911392,0.9453125,0.0602782071097372,0.0122699386503067,0.977952755905512,0.836140888208269,0,0,0.290769230769231,0,0.992469879518072,0.264840182648402,0.858475894245723,0.76,0.986547085201794,0.414976599063963,0.440422322775264,0.290372670807453,0.916666666666667,0.960061443932412,0.876132930513595,0,0.876524390243902,0.176751592356688,0.951863354037267,0.00914634146341463,0.0816944024205749,0.529320987654321,0.967592592592593,0.975903614457831,0.830792682926829,0.990783410138249,0.888549618320611,0,0.0853658536585366,0.650381679389313,0.990625,0,0.984779299847793,0.974358974358974,0.542553191489362,0.559270516717325,0.978527607361963,0.993710691823899,0.360681114551084,0,0.871794871794872,0.529862174578867,0.968701095461659,0.00925925925925926,0.957957957957958,0.989147286821705,0.992331288343558,0.94435857805255,0.548048048048048,0.0108191653786708,0.969465648854962,0.543247344461305,0.0147710487444609,0.00902255639097744,0.21216848673947,0.00920245398773006,0.152380952380952,0.655274888558692,0.00769230769230769,0.0135542168674699,0.015220700152207,0.572065378900446,0.0440944881889764,0.978260869565217,0.0107361963190184,0.00766871165644172,0,0.224615384615385,0.990639625585023,0.973886328725038,0.898928024502297,0,0.859399684044234,0.853252647503782,0.68266253869969,0.611111111111111,0.480122324159021,0.46141975308642,0.010590015128593,0.993836671802773,0.0911854103343465,0.699029126213592,0.955108359133127,0.0183206106870229,0.743161094224924,0.00927357032457496,0.120795107033639,0.991044776119403,0.992025518341308,0.87244094488189,0,0.629518072289157,0.86697247706422,0,0.0106382978723404,0.879821958456973,0.975535168195719,0,0.0119940029985007,0.00763358778625954,0.978021978021978,0.883830455259027,0.00943396226415094,0,0.377845220030349,0.987692307692308,0.782477341389728,0.392966360856269,0.663565891472868,0.957703927492447,0.0168970814132104,0.989457831325301,0.99537037037037,0.0125195618153365,0.966257668711656,0.989214175654854,0.967084639498433,0.989113530326594,0.191131498470948,0.308734939759036,0.279389312977099,0.974803149606299,0.939778129952456,0.0506706408345753,0.274390243902439,0.96937212863706,0.157337367624811,0.318518518518519,0.989280245022971,0.987673343605547,0.969183359013868,0.678018575851393,0.989489489489489,0.261345852895149,0.961948249619482,0.992211838006231,0,0.326378539493294,0.547581903276131,0.0262345679012346,0.0531914893617021,0.0151515151515152,0.906441717791411,0.0349013657056146,0.00614439324116743,0,0.237209302325581,0.987730061349693,0.0768049155145929,0.980922098569157,0.966257668711656,0.982866043613707,0.27906976744186,0.28548644338118,0.673343605546995,0.464,0,0.822188449848024,0.0229007633587786,0.0422960725075529,0.197014925373134,0.9953125,0.0060790273556231,0,0.332312404287902,0.0182094081942337,0.0295031055900621,0.475968992248062,0.990639625585023,0.294488188976378,0.990322580645161,0.962204724409449,0,0.986899563318777,0.00750750750750751,0.991017964071856,0.824427480916031,0.995283018867924,0.0170015455950541,0.971385542168675,0.00464396284829721,0.869158878504673,0.712715855572998,0.940998487140696,0.984709480122324,0.987730061349693,0.286585365853659,0.956521739130435,0.991004497751124,0.00888888888888889,0.0290519877675841,0.993865030674847,0.989296636085627,0.337404580152672,0.873456790123457,0.958795562599049,0.953242835595777,0.992458521870287,0,0.130637636080871,0.98937784522003,0.00775193798449612,0,0.962616822429907,0.00949367088607595,0.0481366459627329,0.990867579908676,0.961538461538462,0.00310077519379845,0.617511520737327,0.43613707165109,0.978090766823161,0.0063391442155309,0.860429447852761,0.990536277602524,0.376923076923077,0.598473282442748,0.786259541984733,0,0.156589147286822,0.974960876369327,0.989113530326594,0.449165402124431,0.995447647951442,0.970826580226904,0.0368663594470046,0.00154559505409583,0.982008995502249,0.990668740279938,0.953632148377125,0.695324283559578,0.0168970814132104,0.855140186915888,0.249617151607963,0.174757281553398,0.0060790273556231,0.612341772151899,0.59190031152648,0.61609907120743,0,0.294488188976378,0.906727828746177,0.629742033383915,0.52416918429003,0.0818452380952381,0,0,0.992625368731563,0.967164179104478,0,0.913713405238829,0.0108864696734059,0,0,0.989079563182527,0,0.990491283676704,0.767228177641654,0.507440476190476,0.99236641221374,0,0,0.986046511627907,0.953731343283582,0.722306525037936,0.00904977375565611,0.00314465408805031,0.856707317073171,0.596330275229358,0.995405819295559,0.536474164133739,0.357142857142857,0,0.977272727272727,0.00628930817610063,0.951937984496124,0.0995405819295559,0,0.0165413533834586,0.115085536547434,0.474603174603175,0.983257229832572,0,0.948948948948949,0.965891472868217,0.98937784522003,0,0.0856697819314642,0.927184466019418,0.0128205128205128,0.990936555891239,0.992603550295858,0.0153609831029186,0.99236641221374,0.303353658536585,0.799392097264438,0.015527950310559,0.170926517571885,0.960426179604262,0.00928792569659443,0.00907715582450832,0.972727272727273,0.0125588697017268,0.652777777777778,0.382215288611544,0,0.116843702579666,0.7398753894081,0.252679938744257,0.974045801526718,0.00910470409711684,0.158536585365854,0.461661341853035,0.947447447447447,0.882789317507418,0.958139534883721,0.746875,0,0.977238239757208,0.0105580693815988,0.95800933125972,0.3879173290938,0.00895522388059702,0.990867579908676,0.992236024844721,0.990683229813665,0.639625585023401,0.978494623655914,0.133846153846154,0.185185185185185,0.935285053929122,0.863287250384025,0,0,0.996870109546166,0.93563579277865,0.0248062015503876,0.978260869565217,0.987616099071207,0.361280487804878,0.924528301886792,0.71585557299843,0.867867867867868,0,0.956656346749226,0.332298136645963,0.992401215805471,0.992295839753467,0,0.647604327666152,0.968553459119497,0.00763358778625954,0.682389937106918,0.390168970814132,0.788148148148148,0.672926447574335,0.955022488755622,0.099702380952381,0.976190476190476,0.992343032159265,0.978527607361963,0.294303797468354,0.0971168437025797,0.984802431610942,0.99390243902439,0.00598802395209581,0.776096822995461,0.447289156626506,0.273993808049536,0.761689291101056,0.989214175654854,0.879204892966361,0.99388379204893,0.118618618618619,0.00631911532385466,0,0.815267175572519,0.00927357032457496,0.00927357032457496,0.292237442922374,0,0.985981308411215,0.916413373860182,0.99075500770416,0.989425981873112,0.0987654320987654,0.00924499229583975,0,0,0.17601246105919,0.0802469135802469,0.163636363636364,0,0.00460829493087558,0.989345509893455,0.0121580547112462,0.292834890965732,0.99236641221374,0.576687116564417,0.967441860465116,0.654961832061069,0.646176911544228,0,0.991071428571429,0.375389408099688,0.486780715396579,0.91324200913242,0.984984984984985,0.397881996974281,0.00907715582450832,0.955521472392638,0.95475113122172,0,0.979010494752624,0.0215384615384615,0.984251968503937,0.433587786259542,0,0.00757575757575758,0.507131537242472,0.836990595611285,0.00923076923076923,0.150470219435737,0.0107197549770291,0,0.739910313901345,0.0324074074074074,0.990430622009569,0.327769347496206,0.986526946107784,0.00605143721633888,0.38368580060423,0.325545171339564,0.865814696485623,0.107594936708861,0.00917431192660551,0.00152439024390244,0.0486656200941915,0,0.984871406959153,0.0400641025641026,0.976401179941003,0.0123839009287926,0.993740219092332,0,0.531531531531532,0.45565749235474,0.989329268292683,0,0.99236641221374,0,0.405023547880691,0.982062780269058,0,0.641993957703928,0.970219435736677,0.750769230769231,0.950949367088608,0.0506912442396313,0,0.99079754601227,0.267605633802817,0,0.689230769230769,0.00742942050520059,0.0271084337349398,0.989045383411581,0.995327102803738,1,0.98159509202454,0.996894409937888,0,0.968652037617555,0.0229007633587786,0.348024316109422,0.301829268292683,0.983433734939759,0.983024691358025,0.984825493171472,0.983180428134557,0.049079754601227,0.0248447204968944,0.980830670926518,0.953917050691244,0.713850837138508,0.978593272171254,0.990783410138249,0.968325791855204,0,0,0.970717423133236,0,0.075642965204236,0,0.949618320610687,0.288216560509554,0.211690363349131,0.128593040847201,0.927803379416283,0,0.111280487804878,0.98937784522003,0.993911719939117,0.632716049382716,0.401188707280832,0.215022091310751,0.190690690690691,0.650077760497667,0.00916030534351145,0.122137404580153,0.543778801843318,0.26046511627907,0.700453857791225,0.0155038759689922,0,0.0109717868338558,0.313880126182965,0.992012779552716,0.606481481481482,0.22106824925816,0.615975422427035,0.86676875957121,0.977544910179641,0.961661341853035,0.97045101088647,0.990654205607477,0.987654320987654,0.559322033898305,0.425531914893617,0.992248062015504,0.0132352941176471,0.0192878338278932,0.870229007633588,0.0105421686746988,0.992447129909366,0.960725075528701,0,0.118564742589704,0,0.950540958268934,0,0.963691376701967,0.989393939393939,0.0135135135135135,0.8328173374613,0.992447129909366,0.637071651090343,0.60790273556231,0.856474258970359,0,0,0.924558587479936,0.935578330893119,0.984894259818731,0,0,0.00934579439252336,0.24468085106383,0.509118541033435,0,0.462249614791988,0,0.917956656346749,0.992211838006231,0.161240310077519,0.244411326378539,0,0.347222222222222,0.588597842835131,0.854489164086687,0.962235649546828,0.767228177641654,0.00766871165644172,0.984399375975039,0.0153609831029186,0.9921875,0,0.982116244411326,0.00775193798449612,0.992199687987519,0.0217054263565891,0.0141065830721003,0,0,0.825825825825826,0.922712933753943,0.929878048780488,0.725903614457831,0.0283582089552239,0.0157977883096366,0.835147744945568,0.850746268656716,0,0.0263157894736842,0.960183767228178,0,0.976190476190476,0.951515151515152,0.0706605222734255,0.0442073170731707,0.00768049155145929,0.989312977099237,0.471228615863142,0.087962962962963,0.110584518167457,0.125766871165644,0.679365079365079,0.0970149253731343,0.992295839753467,0,0.757341576506955,0.974358974358974,0.00462249614791988,0,0.00739644970414201,0,0.00766871165644172,0.989329268292683,0.696734059097978,0.00941915227629513,0.0109546165884194,0.533018867924528,0.96411856474259,0.434049079754601,0.0510510510510511,0.0108864696734059,0.0544871794871795,0.0122887864823349,0,0.0324574961360124,0.0147058823529412,0.00770416024653313,0.0165165165165165,0.00903614457831325,0.0486656200941915,0.0592705167173252,0.0243161094224924,0.0141955835962145,0.004739336492891,0.0185758513931889,0.0198473282442748,0.0615615615615616,0.0169491525423729,0.0153139356814701,0.00958466453674121,0.0109204368174727,0.0483619344773791,0.0122887864823349,0.0195195195195195,0.0106221547799697,0.0350609756097561,0.00746268656716418,0.0106707317073171
"664",0.976,0.967289719626168,0.944968553459119,0.925566343042071,0.971014492753623,0.972624798711755,0.862123613312203,0.953271028037383,0.97196261682243,0.00159235668789809,0.973354231974922,0.00479233226837061,0.566718995290424,0.969404186795491,0.06875,0.0298273155416013,0.00154559505409583,0.0205371248025276,0.966507177033493,0.957746478873239,0.18408736349454,0.0536585365853659,0.970404984423676,0.0046583850931677,0.934782608695652,0.27373417721519,0.115323854660348,0.983844911147011,0.476190476190476,0.690513219284603,0.0279937791601866,0.676056338028169,0.766233766233766,0.300469483568075,0.0047244094488189,0.971518987341772,0.0230414746543779,0.964615384615385,0.267371601208459,0.893915756630265,0.00476947535771065,0.0200927357032458,0.0110584518167457,0.971337579617834,0.77741935483871,0.05,0.518110236220472,0.02660406885759,0.469135802469136,0.142419601837672,0.00469483568075117,0.965299684542587,0.28149300155521,0.967441860465116,0.846275752773376,0.179611650485437,0.00322061191626409,0.953451043338684,0.929121725731895,0.885271317829457,0.306122448979592,0.451313755795981,0.0272,0.00481540930979133,0.881410256410256,0.821263482280431,0.003125,0.966929133858268,0.0046583850931677,0.0256410256410256,0.850539291217257,0.0345368916797488,0.046656298600311,0.967340590979782,0.0031496062992126,0.709035222052067,0.0745341614906832,0.575899843505477,0.868167202572347,0.279338842975207,0.00489396411092985,0.714953271028037,0.22052067381317,0.970404984423676,0.122641509433962,0.896875,0.961300309597523,0.953271028037383,1,0.0121580547112462,0.963258785942492,0.967032967032967,0.00316455696202532,0.00311526479750779,0.950558213716108,0.0031104199066874,0.305772230889236,0.957943925233645,0.00933125972006221,0.0111111111111111,0.618819776714514,0.0046875,0.296703296703297,0.973270440251572,0.117465224111283,0.9744,0.00938967136150235,0.954758190327613,0.0285261489698891,0.0365079365079365,0.0315457413249211,0.873801916932907,0.338028169014085,0.970125786163522,0.00315955766192733,0.9640625,0.70625,0.00155038759689922,0.0235849056603774,0.248397435897436,0.00305810397553517,0.763492063492063,0.269662921348315,0.0980392156862745,0.95748031496063,0.167449139280125,0.967441860465116,0.971698113207547,0.00317460317460317,0.543613707165109,0.919558359621451,0.487138263665595,0.971107544141252,0.00471698113207547,0.967793880837359,0.044478527607362,0.00471698113207547,0.236044657097289,0.649206349206349,0.512116316639742,0.00322061191626409,0.00479233226837061,0.963949843260188,0.750402576489533,0.182985553772071,0.973270440251572,0.0283464566929134,0.916149068322981,0.418269230769231,0.954898911353033,0.146774193548387,0.9640625,0.968,0.825273010920437,0.973228346456693,0.0241157556270096,0.970172684458399,0.0234375,0.0046656298600311,0.735340729001585,0.832049306625578,0.959564541213064,0.0375,0.0015600624024961,0.965891472868217,0.466666666666667,0.969205834683955,0.967391304347826,0.96937212863706,0.299689440993789,0.959564541213064,0.0234375,0.925581395348837,0.0272727272727273,0.869143780290792,0.392125984251968,0.00320512820512821,0.956521739130435,0.00470957613814757,0.84,0.969936708860759,0.131868131868132,0.963607594936709,0.933753943217666,0.959090909090909,0.955384615384615,0.122065727699531,0.384853168469861,0.915739268680445,0.93719806763285,0.0752351097178683,0.0309597523219814,0.95748031496063,0.820592823712949,0.00462962962962963,0.00477707006369427,0.313099041533546,0.0047244094488189,0.973478939157566,0.279752704791345,0.845659163987138,0.755134281200632,0.968944099378882,0.441935483870968,0.432558139534884,0.314375987361769,0.900943396226415,0.936608557844691,0.850863422291994,0.00159235668789809,0.860031104199067,0.194489465153971,0.930533117932149,0.0237717908082409,0.0826952526799387,0.538940809968847,0.949286846275753,0.958139534883721,0.819334389857369,0.970358814352574,0.872611464968153,0.00316957210776545,0.097331240188383,0.657894736842105,0.969453376205788,0.00308641975308642,0.963358778625954,0.96177370030581,0.549606299212598,0.571875,0.963722397476341,0.969453376205788,0.365354330708661,0.00484652665589661,0.859327217125382,0.511182108626198,0.946774193548387,0.0282131661442006,0.941448382126348,0.971608832807571,0.9703125,0.923197492163009,0.548837209302326,0.0285261489698891,0.955974842767296,0.554160125588697,0.027231467473525,0.0212765957446809,0.231132075471698,0.0235478806907378,0.167197452229299,0.669781931464174,0.025,0.028169014084507,0.0300632911392405,0.5875,0.0646687697160883,0.965079365079365,0.0128205128205128,0.0300157977883096,0.0047244094488189,0.236507936507937,0.972624798711755,0.957878315132605,0.888188976377953,0.00308641975308642,0.843548387096774,0.846390168970814,0.681962025316456,0.593354430379747,0.457869634340223,0.453396524486572,0.0123839009287926,0.971383147853736,0.102964118564743,0.693053311793215,0.937106918238994,0.036979969183359,0.7421875,0.0269413629160063,0.135725429017161,0.966101694915254,0.97346600331675,0.854864433811802,0.00306748466257669,0.630602782071097,0.850961538461538,0.0046801872074883,0.0247295208655332,0.859133126934985,0.963549920760697,0.00312989045383412,0.0266457680250784,0.0247295208655332,0.969453376205788,0.868589743589744,0.0292207792207792,0.00479233226837061,0.391785150078989,0.968553459119497,0.772093023255814,0.398753894080997,0.664025356576862,0.946875,0.0396196513470681,0.966049382716049,0.96998420221169,0.0254777070063694,0.94556765163297,0.971830985915493,0.94912559618442,0.968454258675079,0.200631911532385,0.320373250388802,0.306729264475743,0.951298701298701,0.904220779220779,0.059375,0.28594249201278,0.953051643192488,0.173913043478261,0.325757575757576,0.972350230414747,0.975922953451043,0.951181102362205,0.682692307692308,0.966616084977238,0.26038338658147,0.944012441679627,0.966346153846154,0.00476190476190476,0.335925349922239,0.543859649122807,0.0456692913385827,0.0612244897959184,0.0276073619631902,0.883359253499222,0.0470219435736677,0.0216383307573416,0.00458715596330275,0.2421875,0.968354430379747,0.0788643533123028,0.963934426229508,0.948598130841122,0.965354330708661,0.305732484076433,0.307317073170732,0.669316375198728,0.468120805369128,0.00460829493087558,0.809677419354839,0.0401234567901235,0.0678233438485804,0.20846394984326,0.977235772357724,0.0248062015503876,0.00313479623824451,0.343167701863354,0.0342679127725857,0.0524642289348172,0.473101265822785,0.971107544141252,0.285714285714286,0.969055374592834,0.939297124600639,0.00155038759689922,0.969742813918306,0.0230061349693252,0.967840735068913,0.807511737089202,0.974068071312804,0.031104199066874,0.953416149068323,0.0219435736677116,0.864566929133858,0.717219589257504,0.927692307692308,0.967084639498433,0.968553459119497,0.314285714285714,0.944707740916272,0.969325153374233,0.0263157894736842,0.0496124031007752,0.973312401883831,0.970172684458399,0.339009287925697,0.866459627329193,0.949593495934959,0.9421875,0.969040247678019,0.00160513643659711,0.137540453074434,0.966876971608833,0.027027027027027,0.0015748031496063,0.93944099378882,0.0144230769230769,0.0556438791732909,0.967791411042945,0.941915227629513,0.00474683544303797,0.628346456692913,0.44888178913738,0.9632,0.0243506493506494,0.8512,0.971246006389776,0.397129186602871,0.612403100775194,0.777952755905512,0.00475435816164818,0.167197452229299,0.951845906902087,0.970031545741325,0.465189873417722,0.97191887675507,0.948160535117057,0.0540540540540541,0.00460829493087558,0.970633693972179,0.969889064976228,0.939968404423381,0.687595712098009,0.0345368916797488,0.832528180354267,0.24922600619195,0.190635451505017,0.0109204368174727,0.620967741935484,0.5904,0.609034267912773,0.00309597523219814,0.305958132045089,0.889589905362776,0.647604327666152,0.511664074650078,0.103186646433991,0.00313479623824451,0.00305810397553517,0.975975975975976,0.947049924357035,0.00465116279069767,0.89622641509434,0.00967741935483871,0.00464396284829721,0.00478468899521531,0.966929133858268,0.00464396284829721,0.970684039087948,0.755102040816326,0.52790346907994,0.968895800933126,0.00315457413249211,0.00321027287319422,0.966613672496025,0.937116564417178,0.717628705148206,0.0293663060278207,0.00644122383252818,0.842024539877301,0.589783281733746,0.974842767295597,0.5609375,0.360062893081761,0.00470219435736677,0.959119496855346,0.0258899676375405,0.933115823817292,0.121405750798722,0.0031055900621118,0.037037037037037,0.118483412322275,0.486312399355878,0.970588235294118,0.003125,0.936267071320182,0.958139534883721,0.969230769230769,0.00159489633173844,0.0984126984126984,0.906197654941373,0.0292682926829268,0.968036529680365,0.973846153846154,0.0250783699059561,0.973270440251572,0.317535545023697,0.798425196850394,0.0382775119617225,0.1936,0.944968553459119,0.0125588697017268,0.0268562401263823,0.9546875,0.0305466237942122,0.664526484751204,0.402866242038217,0.00462962962962963,0.141732283464567,0.719806763285024,0.281889763779528,0.966981132075472,0.0236593059936909,0.176744186046512,0.450980392156863,0.934049079754601,0.865443425076453,0.938582677165354,0.736421725239617,0.0047244094488189,0.956923076923077,0.0217391304347826,0.940251572327044,0.397456279809221,0.0261538461538462,0.970633693972179,0.969502407704655,0.976,0.649842271293375,0.960998439937597,0.142857142857143,0.20625,0.921996879875195,0.842767295597484,0.00460829493087558,0.00312989045383412,0.982371794871795,0.919743178170145,0.0336538461538462,0.955555555555556,0.970542635658915,0.385579937304075,0.904610492845787,0.728706624605678,0.847826086956522,0.00309119010819165,0.944532488114105,0.338607594936709,0.976303317535545,0.974882260596546,0.0031055900621118,0.649921507064364,0.95016077170418,0.0208333333333333,0.681089743589744,0.396923076923077,0.79236641221374,0.695374800637959,0.929230769230769,0.099388379204893,0.955665024630542,0.975116640746501,0.959438377535101,0.304347826086957,0.110764430577223,0.968454258675079,0.975346687211094,0.00928792569659443,0.773082942097027,0.455950540958269,0.277777777777778,0.751974723538705,0.967084639498433,0.861904761904762,0.976377952755906,0.123839009287926,0.0246710526315789,0.00462249614791988,0.806656101426308,0.0272,0.0218068535825545,0.289269051321928,0.00314465408805031,0.967391304347826,0.891640866873065,0.971608832807571,0.969135802469136,0.113385826771654,0.0287539936102236,0.00302571860816944,0.00312989045383412,0.189102564102564,0.0900473933649289,0.174528301886792,0.00314465408805031,0.0206022187004754,0.968847352024922,0.0185758513931889,0.314696485623003,0.971153846153846,0.590625,0.944356120826709,0.673946957878315,0.646341463414634,0.0046875,0.96793893129771,0.408,0.503215434083601,0.891975308641975,0.961360123647604,0.403125,0.0122887864823349,0.944532488114105,0.946401225114854,0.00312989045383412,1,0.0363924050632911,0.967741935483871,0.43125,0.00313479623824451,0.0094488188976378,0.521172638436482,0.826984126984127,0.0251572327044025,0.14446227929374,0.0141732283464567,0.00491803278688525,0.730886850152905,0.046031746031746,0.973727422003284,0.337423312883436,0.964560862865948,0.0250783699059561,0.389751552795031,0.337579617834395,0.84,0.11470113085622,0.0293663060278207,0.00632911392405063,0.0636942675159236,0.0031201248049922,0.966257668711656,0.0527182866556837,0.95475113122172,0.0266875981161695,0.968454258675079,0.00470219435736677,0.513097072419106,0.472266244057052,0.969040247678019,0.00161550888529887,0.97542242703533,0.00324149108589951,0.408,0.96417445482866,0.00463678516228748,0.64018691588785,0.94912559618442,0.750793650793651,0.92891760904685,0.0590062111801242,0.00470957613814757,0.965354330708661,0.274636510500808,0.00462962962962963,0.681388012618297,0.0230061349693252,0.0372670807453416,0.971061093247588,0.976076555023923,0.98159509202454,1,1,0.00476190476190476,0.952904238618524,0.0263157894736842,0.354294478527607,0.304212168486739,0.968847352024922,0.960443037974684,0.969465648854962,0.966565349544073,0.0518867924528302,0.0410742496050553,0.963934426229508,0.940157480314961,0.709627329192547,0.95800933125972,0.970814132104455,0.950310559006211,0.00154559505409583,0.00470219435736677,0.953172205438066,0.0046656298600311,0.0875576036866359,0.00476947535771065,0.932707355242567,0.291666666666667,0.216260162601626,0.151090342679128,0.901898734177215,0.00156985871271586,0.114728682170543,0.963779527559055,0.976525821596244,0.636932707355243,0.433734939759036,0.223723723723724,0.200913242009132,0.656597774244833,0.0294573643410853,0.127329192546584,0.543171114599686,0.28125,0.699074074074074,0.0314465408805031,0.0032258064516129,0.0253164556962025,0.311897106109325,0.969155844155844,0.613003095975232,0.244309559939302,0.623824451410658,0.845553822152886,0.958778625954198,0.939935064935065,0.963258785942492,0.972491909385113,0.972886762360447,0.541996830427892,0.433753943217666,0.970172684458399,0.0315315315315315,0.0338461538461538,0.847723704866562,0.0138674884437596,0.972006220839813,0.943485086342229,0.00318471337579618,0.12258064516129,0.00473186119873817,0.937007874015748,0.00325732899022801,0.955108359133127,0.970219435736677,0.0230061349693252,0.820592823712949,0.973765432098765,0.641838351822504,0.62037037037037,0.837837837837838,0.00311526479750779,0.00317965023847377,0.904684975767367,0.917168674698795,0.965785381026439,0.00308641975308642,0.00462962962962963,0.0272,0.258015267175572,0.514150943396226,0.00474683544303797,0.448598130841121,0.0031104199066874,0.914927768860353,0.972886762360447,0.1728,0.245749613601236,0.00462962962962963,0.376190476190476,0.616352201257862,0.845181674565561,0.942635658914729,0.762870514820593,0.023696682464455,0.964401294498382,0.0175438596491228,0.972536348949919,0.00315955766192733,0.959938366718028,0.00928792569659443,0.9696,0.0376766091051805,0.0257234726688103,0.00311526479750779,0.00481540930979133,0.807511737089202,0.903381642512077,0.910355486862442,0.704334365325077,0.0401854714064915,0.0323624595469256,0.825,0.861111111111111,0.0032258064516129,0.0395569620253165,0.94620253164557,0.00313479623824451,0.957585644371941,0.931570762052877,0.0886075949367089,0.0418604651162791,0.0248833592534992,0.965891472868217,0.475279106858054,0.0919175911251981,0.121794871794872,0.130841121495327,0.683042789223455,0.109062980030722,0.966237942122186,0.00474683544303797,0.751196172248804,0.955108359133127,0.008,0.00470219435736677,0.0245022970903522,0.00473186119873817,0.0234741784037559,0.971563981042654,0.710862619808307,0.0272435897435897,0.0305466237942122,0.545310015898251,0.927444794952681,0.446153846153846,0.0539291217257319,0.0226171243941842,0.0561797752808989,0.0237341772151899,0.00475435816164818,0.0410094637223975,0.0292307692307692,0.0207006369426752,0.028169014084507,0.0170278637770898,0.0544,0.0612244897959184,0.031496062992126,0.0265625,0.00974025974025974,0.033175355450237,0.0296411856474259,0.0643642072213501,0.028391167192429,0.0280373831775701,0.0241545893719807,0.0251572327044025,0.0492063492063492,0.028169014084507,0.0342146189735614,0.0262345679012346,0.0614173228346457,0.0199081163859112,0.023696682464455
"665",0.982142857142857,0.977707006369427,0.957943925233645,0.93030794165316,0.97427652733119,0.980519480519481,0.885113268608414,0.968203497615262,0.982839313572543,0,0.980830670926518,0.00156985871271586,0.5808,0.980582524271845,0.062992125984252,0.0218068535825545,0,0.0161030595813204,0.97427652733119,0.961844197138315,0.187697160883281,0.0427631578947368,0.976671850699845,0.0015600624024961,0.945054945054945,0.256451612903226,0.112540192926045,1,0.473684210526316,0.697965571205008,0.0185471406491499,0.694227769110764,0.766505636070853,0.306603773584906,0.00159744408945687,0.981042654028436,0.0156739811912226,0.978090766823161,0.268702290076336,0.893188854489164,0.00322061191626409,0.015600624024961,0.00789889415481832,0.983922829581994,0.791666666666667,0.0414012738853503,0.515923566878981,0.0190779014308426,0.480182926829268,0.144615384615385,0.00156739811912226,0.97626582278481,0.290679304897314,0.979623824451411,0.874799357945425,0.170454545454545,0.0016366612111293,0.960191082802548,0.945736434108527,0.888024883359253,0.312989045383412,0.441497659906396,0.0176848874598071,0.00160771704180064,0.874003189792663,0.816037735849057,0.00158982511923688,0.970031545741325,0.00157232704402516,0.0207667731629393,0.853125,0.0224358974358974,0.0379746835443038,0.978395061728395,0,0.70735524256651,0.0668740279937792,0.568938193343899,0.88301282051282,0.282608695652174,0.00160771704180064,0.710031347962382,0.212403100775194,0.978260869565217,0.122448979591837,0.918622848200313,0.97588424437299,0.959311424100156,0.998430141287284,0.0109034267912773,0.96998420221169,0.979591836734694,0.00156985871271586,0,0.96260162601626,0,0.315541601255887,0.966666666666667,0.00770416024653313,0.00788643533123028,0.6176,0.00159489633173844,0.304140127388535,0.981072555205047,0.121913580246914,0.980230642504119,0.00963081861958266,0.967084639498433,0.0208667736757624,0.0254372019077901,0.0252764612954186,0.898089171974522,0.341269841269841,0.97933227344992,0.00162074554294976,0.979495268138801,0.716535433070866,0,0.0188087774294671,0.244444444444444,0.00154083204930663,0.766129032258065,0.269413629160063,0.0909090909090909,0.96513470681458,0.154330708661417,0.975155279503106,0.981042654028436,0.0016025641025641,0.550473186119874,0.92332268370607,0.48538961038961,0.9872,0.00158982511923688,0.980360065466448,0.0371517027863777,0.00157728706624606,0.233807266982622,0.644904458598726,0.51869918699187,0,0.00161290322580645,0.973058637083994,0.752791068580542,0.180032733224223,0.9824,0.0253164556962025,0.924170616113744,0.419871794871795,0.971786833855799,0.16260162601626,0.967032967032967,0.978723404255319,0.832278481012658,0.98145285935085,0.0174880763116057,0.982594936708861,0.0173775671406003,0.00158478605388273,0.72508038585209,0.865740740740741,0.963375796178344,0.0341085271317829,0,0.978328173374613,0.470779220779221,0.981907894736842,0.981220657276995,0.981102362204724,0.305772230889236,0.971563981042654,0.0191082802547771,0.941176470588235,0.0167427701674277,0.884927066450567,0.378716744913928,0.00161812297734628,0.967136150234742,0.00157232704402516,0.851500789889415,0.978125,0.133550488599349,0.971698113207547,0.939778129952456,0.970858895705521,0.95679012345679,0.106583072100313,0.391975308641975,0.920583468395462,0.936,0.0804416403785489,0.0238473767885533,0.969305331179321,0.848909657320872,0.00155038759689922,0.00159744408945687,0.325320512820513,0.0031201248049922,0.981395348837209,0.266666666666667,0.871589085072231,0.758293838862559,0.981395348837209,0.443740095087163,0.441176470588235,0.314194577352472,0.905144694533762,0.94896331738437,0.865834633385335,0,0.86875,0.195512820512821,0.94408945686901,0.01743264659271,0.0856697819314642,0.537242472266244,0.962025316455696,0.965891472868217,0.831761006289308,0.9792663476874,0.880952380952381,0.00160771704180064,0.0863422291993721,0.659375,0.977707006369427,0.00158730158730159,0.973228346456693,0.967791411042945,0.546456692913386,0.556618819776715,0.969502407704655,0.982286634460548,0.378205128205128,0.00159744408945687,0.876923076923077,0.537974683544304,0.959083469721768,0.0205047318611987,0.958397534668721,0.980519480519481,0.981308411214953,0.936204146730462,0.557632398753894,0.0209339774557166,0.968,0.559561128526646,0.021505376344086,0.014018691588785,0.22432859399684,0.0172684458398744,0.168539325842697,0.676425269645609,0.0156494522691706,0.0247295208655332,0.0173775671406003,0.601866251944012,0.0541871921182266,0.969936708860759,0.0112540192926045,0.0174880763116057,0.0015600624024961,0.246467817896389,0.979032258064516,0.970219435736677,0.898876404494382,0.00157977883096367,0.862459546925566,0.836641221374046,0.6896,0.612341772151899,0.469648562300319,0.443740095087163,0.0109546165884194,0.980738362760835,0.108452950558214,0.703883495145631,0.949764521193093,0.0250783699059561,0.748019017432647,0.0190779014308426,0.128164556962025,0.979938271604938,0.981788079470199,0.879227053140097,0,0.644549763033175,0.872611464968153,0.00157977883096367,0.0204081632653061,0.886115444617785,0.971014492753623,0.0015552099533437,0.0171073094867807,0.015527950310559,0.969354838709677,0.870458135860979,0.0211382113821138,0.00160513643659711,0.391653290529695,0.980582524271845,0.785266457680251,0.395238095238095,0.670382165605096,0.953271028037383,0.0256,0.978090766823161,0.984177215189873,0.0206022187004754,0.965023847376789,0.979430379746835,0.955414012738854,0.977742448330684,0.190851735015773,0.327044025157233,0.310015898251192,0.968602825745683,0.921696574225122,0.0532915360501567,0.278662420382166,0.963375796178344,0.171114599686028,0.311550151975684,0.979527559055118,0.9824,0.963317384370016,0.682410423452769,0.978260869565217,0.256289308176101,0.954758190327613,0.97752808988764,0.00160513643659711,0.347222222222222,0.550632911392405,0.032967032967033,0.0559875583203732,0.0261136712749616,0.907643312101911,0.0422535211267606,0.0144,0.0015600624024961,0.238993710691824,0.978998384491115,0.0734375,0.973377703826955,0.960691823899371,0.972843450479233,0.305111821086262,0.3136,0.674603174603175,0.466557911908646,0.00153846153846154,0.811410459587956,0.0336391437308868,0.0573643410852713,0.222919937205651,0.98876404494382,0.0157232704402516,0,0.348387096774194,0.0251177394034537,0.0420032310177706,0.4770206022187,0.9792663476874,0.288025889967638,0.980456026058632,0.948717948717949,0,0.977544910179641,0.0171875,0.9828125,0.819620253164557,0.986885245901639,0.026813880126183,0.962441314553991,0.0126984126984127,0.863057324840764,0.72463768115942,0.929356357927786,0.978056426332288,0.974763406940063,0.305772230889236,0.945226917057903,0.979907264296754,0.0185471406491499,0.0414673046251994,0.985413290113452,0.9765625,0.343799058084772,0.866454689984102,0.955737704918033,0.952012383900929,0.979876160990712,0,0.129659643435981,0.979591836734694,0.0176,0,0.955555555555556,0.00805152979066022,0.0552922590837283,0.978260869565217,0.955056179775281,0.00318979266347687,0.628751974723539,0.432432432432432,0.970826580226904,0.0160771704180064,0.863711001642036,0.978998384491115,0.391025641025641,0.606973058637084,0.7872,0.0016,0.180533751962323,0.967373572593801,0.977707006369427,0.451923076923077,0.984447900466563,0.970049916805324,0.0458860759493671,0.00158730158730159,0.972350230414747,0.976114649681529,0.946688206785137,0.688271604938272,0.0253164556962025,0.8592,0.24685534591195,0.195945945945946,0.00479233226837061,0.6064,0.618441971383148,0.616719242902208,0,0.292207792207792,0.894904458598726,0.626959247648903,0.533127889060092,0.098159509202454,0.00156739811912226,0.00156494522691706,0.984894259818731,0.958204334365325,0.00157232704402516,0.916006339144215,0.00805152979066022,0.0015527950310559,0.00161030595813205,0.977564102564103,0.00155038759689922,0.980613893376414,0.767515923566879,0.525741029641186,0.981308411214953,0,0,0.97456279809221,0.947204968944099,0.718799368088468,0.0204724409448819,0.00323101777059774,0.865625,0.606299212598425,0.987179487179487,0.540498442367601,0.364069952305246,0.0015748031496063,0.968304278922345,0.0160771704180064,0.946774193548387,0.10702875399361,0,0.0290964777947933,0.117174959871589,0.491666666666667,0.9796875,0.0015748031496063,0.939814814814815,0.962848297213622,0.97933227344992,0,0.0825242718446602,0.926350245499182,0.0213114754098361,0.979397781299525,0.982998454404946,0.025,0.984051036682616,0.318681318681319,0.80564263322884,0.0321543408360129,0.190322580645161,0.960380348652932,0.0111287758346582,0.0208333333333333,0.9671875,0.0223285486443381,0.64297253634895,0.396411092985318,0.0015527950310559,0.13302034428795,0.731078904991948,0.274167987321712,0.965023847376789,0.01743264659271,0.164086687306502,0.454695222405272,0.941448382126348,0.877329192546584,0.949606299212598,0.739482200647249,0.00160771704180064,0.968895800933126,0.0182648401826484,0.948031496062992,0.399673735725938,0.0170542635658915,0.981220657276995,0.979166666666667,0.985507246376812,0.642394822006472,0.969936708860759,0.155339805825243,0.207667731629393,0.935126582278481,0.867924528301887,0.0015527950310559,0,0.990384615384615,0.927652733118971,0.031496062992126,0.9712,0.979233226837061,0.380726698262243,0.920127795527157,0.723856209150327,0.874613003095975,0.00154798761609907,0.955766192733017,0.346518987341772,0.984276729559748,0.983844911147011,0.00152671755725191,0.627009646302251,0.9584,0.0158478605388273,0.683279742765273,0.382945736434109,0.789312977099237,0.696485623003195,0.940275650842266,0.098613251155624,0.965909090909091,0.986003110419907,0.966981132075472,0.319805194805195,0.115323854660348,0.976340694006309,0.9859375,0.0046801872074883,0.774647887323944,0.469767441860465,0.269170579029734,0.76031746031746,0.979365079365079,0.877813504823151,0.98159509202454,0.127496159754224,0.0181219110378913,0.0015552099533437,0.813204508856683,0.0157977883096366,0.0157232704402516,0.284565916398714,0.00158227848101266,0.97933227344992,0.909375,0.981132075471698,0.981337480559876,0.110754414125201,0.017515923566879,0,0.00156494522691706,0.193861066235864,0.082670906200318,0.17192429022082,0,0.015748031496063,0.977848101265823,0.0188976377952756,0.313291139240506,0.980613893376414,0.590062111801242,0.957585644371941,0.675,0.655226209048362,0.00156494522691706,0.978787878787879,0.416666666666667,0.512,0.91304347826087,0.978159126365055,0.411949685534591,0.010989010989011,0.952229299363057,0.949921752738654,0.00159744408945687,0.995348837209302,0.0256410256410256,0.976744186046512,0.425806451612903,0.00158478605388273,0.00614439324116743,0.526315789473684,0.833597464342314,0.0188383045525903,0.145867098865478,0.00952380952380952,0.0032520325203252,0.735068912710567,0.0353697749196141,0.983443708609272,0.337025316455696,0.976671850699845,0.0171875,0.386292834890966,0.34185303514377,0.861842105263158,0.105348460291734,0.0219435736677116,0.00311526479750779,0.0513643659711075,0.00156494522691706,0.975232198142415,0.0507364975450082,0.973561430793157,0.0208,0.983739837398374,0.0015748031496063,0.53416149068323,0.460420032310178,0.980769230769231,0,0.98613251155624,0,0.4048,0.975270479134467,0.00155763239875389,0.6578125,0.963258785942492,0.756019261637239,0.942492012779553,0.05625,0.00158227848101266,0.979719188767551,0.264090177133655,0.00153846153846154,0.695046439628483,0.0152439024390244,0.0374414976599064,0.980769230769231,0.984051036682616,0.996894409937888,1,1,0.00157232704402516,0.957613814756672,0.0202177293934681,0.364928909952607,0.2890625,0.976489028213166,0.971061093247588,0.975270479134467,0.9734375,0.0489731437598736,0.0318471337579618,0.972039473684211,0.948598130841122,0.707086614173228,0.968798751950078,0.978193146417445,0.962085308056872,0,0.00154083204930663,0.963302752293578,0.0015600624024961,0.0830769230769231,0.00159489633173844,0.943485086342229,0.287112561174551,0.223809523809524,0.148837209302326,0.909379968203498,0.00157232704402516,0.122611464968153,0.978159126365055,0.985781990521327,0.643081761006289,0.422664624808576,0.226047904191617,0.18944099378882,0.665079365079365,0.0202177293934681,0.138364779874214,0.558917197452229,0.267496111975117,0.695852534562212,0.027027027027027,0,0.0224358974358974,0.339228295819936,0.981967213114754,0.628482972136223,0.25077399380805,0.614664586583463,0.865834633385335,0.968798751950078,0.951060358890702,0.959612277867528,0.983766233766234,0.977346278317152,0.555023923444976,0.433903576982893,0.979462875197472,0.0196671709531014,0.0276073619631902,0.861904761904762,0.0109717868338558,0.981072555205047,0.954186413902054,0,0.11620294599018,0.00160771704180064,0.947368421052632,0.00162337662337662,0.962085308056872,0.979462875197472,0.0233644859813084,0.835725677830941,0.981566820276498,0.653290529695024,0.625391849529781,0.866028708133971,0.00158478605388273,0,0.923841059602649,0.933232169954476,0.979750778816199,0,0.00158227848101266,0.0194174757281553,0.253846153846154,0.5,0.00160771704180064,0.458990536277603,0.0015552099533437,0.919672131147541,0.982315112540193,0.182985553772071,0.236842105263158,0.00153609831029186,0.351701782820097,0.602848101265823,0.845786963434022,0.953416149068323,0.774294670846395,0.0159744408945687,0.975688816855754,0.016025641025641,0.978964401294498,0.00159235668789809,0.978560490045942,0.00319488817891374,0.979099678456592,0.028892455858748,0.0225806451612903,0,0.00160513643659711,0.823712948517941,0.912762520193861,0.928571428571429,0.717829457364341,0.0367534456355283,0.0261437908496732,0.823529411764706,0.852080123266564,0.00159235668789809,0.0317965023847377,0.955696202531646,0,0.965573770491803,0.94679186228482,0.0799373040752351,0.0412698412698413,0.0174050632911392,0.978159126365055,0.469745222929936,0.0920634920634921,0.121405750798722,0.123076923076923,0.683954619124797,0.102484472049689,0.979166666666667,0.00156985871271586,0.752773375594295,0.967136150234742,0.00316957210776545,0.00156739811912226,0.0166163141993958,0.00158982511923688,0.0157728706624606,0.979750778816199,0.725779967159278,0.0178282009724473,0.0223285486443381,0.538095238095238,0.953301127214171,0.436728395061728,0.0514018691588785,0.0164744645799012,0.0545746388443018,0.0141509433962264,0.00157977883096367,0.0402576489533011,0.0246913580246914,0.0130081300813008,0.0266875981161695,0.0139318885448916,0.0522875816993464,0.059190031152648,0.0313971742543171,0.0174603174603175,0.00646203554119548,0.0253565768621236,0.0217391304347826,0.0643642072213501,0.0221870047543582,0.0173775671406003,0.0180921052631579,0.0192926045016077,0.0468497576736672,0.0242718446601942,0.0197568389057751,0.0186915887850467,0.0427892234548336,0.0182926829268293,0.01743264659271
"666",0,0,0,0,0,0,0.0143769968051118,0.00156985871271586,0,1,0,1,0,0,0,0,1,0.984051036682616,0,0,0,0,0,1,0,0,0,0.00160513643659711,0,0,0,0,0.00156494522691706,0,1,0,0.976958525345622,0,0,0,0.998425196850394,0.984567901234568,0.992150706436421,0,0,0,0,0,0,0,1,0,0,0,0.0125588697017268,0,1,0,0.00313971742543171,0,0,0,0,1,0,0,1,0,1,0,0,0,0,0,1,0.00153139356814701,0,0,0.00158730158730159,0,1,0,0,0,0,0,0,0,0.00464396284829721,0.986153846153846,0,0,1,1,0,1,0.0154798761609907,0,0.990867579908676,0.988941548183254,0.0109034267912773,1,0,0,0,0,0.987519500780031,0.00315457413249211,0,0,0,0.0141732283464567,0,0,1,0,0,1,0,0,1,0.00157232704402516,0,0,0,0,0,0,1,0.00617283950617284,0,0,0,1,0,0,1,0,0,0.0064,1,1,0,0,0,0,0,0,0,0,0,0,0,0,0,0,0,0,1,0,0.00462249614791988,0,0,1,0,0,0,0,0,0,0,0,0,0,0.00160513643659711,0,1,0,1,0,0,0,0,0,0,0,0,0,0,0,0,0,0,0.0200308166409861,1,1,0,0.998470948012232,0,0,0.0109375,0,0,0,0,0,0,0,0.00154798761609907,1,0,0,0,0,0,0.00316957210776545,0,0,0.00157232704402516,0,0,1,0,0,0,1,0,0,0.00313971742543171,0,0,0,0.01875,1,0.0138248847926267,0,0,0,0,0,0,0,0,0,0,0,0,0,0,0,0,0,0,0,0,0,0,0,0.9858934169279,0,1,0.00319488817891374,0,0,0,1,0,0.0031055900621118,0,0,0,0,0.986175115207373,0,0,0,0,0,0,0,0,0,0,0.0128,1,0,0.0159489633173844,1,0,0.0138036809815951,0.0015748031496063,1,0,0,0,0,0,1,0.0141287284144427,0,0,0,0,0,0,0,0,0,0,0,0,0,0,0,0,0.00321027287319422,0,0.952453987730061,0,0,0,0,0,0,0,0,0,0,0,0,1,0,0.00791139240506329,0,0.950769230769231,0,0,0,0,1,0,0,0,0,0,0,0,0,0,0,1,0,0,0,0,0,0,1,0,0,0,0.00307692307692308,0,0,0,0,1,0,0,0,0,0,0,0,0,0,0,0,0,0.00310077519379845,0,0,0,0,0,0,0,0,0,0,0,0,1,0,0,0,1,0,0.987301587301587,0,0,0,0.995230524642289,0.0093603744149766,0,0,0,0,0,0,0,0,1,0,0.00162074554294976,0,0,0,0,0,0.9984375,0,0,0,0,0,0.0046801872074883,0,0.0132013201320132,0.992260061919505,0,0,0,1,0,0.00155763239875389,0,0,0,1,1,0,0,1,0,0.987301587301587,1,1,0,1,0,0.00156985871271586,0.00612557427258806,0,1,1,0,0,0,0,0.996779388083736,0.0185185185185185,0,0,0,0,1,0,0,0.00156985871271586,0,1,0,0,0,0.00156494522691706,1,0,0,0,1,0,0,0,0,0,0,0,0,0,0,0.00159744408945687,0,0.987240829346092,0,0,0,0,0.0110410094637224,1,0,0.00324675324675325,0,0,0,0,0,0,0,0,0,1,0,0,0,0.00316957210776545,0,0,0,0,0,0,0,0,0,0.0139318885448916,1,1,0,0,0,0,0,0,0,0,0.0165912518853695,1,0,0.0139103554868624,0,0,1,0,0,0,0.00158730158730159,0,0,0,0,0,0.00321027287319422,0,0,0.016,0.019047619047619,0,0,0.990769230769231,0,0,0,0,0,0,0,0.860429447852761,0,1,0.0015552099533437,0,0,0,1,0,0,0,0,0,0,1,1,0,0,0,1,0,0,0.569422776911076,0,0,0.00766871165644172,0,0,0,1,0,0,0,0.00460122699386503,0,0,0.987692307692308,0,0,1,0.00151975683890578,0,0,0,1,0.989079563182527,0,0,0,0,0.9859375,0.998357963875205,0,0,0,0,0,0,0,0,0.00476190476190476,0,0,0.996870109546166,0,1,0,0.1584,0.0015015015015015,0,0,1,0,0,0,1,0,1,0,0,1,0.0184615384615385,0,0,0.00157977883096367,0,1,0,0,1,0,0,0,0,0,0,0.00476190476190476,0.00157232704402516,1,0,0.974045801526718,0.0197568389057751,0,0,0,0,0,0.902927580893683,0,0,0,0,0,0,0,1,1,0,1,0,1,0,0,0,0,0,0.9984375,0,0,0,0,0,0,0,0,0,0,0,0,0,0,1,0,0.0161812297734628,0,0.0294573643410853,0,0,0.00465116279069767,0,0.0016366612111293,0,0,0,0,0,0,0,0,0.0031201248049922,0.986217457886677,0,0,1,0,1,0,1,0,0,0,0,0,0.00158478605388273,0,0.0188383045525903,1,1,0,0,0,1,1,0,0,0,1,0,1,0,0,0.0302066772655008,0,1,0,0,0,0,0,0,0,0.900630914826498,0,1,0,0.990610328638498,0,0,0.369085173501577,1,1,0.00155038759689922,0,0.0076103500761035,0,0,0,0,0,1,0,0,1,0,0,0,0.961300309597523,0,0,0,0,0,0,0,0,0,1,0,0,0.995283018867924,1,0,1,0,0,0,0,0,0.00482315112540193,0.00470957613814757,0,0.955108359133127,0,0.905448717948718,0.978395061728395,1,0.161084529505582,0,0,0.00623052959501558,0,0.955766192733017,0.944700460829493,0,0.978227060653188,0.995145631067961,0.94811320754717,0.97112462006079,0.947286821705426,0,0.968847352024922,0,0,0.959627329192547,0,0.929339477726575,0,0.0527950310559006,0,0
"667",0.974481658692185,0.979430379746835,0.952681388012618,0.931818181818182,0.959481361426256,0.974193548387097,0.888178913738019,0.950871632329635,0.972350230414747,0,0.981481481481482,0,0.56418383518225,0.982286634460548,0.0659340659340659,0.035548686244204,0,0.0141955835962145,0.969055374592834,0.962616822429907,0.181388012618297,0.0551948051948052,0.972179289026275,0,0.940532081377152,0.26038338658147,0.1359375,0.959481361426256,0.478395061728395,0.682098765432099,0.0218068535825545,0.689274447949527,0.767772511848341,0.302839116719243,0,0.976744186046512,0.0154798761609907,0.967642526964561,0.283763277693475,0.913446676970634,0.00156494522691706,0.0153846153846154,0.0062402496099844,0.978056426332288,0.767100977198697,0.0452342487883683,0.515822784810127,0.0222929936305732,0.482496194824962,0.14854517611026,0,0.968503937007874,0.293129770992366,0.973354231974922,0.881028938906752,0.180936995153473,0,0.955414012738854,0.937984496124031,0.894080996884735,0.311145510835913,0.451713395638629,0.0253164556962025,0,0.922204213938412,0.85625,0,0.968454258675079,0,0.0206349206349206,0.844274809160305,0.0294117647058824,0.0427892234548336,0.973643410852713,0,0.721792890262751,0.0625978090766823,0.590697674418605,0.8848,0.274247491638796,0,0.698142414860681,0.211981566820276,0.975039001560062,0.133647798742138,0.892261001517451,0.97339593114241,0.948194662480377,0.942367601246106,0.00920245398773006,0.96969696969697,0.977952755905512,0,0,0.952,0,0.31937984496124,0.96411856474259,0.00784929356357928,0.00941915227629513,0.625776397515528,0,0.317307692307692,0.979299363057325,0.128682170542636,0.978827361563518,0.00789889415481832,0.952978056426332,0.0237341772151899,0.0299684542586751,0.0342679127725857,0.909379968203498,0.340625,0.972049689440994,0,0.970266040688576,0.710691823899371,0,0.0266457680250784,0.243034055727554,0,0.762360446570973,0.27639751552795,0.108626198083067,0.956043956043956,0.159442724458204,0.978361669242658,0.970358814352574,0,0.562009419152276,0.917573872472784,0.499205087440382,0.966292134831461,0,0.96474358974359,0.044822256568779,0,0.238689547581903,0.630914826498423,0.536741214057508,0,0,0.957878315132605,0.766929133858268,0.183574879227053,0.976190476190476,0.0328638497652582,0.909233176838811,0.415730337078652,0.955108359133127,0.169871794871795,0.9625,0.976114649681529,0.824921135646688,0.97196261682243,0.0222575516693164,0.973228346456693,0.0235478806907378,0,0.763406940063092,0.863565891472868,0.96411856474259,0.0419906687402799,0,0.973478939157566,0.462418300653595,0.982084690553746,0.977707006369427,0.971875,0.305555555555556,0.959438377535101,0.0252365930599369,0.931782945736434,0.0226244343891403,0.895238095238095,0.372670807453416,0,0.965571205007825,0,0.840694006309148,0.976489028213166,0.144654088050314,0.965785381026439,0.937308868501529,0.975757575757576,1,0.113207547169811,0.380804953560372,0.906050955414013,0.919685039370079,0.0828125,0.0249221183800623,0.954983922829582,0.848673946957878,0,0,0.321027287319422,0.00158478605388273,0.978361669242658,0.269406392694064,0.87800963081862,0.751937984496124,0.975155279503106,0.461778471138846,0.452566096423017,0.314606741573034,0.905448717948718,0.944178628389155,0.861154446177847,0,0.877551020408163,0.198707592891761,0.9248,0.023696682464455,0.0777604976671851,0.553654743390358,0.951104100946372,0.956259426847662,0.813291139240506,0.976452119309262,0.884984025559105,0,0.0838509316770186,0.666666666666667,0.972402597402597,0,0.964451313755796,0.967987804878049,0.561514195583596,0.548031496062992,0.965571205007825,0.978964401294498,0.384976525821596,0,0.887864823348694,0.533227848101266,0.953074433656958,0.0218408736349454,0.938366718027735,0.97588424437299,0.975039001560062,0.941362916006339,0.538940809968847,0.0223642172523962,0.950871632329635,0.534700315457413,0.0274390243902439,0.0185185185185185,0.213270142180095,0.02660406885759,0.17219589257504,0.677966101694915,0.0202492211838006,0.0251177394034537,0.0359375,0.598159509202454,0.0651828298887122,0.961722488038278,0.0110935023771791,0.0279503105590062,0,0.246835443037975,0.982484076433121,0.957345971563981,0.888540031397174,0,0.868670886075949,0.893188854489164,0.681528662420382,0.605015673981191,0.45511811023622,0.487301587301587,0.00934579439252336,0.973228346456693,0.122448979591837,0.703764320785597,0.945072697899838,0.0372670807453416,0.743348982785602,0.0283018867924528,0.14375,0.97542242703533,0.974235104669887,0.888888888888889,0,0.651162790697674,0.8848,0,0.0263565891472868,0.89060092449923,0.955625990491284,0,0.0266457680250784,0.0203442879499218,0.960254372019078,0.884057971014493,0.0212418300653595,0,0.415503875968992,0.969354838709677,0.792248062015504,0.397798742138365,0.680577849117175,0.944615384615385,0.0347003154574132,0.974960876369327,0.97456279809221,0.02660406885759,0.954758190327613,0.974803149606299,0.957413249211357,0.979559748427673,0.1859375,0.335423197492163,0.310832025117739,0.954616588419405,0.928338762214984,0.0440251572327044,0.27172195892575,0.949286846275753,0.159305993690852,0.326836581709145,0.975039001560062,0.973228346456693,0.955905511811024,0.710355987055016,0.972768532526475,0.254777070063694,0.94679186228482,0.977455716586151,0,0.341121495327103,0.557324840764331,0.0374414976599064,0.0510835913312693,0.0341085271317829,0.89922480620155,0.0438871473354232,0.0200617283950617,0,0.229938271604938,0.973101265822785,0.0849056603773585,0.966887417218543,0.947784810126582,0.96875,0.299840510366826,0.307568438003221,0.683042789223455,0.46078431372549,0,0.834123222748815,0.0368663594470046,0.0684931506849315,0.220657276995305,0.974763406940063,0.0201863354037267,0,0.361370716510903,0.0356037151702786,0.0524642289348172,0.471518987341772,0.976377952755906,0.285714285714286,0.973813420621931,0.950155763239875,0,0.968796433878158,0.0184049079754601,0.976923076923077,0.832558139534884,0.98019801980198,0.0361635220125786,0.962674961119751,0.0188383045525903,0.894819466248038,0.707865168539326,1,0.964341085271318,0.978021978021978,0.309968847352025,0.955555555555556,0.972265023112481,0.0263157894736842,0.048062015503876,0.9765625,0.975193798449612,0.334375,0.898148148148148,0.95,0.936434108527132,0.975232198142415,0,0.132471728594507,0.976708074534162,0.0253164556962025,0,0.95,0.00970873786407767,0.0657276995305164,0.976452119309262,0.950871632329635,0.00316957210776545,0.624203821656051,0.425396825396825,0.965189873417722,0.0241545893719807,0.864566929133858,0.976152623211447,0.388888888888889,0.620743034055728,0.785826771653543,0,0.178403755868545,0.953525641025641,0.979430379746835,0.450155763239875,0.978395061728395,0.953098827470687,0.0518867924528302,0.0015600624024961,0.967032967032967,0.974603174603175,0.927672955974843,0.702325581395349,0.0344287949921753,0.8625,0.258267716535433,0.194675540765391,0.0077639751552795,0.6336,0.59748427672956,0.610675039246468,0,0.308441558441558,0.894654088050314,0.645510835913313,0.527863777089783,0.0904977375565611,0,0,0.977578475336323,0.959814528593508,0,0.914596273291925,0.0110062893081761,0,0,0.973015873015873,0,0.97741935483871,0.77602523659306,0.540458015267176,0.978527607361963,0,0,0.970679012345679,0.945288753799392,0.728813559322034,0.0247678018575851,0.00318979266347687,0.88390092879257,0.611544461778471,0.974803149606299,0.530326594090202,0.353968253968254,0,0.955453149001536,0.0224358974358974,0.938808373590982,0.105095541401274,0,0.0306278713629403,0.131537242472266,0.489396411092985,0.942989214175655,0,0.931506849315068,0.962732919254658,0.970358814352574,0,0.0949367088607595,0.920454545454545,0.0261011419249592,0.972179289026275,0.974006116207951,0.0268987341772152,0.973270440251572,0.316358024691358,0.803174603174603,0.0350877192982456,0.194577352472089,0.943573667711599,0.0095389507154213,0.026984126984127,0.946153846153846,0.0303514376996805,0.666141732283465,0.404761904761905,0,0.12788906009245,0.72258064516129,0.280185758513932,0.957680250783699,0.0232919254658385,0.166666666666667,0.475409836065574,0.932721712538226,0.880733944954128,0.94770206022187,0.747980613893376,0,0.961119751166407,0.0246153846153846,0.957878315132605,0.415458937198068,0.0262345679012346,0.978125,0.974763406940063,0.974763406940063,0.628980891719745,0.96594427244582,0.161648177496038,0.216216216216216,0.924382716049383,0.867601246105919,0,0,0.971742543171115,0.924679487179487,0.0349206349206349,0.963141025641026,0.970542635658915,0.389671361502347,0.92443729903537,0.729468599033816,0.883435582822086,0,0.9515625,0.367670364500792,0.978159126365055,0.970266040688576,0,0.671406003159558,0.956239870340357,0.0254777070063694,0.675675675675676,0.386541471048513,0.799392097264438,0.69551282051282,0.939024390243902,0.099388379204893,0.96,0.978227060653188,0.961059190031153,0.325842696629214,0.115085536547434,0.974803149606299,0.978723404255319,0.00612557427258806,0.792125984251968,0.466141732283465,0.27115987460815,0.760188087774295,0.971563981042654,0.883647798742138,0.975232198142415,0.126365054602184,0.0272873194221509,0,0.818037974683544,0.0250391236306729,0.0207006369426752,0.280564263322884,0,0.970172684458399,0.894736842105263,0.969936708860759,0.972093023255814,0.103174603174603,0.0220820189274448,0,0,0.199675324675325,0.107424960505529,0.174050632911392,0,0.0206022187004754,0.975,0.0171073094867807,0.313694267515924,0.979133226324238,0.610591900311526,0.959677419354839,0.652777777777778,0.639570552147239,0,0.974358974358974,0.429712460063898,0.524486571879937,0.91271056661562,0.969278033794163,0.40809968847352,0.00796178343949045,0.9296875,0.939024390243902,0,0.945121951219512,0.046875,0.967051070840198,0.44811320754717,0,0.00933125972006221,0.537067545304778,0.832535885167464,0.0219435736677116,0.152380952380952,0.0126382306477093,0.00165016501650165,0.746585735963581,0.0423861852433281,0.976973684210526,0.336923076923077,0.970633693972179,0.0234009360374415,0.392857142857143,0.332268370607029,0.861244019138756,0.110749185667752,0.0266875981161695,0.00312989045383412,0.064,0,0.977238239757208,0.0529801324503311,0.957251908396947,0.0240384615384615,0.983974358974359,0,0.521671826625387,0.480830670926518,0.974882260596546,0,0.976780185758514,0,0.398373983739837,0.966049382716049,0,0.665634674922601,0.958730158730159,0.733870967741935,0.935064935064935,0.0572755417956656,0,0.977707006369427,0.275080906148867,0,0.6890625,0.0213414634146341,0.0428134556574924,0.971428571428571,0.971246006389776,0.968652037617555,0.952904238618524,0.957613814756672,0,1,0.024653312788906,0.377880184331797,0.299843014128728,0.97339593114241,0.973058637083994,0.97125567322239,0.9734375,0.0532915360501567,0.0363349131121643,0.967213114754098,0.938366718027735,0.726989079563182,0.955315870570108,0.976744186046512,0.955555555555556,0,0,0.967065868263473,0,0.0804953560371517,0,0.937597503900156,0.28548644338118,0.2272,0.149922720247295,0.909516380655226,0.00156985871271586,0.118564742589704,0.977848101265823,0.978159126365055,0.643192488262911,0.439461883408072,0.220720720720721,0.198484848484848,0.6384,0.0266457680250784,0.14375,0.565354330708661,0.273865414710485,0.713166144200627,0.0379746835443038,0,0.0189274447949527,0.34185303514377,0.977455716586151,0.632398753894081,0.258859784283513,0.632398753894081,0.872146118721461,0.974006116207951,0.944262295081967,0.963258785942492,0.975845410628019,0.979719188767551,0.56043956043956,0.419811320754717,0.978056426332288,0.0317220543806647,0.0349544072948328,0.865203761755486,0.00930232558139535,0.978260869565217,0.958268933539413,0,0.132165605095541,0,0.9359375,0,0.959311424100156,0.97360248447205,0.029320987654321,0.823622047244094,0.975460122699387,0.661341853035144,0.625,0.875598086124402,0,0,0.919803600654664,0.929850746268657,0.968798751950078,0,0,0.0227642276422764,0.246130030959752,0.514866979655712,0,0.446875,0,0.902325581395349,0.977671451355662,0.177952755905512,0.252336448598131,0,0.357142857142857,0.589622641509434,0.8801261829653,0.948091603053435,0.764430577223089,0.0234375,0.974358974358974,0.0174880763116057,0.979299363057325,0,0.963076923076923,0.0077639751552795,0.975845410628019,0.047244094488189,0.0192307692307692,0,0,0.813559322033898,0.915873015873016,0.917829457364341,0.71097372488408,0.0428790199081164,0.0329153605015674,0.817896389324961,0.816232771822358,0,0.0410742496050553,0.9546875,0,0.967897271268058,0.940275650842266,0.08125,0.0403100775193798,0.0251572327044025,0.973312401883831,0.466988727858293,0.0921875,0.106796116504854,0.138198757763975,0.708333333333333,0.116030534351145,0.973270440251572,0,0.784251968503937,0.961715160796325,0.00476190476190476,0,0.0261941448382126,0,0.0282574568288854,0.975077881619938,0.703099510603589,0.023961661341853,0.0173501577287066,0.551282051282051,0.931854199683043,0.455813953488372,0.043613707165109,0.0244698205546493,0.0507364975450082,0.0171339563862928,0,0.0455259026687598,0.0273972602739726,0.0255591054313099,0.0315457413249211,0.0230414746543779,0.0463258785942492,0.0513219284603421,0.0394321766561514,0.0188976377952756,0.00636942675159236,0.0264385692068429,0.0232919254658385,0.0499219968798752,0.0297339593114241,0.0186915887850467,0.0228384991843393,0.0287539936102236,0.042654028436019,0.0312989045383412,0.0201238390092879,0.0263975155279503,0.0489731437598736,0.0245022970903522,0.0285714285714286
"668",0.0253968253968254,0.0186625194401244,0.0244274809160305,0.0171606864274571,0.0220125786163522,0.0224719101123595,0.0344827586206897,0.0170542635658915,0.0242792109256449,0.972972972972973,0.0245398773006135,0.98145285935085,0.0108359133126935,0.0205371248025276,0,0,0.974358974358974,0.979559748427673,0.026813880126183,0.0213414634146341,0.00308641975308642,0,0.0199081163859112,0.977307110438729,0.0185185185185185,0.00459418070444104,0.0062402496099844,0.0267716535433071,0.00458015267175573,0.0108527131782946,0,0.0123456790123457,0.0156739811912226,0.00615384615384615,0.975572519083969,0.028125,0.965045592705167,0.0274809160305344,0.00297619047619048,0.0255255255255255,0.982866043613707,0.97869101978691,0.987897125567322,0.0141955835962145,0.0144927536231884,0,0.00782472613458529,0,0.00750750750750751,0.00148809523809524,0.972602739726027,0.0220125786163522,0.00617283950617284,0.0216049382716049,0.037037037037037,0,0.976190476190476,0.0268562401263823,0.0260336906584992,0.0151975683890578,0.00766871165644172,0.00460122699386503,0,0.979462875197472,0.01875,0.0186915887850467,0.973926380368098,0.0236593059936909,0.980030721966206,0,0.0165912518853695,0,0,0.0212121212121212,0.977341389728097,0.00923076923076923,0.00153846153846154,0.0153374233128834,0.0204724409448819,0.00327332242225859,0.974960876369327,0.00916030534351145,0.00302571860816944,0.0215384615384615,0.00155763239875389,0.0196671709531014,0.0228310502283105,0.0197268588770865,0.0235849056603774,0.989505247376312,0.0199692780337942,0.0215384615384615,0.978260869565217,0.978395061728395,0.0204081632653061,0.97542242703533,0.0231481481481481,0.0214723926380368,0.980091883614089,0.984567901234568,0.0234375,0.974242424242424,0.0031055900621118,0.0220472440944882,0,0.0241545893719807,0.987441130298273,0.0232919254658385,0,0,0,0.037037037037037,0.00311526479750779,0.0261538461538462,0.977777777777778,0.0246153846153846,0.010752688172043,0.974164133738602,0,0.0031496062992126,0.980182926829268,0.0171073094867807,0.0046583850931677,0.00157977883096367,0.0233281493001555,0.00155763239875389,0.0197568389057751,0.0182094081942337,0.973684210526316,0.018348623853211,0.021671826625387,0.010989010989011,0.0172143974960876,0.978428351309707,0.023696682464455,0,0.978494623655914,0.00154320987654321,0.00777604976671851,0.0173775671406003,0.978021978021978,0.985826771653543,0.024390243902439,0.0137614678899083,0.00159744408945687,0.0185185185185185,0,0.0153609831029186,0.00313479623824451,0.0209267563527653,0.00158227848101266,0.021671826625387,0.0235109717868339,0.0169753086419753,0.0184899845916795,0,0.0217054263565891,0,0.975460122699387,0.0153374233128834,0.0273141122913505,0.018348623853211,0,0.978787878787879,0.0214395099540582,0.00636942675159236,0.0207336523125997,0.0230414746543779,0.0154083204930663,0.0076103500761035,0.021505376344086,0,0.0181543116490166,0,0.0205371248025276,0.00455927051671732,0.979591836734694,0.0217391304347826,0.983206106870229,0.0137614678899083,0.0261941448382126,0.00156739811912226,0.0197268588770865,0.0230061349693252,0.0194029850746269,0.021505376344086,0,0.00604229607250755,0.0144694533762058,0.015748031496063,0.00154559505409583,0,0.0219435736677116,0.0477657935285054,0.977134146341463,0.976708074534162,0.00465116279069767,0.978395061728395,0.0197869101978691,0.00303030303030303,0.0357142857142857,0.015220700152207,0.024132730015083,0.0046583850931677,0.00460829493087558,0.00626959247648903,0.0201863354037267,0.021875,0.0186915887850467,0.975193798449612,0.0184331797235023,0.00317965023847377,0.019047619047619,0,0,0.0093603744149766,0.0246913580246914,0.0229709035222052,0.0170542635658915,0.0243531202435312,0.0186625194401244,0.978260869565217,0,0.00757575757575758,0.021875,0.975077881619938,0.0210843373493976,0.0225225225225225,0.0153846153846154,0.0139103554868624,0.025,0.0221169036334913,0.0245775729646697,0.974481658692185,0.037593984962406,0.00306748466257669,0.0203761755485893,0,0.0198170731707317,0.0264385692068429,0.0198776758409786,0.0201238390092879,0.00917431192660551,0,0.0204081632653061,0.0107033639143731,0,0,0.00154798761609907,0,0.00156985871271586,0.00452488687782805,0,0,0,0.00757575757575758,0.00157232704402516,0.018957345971564,0.99211356466877,0,0.981424148606811,0.00628930817610063,0.01875,0.0184049079754601,0.0199692780337942,0.981623277182236,0.0172684458398744,0.0196078431372549,0.0139318885448916,0.00309597523219814,0.00938967136150235,0.009375,0.987577639751553,0.0234009360374415,0.00150375939849624,0.0112721417069243,0.0216383307573416,0,0.0123647604327666,0,0,0.0213740458015267,0.0241157556270096,0.0380952380952381,0.973094170403587,0.00454545454545455,0.0434108527131783,0.976780185758514,0,0.0411585365853659,0.0268562401263823,0.974436090225564,0,0,0.0205696202531646,0.0157728706624606,0,0.975039001560062,0.0217391304347826,0.0236593059936909,0.013595166163142,0.0078125,0.0109375,0.0211800302571861,0,0.0242424242424242,0.0245775729646697,0,0.0184049079754601,0.0200927357032458,0.0188976377952756,0.0230769230769231,0,0.00914634146341463,0.00462249614791988,0.0171606864274571,0.0191693290734824,0.949308755760369,0.00309119010819165,0.0230769230769231,0.00153609831029186,0.003003003003003,0.0250391236306729,0.026813880126183,0.0216383307573416,0.00625,0.0240601503759399,0.00156494522691706,0.0199386503067485,0.0205696202531646,0.978428351309707,0.00763358778625954,0.0190174326465927,0,0.949618320610687,0,0.0184049079754601,0.00152671755725191,0,0.974320241691843,0.00151745068285281,0.0261538461538462,0,0.0238095238095238,0.0218408736349454,0.0221518987341772,0.00470219435736677,0.00484652665589661,0.0124223602484472,0.00483091787439614,0.977134146341463,0.0201550387596899,0.00151745068285281,0,0,0.0251572327044025,0,0.975384615384615,0.00762195121951219,0,0,0.0138036809815951,0.0263565891472868,0.00313479623824451,0.0174603174603175,0.0219435736677116,0.978227060653188,0.0133729569093611,0,0.0239880059970015,0.0156494522691706,0.0222575516693164,0,0.0179910044977511,0,0.0234741784037559,0.0141065830721003,0.0212443095599393,0.0259146341463415,0.026813880126183,0.0031055900621118,0.0248833592534992,0.0254110612855007,0,0.00306748466257669,0.0217054263565891,0.0168970814132104,0.00307219662058372,0.0230769230769231,0.0223642172523962,0.0183206106870229,0.0278207109737249,0.976452119309262,0,0.02,0,0.976816074188563,0.0217729393468118,0.987281399046105,0.0015527950310559,0.0212443095599393,0.0233644859813084,0.98740157480315,0.0216049382716049,0.0078125,0.0265210608424337,0,0.0171875,0.0207006369426752,0.00470219435736677,0.00610687022900763,0.012326656394453,0.976525821596244,0.0031201248049922,0.0238095238095238,0.0231481481481481,0.0077639751552795,0.0244648318042813,0.0294599018003273,0,0.978021978021978,0.0229007633587786,0.0201863354037267,0.0138888888888889,0.0105105105105105,0,0.0248833592534992,0.00762195121951219,0.0161550888529887,0.987841945288754,0.0141509433962264,0.0109204368174727,0.0121580547112462,0.978361669242658,0.004739336492891,0.0233281493001555,0.0152439024390244,0.00451127819548872,0,0.978723404255319,0.981845688350983,0.0221565731166913,0.0197568389057751,0.977341389728097,0.015552099533437,0.990625,0.981762917933131,0.973143759873618,0.0245775729646697,0.978851963746224,0.0208333333333333,0.0123839009287926,0.0148809523809524,0.0242057488653555,0.9808,0.975,0.0216049382716049,0.0180995475113122,0.013719512195122,0,0.982371794871795,0.0454545454545455,0.00757575757575758,0.0277777777777778,0.0121951219512195,0.0015552099533437,0.980152671755725,0.0198170731707317,0,0.0253565768621236,0.00156985871271586,0.980273141122914,0,0.0015527950310559,0.00814332247557003,0.0199386503067485,0.975460122699387,0.0196374622356495,0.0229357798165138,0.0226586102719033,0.984472049689441,0,0.0210696920583468,0,0.0258751902587519,0.0182094081942337,0,0.0230414746543779,0.00461538461538462,0.0138036809815951,0,0.00471698113207547,0.0185471406491499,1,0,0.0230414746543779,0,0.009375,0.0172143974960876,0.974045801526718,0.00153139356814701,0.0204724409448819,0.00308641975308642,0.0245022970903522,0,0.00303951367781155,0.00645161290322581,0.0105580693815988,0.0182926829268293,0.0183206106870229,0.0157728706624606,0.977917981072555,0.0231124807395994,0,0.0202492211838006,0.0110410094637224,0,0.0259541984732824,0.018957345971564,0.0202492211838006,0.00938967136150235,0.0214067278287462,0.0015527950310559,0.00312989045383412,0.0212443095599393,0.0335365853658537,0.978625954198473,0.976816074188563,0.015748031496063,0.0188679245283019,0,0.025,0.021671826625387,0.00310077519379845,0.0188976377952756,0.0094488188976378,0.0411585365853659,0.978851963746224,0.0231839258114374,0.0216049382716049,0.0217729393468118,0.0186625194401244,0.980797636632201,0.0155763239875389,0.0191082802547771,0,0.014218009478673,0.00462249614791988,0.0150375939849624,0.0125195618153365,0.0182094081942337,0,0.0285714285714286,0.0229709035222052,0.0213414634146341,0.0204724409448819,0.025,0.0233281493001555,0.0182094081942337,0.986342943854325,0.0138674884437596,0.00924499229583975,0.00154083204930663,0.0138248847926267,0.0245398773006135,0.0186335403726708,0.0215384615384615,0.759090909090909,0,0.977272727272727,0.012326656394453,0,0,0.00155763239875389,0.987596899224806,0.0184331797235023,0.013677811550152,0.0230769230769231,0.0196078431372549,0,0,0.974626865671642,0.976744186046512,0.0015748031496063,0.00156739811912226,0.00308641975308642,0.975384615384615,0,0.0214067278287462,0.56793893129771,0.0046656298600311,0.0174880763116057,0.0196671709531014,0.0219092331768388,0.0091324200913242,0.0121951219512195,0.978494623655914,0.0236686390532544,0.00467289719626168,0.0062992125984252,0.0285285285285285,0.0214067278287462,0.00615384615384615,0.983257229832572,0.0231481481481481,0.0197568389057751,0.981366459627329,0.0256024096385542,0.0015527950310559,0.022508038585209,0.00613496932515337,0.981424148606811,0.990726429675425,0.00480769230769231,0.0108695652173913,0,0,0.987692307692308,0.977491961414791,0.0150829562594268,0,0.022508038585209,0.00457317073170732,0.0257575757575758,0,0.0062015503875969,0.0062992125984252,0.0252365930599369,0,0,0.98297213622291,0.00156739811912226,0.975270479134467,0.0213089802130898,0.158064516129032,0.0208643815201192,0,0.0206022187004754,0.977409638554217,0.0106382978723404,0.00784929356357928,0.0215716486902928,0.976489028213166,0.0257966616084977,0.981220657276995,0.00479233226837061,0.0242424242424242,0.978723404255319,0.0364741641337386,0.0220820189274448,0.0124223602484472,0.0159235668789809,0,0.975270479134467,0.0203125,0,0.977203647416413,0.0137614678899083,0,0,0.0173775671406003,0.0217729393468118,0.0229007633587786,0.0263157894736842,0.0202177293934681,0.974045801526718,0.024653312788906,1,0.0273141122913505,0.00309597523219814,0.0184331797235023,0.021505376344086,0.0224887556221889,0.0261136712749616,0.902927580893683,0,0.0210016155088853,0.016793893129771,0.0180722891566265,0.0245022970903522,0.0182926829268293,0.0227963525835866,0.975497702909648,0.977272727272727,0.0236336779911374,0.972768532526475,0,0.979655712050078,0.0200927357032458,0.00318471337579618,0.0061633281972265,0.00152439024390244,0.0203125,0.975572519083969,0,0.0246913580246914,0.0261941448382126,0.00470219435736677,0.00445765230312036,0.00147710487444609,0.00150829562594268,0.0110062893081761,0,0.00309597523219814,0.00625,0.00154798761609907,0.0182648401826484,0,0.973478939157566,0,0.0217391304347826,0.0205696202531646,0.0497667185069984,0.00299850074962519,0.0122324159021407,0.0249221183800623,0.0224887556221889,0.0274636510500808,0.023696682464455,0.0204724409448819,0.0187207488299532,0.00462249614791988,0.00606980273141123,0.0231481481481481,0,0,0.0214067278287462,1,0.0211480362537764,0.0214067278287462,0.981366459627329,0,0.976708074534162,0.0155038759689922,0.980982567353407,0.0197568389057751,0.0217391304347826,0,0.0169491525423729,0.024132730015083,0.00940438871473354,0.00602409638554217,0.0419906687402799,0.977272727272727,0.976340694006309,0.0176848874598071,0.0103703703703704,0.0168195718654434,0.978978978978979,0.978527607361963,0,0.00151745068285281,0.0107033639143731,0.978461538461538,0.00308641975308642,0.980122324159021,0.0252764612954186,0.0171339563862928,0.0315457413249211,0.00305810397553517,0.979073243647235,0.00632911392405063,0.0108024691358025,0.0216049382716049,0.0166414523449319,0.0108695652173913,0,0.0236220472440945,0.876175548589342,0.0251177394034537,0.982704402515723,0.0212765957446809,0.987654320987654,0.0236220472440945,0,0.370716510903427,0.978560490045942,0.982704402515723,0.0168453292496172,0.0172955974842767,0.0342261904761905,0.0135542168674699,0,0,0.0138674884437596,0.0194610778443114,0.976452119309262,0,0.0234375,0.983024691358025,0.0254372019077901,0.0199692780337942,0.00154320987654321,0.955108359133127,0,0.0245775729646697,0.0062402496099844,0,0,0,0.0141509433962264,0.00153139356814701,0.0188383045525903,0.976958525345622,0.0174603174603175,0.0228310502283105,0.984423676012461,0.978021978021978,0,0.981395348837209,0,0.0229357798165138,0.0128,0,0,0.014018691588785,0.0277777777777778,0.0060882800608828,0.94954128440367,0,0.893141945773525,0.956923076923077,0.973643410852713,0.154574132492114,0,0,0.00460122699386503,0,0.959183673469388,0.946646341463415,0,0.958397534668721,0.979527559055118,0.934984520123839,0.958904109589041,0.944869831546707,0,0.94954128440367,0,0,0.955038759689922,0,0.910876132930514,0,0.0476190476190476,0,0
"669",0.358139534883721,0.361280487804878,0.370992366412214,0.390749601275917,0.350793650793651,0.354531001589825,0.447852760736196,0.37173579109063,0.335347432024169,0.0173775671406003,0.34,0.0185471406491499,0.592248062015504,0.34748427672956,0.644961240310078,0.649691358024691,0.0211480362537764,0.0261538461538462,0.365203761755486,0.358024691358025,0.773846153846154,0.629570747217806,0.354642313546423,0.0211800302571861,0.387247278382582,0.622670807453416,0.682588597842835,0.348171701112878,0.668154761904762,0.541284403669725,0.638591117917305,0.579754601226994,0.517940717628705,0.613003095975232,0.0200308166409861,0.337442218798151,0.0393939393939394,0.330757341576507,0.799701046337818,0.402777777777778,0.0202492211838006,0.0199386503067485,0.0275229357798165,0.334379905808477,0.50788643533123,0.643987341772152,0.565830721003135,0.63020030816641,0.63963963963964,0.665653495440729,0.0214067278287462,0.345736434108527,0.721792890262751,0.348694316436252,0.46551724137931,0.668217054263566,0.0190174326465927,0.373801916932907,0.371165644171779,0.429438543247344,0.616564417177914,0.661016949152542,0.641955835962145,0.019047619047619,0.43581616481775,0.503058103975535,0.0214723926380368,0.347758887171561,0.0182648401826484,0.619496855345912,0.40763358778626,0.630094043887147,0.661042944785276,0.341984732824427,0.0184899845916795,0.572289156626506,0.653846153846154,0.593893129770992,0.448818897637795,0.638157894736842,0.0204081632653061,0.538694992412747,0.648401826484018,0.344086021505376,0.673748103186646,0.428353658536585,0.350689127105666,0.362095531587057,0.352220520673813,0.0213089802130898,0.360062893081761,0.331804281345566,0.0186915887850467,0.0168711656441718,0.36405529953917,0.01875,0.976816074188563,0.358118361153263,0.018348623853211,0.0220472440944882,0.746153846153846,0.021671826625387,0.807874015748032,0.335403726708075,0.732223903177005,0.34384858044164,0.021671826625387,0.368098159509202,0.640378548895899,0.640432098765432,0.642089093701997,0.437888198757764,0.637636080870918,0.341426403641882,0.0172955974842767,0.361573373676248,0.565687789799073,0.0183767228177642,0.645896656534954,0.651702786377709,0.0166666666666667,0.535384615384615,0.820754716981132,0.647798742138365,0.360182370820669,0.674347158218126,0.339477726574501,0.349085365853659,0.0218068535825545,0.806697108066971,0.410493827160494,0.615506329113924,0.357142857142857,0.0184615384615385,0.350961538461538,0.641768292682927,0.0186046511627907,0.81259842519685,0.52093023255814,0.844094488188976,0.0170807453416149,0.0205047318611987,0.366614664586583,0.539291217257319,0.664566929133858,0.333850931677019,0.630265210608424,0.409509202453988,0.599683544303797,0.341389728096677,0.771929824561403,0.353582554517134,0.344287949921753,0.449768160741886,0.344615384615385,0.618012422360248,0.34984520123839,0.63312693498452,0.010590015128593,0.572981366459627,0.469325153374233,0.35981308411215,0.64741641337386,0.02,0.333839150227618,0.622641509433962,0.339652448657188,0.350850077279753,0.338368580060423,0.602118003025719,0.353566009104704,0.643410852713178,0.381305637982196,0.644478063540091,0.440758293838863,0.615384615384615,0.0187207488299532,0.352484472049689,0.0136570561456753,0.43778801843318,0.347626339969372,0.656739811912226,0.353566009104704,0.390648567119155,0.351988217967599,0.370257966616085,0.673913043478261,0.619266055045872,0.4064,0.421216848673947,0.656298600311042,0.637059724349158,0.36547433903577,0.481538461538462,0.0151745068285281,0.0216383307573416,0.848200312989045,0.0199081163859112,0.340978593272171,0.647328244274809,0.465408805031447,0.493233082706767,0.351145038167939,0.781487101669196,0.62095531587057,0.82472613458529,0.364341085271318,0.366197183098592,0.444444444444444,0.0189274447949527,0.436555891238671,0.807324840764331,0.375987361769352,0.643518518518518,0.657616892911011,0.810185185185185,0.356923076923077,0.373676248108926,0.481308411214953,0.338368580060423,0.451463790446841,0.0186335403726708,0.651234567901235,0.586102719033233,0.344773790951638,0.0186625194401244,0.349013657056146,0.353293413173653,0.801223241590214,0.538109756097561,0.355828220858896,0.349056603773585,1,0.0208667736757624,0.435045317220544,0.615267175572519,0.362619808306709,0.637329286798179,0.367692307692308,0.343213728549142,0.338485316846986,0.376175548589342,0.56797583081571,0.650695517774343,0.362928348909657,0.561349693251534,0.634472511144131,0.637313432835821,0.608359133126935,0.62095531587057,0.762204724409449,0.619909502262443,0.623853211009174,0.646697388632873,0.639517345399698,0.737404580152672,0.63166144200627,0.363777089783282,0.021978021978022,0.633435582822086,0.0214395099540582,0.854199683042789,0.360629921259843,0.344667697063369,0.393846153846154,0.0180995475113122,0.462025316455696,0.460587326120556,0.548837209302326,0.578294573643411,0.622874806800618,0.603149606299213,0.0211800302571861,0.331775700934579,0.722727272727273,0.570274636510501,0.360681114551084,0.651376146788991,0.554012345679012,0.643730886850153,0.644042232277526,0.356287425149701,0.341384863123994,0.449206349206349,0.0194902548725637,0.67737003058104,0.454968944099379,0.0231124807395994,0.63914373088685,0.428998505231689,0.356589147286822,0.0154320987654321,0.660030627871363,0.641421947449768,0.349056603773585,0.457463884430177,0.643192488262911,0.0170807453416149,0.98780487804878,0.346518987341772,0.556060606060606,0.617511520737327,0.621495327102804,0.364457831325301,0.638759689922481,0.338880484114977,0.343511450381679,0.635384615384615,0.380368098159509,0.346213292117465,0.384375,0.345736434108527,0.669266770670827,0.712349397590361,0.815100154083205,0.36608557844691,0.395604395604396,0.036697247706422,0.646322378716745,0.376360808709176,0.661016949152542,0.639517345399698,0.34703196347032,0.344339622641509,0.36687306501548,0.59170653907496,0.340393343419062,0.645962732919255,0.375384615384615,0.345736434108527,0.0184331797235023,0.717791411042945,0.826771653543307,0.652241112828439,0.0379362670713202,0.63013698630137,0.403697996918336,0.644615384615385,0.640672782874618,0.0165413533834586,0.671802773497689,0.353218210361067,0.671232876712329,0.360128617363344,0.381026438569207,0.350689127105666,0.840694006309148,0.840764331210191,0.558502340093604,0.584142394822006,0.0184049079754601,0.492283950617284,0.642105263157895,0.629349470499244,0.773006134969325,0.333333333333333,0.652373660030628,0.0168195718654434,0.729230769230769,0.650231124807396,0.659442724458204,0.5921875,0.347826086956522,0.63265306122449,0.343548387096774,0.368421052631579,0.0180722891566265,0.347696879643388,0.638591117917305,0.355725190839695,0.493087557603687,0.353503184713376,0.659409020217729,0.371559633027523,0.635658914728682,0.41875,0.540284360189573,0.400907715582451,0.375191424196018,0.349768875192604,0.797872340425532,0.371695178849145,0.334332833583208,0.648367952522255,0.649847094801223,0.3328173374613,0.340062111801242,0.631498470948012,0.419452887537994,0.361736334405145,0.387345679012346,0.333333333333333,0.0186046511627907,0.644444444444444,0.342064714946071,0.638629283489097,0.0235478806907378,0.370542635658915,0.0220125786163522,0.638629283489097,0.339393939393939,0.371695178849145,0.0217729393468118,0.761978361669243,0.598755832037325,0.37111801242236,0.630914826498423,0.426791277258567,0.345971563981043,0.69242658423493,0.698924731182796,0.491392801251956,0.015552099533437,0.799684542586751,0.347417840375587,0.346153846153846,0.595454545454545,0.337386018237082,0.338788870703764,0.646417445482866,0.0138036809815951,0.354838709677419,0.359253499222395,0.391975308641975,0.547400611620795,0.657935285053929,0.470404984423676,0.655436447166922,0.845528455284553,0.0245775729646697,0.577287066246057,0.585403726708075,0.598774885145482,0.0181818181818182,0.659235668789809,0.422360248447205,0.553030303030303,0.583717357910906,0.632200886262925,0.018018018018018,0.0195488721804511,0.336795252225519,0.363499245852187,0.0139968895800933,0.41304347826087,0.0171606864274571,0.0150602409638554,0.0172143974960876,0.3453125,0.0168970814132104,0.372019077901431,0.565548780487805,0.810240963855422,0.343465045592705,0.0188087774294671,0.0172413793103448,0.3375,0.380952380952381,0.564885496183206,0.649468892261001,0.0188976377952756,0.467374810318665,0.712121212121212,0.343076923076923,0.5662100456621,0.63452566096423,0.0186335403726708,0.366153846153846,0.651419558359621,0.392125984251968,0.637209302325581,0.0198170731707317,0.63499245852187,0.672281776416539,0.5810147299509,0.363774733637747,0.016793893129771,0.400302114803625,0.368098159509202,0.331804281345566,0.0230769230769231,0.644961240310078,0.378812199036918,0.650563607085346,0.336890243902439,0.336377473363775,0.637636080870918,0.330757341576507,0.836702954898911,0.518237082066869,0.641744548286604,0.778129952456418,0.378086419753086,0.0232919254658385,0.642748091603053,0.370257966616085,0.648648648648649,0.599056603773585,0.597503900156006,0.0198776758409786,0.667687595712098,0.5234375,0.835130970724191,0.357361963190184,0.633587786259542,0.666666666666667,0.623003194888179,0.385074626865672,0.427921092564492,0.383045525902669,0.52099533437014,0.0200617283950617,0.34947049924357,0.645015105740181,0.352395672333849,0.888357256778309,0.651057401812689,0.335365853658537,0.351097178683386,0.325396825396825,0.513846153846154,0.347626339969372,0.753125,0.797191887675507,0.391705069124424,0.462962962962963,0.0149476831091181,0.0153609831029186,0.344827586206897,0.374608150470219,0.648902821316614,0.368258859784284,0.353941267387944,0.845679012345679,0.388976377952756,0.5890625,0.450229709035222,0.021021021021021,0.359013867488444,1,0.344667697063369,0.33953488372093,0.0181818181818182,0.595645412130638,0.371875,0.634674922600619,0.558502340093604,0.605783866057839,0.477544910179641,0.547318611987382,0.376506024096386,0.657657657657658,0.355905511811024,0.350850077279753,0.369230769230769,0.9792,0.7442218798151,0.334351145038168,0.343939393939394,0.0201550387596899,0.528963414634146,0.635258358662614,0.644961240310078,0.507692307692308,0.346333853354134,0.422600619195046,0.335375191424196,0.227342549923195,0.627980922098569,0.0184899845916795,0.5,0.639498432601881,0.64,0.647515527950311,0.0198170731707317,0.367283950617284,0.412746585735964,0.351309707241911,0.354545454545455,0.654631083202512,0.644757433489828,0.0194610778443114,0.0169753086419753,0.774294670846395,0.658267716535433,0.653188180404355,0.016793893129771,0.626139817629179,0.340458015267176,0.282874617737003,0.853620955315871,0.358490566037736,0.7782874617737,0.37914691943128,0.568992248062016,0.588673621460507,0.02,0.343567251461988,0.818181818181818,0.782407407407407,0.43267776096823,0.347626339969372,0.713201820940819,0.0230414746543779,0.383540372670807,0.389140271493213,0.0183767228177642,0.361319340329835,0.64624808575804,0.358766233766234,0.614329268292683,0.0167173252279635,0.0216049382716049,0.768233387358185,0.499219968798752,0.637345679012346,0.666141732283465,0.0233281493001555,0.0157232704402516,0.503003003003003,0.649612403100775,0.337559429477021,0.648036253776435,0.346846846846847,0.637329286798179,0.598173515981735,0.619122257053291,0.464678178963893,0.688498402555911,0.648773006134969,0.0205371248025276,0.6453125,0.0169230769230769,0.355223880597015,0.597444089456869,0.360655737704918,0.642526964560863,0.356012658227848,0.0199081163859112,0.583206106870229,0.643423137876387,0.348228043143297,0.0158478605388273,0.350983358547655,0.0183767228177642,0.634920634920635,0.358433734939759,0.0213414634146341,0.726858877086495,0.345679012345679,0.453978159126365,0.386581469648562,0.650842266462481,0.0217054263565891,0.337962962962963,0.636505460218409,0.0194319880418535,0.584732824427481,0.631892697466468,0.641538461538462,0.334379905808477,0.34748427672956,0.348024316109422,0.354294478527607,0.364928909952607,0.0197568389057751,0.377880184331797,0.0273141122913505,1,0.630630630630631,0.350230414746544,0.349230769230769,0.351515151515152,0.34715821812596,0.0948012232415902,0.665116279069767,0.360576923076923,0.380152671755725,0.546850998463902,0.354103343465046,0.337984496124031,0.380368098159509,0.0196078431372549,0.0212765957446809,0.356508875739645,0.0136157337367625,0.643292682926829,0.0184899845916795,0.394126738794436,0.641185647425897,0.653481012658228,0.6797583081571,0.398449612403101,0.0198776758409786,0.7357910906298,0.345565749235474,0.345679012345679,0.580996884735203,0.785394932935917,0.65922619047619,0.634703196347032,0.516431924882629,0.634848484848485,0.638461538461538,0.767550702028081,0.643302180685358,0.551987767584098,0.642414860681115,0.0172955974842767,0.65,1,0.338141025641026,0.724615384615385,0.816964285714286,0.574303405572755,0.475460122699386,0.364471669218989,0.382636655948553,0.341158059467919,0.352201257861635,0.357698289269051,0.580996884735203,0.59472049689441,0.347094801223242,0.661654135338346,0.653673163418291,0.450920245398773,0.0228658536585366,0.339939024390244,0.347222222222222,0.0205371248025276,0.69701726844584,0.0184899845916795,0.370942812982998,0.0189873417721519,0.365558912386707,0.337404580152672,0.643504531722054,0.474809160305344,0.332833583208396,0.683641975308642,0.659574468085106,0.474339035769829,0.0184331797235023,0.0185185185185185,0.400641025641026,0.399122807017544,0.36517719568567,0.0210526315789474,0.0167427701674277,0.636507936507936,0.640601503759399,0.58887171561051,0.0201550387596899,0.621495327102804,0.0181543116490166,0.385826771653543,0.341614906832298,0.739811912225705,0.644578313253012,0.0165165165165165,0.631578947368421,0.55,0.42967542503864,0.382530120481928,0.557603686635945,0.642313546423135,0.365506329113924,0.0778816199376947,0.354430379746835,0.0171339563862928,0.349924585218703,0.0248062015503876,0.339144215530903,0.641860465116279,0.425196850393701,0.0151745068285281,0.0154083204930663,0.477794793261868,0.404458598726115,0.395061728395062,0.547112462006079,0.653673163418291,0.645865834633385,0.433384379785605,0.401492537313433,0.0156739811912226,0.638461538461538,0.36547433903577,0.0122137404580153,0.357366771159875,0.378834355828221,0.650231124807396,0.031866464339909,0.632558139534884,0.343465045592705,0.589341692789969,0.632970451010886,0.656645569620253,0.644961240310078,0.567398119122257,0.663636363636364,0.352112676056338,0.0216383307573416,0.561014263074485,0.34789156626506,0.025,0.0201550387596899,0.647234678624813,0.013953488372093,0.638591117917305,0.342943854324734,0.527733755942948,0.648148148148148,0.634108527131783,0.792890262751159,0.3875,0.669230769230769,0.0365296803652968,0.643856920684292,0.07981220657277,0.0352220520673813,0.01875,0.563271604938272,0.631818181818182,0.628304821150855,0.650914634146341,0.639393939393939,0.0283464566929134,0.036697247706422,0.638888888888889,0.0294573643410853,0.0222929936305732,0.0631741140215717,0.0364741641337386,0.0338461538461538,0.650769230769231,0.0446841294298921,0.635930047694754,0.649206349206349,0.0277349768875193,0.633996937212864,0.0700152207001522,0.642965204236006,0.622848200312989,0.645645645645646,0.628125
"670",0.282258064516129,0.284829721362229,0.313664596273292,0.345104333868379,0.293185419968304,0.284578696343402,0.360189573459716,0.306376360808709,0.300925925925926,0,0.285714285714286,0,0.582298136645963,0.270142180094787,0.74414976599064,0.723172628304821,0,0.00158478605388273,0.283227848101266,0.304347826086957,0.710485133020344,0.725521669341894,0.298165137614679,0,0.312401883830455,0.663026521060842,0.707278481012658,0.280898876404494,0.606060606060606,0.535493827160494,0.719512195121951,0.555382215288612,0.478806907378336,0.637795275590551,0,0.292569659442724,0.013719512195122,0.286158631415241,0.720610687022901,0.333843797856049,0,0,0,0.275752773375594,0.448387096774194,0.751974723538705,0.582159624413146,0.716744913928013,0.704204204204204,0.700152207001522,0,0.280757097791798,0.674884437596302,0.277349768875193,0.3546875,0.885895404120444,0,0.312599681020734,0.315870570107858,0.387944358578053,0.648985959438378,0.601255886970173,0.716772151898734,0,0.363924050632911,0.412307692307692,0,0.307332293291732,0,0.70859872611465,0.378670788253478,0.727975270479134,0.732283464566929,0.290076335877863,0,0.516079632465544,0.729071537290715,0.587057010785824,0.379585326953748,0.95253682487725,0,0.512345679012346,0.701834862385321,0.274961597542243,0.709677419354839,0.374613003095975,0.281972265023112,0.312111801242236,0.310344827586207,0,0.288372093023256,0.280185758513932,0,0,0.307936507936508,0,0.654263565891473,0.304212168486739,0,0,0.531152647975078,0,0.706161137440758,0.280314960629921,0.709090909090909,0.286168521462639,0,0.302180685358255,0.713153724247227,0.73186119873817,0.716923076923077,0.340694006309148,0.874015748031496,0.293103448275862,0,0.302180685358255,0.515673981191223,0,0.722480620155039,0.747648902821317,0,0.482758620689655,0.686427457098284,0.72168284789644,0.306477093206951,0.698484848484848,0.280185758513932,0.283048211508554,0,0.572317262830482,0.351648351648352,0.585987261146497,0.295055821371611,0,0.271875,0.720247295208655,0,0.698738170347003,0.529225908372828,0.565217391304348,0,0,0.304347826086957,0.4770206022187,0.67879746835443,0.284603421461897,0.707865168539326,0.355038759689922,0.840764331210191,0.300455235204856,0.71656050955414,0.296124031007752,0.278662420382166,0.419656786271451,0.290171606864275,0.701923076923077,0.280125195618153,0.713841368584759,0,0.483568075117371,0.382488479262673,0.308411214953271,0.739197530864197,0,0.278033794162826,0.66347687400319,0.278768233387358,0.277519379844961,0.266975308641975,0.640672782874618,0.304482225656878,0.719435736677116,0.334341906202723,0.732415902140673,0.379310344827586,0.657935285053929,0,0.28414442700157,0,0.403697996918336,0.291021671826625,0.719435736677116,0.288819875776398,0.342549923195084,0.268882175226586,0.294027565084227,0.827906976744186,0.850077279752705,0.358520900321543,0.325878594249201,0.715596330275229,0.712749615975422,0.293563579277865,0.391640866873065,0,0,0.678233438485804,0,0.27906976744186,0.885496183206107,0.375394321766562,0.458786936236392,0.289833080424886,0.619496855345912,0.592085235920852,0.680379746835443,0.358695652173913,0.312989045383412,0.393241167434716,0,0.368663594470046,0.720190779014308,0.353870458135861,0.71608832807571,0.697852760736196,0.557120500782473,0.293023255813953,0.294930875576037,0.446540880503145,0.280125195618153,0.380348652931854,0,0.698608964451314,0.506891271056662,0.28391167192429,0,0.279569892473118,0.283987915407855,0.561320754716981,0.686427457098284,0.285046728971963,0.283891547049442,0.632970451010886,0,0.370030581039755,0.727272727272727,0.310789049919485,0.724615384615385,0.318042813455657,0.276729559748428,0.289230769230769,0.309262166405024,0.687692307692308,0.724842767295597,0.317610062893082,0.567901234567901,0.714719271623672,0.720610687022901,0.695178849144635,0.714511041009464,0.7216,0.490076335877863,0.719626168224299,0.720496894409938,0.713615023474178,0.543778801843318,0.709677419354839,0.297637795275591,0,0.705329153605016,0,0.677215189873418,0.292063492063492,0.296238244514107,0.352395672333849,0,0.398089171974522,0.373846153846154,0.5390625,0.661466458658346,0.646781789638933,0.574162679425837,0,0.282988871224165,0.733024691358025,0.552334943639291,0.306122448979592,0.712121212121212,0.480499219968799,0.726134585289515,0.765793528505393,0.287671232876712,0.291734197730956,0.3632,0,0.531107738998483,0.361198738170347,0,0.696124031007752,0.364457831325301,0.304416403785489,0,0.724191063174114,0.716279069767442,0.321656050955414,0.403846153846154,0.7264,0,0.620904836193448,0.300469483568075,0.435779816513761,0.861801242236025,0.528089887640449,0.312788906009245,0.7171875,0.277519379844961,0.276661514683153,0.711356466876972,0.313846153846154,0.289763779527559,0.308661417322835,0.263975155279503,0.766561514195584,0.646511627906977,0.6875,0.303656597774245,0.328571428571429,0.0153374233128834,0.746105919003115,0.312796208530806,0.711213517665131,0.75226586102719,0.299065420560748,0.292527821939587,0.303738317757009,0.494417862838915,0.261467889908257,0.730645161290323,0.303125,0.278481012658228,0,0.655913978494624,0.549206349206349,0.742088607594937,0.0124031007751938,0.707317073170732,0.363214837712519,0.71580547112462,0.734567901234568,0,0.75,0.300787401574803,0.7,0.309677419354839,0.310452418096724,0.288401253918495,0.674121405750799,0.663461538461538,0.51496062992126,0.782467532467532,0,0.423622047244094,0.713201820940819,0.727963525835866,0.731366459627329,0.274603174603175,0.721362229102167,0,0.667180277349769,0.708396946564885,0.730407523510972,0.594043887147335,0.283676703645008,1,0.261712439418417,0.301242236024845,0,0.283823529411765,0.705343511450382,0.278033794162826,0.41304347826087,0.275806451612903,0.708268330733229,0.308282208588957,0.7203125,0.358609794628752,0.525477707006369,0.328746177370031,0.294930875576037,0.277258566978193,0.678071539657854,0.316037735849057,0.274961597542243,0.73394495412844,0.724569640062598,0.28006329113924,0.277777777777778,0.954898911353033,0.34,0.306055646481178,0.340557275541796,0.293394777265745,0,0.777955271565495,0.291217257318952,0.710900473933649,0,0.315132605304212,0,0.754716981132076,0.271623672230652,0.321483771251932,0,0.533541341653666,0.625391849529781,0.299679487179487,0.712480252764613,0.419968304278922,0.28548644338118,0.636650868878357,0.537750385208012,0.469096671949287,0,0.712074303405573,0.29093799682035,0.287974683544304,0.633693972179289,0.278461538461538,0.295379537953795,0.732594936708861,0.0015600624024961,0.292758089368259,0.286833855799373,0.305993690851735,0.491577335375191,0.703588143525741,0.399046104928458,0.690880989180835,0.683523654159869,0,0.536741214057508,0.509316770186335,0.572542901716069,0,0.873194221508828,0.350157728706625,0.53582554517134,0.768049155145929,0.744712990936556,0,0,0.278592375366569,0.310502283105023,0,0.333855799373041,0,0,0,0.286604361370716,0,0.289137380191693,0.443585780525502,0.577335375191424,0.265648854961832,0,0,0.287949921752739,0.31784107946027,0.504672897196262,0.72239263803681,0,0.363919129082426,0.550925925925926,0.287250384024578,0.580246913580247,0.845425867507886,0,0.296124031007752,0.7072,0.334876543209877,0.794670846394984,0,0.713414634146341,0.697933227344992,0.570491803278689,0.303875968992248,0,0.335854765506808,0.296296296296296,0.276497695852535,0,0.802839116719243,0.309210526315789,0.719298245614035,0.270516717325228,0.273282442748092,0.719626168224299,0.264240506329114,0.689127105666156,0.427682737169518,0.718553459119497,0.701754385964912,0.324031007751938,0,0.704866562009419,0.307692307692308,0.740680713128039,0.561128526645768,0.622222222222222,0,0.705069124423963,0.4896331738437,0.687595712098009,0.308527131782946,0.721698113207547,0.748858447488584,0.6,0.341463414634146,0.37442218798151,0.3136,0.469291338582677,0,0.298921417565485,0.715396578538103,0.284820031298905,0.635782747603834,0.717095310136157,0.274119448698315,0.294851794071763,0.27244094488189,0.529133858267717,0.287949921752739,0.72397476340694,0.697819314641745,0.332278481012658,0.367441860465116,0,0,0.281004709576138,0.332273449920509,0.7140625,0.308411214953271,0.289922480620155,0.661514683153014,0.344,0.452681388012618,0.347626339969372,0,0.306603773584906,0.631911532385466,0.279320987654321,0.287051482059282,0,0.523584905660377,0.315707620528771,0.717391304347826,0.519108280254777,1,0.395173453996983,0.543613707165109,0.321907600596125,0.690909090909091,0.298887122416534,0.289473684210526,0.293478260869565,0.651612903225806,0.679626749611198,0.28816199376947,0.283536585365854,0,0.429906542056075,0.598765432098765,0.99375,0.473846153846154,0.291731669266771,0.371294851794072,0.288786482334869,0.136503067484663,0.705211726384365,0,0.434782608695652,0.721780604133545,0.72386895475819,0.958715596330275,0,0.281733746130031,0.347560975609756,0.290625,0.28158295281583,0.71496062992126,0.72386895475819,0,0,0.706896551724138,0.721698113207547,0.777777777777778,0,0.712519319938176,0.284615384615385,0.317147192716237,0.659340659340659,0.27742946708464,0.542372881355932,0.30188679245283,0.570987654320988,0.51963746223565,0,0.282089552238806,0.646129541864139,0.5984375,0.342024539877301,0.290964777947933,0.650077760497667,0.0015527950310559,0.330745341614907,0.322678843226788,0,0.318731117824773,0.715821812596006,0.279032258064516,0.577464788732394,0,0,0.603559870550162,0.418238993710692,0.72,0.842271293375394,0,0,0.505263157894737,0.712715855572998,0.270049099836334,0.880121396054628,0.275602409638554,0.712977099236641,0.613251155624037,0.673501577287066,0.397435897435897,0.681089743589744,0.712098009188361,0,0.727272727272727,0,0.285932721712538,0.591276252019386,0.301515151515152,0.718849840255591,0.287066246056782,0,0.592760180995475,0.587955625990491,0.268445839874411,0,0.274539877300614,0,0.833333333333333,0.299539170506912,0,0.509833585476551,0.288401253918495,0.458658346333853,0.3296,0.750769230769231,0,0.275862068965517,0.931528662420382,0,0.549230769230769,0.715372907153729,0.723338485316847,0.297297297297297,0.27244094488189,0.301829268292683,0.304212168486739,0.2890625,0,0.299843014128728,0.00309597523219814,0.630630630630631,1,0.281055900621118,0.289099526066351,0.294753086419753,0.291858678955453,0.0387596899224806,0.734920634920635,0.298387096774194,0.313664596273292,0.480857580398162,0.303875968992248,0.273291925465839,0.303875968992248,0,0,0.293853073463268,0,0.705607476635514,0.00155763239875389,0.31055900621118,0.977812995245642,0.692926045016077,0.71097372488408,0.354330708661417,0.00157232704402516,0.755795981452859,0.269645608628659,0.27760736196319,0.576323987538941,0.652757078986587,0.698507462686567,0.89209726443769,0.514913657770801,0.726006191950464,0.714064914992272,0.572998430141287,0.736263736263736,0.493171471927162,0.696875,0,0.696825396825397,0.626198083067093,0.270096463022508,0.490683229813665,0.698776758409786,0.539657853810264,0.393846153846154,0.27175572519084,0.32258064516129,0.293650793650794,0.2784,0.280564263322884,0.755485893416928,0.783616692426584,0.283699059561129,0.725490196078431,0.711656441717791,0.401538461538462,0,0.291217257318952,0.30030959752322,0,0.689102564102564,0,0.322981366459627,0,0.30379746835443,0.293291731669267,0.707317073170732,0.421875,0.277272727272727,0.517460317460318,0.514459665144597,0.364353312302839,0,0,0.333333333333333,0.328335832083958,0.2953125,0,0,0.71405750798722,0.762839879154079,0.565217391304348,0,0.806201550387597,0,0.359550561797753,0.28391167192429,0.67244094488189,0.703076923076923,0,0.804992199687988,0.543613707165109,0.348909657320872,0.318181818181818,0.446875,0.723926380368098,0.304140127388535,0.0757341576506955,0.275039745627981,0,0.289634146341463,0,0.293103448275862,0.728813559322034,0.4448,0,0,0.437403400309119,0.332268370607029,0.327102803738318,0.489329268292683,0.724924012158055,0.710651828298887,0.390357698289269,0.398496240601504,0,0.749608763693271,0.296875,0,0.299050632911392,0.320610687022901,0.7425431711146,0.00938967136150235,0.711180124223602,0.277862595419847,0.791332263242376,0.700156985871272,0.725239616613419,0.842679127725857,0.516640253565769,0.705521472392638,0.28548644338118,0,0.447619047619048,0.302611367127496,0,0,0.724397590361446,0,0.722480620155039,0.28416149068323,0.4608,0.707740916271722,0.718995290423862,0.573482428115016,0.307324840764331,0.615030674846626,0.0106382978723404,0.699044585987261,0.0579710144927536,0.0138036809815951,0,0.611023622047244,0.69683257918552,0.704866562009419,0.705343511450382,0.725308641975309,0.0095389507154213,0.0169491525423729,0.715396578538103,0.00777604976671851,0.00160513643659711,0.0309119010819165,0.0137404580152672,0.0109204368174727,0.725,0.0186046511627907,0.722929936305732,0.724522292993631,0.0110759493670886,0.730529595015576,0.05,0.729938271604938,0.677018633540373,0.715789473684211,0.7140625
"671",0.992088607594937,0.992283950617284,0.967889908256881,0.932907348242812,0.985530546623794,0.992,0.88801261829653,0.973354231974922,0.993948562783661,0,0.990580847723705,0,0.561349693251534,0.990595611285266,0.0513219284603421,0.0122511485451761,0,0.0123076923076923,0.992088607594937,0.978260869565217,0.166153846153846,0.0359477124183007,0.980213089802131,0,0.952380952380952,0.256651017214397,0.105345911949686,0.979495268138801,0.473282442748092,0.691833590138675,0.00615384615384615,0.693498452012384,0.762204724409449,0.285266457680251,0,0.99375,0.0186625194401244,0.992307692307692,0.268365817091454,0.906009244992296,0,0.0154559505409583,0.00614439324116743,0.995297805642633,0.77741935483871,0.0290076335877863,0.506191950464396,0.00773993808049536,0.459459459459459,0.13587786259542,0,0.9875,0.265432098765432,0.992199687987519,0.878125,0.164556962025316,0,0.968203497615262,0.953242835595777,0.906542056074766,0.289922480620155,0.444790046656299,0.00783699059561128,0,0.898251192368839,0.836671802773498,0,0.983024691358025,0,0.00782472613458529,0.847222222222222,0.0123647604327666,0.0247295208655332,0.992307692307692,0,0.70750382848392,0.0498489425981873,0.581395348837209,0.897106109324759,0.264705882352941,0,0.706153846153846,0.208144796380091,0.992378048780488,0.115085536547434,0.911854103343465,0.987730061349693,0.967592592592593,0.964831804281346,0.0105740181268882,0.978090766823161,0.992401215805471,0,0,0.971383147853736,0,0.296923076923077,0.979813664596273,0.00769230769230769,0.00938967136150235,0.609230769230769,0,0.294952681388013,0.992163009404389,0.108396946564885,0.993660855784469,0.00940438871473354,0.972477064220184,0.0094488188976378,0.0170278637770898,0.0168711656441718,0.899068322981366,0.337519623233909,0.986068111455108,0,0.98310291858679,0.71689497716895,0,0.00618238021638331,0.23015873015873,0,0.766355140186916,0.253086419753086,0.0792393026941363,0.967238689547582,0.15220700152207,0.989113530326594,0.989247311827957,0,0.537519142419602,0.933229813664596,0.499215070643642,0.98256735340729,0,0.993640699523052,0.027027027027027,0,0.214397496087637,0.623639191290824,0.518167456556082,0,0,0.978395061728395,0.761978361669243,0.166405023547881,0.993779160186625,0.015527950310559,0.924357034795764,0.4265625,0.975308641975309,0.142172523961661,0.976744186046512,0.993620414673046,0.835658914728682,0.987596899224806,0.00949367088607595,0.992343032159265,0.00783699059561128,0,0.744186046511628,0.858015267175573,0.972136222910217,0.0295031055900621,0,0.990839694656489,0.453674121405751,0.993579454253612,0.992248062015504,0.990668740279938,0.294656488549618,0.979750778816199,0.0094488188976378,0.954476479514416,0.0076103500761035,0.889589905362776,0.375384615384615,0,0.981337480559876,0,0.83695652173913,0.992236024844721,0.129283489096573,0.989214175654854,0.947692307692308,0.989520958083832,0.96937212863706,0.0992125984251968,0.382882882882883,0.912280701754386,0.943037974683544,0.0590979782270607,0.0120845921450151,0.976415094339623,0.848909657320872,0,0,0.30564263322884,0,0.992412746585736,0.267584097859327,0.8712715855573,0.74347158218126,0.986217457886677,0.443561208267091,0.443768996960486,0.284578696343402,0.925233644859813,0.963665086887836,0.870820668693009,0,0.870967741935484,0.181818181818182,0.936908517350158,0.00617283950617284,0.0754147812971342,0.541925465838509,0.967492260061919,0.986196319018405,0.826224328593997,0.990639625585023,0.885271317829457,0,0.0756172839506173,0.664145234493192,0.988958990536278,0,0.984825493171472,0.977443609022556,0.55177743431221,0.562596599690881,0.984520123839009,0.991935483870968,0.370662460567823,0,0.883614088820827,0.518808777429467,0.965079365079365,0.00769230769230769,0.956259426847662,0.99211356466877,0.992272024729521,0.945736434108527,0.516079632465544,0.00791139240506329,0.967084639498433,0.534848484848485,0.0104947526236882,0.0060882800608828,0.192125984251969,0.00927357032457496,0.15689381933439,0.687116564417178,0.00462249614791988,0.00771604938271605,0.0170278637770898,0.598784194528875,0.0458860759493671,0.977952755905512,0.0095389507154213,0.00469483568075117,0,0.225552050473186,0.992050874403816,0.975039001560062,0.888379204892966,0,0.863344051446945,0.856707317073171,0.690880989180835,0.596573208722741,0.448598130841121,0.465299684542587,0.00923076923076923,0.990566037735849,0.102964118564743,0.697411003236246,0.956318252730109,0.0184331797235023,0.749611197511664,0.0109204368174727,0.135802469135802,0.993920972644377,0.990353697749196,0.890127388535032,0,0.649096385542169,0.8796875,0,0.00773993808049536,0.887366818873668,0.978159126365055,0,0.00768049155145929,0.00613496932515337,0.988782051282051,0.885400313971743,0.00644122383252818,0,0.383540372670807,0.993690851735016,0.803981623277182,0.402777777777778,0.658346333853354,0.97196261682243,0.0155038759689922,0.990811638591118,0.992199687987519,0.014018691588785,0.968992248062015,0.990726429675425,0.971563981042654,0.992331288343558,0.186335403726708,0.295731707317073,0.280811232449298,0.974960876369327,0.941841680129241,0.0513219284603421,0.270569620253165,0.970358814352574,0.161538461538462,0.307575757575758,0.987460815047022,0.990639625585023,0.970358814352574,0.688498402555911,0.989296636085627,0.24375,0.958588957055215,0.990580847723705,0,0.309006211180124,0.538827258320127,0.0291858678955453,0.0559006211180124,0.0106870229007634,0.913446676970634,0.0306748466257669,0.00461538461538462,0,0.229230769230769,0.987441130298273,0.073959938366718,0.988636363636364,0.962558502340094,0.984423676012461,0.292721518987342,0.287974683544304,0.679566563467492,0.472727272727273,0,0.822884012539185,0.016793893129771,0.0412844036697248,0.199095022624434,0.992138364779874,0.0046583850931677,0,0.314814814814815,0.0153846153846154,0.0254372019077901,0.47196261682243,0.990610328638498,0.281645569620253,0.991935483870968,0.960876369327074,0,0.988041853512706,0.00459418070444104,0.990990990990991,0.830218068535826,0.992012779552716,0.0185185185185185,0.972265023112481,0.0077639751552795,0.883720930232558,0.712918660287081,0.940998487140696,0.983050847457627,0.989147286821705,0.291731669266771,0.957746478873239,0.990881458966565,0.00763358778625954,0.0309119010819165,0.993640699523052,0.992354740061162,0.328682170542636,0.884322678843227,0.963022508038585,0.95565749235474,0.993836671802773,0,0.122222222222222,0.990683229813665,0.0109546165884194,0,0.959564541213064,0.0096,0.0521327014218009,0.993893129770992,0.96319018404908,0.00311526479750779,0.619344773790952,0.418856259659969,0.995253164556962,0.00798722044728434,0.876582278481013,0.993680884676145,0.386792452830189,0.612654320987654,0.780715396578538,0,0.170579029733959,0.971786833855799,0.99375,0.4484375,0.992319508448541,0.962418300653595,0.0372670807453416,0.00152905198776758,0.992307692307692,0.990610328638498,0.950995405819296,0.689127105666156,0.0173501577287066,0.862714508580343,0.237209302325581,0.175040518638574,0.00617283950617284,0.6171875,0.602484472049689,0.607142857142857,0,0.288888888888889,0.910355486862442,0.636363636363636,0.513097072419106,0.086232980332829,0,0,0.990977443609023,0.967642526964561,0,0.922118380062305,0.0094488188976378,0,0,0.989096573208723,0,0.992050874403816,0.775862068965517,0.533333333333333,0.992319508448541,0,0,0.989010989010989,0.961251862891207,0.728110599078341,0.00766871165644172,0.00316455696202532,0.872503840245776,0.600306278713629,0.995341614906832,0.525423728813559,0.3515625,0,0.975346687211094,0.0047244094488189,0.9484375,0.0985915492957746,0,0.0164179104477612,0.112698412698413,0.491776315789474,0.97239263803681,0,0.946808510638298,0.969465648854962,0.990783410138249,0,0.0772870662460568,0.93517017828201,0.0128824476650564,0.990853658536585,0.995447647951442,0.0168453292496172,0.993779160186625,0.298600311041991,0.8109375,0.0172684458398744,0.171156893819334,0.9609375,0.00775193798449612,0.009375,0.969325153374233,0.016,0.653907496012759,0.401244167962675,0,0.103875968992248,0.725552050473186,0.26040061633282,0.986153846153846,0.00623052959501558,0.155384615384615,0.464696223316913,0.942771084337349,0.890909090909091,0.954258675078864,0.749601275917065,0,0.972644376899696,0.0060882800608828,0.9609375,0.395161290322581,0.00606980273141123,0.995327102803738,0.990683229813665,0.993769470404984,0.626373626373626,0.986196319018405,0.138147566718995,0.200312989045383,0.93944099378882,0.87111801242236,0,0,0.984423676012461,0.925396825396825,0.0188679245283019,0.975,0.995334370139969,0.36697247706422,0.925632911392405,0.729430379746835,0.877112135176651,0,0.960998439937597,0.338006230529595,0.99079754601227,0.995305164319249,0,0.653061224489796,0.970031545741325,0.00775193798449612,0.685358255451713,0.377535101404056,0.797337278106509,0.68503937007874,0.947368421052632,0.0869565217391304,0.9792663476874,0.993740219092332,0.980030721966206,0.298076923076923,0.093558282208589,1,0.993920972644377,0.00611620795107034,0.787596899224806,0.459787556904401,0.260869565217391,0.761760242792109,0.990625,0.884914463452566,0.993846153846154,0.119266055045872,0.00961538461538462,0,0.81974921630094,0.0126182965299685,0.00777604976671851,0.272588055130168,0,0.993855606758833,0.910197869101979,0.993769470404984,0.993893129770992,0.0939907550077042,0.00791139240506329,0,0,0.181240063593005,0.0760869565217391,0.171339563862928,0,0.0093603744149766,0.992295839753467,0.0123456790123457,0.303125,0.992025518341308,0.587253414264036,0.97007874015748,0.660578386605784,0.632930513595166,0,0.992492492492492,0.395534290271132,0.504,0.91679273827534,0.983383685800604,0.386259541984733,0.00772797527047913,0.951145038167939,0.954614220877458,0,0.963525835866261,0.0156985871271586,0.980738362760835,0.440366972477064,0,0.0078125,0.525806451612903,0.831496062992126,0.00768049155145929,0.140845070422535,0.0108191653786708,0,0.734848484848485,0.0295031055900621,0.993589743589744,0.330289193302892,0.987730061349693,0.00928792569659443,0.378048780487805,0.31104199066874,0.863207547169811,0.107424960505529,0.0122887864823349,0.00156494522691706,0.0388802488335925,0,0.986301369863014,0.0445859872611465,0.980182926829268,0.00943396226415094,0.992138364779874,0,0.526073619631902,0.475,0.993798449612403,0,0.990825688073395,0,0.408064516129032,0.981623277182236,0,0.639016897081413,0.973561430793157,0.729559748427673,0.94620253164557,0.0455927051671733,0,0.992307692307692,0.263239875389408,0,0.684049079754601,0.0075642965204236,0.02,0.992,0.992088607594937,0.983433734939759,0.968847352024922,0.976489028213166,0,0.97339593114241,0.0184331797235023,0.350230414746544,0.281055900621118,1,0.987538940809969,0.98780487804878,0.986068111455108,0.0544323483670296,0.0238473767885533,0.995184590690209,0.958461538461538,0.719083969465649,0.974045801526718,0.99075500770416,0.966309341500766,0,0,0.975757575757576,0,0.0754147812971342,0,0.950387596899225,0.278996865203762,0.208064516129032,0.125,0.919753086419753,0,0.115853658536585,0.992295839753467,0.992295839753467,0.631987577639752,0.416666666666667,0.205925925925926,0.18960244648318,0.637083993660856,0.00772797527047913,0.126348228043143,0.552469135802469,0.263482280431433,0.704791344667697,0.0137404580152672,0,0.00778816199376947,0.323763955342903,0.992050874403816,0.611620795107034,0.232980332829047,0.621913580246914,0.869631901840491,0.983282674772036,0.951612903225806,0.975961538461538,0.990506329113924,0.996889580093313,0.5546875,0.420647149460709,0.990668740279938,0.013353115727003,0.0119760479041916,0.86697965571205,0.0091324200913242,0.992447129909366,0.96319018404908,0,0.117554858934169,0,0.946372239747634,0,0.964506172839506,0.992272024729521,0.0107033639143731,0.838006230529595,0.990867579908676,0.659340659340659,0.633693972179289,0.8671875,0,0,0.928571428571429,0.937592867756315,0.987711213517665,0,0,0.00796178343949045,0.237442922374429,0.516279069767442,0,0.459167950693374,0,0.915227629513344,0.990668740279938,0.151898734177215,0.244204018547141,0,0.350157728706625,0.577639751552795,0.869362363919129,0.957317073170732,0.783206106870229,0.00778816199376947,0.988817891373802,0.0154559505409583,0.990506329113924,0,0.978658536585366,0.0077639751552795,0.993700787401575,0.0280811232449298,0.0140405616224649,0,0,0.811526479750779,0.919484702093398,0.924615384615385,0.710606060606061,0.0305810397553517,0.0144,0.822530864197531,0.831578947368421,0,0.0234375,0.963549920760697,0,0.979527559055118,0.950693374422188,0.0625954198473282,0.0418604651162791,0.00777604976671851,0.990783410138249,0.468454258675079,0.0842433697347894,0.103668261562998,0.115085536547434,0.677367576243981,0.0954545454545455,0.993670886075949,0,0.768253968253968,0.972350230414747,0.0047244094488189,0,0.00906344410876133,0,0.00775193798449612,0.992378048780488,0.716828478964401,0.00789889415481832,0.00770416024653313,0.540157480314961,0.955905511811024,0.445131375579598,0.0457317073170732,0.00791139240506329,0.0514469453376206,0.0202177293934681,0,0.0345911949685535,0.0105105105105105,0.0078740157480315,0.0184331797235023,0.00462962962962963,0.0477707006369427,0.0584615384615385,0.0232558139534884,0.021978021978022,0.00634920634920635,0.0279937791601866,0.0273972602739726,0.0590062111801242,0.0122324159021407,0.0232198142414861,0.00798722044728434,0.0109546165884194,0.0431309904153355,0.0140845070422535,0.0254110612855007,0.0093603744149766,0.0379362670713202,0.0105740181268882,0.0108864696734059
"672",0.987240829346092,0.992125984251969,0.956989247311828,0.928571428571429,0.975845410628019,0.991935483870968,0.884126984126984,0.9703125,0.992389649923896,0,0.99211356466877,0,0.56418383518225,0.990476190476191,0.0550314465408805,0.0124416796267496,0,0.0125786163522013,0.988636363636364,0.974803149606299,0.163009404388715,0.0409165302782324,0.982785602503912,0,0.951334379905808,0.256369426751592,0.117834394904459,0.977671451355662,0.464898595943838,0.67906976744186,0.00925925925925926,0.697852760736196,0.766295707472178,0.2859375,0,0.995268138801262,0.0184615384615385,0.989180834621329,0.260736196319018,0.89938080495356,0.00157232704402516,0.0126182965299685,0.00619195046439629,0.993730407523511,0.776527331189711,0.0271565495207668,0.511075949367089,0.00946372239747634,0.459167950693374,0.13719512195122,0,0.993720565149137,0.259720062208398,0.99211356466877,0.867088607594937,0.168831168831169,0,0.968354430379747,0.947040498442368,0.905426356589147,0.292259083728278,0.434715821812596,0.00955414012738853,0,0.905448717948718,0.818466353677621,0,0.98125,0,0.00632911392405063,0.842748091603053,0.0139968895800933,0.0280811232449298,0.992343032159265,0,0.7125,0.0450310559006211,0.575851393188854,0.898387096774194,0.267651888341544,0,0.71671826625387,0.218654434250765,0.990668740279938,0.110248447204969,0.896923076923077,0.98755832037325,0.96319018404908,0.957746478873239,0.0107361963190184,0.977883096366509,0.990740740740741,0,0,0.973312401883831,0,0.29984544049459,0.973354231974922,0.0062111801242236,0.00791139240506329,0.594936708860759,0,0.282747603833866,0.990415335463259,0.109756097560976,0.992101105845182,0.0128617363344051,0.970172684458399,0.00956937799043062,0.0158227848101266,0.0124610591900312,0.896389324960754,0.335925349922239,0.984202211690363,0,0.978361669242658,0.714728682170543,0,0.00933125972006221,0.236133122028526,0,0.765354330708661,0.245341614906832,0.0932475884244373,0.964230171073095,0.151234567901235,0.989312977099237,0.989045383411581,0,0.531847133757962,0.924882629107981,0.488958990536278,0.983870967741935,0,0.988691437802908,0.0338461538461538,0,0.213500784929356,0.631578947368421,0.512155591572123,0,0,0.977883096366509,0.755905511811024,0.182258064516129,0.993670886075949,0.0110759493670886,0.913312693498452,0.413461538461538,0.972519083969466,0.1376,0.976303317535545,0.9936,0.847328244274809,0.985959438377535,0.0096,0.993855606758833,0.00941915227629513,0,0.728867623604466,0.86377245508982,0.975116640746501,0.0290964777947933,0,0.990853658536585,0.445337620578778,0.991961414790997,0.992150706436421,0.992283950617284,0.288786482334869,0.975270479134467,0.0077639751552795,0.948328267477204,0.00757575757575758,0.89297124600639,0.369969040247678,0,0.989010989010989,0,0.852760736196319,0.993808049535604,0.123028391167192,0.975535168195719,0.938967136150235,1,0.96594427244582,0.0934579439252336,0.368258859784284,0.909836065573771,0.940894568690096,0.0603174603174603,0.0093603744149766,0.976038338658147,0.850077279752705,0,0,0.293460925039872,0.00156985871271586,0.993808049535604,0.255351681957187,0.864297253634895,0.764079147640791,0.986217457886677,0.425897035881435,0.4359375,0.2848,0.918622848200313,0.960254372019078,0.882716049382716,0,0.88006230529595,0.181669394435352,0.935331230283912,0.0062015503875969,0.078003120124805,0.523659305993691,0.966981132075472,0.974006116207951,0.826771653543307,0.990697674418605,0.895734597156398,0,0.0722135007849294,0.658015267175573,0.987220447284345,0,0.990683229813665,0.972685887708649,0.538819875776398,0.553323029366306,0.98740157480315,0.990275526742301,0.360062893081761,0,0.875776397515528,0.531746031746032,0.964227642276423,0.00938967136150235,0.955792682926829,0.993640699523052,0.99375,0.948757763975155,0.520801232665639,0.0064,0.959119496855346,0.543343653250774,0.0106221547799697,0.0075642965204236,0.199052132701422,0.00928792569659443,0.157894736842105,0.656786271450858,0.00473186119873817,0.0107858243451464,0.0183206106870229,0.584234930448223,0.0481540930979133,0.975922953451043,0.0111464968152866,0.00784929356357928,0,0.221169036334913,0.990445859872611,0.968304278922345,0.892018779342723,0,0.865718799368088,0.854489164086687,0.702194357366771,0.607535321821036,0.450079239302694,0.4512,0.0124610591900312,0.990476190476191,0.102918586789555,0.704654895666132,0.952681388012618,0.0188087774294671,0.722570532915361,0.0078003120124805,0.129829984544049,0.990909090909091,0.991935483870968,0.881889763779528,0,0.639318885448916,0.869291338582677,0,0.00626959247648903,0.885625965996909,0.973228346456693,0,0.00925925925925926,0.00771604938271605,0.974193548387097,0.884310618066561,0.00963081861958266,0,0.384012539184953,0.984177215189873,0.775888717156105,0.391575663026521,0.643987341772152,0.952526799387443,0.0184331797235023,0.992354740061162,0.993740219092332,0.0124804992199688,0.959564541213064,0.992138364779874,0.967845659163987,0.989113530326594,0.188383045525903,0.31055900621118,0.285714285714286,0.969404186795491,0.940894568690096,0.0497667185069984,0.270998415213946,0.970358814352574,0.161189358372457,0.29803328290469,0.987480438184664,0.990551181102362,0.971563981042654,0.694174757281553,0.990769230769231,0.251602564102564,0.959627329192547,0.989079563182527,0,0.315950920245399,0.542130365659777,0.0249609984399376,0.0544323483670296,0.00914634146341463,0.919629057187017,0.0278637770897833,0.00925925925925926,0,0.232919254658385,0.981042654028436,0.0788253477588872,0.982315112540193,0.9629057187017,0.979462875197472,0.28414442700157,0.288492706645057,0.66877971473851,0.455138662316476,0,0.816074188562597,0.0168970814132104,0.0491551459293395,0.201248049921997,0.992076069730586,0.0109204368174727,0,0.334876543209877,0.0170278637770898,0.0302547770700637,0.480499219968799,0.993700787401575,0.272873194221509,0.996732026143791,0.962085308056872,0,0.983333333333333,0.0077639751552795,0.99079754601227,0.820433436532508,0.993421052631579,0.0204081632653061,0.968992248062015,0.00783699059561128,0.875981161695447,0.709728867623604,0.941267387944359,0.978328173374613,0.98755832037325,0.28858024691358,0.959183673469388,0.990811638591118,0.00911854103343465,0.029320987654321,0.99198717948718,0.992223950233281,0.32182103610675,0.87519747235387,0.957860615883306,0.953775038520801,0.992272024729521,0,0.116057233704293,0.990639625585023,0.00796178343949045,0,0.957680250783699,0.00961538461538462,0.0509554140127389,0.990740740740741,0.961538461538462,0.00315457413249211,0.607655502392344,0.407582938388626,0.977382875605816,0.00646203554119548,0.874411302982732,0.988673139158576,0.375,0.595015576323987,0.785373608903021,0,0.166926677067083,0.973015873015873,0.992125984251969,0.446009389671362,0.990639625585023,0.962418300653595,0.0398724082934609,0,0.980122324159021,0.9875,0.945141065830721,0.676923076923077,0.0125786163522013,0.860979462875197,0.242902208201893,0.175040518638574,0.00473186119873817,0.619426751592357,0.601574803149606,0.613740458015267,0,0.287081339712919,0.907668231611894,0.643185298621746,0.519561815336463,0.0824427480916031,0,0,0.991031390134529,0.964992389649924,0,0.903125,0.00949367088607595,0,0,0.993620414673046,0,0.993630573248408,0.762282091917591,0.515981735159817,0.992295839753467,0,0,0.992223950233281,0.959090909090909,0.720496894409938,0.00930232558139535,0.00161550888529887,0.859756097560976,0.597222222222222,0.9921875,0.533434650455927,0.34493670886076,0,0.973561430793157,0.00970873786407767,0.953821656050955,0.0913461538461538,0,0.0151745068285281,0.117088607594937,0.493399339933993,0.97045101088647,0,0.939577039274924,0.966049382716049,0.990697674418605,0,0.0688575899843505,0.939542483660131,0.012987012987013,0.992260061919505,0.992260061919505,0.0184331797235023,0.99075500770416,0.2984375,0.794162826420891,0.0172143974960876,0.169572107765452,0.958139534883721,0.0111821086261981,0.0077639751552795,0.967492260061919,0.0130932896890344,0.662939297124601,0.393700787401575,0,0.115141955835962,0.754385964912281,0.255451713395639,0.97191887675507,0.00634920634920635,0.158461538461538,0.454106280193237,0.949618320610687,0.886018237082067,0.958795562599049,0.7472,0,0.976887519260401,0.00914634146341463,0.962025316455696,0.38375796178344,0.00917431192660551,0.990625,0.992,0.993690851735016,0.62754303599374,0.9796875,0.131868131868132,0.195892575039494,0.939346811819596,0.860896445131376,0,0,0.983922829581994,0.9264,0.0192926045016077,0.975039001560062,0.9858934169279,0.359937402190923,0.917460317460317,0.723270440251572,0.874613003095975,0,0.961783439490446,0.337559429477021,0.990595611285266,0.992125984251969,0,0.621236133122029,0.963549920760697,0.00632911392405063,0.67948717948718,0.381395348837209,0.789554531490015,0.690590111642743,0.952599388379205,0.0906298003072197,0.977564102564103,0.993827160493827,0.97360248447205,0.29140127388535,0.0984126984126984,0.983024691358025,0.990783410138249,0.00777604976671851,0.774143302180685,0.454968944099379,0.252747252747253,0.773148148148148,0.992223950233281,0.880690737833595,0.992223950233281,0.125581395348837,0.00964630225080386,0,0.827102803738318,0.0110410094637224,0.00783699059561128,0.268680445151033,0,0.984276729559748,0.91820987654321,0.992088607594937,0.989045383411581,0.0936507936507937,0.00950871632329636,0,0,0.181523500810373,0.0853080568720379,0.164296998420221,0,0.0062402496099844,0.992283950617284,0.0153846153846154,0.294952681388013,0.992,0.572755417956656,0.980922098569157,0.653061224489796,0.636923076923077,0,0.992492492492492,0.379746835443038,0.4848,0.914241960183767,0.984756097560976,0.38366718027735,0.00770416024653313,0.95141065830721,0.957251908396947,0,0.955315870570108,0.0234741784037559,0.978792822185971,0.434312210200927,0,0.00778816199376947,0.51294498381877,0.838095238095238,0.0095389507154213,0.135350318471338,0.0108864696734059,0.00161550888529887,0.762996941896025,0.0251968503937008,0.99184339314845,0.321981424148607,0.987748851454824,0.00773993808049536,0.36875,0.326433121019108,0.863492063492064,0.100478468899522,0.0108864696734059,0.0015625,0.0505529225908373,0,0.987730061349693,0.0484652665589661,0.974436090225564,0.010989010989011,0.993610223642173,0,0.524390243902439,0.463607594936709,0.992211838006231,0,0.989280245022971,0,0.393312101910828,0.978461538461538,0,0.630434782608696,0.969155844155844,0.741324921135647,0.945425361155698,0.0450310559006211,0,0.992150706436421,0.267295597484277,0,0.699074074074074,0.00747384155455904,0.0263565891472868,0.99198717948718,0.990580847723705,0.983024691358025,0.960443037974684,0.971061093247588,0,0.973058637083994,0.021505376344086,0.349230769230769,0.289099526066351,0.987538940809969,1,0.990825688073395,0.984423676012461,0.0570107858243451,0.0238473767885533,0.975728155339806,0.961180124223602,0.712074303405573,0.973561430793157,0.990740740740741,0.963949843260188,0,0,0.975535168195719,0,0.0724191063174114,0,0.949685534591195,0.276083467094703,0.21405750798722,0.126696832579186,0.924050632911392,0,0.113178294573643,0.993817619783617,0.99079754601227,0.645007923930269,0.4051593323217,0.218045112781955,0.180152671755725,0.646592709984152,0.0061633281972265,0.1296875,0.538582677165354,0.266347687400319,0.701700154559505,0.0140405616224649,0,0.00796178343949045,0.326366559485531,0.993640699523052,0.607535321821036,0.220543806646526,0.622324159021407,0.877519379844961,0.983154670750383,0.950636942675159,0.971563981042654,0.993630573248408,0.992,0.557632398753894,0.421135646687697,0.990566037735849,0.0121765601217656,0.0107361963190184,0.870662460567823,0.0138674884437596,0.992481203007519,0.967340590979782,0,0.124401913875598,0,0.949447077409163,0,0.964396284829721,0.992088607594937,0.0123456790123457,0.821766561514196,0.995412844036697,0.641509433962264,0.602218700475436,0.864992150706436,0,0,0.926666666666667,0.930408472012103,0.986089644513138,0,0,0.00641025641025641,0.23583460949464,0.490654205607477,0,0.452681388012618,0,0.912974683544304,0.99203821656051,0.168026101141925,0.254290171606864,0,0.34185303514377,0.586921850079745,0.855345911949686,0.953488372093023,0.755905511811024,0.00625,0.983974358974359,0.0171073094867807,0.992,0,0.975232198142415,0.00628930817610063,0.992012779552716,0.0249609984399376,0.0191082802547771,0,0,0.837712519319938,0.922712933753943,0.920684292379471,0.720858895705521,0.036144578313253,0.0126582278481013,0.822152886115445,0.819148936170213,0,0.025518341307815,0.95583596214511,0,0.9792,0.947692307692308,0.0714285714285714,0.0421875,0.00783699059561128,0.990839694656489,0.471518987341772,0.0740157480314961,0.104404567699837,0.112480739599384,0.688311688311688,0.0989180834621329,0.992088607594937,0,0.745283018867924,0.978328173374613,0.0032,0,0.00609756097560976,0,0.00923076923076923,0.993808049535604,0.717741935483871,0.00645161290322581,0.0078125,0.526984126984127,0.95125786163522,0.439749608763693,0.0482866043613707,0.00967741935483871,0.0555555555555556,0.0185185185185185,0,0.0362776025236593,0.013677811550152,0.0111111111111111,0.0184615384615385,0.00759878419452888,0.0498392282958199,0.0540123456790123,0.0187207488299532,0.0188383045525903,0.00650406504065041,0.0302066772655008,0.0248447204968944,0.0546021840873635,0.0139968895800933,0.0202808112324493,0.00481540930979133,0.00943396226415094,0.0448717948717949,0.00778816199376947,0.0261941448382126,0.00947867298578199,0.0434782608695652,0.00610687022900763,0.00934579439252336
"673",0.990491283676704,0.99388379204893,0.963414634146341,0.928012519561815,0.976303317535545,0.995297805642633,0.902208201892745,0.975193798449612,0.994011976047904,0,0.99537037037037,0,0.567651632970451,0.995334370139969,0.048062015503876,0.0136363636363636,0,0.0152905198776758,0.990551181102362,0.978294573643411,0.166149068322981,0.0399361022364217,0.986175115207373,0,0.94969512195122,0.256965944272446,0.110939907550077,0.982785602503912,0.487878787878788,0.69618320610687,0.00460122699386503,0.68348623853211,0.7734375,0.278033794162826,0,0.993846153846154,0.0180995475113122,1,0.274074074074074,0.894817073170732,0.00156494522691706,0.0152905198776758,0.00600600600600601,0.995305164319249,0.784929356357928,0.0280373831775701,0.52241112828439,0.00460829493087558,0.480176211453745,0.133834586466165,0,0.992343032159265,0.285060975609756,0.992260061919505,0.886115444617785,0.168730650154799,0,0.984375,0.957639939485628,0.906009244992296,0.287692307692308,0.45045045045045,0.0046583850931677,0,0.897314375987362,0.82642089093702,0,0.984423676012461,0,0.00464396284829721,0.860394537177542,0.0139103554868624,0.0262751159196291,0.996960486322188,0,0.730650154798762,0.0506134969325153,0.575113808801214,0.902668759811617,0.259380097879282,0,0.710365853658537,0.213740458015267,0.990936555891239,0.10939907550077,0.906626506024096,0.989197530864197,0.963020030816641,0.967840735068913,0.00900900900900901,0.984350547730829,0.992343032159265,0,0,0.97360248447205,0,0.301059001512859,0.981735159817352,0.00462249614791988,0.00614439324116743,0.618683001531394,0,0.301684532924962,0.992272024729521,0.11144578313253,0.993788819875776,0.0110759493670886,0.975155279503106,0.00622083981337481,0.0152905198776758,0.0108359133126935,0.908809891808346,0.334855403348554,0.985981308411215,0,0.978395061728395,0.713414634146341,0,0.00610687022900763,0.237795275590551,0,0.775038520801233,0.257621951219512,0.0793650793650794,0.967791411042945,0.14525993883792,0.989393939393939,0.987673343605547,0,0.552870090634441,0.928571428571429,0.491525423728814,0.982704402515723,0,0.992175273865415,0.0301659125188537,0,0.220125786163522,0.634146341463415,0.522620904836194,0,0,0.972307692307692,0.762917933130699,0.173166926677067,0.995398773006135,0.0107361963190184,0.920610687022901,0.427244582043344,0.974550898203593,0.142405063291139,0.974045801526718,0.993740219092332,0.832822085889571,0.987538940809969,0.00775193798449612,0.993846153846154,0.00610687022900763,0,0.736024844720497,0.874626865671642,0.981762917933131,0.027190332326284,0,0.992412746585736,0.465625,0.993537964458804,0.995348837209302,0.992389649923896,0.287218045112782,0.967592592592593,0.00772797527047913,0.948717948717949,0.00739644970414201,0.897515527950311,0.377675840978593,0,0.981366459627329,0,0.850077279752705,0.99390243902439,0.121684867394696,0.97869101978691,0.942511346444781,0.992647058823529,0.972768532526475,0.106382978723404,0.384730538922156,0.917573872472784,0.940902021772939,0.0633693972179289,0.00925925925925926,0.977987421383648,0.856925418569254,0,0,0.297213622291022,0.00153609831029186,0.99406528189911,0.262048192771084,0.876175548589342,0.758620689655172,0.983679525222552,0.449526813880126,0.441400304414003,0.295774647887324,0.921417565485362,0.964560862865948,0.879154078549849,0,0.875968992248062,0.189274447949527,0.94375,0.00613496932515337,0.0740181268882175,0.542944785276074,0.973643410852713,0.971428571428571,0.837593984962406,0.992283950617284,0.890769230769231,0,0.0762195121951219,0.662613981762918,0.990566037735849,0,0.989296636085627,0.976261127596439,0.549923195084485,0.564885496183206,0.996904024767802,0.995268138801262,0.36817472698908,0,0.887387387387387,0.530421216848674,0.968203497615262,0.0060790273556231,0.954614220877458,0.992163009404389,0.993827160493827,0.949152542372881,0.545731707317073,0.00782472613458529,0.963302752293578,0.545871559633027,0.00898203592814371,0.0029585798816568,0.211267605633803,0.0076103500761035,0.159055118110236,0.673684210526316,0.00763358778625954,0.00930232558139535,0.0154320987654321,0.594029850746269,0.0518053375196232,0.98125,0.0109034267912773,0.00151975683890578,0,0.232704402515723,0.993855606758833,0.972093023255814,0.895865237366003,0,0.870866141732283,0.853435114503817,0.690880989180835,0.60790273556231,0.455676516329705,0.46,0.0123076923076923,0.992199687987519,0.0980091883614089,0.697305863708399,0.960061443932412,0.0210843373493976,0.753086419753086,0.00777604976671851,0.135258358662614,0.99400299850075,0.993579454253612,0.895962732919255,0,0.648484848484848,0.891304347826087,0,0.00612557427258806,0.895454545454546,0.972179289026275,0,0.00930232558139535,0.00611620795107034,0.978125,0.880952380952381,0.00477707006369427,0,0.388719512195122,0.982892690513219,0.793363499245852,0.404580152671756,0.66306027820711,0.954954954954955,0.0168195718654434,0.995447647951442,0.993846153846154,0.0122137404580153,0.960122699386503,0.996908809891808,0.981220657276995,0.989296636085627,0.193251533742331,0.319634703196347,0.292569659442724,0.975077881619938,0.934713375796178,0.0514372163388805,0.27047913446677,0.968895800933126,0.159021406727829,0.308035714285714,0.986196319018405,0.995398773006135,0.960244648318043,0.697784810126582,0.991097922848665,0.253125,0.958715596330275,0.993710691823899,0,0.333836858006042,0.548286604361371,0.0261941448382126,0.0517503805175038,0.0163447251114413,0.908256880733945,0.0272727272727273,0.00612557427258806,0,0.243076923076923,0.982892690513219,0.0780780780780781,0.979623824451411,0.962790697674419,0.983206106870229,0.294117647058824,0.286384976525822,0.677519379844961,0.474959612277868,0,0.83179012345679,0.0179910044977511,0.046969696969697,0.213960546282246,0.992223950233281,0.00765696784073507,0,0.34,0.0152905198776758,0.0290964777947933,0.480857580398162,0.996918335901387,0.277602523659306,0.993630573248408,0.972222222222222,0,0.986686390532544,0.00603318250377074,0.993957703927492,0.830275229357798,0.993579454253612,0.0185185185185185,0.98030303030303,0.00759878419452888,0.872472783825817,0.715408805031447,0.942771084337349,0.981735159817352,0.99075500770416,0.292682926829268,0.95968992248062,0.992559523809524,0.00598802395209581,0.0305810397553517,0.992150706436421,0.992236024844721,0.326687116564417,0.872340425531915,0.95859872611465,0.949177877428999,0.995475113122172,0,0.123824451410658,0.993911719939117,0.0077639751552795,0,0.959938366718028,0.00784929356357928,0.054858934169279,0.992401215805471,0.963133640552995,0.00310077519379845,0.628224582701062,0.432558139534884,0.977917981072555,0.0062111801242236,0.874804381846635,0.990639625585023,0.386792452830189,0.594311377245509,0.784283513097072,0,0.167950693374422,0.970172684458399,0.99079754601227,0.459418070444104,0.993948562783661,0.972357723577236,0.0336391437308868,0.00153139356814701,0.978658536585366,0.996879875195008,0.945904173106646,0.683409436834094,0.0138248847926267,0.868954758190328,0.244309559939302,0.188216039279869,0.00307692307692308,0.622464898595944,0.609831029185868,0.610769230769231,0,0.291021671826625,0.913373860182371,0.64741641337386,0.531013615733737,0.0855457227138643,0,0,0.992548435171386,0.976083707025411,0,0.918586789554531,0.00791139240506329,0,0,0.993788819875776,0,0.992076069730586,0.770290964777948,0.536144578313253,0.995433789954338,0,0,0.990825688073395,0.958208955223881,0.725460122699387,0.00458015267175573,0,0.885022692889561,0.598774885145482,0.992378048780488,0.54364471669219,0.351014040561622,0,0.975720789074355,0.00631911532385466,0.95440251572327,0.10377358490566,0,0.0119581464872945,0.11214953271028,0.494417862838915,0.96594427244582,0,0.941265060240964,0.966412213740458,0.992537313432836,0,0.0791925465838509,0.936102236421725,0.0110062893081761,0.99388379204893,0.99390243902439,0.0167427701674277,0.995356037151703,0.299694189602446,0.805810397553517,0.0168970814132104,0.173775671406003,0.955792682926829,0.00933125972006221,0.00614439324116743,0.963800904977376,0.0124610591900312,0.673501577287066,0.400621118012422,0,0.11791730474732,0.743710691823899,0.261467889908257,0.974320241691843,0.00772797527047913,0.146379044684129,0.450793650793651,0.946188340807175,0.885196374622356,0.960122699386503,0.755485893416928,0,0.97737556561086,0.00749625187406297,0.972136222910217,0.38755980861244,0.00597014925373134,0.992260061919505,0.993730407523511,0.99537037037037,0.640746500777605,0.978819969742814,0.135220125786164,0.196232339089482,0.94,0.87962962962963,0,0,0.984276729559748,0.931034482758621,0.0171875,0.976671850699845,0.990783410138249,0.378625954198473,0.924646781789639,0.738654147104851,0.89237668161435,0,0.958268933539413,0.338533541341654,0.993893129770992,0.992331288343558,0,0.641538461538462,0.968652037617555,0.00766871165644172,0.6890625,0.391371340523883,0.807749627421759,0.682242990654206,0.95352323838081,0.0934718100890208,0.9792,0.993948562783661,0.977029096477795,0.30829420970266,0.106153846153846,0.983076923076923,0.99400299850075,0.00611620795107034,0.780821917808219,0.455792682926829,0.25948406676783,0.758832565284178,0.99388379204893,0.87789799072643,0.992378048780488,0.121987951807229,0.00801282051282051,0,0.822900763358779,0.0108527131782946,0.00610687022900763,0.274119448698315,0,0.981566820276498,0.905631659056317,0.995398773006135,0.990950226244344,0.100154083204931,0.00777604976671851,0,0,0.186413902053712,0.077639751552795,0.169014084507042,0,0.00153374233128834,0.992389649923896,0.0168453292496172,0.297805642633229,0.993720565149137,0.586626139817629,0.973354231974922,0.658536585365854,0.643712574850299,0,0.99406528189911,0.4078125,0.507716049382716,0.922388059701493,0.981679389312977,0.396923076923077,0.00924499229583975,0.947204968944099,0.949924127465857,0,0.967016491754123,0.0198170731707317,0.975922953451043,0.428787878787879,0,0.0062111801242236,0.523052464228935,0.838810641627543,0.00612557427258806,0.133647798742138,0.00924499229583975,0.00158227848101266,0.753363228699552,0.0250783699059561,0.993548387096774,0.333333333333333,0.987933634992459,0.00454545454545455,0.368098159509202,0.32967032967033,0.875394321766562,0.0924764890282132,0.00764525993883792,0.00150602409638554,0.0421875,0,0.987897125567322,0.0547504025764895,0.976261127596439,0.0031055900621118,0.993769470404984,0,0.515105740181269,0.47360248447205,0.993827160493827,0,0.997014925373134,0,0.398119122257053,0.981927710843373,0,0.65,0.976635514018692,0.74079754601227,0.943217665615142,0.0406626506024096,0,0.996918335901387,0.266770670826833,0,0.687782805429864,0.00599700149925037,0.0194319880418535,0.992211838006231,0.99375,0.984825493171472,0.969465648854962,0.975270479134467,0,0.97125567322239,0.0224887556221889,0.351515151515152,0.294753086419753,0.98780487804878,0.990825688073395,1,0.987897125567322,0.0559757942511346,0.0248062015503876,0.979133226324238,0.954682779456193,0.732006125574273,0.973966309341501,0.995433789954338,0.967642526964561,0,0,0.988183161004431,0,0.0758725341426404,0,0.950844854070661,0.287066246056782,0.214285714285714,0.125757575757576,0.924382716049383,0,0.111620795107034,0.992295839753467,0.993966817496229,0.634108527131783,0.428148148148148,0.205317577548006,0.188340807174888,0.654631083202512,0.00458715596330275,0.128787878787879,0.547140649149923,0.263482280431433,0.700906344410876,0.0171875,0,0.00460122699386503,0.326086956521739,0.995238095238095,0.618098159509202,0.244377811094453,0.624810892586989,0.876132930513595,0.992481203007519,0.961783439490446,0.977671451355662,0.993720565149137,0.992248062015504,0.559505409582689,0.427921092564492,0.992283950617284,0.0105421686746988,0.0134328358208955,0.873261205564142,0.012012012012012,0.992503748125937,0.974474474474474,0,0.109872611464968,0,0.949230769230769,0,0.968181818181818,0.996932515337423,0.014903129657228,0.842923794712286,0.992503748125937,0.660377358490566,0.625,0.884858044164038,0,0,0.924679487179487,0.937219730941704,0.983483483483483,0,0,0.00638977635782748,0.242057488653555,0.5,0,0.453416149068323,0,0.921875,0.993788819875776,0.162460567823344,0.23688155922039,0,0.363494539781591,0.598746081504702,0.859281437125748,0.958271236959762,0.777945619335347,0.00460829493087558,0.982286634460548,0.018348623853211,0.995283018867924,0,0.975720789074355,0.00458715596330275,0.995327102803738,0.028125,0.0187207488299532,0,0,0.83030303030303,0.925349922239502,0.935435435435435,0.716216216216216,0.0298507462686567,0.00923076923076923,0.84,0.837593984962406,0,0.0250783699059561,0.961300309597523,0,0.993640699523052,0.950844854070661,0.0647149460708783,0.0398773006134969,0.00924499229583975,0.993911719939117,0.47360248447205,0.0857580398162328,0.115141955835962,0.123493975903614,0.695447409733124,0.102102102102102,0.993720565149137,0,0.758566978193146,0.980182926829268,0.00154798761609907,0,0.00592592592592593,0,0.00613496932515337,0.995447647951442,0.722488038277512,0.00465116279069767,0.00619195046439629,0.54559748427673,0.954898911353033,0.45,0.0468986384266263,0.00636942675159236,0.0512,0.0154559505409583,0,0.0375586854460094,0.0105263157894737,0.0093167701863354,0.0152905198776758,0.00600600600600601,0.0479134466769706,0.0579268292682927,0.0230414746543779,0.018348623853211,0.00630914826498423,0.024653312788906,0.0226928895612708,0.0551301684532925,0.0139103554868624,0.0185185185185185,0.00625978090766823,0.00933125972006221,0.0417310664605873,0.0122511485451761,0.0239880059970015,0.0061633281972265,0.0420560747663551,0.00879765395894428,0.00775193798449612
"674",0.989028213166144,0.990654205607477,0.963414634146341,0.93522906793049,0.974882260596546,0.99211356466877,0.890965732087227,0.963779527559055,0.992458521870287,0,0.990712074303406,0,0.558599695585997,0.992076069730586,0.0489296636085627,0.0124223602484472,0,0.0156985871271586,0.988993710691824,0.983050847457627,0.168224299065421,0.0398724082934609,0.984544049459042,0,1,0.256609642301711,0.109717868338558,0.979299363057325,0.457703927492447,0.691019786910198,0.0093167701863354,0.691588785046729,0.7792,0.294851794071763,0,0.992175273865415,0.0199386503067485,0.989441930618401,0.267563527653214,0.892966360856269,0.00154559505409583,0.0169230769230769,0.00764525993883792,0.995341614906832,0.776714513556619,0.0251968503937008,0.50547730829421,0.00626959247648903,0.48030303030303,0.133333333333333,0,0.987577639751553,0.2625,0.992260061919505,0.877777777777778,0.169303797468354,0,0.96998420221169,0.945371775417299,0.893188854489164,0.295665634674923,0.435779816513761,0.00938967136150235,0,0.910543130990415,0.822900763358779,0,0.98145285935085,0,0.00946372239747634,0.861068702290076,0.0124416796267496,0.0251968503937008,0.993865030674847,0,0.713414634146341,0.0485584218512898,0.585516178736518,0.889064976228209,0.263591433278418,0,0.710769230769231,0.204892966360856,0.992401215805471,0.106153846153846,0.910334346504559,0.993817619783617,0.964939024390244,0.966309341500766,0.013719512195122,0.979623824451411,0.990697674418605,0,0,0.971383147853736,0,0.301829268292683,0.973765432098765,0.00764525993883792,0.00933125972006221,0.62095531587057,0,0.291021671826625,0.992199687987519,0.107197549770291,0.990461049284579,0.0123456790123457,0.969325153374233,0.00634920634920635,0.0110236220472441,0.0120845921450151,0.9015625,0.3234375,0.984520123839009,0,0.977064220183486,0.706336939721793,0,0.00928792569659443,0.244897959183673,0,0.776212832550861,0.256923076923077,0.0772870662460568,0.969040247678019,0.142857142857143,0.996951219512195,0.989028213166144,0,0.552262090483619,0.928125,0.490536277602524,0.981042654028436,0,0.988941548183254,0.0299850074962519,0,0.221698113207547,0.61993769470405,0.5248,0,0,0.97196261682243,0.775541795665635,0.175632911392405,0.995297805642633,0.0108359133126935,0.919876733436055,0.411111111111111,0.972477064220184,0.141955835962145,0.976851851851852,0.993660855784469,0.849544072948328,0.986089644513138,0.00947867298578199,0.990726429675425,0.00772797527047913,0,0.751196172248804,0.861236802413273,0.977099236641221,0.0261136712749616,0,0.994011976047904,0.466988727858293,0.996815286624204,0.99236641221374,0.992307692307692,0.29483282674772,0.966205837173579,0.00934579439252336,0.941176470588235,0.00605143721633888,0.882539682539683,0.367851622874807,0,0.98145285935085,0,0.849085365853659,0.992354740061162,0.128526645768025,0.975683890577508,0.952307692307692,0.988023952095808,0.969465648854962,0.107361963190184,0.373271889400922,0.92515923566879,0.938906752411576,0.0587326120556414,0.00930232558139535,0.971608832807571,0.854740061162079,0,0,0.308176100628931,0.00152905198776758,0.993930197268589,0.249240121580547,0.867601246105919,0.751902587519026,0.980509745127436,0.440124416796268,0.439324116743472,0.2921875,0.908517350157729,0.961240310077519,0.876524390243902,0,0.887022900763359,0.180511182108626,0.930599369085173,0.0046801872074883,0.0777439024390244,0.542768273716952,0.97339593114241,0.969558599695586,0.83695652173913,0.990811638591118,0.88785046728972,0,0.0787037037037037,0.668702290076336,0.985804416403785,0,0.989329268292683,0.972932330827068,0.553459119496855,0.543778801843318,0.985915492957746,0.992076069730586,0.3671875,0,0.877828054298643,0.527472527472527,0.958990536277603,0.00460829493087558,0.941628264208909,0.990697674418605,0.99075500770416,0.948995363214838,0.54,0.00784929356357928,0.960183767228178,0.532824427480916,0.0104790419161677,0.00754147812971342,0.199687987519501,0.00928792569659443,0.15962441314554,0.678787878787879,0.00778816199376947,0.0138888888888889,0.0153374233128834,0.585626911314985,0.0470219435736677,0.979813664596273,0.0141287284144427,0.00771604938271605,0,0.222397476340694,0.992175273865415,0.971036585365854,0.9046875,0,0.858954041204437,0.855403348554033,0.69170579029734,0.6125,0.460708782742681,0.452681388012618,0.0138674884437596,0.990639625585023,0.106060606060606,0.707006369426752,0.954898911353033,0.0198776758409786,0.744648318042814,0.00927357032457496,0.115740740740741,0.990839694656489,0.993527508090615,0.886115444617785,0,0.643292682926829,0.882170542635659,0,0.00467289719626168,0.892966360856269,0.9703125,0,0.00769230769230769,0.00914634146341463,0.971428571428571,0.875389408099688,0.0064,0,0.376923076923077,0.978227060653188,0.786585365853659,0.388802488335925,0.663551401869159,0.948406676783004,0.0124223602484472,0.992295839753467,0.993846153846154,0.014018691588785,0.958904109589041,0.992199687987519,0.968503937007874,0.993939393939394,0.195652173913043,0.315548780487805,0.28858024691358,0.966666666666667,0.933333333333333,0.053680981595092,0.275272161741835,0.963836477987421,0.142635658914729,0.325859491778774,0.984591679506934,0.995290423861852,0.958715596330275,0.710443037974684,0.98937784522003,0.258620689655172,0.956723338485317,0.992076069730586,0,0.324159021406728,0.5484375,0.0199692780337942,0.0575757575757576,0.012326656394453,0.906727828746177,0.0307692307692308,0.00918836140888208,0,0.235202492211838,0.984472049689441,0.0725308641975309,0.974803149606299,0.958204334365325,0.976452119309262,0.287284144427002,0.2984375,0.68266253869969,0.458937198067633,0,0.82015503875969,0.0212443095599393,0.0434782608695652,0.203076923076923,0.99211356466877,0.00927357032457496,0,0.333841463414634,0.0184899845916795,0.027906976744186,0.458267716535433,0.99375,0.277955271565495,0.992012779552716,0.959438377535101,0,0.982248520710059,0.00605143721633888,0.992526158445441,0.824806201550388,0.993650793650794,0.0203442879499218,0.975460122699387,0.00765696784073507,0.870716510903427,0.722834645669291,0.94,0.975155279503106,0.989096573208723,0.291731669266771,0.962323390894819,0.991058122205663,0.00902255639097744,0.0343213728549142,0.993769470404984,0.990551181102362,0.314984709480122,0.874809160305344,0.966613672496025,0.941628264208909,0.993948562783661,0,0.128775834658188,0.993855606758833,0.00924499229583975,0,0.955038759689922,0.0126782884310618,0.0506329113924051,0.992435703479576,0.962732919254658,0.0046875,0.637636080870918,0.421383647798742,0.974603174603175,0.0112179487179487,0.8798751950078,0.987220447284345,0.376582278481013,0.600931677018634,0.796825396825397,0,0.16358024691358,0.965571205007825,0.989214175654854,0.443759630200308,0.993939393939394,0.966074313408724,0.0398773006134969,0.00155763239875389,0.974124809741248,0.989147286821705,0.946372239747634,0.706686930091185,0.0139751552795031,0.86,0.231481481481481,0.18407960199005,0.00775193798449612,0.623417721518987,0.613458528951487,0.608628659476117,0,0.28,0.906832298136646,0.654853620955316,0.522935779816514,0.0864381520119225,0,0,0.991031390134529,0.966616084977238,0,0.91358024691358,0.0126182965299685,0,0,0.995283018867924,0,0.995245641838352,0.767228177641654,0.525835866261398,0.99390243902439,0,0,0.990625,0.95952023988006,0.724085365853659,0.00762195121951219,0.0032,0.875,0.595129375951294,0.992248062015504,0.532824427480916,0.343653250773994,0,0.967791411042945,0.00807754442649435,0.945397815912636,0.0944272445820433,0,0.0134328358208955,0.113057324840764,0.486443381180223,0.960061443932412,0,0.943939393939394,0.978625954198473,0.992354740061162,0,0.0842607313195548,0.931089743589744,0.00966183574879227,0.990853658536585,0.990963855421687,0.0169753086419753,0.9921875,0.298921417565485,0.798751950078003,0.0201550387596899,0.176656151419558,0.951863354037267,0.012326656394453,0.0093167701863354,0.968421052631579,0.0143769968051118,0.665610142630745,0.396875,0,0.115853658536585,0.740445859872611,0.273006134969325,0.966309341500766,0.0093167701863354,0.14567526555387,0.4528,0.937689969604863,0.873860182370821,0.9629057187017,0.760802469135803,0,0.977341389728097,0.00917431192660551,0.960998439937597,0.395275590551181,0.00910470409711684,0.992295839753467,0.995238095238095,0.99075500770416,0.622874806800618,0.97360248447205,0.128637059724349,0.190402476780186,0.953271028037383,0.875,0,0,0.9826224328594,0.93730407523511,0.0202492211838006,0.980952380952381,0.984709480122324,0.371340523882897,0.921875,0.737577639751553,0.881278538812785,0,0.976635514018692,0.329192546583851,0.990726429675425,0.993836671802773,0,0.65015479876161,0.965625,0.00786163522012579,0.686614173228347,0.384853168469861,0.815868263473054,0.701863354037267,0.956259426847662,0.0973053892215569,0.981102362204724,0.99075500770416,0.970903522205207,0.305246422893482,0.10077519379845,0.98159509202454,0.992331288343558,0.00914634146341463,0.783333333333333,0.457186544342508,0.264296754250386,0.7671875,0.990566037735849,0.883720930232558,0.990853658536585,0.125574272588055,0.00809061488673139,0,0.830745341614907,0.0110236220472441,0.00775193798449612,0.269230769230769,0,0.986046511627907,0.906060606060606,0.992295839753467,0.986024844720497,0.0977917981072555,0.00773993808049536,0,0,0.173166926677067,0.08125,0.157650695517774,0,0.00614439324116743,0.990697674418605,0.0151285930408472,0.296703296703297,0.993690851735016,0.592933947772657,0.971608832807571,0.663622526636225,0.640483383685801,0,0.992424242424242,0.39622641509434,0.500782472613459,0.913897280966767,0.976993865030675,0.386153846153846,0.0124804992199688,0.945736434108527,0.947852760736196,0,0.957767722473605,0.0213414634146341,0.977455716586151,0.438948995363215,0,0.0109375,0.525121555915721,0.84251968503937,0.00766871165644172,0.14171974522293,0.0140405616224649,0.00157728706624606,0.744807121661721,0.0299684542586751,0.99021207177814,0.309923664122137,0.984756097560976,0.00754147812971342,0.388379204892966,0.323943661971831,0.863344051446945,0.0976,0.00757575757575758,0.00303490136570561,0.046875,0,0.990922844175492,0.05,0.970059880239521,0.00941915227629513,0.995290423861852,0,0.515243902439024,0.457231726283048,0.992412746585736,0,0.992469879518072,0,0.392125984251968,0.98145285935085,0,0.654377880184332,0.976377952755906,0.727838258164852,0.942675159235669,0.0364188163884674,0,0.990825688073395,0.279179810725552,0,0.688922610015175,0.00746268656716418,0.0180995475113122,0.992163009404389,0.993710691823899,0.983180428134557,0.966565349544073,0.9734375,0,0.9734375,0.0261136712749616,0.34715821812596,0.291858678955453,0.986068111455108,0.984423676012461,0.987897125567322,1,0.0589147286821705,0.01875,0.975409836065574,0.949924127465857,0.730769230769231,0.975460122699387,0.990922844175492,0.961832061068702,0,0,0.976154992548435,0,0.075,0,0.947122861586314,0.278996865203762,0.20859872611465,0.120980091883614,0.917057902973396,0,0.102446483180428,0.990726429675425,0.992307692307692,0.641185647425897,0.422619047619048,0.213333333333333,0.179604261796043,0.6421875,0.00775193798449612,0.125,0.545171339563863,0.272161741835148,0.722727272727273,0.0107692307692308,0,0.00783699059561128,0.32018927444795,0.990445859872611,0.621913580246914,0.230421686746988,0.633385335413417,0.86676875957121,0.983128834355828,0.955056179775281,0.971786833855799,0.993670886075949,0.995245641838352,0.550231839258114,0.42,0.990580847723705,0.0133136094674556,0.0133928571428571,0.868098159509202,0.013719512195122,0.992389649923896,0.967987804878049,0,0.113418530351438,0,0.937597503900156,0,0.975270479134467,0.993798449612403,0.0167682926829268,0.833594976452119,0.993920972644377,0.659305993690852,0.634674922600619,0.871165644171779,0,0,0.926163723916533,0.931649331352155,0.977134146341463,0,0,0.00627943485086342,0.256880733944954,0.498456790123457,0,0.455950540958269,0,0.925750394944708,0.992150706436421,0.176656151419558,0.236280487804878,0,0.344773790951638,0.589147286821705,0.85099846390169,0.952815829528158,0.7782874617737,0.00771604938271605,0.980830670926518,0.0168711656441718,0.990430622009569,0,0.974397590361446,0.00923076923076923,0.992012779552716,0.0264797507788162,0.0176,0,0,0.827426810477658,0.927330173775671,0.929878048780488,0.724085365853659,0.026865671641791,0.00941915227629513,0.833590138674884,0.830075187969925,0,0.018957345971564,0.96875,0,0.982594936708861,0.947209653092006,0.0729813664596273,0.0476190476190476,0.009375,0.993984962406015,0.4688995215311,0.088785046728972,0.111635220125786,0.120426829268293,0.708860759493671,0.100303951367781,0.993817619783617,0,0.766355140186916,0.977134146341463,0.00474683544303797,0,0.00749625187406297,0,0.00920245398773006,0.992223950233281,0.724960254372019,0.00947867298578199,0.00627943485086342,0.546031746031746,0.943037974683544,0.426153846153846,0.0519877675840979,0.00975609756097561,0.0583596214511041,0.0185471406491499,0,0.0373831775700935,0.0104633781763827,0.00923076923076923,0.0153139356814701,0.00758725341426404,0.0517241379310345,0.0585516178736518,0.0200308166409861,0.0217054263565891,0.00473186119873817,0.0267716535433071,0.0247678018575851,0.0599078341013825,0.0138674884437596,0.0247295208655332,0.00786163522012579,0.00625,0.0476190476190476,0.0125195618153365,0.0274809160305344,0.00917431192660551,0.0399385560675883,0.00907715582450832,0.00778816199376947
"675",0.0481540930979133,0.0514018691588785,0.0555555555555556,0.0580847723704867,0.048,0.0595813204508857,0.075,0.0511627906976744,0.0521472392638037,0.916006339144215,0.0501567398119122,0.910798122065728,0.0551301684532925,0.0573248407643312,0.03125,0.0297339593114241,0.914634146341463,0.91601866251944,0.05625,0.0559875583203732,0.0470219435736677,0.0291734197730956,0.049306625577812,0.922839506172839,0.0552995391705069,0.0395569620253165,0.0331230283911672,0.0552922590837283,0.0594512195121951,0.0566615620214395,0.0306278713629403,0.0679012345679012,0.0664556962025316,0.0344827586206897,0.917445482866044,0.0525502318392581,0.933641975308642,0.0580152671755725,0.0507462686567164,0.0486322188449848,0.916006339144215,0.911353032659409,0.916279069767442,0.0602218700475436,0.05103668261563,0.0268987341772152,0.0425196850393701,0.0330188679245283,0.0606060606060606,0.0349013657056146,0.924846625766871,0.0504731861198738,0.0451010886469673,0.0561622464898596,0.0811232449297972,0.0302547770700637,0.912559618441971,0.0496794871794872,0.0634674922600619,0.0596330275229358,0.0354938271604938,0.0572755417956656,0.028125,0.914012738853503,0.0563607085346216,0.0632716049382716,0.91692789968652,0.0579937304075235,0.915360501567398,0.0235109717868339,0.0592705167173252,0.0296875,0.0278637770897833,0.0564024390243902,0.91588785046729,0.0625,0.0307219662058372,0.0673981191222571,0.0726698262243286,0.0347107438016529,0.914556962025316,0.053680981595092,0.039453717754173,0.0509259259259259,0.0354938271604938,0.0540123456790123,0.0601851851851852,0.0525502318392581,0.0402476780185759,0.921898928024502,0.0570522979397781,0.0527131782945736,0.906832298136646,0.915756630265211,0.0585443037974684,0.910077519379845,0.0768049155145929,0.0542635658914729,0.916666666666667,0.914826498422713,0.0719754977029096,0.919937205651491,0.0523809523809524,0.0619047619047619,0.0425531914893617,0.0523809523809524,0.925515055467512,0.0577223088923557,0.0311526479750779,0.0266875981161695,0.0263565891472868,0.0747217806041336,0.0417956656346749,0.0469483568075117,0.918367346938776,0.0540123456790123,0.0658307210031348,0.914373088685015,0.0320121951219512,0.0347003154574132,0.921658986175115,0.062111801242236,0.0539291217257319,0.0337078651685393,0.0625,0.0383435582822086,0.0519083969465649,0.0519685039370079,0.915873015873016,0.0720858895705521,0.0571428571428571,0.0512,0.0544,0.909923664122137,0.0573248407643312,0.0258751902587519,0.924382716049383,0.0506329113924051,0.0443037974683544,0.0750798722044728,0.919685039370079,0.916129032258065,0.0526315789473684,0.0661417322834646,0.0412698412698413,0.0504731861198738,0.0296411856474259,0.0604651162790698,0.0522151898734177,0.047112462006079,0.0478468899521531,0.0518867924528302,0.0526315789473684,0.0636645962732919,0.0538461538461538,0.0253565768621236,0.058641975308642,0.0319488817891374,0.908809891808346,0.0550314465408805,0.0737951807228916,0.0569230769230769,0.031866464339909,0.921052631578947,0.0478395061728395,0.061128526645768,0.0549273021001615,0.0559875583203732,0.0461538461538462,0.0304878048780488,0.0539291217257319,0.0282131661442006,0.0590909090909091,0.024024024024024,0.0659163987138264,0.0368663594470046,0.915227629513344,0.0481366459627329,0.91640866873065,0.046656298600311,0.054858934169279,0.0301109350237718,0.0541795665634675,0.0602782071097372,0.0557228915662651,0.062015503875969,0.0280811232449298,0.0455235204855842,0.0530546623794212,0.0563380281690141,0.0375,0.0295031055900621,0.0557324840764331,0.0869565217391304,0.911719939117199,0.921630094043887,0.0515625,0.921752738654147,0.0547112462006079,0.0396341463414634,0.0566037735849057,0.0441400304414003,0.0531914893617021,0.0727848101265823,0.0564885496183206,0.0657051282051282,0.0557275541795666,0.0451010886469673,0.0676923076923077,0.907523510971787,0.0625978090766823,0.0512,0.0569620253164557,0.0297805642633229,0.0351145038167939,0.073094867807154,0.0524642289348172,0.0591805766312595,0.0582822085889571,0.0549618320610687,0.0622083981337481,0.92093023255814,0.0357698289269051,0.060790273556231,0.0540540540540541,0.9234375,0.0565749235474006,0.0587349397590361,0.0658307210031348,0.0477657935285054,0.0516431924882629,0.0574162679425837,0.0911949685534591,0.923076923076923,0.0692307692307692,0.054140127388535,0.0560897435897436,0.0298273155416013,0.0520673813169985,0.0579937304075235,0.0543478260869565,0.0528771384136858,0.0555555555555556,0.0361067503924647,0.0516431924882629,0.0397553516819572,0.033434650455927,0.0274390243902439,0.0330708661417323,0.031496062992126,0.0476947535771065,0.0592705167173252,0.0310077519379845,0.0296411856474259,0.0307219662058372,0.0668740279937792,0.0349761526232114,0.0628930817610063,0.90894819466248,0.0311526479750779,0.917557251908397,0.0511182108626198,0.0581761006289308,0.0470219435736677,0.061633281972265,0.924499229583975,0.0715421303656598,0.061633281972265,0.0512422360248447,0.0573643410852713,0.0417956656346749,0.0535433070866142,0.908242612752722,0.0489731437598736,0.0444104134762634,0.0609951845906902,0.0613207547169811,0.0327102803738318,0.0592823712948518,0.0326086956521739,0.0413476263399694,0.0593607305936073,0.0570962479608483,0.0699523052464229,0.916666666666667,0.0626911314984709,0.0770440251572327,0.91499227202473,0.0320121951219512,0.0730593607305936,0.0518053375196232,0.91640866873065,0.0306748466257669,0.0354391371340524,0.0544871794871795,0.0604133545310016,0.0238853503184713,0.916666666666667,0.0850077279752705,0.0461783439490446,0.0626911314984709,0.0464396284829721,0.0690737833594976,0.0589147286821705,0.0308166409861325,0.0612557427258806,0.0522273425499232,0.0301109350237718,0.0583717357910906,0.0552995391705069,0.0500807754442649,0.0553846153846154,0.0344287949921753,0.0562310030395137,0.0590062111801242,0.0557324840764331,0.0641025641025641,0.873456790123457,0.0391849529780564,0.0569230769230769,0.0279937791601866,0.0358208955223881,0.0539291217257319,0.0554699537750385,0.0511627906976744,0.0637958532695375,0.0581929555895865,0.0296875,0.0622083981337481,0.0518867924528302,0.921507064364207,0.0555555555555556,0.104166666666667,0.027906976744186,0.88208269525268,0.031866464339909,0.05625,0.0337941628264209,0.0340557275541796,0.92802450229709,0.0326086956521739,0.0598425196850394,0.0338461538461538,0.0559105431309904,0.0582677165354331,0.0636942675159236,0.0608424336973479,0.0520325203252033,0.06875,0.0461783439490446,0.912254160363086,0.066358024691358,0.0337423312883436,0.0321100917431193,0.0387596899224806,0.0540540540540541,0.0327102803738318,0.908950617283951,0.0540123456790123,0.0308641975308642,0.034375,0.0517241379310345,0.0559875583203732,0.0422077922077922,0.0522875816993464,0.0516431924882629,0.919452887537994,0.0430906389301634,0.0291858678955453,0.0634441087613293,0.0574534161490683,0.0574162679425837,0.0388802488335925,0.053030303030303,0.0277777777777778,0.058641975308642,0.0583596214511041,0.0648148148148148,0.0604229607250755,0.0561622464898596,0.0543478260869565,0.0513219284603421,0.0519877675840979,0.0303951367781155,0.0297339593114241,0.0565149136577708,0.0609375,0.0342679127725857,0.0574534161490683,0.0581583198707593,0.0540123456790123,0.0581929555895865,0.919558359621451,0.0315955766192733,0.057542768273717,0.0283464566929134,0.9109375,0.0575079872204473,0.921011058451817,0.028391167192429,0.0531107738998483,0.0625978090766823,0.925515055467512,0.0837282780410742,0.0425196850393701,0.0634920634920635,0.0317965023847377,0.0581761006289308,0.0556438791732909,0.0551181102362205,0.0680061823802164,0.0572337042925278,0.923566878980892,0.0530421216848674,0.0564516129032258,0.0599369085173502,0.0375586854460094,0.0547945205479452,0.0412541254125413,0.0309119010819165,0.91499227202473,0.0598159509202454,0.0574534161490683,0.0560747663551402,0.0620272314674735,0.029595015576324,0.0662460567823344,0.0383435582822086,0.0756843800322061,0.922600619195046,0.0646687697160883,0.0600315955766193,0.0584615384615385,0.914860681114551,0.0540540540540541,0.0572755417956656,0.0584615384615385,0.0401854714064915,0.0289193302891933,0.921296296296296,0.919207317073171,0.0612855007473842,0.0519083969465649,0.919504643962848,0.0584615384615385,0.913385826771654,0.916537867078825,0.904153354632588,0.0630914826498423,0.918836140888208,0.054140127388535,0.0645669291338583,0.0749235474006116,0.0581039755351682,0.9136,0.923317683881064,0.054773082942097,0.0571428571428571,0.0510835913312693,0.0275650842266462,0.918789808917197,0.0796324655436447,0.0625,0.0555555555555556,0.0428790199081164,0.0405616224648986,0.925349922239502,0.0508474576271186,0.0237341772151899,0.0688,0.0283464566929134,0.91271056661562,0.0285714285714286,0.0377952755905512,0.05,0.0609375,0.913657770800628,0.0587349397590361,0.0538461538461538,0.0487804878048781,0.922118380062305,0.0327102803738318,0.0516129032258065,0.024232633279483,0.049306625577812,0.045662100456621,0.0276497695852535,0.0446153846153846,0.0623100303951368,0.0628834355828221,0.0327613104524181,0.0447284345047923,0.0526315789473684,0.918622848200313,0.0261941448382126,0.0552147239263804,0.0286168521462639,0.0679304897314376,0.0482866043613707,0.91937984496124,0.0354938271604938,0.0668789808917197,0.0612557427258806,0.0527131782945736,0.0248062015503876,0.037037037037037,0.0563607085346216,0.0558069381598793,0.0602409638554217,0.0536277602523659,0.068362480127186,0.914330218068536,0.0602782071097372,0.0305810397553517,0.0546021840873635,0.0612903225806452,0.0307219662058372,0.0474732006125574,0.062111801242236,0.0507936507936508,0.0488188976377953,0.0544323483670296,0.042654028436019,0.0505529225908373,0.0579937304075235,0.0701219512195122,0.924012158054711,0.918367346938776,0.0487421383647799,0.0587301587301587,0.03486529318542,0.0602218700475436,0.0482115085536547,0.0643185298621746,0.0523809523809524,0.0569620253164557,0.0825688073394495,0.922960725075529,0.0507936507936508,0.0855365474339036,0.0551301684532925,0.0532915360501567,0.929984779299848,0.0592823712948518,0.0598425196850394,0.0315955766192733,0.0560897435897436,0.037914691943128,0.0599700149925037,0.0578125,0.052790346907994,0.0329835082458771,0.059190031152648,0.0636645962732919,0.0552147239263804,0.0748407643312102,0.0612244897959184,0.0497667185069984,0.0496894409937888,0.921212121212121,0.0632716049382716,0.0561622464898596,0.034375,0.0588235294117647,0.0518867924528302,0.0540958268933539,0.0475460122699387,0.70398773006135,0.0292682926829268,0.91553544494721,0.0590979782270607,0.0282574568288854,0.0313479623824451,0.0358814352574103,0.918495297805643,0.0573643410852713,0.0580152671755725,0.0573643410852713,0.0505359877488515,0.0406885758998435,0.0235109717868339,0.924698795180723,0.915254237288136,0.0442338072669826,0.0347551342812006,0.0393700787401575,0.921296296296296,0.0276923076923077,0.0505359877488515,0.546153846153846,0.0584518167456556,0.0517241379310345,0.0811232449297972,0.0516431924882629,0.0584615384615385,0.0583717357910906,0.909647779479326,0.0582959641255605,0.068362480127186,0.0630914826498423,0.0596330275229358,0.0518292682926829,0.0527950310559006,0.913178294573643,0.0553846153846154,0.0584615384615385,0.9234375,0.0549618320610687,0.0265625,0.0483091787439614,0.0637636080870918,0.917573872472784,0.924731182795699,0.0692431561996779,0.0647709320695103,0.032967032967033,0.0287081339712919,0.911811023622047,0.908943089430894,0.0464767616191904,0.0318471337579618,0.0503246753246753,0.0415384615384615,0.0522273425499232,0.0243161094224924,0.0343213728549142,0.0302547770700637,0.0669781931464174,0.0385852090032154,0.0263565891472868,0.929339477726575,0.0327613104524181,0.913312693498452,0.0564885496183206,0.174474959612278,0.0562310030395137,0.0313971742543171,0.0569620253164557,0.921174652241113,0.0499243570347958,0.0616113744075829,0.0590062111801242,0.914285714285714,0.0501519756838906,0.917981072555205,0.0501567398119122,0.0570107858243451,0.921092564491654,0.0824261275272162,0.0546021840873635,0.0418604651162791,0.0549450549450549,0.0306748466257669,0.924031007751938,0.0555555555555556,0.0412044374009509,0.913373860182371,0.0632716049382716,0.0195488721804511,0.0306748466257669,0.0535433070866142,0.0573248407643312,0.049079754601227,0.0518867924528302,0.0489731437598736,0.902927580893683,0.0532915360501567,0.902927580893683,0.0948012232415902,0.0387596899224806,0.0544323483670296,0.0570107858243451,0.0559757942511346,0.0589147286821705,1,0.027906976744186,0.0558213716108453,0.0540123456790123,0.0604651162790698,0.0561622464898596,0.048062015503876,0.0501567398119122,0.911042944785276,0.932926829268293,0.0544629349470499,0.922960725075529,0.0384024577572965,0.915902140672783,0.0519685039370079,0.0448717948717949,0.035426731078905,0.0384615384615385,0.0538827258320127,0.927131782945736,0.035548686244204,0.05625,0.0554699537750385,0.0546875,0.0611028315946349,0.0434782608695652,0.0290076335877863,0.0474683544303797,0.0309119010819165,0.0311526479750779,0.0625978090766823,0.0386398763523957,0.0643185298621746,0.0279937791601866,0.923076923076923,0.028169014084507,0.0968253968253968,0.0545746388443018,0.1328125,0.0477611940298507,0.0601851851851852,0.0646153846153846,0.0546282245827011,0.0561797752808989,0.0513643659711075,0.0554675118858954,0.0563380281690141,0.0489731437598736,0.0398162327718224,0.0483619344773791,0.0284431137724551,0.0290076335877863,0.0693374422187981,0.911450381679389,0.0505359877488515,0.0539291217257319,0.919937205651491,0.0365079365079365,0.9140625,0.0533751962323391,0.914653784219002,0.0526315789473684,0.0483619344773791,0.0292758089368259,0.0570107858243451,0.0507692307692308,0.0665610142630745,0.0511627906976744,0.0760869565217391,0.91705069124424,0.929012345679012,0.0616883116883117,0.0586466165413534,0.0527950310559006,0.915644171779141,0.916030534351145,0.0268987341772152,0.0365296803652968,0.0585516178736518,0.904238618524333,0.0501567398119122,0.923780487804878,0.0503937007874016,0.0638977635782748,0.0814696485623003,0.0478395061728395,0.917431192660551,0.0507131537242472,0.0327102803738318,0.0604651162790698,0.054380664652568,0.0660522273425499,0.0250783699059561,0.0609951845906902,0.807210031347962,0.0516962843295638,0.913793103448276,0.0559757942511346,0.923913043478261,0.0543130990415335,0.0253164556962025,0.377952755905512,0.919629057187017,0.9168,0.066358024691358,0.0523809523809524,0.0652173913043478,0.0589123867069486,0.0273141122913505,0.0346456692913386,0.0559006211180124,0.0499243570347958,0.919431279620853,0.0248447204968944,0.054858934169279,0.912442396313364,0.0537974683544304,0.0552147239263804,0.0282131661442006,0.888540031397174,0.0252365930599369,0.0522273425499232,0.0496,0.0313971742543171,0.0369181380417336,0.0353302611367127,0.0636942675159236,0.0350609756097561,0.0493827160493827,0.919876733436055,0.0637636080870918,0.0502283105022831,0.914556962025316,0.921752738654147,0.0299850074962519,0.91283676703645,0.0294117647058824,0.053680981595092,0.0509554140127389,0.0304,0.0254777070063694,0.0744849445324881,0.0683229813664596,0.0557275541795666,0.894333843797856,0.032,0.838095238095238,0.922839506172839,0.926040061633282,0.18125,0.0291858678955453,0.0252365930599369,0.0320121951219512,0.0276497695852535,0.878548895899054,0.878971255673222,0.0264797507788162,0.910377358490566,0.915335463258786,0.895148669796557,0.904320987654321,0.874809160305344,0.027906976744186,0.932098765432099,0.0209677419354839,0.029320987654321,0.883464566929134,0.0309119010819165,0.89409984871407,0.03125,0.0809968847352025,0.031390134529148,0.0219435736677116
"676",0.0145631067961165,0.0141287284144427,0.0422535211267606,0.0759289176090469,0.0293159609120521,0.0130293159609121,0.112519809825674,0.0394944707740916,0.0170015455950541,0,0.0157977883096366,0,0.460691823899371,0.015748031496063,0.946117274167987,0.98116169544741,0,0.00157232704402516,0.0143769968051118,0.0326594090202177,0.84375,0.962540716612378,0.0246913580246914,0,0.057542768273717,0.758842443729904,0.88801261829653,0.0242718446601942,0.558641975308642,0.332807570977918,0.984544049459042,0.333333333333333,0.252427184466019,0.706624605678233,0,0.00943396226415094,0.0031104199066874,0.0217729393468118,0.759090909090909,0.10625,0,0,0,0.0144,0.225859247135843,1,0.503164556962025,0.982758620689655,0.53587786259542,0.867078825347759,0,0.019047619047619,0.738095238095238,0.0127186009538951,0.12199036918138,0.852380952380952,0,0.036624203821656,0.0524691358024691,0.0995334370139969,0.712264150943396,0.591836734693878,0.987158908507223,0,0.116013071895425,0.19435736677116,0,0.0236593059936909,0,0.988853503184713,0.148205928237129,0.985871271585557,0.96998420221169,0.0122699386503067,0,0.313664596273292,0.950078003120125,0.435054773082942,0.113924050632911,0.749169435215947,0,0.313572542901716,0.797839506172839,0.0186335403726708,0.883177570093458,0.11402157164869,0.0173228346456693,0.0485133020344288,0.0436817472698908,0,0.0304975922953451,0.0141955835962145,0,0,0.0365079365079365,0,0.708141321044547,0.0328125,0,0,0.406299212598425,0,0.736507936507937,0.0110584518167457,0.91358024691358,0.0146103896103896,0,0.0313971742543171,0.984076433121019,0.990712074303406,0.974683544303797,0.0996835443037975,0.681818181818182,0.0250783699059561,0,0.031104199066874,0.311320754716981,0,0.984152139461173,0.7776,0,0.253943217665615,0.764612954186414,0.917065390749601,0.0420560747663551,0.851968503937008,0.0184899845916795,0.0171875,0,0.478672985781991,0.0764331210191083,0.526484751203852,0.0223642172523962,0,0.0211382113821138,0.972179289026275,0,0.805466237942122,0.395866454689984,0.508943089430894,0,0,0.0363349131121643,0.2625,0.835725677830941,0.0171073094867807,0.977952755905512,0.089922480620155,0.606973058637084,0.0325581395348837,0.877022653721683,0.03125,0.0142857142857143,0.167987321711569,0.0156494522691706,0.983844911147011,0.0140625,0.985871271585557,0,0.283699059561129,0.13587786259542,0.0328125,0.979655712050078,0,0.0124804992199688,0.54414125200642,0.014827018121911,0.0141287284144427,0.0124416796267496,0.716279069767442,0.0359375,0.982704402515723,0.0615384615384615,0.98780487804878,0.119808306709265,0.65015479876161,0,0.028391167192429,0,0.155802861685215,0.0172955974842767,0.8752,0.0312989045383412,0.0663507109004739,0.0242792109256449,0.0383435582822086,0.9171875,0.641538461538462,0.0868167202572347,0.071656050955414,0.9424,0.987361769352291,0.0353130016051364,0.132605304212168,0,0,0.728867623604466,0,0.00770416024653313,0.769938650306748,0.128367670364501,0.257364341085271,0.0257966616084977,0.584786053882726,0.57032457496136,0.735433070866142,0.0921875,0.0421875,0.131782945736434,0,0.128325508607199,0.838095238095238,0.0706436420722135,0.985691573926868,0.924615384615385,0.497652582159624,0.0316957210776545,0.0353302611367127,0.188589540412044,0.0109546165884194,0.120443740095087,0,0.932283464566929,0.355590062111801,0.0226171243941842,0,0.0170542635658915,0.0368663594470046,0.474258970358814,0.478672985781991,0.026813880126183,0.0163132137030995,0.645110410094637,0,0.111963190184049,0.494470774091627,0.040453074433657,0.984301412872841,0.0539291217257319,0.0143312101910828,0.00943396226415094,0.0540540540540541,0.471406491499227,0.987240829346092,0.0451713395638629,0.47360248447205,0.98159509202454,0.984732824427481,0.798107255520505,0.990536277602524,0.848966613672496,0.359567901234568,0.98755832037325,0.984375,0.98125,0.432721712538226,0.951768488745981,0.028391167192429,0,0.984423676012461,0,0.77511961722488,0.0157977883096366,0.0393700787401575,0.102685624012638,0,0.132045088566828,0.147239263803681,0.333860759493671,0.416536661466459,0.559505409582689,0.562599049128368,0,0.0160513643659711,0.9078125,0.324675324675325,0.05229793977813,0.984276729559748,0.27115987460815,0.9824,0.899068322981366,0.0121951219512195,0.0147540983606557,0.112721417069243,0,0.379256965944272,0.120443740095087,0,0.987654320987654,0.105990783410138,0.0304,0,0.990712074303406,0.9858934169279,0.0323101777059774,0.12621359223301,0.987096774193548,0,0.618380062305296,0.0224358974358974,0.232771822358346,0.629160063391442,0.375399361022364,0.0527950310559006,0.979750778816199,0.0168453292496172,0.0171875,0.977777777777778,0.0470957613814757,0.0141287284144427,0.0390879478827362,0.0126382306477093,0.829652996845426,0.699844479004666,0.742496050552923,0.0335463258785942,0.0764227642276423,0.00156739811912226,0.745571658615137,0.0330188679245283,0.848580441640379,0.69969512195122,0.0221169036334913,0.0142857142857143,0.0476190476190476,0.32,0.0135542168674699,0.759554140127389,0.0520673813169985,0.0162337662337662,0,0.688073394495413,0.474842767295597,1,0.0015600624024961,0.978461538461538,0.108490566037736,0.963949843260188,0.987441130298273,0,0.785488958990536,0.0253164556962025,0.920886075949367,0.0310457516339869,0.0427892234548336,0.0283018867924528,0.735483870967742,0.73257698541329,0.342767295597484,0.570491803278689,0,0.201923076923077,0.972179289026275,0.957943925233645,0.816640986132512,0.014446227929374,0.985915492957746,0,0.675,0.983024691358025,0.968152866242038,0.527910685805423,0.0129449838187702,0.736421725239617,0.0132669983416252,0.0398089171974522,0,0.0239880059970015,0.987538940809969,0.0154559505409583,0.188180404354588,0.0146579804560261,0.976303317535545,0.0356589147286822,0.984101748807631,0.13302034428795,0.295055821371611,0.0688575899843505,0.0264385692068429,0.015748031496063,0.736593059936908,0.0458135860979463,0.014018691588785,0.984544049459042,0.959055118110236,0.0125984251968504,0.0158982511923688,0.694573643410853,0.131955484896661,0.0533117932148627,0.0560747663551402,0.0141065830721003,0,0.897560975609756,0.0141732283464567,0.985849056603774,0,0.0496,0,0.959677419354839,0.0124804992199688,0.0504731861198738,0,0.39171974522293,0.6,0.0304487179487179,0.9824,0.152380952380952,0.0194489465153971,0.651419558359621,0.419906687402799,0.22488038277512,0,0.867088607594937,0.0370967741935484,0.014446227929374,0.575039494470774,0.0155038759689922,0.0385259631490787,0.962674961119751,0,0.0311526479750779,0.01743264659271,0.0568720379146919,0.321981424148607,0.977917981072555,0.1424,0.765258215962441,0.820554649265905,0,0.404120443740095,0.402843601895735,0.400943396226415,0,0.742301458670989,0.102685624012638,0.376377952755906,0.4984375,0.927162367223065,0,0,0.0134328358208955,0.0396946564885496,0,0.101105845181675,0,0,0,0.01743264659271,0,0.016260162601626,0.248062015503876,0.506870229007634,0.0121765601217656,0,0,0.0203125,0.0488549618320611,0.306376360808709,0.98755832037325,0,0.126543209876543,0.430555555555556,0.0171875,0.490712074303406,0.672926447574335,0,0.034375,0.98546042003231,0.0549273021001615,0.9185303514377,0,0.97869101978691,0.885167464114832,0.516393442622951,0.0432,0,0.0615384615384615,0.0361635220125786,0.0123456790123457,0,0.9424,0.0691927512355848,0.980519480519481,0.012326656394453,0.0123839009287926,0.979655712050078,0.0172143974960876,0.7265625,0.215625,0.976415094339623,0.853181076672104,0.0496,0,0.985915492957746,0.0420560747663551,0.993464052287582,0.376623376623377,0.604501607717042,0,0.88646967340591,0.270700636942675,0.75625,0.0407523510971787,0.988817891373802,0.862341772151899,0.548701298701299,0.0672782874617737,0.125766871165644,0.0458135860979463,0.280388978930308,0,0.029595015576324,0.984447900466563,0.0397456279809221,0.625806451612903,0.987673343605547,0.010752688172043,0.0143312101910828,0.0111642743221691,0.386075949367089,0.0295489891135303,0.892455858747994,0.824561403508772,0.0700934579439252,0.123244929797192,0,0,0.0208333333333333,0.0707395498392283,0.975767366720517,0.0291734197730956,0.0238853503184713,0.65987460815047,0.0834670947030498,0.282051282051282,0.108895705521472,0,0.0421393841166937,0.679425837320574,0.0125984251968504,0.0173775671406003,0,0.382539682539683,0.0428571428571429,0.985623003194888,0.340255591054313,0.631911532385466,0.220364741641337,0.333863275039746,0.0531914893617021,0.909090909090909,0.0300632911392405,0.0140405616224649,0.0293663060278207,0.723300970873786,0.888888888888889,0.0267716535433071,0.0153846153846154,0,0.236111111111111,0.546310832025118,0.757575757575758,0.245222929936306,0.0174050632911392,0.137876386687797,0.0123647604327666,0.117647058823529,0.986970684039088,0,0.194006309148265,0.985645933014354,0.984251968503937,0.746478873239437,0,0.0221518987341772,0.107644305772231,0.0142857142857143,0.0201238390092879,0.913385826771654,0.99211356466877,0,0,0.844911147011309,0.915064102564103,0.860979462875197,0,0.989079563182527,0.010752688172043,0.413793103448276,0.740157480314961,0.0144,0.431962025316456,0.0407830342577488,0.356037151702786,0.376360808709176,0,0.010590015128593,0.633757961783439,0.520634920634921,0.0842266462480858,0.0201863354037267,0.624413145539906,0,0.0556438791732909,0.0542635658914729,0,0.0466867469879518,0.971653543307087,0.0297029702970297,0.584615384615385,0,0,0.503246753246753,0.171156893819334,0.985759493670886,0.87719298245614,0,0,0.276073619631902,0.965244865718799,0.0148514851485149,0.70735524256651,0.0171606864274571,0.984447900466563,0.622047244094488,0.694488188976378,0.135483870967742,0.906148867313916,0.982866043613707,0,0.9456,0,0.0153139356814701,0.795786061588331,0.0301659125188537,0.979299363057325,0.0126984126984127,0,0.498456790123457,0.560192616372392,0.0127388535031847,0,0.0171875,0,0.627228525121556,0.0296411856474259,0,0.361769352290679,0.032051282051282,0.276461295418641,0.067741935483871,0.96,0,0.0141065830721003,0.748397435897436,0,0.325038880248834,0.987823439878234,0.97191887675507,0.0141287284144427,0.0127388535031847,0.0248447204968944,0.0410742496050553,0.0318471337579618,0,0.0363349131121643,0,0.665116279069767,0.734920634920635,0.0238473767885533,0.0238473767885533,0.0248062015503876,0.01875,0.027906976744186,1,0.0296540362438221,0.0578125,0.314641744548287,0.0369230769230769,0.0140625,0.0443037974683544,0,0,0.0315315315315315,0,0.933229813664596,0,0.0538827258320127,0.729299363057325,0.799347471451876,0.889589905362776,0.0792880258899676,0,0.903426791277259,0.0140405616224649,0.013953488372093,0.37007874015748,0.60763358778626,0.790977443609023,0.837209302325581,0.3728,0.987421383647799,0.875981161695447,0.475667189952904,0.752365930599369,0.322429906542056,0.973354231974922,0,0.982484076433121,0.690590111642743,0.0114754098360656,0.3765625,0.792998477929985,0.403481012658228,0.131375579598145,0.0275650842266462,0.0506535947712418,0.03486529318542,0.0128824476650564,0.0178282009724473,0.474683544303797,0.600624024960998,0.0140845070422535,0.983128834355828,0.981566820276498,0.138801261829653,0,0.014018691588785,0.0420560747663551,0,0.894060995184591,0,0.0639625585023401,0,0.0438184663536776,0.0141509433962264,0.978395061728395,0.18025078369906,0.0124031007751938,0.376602564102564,0.409090909090909,0.128775834658188,0,0,0.0784313725490196,0.0712121212121212,0.0244648318042813,0,0,0.987138263665595,0.783616692426584,0.512578616352201,0,0.566302652106084,0,0.0850722311396469,0.0125786163522013,0.811993517017828,0.773700305810398,0,0.67487684729064,0.423622047244094,0.149765990639626,0.0523882896764253,0.247663551401869,0.988941548183254,0.0245098039215686,0.0900473933649289,0.0130718954248366,0,0.0290519877675841,0,0.012779552715655,0.97933227344992,0.6112,0,0,0.189735614307932,0.0791599353796446,0.0622083981337481,0.287925696594427,0.967791411042945,0.979591836734694,0.176656151419558,0.170245398773006,0,0.977848101265823,0.0462519936204147,0,0.0302066772655008,0.0602782071097372,0.932389937106918,0,0.9828125,0.0124223602484472,0.551834130781499,0.92246835443038,0.895330112721417,0.894245723172628,0.329617834394904,0.899390243902439,0.0155763239875389,0,0.261562998405104,0.0310077519379845,0,0,0.986404833836858,0,0.985645933014354,0.0156494522691706,0.296474358974359,0.982113821138211,0.9872,0.491935483870968,0.0558213716108453,0.585669781931464,0,0.985436893203884,0.0537459283387622,0.00773993808049536,0,0.799368088467615,0.976851851851852,0.983948635634029,0.970172684458399,0.987480438184664,0,0,0.968652037617555,0.00625,0.00321543408360129,0.0234009360374415,0.00462962962962963,0,0.976190476190476,0.0109034267912773,0.98694942903752,0.9858934169279,0,0.9826224328594,0.0461538461538462,0.985849056603774,0.8890625,0.984779299847793,0.984126984126984
"677",0.98841059602649,0.983739837398374,0.974235104669887,0.944353518821604,0.98330550918197,0.985,0.895424836601307,0.974068071312804,0.985507246376812,0,0.981937602627258,0,0.568659127625202,0.981757877280265,0.0610932475884244,0.0208333333333333,0,0.0181818181818182,0.988155668358714,0.973813420621931,0.175040518638574,0.0461538461538462,0.974068071312804,0,0.944625407166124,0.241776315789474,0.126418152350081,0.973288814691152,0.489698890649762,0.707395498392283,0.0158730158730159,0.696920583468395,0.768092105263158,0.300324675324675,0,0.987034035656402,0.0113268608414239,0.980551053484603,0.271565495207668,0.893719806763285,0.00164744645799012,0.0188976377952756,0.00486223662884927,0.983792544570502,0.779089376053963,0.0359477124183007,0.491803278688525,0.0162866449511401,0.500794912559618,0.140600315955766,0,0.98019801980198,0.276527331189711,0.983498349834984,0.887772194304858,0.180762852404643,0,0.962108731466227,0.953301127214171,0.903691813804173,0.288676236044657,0.455573505654281,0.0128410914927769,0,0.895622895622896,0.836012861736334,0,0.975688816855754,0,0.0150753768844221,0.850722311396469,0.0198675496688742,0.0308441558441558,0.982315112540193,0,0.721153846153846,0.0543130990415335,0.588138385502471,0.899665551839465,0.282828282828283,0,0.714285714285714,0.215873015873016,0.985623003194888,0.126009693053312,0.908945686900958,0.980676328502415,0.966237942122186,0.957996768982229,0.00963081861958266,0.97682119205298,0.980676328502415,0,0,0.970394736842105,0,0.311074918566775,0.980922098569157,0.00802568218298555,0.00967741935483871,0.630894308943089,0,0.299840510366826,0.986733001658375,0.124006359300477,0.986733001658375,0.00980392156862745,0.972624798711755,0.0163398692810458,0.0226537216828479,0.0243111831442464,0.897394136807818,0.352845528455285,0.975083056478405,0,0.9826224328594,0.723472668810289,0,0.0160513643659711,0.22824302134647,0,0.762767710049423,0.26580226904376,0.0874587458745875,0.974358974358974,0.155339805825243,0.979032258064516,0.981996726677578,0,0.5568,0.942716857610475,0.5,0.978476821192053,0,0.983471074380165,0.0337078651685393,0,0.230642504118616,0.614147909967846,0.533884297520661,0,0,0.980582524271845,0.76537216828479,0.179571663920923,0.983498349834984,0.0246710526315789,0.929260450160772,0.411371237458194,0.979559748427673,0.144295302013423,0.975728155339806,0.986820428336079,0.844155844155844,0.985365853658537,0.0117252931323283,0.982171799027553,0.0179445350734095,0,0.754471544715447,0.868131868131868,0.972402597402597,0.0384,0,0.987261146496815,0.463743676222597,0.984873949579832,0.983870967741935,0.983844911147011,0.30064308681672,0.979233226837061,0.0148026315789474,0.961783439490446,0.0159489633173844,0.898858075040783,0.361290322580645,0,0.97557003257329,0,0.850891410048622,0.983579638752053,0.132450331125828,0.996794871794872,0.935691318327974,0.974763406940063,0.968102073365231,0.108414239482201,0.383411580594679,0.922948073701843,0.942339373970346,0.0734094616639478,0.0192616372391653,0.980360065466448,0.863636363636364,0,0,0.313014827018122,0.00160771704180064,0.985576923076923,0.2768,0.883223684210526,0.764991896272285,0.987117552334944,0.443719412724307,0.441082802547771,0.302325581395349,0.941368078175896,0.965630114566285,0.871382636655949,0,0.875816993464052,0.193069306930693,0.947967479674797,0.0163132137030995,0.0759493670886076,0.560192616372392,0.969205834683955,0.992,0.827868852459016,0.983818770226537,0.887254901960784,0,0.0818330605564648,0.67258064516129,0.985099337748344,0,0.9792,0.98116169544741,0.567699836867863,0.545454545454545,0.975609756097561,0.979899497487437,0.379032258064516,0,0.892628205128205,0.512520868113522,0.973154362416107,0.016260162601626,0.962843295638126,0.985074626865672,0.983818770226537,0.944444444444444,0.556089743589744,0.0164203612479475,0.973898858075041,0.52442996742671,0.0206677265500795,0.0144694533762058,0.216828478964401,0.0194489465153971,0.162520729684909,0.6752,0.0161550888529887,0.0193548387096774,0.0273311897106109,0.602870813397129,0.0550918196994992,0.975409836065574,0.00978792822185971,0.012987012987013,0,0.234426229508197,0.983552631578947,0.962722852512156,0.90224358974359,0,0.871074380165289,0.84789644012945,0.697068403908795,0.604234527687296,0.461028192371476,0.461157024793388,0.0112721417069243,0.982113821138211,0.103225806451613,0.695364238410596,0.967266775777414,0.0308943089430894,0.763546798029557,0.021523178807947,0.133870967741935,0.985804416403785,0.983193277310924,0.894472361809045,0,0.655448717948718,0.88961038961039,0,0.0159235668789809,0.898412698412698,0.980487804878049,0,0.0162337662337662,0.0158227848101266,0.993366500829187,0.885191347753744,0.016750418760469,0,0.389694041867955,0.99835255354201,0.807324840764331,0.397106109324759,0.675941080196399,0.977382875605816,0.0278688524590164,0.982594936708861,0.985245901639344,0.0213815789473684,0.975767366720517,0.983739837398374,0.96661101836394,0.980891719745223,0.184640522875817,0.315875613747954,0.294975688816856,0.97682119205298,0.94097807757167,0.053484602917342,0.259380097879282,0.973770491803279,0.147727272727273,0.305511811023622,0.985530546623794,0.982084690553746,0.972222222222222,0.70216306156406,0.980645161290323,0.245928338762215,0.969453376205788,0.983660130718954,0,0.323671497584541,0.561872909698997,0.0322061191626409,0.0563607085346216,0.0222222222222222,0.904065040650406,0.037037037037037,0.0128617363344051,0,0.225122349102773,0.980295566502463,0.0880913539967374,0.993288590604027,0.972267536704731,0.985507246376812,0.297385620915033,0.304568527918782,0.678456591639871,0.454237288135593,0,0.813311688311688,0.0301109350237718,0.055379746835443,0.206785137318255,0.981878088962109,0.0161030595813204,0,0.341463414634146,0.0270700636942675,0.0423452768729642,0.463295269168026,0.98546042003231,0.289036544850498,0.981450252951096,0.952459016393443,0,0.989197530864197,0.0111464968152866,0.982484076433121,0.821428571428571,0.981512605042017,0.0311475409836066,0.968304278922345,0.0163398692810458,0.872340425531915,0.720394736842105,0.938906752411576,0.986991869918699,0.980613893376414,0.297734627831715,0.955882352941177,0.980738362760835,0.0159744408945687,0.0392156862745098,0.983606557377049,0.982084690553746,0.330645161290323,0.874003189792663,0.958833619210978,0.9584,0.9856,0,0.122719734660033,0.983922829581994,0.0164473684210526,0,0.967159277504105,0.010016694490818,0.0510708401976936,0.982539682539682,0.968903436988543,0.00490998363338789,0.633116883116883,0.399345335515548,1,0.0150501672240803,0.872964169381108,0.988391376451078,0.400335008375209,0.618357487922705,0.795081967213115,0,0.182258064516129,0.975328947368421,0.983525535420099,0.431147540983607,0.983922829581994,0.963604852686308,0.0476973684210526,0.00162866449511401,1,0.980456026058632,0.946078431372549,0.691693290734824,0.0210016155088853,0.866883116883117,0.225806451612903,0.19023569023569,0.00641025641025641,0.61576354679803,0.619047619047619,0.626409017713366,0,0.304857621440536,0.912251655629139,0.647709320695103,0.511923688394277,0.0851735015772871,0,0,0.986175115207373,0.964630225080386,0,0.925986842105263,0.00975609756097561,0,0,0.981967213114754,0,0.984822934232715,0.785123966942149,0.53577106518283,0.982484076433121,0,0,0.983818770226537,0.963836477987421,0.727858293075684,0.0158227848101266,0.00164744645799012,0.879365079365079,0.612540192926045,0.990131578947368,0.529220779220779,0.356073211314476,0,0.970588235294118,0.0146579804560261,0.956810631229236,0.097682119205298,0,0.0283464566929134,0.129934210526316,0.481099656357388,0.960191082802548,0,0.956386292834891,0.969255663430421,0.984025559105431,0,0.0863787375415282,0.93298969072165,0.0168918918918919,0.982200647249191,0.990461049284579,0.0214168039538715,0.985668789808917,0.311004784688995,0.821256038647343,0.0263157894736842,0.176470588235294,0.960591133004926,0.00825082508250825,0.0179738562091503,0.974193548387097,0.0248756218905473,0.661691542288557,0.388888888888889,0,0.112359550561798,0.725255972696246,0.267857142857143,0.991883116883117,0.0132231404958678,0.154952076677316,0.448979591836735,0.952380952380952,0.884493670886076,0.951377633711507,0.751243781094527,0,0.969648562300319,0.0143769968051118,0.962540716612378,0.400981996726678,0.0157232704402516,0.98694942903752,0.983633387888707,0.985099337748344,0.619902120717781,0.990243902439024,0.146579804560261,0.204838709677419,0.946601941747573,0.884927066450567,0,0,0.981788079470199,0.931666666666667,0.028006589785832,0.976627712854758,1,0.376395534290271,0.931552587646077,0.732773109243697,0.894736842105263,0,0.964110929853181,0.353135313531353,0.985507246376812,0.986776859504132,0,0.674380165289256,0.975328947368421,0.0179153094462541,0.690280065897858,0.382022471910112,0.804651162790698,0.687086092715232,0.946031746031746,0.0929133858267717,0.976973684210526,0.988673139158576,0.988636363636364,0.308848080133556,0.101941747572816,1,0.984301412872841,0.00796178343949045,0.788368336025848,0.464856230031949,0.266990291262136,0.778861788617886,0.981727574750831,0.877850162866449,0.985736925515055,0.130990415335463,0.0185185185185185,0,0.822950819672131,0.0163934426229508,0.0161030595813204,0.280130293159609,0,0.99512987012987,0.920967741935484,0.985436893203884,0.990291262135922,0.103448275862069,0.0161550888529887,0,0,0.188216039279869,0.0879478827361563,0.164203612479475,0,0.0161550888529887,0.983686786296901,0.0112179487179487,0.317073170731707,0.981937602627258,0.597701149425287,0.966074313408724,0.672025723472669,0.642857142857143,0,0.98159509202454,0.407224958949097,0.508972267536705,0.926868044515103,0.9824,0.402618657937807,0.00801282051282051,0.957860615883306,0.960443037974684,0,0.958664546899841,0.0324675324675325,0.978260869565217,0.439418416801292,0,0.00970873786407767,0.536626916524702,0.848780487804878,0.0158227848101266,0.149671052631579,0.0113268608414239,0.00168067226890756,0.740157480314961,0.0390879478827362,0.988095238095238,0.346153846153846,0.983844911147011,0.0161550888529887,0.388272583201268,0.317355371900826,0.864093959731544,0.097770154373928,0.0193861066235864,0.00164744645799012,0.0526315789473684,0,0.982286634460548,0.0456081081081081,0.981012658227848,0.0178861788617886,0.983633387888707,0,0.530546623794212,0.48019801980198,0.985436893203884,0,0.98389694041868,0,0.410684474123539,0.979099678456592,0,0.654723127035831,0.975206611570248,0.729641693811075,0.957166392092257,0.0464,0,0.986906710310966,0.264274061990212,0,0.6912,0.015748031496063,0.0289855072463768,0.981788079470199,0.986666666666667,0.980830670926518,0.963934426229508,0.972039473684211,0,0.967213114754098,0.0210016155088853,0.360576923076923,0.298387096774194,0.995184590690209,0.975728155339806,0.979133226324238,0.975409836065574,0.0558213716108453,0.0296540362438221,1,0.956730769230769,0.725274725274725,0.9696,0.982428115015974,0.973856209150327,0,0,0.970219435736677,0,0.0795454545454545,0,0.957928802588997,0.291946308724832,0.208881578947368,0.12280701754386,0.924590163934426,0,0.119281045751634,0.981996726677578,0.98694942903752,0.656451612903226,0.423017107309487,0.219474497681607,0.210443037974684,0.629139072847682,0.0130505709624796,0.143790849673203,0.556089743589744,0.263934426229508,0.712680577849117,0.0229132569558101,0,0.0146103896103896,0.340604026845638,0.985074626865672,0.639741518578352,0.242902208201893,0.620578778135048,0.87258064516129,0.976076555023923,0.95364238410596,0.976549413735343,0.985049833887043,0.986666666666667,0.548013245033113,0.430141287284144,0.98546042003231,0.0205371248025276,0.0205696202531646,0.872990353697749,0.0111464968152866,0.985483870967742,0.964630225080386,0,0.12248322147651,0,0.951827242524917,0,0.963141025641026,0.982113821138211,0.0178571428571429,0.849918433931484,0.980952380952381,0.661764705882353,0.617886178861789,0.877685950413223,0,0,0.937608318890815,0.94392523364486,0.990322580645161,0,0,0.0114566284779051,0.230769230769231,0.504854368932039,0,0.453074433656958,0,0.930348258706468,0.982113821138211,0.1630615640599,0.242765273311897,0,0.37123745819398,0.587378640776699,0.855987055016181,0.961844197138315,0.780687397708674,0.0147058823529412,0.995008319467554,0.016260162601626,0.981818181818182,0,0.977883096366509,0.00805152979066022,0.983443708609272,0.0292682926829268,0.0148760330578512,0,0,0.816558441558442,0.918739635157546,0.931746031746032,0.718600953895072,0.0418006430868167,0.0217028380634391,0.821603927986907,0.833065810593901,0,0.0327332242225859,0.958540630182421,0,0.966722129783694,0.961661341853035,0.0786516853932584,0.0432692307692308,0.0131795716639209,0.982142857142857,0.469622331691297,0.0841584158415842,0.110169491525424,0.139871382636656,0.694214876033058,0.103011093502377,0.986906710310966,0,0.772652388797364,0.970967741935484,0.00324675324675325,0,0.0171073094867807,0,0.0176,0.983922829581994,0.72,0.0165016501650165,0.0177133655394525,0.555008210180624,0.956591639871383,0.463651050080775,0.0529695024077047,0.015025041736227,0.0550918196994992,0.0145631067961165,0,0.0391517128874388,0.0190174326465927,0.0116472545757072,0.0273311897106109,0.0111111111111111,0.0542763157894737,0.0604133545310016,0.0342019543973941,0.0163398692810458,0.0050251256281407,0.0208667736757624,0.0192616372391653,0.0635179153094463,0.0197693574958814,0.0193548387096774,0.0151260504201681,0.0179738562091503,0.0504885993485342,0.0224,0.0207336523125997,0.0192616372391653,0.0459770114942529,0.0158982511923688,0.0178282009724473
"678",0.961965134706815,0.955177743431221,0.94435857805255,0.930379746835443,0.957278481012658,0.966824644549763,0.872037914691943,0.945397815912636,0.966049382716049,0,0.960815047021944,0,0.589783281733746,0.957074721780604,0.0841121495327103,0.0525502318392581,0,0.0141509433962264,0.958925750394945,0.967391304347826,0.190993788819876,0.073015873015873,0.947286821705426,0,0.929467084639498,0.284591194968553,0.137931034482759,0.949606299212598,0.495468277945619,0.7,0.0410334346504559,0.714285714285714,0.792125984251968,0.307448494453249,0,0.965244865718799,0.016793893129771,0.957120980091884,0.306092124814265,0.882621951219512,0.00156739811912226,0.0122511485451761,0.00305810397553517,0.961844197138315,0.758064516129032,0.0661417322834646,0.522012578616352,0.0390625,0.485584218512898,0.166163141993958,0,0.95625,0.297674418604651,0.96,0.871835443037975,0.197784810126582,0,0.945141065830721,0.932618683001531,0.910077519379845,0.329211746522411,0.458015267175573,0.0414012738853503,0,0.874403815580286,0.808575803981623,0,0.955384615384615,0,0.0443037974683544,0.829562594268477,0.04375,0.0574534161490683,0.963746223564955,0,0.737404580152672,0.0782208588957055,0.596244131455399,0.890649762282092,0.292006525285481,0,0.712732919254658,0.238239757207891,0.959501557632399,0.138888888888889,0.894656488549618,0.955038759689922,0.962732919254658,0.932203389830508,0.00611620795107034,0.956181533646322,0.954198473282443,0,0,0.942675159235669,0,0.322530864197531,0.947449768160742,0.00462962962962963,0.00471698113207547,0.652307692307692,0,0.324074074074074,0.955108359133127,0.143950995405819,0.957210776545166,0.00628930817610063,0.95046439628483,0.0314465408805031,0.0378548895899054,0.0449612403100775,0.886792452830189,0.359497645211931,0.951863354037267,0,0.960061443932412,0.723172628304821,0,0.0417956656346749,0.268217054263566,0,0.784037558685446,0.28129829984544,0.11198738170347,0.942812982998454,0.172256097560976,0.954545454545455,0.959438377535101,0,0.573619631901841,0.918876755070203,0.509433962264151,0.947535771065183,0,0.959375,0.0625,0,0.236760124610592,0.630602782071097,0.549114331723027,0,0,0.963133640552995,0.763608087091757,0.200317965023847,0.968304278922345,0.0388198757763975,0.919129082426128,0.437898089171975,0.946727549467275,0.169329073482428,0.949606299212598,0.962382445141066,0.817901234567901,0.970633693972179,0.0332805071315372,0.964615384615385,0.042654028436019,0,0.733858267716535,0.862121212121212,0.953775038520801,0.0558069381598793,0,0.961890243902439,0.449438202247191,0.967637540453074,0.962382445141066,0.962848297213622,0.308980213089802,0.958652373660031,0.04375,0.922137404580153,0.0406015037593985,0.893081761006289,0.395384615384615,0,0.9484375,0,0.82615629984051,0.95852534562212,0.161648177496038,0.960426179604262,0.921898928024502,0.953869047619048,0.941538461538462,0.132621951219512,0.403348554033486,0.896496815286624,0.944707740916272,0.0963302752293578,0.0420560747663551,0.953051643192488,0.846273291925466,0,0,0.335974643423138,0.00154559505409583,0.962518740629685,0.284615384615385,0.868878357030016,0.748091603053435,0.954337899543379,0.472527472527473,0.455246913580247,0.322683706070288,0.901098901098901,0.929906542056075,0.863429438543247,0,0.861111111111111,0.215434083601286,0.9408,0.0417956656346749,0.103235747303544,0.568535825545171,0.941267387944359,0.960843373493976,0.840625,0.967441860465116,0.892690513219285,0,0.109230769230769,0.666160849772382,0.963434022257552,0,0.9558599695586,0.95045045045045,0.584234930448223,0.566820276497696,0.950155763239875,0.958333333333333,0.390822784810127,0,0.874242424242424,0.55177743431221,0.954619124797407,0.0415384615384615,0.966666666666667,0.960505529225908,0.963246554364472,0.932496075353218,0.543778801843318,0.0442338072669826,0.945820433436533,0.547692307692308,0.0436746987951807,0.0350609756097561,0.214618973561431,0.0417956656346749,0.188498402555911,0.682706766917293,0.0359375,0.0384024577572965,0.0515625,0.626339969372129,0.0793650793650794,0.953416149068323,0.0046583850931677,0.0337941628264209,0,0.25508607198748,0.958795562599049,0.947449768160742,0.8828125,0,0.871589085072231,0.821212121212121,0.705329153605016,0.618012422360248,0.469483568075117,0.472613458528951,0.0061633281972265,0.959183673469388,0.125766871165644,0.725806451612903,0.944530046224962,0.0522273425499232,0.759055118110236,0.0391236306729265,0.155864197530864,0.96274217585693,0.951768488745981,0.888364779874214,0,0.662576687116564,0.868544600938967,0,0.0353846153846154,0.877086494688923,0.951181102362205,0,0.043343653250774,0.038109756097561,0.955696202531646,0.886435331230284,0.0391236306729265,0,0.412673879443586,0.962085308056872,0.783410138248848,0.422118380062305,0.684627575277338,0.948249619482496,0.0476923076923077,0.960244648318043,0.96319018404908,0.0373831775700935,0.975497702909648,0.960815047021944,0.945773524720893,0.960244648318043,0.212962962962963,0.338931297709924,0.316118935837246,0.946372239747634,0.92,0.040625,0.295031055900621,0.952830188679245,0.1875,0.336842105263158,0.967692307692308,0.962382445141066,0.961360123647604,0.7,0.956060606060606,0.278301886792453,0.944615384615385,0.968454258675079,0,0.346749226006192,0.574102964118565,0.0551301684532925,0.0411585365853659,0.0446153846153846,0.890937019969278,0.061633281972265,0.0388198757763975,0,0.26,0.954616588419405,0.100463678516229,0.967689822294023,0.948995363214838,0.954898911353033,0.3198127925117,0.317034700315457,0.703761755485893,0.479233226837061,0,0.843558282208589,0.0453172205438066,0.0785498489425982,0.23583460949464,0.959627329192547,0.0431432973805855,0,0.345736434108527,0.0460829493087558,0.0630914826498423,0.502369668246445,0.9609375,0.30379746835443,0.952456418383518,0.943307086614173,0,0.964017991004498,0.0385208012326656,0.954682779456193,0.85179407176287,0.957006369426752,0.0476190476190476,0.946070878274268,0.0337941628264209,0.857142857142857,0.718354430379747,0.912442396313364,0.963358778625954,0.956656346749226,0.320813771517997,0.938775510204082,0.956586826347305,0.0397553516819572,0.0652173913043478,0.96031746031746,0.964341085271318,0.352484472049689,0.868098159509202,0.93354943273906,0.967642526964561,0.966049382716049,0,0.146496815286624,0.961360123647604,0.0377358490566038,0,0.942367601246106,0.00798722044728434,0.0803149606299213,0.961597542242704,0.94488188976378,0.0031496062992126,0.644859813084112,0.4359375,0.957413249211357,0.0411392405063291,0.853080568720379,0.955974842767296,0.387045813586098,0.622526636225266,0.792778649921507,0,0.19309262166405,0.953271028037383,0.961360123647604,0.454968944099379,0.961479198767334,0.928571428571429,0.0703125,0.00154320987654321,0.957767722473605,0.959438377535101,0.945141065830721,0.709531013615734,0.0470957613814757,0.867283950617284,0.265432098765432,0.194444444444444,0.00309119010819165,0.635646687697161,0.602503912363067,0.6156202143951,0,0.312101910828025,0.891135303265941,0.662058371735791,0.545592705167173,0.11377245508982,0,0,0.965925925925926,0.944444444444444,0,0.900630914826498,0.00316957210776545,0,0,0.960505529225908,0,0.966613672496025,0.778471138845554,0.561746987951807,0.958461538461538,0,0,0.961300309597523,0.945038167938931,0.750380517503805,0.0431432973805855,0.00157728706624606,0.865151515151515,0.62557781201849,0.962616822429907,0.536585365853659,0.378335949764521,0,0.982919254658385,0.0473186119873817,0.951334379905808,0.1203125,0,0.0512820512820513,0.146645865834633,0.51219512195122,0.93944099378882,0,0.929878048780488,0.94,0.960998439937597,0,0.117370892018779,0.910277324632953,0.0488599348534202,0.957055214723926,0.957511380880121,0.0413476263399694,0.96177370030581,0.321875,0.818885448916409,0.0512422360248447,0.211783439490446,0.98,0.0062402496099844,0.0451010886469673,0.949152542372881,0.0464,0.685214626391097,0.42566510172144,0,0.138413685847589,0.76303317535545,0.293577981651376,0.953271028037383,0.0390015600624025,0.179331306990881,0.467532467532468,0.943251533742331,0.887048192771084,0.930662557781202,0.766823161189358,0,0.953030303030303,0.0442073170731707,0.9421875,0.420032310177706,0.0409711684370258,0.96141975308642,0.959935897435897,0.959183673469388,0.625,0.958461538461538,0.167721518987342,0.232484076433121,0.915773353751914,0.866251944012442,0,0,0.962264150943396,0.902208201892745,0.0518867924528302,0.95260663507109,0.961180124223602,0.401854714064915,0.910518053375196,0.735015772870662,0.868702290076336,0,0.936236391912908,0.359746434231379,0.959438377535101,0.959119496855346,0,0.643518518518518,0.94770206022187,0.0410094637223975,0.700315457413249,0.408320493066256,0.803892215568862,0.693146417445483,0.924812030075188,0.125567322239032,0.952830188679245,0.964615384615385,0.956856702619414,0.325842696629214,0.126543209876543,0.964506172839506,0.961890243902439,0.00766871165644172,0.781874039938556,0.476923076923077,0.282843894899536,0.769706336939722,0.9578125,0.86875,0.960122699386503,0.140030441400304,0.0399361022364217,0,0.836477987421384,0.0405616224648986,0.0400616332819723,0.304747320061256,0,0.966463414634146,0.965045592705167,0.964777947932619,0.959152798789713,0.127527216174184,0.0423861852433281,0,0,0.207488299531981,0.100156494522692,0.197492163009404,0,0.0390625,0.95565749235474,0.024653312788906,0.315541601255887,0.960567823343849,0.626934984520124,0.939628482972136,0.658423493044822,0.629909365558912,0,0.956390977443609,0.427892234548336,0.535545023696682,0.898507462686567,0.965785381026439,0.411214953271028,0.00927357032457496,0.928571428571429,0.938438438438438,0,0.934947049924357,0.0573643410852713,0.966019417475728,0.455246913580247,0,0.00623052959501558,0.535714285714286,0.840189873417722,0.0403726708074534,0.162939297124601,0.00614439324116743,0.00160771704180064,0.748865355521936,0.0613496932515337,0.960591133004926,0.349013657056146,0.961656441717791,0.0400616332819723,0.393893129770992,0.348726114649682,0.865718799368088,0.118858954041204,0.0447530864197531,0.0015600624024961,0.0846394984326019,0,0.955453149001536,0.0674157303370786,0.952023988005997,0.0409448818897638,0.955342902711324,0,0.539969834087481,0.479813664596273,0.9578125,0,0.960244648318043,0,0.401913875598086,0.955792682926829,0,0.674772036474164,0.942724458204334,0.72755905511811,0.936708860759494,0.0724191063174114,0,0.956923076923077,0.303125,0,0.710526315789474,0.04047976011994,0.055045871559633,0.959438377535101,0.963665086887836,0.953917050691244,0.940157480314961,0.948598130841122,0,0.938366718027735,0.016793893129771,0.380152671755725,0.313664596273292,0.958461538461538,0.961180124223602,0.954682779456193,0.949924127465857,0.0540123456790123,0.0578125,0.956730769230769,1,0.741538461538462,0.952671755725191,0.960902255639098,0.954545454545455,0,0,0.951951951951952,0,0.0978593272171254,0,0.929447852760736,0.306349206349206,0.231496062992126,0.153963414634146,0.909810126582278,0.00154798761609907,0.143297380585516,0.954128440366973,0.967642526964561,0.638198757763975,0.444940476190476,0.24812030075188,0.202127659574468,0.639810426540284,0.0352760736196319,0.157076205287714,0.584375,0.279320987654321,0.722137404580153,0.0470219435736677,0,0.0436817472698908,0.356357927786499,0.959871589085072,0.639876352395672,0.266263237518911,0.647515527950311,0.873111782477341,0.951293759512938,0.938610662358643,0.949044585987261,0.962025316455696,0.966613672496025,0.574766355140187,0.434250764525994,0.956656346749226,0.048048048048048,0.0434131736526946,0.867078825347759,0.00764525993883792,0.958397534668721,0.941807044410414,0,0.138755980861244,0,0.9484375,0,0.943511450381679,0.961119751166407,0.0476190476190476,0.836477987421384,0.958778625954198,0.666141732283465,0.637345679012346,0.864485981308411,0,0,0.911620294599018,0.926865671641791,0.958268933539413,0,0,0.0369774919614148,0.254237288135593,0.520865533230294,0,0.484472049689441,0,0.897798742138365,0.954828660436137,0.1888,0.272036474164134,0,0.369668246445498,0.59253499222395,0.843797856049005,0.940639269406393,0.781874039938556,0.0444104134762634,0.9648,0.0201863354037267,0.952229299363057,0,0.943768996960486,0.00464396284829721,0.959438377535101,0.0518053375196232,0.0363924050632911,0,0,0.833850931677019,0.91679748822606,0.921658986175115,0.697709923664122,0.0675675675675676,0.040625,0.819722650231125,0.807866868381241,0,0.0500782472613459,0.938176197836167,0,0.94408945686901,0.938080495356037,0.0995334370139969,0.027906976744186,0.0419906687402799,0.955589586523737,0.492063492063492,0.117465224111283,0.129337539432177,0.13914373088685,0.714285714285714,0.120610687022901,0.960691823899371,0,0.75077399380805,0.949308755760369,0.00156985871271586,0,0.0390977443609023,0,0.0471698113207547,0.963020030816641,0.7072,0.0380952380952381,0.0374414976599064,0.565830721003135,0.932601880877743,0.466049382716049,0.0385802469135802,0.0381558028616852,0.0429252782193959,0.0139318885448916,0,0.061128526645768,0.0451127819548872,0.0377358490566038,0.0578386605783866,0.0358744394618834,0.0386398763523957,0.0418604651162791,0.0533536585365854,0.0138674884437596,0.00322061191626409,0.0218068535825545,0.0167682926829268,0.0434108527131783,0.0501567398119122,0.0139318885448916,0.0403225806451613,0.0423197492163009,0.03486529318542,0.0442073170731707,0.0213089802130898,0.0432098765432099,0.0807453416149068,0.0393343419062027,0.0438871473354232
"679",0.72626582278481,0.723338485316847,0.727409638554217,0.73125,0.711811023622047,0.7184,0.730232558139535,0.709428129829985,0.732522796352584,0,0.734789391575663,0,0.628482972136223,0.712948517940718,0.325115562403698,0.301391035548686,0,0.0154320987654321,0.702830188679245,0.734254992319508,0.415503875968992,0.30952380952381,0.709923664122137,0,0.746130030959752,0.482919254658385,0.386153846153846,0.704761904761905,0.697108066971081,0.66820987654321,0.285932721712538,0.716486902927581,0.8390625,0.502318392581144,0,0.718944099378882,0.0197268588770865,0.720858895705521,0.494752623688156,0.753363228699552,0.0015600624024961,0.0137614678899083,0.00455235204855842,0.712715855572998,0.685126582278481,0.316279069767442,0.657853810264386,0.282407407407407,0.585218702865762,0.408408408408408,0,0.73469387755102,0.486068111455108,0.726283048211509,0.701399688958009,0.401898734177215,0,0.725155279503106,0.695718654434251,0.752671755725191,0.509893455098935,0.676737160120846,0.296923076923077,0,0.800623052959502,0.808510638297872,0,0.718944099378882,0,0.280125195618153,0.708841463414634,0.284603421461897,0.293846153846154,0.719879518072289,0,0.820552147239264,0.326251896813354,0.892638036809816,0.731629392971246,0.466346153846154,0,0.705614567526555,0.470499243570348,0.711915535444947,0.399089529590288,0.731818181818182,0.718223583460949,0.732415902140673,0.701834862385321,0.0060790273556231,0.712732919254658,0.703363914373089,0,0,0.70735524256651,0,0.507668711656442,0.712328767123288,0.00604229607250755,0.0078003120124805,0.676100628930818,0,0.504672897196262,0.711356466876972,0.371212121212121,0.714285714285714,0.00617283950617284,0.7234375,0.28149300155521,0.282170542635659,0.284403669724771,0.709175738724728,0.509287925696594,0.730650154798762,0,0.714946070878274,0.729938271604938,0,0.278207109737249,0.5140625,0,0.832298136645963,0.48698315467075,0.356120826709062,0.718223583460949,0.425499231950845,0.713855421686747,0.699844479004666,0,0.652241112828439,0.732612055641422,0.687106918238994,0.719936708860759,0,0.720190779014308,0.293494704992436,0,0.46,0.677966101694915,0.644654088050314,0,0,0.727134146341463,0.8703125,0.448165869218501,0.71583850931677,0.274143302180685,0.731818181818182,0.561014263074485,0.714939024390244,0.407874015748032,0.732198142414861,0.724842767295597,0.717592592592593,0.718223583460949,0.287284144427002,0.720496894409938,0.29320987654321,0,0.823255813953488,0.715568862275449,0.719754977029097,0.295558958652374,0,0.717791411042945,0.593004769475358,0.717741935483871,0.725075528700906,0.699846860643185,0.501497005988024,0.722137404580153,0.293663060278207,0.718844984802432,0.286995515695067,0.71496062992126,0.567901234567901,0,0.717391304347826,0,0.741984732824427,0.72239263803681,0.395604395604396,0.714067278287462,0.743939393939394,0.728506787330317,0.730886850152905,0.36969696969697,0.524886877828054,0.737261146496815,0.742088607594937,0.316998468606432,0.282674772036474,0.703296703296703,0.703245749613601,0,0,0.52093023255814,0.00152905198776758,0.732522796352584,0.472972972972973,0.703470031545741,0.721461187214612,0.702453987730061,0.6046875,0.654961832061069,0.527692307692308,0.6890625,0.713395638629283,0.718608169440242,0,0.716463414634146,0.4265625,0.72755905511811,0.269113149847095,0.342814371257485,0.647604327666152,0.724191063174114,0.720364741641337,0.792248062015504,0.704892966360856,0.828393135725429,0,0.348367029548989,0.847094801223242,0.721875,0,0.718181818181818,0.717095310136157,0.652173913043478,0.581679389312977,0.717391304347826,0.724960254372019,0.542242703533026,0,0.717717717717718,0.635514018691589,0.715670436187399,0.273556231003039,0.731927710843373,0.721003134796238,0.723338485316847,0.775351014040562,0.591117917304747,0.297637795275591,0.738131699846861,0.651515151515151,0.284431137724551,0.269578313253012,0.386046511627907,0.273148148148148,0.40746500777605,0.663650075414781,0.275272161741835,0.281391830559758,0.29618320610687,0.676380368098159,0.309148264984227,0.724884080370943,0.0078003120124805,0.275430359937402,0,0.466248037676609,0.725155279503106,0.726006191950464,0.730061349693252,0,0.717703349282297,0.785498489425982,0.708074534161491,0.676923076923077,0.591614906832298,0.656298600311042,0.00606060606060606,0.698608964451314,0.359877488514548,0.707006369426752,0.73469387755102,0.279635258358663,0.70750382848392,0.281776416539051,0.38391502276176,0.714714714714715,0.714285714285714,0.720893141945773,0,0.694063926940639,0.705607476635514,0,0.272450532724505,0.701062215477997,0.715625,0,0.298325722983257,0.27231467473525,0.7296875,0.742902208201893,0.286173633440514,0,0.55968992248062,0.726415094339623,0.7298937784522,0.536697247706422,0.701095461658842,0.704819277108434,0.276827371695179,0.71841704718417,0.707317073170732,0.293023255813953,0.7442218798151,0.721362229102167,0.72626582278481,0.731066460587326,0.422600619195046,0.508396946564886,0.51840490797546,0.70125786163522,0.73449920508744,0.0386398763523957,0.525581395348837,0.712732919254658,0.406153846153846,0.561746987951807,0.730354391371341,0.720496894409938,0.73353751914242,0.865414710485133,0.716867469879518,0.507836990595611,0.721385542168675,0.716981132075472,0,0.529235382308846,0.609105180533752,0.308049535603715,0.0425531914893617,0.295964125560538,0.713846153846154,0.310975609756098,0.281776416539051,0,0.469135802469136,0.720062208398134,0.345038167938931,0.728455284552846,0.727692307692308,0.729102167182663,0.523584905660377,0.513556618819777,0.953632148377125,0.542536115569823,0,0.933333333333333,0.291101055806938,0.313161875945537,0.441400304414003,0.743307086614173,0.283132530120482,0,0.525267993874426,0.281972265023112,0.297637795275591,0.59472049689441,0.710485133020344,0.475279106858054,0.70952380952381,0.737909516380655,0,0.718934911242604,0.269525267993874,0.717325227963526,0.885145482388974,0.743630573248408,0.290964777947933,0.734539969834088,0.274539877300614,0.755760368663594,0.7,0.747368421052632,0.730769230769231,0.705882352941177,0.528505392912173,0.747634069400631,0.701834862385321,0.296803652968037,0.310769230769231,0.709375,0.720183486238532,0.506134969325153,0.755451713395639,0.709935897435897,0.757763975155279,0.719939117199391,0,0.358609794628752,0.719939117199391,0.284389489953632,0,0.742088607594937,0.00782472613458529,0.327102803738318,0.712349397590361,0.708333333333333,0.0015625,0.664098613251156,0.600311041990669,0.722570532915361,0.279742765273312,0.714728682170543,0.719047619047619,0.625786163522013,0.666666666666667,0.71937984496124,0,0.417565485362096,0.726283048211509,0.727975270479134,0.598145285935085,0.730886850152905,0.705882352941177,0.317829457364341,0.00153139356814701,0.726993865030675,0.724727838258165,0.725429017160686,0.927469135802469,0.292834890965732,0.705882352941177,0.465543644716692,0.410339256865913,0.0060790273556231,0.924528301886792,0.664086687306502,0.65144596651446,0,0.4784,0.714506172839506,0.947692307692308,0.613496932515337,0.334828101644245,0,0,0.706314243759178,0.721884498480243,0,0.712074303405573,0.00625,0,0,0.722650231124807,0,0.725677830940989,0.688172043010753,0.655538694992413,0.705438066465257,0,0,0.724458204334365,0.729689807976366,0.877488514548239,0.279635258358663,0.00315955766192733,0.699088145896657,0.667682926829268,0.723502304147465,0.647951441578149,0.503115264797508,0,0.715384615384615,0.286833855799373,0.734059097978227,0.356697819314642,0,0.282089552238806,0.38810641627543,0.619512195121951,0.713846153846154,0,0.734539969834088,0.716257668711656,0.706605222734255,0,0.34984520123839,0.729641693811075,0.278219395866455,0.707831325301205,0.722054380664653,0.294930875576037,0.712977099236641,0.532710280373832,0.73497688751926,0.292379471228616,0.417582417582418,0.74079754601227,0.00773993808049536,0.283950617283951,0.722306525037936,0.289763779527559,0.818897637795276,0.515723270440252,0,0.370030581039755,0.716129032258065,0.503828483920367,0.721286370597244,0.286158631415241,0.40422322775264,0.676282051282051,0.732223903177005,0.729607250755287,0.759316770186335,0.995290423861852,0,0.737160120845921,0.282674772036474,0.716279069767442,0.580847723704867,0.276691729323308,0.704545454545455,0.722480620155039,0.717425431711146,0.675425038639876,0.722480620155039,0.38390092879257,0.431464174454829,0.702290076335878,0.71097372488408,0,0,0.726134585289515,0.722308892355694,0.292834890965732,0.725429017160686,0.733128834355828,0.575193798449612,0.714511041009464,0.712948517940718,0.696240601503759,0,0.710730948678072,0.529411764705882,0.725609756097561,0.717754172989378,0,0.80248833592535,0.713395638629283,0.277089783281734,0.753488372093023,0.527863777089783,0.905829596412556,0.690625,0.74702380952381,0.344827586206897,0.703296703296703,0.723664122137405,0.713201820940819,0.515723270440252,0.340490797546012,0.735474006116208,0.718140929535232,0.00453857791225416,0.852307692307692,0.626543209876543,0.468315301391036,0.708841463414634,0.717791411042945,0.728395061728395,0.719512195121951,0.148091603053435,0.281803542673108,0,0.764521193092622,0.273993808049536,0.28129829984544,0.489197530864198,0,0.74,0.746585735963581,0.724770642201835,0.721036585365854,0.356357927786499,0.2782874617737,0,0,0.426771653543307,0.348367029548989,0.4046875,0,0.284389489953632,0.712962962962963,0.113808801213961,0.514774494556765,0.721780604133545,0.675925925925926,0.748837209302326,0.665137614678899,0.651975683890577,0,0.718289085545723,0.59375,0.644409937888199,0.707207207207207,0.716012084592145,0.554531490015361,0.0060882800608828,0.727692307692308,0.735963581183611,0,0.731523378582202,0.289676425269646,0.741732283464567,0.634674922600619,0,0.00617283950617284,0.658653846153846,0.733017377567141,0.29601226993865,0.377388535031847,0.00757575757575758,0.00157728706624606,0.701515151515152,0.295489891135303,0.712903225806452,0.508320726172466,0.716236722306525,0.282012195121951,0.540706605222734,0.536624203821656,0.729559748427673,0.373397435897436,0.273570324574961,0.0031104199066874,0.314814814814815,0,0.715142428785607,0.258320126782884,0.710252600297177,0.28328173374613,0.722135007849294,0,0.600301659125189,0.688679245283019,0.710122699386503,0,0.718608169440242,0,0.56687898089172,0.725609756097561,0,0.675716440422323,0.711568938193344,0.716486902927581,0.717156105100464,0.302431610942249,0,0.71937984496124,0.467817896389325,0,0.715160796324655,0.275707898658718,0.295281582952816,0.71583850931677,0.71585557299843,0.713850837138508,0.709627329192547,0.707086614173228,0,0.726989079563182,0.0180722891566265,0.546850998463902,0.480857580398162,0.719083969465649,0.712074303405573,0.732006125574273,0.730769230769231,0.0604651162790698,0.314641744548287,0.725274725274725,0.741538461538462,1,0.732824427480916,0.715596330275229,0.73159509202454,0,0,0.730538922155689,0,0.336377473363775,0,0.727838258164852,0.487220447284345,0.459119496855346,0.377503852080123,0.75705329153605,0.00153846153846154,0.370716510903427,0.712519319938176,0.71841704718417,0.63182527301092,0.606194690265487,0.48,0.393665158371041,0.684126984126984,0.281391830559758,0.41743119266055,0.662015503875969,0.541925465838509,1,0.283307810107198,0,0.264797507788162,0.527733755942948,0.719685039370079,0.611620795107034,0.477678571428571,0.947530864197531,0.710606060606061,0.705263157894737,0.735433070866142,0.726550079491256,0.720820189274448,0.732283464566929,0.632398753894081,0.541538461538462,0.719135802469136,0.285074626865672,0.276595744680851,0.726993865030675,0.00759878419452888,0.719083969465649,0.721617418351477,0,0.390048154093098,0,0.741732283464567,0,0.727549467275495,0.725038402457757,0.281391830559758,0.726006191950464,0.714939024390244,0.679127725856698,0.658015267175573,0.708978328173375,0,0,0.738437001594896,0.715339233038348,0.706870229007634,0,0,0.279874213836478,0.494672754946728,0.696456086286595,0,0.581504702194357,0,0.71830985915493,0.723704866562009,0.371875,0.511210762331839,0,0.52755905511811,0.645608628659476,0.763440860215054,0.726315789473684,0.708978328173375,0.290824261275272,0.727699530516432,0.0449612403100775,0.726984126984127,0,0.714069591527988,0.00464396284829721,0.703296703296703,0.308892355694228,0.175911251980983,0,0,0.755351681957186,0.775,0.714932126696833,0.724242424242424,0.292609351432881,0.268562401263823,0.697996918335901,0.686186186186186,0,0.300623052959502,0.737327188940092,0,0.706161137440758,0.731523378582202,0.342024539877301,0.0320121951219512,0.269113149847095,0.703533026113671,0.551724137931034,0.34715821812596,0.384493670886076,0.359090909090909,0.874411302982732,0.361702127659574,0.717219589257504,0,0.831288343558282,0.721884498480243,0.00465116279069767,0,0.280178837555887,0,0.294478527607362,0.707882534775889,0.70364500792393,0.27742946708464,0.27047913446677,0.653418124006359,0.706708268330733,0.686244204018547,0.0397553516819572,0.276995305164319,0.0519685039370079,0.0248447204968944,0,0.256609642301711,0.28166915052161,0.281931464174455,0.294385432473445,0.273141122913505,0.0373831775700935,0.0409711684370258,0.290030211480363,0.0246153846153846,0.0095389507154213,0.0446153846153846,0.0258751902587519,0.0462962962962963,0.296583850931677,0.0260336906584992,0.286624203821656,0.294753086419753,0.0311526479750779,0.269470404984424,0.046969696969697,0.283076923076923,0.307098765432099,0.295081967213115,0.284829721362229
"680",0.976525821596244,0.979655712050078,0.953632148377125,0.923809523809524,0.96984126984127,0.979032258064516,0.875583203732504,0.962962962962963,0.983308042488619,0,0.975155279503106,0,0.575384615384615,0.974803149606299,0.0644171779141104,0.0264385692068429,0,0.0141065830721003,0.982731554160126,0.972434915773354,0.171296296296296,0.053968253968254,0.969418960244648,0,0.951863354037267,0.263650546021841,0.123630672926448,0.969793322734499,0.464831804281346,0.696048632218845,0.0216049382716049,0.689922480620155,0.763866877971474,0.285935085007728,0,0.982731554160126,0.02,0.98159509202454,0.270833333333333,0.878234398782344,0.0015748031496063,0.0154320987654321,0.00612557427258806,0.981191222570533,0.762439807383628,0.0411392405063291,0.515723270440252,0.0235849056603774,0.483333333333333,0.158132530120482,0,0.984375,0.282608695652174,0.977987421383648,0.866242038216561,0.17981072555205,0,0.957413249211357,0.943683409436834,0.885321100917431,0.295665634674923,0.439324116743472,0.0202492211838006,0,0.875993640699523,0.81619937694704,0,0.9671875,0,0.0252764612954186,0.855182926829268,0.0214395099540582,0.036979969183359,0.980182926829268,0,0.704892966360856,0.0672782874617737,0.589703588143526,0.891891891891892,0.294498381877023,0,0.705426356589147,0.226726726726727,0.981651376146789,0.13251155624037,0.897553516819572,0.97360248447205,0.94969512195122,0.955108359133127,0.0121396054628225,0.965571205007825,0.977099236641221,0,0,0.973186119873817,0,0.30757341576507,0.960426179604262,0.00770416024653313,0.009375,0.626168224299065,0,0.296411856474259,0.981072555205047,0.118003025718608,0.9744,0.0110062893081761,0.95405819295559,0.0250391236306729,0.029320987654321,0.0292307692307692,0.884858044164038,0.345794392523364,0.978056426332288,0,0.966153846153846,0.716257668711656,0,0.0216049382716049,0.2398753894081,0,0.766457680250784,0.262672811059908,0.0937996820349762,0.956923076923077,0.161042944785276,0.977238239757208,0.978527607361963,0,0.557275541795666,0.93167701863354,0.510971786833856,0.971608832807571,0,1,0.0419790104947526,0,0.223787167449139,0.624413145539906,0.535321821036107,0,0,0.970542635658915,0.763239875389408,0.18341307814992,0.978125,0.0248833592534992,0.911627906976744,0.41838351822504,0.962121212121212,0.158730158730159,0.965996908809892,0.977917981072555,0.882716049382716,0.976780185758514,0.017515923566879,0.983206106870229,0.0247678018575851,0,0.73208722741433,0.857359635811836,0.962382445141066,0.0342679127725857,0,0.980122324159021,0.451355661881978,0.980551053484603,0.98125,0.978494623655914,0.292048929663609,0.966205837173579,0.0251177394034537,0.945205479452055,0.0194029850746269,0.884012539184953,0.372670807453416,0,0.9826224328594,0,0.841368584758942,0.978361669242658,0.135646687697161,0.968847352024922,0.93394777265745,0.979041916167665,0.954828660436137,0.108695652173913,0.383206106870229,0.917197452229299,0.938388625592417,0.0794392523364486,0.0230061349693252,0.955766192733017,0.844036697247706,0,0,0.306477093206951,0.00153139356814701,0.98159509202454,0.275914634146341,0.862068965517241,0.751166407465008,0.97428139183056,0.441497659906396,0.451010886469673,0.296411856474259,0.918335901386749,0.970358814352574,0.861801242236025,0,0.880184331797235,0.191387559808612,0.929577464788732,0.0245775729646697,0.0852359208523592,0.547400611620795,0.959501557632399,0.973966309341501,0.827102803738318,0.973765432098765,0.874613003095975,0,0.0862068965517241,0.653905053598775,0.974803149606299,0,0.978395061728395,0.964992389649924,0.565485362095532,0.5546875,0.971653543307087,0.979527559055118,0.372641509433962,0,0.871601208459215,0.531152647975078,0.954911433172303,0.0217729393468118,0.948249619482496,0.98116169544741,0.975270479134467,0.937007874015748,0.54601226993865,0.0218068535825545,0.952755905511811,0.536363636363636,0.0255639097744361,0.0150829562594268,0.215408805031447,0.0231839258114374,0.165341812400636,0.677321156773212,0.0188383045525903,0.0260336906584992,0.0308641975308642,0.596036585365854,0.0588235294117647,0.96998420221169,0.0142630744849445,0.0199692780337942,0,0.235202492211838,0.977777777777778,0.959247648902821,0.896764252696456,0,0.8576,0.836858006042296,0.690513219284603,0.610591900311526,0.472952086553323,0.466981132075472,0.0122324159021407,0.976599063962558,0.110599078341014,0.704654895666132,0.946875,0.0296875,0.766457680250784,0.0155763239875389,0.141975308641975,0.981510015408321,0.978861788617886,0.876777251184834,0,0.642642642642643,0.873831775700935,0,0.0215384615384615,0.877458396369138,0.971608832807571,0,0.0258751902587519,0.0215384615384615,0.964968152866242,0.86762360446571,0.024232633279483,0,0.38863287250384,0.976780185758514,0.793893129770992,0.397553516819572,0.680379746835443,0.961832061068702,0.0294117647058824,0.976993865030675,0.981191222570533,0.0264797507788162,0.958904109589041,0.978056426332288,0.952456418383518,0.976923076923077,0.192073170731707,0.32469512195122,0.297674418604651,0.958795562599049,0.9424,0.049079754601227,0.280811232449298,0.959438377535101,0.157650695517774,0.314842578710645,0.974882260596546,0.979750778816199,0.956656346749226,0.696485623003195,0.97869101978691,0.258620689655172,0.94478527607362,0.975155279503106,0,0.339506172839506,0.555379746835443,0.0403100775193798,0.0546282245827011,0.0320121951219512,0.926153846153846,0.0444104134762634,0.0216383307573416,0,0.228748068006182,0.976599063962558,0.0927357032457496,0.97092084006462,0.952830188679245,0.965408805031447,0.28436018957346,0.292134831460674,0.680981595092024,0.461912479740681,0,0.8296875,0.0333333333333333,0.0544629349470499,0.217522658610272,0.982785602503912,0.0245022970903522,0,0.337984496124031,0.0257966616084977,0.0440944881889764,0.464898595943838,0.978260869565217,0.293103448275862,0.979166666666667,0.949685534591195,0,0.974474474474474,0.0138248847926267,0.975609756097561,0.832288401253918,0.977455716586151,0.0358255451713396,0.958652373660031,0.0233644859813084,0.857364341085271,0.697933227344992,0.926605504587156,0.969742813918306,0.976599063962558,0.297045101088647,0.938080495356037,0.976958525345622,0.0197268588770865,0.0453125,0.976415094339623,0.979623824451411,0.328767123287671,0.862015503875969,0.945425361155698,0.948757763975155,0.987748851454824,0,0.130503144654088,0.981623277182236,0.0233644859813084,0,0.946957878315133,0.0111287758346582,0.062111801242236,0.978658536585366,0.950078003120125,0.00313971742543171,0.633228840125392,0.424100156494523,0.97045101088647,0.0221870047543582,0.901587301587302,0.976190476190476,0.3801261829653,0.609302325581395,0.7796875,0,0.167192429022082,0.962903225806452,0.984423676012461,0.440993788819876,0.977064220183486,0.952380952380952,0.0508474576271186,0.00154083204930663,0.972307692307692,0.975155279503106,0.94375,0.693474962063733,0.0283018867924528,0.845295055821372,0.248073959938367,0.185855263157895,0.00770416024653313,0.624806201550388,0.607476635514019,0.599693251533742,0,0.292527821939587,0.902627511591963,0.646058732612056,0.513343799058085,0.0986547085201794,0,0,0.976119402985075,0.948170731707317,0,0.903125,0.0124804992199688,0,0,0.977987421383648,0,0.97933227344992,0.760432766615147,0.536144578313253,0.980213089802131,0,0,0.976599063962558,0.965151515151515,0.717592592592593,0.024390243902439,0.00323101777059774,0.858447488584475,0.610606060606061,0.983333333333333,0.52803738317757,0.350710900473934,0,0.968847352024922,0.0190174326465927,0.946287519747235,0.108695652173913,0,0.0315789473684211,0.134585289514867,0.490998363338789,0.959564541213064,0,0.942857142857143,0.960061443932412,0.9765625,0,0.0867507886435331,0.920325203252032,0.0241545893719807,0.980061349693252,0.977443609022556,0.0327613104524181,0.979813664596273,0.30381679389313,0.817054263565892,0.031201248049922,0.181528662420382,0.954616588419405,0.0125195618153365,0.0248062015503876,0.951937984496124,0.0273311897106109,0.648177496038035,0.402496099843994,0,0.129429892141757,0.74481658692185,0.275541795665635,0.962732919254658,0.0197869101978691,0.159021406727829,0.472402597402597,0.939393939393939,0.867981790591806,0.943485086342229,0.748397435897436,0,0.964723926380368,0.024390243902439,0.94811320754717,0.391785150078989,0.0226586102719033,0.984756097560976,0.978125,0.979591836734694,0.63182527301092,0.972350230414747,0.142857142857143,0.20820189274448,0.924846625766871,0.864615384615385,0,0,0.973520249221184,0.921875,0.0332805071315372,0.963949843260188,0.979623824451411,0.384024577572965,0.908372827804107,0.737261146496815,0.869300911854103,0,0.949685534591195,0.347962382445141,0.976671850699845,0.978227060653188,0,0.644200626959248,0.957142857142857,0.0188976377952756,0.68025078369906,0.404651162790698,0.79788838612368,0.675632911392405,0.935435435435435,0.101515151515152,0.963258785942492,0.98468606431853,0.966514459665145,0.311320754716981,0.1109375,0.975116640746501,0.980030721966206,0.00757575757575758,0.781591263650546,0.471582181259601,0.278207109737249,0.768875192604006,0.973478939157566,0.89873417721519,0.981510015408321,0.118279569892473,0.024,0,0.810725552050473,0.0220125786163522,0.0186046511627907,0.281733746130031,0,0.976816074188563,0.905487804878049,0.98145285935085,0.98030303030303,0.107936507936508,0.0233281493001555,0,0,0.186495176848875,0.0849056603773585,0.170579029733959,0,0.0232198142414861,0.977099236641221,0.0186046511627907,0.297805642633229,0.987361769352291,0.600308641975309,0.974921630094044,0.647149460708783,0.613394216133942,0,0.984962406015038,0.407643312101911,0.516535433070866,0.906060606060606,0.974045801526718,0.404320987654321,0.0108359133126935,0.941176470588235,0.95,0,0.951367781155015,0.0386996904024768,0.967532467532468,0.442879499217527,0,0.00941915227629513,0.537459283387622,0.830963665086888,0.0216383307573416,0.15506329113924,0.0125195618153365,0.00161030595813205,0.749249249249249,0.0375,0.979066022544283,0.338880484114977,0.977029096477795,0.0242792109256449,0.372881355932203,0.319685039370079,0.857827476038339,0.105769230769231,0.0214395099540582,0.00307692307692308,0.0634920634920635,0,0.977238239757208,0.0569105691056911,0.96078431372549,0.0186046511627907,0.978056426332288,0,0.525835866261398,0.459501557632399,0.976816074188563,0,0.973966309341501,0,0.407348242811502,0.970992366412214,0,0.66306027820711,0.962732919254658,0.741029641185647,0.93719806763285,0.0564024390243902,0,0.976744186046512,0.284591194968553,0,0.689708141321045,0.0181543116490166,0.0400616332819723,0.974763406940063,0.973312401883831,0.978593272171254,0.95800933125972,0.968798751950078,0,0.955315870570108,0.0245022970903522,0.354103343465046,0.303875968992248,0.974045801526718,0.973561430793157,0.973966309341501,0.975460122699387,0.0561622464898596,0.0369230769230769,0.9696,0.952671755725191,0.732824427480916,1,0.980273141122914,0.950769230769231,0,0,0.962797619047619,0,0.0858895705521472,0,0.93730407523511,0.290271132376396,0.221518987341772,0.14,0.931034482758621,0,0.124610591900312,0.975346687211094,0.983154670750383,0.642301710730949,0.42684766214178,0.224702380952381,0.206231454005935,0.640822784810127,0.0213089802130898,0.133640552995392,0.557453416149068,0.269767441860465,0.705343511450382,0.0279937791601866,0,0.024653312788906,0.333863275039746,0.974481658692185,0.635093167701863,0.234493192133132,0.625776397515528,0.863565891472868,0.969512195121951,0.946254071661238,0.960567823343849,0.979397781299525,0.979623824451411,0.556426332288401,0.41588785046729,0.973643410852713,0.0269865067466267,0.0258751902587519,0.862654320987654,0.0122699386503067,0.98,0.947932618683001,0,0.126365054602184,0,0.936728395061728,0,0.958715596330275,0.97984496124031,0.0301659125188537,0.840625,0.980061349693252,0.658692185007974,0.622874806800618,0.861801242236025,0,0,0.92332268370607,0.921713441654357,0.972477064220184,0,0,0.0191693290734824,0.255351681957187,0.5109375,0,0.458333333333333,0,0.9109375,0.976452119309262,0.170144462279294,0.256923076923077,0,0.353125,0.574961360123648,0.849230769230769,0.948091603053435,0.773148148148148,0.0186915887850467,0.977777777777778,0.015625,0.976303317535545,0,0.966717095310136,0.00784929356357928,0.977707006369427,0.0282131661442006,0.0287539936102236,0,0,0.810477657935285,0.905808477237049,0.920489296636086,0.75712143928036,0.0483383685800604,0.0250391236306729,0.815503875968992,0.827272727272727,0,0.036979969183359,0.95447409733124,0,0.966666666666667,0.941896024464832,0.0811232449297972,0.0435458786936236,0.0232919254658385,0.976958525345622,0.467304625199362,0.0930599369085174,0.119162640901771,0.14064914992272,0.689274447949527,0.113149847094801,0.975116640746501,0,0.75,0.958904109589041,0.00478468899521531,0,0.0256410256410256,0,0.0231839258114374,0.976887519260401,0.7232,0.0235109717868339,0.0203125,0.551342812006319,0.94375,0.439878234398782,0.0519877675840979,0.025518341307815,0.0522151898734177,0.0201238390092879,0,0.0479134466769706,0.024132730015083,0.0189873417721519,0.0319634703196347,0.0227617602427921,0.0517241379310345,0.0583717357910906,0.0403100775193798,0.0203761755485893,0.00642054574638844,0.029595015576324,0.0258358662613982,0.059190031152648,0.0295031055900621,0.0202177293934681,0.0211726384364821,0.0251177394034537,0.0492063492063492,0.0266875981161695,0.0257966616084977,0.0247678018575851,0.059190031152648,0.0182648401826484,0.0219435736677116
"681",0.996889580093313,1,0.972809667673716,0.941362916006339,0.9828125,1,0.88785046728972,0.972136222910217,1,0,1,0,0.569659442724458,1,0.0461538461538462,0.00462962962962963,0,0.0125195618153365,0.996815286624204,0.984520123839009,0.142857142857143,0.0366826156299841,0.990853658536585,0,0.953775038520801,0.251968503937008,0.1,0.985915492957746,0.448698315467075,0.676923076923077,0,0.694573643410853,0.77151799687011,0.283018867924528,0,1,0.0198170731707317,0.995384615384615,0.249624060150376,0.903030303030303,0.0015625,0.013677811550152,0.00451807228915663,1,0.769968051118211,0.0204724409448819,0.516483516483517,0,0.468892261001517,0.129909365558912,0,0.992354740061162,0.24886191198786,1,0.881804043545879,0.152755905511811,0,0.979462875197472,0.95398773006135,0.90519877675841,0.289634146341463,0.421613394216134,0,0,0.901273885350318,0.821100917431193,0,0.989113530326594,0,0,0.859070464767616,0.00613496932515337,0.0138674884437596,1,0,0.706605222734255,0.0476923076923077,0.57427258805513,0.903125,0.254901960784314,0,0.708527131782946,0.208206686930091,0.998482549317147,0.110077519379845,0.905053598774885,0.996899224806202,0.969325153374233,0.967889908256881,0.00918836140888208,0.988993710691824,1,0,0,0.973101265822785,0,0.292758089368259,0.983128834355828,0.00606980273141123,0.00766871165644172,0.617511520737327,0,0.273010920436817,1,0.0966767371601208,1,0.00920245398773006,0.975232198142415,0,0.00775193798449612,0.0077639751552795,0.903875968992248,0.3234375,0.99079754601227,0,0.984567901234568,0.712962962962963,0,0,0.234741784037559,0,0.767660910518053,0.238828967642527,0.0661290322580645,0.976671850699845,0.145038167938931,0.996974281391831,0.99537750385208,0,0.542682926829268,0.935433070866142,0.484177215189873,0.988958990536278,0,0.996850393700787,0.0195488721804511,0,0.19309262166405,0.639191290824261,0.5104,0,0,0.976780185758514,0.756589147286822,0.1728,1,0.00623052959501558,0.923312883435583,0.404120443740095,0.980392156862745,0.132492113564669,0.984615384615385,1,0.828220858895706,0.995363214837713,0,1,0,0,0.728706624605678,0.873684210526316,0.981707317073171,0.0182370820668693,0,1,0.430842607313196,1,1,1,0.285498489425982,0.976993865030675,0.00156494522691706,0.946889226100152,0,0.901098901098901,0.368501529051988,0,0.982892690513219,0,0.849378881987578,1,0.121875,0.983128834355828,0.946401225114854,0.989690721649485,0.977029096477795,0.0883720930232558,0.362940275650842,0.926517571884984,0.945054945054945,0.0530421216848674,0.00612557427258806,0.981395348837209,0.86046511627907,0,0,0.283018867924528,0.00153846153846154,1,0.251127819548872,0.878930817610063,0.761467889908257,0.989457831325301,0.415748031496063,0.43161094224924,0.273015873015873,0.917557251908397,0.965785381026439,0.884792626728111,0,0.887692307692308,0.160883280757098,0.950310559006211,0,0.0609756097560976,0.526729559748428,0.973270440251572,0.97583081570997,0.83203732503888,0.998461538461539,0.887323943661972,0,0.0660522273425499,0.656060606060606,0.995260663507109,0,0.992412746585736,0.980451127819549,0.543343653250774,0.531490015360983,0.988958990536278,1,0.355384615384615,0,0.888549618320611,0.517884914463453,0.974358974358974,0,0.959090909090909,0.998444790046656,1,0.946708463949843,0.530769230769231,0.00155763239875389,0.971875,0.546296296296296,0.0029806259314456,0.00151057401812689,0.191290824261275,0,0.135220125786164,0.666666666666667,0,0.00459418070444104,0.00930232558139535,0.577039274924471,0.037914691943128,0.985981308411215,0.00934579439252336,0,0,0.221003134796238,1,0.976635514018692,0.898617511520737,0,0.876006441223833,0.854984894259819,0.694915254237288,0.603686635944701,0.446177847113885,0.450793650793651,0.0106870229007634,1,0.0939907550077042,0.711323763955343,0.962790697674419,0.0107692307692308,0.740740740740741,0,0.113846153846154,1,1,0.890453834115806,0,0.634969325153374,0.884914463452566,0,0,0.89739663093415,0.979876160990712,0,0,0.00153609831029186,0.977952755905512,0.885532591414944,0,0,0.376160990712074,0.989010989010989,0.791158536585366,0.37962962962963,0.651090342679128,0.956989247311828,0.0107197549770291,1,1,0.00469483568075117,0.970858895705521,1,0.972843450479233,0.996965098634294,0.186335403726708,0.287692307692308,0.271472392638037,0.974522292993631,0.941548183254344,0.0506134969325153,0.265723270440252,0.97196261682243,0.14797507788162,0.304283604135894,0.993808049535604,0.996894409937888,0.967642526964561,0.693037974683544,0.996941896024465,0.248826291079812,0.964615384615385,0.996884735202492,0,0.296754250386399,0.535101404056162,0.013677811550152,0.0510835913312693,0.00918836140888208,0.908385093167702,0.0258751902587519,0,0,0.226356589147287,0.990536277602524,0.0675883256528418,0.983922829581994,0.97360248447205,0.987321711568938,0.275316455696203,0.276357827476038,0.672868217054264,0.446909667194929,0,0.813374805598756,0.0119581464872945,0.0346907993966818,0.194486983154671,1,0.00154083204930663,0,0.300623052959502,0.00766871165644172,0.0221169036334913,0.477449455676516,1,0.265723270440252,1,0.967238689547582,0,0.991137370753324,0,0.998482549317147,0.82542113323124,1,0.00917431192660551,0.977272727272727,0,0.882896764252696,0.704472843450479,0.949308755760369,0.986175115207373,0.996884735202492,0.269470404984424,0.9625,1,0,0.0229007633587786,1,1,0.316923076923077,0.885271317829457,0.966719492868463,0.956989247311828,1,0,0.113207547169811,1,0,0,0.967741935483871,0.0110759493670886,0.0423197492163009,1,0.970679012345679,0.00463678516228748,0.626728110599078,0.417565485362096,0.981279251170047,0.0016025641025641,0.867716535433071,0.996825396825397,0.359937402190923,0.597859327217125,0.789638932496075,0,0.146604938271605,0.973143759873618,0.998439937597504,0.442040185471406,1,0.973856209150327,0.0305343511450382,0.0015527950310559,0.984591679506934,0.993798449612403,0.953488372093023,0.688449848024316,0.00623052959501558,0.869158878504673,0.228395061728395,0.176759410801964,0.0061633281972265,0.612852664576803,0.598425196850394,0.595645412130638,0,0.279742765273312,0.909952606635071,0.634259259259259,0.506998444790047,0.0718562874251497,0,0,1,0.974397590361446,0,0.93343653250774,0.0078003120124805,0,0,0.998422712933754,0,1,0.763076923076923,0.517910447761194,1,0,0,0.993827160493827,0.96390977443609,0.717557251908397,0,0.00157977883096367,0.874622356495468,0.596330275229358,1,0.536697247706422,0.338050314465409,0,0.981679389312977,0,0.955905511811024,0.0894819466248038,0,0.00603318250377074,0.118483412322275,0.48,0.970542635658915,0,0.953101361573374,0.975384615384615,1,0,0.0633693972179289,0.929508196721311,0.00485436893203883,1,1,0.00611620795107034,1,0.273993808049536,0.803981623277182,0.0108359133126935,0.159810126582278,0.962674961119751,0.00778816199376947,0,0.970633693972179,0.00630914826498423,0.644230769230769,0.3921875,0,0.113323124042879,0.7504,0.247678018575851,0.972307692307692,0,0.14525993883792,0.451043338683788,0.951734539969834,0.886018237082067,0.960753532182104,0.731554160125589,0,0.983282674772036,0,0.963358778625954,0.379310344827586,0,1,1,1,0.633540372670807,0.984962406015038,0.12597200622084,0.183098591549296,0.945904173106646,0.877112135176651,0,0,0.990697674418605,0.937106918238994,0.0140405616224649,0.982998454404946,0.990654205607477,0.360374414976599,0.9359375,0.730891719745223,0.888386123680241,0,0.967391304347826,0.328173374613003,1,0.998454404945904,0,0.62402496099844,0.978227060653188,0,0.6828125,0.36979969183359,0.802962962962963,0.684044233807267,0.955290611028316,0.0804248861911988,0.980982567353407,1,0.978527607361963,0.297169811320755,0.0903426791277259,0.989409984871407,1,0.00923076923076923,0.778294573643411,0.444954128440367,0.246153846153846,0.766718506998445,1,0.8765625,1,0.122727272727273,0,0,0.824451410658307,0.0015625,0,0.264615384615385,0,0.990683229813665,0.910876132930514,0.998454404945904,0.993911719939117,0.0841121495327103,0,0,0,0.167456556082148,0.0574162679425837,0.1546875,0,0,1,0.00753012048192771,0.275430359937402,1,0.585253456221198,0.973143759873618,0.648854961832061,0.620060790273556,0,1,0.37914691943128,0.486821705426357,0.921331316187595,0.987933634992459,0.359567901234568,0.0107197549770291,0.947122861586314,0.95166163141994,0,0.966917293233083,0.0140845070422535,0.988871224165342,0.427692307692308,0,0.00923076923076923,0.498407643312102,0.841049382716049,0,0.125,0.0108191653786708,0.00162337662337662,0.761261261261261,0.0203442879499218,1,0.315068493150685,0.993930197268589,0,0.380804953560372,0.331259720062208,0.8672,0.0952380952380952,0.00307692307692308,0.00152905198776758,0.0423197492163009,0,0.995405819295559,0.0365659777424483,0.97910447761194,0.0015600624024961,1,0,0.514459665144597,0.442338072669826,1,0,1,0,0.38740157480315,0.986322188449848,0,0.648690292758089,0.978056426332288,0.75,0.954113924050633,0.0335365853658537,0,1,0.261075949367089,0,0.695252679938744,0,0.0138674884437596,1,1,0.990783410138249,0.970814132104455,0.978193146417445,0,0.976744186046512,0.0182926829268293,0.337984496124031,0.273291925465839,0.99075500770416,0.990740740740741,0.995433789954338,0.990922844175492,0.048062015503876,0.0140625,0.982428115015974,0.960902255639098,0.715596330275229,0.980273141122914,1,0.975346687211094,0,0,0.980568011958146,0,0.0625,0,0.951863354037267,0.268253968253968,0.20695102685624,0.119515885022693,0.924646781789639,0,0.108396946564885,1,1,0.633693972179289,0.403560830860534,0.218424962852897,0.179640718562874,0.65015479876161,0,0.113846153846154,0.538699690402477,0.259659969088099,0.70516717325228,0.0108024691358025,0,0,0.312302839116719,1,0.609907120743034,0.21513353115727,0.610429447852761,0.882621951219512,0.98955223880597,0.960063897763578,0.9828125,1,0.9984375,0.540123456790123,0.41131498470948,0.998425196850394,0.0029585798816568,0.00898203592814371,0.875576036866359,0.0107361963190184,1,0.967592592592593,0,0.113418530351438,0,0.956521739130435,0,0.972602739726027,1,0.00604229607250755,0.834876543209877,1,0.641065830721003,0.613496932515337,0.878930817610063,0,0,0.926948051948052,0.948529411764706,0.987730061349693,0,0,0,0.240298507462687,0.489922480620155,0,0.444615384615385,0,0.923197492163009,1,0.159055118110236,0.231354642313546,0,0.3472,0.603421461897356,0.863914373088685,0.96577380952381,0.778801843317972,0,0.987179487179487,0.015552099533437,1,0,0.981845688350983,0.00773993808049536,1,0.0170542635658915,0.00947867298578199,0,0,0.826893353941267,0.925515055467512,0.933434190620272,0.706505295007564,0.0243161094224924,0.00471698113207547,0.835889570552147,0.841149773071104,0,0.0171073094867807,0.967592592592593,0,0.987301587301587,0.958778625954198,0.0612244897959184,0.0385208012326656,0.00313479623824451,1,0.458267716535433,0.0722135007849294,0.0959119496855346,0.108191653786708,0.697637795275591,0.0909090909090909,1,0,0.74805598755832,0.984709480122324,0.00308641975308642,0,0,0,0,1,0.722044728434505,0,0,0.531847133757962,0.956454121306376,0.422664624808576,0.0474006116207951,0,0.0546875,0.0185471406491499,0,0.029320987654321,0.00302571860816944,0,0.00762195121951219,0,0.0453834115805947,0.0517503805175038,0.0138036809815951,0.0201863354037267,0.00316455696202532,0.0280811232449298,0.0261538461538462,0.0539291217257319,0.00460829493087558,0.0249221183800623,0,0.00155763239875389,0.0397456279809221,0.0077639751552795,0.0254491017964072,0,0.0262751159196291,0.00150375939849624,0
"682",0.971563981042654,0.972519083969466,0.992354740061162,0.945425361155698,0.982539682539682,0.974317817014446,0.91499227202473,0.98125,0.966153846153846,0,0.970542635658915,0,0.6,0.971153846153846,0.0756172839506173,0.0371517027863777,0,0.0140845070422535,0.972929936305732,0.961180124223602,0.195384615384615,0.0544871794871795,0.958652373660031,0,0.933229813664596,0.290015847860539,0.135646687697161,0.966824644549763,0.496229260935143,0.711627906976744,0.0277777777777778,0.728971962616822,0.788309636650869,0.30757341576507,0,0.971653543307087,0.0168711656441718,0.965996908809892,0.293591654247392,0.898176291793313,0.00156985871271586,0.0154798761609907,0.00458715596330275,0.971653543307087,0.811501597444089,0.0495207667731629,0.54773082942097,0.027906976744186,0.494656488549618,0.155015197568389,0,0.976599063962558,0.295774647887324,0.97045101088647,0.902208201892745,0.181089743589744,0,0.946708463949843,0.974882260596546,0.918586789554531,0.325617283950617,0.452160493827161,0.0283018867924528,0,0.8912,0.831288343558282,0,0.965732087227414,0,0.0217729393468118,0.854517611026034,0.0325077399380805,0.0405616224648986,0.975535168195719,0,0.743119266055046,0.0721966205837174,0.600614439324117,0.9248,0.28171334431631,0,0.745038167938931,0.242283950617284,0.973886328725038,0.134969325153374,0.944099378881988,0.973724884080371,0.967840735068913,0.953917050691244,0.010590015128593,0.968553459119497,0.967441860465116,0,0,0.955555555555556,0,0.330733229329173,0.96141975308642,0.00762195121951219,0.00938967136150235,0.65527950310559,0,0.311216429699842,0.973101265822785,0.134036144578313,0.97456279809221,0.0107858243451464,0.984732824427481,0.028125,0.0365659777424483,0.0337941628264209,0.926447574334898,0.356143079315708,0.967289719626168,0,0.979907264296754,0.751159196290572,0,0.0306748466257669,0.246130030959752,0,0.785602503912363,0.273148148148148,0.104928457869634,0.966101694915254,0.182098765432099,0.96793893129771,0.975077881619938,0,0.582689335394127,0.952012383900929,0.496805111821086,0.958925750394945,0,0.96998420221169,0.0410958904109589,0,0.238689547581903,0.643192488262911,0.556603773584906,0,0,0.976851851851852,0.775700934579439,0.197411003236246,0.96875,0.0389408099688473,0.947286821705426,0.423622047244094,0.989312977099237,0.155948553054662,0.967340590979782,0.971473851030111,0.833073322932917,0.972477064220184,0.0222222222222222,0.972265023112481,0.02660406885759,0,0.759170653907496,0.893617021276596,0.96,0.0461538461538462,0,0.969278033794163,0.490415335463259,0.96969696969697,0.970769230769231,0.972434915773354,0.312788906009245,0.975535168195719,0.0286168521462639,0.950844854070661,0.0302114803625378,0.922712933753943,0.404945904173107,0,0.961360123647604,0,0.835913312693498,0.97196261682243,0.1484375,0.972265023112481,0.941448382126348,0.965465465465465,0.946319018404908,0.113385826771654,0.404287901990812,0.927099841521395,0.93968253968254,0.0791925465838509,0.0339506172839506,0.981012658227848,0.877519379844961,0,0,0.325984251968504,0.00154083204930663,0.970588235294118,0.276234567901235,0.901743264659271,0.757296466973886,0.981679389312977,0.445686900958466,0.446676970633694,0.315372424722662,0.911671924290221,0.947204968944099,0.90809968847352,0,0.86676875957121,0.213938411669368,0.954041204437401,0.0266457680250784,0.0995334370139969,0.563380281690141,0.968553459119497,0.974397590361446,0.857366771159875,0.969418960244648,0.896604938271605,0,0.102325581395349,0.691603053435115,0.970125786163522,0,0.966101694915254,0.989425981873112,0.580495356037152,0.547169811320755,0.966824644549763,0.972929936305732,0.399686520376176,0,0.908116385911179,0.54858934169279,1,0.0309119010819165,0.959459459459459,0.978021978021978,0.978461538461538,0.9421875,0.546423135464231,0.028125,0.996879875195008,0.578703703703704,0.0343796711509716,0.0288753799392097,0.213716108452951,0.0324074074074074,0.187697160883281,0.683333333333333,0.0282131661442006,0.0338983050847458,0.0384615384615385,0.617378048780488,0.0701754385964912,0.97427652733119,0.0111111111111111,0.0234009360374415,0,0.254746835443038,0.973101265822785,0.956112852664577,0.899845916795069,0,0.891547049441786,0.850226928895613,0.72952086553323,0.62596599690881,0.483619344773791,0.459627329192547,0.0124223602484472,0.9696,0.128526645768025,0.72875816993464,0.995356037151703,0.0382262996941896,0.773148148148148,0.0276923076923077,0.144186046511628,0.972179289026275,0.972712680577849,0.914149443561208,0,0.662557781201849,0.9078125,0,0.0275650842266462,0.914893617021277,0.984447900466563,0,0.0308641975308642,0.0246153846153846,0.976038338658147,0.897959183673469,0.0256410256410256,0,0.420647149460709,0.98125,0.809667673716012,0.410852713178295,0.686708860759494,0.955589586523737,0.0359937402190923,0.97428139183056,0.970542635658915,0.0329153605015674,0.966049382716049,0.974842767295597,0.95260663507109,0.972307692307692,0.210280373831776,0.332307692307692,0.313084112149533,0.984251968503937,0.924170616113744,0.0498442367601246,0.277602523659306,0.9796875,0.185471406491499,0.313636363636364,0.982945736434109,0.971608832807571,0.97542242703533,0.7140625,0.969278033794163,0.258970358814353,0.99390243902439,0.97191887675507,0,0.352307692307692,0.576862123613312,0.0449612403100775,0.0525502318392581,0.0354938271604938,0.886645962732919,0.0481366459627329,0.0263565891472868,0,0.256965944272446,0.973312401883831,0.0981308411214953,0.983660130718954,0.993779160186625,0.984375,0.304953560371517,0.310789049919485,0.683641975308642,0.461912479740681,0,0.828438948995363,0.0418604651162791,0.06,0.23206106870229,0.971698113207547,0.031055900621118,0,0.352941176470588,0.0370942812982998,0.0445151033386327,0.502340093603744,0.973478939157566,0.290679304897314,0.970731707317073,0.950715421303657,0,0.974474474474474,0.0261538461538462,0.972768532526475,0.838050314465409,0.9728,0.0443037974683544,0.961300309597523,0.0280811232449298,0.8765625,0.76031746031746,0.922374429223744,0.986068111455108,0.970031545741325,0.308777429467085,0.950310559006211,0.974006116207951,0.0242424242424242,0.046656298600311,0.971383147853736,0.972093023255814,0.347286821705426,0.878930817610063,0.951060358890702,0.953703703703704,0.971036585365854,0,0.1424,0.967492260061919,0.0254372019077901,0,0.996894409937888,0.0110410094637224,0.0724409448818898,0.973765432098765,0.996840442338073,0.00471698113207547,0.664086687306502,0.463722397476341,0.977635782747604,0.023696682464455,0.856012658227848,0.974193548387097,0.400625978090767,0.626356589147287,0.826086956521739,0,0.18125,0.987281399046105,0.977987421383648,0.4875,0.973684210526316,0.956310679611651,0.0590979782270607,0.00157232704402516,0.975460122699387,0.974723538704581,0.945397815912636,0.695121951219512,0.0311526479750779,0.894154818325434,0.277016742770167,0.21669341894061,0.00614439324116743,0.627943485086342,0.611544461778471,0.64451313755796,0,0.3056,0.933125972006221,0.650621118012422,0.545176110260337,0.102874432677761,0,0,0.974397590361446,0.954614220877458,0,0.951713395638629,0.00950871632329636,0,0,0.97360248447205,0,0.97933227344992,0.790123456790123,0.563444108761329,0.97125567322239,0,0,0.972136222910217,0.947129909365559,0.738724727838258,0.0273972602739726,0.00161812297734628,0.901215805471125,0.618098159509202,0.978159126365055,0.567692307692308,0.366043613707165,0,0.961240310077519,0.0277777777777778,0.976340694006309,0.114599686028257,0,0.0384615384615385,0.143525741029641,0.499186991869919,0.952453987730061,0,0.966360856269113,0.964723926380368,0.970724191063174,0,0.0977564102564103,0.915841584158416,0.0322061191626409,0.969088098918083,0.971036585365854,0.0323574730354391,0.970724191063174,0.316358024691358,0.826356589147287,0.0359937402190923,0.2016,0.966981132075472,0.0094488188976378,0.0263565891472868,0.980152671755725,0.0336,0.67948717948718,0.408450704225352,0,0.131045241809672,0.766192733017378,0.281055900621118,0.96319018404908,0.028391167192429,0.179878048780488,0.460547504025765,0.955792682926829,0.899082568807339,0.949685534591195,0.77373417721519,0,0.963302752293578,0.0214723926380368,0.946708463949843,0.423861852433281,0.0259146341463415,0.97542242703533,0.972093023255814,0.97196261682243,0.662538699690402,0.984375,0.165109034267913,0.218152866242038,0.945652173913043,0.901234567901235,0,0,0.966929133858268,0.930379746835443,0.0440944881889764,0.982731554160126,0.977099236641221,0.393798449612403,0.963722397476341,0.753164556962025,0.908675799086758,0,0.964006259780908,0.365054602184087,0.976671850699845,0.972093023255814,0,0.663026521060842,0.993630573248408,0.031104199066874,0.696875,0.390432098765432,0.805097451274363,0.725274725274725,0.939117199391172,0.104704097116844,0.96984126984127,0.97191887675507,0.986068111455108,0.330658105939005,0.12755905511811,0.973684210526316,0.969278033794163,0.00909090909090909,0.807692307692308,0.455246913580247,0.278816199376947,0.791277258566978,0.971786833855799,0.863636363636364,0.97045101088647,0.13587786259542,0.0307941653160454,0,0.849765258215962,0.0268562401263823,0.028436018957346,0.295665634674923,0,0.973561430793157,0.918335901386749,0.969135802469136,0.980332829046899,0.121684867394696,0.0279937791601866,0,0,0.194577352472089,0.107476635514019,0.182103610675039,0,0.0230414746543779,0.970724191063174,0.0199386503067485,0.315541601255887,0.9712,0.623456790123457,0.959055118110236,0.699376947040498,0.677321156773212,0,0.969924812030075,0.410459587955626,0.518808777429467,0.938650306748466,0.975535168195719,0.415503875968992,0.00928792569659443,0.96583850931677,0.965891472868217,0,0.950075642965204,0.046583850931677,0.969889064976228,0.445288753799392,0,0.00938967136150235,0.537581699346405,0.863275039745628,0.0274809160305344,0.168503937007874,0.0108359133126935,0.00163132137030995,0.757207890743551,0.0427892234548336,0.97427652733119,0.339969372128637,0.977134146341463,0.0276497695852535,0.400621118012422,0.352,0.894488188976378,0.129084967320261,0.0336906584992343,0.00153374233128834,0.0712025316455696,0,0.967741935483871,0.0514469453376206,0.98340874811463,0.0331230283911672,0.970031545741325,0,0.552870090634441,0.478461538461538,0.97045101088647,0,0.976923076923077,0,0.419713831478537,0.967987804878049,0,0.686335403726708,0.974763406940063,0.77293934681182,0.98389694041868,0.0632716049382716,0,0.970588235294118,0.27172195892575,0,0.719325153374233,0.0226928895612708,0.0474006116207951,0.9728,0.974683544303797,0.968325791855204,0.950310559006211,0.962085308056872,0,0.955555555555556,0.0227963525835866,0.380368098159509,0.303875968992248,0.966309341500766,0.963949843260188,0.967642526964561,0.961832061068702,0.0501567398119122,0.0443037974683544,0.973856209150327,0.954545454545455,0.73159509202454,0.950769230769231,0.975346687211094,1,0,0,0.959580838323353,0,0.0902021772939347,0,0.96937212863706,0.280645161290323,0.250793650793651,0.143950995405819,0.9140625,0,0.134375,0.970903522205207,0.975384615384615,0.66875,0.43562874251497,0.243283582089552,0.196374622356495,0.671451355661882,0.0260336906584992,0.155384615384615,0.572964669738863,0.272300469483568,0.71889400921659,0.0391849529780564,0,0.0301109350237718,0.349761526232114,0.971428571428571,0.652173913043478,0.251497005988024,0.635239567233385,0.901234567901235,0.958904109589041,0.961165048543689,0.9703125,0.977777777777778,0.973143759873618,0.568075117370892,0.4359375,0.975,0.0326894502228826,0.0393343419062027,0.900630914826498,0.0122324159021407,0.969788519637462,0.944444444444444,0,0.147909967845659,0,0.964856230031949,0,0.967084639498433,0.972307692307692,0.0275650842266462,0.856692913385827,0.970769230769231,0.685714285714286,0.626749611197512,0.899529042386185,0,0,0.933656957928803,0.971471471471472,0.98310291858679,0,0,0.0286624203821656,0.253030303030303,0.50390015600624,0,0.48297213622291,0,0.923444976076555,0.968652037617555,0.187993680884676,0.262672811059908,0,0.380348652931854,0.605015673981191,0.860896445131376,0.993874425727412,0.789719626168224,0.0218408736349454,0.984101748807631,0.0168711656441718,0.968404423380727,0,0.98030303030303,0.00777604976671851,0.976489028213166,0.0410742496050553,0.028436018957346,0,0,0.84472049689441,0.916666666666667,0.957055214723926,0.716692189892802,0.0563165905631659,0.036624203821656,0.842592592592593,0.83030303030303,0,0.037914691943128,0.949606299212598,0,0.962145110410095,1,0.0890625,0.0452418096723869,0.0263565891472868,0.970814132104455,0.478395061728395,0.100313479623824,0.122222222222222,0.137557959814529,0.712715855572998,0.109422492401216,0.970542635658915,0,0.775316455696203,0.960061443932412,0.00317965023847377,0,0.0335365853658537,0,0.0309119010819165,0.970633693972179,0.718849840255591,0.0302066772655008,0.028436018957346,0.584935897435897,0.971608832807571,0.454545454545455,0.0540123456790123,0.0287081339712919,0.0608974358974359,0.0201550387596899,0,0.0536277602523659,0.0367534456355283,0.0265625,0.0451010886469673,0.02,0.0500782472613459,0.0598159509202454,0.0386398763523957,0.0218408736349454,0.00632911392405063,0.0262345679012346,0.0247295208655332,0.0598159509202454,0.0371517027863777,0.0202492211838006,0.0224719101123595,0.0365659777424483,0.0443037974683544,0.0296875,0.0229357798165138,0.029595015576324,0.0589147286821705,0.0287443267776097,0.0343213728549142
"683",0,0,0,0,0,0,0.0138888888888889,0.00151975683890578,0,1,0,1,0,0,0,0,1,0.984639016897081,0,0,0,0,0,1,0,0,0,0,0,0,0,0,0.00153609831029186,0,1,0,0.97583081570997,0,0,0,0.998452012383901,0.984567901234568,0.995356037151703,0,0,0,0,0,0,0,1,0,0,0,0.0156739811912226,0,1,0,0.00151057401812689,0,0,0,0,1,0,0,1,0,1,0,0,0,0,0,1,0.00151285930408472,0,0,0.0015625,0,1,0,0,0,0,0,0,0,0.00152439024390244,0.987915407854985,0,0,1,1,0,1,0.0168711656441718,0,0.992283950617284,0.992295839753467,0.0107692307692308,1,0,0,0,0,0.990712074303406,0.00155038759689922,0,0,0,0.0154083204930663,0,0,1,0,0,1,0,0,1,0.0015552099533437,0,0,0,0,0,0,1,0.00613496932515337,0,0,0,1,0,0,1,0,0,0.0063391442155309,1,1,0,0,0,0,0,0,0,0,0,0,0,0,0,0,0,0,1,0,0.00597907324364723,0,0,1,0,0,0,0,0,0,0,0,0,0,0.00311526479750779,0,1,0,1,0,0,0,0,0,0,0,0,0,0,0,0,0,0,0.0212121212121212,1,1,0,0.998482549317147,0,0,0.0126582278481013,0,0,0,0,0,0,0,0.00152905198776758,1,0,0,0,0,0,0.00308166409861325,0,0,0.00153139356814701,0,0,1,0,0,0,1,0,0,0.00613496932515337,0,0,0,0.0199692780337942,1,0.0150829562594268,0,0,0,0,0,0,0,0,0,0,0,0,0,0,0,0,0,0,0,0,0,0,0,0.987635239567233,0,1,0.00311526479750779,0,0,0,1,0.00156494522691706,0.00301659125188537,0,0,0,0,0.989457831325301,0,0,0,0,0,0,0,0,0,0,0.014218009478673,1,0,0.0170807453416149,1,0,0.0163447251114413,0.00153609831029186,1,0,0,0,0,0,1,0.0168453292496172,0,0,0,0,0,0,0,0,0,0,0,0,0,0,0,0,0.00156985871271586,0,0.949386503067485,0,0,0,0,0,0,0,0,0,0,0,0,1,0,0.0078003120124805,0,0.942989214175655,0,0,0,0,1,0,0,0,0,0,0,0,0,0,0,1,0,0,0,0,0,0,1,0,0,0,0.00309119010819165,0,0,0,0,1,0,0,0,0,0,0,0,0,0,0,0,0,0.00153374233128834,0,0,0,0,0,0,0,0,0,0,0,0,1,0,0,0,1,0,0.990551181102362,0,0,0,0.996865203761755,0.00921658986175115,0,0,0,0,0,0,0,0,1,0,0.0015625,0,0,0,0,0,0.998498498498498,0,0,0,0,0,0.00614439324116743,0,0.0162074554294976,0.993836671802773,0,0,0,1,0,0.00154798761609907,0,0,0,1,1,0,0,1,0,0.989197530864197,1,1,0,1,0,0.00151975683890578,0.00598802395209581,0,1,1,0,0,0,0,0.996875,0.0197268588770865,0,0,0,0,1,0,0,0.0015527950310559,0,1,0,0,0,0.00154798761609907,1,0,0,0,1,0,0,0,0,0,0,0,0,0,0,0.00157728706624606,0,0.987596899224806,0,0,0,0,0.00777604976671851,1,0,0.003125,0,0,0,0,0,0,0,0,0,1,0,0,0,0.0031496062992126,0,0,0,0,0,0,0,0,0,0.0154320987654321,1,1,0,0,0,0,0,0,0,0,0.0180722891566265,1,0,0.0156739811912226,0,0,1,0,0,0,0.0015625,0,0,0,0,0,0.00309597523219814,0,0,0.0156739811912226,0.0248447204968944,0,0,0.992412746585736,0,0,0,0,0,0,0,0.766816143497758,0,1,0.00155763239875389,0,0,0,1,0,0,0,0,0,0,1,1,0,0,0,1,0,0,0.556060606060606,0,0,0.00921658986175115,0,0,0,1,0,0,0,0.00600600600600601,0,0,0.989214175654854,0,0,1,0.00148588410104012,0,0,0,1,0.990683229813665,0,0,0,0,0.989263803680982,0.998422712933754,0,0,0,0,0,0,0,0,0.0062992125984252,0,0,0.996941896024465,0,1,0,0.148499210110585,0.00150602409638554,0,0,1,0,0,0,1,0,1,0,0,1,0.015220700152207,0,0,0.00157977883096367,0,1,0,0,1,0,0,0,0,0,0,0.00154559505409583,0,1,0,0.975497702909648,0.0196078431372549,0,0,0,0,0,0.911042944785276,0,0,0,0,0,0,0,1,1,0,1,0,0.9984375,0,0,0,0,0,0.998468606431853,0,0,0,0,0,0,0,0,0,0,0,0,0,0,1,0,0.0203761755485893,0,0.0321100917431193,0,0,0.00613496932515337,0,0.00156739811912226,0,0,0,0,0,0,0,0,0.00307219662058372,0.989473684210526,0,0,1,0,1,0,1,0,0,0,0,0,0.00152905198776758,0,0.0201550387596899,1,1,0,0,0,1,1,0,0,0,1,0,1,0,0,0.032967032967033,0,1,0,0,0,0,0,0,0,0.903875968992248,0,1,0,0.993836671802773,0,0,0.360374414976599,1,1,0.0015220700152207,0,0.00909090909090909,0,0,0,0,0,1,0,0,1,0,0,0,0.952887537993921,0,0,0,0,0,0,0,0,0,1,0,0,0.996899224806202,1,0,1,0,0,0,0,0,0.00473186119873817,0.00309597523219814,0,0.948170731707317,0,0.890822784810127,0.975460122699387,1,0.15527950310559,0,0,0.00451127819548872,0,0.94556765163297,0.937784522003035,0,0.976744186046512,0.993660855784469,0.949618320610687,0.971168437025797,0.937404580152672,0,0.969135802469136,0,0,0.95141065830721,0,0.922503725782414,0,0.0597243491577335,0,0
"684",0,0,0,0,0,0,0.0108864696734059,0.00153609831029186,0,1,0,1,0,0,0,0,1,0.986322188449848,0,0,0,0,0,1,0,0,0,0.00158478605388273,0,0,0,0,0.00155038759689922,0,1,0,0.975757575757576,0,0,0,0.998439937597504,0.989312977099237,0.99388379204893,0,0,0,0,0,0,0,1,0,0,0,0.0109204368174727,0,1,0,0.00300751879699248,0,0,0,0,1,0,0,1,0,1,0,0,0,0,0,1,0.00151057401812689,0,0,0.00157232704402516,0,1,0,0,0,0,0,0,0,0.00453172205438067,0.990977443609023,0,0,1,1,0,1,0.0198170731707317,0,0.995440729483283,0.993846153846154,0.00769230769230769,1,0,0,0,0,0.990783410138249,0.00304878048780488,0,0,0,0.0106544901065449,0,0,1,0,0,1,0,0,1,0.00152905198776758,0,0,0,0,0,0,1,0.00606060606060606,0,0,0,1,0,0,1,0,0,0.00470957613814757,1,1,0,0,0,0,0,0,0,0,0,0,0,0,0,0,0,0,1,0,0.00600600600600601,0,0,1,0,0,0,0,0,0,0,0,0,0,0.00311526479750779,0,1,0,1,0,0,0,0,0,0,0,0,0,0,0,0,0,0,0.0198170731707317,1,1,0,0.998480243161094,0,0,0.00930232558139535,0,0,0,0,0,0,0,0.00151515151515152,1,0,0,0,0,0,0.00309119010819165,0,0,0.00153374233128834,0,0,1,0,0,0,1,0,0,0.00459418070444104,0,0,0,0.0201238390092879,1,0.0106060606060606,0,0,0,0,0,0,0,0,0,0,0,0,0,0,0,0,0,0,0,0,0,0,0,0.989113530326594,0,1,0.00461538461538462,0,0,0,1,0.00159744408945687,0.00306278713629403,0,0,0,0,0.990825688073395,0,0,0,0,0,0,0,0,0,0,0.009375,1,0,0.0123456790123457,1,0,0.0104477611940299,0.00154320987654321,1,0,0,0,0,0,1,0.0182370820668693,0,0,0,0,0,0,0,0,0,0,0,0,0,0,0,0,0.00309597523219814,0,0.947852760736196,0,0,0,0,0,0,0,0,0,0,0,0,1,0,0.00786163522012579,0,0.945121951219512,0,0,0,0,1,0,0,0,0,0,0,0,0,0,0,1,0,0,0,0,0,0,1,0,0,0,0.00308641975308642,0,0,0,0,1,0,0,0,0,0,0,0,0,0,0,0,0,0.00307692307692308,0,0,0,0,0,0,0,0,0,0,0,0,1,0,0,0,1,0,0.992138364779874,0,0,0,0.998461538461539,0.00763358778625954,0,0,0,0,0,0,0,0,1,0,0.00157977883096367,0,0,0,0,0,0.998459167950693,0,0,0,0,0,0.00613496932515337,0,0.0161550888529887,0.993911719939117,0,0,0,1,0,0.0015527950310559,0,0,0,1,1,0,0,1,0,0.990668740279938,1,1,0,1,0,0.00153139356814701,0.0060790273556231,0,1,1,0,0,0,0,0.996825396825397,0.013595166163142,0,0,0,0,1,0,0,0.00157232704402516,0,1,0,0,0,0.00154320987654321,1,0,0,0,1,0,0,0,0,0,0,0,0,0,0,0.0015527950310559,0,0.989197530864197,0,0,0,0,0.0093603744149766,1,0,0.00311526479750779,0,0,0,0,0,0,0,0,0,1,0,0,0,0.00478468899521531,0,0,0,0,0,0,0,0,0,0.0121951219512195,1,1,0,0,0,0,0,0,0,0,0.0121212121212121,1,0,0.0154083204930663,0,0,1,0,0,0,0.00154559505409583,0,0,0,0,0,0.00317460317460317,0,0,0.0175438596491228,0.0261136712749616,0,0,0.995419847328244,0,0,0,0,0,0,0,0.761329305135952,0,1,0.00153609831029186,0,0,0,1,0,0,0,0,0,0,1,1,0,0,0,1,0,0,0.561456752655539,0,0,0.00615384615384615,0,0,0,1,0,0,0,0.00297176820208024,0,0,0.993874425727412,0,0,1,0.00151285930408472,0,0,0,1,0.993827160493827,0,0,0,0,0.990867579908676,0.998407643312102,0,0,0,0,0,0,0,0,0.00625978090766823,0,0,0.996923076923077,0,1,0,0.157076205287714,0.00149700598802395,0,0,1,0,0,0,1,0,1,0,0,1,0.0182926829268293,0,0,0.0015527950310559,0,1,0,0,1,0,0,0,0,0,0,0.00470219435736677,0.00154083204930663,1,0,0.977272727272727,0.0212765957446809,0,0,0,0,0,0.932926829268293,0,0,0,0,0,0,0,1,1,0,1,0,0.998449612403101,0,0,0,0,0,1,0,0,0,0,0,0,0,0,0,0,0,0,0,0,1,0,0.0186625194401244,0,0.0308166409861325,0,0,0.00604229607250755,0,0.00159489633173844,0,0,0,0,0,0,0,0,0.0031201248049922,0.989425981873112,0,0,1,0,1,0,1,0,0,0,0,0,0.00154320987654321,0,0.0140405616224649,1,1,0,0,0,1,1,0,0,0,1,0,1,0,0,0.0357142857142857,0,1,0,0,0,0,0,0,0,0.895705521472393,0,1,0,0.995433789954338,0,0,0.363494539781591,1,1,0.00151745068285281,0,0.00762195121951219,0,0,0,0,0,1,0,0,1,0,0,0,0.953488372093023,0,0,0,0,0,0,0,0,0,1,0,0,0.995305164319249,1,0,1,0,0,0,0,0,0.00623052959501558,0.00312989045383412,0,0.950226244343891,0,0.897151898734177,0.972350230414747,1,0.154446177847114,0,0,0.0060882800608828,0,0.947611710323575,0.942942942942943,0,0.975497702909648,0.992101105845182,0.949230769230769,0.969558599695586,0.940366972477064,0,0.968085106382979,0,0,0.953271028037383,0,0.931297709923664,0,0.0515933232169954,0,0
"685",0.980182926829268,0.979041916167665,0.955947136563877,0.922018348623853,0.969465648854962,0.984472049689441,0.888379204892966,0.960244648318043,0.985141158989599,0,0.985007496251874,0,0.564759036144578,0.984567901234568,0.0538922155688623,0.025297619047619,0,0.0151515151515152,0.982998454404946,0.96865671641791,0.174366616989568,0.0475460122699387,0.976331360946746,0,0.937406855439642,0.26646248085758,0.118796992481203,0.972006220839813,0.483823529411765,0.686011904761905,0.0162481536189069,0.689189189189189,0.772519083969466,0.292537313432836,0,0.986322188449848,0.0164917541229385,0.983532934131736,0.278832116788321,0.914925373134328,0.00152905198776758,0.0149253731343284,0.00747384155455904,0.981762917933131,0.770769230769231,0.0371517027863777,0.503030303030303,0.0181543116490166,0.474452554744526,0.151111111111111,0,0.980421686746988,0.282738095238095,0.983308042488619,0.877675840978593,0.172628304821151,0,0.983154670750383,0.942050520059435,0.892171344165436,0.294642857142857,0.446455505279035,0.0169230769230769,0,0.900621118012422,0.83134328358209,0,0.969788519637462,0,0.0181818181818182,0.844213649851632,0.0227272727272727,0.0329341317365269,0.986686390532544,0,0.704747774480712,0.0611940298507463,0.564564564564565,0.881172839506173,0.281150159744409,0,0.700447093889717,0.217455621301775,0.980654761904762,0.12797619047619,0.894029850746269,0.975757575757576,0.953592814371258,0.953242835595777,0.0118518518518519,0.974164133738602,0.979041916167665,0,0,0.958204334365325,0,0.305847076461769,0.967407407407407,0.00890207715133531,0.0105105105105105,0.617339312406577,0,0.296520423600605,0.979969183359014,0.114369501466276,0.984447900466563,0.0106544901065449,0.959028831562974,0.0182094081942337,0.0225225225225225,0.022354694485842,0.895136778115502,0.339339339339339,0.97428139183056,0,0.969788519637462,0.710606060606061,0,0.0210843373493976,0.239329268292683,0,0.77217125382263,0.26969696969697,0.087962962962963,0.956586826347305,0.162481536189069,0.979320531757755,0.977443609022556,0,0.55952380952381,0.925981873111782,0.508448540706605,0.969742813918306,0,0.975270479134467,0.0427098674521355,0,0.23159509202454,0.619970193740686,0.530326594090202,0,0,0.962630792227205,0.762121212121212,0.176651305683564,0.983358547655068,0.0227617602427921,0.913561847988077,0.422427035330261,0.958762886597938,0.148773006134969,0.968133535660091,0.982945736434109,0.830838323353293,0.976083707025411,0.0153374233128834,0.977645305514158,0.0166919575113809,0,0.746969696969697,0.856093979441997,0.992526158445441,0.0340740740740741,0,0.977777777777778,0.459293394777266,0.984326018808777,0.982008995502249,0.980625931445604,0.292035398230089,0.956259426847662,0.0227617602427921,0.938235294117647,0.0204379562043796,0.881901840490798,0.377272727272727,0,0.974242424242424,0,0.852017937219731,0.982116244411326,0.1350531107739,0.965620328849028,0.932634730538922,0.981428571428571,0.965976331360947,0.115615615615616,0.383582089552239,0.907975460122699,0.9258114374034,0.0661538461538462,0.0252225519287834,0.966360856269113,0.847988077496274,0,0,0.320121951219512,0.00149925037481259,0.979710144927536,0.261061946902655,0.869831546707504,0.757847533632287,0.973451327433628,0.461187214611872,0.453055141579732,0.308157099697885,0.901065449010654,0.951588502269289,0.863905325443787,0,0.878518518518518,0.194099378881988,0.936267071320182,0.0197268588770865,0.0837004405286344,0.547368421052632,0.962462462462462,0.959761549925484,0.82089552238806,0.980509745127436,0.877061469265367,0,0.0911808669656203,0.666172106824926,0.977272727272727,0,0.976225854383358,0.972181551976574,0.559043348281016,0.551569506726457,0.990909090909091,0.987692307692308,0.366218236173393,0,0.877037037037037,0.524242424242424,0.957317073170732,0.0163934426229508,0.949554896142433,0.978625954198473,0.979041916167665,0.936555891238671,0.539730134932534,0.0197268588770865,0.954407294832827,0.532640949554896,0.020497803806735,0.0147275405007364,0.21765601217656,0.0194902548725637,0.168469860896445,0.666666666666667,0.0180722891566265,0.0194029850746269,0.0256024096385542,0.603244837758112,0.0518292682926829,0.972477064220184,0.0121580547112462,0.0119402985074627,0,0.245454545454545,0.980152671755725,0.965361445783133,0.876691729323308,0,0.852807283763278,0.861812778603269,0.673716012084592,0.604545454545454,0.452054794520548,0.462595419847328,0.0120481927710843,0.979938271604938,0.110778443113772,0.695178849144635,0.947049924357035,0.0283582089552239,0.742603550295858,0.0199081163859112,0.143288084464555,0.985119047619048,0.982594936708861,0.887171561051005,0,0.647761194029851,0.877675840978593,0,0.0164424514200299,0.885630498533724,0.960606060606061,0,0.0209895052473763,0.0165912518853695,0.964992389649924,0.874418604651163,0.0170278637770898,0,0.390060240963855,0.974203338391502,0.787790697674419,0.403348554033486,0.669230769230769,0.937592867756315,0.0287009063444109,0.982222222222222,0.980392156862745,0.0239880059970015,0.958208955223881,0.981954887218045,0.998456790123457,0.980421686746988,0.201210287443268,0.328849028400598,0.301801801801802,0.962962962962963,0.929356357927786,0.0505952380952381,0.261467889908257,0.956127080181543,0.166666666666667,0.316100443131462,0.983433734939759,0.978947368421053,0.954887218045113,0.703363914373089,0.982035928143713,0.247295208655332,0.950524737631184,0.983180428134557,0,0.338757396449704,0.55895865237366,0.0334855403348554,0.0568862275449102,0.0293685756240822,0.904903417533432,0.0441826215022091,0.017910447761194,0,0.24665676077266,0.972809667673716,0.0893939393939394,0.971608832807571,0.956586826347305,0.974512743628186,0.302431610942249,0.303030303030303,0.667682926829268,0.463452566096423,0,0.819940476190476,0.0309278350515464,0.0621301775147929,0.21021021021021,0.98340874811463,0.0211480362537764,0,0.337386018237082,0.0282317979197623,0.0379939209726444,0.476263399693721,0.980273141122914,0.284839203675345,0.981308411214953,0.989409984871407,0,0.974175035868006,0.0192592592592593,0.982378854625551,0.833585476550681,0.986089644513138,0.0273972602739726,0.992603550295858,0.0164424514200299,0.904545454545455,0.708588957055215,0.940652818991098,0.974588938714499,0.98030303030303,0.310344827586207,0.948091603053435,0.977843426883309,0.0176991150442478,0.0423600605143722,0.977168949771689,0.98036253776435,0.324734446130501,0.898203592814371,0.952453987730061,0.947049924357035,0.983679525222552,0,0.118279569892473,0.983458646616541,0.0212121212121212,0,0.952453987730061,0.010752688172043,0.0632530120481928,0.982169390787519,0.95166163141994,0.00455235204855842,0.622754491017964,0.422256097560976,0.967542503863988,0.0186046511627907,0.868501529051988,0.981538461538462,0.382175226586103,0.60655737704918,0.77593984962406,0,0.171471927162367,0.96,0.978625954198473,0.450682852807284,0.98355754857997,0.962903225806452,0.0462686567164179,0.00151745068285281,0.97037037037037,0.989393939393939,0.934848484848485,0.677514792899408,0.0213740458015267,0.848575712143928,0.237237237237237,0.192789968652038,0.00748502994011976,0.620637329286798,0.576452599388379,0.61236802413273,0,0.281972265023112,0.899248120300752,0.63963963963964,0.525147928994083,0.0926193921852388,0,0,0.979827089337176,0.998518518518518,0,0.906870229007634,0.0121765601217656,0,0,0.986363636363636,0,0.979907264296754,0.761619190404798,0.535502958579882,0.983727810650888,0,0,0.977544910179641,0.949348769898698,0.725,0.0161527165932452,0.00306278713629403,0.874813710879285,0.609212481426449,0.978787878787879,0.511904761904762,0.347094801223242,0,0.965309200603318,0.0186335403726708,0.943425076452599,0.103975535168196,0,0.0217076700434153,0.136712749615975,0.49144634525661,0.952732644017725,0,0.942050520059435,0.956973293768546,0.982274741506647,0,0.0961240310077519,0.950871632329635,0.025,0.979381443298969,0.980825958702065,0.0283582089552239,0.985074626865672,0.315555555555556,0.798798798798799,0.0291411042944785,0.18266253869969,0.956259426847662,0.0104947526236882,0.0181818181818182,0.95933734939759,0.0231839258114374,0.663608562691132,0.396923076923077,0,0.128698224852071,0.72824427480916,0.273952095808383,0.961077844311377,0.0177777777777778,0.152923538230885,0.462519936204147,0.935483870967742,0.87007299270073,0.946026986506747,0.749240121580547,0,0.964125560538117,0.0194319880418535,0.990839694656489,0.3950233281493,0.0191458026509573,0.980625931445604,0.981818181818182,0.981679389312977,0.630630630630631,0.97317436661699,0.146487294469357,0.202743902439024,0.934848484848485,0.870090634441088,0,0,0.972350230414747,0.914728682170543,0.0275650842266462,0.968036529680365,0.977477477477477,0.382308845577211,0.912442396313364,0.727963525835866,0.883211678832117,0,0.946026986506747,0.335843373493976,0.978787878787879,0.978915662650602,0,0.648401826484018,0.957575757575758,0.0196671709531014,0.696646341463415,0.381165919282511,0.807803468208092,0.677760968229955,0.944199706314244,0.10688140556369,0.963020030816641,0.983333333333333,0.971299093655589,0.306153846153846,0.112951807228916,0.970501474926254,0.982062780269058,0.00741839762611276,0.776946107784431,0.451851851851852,0.264661654135338,0.76355421686747,0.984962406015038,0.880916030534351,0.980740740740741,0.124816446402349,0.01875,0,0.814871016691957,0.0212765957446809,0.0166163141993958,0.286363636363636,0,0.975757575757576,0.904977375565611,0.983358547655068,0.974702380952381,0.10958904109589,0.0210843373493976,0,0,0.192546583850932,0.0840978593272171,0.173192771084337,0,0.0134730538922156,0.979166666666667,0.013215859030837,0.307458143074581,0.986217457886677,0.584084084084084,0.967840735068913,0.651982378854626,0.639175257731959,0,0.979739507959479,0.41743119266055,0.521276595744681,0.910294117647059,0.973053892215569,0.404477611940299,0.0104790419161677,0.931714719271624,0.93859649122807,0,0.950292397660819,0.0344311377245509,0.967238689547582,0.437878787878788,0,0.0103857566765579,0.5265625,0.838212634822804,0.0179372197309417,0.149460708782743,0.0135338345864662,0.0015527950310559,0.752173913043478,0.0353302611367127,0.980982567353407,0.318862275449102,0.973451327433628,0.0176991150442478,0.370588235294118,0.316998468606432,0.856049004594181,0.11214953271028,0.0162481536189069,0.0029806259314456,0.0527131782945736,0,0.979502196193265,0.0518053375196232,0.961151079136691,0.0229357798165138,0.981623277182236,0,0.517751479289941,0.471385542168675,0.983383685800604,0,0.982116244411326,0,0.396656534954407,0.97189349112426,0,0.653846153846154,0.967340590979782,0.735474006116208,0.937888198757764,0.0504451038575668,0,0.981735159817352,0.270642201834862,0,0.690014903129657,0.0176211453744493,0.0282317979197623,0.980122324159021,0.980152671755725,0.970717423133236,0.953172205438066,0.963302752293578,0,0.967065868263473,0.0236336779911374,0.356508875739645,0.293853073463268,0.975757575757576,0.975535168195719,0.988183161004431,0.976154992548435,0.0544629349470499,0.0315315315315315,0.970219435736677,0.951951951951952,0.730538922155689,0.962797619047619,0.980568011958146,0.959580838323353,0,0,1,0,0.0852017937219731,0,0.944858420268256,0.291277258566978,0.204368174726989,0.135416666666667,0.919330289193303,0,0.113636363636364,0.980654761904762,0.980451127819549,0.63719512195122,0.432706222865412,0.217765042979943,0.194767441860465,0.636222910216718,0.0148809523809524,0.130044843049327,0.558558558558559,0.261467889908257,0.704477611940298,0.0321592649310873,0,0.0151285930408472,0.329787234042553,0.98297213622291,0.623123123123123,0.244573082489146,0.611111111111111,0.861194029850746,1,0.948517940717629,0.963470319634703,0.978193146417445,0.980273141122914,0.551415797317437,0.408132530120482,0.981845688350983,0.0232896652110626,0.0250737463126844,0.859910581222057,0.0118518518518519,0.985185185185185,0.989489489489489,0,0.129969418960245,0,0.933234421364985,0,0.956586826347305,0.983606557377049,0.0253731343283582,0.82051282051282,0.979166666666667,0.648484848484848,0.62258543833581,0.867692307692308,0,0,0.916403785488959,0.924177396280401,0.970238095238095,0,0,0.0155038759689922,0.231905465288035,0.516566265060241,0,0.452631578947368,0,0.902140672782875,0.98036253776435,0.171253822629969,0.24,0,0.339939024390244,0.576399394856278,0.884730538922156,0.947136563876652,0.763473053892216,0.018018018018018,0.977307110438729,0.0120481927710843,0.984591679506934,0,0.963343108504399,0.0091324200913242,0.983076923076923,0.042042042042042,0.0168453292496172,0,0,0.825633383010432,0.91820987654321,0.928882438316401,0.711738484398217,0.0408163265306122,0.0229007633587786,0.817073170731707,0.825327510917031,0,0.033587786259542,0.946808510638298,0,0.992211838006231,0.94289897510981,0.0769230769230769,0.0436746987951807,0.0209895052473763,0.982274741506647,0.465648854961832,0.0946564885496183,0.124804992199688,0.13075780089153,0.691358024691358,0.116347569955817,0.98159509202454,0,0.769578313253012,0.968980797636632,0.00454545454545455,0,0.0159651669085631,0,0.0212121212121212,0.983483483483483,0.68895800933126,0.0170015455950541,0.0167427701674277,0.54601226993865,0.940729483282675,0.445440956651719,0.0502958579881657,0.0171073094867807,0.0549618320610687,0.0180451127819549,0,0.0414110429447853,0.0205580029368576,0.0212765957446809,0.0269865067466267,0.0178837555886736,0.0545454545454545,0.0621301775147929,0.031390134529148,0.0181818181818182,0.00615384615384615,0.0269058295964126,0.0240601503759399,0.0625,0.0257575757575758,0.0209267563527653,0.0186046511627907,0.0196078431372549,0.0472560975609756,0.0255639097744361,0.025297619047619,0.0194902548725637,0.0513595166163142,0.0218340611353712,0.0179910044977511
"686",0,0,0,0,0,0,0.014018691588785,0.00152439024390244,0,1,0,1,0,0,0,0,1,0.984591679506934,0,0,0,0,0,1,0,0,0,0.0015625,0,0,0,0,0.00154798761609907,0,1,0,0.974320241691843,0,0,0,0.998456790123457,0.984639016897081,0.993893129770992,0,0,0,0,0,0,0,1,0,0,0,0.0140405616224649,0,1,0,0.00303951367781155,0,0,0,0,1,0,0,1,0,1,0,0,0,0,0,1,0.00149476831091181,0,0,0.00158982511923688,0,1,0,0,0,0,0,0,0,0.00454545454545455,0.987915407854985,0,0,1,1,0,1,0.0122324159021407,0,0.992424242424242,0.99075500770416,0.0106870229007634,1,0,0,0,0,0.989230769230769,0.00305810397553517,0,0,0,0.0167682926829268,0,0,1,0,0,1,0,0,1,0.00153609831029186,0,0,0,0,0,0,1,0.00611620795107034,0,0,0,1,0,0,1,0,0,0.00628930817610063,1,1,0,0,0,0,0,0,0,0,0,0,0,0,0,0,0,0,1,0,0.00602409638554217,0,0,1,0,0,0,0,0,0,0,0,0,0,0.0031055900621118,0,1,0,1,0,0,0,0,0,0,0,0,0,0,0,0,0,0,0.0198473282442748,1,1,0,0.998480243161094,0,0,0.0123839009287926,0,0,0,0,0,0,0,0.00150829562594268,1,0,0,0,0,0,0.00461538461538462,0,0,0.0015220700152207,0,0,1,0,0,0,1,0,0,0.00455927051671732,0,0,0,0.013953488372093,1,0.0150829562594268,0,0,0,0,0,0,0,0,0,0,0,0,0,0,0,0,0,0,0,0,0,0,0,0.9859375,0,1,0.0015527950310559,0,0,0,1,0.00158227848101266,0.00303490136570561,0,0,0,0,0.987767584097859,0,0,0,0,0,0,0,0,0,0,0.015625,1,0,0.0170015455950541,1,0,0.0163934426229508,0.00153374233128834,1,0,0,0,0,0,1,0.0137404580152672,0,0,0,0,0,0,0,0,0,0,0,0,0,0,0,0,0.00311526479750779,0,0.954268292682927,0,0,0,0,0,0,0,0,0,0,0,0,1,0,0.00626959247648903,0,0.948484848484848,0,0,0,0,1,0,0,0,0,0,0,0,0,0,0,1,0,0,0,0,0,0,1,0,0,0,0.00309119010819165,0,0,0,0,1,0,0,0,0,0,0,0,0,0,0,0,0,0.00154320987654321,0,0,0,0,0,0,0,0,0,0,0,0,1,0,0,0,1,0,0.989096573208723,0,0,0,0.996889580093313,0.00927357032457496,0,0,0,0,0,0,0,0,1,0,0.00157977883096367,0,0,0,0,0,0.998454404945904,0,0,0,0,0,0.00622083981337481,0,0.0113268608414239,0.992343032159265,0,0,0,1,0,0.00154798761609907,0,0,0,1,1,0,0,1,0,0.987519500780031,1,1,0,1,0,0.00153609831029186,0.00600600600600601,0,1,1,0,0,0,0,0.996913580246914,0.0225903614457831,0,0,0,0,1,0,0,0.00154083204930663,0,1,0,0,0,0.00151975683890578,1,0,0,0,1,0,0,0,0,0,0,0,0,0,0,0,0,0.987673343605547,0,0,0,0,0.0107197549770291,1,0,0.00313971742543171,0,0,0,0,0,0,0,0,0,1,0,0,0,0.003125,0,0,0,0,0,0,0,0,0,0.0153139356814701,1,1,0,0,0,0,0,0,0,0,0.0179910044977511,1,0,0.0141065830721003,0,0,1,0,0,0,0.00156494522691706,0,0,0,0,0,0.00314465408805031,0,0,0.0128,0.0227963525835866,0,0,0.992424242424242,0,0,0,0,0,0,0,0.765765765765766,0,1,0.00153609831029186,0,0,0,1,0,0,0,0,0,0,1,1,0,0,0,1,0,0,0.552833078101072,0,0,0.00914634146341463,0,0,0,1,0,0,0,0.00597014925373134,0,0,0.989280245022971,0,0,1,0.0014903129657228,0,0,0,1,0.99075500770416,0,0,0,0,0.987673343605547,0.998412698412698,0,0,0,0,0,0,0,0,0.00626959247648903,0,0,0.996955859969559,0,1,0,0.146964856230032,0.0015015015015015,0,0,1,0,0,0,1,0,1,0,0,1,0.015015015015015,0,0,0.00154083204930663,0,1,0,0,1,0,0,0,0,0,0,0.0046656298600311,0.0015600624024961,1,0,0.972768532526475,0.0136157337367625,0,0,0,0,0,0.922960725075529,0,0,0,0,0,0,0,1,1,0,1,0,0.998432601880878,0,0,0,0,0,0.998452012383901,0,0,0,0,0,0,0,0,0,0,0,0,0,0,1,0,0.0125,0,0.0290519877675841,0,0,0.00610687022900763,0,0.00158478605388273,0,0,0,0,0,0,0,0,0.00306278713629403,0.987878787878788,0,0,1,0,1,0,1,0,0,0,0,0,0.0015600624024961,0,0.0200927357032458,1,1,0,0,0,1,1,0,0,0,1,0,1,0,0,0.0338983050847458,0,1,0,0,0,0,0,0,0,0.89247311827957,0,1,0,0.992295839753467,0,0,0.352941176470588,1,1,0.00153609831029186,0,0.0105740181268882,0,0,0,0,0,1,0,0,1,0,0,0,0.961597542242704,0,0,0,0,0,0,0,0,0,1,0,0,0.99537037037037,1,0,1,0,0,0,0,0,0.0046801872074883,0.0046583850931677,0,0.952023988005997,0,0.903481012658228,0.969788519637462,1,0.143076923076923,0,0,0.00303951367781155,0,0.953416149068323,0.94856278366112,0,0.972179289026275,0.990625,0.944615384615385,0.967791411042945,0.945121951219512,0,0.966514459665145,0,0,0.959311424100156,0,0.927835051546392,0,0.0563380281690141,0,0
"687",0.0689102564102564,0.0685358255451713,0.0950920245398773,0.124401913875598,0.082018927444795,0.0649762282091918,0.160377358490566,0.0965732087227414,0.0629685157421289,0,0.0677966101694915,0,0.510869565217391,0.0704,0.907232704402516,0.933229813664596,0,0.0015625,0.0662460567823344,0.0746951219512195,0.805513016845329,0.916398713826367,0.074468085106383,0,0.116207951070336,0.784375,0.848062015503876,0.0751173708920188,0.551671732522796,0.339939024390244,0.93455098934551,0.363076923076923,0.27906976744186,0.700763358778626,0,0.0685358255451713,0.00606060606060606,0.074468085106383,0.745156482861401,0.147919876733436,0,0,0,0.0647709320695103,0.2848,0.924050632911392,0.551242236024845,0.929339477726575,0.54954954954955,0.83609022556391,0,0.0683229813664596,0.724191063174114,0.0647709320695103,0.16304347826087,0.805031446540881,0,0.0987460815047022,0.0971168437025797,0.164133738601824,0.701078582434515,0.587962962962963,0.93217665615142,0,0.16984126984127,0.224961479198767,0,0.0718654434250764,0,0.934272300469484,0.192955589586524,0.925418569254186,0.924731182795699,0.0649546827794562,0,0.34984984984985,0.894977168949772,0.470948012232416,0.163009404388715,0.724755700325733,0,0.355283307810107,0.847662141779789,0.0689127105666156,0.831306990881459,0.155487804878049,0.0645645645645646,0.0868217054263566,0.0865533230293663,0,0.0839813374805599,0.0628834355828221,0,0,0.0893416927899686,0,0.690402476780186,0.0857580398162328,0,0,0.424615384615385,0,0.718701700154559,0.0642633228840125,0.868778280542986,0.0684713375796178,0,0.0923076923076923,0.941732283464567,0.932203389830508,0.924615384615385,0.148902821316614,0.669796557120501,0.0741885625965997,0,0.0809160305343511,0.34,0,0.933846153846154,0.760188087774295,0,0.289877300613497,0.750764525993884,0.879936808846761,0.0861538461538462,0.817204301075269,0.0668693009118541,0.0662557781201849,0,0.477272727272727,0.12788906009245,0.5359375,0.0791139240506329,0,0.062200956937799,0.917664670658683,0,0.780185758513932,0.436018957345972,0.520634920634921,0,0,0.0865533230293663,0.292834890965732,0.821316614420063,0.0737327188940092,0.934375,0.131419939577039,0.594976452119309,0.0853658536585366,0.833065810593901,0.0790697674418605,0.0583596214511041,0.214067278287462,0.0682170542635659,0.930708661417323,0.0667701863354037,0.942901234567901,0,0.3078125,0.186259541984733,0.0830769230769231,0.921658986175115,0,0.0688073394495413,0.564263322884012,0.0636942675159236,0.0687022900763359,0.0620272314674735,0.7,0.0875,0.934782608695652,0.119335347432024,0.947447447447447,0.166405023547881,0.692541856925419,0,0.0850077279752705,0,0.207430340557276,0.0584615384615385,0.852080123266564,0.0893682588597843,0.106153846153846,0.0763582966226138,0.0813253012048193,0.866459627329193,0.625748502994012,0.137440758293839,0.119685039370079,0.892638036809816,0.937019969278034,0.0851735015772871,0.190108191653787,0,0,0.706708268330733,0,0.0651515151515152,0.720121028744327,0.177394034536892,0.298600311041991,0.0732436472346786,0.580093312597201,0.577507598784195,0.706436420722135,0.139717425431711,0.0946372239747634,0.179173047473201,0,0.173846153846154,0.810126582278481,0.123244929797192,0.941915227629513,0.996969696969697,0.496171516079632,0.086286594761171,0.0842266462480858,0.225806451612903,0.0713178294573643,0.166407465007776,0,0.998459167950693,0.389984825493171,0.0741324921135647,0,0.0711043872919818,0.082089552238806,0.491577335375191,0.45468509984639,0.0783410138248848,0.0660225442834139,0.631659056316591,0,0.152798789712557,0.508448540706605,0.0940988835725678,0.936532507739938,0.103448275862069,0.0588235294117647,0.0581039755351682,0.113884555382215,0.490825688073394,0.93563579277865,0.0930232558139535,0.512121212121212,0.932634730538922,0.930722891566265,0.765793528505393,0.937595129375951,0.825040128410915,0.362385321100917,0.937984496124031,0.935384615384615,0.927357032457496,0.439878234398782,0.920255183413078,0.0713178294573643,0,0.9375,0,0.758293838862559,0.0627943485086342,0.0840978593272171,0.16358024691358,0,0.186119873817035,0.207951070336391,0.359567901234568,0.449922958397535,0.609907120743034,0.558823529411765,0,0.0578125,0.863987635239567,0.348314606741573,0.107309486780715,0.926605504587156,0.291411042944785,0.942724458204334,0.854070660522273,0.0645645645645646,0.0707395498392283,0.166149068322981,0,0.377329192546584,0.164835164835165,0,0.935681470137825,0.157894736842105,0.0874403815580286,0,0.938366718027735,0.933846153846154,0.0806962025316456,0.19309262166405,0.937799043062201,0,0.61633281972265,0.0733229329173167,0.259146341463415,0.60741885625966,0.391304347826087,0.096969696969697,0.927786499215071,0.0692771084337349,0.0599078341013825,0.936825885978428,0.0928792569659443,0.0634674922600619,0.0832025117739403,0.0685975609756098,0.806748466257669,0.676737160120846,0.708782742681048,0.0846394984326019,0.12480252764613,0.00460122699386503,0.716279069767442,0.0880989180834621,0.846986089644513,0.687034277198212,0.0778816199376947,0.0703125,0.0993788819875776,0.360062893081761,0.057315233785822,0.734472049689441,0.0972644376899696,0.0685358255451713,0,0.68693009118541,0.486571879936809,0.929245283018868,0.00306748466257669,0.92921686746988,0.142633228840125,0.909785932721712,0.944012441679627,0,0.78021978021978,0.0816326530612245,0.870769230769231,0.0846905537459283,0.102918586789555,0.073959938366718,0.714508580343214,0.714285714285714,0.381538461538462,0.553398058252427,0,0.227769110764431,0.920300751879699,0.914893617021277,0.790769230769231,0.0590062111801242,0.936434108527132,0,0.669218989280245,0.926315789473684,0.918110236220472,0.579352850539291,0.0679304897314376,0.729264475743349,0.0609951845906902,0.0947867298578199,0,0.0723781388478582,0.93202416918429,0.0708898944193062,0.228527607361963,0.0605095541401274,0.921996879875195,0.0899390243902439,0.939628482972136,0.170278637770898,0.337480559875583,0.121212121212121,0.0772797527047913,0.0594512195121951,0.709828393135725,0.103395061728395,0.0715372907153729,0.929878048780488,0.917956656346749,0.0549450549450549,0.0641221374045802,0.668721109399075,0.171993911719939,0.0955414012738854,0.116843702579666,0.0619195046439628,0,0.851735015772871,0.0664605873261206,0.936532507739938,0,0.097331240188383,0,0.911627906976744,0.0634441087613293,0.0938967136150235,0,0.420401854714065,0.651090342679128,0.0749601275917065,0.931637519872814,0.190174326465927,0.0650793650793651,0.646781789638933,0.430981595092025,0.261275272161742,0,0.829984544049459,0.0846394984326019,0.0741885625965997,0.62111801242236,0.0663650075414781,0.0885668276972625,0.926216640502355,0,0.0832049306625578,0.0699844479004666,0.108895705521472,0.378419452887538,0.938291139240506,0.198748043818466,0.780337941628264,0.79549114331723,0,0.439370078740157,0.443585780525502,0.43778801843318,0,0.70906200317965,0.143076923076923,0.424427480916031,0.510703363914373,0.883408071748879,0,0,0.0566318926974665,0.0804769001490313,0,0.140432098765432,0,0,0,0.0622083981337481,0,0.0726698262243286,0.268217054263566,0.505311077389985,0.0547112462006079,0,0,0.0651162790697674,0.105654761904762,0.324159021406728,0.937784522003035,0,0.170658682634731,0.43531202435312,0.0570107858243451,0.532625189681335,0.654631083202512,0,0.0856269113149847,0.945226917057903,0.108661417322835,0.86748844375963,0,0.923766816143498,0.835164835164835,0.56514657980456,0.0802469135802469,0,0.114630467571644,0.0963302752293578,0.0637329286798179,0,0.886821705426357,0.117073170731707,0.934817170111288,0.0670731707317073,0.0647149460708783,0.958588957055215,0.0712074303405573,0.703703703703704,0.237577639751553,0.925233644859813,0.828616352201258,0.104199066874028,0,0.934375,0.0921450151057402,0.935275080906149,0.38755980861244,0.606918238993711,0,0.845801526717557,0.310725552050473,0.7442218798151,0.0889570552147239,0.936825885978428,0.855182926829268,0.566775244299674,0.123867069486405,0.173978819969743,0.0987654320987654,0.323809523809524,0,0.0824427480916031,0.935045317220544,0.0950155763239875,0.616,0.930408472012103,0.0620272314674735,0.0676923076923077,0.0667701863354037,0.434312210200927,0.0797546012269939,0.836220472440945,0.800940438871473,0.110429447852761,0.180555555555556,0,0,0.0678233438485804,0.131121642969984,0.927672955974843,0.0735524256651017,0.0725308641975309,0.647149460708783,0.137007874015748,0.315372424722662,0.166919575113809,0,0.0910493827160494,0.659375,0.0602782071097372,0.0625,0,0.403125,0.095389507154213,0.933539412673879,0.363494539781591,0.629230769230769,0.269345238095238,0.363919129082426,0.0960960960960961,0.990936555891239,0.0764430577223089,0.0690184049079755,0.086286594761171,0.6957928802589,0.832831325301205,0.0717557251908397,0.0587349397590361,0,0.2701062215478,0.583076923076923,0.729230769230769,0.290322580645161,0.0667701863354037,0.170278637770898,0.0683890577507599,0.110606060606061,0.931854199683043,0,0.232558139534884,0.930232558139535,0.934375,0.709175738724728,0,0.0756172839506173,0.157733537519142,0.0685975609756098,0.0716463414634146,0.975497702909648,0.938485804416404,0,0,0.808917197452229,0.875,0.821316614420063,0,0.938461538461538,0.0583717357910906,0.404255319148936,0.699685534591195,0.0733229329173167,0.455792682926829,0.0911949685534591,0.393518518518519,0.41238670694864,0,0.0670640834575261,0.624012638230648,0.532915360501567,0.127659574468085,0.0749235474006116,0.623277182235835,0,0.105426356589147,0.104387291981846,0,0.0986342943854325,0.923317683881064,0.0813008130081301,0.570107858243451,0,0,0.52373417721519,0.223255813953488,0.92802450229709,0.842923794712286,0,0,0.296240601503759,0.930448222565688,0.0528925619834711,0.666151468315301,0.0673813169984686,0.933333333333333,0.629969418960245,0.709375,0.194744976816074,0.854632587859425,0.930875576036866,0,0.913522012578616,0,0.0687022900763359,0.761829652996845,0.086053412462908,0.940092165898618,0.0710900473933649,0,0.546707503828484,0.568992248062016,0.0584615384615385,0,0.0672782874617737,0,0.608903020667727,0.0775075987841945,0,0.385083713850837,0.0839813374805599,0.315955766192733,0.111811023622047,0.911676646706587,0,0.0668740279937792,0.729984301412873,0,0.354294478527607,0.937125748502994,0.918181818181818,0.0546875,0.0558139534883721,0.075642965204236,0.0875576036866359,0.0830769230769231,0,0.0804953560371517,0,0.643292682926829,0.705607476635514,0.0754147812971342,0.0724191063174114,0.0758725341426404,0.075,0.0384024577572965,0.933229813664596,0.0795454545454545,0.0978593272171254,0.336377473363775,0.0858895705521472,0.0625,0.0902021772939347,0,0,0.0852017937219731,0,1,0,0.109256449165402,0.711783439490446,0.810126582278481,0.837878787878788,0.131045241809672,0.00154320987654321,0.860248447204969,0.0669710806697108,0.0702290076335878,0.395638629283489,0.599706744868035,0.814432989690722,0.779279279279279,0.409657320872274,0.929663608562691,0.850769230769231,0.473354231974922,0.725155279503106,0.359090909090909,0.923794712286159,0,0.938388625592417,0.678740157480315,0.0643642072213501,0.398176291793313,0.76390977443609,0.431192660550459,0.181259600614439,0.0675675675675676,0.107371794871795,0.0815047021943574,0.0635930047694754,0.0662557781201849,0.476993865030675,0.602427921092564,0.0602782071097372,0.933035714285714,0.929323308270677,0.185758513931889,0,0.0634441087613293,0.0875576036866359,0,0.853312302839117,0,0.118195956454121,0,0.0842266462480858,0.071875,0.952453987730061,0.208012326656394,0.0666666666666667,0.37597503900156,0.416036308623298,0.188473520249221,0,0,0.135860979462875,0.122781065088757,0.0737327188940092,0,0,0.93968253968254,0.746932515337423,0.520123839009288,0,0.564885496183206,0,0.137440758293839,0.0700934579439252,0.784126984126984,0.815548780487805,0,0.668759811616955,0.479134466769706,0.187692307692308,0.0920060331825038,0.282642089093702,0.937888198757764,0.0810810810810811,0.0778816199376947,0.0690208667736758,0,0.0793893129770992,0,0.0551181102362205,0.932496075353218,0.58814352574103,0,0,0.236641221374046,0.125198098256735,0.12937595129376,0.323170731707317,0.913767019667171,0.925465838509317,0.223255813953488,0.239819004524887,0,0.934984520123839,0.0962732919254658,0,0.0779014308426073,0.105666156202144,0.891975308641975,0.00153374233128834,0.936923076923077,0.065052950075643,0.545454545454545,0.995384615384615,0.957613814756672,0.829007633587786,0.36650868878357,0.847662141779789,0.0628930817610063,0,0.299382716049383,0.0726429675425039,0,0,0.92921686746988,0,0.936923076923077,0.067175572519084,0.331240188383046,0.936708860759494,0.932496075353218,0.489827856025039,0.102803738317757,0.577099236641221,0.00150602409638554,0.938485804416404,0.0424528301886792,0.00617283950617284,0,0.766718506998445,0.929429429429429,0.932389937106918,0.928462709284627,0.932634730538922,0.00315955766192733,0.00459418070444104,0.920731707317073,0.00463678516228748,0.00160513643659711,0.0233644859813084,0.00600600600600601,0.00452488687782805,0.930448222565688,0.0108359133126935,0.937699680511182,0.938775510204082,0,0.924499229583975,0.048048048048048,0.934150076569678,0.846860643185299,0.935532233883059,0.934782608695652
"688",0,0,0,0,0,0,0.0112721417069243,0,0,1,0,0.998422712933754,0,0,0.0015748031496063,0.00157977883096367,0.998466257668712,0.979655712050078,0,0,0.00158982511923688,0.00164473684210526,0,0.998449612403101,0,0.00160513643659711,0,0.00164473684210526,0.00153846153846154,0.0015600624024961,0.00155038759689922,0.00158730158730159,0.0016,0,0.998412698412698,0,0.986046511627907,0,0,0,0.996815286624204,0.981220657276995,0.992331288343558,0,0,0.00162074554294976,0,0.00159489633173844,0.00155038759689922,0.00154083204930663,0.998430141287284,0,0.00159744408945687,0,0.0110759493670886,0.00160771704180064,0.998384491114701,0,0.0015748031496063,0,0,0,0.0016025641025641,0.998384491114701,0,0.00157728706624606,0.998417721518987,0,0.998405103668262,0,0,0.0015527950310559,0.00156985871271586,0,0.998417721518987,0,0,0,0.00160771704180064,0.00168067226890756,0.998384491114701,0,0,0,0.00157728706624606,0,0,0,0.0047244094488189,0.992211838006231,0,0,0.998425196850394,0.998417721518987,0,1,0.0185758513931889,0,0.992223950233281,0.990595611285266,0.0111111111111111,0.998412698412698,0,0,0,0,0.992050874403816,0.00159235668789809,0,0.00157232704402516,0.00157977883096367,0.0144927536231884,0.0015748031496063,0,0.998394863563403,0,0,0.998454404945904,0.00156494522691706,0.00158730158730159,1,0.00158478605388273,0.0015552099533437,0.00161812297734628,0,0.0015552099533437,0,0,0.998410174880763,0.00791139240506329,0,0.00161290322580645,0,0.998449612403101,0,0.0015600624024961,0.998412698412698,0,0,0.00969305331179321,0.998389694041868,1,0,0,0,0,0.00158730158730159,0,0,0,0.0016025641025641,0,0,0,0,0.0016025641025641,0,0.00160771704180064,0.998444790046656,0.0016,0.00154559505409583,0,0,0.9984375,0,0,0,0,0,0.00154083204930663,0,0.00158227848101266,0,0.00155038759689922,0,0,0.998410174880763,0,0.998435054773083,0,0,0.0016,0,0,0,0,0.00159744408945687,0.0015600624024961,0,0,0.00158227848101266,0.0015527950310559,0,0.0201238390092879,0.998466257668712,0.998402555910543,0.00158982511923688,0.996860282574568,0,0.00154559505409583,0.0111642743221691,0,0,0.00159744408945687,0,0.00160513643659711,0,0,0.0015600624024961,1,0.0015527950310559,0.00162866449511401,0,0,0,0.00628930817610063,0,0,0.00161290322580645,0,0,0.998405103668262,0,0,0,1,0,0,0.00623052959501558,0,0,0,0.0173228346456693,0.998392282958199,0.0138248847926267,0.00157232704402516,0,0,0,0,0,0,0.00156985871271586,0,0,0,0.00154798761609907,0,0.00160771704180064,0.00161290322580645,0.00160771704180064,0,0.00158982511923688,0.0015600624024961,0.00157977883096367,0.00156739811912226,0,0,0.990430622009569,0.00158478605388273,0.9984375,0.00317965023847377,0,0,0,1,0,0.0015527950310559,0.00156494522691706,0,0,0.00160513643659711,0.990521327014218,0,0.00154798761609907,0.00161550888529887,0,0.00157232704402516,0.0015748031496063,0.00156985871271586,0.00156494522691706,0,0,0.0129449838187702,0.998475609756098,0,0.0158982511923688,0.998415213946117,0.0015625,0.0123076923076923,0,0.9984375,0.0015600624024961,0.00156494522691706,0,0,0.00161550888529887,0.998415213946117,0.0160513643659711,0,0,0.00156985871271586,0.00161030595813205,0,0.00159235668789809,0,0,0.00159744408945687,0,0,0,0,0.00158730158730159,0.00154083204930663,0.00158227848101266,0.00160513643659711,0,0.95141065830721,0.0016260162601626,0,0.00157728706624606,0.00152439024390244,0,0,0,0,0,0.0016,0,0,0.998420221169036,0.00157728706624606,0.00969305331179321,0,0.947530864197531,0.00155763239875389,0,0.00154798761609907,0.00154083204930663,0.998456790123457,0,0,0.0015527950310559,0,0,0,0,0.00163132137030995,0,0,1,0,0.00155763239875389,0,0.00156494522691706,0,0.00158227848101266,0.998425196850394,0.00156494522691706,0,0,0.0015625,0,0.00160513643659711,0,0,1,0,0.00156739811912226,0,0,0,0.00157728706624606,0,0.00157232704402516,0,0,0,0,0.00315457413249211,0.00156739811912226,0,0,0.00154320987654321,0.0015748031496063,0,0,0.00157232704402516,0,0,0,0,0.998397435897436,0.00163132137030995,0,0.0016025641025641,0.998407643312102,0,0.990506329113924,0.00161812297734628,0,0,0.995222929936306,0.00943396226415094,0,0,0.00158982511923688,0,0,0.00157728706624606,0,0,0.998415213946117,0,0,0,0,0,0,0,0.996820349761526,0,0,0,0,0.00160771704180064,0.00159489633173844,0,0.0131578947368421,0.995327102803738,0,0.00158478605388273,0,0.998444790046656,0,0.00155763239875389,0,0.00156985871271586,0.00151285930408472,1,0.998435054773083,0,0,1,0,0.99198717948718,0.998435054773083,0.998373983739837,0,1,0,0.0015625,0.00771604938271605,0,0.998381877022654,0.998389694041868,0,0,0,0.00154559505409583,0.998384491114701,0.0171339563862928,0.00156494522691706,0,0,0,1,0,0,0.00159235668789809,0.00157232704402516,0.998442367601246,0.00153609831029186,0.00158982511923688,0,0.00158227848101266,0.998435054773083,0,0,0,0.998397435897436,0,0,0,0,0,0,0,0,0.00157977883096367,0,0.00161812297734628,0,0.993569131832797,0.00157728706624606,0,0,0,0.0144927536231884,1,0.00154798761609907,0.00161030595813205,0.0015625,0,0.0015748031496063,0,0.00165289256198347,0,0,0,0,0.9984,0,0.00158730158730159,0,0.00656814449917898,0.00155763239875389,0,0,0,0,0,0.0016025641025641,0.00159489633173844,0,0.0126182965299685,1,0.998381877022654,0,0,0.00160513643659711,0,0,0.0015600624024961,0,0,0.0171073094867807,0.998452012383901,0,0.0159489633173844,0,0,0.998480243161094,0.0016025641025641,0,0.00158227848101266,0.00158730158730159,0.00158730158730159,0,0,0,0,0.00158730158730159,0,0,0.0146579804560261,0.0254777070063694,0,0,0.995334370139969,0,0.00158478605388273,0.00158982511923688,0,0,0,0,0.77293934681182,0.0016260162601626,0.998461538461539,0.0015748031496063,0.0016260162601626,0.00157728706624606,0.00157977883096367,0.998420221169036,0,0,0,0,0,0.0015748031496063,1,1,0.0016,0.00158478605388273,0.0016025641025641,0.9984375,0.00156739811912226,0,0.571207430340557,0.00159235668789809,0,0.010989010989011,0,0,0.00155763239875389,1,0,0.00159489633173844,0.00159744408945687,0.00458015267175573,0,0.00157977883096367,0.9890625,0,0,0.998444790046656,0.00153374233128834,0.00156739811912226,0,0.00159744408945687,0.998394863563403,0.990595611285266,0.00161812297734628,0,0.00158478605388273,0.00161812297734628,0.988958990536278,0.996732026143791,0,0.00159744408945687,0,0.00151975683890578,0,0,0.00156739811912226,0,0.0016025641025641,0.00162866449511401,0.00155038759689922,0.995283018867924,0.00158478605388273,1,0,0.157635467980296,0,0.00156739811912226,0,0.9984375,0,0.00158227848101266,0,0.998384491114701,0,0.998415213946117,0,0,0.998442367601246,0.0168970814132104,0,0,0.00161290322580645,0.00154559505409583,0.998422712933754,0,0.00158982511923688,0.998477929984779,0.00157728706624606,0.00152905198776758,0.00154559505409583,0,0,0,0.00476947535771065,0.00159489633173844,1,0,0.979655712050078,0.0184899845916795,0.00155763239875389,0,0,0,0,0.915902140672783,0,0,0,0,0,0,0,0.9984375,0.998449612403101,0,0.998432601880878,0,1,0,0.00162337662337662,0,0.00155763239875389,0,0.998410174880763,0.00158227848101266,0,0,0.00158227848101266,0.00152671755725191,0,0.00154559505409583,0,0.00156494522691706,0.00157232704402516,0,0.00157728706624606,0,0.00157728706624606,0.99837925445705,0.00161812297734628,0.016025641025641,0,0.0313479623824451,0.00150829562594268,0,0.00154320987654321,0,0,0,0,0,0.00160513643659711,0,0,0.00153139356814701,0.00151745068285281,0.00156739811912226,0.990909090909091,0,0,0.998425196850394,0.00161812297734628,0.998394863563403,0,0.998376623376623,0,0,0,0,0,0.00161550888529887,0,0.0176848874598071,1,0.998412698412698,0,0,0,0.998459167950693,0.998452012383901,0,0.00153846153846154,0.00156739811912226,0.998415213946117,0.00158478605388273,0.998432601880878,0,0,0.0349206349206349,0,0.998463901689708,0.00158730158730159,0,0,0,0,0.00159235668789809,0,0.901743264659271,0,0.998420221169036,0,0.992088607594937,0,0.00156494522691706,0.373801916932907,0.998422712933754,0.998425196850394,0,0,0.0078003120124805,0.0015527950310559,0.00153139356814701,0.0016,0,0.00154320987654321,0.998384491114701,0.00157232704402516,0,1,0,0,0,0.963375796178344,0.0016,0,0,0,0,0.0015527950310559,0,0,0,0.998442367601246,0.00159744408945687,0,0.995268138801262,0.998430141287284,0,0.998407643312102,0.00159489633173844,0,0.00163398692810458,0.0016025641025641,0.0016,0.0064,0.00474683544303797,0.00154320987654321,0.955905511811024,0.00161290322580645,0.895833333333333,0.975077881619938,0.998425196850394,0.165869218500797,0.00152439024390244,0.00159235668789809,0.0077639751552795,0.0015552099533437,0.94896331738437,0.947204968944099,0.00157728706624606,0.982511923688394,0.993464052287582,0.95253164556962,0.975308641975309,0.945904173106646,0.00157977883096367,0.970633693972179,0,0,0.964285714285714,0.00157232704402516,0.93394777265745,0.00155038759689922,0.0551181102362205,0.00153139356814701,0.00158982511923688
"689",0.947784810126582,0.952978056426332,0.962616822429907,0.931419457735247,0.961476725521669,0.961538461538462,0.903481012658228,0.954758190327613,0.950844854070661,0,0.953271028037383,0,0.585516178736518,0.958466453674121,0.0799373040752351,0.0559875583203732,0,0.0155038759689922,0.953376205787781,0.942277691107644,0.190402476780186,0.0775444264943457,0.942724458204334,0,0.919876733436055,0.299684542586751,0.141045958795563,0.944707740916272,0.49618320610687,0.726283048211509,0.0462249614791988,0.707165109034268,0.7776,0.331269349845201,0,0.951104100946372,0.0153609831029186,0.950155763239875,0.289393939393939,0.884437596302003,0.00157232704402516,0.0138461538461538,0.00619195046439629,0.9546875,0.801612903225806,0.0605095541401274,0.522834645669291,0.0391236306729265,0.516871165644172,0.168929110105581,0,0.956923076923077,0.310725552050473,0.949843260188088,0.894984326018809,0.195275590551181,0,0.937106918238994,0.950233281493002,0.896764252696456,0.335925349922239,0.457364341085271,0.0462519936204147,0,0.882825040128411,0.8328125,0,0.947122861586314,0,0.0399361022364217,0.845794392523365,0.046801872074883,0.0599369085173502,0.95852534562212,0,0.714285714285714,0.0925925925925926,0.585889570552147,0.905750798722045,0.298333333333333,0,0.733846153846154,0.246913580246914,0.953917050691244,0.153374233128834,0.934883720930233,0.947368421052632,0.95,0.939907550077042,0.0075187969924812,0.945054945054945,0.949843260188088,0,0,0.94488188976378,0,0.349529780564263,0.94383775351014,0.0061633281972265,0.00789889415481832,0.650943396226415,0,0.311605723370429,0.955555555555556,0.14567526555387,0.962783171521036,0.00791139240506329,0.96551724137931,0.0429936305732484,0.0471698113207547,0.0470219435736677,0.909090909090909,0.359133126934985,0.94794952681388,0,0.964506172839506,0.74491392801252,0,0.0496124031007752,0.259083728278041,0,0.779365079365079,0.277258566978193,0.127009646302251,0.946875,0.186830015313936,0.952380952380952,0.965891472868217,0,0.583724569640063,0.9609375,0.515007898894155,0.947368421052632,0,0.949838187702265,0.0698027314112291,0,0.243156199677939,0.635367762128325,0.547049441786284,0,0,0.952012383900929,0.762738853503185,0.199367088607595,0.958730158730159,0.0516431924882629,1,0.424193548387097,0.962962962962963,0.168810289389068,0.955108359133127,0.95440251572327,0.845220030349014,0.955625990491284,0.0398724082934609,0.954828660436137,0.0470219435736677,0,0.759112519809826,0.864615384615385,0.94794952681388,0.0672782874617737,0,0.953632148377125,0.48792270531401,0.958132045088567,0.955108359133127,0.952012383900929,0.324031007751938,0.948356807511737,0.0473186119873817,0.928125,0.0462962962962963,0.895734597156398,0.3984375,0,0.943076923076923,0,0.846273291925466,0.947932618683001,0.154093097913323,0.94375,0.917057902973396,0.947129909365559,0.939907550077042,0.133956386292835,0.403076923076923,0.913875598086124,0.9296,0.0911901081916538,0.049306625577812,0.960127591706539,0.868421052631579,0,0,0.330173775671406,0.00158227848101266,0.953172205438066,0.285935085007728,0.889430894308943,0.773846153846154,0.963525835866261,0.459119496855346,0.470588235294118,0.324367088607595,0.882165605095541,0.942367601246106,0.87211093990755,0,0.861586314152411,0.214968152866242,0.922834645669291,0.0458135860979463,0.113354037267081,0.580343213728549,0.953271028037383,0.946319018404908,0.833070866141732,0.957746478873239,0.880804953560371,0,0.114420062695925,0.680124223602484,0.955414012738854,0,0.945904173106646,0.967016491754123,0.587677725118483,0.537984496124031,0.956318252730109,0.956239870340357,0.41358024691358,0,0.897865853658537,0.539556962025316,0.974603174603175,0.0496894409937888,0.926940639269406,0.954692556634304,0.955315870570108,0.916535433070866,0.546995377503852,0.0478468899521531,0.9703125,0.547692307692308,0.0484848484848485,0.0495356037151703,0.237261146496815,0.0438184663536776,0.180511182108626,0.699236641221374,0.0435458786936236,0.0429447852760736,0.0546875,0.620214395099541,0.0909090909090909,0.955696202531646,0.00782472613458529,0.0380348652931854,0,0.2608,0.958333333333333,0.944620253164557,0.8890625,0,0.868462757527734,0.851162790697674,0.715396578538103,0.614173228346457,0.474178403755869,0.465299684542587,0.0077639751552795,0.953674121405751,0.135220125786164,0.721231766612642,0.967289719626168,0.0590979782270607,0.779661016949153,0.0499219968798752,0.158307210031348,0.956521739130435,0.953225806451613,0.896166134185304,0,0.695652173913043,0.889064976228209,0,0.04,0.902325581395349,0.963258785942492,0,0.05,0.0438184663536776,0.948635634028893,0.880573248407643,0.0448,0,0.434579439252336,0.95859872611465,0.800307219662058,0.410575427682737,0.694041867954911,0.924731182795699,0.0563380281690141,0.954268292682927,0.951026856240126,0.0571428571428571,0.941732283464567,0.957680250783699,0.943037974683544,0.95679012345679,0.215288611544462,0.350769230769231,0.327503974562798,0.960567823343849,0.9136,0.046801872074883,0.290171606864275,0.95625,0.190625,0.331297709923664,0.958268933539413,0.955766192733017,0.954545454545455,0.7056,0.954614220877458,0.268370607028754,0.973561430793157,0.952830188679245,0,0.36687306501548,0.583724569640063,0.0579029733959311,0.0482866043613707,0.0504587155963303,0.887519260400616,0.0644171779141104,0.0478395061728395,0,0.262422360248447,0.955696202531646,0.114906832298137,0.960720130932897,0.964341085271318,0.968454258675079,0.314785373608903,0.325878594249201,0.688751926040062,0.457050243111831,0,0.815047021943574,0.0524691358024691,0.0863636363636364,0.230407523510972,0.952153110047847,0.0510835913312693,0,0.376766091051805,0.0475460122699387,0.064873417721519,0.486780715396579,0.957746478873239,0.302884615384615,0.947967479674797,0.921630094043887,0,0.961367013372957,0.0459418070444104,0.954407294832827,0.820031298904538,0.954619124797407,0.0490506329113924,0.94954128440367,0.0388802488335925,0.86697965571205,0.735668789808917,0.90726429675425,0.958139534883721,0.949843260188088,0.322429906542056,0.930926216640502,0.953917050691244,0.0434108527131783,0.0668740279937792,0.954113924050633,0.959938366718028,0.345425867507886,0.864406779661017,0.941272430668842,0.937205651491366,0.950617283950617,0,0.156645569620253,0.95046439628483,0.0499219968798752,0,0.965079365079365,0.00952380952380952,0.0860719874804382,0.950233281493002,0.968354430379747,0.00313479623824451,0.65990639625585,0.460218408736349,0.955271565495208,0.0429252782193959,0.8576,0.95,0.39776357827476,0.648606811145511,0.8096,0,0.191082802547771,0.966237942122186,0.95260663507109,0.477519379844961,0.954758190327613,0.927868852459016,0.0729001584786054,0.00156985871271586,0.948837209302326,0.951713395638629,0.935534591194969,0.692546583850932,0.0443740095087163,0.865293185419968,0.274570982839314,0.218954248366013,0.00622083981337481,0.626984126984127,0.618819776714514,0.6265625,0,0.308064516129032,0.916535433070866,0.644171779141104,0.546583850931677,0.121396054628225,0,0,0.95067264573991,0.931087289433384,0,0.933962264150943,0.00636942675159236,0,0,0.95447409733124,0,0.966666666666667,0.831007751937984,0.565548780487805,0.953416149068323,0,0,0.957613814756672,0.937595129375951,0.729230769230769,0.0491551459293395,0.00317965023847377,0.890243902439024,0.65210608424337,0.9546875,0.560185185185185,0.376175548589342,0,0.9484375,0.0515297906602254,0.95,0.1198738170347,0,0.0489296636085627,0.154458598726115,0.486133768352365,0.934883720930233,0,0.986238532110092,0.949074074074074,0.958074534161491,0,0.1216,0.907590759075908,0.0520325203252033,0.956589147286822,0.95852534562212,0.0549450549450549,0.954828660436137,0.323854660347551,0.8171875,0.054140127388535,0.208931419457735,0.937791601866252,0.00794912559618442,0.046031746031746,0.966205837173579,0.0513643659711075,0.6512,0.424960505529226,0,0.148205928237129,0.749601275917065,0.284820031298905,0.942812982998454,0.0443740095087163,0.1875,0.467213114754098,0.934650455927052,0.87906976744186,0.930489731437599,0.755627009646302,0,0.940729483282675,0.0442748091603053,0.925984251968504,0.428338762214984,0.0507692307692308,0.957120980091884,0.95440251572327,0.9546875,0.646417445482866,0.958139534883721,0.167731629392971,0.21405750798722,0.9328125,0.889235569422777,0,0,0.949685534591195,0.919743178170145,0.0618066561014263,0.965299684542587,0.954828660436137,0.397534668721109,0.95859872611465,0.755591054313099,0.89247311827957,0,0.951638065522621,0.380348652931854,0.956112852664577,0.951713395638629,0,0.664586583463339,0.964968152866242,0.0436817472698908,0.679245283018868,0.398133748055988,0.781763826606876,0.704180064308682,0.92156862745098,0.126139817629179,0.947452229299363,0.954968944099379,0.958461538461538,0.350649350649351,0.143533123028391,0.954758190327613,0.952234206471495,0.00622083981337481,0.799382716049383,0.475743348982786,0.297045101088647,0.784496124031008,0.952086553323029,0.861244019138756,0.956589147286822,0.13914373088685,0.0425531914893617,0,0.820063694267516,0.0488188976377953,0.0443037974683544,0.291925465838509,0,0.9515625,0.901408450704225,0.958461538461538,0.955246913580247,0.133757961783439,0.0521327014218009,0,0,0.203525641025641,0.114420062695925,0.193037974683544,0,0.0425196850393701,0.952526799387443,0.0260336906584992,0.330683624801272,0.955271565495208,0.625,0.937996820349762,0.669811320754717,0.654490106544901,0,0.954887218045113,0.434645669291339,0.537267080745342,0.923896499238965,0.950844854070661,0.444790046656299,0.00782472613458529,0.97007874015748,0.967692307692308,0,0.930197268588771,0.0609375,0.949675324675325,0.448598130841121,0,0.00622083981337481,0.554455445544555,0.853543307086614,0.0431432973805855,0.175824175824176,0.00778816199376947,0.0016025641025641,0.745864661654135,0.0613207547169811,0.958677685950413,0.349693251533742,0.96177370030581,0.0447530864197531,0.411402157164869,0.345971563981043,0.8656,0.138933764135703,0.053125,0.0031201248049922,0.0923566878980892,0,0.951293759512938,0.0715421303656598,0.961832061068702,0.0524642289348172,0.9552,0,0.535276073619632,0.482170542635659,0.953775038520801,0,0.95405819295559,0,0.418940609951846,0.944700460829493,0,0.684049079754601,0.966824644549763,0.752380952380952,0.953748006379585,0.0741885625965997,0,0.950155763239875,0.287066246056782,0,0.705607476635514,0.0458015267175573,0.0633693972179289,0.95748031496063,0.952830188679245,0.949618320610687,0.932707355242567,0.943485086342229,0,0.937597503900156,0.0200927357032458,0.394126738794436,0.31055900621118,0.950387596899225,0.949685534591195,0.950844854070661,0.947122861586314,0.0519685039370079,0.0538827258320127,0.957928802588997,0.929447852760736,0.727838258164852,0.93730407523511,0.951863354037267,0.96937212863706,0,0,0.944858420268256,0,0.109256449165402,0,1,0.288709677419355,0.239234449760766,0.157894736842105,0.9024,0,0.136222910216718,0.950540958268934,0.955246913580247,0.636942675159236,0.45619335347432,0.244807121661721,0.206325301204819,0.660855784469097,0.0387596899224806,0.160125588697017,0.591263650546022,0.287949921752739,0.710566615620214,0.0526315789473684,0,0.0432692307692308,0.365231259968102,0.953674121405751,0.654263565891473,0.253067484662577,0.631415241057543,0.873261205564142,0.940184049079755,0.93485342019544,0.947784810126582,0.959150326797386,0.947867298578199,0.577464788732394,0.443234836702955,0.952086553323029,0.0541353383458647,0.0459418070444104,0.872274143302181,0.00930232558139535,0.955589586523737,0.933539412673879,0,0.146496815286624,0,0.937007874015748,0,0.95405819295559,0.9515625,0.04375,0.841692789968652,0.955521472392638,0.691338582677165,0.651162790697674,0.884126984126984,0,0,0.913256955810147,0.965204236006051,0.955315870570108,0,0,0.0453808752025932,0.259720062208398,0.520440251572327,0,0.478260869565217,0,0.908945686900958,0.9536,0.19496855345912,0.270769230769231,0,0.371875,0.60347551342812,0.852713178294574,0.968133535660091,0.799058084772371,0.0481366459627329,0.961414790996785,0.0238095238095238,0.946945337620579,0,0.965891472868217,0.00627943485086342,0.956112852664577,0.0595611285266458,0.0394944707740916,0,0,0.827160493827161,0.9,0.93613707165109,0.729393468118196,0.0684931506849315,0.0480769230769231,0.833850931677019,0.822085889570552,0,0.05229793977813,0.930817610062893,0,0.93900481540931,0.970542635658915,0.106918238993711,0.0347003154574132,0.046875,0.957251908396947,0.468454258675079,0.116169544740973,0.13946117274168,0.145061728395062,0.692556634304207,0.130030959752322,0.957613814756672,0,0.775,0.938080495356037,0.00473186119873817,0,0.0507462686567164,0,0.05,0.954758190327613,0.717948717948718,0.0492845786963434,0.0457413249211356,0.584126984126984,0.95253164556962,0.454545454545455,0.0476190476190476,0.0465489566613162,0.0571428571428571,0.015552099533437,0,0.0600315955766193,0.0501519756838906,0.0501567398119122,0.0574534161490683,0.0428790199081164,0.0444444444444444,0.0529595015576324,0.0495356037151703,0.0156985871271586,0.00483870967741936,0.021978021978022,0.0202177293934681,0.0543478260869565,0.0537124802527646,0.0172413793103448,0.0476190476190476,0.0479876160990712,0.0380348652931854,0.046875,0.0213740458015267,0.043010752688172,0.0740157480314961,0.0482654600301659,0.046801872074883
"690",0.281505728314239,0.2776886035313,0.298869143780291,0.322950819672131,0.277049180327869,0.282644628099174,0.352272727272727,0.283870967741935,0.290529695024077,0,0.278219395866455,0,0.557142857142857,0.270181219110379,0.738095238095238,0.730337078651685,0,0.00161812297734628,0.270627062706271,0.301612903225806,0.712,0.736754966887417,0.292063492063492,0,0.307073954983923,0.666666666666667,0.713141025641026,0.267651888341544,0.620689655172414,0.523125996810207,0.7264,0.524332810047096,0.436988543371522,0.629984051036683,0,0.27741935483871,0.0110410094637224,0.274322169059011,0.719814241486068,0.323854660347551,0,0,0,0.273026315789474,0.426666666666667,0.76797385620915,0.570967741935484,0.714285714285714,0.685185185185185,0.705607476635514,0,0.276083467094703,0.65818759936407,0.281505728314239,0.333884297520661,0.898527004909984,0,0.298360655737705,0.315873015873016,0.35725677830941,0.65210355987055,0.624600638977636,0.726973684210526,0,0.347826086956522,0.391442155309033,0,0.294770206022187,0,0.709415584415584,0.363492063492063,0.723916532905297,0.736089030206677,0.282780410742496,0,0.493710691823899,0.728571428571429,0.5792,0.358677685950413,0.932642487046632,0,0.485804416403785,0.687697160883281,0.261829652996845,0.721337579617834,0.34181240063593,0.274603174603175,0.30016051364366,0.292332268370607,0,0.270049099836334,0.272583201267829,0,0,0.296235679214403,0,0.650393700787402,0.30064308681672,0,0,0.520064205457464,0,0.703099510603589,0.272875816993464,0.728706624605678,0.275693311582382,0,0.28892455858748,0.720394736842105,0.730210016155089,0.729903536977492,0.315533980582524,0.87220447284345,0.28780487804878,0,0.29047619047619,0.48811410459588,0,0.727272727272727,0.747163695299838,0,0.455128205128205,0.681672025723473,0.731147540983607,0.306188925081433,0.697637795275591,0.263492063492063,0.272012578616352,0,0.562101910828026,0.338187702265372,0.57799671592775,0.289689034369885,0,0.259319286871961,0.72884012539185,0,0.691437802907916,0.517017828200972,0.566164154103853,0,0,0.282958199356913,0.461165048543689,0.693311582381729,0.271268057784912,0.699680511182109,0.33122028526149,0.835772357723577,0.288431061806656,0.722314049586777,0.289137380191693,0.276699029126214,0.417335473515249,0.275806451612903,0.713114754098361,0.274038461538462,0.714518760195759,0,0.477635782747604,0.371835443037975,0.297427652733119,0.739336492890995,0,0.26517571884984,0.635024549918167,0.261157024793388,0.271860095389507,0.265402843601896,0.649921507064364,0.290113452188006,0.72463768115942,0.329192546583851,0.733124018838305,0.351973684210526,0.64968152866242,0,0.280448717948718,0,0.38474025974026,0.282258064516129,0.713592233009709,0.281150159744409,0.332802547770701,0.270642201834862,0.29264475743349,0.835443037974684,0.850961538461538,0.34747145187602,0.327922077922078,0.723472668810289,0.724683544303797,0.277504105090312,0.371019108280255,0,0,0.669354838709677,0,0.263823064770932,0.889937106918239,0.354679802955665,0.438485804416404,0.276295133437991,0.606451612903226,0.590764331210191,0.656910569105691,0.365384615384615,0.303174603174603,0.368336025848142,0,0.353503184713376,0.728925619834711,0.328968903436989,0.726677577741408,0.709320695102686,0.543130990415335,0.281803542673108,0.28391167192429,0.411858974358974,0.271844660194175,0.369951534733441,0,0.708333333333333,0.484944532488114,0.270049099836334,0,0.259968102073365,0.268817204301075,0.553772070626003,0.685714285714286,0.270531400966184,0.274744027303754,0.636942675159236,0,0.334375,0.679032258064516,0.29042904290429,0.730462519936204,0.315873015873016,0.272285251215559,0.281399046104928,0.308823529411765,0.689274447949527,0.733118971061093,0.310897435897436,0.558213716108453,0.710323574730354,0.723172628304821,0.706840390879479,0.731707317073171,0.724473257698541,0.479365079365079,0.712918660287081,0.730031948881789,0.727126805778491,0.537007874015748,0.71334431630972,0.297560975609756,0,0.7056,0,0.674267100977199,0.288524590163934,0.279742765273312,0.34584013050571,0,0.37603993344426,0.376190476190476,0.513776337115073,0.6120826709062,0.617741935483871,0.573770491803279,0,0.26797385620915,0.74203821656051,0.530578512396694,0.293831168831169,0.7216,0.469551282051282,0.73462783171521,0.787735849056604,0.28125,0.282861896838602,0.351307189542484,0,0.500792393026941,0.336092715231788,0,0.710443037974684,0.337480559875583,0.295454545454545,0,0.7248,0.713607594936709,0.31404958677686,0.368078175895765,0.729200652528548,0,0.628246753246753,0.287560581583199,0.435257410296412,0.864992150706436,0.517184942716858,0.314102564102564,0.728,0.278996865203762,0.272292993630573,0.723747980613893,0.301612903225806,0.28,0.306188925081433,0.264752791068581,0.77491961414791,0.64,0.674193548387097,0.284313725490196,0.337770382695507,0.0128205128205128,0.743221690590112,0.305057096247961,0.7136,0.753488372093023,0.290113452188006,0.270226537216828,0.285251215559157,0.471169686985173,0.255451713395639,0.720661157024793,0.299363057324841,0.267213114754098,0,0.62992125984252,0.5536,0.737179487179487,0.00955414012738853,0.712715855572998,0.364217252396166,0.724247226624406,0.741626794258373,0,0.756410256410256,0.292483660130719,0.710610932475884,0.294407894736842,0.301435406698565,0.279674796747967,0.661788617886179,0.652892561983471,0.512155591572123,0.793969849246231,0,0.413114754098361,0.719492868462758,0.730407523510972,0.729166666666667,0.281967213114754,0.730891719745223,0,0.635220125786163,0.71496062992126,0.735247208931419,0.560260586319218,0.275641025641026,0.955737704918033,0.26218487394958,0.300319488817891,0,0.270229007633588,0.719298245614035,0.27115987460815,0.408427876823339,0.273333333333333,0.713128038897893,0.298412698412698,0.722222222222222,0.348039215686274,0.51575456053068,0.310236220472441,0.290271132376396,0.2576,0.686495176848875,0.302100161550889,0.264984227129338,0.732503888024883,0.731825525040388,0.281758957654723,0.270664505672609,0.925984251968504,0.337060702875399,0.304276315789474,0.319554848966614,0.287974683544304,0,0.782679738562091,0.276083467094703,0.721153846153846,0,0.291734197730956,0,0.773246329526917,0.266457680250784,0.307317073170732,0,0.51063829787234,0.616852146263911,0.294117647058824,0.722314049586777,0.42483660130719,0.280788177339901,0.669394435351882,0.522727272727273,0.446601941747573,0,0.722495894909688,0.280730897009967,0.277955271565495,0.618589743589744,0.268680445151033,0.287904599659284,0.735909822866345,0,0.286614173228346,0.273170731707317,0.2992,0.482428115015974,0.722675367047308,0.387820512820513,0.691318327974277,0.686971235194585,0,0.551219512195122,0.507317073170732,0.544585987261146,0,0.879139072847682,0.335483870967742,0.533123028391167,0.731012658227848,0.752351097178683,0,0,0.265648854961832,0.304278922345483,0,0.317230273752013,0,0,0,0.277597402597403,0,0.282861896838602,0.420634920634921,0.563380281690141,0.25,0,0,0.280193236714976,0.313572542901716,0.483766233766234,0.732909379968203,0,0.346518987341772,0.534920634920635,0.27892234548336,0.575079872204473,0.84775641025641,0,0.296998420221169,0.711409395973154,0.299352750809061,0.802250803858521,0,0.71875,0.703821656050955,0.559322033898305,0.296,0,0.3265625,0.284578696343402,0.275526742301459,0,0.809210526315789,0.304201680672269,0.72636815920398,0.259904912836767,0.267828843106181,0.729001584786054,0.265923566878981,0.688995215311005,0.414556962025316,0.7312,0.70935960591133,0.302737520128824,0,0.71474358974359,0.298245614035088,0.737541528239203,0.544871794871795,0.6,0,0.710651828298887,0.451400329489292,0.685761047463175,0.297427652733119,0.721231766612642,0.743264659270998,0.602348993288591,0.32755905511811,0.348031496062992,0.307568438003221,0.465798045602606,0,0.294670846394984,0.720379146919431,0.284329563812601,0.64026402640264,0.72755905511811,0.271585557299843,0.283171521035599,0.258536585365854,0.505636070853462,0.278740157480315,0.730519480519481,0.713141025641026,0.322734499205087,0.34621578099839,0,0,0.275244299674267,0.326229508196721,0.725779967159278,0.294022617124394,0.287735849056604,0.640575079872205,0.332242225859247,0.444810543657331,0.330708661417323,0,0.294685990338164,0.635782747603834,0.2752,0.274350649350649,0,0.520525451559934,0.301458670988655,0.727714748784441,0.507317073170732,0.923076923076923,0.405864197530864,0.525641025641026,0.306729264475743,0.695852534562212,0.292880258899676,0.2752,0.2784,0.651815181518152,0.701112877583466,0.283653846153846,0.27602523659306,0,0.413249211356467,0.579778830963665,0.960063897763578,0.449111470113086,0.291325695581015,0.390879478827362,0.288888888888889,0.123630672926448,0.711475409836066,0,0.4016,0.7223113964687,0.731319554848967,0.958664546899841,0,0.27591706539075,0.328571428571429,0.284565916398714,0.272151898734177,0.72,0.735725938009788,0,0,0.713101160862355,0.726677577741408,0.789902280130293,0,0.724683544303797,0.282051282051282,0.334890965732087,0.652032520325203,0.271986970684039,0.518341307814992,0.301482701812191,0.5536,0.500792393026941,0,0.277950310559006,0.629324546952224,0.580750407830343,0.321711568938193,0.275316455696203,0.627943485086342,0,0.311004784688995,0.304625199362041,0,0.3171875,0.715434083601286,0.275409836065574,0.585326953748006,0,0,0.580808080808081,0.395081967213115,0.743548387096774,0.848631239935588,0,0,0.503888024883359,0.723472668810289,0.269230769230769,0.890995260663507,0.266770670826833,0.722741433021807,0.593059936908517,0.641791044776119,0.382636655948553,0.692939244663383,0.721003134796238,0,0.724422442244224,0,0.275,0.608403361344538,0.291603053435115,0.729064039408867,0.279338842975207,0,0.574766355140187,0.602605863192182,0.26731078904992,0,0.270440251572327,0,0.819512195121951,0.292604501607717,0,0.492063492063492,0.273449920508744,0.44888178913738,0.299342105263158,0.753993610223642,0,0.276190476190476,0.998376623376623,0,0.519169329073482,0.729133858267716,0.721698113207547,0.285483870967742,0.261437908496732,0.288216560509554,0.291666666666667,0.287112561174551,0,0.28548644338118,0.00318471337579618,0.641185647425897,0.977812995245642,0.278996865203762,0.276083467094703,0.287066246056782,0.278996865203762,0.0448717948717949,0.729299363057325,0.291946308724832,0.306349206349206,0.487220447284345,0.290271132376396,0.268253968253968,0.280645161290323,0,0,0.291277258566978,0,0.711783439490446,0.00162337662337662,0.288709677419355,1,0.690397350993378,0.721337579617834,0.349761526232114,0.00161812297734628,0.767405063291139,0.262135922330097,0.267405063291139,0.541935483870968,0.639318885448916,0.696784073506891,0.903328050713154,0.50487012987013,0.73851030110935,0.704581358609795,0.561093247588424,0.728434504792332,0.485714285714286,0.706168831168831,0,0.712439418416801,0.627831715210356,0.265993265993266,0.496038034865293,0.702028081123245,0.533227848101266,0.370253164556962,0.269170579029734,0.30327868852459,0.28921568627451,0.271241830065359,0.270491803278689,0.721864951768489,0.792663476874003,0.287337662337662,0.729559748427673,0.724299065420561,0.369354838709677,0,0.275752773375594,0.2912,0,0.70957095709571,0,0.315024232633279,0,0.292332268370607,0.289389067524116,0.712715855572998,0.429497568881686,0.274143302180685,0.5,0.498427672955975,0.3322528363047,0,0,0.31986531986532,0.322085889570552,0.288461538461538,0,0,0.714521452145215,0.759873617693523,0.574433656957929,0,0.792937399678973,0,0.343137254901961,0.279674796747967,0.695439739413681,0.677316293929712,0,0.827018121911038,0.529315960912052,0.348460291734198,0.30379746835443,0.433811802232855,0.720893141945773,0.28476821192053,0.0833333333333333,0.266886326194399,0,0.287066246056782,0,0.285245901639344,0.747572815533981,0.459415584415584,0,0,0.4096,0.326194398682043,0.318110236220472,0.480952380952381,0.72884012539185,0.719806763285024,0.376811594202899,0.397196261682243,0,0.75487012987013,0.293159609120521,0,0.288052373158756,0.305732484076433,0.75,0.00482315112540193,0.713831478537361,0.265723270440252,0.801313628899836,0.699836867862969,0.741721854304636,0.8496,0.490131578947368,0.712698412698413,0.288244766505636,0,0.439024390243902,0.3,0,0,0.720496894409938,0,0.722488038277512,0.28343949044586,0.455445544554455,0.707920792079208,0.718901453957997,0.556280587275693,0.313408723747981,0.617224880382775,0.0093603744149766,0.710743801652893,0.0564784053156146,0.0113268608414239,0,0.621533442088091,0.702660406885759,0.710097719869707,0.720447284345048,0.731746031746032,0.00496688741721854,0.0125391849529781,0.718901453957997,0.00805152979066022,0.00333333333333333,0.0274636510500808,0.00955414012738853,0.00961538461538462,0.738782051282051,0.0159744408945687,0.728925619834711,0.721231766612642,0.00983606557377049,0.741935483870968,0.0492063492063492,0.731319554848967,0.683464566929134,0.72360248447205,0.722222222222222
"691",0.20097244732577,0.209415584415584,0.230407523510972,0.273026315789474,0.227868852459016,0.198347107438017,0.289389067524116,0.22488038277512,0.208860759493671,0,0.205128205128205,0,0.575320512820513,0.207455429497569,0.8,0.805379746835443,0,0.00488599348534202,0.204582651391162,0.215873015873016,0.756756756756757,0.796747967479675,0.219589257503949,0,0.228434504792332,0.810679611650485,0.809135399673736,0.208333333333333,0.597200622083981,0.431061806656101,0.795918367346939,0.477707006369427,0.408064516129032,0.729468599033816,0,0.193343898573693,0.0109204368174727,0.210776545166403,0.736923076923077,0.264890282131661,0.00162337662337662,0.00157977883096367,0.00158982511923688,0.192868719611021,0.40625,0.794117647058823,0.679611650485437,0.794498381877023,0.609375,0.728813559322034,0,0.207395498392283,0.70906200317965,0.208267090620032,0.294975688816856,0.758899676375405,0,0.223491027732463,0.225705329153605,0.322378716744914,0.770334928229665,0.615863141524106,0.794453507340946,0,0.283828382838284,0.336553945249597,0,0.221870047543582,0,0.785829307568438,0.320695102685624,0.7856,0.788961038961039,0.211180124223602,0,0.454976303317536,0.791139240506329,0.546456692913386,0.304065040650407,0.716442953020134,0,0.50796178343949,0.766666666666667,0.20820189274448,0.733118971061093,0.278125,0.190095846645367,0.244444444444444,0.236507936507937,0.00156494522691706,0.213247172859451,0.204761904761905,0,0,0.218597063621533,0,0.669341894060995,0.217741935483871,0.00157232704402516,0.00163132137030995,0.501612903225806,0,0.70655737704918,0.209415584415584,0.780715396578538,0.206953642384106,0.00161290322580645,0.233438485804416,0.802610114192496,0.806451612903226,0.798412698412698,0.279220779220779,0.67741935483871,0.210272873194221,0,0.220064724919094,0.479233226837061,0,0.800627943485086,0.703821656050955,0,0.430894308943089,0.731012658227848,0.798013245033113,0.219092331768388,0.752808988764045,0.214397496087637,0.213036565977742,0,0.546178343949045,0.261980830670927,0.54885993485342,0.203525641025641,0,0.20650406504065,0.785714285714286,0,0.752025931928687,0.57799671592775,0.543046357615894,0,0,0.216346153846154,0.427884615384615,0.754966887417219,0.205834683954619,0.78343949044586,0.273449920508744,0.624183006535948,0.216429699842022,0.800327332242226,0.218298555377207,0.201639344262295,0.339622641509434,0.197138314785374,0.777594728171334,0.194312796208531,0.807131280388979,0,0.413629160063391,0.331768388106416,0.207395498392283,0.785488958990536,0,0.20952380952381,0.636363636363636,0.205254515599343,0.207062600321027,0.206070287539936,0.748019017432647,0.230031948881789,0.814332247557003,0.250783699059561,0.801872074882995,0.294975688816856,0.775280898876405,0,0.223472668810289,0,0.341732283464567,0.203470031545741,0.758677685950413,0.227344992050874,0.250788643533123,0.195618153364632,0.21283255086072,0.777251184834123,0.658767772511848,0.280587275693312,0.259803921568627,0.784911717495987,0.79304897314376,0.221311475409836,0.317965023847377,0,0,0.712662337662338,0.00157977883096367,0.20919175911252,0.735524256651017,0.302439024390244,0.438679245283019,0.214511041009464,0.610932475884244,0.567783094098884,0.712418300653595,0.269108280254777,0.233118971061093,0.313971742543171,0,0.2928,0.771523178807947,0.250406504065041,0.797448165869219,0.824367088607595,0.541533546325879,0.232371794871795,0.227272727272727,0.37012987012987,0.205501618122977,0.302737520128824,0,0.814992025518341,0.5,0.208064516129032,0,0.20846394984326,0.219814241486068,0.534920634920635,0.514423076923077,0.219512195121951,0.198675496688742,0.656549520766773,0,0.290625,0.599681020733652,0.232289950576606,0.799679487179487,0.244094488188976,0.206953642384106,0.197138314785374,0.241987179487179,0.564945226917058,0.789473684210526,0.232744783306581,0.658267716535433,0.791601866251944,0.796875,0.696629213483146,0.7984,0.77133655394525,0.468454258675079,0.793700787401575,0.790551181102362,0.797147385103011,0.52373417721519,0.787581699346405,0.210696920583468,0.0032520325203252,0.786283891547049,0,0.713153724247227,0.212071778140294,0.218446601941748,0.309904153354633,0,0.308580858085809,0.31832298136646,0.506430868167203,0.557877813504823,0.629213483146067,0.537704918032787,0.00319488817891374,0.218649517684887,0.79585326953748,0.490033222591362,0.22508038585209,0.797124600638978,0.401284109149278,0.791935483870968,0.761453396524487,0.207109737248841,0.200996677740864,0.287581699346405,0,0.488853503184713,0.294212218649518,0,0.791469194312796,0.281200631911532,0.226384364820847,0,0.792063492063492,0.808917197452229,0.2106135986733,0.31973898858075,0.796084828711256,0,0.645367412140575,0.213247172859451,0.390205371248025,0.637658227848101,0.468852459016393,0.237048665620094,0.787781350482315,0.216772151898734,0.200317965023847,0.80448717948718,0.220285261489699,0.20650406504065,0.228476821192053,0.212698412698413,0.788309636650869,0.696969696969697,0.719806763285024,0.224919093851133,0.240924092409241,0.0127388535031847,0.691437802907916,0.226537216828479,0.845669291338583,0.668224299065421,0.210272873194221,0.216393442622951,0.245528455284553,0.480327868852459,0.195924764890282,0.690671031096563,0.234076433121019,0.2048,0,0.701892744479495,0.52442996742671,0.796178343949045,0.0109717868338558,0.777070063694268,0.271565495207668,0.79179810725552,0.797124600638978,0,0.815580286168522,0.20859872611465,0.752791068580542,0.229235880398671,0.237096774193548,0.225806451612903,0.701130856219709,0.701812191103789,0.487261146496815,0.60797342192691,0,0.369774919614148,0.781847133757962,0.779503105590062,0.74488188976378,0.215210355987055,0.78343949044586,0,0.699523052464229,0.789223454833597,0.792822185970636,0.59904912836767,0.205834683954619,0.720064724919094,0.20364238410596,0.222402597402597,0,0.222395023328149,0.797147385103011,0.212698412698413,0.368760064412238,0.212171052631579,0.78021978021978,0.227129337539432,0.786061588330632,0.290996784565916,0.469255663430421,0.249605055292259,0.21939586645469,0.207395498392283,0.7056,0.232899022801303,0.21183800623053,0.796583850931677,0.79585326953748,0.184640522875817,0.20859872611465,0.703525641025641,0.27892234548336,0.228099173553719,0.249597423510467,0.201923076923077,0,0.762376237623762,0.20253164556962,0.796147672552167,0,0.239344262295082,0.00165016501650165,0.790660225442834,0.202229299363057,0.229132569558101,0.00163132137030995,0.492730210016155,0.755663430420712,0.221508828250401,0.796052631578947,0.308562197092084,0.200331125827815,0.653658536585366,0.501597444089457,0.414910858995138,0,0.782958199356913,0.225806451612903,0.211631663974152,0.71474358974359,0.192063492063492,0.226027397260274,0.795121951219512,0,0.22432859399684,0.20096463022508,0.258842443729904,0.481832543443918,0.808510638297872,0.326332794830372,1,0.720812182741117,0.00159235668789809,0.516129032258065,0.547504025764895,0.578025477707006,0,0.713815789473684,0.275477707006369,0.512,0.609642301710731,0.778637770897833,0,0,0.202143950995406,0.217665615141956,0,0.268921095008052,0.00162337662337662,0,0,0.193126022913257,0,0.214052287581699,0.379478827361564,0.557299843014129,0.211023622047244,0,0,0.201639344262295,0.2375,0.443217665615142,0.803486529318542,0,0.299373040752351,0.512738853503185,0.209003215434084,0.661904761904762,0.6677471636953,0,0.223622047244094,0.7936,0.242574257425743,0.778501628664495,0,0.7875,0.738362760834671,0.61371237458194,0.217252396166134,0,0.259600614439324,0.23444976076555,0.203125,0,0.777594728171334,0.261904761904762,0.803691275167785,0.196513470681458,0.209779179810726,0.803486529318542,0.1968,0.715873015873016,0.371980676328502,0.780290791599354,0.77317880794702,0.229032258064516,0.00328407224958949,0.795819935691318,0.234076433121019,0.792763157894737,0.488673139158576,0.59805510534846,0,0.761904761904762,0.441322314049587,0.72827804107425,0.232633279483037,0.807073954983923,0.969793322734499,0.57504215851602,0.244131455399061,0.321259842519685,0.241157556270096,0.432300163132137,0,0.225396825396825,0.793478260869565,0.207395498392283,0.633333333333333,0.78816199376947,0.207606973058637,0.206840390879479,0.194533762057878,0.58974358974359,0.22508038585209,0.785483870967742,0.773399014778325,0.255961844197138,0.311897106109325,0,0,0.212765957446809,0.263934426229508,0.797734627831715,0.223832528180354,0.223809523809524,0.648089171974522,0.26418152350081,0.40032414910859,0.277337559429477,0,0.228434504792332,0.653721682847896,0.2128,0.214285714285714,0,0.485576923076923,0.234349919743178,0.805466237942122,0.456769983686786,0.65,0.374805598755832,0.5008,0.233176838810642,0.796875,0.209225700164745,0.20440251572327,0.231511254019293,0.685245901639344,0.72463768115942,0.218849840255591,0.19175911251981,0.00154798761609907,0.406299212598425,0.644480519480519,0.730462519936204,0.441082802547771,0.204472843450479,0.284109149277689,0.209856915739269,0.124203821656051,0.797004991680532,0,0.3712,0.801652892561983,0.808612440191388,0.705977382875606,0,0.224193548387097,0.281645569620253,0.20820189274448,0.218210361067504,0.807073954983923,0.806603773584906,0,0,0.761513157894737,0.797448165869219,0.77133655394525,0,0.79746835443038,0.2032,0.32398753894081,0.690095846645367,0.204918032786885,0.516129032258065,0.228155339805825,0.51033386327504,0.504746835443038,0,0.186728395061728,0.641935483870968,0.577106518282989,0.266457680250784,0.207874015748031,0.653907496012759,0.00160771704180064,0.250398724082935,0.236220472440945,0,0.246056782334385,0.794212218649518,0.21571906354515,0.539936102236422,0,0.00317965023847377,0.567164179104478,0.379807692307692,0.791666666666667,0.784893267651888,0.0032,0.00165016501650165,0.413312693498452,0.791599353796446,0.210702341137124,0.693163751987281,0.209119496855346,0.799682034976153,0.674641148325359,0.828665568369028,0.327332242225859,0.758333333333333,0.788461538461538,0.0016,0.801626016260163,0,0.206896551724138,0.648117839607201,0.225856697819315,0.797124600638978,0.209917355371901,0,0.598101265822785,0.614035087719298,0.2016,0,0.200312989045383,0,0.655574043261231,0.213716108452951,0,0.463108320251177,0.222222222222222,0.471544715447154,0.247557003257329,0.801916932907348,0,0.202922077922078,0.691437802907916,0,0.4913112164297,0.799694189602447,0.784251968503937,0.200647249190939,0.199036918138042,0.211690363349131,0.216260162601626,0.223809523809524,0,0.2272,0.0061633281972265,0.653481012658228,0.692926045016077,0.208064516129032,0.21405750798722,0.214285714285714,0.20859872611465,0.035426731078905,0.799347471451876,0.208881578947368,0.231496062992126,0.459119496855346,0.221518987341772,0.20695102685624,0.250793650793651,0,0,0.204368174726989,0,0.810126582278481,0,0.239234449760766,0.690397350993378,1,0.775157232704403,0.272435897435897,0,0.768621236133122,0.206624605678233,0.213375796178344,0.495921696574225,0.614791987673344,0.746932515337423,0.725155279503106,0.55448717948718,0.788732394366197,0.749211356466877,0.54983922829582,0.681089743589744,0.457413249211356,0.779032258064516,0,0.803305785123967,0.669856459330144,0.18407960199005,0.465266558966074,0.74414976599064,0.511961722488038,0.302250803858521,0.212403100775194,0.245791245791246,0.237147595356551,0.20949263502455,0.209677419354839,0.576,0.650641025641026,0.198717948717949,0.790769230769231,0.786499215070644,0.344551282051282,0.0031201248049922,0.204437400950872,0.219589257503949,0,0.767710049423394,0,0.247603833865815,0,0.224555735056543,0.223300970873786,0.792993630573248,0.334967320261438,0.191823899371069,0.464169381107492,0.501597444089457,0.293354943273906,0,0,0.276206322795341,0.248085758039816,0.223101265822785,0,0,0.798690671031097,0.712715855572998,0.522508038585209,0,0.648,0,0.286168521462639,0.210696920583468,0.68189233278956,0.756329113924051,0,0.69672131147541,0.590111642743222,0.298412698412698,0.222049689440994,0.390599675850891,0.798722044728435,0.224052718286656,0.0837359098228663,0.208809135399674,0,0.203442879499218,0,0.191626409017713,0.790163934426229,0.487562189054726,0,0,0.3744,0.258116883116883,0.253565768621236,0.4015625,0.805900621118012,0.782178217821782,0.363489499192246,0.368584758942457,0,0.792,0.24203821656051,0,0.226973684210526,0.23961661341853,0.80188679245283,0.00642054574638844,0.789389067524116,0.199059561128527,0.5904,0.79047619047619,0.791318864774624,0.750793650793651,0.469421487603306,0.724522292993631,0.212520593080725,0,0.395424836601307,0.223101265822785,0,0,0.806201550387597,0,0.800319488817891,0.196110210696921,0.451559934318555,0.801932367149758,0.805872756933116,0.542207792207792,0.263157894736842,0.618296529968454,0.00792393026941363,0.780327868852459,0.0504065040650407,0.00966183574879227,0,0.657467532467532,0.787066246056782,0.79549114331723,0.805732484076433,0.794628751974723,0.00797448165869218,0.0127186009538951,0.781499202551834,0.0113268608414239,0.00327332242225859,0.0365079365079365,0.0111642743221691,0.0111821086261981,0.787337662337662,0.0191082802547771,0.795681063122924,0.805466237942122,0.00490196078431373,0.787928221859706,0.0599369085173502,0.800632911392405,0.742448330683625,0.809375,0.783171521035599
"692",0.120634920634921,0.116923076923077,0.145454545454545,0.164012738853503,0.134920634920635,0.130990415335463,0.21939586645469,0.138413685847589,0.118003025718608,0,0.118564742589704,0,0.491525423728814,0.114551083591331,0.88135593220339,0.87308868501529,0,0.00464396284829721,0.114147909967846,0.137557959814529,0.861586314152411,0.866352201257862,0.130769230769231,0,0.169254658385093,0.724727838258165,0.841368584758942,0.135646687697161,0.611195158850227,0.414746543778802,0.891437308868501,0.439814814814815,0.336990595611285,0.694992412746586,0,0.11875,0.0106707317073171,0.128682170542636,0.770614692653673,0.192716236722307,0,0.00307219662058372,0,0.120879120879121,0.322528363047002,0.868544600938967,0.544049459041731,0.880804953560371,0.613636363636364,0.813253012048193,0,0.130368098159509,0.84,0.109907120743034,0.226299694189602,0.775157232704403,0,0.138582677165354,0.153374233128834,0.217457886676876,0.684210526315789,0.628834355828221,0.884375,0,0.212264150943396,0.273993808049536,0,0.13312693498452,0,0.884858044164038,0.232980332829047,0.874425727411945,0.872307692307692,0.116030534351145,0,0.389570552147239,0.921658986175115,0.476335877862595,0.22884012539185,0.738768718801997,0,0.410687022900763,0.753753753753754,0.111963190184049,0.823439878234399,0.203030303030303,0.1201248049922,0.142194744976816,0.145482388973966,0,0.126760563380282,0.113354037267081,0,0,0.14218009478673,0,0.711890243902439,0.134762633996937,0.00152905198776758,0.00154798761609907,0.48382126348228,0,0.750764525993884,0.120879120879121,0.87062404870624,0.106858054226475,0,0.137984496124031,0.891679748822606,0.888888888888889,0.890577507598784,0.187981510015408,0.686915887850467,0.122065727699531,0,0.136085626911315,0.436532507739938,0,0.876524390243902,0.726989079563182,0,0.340062111801242,0.799691833590139,0.840694006309148,0.146341463414634,0.776595744680851,0.113636363636364,0.126738794435858,0,0.555386949924128,0.177641653905054,0.552959501557632,0.137071651090343,0,0.127962085308057,0.875,0,0.847962382445141,0.428792569659443,0.54675118858954,0,0,0.142419601837672,0.354037267080745,0.77602523659306,0.114906832298137,0.883177570093458,0.187692307692308,0.624413145539906,0.135746606334842,0.873801916932907,0.126738794435858,0.10625,0.261941448382126,0.111801242236025,0.878548895899054,0.123853211009174,0.880804953560371,0,0.362928348909657,0.247706422018349,0.141984732824427,0.878971255673222,0,0.117647058823529,0.659842519685039,0.114516129032258,0.11791730474732,0.115207373271889,0.685015290519878,0.150306748466258,0.879310344827586,0.166666666666667,0.869565217391304,0.21875,0.660030627871363,0,0.138413685847589,0,0.25585023400936,0.109204368174727,0.831496062992126,0.139784946236559,0.16385911179173,0.129129129129129,0.156773211567732,0.817757009345794,0.674242424242424,0.182539682539683,0.185243328100471,0.922360248447205,0.888544891640867,0.145962732919255,0.23216995447648,0,0,0.7671875,0,0.123100303951368,0.745098039215686,0.233908948194662,0.336377473363775,0.125373134328358,0.656346749226006,0.593220338983051,0.766929133858268,0.180124223602484,0.14622641509434,0.23206106870229,0,0.237654320987654,0.845047923322684,0.166405023547881,0.879389312977099,0.833078101071976,0.547546012269939,0.141104294478528,0.134238310708899,0.300155520995334,0.127692307692308,0.229813664596273,0,0.845916795069337,0.451070336391437,0.122834645669291,0,0.13109756097561,0.146747352496218,0.524539877300613,0.513719512195122,0.130841121495327,0.114779874213836,0.67398119122257,0,0.216463414634146,0.560250391236307,0.15112540192926,0.876543209876543,0.153262518968134,0.113707165109034,0.113496932515337,0.154330708661417,0.508396946564886,0.896124031007752,0.150621118012422,0.506172839506173,0.891369047619048,0.879573170731707,0.7398753894081,0.877329192546584,0.847723704866562,0.435508345978756,0.89010989010989,0.889400921658986,0.859756097560976,0.518126888217523,0.85031847133758,0.134146341463415,0,0.884914463452566,0,0.800312012480499,0.121259842519685,0.140625,0.212213740458015,0,0.257142857142857,0.254961832061069,0.435658914728682,0.497716894977169,0.586854460093897,0.5546875,0,0.11875,0.876146788990826,0.434713375796178,0.16,0.882978723404255,0.365740740740741,0.8887171561051,0.826625386996904,0.128593040847201,0.121405750798722,0.211111111111111,0,0.454823889739663,0.230046948356808,0,0.894495412844037,0.217522658610272,0.130970724191063,0,0.875766871165644,0.883792048929664,0.129952456418384,0.238095238095238,0.879120879120879,0,0.657450076804916,0.128086419753086,0.331306990881459,0.636503067484663,0.4609375,0.153963414634146,0.876160990712074,0.119940029985007,0.125,0.877519379844961,0.147692307692308,0.118195956454121,0.145110410094637,0.116640746500778,0.75808936825886,0.810030395136778,0.814528593508501,0.130298273155416,0.170382165605096,0.00771604938271605,0.716279069767442,0.149765990639626,0.794207317073171,0.691265060240964,0.127692307692308,0.113207547169811,0.144654088050314,0.421303656597774,0.115151515151515,0.7078125,0.149618320610687,0.1125,0,0.791225416036309,0.523584905660377,0.878693623639191,0.0078003120124805,0.88135593220339,0.196594427244582,0.87308868501529,0.881278538812785,0,0.730650154798762,0.128834355828221,0.84,0.1328,0.147692307692308,0.131987577639752,0.780185758513932,0.787539936102236,0.402190923317684,0.57667731629393,0,0.290571870170015,0.882978723404255,0.864381520119225,0.823170731707317,0.119122257053292,0.878504672897196,0,0.780487804878049,0.862595419847328,0.892141756548536,0.568992248062016,0.1125,0.730708661417323,0.106687898089172,0.1421875,0,0.127031019202363,0.86676875957121,0.113122171945701,0.284178187403994,0.119162640901771,0.882170542635659,0.147013782542113,0.875384615384615,0.214506172839506,0.395534290271132,0.172519083969466,0.133640552995392,0.108024691358025,0.800623052959502,0.152173913043478,0.120481927710843,0.881381381381381,0.867078825347759,0.113207547169811,0.116564417177914,0.683076923076923,0.222900763358779,0.151219512195122,0.166158536585366,0.121725731895223,0,0.80564263322884,0.119815668202765,0.8859375,0,0.149606299212598,0,0.857142857142857,0.119631901840491,0.152307692307692,0,0.481832543443918,0.621875,0.129133858267717,0.885400313971743,0.240126382306477,0.116242038216561,0.660436137071651,0.49537037037037,0.340694006309148,0,0.854294478527607,0.142635658914729,0.116459627329193,0.603715170278638,0.111111111111111,0.145901639344262,0.865533230293663,0,0.144817073170732,0.11353032659409,0.169491525423729,0.396992481203008,0.880804953560371,0.238461538461538,0.743390357698289,0.766233766233766,0,0.460342146189736,0.486821705426357,0.48,0,0.720190779014308,0.2018779342723,0.440993788819876,0.545592705167173,0.844903988183161,0,0,0.119047619047619,0.138508371385084,0,0.192901234567901,0,0,0,0.106012658227848,0,0.120634920634921,0.323574730354391,0.564296520423601,0.109756097560976,0,0,0.131699846860643,0.163663663663664,0.379785604900459,0.889393939393939,0,0.217987804878049,0.509287925696594,0.122291021671827,0.529051987767584,0.691455696202532,0,0.132218844984802,0.879365079365079,0.165354330708661,0.823161189358372,0,0.883058470764618,0.811023622047244,0.555555555555556,0.145285935085008,0,0.162406015037594,0.143076923076923,0.109062980030722,0,0.823529411764706,0.171749598715891,0.897314375987362,0.113981762917933,0.111951588502269,0.878048780487805,0.104361370716511,0.789799072642968,0.310664605873261,0.874804381846635,0.84458398744113,0.16,0,0.88006230529595,0.147239263803681,0.886255924170616,0.443234836702955,0.637795275590551,0,0.960244648318043,0.359300476947536,0.801872074882995,0.134165366614665,0.872307692307692,0.807633587786259,0.582113821138211,0.171471927162367,0.228699551569507,0.149691358024691,0.346518987341772,0,0.1236802413273,0.891104294478528,0.141524105754277,0.659270998415214,0.881736526946108,0.119448698315467,0.124213836477987,0.107981220657277,0.444444444444444,0.141984732824427,0.880989180834621,0.835130970724191,0.172043010752688,0.225114854517611,0,0,0.123052959501558,0.197138314785374,0.88597842835131,0.137285491419657,0.135802469135802,0.703875968992248,0.181962025316456,0.376766091051805,0.212349397590361,0,0.151937984496124,0.68088467614534,0.103076923076923,0.117829457364341,0,0.4359375,0.1421875,0.885271317829457,0.423676012461059,0.63482280431433,0.304733727810651,0.406542056074766,0.157503714710253,0.831070889894419,0.125588697017268,0.121538461538462,0.145061728395062,0.710651828298887,0.809006211180124,0.119878603945372,0.112462006079027,0,0.321646341463415,0.600308641975309,0.738317757009346,0.337899543378995,0.116923076923077,0.226059654631083,0.124807395993837,0.13109756097561,0.886075949367089,0,0.302469135802469,0.8875,0.872894333843798,0.730354391371341,0,0.131987577639752,0.199395770392749,0.121913580246914,0.127300613496933,0.839563862928349,0.8859375,0,0,0.8288,0.844961240310077,0.808411214953271,0,0.881720430107527,0.114728682170543,0.386363636363636,0.76036866359447,0.122670807453416,0.506912442396313,0.146456692913386,0.4375,0.483383685800604,0,0.127596439169139,0.682316118935837,0.608695652173913,0.19578313253012,0.131539611360239,0.739197530864197,0,0.162287480680062,0.165905631659056,0,0.140929535232384,0.870229007633588,0.13322632423756,0.582434514637905,0,0,0.597738287560582,0.28169014084507,0.888719512195122,0.816745655608215,0,0,0.346385542168675,0.872340425531915,0.113964686998395,0.712538226299694,0.132930513595166,0.879939209726444,0.635528330781011,0.672868217054264,0.260731319554849,0.816720257234727,0.883435582822086,0,0.853543307086614,0,0.12443095599393,0.717948717948718,0.134529147982063,0.889235569422777,0.113057324840764,0,0.526395173453997,0.604327666151468,0.110599078341014,0,0.121028744326778,0,0.657187993680885,0.135384615384615,0,0.440993788819876,0.134375,0.3421875,0.171114599686028,0.872340425531915,0,0.114374034003091,0.7296875,0,0.441087613293051,0.885245901639344,0.895454545454546,0.121684867394696,0.122861586314152,0.128593040847201,0.151090342679128,0.148837209302326,0,0.149922720247295,0.00152439024390244,0.6797583081571,0.71097372488408,0.125,0.126696832579186,0.125757575757576,0.120980091883614,0.0384615384615385,0.889589905362776,0.12280701754386,0.153963414634146,0.377503852080123,0.14,0.119515885022693,0.143950995405819,0,0,0.135416666666667,0,0.837878787878788,0.00155763239875389,0.157894736842105,0.721337579617834,0.775157232704403,1,0.197204968944099,0,0.849230769230769,0.116207951070336,0.11791730474732,0.472783825816485,0.683506686478455,0.764705882352941,0.778120184899846,0.42246835443038,0.888719512195122,0.819165378670788,0.550769230769231,0.701726844583987,0.386949924127466,0.873456790123457,0,0.885579937304075,0.686427457098284,0.120253164556962,0.43558282208589,0.808669656203288,0.46,0.241590214067278,0.126506024096386,0.165064102564103,0.136858475894246,0.125391849529781,0.125,0.505392912172573,0.623853211009174,0.115562403697997,0.87593423019432,0.891044776119403,0.245749613601236,0,0.117293233082707,0.135176651305684,0,0.810047095761381,0,0.180967238689548,0,0.147239263803681,0.121538461538462,0.884615384615385,0.278637770897833,0.112291350531108,0.468509984639017,0.475232198142415,0.234662576687117,0,0,0.19349593495935,0.168888888888889,0.123664122137405,0,0,0.876006441223833,0.721538461538462,0.532208588957055,0,0.582689335394127,0,0.201248049921997,0.121538461538462,0.76303317535545,0.738931297709924,0,0.674015748031496,0.48062015503876,0.214953271028037,0.147368421052632,0.341049382716049,0.881172839506173,0.134281200631912,0.0762052877138414,0.114241001564945,0,0.128398791540786,0,0.118483412322275,0.861586314152411,0.565149136577708,0,0,0.285276073619632,0.17981072555205,0.173978819969743,0.380733944954128,0.903759398496241,0.890995260663507,0.255417956656347,0.237313432835821,0,0.873831775700935,0.13953488372093,0,0.12755905511811,0.163636363636364,0.844854070660522,0.00617283950617284,0.88125,0.117199391171994,0.577044025157233,0.841538461538462,0.8224,0.818320610687023,0.417981072555205,0.831269349845201,0.123630672926448,0,0.3515625,0.130827067669173,0,0,0.876488095238095,0,0.875583203732504,0.119815668202765,0.399355877616747,0.885093167701863,0.892744479495268,0.537383177570093,0.155763239875389,0.617378048780488,0.0091324200913242,0.89047619047619,0.0568181818181818,0.0167682926829268,0,0.740279937791602,0.875,0.886115444617785,0.872534142640364,0.881913303437967,0.00777604976671851,0.0106544901065449,0.874806800618238,0.0139103554868624,0.00637958532695375,0.0341085271317829,0.0166919575113809,0.00924499229583975,0.883256528417819,0.0215384615384615,0.895498392282958,0.881804043545879,0.00788643533123028,0.880551301684533,0.0560606060606061,0.874425727411945,0.815503875968992,0.887048192771084,0.876524390243902
"693",0.916398713826367,0.926447574334898,0.897515527950311,0.893964110929853,0.915702479338843,0.921951219512195,0.85214626391097,0.906793048973144,0.923076923076923,0,0.915605095541401,0,0.615873015873016,0.9248,0.112519809825674,0.089622641509434,0,0.0144927536231884,0.925278219395866,0.936204146730462,0.21656050955414,0.114516129032258,0.909516380655226,0,0.897356143079316,0.317891373801917,0.18312101910828,0.915447154471545,0.524105754276827,0.707278481012658,0.0859375,0.724247226624406,0.824561403508772,0.332283464566929,0,0.928684627575277,0.0186915887850467,0.91588785046729,0.32262996941896,0.858475894245723,0.00160513643659711,0.0127388535031847,0.00477707006369427,0.923824959481361,0.755301794453507,0.0988835725677831,0.551342812006319,0.0828025477707006,0.525114155251142,0.2203125,0,0.927786499215071,0.333860759493671,0.927672955974843,0.836012861736334,0.22488038277512,0,0.901430842607313,0.888188976377953,0.880314960629921,0.332278481012658,0.488993710691824,0.0755627009646302,0,0.864600326264274,0.816326530612245,0,0.92,0,0.0646203554119548,0.829457364341085,0.0806962025316456,0.0937996820349762,0.923312883435583,0,0.764615384615385,0.127527216174184,0.629513343799058,0.857610474631751,0.332775919732441,0,0.733229329173167,0.284591194968553,0.928571428571429,0.189735614307932,0.863354037267081,0.923317683881064,0.906976744186046,0.9,0.0093167701863354,0.914100486223663,0.92368839427663,0,0,0.955056179775281,0,0.352941176470588,0.917981072555205,0.00623052959501558,0.008,0.651419558359621,0,0.347133757961783,0.914285714285714,0.181395348837209,0.915064102564103,0.011400651465798,0.9024,0.0745542949756888,0.0774091627172196,0.081377151799687,0.853968253968254,0.393258426966292,0.917851500789889,0,0.917445482866044,0.730283911671924,0,0.0847723704866562,0.305379746835443,0,0.801282051282051,0.302652106084243,0.157980456026059,0.905511811023622,0.213500784929356,0.935837245696401,0.9125,0,0.587227414330218,0.884676145339652,0.54071661237785,0.907348242811502,0,0.934504792332268,0.0944272445820433,0,0.25518341307815,0.64968152866242,0.573268921095008,0,0,0.911627906976744,0.782608695652174,0.242276422764228,0.923809523809524,0.0775444264943457,0.885579937304075,0.449526813880126,0.906687402799378,0.206219312602291,0.903481012658228,0.926350245499182,0.86031746031746,0.92246835443038,0.072463768115942,0.929022082018927,0.0805687203791469,0,0.75796178343949,0.834633385335413,0.912420382165605,0.0872274143302181,0,0.924031007751938,0.506410256410256,0.922697368421053,0.928237129485179,0.924290220820189,0.329211746522411,0.912908242612753,0.0859872611464968,0.89938080495356,0.0746500777604977,0.855305466237942,0.427444794952681,0,0.92368839427663,0,0.84012539184953,0.92368839427663,0.192982456140351,0.924764890282132,0.895148669796557,0.927601809954751,0.910493827160494,0.165354330708661,0.44822256568779,0.864649681528662,0.895330112721417,0.127158555729984,0.0741885625965997,0.9104,0.810897435897436,0,0,0.352090032154341,0.00158227848101266,0.929012345679012,0.32398753894081,0.830917874396135,0.771604938271605,0.917573872472784,0.475120385232745,0.486486486486487,0.34887459807074,0.890822784810127,0.982594936708861,0.849293563579278,0,0.837173579109063,0.237012987012987,0.891760904684976,0.0729001584786054,0.13251155624037,0.574603174603175,0.909810126582278,0.920436817472699,0.847723704866562,0.919937205651491,0.874003189792663,0,0.143987341772152,0.699685534591195,0.9136,0,0.92755905511811,0.918586789554531,0.594294770206022,0.575039494470774,0.921011058451817,0.918962722852512,0.422047244094488,0,0.845679012345679,0.589456869009585,0.915064102564103,0.0825396825396825,0.90795631825273,0.924679487179487,0.92018779342723,0.899521531100478,0.574074074074074,0.0805687203791469,0.901869158878505,0.570542635658915,0.0804953560371517,0.0718654434250764,0.267628205128205,0.080952380952381,0.20919175911252,0.691588785046729,0.0727848101265823,0.08125,0.0894819466248038,0.625194401244168,0.119086460032626,0.918269230769231,0.00958466453674121,0.0694006309148265,0,0.282296650717703,0.9216,0.896,0.856466876971609,0,0.840197693574959,0.836477987421384,0.716108452950558,0.651968503937008,0.512038523274478,0.487844408427877,0.0110759493670886,0.916398713826367,0.165094339622642,0.712854757929883,0.898089171974522,0.0852713178294574,0.768987341772152,0.0754716981132075,0.191588785046729,0.926493108728943,0.924092409240924,0.854812398042414,0,0.65990639625585,0.845786963434022,0,0.0759493670886076,0.839813374805599,0.900158478605388,0,0.0815047021943574,0.0751173708920188,0.92368839427663,0.861111111111111,0.0785597381342062,0,0.440758293838863,0.9264,0.786046511627907,0.450949367088608,0.692058346839546,0.9125,0.0861244019138756,0.917956656346749,0.927786499215071,0.0914826498422713,0.912559618441971,0.92018779342723,0.905144694533762,0.91679748822606,0.256735340729002,0.36875,0.338607594936709,0.911620294599018,0.959349593495935,0.0501567398119122,0.344992050874404,0.907496012759171,0.227129337539432,0.38,0.919431279620853,0.925867507886435,0.915756630265211,0.727272727272727,0.917829457364341,0.32258064516129,0.905063291139241,0.921951219512195,0,0.37245696400626,0.59047619047619,0.0889235569422777,0.0538827258320127,0.081377151799687,0.923317683881064,0.0964230171073095,0.0849056603773585,0,0.300632911392405,0.914927768860353,0.144215530903328,0.925373134328358,0.911532385466035,0.914691943127962,0.343402225755167,0.339869281045752,0.716300940438871,0.500826446280992,0,0.825806451612903,0.0815384615384615,0.113354037267081,0.252730109204368,0.920967741935484,0.078125,0,0.383045525902669,0.0857580398162328,0.1,0.51993620414673,0.9184,0.338211382113821,0.915702479338843,0.900473933649289,0,0.917557251908397,0.0636645962732919,0.914596273291925,0.82807570977918,0.921182266009852,0.0962145110410095,0.908661417322835,0.0864,0.8384,0.722222222222222,0.898595943837754,0.9171875,0.919303797468354,0.354430379746835,0.9008,0.919629057187017,0.0766871165644172,0.102484472049689,0.930645161290323,0.925632911392405,0.387301587301587,0.851735015772871,0.893267651888342,0.903669724770642,0.923317683881064,0,0.184,0.924882629107981,0.0755627009646302,0,0.906752411575563,0.00980392156862745,0.1264,0.926100628930818,0.900316455696203,0.00319488817891374,0.638230647709321,0.482539682539683,0.925566343042071,0.08,0.890675241157556,0.913738019169329,0.429487179487179,0.627329192546584,0.781645569620253,0,0.222044728434505,0.90032154340836,0.921850079744817,0.496038034865293,0.91679748822606,0.890572390572391,0.105180533751962,0.00157232704402516,0.919504643962848,0.922098569157393,0.895148669796557,0.71875,0.0841423948220065,0.8288,0.302066772655008,0.24247491638796,0.00473186119873817,0.663461538461538,0.644230769230769,0.636792452830189,0,0.34789644012945,0.868044515103339,0.683563748079877,0.579352850539291,0.158461538461538,0,0,0.923308270676692,0.917057902973396,0,0.870716510903427,0.00796178343949045,0,0,0.92755905511811,0,0.922330097087379,0.74375,0.571209800918836,0.927672955974843,0,0,0.918238993710692,0.979969183359014,0.742236024844721,0.0791925465838509,0.00162337662337662,0.835703001579779,0.629457364341085,0.93015873015873,0.572107765451664,0.402576489533011,0,0.913249211356467,0.0825242718446602,0.895734597156398,0.171749598715891,0,0.0860215053763441,0.186708860759494,0.525619834710744,0.888198757763975,0,0.897515527950311,0.910094637223975,0.924646781789639,0,0.131955484896661,0.901502504173623,0.0833333333333333,0.925581395348837,0.928348909657321,0.0818897637795276,0.923566878980892,0.349606299212598,0.803174603174603,0.0786516853932584,0.223662884927066,0.909379968203498,0.00943396226415094,0.0797448165869219,0.906103286384977,0.0917874396135266,0.713821138211382,0.453808752025932,0,0.167456556082148,0.765079365079365,0.309262166405024,0.917981072555205,0.08,0.221003134796238,0.512355848434926,0.886821705426357,0.854294478527607,0.909379968203498,0.786858974358974,0,0.923317683881064,0.0762052877138414,0.899361022364217,0.447154471544715,0.086687306501548,0.921259842519685,0.9232,0.921474358974359,0.654028436018957,0.909952606635071,0.1875,0.2464,0.880191693290735,0.842105263157895,0,0,0.914653784219002,0.869983948635634,0.0894568690095847,0.914691943127962,0.925233644859813,0.414442700156986,0.873194221508828,0.717990275526742,0.841692789968652,0,0.904153354632588,0.383627608346709,0.921630094043887,0.918918918918919,0,0.68621236133122,0.908794788273616,0.078740157480315,0.739549839228296,0.448979591836735,0.808641975308642,0.701923076923077,0.905263157894737,0.154083204930663,0.914893617021277,0.932069510268562,0.921850079744817,0.352750809061489,0.162460567823344,0.928909952606635,0.923076923076923,0.00773993808049536,0.796583850931677,0.50625,0.336477987421384,0.783359497645212,0.91437802907916,0.898550724637681,0.926332288401254,0.132283464566929,0.0792880258899676,0,0.836734693877551,0.0783699059561129,0.0763116057233704,0.337007874015748,0,0.924528301886792,0.859154929577465,0.910543130990415,0.925984251968504,0.1664,0.082018927444795,0,0,0.225490196078431,0.145569620253165,0.212933753943218,0,0.0737833594976452,0.912974683544304,0.0446153846153846,0.34775641025641,0.92776886035313,0.623622047244095,0.92515923566879,0.6828125,0.640122511485452,0,0.923896499238965,0.438003220611916,0.534621578099839,0.869767441860465,0.916537867078825,0.44215530903328,0.0093603744149766,0.888364779874214,0.900621118012422,0,0.906441717791411,0.0943396226415094,0.914239482200647,0.471228615863142,0,0.00782472613458529,0.569767441860465,0.8352,0.0849056603773585,0.197115384615385,0.00938967136150235,0.00165289256198347,0.791090629800307,0.0870967741935484,0.92964824120603,0.399686520376176,0.911764705882353,0.0737327188940092,0.415094339622642,0.384244372990354,0.852216748768473,0.163695299837925,0.0795631825273011,0.00158982511923688,0.116504854368932,0,0.913446676970634,0.0986842105263158,0.916666666666667,0.0731319554848967,0.9232,0,0.572530864197531,0.518578352180937,0.9234375,0,0.917057902973396,0,0.461414790996785,0.919685039370079,0,0.669781931464174,0.901273885350318,0.73851030110935,0.906300484652666,0.108320251177394,0,0.920127795527157,0.337133550488599,0,0.729230769230769,0.0655487804878049,0.0894819466248038,0.930868167202572,0.920583468395462,0.927803379416283,0.901898734177215,0.909379968203498,0,0.909516380655226,0.0203125,0.398449612403101,0.354330708661417,0.919753086419753,0.924050632911392,0.924382716049383,0.917057902973396,0.0538827258320127,0.0792880258899676,0.924590163934426,0.909810126582278,0.75705329153605,0.931034482758621,0.924646781789639,0.9140625,0,0,0.919330289193303,0,0.131045241809672,0,0.9024,0.349761526232114,0.272435897435897,0.197204968944099,1,0,0.172413793103448,0.921752738654147,0.921875,0.656500802568218,0.464231354642314,0.277777777777778,0.251533742331288,0.657004830917874,0.0783699059561129,0.189873417721519,0.584251968503937,0.324921135646688,0.74375,0.0821256038647343,0,0.0764331210191083,0.377207062600321,0.910596026490066,0.636932707355243,0.287692307692308,0.672985781990521,0.834905660377358,0.912772585669782,0.898527004909984,0.916139240506329,0.92156862745098,0.939102564102564,0.624012638230648,0.463836477987421,0.921850079744817,0.0834597875569044,0.080370942812983,0.843601895734597,0.0125195618153365,0.920807453416149,0.898753894080997,0,0.1872,0,0.9,0,0.906645569620253,0.922712933753943,0.0802469135802469,0.8352,0.920807453416149,0.677938808373591,0.6352,0.838759689922481,0,0,0.893964110929853,0.882440476190476,0.927018633540373,0,0,0.0752,0.309597523219814,0.548076923076923,0,0.509523809523809,0,0.862838915470494,0.917851500789889,0.220064724919094,0.31687898089172,0,0.396747967479675,0.618524332810047,0.819905213270142,0.90077519379845,0.752365930599369,0.0726698262243286,0.922829581993569,0.0159235668789809,0.914927768860353,0,0.908527131782946,0.00646203554119548,0.928687196110211,0.0849358974358974,0.0609951845906902,0,0,0.850467289719626,0.88961038961039,0.873846153846154,0.731366459627329,0.103186646433991,0.0794165316045381,0.800316957210777,0.814984709480122,0,0.0989010989010989,0.900161030595813,0,0.911433172302738,0.897196261682243,0.143974960876369,0.0408805031446541,0.0799373040752351,0.922600619195046,0.516129032258065,0.138582677165354,0.178217821782178,0.198425196850394,0.7376,0.156832298136646,0.920127795527157,0,0.767145135566188,0.917981072555205,0.00318979266347687,0,0.0806697108066971,0,0.0828025477707006,0.922345483359746,0.723856209150327,0.0868878357030016,0.07223113964687,0.5792,0.891935483870968,0.497645211930926,0.0528771384136858,0.0880913539967374,0.0592105263157895,0.0205371248025276,0,0.0899053627760252,0.0709876543209877,0.0738362760834671,0.0871632329635499,0.0801232665639445,0.0495049504950495,0.0600315955766193,0.0990415335463259,0.0204724409448819,0.00647249190938511,0.0265625,0.0248447204968944,0.0603174603174603,0.0904761904761905,0.0209339774557166,0.0798045602605863,0.0784,0.0456026058631922,0.0885668276972625,0.0200308166409861,0.0766823161189358,0.105511811023622,0.0652173913043478,0.0812101910828025
"694",0,0,0,0,0,0,0.0142405063291139,0.0015552099533437,0,0.998387096774194,0,0.9984375,0.0015552099533437,0,0.00155763239875389,0.0015748031496063,0.998468606431853,0.984101748807631,0,0,0.0015600624024961,0,0,0.998459167950693,0,0,0.0015527950310559,0.00158982511923688,0.00153139356814701,0.00157232704402516,0.0015220700152207,0,0.00315955766192733,0.00154798761609907,0.998432601880878,0,0.978494623655914,0,0.00151745068285281,0,0.996845425867508,0.984591679506934,0.993710691823899,0,0,0.00158478605388273,0.00156494522691706,0.00155763239875389,0.00150602409638554,0,0.998452012383901,0,0.0015625,0,0.0158982511923688,0.00161030595813205,0.998384491114701,0,0.0030441400304414,0.00154083204930663,0.00155763239875389,0,0.00157728706624606,0.998389694041868,0,0.00156494522691706,1,0,1,0.00159235668789809,0.00153846153846154,0.00153374233128834,0.00158227848101266,0,0.998442367601246,0.00307219662058372,0,0.0015527950310559,0.00157977883096367,0,0.998412698412698,0.00153139356814701,0.00151745068285281,0,0.00154320987654321,0,0,0,0.00155763239875389,0.987897125567322,0,0,1,0.998427672955975,0,1,0.0201550387596899,0,0.992272024729521,0.989010989010989,0.0127186009538951,1,0,0,0.0015527950310559,0,0.989130434782609,0.00313971742543171,0,0.00154798761609907,0.00155038759689922,0.0171073094867807,0.00157232704402516,0,0.998410174880763,0,0.0015625,0.998463901689708,0.00156985871271586,0.00158478605388273,0.998482549317147,0.00313971742543171,0.0015552099533437,0.0016025641025641,0,0.00153846153846154,0,0,0.998430141287284,0.00617283950617284,0,0.00162866449511401,0,0.998425196850394,0,0.00151057401812689,1,0.00158227848101266,0.00157232704402516,0.00802568218298555,1,0.998412698412698,0,0.0015600624024961,0.00158730158730159,0,0.0015748031496063,0,0.00160771704180064,0,0.00161290322580645,0,0,0.00154798761609907,0,0,0,0.0015600624024961,0.998432601880878,0.00157728706624606,0.00764525993883792,0,0.00153374233128834,0.998473282442748,0,0.00159744408945687,0,0,0,0,0,0.00156739811912226,0,0,0.00479233226837061,0.00154320987654321,0.998417721518987,0,0.998454404945904,0,0,0.00156985871271586,0,0.00155763239875389,0,0.00152671755725191,0.00155038759689922,0,0,0,0.00156494522691706,0.00155763239875389,0,0.0232558139534884,0.998470948012232,0.998442367601246,0.00157728706624606,0.996913580246914,0,0.00154083204930663,0.0128410914927769,0.00155038759689922,0,0.0015748031496063,0,0.0015625,0,0,0.00153609831029186,0.998407643312102,0.00154320987654321,0.00159235668789809,0.00156739811912226,0,0.00154320987654321,0.00470219435736677,0,0,0.0015625,0,0,0.998427672955975,0,0.00150602409638554,0,0.998447204968944,0,0,0.0046583850931677,0,0,0,0.0203442879499218,0.99837925445705,0.0153374233128834,0.00158478605388273,0,0,0.00153846153846154,0,0,0,0.0015600624024961,0.0015748031496063,0,0.0015552099533437,0.00151745068285281,0.00154320987654321,0,0.00157728706624606,0.00157977883096367,0,0.00154083204930663,0.00153846153846154,0.00154320987654321,0.00151745068285281,0.00162866449511401,0,0.987381703470032,0.00156494522691706,0.998456790123457,0.00473186119873817,0,0,0,1,0.00320512820512821,0.00307219662058372,0,0.0015625,0.0015600624024961,0.00157977883096367,0.987654320987654,0,0.00154559505409583,0,0,0.00154320987654321,0.0015527950310559,0.0015625,0.00155038759689922,0,0,0.0160771704180064,1,0,0.0186625194401244,1,0.00152671755725191,0.0168711656441718,0.00158227848101266,0.998456790123457,0.00154798761609907,0.00154083204930663,0,0.00159744408945687,0.00160513643659711,0.998410174880763,0.0203125,0,0.0015527950310559,0.00155763239875389,0.00159235668789809,0,0.00157977883096367,0,0,0,0.00152671755725191,0,0,0,0.00155038759689922,0.00152671755725191,0.00155038759689922,0.0032520325203252,0,0.94679186228482,0.00157232704402516,0,0.00158227848101266,0.00151515151515152,0,0,0,0.00158227848101266,0,0,0,0,0.998435054773083,0,0.0111642743221691,0.00158227848101266,0.944099378881988,0.00153609831029186,0,0.00154320987654321,0.0015600624024961,0.998491704374057,0.00154320987654321,0,0,0,0,0,0.00159489633173844,0.00161030595813205,0.00158227848101266,0,0.998456790123457,0.00155038759689922,0.00153609831029186,0.0015527950310559,0,0,0.00156494522691706,0.9984375,0.0015527950310559,0.00155038759689922,0.00156739811912226,0.00311526479750779,0,0,0,0,0.998454404945904,0,0.00154083204930663,0,0.00155763239875389,0,0.0015748031496063,0,0,0,0,0.00154320987654321,0,0.00310077519379845,0.0015625,0,0,0.00151745068285281,0.00153609831029186,0,0,0.00156985871271586,0,0,0.00152671755725191,0,0.998430141287284,0.00160771704180064,0,0,0.998420221169036,0,0.98876404494382,0.00159744408945687,0,0,0.993680884676145,0.0093167701863354,0.00157728706624606,0,0.00160771704180064,0,0,0,0,0,1,0.00157728706624606,0.00158227848101266,0,0.00157977883096367,0,0,0.00155763239875389,0.998425196850394,0,0,0,0.00153139356814701,0.00157728706624606,0.00793650793650794,0.00153609831029186,0.0149253731343284,0.993759750390016,0.00157977883096367,0,0.00152671755725191,0.998444790046656,0.00162074554294976,0.00155038759689922,0.00153609831029186,0.00151285930408472,0,0.998456790123457,0.998484848484849,0,0,0.998452012383901,0,0.987361769352291,1,0.998394863563403,0,0.998456790123457,0,0.003125,0.00759878419452888,0,1,1,0,0,0.00154083204930663,0.00154559505409583,0.998410174880763,0.0214067278287462,0.00153139356814701,0,0.00151975683890578,0.00158227848101266,1,0,0,0.00159744408945687,0.00159235668789809,0.998435054773083,0.00152439024390244,0.00159744408945687,0.00162866449511401,0,0.998454404945904,0,0,0,0.998435054773083,0.00158478605388273,0,0.00161290322580645,0,0,0,0,0,0.00154559505409583,0.00157728706624606,0.0015748031496063,0.00155763239875389,0.988958990536278,0.00154798761609907,0,0.0016,0,0.00961538461538462,1,0,0.0048,0.00155763239875389,0,0,0,0.00164203612479475,0,0,0,0.0015600624024961,0.998402555910543,0,0.00153846153846154,0,0.00634920634920635,0.00153609831029186,0,0,0,0,0,0.0015748031496063,0.00160771704180064,0,0.015625,0.998463901689708,0.998412698412698,0,0,0.00158982511923688,0,0,0.00155763239875389,0,0,0.0200927357032458,0.998475609756098,0,0.0171875,0,0,0.998477929984779,0.00157728706624606,0,0.00156985871271586,0.00157728706624606,0.0015552099533437,0,0.00158227848101266,0,0,0.00325732899022801,0,0,0.0195439739413681,0.0280373831775701,0,0,0.990825688073395,0.0015552099533437,0.00154798761609907,0.0015625,0.0015552099533437,0,0,0,0.780821917808219,0.00162337662337662,0.998459167950693,0.00154798761609907,0.00159489633173844,0.0015600624024961,0.00155763239875389,0.998447204968944,0,0.00152905198776758,0,0,0.00156494522691706,0,0.998468606431853,0.998439937597504,0,0.00158478605388273,0.00157977883096367,1,0.00154559505409583,0,0.559322033898305,0,0,0.0108359133126935,0,0.00152905198776758,0,0.998466257668712,0,0.00156985871271586,0.00154559505409583,0.00609756097560976,0,0,0.989096573208723,0,0,0.998439937597504,0,0.00154083204930663,0,0.00157232704402516,1,0.990697674418605,0,0.00159235668789809,0.00156494522691706,0.00160771704180064,0.985915492957746,0.996715927750411,0,0.00156494522691706,0,0.00153846153846154,0,0.00154320987654321,0.00154798761609907,0.00157977883096367,0.00638977635782748,0,0.00156739811912226,0.996908809891808,0.00156985871271586,0.9984375,0,0.153721682847896,0.00152671755725191,0.0015748031496063,0,0.998447204968944,0.00153139356814701,0.00159235668789809,0,0.998402555910543,0,0.998412698412698,0.00159235668789809,0,1,0.0231839258114374,0,0,0.00161812297734628,0.00152671755725191,0.998420221169036,0,0.00160513643659711,0.998480243161094,0.0015527950310559,0.00151975683890578,0.00153846153846154,0,0,0,0.00156985871271586,0.00157232704402516,0.9984375,0.00156985871271586,0.975572519083969,0.0198776758409786,0.00157232704402516,0,0,0,0,0.927131782945736,0,0,0.00154798761609907,0.00153846153846154,0,0,0,0.998468606431853,1,0,0.998452012383901,0.00154320987654321,0.998410174880763,0,0.00161812297734628,0,0,0,1,0.00153374233128834,0,0,0,0,0.00150375939849624,0.00153609831029186,0.00160771704180064,0.00154083204930663,0.00154559505409583,0,0,0.00154083204930663,0,0.998397435897436,0.00156739811912226,0.0210016155088853,0,0.0327102803738318,0,0.00155038759689922,0.0062111801242236,0,0.00165289256198347,0,0,0,0.0015600624024961,0.0015552099533437,0,0.00151745068285281,0.00152439024390244,0.00460829493087558,0.986196319018405,0,0,0.998410174880763,0,0.998427672955975,0,0.998387096774194,0,0,0.00152439024390244,0,0,0.00314465408805031,0,0.0222929936305732,0.998477929984779,0.998422712933754,0,0,0,0.998463901689708,0.998475609756098,0.00160513643659711,0.00154559505409583,0,0.998442367601246,0.00154798761609907,1,0,0,0.0363349131121643,0.00153139356814701,0.998473282442748,0.00161812297734628,0,0,0,0,0.00156494522691706,0,0.884310618066561,0,0.998417721518987,0,0.990639625585023,0,0.00157977883096367,0.362916006339144,0.998454404945904,0.998430141287284,0.00309119010819165,0,0.00918836140888208,0.00152439024390244,0.0015220700152207,0.00157728706624606,0.0015527950310559,0,0.998397435897436,0.00157232704402516,0.00158478605388273,0.998452012383901,0,0,0.00157977883096367,0.953271028037383,0,0,0,0.0015527950310559,0.00160513643659711,0.00153374233128834,0.0016,0,0,0.998449612403101,0.00155763239875389,0,0.995260663507109,0.998435054773083,0.0014903129657228,1,0.00156985871271586,0,0,0,0.00158982511923688,0.00477707006369427,0.00473186119873817,0.00153139356814701,0.947611710323575,0,0.896940418679549,0.978021978021978,0.998447204968944,0.151799687010955,0.00149925037481259,0.00159744408945687,0.00770416024653313,0.00153846153846154,0.944,0.94081942336874,0.0015625,0.977742448330684,0.990275526742301,0.948837209302326,0.97239263803681,0.939628482972136,0.0015748031496063,0.971742543171115,0,0,0.946031746031746,0.0015625,0.929878048780488,0,0.0590979782270607,0.0015220700152207,0.0015600624024961
"695",0.0996884735202492,0.106976744186047,0.13312693498452,0.146067415730337,0.113237639553429,0.0989010989010989,0.209702660406886,0.126365054602184,0.107361963190184,0,0.101382488479263,0,0.484326018808777,0.0955414012738854,0.878274268104777,0.897515527950311,0,0.0015600624024961,0.113237639553429,0.121306376360809,0.859133126934985,0.875,0.117647058823529,0,0.152647975077882,0.72386895475819,0.841940532081377,0.1072,0.611111111111111,0.417701863354037,0.890076335877863,0.415765069551777,0.318181818181818,0.69620253164557,0,0.0984126984126984,0.00918836140888208,0.100154083204931,0.844311377245509,0.190769230769231,0,0,0,0.0990566037735849,0.306089743589744,0.913875598086124,0.54874213836478,0.895734597156398,0.583963691376702,0.818045112781955,0,0.110410094637224,0.774294670846395,0.0964230171073095,0.213607594936709,0.848966613672496,0,0.125,0.143076923076923,0.206842923794712,0.715610510046368,0.632716049382716,0.896988906497623,0,0.20625,0.277950310559006,0,0.107981220657277,0,0.896062992125984,0.225114854517611,0.893915756630265,0.903576982892691,0.100917431192661,0,0.398773006134969,0.899691358024691,0.469040247678019,0.2,0.772504091653028,0,0.39236641221374,0.750755287009063,0.0995405819295559,0.837672281776417,0.189522342064715,0.108895705521472,0.134259259259259,0.12788906009245,0,0.105180533751962,0.105100463678516,0,0,0.125996810207337,0,0.751543209876543,0.123839009287926,0,0,0.482003129890454,0,0.828843106180666,0.0943396226415094,0.947289156626506,0.105769230769231,0,0.122448979591837,0.907523510971787,0.900473933649289,0.900928792569659,0.190993788819876,0.712732919254658,0.113671274961598,0,0.115740740740741,0.3875,0,0.901081916537867,0.756289308176101,0,0.320813771517997,0.838509316770186,0.846031746031746,0.130030959752322,0.817204301075269,0.0960365853658537,0.108359133126935,0,0.553353658536585,0.170542635658915,0.567140600315956,0.116057233704293,0,0.107644305772231,0.887537993920973,0,0.847723704866562,0.417981072555205,0.569823434991974,0,0,0.123456790123457,0.330203442879499,0.791332263242376,0.111287758346582,0.894984326018809,0.172839506172839,0.657097288676236,0.113636363636364,0.916666666666667,0.111975116640746,0.104928457869634,0.253894080996885,0.0971786833855799,0.886217948717949,0.102803738317757,0.897151898734177,0,0.359177215189873,0.237654320987654,0.120556414219474,0.890795631825273,0,0.0964777947932619,0.602870813397129,0.0969793322734499,0.105590062111801,0.100308641975309,0.70516717325228,0.126168224299065,0.890965732087227,0.15015479876161,0.893393393393393,0.198738170347003,0.653846153846154,0,0.1109375,0,0.226006191950464,0.105263157894737,0.824261275272162,0.121913580246914,0.160186625194401,0.114155251141553,0.125,0.903875968992248,0.66973886328725,0.176565008025682,0.169059011164274,0.8953125,0.907975460122699,0.128526645768025,0.228177641653905,0,0,0.780952380952381,0,0.103343465045593,0.766975308641975,0.216429699842022,0.324159021406728,0.110438729198185,0.653061224489796,0.592933947772657,0.785483870967742,0.184049079754601,0.135725429017161,0.207109737248841,0,0.227554179566563,0.904376012965964,0.153605015673981,0.9,0.855365474339036,0.546178343949045,0.11993769470405,0.124233128834356,0.264797507788162,0.105590062111801,0.207488299531981,0,0.862714508580343,0.415781487101669,0.109149277688604,0,0.100154083204931,0.117824773413897,0.533950617283951,0.512937595129376,0.110759493670886,0.103559870550162,0.7125,0,0.206106870229008,0.557632398753894,0.138314785373609,0.900928792569659,0.143511450381679,0.108320251177394,0.109923664122137,0.152542372881356,0.53680981595092,0.901116427432217,0.1287284144427,0.52132701421801,0.898330804248862,0.890243902439024,0.764331210191083,0.89358372456964,0.871224165341812,0.433333333333333,0.893188854489164,0.8859375,0.895475819032761,0.511380880121396,0.872813990461049,0.123630672926448,0,0.90251572327044,0,0.824261275272162,0.108661417322835,0.127329192546584,0.192307692307692,0,0.231017770597738,0.25194401244168,0.405660377358491,0.486068111455108,0.577223088923557,0.56786271450858,0,0.106750392464678,0.923547400611621,0.413961038961039,0.136434108527132,0.901538461538462,0.362095531587057,0.896284829721362,0.855606758832565,0.102874432677761,0.11038961038961,0.196485623003195,0,0.459501557632399,0.209119496855346,0,0.890769230769231,0.207261724659607,0.116719242902208,0,0.908242612752722,0.895638629283489,0.135179153094463,0.215070643642072,0.897106109324759,0,0.699844479004666,0.107424960505529,0.314814814814815,0.671296296296296,0.458730158730159,0.154320987654321,0.89622641509434,0.104294478527607,0.101851851851852,0.88871473354232,0.131045241809672,0.109717868338558,0.133870967741935,0.100931677018634,0.783359497645212,0.741433021806854,0.800312012480499,0.126602564102564,0.167197452229299,0.00612557427258806,0.733858267716535,0.13125,0.800618238021638,0.706060606060606,0.106750392464678,0.110077519379845,0.135176651305684,0.392063492063492,0.0888208269525268,0.752380952380952,0.149460708782743,0.0996884735202492,0,0.716279069767442,0.5424,0.900311526479751,0.00463678516228748,0.892638036809816,0.183229813664596,0.884437596302003,0.898278560250391,0,0.766355140186916,0.117088607594937,0.859154929577465,0.119047619047619,0.130298273155416,0.120500782472613,0.801282051282051,0.8048,0.406153846153846,0.602291325695581,0,0.266141732283465,0.89209726443769,0.874617737003058,0.933539412673879,0.101880877742947,0.905343511450382,0,0.725460122699387,0.88390092879257,0.903937007874016,0.541471048513302,0.105345911949686,0.752396166134185,0.0988467874794069,0.13166144200627,0,0.109955423476969,0.889908256880734,0.0984848484848485,0.265842349304482,0.102685624012638,0.89644513137558,0.12326656394453,0.888888888888889,0.2078125,0.382165605095541,0.155763239875389,0.12037037037037,0.101246105919003,0.7984375,0.130573248407643,0.103395061728395,0.896024464831804,0.898753894080997,0.0938967136150235,0.105180533751962,0.737327188940092,0.196594427244582,0.130016051364366,0.147640791476408,0.105100463678516,0,0.840322580645161,0.0962732919254658,0.901253918495298,0,0.128325508607199,0,0.888888888888889,0.105828220858896,0.133647798742138,0,0.468847352024922,0.601866251944012,0.127358490566038,0.897637795275591,0.225352112676056,0.107765451664025,0.684627575277338,0.488372093023256,0.312111801242236,0,0.927330173775671,0.118483412322275,0.10989010989011,0.58887171561051,0.100931677018634,0.127062706270627,0.8828125,0,0.12326656394453,0.106084243369735,0.150621118012422,0.389230769230769,0.894819466248038,0.231259968102073,0.753846153846154,0.821782178217822,0,0.46129541864139,0.468354430379747,0.46,0,0.73961661341853,0.174880763116057,0.426380368098159,0.556589147286822,0.851127819548872,0,0,0.0941176470588235,0.130841121495327,0,0.181959564541213,0,0,0,0.0989010989010989,0,0.115873015873016,0.322429906542056,0.553030303030303,0.10077519379845,0,0,0.109907120743034,0.137404580152672,0.359013867488444,0.900452488687783,0,0.214067278287462,0.506807866868381,0.103286384976526,0.510736196319018,0.688087774294671,0,0.12093023255814,0.900958466453674,0.146496815286624,0.858730158730159,0,0.891402714932127,0.826833073322933,0.560855263157895,0.127527216174184,0,0.156534954407295,0.122065727699531,0.0953846153846154,0,0.890822784810127,0.166123778501629,0.905996758508914,0.0909090909090909,0.0954545454545455,0.898595943837754,0.104199066874028,0.795918367346939,0.303265940902022,0.897476340694006,0.872785829307568,0.142857142857143,0,0.900621118012422,0.125193199381762,0.905956112852665,0.449920508744038,0.596875,0,0.859154929577465,0.341346153846154,0.827160493827161,0.120689655172414,0.90251572327044,0.819875776397516,0.57843137254902,0.151607963246554,0.207261724659607,0.145569620253165,0.328548644338118,0,0.121396054628225,0.891104294478528,0.132192846034215,0.707936507936508,0.895454545454546,0.0967741935483871,0.10641627543036,0.0940438871473354,0.415625,0.12443095599393,0.917956656346749,0.903633491311216,0.155145929339478,0.217391304347826,0,0,0.111459968602826,0.157556270096463,0.903328050713154,0.121212121212121,0.113846153846154,0.733229329173167,0.174603174603175,0.367088607594937,0.211093990755008,0,0.141065830721003,0.734177215189873,0.0960629921259843,0.104199066874028,0,0.453543307086614,0.123613312202853,0.900316455696203,0.393312101910828,0.673405909797823,0.288084464555053,0.384,0.145645645645646,0.840735068912711,0.118022328548644,0.108359133126935,0.128526645768025,0.77491961414791,0.859133126934985,0.103875968992248,0.110429447852761,0,0.315047021943574,0.588597842835131,0.776729559748428,0.330246913580247,0.111464968152866,0.214618973561431,0.103448275862069,0.12824427480916,0.893267651888342,0,0.273865414710485,0.902711323763955,0.892141756548536,0.787037037037037,0,0.106646058732612,0.171032357473035,0.107476635514019,0.108396946564885,0.842024539877301,0.899529042386185,0,0,0.912,0.850556438791733,0.822429906542056,0,0.894080996884735,0.0982839313572543,0.397515527950311,0.794585987261146,0.113924050632911,0.496884735202492,0.130914826498423,0.413846153846154,0.426829268292683,0,0.096969696969697,0.699523052464229,0.599369085173502,0.1875,0.121580547112462,0.669242658423493,0,0.148902821316614,0.140458015267176,0,0.129850746268657,0.888544891640867,0.115447154471545,0.590697674418605,0,0,0.582113821138211,0.264984227129338,0.899843505477308,0.883386581469649,0,0,0.350223546944858,0.888188976377953,0.107317073170732,0.736434108527132,0.104294478527607,0.893518518518518,0.626524390243902,0.674121405750799,0.231511254019293,0.84,0.892857142857143,0,0.861685214626391,0,0.109923664122137,0.76759410801964,0.119515885022693,0.89622641509434,0.102201257861635,0,0.519877675840979,0.6015625,0.108527131782946,0,0.111111111111111,0,0.67246835443038,0.113846153846154,0,0.426771653543307,0.124203821656051,0.322378716744914,0.154704944178628,0.910493827160494,0,0.105754276827372,0.773015873015873,0,0.412942989214176,0.900900900900901,0.899236641221374,0.10989010989011,0.100946372239748,0.111280487804878,0.114728682170543,0.122611464968153,0,0.118564742589704,0,0.7357910906298,0.755795981452859,0.115853658536585,0.113178294573643,0.111620795107034,0.102446483180428,0.035548686244204,0.903426791277259,0.119281045751634,0.143297380585516,0.370716510903427,0.124610591900312,0.108396946564885,0.134375,0,0,0.113636363636364,0,0.860248447204969,0.00158227848101266,0.136222910216718,0.767405063291139,0.768621236133122,0.849230769230769,0.172413793103448,0.00153374233128834,1,0.108562691131498,0.101382488479263,0.446875,0.674074074074074,0.764444444444444,0.846860643185299,0.4181240063593,0.900763358778626,0.81733746130031,0.552590266875981,0.731974921630094,0.38006230529595,0.88597842835131,0,0.895071542130366,0.750793650793651,0.108108108108108,0.4399375975039,0.867269984917044,0.444790046656299,0.236559139784946,0.104545454545455,0.140350877192982,0.108150470219436,0.103937007874016,0.112676056338028,0.540123456790123,0.641860465116279,0.108150470219436,0.904255319148936,0.891238670694864,0.243369734789392,0,0.0984615384615385,0.131578947368421,0,0.8384,0,0.144200626959248,0,0.13251155624037,0.097331240188383,0.904255319148936,0.259780907668232,0.107361963190184,0.440251572327044,0.471582181259601,0.216905901116427,0,0,0.173913043478261,0.155223880597015,0.110939907550077,0,0,0.893481717011129,0.759259259259259,0.535603715170279,0,0.627118644067797,0,0.166926677067083,0.101880877742947,0.809148264984227,0.728813559322034,0,0.695859872611465,0.460691823899371,0.21978021978022,0.135176651305684,0.322734499205087,0.902973395931142,0.113085621970921,0.0977917981072555,0.0950080515297907,0,0.116843702579666,0,0.103503184713376,0.892857142857143,0.573482428115016,0,0,0.261205564142195,0.160771704180064,0.157566302652106,0.375766871165644,0.892802450229709,0.906050955414013,0.240625,0.234756097560976,0,0.892355694227769,0.131868131868132,0,0.126984126984127,0.146189735614308,0.865625,0.00306278713629403,0.895962732919255,0.106646058732612,0.602848101265823,0.853080568720379,0.82306477093207,0.882629107981221,0.387301587301587,0.830015313935682,0.107594936708861,0,0.3328125,0.107033639143731,0,0,0.893939393939394,0,0.901869158878505,0.109907120743034,0.376602564102564,0.894230769230769,0.890965732087227,0.542586750788643,0.144444444444444,0.63302752293578,0.00770416024653313,0.895161290322581,0.0559105431309904,0.00777604976671851,0,0.752336448598131,0.891566265060241,0.897435897435897,0.888379204892966,0.910741301059002,0.0016025641025641,0.00609756097560976,0.897035881435257,0.00618238021638331,0,0.0263565891472868,0.010752688172043,0.00460829493087558,0.898911353032659,0.0139751552795031,0.894480519480519,0.900630914826498,0.00317460317460317,0.903937007874016,0.0537634408602151,0.901990811638591,0.834355828220859,0.895136778115502,0.897832817337461
"696",0.996835443037975,1,0.969418960244648,0.935897435897436,0.983870967741935,1,0.889067524115756,0.970125786163522,1,0,1,0,0.5765625,1,0.0405616224648986,0.0046875,0,0.0188087774294671,0.996825396825397,0.982866043613707,0.15600624024961,0.0333333333333333,0.989045383411581,0,0.9515625,0.243369734789392,0.1056,0.985781990521327,0.459787556904401,0.677570093457944,0,0.687598116169545,0.755905511811024,0.2734375,0,1,0.0182648401826484,0.993827160493827,0.253393665158371,0.919003115264797,0.00156985871271586,0.0201238390092879,0.00772797527047913,1,0.779904306220096,0.0206349206349206,0.497637795275591,0,0.459909228441755,0.134146341463415,0,0.992199687987519,0.266355140186916,1,0.881703470031546,0.153481012658228,0,0.976152623211447,0.957317073170732,0.909937888198758,0.281004709576138,0.428571428571429,0,0,0.898089171974522,0.818466353677621,0,0.989096573208723,0,0,0.852255054432348,0.00618238021638331,0.014018691588785,1,0,0.7,0.0390625,0.571209800918836,0.893719806763285,0.262642740619902,0,0.701078582434515,0.201834862385321,0.998456790123457,0.110077519379845,0.90726429675425,0.99537037037037,0.9629057187017,0.962732919254658,0.0138036809815951,0.984152139461173,1,0,0,0.9728,0,0.295031055900621,0.978361669242658,0.00918836140888208,0.0109204368174727,0.615141955835962,0,0.279179810725552,1,0.0988023952095808,1,0.0127186009538951,0.977742448330684,0,0.0078740157480315,0.00771604938271605,0.904836193447738,0.316358024691358,0.990639625585023,0,0.984276729559748,0.706624605678233,0,0,0.219242902208202,0,0.75,0.25,0.0715421303656598,0.968798751950078,0.144615384615385,0.996955859969559,0.995319812792512,0,0.538341158059468,0.93343653250774,0.490384615384615,0.988958990536278,0,0.993579454253612,0.0259541984732824,0,0.207606973058637,0.62085308056872,0.512820512820513,0,0,0.978021978021978,0.743348982785602,0.172302737520129,1,0.00628930817610063,0.920852359208524,0.406752411575563,0.978328173374613,0.134615384615385,0.983050847457627,1,0.835384615384615,0.993808049535604,0,1,0,0,0.726989079563182,0.861538461538462,0.982892690513219,0.0153374233128834,0,1,0.4432,1,1,1,0.273700305810398,0.976923076923077,0.00157728706624606,0.944869831546707,0,0.886942675159236,0.345256609642302,0,0.982758620689655,0,0.842271293375394,1,0.114420062695925,0.980030721966206,0.944272445820433,0.992503748125937,0.976958525345622,0.0907668231611894,0.360983102918587,0.912420382165605,0.939297124600639,0.0482115085536547,0.0062015503875969,0.979623824451411,0.853846153846154,0,0,0.286168521462639,0.0015527950310559,1,0.238167938931298,0.872641509433962,0.733436055469954,0.987823439878234,0.420560747663551,0.433903576982893,0.278219395866455,0.911251980982567,0.962204724409449,0.872868217054264,0,0.86875,0.178060413354531,0.942097026604069,0,0.0646153846153846,0.526148969889065,0.9734375,0.978593272171254,0.824451410658307,0.998454404945904,0.885579937304075,0,0.0726429675425039,0.648773006134969,0.993640699523052,0,0.99075500770416,0.975903614457831,0.538940809968847,0.548286604361371,0.987361769352291,1,0.35748031496063,0,0.881638846737481,0.51496062992126,0.967948717948718,0,0.957251908396947,0.998427672955975,1,0.948356807511737,0.519201228878648,0,0.968798751950078,0.531782945736434,0.0045045045045045,0.00152439024390244,0.185419968304279,0,0.146263910969793,0.663636363636364,0,0.00153374233128834,0.00924499229583975,0.572741194486983,0.03486529318542,0.982758620689655,0.014018691588785,0,0,0.216429699842022,1,0.979591836734694,0.893846153846154,0,0.86677367576244,0.848623853211009,0.67981072555205,0.598425196850394,0.464566929133858,0.460925039872408,0.0138461538461538,1,0.095679012345679,0.694174757281553,0.9578125,0.0106707317073171,0.732394366197183,0,0.107476635514019,1,1,0.885895404120444,0,0.62888198757764,0.876006441223833,0,0,0.891271056661562,0.977742448330684,0,0.00151745068285281,0,0.979233226837061,0.886792452830189,0,0,0.371695178849145,0.9875,0.780966767371601,0.382488479262673,0.647709320695103,0.955246913580247,0.00783699059561128,1,1,0.00479233226837061,0.969040247678019,1,0.973101265822785,0.996889580093313,0.180685358255452,0.304012345679012,0.266982622432859,0.974723538704581,0.942307692307692,0.0569230769230769,0.260188087774295,0.973478939157566,0.146189735614308,0.3,0.993827160493827,0.996889580093313,0.970266040688576,0.6768,0.998461538461539,0.23961661341853,0.95679012345679,0.996830427892235,0,0.309341500765697,0.535657686212361,0.0157977883096366,0.0619195046439628,0.0061633281972265,0.911353032659409,0.01875,0,0,0.214723926380368,0.990625,0.0757341576506955,0.982484076433121,0.968847352024922,0.984227129337539,0.277691107644306,0.278662420382166,0.662992125984252,0.44991789819376,0,0.811437403400309,0.0106870229007634,0.0408472012102874,0.191717791411043,1,0.00154798761609907,0,0.321981424148607,0.00927357032457496,0.0238095238095238,0.470866141732283,1,0.267716535433071,1,0.965244865718799,0,0.98956780923994,0,1,0.821316614420063,1,0.0109717868338558,0.978294573643411,0,0.895148669796557,0.718354430379747,0.945820433436533,0.984423676012461,0.996889580093313,0.282843894899536,0.962264150943396,1,0,0.0248833592534992,1,1,0.306625577812018,0.891472868217054,0.959742351046699,0.949921752738654,1,0,0.112519809825674,1,0.00158478605388273,0,0.965079365079365,0.0127591706539075,0.0363349131121643,1,0.968253968253968,0.00476947535771065,0.621538461538461,0.400625978090767,0.981012658227848,0.00160513643659711,0.864951768488746,0.996820349761526,0.364500792393027,0.585669781931464,0.784810126582278,0,0.15600624024961,0.97444089456869,0.998427672955975,0.425897035881435,1,0.975490196078431,0.0284810126582278,0.00156494522691706,0.981679389312977,0.993710691823899,0.950871632329635,0.683641975308642,0.00784929356357928,0.860062893081761,0.228527607361963,0.173202614379085,0.00773993808049536,0.599683544303797,0.577881619937695,0.597523219814242,0,0.273015873015873,0.912307692307692,0.631259484066768,0.504615384615385,0.0736842105263158,0,0,1,0.975270479134467,0,0.922239502332815,0.0126782884310618,0,0,0.998417721518987,0,1,0.761538461538461,0.507645259938838,1,0,0,0.992138364779874,0.96206373292868,0.704968944099379,0,0.00318471337579618,0.875190258751903,0.583717357910906,1,0.502318392581144,0.333855799373041,0,0.978125,0,0.955484896661367,0.0847723704866562,0,0.0091324200913242,0.118296529968454,0.470967741935484,0.969135802469136,0,0.946727549467275,0.970496894409938,1,0,0.0700636942675159,0.931707317073171,0.0032520325203252,1,1,0.00775193798449612,1,0.291993720565149,0.7984375,0.00966183574879227,0.164516129032258,0.9609375,0.0126182965299685,0,0.973846153846154,0.00641025641025641,0.6432,0.374608150470219,0,0.112307692307692,0.734726688102894,0.25194401244168,0.975039001560062,0,0.141538461538462,0.459901800327332,0.941896024464832,0.886706948640483,0.962025316455696,0.740625,0,0.98125,0,0.968503937007874,0.3776,0,1,1,1,0.626959247648903,0.984591679506934,0.127962085308057,0.180665610142631,0.937888198757764,0.87402799377916,0,0,0.988993710691824,0.92914653784219,0.0156985871271586,0.981012658227848,0.992163009404389,0.357585139318885,0.924646781789639,0.713607594936709,0.878419452887538,0,0.963665086887836,0.326018808777429,1,0.998444790046656,0,0.627943485086342,0.971653543307087,0,0.666136724960254,0.36875,0.789393939393939,0.69047619047619,0.955156950672646,0.0783410138248848,0.984025559105431,1,0.976599063962558,0.291666666666667,0.0909090909090909,0.990697674418605,1,0.00927357032457496,0.761978361669243,0.445635528330781,0.248833592534992,0.758887171561051,1,0.877934272300469,1,0.119448698315467,0,0,0.817610062893082,0.00317460317460317,0,0.258970358814353,0,0.989164086687306,0.917829457364341,0.998449612403101,0.993769470404984,0.0860719874804382,0,0,0,0.16984126984127,0.0712025316455696,0.148031496062992,0,0,1,0.00614439324116743,0.286158631415241,1,0.580893682588598,0.972886762360447,0.651419558359621,0.633738601823708,0,1,0.3904,0.493690851735016,0.9209726443769,0.989263803680982,0.380216383307573,0.0123456790123457,0.948837209302326,0.950844854070661,0,0.963076923076923,0.0140625,0.982055464926591,0.43213728549142,0,0.0108864696734059,0.511400651465798,0.835182250396197,0,0.129952456418384,0.0141287284144427,0.0016260162601626,0.73780487804878,0.0201550387596899,1,0.30381679389313,0.992295839753467,0,0.358255451713396,0.321543408360129,0.8656,0.0956937799043062,0.00306278713629403,0.00313971742543171,0.0362204724409449,0,0.995461422087746,0.0386473429951691,0.978851963746224,0.00470219435736677,1,0,0.52639751552795,0.453271028037383,1,0,0.998466257668712,0,0.374603174603175,0.986196319018405,0,0.641860465116279,0.976452119309262,0.743264659270998,0.947115384615385,0.0320121951219512,0,1,0.250783699059561,0,0.682515337423313,0,0.0169491525423729,1,1,0.98937784522003,0.963779527559055,0.978159126365055,0,0.977848101265823,0.0246913580246914,0.345565749235474,0.269645608628659,0.992295839753467,0.993817619783617,0.992295839753467,0.990726429675425,0.05625,0.0140405616224649,0.981996726677578,0.954128440366973,0.712519319938176,0.975346687211094,1,0.970903522205207,0,0,0.980654761904762,0,0.0669710806697108,0,0.950540958268934,0.262135922330097,0.206624605678233,0.116207951070336,0.921752738654147,0,0.108562691131498,1,1,0.633956386292835,0.403587443946188,0.211161387631976,0.169954476479514,0.646592709984152,0,0.119195046439628,0.53448275862069,0.253125,0.688172043010753,0.0093167701863354,0,0,0.313001605136437,1,0.618380062305296,0.219879518072289,0.60596546310832,0.86697247706422,0.989345509893455,0.959546925566343,0.979299363057325,1,0.998427672955975,0.543171114599686,0.405956112852665,0.998435054773083,0.0030441400304414,0.0107361963190184,0.868827160493827,0.0137825421133231,1,0.971830985915493,0,0.113057324840764,0,0.949764521193093,0,0.967136150234742,1,0.00614439324116743,0.833597464342314,1,0.648177496038035,0.601895734597156,0.871224165341812,0,0,0.927868852459016,0.940564635958395,0.986175115207373,0,0,0,0.226993865030675,0.5140625,0,0.450393700787402,0,0.913738019169329,1,0.1568,0.234662576687117,0,0.331738437001595,0.573208722741433,0.878930817610063,0.963691376701967,0.766823161189358,0,0.9856,0.0156985871271586,1,0,0.978658536585366,0.00950871632329636,1,0.0126582278481013,0.00788643533123028,0,0,0.820592823712949,0.923809523809524,0.938271604938272,0.717425431711146,0.0241691842900302,0.00642054574638844,0.818611987381703,0.816816816816817,0,0.0141065830721003,0.963836477987421,0,0.985736925515055,0.955384615384615,0.0555555555555556,0.048062015503876,0.00310077519379845,1,0.456556082148499,0.0753532182103611,0.10031847133758,0.110769230769231,0.674157303370786,0.0966257668711656,1,0,0.750392464678179,0.981366459627329,0.00477707006369427,0,0,0,0,1,0.701112877583466,0,0,0.533546325878594,0.962025316455696,0.422839506172839,0.0587326120556414,0.00159744408945687,0.0589171974522293,0.0203125,0,0.0304487179487179,0.00614439324116743,0.00158478605388273,0.0109034267912773,0,0.0566037735849057,0.0651162790697674,0.0138036809815951,0.0221870047543582,0.00476190476190476,0.0293663060278207,0.0276923076923077,0.0666666666666667,0.00636942675159236,0.0249221183800623,0,0.00157728706624606,0.0522151898734177,0.00786163522012579,0.0288753799392097,0,0.0375586854460094,0.00151515151515152,0.00156494522691706
"697",0.998427672955975,1,0.972093023255814,0.942277691107644,0.983948635634029,1,0.884914463452566,0.976958525345622,1,0,1,0,0.565217391304348,1,0.0473186119873817,0.0078003120124805,0,0.0123456790123457,0.998407643312102,0.987635239567233,0.161094224924012,0.0334394904458599,0.990825688073395,0,0.959876543209877,0.253521126760563,0.10989010989011,0.990461049284579,0.465753424657534,0.688650306748466,0,0.693623639191291,0.762282091917591,0.280185758513932,0,1,0.0183767228177642,0.995440729483283,0.264487369985141,0.905487804878049,0.00157728706624606,0.0138674884437596,0.00775193798449612,1,0.784810126582278,0.0221870047543582,0.516329704510109,0,0.466565349544073,0.134146341463415,0,0.995348837209302,0.268633540372671,1,0.8796875,0.15615141955836,0,0.974882260596546,0.962962962962963,0.909509202453988,0.297971918876755,0.433587786259542,0,0,0.900943396226415,0.827426810477658,0,0.993690851735016,0,0,0.852941176470588,0.00773993808049536,0.0201550387596899,1,0,0.716692189892802,0.0474006116207951,0.574961360123648,0.901430842607313,0.263245033112583,0,0.716463414634146,0.213517665130568,0.998482549317147,0.110419906687403,0.912442396313364,0.995384615384615,0.972307692307692,0.972434915773354,0.0120481927710843,0.985915492957746,1,0,0,0.972886762360447,0,0.290571870170015,0.981366459627329,0.00755287009063444,0.009375,0.63020030816641,0,0.291666666666667,1,0.100763358778626,1,0.0111464968152866,0.981132075471698,0,0.00927357032457496,0.00766871165644172,0.898595943837754,0.326594090202177,0.992101105845182,0,0.987635239567233,0.720679012345679,0,0,0.228706624605678,0,0.772585669781931,0.249617151607963,0.0799373040752351,0.973520249221184,0.14854517611026,0.996987951807229,0.996899224806202,0,0.568992248062016,0.941628264208909,0.496845425867508,0.993589743589744,0,0.996815286624204,0.0245022970903522,0,0.210110584518167,0.633802816901408,0.522222222222222,0,0,0.982998454404946,0.764705882352941,0.177215189873418,1,0.00469483568075117,0.932411674347158,0.410377358490566,0.98036253776435,0.130573248407643,0.987748851454824,1,0.844615384615385,0.995334370139969,0,1,0,0,0.74565560821485,0.875375375375375,0.980122324159021,0.0166919575113809,0,1,0.457278481012658,1,1,1,0.292237442922374,0.982945736434109,0.00156739811912226,0.960244648318043,0,0.906940063091483,0.373292867981791,0,0.984276729559748,0,0.845440494590417,1,0.123028391167192,0.986238532110092,0.955453149001536,0.990867579908676,0.976816074188563,0.0958268933539413,0.37173579109063,0.925396825396825,0.953271028037383,0.0452418096723869,0.00462962962962963,0.982484076433121,0.858695652173913,0,0,0.297971918876755,0.00154559505409583,1,0.253067484662577,0.871224165341812,0.751533742331288,0.992458521870287,0.431746031746032,0.442572741194487,0.287066246056782,0.92093023255814,0.970125786163522,0.879443585780526,0,0.88390092879257,0.186602870813397,0.951334379905808,0,0.0703363914373089,0.553990610328638,0.976887519260401,0.98297213622291,0.828220858895706,0.998482549317147,0.891808346213292,0,0.0725308641975309,0.660550458715596,0.995319812792512,0,0.993920972644377,0.982116244411326,0.561815336463224,0.553680981595092,0.989045383411581,1,0.367762128325509,0,0.886706948640483,0.527386541471048,0.975845410628019,0,0.963581183611533,0.998444790046656,1,0.953125,0.526153846153846,0.00157232704402516,0.975116640746501,0.549770290964778,0.0029673590504451,0,0.191153238546603,0,0.156050955414013,0.680722891566265,0,0.00460122699386503,0.00777604976671851,0.604580152671756,0.0411392405063291,0.985714285714286,0.0126382306477093,0,0,0.225552050473186,1,0.975232198142415,0.902021772939347,0,0.8752,0.862654320987654,0.698757763975155,0.600624024960998,0.46046511627907,0.4640625,0.0121951219512195,1,0.0900621118012422,0.709003215434084,0.9625,0.00927357032457496,0.755038759689923,0.00153846153846154,0.12111801242236,1,1,0.883096366508689,0,0.648401826484018,0.882170542635659,0,0,0.894977168949772,0.981308411214953,0,0.00154320987654321,0,0.980861244019139,0.883096366508689,0,0,0.383307573415765,0.990521327014218,0.79601226993865,0.382716049382716,0.6671875,0.963133640552995,0.00777604976671851,1,1,0.00469483568075117,0.973520249221184,1,0.971428571428571,0.996889580093313,0.177570093457944,0.31859756097561,0.287037037037037,0.982677165354331,0.93719806763285,0.0527950310559006,0.262166405023548,0.981220657276995,0.155864197530864,0.310708898944193,0.995341614906832,0.996884735202492,0.9734375,0.691943127962085,0.996946564885496,0.248407643312102,0.964723926380368,0.996815286624204,0,0.323029366306028,0.548183254344392,0.0171339563862928,0.0561456752655539,0.00613496932515337,0.904468412942989,0.0242792109256449,0,0,0.221705426356589,0.993759750390016,0.0748091603053435,0.988871224165342,0.974921630094044,0.989028213166144,0.287284144427002,0.280701754385965,0.66306027820711,0.456769983686786,0,0.822429906542056,0.013595166163142,0.0354391371340524,0.196899224806202,1,0.00154798761609907,0,0.329323308270677,0.0060882800608828,0.020440251572327,0.485179407176287,1,0.277955271565495,1,0.967032967032967,0,0.992492492492492,0,0.998468606431853,0.826893353941267,1,0.0123456790123457,0.975460122699387,0,0.879256965944272,0.719745222929936,0.949464012251149,0.987860394537178,0.996850393700787,0.288990825688073,0.967340590979782,1,0,0.0249609984399376,1,1,0.326625386996904,0.883720930232558,0.962962962962963,0.958966565349544,1,0,0.110591900311526,1,0.0015527950310559,0,0.967238689547582,0.0125984251968504,0.0432098765432099,1,0.97196261682243,0.00462962962962963,0.641185647425897,0.416139240506329,0.987519500780031,0.00158227848101266,0.867924528301887,0.996835443037975,0.367088607594937,0.608087091757387,0.799373040752351,0,0.1671826625387,0.980676328502415,1,0.452453987730061,1,0.970540098199673,0.0308166409861325,0.00153374233128834,0.989247311827957,0.993740219092332,0.962962962962963,0.682926829268293,0.00627943485086342,0.871674491392801,0.242236024844721,0.175609756097561,0.00755287009063444,0.613312202852615,0.605015673981191,0.614678899082569,0,0.287096774193548,0.915360501567398,0.632307692307692,0.521671826625387,0.0719640179910045,0,0,1,0.977409638554217,0,0.924148606811146,0.0112359550561798,0,0,0.998435054773083,0,1,0.774193548387097,0.539170506912442,1,0,0,0.996884735202492,0.965256797583082,0.728260869565217,0,0.00321543408360129,0.870030581039755,0.600917431192661,1,0.530046224961479,0.336990595611285,0,0.983050847457627,0,0.957746478873239,0.0951638065522621,0,0.00916030534351145,0.117924528301887,0.490353697749196,0.975270479134467,0,0.955993930197269,0.978056426332288,1,0,0.0679304897314376,0.930645161290323,0.00160513643659711,1,1,0.00917431192660551,1,0.288372093023256,0.814701378254211,0.0109204368174727,0.163751987281399,0.964506172839506,0.0110410094637224,0,0.978625954198473,0.00801282051282051,0.663009404388715,0.390282131661442,0,0.111801242236025,0.744749596122779,0.257318952234206,0.978294573643411,0,0.153262518968134,0.462035541195477,0.957251908396947,0.888386123680241,0.962264150943396,0.741214057507987,0,0.984848484848485,0,0.962323390894819,0.3968,0,1,1,1,0.637795275590551,0.989230769230769,0.125198098256735,0.194267515923567,0.947122861586314,0.878461538461539,0,0,0.995238095238095,0.931854199683043,0.0158982511923688,0.981072555205047,0.993788819875776,0.363354037267081,0.934065934065934,0.738244514106583,0.883614088820827,0,0.9703125,0.333860759493671,1,0.998442367601246,0,0.643642072213501,0.974358974358974,0,0.688575899843505,0.370769230769231,0.802098950524738,0.691338582677165,0.954407294832827,0.0893682588597843,0.981072555205047,1,0.985959438377535,0.302215189873418,0.0947204968944099,0.992283950617284,1,0.00918836140888208,0.792511700468019,0.450769230769231,0.254263565891473,0.780337941628264,1,0.878125,1,0.132018209408194,0,0,0.825954198473282,0.00315955766192733,0,0.262422360248447,0,0.992272024729521,0.918836140888208,0.998452012383901,0.99390243902439,0.0910518053375196,0,0,0,0.174803149606299,0.0733229329173167,0.158730158730159,0,0,1,0.00612557427258806,0.297045101088647,1,0.603744149765991,0.973058637083994,0.662557781201849,0.653435114503817,0,1,0.392063492063492,0.498422712933754,0.921686746987952,0.990811638591118,0.395962732919255,0.0123647604327666,0.962204724409449,0.964939024390244,0,0.972434915773354,0.0171606864274571,0.988888888888889,0.434715821812596,0,0.0108191653786708,0.529790660225443,0.85243328100471,0,0.126198083067093,0.0138036809815951,0.0016025641025641,0.758258258258258,0.021875,1,0.315384615384615,0.99388379204893,0,0.375,0.323390894819466,0.868462757527734,0.0983870967741935,0.00453857791225416,0.00308166409861325,0.0421216848673947,0,0.996941896024465,0.0384,0.983630952380952,0.0031496062992126,1,0,0.517293233082707,0.45839874411303,1,0,1,0,0.400635930047695,0.990922844175492,0,0.670261941448382,0.979495268138801,0.742589703588144,0.949526813880126,0.032258064516129,0,1,0.261006289308176,0,0.695987654320988,0,0.0181818181818182,1,1,0.993911719939117,0.976525821596244,0.985781990521327,0,0.978159126365055,0.0261941448382126,0.345679012345679,0.27760736196319,0.992295839753467,0.99079754601227,0.993966817496229,0.992307692307692,0.0554699537750385,0.013953488372093,0.98694942903752,0.967642526964561,0.71841704718417,0.983154670750383,1,0.975384615384615,0,0,0.980451127819549,0,0.0702290076335878,0,0.955246913580247,0.267405063291139,0.213375796178344,0.11791730474732,0.921875,0,0.101382488479263,1,1,0.637071651090343,0.413793103448276,0.213649851632047,0.178899082568807,0.654631083202512,0,0.126717557251908,0.557781201848998,0.254263565891473,0.697852760736196,0.0093167701863354,0,0,0.315372424722662,1,0.623277182235835,0.233333333333333,0.608628659476117,0.88109756097561,0.987878787878788,0.966019417475728,0.979495268138801,1,0.998420221169036,0.544186046511628,0.420807453416149,0.998444790046656,0.00303030303030303,0.00762195121951219,0.875776397515528,0.0122324159021407,1,0.96793893129771,0,0.109697933227345,0,0.955974842767296,0,0.972809667673716,1,0.00769230769230769,0.840625,1,0.6625,0.627725856697819,0.87673343605547,0,0,0.943820224719101,0.94578313253012,0.990740740740741,0,0,0,0.23159509202454,0.507020280811232,0,0.456221198156682,0,0.924170616113744,1,0.162420382165605,0.237730061349693,0,0.337539432176656,0.583333333333333,0.865443425076453,0.966565349544073,0.784829721362229,0,0.990430622009569,0.0185471406491499,1,0,0.983333333333333,0.00934579439252336,1,0.0188976377952756,0.00782472613458529,0,0,0.825077399380805,0.926517571884984,0.936532507739938,0.71889400921659,0.0256797583081571,0.00626959247648903,0.832831325301205,0.831070889894419,0,0.0156739811912226,0.967391304347826,0,0.987460815047022,0.959627329192547,0.0610328638497653,0.0453125,0.00314465408805031,1,0.465408805031447,0.0799373040752351,0.107717041800643,0.111963190184049,0.691455696202532,0.098613251155624,1,0,0.763608087091757,0.983024691358025,0.00474683544303797,0,0,0,0,1,0.716772151898734,0,0,0.558359621451104,0.962204724409449,0.430340557275542,0.0518292682926829,0.00158982511923688,0.0562700964630225,0.0170015455950541,0,0.0295031055900621,0.00591715976331361,0.00156494522691706,0.0123076923076923,0,0.0507131537242472,0.0597243491577335,0.0124416796267496,0.0186625194401244,0.004739336492891,0.0261538461538462,0.0225903614457831,0.0613496932515337,0.00631911532385466,0.0201550387596899,0,0.0031055900621118,0.0471698113207547,0.00462962962962963,0.0226586102719033,0,0.035548686244204,0,0.0015552099533437
"698",0.64,0.627943485086342,0.666153846153846,0.67741935483871,0.645161290322581,0.648387096774194,0.670866141732283,0.659375,0.636363636363636,0,0.617924528301887,0,0.618012422360248,0.630470016207455,0.409162717219589,0.380216383307573,0,0.00947867298578199,0.62760834670947,0.65511811023622,0.504658385093168,0.388709677419355,0.628930817610063,0,0.659442724458204,0.500792393026941,0.453689167974882,0.643987341772152,0.631498470948012,0.673913043478261,0.363777089783282,0.736434108527132,0.701612903225806,0.498417721518987,0,0.631160572337043,0.0110410094637224,0.635239567233385,0.570996978851964,0.644615384615385,0,0.0108359133126935,0.00153139356814701,0.636075949367089,0.838815789473684,0.379746835443038,0.605095541401274,0.358255451713396,0.870481927710843,0.450769230769231,0,0.634796238244514,0.631172839506173,0.616113744075829,0.648089171974522,0.490384615384615,0,0.639423076923077,0.63312693498452,0.690031152647975,0.49144634525661,0.6109375,0.3632,0,0.654516640253566,0.637345679012346,0,0.641148325358852,0,0.373608903020668,0.6578125,0.36817472698908,0.383647798742138,0.651090342679128,0,0.683076923076923,0.403755868544601,0.6375,0.687301587301587,0.575456053067993,0,0.734157650695518,0.469135802469136,0.629057187017002,0.430842607313196,0.712948517940718,0.618012422360248,0.667185069984448,0.644961240310078,0.00460122699386503,0.620414673046252,0.631415241057543,0,0,0.652733118971061,0,0.533541341653666,0.649921507064364,0.00307219662058372,0.00308166409861325,0.665605095541401,0,0.587025316455696,0.635367762128325,0.453560371517028,0.628205128205128,0.00482315112540193,0.639498432601881,0.381642512077295,0.374213836477987,0.370716510903427,0.65,0.607874015748031,0.643987341772152,0,0.651968503937008,0.7339593114241,0,0.368916797488226,0.50390015600624,0,0.702702702702703,0.549363057324841,0.424193548387097,0.669796557120501,0.455813953488372,0.630841121495327,0.635220125786163,0,0.665620094191523,0.708006279434851,0.55784469096672,0.640253565768621,0,0.632329635499208,0.37821482602118,0,0.54746835443038,0.652448657187994,0.65008025682183,0,0,0.640746500777605,0.673946957878315,0.458333333333333,0.6416,0.373015873015873,0.730829420970266,0.622977346278317,0.650231124807396,0.504118616144975,0.630503144654088,0.631746031746032,0.660910518053375,0.634069400630915,0.344715447154472,0.62888198757764,0.3671875,0,0.6384,0.697388632872504,0.6515625,0.377300613496933,0,0.646153846153846,0.73538961038961,0.631663974151858,0.640062597809077,0.633385335413417,0.496147919876733,0.653786707882535,0.382677165354331,0.660522273425499,0.367692307692308,0.696875,0.558176100628931,0,0.63849765258216,0,0.660910518053375,0.628125,0.431781701444623,0.65149136577708,0.645962732919255,0.629007633587786,0.624615384615385,0.4375,0.623255813953488,0.714968152866242,0.669278996865204,0.440993788819876,0.366771159874608,0.649206349206349,0.683881064162754,0,0,0.585557299843014,0,0.628834355828221,0.562790697674419,0.6672,0.663507109004739,0.648567119155354,0.60952380952381,0.560371517027864,0.594594594594595,0.647335423197492,0.638801261829653,0.7046875,0,0.658841940532081,0.52411575562701,0.660855784469097,0.381329113924051,0.415503875968992,0.647887323943662,0.648351648351648,0.650381679389313,0.708661417322835,0.627760252365931,0.667721518987342,0,0.393846153846154,0.662595419847328,0.647151898734177,0,0.642526964560863,0.640122511485452,0.681047765793529,0.63125,0.630672926447574,0.625806451612903,0.598101265822785,0,0.66973886328725,0.667721518987342,0.663414634146341,0.380655226209048,0.658950617283951,0.637658227848101,0.640746500777605,0.654574132492114,0.735109717868339,0.36624203821656,0.669811320754717,0.626959247648903,0.364599092284418,0.362385321100917,0.471048513302034,0.353407290015848,0.507269789983845,0.684210526315789,0.377708978328173,0.380281690140845,0.364485981308411,0.703363914373089,0.385232744783307,0.665610142630745,0.00320512820512821,0.352290679304897,0,0.522082018927445,0.633173843700159,0.62992125984252,0.677621283255086,0,0.711290322580645,0.6375,0.728125,0.693270735524257,0.575277337559429,0.523424878836834,0.0046656298600311,0.6288,0.456521739130435,0.730645161290323,0.671899529042386,0.386895475819033,0.689984101748808,0.3703125,0.454828660436137,0.644961240310078,0.636065573770492,0.66824644549763,0,0.690402476780186,0.653354632587859,0,0.351937984496124,0.66464339908953,0.654574132492114,0,0.372274143302181,0.365625,0.660287081339713,0.696,0.36608557844691,0,0.611544461778471,0.648475120385233,0.707055214723926,0.61741835147745,0.716108452950558,0.651090342679128,0.377535101404056,0.642526964560863,0.622257053291536,0.366771159874608,0.659340659340659,0.64274322169059,0.651050080775444,0.639498432601881,0.489731437598736,0.652173913043478,0.587869362363919,0.657004830917874,0.663974151857835,0.029320987654321,0.523809523809524,0.65814696485623,0.4609375,0.516717325227964,0.642072213500785,0.641509433962264,0.654458598726115,0.670947030497592,0.610169491525424,0.503164556962025,0.6625,0.640253565768621,0,0.672897196261682,0.656500802568218,0.371610845295056,0.0338983050847458,0.382262996941896,0.667711598746082,0.39258114374034,0.382215288611544,0,0.536277602523659,0.632,0.40251572327044,0.646864686468647,0.6734375,0.650546021840874,0.577352472089314,0.578861788617886,0.641955835962145,0.633663366336634,0,0.653061224489796,0.373643410852713,0.397865853658537,0.528125,0.634645669291339,0.373608903020668,0,0.717868338557994,0.353488372093023,0.39968152866242,0.591482649842271,0.628930817610063,0.559294871794872,0.628205128205128,0.62992125984252,0,0.63855421686747,0.362654320987654,0.627300613496933,0.650546021840874,0.640194489465154,0.367507886435331,0.645865834633385,0.363636363636364,0.638364779874214,0.792,0.643302180685358,0.644200626959248,0.638065522620905,0.586750788643533,0.644338118022329,0.627906976744186,0.379256965944272,0.377742946708464,0.62992125984252,0.631578947368421,0.577399380804954,0.64937106918239,0.648387096774194,0.675039246467818,0.638591117917305,0,0.47172859450727,0.630030959752322,0.384615384615385,0,0.666136724960254,0.00160771704180064,0.395569620253165,0.639876352395672,0.659270998415214,0.00158227848101266,0.681962025316456,0.577952755905512,0.664025356576862,0.356913183279743,0.682615629984051,0.623397435897436,0.598101265822785,0.709576138147567,0.769716088328076,0,0.496038034865293,0.6688,0.630914826498423,0.603174603174603,0.629057187017002,0.635294117647059,0.377742946708464,0.00153374233128834,0.636503067484663,0.644200626959248,0.661949685534591,0.652582159624413,0.36650868878357,0.704761904761905,0.487261146496815,0.472131147540984,0,0.635048231511254,0.679304897314376,0.785493827160494,0,0.589490968801314,0.684126984126984,0.628526645768025,0.64576802507837,0.427921092564492,0,0,0.626323751891074,0.636923076923077,0,0.67398119122257,0.00316455696202532,0,0,0.624193548387097,0,0.65008025682183,0.6671875,0.650695517774343,0.627118644067797,0,0,0.641860465116279,0.654377880184332,0.68895800933126,0.375384615384615,0,0.660578386605784,0.695447409733124,0.640253565768621,0.615863141524106,0.628930817610063,0,0.639937106918239,0.367088607594937,0.689102564102564,0.421303656597774,0,0.361832061068702,0.451816745655608,0.555016181229773,0.625585023400936,0,0.703875968992248,0.668759811616955,0.644200626959248,0,0.416666666666667,0.643322475570033,0.367047308319739,0.633846153846154,0.641768292682927,0.377880184331797,0.636222910216718,0.580495356037152,0.691358024691358,0.384,0.503987240829346,0.651968503937008,0.0031201248049922,0.373626373626374,0.664624808575804,0.39776357827476,0.67304625199362,0.556618819776715,0,0.464788732394366,0.656050955414013,0.568535825545171,0.629057187017002,0.373626373626374,0.468217054263566,0.545008183306056,0.670788253477589,0.700617283950617,0.646875,0.646031746031746,0,0.64018691588785,0.369230769230769,0.641509433962264,0.6208,0.371212121212121,0.640866873065015,0.648985959438378,0.629160063391442,0.660771704180064,0.652713178294574,0.483306836248013,0.538095238095238,0.678233438485804,0.673946957878315,0,0,0.634069400630915,0.67304625199362,0.393312101910828,0.674121405750799,0.646511627906977,0.617554858934169,0.674157303370786,0.663507109004739,0.655384615384615,0,0.666666666666667,0.55784469096672,0.622047244094488,0.626582278481013,0,0.617693522906793,0.653354632587859,0.35828025477707,0.659744408945687,0.609717868338558,0.639517345399698,0.79073482428115,0.649390243902439,0.408950617283951,0.662420382165605,0.64576802507837,0.665109034267913,0.537096774193548,0.4453125,0.635367762128325,0.636645962732919,0.00154559505409583,0.6640625,0.589783281733746,0.546899841017488,0.713166144200627,0.634645669291339,0.65511811023622,0.643410852713178,0.148318042813456,0.374392220421394,0,0.708661417322835,0.381789137380192,0.352290679304897,0.571205007824726,0,0.658346333853354,0.658267716535433,0.631911532385466,0.63944530046225,0.41838351822504,0.381703470031546,0,0,0.512779552715655,0.44,0.476947535771065,0,0.361111111111111,0.613458528951487,0.173106646058733,0.568965517241379,0.635071090047393,0.67032967032967,0.63968253968254,0.822530864197531,0.845440494590417,0,0.632683658170915,0.614285714285714,0.660347551342812,0.68960244648318,0.637636080870918,0.751166407465008,0.0031201248049922,0.693396226415094,0.670731707317073,0,0.649847094801223,0.390282131661442,0.63739837398374,0.532488114104596,0,0.00307692307692308,0.683606557377049,0.727987421383648,0.384735202492212,0.484025559105431,0.0031055900621118,0,0.67175572519084,0.386837881219904,0.639024390243902,0.627092846270928,0.652241112828439,0.376543209876543,0.550613496932515,0.530546623794212,0.704654895666132,0.420195439739414,0.380368098159509,0,0.385852090032154,0,0.636363636363636,0.342105263157895,0.657056145675266,0.365079365079365,0.637380191693291,0,0.595348837209302,0.624405705229794,0.631083202511774,0,0.637904468412943,0,0.637540453074434,0.640552995391705,0,0.680851063829787,0.6421875,0.673170731707317,0.670866141732283,0.393798449612403,0,0.62037037037037,0.519108280254777,0,0.73208722741433,0.342465753424658,0.38006230529595,0.634069400630915,0.636363636363636,0.632716049382716,0.636932707355243,0.643081761006289,0,0.643192488262911,0.00470219435736677,0.580996884735203,0.576323987538941,0.631987577639752,0.645007923930269,0.634108527131783,0.641185647425897,0.0546875,0.37007874015748,0.656451612903226,0.638198757763975,0.63182527301092,0.642301710730949,0.633693972179289,0.66875,0,0,0.63719512195122,0,0.395638629283489,0.00158227848101266,0.636942675159236,0.541935483870968,0.495921696574225,0.472783825816485,0.656500802568218,0,0.446875,0.633956386292835,0.637071651090343,1,0.625942684766214,0.47583081570997,0.496932515337423,0.648648648648649,0.35968992248062,0.443585780525502,0.687697160883281,0.501592356687898,0.645061728395062,0.361538461538462,0,0.358934169278997,0.558292282430213,0.62992125984252,0.644409937888199,0.547692307692308,0.628346456692913,0.702909647779479,0.630769230769231,0.668308702791461,0.645631067961165,0.645528455284553,0.631410256410256,0.658730158730159,0.661608497723824,0.644230769230769,0.374810318664643,0.375384615384615,0.702028081123245,0.0046656298600311,0.6390625,0.644859813084112,0,0.435772357723577,0,0.669291338582677,0,0.670278637770898,0.636792452830189,0.375963020030817,0.677115987460815,0.630841121495327,0.691455696202532,0.684129429892142,0.6608,0,0,0.677740863787375,0.659574468085106,0.658385093167702,0,0,0.351910828025478,0.504658385093168,0.556414219474498,0,0.621069182389937,0,0.691082802547771,0.651685393258427,0.466876971608833,0.504702194357367,0,0.6288,0.622047244094488,0.634796238244514,0.663109756097561,0.712074303405573,0.373626373626374,0.661290322580645,0.0420560747663551,0.615506329113924,0,0.648401826484018,0.00153609831029186,0.619741100323625,0.376395534290271,0.246794871794872,0,0,0.682888540031397,0.633711507293355,0.654853620955316,0.630602782071097,0.395419847328244,0.370839936608558,0.645865834633385,0.636222910216718,0,0.363207547169811,0.638230647709321,0,0.62962962962963,0.680685358255452,0.4078125,0.0235478806907378,0.370662460567823,0.622464898595944,0.63258785942492,0.405448717948718,0.413570274636511,0.442546583850932,0.703883495145631,0.415007656967841,0.640062597809077,0,0.658653846153846,0.628125,0,0,0.377845220030349,0,0.373643410852713,0.63125,0.680511182108626,0.370192307692308,0.370607028753994,0.655063291139241,0.654028436018957,0.613354037267081,0.0276923076923077,0.379807692307692,0.0596774193548387,0.0159235668789809,0,0.333860759493671,0.364741641337386,0.35828025477707,0.370199692780338,0.348367029548989,0.0301587301587302,0.0356037151702786,0.381026438569207,0.0110062893081761,0.00476190476190476,0.028391167192429,0.0170807453416149,0.0327613104524181,0.378164556962025,0.0170542635658915,0.368167202572347,0.375594294770206,0.0255591054313099,0.371875,0.032258064516129,0.380434782608696,0.352755905511811,0.36890243902439,0.379527559055118
"699",0.426829268292683,0.411411411411411,0.447604790419162,0.462848297213622,0.424382716049383,0.408814589665653,0.51063829787234,0.436555891238671,0.406855439642325,0,0.415915915915916,0,0.612951807228916,0.408320493066256,0.601492537313433,0.604477611940298,0,0.0061633281972265,0.424615384615385,0.43328335832084,0.745508982035928,0.596899224806202,0.419790104947526,0,0.464447806354009,0.625189681335357,0.636500754147813,0.415384615384615,0.702662721893491,0.637853949329359,0.5952023988006,0.60546282245827,0.583841463414634,0.620272314674735,0,0.414523449319213,0.0164424514200299,0.400894187779434,0.748191027496382,0.480882352941176,0.00153139356814701,0.003003003003003,0.0014792899408284,0.412213740458015,0.57007874015748,0.607033639143731,0.590288315629742,0.600301659125189,0.650957290132548,0.655375552282769,0,0.415545590433483,0.732937685459941,0.402420574886536,0.514459665144597,0.648484848484848,0,0.426605504587156,0.451564828614009,0.503725782414307,0.617691154422789,0.705357142857143,0.593655589123867,0,0.50920245398773,0.562406015037594,0,0.409436834094368,0,0.592987804878049,0.484984984984985,0.587797619047619,0.602102102102102,0.413489736070381,0,0.631578947368421,0.622613803230543,0.618975903614458,0.500763358778626,0.666666666666667,0,0.587443946188341,0.647407407407407,0.404160475482912,0.658610271903323,0.495562130177515,0.407952871870398,0.428358208955224,0.428358208955224,0,0.415525114155251,0.396706586826347,0,0,0.442901234567901,0,0.774814814814815,0.410979228486647,0.00294550810014728,0.00303030303030303,0.762762762762763,0,0.779610194902549,0.416793893129771,0.682422451994092,0.407407407407407,0,0.433534743202417,0.600910470409712,0.583081570996979,0.590504451038576,0.477996965098634,0.643712574850299,0.416666666666667,0,0.419970631424376,0.59214501510574,0,0.581081081081081,0.658646616541353,0,0.599697885196375,0.809309309309309,0.631987577639752,0.423019431988042,0.648888888888889,0.41740412979351,0.413173652694611,0,0.825373134328358,0.465045592705167,0.640552995391705,0.423547400611621,0,0.421538461538462,0.591445427728614,0,0.803625377643505,0.550151975683891,0.80952380952381,0,0,0.432432432432432,0.609022556390977,0.645896656534954,0.405775075987842,0.584084084084084,0.49777117384844,0.641104294478528,0.417276720351391,0.735202492211838,0.418045112781955,0.406779661016949,0.506726457399103,0.405731523378582,0.582066869300912,0.413273001508296,0.580693815987934,0,0.627836611195159,0.528189910979229,0.431111111111111,0.591654247391952,0,0.401470588235294,0.645510835913313,0.414219474497682,0.409295352323838,0.407796101949025,0.592920353982301,0.428783382789317,0.586523736600306,0.43026706231454,0.587209302325581,0.492378048780488,0.617246596066566,0,0.417549167927383,0,0.485842026825633,0.408618127786033,0.627836611195159,0.425373134328358,0.460176991150442,0.411255411255411,0.442477876106195,0.640298507462687,0.638109305760709,0.481366459627329,0.456752655538695,0.631024096385542,0.5952023988006,0.428790199081164,0.519402985074627,0,0,0.870229007633588,0.00149925037481259,0.417647058823529,0.662299854439592,0.5115562403698,0.521739130434783,0.424778761061947,0.998468606431853,0.654814814814815,0.841049382716049,0.443939393939394,0.429007633587786,0.502222222222222,0,0.518684603886398,0.762633996937213,0.47112462006079,0.587155963302752,0.599410898379971,0.833583208395802,0.434848484848485,0.424375917767988,0.544776119402985,0.417533432392273,0.505295007564297,0,0.610194902548726,0.654814814814815,0.421374045801527,0,0.412979351032448,0.417888563049853,0.81437125748503,0.583963691376702,0.414414414414414,0.421875,0.785502958579882,0,0.485294117647059,0.654320987654321,0.45398773006135,0.603576751117735,0.438953488372093,0.403374233128834,0.410179640718563,0.440729483282675,0.594674556213018,0.602760736196319,0.438650306748466,0.577611940298507,0.595375722543353,0.580502215657312,0.599099099099099,0.59606656580938,0.734539969834088,0.711764705882353,0.598200899550225,0.600896860986547,0.600903614457831,0.826666666666667,0.597222222222222,0.430284857571214,0.00153139356814701,0.581570996978852,0,0.769347496206373,0.432926829268293,0.419161676646707,0.488165680473373,0,0.516975308641975,0.540178571428571,0.604229607250755,0.625748502994012,0.61608497723824,0.627871362940276,0.00149700598802395,0.395136778115502,0.683582089552239,0.613458528951487,0.44578313253012,0.608370702541106,0.654545454545455,0.597014925373134,0.636904761904762,0.423976608187135,0.404088050314465,0.513846153846154,0,0.770588235294118,0.496932515337423,0,0.592867756315007,0.501479289940828,0.418290854572714,0,0.612612612612613,0.590909090909091,0.441538461538462,0.516279069767442,0.5890625,0,0.786039453717754,0.415781487101669,0.617777777777778,0.639760837070254,0.719939117199391,0.43026706231454,0.593093093093093,0.407132243684993,0.407185628742515,0.587878787878788,0.442307692307692,0.417168674698795,0.43778801843318,0.412556053811659,0.668647845468053,0.738023952095808,0.850299401197605,0.418461538461538,0.458333333333333,0.0238095238095238,0.651975683890577,0.430493273542601,0.609160305343511,0.653902798232695,0.417910447761194,0.408536585365854,0.436746987951807,0.657450076804916,0.391111111111111,0.648318042813456,0.445103857566766,0.406676783004552,0,0.741935483870968,0.756880733944954,0.590909090909091,0.0223214285714286,0.581259150805271,0.461424332344214,0.593703148425787,0.591715976331361,0,0.654191616766467,0.403641881638847,0.640718562874252,0.432348367029549,0.450682852807284,0.420814479638009,0.865947611710324,0.846273291925466,0.614457831325301,0.613207547169811,0,0.541543026706231,0.592972181551977,0.591381872213967,0.726067746686303,0.411497730711044,0.598200899550225,0,0.745481927710843,0.595522388059701,0.610769230769231,0.627450980392157,0.407575757575758,0.653786707882535,0.419405320813772,0.41203007518797,0,0.422857142857143,0.581120943952802,0.421130952380952,0.526865671641791,0.426356589147287,0.607784431137725,0.42603550295858,0.582450832072617,0.499236641221374,0.597542242703533,0.479820627802691,0.437685459940653,0.40393343419062,0.835595776772247,0.436834094368341,0.394074074074074,0.587278106508876,0.593655589123867,0.404833836858006,0.403348554033486,0.648484848484848,0.477544910179641,0.4375,0.450074515648286,0.412293853073463,0,0.635658914728682,0.411764705882353,0.575075075075075,0,0.435045317220544,0.00153139356814701,0.596923076923077,0.414307004470939,0.433333333333333,0.00152905198776758,0.755988023952096,0.618541033434651,0.427914110429448,0.58411214953271,0.463636363636364,0.407294832826748,0.728110599078341,0.833827893175074,0.570996978851964,0,0.745454545454545,0.422839506172839,0.42406015037594,0.606015037593985,0.417664670658683,0.431061806656101,0.589665653495441,0,0.437223042836041,0.423368740515933,0.454272863568216,0.583086053412463,0.588502269288956,0.519083969465649,0.615963855421687,0.695102685624013,0.00150375939849624,0.635802469135803,0.666666666666667,0.619335347432024,0,0.649691358024691,0.479820627802691,0.615952732644018,0.612612612612613,0.611594202898551,0,0,0.411428571428571,0.434210526315789,0,0.490225563909774,0,0,0,0.40210843373494,0,0.422839506172839,0.644144144144144,0.843567251461988,0.401481481481481,0,0,0.40625,0.450437317784257,0.606656580937973,0.6,0,0.514749262536873,0.82962962962963,0.424698795180723,0.589285714285714,0.64,0,0.420814479638009,0.586626139817629,0.449010654490107,0.607692307692308,0,0.599112426035503,0.647865853658537,0.604724409448819,0.424287856071964,0,0.466960352422908,0.429640718562874,0.392909896602659,0,0.627300613496933,0.431528662420382,0.606635071090047,0.402077151335312,0.388478581979321,0.589970501474926,0.399408284023669,0.861861861861862,0.596701649175412,0.585476550680787,0.74537037037037,0.464071856287425,0.00153609831029186,0.600303951367781,0.43298969072165,0.587596899224806,0.653250773993808,0.605740181268882,0,0.650887573964497,0.566615620214395,0.834080717488789,0.427927927927928,0.582450832072617,0.625185185185185,0.650546021840874,0.461200585651537,0.474452554744526,0.435114503816794,0.582568807339449,0,0.412721893491124,0.596465390279823,0.412746585735964,0.805555555555556,0.593294460641399,0.397321428571429,0.415037593984962,0.395738203957382,0.554559043348281,0.426666666666667,0.73587786259542,0.767722473604827,0.463268365817091,0.525449101796407,0,0,0.416413373860182,0.452200303490137,0.598793363499246,0.43969465648855,0.431988041853513,0.869760479041916,0.484709480122324,0.702290076335878,0.497050147492625,0,0.431192660550459,0.774924471299094,0.419161676646707,0.403007518796992,0,0.646525679758308,0.437689969604863,0.588855421686747,0.610429447852761,0.62555720653789,0.538799414348463,0.610778443113772,0.445255474452555,0.599415204678363,0.419601837672282,0.41506646971935,0.425373134328358,0.763358778625954,0.634441087613293,0.407462686567164,0.405604719764012,0.00148367952522255,0.598802395209581,0.675149700598802,0.63855421686747,0.574850299401198,0.407796101949025,0.487062404870624,0.420353982300885,0.191679049034175,0.588325652841782,0,0.545727136431784,0.585365853658537,0.578947368421053,0.664167916041979,0,0.429850746268657,0.480538922155689,0.403903903903904,0.429420505200594,0.614457831325301,0.598802395209581,0,0,0.740853658536585,0.610091743119266,0.63030303030303,0,0.579025110782866,0.399700598802395,0.247391952309985,0.843702579666161,0.426584234930448,0.771212121212121,0.433130699088146,0.617910447761194,0.617176128093159,0,0.417758369723435,0.93815987933635,0.926380368098159,0.491923641703377,0.412721893491124,0.735338345864662,0.00150829562594268,0.452380952380952,0.466176470588235,0,0.422125181950509,0.592814371257485,0.423493044822257,0.649408284023669,0,0.00149253731343284,0.955905511811024,0.547256097560976,0.582335329341317,0.638330757341577,0.00151057401812689,0.00155763239875389,0.54093567251462,0.592085235920852,0.397174254317111,0.661218424962853,0.411589895988113,0.588410104011887,0.623338257016248,0.609494640122512,0.536923076923077,0.639318885448916,0.602391629297459,0.00149253731343284,0.596358118361153,0,0.42089552238806,0.528771384136858,0.429403202328967,0.59214501510574,0.411585365853659,0,0.597345132743363,0.698484848484848,0.405731523378582,0,0.415929203539823,0,0.63944530046225,0.418639053254438,0,0.739705882352941,0.424012158054711,0.516666666666667,0.450076804915515,0.598529411764706,0,0.411411411411411,0.629057187017002,0,0.623318385650224,0.584795321637427,0.597615499254843,0.416666666666667,0.408194233687405,0.401188707280832,0.433734939759036,0.422664624808576,0,0.439461883408072,0.00445765230312036,0.785394932935917,0.652757078986587,0.416666666666667,0.4051593323217,0.428148148148148,0.422619047619048,0.0611028315946349,0.60763358778626,0.423017107309487,0.444940476190476,0.606194690265487,0.42684766214178,0.403560830860534,0.43562874251497,0,0,0.432706222865412,0,0.599706744868035,0.00152671755725191,0.45619335347432,0.639318885448916,0.614791987673344,0.683506686478455,0.464231354642314,0,0.674074074074074,0.403587443946188,0.413793103448276,0.625942684766214,1,0.639484978540773,0.635155096011817,0.560975609756098,0.5900439238653,0.616641901931649,0.85972850678733,0.649468892261001,0.598811292719168,0.598214285714286,0,0.585889570552147,0.779661016949153,0.397832817337461,0.679582712369598,0.776334776334776,0.626865671641791,0.512592592592593,0.421282798833819,0.453004622496148,0.424382716049383,0.418320610687023,0.415902140672783,0.608630952380952,0.636632200886263,0.40422322775264,0.604956268221574,0.599125364431487,0.518910741301059,0.00147710487444609,0.408284023668639,0.413690476190476,0,0.655963302752294,0,0.450832072617247,0,0.428355957767722,0.414414414414414,0.585949177877429,0.550834597875569,0.414201183431953,0.749618320610687,0.757396449704142,0.534456355283308,0,0,0.4625,0.469241773962804,0.43452380952381,0,0,0.590138674884438,0.646971935007385,0.637878787878788,0,0.642324888226528,0,0.468606431852986,0.415525114155251,0.652042360060514,0.648449039881832,0,0.649096385542169,0.571860816944024,0.498502994011976,0.439767779390421,0.639517345399698,0.581325301204819,0.435054773082942,0.0645645645645646,0.406201550387597,0,0.423357664233577,0,0.408194233687405,0.599085365853659,0.373846153846154,0,0,0.51044776119403,0.451761102603369,0.461876832844575,0.615727002967359,0.592105263157895,0.591117917304747,0.492469879518072,0.452554744525547,0,0.599085365853659,0.437216338880484,0,0.408882082695253,0.454545454545455,0.617339312406577,0.0162962962962963,0.587349397590361,0.410979228486647,0.591805766312595,0.587878787878788,0.605546995377504,0.638805970149254,0.620583717357911,0.636904761904762,0.41969696969697,0,0.622154779969651,0.416543574593796,0,0,0.596182085168869,0,0.592814371257485,0.415151515151515,0.619344773790952,0.599078341013825,0.588770864946889,0.821917808219178,0.451951951951952,0.702380952380952,0.0206794682422452,0.582181259600614,0.0571870170015456,0.0179372197309417,0,0.506060606060606,0.584302325581395,0.584732824427481,0.582582582582583,0.585798816568047,0.0183767228177642,0.025297619047619,0.593607305936073,0.0151515151515152,0.00457317073170732,0.036144578313253,0.0193452380952381,0.0240601503759399,0.6,0.024390243902439,0.587326120556414,0.58751902587519,0.0169491525423729,0.588502269288956,0.0529411764705882,0.583952451708767,0.576751117734724,0.593294460641399,0.578866768759571
"700",0.218320610687023,0.221889055472264,0.249262536873156,0.259938837920489,0.224924012158055,0.226299694189602,0.301515151515152,0.247005988023952,0.205317577548006,0,0.202985074626866,0,0.597345132743363,0.210769230769231,0.791666666666667,0.808320950965825,0,0.00303490136570561,0.216257668711656,0.226527570789866,0.741791044776119,0.808936825885978,0.21037037037037,0,0.246268656716418,0.774242424242424,0.757164404223228,0.223076923076923,0.626099706744868,0.457059679767103,0.79646017699115,0.472346786248132,0.437878787878788,0.655223880597015,0,0.208144796380091,0.00592592592592593,0.203898050974513,0.689956331877729,0.299259259259259,0,0.00148809523809524,0,0.210445468509985,0.400936037441498,0.803007518796993,0.636363636363636,0.791044776119403,0.59393063583815,0.783625730994152,0,0.217522658610272,0.701807228915663,0.214071856287425,0.300604229607251,0.764885496183206,0,0.24,0.238165680473373,0.311475409836066,0.670149253731343,0.648609077598829,0.781345565749236,0,0.326865671641791,0.362573099415205,0,0.220877458396369,0,0.791730474732006,0.337278106508876,0.789473684210526,0.788375558867362,0.209748892171344,0,0.483918128654971,0.778761061946903,0.63946587537092,0.314984709480122,0.707547169811321,0,0.473372781065089,0.933530280649926,0.201459854014599,0.78955223880597,0.290560471976401,0.210995542347697,0.236336779911374,0.222388059701493,0.00146627565982405,0.212443095599393,0.202682563338301,0,0,0.223255813953488,0,0.680722891566265,0.215453194650817,0,0,0.527488855869242,0,0.682442748091603,0.212669683257919,0.762811127379209,0.20398773006135,0.00151745068285281,0.238738738738739,0.801204819277108,0.795252225519288,0.791044776119403,0.275187969924812,0.666163141993958,0.224035608308605,0,0.21513353115727,0.458702064896755,0,0.795827123695976,0.754545454545455,0,0.440601503759398,0.726726726726727,0.770769230769231,0.235735735735736,0.842962962962963,0.208823529411765,0.211161387631976,0,0.563150074294205,0.278115501519757,0.614457831325301,0.215361445783133,0,0.211246200607903,0.771723122238586,0,0.731182795698925,0.553706505295008,0.584097859327217,0,0,0.246246246246246,0.425339366515837,0.975535168195719,0.20392749244713,0.798807749627422,0.271364317841079,0.64339908952959,0.23397913561848,0.766718506998445,0.221396731054978,0.209800918836141,0.329359165424739,0.21203007518797,0.795069337442219,0.218934911242604,0.792998477929985,0,0.463855421686747,0.322674418604651,0.217455621301775,0.790560471976401,0,0.205278592375367,0.61633281972265,0.214506172839506,0.215361445783133,0.202941176470588,0.651403249630724,0.226190476190476,0.783661119515885,0.259259259259259,0.792753623188406,0.301801801801802,0.74251497005988,0,0.224035608308605,0,0.339677891654466,0.205663189269747,0.787136294027565,0.216012084592145,0.261584454409567,0.207194244604317,0.23781388478582,0.785928143712575,0.645066273932253,0.283950617283951,0.264931087289433,0.778110944527736,0.794074074074074,0.221198156682028,0.328828828828829,0,0,0.707207207207207,0,0.216691068814056,0.690510948905109,0.306060606060606,0.413793103448276,0.217777777777778,0.619909502262443,0.657352941176471,0.680119581464873,0.271056661562021,0.22406015037594,0.307692307692308,0,0.301186943620178,0.726429675425039,0.256488549618321,0.795180722891566,0.827178729689808,0.574850299401198,0.223880597014925,0.223214285714286,0.375375375375375,0.192250372578241,0.328828828828829,0,0.833333333333333,0.520648967551622,0.213855421686747,0,0.216617210682493,0.225,0.566666666666667,0.520958083832335,0.21203007518797,0.222734254992319,0.667164179104478,0,0.303206997084548,0.57814871016692,0.247295208655332,0.7847533632287,0.242245199409158,0.209726443768997,0.194074074074074,0.269406392694064,0.534328358208955,0.790030211480363,0.240909090909091,0.620178041543027,0.790087463556851,0.788629737609329,0.697604790419162,0.78955223880597,0.717754172989378,0.458823529411765,0.795795795795796,0.791111111111111,0.788605697151424,0.533625730994152,0.788990825688073,0.233587786259542,0.00151515151515152,0.780597014925373,0,0.707575757575758,0.21580547112462,0.228017883755589,0.312781954887218,0,0.338957055214724,0.338257016248154,0.476119402985075,0.551415797317437,0.662613981762918,0.634441087613293,0.00149476831091181,0.18361153262519,0.764094955489614,0.457496136012365,0.24773413897281,0.781109445277361,0.413897280966767,0.81089258698941,0.763313609467456,0.204678362573099,0.214953271028037,0.311926605504587,0,0.491097922848665,0.305135951661631,0,0.781437125748503,0.288856304985337,0.231578947368421,0,0.799405646359584,0.784977908689249,0.218461538461538,0.321156773211568,0.786604361370717,0,0.656156156156156,0.2178517397882,0.394160583941606,0.641993957703928,0.467473524962179,0.25297619047619,0.792168674698795,0.212922173274596,0.21021021021021,0.802098950524738,0.237593984962406,0.211394302848576,0.212538226299694,0.210606060606061,0.75811209439528,0.664714494875549,0.683109118086697,0.222900763358779,0.270606531881804,0.00898203592814371,0.731411229135053,0.23134328358209,0.804477611940299,0.709912536443149,0.218181818181818,0.215477996965099,0.237037037037037,0.494672754946728,0.195301027900147,0.740909090909091,0.266068759342302,0.203957382039574,0,0.669117647058823,0.553191489361702,0.796407185628742,0.0118694362017804,0.79295154185022,0.272727272727273,0.775659824046921,0.790178571428571,0,0.772455089820359,0.21580547112462,0.792424242424242,0.209302325581395,0.236802413273001,0.222900763358779,0.712098009188361,0.712732919254658,0.53857791225416,0.591049382716049,0,0.395555555555556,0.784457478005865,0.782032400589102,0.734121122599705,0.208459214501511,0.786450662739323,0,0.668639053254438,0.798798798798799,0.802431610942249,0.714069591527988,0.196374622356495,0.726989079563182,0.208398133748056,0.232876712328767,0,0.214793741109531,0.789085545722714,0.206185567010309,0.387481371087928,0.216463414634146,0.793363499245852,0.218934911242604,0.790732436472347,0.306306306306306,0.458461538461538,0.261061946902655,0.233883058470765,0.20059880239521,0.685925925925926,0.255255255255255,0.209606986899563,0.785923753665689,0.780120481927711,0.214177978883861,0.193740685543964,0.679525222551929,0.304411764705882,0.230769230769231,0.267355982274741,0.208395802098951,0,0.75609756097561,0.211077844311377,0.788519637462236,0,0.247376311844078,0,0.783333333333333,0.20414201183432,0.230075187969925,0,0.509009009009009,0.70499243570348,0.228395061728395,0.789554531490015,0.312024353120244,0.206686930091185,0.675757575757576,0.52212389380531,0.409984871406959,0,0.745127436281859,0.22782874617737,0.221556886227545,0.675757575757576,0.21021021021021,0.218897637795276,0.820627802690583,0,0.236496350364963,0.218562874251497,0.252663622526636,0.534023668639053,0.791793313069909,0.327794561933535,0.732835820895522,0.704581358609795,0,0.592760180995475,0.521148036253776,0.528974739970282,0,0.685975609756098,0.283559577677225,0.58160237388724,0.577777777777778,0.766666666666667,0,0,0.205755395683453,0.224340175953079,0,0.281899109792285,0.0015220700152207,0,0,0.208643815201192,0,0.2217125382263,0.408682634730539,0.577092511013216,0.199121522693997,0,0,0.223388305847076,0.244897959183673,0.469539375928678,0.797636632200886,0,0.29585798816568,0.522321428571429,0.202985074626866,0.6,0.670196671709531,0,0.228826151560178,0.804281345565749,0.256134969325153,0.764525993883792,0,0.779710144927536,0.782012195121951,0.606201550387597,0.229508196721311,0,0.256259204712813,0.221889055472264,0.20627802690583,0,0.782608695652174,0.245696400625978,0.781990521327014,0.206231454005935,0.214912280701754,0.793413173652695,0.203619909502262,0.695393759286776,0.379310344827586,0.788059701492537,0.732718894009217,0.25609756097561,0.00152905198776758,0.799698795180723,0.233823529411765,0.796296296296296,0.521472392638037,0.594512195121951,0,0.768545994065282,0.444954128440367,0.711077844311377,0.221396731054978,0.800898203592814,0.760294117647059,0.64451313755796,0.244444444444444,0.312316715542522,0.242057488653555,0.474339035769829,0,0.236686390532544,0.786861313868613,0.218890554722639,0.646697388632873,0.78939617083947,0.210059171597633,0.205089820359281,0.203363914373089,0.549019607843137,0.221556886227545,0.7526395173454,0.751506024096386,0.239457831325301,0.312775330396476,0,0,0.202143950995406,0.2701062215478,0.785060975609756,0.228228228228228,0.217455621301775,0.680059523809524,0.260336906584992,0.443768996960486,0.298245614035088,0,0.245852187028658,0.668188736681887,0.208523592085236,0.213432835820896,0,0.528963414634146,0.238239757207891,0.792792792792793,0.467766116941529,0.638235294117647,0.430615164520744,0.482388973966309,0.243045387994143,0.822840409956076,0.230182926829268,0.224368499257058,0.22809667673716,0.681114551083591,0.714285714285714,0.229166666666667,0.198821796759941,0,0.41506646971935,0.630402384500745,0.727272727272727,0.410635155096012,0.203898050974513,0.30316742081448,0.206489675516224,0.142222222222222,0.791862284820031,0,0.384384384384384,0.787009063444109,0.793939393939394,0.703427719821162,0,0.233082706766917,0.297935103244838,0.205705705705706,0.208823529411765,0.828787878787879,0.794251134644478,0,0,0.74,0.760242792109256,0.741353383458647,0,0.786885245901639,0.203869047619048,0.342565597667638,0.699544764795144,0.219847328244275,0.546805349182764,0.240181268882175,0.499265785609398,0.468704512372635,0,0.207492795389049,0.649847094801223,0.600600600600601,0.274193548387097,0.209912536443149,0.625185185185185,0,0.258258258258258,0.246676514032496,0,0.236994219653179,0.765671641791045,0.23374613003096,0.642105263157895,0,0.00149253731343284,0.592063492063492,0.369300911854103,0.801195814648729,0.778625954198473,0.00150375939849624,0,0.392185238784371,0.805429864253394,0.2018779342723,0.66962962962963,0.211764705882353,0.786764705882353,0.625739644970414,0.732115677321157,0.33953488372093,0.831530139103555,0.777777777777778,0,0.774045801526718,0,0.205839416058394,0.657853810264386,0.221739130434783,0.790199081163859,0.209800918836141,0,0.621502209131075,0.631578947368421,0.204511278195489,0,0.216494845360825,0,0.630030959752322,0.22106824925816,0,0.483211678832117,0.218512898330804,0.452344931921331,0.251524390243902,0.794682422451994,0,0.199400299850075,0.722560975609756,0,0.480654761904762,0.785195936139332,0.778425655976676,0.196048632218845,0.206373292867982,0.215022091310751,0.223723723723724,0.226047904191617,0,0.220720720720721,0.00147710487444609,0.65922619047619,0.698507462686567,0.205925925925926,0.218045112781955,0.205317577548006,0.213333333333333,0.0434782608695652,0.790977443609023,0.219474497681607,0.24812030075188,0.48,0.224702380952381,0.218424962852897,0.243283582089552,0,0,0.217765042979943,0,0.814432989690722,0,0.244807121661721,0.696784073506891,0.746932515337423,0.764705882352941,0.277777777777778,0.00150375939849624,0.764444444444444,0.211161387631976,0.213649851632047,0.47583081570997,0.639484978540773,1,0.755162241887906,0.542813455657492,0.795588235294118,0.787425149700599,0.556221889055472,0.745156482861401,0.523668639053254,0.787330316742081,0,0.791540785498489,0.673748103186646,0.202764976958525,0.462686567164179,0.702189781021898,0.603576751117735,0.31314623338257,0.206489675516224,0.256838905775076,0.225609756097561,0.221374045801527,0.2178517397882,0.552511415525114,0.620689655172414,0.204204204204204,0.791130185979971,0.792700729927007,0.329323308270677,0.0014792899408284,0.218795888399413,0.221889055472264,0,0.852134146341463,0,0.254518072289157,0,0.22962962962963,0.213855421686747,0.802395209580838,0.342857142857143,0.204712812960236,0.480061349693252,0.502949852507375,0.302710843373494,0,0,0.28414442700157,0.272988505747126,0.205580029368576,0,0,0.790591805766313,0.728739002932551,0.598802395209581,0,0.616417910447761,0,0.274390243902439,0.216463414634146,0.705069124423963,0.968980797636632,0,0.648318042813456,0.542113323124043,0.326347305389222,0.248546511627907,0.394259818731118,0.797276853252648,0.224770642201835,0.0675675675675676,0.20398773006135,0,0.227678571428571,0,0.193846153846154,0.779122541603631,0.519142419601838,0,0,0.362962962962963,0.27906976744186,0.251094890510949,0.42120765832106,0.780841799709724,0.78030303030303,0.360119047619048,0.328034682080925,0,0.786039453717754,0.233333333333333,0,0.211981566820276,0.259796806966618,0.771173848439822,0.00744047619047619,0.794074074074074,0.206140350877193,0.607305936073059,0.814925373134328,0.825153374233129,0.760059612518629,0.492354740061162,0.783185840707965,0.212213740458015,0,0.43247344461305,0.217967599410898,0,0,0.78695652173913,0,0.785074626865672,0.206537890044577,0.448170731707317,0.790909090909091,0.781874039938556,0.584218512898331,0.243975903614458,0.656671664167916,0.0102189781021898,0.787267080745342,0.0492307692307692,0.00892857142857143,0,0.655786350148368,0.79100145137881,0.784732824427481,0.799113737075332,0.79502196193265,0.0108359133126935,0.00886262924667651,0.770588235294118,0.0104477611940299,0.00463678516228748,0.027027027027027,0.0104477611940299,0.0102790014684288,0.781899109792285,0.0133928571428571,0.790199081163859,0.795180722891566,0.00903614457831325,0.780120481927711,0.0423357664233577,0.790977443609023,0.735820895522388,0.788937409024745,0.789156626506024
"701",0.187793427230047,0.17457886676876,0.207831325301205,0.232919254658385,0.195892575039494,0.189792663476874,0.267801857585139,0.205882352941176,0.192073170731707,0,0.176110260336907,0,0.530674846625767,0.173166926677067,0.824884792626728,0.817629179331307,0,0.00155038759689922,0.175824175824176,0.197268588770865,0.766412213740458,0.827751196172249,0.196107784431138,0,0.224582701062215,0.706976744186047,0.781010719754977,0.185243328100471,0.603603603603604,0.501515151515151,0.815315315315315,0.46177370030581,0.369397217928903,0.671826625386997,0,0.181679389312977,0.00902255639097744,0.180597014925373,0.749627421758569,0.257440476190476,0,0,0,0.176470588235294,0.381102362204724,0.852534562211982,0.559577677224736,0.820552147239264,0.637444279346211,0.760355029585799,0,0.185185185185185,0.693846153846154,0.174506828528073,0.26046511627907,0.916279069767442,0,0.203100775193798,0.213313161875946,0.276853252647504,0.677321156773212,0.625954198473282,0.821538461538462,0,0.255451713395639,0.328267477203647,0,0.204892966360856,0,0.81441717791411,0.29607250755287,0.814528593508501,0.818461538461538,0.183055975794251,0,0.421289355322339,0.831562974203338,0.518181818181818,0.277519379844961,0.917851500789889,0,0.426605504587156,0.739520958083832,0.173978819969743,0.797872340425532,0.258308157099698,0.180597014925373,0.203313253012048,0.197869101978691,0,0.194144838212635,0.178353658536585,0,0,0.204968944099379,0,0.673780487804878,0.216793893129771,0,0,0.472560975609756,0,0.724569640062598,0.171339563862928,0.793154761904762,0.175438596491228,0,0.19478527607362,0.822804314329738,0.833333333333333,0.821374045801527,0.244204018547141,0.831562974203338,0.19047619047619,0,0.199095022624434,0.429230769230769,0,0.831578947368421,0.750382848392037,0,0.385093167701863,0.725880551301684,0.792778649921507,0.212213740458015,0.767964071856287,0.17814371257485,0.183333333333333,0,0.52824427480916,0.248456790123457,0.561815336463224,0.191522762951334,0,0.16820987654321,0.827893175074184,0,0.743390357698289,0.498452012383901,0.543035993740219,0,0,0.194486983154671,0.393568147013783,0.771028037383178,0.176923076923077,0.812883435582822,0.24468085106383,0.769352290679305,0.204204204204204,0.785714285714286,0.190769230769231,0.173913043478261,0.320300751879699,0.180428134556575,0.813291139240506,0.170992366412214,0.819148936170213,0,0.411214953271028,0.277860326894502,0.2,0.83030303030303,0,0.170471841704718,0.613104524180967,0.180379746835443,0.167173252279635,0.168195718654434,0.681818181818182,0.189681335356601,0.819295558958652,0.231797919762259,0.827123695976155,0.25508607198748,0.652042360060514,0,0.192716236722307,0,0.311550151975684,0.17737003058104,0.769817073170732,0.191424196018377,0.238897396630934,0.173020527859238,0.200301204819277,0.897081413210445,0.813533834586466,0.264475743348983,0.23943661971831,0.806354009077156,0.823262839879154,0.198786039453718,0.289433384379786,0,0,0.698461538461538,0,0.17921686746988,0.875,0.27115987460815,0.382175226586103,0.181543116490166,0.599690880989181,0.592085235920852,0.696261682242991,0.260736196319018,0.196319018404908,0.288690476190476,0,0.264350453172205,0.776898734177215,0.235658914728682,0.814871016691957,0.78125,0.5220700152207,0.18989280245023,0.195230998509687,0.328335832083958,0.164901664145234,0.277777777777778,0,0.781538461538462,0.455639097744361,0.184952978056426,0,0.177004538577912,0.1976401179941,0.522935779816514,0.62962962962963,0.183800623052959,0.181818181818182,0.636923076923077,0,0.256756756756757,0.629860031104199,0.197819314641745,0.820121951219512,0.220877458396369,0.182389937106918,0.187028657616893,0.229483282674772,0.624251497005988,0.825688073394495,0.201538461538462,0.546142208774584,0.816964285714286,0.816417910447761,0.747663551401869,0.822900763358779,0.775193798449612,0.431578947368421,0.81039755351682,0.81969696969697,0.820552147239264,0.504477611940298,0.7875,0.199059561128527,0,0.809090909090909,0,0.729393468118196,0.1828125,0.199081163859112,0.27175572519084,0,0.283950617283951,0.288490284005979,0.44969512195122,0.558599695585997,0.617151607963247,0.56386292834891,0,0.175355450236967,0.811638591117917,0.455813953488372,0.208333333333333,0.822289156626506,0.416024653312789,0.82469512195122,0.859090909090909,0.180327868852459,0.19047619047619,0.263565891472868,0,0.475609756097561,0.259600614439324,0,0.815315315315315,0.258594917787743,0.200310559006211,0,0.827272727272727,0.816109422492401,0.205882352941176,0.293023255813953,0.833860759493671,0,0.616666666666667,0.200920245398773,0.364864864864865,0.808157099697885,0.471494607087827,0.212669683257919,0.828267477203647,0.171898355754858,0.17638036809816,0.809815950920245,0.208841463414634,0.186440677966102,0.205607476635514,0.17737003058104,0.79320987654321,0.672727272727273,0.702453987730061,0.194444444444444,0.224358974358974,0.0121580547112462,0.739263803680982,0.206471494607088,0.76103500761035,0.737151248164464,0.1875,0.180152671755725,0.195121951219512,0.434645669291339,0.157503714710253,0.7453125,0.208523592085236,0.171296296296296,0,0.653435114503817,0.510108864696734,0.844135802469136,0.0122137404580153,0.812874251497006,0.276073619631902,0.81306990881459,0.828267477203647,0,0.753125,0.185647425897036,0.795107033639144,0.190095846645367,0.206106870229008,0.18989280245023,0.699074074074074,0.70404984423676,0.435857805255023,0.727129337539432,0,0.338414634146341,0.814925373134328,0.813353566009105,0.786786786786787,0.174846625766871,0.824508320726172,0,0.672205438066465,0.814814814814815,0.825816485225505,0.578220858895706,0.179289026275116,0.90527950310559,0.164817749603803,0.200622083981337,0,0.175775480059084,0.800599700149925,0.17593984962406,0.33843797856049,0.189490445859873,0.812018489984592,0.201793721973094,0.816109422492401,0.269938650306748,0.450393700787402,0.21969696969697,0.2,0.177710843373494,0.701538461538462,0.220679012345679,0.172876304023845,0.826865671641791,0.816109422492401,0.177469135802469,0.170506912442396,0.88109756097561,0.263399693721286,0.210272873194221,0.220700152207002,0.186081694402421,0,0.82807570977918,0.178625954198473,0.824961948249619,0,0.201848998459168,0,0.846749226006192,0.163636363636364,0.213063763608087,0,0.451863354037267,0.611111111111111,0.197819314641745,0.82574568288854,0.31733746130031,0.183229813664596,0.666146645865835,0.489457831325301,0.371559633027523,0,0.781874039938556,0.180817610062893,0.179566563467492,0.616564417177914,0.183206106870229,0.203252032520325,0.831546707503829,0,0.189024390243902,0.17357910906298,0.203732503888025,0.415037593984962,0.811728395061728,0.288819875776398,0.720183486238532,0.73462783171521,0,0.491577335375191,0.472222222222222,0.509803921568627,0,0.858695652173913,0.255351681957187,0.473444613050076,0.667678300455235,0.816715542521994,0,0,0.168374816983895,0.20627802690583,0,0.240909090909091,0,0,0,0.180152671755725,0,0.188087774294671,0.358662613981763,0.545319465081724,0.171130952380952,0,0,0.186646433990895,0.211940298507463,0.420333839150228,0.820627802690583,0,0.265060240963855,0.505311077389985,0.178353658536585,0.55290611028316,0.806201550387597,0,0.197247706422018,0.812792511700468,0.214953271028037,0.868624420401855,0,0.811011904761905,0.786377708978328,0.551669316375199,0.203313253012048,0,0.230654761904762,0.18960244648318,0.178517397881997,0,0.87207488299532,0.223642172523962,0.8256,0.166917293233083,0.171171171171171,0.816640986132512,0.170953101361573,0.711450381679389,0.351226993865031,0.821981424148607,0.762204724409449,0.210122699386503,0,0.822085889570552,0.201793721973094,0.833594976452119,0.489130434782609,0.600924499229584,0,0.796407185628742,0.386792452830189,0.719033232628399,0.203898050974513,0.823889739663093,0.784522003034901,0.582539682539683,0.224852071005917,0.266467065868263,0.211746522411128,0.396284829721362,0,0.194319880418535,0.81981981981982,0.194401244167963,0.6375,0.826347305389222,0.173252279635258,0.179173047473201,0.172628304821151,0.486238532110092,0.191424196018377,0.794670846394984,0.765432098765432,0.233231707317073,0.263888888888889,0,0,0.168469860896445,0.240566037735849,0.815503875968992,0.2,0.189312977099237,0.666153846153846,0.245749613601236,0.391640866873065,0.253393665158371,0,0.202143950995406,0.65527950310559,0.178187403993856,0.182094081942337,0,0.477134146341463,0.203761755485893,0.820552147239264,0.434169278996865,0.798780487804878,0.328908554572271,0.463223787167449,0.217134416543575,0.772189349112426,0.191153238546603,0.190909090909091,0.18429003021148,0.676145339652449,0.756134969325153,0.183890577507599,0.178247734138973,0,0.361990950226244,0.579970104633782,0.905918057663126,0.383458646616541,0.190548780487805,0.297380585516179,0.176560121765601,0.111613876319759,0.817610062893082,0,0.331797235023041,0.821100917431193,0.818885448916409,0.922137404580153,0,0.172782874617737,0.234138972809668,0.182926829268293,0.181409295352324,0.78680981595092,0.828173374613003,0,0,0.783699059561129,0.795981452859351,0.82601880877743,0,0.825227963525836,0.179723502304147,0.354545454545455,0.693846153846154,0.180404354587869,0.479389312977099,0.206201550387597,0.499236641221374,0.473363774733638,0,0.186390532544379,0.630434782608696,0.5578125,0.231797919762259,0.192192192192192,0.634294385432473,0,0.230886850152905,0.219219219219219,0,0.208643815201192,0.806990881458967,0.185007974481659,0.573394495412844,0,0,0.568471337579618,0.327131782945736,0.821917808219178,0.929906542056075,0,0,0.414814814814815,0.807511737089202,0.175355450236967,0.850523168908819,0.172155688622754,0.824773413897281,0.621580547112462,0.65625,0.291079812206573,0.790220820189274,0.815668202764977,0,0.803149606299213,0,0.17910447761194,0.673501577287066,0.201201201201201,0.818740399385561,0.179566563467492,0,0.569715142428786,0.590839694656489,0.174506828528073,0,0.174242424242424,0,0.796875,0.189759036144578,0,0.438805970149254,0.190923317683881,0.403125,0.223622047244094,0.842900302114804,0,0.171826625386997,0.861370716510903,0,0.462462462462462,0.833087149187592,0.811746987951807,0.1890625,0.171826625386997,0.190690690690691,0.200913242009132,0.18944099378882,0,0.198484848484848,0.00150829562594268,0.634703196347032,0.89209726443769,0.18960244648318,0.180152671755725,0.188340807174888,0.179604261796043,0.0290076335877863,0.837209302325581,0.210443037974684,0.202127659574468,0.393665158371041,0.206231454005935,0.179640718562874,0.196374622356495,0,0,0.194767441860465,0,0.779279279279279,0.00154559505409583,0.206325301204819,0.903328050713154,0.725155279503106,0.778120184899846,0.251533742331288,0.00153609831029186,0.846860643185299,0.169954476479514,0.178899082568807,0.496932515337423,0.635155096011817,0.755162241887906,1,0.4796875,0.822556390977444,0.778625954198473,0.534668721109399,0.740340030911901,0.413010590015129,0.803100775193798,0,0.810185185185185,0.645412130637636,0.163779527559055,0.441400304414003,0.737777777777778,0.489393939393939,0.280245022970904,0.174366616989568,0.213500784929356,0.201848998459168,0.176287051482059,0.187403993855607,0.644716692189893,0.744744744744745,0.184568835098336,0.826923076923077,0.817771084337349,0.302290076335878,0,0.181543116490166,0.201807228915663,0,0.784591194968553,0,0.228043143297381,0,0.197852760736196,0.18361153262519,0.815315315315315,0.344563552833078,0.172876304023845,0.441497659906396,0.466767371601208,0.25462962962963,0,0,0.228934817170111,0.232695139911635,0.18693009118541,0,0,0.812206572769953,0.773273273273273,0.556067588325653,0,0.748091603053435,0,0.266975308641975,0.178571428571429,0.720125786163522,0.724085365853659,0,0.791344667697063,0.516228748068006,0.278688524590164,0.207575757575758,0.368263473053892,0.824427480916031,0.188473520249221,0.0824427480916031,0.18025078369906,0,0.191904047976012,0,0.184663536776213,0.832307692307692,0.525236593059937,0,0,0.325337331334333,0.236391912908243,0.217065868263473,0.413333333333333,0.816023738872404,0.829493087557604,0.314199395770393,0.306547619047619,0,0.852760736196319,0.199381761978362,0,0.192846034214619,0.211394302848576,0.809815950920245,0.00759878419452888,0.808219178082192,0.176737160120846,0.731182795698925,0.777265745007681,0.775700934579439,0.996941896024465,0.428346456692913,0.783582089552239,0.178899082568807,0,0.375586854460094,0.197568389057751,0,0,0.82274741506647,0,0.823619631901841,0.18140243902439,0.406003159557662,0.807153965785381,0.819314641744548,0.527386541471048,0.209375,0.61969696969697,0.00909090909090909,0.816164817749604,0.061128526645768,0.00917431192660551,0,0.692546583850932,0.811011904761905,0.80811232449298,0.807926829268293,0.826546003016591,0.00782472613458529,0.0138036809815951,0.817629179331307,0.0076103500761035,0.00314465408805031,0.0232198142414861,0.00759878419452888,0.00892857142857143,0.819444444444444,0.0122511485451761,0.830985915492958,0.816770186335404,0.0108359133126935,0.822358346094946,0.043609022556391,0.821752265861027,0.747320061255743,0.819940476190476,0.821263482280431
"702",0.655339805825243,0.648089171974522,0.65891472868217,0.641109298531811,0.6624,0.638436482084691,0.6416,0.65511811023622,0.652241112828439,0,0.647619047619048,0,0.673076923076923,0.655948553054662,0.366771159874608,0.363057324840764,0,0.00801282051282051,0.641479099678457,0.652996845425868,0.449920508744038,0.380872483221476,0.655172413793103,0,0.666141732283465,0.625607779578606,0.438202247191011,0.657937806873977,0.594679186228482,0.613312202852615,0.35748031496063,0.678740157480315,0.680194805194805,0.539184952978056,0,0.6432,0.0142405063291139,0.643302180685358,0.506269592476489,0.652173913043478,0,0.00786163522012579,0.00159235668789809,0.646203554119548,0.681962025316456,0.382258064516129,0.909235668789809,0.364365971107544,0.592823712948518,0.460122699386503,0,0.641148325358852,0.5024,0.644904458598726,0.642054574638844,0.474193548387097,0,0.657004830917874,0.63968253968254,0.6890625,0.580441640378549,0.59253499222395,0.354368932038835,0,0.650819672131148,0.638801261829653,0,0.637380191693291,0,0.36115569823435,0.702660406885759,0.350237717908082,0.369951534733441,0.642857142857143,0,0.661993769470405,0.391785150078989,0.657728706624606,0.668308702791461,0.536626916524702,0,0.684458398744113,0.536277602523659,0.648062015503876,0.442675159235669,0.666146645865835,0.649842271293375,0.65251572327044,0.668224299065421,0.0031055900621118,0.65818759936407,0.649842271293375,0,0,0.639802631578947,0,0.489795918367347,0.659305993690852,0,0.0016,0.625,0,0.501623376623377,0.637820512820513,0.42,0.671009771986971,0.00474683544303797,0.647619047619048,0.355305466237942,0.366720516962843,0.35725677830941,0.635782747603834,0.5472,0.66877971473851,0,0.664566929133858,0.669278996865204,0,0.360629921259843,0.5,0,0.683788121990369,0.516693163751987,0.432475884244373,0.6801872074883,0.452978056426332,0.64696734059098,0.64576802507837,0,0.598412698412698,0.655660377358491,0.574193548387097,0.649350649350649,0,0.645631067961165,0.363636363636364,0,0.5,0.985623003194888,0.607431340872375,0,0,0.660347551342812,0.68,0.506514657980456,0.642289348171701,0.341232227488152,0.653666146645866,0.569331158238173,0.654798761609907,0.452614379084967,0.648089171974522,0.650406504065041,0.640062597809077,0.647709320695103,0.337078651685393,0.65251572327044,0.342812006319115,0,0.624600638977636,0.660377358490566,0.653968253968254,0.362928348909657,0,0.650470219435737,0.604234527687296,0.644736842105263,0.658653846153846,0.640253565768621,0.572981366459627,0.657276995305164,0.363779527559055,0.646153846153846,0.346811819595645,0.653225806451613,0.744514106583072,0,0.635646687697161,0,0.69620253164557,0.630672926447574,0.421474358974359,0.642857142857143,0.661971830985915,0.640243902439024,0.635658914728682,0.431340872374798,0.565687789799073,0.695161290322581,0.6672,0.390205371248025,0.355450236966825,0.653605015673981,0.633070866141732,0,0,0.531847133757962,0,0.65,0.506230529595016,0.635179153094462,0.72408293460925,0.645061728395062,0.58213716108453,0.556782334384858,0.530179445350734,0.634028892455859,0.6496,0.658805031446541,0,0.650470219435737,0.467532467532468,0.695374800637959,0.359550561797753,0.429017160686427,0.588709677419355,0.650641025641026,0.654631083202512,0.674603174603175,0.654952076677316,0.697933227344992,0,0.426771653543307,0.6703125,0.662903225806452,0,0.638668779714738,0.652905198776758,0.589622641509434,0.59904912836767,0.649206349206349,0.65378421900161,0.52373417721519,0,0.63452566096423,0.630818619582664,0.652459016393443,0.359746434231379,0.669254658385093,0.648,0.626984126984127,0.664546899841017,0.602803738317757,0.365079365079365,0.672496025437202,1,0.366666666666667,0.347626339969372,0.447495961227787,0.344605475040258,0.443719412724307,0.600931677018634,0.354889589905363,0.351014040561622,0.347003154574132,0.591331269349845,0.388254486133768,0.664536741214057,0.00489396411092985,0.3486529318542,0,0.492706645056726,0.645424836601307,0.670886075949367,0.691318327974277,0,0.653094462540717,0.617322834645669,0.68860353130016,0.646103896103896,0.624405705229794,0.535483870967742,0.00469483568075117,0.641479099678457,0.4064,0.671521035598705,0.649122807017544,0.368253968253968,0.626198083067093,0.356340288924559,0.430124223602484,0.653374233128834,0.652597402597403,0.646774193548387,0,0.609375,0.62760834670947,0,0.352664576802508,0.636222910216718,0.650485436893204,0,0.3671875,0.354134165366615,0.65139116202946,0.675850891410049,0.359934853420195,0,0.552922590837283,0.652173913043478,0.6546875,0.555555555555556,0.611650485436893,0.644200626959248,0.359497645211931,0.65,0.666134185303514,0.363784665579119,0.675632911392405,0.652312599681021,0.651465798045603,0.641838351822504,0.499194847020934,0.519623233908948,0.508716323296355,0.654723127035831,0.653094462540717,0.0360501567398119,0.519417475728155,0.661858974358974,0.535433070866142,0.526073619631902,0.663461538461538,0.648089171974522,0.677830940988836,0.673701298701299,0.628125,0.480263157894737,0.65818759936407,0.647709320695103,0,0.531684698608965,0.57516339869281,0.380726698262243,0.0347003154574132,0.354788069073783,0.647425897035881,0.374213836477987,0.352755905511811,0,0.588141025641026,0.656957928802589,0.409375,0.658823529411765,0.655948553054662,0.647909967845659,0.513687600644122,0.524752475247525,0.678233438485804,0.583333333333333,0,0.6752,0.360123647604328,0.373817034700315,0.471786833855799,0.667202572347267,0.35031847133758,0,0.529874213836478,0.356918238993711,0.37258064516129,0.616504854368932,0.651828298887122,0.527597402597403,0.651006711409396,0.634069400630915,0,0.664145234493192,0.34585289514867,0.644615384615385,0.665086887835703,0.663920922570016,0.35828025477707,0.645669291338583,0.334920634920635,0.643879173290938,0.702265372168285,0.64622641509434,0.65511811023622,0.632,0.529505582137161,0.659777424483307,0.650077760497667,0.353941267387944,0.3744,0.636217948717949,0.638977635782748,0.549763033175355,0.636792452830189,0.641693811074919,0.698890649762282,0.650077760497667,0,0.440456769983687,0.652931854199683,0.349761526232114,0,0.655844155844156,0.0032,0.39607201309329,0.651419558359621,0.642405063291139,0,0.620967741935484,0.773524720893142,0.646203554119548,0.365573770491803,0.645161290322581,0.644262295081967,0.572347266881029,0.619047619047619,0.708333333333333,0,0.448717948717949,0.650563607085346,0.645933014354067,0.796474358974359,0.650316455696203,0.66,0.380348652931854,0.0015625,0.647709320695103,0.658105939004815,0.660287081339713,0.690625,0.348387096774194,0.650485436893204,0.581358609794629,0.427350427350427,0.00159744408945687,0.670418006430868,0.654952076677316,0.677165354330709,0,0.533772652388797,0.637096774193548,0.67879746835443,0.628980891719745,0.421779141104294,0,0,0.640601503759399,0.653726708074534,0,0.644338118022329,0.00323101777059774,0,0,0.632850241545894,0,0.6557911908646,0.629984051036683,0.597200622083981,0.640062597809077,0,0,0.653418124006359,0.653374233128834,0.678516228748068,0.352112676056338,0,0.630434782608696,0.6049766718507,0.646031746031746,0.805031446540881,0.563897763578275,0,0.664556962025316,0.366720516962843,0.647151898734177,0.427662957074722,0,0.359013867488444,0.4224,0.618892508143323,0.648985959438378,0,0.667711598746082,0.639240506329114,0.642072213500785,0,0.413570274636511,0.632203389830508,0.353719008264463,0.641065830721003,0.65210608424337,0.356357927786499,0.657276995305164,0.530063291139241,0.636650868878357,0.34789644012945,0.454098360655738,0.681020733652313,0.00325732899022801,0.342902711323764,0.656645569620253,0.363338788870704,0.658022690437601,0.5392,0,0.4375,0.671544715447154,0.516693163751987,0.660436137071651,0.356230031948882,0.497659906396256,0.548281505728314,0.703875968992248,0.65414710485133,0.656549520766773,0.6992,0,0.644200626959248,0.353582554517134,0.6416,0.547811993517018,0.345679012345679,0.644654088050314,0.656500802568218,0.651898734177215,0.972447325769854,0.65,0.4375,0.487883683360259,0.648089171974522,0.648089171974522,0,0,0.64926590538336,0.674267100977199,0.371610845295056,0.655394524959742,0.659777424483307,0.545886075949367,0.654340836012862,0.616129032258064,0.626771653543307,0,0.650793650793651,0.5,0.655063291139241,0.66031746031746,0,0.623188405797101,0.653721682847896,0.354531001589825,0.635922330097087,0.537735849056604,0.675925925925926,0.72508038585209,0.678018575851393,0.430359937402191,0.638263665594855,0.651017214397496,0.659777424483307,0.500815660685155,0.401587301587302,0.653968253968254,0.627943485086342,0.0015600624024961,0.671383647798742,0.596875,0.515822784810127,0.665071770334928,0.6576,0.639291465378422,0.662992125984252,0.136577708006279,0.356564019448947,0,0.678343949044586,0.352750809061489,0.347003154574132,0.523510971786834,0,0.654952076677316,0.668238993710692,0.633757961783439,0.653605015673981,0.440894568690096,0.355411954765751,0,0,0.469155844155844,0.424679487179487,0.461038961038961,0,0.334890965732087,0.627760252365931,0.179245283018868,0.509803921568627,0.657142857142857,0.622820919175911,0.63474025974026,0.688679245283019,0.654205607476635,0,0.634703196347032,0.552166934189406,0.580847723704867,0.644409937888199,0.652713178294574,0.554140127388535,0.00473186119873817,0.65818759936407,0.663536776212833,0,0.691472868217054,0.34887459807074,0.65359477124183,0.526148969889065,0,0.00159744408945687,0.592654424040067,0.670491803278689,0.354430379746835,0.459069020866774,0.00317965023847377,0,0.629283489096573,0.36650868878357,0.6578073089701,0.5375,0.645865834633385,0.347286821705426,0.593996840442338,0.649918962722853,0.662295081967213,0.428571428571429,0.347758887171561,0,0.365384615384615,0,0.63849765258216,0.332231404958678,0.655332302936631,0.360975609756098,0.65,0,0.640746500777605,0.611727416798732,0.637820512820513,0,0.650621118012422,0,0.584288052373159,0.643302180685358,0,0.61128526645768,0.642628205128205,0.958925750394945,0.651465798045603,0.369565217391304,0,0.641509433962264,0.494363929146538,0,0.688372093023256,0.350387596899225,0.357366771159875,0.641025641025641,0.653225806451613,0.650077760497667,0.656597774244833,0.665079365079365,0,0.6384,0.0110062893081761,0.516431924882629,0.514913657770801,0.637083993660856,0.646592709984152,0.654631083202512,0.6421875,0.0474683544303797,0.3728,0.629139072847682,0.639810426540284,0.684126984126984,0.640822784810127,0.65015479876161,0.671451355661882,0,0,0.636222910216718,0,0.409657320872274,0,0.660855784469097,0.50487012987013,0.55448717948718,0.42246835443038,0.657004830917874,0.00160771704180064,0.4181240063593,0.646592709984152,0.654631083202512,0.648648648648649,0.560975609756098,0.542813455657492,0.4796875,1,0.345425867507886,0.427215189873418,0.591346153846154,0.515151515151515,0.68075117370892,0.340694006309148,0,0.359424920127796,0.513071895424837,0.65625,0.568253968253968,0.48698315467075,0.660855784469097,0.6515625,0.64375,0.660033167495854,0.686900958466454,0.6544,0.6448,0.61244019138756,0.589341692789969,0.639109697933227,0.359327217125382,0.351309707241911,0.678855325914149,0.0046583850931677,0.650621118012422,0.647244094488189,0,0.4375,0,0.676751592356688,0,0.64937106918239,0.646496815286624,0.354992076069731,0.634645669291339,0.630030959752322,0.623586429725363,0.59904912836767,0.628205128205128,0,0,0.647746243739566,0.653963414634146,0.662480376766091,0,0,0.34640522875817,0.49452269170579,0.565008025682183,0,0.601574803149606,0,0.679092382495948,0.645833333333333,0.411483253588517,0.549450549450549,0,0.559808612440191,0.733974358974359,0.642633228840125,0.654743390357698,0.626771653543307,0.366352201257862,0.646579804560261,0.0337620578778135,0.656401944894652,0,0.641975308641975,0.00156985871271586,0.628617363344051,0.370607028753994,0.255555555555556,0,0,0.665625,0.649837133550489,0.628346456692913,0.615503875968992,0.342592592592593,0.354943273905997,0.717011128775835,0.682737169517885,0,0.356576862123613,0.6640625,0,0.640322580645161,0.647515527950311,0.414556962025316,0.0255591054313099,0.349840255591054,0.635792778649921,0.577922077922078,0.413848631239936,0.444444444444444,0.408874801901743,0.680194805194805,0.400621118012422,0.648,0,0.652173913043478,0.648902821316614,0.00158730158730159,0,0.365891472868217,0,0.352564102564103,0.639498432601881,0.682847896440129,0.355048859934853,0.354838709677419,0.6,0.647058823529412,0.594679186228482,0.03125,0.350819672131148,0.0538336052202284,0.0125786163522013,0,0.319672131147541,0.347560975609756,0.350877192982456,0.369905956112853,0.356807511737089,0.027027027027027,0.0395569620253165,0.365079365079365,0.014308426073132,0.00323624595469256,0.0319488817891374,0.0172143974960876,0.0360501567398119,0.356340288924559,0.015748031496063,0.354679802955665,0.349358974358974,0.0258481421647819,0.360189573459716,0.0359375,0.361464968152866,0.348101265822785,0.342105263157895,0.353218210361067
"703",0.00158982511923688,0,0.0259146341463415,0.055379746835443,0.0110236220472441,0,0.0919003115264797,0.0229357798165138,0,0,0,0,0.419504643962848,0,0.96,0.992272024729521,0,0.0015600624024961,0.00315955766192733,0.0170278637770898,0.84080370942813,0.963375796178344,0.00615384615384615,0,0.0444104134762634,0.745341614906832,0.897081413210445,0.0128824476650564,0.53587786259542,0.302147239263804,1,0.315950920245399,0.224648985959438,0.721617418351477,0,0,0.00457317073170732,0.00457317073170732,0.735512630014859,0.0853658536585366,0,0,0,0,0.210272873194221,0.981424148606811,0.476263399693721,1,0.539969834087481,0.873323397913562,0,0.00619195046439629,0.734662576687117,0,0.105828220858896,0.851910828025478,0,0.0189274447949527,0.0371517027863777,0.0964777947932619,0.715821812596006,0.569465648854962,1,0,0.10459587955626,0.173312883435583,0,0.0108864696734059,0,1,0.143939393939394,0.995384615384615,0.984567901234568,0,0,0.285496183206107,0.960183767228178,0.425531914893617,0.0976377952755905,0.733009708737864,0,0.287878787878788,0.784615384615385,0.00153139356814701,0.889922480620155,0.0814132104454685,0.00310077519379845,0.0307692307692308,0.0337941628264209,0,0.0093167701863354,0,0,0,0.0253164556962025,0,0.685975609756098,0.0168195718654434,0,0,0.385335413416537,0,0.715408805031447,0,0.906485671191554,0,0,0.0141065830721003,1,0.993827160493827,0.990740740740741,0.0791925465838509,0.670769230769231,0.00784929356357928,0,0.010752688172043,0.291411042944785,0,1,0.781931464174455,0,0.229102167182663,0.756965944272446,0.923197492163009,0.0247678018575851,0.85369532428356,0.00301659125188537,0.00303951367781155,0,0.445468509984639,0.0664605873261206,0.522834645669291,0.010989010989011,0,0.0062402496099844,0.977341389728097,0,0.794712286158631,0.364906832298137,0.46422893481717,0,0,0.015220700152207,0.236842105263158,0.833597464342314,0,0.992272024729521,0.0744186046511628,0.602523659305994,0.015015015015015,0.87797147385103,0.0139103554868624,0,0.157975460122699,0.00618238021638331,1,0,1,0,0.265210608424337,0.13030303030303,0.0170542635658915,0.984732824427481,0,0,0.546899841017488,0,0,0,0.722054380664653,0.0197869101978691,1,0.0455235204855842,1,0.097331240188383,0.623839009287926,0,0.0155763239875389,0,0.142857142857143,0,0.88125,0.0123456790123457,0.0538461538461538,0.00738552437223043,0.0256410256410256,0.911042944785276,0.635384615384615,0.0700636942675159,0.0617088607594937,0.94556765163297,0.995384615384615,0.0140845070422535,0.12210200927357,0,0,0.703588143525741,0,0,0.749618320610687,0.105678233438486,0.234939759036145,0.00606980273141123,0.576271186440678,0.574534161490683,0.712948517940718,0.0782472613458529,0.0358255451713396,0.120556414219474,0,0.117737003058104,0.827258320126783,0.0519685039370079,1,0.929555895865237,0.464506172839506,0.0155038759689922,0.0181543116490166,0.165625,0.00151975683890578,0.0993788819875776,0,0.922839506172839,0.345622119815668,0.0062015503875969,0,0.00601503759398496,0.0150829562594268,0.441538461538462,0.454407294832827,0.009375,0,0.625585023400936,0,0.0948012232415902,0.491551459293395,0.0238473767885533,1,0.0402384500745156,0.0015748031496063,0,0.0482866043613707,0.467075038284839,0.998420221169036,0.0263975155279503,0.448012232415902,0.995475113122172,0.998498498498498,0.796557120500782,1,0.853810264385692,0.336858006042296,1,0.996965098634294,0.989345509893455,0.409160305343511,0.957345971563981,0.0154083204930663,0,1,0,0.776212832550861,0,0.0201863354037267,0.0921658986175115,0,0.127358490566038,0.148648648648649,0.311526479750779,0.410493827160494,0.5359375,0.552795031055901,0,0,0.914373088685015,0.307324840764331,0.0361067503924647,0.987823439878234,0.245341614906832,0.998449612403101,0.879573170731707,0,0,0.0930599369085174,0,0.360182370820669,0.0965189873417722,0,1,0.0871559633027523,0.0124223602484472,0,0.998466257668712,0.998475609756098,0.0172413793103448,0.124018838304553,1,0,0.602167182662539,0.00782472613458529,0.210365853658537,0.617873651771957,0.336507936507937,0.039453717754173,0.990712074303406,0,0,0.992307692307692,0.0352760736196319,0,0.0220820189274448,0.0031055900621118,0.811728395061728,0.690076335877863,0.724031007751938,0.0207336523125997,0.0559105431309904,0.0015220700152207,0.746500777604977,0.0201238390092879,0.834862385321101,0.703592814371258,0.0031104199066874,0.00156739811912226,0.0279937791601866,0.298412698412698,0.00301659125188537,0.773228346456693,0.0305810397553517,0.0031496062992126,0,0.678247734138973,0.434850863422292,0.986046511627907,0.00155038759689922,0.992537313432836,0.0928462709284627,0.973966309341501,1,0,0.765432098765432,0.0062111801242236,0.933125972006221,0.00963081861958266,0.0245398773006135,0.010989010989011,0.717908082408875,0.720516962843296,0.328125,0.549593495934959,0,0.171606864274571,0.989345509893455,0.959876543209877,0.799093655589124,0,0.998466257668712,0,0.667692307692308,0.987730061349693,0.976525821596244,0.516380655226209,0,0.732057416267943,0,0.0326594090202177,0,0.00735294117647059,1,0.00150375939849624,0.162327718223583,0,0.98780487804878,0.0167173252279635,1,0.104863221884498,0.289968652037618,0.0581929555895865,0.0122137404580153,0,0.71937984496124,0.0370942812982998,0,1,0.979938271604938,0,0,0.682737169517885,0.108191653786708,0.0290791599353796,0.0458715596330275,0,0,0.88801261829653,0,0.998430141287284,0,0.0282574568288854,0,0.958730158730159,0,0.0249221183800623,0,0.3671875,0.57984496124031,0.014018691588785,0.998432601880878,0.132283464566929,0.00316957210776545,0.62754303599374,0.398162327718224,0.210031347962382,0,0.849445324881141,0.0172684458398744,0.0015600624024961,0.539184952978056,0,0.0276422764227642,0.970588235294118,0,0.0107361963190184,0.00471698113207547,0.05,0.312024353120244,0.992175273865415,0.131455399061033,0.763358778625954,0.813008130081301,0,0.377952755905512,0.39375,0.387944358578053,0,0.725984251968504,0.086687306501548,0.363774733637747,0.492236024844721,0.918154761904762,0,0,0,0.024132730015083,0,0.0756172839506173,0,0,0,0.00155763239875389,0,0,0.218125960061444,0.466565349544073,0,0,0,0.00771604938271605,0.037821482602118,0.269984917043741,1,0,0.102290076335878,0.398473282442748,0,0.463746223564955,0.660436137071651,0,0.0201238390092879,1,0.0365659777424483,0.914556962025316,0,0.989409984871407,0.886292834890966,0.516233766233766,0.0276497695852535,0,0.0455235204855842,0.0180722891566265,0,0,0.93522906793049,0.0649350649350649,0.996810207336523,0,0,0.990740740740741,0,0.710077519379845,0.181395348837209,0.992175273865415,0.8368,0.0358255451713396,0,1,0.0230769230769231,0.995215311004785,0.335453100158982,0.608359133126935,0,0.887519260400616,0.256692913385827,0.743431221020093,0.0214395099540582,1,0.847926267281106,0.56140350877193,0.0498489425981873,0.117021276595745,0.0404354587869362,0.250396196513471,0,0.0121580547112462,1,0.0262751159196291,0.604395604395604,1,0,0,0,0.360374414976599,0.010752688172043,0.881987577639752,0.813880126182965,0.0482866043613707,0.106317411402157,0,0,0.00943396226415094,0.061128526645768,0.9890625,0.0109034267912773,0.00625,0.636503067484663,0.0668789808917197,0.27244094488189,0.0963302752293578,0,0.0232198142414861,0.652241112828439,0,0.0015552099533437,0,0.372093023255814,0.0203442879499218,1,0.303599374021909,0.62596599690881,0.20392749244713,0.313479623824451,0.0433482810164425,0.911411411411411,0.0127591706539075,0,0.0122699386503067,0.685624012638231,0.879443585780526,0.00775193798449612,0,0,0.227480916030534,0.554517133956386,0.751552795031056,0.228043143297381,0,0.1265625,0,0.093558282208589,1,0,0.173166926677067,0.998432601880878,1,0.742681047765794,0,0.00758725341426404,0.0785824345146379,0.00153139356814701,0.00605143721633888,0.903522205206738,1,0,0,0.826923076923077,0.929121725731895,0.838759689922481,0,1,0,0.41969696969697,0.716951788491446,0,0.4051593323217,0.0266875981161695,0.342064714946071,0.350453172205438,0,0,0.61128526645768,0.504702194357367,0.0728376327769348,0.00759878419452888,0.608562691131499,0,0.0430769230769231,0.037821482602118,0,0.0359820089955022,0.983076923076923,0.014308426073132,0.582298136645963,0,0,0.487138263665595,0.157894736842105,1,0.867716535433071,0,0,0.260416666666667,0.976744186046512,0,0.688922610015175,0.00303951367781155,1,0.625189681335357,0.664566929133858,0.126582278481013,0.911717495987159,0.996946564885496,0,0.959055118110236,0,0.00452488687782805,0.812199036918138,0.0135542168674699,0.995297805642633,0,0,0.467669172932331,0.540157480314961,0,0,0.00153609831029186,0,0.617834394904459,0.0106544901065449,0,0.338414634146341,0.0142630744849445,0.249609984399376,0.0419906687402799,0.964777947932619,0,0,0.754746835443038,0,0.322033898305085,1,0.986342943854325,0,0,0.00916030534351145,0.0294573643410853,0.0202177293934681,0,0.0266457680250784,0,0.634848484848485,0.726006191950464,0.00772797527047913,0.0061633281972265,0.00458715596330275,0.00775193798449612,0.0309119010819165,0.987421383647799,0.0130505709624796,0.0352760736196319,0.281391830559758,0.0213089802130898,0,0.0260336906584992,0,0,0.0148809523809524,0,0.929663608562691,0.00156494522691706,0.0387596899224806,0.73851030110935,0.788732394366197,0.888719512195122,0.0783699059561129,0.00154083204930663,0.900763358778626,0,0,0.35968992248062,0.5900439238653,0.795588235294118,0.822556390977444,0.345425867507886,1,0.876146788990826,0.452566096423017,0.758513931888545,0.298461538461538,0.989045383411581,0,1,0.655660377358491,0,0.348228043143297,0.77845220030349,0.378834355828221,0.116385911179173,0.00917431192660551,0.0385232744783307,0.0157232704402516,0,0.00157977883096367,0.447574334898279,0.5953125,0.00155038759689922,0.993966817496229,0.991071428571429,0.12962962962963,0,0,0.024390243902439,0,0.897151898734177,0,0.0448916408668731,0,0.024653312788906,0,0.99236641221374,0.151702786377709,0,0.344236760124611,0.376876876876877,0.101404056162246,0,0,0.0608974358974359,0.0535714285714286,0.00770416024653313,0,0,1,0.774242424242424,0.512345679012346,0,0.558139534883721,0,0.0791139240506329,0,0.817322834645669,0.762686567164179,0,0.668238993710692,0.3921875,0.124031007751938,0.0302114803625378,0.223950233281493,1,0.00630914826498423,0.075,0,0,0.0121212121212121,0,0,0.984301412872841,0.618819776714514,0,0,0.172782874617737,0.0726698262243286,0.0482654600301659,0.284178187403994,0.975646879756469,0.99375,0.168730650154799,0.159398496240602,0,0.987538940809969,0.0326594090202177,0,0.0111642743221691,0.0384615384615385,0.942073170731707,0,0.996899224806202,0,0.535211267605634,0.918238993710692,0.896661367249603,0.894409937888199,0.295886075949367,0.904977375565611,0,0,0.247278382581649,0.0123076923076923,0,0,1,0,1,0,0.28343949044586,1,1,0.452681388012618,0.0393081761006289,0.565687789799073,0,0.998412698412698,0.046474358974359,0.00769230769230769,0,0.810477657935285,0.993966817496229,0.998432601880878,0.981481481481482,1,0,0,0.984639016897081,0.00623052959501558,0.00316455696202532,0.0276497695852535,0.00458715596330275,0,0.992223950233281,0.0123647604327666,1,0.996889580093313,0,0.993827160493827,0.048411497730711,1,0.917829457364341,1,0.998430141287284
"704",0.115987460815047,0.118012422360248,0.150537634408602,0.180354267310789,0.114832535885167,0.122778675282714,0.2018779342723,0.149532710280374,0.124054462934947,0,0.121451104100946,0,0.496904024767802,0.106583072100313,0.932098765432099,0.878125,0,0,0.115015974440895,0.137825421133231,0.796352583586626,0.866666666666667,0.115919629057187,0,0.169753086419753,0.7,0.824261275272162,0.130434782608696,0.609756097560976,0.390697674418605,0.88109756097561,0.394409937888199,0.341121495327103,0.676970633693972,0,0.11609907120743,0.00615384615384615,0.13587786259542,0.708898944193062,0.217457886676876,0,0,0,0.1287284144427,0.306962025316456,0.869701726844584,0.537360890302067,0.87888198757764,0.570561456752656,0.82642089093702,0,0.124018838304553,0.741379310344828,0.113003095975232,0.199683042789223,0.780063291139241,0,0.147104851330203,0.149390243902439,0.212863705972435,0.672333848531685,0.625,0.878164556962025,0,0.23015873015873,0.296124031007752,0,0.126365054602184,0,0.881410256410256,0.234930448222566,0.881538461538461,0.87888198757764,0.125,0,0.401215805471125,0.868624420401855,0.551829268292683,0.212460063897764,0.726973684210526,0,0.384615384615385,0.764437689969605,0.112654320987654,0.833855799373041,0.206471494607088,0.118279569892473,0.158385093167702,0.146189735614308,0.00151975683890578,0.130298273155416,0.114374034003091,0,0,0.137876386687797,0,0.673374613003096,0.144409937888199,0,0,0.422187981510015,0,0.703125,0.12480252764613,0.830045523520486,0.117174959871589,0.00157232704402516,0.132398753894081,0.891338582677165,0.875776397515528,0.872503840245776,0.187599364069952,0.673879443585781,0.125581395348837,0,0.126168224299065,0.38366718027735,0,0.874613003095975,0.765354330708661,0,0.358024691358025,0.726006191950464,0.828525641025641,0.145962732919255,0.806354009077156,0.120426829268293,0.117647058823529,0,0.490712074303406,0.179527559055118,0.544871794871795,0.122641509433962,0,0.1216,0.865648854961832,0,0.764984227129338,0.445300462249615,0.532695374800638,0,0,0.147335423197492,0.359937402190923,0.796178343949045,0.11864406779661,0.877165354330709,0.193498452012384,0.6120826709062,0.13767019667171,0.810897435897436,0.14018691588785,0.126382306477093,0.265527950310559,0.115264797507788,0.881141045958796,0.116279069767442,0.878274268104777,0,0.382945736434109,0.227067669172932,0.142857142857143,0.860429447852761,0,0.122137404580153,0.595238095238095,0.118506493506494,0.12093023255814,0.110248447204969,0.656967840735069,0.141104294478528,0.889408099688474,0.16289592760181,0.886706948640483,0.21671826625387,0.629057187017002,0,0.131987577639752,0,0.263239875389408,0.127692307692308,0.963893249607535,0.145736434108527,0.16793893129771,0.126506024096386,0.147013782542113,0.815100154083205,0.646058732612056,0.185483870967742,0.187697160883281,0.858255451713396,0.885670731707317,0.118483412322275,0.216383307573416,0,0,0.690095846645367,0,0.114197530864198,0.711864406779661,0.195859872611465,0.344086021505376,0.138719512195122,0.60377358490566,0.599378881987578,0.704581358609795,0.195652173913043,0.136507936507936,0.226851851851852,0,0.229938271604938,0.780998389694042,0.165341812400636,0.882896764252696,0.854517611026034,0.5046875,0.14375,0.148036253776435,0.284603421461897,0.115625,0.241809672386895,0,0.856466876971609,0.449848024316109,0.111811023622047,0,0.111111111111111,0.138345864661654,0.495384615384615,0.489096573208723,0.132492113564669,0.1232,0.630094043887147,0,0.206106870229008,0.515055467511886,0.146263910969793,0.880434782608696,0.165905631659056,0.128125,0.121165644171779,0.170846394984326,0.520801232665639,0.882165605095541,0.152037617554859,0.516129032258065,0.889561270801815,0.877643504531722,0.743710691823899,0.88006230529595,0.802861685214626,0.389728096676737,0.876369327073552,0.869029275808937,0.869969040247678,0.47209653092006,0.8528,0.141744548286604,0.00156494522691706,0.878125,0,0.748417721518987,0.125200642054575,0.146417445482866,0.210280373831776,0,0.231746031746032,0.268996960486322,0.413522012578616,0.455384615384615,0.569444444444444,0.585557299843014,0.00153139356814701,0.117370892018779,0.830721003134796,0.378594249201278,0.155172413793103,0.870229007633588,0.34009360374415,0.889937106918239,0.807153965785381,0.112951807228916,0.113452188006483,0.196513470681458,0,0.431432973805855,0.204081632653061,0,0.88646967340591,0.195751138088012,0.128325508607199,0,0.880368098159509,0.872307692307692,0.125588697017268,0.23482428115016,0.8752,0,0.619195046439629,0.138314785373609,0.311248073959938,0.628659476117103,0.42879746835443,0.161832061068702,0.869158878504673,0.116564417177914,0.115919629057187,0.877329192546584,0.152173913043478,0.127158555729984,0.1515625,0.115264797507788,0.764797507788162,0.695924764890282,0.714285714285714,0.135782747603834,0.1669341894061,0.00768049155145929,0.724842767295597,0.138413685847589,0.779141104294479,0.694992412746586,0.1234375,0.121451104100946,0.140845070422535,0.4192,0.115789473684211,0.748829953198128,0.158385093167702,0.131537242472266,0,0.7,0.50314465408805,0.861370716510903,0.00927357032457496,0.863013698630137,0.196048632218845,0.871601208459215,0.878086419753086,0,0.743431221020093,0.131868131868132,0.848673946957878,0.12540192926045,0.156346749226006,0.122641509433962,0.699842022116904,0.713592233009709,0.434022257551669,0.566343042071197,0,0.311248073959938,0.877272727272727,0.860681114551084,0.75531914893617,0.116352201257862,0.869158878504673,0,0.689230769230769,0.876923076923077,0.88871473354232,0.581761006289308,0.113354037267081,0.731511254019293,0.129084967320261,0.146875,0,0.123511904761905,0.875957120980092,0.115151515151515,0.291925465838509,0.120443740095087,0.866459627329193,0.140888208269525,0.877165354330709,0.240369799691834,0.383252818035427,0.163833075734158,0.133846153846154,0.109717868338558,0.707086614173228,0.160629921259843,0.114551083591331,0.873684210526316,0.875968992248062,0.108150470219436,0.117465224111283,0.680061823802164,0.230650154798762,0.146302250803859,0.179012345679012,0.112135176651306,0,0.804451510333863,0.119083969465649,0.886970172684458,0,0.154458598726115,0,0.863849765258216,0.116385911179173,0.151799687010955,0,0.424764890282132,0.591194968553459,0.14218009478673,0.872813990461049,0.24203821656051,0.12258064516129,0.671826625386997,0.4671875,0.327217125382263,0,0.799687010954617,0.14308426073132,0.125391849529781,0.580893682588598,0.11890243902439,0.130578512396694,0.885220125786163,0,0.142419601837672,0.123028391167192,0.165625,0.439324116743472,0.880434782608696,0.238993710691824,0.725731895223421,0.752845528455285,0,0.512779552715655,0.480559875583204,0.463452566096423,0,0.696,0.208012326656394,0.506191950464396,0.51468315301391,0.846616541353383,0,0,0.110606060606061,0.143074581430746,0,0.190625,0.00158227848101266,0,0,0.119685039370079,0,0.1248,0.31619937694704,0.514415781487102,0.110764430577223,0,0,0.12326656394453,0.15015015015015,0.409937888198758,0.886328725038402,0,0.192955589586524,0.474164133738602,0.109756097560976,0.516030534351145,0.658267716535433,0,0.126153846153846,0.89047619047619,0.164319248826291,0.816326530612245,0,0.874622356495468,0.839427662957075,0.564935064935065,0.132398753894081,0,0.168437025796662,0.140866873065015,0.116564417177914,0,0.834920634920635,0.174551386623165,0.874403815580286,0.118461538461538,0.115562403697997,0.879815100154083,0.11353032659409,0.695517774343122,0.304416403785489,0.870109546165884,0.7808,0.162204724409449,0.00158227848101266,0.883359253499222,0.140432098765432,0.879173290937997,0.441082802547771,0.6140625,0,0.827956989247312,0.344992050874404,0.714506172839506,0.136150234741784,0.885400313971743,0.788343558282209,0.588045234248788,0.165165165165165,0.220211161387632,0.163328197226502,0.397129186602871,0,0.135303265940902,0.88,0.156739811912226,0.620192307692308,0.881538461538461,0.125190839694656,0.123824451410658,0.116903633491311,0.442700156985871,0.130970724191063,0.812006319115324,0.776357827476038,0.161741835147745,0.210687022900763,0,0,0.12379421221865,0.170418006430868,0.885895404120444,0.13125,0.123839009287926,0.637071651090343,0.163166397415186,0.346456692913386,0.197226502311248,0,0.145085803432137,0.666666666666667,0.119010819165379,0.120184899845917,0,0.453689167974882,0.14622641509434,0.878504672897196,0.396551724137931,0.641304347826087,0.327844311377246,0.407232704402516,0.159879336349925,0.840361445783133,0.129186602870813,0.111455108359133,0.14576802507837,0.6736,0.795384615384615,0.124223602484472,0.117199391171994,0,0.340625,0.594135802469136,0.72755905511811,0.324074074074074,0.11214953271028,0.222397476340694,0.122861586314152,0.118012422360248,0.876602564102564,0,0.290220820189274,0.882260596546311,0.885400313971743,0.717391304347826,0,0.137345679012346,0.203703703703704,0.12037037037037,0.125193199381762,0.834365325077399,0.88006230529595,0,0,0.778662420382166,0.839116719242902,0.78060413354531,0,0.889922480620155,0.115919629057187,0.349618320610687,0.69811320754717,0.116719242902208,0.46141975308642,0.139280125195618,0.432307692307692,0.442922374429224,0,0.124251497005988,0.646031746031746,0.564945226917058,0.178461538461538,0.134762633996937,0.640746500777605,0,0.164576802507837,0.158139534883721,0,0.148318042813456,0.866251944012442,0.134304207119741,0.590979782270607,0,0.00157232704402516,0.552674230145867,0.262992125984252,0.893682588597843,0.78343949044586,0.00155038759689922,0,0.305389221556886,0.866028708133971,0.118032786885246,0.674846625766871,0.121580547112462,0.877112135176651,0.601851851851852,0.6592,0.244094488188976,0.826984126984127,0.869565217391304,0,0.848818897637795,0,0.130568356374808,0.704838709677419,0.135338345864662,0.878315132605304,0.117460317460317,0,0.527439024390244,0.605873261205564,0.11214953271028,0,0.116923076923077,0,0.618210862619808,0.137614678899083,0,0.401244167962675,0.145800316957211,0.352201257861635,0.166402535657686,0.855182926829268,0,0.106646058732612,0.714733542319749,0,0.409937888198758,0.884210526315789,0.888208269525268,0.123052959501558,0.107424960505529,0.122137404580153,0.127329192546584,0.138364779874214,0,0.14375,0.00309597523219814,0.638461538461538,0.714064914992272,0.126348228043143,0.1296875,0.128787878787879,0.125,0.0311526479750779,0.875981161695447,0.143790849673203,0.157076205287714,0.41743119266055,0.133640552995392,0.113846153846154,0.155384615384615,0,0,0.130044843049327,0,0.850769230769231,0.00157232704402516,0.160125588697017,0.704581358609795,0.749211356466877,0.819165378670788,0.189873417721519,0.00154559505409583,0.81733746130031,0.119195046439628,0.126717557251908,0.443585780525502,0.616641901931649,0.787425149700599,0.778625954198473,0.427215189873418,0.876146788990826,1,0.503164556962025,0.740219092331768,0.417565485362096,0.860681114551084,0,0.884012539184953,0.661949685534591,0.115015974440895,0.402777777777778,0.762048192771084,0.506955177743431,0.227752639517345,0.12443095599393,0.161500815660685,0.131955484896661,0.118296529968454,0.120689655172414,0.493710691823899,0.610248447204969,0.122448979591837,0.889226100151745,0.887048192771084,0.242236024844721,0.00154559505409583,0.120556414219474,0.142638036809816,0,0.828298887122417,0,0.170579029733959,0,0.131699846860643,0.114329268292683,0.87556904400607,0.258970358814353,0.113981762917933,0.416403785488959,0.440494590417311,0.215625,0,0,0.189406099518459,0.167164179104478,0.12788906009245,0,0,0.876996805111821,0.746543778801843,0.542319749216301,0,0.57032457496136,0,0.190923317683881,0.115085536547434,0.743178170144462,0.751173708920188,0,0.649842271293375,0.471518987341772,0.248062015503876,0.163884673748103,0.309597523219814,0.88125,0.137161084529506,0.0880503144654088,0.1184,0,0.135670731707317,0,0.110591900311526,0.864566929133858,0.533653846153846,0,0,0.282208588957055,0.192868719611021,0.168970814132104,0.380733944954128,0.897865853658537,0.878125,0.269645608628659,0.245053272450533,0,0.875981161695447,0.153364632237872,0,0.128205128205128,0.161442006269592,0.843014128728414,0.00769230769230769,0.8887171561051,0.12210200927357,0.562998405103668,0.8375,0.822222222222222,0.813169984686064,0.415730337078652,0.842024539877301,0.120253164556962,0,0.36734693877551,0.12962962962963,0,0,0.880844645550528,0,0.878461538461539,0.121725731895223,0.373015873015873,0.878740157480315,0.874213836477987,0.49685534591195,0.143081761006289,0.645061728395062,0.00463678516228748,0.875399361022364,0.0495207667731629,0.00778816199376947,0,0.733017377567141,0.876691729323308,0.888024883359253,0.88006230529595,0.87962962962963,0.00792393026941363,0.00766871165644172,0.863422291993721,0.0111287758346582,0.00476190476190476,0.0263565891472868,0.0076103500761035,0.00766871165644172,0.884012539184953,0.00930232558139535,0.885483870967742,0.878930817610063,0.00318979266347687,0.868217054263566,0.0500758725341426,0.881172839506173,0.814241486068111,0.883058470764618,0.876947040498442
"705",0.551505546751189,0.55868544600939,0.565485362095532,0.565640194489465,0.550239234449761,0.541666666666667,0.621794871794872,0.580696202531646,0.537984496124031,0,0.530708661417323,0,0.63275039745628,0.538095238095238,0.502340093603744,0.470679012345679,0,0.00471698113207547,0.554140127388535,0.566510172143975,0.620094191522763,0.460674157303371,0.543343653250774,0,0.602484472049689,0.544303797468354,0.530805687203792,0.53160453808752,0.695852534562212,0.725155279503106,0.454263565891473,0.683544303797468,0.659744408945687,0.547140649149923,0,0.545171339563863,0.0124416796267496,0.537383177570093,0.668674698795181,0.561919504643963,0.00157977883096367,0.00308166409861325,0.0015527950310559,0.537480063795853,0.65905383360522,0.472178060413355,0.5904,0.456418383518225,0.663093415007657,0.543076923076923,0,0.542056074766355,0.622641509433962,0.551020408163265,0.634768740031898,0.551834130781499,0,0.562204724409449,0.574730354391371,0.619783616692427,0.541732283464567,0.692546583850932,0.465299684542587,0,0.610032362459547,0.63452566096423,0,0.545166402535658,0,0.454258675078864,0.590979782270607,0.454976303317536,0.473015873015873,0.544323483670295,0,0.692901234567901,0.490625,0.641744548286604,0.617124394184168,0.601666666666667,0,0.663026521060842,0.544461778471139,0.536321483771252,0.543307086614173,0.629457364341085,0.525984251968504,0.565687789799073,0.541341653666147,0,0.539556962025316,0.52931854199683,0,0,0.563402889245586,0,0.73125,0.529968454258675,0.0015552099533437,0.00159235668789809,0.833594976452119,0,0.70253164556962,0.546603475513428,0.551671732522796,0.537124802527646,0,0.570287539936102,0.460443037974684,0.459842519685039,0.454545454545455,0.609794628751975,0.586477987421384,0.549450549450549,0,0.559748427672956,0.67398119122257,0,0.453416149068323,0.568,0,0.663492063492063,0.688372093023256,0.5072,0.551020408163265,0.544186046511628,0.549230769230769,0.554868624420402,0,0.8984375,0.598715890850722,0.60223642172524,0.546191247974068,0,0.538461538461538,0.4609375,0,0.691943127962085,0.595879556259905,0.86634460547504,0,0,0.578199052132701,0.666666666666667,0.539808917197452,0.525984251968504,0.444794952681388,0.6390625,0.591935483870968,0.544753086419753,0.605815831987076,0.547286821705426,0.53343949044586,0.614551083591331,0.544891640866873,0.4464,0.545454545454545,0.449367088607595,0,0.68370607028754,0.627692307692308,0.555209953343701,0.470404984423676,0,0.535768645357686,0.6096,0.548123980424144,0.542901716068643,0.544323483670295,0.534351145038168,0.55,0.456140350877193,0.558139534883721,0.462822458270106,0.610492845786963,0.572100313479624,0,0.543887147335423,0,0.583203732503888,0.545171339563863,0.504,0.549450549450549,0.600946372239748,0.546827794561934,0.562596599690881,0.529042386185243,0.606153846153846,0.613312202852615,0.584,0.5,0.47360248447205,0.559055118110236,0.63452566096423,0,0,0.774193548387097,0.00153609831029186,0.548091603053435,0.590417310664606,0.623211446740858,0.592248062015504,0.562021439509954,0.874603174603175,0.615023474178404,0.751602564102564,0.543887147335423,0.568253968253968,0.614439324116744,0,0.622874806800618,0.633387888707038,0.587579617834395,0.450704225352113,0.480798771121352,0.8875,0.55608214849921,0.546296296296296,0.634945397815913,0.53968253968254,0.608490566037736,0,0.487421383647799,0.68380062305296,0.546325878594249,0,0.545031055900621,0.547945205479452,0.883280757097792,0.5796875,0.5421875,0.552504038772213,0.77373417721519,0,0.627480916030534,0.645211930926217,0.579032258064516,0.458528951486698,0.565687789799073,0.53525641025641,0.529503105590062,0.564465408805031,0.622119815668203,0.485804416403785,0.577287066246057,0.593846153846154,0.461538461538462,0.461300309597523,0.492088607594937,0.455399061032864,0.604166666666667,0.792626728110599,0.447040498442368,0.454121306376361,0.462875197472354,0.981510015408321,0.480769230769231,0.566037735849057,0.00157232704402516,0.453968253968254,0,0.672868217054264,0.552215189873418,0.542319749216301,0.614664586583463,0,0.638573743922204,0.613354037267081,0.669796557120501,0.6421875,0.609984399375975,0.59170653907496,0.0015552099533437,0.532591414944356,0.566455696202532,0.669394435351882,0.575757575757576,0.4679186228482,0.777251184834123,0.470866141732283,0.52803738317757,0.557603686635945,0.536065573770492,0.626602564102564,0,0.908396946564885,0.620634920634921,0,0.460342146189736,0.633587786259542,0.56386292834891,0,0.475308641975309,0.458461538461538,0.560509554140127,0.625806451612903,0.451298701298701,0,0.790951638065523,0.543720190779014,0.731707317073171,0.603715170278638,0.81421647819063,0.552425665101721,0.454689984101749,0.534375,0.538940809968847,0.457413249211356,0.562596599690881,0.535433070866142,0.558252427184466,0.550860719874804,0.541996830427892,0.667180277349769,0.735759493670886,0.5552,0.587848932676519,0.0263975155279503,0.572337042925278,0.558213716108453,0.499219968798752,0.607305936073059,0.546310832025118,0.554160125588697,0.558461538461538,0.68370607028754,0.52833078101072,0.557324840764331,0.577639751552795,0.550561797752809,0,0.648148148148148,0.805732484076433,0.474763406940063,0.0260336906584992,0.457098283931357,0.59717868338558,0.473354231974922,0.472952086553323,0,0.5484375,0.542857142857143,0.51875,0.558966074313409,0.5828125,0.552,0.742088607594937,0.736757624398074,0.658307210031348,0.588330632090762,0,0.633385335413417,0.4546875,0.465437788018433,0.621745788667688,0.548956661316212,0.462249614791988,0,0.675548589341693,0.465648854961832,0.470957613814757,0.607535321821036,0.530903328050713,0.571656050955414,0.537964458804523,0.541062801932367,0,0.552036199095023,0.465625,0.54320987654321,0.630265210608424,0.5616,0.466876971608833,0.564296520423601,0.45839874411303,0.58528951486698,0.655172413793103,0.583203732503888,0.572542901716069,0.540372670807453,0.716981132075472,0.577223088923557,0.517080745341615,0.463901689708141,0.46046511627907,0.536115569823435,0.540031397174254,0.609105180533752,0.580093312597201,0.578333333333333,0.575899843505477,0.54364471669219,0,0.527821939586645,0.54746835443038,0.459715639810427,0,0.570754716981132,0.00159235668789809,0.472527472527473,0.543913713405239,0.591772151898734,0.00157977883096367,0.832550860719875,0.5904,0.5696,0.453100158982512,0.593301435406699,0.548895899053628,0.662440570522979,0.937694704049844,0.653061224489796,0,0.6112,0.567307692307692,0.554502369668246,0.588976377952756,0.546707503828484,0.54,0.476489028213166,0,0.549606299212598,0.552590266875981,0.575471698113208,0.643076923076923,0.462025316455696,0.634920634920635,0.543307086614173,0.61,0.00154798761609907,0.658227848101266,0.691082802547771,0.66304347826087,0,0.5936,0.590189873417722,0.649842271293375,0.622291021671827,0.50834597875569,0,0,0.544360902255639,0.54953560371517,0,0.616822429906542,0,0,0,0.53343949044586,0,0.557165861513688,0.773228346456693,0.889922480620155,0.538819875776398,0,0,0.537124802527646,0.571870170015456,0.678516228748068,0.458914728682171,0,0.64451313755796,0.931464174454829,0.566718995290424,0.597523219814242,0.597464342313788,0,0.558176100628931,0.461038961038961,0.590189873417722,0.479935794542536,0,0.454961832061069,0.534920634920635,0.579378068739771,0.546031746031746,0,0.600614439324117,0.568965517241379,0.532608695652174,0,0.504823151125402,0.554817275747508,0.483660130718954,0.537267080745342,0.529320987654321,0.457943925233645,0.531055900621118,0.752351097178683,0.719874804381847,0.472868217054264,0.610932475884244,0.580996884735203,0.00156985871271586,0.459247648902821,0.556426332288401,0.462035541195477,0.691693290734824,0.564668769716088,0,0.531782945736434,0.636942675159236,0.708722741433022,0.563380281690141,0.446031746031746,0.524105754276827,0.607907742998353,0.578386605783866,0.611111111111111,0.573692551505547,0.648648648648649,0,0.558139534883721,0.451463790446841,0.5375,0.796474358974359,0.462365591397849,0.538699690402477,0.563091482649842,0.534591194968553,0.590266875981162,0.565217391304348,0.5872,0.6432,0.594339622641509,0.635514018691589,0,0,0.536466774716369,0.595505617977528,0.460567823343849,0.565286624203822,0.55607476635514,0.812792511700468,0.62621359223301,0.852090032154341,0.625,0,0.56782334384858,0.76303317535545,0.549141965678627,0.543035993740219,0,0.677215189873418,0.576433121019108,0.460093896713615,0.6528,0.58,0.633633633633634,0.657097288676236,0.567732115677321,0.478461538461538,0.55591054313099,0.550632911392405,0.556782334384858,0.733009708737864,0.516483516483517,0.5600624024961,0.533541341653666,0.00157232704402516,0.669796557120501,0.649452269170579,0.565217391304348,0.663026521060842,0.537242472266244,0.603125,0.541471048513302,0.201248049921997,0.454983922829582,0,0.642969984202212,0.459459459459459,0.460093896713615,0.589622641509434,0,0.5671875,0.601246105919003,0.537854889589905,0.557603686635945,0.502369668246445,0.470957613814757,0,0,0.618357487922705,0.5,0.541139240506329,0,0.451463790446841,0.533846153846154,0.202808112324493,0.749211356466877,0.543548387096774,0.855784469096672,0.546178343949045,0.667706708268331,0.670750382848392,0,0.532835820895522,0.85553772070626,0.921850079744817,0.612557427258805,0.552469135802469,0.683464566929134,0.0015748031496063,0.590342679127726,0.588509316770186,0,0.543076923076923,0.471608832807571,0.559016393442623,0.5984375,0,0.00156739811912226,0.938009787928222,0.654895666131621,0.462132921174652,0.514376996805112,0.0015625,0.00161812297734628,0.617378048780488,0.465299684542587,0.540495867768595,0.603744149765991,0.551083591331269,0.462132921174652,0.586153846153846,0.545023696682464,0.638126009693053,0.528753993610224,0.462015503875969,0.00156985871271586,0.478605388272583,0,0.546282245827011,0.394184168012924,0.562121212121212,0.4624,0.546899841017488,0,0.618098159509202,0.680445151033386,0.545741324921136,0,0.547433903576983,0,0.6144,0.546583850931677,0,0.817073170731707,0.562204724409449,0.596850393700787,0.5718901453958,0.478395061728395,0,0.544881889763779,0.549050632911392,0,0.686335403726708,0.447806354009077,0.468944099378882,0.545741324921136,0.537735849056604,0.543778801843318,0.543171114599686,0.558917197452229,0,0.565354330708661,0.00625,0.767550702028081,0.572998430141287,0.552469135802469,0.538582677165354,0.547140649149923,0.545171339563863,0.0625978090766823,0.475667189952904,0.556089743589744,0.584375,0.662015503875969,0.557453416149068,0.538699690402477,0.572964669738863,0,0,0.558558558558559,0,0.473354231974922,0,0.591263650546022,0.561093247588424,0.54983922829582,0.550769230769231,0.584251968503937,0,0.552590266875981,0.53448275862069,0.557781201848998,0.687697160883281,0.85972850678733,0.556221889055472,0.534668721109399,0.591346153846154,0.452566096423017,0.503164556962025,1,0.561093247588424,0.655226209048362,0.46417445482866,0,0.448330683624801,0.755591054313099,0.524193548387097,0.745682888540031,0.671191553544495,0.66046511627907,0.639318885448916,0.544360902255639,0.578861788617886,0.554294975688817,0.550724637681159,0.559561128526646,0.632558139534884,0.609375,0.540031397174254,0.470858895705521,0.460587326120556,0.63125,0.00155763239875389,0.537867078825348,0.532407407407407,0,0.539074960127592,0,0.571656050955414,0,0.565149136577708,0.541996830427892,0.45625,0.652380952380952,0.536434108527132,0.866028708133971,0.835423197492163,0.648264984227129,0,0,0.586885245901639,0.606606606606607,0.563182527301092,0,0,0.460420032310178,0.5609375,0.613104524180967,0,0.631007751937985,0,0.590614886731392,0.545893719806763,0.543443917851501,0.570107858243451,0,0.610759493670886,0.589905362776025,0.564465408805031,0.565950920245399,0.7578125,0.460093896713615,0.563694267515924,0.0554675118858954,0.530805687203792,0,0.545736434108527,0,0.540192926045016,0.455271565495208,0.304140127388535,0,0,0.624806201550388,0.575320512820513,0.580343213728549,0.672307692307692,0.464723926380368,0.463722397476341,0.572784810126582,0.545871559633027,0,0.456279809220986,0.554160125588697,0,0.537974683544304,0.580093312597201,0.500780031201248,0.0186625194401244,0.44620253164557,0.549141965678627,0.591346153846154,0.481072555205047,0.50974025974026,0.514820592823713,0.659711075441412,0.5140625,0.557661927330174,0,0.679748822605965,0.537404580152672,0,0,0.461654135338346,0,0.470404984423676,0.546031746031746,0.690705128205128,0.480127186009539,0.451355661881978,0.882539682539683,0.582018927444795,0.672386895475819,0.0261136712749616,0.446601941747573,0.0637958532695375,0.0124804992199688,0,0.39622641509434,0.457446808510638,0.455858747993579,0.46749226006192,0.461300309597523,0.0238853503184713,0.0294117647058824,0.458267716535433,0.009375,0.00317965023847377,0.0294573643410853,0.0123647604327666,0.0307692307692308,0.477165354330709,0.0174050632911392,0.459459459459459,0.46129541864139,0.0192307692307692,0.459752321981424,0.0450310559006211,0.468652037617555,0.446708463949843,0.475609756097561,0.438095238095238
"706",0.258064516129032,0.252747252747253,0.267080745341615,0.29073482428115,0.252019386106624,0.236628849270664,0.339171974522293,0.282574568288854,0.264296754250386,0,0.252764612954186,0,0.53125,0.255216693418941,0.731974921630094,0.745682888540031,0,0.00318979266347687,0.263665594855305,0.279251170046802,0.727975270479134,0.756933115823817,0.280185758513932,0,0.2984375,0.67948717948718,0.732171156893819,0.256910569105691,0.637480798771121,0.486196319018405,0.738058551617874,0.496884735202492,0.459069020866774,0.708006279434851,0,0.253918495297806,0.00928792569659443,0.25508607198748,0.708396946564885,0.348367029548989,0,0.00311526479750779,0,0.257503949447077,0.411382113821138,0.770833333333333,0.574162679425837,0.74481658692185,0.612654320987654,0.755038759689923,0,0.262479871175523,0.696875,0.256692913385827,0.329211746522411,0.777059773828756,0,0.288888888888889,0.273006134969325,0.3390625,0.709828393135725,0.666151468315301,0.73968253968254,0,0.364077669902913,0.424336973478939,0,0.267405063291139,0,0.734299516908213,0.367851622874807,0.753532182103611,0.760765550239234,0.241001564945227,0,0.512422360248447,0.734567901234568,0.637795275590551,0.347826086956522,0.71118530884808,0,0.477449455676516,0.711864406779661,0.255054432348367,0.755832037325039,0.316358024691358,0.253894080996885,0.292259083728278,0.272445820433437,0.00155038759689922,0.258730158730159,0.24375,0,0,0.292063492063492,0,0.6703125,0.264659270998415,0,0,0.521259842519685,0,0.689655172413793,0.258320126782884,0.723765432098765,0.263327948303716,0.00157977883096367,0.26875,0.754358161648177,0.751987281399046,0.736349453978159,0.31637519872814,0.673374613003096,0.264797507788162,0,0.262422360248447,0.469040247678019,0,0.750392464678179,1,0,0.4679186228482,0.70429252782194,0.760975609756098,0.286392405063291,0.808049535603715,0.257716049382716,0.245641838351823,0,0.562111801242236,0.298107255520505,0.780096308186196,0.255216693418941,0,0.255924170616114,0.752307692307692,0,0.731746031746032,0.503974562798092,0.571658615136876,0,0,0.26625386996904,0.495283018867925,0.772357723577236,0.242088607594937,0.7390625,0.317901234567901,0.634615384615385,0.264931087289433,0.715434083601286,0.27115987460815,0.252818035426731,0.398449612403101,0.253125,0.745627980922099,0.236593059936909,0.741029641185647,0,0.500807754442649,0.329230769230769,0.256692913385827,0.737169517884914,0,0.243410852713178,0.574193548387097,0.25686591276252,0.253918495297806,0.253869969040248,0.681538461538462,0.268633540372671,0.746815286624204,0.302936630602782,0.750375939849624,0.327447833065811,0.63166144200627,0,0.270142180094787,0,0.403726708074534,0.253164556962025,0.791469194312796,0.250396196513471,0.293103448275862,0.250759878419453,0.301710730948678,0.777258566978193,0.637209302325581,0.332263242375602,0.296178343949045,0.737169517884914,0.735202492211838,0.276083467094703,0.344339622641509,0,0,0.696141479099678,0,0.257274119448698,0.711180124223602,0.32807570977918,0.458333333333333,0.253105590062112,0.619273301737757,0.813271604938272,0.698234349919743,0.293838862559242,0.277070063694268,0.331768388106416,0,0.346394984326019,0.720779220779221,0.29874213836478,0.731974921630094,0.73094867807154,0.574102964118565,0.274725274725275,0.271889400921659,0.401263823064771,0.254290171606864,0.384735202492212,0,0.73469387755102,0.563552833078101,0.25,0,0.25194401244168,0.273972602739726,0.555379746835443,0.542319749216301,0.251602564102564,0.261290322580645,0.647798742138365,0,0.319148936170213,0.584664536741214,0.276872964169381,0.744514106583072,0.283076923076923,0.2512,0.258675078864353,0.310289389067524,0.583724569640063,0.74565560821485,0.285939968404423,0.557661927330174,0.737160120845921,0.734883720930233,0.703349282296651,0.756630265210608,0.7264,0.490076335877863,0.747181964573269,0.761755485893417,0.748427672955975,0.528593508500773,0.742718446601942,0.277602523659306,0.00161030595813205,0.737341772151899,0,0.692431561996779,0.250403877221325,0.28,0.337025316455696,0,0.323101777059774,0.398133748055988,0.4953125,0.549206349206349,0.588424437299035,0.806089743589744,0.00155038759689922,0.248012718600954,0.704615384615385,0.489291598023064,0.269890795631825,0.737421383647799,0.443217665615142,0.745222929936306,0.721183800623053,0.25,0.252442996742671,0.324675324675325,0,0.515479876160991,0.300955414012739,0,0.741784037558685,0.31651376146789,0.262658227848101,0,0.757763975155279,0.738131699846861,0.287539936102236,0.351351351351351,0.755267423014587,0,0.627172195892575,0.273015873015873,0.403100775193798,0.649068322981366,0.52,0.268633540372671,0.739336492890995,0.260336906584992,0.243369734789392,0.750793650793651,0.28062015503876,0.259904912836767,0.268370607028754,0.261755485893417,0.832802547770701,0.670826833073323,0.688188976377953,0.2656,0.308562197092084,0.0140625,1,0.260188087774295,0.724884080370943,0.911808669656203,0.263157894736842,0.256410256410256,0.288611544461778,0.546191247974068,0.250381679389313,1,0.286604361370716,0.253184713375796,0,0.66304347826087,0.547923322683706,0.748079877112135,0.0187207488299532,0.757296466973886,0.315541601255887,0.738058551617874,0.750778816199377,0,0.830985915492958,0.253968253968254,0.758998435054773,0.266115702479339,0.274760383386581,0.261829652996845,0.701112877583466,0.685393258426966,0.571428571428571,0.618032786885246,0,0.444444444444444,0.748091603053435,0.753067484662577,0.714506172839506,0.251993620414673,0.755038759689923,0,0.665615141955836,0.747252747252747,0.75767366720517,0.5904,0.25,0.731391585760518,0.256535947712418,0.274294670846395,0,0.264880952380952,0.730354391371341,0.262121212121212,0.427215189873418,0.262903225806452,0.727414330218069,0.283307810107198,0.734597156398104,0.384735202492212,0.453225806451613,0.309375,0.273716951788491,0.2464,0.692429022082019,0.297297297297297,0.24054462934947,0.755070202808112,0.763406940063092,0.259259259259259,0.261538461538462,0.715625,0.3671875,0.296540362438221,0.299531981279251,0.257318952234206,0,0.736421725239617,0.266457680250784,0.7425431711146,0,0.270700636942675,0,0.763492063492063,0.248466257668712,0.260596546310832,0,0.523291925465838,0.615141955835962,0.2672,0.751211631663974,0.359098228663446,0.254457050243112,0.6592,0.537267080745342,0.410015649452269,0,0.7104,0.270096463022508,0.267295597484277,0.59375,0.25193199381762,0.26865671641791,0.756671899529042,0,0.268330733229329,0.25511811023622,0.288854003139717,0.542635658914729,0.744038155802862,0.338632750397456,0.675425038639876,0.684908789386401,0,0.592476489028213,0.572555205047319,0.525741029641186,0,0.697305863708399,0.326498422712934,0.580093312597201,0.574303405572755,0.747706422018349,0,0,0.237237237237237,0.279569892473118,0,0.295133437990581,0.0016025641025641,0,0,0.267295597484277,0,0.282539682539683,0.402535657686212,0.558139534883721,0.23950233281493,0,0,0.253894080996885,0.293759512937595,0.509316770186335,0.749618320610687,0,0.330232558139535,0.534267912772586,0.250393700787402,0.564945226917058,0.665615141955836,0,0.259659969088099,0.754838709677419,0.284109149277689,0.761075949367089,0,0.737730061349693,0.749598715890851,0.694444444444444,0.283018867924528,0,0.28149300155521,0.266141732283465,0.25115562403698,0,0.776377952755905,0.302134646962233,0.741518578352181,0.257364341085271,0.263318112633181,0.744186046511628,0.254263565891473,0.68503937007874,0.393081761006289,0.748427672955975,0.72859450726979,0.288431061806656,0.00156494522691706,0.740445859872611,0.273006134969325,0.741100323624595,0.547923322683706,0.568471337579618,0,0.712480252764613,0.431561996779388,0.693023255813954,0.280507131537242,0.751987281399046,0.713405238828968,0.786885245901639,0.301075268817204,0.336377473363775,0.290015847860539,0.509677419354839,0,0.273006134969325,0.73953488372093,0.272151898734177,0.640901771336554,0.748466257668712,0.251170046801872,0.265402843601896,0.249201277955272,0.499207606973059,0.260188087774295,0.712918660287081,0.716828478964401,0.311424100156495,0.341653666146646,0,0,0.263823064770932,0.296178343949045,0.733858267716535,0.266141732283465,0.26530612244898,0.663536776212833,0.30622009569378,0.471910112359551,0.317757009345794,0,0.27742946708464,0.644200626959248,0.262910798122066,0.257097791798107,0,0.570747217806041,0.264566929133858,0.738924050632911,0.539452495974235,0.678233438485804,0.445801526717557,0.4875,0.299079754601227,0.702909647779479,0.265273311897106,0.262166405023548,0.264705882352941,0.672552166934189,0.697388632872504,0.269170579029734,0.253943217665615,0,0.463565891472868,0.723172628304821,0.727272727272727,0.428792569659443,0.2546875,0.339116719242902,0.243034055727554,0.137345679012346,0.741830065359477,0,0.401263823064771,0.73015873015873,0.753125,0.727414330218069,0,0.277165354330709,0.307332293291732,0.25508607198748,0.264705882352941,0.719298245614035,0.755070202808112,0,0,0.724522292993631,0.733438485804416,0.710691823899371,0,0.740973312401884,0.25,0.31974921630094,0.6896,0.257097791798107,0.538341158059468,0.282539682539683,0.493788819875776,0.497702909647779,0,0.265957446808511,0.62843295638126,0.610576923076923,0.304212168486739,0.258114374034003,0.63265306122449,0,0.283018867924528,0.285276073619632,0,0.278787878787879,0.734177215189873,0.271844660194175,0.800314465408805,0,0.00154798761609907,0.609917355371901,0.376190476190476,0.750394944707741,0.762903225806452,0.00158227848101266,0,0.434049079754601,0.760252365930599,0.259136212624585,0.687789799072643,0.259659969088099,0.746913580246914,0.665629860031104,0.656549520766773,0.342857142857143,0.768115942028985,0.738244514106583,0,0.746006389776358,0,0.259878419452888,0.602564102564103,0.251141552511416,0.7488,0.2512,0,0.565015479876161,0.634768740031898,0.246445497630332,0,0.256172839506173,0,0.64968152866242,0.265527950310559,0,0.496111975116641,0.275,0.43730407523511,0.287539936102236,0.752721617418352,0,0.251980982567353,0.801932367149758,0,0.488958990536278,0.743550834597876,0.738390092879257,0.248796147672552,0.248012718600954,0.26046511627907,0.28125,0.267496111975117,0,0.273865414710485,0.00154798761609907,0.643302180685358,0.736263736263736,0.263482280431433,0.266347687400319,0.263482280431433,0.272161741835148,0.0386398763523957,0.752365930599369,0.263934426229508,0.279320987654321,0.541925465838509,0.269767441860465,0.259659969088099,0.272300469483568,0,0,0.261467889908257,0,0.725155279503106,0.00157728706624606,0.287949921752739,0.728434504792332,0.681089743589744,0.701726844583987,0.324921135646688,0,0.731974921630094,0.253125,0.254263565891473,0.501592356687898,0.649468892261001,0.745156482861401,0.740340030911901,0.515151515151515,0.758513931888545,0.740219092331768,0.561093247588424,1,0.558641975308642,0.737421383647799,0,0.715434083601286,0.656500802568218,0.262057877813505,0.474097331240188,0.704718417047184,0.601236476043277,0.337962962962963,0.235023041474654,0.285478547854785,0.264752791068581,0.263157894736842,0.2574568288854,0.556438791732909,0.627388535031847,0.2609375,0.753030303030303,0.738794435857805,0.3609375,0.00156739811912226,0.265940902021773,0.294209702660407,0,0.766990291262136,0,0.289308176100629,0,0.273716951788491,0.252764612954186,0.746478873239437,0.385714285714286,0.259090909090909,0.483870967741935,0.509345794392523,0.333858267716535,0,0,0.308196721311475,0.29742033383915,0.267080745341615,0,0,0.739549839228296,0.983128834355828,0.758675078864353,0,0.611801242236025,0,0.310897435897436,0.269968051118211,0.675762439807384,0.717156105100464,0,0.689710610932476,0.53953488372093,0.3984375,0.275808936825886,0.425196850393701,0.742088607594937,0.249190938511327,0.0761904761904762,0.249594813614263,0,0.26502311248074,0,0.263578274760383,0.764521193092622,0.467817896389325,0,0,0.390092879256966,0.325806451612903,0.285493827160494,0.53858024691358,0.719568567026194,0.741269841269841,0.393135725429017,0.34855403348554,0,0.746056782334385,0.287066246056782,0,0.271860095389507,0.284375,0.786377708978328,0.00941915227629513,0.748447204968944,0.242748091603053,0.583333333333333,0.722308892355694,0.724306688417618,0.759316770186335,0.522364217252396,0.766513056835638,0.25705329153605,0,0.483359746434231,0.268330733229329,0,0,0.745814307458143,0,0.736677115987461,0.2609375,0.511363636363636,0.73354735152488,0.746815286624204,0.565008025682183,0.26984126984127,0.66304347826087,0.00940438871473354,0.738636363636364,0.0485436893203883,0.00947867298578199,0,0.604395604395604,0.728395061728395,0.735668789808917,0.749216300940439,0.757433489827856,0.0111821086261981,0.0122887864823349,0.737421383647799,0.0110935023771791,0.0032520325203252,0.028169014084507,0.00777604976671851,0.015600624024961,0.739403453689168,0.0173775671406003,0.748376623376623,0.728731942215088,0.00967741935483871,0.748019017432647,0.0458015267175573,0.736024844720497,0.69620253164557,0.740121580547112,0.731746031746032
"707",0.714285714285714,0.705521472392638,0.71580547112462,0.729393468118196,0.69435736677116,0.697965571205008,0.724031007751938,0.69242658423493,0.713629402756508,0,0.712519319938176,0,0.630699088145897,0.696062992125984,0.342635658914729,0.320373250388802,0,0.0171073094867807,0.692789968652038,0.719939117199391,0.426810477657935,0.337025316455696,0.699236641221374,0,0.741984732824427,0.491365777080063,0.388888888888889,0.693623639191291,0.697329376854599,0.668702290076336,0.298003072196621,0.717156105100464,0.845070422535211,0.5,0,0.709876543209877,0.0151975683890578,0.710526315789474,0.484257871064468,0.731634182908546,0.0015527950310559,0.0153609831029186,0.00458715596330275,0.705972434915773,0.689763779527559,0.331210191082803,0.634108527131783,0.299065420560748,0.58974358974359,0.429429429429429,0,0.714946070878274,0.497695852534562,0.709779179810726,0.693396226415094,0.43015873015873,0,0.708920187793427,0.686635944700461,0.742813918305598,0.507575757575758,0.681818181818182,0.309748427672956,0,0.788732394366197,0.792569659442725,0,0.695454545454545,0,0.306122448979592,0.701378254211332,0.301242236024845,0.316436251920123,0.692771084337349,0,0.811178247734139,0.331797235023041,0.914860681114551,0.732503888024883,0.475328947368421,0,0.70499243570348,0.503782148260212,0.705614567526555,0.410852713178295,0.726027397260274,0.706505295007564,0.712328767123288,0.698924731182796,0.00610687022900763,0.698587127158556,0.688549618320611,0,0,0.704581358609795,0,0.510606060606061,0.700617283950617,0.0060882800608828,0.0078003120124805,0.672386895475819,0,0.507020280811232,0.694704049844237,0.385083713850837,0.703001579778831,0.0062015503875969,0.711656441717791,0.293023255813953,0.302936630602782,0.303680981595092,0.708074534161491,0.516380655226209,0.706976744186047,0,0.69431643625192,0.718266253869969,0,0.299079754601227,0.52803738317757,0,0.844236760124611,0.5,0.374603174603175,0.698315467075038,0.447289156626506,0.695121951219512,0.686427457098284,0,0.648062015503876,0.714285714285714,0.669291338582677,0.70077519379845,0,0.708133971291866,0.304545454545455,0,0.469767441860465,0.670261941448382,0.637795275590551,0,0,0.712328767123288,0.856481481481482,0.493650793650794,0.698924731182796,0.298761609907121,0.718844984802432,0.577952755905512,0.697428139183056,0.41390205371248,0.708527131782946,0.7046875,0.714285714285714,0.701399688958009,0.305993690851735,0.698315467075038,0.312693498452012,0,0.805071315372425,0.720720720720721,0.697204968944099,0.309923664122137,0,0.698484848484848,0.591414944356121,0.695859872611465,0.712328767123288,0.682926829268293,0.503782148260212,0.70381679389313,0.315132605304212,0.705970149253731,0.305185185185185,0.71183800623053,0.588235294117647,0,0.710526315789474,0,0.73820395738204,0.708782742681048,0.4015625,0.714067278287462,0.727134146341463,0.71021021021021,0.714719271623672,0.39209726443769,0.526158445440957,0.722834645669291,0.718553459119497,0.333848531684699,0.295454545454545,0.691693290734824,0.708141321044547,0,0,0.523148148148148,0.00150829562594268,0.705357142857143,0.472809667673716,0.695924764890282,0.72,0.684603886397608,0.593846153846154,0.642965204236006,0.521060842433697,0.686244204018547,0.712264150943396,0.727272727272727,0,0.699395770392749,0.43217665615142,0.720748829953198,0.29264475743349,0.372372372372372,0.640552995391705,0.708268330733229,0.711278195488722,0.793427230046948,0.690658499234303,0.819466248037677,0,0.375384615384615,0.841149773071104,0.711864406779661,0,0.709284627092846,0.707280832095097,0.643856920684292,0.595975232198142,0.699537750385208,0.697347893915757,0.557427258805513,0,0.710014947683109,0.64797507788162,0.707006369426752,0.292307692307692,0.722306525037936,0.700626959247649,0.699844479004666,0.75748031496063,0.593893129770992,0.31619937694704,0.720610687022901,0.645896656534954,0.304154302670623,0.293853073463268,0.410216718266254,0.292569659442724,0.405909797822706,0.656012176560122,0.29320987654321,0.30381679389313,0.315233785822021,0.665144596651446,0.32484076433121,0.704510108864697,0.00775193798449612,0.298600311041991,0,0.46129541864139,0.703125,0.707055214723926,0.711656441717791,0,0.709627329192547,0.761467889908257,0.711356466876972,0.683812405446294,0.598765432098765,0.641509433962264,0.00614439324116743,0.682737169517885,0.373860182370821,0.703001579778831,0.717156105100464,0.29607250755287,0.708782742681048,0.294753086419753,0.398773006134969,0.698795180722892,0.702875399361022,0.711811023622047,0,0.68558282208589,0.711180124223602,0,0.292867981790592,0.685887708649469,0.700920245398773,0,0.313364055299539,0.292424242424242,0.722132471728595,0.738924050632911,0.302034428794992,0,0.558778625954198,0.71583850931677,0.718373493975904,0.547112462006079,0.69969040247678,0.700906344410876,0.28858024691358,0.704204204204204,0.685670261941448,0.307931570762053,0.726299694189602,0.702786377708978,0.695238095238095,0.711246200607903,0.444961240310077,0.505279034690799,0.515243902439024,0.687116564417178,0.736842105263158,0.0432766615146832,0.534992223950233,0.700617283950617,0.427710843373494,0.567607726597325,0.712098009188361,0.700156985871272,0.717391304347826,0.866141732283465,0.696923076923077,0.525236593059937,0.712556732223903,0.699059561128527,0,0.530211480362538,0.625,0.323029366306028,0.0484848484848485,0.308734939759036,0.716049382716049,0.334834834834835,0.290322580645161,0,0.496913580246914,0.695178849144635,0.370769230769231,0.715210355987055,0.721109399075501,0.709828393135725,0.527472527472527,0.513302034428795,0.973805855161787,0.55735056542811,0,0.901081916537867,0.296969696969697,0.32579185520362,0.448540706605223,0.712732919254658,0.304615384615385,0,0.538461538461538,0.303951367781155,0.32807570977918,0.603945371775417,0.687595712098009,0.491228070175439,0.692185007974482,0.716049382716049,0,0.705370101596517,0.285498489425982,0.699849170437406,0.860248447204969,0.722222222222222,0.303543913713405,0.717125382262997,0.292834890965732,0.738532110091743,0.701421800947867,0.732835820895522,0.710407239819005,0.697063369397218,0.524844720496894,0.731895223420647,0.685240963855422,0.311649016641452,0.32093023255814,0.702660406885759,0.709090909090909,0.509230769230769,0.75,0.696284329563813,0.744976816074189,0.698340874811463,0,0.378164556962025,0.702028081123245,0.29984544049459,0,0.727975270479134,0.00784929356357928,0.342146189735614,0.69969512195122,0.696400625978091,0.00156739811912226,0.653963414634146,0.605590062111801,0.712264150943396,0.299050632911392,0.726415094339623,0.709779179810726,0.634108527131783,0.667682926829268,0.7125,0,0.425499231950845,0.70820189274448,0.710280373831776,0.613496932515337,0.714285714285714,0.705787781350482,0.339622641509434,0.00153846153846154,0.704374057315234,0.710323574730354,0.71889400921659,0.94856278366112,0.313664596273292,0.711356466876972,0.462480857580398,0.430921052631579,0.00613496932515337,0.923809523809524,0.650231124807396,0.665644171779141,0,0.487381703470032,0.713629402756508,0.963414634146341,0.617117117117117,0.364444444444444,0,0,0.690721649484536,0.704097116843703,0,0.695046439628483,0.00625978090766823,0,0,0.70077519379845,0,0.705148205928237,0.673879443585781,0.642533936651584,0.686838124054463,0,0,0.709828393135725,0.714925373134328,0.871362940275651,0.307926829268293,0.003125,0.692192192192192,0.658986175115207,0.702290076335878,0.660060975609756,0.507042253521127,0,0.697709923664122,0.305772230889236,0.724299065420561,0.365054602184087,0,0.302395209580838,0.41471048513302,0.601307189542484,0.702160493827161,0,0.726726726726727,0.703030303030303,0.695252679938744,0,0.366197183098592,0.707993474714519,0.289348171701113,0.688253012048193,0.69683257918552,0.314241486068111,0.69558599695586,0.535384615384615,0.723765432098765,0.312210200927357,0.417061611374408,0.735474006116208,0.00769230769230769,0.307931570762053,0.708270676691729,0.310126582278481,0.80248833592535,0.531684698608965,0,0.37037037037037,0.718354430379747,0.508500772797527,0.713615023474178,0.306729264475743,0.416158536585366,0.662379421221865,0.721804511278195,0.722727272727273,0.744186046511628,0.989028213166144,0,0.731411229135053,0.307922272047833,0.701378254211332,0.575709779179811,0.293853073463268,0.694864048338369,0.708527131782946,0.695384615384615,0.67687595712098,0.703245749613601,0.388198757763975,0.438271604938272,0.685185185185185,0.711213517665131,0,0,0.7078125,0.706624605678233,0.308527131782946,0.706708268330733,0.715396578538103,0.573189522342065,0.711145996860283,0.695652173913043,0.701515151515152,0,0.704334365325077,0.53198127925117,0.712749615975422,0.707165109034268,0,0.785046728971963,0.708661417322835,0.295208655332303,0.763608087091757,0.542813455657492,0.882265275707899,0.697347893915757,0.731634182908546,0.362951807228916,0.687203791469194,0.706240487062405,0.707575757575758,0.522222222222222,0.352850539291217,0.717791411042945,0.699248120300752,0.00454545454545455,0.836391437308868,0.611963190184049,0.481366459627329,0.698461538461538,0.695447409733124,0.722222222222222,0.697709923664122,0.155455904334828,0.29903536977492,0,0.767584097859327,0.295208655332303,0.305343511450382,0.494607087827427,0,0.719135802469136,0.73820395738204,0.704097116843703,0.69969512195122,0.374045801526718,0.291731669266771,0,0,0.438377535101404,0.361067503924647,0.417840375586854,0,0.303543913713405,0.691717791411043,0.118361153262519,0.512618296529968,0.705329153605016,0.672868217054264,0.74,0.670769230769231,0.658132530120482,0,0.701470588235294,0.5703125,0.625386996904025,0.708520179372197,0.709090909090909,0.569908814589666,0.00615384615384615,0.711450381679389,0.725490196078431,0,0.729198184568835,0.307926829268293,0.731012658227848,0.626728110599078,0,0.00617283950617284,0.656500802568218,0.733542319749216,0.311627906976744,0.382677165354331,0.00758725341426404,0.0015748031496063,0.680473372781065,0.32,0.695934959349593,0.518853695324284,0.693693693693694,0.298325722983257,0.534456355283308,0.552590266875981,0.726114649681529,0.3904,0.291411042944785,0.00308166409861325,0.331761006289308,0,0.697744360902256,0.274760383386581,0.699101796407186,0.305164319248826,0.703937007874016,0,0.618759455370651,0.685758513931889,0.693023255813954,0,0.714069591527988,0,0.572981366459627,0.715151515151515,0,0.668693009118541,0.697819314641745,0.702954898911353,0.721792890262751,0.327245053272451,0,0.712962962962963,0.486153846153846,0,0.707317073170732,0.287833827893175,0.310606060606061,0.694488188976378,0.706976744186047,0.700453857791225,0.699074074074074,0.695852534562212,0,0.713166144200627,0.0182648401826484,0.551987767584098,0.493171471927162,0.704791344667697,0.701700154559505,0.700906344410876,0.722727272727273,0.0643185298621746,0.322429906542056,0.712680577849117,0.722137404580153,1,0.705343511450382,0.70516717325228,0.71889400921659,0,0,0.704477611940298,0,0.359090909090909,0,0.710566615620214,0.485714285714286,0.457413249211356,0.386949924127466,0.74375,0.00154083204930663,0.38006230529595,0.688172043010753,0.697852760736196,0.645061728395062,0.598811292719168,0.523668639053254,0.413010590015129,0.68075117370892,0.298461538461538,0.417565485362096,0.655226209048362,0.558641975308642,1,0.297674418604651,0,0.289922480620155,0.545166402535658,0.7015625,0.627300613496933,0.467359050445104,0.96937212863706,0.718461538461538,0.688449848024316,0.740916271721959,0.708399366085578,0.707936507936508,0.71563981042654,0.626339969372129,0.559757942511346,0.694444444444444,0.300295857988166,0.292424242424242,0.734351145038168,0.00770416024653313,0.702702702702703,0.698170731707317,0,0.409888357256778,0,0.725581395348837,0,0.71889400921659,0.71141975308642,0.302611367127496,0.709876543209877,0.699544764795144,0.670886075949367,0.654961832061069,0.699059561128527,0,0,0.728571428571429,0.709821428571429,0.684049079754601,0,0,0.287081339712919,0.514157973174367,0.673282442748092,0,0.595712098009188,0,0.706436420722135,0.713166144200627,0.397815912636505,0.546707503828484,0,0.529780564263323,0.672811059907834,0.745736434108527,0.705438066465257,0.697108066971081,0.306501547987616,0.720565149136578,0.0421216848673947,0.703416149068323,0,0.700149925037481,0.00462249614791988,0.689655172413793,0.321372854914197,0.184663536776213,0,0,0.755795981452859,0.762360446570973,0.69969512195122,0.70516717325228,0.308383233532934,0.295133437990581,0.691472868217054,0.691729323308271,0,0.3125,0.733229329173167,0,0.689763779527559,0.726574500768049,0.36085626911315,0.0323574730354391,0.289922480620155,0.694152923538231,0.570300157977883,0.368827160493827,0.397456279809221,0.378582202111614,0.868878357030016,0.389057750759878,0.70440251572327,0,0.817757009345794,0.712098009188361,0.00470219435736677,0,0.29500756429652,0,0.312597200622084,0.696594427244582,0.690251572327044,0.300155520995334,0.288188976377953,0.647887323943662,0.703703703703704,0.693815987933635,0.0405405405405405,0.296474358974359,0.050314465408805,0.0213740458015267,0,0.260802469135802,0.29803328290469,0.297839506172839,0.312024353120244,0.280060882800609,0.0403100775193798,0.0440060698027314,0.307219662058372,0.0231124807395994,0.00782472613458529,0.0396946564885496,0.0227617602427921,0.049306625577812,0.316590563165906,0.0261941448382126,0.296474358974359,0.300155520995334,0.0347551342812006,0.290423861852433,0.0406626506024096,0.299847792998478,0.317484662576687,0.308148148148148,0.300623052959502
"708",0.0142630744849445,0.00630914826498423,0.0398162327718224,0.0630048465266559,0.0222929936305732,0.0127186009538951,0.106918238993711,0.0344827586206897,0.0108024691358025,0,0.0110584518167457,0,0.44,0.0127388535031847,0.952456418383518,0.979938271604938,0,0.00156494522691706,0.0128617363344051,0.024653312788906,0.84031007751938,0.953451043338684,0.0201238390092879,0,0.049306625577812,0.73469387755102,0.88006230529595,0.0193236714975845,0.527047913446677,0.319314641744548,0.992307692307692,0.31619937694704,0.239935587761675,0.696734059097978,0,0.0125391849529781,0.00615384615384615,0.0153374233128834,0.73604826546003,0.109034267912773,0,0,0,0.0093167701863354,0.221854304635762,0.969453376205788,0.480376766091052,0.992076069730586,0.521341463414634,0.870769230769231,0,0.0141287284144427,0.746500777604977,0.00782472613458529,0.123824451410658,0.821939586645469,0,0.0304,0.0513219284603421,0.107309486780715,0.686821705426357,0.572317262830482,0.992050874403816,0,0.106349206349206,0.178187403993856,0,0.0223642172523962,0,0.987034035656402,0.143302180685358,0.984520123839009,0.968652037617555,0.0093167701863354,0,0.296466973886329,0.93944099378882,0.431464174454829,0.1136,0.719211822660099,0,0.293663060278207,0.781010719754977,0.0108191653786708,0.888540031397174,0.098310291858679,0.0154559505409583,0.031055900621118,0.0356037151702786,0,0.0233644859813084,0.0109375,0,0,0.0299212598425197,0,0.687975646879756,0.0276923076923077,0,0,0.3801261829653,0,0.71563981042654,0.009375,0.894495412844037,0.0113636363636364,0,0.0328125,0.988853503184713,0.982677165354331,0.982919254658385,0.0900473933649289,0.667192429022082,0.0140405616224649,0,0.0217391304347826,0.295489891135303,0,0.992211838006231,0.764612954186414,0,0.23696682464455,0.753510140405616,0.909967845659164,0.031496062992126,0.849144634525661,0.0106870229007634,0.014018691588785,0,0.46129541864139,0.0628930817610063,0.496794871794872,0.0208667736757624,0,0.0112721417069243,0.972265023112481,0,0.793103448275862,0.349529780564263,0.491987179487179,0,0,0.0326594090202177,0.228706624605678,0.822784810126582,0.0126182965299685,0.982649842271293,0.0756172839506173,0.56418383518225,0.0280373831775701,0.858505564387917,0.019047619047619,0.00958466453674121,0.169724770642202,0.015748031496063,0.990306946688207,0.0108191653786708,0.988941548183254,0,0.25508607198748,0.136712749615975,0.0248062015503876,0.970814132104455,0,0.0107361963190184,0.552674230145867,0.0112721417069243,0.00938967136150235,0.0109375,0.695517774343122,0.0295031055900621,0.990595611285266,0.0615384615384615,0.987841945288754,0.116987179487179,0.620904836193448,0,0.0250391236306729,0,0.150234741784038,0.0109034267912773,0.870813397129187,0.025,0.0475460122699387,0.0166414523449319,0.0358814352574103,0.888372093023256,0.619783616692427,0.0834670947030498,0.0606060606060606,0.930232558139535,0.981308411214953,0.0256,0.139784946236559,0,0,0.708133971291866,0,0.0122887864823349,0.735703245749614,0.130990415335463,0.242283950617284,0.0198776758409786,0.574102964118565,0.56656346749226,0.713836477987421,0.0907668231611894,0.0425196850393701,0.125574272588055,0,0.1328125,0.814102564102564,0.0590111642743222,0.992175273865415,0.927914110429448,0.480314960629921,0.0315955766192733,0.028169014084507,0.174652241112828,0.0109204368174727,0.105015673981191,0,0.919876733436055,0.333333333333333,0.0109204368174727,0,0.016793893129771,0.0290519877675841,0.461300309597523,0.442040185471406,0.0209677419354839,0.00487012987012987,0.623028391167192,0,0.113464447806354,0.474603174603175,0.0431309904153355,0.989180834621329,0.0463678516228748,0.010989010989011,0.0108527131782946,0.0535433070866142,0.46656298600311,0.990461049284579,0.0317460317460317,0.447692307692308,0.984732824427481,0.990783410138249,0.787974683544304,0.990506329113924,0.851612903225806,0.324200913242009,0.987635239567233,0.984544049459042,0.98125,0.4209726443769,0.95253164556962,0.0220472440944882,0,0.987538940809969,0,0.777424483306836,0.00967741935483871,0.0296875,0.100313479623824,0,0.136,0.144634525660964,0.316358024691358,0.398744113029827,0.550156739811912,0.548644338118022,0,0.00955414012738853,0.9,0.309791332263242,0.049079754601227,0.981510015408321,0.262578616352201,0.988941548183254,0.866459627329193,0.00759878419452888,0.00969305331179321,0.107936507936508,0,0.363214837712519,0.115323854660348,0,0.989113530326594,0.111620795107034,0.028436018957346,0,0.989113530326594,0.989079563182527,0.0288461538461538,0.120826709062003,0.988835725677831,0,0.61244019138756,0.0188383045525903,0.221879815100154,0.605633802816901,0.359300476947536,0.0511627906976744,0.981366459627329,0.0108864696734059,0.00933125972006221,0.980769230769231,0.0417310664605873,0.0062111801242236,0.0352564102564103,0.0109375,0.80248833592535,0.697996918335901,0.713615023474178,0.0338709677419355,0.0672,0.00308641975308642,0.737261146496815,0.0330188679245283,0.833865814696486,0.687595712098009,0.0139103554868624,0.0125,0.0347003154574132,0.304975922953451,0.0121951219512195,0.74481658692185,0.043956043956044,0.0110410094637224,0,0.691588785046729,0.460443037974684,0.972265023112481,0.00153374233128834,1,0.096875,0.969040247678019,0.990668740279938,0,0.758887171561051,0.0156739811912226,0.922834645669291,0.029126213592233,0.0327613104524181,0.0220820189274448,0.722929936305732,0.717908082408875,0.325434439178515,0.531914893617021,0,0.177672955974843,0.979969183359014,0.957251908396947,0.797488226059655,0.00632911392405063,0.989045383411581,0,0.682737169517885,0.981395348837209,0.963549920760697,0.505460218408736,0.0111111111111111,0.7,0.00981996726677578,0.041335453100159,0,0.0166163141993958,0.989263803680982,0.0137404580152672,0.16796267496112,0.0128,0.984177215189873,0.0288315629742033,0.993759750390016,0.133228840125392,0.29073482428115,0.0672782874617737,0.0252365930599369,0.0078740157480315,0.708006279434851,0.0410742496050553,0.00460122699386503,0.992260061919505,0.962674961119751,0.0110236220472441,0.00928792569659443,0.660990712074303,0.123052959501558,0.0435483870967742,0.0494590417310665,0.00933125972006221,0,0.871335504885994,0.0123456790123457,0.987441130298273,0,0.0429252782193959,0,0.945945945945946,0.0124223602484472,0.0403726708074534,0,0.368253968253968,0.567610062893082,0.0254777070063694,0.985645933014354,0.14488188976378,0.0129032258064516,0.632,0.404651162790698,0.223454833597464,0,0.836767036450079,0.0301109350237718,0.00626959247648903,0.539432176656151,0.0109034267912773,0.0376432078559738,0.965463108320251,0,0.0215384615384615,0.015625,0.0524691358024691,0.305295950155763,0.979527559055118,0.13968253968254,0.746478873239437,0.817733990147783,0,0.373397435897436,0.386435331230284,0.389830508474576,0,0.700162074554295,0.0996835443037975,0.351766513056836,0.486697965571205,0.91679273827534,0,0,0.00903614457831325,0.0369230769230769,0,0.0846394984326019,0,0,0,0.00943396226415094,0,0.00792393026941363,0.228971962616822,0.479326186830015,0.00920245398773006,0,0,0.0171606864274571,0.0366412213740458,0.269767441860465,0.990740740740741,0,0.119815668202765,0.419504643962848,0.00947867298578199,0.456112852664577,0.644094488188976,0,0.0263157894736842,0.988888888888889,0.0526315789473684,0.896825396825397,0,0.98780487804878,0.888712241653418,0.511400651465798,0.0345368916797488,0,0.0556414219474498,0.0328638497652582,0.0031104199066874,0,0.917329093799682,0.0745542949756888,0.993517017828201,0.00918836140888208,0.00933125972006221,0.978461538461538,0.00778816199376947,0.708399366085578,0.204334365325077,0.98125,0.830427892234548,0.048062015503876,0,0.990712074303406,0.0291858678955453,0.987075928917609,0.337042925278219,0.586477987421384,0,0.876175548589342,0.244019138755981,0.749608763693271,0.0297805642633229,0.988993710691824,0.837712519319938,0.546341463414634,0.0576631259484067,0.118721461187215,0.0407523510971787,0.244444444444444,0,0.0277349768875193,0.98937784522003,0.0375586854460094,0.610932475884244,0.990811638591118,0.0108024691358025,0.0109204368174727,0.00941915227629513,0.35748031496063,0.0280373831775701,0.873040752351097,0.806299212598425,0.0590979782270607,0.125193199381762,0,0,0.0173775671406003,0.0684713375796178,0.971608832807571,0.0222575516693164,0.0171073094867807,0.64018691588785,0.0771653543307087,0.265273311897106,0.120743034055728,0,0.0377952755905512,0.659409020217729,0.0109717868338558,0.00934579439252336,0,0.352112676056338,0.0410094637223975,0.992223950233281,0.309636650868878,0.598746081504702,0.207207207207207,0.30952380952381,0.0438729198184569,0.90937019969278,0.0224,0.00934579439252336,0.0340030911901082,0.703525641025641,0.88783570300158,0.0171606864274571,0.00772797527047913,0,0.218266253869969,0.546165884194053,0.726283048211509,0.244648318042813,0.0077639751552795,0.127186009538951,0.00925925925925926,0.102167182662539,0.988745980707395,0,0.185471406491499,0.987341772151899,0.989180834621329,0.705974842767296,0,0.015625,0.0852713178294574,0.0109375,0.0154559505409583,0.902627511591963,0.987460815047022,0,0,0.820063694267516,0.915605095541401,0.822503961965135,0,0.989180834621329,0.0109034267912773,0.412307692307692,0.71563981042654,0.0112359550561798,0.410658307210031,0.0347551342812006,0.340523882896764,0.374807987711214,0,0.00900900900900901,0.615023474178404,0.516380655226209,0.0840978593272171,0.0212121212121212,0.620528771384137,0,0.0573643410852713,0.0521472392638037,0,0.0423600605143722,0.973643410852713,0.0196078431372549,0.5734375,0,0,0.5,0.180665610142631,0.988993710691824,0.854838709677419,0,0,0.241741741741742,0.966719492868463,0.00813008130081301,0.673846153846154,0.0138248847926267,0.987692307692308,0.610852713178295,0.66031746031746,0.131955484896661,0.900158478605388,0.989180834621329,0,0.949526813880126,0,0.0167427701674277,0.791732909379968,0.0288315629742033,0.990625,0.0110759493670886,0,0.486322188449848,0.5359375,0.00770416024653313,0,0.0122137404580153,0,0.593900481540931,0.0182926829268293,0,0.346036585365854,0.0286624203821656,0.238095238095238,0.0585443037974684,0.949386503067485,0,0.0110236220472441,0.720190779014308,0,0.317484662576687,0.992401215805471,0.972179289026275,0.0125588697017268,0.0110062893081761,0.0155038759689922,0.0314465408805031,0.027027027027027,0,0.0379746835443038,0,0.642414860681115,0.696875,0.0137404580152672,0.0140405616224649,0.0171875,0.0107692307692308,0.0279937791601866,0.973354231974922,0.0229132569558101,0.0470219435736677,0.283307810107198,0.0279937791601866,0.0108024691358025,0.0391849529780564,0,0,0.0321592649310873,0,0.923794712286159,0.00157728706624606,0.0526315789473684,0.706168831168831,0.779032258064516,0.873456790123457,0.0821256038647343,0,0.88597842835131,0.0093167701863354,0.0093167701863354,0.361538461538462,0.598214285714286,0.787330316742081,0.803100775193798,0.340694006309148,0.989045383411581,0.860681114551084,0.46417445482866,0.737421383647799,0.297674418604651,1,0,0.990461049284579,0.674679487179487,0.0111642743221691,0.358024691358025,0.778947368421053,0.377358490566038,0.132307692307692,0.021505376344086,0.051948051948052,0.0254777070063694,0.0112540192926045,0.0110236220472441,0.449367088607595,0.570992366412214,0.0094488188976378,0.986567164179105,0.98310291858679,0.130094043887147,0,0.0077639751552795,0.0285261489698891,0,0.883306320907618,0,0.0569620253164557,0,0.0357142857142857,0.00925925925925926,0.983128834355828,0.174880763116057,0.0123839009287926,0.348726114649682,0.382352941176471,0.125198098256735,0,0,0.0775577557755776,0.0597014925373134,0.0186335403726708,0,0,0.988817891373802,0.757621951219512,0.492211838006231,0,0.549844236760125,0,0.0848,0.0111111111111111,0.815409309791332,0.751543209876543,0,0.650316455696203,0.402496099843994,0.149068322981366,0.0474006116207951,0.233281493001555,0.99211356466877,0.0207336523125997,0.0821484992101106,0.00482315112540193,0,0.0255639097744361,0,0.0110759493670886,0.967592592592593,0.607594936708861,0,0,0.171561051004637,0.0725806451612903,0.0657276995305164,0.292758089368259,0.963414634146341,0.981012658227848,0.1640625,0.172932330827068,0,0.974803149606299,0.035548686244204,0,0.0206677265500795,0.0552995391705069,0.919558359621451,0.00154083204930663,0.984423676012461,0.0122511485451761,0.540284360189573,0.915625,0.896166134185304,0.872239747634069,0.298887122416534,0.90726429675425,0.00941915227629513,0,0.2304,0.0277777777777778,0,0,0.989345509893455,0,0.992163009404389,0.00766871165644172,0.282051282051282,0.995222929936306,0.988871224165342,0.466453674121406,0.0486656200941915,0.566978193146417,0,0.987240829346092,0.0495207667731629,0.00782472613458529,0,0.790297339593114,0.985074626865672,0.987616099071207,0.976744186046512,0.990726429675425,0,0.0015600624024961,0.998417721518987,0.00632911392405063,0.00317965023847377,0.0298273155416013,0.00777604976671851,0,0.993660855784469,0.0138248847926267,0.99198717948718,0.990521327014218,0.00159235668789809,1,0.0505359877488515,0.993846153846154,0.898753894080997,0.98937784522003,0.992088607594937
"709",0,0,0,0,0,0,0.014446227929374,0.00161812297734628,0,1,0,1,0,0,0,0,1,0.980738362760835,0,0,0,0,0,1,0,0,0,0,0,0,0,0,0.0016025641025641,0,1,0,0.976114649681529,0,0,0,0.998389694041868,0.981279251170047,0.992163009404389,0,0,0,0,0,0,0,1,0,0,0,0.0145161290322581,0,1,0,0.00315457413249211,0,0,0,0,1,0,0,1,0,1,0,0,0,0,0,1,0.0015600624024961,0,0,0.00164744645799012,0,1,0,0,0,0,0,0,0,0.00312989045383412,0.987577639751553,0,0,1,1,0,1,0.0141732283464567,0,0.992088607594937,0.990476190476191,0.0110935023771791,1,0,0,0,0,0.988745980707395,0.0032258064516129,0,0,0,0.016,0,0,1,0,0,1,0,0,1,0.00156494522691706,0,0,0,0,0,0,1,0.0063391442155309,0,0,0,1,0,0,1,0,0,0.00648298217179903,1,1,0,0,0,0,0,0,0,0,0,0,0,0,0,0,0,0,1,0,0.00618238021638331,0,0,1,0,0,0,0,0,0,0,0,0,0,0.00324149108589951,0,1,0,1,0,0,0,0,0,0,0,0,0,0,0,0,0,0,0.0233281493001555,1,1,0,0.998422712933754,0,0,0.012924071082391,0,0,0,0,0,0,0,0.0015527950310559,1,0,0,0,0,0,0.00318979266347687,0,0,0.00157977883096367,0,0,1,0,0,0,1,0,0,0.00477707006369427,0,0,0,0.014446227929374,1,0.0156985871271586,0,0,0,0,0,0,0,0,0,0,0,0,0,0,0,0,0,0,0,0,0,0,0,0.985342019543974,0,1,0.00320512820512821,0,0,0,1,0.0016366612111293,0.00317460317460317,0,0,0,0,0.985849056603774,0,0,0,0,0,0,0,0,0,0,0.0147540983606557,1,0,0.0178861788617886,1,0,0.015748031496063,0.00161812297734628,1,0,0,0,0,0,1,0.0143540669856459,0,0,0,0,0,0,0,0,0,0,0,0,0,0,0,0,0.0032626427406199,0,0.947368421052632,0,0,0,0,0,0,0,0,0,0,0,0,1,0,0.00969305331179321,0,0.944707740916272,0,0,0,0,1,0,0,0,0,0,0,0,0,0,0,1,0,0,0,0,0,0,1,0,0,0,0.00315457413249211,0,0,0,0,1,0,0,0,0,0,0,0,0,0,0,0,0,0.00158982511923688,0,0,0,0,0,0,0,0,0,0,0,0,1,0,0,0,1,0,0.98841059602649,0,0,0,0.9952,0.00966183574879227,0,0,0,0,0,0,0,0,1,0,0.00161290322580645,0,0,0,0,0,0.998420221169036,0,0,0,0,0,0.0063391442155309,0,0.0101522842639594,0.993610223642173,0,0,0,1,0,0.0016025641025641,0,0,0,1,1,0,0,1,0,0.988782051282051,1,1,0,1,0,0.00159235668789809,0.00612557427258806,0,1,1,0,0,0,0,0.998373983739837,0.0217729393468118,0,0,0,0,1,0,0,0.00160771704180064,0,1,0,0,0,0.0015748031496063,1,0,0,0,1,0,0,0,0,0,0,0,0,0,0,0,0,0.988673139158576,0,0,0,0,0.0111821086261981,1,0,0.0032626427406199,0,0,0,0,0,0,0,0,0,1,0,0,0,0.0032258064516129,0,0,0,0,0,0,0,0,0,0.0159744408945687,1,1,0,0,0,0,0,0,0,0,0.0188087774294671,1,0,0.0146818923327896,0,0,1,0,0,0,0.00161030595813205,0,0,0,0,0,0.00316957210776545,0,0,0.0145395799676898,0.0253968253968254,0,0,0.992076069730586,0,0,0,0,0,0,0,0.76049766718507,0,1,0.00158982511923688,0,0,0,1,0,0,0,0,0,0,1,1,0,0,0,1,0,0,0.565217391304348,0,0,0.00956937799043062,0,0,0,1,0,0,0,0.00619195046439629,0,0,0.987361769352291,0,0,1,0.00152671755725191,0,0,0,1,0.990491283676704,0,0,0,0,0.987460815047022,0.998371335504886,0,0,0,0,0,0,0,0,0.0066006600660066,0,0,0.996845425867508,0,1,0,0.158677685950413,0.00154320987654321,0,0,1,0,0,0,1,0,1,0,0,1,0.0204724409448819,0,0,0.0016025641025641,0,1,0,0,1,0,0,0,0,0,0,0.0032258064516129,0,1,0,0.973478939157566,0.0172955974842767,0,0,0,0,0,0.923076923076923,0,0,0,0,0,0,0,1,1,0,1,0,0.99837925445705,0,0,0,0,0,0.998397435897436,0,0,0,0,0,0,0,0,0,0,0,0,0,0,1,0,0.016260162601626,0,0.0297339593114241,0,0,0.0062992125984252,0,0.00164203612479475,0,0,0,0,0,0,0,0,0.00316455696202532,0.987538940809969,0,0,1,0,1,0,1,0,0,0,0,0,0.00160771704180064,0,0.0210016155088853,1,1,0,0,0,1,1,0,0,0,1,0,1,0,0,0.0321027287319422,0,1,0,0,0,0,0,0,0,0.903069466882068,0,1,0,0.99194847020934,0,0,0.375399361022364,1,1,0.0015600624024961,0,0.00943396226415094,0,0,0,0,0,1,0,0,1,0,0,0,0.957074721780604,0,0,0,0,0,0,0,0,0,1,0,0,0.996789727126806,1,0,1,0,0,0,0,0,0.0048780487804878,0.00478468899521531,0,0.950715421303657,0,0.904376012965964,0.977671451355662,1,0.166666666666667,0,0,0.00615384615384615,0,0.945425361155698,0.942307692307692,0,0.976489028213166,0.993506493506494,0.95260663507109,0.971563981042654,0.940438871473354,0,0.9703125,0,0,0.952998379254457,0,0.934375,0,0.0576,0,0
"710",0.00162866449511401,0,0.0222222222222222,0.0593900481540931,0.0129659643435981,0,0.0862619808306709,0.0205371248025276,0,0,0,0,0.427457098283931,0,0.956661316211878,0.993720565149137,0,0.00159744408945687,0.00328947368421053,0.014308426073132,0.85031847133758,0.964343598055105,0.0062111801242236,0,0.0418604651162791,0.754777070063694,0.885167464114832,0.0132013201320132,0.521604938271605,0.309262166405024,1,0.306477093206951,0.226984126984127,0.715873015873016,0,0,0.00469483568075117,0.00316957210776545,0.733128834355828,0.089922480620155,0,0,0,0,0.217948717948718,0.97411003236246,0.503174603174603,1,0.524539877300613,0.860248447204969,0,0.00797448165869218,0.727987421383648,0,0.0947712418300654,0.830870279146141,0,0.0209677419354839,0.0343213728549142,0.096875,0.696540880503145,0.552922590837283,1,0,0.0934426229508197,0.173775671406003,0,0.0111111111111111,0,1,0.145110410094637,0.99211356466877,0.979495268138801,0,0,0.280125195618153,0.955905511811024,0.424960505529226,0.101612903225806,0.719734660033168,0,0.287692307692308,0.792307692307692,0,0.884194053208138,0.0872274143302181,0.00474683544303797,0.0327102803738318,0.0317460317460317,0,0.012924071082391,0,0,0,0.0260162601626016,0,0.686915887850467,0.0202492211838006,0,0,0.372424722662441,0,0.703174603174603,0,0.894009216589862,0,0,0.0173501577287066,1,0.992,0.995230524642289,0.0717703349282297,0.671974522292994,0.00792393026941363,0,0.010989010989011,0.282091917591125,0,1,0.75,0,0.234645669291339,0.75195007800312,0.915857605177994,0.0252764612954186,0.8546875,0.0031496062992126,0.004739336492891,0,0.442879499217527,0.0591054313099042,0.501612903225806,0.0128410914927769,0,0.00495049504950495,0.973966309341501,0,0.789644012944984,0.376788553259142,0.477977161500816,0,0,0.0190779014308426,0.225396825396825,0.828478964401295,0,0.993730407523511,0.0735524256651017,0.579617834394904,0.0184049079754601,0.867954911433172,0.0144,0,0.151368760064412,0.00473186119873817,1,0,1,0,0.252365930599369,0.123244929797192,0.0157977883096366,0.983128834355828,0,0,0.543230016313214,0,0,0,0.709876543209877,0.0237341772151899,0.998405103668262,0.0499219968798752,1,0.0933977455716586,0.640378548895899,0,0.0126782884310618,0,0.142172523961661,0,0.879614767255217,0.0157728706624606,0.0533751962323391,0.00923076923076923,0.024653312788906,0.899053627760252,0.627145085803432,0.0746031746031746,0.0559105431309904,0.947784810126582,0.996860282574568,0.0177705977382876,0.114779874213836,0,0,0.702093397745572,0,0,0.738317757009346,0.103559870550162,0.242138364779874,0.00928792569659443,0.560192616372392,0.561128526645768,0.70873786407767,0.0775316455696203,0.0368589743589744,0.111287758346582,0,0.10062893081761,0.823338735818476,0.0578778135048231,1,0.936908517350158,0.4624,0.0222575516693164,0.0214723926380368,0.162679425837321,0.00159489633173844,0.106750392464678,0,0.929245283018868,0.326625386996904,0.0048,0,0.00311526479750779,0.0168970814132104,0.44006309148265,0.454976303317536,0.00801282051282051,0,0.62621359223301,0,0.0902021772939347,0.477491961414791,0.0258481421647819,1,0.0421216848673947,0,0,0.045958795562599,0.462962962962963,0.998405103668262,0.0271132376395534,0.465007776049767,0.996941896024465,1,0.7728,1,0.85,0.311827956989247,1,0.995356037151703,0.988976377952756,0.404354587869362,0.962962962962963,0.0145631067961165,0,1,0,0.772655007949126,0,0.0225442834138486,0.105095541401274,0,0.12396694214876,0.142414860681115,0.3,0.39589905362776,0.533858267716535,0.536,0,0,0.911111111111111,0.294117647058824,0.0336,0.985959438377535,0.243589743589744,0.998407643312102,0.875590551181102,0,0,0.0903225806451613,0,0.335413416536661,0.0913461538461538,0,1,0.0809160305343511,0.0158730158730159,0,0.998407643312102,0.998447204968944,0.0190779014308426,0.1184,1,0,0.612244897959184,0.0111464968152866,0.200622083981337,0.60410094637224,0.3264,0.0394944707740916,0.988835725677831,0,0,0.993670886075949,0.0325581395348837,0,0.0231404958677686,0.00315955766192733,0.815165876777251,0.689922480620155,0.716535433070866,0.0191082802547771,0.0641447368421053,0.00159235668789809,0.722044728434505,0.0235478806907378,0.859177215189873,0.679817905918058,0.00467289719626168,0.0031055900621118,0.0302547770700637,0.28665568369028,0.0031104199066874,0.737439222042139,0.0359375,0.00162337662337662,0,0.687211093990755,0.4446227929374,0.9808,0.0015625,0.992260061919505,0.0839813374805599,0.979782270606532,1,0,0.77373417721519,0.0065359477124183,0.932475884244373,0.00829187396351575,0.0271132376395534,0.0110584518167457,0.720190779014308,0.706645056726094,0.323763955342903,0.538211382113821,0,0.169544740973312,0.984591679506934,0.953125,0.800314465408805,0,0.998420221169036,0,0.68025078369906,0.989028213166144,0.980830670926518,0.51373182552504,0,0.710569105691057,0,0.0318471337579618,0,0.00606980273141123,1,0,0.161695447409733,0,0.987261146496815,0.018957345971564,1,0.109149277688604,0.294022617124394,0.0438184663536776,0.0124610591900312,0,0.708860759493671,0.0368,0,1,0.971383147853736,0,0,0.659409020217729,0.11496062992126,0.031404958677686,0.045958795562599,0,0,0.882447665056361,0,0.998397435897436,0,0.0317965023847377,0,0.953525641025641,0,0.0271565495207668,0,0.368839427662957,0.591639871382637,0.0158227848101266,1,0.118314424635332,0.00324675324675325,0.629032258064516,0.393135725429017,0.210526315789474,0,0.843700159489633,0.0195439739413681,0.00161030595813205,0.561514195583596,0,0.026578073089701,0.966719492868463,0,0.015748031496063,0.00477707006369427,0.0491283676703645,0.303405572755418,0.995176848874598,0.126805778491172,0.774603174603175,0.816971713810316,0,0.376221498371336,0.408585055643879,0.388888888888889,0,0.713355048859935,0.0869565217391304,0.351910828025478,0.472868217054264,0.916923076923077,0,0,0,0.0232198142414861,0,0.0670926517571885,0,0,0,0.00162337662337662,0,0,0.226415094339623,0.46551724137931,0,0,0,0.00625,0.0357142857142857,0.271028037383178,1,0,0.0928792569659443,0.391236306729264,0,0.478125,0.6576,0,0.0173228346456693,1,0.0418006430868167,0.910858995137763,0,0.990769230769231,0.885483870967742,0.504934210526316,0.026813880126183,0,0.0430769230769231,0.0238473767885533,0,0,0.925686591276252,0.0683333333333333,0.99672131147541,0,0,0.992125984251969,0,0.700787401574803,0.188589540412044,0.990353697749196,0.830917874396135,0.0364500792393027,0,1,0.0249221183800623,0.991974317817014,0.326829268292683,0.600638977635783,0,0.890302066772655,0.265573770491803,0.739811912225705,0.025,1,0.857594936708861,0.537704918032787,0.0550314465408805,0.1112828438949,0.0365079365079365,0.24025974025974,0,0.0203125,1,0.0301109350237718,0.6032,1,0,0,0,0.370662460567823,0.0110935023771791,0.876404494382023,0.818471337579618,0.0523809523809524,0.100946372239748,0,0,0.0112540192926045,0.0659163987138264,0.990445859872611,0.0160771704180064,0.00632911392405063,0.628930817610063,0.0634146341463415,0.271103896103896,0.0909090909090909,0,0.0334928229665072,0.651828298887122,0,0.00156985871271586,0,0.34910277324633,0.0194805194805195,1,0.307073954983923,0.605055292259084,0.198461538461538,0.321086261980831,0.0398773006134969,0.915384615384615,0.012924071082391,0,0.0159235668789809,0.689320388349515,0.885220125786163,0.00786163522012579,0,0,0.2109375,0.547839506172839,0.73015873015873,0.235668789808917,0,0.111111111111111,0,0.103937007874016,1,0,0.175438596491228,0.996805111821086,1,0.71608832807571,0,0.0111111111111111,0.0879120879120879,0.0015748031496063,0.00311526479750779,0.910543130990415,1,0,0,0.829545454545455,0.9185303514377,0.838141025641026,0,1,0,0.419003115264797,0.69935691318328,0,0.396850393700787,0.0238473767885533,0.347826086956522,0.359133126934985,0,0,0.596774193548387,0.488038277511962,0.0645161290322581,0.009375,0.620094191522763,0,0.041335453100159,0.04,0,0.0341614906832298,0.982484076433121,0.0177993527508091,0.560509554140127,0,0,0.471854304635762,0.154589371980676,1,0.862619808306709,0,0,0.257318952234206,0.977848101265823,0,0.676470588235294,0.00777604976671851,1,0.6265625,0.684466019417476,0.124797406807131,0.906862745098039,0.995334370139969,0,0.957996768982229,0,0.00464396284829721,0.809602649006622,0.0153609831029186,0.995222929936306,0,0,0.478740157480315,0.526315789473684,0,0,0.00154083204930663,0,0.607779578606159,0.0110410094637224,0,0.330188679245283,0.0193861066235864,0.259615384615385,0.0494417862838915,0.965996908809892,0,0,0.721231766612642,0,0.297805642633229,1,0.988924050632911,0,0,0.0109717868338558,0.0253164556962025,0.0224358974358974,0,0.0189274447949527,0,0.65,0.696825396825397,0.00778816199376947,0.00796178343949045,0.00460122699386503,0.00783699059561128,0.028169014084507,0.982484076433121,0.0146103896103896,0.0436817472698908,0.264797507788162,0.024653312788906,0,0.0301109350237718,0,0,0.0151285930408472,0,0.938388625592417,0.00161812297734628,0.0432692307692308,0.712439418416801,0.803305785123967,0.885579937304075,0.0764331210191083,0.00156739811912226,0.895071542130366,0,0,0.358934169278997,0.585889570552147,0.791540785498489,0.810185185185185,0.359424920127796,1,0.884012539184953,0.448330683624801,0.715434083601286,0.289922480620155,0.990461049284579,0,1,0.667213114754098,0,0.353503184713376,0.768875192604006,0.372827804107425,0.110410094637224,0.00946372239747634,0.0369181380417336,0.0178571428571429,0,0.0016260162601626,0.437001594896332,0.578538102643857,0.00159235668789809,0.995398773006135,0.995363214837713,0.118858954041204,0,0,0.0294117647058824,0,0.898713826366559,0,0.0492063492063492,0,0.0265625,0,0.99375,0.152,0,0.335987261146497,0.368167202572347,0.0939490445859873,0,0,0.066334991708126,0.0494752623688156,0.0094488188976378,0,0,1,0.753510140405616,0.49203821656051,0,0.542130365659777,0,0.0753205128205128,0,0.817447495961228,0.757763975155279,0,0.649434571890145,0.408805031446541,0.129485179407176,0.0325581395348837,0.2171875,1,0.00975609756097561,0.0857142857142857,0,0,0.0139968895800933,0,0,0.977198697068404,0.6064,0,0,0.180952380952381,0.0690789473684211,0.0441640378548896,0.266141732283465,0.975346687211094,0.9968,0.177847113884555,0.180851063829787,0,0.985645933014354,0.0336,0,0.0095389507154213,0.0405616224648986,0.924764890282132,0,0.998387096774194,0,0.528846153846154,0.924071082390953,0.897226753670473,0.875981161695447,0.303715670436187,0.902668759811617,0,0,0.240829346092504,0.0206022187004754,0,0,1,0,1,0,0.289689034369885,1,1,0.450885668276973,0.0336,0.55205047318612,0,0.998366013071895,0.0476190476190476,0.00789889415481832,0,0.811290322580645,0.995405819295559,0.998384491114701,0.984496124031008,1,0,0,0.986003110419907,0.00474683544303797,0.00324675324675325,0.0268562401263823,0.00313479623824451,0,0.993680884676145,0.0110062893081761,1,0.996805111821086,0,0.993610223642173,0.0461538461538462,1,0.90952380952381,1,0.998410174880763
"711",0.327332242225859,0.329011345218801,0.333333333333333,0.366174055829228,0.309090909090909,0.320261437908497,0.4185303514377,0.341346153846154,0.302215189873418,0.0214168039538715,0.314785373608903,0.0208,0.582802547770701,0.322475570032573,0.671497584541063,0.67879746835443,0.0204724409448819,0.021523178807947,0.328968903436989,0.335443037974684,0.7808,0.646579804560261,0.317535545023697,0.0205696202531646,0.370253164556962,0.63915857605178,0.701468189233279,0.317355371900826,0.666666666666667,0.532488114104596,0.6640625,0.567567567567568,0.506493506493506,0.632850241545894,0.0172955974842767,0.311320754716981,0.0391236306729265,0.312698412698413,0.799086757990868,0.383045525902669,0.0208333333333333,0.016,0.0222222222222222,0.312903225806452,0.491776315789474,0.674267100977199,0.5584,0.668261562998405,0.642072213500785,0.68266253869969,0.020440251572327,0.324367088607595,0.75,0.324193548387097,0.4281098546042,0.679802955665025,0.0199667221297837,0.338842975206612,0.328616352201258,0.40746500777605,0.622222222222222,0.66877971473851,0.680781758957655,0.0179153094462541,0.410214168039539,0.474683544303797,0.0208333333333333,0.317965023847377,0.017741935483871,0.650974025974026,0.377952755905512,0.662921348314607,0.677265500794913,0.313572542901716,0.019047619047619,0.554364471669219,0.672413793103448,0.583596214511041,0.421900161030596,0.642737896494157,0.0176565008025682,0.53525641025641,0.654205607476635,0.31378763866878,0.686119873817035,0.393987341772152,0.317817014446228,0.336507936507937,0.327014218009479,0.0186335403726708,0.322169059011164,0.309033280507132,0.0191693290734824,0.0173228346456693,0.338788870703764,0.0176,0.996845425867508,0.338095238095238,0.0174880763116057,0.017515923566879,0.703937007874016,0.0208,0.813504823151125,0.307941653160454,0.749613601236476,0.316993464052288,0.0176282051282051,0.327503974562798,0.667207792207792,0.667205169628433,0.673946957878315,0.410339256865913,0.630818619582664,0.318979266347687,0.0195439739413681,0.328025477707006,0.555555555555556,0.0156739811912226,0.67246835443038,0.656401944894652,0.0173228346456693,0.514563106796116,0.822115384615385,0.67816091954023,0.341232227488152,0.682034976152623,0.314375987361769,0.31911532385466,0.0208333333333333,0.780063291139241,0.378421900161031,0.614634146341463,0.336038961038961,0.0171606864274571,0.318181818181818,0.657894736842105,0.0176565008025682,0.828990228013029,0.51685393258427,0.811382113821138,0.0147058823529412,0.0179153094462541,0.336463223787167,0.511111111111111,0.669950738916256,0.305466237942122,0.662440570522979,0.378335949764521,0.58252427184466,0.314785373608903,0.783960720130933,0.319422150882825,0.315789473684211,0.432859399684044,0.321543408360129,0.648780487804878,0.320126782884311,0.663414634146341,0.012924071082391,0.52588996763754,0.454121306376361,0.329113924050633,0.664086687306502,0.0205047318611987,0.307332293291732,0.617647058823529,0.315,0.313001605136437,0.312302839116719,0.618296529968454,0.317965023847377,0.667741935483871,0.3546875,0.670788253477589,0.409090909090909,0.608424336973479,0.0179445350734095,0.322528363047002,0.0157977883096366,0.411575562700965,0.314285714285714,0.674267100977199,0.330658105939005,0.361067503924647,0.32469512195122,0.3424,0.6912,0.593996840442338,0.390243902439024,0.382352941176471,0.681089743589744,0.660743134087238,0.341977309562399,0.44392523364486,0.0139318885448916,0.0207006369426752,0.850961538461538,0.0177133655394525,0.309859154929577,0.638461538461538,0.439418416801292,0.477093206951027,0.328593996840442,0.768982229402262,0.62760834670947,0.825448613376835,0.340872374798061,0.343548387096774,0.421135646687697,0.0175438596491228,0.415094339622642,0.815,0.338709677419355,0.6688,0.686427457098284,0.785826771653543,0.336507936507937,0.350078492935636,0.46984126984127,0.315372424722662,0.428571428571429,0.0162074554294976,0.690993788819876,0.576377952755906,0.325242718446602,0.0175438596491228,0.31201248049922,0.330232558139535,0.765451664025357,0.525396825396825,0.327922077922078,0.312396694214876,1,0.0195758564437194,0.408227848101266,0.59775641025641,0.338788870703764,0.657728706624606,0.341614906832298,0.316211878009631,0.317460317460317,0.360708534621578,0.555555555555556,0.678972712680578,0.334928229665072,0.561514195583596,0.667185069984448,0.664110429447853,0.623586429725363,0.656,0.768729641693811,0.600311041990669,0.65378421900161,0.662974683544304,0.657142857142857,0.716744913928013,0.66884176182708,0.34181240063593,0.0176,0.664012738853503,0.0206677265500795,0.882825040128411,0.324590163934426,0.311290322580645,0.37620578778135,0.0160513643659711,0.446808510638298,0.435257410296412,0.544117647058823,0.567092651757188,0.614173228346457,0.609046849757674,0.01875,0.304838709677419,0.75,0.548333333333333,0.337620578778135,0.670295489891135,0.528548123980424,0.677884615384615,0.664012738853503,0.324492979719189,0.310965630114566,0.419249592169657,0.0186915887850467,0.650793650793651,0.43859649122807,0.0223285486443381,0.67879746835443,0.397798742138365,0.330173775671406,0.0140625,0.681388012618297,0.671339563862928,0.330112721417069,0.425081433224756,0.661157024793388,0.0162866449511401,0.977455716586151,0.32569558101473,0.529874213836478,0.597133757961783,0.608064516129032,0.344287949921753,0.657051282051282,0.315047021943574,0.319554848966614,0.662957074721781,0.347619047619048,0.3248,0.346839546191248,0.326433121019108,0.668789808917197,0.72755905511811,0.818327974276527,0.336585365853659,0.374193548387097,0.028436018957346,0.653160453808752,0.334943639291465,0.660287081339713,0.638330757341577,0.319488817891374,0.319354838709677,0.335974643423138,0.574918566775244,0.3078125,0.651539708265802,0.353218210361067,0.317512274959083,0.0178571428571429,0.731437598736177,0.813204508856683,0.6765625,0.0318471337579618,0.658267716535433,0.375394321766562,0.664596273291925,0.665605095541401,0.0169491525423729,0.669329073482428,0.327503974562798,0.689710610932476,0.337190082644628,0.359872611464968,0.327922077922078,0.851437699680511,0.844628099173554,0.544,0.56507413509061,0.0173228346456693,0.461538461538462,0.669811320754717,0.650943396226415,0.78783151326053,0.305466237942122,0.680445151033386,0.0174050632911392,0.741732283464567,0.672985781990521,0.6784,0.586261980830671,0.32,0.624193548387097,0.322899505766063,0.341772151898734,0.0173775671406003,0.320182094081942,0.663009404388715,0.3265625,0.45933014354067,0.3125,0.686119873817035,0.342723004694836,0.666136724960254,0.404388714733542,0.509031198686371,0.380726698262243,0.337559429477021,0.310897435897436,0.805071315372425,0.35048231511254,0.304552590266876,0.659937888198758,0.676056338028169,0.305691056910569,0.318037974683544,0.620578778135048,0.40625,0.343383584589615,0.347133757961783,0.300940438871473,0.0178861788617886,0.663934426229508,0.313880126182965,0.669887278582931,0.0229885057471264,0.33974358974359,0.0194805194805195,0.6645056726094,0.314696485623003,0.3472,0.0176565008025682,0.712218649517685,0.594202898550725,0.344992050874404,0.66721044045677,0.402912621359223,0.316476345840131,0.701612903225806,0.673534072900158,0.474358974358974,0.0176565008025682,0.811290322580645,0.315359477124183,0.325358851674641,0.589825119236884,0.313971742543171,0.310051107325383,0.680851063829787,0.0159489633173844,0.335974643423138,0.3184,0.3648,0.53577106518283,0.685667752442997,0.43859649122807,0.648562300319489,0.871666666666667,0.019047619047619,0.576736672051696,0.567479674796748,0.580952380952381,0.0157977883096366,0.649180327868852,0.390322580645161,0.55625,0.576138147566719,0.66412213740458,0.018957345971564,0.0205696202531646,0.310185185185185,0.340659340659341,0.0125984251968504,0.381028938906752,0.0129659643435981,0.0140625,0.0162074554294976,0.312101910828025,0.0157977883096366,0.334983498349835,0.537735849056604,0.785714285714286,0.308777429467085,0.0161550888529887,0.0161030595813204,0.305958132045089,0.360983102918587,0.55205047318612,0.6671826625387,0.0180921052631579,0.42457231726283,0.697305863708399,0.311004784688995,0.54416403785489,0.609046849757674,0.0207006369426752,0.331746031746032,0.672131147540984,0.368253968253968,0.6528,0.020440251572327,0.669266770670827,0.694444444444444,0.572390572390572,0.33974358974359,0.0158478605388273,0.373040752351097,0.351351351351351,0.297339593114241,0.0224358974358974,0.663446054750403,0.34923339011925,0.678807947019868,0.308544303797468,0.314152410575428,0.672386895475819,0.3056,0.838607594936709,0.486739469578783,0.67304625199362,0.805872756933116,0.342948717948718,0.0207336523125997,0.673633440514469,0.352848101265823,0.678688524590164,0.587761674718196,0.59967585089141,0.018957345971564,0.685805422647528,0.517857142857143,0.839622641509434,0.331738437001595,0.659235668789809,0.68621236133122,0.629139072847682,0.359055118110236,0.403125,0.362041467304625,0.504012841091493,0.0191387559808612,0.316455696202532,0.668759811616955,0.31973898858075,0.890728476821192,0.67398119122257,0.304278922345483,0.311688311688312,0.296596434359805,0.5056,0.318471337579618,0.778501628664495,0.805466237942122,0.371069182389937,0.431746031746032,0.0155038759689922,0.0165289256198347,0.315447154471545,0.35303776683087,0.667207792207792,0.344155844155844,0.325949367088608,0.839116719242902,0.366776315789474,0.573983739837398,0.420970266040689,0.0205696202531646,0.348387096774194,0.996753246753247,0.323809523809524,0.307568438003221,0.0173501577287066,0.570967741935484,0.347334410339257,0.665605095541401,0.546191247974068,0.600315955766193,0.458333333333333,0.517799352750809,0.354391371340524,0.682588597842835,0.330065359477124,0.318327974276527,0.351822503961965,0.998355263157895,0.782747603833866,0.313099041533546,0.316957210776545,0.018957345971564,0.507020280811232,0.617322834645669,0.638977635782748,0.492211838006231,0.303370786516854,0.40064620355412,0.309262166405024,0.231611893583725,0.659539473684211,0.0172955974842767,0.482484076433121,0.669341894060995,0.660287081339713,0.642172523961661,0.0191693290734824,0.3376,0.384496124031008,0.322222222222222,0.325396825396825,0.682389937106918,0.674157303370786,0.0171606864274571,0.0191082802547771,0.794453507340946,0.685990338164251,0.673076923076923,0.0176565008025682,0.658767772511848,0.304140127388535,0.303459119496855,0.86547811993517,0.32843137254902,0.747181964573269,0.341935483870968,0.531300160513644,0.580343213728549,0.0174880763116057,0.314329738058552,0.809369951534733,0.760129659643436,0.399068322981366,0.321766561514196,0.724960254372019,0.0221870047543582,0.356466876971609,0.360890302066773,0.0178861788617886,0.326120556414219,0.673534072900158,0.327759197324415,0.631911532385466,0.0174603174603175,0.0191082802547771,0.762852404643449,0.478190630048465,0.668276972624799,0.658978583196046,0.0207336523125997,0.0147540983606557,0.473684210526316,0.672,0.318791946308725,0.635220125786163,0.316535433070866,0.669796557120501,0.594043887147335,0.621187800963082,0.444084278768233,0.702302631578947,0.676848874598071,0.0189274447949527,0.67862969004894,0.018957345971564,0.321928460342146,0.622950819672131,0.327666151468315,0.670967741935484,0.333333333333333,0.019047619047619,0.586206896551724,0.645161290322581,0.322834645669291,0.0144694533762058,0.320872274143302,0.0179153094462541,0.617647058823529,0.330203442879499,0.0220472440944882,0.67981072555205,0.319286871961102,0.448613376835237,0.369181380417335,0.674050632911392,0.0192926045016077,0.309904153354633,0.628205128205128,0.0171606864274571,0.575709779179811,0.661442006269592,0.670347003154574,0.304700162074554,0.315533980582524,0.313880126182965,0.311897106109325,0.339228295819936,0.0161812297734628,0.34185303514377,0.0217391304347826,1,0.626198083067093,0.323763955342903,0.326366559485531,0.326086956521739,0.32018927444795,0.0968253968253968,0.690590111642743,0.340604026845638,0.356357927786499,0.527733755942948,0.333863275039746,0.312302839116719,0.349761526232114,0.0203761755485893,0.0186625194401244,0.329787234042553,0.0125,0.678740157480315,0.016025641025641,0.365231259968102,0.627831715210356,0.669856459330144,0.686427457098284,0.377207062600321,0.0210016155088853,0.750793650793651,0.313001605136437,0.315372424722662,0.558292282430213,0.779661016949153,0.673748103186646,0.645412130637636,0.513071895424837,0.655660377358491,0.661949685534591,0.755591054313099,0.656500802568218,0.545166402535658,0.674679487179487,0.016260162601626,0.667213114754098,1,0.316476345840131,0.704,0.824074074074074,0.573228346456693,0.444270015698587,0.331761006289308,0.354098360655738,0.318770226537217,0.330618892508143,0.326829268292683,0.57741935483871,0.58664546899841,0.318541996830428,0.681957186544342,0.675925925925926,0.429936305732484,0.0205371248025276,0.30829420970266,0.322429906542056,0.0193548387096774,0.715702479338843,0.0176,0.339712918660287,0.0196078431372549,0.333868378812199,0.310897435897436,0.685271317829457,0.45016077170418,0.301710730948678,0.649918962722853,0.646875,0.448946515397083,0.0176282051282051,0.0176565008025682,0.380165289256198,0.378995433789954,0.332273449920509,0.0186335403726708,0.0158227848101266,0.659574468085106,0.65511811023622,0.596774193548387,0.0191082802547771,0.595238095238095,0.0171875,0.363489499192246,0.322422258592471,0.784090909090909,0.658267716535433,0.0169753086419753,0.623778501628665,0.517515923566879,0.412420382165605,0.347826086956522,0.53343949044586,0.681672025723473,0.338762214983713,0.110932475884244,0.32512315270936,0.0144694533762058,0.31832298136646,0.0192616372391653,0.312399355877617,0.665064102564103,0.452032520325203,0.0141065830721003,0.0143540669856459,0.4576,0.367720465890183,0.368584758942457,0.532608695652174,0.673946957878315,0.661835748792271,0.405144694533762,0.377742946708464,0.0145631067961165,0.662866449511401,0.335463258785943,0.0125786163522013,0.323101777059774,0.345911949685535,0.681089743589744,0.0269413629160063,0.668269230769231,0.321372854914197,0.570287539936102,0.679032258064516,0.689935064935065,0.65511811023622,0.546191247974068,0.68621236133122,0.320325203252033,0.0205047318611987,0.546774193548387,0.328638497652582,0.0210016155088853,0.0193861066235864,0.665644171779141,0.0126582278481013,0.67258064516129,0.308186195826645,0.509121061359867,0.672609400324149,0.666666666666667,0.770226537216828,0.354575163398693,0.668238993710692,0.031496062992126,0.672818791946309,0.0786885245901639,0.028436018957346,0.0177133655394525,0.590322580645161,0.65987460815047,0.663907284768212,0.677316293929712,0.6625,0.026578073089701,0.0288,0.678855325914149,0.0286624203821656,0.0195758564437194,0.0549273021001615,0.0349206349206349,0.0251968503937008,0.674050632911392,0.0463258785942492,0.66334991708126,0.680194805194805,0.0275526742301459,0.662440570522979,0.0722135007849294,0.671899529042386,0.654516640253566,0.668730650154799,0.656050955414013
"712",0.996753246753247,1,0.970588235294118,0.932231404958678,0.980327868852459,1,0.889250814332248,0.97275641025641,1,0,1,0,0.564308681672026,1,0.0352,0.00955414012738853,0,0.0146103896103896,0.996726677577741,0.982286634460548,0.15311004784689,0.031404958677686,0.990536277602524,0,0.957074721780604,0.243589743589744,0.0956239870340357,0.988636363636364,0.454833597464342,0.676656151419558,0,0.691437802907916,0.763458401305057,0.275641025641026,0,1,0.0127591706539075,0.996830427892235,0.259026687598116,0.906497622820919,0,0.0173228346456693,0.00628930817610063,1,0.777777777777778,0.0147783251231527,0.509060955518946,0,0.454545454545455,0.140822784810127,0,0.993569131832797,0.261146496815287,1,0.874799357945425,0.14759535655058,0,0.974068071312804,0.957142857142857,0.896496815286624,0.282258064516129,0.420062695924765,0,0,0.897727272727273,0.830342577487765,0,0.988636363636364,0,0,0.845295055821372,0.00642054574638844,0.016260162601626,1,0,0.718553459119497,0.0464,0.575277337559429,0.892857142857143,0.254575707154742,0,0.706624605678233,0.206677265500795,0.998425196850394,0.114832535885167,0.906497622820919,0.995207667731629,0.966346153846154,0.968304278922345,0.00927357032457496,0.985436893203884,1,0,0,0.96551724137931,0,0.280193236714976,0.979099678456592,0.00635930047694754,0.00802568218298555,0.612012987012987,0,0.293159609120521,1,0.105919003115265,1,0.00811688311688312,0.972886762360447,0,0.00484652665589661,0.00628930817610063,0.903691813804173,0.320450885668277,0.993620414673046,0,0.982456140350877,0.7152,0,0,0.23482428115016,0,0.763754045307443,0.245557350565428,0.0668896321070234,0.976076555023923,0.138709677419355,0.996810207336523,0.998397435897436,0,0.541195476575121,0.926829268292683,0.489326765188834,0.991974317817014,0,0.993453355155483,0.0219435736677116,0,0.204545454545455,0.624793388429752,0.507413509060956,0,0,0.9744,0.749190938511327,0.168026101141925,1,0.0065252854812398,0.918789808917197,0.403973509933775,0.978056426332288,0.133884297520661,0.988599348534202,1,0.822866344605475,0.993548387096774,0,1,0,0,0.731270358306189,0.862776025236593,0.980738362760835,0.0128410914927769,0,1,0.429284525790349,1,1,1,0.277864992150706,0.974317817014446,0,0.951026856240126,0,0.894308943089431,0.353322528363047,0,0.983792544570502,0,0.8528,1,0.123355263157895,0.980891719745223,0.953821656050955,0.992236024844721,0.980861244019139,0.0789049919484702,0.368670886075949,0.918300653594771,0.944353518821604,0.0587301587301587,0.0032,0.982113821138211,0.850556438791733,0,0,0.271704180064309,0,1,0.242811501597444,0.870279146141215,0.76031746031746,0.988888888888889,0.413680781758958,0.439102564102564,0.276422764227642,0.914516129032258,0.957860615883306,0.875993640699523,0,0.873801916932907,0.167774086378738,0.936688311688312,0,0.0649762282091918,0.528,0.970731707317073,0.979495268138801,0.826016260162602,0.998422712933754,0.899022801302932,0,0.0657051282051282,0.648089171974522,0.993485342019544,0,0.992025518341308,0.979623824451411,0.538216560509554,0.542264752791069,0.991883116883117,1,0.358064516129032,0,0.888188976377953,0.522875816993464,0.968333333333333,0,0.951026856240126,0.998381877022654,1,0.957792207792208,0.520766773162939,0.00162866449511401,0.97092084006462,0.531001589825119,0.0031104199066874,0.0015600624024961,0.199672667757774,0,0.14453781512605,0.657770800627943,0,0.00473186119873817,0.00963081861958266,0.577952755905512,0.039344262295082,0.98694942903752,0.00970873786407767,0,0,0.215434083601286,1,0.98546042003231,0.889245585874799,0,0.874791318864775,0.857827476038339,0.687702265372168,0.596434359805511,0.449511400651466,0.455,0.00943396226415094,1,0.0886075949367089,0.701666666666667,0.961661341853035,0.00963081861958266,0.736757624398074,0.0016,0.117363344051447,1,1,0.890879478827362,0,0.629337539432177,0.879032258064516,0,0,0.890649762282092,0.978998384491115,0,0.0016025641025641,0.00159235668789809,0.98202614379085,0.876221498371335,0,0,0.381877022653722,0.99025974025974,0.79080824088748,0.378980891719745,0.647249190938511,0.957547169811321,0.00969305331179321,1,1,0.00485436893203883,0.964401294498382,1,0.975450081833061,0.9968,0.177133655394525,0.309968847352025,0.272285251215559,0.975328947368421,0.931438127090301,0.0544,0.268729641693811,0.973983739837398,0.137161084529506,0.298136645962733,0.993690851735016,0.996732026143791,0.963375796178344,0.689034369885434,0.998402555910543,0.248772504091653,0.963665086887836,0.998373983739837,0,0.31629392971246,0.542148760330578,0.0112903225806452,0.0576,0.0078125,0.90302066772655,0.0267716535433071,0,0,0.215210355987055,0.99349593495935,0.0706260032102729,0.984797297297297,0.97275641025641,0.98546042003231,0.272277227722772,0.274086378737542,0.6677471636953,0.45362563237774,0,0.817741935483871,0.0110935023771791,0.0397456279809221,0.2048,1,0,0,0.326923076923077,0.00631911532385466,0.0225442834138486,0.480707395498392,1,0.261666666666667,1,0.969004893964111,0,0.990895295902883,0,0.998407643312102,0.8272,1,0.0114192495921697,0.979623824451411,0,0.883386581469649,0.710526315789474,0.949044585987261,0.988871224165342,0.996768982229402,0.280327868852459,0.963455149501661,1,0,0.0208667736757624,1,1,0.309677419354839,0.885483870967742,0.963025210084034,0.94912559618442,1,0,0.114617940199336,1,0.00161290322580645,0,0.965686274509804,0.00818330605564648,0.0440456769983687,1,0.969404186795491,0.00321027287319422,0.613526570048309,0.401294498381877,0.983818770226537,0,0.858766233766234,0.99673735725938,0.360197368421053,0.591125198098257,0.780844155844156,0,0.154589371980676,0.977235772357724,0.998376623376623,0.441935483870968,1,0.972649572649573,0.0323624595469256,0.00161550888529887,0.987281399046105,0.995176848874598,0.953451043338684,0.691107644305772,0.008,0.860162601626016,0.215189873417722,0.180602006688963,0.00486223662884927,0.61389337641357,0.578861788617886,0.598726114649682,0,0.27150084317032,0.905448717948718,0.64171974522293,0.5056,0.0807453416149068,0,0,1,0.973143759873618,0,0.922829581993569,0.00821018062397373,0,0,0.998384491114701,0,1,0.769230769230769,0.514150943396226,1,0,0,0.9952,0.954898911353033,0.724409448818898,0,0.00164744645799012,0.874223602484472,0.582802547770701,1,0.523809523809524,0.336601307189543,0,0.9808,0,0.957516339869281,0.0849673202614379,0,0.0078003120124805,0.117455138662316,0.467116357504216,0.97427652733119,0,0.944968553459119,0.974522292993631,1,0,0.059504132231405,0.929794520547945,0.00503355704697987,1,1,0.00802568218298555,1,0.281350482315113,0.79454253611557,0.008,0.165562913907285,0.957792207792208,0.00658978583196046,0,0.974522292993631,0.00666666666666667,0.670549084858569,0.392508143322476,0,0.113782051282051,0.737357259380098,0.253125,0.97933227344992,0,0.132045088566828,0.448160535117057,0.945397815912636,0.873239436619718,0.958266452648475,0.746365105008078,0,0.980922098569157,0,0.969255663430421,0.380327868852459,0,1,1,1,0.6288,0.985736925515055,0.127035830618893,0.185365853658537,0.941463414634146,0.871175523349436,0,0,0.991776315789474,0.925324675324675,0.0145867098865478,0.980456026058632,0.991909385113269,0.347619047619048,0.929853181076672,0.719155844155844,0.884375,0,0.966613672496025,0.331715210355987,1,0.9984,0,0.630541871921182,0.975247524752475,0,0.683360258481422,0.369009584664537,0.8,0.673267326732673,0.95447409733124,0.0750798722044728,0.980165289256198,1,0.982594936708861,0.285714285714286,0.0920840064620355,0.990521327014218,1,0.00476947535771065,0.779032258064516,0.4368,0.23961661341853,0.758842443729904,1,0.871589085072231,1,0.130298273155416,0,0,0.823817292006525,0.00323101777059774,0,0.260450160771704,0,0.990275526742301,0.905901116427432,0.998405103668262,0.993630573248408,0.0878594249201278,0,0,0,0.163636363636364,0.0709677419354839,0.150485436893204,0,0,1,0.00786163522012579,0.268976897689769,1,0.579872204472843,0.975530179445351,0.648089171974522,0.622611464968153,0,1,0.374203821656051,0.477272727272727,0.92259083728278,0.988888888888889,0.382636655948553,0.0096,0.948635634028893,0.953343701399689,0,0.965463108320251,0.0111642743221691,0.988352745424293,0.439418416801292,0,0.00643086816720257,0.494037478705281,0.832236842105263,0,0.119868637110016,0.00952380952380952,0,0.740683229813665,0.0164203612479475,1,0.313291139240506,0.995341614906832,0,0.354632587859425,0.331136738056013,0.870491803278688,0.0913621262458472,0.00479233226837061,0.00158982511923688,0.033003300330033,0,0.993730407523511,0.0384615384615385,0.978227060653188,0.0032,1,0,0.518867924528302,0.451456310679612,1,0,1,0,0.385245901639344,0.992138364779874,0,0.634945397815913,0.975609756097561,0.753289473684211,0.95253682487725,0.0334394904458599,0,1,0.25,0,0.688888888888889,0,0.017515923566879,1,1,0.992012779552716,0.969155844155844,0.981967213114754,0,0.977455716586151,0.0205696202531646,0.338141025641026,0.270096463022508,0.992050874403816,0.993640699523052,0.995238095238095,0.990445859872611,0.0545746388443018,0.0114754098360656,0.985074626865672,0.959871589085072,0.719685039370079,0.974481658692185,1,0.971428571428571,0,0,0.98297213622291,0,0.0643642072213501,0,0.953674121405751,0.265993265993266,0.18407960199005,0.120253164556962,0.910596026490066,0,0.108108108108108,1,1,0.62992125984252,0.397832817337461,0.202764976958525,0.163779527559055,0.65625,0,0.115015974440895,0.524193548387097,0.262057877813505,0.7015625,0.0111642743221691,0,0,0.316476345840131,1,0.612641815235008,0.228125,0.62200956937799,0.87519747235387,0.990580847723705,0.958053691275168,0.979032258064516,1,0.998373983739837,0.540192926045016,0.415873015873016,0.9984,0.0031055900621118,0.00934579439252336,0.864734299516908,0.00792393026941363,1,0.972712680577849,0,0.110367892976589,0,0.946428571428571,0,0.974603174603175,1,0.0064,0.827140549273021,1,0.645528455284553,0.603833865814696,0.870915032679739,0,0,0.930860033726813,0.944272445820433,0.987240829346092,0,0,0,0.229329173166927,0.503134796238245,0,0.432216905901116,0,0.914473684210526,1,0.157980456026059,0.231746031746032,0,0.34640522875817,0.584814216478191,0.869774919614148,0.9629057187017,0.779552715654952,0,0.990033222591362,0.0143540669856459,1,0,0.981191222570533,0.00638977635782748,1,0.0178861788617886,0.00985221674876847,0,0,0.821939586645469,0.927852348993289,0.938485804416404,0.704510108864697,0.0216383307573416,0.00483870967741936,0.823338735818476,0.83596214511041,0,0.0115702479338843,0.969155844155844,0,0.986644407345576,0.955766192733017,0.0593900481540931,0.0410094637223975,0.00321543408360129,1,0.456053067993366,0.0691318327974277,0.0981697171381032,0.104761904761905,0.695364238410596,0.0972886762360447,1,0,0.75487012987013,0.980861244019139,0.00322061191626409,0,0,0,0,1,0.698675496688742,0,0,0.537337662337662,0.962540716612378,0.429252782193959,0.0475435816164818,0.00167224080267559,0.0511073253833049,0.0146818923327896,0,0.0307443365695793,0.0031104199066874,0.00163132137030995,0.00798722044728434,0,0.0487012987012987,0.0587301587301587,0.0142857142857143,0.0179153094462541,0.00495867768595041,0.0241545893719807,0.022508038585209,0.0581583198707593,0.00811688311688312,0.0206677265500795,0,0.0016260162601626,0.044189852700491,0.00805152979066022,0.023696682464455,0,0.032,0.00155038759689922,0.00164473684210526
"713",0.625796178343949,0.621913580246914,0.639191290824261,0.641025641025641,0.625806451612903,0.637820512820513,0.732283464566929,0.649842271293375,0.620481927710843,0.0289855072463768,0.618012422360248,0.0358255451713396,0.585023400936037,0.621664050235479,0.37442218798151,0.371775417298938,0.0284857571214393,0.0425867507886435,0.636505460218409,0.636363636363636,0.505359877488515,0.363489499192246,0.627300613496933,0.0290519877675841,0.646511627906977,0.453543307086614,0.410658307210031,0.621236133122029,0.609682299546142,0.677621283255086,0.346153846153846,0.665109034267913,0.662480376766091,0.466353677621283,0.0297805642633229,0.617088607594937,0.0527131782945736,0.614307931570762,0.586102719033233,0.613496932515337,0.028169014084507,0.0336391437308868,0.0429447852760736,0.613312202852615,0.65112540192926,0.367029548989114,0.528301886792453,0.345368916797488,0.607305936073059,0.437689969604863,0.0338983050847458,0.623639191290824,0.541085271317829,0.62015503875969,0.734276729559748,0.443217665615142,0.0336538461538462,0.622222222222222,0.646697388632873,0.645608628659476,0.461068702290076,0.601837672281776,0.356012658227848,0.0345911949685535,0.624600638977636,0.645510835913313,0.0313971742543171,0.629860031104199,0.0232919254658385,0.339593114241002,0.60741885625966,0.340590979782271,0.372239747634069,0.626524390243902,0.0308166409861325,0.68558282208589,0.373088685015291,0.601851851851852,0.690966719492868,0.492537313432836,0.0297339593114241,0.651515151515151,0.467374810318665,0.615267175572519,0.424148606811146,0.65296803652968,0.612654320987654,0.633281972265023,0.614551083591331,0.0399385560675883,0.608214849921011,0.607142857142857,0.0265625,0.031104199066874,0.615506329113924,0.0297339593114241,0.690402476780186,0.627511591962906,0.0305810397553517,0.0373250388802488,0.84044233807267,0.0300157977883096,0.611023622047244,0.626373626373626,0.43161094224924,0.621835443037975,0.0365659777424483,0.644859813084112,0.346938775510204,0.358814352574103,0.355140186915888,0.713836477987421,0.547839506172839,0.617283950617284,0.0303030303030303,0.637904468412943,0.661042944785276,0.0214395099540582,0.349768875192604,0.466876971608833,0.0291858678955453,0.676609105180534,0.578461538461538,0.380952380952381,0.617873651771957,0.434312210200927,0.623853211009174,0.609375,0.0358814352574103,0.791730474732006,0.659340659340659,0.563981042654028,0.631410256410256,0.0279937791601866,0.634460547504026,0.353120243531202,0.0308641975308642,0.553627760252366,0.543171114599686,0.800319488817891,0.028892455858748,0.0316957210776545,0.643410852713178,0.64576802507837,0.43879173290938,0.602201257861635,0.355694227769111,0.674961119751166,0.532710280373832,0.624434389140271,0.485576923076923,0.616692426584235,0.604395604395604,0.650695517774343,0.620743034055728,0.338658146964856,0.62888198757764,0.353218210361067,0.0264385692068429,0.65149136577708,0.731003039513678,0.615987460815047,0.359253499222395,0.0338983050847458,0.609494640122512,0.579527559055118,0.626229508196721,0.620426829268293,0.614307931570762,0.468797564687976,0.627329192546584,0.360248447204969,0.625954198473282,0.357034795763994,0.70364500792393,0.5,0.029595015576324,0.62111801242236,0.0307219662058372,0.625196850393701,0.626984126984127,0.417322834645669,0.620528771384137,0.625776397515528,0.617117117117117,0.64031007751938,0.410687022900763,0.558069381598793,0.631746031746032,0.640625,0.385560675883257,0.369969040247678,0.636792452830189,0.816358024691358,0.0302114803625378,0.0316455696202532,0.639937106918239,0.031055900621118,0.613981762917933,0.506134969325153,0.759554140127389,0.615023474178404,0.626139817629179,0.682888540031397,0.571651090342679,0.626391096979332,0.623028391167192,0.628482972136223,0.691603053435115,0.031104199066874,0.648690292758089,0.541062801932367,0.629160063391442,0.3625,0.400921658986175,0.781789638932496,0.626543209876543,0.632776934749621,0.666666666666667,0.627329192546584,0.637636080870918,0.0266457680250784,0.398133748055988,0.63020030816641,0.623622047244095,0.0293663060278207,0.617021276595745,0.635416666666667,0.776744186046512,0.552755905511811,0.629457364341085,0.615136876006441,0.755520504731861,0.0337620578778135,0.706153846153846,0.609034267912773,0.645833333333333,0.363076923076923,0.622324159021407,0.614285714285714,0.629337539432177,0.637223974763407,0.59480122324159,0.367762128325509,0.636222910216718,0.534562211981567,0.347560975609756,0.340425531914894,0.422118380062305,0.346875,0.496038034865293,0.708333333333333,0.338957055214724,0.350769230769231,0.358934169278997,0.753048780487805,0.377388535031847,0.624610591900312,0.0377358490566038,0.358255451713396,0.0307219662058372,0.593004769475358,0.617460317460317,0.615030674846626,0.609984399375975,0.0304878048780488,0.71451355661882,0.625386996904025,0.649842271293375,0.62111801242236,0.555209953343701,0.545741324921136,0.0438184663536776,0.608557844690967,0.461300309597523,0.672523961661342,0.643533123028391,0.369734789391576,0.693623639191291,0.370942812982998,0.439324116743472,0.634146341463415,0.615136876006441,0.731132075471698,0.0287443267776097,0.733846153846154,0.740566037735849,0.0291858678955453,0.365151515151515,0.7217125382263,0.635093167701863,0.0232919254658385,0.360123647604328,0.348623853211009,0.630990415335463,0.658227848101266,0.349206349206349,0.0238095238095238,0.7601246105919,0.636650868878357,0.737327188940092,0.548989113530327,0.701095461658842,0.636222910216718,0.355694227769111,0.615975422427035,0.610328638497653,0.353312302839117,0.633281972265023,0.609177215189873,0.626794258373206,0.607751937984496,0.457231726283048,0.568567026194145,0.618098159509202,0.629392971246006,0.645569620253165,0.0617283950617284,0.471698113207547,0.648818897637795,0.421052631578947,0.50076103500761,0.631578947368421,0.623233908948195,0.64031007751938,0.658307210031348,0.601526717557252,0.460691823899371,0.645357686453577,0.622257053291536,0.029874213836478,0.559939301972686,0.966929133858268,0.357698289269051,0.0719754977029096,0.353030303030303,0.632148377125193,0.384969325153374,0.346625766871166,0.0272727272727273,0.469578783151326,0.618670886075949,0.410216718266254,0.646869983948636,0.646697388632873,0.625776397515528,0.618066561014263,0.627009646302251,0.616719242902208,0.545602605863192,0.0310077519379845,0.641185647425897,0.368501529051988,0.362654320987654,0.544600938967136,0.631832797427653,0.363496932515337,0.0308641975308642,0.569444444444444,0.369565217391304,0.372239747634069,0.562790697674419,0.60410094637224,0.482059282371295,0.622149837133551,0.61214953271028,0.0326086956521739,0.602086438152012,0.347094801223242,0.629129129129129,0.64622641509434,0.62379421221865,0.377151799687011,0.646322378716745,0.356037151702786,0.629230769230769,0.63301282051282,0.642748091603053,0.642748091603053,0.62037037037037,0.598755832037325,0.642969984202212,0.60708782742681,0.345038167938931,0.36547433903577,0.618066561014263,0.619847328244275,0.501543209876543,0.616793893129771,0.6256,0.626168224299065,0.608231707317073,0.0266457680250784,0.402535657686212,0.610591900311526,0.353312302839117,0.032967032967033,0.653125,0.036741214057508,0.365777080062794,0.612307692307692,0.64696734059098,0.0357142857142857,0.835147744945568,0.534700315457413,0.636507936507936,0.343354430379747,0.622611464968153,0.627760252365931,0.587869362363919,0.726574500768049,0.663522012578616,0.0286168521462639,0.513056835637481,0.636792452830189,0.620904836193448,0.524031007751938,0.608294930875576,0.601957585644372,0.355694227769111,0.027906976744186,0.636932707355243,0.622083981337481,0.635093167701863,0.611963190184049,0.357254290171607,0.729559748427673,0.472698907956318,0.554119547657512,0.0356037151702786,0.605678233438486,0.608087091757387,0.618461538461539,0.0292307692307692,0.531948881789137,0.669278996865204,0.5953125,0.590214067278288,0.394578313253012,0.0292758089368259,0.0306278713629403,0.602086438152012,0.625192012288787,0.0264385692068429,0.671802773497689,0.0347551342812006,0.0239880059970015,0.0273752012882448,0.61993769470405,0.0263975155279503,0.648,0.724191063174114,0.776595744680851,0.626339969372129,0.0299684542586751,0.0254777070063694,0.610591900311526,0.634408602150538,0.645962732919255,0.343653250773994,0.0288,0.739663093415008,0.720858895705521,0.622432859399684,0.566358024691358,0.546021840873635,0.0291411042944785,0.617873651771957,0.362341772151899,0.67246835443038,0.397781299524564,0.0294117647058824,0.354642313546423,0.431746031746032,0.509771986970684,0.622496147919877,0.0337941628264209,0.662079510703364,0.626153846153846,0.624413145539906,0.0340030911901082,0.393312101910828,0.617263843648209,0.372168284789644,0.607963246554365,0.62,0.346811819595645,0.602446483180428,0.627906976744186,0.681318681318681,0.369327073552426,0.527156549520767,0.635514018691589,0.0344827586206897,0.368088467614534,0.644171779141104,0.362916006339144,0.650238473767886,0.525157232704403,0.0293663060278207,0.423255813953488,0.65086887835703,0.59717868338558,0.628304821150855,0.325545171339564,0.448698315467075,0.561258278145695,0.625192012288787,0.648484848484848,0.639498432601881,0.631911532385466,0.0314465408805031,0.632148377125193,0.358118361153263,0.602523659305994,0.7328,0.358778625954198,0.619266055045872,0.6140625,0.616822429906542,0.547692307692308,0.62111801242236,0.472843450479233,0.546456692913386,0.646153846153846,0.755102040816326,0.0290076335877863,0.0301109350237718,0.611635220125786,0.617693522906793,0.372611464968153,0.625,0.630602782071097,0.665639445300462,0.665079365079365,0.706814580031696,0.723664122137405,0.0317220543806647,0.625,0.7296875,0.606864274570983,0.601550387596899,0.0288753799392097,0.64622641509434,0.633647798742138,0.354134165366615,0.647887323943662,0.524691358024691,0.648286140089419,0.636222910216718,0.628224582701062,0.39509954058193,0.642969984202212,0.641304347826087,0.637480798771121,0.668820678513732,0.448916408668731,0.624610591900312,0.609230769230769,0.0401854714064915,0.663093415007657,0.547839506172839,0.477657935285054,0.660436137071651,0.602825745682888,0.636792452830189,0.608087091757387,0.237366003062787,0.351132686084142,0.0276497695852535,0.685758513931889,0.353312302839117,0.348031496062992,0.482170542635659,0.0327102803738318,0.636785162287481,0.640432098765432,0.605546995377504,0.614916286149163,0.401234567901235,0.363349131121643,0.0287009063444109,0.0313971742543171,0.515772870662461,0.38740157480315,0.456692913385827,0.0337941628264209,0.343260188087774,0.605546995377504,0.169753086419753,0.639191290824261,0.626198083067093,0.807453416149068,0.63258785942492,0.644716692189893,0.643939393939394,0.0261538461538462,0.620178041543027,0.680511182108626,0.712050078247261,0.688922610015175,0.625766871165644,0.591549295774648,0.04,0.643962848297214,0.658573596358118,0.0248447204968944,0.61144578313253,0.351145038167939,0.620192307692308,0.558461538461538,0.0310077519379845,0.0341614906832298,0.724306688417618,0.669291338582677,0.349768875192604,0.432859399684044,0.0414746543778802,0.0304,0.637329286798179,0.367507886435331,0.633057851239669,0.535276073619632,0.629057187017002,0.340458015267176,0.512898330804249,0.493670886075949,0.707472178060413,0.415335463258786,0.368827160493827,0.0346456692913386,0.371695178849145,0.0292758089368259,0.627450980392157,0.330645161290323,0.629969418960245,0.371473354231975,0.624600638977636,0.031055900621118,0.566869300911854,0.594679186228482,0.621495327102804,0.0251968503937008,0.609422492401216,0.0332278481012658,0.560386473429952,0.63594470046083,0.0352220520673813,0.839506172839506,0.624803767660911,0.575949367088608,0.662939297124601,0.374429223744292,0.0268562401263823,0.612752721617418,0.487421383647799,0.0303030303030303,0.650621118012422,0.340393343419062,0.357361963190184,0.604430379746835,0.621069182389937,0.606481481481482,0.613003095975232,0.628482972136223,0.0294573643410853,0.632398753894081,0.0497667185069984,0.724615384615385,0.490683229813665,0.611620795107034,0.607535321821036,0.618098159509202,0.621913580246914,0.1328125,0.3765625,0.639741518578352,0.639876352395672,0.611620795107034,0.635093167701863,0.609907120743034,0.652173913043478,0.0321100917431193,0.0308166409861325,0.623123123123123,0.0290519877675841,0.398176291793313,0.0313479623824451,0.654263565891473,0.496038034865293,0.465266558966074,0.43558282208589,0.636932707355243,0.0327102803738318,0.4399375975039,0.618380062305296,0.623277182235835,0.644409937888199,0.679582712369598,0.462686567164179,0.441400304414003,0.568253968253968,0.348228043143297,0.402777777777778,0.745682888540031,0.474097331240188,0.627300613496933,0.358024691358025,0.0297339593114241,0.353503184713376,0.704,0.612641815235008,1,0.582831325301205,0.597542242703533,0.734351145038168,0.622727272727273,0.653290529695024,0.615748031496063,0.623604465709729,0.63015873015873,0.596850393700787,0.557926829268293,0.628125,0.367164179104478,0.361702127659574,0.702492211838006,0.0429447852760736,0.614439324116744,0.601851851851852,0.0283018867924528,0.445705024311183,0.0294117647058824,0.624,0.0337620578778135,0.619783616692427,0.624012638230648,0.364457831325301,0.660964230171073,0.611620795107034,0.783018867924528,0.712519319938176,0.751962323390895,0.0279937791601866,0.0282574568288854,0.635024549918167,0.671641791044776,0.629457364341085,0.0303951367781155,0.0260336906584992,0.348982785602504,0.457186544342508,0.580343213728549,0.0297805642633229,0.56656346749226,0.029595015576324,0.6198738170347,0.619496855345912,0.49203821656051,0.471841704718417,0.0244648318042813,0.56140350877193,0.572100313479624,0.609034267912773,0.650306748466258,0.724458204334365,0.355799373040752,0.648089171974522,0.0737833594976452,0.614147909967846,0.026984126984127,0.617960426179604,0.031055900621118,0.618670886075949,0.364485981308411,0.240188383045526,0.0280373831775701,0.0283464566929134,0.650914634146341,0.6138147566719,0.695852534562212,0.635114503816794,0.377099236641221,0.362916006339144,0.6,0.579819277108434,0.0238473767885533,0.362363919129082,0.61993769470405,0.0262751159196291,0.621283255086072,0.656923076923077,0.381026438569207,0.0612557427258806,0.343701399688958,0.613846153846154,0.561014263074485,0.390432098765432,0.408874801901743,0.422535211267606,0.650238473767886,0.401225114854518,0.628930817610063,0.0295489891135303,0.657232704402516,0.599085365853659,0.0376766091051805,0.0279937791601866,0.349397590361446,0.0252365930599369,0.371695178849145,0.617283950617284,0.62540192926045,0.357945425361156,0.35377358490566,0.788216560509554,0.67246835443038,0.593220338983051,0.0625,0.357827476038339,0.0909090909090909,0.0485133020344288,0.0327102803738318,0.317535545023697,0.35618479880775,0.336463223787167,0.356814701378254,0.348484848484849,0.0570522979397781,0.0706605222734255,0.358814352574103,0.0451010886469673,0.0207006369426752,0.0714285714285714,0.0529500756429652,0.0673981191222571,0.368012422360248,0.0545171339563863,0.341384863123994,0.363354037267081,0.0523809523809524,0.358024691358025,0.0742424242424242,0.355038759689922,0.352201257861635,0.35618479880775,0.329249617151608
"714",0.230650154798762,0.224270353302611,0.245112781954887,0.287051482059282,0.224111282843895,0.226917057902973,0.319444444444444,0.248085758039816,0.225563909774436,0,0.232876712328767,0,0.557575757575758,0.215625,0.779816513761468,0.782674772036474,0,0.00464396284829721,0.226415094339623,0.231707317073171,0.867867867867868,0.76875,0.237593984962406,0,0.264661654135338,0.691107644305772,0.780337941628264,0.226851851851852,0.660740740740741,0.506807866868381,0.776611694152924,0.511380880121396,0.430981595092025,0.66973886328725,0,0.224242424242424,0.0119940029985007,0.219879518072289,0.967551622418879,0.310344827586207,0.00152671755725191,0.00151515151515152,0.00148367952522255,0.22015503875969,0.419713831478537,0.78328173374613,0.573596358118361,0.781437125748503,0.63946587537092,0.766369047619048,0,0.235114503816794,0.819004524886878,0.218181818181818,0.336405529953917,0.755795981452859,0,0.253477588871716,0.259370314842579,0.335329341317365,0.686544342507645,0.672699849170437,0.778120184899846,0,0.330188679245283,0.409365558912387,0,0.231003039513678,0,0.773148148148148,0.322338830584708,0.766666666666667,0.792109256449165,0.231797919762259,0,0.488095238095238,0.8,0.543543543543544,0.327613104524181,0.715670436187399,0,0.488095238095238,0.71301775147929,0.228441754916793,0.760606060606061,0.30576070901034,0.219033232628399,0.248875562218891,0.247041420118343,0,0.223420647149461,0.212443095599393,0,0,0.251162790697674,0,0.828787878787879,0.236196319018405,0.00151057401812689,0.00152671755725191,0.607033639143731,0,1,0.214175654853621,0.892697466467958,0.214397496087637,0,0.249244712990937,0.790446841294299,0.781155015197568,0.780635400907716,0.313364055299539,0.688622754491018,0.22473604826546,0,0.231927710843373,0.504615384615385,0,0.785074626865672,0.714064914992272,0,0.438167938931298,0.909647779479326,0.771384136858476,0.245053272450533,0.739788199697428,0.219910846953938,0.222560975609756,0,0.670676691729323,0.285276073619632,0.5895865237366,0.241057542768274,0,0.221362229102167,0.767511177347243,0,0.894817073170732,0.497695852534562,0.70606531881804,0,0,0.25,0.458841463414634,0.71875,0.224427480916031,0.776934749620637,0.295454545454545,0.62962962962963,0.225563909774436,0.911353032659409,0.229007633587786,0.218897637795276,0.357142857142857,0.216095380029806,0.756630265210608,0.210287443267776,0.772797527047913,0,0.479134466769706,0.362043795620438,0.234234234234234,0.776096822995461,0,0.226666666666667,0.6515625,0.234472049689441,0.224397590361446,0.214814814814815,0.673559822747415,0.258015267175572,0.795069337442219,0.25975975975976,0.777126099706745,0.318818040435459,0.646795827123696,0,0.229135053110774,0,0.344931921331316,0.226299694189602,0.763975155279503,0.249249249249249,0.27736131934033,0.234948604992658,0.25,0.774885145482389,0.647234678624813,0.290625,0.296923076923077,0.800613496932515,0.777777777777778,0.232449297971919,0.343843843843844,0,0,0.872894333843798,0.00151515151515152,0.220389805097451,0.721481481481482,0.3421875,0.416541353383459,0.239583333333333,0.770290964777948,0.629179331306991,0.87207488299532,0.27190332326284,0.252293577981651,0.333832335329341,0,0.340298507462687,0.923076923076923,0.272868217054264,0.789634146341463,0.756240822320117,0.683890577507599,0.245508982035928,0.24812030075188,0.382978723404255,0.227067669172932,0.340490797546012,0,0.762269938650307,0.51044776119403,0.227906976744186,0,0.223723723723724,0.237188872620791,0.654135338345865,0.533232628398791,0.23159509202454,0.211267605633803,0.801829268292683,0,0.32185628742515,0.602465331278891,0.254237288135593,0.773613193403298,0.252631578947368,0.214953271028037,0.222882615156018,0.276073619631902,0.557894736842105,0.791021671826625,0.245801526717557,0.563988095238095,0.780559646539028,0.770710059171598,0.710566615620214,0.775729646697389,0.883359253499222,0.553731343283582,0.767019667170953,0.766917293233083,0.773006134969325,0.63001485884101,0.768518518518518,0.238461538461538,0.00154320987654321,0.764615384615385,0,0.878086419753086,0.229329173166927,0.241691842900302,0.303892215568862,0,0.344773790951638,0.360655737704918,0.510703363914373,0.553544494720965,0.608497723823976,0.590697674418605,0.00151975683890578,0.217791411042945,0.870090634441088,0.518867924528302,0.261398176291793,0.789393939393939,0.461068702290076,0.777439024390244,0.780269058295964,0.230312035661218,0.224165341812401,0.322678843226788,0,0.583208395802099,0.324574961360124,0,0.777943368107303,0.318518518518519,0.235114503816794,0,0.793674698795181,0.775112443778111,0.249612403100775,0.350078492935636,0.777777777777778,0,0.799392097264438,0.226006191950464,0.444444444444444,0.655589123867069,0.544478527607362,0.266068759342302,0.77845220030349,0.221556886227545,0.233433734939759,0.775351014040562,0.250381679389313,0.217457886676876,0.25508607198748,0.219033232628399,0.735159817351598,0.790030211480363,0.881381381381381,0.248062015503876,0.26875,0.0120300751879699,0.715384615384615,0.240061162079511,0.730015082956259,0.691629955947137,0.21969696969697,0.227963525835866,0.246575342465753,0.510172143974961,0.2143906020558,0.706336939721793,0.254491017964072,0.211656441717791,0,0.778947368421053,0.683076923076923,0.781679389312977,0.0119940029985007,0.771386430678466,0.298937784522003,0.772590361445783,0.774924471299094,0,0.729646697388633,0.232522796352584,0.771558245083207,0.2224,0.256923076923077,0.231707317073171,0.885321100917431,0.888372093023256,0.497716894977169,0.595846645367412,0,0.390909090909091,0.787923416789396,0.76,0.936936936936937,0.224615384615385,0.781297134238311,0,0.77027027027027,0.779456193353474,0.799079754601227,0.62125748502994,0.221198156682028,0.707762557077626,0.21939586645469,0.244309559939302,0,0.234532374100719,0.768421052631579,0.22272047832586,0.389649923896499,0.233176838810642,0.792481203007519,0.246987951807229,0.774885145482389,0.329286798179059,0.468509984639017,0.290468986384266,0.244343891402715,0.222222222222222,0.880916030534351,0.26219512195122,0.216012084592145,0.770029673590504,0.800604229607251,0.216257668711656,0.227544910179641,0.681887366818874,0.31437125748503,0.255520504731861,0.267776096822995,0.216417910447761,0,0.745762711864407,0.211161387631976,0.775075987841945,0,0.250386398763524,0.00153374233128834,0.763803680981595,0.228228228228228,0.248085758039816,0.00153139356814701,0.597859327217125,0.610169491525424,0.241860465116279,0.777080062794348,0.332824427480916,0.234375,0.701378254211332,0.602086438152012,0.411585365853659,0,0.92802450229709,0.239567233384853,0.230182926829268,0.60546282245827,0.216296296296296,0.250793650793651,0.765696784073507,0,0.245877061469265,0.21765601217656,0.267776096822995,0.46875,0.781679389312977,0.344086021505376,0.727549467275495,0.814814814814815,0.00153374233128834,0.526153846153846,0.552995391705069,0.524663677130045,0,0.705069124423963,0.299847792998478,0.503736920777279,0.566265060240964,0.76453488372093,0,0,0.211062590975255,0.237388724035608,0,0.289592760180996,0,0,0,0.211567732115677,0,0.241112828438949,0.443939393939394,0.686478454680535,0.211764705882353,0,0,0.228571428571429,0.26207906295754,0.478260869565217,0.778280542986425,0,0.332840236686391,0.61377245508982,0.225903614457831,0.546268656716418,0.664086687306502,0,0.234398782343988,0.779342723004695,0.263803680981595,0.754946727549467,0,0.784546805349183,0.74922600619195,0.591125198098257,0.228787878787879,0,0.266961651917404,0.248493975903614,0.214814814814815,0,0.779661016949153,0.27724358974359,0.792452830188679,0.227067669172932,0.213649851632047,0.776119402985075,0.211077844311377,0.892749244712991,0.411144578313253,0.780152671755725,0.928792569659443,0.258805513016845,0.00153609831029186,0.787878787878788,0.24357034795764,0.785602503912363,0.539657853810264,0.63914373088685,0,0.805135951661631,0.446511627906977,0.899248120300752,0.242378048780488,0.776595744680851,0.769687964338782,0.613526570048309,0.275707898658718,0.328402366863905,0.266768292682927,0.440729483282675,0,0.237951807228916,0.776946107784431,0.248475609756098,0.836220472440945,0.782738095238095,0.213432835820896,0.223076923076923,0.209480122324159,0.498489425981873,0.238380809595202,0.894009216589862,0.924012158054711,0.282674772036474,0.329305135951662,0,0,0.231839258114374,0.269349845201238,0.781538461538462,0.251141552511416,0.244648318042813,0.835595776772247,0.281733746130031,0.504615384615385,0.329323308270677,0,0.258751902587519,0.833333333333333,0.220030349013657,0.218045112781955,0,0.544478527607362,0.24922600619195,0.770614692653673,0.486024844720497,0.636913767019667,0.403817914831131,0.47040971168437,0.263392857142857,0.75,0.23963133640553,0.234138972809668,0.241481481481481,0.835913312693498,0.793577981651376,0.225225225225225,0.220414201183432,0.00149700598802395,0.442793462109955,0.63595166163142,0.69969512195122,0.429864253393665,0.22644376899696,0.321981424148607,0.227752639517345,0.150297619047619,0.780757097791798,0,0.390839694656489,0.785932721712538,0.767267267267267,0.71689497716895,0,0.236280487804878,0.292609351432881,0.235649546827795,0.230884557721139,0.756134969325153,0.780337941628264,0,0,0.906976744186046,0.778963414634146,0.764252696456086,0,0.778774289985052,0.21765601217656,0.352409638554217,0.869631901840491,0.220839813374806,0.636363636363636,0.258164852255054,0.499250374812594,0.532738095238095,0,0.219440353460972,0.797527047913447,0.720930232558139,0.298953662182362,0.227204783258595,0.750378214826021,0.00150602409638554,0.276276276276276,0.272727272727273,0,0.249624060150376,0.785604900459418,0.235015772870662,0.601837672281776,0,0.00149253731343284,0.709728867623604,0.390092879256966,0.775075987841945,0.758513931888545,0.00148809523809524,0.0015527950310559,0.409691629955947,0.783866057838661,0.217322834645669,0.697151424287856,0.216417910447761,0.777117384843982,0.629850746268657,0.652713178294574,0.35377358490566,0.751962323390895,0.779761904761905,0.0015015015015015,0.770769230769231,0,0.229166666666667,0.672386895475819,0.241531664212077,0.764795144157815,0.238390092879257,0,0.566765578635015,0.650769230769231,0.225563909774436,0,0.223053892215569,0,0.647515527950311,0.241430700447094,0,0.55472263868066,0.235747303543914,0.43010752688172,0.279569892473118,0.783458646616541,0,0.222390317700454,0.715384615384615,0,0.516819571865443,0.768094534711965,0.781388478581979,0.233486943164363,0.218320610687023,0.22106824925816,0.244309559939302,0.25077399380805,0,0.258859784283513,0.00299850074962519,0.816964285714286,0.698776758409786,0.232980332829047,0.220543806646526,0.244377811094453,0.230421686746988,0.0477611940298507,0.792998477929985,0.242902208201893,0.266263237518911,0.477678571428571,0.234493192133132,0.21513353115727,0.251497005988024,0,0,0.244573082489146,0,0.76390977443609,0.00150829562594268,0.253067484662577,0.702028081123245,0.74414976599064,0.808669656203288,0.287692307692308,0,0.867269984917044,0.219879518072289,0.233333333333333,0.547692307692308,0.776334776334776,0.702189781021898,0.737777777777778,0.48698315467075,0.77845220030349,0.762048192771084,0.671191553544495,0.704718417047184,0.467359050445104,0.778947368421053,0,0.768875192604006,0.824074074074074,0.228125,0.582831325301205,1,0.51969696969697,0.353293413173653,0.235469448584203,0.272012578616352,0.234836702954899,0.221362229102167,0.228395061728395,0.557206537890045,0.62406015037594,0.228043143297381,0.783185840707965,0.775297619047619,0.354545454545455,0.00150829562594268,0.216216216216216,0.244712990936556,0,0.759433962264151,0,0.259878419452888,0,0.25,0.215686274509804,0.77727952167414,0.370992366412214,0.217065868263473,0.577160493827161,0.597560975609756,0.337920489296636,0,0,0.292604501607717,0.27906976744186,0.239520958083832,0,0,0.770800627943485,0.725637181409295,0.575342465753425,0,0.623298033282905,0,0.293577981651376,0.215384615384615,0.774143302180685,0.695522388059701,0,0.674454828660436,0.517611026033691,0.336391437308869,0.258394160583942,0.463963963963964,0.7821482602118,0.231496062992126,0.0828220858895705,0.2390625,0,0.232142857142857,0,0.221538461538462,0.775075987841945,0.502290076335878,0,0,0.369924812030075,0.284603421461897,0.272727272727273,0.471641791044776,0.792284866468843,0.770061728395062,0.350531107738998,0.345697329376855,0,0.771689497716895,0.254961832061069,0,0.229007633587786,0.269746646795827,0.771739130434783,0.00903614457831325,0.770864946889226,0.224035608308605,0.592248062015504,0.748484848484849,0.754303599374022,0.748872180451128,0.493788819875776,0.759286775631501,0.22644376899696,0,0.462006079027356,0.227544910179641,0,0,0.782672540381791,0,0.774436090225564,0.229954614220877,0.478328173374613,0.780525502318393,0.775700934579439,0.658423493044822,0.264525993883792,0.67814371257485,0.0104321907600596,0.772445820433437,0.0604651162790698,0.0150829562594268,0,0.659574468085106,0.767751479289941,0.76840490797546,0.773556231003039,0.789473684210526,0.00925925925925926,0.0119940029985007,0.775229357798165,0.0121396054628225,0.0031201248049922,0.0337423312883436,0.0150602409638554,0.0105580693815988,0.788519637462236,0.0210526315789474,0.786163522012579,0.792307692307692,0.00772797527047913,0.78234398782344,0.0562962962962963,0.783004552352049,0.753403933434191,0.784140969162996,0.77217125382263
"715",0.629570747217806,0.625386996904025,0.633281972265023,0.6432,0.6272,0.616852146263911,0.655502392344498,0.621495327102804,0.62962962962963,0,0.622047244094488,0,0.640746500777605,0.607655502392344,0.444444444444444,0.393188854489164,0,0.0110584518167457,0.618441971383148,0.64031007751938,0.485225505443235,0.411290322580645,0.603715170278638,0,0.65015479876161,0.551020408163265,0.457231726283048,0.614634146341463,0.724615384615385,0.653786707882535,0.378834355828221,0.687888198757764,0.813804173354735,0.529595015576324,0,0.616954474097331,0.0106221547799697,0.619414483821264,0.535660091047041,0.672360248447205,0,0.0109375,0.00154320987654321,0.621835443037975,0.659270998415214,0.412130637636081,0.667716535433071,0.380434782608696,0.610687022900763,0.493192133131619,0,0.634375,0.556765163297045,0.625396825396825,0.630265210608424,0.487220447284345,0,0.628526645768025,0.605182926829268,0.685099846390169,0.554179566563467,0.706153846153846,0.391912908242613,0,0.724842767295597,0.744615384615385,0,0.6125,0,0.393312101910828,0.638036809815951,0.37888198757764,0.400625978090767,0.618604651162791,0,0.802731411229135,0.421947449768161,0.923556942277691,0.670926517571885,0.535234899328859,0,0.683001531393568,0.573189522342065,0.607142857142857,0.490595611285266,0.672754946727549,0.62037037037037,0.64031007751938,0.614906832298137,0.00305810397553517,0.625391849529781,0.609375,0,0,0.625,0,0.544323483670295,0.619195046439629,0.00156985871271586,0.00313479623824451,0.64937106918239,0,0.551724137931034,0.611556982343499,0.459909228441755,0.622186495176849,0.00471698113207547,0.626582278481013,0.380726698262243,0.391849529780564,0.389830508474576,0.63452566096423,0.557632398753894,0.627760252365931,0,0.622699386503067,0.702492211838006,0,0.384012539184953,0.578616352201258,0,0.805900621118012,0.551617873651772,0.450320512820513,0.623456790123457,0.5115562403698,0.611963190184049,0.604615384615385,0,0.639876352395672,0.64171974522293,0.715890850722311,0.610223642172524,0,0.619741100323625,0.393292682926829,0,0.526813880126183,0.6578125,0.641838351822504,0,0,0.636932707355243,0.828346456692913,0.559105431309904,0.605678233438486,0.380368098159509,0.648606811145511,0.5952,0.615151515151515,0.478330658105939,0.615863141524106,0.616719242902208,0.643518518518518,0.615384615384615,0.391373801916933,0.615146831530139,0.386792452830189,0,0.785714285714286,0.654377880184332,0.616588419405321,0.396578538102644,0,0.615975422427035,0.603864734299517,0.618589743589744,0.621329211746522,0.599690880989181,0.54364471669219,0.627692307692308,0.394695787831513,0.634146341463415,0.394302848575712,0.652173913043478,0.639876352395672,0,0.62015503875969,0,0.68,0.621283255086072,0.476190476190476,0.62754303599374,0.670229007633588,0.619266055045872,0.632776934749621,0.458074534161491,0.56793893129771,0.661264181523501,0.655712050078247,0.412420382165605,0.381395348837209,0.604761904761905,0.639191290824261,0,0,0.561797752808989,0,0.629402756508423,0.533026113671275,0.629392971246006,0.68140243902439,0.617737003058104,0.629213483146067,0.675799086757991,0.57097288676236,0.619565217391304,0.626409017713366,0.664098613251156,0,0.636645962732919,0.4912,0.642405063291139,0.378670788253478,0.439137134052388,0.64622641509434,0.61875,0.636503067484663,0.757387247278383,0.600311041990669,0.749216300940439,0,0.4578125,0.830559757942511,0.628526645768025,0,0.62596599690881,0.624813153961136,0.644409937888199,0.5984375,0.619496855345912,0.618357487922705,0.58,0,0.650306748466258,0.657276995305164,0.639109697933227,0.377329192546584,0.640483383685801,0.618524332810047,0.623052959501558,0.679873217115689,0.6203125,0.413629160063391,0.642857142857143,0.662519440124417,0.374242424242424,0.371987951807229,0.458135860979463,0.363636363636364,0.467408585055644,0.635811836115326,0.375579598145286,0.385208012326656,0.39938080495356,0.666156202143951,0.400316455696203,0.624405705229794,0.00478468899521531,0.386435331230284,0,0.524879614767255,0.62379421221865,0.635528330781011,0.65149136577708,0,0.668261562998405,0.708782742681048,0.686728395061728,0.671296296296296,0.624,0.67817896389325,0.0046583850931677,0.597464342313788,0.442901234567901,0.674603174603175,0.637658227848101,0.37245696400626,0.67304625199362,0.393987341772152,0.469512195121951,0.624808575803982,0.611745513866232,0.65112540192926,0,0.676380368098159,0.644305772230889,0,0.380152671755725,0.62691131498471,0.617322834645669,0,0.403426791277259,0.365591397849462,0.63768115942029,0.678627145085803,0.395534290271132,0,0.593406593406593,0.62200956937799,0.668702290076336,0.587423312883436,0.673015873015873,0.629457364341085,0.372641509433962,0.623277182235835,0.609984399375975,0.395962732919255,0.649612403100775,0.6265625,0.6208,0.635384615384615,0.514195583596215,0.561320754716981,0.559875583203733,0.614649681528662,0.653658536585366,0.0354938271604938,0.577223088923557,0.616352201257862,0.507763975155279,0.607196401799101,0.626373626373626,0.620528771384137,0.640062597809077,0.840764331210191,0.614329268292683,0.576619273301738,0.648484848484848,0.614649681528662,0,0.57427258805513,0.612179487179487,0.404724409448819,0.0421216848673947,0.39209726443769,0.641065830721003,0.404580152671756,0.374613003095975,0,0.553627760252366,0.610410094637224,0.446676970633694,0.623987034035656,0.636503067484663,0.632558139534884,0.57667731629393,0.571884984025559,0.949764521193093,0.575806451612903,0,0.840625,0.377300613496933,0.401234567901235,0.508448540706605,0.62621359223301,0.386895475819033,0,0.589424572317263,0.38785046728972,0.406099518459069,0.632492113564669,0.6046875,0.545893719806763,0.610845295055821,0.646781789638933,0,0.615384615384615,0.36817472698908,0.612462006079027,0.80811232449298,0.636942675159236,0.390625,0.633996937212864,0.378716744913928,0.67398119122257,0.677938808373591,0.651162790697674,0.631415241057543,0.617873651771957,0.574766355140187,0.650695517774343,0.60061919504644,0.395738203957382,0.397553516819572,0.617834394904459,0.626934984520124,0.553654743390358,0.67741935483871,0.617647058823529,0.664596273291925,0.616438356164384,0,0.457006369426752,0.616692426584235,0.380348652931854,0,0.6515625,0.00316455696202532,0.427672955974843,0.610429447852761,0.615748031496063,0,0.635792778649921,0.642857142857143,0.643312101910828,0.3744,0.652448657187994,0.621578099838969,0.675590551181102,0.656298600311042,0.674565560821485,0,0.491419656786271,0.627172195892575,0.636932707355243,0.64622641509434,0.628659476117103,0.613486842105263,0.420890937019969,0,0.626543209876543,0.621451104100946,0.64797507788162,0.918057663125948,0.381558028616852,0.6513470681458,0.525,0.482142857142857,0.0015552099533437,0.988924050632911,0.641838351822504,0.663608562691132,0,0.536,0.659021406727829,1,0.621374045801527,0.433681073025335,0,0,0.613432835820895,0.626888217522659,0,0.644200626959248,0.00315955766192733,0,0,0.616459627329193,0,0.62779552715655,0.632329635499208,0.646969696969697,0.600308641975309,0,0,0.633435582822086,0.643625192012289,0.845070422535211,0.386996904024768,0,0.624615384615385,0.654263565891473,0.628304821150855,0.671232876712329,0.554848966613672,0,0.611963190184049,0.389154704944179,0.651419558359621,0.450079239302694,0,0.384848484848485,0.482539682539683,0.635772357723577,0.619047619047619,0,0.643292682926829,0.634259259259259,0.604615384615385,0,0.42902711323764,0.641233766233766,0.377207062600321,0.599690880989181,0.612903225806452,0.392248062015504,0.608087091757387,0.579277864992151,0.68160741885626,0.396284829721362,0.481774960380349,0.651898734177215,0.00314465408805031,0.395931142410016,0.628048780487805,0.391373801916933,0.813291139240506,0.571879936808847,0,0.450155763239875,0.702028081123245,0.559006211180124,0.635514018691589,0.383177570093458,0.482334869431644,0.699675324675325,0.652439024390244,0.664086687306502,0.658307210031348,0.931309904153355,0,0.648148148148148,0.382126348228043,0.616352201257862,0.611556982343499,0.367851622874807,0.606531881804043,0.625592417061611,0.616224648985959,0.654205607476635,0.624420401854714,0.458135860979463,0.498417721518987,0.6125,0.648522550544324,0,0,0.618819776714514,0.640378548895899,0.388625592417062,0.630914826498423,0.637209302325581,0.604361370716511,0.638977635782748,0.672496025437202,0.638297872340426,0,0.630503144654088,0.568037974683544,0.637770897832817,0.623824451410658,0,0.78125,0.621835443037975,0.377535101404056,0.736176935229068,0.565891472868217,0.81203007518797,0.674922600619195,0.646433990895296,0.434250764525994,0.6032,0.620689655172414,0.641744548286604,0.547811993517018,0.418604651162791,0.637209302325581,0.610248447204969,0.00153374233128834,0.803405572755418,0.646697388632873,0.530612244897959,0.652037617554859,0.615975422427035,0.651419558359621,0.610852713178295,0.157733537519142,0.375816993464052,0,0.737169517884914,0.3875,0.374805598755832,0.540752351097179,0,0.64251968503937,0.671802773497689,0.622257053291536,0.62,0.45253164556962,0.379527559055118,0,0,0.4896,0.44131455399061,0.4890625,0,0.392036753445636,0.611026033690659,0.162576687116564,0.56,0.617363344051447,0.664586583463339,0.653061224489796,0.666666666666667,0.645357686453577,0,0.619970193740686,0.604133545310016,0.638230647709321,0.641538461538462,0.62557781201849,0.608024691358025,0.0015527950310559,0.647709320695103,0.647692307692308,0,0.642526964560863,0.383076923076923,0.6432,0.65527950310559,0,0.00157232704402516,0.67479674796748,0.675632911392405,0.401244167962675,0.4656,0.00308166409861325,0,0.652042360060514,0.4,0.616013071895425,0.563271604938272,0.608695652173913,0.388467374810319,0.55177743431221,0.593700787401575,0.677067082683307,0.448946515397083,0.373846153846154,0,0.402208201892744,0,0.621004566210046,0.3456,0.613876319758673,0.392464678178964,0.6208,0,0.645112781954887,0.723642172523962,0.610591900311526,0,0.629800307219662,0,0.605475040257649,0.638036809815951,0,0.639318885448916,0.628164556962025,0.672413793103448,0.643659711075441,0.405238828967643,0,0.621283255086072,0.530612244897959,0,0.695517774343122,0.367069486404834,0.388804841149773,0.611650485436893,0.623233908948195,0.615975422427035,0.623824451410658,0.614664586583463,0,0.632398753894081,0.0122324159021407,0.574303405572755,0.539657853810264,0.621913580246914,0.622324159021407,0.624810892586989,0.633385335413417,0.0601851851851852,0.403481012658228,0.620578778135048,0.647515527950311,0.947530864197531,0.625776397515528,0.610429447852761,0.635239567233385,0,0,0.611111111111111,0,0.431192660550459,0,0.631415241057543,0.533227848101266,0.511961722488038,0.46,0.672985781990521,0.00155038759689922,0.444790046656299,0.60596546310832,0.608628659476117,0.628346456692913,0.626865671641791,0.603576751117735,0.489393939393939,0.660855784469097,0.378834355828221,0.506955177743431,0.66046511627907,0.601236476043277,0.96937212863706,0.377358490566038,0,0.372827804107425,0.573228346456693,0.62200956937799,0.597542242703533,0.51969696969697,1,0.657450076804916,0.599695585996956,0.65139116202946,0.626003210272873,0.619651347068146,0.63015873015873,0.618012422360248,0.600924499229584,0.608150470219436,0.38821752265861,0.376722817764165,0.677570093457944,0.00464396284829721,0.619266055045872,0.624806201550388,0,0.491961414790997,0,0.659340659340659,0,0.641627543035994,0.628440366972477,0.376923076923077,0.660964230171073,0.619047619047619,0.649452269170579,0.643518518518518,0.632911392405063,0,0,0.66557911908646,0.638846737481032,0.614906832298137,0,0,0.381703470031546,0.564024390243902,0.705607476635514,0,0.606106870229008,0,0.630914826498423,0.629213483146067,0.445497630331754,0.62,0,0.57120253164557,0.665625,0.672868217054264,0.642638036809816,0.654743390357698,0.38863287250384,0.63015873015873,0.0470219435736677,0.613418530351438,0,0.623277182235835,0.0015748031496063,0.598412698412698,0.399684044233807,0.24405705229794,0,0,0.720496894409938,0.680952380952381,0.619195046439629,0.67427701674277,0.379939209726444,0.371248025276461,0.627906976744186,0.625382262996942,0,0.394944707740916,0.643192488262911,0,0.606687898089172,0.640122511485452,0.442040185471406,0.0249221183800623,0.373626373626374,0.605873261205564,0.596825396825397,0.437403400309119,0.472491909385113,0.460815047021944,0.853968253968254,0.46046511627907,0.617693522906793,0,0.78391167192429,0.630030959752322,0.0015552099533437,0,0.383703703703704,0,0.391035548686244,0.609422492401216,0.662939297124601,0.386581469648562,0.376190476190476,0.654028436018957,0.630331753554502,0.727975270479134,0.0323574730354391,0.378861788617886,0.0495207667731629,0.0168711656441718,0,0.3424,0.382753403933434,0.38610662358643,0.390894819466248,0.375757575757576,0.0303030303030303,0.0320121951219512,0.390092879256966,0.0184049079754601,0.00635930047694754,0.0332278481012658,0.0200617283950617,0.0353846153846154,0.396899224806202,0.0200617283950617,0.386942675159236,0.387301587301587,0.0271565495207668,0.378504672897196,0.0414110429447853,0.379785604900459,0.384496124031008,0.393124065769806,0.383647798742138
"716",0.873239436619718,0.866564417177914,0.896499238964992,0.886115444617785,0.877165354330709,0.872641509433962,0.929245283018868,0.890262751159196,0.86535552193646,0.00630914826498423,0.881720430107527,0.00613496932515337,0.646511627906977,0.867601246105919,0.154559505409583,0.144393241167435,0.0045662100456621,0.0230414746543779,0.879120879120879,0.875583203732504,0.27047913446677,0.1408,0.870170015455951,0.00458015267175573,0.858678955453149,0.359937402190923,0.223765432098765,0.856692913385827,0.555052790346908,0.74079754601227,0.129770992366412,0.789393939393939,0.834115805946792,0.362928348909657,0.00461538461538462,0.875776397515528,0.0214067278287462,0.866666666666667,0.38038632986627,0.825757575757576,0.0046656298600311,0.0182648401826484,0.0122511485451761,0.878740157480315,0.784810126582278,0.151326053042122,0.552959501557632,0.100313479623824,0.547655068078669,0.253373313343328,0.00628930817610063,0.87037037037037,0.37111801242236,0.873239436619718,0.920508744038156,0.268680445151033,0.00158982511923688,0.863076923076923,0.905487804878049,0.900611620795107,0.371340523882897,0.50609756097561,0.119309262166405,0.00623052959501558,0.827102803738318,0.788432267884323,0.0031496062992126,0.867601246105919,0.00309597523219814,0.114599686028257,0.772657450076805,0.117647058823529,0.146645865834633,0.878603945371775,0.00308641975308642,0.790419161676647,0.157492354740061,0.617873651771957,0.942766295707472,0.376413570274637,0.0046583850931677,0.769347496206373,0.312688821752266,0.867269984917044,0.234472049689441,0.856269113149847,0.868702290076336,0.88208269525268,0.853658536585366,0.0119940029985007,0.865203761755486,0.870170015455951,0.0062015503875969,0.00461538461538462,0.86984126984127,0.0031055900621118,0.425696594427245,0.867378048780488,0.012326656394453,0.0138248847926267,0.69478527607362,0.00306748466257669,0.4,0.878548895899054,0.22473604826546,0.869218500797448,0.0125195618153365,0.900306748466258,0.127158555729984,0.127725856697819,0.129032258064516,0.91937984496124,0.44104134762634,0.860896445131376,0.00622083981337481,0.897356143079316,0.781345565749236,0.00611620795107034,0.121351766513057,0.31201248049922,0.00460829493087558,0.852941176470588,0.345679012345679,0.19175911251981,0.871016691957511,0.245454545454545,0.86969696969697,0.878971255673222,0.00622083981337481,0.633281972265023,0.87888198757764,0.524564183835182,0.875786163522013,0.00310077519379845,0.864433811802233,0.146341463414634,0.0046583850931677,0.32018927444795,0.619414483821264,0.624600638977636,0.00631911532385466,0.00478468899521531,0.884969325153374,0.761682242990654,0.270015698587127,0.875,0.121725731895223,0.865237366003063,0.504777070063694,0.884322678843227,0.250396196513471,0.871913580246914,0.873617693522907,0.798771121351767,0.879256965944272,0.107765451664025,0.872868217054264,0.118195956454121,0.00305810397553517,0.748807631160572,1,0.864406779661017,0.146118721461187,0.00605143721633888,0.879284649776453,0.536050156739812,0.871589085072231,0.869431643625192,0.87175572519084,0.376681614349776,0.888208269525268,0.122065727699531,0.86969696969697,0.125377643504532,0.990668740279938,0.450532724505327,0.00606980273141123,0.866666666666667,0.00614439324116743,0.802773497688752,0.879019908116386,0.211598746081505,0.881901840490798,0.846153846153846,0.872754491017964,0.874432677760968,0.209800918836141,0.467987804878049,0.856025039123631,0.864906832298137,0.17357910906298,0.136503067484663,0.882075471698113,0.932515337423313,0.00297176820208024,0.00465116279069767,0.414442700156986,0.00614439324116743,0.864253393665158,0.358006042296073,0.929906542056075,0.741538461538462,0.870870870870871,0.521739130434783,0.490136570561457,0.396875,0.841614906832298,0.857361963190184,0.95619335347432,0.00626959247648903,0.797235023041475,0.301765650080257,0.877358490566038,0.127962085308057,0.190332326283988,0.63452566096423,0.87673343605547,0.882978723404255,0.89937106918239,0.87673343605547,0.8328173374613,0.00622083981337481,0.184049079754601,0.702127659574468,0.8703125,0.00615384615384615,0.870030581039755,0.889894419306184,0.636923076923077,0.591263650546022,0.866043613707165,0.86984126984127,0.494539781591264,0.00636942675159236,0.937308868501529,0.624012638230648,0.894321766561514,0.13251155624037,0.858006042296072,0.873651771956857,0.87211093990755,0.858712715855573,0.574045801526718,0.132398753894081,0.880184331797235,0.567484662576687,0.117824773413897,0.117910447761194,0.283255086071987,0.114728682170543,0.257551669316375,0.701649175412294,0.113496932515337,0.128284389489954,0.131498470948012,0.667669172932331,0.160629921259843,0.87789799072643,0.0110410094637224,0.113178294573643,0.00458015267175573,0.345256609642302,0.878930817610063,0.869158878504673,0.83203732503888,0.00611620795107034,0.996845425867508,0.790446841294299,0.774844720496894,0.708006279434851,0.553323029366306,0.492211838006231,0.0137404580152672,0.863849765258216,0.229709035222052,0.774603174603175,0.895475819032761,0.125960061443932,0.785824345146379,0.121875,0.23216995447648,0.875375375375375,0.865814696485623,0.920382165605096,0.00448430493273543,0.720858895705521,0.923794712286159,0.00458015267175573,0.11864406779661,0.927382753403933,0.894984326018809,0.00460829493087558,0.117737003058104,0.119266055045872,0.889408099688474,0.900630914826498,0.117554858934169,0.003125,0.510802469135803,0.890625,0.827844311377245,0.484756097560976,0.7265625,0.864329268292683,0.124416796267496,0.878834355828221,0.86910197869102,0.119496855345912,0.875757575757576,0.87402799377916,0.876602564102564,0.875,0.276661514683153,0.41248097412481,0.405864197530864,0.901898734177215,0.862619808306709,0.0414746543778802,0.348726114649682,0.894899536321484,0.244582043343653,0.381598793363499,0.882352941176471,0.872641509433962,0.885093167701863,0.720634920634921,0.872919818456883,0.323943661971831,0.890937019969278,0.872670807453416,0.00619195046439629,0.416282642089094,0.658267716535433,0.129230769230769,0.0458715596330275,0.122913505311077,0.844984802431611,0.15919629057187,0.114678899082569,0.00453857791225416,0.314728682170543,0.866877971473851,0.19629057187017,0.891025641025641,0.897832817337461,0.877138413685848,0.384737678855326,0.384863123993559,0.674884437596302,0.522508038585209,0.00460122699386503,0.8015625,0.13464447806354,0.156060606060606,0.337386018237082,0.870253164556962,0.125776397515528,0.00615384615384615,0.435857805255023,0.133535660091047,0.143974960876369,0.597503900156006,0.87111801242236,0.381180223285486,0.878787878787879,0.868624420401855,0.00460829493087558,0.879588839941263,0.110105580693816,0.865761689291101,0.792048929663609,0.872239747634069,0.139318885448916,0.8649468892261,0.121913580246914,0.81619937694704,0.741626794258373,0.856923076923077,0.881901840490798,0.87175572519084,0.391035548686244,0.860681114551084,0.867981790591806,0.123493975903614,0.135384615384615,0.874804381846635,0.879256965944272,0.434915773353752,0.807044410413476,0.859872611464968,0.871406959152799,0.87308868501529,0.00159489633173844,0.216772151898734,0.877675840978593,0.128125,0.00619195046439629,0.90251572327044,0.00938967136150235,0.161490683229814,0.875379939209726,0.895061728395062,0.00927357032457496,0.702786377708978,0.495341614906832,0.892523364485981,0.118296529968454,0.804651162790698,0.874608150470219,0.464285714285714,0.686244204018547,0.827371695178849,0.00312989045383412,0.276923076923077,0.900316455696203,0.871517027863777,0.508527131782946,0.873282442748092,0.855973813420622,0.147058823529412,0.00611620795107034,0.877862595419847,0.869158878504673,0.875195007800312,0.697852760736196,0.117647058823529,1,0.321699544764795,0.308943089430894,0.010752688172043,0.658841940532081,0.629457364341085,0.68167701863354,0.0045045045045045,0.378205128205128,0.922600619195046,0.662613981762918,0.622900763358779,0.199701937406855,0.00458015267175573,0.00455235204855842,0.868343195266272,0.855403348554033,0.00309597523219814,0.878648233486943,0.0078125,0.00610687022900763,0.00638977635782748,0.878648233486943,0.00307692307692308,0.885483870967742,0.806153846153846,0.615733736762481,0.876335877862595,0.00627943485086342,0.0046801872074883,0.880733944954128,0.864864864864865,0.76030534351145,0.122541603630862,0.0031496062992126,0.919575113808801,0.681957186544342,0.885802469135803,0.58599695585997,0.446540880503145,0.00308641975308642,0.870030581039755,0.124018838304553,0.907523510971787,0.194053208137715,0.00458015267175573,0.124437781109445,0.239197530864198,0.511146496815287,0.866153846153846,0.00623052959501558,0.882352941176471,0.875957120980092,0.876160990712074,0.00617283950617284,0.188383045525903,0.832792207792208,0.125407166123779,0.871559633027523,0.872146118721461,0.129179331306991,0.86910197869102,0.399688958009331,0.827371695178849,0.1390625,0.278219395866455,0.869230769230769,0.010989010989011,0.127692307692308,0.886706948640483,0.138977635782748,0.719745222929936,0.500782472613459,0.00609756097560976,0.228615863141524,0.841269841269841,0.370597243491577,0.87402799377916,0.116743471582181,0.262839879154079,0.488636363636364,0.872919818456883,0.903759398496241,0.859567901234568,0.748417721518987,0.0047244094488189,0.863914373088685,0.118827160493827,0.849378881987578,0.511111111111111,0.121951219512195,0.874233128834356,0.888024883359253,0.869905956112853,0.638198757763975,0.880916030534351,0.247295208655332,0.31832298136646,0.853030303030303,0.940366972477064,0.00606060606060606,0.00315457413249211,0.878315132605304,0.841346153846154,0.135093167701863,0.8796875,0.879815100154083,0.478395061728395,0.881516587677725,0.729813664596273,0.917664670658683,0.00447093889716841,0.872472783825817,0.457364341085271,0.887171561051005,0.878648233486943,0.00599700149925037,0.668224299065421,0.88783570300158,0.126365054602184,0.7453125,0.469325153374233,0.771300448430493,0.727131782945736,0.850746268656716,0.209969788519637,0.893915756630265,0.878648233486943,0.89938080495356,0.418789808917197,0.216793893129771,0.88208269525268,0.879154078549849,0.010590015128593,0.776416539050536,0.501547987616099,0.356923076923077,0.817619783616692,0.875384615384615,0.823712948517941,0.870426829268293,0.153374233128834,0.125996810207337,0.00601503759398496,0.903576982892691,0.125195618153365,0.128682170542636,0.375579598145286,0.00619195046439629,0.87402799377916,0.867981790591806,0.867283950617284,0.869230769230769,0.211180124223602,0.125,0.00605143721633888,0.0061633281972265,0.297339593114241,0.199687987519501,0.277864992150706,0.0031104199066874,0.126331811263318,0.875,0.0656488549618321,0.390282131661442,0.874804381846635,0.665151515151515,0.863354037267081,0.708396946564885,0.68429003021148,0.00308166409861325,0.875923190546529,0.499222395023328,0.59190031152648,0.948948948948949,0.888549618320611,0.483231707317073,0.00927357032457496,0.880368098159509,0.882175226586103,0.00153846153846154,0.848575712143928,0.13125,0.873817034700315,0.482280431432974,0.00311526479750779,0.00933125972006221,0.622977346278317,0.871674491392801,0.125386996904025,0.24203821656051,0.0123647604327666,0.00643086816720257,0.752608047690015,0.133748055987558,0.882926829268293,0.421450151057402,0.885714285714286,0.119878603945372,0.438650306748466,0.403481012658228,0.970219435736677,0.2,0.132824427480916,0.0060882800608828,0.163779527559055,0.00610687022900763,0.882175226586103,0.135048231511254,0.894187779433681,0.129082426127527,0.868131868131868,0.00459418070444104,0.589393939393939,0.543307086614173,0.87111801242236,0.00470957613814757,0.870481927710843,0.0046656298600311,0.477707006369427,0.879815100154083,0.00610687022900763,0.724770642201835,0.868954758190328,0.71585557299843,0.900621118012422,0.146926536731634,0.00623052959501558,0.867078825347759,0.369085173501577,0.00453857791225416,0.776579352850539,0.118975903614458,0.145234493192133,0.874603174603175,0.876369327073552,0.86676875957121,0.845553822152886,0.865834633385335,0.00465116279069767,0.872146118721461,0.0249221183800623,0.475460122699386,0.393846153846154,0.869631901840491,0.877519379844961,0.876132930513595,0.86676875957121,0.0646153846153846,0.131375579598145,0.87258064516129,0.873111782477341,0.710606060606061,0.863565891472868,0.882621951219512,0.901234567901235,0.00613496932515337,0.00604229607250755,0.861194029850746,0.00610687022900763,0.181259600614439,0.00154320987654321,0.873261205564142,0.370253164556962,0.302250803858521,0.241590214067278,0.834905660377358,0.0062111801242236,0.236559139784946,0.86697247706422,0.88109756097561,0.702909647779479,0.512592592592593,0.31314623338257,0.280245022970904,0.6515625,0.116385911179173,0.227752639517345,0.639318885448916,0.337962962962963,0.718461538461538,0.132307692307692,0.0062992125984252,0.110410094637224,0.444270015698587,0.87519747235387,0.734351145038168,0.353293413173653,0.657450076804916,1,0.861654135338346,0.894991922455573,0.867394695787831,0.877388535031847,0.873040752351097,0.63452566096423,0.5115562403698,0.872307692307692,0.117824773413897,0.135618479880775,0.973765432098765,0.0137825421133231,0.869499241274659,0.849923430321593,0.0046656298600311,0.227344992050874,0.00460122699386503,0.872670807453416,0.00476947535771065,0.874617737003058,0.880184331797235,0.120426829268293,0.831804281345566,0.870967741935484,0.733017377567141,0.680851063829787,0.915625,0.00462962962962963,0.00470219435736677,0.885245901639344,0.881057268722467,0.878603945371775,0.00602409638554217,0.00153374233128834,0.12480252764613,0.312404287901991,0.527950310559006,0.00460829493087558,0.566153846153846,0.00453857791225416,0.843260188087774,0.871069182389937,0.290220820189274,0.340909090909091,0.00453172205438067,0.43730407523511,0.625194401244168,0.794117647058823,0.889561270801815,0.808868501529052,0.119266055045872,0.893890675241158,0.032967032967033,0.857142857142857,0.004739336492891,0.874622356495468,0.00763358778625954,0.864906832298137,0.141065830721003,0.0936507936507937,0.00612557427258806,0.0062992125984252,0.891808346213292,0.825545171339564,0.916413373860182,0.721538461538462,0.139880952380952,0.133956386292835,0.76625386996904,0.764970059880239,0.0031104199066874,0.135670731707317,0.861154446177847,0.00303490136570561,0.861417322834646,0.90519877675841,0.172093023255814,0.0372093023255814,0.115740740740741,0.874617737003058,0.539781591263651,0.187878787878788,0.21993670886076,0.227692307692308,0.749603803486529,0.207373271889401,0.880368098159509,0.0062015503875969,0.761240310077519,0.864741641337386,0.00934579439252336,0.0062015503875969,0.117647058823529,0.00310077519379845,0.128637059724349,0.865947611710324,0.712715855572998,0.115141955835962,0.126543209876543,0.638932496075353,0.921383647798742,0.513719512195122,0.047112462006079,0.122611464968153,0.0572337042925278,0.0214395099540582,0.00611620795107034,0.140845070422535,0.137518684603886,0.114374034003091,0.142638036809816,0.118618618618619,0.0396196513470681,0.0473282442748092,0.13323124042879,0.0246913580246914,0.00784929356357928,0.0344287949921753,0.0259146341463415,0.0473282442748092,0.130434782608696,0.0215716486902928,0.123222748815166,0.135384615384615,0.0373250388802488,0.11864406779661,0.031866464339909,0.126153846153846,0.139103554868624,0.125,0.117378048780488
"717",0.986046511627907,0.986068111455108,0.954819277108434,0.923794712286159,0.972136222910217,0.987421383647799,0.881435257410296,0.961832061068702,0.990895295902883,0,0.989230769230769,0,0.561162079510703,0.987596899224806,0.055045871559633,0.0152439024390244,0,0.015600624024961,0.988924050632911,0.971080669710807,0.171732522796353,0.0410094637223975,0.978851963746224,0,0.943283582089552,0.240740740740741,0.1112828438949,0.973684210526316,0.472012102874433,0.674242424242424,0.00894187779433681,0.676335877862595,0.750387596899225,0.280060882800609,0,0.990811638591118,0.0164424514200299,0.990936555891239,0.268148148148148,0.907324364723468,0.00153609831029186,0.0167682926829268,0.0075642965204236,0.990668740279938,0.769352290679305,0.0297339593114241,0.495356037151703,0.012326656394453,0.460725075528701,0.144360902255639,0,0.984615384615385,0.264036418816388,0.987767584097859,0.873065015479876,0.162460567823344,0,0.980122324159021,0.943198804185351,0.892749244712991,0.292682926829268,0.443609022556391,0.0107692307692308,0,0.900473933649289,0.824773413897281,0,0.975232198142415,0,0.0109375,0.847305389221557,0.0168195718654434,0.0259541984732824,0.992469879518072,0,0.700453857791225,0.0515933232169954,0.556574923547401,0.884194053208138,0.256077795786062,0,0.698795180722892,0.21044776119403,0.98796992481203,0.121351766513057,0.893129770992366,0.981651376146789,0.956259426847662,0.957511380880121,0.0136363636363636,0.977099236641221,0.987823439878234,0,0,0.961119751166407,0,0.316590563165906,0.972602739726027,0.00910470409711684,0.0108527131782946,0.607963246554365,0,0.280373831775701,0.98780487804878,0.108792846497765,0.990551181102362,0.0123647604327666,0.966309341500766,0.0108024691358025,0.0183767228177642,0.018348623853211,0.887366818873668,0.323076923076923,0.981566820276498,0,0.972602739726027,0.703196347031963,0,0.0136157337367625,0.221362229102167,0,0.751937984496124,0.256880733944954,0.082670906200318,0.95852534562212,0.151607963246554,0.988059701492537,0.983206106870229,0,0.548238897396631,0.924731182795699,0.469040247678019,0.9796875,0,0.982892690513219,0.0335365853658537,0,0.218604651162791,0.617054263565891,0.52276295133438,0,0,0.966565349544073,0.7453125,0.177847113884555,0.990740740740741,0.0168195718654434,0.909638554216867,0.399686520376176,0.966717095310136,0.15,0.972222222222222,0.987321711568938,0.820121951219512,0.983050847457627,0.0093167701863354,0.986322188449848,0.0124031007751938,0,0.746875,0.851351351351351,0.984848484848485,0.0229357798165138,0,0.986175115207373,0.436817472698908,0.990461049284579,0.989425981873112,0.987951807228916,0.295625942684766,0.960365853658537,0.0137825421133231,0.938714499252616,0.011887072808321,0.886115444617785,0.348623853211009,0,0.974006116207951,0,0.844748858447489,0.987748851454824,0.115562403697997,0.969650986342944,0.942684766214178,0.986547085201794,0.967065868263473,0.100456621004566,0.361573373676248,0.909797822706065,0.930769230769231,0.0631741140215717,0.0167173252279635,0.967391304347826,0.838905775075988,0,0,0.313479623824451,0.00153846153846154,0.98796992481203,0.24357034795764,0.865625,0.744648318042814,0.977810650887574,0.445820433436532,0.419642857142857,0.304147465437788,0.907550077041603,0.95405819295559,0.865671641791045,0,0.888379204892966,0.187004754358162,0.942546583850932,0.0107361963190184,0.0696969696969697,0.53680981595092,0.966360856269113,0.967016491754123,0.812596006144393,0.987786259541985,0.875192604006163,0,0.0729483282674772,0.651057401812689,0.981132075471698,0,0.983358547655068,0.971810089020771,0.548686244204019,0.531202435312024,0.99388379204893,0.993650793650794,0.370597243491577,0,0.873684210526316,0.520123839009288,0.955766192733017,0.00894187779433681,0.947368421052632,0.984662576687117,0.987767584097859,0.936532507739938,0.515105740181269,0.0123647604327666,0.95405819295559,0.529770992366412,0.0133928571428571,0.00888888888888889,0.200308166409861,0.0124223602484472,0.152647975077882,0.665165165165165,0.00928792569659443,0.0121396054628225,0.0137825421133231,0.588059701492537,0.0469483568075117,0.973561430793157,0.0141509433962264,0.00924499229583975,0,0.238317757009346,0.98613251155624,0.973684210526316,0.882716049382716,0,0.850393700787402,0.858447488584475,0.678516228748068,0.592649310872894,0.451463790446841,0.431464174454829,0.0136570561456753,0.987596899224806,0.102446483180428,0.694136291600634,0.945987654320988,0.0184049079754601,0.7357910906298,0.0121951219512195,0.116743471582181,0.993966817496229,0.990476190476191,0.877519379844961,0,0.632218844984802,0.868421052631579,0,0.00758725341426404,0.882530120481928,0.964451313755796,0,0.0136363636363636,0.0136986301369863,0.973143759873618,0.876947040498442,0.0110062893081761,0,0.400304414003044,0.979719188767551,0.779761904761905,0.38,0.648148148148148,0.948640483383686,0.015220700152207,0.989520958083832,0.98937784522003,0.0154083204930663,0.96030534351145,0.989164086687306,0.989180834621329,0.989247311827957,0.182370820668693,0.316030534351145,0.296296296296296,0.964669738863287,0.933858267716535,0.0542168674698795,0.24375,0.961300309597523,0.150829562594268,0.288888888888889,0.984662576687117,0.987673343605547,0.958333333333333,0.680555555555556,0.98962962962963,0.224648985959438,0.947526236881559,0.987519500780031,0,0.325688073394495,0.550702028081123,0.0274809160305344,0.0596125186289121,0.0209580838323353,0.901515151515151,0.0367534456355283,0.0121580547112462,0,0.222222222222222,0.978361669242658,0.0798771121351766,0.97456279809221,0.955589586523737,0.976780185758514,0.300314465408805,0.293650793650794,0.652777777777778,0.444976076555024,0,0.813953488372093,0.0254491017964072,0.0496987951807229,0.192955589586524,0.989130434782609,0.0152439024390244,0,0.328313253012048,0.0165413533834586,0.0375,0.465543644716692,0.987616099071207,0.265940902021773,0.987281399046105,0.976851851851852,0,0.978070175438597,0.0121396054628225,0.989489489489489,0.828054298642534,0.992125984251969,0.0245775729646697,0.989536621823617,0.0107858243451464,0.898928024502297,0.696734059097978,0.942598187311178,0.979041916167665,0.987730061349693,0.299539170506912,0.948275862068966,0.986466165413534,0.0119581464872945,0.0323076923076923,0.986089644513138,0.987878787878788,0.309559939301973,0.893778452200303,0.952755905511811,0.944700460829493,0.990950226244344,0,0.113178294573643,0.990895295902883,0.0138461538461538,0,0.952086553323029,0.0125195618153365,0.0483619344773791,0.989425981873112,0.95405819295559,0.00471698113207547,0.6156202143951,0.403100775193798,0.973228346456693,0.0139318885448916,0.86286594761171,0.987692307692308,0.386153846153846,0.5948406676783,0.77115987460815,0,0.171253822629969,0.960691823899371,0.986153846153846,0.431888544891641,0.98937784522003,0.959349593495935,0.0428790199081164,0,0.972644376899696,0.993893129770992,0.937878787878788,0.670196671709531,0.0186625194401244,0.844854070660522,0.236923076923077,0.190553745928339,0.00753012048192771,0.603395061728395,0.597542242703533,0.610429447852761,0,0.270569620253165,0.903522205206738,0.620637329286798,0.503039513677812,0.0758928571428571,0,0,0.988338192419825,0.991044776119403,0,0.908116385911179,0.0123076923076923,0,0,0.990712074303406,0,0.985849056603774,0.764615384615385,0.528358208955224,0.989614243323442,0,0,0.981762917933131,0.952167414050822,0.710365853658537,0.0120300751879699,0.0031055900621118,0.869172932330827,0.590288315629742,0.987786259541985,0.512977099236641,0.332819722650231,0,0.970903522205207,0.00933125972006221,0.943573667711599,0.0892018779342723,0,0.0179640718562874,0.130503144654088,0.4752,0.960244648318043,0,0.939259259259259,0.962292609351433,0.987897125567322,0,0.0716510903426791,0.944262295081967,0.0159489633173844,0.986363636363636,0.989280245022971,0.0211161387631976,0.990922844175492,0.307098765432099,0.791476407914764,0.0210843373493976,0.171073094867807,0.95619335347432,0.0123076923076923,0.0122324159021407,0.963636363636364,0.0172684458398744,0.645412130637636,0.386398763523957,0,0.119815668202765,0.719874804381847,0.259818731117825,0.969465648854962,0.00927357032457496,0.15187969924812,0.435691318327974,0.936842105263158,0.875555555555556,0.94478527607362,0.727699530516432,0,0.966514459665145,0.0121951219512195,0.978428351309707,0.403174603174603,0.0118694362017804,0.989393939393939,0.987767584097859,0.989096573208723,0.623839009287926,0.976011994002999,0.144409937888199,0.197836166924266,0.935483870967742,0.865067466266867,0,0,0.978461538461538,0.922834645669291,0.0251177394034537,0.975308641975309,0.981762917933131,0.374233128834356,0.911671924290221,0.720930232558139,0.874439461883408,0,0.954128440366973,0.34715821812596,0.987786259541985,0.986217457886677,0,0.643518518518518,0.958397534668721,0.0138248847926267,0.673846153846154,0.369137670196672,0.783904619970194,0.67175572519084,0.941616766467066,0.0885885885885886,0.969745222929936,0.989393939393939,0.969512195121951,0.305164319248826,0.110091743119266,0.978593272171254,0.990853658536585,0.00909090909090909,0.76416539050536,0.445288753799392,0.23963133640553,0.766566265060241,0.993836671802773,0.879154078549849,0.987767584097859,0.127080181543116,0.0142857142857143,0,0.805555555555556,0.0124804992199688,0.00768049155145929,0.261467889908257,0,0.98310291858679,0.907153729071537,0.99075500770416,0.983333333333333,0.0958268933539413,0.0123456790123457,0,0,0.183673469387755,0.0795107033639144,0.153963414634146,0,0.0076103500761035,0.987860394537178,0.0121396054628225,0.297674418604651,0.990625,0.582822085889571,0.968944099378882,0.644376899696049,0.626888217522659,0,0.986587183308495,0.401263823064771,0.506191950464396,0.907046476761619,0.977029096477795,0.388804841149773,0.0106870229007634,0.932203389830508,0.942222222222222,0,0.956909361069837,0.0246913580246914,0.970031545741325,0.418960244648318,0,0.0106382978723404,0.5104,0.824884792626728,0.0106707317073171,0.124031007751938,0.0138461538461538,0.00158227848101266,0.746268656716418,0.0276073619631902,0.987158908507223,0.30030487804878,0.980392156862745,0.0121212121212121,0.366564417177914,0.332307692307692,0.854003139717425,0.103448275862069,0.0122137404580153,0.00301204819277108,0.0460122699386503,0,0.983257229832572,0.0421875,0.965875370919881,0.012326656394453,0.987654320987654,0,0.510479041916168,0.466458658346334,0.990839694656489,0,0.98956780923994,0,0.386075949367089,0.97583081570997,0,0.640909090909091,0.9734375,0.736760124610592,0.935433070866142,0.0407239819004525,0,0.987673343605547,0.25,0,0.679331306990882,0.00896860986547085,0.0303951367781155,0.985804416403785,0.989147286821705,0.977544910179641,0.958778625954198,0.968798751950078,0,0.974006116207951,0.0224887556221889,0.364471669218989,0.27175572519084,0.983282674772036,0.983154670750383,0.992481203007519,0.983128834355828,0.0546282245827011,0.0275650842266462,0.976076555023923,0.951293759512938,0.705263157894737,0.969512195121951,0.98955223880597,0.958904109589041,0,0,1,0,0.0675675675675676,0,0.940184049079755,0.269170579029734,0.212403100775194,0.126506024096386,0.912772585669782,0,0.104545454545455,0.989345509893455,0.987878787878788,0.630769230769231,0.421282798833819,0.206489675516224,0.174366616989568,0.64375,0.00917431192660551,0.12443095599393,0.544360902255639,0.235023041474654,0.688449848024316,0.021505376344086,0,0.00946372239747634,0.331761006289308,0.990580847723705,0.622727272727273,0.235469448584203,0.599695585996956,0.861654135338346,1,0.94888178913738,0.967238689547582,0.987538940809969,0.989230769230769,0.542113323124043,0.403614457831325,0.99075500770416,0.0117130307467057,0.0222222222222222,0.861491628614916,0.0135746606334842,0.992331288343558,0.978755690440061,0,0.114906832298137,0,0.938650306748466,0,0.958588957055215,0.990712074303406,0.0197568389057751,0.819295558958652,0.986404833836858,0.646697388632873,0.616892911010558,0.863777089783282,0,0,0.919047619047619,0.927007299270073,0.972972972972973,0,0,0.0094488188976378,0.215037593984962,0.487218045112782,0,0.438253012048193,0,0.907692307692308,0.985915492957746,0.169517884914463,0.229041916167665,0,0.333333333333333,0.573820395738204,0.874809160305344,0.95045045045045,0.762345679012346,0.0106707317073171,0.977917981072555,0.0123456790123457,0.9890625,0,0.967016491754123,0.0091324200913242,0.987519500780031,0.0305343511450382,0.0155038759689922,0,0,0.813918305597579,0.910355486862442,0.922155688622755,0.694610778443114,0.0377073906485671,0.0187793427230047,0.825688073394495,0.827123695976155,0,0.0258751902587519,0.956386292834891,0,0.990697674418605,0.940998487140696,0.0704441041347626,0.0499243570347958,0.0121580547112462,0.986506746626687,0.452566096423017,0.0716463414634146,0.115625,0.112307692307692,0.680817610062893,0.105022831050228,0.987748851454824,0,0.764705882352941,0.968373493975904,0.0046801872074883,0,0.00881057268722467,0,0.0122324159021407,0.987878787878788,0.70625,0.0109204368174727,0.00924499229583975,0.540625,0.94392523364486,0.439209726443769,0.0536512667660209,0.00938967136150235,0.0554675118858954,0.0168195718654434,0,0.032967032967033,0.0133928571428571,0.014018691588785,0.0166919575113809,0.0104477611940299,0.0558139534883721,0.0664652567975831,0.0214067278287462,0.018348623853211,0.00313971742543171,0.0230061349693252,0.0226928895612708,0.0678733031674208,0.0169491525423729,0.0199692780337942,0.0109717868338558,0.0108695652173913,0.0497667185069984,0.0168711656441718,0.0239880059970015,0.0106707317073171,0.043010752688172,0.0146627565982405,0.0122511485451761
"718",0.95928338762215,0.954545454545455,0.961352657004831,0.933115823817292,0.966887417218543,0.963875205254516,0.891410048622366,0.962783171521036,0.958730158730159,0.00164203612479475,0.956521739130435,0.00162074554294976,0.600321027287319,0.955592105263158,0.0869565217391304,0.0494417862838915,0.0015748031496063,0.0196399345335516,0.965058236272879,0.946341463414634,0.213247172859451,0.0818030050083473,0.953674121405751,0.00159235668789809,0.925925925925926,0.28830313014827,0.157212317666126,0.959731543624161,0.510268562401264,0.711323763955343,0.0384,0.733441033925687,0.819218241042345,0.324104234527687,0.0015748031496063,0.957723577235772,0.0177133655394525,0.961227786752827,0.301412872841444,0.893141945773525,0.00324675324675325,0.0192926045016077,0.008,0.962662337662338,0.8003300330033,0.0646766169154229,0.537964458804523,0.0387096774193548,0.506269592476489,0.177777777777778,0.00160513643659711,0.965686274509804,0.317891373801917,0.954619124797407,0.882352941176471,0.198003327787022,0.00168634064080944,0.939344262295082,0.951923076923077,0.944983818770227,0.351437699680511,0.475120385232745,0.0390243902439024,0.00166112956810631,0.89202657807309,0.818471337579618,0.00161550888529887,0.956381260096931,0.00159489633173844,0.0392798690671031,0.854632587859425,0.0499194847020934,0.0578778135048231,0.968152866242038,0.00159489633173844,0.756369426751592,0.0818619582664527,0.604501607717042,0.920661157024793,0.308474576271186,0.00162337662337662,0.751196172248804,0.237639553429027,0.955484896661367,0.151612903225806,0.927302100161551,0.959871589085072,0.954983922829582,0.942583732057416,0.012779552715655,0.953719008264463,0.957996768982229,0,0,0.933333333333333,0.00164203612479475,0.3376,0.946601941747573,0.00958466453674121,0.00970873786407767,0.638263665594855,0,0.324013157894737,0.962171052631579,0.144215530903328,0.956953642384106,0.013136288998358,0.967213114754098,0.0423452768729642,0.0419354838709677,0.0453074433656958,0.907317073170732,0.372357723577236,0.949511400651466,0,0.970219435736677,0.746365105008078,0.0016025641025641,0.0401284109149278,0.252873563218391,0,0.816225165562914,0.296774193548387,0.125838926174497,0.945686900958466,0.179487179487179,0.95389507154213,0.962843295638126,0.00161812297734628,0.583732057416268,0.933441558441558,0.498333333333333,0.949180327868852,0.00161030595813205,0.95253682487725,0.0558213716108453,0.00161290322580645,0.258592471358429,0.640983606557377,0.553542009884679,0,0,0.967479674796748,0.785714285714286,0.201331114808652,0.959349593495935,0.040453074433657,0.915993537964459,0.438825448613377,0.962085308056872,0.178929765886288,0.947967479674797,0.961730449251248,0.832797427652733,0.957860615883306,0.0414593698175788,0.961352657004831,0.0366666666666667,0.0016260162601626,0.766942148760331,0.881703470031546,0.95016077170418,0.064,0.0015748031496063,0.961476725521669,0.500818330605565,0.959731543624161,0.954838709677419,0.955414012738854,0.33652312599681,0.966237942122186,0.0439024390243902,0.92755905511811,0.0458860759493671,0.915282392026578,0.405582922824302,0.00161812297734628,0.958266452648475,0.00159744408945687,0.840579710144927,0.968354430379747,0.167752442996743,0.957928802588997,0.917207792207792,0.947530864197531,0.935794542536116,0.132471728594507,0.410575427682737,0.898193760262726,0.941569282136895,0.0938511326860841,0.0466237942122186,0.972267536704731,0.8704,0.00157728706624606,0,0.3536,0.00324675324675325,0.962204724409449,0.3,0.880597014925373,0.761290322580645,0.968203497615262,0.465460526315789,0.456140350877193,0.346666666666667,0.898858075040783,0.93030794165316,0.89983844911147,0,0.882539682539683,0.221297836938436,0.944170771756979,0.0376432078559738,0.111459968602826,0.567961165048544,0.943181818181818,0.9536,0.853736089030207,0.964285714285714,0.889250814332248,0,0.108589951377634,0.699367088607595,0.965346534653465,0.00161030595813205,0.953674121405751,0.959876543209877,0.579804560260586,0.579617834394904,0.94912559618442,0.964705882352941,0.399038461538462,0.0016750418760469,0.891891891891892,0.560260586319218,0.95819397993311,0.0420711974110032,0.943910256410256,0.965460526315789,0.957860615883306,0.93354943273906,0.554330708661417,0.0392156862745098,0.957792207792208,0.555735056542811,0.0434782608695652,0.0346456692913386,0.235294117647059,0.0340356564019449,0.196046128500824,0.70440251572327,0.0382775119617225,0.0435483870967742,0.0501618122977346,0.619426751592357,0.0783034257748776,0.947626841243863,0.0130293159609121,0.0358306188925081,0.0016,0.275244299674267,0.959016393442623,0.942766295707472,0.890822784810127,0.00158982511923688,0.875420875420875,0.837620578778135,0.730519480519481,0.634493670886076,0.492682926829268,0.45757071547421,0.0128824476650564,0.962171052631579,0.140549273021002,0.735099337748344,0.954397394136808,0.0514469453376206,0.754019292604502,0.0401284109149278,0.14951768488746,0.955414012738854,0.963025210084034,0.890728476821192,0.00158982511923688,0.668810289389068,0.887622149837134,0.00160771704180064,0.0395569620253165,0.895569620253165,0.975530179445351,0.00162074554294976,0.0368,0.0382775119617225,0.958813838550247,0.915841584158416,0.0419463087248322,0.0016366612111293,0.416129032258065,0.962479608482871,0.81259842519685,0.426731078904992,0.687908496732026,0.9344,0.0427215189873418,0.955974842767296,0.956168831168831,0.0390879478827362,0.949919224555735,0.956239870340357,0.935749588138385,0.959546925566343,0.209339774557166,0.354368932038835,0.338211382113821,0.958949096880131,0.913907284768212,0.0572831423895254,0.295161290322581,0.967585089141005,0.187702265372168,0.329173166926677,0.966292134831461,0.956730769230769,0.961722488038278,0.72636815920398,0.95583596214511,0.282894736842105,0.9584,0.957654723127036,0,0.36624203821656,0.575657894736842,0.0533117932148627,0.0648298217179903,0.0498442367601246,0.883415435139573,0.0693548387096774,0.0400641025641026,0.0015748031496063,0.257648953301127,0.953719008264463,0.107142857142857,0.9688013136289,0.96474358974359,0.96260162601626,0.329508196721311,0.334437086092715,0.684380032206119,0.489655172413793,0.00159235668789809,0.823529411764706,0.0500782472613459,0.0784,0.236421725239617,0.955737704918033,0.0443037974683544,0,0.378205128205128,0.0508744038155803,0.056198347107438,0.501628664495114,0.957516339869281,0.315875613747954,0.958904109589041,0.934533551554828,0.00158982511923688,0.961597542242704,0.0374414976599064,0.959742351046699,0.828990228013029,0.963394342762063,0.0482315112540193,0.942307692307692,0.0403225806451613,0.8743961352657,0.746688741721854,0.91692789968652,0.967741935483871,0.950080515297907,0.336025848142165,0.9375,0.960127591706539,0.0379746835443038,0.0594855305466238,0.963576158940397,0.951377633711507,0.363492063492063,0.872168284789644,0.934343434343434,0.949044585987261,0.959871589085072,0.00162337662337662,0.156666666666667,0.962356792144026,0.0403225806451613,0.00166112956810631,0.958881578947368,0.0132669983416252,0.076158940397351,0.958730158730159,0.962356792144026,0.00490196078431373,0.644230769230769,0.461412151067323,0.963272120200334,0.0415282392026578,0.843648208469055,0.963875205254516,0.414634146341463,0.634768740031898,0.825448613376835,0.00161812297734628,0.206730769230769,0.965573770491803,0.95928338762215,0.486356340288925,0.959871589085072,0.93526405451448,0.0591133004926108,0.00321027287319422,0.960380348652932,0.955737704918033,0.936585365853659,0.702875399361022,0.0456769983686786,0.884057971014493,0.277337559429477,0.222596964586847,0.00809061488673139,0.652960526315789,0.621931260229133,0.660194174757282,0.0016025641025641,0.328407224958949,0.921824104234528,0.674679487179487,0.5632,0.120879120879121,0.00156494522691706,0.00157232704402516,0.96141975308642,0.934189406099519,0,0.918789808917197,0.0116086235489221,0.0016025641025641,0.00165289256198347,0.965686274509804,0.00159744408945687,0.965630114566285,0.769480519480519,0.552215189873418,0.955696202531646,0.00164473684210526,0.00162866449511401,0.960127591706539,0.927899686520376,0.763754045307443,0.0387722132471729,0.00490196078431373,0.879614767255217,0.634460547504026,0.964573268921095,0.555732484076433,0.388157894736842,0.00162866449511401,0.953225806451613,0.0377668308702791,0.952998379254457,0.119800332778702,0.00159744408945687,0.0423861852433281,0.153333333333333,0.508445945945946,0.9328,0.00161030595813205,0.941455696202532,0.943820224719101,0.966453674121406,0.00161812297734628,0.10981697171381,0.904201680672269,0.0469011725293132,0.958064516129032,0.961722488038278,0.0399361022364217,0.9584,0.345659163987138,0.820097244732577,0.0456769983686786,0.207011686143573,0.948051948051948,0.012987012987013,0.0387096774193548,0.960127591706539,0.0465890183028286,0.69205298013245,0.425361155698234,0.00158478605388273,0.150974025974026,0.769867549668874,0.299837925445705,0.948717948717949,0.0392156862745098,0.18957345971564,0.469899665551839,0.934504792332268,0.920886075949367,0.941272430668842,0.762684124386252,0.00161550888529887,0.9488,0.0408805031446541,0.929738562091503,0.447194719471947,0.0430622009569378,0.960254372019078,0.965686274509804,0.960720130932897,0.655448717948718,0.971061093247588,0.185667752442997,0.230273752012882,0.918962722852512,0.886513157894737,0.00155763239875389,0.00165562913907285,0.948590381426202,0.911960132890365,0.0490998363338789,0.955665024630542,0.963434022257552,0.413848631239936,0.919540229885057,0.730392156862745,0.88783570300158,0.00159489633173844,0.931707317073171,0.375409836065574,0.964343598055105,0.957792207792208,0,0.668292682926829,0.955810147299509,0.0487804878048781,0.716193656093489,0.403252032520325,0.811145510835913,0.729200652528548,0.931357254290172,0.123630672926448,0.954924874791319,0.963081861958267,0.957654723127036,0.339495798319328,0.133971291866029,0.955271565495208,0.958795562599049,0.0095389507154213,0.794071762870515,0.493670886075949,0.292407108239095,0.815409309791332,0.961227786752827,0.852032520325203,0.956381260096931,0.141045958795563,0.0352348993288591,0.00158982511923688,0.859706362153344,0.0451612903225806,0.0416,0.310789049919485,0.00162074554294976,0.959612277867528,0.918006430868167,0.956381260096931,0.959807073954984,0.12741935483871,0.0374592833876222,0.00156494522691706,0.00158227848101266,0.206219312602291,0.122749590834697,0.190016103059581,0,0.0337620578778135,0.956310679611651,0.0287539936102236,0.33931484502447,0.962046204620462,0.617124394184168,0.945723684210526,0.689984101748808,0.675675675675676,0.00159235668789809,0.962848297213622,0.420880913539967,0.537953795379538,0.933544303797468,0.971337579617834,0.434920634920635,0.0112540192926045,0.967266775777414,0.961538461538462,0.00161812297734628,0.937597503900156,0.0544,0.952691680261011,0.436597110754414,0.00162337662337662,0.0113085621970921,0.554806070826307,0.873355263157895,0.0434782608695652,0.183306055646481,0.0144927536231884,0.0033112582781457,0.746130030959752,0.0473856209150327,0.95819397993311,0.35748031496063,0.960127591706539,0.0330708661417323,0.415064102564103,0.357615894039735,0.882943143812709,0.133223684210526,0.037156704361874,0.00494233937397035,0.0838815789473684,0.00160771704180064,0.95583596214511,0.067001675041876,0.972049689440994,0.0436893203883495,0.957095709570957,0.0016025641025641,0.550156739811912,0.501650165016502,0.959150326797386,0.00165562913907285,0.955484896661367,0.00161812297734628,0.423645320197044,0.958064516129032,0.00158227848101266,0.66504854368932,0.948220064724919,0.743548387096774,0.940495867768595,0.0763116057233704,0.00161812297734628,0.964458804523425,0.284552845528455,0.00157728706624606,0.729299363057325,0.0357142857142857,0.0579029733959311,0.959016393442623,0.960720130932897,0.961661341853035,0.939935064935065,0.951060358890702,0.0016366612111293,0.944262295081967,0.0274636510500808,0.382636655948553,0.32258064516129,0.951612903225806,0.950636942675159,0.961783439490446,0.955056179775281,0.0561797752808989,0.0506535947712418,0.95364238410596,0.938610662358643,0.735433070866142,0.946254071661238,0.960063897763578,0.961165048543689,0.00156739811912226,0.00159489633173844,0.948517940717629,0.00158478605388273,0.107371794871795,0,0.93485342019544,0.30327868852459,0.245791245791246,0.165064102564103,0.898527004909984,0.00165289256198347,0.140350877192982,0.959546925566343,0.966019417475728,0.668308702791461,0.453004622496148,0.256838905775076,0.213500784929356,0.660033167495854,0.0385232744783307,0.161500815660685,0.578861788617886,0.285478547854785,0.740916271721959,0.051948051948052,0.00164203612479475,0.0369181380417336,0.354098360655738,0.958053691275168,0.653290529695024,0.272012578616352,0.65139116202946,0.894991922455573,0.94888178913738,1,0.956594323873122,0.95702479338843,0.955882352941177,0.591276252019386,0.463022508038585,0.960848287112561,0.046583850931677,0.0380952380952381,0.892455858747994,0.0126782884310618,0.957613814756672,0.937299035369775,0,0.139767054908486,0.00159744408945687,0.942622950819672,0.00165289256198347,0.94336569579288,0.961352657004831,0.0365659777424483,0.835236541598695,0.9616,0.669449081803005,0.64274322169059,0.878640776699029,0.0016,0.00161550888529887,0.915,0.933641975308642,0.97444089456869,0.00156494522691706,0.00158227848101266,0.0353697749196141,0.263975155279503,0.507987220447284,0.00161030595813205,0.504885993485342,0.00158982511923688,0.909240924092409,0.964285714285714,0.204318936877076,0.273752012882448,0.00157728706624606,0.365448504983389,0.613636363636364,0.859872611464968,0.953343701399689,0.796445880452342,0.0391517128874388,0.9688013136289,0.0146103896103896,0.954697986577181,0,0.968,0.00970873786407767,0.963576158940397,0.0535714285714286,0.0344827586206897,0.0016,0.00163934426229508,0.858505564387917,0.907438016528926,0.931746031746032,0.716346153846154,0.0680379746835443,0.0400667779632721,0.833605220228385,0.830721003134796,0.00166666666666667,0.0543657331136738,0.926948051948052,0.00159744408945687,0.940298507462687,0.9472,0.100478468899522,0.0475435816164818,0.0317965023847377,0.956730769230769,0.498366013071895,0.116316639741519,0.138613861386139,0.14951768488746,0.726666666666667,0.131955484896661,0.961920529801324,0.00161030595813205,0.769354838709677,0.94912559618442,0.00650406504065041,0,0.0452418096723869,0.0016260162601626,0.0454545454545455,0.960127591706539,0.732441471571906,0.0376432078559738,0.0405844155844156,0.572607260726073,0.956730769230769,0.470588235294118,0.0532915360501567,0.0394088669950739,0.0634390651085142,0.0194805194805195,0,0.0588235294117647,0.042654028436019,0.0444078947368421,0.0528846153846154,0.0343213728549142,0.0596026490066225,0.0659163987138264,0.0501618122977346,0.0225806451612903,0.00831946755407654,0.0292682926829268,0.0273311897106109,0.0665610142630745,0.05,0.0224719101123595,0.0404040404040404,0.0453074433656958,0.0488599348534202,0.0456026058631922,0.028391167192429,0.0407166123778502,0.0630048465266559,0.0434108527131783,0.0419354838709677
"719",0.985365853658537,0.980982567353407,0.964230171073095,0.933656957928803,0.985342019543974,0.980424143556281,0.88961038961039,0.967948717948718,0.979559748427673,0,0.984126984126984,0,0.568938193343899,0.9776,0.0561622464898596,0.027027027027027,0,0.016025641025641,0.986970684039088,0.968354430379747,0.175632911392405,0.0545454545454545,0.965785381026439,0,0.94006309148265,0.274478330658106,0.12621359223301,0.969354838709677,0.47906976744186,0.692913385826772,0.0156494522691706,0.687797147385103,0.768370607028754,0.309791332263242,0,0.985553772070626,0.0186915887850467,0.977883096366509,0.266153846153846,0.894904458598726,0.00160513643659711,0.0156494522691706,0.00474683544303797,0.975530179445351,0.788429752066116,0.0420032310177706,0.548956661316212,0.0191082802547771,0.474921630094044,0.148318042813456,0,0.9744,0.288244766505636,0.982484076433121,0.884057971014493,0.181669394435352,0,0.956661316211878,0.949367088607595,0.903785488958991,0.310897435897436,0.448818897637795,0.0161030595813204,0,0.901639344262295,0.828125,0,0.972929936305732,0,0.0180623973727422,0.885220125786163,0.0284810126582278,0.0349206349206349,0.976489028213166,0,0.712962962962963,0.0613207547169811,0.575663026521061,0.891447368421053,0.285714285714286,0,0.706708268330733,0.231611893583725,0.98116169544741,0.131455399061033,0.904984423676013,0.982785602503912,0.953968253968254,0.952153110047847,0.00925925925925926,0.991869918699187,0.979495268138801,0,0,0.967213114754098,0,0.296825396825397,0.96969696969697,0.00628930817610063,0.0078740157480315,0.625796178343949,0,0.298387096774194,0.982113821138211,0.108359133126935,0.978896103896104,0.00952380952380952,0.968051118210863,0.0207336523125997,0.0268562401263823,0.026813880126183,0.897106109324759,0.342902711323764,0.974358974358974,0,0.977883096366509,0.695374800637959,0,0.0190174326465927,0.236593059936909,0,0.7696,0.255150554675119,0.0953150242326333,0.985915492957746,0.161993769470405,0.976635514018692,0.985736925515055,0,0.545454545454545,0.934713375796178,0.493464052287582,0.965964343598055,0,0.974235104669887,0.0313971742543171,0,0.225806451612903,0.661904761904762,0.514900662251656,0,0,0.974842767295597,0.779578606158833,0.186795491143317,0.979066022544283,0.0257234726688103,0.920508744038156,0.419871794871795,0.969183359013868,0.152597402597403,0.968354430379747,0.9792,0.832802547770701,0.978125,0.0144230769230769,0.978090766823161,0.0222575516693164,0,0.744715447154472,0.863987635239567,0.966876971608833,0.0354391371340524,0,0.984326018808777,0.459677419354839,0.978723404255319,0.981012658227848,0.981012658227848,0.317757009345794,0.97007874015748,0.0175718849840256,0.94383775351014,0.021505376344086,0.897058823529412,0.390551181102362,0,0.966346153846154,0,0.839427662957075,0.982428115015974,0.130225080385852,0.974683544303797,0.947619047619048,0.97239263803681,0.9609375,0.114285714285714,0.392857142857143,0.931596091205212,0.933764135702746,0.0807754442649435,0.023961661341853,0.969404186795491,0.856025039123631,0,0,0.310569105691057,0.00159744408945687,0.979907264296754,0.268330733229329,0.871753246753247,0.757097791798107,0.979813664596273,0.43338683788122,0.436420722135008,0.303174603174603,0.916932907348243,0.950715421303657,0.871875,0,0.870607028753994,0.181818181818182,0.972886762360447,0.0223285486443381,0.0816326530612245,0.534181240063593,0.967585089141005,0.973478939157566,0.822966507177033,0.984152139461173,0.884984025559105,0,0.0936507936507937,0.683307332293292,0.980891719745223,0,0.969088098918083,0.978227060653188,0.557692307692308,0.549606299212598,0.97191887675507,0.975688816855754,0.366666666666667,0,0.875195007800312,0.516339869281046,0.970443349753695,0.023696682464455,0.959438377535101,0.9808,0.979099678456592,0.94345718901454,0.546728971962617,0.0224,0.963779527559055,0.574162679425837,0.0246913580246914,0.0200308166409861,0.21656050955414,0.0190779014308426,0.167207792207792,0.680124223602484,0.0208,0.0220472440944882,0.025,0.594180704441041,0.0572831423895254,0.987034035656402,0.0112359550561798,0.0234741784037559,0,0.224,0.980487804878049,0.963081861958267,0.922345483359746,0,0.869067103109656,0.852895148669797,0.690322580645161,0.605769230769231,0.457869634340223,0.448717948717949,0.0109034267912773,0.978723404255319,0.113744075829384,0.693843594009983,0.956661316211878,0.0298273155416013,0.746031746031746,0.0253565768621236,0.127358490566038,0.97984496124031,0.980360065466448,0.885057471264368,0,0.640378548895899,0.868378812199037,0,0.0202177293934681,0.8921875,0.972357723577236,0,0.0234741784037559,0.0221518987341772,0.973813420621931,0.882825040128411,0.0212765957446809,0,0.3776,0.979066022544283,0.800623052959502,0.407582938388626,0.665568369028007,0.949843260188088,0.0299212598425197,0.98145285935085,0.981012658227848,0.0224719101123595,0.963022508038585,0.984076433121019,0.958132045088567,0.977777777777778,0.194006309148265,0.332810047095761,0.292993630573248,0.962418300653595,0.926590538336052,0.0442338072669826,0.274350649350649,0.974603174603175,0.175911251980983,0.314900153609831,0.980982567353407,0.979099678456592,0.965785381026439,0.700325732899023,0.976303317535545,0.253565768621236,0.961059190031153,0.97741935483871,0,0.339089481946625,0.555555555555556,0.0305958132045089,0.0508744038155803,0.0234009360374415,0.901116427432217,0.0409448818897638,0.0159235668789809,0,0.242811501597444,0.980738362760835,0.0917721518987342,0.974832214765101,0.963492063492064,0.980676328502415,0.29635499207607,0.292207792207792,0.677830940988836,0.451827242524917,0,0.818181818181818,0.0280811232449298,0.0501567398119122,0.209856915739269,0.982371794871795,0.0236220472440945,0,0.339593114241002,0.031496062992126,0.0465489566613162,0.483870967741935,0.987075928917609,0.288709677419355,0.974958263772955,0.943729903536977,0,0.980243161094225,0.0156494522691706,0.976993865030675,0.82670906200318,0.980230642504119,0.0227272727272727,0.956521739130435,0.0144694533762058,0.871224165341812,0.715686274509804,0.935023771790808,0.975845410628019,0.974723538704581,0.301282051282051,0.9568,0.9824,0.0199692780337942,0.0408805031446541,0.979133226324238,0.977777777777778,0.332278481012658,0.864864864864865,0.956026058631922,0.946540880503145,0.98297213622291,0,0.128455284552846,0.982677165354331,0.0206677265500795,0,0.956869009584665,0.00822368421052632,0.0619902120717781,0.979527559055118,0.960127591706539,0.00323624595469256,0.629213483146067,0.448387096774194,0.975767366720517,0.0213464696223317,0.855284552845528,0.977124183006536,0.38562091503268,0.59472049689441,0.785483870967742,0,0.162379421221865,0.971061093247588,0.979365079365079,0.472353870458136,0.98116169544741,0.955074875207987,0.0533117932148627,0.00156985871271586,0.97626582278481,0.975845410628019,0.9392,0.690402476780186,0.0192926045016077,0.865695792880259,0.268057784911718,0.185737976782753,0.00632911392405063,0.630990415335463,0.618441971383148,0.636363636363636,0,0.298013245033113,0.89968152866242,0.642405063291139,0.523364485981308,0.0904907975460123,0,0,0.983180428134557,0.957943925233645,0,0.921259842519685,0.0111111111111111,0,0,0.9808,0,0.978688524590164,0.770440251572327,0.53343701399689,0.979655712050078,0,0,0.976340694006309,0.956454121306376,0.724727838258165,0.0184899845916795,0.00161290322580645,0.876971608832808,0.588697017268446,0.984350547730829,0.558823529411765,0.360128617363344,0,0.971428571428571,0.0228758169934641,0.954248366013072,0.105519480519481,0,0.0276497695852535,0.123003194888179,0.493333333333333,0.954330708661417,0,0.94811320754717,0.976152623211447,0.982649842271293,0,0.0963081861958267,0.917508417508417,0.0212418300653595,0.982758620689655,0.97984496124031,0.0256,0.981042654028436,0.298578199052133,0.803827751196172,0.0286168521462639,0.176661264181524,0.9552,0.00955414012738853,0.0205371248025276,0.969793322734499,0.0248344370860927,0.667202572347267,0.3872,0,0.12480252764613,0.7408,0.268680445151033,0.973058637083994,0.0223285486443381,0.178018575851393,0.45320197044335,0.97542242703533,0.878125,0.954911433172303,0.748807631160572,0,0.968454258675079,0.01875,0.953674121405751,0.387459807073955,0.0186915887850467,0.984202211690363,0.980707395498392,0.982286634460548,0.661881977671451,0.977742448330684,0.135483870967742,0.203525641025641,0.94392523364486,0.871473354231975,0,0,0.9712,0.945337620578778,0.0305466237942122,0.980456026058632,0.987117552334944,0.362776025236593,0.928221859706362,0.743548387096774,0.877138413685848,0,0.961722488038278,0.329052969502408,0.9808,0.982343499197432,0,0.643659711075441,0.963934426229508,0.0226171243941842,0.68370607028754,0.3824,0.816923076923077,0.702127659574468,0.946319018404908,0.0945736434108527,0.963993453355156,0.982456140350877,0.973015873015873,0.294117647058824,0.0961538461538462,0.977742448330684,0.981220657276995,0.00628930817610063,0.7953125,0.460567823343849,0.270015698587127,0.77007874015748,0.979397781299525,0.869009584664537,0.98256735340729,0.126168224299065,0.0233333333333333,0,0.817307692307692,0.0192926045016077,0.0175438596491228,0.289968652037618,0,0.976340694006309,0.90809968847352,0.979365079365079,0.981279251170047,0.106518282988871,0.0208667736757624,0,0,0.172302737520129,0.0972886762360447,0.166931637519873,0,0.0172684458398744,0.976190476190476,0.0154083204930663,0.296,0.975609756097561,0.596825396825397,0.951768488745981,0.679127725856698,0.651632970451011,0,0.978461538461538,0.398387096774194,0.498412698412698,0.919254658385093,0.978328173374613,0.401883830455259,0.0078740157480315,0.948598130841122,0.951937984496124,0,0.958841463414634,0.0347551342812006,0.973813420621931,0.42879746835443,0,0.00794912559618442,0.517587939698492,0.840322580645161,0.0207006369426752,0.150974025974026,0.0112359550561798,0.00166112956810631,0.745007680491551,0.0384615384615385,0.980099502487562,0.330203442879499,0.978193146417445,0.01875,0.399046104928458,0.343402225755167,0.855987055016181,0.114192495921697,0.0205696202531646,0.00158227848101266,0.0557324840764331,0,0.979750778816199,0.0506535947712418,0.974164133738602,0.0224719101123595,0.97875816993464,0,0.527863777089783,0.485668789808917,0.982484076433121,0,0.980982567353407,0,0.398058252427184,0.979591836734694,0,0.652931854199683,0.975609756097561,0.785031847133758,0.951377633711507,0.0594679186228482,0,0.979527559055118,0.271103896103896,0,0.685126582278481,0.0186915887850467,0.0403100775193798,0.977198697068404,0.982229402261712,0.97045101088647,0.963258785942492,0.959612277867528,0,0.963258785942492,0.023696682464455,0.341158059467919,0.293650793650794,0.975961538461538,0.971563981042654,0.977671451355662,0.971786833855799,0.0513643659711075,0.03486529318542,0.976549413735343,0.949044585987261,0.726550079491256,0.960567823343849,0.9828125,0.9703125,0,0,0.963470319634703,0,0.0815047021943574,0,0.947784810126582,0.28921568627451,0.237147595356551,0.136858475894246,0.916139240506329,0,0.108150470219436,0.979299363057325,0.979495268138801,0.645631067961165,0.424382716049383,0.225609756097561,0.201848998459168,0.686900958466454,0.0157232704402516,0.131955484896661,0.554294975688817,0.264752791068581,0.708399366085578,0.0254777070063694,0,0.0178571428571429,0.318770226537217,0.979032258064516,0.615748031496063,0.234836702954899,0.626003210272873,0.867394695787831,0.967238689547582,0.956594323873122,1,0.98019801980198,0.975922953451043,0.551505546751189,0.434920634920635,0.975961538461538,0.0259146341463415,0.029320987654321,0.869426751592357,0.0109717868338558,0.981042654028436,0.94770206022187,0,0.128500823723229,0,0.961904761904762,0,0.971473851030111,0.976340694006309,0.0236220472440945,0.835463258785943,0.979623824451411,0.646302250803859,0.631160572337043,0.873801916932907,0,0,0.930807248764415,0.943338437978561,0.982866043613707,0,0,0.0179738562091503,0.234741784037559,0.494470774091627,0,0.4592,0,0.938311688311688,0.977564102564103,0.155448717948718,0.255054432348367,0,0.355155482815057,0.596184419713832,0.85214626391097,0.958990536277603,0.778481012658228,0.0207667731629393,0.986906710310966,0.00794912559618442,0.983766233766234,0,0.975572519083969,0.00641025641025641,0.985245901639344,0.0334928229665072,0.0194174757281553,0,0,0.816164817749604,0.918300653594771,0.925349922239502,0.705426356589147,0.0414746543778802,0.0275080906148867,0.8688,0.849144634525661,0,0.0349206349206349,0.964516129032258,0,0.96523178807947,0.950387596899225,0.0792393026941363,0.0429252782193959,0.017515923566879,0.978021978021978,0.470873786407767,0.0865384615384615,0.116693679092382,0.140405616224649,0.695652173913043,0.107424960505529,0.982229402261712,0,0.765079365079365,0.97339593114241,0.00319488817891374,0,0.0214723926380368,0,0.0225442834138486,0.982428115015974,0.736065573770492,0.0178571428571429,0.0210355987055016,0.544117647058823,0.953376205787781,0.447409733124019,0.0498442367601246,0.0211726384364821,0.0584415584415584,0.0173501577287066,0,0.0445859872611465,0.0263975155279503,0.0189274447949527,0.028125,0.0202177293934681,0.0471544715447154,0.0579937304075235,0.0315457413249211,0.0192616372391653,0.00490196078431373,0.0314465408805031,0.0251177394034537,0.055205047318612,0.0270700636942675,0.0220125786163522,0.0197044334975369,0.0243506493506494,0.0502431118314425,0.0223285486443381,0.0297339593114241,0.0205047318611987,0.0543130990415335,0.0200617283950617,0.0192307692307692
"720",0.996768982229402,1,0.974763406940063,0.940199335548173,0.985197368421053,1,0.892455858747994,0.977635782747604,1,0,1,0,0.57097288676236,1,0.0441640378548896,0.0096,0,0.0145631067961165,0.99672131147541,0.984101748807631,0.176656151419558,0.0344827586206897,0.993710691823899,0,0.957345971563981,0.24232633279483,0.109120521172638,0.988543371522095,0.477564102564103,0.686119873817035,0,0.700949367088608,0.783034257748777,0.290322580645161,0,1,0.0157728706624606,0.993720565149137,0.262751159196291,0.9088,0,0.0173228346456693,0.00313479623824451,1,0.794019933554817,0.0196078431372549,0.5088,0,0.482003129890454,0.13015873015873,0,0.995153473344103,0.270358306188925,1,0.882825040128411,0.1620294599018,0,0.975609756097561,0.9616,0.9104,0.307324840764331,0.433697347893916,0,0,0.894909688013136,0.827751196172249,0,0.991869918699187,0,0,0.863275039745628,0.00642054574638844,0.0207006369426752,1,0,0.717219589257504,0.0499219968798752,0.580952380952381,0.906095551894563,0.267006802721088,0,0.720748829953198,0.202572347266881,0.998427672955975,0.109149277688604,0.923556942277691,0.998427672955975,0.97275641025641,0.969936708860759,0.0111287758346582,0.98858075040783,1,0,0,0.973813420621931,0,0.29903536977492,0.982286634460548,0.00627943485086342,0.00805152979066022,0.610410094637224,0,0.27823240589198,1,0.10625,1,0.0112359550561798,0.980738362760835,0,0.00806451612903226,0.00789889415481832,0.910969793322735,0.33974358974359,0.990445859872611,0,0.987281399046105,0.721698113207547,0,0,0.235864297253635,0,0.773524720893142,0.258320126782884,0.0838815789473684,0.976228209191759,0.1584,0.998417721518987,0.995169082125604,0,0.544585987261146,0.934920634920635,0.505672609400324,0.991816693944354,0,0.995090016366612,0.0222575516693164,0,0.220949263502455,0.63275039745628,0.523731587561375,0,0,0.979133226324238,0.770597738287561,0.184514003294893,1,0.00649350649350649,0.931746031746032,0.41747572815534,0.987635239567233,0.135537190082645,0.984076433121019,1,0.84688995215311,0.993690851735016,0,1,0,0,0.741518578352181,0.871875,0.979166666666667,0.0111642743221691,0,1,0.459150326797386,1,1,1,0.300632911392405,0.982456140350877,0,0.953343701399689,0,0.894651539708266,0.364649681528662,0,0.983766233766234,0,0.860759493670886,1,0.132686084142395,0.985714285714286,0.955905511811024,0.992223950233281,0.974522292993631,0.0906200317965024,0.385579937304075,0.931147540983607,0.945161290322581,0.0531400966183575,0.00638977635782748,0.983792544570502,0.854199683042789,0,0,0.306688417618271,0,1,0.251192368839428,0.87741935483871,0.763322884012539,0.992211838006231,0.43739837398374,0.453968253968254,0.292006525285481,0.927302100161551,0.964458804523425,0.883386581469649,0,0.868878357030016,0.176372712146423,0.949919224555735,0,0.060126582278481,0.536,0.978964401294498,0.982704402515723,0.838141025641026,0.998410174880763,0.901929260450161,0,0.068362480127186,0.670846394984326,0.993399339933993,0,0.993690851735016,0.982919254658385,0.549050632911392,0.556089743589744,0.987341772151899,1,0.374798061389338,0,0.890965732087227,0.522875816993464,0.975124378109453,0,0.965625,1,1,0.962962962962963,0.537735849056604,0.00162074554294976,0.977235772357724,0.551834130781499,0.00462962962962963,0.00157232704402516,0.1984,0,0.147967479674797,0.681318681318681,0,0.00317965023847377,0.00792393026941363,0.589341692789969,0.0364238410596026,0.987096774193548,0.0096,0,0,0.216612377850163,1,0.977382875605816,0.899513776337115,0,0.867647058823529,0.846273291925466,0.692682926829268,0.610142630744849,0.45859872611465,0.482200647249191,0.0110584518167457,1,0.1,0.71499176276771,0.964686998394864,0.00956937799043062,0.752827140549273,0.0016,0.110754414125201,1,1,0.888888888888889,0,0.647335423197492,0.889250814332248,0,0,0.901253918495298,0.983948635634029,0,0.00158982511923688,0,0.981907894736842,0.891056910569106,0,0,0.394863563402889,0.993569131832797,0.792125984251968,0.393650793650794,0.660194174757282,0.965244865718799,0.00792393026941363,1,1,0.00806451612903226,0.971428571428571,1,0.969949916527546,0.998417721518987,0.182552504038772,0.32484076433121,0.280193236714976,0.977198697068404,0.945,0.0473933649289099,0.268253968253968,0.977564102564103,0.154838709677419,0.3198127925117,0.993610223642173,0.996768982229402,0.9712,0.696428571428571,0.998439937597504,0.244336569579288,0.965189873417722,0.996768982229402,0,0.322884012539185,0.550488599348534,0.017515923566879,0.050314465408805,0.0095389507154213,0.909531502423263,0.0221870047543582,0,0,0.22488038277512,0.990322580645161,0.0766773162939297,0.989966555183946,0.974068071312804,0.990291262135922,0.292962356792144,0.295,0.67948717948718,0.465776293823038,0,0.817749603803486,0.0140845070422535,0.0385232744783307,0.1984375,1,0.0016,0,0.337579617834395,0.0125984251968504,0.0244299674267101,0.476650563607085,1,0.261513157894737,1,0.972624798711755,0,0.992378048780488,0,0.998442367601246,0.821895424836601,1,0.0144230769230769,0.9734375,0,0.881028938906752,0.718446601941748,0.941082802547771,0.990430622009569,1,0.294117647058824,0.971337579617834,1,0,0.022508038585209,1,1,0.314606741573034,0.887301587301587,0.964941569282137,0.957345971563981,1,0,0.119547657512116,1,0.00161030595813205,0,0.970779220779221,0.00964630225080386,0.0375203915171289,1,0.972712680577849,0.00322061191626409,0.622977346278317,0.414239482200647,0.985342019543974,0.0016366612111293,0.867741935483871,0.99672131147541,0.380875202593193,0.6016,0.791599353796446,0,0.159489633173844,0.980360065466448,0.998392282958199,0.456026058631922,1,0.974226804123711,0.0308943089430894,0.00161290322580645,0.984051036682616,0.993660855784469,0.952922077922078,0.688291139240506,0.00645161290322581,0.863414634146341,0.2352,0.18135593220339,0.00471698113207547,0.619672131147541,0.601973684210526,0.615262321144674,0,0.28125,0.92443729903537,0.642857142857143,0.515055467511886,0.0820433436532508,0,0,1,0.971786833855799,0,0.926517571884984,0.00985221674876847,0,0,0.998360655737705,0,1,0.776527331189711,0.525741029641186,1,0,0,0.993569131832797,0.963020030816641,0.735576923076923,0,0.00164203612479475,0.880248833592535,0.597774244833068,1,0.546031746031746,0.355048859934853,0,0.98256735340729,0,0.964227642276423,0.0880913539967374,0,0.0110062893081761,0.112721417069243,0.503322259136213,0.973101265822785,0,0.953198127925117,0.977848101265823,1,0,0.065252854812398,0.930390492359932,0.005,1,1,0.00802568218298555,1,0.299840510366826,0.81042654028436,0.00802568218298555,0.162337662337662,0.966719492868463,0.00810372771474878,0,0.976303317535545,0.00807754442649435,0.655896607431341,0.396166134185303,0,0.115689381933439,0.748366013071895,0.267628205128205,0.977917981072555,0,0.145110410094637,0.478333333333333,0.950078003120125,0.898595943837754,0.969354838709677,0.756058158319871,0,0.987361769352291,0,0.964968152866242,0.398360655737705,0,1,1,1,0.631921824104234,0.988871224165342,0.119281045751634,0.187800963081862,0.947284345047923,0.879614767255217,0,0,0.993527508090615,0.940397350993378,0.0181818181818182,0.986885245901639,0.992050874403816,0.370192307692308,0.939837398373984,0.725806451612903,0.887345679012346,0,0.975767366720517,0.33387358184765,1,0.998402555910543,0,0.651465798045603,0.978723404255319,0,0.697262479871176,0.37620578778135,0.800613496932515,0.70327868852459,0.96551724137931,0.0738461538461539,0.985365853658537,1,0.980707395498392,0.306291390728477,0.0889967637540453,0.989079563182527,1,0.00805152979066022,0.7859375,0.445151033386327,0.248803827751196,0.770569620253165,1,0.88562091503268,1,0.128367670364501,0,0,0.834415584415584,0.00161812297734628,0,0.261075949367089,0,0.992012779552716,0.930926216640502,0.998376623376623,0.995268138801262,0.0818619582664527,0,0,0,0.178861788617886,0.0789049919484702,0.14951768488746,0,0,1,0.00947867298578199,0.295454545454545,1,0.5872,0.973856209150327,0.663507109004739,0.643642072213501,0,1,0.39708265802269,0.493548387096774,0.921974522292994,0.990445859872611,0.3904,0.0095389507154213,0.953376205787781,0.959119496855346,0,0.96875,0.0176565008025682,0.988352745424293,0.441082802547771,0,0.00801282051282051,0.516611295681063,0.8416,0,0.127009646302251,0.00969305331179321,0,0.736349453978159,0.0256,1,0.322632423756019,0.995260663507109,0,0.384737678855326,0.321895424836601,0.869205298013245,0.0980066445182724,0.00479233226837061,0,0.0458265139116203,0,0.996830427892235,0.0414593698175788,0.984496124031008,0.00485436893203883,1,0,0.520504731861199,0.462157809983897,1,0,0.998425196850394,0,0.401976935749588,0.987321711568938,0,0.635792778649921,0.980830670926518,0.739967897271268,0.959150326797386,0.0385232744783307,0,1,0.264423076923077,0,0.697637795275591,0,0.0206349206349206,1,1,0.990654205607477,0.972491909385113,0.983766233766234,0,0.975845410628019,0.0204724409448819,0.352201257861635,0.2784,0.990506329113924,0.993630573248408,0.993720565149137,0.993670886075949,0.0554675118858954,0.0128824476650564,0.985049833887043,0.962025316455696,0.720820189274448,0.979397781299525,1,0.977777777777778,0,0,0.978193146417445,0,0.0635930047694754,0,0.959150326797386,0.271241830065359,0.20949263502455,0.125391849529781,0.92156862745098,0,0.103937007874016,1,1,0.645528455284553,0.418320610687023,0.221374045801527,0.176287051482059,0.6544,0,0.118296529968454,0.550724637681159,0.263157894736842,0.707936507936508,0.0112540192926045,0,0,0.330618892508143,1,0.623604465709729,0.221362229102167,0.619651347068146,0.877388535031847,0.987538940809969,0.95702479338843,0.98019801980198,1,1,0.548895899053628,0.425837320574163,1,0.00625978090766823,0.0109546165884194,0.875,0.0109717868338558,1,0.969793322734499,0,0.119672131147541,0,0.954113924050633,0,0.976228209191759,1,0.00631911532385466,0.841772151898734,1,0.649918962722853,0.632423756019262,0.874592833876222,0,0,0.938333333333333,0.95046439628483,0.990491283676704,0,0,0,0.238993710691824,0.520634920634921,0,0.448387096774194,0,0.927066450567261,1,0.15609756097561,0.231012658227848,0,0.352365415986949,0.600649350649351,0.872037914691943,0.964230171073095,0.782608695652174,0,0.991776315789474,0.0161812297734628,1,0,0.985781990521327,0.00797448165869218,1,0.0145867098865478,0.0113085621970921,0,0,0.833333333333333,0.937397034596376,0.94006309148265,0.721259842519685,0.0247678018575851,0.00646203554119548,0.841091492776886,0.838258164852255,0,0.00969305331179321,0.971428571428571,0,0.986970684039088,0.96474358974359,0.0628019323671498,0.040650406504065,0.00323101777059774,1,0.471819645732689,0.0684713375796178,0.0965630114566285,0.106180665610143,0.706176961602671,0.0928792569659443,1,0,0.763116057233704,0.988871224165342,0.00323624595469256,0,0,0,0,1,0.723509933774834,0,0,0.538461538461538,0.961290322580645,0.43879173290938,0.0512422360248447,0.00163132137030995,0.0564784053156146,0.015748031496063,0,0.0275526742301459,0.00630914826498423,0.00164744645799012,0.0109204368174727,0,0.0411861614497529,0.0556438791732909,0.012779552715655,0.019047619047619,0.00493421052631579,0.0245098039215686,0.022508038585209,0.056782334384858,0.00643086816720257,0.0207667731629393,0,0.00322061191626409,0.0454545454545455,0.00797448165869218,0.021875,0,0.0293159609120521,0.00154320987654321,0.00161290322580645
"721",0.996779388083736,0.998407643312102,0.971742543171115,0.939641109298532,0.984,0.998381877022654,0.896607431340872,0.974643423137876,0.998439937597504,0,0.998427672955975,0,0.579439252336449,1,0.0478468899521531,0.0110062893081761,0,0.0126582278481013,0.9967585089141,0.989028213166144,0.165109034267913,0.0327868852459016,0.987519500780031,0,0.958268933539413,0.267741935483871,0.11216429699842,0.98694942903752,0.480182926829268,0.695447409733124,0.00156985871271586,0.699530516431925,0.777777777777778,0.280314960629921,0,0.9984375,0.0221169036334913,0.993740219092332,0.26605504587156,0.903726708074534,0.00162866449511401,0.0125786163522013,0.00470957613814757,0.998410174880763,0.772131147540984,0.0256410256410256,0.510500807754443,0,0.451219512195122,0.129770992366412,0,0.993730407523511,0.269537480063796,0.998427672955975,0.884984025559105,0.15780998389694,0,0.972624798711755,0.956043956043956,0.906687402799378,0.290679304897314,0.440251572327044,0.00162866449511401,0,0.912337662337662,0.838095238095238,0,0.992088607594937,0,0.00160771704180064,0.864485981308411,0.00789889415481832,0.0144694533762058,0.998452012383901,0,0.722480620155039,0.046801872074883,0.572327044025157,0.8928,0.254237288135593,0,0.711811023622047,0.207221350078493,0.998466257668712,0.111464968152866,0.910377358490566,0.996870109546166,0.971428571428571,0.965678627145086,0.00925925925925926,0.987075928917609,0.998417721518987,0,0,0.975609756097561,0,0.308426073131955,0.9792663476874,0.00788643533123028,0.00958466453674121,0.630672926447574,0,0.289808917197452,0.998389694041868,0.107197549770291,0.998389694041868,0.00961538461538462,0.97444089456869,0.00162866449511401,0.0110759493670886,0.0110062893081761,0.912140575079872,0.326433121019108,0.992163009404389,0,0.987480438184664,0.717703349282297,0,0.0015625,0.22866344605475,0,0.764150943396226,0.256692913385827,0.0798045602605863,0.97456279809221,0.159810126582278,1,0.993670886075949,0,0.545023696682464,0.928,0.479166666666667,0.985342019543974,0,0.993517017828201,0.0217729393468118,0,0.214516129032258,0.623003194888179,0.525285481239804,0,0,0.978056426332288,0.769230769230769,0.174267100977199,1,0.00938967136150235,0.919504643962848,0.411003236245955,0.979782270606532,0.144262295081967,0.984101748807631,0.998363338788871,0.847244094488189,0.993660855784469,0.00162866449511401,0.9984375,0,0,0.747619047619048,0.871517027863777,0.979527559055118,0.0203125,0,0.998412698412698,0.442857142857143,0.998373983739837,0.998425196850394,0.998427672955975,0.287713841368585,0.977777777777778,0.00157232704402516,0.95046439628483,0,0.896661367249603,0.380503144654088,0,0.980830670926518,0,0.858054226475279,0.998410174880763,0.113237639553429,0.9828125,0.959627329192547,0.993874425727412,0.984350547730829,0.0990566037735849,0.366459627329193,0.923824959481361,0.9424,0.056782334384858,0.0062111801242236,0.980861244019139,0.857594936708861,0,0,0.306581059390048,0.00157232704402516,0.998439937597504,0.2421875,0.878444084278768,0.76031746031746,0.990639625585023,0.428341384863124,0.43213728549142,0.30048465266559,0.921221864951768,0.966074313408724,0.876352395672334,0,0.872239747634069,0.177814029363785,0.944356120826709,0,0.0666666666666667,0.545746388443018,0.977848101265823,0.979813664596273,0.829420970266041,0.996845425867508,0.900943396226415,0,0.0677165354330709,0.664596273291925,0.993569131832797,0,0.990697674418605,0.981510015408321,0.553125,0.544585987261146,0.990384615384615,0.998389694041868,0.369734789391576,0,0.888540031397174,0.532051282051282,0.970967741935484,0,0.962732919254658,0.9984,0.998444790046656,0.960127591706539,0.527386541471048,0,0.968503937007874,0.536163522012579,0.00619195046439629,0.0015552099533437,0.189189189189189,0.0015748031496063,0.149837133550489,0.6828125,0,0.0046656298600311,0.00955414012738853,0.602825745682888,0.0436187399030695,0.982456140350877,0.00950871632329636,0.00157977883096367,0,0.227053140096618,1,0.976114649681529,0.904836193447738,0,0.872756933115824,0.857589984350548,0.685126582278481,0.606973058637084,0.462279293739968,0.446570972886762,0.0110759493670886,0.998387096774194,0.0987460815047022,0.697865353037767,0.962962962962963,0.0125984251968504,0.755520504731861,0.0031201248049922,0.120063191153239,0.998459167950693,0.998360655737705,0.896774193548387,0,0.648062015503876,0.8864,0,0.00157232704402516,0.893353941267388,0.97752808988764,0,0.00320512820512821,0.00158478605388273,0.980519480519481,0.886699507389163,0,0,0.390822784810127,0.99198717948718,0.791925465838509,0.382306477093207,0.658105939004815,0.963893249607535,0.00791139240506329,0.998439937597504,0.998444790046656,0.00797448165869218,0.969889064976228,0.998397435897436,0.970731707317073,1,0.18341307814992,0.313880126182965,0.293460925039872,0.974317817014446,0.946166394779772,0.0529595015576324,0.261980830670927,0.971107544141252,0.156739811912226,0.303076923076923,0.99211356466877,0.998397435897436,0.968454258675079,0.695161290322581,0.996879875195008,0.246376811594203,0.963779527559055,0.995245641838352,0,0.319875776397516,0.55663430420712,0.019047619047619,0.0535433070866142,0.0108695652173913,0.917329093799682,0.0262345679012346,0.00158227848101266,0,0.229903536977492,0.990461049284579,0.0722135007849294,0.988562091503268,0.968051118210863,0.987261146496815,0.289556962025316,0.294788273615635,0.685303514376997,0.457377049180328,0,0.842767295597484,0.0140625,0.0359937402190923,0.2015625,0.998402555910543,0.00157977883096367,0,0.3328,0.0110410094637224,0.0257234726688103,0.472,0.998373983739837,0.268921095008052,1,0.959612277867528,0,0.990922844175492,0,0.996899224806202,0.842607313195548,0.998366013071895,0.0143769968051118,0.973966309341501,0.00159235668789809,0.887658227848101,0.714052287581699,0.95748031496063,0.985804416403785,0.995245641838352,0.299679487179487,0.974683544303797,0.998422712933754,0.00154798761609907,0.0221870047543582,1,0.998425196850394,0.315789473684211,0.893416927899687,0.964227642276423,0.956181533646322,0.998430141287284,0,0.11525974025974,0.9984,0.0032,0,0.96474358974359,0.0112721417069243,0.0452342487883683,0.998461538461539,0.968602825745683,0.00482315112540193,0.631911532385466,0.429951690821256,0.986970684039088,0.00323624595469256,0.869634340222575,0.996774193548387,0.375796178343949,0.606918238993711,0.785373608903021,0,0.1648,0.972447325769854,0.998410174880763,0.4544,1,0.971283783783784,0.0283464566929134,0,0.985826771653543,0.995297805642633,0.953451043338684,0.699376947040498,0.00802568218298555,0.859677419354839,0.235202492211838,0.181512605042017,0.00638977635782748,0.629032258064516,0.6064,0.603833865814696,0,0.275806451612903,0.906200317965024,0.649921507064364,0.519561815336463,0.0706605222734255,0,0,0.998502994011976,0.97339593114241,0,0.924290220820189,0.00815660685154975,0,0,0.998405103668262,0,0.998373983739837,0.774447949526814,0.536321483771252,0.998432601880878,0,0,0.993640699523052,0.967692307692308,0.732704402515723,0.00153609831029186,0.00163132137030995,0.87906976744186,0.602218700475436,1,0.537617554858934,0.344992050874404,0,0.981191222570533,0.00163934426229508,0.9584,0.0856219709208401,0,0.0108024691358025,0.118589743589744,0.475873544093178,0.967238689547582,0,0.945904173106646,0.979462875197472,0.998415213946117,0,0.0763116057233704,0.933884297520661,0.0033003300330033,0.998447204968944,0.9984375,0.00773993808049536,0.998432601880878,0.306349206349206,0.810985460420032,0.00788643533123028,0.175718849840256,0.961722488038278,0.00809061488673139,0.00160513643659711,0.968701095461659,0.00974025974025974,0.676848874598071,0.378335949764521,0,0.111459968602826,0.7508038585209,0.263239875389408,0.977812995245642,0.00158730158730159,0.145569620253165,0.449419568822554,0.948837209302326,0.890262751159196,0.971428571428571,0.754838709677419,0,0.982866043613707,0.0015527950310559,0.963665086887836,0.4,0.00154083204930663,0.998412698412698,1,0.998427672955975,0.628019323671498,0.982998454404946,0.13258785942492,0.190322580645161,0.947115384615385,0.879421221864952,0,0,0.987179487179487,0.938709677419355,0.0191082802547771,0.984152139461173,0.992138364779874,0.375786163522013,0.927302100161551,0.733766233766234,0.883177570093458,0,0.9712,0.344339622641509,0.998430141287284,0.9984375,0,0.65814696485623,0.97092084006462,0.00161812297734628,0.703349282296651,0.379807692307692,0.818320610687023,0.684640522875817,0.962848297213622,0.0829493087557604,0.982343499197432,0.998412698412698,0.97933227344992,0.300324675324675,0.0957613814756672,0.99375,0.9984375,0.0093167701863354,0.791601866251944,0.456828885400314,0.25511811023622,0.766355140186916,0.998407643312102,0.89171974522293,0.998412698412698,0.122834645669291,0.00164473684210526,0,0.82780410742496,0.0032520325203252,0,0.262910798122066,0,0.995169082125604,0.915064102564103,0.998425196850394,0.9953125,0.0806962025316456,0.00158227848101266,0,0,0.175324675324675,0.073482428115016,0.154330708661417,0,0,0.998425196850394,0.00782472613458529,0.298722044728434,0.998381877022654,0.593354430379747,0.972929936305732,0.655660377358491,0.626749611197512,0,0.998477929984779,0.392857142857143,0.494417862838915,0.927786499215071,0.986238532110092,0.396255850234009,0.009375,0.946287519747235,0.952012383900929,0,0.964341085271318,0.0111642743221691,0.988448844884488,0.430842607313196,0,0.0094488188976378,0.519933554817276,0.842948717948718,0.00157728706624606,0.142630744849445,0.0110759493670886,0.00164203612479475,0.764525993883792,0.0273311897106109,0.998347107438017,0.315372424722662,0.992331288343558,0.0015600624024961,0.373040752351097,0.337662337662338,0.869426751592357,0.104404567699837,0.004739336492891,0.00158982511923688,0.0385852090032154,0,0.992319508448541,0.0395387149917628,0.980122324159021,0.00479233226837061,1,0,0.524922118380062,0.466034755134281,0.998430141287284,0,1,0,0.395424836601307,0.987519500780031,0,0.650695517774343,0.982343499197432,0.743922204213938,0.947882736156352,0.0356037151702786,0,0.998405103668262,0.245557350565428,0,0.694835680751174,0.00154320987654321,0.0200617283950617,0.998394863563403,0.998381877022654,0.987654320987654,0.972886762360447,0.977346278317152,0,0.979719188767551,0.0187207488299532,0.357698289269051,0.280564263322884,0.996889580093313,0.992,0.992248062015504,0.995245641838352,0.0563380281690141,0.0178282009724473,0.986666666666667,0.966613672496025,0.732283464566929,0.979623824451411,0.9984375,0.973143759873618,0,0,0.980273141122914,0,0.0662557781201849,0,0.947867298578199,0.270491803278689,0.209677419354839,0.125,0.939102564102564,0,0.112676056338028,0.998427672955975,0.998420221169036,0.631410256410256,0.415902140672783,0.2178517397882,0.187403993855607,0.6448,0.00157977883096367,0.120689655172414,0.559561128526646,0.2574568288854,0.71563981042654,0.0110236220472441,0,0.0016260162601626,0.326829268292683,0.998373983739837,0.63015873015873,0.228395061728395,0.63015873015873,0.873040752351097,0.989230769230769,0.955882352941177,0.975922953451043,1,1,0.553429027113238,0.4185303514377,0.996860282574568,0.00766871165644172,0.0108024691358025,0.873817034700315,0.0109375,0.998444790046656,0.968503937007874,0,0.122186495176849,0,0.953968253968254,0,0.979365079365079,0.998435054773083,0.00630914826498423,0.84688995215311,1,0.657556270096463,0.625990491283677,0.8704,0,0,0.927272727272727,0.943425076452599,0.987538940809969,0,0,0,0.229813664596273,0.5,0,0.457680250783699,0,0.919614147909968,0.9984375,0.158833063209076,0.239811912225705,0,0.338607594936709,0.585055643879173,0.868378812199037,0.963691376701967,0.780410742496051,0.0016,0.988636363636364,0.0143540669856459,0.998376623376623,0,0.982892690513219,0.00792393026941363,0.998387096774194,0.0158227848101266,0.00961538461538462,0,0,0.824088748019017,0.941653160453809,0.9375,0.716279069767442,0.0291858678955453,0.00802568218298555,0.826580226904376,0.836923076923077,0,0.0191693290734824,0.975922953451043,0,0.983739837398374,0.953525641025641,0.060126582278481,0.0427892234548336,0.00316957210776545,1,0.463414634146341,0.0758293838862559,0.0943089430894309,0.121835443037975,0.705691056910569,0.0958268933539413,0.998392282958199,0,0.774557165861514,0.983024691358025,0.00323101777059774,0,0.00152905198776758,0,0.00159489633173844,0.998420221169036,0.721231766612642,0.00163398692810458,0.0016,0.549114331723027,0.955414012738854,0.44496855345912,0.0497667185069984,0.00321543408360129,0.0542264752791069,0.0188976377952756,0,0.028436018957346,0.00758725341426404,0.00158478605388273,0.0109546165884194,0.00156494522691706,0.0448717948717949,0.0579029733959311,0.0157728706624606,0.020440251572327,0.00481540930979133,0.0287539936102236,0.0264797507788162,0.0564263322884013,0.00797448165869218,0.0219092331768388,0.0016,0.00318979266347687,0.0452342487883683,0.009375,0.0276073619631902,0.0015748031496063,0.0360501567398119,0.00308166409861325,0.00318979266347687
"722",0.542586750788643,0.53822629969419,0.576982892690513,0.598715890850722,0.563897763578275,0.5553772070626,0.583333333333333,0.559808612440191,0.558139534883721,0,0.54858934169279,0,0.658267716535433,0.547504025764895,0.490566037735849,0.483720930232558,0,0.00318471337579618,0.55111821086262,0.555384615384615,0.537037037037037,0.487138263665595,0.555038759689922,0,0.573208722741433,0.551669316375199,0.494505494505495,0.537842190016103,0.625,0.66046511627907,0.467592592592593,0.740683229813665,0.653543307086614,0.543443917851501,0,0.552547770700637,0.0138674884437596,0.544186046511628,0.607518796992481,0.557098765432099,0,0.00155038759689922,0,0.540752351097179,0.617363344051447,0.487179487179487,0.630503144654088,0.437106918238994,0.689127105666156,0.509954058192956,0,0.54375,0.565015479876161,0.547169811320755,0.585443037974684,0.639810426540284,0,0.559748427672956,0.56,0.634259259259259,0.556414219474498,0.598159509202454,0.4608,0,0.57556270096463,0.611023622047244,0,0.572100313479624,0,0.438291139240506,0.572093023255814,0.446708463949843,0.472698907956318,0.552671755725191,0,0.669242658423493,0.481424148606811,0.630841121495327,0.63015873015873,0.740802675585284,0,0.679127725856698,0.569018404907976,0.543035993740219,0.496062992125984,0.605182926829268,0.548136645962733,0.5671875,0.543913713405239,0,0.536163522012579,0.553125,0,0,0.588141025641026,0,0.569206842923795,0.555382215288612,0.00155763239875389,0.00156494522691706,0.64937106918239,0,0.588419405320814,0.552380952380952,0.490106544901065,0.545166402535658,0,0.553459119496855,0.440944881889764,0.46993670886076,0.46594427244582,0.573692551505547,0.722834645669291,0.539657853810264,0,0.56656346749226,0.682170542635659,0,0.458914728682171,0.561014263074485,0,0.6671875,0.552590266875981,0.512738853503185,0.560250391236307,0.513846153846154,0.55640243902439,0.551020408163265,0,0.639191290824261,0.595348837209302,0.565640194489465,0.56661316211878,0,0.540930979133226,0.459787556904401,0,0.54746835443038,0.603421461897356,0.636217948717949,0,0,0.570532915360502,0.646129541864139,0.516908212560386,0.545310015898251,0.447244094488189,0.605304212168487,0.760697305863708,0.554531490015361,0.527687296416938,0.566510172143975,0.540930979133226,0.650943396226415,0.552590266875981,0.42879746835443,0.532915360501567,0.462616822429907,0,0.640699523052464,0.62,0.561430793157076,0.45839874411303,0,0.536585365853659,0.647527910685805,0.533117932148627,0.547581903276131,0.53198127925117,0.550989345509893,0.55968992248062,0.468354430379747,0.578947368421053,0.467275494672755,0.61244019138756,0.610062893081761,0,0.555379746835443,0,0.600311041990669,0.554179566563467,0.495283018867925,0.557299843014129,0.580893682588598,0.54380664652568,0.561919504643963,0.56269592476489,0.754977029096478,0.593004769475358,0.595813204508857,0.479623824451411,0.445652173913043,0.546031746031746,0.603100775193798,0,0,0.585023400936037,0,0.556414219474498,0.685670261941448,0.585987261146497,0.618973561430793,0.545864661654135,0.591054313099042,0.570093457943925,0.569823434991974,0.595611285266458,0.575516693163752,0.632776934749621,0,0.585516178736518,0.542763157894737,0.600633914421553,0.463108320251177,0.481481481481481,0.627172195892575,0.561815336463224,0.556923076923077,0.665610142630745,0.552959501557632,0.60093896713615,0,0.493690851735016,0.63944530046225,0.5536,0,0.544323483670295,0.570121951219512,0.635220125786163,0.691455696202532,0.556438791732909,0.536466774716369,0.59717868338558,0,0.571865443425077,0.84044233807267,0.567479674796748,0.455813953488372,0.574468085106383,0.537974683544304,0.555900621118012,0.565768621236133,0.702453987730061,0.46551724137931,0.551505546751189,0.6049766718507,0.44527736131934,0.447166921898928,0.530805687203792,0.466141732283465,0.522435897435897,0.615501519756839,0.454828660436137,0.44496855345912,0.465543644716692,0.643625192012289,0.483037156704362,0.581358609794629,0,0.432389937106918,0,0.547049441786284,0.552922590837283,0.559190031152648,0.589622641509434,0,0.613418530351438,0.574766355140187,0.7,0.815457413249211,0.652448657187994,0.542319749216301,0,0.542319749216301,0.505529225908373,0.730831973898858,0.5814696485623,0.442879499217527,0.638932496075353,0.463375796178344,0.539184952978056,0.542503863987635,0.554649265905383,0.583465818759936,0,0.656394453004623,0.567741935483871,0,0.428571428571429,0.568807339449541,0.568471337579618,0,0.448598130841121,0.446511627906977,0.577106518282989,0.636655948553055,0.456168831168831,0,0.598412698412698,0.553772070626003,0.642967542503864,0.771739130434783,0.660287081339713,0.572964669738863,0.467592592592593,0.540334855403349,0.554517133956386,0.457547169811321,0.577287066246057,0.536277602523659,0.560581583198708,0.551724137931034,0.598130841121495,0.565149136577708,0.585669781931464,0.561797752808989,0.610474631751228,0.0202808112324493,0.570762052877138,0.568503937007874,0.542635658914729,0.62012012012012,0.554330708661417,0.551505546751189,0.560250391236307,0.636075949367089,0.545454545454545,0.571428571428571,0.574534161490683,0.544444444444444,0,0.566615620214395,0.619047619047619,0.461417322834646,0.0186625194401244,0.450381679389313,0.606864274570983,0.471228615863142,0.451968503937008,0,0.600313479623824,0.570747217806041,0.481132075471698,0.567043618739903,0.58213716108453,0.551724137931034,0.570063694267516,0.549363057324841,0.634222919937206,0.721311475409836,0,0.623824451410658,0.451908396946565,0.478527607361963,0.566302652106084,0.558028616852146,0.466257668711656,0,0.585403726708075,0.453846153846154,0.477165354330709,0.587227414330218,0.536277602523659,0.770226537216828,0.534426229508197,0.559429477020602,0,0.543026706231454,0.436923076923077,0.549618320610687,0.619651347068146,0.5568,0.473186119873817,0.570336391437309,0.450155763239875,0.573248407643312,0.689822294022617,0.578783151326053,0.550702028081123,0.536776212832551,0.590979782270607,0.557453416149068,0.53582554517134,0.466872110939908,0.476043276661515,0.54416403785489,0.536891679748823,0.834108527131783,0.558176100628931,0.554838709677419,0.5984375,0.551083591331269,0,0.543443917851501,0.554347826086957,0.46875,0,0.572784810126582,0,0.497630331753554,0.537383177570093,0.564465408805031,0,0.611727416798732,0.61198738170347,0.559055118110236,0.447368421052632,0.650641025641026,0.528571428571429,0.623604465709729,0.618296529968454,0.658267716535433,0,0.531152647975078,0.559294871794872,0.563380281690141,0.63182527301092,0.54,0.536704730831974,0.472527472527473,0.00154320987654321,0.549450549450549,0.5296875,0.568037974683544,0.619195046439629,0.454113924050633,0.617693522906793,0.584234930448223,0.520798668885191,0,0.640449438202247,0.56782334384858,0.665116279069767,0,0.704,0.607476635514019,0.646875,0.996937212863706,0.527355623100304,0,0,0.541229385307346,0.568147013782542,0,0.584905660377358,0,0,0,0.551505546751189,0,0.557165861513688,0.614420062695925,0.632872503840246,0.541411042944785,0,0,0.549295774647887,0.608231707317073,0.659021406727829,0.448012232415902,0,0.576271186440678,0.656832298136646,0.570542635658915,0.646058732612056,0.724247226624406,0,0.554868624420402,0.432692307692308,0.586206896551724,0.531948881789137,0,0.445801526717557,0.517996870109546,0.572131147540984,0.544049459041731,0,0.579666160849772,0.56656346749226,0.537867078825348,0,0.521669341894061,0.574043261231281,0.466019417475728,0.548286604361371,0.546850998463902,0.453004622496148,0.544,0.590909090909091,0.624223602484472,0.474097331240188,0.516431924882629,0.581504702194357,0,0.450079239302694,0.570987654320988,0.463375796178344,0.74203821656051,0.583860759493671,0,0.499222395023328,0.66877971473851,0.556782334384858,0.559055118110236,0.442700156985871,0.56786271450858,0.58112582781457,0.583963691376702,0.621913580246914,0.562401263823065,0.647619047619048,0,0.560121765601218,0.458914728682171,0.541471048513302,0.6,0.460843373493976,0.552425665101721,0.5728,0.537984496124031,0.608695652173913,0.552995391705069,0.503987240829346,0.544881889763779,0.576323987538941,0.5859375,0,0,0.555031446540881,0.558064516129032,0.45583596214511,0.570522979397781,0.5546875,0.580847723704867,0.5872,0.603149606299213,0.564814814814815,0,0.568471337579618,0.584664536741214,0.550156739811912,0.536392405063291,0,0.625396825396825,0.585055643879173,0.448657187993681,0.654516640253566,0.731974921630094,0.58599695585997,0.686520376175549,0.563748079877112,0.490909090909091,0.56687898089172,0.562009419152276,0.572327044025157,0.572107765451664,0.484375,0.556589147286822,0.546296296296296,0,0.618461538461539,0.583987441130298,0.742138364779874,0.6578125,0.547880690737834,0.632075471698113,0.550632911392405,0.141122913505311,0.4375,0,0.648351648351648,0.448979591836735,0.453978159126365,0.74806800618238,0,0.557632398753894,0.6,0.544186046511628,0.542503863987635,0.502377179080824,0.448818897637795,0,0,0.543408360128617,0.487381703470032,0.555905511811024,0,0.458461538461538,0.537984496124031,0.193146417445483,0.573015873015873,0.553945249597424,0.64031007751938,0.555732484076433,0.692789968652038,0.630534351145038,0,0.547511312217195,0.604395604395604,0.631911532385466,0.586259541984733,0.554364471669219,0.607476635514019,0.00152671755725191,0.58814352574103,0.583586626139818,0,0.578386605783866,0.461059190031153,0.548281505728314,0.557275541795666,0,0,0.645799011532125,0.6368,0.464285714285714,0.602870813397129,0,0,0.681818181818182,0.461417322834646,0.538587848932677,0.740279937791602,0.549844236760125,0.447368421052632,0.554198473282443,0.58712715855573,0.634615384615385,0.462418300653595,0.459041731066461,0,0.491883116883117,0,0.544615384615385,0.37037037037037,0.569044006069803,0.456556082148499,0.5536,0,0.650914634146341,0.614649681528662,0.540625,0,0.527272727272727,0,0.731825525040388,0.546564885496183,0,0.6390625,0.55111821086262,0.599056603773585,0.5792,0.488335925349922,0,0.547880690737834,0.680379746835443,0,0.725155279503106,0.453857791225416,0.464506172839506,0.553090332805071,0.53015873015873,0.559322033898305,0.541996830427892,0.555023923444976,0,0.56043956043956,0.00462249614791988,0.580996884735203,0.755485893416928,0.5546875,0.557632398753894,0.559505409582689,0.550231839258114,0.0489731437598736,0.474683544303797,0.548013245033113,0.574766355140187,0.632398753894081,0.556426332288401,0.540123456790123,0.568075117370892,0,0,0.551415797317437,0,0.476993865030675,0.00160513643659711,0.577464788732394,0.721864951768489,0.576,0.505392912172573,0.624012638230648,0.0015600624024961,0.540123456790123,0.543171114599686,0.544186046511628,0.658730158730159,0.608630952380952,0.552511415525114,0.644716692189893,0.61244019138756,0.447574334898279,0.493710691823899,0.632558139534884,0.556438791732909,0.626339969372129,0.449367088607595,0,0.437001594896332,0.57741935483871,0.540192926045016,0.596850393700787,0.557206537890045,0.618012422360248,0.63452566096423,0.542113323124043,0.591276252019386,0.551505546751189,0.548895899053628,0.553429027113238,1,0.727272727272727,0.540284360189573,0.452887537993921,0.465543644716692,0.638932496075353,0,0.546546546546547,0.548387096774194,0,0.496038034865293,0,0.573667711598746,0,0.561728395061728,0.553291536050157,0.442724458204334,0.626771653543307,0.555038759689922,0.635782747603834,0.606201550387597,0.575757575757576,0,0,0.584564860426929,0.579819277108434,0.559270516717325,0,0,0.436392914653784,0.579352850539291,0.575851393188854,0,0.87207488299532,0,0.595576619273302,0.542857142857143,0.4976,0.574303405572755,0,0.696629213483146,0.631329113924051,0.561430793157076,0.571212121212121,0.618296529968454,0.463836477987421,0.568253968253968,0.050314465408805,0.524271844660194,0,0.549689440993789,0,0.54414125200642,0.461059190031153,0.278740157480315,0,0,0.673946957878315,0.567140600315956,0.566153846153846,0.606758832565284,0.465960665658094,0.45440251572327,0.598736176935229,0.605873261205564,0,0.485759493670886,0.558213716108453,0,0.550239234449761,0.576982892690513,0.5015625,0.0154559505409583,0.4453125,0.542768273716952,0.739747634069401,0.478193146417445,0.531400966183575,0.56468797564688,0.671474358974359,0.489263803680982,0.556942277691108,0,0.628930817610063,0.548686244204019,0,0,0.452887537993921,0,0.470588235294118,0.549606299212598,0.578778135048232,0.440251572327044,0.456692913385827,0.629984051036683,0.576,0.60741885625966,0.0202177293934681,0.452648475120385,0.0515297906602254,0.0140405616224649,0,0.389240506329114,0.438948995363215,0.445512820512821,0.446875,0.456221198156682,0.0174880763116057,0.0280811232449298,0.463836477987421,0.0126382306477093,0.00314465408805031,0.0314465408805031,0.0201863354037267,0.021875,0.458528951486698,0.0172143974960876,0.447325769854133,0.450320512820513,0.0191082802547771,0.468454258675079,0.0473282442748092,0.463678516228748,0.450155763239875,0.457703927492447,0.452076677316294
"723",0.423566878980892,0.416923076923077,0.447530864197531,0.473684210526316,0.441786283891547,0.411949685534591,0.481191222570533,0.447040498442368,0.418320610687023,0,0.417310664605873,0,0.624806201550388,0.401574803149606,0.615863141524106,0.593508500772797,0,0.00625978090766823,0.420545746388443,0.428134556574924,0.63594470046083,0.6,0.423076923076923,0,0.436055469953775,0.637223974763407,0.618524332810047,0.406542056074766,0.629402756508423,0.55968992248062,0.573820395738204,0.654263565891473,0.567398119122257,0.594679186228482,0,0.429237947122862,0.012326656394453,0.430534351145038,0.641255605381166,0.459418070444104,0,0.00611620795107034,0.00305810397553517,0.409810126582278,0.576,0.603448275862069,0.6078125,0.576323987538941,0.746177370030581,0.612951807228916,0,0.412673879443586,0.665130568356375,0.41259842519685,0.482594936708861,0.733542319749216,0,0.421383647798742,0.44478527607362,0.515576323987539,0.600624024960998,0.627480916030534,0.592125984251968,0,0.475357710651828,0.503875968992248,0,0.437888198757764,0,0.579113924050633,0.4884437596302,0.591836734693878,0.601550387596899,0.420245398773006,0,0.583076923076923,0.601837672281776,0.609494640122512,0.485086342229199,0.807443365695793,0,0.630030959752322,0.606106870229008,0.402457757296467,0.624413145539906,0.499231950844854,0.409160305343511,0.430340557275542,0.436251920122888,0.00153139356814701,0.420886075949367,0.414746543778802,0,0,0.437299035369775,0,0.607692307692308,0.445121951219512,0.00154083204930663,0.00310077519379845,0.566096423017107,0,0.639318885448916,0.406995230524642,0.607250755287009,0.428571428571429,0.0031496062992126,0.431432973805855,0.58609794628752,0.590979782270607,0.577639751552795,0.471406491499227,0.898894154818325,0.4171875,0,0.437596302003082,0.634108527131783,0,0.584474885844749,0.63349131121643,0,0.583724569640063,0.63482280431433,0.6032,0.447004608294931,0.594135802469136,0.419753086419753,0.420970266040689,0,0.591614906832298,0.483720930232558,0.581210191082803,0.415625,0,0.406995230524642,0.601226993865031,0,0.631578947368421,0.607963246554365,0.585173501577287,0,0,0.436728395061728,0.563779527559055,0.613672496025437,0.420970266040689,0.580093312597201,0.471582181259601,0.855325914149444,0.430091185410334,0.626198083067093,0.4234375,0.405705229793978,0.512345679012346,0.416012558869702,0.58161648177496,0.412673879443586,0.57007874015748,0,0.572530864197531,0.509893455098935,0.431924882629108,0.6049766718507,0,0.424382716049383,0.754442649434572,0.4112,0.410493827160494,0.408037094281298,0.609422492401216,0.442724458204334,0.590551181102362,0.465045592705167,0.590634441087613,0.501582278481013,0.653312788906009,0,0.415384615384615,0,0.509375,0.4171875,0.616352201257862,0.436728395061728,0.455098934550989,0.416036308623298,0.415007656967841,0.686821705426357,0.934749620637329,0.483464566929134,0.452418096723869,0.6,0.594761171032357,0.448494453248811,0.520061728395062,0,0,0.634375,0,0.424886191198786,0.816232771822358,0.504792332268371,0.549382716049383,0.426403641881639,0.614533965244866,0.584876543209877,0.64,0.483619344773791,0.430124223602484,0.518292682926829,0,0.468217054263566,0.626794258373206,0.472527472527473,0.598130841121495,0.599078341013825,0.585669781931464,0.436335403726708,0.435975609756098,0.55625,0.418495297805643,0.484326018808777,0,0.601226993865031,0.576631259484067,0.424960505529226,0,0.426584234930448,0.432432432432432,0.590490797546012,0.795348837209302,0.418461538461538,0.420289855072464,0.605590062111801,0,0.489263803680982,0.686028257456829,0.436018957345972,0.584876543209877,0.444444444444444,0.414330218068536,0.414264036418816,0.446177847113885,0.785493827160494,0.596825396825397,0.455259026687598,0.615023474178404,0.584084084084084,0.58030303030303,0.615625,0.588976377952756,0.626771653543307,0.579908675799087,0.591549295774648,0.582945736434109,0.577881619937695,0.608169440242057,0.585326953748006,0.427457098283931,0.00158227848101266,0.578294573643411,0,0.613672496025437,0.4181240063593,0.422955974842767,0.46,0,0.504,0.48297213622291,0.637223974763407,0.681538461538462,0.639570552147239,0.569858712715856,0.0031055900621118,0.413793103448276,0.615146831530139,0.652312599681021,0.447784810126582,0.603100775193798,0.541925465838509,0.595611285266458,0.648522550544324,0.4051593323217,0.409385113268608,0.475435816164818,0,0.593558282208589,0.47723704866562,0,0.569640062597809,0.479699248120301,0.433544303797468,0,0.58359133126935,0.582568807339449,0.461904761904762,0.540752351097179,0.600315955766193,0,0.603421461897356,0.438377535101404,0.544478527607362,0.902973395931142,0.590625,0.458715596330275,0.597200622083981,0.412942989214176,0.415384615384615,0.592823712948518,0.447004608294931,0.422600619195046,0.434991974317817,0.417054263565891,0.674382716049383,0.66304347826087,0.628086419753086,0.427432216905901,0.4528,0.0214067278287462,0.6328125,0.450155763239875,0.636222910216718,0.646525679758308,0.433489827856025,0.420970266040689,0.442006269592476,0.575079872204473,0.409160305343511,0.62085308056872,0.457757296466974,0.409448818897638,0,0.670229007633588,0.6,0.590909090909091,0.0185471406491499,0.576687116564417,0.474576271186441,0.597826086956522,0.591549295774648,0,0.68380062305296,0.430141287284144,0.598425196850394,0.437096774193548,0.440494590417311,0.42879746835443,0.633385335413417,0.645833333333333,0.589783281733746,0.874183006535948,0,0.510172143974961,0.591463414634146,0.623853211009174,0.635384615384615,0.40625,0.597222222222222,0,0.673343605546995,0.579666160849772,0.601574803149606,0.621745788667688,0.415360501567398,0.779365079365079,0.410048622366288,0.406885758998435,0,0.406804733727811,0.569018404907976,0.412844036697248,0.49768875192604,0.403225806451613,0.570754716981132,0.438837920489297,0.577639751552795,0.478125,0.703349282296651,0.436834094368341,0.430555555555556,0.404354587869362,0.651017214397496,0.436018957345972,0.412746585735964,0.593893129770992,0.578052550231839,0.414330218068536,0.4078125,0.804281345565749,0.462732919254658,0.435483870967742,0.457446808510638,0.425925925925926,0,0.714968152866242,0.409785932721713,0.585403726708075,0,0.444444444444444,0.00319488817891374,0.637658227848101,0.411042944785276,0.450949367088608,0.0015552099533437,0.558359621451104,0.653061224489796,0.445512820512821,0.580128205128205,0.505460218408736,0.407290015847861,0.658805031446541,0.590769230769231,0.618670886075949,0,0.6296875,0.428571428571429,0.415241057542768,0.646781789638933,0.408385093167702,0.427631578947368,0.604395604395604,0.0015527950310559,0.417818740399386,0.421705426356589,0.443932411674347,0.565749235474006,0.574568288854003,0.509463722397476,0.64451313755796,0.59375,0.00153846153846154,0.605723370429253,0.545454545454545,0.675883256528418,0,0.839486356340289,0.475,0.593846153846154,0.7442218798151,0.667664670658683,0,0,0.40922619047619,0.420731707317073,0,0.469578783151326,0.00157728706624606,0,0,0.418897637795276,0,0.435897435897436,0.517719568567026,0.589665653495441,0.400914634146341,0,0,0.419504643962848,0.457575757575758,0.595419847328244,0.588770864946889,0,0.488584474885845,0.594135802469136,0.408320493066256,0.666666666666667,0.977952755905512,0,0.418351477449456,0.568075117370892,0.461538461538462,0.647798742138365,0,0.584592145015106,0.608626198083067,0.566284779050736,0.416796267496112,0,0.481818181818182,0.435857805255023,0.414483821263482,0,0.656050955414013,0.442122186495177,0.585644371941272,0.420574886535552,0.41248097412481,0.589230769230769,0.410769230769231,0.652713178294574,0.526636225266362,0.600624024960998,0.593650793650794,0.442006269592476,0,0.591549295774648,0.435508345978756,0.603744149765991,0.634920634920635,0.628705148205928,0,0.622900763358779,0.572107765451664,0.643518518518518,0.445820433436532,0.590909090909091,0.65284178187404,0.580327868852459,0.45839636913767,0.522796352583587,0.451313755795981,0.552380952380952,0,0.430745814307458,0.593846153846154,0.431888544891641,0.637096774193548,0.587087087087087,0.417549167927383,0.432348367029549,0.411580594679186,0.597200622083981,0.434250764525994,0.613207547169811,0.633802816901408,0.455676516329705,0.484423676012461,0,0,0.401263823064771,0.464114832535885,0.583860759493671,0.431089743589744,0.414442700156986,0.622464898595944,0.49203821656051,0.537480063795853,0.472560975609756,0,0.430340557275542,0.595275590551181,0.420647149460709,0.418897637795276,0,0.587869362363919,0.443057722308892,0.586314152410575,0.568037974683544,0.740740740740741,0.508124076809453,0.72884012539185,0.442249240121581,0.60546282245827,0.43581616481775,0.423255813953488,0.433384379785605,0.6,0.576138147566719,0.431034482758621,0.416158536585366,0.00153609831029186,0.538699690402477,0.590214067278288,0.779160186625194,0.576744186046512,0.42566510172144,0.480559875583204,0.413312693498452,0.145234493192133,0.578606158833063,0,0.552631578947368,0.60061919504644,0.579029733959311,0.801232665639445,0,0.413522012578616,0.484066767830046,0.414860681114551,0.411585365853659,0.620528771384137,0.581504702194357,0,0,0.631578947368421,0.614779874213837,0.669291338582677,0,0.599071207430341,0.404945904173107,0.255351681957187,0.616224648985959,0.406003159557662,0.566096423017107,0.421800947867299,0.7442218798151,0.641975308641975,0,0.417040358744395,0.625786163522013,0.599686028257457,0.475409836065574,0.428571428571429,0.668740279937792,0.00309597523219814,0.473765432098765,0.451313755795981,0,0.442249240121581,0.580246913580247,0.42512077294686,0.569018404907976,0,0.00153374233128834,0.632352941176471,0.551020408163265,0.592024539877301,0.703296703296703,0.00310077519379845,0,0.541229385307346,0.592651757188498,0.402936378466558,0.868098159509202,0.430745814307458,0.577981651376147,0.587962962962963,0.608763693270736,0.537842190016103,0.577170418006431,0.593508500772797,0,0.58814352574103,0,0.413846153846154,0.499205087440382,0.435240963855422,0.593700787401575,0.423809523809524,0,0.633587786259542,0.63391442155309,0.400313971742543,0,0.418569254185693,0,0.834138486312399,0.419601837672282,0,0.563165905631659,0.430793157076205,0.566666666666667,0.456140350877193,0.613740458015267,0,0.41112828438949,0.753968253968254,0,0.633587786259542,0.572948328267477,0.590769230769231,0.421553090332805,0.402843601895735,0.425531914893617,0.433753943217666,0.433903576982893,0,0.419811320754717,0.00606980273141123,0.59472049689441,0.783616692426584,0.420647149460709,0.421135646687697,0.427921092564492,0.42,0.0398162327718224,0.600624024960998,0.430141287284144,0.434250764525994,0.541538461538462,0.41588785046729,0.41131498470948,0.4359375,0,0,0.408132530120482,0,0.602427921092564,0,0.443234836702955,0.792663476874003,0.650641025641026,0.623853211009174,0.463836477987421,0.0015552099533437,0.641860465116279,0.405956112852665,0.420807453416149,0.661608497723824,0.636632200886263,0.620689655172414,0.744744744744745,0.589341692789969,0.5953125,0.610248447204969,0.609375,0.627388535031847,0.559757942511346,0.570992366412214,0,0.578538102643857,0.58664546899841,0.415873015873016,0.557926829268293,0.62406015037594,0.600924499229584,0.5115562403698,0.403614457831325,0.463022508038585,0.434920634920635,0.425837320574163,0.4185303514377,0.727272727272727,1,0.417582417582418,0.57847533632287,0.588770864946889,0.525581395348837,0.00306278713629403,0.419405320813772,0.423076923076923,0,0.591639871382637,0,0.46801872074883,0,0.438837920489297,0.421133231240429,0.574074074074074,0.528951486697966,0.410769230769231,0.591263650546022,0.592307692307692,0.480252764612954,0,0,0.460526315789474,0.466467958271237,0.427051671732523,0,0,0.579277864992151,0.65284178187404,0.570987654320988,0,0.747663551401869,0,0.488958990536278,0.424764890282132,0.583987441130298,0.601851851851852,0,0.849921011058452,0.64375,0.469325153374233,0.453576864535769,0.557251908396947,0.576923076923077,0.4368,0.0658307210031348,0.411483253588517,0,0.43558282208589,0.0031055900621118,0.423622047244094,0.594043887147335,0.369668246445498,0,0,0.543778801843318,0.444976076555024,0.449074074074074,0.516228748068006,0.604863221884498,0.586750788643533,0.488372093023256,0.490936555891239,0,0.608150470219436,0.42566510172144,0,0.423380726698262,0.442748091603053,0.612403100775194,0.0108527131782946,0.570093457943925,0.411490683229814,0.884615384615385,0.604395604395604,0.626198083067093,0.695384615384615,0.593354430379747,0.587786259541985,0.4125,0,0.55111821086262,0.431432973805855,0.00156739811912226,0,0.583582089552239,0,0.598145285935085,0.415241057542768,0.530708661417323,0.591125198098257,0.58528951486698,0.587025316455696,0.462875197472354,0.635239567233385,0.0167427701674277,0.571879936808847,0.0498392282958199,0.015600624024961,0,0.515007898894155,0.561456752655539,0.579527559055118,0.587227414330218,0.581538461538462,0.0126984126984127,0.0227617602427921,0.594090202177294,0.0138674884437596,0.0048,0.0294573643410853,0.0138036809815951,0.0198473282442748,0.589984350547731,0.0184615384615385,0.584518167456556,0.586314152410575,0.014218009478673,0.589783281733746,0.0443425076452599,0.591397849462366,0.560250391236307,0.572072072072072,0.579598145285935
"724",0.995230524642289,1,0.969088098918083,0.937996820349762,0.983739837398374,0.998392282958199,0.889589905362776,0.973354231974922,0.998452012383901,0,0.998427672955975,0,0.554330708661417,1,0.0455259026687598,0.0109375,0,0.0188679245283019,0.996753246753247,0.990595611285266,0.167456556082148,0.0357142857142857,0.989180834621329,0,0.956127080181543,0.24483306836248,0.117554858934169,0.987034035656402,0.482280431432974,0.68380062305296,0.00154083204930663,0.684952978056426,0.758730158730159,0.278996865203762,0,0.998422712933754,0.0170542635658915,0.992248062015504,0.258015267175572,0.913978494623656,0.00160771704180064,0.0184049079754601,0.00772797527047913,0.998417721518987,0.777955271565495,0.0240770465489567,0.513513513513513,0.00157232704402516,0.463076923076923,0.127272727272727,0,0.992088607594937,0.272300469483568,0.998430141287284,0.885895404120444,0.158576051779935,0,0.979133226324238,0.96078431372549,0.902021772939347,0.285714285714286,0.441860465116279,0.0015748031496063,0,0.91437802907916,0.833594976452119,0,0.996904024767802,0,0,0.856049004594181,0.00784929356357928,0.0157977883096366,0.998459167950693,0,0.707430340557275,0.0457317073170732,0.565830721003135,0.89873417721519,0.253731343283582,0,0.7046875,0.199692780337942,0.996918335901387,0.110769230769231,0.9125,0.993846153846154,0.969088098918083,0.967542503863988,0.0123456790123457,0.984399375975039,0.998427672955975,0,0,0.966772151898734,0,0.302066772655008,0.979938271604938,0.00925925925925926,0.0110062893081761,0.610759493670886,0,0.28391167192429,0.998425196850394,0.103448275862069,0.998402555910543,0.0112359550561798,0.9765625,0.00156494522691706,0.00638977635782748,0.0109204368174727,0.907790143084261,0.331768388106416,0.990580847723705,0,0.9859375,0.716772151898734,0,0.00156985871271586,0.242566510172144,0,0.758730158730159,0.25,0.0775316455696203,0.970724191063174,0.14937106918239,0.995426829268293,0.993817619783617,0,0.546875,0.934579439252336,0.491171749598716,0.986991869918699,0,0.993548387096774,0.0230414746543779,0,0.216981132075472,0.619426751592357,0.521880064829822,0,0,0.976340694006309,0.75462962962963,0.163398692810458,0.998425196850394,0.00784929356357928,0.921135646687697,0.405103668261563,0.979813664596273,0.136363636363636,0.982511923688394,0.998389694041868,0.841772151898734,0.995260663507109,0.00157977883096367,0.998454404945904,0.00154559505409583,0,0.745222929936306,0.865740740740741,0.984326018808777,0.0169491525423729,0,0.998447204968944,0.456730769230769,1,0.998427672955975,0.998454404945904,0.283076923076923,0.975232198142415,0.00313479623824451,0.950233281493002,0.00153139356814701,0.895666131621188,0.359567901234568,0,0.981132075471698,0,0.841692789968652,1,0.125,0.983024691358025,0.954616588419405,0.989457831325301,0.972222222222222,0.0943396226415094,0.366718027734977,0.919743178170145,0.947867298578199,0.0557275541795666,0.00471698113207547,0.979495268138801,0.856466876971609,0,0,0.29635499207607,0.0015625,0.998475609756098,0.24922600619195,0.879173290937997,0.74414976599064,0.989329268292683,0.420472440944882,0.440809968847352,0.3008,0.91283676703645,0.96513470681458,0.880989180834621,0,0.876352395672334,0.183739837398374,0.940705128205128,0,0.0647149460708783,0.534992223950233,0.979430379746835,0.979813664596273,0.820472440944882,0.996879875195008,0.890127388535032,0,0.0675039246467818,0.666149068322981,0.995215311004785,0,0.990654205607477,0.978883861236802,0.550702028081123,0.52639751552795,0.987301587301587,0.998405103668262,0.365203761755486,0,0.882442748091603,0.515873015873016,0.972447325769854,0.0015748031496063,0.958652373660031,0.998417721518987,0.998444790046656,0.958925750394945,0.52833078101072,0.00313479623824451,0.97007874015748,0.53822629969419,0.00455235204855842,0.00309597523219814,0.2,0.0015600624024961,0.15689381933439,0.666156202143951,0.0015527950310559,0.0031104199066874,0.0094488188976378,0.588055130168453,0.036624203821656,0.979397781299525,0.0127388535031847,0.00156985871271586,0,0.232594936708861,0.998397435897436,0.973186119873817,0.896062992125984,0,0.865814696485623,0.86687306501548,0.685446009389671,0.587962962962963,0.4421875,0.456279809220986,0.0122324159021407,0.998415213946117,0.0871632329635499,0.703525641025641,0.959247648902821,0.0108864696734059,0.749606299212598,0.003125,0.120689655172414,0.998482549317147,1,0.894904458598726,0,0.645412130637636,0.880763116057234,0,0.00155038759689922,0.895705521472393,0.97933227344992,0,0.00306278713629403,0.00156494522691706,0.97933227344992,0.881219903691814,0,0,0.383280757097792,0.990610328638498,0.789554531490015,0.377708978328173,0.662420382165605,0.959438377535101,0.00778816199376947,0.998461538461539,0.998425196850394,0.00946372239747634,0.965785381026439,0.998430141287284,0.977671451355662,0.995290423861852,0.18312101910828,0.31651376146789,0.288401253918495,0.976415094339623,0.933438985736926,0.0537124802527646,0.271860095389507,0.97626582278481,0.145962732919255,0.308396946564885,0.993798449612403,0.995238095238095,0.967136150234742,0.694753577106518,0.995398773006135,0.252411575562701,0.961597542242704,0.995268138801262,0,0.324074074074074,0.558587479935794,0.0139318885448916,0.057542768273717,0.00623052959501558,0.903125,0.025,0.0015600624024961,0,0.2296875,0.988958990536278,0.0745341614906832,0.983606557377049,0.970358814352574,0.984126984126984,0.281645569620253,0.293929712460064,0.665625,0.443381180223285,0,0.813586097946288,0.0153139356814701,0.0357142857142857,0.203732503888025,1,0.00155763239875389,0,0.333333333333333,0.0107858243451464,0.0223642172523962,0.470866141732283,1,0.271268057784912,0.99836867862969,0.973643410852713,0,0.991031390134529,0.00152439024390244,0.998435054773083,0.818181818181818,1,0.0126382306477093,0.978560490045942,0.0015625,0.888888888888889,0.710144927536232,0.951937984496124,0.98755832037325,0.995348837209302,0.294025157232704,0.96984126984127,0.998461538461539,0.0015220700152207,0.02,0.998439937597504,1,0.31924882629108,0.89060092449923,0.965686274509804,0.953343701399689,0.998444790046656,0,0.107544141252006,0.998430141287284,0.0031496062992126,0,0.96474358974359,0.0112540192926045,0.0387596899224806,0.998463901689708,0.968354430379747,0.00474683544303797,0.624413145539906,0.403481012658228,0.984177215189873,0.00159744408945687,0.863563402889246,0.996784565916399,0.376788553259142,0.59375,0.786392405063291,0,0.164835164835165,0.9776,0.998425196850394,0.442006269592476,0.998444790046656,0.971524288107203,0.0313971742543171,0.0015748031496063,0.986046511627907,0.992076069730586,0.956454121306376,0.677115987460815,0.00786163522012579,0.865506329113924,0.228971962616822,0.171381031613977,0.00770416024653313,0.609177215189873,0.603803486529319,0.609794628751975,0,0.281350482315113,0.910658307210031,0.628705148205928,0.514637904468413,0.0698027314112291,0,0,0.99851411589896,0.976744186046512,0,0.913522012578616,0.012924071082391,0,0,0.996899224806202,0,1,0.782472613458529,0.536547433903577,1,0,0,0.992125984251969,0.960244648318043,0.718844984802432,0.00154320987654321,0.0032,0.875192604006163,0.589984350547731,0.998402555910543,0.51468315301391,0.343213728549142,0,0.98116169544741,0.00161290322580645,0.953968253968254,0.0903328050713154,0,0.00920245398773006,0.1152,0.477537437603993,0.968404423380727,0,0.951293759512938,0.979813664596273,1,0,0.0668789808917197,0.943548387096774,0.00490196078431373,1,1,0.00782472613458529,1,0.30379746835443,0.811708860759494,0.0112359550561798,0.172920065252855,0.958333333333333,0.0111464968152866,0.0015527950310559,0.978395061728395,0.00484652665589661,0.658692185007974,0.386837881219904,0,0.111811023622047,0.730769230769231,0.247692307692308,0.976816074188563,0,0.137878787878788,0.451342281879195,0.945205479452055,0.881172839506173,0.964396284829721,0.742301458670989,0,0.987730061349693,0.00151975683890578,0.968992248062015,0.39870340356564,0.00153846153846154,0.998435054773083,0.998410174880763,0.9984,0.630331753554502,0.987441130298273,0.126582278481013,0.190016103059581,0.950155763239875,0.883386581469649,0,0,0.9888,0.932584269662921,0.0128,0.985645933014354,0.992063492063492,0.365054602184087,0.927884615384615,0.724247226624406,0.882262996941896,0,0.9671875,0.330696202531646,0.998432601880878,0.996884735202492,0,0.6453125,0.969255663430421,0.0015748031496063,0.678972712680578,0.383177570093458,0.792481203007519,0.681458003169572,0.95679012345679,0.0798771121351766,0.981132075471698,0.998425196850394,0.979655712050078,0.300319488817891,0.0961240310077519,0.989164086687306,0.998468606431853,0.0078125,0.786153846153846,0.451713395638629,0.258215962441315,0.764797507788162,0.998435054773083,0.873634945397816,0.998430141287284,0.13109756097561,0.00160771704180064,0,0.82015503875969,0.00157977883096367,0.00156985871271586,0.261682242990654,0,0.990625,0.908385093167702,0.996845425867508,0.995412844036697,0.0794392523364486,0.00158982511923688,0,0,0.17981072555205,0.0780254777070064,0.158227848101266,0,0.0015600624024961,0.998435054773083,0.00771604938271605,0.29559748427673,0.998394863563403,0.5796875,0.972929936305732,0.656298600311042,0.63206106870229,0,1,0.383540372670807,0.49047619047619,0.926380368098159,0.987480438184664,0.394366197183099,0.0108695652173913,0.951334379905808,0.956521739130435,0,0.966616084977238,0.0124610591900312,0.986928104575163,0.433281004709576,0,0.0109546165884194,0.511363636363636,0.837881219903692,0.00156739811912226,0.135265700483092,0.0140845070422535,0.00160771704180064,0.746223564954683,0.023696682464455,1,0.315950920245399,0.993874425727412,0.00154798761609907,0.384024577572965,0.3104,0.863344051446945,0.0942492012779553,0.0062015503875969,0.0031496062992126,0.0383386581469649,0,0.993836671802773,0.0386473429951691,0.980392156862745,0.00323101777059774,1,0,0.5,0.472089314194577,0.998427672955975,0,0.998459167950693,0,0.386991869918699,0.986217457886677,0,0.65144596651446,0.9824,0.740566037735849,0.94896331738437,0.0356589147286822,0,0.998432601880878,0.271585557299843,0,0.692667706708268,0.00151745068285281,0.0154083204930663,0.998384491114701,1,0.992248062015504,0.970172684458399,0.979462875197472,0,0.978056426332288,0.0231481481481481,0.347094801223242,0.283699059561129,0.990668740279938,0.990566037735849,0.992283950617284,0.990580847723705,0.0483619344773791,0.0140845070422535,0.98546042003231,0.956656346749226,0.719135802469136,0.973643410852713,0.998425196850394,0.975,0,0,0.981845688350983,0,0.0602782071097372,0,0.952086553323029,0.287337662337662,0.198717948717949,0.115562403697997,0.921850079744817,0,0.108150470219436,0.998435054773083,0.998444790046656,0.644230769230769,0.40422322775264,0.204204204204204,0.184568835098336,0.639109697933227,0.00155038759689922,0.122448979591837,0.540031397174254,0.2609375,0.694444444444444,0.0094488188976378,0,0.00159235668789809,0.318541996830428,0.9984,0.628125,0.228043143297381,0.608150470219436,0.872307692307692,0.99075500770416,0.960848287112561,0.975961538461538,1,0.996860282574568,0.540284360189573,0.417582417582418,1,0.00451807228915663,0.00462962962962963,0.87207488299532,0.0122699386503067,0.998470948012232,0.973966309341501,0,0.10702875399361,0,0.947619047619048,0,0.97542242703533,0.998439937597504,0.00771604938271605,0.838810641627543,0.998459167950693,0.657686212361331,0.619122257053291,0.872611464968153,0,0,0.924959216965742,0.941616766467066,0.9875,0,0,0.0016,0.238993710691824,0.505511811023622,0,0.439628482972136,0,0.926163723916533,0.998417721518987,0.155172413793103,0.227272727272727,0,0.33974358974359,0.578783151326053,0.8703125,0.962790697674419,0.78391167192429,0.0015552099533437,0.990353697749196,0.0175718849840256,0.998394863563403,0,0.983231707317073,0.00938967136150235,0.9984,0.0174880763116057,0.0112179487179487,0,0,0.81377151799687,0.932454695222405,0.941358024691358,0.717522658610272,0.0261136712749616,0.00476190476190476,0.82807570977918,0.830745341614907,0,0.0155038759689922,0.967032967032967,0,0.988709677419355,0.955038759689922,0.0558139534883721,0.0438184663536776,0.00470957613814757,0.998456790123457,0.455858747993579,0.06875,0.0919354838709677,0.115987460815047,0.690048939641109,0.0934579439252336,0.998412698412698,0,0.763866877971474,0.986003110419907,0.00477707006369427,0,0.00150375939849624,0,0.00157977883096367,1,0.712418300653595,0.00158227848101266,0.00157728706624606,0.545310015898251,0.963549920760697,0.450617283950617,0.0534351145038168,0.0032,0.0614886731391586,0.0185185185185185,0,0.0344287949921753,0.00609756097560976,0.00314465408805031,0.00918836140888208,0.00151515151515152,0.0518867924528302,0.0607476635514019,0.0123647604327666,0.0215384615384615,0.00484652665589661,0.02660406885759,0.0244648318042813,0.0648148148148148,0.008,0.0218408736349454,0.00161550888529887,0.00473186119873817,0.0487804878048781,0.00635930047694754,0.0244648318042813,0.0015600624024961,0.0364500792393027,0,0.00313479623824451
"725",0.00610687022900763,0.00600600600600601,0.0330827067669173,0.0679012345679012,0.0198473282442748,0.00625978090766823,0.0998487140695915,0.0301659125188537,0.0029673590504451,0,0.00457317073170732,0,0.45,0.0061633281972265,0.955223880597015,0.997001499250375,0,0.00151975683890578,0.00923076923076923,0.0224887556221889,0.846385542168675,0.965463108320251,0.014792899408284,0,0.0406626506024096,0.757990867579909,0.8910741301059,0.0154083204930663,0.543026706231454,0.319940476190476,0.997005988023952,0.318731117824773,0.245022970903522,0.718844984802432,0,0.0045662100456621,0.00600600600600601,0.00891530460624071,0.751453488372093,0.102373887240356,0,0,0,0.00303030303030303,0.229430379746835,0.977029096477795,0.489393939393939,0.993939393939394,0.538461538461538,0.86217008797654,0,0.0121951219512195,0.739064856711916,0.0060790273556231,0.107250755287009,0.844375963020031,0,0.0306748466257669,0.0422322775263952,0.102526002971768,0.715568862275449,0.573795180722892,0.993893129770992,0,0.104134762633997,0.181547619047619,0,0.0167427701674277,0,0.993911719939117,0.145645645645646,0.987878787878788,0.983282674772036,0.00446428571428571,0,0.291666666666667,0.95900439238653,0.438356164383562,0.103395061728395,0.749201277955272,0,0.302806499261448,0.794985250737463,0.00298953662182362,0.889387144992526,0.0945347119645495,0.00917431192660551,0.029940119760479,0.0314842578710645,0,0.0196969696969697,0.00297619047619048,0,0,0.0358814352574103,0,0.705089820359281,0.0284857571214393,0,0,0.389649923896499,0,0.727549467275495,0.00304878048780488,0.892697466467958,0.00618238021638331,0,0.0253731343283582,0.993911719939117,0.987823439878234,0.985096870342772,0.0877458396369138,0.674772036474164,0.0121028744326778,0,0.0194610778443114,0.29745889387145,0,0.99400299850075,0.772247360482655,0,0.244615384615385,0.760119940029985,0.929121725731895,0.0301204819277108,0.853293413173653,0.00749625187406297,0.00757575757575758,0,0.465465465465465,0.0703363914373089,0.516923076923077,0.0122699386503067,0,0.0122887864823349,0.971935007385524,0,0.804248861911988,0.375,0.5,0,0,0.0222882615156018,0.259036144578313,0.836923076923077,0.0060882800608828,0.98956780923994,0.081203007518797,0.5953125,0.025260029717682,0.868827160493827,0.016566265060241,0.00615384615384615,0.168421052631579,0.00911854103343465,0.995327102803738,0.00455927051671732,0.995384615384615,0,0.265648854961832,0.125553914327917,0.0229007633587786,0.977578475336323,0,0.00595238095238095,0.548387096774194,0.00313479623824451,0.00606060606060606,0.00447093889716841,0.713643178410795,0.0237741456166419,0.992307692307692,0.0573529411764706,0.994177583697234,0.104294478527607,0.638805970149254,0,0.0212765957446809,0,0.147590361445783,0.00458015267175573,0.879756468797565,0.021021021021021,0.0618401206636501,0.0145560407569141,0.0311111111111111,0.909774436090226,0.617210682492582,0.0838509316770186,0.0584615384615385,0.945205479452055,0.987951807228916,0.0245398773006135,0.132730015082956,0,0,0.713636363636364,0,0.00296296296296296,0.753303964757709,0.115151515151515,0.24773413897281,0.0133136094674556,0.589123867069486,0.576980568011958,0.724770642201835,0.0873493975903614,0.0422960725075529,0.12481426448737,0,0.127055306427504,0.833073322932917,0.0534351145038168,0.993911719939117,0.929203539823009,0.482549317147193,0.027355623100304,0.0239162929745889,0.179331306990881,0.00601503759398496,0.114854517611026,0,0.924698795180723,0.356083086053412,0.0077639751552795,0,0.0116788321167883,0.0275761973875181,0.464767616191904,0.464179104477612,0.0166919575113809,0.00467289719626168,0.642965204236006,0,0.106194690265487,0.498480243161094,0.0368098159509202,0.994011976047904,0.0522388059701493,0.00612557427258806,0.00452488687782805,0.0533536585365854,0.463703703703704,0.993911719939117,0.0348484848484849,0.468373493975904,0.994082840236686,0.995562130177515,0.793413173652695,0.993975903614458,0.861751152073733,0.336779911373708,0.993984962406015,0.992548435171386,0.986384266263237,0.415680473372781,0.952453987730061,0.0184049079754601,0,0.995461422087746,0,0.782945736434108,0.00618238021638331,0.024132730015083,0.0990990990990991,0,0.131987577639752,0.144578313253012,0.314112291350531,0.416918429003021,0.560422960725076,0.558103975535168,0,0.00451807228915663,0.908270676691729,0.309262166405024,0.0409711684370258,0.982169390787519,0.259541984732824,0.998500749625187,0.88109756097561,0.00441826215022091,0.00467289719626168,0.0990853658536585,0,0.368263473053892,0.104072398190045,0,0.998505231689088,0.0965824665676077,0.0228658536585366,0,0.994011976047904,0.993930197268589,0.0245398773006135,0.118827160493827,0.993700787401575,0,0.626339969372129,0.0167682926829268,0.22108345534407,0.612462006079027,0.343167701863354,0.0451127819548872,0.984802431610942,0.00443131462333826,0.00605143721633888,0.996937212863706,0.040785498489426,0.00605143721633888,0.0338461538461538,0.00898203592814371,0.828313253012048,0.688988095238095,0.72263868065967,0.0249221183800623,0.061633281972265,0.00149476831091181,0.748484848484849,0.0337423312883436,0.849397590361446,0.710102489019034,0.00904977375565611,0.00921658986175115,0.0321100917431193,0.32348367029549,0.00596125186289121,0.764795144157815,0.0402985074626866,0.00764525993883792,0,0.678041543026706,0.469040247678019,0.982062780269058,0.00151285930408472,0.986607142857143,0.0932330827067669,0.968609865470852,0.993966817496229,0,0.790273556231003,0.0121396054628225,0.930827067669173,0.0140845070422535,0.0350076103500761,0.0199386503067485,0.732522796352584,0.724842767295597,0.326186830015314,0.547433903576983,0,0.18628912071535,0.985185185185185,0.95900439238653,0.804477611940299,0.00153846153846154,0.99251497005988,0,0.66966966966967,0.995475113122172,0.976816074188563,0.541033434650456,0.0060882800608828,0.729230769230769,0.00627943485086342,0.0365853658536585,0,0.0146412884333821,0.994108983799705,0.00588235294117647,0.173652694610778,0.00467289719626168,0.981954887218045,0.0283582089552239,0.995495495495496,0.128983308042489,0.298921417565485,0.0653789004457652,0.018018018018018,0.00455235204855842,0.716692189892802,0.0431432973805855,0.00148367952522255,0.997054491899853,0.974664679582712,0.00606980273141123,0.00451807228915663,0.687311178247734,0.124242424242424,0.0373831775700935,0.0569715142428786,0.00445765230312036,0,0.889751552795031,0.00300751879699248,0.995454545454545,0,0.036697247706422,0,0.952526799387443,0.00445765230312036,0.0348484848484849,0,0.386949924127466,0.592879256965944,0.0216049382716049,0.995363214837713,0.131782945736434,0.00778816199376947,0.628012048192771,0.403323262839879,0.223744292237443,0,0.842424242424242,0.0292758089368259,0.00757575757575758,0.556053811659193,0.00595238095238095,0.0285261489698891,0.972850678733032,0,0.0194029850746269,0.0107197549770291,0.0499243570347958,0.31547619047619,0.987841945288754,0.135176651305684,0.765486725663717,0.816,0,0.386259541984733,0.407914764079148,0.38855421686747,0,0.727838258164852,0.088855421686747,0.365925925925926,0.49112426035503,0.929203539823009,0,0,0.00291120815138282,0.0338733431516937,0,0.0796324655436447,0,0,0,0.00763358778625954,0,0.0046583850931677,0.225416036308623,0.486764705882353,0.00148367952522255,0,0,0.0121765601217656,0.0439238653001464,0.291233283803863,0.997019374068554,0,0.109955423476969,0.411411411411411,0.00600600600600601,0.471641791044776,0.657698056801196,0,0.0256410256410256,0.996923076923077,0.049079754601227,0.914893617021277,0,0.985315712187959,0.88597842835131,0.522151898734177,0.0287443267776097,0,0.0509745127436282,0.028657616892911,0.00442477876106195,0,0.929230769230769,0.068362480127186,0.992101105845182,0.00439882697947214,0.00294985250737463,0.988005997001499,0.00597014925373134,0.717293233082707,0.200303490136571,0.984756097560976,0.83203732503888,0.0487062404870624,0,0.995454545454545,0.0283582089552239,0.987748851454824,0.348228043143297,0.603076923076923,0,0.887387387387387,0.273570324574961,0.756024096385542,0.0271493212669683,0.993920972644377,0.857355126300149,0.55868544600939,0.0535714285714286,0.115898959881129,0.0455927051671733,0.255054432348367,0,0.0211161387631976,0.997037037037037,0.0407239819004525,0.625585023400936,0.994117647058824,0.00447093889716841,0.00302571860816944,0.00453857791225416,0.370426829268293,0.0196671709531014,0.874432677760968,0.821646341463415,0.0544629349470499,0.11144578313253,0,0,0.0119940029985007,0.0702290076335878,0.981566820276498,0.0225563909774436,0.0119940029985007,0.653614457831325,0.0680061823802164,0.282642089093702,0.105497771173848,0,0.0300751879699248,0.674809160305344,0.0060790273556231,0.00453857791225416,0,0.373676248108926,0.027906976744186,0.995468277945619,0.319148936170213,0.627627627627628,0.21294964028777,0.316998468606432,0.0500736377025037,0.91740412979351,0.0201550387596899,0.0045045045045045,0.0273141122913505,0.710031347962382,0.875187969924812,0.0120481927710843,0.00446428571428571,0,0.233433734939759,0.555720653789004,0.754122938530735,0.248868778280543,0.00453857791225416,0.121028744326778,0.00298507462686567,0.117734724292101,0.993680884676145,0,0.182945736434109,0.996946564885496,0.995468277945619,0.738738738738739,0,0.0134128166915052,0.0977777777777778,0.00600600600600601,0.0104321907600596,0.911450381679389,0.995412844036697,0,0,0.83641975308642,0.928792569659443,0.846268656716418,0,0.996960486322188,0.00443131462333826,0.420974889217134,0.721212121212121,0.00613496932515337,0.427503736920777,0.0328358208955224,0.347696879643388,0.377049180327869,0,0.00439882697947214,0.624806201550388,0.517774343122102,0.0769230769230769,0.0163690476190476,0.609351432880845,0,0.0539730134932534,0.0475482912332838,0,0.0381231671554252,0.983358547655068,0.0140625,0.580060422960725,0,0,0.499207606973059,0.176923076923077,0.993984962406015,0.865030674846626,0,0,0.259150805270864,0.980213089802131,0.0063391442155309,0.683582089552239,0.00890207715133531,0.995502248875562,0.629518072289157,0.683333333333333,0.132921174652241,0.904836193447738,0.992435703479576,0,0.961890243902439,0,0.00890207715133531,0.7953125,0.0216450216450216,0.990881458966565,0.00458715596330275,0,0.49779086892489,0.54337899543379,0.0060882800608828,0,0.00600600600600601,0,0.610062893081761,0.0103550295857988,0,0.354790419161677,0.0246913580246914,0.256880733944954,0.0552995391705069,0.961019490254873,0,0.00303490136570561,0.748858447488584,0,0.318862275449102,0.994126284875184,0.980480480480481,0.0031201248049922,0.00459418070444104,0.0132352941176471,0.0315315315315315,0.0196671709531014,0,0.0317220543806647,0,0.661654135338346,0.725490196078431,0.013353115727003,0.0121765601217656,0.0105421686746988,0.0133136094674556,0.0284431137724551,0.983128834355828,0.0205371248025276,0.048048048048048,0.285074626865672,0.0269865067466267,0.0029585798816568,0.0326894502228826,0,0,0.0232896652110626,0,0.933035714285714,0.00153139356814701,0.0541353383458647,0.729559748427673,0.790769230769231,0.87593423019432,0.0834597875569044,0.00151745068285281,0.904255319148936,0.0030441400304414,0.00303030303030303,0.374810318664643,0.604956268221574,0.791130185979971,0.826923076923077,0.359327217125382,0.993966817496229,0.889226100151745,0.470858895705521,0.753030303030303,0.300295857988166,0.986567164179105,0,0.995398773006135,0.681957186544342,0.0031055900621118,0.367164179104478,0.783185840707965,0.38821752265861,0.117824773413897,0.0117130307467057,0.046583850931677,0.0259146341463415,0.00625978090766823,0.00766871165644172,0.452887537993921,0.57847533632287,0.00451807228915663,1,0.986745213549337,0.125188536953243,0,0.00585651537335286,0.0341753343239227,0,0.892141756548536,0,0.0438729198184569,0,0.0285285285285285,0.00603318250377074,0.989598811292719,0.166158536585366,0.0029673590504451,0.361280487804878,0.397897897897898,0.114854517611026,0,0,0.0774091627172196,0.0590778097982709,0.0164179104477612,0,0,0.996894409937888,0.777448071216617,0.503782148260212,0,0.556221889055472,0,0.0785824345146379,0.00615384615384615,0.815267175572519,0.769115442278861,0,0.655763239875389,0.413897280966767,0.142208774583964,0.0386904761904762,0.230652503793627,0.995481927710843,0.0153846153846154,0.0843558282208589,0.00460122699386503,0,0.0178041543026706,0,0.00462962962962963,0.980152671755725,0.614197530864197,0,0,0.177877428998505,0.078003120124805,0.0578635014836795,0.286558345642541,0.96769456681351,0.989214175654854,0.16966966966967,0.171344165435746,0,0.98030303030303,0.0374251497005988,0,0.0199386503067485,0.0455882352941176,0.933534743202417,0,0.992492492492492,0.00591715976331361,0.531297709923664,0.921804511278196,0.903076923076923,0.892215568862275,0.319083969465649,0.905547226386807,0.00459418070444104,0,0.25,0.022354694485842,0,0,0.994169096209913,0,0.995481927710843,0.00601503759398496,0.290372670807453,0.993836671802773,0.993798449612403,0.466360856269113,0.0455927051671733,0.57957957957958,0,0.993740219092332,0.0486656200941915,0.00911854103343465,0,0.807518796992481,0.991084695393759,0.993874425727412,0.981900452488688,0.995594713656388,0,0,0.984894259818731,0.00610687022900763,0.00312989045383412,0.0286144578313253,0.00602409638554217,0,0.989441930618401,0.0136570561456753,0.993779160186625,0.992307692307692,0,0.987878787878788,0.0460624071322437,0.99400299850075,0.914285714285714,0.992657856093979,0.993975903614458
"726",0.0110584518167457,0.0106060606060606,0.04,0.0647149460708783,0.0204724409448819,0.00943396226415094,0.108231707317073,0.0369230769230769,0.00748502994011976,0,0.010752688172043,0,0.429663608562691,0.00614439324116743,0.955725190839695,0.983383685800604,0,0.00153374233128834,0.0124804992199688,0.0168711656441718,0.840978593272171,0.959311424100156,0.0167682926829268,0,0.0493827160493827,0.749613601236476,0.890076335877863,0.0171339563862928,0.548961424332344,0.312594840667678,0.992548435171386,0.308510638297872,0.234567901234568,0.722137404580153,0,0.00772797527047913,0.00603318250377074,0.013353115727003,0.749266862170088,0.105812220566319,0,0,0,0.0109717868338558,0.228209191759113,0.973926380368098,0.496865203761755,0.990668740279938,0.538116591928251,0.875748502994012,0,0.0149476831091181,0.738461538461539,0.00769230769230769,0.120556414219474,0.837753510140406,0,0.031201248049922,0.0526315789473684,0.104947526236882,0.719033232628399,0.581954887218045,0.992272024729521,0,0.10061919504644,0.172205438066465,0,0.0138461538461538,0,0.990740740740741,0.150746268656716,0.984894259818731,0.974588938714499,0.00754147812971342,0,0.294642857142857,0.955725190839695,0.424012158054711,0.117283950617284,0.738362760834671,0,0.3,0.795216741405082,0.00601503759398496,0.901990811638591,0.095952023988006,0.0104166666666667,0.0379362670713202,0.0424242424242424,0,0.0246153846153846,0.00604229607250755,0,0,0.0299684542586751,0,0.699395770392749,0.0302114803625378,0,0,0.387537993920973,0,0.71606864274571,0.00627943485086342,0.890060240963855,0.0093603744149766,0,0.0270676691729323,0.995341614906832,0.987786259541985,0.983231707317073,0.0930232558139535,0.673312883435583,0.0196374622356495,0,0.0212121212121212,0.298621745788668,0,0.990853658536585,0.772093023255814,0,0.234662576687117,0.749235474006116,0.919431279620853,0.0364188163884674,0.857359635811836,0.00899550224887556,0.0135338345864662,0,0.466266866566717,0.0653495440729483,0.514774494556765,0.0202492211838006,0,0.015552099533437,0.978883861236802,0,0.789638932496075,0.36906584992343,0.49144634525661,0,0,0.0333333333333333,0.240061162079511,0.83695652173913,0.00775193798449612,0.989263803680982,0.0778625954198473,0.586687306501548,0.028657616892911,0.867924528301887,0.0245398773006135,0.00772797527047913,0.170471841704718,0.0168195718654434,0.989096573208723,0.00602409638554217,0.989096573208723,0,0.262751159196291,0.144578313253012,0.0245775729646697,0.974664679582712,0,0.00896860986547085,0.549763033175355,0.00626959247648903,0.0106382978723404,0.00755287009063444,0.711940298507463,0.0349013657056146,0.990853658536585,0.0537313432835821,0.991111111111111,0.121684867394696,0.63855421686747,0,0.0227617602427921,0,0.153614457831325,0.0105740181268882,0.885670731707317,0.0272727272727273,0.0609756097560976,0.0146412884333821,0.0336391437308868,0.904468412942989,0.63568215892054,0.0786163522012579,0.0635658914728682,0.937984496124031,0.998475609756098,0.0294117647058824,0.13464447806354,0,0,0.708841463414634,0,0.0103703703703704,0.744394618834081,0.125960061443932,0.23609022556391,0.0164917541229385,0.569659442724458,0.565022421524664,0.712732919254658,0.0858034321372855,0.037821482602118,0.130105900151286,0,0.129770992366412,0.825196850393701,0.0702028081123245,0.989312977099237,0.930408472012103,0.475683890577508,0.0291411042944785,0.025297619047619,0.17774343122102,0.0121212121212121,0.120845921450151,0,0.928895612708018,0.344827586206897,0.0155763239875389,0,0.0166666666666667,0.0222551928783383,0.459752321981424,0.450892857142857,0.0181818181818182,0.0078125,0.638591117917305,0,0.114243323442137,0.486322188449848,0.0408163265306122,0.990853658536585,0.0509745127436282,0.00909090909090909,0.00754147812971342,0.0489296636085627,0.468892261001517,0.989345509893455,0.0423600605143722,0.451908396946565,0.991176470588235,0.988148148148148,0.803379416282642,0.989079563182527,0.843260188087774,0.335832083958021,0.995461422087746,0.98644578313253,0.983483483483483,0.417664670658683,0.960567823343849,0.0230769230769231,0,0.993957703927492,0,0.772307692307692,0.010989010989011,0.0277349768875193,0.104863221884498,0,0.146456692913386,0.148367952522255,0.313178294573643,0.404615384615385,0.536923076923077,0.555038759689922,0,0.0106382978723404,0.912254160363086,0.30379746835443,0.0519083969465649,0.980683506686478,0.269578313253012,0.98937784522003,0.876712328767123,0.00596125186289121,0.00794912559618442,0.102009273570325,0,0.361702127659574,0.115740740740741,0,0.990990990990991,0.105580693815988,0.0294573643410853,0,0.992447129909366,0.990950226244344,0.0252365930599369,0.117739403453689,0.99211356466877,0,0.627480916030534,0.0201863354037267,0.215568862275449,0.615037593984962,0.353488372093023,0.0463378176382661,0.983308042488619,0.010590015128593,0.00914634146341463,0.987692307692308,0.042042042042042,0.00938967136150235,0.031104199066874,0.0106060606060606,0.815548780487805,0.702416918429003,0.716463414634146,0.0342679127725857,0.0642633228840125,0.00151975683890578,0.740683229813665,0.0310077519379845,0.846860643185299,0.701046337817638,0.0137825421133231,0.0138248847926267,0.0439393939393939,0.304482225656878,0.00749625187406297,0.751926040061633,0.042042042042042,0.0124031007751938,0,0.689393939393939,0.463949843260188,0.977307110438729,0.00151745068285281,0.986486486486487,0.0889570552147239,0.966917293233083,0.992424242424242,0,0.767228177641654,0.0184899845916795,0.935975609756098,0.0221518987341772,0.0382262996941896,0.0214395099540582,0.71319018404908,0.7140625,0.322932917316693,0.538216560509554,0,0.173312883435583,0.980538922155689,0.961019490254873,0.80688622754491,0.00773993808049536,0.990726429675425,0,0.678247734138973,0.980451127819549,0.975683890577508,0.529051987767584,0.00909090909090909,0.724031007751938,0.00941915227629513,0.0428134556574924,0,0.0189504373177843,0.989393939393939,0.0104166666666667,0.175226586102719,0.0108359133126935,0.976923076923077,0.0329341317365269,0.990867579908676,0.120426829268293,0.29264475743349,0.0662650602409639,0.024390243902439,0.00772797527047913,0.71841704718417,0.0426829268292683,0.00896860986547085,0.994082840236686,0.969512195121951,0.00610687022900763,0.00904977375565611,0.68030303030303,0.116138763197587,0.0417335473515249,0.052710843373494,0.00900900900900901,0,0.8859375,0.00600600600600601,0.989263803680982,0,0.0464396284829721,0,0.947611710323575,0.00744047619047619,0.0412213740458015,0,0.38145896656535,0.58678955453149,0.0249221183800623,0.990580847723705,0.137345679012346,0.013953488372093,0.637770897832817,0.416541353383459,0.214506172839506,0,0.844375963020031,0.0327613104524181,0.0077639751552795,0.569444444444444,0.0075642965204236,0.0307443365695793,0.959459459459459,0,0.0213414634146341,0.0124031007751938,0.0516717325227964,0.307922272047833,0.990683229813665,0.143962848297214,0.758409785932722,0.82258064516129,0,0.387147335423198,0.404354587869362,0.393019726858877,0,0.714738510301109,0.100308641975309,0.368740515933232,0.49478390461997,0.920704845814978,0,0,0.00873362445414847,0.0342261904761905,0,0.0864197530864197,0,0,0,0.0108359133126935,0,0.00940438871473354,0.229230769230769,0.489614243323442,0.00750750750750751,0,0,0.0152671755725191,0.0435435435435435,0.283132530120482,0.992481203007519,0,0.12089552238806,0.428139183055976,0.0091324200913242,0.466565349544073,0.66046511627907,0,0.0256410256410256,0.992307692307692,0.053125,0.897515527950311,0,0.983508245877061,0.896875,0.518110236220472,0.0343796711509716,0,0.0537313432835821,0.0306748466257669,0.00906344410876133,0,0.921296296296296,0.0738362760834671,0.98876404494382,0.0075187969924812,0.0104790419161677,0.981735159817352,0.0106544901065449,0.707575757575758,0.198473282442748,0.984544049459042,0.823712948517941,0.046969696969697,0,0.990922844175492,0.0393343419062027,0.9826224328594,0.34585289514867,0.612213740458015,0,0.9,0.266141732283465,0.745426829268293,0.027231467473525,0.992260061919505,0.856502242152466,0.549363057324841,0.0618556701030928,0.116666666666667,0.0472560975609756,0.252696456086287,0,0.0253731343283582,0.993939393939394,0.0395136778115502,0.615146831530139,0.989520958083832,0.0106221547799697,0.0076103500761035,0.0062111801242236,0.363636363636364,0.0226244343891403,0.869362363919129,0.8125,0.0623100303951368,0.124242424242424,0,0,0.0201238390092879,0.0801232665639445,0.990668740279938,0.024653312788906,0.0151285930408472,0.641452344931921,0.0777604976671851,0.280864197530864,0.112275449101796,0,0.0398162327718224,0.666151468315301,0.00918836140888208,0.0122324159021407,0,0.365325077399381,0.0349544072948328,0.989329268292683,0.314241486068111,0.613050075872534,0.203240058910162,0.326625386996904,0.0513950073421439,0.910846953937593,0.0204724409448819,0.00918836140888208,0.0273972602739726,0.711598746081505,0.885542168674699,0.0167173252279635,0.00603318250377074,0,0.223227752639517,0.560790273556231,0.734756097560976,0.243865030674847,0.0108359133126935,0.128834355828221,0.00910470409711684,0.110105580693816,0.990521327014218,0,0.189522342064715,0.990683229813665,0.99388379204893,0.735159817351598,0,0.0199692780337942,0.0936555891238671,0.00763358778625954,0.0151515151515152,0.904761904761905,0.990783410138249,0,0,0.827102803738318,0.916666666666667,0.841704718417047,0,0.989345509893455,0.00455927051671732,0.417797888386124,0.712732919254658,0.0106221547799697,0.418320610687023,0.0354391371340524,0.348484848484849,0.374251497005988,0,0.0102040816326531,0.621913580246914,0.517829457364341,0.091044776119403,0.0214067278287462,0.625377643504532,0,0.0534351145038168,0.0449101796407186,0,0.04,0.975646879756469,0.023696682464455,0.578787878787879,0,0,0.495222929936306,0.169517884914463,0.992378048780488,0.863141524105754,0,0,0.261515601783061,0.973886328725038,0.0111111111111111,0.684992570579495,0.0166919575113809,0.989536621823617,0.631578947368421,0.676970633693972,0.154330708661417,0.907232704402516,0.987841945288754,0,0.953632148377125,0,0.0164670658682635,0.811410459587956,0.0267459138187221,0.986024844720497,0.0108695652173913,0,0.481873111782477,0.557275541795666,0.00914634146341463,0,0.012012012012012,0,0.617784711388456,0.0224550898203593,0,0.355083459787557,0.0264797507788162,0.256488549618321,0.0579029733959311,0.965309200603318,0,0.0075187969924812,0.735614307931571,0,0.316590563165906,0.99400299850075,0.985163204747775,0.00927357032457496,0.0108359133126935,0.0192878338278932,0.0338461538461538,0.0276073619631902,0,0.0349544072948328,0,0.653673163418291,0.711656441717791,0.0119760479041916,0.0107361963190184,0.0134328358208955,0.0133928571428571,0.0290076335877863,0.981566820276498,0.0205696202531646,0.0434131736526946,0.276595744680851,0.0258751902587519,0.00898203592814371,0.0393343419062027,0,0,0.0250737463126844,0,0.929323308270677,0.00151745068285281,0.0459418070444104,0.724299065420561,0.786499215070644,0.891044776119403,0.080370942812983,0.00152439024390244,0.891238670694864,0.0107361963190184,0.00762195121951219,0.375384615384615,0.599125364431487,0.792700729927007,0.817771084337349,0.351309707241911,0.991071428571429,0.887048192771084,0.460587326120556,0.738794435857805,0.292424242424242,0.98310291858679,0,0.995363214837713,0.675925925925926,0.00934579439252336,0.361702127659574,0.775297619047619,0.376722817764165,0.135618479880775,0.0222222222222222,0.0380952380952381,0.029320987654321,0.0109546165884194,0.0108024691358025,0.465543644716692,0.588770864946889,0.00462962962962963,0.986745213549337,1,0.137878787878788,0,0.00744047619047619,0.0374251497005988,0,0.900630914826498,0,0.0649149922720247,0,0.0316265060240964,0.0105580693815988,0.985052316890882,0.160493827160494,0.00754147812971342,0.356037151702786,0.382397572078907,0.11890243902439,0,0,0.0777777777777778,0.0641399416909621,0.0209895052473763,0,0,0.992150706436421,0.765765765765766,0.500763358778626,0,0.551515151515152,0,0.0768025078369906,0.00920245398773006,0.822530864197531,0.763313609467456,0,0.653905053598775,0.406201550387597,0.1321044546851,0.043609022556391,0.224085365853659,0.98936170212766,0.0188679245283019,0.0800604229607251,0.00625978090766823,0,0.0267459138187221,0,0.00772797527047913,0.972093023255814,0.623052959501558,0,0,0.171993911719939,0.0771653543307087,0.0671641791044776,0.290611028315946,0.970544918998527,0.987635239567233,0.17737003058104,0.172155688622754,0,0.977272727272727,0.0397553516819572,0,0.0235849056603774,0.055472263868066,0.934749620637329,0,0.990811638591118,0.00892857142857143,0.542944785276074,0.918461538461538,0.898119122257053,0.880844645550528,0.314152410575428,0.912912912912913,0.00768049155145929,0,0.236476043276662,0.027190332326284,0,0,0.989690721649485,0,0.990867579908676,0.0107197549770291,0.294392523364486,0.990668740279938,0.99079754601227,0.47166921898928,0.0476923076923077,0.57315233785822,0,0.99375,0.0438184663536776,0.0075187969924812,0,0.814241486068111,0.989690721649485,0.996946564885496,0.978947368421053,0.991017964071856,0,0,0.977203647416413,0.00304878048780488,0.00156739811912226,0.024390243902439,0.00453172205438067,0,0.987673343605547,0.00907715582450832,0.992101105845182,0.986111111111111,0,0.98644578313253,0.0475482912332838,0.990950226244344,0.908536585365854,0.99112426035503,0.989296636085627
"727",0.873801916932907,0.864566929133858,0.900928792569659,0.888888888888889,0.88474025974026,0.870340356564019,0.905511811023622,0.893915756630265,0.861538461538462,0.00318979266347687,0.870662460567823,0.00315457413249211,0.661442006269592,0.868670886075949,0.169517884914463,0.14756671899529,0.00155763239875389,0.017515923566879,0.874003189792663,0.876755070202808,0.286604361370716,0.158064516129032,0.864615384615385,0.00307219662058372,0.855384615384615,0.384615384615385,0.235387045813586,0.856682769726248,0.554033485540335,0.7265625,0.129032258064516,0.80188679245283,0.85126582278481,0.366043613707165,0.0031496062992126,0.874411302982732,0.0201863354037267,0.866359447004608,0.380368098159509,0.822188449848024,0.0031496062992126,0.0152905198776758,0.00924499229583975,0.871835443037975,0.79047619047619,0.160771704180064,0.575277337559429,0.110410094637224,0.55895865237366,0.256060606060606,0.00309597523219814,0.8712715855573,0.384735202492212,0.868544600938967,0.895071542130366,0.28343949044586,0.0016260162601626,0.854166666666667,0.903875968992248,0.895223420647149,0.385448916408669,0.520673813169985,0.126984126984127,0.00318979266347687,0.835164835164835,0.791666666666667,0.00158478605388273,0.864649681528662,0.0015625,0.1216,0.784496124031008,0.132307692307692,0.143081761006289,0.870458135860979,0,0.788990825688073,0.170542635658915,0.624806201550388,0.962323390894819,0.386776859504132,0.00315457413249211,0.795031055900621,0.336434108527132,0.863496932515337,0.235387045813586,0.85935085007728,0.866564417177914,0.882534775888717,0.857589984350548,0.00940438871473354,0.860979462875197,0.865414710485133,0.00316455696202532,0.00312989045383412,0.864516129032258,0,0.41304347826087,0.880989180834621,0.00920245398773006,0.0109375,0.682316118935837,0.00155038759689922,0.410174880763116,0.873617693522907,0.229583975346687,0.871589085072231,0.00793650793650794,0.898119122257053,0.123028391167192,0.135725429017161,0.136434108527132,0.899841017488076,0.449526813880126,0.8609375,0.00315955766192733,0.897196261682243,0.803432137285491,0.00313479623824451,0.129133858267717,0.334920634920635,0.00307219662058372,0.861154446177847,0.372854914196568,0.193910256410256,0.867716535433071,0.248466257668712,0.87111801242236,0.879499217527387,0.00312989045383412,0.614197530864197,0.869905956112853,0.556782334384858,0.862123613312203,0.00154798761609907,0.8544,0.150769230769231,0.00154559505409583,0.332288401253919,0.665615141955836,0.60031847133758,0.00317965023847377,0.00315955766192733,0.880248833592535,0.782472613458529,0.279293739967897,0.873417721518987,0.139498432601881,0.862068965517241,0.5136,0.883076923076923,0.263578274760383,0.870109546165884,0.875598086124402,0.794435857805255,0.872841444270016,0.108108108108108,0.864406779661017,0.121451104100946,0.0015748031496063,0.755868544600939,0.982998454404946,0.870109546165884,0.154198473282443,0.00313479623824451,0.879019908116386,0.55379746835443,0.868932038834951,0.867601246105919,0.865325077399381,0.371559633027523,0.89060092449923,0.128930817610063,0.86697247706422,0.123475609756098,0.971153846153846,0.472783825816485,0.00319488817891374,0.866562009419152,0.0031104199066874,0.811437403400309,0.877742946708464,0.237795275590551,0.883830455259027,0.8578125,0.873684210526316,0.86748844375963,0.223622047244094,0.474921630094044,0.861958266452649,0.862838915470494,0.177394034536892,0.136645962732919,0.891025641025641,0.903276131045242,0.00151515151515152,0.0015552099533437,0.421800947867299,0.00469483568075117,0.861325115562404,0.372128637059724,0.898894154818325,0.759375,0.874809160305344,0.536163522012579,0.513846153846154,0.411111111111111,0.82807570977918,0.853968253968254,1,0.00313971742543171,0.809076682316119,0.303656597774245,0.867507886435331,0.133333333333333,0.201848998459168,0.601246105919003,0.877934272300469,0.870769230769231,0.929133858267717,0.876543209876543,0.843601895734597,0.00310077519379845,0.200315457413249,0.71969696969697,0.868462757527734,0.00312989045383412,0.859567901234568,0.885022692889561,0.618153364632238,0.596273291925466,0.86697965571205,0.866559485530547,0.473354231974922,0.00319488817891374,0.920852359208524,0.621621621621622,0.894651539708266,0.128325508607199,0.861325115562404,0.882165605095541,0.860501567398119,0.860095389507154,0.59472049689441,0.132701421800948,0.8859375,0.59717868338558,0.120610687022901,0.122137404580153,0.285714285714286,0.124610591900312,0.263665594855305,0.700305810397553,0.12792511700468,0.129573170731707,0.131375579598145,0.655813953488372,0.178170144462279,0.872641509433962,0.0111642743221691,0.120879120879121,0.00155038759689922,0.349282296650718,0.881789137380192,0.865740740740741,0.828746177370031,0.00310077519379845,0.970779220779221,0.796324655436447,0.79153605015674,0.702660406885759,0.552099533437014,0.509646302250804,0.0123839009287926,0.868217054263566,0.231839258114374,0.79903536977492,0.894654088050314,0.133858267716535,0.775888717156105,0.128482972136223,0.234472049689441,0.868421052631579,0.873194221508828,0.89792663476874,0.00304878048780488,0.705263157894737,0.901116427432217,0.00156494522691706,0.123853211009174,0.905343511450382,0.895071542130366,0.0015552099533437,0.124416796267496,0.12792511700468,0.885714285714286,0.9072,0.128455284552846,0.00158227848101266,0.4953125,0.889763779527559,0.830508474576271,0.487460815047022,0.721780604133545,0.855365474339036,0.127692307692308,0.871517027863777,0.864485981308411,0.132192846034215,0.868544600938967,0.868670886075949,0.864864864864865,0.876755070202808,0.297507788161994,0.428125,0.410852713178295,0.896,0.851437699680511,0.0514820592823713,0.367670364500792,0.894819466248038,0.25625,0.403669724770642,0.883720930232558,0.869565217391304,0.891338582677165,0.740740740740741,0.86676875957121,0.353035143769968,0.888544891640867,0.86984126984127,0.00315457413249211,0.427230046948357,0.638095238095238,0.138801261829653,0.0495356037151703,0.132307692307692,0.8375,0.163009404388715,0.121306376360809,0.00151285930408472,0.335913312693498,0.864139020537125,0.195956454121306,0.891025641025641,0.891135303265941,0.878594249201278,0.405660377358491,0.389337641357027,0.701726844583987,0.537828947368421,0.0015625,0.809968847352025,0.136503067484663,0.154434250764526,0.333333333333333,0.858520900321543,0.128325508607199,0.00307219662058372,0.438679245283019,0.139103554868624,0.151033386327504,0.592125984251968,0.868878357030016,0.394944707740916,0.870279146141215,0.854914196567863,0.00156985871271586,0.874439461883408,0.11791730474732,0.861325115562404,0.792890262751159,0.872037914691943,0.144444444444444,0.86232980332829,0.123824451410658,0.822884012539185,0.764240506329114,0.852080123266564,0.882629107981221,0.865325077399381,0.408950617283951,0.867394695787831,0.865947611710324,0.128637059724349,0.137557959814529,0.869009584664537,0.870967741935484,0.441497659906396,0.812018489984592,0.85829307568438,0.863354037267081,0.869230769230769,0.00161550888529887,0.214968152866242,0.87673343605547,0.130298273155416,0.00319488817891374,0.894736842105263,0.00641025641025641,0.152886115444618,0.872307692307692,0.89540412044374,0.00796178343949045,0.687106918238994,0.51496062992126,0.888712241653418,0.125611745513866,0.803514376996805,0.864353312302839,0.486356340288925,0.662595419847328,0.8384,0.00158227848101266,0.295774647887324,0.900481540930979,0.8765625,0.523956723338485,0.874617737003058,0.850921273031826,0.153238546603476,0.00313479623824451,0.874233128834356,0.868131868131868,0.866459627329193,0.716486902927581,0.128930817610063,0.971473851030111,0.354587869362364,0.289256198347107,0.0077639751552795,0.674193548387097,0.633070866141732,0.677519379844961,0.00310077519379845,0.386942675159236,0.942277691107644,0.691950464396285,0.627329192546584,0.199101796407186,0.00156739811912226,0.00307219662058372,0.867269984917044,0.850769230769231,0.00156494522691706,0.870662460567823,0.00635930047694754,0.00306278713629403,0.00323101777059774,0.878357030015798,0.003125,0.876006441223833,0.768273716951788,0.595166163141994,0.874806800618238,0.00319488817891374,0.00318979266347687,0.87519747235387,0.861654135338346,0.767801857585139,0.132307692307692,0.00158478605388273,0.898305084745763,0.670212765957447,0.890625,0.602484472049689,0.435406698564593,0.00155038759689922,0.863636363636364,0.1296,0.905750798722045,0.191823899371069,0.00155038759689922,0.124423963133641,0.243630573248408,0.505691056910569,0.859375,0.0031201248049922,0.881538461538461,0.866043613707165,0.876755070202808,0.003125,0.202551834130782,0.844884488448845,0.127450980392157,0.87888198757764,0.869631901840491,0.131455399061033,0.864197530864197,0.415644171779141,0.814241486068111,0.142633228840125,0.286624203821656,0.870716510903427,0.00784929356357928,0.125776397515528,0.883076923076923,0.142628205128205,0.724522292993631,0.515772870662461,0.00305810397553517,0.219435736677116,0.859450726978998,0.380804953560372,0.8734375,0.123824451410658,0.278816199376947,0.520391517128874,0.863914373088685,0.913846153846154,0.866352201257862,0.765923566878981,0.00313971742543171,0.859594383775351,0.127659574468085,0.85,0.4976,0.12788906009245,0.867807153965785,0.8859375,0.865930599369085,0.674528301886792,0.875776397515528,0.2601246105919,0.313195548489666,0.86875,0.914196567862715,0.0030441400304414,0,0.870662460567823,0.84430176565008,0.14622641509434,0.889415481832543,0.8765625,0.474339035769829,0.8752,0.724522292993631,0.898148148148148,0.00152671755725191,0.8712715855573,0.434231378763867,0.875776397515528,0.873831775700935,0.00299850074962519,0.682316118935837,0.888357256778309,0.132911392405063,0.760765550239234,0.46749226006192,0.782608695652174,0.721958925750395,0.851226993865031,0.213960546282246,0.895330112721417,0.875195007800312,0.897239263803681,0.409967845659164,0.210280373831776,0.882352941176471,0.875576036866359,0.00770416024653313,0.789719626168224,0.509230769230769,0.375586854460094,0.840735068912711,0.866771159874608,0.822605965463108,0.864906832298137,0.156773211567732,0.125,0.00308166409861325,0.935736677115988,0.126582278481013,0.126168224299065,0.386435331230284,0.00315457413249211,0.873065015479876,0.872699386503067,0.870047543581617,0.877300613496933,0.216772151898734,0.133545310015898,0.00303490136570561,0.00311526479750779,0.298887122416534,0.203149606299213,0.273015873015873,0,0.117370892018779,0.871069182389937,0.0608424336973479,0.394944707740916,0.873217115689382,0.642526964560863,0.864864864864865,0.7125,0.684532924961715,0.00307692307692308,0.873873873873874,0.493650793650794,0.58609794628752,0.933641975308642,0.890243902439024,0.490654205607477,0.0093603744149766,0.882629107981221,0.879389312977099,0.00158730158730159,0.848484848484849,0.134883720930233,0.86871961102107,0.486571879936809,0,0.00918836140888208,0.615131578947368,0.892405063291139,0.12792511700468,0.250788643533123,0.0109546165884194,0.00322061191626409,0.751124437781109,0.137658227848101,0.879282218597064,0.429447852760736,0.875576036866359,0.123647604327666,0.4328125,0.4368,0.974643423137876,0.211631663974152,0.134762633996937,0.00309119010819165,0.161949685534591,0.0031055900621118,0.878787878787879,0.134959349593496,0.896084337349398,0.126382306477093,0.871175523349436,0.00309597523219814,0.602184087363494,0.558730158730159,0.8609375,0.0031201248049922,0.873261205564142,0.0031496062992126,0.495297805642633,0.873651771956857,0.00305810397553517,0.712307692307692,0.874801901743265,0.740973312401884,0.905362776025237,0.15015479876161,0.00312989045383412,0.85981308411215,0.368503937007874,0.00151285930408472,0.7890625,0.123287671232877,0.152905198776758,0.863275039745628,0.877777777777778,0.870229007633588,0.847723704866562,0.861904761904762,0.0031201248049922,0.865203761755486,0.0214067278287462,0.450920245398773,0.401538461538462,0.86697965571205,0.870662460567823,0.873261205564142,0.868098159509202,0.0693374422187981,0.138801261829653,0.872990353697749,0.867078825347759,0.726993865030675,0.862654320987654,0.875576036866359,0.900630914826498,0.00307219662058372,0.0031201248049922,0.859910581222057,0.00306278713629403,0.185758513931889,0.00156739811912226,0.872274143302181,0.369354838709677,0.344551282051282,0.245749613601236,0.843601895734597,0.00460829493087558,0.243369734789392,0.868827160493827,0.875776397515528,0.702028081123245,0.518910741301059,0.329323308270677,0.302290076335878,0.678855325914149,0.12962962962963,0.242236024844721,0.63125,0.3609375,0.734351145038168,0.130094043887147,0.00316455696202532,0.118858954041204,0.429936305732484,0.864734299516908,0.702492211838006,0.354545454545455,0.677570093457944,0.973765432098765,0.861491628614916,0.892455858747994,0.869426751592357,0.875,0.873817034700315,0.638932496075353,0.525581395348837,0.87207488299532,0.125188536953243,0.137878787878788,1,0.00928792569659443,0.870917573872473,0.844135802469136,0.00317460317460317,0.226114649681529,0.00312989045383412,0.862123613312203,0.0016260162601626,0.875968992248062,0.871317829457364,0.129032258064516,0.822706065318818,0.875776397515528,0.711323763955343,0.669266770670827,0.896875,0.00308166409861325,0.00158730158730159,0.885483870967742,0.868065967016492,0.882534775888717,0.00308166409861325,0,0.121642969984202,0.335925349922239,0.545171339563863,0.0031104199066874,0.561430793157076,0.0031055900621118,0.839486356340289,0.87402799377916,0.270531400966184,0.364197530864198,0.0015220700152207,0.4390625,0.636932707355243,0.805031446540881,0.884673748103187,0.788976377952756,0.12792511700468,0.89540412044374,0.0266875981161695,0.859424920127795,0.00159489633173844,0.87906976744186,0.00631911532385466,0.862681744749596,0.147335423197492,0.0881410256410256,0.00307219662058372,0.00318471337579618,0.910216718266254,0.837359098228664,0.900763358778626,0.719325153374233,0.146747352496218,0.13258785942492,0.773940345368917,0.774045801526718,0.0016260162601626,0.13125,0.859842519685039,0.00154798761609907,0.859872611464968,0.904173106646059,0.190174326465927,0.0373250388802488,0.107981220657277,0.867981790591806,0.547923322683706,0.20125786163522,0.232633279483037,0.237003058103976,0.7648,0.205246913580247,0.875,0.00316957210776545,0.756289308176101,0.860643185298622,0.0047244094488189,0.00313479623824451,0.125,0.00157977883096367,0.13946117274168,0.867601246105919,0.716612377850163,0.118780096308186,0.129337539432177,0.627575277337559,0.919431279620853,0.536697247706422,0.0475460122699387,0.132045088566828,0.0652866242038217,0.0236593059936909,0.00314465408805031,0.143533123028391,0.135338345864662,0.1232,0.144200626959248,0.126738794435858,0.0446570972886762,0.0527950310559006,0.138674884437596,0.0237341772151899,0.008,0.0376175548589342,0.0288753799392097,0.0549450549450549,0.138198757763975,0.0278207109737249,0.123778501628664,0.140157480314961,0.0382165605095541,0.125391849529781,0.0364188163884674,0.12962962962963,0.1515625,0.137825421133231,0.121875
"728",0.0126182965299685,0.00925925925925926,0.0121580547112462,0.00791139240506329,0.00938967136150235,0.0111464968152866,0.0266875981161695,0.00923076923076923,0.0138248847926267,0.987441130298273,0.00917431192660551,0.990853658536585,0.00452488687782805,0.00940438871473354,0,0,0.986342943854325,0.986046511627907,0.0110759493670886,0.0123076923076923,0,0,0.00763358778625954,0.98780487804878,0.00759878419452888,0.0015625,0.00154320987654321,0.0143312101910828,0.00150602409638554,0.00306748466257669,0,0.0046801872074883,0.0062111801242236,0.00153609831029186,0.989214175654854,0.0125786163522013,0.969604863221885,0.0136986301369863,0.00148809523809524,0.0120481927710843,0.992211838006231,0.987730061349693,0.998475609756098,0.0077639751552795,0.00782472613458529,0,0.00464396284829721,0,0.00602409638554217,0.00151057401812689,0.987786259541985,0.00933125972006221,0,0.00928792569659443,0.0249221183800623,0,0.985736925515055,0.0110759493670886,0.0151975683890578,0.00611620795107034,0.00460122699386503,0.00153609831029186,0,0.98755832037325,0.00955414012738853,0.00916030534351145,0.986175115207373,0.0108864696734059,0.987748851454824,0,0.00755287009063444,0,0,0.0105263157894737,0.987635239567233,0.00303490136570561,0,0.00765696784073507,0.00952380952380952,0,0.989079563182527,0.00305343511450382,0.00151975683890578,0.0106544901065449,0.00154083204930663,0.010590015128593,0.0139103554868624,0.0122137404580153,0.0152439024390244,1,0.0093603744149766,0.0122699386503067,0.989214175654854,0.989164086687306,0.0109546165884194,0.987692307692308,0.0200308166409861,0.0106707317073171,0.989425981873112,0.993836671802773,0.0168711656441718,0.989180834621329,0.00153374233128834,0.0107361963190184,0,0.0126582278481013,1,0.0153139356814701,0,0,0,0.028125,0.00152905198776758,0.0123839009287926,0.992272024729521,0.0123456790123457,0.00306278713629403,0.989280245022971,0,0.00154320987654321,0.990990990990991,0.0077639751552795,0.00153374233128834,0,0.0124223602484472,0.00153609831029186,0.0106544901065449,0.00773993808049536,0.987460815047022,0.0152905198776758,0.00923076923076923,0.00318979266347687,0.00769230769230769,0.992307692307692,0.0110062893081761,0,0.987654320987654,0,0.0015600624024961,0.015748031496063,0.988941548183254,0.992101105845182,0.0123076923076923,0.00457317073170732,0.00157728706624606,0.0107858243451464,0,0.00921658986175115,0.00154798761609907,0.0105105105105105,0,0.0109204368174727,0.010989010989011,0.00759878419452888,0.00762195121951219,0,0.0136570561456753,0,0.986175115207373,0.00782472613458529,0.0151745068285281,0.00920245398773006,0,0.98936170212766,0.0091324200913242,0.00314465408805031,0.0110935023771791,0.0108359133126935,0.0107858243451464,0.00302571860816944,0.0107858243451464,0,0.0104790419161677,0,0.0123647604327666,0.00154083204930663,0.989130434782609,0.00930232558139535,0.989393939393939,0.00619195046439629,0.0138036809815951,0.00157977883096367,0.0107033639143731,0.00911854103343465,0.00899550224887556,0.0107361963190184,0,0.00151515151515152,0.0078125,0.0110236220472441,0,0,0.0110584518167457,0.0341085271317829,0.989520958083832,0.987519500780031,0.0015552099533437,0.989312977099237,0.0106221547799697,0,0.0203442879499218,0.00465116279069767,0.0121028744326778,0.00158730158730159,0.00153609831029186,0.00309597523219814,0.012326656394453,0.0138248847926267,0.0120663650075415,0.989079563182527,0.00918836140888208,0,0.0091324200913242,0,0,0.00918836140888208,0.0123647604327666,0.0136363636363636,0.00612557427258806,0.0123456790123457,0.00925925925925926,0.987730061349693,0,0.00452488687782805,0.0094488188976378,0.989345509893455,0.0106707317073171,0.0104633781763827,0.0123647604327666,0.00460829493087558,0.0138888888888889,0.0111464968152866,0.021875,0.987421383647799,0.0242792109256449,0,0.0110935023771791,0,0.0105105105105105,0.0126182965299685,0.0108024691358025,0.00763358778625954,0.00604229607250755,0,0.0109375,0.00458015267175573,0,0,0.00154083204930663,0,0,0.00299850074962519,0,0,0,0.00458015267175573,0,0.00941915227629513,1,0,0.98780487804878,0.0046875,0.0108527131782946,0.0062111801242236,0.00916030534351145,0.987730061349693,0.0095389507154213,0.012012012012012,0.00464396284829721,0,0.00306748466257669,0.0031496062992126,1,0.0108695652173913,0,0.00314465408805031,0.00941915227629513,0,0.00458715596330275,0,0,0.00898203592814371,0.0127388535031847,0.0256,0.986567164179105,0.00303490136570561,0.0332278481012658,0.986175115207373,0,0.0267857142857143,0.0124223602484472,0.987748851454824,0,0,0.00791139240506329,0.0078740157480315,0,0.990491283676704,0.0197568389057751,0.0124223602484472,0.00757575757575758,0.00305810397553517,0.00471698113207547,0.0121580547112462,0,0.0136157337367625,0.0121951219512195,0,0.0123456790123457,0.00925925925925926,0.0109546165884194,0.00930232558139535,0,0.0045045045045045,0.0015552099533437,0.00943396226415094,0.0110584518167457,0.957120980091884,0.0015527950310559,0.0109375,0.00152671755725191,0.00301659125188537,0.0106870229007634,0.0138888888888889,0.0108527131782946,0.0015600624024961,0.0120481927710843,0.00158227848101266,0.0122137404580153,0.0093167701863354,0.986301369863014,0.00150602409638554,0.0172684458398744,0,0.95852534562212,0,0.00775193798449612,0,0,0.987841945288754,0.00152671755725191,0.0123839009287926,0,0.00952380952380952,0.0110410094637224,0.0109375,0.00154320987654321,0.0015748031496063,0.0062111801242236,0.00161550888529887,0.98937784522003,0.00770416024653313,0,0,0,0.0108695652173913,0,0.987748851454824,0.00306278713629403,0,0,0.0062111801242236,0.0122887864823349,0,0.00947867298578199,0.010752688172043,0.988041853512706,0.0043859649122807,0,0.0134128166915052,0.00615384615384615,0.0109204368174727,0,0.00917431192660551,0,0.0124416796267496,0.0062992125984252,0.00914634146341463,0.0137614678899083,0.0123456790123457,0.00152671755725191,0.0127388535031847,0.0135135135135135,0,0.00152671755725191,0.0109375,0.00773993808049536,0,0.012326656394453,0.0127186009538951,0.00900900900900901,0.0138036809815951,0.989164086687306,0,0.0137614678899083,0,0.988924050632911,0.00923076923076923,0.998432601880878,0,0.0121028744326778,0.0125984251968504,0.996835443037975,0.0169230769230769,0.00312989045383412,0.0142405063291139,0,0.00773993808049536,0.0110759493670886,0.00157232704402516,0.00303490136570561,0.00619195046439629,0.988941548183254,0,0.0126582278481013,0.0109034267912773,0.00308166409861325,0.0122699386503067,0.0147058823529412,0,0.992331288343558,0.0122511485451761,0.0123839009287926,0.00614439324116743,0.00605143721633888,0,0.0123839009287926,0.00309119010819165,0.0144,0.996932515337423,0.00622083981337481,0.00470957613814757,0.00612557427258806,0.989393939393939,0.00158227848101266,0.0121951219512195,0.00610687022900763,0,0,0.989409984871407,0.989425981873112,0.0117474302496329,0.00757575757575758,0.986404833836858,0.00762195121951219,1,0.992458521870287,0.985781990521327,0.0139103554868624,0.989280245022971,0.0109546165884194,0.00765696784073507,0.0105105105105105,0.013595166163142,0.987596899224806,0.989010989010989,0.0108695652173913,0.00757575757575758,0.00914634146341463,0,0.993670886075949,0.0302571860816944,0.00303951367781155,0.0141287284144427,0.00305810397553517,0.00154083204930663,0.990783410138249,0.00907715582450832,0,0.0125588697017268,0,0.989296636085627,0,0.00154798761609907,0.00327868852459016,0.0122887864823349,0.989180834621329,0.0104011887072808,0.010590015128593,0.0105740181268882,0.992272024729521,0,0.00819672131147541,0,0.0138248847926267,0.00747384155455904,0,0.0137614678899083,0.00154559505409583,0.00753012048192771,0,0.00312989045383412,0.0107033639143731,1,0,0.0108024691358025,0,0.00464396284829721,0.014018691588785,0.989345509893455,0,0.00777604976671851,0.00152439024390244,0.0121028744326778,0,0,0.00321027287319422,0.00745156482861401,0.00904977375565611,0.0108359133126935,0.00784929356357928,0.987460815047022,0.0121765601217656,0,0.0078003120124805,0.00803858520900321,0,0.0122887864823349,0.0124610591900312,0.00923076923076923,0.00299850074962519,0.00927357032457496,0,0,0.012326656394453,0.0248447204968944,0.98937784522003,0.989113530326594,0.0109717868338558,0.00950871632329636,0,0.010989010989011,0.0107361963190184,0,0.00784929356357928,0.00788643533123028,0.029940119760479,0.98956780923994,0.010752688172043,0.015527950310559,0.0121765601217656,0.00768049155145929,0.989520958083832,0.00769230769230769,0.00933125972006221,0,0.0108527131782946,0,0.00592592592592593,0.00628930817610063,0.00900900900900901,0,0.017515923566879,0.0122511485451761,0.00924499229583975,0.0172955974842767,0.0217391304347826,0.0108024691358025,0.00753012048192771,0.995495495495496,0.00455927051671732,0.00460122699386503,0,0.00778816199376947,0.010752688172043,0.00775193798449612,0.0104790419161677,0.766768292682927,0,0.987841945288754,0.0077639751552795,0,0,0,0.99388379204893,0.00757575757575758,0.00758725341426404,0.00925925925925926,0.0136157337367625,0,0,0.986526946107784,0.987711213517665,0,0,0,0.98937784522003,0,0.00920245398773006,0.56752655538695,0.00155038759689922,0.00783699059561128,0.0153846153846154,0.009375,0.0060882800608828,0.0060790273556231,0.987878787878788,0.0103703703703704,0.0015748031496063,0.00155038759689922,0.014903129657228,0.012012012012012,0.00153139356814701,0.992412746585736,0.00917431192660551,0.00904977375565611,0.989164086687306,0.0134932533733133,0,0.0112179487179487,0.00305343511450382,0.989197530864197,0.998470948012232,0.00157728706624606,0.00773993808049536,0,0,0.998459167950693,0.987240829346092,0.00745156482861401,0,0.0112540192926045,0.00152671755725191,0.0121396054628225,0,0.00462962962962963,0.00158982511923688,0.0142857142857143,0,0,0.995412844036697,0,0.987748851454824,0.0105740181268882,0.157392686804452,0.0118168389955687,0,0.0125588697017268,0.987823439878234,0.00299850074962519,0.00313479623824451,0.00930232558139535,0.987240829346092,0.0122324159021407,0.988924050632911,0,0.0121580547112462,0.989280245022971,0.0289634146341463,0.00946372239747634,0.00460122699386503,0.0110062893081761,0,0.9859375,0.010752688172043,0,0.988095238095238,0.00454545454545455,0,0,0.00626959247648903,0.0125195618153365,0.0105421686746988,0.0138674884437596,0.0109717868338558,0.986217457886677,0.00930232558139535,1,0.0228658536585366,0,0.0091324200913242,0.0138674884437596,0.012012012012012,0.013719512195122,0.911450381679389,0,0.0111464968152866,0.00764525993883792,0.00759878419452888,0.0122699386503067,0.0107361963190184,0.0122324159021407,0.989473684210526,0.989425981873112,0.0118518518518519,0.987878787878788,0,0.990909090909091,0.00930232558139535,0,0.0031201248049922,0,0.0125195618153365,0.986196319018405,0,0.0137825421133231,0.0122324159021407,0.0046656298600311,0.00147710487444609,0.0014792899408284,0,0.0046583850931677,0,0.00154559505409583,0.00155763239875389,0.00156739811912226,0.00770416024653313,0,0.987538940809969,0,0.0205371248025276,0.00792393026941363,0.0429447852760736,0.00150829562594268,0.00464396284829721,0.0137825421133231,0.0135746606334842,0.0126782884310618,0.0109717868338558,0.0109717868338558,0.0109375,0,0.00306278713629403,0.0122699386503067,0,0,0.00928792569659443,1,0.0122137404580153,0.00773993808049536,0.987460815047022,0,0.987730061349693,0.00771604938271605,0.988853503184713,0.0106544901065449,0.0122511485451761,0,0.00768049155145929,0.0137825421133231,0.004739336492891,0.00307219662058372,0.0326594090202177,0.989312977099237,0.990654205607477,0.008,0.00443131462333826,0.0107197549770291,0.98936170212766,0.989473684210526,0,0.00151057401812689,0.00305810397553517,0.986280487804878,0,0.98936170212766,0.0111464968152866,0.00934579439252336,0.0263157894736842,0.0015220700152207,0.987987987987988,0.00318471337579618,0.00460829493087558,0.0106870229007634,0.00749625187406297,0.00617283950617284,0,0.0110584518167457,0.883720930232558,0.0144230769230769,0.993720565149137,0.0105580693815988,0.996978851963746,0.0110410094637224,0,0.369327073552426,0.990867579908676,0.990610328638498,0.00612557427258806,0.00794912559618442,0.0214723926380368,0.00603318250377074,0,0,0.00925925925925926,0.0121212121212121,0.992050874403816,0,0.00918836140888208,0.98780487804878,0.0126382306477093,0.00909090909090909,0,0.969183359013868,0,0.0122137404580153,0.00311526479750779,0,0,0,0.00632911392405063,0.00149925037481259,0.0093603744149766,0.987616099071207,0.00928792569659443,0.0121212121212121,0.996894409937888,0.987711213517665,0,0.990712074303406,0,0.00927357032457496,0.00643086816720257,0,0,0.0109717868338558,0.0154083204930663,0.00153846153846154,0.963358778625954,0,0.912698412698413,0.973724884080371,0.987519500780031,0.158555729984301,0,0,0.0060882800608828,0,0.9671875,0.956989247311828,0,0.975039001560062,0.990521327014218,0.939814814814815,0.969418960244648,0.956989247311828,0,0.964831804281346,0,0,0.965678627145086,0,0.918836140888208,0,0.0502283105022831,0,0
"729",0.996879875195008,1,0.97112462006079,0.937984496124031,0.984101748807631,1,0.886792452830189,0.974045801526718,1,0,1,0,0.567901234567901,1,0.0458715596330275,0.00763358778625954,0,0.0167427701674277,0.998439937597504,0.983024691358025,0.16,0.0369181380417336,0.987823439878234,0,0.958841463414634,0.255023183925811,0.110248447204969,0.987321711568938,0.465568862275449,0.699088145896657,0,0.686821705426357,0.761075949367089,0.280487804878049,0,1,0.0152905198776758,0.993865030674847,0.261584454409567,0.917933130699088,0.00156494522691706,0.0181818181818182,0.00758725341426404,1,0.778309409888357,0.0236593059936909,0.512345679012346,0,0.463963963963964,0.140060240963855,0,0.992331288343558,0.266975308641975,1,0.868217054263566,0.162204724409449,0,0.973643410852713,0.956723338485317,0.895612708018154,0.299093655589124,0.43030303030303,0,0,0.9,0.833841463414634,0,0.990697674418605,0,0,0.860182370820669,0.00758725341426404,0.0184899845916795,1,0,0.703647416413374,0.0440060698027314,0.585106382978723,0.894488188976378,0.264705882352941,0,0.709090909090909,0.213213213213213,0.998480243161094,0.113149847094801,0.912844036697248,0.99537037037037,0.96390977443609,0.97125567322239,0.012012012012012,0.986322188449848,1,0,0,0.969936708860759,0,0.286149162861492,0.984567901234568,0.00762195121951219,0.00930232558139535,0.606758832565284,0,0.283048211508554,1,0.0971168437025797,1,0.0108191653786708,0.976958525345622,0,0.00769230769230769,0.00920245398773006,0.901253918495298,0.334869431643625,0.992236024844721,0,0.984662576687117,0.721884498480243,0,0,0.243410852713178,0,0.766871165644172,0.246223564954683,0.0818897637795276,0.973886328725038,0.149321266968326,0.997001499250375,0.996965098634294,0,0.541666666666667,0.938461538461538,0.503164556962025,0.990639625585023,0,0.993690851735016,0.0240601503759399,0,0.204724409448819,0.632716049382716,0.507936507936508,0,0,0.975460122699387,0.76103500761035,0.175632911392405,1,0.0062402496099844,0.924698795180723,0.43171114599686,0.981707317073171,0.131329113924051,0.986175115207373,1,0.838612368024133,0.993817619783617,0,1,0,0,0.7425431711146,0.867669172932331,0.986259541984733,0.016566265060241,0,1,0.452418096723869,1,1,1,0.285714285714286,0.97869101978691,0.00155038759689922,0.950075642965204,0,0.88646967340591,0.372907153729072,0,0.982919254658385,0,0.848392036753446,1,0.122887864823349,0.984732824427481,0.947692307692308,0.99112426035503,0.971036585365854,0.0921658986175115,0.381024096385542,0.920382165605096,0.939873417721519,0.0505359877488515,0.00611620795107034,0.981308411214953,0.841538461538462,0,0,0.290964777947933,0.0015527950310559,1,0.259036144578313,0.862284820031299,0.764350453172205,0.991017964071856,0.423622047244094,0.45565749235474,0.290625,0.918461538461538,0.962732919254658,0.875766871165644,0,0.886328725038402,0.1728,0.946708463949843,0,0.0664652567975831,0.526964560862866,0.976671850699845,0.97869101978691,0.822804314329738,1,0.887519260400616,0,0.0700152207001522,0.655688622754491,0.993710691823899,0,0.990895295902883,0.980597014925373,0.542056074766355,0.563358778625954,0.9890625,1,0.355242566510172,0,0.880368098159509,0.509287925696594,0.9696,0,0.951807228915663,1,1,0.954545454545455,0.527439024390244,0.00157232704402516,0.969040247678019,0.544764795144158,0.0045045045045045,0.00149925037481259,0.200626959247649,0,0.146645865834633,0.661094224924012,0,0.00304878048780488,0.00900900900900901,0.579425113464448,0.0393081761006289,0.985826771653543,0.0140405616224649,0,0,0.211598746081505,1,0.98297213622291,0.895705521472393,0,0.865625,0.858447488584475,0.693623639191291,0.590697674418605,0.459665144596651,0.466876971608833,0.013719512195122,1,0.0877458396369138,0.705414012738854,0.964230171073095,0.0106382978723404,0.74347158218126,0.0015600624024961,0.127245508982036,1,1,0.882445141065831,0,0.630699088145897,0.872868217054264,0,0,0.885542168674699,0.982945736434109,0,0.00150375939849624,0.00152671755725191,0.982649842271293,0.876971608832808,0,0,0.382262996941896,0.992295839753467,0.782674772036474,0.390839694656489,0.654205607476635,0.961538461538462,0.00920245398773006,1,1,0.00617283950617284,0.96319018404908,1,0.979233226837061,0.996927803379416,0.198461538461538,0.305007587253414,0.290372670807453,0.974803149606299,0.939393939393939,0.0525502318392581,0.272585669781931,0.975460122699387,0.160796324655436,0.315396113602392,0.993827160493827,0.996879875195008,0.967889908256881,0.6890625,0.997014925373134,0.253499222395023,0.966257668711656,0.99685534591195,0,0.329754601226994,0.5421875,0.0184331797235023,0.0569230769230769,0.00603318250377074,0.909785932721712,0.0273972602739726,0,0,0.240853658536585,0.9921875,0.0687022900763359,0.987220447284345,0.969418960244648,0.987577639751553,0.281200631911532,0.279483037156704,0.677469135802469,0.471061093247588,0,0.81832298136646,0.0121951219512195,0.0422322775263952,0.195751138088012,1,0.00153609831029186,0,0.328725038402458,0.00904977375565611,0.0203761755485893,0.47360248447205,1,0.286392405063291,1,0.975155279503106,0,0.991189427312775,0,0.998498498498498,0.833846153846154,1,0.00924499229583975,0.97869101978691,0,0.887692307692308,0.713836477987421,0.944108761329305,0.989263803680982,0.996923076923077,0.289877300613497,0.964506172839506,1,0,0.0246153846153846,1,1,0.332312404287902,0.891304347826087,0.963492063492064,0.950075642965204,1,0,0.117554858934169,1,0.00154320987654321,0,0.967032967032967,0.0111111111111111,0.0452418096723869,1,0.9671875,0.0046656298600311,0.617647058823529,0.418604651162791,0.984520123839009,0.00157728706624606,0.868012422360248,0.996875,0.363494539781591,0.596625766871166,0.786377708978328,0,0.159264931087289,0.978294573643411,0.998439937597504,0.450229709035222,1,0.969055374592834,0.0293663060278207,0.00154083204930663,0.986259541984733,0.993779160186625,0.949386503067485,0.689393939393939,0.00618238021638331,0.866153846153846,0.23644578313253,0.172920065252855,0.00612557427258806,0.626356589147287,0.606864274570983,0.607033639143731,0,0.285939968404423,0.909647779479326,0.644274809160305,0.512977099236641,0.0833333333333333,0,0,1,0.977443609022556,0,0.924265842349305,0.0109034267912773,0,0,0.998444790046656,0,1,0.763157894736842,0.520300751879699,1,0,0,0.992295839753467,0.959641255605381,0.715568862275449,0,0.00157977883096367,0.865761689291101,0.582952815829528,1,0.535552193645991,0.34850863422292,0,0.978883861236802,0,0.956318252730109,0.0957613814756672,0,0.00598802395209581,0.116279069767442,0.504792332268371,0.971080669710807,0,0.95619335347432,0.974242424242424,1,0,0.0707547169811321,0.94336569579288,0.00322061191626409,1,1,0.00920245398773006,1,0.297674418604651,0.806501547987616,0.00930232558139535,0.157643312101911,0.956856702619414,0.0110062893081761,0,0.975867269984917,0.00636942675159236,0.647425897035881,0.385466034755134,0,0.10381679389313,0.735015772870662,0.25462962962963,0.978593272171254,0,0.143518518518519,0.469155844155844,0.945864661654135,0.882530120481928,0.966153846153846,0.741732283464567,0,0.98030303030303,0,0.969135802469136,0.392063492063492,0,1,1,1,0.635367762128325,0.987692307692308,0.11993769470405,0.183098591549296,0.943768996960486,0.870426829268293,0,0,0.992163009404389,0.932917316692668,0.0140625,0.983050847457627,0.992354740061162,0.360182370820669,0.932601880877743,0.725,0.87556904400607,0,0.965891472868217,0.324881141045959,1,0.998482549317147,0,0.637345679012346,0.971653543307087,0,0.678018575851393,0.379416282642089,0.805637982195846,0.68125,0.959214501510574,0.0819423368740516,0.982456140350877,1,0.978328173374613,0.2890625,0.0868217054263566,0.990783410138249,1,0.00762195121951219,0.782608695652174,0.464831804281346,0.262269938650307,0.764525993883792,1,0.879815100154083,1,0.127627627627628,0,0,0.810852713178295,0.00312989045383412,0,0.273148148148148,0,0.989473684210526,0.910741301059002,0.998470948012232,0.995440729483283,0.0870917573872473,0,0,0,0.163265306122449,0.0738461538461539,0.163328197226502,0,0,1,0.00464396284829721,0.28149300155521,1,0.577912254160363,0.975346687211094,0.661654135338346,0.632592592592593,0,1,0.389489953632148,0.488408037094281,0.914285714285714,0.986526946107784,0.393893129770992,0.010752688172043,0.956923076923077,0.95933734939759,0,0.971385542168675,0.0123647604327666,0.982456140350877,0.437216338880484,0,0.00928792569659443,0.507987220447284,0.836702954898911,0,0.136792452830189,0.0122511485451761,0.00158478605388273,0.748892171344165,0.0246153846153846,1,0.321321321321321,0.996978851963746,0,0.366111951588502,0.329211746522411,0.858712715855573,0.0961538461538462,0.00305343511450382,0.00308641975308642,0.0421875,0,0.995488721804511,0.0348101265822785,0.98355754857997,0.00475435816164818,1,0,0.515105740181269,0.457231726283048,1,0,0.998477929984779,0,0.39937106918239,0.987730061349693,0,0.632930513595166,0.98125,0.747269890795632,0.954545454545455,0.0354391371340524,0,1,0.26046511627907,0,0.688549618320611,0,0.0137404580152672,1,1,0.992447129909366,0.972006220839813,0.981072555205047,0,0.978260869565217,0.0211480362537764,0.339939024390244,0.291217257318952,0.992447129909366,0.992481203007519,0.992503748125937,0.992389649923896,0.0505359877488515,0.014018691588785,0.985483870967742,0.958397534668721,0.719083969465649,0.98,1,0.969788519637462,0,0,0.985185185185185,0,0.0634441087613293,0,0.955589586523737,0.275752773375594,0.204437400950872,0.117293233082707,0.920807453416149,0,0.0984615384615385,1,1,0.6390625,0.408284023668639,0.218795888399413,0.181543116490166,0.650621118012422,0,0.120556414219474,0.537867078825348,0.265940902021773,0.702702702702703,0.0077639751552795,0,0,0.30829420970266,1,0.614439324116744,0.216216216216216,0.619266055045872,0.869499241274659,0.992331288343558,0.957613814756672,0.981042654028436,1,0.998444790046656,0.546546546546547,0.419405320813772,0.998470948012232,0.00585651537335286,0.00744047619047619,0.870917573872473,0.0122137404580153,1,0.975609756097561,0,0.111627906976744,0,0.947286821705426,0,0.972972972972973,1,0.00755287009063444,0.839009287925697,1,0.641304347826087,0.611872146118721,0.866459627329193,0,0,0.927444794952681,0.949926362297496,0.989393939393939,0,0,0,0.246969696969697,0.516079632465544,0,0.44478527607362,0,0.922834645669291,1,0.158555729984301,0.242009132420091,0,0.350308641975309,0.595679012345679,0.874039938556068,0.965875370919881,0.770167427701674,0,0.990536277602524,0.0184049079754601,1,0,0.986404833836858,0.00769230769230769,1,0.0171339563862928,0.00473186119873817,0,0,0.828746177370031,0.927330173775671,0.932824427480916,0.724085365853659,0.025297619047619,0.0046656298600311,0.830985915492958,0.838565022421525,0,0.0153846153846154,0.966153846153846,0,0.984051036682616,0.957767722473605,0.0660522273425499,0.0418604651162791,0.00307219662058372,1,0.47360248447205,0.0747663551401869,0.101105845181675,0.114155251141553,0.681962025316456,0.1,1,0,0.761755485893417,0.980332829046899,0.00311526479750779,0,0,0,0,1,0.717868338557994,0,0,0.533950617283951,0.955905511811024,0.435897435897436,0.0526315789473684,0.00157728706624606,0.0591054313099042,0.0182648401826484,0,0.0294573643410853,0.00595238095238095,0.00156494522691706,0.0121765601217656,0,0.05,0.0596330275229358,0.010752688172043,0.0201550387596899,0.00627943485086342,0.0262751159196291,0.024390243902439,0.0629800307219662,0.00465116279069767,0.0198473282442748,0,0.00311526479750779,0.046656298600311,0.00609756097560976,0.0225563909774436,0,0.0347432024169184,0,0.00155763239875389
"730",0.967136150234742,0.970404984423676,0.945121951219512,0.904088050314465,0.958664546899841,0.969936708860759,0.865325077399381,0.945141065830721,0.973013493253373,0,0.972049689440994,0,0.547140649149923,0.973015873015873,0.0622083981337481,0.0279937791601866,0,0.0125984251968504,0.969793322734499,0.960753532182104,0.175654853620955,0.0617088607594937,0.966767371601209,0,0.942161339421613,0.253184713375796,0.133748055987558,0.959119496855346,0.483383685800604,0.678787878787879,0.0256024096385542,0.675840978593272,0.768273716951788,0.300157977883096,0,0.973966309341501,0.0168711656441718,0.972477064220184,0.276374442793462,0.903076923076923,0.00157977883096367,0.013953488372093,0.00605143721633888,0.973805855161787,0.759170653907496,0.0561622464898596,0.516228748068006,0.0311526479750779,0.484848484848485,0.153731343283582,0,0.968895800933126,0.274691358024691,0.968602825745683,0.855590062111801,0.193037974683544,0,0.969040247678019,0.923076923076923,0.877112135176651,0.292117465224111,0.460244648318043,0.0282131661442006,0,0.898876404494382,0.829984544049459,0,0.965891472868217,0,0.0251177394034537,0.833333333333333,0.034375,0.0424528301886792,0.975572519083969,0,0.700453857791225,0.0764525993883792,0.577223088923557,0.881172839506173,0.282679738562091,0,0.689497716894977,0.219847328244275,0.970769230769231,0.130914826498423,0.883792048929664,0.962848297213622,0.938931297709924,0.942989214175655,0.00755287009063444,0.954545454545455,0.969325153374233,0,0,0.944968553459119,0,0.292048929663609,0.955177743431221,0.00458015267175573,0.00619195046439629,0.601236476043277,0,0.288611544461778,0.972929936305732,0.13030303030303,0.97007874015748,0.00635930047694754,0.946875,0.0312989045383412,0.0354938271604938,0.0367534456355283,0.875,0.3515625,0.9671875,0,0.955315870570108,0.687595712098009,0,0.0326086956521739,0.265210608424337,0,0.7640625,0.260869565217391,0.0966719492868463,0.940092165898618,0.178625954198473,0.967492260061919,0.963133640552995,0,0.533541341653666,0.911214953271028,0.519500780031201,0.962025316455696,0,0.961722488038278,0.0515933232169954,0,0.22992125984252,0.628086419753086,0.507987220447284,0,0,0.952234206471495,0.768273716951788,0.185714285714286,0.97191887675507,0.0354938271604938,0.903726708074534,0.413629160063391,0.950075642965204,0.152996845425868,0.959938366718028,0.97339593114241,0.818181818181818,0.964451313755796,0.0316957210776545,0.968992248062015,0.0327613104524181,0,0.752365930599369,0.837837837837838,0.982839313572543,0.0430769230769231,0,0.966049382716049,0.447115384615385,0.973015873015873,0.969418960244648,0.972350230414747,0.304878048780488,0.948406676783004,0.0326086956521739,0.927272727272727,0.0315789473684211,0.866771159874608,0.374617737003058,0,0.954758190327613,0,0.840873634945398,0.970769230769231,0.144409937888199,0.955177743431221,0.918836140888208,0.971684053651267,0.943854324734446,0.128637059724349,0.390243902439024,0.892405063291139,0.91304347826087,0.08125,0.0358814352574103,0.950310559006211,0.827639751552795,0,0,0.297637795275591,0.00153846153846154,0.968181818181818,0.273006134969325,0.860062893081761,0.745341614906832,0.962235649546828,0.444790046656299,0.470404984423676,0.299212598425197,0.891849529780564,0.932917316692668,0.849772382397572,0,0.875187969924812,0.192,0.914421553090333,0.0235849056603774,0.0812883435582822,0.5234375,0.952012383900929,0.949386503067485,0.812307692307692,0.972179289026275,0.869905956112853,0,0.0971786833855799,0.668174962292609,0.971698113207547,0,0.969088098918083,0.95352323838081,0.534375,0.552307692307692,0.971742543171115,0.971246006389776,0.366614664586583,0,0.867781155015198,0.511737089201878,0.9408,0.0294117647058824,0.929323308270677,0.964285714285714,0.970858895705521,0.929906542056075,0.539274924471299,0.028436018957346,0.940438871473354,0.53680981595092,0.0315315315315315,0.0258751902587519,0.22360248447205,0.0312989045383412,0.163232963549921,0.648401826484018,0.0277777777777778,0.035548686244204,0.0401234567901235,0.573170731707317,0.0631911532385466,0.95859872611465,0.0109375,0.0249221183800623,0,0.230283911671924,0.971383147853736,0.956318252730109,0.865625,0,0.846031746031746,0.86286594761171,0.676100628930818,0.587596899224806,0.447852760736196,0.490566037735849,0.00927357032457496,0.96875,0.118098159509202,0.693163751987281,0.943485086342229,0.0416024653312789,0.737007874015748,0.0327102803738318,0.151702786377709,0.971471471471472,0.968304278922345,0.8712715855573,0,0.63312693498452,0.863565891472868,0,0.0229357798165138,0.867469879518072,0.947204968944099,0,0.031055900621118,0.0306278713629403,0.9578125,0.849206349206349,0.0271565495207668,0,0.384024577572965,0.965079365079365,0.768996960486322,0.409657320872274,0.660347551342812,0.927803379416283,0.0384615384615385,0.972685887708649,0.969088098918083,0.0330708661417323,0.941717791411043,0.972265023112481,0.995215311004785,0.975384615384615,0.213517665130568,0.333333333333333,0.288372093023256,0.946708463949843,0.913322632423756,0.0414746543778802,0.2875,0.946117274167987,0.16793893129771,0.339339339339339,0.962790697674419,0.976377952755906,0.944099378881988,0.702093397745572,0.96793893129771,0.278301886792453,0.938650306748466,0.968602825745683,0,0.337899543378995,0.540031397174254,0.0458715596330275,0.0475460122699387,0.0333333333333333,0.886821705426357,0.0538461538461538,0.0296411856474259,0,0.259780907668232,0.962616822429907,0.0900621118012422,0.956381260096931,0.945482866043614,0.957943925233645,0.290679304897314,0.294871794871795,0.67032967032967,0.469155844155844,0,0.808049535603715,0.0363086232980333,0.0682852807283763,0.215267175572519,0.971608832807571,0.0309119010819165,0,0.352134146341463,0.0367534456355283,0.054858934169279,0.477449455676516,0.972093023255814,0.290271132376396,0.980645161290323,0.9671875,0,0.964285714285714,0.027190332326284,0.970679012345679,0.822152886115445,0.977382875605816,0.0358255451713396,0.978593272171254,0.0263565891472868,0.879256965944272,0.698890649762282,0.933641975308642,0.96594427244582,0.97360248447205,0.306836248012719,0.934065934065934,0.969512195121951,0.0289193302891933,0.0553846153846154,0.968652037617555,0.973966309341501,0.328220858895706,0.886645962732919,0.939586645468998,0.93140243902439,0.969604863221885,0,0.135782747603834,0.973724884080371,0.0331230283911672,0,0.938871473354232,0.00793650793650794,0.0734375,0.96937212863706,0.9421875,0.00315955766192733,0.603100775193798,0.414285714285714,0.9578125,0.0264385692068429,0.841772151898734,0.96984126984127,0.3890625,0.608087091757387,0.76661514683153,0,0.177847113884555,0.944707740916272,0.968701095461659,0.448382126348228,0.970814132104455,0.952691680261011,0.058641975308642,0.00155763239875389,0.954128440366973,0.976415094339623,0.923913043478261,0.681538461538462,0.031496062992126,0.8352,0.244929797191888,0.174629324546952,0.00615384615384615,0.624405705229794,0.599686028257457,0.620583717357911,0,0.302694136291601,0.897356143079316,0.637345679012346,0.521870286576169,0.102255639097744,0,0,0.970014992503748,0.974164133738602,0,0.8953125,0.00943396226415094,0,0,0.973143759873618,0,0.973058637083994,0.745682888540031,0.519025875190259,0.970858895705521,0,0,0.969325153374233,0.938345864661654,0.719754977029097,0.0276497695852535,0.00158227848101266,0.846737481031866,0.598461538461538,0.967441860465116,0.524691358024691,0.357927786499215,0,0.95398773006135,0.0285261489698891,0.933858267716535,0.120743034055728,0,0.0316742081447964,0.140600315955766,0.523424878836834,0.944012441679627,0,0.924242424242424,0.946969696969697,0.972809667673716,0,0.106180665610143,0.965346534653465,0.0289389067524116,0.973846153846154,0.972560975609756,0.043010752688172,0.973684210526316,0.30030487804878,0.790625,0.0386398763523957,0.194267515923567,0.937888198757764,0.00771604938271605,0.0283464566929134,0.947611710323575,0.0377952755905512,0.657770800627943,0.386398763523957,0,0.124416796267496,0.727272727272727,0.262996941896024,0.947692307692308,0.0282574568288854,0.174846625766871,0.480582524271845,0.91566265060241,0.854545454545454,0.934681181959565,0.754716981132076,0,0.959152798789713,0.0271084337349398,1,0.384244372990354,0.033434650455927,0.972265023112481,0.973684210526316,0.970679012345679,0.634108527131783,0.962006079027356,0.147104851330203,0.205651491365777,0.925581395348837,0.857142857142857,0,0,0.959564541213064,0.906050955414013,0.0393081761006289,0.959438377535101,0.965996908809892,0.365891472868217,0.902711323763955,0.719874804381847,0.864179104477612,0,0.936630602782071,0.332298136645963,0.972136222910217,0.967289719626168,0,0.656298600311042,0.949286846275753,0.0280373831775701,0.69620253164557,0.379204892966361,0.7976011994003,0.684292379471229,0.933933933933934,0.108148148148148,0.960753532182104,0.972179289026275,0.95800933125972,0.290271132376396,0.106646058732612,0.961119751166407,0.972809667673716,0.00460122699386503,0.776579352850539,0.48159509202454,0.276729559748428,0.746130030959752,0.976851851851852,0.8546875,0.970172684458399,0.117737003058104,0.025518341307815,0,0.804347826086957,0.032967032967033,0.0248447204968944,0.29922480620155,0,0.966153846153846,0.89894419306184,0.976599063962558,0.964777947932619,0.113884555382215,0.0267295597484277,0,0,0.202551834130782,0.102803738317757,0.185471406491499,0,0.0186625194401244,0.970358814352574,0.0232558139534884,0.297507788161994,0.97444089456869,0.570552147239264,0.9515625,0.655487804878049,0.628012048192771,0,0.970059880239521,0.3921875,0.508607198748044,0.897125567322239,0.958461538461538,0.408736349453978,0.00930232558139535,0.923913043478261,0.926493108728943,0,0.941176470588235,0.0446153846153846,0.950715421303657,0.459293394777266,0,0.00619195046439629,0.507293354943274,0.8125,0.0279503105590062,0.157643312101911,0.00918836140888208,0.00157728706624606,0.723981900452489,0.0470219435736677,0.964169381107492,0.340523882896764,0.964723926380368,0.0275229357798165,0.383435582822086,0.33596214511041,0.853269537480064,0.119617224880383,0.0305343511450382,0.00305343511450382,0.0635658914728682,0,0.965098634294385,0.0621019108280255,0.953383458646617,0.0279937791601866,0.969354838709677,0,0.509833585476551,0.488226059654631,0.973724884080371,0,0.96937212863706,0,0.411764705882353,0.960365853658537,0,0.629402756508423,0.954258675078864,0.741732283464567,0.923913043478261,0.0684931506849315,0,0.970948012232416,0.275752773375594,0,0.686520376175549,0.0298953662182362,0.0428134556574924,0.966929133858268,0.974803149606299,0.960725075528701,0.943485086342229,0.954186413902054,0,0.958268933539413,0.0214067278287462,0.347222222222222,0.30030959752322,0.96319018404908,0.967340590979782,0.974474474474474,0.967987804878049,0.0539291217257319,0.0420560747663551,0.964630225080386,0.941807044410414,0.721617418351477,0.947932618683001,0.967592592592593,0.944444444444444,0,0,0.989489489489489,0,0.0875576036866359,0,0.933539412673879,0.2912,0.219589257503949,0.135176651305684,0.898753894080997,0,0.131578947368421,0.971830985915493,0.96793893129771,0.644859813084112,0.413690476190476,0.221889055472264,0.201807228915663,0.647244094488189,0.024390243902439,0.142638036809816,0.532407407407407,0.294209702660407,0.698170731707317,0.0285261489698891,0,0.0294117647058824,0.322429906542056,0.972712680577849,0.601851851851852,0.244712990936556,0.624806201550388,0.849923430321593,0.978755690440061,0.937299035369775,0.94770206022187,0.969793322734499,0.968503937007874,0.548387096774194,0.423076923076923,0.973966309341501,0.0341753343239227,0.0374251497005988,0.844135802469136,0.00773993808049536,0.975609756097561,1,0,0.132605304212168,0,0.923076923076923,0,0.943251533742331,0.968798751950078,0.0388198757763975,0.812792511700468,0.967840735068913,0.636942675159236,0.605828220858896,0.856474258970359,0,0,0.916256157635468,0.919881305637982,0.958778625954198,0,0,0.0298273155416013,0.264750378214826,0.525,0,0.441538461538462,0,0.888372093023256,0.970172684458399,0.159305993690852,0.246200607902736,0,0.354889589905363,0.590979782270607,0.861963190184049,0.934250764525994,0.741691842900302,0.029320987654321,0.963949843260188,0.0139968895800933,0.976076555023923,0,0.950844854070661,0.00614439324116743,0.976377952755906,0.0474683544303797,0.029874213836478,0,0,0.818461538461538,0.908360128617363,0.912977099236641,0.724505327245053,0.0567164179104478,0.0387596899224806,0.815100154083205,0.812785388127854,0,0.0449612403100775,0.940717628705148,0,0.976114649681529,0.934049079754601,0.0942812982998454,0.0398773006134969,0.0341614906832298,0.969135802469136,0.473186119873817,0.0998439937597504,0.1216,0.149773071104387,0.689873417721519,0.124042879019908,0.968701095461659,0,0.762951334379906,0.960061443932412,0.00314465408805031,0,0.0283582089552239,0,0.0323076923076923,0.970496894409938,0.6816,0.0280373831775701,0.0267716535433071,0.5260663507109,0.925515055467512,0.458715596330275,0.0442073170731707,0.0285714285714286,0.0493630573248408,0.0170278637770898,0,0.0485133020344288,0.0319634703196347,0.0312989045383412,0.0368098159509202,0.027190332326284,0.0441640378548896,0.0511627906976744,0.0337423312883436,0.0187207488299532,0.00478468899521531,0.0248833592534992,0.0226244343891403,0.0509259259259259,0.0330188679245283,0.0214395099540582,0.0321543408360129,0.0297805642633229,0.0391236306729265,0.0264797507788162,0.0226586102719033,0.0248062015503876,0.05320813771518,0.0286144578313253,0.0307219662058372
"731",0,0,0,0,0,0,0.0142857142857143,0.00158730158730159,0,1,0,1,0,0,0,0,1,0.985623003194888,0,0,0,0,0,1,0,0,0,0,0,0,0,0,0.00164203612479475,0,1,0,0.974683544303797,0,0,0,0.9984,0.9858934169279,0.993710691823899,0,0,0,0,0,0,0,1,0,0,0,0.0125786163522013,0,1,0,0.00313971742543171,0,0,0,0,1,0,0,1,0,1,0,0,0,0,0,1,0.00156985871271586,0,0,0.00164744645799012,0,1,0,0,0,0,0,0,0,0.00315955766192733,0.990683229813665,0,0,1,1,0,1,0.0203442879499218,0,0.995305164319249,0.993630573248408,0.00967741935483871,1,0,0,0,0,0.988709677419355,0.0032,0,0,0,0.0112903225806452,0,0,1,0,0,1,0,0,1,0.00159489633173844,0,0,0,0,0,0,1,0.00628930817610063,0,0,0,1,0,0,1,0,0,0.00815660685154975,1,1,0,0,0,0,0,0,0,0,0,0,0,0,0,0,0,0,1,0,0.0046583850931677,0,0,1,0,0,0,0,0,0,0,0,0,0,0.0016025641025641,0,1,0,1,0,0,0,0,0,0,0,0,0,0,0,0,0,0,0.018957345971564,1,1,0,0.998407643312102,0,0,0.00967741935483871,0,0,0,0,0,0,0,0.00156985871271586,1,0,0,0,0,0,0.0047244094488189,0,0,0.0016,0,0,1,0,0,0,1,0,0,0.00476190476190476,0,0,0,0.0211382113821138,1,0.0108359133126935,0,0,0,0,0,0,0,0,0,0,0,0,0,0,0,0,0,0,0,0,0,0,0,0.988871224165342,0,1,0.00317965023847377,0,0,0,1,0,0.00156739811912226,0,0,0,0,0.987460815047022,0,0,0,0,0,0,0,0,0,0,0.00972447325769854,1,0,0.0130505709624796,1,0,0.0110062893081761,0.00161030595813205,1,0,0,0,0,0,1,0.0174050632911392,0,0,0,0,0,0,0,0,0,0,0,0,0,0,0,0,0.0032520325203252,0,0.955766192733017,0,0,0,0,0,0,0,0,0,0,0,0,1,0,0.00966183574879227,0,0.95253164556962,0,0,0,0,1,0,0,0,0,0,0,0,0,0,0,1,0,0,0,0,0,0,1,0,0,0,0.00324149108589951,0,0,0,0,1,0,0,0,0,0,0,0,0,0,0,0,0,0.00159744408945687,0,0,0,0,0,0,0,0,0,0,0,0,1,0,0,0,1,0,0.99184339314845,0,0,0,0.9968,0.00797448165869218,0,0,0,0,0,0,0,0,1,0,0.00159489633173844,0,0,0,0,0,0.998415213946117,0,0,0,0,0,0.00478468899521531,0,0.0150501672240803,0.996845425867508,0,0,0,1,0,0.00159235668789809,0,0,0,1,1,0,0,1,0,0.991909385113269,1,1,0,1,0,0,0.00615384615384615,0,1,1,0,0,0,0,1,0.0171073094867807,0,0,0,0,1,0,0,0.0016025641025641,0,1,0,0,0,0.00157232704402516,1,0,0,0,1,0,0,0,0,0,0,0,0,0,0,0.0016260162601626,0,0.9904,0,0,0,0,0.0128,1,0,0.00324675324675325,0,0,0,0,0,0,0,0,0,1,0,0,0,0.00483091787439614,0,0,0,0,0,0,0,0,0,0.0125,1,1,0,0,0,0,0,0,0,0,0.015600624024961,1,0,0.0176848874598071,0,0,1,0,0,0,0.00157977883096367,0,0,0,0,0,0.00321543408360129,0,0,0.0159744408945687,0.0208333333333333,0,0,0.993759750390016,0,0,0,0,0,0,0,0.763523956723339,0,1,0.00158730158730159,0,0,0,1,0,0,0,0,0,0,1,1,0,0,0,1,0,0,0.559561128526646,0,0,0.00789889415481832,0,0,0,1,0,0,0,0.00613496932515337,0,0,0.990697674418605,0,0,1,0.00154559505409583,0,0,0,1,0.993650793650794,0,0,0,0,0.990461049284579,0.99836867862969,0,0,0,0,0,0,0,0,0.00487012987012987,0,0,0.998427672955975,0,1,0,0.152709359605911,0.00152439024390244,0,0,1,0,0,0,1,0,1,0,0,1,0.0185471406491499,0,0,0.00158982511923688,0,1,0,0,1,0,0,0,0,0,0,0.00318471337579618,0,1,0,0.981366459627329,0.0205371248025276,0,0,0,0,0,0.919937205651491,0,0,0,0,0,0,0,1,1,0,1,0,0.998425196850394,0,0,0,0,0,0.998410174880763,0,0,0,0,0,0,0,0,0,0,0,0,0,0,1,0,0.0193548387096774,0,0.0283018867924528,0,0,0.0046656298600311,0,0,0,0,0,0,0,0,0,0,0.00317460317460317,0.987460815047022,0,0,1,0,1,0,1,0,0,0,0,0,0,0,0.0158478605388273,1,1,0,0,0,1,1,0,0,0,1,0,1,0,0,0.0309446254071661,0,1,0,0,0,0,0,0,0,0.894822006472492,0,1,0,0.995230524642289,0,0,0.357723577235772,1,1,0.00157728706624606,0,0.00778816199376947,0,0,0,0,0,1,0,0,1,0,0,0,0.962264150943396,0,0,0,0,0,0,0,0,0,1,0,0,0.998389694041868,1,0,1,0,0,0,0,0,0.00484652665589661,0.00475435816164818,0,0.954898911353033,0,0.903536977491961,0.971786833855799,1,0.149206349206349,0,0,0.00628930817610063,0,0.955414012738854,0.95260663507109,0,0.97258064516129,0.991869918699187,0.94620253164557,0.971653543307087,0.951104100946372,0,0.968602825745683,0,0,0.96,0,0.925117004680187,0,0.0520504731861199,0,0
"732",0.120661157024793,0.121019108280255,0.14171974522293,0.158677685950413,0.115447154471545,0.10797342192691,0.211382113821138,0.136876006441224,0.107936507936508,0,0.100638977635783,0,0.501612903225806,0.11437908496732,0.866028708133971,0.917721518987342,0,0.00161290322580645,0.110927152317881,0.127009646302251,0.808,0.896838602329451,0.1109375,0,0.151033386327504,0.75516693163752,0.828478964401295,0.120263591433278,0.625,0.3776,0.892913385826772,0.411858974358974,0.337078651685393,0.722488038277512,0,0.0983870967741935,0.00479233226837061,0.11038961038961,0.740279937791602,0.2018779342723,0,0,0,0.0992,0.316139767054908,0.889802631578947,0.561488673139159,0.891935483870968,0.572542901716069,0.877934272300469,0,0.119935170178282,0.72463768115942,0.106858054226475,0.212071778140294,0.793269230769231,0,0.122383252818035,0.134796238244514,0.201267828843106,0.732909379968203,0.655948553054662,0.886178861788618,0,0.208809135399674,0.282958199356913,0,0.118780096308186,0,0.879084967320261,0.244094488188976,0.897476340694006,0.888357256778309,0.110062893081761,0,0.410296411856474,0.856466876971609,0.521739130434783,0.211129296235679,0.703259005145798,0,0.382539682539683,0.814352574102964,0.101286173633441,0.882825040128411,0.205928237129485,0.10828025477707,0.143081761006289,0.128410914927769,0,0.121311475409836,0.100638977635783,0,0,0.150729335494327,0,0.716346153846154,0.12987012987013,0,0,0.490353697749196,0,0.714285714285714,0.104404567699837,0.850863422291994,0.108552631578947,0,0.122977346278317,0.897893030794165,0.885167464114832,0.888888888888889,0.187399030694669,0.675806451612903,0.123980424143556,0,0.117647058823529,0.383386581469649,0,0.885714285714286,0.789389067524116,0,0.353420195439739,0.752791068580542,0.86525974025974,0.13258785942492,0.961722488038278,0.10952380952381,0.10828025477707,0,0.551505546751189,0.174121405750799,0.58957654723127,0.128500823723229,0,0.110378912685338,0.874003189792663,0,0.789473684210526,0.4544,0.576158940397351,0,0,0.130016051364366,0.350565428109855,0.92358803986711,0.106451612903226,0.886363636363636,0.182108626198083,0.600977198697068,0.129890453834116,0.836120401337793,0.12199036918138,0.111650485436893,0.253164556962025,0.1,0.896210873146623,0.112877583465819,0.886178861788618,0,0.372771474878444,0.22432859399684,0.126602564102564,0.888535031847134,0,0.10459587955626,0.581320450885668,0.110016420361248,0.118971061093248,0.10031847133758,0.738782051282051,0.117647058823529,0.884244372990354,0.151515151515152,0.895148669796557,0.208333333333333,0.677367576243981,0,0.125596184419714,0,0.249201277955272,0.110759493670886,0.839805825242718,0.127962085308057,0.170886075949367,0.114374034003091,0.14218009478673,0.8544,0.643423137876387,0.182866556836903,0.158415841584158,0.858075040783034,0.884126984126984,0.126022913256956,0.226688102893891,0,0,0.737012987012987,0,0.107424960505529,0.732484076433121,0.220421393841167,0.340764331210191,0.118670886075949,0.640650406504065,0.633333333333333,0.733870967741935,0.181089743589744,0.145187601957586,0.227629513343799,0,0.212698412698413,0.792421746293245,0.152709359605911,0.892234548335975,0.858044164037855,0.565286624203822,0.130856219709208,0.13302034428795,0.2704,0.110935023771791,0.233226837060703,0,0.854430379746835,0.45253164556962,0.112929623567921,0,0.109004739336493,0.121684867394696,0.553945249597424,0.47258064516129,0.120915032679739,0.111842105263158,0.672025723472669,0,0.204761904761905,0.527093596059113,0.14497528830313,0.893141945773525,0.146875,0.109298531810767,0.104501607717042,0.148208469055375,0.530546623794212,0.8992,0.130990415335463,0.529126213592233,0.897314375987362,0.883757961783439,0.758169934640523,0.8864,0.815533980582524,0.424290220820189,0.8848,0.891891891891892,0.888188976377953,0.502362204724409,0.877250409165303,0.132137030995106,0,0.885852090032154,0,0.766721044045677,0.116883116883117,0.131921824104235,0.219047619047619,0,0.22682119205298,0.250398724082935,0.409967845659164,0.462035541195477,0.576433121019108,0.616776315789474,0,0.0906148867313916,0.857827476038339,0.385123966942149,0.150242326332795,0.878594249201278,0.338709677419355,0.893890675241158,0.823434991974318,0.110935023771791,0.110924369747899,0.20534223706177,0,0.458135860979463,0.215210355987055,0,0.895238095238095,0.205651491365777,0.1248,0,0.904761904761905,0.890850722311397,0.115894039735099,0.205592105263158,0.87953795379538,0,0.668789808917197,0.123176661264182,0.318252730109204,0.632258064516129,0.413907284768212,0.14785373608903,0.888529886914378,0.103392568659128,0.115942028985507,0.893376413570275,0.131329113924051,0.112540192926045,0.138662316476346,0.117274167987322,0.790880503144654,0.680817610062893,0.74198717948718,0.115321252059308,0.175,0.00642054574638844,0.749596122778675,0.13290113452188,0.8368,0.731437598736177,0.114649681528662,0.1184,0.142172523961661,0.43163097199341,0.0985915492957746,0.790322580645161,0.150159744408946,0.111470113085622,0,0.692429022082019,0.528180354267311,0.891410048622366,0.0047244094488189,0.877358490566038,0.197472353870458,0.884984025559105,0.894904458598726,0,0.79073482428115,0.105177993527508,0.910828025477707,0.113333333333333,0.128246753246753,0.129807692307692,0.7430441898527,0.733660130718954,0.42258064516129,0.560606060606061,0,0.280645161290323,0.888364779874214,0.86053882725832,0.79140127388535,0.107084019769357,0.887278582930757,0,0.692926045016077,0.912974683544304,0.889070146818923,0.600321027287319,0.102728731942215,0.702127659574468,0.107508532423208,0.128824476650564,0,0.123664122137405,0.884375,0.109004739336493,0.2848,0.116666666666667,0.884984025559105,0.127760252365931,0.889423076923077,0.215780998389694,0.376835236541599,0.170382165605096,0.126984126984127,0.109677419354839,0.730210016155089,0.156451612903226,0.0917721518987342,0.894819466248038,0.880837359098229,0.11219512195122,0.11038961038961,0.661927330173776,0.216981132075472,0.15025041736227,0.158833063209076,0.106012658227848,0,0.816528925619835,0.103503184713376,0.900651465798046,0,0.152845528455285,0,0.859450726978998,0.11216429699842,0.133440514469453,0,0.480392156862745,0.626817447495961,0.126229508196721,0.882447665056361,0.241042345276873,0.107317073170732,0.709677419354839,0.474763406940063,0.316558441558442,0,0.806818181818182,0.125611745513866,0.112721417069243,0.606973058637084,0.108626198083067,0.119791666666667,0.881219903691814,0,0.13258785942492,0.120967741935484,0.149350649350649,0.415481832543444,0.887254901960784,0.234248788368336,0.753532182103611,0.788659793814433,0,0.495081967213115,0.492682926829268,0.475961538461538,0,0.70655737704918,0.187399030694669,0.465079365079365,0.507223113964687,0.824534161490683,0,0,0.106646058732612,0.136724960254372,0,0.1824,0,0,0,0.112745098039216,0,0.113861386138614,0.33974358974359,0.572769953051643,0.104851330203443,0,0,0.116987179487179,0.15600624024961,0.389937106918239,0.892913385826772,0,0.212361331220285,0.487261146496815,0.113821138211382,0.540284360189573,0.661764705882353,0,0.125,0.895174708818636,0.160194174757282,0.842880523731588,0,0.882995319812793,0.896890343698854,0.598319327731092,0.130016051364366,0,0.155015197568389,0.128617363344051,0.104430379746835,0,0.854545454545454,0.157804459691252,0.888333333333333,0.102964118564743,0.103011093502377,0.88,0.108766233766234,0.72408293460925,0.272583201267829,0.880718954248366,0.794788273615635,0.150554675118859,0,0.891233766233766,0.138535031847134,0.883031301482702,0.454397394136808,0.581967213114754,0,0.82615629984051,0.355481727574751,0.763492063492063,0.128410914927769,0.892455858747994,0.805422647527911,0.626689189189189,0.151898734177215,0.211180124223602,0.151612903225806,0.352657004830918,0,0.122641509433962,0.890127388535032,0.135483870967742,0.654424040066778,0.8828125,0.10223642172524,0.110210696920583,0.102605863192182,0.459150326797386,0.125,0.821717990275527,0.799674267100977,0.153724247226624,0.218093699515347,0,0,0.106451612903226,0.169902912621359,0.901153212520593,0.1256038647343,0.119617224880383,0.689102564102564,0.158154859967051,0.384364820846906,0.21259842519685,0,0.143780290791599,0.7024,0.106109324758842,0.110932475884244,0,0.472668810289389,0.123355263157895,0.883606557377049,0.414634146341463,0.622977346278317,0.320433436532508,0.402597402597403,0.154205607476636,0.839622641509434,0.115131578947368,0.11525974025974,0.130081300813008,0.717607973421927,0.802250803858521,0.12621359223301,0.106583072100313,0,0.330658105939005,0.632850241545894,0.712439418416801,0.313694267515924,0.104501607717042,0.233766233766234,0.105008077544426,0.132075471698113,0.899173553719008,0,0.285714285714286,0.88562091503268,0.894060995184591,0.710610932475884,0,0.124006359300477,0.192125984251969,0.0996784565916399,0.110754414125201,0.838762214983713,0.897106109324759,0,0,0.8,0.859450726978998,0.787878787878788,0,0.88529886914378,0.102523659305994,0.372611464968153,0.737439222042139,0.112211221122112,0.506410256410256,0.145662847790507,0.418269230769231,0.435257410296412,0,0.105263157894737,0.663974151857835,0.581967213114754,0.187993680884676,0.111811023622047,0.637096774193548,0,0.156957928802589,0.14622641509434,0,0.129485179407176,0.878205128205128,0.126903553299492,0.63391442155309,0,0,0.574829931972789,0.25686591276252,0.898089171974522,0.80655737704918,0,0,0.333853354134165,0.903225806451613,0.109243697478992,0.690095846645367,0.111811023622047,0.896825396825397,0.660287081339713,0.661788617886179,0.241322314049587,1,0.880763116057234,0,0.87192118226601,0,0.118195956454121,0.716917922948074,0.123100303951368,0.887622149837134,0.105436573311367,0,0.5311004784689,0.633440514469453,0.106796116504854,0,0.121835443037975,0,0.63,0.12480252764613,0,0.451510333863275,0.123778501628664,0.350649350649351,0.15257048092869,0.877388535031847,0,0.101286173633441,0.732113144758735,0,0.4224,0.890076335877863,0.888,0.099510603588907,0.1152,0.118564742589704,0.12258064516129,0.11620294599018,0,0.132165605095541,0,0.69701726844584,0.689102564102564,0.117554858934169,0.124401913875598,0.109872611464968,0.113418530351438,0.0365079365079365,0.894060995184591,0.12248322147651,0.138755980861244,0.390048154093098,0.126365054602184,0.113418530351438,0.147909967845659,0,0,0.129969418960245,0,0.853312302839117,0.00161812297734628,0.146496815286624,0.70957095709571,0.767710049423394,0.810047095761381,0.1872,0,0.8384,0.113057324840764,0.109697933227345,0.435772357723577,0.655963302752294,0.852134146341463,0.784591194968553,0.4375,0.897151898734177,0.828298887122417,0.539074960127592,0.766990291262136,0.409888357256778,0.883306320907618,0,0.898713826366559,0.715702479338843,0.110367892976589,0.445705024311183,0.759433962264151,0.491961414790997,0.227344992050874,0.114906832298137,0.139767054908486,0.128500823723229,0.119672131147541,0.122186495176849,0.496038034865293,0.591639871382637,0.10702875399361,0.892141756548536,0.900630914826498,0.226114649681529,0,0.111627906976744,0.132605304212168,0,1,0,0.151465798045603,0,0.1312,0.115384615384615,0.8848,0.266025641025641,0.105095541401274,0.455573505654281,0.462639109697933,0.224358974358974,0,0,0.182579564489112,0.167682926829268,0.121794871794872,0,0,0.898502495840266,0.778125,0.581583198707593,0,0.588516746411483,0,0.182707993474715,0.113268608414239,0.757425742574257,0.80379746835443,0,0.645528455284553,0.485436893203884,0.226537216828479,0.14488188976378,0.334394904458599,0.892857142857143,0.122719734660033,0.0831973898858075,0.100164203612479,0,0.124409448818898,0,0.100977198697068,0.882258064516129,0.555374592833876,0,0,0.268174474959612,0.176567656765677,0.150554675118859,0.365203761755486,0.865203761755486,0.885807504078303,0.268057784911718,0.234836702954899,0,0.882258064516129,0.130148270181219,0,0.125611745513866,0.152037617554859,0.850722311396469,0.00475435816164818,0.883116883116883,0.105678233438486,0.558252427184466,0.845295055821372,0.836700336700337,0.829953198127925,0.421138211382114,0.894154818325434,0.108766233766234,0,0.361022364217252,0.130298273155416,0,0,0.896284829721362,0,0.883116883116883,0.110584518167457,0.399334442595674,0.894909688013136,0.882736156351791,0.553745928338762,0.141914191419142,0.663987138263666,0.0047244094488189,0.892156862745098,0.0494233937397035,0.00625978090766823,0,0.743548387096774,0.885448916408669,0.887438825448613,0.881889763779528,0.890675241157556,0.00481540930979133,0.00483091787439614,0.8752,0.0048,0.00329489291598023,0.0192307692307692,0.00157232704402516,0.00635930047694754,0.882539682539683,0.00961538461538462,0.891803278688525,0.891410048622366,0.00485436893203883,0.883683360258481,0.0410094637223975,0.888188976377953,0.822784810126582,0.892018779342723,0.883757961783439
"733",0,0,0,0,0,0,0.0127591706539075,0,0,1,0,1,0,0,0,0,1,0.982785602503912,0,0,0,0,0,1,0,0,0,0.00158982511923688,0,0,0,0,0.00158730158730159,0,1,0,0.981424148606811,0,0,0,1,0.981366459627329,0.993788819875776,0,0,0,0,0,0,0,1,0,0,0,0.0127186009538951,0,1,0,0.00153846153846154,0,0,0,0,1,0,0,1,0,1,0,0,0,0,0,1,0.00151745068285281,0,0,0.0016,0,1,0,0,0,0,0,0,0,0.00465116279069767,0.98613251155624,0,0,1,1,0,1,0.015600624024961,0,0.992331288343558,0.990491283676704,0.0110584518167457,1,0,0,0,0,0.987421383647799,0.00156985871271586,0,0,0,0.015552099533437,0,0,1,0,0,1,0,0,1,0.00156985871271586,0,0,0,0,0,0,1,0.00627943485086342,0,0,0,1,0,0,1,0,0,0.0064,1,1,0,0,0,0,0,0,0,0,0,0,0,0,0,0,0,0,1,0,0.00459418070444104,0,0,1,0,0,0,0,0,0,0,0,0,0,0.00318979266347687,0,1,0,1,0,0,0,0,0,0,0,0,0,0,0,0,0,0,0.0202808112324493,1,1,0,1,0,0,0.0110410094637224,0,0,0,0,0,0,0,0.0015527950310559,1,0,0,0,0,0,0.00470219435736677,0,0,0.00157232704402516,0,0,1,0,0,0,1,0,0,0.0062111801242236,0,0,0,0.0202808112324493,1,0.0154320987654321,0,0,0,0,0,0,0,0,0,0,0,0,0,0,0,0,0,0,0,0,0,0,0,0.987460815047022,0,1,0.00316455696202532,0,0,0,1,0.00161290322580645,0.00308166409861325,0,0,0,0,0.987421383647799,0,0,0,0,0,0,0,0,0,0,0.0144230769230769,1,0,0.015527950310559,1,0,0.0138461538461538,0,1,0,0,0,0,0,1,0.0171875,0,0,0,0,0,0,0,0,0,0,0,0,0,0,0,0,0.00157728706624606,0,0.948356807511737,0,0,0,0,0,0,0,0,0,0,0,0,1,0,0.00638977635782748,0,0.942724458204334,0,0,0,0,1,0,0,0,0,0,0,0,0,0,0,1,0,0,0,0,0,0,1,0,0,0,0.0031496062992126,0,0,0,0,1,0,0,0,0,0,0,0,0,0,0,0,0,0.003125,0,0,0,0,0,0,0,0,0,0,0,0,1,0,0,0,1,0,0.988817891373802,0,0,0,0.996830427892235,0.00949367088607595,0,0,0,0,0,0,0,0,1,0,0,0,0,0,0,0,1,0,0,0,0,0,0.0047244094488189,0,0.0147783251231527,0.993740219092332,0,0,0,1,0,0.00158478605388273,0,0,0,1,1,0,0,1,0,0.987117552334944,1,1,0,1,0,0.0015552099533437,0.00613496932515337,0,1,1,0,0,0,0,0.996768982229402,0.0199386503067485,0,0,0,0,1,0,0,0.00159489633173844,0,1,0,0,0,0.0015552099533437,1,0,0,0,1,0,0,0,0,0,0,0,0,0,0,0.00160771704180064,0,0.988976377952756,0,0,0,0,0.0109546165884194,1,0,0.00315457413249211,0,0,0,0,0,0,0,0,0,1,0,0,0,0.00479233226837061,0,0,0,0,0,0,0,0,0,0.0141065830721003,1,1,0,0,0,0,0,0,0,0,0.0181268882175227,1,0,0.017515923566879,0,0,1,0,0,0,0.0015748031496063,0,0,0,0,0,0.00158982511923688,0,0,0.0161290322580645,0.0252764612954186,0,0,0.992272024729521,0,0,0,0,0,0,0,0.756923076923077,0,1,0.00156739811912226,0,0,0,1,0,0,0,0,0,0,1,1,0,0,0,1,0,0,0.564341085271318,0,0,0.00925925925925926,0,0,0,1,0,0,0,0.00306278713629403,0,0,0.990625,0,0,1,0.00152671755725191,0,0,0,1,0.990610328638498,0,0,0,0,0.987519500780031,1,0,0,0,0,0,0,0,0,0.00473186119873817,0,0,0.998427672955975,0,1,0,0.163987138263666,0,0,0,1,0,0,0,1,0,1,0,0,1,0.0184331797235023,0,0,0.00160513643659711,0,1,0,0,1,0,0,0,0,0,0,0.00473186119873817,0.00160771704180064,1,0,0.976708074534162,0.0184899845916795,0,0,0,0,0,0.9140625,0,0,0,0,0,0,0,1,1,0,1,0,0.998394863563403,0,0,0,0,0,0.998427672955975,0,0,0,0,0,0,0,0,0,0,0,0,0,0,1,0,0.0176,0,0.0294117647058824,0,0,0.00460122699386503,0,0.00159744408945687,0,0,0,0,0,0,0,0,0.00312989045383412,0.987730061349693,0,0,1,0,1,0,1,0,0,0,0,0,0.00156739811912226,0,0.0187207488299532,1,1,0,0,0,1,1,0,0,0,1,0,1,0,0,0.0332278481012658,0,1,0,0,0,0,0,0,0,0.905660377358491,0,1,0,0.990610328638498,0,0,0.368670886075949,1,1,0.00154320987654321,0,0.0077639751552795,0,0,0,0,0,1,0,0,1,0,0,0,0.954828660436137,0,0,0,0,0,0,0,0,0,1,0,0,0.995238095238095,1,0,1,0,0,0,0,0,0.00642054574638844,0.0031201248049922,0,0.944869831546707,0,0.900641025641026,0.978227060653188,1,0.162939297124601,0,0,0.00465116279069767,0,0.948717948717949,0.936630602782071,0,0.978361669242658,0.992,0.957142857142857,0.975155279503106,0.937212863705972,0,0.976452119309262,0,0,0.950949367088608,0,0.940548780487805,0,0.0599369085173502,0,0
"734",0.956869009584665,0.94383775351014,0.950233281493002,0.914653784219002,0.969354838709677,0.954248366013072,0.885483870967742,0.959247648902821,0.945038167938931,0,0.949606299212598,0,0.603448275862069,0.946031746031746,0.102803738317757,0.0588235294117647,0,0.0189274447949527,0.951534733441034,0.950310559006211,0.208722741433022,0.0854838709677419,0.940902021772939,0,0.9125,0.288888888888889,0.15814696485623,0.940609951845907,0.507788161993769,0.705148205928237,0.0491551459293395,0.72884012539185,0.79454253611557,0.335453100158982,0,0.957413249211357,0.0122324159021407,0.945820433436533,0.292974588938714,0.880877742946709,0.00158982511923688,0.0170278637770898,0.00465116279069767,0.949367088607595,0.780130293159609,0.072463768115942,0.557324840764331,0.04858934169279,0.500768049155146,0.181679389312977,0,0.943661971830986,0.31911532385466,0.952456418383518,0.872,0.201288244766506,0,0.938511326860841,0.925,0.921174652241113,0.339622641509434,0.477308294209703,0.0497592295345104,0,0.881789137380192,0.814465408805031,0,0.94620253164557,0,0.0529695024077047,0.848062015503876,0.0579937304075235,0.0670826833073323,0.952380952380952,0,0.743390357698289,0.0880989180834621,0.606583072100313,0.881410256410256,0.318181818181818,0,0.744548286604361,0.242236024844721,0.947784810126582,0.170616113744076,0.900306748466258,0.954330708661417,0.949843260188088,0.930489731437599,0.00467289719626168,0.954471544715447,0.951026856240126,0,0,0.936790923824959,0,0.328703703703704,0.941915227629513,0.00619195046439629,0.00782472613458529,0.627358490566038,0,0.306320907617504,0.947535771065183,0.151468315301391,0.951377633711507,0.00641025641025641,0.955625990491284,0.0535433070866142,0.0582677165354331,0.053125,0.893312101910828,0.378548895899054,0.946287519747235,0,0.9671875,0.744514106583072,0,0.0488188976377953,0.274167987321712,0,0.788888888888889,0.279434850863422,0.122778675282714,0.959876543209877,0.188976377952756,0.951863354037267,0.953198127925117,0,0.55625,0.916139240506329,0.513513513513513,0.941935483870968,0,0.952768729641694,0.0716510903426791,0,0.25518341307815,0.667731629392971,0.523424878836834,0,0,0.986003110419907,0.764890282131661,0.222402597402597,0.957074721780604,0.0522151898734177,0.914728682170543,0.446774193548387,0.95619335347432,0.176565008025682,0.938485804416404,0.949180327868852,0.830482115085537,0.954758190327613,0.0487012987012987,0.948194662480377,0.0544,0,0.745571658615137,0.852986217457887,0.943251533742331,0.0622083981337481,0,0.948837209302326,0.498376623376623,0.950819672131147,0.952681388012618,0.956521739130435,0.3328173374613,0.979591836734694,0.0429252782193959,0.92530487804878,0.0491551459293395,0.890649762282092,0.412044374009509,0,0.938176197836167,0,0.840764331210191,0.94811320754717,0.163166397415186,0.965023847376789,0.918622848200313,0.939209726443769,0.940717628705148,0.141744548286604,0.428351309707242,0.911290322580645,0.921474358974359,0.107936507936508,0.0560747663551402,0.9536,0.845440494590417,0,0,0.335949764521193,0.00156494522691706,0.95679012345679,0.293846153846154,0.85828025477707,0.754198473282443,0.955177743431221,0.4672,0.45679012345679,0.329052969502408,0.902668759811617,0.925750394944708,0.868012422360248,0,0.849144634525661,0.211974110032362,0.987179487179487,0.0521327014218009,0.120795107033639,0.565420560747664,0.929712460063898,0.947040498442368,0.834384858044164,0.95800933125972,0.893987341772152,0,0.121069182389937,0.679447852760736,0.953525641025641,0,0.94435857805255,0.955927051671733,0.575235109717868,0.58740157480315,0.937694704049844,0.948136142625608,0.3861852433281,0,0.875192604006163,0.560509554140127,0.95389507154213,0.0496124031007752,0.964669738863287,0.951181102362205,0.948598130841122,0.91679748822606,0.561051004636785,0.05103668261563,0.95125786163522,0.572769953051643,0.0564885496183206,0.0522273425499232,0.24483306836248,0.0494590417310665,0.176661264181524,0.6953125,0.0488958990536278,0.0517241379310345,0.0517241379310345,0.6,0.0755627009646302,0.958860759493671,0.00477707006369427,0.046031746031746,0,0.255924170616114,0.948220064724919,0.93730407523511,0.888188976377953,0,0.872611464968153,0.841614906832298,0.722662440570523,0.628125,0.5,0.458401305057096,0.00622083981337481,0.948136142625608,0.142410015649452,0.737942122186495,0.938388625592417,0.0536277602523659,0.755520504731861,0.0491283676703645,0.162460567823344,0.953703703703704,0.949346405228758,0.877221324717286,0,0.653250773993808,0.868878357030016,0,0.046875,0.877488514548239,0.94888178913738,0,0.0544323483670296,0.0438184663536776,0.950636942675159,0.902086677367576,0.0513643659711075,0,0.410094637223975,0.957210776545166,0.799382716049383,0.436507936507937,0.677215189873418,0.936335403726708,0.05103668261563,0.952234206471495,0.950949367088608,0.0497592295345104,0.9609375,0.954258675078864,0.935275080906149,0.94770206022187,0.224522292993631,0.357927786499215,0.323899371069182,0.950636942675159,0.909983633387889,0.0441400304414003,0.290220820189274,0.95253164556962,0.204724409448819,0.32579185520362,0.955414012738854,0.951181102362205,0.982649842271293,0.7,0.942989214175655,0.267628205128205,0.9484375,0.944,0,0.361801242236025,0.547504025764895,0.0655226209048362,0.0470957613814757,0.0583717357910906,0.890995260663507,0.0667701863354037,0.0470957613814757,0,0.26875,0.950715421303657,0.121835443037975,0.959016393442623,0.946287519747235,0.952904238618524,0.317230273752013,0.332258064516129,0.699044585987261,0.490878938640133,0,0.832025117739403,0.0629800307219662,0.0928792569659443,0.24031007751938,0.95440251572327,0.0534591194968553,0,0.380281690140845,0.0513219284603421,0.0737179487179487,0.508716323296355,0.954330708661417,0.322528363047002,0.940032414910859,0.92109500805153,0,0.956325301204819,0.0479134466769706,0.946070878274268,0.835423197492163,0.946601941747573,0.060126582278481,0.93343653250774,0.0410742496050553,0.858712715855573,0.7488,0.918238993710692,0.959055118110236,0.941455696202532,0.335403726708075,0.9296,0.952012383900929,0.0462962962962963,0.077639751552795,0.949367088607595,0.946624803767661,0.364485981308411,0.850077279752705,0.922829581993569,0.96998420221169,0.954330708661417,0,0.169657422512235,0.95,0.0519685039370079,0,0.9456,0.00634920634920635,0.0887096774193548,0.948012232415902,0.946117274167987,0.00317965023847377,0.622820919175911,0.4688,0.949838187702265,0.0436187399030695,0.8528,0.953376205787781,0.422829581993569,0.622641509433962,0.807511737089202,0,0.192125984251969,0.956661316211878,0.9546875,0.50390015600624,0.951486697965571,0.928571428571429,0.0822981366459627,0,0.951181102362205,0.949206349206349,0.928348909657321,0.723172628304821,0.0471544715447154,0.854864433811802,0.273148148148148,0.218697829716194,0.0046801872074883,0.650159744408946,0.608346709470305,0.666666666666667,0,0.312903225806452,0.886435331230284,0.673913043478261,0.549844236760125,0.133131618759455,0,0,0.952095808383233,0.929797191887676,0,0.907378335949764,0.00483091787439614,0,0,0.943820224719101,0,0.955056179775281,0.772292993630573,0.536923076923077,0.953416149068323,0,0,0.953748006379585,0.932926829268293,0.748466257668712,0.0508474576271186,0.0016025641025641,0.869230769230769,0.611111111111111,0.95260663507109,0.590062111801242,0.397781299524564,0,0.947122861586314,0.0576,0.95,0.134706814580032,0,0.0655487804878049,0.1728,0.505747126436782,0.943127962085308,0,0.930662557781202,0.9375,0.949764521193093,0,0.125396825396825,0.893864013266998,0.059016393442623,0.947530864197531,0.947368421052632,0.0570522979397781,0.95,0.334890965732087,0.809891808346213,0.0571428571428571,0.202247191011236,0.96998420221169,0.004739336492891,0.0518053375196232,0.943573667711599,0.0559210526315789,0.699842022116904,0.440894568690096,0,0.159375,0.757142857142857,0.301857585139319,0.943127962085308,0.0500782472613459,0.183385579937304,0.477759472817133,0.989393939393939,0.901538461538462,0.929467084639498,0.776886035313002,0,0.941548183254344,0.0474732006125574,0.921135646687697,0.415185783521809,0.055045871559633,0.952453987730061,0.953674121405751,0.952830188679245,0.67244094488189,0.951486697965571,0.168503937007874,0.219551282051282,0.911532385466035,0.865718799368088,0,0,0.9568,0.910112359550562,0.0606060606060606,0.948051948051948,0.952830188679245,0.398119122257053,0.912,0.71183800623053,0.878234398782344,0,0.931309904153355,0.355769230769231,0.950949367088608,0.948356807511737,0,0.65224358974359,0.947368421052632,0.0523809523809524,0.683279742765273,0.411483253588517,0.804580152671756,0.72397476340694,0.926267281105991,0.127465857359636,0.940418679549114,0.956589147286822,0.951026856240126,0.325878594249201,0.14308426073132,0.956386292834891,0.951937984496124,0.0046583850931677,0.779503105590062,0.482758620689655,0.308056872037915,0.782131661442006,0.946287519747235,0.868462757527734,0.956656346749226,0.134052388289676,0.0525451559934319,0,0.82670906200318,0.053125,0.0516431924882629,0.317610062893082,0,0.950793650793651,0.931782945736434,0.949764521193093,0.956454121306376,0.135782747603834,0.054858934169279,0,0,0.198686371100164,0.130016051364366,0.193037974683544,0,0.0438871473354232,0.941896024464832,0.0294573643410853,0.3184,0.943910256410256,0.593004769475358,0.921974522292994,0.69242658423493,0.662557781201849,0,0.948484848484848,0.415873015873016,0.520700636942675,0.908396946564885,0.959938366718028,0.429017160686427,0.0046801872074883,0.941915227629513,0.934883720930233,0,0.930769230769231,0.0628930817610063,0.947882736156352,0.447737909516381,0,0.00625978090766823,0.546204620462046,0.84688995215311,0.0518867924528302,0.185897435897436,0.00788643533123028,0.00163934426229508,0.743161094224924,0.0604133545310016,0.949511400651466,0.348837209302326,0.95619335347432,0.0510835913312693,0.419656786271451,0.345541401273885,0.861513687600644,0.149671052631579,0.0525502318392581,0.0015625,0.0894568690095847,0,0.946889226100152,0.0759289176090469,0.959276018099548,0.056,0.945425361155698,0,0.558823529411765,0.508744038155803,0.946708463949843,0,0.949152542372881,0,0.429032258064516,0.945121951219512,0,0.646058732612056,0.935331230283912,0.772870662460568,0.943639291465378,0.0837209302325581,0,0.952978056426332,0.296,0,0.7109375,0.0460122699386503,0.061633281972265,0.949675324675325,0.957142857142857,0.950540958268934,0.937007874015748,0.947368421052632,0,0.9359375,0.0155038759689922,0.370942812982998,0.322981366459627,0.946372239747634,0.949447077409163,0.949230769230769,0.937597503900156,0.0533751962323391,0.0639625585023401,0.951827242524917,0.9484375,0.741732283464567,0.936728395061728,0.956521739130435,0.964856230031949,0,0,0.933234421364985,0,0.118195956454121,0,0.937007874015748,0.315024232633279,0.247603833865815,0.180967238689548,0.9,0,0.144200626959248,0.949764521193093,0.955974842767296,0.669291338582677,0.450832072617247,0.254518072289157,0.228043143297381,0.676751592356688,0.0448916408668731,0.170579029733959,0.571656050955414,0.289308176100629,0.725581395348837,0.0569620253164557,0,0.0492063492063492,0.339712918660287,0.946428571428571,0.624,0.259878419452888,0.659340659340659,0.872670807453416,0.938650306748466,0.942622950819672,0.961904761904762,0.954113924050633,0.953968253968254,0.573667711598746,0.46801872074883,0.947619047619048,0.0438729198184569,0.0649149922720247,0.862123613312203,0.00771604938271605,0.947286821705426,0.923076923076923,0,0.151465798045603,0,1,0,0.937019969278034,0.949764521193093,0.0505529225908373,0.832025117739403,0.952234206471495,0.655339805825243,0.648062015503876,0.863057324840764,0,0,0.909698996655518,0.93452380952381,0.960998439937597,0,0,0.0483091787439614,0.260336906584992,0.516535433070866,0,0.485086342229199,0,0.915605095541401,0.947619047619048,0.194888178913738,0.274539877300614,0,0.383870967741935,0.625978090766823,0.842433697347894,0.945454545454545,0.785266457680251,0.0533751962323391,0.965798045602606,0.0126382306477093,0.947967479674797,0,0.949230769230769,0.00469483568075117,0.948553054662379,0.0604133545310016,0.0452342487883683,0,0,0.829153605015674,0.90228013029316,0.9203125,0.710122699386503,0.0792682926829268,0.0559105431309904,0.834123222748815,0.813846153846154,0,0.0688575899843505,0.933649289099526,0,0.93431855500821,0.945205479452055,0.106750392464678,0.0358255451713396,0.0483619344773791,0.944968553459119,0.495207667731629,0.121019108280255,0.152350081037277,0.153488372093023,0.718901453957997,0.1484375,0.952,0,0.766295707472178,0.946456692913386,0.00320512820512821,0,0.050381679389313,0,0.0535433070866142,0.95125786163522,0.72463768115942,0.0548387096774194,0.0561797752808989,0.559618441971383,0.9328,0.476923076923077,0.0451010886469673,0.0479233226837061,0.0530546623794212,0.0172955974842767,0,0.0766773162939297,0.0525502318392581,0.0512,0.0602782071097372,0.0417956656346749,0.05,0.0501567398119122,0.0658307210031348,0.0174050632911392,0.00644122383252818,0.0235849056603774,0.021505376344086,0.0527131782945736,0.0632911392405063,0.0188679245283019,0.048,0.0575079872204473,0.0428571428571429,0.0565749235474006,0.0231124807395994,0.0514018691588785,0.0783699059561129,0.0514372163388805,0.05
"735",0,0,0,0,0,0,0.0113636363636364,0.0016260162601626,0,1,0,1,0,0,0,0,1,0.983948635634029,0,0,0,0,0,1,0,0,0,0.00164473684210526,0,0,0,0,0,0,1,0,0.977812995245642,0,0,0,0.99837925445705,0.984051036682616,0.995192307692308,0,0,0,0,0,0,0,1,0,0,0,0.0114566284779051,0,1,0,0.00323101777059774,0,0,0,0,1,0,0,1,0,1,0,0,0,0,0,1,0.0016025641025641,0,0,0,0,1,0,0,0,0,0,0,0,0.0031496062992126,0.9888,0,0,1,1,0,1,0.019047619047619,0,0.993660855784469,0.993569131832797,0.00955414012738853,1,0,0,0,0,0.990115321252059,0.0032520325203252,0,0,0,0.0132890365448505,0,0,1,0,0,1,0,0,1,0,0,0,0,0,0,0,1,0.00641025641025641,0,0,0,1,0,0,1,0,0,0.00661157024793388,1,1,0,0,0,0,0,0,0,0,0,0,0,0,0,0,0,0,1,0,0.00470957613814757,0,0,1,0,0,0,0,0,0,0,0,0,0,0.00323624595469256,0,1,0,1,0,0,0,0,0,0,0,0,0,0,0,0,0,0,0.0208,1,1,0,0.998410174880763,0,0,0.0130293159609121,0,0,0,0,0,0,0,0,1,0,0,0,0,0,0.00479233226837061,0,0,0,0,0,1,0,0,0,1,0,0,0.00644122383252818,0,0,0,0.0176848874598071,1,0.0143312101910828,0,0,0,0,0,0,0,0,0,0,0,0,0,0,0,0,0,0,0,0,0,0,0,0.99016393442623,0,1,0.00492610837438424,0,0,0,1,0.00166666666666667,0.00320512820512821,0,0,0,0,0.988599348534202,0,0,0,0,0,0,0,0,0,0,0.0130718954248366,1,0,0.0145867098865478,1,0,0.0126984126984127,0.00161030595813205,1,0,0,0,0,0,1,0.0161030595813204,0,0,0,0,0,0,0,0,0,0,0,0,0,0,0,0,0.00324149108589951,0,0.947867298578199,0,0,0,0,0,0,0,0,0,0,0,0,1,0,0.00974025974025974,0,0.946774193548387,0,0,0,0,1,0,0,0,0,0,0,0,0,0,0,1,0,0,0,0,0,0,1,0,0,0,0.0016025641025641,0,0,0,0,1,0,0,0,0,0,0,0,0,0,0,0,0,0.00160771704180064,0,0,0,0,0,0,0,0,0,0,0,0,1,0,0,0,1,0,0.991735537190083,0,0,0,0.995081967213115,0.00970873786407767,0,0,0,0,0,0,0,0,1,0,0.00164473684210526,0,0,0,0,0,1,0,0,0,0,0,0.0048780487804878,0,0.0120068610634648,0.995245641838352,0,0,0,1,0,0,0,0,0,1,1,0,0,1,0,0.99016393442623,1,1,0,1,0,0,0.0063391442155309,0,1,1,0,0,0,0,0.998333333333333,0.0174880763116057,0,0,0,0,1,0,0,0,0,1,0,0,0,0,1,0,0,0,1,0,0,0,0,0,0,0,0,0,0,0.00164473684210526,0,0.990275526742301,0,0,0,0,0.0112,1,0,0.00163934426229508,0,0,0,0,0,0,0,0,0,1,0,0,0,0.00493421052631579,0,0,0,0,0,0,0,0,0,0.0143769968051118,1,1,0,0,0,0,0,0,0,0,0.015748031496063,1,0,0.0161550888529887,0,0,1,0,0,0,0,0,0,0,0,0,0.00163934426229508,0,0,0.015,0.0225442834138486,0,0,0.992063492063492,0,0,0,0,0,0,0,0.757575757575758,0,1,0,0,0,0,1,0,0,0,0,0,0,1,1,0,0,0,1,0,0,0.559157212317666,0,0,0.0095389507154213,0,0,0,1,0,0,0,0.00308641975308642,0,0,0.99203821656051,0,0,1,0,0,0,0,1,0.990415335463259,0,0,0,0,0.988888888888889,0.998360655737705,0,0,0,0,0,0,0,0,0.00494233937397035,0,0,0.998371335504886,0,1,0,0.151565074135091,0.00155763239875389,0,0,1,0,0,0,1,0,1,0,0,1,0.0173501577287066,0,0,0,0,1,0,0,1,0,0,0,0,0,0,0.00325732899022801,0.00162337662337662,1,0,0.980982567353407,0.0189873417721519,0,0,0,0,0,0.914653784219002,0,0,0,0,0,0,0,1,1,0,1,0,0.998376623376623,0,0,0,0,0,0.998387096774194,0,0,0,0,0,0,0,0,0,0,0,0,0,0,1,0,0.0196078431372549,0,0.0337620578778135,0,0,0.00476947535771065,0,0.00165289256198347,0,0,0,0,0,0,0,0,0.0016260162601626,0.988853503184713,0,0,1,0,1,0,1,0,0,0,0,0,0,0,0.016366612111293,1,1,0,0,0,1,1,0,0,0,1,0,1,0,0,0.0281456953642384,0,1,0,0,0,0,0,0,0,0.897058823529412,0,1,0,0.993527508090615,0,0,0.351882160392799,1,1,0.00158730158730159,0,0.00793650793650794,0,0,0,0,0,1,0,0,1,0,0,0,0.959481361426256,0,0,0,0,0,0,0,0,0,1,0,0,0.998355263157895,1,0,1,0,0,0,0,0,0.00662251655629139,0.00164473684210526,0,0.9546875,0,0.90228013029316,0.9792663476874,1,0.153473344103393,0,0,0.00634920634920635,0,0.950738916256158,0.942766295707472,0,0.977742448330684,0.993399339933993,0.952998379254457,0.977777777777778,0.9392,0,0.972536348949919,0,0,0.957446808510638,0,0.92822966507177,0,0.0529695024077047,0,0
"736",0.972929936305732,0.971080669710807,0.958268933539413,0.929936305732484,0.968503937007874,0.979397781299525,0.885400313971743,0.958139534883721,0.974124809741248,0,0.973724884080371,0,0.56859756097561,0.971653543307087,0.0596546310832025,0.0328125,0,0.0183767228177642,0.973015873015873,0.956723338485317,0.182795698924731,0.0589198036006547,0.969183359013868,0,0.94856278366112,0.278125,0.124804992199688,0.96417445482866,0.480974124809741,0.689127105666156,0.0259938837920489,0.7015625,0.792511700468019,0.302003081664099,0,0.974842767295597,0.016793893129771,0.969278033794163,0.285714285714286,0.898461538461538,0.00157232704402516,0.0201238390092879,0.00617283950617284,0.973520249221184,0.79304897314376,0.0456692913385827,0.526813880126183,0.0249221183800623,0.490769230769231,0.156060606060606,0,0.971563981042654,0.299531981279251,0.972049689440994,0.881619937694704,0.175911251980983,0,0.951181102362205,0.950387596899225,0.890262751159196,0.320987654320988,0.455792682926829,0.0251968503937008,0,0.887323943661972,0.826893353941267,0,0.964285714285714,0,0.028436018957346,0.867078825347759,0.0282574568288854,0.0387596899224806,0.973886328725038,0,0.724770642201835,0.0682170542635659,0.584615384615385,0.901273885350318,0.279338842975207,0,0.729646697388633,0.238380809595202,0.972222222222222,0.135593220338983,0.911450381679389,0.967642526964561,0.958268933539413,0.957186544342508,0.0105580693815988,0.968701095461659,0.968992248062015,0,0,0.958860759493671,0,0.318885448916409,0.963076923076923,0.00914634146341463,0.0108024691358025,0.633956386292835,0,0.315047021943574,0.971563981042654,0.126315789473684,0.974151857835218,0.009375,0.961832061068702,0.0232558139534884,0.0384024577572965,0.029874213836478,0.902668759811617,0.342635658914729,0.976744186046512,0,0.967441860465116,0.725460122699387,0,0.0265625,0.256692913385827,0,0.791068580542265,0.264797507788162,0.0936507936507937,0.973966309341501,0.164362519201229,0.969604863221885,0.981510015408321,0,0.564220183486238,0.93125,0.505529225908373,0.968503937007874,0,0.966183574879227,0.0473282442748092,0,0.233908948194662,0.636932707355243,0.534181240063593,0,0,0.96141975308642,0.778801843317972,0.194312796208531,0.975039001560062,0.028125,0.925418569254186,0.421725239616613,0.968277945619335,0.161392405063291,0.967032967032967,0.97456279809221,0.838709677419355,0.970769230769231,0.023961661341853,0.975270479134467,0.0248833592534992,0,0.751582278481013,0.871601208459215,0.950387596899225,0.0410958904109589,0,0.973926380368098,0.460443037974684,0.973101265822785,0.973561430793157,0.974320241691843,0.309707241910632,0.960061443932412,0.0286624203821656,0.934749620637329,0.0286144578313253,0.896875,0.396923076923077,0,0.959564541213064,0,0.827856025039124,0.977987421383648,0.141732283464567,0.962848297213622,0.966309341500766,0.968229954614221,0.958588957055215,0.112654320987654,0.392966360856269,0.9344,0.942277691107644,0.0846153846153846,0.0265210608424337,0.958532695374801,0.857142857142857,0,0,0.316358024691358,0.00153609831029186,0.974124809741248,0.269113149847095,0.874213836477987,0.746522411128284,0.967840735068913,0.4390625,0.454961832061069,0.300940438871473,0.899845916795069,0.942546583850932,0.877112135176651,0,0.871362940275651,0.204838709677419,0.936908517350158,0.028169014084507,0.0934150076569678,0.561240310077519,0.976452119309262,0.956989247311828,0.847352024922118,0.972222222222222,0.884259259259259,0,0.0951638065522621,0.684931506849315,0.96998420221169,0,0.967840735068913,0.972768532526475,0.569182389937107,0.559505409582689,0.962323390894819,0.97444089456869,0.38810641627543,0,0.890577507598784,0.529595015576324,0.96474358974359,0.0258358662613982,0.946564885496183,0.973015873015873,0.973846153846154,0.939628482972136,0.553064275037369,0.0300157977883096,0.965785381026439,0.548048048048048,0.0328849028400598,0.0302114803625378,0.218500797448166,0.0263157894736842,0.170418006430868,0.69618320610687,0.0234741784037559,0.0321592649310873,0.0306748466257669,0.60546282245827,0.0612244897959184,0.973312401883831,0.0109546165884194,0.0278637770897833,0,0.248447204968944,0.971786833855799,0.959501557632399,0.906298003072197,0,0.878205128205128,0.847222222222222,0.699844479004666,0.61198738170347,0.460218408736349,0.459119496855346,0.0106544901065449,0.971742543171115,0.120184899845917,0.7140549273021,0.961180124223602,0.0325077399380805,0.746522411128284,0.031055900621118,0.151937984496124,0.969924812030075,0.974522292993631,0.884676145339652,0,0.664605873261206,0.885093167701863,0,0.0272727272727273,0.898638426626324,0.966772151898734,0,0.0291858678955453,0.0243161094224924,0.966929133858268,0.8816,0.0288,0,0.410060975609756,0.97007874015748,0.794162826420891,0.403426791277259,0.670295489891135,0.941896024464832,0.0294573643410853,0.970858895705521,0.975232198142415,0.0308641975308642,0.955246913580247,0.971786833855799,0.949526813880126,0.9828125,0.201238390092879,0.342024539877301,0.303680981595092,0.963492063492064,0.929373996789727,0.0523076923076923,0.283891547049442,0.961119751166407,0.173106646058733,0.329305135951662,0.972222222222222,0.976525821596244,0.95968992248062,0.716346153846154,0.97289156626506,0.262479871175523,0.956989247311828,0.973312401883831,0,0.353302611367127,0.556942277691108,0.0453125,0.0570107858243451,0.0368663594470046,0.908527131782946,0.0451010886469673,0.0248447204968944,0,0.248466257668712,0.976489028213166,0.0944272445820433,0.966237942122186,0.960505529225908,0.979623824451411,0.300476947535771,0.310509554140127,0.683307332293292,0.470684039087948,0,0.817472698907956,0.0287878787878788,0.0559757942511346,0.225460122699387,0.969936708860759,0.0289193302891933,0,0.358895705521472,0.0344827586206897,0.0451010886469673,0.492260061919505,0.978193146417445,0.28343949044586,0.97411003236246,0.947368421052632,0,0.970501474926254,0.0216049382716049,0.969650986342944,0.825617283950617,0.973058637083994,0.0386996904024768,0.955521472392638,0.0231124807395994,0.866459627329193,0.717703349282297,0.930448222565688,0.970724191063174,0.970679012345679,0.305555555555556,0.948598130841122,0.969278033794163,0.0303490136570561,0.0510046367851623,0.976525821596244,0.970814132104455,0.338983050847458,0.866459627329193,0.980645161290323,0.940366972477064,0.973520249221184,0,0.138314785373609,0.970679012345679,0.0283018867924528,0,0.962323390894819,0.010989010989011,0.0682170542635659,0.972477064220184,0.964006259780908,0.00467289719626168,0.642414860681115,0.437403400309119,0.96513470681458,0.0254777070063694,0.869426751592357,0.96984126984127,0.388976377952756,0.622699386503067,0.799377916018662,0,0.184496124031008,0.966613672496025,0.974882260596546,0.467791411042945,0.977134146341463,0.952380952380952,0.0546875,0,0.963525835866261,0.975497702909648,0.948837209302326,0.703533026113671,0.0282131661442006,0.868012422360248,0.263975155279503,0.186900958466454,0.00770416024653313,0.637658227848101,0.614896988906498,0.63594470046083,0,0.299531981279251,0.918495297805643,0.663608562691132,0.531297709923664,0.105970149253731,0,0,0.978005865102639,0.950301204819277,0,0.925,0.00940438871473354,0,0,0.982539682539682,0,0.972668810289389,0.780715396578538,0.548484848484848,0.975609756097561,0,0,0.970633693972179,0.946727549467275,0.742725880551302,0.0307692307692308,0.00318471337579618,0.868580060422961,0.610169491525424,0.975346687211094,0.545176110260337,0.366352201257862,0,0.958841463414634,0.0285261489698891,0.954186413902054,0.121306376360809,0,0.033033033033033,0.139280125195618,0.49185667752443,0.957943925233645,0,0.943768996960486,1,0.970948012232416,0,0.0987654320987654,0.916938110749186,0.0322061191626409,0.969650986342944,0.973134328358209,0.0353846153846154,0.975535168195719,0.309597523219814,0.799691833590139,0.0362204724409449,0.191153238546603,0.9453125,0.00933125972006221,0.0248833592534992,0.963246554364472,0.0353130016051364,0.677165354330709,0.407176287051482,0,0.130094043887147,0.761075949367089,0.275808936825886,0.958268933539413,0.0282131661442006,0.175193798449612,0.455716586151369,0.940909090909091,0.883614088820827,0.950540958268934,0.75,0,0.963020030816641,0.0243531202435312,0.94435857805255,0.423809523809524,0.0242424242424242,0.978461538461538,0.975039001560062,0.97196261682243,0.636785162287481,0.970633693972179,0.149206349206349,0.211356466876972,0.962962962962963,0.877519379844961,0,0,0.972886762360447,0.938388625592417,0.0425867507886435,0.984350547730829,0.970542635658915,0.383177570093458,0.923809523809524,0.755555555555556,0.881172839506173,0,0.973478939157566,0.353218210361067,0.971698113207547,0.975155279503106,0,0.65086887835703,0.968652037617555,0.0235109717868339,0.692185007974482,0.410575427682737,0.79788838612368,0.696062992125984,0.94081942336874,0.101361573373676,0.962441314553991,0.972477064220184,0.967592592592593,0.314696485623003,0.116822429906542,0.971875,0.974358974358974,0.00762195121951219,0.802469135802469,0.464231354642314,0.274570982839314,0.774691358024691,0.973520249221184,0.878930817610063,0.973926380368098,0.122887864823349,0.0304,0,0.837753510140406,0.0235849056603774,0.0288753799392097,0.284829721362229,0,0.970679012345679,0.906832298136646,0.972265023112481,0.972685887708649,0.113418530351438,0.0234375,0,0,0.191823899371069,0.0979462875197472,0.190851735015773,0,0.0259541984732824,0.972265023112481,0.0199692780337942,0.311424100156495,0.968454258675079,0.609160305343511,0.951486697965571,0.670750382848392,0.661608497723824,0,0.974550898203593,0.403453689167975,0.507836990595611,0.922844175491679,0.969135802469136,0.425499231950845,0.00763358778625954,0.954616588419405,0.957251908396947,0,0.959028831562974,0.0481366459627329,0.96656050955414,0.437308868501529,0,0.00930232558139535,0.538336052202284,0.845425867507886,0.0292758089368259,0.15,0.0109546165884194,0.00161030595813205,0.757530120481928,0.0403726708074534,0.975450081833061,0.344563552833078,0.972602739726027,0.0289634146341463,0.389570552147239,0.341772151898734,0.866454689984102,0.109149277688604,0.0277349768875193,0.00308641975308642,0.0665610142630745,0,0.972809667673716,0.0513643659711075,0.963636363636364,0.0317965023847377,0.9712,0,0.519756838905775,0.471138845553822,0.975116640746501,0,0.972307692307692,0,0.408585055643879,0.972850678733032,0,0.657935285053929,0.974921630094044,0.748829953198128,0.9424,0.0625,0,0.976887519260401,0.278996865203762,0,0.696261682242991,0.0196374622356495,0.0444104134762634,0.971653543307087,0.974842767295597,0.963691376701967,0.955108359133127,0.962085308056872,0,0.959311424100156,0.0197568389057751,0.365558912386707,0.30379746835443,0.964506172839506,0.964396284829721,0.968181818181818,0.975270479134467,0.0526315789473684,0.0438184663536776,0.963141025641026,0.943511450381679,0.727549467275495,0.958715596330275,0.972602739726027,0.967084639498433,0,0,0.956586826347305,0,0.0842266462480858,0,0.95405819295559,0.292332268370607,0.224555735056543,0.147239263803681,0.906645569620253,0,0.13251155624037,0.967136150234742,0.972809667673716,0.670278637770898,0.428355957767722,0.22962962962963,0.197852760736196,0.64937106918239,0.024653312788906,0.131699846860643,0.565149136577708,0.273716951788491,0.71889400921659,0.0357142857142857,0,0.0265625,0.333868378812199,0.974603174603175,0.619783616692427,0.25,0.641627543035994,0.874617737003058,0.958588957055215,0.94336569579288,0.971473851030111,0.976228209191759,0.979365079365079,0.561728395061728,0.438837920489297,0.97542242703533,0.0285285285285285,0.0316265060240964,0.875968992248062,0.0106544901065449,0.972972972972973,0.943251533742331,0,0.1312,0,0.937019969278034,0,1,0.971786833855799,0.0278637770897833,0.821316614420063,0.978625954198473,0.669254658385093,0.643185298621746,0.876947040498442,0,0,0.92891760904685,0.932634730538922,0.970903522205207,0,0,0.027027027027027,0.250386398763524,0.507739938080495,0,0.451313755795981,0,0.927444794952681,0.97196261682243,0.178849144634526,0.265337423312883,0,0.363924050632911,0.60093896713615,0.8484375,0.960843373493976,0.791601866251944,0.0234009360374415,0.972972972972973,0.0173775671406003,0.975609756097561,0,0.968085106382979,0.00772797527047913,0.974522292993631,0.0391236306729265,0.0301109350237718,0,0,0.824427480916031,0.915335463258786,0.932618683001531,0.73030303030303,0.0517503805175038,0.0317460317460317,0.84,0.832326283987915,0,0.0342679127725857,0.984350547730829,0,0.959612277867528,0.951293759512938,0.0847723704866562,0.0400616332819723,0.0282131661442006,0.975646879756469,0.481072555205047,0.100313479623824,0.1216,0.133435582822086,0.72107765451664,0.125581395348837,0.9734375,0,0.766091051805338,0.954968944099379,0.00474683544303797,0,0.0301204819277108,0,0.0280811232449298,0.973805855161787,0.719551282051282,0.0283464566929134,0.0286168521462639,0.559748427672956,0.950871632329635,0.439814814814815,0.0490045941807044,0.0268562401263823,0.0556438791732909,0.0203442879499218,0,0.0549450549450549,0.0257186081694402,0.028436018957346,0.0381679389312977,0.0243161094224924,0.0455974842767296,0.0570107858243451,0.0430769230769231,0.0172955974842767,0.00477707006369427,0.0234009360374415,0.021505376344086,0.0587326120556414,0.0362776025236593,0.0170542635658915,0.0272873194221509,0.0264797507788162,0.0444444444444444,0.0309119010819165,0.0226244343891403,0.0297805642633229,0.0608424336973479,0.0303030303030303,0.0326594090202177
"737",0.998405103668262,1,0.970496894409938,0.941082802547771,0.983948635634029,1,0.887323943661972,0.970266040688576,1,0,1,0,0.566037735849057,1,0.0425867507886435,0.0093167701863354,0,0.0157728706624606,0.998389694041868,0.985981308411215,0.157164869029276,0.0357723577235772,0.990683229813665,0,0.956856702619414,0.264240506329114,0.123052959501558,0.988673139158576,0.467275494672755,0.690140845070423,0,0.683464566929134,0.762738853503185,0.290880503144654,0,1,0.0151975683890578,0.998452012383901,0.258646616541353,0.899845916795069,0,0.0170542635658915,0.00619195046439629,1,0.792332268370607,0.0236220472440945,0.510903426791277,0,0.463414634146341,0.136712749615975,0,0.993769470404984,0.259720062208398,1,0.876190476190476,0.165605095541401,0,0.975961538461538,0.962382445141066,0.897832817337461,0.297674418604651,0.436532507739938,0,0,0.900158478605388,0.82398753894081,0,0.9890625,0,0,0.861801242236025,0.0078125,0.0204081632653061,1,0,0.71097372488408,0.0428790199081164,0.574303405572755,0.89968152866242,0.274542429284526,0,0.706336939721793,0.213395638629283,1,0.109907120743034,0.905343511450382,0.995348837209302,0.972049689440994,0.967492260061919,0.0123839009287926,0.984350547730829,1,0,0,0.97456279809221,0,0.297971918876755,0.981337480559876,0.00622083981337481,0.00792393026941363,0.6125,0,0.275430359937402,1,0.0966767371601208,1,0.0126382306477093,0.979750778816199,0,0.00947867298578199,0.0078125,0.909667194928685,0.340557275541796,0.992138364779874,0,0.987616099071207,0.703761755485893,0,0,0.227554179566563,0,0.761755485893417,0.242283950617284,0.0849358974358974,0.967289719626168,0.152777777777778,0.998452012383901,0.995305164319249,0,0.545031055900621,0.930708661417323,0.495987158908507,0.988888888888889,0,0.996763754045307,0.0213740458015267,0,0.202211690363349,0.637071651090343,0.513556618819777,0,0,0.9796875,0.755102040816326,0.170178282009724,1,0.0062992125984252,0.922839506172839,0.430379746835443,0.980273141122914,0.133768352365416,0.988958990536278,1,0.837753510140406,0.9953125,0,1,0,0,0.728867623604466,0.8678955453149,0.981220657276995,0.0169753086419753,0,1,0.450793650793651,1,1,1,0.297380585516179,0.976489028213166,0.00157728706624606,0.95398773006135,0,0.8984375,0.375193798449612,0,0.982866043613707,0,0.853125,1,0.1198738170347,0.97984496124031,0.950310559006211,0.990867579908676,0.973886328725038,0.10641627543036,0.38,0.93042071197411,0.944794952681388,0.0566037735849057,0.00463678516228748,0.982511923688394,0.862714508580343,0,0,0.29570747217806,0,1,0.262751159196291,0.87519747235387,0.756134969325153,0.989263803680982,0.431034482758621,0.446153846153846,0.283464566929134,0.917981072555205,0.962085308056872,0.874233128834356,0,0.880877742946709,0.173633440514469,0.939586645468998,0,0.075642965204236,0.5328125,0.97339593114241,0.97542242703533,0.81974921630094,0.9984375,0.892018779342723,0,0.0757341576506955,0.653673163418291,0.995275590551181,0,0.993769470404984,0.980152671755725,0.554347826086957,0.555900621118012,0.992138364779874,1,0.357585139318885,0,0.885321100917431,0.520700636942675,0.971291866028708,0,0.955589586523737,0.998422712933754,1,0.95440251572327,0.54,0.00158478605388273,0.967084639498433,0.539877300613497,0.00458015267175573,0,0.205087440381558,0,0.144215530903328,0.67427701674277,0,0.0031055900621118,0.0109717868338558,0.592879256965944,0.0352564102564103,0.981042654028436,0.0110410094637224,0,0,0.218500797448166,1,0.979719188767551,0.90282131661442,0,0.871961102106969,0.853395061728395,0.684375,0.597791798107255,0.453396524486572,0.454545454545455,0.0110584518167457,1,0.0944272445820433,0.690553745928339,0.960254372019078,0.0136986301369863,0.752721617418352,0.00157232704402516,0.124416796267496,1,1,0.888357256778309,0,0.641975308641975,0.886075949367089,0,0,0.891768292682927,0.980891719745223,0,0.0015527950310559,0.00155763239875389,0.982286634460548,0.876582278481013,0,0,0.380434782608696,0.988924050632911,0.789634146341463,0.396923076923077,0.6656,0.957186544342508,0.0109204368174727,1,1,0.00789889415481832,0.962323390894819,1,0.976152623211447,0.998420221169036,0.185358255451713,0.297971918876755,0.281200631911532,0.974522292993631,0.938511326860841,0.0431432973805855,0.265723270440252,0.974921630094044,0.157566302652106,0.306060606060606,0.993710691823899,0.998407643312102,0.970172684458399,0.688995215311005,0.996913580246914,0.235015772870662,0.964939024390244,0.996830427892235,0,0.318952234206472,0.5376,0.0204081632653061,0.0497667185069984,0.00759878419452888,0.917316692667707,0.0251572327044025,0,0,0.232704402515723,0.99198717948718,0.0695102685624013,0.985294117647059,0.968847352024922,0.9875,0.277165354330709,0.272727272727273,0.679748822605965,0.464696223316913,0,0.826086956521739,0.014018691588785,0.0382848392036753,0.18944099378882,1,0,0,0.319182389937107,0.0124416796267496,0.0174050632911392,0.485179407176287,1,0.284126984126984,1,0.965244865718799,0,0.991071428571429,0,0.998461538461539,0.832550860719875,1,0.0108864696734059,0.977168949771689,0,0.878693623639191,0.718901453957997,0.948091603053435,0.984591679506934,0.996865203761755,0.28414442700157,0.959183673469388,1,0,0.0230414746543779,1,1,0.330246913580247,0.8828125,0.95928338762215,0.950233281493002,1,0,0.112359550561798,1,0.00156739811912226,0,0.964856230031949,0.00969305331179321,0.0443037974683544,1,0.968553459119497,0.00158227848101266,0.619651347068146,0.433544303797468,0.980891719745223,0.00158730158730159,0.871019108280255,0.99836867862969,0.3875,0.603421461897356,0.793103448275862,0,0.152866242038217,0.97752808988764,0.998430141287284,0.458528951486698,1,0.97029702970297,0.0326086956521739,0.0015527950310559,0.983076923076923,0.996815286624204,0.95625,0.695384615384615,0.00474683544303797,0.864433811802233,0.250388802488336,0.176859504132231,0.00474683544303797,0.623604465709729,0.592767295597484,0.617054263565891,0,0.286858974358974,0.910658307210031,0.65015479876161,0.515432098765432,0.0757575757575758,0,0,1,0.975535168195719,0,0.915625,0.0110062893081761,0,0,1,0,1,0.773790951638066,0.531107738998483,1,0,0,0.995260663507109,0.960665658093797,0.716257668711656,0,0.00317460317460317,0.875766871165644,0.603715170278638,1,0.544207317073171,0.351097178683386,0,0.979750778816199,0,0.957278481012658,0.092948717948718,0,0.00911854103343465,0.112877583465819,0.476268412438625,0.973561430793157,0,0.946483180428135,0.97339593114241,1,0,0.0763116057233704,0.931147540983607,0.00323624595469256,1,1,0.0093603744149766,1,0.290015847860539,0.810725552050473,0.00789889415481832,0.162379421221865,0.959627329192547,0.010989010989011,0,0.975116640746501,0.00806451612903226,0.655948553054662,0.379527559055118,0,0.102643856920684,0.730031948881789,0.249607535321821,0.976958525345622,0,0.155251141552511,0.461538461538462,0.942598187311178,0.882534775888717,0.95625,0.754807692307692,0,0.981679389312977,0,0.9625,0.383495145631068,0,1,1,1,0.635792778649921,0.982866043613707,0.125588697017268,0.18408736349454,0.946708463949843,0.878461538461539,0,0,0.990566037735849,0.934920634920635,0.014308426073132,0.982785602503912,0.990595611285266,0.364906832298137,0.924920127795527,0.720706260032103,0.885022692889561,0,0.967542503863988,0.3265625,1,1,0,0.640062597809077,0.969551282051282,0,0.6864,0.385692068429238,0.79607250755287,0.6912,0.94969512195122,0.0943683409436834,0.984025559105431,1,0.979813664596273,0.293354943273906,0.100313479623824,0.990610328638498,1,0.00612557427258806,0.780337941628264,0.456086286594761,0.264797507788162,0.763608087091757,1,0.876175548589342,1,0.123076923076923,0,0,0.810641627543036,0.0031496062992126,0,0.279251170046802,0,0.988993710691824,0.913312693498452,1,0.995327102803738,0.0993690851735016,0,0,0,0.1648,0.0833333333333333,0.157142857142857,0,0,1,0.00763358778625954,0.278740157480315,1,0.583850931677019,0.971518987341772,0.662037037037037,0.641653905053599,0,1,0.393312101910828,0.5,0.923780487804878,0.987730061349693,0.378125,0.00934579439252336,0.95440251572327,0.959564541213064,0,0.968229954614221,0.0185758513931889,0.99025974025974,0.43167701863354,0,0.0078003120124805,0.521311475409836,0.833333333333333,0,0.145339652448657,0.0109546165884194,0,0.746200607902736,0.0256410256410256,1,0.330781010719755,0.995391705069124,0,0.381619937694704,0.332805071315372,0.874193548387097,0.0993485342019544,0.00464396284829721,0.00156739811912226,0.041335453100159,0,0.993788819875776,0.0455284552845528,0.981845688350983,0.00476947535771065,1,0,0.517450682852807,0.456692913385827,1,0,0.998459167950693,0,0.401294498381877,0.989280245022971,0,0.637614678899083,0.977848101265823,0.748427672955975,0.952153110047847,0.0351145038167939,0,1,0.272151898734177,0,0.676425269645609,0,0.0154083204930663,1,1,0.989393939393939,0.970219435736677,0.979462875197472,0,0.97360248447205,0.0217391304347826,0.337404580152672,0.293291731669267,0.992272024729521,0.992088607594937,0.996932515337423,0.993798449612403,0.0483619344773791,0.0141509433962264,0.982113821138211,0.961119751166407,0.725038402457757,0.97984496124031,1,0.972307692307692,0,0,0.983606557377049,0,0.071875,0,0.9515625,0.289389067524116,0.223300970873786,0.121538461538462,0.922712933753943,0,0.097331240188383,1,1,0.636792452830189,0.414414414414414,0.213855421686747,0.18361153262519,0.646496815286624,0,0.114329268292683,0.541996830427892,0.252764612954186,0.71141975308642,0.00925925925925926,0,0,0.310897435897436,1,0.624012638230648,0.215686274509804,0.628440366972477,0.880184331797235,0.990712074303406,0.961352657004831,0.976340694006309,1,0.998435054773083,0.553291536050157,0.421133231240429,0.998439937597504,0.00603318250377074,0.0105580693815988,0.871317829457364,0.0122511485451761,1,0.968798751950078,0,0.115384615384615,0,0.949764521193093,0,0.971786833855799,1,0.00778816199376947,0.844827586206897,1,0.648177496038035,0.627692307692308,0.870253164556962,0,0,0.93485342019544,0.944360902255639,0.98780487804878,0,0,0,0.233024691358025,0.514285714285714,0,0.452681388012618,0,0.924764890282132,1,0.161904761904762,0.241538461538462,0,0.352750809061489,0.594976452119309,0.867394695787831,0.96583850931677,0.772797527047913,0,0.985668789808917,0.0173501577287066,1,0,0.981651376146789,0.00775193798449612,1,0.0157728706624606,0.00956937799043062,0,0,0.8171875,0.925925925925926,0.940458015267176,0.71097372488408,0.0213740458015267,0.0047244094488189,0.830455259026688,0.842507645259939,0,0.0141955835962145,0.967948717948718,0,0.988727858293076,0.953846153846154,0.0727554179566563,0.0405616224648986,0.0015748031496063,1,0.469194312796209,0.0862068965517241,0.1072,0.115919629057187,0.68503937007874,0.0950920245398773,1,0,0.759170653907496,0.98145285935085,0.00471698113207547,0,0,0,0,1,0.701782820097245,0,0,0.535031847133758,0.962674961119751,0.437403400309119,0.0431432973805855,0.00158730158730159,0.0482315112540193,0.0155038759689922,0,0.0299684542586751,0.0060882800608828,0.00159235668789809,0.0123456790123457,0,0.0441640378548896,0.0540958268933539,0.0124416796267496,0.0171073094867807,0.00649350649350649,0.0218408736349454,0.0215716486902928,0.0510835913312693,0.00623052959501558,0.0171073094867807,0,0.00316455696202532,0.0380348652931854,0.00470219435736677,0.0198776758409786,0,0.028391167192429,0,0.00158730158730159
"738",0.0077639751552795,0.00611620795107034,0.0285285285285285,0.0643642072213501,0.0172955974842767,0.00635930047694754,0.0984375,0.0265625,0.0075187969924812,0,0.0077639751552795,0,0.441896024464832,0.00782472613458529,0.952815829528158,0.986153846153846,0,0.00154798761609907,0.0110584518167457,0.021671826625387,0.847457627118644,0.963492063492064,0.0198170731707317,0,0.0505359877488515,0.7339593114241,0.882896764252696,0.0145395799676898,0.536953242835596,0.313364055299539,0.993930197268589,0.312788906009245,0.230769230769231,0.707882534775889,0,0.00773993808049536,0.0045662100456621,0.0138888888888889,0.750369276218611,0.101823708206687,0,0,0,0.00470219435736677,0.2208,0.969936708860759,0.481072555205047,0.992248062015504,0.534328358208955,0.861911987860395,0,0.0124610591900312,0.728813559322034,0.00619195046439629,0.107476635514019,0.836220472440945,0,0.031496062992126,0.0375375375375375,0.102564102564103,0.69969512195122,0.571646341463415,0.993700787401575,0,0.101748807631161,0.17638036809816,0,0.0155763239875389,0,0.993700787401575,0.151975683890578,0.987767584097859,0.976816074188563,0.00754147812971342,0,0.291540785498489,0.946646341463415,0.426179604261796,0.103174603174603,0.732258064516129,0,0.290964777947933,0.806015037593985,0.00601503759398496,0.879019908116386,0.0903522205206738,0.00920245398773006,0.0348484848484849,0.0337941628264209,0,0.0172413793103448,0.00768049155145929,0,0,0.0343213728549142,0,0.706605222734255,0.0242424242424242,0,0,0.375389408099688,0,0.722910216718266,0.00773993808049536,0.907715582450832,0.00634920634920635,0,0.0213740458015267,0.993680884676145,0.989028213166144,0.986196319018405,0.0855365474339036,0.658423493044822,0.0137404580152672,0,0.0151975683890578,0.292758089368259,0,0.993893129770992,0.768388106416275,0,0.234206471494607,0.764615384615385,0.9184,0.0309597523219814,0.855606758832565,0.0076103500761035,0.0121951219512195,0,0.445966514459665,0.0682170542635659,0.516693163751987,0.0156494522691706,0,0.0110062893081761,0.969879518072289,0,0.805337519623234,0.365891472868217,0.488151658767773,0,0,0.0247678018575851,0.242748091603053,0.836507936507937,0.0077639751552795,0.9858934169279,0.0728376327769348,0.598755832037325,0.0209895052473763,0.864566929133858,0.0211480362537764,0.00625978090766823,0.165390505359877,0.0107692307692308,0.992088607594937,0.00623052959501558,0.995341614906832,0,0.257410296411856,0.135135135135135,0.0261136712749616,0.975757575757576,0,0.00757575757575758,0.556603773584906,0.00643086816720257,0.00771604938271605,0.00458015267175573,0.706325301204819,0.0261941448382126,0.992223950233281,0.0491071428571429,0.996996996996997,0.0995260663507109,0.617960426179604,0,0.0185471406491499,0,0.145038167938931,0.00460122699386503,0.882170542635659,0.0198776758409786,0.0535987748851455,0.0134328358208955,0.027355623100304,0.900763358778626,0.622526636225266,0.0799373040752351,0.0598425196850394,0.941267387944359,0.993930197268589,0.0191387559808612,0.129770992366412,0,0,0.723004694835681,0,0.0076103500761035,0.727272727272727,0.120500782472613,0.236923076923077,0.0134932533733133,0.577639751552795,0.570552147239264,0.724299065420561,0.0861538461538462,0.0387596899224806,0.118618618618619,0,0.125960061443932,0.838449111470113,0.0577223088923557,0.993836671802773,0.95059880239521,0.471406491499227,0.0260736196319018,0.0196969696969697,0.173643410852713,0.00927357032457496,0.109567901234568,0,0.94954128440367,0.347496206373293,0.0110410094637224,0,0.0153609831029186,0.0164424514200299,0.44969512195122,0.456656346749226,0.0171339563862928,0.00635930047694754,0.637636080870918,0,0.0995475113122172,0.480798771121352,0.0315955766192733,0.993846153846154,0.0438066465256798,0.00626959247648903,0.00309119010819165,0.0543478260869565,0.452743902439024,0.993827160493827,0.0321592649310873,0.456060606060606,0.989473684210526,0.992481203007519,0.802839116719243,0.996894409937888,0.859842519685039,0.332326283987915,0.995363214837713,0.989393939393939,0.984496124031008,0.415037593984962,0.9578125,0.0173501577287066,0,0.99537037037037,0,0.770769230769231,0.00619195046439629,0.0249221183800623,0.100308641975309,0,0.134185303514377,0.146969696969697,0.309707241910632,0.403697996918336,0.556923076923077,0.546031746031746,0,0.00470957613814757,0.910355486862442,0.306581059390048,0.0342679127725857,0.98145285935085,0.254658385093168,0.992295839753467,0.883540372670807,0.0075187969924812,0.00803858520900321,0.103174603174603,0,0.36322188449848,0.10641627543036,0,0.993948562783661,0.0946564885496183,0.0200617283950617,0,0.992435703479576,0.990895295902883,0.0219435736677116,0.123417721518987,0.993569131832797,0,0.622496147919877,0.015625,0.216463414634146,0.609230769230769,0.352755905511811,0.0445468509984639,0.983050847457627,0.0075642965204236,0.00773993808049536,0.986217457886677,0.0395136778115502,0.0062402496099844,0.0343213728549142,0.00911854103343465,0.810769230769231,0.695718654434251,0.73094867807154,0.0223285486443381,0.062200956937799,0.00152439024390244,0.730407523510972,0.0304878048780488,0.8453125,0.689450222882615,0.00924499229583975,0.00777604976671851,0.0338461538461538,0.311216429699842,0.00599700149925037,0.755070202808112,0.0352220520673813,0.00943396226415094,0,0.680491551459293,0.456112852664577,0.975535168195719,0.00152439024390244,0.985029940119761,0.0821917808219178,0.972685887708649,0.995468277945619,0,0.769585253456221,0.0156739811912226,0.922256097560976,0.0189274447949527,0.0320121951219512,0.0139318885448916,0.739469578783151,0.729559748427673,0.339506172839506,0.542857142857143,0,0.176744186046512,0.983206106870229,0.954887218045113,0.814814814814815,0.00625978090766823,0.99079754601227,0,0.685975609756098,0.983383685800604,0.971608832807571,0.536321483771252,0.00768049155145929,0.714738510301109,0.00806451612903226,0.0445468509984639,0,0.0132352941176471,0.993920972644377,0.00759878419452888,0.178353658536585,0.0048,0.984732824427481,0.0260736196319018,0.99388379204893,0.119010819165379,0.293563579277865,0.0575757575757576,0.0151515151515152,0.00460829493087558,0.721966205837174,0.0377952755905512,0.00766871165644172,0.992435703479576,0.970724191063174,0.00469483568075117,0.00768049155145929,0.671212121212121,0.11864406779661,0.0398724082934609,0.052710843373494,0.00463678516228748,0,0.878740157480315,0.0077639751552795,0.992283950617284,0,0.0328125,0,0.950715421303657,0.00606060606060606,0.0290519877675841,0,0.365591397849462,0.572741194486983,0.0172413793103448,0.990521327014218,0.12093023255814,0.00783699059561128,0.6359375,0.406392694063927,0.215962441314554,0,0.851162790697674,0.0250783699059561,0.00928792569659443,0.542944785276074,0.00763358778625954,0.0354838709677419,0.969135802469136,0,0.0182648401826484,0.0139968895800933,0.046583850931677,0.329803328290469,0.98780487804878,0.134069400630915,0.758039816232772,0.819672131147541,0,0.38351822503962,0.409582689335394,0.390243902439024,0,0.705511811023622,0.0855365474339036,0.362121212121212,0.475683890577508,0.915680473372781,0,0,0.00583941605839416,0.0346907993966818,0,0.0804416403785489,0,0,0,0.00612557427258806,0,0.00484652665589661,0.230769230769231,0.477996965098634,0.00758725341426404,0,0,0.0108024691358025,0.0467571644042232,0.283307810107198,0.995454545454545,0,0.108396946564885,0.41566265060241,0.00310077519379845,0.461538461538462,0.646687697160883,0,0.0247295208655332,0.996810207336523,0.0475435816164818,0.902777777777778,0,0.98796992481203,0.88006230529595,0.520325203252033,0.0309597523219814,0,0.0525525525525526,0.027906976744186,0.00609756097560976,0,0.928682170542636,0.0666666666666667,0.992012779552716,0.00614439324116743,0.00606060606060606,1,0.00765696784073507,0.711864406779661,0.191653786707883,0.984544049459042,0.833855799373041,0.044822256568779,0,0.993779160186625,0.0245398773006135,0.990536277602524,0.34384858044164,0.604037267080745,0,0.888036809815951,0.261006289308176,0.758832565284178,0.0262345679012346,0.992283950617284,0.856488549618321,0.543859649122807,0.0512048192771084,0.119760479041916,0.0407523510971787,0.256211180124224,0,0.0257186081694402,0.99390243902439,0.0404984423676012,0.603833865814696,0.992424242424242,0.00611620795107034,0.0031104199066874,0.0078003120124805,0.364197530864198,0.0154320987654321,0.8828125,0.8203125,0.0592823712948518,0.117283950617284,0,0,0.0109717868338558,0.0691823899371069,0.982839313572543,0.0157728706624606,0.00928792569659443,0.646153846153846,0.0712025316455696,0.2671875,0.104454685099846,0,0.0328125,0.660964230171073,0.00609756097560976,0.00765696784073507,0,0.361370716510903,0.0264385692068429,0.992236024844721,0.322274881516588,0.607692307692308,0.200296735905045,0.322429906542056,0.0491071428571429,0.93562874251497,0.0192307692307692,0.00615384615384615,0.0181543116490166,0.705511811023622,0.890076335877863,0.00910470409711684,0.00301659125188537,0,0.224961479198767,0.554033485540335,0.73497688751926,0.241538461538462,0.00458015267175573,0.112828438948995,0.0076103500761035,0.1,0.993548387096774,0,0.178403755868545,0.990476190476191,0.993836671802773,0.730769230769231,0,0.0154083204930663,0.0963302752293578,0.00917431192660551,0.00920245398773006,0.932515337423313,0.993788819875776,0,0,0.838304552590267,0.913112164296998,0.841940532081377,0,0.99388379204893,0.00303951367781155,0.425954198473282,0.714506172839506,0.00626959247648903,0.409861325115562,0.0253968253968254,0.348159509202454,0.362095531587057,0,0.00594353640416048,0.613207547169811,0.514866979655712,0.0759878419452888,0.0167173252279635,0.610169491525424,0,0.0429447852760736,0.0419790104947526,0,0.0343796711509716,0.978593272171254,0.0207006369426752,0.578294573643411,0,0,0.497592295345104,0.172413793103448,0.992211838006231,0.864566929133858,0,0,0.258160237388724,0.972006220839813,0.00650406504065041,0.678733031674208,0.0106707317073171,0.993984962406015,0.621004566210046,0.688087774294671,0.135860979462875,0.898412698412698,0.989329268292683,0,0.957345971563981,0,0.0075642965204236,0.807017543859649,0.0240963855421687,0.992211838006231,0.00783699059561128,0,0.493192133131619,0.552469135802469,0.00612557427258806,0,0.00757575757575758,0,0.596546310832025,0.0182926829268293,0,0.333333333333333,0.0218068535825545,0.2557781201849,0.0516431924882629,0.96177370030581,0,0.00615384615384615,0.724137931034483,0,0.308396946564885,0.995535714285714,0.977203647416413,0.0046875,0.00625,0.0135135135135135,0.0230061349693252,0.0233644859813084,0,0.029320987654321,0,0.643504531722054,0.707317073170732,0.0107033639143731,0.0123456790123457,0.014903129657228,0.0167682926829268,0.0292758089368259,0.978395061728395,0.0178571428571429,0.0476190476190476,0.281391830559758,0.0301659125188537,0.00604229607250755,0.0275650842266462,0,0,0.0253731343283582,0,0.952453987730061,0,0.04375,0.712715855572998,0.792993630573248,0.884615384615385,0.0802469135802469,0.00152439024390244,0.904255319148936,0.00614439324116743,0.00769230769230769,0.375963020030817,0.585949177877429,0.802395209580838,0.815315315315315,0.354992076069731,0.99236641221374,0.87556904400607,0.45625,0.746478873239437,0.302611367127496,0.983128834355828,0,0.99375,0.685271317829457,0.0064,0.364457831325301,0.77727952167414,0.376923076923077,0.120426829268293,0.0197568389057751,0.0365659777424483,0.0236220472440945,0.00631911532385466,0.00630914826498423,0.442724458204334,0.574074074074074,0.00771604938271605,0.989598811292719,0.985052316890882,0.129032258064516,0,0.00755287009063444,0.0388198757763975,0,0.8848,0,0.0505529225908373,0,0.0278637770897833,0.00778816199376947,1,0.163076923076923,0.0060790273556231,0.346031746031746,0.384024577572965,0.110584518167457,0,0,0.0658105939004815,0.0608308605341246,0.013595166163142,0,0,0.9952,0.764885496183206,0.49452269170579,0,0.537984496124031,0,0.0778816199376947,0.00630914826498423,0.812006319115324,0.776934749620637,0,0.645007923930269,0.404024767801858,0.136712749615975,0.0315315315315315,0.228043143297381,0.993788819875776,0.0125786163522013,0.0907692307692308,0.00641025641025641,0,0.0165912518853695,0,0.00623052959501558,0.97984496124031,0.626182965299685,0,0,0.178461538461538,0.076555023923445,0.0546282245827011,0.278860569715142,0.971556886227545,0.987441130298273,0.172839506172839,0.164201183431953,0,0.978227060653188,0.0384615384615385,0,0.0236220472440945,0.0427480916030534,0.924731182795699,0,0.992331288343558,0.00764525993883792,0.534700315457413,0.941358024691358,0.921135646687697,0.882442748091603,0.308544303797468,0.895295902883156,0.00619195046439629,0,0.24804992199688,0.0240963855421687,0,0,0.992570579494799,0,0.993817619783617,0.00462249614791988,0.2984375,0.992138364779874,0.99375,0.459968602825746,0.0403726708074534,0.574242424242424,0,0.99203821656051,0.0398089171974522,0.0061633281972265,0,0.804281345565749,0.991017964071856,0.992211838006231,0.980480480480481,0.992458521870287,0,0,0.983128834355828,0.0015527950310559,0.00159489633173844,0.0246913580246914,0.0030441400304414,0,0.989247311827957,0.00918836140888208,0.992,0.990580847723705,0,0.987654320987654,0.0404191616766467,0.995419847328244,0.90937019969278,0.992435703479576,0.993788819875776
"739",0.837096774193548,0.829652996845426,0.853395061728395,0.8368,0.85048231511254,0.831730769230769,0.832278481012658,0.853312302839117,0.832822085889571,0,0.837245696400626,0,0.619718309859155,0.8336,0.212361331220285,0.171339563862928,0,0.0125391849529781,0.83974358974359,0.848200312989045,0.314641744548287,0.184764991896272,0.828125,0,0.834645669291339,0.353322528363047,0.259316770186335,0.830097087378641,0.552631578947368,0.891849529780564,0.168453292496172,0.711356466876972,0.769352290679305,0.385220125786164,0,0.838258164852255,0.0141955835962145,0.827160493827161,0.407350689127106,0.7890625,0.00158227848101266,0.0139318885448916,0.00467289719626168,0.829073482428115,0.762520193861066,0.178913738019169,0.549920760697306,0.154446177847114,0.563944530046225,0.263482280431433,0,0.840255591054313,0.405023547880691,0.840625,0.815047021943574,0.326892109500805,0,0.813504823151125,0.840062111801242,0.823348694316436,0.416024653312789,0.511075949367089,0.161084529505582,0,0.789727126805779,0.752721617418352,0,0.846394984326019,0,0.160513643659711,0.7640625,0.14937106918239,0.173501577287066,0.841294298921418,0,0.724458204334365,0.2,0.631415241057543,0.822866344605475,0.433993399339934,0,0.709828393135725,0.341500765696784,0.842748091603053,0.262992125984252,0.837209302325581,0.842349304482226,0.83179012345679,0.81832298136646,0.0060882800608828,0.836767036450079,0.825196850393701,0,0,0.839427662957075,0,0.429017160686427,0.8390625,0.00618238021638331,0.008,0.664050235478807,0,0.420634920634921,0.836767036450079,0.258914728682171,0.833876221498371,0.00631911532385466,0.858490566037736,0.156451612903226,0.168253968253968,0.172897196261682,0.812302839116719,0.450704225352113,0.833850931677019,0,0.839813374805599,0.708333333333333,0,0.158139534883721,0.369951534733441,0,0.771929824561403,0.380726698262243,0.236245954692557,0.834375,0.286158631415241,0.834365325077399,0.836477987421384,0,0.636932707355243,0.833068362480127,0.533546325878594,0.820063694267516,0,0.833865814696486,0.18960244648318,0,0.348726114649682,0.625,0.619281045751634,0,0,0.836477987421384,0.741784037558685,0.302215189873418,0.829617834394904,0.170111287758347,0.844236760124611,0.5312,0.846969696969697,0.273752012882448,0.828393135725429,0.838141025641026,0.820031298904538,0.854263565891473,0.151368760064412,0.8296875,0.154818325434439,0,0.72408293460925,0.819165378670788,0.819032761310452,0.179407176287051,0,0.836734693877551,0.5344,0.838815789473684,0.838258164852255,0.818466353677621,0.395638629283489,0.846511627906977,0.165079365079365,0.883333333333333,0.163833075734158,0.828025477707006,0.443759630200308,0,0.828843106180666,0,0.783570300157978,0.836220472440945,0.260663507109005,0.847962382445141,0.822152886115445,0.828787878787879,0.8328173374613,0.263910969793323,0.502325581395349,0.839486356340289,0.832268370607029,0.228571428571429,0.16796267496112,0.843548387096774,0.802816901408451,0,0,0.42515923566879,0.00158478605388273,0.82398753894081,0.41287284144427,0.807570977917981,0.699376947040498,0.853810264385692,0.538582677165354,0.509259259259259,0.408874801901743,0.842022116903633,0.853543307086614,0.819875776397516,0,0.782407407407407,0.3232,0.826923076923077,0.155555555555556,0.216793893129771,0.620472440944882,0.829420970266041,0.86890243902439,0.799684542586751,0.828616352201258,0.804140127388535,0,0.22626582278481,0.677321156773212,0.834405144694534,0,0.830482115085537,0.852134146341463,0.641390205371248,0.577881619937695,0.829113924050633,0.839285714285714,0.480499219968799,0,0.807395993836672,0.582539682539683,0.853225806451613,0.163779527559055,0.824427480916031,0.841521394611727,0.837712519319938,0.82780410742496,0.6265625,0.177215189873418,0.841346153846154,0.568535825545171,0.165402124430956,0.163608562691131,0.33968253968254,0.161392405063291,0.277597402597403,0.701095461658842,0.157894736842105,0.166407465007776,0.161189358372457,0.687595712098009,0.197431781701445,0.839486356340289,0.00798722044728434,0.141045958795563,0,0.352941176470588,0.842787682333874,0.810810810810811,0.82306477093207,0,0.82475884244373,0.764615384615385,0.691455696202532,0.658767772511848,0.53577106518283,0.519872813990461,0.0078003120124805,0.830670926517572,0.253477588871716,0.7085346215781,0.855784469096672,0.16875,0.951181102362205,0.169014084507042,0.273155416012559,0.833590138674884,0.839080459770115,0.832528180354267,0,0.724299065420561,0.808,0,0.1625,0.823529411764706,0.852201257861635,0,0.165109034267913,0.157566302652106,0.860162601626016,0.813397129186603,0.168012924071082,0,0.493690851735016,0.864864864864865,0.773148148148148,0.511737089201878,0.82475884244373,0.841294298921418,0.177115987460815,0.832565284178187,0.837423312883436,0.157232704402516,0.842679127725857,0.834890965732087,0.822115384615385,0.841538461538462,0.331189710610932,0.43944099378882,0.41471048513302,0.852988691437803,0.832247557003257,0.0403100775193798,0.396468699839486,0.829652996845426,0.297805642633229,0.430513595166163,0.839874411302983,0.840764331210191,0.838915470494418,0.69951534733441,0.832565284178187,0.375594294770206,0.849923430321593,0.826771653543307,0,0.453416149068323,0.614767255216693,0.17246835443038,0.0458135860979463,0.166666666666667,0.839622641509434,0.188940092165899,0.164835164835165,0,0.365930599369085,0.82601880877743,0.236842105263158,0.850649350649351,0.861904761904762,0.834123222748815,0.412974683544304,0.408264462809917,0.684375,0.531045751633987,0,0.784251968503937,0.167434715821813,0.194053208137715,0.336434108527132,0.841935483870968,0.16875,0,0.458658346333853,0.167692307692308,0.188383045525903,0.536115569823435,0.840189873417722,0.434146341463415,0.833605220228385,0.815748031496063,0,0.847407407407407,0.150769230769231,0.834621329211746,0.777424483306836,0.843548387096774,0.178060413354531,0.828173374613003,0.17007874015748,0.778816199376947,0.73581847649919,0.8265625,0.860031104199067,0.834365325077399,0.435257410296412,0.828616352201258,0.819444444444444,0.170769230769231,0.187793427230047,0.833597464342314,0.8375,0.471875,0.770542635658915,0.819218241042345,0.823899371069182,0.842349304482226,0,0.256451612903226,0.841692789968652,0.166931637519873,0,0.862776025236593,0.00631911532385466,0.206624605678233,0.824345146379045,0.858044164037855,0.00314465408805031,0.666666666666667,0.488924050632911,0.864077669902913,0.167721518987342,0.821086261980831,0.830097087378641,0.492845786963434,0.729133858267716,0.784591194968553,0,0.301412872841444,0.846029173419773,0.837795275590551,0.511111111111111,0.843410852713178,0.809045226130653,0.183254344391785,0.00156739811912226,0.84458398744113,0.834115805946792,0.82306477093207,0.676970633693972,0.160629921259843,0.812893081761006,0.346333853354134,0.347540983606557,0.00610687022900763,0.64968152866242,0.646964856230032,0.663026521060842,0,0.421221864951768,0.820754716981132,0.660436137071651,0.599688473520249,0.234398782343988,0,0,0.834586466165414,0.82225656877898,0,0.82670906200318,0.00803858520900321,0,0,0.82615629984051,0,0.844155844155844,0.775351014040562,0.614678899082569,0.838461538461538,0,0,0.841614906832298,0.848623853211009,0.734662576687117,0.160550458715596,0.00157728706624606,0.816793893129771,0.723172628304821,0.851097178683386,0.576506955177743,0.464454976303318,0,0.830508474576271,0.171521035598705,0.825320512820513,0.238019169329073,0,0.163608562691131,0.267716535433071,0.545161290322581,0.81733746130031,0,0.836391437308868,0.835384615384615,0.841692789968652,0,0.234108527131783,0.806070826306914,0.160392798690671,0.834101382488479,0.839150227617602,0.165625,0.833333333333333,0.424336973478939,0.9984375,0.174050632911392,0.3008,0.835443037974684,0.00636942675159236,0.165354330708661,0.841860465116279,0.174679487179487,0.679365079365079,0.460925039872408,0,0.258164852255054,0.708265802269044,0.384976525821596,0.843410852713178,0.159055118110236,0.269767441860465,0.519607843137255,0.82262996941896,0.813455657492355,0.833333333333333,0.745161290322581,0,0.85202492211838,0.171073094867807,0.819595645412131,0.510500807754443,0.173252279635258,0.839313572542902,0.844690966719493,0.842105263157895,0.632398753894081,0.845201238390093,0.275752773375594,0.3328,0.8149300155521,0.81875,0,0,0.83147853736089,0.812101910828026,0.171701112877583,0.849683544303797,0.846034214618974,0.487381703470032,0.850722311396469,0.750405186385737,0.811437403400309,0,0.829617834394904,0.466141732283465,0.844339622641509,0.831775700934579,0,0.647058823529412,0.872990353697749,0.1808,0.719155844155844,0.497645211930926,0.74468085106383,0.700320512820513,0.823439878234399,0.216257668711656,0.838915470494418,0.84458398744113,0.856037151702786,0.432258064516129,0.259720062208398,0.848297213622291,0.833333333333333,0.00469483568075117,0.75,0.536547433903577,0.421303656597774,0.761146496815287,0.841194968553459,0.837837837837838,0.830696202531646,0.133333333333333,0.165302782324059,0,0.786499215070644,0.156549520766773,0.161949685534591,0.42879746835443,0,0.84251968503937,0.814528593508501,0.836990595611285,0.847826086956522,0.233118971061093,0.176470588235294,0,0,0.307073954983923,0.228434504792332,0.298412698412698,0,0.165354330708661,0.837795275590551,0.0737327188940092,0.421052631578947,0.832278481012658,0.647798742138365,0.829032258064516,0.703588143525741,0.681047765793529,0,0.843939393939394,0.5184,0.616613418530351,0.844615384615385,0.835680751173709,0.515673981191223,0.00469483568075117,0.829153605015674,0.844036697247706,0,0.811059907834101,0.168810289389068,0.829073482428115,0.486739469578783,0,0.0062992125984252,0.645631067961165,0.803486529318542,0.168224299065421,0.2992,0.0094488188976378,0.0016260162601626,0.725190839694656,0.188498402555911,0.830282861896839,0.464285714285714,0.847328244274809,0.157566302652106,0.47581903276131,0.403536977491961,0.8256,0.240983606557377,0.17007874015748,0.00159235668789809,0.1957928802589,0,0.83969465648855,0.171009771986971,0.848623853211009,0.166402535657686,0.845906902086677,0,0.568567026194145,0.53577106518283,0.822222222222222,0,0.838006230529595,0,0.50402576489533,0.841781874039939,0,0.687306501547988,0.830427892234548,0.696485623003195,0.846275752773376,0.199081163859112,0,0.8234375,0.409017713365539,0,0.710730948678072,0.164133738601824,0.171516079632466,0.8384,0.844197138314785,0.8328173374613,0.820592823712949,0.835725677830941,0,0.823622047244094,0.0169491525423729,0.474809160305344,0.421875,0.838006230529595,0.821766561514196,0.842923794712286,0.833594976452119,0.0570107858243451,0.18025078369906,0.849918433931484,0.836477987421384,0.726006191950464,0.840625,0.834876543209877,0.856692913385827,0,0,0.82051282051282,0,0.208012326656394,0,0.841692789968652,0.429497568881686,0.334967320261438,0.278637770897833,0.8352,0,0.259780907668232,0.833597464342314,0.840625,0.677115987460815,0.550834597875569,0.342857142857143,0.344563552833078,0.634645669291339,0.151702786377709,0.258970358814353,0.652380952380952,0.385714285714286,0.709876543209877,0.174880763116057,0,0.152,0.45016077170418,0.827140549273021,0.660964230171073,0.370992366412214,0.660964230171073,0.831804281345566,0.819295558958652,0.835236541598695,0.835463258785943,0.841772151898734,0.84688995215311,0.626771653543307,0.528951486697966,0.838810641627543,0.166158536585366,0.160493827160494,0.822706065318818,0.00768049155145929,0.839009287925697,0.812792511700468,0,0.266025641025641,0,0.832025117739403,0,0.821316614420063,0.844827586206897,0.163076923076923,1,0.832558139534884,0.712698412698413,0.671779141104294,0.804107424960506,0,0,0.881967213114754,0.842185128983308,0.844094488188976,0,0,0.150974025974026,0.364928909952607,0.5600624024961,0,0.55,0,0.830696202531646,0.831210191082803,0.311605723370429,0.36150234741784,0,0.484602917341977,0.596214511041009,0.757861635220126,0.838212634822804,0.76056338028169,0.15251572327044,0.8592,0.0237717908082409,0.831168831168831,0,0.836641221374046,0.00475435816164818,0.836702954898911,0.1808,0.117363344051447,0,0,0.784591194968553,0.801932367149758,0.835147744945568,0.736111111111111,0.184615384615385,0.171474358974359,0.763888888888889,0.753067484662577,0,0.169303797468354,0.817891373801917,0,0.818035426731079,0.862928348909657,0.244514106583072,0.0311526479750779,0.156494522691706,0.837712519319938,0.561904761904762,0.211690363349131,0.235864297253635,0.276729559748428,0.720634920634921,0.235294117647059,0.84251968503937,0,0.728,0.829984544049459,0.00315955766192733,0,0.161631419939577,0,0.168486739469579,0.82601880877743,0.7140549273021,0.158908507223114,0.158982511923688,0.627980922098569,0.847723704866562,0.513137557959815,0.0385208012326656,0.172523961661342,0.0518638573743922,0.0170807453416149,0,0.165354330708661,0.169491525423729,0.143312101910828,0.177469135802469,0.170278637770898,0.0366826156299841,0.0431432973805855,0.17879746835443,0.0189274447949527,0.00643086816720257,0.0299212598425197,0.0219435736677116,0.0462249614791988,0.167464114832536,0.0219092331768388,0.1664,0.178456591639871,0.035031847133758,0.162939297124601,0.0356589147286822,0.15015479876161,0.186119873817035,0.159574468085106,0.161949685534591
"740",0.996860282574568,1,0.965413533834587,0.938871473354232,0.982594936708861,1,0.884969325153374,0.972307692307692,1,0,1,0,0.553846153846154,1,0.044478527607362,0.00765696784073507,0,0.015527950310559,0.996889580093313,0.98310291858679,0.151515151515152,0.0330708661417323,0.989473684210526,0,0.960061443932412,0.234276729559748,0.104199066874028,0.985759493670886,0.452743902439024,0.683812405446294,0,0.686838124054463,0.771028037383178,0.271056661562021,0,1,0.0180451127819549,0.993930197268589,0.256296296296296,0.916286149162861,0.00155038759689922,0.0153846153846154,0.00766871165644172,1,0.769108280254777,0.015625,0.491603053435115,0,0.452914798206278,0.126315789473684,0,0.993720565149137,0.259938837920489,1,0.871473354231975,0.150943396226415,0,0.973270440251572,0.957186544342508,0.900763358778626,0.28129829984544,0.428571428571429,0,0,0.909810126582278,0.834355828220859,0,0.989312977099237,0,0,0.859756097560976,0.00625,0.0169230769230769,1,0,0.712574850299401,0.0397553516819572,0.564024390243902,0.898753894080997,0.253658536585366,0,0.693009118541033,0.198795180722892,0.998489425981873,0.107575757575758,0.906727828746177,0.996983408748115,0.967840735068913,0.969183359013868,0.0120300751879699,0.9858934169279,1,0,0,0.973926380368098,0,0.289193302891933,0.978527607361963,0.00757575757575758,0.0093167701863354,0.605304212168487,0,0.27639751552795,1,0.101515151515152,1,0.0122887864823349,0.975609756097561,0,0.00469483568075117,0.00459418070444104,0.899068322981366,0.31839258114374,0.993827160493827,0,0.986217457886677,0.696923076923077,0,0,0.230886850152905,0,0.767692307692308,0.238461538461538,0.0725552050473186,0.970858895705521,0.145454545454545,0.998482549317147,0.998473282442748,0,0.540334855403349,0.926905132192846,0.493730407523511,0.993670886075949,0,0.995305164319249,0.0213740458015267,0,0.202453987730061,0.613003095975232,0.504731861198738,0,0,0.978395061728395,0.75462962962963,0.166929133858268,1,0.00632911392405063,0.924242424242424,0.402208201892744,0.978915662650602,0.128930817610063,0.9859375,1,0.839258114374034,0.995334370139969,0,1,0,0,0.74491392801252,0.866261398176292,0.983128834355828,0.0164917541229385,0,1,0.438485804416404,1,1,1,0.278443113772455,0.978755690440061,0.0015527950310559,0.949101796407186,0,0.892857142857143,0.345038167938931,0,0.986175115207373,0,0.857142857142857,1,0.118195956454121,0.979813664596273,0.951219512195122,0.994029850746269,0.975646879756469,0.0888208269525268,0.367469879518072,0.92,0.93953488372093,0.0490045941807044,0.00453172205438067,0.979813664596273,0.848854961832061,0,0,0.289676425269646,0.0015220700152207,1,0.233433734939759,0.868544600938967,0.758208955223881,0.990963855421687,0.430769230769231,0.440909090909091,0.287925696594427,0.913446676970634,0.966205837173579,0.878048780487805,0,0.882800608828006,0.17329093799682,0.945141065830721,0,0.0599700149925037,0.52132701421801,0.981818181818182,0.977272727272727,0.831269349845201,0.998487140695915,0.89922480620155,0,0.066358024691358,0.651515151515151,0.995341614906832,0,0.992447129909366,0.980480480480481,0.540958268933539,0.542503863987635,0.989130434782609,1,0.35202492211838,0,0.87856071964018,0.513097072419106,0.968701095461659,0,0.954954954954955,0.998447204968944,1,0.958204334365325,0.527272727272727,0,0.967238689547582,0.528787878787879,0.0029940119760479,0.00151515151515152,0.2015625,0,0.149300155520995,0.664661654135338,0,0.00153139356814701,0.00617283950617284,0.575342465753425,0.0348101265822785,0.984423676012461,0.0127186009538951,0,0,0.218944099378882,1,0.978328173374613,0.904109589041096,0,0.863924050632911,0.855203619909502,0.678627145085803,0.588509316770186,0.442218798151002,0.461778471138846,0.0122511485451761,1,0.0874811463046757,0.694041867954911,0.956989247311828,0.00762195121951219,0.740853658536585,0,0.111111111111111,1,1,0.881987577639752,0,0.638297872340426,0.874608150470219,0,0,0.88905325443787,0.976816074188563,0,0,0.00150829562594268,0.976923076923077,0.8828125,0,0,0.365325077399381,0.988976377952756,0.777609682299546,0.383435582822086,0.653250773993808,0.96030534351145,0.0061633281972265,1,1,0.00613496932515337,0.96177370030581,1,0.973186119873817,0.998463901689708,0.172573189522342,0.303215926493109,0.281345565749235,0.975155279503106,0.950871632329635,0.053030303030303,0.266457680250784,0.972307692307692,0.149925037481259,0.301775147928994,0.995290423861852,0.998444790046656,0.967692307692308,0.678913738019169,1,0.242088607594937,0.962006079027356,0.998442367601246,0,0.311649016641452,0.542452830188679,0.00923076923076923,0.0580152671755725,0.00902255639097744,0.913978494623656,0.0214723926380368,0,0,0.216463414634146,0.993720565149137,0.0691244239631336,0.984076433121019,0.964230171073095,0.989147286821705,0.273716951788491,0.281399046104928,0.669254658385093,0.446428571428571,0,0.815336463223787,0.00904977375565611,0.0350609756097561,0.195121951219512,1,0.00153846153846154,0,0.31651376146789,0.00907715582450832,0.0218408736349454,0.465625,1,0.267090620031797,1,0.969512195121951,0,0.991176470588235,0,0.998505231689088,0.828703703703704,1,0.00928792569659443,0.980273141122914,0,0.888379204892966,0.703937007874016,0.945371775417299,0.983154670750383,0.998452012383901,0.287461773700306,0.967136150234742,1,0,0.027355623100304,1,1,0.320493066255778,0.899845916795069,0.97007874015748,0.952887537993921,1,0,0.113029827315542,1,0.00154559505409583,0,0.962962962962963,0.0111287758346582,0.0386996904024768,1,0.964560862865948,0.0031201248049922,0.612403100775194,0.409302325581395,0.979750778816199,0,0.873040752351097,0.996815286624204,0.376543209876543,0.592248062015504,0.775038520801233,0,0.155660377358491,0.974921630094044,0.998480243161094,0.420091324200913,1,0.975728155339806,0.0232919254658385,0.00151975683890578,0.983383685800604,0.995341614906832,0.949386503067485,0.682027649769585,0.00623052959501558,0.859842519685039,0.213292117465224,0.169686985172982,0.00619195046439629,0.614420062695925,0.599688473520249,0.589312977099237,0,0.265079365079365,0.912772585669782,0.636225266362253,0.521021021021021,0.0782865583456425,0,0,1,0.971935007385524,0,0.914860681114551,0.0109034267912773,0,0,0.998459167950693,0,1,0.769113149847095,0.511415525114155,1,0,0,0.992378048780488,0.967065868263473,0.716030534351145,0,0.00318471337579618,0.866666666666667,0.589393939393939,1,0.525835866261398,0.334351145038168,0,0.981707317073171,0,0.955177743431221,0.088785046728972,0,0.00895522388059702,0.111111111111111,0.485530546623794,0.975794251134644,0,0.944858420268256,0.978560490045942,1,0,0.0639625585023401,0.940226171243942,0.00317460317460317,1,1,0.00610687022900763,1,0.294298921417565,0.795419847328244,0.00772797527047913,0.159810126582278,0.958715596330275,0.0122887864823349,0,0.97112462006079,0.00315955766192733,0.662460567823344,0.375,0,0.10752688172043,0.732394366197183,0.252679938744257,0.972222222222222,0,0.131578947368421,0.454838709677419,0.947368421052632,0.892053973013493,0.967441860465116,0.738244514106583,0,0.984939759036145,0,0.967791411042945,0.379968203497615,0,1,1,1,0.618827160493827,0.98310291858679,0.126168224299065,0.182389937106918,0.948249619482496,0.867781155015198,0,0,0.992295839753467,0.937106918238994,0.0138036809815951,0.987538940809969,0.990825688073395,0.342635658914729,0.933125972006221,0.728414442700157,0.876335877862595,0,0.972560975609756,0.327586206896552,1,0.998463901689708,0,0.639876352395672,0.97045101088647,0,0.671875,0.373271889400922,0.799701046337818,0.675,0.963800904977376,0.0805970149253731,0.98125,1,0.98145285935085,0.276995305164319,0.0934150076569678,0.989263803680982,1,0.00762195121951219,0.787234042553192,0.450980392156863,0.251533742331288,0.756880733944954,1,0.88646967340591,1,0.127659574468085,0,0,0.821538461538462,0.0015625,0,0.26502311248074,0,0.987748851454824,0.911042944785276,0.998466257668712,0.993893129770992,0.085972850678733,0,0,0,0.169254658385093,0.0746500777604977,0.151468315301391,0,0,1,0.00914634146341463,0.284389489953632,1,0.569678407350689,0.976599063962558,0.643504531722054,0.624620060790274,0,1,0.3824,0.488372093023256,0.921092564491654,0.989425981873112,0.380952380952381,0.0107858243451464,0.950693374422188,0.957120980091884,0,0.970326409495549,0.0185471406491499,0.9824,0.437878787878788,0,0.00917431192660551,0.505546751188589,0.825273010920437,0,0.130914826498423,0.0122887864823349,0.00160513643659711,0.741353383458647,0.0202492211838006,1,0.30077519379845,0.993846153846154,0,0.369137670196672,0.305164319248826,0.866877971473851,0.0894568690095847,0.00305810397553517,0.00304878048780488,0.0387596899224806,0,0.995495495495496,0.0407523510971787,0.979166666666667,0.00469483568075117,1,0,0.512820512820513,0.458461538461538,1,0,0.998498498498498,0,0.383045525902669,0.989409984871407,0,0.638167938931298,0.982892690513219,0.7265625,0.951334379905808,0.0364188163884674,0,1,0.258620689655172,0,0.680119581464873,0,0.0183206106870229,1,1,0.992447129909366,0.973765432098765,0.981566820276498,0,0.975460122699387,0.024132730015083,0.332833583208396,0.277272727272727,0.990867579908676,0.995412844036697,0.992503748125937,0.993920972644377,0.0507692307692308,0.0124031007751938,0.980952380952381,0.958778625954198,0.714939024390244,0.980061349693252,1,0.970769230769231,0,0,0.979166666666667,0,0.0666666666666667,0,0.955521472392638,0.274143302180685,0.191823899371069,0.112291350531108,0.920807453416149,0,0.107361963190184,1,1,0.630841121495327,0.414201183431953,0.204712812960236,0.172876304023845,0.630030959752322,0,0.113981762917933,0.536434108527132,0.259090909090909,0.699544764795144,0.0123839009287926,0,0,0.301710730948678,1,0.611620795107034,0.217065868263473,0.619047619047619,0.870967741935484,0.986404833836858,0.9616,0.979623824451411,1,1,0.555038759689922,0.410769230769231,0.998459167950693,0.0029673590504451,0.00754147812971342,0.875776397515528,0.0137825421133231,1,0.967840735068913,0,0.105095541401274,0,0.952234206471495,0,0.978625954198473,1,0.0060790273556231,0.832558139534884,1,0.643856920684292,0.608562691131499,0.868421052631579,0,0,0.930868167202572,0.942307692307692,0.989312977099237,0,0,0,0.231003039513678,0.511075949367089,0,0.448854961832061,0,0.918110236220472,1,0.158059467918623,0.226928895612708,0,0.343213728549142,0.593508500772797,0.879443585780526,0.96206373292868,0.761102603369066,0,0.9872,0.0153609831029186,1,0,0.982062780269058,0.00763358778625954,1,0.0138888888888889,0.0108695652173913,0,0,0.822900763358779,0.932917316692668,0.931137724550898,0.720121028744327,0.0239162929745889,0.0062015503875969,0.824345146379045,0.841317365269461,0,0.0138461538461538,0.973966309341501,0,0.984350547730829,0.950844854070661,0.060790273556231,0.044478527607362,0.00303490136570561,1,0.455259026687598,0.0747663551401869,0.09375,0.109756097560976,0.682242990654206,0.0925644916540212,1,0,0.753918495297806,0.984709480122324,0.0046583850931677,0,0,0,0,1,0.72,0,0,0.530232558139535,0.953416149068323,0.422427035330261,0.0482654600301659,0,0.0538827258320127,0.0199386503067485,0,0.0265210608424337,0.00299850074962519,0,0.00755287009063444,0,0.0564263322884013,0.0583717357910906,0.0155763239875389,0.0201238390092879,0.00631911532385466,0.0259146341463415,0.0260736196319018,0.0590909090909091,0.00622083981337481,0.0214395099540582,0,0,0.0471698113207547,0.00615384615384615,0.0252225519287834,0,0.0340557275541796,0.00150375939849624,0
"741",0.656862745098039,0.648089171974522,0.678233438485804,0.683441558441558,0.656301145662848,0.655228758169935,0.726537216828479,0.670866141732283,0.642633228840125,0,0.640378548895899,0.00159235668789809,0.618441971383148,0.652173913043478,0.392405063291139,0.368421052631579,0,0.00645161290322581,0.662884927066451,0.670364500792393,0.52411575562701,0.350162866449511,0.644654088050314,0.0015748031496063,0.681889763779528,0.473684210526316,0.431818181818182,0.635024549918167,0.646781789638933,0.706730769230769,0.363207547169811,0.70440251572327,0.710144927536232,0.501597444089457,0.00159489633173844,0.640253565768621,0.0187207488299532,0.645962732919255,0.579352850539291,0.658267716535433,0,0.00483870967741936,0.00318471337579618,0.646964856230032,0.71869918699187,0.357371794871795,0.57484076433121,0.3424,0.614173228346457,0.444790046656299,0.0015625,0.646869983948636,0.540540540540541,0.642172523961661,0.740095087163233,0.454692556634304,0.0016366612111293,0.658615136876006,0.664596273291925,0.691943127962085,0.477917981072555,0.619496855345912,0.356913183279743,0.00163132137030995,0.667757774140753,0.676145339652449,0.00161812297734628,0.647727272727273,0,0.345718901453958,0.647887323943662,0.349206349206349,0.368088467614534,0.65210608424337,0.00158227848101266,0.731782945736434,0.389324960753532,0.639240506329114,0.703525641025641,0.505942275042445,0.00159744408945687,0.720125786163522,0.479938271604938,0.631496062992126,0.426307448494453,0.714953271028037,0.645211930926217,0.674603174603175,0.650621118012422,0.00461538461538462,0.642172523961661,0.655608214849921,0.00158730158730159,0.00160771704180064,0.665056360708535,0.00160771704180064,0.639240506329114,0.652380952380952,0.00312989045383412,0.00317965023847377,0.8656,0,0.612244897959184,0.65,0.420807453416149,0.654098360655738,0.00478468899521531,0.666131621187801,0.344715447154472,0.360062893081761,0.348101265822785,0.7216,0.536624203821656,0.642289348171701,0.0016260162601626,0.659305993690852,0.721780604133545,0.0015625,0.346394984326019,0.484848484848485,0.0015625,0.715890850722311,0.589540412044374,0.399678972712681,0.66031746031746,0.45625,0.658307210031348,0.645569620253165,0.00158227848101266,0.848673946957878,0.68860353130016,0.586038961038961,0.645833333333333,0.0015748031496063,0.654664484451719,0.356918238993711,0.00156494522691706,0.573248407643312,0.606109324758842,0.833060556464812,0.00161812297734628,0.00162337662337662,0.669796557120501,0.7024,0.46677471636953,0.644694533762058,0.341894060995185,0.721153846153846,0.558631921824104,0.657320872274143,0.498349834983498,0.646496815286624,0.640575079872205,0.692429022082019,0.6448,0.327868852459016,0.648177496038035,0.343354430379747,0.00156739811912226,0.698872785829308,0.725429017160686,0.66131621187801,0.362637362637363,0.00156494522691706,0.64576802507837,0.601286173633441,0.657467532467532,0.649452269170579,0.648264984227129,0.483412322274882,0.655063291139241,0.350877192982456,0.662538699690402,0.352760736196319,0.71658615136876,0.534700315457413,0.00158227848101266,0.638126009693053,0.00156985871271586,0.653481012658228,0.649038461538462,0.424483306836248,0.652931854199683,0.674085850556439,0.650470219435737,0.669266770670827,0.423380726698262,0.559561128526646,0.707516339869281,0.681528662420382,0.391167192429022,0.361904761904762,0.660743134087238,0.734177215189873,0.00154798761609907,0.00162337662337662,0.667726550079491,0.00158730158730159,0.650943396226415,0.499219968798752,0.74313408723748,0.634375,0.653605015673981,0.76031746031746,0.591482649842271,0.627642276422764,0.651612903225806,0.669341894060995,0.696062992125984,0.00161290322580645,0.673566878980892,0.527272727272727,0.667202572347267,0.344551282051282,0.395061728395062,0.843700159489633,0.671451355661882,0.662460567823344,0.705882352941177,0.656200941915228,0.671474358974359,0.00160513643659711,0.390749601275917,0.695787831513261,0.649206349206349,0.00157232704402516,0.658461538461538,0.650842266462481,0.845659163987138,0.564263322884012,0.653481012658228,0.651239669421488,0.693650793650794,0.00163132137030995,0.700934579439252,0.638668779714738,0.691680261011419,0.353125,0.6453125,0.645367412140575,0.651828298887122,0.655339805825243,0.623052959501558,0.360708534621578,0.67948717948718,0.598736176935229,0.353302611367127,0.343605546995377,0.4272,0.342902711323764,0.499178981937603,0.848909657320872,0.357945425361156,0.353582554517134,0.363492063492063,0.877138413685848,0.371941272430669,0.667192429022082,0.00325732899022801,0.3408,0.00156985871271586,0.567043618739903,0.665024630541872,0.642969984202212,0.671406003159558,0.0015748031496063,0.723127035830619,0.649762282091918,0.70906200317965,0.657142857142857,0.562998405103668,0.561797752808989,0.00470957613814757,0.634460547504026,0.44888178913738,0.717607973421927,0.691455696202532,0.359497645211931,0.763866877971474,0.362619808306709,0.45253164556962,0.668231611893584,0.648424543946932,0.729641693811075,0.00154320987654321,0.842767295597484,0.73095623987034,0.00158730158730159,0.356918238993711,0.729938271604938,0.658730158730159,0,0.351524879614767,0.350710900473934,0.665056360708535,0.706168831168831,0.341543513957307,0,0.697492163009404,0.663446054750403,0.840873634945398,0.54066985645933,0.7632,0.665610142630745,0.35377358490566,0.649691358024691,0.660910518053375,0.341269841269841,0.673015873015873,0.654574132492114,0.667757774140753,0.651273885350318,0.474522292993631,0.576190476190476,0.638535031847134,0.661184210526316,0.670436187399031,0.032967032967033,0.483974358974359,0.677993527508091,0.433229813664596,0.506153846153846,0.658767772511848,0.66884176182708,0.6544,0.720853858784893,0.646322378716745,0.475649350649351,0.691588785046729,0.656401944894652,0.00160513643659711,0.574568288854003,0.809061488673139,0.359300476947536,0.0348101265822785,0.3453125,0.685126582278481,0.371473354231975,0.347133757961783,0.00154798761609907,0.494470774091627,0.65378421900161,0.39268680445151,0.673267326732673,0.682615629984051,0.662440570522979,0.638126009693053,0.634426229508197,0.6656,0.559738134206219,0.0015600624024961,0.667197452229299,0.342723004694836,0.358934169278997,0.530421216848674,0.6608,0.352848101265823,0.0015600624024961,0.599369085173502,0.362041467304625,0.375399361022364,0.610932475884244,0.645569620253165,0.511400651465798,0.647350993377483,0.6384,0.0015552099533437,0.656967840735069,0.341692789968652,0.660990712074303,0.671974522292994,0.667763157894737,0.363349131121643,0.673374613003096,0.338658146964856,0.659777424483307,0.698854337152209,0.669291338582677,0.661904761904762,0.634340222575517,0.620192307692308,0.658105939004815,0.6359375,0.356466876971609,0.345971563981043,0.659127625201939,0.653481012658228,0.537854889589905,0.641185647425897,0.671074380165289,0.66877971473851,0.641065830721003,0,0.423014586709887,0.650641025641026,0.348580441640379,0.00161030595813205,0.676898222940226,0.0032258064516129,0.376395534290271,0.649452269170579,0.691693290734824,0.00319488817891374,0.872408293460925,0.543408360128617,0.684552845528455,0.339837398373984,0.678972712680578,0.649671052631579,0.587561374795417,0.845181674565561,0.723747980613893,0.00161290322580645,0.509523809523809,0.667207792207792,0.653160453808752,0.53968253968254,0.648648648648649,0.626057529610829,0.359300476947536,0.00158982511923688,0.663492063492063,0.645468998410175,0.681962025316456,0.656739811912226,0.359746434231379,0.729773462783172,0.478537360890302,0.530100334448161,0.00159235668789809,0.643435980551053,0.666666666666667,0.686028257456829,0.0015527950310559,0.518945634266886,0.683544303797468,0.644200626959248,0.625196850393701,0.407975460122699,0,0,0.645896656534954,0.646697388632873,0.00157977883096367,0.719551282051282,0.0016025641025641,0.00157977883096367,0.00163132137030995,0.645161290322581,0.0015625,0.684640522875817,0.841772151898734,0.838810641627543,0.646687697160883,0.00161812297734628,0.00161812297734628,0.654028436018957,0.683153013910355,0.700787401574803,0.343949044585987,0.00160513643659711,0.7398753894081,0.819047619047619,0.652733118971061,0.582434514637905,0.5553772070626,0.00158730158730159,0.648264984227129,0.340356564019449,0.682926829268293,0.395121951219512,0.0015552099533437,0.351851851851852,0.439370078740157,0.57286432160804,0.651968503937008,0.00157977883096367,0.697204968944099,0.65818759936407,0.630331753554502,0.00160771704180064,0.393939393939394,0.642978003384095,0.364238410596026,0.650695517774343,0.635220125786163,0.342812006319115,0.636075949367089,0.638932496075353,0.741324921135647,0.379254457050243,0.518821603927987,0.674085850556439,0.00321543408360129,0.36031746031746,0.66510172143975,0.348242811501597,0.706075533661741,0.560897435897436,0.0015748031496063,0.444444444444444,0.692307692307692,0.60410094637224,0.668789808917197,0.344287949921753,0.445141065830721,0.563973063973064,0.663565891472868,0.6801872074883,0.6608,0.676375404530744,0,0.653250773993808,0.349922239502333,0.634493670886076,0.723856209150327,0.348091603053435,0.6484375,0.659677419354839,0.649038461538462,0.610492845786963,0.65625,0.475728155339806,0.541800643086817,0.683464566929134,0.740219092331768,0.0015527950310559,0.00161550888529887,0.652665589660743,0.667736757624398,0.352272727272727,0.671497584541063,0.658307210031348,0.708661417322835,0.712195121951219,0.798045602605863,0.717665615141956,0.00157232704402516,0.681020733652313,0.671474358974359,0.662957074721781,0.6544,0.00154320987654321,0.679549114331723,0.67258064516129,0.345659163987138,0.668269230769231,0.552922590837283,0.66306027820711,0.698717948717949,0.6453125,0.382445141065831,0.666666666666667,0.644444444444444,0.664536741214057,0.619741100323625,0.419047619047619,0.649122807017544,0.652448657187994,0.004739336492891,0.703001579778831,0.614791987673344,0.502392344497608,0.72755905511811,0.642405063291139,0.6912,0.63849765258216,0.1984375,0.362438220757825,0.00156739811912226,0.715654952076677,0.357827476038339,0.338095238095238,0.5103668261563,0,0.677725118483412,0.667721518987342,0.636650868878357,0.657686212361331,0.402535657686212,0.350961538461538,0.00155038759689922,0.00157232704402516,0.504838709677419,0.39708265802269,0.462157809983897,0.00156494522691706,0.34012539184953,0.633647798742138,0.1453125,0.6513470681458,0.644122383252818,0.855799373040752,0.65112540192926,0.683042789223455,0.697347893915757,0.0015625,0.642748091603053,0.741100323624595,0.799679487179487,0.71583850931677,0.652037617554859,0.630914826498423,0.00476947535771065,0.688709677419355,0.689763779527559,0.0015600624024961,0.644961240310078,0.351910828025478,0.675986842105263,0.573667711598746,0.00161030595813205,0.00318471337579618,0.832236842105263,0.729903536977492,0.348367029548989,0.440842787682334,0.00158982511923688,0.00161812297734628,0.647692307692308,0.36624203821656,0.650847457627119,0.546456692913386,0.658841940532081,0.357142857142857,0.547433903576983,0.503215434083601,0.726229508196721,0.42339373970346,0.368253968253968,0.00159744408945687,0.367047308319739,0.00154559505409583,0.652173913043478,0.300492610837438,0.656346749226006,0.340322580645161,0.652597402597403,0.00153846153846154,0.588419405320814,0.644230769230769,0.653907496012759,0.00162074554294976,0.650621118012422,0.0016,0.572139303482587,0.664050235478807,0.00155763239875389,0.884858044164038,0.67258064516129,0.613268608414239,0.697560975609756,0.370662460567823,0,0.640062597809077,0.480582524271845,0.0015600624024961,0.722834645669291,0.333846153846154,0.363207547169811,0.64926590538336,0.646031746031746,0.637071651090343,0.641838351822504,0.653290529695024,0.00158478605388273,0.661341853035144,0.00940438871473354,0.683641975308642,0.517460317460318,0.659340659340659,0.641509433962264,0.660377358490566,0.659305993690852,0.0665610142630745,0.376602564102564,0.661764705882353,0.666141732283465,0.679127725856698,0.658692185007974,0.641065830721003,0.685714285714286,0.00152905198776758,0.00154320987654321,0.648484848484848,0.0015600624024961,0.37597503900156,0.00161550888529887,0.691338582677165,0.5,0.464169381107492,0.468509984639017,0.677938808373591,0.00314465408805031,0.440251572327044,0.648177496038035,0.6625,0.691455696202532,0.749618320610687,0.480061349693252,0.441497659906396,0.623586429725363,0.344236760124611,0.416403785488959,0.866028708133971,0.483870967741935,0.670886075949367,0.348726114649682,0.00160771704180064,0.335987261146497,0.649918962722853,0.645528455284553,0.783018867924528,0.577160493827161,0.649452269170579,0.733017377567141,0.646697388632873,0.669449081803005,0.646302250803859,0.649918962722853,0.657556270096463,0.635782747603834,0.591263650546022,0.657686212361331,0.361280487804878,0.356037151702786,0.711323763955343,0.004739336492891,0.641304347826087,0.636942675159236,0,0.455573505654281,0.00156739811912226,0.655339805825243,0,0.669254658385093,0.648177496038035,0.346031746031746,0.712698412698413,0.643856920684292,1,0.856697819314642,0.74488188976378,0.00159744408945687,0.00161290322580645,0.669421487603306,0.705069124423963,0.658878504672897,0.0015625,0.00158227848101266,0.356209150326797,0.475743348982786,0.583860759493671,0.0015748031496063,0.602848101265823,0,0.67258064516129,0.655284552845528,0.449920508744038,0.499210110584518,0.00154559505409583,0.539325842696629,0.592948717948718,0.63015873015873,0.669811320754717,0.871382636655949,0.339116719242902,0.6721044045677,0.0432692307692308,0.647727272727273,0.00163934426229508,0.649149922720247,0.0032,0.637987012987013,0.359223300970874,0.222042139384117,0,0,0.688498402555911,0.635179153094462,0.704581358609795,0.690851735015773,0.37245696400626,0.344771241830065,0.643423137876387,0.610591900311526,0,0.348387096774194,0.65008025682183,0.00156739811912226,0.652597402597403,0.687010954616588,0.388888888888889,0.0286624203821656,0.340288924558588,0.642072213500785,0.567524115755627,0.386942675159236,0.404643449419569,0.423622047244094,0.699346405228758,0.402208201892744,0.65751211631664,0.00156985871271586,0.705787781350482,0.629337539432177,0.00161290322580645,0.00161550888529887,0.360681114551084,0,0.354632587859425,0.638330757341577,0.689883913764511,0.352272727272727,0.344262295081967,0.844690966719493,0.682182985553772,0.610410094637224,0.0328125,0.346905537459283,0.0557377049180328,0.0111642743221691,0.00159489633173844,0.319354838709677,0.345038167938931,0.341384863123994,0.356357927786499,0.349056603773585,0.0309446254071661,0.0394321766561514,0.363067292644757,0.0142405063291139,0.00484652665589661,0.028169014084507,0.0172955974842767,0.0352,0.37220447284345,0.0173775671406003,0.337133550488599,0.353130016051364,0.0306946688206785,0.356120826709062,0.0373250388802488,0.355905511811024,0.35062893081761,0.365625,0.33974358974359
"742",0.628346456692913,0.625194401244168,0.644274809160305,0.658692185007974,0.620634920634921,0.608346709470305,0.672926447574335,0.641304347826087,0.614678899082569,0,0.618098159509202,0,0.612903225806452,0.607655502392344,0.408227848101266,0.389489953632148,0,0.00631911532385466,0.624193548387097,0.65144596651446,0.524767801857585,0.398724082934609,0.621745788667688,0,0.665123456790123,0.492935635792779,0.445468509984639,0.614285714285714,0.608628659476117,0.671296296296296,0.386259541984733,0.669767441860465,0.673501577287066,0.524332810047096,0,0.61609907120743,0.0120663650075415,0.609422492401216,0.600591715976331,0.63030303030303,0.00156739811912226,0.00461538461538462,0.0015220700152207,0.615264797507788,0.692675159235669,0.394944707740916,0.579937304075235,0.384615384615385,0.608433734939759,0.459580838323353,0,0.616224648985959,0.569875776397516,0.61875,0.696062992125984,0.498402555910543,0,0.626373626373626,0.644916540212443,0.670676691729323,0.499227202472952,0.612213740458015,0.384126984126984,0,0.642633228840125,0.647058823529412,0,0.608087091757387,0,0.393700787401575,0.621329211746522,0.365054602184087,0.397196261682243,0.621374045801527,0,0.681818181818182,0.425076452599388,0.618827160493827,0.668759811616955,0.533003300330033,0,0.701834862385321,0.496960486322188,0.606481481481482,0.455259026687598,0.684698608964451,0.612213740458015,0.642301710730949,0.611532625189681,0.0015220700152207,0.61741835147745,0.611455108359133,0,0,0.630434782608696,0,0.621745788667688,0.620743034055728,0.00306748466257669,0.0031201248049922,0.787692307692308,0,0.627118644067797,0.611801242236025,0.468181818181818,0.610223642172524,0.00154083204930663,0.649612403100775,0.383647798742138,0.403426791277259,0.374414976599064,0.67817896389325,0.554517133956386,0.619565217391304,0,0.645608628659476,0.7,0,0.381901840490798,0.5,0,0.671899529042386,0.619783616692427,0.436220472440945,0.640122511485452,0.473926380368098,0.622154779969651,0.615030674846626,0,0.791277258566978,0.658767772511848,0.598715890850722,0.624806201550388,0,0.621187800963082,0.392694063926941,0,0.597791798107255,0.604361370716511,0.754385964912281,0,0,0.638888888888889,0.686335403726708,0.491961414790997,0.622464898595944,0.368916797488226,0.703761755485893,0.571884984025559,0.629909365558912,0.511400651465798,0.62557781201849,0.610591900311526,0.63093415007657,0.61741835147745,0.363492063492063,0.6234375,0.384136858475894,0,0.675590551181102,0.677811550151976,0.610248447204969,0.396923076923077,0,0.619414483821264,0.607874015748031,0.626391096979332,0.618012422360248,0.621374045801527,0.495384615384615,0.613251155624037,0.384853168469861,0.629007633587786,0.391566265060241,0.661442006269592,0.534668721109399,0,0.610510046367852,0,0.631024096385542,0.61741835147745,0.455414012738854,0.621664050235479,0.654743390357698,0.624815361890694,0.633540372670807,0.472222222222222,0.561456752655539,0.663507109004739,0.653418124006359,0.41743119266055,0.388198757763975,0.63452566096423,0.68944099378882,0,0,0.688372093023256,0.0015552099533437,0.624615384615385,0.515243902439024,0.690251572327044,0.640432098765432,0.631259484066768,0.774691358024691,0.573373676248109,0.655226209048362,0.607476635514019,0.627725856697819,0.659509202453988,0,0.641104294478528,0.538338658146965,0.6328125,0.366352201257862,0.423135464231355,0.784375,0.625391849529781,0.624808575803982,0.67651632970451,0.625386996904025,0.648818897637795,0,0.419601837672282,0.66969696969697,0.636507936507936,0,0.608763693270736,0.619482496194825,0.782270606531882,0.597222222222222,0.625,0.626409017713366,0.678740157480315,0,0.662557781201849,0.603395061728395,0.6432,0.379310344827586,0.618320610687023,0.614896988906498,0.622496147919877,0.637658227848101,0.601526717557252,0.392063492063492,0.64576802507837,0.577981651376147,0.373692077727952,0.386850152905199,0.466141732283465,0.384615384615385,0.524332810047096,1,0.3843797856049,0.377099236641221,0.377125193199382,0.847328244274809,0.398089171974522,0.645669291338583,0.0031496062992126,0.371913580246914,0,0.589424572317263,0.6192,0.622670807453416,0.649149922720247,0,0.665071770334928,0.632716049382716,0.670295489891135,0.622083981337481,0.569182389937107,0.575516693163752,0.00308641975308642,0.618296529968454,0.462709284627093,0.675675675675676,0.654205607476635,0.393468118195956,0.714511041009464,0.393700787401575,0.467075038284839,0.617151607963247,0.611916264090177,0.685714285714286,0,0.813353566009105,0.679245283018868,0,0.386259541984733,0.683183183183183,0.62085308056872,0,0.385208012326656,0.37173579109063,0.6384,0.668769716088328,0.375,0,0.684458398744113,0.622083981337481,0.815151515151515,0.568567026194145,0.73186119873817,0.625,0.377535101404056,0.621951219512195,0.624427480916031,0.379256965944272,0.642526964560863,0.627480916030534,0.624405705229794,0.630434782608696,0.492307692307692,0.604545454545454,0.642745709828393,0.642072213500785,0.645007923930269,0.0212765957446809,0.50392464678179,0.640062597809077,0.436532507739938,0.524096385542169,0.620528771384137,0.621451104100946,0.634108527131783,0.688679245283019,0.603053435114504,0.501543209876543,0.659476117103236,0.611023622047244,0,0.586687306501548,0.74805598755832,0.398104265402844,0.0263565891472868,0.380664652567976,0.655332302936631,0.392638036809816,0.384969325153374,0,0.5140625,0.622257053291536,0.430599369085173,0.62684124386252,0.661993769470405,0.636645962732919,0.664546899841017,0.655502392344498,0.648818897637795,0.587662337662338,0,0.641744548286604,0.369465648854962,0.396656534954407,0.544186046511628,0.628930817610063,0.39236641221374,0,0.612654320987654,0.389230769230769,0.391849529780564,0.601255886970173,0.614906832298137,0.511923688394277,0.621970920840065,0.602825745682888,0,0.623511904761905,0.380733944954128,0.639393939393939,0.636363636363636,0.631160572337043,0.393468118195956,0.639016897081413,0.381395348837209,0.64031007751938,0.6801872074883,0.632307692307692,0.628659476117103,0.610675039246468,0.653188180404355,0.629860031104199,0.603630862329803,0.396054628224583,0.378294573643411,0.616719242902208,0.627118644067797,0.530959752321981,0.619783616692427,0.63961038961039,0.632716049382716,0.612403100775194,0,0.458937198067633,0.617873651771957,0.385802469135802,0,0.634493670886076,0.00319488817891374,0.395931142410016,0.623277182235835,0.662538699690402,0.0015748031496063,0.786936236391913,0.549844236760125,0.637636080870918,0.3801261829653,0.636650868878357,0.624012638230648,0.579527559055118,0.804281345565749,0.695178849144635,0,0.537735849056604,0.629337539432177,0.629283489096573,0.566820276497696,0.627480916030534,0.602627257799672,0.3890625,0,0.622526636225266,0.632398753894081,0.657643312101911,0.634146341463415,0.396825396825397,0.673913043478261,0.507716049382716,0.508169934640523,0.00152671755725191,0.630914826498423,0.649289099526066,0.667706708268331,0,0.516640253565769,0.650316455696203,0.632307692307692,0.593846153846154,0.438438438438438,0,0,0.618479880774963,0.607250755287009,0,0.709428129829985,0,0,0,0.619565217391304,0,0.636217948717949,0.76605504587156,0.789954337899543,0.611111111111111,0,0,0.616954474097331,0.642857142857143,0.672782874617737,0.380517503805175,0,0.688821752265861,0.790839694656489,0.622670807453416,0.59726443768997,0.56386292834891,0,0.624048706240487,0.382306477093207,0.658730158730159,0.412225705329154,0,0.385560675883257,0.456418383518225,0.553191489361702,0.622900763358779,0,0.674311926605505,0.636785162287481,0.61136712749616,0,0.427001569858713,0.618032786885246,0.396103896103896,0.622900763358779,0.601837672281776,0.375191424196018,0.604294478527607,0.6921875,0.695121951219512,0.403453689167975,0.551505546751189,0.65149136577708,0.00313479623824451,0.391509433962264,0.63302752293578,0.3808,0.682316118935837,0.555729984301413,0,0.476190476190476,0.655555555555556,0.630769230769231,0.635802469135803,0.382126348228043,0.480857580398162,0.567961165048544,0.646616541353383,0.666163141993958,0.646417445482866,0.649842271293375,0,0.634259259259259,0.374617737003058,0.602782071097372,0.70859872611465,0.392307692307692,0.612903225806452,0.625786163522013,0.619496855345912,0.600313479623824,0.630672926447574,0.503937007874016,0.561128526645768,0.641421947449768,0.696784073506891,0,0,0.6203125,0.645367412140575,0.385826771653543,0.646417445482866,0.613496932515337,0.73497688751926,0.682108626198083,0.742857142857143,0.671232876712329,0,0.643533123028391,0.651632970451011,0.623839009287926,0.61128526645768,0,0.655007949125596,0.640502354788069,0.388364779874214,0.653543307086614,0.552307692307692,0.652757078986587,0.681318681318681,0.614329268292683,0.418290854572714,0.624801271860095,0.619195046439629,0.63302752293578,0.621578099838969,0.442901234567901,0.623456790123457,0.618098159509202,0.00306748466257669,0.680061823802164,0.590062111801242,0.514018691588785,0.707692307692308,0.613601236476043,0.642857142857143,0.611280487804878,0.197247706422018,0.377813504823151,0,0.670261941448382,0.384615384615385,0.381316998468606,0.521671826625387,0,0.640986132511556,0.656488549618321,0.605504587155963,0.62,0.428351309707242,0.39375,0,0,0.553090332805071,0.428120063191153,0.489891135303266,0,0.377675840978593,0.614678899082569,0.170245398773006,0.667185069984448,0.622432859399684,0.7796875,0.621283255086072,0.6640625,0.679447852760736,0,0.614349775784753,0.747269890795632,0.790625,0.676829268292683,0.631172839506173,0.627906976744186,0.00311526479750779,0.652241112828439,0.658573596358118,0,0.6289592760181,0.381761978361669,0.634304207119741,0.578866768759571,0,0.00154083204930663,0.80623973727422,0.702619414483821,0.38109756097561,0.455858747993579,0.00156985871271586,0.00160771704180064,0.630402384500745,0.390625,0.623778501628665,0.534743202416918,0.637329286798179,0.38030303030303,0.569444444444444,0.510301109350238,0.6703125,0.461414790996785,0.3950233281493,0.0015527950310559,0.3712,0,0.630534351145038,0.345718901453958,0.626307922272048,0.384251968503937,0.623211446740858,0,0.598473282442748,0.595911949685535,0.62596599690881,0,0.632465543644717,0,0.57395498392283,0.63013698630137,0,0.779141104294479,0.643081761006289,0.619718309859155,0.667192429022082,0.41131498470948,0,0.618238021638331,0.493630573248408,0,0.677067082683307,0.372163388804841,0.396946564885496,0.628705148205928,0.6138147566719,0.60790273556231,0.62037037037037,0.625391849529781,0,0.625,0.00602409638554217,0.659574468085106,0.514459665144597,0.633693972179289,0.602218700475436,0.625,0.634674922600619,0.0511627906976744,0.409090909090909,0.617886178861789,0.637345679012346,0.658015267175573,0.622874806800618,0.613496932515337,0.626749611197512,0,0,0.62258543833581,0,0.416036308623298,0,0.651162790697674,0.498427672955975,0.501597444089457,0.475232198142415,0.6352,0,0.471582181259601,0.601895734597156,0.627725856697819,0.684129429892142,0.757396449704142,0.502949852507375,0.466767371601208,0.59904912836767,0.376876876876877,0.440494590417311,0.835423197492163,0.509345794392523,0.654961832061069,0.382352941176471,0,0.368167202572347,0.646875,0.603833865814696,0.712519319938176,0.597560975609756,0.643518518518518,0.680851063829787,0.616892911010558,0.64274322169059,0.631160572337043,0.632423756019262,0.625990491283677,0.606201550387597,0.592307692307692,0.619122257053291,0.397897897897898,0.382397572078907,0.669266770670827,0.00307219662058372,0.611872146118721,0.605828220858896,0,0.462639109697933,0,0.648062015503876,0,0.643185298621746,0.627692307692308,0.384024577572965,0.671779141104294,0.608562691131499,0.856697819314642,1,0.694006309148265,0,0,0.640901771336554,0.682563338301043,0.61741835147745,0,0,0.3888,0.489329268292683,0.583850931677019,0,0.567692307692308,0,0.643659711075441,0.617224880382775,0.4688995215311,0.507668711656442,0,0.533018867924528,0.591549295774648,0.628659476117103,0.625,0.911214953271028,0.376360808709176,0.63349131121643,0.0482115085536547,0.622820919175911,0,0.617117117117117,0,0.606060606060606,0.381475667189953,0.261217948717949,0,0,0.664615384615385,0.619426751592357,0.655436447166922,0.643076923076923,0.39236641221374,0.371653543307087,0.611197511664075,0.614439324116744,0,0.38871473354232,0.63265306122449,0,0.610410094637224,0.666666666666667,0.430577223088924,0.0214723926380368,0.36817472698908,0.621374045801527,0.584639498432602,0.406003159557662,0.4304,0.438759689922481,0.666139240506329,0.430769230769231,0.632872503840246,0,0.682034976152623,0.609494640122512,0,0,0.380809595202399,0,0.3861852433281,0.611026033690659,0.65814696485623,0.384735202492212,0.38351822503962,0.789889415481833,0.637795275590551,0.596899224806202,0.0244274809160305,0.380655226209048,0.05229793977813,0.0109546165884194,0,0.35968992248062,0.368181818181818,0.382306477093207,0.386949924127466,0.370597243491577,0.021978021978022,0.0290519877675841,0.394171779141104,0.0139318885448916,0.00476947535771065,0.0232919254658385,0.0152439024390244,0.0276923076923077,0.391236306729264,0.0138888888888889,0.380191693290735,0.382581648522551,0.0222929936305732,0.371913580246914,0.0374251497005988,0.38109756097561,0.37111801242236,0.38301043219076,0.375586854460094
"743",0.882447665056361,0.865168539325843,0.902325581395349,0.863563402889246,0.880452342487884,0.880452342487884,0.998397435897436,0.883280757097792,0.863636363636364,0.016,0.8712715855573,0.0174603174603175,0.604133545310016,0.879807692307692,0.144427001569859,0.125,0.0169230769230769,0.0315955766192733,0.868378812199037,0.861852433281005,0.273301737756714,0.127035830618893,0.866141732283465,0.0173228346456693,0.864906832298137,0.323763955342903,0.223642172523962,0.862969004893964,0.533333333333333,0.713836477987421,0.115987460815047,0.706070287539936,0.78330658105939,0.362637362637363,0.0158730158730159,0.875195007800312,0.0345368916797488,0.86748844375963,0.36697247706422,0.829721362229102,0.0176282051282051,0.0284810126582278,0.0286168521462639,0.873376623376623,0.763636363636364,0.128617363344051,0.528,0.103668261562998,0.524539877300613,0.229583975346687,0.0204724409448819,0.868462757527734,0.358730158730159,0.873239436619718,0.998407643312102,0.248376623376623,0.0179738562091503,0.854430379746835,0.921507064364207,0.851500789889415,0.374213836477987,0.481308411214953,0.106451612903226,0.0191693290734824,0.821656050955414,0.77293934681182,0.0143312101910828,0.865293185419968,0.0112,0.098705501618123,0.769828926905132,0.108414239482201,0.128205128205128,0.872472783825817,0.0157728706624606,0.757763975155279,0.151799687010955,0.616113744075829,0.892332789559543,0.350584307178631,0.016,0.708074534161491,0.303680981595092,0.869158878504673,0.209048361934477,0.861963190184049,0.863636363636364,0.870514820592824,0.853312302839117,0.0339506172839506,0.862903225806452,0.864353312302839,0.0172955974842767,0.0158982511923688,0.861290322580645,0.017515923566879,0.412974683544304,0.867924528301887,0.021875,0.0283018867924528,0.740095087163233,0.0175438596491228,0.382022471910112,0.874203821656051,0.211981566820276,0.87620578778135,0.0273752012882448,0.907643312101911,0.107890499194847,0.10702875399361,0.116459627329193,0.984,0.397151898734177,0.85781990521327,0.0161550888529887,0.8953125,0.730708661417323,0.0171606864274571,0.105919003115265,0.314285714285714,0.013953488372093,0.789727126805779,0.34384858044164,0.178456591639871,0.866666666666667,0.234930448222566,0.870967741935484,0.87244094488189,0.0223642172523962,0.6578125,0.864353312302839,0.533762057877814,0.87220447284345,0.0174050632911392,0.861066235864297,0.122511485451761,0.0201863354037267,0.321486268174475,0.602254428341385,0.640650406504065,0.0193236714975845,0.0210016155088853,0.87402799377916,0.745253164556962,0.263843648208469,0.867298578199052,0.106687898089172,0.85202492211838,0.480645161290323,0.881538461538461,0.237864077669903,0.878164556962025,0.869354838709677,0.774143302180685,0.873040752351097,0.100323624595469,0.874608150470219,0.106180665610143,0.0174603174603175,0.733118971061093,0.910355486862442,0.870514820592824,0.130232558139535,0.0202492211838006,0.873634945397816,0.506389776357827,0.868932038834951,0.868878357030016,0.867394695787831,0.361240310077519,0.882075471698113,0.112341772151899,0.867807153965785,0.108695652173913,0.921348314606742,0.417840375586854,0.0192,0.868012422360248,0.0188679245283019,0.780757097791798,0.878548895899054,0.227053140096618,0.87037037037037,0.85126582278481,0.87062404870624,0.87207488299532,0.199680511182109,0.447737909516381,0.847649918962723,0.855325914149444,0.164536741214058,0.120826709062003,0.882911392405063,0.973186119873817,0.0153846153846154,0.0157728706624606,0.413848631239936,0.0205047318611987,0.8678955453149,0.341013824884793,0.993579454253612,0.719626168224299,0.877488514548239,0.543130990415335,0.491419656786271,0.411003236245955,0.822683706070288,0.860979462875197,0.89060092449923,0.0209677419354839,0.821150855365474,0.288492706645057,0.871224165341812,0.117739403453689,0.183641975308642,0.636942675159236,0.885220125786163,0.873831775700935,0.822966507177033,0.875,0.822222222222222,0.0158730158730159,0.185419968304279,0.674884437596302,0.857142857142857,0.0200927357032458,0.8625,0.888544891640867,0.6656,0.551724137931034,0.877165354330709,0.872990353697749,0.488038277511962,0.0209339774557166,0.973886328725038,0.584935897435897,0.905228758169935,0.109204368174727,0.858034321372855,0.876582278481013,0.8734375,0.844408427876823,0.565420560747664,0.113418530351438,0.901430842607313,0.547987616099071,0.110429447852761,0.115740740740741,0.279552715654952,0.110032362459547,0.252019386106624,0.7203125,0.101426307448494,0.106811145510836,0.125396825396825,0.673405909797823,0.15,0.867954911433172,0.0304,0.109546165884194,0.0171875,0.328990228013029,0.882825040128411,0.849683544303797,0.812302839116719,0.0203442879499218,0.906862745098039,0.791090629800307,0.709320695102686,0.640378548895899,0.514469453376206,0.49203821656051,0.035031847133758,0.869496855345912,0.209375,0.714754098360656,0.89297124600639,0.121835443037975,0.767550702028081,0.114832535885167,0.224489795918367,0.876543209876543,0.867862969004894,1,0.016793893129771,0.698461538461538,0.998397435897436,0.0188383045525903,0.104851330203443,0.996927803379416,0.8944,0.0139318885448916,0.107142857142857,0.104524180967239,0.881877022653722,0.841166936790924,0.104746317512275,0.016,0.493710691823899,0.884310618066561,0.824261275272162,0.442879499217527,0.701587301587302,0.861417322834646,0.111635220125786,0.875583203732504,0.870047543581617,0.110223642172524,0.868544600938967,0.870047543581617,0.872756933115824,0.880314960629921,0.261904761904762,0.4125,0.396825396825397,0.897727272727273,0.854063018242123,0.0627943485086342,0.336,0.8896,0.228125,0.38030303030303,0.89375,0.875981161695447,0.876947040498442,0.701298701298701,0.87402799377916,0.323248407643312,0.896062992125984,0.881028938906752,0.01875,0.421052631578947,0.665594855305466,0.114420062695925,0.0700934579439252,0.113003095975232,0.825471698113208,0.136792452830189,0.103503184713376,0.0139103554868624,0.305772230889236,0.87220447284345,0.17329093799682,0.897271268057785,0.897435897435897,0.884615384615385,0.395833333333333,0.403908794788274,0.67246835443038,0.492682926829268,0.0170278637770898,0.778309409888357,0.118380062305296,0.141965678627145,0.307931570762053,0.870340356564019,0.111811023622047,0.0200308166409861,0.419656786271451,0.125391849529781,0.12280701754386,0.537974683544304,0.866454689984102,0.34860883797054,0.879478827361563,0.852327447833066,0.0186915887850467,0.882706766917293,0.101246105919003,0.875576036866359,0.781102362204724,0.871753246753247,0.130990415335463,0.865116279069767,0.103610675039246,0.816770186335404,0.696284329563813,0.846635367762128,0.88785046728972,0.876404494382023,0.403174603174603,0.861586314152411,0.870769230769231,0.110077519379845,0.123222748815166,0.87378640776699,0.862284820031299,0.401574803149606,0.808176100628931,0.866013071895425,0.862992125984252,0.875786163522013,0.0128617363344051,0.203852327447833,0.873239436619718,0.109697933227345,0.0210016155088853,0.915721231766613,0.024390243902439,0.150554675118859,0.872307692307692,0.9056,0.0256,0.743221690590112,0.4688,0.886363636363636,0.111111111111111,0.784,0.87075928917609,0.436597110754414,0.682098765432099,0.782747603833866,0.0144694533762058,0.267515923566879,0.892857142857143,0.871835443037975,0.486529318541997,0.874613003095975,0.858085808580858,0.134493670886076,0.0174880763116057,0.875394321766562,0.871589085072231,0.858712715855573,0.682170542635659,0.113237639553429,0.913112164296998,0.310344827586207,0.279932546374368,0.02660406885759,0.634894991922456,0.627980922098569,0.643769968051118,0.0171339563862928,0.361290322580645,0.879936808846761,0.645569620253165,0.572998430141287,0.186830015313936,0.0172143974960876,0.0170807453416149,0.864583333333333,0.853211009174312,0.0139968895800933,0.897798742138365,0.0275080906148867,0.0173775671406003,0.0178861788617886,0.876190476190476,0.0170542635658915,0.875,0.775834658187599,0.637345679012346,0.871632329635499,0.0194489465153971,0.0143540669856459,0.876582278481013,0.864823348694316,0.714946070878274,0.10377358490566,0.0179445350734095,0.998447204968944,0.693023255813954,0.891891891891892,0.548286604361371,0.426731078904992,0.0141287284144427,0.861111111111111,0.110576923076923,0.896166134185304,0.177235772357724,0.0187793427230047,0.111111111111111,0.2208,0.521594684385382,0.859621451104101,0.0223642172523962,0.881278538812785,0.871428571428571,0.872239747634069,0.0220820189274448,0.174603174603175,0.836974789915966,0.115823817292007,0.871559633027523,0.864406779661017,0.117274167987322,0.861417322834646,0.406593406593407,0.796850393700787,0.123003194888179,0.29126213592233,0.865293185419968,0.0301587301587302,0.11353032659409,0.891640866873065,0.117647058823529,0.678513731825525,0.46656050955414,0.0202177293934681,0.215288611544462,0.766233766233766,0.362790697674419,0.870109546165884,0.10625,0.245723172628305,0.495812395309883,0.861280487804878,0.840557275541796,0.855769230769231,0.731746031746032,0.016,0.865203761755486,0.111111111111111,0.850556438791733,0.511290322580645,0.108191653786708,0.872239747634069,0.880952380952381,0.870607028753994,0.614285714285714,0.88125,0.237479806138934,0.30952380952381,0.856692913385827,0.9859375,0.0202492211838006,0.0175438596491228,0.871794871794872,0.838449111470113,0.129807692307692,0.886762360446571,0.876369327073552,0.461658841940532,0.877813504823151,0.744749596122779,1,0.0170278637770898,0.877742946708464,0.451923076923077,0.87758346581876,0.876386687797147,0.0198776758409786,0.646869983948636,0.899186991869919,0.119236883942766,0.707936507936508,0.439490445859873,0.761398176291793,0.693650793650794,0.850539291217257,0.194486983154671,0.882539682539683,0.882352941176471,0.891167192429022,0.417460317460317,0.194099378881988,0.873817034700315,0.887147335423197,0.0279503105590062,0.765337423312883,0.514820592823713,0.328100470957614,0.763866877971474,0.86762360446571,0.814756671899529,0.873239436619718,0.170046801872075,0.113636363636364,0.0187793427230047,0.845181674565561,0.116903633491311,0.110236220472441,0.338582677165354,0.0189274447949527,0.875394321766562,0.853125,0.875394321766562,0.874617737003058,0.204113924050633,0.113744075829384,0.0185185185185185,0.0189873417721519,0.285031847133758,0.185007974481659,0.263665594855305,0.0173775671406003,0.108864696734059,0.872641509433962,0.0661417322834646,0.40224358974359,0.876190476190476,0.702060221870048,0.859677419354839,0.67032967032967,0.660522273425499,0.0125984251968504,0.871064467766117,0.5,0.610576923076923,0.9609375,0.873040752351097,0.479750778816199,0.0309597523219814,0.871875,0.881804043545879,0.0158730158730159,0.838461538461538,0.119808306709265,0.861111111111111,0.478537360890302,0.0176848874598071,0.02660406885759,0.627677100494234,0.823717948717949,0.11198738170347,0.230031948881789,0.0317965023847377,0.0175438596491228,0.723926380368098,0.128775834658188,0.873544093178037,0.400936037441498,0.884375,0.104454685099846,0.442396313364055,0.388083735909823,0.901771336553945,0.200980392156863,0.121913580246914,0.0203761755485893,0.150882825040128,0.0155038759689922,0.881538461538461,0.126229508196721,0.889922480620155,0.117834394904459,0.870813397129187,0.0169753086419753,0.567901234567901,0.511146496815287,0.872,0.0194489465153971,0.87402799377916,0.0193236714975845,0.449111470113086,0.877488514548239,0.0201238390092879,0.764521193092622,0.888,0.697452229299363,0.902866242038217,0.140600315955766,0.0173501577287066,0.872841444270016,0.332273449920509,0.0169230769230769,0.716981132075472,0.108024691358025,0.13312693498452,0.869983948635634,0.871019108280255,0.856474258970359,0.837837837837838,0.866028708133971,0.0188383045525903,0.875598086124402,0.0419906687402799,0.474339035769829,0.364353312302839,0.8671875,0.864992150706436,0.884858044164038,0.871165644171779,0.0760869565217391,0.128775834658188,0.877685950413223,0.864485981308411,0.708978328173375,0.861801242236025,0.878930817610063,0.899529042386185,0.0201550387596899,0.0140405616224649,0.867692307692308,0.0200927357032458,0.188473520249221,0.0176848874598071,0.884126984126984,0.3322528363047,0.293354943273906,0.234662576687117,0.838759689922481,0.0222929936305732,0.216905901116427,0.871224165341812,0.87673343605547,0.6608,0.534456355283308,0.302710843373494,0.25462962962963,0.628205128205128,0.101404056162246,0.215625,0.648264984227129,0.333858267716535,0.699059561128527,0.125198098256735,0.0210016155088853,0.0939490445859873,0.448946515397083,0.870915032679739,0.751962323390895,0.337920489296636,0.632911392405063,0.915625,0.863777089783282,0.878640776699029,0.873801916932907,0.874592833876222,0.8704,0.575757575757576,0.480252764612954,0.872611464968153,0.114854517611026,0.11890243902439,0.896875,0.0326594090202177,0.866459627329193,0.856474258970359,0.0158478605388273,0.224358974358974,0.0187207488299532,0.863057324840764,0.016366612111293,0.876947040498442,0.870253164556962,0.110584518167457,0.804107424960506,0.868421052631579,0.74488188976378,0.694006309148265,1,0.0171875,0.0161030595813204,0.865793780687398,0.885496183206107,0.880804953560371,0.0184331797235023,0.0125786163522013,0.121163166397415,0.310077519379845,0.52276295133438,0.0142405063291139,0.500787401574803,0.0158227848101266,0.841935483870968,0.865203761755486,0.249185667752443,0.335423197492163,0.0153374233128834,0.409235668789809,0.593650793650794,0.795238095238095,0.895638629283489,0.808176100628931,0.108490566037736,0.878246753246753,0.0364500792393027,0.866883116883117,0.0192926045016077,0.880248833592535,0.0221870047543582,0.870340356564019,0.132165605095541,0.0904684975767367,0.0188383045525903,0.0176,0.83125,0.817447495961228,0.9546875,0.703296703296703,0.135464231354642,0.119162640901771,0.76791277258567,0.76219512195122,0.0128410914927769,0.125198098256735,0.85024154589372,0.0125195618153365,0.862903225806452,0.907407407407407,0.162754303599374,0.0579937304075235,0.106518282988871,0.876755070202808,0.516077170418006,0.1888,0.212662337662338,0.209627329192547,0.707472178060413,0.192248062015504,0.881329113924051,0.0204724409448819,0.745253164556962,0.852201257861635,0.0255591054313099,0.0204724409448819,0.106382978723404,0.0128617363344051,0.120253164556962,0.864566929133858,0.691803278688525,0.099510603588907,0.112903225806452,0.641025641025641,0.920255183413078,0.489763779527559,0.0666666666666667,0.112561174551387,0.0762987012987013,0.0342146189735614,0.0226171243941842,0.13237639553429,0.119266055045872,0.10031847133758,0.1265625,0.107309486780715,0.0657051282051282,0.0714285714285714,0.122222222222222,0.0333333333333333,0.016366612111293,0.0488958990536278,0.0359937402190923,0.0712074303405573,0.118296529968454,0.03486529318542,0.106969205834684,0.113564668769716,0.057784911717496,0.113564668769716,0.0510046367851623,0.113884555382215,0.125,0.104776579352851,0.103448275862069
"744",0,0,0,0,0,0,0.0123839009287926,0,0,1,0,1,0,0,0,0,1,0.982704402515723,0,0,0,0,0,1,0,0,0,0.00160771704180064,0,0,0,0,0.0015527950310559,0,1,0,0.978851963746224,0,0,0,0.998422712933754,0.983180428134557,0.992378048780488,0,0,0,0,0,0,0,1,0,0,0,0.0125195618153365,0,1,0,0.00155038759689922,0,0,0,0,1,0,0,1,0,1,0,0,0,0,0,1,0.00154320987654321,0,0,0.00160771704180064,0,1,0,0,0,0,0,0,0,0.00308641975308642,0.989489489489489,0,0,1,1,0,1,0.0168195718654434,0,0.992248062015504,0.99075500770416,0.00921658986175115,1,0,0,0,0,0.990491283676704,0.00154798761609907,0,0,0,0.0156739811912226,0,0,1,0,0,1,0,0,1,0.00158227848101266,0,0,0,0,0,0,1,0.00614439324116743,0,0,0,1,0,0,1,0,0,0.00631911532385466,1,1,0,0,0,0,0,0,0,0,0,0,0,0,0,0,0,0,1,0,0.00451127819548872,0,0,1,0,0,0,0,0,0,0,0,0,0,0.00308166409861325,0,1,0,1,0,0,0,0,0,0,0,0,0,0,0,0,0,0,0.0201863354037267,1,1,0,0.998454404945904,0,0,0.00955414012738853,0,0,0,0,0,0,0,0.00153374233128834,1,0,0,0,0,0,0.00462962962962963,0,0,0.0015625,0,0,1,0,0,0,1,0,0,0.00463678516228748,0,0,0,0.0185185185185185,1,0.0135338345864662,0,0,0,0,0,0,0,0,0,0,0,0,0,0,0,0,0,0,0,0,0,0,0,0.987577639751553,0,1,0.00317460317460317,0,0,0,1,0.00162866449511401,0.00305810397553517,0,0,0,0,0.987673343605547,0,0,0,0,0,0,0,0,0,0,0.0141287284144427,1,0,0.0139318885448916,1,0,0.0135746606334842,0,1,0,0,0,0,0,1,0.0171339563862928,0,0,0,0,0,0,0,0,0,0,0,0,0,0,0,0,0.00157977883096367,0,0.943076923076923,0,0,0,0,0,0,0,0,0,0,0,0,1,0,0.00796178343949045,0,0.941807044410414,0,0,0,0,1,0,0,0,0,0,0,0,0,0,0,1,0,0,0,0,0,0,1,0,0,0,0.003125,0,0,0,0,1,0,0,0,0,0,0,0,0,0,0,0,0,0.00155763239875389,0,0,0,0,0,0,0,0,0,0,0,0,1,0,0,0,1,0,0.988958990536278,0,0,0,0.995290423861852,0.00783699059561128,0,0,0,0,0,0,0,0,1,0,0,0,0,0,0,0,0.998420221169036,0,0,0,0,0,0.00470957613814757,0,0.0145867098865478,0.993798449612403,0,0,0,1,0,0.0015748031496063,0,0,0,1,1,0,0,1,0,0.990384615384615,1,1,0,1,0,0.00156494522691706,0.00604229607250755,0,1,1,0,0,0,0,0.998402555910543,0.0183206106870229,0,0,0,0,1,0,0,0.0015600624024961,0,1,0,0,0,0,1,0,0,0,1,0,0,0,0,0,0,0,0,0,0,0.00158227848101266,0,0.990610328638498,0,0,0,0,0.0108191653786708,1,0,0.00320512820512821,0,0,0,0,0,0,0,0,0,1,0,0,0,0.0032,0,0,0,0,0,0,0,0,0,0.0124416796267496,1,1,0,0,0,0,0,0,0,0,0.0138888888888889,1,0,0.0172955974842767,0,0,1,0,0,0,0.0015600624024961,0,0,0,0,0,0.00157728706624606,0,0,0.0161550888529887,0.0261538461538462,0,0,0.992447129909366,0,0,0,0,0,0,0,0.772519083969466,0,1,0.0015527950310559,0,0,0,1,0,0,0,0,0,0,1,1,0,0,0,1,0,0,0.570336391437309,0,0,0.00778816199376947,0,0,0,1,0,0,0,0.00455235204855842,0,0,0.989010989010989,0,0,1,0,0,0,0,1,0.990697674418605,0,0,0,0,0.987596899224806,0.998366013071895,0,0,0,0,0,0,0,0,0.0046875,0,0,0.996904024767802,0,1,0,0.157392686804452,0,0,0,1,0,0,0,1,0,1,0,0,1,0.0124416796267496,0,0,0.0016025641025641,0,1,0,0,1,0,0,0,0,0,0,0.00311526479750779,0.00158478605388273,1,0,0.977272727272727,0.0184331797235023,0,0,0,0,0,0.91705069124424,0,0,0,0,0,0,0,1,1,0,1,0,1,0,0,0,0,0,0.998477929984779,0,0,0,0,0,0,0,0,0,0,0,0,0,0,1,0,0.0176282051282051,0,0.0279937791601866,0,0,0.00462962962962963,0,0.0016,0,0,0,0,0,0,0,0,0.00308166409861325,0.989312977099237,0,0,1,0,1,0,1,0,0,0,0,0,0.00159744408945687,0,0.0171875,1,1,0,0,0,1,1,0,0,0,1,0,1,0,0,0.037914691943128,0,1,0,0,0,0,0,0,0,0.898119122257053,0,1,0,0.992295839753467,0,0,0.378335949764521,1,1,0.00152671755725191,0,0.00924499229583975,0,0,0,0,0,1,0,0,1,0,0,0,0.953775038520801,0,0,0,0,0,0,0,0,0,1,0,0,0.996850393700787,1,0,1,0,0,0,0,0,0.00477707006369427,0.00469483568075117,0,0.952086553323029,0,0.89968152866242,0.975193798449612,1,0.167711598746081,0,0,0.00612557427258806,0,0.9484375,0.940809968847352,0,0.978361669242658,0.990369181380417,0.948757763975155,0.975193798449612,0.94,0,0.970724191063174,0,0,0.952,0,0.929003021148036,0,0.0527950310559006,0,0
"745",0,0,0,0,0,0,0.0112359550561798,0.00158982511923688,0,1,0,1,0,0,0,0,1,0.980952380952381,0,0,0,0,0,1,0,0,0,0,0,0,0,0,0.00159489633173844,0,1,0,0.980152671755725,0,0,0,0.998392282958199,0.982731554160126,0.993779160186625,0,0,0,0,0,0,0,1,0,0,0,0.0111111111111111,0,1,0,0.00308166409861325,0,0,0,0,1,0,0,1,0,1,0,0,0,0,0,1,0,0,0,0.00162074554294976,0,1,0,0,0,0,0,0,0,0.00309119010819165,0.992354740061162,0,0,1,1,0,1,0.0172684458398744,0,0.993740219092332,0.992125984251969,0.0094488188976378,1,0,0,0,0,0.991909385113269,0.00317460317460317,0,0,0,0.0111464968152866,0,0,1,0,0,1,0,0,1,0.00159744408945687,0,0,0,0,0,0,1,0.0062402496099844,0,0,0,1,0,0,1,0,0,0.00651465798045603,1,1,0,0,0,0,0,0,0,0,0,0,0,0,0,0,0,0,1,0,0.0046656298600311,0,0,1,0,0,0,0,0,0,0,0,0,0,0.00159235668789809,0,1,0,1,0,0,0,0,0,0,0,0,0,0,0,0,0,0,0.0205047318611987,1,1,0,0.998402555910543,0,0,0.0110759493670886,0,0,0,0,0,0,0,0.00153139356814701,1,0,0,0,0,0,0.00469483568075117,0,0,0.00157728706624606,0,0,1,0,0,0,1,0,0,0.00625978090766823,0,0,0,0.0191082802547771,1,0.0107361963190184,0,0,0,0,0,0,0,0,0,0,0,0,0,0,0,0,0,0,0,0,0,0,0,0.990384615384615,0,1,0.00314465408805031,0,0,0,1,0.00161030595813205,0.0031055900621118,0,0,0,0,0.992101105845182,0,0,0,0,0,0,0,0,0,0,0.00974025974025974,1,0,0.0141287284144427,1,0,0.0106544901065449,0.00158478605388273,1,0,0,0,0,0,1,0.017515923566879,0,0,0,0,0,0,0,0,0,0,0,0,0,0,0,0,0.00323624595469256,0,0.951863354037267,0,0,0,0,0,0,0,0,0,0,0,0,1,0,0.00645161290322581,0,0.946287519747235,0,0,0,0,1,0,0,0,0,0,0,0,0,0,0,1,0,0,0,0,0,0,1,0,0,0,0.00161030595813205,0,0,0,0,1,0,0,0,0,0,0,0,0,0,0,0,0,0.00317460317460317,0,0,0,0,0,0,0,0,0,0,0,0,1,0,0,0,1,0,0.991896272285251,0,0,0,0.998384491114701,0.00798722044728434,0,0,0,0,0,0,0,0,1,0,0.00156985871271586,0,0,0,0,0,0.998449612403101,0,0,0,0,0,0.00475435816164818,0,0.0151260504201681,0.993680884676145,0,0,0,1,0,0.00159744408945687,0,0,0,1,1,0,0,1,0,0.990551181102362,1,1,0,1,0,0.00156739811912226,0.00609756097560976,0,1,1,0,0,0,0,0.996830427892235,0.0171875,0,0,0,0,1,0,0,0.00159489633173844,0,1,0,0,0,0.00157232704402516,1,0,0,0,1,0,0,0,0,0,0,0,0,0,0,0,0,0.990369181380417,0,0,0,0,0.0110935023771791,1,0,0.00161812297734628,0,0,0,0,0,0,0,0,0,1,0,0,0,0.00482315112540193,0,0,0,0,0,0,0,0,0,0.0125588697017268,1,1,0,0,0,0,0,0,0,0,0.0155038759689922,1,0,0.016025641025641,0,0,1,0,0,0,0.0016,0,0,0,0,0,0.00323624595469256,0,0,0.016,0.0254372019077901,0,0,0.99537750385208,0,0,0,0,0,0,0,0.776744186046512,0,1,0.00158730158730159,0,0,0,1,0,0,0,0,0,0,1,1,0,0,0,1,0,0,0.568535825545171,0,0,0.00955414012738853,0,0,0,1,0,0,0,0.00460829493087558,0,0,0.992150706436421,0,0,1,0.00153374233128834,0,0,0,1,0.992138364779874,0,0,0,0,0.988941548183254,0.998360655737705,0,0,0,0,0,0,0,0,0.00490998363338789,0,0,0.996889580093313,0,1,0,0.15311004784689,0.00152905198776758,0,0,1,0,0,0,1,0,1,0,0,1,0.0188383045525903,0,0,0.00160513643659711,0,1,0,0,1,0,0,0,0,0,0,0.00317965023847377,0,1,0,0.976340694006309,0.0185185185185185,0,0,0,0,0,0.929012345679012,0,0,0,0,0,0,0,1,1,0,1,0,0.998412698412698,0,0,0,0,0,0.998422712933754,0,0,0,0,0,0,0,0,0,0,0,0,0,0,1,0,0.0176565008025682,0,0.0282574568288854,0,0,0.00470219435736677,0,0.00161550888529887,0,0,0,0,0,0,0,0,0.00158730158730159,0.990654205607477,0,0,1,0,1,0,1,0,0,0,0,0,0.00161290322580645,0,0.0161030595813204,1,1,0,0,0,1,1,0,0,0,1,0,1,0,0,0.0317460317460317,0,1,0,0,0,0,0,0,0,0.898573692551506,0,1,0,0.993740219092332,0,0,0.363047001620746,1,1,0,0,0.009375,0,0,0,0,0,1,0,0,1,0,0,0,0.958664546899841,0,0,0,0,0,0,0,0,0,1,0,0,0.995238095238095,1,0,1,0,0,0,0,0,0.00642054574638844,0.00316957210776545,0,0.952380952380952,0,0.902912621359223,0.973143759873618,1,0.161137440758294,0,0,0.00311526479750779,0,0.950715421303657,0.94392523364486,0,0.979233226837061,0.9904,0.952380952380952,0.97339593114241,0.942675159235669,0,0.968602825745683,0,0,0.957377049180328,0,0.929770992366412,0,0.0587301587301587,0,0
"746",0.931438127090301,0.924092409240924,0.935691318327974,0.918739635157546,0.935919055649241,0.929530201342282,0.885807504078303,0.930578512396694,0.925324675324675,0,0.93030794165316,0,0.602627257799672,0.927487352445194,0.109149277688604,0.0808580858085809,0,0.011437908496732,0.927631578947368,0.924920127795527,0.216748768472906,0.0976027397260274,0.913398692810457,0,0.899513776337115,0.309090909090909,0.168316831683168,0.922818791946309,0.511111111111111,0.739967897271268,0.0665610142630745,0.725938009787928,0.814876033057851,0.322899505766063,0,0.938211382113821,0.016,0.929936305732484,0.328100470957614,0.864951768488746,0.00162866449511401,0.0128617363344051,0.00318979266347687,0.925864909390445,0.777777777777778,0.0916666666666667,0.538971807628524,0.0723684210526316,0.508038585209003,0.190322580645161,0,0.922950819672131,0.328968903436989,0.931372549019608,0.865894039735099,0.226130653266332,0,0.899671052631579,0.919484702093398,0.8896,0.340909090909091,0.480645161290323,0.063973063973064,0,0.872516556291391,0.805993690851735,0,0.914754098360656,0,0.0653266331658292,0.816558441558442,0.0766721044045677,0.0888529886914378,0.925515055467512,0,0.743221690590112,0.115072933549433,0.611021069692058,0.900169204737733,0.322970639032815,0,0.741883116883117,0.287974683544304,0.92891760904685,0.175523349436393,0.891760904684976,0.936204146730462,0.922829581993569,0.907467532467532,0.00635930047694754,0.918739635157546,0.924092409240924,0,0,0.924623115577889,0,0.354471544715447,0.927750410509031,0.00482315112540193,0.00658978583196046,0.631067961165049,0,0.34860883797054,0.923714759535655,0.1743264659271,0.929411764705882,0.0066006600660066,0.928455284552846,0.066006600660066,0.0776699029126214,0.0780254777070064,0.873146622734761,0.391517128874388,0.921052631578947,0,0.937397034596376,0.734726688102894,0,0.0710743801652893,0.274350649350649,0,0.797716150081566,0.310679611650485,0.135678391959799,0.916398713826367,0.200956937799043,0.9312,0.924590163934426,0,0.576923076923077,0.90327868852459,0.53,0.922689075630252,0,0.926666666666667,0.0969793322734499,0,0.279534109816972,0.641322314049587,0.559265442404007,0,0,0.926829268292683,0.787337662337662,0.242524916943522,0.920065252854812,0.0738916256157636,0.892682926829268,0.468543046357616,0.938193343898574,0.211314475873544,0.919275123558484,0.9375,0.813614262560778,0.936482084690554,0.0627062706270627,0.93192868719611,0.0699186991869919,0,0.754966887417219,0.8743961352657,0.915309446254072,0.0909090909090909,0,0.935897435897436,0.521452145214521,0.931208053691275,0.935379644588045,0.931818181818182,0.329073482428115,0.931372549019608,0.0707236842105263,0.985507246376812,0.069620253164557,0.894389438943894,0.429497568881686,0,0.923577235772358,0,0.838449111470113,0.929967426710098,0.193069306930693,0.932038834951456,0.891935483870968,0.918335901386749,0.914927768860353,0.163166397415186,0.415481832543444,0.889632107023411,0.905073649754501,0.1072,0.0756843800322061,0.925864909390445,0.853858784893268,0,0,0.353233830845771,0.00163934426229508,0.928343949044586,0.311501597444089,0.859766277128548,0.760765550239234,0.937699680511182,0.473421926910299,0.479674796747967,0.342105263157895,0.889430894308943,0.924466338259442,0.877450980392157,0,0.842787682333874,0.253756260434057,0.911184210526316,0.0721311475409836,0.13968253968254,0.574433656957929,0.916802610114193,0.944805194805195,0.857374392220421,0.935691318327974,0.869205298013245,0,0.140322580645161,0.691573926868045,0.936454849498328,0,0.923701298701299,0.945859872611465,0.584967320261438,0.57395498392283,0.924713584288052,0.91846921797005,0.431893687707641,0,0.883386581469649,0.557723577235772,0.935702199661591,0.0657051282051282,0.912,0.931552587646077,0.92520325203252,0.899505766062603,0.565428109854604,0.0728476821192053,0.93517017828201,0.562700964630225,0.0725552050473186,0.0624,0.265238879736409,0.0711920529801325,0.219063545150502,0.694805194805195,0.0710823909531502,0.0685154975530179,0.06957928802589,0.621794871794872,0.105,0.925864909390445,0.00988467874794069,0.0584415584415584,0,0.28881469115192,0.936378466557912,0.903436988543372,0.86970684039088,0,0.892384105960265,0.831442463533225,0.726229508196721,0.636807817589576,0.504854368932039,0.494137353433836,0.00963081861958266,0.920583468395462,0.168557536466775,0.722314049586777,0.933224755700326,0.07223113964687,0.792763157894737,0.0745542949756888,0.168012924071082,0.929260450160772,0.92967409948542,0.868333333333333,0,0.645631067961165,0.878489326765189,0,0.0576,0.876006441223833,0.933441558441558,0,0.0750798722044728,0.0641025641025641,0.943238731218698,0.873146622734761,0.0745762711864407,0,0.448275862068966,0.948760330578512,0.8060413354531,0.433441558441558,0.702479338842975,0.920840064620355,0.0818330605564648,0.9248,0.926948051948052,0.0807754442649435,0.921182266009852,0.93046357615894,0.927272727272727,0.92604501607717,0.230642504118616,0.358851674641148,0.34910277324633,0.927152317880795,0.904522613065327,0.0444810543657331,0.318032786885246,0.931707317073171,0.20859872611465,0.361904761904762,0.936378466557912,0.93698175787728,0.93192868719611,0.733333333333333,0.927652733118971,0.295379537953795,0.933014354066986,0.926108374384236,0,0.37459807073955,0.572368421052632,0.0795454545454545,0.0448,0.0764331210191083,0.876422764227642,0.0925324675324675,0.0762987012987013,0,0.276595744680851,0.929159802306425,0.143312101910828,0.947098976109215,0.934426229508197,0.937704918032787,0.346972176759411,0.33616298811545,0.7,0.491467576791809,0,0.817733990147783,0.0782747603833866,0.109854604200323,0.262987012987013,0.926746166950596,0.0679611650485437,0,0.379254457050243,0.0762987012987013,0.087603305785124,0.531456953642384,0.928925619834711,0.321782178217822,0.925297113752122,0.905691056910569,0,0.929906542056075,0.0581583198707593,0.924920127795527,0.822950819672131,0.923076923076923,0.0829268292682927,0.925566343042071,0.0754098360655738,0.857142857142857,0.745454545454545,0.903536977491961,0.937299035369775,0.92962356792144,0.354943273905997,0.911620294599018,0.926332288401254,0.0737179487179487,0.0906148867313916,0.925249169435216,0.931707317073171,0.370731707317073,0.848837209302326,0.913621262458472,0.900651465798046,0.930047694753577,0,0.17195325542571,0.935064935064935,0.06957928802589,0,0.935,0.00677966101694915,0.108196721311475,0.928455284552846,0.934210526315789,0.00329489291598023,0.649754500818331,0.469354838709677,0.945544554455445,0.0677966101694915,0.843071786310517,0.93046357615894,0.427642276422764,0.63029315960912,0.803571428571429,0,0.234323432343234,0.934232715008432,0.940322580645161,0.500807754442649,0.931309904153355,0.902730375426621,0.0894039735099338,0.0016366612111293,0.944894651539708,0.927184466019418,0.908794788273616,0.710862619808307,0.0648298217179903,0.873563218390805,0.298869143780291,0.257731958762887,0.00490196078431373,0.657937806873977,0.617161716171617,0.64926590538336,0,0.33,0.904132231404959,0.674267100977199,0.559543230016313,0.152410575427683,0,0,0.926040061633282,0.909677419354839,0,0.895081967213115,0.00667779632721202,0,0,0.925742574257426,0,0.942176870748299,0.752427184466019,0.56043956043956,0.927652733118971,0,0,0.933115823817292,0.921474358974359,0.747603833865815,0.0709677419354839,0,0.86525974025974,0.625,0.936378466557912,0.565977742448331,0.39469320066335,0,0.921951219512195,0.0734557595993322,0.938127090301003,0.142620232172471,0,0.0775316455696203,0.178981937602627,0.523728813559322,0.913398692810457,0,0.911949685534591,0.923948220064725,0.925806451612903,0,0.13562091503268,0.895189003436426,0.0677966101694915,0.928687196110211,0.934294871794872,0.0807248764415156,0.932231404958678,0.352553542009885,0.851612903225806,0.077175697865353,0.229235880398671,0.909240924092409,0.00649350649350649,0.0756578947368421,0.925445705024311,0.0770519262981574,0.697674418604651,0.46039603960396,0,0.184,0.756756756756757,0.326366559485531,0.935275080906149,0.0685154975530179,0.19935170178282,0.482112436115843,0.909379968203498,0.887480190174326,0.918739635157546,0.750415973377704,0,0.926984126984127,0.0723472668810289,0.914473684210526,0.450586264656616,0.0756843800322061,0.932692307692308,0.939542483660131,0.938211382113821,0.648026315789474,0.934102141680395,0.193388429752066,0.251633986928105,0.905073649754501,0.86385737439222,0,0,0.924092409240924,0.892915980230643,0.085,0.926350245499182,0.935691318327974,0.414473684210526,0.894824707846411,0.739703459637562,0.877616747181965,0,0.918300653594771,0.388888888888889,0.929738562091503,0.923841059602649,0,0.68189233278956,0.931666666666667,0.0684474123539232,0.742200328407225,0.420195439739414,0.807210031347962,0.711221122112211,0.90251572327044,0.145367412140575,0.929530201342282,0.93517017828201,0.972668810289389,0.364705882352941,0.176470588235294,0.939144736842105,0.92604501607717,0.00473186119873817,0.80064829821718,0.497553017944535,0.317152103559871,0.787096774193548,0.925686591276252,0.861563517915309,0.928338762214984,0.1328,0.0704697986577181,0,0.846026490066225,0.0626029654036244,0.0703764320785597,0.334967320261438,0,0.937299035369775,0.889952153110048,0.930533117932149,0.93719806763285,0.161716171617162,0.0677685950413223,0,0,0.235294117647059,0.137123745819398,0.199341021416804,0,0.070840197693575,0.926829268292683,0.037156704361874,0.34257748776509,0.927852348993289,0.611650485436893,0.914754098360656,0.693548387096774,0.659810126582278,0,0.930817610062893,0.42998352553542,0.538714991762768,0.9136,0.938110749185668,0.437699680511182,0.00814332247557003,0.9185667752443,0.921474358974359,0,0.908945686900958,0.0853462157809984,0.932318104906937,0.464285714285714,0,0.0048780487804878,0.580204778156997,0.841322314049587,0.0706075533661741,0.205638474295191,0.00645161290322581,0.00169779286926995,0.74481658692185,0.0943708609271523,0.933219178082192,0.368167202572347,0.931746031746032,0.0611916264090177,0.411276948590381,0.374172185430464,0.873146622734761,0.158516020236088,0.0740131578947368,0.0016025641025641,0.0964052287581699,0,0.939393939393939,0.0941780821917808,0.941915227629513,0.0760517799352751,0.930693069306931,0,0.557536466774716,0.499181669394435,0.930756843800322,0,0.929260450160772,0,0.426666666666667,0.92914653784219,0,0.669918699186992,0.925496688741722,0.744262295081967,0.939144736842105,0.0969305331179321,0,0.929159802306425,0.32463295269168,0,0.728013029315961,0.0695102685624013,0.0723472668810289,0.931147540983607,0.932565789473684,0.924558587479936,0.904684975767367,0.923841059602649,0,0.919803600654664,0.0176848874598071,0.400641025641026,0.333333333333333,0.928571428571429,0.926666666666667,0.924679487179487,0.926163723916533,0.0616883116883117,0.0784313725490196,0.937608318890815,0.911620294599018,0.738437001594896,0.92332268370607,0.926948051948052,0.933656957928803,0,0,0.916403785488959,0,0.135860979462875,0,0.913256955810147,0.31986531986532,0.276206322795341,0.19349593495935,0.893964110929853,0,0.173913043478261,0.927868852459016,0.943820224719101,0.677740863787375,0.4625,0.28414442700157,0.228934817170111,0.647746243739566,0.0608974358974359,0.189406099518459,0.586885245901639,0.308196721311475,0.728571428571429,0.0775577557755776,0,0.066334991708126,0.380165289256198,0.930860033726813,0.635024549918167,0.292604501607717,0.66557911908646,0.885245901639344,0.919047619047619,0.915,0.930807248764415,0.938333333333333,0.927272727272727,0.584564860426929,0.460526315789474,0.924959216965742,0.0774091627172196,0.0777777777777778,0.885483870967742,0.008,0.927444794952681,0.916256157635468,0,0.182579564489112,0,0.909698996655518,0,0.92891760904685,0.93485342019544,0.0658105939004815,0.881967213114754,0.930868167202572,0.669421487603306,0.640901771336554,0.865793780687398,0,0,1,0.900787401574803,0.935483870967742,0,0,0.065989847715736,0.288709677419355,0.529032258064516,0,0.48780487804878,0,0.87375415282392,0.926910299003322,0.24459234608985,0.310789049919485,0,0.401006711409396,0.60495867768595,0.830894308943089,0.925445705024311,0.777235772357724,0.0721311475409836,0.945091514143095,0.0214521452145215,0.922689075630252,0,0.931818181818182,0.0033112582781457,0.926421404682274,0.0767946577629382,0.0508196721311475,0,0,0.834415584415584,0.890016920473773,0.904220779220779,0.711111111111111,0.0923566878980892,0.0735785953177258,0.802931596091205,0.805111821086262,0,0.0838709677419355,0.907317073170732,0,0.920265780730897,0.928687196110211,0.132352941176471,0.0357723577235772,0.0711974110032362,0.930047694753577,0.508445945945946,0.14168039538715,0.175379426644182,0.180194805194805,0.734426229508197,0.155591572123177,0.940099833610649,0,0.769747899159664,0.92520325203252,0.00165016501650165,0,0.0689655172413793,0,0.0674342105263158,0.928687196110211,0.711409395973154,0.07,0.0751633986928105,0.574225122349103,0.919463087248322,0.479674796747967,0.0420032310177706,0.0767946577629382,0.0485762144053601,0.0161812297734628,0,0.0935960591133005,0.072,0.0642504118616145,0.0815660685154976,0.0725806451612903,0.0397350993377483,0.0464,0.0796747967479675,0.0180623973727422,0.00667779632721202,0.0275526742301459,0.0222929936305732,0.0502431118314425,0.0731707317073171,0.0178861788617886,0.0698466780238501,0.0812603648424544,0.0396039603960396,0.0711920529801325,0.0255591054313099,0.0741935483870968,0.102439024390244,0.0727848101265823,0.0657894736842105
"747",0.942771084337349,0.942942942942943,0.970544918998527,0.929230769230769,0.947772657450077,0.946153846153846,0.897125567322239,0.962630792227205,0.940652818991098,0,0.944527736131934,0,0.602102102102102,0.939907550077042,0.0950226244343891,0.0672645739910314,0,0.0091324200913242,0.942367601246106,0.933035714285714,0.20414201183432,0.0920436817472699,0.933726067746686,0,0.916417910447761,0.296686746987952,0.151651651651652,0.940275650842266,0.497084548104956,0.709251101321586,0.0564635958395245,0.712556732223903,0.772519083969466,0.32383808095952,0,0.943028485757121,0.0161764705882353,0.934718100890208,0.310693641618497,0.874626865671642,0.00151285930408472,0.0103244837758112,0.00297619047619048,0.945205479452055,0.800618238021638,0.0903522205206738,0.529862174578867,0.0523952095808383,0.494134897360704,0.190336749633968,0,0.943368107302534,0.307121661721068,0.938714499252616,0.889570552147239,0.214939024390244,0,0.924961715160796,0.949101796407186,0.897209985315712,0.316816816816817,0.474074074074074,0.0590909090909091,0,0.871517027863777,0.819277108433735,0,0.935724962630792,0,0.0528700906344411,0.829662261380323,0.0626865671641791,0.0742942050520059,0.95007342143906,0,0.722141823444284,0.0982142857142857,0.592867756315007,0.907012195121951,0.3184,0,0.731386861313869,0.266471449487555,0.935103244837758,0.16966966966967,0.93205317577548,0.943703703703704,0.93841642228739,0.916790490341753,0.00443786982248521,0.937595129375951,0.938345864661654,0,0,0.92802450229709,0,0.360119047619048,0.936011904761905,0.00594353640416048,0.00606980273141123,0.658646616541353,0,0.33587786259542,0.947611710323575,0.159356725146199,0.947611710323575,0.00303030303030303,0.958333333333333,0.0545454545454545,0.0650887573964497,0.0591715976331361,0.91044776119403,0.376524390243902,0.935338345864662,0,0.959701492537313,0.742469879518072,0,0.0606508875739645,0.285714285714286,0,0.769113149847095,0.304932735426009,0.126543209876543,0.93993993993994,0.198813056379822,0.941002949852507,0.940029985007496,0,0.594955489614243,0.944277108433735,0.503852080123267,0.936555891238671,0,0.939907550077042,0.0756914119359534,0,0.261001517450683,0.63013698630137,0.575153374233129,0,0,0.944858420268256,0.757894736842105,0.224770642201835,0.941087613293051,0.0558069381598793,0.946508172362556,0.462595419847328,0.964338781575037,0.171561051004637,0.936651583710407,0.94359756097561,0.815201192250373,0.94170403587444,0.0496124031007752,0.945266272189349,0.0579268292682927,0,0.740356083086053,0.862222222222222,0.929745889387145,0.0760059612518629,0,0.939794419970631,0.493129770992366,0.938176197836167,0.948529411764706,0.943283582089552,0.309384164222874,0.952095808383233,0.0542986425339367,0.921052631578947,0.0627737226277372,0.895545314900154,0.404191616766467,0,0.939393939393939,0,0.815592203898051,0.935820895522388,0.173716012084592,0.941265060240964,0.906110283159464,0.936599423631124,0.928783382789317,0.158850226928896,0.429197080291971,0.916279069767442,0.91679273827534,0.0936555891238671,0.0648967551622419,0.955453149001536,0.868460388639761,0,0,0.354545454545455,0.00150375939849624,0.940564635958395,0.309037900874636,0.885321100917431,0.741839762611276,0.954209748892171,0.480182926829268,0.466275659824047,0.346094946401225,0.885885885885886,0.914414414414414,0.877061469265367,0,0.859050445103858,0.23159509202454,0.922038980509745,0.0563165905631659,0.131004366812227,0.588855421686747,0.937972768532526,0.936764705882353,0.833333333333333,0.94213649851632,0.856711915535445,0,0.12220566318927,0.678885630498534,0.936746987951807,0,0.935103244837758,0.957664233576642,0.591445427728614,0.583081570996979,0.934032983508246,0.945736434108527,0.414925373134328,0,0.890532544378698,0.561085972850679,0.976958525345622,0.0611028315946349,0.922401171303075,0.945945945945946,0.944940476190476,0.90210843373494,0.568047337278107,0.0610687022900763,0.972519083969466,0.55472263868066,0.0600292825768668,0.0579710144927536,0.249621785173979,0.0546282245827011,0.206738131699847,0.721167883211679,0.0521609538002981,0.0642750373692078,0.0645645645645646,0.643171806167401,0.0949464012251149,0.941087613293051,0.00452488687782805,0.0535714285714286,0,0.284210526315789,0.950617283950617,0.929955290611028,0.877828054298643,0,0.871517027863777,0.833087149187592,0.723404255319149,0.635276532137519,0.485714285714286,0.473118279569892,0.00594353640416048,0.938650306748466,0.151424287856072,0.725038402457757,0.973013493253373,0.0704845814977974,0.7821482602118,0.0575757575757576,0.170403587443946,0.947136563876652,0.947611710323575,0.896969696969697,0,0.691394658753709,0.889561270801815,0,0.0552238805970149,0.906705539358601,0.962006079027356,0,0.0567164179104478,0.0561299852289513,0.936267071320182,0.882978723404255,0.0551301684532925,0,0.438253012048193,0.946483180428135,0.81791483113069,0.437781109445277,0.694656488549618,0.92089552238806,0.0571428571428571,0.943620178041543,0.941176470588235,0.0640243902439024,0.93519882179676,0.94578313253012,0.917933130699088,0.947761194029851,0.238023952095808,0.336795252225519,0.338257016248154,0.95738203957382,0.8984375,0.0385185185185185,0.30640243902439,0.953030303030303,0.197309417040359,0.35131195335277,0.950226244343891,0.938438438438438,0.939078751857355,0.709230769230769,0.939169139465875,0.290123456790123,0.977843426883309,0.93587786259542,0,0.359467455621302,0.60546282245827,0.0676691729323308,0.0373134328358209,0.0618556701030928,0.872403560830861,0.0781710914454277,0.051622418879056,0,0.280780780780781,0.94170403587444,0.128637059724349,0.953343701399689,0.976011994002999,0.952167414050822,0.337941628264209,0.34,0.691376701966717,0.496845425867508,0,0.796380090497738,0.0685131195335277,0.085419734904271,0.257142857142857,0.941176470588235,0.0640834575260805,0,0.354790419161677,0.0622222222222222,0.0779816513761468,0.51285930408472,0.945864661654135,0.327692307692308,0.941640378548896,0.917293233082707,0,0.945244956772334,0.0580357142857143,0.951327433628319,0.816296296296296,0.93953488372093,0.0715350223546945,0.927407407407407,0.0520833333333333,0.846153846153846,0.737481031866464,0.90190336749634,0.955022488755622,0.947049924357035,0.337313432835821,0.917168674698795,0.941176470588235,0.0559646539027982,0.0708898944193062,0.943683409436834,0.94311377245509,0.370314842578711,0.846833578792342,0.915756630265211,0.926974664679583,0.942942942942943,0,0.168970814132104,0.939078751857355,0.0582089552238806,0,0.97737556561086,0.00610687022900763,0.11178247734139,0.940652818991098,0.974203338391502,0.00455927051671732,0.67175572519084,0.450832072617247,0.944869831546707,0.0564024390243902,0.836363636363636,0.945038167938931,0.414156626506024,0.664670658682635,0.809954751131222,0,0.212669683257919,0.964396284829721,0.945864661654135,0.470059880239521,0.943368107302534,0.920382165605096,0.0892586989409985,0.00151745068285281,0.945103857566766,0.940548780487805,0.923190546528804,0.703703703703704,0.0547112462006079,0.871016691957511,0.265671641791045,0.235483870967742,0.00297176820208024,0.630862329803328,0.615733736762481,0.623318385650224,0,0.33125,0.900302114803625,0.648888888888889,0.55096011816839,0.133526850507983,0,0,0.943884892086331,0.91374269005848,0,0.959821428571429,0.00303490136570561,0,0,0.935681470137825,0,0.951588502269289,0.825301204819277,0.577092511013216,0.941176470588235,0,0,0.94311377245509,0.923741007194245,0.723781388478582,0.054014598540146,0,0.890532544378698,0.646449704142012,0.945103857566766,0.543833580980683,0.405819295558959,0,0.930930930930931,0.062111801242236,0.949771689497717,0.138138138138138,0,0.063953488372093,0.178082191780822,0.50314465408805,0.924219910846954,0,0.957848837209302,0.928035982008996,0.944776119402985,0,0.127300613496933,0.884126984126984,0.0685358255451713,0.939617083946981,0.943786982248521,0.0670640834575261,0.937219730941704,0.350223546944858,0.828828828828829,0.0669710806697108,0.219135802469136,0.938253012048193,0.00303490136570561,0.0539730134932534,0.95067264573991,0.0623100303951368,0.67427701674277,0.430091185410334,0,0.167655786350148,0.742813918305598,0.303892215568862,0.934426229508197,0.0523168908819133,0.188512518409426,0.470866141732283,0.925219941348974,0.887905604719764,0.917933130699088,0.743202416918429,0,0.92548435171386,0.04860088365243,0.914893617021277,0.440860215053763,0.0582241630276565,0.94273127753304,0.940998487140696,0.947209653092006,0.62826420890937,0.960843373493976,0.184684684684685,0.246223564954683,0.913690476190476,0.88821752265861,0,0,0.946401225114854,0.906060606060606,0.073394495412844,0.948406676783004,0.944444444444444,0.42042042042042,1,0.746153846153846,0.893961708394698,0,0.929110105580694,0.390577507598784,0.945945945945946,0.943198804185351,0,0.66966966966967,0.968036529680365,0.0618401206636501,0.680851063829787,0.417910447761194,0.790764790764791,0.697388632872504,0.908695652173913,0.135493372606775,0.941448382126348,0.946745562130177,0.952095808383233,0.352671755725191,0.147147147147147,0.943198804185351,0.942647058823529,0.00586510263929619,0.784023668639053,0.485842026825633,0.310089020771513,0.783185840707965,0.940909090909091,0.856927710843373,0.941529235382309,0.141791044776119,0.05320813771518,0,0.823795180722892,0.0670731707317073,0.0556390977443609,0.32375189107413,0,0.940298507462687,0.900729927007299,0.948948948948949,0.940209267563528,0.143939393939394,0.0640834575260805,0,0,0.216133942161339,0.112977099236641,0.199391171993912,0,0.0515463917525773,0.949554896142433,0.0237388724035608,0.351145038167939,0.942161339421613,0.642011834319527,0.922038980509745,0.677514792899408,0.654970760233918,0,0.944927536231884,0.444444444444444,0.555219364599092,0.91899852724595,0.94962962962963,0.422680412371134,0.00738552437223043,0.947916666666667,0.949253731343284,0,0.922190201729107,0.0697329376854599,0.940625,0.45360824742268,0,0.00606060606060606,0.571205007824726,0.84789156626506,0.056547619047619,0.184568835098336,0.00596125186289121,0.00154320987654321,0.740902474526929,0.0709969788519638,0.94375,0.360175695461201,0.946902654867257,0.0577777777777778,0.410480349344978,0.343076923076923,0.856697819314642,0.146153846153846,0.0639880952380952,0.00149476831091181,0.103030303030303,0,0.946666666666667,0.071097372488408,0.962099125364432,0.0672645739910314,0.939024390243902,0,0.55,0.496171516079632,0.941964285714286,0,0.941520467836257,0,0.438377535101404,0.932153392330384,0,0.682890855457227,0.945205479452055,0.743511450381679,0.970992366412214,0.0883652430044183,0,0.943231441048035,0.305555555555556,0,0.716395864106352,0.0546762589928058,0.0685543964232489,0.951713395638629,0.943511450381679,0.935578330893119,0.917168674698795,0.933232169954476,0,0.929850746268657,0.0103703703703704,0.399122807017544,0.328335832083958,0.937592867756315,0.930408472012103,0.937219730941704,0.931649331352155,0.0586466165413534,0.0712121212121212,0.94392523364486,0.926865671641791,0.715339233038348,0.921713441654357,0.948529411764706,0.971471471471472,0,0,0.924177396280401,0,0.122781065088757,0,0.965204236006051,0.322085889570552,0.248085758039816,0.168888888888889,0.882440476190476,0,0.155223880597015,0.940564635958395,0.94578313253012,0.659574468085106,0.469241773962804,0.272988505747126,0.232695139911635,0.653963414634146,0.0535714285714286,0.167164179104478,0.606606606606607,0.29742033383915,0.709821428571429,0.0597014925373134,0,0.0494752623688156,0.378995433789954,0.944272445820433,0.671641791044776,0.27906976744186,0.638846737481032,0.881057268722467,0.927007299270073,0.933641975308642,0.943338437978561,0.95046439628483,0.943425076452599,0.579819277108434,0.466467958271237,0.941616766467066,0.0590778097982709,0.0641399416909621,0.868065967016492,0.00443131462333826,0.949926362297496,0.919881305637982,0,0.167682926829268,0,0.93452380952381,0,0.932634730538922,0.944360902255639,0.0608308605341246,0.842185128983308,0.942307692307692,0.705069124423963,0.682563338301043,0.885496183206107,0,0,0.900787401574803,1,0.949404761904762,0,0,0.0582822085889571,0.285714285714286,0.508221225710015,0,0.496251874062969,0,0.902587519025875,0.941441441441441,0.210687022900763,0.294550810014728,0,0.386046511627907,0.58433734939759,0.831594634873323,0.982456140350877,0.824587706146927,0.0597907324364723,0.948995363214838,0.018348623853211,0.93558282208589,0,0.958579881656805,0.00449775112443778,0.940729483282675,0.0799396681749623,0.0397553516819572,0,0,0.824850299401198,0.877300613496933,0.933234421364985,0.704411764705882,0.0851688693098385,0.0565749235474006,0.807807807807808,0.815674891146589,0,0.0776119402985075,0.912781954887218,0,0.921898928024502,0.976225854383358,0.114925373134328,0.0239880059970015,0.0568011958146487,0.947994056463596,0.503770739064857,0.115501519756839,0.154320987654321,0.162962962962963,0.701700154559505,0.150664697193501,0.943854324734446,0,0.76219512195122,0.924778761061947,0,0,0.0625,0,0.0590841949778434,0.943952802359882,0.704160246533128,0.0535987748851455,0.0606060606060606,0.594512195121951,0.945205479452055,0.465568862275449,0.0381231671554252,0.0546021840873635,0.0539291217257319,0.0151285930408472,0,0.0692771084337349,0.0663716814159292,0.0563165905631659,0.0720720720720721,0.0512445095168375,0.0367534456355283,0.0419790104947526,0.0625931445603577,0.0164179104477612,0.00459418070444104,0.026865671641791,0.0220913107511046,0.0433482810164425,0.0597014925373134,0.0196969696969697,0.0556414219474498,0.0670731707317073,0.0320610687022901,0.0619335347432024,0.025,0.0504451038575668,0.0855855855855856,0.0609579100145138,0.0618401206636501
"748",0.992101105845182,0.987748851454824,0.978260869565217,0.95260663507109,0.993690851735016,0.990521327014218,0.899686520376176,0.984544049459042,0.986153846153846,0,0.987673343605547,0,0.575235109717868,0.985759493670886,0.0560747663551402,0.0197568389057751,0,0.0140845070422535,0.989010989010989,0.973886328725038,0.170278637770898,0.0431309904153355,0.977203647416413,0,0.943076923076923,0.24804992199688,0.124409448818898,0.980707395498392,0.479514415781487,0.696784073506891,0.0107197549770291,0.687692307692308,0.766929133858268,0.285493827160494,0,0.992260061919505,0.0169491525423729,0.984544049459042,0.271916790490342,0.903030303030303,0.00154559505409583,0.0154320987654321,0.00460122699386503,0.987361769352291,0.805422647527911,0.0347003154574132,0.524486571879937,0.0137825421133231,0.486404833836858,0.148260211800303,0,0.987654320987654,0.274268104776579,0.9859375,0.886292834890966,0.168992248062016,0,0.960629921259842,0.963581183611533,0.91131498470948,0.309006211180124,0.449010654490107,0.0110935023771791,0,0.897476340694006,0.829457364341085,0,0.981279251170047,0,0.00792393026941363,0.860681114551084,0.0154083204930663,0.0329153605015674,0.988041853512706,0,0.717557251908397,0.0548780487804878,0.566615620214395,0.905808477237049,0.276143790849673,0,0.716923076923077,0.210843373493976,0.987673343605547,0.130232558139535,0.919575113808801,0.987577639751553,0.972560975609756,0.961479198767334,0.00916030534351145,0.982866043613707,0.986196319018405,0,0,0.971563981042654,0,0.306625577812018,0.982839313572543,0.0061633281972265,0.00770416024653313,0.624233128834356,0,0.3,0.990712074303406,0.114678899082569,0.991935483870968,0.00940438871473354,0.984447900466563,0.0125984251968504,0.0186046511627907,0.0200308166409861,0.911949685534591,0.344615384615385,0.982998454404946,0,0.99537750385208,0.706686930091185,0,0.0138674884437596,0.233542319749216,0,0.768160741885626,0.266666666666667,0.0996784565916399,0.973886328725038,0.147013782542113,0.984825493171472,0.99079754601227,0,0.567651632970451,0.934477379095164,0.4848,0.979623824451411,0,0.987240829346092,0.0349544072948328,0,0.223622047244094,0.631987577639752,0.528391167192429,0,0,0.989164086687306,0.762422360248447,0.165341812400636,0.985804416403785,0.0198776758409786,0.926717557251908,0.427444794952681,0.989393939393939,0.144904458598726,0.979782270606532,0.992260061919505,0.833333333333333,0.987616099071207,0.00943396226415094,0.989296636085627,0.0140625,0,0.735849056603774,0.874051593323217,0.972179289026275,0.0290076335877863,0,0.990853658536585,0.449044585987261,0.988906497622821,0.989214175654854,0.989263803680982,0.295107033639144,0.989296636085627,0.0109717868338558,0.961715160796325,0.0104790419161677,0.902973395931142,0.369158878504673,0,0.974960876369327,0,0.834876543209877,0.987823439878234,0.13015873015873,0.986217457886677,0.948012232415902,0.985007496251874,0.972477064220184,0.105504587155963,0.385083713850837,0.929906542056075,0.948356807511737,0.06875,0.0182926829268293,0.993670886075949,0.859327217125382,0,0,0.3203125,0.00155038759689922,0.989425981873112,0.273846153846154,0.881410256410256,0.736600306278714,1,0.444270015698587,0.43778801843318,0.317610062893082,0.936236391912908,0.96583850931677,0.882800608828006,0,0.87037037037037,0.189792663476874,0.955974842767296,0.014018691588785,0.0783132530120482,0.550613496932515,0.975155279503106,0.990895295902883,0.835147744945568,0.992199687987519,0.894245723172628,0,0.0781010719754977,0.661068702290076,0.985826771653543,0,0.981481481481482,0.984825493171472,0.557427258805513,0.570532915360502,0.977952755905512,0.985507246376812,0.383411580594679,0,0.886056971514243,0.526645768025078,0.982428115015974,0.012326656394453,0.965098634294385,0.99211356466877,0.987786259541985,0.9515625,0.557275541795666,0.0125786163522013,0.98310291858679,0.551083591331269,0.0179372197309417,0.0120300751879699,0.209702660406886,0.0140625,0.161290322580645,0.677760968229955,0.0108191653786708,0.0140625,0.0217054263565891,0.598187311178248,0.0496124031007752,0.979750778816199,0.0109546165884194,0.00927357032457496,0,0.233807266982622,0.990491283676704,0.970769230769231,0.907120743034056,0,0.878205128205128,0.856711915535445,0.685446009389671,0.604006163328197,0.461538461538462,0.437888198757764,0.0124031007751938,0.987480438184664,0.106084243369735,0.69951534733441,0.973312401883831,0.0200927357032458,0.753894080996885,0.013953488372093,0.117103235747304,0.989425981873112,0.990291262135922,0.897151898734177,0,0.656671664167916,0.888364779874214,0,0.0122511485451761,0.898638426626324,0.990536277602524,0,0.0154798761609907,0.0123076923076923,0.990639625585023,0.888178913738019,0.0127186009538951,0,0.393568147013783,0.993798449612403,0.791976225854383,0.400304414003044,0.657232704402516,0.971036585365854,0.0211480362537764,0.986363636363636,0.989345509893455,0.0170542635658915,0.973643410852713,0.988835725677831,0.963893249607535,0.984591679506934,0.187306501547988,0.321646341463415,0.307098765432099,0.985804416403785,0.940514469453376,0.0510835913312693,0.267605633802817,0.987538940809969,0.159264931087289,0.312406576980568,0.992150706436421,0.98740157480315,0.97984496124031,0.6896,0.986342943854325,0.250388802488336,0.975384615384615,0.9858934169279,0,0.325264750378215,0.554868624420402,0.0279503105590062,0.0504587155963303,0.0182370820668693,0.906542056074766,0.0403726708074534,0.0108024691358025,0,0.233644859813084,0.984301412872841,0.0808709175738725,0.9904,0.98310291858679,0.990551181102362,0.299684542586751,0.306603773584906,0.658841940532081,0.479233226837061,0,0.819466248037677,0.0226586102719033,0.0490045941807044,0.208523592085236,0.987281399046105,0.013719512195122,0,0.345509893455099,0.0245398773006135,0.0373250388802488,0.478193146417445,0.992063492063492,0.286614173228346,0.987220447284345,0.956521739130435,0,0.992592592592593,0.00904977375565611,0.986259541984733,0.823076923076923,0.987117552334944,0.0233281493001555,0.961890243902439,0.0108359133126935,0.879443585780526,0.717219589257504,0.940639269406393,0.987616099071207,0.984399375975039,0.309859154929577,0.957746478873239,0.987767584097859,0.0091324200913242,0.0336906584992343,0.985804416403785,0.986217457886677,0.334355828220859,0.877708978328173,0.959083469721768,0.96319018404908,0.989096573208723,0,0.133122028526149,0.986259541984733,0.0107858243451464,0,0.979559748427673,0.00958466453674121,0.045958795562599,0.987692307692308,0.977987421383648,0.00474683544303797,0.633693972179289,0.415360501567398,0.992138364779874,0.00956937799043062,0.866251944012442,0.990521327014218,0.391575663026521,0.621580547112462,0.787596899224806,0,0.166149068322981,0.9875,0.986068111455108,0.448757763975155,0.987692307692308,0.967213114754098,0.0386398763523957,0.00154083204930663,0.990867579908676,0.984375,0.955384615384615,0.680851063829787,0.0154559505409583,0.87519747235387,0.253456221198157,0.195121951219512,0.00462249614791988,0.617554858934169,0.601246105919003,0.633435582822086,0,0.2976,0.914860681114551,0.625585023400936,0.524691358024691,0.0885885885885886,0,0,0.991228070175439,0.962178517397882,0,0.926267281105991,0.00797448165869218,0,0,0.989096573208723,0,0.990445859872611,0.781395348837209,0.547799696509863,0.987915407854985,0,0,0.984520123839009,0.959276018099548,0.709284627092846,0.0122511485451761,0,0.879756468797565,0.609756097560976,0.992331288343558,0.533026113671275,0.361934477379095,0,0.972350230414747,0.0125984251968504,0.966719492868463,0.0914826498422713,0,0.0164670658682635,0.132701421800948,0.479099678456592,0.969040247678019,0,0.954476479514416,0.97196261682243,0.987673343605547,0,0.0824088748019017,0.923824959481361,0.0146341463414634,0.989214175654854,0.990950226244344,0.015527950310559,0.989214175654854,0.314814814814815,0.810185185185185,0.0217054263565891,0.1808,0.967289719626168,0.00777604976671851,0.0138461538461538,0.981566820276498,0.0174050632911392,0.658805031446541,0.398104265402844,0,0.118098159509202,0.743348982785602,0.270186335403727,0.984520123839009,0.0109717868338558,0.164086687306502,0.465709728867624,0.956780923994039,0.889057750759878,0.960629921259842,0.743589743589744,0,0.97583081570997,0.0105421686746988,0.959627329192547,0.4,0.0120481927710843,0.990895295902883,0.9890625,0.988976377952756,0.645510835913313,0.990683229813665,0.143307086614173,0.200949367088608,0.940092165898618,0.879815100154083,0,0,0.984544049459042,0.938679245283019,0.0265210608424337,0.984177215189873,0.995391705069124,0.390092879256966,0.93730407523511,0.738582677165354,0.886363636363636,0,0.96513470681458,0.348580441640379,0.990811638591118,0.989312977099237,0,0.642201834862385,0.976708074534162,0.0141065830721003,0.683464566929134,0.386259541984733,0.802962962962963,0.708860759493671,0.955156950672646,0.0911854103343465,0.979397781299525,0.989164086687306,0.986153846153846,0.313880126182965,0.111111111111111,0.990783410138249,0.986322188449848,0.0075642965204236,0.784403669724771,0.450229709035222,0.268933539412674,0.763440860215054,0.987519500780031,0.874608150470219,0.987786259541985,0.131297709923664,0.0112903225806452,0,0.823255813953488,0.0125588697017268,0.00928792569659443,0.282642089093702,0,0.987635239567233,0.921898928024502,0.989296636085627,0.995363214837713,0.0973724884080371,0.0125391849529781,0,0,0.181528662420382,0.0959119496855346,0.145962732919255,0,0.00921658986175115,0.986175115207373,0.013719512195122,0.306729264475743,0.985691573926868,0.592933947772657,0.963893249607535,0.677272727272727,0.65284178187404,0,0.988200589970501,0.412322274881517,0.5046875,0.925644916540212,0.990936555891239,0.402476780185758,0.0108024691358025,0.965571205007825,0.969418960244648,0,0.960960960960961,0.0259938837920489,0.983844911147011,0.424657534246575,0,0.0078003120124805,0.538961038961039,0.838050314465409,0.0106060606060606,0.148669796557121,0.00921658986175115,0.0016,0.746268656716418,0.0294117647058824,0.990243902439024,0.336858006042296,0.992378048780488,0.010590015128593,0.375766871165644,0.33026113671275,0.875598086124402,0.1008,0.0137825421133231,0.00152905198776758,0.0534591194968553,0,0.986526946107784,0.0488958990536278,0.991031390134529,0.0140405616224649,0.988817891373802,0,0.531202435312024,0.478260869565217,0.987711213517665,0,0.987730061349693,0,0.402208201892744,0.984544049459042,0,0.661094224924012,0.984202211690363,0.75077399380805,0.961904761904762,0.0481927710843374,0,0.989096573208723,0.276995305164319,0,0.692541856925419,0.00898203592814371,0.0305343511450382,0.9872,0.992175273865415,0.984894259818731,0.965785381026439,0.979750778816199,0,0.968798751950078,0.0168195718654434,0.36517719568567,0.2953125,0.987711213517665,0.986089644513138,0.983483483483483,0.977134146341463,0.0527950310559006,0.0244648318042813,0.990322580645161,0.958268933539413,0.706870229007634,0.972477064220184,0.987730061349693,0.98310291858679,0,0,0.970238095238095,0,0.0737327188940092,0,0.955315870570108,0.288461538461538,0.223101265822785,0.123664122137405,0.927018633540373,0,0.110939907550077,0.986175115207373,0.990740740740741,0.658385093167702,0.43452380952381,0.205580029368576,0.18693009118541,0.662480376766091,0.00770416024653313,0.12788906009245,0.563182527301092,0.267080745341615,0.684049079754601,0.0186335403726708,0,0.0094488188976378,0.332273449920509,0.987240829346092,0.629457364341085,0.239520958083832,0.614906832298137,0.878603945371775,0.972972972972973,0.97444089456869,0.982866043613707,0.990491283676704,0.987538940809969,0.559270516717325,0.427051671732523,0.9875,0.0164179104477612,0.0209895052473763,0.882534775888717,0.0107197549770291,0.989393939393939,0.958778625954198,0,0.121794871794872,0,0.960998439937597,0,0.970903522205207,0.98780487804878,0.013595166163142,0.844094488188976,0.989312977099237,0.658878504672897,0.61741835147745,0.880804953560371,0,0,0.935483870967742,0.949404761904762,1,0,0,0.00940438871473354,0.239819004524887,0.497681607418856,0,0.461897356143079,0,0.933962264150943,0.987519500780031,0.17515923566879,0.232771822358346,0,0.361635220125786,0.575193798449612,0.865533230293663,0.972768532526475,0.776744186046512,0.00923076923076923,0.995290423861852,0.0171606864274571,0.987240829346092,0,0.989280245022971,0.0062111801242236,0.990595611285266,0.0218408736349454,0.0173775671406003,0,0,0.829493087557604,0.932692307692308,0.944700460829493,0.709090909090909,0.0378787878787879,0.020440251572327,0.836923076923077,0.836115326251897,0,0.0217729393468118,0.965408805031447,0,0.971473851030111,0.970903522205207,0.075,0.0403100775193798,0.0109034267912773,0.986342943854325,0.477848101265823,0.0870917573872473,0.113057324840764,0.122324159021407,0.691823899371069,0.108396946564885,0.990625,0,0.75705329153605,0.978625954198473,0.0015748031496063,0,0.0134529147982063,0,0.0137614678899083,0.989214175654854,0.714060031595577,0.0126182965299685,0.0125984251968504,0.552590266875981,0.973101265822785,0.441578148710167,0.052790346907994,0.0126382306477093,0.0617088607594937,0.0171875,0,0.0404354587869362,0.0180722891566265,0.0109204368174727,0.0229709035222052,0.0105740181268882,0.045958795562599,0.0578386605783866,0.0245022970903522,0.0186046511627907,0.00471698113207547,0.0248833592534992,0.0244274809160305,0.0583717357910906,0.0170015455950541,0.0200927357032458,0.00811688311688312,0.0140625,0.0461783439490446,0.0157728706624606,0.0239880059970015,0.0139968895800933,0.0461538461538462,0.0119225037257824,0.0139968895800933
"749",0,0,0,0,0,0,0.0138888888888889,0.00154083204930663,0,1,0,1,0,0,0,0,1,0.982919254658385,0,0,0,0,0,1,0,0,0,0,0,0,0,0,0.00154083204930663,0,1,0,0.977064220183486,0,0,0,0.998447204968944,0.985007496251874,0.992458521870287,0,0,0,0,0,0,0,1,0,0,0,0.013953488372093,0,1,0,0.00306748466257669,0,0,0,0,1,0,0,1,0,1,0,0,0,0,0,1,0.00149476831091181,0,0,0.00157728706624606,0,1,0,0,0,0,0,0,0,0.00305343511450382,0.989409984871407,0,0,1,1,0,1,0.0169230769230769,0,0.990963855421687,0.98937784522003,0.0106382978723404,1,0,0,0,0,0.990654205607477,0.00304878048780488,0,0,0,0.0140405616224649,0,0,1,0,0,1,0,0,1,0.00153609831029186,0,0,0,0,0,0,1,0.00757575757575758,0,0,0,1,0,0,1,0,0,0.00634920634920635,1,1,0,0,0,0,0,0,0,0,0,0,0,0,0,0,0,0,1,0,0.00598802395209581,0,0,1,0,0,0,0,0,0,0,0,0,0,0.00309119010819165,0,1,0,1,0,0,0,0,0,0,0,0,0,0,0,0,0,0,0.0211161387631976,1,1,0,0.998475609756098,0,0,0.0108527131782946,0,0,0,0,0,0,0,0.0015015015015015,1,0,0,0,0,0,0.00307692307692308,0,0,0.00153374233128834,0,0,1,0,0,0,1,0,0,0.00457317073170732,0,0,0,0.0213089802130898,1,0.0135338345864662,0,0,0,0,0,0,0,0,0,0,0,0,0,0,0,0,0,0,0,0,0,0,0,0.989214175654854,0,1,0.00464396284829721,0,0,0,1,0.0015748031496063,0.00149476831091181,0,0,0,0,0.989230769230769,0,0,0,0,0,0,0,0,0,0,0.0125391849529781,1,0,0.0152671755725191,1,0,0.0135135135135135,0.00153609831029186,1,0,0,0,0,0,1,0.0183206106870229,0,0,0,0,0,0,0,0,0,0,0,0,0,0,0,0,0.00311526479750779,0,0.949464012251149,0,0,0,0,0,0,0,0,0,0,0,0,1,0,0.0077639751552795,0,0.946808510638298,0,0,0,0,1,0,0,0,0,0,0,0,0,0,0,1,0,0,0,0,0,0,1,0,0,0,0.00308166409861325,0,0,0,0,1,0,0,0,0,0,0,0,0,0,0,0,0,0.00308641975308642,0,0,0,0,0,0,0,0,0,0,0,0,1,0,0,0,1,0,0.989045383411581,0,0,0,0.995412844036697,0.0106221547799697,0,0,0,0,0,0,0,0,1,0,0.00156985871271586,0,0,0,0,0,0.998475609756098,0,0,0,0,0,0.0062402496099844,0,0.016260162601626,0.992570579494799,0,0,0,1,0,0.0015600624024961,0,0,0,1,1,0,0,1,0,0.990610328638498,1,1,0,1,0,0.00153609831029186,0.00732064421669107,0,1,1,0,0,0,0,0.996870109546166,0.0181543116490166,0,0,0,0,1,0,0,0.00154083204930663,0,1,0,0,0,0.00153139356814701,1,0,0,0,1,0,0,0,0,0,0,0,0,0,0,0.0015625,0,0.990825688073395,0,0,0,0,0.0125,1,0,0.00307692307692308,0,0,0,0,0,0,0,0,0,1,0,0,0,0.00470957613814757,0,0,0,0,0,0,0,0,0,0.013719512195122,1,1,0,0,0,0,0,0,0,0,0.0148588410104012,1,0,0.0169230769230769,0,0,1,0,0,0,0.00152671755725191,0,0,0,0,0,0.00309119010819165,0,0,0.01875,0.0277349768875193,0,0,0.992469879518072,0,0,0,0,0,0,0,0.774962742175857,0,1,0.00152439024390244,0,0,0,1,0,0,0,0,0,0,1,1,0,0,0,1,0,0,0.561270801815431,0,0,0.00925925925925926,0,0,0,1,0,0,0,0.00449101796407186,0,0,0.989312977099237,0,0,1,0.00150602409638554,0,0,0,1,0.990881458966565,0,0,0,0,0.987692307692308,0.998425196850394,0,0,0,0,0,0,0,0,0.00631911532385466,0,0,0.996946564885496,0,1,0,0.158227848101266,0.00147275405007364,0,0,1,0,0,0,1,0,1,0,0,1,0.0196969696969697,0,0,0.00158730158730159,0,1,0,0,1,0,0,0,0,0,0,0.00308641975308642,0,1,0,0.978978978978979,0.0210526315789474,0,0,0,0,0,0.915644171779141,0,0,0,0,0,0,0,1,1,0,1,0,0.998459167950693,0,0,0,0,0,0.998463901689708,0,0,0,0,0,0,0,0,0,0,0,0,0,0,1,0,0.0186335403726708,0,0.0303951367781155,0,0,0.00602409638554217,0,0.00156494522691706,0,0,0,0,0,0,0,0,0.00308166409861325,0.98936170212766,0,0,1,0,1,0,1,0,0,0,0,0,0.0015625,0,0.0184331797235023,1,1,0,0,0,1,1,0,0,0,1,0,1,0,0,0.0329153605015674,0,1,0,0,0,0,0,0,0,0.9,0,1,0,0.992319508448541,0,0,0.362928348909657,1,1,0.00153846153846154,0,0.00914634146341463,0,0,0,0,0,1,0,0,1,0,0,0,0.959028831562974,0,0,0,0,0,0,0,0,0,1,0,0,0.995319812792512,1,0,1,0,0,0,0,0,0.00614439324116743,0.00467289719626168,0,0.950226244343891,0,0.901990811638591,0.974006116207951,1,0.160550458715596,0,0,0.00300751879699248,0,0.951713395638629,0.944024205748865,0,0.973846153846154,0.992076069730586,0.947530864197531,0.969879518072289,0.944108761329305,0,0.966463414634146,0,0,0.954968944099379,0,0.927927927927928,0,0.0619195046439628,0,0
"750",0,0,0,0,0,0,0.00783699059561128,0,0,1,0,1,0,0,0,0,1,0.984375,0,0,0,0,0,1,0,0,0,0.0015600624024961,0,0,0,0,0,0,1,0,0.977203647416413,0,0,0,0.9984375,0.984756097560976,0.992211838006231,0,0,0,0,0,0,0,1,0,0,0,0.00770416024653313,0,1,0,0.00152439024390244,0,0,0,0,1,0,0,1,0,1,0,0,0,0,0,1,0,0,0,0,0,1,0,0,0,0,0,0,0,0.00457317073170732,0.989489489489489,0,0,1,1,0,1,0.0170542635658915,0,0.990881458966565,0.989247311827957,0.0062015503875969,1,0,0,0,0,0.990610328638498,0.00155763239875389,0,0,0,0.00950871632329636,0,0,1,0,0,1,0,0,1,0,0,0,0,0,0,0,1,0.00606980273141123,0,0,0,1,0,0,1,0,0,0.00471698113207547,1,1,0,0,0,0,0,0,0,0,0,0,0,0,0,0,0,0,1,0,0.00151745068285281,0,0,1,0,0,0,0,0,0,0,0,0,0,0.0015552099533437,0,1,0,1,0,0,0,0,0,0,0,0,0,0,0,0,0,0,0.0154798761609907,1,1,0,0.998447204968944,0,0,0.0077639751552795,0,0,0,0,0,0,0,0,1,0,0,0,0,0,0.0015527950310559,0,0,0,0,0,1,0,0,0,1,0,0,0.0031104199066874,0,0,0,0.015625,1,0.0104477611940299,0,0,0,0,0,0,0,0,0,0,0,0,0,0,0,0,0,0,0,0,0,0,0,0.989130434782609,0,1,0.00462962962962963,0,0,0,1,0.00158478605388273,0.0015220700152207,0,0,0,0,0.989329268292683,0,0,0,0,0,0,0,0,0,0,0.00947867298578199,1,0,0.0108527131782946,1,0,0.00758725341426404,0,1,0,0,0,0,0,1,0.0138674884437596,0,0,0,0,0,0,0,0,0,0,0,0,0,0,0,0,0.0015600624024961,0,0.956923076923077,0,0,0,0,0,0,0,0,0,0,0,0,1,0,0.00941915227629513,0,0.948406676783004,0,0,0,0,1,0,0,0,0,0,0,0,0,0,0,1,0,0,0,0,0,0,1,0,0,0,0,0,0,0,0,1,0,0,0,0,0,0,0,0,0,0,0,0,0.00155038759689922,0,0,0,0,0,0,0,0,0,0,0,0,1,0,0,0,1,0,0.987361769352291,0,0,0,0.995356037151703,0.0062015503875969,0,0,0,0,0,0,0,0,1,0,0,0,0,0,0,0,0.998466257668712,0,0,0,0,0,0.0015625,0,0.00978792822185971,0.992343032159265,0,0,0,1,0,0,0,0,0,1,1,0,0,1,0,0.990521327014218,1,1,0,1,0,0.00152671755725191,0.00601503759398496,0,1,1,0,0,0,0,0.996865203761755,0.0120481927710843,0,0,0,0,1,0,0,0,0,1,0,0,0,0.00154559505409583,1,0,0,0,1,0,0,0,0,0,0,0,0,0,0,0.00156739811912226,0,0.990740740740741,0,0,0,0,0.0109034267912773,1,0,0,0,0,0,0,0,0,0,0,0,1,0,0,0,0.00477707006369427,0,0,0,0,0,0,0,0,0,0.00771604938271605,1,1,0,0,0,0,0,0,0,0,0.00910470409711684,1,0,0.0123647604327666,0,0,1,0,0,0,0,0,0,0,0,0,0,0,0,0.0143540669856459,0.0293663060278207,0,0,0.990853658536585,0,0,0,0,0,0,0,0.769578313253012,0,1,0,0,0,0,1,0,0,0,0,0,0,1,1,0,0,0,1,0,0,0.557721139430285,0,0,0.0062111801242236,0,0,0,1,0,0,0,0.00151975683890578,0,0,0.987635239567233,0,0,1,0.00151285930408472,0,0,0,1,0.990783410138249,0,0,0,0,0.987654320987654,0.998410174880763,0,0,0,0,0,0,0,0,0.00159235668789809,0,0,0.996889580093313,0,1,0,0.16031746031746,0,0,0,1,0,0,0,1,0,1,0,0,1,0.0137825421133231,0,0,0,0,1,0,0,1,0,0,0,0,0,0,0.00462962962962963,0.00158227848101266,1,0,0.978527607361963,0.0167427701674277,0,0,0,0,0,0.916030534351145,0,0,0,0,0,0,0,1,1,0,1,0,0.998452012383901,0,0,0,0,0,0.998475609756098,0,0,0,0,0,0,0,0,0,0,0,0,0,0,1,0,0.0158227848101266,0,0.0260336906584992,0,0,0.00153374233128834,0,0.00158227848101266,0,0,0,0,0,0,0,0,0,0.989473684210526,0,0,1,0,1,0,1,0,0,0,0,0,0.00158227848101266,0,0.0125786163522013,1,1,0,0,0,1,1,0,0,0,1,0,1,0,0,0.0331230283911672,0,1,0,0,0,0,0,0,0,0.894409937888199,0,1,0,0.990867579908676,0,0,0.36150234741784,1,1,0,0,0.00613496932515337,0,0,0,0,0,1,0,0,1,0,0,0,0.96030534351145,0,0,0,0,0,0,0,0,0,1,0,0,0.995305164319249,1,0,1,0,0,0,0,0,0.00470957613814757,0.00305810397553517,0,0.960183767228178,0,0.903691813804173,0.973926380368098,1,0.155038759689922,0,0,0.00601503759398496,0,0.956723338485317,0.94969512195122,0,0.976887519260401,0.992163009404389,0.950310559006211,0.974358974358974,0.94969512195122,0,0.969512195121951,0,0,0.95968992248062,0,0.928571428571429,0,0.0564263322884013,0,0
"751",0.00161812297734628,0,0.0284810126582278,0.0573770491803279,0.0132890365448505,0,0.104501607717042,0.024232633279483,0,0,0,0,0.443381180223285,0,0.957210776545166,0.990461049284579,0,0.00162337662337662,0.00161290322580645,0.0193236714975845,0.824088748019017,0.968067226890756,0.0095389507154213,0,0.0365659777424483,0.769105691056911,0.891056910569106,0.0115702479338843,0.531881804043546,0.314194577352472,1,0.3232,0.222585924713584,0.714975845410628,0,0,0.00475435816164818,0.004739336492891,0.73959938366718,0.0910543130990415,0,0,0,0,0.22,0.981937602627258,0.5,1,0.522620904836194,0.869701726844584,0,0.0064,0.72397476340694,0,0.115942028985507,0.836633663366337,0,0.0293159609120521,0.0412044374009509,0.0914927768860353,0.714285714285714,0.576086956521739,1,0,0.0980392156862745,0.171974522292994,0,0.0129659643435981,0,1,0.135303265940902,0.996805111821086,0.988745980707395,0,0,0.28169014084507,0.95625,0.424878836833603,0.102773246329527,0.72849915682968,0,0.304897314375987,0.798425196850394,0,0.896,0.0973724884080371,0.00313971742543171,0.0267295597484277,0.0304487179487179,0,0.011400651465798,0,0,0,0.0297029702970297,0,0.685897435897436,0.01875,0,0,0.380417335473515,0,0.7,0,0.897356143079316,0,0,0.0208667736757624,1,0.993558776167472,0.993630573248408,0.0884244372990354,0.66504854368932,0.00481540930979133,0,0.0125984251968504,0.307086614173228,0,1,0.769354838709677,0,0.232633279483037,0.748387096774194,0.928213689482471,0.0267716535433071,0.864217252396166,0,0.00160771704180064,0,0.456418383518225,0.0610932475884244,0.506578947368421,0.00988467874794069,0,0.00646203554119548,0.979365079365079,0,0.780448717948718,0.368932038834951,0.470978441127695,0,0,0.0209003215434084,0.219354838709677,0.834170854271357,0,0.993680884676145,0.08,0.577487765089723,0.01875,0.860927152317881,0.012924071082391,0,0.14968152866242,0.00481540930979133,1,0,1,0,0.255250403877221,0.12888198757764,0.019047619047619,0.984076433121019,0,0,0.548760330578512,0,0,0,0.711598746081505,0.0222222222222222,0.998397435897436,0.0440944881889764,1,0.102605863192182,0.646774193548387,0,0.0158227848101266,0,0.145569620253165,0,0.881107491856677,0.0158227848101266,0.0435483870967742,0.00772797527047913,0.0266457680250784,0.909810126582278,0.616352201257862,0.0673234811165846,0.0502431118314425,0.941653160453809,0.993558776167472,0.0177133655394525,0.131746031746032,0,0,0.69047619047619,0,0,0.746388443017656,0.124183006535948,0.2352,0.00796178343949045,0.575364667747164,0.55608214849921,0.702614379084967,0.0740740740740741,0.0400641025641026,0.116129032258065,0,0.103174603174603,0.822742474916388,0.0535714285714286,1,0.935331230283912,0.4624,0.0260162601626016,0.0156985871271586,0.170731707317073,0,0.106796116504854,0,0.936995153473344,0.332268370607029,0.00488599348534202,0,0.0062992125984252,0.0186625194401244,0.446945337620579,0.435406698564593,0.0112721417069243,0,0.6176,0,0.104928457869634,0.481361426256078,0.0316666666666667,1,0.0427892234548336,0.0016025641025641,0,0.0463258785942492,0.45933014354067,0.998363338788871,0.0293159609120521,0.457735247208931,0.996904024767802,1,0.801302931596091,1,0.844660194174757,0.330708661417323,1,0.996805111821086,0.991974317817014,0.421383647798742,0.958881578947368,0.0161030595813204,0,1,0,0.771474878444084,0,0.0174050632911392,0.0894568690095847,0,0.131147540983607,0.144427001569859,0.323432343234323,0.398058252427184,0.545746388443018,0.542207792207792,0,0,0.906300484652666,0.307692307692308,0.0418679549114332,0.990415335463259,0.244766505636071,0.998371335504886,0.883464566929134,0,0,0.103896103896104,0,0.367924528301887,0.116427432216906,0,1,0.107142857142857,0.0163398692810458,0,0.998397435897436,0.998412698412698,0.0179738562091503,0.119086460032626,1,0,0.605475040257649,0.00649350649350649,0.220657276995305,0.604133545310016,0.336,0.0347551342812006,0.9936,0,0,0.993506493506494,0.0336,0,0.0250836120401338,0,0.821939586645469,0.692307692307692,0.711568938193344,0.0196399345335516,0.0636515912897822,0.00159489633173844,0.737274220032841,0.0175438596491228,0.851968503937008,0.686335403726708,0.00479233226837061,0.00324675324675325,0.0318471337579618,0.304276315789474,0.00156985871271586,0.757328990228013,0.0362776025236593,0.00323101777059774,0,0.682242990654206,0.443708609271523,0.987096774193548,0.00157232704402516,0.992163009404389,0.086038961038961,0.9712,1,0,0.781701444622793,0.00490998363338789,0.938411669367909,0.0116472545757072,0.0271132376395534,0.0112540192926045,0.703099510603589,0.69983416252073,0.334405144694534,0.536502546689304,0,0.174121405750799,0.984301412872841,0.96031746031746,0.794303797468354,0,0.998384491114701,0,0.675632911392405,0.992063492063492,0.975609756097561,0.5264,0,0.72158154859967,0,0.0292682926829268,0,0.00769230769230769,1,0.00156985871271586,0.1696,0,0.985645933014354,0.0233281493001555,1,0.110047846889952,0.28665568369028,0.0555555555555556,0.00798722044728434,0,0.7072,0.0324149108589951,0,1,0.979559748427673,0,0,0.669291338582677,0.109872611464968,0.0370994940978078,0.0477707006369427,0,0,0.88130081300813,0,0.99836867862969,0,0.0345394736842105,0,0.958132045088567,0,0.032051282051282,0,0.376012965964344,0.605911330049261,0.013136288998358,0.998336106489185,0.133333333333333,0.0016366612111293,0.623778501628665,0.4,0.220421393841167,0,0.834645669291339,0.0211382113821138,0.00161550888529887,0.564516129032258,0,0.0293103448275862,0.969551282051282,0,0.00961538461538462,0.00647249190938511,0.0436893203883495,0.313195548489666,0.993650793650794,0.135179153094463,0.777955271565495,0.802675585284281,0,0.370860927152318,0.4,0.380573248407643,0,0.706362153344209,0.0906148867313916,0.354066985645933,0.46984126984127,0.921875,0,0,0,0.0251968503937008,0,0.0917874396135266,0,0,0,0,0,0,0.240322580645161,0.481012658227848,0,0,0,0.00642054574638844,0.0417956656346749,0.268987341772152,1,0,0.115323854660348,0.402799377916019,0,0.475961538461538,0.653530377668309,0,0.0175438596491228,1,0.0373983739837398,0.912972085385878,0,0.988976377952756,0.885057471264368,0.523255813953488,0.0221169036334913,0,0.0481366459627329,0.0267716535433071,0,0,0.931034482758621,0.0620805369127517,0.994974874371859,0,0,0.993610223642173,0,0.697784810126582,0.188197767145136,0.991935483870968,0.83112582781457,0.0368,0,1,0.0207006369426752,0.995024875621891,0.335504885993485,0.615008156606852,0,0.886942675159236,0.25487012987013,0.733017377567141,0.0207336523125997,1,0.869426751592357,0.54468802698145,0.0499219968798752,0.115919629057187,0.0324675324675325,0.254486133768352,0,0.0160513643659711,1,0.0337078651685393,0.598673300165838,1,0,0,0,0.369774919614148,0.0111111111111111,0.870703764320786,0.811382113821138,0.0562700964630225,0.118314424635332,0,0,0.00974025974025974,0.0591133004926108,0.986906710310966,0.0179445350734095,0.00802568218298555,0.629513343799058,0.0711974110032362,0.284313725490196,0.1125,0,0.0355987055016181,0.646302250803859,0,0,0,0.348726114649682,0.0274636510500808,1,0.310457516339869,0.621236133122029,0.194099378881988,0.315619967793881,0.0343213728549142,0.921417565485362,0.0132450331125828,0,0.0161550888529887,0.683946488294314,0.867741935483871,0.00964630225080386,0,0,0.207006369426752,0.544585987261146,0.737520128824477,0.240887480190174,0,0.116316639741519,0,0.0901898734177215,1,0,0.176470588235294,0.998381877022654,1,0.721337579617834,0,0.00805152979066022,0.0923566878980892,0.00159744408945687,0.00476947535771065,0.911290322580645,1,0,0,0.830618892508143,0.92741935483871,0.840322580645161,0,1,0,0.424764890282132,0.707717569786535,0,0.408945686900958,0.0279605263157895,0.332814930015552,0.358490566037736,0,0,0.604501607717042,0.503974562798092,0.0742496050552923,0.00782472613458529,0.608,0,0.0421393841166937,0.0393081761006289,0,0.03125,0.987240829346092,0.0115131578947368,0.562204724409449,0,0,0.478849407783418,0.166666666666667,1,0.862295081967213,0,0,0.25193199381762,0.982084690553746,0,0.675118858954041,0.00473186119873817,1,0.614516129032258,0.685064935064935,0.125205930807249,0.915841584158416,0.996845425867508,0,0.967213114754098,0,0.00465116279069767,0.788025889967638,0.0168970814132104,0.995065789473684,0,0,0.487341772151899,0.539967373572594,0,0,0.00158730158730159,0,0.599009900990099,0.00949367088607595,0,0.342902711323764,0.0212418300653595,0.2544,0.0490196078431373,0.962085308056872,0,0,0.732786885245902,0,0.319354838709677,1,0.987301587301587,0,0,0.00934579439252336,0.0272,0.0194174757281553,0,0.0227642276422764,0,0.636507936507936,0.71405750798722,0.00796178343949045,0.00641025641025641,0.00638977635782748,0.00627943485086342,0.0268987341772152,0.987138263665595,0.0114566284779051,0.0369774919614148,0.279874213836478,0.0191693290734824,0,0.0286624203821656,0,0,0.0155038759689922,0,0.93968253968254,0,0.0453808752025932,0.714521452145215,0.798690671031097,0.876006441223833,0.0752,0.00160513643659711,0.893481717011129,0,0,0.351910828025478,0.590138674884438,0.790591805766313,0.812206572769953,0.34640522875817,1,0.876996805111821,0.460420032310178,0.739549839228296,0.287081339712919,0.988817891373802,0,1,0.659574468085106,0,0.348982785602504,0.770800627943485,0.381703470031546,0.12480252764613,0.0094488188976378,0.0353697749196141,0.0179738562091503,0,0,0.436392914653784,0.579277864992151,0.0016,0.996894409937888,0.992150706436421,0.121642969984202,0,0,0.0298273155416013,0,0.898502495840266,0,0.0483091787439614,0,0.027027027027027,0,0.9952,0.150974025974026,0,0.356209150326797,0.3888,0.121163166397415,0,0,0.065989847715736,0.0582822085889571,0.00940438871473354,0,0,1,0.771653543307087,0.5,0,0.539452495974235,0,0.0741935483870968,0,0.799011532125206,0.766666666666667,0,0.647435897435897,0.403815580286169,0.129032258064516,0.0361635220125786,0.240322580645161,1,0.00646203554119548,0.0849358974358974,0,0,0.0174050632911392,0,0,0.983948635634029,0.622764227642276,0,0,0.168503937007874,0.0697674418604651,0.0558213716108453,0.275590551181102,0.970633693972179,0.995090016366612,0.152,0.171339563862928,0,0.987117552334944,0.032,0,0.0165562913907285,0.0427892234548336,0.941915227629513,0,0.996820349761526,0,0.530081300813008,0.928571428571429,0.90787269681742,0.889776357827476,0.302479338842975,0.911490683229814,0,0,0.2368,0.0158982511923688,0,0,1,0,1,0,0.281923714759536,1,1,0.45928338762215,0.0405844155844156,0.559808612440191,0,0.998344370860927,0.0492610837438424,0.0095389507154213,0,0.806763285024155,0.995341614906832,0.998349834983498,0.985668789808917,1,0,0,0.983844911147011,0.00642054574638844,0.0032626427406199,0.0289389067524116,0.0064,0,0.991883116883117,0.0142857142857143,1,0.996789727126806,0,0.993506493506494,0.0505529225908373,1,0.910543130990415,0.998454404945904,0.998381877022654
"752",0.229430379746835,0.235474006116208,0.241221374045802,0.283653846153846,0.229430379746835,0.223765432098765,0.308755760368664,0.25652841781874,0.241960183767228,0,0.233231707317073,0,0.532307692307692,0.228346456692913,0.756880733944954,0.76793893129771,0,0.00154559505409583,0.235478806907378,0.253086419753086,0.729938271604938,0.787267080745342,0.248085758039816,0,0.28680981595092,0.685670261941448,0.750387596899225,0.234076433121019,0.634328358208955,0.470588235294118,0.759571209800919,0.489230769230769,0.426584234930448,0.718266253869969,0,0.222222222222222,0.0135746606334842,0.231124807395994,0.723214285714286,0.322822822822823,0,0.00152671755725191,0,0.233542319749216,0.403815580286169,0.8046875,0.553822152886115,0.770290964777948,0.625757575757576,0.767830045523521,0,0.242331288343558,0.696696696696697,0.23728813559322,0.29393468118196,0.80811232449298,0,0.259433962264151,0.252663622526636,0.314112291350531,0.723664122137405,0.66015037593985,0.765069551777434,0,0.340590979782271,0.403374233128834,0,0.243119266055046,0,0.763523956723339,0.346564885496183,0.780635400907716,0.789719626168224,0.218373493975904,0,0.48729446935725,0.767019667170953,0.590490797546012,0.322327044025157,0.735056542810985,0,0.466767371601208,0.701515151515152,0.235384615384615,0.772247360482655,0.30640243902439,0.22782874617737,0.270229007633588,0.262121212121212,0.00149925037481259,0.237209302325581,0.222222222222222,0,0,0.262166405023548,0,0.664652567975831,0.246153846153846,0,0,0.50231124807396,0,0.707086614173228,0.230524642289348,0.756060606060606,0.234548335974643,0.00154559505409583,0.238828967642527,0.780373831775701,0.780674846625767,0.763719512195122,0.284389489953632,0.694099378881988,0.24079754601227,0,0.227272727272727,0.471927162367223,0,0.776758409785933,0.975460122699387,0,0.442040185471406,0.717156105100464,0.76984126984127,0.251162790697674,0.805471124620061,0.235562310030395,0.222390317700454,0,0.540909090909091,0.284603421461897,0.725984251968504,0.238244514106583,0,0.229813664596273,0.763826606875934,0,0.7234375,0.486739469578783,0.56786271450858,0,0,0.243531202435312,0.46319018404908,0.760188087774295,0.215503875968992,0.758832565284178,0.306278713629403,0.64937106918239,0.237237237237237,0.736263736263736,0.253414264036419,0.231496062992126,0.391502276176024,0.226928895612708,0.766929133858268,0.222056631892697,0.76661514683153,0,0.470769230769231,0.314925373134328,0.24054462934947,0.767477203647416,0,0.230884557721139,0.594339622641509,0.238019169329073,0.235474006116208,0.233486943164363,0.691603053435115,0.24357034795764,0.770516717325228,0.287833827893175,0.776946107784431,0.303738317757009,0.63020030816641,0,0.25,0,0.371165644171779,0.235920852359209,0.790297339593114,0.229832572298326,0.272865853658537,0.225519287833828,0.260336906584992,0.810687022900763,0.6797583081571,0.305993690851735,0.287250384024578,0.758139534883721,0.762269938650307,0.256692913385827,0.309230769230769,0,0,0.694704049844237,0,0.238670694864048,0.742899850523169,0.302180685358255,0.431372549019608,0.243939393939394,0.617784711388456,0.767267267267267,0.689167974882261,0.278713629402757,0.267993874425727,0.30688622754491,0,0.331831831831832,0.746835443037975,0.274961597542243,0.758566978193146,0.752252252252252,0.565420560747664,0.248085758039816,0.24468085106383,0.382488479262673,0.236006051437216,0.350152905198777,0,0.744615384615385,0.529850746268657,0.226415094339623,0,0.230652503793627,0.243609022556391,0.545454545454545,0.555725190839695,0.225856697819315,0.248427672955975,0.653374233128834,0,0.298507462686567,0.602184087363494,0.25,0.764705882352941,0.25948406676783,0.234930448222566,0.229135053110774,0.276335877862595,0.591117917304747,0.767080745341615,0.261275272161742,0.552631578947368,0.759231905465288,0.763392857142857,0.720062208398134,0.780185758513932,0.741324921135647,0.464977645305514,0.772036474164134,0.784313725490196,0.76793893129771,0.529770992366412,0.755868544600939,0.251552795031056,0.00154083204930663,0.764976958525346,0,0.686244204018547,0.236111111111111,0.254160363086233,0.310708898944193,0,0.29874213836478,0.373860182370821,0.488653555219365,0.552352048558422,0.584234930448223,0.7375,0.00153374233128834,0.225505443234837,0.734026745913819,0.4848,0.243865030674847,0.767830045523521,0.439024390243902,0.767830045523521,0.754198473282443,0.226244343891403,0.235015772870662,0.296703296703297,0,0.51131221719457,0.281055900621118,0,0.754122938530735,0.294736842105263,0.246511627906977,0,0.781297134238311,0.764615384615385,0.253943217665615,0.327102803738318,0.769953051643192,0,0.619047619047619,0.254290171606864,0.384155455904335,0.68160741885626,0.504672897196262,0.255673222390318,0.759630200308166,0.23644578313253,0.212863705972435,0.776911076443058,0.260670731707317,0.226993865030675,0.252730109204368,0.234009360374415,0.876352395672334,0.68140243902439,0.699537750385208,0.237871674491393,0.287066246056782,0.0136570561456753,0.996918335901387,0.241960183767228,0.746932515337423,0.926646706586826,0.236006051437216,0.224458204334365,0.263636363636364,0.503961965134707,0.227963525835866,0.987635239567233,0.265553869499241,0.233281493001555,0,0.677862595419847,0.524844720496894,0.772036474164134,0.015220700152207,0.770925110132159,0.296583850931677,0.770739064856712,0.775229357798165,0,0.87906976744186,0.240369799691834,0.774885145482389,0.244766505636071,0.25114854517611,0.238828967642527,0.703001579778831,0.692307692307692,0.534456355283308,0.629984051036683,0,0.392638036809816,0.774289985052317,0.769924812030075,0.742725880551302,0.23208722741433,0.782012195121951,0,0.68348623853211,0.768292682926829,0.777950310559006,0.562883435582822,0.227202472952087,0.765723270440252,0.228346456692913,0.2642089093702,0,0.238235294117647,0.753799392097264,0.235294117647059,0.388198757763975,0.238546603475513,0.752688172043011,0.259090909090909,0.762269938650307,0.349693251533742,0.438485804416404,0.280542986425339,0.253048780487805,0.231950844854071,0.70381679389313,0.272727272727273,0.220389805097451,0.776772247360483,0.797564687975647,0.23943661971831,0.232522796352584,0.731297709923664,0.342465753424658,0.272,0.285496183206107,0.238239757207891,0,0.773940345368917,0.238239757207891,0.763693270735524,0,0.253846153846154,0,0.799368088467615,0.219364599092284,0.244582043343653,0,0.506153846153846,0.621495327102804,0.252764612954186,0.784929356357928,0.345911949685535,0.227629513343799,0.673846153846154,0.524812030075188,0.401538461538462,0,0.728376327769347,0.245283018867925,0.238461538461538,0.5895865237366,0.230182926829268,0.251623376623377,0.775229357798165,0,0.237730061349693,0.233486943164363,0.272585669781931,0.506726457399103,0.771875,0.319875776397516,0.704545454545455,0.699367088607595,0,0.559006211180124,0.555727554179567,0.506134969325153,0,0.732283464566929,0.296923076923077,0.546423135464231,0.595054095826893,0.770925110132159,0,0,0.212922173274596,0.252631578947368,0,0.291603053435115,0.00154320987654321,0,0,0.234108527131783,0,0.25314465408805,0.401840490797546,0.546268656716418,0.213114754098361,0,0,0.223076923076923,0.271111111111111,0.482280431432974,0.770864946889226,0,0.301659125188537,0.523592085235921,0.232628398791541,0.551145038167939,0.695517774343122,0,0.234042553191489,0.7765625,0.265116279069767,0.786271450858034,0,0.760479041916168,0.771875,0.675718849840256,0.255707762557078,0,0.27299703264095,0.24191063174114,0.2217125382263,0,0.814756671899529,0.281505728314239,0.766881028938907,0.230534351145038,0.235382308845577,0.774390243902439,0.218320610687023,0.687692307692308,0.38368580060423,0.768759571209801,0.731132075471698,0.273291925465839,0.00155038759689922,0.766513056835638,0.259146341463415,0.761755485893417,0.5264,0.574961360123648,0,0.73820395738204,0.410296411856474,0.699386503067485,0.24390243902439,0.773006134969325,0.734042553191489,0.745161290322581,0.27123695976155,0.314925373134328,0.265940902021773,0.472307692307692,0,0.249621785173979,0.768759571209801,0.246932515337423,0.624610591900312,0.773472429210134,0.226244343891403,0.234756097560976,0.219092331768388,0.485451761102603,0.238532110091743,0.728260869565217,0.728813559322034,0.29320987654321,0.310664605873261,0,0,0.24031007751938,0.277519379844961,0.758139534883721,0.237366003062787,0.238095238095238,0.661514683153014,0.29375,0.452453987730061,0.293413173652695,0,0.253822629969419,0.648148148148148,0.234234234234234,0.228043143297381,0,0.55054432348367,0.25,0.771739130434783,0.494590417310665,0.708206686930091,0.406804733727811,0.483720930232558,0.271916790490342,0.726865671641791,0.231378763866878,0.235735735735736,0.242792109256449,0.685624012638231,0.724770642201835,0.242835595776772,0.23397913561848,0,0.44359756097561,0.707132018209408,0.769349845201238,0.416793893129771,0.225114854517611,0.320373250388802,0.225757575757576,0.136636636636637,0.775834658187599,0,0.376160990712074,0.752307692307692,0.769465648854962,0.741984732824427,0,0.254992319508449,0.296130952380952,0.236111111111111,0.24251497005988,0.733024691358025,0.7673343605547,0,0,0.740506329113924,0.756923076923077,0.736842105263158,0,0.761261261261261,0.224270353302611,0.313546423135464,0.684867394695788,0.233908948194662,0.523076923076923,0.258914728682171,0.485584218512898,0.490254872563718,0,0.238872403560831,0.617784711388456,0.59594383775351,0.288288288288288,0.241791044776119,0.647239263803681,0,0.263565891472868,0.259818731117825,0,0.255605381165919,0.76840490797546,0.239549839228296,0.739663093415008,0,0.00153139356814701,0.601957585644372,0.361934477379095,0.775229357798165,0.791021671826625,0.00153139356814701,0,0.434718100890208,0.778649921507064,0.223662884927066,0.725637181409295,0.238450074515648,0.771982116244411,0.682779456193353,0.66407465007776,0.324921135646688,0.774038461538462,0.771739130434783,0,0.771028037383178,0,0.237593984962406,0.61198738170347,0.223214285714286,0.764430577223089,0.230769230769231,0,0.555052790346908,0.638065522620905,0.216049382716049,0,0.233183856502242,0,0.675718849840256,0.24132730015083,0,0.476479514415782,0.243328100470958,0.418461538461538,0.278301886792453,0.775075987841945,0,0.223744292237443,0.843653250773994,0,0.49390243902439,0.761689291101056,0.766768292682927,0.236507936507937,0.218944099378882,0.24468085106383,0.258015267175572,0.253846153846154,0,0.246130030959752,0.00151745068285281,0.640601503759399,0.762839879154079,0.237442922374429,0.23583460949464,0.242057488653555,0.256880733944954,0.0365296803652968,0.783616692426584,0.230769230769231,0.254237288135593,0.494672754946728,0.255351681957187,0.240298507462687,0.253030303030303,0,0,0.231905465288035,0,0.746932515337423,0.00153846153846154,0.259720062208398,0.759873617693523,0.712715855572998,0.721538461538462,0.309597523219814,0.00154559505409583,0.759259259259259,0.226993865030675,0.23159509202454,0.504658385093168,0.646971935007385,0.728739002932551,0.773273273273273,0.49452269170579,0.774242424242424,0.746543778801843,0.5609375,0.983128834355828,0.514157973174367,0.757621951219512,0,0.753510140405616,0.65511811023622,0.229329173166927,0.457186544342508,0.725637181409295,0.564024390243902,0.312404287901991,0.215037593984962,0.263975155279503,0.234741784037559,0.238993710691824,0.229813664596273,0.579352850539291,0.65284178187404,0.238993710691824,0.777448071216617,0.765765765765766,0.335925349922239,0.00151057401812689,0.246969696969697,0.264750378214826,0,0.778125,0,0.260336906584992,0,0.250386398763524,0.233024691358025,0.764885496183206,0.364928909952607,0.231003039513678,0.475743348982786,0.489329268292683,0.310077519379845,0,0,0.288709677419355,0.285714285714286,0.239819004524887,0,0,0.771653543307087,1,0.711864406779661,0,0.640552995391705,0,0.285488958990536,0.234206471494607,0.686520376175549,0.695915279878971,0,0.701863354037267,0.534775888717156,0.374233128834356,0.259701492537313,0.411229135053111,0.76840490797546,0.231611893583725,0.0727554179566563,0.216429699842022,0,0.244377811094453,0,0.231378763866878,0.787692307692308,0.471786833855799,0,0,0.362406015037594,0.300314465408805,0.257621951219512,0.524886877828054,0.74739970282318,0.76271186440678,0.367283950617284,0.35249621785174,0,0.772797527047913,0.257763975155279,0,0.24405705229794,0.261398176291793,0.818456883509834,0.00766871165644172,0.780966767371601,0.2178517397882,0.621283255086072,0.744976816074189,0.737678855325914,0.779122541603631,0.496050552922591,0.782414307004471,0.220657276995305,0,0.463790446841294,0.257186081694402,0,0,0.774336283185841,0,0.768518518518518,0.239393939393939,0.477093206951027,0.760188087774295,0.76219512195122,0.554160125588697,0.25077399380805,0.660578386605784,0.00903614457831325,0.759316770186335,0.037914691943128,0.0137614678899083,0,0.617647058823529,0.75712143928036,0.765258215962441,0.763277693474962,0.775417298937785,0.0078125,0.0108024691358025,0.753030303030303,0.0124223602484472,0.0031201248049922,0.0320121951219512,0.0121765601217656,0.0138461538461538,0.771472392638037,0.018348623853211,0.764521193092622,0.756548536209553,0.00625,0.773993808049536,0.0448430493273543,0.767123287671233,0.724031007751938,0.766961651917404,0.76625386996904
"753",0.498397435897436,0.503164556962025,0.5,0.50801282051282,0.487220447284345,0.489499192245557,0.541269841269841,0.498447204968944,0.514774494556765,0,0.496087636932707,0,0.5546875,0.502369668246445,0.507836990595611,0.500772797527048,0,0.0109546165884194,0.519169329073482,0.514913657770801,0.557299843014129,0.524959742351047,0.515527950310559,0,0.517611026033691,0.541341653666147,0.552590266875981,0.495207667731629,0.711450381679389,0.557275541795666,0.489197530864198,0.574730354391371,0.616954474097331,0.579937304075235,0,0.492088607594937,0.014018691588785,0.505443234836703,0.592307692307692,0.582952815829528,0,0.00910470409711684,0.00307692307692308,0.489827856025039,0.539967373572594,0.511923688394277,0.571656050955414,0.499207606973059,0.599383667180277,0.615267175572519,0,0.515432098765432,0.585023400936037,0.499212598425197,0.51496062992126,0.555555555555556,0,0.531782945736434,0.497674418604651,0.521739130434783,0.574568288854003,0.710280373831776,0.501592356687898,0,0.602848101265823,0.654263565891473,0,0.507020280811232,0,0.502377179080824,0.533026113671275,0.513975155279503,0.510172143974961,0.490740740740741,0,0.654377880184332,0.507788161993769,0.700617283950617,0.530254777070064,0.574257425742574,0,0.552307692307692,0.556240369799692,0.508580343213729,0.588607594936709,0.532012195121951,0.487538940809969,0.516975308641975,0.499231950844854,0.00308166409861325,0.503184713375796,0.486697965571205,0,0,0.512820512820513,0,0.58887171561051,0.510204081632653,0.00154320987654321,0.0031104199066874,0.608087091757387,0,0.599369085173502,0.497652582159624,0.535060975609756,0.5,0.00316455696202532,0.509433962264151,0.503164556962025,0.499212598425197,0.497630331753554,0.501572327044025,0.577708006279435,0.522151898734177,0,0.493846153846154,0.54858934169279,0,0.493001555209953,0.717252396166134,0,0.60702875399361,0.595576619273302,0.524193548387097,0.49609984399376,0.614551083591331,0.50229709035222,0.500782472613459,0,0.620743034055728,0.5296875,0.967845659163987,0.501592356687898,0,0.489698890649762,0.504587155963303,0,0.588888888888889,0.560629921259843,0.623586429725363,0,0,0.506134969325153,0.661417322834646,0.592,0.494488188976378,0.496875,0.521806853582555,0.565705128205128,0.505295007564297,0.559055118110236,0.503961965134707,0.5,0.555384615384615,0.4890625,0.506998444790047,0.490015360983103,0.503961965134707,0,0.716323296354992,0.527692307692308,0.510140405616225,0.5,0,0.488408037094281,0.584,0.519354838709677,0.50390015600624,0.483720930232558,0.553191489361702,0.490712074303406,0.504702194357367,0.529680365296804,0.518910741301059,0.520700636942675,0.545166402535658,0,0.4921875,0,0.575384615384615,0.493690851735016,0.6352,0.480680061823802,0.515432098765432,0.495426829268293,0.541925465838509,0.547880690737834,0.580398162327718,0.536231884057971,0.534072900158479,0.515772870662461,0.482059282371295,0.508771929824561,0.514018691588785,0,0,0.617322834645669,0,0.507716049382716,0.576452599388379,0.5229793977813,0.58,0.490076335877863,0.628019323671498,0.976671850699845,0.627575277337559,0.496865203761755,0.509463722397476,0.524031007751938,0,0.55,0.567307692307692,0.4976,0.49452269170579,0.506134969325153,0.622641509433962,0.508607198748044,0.509230769230769,0.574766355140187,0.503086419753086,0.581761006289308,0,0.520376175548589,0.699376947040498,0.497622820919176,0,0.49768875192604,0.502269288956127,0.612055641421947,0.567441860465116,0.480376766091052,0.502431118314425,0.610142630744849,0,0.526799387442573,0.565286624203822,0.508064516129032,0.496111975116641,0.523291925465838,0.485086342229199,0.500772797527048,0.538461538461538,0.559815950920245,0.4896331738437,0.5086887835703,0.566510172143975,0.490076335877863,0.488584474885845,0.521193092621664,0.51188589540412,0.548543689320388,0.598484848484849,0.5,0.501543209876543,0.513097072419106,0.601851851851852,0.504792332268371,0.523510971786834,0.00473186119873817,0.504716981132076,0,0.571428571428571,0.501582278481013,0.509259259259259,0.523364485981308,0,0.51207729468599,0.631987577639752,0.55,0.5600624024961,0.556782334384858,0.965079365079365,0.00306748466257669,0.507109004739337,0.53323029366306,0.5664,0.518987341772152,0.503115264797508,0.579937304075235,0.501557632398754,0.543613707165109,0.506849315068493,0.504078303425775,0.5168,0,0.607142857142857,0.497607655502392,0,0.493044822256569,0.51301684532925,0.488853503184713,0,0.523291925465838,0.512422360248447,0.523349436392915,0.539808917197452,0.491987179487179,0,0.593457943925234,0.515873015873016,0.557077625570776,0.570552147239264,0.598412698412698,0.495297805642633,0.503076923076923,0.509230769230769,0.49144634525661,0.498412698412698,0.500770416024653,0.494435612082671,0.525641025641026,0.512383900928793,0.592125984251968,0.589984350547731,0.608695652173913,0.4864,0.526484751203852,0.0231124807395994,0.746835443037975,0.5078125,0.541795665634675,0.766312594840668,0.517719568567026,0.521193092621664,0.523510971786834,0.695238095238095,0.505295007564297,0.743307086614173,0.513056835637481,0.496805111821086,0,0.582159624413146,0.593650793650794,0.503828483920367,0.0294117647058824,0.508448540706605,0.519623233908948,0.512422360248447,0.508580343213729,0,0.583596214511041,0.5086887835703,0.563579277864992,0.516962843295638,0.511041009463722,0.496050552922591,0.617554858934169,0.610032362459547,0.682464454976303,0.566558441558442,0,0.630094043887147,0.504601226993865,0.504615384615385,0.580495356037152,0.492890995260663,0.50547730829421,0,0.595015576323987,0.489827856025039,0.515822784810127,0.554675118858954,0.497607655502392,0.573482428115016,0.495987158908507,0.521394611727417,0,0.505952380952381,0.483128834355828,0.506134969325153,0.620528771384137,0.519417475728155,0.499215070643642,0.520610687022901,0.503095975232198,0.62402496099844,0.560897435897436,0.554868624420402,0.503852080123267,0.49375,0.606864274570983,0.530516431924883,0.477519379844961,0.498461538461538,0.511700468018721,0.494417862838915,0.509230769230769,0.570542635658915,0.640746500777605,0.514516129032258,0.527692307692308,0.506976744186047,0,0.531300160513644,0.498442367601246,0.509523809523809,0,0.500782472613459,0.004739336492891,0.50788643533123,0.497674418604651,0.50390015600624,0,0.599686028257457,0.565420560747664,0.515055467511886,0.49185667752443,0.5216,0.497592295345104,0.688087774294671,0.60596546310832,0.541269841269841,0,0.566929133858268,0.501582278481013,0.50788643533123,0.558502340093604,0.505409582689335,0.509933774834437,0.511811023622047,0,0.507668711656442,0.5171875,0.531446540880503,0.649769585253456,0.517774343122102,0.513470681458003,0.536697247706422,0.556464811783961,0.0031201248049922,0.714285714285714,0.583596214511041,0.557632398753894,0,0.556089743589744,0.529042386185243,0.68,0.558778625954198,0.525449101796407,0,0,0.487179487179487,0.526153846153846,0,0.52112676056338,0.00473186119873817,0,0,0.5088,0,0.5072,0.580996884735203,0.605504587155963,0.481538461538462,0,0,0.50625,0.534142640364188,0.672839506172839,0.493769470404984,0.00159235668789809,0.515384615384615,0.592248062015504,0.500782472613459,0.568356374807988,0.555379746835443,0,0.494590417310665,0.515007898894155,0.519747235387046,0.529042386185243,0,0.493212669683258,0.582539682539683,0.676375404530744,0.511664074650078,0,0.515243902439024,0.493788819875776,0.493710691823899,0,0.529874213836478,0.542904290429043,0.495908346972177,0.489130434782609,0.497695852534562,0.507042253521127,0.491472868217054,0.609034267912773,0.554858934169279,0.508744038155803,0.559618441971383,0.525078369905956,0.003125,0.518053375196232,0.51840490797546,0.490322580645161,0.669811320754717,0.5,0,0.522342064714946,0.549920760697306,0.607142857142857,0.515576323987539,0.496865203761755,0.536098310291859,1,0.506849315068493,0.511485451761103,0.507177033492823,0.656645569620253,0,0.51468315301391,0.503888024883359,0.527070063694268,0.619426751592357,0.506870229007634,0.489859594383775,0.511773940345369,0.494488188976378,0.551401869158878,0.503115264797508,0.549606299212598,0.572093023255814,0.505511811023622,0.517350157728707,0,0,0.5,0.513556618819777,0.496025437201908,0.50796178343949,0.514774494556765,0.626771653543307,0.5184,0.583860759493671,0.51468315301391,0,0.504702194357367,0.589456869009585,0.511773940345369,0.492890995260663,0,0.75705329153605,0.492012779552716,0.496038034865293,0.621451104100946,0.576802507836991,0.626865671641791,0.563897763578275,0.535987748851455,0.505263157894737,0.499205087440382,0.498456790123457,0.502325581395349,0.600321027287319,0.499212598425197,0.502318392581144,0.49613601236476,0.00154798761609907,0.660436137071651,0.675465838509317,0.560862865947612,0.523809523809524,0.495268138801262,0.520569620253165,0.490853658536585,0.136923076923077,0.488599348534202,0,0.551724137931034,0.488958990536278,0.498427672955975,0.575471698113208,0,0.519561815336463,0.533127889060092,0.489922480620155,0.514774494556765,0.531001589825119,0.485179407176287,0,0,0.585760517799353,0.516535433070866,0.552099533437014,0,0.496884735202492,0.497674418604651,0.2052067381317,0.621283255086072,0.495207667731629,0.616954474097331,0.5229793977813,0.568567026194145,0.571209800918836,0,0.51186943620178,0.623417721518987,0.635930047694754,0.512898330804249,0.49922480620155,0.582043343653251,0.00307692307692308,0.496087636932707,0.515105740181269,0,0.521604938271605,0.492283950617284,0.516181229773463,0.948517940717629,0,0.00315457413249211,0.642740619902121,0.521394611727417,0.500772797527048,0.541269841269841,0.0047244094488189,0,0.564564564564565,0.517405063291139,0.493399339933993,0.575384615384615,0.496171516079632,0.496923076923077,0.569182389937107,0.548644338118022,0.524332810047096,0.561688311688312,0.496884735202492,0.00156494522691706,0.515923566878981,0,0.498466257668712,0.427876823338736,0.474809160305344,0.497637795275591,0.501602564102564,0,0.557251908396947,0.692913385826772,0.497622820919176,0,0.501529051987768,0,0.583601286173633,0.511627906976744,0,0.602150537634409,0.502347417840376,0.550769230769231,0.504746835443038,0.516975308641975,0,0.490595611285266,0.594637223974763,0,0.565217391304348,0.492447129909366,0.513846153846154,0.50561797752809,0.496025437201908,0.509118541033435,0.514150943396226,0.5,0,0.514866979655712,0.0107033639143731,0.58887171561051,0.565217391304348,0.516279069767442,0.490654205607477,0.5,0.498456790123457,0.0585516178736518,0.512578616352201,0.504854368932039,0.520865533230294,0.696456086286595,0.5109375,0.489922480620155,0.50390015600624,0,0,0.516566265060241,0,0.520123839009288,0.00156739811912226,0.520440251572327,0.574433656957929,0.522508038585209,0.532208588957055,0.548076923076923,0,0.535603715170279,0.5140625,0.507020280811232,0.556414219474498,0.637878787878788,0.598802395209581,0.556067588325653,0.565008025682183,0.512345679012346,0.542319749216301,0.613104524180967,0.758675078864353,0.673282442748092,0.492211838006231,0,0.49203821656051,0.596774193548387,0.503134796238245,0.580343213728549,0.575342465753425,0.705607476635514,0.527950310559006,0.487218045112782,0.507987220447284,0.494470774091627,0.520634920634921,0.5,0.575851393188854,0.570987654320988,0.505511811023622,0.503782148260212,0.500763358778626,0.545171339563863,0.00305810397553517,0.516079632465544,0.525,0,0.581583198707593,0,0.516535433070866,0,0.507739938080495,0.514285714285714,0.49452269170579,0.5600624024961,0.511075949367089,0.583860759493671,0.583850931677019,0.52276295133438,0,0,0.529032258064516,0.508221225710015,0.497681607418856,0,0,0.5,0.711864406779661,1,0,0.566929133858268,0,0.502392344497608,0.508771929824561,0.52,0.576086956521739,0,0.587378640776699,0.574803149606299,0.66875,0.51840490797546,0.561815336463224,0.488151658767773,0.5,0.0555555555555556,0.495192307692308,0,0.509146341463415,0.00463678516228748,0.503164556962025,0.517133956386293,0.302737520128824,0,0,0.561622464898596,0.543548387096774,0.507788161993769,0.710323574730354,0.482388973966309,0.5,0.532905296950241,0.504545454545455,0,0.496845425867508,0.52931854199683,0,0.503961965134707,0.51702786377709,0.547021943573668,0.021875,0.50788643533123,0.485451761102603,0.539556962025316,0.510236220472441,0.528180354267311,0.544615384615385,0.661264181523501,0.579109062980031,0.491228070175439,0,0.708133971291866,0.523291925465838,0.00317460317460317,0,0.498480243161094,0,0.5015625,0.5,0.583333333333333,0.498407643312102,0.510268562401264,0.618441971383148,0.492063492063492,0.722741433021807,0.0259541984732824,0.493610223642172,0.0429936305732484,0.0124223602484472,0,0.428571428571429,0.504601226993865,0.507064364207221,0.501567398119122,0.5,0.0240770465489567,0.027906976744186,0.512461059190031,0.0141509433962264,0.00321027287319422,0.0249609984399376,0.0154320987654321,0.0297339593114241,0.514150943396226,0.0185471406491499,0.5,0.486614173228346,0.0235849056603774,0.502332814930016,0.0443425076452599,0.510903426791277,0.499217527386541,0.51044776119403,0.500782472613459
"754",0,0,0,0,0,0,0.0139103554868624,0.00154083204930663,0,1,0,1,0,0,0,0,1,0.981308411214953,0,0,0,0,0,1,0,0,0,0.00159489633173844,0,0,0,0,0.0016025641025641,0,1,0,0.975077881619938,0,0,0,0.998427672955975,0.981366459627329,0.992295839753467,0,0,0,0,0,0,0,1,0,0,0,0.0127388535031847,0,1,0,0.00153846153846154,0,0,0,0,1,0,0,1,0,1,0,0,0,0,0,1,0.00153846153846154,0,0,0.0016,0,1,0,0,0,0,0,0,0,0.00462249614791988,0.986196319018405,0,0,1,1,0,1,0.0171606864274571,0,0.990697674418605,0.989028213166144,0.0078003120124805,1,0,0,0,0,0.987361769352291,0.00156494522691706,0,0,0,0.0109717868338558,0,0,1,0,0,1,0,0,1,0.00157232704402516,0,0,0,0,0,0,1,0.00311526479750779,0,0,0,1,0,0,1,0,0,0.00483091787439614,1,1,0,0,0,0,0,0,0,0,0,0,0,0,0,0,0,0,1,0,0.00458015267175573,0,0,1,0,0,0,0,0,0,0,0,0,0,0.00159489633173844,0,1,0,1,0,0,0,0,0,0,0,0,0,0,0,0,0,0,0.0169491525423729,1,1,0,0.998461538461539,0,0,0.00807754442649435,0,0,0,0,0,0,0,0.0015600624024961,1,0,0,0,0,0,0.00315457413249211,0,0,0.00155038759689922,0,0,1,0,0,0,1,0,0,0.00460122699386503,0,0,0,0.0170807453416149,1,0.0107197549770291,0,0,0,0,0,0,0,0,0,0,0,0,0,0,0,0,0,0,0,0,0,0,0,0.985691573926868,0,1,0.00471698113207547,0,0,0,1,0,0.00306278713629403,0,0,0,0,0.986089644513138,0,0,0,0,0,0,0,0,0,0,0.00956937799043062,1,0,0.0128617363344051,1,0,0.0122699386503067,0.00158478605388273,1,0,0,0,0,0,1,0.015748031496063,0,0,0,0,0,0,0,0,0,0,0,0,0,0,0,0,0.00158730158730159,0,0.948356807511737,0,0,0,0,0,0,0,0,0,0,0,0,1,0,0.00796178343949045,0,0.944012441679627,0,0,0,0,1,0,0,0,0,0,0,0,0,0,0,1,0,0,0,0,0,0,1,0,0,0,0.00313971742543171,0,0,0,0,1,0,0,0,0,0,0,0,0,0,0,0,0,0.0031201248049922,0,0,0,0,0,0,0,0,0,0,0,0,1,0,0,0,1,0,0.987421383647799,0,0,0,0.995215311004785,0.00478468899521531,0,0,0,0,0,0,0,0,1,0,0.0016025641025641,0,0,0,0,0,0.998449612403101,0,0,0,0,0,0.00470219435736677,0,0.0130932896890344,0.992211838006231,0,0,0,1,0,0.00156985871271586,0,0,0,1,1,0,0,1,0,0.987341772151899,1,1,0,1,0,0.00155763239875389,0.00307219662058372,0,1,1,0,0,0,0,0.996789727126806,0.0152905198776758,0,0,0,0,1,0,0,0.0015600624024961,0,1,0,0,0,0.0015748031496063,1,0,0,0,1,0,0,0,0,0,0,0,0,0,0,0.00158478605388273,0,0.987361769352291,0,0,0,0,0.0109717868338558,1,0,0.00318471337579618,0,0,0,0,0,0,0,0,0,1,0,0,0,0.00158478605388273,0,0,0,0,0,0,0,0,0,0.0108695652173913,1,1,0,0,0,0,0,0,0,0,0.0152905198776758,1,0,0.015625,0,0,1,0,0,0,0.00157232704402516,0,0,0,0,0,0.00322061191626409,0,0,0.0158478605388273,0.0235109717868339,0,0,0.99079754601227,0,0,0,0,0,0,0,0.777950310559006,0,1,0.00156494522691706,0,0,0,1,0,0,0,0,0,0,1,1,0,0,0,1,0,0,0.561643835616438,0,0,0.00465116279069767,0,0,0,1,0,0,0,0.00451127819548872,0,0,0.989263803680982,0,0,1,0.00152905198776758,0,0,0,1,0.9890625,0,0,0,0,0.985915492957746,0.99837925445705,0,0,0,0,0,0,0,0,0.0048,0,0,0.99685534591195,0,1,0,0.161764705882353,0.00151745068285281,0,0,1,0,0,0,1,0,1,0,0,1,0.015600624024961,0,0,0.0016025641025641,0,1,0,0,1,0,0,0,0,0,0,0.00474683544303797,0.00160771704180064,1,0,0.978461538461538,0.0201550387596899,0,0,0,0,0,0.904238618524333,0,0,0,0,0,0,0,1,1,0,1,0,0.998415213946117,0,0,0,0,0,0.998442367601246,0,0,0,0,0,0,0,0,0,0,0,0,0,0,1,0,0.0191082802547771,0,0.0297805642633229,0,0,0.00460829493087558,0,0.00161030595813205,0,0,0,0,0,0,0,0,0.0031104199066874,0.986280487804878,0,0,1,0,1,0,1,0,0,0,0,0,0.0015748031496063,0,0.0142405063291139,1,1,0,0,0,1,1,0,0,0,1,0,1,0,0,0.0346456692913386,0,1,0,0,0,0,0,0,0,0.907936507936508,0,1,0,0.990639625585023,0,0,0.364217252396166,1,1,0.00155763239875389,0,0.00614439324116743,0,0,0,0,0,1,0,0,1,0,0,0,0.953632148377125,0,0,0,0,0,0,0,0,0,1,0,0,0.995275590551181,1,0,1,0,0,0,0,0,0.00318979266347687,0.00157232704402516,0,0.946564885496183,0,0.893964110929853,0.970724191063174,1,0.156494522691706,0,0,0.00612557427258806,0,0.946287519747235,0.941448382126348,0,0.971830985915493,0.990445859872611,0.941448382126348,0.965996908809892,0.939157566302652,0,0.962264150943396,0,0,0.951104100946372,0,0.932203389830508,0,0.0523076923076923,0,0
"755",0.444444444444444,0.446009389671362,0.494640122511485,0.50402576489533,0.464,0.457006369426752,0.502384737678855,0.466141732283465,0.451863354037267,0,0.443057722308892,0,0.673343605546995,0.44888178913738,0.577881619937695,0.566096423017107,0,0.00316957210776545,0.451456310679612,0.459752321981424,0.601837672281776,0.572131147540984,0.46319018404908,0,0.48159509202454,0.621875,0.578369905956113,0.449044585987261,0.641975308641975,0.6171875,0.552833078101072,0.732394366197183,0.613312202852615,0.581761006289308,0,0.442006269592476,0.00770416024653313,0.444099378881988,0.679817905918058,0.469230769230769,0,0.00154083204930663,0,0.44391785150079,0.5718901453958,0.579365079365079,0.645468998410175,0.544585987261146,0.690548780487805,0.588414634146341,0,0.450949367088608,0.597809076682316,0.455813953488372,0.51188589540412,0.713166144200627,0,0.464856230031949,0.479452054794521,0.562883435582822,0.615863141524106,0.609302325581395,0.560702875399361,0,0.512,0.522935779816514,0,0.479623824451411,0,0.536741214057508,0.494640122511485,0.546875,0.564945226917058,0.456656346749226,0,0.608895705521472,0.566978193146417,0.625978090766823,0.538216560509554,0.822259136212625,0,0.664098613251156,0.625,0.448854961832061,0.596850393700787,0.531152647975078,0.453271028037383,0.469767441860465,0.454545454545455,0,0.4453125,0.445300462249615,0,0,0.479559748427673,0,0.606299212598425,0.4515625,0,0,0.618066561014263,0,0.653481012658228,0.455538221528861,0.593607305936073,0.443561208267091,0,0.472613458528951,0.552922590837283,0.565830721003135,0.557275541795666,0.503154574132492,0.784711388455538,0.439628482972136,0,0.471317829457364,0.67741935483871,0,0.567441860465116,0.624605678233438,0,0.628125,0.625192012288787,0.599681020733652,0.467592592592593,0.594224924012158,0.439878234398782,0.445482866043614,0,0.603100775193798,0.503194888178914,0.573482428115016,0.4592,0,0.431309904153355,0.563358778625954,0,0.608346709470305,0.601275917065391,0.606451612903226,0,0,0.464012251148545,0.583333333333333,0.592709984152139,0.443057722308892,0.547049441786284,0.504643962848297,0.797147385103011,0.456923076923077,0.594896331738437,0.45511811023622,0.44251968503937,0.543343653250774,0.446511627906977,0.530448717948718,0.440124416796268,0.556782334384858,0,0.576,0.566517189835576,0.464678178963893,0.56656346749226,0,0.446841294298921,0.644654088050314,0.427884615384615,0.45398773006135,0.449848024316109,0.589939024390244,0.456221198156682,0.564873417721519,0.474497681607419,0.560422960725076,0.539184952978056,0.655487804878049,0,0.466353677621283,0,0.533127889060092,0.455676516329705,0.5765625,0.470866141732283,0.47758887171561,0.43928035982009,0.453576864535769,0.652582159624413,0.791021671826625,0.488076311605723,0.507246376811594,0.560629921259843,0.548837209302326,0.457735247208931,0.531782945736434,0,0,0.6265625,0,0.454268292682927,0.767692307692308,0.517571884984026,0.55868544600939,0.440677966101695,0.6078125,0.579754601226994,0.632,0.505529225908373,0.467716535433071,0.569659442724458,0,0.503095975232198,0.618210862619808,0.510172143974961,0.559561128526646,0.584876543209877,0.61128526645768,0.458267716535433,0.458966565349544,0.607535321821036,0.445497630331754,0.527472527472527,0,0.570542635658915,0.577272727272727,0.458730158730159,0,0.44309559939302,0.452344931921331,0.609302325581395,0.688291139240506,0.447784810126582,0.440650406504065,0.615384615384615,0,0.490881458966565,0.913112164296998,0.46984126984127,0.566978193146417,0.490881458966565,0.45141065830721,0.447004608294931,0.48811410459588,0.691717791411043,0.564873417721519,0.479495268138801,0.62962962962963,0.537065052950076,0.53822629969419,0.573643410852713,0.547169811320755,0.610492845786963,0.570992366412214,0.552425665101721,0.553488372093023,0.564142194744977,0.615501519756839,0.561290322580645,0.477093206951027,0,0.534267912772586,0,0.614896988906498,0.460191082802548,0.451713395638629,0.50392464678179,0,0.5504,0.493827160493827,0.687888198757764,0.868670886075949,0.709119496855346,0.560821484992101,0,0.448275862068966,0.604006163328197,0.713821138211382,0.485849056603774,0.554179566563467,0.592125984251968,0.559561128526646,0.63452566096423,0.447488584474886,0.452648475120385,0.505582137161085,0,0.609831029185868,0.510268562401264,0,0.529770992366412,0.507645259938838,0.475357710651828,0,0.560185185185185,0.552147239263804,0.476190476190476,0.577777777777778,0.549679487179487,0,0.612852664576803,0.462025316455696,0.591331269349845,0.8,0.606060606060606,0.4765625,0.564742589703588,0.437689969604863,0.448979591836735,0.562204724409449,0.483464566929134,0.452119309262166,0.460063897763578,0.443076923076923,0.677672955974843,0.581903276131045,0.62037037037037,0.454838709677419,0.500794912559618,0.0232198142414861,0.624600638977636,0.487460815047022,0.6265625,0.657012195121951,0.462025316455696,0.446372239747634,0.458786936236392,0.593301435406699,0.444272445820433,0.625592417061611,0.469483568075117,0.4375,0,0.593893129770992,0.60377358490566,0.567398119122257,0.0214395099540582,0.549923195084485,0.514820592823713,0.552262090483619,0.555900621118012,0,0.671826625386997,0.464678178963893,0.5875,0.473684210526316,0.491338582677165,0.458528951486698,0.622820919175911,0.607085346215781,0.605633802816901,0.758564437194127,0,0.545878693623639,0.551987767584098,0.56055900621118,0.640866873065015,0.436420722135008,0.561430793157076,0,0.609907120743034,0.547286821705426,0.568535825545171,0.59190031152648,0.431888544891641,0.848142164781906,0.429497568881686,0.45141065830721,0,0.458770614692654,0.543511450381679,0.442748091603053,0.55,0.458003169572108,0.557959814528594,0.47175572519084,0.559375,0.490654205607477,0.6512,0.479134466769706,0.46141975308642,0.446345256609642,0.631987577639752,0.479623824451411,0.448012232415902,0.572948328267477,0.561430793157076,0.445497630331754,0.444444444444444,0.86687306501548,0.479876160990712,0.456451612903226,0.503875968992248,0.451612903225806,0,0.6176,0.4484375,0.567567567567568,0,0.471875,0,0.600633914421553,0.441896024464832,0.475077881619938,0,0.606864274570983,0.652866242038217,0.469648562300319,0.55379746835443,0.556603773584906,0.438202247191011,0.635646687697161,0.589424572317263,0.615863141524106,0,0.622083981337481,0.450479233226837,0.449139280125196,0.668730650154799,0.437888198757764,0.463414634146341,0.571870170015456,0,0.455246913580247,0.455676516329705,0.483619344773791,0.589147286821705,0.549763033175355,0.54746835443038,0.639751552795031,0.596345514950166,0,0.609951845906902,0.572998430141287,0.6625,0,0.780096308186196,0.5141065830721,0.614307931570762,0.923547400611621,0.609939759036145,0,0,0.435364041604755,0.470229007633588,0,0.504702194357367,0,0,0,0.458730158730159,0,0.454838709677419,0.551181102362205,0.604651162790698,0.443759630200308,0,0,0.46046511627907,0.490106544901065,0.614439324116744,0.557926829268293,0,0.506976744186047,0.61633281972265,0.459968602825746,0.643730886850153,0.758675078864353,0,0.461778471138846,0.541533546325879,0.503174603174603,0.623211446740858,0,0.554711246200608,0.605095541401274,0.577487765089723,0.449685534591195,0,0.492401215805471,0.448275862068966,0.43944099378882,0,0.625396825396825,0.475409836065574,0.547077922077922,0.439814814814815,0.443585780525502,0.56,0.431007751937985,0.627358490566038,0.555031446540881,0.568778979907264,0.608064516129032,0.495341614906832,0,0.54559748427673,0.476190476190476,0.5712,0.645161290322581,0.59170653907496,0,0.572542901716069,0.627009646302251,0.613601236476043,0.456964006259781,0.550161812297735,0.637345679012346,0.592654424040067,0.498461538461538,0.557251908396947,0.476340694006309,0.598715890850722,0,0.468606431852986,0.546423135464231,0.440494590417311,0.6192,0.560371517027864,0.44,0.464454976303318,0.431279620853081,0.621236133122029,0.464285714285714,0.603448275862069,0.620094191522763,0.481191222570533,0.52803738317757,0,0,0.443561208267091,0.471428571428571,0.556089743589744,0.471246006389776,0.463076923076923,0.621913580246914,0.515923566878981,0.566188197767145,0.491577335375191,0,0.458135860979463,0.624605678233438,0.455259026687598,0.449297971918877,0,0.594679186228482,0.484227129337539,0.548183254344392,0.596214511041009,0.748456790123457,0.538931297709924,0.663009404388715,0.478787878787879,0.580645161290323,0.461538461538462,0.44945567651633,0.472952086553323,0.615384615384615,0.556942277691108,0.450858034321373,0.441221374045802,0,0.55054432348367,0.607963246554365,0.836220472440945,0.631741140215716,0.459842519685039,0.533123028391167,0.454828660436137,0.128440366972477,0.546623794212219,0,0.6,0.564593301435407,0.553488372093023,0.808777429467085,0,0.453543307086614,0.518633540372671,0.445300462249615,0.437116564417178,0.595275590551181,0.561014263074485,0,0,0.621187800963082,0.572542901716069,0.656101426307448,0,0.55868544600939,0.441176470588235,0.235294117647059,0.610591900311526,0.44375,0.609907120743034,0.454833597464342,0.678683385579937,0.603030303030303,0,0.454135338345865,0.605345911949686,0.607255520504732,0.499234303215926,0.445468509984639,0.61993769470405,0,0.48125,0.477794793261868,0,0.484894259818731,0.563182527301092,0.436781609195402,0.570754716981132,0,0,0.629084967320261,0.5921875,0.559815950920245,0.712460063897764,0,0,0.639939485627837,0.5453125,0.43485342019544,0.792569659442725,0.442218798151002,0.545592705167173,0.577464788732394,0.629392971246006,0.560702875399361,0.558252427184466,0.559322033898305,0,0.5696,0,0.452599388379205,0.4496,0.468277945619335,0.557324840764331,0.453125,0,0.676737160120846,0.616113744075829,0.445669291338583,0,0.441896024464832,0,0.776,0.441930618401207,0,0.608424336973479,0.452380952380952,0.57007874015748,0.497576736672052,0.583460949464012,0,0.45046439628483,0.726550079491256,0,0.724299065420561,0.549618320610687,0.564615384615385,0.465079365079365,0.447077409162717,0.462249614791988,0.448598130841121,0.458990536277603,0,0.446875,0.00308641975308642,0.621495327102804,0.806201550387597,0.459167950693374,0.452681388012618,0.453416149068323,0.455950540958269,0.0501567398119122,0.566302652106084,0.453074433656958,0.484472049689441,0.581504702194357,0.458333333333333,0.444615384615385,0.48297213622291,0,0,0.452631578947368,0,0.564885496183206,0.00158478605388273,0.478260869565217,0.792937399678973,0.648,0.582689335394127,0.509523809523809,0.00154798761609907,0.627118644067797,0.450393700787402,0.456221198156682,0.621069182389937,0.642324888226528,0.616417910447761,0.748091603053435,0.601574803149606,0.558139534883721,0.57032457496136,0.631007751937985,0.611801242236025,0.595712098009188,0.549844236760125,0,0.542130365659777,0.595238095238095,0.432216905901116,0.56656346749226,0.623298033282905,0.606106870229008,0.566153846153846,0.438253012048193,0.504885993485342,0.4592,0.448387096774194,0.457680250783699,0.87207488299532,0.747663551401869,0.439628482972136,0.556221889055472,0.551515151515152,0.561430793157076,0,0.44478527607362,0.441538461538462,0,0.588516746411483,0,0.485086342229199,0,0.451313755795981,0.452681388012618,0.537984496124031,0.55,0.448854961832061,0.602848101265823,0.567692307692308,0.500787401574803,0,0,0.48780487804878,0.496251874062969,0.461897356143079,0,0,0.539452495974235,0.640552995391705,0.566929133858268,0,1,0,0.487341772151899,0.455696202531646,0.565495207667732,0.622670807453416,0,0.73968253968254,0.616224648985959,0.484227129337539,0.476190476190476,0.567651632970451,0.55868544600939,0.46984126984127,0.0565149136577708,0.429936305732484,0,0.453172205438066,0,0.442700156985871,0.575709779179811,0.344497607655502,0,0,0.607751937984496,0.49047619047619,0.482334869431644,0.551145038167939,0.557251908396947,0.555031446540881,0.506976744186047,0.53680981595092,0,0.591549295774648,0.460587326120556,0,0.462279293739968,0.482334869431644,0.585516178736518,0.0154320987654321,0.531446540880503,0.434514637904468,0.759811616954474,0.55608214849921,0.615635179153095,0.658346333853354,0.6224,0.571207430340557,0.443037974683544,0,0.56140350877193,0.461656441717791,0,0,0.555386949924128,0,0.558320373250389,0.447328244274809,0.557165861513688,0.54983922829582,0.549520766773163,0.61198738170347,0.489859594383775,0.629457364341085,0.0231481481481481,0.5488,0.0614886731391586,0.0109204368174727,0,0.467304625199362,0.54066265060241,0.551181102362205,0.560862865947612,0.561240310077519,0.0208667736757624,0.0275650842266462,0.554160125588697,0.009375,0.0032520325203252,0.0264797507788162,0.0106870229007634,0.0248062015503876,0.559375,0.0122699386503067,0.562700964630225,0.556962025316456,0.0208333333333333,0.568075117370892,0.0393343419062027,0.557993730407524,0.521806853582555,0.546142208774584,0.553291536050157
"756",0,0,0,0,0,0,0.00940438871473354,0,0,1,0,1,0,0,0,0,1,0.986003110419907,0,0,0,0,0,1,0,0,0,0.00156739811912226,0,0,0,0,0.0015625,0,1,0,0.978527607361963,0,0,0,1,0.984756097560976,0.99537037037037,0,0,0,0,0,0,0,1,0,0,0,0.00949367088607595,0,1,0,0.00154083204930663,0,0,0,0,1,0,0,1,0,1,0,0,0,0,0,1,0.00152671755725191,0,0,0.00156985871271586,0,1,0,0,0,0,0,0,0,0.00308166409861325,0.990825688073395,0,0,1,1,0,1,0.015220700152207,0,0.995454545454545,0.993808049535604,0.00777604976671851,1,0,0,0,0,0.989197530864197,0.00154320987654321,0,0,0,0.0124416796267496,0,0,1,0,0,1,0,0,1,0.0015625,0,0,0,0,0,0,1,0.00610687022900763,0,0,0,1,0,0,1,0,0,0.00476190476190476,1,1,0,0,0,0,0,0,0,0,0,0,0,0,0,0,0,0,1,0,0.00461538461538462,0,0,1,0,0,0,0,0,0,0,0,0,0,0.0031496062992126,0,1,0,1,0,0,0,0,0,0,0,0,0,0,0,0,0,0,0.0183767228177642,1,1,0,1,0,0,0.00950871632329636,0,0,0,0,0,0,0,0.00152671755725191,1,0,0,0,0,0,0.00157728706624606,0,0,0.00154798761609907,0,0,1,0,0,0,1,0,0,0.00309119010819165,0,0,0,0.0186046511627907,1,0.0121765601217656,0,0,0,0,0,0,0,0,0,0,0,0,0,0,0,0,0,0,0,0,0,0,0,0.992163009404389,0,1,0.00462962962962963,0,0,0,1,0.00158730158730159,0.00304878048780488,0,0,0,0,0.990783410138249,0,0,0,0,0,0,0,0,0,0,0.0111642743221691,1,0,0.0124804992199688,1,0,0.0107858243451464,0,1,0,0,0,0,0,1,0.0184331797235023,0,0,0,0,0,0,0,0,0,0,0,0,0,0,0,0,0.00159235668789809,0,0.950226244343891,0,0,0,0,0,0,0,0,0,0,0,0,1,0,0.0078740157480315,0,0.94478527607362,0,0,0,0,1,0,0,0,0,0,0,0,0,0,0,1,0,0,0,0,0,0,1,0,0,0,0.00308166409861325,0,0,0,0,1,0,0,0,0,0,0,0,0,0,0,0,0,0.00306748466257669,0,0,0,0,0,0,0,0,0,0,0,0,1,0,0,0,1,0,0.993690851735016,0,0,0,0.998459167950693,0.0093167701863354,0,0,0,0,0,0,0,0,1,0,0,0,0,0,0,0,0.998449612403101,0,0,0,0,0,0.00474683544303797,0,0.012987012987013,0.996899224806202,0,0,0,1,0,0.00154320987654321,0,0,0,1,1,0,0,1,0,0.992101105845182,1,1,0,1,0,0,0.00606060606060606,0,1,1,0,0,0,0,0.9984375,0.0167427701674277,0,0,0,0,1,0,0,0.00158227848101266,0,1,0,0,0,0.00154320987654321,1,0,0,0,1,0,0,0,0,0,0,0,0,0,0,0.00159489633173844,0,0.992138364779874,0,0,0,0,0.0141509433962264,1,0,0.00313971742543171,0,0,0,0,0,0,0,0,0,1,0,0,0,0.00482315112540193,0,0,0,0,0,0,0,0,0,0.0124804992199688,1,1,0,0,0,0,0,0,0,0,0.0133928571428571,1,0,0.0158478605388273,0,0,1,0,0,0,0.00157728706624606,0,0,0,0,0,0.0016025641025641,0,0,0.0159744408945687,0.0263565891472868,0,0,0.995433789954338,0,0,0,0,0,0,0,0.757668711656442,0,1,0.00155763239875389,0,0,0,1,0,0,0,0,0,0,1,1,0,0,0,1,0,0,0.576923076923077,0,0,0.0078003120124805,0,0,0,1,0,0,0,0.00300751879699248,0,0,0.993911719939117,0,0,1,0.00151285930408472,0,0,0,1,0.995348837209302,0,0,0,0,0.992307692307692,1,0,0,0,0,0,0,0,0,0.00478468899521531,0,0,1,0,1,0,0.16,0,0,0,1,0,0,0,1,0,1,0,0,1,0.0196969696969697,0,0,0.0015552099533437,0,1,0,0,1,0,0,0,0,0,0,0.0031104199066874,0.0015552099533437,1,0,0.980122324159021,0.0181543116490166,0,0,0,0,0,0.923780487804878,0,0,0,0,0,0,0,1,1,0,1,0,0.998432601880878,0,0,0,0,0,1,0,0,0,0,0,0,0,0,0,0,0,0,0,0,1,0,0.0171875,0,0.029595015576324,0,0,0.00453857791225416,0,0.00158982511923688,0,0,0,0,0,0,0,0,0.0031055900621118,0.98936170212766,0,0,1,0,1,0,1,0,0,0,0,0,0,0,0.0158227848101266,1,1,0,0,0,1,1,0,0,0,1,0,1,0,0,0.0317460317460317,0,1,0,0,0,0,0,0,0,0.891167192429022,0,1,0,0.995405819295559,0,0,0.369668246445498,1,1,0.00154083204930663,0,0.00461538461538462,0,0,0,0,0,1,0,0,1,0,0,0,0.959564541213064,0,0,0,0,0,0,0,0,0,1,0,0,0.996884735202492,1,0,1,0,0,0,0,0,0.00465116279069767,0.0046583850931677,0,0.954682779456193,0,0.902912621359223,0.979938271604938,1,0.158805031446541,0,0,0.00458015267175573,0,0.952380952380952,0.945454545454545,0,0.976671850699845,0.992101105845182,0.947530864197531,0.974164133738602,0.944869831546707,0,0.971742543171115,0,0,0.954330708661417,0,0.93030303030303,0,0.0559875583203732,0,0
"757",0.928455284552846,0.920760697305864,0.923809523809524,0.886513157894737,0.921951219512195,0.931147540983607,0.85781990521327,0.924558587479936,0.921996879875195,0,0.922829581993569,0,0.584,0.925686591276252,0.134185303514377,0.0873015873015873,0,0.00961538461538462,0.92109500805153,0.918918918918919,0.225039619651347,0.112026359143328,0.911811023622047,0,0.901430842607313,0.329073482428115,0.182965299684543,0.923202614379085,0.5078125,0.699842022116904,0.0789889415481833,0.696141479099678,0.748387096774194,0.350162866449511,0,0.926282051282051,0.0188383045525903,0.921011058451817,0.318461538461538,0.842679127725857,0.00163132137030995,0.0110236220472441,0.00315457413249211,0.925742574257426,0.821138211382114,0.1,0.567567567567568,0.0740157480314961,0.540832049306626,0.194006309148265,0,0.916264090177134,0.340694006309148,0.9185303514377,0.844551282051282,0.23739837398374,0,0.898550724637681,0.906200317965024,0.872472783825817,0.357142857142857,0.474921630094044,0.076797385620915,0,0.842105263157895,0.791732909379968,0,0.919047619047619,0,0.0829346092503987,0.914330218068536,0.0754716981132075,0.095389507154213,0.932496075353218,0,0.70735524256651,0.110047846889952,0.604430379746835,0.87459807073955,0.353637901861252,0,0.720565149136578,0.277519379844961,0.924646781789639,0.185007974481659,0.882075471698113,0.921850079744817,0.92259083728278,0.912698412698413,0.00934579439252336,0.925278219395866,0.917721518987342,0,0,0.907467532467532,0,0.340222575516693,0.917197452229299,0.00635930047694754,0.00807754442649435,0.644549763033175,0,0.347826086956522,0.92520325203252,0.174922600619195,0.921182266009852,0.0095389507154213,0.917329093799682,0.0818619582664527,0.0838709677419355,0.0809968847352025,0.87220447284345,0.399361022364217,0.931089743589744,0,0.933858267716535,0.71474358974359,0,0.0846645367412141,0.278768233387358,0,0.761146496815287,0.3,0.157635467980296,0.959183673469388,0.2078125,0.924409448818898,0.931746031746032,0,0.584518167456556,0.914149443561208,0.488853503184713,0.917609046849758,0,0.912052117263844,0.103076923076923,0,0.278846153846154,0.674050632911392,0.564356435643564,0,0,0.921259842519685,0.758116883116883,0.233009708737864,0.921348314606742,0.0806962025316456,0.894736842105263,0.473941368078176,0.930015552099533,0.201320132013201,0.919047619047619,0.931372549019608,0.818037974683544,0.914285714285714,0.0710743801652893,0.918269230769231,0.0745542949756888,0,0.729032258064516,0.833075734157651,0.904458598726115,0.094488188976378,0,0.934065934065934,0.511290322580645,0.922056384742952,0.924920127795527,0.9232,0.361801242236025,0.922222222222222,0.0747967479674797,0.894488188976378,0.0821705426356589,0.858520900321543,0.444615384615385,0,0.911111111111111,0,0.824193548387097,0.918918918918919,0.180511182108626,0.934477379095164,0.907523510971787,0.911627906976744,0.906940063091483,0.169572107765452,0.44496855345912,1,0.903691813804173,0.130016051364366,0.0810810810810811,0.92483660130719,0.827044025157233,0,0,0.364516129032258,0.00159744408945687,0.926447574334898,0.331259720062208,0.849180327868852,0.748447204968944,0.929906542056075,0.486312399355878,0.45933014354067,0.356907894736842,0.8743961352657,0.889952153110048,0.85423197492163,0,0.840944881889764,0.244663382594417,0.926634768740032,0.0821484992101106,0.1359375,0.565079365079365,0.92604501607717,0.915644171779141,0.808,0.930756843800322,0.8448,0,0.136724960254372,0.678683385579937,0.921311475409836,0,0.915227629513344,0.921417565485362,0.586538461538462,0.58664546899841,0.911858974358974,0.924092409240924,0.400630914826498,0,0.85625,0.549050632911392,0.920065252854812,0.0758293838862559,0.916537867078825,0.924193548387097,0.925396825396825,0.889776357827476,0.573899371069182,0.0825242718446602,0.923444976076555,0.579872204472843,0.0852713178294574,0.0800627943485086,0.266773162939297,0.0743670886075949,0.213247172859451,0.688575899843505,0.0770465489566613,0.0825396825396825,0.0774091627172196,0.61993769470405,0.100323624595469,0.935691318327974,0.0113636363636364,0.0697305863708399,0,0.279552715654952,0.920840064620355,0.92109500805153,0.972843450479233,0,0.835796387520525,0.8112,0.690705128205128,0.633440514469453,0.479233226837061,0.45933014354067,0.0111464968152866,0.922455573505654,0.163987138263666,0.708609271523179,0.917197452229299,0.0867507886435331,0.758454106280193,0.080188679245283,0.189102564102564,0.931034482758621,0.920792079207921,0.8656,0,0.673946957878315,0.847133757961783,0,0.0818897637795276,0.855590062111801,0.9328,0,0.0709779179810726,0.0805687203791469,0.926470588235294,0.855737704918033,0.0848287112561175,0,0.421303656597774,0.922953451043339,0.776911076443058,0.460567823343849,0.680645161290323,0.910094637223975,0.0919175911251981,0.929906542056075,0.925039872408293,0.0761904761904762,0.9185303514377,0.925566343042071,0.900813008130081,0.927330173775671,0.249602543720191,0.384493670886076,0.344827586206897,0.917874396135266,0.876871880199667,0.0410742496050553,0.311986863711002,0.915064102564103,0.237341772151899,0.358461538461538,0.932601880877743,0.915064102564103,0.925278219395866,0.695299837925446,0.918622848200313,0.288461538461538,0.923913043478261,0.927184466019418,0,0.401574803149606,0.566188197767145,0.0901898734177215,0.0429252782193959,0.0845070422535211,0.863057324840764,0.0981012658227848,0.0740157480314961,0,0.299050632911392,0.923566878980892,0.142410015649452,0.922442244224422,0.918269230769231,0.92604501607717,0.348387096774194,0.350498338870432,0.681159420289855,0.51980198019802,0,0.806656101426308,0.0825545171339564,0.108661417322835,0.263157894736842,0.932907348242812,0.0792393026941363,0,0.408874801901743,0.0803858520900322,0.0996784565916399,0.505564387917329,0.925324675324675,0.35303776683087,0.919803600654664,0.8848,0,0.927051671732523,0.0796875,0.924050632911392,0.802527646129542,0.917081260364842,0.0743670886075949,0.897959183673469,0.0690208667736758,0.824,0.741776315789474,0.888188976377953,0.927672955974843,0.919303797468354,0.35031847133758,0.901612903225806,0.919811320754717,0.0696594427244582,0.103338632750397,0.919614147909968,0.915227629513344,0.406645569620253,0.82615629984051,0.918433931484502,0.915605095541401,0.927672955974843,0,0.187192118226601,0.922712933753943,0.0857605177993527,0,0.92822966507177,0.00966183574879227,0.128246753246753,0.916139240506329,0.914285714285714,0.00318471337579618,0.644694533762058,0.491961414790997,0.917609046849758,0.0706075533661741,0.837096774193548,0.920065252854812,0.439102564102564,0.635930047694754,0.810641627543036,0,0.223832528180354,0.916938110749186,0.9216,0.514285714285714,0.925396825396825,0.912457912457912,0.0942492012779553,0.00157232704402516,0.917721518987342,0.924920127795527,0.914285714285714,0.701892744479495,0.0766773162939297,0.833063209076175,0.302737520128824,0.227805695142379,0.00631911532385466,0.63961038961039,0.639810426540284,0.685847589424572,0,0.351882160392799,0.877388535031847,0.65414710485133,0.563981042654028,0.150227617602428,0,0,0.934848484848485,0.903276131045242,0,0.891679748822606,0.00981996726677578,0,0,0.921221864951768,0,0.926470588235294,0.781446540880503,0.556765163297045,0.92846034214619,0,0,0.914691943127962,0.894899536321484,0.719242902208202,0.0755905511811024,0.00163398692810458,0.837245696400626,0.637795275590551,0.926332288401254,0.596546310832025,0.416666666666667,0,0.914556962025316,0.073015873015873,0.910569105691057,0.167987321711569,0,0.0816326530612245,0.181380417335474,0.531914893617021,0.914826498422713,0,0.917316692667707,0.934065934065934,0.927099841521395,0,0.137096774193548,0.866779089376054,0.087893864013267,0.915094339622642,0.92846034214619,0.0843949044585987,0.92246835443038,0.365079365079365,0.805111821086262,0.0881410256410256,0.242811501597444,0.919871794871795,0.00963081861958266,0.0713153724247227,0.932069510268562,0.0916398713826367,0.663461538461538,0.432,0,0.182677165354331,0.717781402936378,0.308681672025723,0.920508744038156,0.0810810810810811,0.220820189274448,0.471571906354515,0.928012519561815,0.846511627906977,0.9024,0.747126436781609,0,0.905660377358491,0.0740157480314961,0.894060995184591,0.440931780366057,0.0800627943485086,0.925117004680187,0.917460317460317,0.919224555735057,0.663492063492063,0.922360248447205,0.1984,0.256329113924051,0.92246835443038,0.839874411302983,0,0,0.932258064516129,0.980519480519481,0.0932475884244373,0.936790923824959,0.935331230283912,0.425632911392405,0.910277324632953,0.736672051696284,0.840944881889764,0,0.922705314009662,0.371610845295056,0.917065390749601,0.9328125,0,0.644694533762058,0.927302100161551,0.0790322580645161,0.67205169628433,0.445151033386327,0.769230769230769,0.74025974025974,0.901081916537867,0.145705521472393,0.926590538336052,0.924646781789639,0.919175911251981,0.342668863261944,0.158307210031348,0.924290220820189,0.91875,0.00783699059561128,0.77602523659306,0.522292993630573,0.331738437001595,0.751181102362205,0.9185303514377,0.845906902086677,0.926984126984127,0.123052959501558,0.0793388429752066,0,0.799043062200957,0.0812101910828025,0.0787781350482315,0.343499197431782,0,0.92,0.88135593220339,0.919743178170145,0.925039872408293,0.159744408945687,0.0843949044585987,0,0,0.224422442244224,0.165584415584416,0.232371794871795,0,0.072,0.915873015873016,0.0393081761006289,0.354368932038835,0.920325203252032,0.621794871794872,0.898222940226171,0.704761904761905,0.708268330733229,0,0.922374429223744,0.440842787682334,0.5376,0.888544891640867,0.920122887864823,0.46656050955414,0.0094488188976378,0.927099841521395,0.910377358490566,0,0.911764705882353,0.0859872611464968,0.926229508196721,0.450236966824645,0,0.00803858520900321,0.562706270627063,0.811993517017828,0.0741324921135647,0.206785137318255,0.00941915227629513,0.00163398692810458,0.727131782945736,0.10223642172524,0.921535893155259,0.390697674418605,0.927131782945736,0.0808709175738725,0.443573667711599,0.397415185783522,0.844660194174757,0.16198347107438,0.0788643533123028,0.00158478605388273,0.118210862619808,0,0.927131782945736,0.0934891485809683,0.924846625766871,0.0848,0.92156862745098,0,0.549450549450549,0.506369426751592,0.917057902973396,0,0.916403785488959,0,0.449752883031302,0.925632911392405,0,0.663026521060842,0.927184466019418,0.769854132901134,0.904290429042904,0.104938271604938,0,0.921850079744817,0.32695374800638,0,0.699212598425197,0.0695517774343122,0.0907643312101911,0.92109500805153,0.919484702093398,0.917956656346749,0.914927768860353,0.919672131147541,0,0.902325581395349,0.0252764612954186,0.385826771653543,0.359550561797753,0.915227629513344,0.912974683544304,0.921875,0.925750394944708,0.0503937007874016,0.0850722311396469,0.930348258706468,0.897798742138365,0.71830985915493,0.9109375,0.923197492163009,0.923444976076555,0,0,0.902140672782875,0,0.137440758293839,0,0.908945686900958,0.343137254901961,0.286168521462639,0.201248049921997,0.862838915470494,0,0.166926677067083,0.913738019169329,0.924170616113744,0.691082802547771,0.468606431852986,0.274390243902439,0.266975308641975,0.679092382495948,0.0791139240506329,0.190923317683881,0.590614886731392,0.310897435897436,0.706436420722135,0.0848,0,0.0753205128205128,0.363489499192246,0.914473684210526,0.6198738170347,0.293577981651376,0.630914826498423,0.843260188087774,0.907692307692308,0.909240924092409,0.938311688311688,0.927066450567261,0.919614147909968,0.595576619273302,0.488958990536278,0.926163723916533,0.0785824345146379,0.0768025078369906,0.839486356340289,0.0111464968152866,0.922834645669291,0.888372093023256,0,0.182707993474715,0,0.915605095541401,0,0.927444794952681,0.924764890282132,0.0778816199376947,0.830696202531646,0.918110236220472,0.67258064516129,0.643659711075441,0.841935483870968,0,0,0.87375415282392,0.902587519025875,0.933962264150943,0,0,0.0741935483870968,0.285488958990536,0.502392344497608,0,0.487341772151899,0,1,0.93485342019544,0.214634146341463,0.298136645962733,0,0.424390243902439,0.620192307692308,0.806349206349206,0.91588785046729,0.776357827476038,0.0806962025316456,0.928687196110211,0.0225442834138486,0.923202614379085,0,0.9328125,0.00641025641025641,0.925686591276252,0.0990415335463259,0.0516129032258065,0,0,0.807692307692308,0.871710526315789,0.89358372456964,0.709828393135725,0.1078125,0.0770465489566613,0.890649762282092,0.803432137285491,0,0.090032154340836,0.915064102564103,0,0.904065040650406,0.918622848200313,0.142628205128205,0.0380952380952381,0.0814696485623003,0.926791277258567,0.512658227848101,0.140822784810127,0.159802306425041,0.189189189189189,0.69721767594108,0.166929133858268,0.927884615384615,0,0.752427184466019,0.909657320872274,0.00323624595469256,0,0.0801232665639445,0,0.0803149606299213,0.918269230769231,0.750814332247557,0.06957928802589,0.0717781402936378,0.572368421052632,0.910858995137763,0.480252764612954,0.040625,0.0819672131147541,0.0488599348534202,0.01743264659271,0,0.0940988835725678,0.0760869565217391,0.0764331210191083,0.0870253164556962,0.0748829953198128,0.0388978930307942,0.0469483568075117,0.0984126984126984,0.0224,0.00815660685154975,0.032,0.0232558139534884,0.0450310559006211,0.0816,0.0205371248025276,0.0766721044045677,0.0825242718446602,0.0385852090032154,0.0782747603833866,0.0251968503937008,0.0780254777070064,0.0979133226324237,0.0834621329211747,0.0769230769230769
"758",0.996794871794872,1,0.965571205007825,0.941935483870968,0.983844911147011,1,0.886217948717949,0.96998420221169,1,0,1,0,0.565560821484992,1,0.0398724082934609,0.0094488188976378,0,0.0158982511923688,0.998363338788871,0.982758620689655,0.156985871271586,0.0391517128874388,0.989180834621329,0,0.949921752738654,0.256778309409888,0.10828025477707,0.99021207177814,0.473520249221184,0.673469387755102,0,0.687400318979266,0.778481012658228,0.28391167192429,0,1,0.015748031496063,0.993710691823899,0.253456221198157,0.911949685534591,0.00158982511923688,0.0173775671406003,0.00637958532695375,1,0.79050736497545,0.0206677265500795,0.511290322580645,0,0.475968992248062,0.133131618759455,0,0.993610223642173,0.273885350318471,1,0.875202593192869,0.159609120521173,0,0.976190476190476,0.954968944099379,0.900630914826498,0.293563579277865,0.437106918238994,0,0,0.897435897435897,0.827258320126783,0,0.990445859872611,0,0,0.871428571428571,0.00636942675159236,0.0189274447949527,1,0,0.717592592592593,0.0421216848673947,0.587025316455696,0.9024,0.262541806020067,0,0.708661417322835,0.214285714285714,0.998439937597504,0.114779874213836,0.906687402799378,0.995356037151703,0.966929133858268,0.970031545741325,0.00943396226415094,0.983870967741935,1,0,0,0.965686274509804,0,0.2984375,0.981012658227848,0.0078125,0.00958466453674121,0.610675039246468,0,0.276972624798712,1,0.0976744186046512,1,0.00797448165869218,0.974603174603175,0,0.00473186119873817,0.00632911392405063,0.903328050713154,0.333333333333333,0.990491283676704,0,0.984423676012461,0.704225352112676,0,0,0.2352,0,0.766295707472178,0.243710691823899,0.0750407830342577,0.975193798449612,0.153125,0.996884735202492,0.995260663507109,0,0.549763033175355,0.935023771790808,0.497560975609756,0.988871224165342,0,0.9936,0.0231481481481481,0,0.206119162640902,0.622186495176849,0.523349436392915,0,0,0.97456279809221,0.762820512820513,0.17741935483871,1,0.00481540930979133,0.921383647798742,0.413680781758958,0.978294573643411,0.128246753246753,0.9824,1,0.833597464342314,0.993779160186625,0,1,0,0,0.732283464566929,0.863354037267081,0.98116169544741,0.02,0,1,0.459935897435897,1,1,1,0.289269051321928,0.973520249221184,0.00157977883096367,0.945987654320988,0,0.890322580645161,0.375399361022364,0,0.984076433121019,0,0.842022116903633,1,0.125611745513866,0.981220657276995,0.953051643192488,0.990811638591118,0.976525821596244,0.0929133858267717,0.37888198757764,0.933764135702746,0.939344262295082,0.0552922590837283,0.00475435816164818,0.980613893376414,0.85377358490566,0,0,0.292604501607717,0.00159489633173844,1,0.257009345794392,0.868044515103339,0.748822605965463,0.989113530326594,0.429477020602219,0.44496855345912,0.292407108239095,0.914012738853503,0.958730158730159,0.883464566929134,0,0.884858044164038,0.172638436482085,0.939102564102564,0,0.0670826833073323,0.53484602917342,0.981042654028436,0.974803149606299,0.832258064516129,1,0.898412698412698,0,0.0741324921135647,0.671296296296296,0.993589743589744,0,0.990654205607477,0.979876160990712,0.55177743431221,0.549520766773163,0.987381703470032,1,0.362041467304625,0,0.884194053208138,0.529886914378029,0.967741935483871,0,0.958204334365325,0.998422712933754,1,0.957928802588997,0.549141965678627,0.00158982511923688,0.966453674121406,0.537854889589905,0.00309597523219814,0.0015552099533437,0.192429022082019,0,0.145631067961165,0.669242658423493,0,0.00322061191626409,0.0110410094637224,0.583975346687211,0.0458265139116203,0.984025559105431,0.0111821086261981,0,0,0.226415094339623,1,0.97456279809221,0.908372827804107,0,0.864820846905538,0.852484472049689,0.679092382495948,0.607594936708861,0.451510333863275,0.465299684542587,0.0110759493670886,1,0.0916271721958926,0.698835274542429,0.956869009584665,0.013953488372093,0.737833594976452,0.0016025641025641,0.116352201257862,1,1,0.881493506493506,0,0.63482280431433,0.872990353697749,0,0,0.886996904024768,0.977777777777778,0,0.00158227848101266,0,0.977742448330684,0.880837359098229,0,0,0.381933438985737,0.988636363636364,0.791021671826625,0.398412698412698,0.6464,0.95447409733124,0.0110584518167457,1,1,0.00793650793650794,0.963549920760697,1,0.970826580226904,0.996830427892235,0.185419968304279,0.320754716981132,0.279365079365079,0.97427652733119,0.931034482758621,0.0521327014218009,0.266025641025641,0.971291866028708,0.148499210110585,0.302469135802469,0.993720565149137,0.996835443037975,0.964912280701754,0.695934959349593,0.996870109546166,0.253246753246753,0.959183673469388,0.996825396825397,0,0.334360554699538,0.549363057324841,0.0159235668789809,0.0551181102362205,0.00930232558139535,0.898387096774194,0.0283018867924528,0,0,0.231746031746032,0.990566037735849,0.0710823909531502,0.983579638752053,0.9664,0.987240829346092,0.282051282051282,0.285251215559157,0.688,0.474464579901153,0,0.816164817749604,0.0123456790123457,0.0370942812982998,0.188589540412044,1,0,0,0.339171974522293,0.0123456790123457,0.022508038585209,0.49047619047619,1,0.26580226904376,1,0.9648,0,0.989690721649485,0,0.998454404945904,0.82753164556962,1,0.0111111111111111,0.973354231974922,0,0.883757961783439,0.72463768115942,0.948598130841122,0.984177215189873,0.998420221169036,0.292721518987342,0.963375796178344,1,0,0.025518341307815,1,1,0.318037974683544,0.888540031397174,0.968903436988543,0.951713395638629,1,0,0.110754414125201,1,0.00159489633173844,0,0.961538461538462,0.0113636363636364,0.0420711974110032,1,0.961038961038961,0.004739336492891,0.62779552715655,0.426307448494453,0.980519480519481,0,0.859450726978998,0.996726677577741,0.370607028753994,0.6,0.78060413354531,0,0.15506329113924,0.969255663430421,0.998442367601246,0.446875,1,0.972972972972973,0.0270700636942675,0.00159235668789809,0.982945736434109,0.993610223642173,0.949206349206349,0.703875968992248,0.0062992125984252,0.857142857142857,0.240566037735849,0.174496644295302,0.00622083981337481,0.625806451612903,0.6112,0.625990491283677,0,0.282467532467532,0.915470494417863,0.643533123028391,0.523510971786834,0.0716463414634146,0,0,1,0.972222222222222,0,0.912140575079872,0.00807754442649435,0,0,0.998387096774194,0,1,0.761217948717949,0.523291925465838,1,0,0,0.992088607594937,0.954968944099379,0.726708074534162,0,0.00164203612479475,0.865834633385335,0.5828125,1,0.530612244897959,0.349358974358974,0,0.981042654028436,0,0.958532695374801,0.0889967637540453,0,0.00769230769230769,0.115323854660348,0.475873544093178,0.973520249221184,0,0.950995405819296,0.977848101265823,1,0,0.0736,0.929042904290429,0.00491803278688525,1,1,0.00789889415481832,1,0.291600633914422,0.797124600638978,0.00961538461538462,0.168284789644013,0.955905511811024,0.00791139240506329,0,0.975270479134467,0.00489396411092985,0.6721044045677,0.39268680445151,0,0.11216429699842,0.739967897271268,0.249605055292259,0.972929936305732,0,0.142857142857143,0.461157024793388,0.947286821705426,0.886153846153846,0.964006259780908,0.759289176090469,0,0.9796875,0,0.965023847376789,0.388524590163934,0,1,1,1,0.63275039745628,0.982892690513219,0.120634920634921,0.179936305732484,0.955414012738854,0.86833855799373,0,0,0.991909385113269,0.938610662358643,0.0127591706539075,0.987096774193548,0.990476190476191,0.364500792393027,0.928802588996764,0.738287560581583,0.87789799072643,0,0.973143759873618,0.3328,1,0.998442367601246,0,0.642628205128205,0.968852459016393,0,0.690208667736758,0.375,0.792682926829268,0.688995215311005,0.955521472392638,0.0853658536585366,0.984025559105431,1,0.976190476190476,0.289902280130293,0.102201257861635,0.989028213166144,1,0.0077639751552795,0.781299524564184,0.447040498442368,0.253993610223642,0.769230769230769,1,0.871382636655949,1,0.125786163522013,0,0,0.822503961965135,0.00325732899022801,0,0.272583201267829,0,0.988993710691824,0.912037037037037,0.998410174880763,0.993808049535604,0.097444089456869,0,0,0,0.17124394184168,0.0756843800322061,0.154093097913323,0,0,1,0.00946372239747634,0.279365079365079,1,0.581761006289308,0.972267536704731,0.672985781990521,0.644305772230889,0,1,0.394230769230769,0.49211356466877,0.9203125,0.987711213517665,0.4,0.0125195618153365,0.950636942675159,0.954545454545455,0,0.967791411042945,0.014018691588785,0.985270049099836,0.439749608763693,0,0.00788643533123028,0.517412935323383,0.838658146964856,0,0.135566188197767,0.00941915227629513,0.0016025641025641,0.739064856711916,0.0221870047543582,1,0.315707620528771,0.993730407523511,0,0.378125,0.334935897435897,0.864734299516908,0.101141924959217,0.00475435816164818,0.00313971742543171,0.0384615384615385,0,0.993798449612403,0.0418760469011725,0.978361669242658,0.00321543408360129,1,0,0.52112676056338,0.456112852664577,1,0,0.998427672955975,0,0.395424836601307,0.987616099071207,0,0.651968503937008,0.983948635634029,0.732371794871795,0.944983818770227,0.0326594090202177,0,1,0.252411575562701,0,0.686244204018547,0,0.015625,1,1,0.992211838006231,0.972886762360447,0.982315112540193,0,0.977671451355662,0.0171339563862928,0.341614906832298,0.28391167192429,0.990668740279938,0.99203821656051,0.993788819875776,0.992150706436421,0.0638977635782748,0.0125786163522013,0.982113821138211,0.954828660436137,0.723704866562009,0.976452119309262,1,0.968652037617555,0,0,0.98036253776435,0,0.0700934579439252,0,0.9536,0.279674796747967,0.210696920583468,0.121538461538462,0.917851500789889,0,0.101880877742947,1,1,0.651685393258427,0.415525114155251,0.216463414634146,0.178571428571429,0.645833333333333,0,0.115085536547434,0.545893719806763,0.269968051118211,0.713166144200627,0.0111111111111111,0,0,0.322422258592471,1,0.619496855345912,0.215384615384615,0.629213483146067,0.871069182389937,0.985915492957746,0.964285714285714,0.977564102564103,1,0.9984375,0.542857142857143,0.424764890282132,0.998417721518987,0.00615384615384615,0.00920245398773006,0.87402799377916,0.00934579439252336,1,0.970172684458399,0,0.113268608414239,0,0.947619047619048,0,0.97196261682243,1,0.00630914826498423,0.831210191082803,1,0.655284552845528,0.617224880382775,0.865203761755486,0,0,0.926910299003322,0.941441441441441,0.987519500780031,0,0,0,0.234206471494607,0.508771929824561,0,0.455696202531646,0,0.93485342019544,1,0.162118780096308,0.246081504702194,0,0.348949919224556,0.592063492063492,0.869634340222575,0.959814528593508,0.781591263650546,0,0.987034035656402,0.0174603174603175,1,0,0.982919254658385,0.00792393026941363,1,0.016025641025641,0.011437908496732,0,0,0.820754716981132,0.932038834951456,0.931034482758621,0.709828393135725,0.0199386503067485,0.0064,0.82992125984252,0.843076923076923,0,0.0176,0.96984126984127,0,0.983792544570502,0.951104100946372,0.0569620253164557,0.0409448818897638,0.00315955766192733,1,0.475728155339806,0.0791139240506329,0.106035889070147,0.117829457364341,0.697560975609756,0.0925925925925926,1,0,0.761904761904762,0.979813664596273,0.00320512820512821,0,0,0,0,1,0.71869918699187,0,0,0.543548387096774,0.956661316211878,0.43701399688958,0.0514018691588785,0.00163398692810458,0.0570032573289902,0.0174050632911392,0,0.0302066772655008,0.00613496932515337,0.00159235668789809,0.00930232558139535,0,0.0481540930979133,0.0565149136577708,0.014218009478673,0.0189873417721519,0.00482315112540193,0.0236220472440945,0.0235109717868339,0.0609375,0.00637958532695375,0.0205696202531646,0,0.00316455696202532,0.0464,0.0064,0.0231124807395994,0,0.0332278481012658,0.00153846153846154,0.00158227848101266
"759",0.164251207729469,0.148969889064976,0.176100628930818,0.215559157212318,0.163987138263666,0.148692810457516,0.253634894991922,0.176190476190476,0.146645865834633,0.0358890701468189,0.1536,0.0356564019448947,0.477917981072555,0.149837133550489,0.792063492063492,0.8096,0.0332278481012658,0.0351437699680511,0.164227642276423,0.165109034267913,0.782608695652174,0.794069192751236,0.164576802507837,0.0358814352574103,0.205696202531646,0.676422764227642,0.758842443729904,0.162379421221865,0.599063962558502,0.406593406593407,0.798136645962733,0.416666666666667,0.371794871794872,0.639937106918239,0.0318471337579618,0.1488,0.0445151033386327,0.152037617554859,0.756508422664625,0.23015873015873,0.0362776025236593,0.0346456692913386,0.0313479623824451,0.16,0.353896103896104,0.814992025518341,0.49445324881141,0.815409309791332,0.561514195583596,0.756589147286822,0.0330708661417323,0.154213036565978,0.715179968701095,0.157303370786517,0.246753246753247,0.749598715890851,0.0328947368421053,0.182847896440129,0.192429022082019,0.251170046801872,0.654458598726115,0.594339622641509,0.809294871794872,0.0344827586206897,0.25,0.2992,0.0359937402190923,0.170111287758347,0.0350877192982456,0.797077922077922,0.261682242990654,0.810810810810811,0.803827751196172,0.167711598746081,0.0332805071315372,0.415241057542768,0.805946791862285,0.477308294209703,0.262987012987013,0.687919463087248,0.0352,0.402190923317684,0.701587301587302,0.15541601255887,0.769108280254777,0.235015772870662,0.14951768488746,0.187106918238994,0.175632911392405,0.0295489891135303,0.16,0.160572337042925,0.0304487179487179,0.0303514376996805,0.185064935064935,0.0349761526232114,0.786053882725832,0.171428571428571,0.033175355450237,0.0306946688206785,0.492776886035313,0.036624203821656,0.752012882447665,0.150882825040128,0.8046875,0.155228758169935,0.0302547770700637,0.173228346456693,0.801282051282051,0.795819935691318,0.797147385103011,0.233333333333333,0.659677419354839,0.153354632587859,0.0340909090909091,0.15311004784689,0.404388714733542,0.0312989045383412,0.814992025518341,0.69935691318328,0.0373250388802488,0.377207062600321,0.753184713375796,0.779578606158833,0.169572107765452,0.722308892355694,0.159055118110236,0.161341853035144,0.036624203821656,0.568471337579618,0.221324717285945,0.53125,0.174757281553398,0.0301587301587302,0.169628432956381,0.800925925925926,0.0297805642633229,0.765751211631664,0.422647527910686,0.579119086460033,0.025974025974026,0.0345963756177924,0.180379746835443,0.363349131121643,0.727564102564103,0.144715447154472,0.806709265175719,0.216640502354788,0.582113821138211,0.162790697674419,0.803252032520325,0.157467532467532,0.15224358974359,0.305732484076433,0.150793650793651,0.801963993453355,0.168539325842697,0.807443365695793,0.0317965023847377,0.376811594202899,0.293103448275862,0.176,0.792778649921507,0.0344827586206897,0.150387596899225,0.589660743134087,0.161550888529887,0.167449139280125,0.149765990639626,0.652582159624413,0.17219589257504,0.811501597444089,0.210852713178295,0.812982998454405,0.250809061488673,0.607255520504732,0.0275080906148867,0.17384370015949,0.0299684542586751,0.263492063492063,0.162460567823344,0.737439222042139,0.180094786729858,0.201574803149606,0.16358024691358,0.169230769230769,0.780952380952381,0.602848101265823,0.230016313213703,0.216828478964401,0.793977812995246,0.806349206349206,0.187800963081862,0.270866141732283,0.0325581395348837,0.037037037037037,0.737179487179487,0.0299212598425197,0.161490683229814,0.68075117370892,0.265573770491803,0.332807570977918,0.173981191222571,0.631921824104234,0.568965517241379,0.725649350649351,0.216,0.180064308681672,0.263888888888889,0.0303030303030303,0.265402843601896,0.795417348608838,0.194533762057878,0.817152103559871,0.800623052959502,0.573033707865168,0.184,0.18740157480315,0.324717285945073,0.157894736842105,0.258373205741627,0.036624203821656,0.775351014040562,0.4399375975039,0.152487961476726,0.032,0.14937106918239,0.170769230769231,0.560629921259843,0.499229583975347,0.155309033280507,0.146341463414634,0.747217806041335,0.0378289473684211,0.25194401244168,0.503215434083601,0.185970636215334,0.800933125972006,0.194006309148265,0.154093097913323,0.170347003154574,0.20096463022508,0.524720893141946,0.812903225806452,0.179032258064516,0.485759493670886,0.805295950155763,0.810264385692068,0.719611021069692,0.795238095238095,0.773095623987034,0.424960505529226,0.799050632911392,0.811023622047244,0.807631160572337,0.520865533230294,0.788524590163934,0.175806451612903,0.0339256865912763,0.802250803858521,0.0394944707740916,0.771615008156607,0.154471544715447,0.168238993710692,0.23961661341853,0.0348101265822785,0.284789644012945,0.273449920508744,0.413848631239936,0.465189873417722,0.55448717948718,0.544303797468354,0.0361635220125786,0.15569823434992,0.811802232854864,0.420792079207921,0.194577352472089,0.812698412698413,0.382911392405063,0.818471337579618,0.748397435897436,0.145285935085008,0.149425287356322,0.242225859247136,0.0340557275541796,0.466346153846154,0.250793650793651,0.0402576489533011,0.812792511700468,0.238167938931298,0.172025723472669,0.027906976744186,0.801574803149606,0.810047095761381,0.176948051948052,0.261363636363636,0.803921568627451,0.032258064516129,0.722662440570523,0.169105691056911,0.360629921259843,0.606349206349206,0.469551282051282,0.189189189189189,0.817307692307692,0.161695447409733,0.147249190938511,0.8016,0.183098591549296,0.150641025641026,0.179365079365079,0.1632,0.731825525040388,0.675118858954041,0.727416798732171,0.189852700490998,0.208809135399674,0.0430622009569378,0.680952380952381,0.175523349436393,0.7312,0.644067796610169,0.159126365054602,0.154340836012862,0.184419713831479,0.417886178861789,0.145962732919255,0.67948717948718,0.184952978056426,0.160194174757282,0.0337078651685393,0.66820987654321,0.575856443719413,0.8064,0.0344827586206897,0.814814814814815,0.233333333333333,0.788643533123028,0.815625,0.0343213728549142,0.690966719492868,0.173633440514469,0.794952681388013,0.169435215946844,0.192982456140351,0.153846153846154,0.746835443037975,0.73257698541329,0.4181240063593,0.5667215815486,0.0317965023847377,0.304,0.810641627543036,0.797822706065319,0.77984496124031,0.141935483870968,0.818897637795276,0.032051282051282,0.658767772511848,0.800947867298578,0.806451612903226,0.555379746835443,0.163751987281399,0.67,0.158940397350993,0.192368839427663,0.0361635220125786,0.166666666666667,0.80564263322884,0.166139240506329,0.296998420221169,0.159539473684211,0.806451612903226,0.172684458398744,0.802232854864434,0.252006420545746,0.402597402597403,0.216429699842022,0.176190476190476,0.149842271293375,0.732484076433121,0.183006535947712,0.143533123028391,0.810344827586207,0.8064,0.171521035598705,0.15311004784689,0.639553429027113,0.25,0.182119205298013,0.184663536776213,0.151234567901235,0.036624203821656,0.772504091653028,0.155948553054662,0.811501597444089,0.0350877192982456,0.190779014308426,0.0376432078559738,0.791068580542265,0.153605015673981,0.168539325842697,0.0318979266347687,0.491255961844197,0.57487922705314,0.178571428571429,0.812199036918138,0.25531914893617,0.160194174757282,0.654723127035831,0.504658385093168,0.364667747163695,0.0350877192982456,0.793214862681745,0.153225806451613,0.157723577235772,0.579710144927536,0.149206349206349,0.164451827242525,0.792937399678973,0.0302066772655008,0.170347003154574,0.16403785488959,0.197138314785374,0.402843601895735,0.805825242718447,0.293075684380032,0.669811320754717,0.922165820642978,0.0344827586206897,0.458333333333333,0.47172859450727,0.460443037974684,0.0296411856474259,0.682487725040916,0.231629392971246,0.427001569858713,0.519047619047619,0.777099236641221,0.0364500792393027,0.0358255451713396,0.150602409638554,0.17774343122102,0.0286168521462639,0.220095693779904,0.0304,0.0312989045383412,0.0339256865912763,0.15609756097561,0.03486529318542,0.169154228855721,0.372424722662441,0.566929133858268,0.152886115444618,0.0318979266347687,0.0317965023847377,0.156645569620253,0.191358024691358,0.38801261829653,0.821875,0.0340356564019449,0.247648902821317,0.513385826771654,0.15112540192926,0.479495268138801,0.6368,0.0380348652931854,0.168224299065421,0.815533980582524,0.193861066235864,0.770096463022508,0.031496062992126,0.80030959752322,0.771929824561403,0.554635761589404,0.178343949044586,0.0330188679245283,0.216848673946958,0.180952380952381,0.142172523961661,0.0337620578778135,0.786752827140549,0.207920792079208,0.817434210526316,0.152380952380952,0.150855365474339,0.80824088748019,0.142630744849445,0.727848101265823,0.3296,0.808510638297872,0.775777414075286,0.185419968304279,0.035426731078905,0.813694267515924,0.192789968652038,0.82875605815832,0.44299674267101,0.583198707592892,0.0267295597484277,0.774647887323944,0.380560131795717,0.741157556270096,0.164296998420221,0.816485225505443,0.718110236220472,0.565289256198347,0.209302325581395,0.261755485893417,0.1984,0.353697749196141,0.0373983739837398,0.163522012578616,0.811912225705329,0.183544303797468,0.714754098360656,0.821263482280431,0.160377358490566,0.152979066022544,0.144927536231884,0.425806451612903,0.1484375,0.796178343949045,0.793269230769231,0.204437400950872,0.251993620414673,0.0342679127725857,0.0303514376996805,0.164227642276423,0.213703099510604,0.810372771474878,0.177033492822967,0.169036334913112,0.698564593301435,0.227868852459016,0.384863123993559,0.252321981424149,0.032258064516129,0.1939586645469,0.763285024154589,0.158319870759289,0.156549520766773,0.0352760736196319,0.457463884430177,0.181964573268921,0.803571428571429,0.423510466988728,0.6224,0.30757341576507,0.422258592471358,0.19815668202765,0.783616692426584,0.169871794871795,0.152139461172742,0.185064935064935,0.797077922077922,1,0.161392405063291,0.155763239875389,0.0331230283911672,0.342767295597484,0.589456869009585,0.69935691318328,0.352941176470588,0.158982511923688,0.265923566878981,0.162754303599374,0.167449139280125,0.805280528052805,0.0359375,0.337096774193548,0.8016,0.817307692307692,0.684542586750789,0.031201248049922,0.157232704402516,0.221875,0.154330708661417,0.162754303599374,0.769854132901134,0.812995245641838,0.0340557275541796,0.0349761526232114,0.78743961352657,0.778861788617886,0.728,0.0286624203821656,0.799682034976153,0.150641025641026,0.43171114599686,0.741935483870968,0.156351791530945,0.530903328050713,0.1824,0.441082802547771,0.456521739130435,0.0328638497652582,0.155038759689922,0.682615629984051,0.5984,0.231366459627329,0.16403785488959,0.631746031746032,0.0332278481012658,0.200636942675159,0.195583596214511,0.0300632911392405,0.177847113884555,0.805993690851735,0.161449752883031,0.566929133858268,0.0305466237942122,0.0286624203821656,0.589285714285714,0.305825242718447,0.807383627608347,0.763245033112583,0.0303514376996805,0.0262295081967213,0.370199692780338,0.809294871794872,0.155143338954469,0.657364341085271,0.162754303599374,0.818611987381703,0.590189873417722,0.614767255216693,0.28500823723229,0.761344537815126,0.808846761453397,0.0307443365695793,0.792880258899676,0.03125,0.158950617283951,0.805194805194805,0.165898617511521,0.81953642384106,0.171288743882545,0.032967032967033,0.503912363067293,0.567961165048544,0.167731629392971,0.0325732899022801,0.16380655226209,0.0323624595469256,0.604918032786885,0.161949685534591,0.031104199066874,0.460815047021944,0.166666666666667,0.334943639291465,0.211475409836066,0.799382716049383,0.0401284109149278,0.153846153846154,0.695652173913043,0.0340557275541796,0.4296875,0.80365296803653,0.798425196850394,0.153212520593081,0.159677419354839,0.161240310077519,0.1728,0.182985553772071,0.0302066772655008,0.177952755905512,0.0315457413249211,0.739811912225705,0.67244094488189,0.151898734177215,0.168026101141925,0.162460567823344,0.176656151419558,0.0814696485623003,0.811993517017828,0.1630615640599,0.1888,0.371875,0.170144462279294,0.159055118110236,0.187993680884676,0.032967032967033,0.0357142857142857,0.171253822629969,0.0338983050847458,0.784126984126984,0.0349206349206349,0.19496855345912,0.695439739413681,0.68189233278956,0.76303317535545,0.220064724919094,0.0363349131121643,0.809148264984227,0.1568,0.162420382165605,0.466876971608833,0.652042360060514,0.705069124423963,0.720125786163522,0.411483253588517,0.817322834645669,0.743178170144462,0.543443917851501,0.675762439807384,0.397815912636505,0.815409309791332,0.0321027287319422,0.817447495961228,0.784090909090909,0.157980456026059,0.49203821656051,0.774143302180685,0.445497630331754,0.290220820189274,0.169517884914463,0.204318936877076,0.155448717948718,0.15609756097561,0.158833063209076,0.4976,0.583987441130298,0.155172413793103,0.815267175572519,0.822530864197531,0.270531400966184,0.0263157894736842,0.158555729984301,0.159305993690852,0.0309446254071661,0.757425742574257,0.0332278481012658,0.194888178913738,0.0281456953642384,0.178849144634526,0.161904761904762,0.812006319115324,0.311605723370429,0.158059467918623,0.449920508744038,0.4688995215311,0.249185667752443,0.037914691943128,0.0317460317460317,0.24459234608985,0.210687022900763,0.17515923566879,0.0329153605015674,0.0331230283911672,0.799011532125206,0.686520376175549,0.52,0.0346456692913386,0.565495207667732,0.0317460317460317,0.214634146341463,0.162118780096308,1,0.677067082683307,0.0309597523219814,0.643659711075441,0.458730158730159,0.253543307086614,0.193798449612403,0.359055118110236,0.813099041533546,0.178688524590164,0.1152,0.150485436893204,0.0287539936102236,0.167692307692308,0.0350877192982456,0.154605263157895,0.805825242718447,0.610114192495922,0.0316455696202532,0.0327332242225859,0.304625199362041,0.228013029315961,0.213836477987421,0.402173913043478,0.8015625,0.808064516129032,0.286407766990291,0.283018867924528,0.027823240589198,0.78743961352657,0.18740157480315,0.0348101265822785,0.162640901771337,0.196567862714509,0.798722044728435,0.0322061191626409,0.806603773584906,0.162246489859594,0.55877616747182,0.776714513556619,0.765751211631664,0.748792270531401,0.400981996726678,0.770800627943485,0.154589371980676,0.0402576489533011,0.354066985645933,0.166929133858268,0.0352,0.0329153605015674,0.819295558958652,0.0321543408360129,0.811290322580645,0.161648177496038,0.389351081530782,0.81421647819063,0.815359477124183,0.56661316211878,0.19422150882825,0.596875,0.0428134556574924,0.800970873786408,0.0901771336553945,0.0414673046251994,0.03486529318542,0.727714748784441,0.805555555555556,0.809756097560976,0.80564263322884,0.805295950155763,0.0373376623376623,0.0378548895899054,0.844051446945338,0.0421393841166937,0.0357723577235772,0.0746031746031746,0.0396825396825397,0.0390625,0.81658692185008,0.0587301587301587,0.814634146341463,0.818619582664527,0.0342019543973941,0.830670926517572,0.0948678071539658,0.819047619047619,0.772151898734177,0.817757009345794,0.812400635930048
"760",0.244548286604361,0.244992295839753,0.2701062215478,0.285266457680251,0.256692913385827,0.248407643312102,0.335913312693498,0.275494672754947,0.235204855842185,0,0.232307692307692,0,0.63849765258216,0.238924050632911,0.772036474164134,0.783742331288344,0,0.00307219662058372,0.244408945686901,0.256923076923077,0.730182926829268,0.786624203821656,0.240061162079511,0,0.274961597542243,0.783076923076923,0.733637747336377,0.237421383647799,0.62406015037594,0.467075038284839,0.773613193403298,0.48297213622291,0.461897356143079,0.640866873065015,0,0.231012658227848,0.0076103500761035,0.23394495412844,0.685157421289355,0.315548780487805,0,0.0015220700152207,0,0.240126382306477,0.407290015847861,0.775,0.646058732612056,0.760869565217391,0.606287425149701,0.763040238450075,0,0.238390092879257,0.696734059097978,0.247663551401869,0.327131782945736,0.740506329113924,0,0.2546875,0.25948406676783,0.334351145038168,0.642967542503864,0.637048192771084,0.759811616954474,0,0.342767295597484,0.379362670713202,0,0.24191063174114,0,0.762204724409449,0.347626339969372,0.76605504587156,0.761538461538461,0.224582701062215,0,0.505311077389985,0.751914241960184,0.634146341463415,0.337559429477021,0.704361873990307,0,0.477409638554217,1,0.223744292237443,0.753030303030303,0.322188449848024,0.231354642313546,0.259938837920489,0.25609756097561,0.00149925037481259,0.2328125,0.226646248085758,0,0,0.261006289308176,0,0.665644171779141,0.241641337386018,0,0,0.522273425499232,0,0.689127105666156,0.232449297971919,0.734539969834088,0.229199372056515,0.00154798761609907,0.266770670826833,0.781990521327014,0.773643410852713,0.764885496183206,0.3,0.649149922720247,0.244992295839753,0,0.239197530864198,0.483870967741935,0,0.776234567901235,0.740625,0,0.477657935285054,0.713622291021672,0.756289308176101,0.253846153846154,0.789554531490015,0.228878648233487,0.231481481481481,0,0.563748079877112,0.295208655332303,0.601550387596899,0.244131455399061,0,0.242472266244057,0.746223564954683,0,0.726134585289515,0.567484662576687,0.583860759493671,0,0,0.271472392638037,0.44945567651633,0.89375,0.231366459627329,0.773006134969325,0.300925925925926,0.629107981220657,0.254185692541857,0.753532182103611,0.244204018547141,0.236677115987461,0.362363919129082,0.233024691358025,0.766192733017378,0.23583460949464,0.773993808049536,0,0.4640625,0.362537764350453,0.242658423493045,0.754977029096478,0,0.23216995447648,0.618973561430793,0.231378763866878,0.239938080495356,0.229938271604938,0.628048780487805,0.252713178294574,0.760432766615147,0.289592760180996,0.775449101796407,0.330745341614907,0.751524390243902,0,0.247278382581649,0,0.352484472049689,0.224111282843895,0.743630573248408,0.249230769230769,0.29320987654321,0.241017964071856,0.259938837920489,0.76036866359447,0.627871362940276,0.298299845440495,0.288888888888889,0.760061919504644,0.761240310077519,0.243369734789392,0.342507645259939,0,0,0.7078125,0,0.242792109256449,0.679273827534039,0.334379905808477,0.42921686746988,0.238805970149254,0.633070866141732,0.631818181818182,0.68798751950078,0.286158631415241,0.259659969088099,0.335866261398176,0,0.321538461538462,0.711811023622047,0.297045101088647,0.774294670846395,0.830534351145038,0.565625,0.238897396630934,0.249621785173979,0.418461538461538,0.223744292237443,0.344135802469136,0,0.834862385321101,0.52959028831563,0.248826291079812,0,0.239031770045386,0.242152466367713,0.570336391437309,0.512307692307692,0.236220472440945,0.241324921135647,0.65284178187404,0,0.330316742081448,0.59480122324159,0.262658227848101,0.769924812030075,0.273542600896861,0.221362229102167,0.220858895705521,0.282608695652174,0.527777777777778,0.773291925465838,0.261001517450683,0.625766871165644,0.766816143497758,0.75748502994012,0.69620253164557,0.763636363636364,0.719874804381847,0.467862481315396,0.781010719754977,0.767584097859327,0.762121212121212,0.537065052950076,0.80127186009539,0.251515151515152,0.0015625,0.757296466973886,0,0.696594427244582,0.24405705229794,0.248073959938367,0.329721362229102,0,0.363349131121643,0.348024316109422,0.503912363067293,0.571205007824726,0.693374422187982,0.606201550387597,0.00151285930408472,0.211180124223602,0.750382848392037,0.4736,0.267605633802817,0.761832061068702,0.43778801843318,0.780674846625767,0.744648318042814,0.233283803863299,0.242857142857143,0.330708661417323,0,0.495426829268293,0.320610687022901,0,0.753383458646616,0.317220543806647,0.256211180124224,0,0.770516717325228,0.767267267267267,0.251170046801872,0.352755905511811,0.76303317535545,0,0.646058732612056,0.249216300940439,0.408194233687405,0.635384615384615,0.490566037735849,0.265861027190332,0.762633996937213,0.242424242424242,0.229813664596273,0.764341085271318,0.270928462709285,0.232919254658385,0.246006389776358,0.236641221374046,0.75,0.673748103186646,0.689708141321045,0.252336448598131,0.298107255520505,0.013719512195122,0.704866562009419,0.24537037037037,0.787136294027565,0.697289156626506,0.239263803680982,0.239130434782609,0.26502311248074,0.506309148264984,0.217065868263473,0.713615023474178,0.269461077844311,0.235849056603774,0,0.674140508221226,0.555031446540881,0.769230769230769,0.0153374233128834,0.760180995475113,0.306870229007634,0.754601226993865,0.766412213740458,0,0.756548536209553,0.231007751937985,0.7609375,0.242375601926164,0.265116279069767,0.233281493001555,0.696400625978091,0.70906200317965,0.549382716049383,0.577170418006431,0,0.420489296636086,0.758358662613982,0.76103500761035,0.715582450832073,0.234276729559748,0.761171032357473,0,0.68348623853211,0.767123287671233,0.769953051643192,0.749611197511664,0.228971962616822,0.707740916271722,0.235576923076923,0.255924170616114,0,0.23935389133627,0.770739064856712,0.232732732732733,0.409090909090909,0.232854864433812,0.767584097859327,0.243243243243243,0.765432098765432,0.332307692307692,0.472613458528951,0.293853073463268,0.254573170731707,0.23208722741433,0.68558282208589,0.27047913446677,0.236722306525038,0.760542168674699,0.765696784073507,0.238993710691824,0.229357798165138,0.678955453149002,0.322530864197531,0.257188498402556,0.296296296296296,0.227752639517345,0,0.737421383647799,0.2326656394453,0.763888888888889,0,0.2734375,0,0.768160741885626,0.224924012158055,0.25,0,0.5125,0.707620528771384,0.253543307086614,0.765451664025357,0.342105263157895,0.231259968102073,0.66358024691358,0.537290715372907,0.413793103448276,0,0.732198142414861,0.253477588871716,0.246153846153846,0.681114551083591,0.23950233281493,0.23538961038961,0.786259541984733,0,0.267387944358578,0.241486068111455,0.273846153846154,0.553030303030303,0.761755485893417,0.359133126934985,0.73587786259542,0.682410423452769,0,0.603125,0.53587786259542,0.549382716049383,0,0.67515923566879,0.3078125,0.589665653495441,0.598473282442748,0.752994011976048,0,0,0.224702380952381,0.249253731343284,0,0.293023255813953,0.00154798761609907,0,0,0.227629513343799,0,0.24251968503937,0.417682926829268,0.580451127819549,0.222900763358779,0,0,0.242283950617284,0.273952095808383,0.495440729483283,0.77557251908397,0,0.328746177370031,0.53587786259542,0.237871674491393,0.597875569044006,0.634645669291339,0,0.257918552036199,0.780448717948718,0.279937791601866,0.745709828393136,0,0.749249249249249,0.741835147744946,0.596091205211726,0.257229832572298,0,0.27736131934033,0.254211332312404,0.234939759036145,0,0.762128325508607,0.266990291262136,0.75767366720517,0.236641221374046,0.239329268292683,0.770769230769231,0.229357798165138,0.69922480620155,0.400921658986175,0.767080745341615,0.719047619047619,0.281733746130031,0.0015625,0.770061728395062,0.258358662613982,0.770569620253165,0.549050632911392,0.63302752293578,0,0.737404580152672,0.498427672955975,0.702619414483821,0.250377073906486,0.766513056835638,0.760902255639098,0.622222222222222,0.278614457831325,0.330804248861912,0.262345679012346,0.506976744186047,0,0.258409785932722,0.762406015037594,0.237577639751553,0.642857142857143,0.766467065868264,0.21969696969697,0.236024844720497,0.234472049689441,0.568567026194145,0.241221374045802,0.730109204368175,0.735202492211838,0.266871165644172,0.345256609642302,0,0,0.227272727272727,0.294025157232704,0.764521193092622,0.250778816199377,0.238095238095238,0.67629179331307,0.281645569620253,0.451162790697674,0.327300150829563,0,0.268633540372671,0.640378548895899,0.234567901234568,0.23969465648855,0,0.531152647975078,0.25585023400936,0.765527950310559,0.47723704866562,0.640791476407915,0.438235294117647,0.500777604976672,0.266766020864382,0.835843373493976,0.24483306836248,0.246554364471669,0.253822629969419,0.652582159624413,0.68895800933126,0.245723172628305,0.231117824773414,0,0.43609022556391,0.61171032357473,0.709726443768997,0.436728395061728,0.227692307692308,0.328220858895706,0.234042553191489,0.14630467571644,0.757142857142857,0,0.426810477657935,0.765163297045101,0.775038520801233,0.690440060698027,0,0.257716049382716,0.332826747720365,0.222734254992319,0.23394495412844,0.843167701863354,0.773291925465838,0,0,0.720565149136578,0.73353751914242,0.730593607305936,0,0.759571209800919,0.225656877897991,0.318529862174579,0.690737833594976,0.236024844720497,0.547945205479452,0.272583201267829,0.519877675840979,0.482035928143713,0,0.236173393124066,0.661466458658346,0.611197511664075,0.297014925373134,0.23159509202454,0.641337386018237,0,0.288372093023256,0.274096385542169,0,0.267563527653214,0.748484848484849,0.251602564102564,0.607361963190184,0,0.0015625,0.611916264090177,0.392307692307692,0.776049766718507,0.739747634069401,0.00152905198776758,0,0.423831070889894,0.768759571209801,0.237179487179487,0.667180277349769,0.236006051437216,0.761329305135952,0.615267175572519,0.75808936825886,0.36724960254372,0.772357723577236,0.754224270353303,0,0.762870514820593,0,0.229166666666667,0.640502354788069,0.246312684365782,0.775,0.234276729559748,0,0.659125188536953,0.629107981220657,0.230293663060278,0,0.23644578313253,0,0.626959247648903,0.249621785173979,0,0.493087557603687,0.238170347003155,0.46676970633694,0.2625,0.765861027190332,0,0.236111111111111,0.682389937106918,0,0.501552795031056,0.762996941896025,0.747336377473364,0.222222222222222,0.225908372827804,0.244411326378539,0.245749613601236,0.236842105263158,0,0.252336448598131,0.00305810397553517,0.644578313253012,0.703076923076923,0.244204018547141,0.254290171606864,0.23688155922039,0.236280487804878,0.0478395061728395,0.773700305810398,0.242765273311897,0.272036474164134,0.511210762331839,0.256923076923077,0.231354642313546,0.262672811059908,0,0,0.24,0,0.815548780487805,0,0.270769230769231,0.677316293929712,0.756329113924051,0.738931297709924,0.31687898089172,0.00153139356814701,0.728813559322034,0.234662576687117,0.237730061349693,0.504702194357367,0.648449039881832,0.968980797636632,0.724085365853659,0.549450549450549,0.762686567164179,0.751173708920188,0.570107858243451,0.717156105100464,0.546707503828484,0.751543209876543,0,0.757763975155279,0.658267716535433,0.231746031746032,0.471841704718417,0.695522388059701,0.62,0.340909090909091,0.229041916167665,0.273752012882448,0.255054432348367,0.231012658227848,0.239811912225705,0.574303405572755,0.601851851851852,0.227272727272727,0.769115442278861,0.763313609467456,0.364197530864198,0.0015220700152207,0.242009132420091,0.246200607902736,0,0.80379746835443,0,0.274539877300614,0,0.265337423312883,0.241538461538462,0.776934749620637,0.36150234741784,0.226928895612708,0.499210110584518,0.507668711656442,0.335423197492163,0,0,0.310789049919485,0.294550810014728,0.232771822358346,0,0,0.766666666666667,0.695915279878971,0.576086956521739,0,0.622670807453416,0,0.298136645962733,0.246081504702194,0.677067082683307,1,0,0.641744548286604,0.541795665634675,0.336405529953917,0.262368815592204,0.422664624808576,0.769349845201238,0.256329113924051,0.0665610142630745,0.230283911671924,0,0.240853658536585,0,0.211023622047244,0.771604938271605,0.481889763779528,0,0,0.409711684370258,0.294025157232704,0.265460030165913,0.425531914893617,0.760479041916168,0.75705329153605,0.377125193199382,0.366666666666667,0,0.770897832817337,0.259375,0,0.22848200312989,0.285714285714286,0.754601226993865,0.00766871165644172,0.775888717156105,0.232628398791541,0.588509316770186,0.83179012345679,0.84044233807267,0.73587786259542,0.51875,0.756468797564688,0.235023041474654,0,0.444790046656299,0.237518910741301,0,0,0.761280931586608,0,0.767441860465116,0.238461538461538,0.463492063492064,0.761453396524487,0.752721617418352,0.59170653907496,0.275700934579439,0.654490106544901,0.0106221547799697,0.768253968253968,0.0516431924882629,0.0108359133126935,0,0.636222910216718,0.763197586726998,0.76625386996904,0.766666666666667,0.764350453172205,0.0139318885448916,0.0150602409638554,0.759571209800919,0.00923076923076923,0.00474683544303797,0.030441400304414,0.010752688172043,0.0121951219512195,0.758513931888545,0.0153609831029186,0.769953051643192,0.77639751552795,0.009375,0.758039816232772,0.0466867469879518,0.763803680981595,0.702325581395349,0.774336283185841,0.7640625
"761",0,0,0,0,0,0,0.0105740181268882,0.00150829562594268,0,1,0,1,0,0,0,0,1,0.981510015408321,0,0,0,0,0,1,0,0,0,0.00158730158730159,0,0,0,0,0.00154320987654321,0,1,0,0.978947368421053,0,0,0,0.998475609756098,0.981818181818182,0.992354740061162,0,0,0,0,0,0,0,1,0,0,0,0.0107858243451464,0,1,0,0.00303490136570561,0,0,0,0,1,0,0,1,0,1,0,0,0,0,0,1,0,0,0,0.0015527950310559,0,1,0,0,0,0,0,0,0,0.00453857791225416,0.988005997001499,0,0,1,1,0,1,0.0149700598802395,0,0.992492492492492,0.990740740740741,0.00763358778625954,1,0,0,0,0,0.989113530326594,0.00305343511450382,0,0,0,0.0121951219512195,0,0,1,0,0,1,0,0,1,0.0015527950310559,0,0,0,0,0,0,1,0.00457317073170732,0,0,0,1,0,0,1,0,0,0.0046583850931677,1,1,0,0,0,0,0,0,0,0,0,0,0,0,0,0,0,0,1,0,0.00449101796407186,0,0,1,0,0,0,0,0,0,0,0,0,0,0.00155763239875389,0,1,0,1,0,0,0,0,0,0,0,0,0,0,0,0,0,0,0.0180722891566265,1,1,0,0.998461538461539,0,0,0.0108695652173913,0,0,0,0,0,0,0,0.0015015015015015,1,0,0,0,0,0,0.00305810397553517,0,0,0.0015220700152207,0,0,1,0,0,0,1,0,0,0.00459418070444104,0,0,0,0.0152439024390244,1,0.0119940029985007,0,0,0,0,0,0,0,0,0,0,0,0,0,0,0,0,0,0,0,0,0,0,0,0.987577639751553,0,1,0.00462962962962963,0,0,0,1,0.00154559505409583,0.00147492625368732,0,0,0,0,0.987987987987988,0,0,0,0,0,0,0,0,0,0,0.0108527131782946,1,0,0.0155763239875389,1,0,0.0119760479041916,0.00153374233128834,1,0,0,0,0,0,1,0.0154559505409583,0,0,0,0,0,0,0,0,0,0,0,0,0,0,0,0,0.00308641975308642,0,0.944444444444444,0,0,0,0,0,0,0,0,0,0,0,0,1,0,0.00764525993883792,0,0.942249240121581,0,0,0,0,1,0,0,0,0,0,0,0,0,0,0,1,0,0,0,0,0,0,1,0,0,0,0.00152905198776758,0,0,0,0,1,0,0,0,0,0,0,0,0,0,0,0,0,0.00154320987654321,0,0,0,0,0,0,0,0,0,0,0,0,1,0,0,0,1,0,0.989147286821705,0,0,0,0.995363214837713,0.00612557427258806,0,0,0,0,0,0,0,0,1,0,0.0015552099533437,0,0,0,0,0,0.998459167950693,0,0,0,0,0,0.0045662100456621,0,0.00964630225080386,0.992492492492492,0,0,0,1,0,0.00152671755725191,0,0,0,1,1,0,0,1,0,0.987711213517665,1,1,0,1,0,0.00153609831029186,0.00449101796407186,0,1,1,0,0,0,0,0.996850393700787,0.0149700598802395,0,0,0,0,1,0,0,0.00153609831029186,0,1,0,0,0,0.00151745068285281,1,0,0,0,1,0,0,0,0,0,0,0,0,0,0,0.00155763239875389,0,0.989441930618401,0,0,0,0,0.012326656394453,1,0,0.0015527950310559,0,0,0,0,0,0,0,0,0,1,0,0,0,0.00312989045383412,0,0,0,0,0,0,0,0,0,0.0120663650075415,1,1,0,0,0,0,0,0,0,0,0.0136570561456753,1,0,0.0138461538461538,0,0,1,0,0,0,0.00152905198776758,0,0,0,0,0,0.00309119010819165,0,0,0.0154798761609907,0.021671826625387,0,0,0.992447129909366,0,0,0,0,0,0,0,0.765671641791045,0,1,0.00152905198776758,0,0,0,1,0,0,0,0,0,0,1,1,0,0,0,1,0,0,0.570776255707763,0,0,0.00764525993883792,0,0,0,1,0,0,0,0.00443786982248521,0,0,0.989263803680982,0,0,1,0.00148367952522255,0,0,0,1,0.989345509893455,0,0,0,0,0.986363636363636,0.998415213946117,0,0,0,0,0,0,0,0,0.00471698113207547,0,0,0.996960486322188,0,1,0,0.159235668789809,0.00147710487444609,0,0,1,0,0,0,1,0,1,0,0,1,0.0149476831091181,0,0,0.0015748031496063,0,1,0,0,1,0,0,0,0,0,0,0.00462962962962963,0.00153609831029186,1,0,0.979073243647235,0.0165165165165165,0,0,0,0,0,0.917431192660551,0,0,0,0,0,0,0,1,1,0,1,0,0.998463901689708,0,0,0,0,0,0.998473282442748,0,0,0,0,0,0,0,0,0,0,0,0,0,0,1,0,0.0169753086419753,0,0.0244648318042813,0,0,0.00453172205438067,0,0.00157728706624606,0,0,0,0,0,0,0,0,0.0015220700152207,0.987987987987988,0,0,1,0,1,0,1,0,0,0,0,0,0.00154559505409583,0,0.0153374233128834,1,1,0,0,0,1,1,0,0,0,1,0,1,0,0,0.0309597523219814,0,1,0,0,0,0,0,0,0,0.897553516819572,0,1,0,0.990853658536585,0,0,0.364485981308411,1,1,0,0,0.00748502994011976,0,0,0,0,0,1,0,0,1,0,0,0,0.953172205438066,0,0,0,0,0,0,0,0,0,1,0,0,0.995419847328244,1,0,1,0,0,0,0,0,0.00473186119873817,0.00311526479750779,0,0.945619335347432,0,0.89358372456964,0.975646879756469,1,0.156105100463679,0,0,0.00605143721633888,0,0.945397815912636,0.937595129375951,0,0.978593272171254,0.992295839753467,0.948012232415902,0.974474474474474,0.936459909228442,0,0.968421052631579,0,0,0.952086553323029,0,0.927083333333333,0,0.0580152671755725,0,0
"762",0.345276872964169,0.352848101265823,0.355905511811024,0.390675241157556,0.352365415986949,0.34789644012945,0.411858974358974,0.366771159874608,0.357032457496136,0,0.351822503961965,0,0.5936,0.345718901453958,0.674085850556439,0.667721518987342,0,0.00478468899521531,0.355987055016181,0.357827476038339,0.661881977671451,0.677631578947368,0.347551342812006,0,0.372239747634069,0.648475120385233,0.669918699186992,0.343648208469055,0.601255886970173,0.533123028391167,0.661016949152542,0.580286168521463,0.502407704654896,0.622432859399684,0,0.33868378812199,0.0125984251968504,0.346811819595645,0.701357466063348,0.381761978361669,0.00160513643659711,0.00157232704402516,0.00315457413249211,0.33387358184765,0.535073409461664,0.690048939641109,0.623376623376623,0.648475120385233,0.755417956656347,0.647058823529412,0,0.346092503987241,0.671949286846276,0.338658146964856,0.410048622366288,0.789303079416532,0,0.351219512195122,0.362341772151899,0.428120063191153,0.627760252365931,0.617693522906793,0.665562913907285,0,0.420967741935484,0.477707006369427,0,0.363782051282051,0,0.653658536585366,0.426584234930448,0.669329073482428,0.674267100977199,0.332807570977918,0,0.531782945736434,0.66046511627907,0.613312202852615,0.425837320574163,0.827702702702703,0,0.559375,0.65284178187404,0.3296875,0.677777777777778,0.4296875,0.328173374613003,0.357366771159875,0.351735015772871,0,0.341194968553459,0.3359375,0,0,0.363047001620746,0,0.63968253968254,0.358609794628752,0.00156985871271586,0.0032,0.557692307692308,0,0.6912,0.354838709677419,0.672307692307692,0.34640522875817,0.0016025641025641,0.354943273905997,0.65742251223491,0.669871794871795,0.662519440124417,0.398373983739837,0.839171974522293,0.342948717948718,0,0.358851674641148,0.56875,0,0.664556962025316,0.692556634304207,0,0.502377179080824,0.676236044657097,0.688013136288998,0.36650868878357,0.64873417721519,0.33596214511041,0.33489827856025,0,0.586921850079745,0.406050955414013,0.608130081300813,0.355411954765751,0,0.336079077429984,0.672360248447205,0,0.673076923076923,0.587859424920128,0.583881578947368,0,0,0.354166666666667,0.517515923566879,0.63961038961039,0.341269841269841,0.6512,0.406593406593407,0.817733990147783,0.354788069073783,0.692179700499168,0.355799373040752,0.332258064516129,0.47196261682243,0.34185303514377,0.651465798045603,0.342229199372057,0.658653846153846,0,0.523125996810207,0.43217665615142,0.36115569823435,0.669278996865204,0,0.342146189735614,0.702746365105008,0.337115072933549,0.332814930015552,0.336990595611285,0.6328125,0.357710651828299,0.679032258064516,0.390551181102362,0.659340659340659,0.423076923076923,0.669871794871795,0,0.34991974317817,0,0.459501557632399,0.347068145800317,0.660771704180064,0.357142857142857,0.396255850234009,0.342592592592593,0.351097178683386,0.748815165876777,0.856466876971609,0.413680781758958,0.391585760517799,0.657728706624606,0.660406885758998,0.359424920127796,0.445669291338583,0,0,0.656692913385827,0.00158730158730159,0.340490797546012,0.858490566037736,0.421393841166937,0.510971786833856,0.351309707241911,0.648387096774194,0.618153364632238,0.669381107491857,0.434146341463415,0.361873990306947,0.441640378548896,0,0.410459587955626,0.692691029900332,0.393841166936791,0.671428571428571,0.664566929133858,0.593301435406699,0.366826156299841,0.363067292644757,0.470588235294118,0.340729001584786,0.416534181240064,0,0.657728706624606,0.558544303797468,0.339228295819936,0,0.35377358490566,0.359937402190923,0.584905660377358,0.730586370839937,0.347687400318979,0.345276872964169,0.626182965299685,0,0.415503875968992,0.640575079872205,0.349417637271215,0.650793650793651,0.37597503900156,0.352090032154341,0.340729001584786,0.3856,0.862619808306709,0.669394435351882,0.379644588045234,0.603803486529319,0.652307692307692,0.657935285053929,0.661835748792271,0.656101426307448,0.669394435351882,0.534591194968553,0.655007949125596,0.654088050314465,0.654516640253566,0.593354430379747,0.655228758169935,0.359424920127796,0.00324675324675325,0.638364779874214,0,0.662884927066451,0.353996737357259,0.343898573692552,0.415873015873016,0,0.432956381260097,0.444961240310077,0.584786053882726,0.625796178343949,0.635350318471338,0.589371980676328,0.00317965023847377,0.35,0.678855325914149,0.583881578947368,0.376971608832808,0.670866141732283,0.514150943396226,0.659235668789809,0.712698412698413,0.338028169014085,0.341584158415842,0.408427876823339,0,0.564541213063764,0.404761904761905,0,0.644094488188976,0.41304347826087,0.365384615384615,0,0.666666666666667,0.649921507064364,0.371980676328502,0.448613376835237,0.669950738916256,0,0.630672926447574,0.361736334405145,0.489827856025039,0.848242811501597,0.581583198707593,0.373456790123457,0.668769716088328,0.332288401253919,0.344,0.674157303370786,0.377708978328173,0.344660194174757,0.367479674796748,0.338632750397456,0.744849445324881,0.66877971473851,0.659711075441412,0.354166666666667,0.386513157894737,0.0187793427230047,0.702875399361022,0.363924050632911,0.682034976152623,0.708978328173375,0.356012658227848,0.341307814992026,0.355095541401274,0.540983606557377,0.318611987381703,0.690437601296596,0.371653543307087,0.333868378812199,0,0.6625,0.60129659643436,0.681818181818182,0.0189873417721519,0.659409020217729,0.431561996779388,0.648818897637795,0.672496025437202,0,0.69983948635634,0.362760834670947,0.655172413793103,0.362270450751252,0.358372456964006,0.353322528363047,0.657937806873977,0.670436187399031,0.563897763578275,0.805601317957166,0,0.454838709677419,0.665625,0.688372093023256,0.703470031545741,0.343548387096774,0.687400318979266,0,0.688575899843505,0.658767772511848,0.674193548387097,0.604234527687296,0.340872374798061,0.798045602605863,0.331699346405229,0.333863275039746,0,0.344461305007587,0.656050955414013,0.351477449455676,0.4608,0.354943273905997,0.643879173290938,0.361801242236025,0.661290322580645,0.422829581993569,0.608196721311475,0.389489953632148,0.353407290015848,0.3312,0.680511182108626,0.358642972536349,0.33125,0.677115987460815,0.662957074721781,0.347133757961783,0.347003154574132,0.8224,0.401587301587302,0.358552631578947,0.389589905362776,0.342767295597484,0,0.769968051118211,0.34493670886076,0.657556270096463,0,0.376623376623377,0.00321027287319422,0.698387096774194,0.329173166926677,0.379585326953748,0.00162337662337662,0.542536115569823,0.645264847512038,0.363929146537842,0.655284552845528,0.461538461538462,0.339256865912762,0.637987012987013,0.591836734693878,0.523274478330658,0,0.677471636952998,0.348184818481848,0.336553945249597,0.663430420711974,0.343450479233227,0.364705882352941,0.667205169628433,0.00160513643659711,0.342271293375394,0.348726114649682,0.386687797147385,0.543307086614173,0.634340222575517,0.442857142857143,0.682965299684543,0.646566164154104,0.00315457413249211,0.588524590163934,0.557877813504823,0.6304,0,0.879674796747967,0.404724409448819,0.572555205047319,0.710651828298887,0.721461187214612,0,0,0.333848531684699,0.362654320987654,0,0.400635930047695,0.00162337662337662,0,0,0.351437699680511,0,0.355371900826446,0.489566613162119,0.599374021909233,0.337539432176656,0,0,0.345541401273885,0.391104294478528,0.53343701399689,0.665615141955836,0,0.416267942583732,0.580594679186229,0.33596214511041,0.646781789638933,0.879478827361563,0,0.350547730829421,0.649918962722853,0.395730706075534,0.724358974358974,0,0.654743390357698,0.65751211631664,0.584158415841584,0.355799373040752,0,0.394777265745008,0.366352201257862,0.342146189735614,0,0.732786885245902,0.373333333333333,0.657284768211921,0.333333333333333,0.342723004694836,0.64937106918239,0.346031746031746,0.679936305732484,0.481540930979133,0.681089743589744,0.667763157894737,0.375,0.00159744408945687,0.659163987138264,0.366614664586583,0.682487725040916,0.57487922705314,0.606796116504854,0,0.668231611893584,0.485436893203884,0.682108626198083,0.379585326953748,0.680952380952381,0.710031347962382,0.613333333333333,0.386398763523957,0.433903576982893,0.379365079365079,0.525285481239804,0,0.364632237871674,0.660990712074303,0.357605177993528,0.661835748792271,0.660377358490566,0.344,0.363924050632911,0.334935897435897,0.586816720257235,0.350547730829421,0.671521035598705,0.696774193548387,0.381703470031546,0.40829346092504,0,0,0.344497607655502,0.39607201309329,0.652448657187994,0.362745098039216,0.360446570972887,0.637795275590551,0.406451612903226,0.521035598705502,0.405909797822706,0,0.362619808306709,0.636952998379254,0.340729001584786,0.35062893081761,0,0.550793650793651,0.368932038834951,0.66131621187801,0.536466774716369,0.775510204081633,0.473846153846154,0.620578778135048,0.372274143302181,0.652713178294574,0.363047001620746,0.349453978159126,0.353035143769968,0.637417218543046,0.640822784810127,0.345368916797488,0.349840255591054,0.00158227848101266,0.506976744186047,0.621835443037975,0.796474358974359,0.506389776357827,0.349282296650718,0.439490445859873,0.345368916797488,0.127962085308057,0.648026315789474,0,0.467408585055644,0.669887278582931,0.648177496038035,0.813099041533546,0,0.34991974317817,0.397151898734177,0.338607594936709,0.3453125,0.677367576243981,0.6688,0,0,0.693679092382496,0.683870967741935,0.735483870967742,0,0.665086887835703,0.34488188976378,0.293838862559242,0.654723127035831,0.332792207792208,0.561093247588424,0.365231259968102,0.657770800627943,0.597826086956522,0,0.337442218798151,0.652459016393443,0.618819776714514,0.387247278382582,0.349453978159126,0.66824644549763,0.00317965023847377,0.384858044164038,0.378294573643411,0,0.380434782608696,0.662957074721781,0.352348993288591,0.596850393700787,0,0.00157232704402516,0.634551495016611,0.474358974358974,0.67246835443038,0.747954173486088,0.00318979266347687,0.00165562913907285,0.521472392638037,0.658064516129032,0.347107438016529,0.898305084745763,0.344773790951638,0.65,0.614173228346457,0.650974025974026,0.453658536585366,0.639477977161501,0.657770800627943,0.00156985871271586,0.660130718954248,0,0.347560975609756,0.559210526315789,0.362940275650842,0.662379421221865,0.346341463414634,0,0.614664586583463,0.592,0.32695374800638,0,0.338028169014085,0,0.833333333333333,0.348031496062992,0,0.540498442367601,0.355519480519481,0.52931854199683,0.374392220421394,0.677725118483412,0,0.339285714285714,0.793214862681745,0,0.571653543307087,0.660493827160494,0.668769716088328,0.349753694581281,0.326860841423948,0.347222222222222,0.376190476190476,0.351701782820097,0,0.357142857142857,0.00632911392405063,0.631578947368421,0.804992199687988,0.350157728706625,0.34185303514377,0.363494539781591,0.344773790951638,0.0507131537242472,0.67487684729064,0.37123745819398,0.369668246445498,0.52755905511811,0.353125,0.3472,0.380348652931854,0,0,0.339939024390244,0,0.668759811616955,0.00158730158730159,0.371875,0.827018121911038,0.69672131147541,0.674015748031496,0.396747967479675,0.00161812297734628,0.695859872611465,0.331738437001595,0.337539432176656,0.6288,0.649096385542169,0.648318042813456,0.791344667697063,0.559808612440191,0.668238993710692,0.649842271293375,0.610759493670886,0.689710610932476,0.529780564263323,0.650316455696203,0,0.649434571890145,0.623778501628665,0.34640522875817,0.56140350877193,0.674454828660436,0.57120253164557,0.43730407523511,0.333333333333333,0.365448504983389,0.355155482815057,0.352365415986949,0.338607594936709,0.696629213483146,0.849921011058452,0.33974358974359,0.655763239875389,0.653905053598775,0.4390625,0.00318471337579618,0.350308641975309,0.354889589905363,0,0.645528455284553,0,0.383870967741935,0,0.363924050632911,0.352750809061489,0.645007923930269,0.484602917341977,0.343213728549142,0.539325842696629,0.533018867924528,0.409235668789809,0,0,0.401006711409396,0.386046511627907,0.361635220125786,0,0,0.647435897435897,0.701863354037267,0.587378640776699,0,0.73968253968254,0,0.424390243902439,0.348949919224556,0.643659711075441,0.641744548286604,0,1,0.615136876006441,0.419303797468354,0.38006230529595,0.483412322274882,0.666666666666667,0.343234323432343,0.0711974110032362,0.330128205128205,0,0.350387596899225,0.00160513643659711,0.344771241830065,0.659711075441412,0.413461538461538,0,0,0.457547169811321,0.373134328358209,0.370253164556962,0.525078369905956,0.671296296296296,0.65814696485623,0.424878836833603,0.45046439628483,0,0.676375404530744,0.366666666666667,0,0.351612903225806,0.376377952755906,0.6992,0.0143769968051118,0.655660377358491,0.3328125,0.791190864600326,0.651273885350318,0.666666666666667,0.740384615384615,0.538336052202284,0.638364779874214,0.337641357027464,0,0.501607717041801,0.360062893081761,0.0016260162601626,0,0.673405909797823,0,0.65818759936407,0.344103392568659,0.502495840266223,0.660098522167488,0.659744408945687,0.585760517799353,0.371335504885993,0.612698412698413,0.0124223602484472,0.6645056726094,0.0457516339869281,0.0157977883096366,0,0.564308681672026,0.644817073170732,0.648387096774194,0.65511811023622,0.661466458658346,0.0114192495921697,0.0172413793103448,0.65818759936407,0.0112721417069243,0.00483091787439614,0.0349761526232114,0.0143540669856459,0.0159235668789809,0.660771704180064,0.0220472440944882,0.662847790507365,0.66884176182708,0.0130505709624796,0.65818759936407,0.0513219284603421,0.663551401869159,0.634768740031898,0.656394453004623,0.653354632587859
"763",0.602848101265823,0.59190031152648,0.597842835130971,0.605136436597111,0.59170653907496,0.581993569131833,0.580286168521463,0.590979782270607,0.598449612403101,0,0.582417582417582,0,0.638198757763975,0.595161290322581,0.437898089171975,0.423197492163009,0,0.0062992125984252,0.579967689822294,0.594043887147335,0.513302034428795,0.44281045751634,0.597523219814242,0,0.610248447204969,0.657728706624606,0.472929936305732,0.584814216478191,0.613496932515337,0.592592592592593,0.405819295558959,0.677165354330709,0.665094339622642,0.554858934169279,0,0.594383775351014,0.0110584518167457,0.598755832037325,0.538812785388128,0.614791987673344,0,0.00462962962962963,0.00155763239875389,0.585443037974684,0.641479099678457,0.432907348242812,0.766295707472178,0.4064,0.591679506933744,0.482654600301659,0,0.592651757188498,0.5578125,0.574603174603175,0.574603174603175,0.5,0,0.620634920634921,0.587596899224806,0.641104294478528,0.612055641421947,0.598145285935085,0.409309791332263,0,0.627868852459016,0.621329211746522,0,0.584786053882726,0,0.415584415584416,0.636932707355243,0.41588785046729,0.435736677115987,0.584097859327217,0,0.653963414634146,0.436834094368341,0.669278996865204,0.612540192926045,0.555,0,0.69969040247678,0.532608695652174,0.595348837209302,0.476415094339623,0.630602782071097,0.581504702194357,0.615748031496063,0.60625,0.00307219662058372,0.575899843505477,0.595015576323987,0,0,0.597738287560582,0,0.517241379310345,0.600931677018634,0.00153846153846154,0.00315457413249211,0.605678233438486,0,0.532385466034755,0.580542264752791,0.475609756097561,0.595846645367412,0.00475435816164818,0.590837282780411,0.40095087163233,0.415213946117274,0.424148606811146,0.586261980830671,0.575235109717868,0.581102362204724,0,0.598159509202454,0.667721518987342,0,0.434312210200927,0.522834645669291,0,0.66403785488959,0.546875,0.485483870967742,0.6140625,0.49922480620155,0.603715170278638,0.584639498432602,0,0.608150470219436,0.608214849921011,0.587378640776699,0.588976377952756,0,0.579032258064516,0.429906542056075,0,0.541471048513302,0.75,0.590243902439024,0,0,0.586687306501548,0.6546875,0.520193861066236,0.5904,0.400318979266348,0.613458528951487,0.596518987341772,0.581395348837209,0.50801282051282,0.586314152410575,0.5808,0.590625,0.577223088923557,0.409967845659164,0.596244131455399,0.427230046948357,0,0.646781789638933,0.616207951070336,0.595611285266458,0.412772585669782,0,0.606481481481482,0.633870967741936,0.592471358428805,0.581143740340031,0.584639498432602,0.587692307692308,0.599374021909233,0.4288,0.592024539877301,0.410958904109589,0.615873015873016,0.748829953198128,0,0.608087091757387,0,0.786271450858034,0.582159624413146,0.469194312796209,0.593167701863354,0.584496124031008,0.585476550680787,0.597842835130971,0.474015748031496,0.600924499229584,0.6352,0.614173228346457,0.44794952681388,0.412225705329154,0.591414944356121,0.6046875,0,0,0.556962025316456,0,0.587878787878788,0.539657853810264,0.58974358974359,0.878504672897196,0.589939024390244,0.576377952755906,0.568356374807988,0.560509554140127,0.601880877742947,0.592295345104334,0.615264797507788,0,0.600924499229584,0.507177033492823,0.603503184713376,0.420221169036335,0.483870967741935,0.601574803149606,0.595541401273885,0.595092024539877,0.651898734177215,0.575617283950617,0.627575277337559,0,0.489891135303266,0.642745709828393,0.599686028257457,0,0.593508500772797,0.595808383233533,0.613458528951487,0.614896988906498,0.588888888888889,0.583739837398374,0.547169811320755,0,0.602134146341463,0.634185303514377,0.5776,0.413312693498452,0.608628659476117,0.614035087719298,0.590625,0.608903020667727,0.615146831530139,0.421052631578947,0.601246105919003,0.748043818466354,0.423368740515933,0.412121212121212,0.492163009404389,0.407692307692308,0.492012779552716,0.597875569044006,0.418238993710692,0.42967542503864,0.422600619195046,0.599078341013825,0.423510466988728,0.594594594594595,0.00479233226837061,0.403125,0,0.510268562401264,0.587579617834395,0.600315955766193,0.629283489096573,0,0.610032362459547,0.615987460815047,0.665620094191523,0.645569620253165,0.610410094637224,0.554838709677419,0.00467289719626168,0.580696202531646,0.463949843260188,0.66936790923825,0.594896331738437,0.421216848673947,0.607255520504732,0.419558359621451,0.469767441860465,0.588957055214724,0.578352180936995,0.595121951219512,0,0.606531881804043,0.590837282780411,0,0.399385560675883,0.583717357910906,0.591414944356121,0,0.413522012578616,0.400621118012422,0.612540192926045,0.651898734177215,0.424,0,0.553822152886115,0.603503184713376,0.628304821150855,0.580594679186229,0.598736176935229,0.595911949685535,0.43213728549142,0.6,0.585173501577287,0.410459587955626,0.597503900156006,0.600633914421553,0.598373983739837,0.58814352574103,0.561708860759494,0.551242236024845,0.553822152886115,0.5888,0.614634146341463,0.03125,0.539325842696629,0.586750788643533,0.569640062597809,0.557251908396947,0.593114241001565,0.593114241001565,0.598765432098765,0.650485436893204,0.588050314465409,0.532154340836013,0.6046875,0.579967689822294,0,0.581504702194357,0.565977742448331,0.424528301886792,0.0295489891135303,0.404907975460123,0.61259842519685,0.421779141104294,0.421135646687697,0,0.605015673981191,0.58664546899841,0.454258675078864,0.605177993527508,0.60126582278481,0.585326953748006,0.552262090483619,0.553054662379421,0.67398119122257,0.60650406504065,0,0.63275039745628,0.415781487101669,0.447040498442368,0.509259259259259,0.583596214511041,0.4125,0,0.575427682737169,0.4171875,0.441269841269841,0.611635220125786,0.585023400936037,0.5584,0.585089141004862,0.580188679245283,0,0.599700149925038,0.399691358024691,0.593558282208589,0.638629283489097,0.591205211726384,0.40282131661442,0.614664586583463,0.399686520376176,0.61259842519685,0.650393700787402,0.590769230769231,0.574102964118565,0.59253499222395,0.560250391236307,0.589905362776025,0.576271186440678,0.411402157164869,0.414173228346457,0.576433121019108,0.587774294670846,0.585023400936037,0.613104524180967,0.6,0.631415241057543,0.600614439324117,0,0.4928,0.577223088923557,0.416275430359937,0,0.598387096774194,0.0032520325203252,0.446372239747634,0.584097859327217,0.588888888888889,0,0.599056603773585,0.791469194312796,0.5984,0.394184168012924,0.605431309904153,0.568659127625202,0.57097288676236,0.593798449612403,0.666666666666667,0,0.514285714285714,0.590322580645161,0.580441640378549,0.80188679245283,0.582945736434109,0.606611570247934,0.425396825396825,0,0.586687306501548,0.577044025157233,0.608832807570978,0.674418604651163,0.40251572327044,0.603149606299213,0.61875,0.469421487603306,0.00156494522691706,0.682464454976303,0.6384,0.671875,0,0.553225806451613,0.609717868338558,0.668740279937792,0.640432098765432,0.485451761102603,0,0,0.580693815987934,0.591463414634146,0,0.605388272583201,0.00319488817891374,0,0,0.580542264752791,0,0.611821086261981,0.598755832037325,0.595712098009188,0.582945736434109,0,0,0.595275590551181,0.613394216133942,0.665094339622642,0.411674347158218,0,0.581430745814307,0.5984375,0.5859375,0.911764705882353,0.593996840442338,0,0.581903276131045,0.416932907348243,0.600321027287319,0.477635782747604,0,0.418816388467375,0.469745222929936,0.629934210526316,0.589703588143526,0,0.605182926829268,0.597200622083981,0.582554517133956,0,0.455573505654281,0.60586319218241,0.424143556280587,0.576982892690513,0.588235294117647,0.417956656346749,0.580495356037152,0.566096423017107,0.596546310832025,0.411111111111111,0.508038585209003,0.602503912363067,0.00315457413249211,0.411023622047244,0.601526717557252,0.434083601286174,0.666666666666667,0.57667731629393,0,0.477379095163807,0.6688,0.54773082942097,0.607476635514019,0.420722135007849,0.549689440993789,0.577557755775578,0.61609907120743,0.643835616438356,0.59748427672956,0.682692307692308,0,0.592823712948518,0.416289592760181,0.598736176935229,0.552547770700637,0.415644171779141,0.583076923076923,0.593700787401575,0.572107765451664,0.755485893416928,0.592125984251968,0.467716535433071,0.503164556962025,0.598746081504702,0.611635220125786,0,0,0.600323624595469,0.614649681528662,0.415873015873016,0.600969305331179,0.605723370429253,0.554347826086957,0.607936507936508,0.57753164556962,0.575617283950617,0,0.593949044585987,0.543720190779014,0.599690880989181,0.58307210031348,0,0.632398753894081,0.6,0.393081761006289,0.648,0.567901234567901,0.634036144578313,0.717908082408875,0.599085365853659,0.479326186830015,0.580487804878049,0.585173501577287,0.60093896713615,0.512155591572123,0.432973805855162,0.583860759493671,0.574923547400612,0.00154083204930663,0.6328125,0.618238021638331,0.5390625,0.650077760497667,0.591772151898734,0.59047619047619,0.595348837209302,0.131901840490798,0.410339256865913,0,0.650238473767886,0.408227848101266,0.406349206349206,0.542056074766355,0,0.602523659305994,0.615503875968992,0.589341692789969,0.597560975609756,0.502384737678855,0.416403785488959,0,0,0.487844408427877,0.457006369426752,0.501597444089457,0,0.405864197530864,0.584518167456556,0.180404354587869,0.521462639109698,0.595505617977528,0.594936708860759,0.6,0.666666666666667,0.631419939577039,0,0.587706146926537,0.561093247588424,0.586538461538462,0.60061919504644,0.589506172839506,0.601574803149606,0.00155038759689922,0.590764331210191,0.591614906832298,0,0.607963246554365,0.426100628930818,0.598694942903752,0.542056074766355,0,0.00157977883096367,0.612277867528271,0.649762282091918,0.41588785046729,0.484652665589661,0.00313971742543171,0,0.624810892586989,0.437898089171975,0.575250836120401,0.571875,0.58868501529052,0.420647149460709,0.5875,0.626794258373206,0.633279483037157,0.470304975922953,0.409657320872274,0,0.439370078740157,0,0.572964669738863,0.357605177993528,0.58761329305136,0.421221864951768,0.593900481540931,0,0.624036979969183,0.617224880382775,0.569182389937107,0,0.608359133126935,0,0.589171974522293,0.584758942457232,0,0.59375,0.592948717948718,0.7376,0.603803486529319,0.4390625,0,0.588888888888889,0.525236593059937,0,0.65149136577708,0.398176291793313,0.403400309119011,0.587579617834395,0.583732057416268,0.588597842835131,0.616352201257862,0.602848101265823,0,0.589622641509434,0.0108024691358025,0.55,0.543613707165109,0.577639751552795,0.586921850079745,0.598746081504702,0.589147286821705,0.0327102803738318,0.423622047244094,0.587378640776699,0.59253499222395,0.645608628659476,0.574961360123648,0.603421461897356,0.605015673981191,0,0,0.576399394856278,0,0.479134466769706,0,0.60347551342812,0.529315960912052,0.590111642743222,0.48062015503876,0.618524332810047,0,0.460691823899371,0.573208722741433,0.583333333333333,0.622047244094488,0.571860816944024,0.542113323124043,0.516228748068006,0.733974358974359,0.3921875,0.471518987341772,0.589905362776025,0.53953488372093,0.672811059907834,0.402496099843994,0,0.408805031446541,0.517515923566879,0.584814216478191,0.572100313479624,0.517611026033691,0.665625,0.625194401244168,0.573820395738204,0.613636363636364,0.596184419713832,0.600649350649351,0.585055643879173,0.631329113924051,0.64375,0.578783151326053,0.413897280966767,0.406201550387597,0.636932707355243,0.00460829493087558,0.595679012345679,0.590979782270607,0,0.485436893203884,0,0.625978090766823,0,0.60093896713615,0.594976452119309,0.404024767801858,0.596214511041009,0.593508500772797,0.592948717948718,0.591549295774648,0.593650793650794,0,0,0.60495867768595,0.58433734939759,0.575193798449612,0,0,0.403815580286169,0.534775888717156,0.574803149606299,0,0.616224648985959,0,0.620192307692308,0.592063492063492,0.458730158730159,0.541795665634675,0,0.615136876006441,1,0.608832807570978,0.575153374233129,0.587774294670846,0.420062695924765,0.596774193548387,0.0456692913385827,0.589825119236884,0,0.593272171253823,0.00154798761609907,0.583732057416268,0.434022257551669,0.262738853503185,0,0,0.655063291139241,0.6120826709062,0.586314152410575,0.592933947772657,0.422664624808576,0.405705229793978,0.641838351822504,0.600600600600601,0,0.41838351822504,0.618670886075949,0,0.578947368421053,0.589861751152074,0.472527472527473,0.0235109717868339,0.413522012578616,0.579029733959311,0.594976452119309,0.495192307692308,0.492706645056726,0.460815047021944,0.646302250803859,0.451463790446841,0.589622641509434,0,0.623417721518987,0.58868501529052,0.00158982511923688,0,0.411854103343465,0,0.401263823064771,0.575899843505477,0.648387096774194,0.4128,0.41091492776886,0.6,0.591346153846154,0.607963246554365,0.029595015576324,0.407894736842105,0.0518638573743922,0.0172143974960876,0,0.349056603773585,0.401799100449775,0.421974522292994,0.442572741194487,0.402173913043478,0.0285714285714286,0.0325581395348837,0.421461897356143,0.018957345971564,0.00805152979066022,0.0346456692913386,0.0214395099540582,0.0324574961360124,0.426307448494453,0.0200617283950617,0.406199021207178,0.396825396825397,0.024232633279483,0.395569620253165,0.0409090909090909,0.405956112852665,0.414596273291925,0.400306748466258,0.42015503875969
"764",0.851097178683386,0.866666666666667,0.854517611026034,0.837320574162679,0.852327447833066,0.858064516129032,0.810344827586207,0.854714064914992,0.862385321100917,0,0.872611464968153,0,0.590909090909091,0.859424920127795,0.172093023255814,0.140866873065015,0,0.0156985871271586,0.864779874213837,0.854263565891473,0.274844720496894,0.158319870759289,0.865030674846626,0,0.835658914728682,0.335974643423138,0.222565687789799,0.851851851851852,0.569230769230769,0.651234567901235,0.130769230769231,0.666151468315301,0.766561514195584,0.382581648522551,0,0.859177215189873,0.0153609831029186,0.863496932515337,0.359398496240601,1,0.00156739811912226,0.0171339563862928,0.00773993808049536,0.869009584664537,0.7328,0.156050955414013,0.545166402535658,0.129746835443038,0.522935779816514,0.25920245398773,0,0.867807153965785,0.377708978328173,0.860248447204969,0.8046875,0.271844660194175,0,0.863207547169811,0.849693251533742,0.827160493827161,0.374233128834356,0.533026113671275,0.13166144200627,0,0.863123993558776,0.836702954898911,0,0.85377358490566,0,0.1328,0.762790697674419,0.135860979462875,0.15600624024961,0.872894333843798,0,0.724505327245053,0.177541729893778,0.644817073170732,0.812199036918138,0.349025974025974,0,0.668202764976959,0.304953560371517,0.865947611710324,0.241860465116279,0.827272727272727,0.860248447204969,0.841860465116279,0.835913312693498,0.0107692307692308,0.859872611464968,0.859541984732824,0,0,0.852380952380952,0,0.3796875,0.858914728682171,0.00930232558139535,0.0108527131782946,0.626356589147287,0,0.380655226209048,0.858695652173913,0.227692307692308,0.866028708133971,0.00943396226415094,0.859154929577465,0.130298273155416,0.137285491419657,0.137071651090343,0.82120253164557,0.401869158878505,0.871428571428571,0,0.857575757575758,0.673913043478261,0,0.13914373088685,0.361067503924647,0,0.771565495207668,0.352574102964119,0.205414012738854,0.844375963020031,0.2642089093702,0.870426829268293,0.875389408099688,0,0.58307210031348,0.830670926517572,0.629160063391442,0.853269537480064,0,0.855305466237942,0.140909090909091,0,0.32755905511811,0.627118644067797,0.563779527559055,0,0,0.854263565891473,0.76625386996904,0.28436018957346,0.866562009419152,0.141304347826087,0.830721003134796,0.459968602825746,0.856707317073171,0.258064516129032,0.862015503875969,0.859424920127795,0.758998435054773,0.852895148669797,0.134493670886076,0.85981308411215,0.132283464566929,0,0.792125984251968,0.786910197869102,0.875195007800312,0.142414860681115,0,0.868098159509202,0.516129032258065,0.863414634146341,0.865325077399381,0.855161787365177,0.384732824427481,0.841940532081377,0.150078988941548,0.835866261398176,0.138888888888889,0.806299212598425,0.411214953271028,0,0.859621451104101,0,0.798151001540832,0.858231707317073,0.246006389776358,0.856918238993711,0.837282780410742,0.862121212121212,0.883540372670807,0.216300940438871,0.43969465648855,0.821256038647343,0.839622641509434,0.180685358255452,0.127527216174184,0.85377358490566,0.778120184899846,0,0,0.39403453689168,0.00154559505409583,0.870570107858243,0.343122102009274,0.799357945425361,0.727549467275495,0.84779299847793,0.503961965134707,0.600609756097561,0.408653846153846,0.804724409448819,0.843354430379747,0.799072642967543,0,0.80564263322884,0.284126984126984,0.816745655608215,0.143302180685358,0.190258751902588,0.572555205047319,0.857142857142857,0.850609756097561,0.778471138845554,0.864823348694316,0.840062111801242,0,0.201550387596899,0.715170278637771,0.862559241706161,0,0.856269113149847,0.857357357357357,0.578199052132701,0.558139534883721,0.87797147385103,0.877221324717286,0.445324881141046,0,0.808801213960546,0.527301092043682,0.845047923322684,0.129230769230769,0.847094801223242,0.857589984350548,0.853582554517134,0.850539291217257,0.540880503144654,0.132283464566929,0.845911949685535,0.566615620214395,0.140740740740741,0.134036144578313,0.272727272727273,0.135514018691589,0.258481421647819,0.656534954407295,0.136503067484663,0.128325508607199,0.136434108527132,0.583460949464012,0.156451612903226,0.862341772151899,0.0110236220472441,0.130568356374808,0,0.331230283911672,0.873801916932907,0.858914728682171,0.801901743264659,0,0.786516853932584,0.854070660522273,0.650306748466258,0.580246913580247,0.489763779527559,0.631832797427653,0.0108695652173913,0.861198738170347,0.216174183514774,0.672552166934189,0.8453125,0.145736434108527,0.7109375,0.137071651090343,0.228527607361963,0.860816944024206,0.873990306946688,0.808176100628931,0,0.643185298621746,0.802180685358255,0,0.12788906009245,0.802450229709035,0.85243328100471,0,0.142194744976816,0.131375579598145,0.860353130016051,0.815457413249211,0.141065830721003,0,0.45226917057903,0.878357030015798,0.743076923076923,0.450236966824645,0.641627543035994,0.835658914728682,0.14937106918239,0.872894333843798,0.860282574568289,0.1390625,0.855813953488372,0.8546875,0.884858044164038,0.867078825347759,0.298136645962733,0.402756508422665,0.399375975039002,0.857364341085271,0.832802547770701,0.0417956656346749,0.401538461538462,0.847376788553259,0.25585023400936,0.432926829268293,0.865834633385335,0.867298578199052,0.851097178683386,0.744038155802862,0.876524390243902,0.385220125786164,0.848909657320872,0.861417322834646,0,0.407407407407407,0.567353407290016,0.150706436420722,0.0449612403100775,0.145038167938931,0.806451612903226,0.156202143950995,0.135514018691589,0,0.333333333333333,0.866352201257862,0.210280373831776,0.871961102106969,0.851097178683386,0.857142857142857,0.403481012658228,0.380191693290735,0.714953271028037,0.493527508090615,0,0.799689440993789,0.156060606060606,0.176744186046512,0.313664596273292,0.866352201257862,0.146153846153846,0,0.418604651162791,0.142419601837672,0.162460567823344,0.500782472613459,0.855572998430141,0.357371794871795,0.8688,0.885579937304075,0,0.86646884272997,0.13312693498452,0.861280487804878,0.796267496111975,0.876019575856444,0.144654088050314,0.87888198757764,0.128284389489954,1,0.692913385826772,0.877300613496933,0.863777089783282,0.871428571428571,0.402476780185758,0.853312302839117,0.862385321100917,0.140215716486903,0.155172413793103,0.867834394904459,0.860719874804382,0.373065015479876,1,0.849270664505673,0.849230769230769,0.859541984732824,0,0.229430379746835,0.86875,0.148031496062992,0,0.847244094488189,0.00952380952380952,0.16875,0.869565217391304,0.848909657320872,0.00470219435736677,0.626356589147287,0.46875,0.854632587859425,0.137380191693291,0.784688995215311,0.869218500797448,0.496050552922591,0.610769230769231,0.743076923076923,0,0.273584905660377,0.847003154574132,0.866251944012442,0.481308411214953,0.872274143302181,0.844517184942717,0.172684458398744,0.00157977883096367,0.859375,0.870514820592824,0.846875,0.719135802469136,0.139280125195618,0.779874213836478,0.309597523219814,0.273770491803279,0.00775193798449612,0.693163751987281,0.598145285935085,0.600313479623824,0,0.363636363636364,0.825,0.695517774343122,0.537735849056604,0.206015037593985,0,0,0.861861861861862,0.885369532428356,0,0.821981424148607,0.0110236220472441,0,0,0.867394695787831,0,0.867528271405493,0.719685039370079,0.549230769230769,0.863705972434916,0,0,0.857366771159875,0.856711915535445,0.7421875,0.131375579598145,0.00316455696202532,0.800918836140888,0.601851851851852,0.867394695787831,0.547945205479452,0.411023622047244,0,0.839813374805599,0.143548387096774,0.848,0.210110584518167,0,0.141122913505311,0.258373205741627,0.509708737864078,0.85202492211838,0,0.841538461538462,0.848297213622291,0.856049004594181,0,0.199044585987261,0.859477124183007,0.128617363344051,0.859567901234568,0.864823348694316,0.153965785381026,0.862928348909657,0.403697996918336,0.749211356466877,0.143302180685358,0.282504012841092,0.856918238993711,0.0094488188976378,0.140625,0.850381679389313,0.141945773524721,0.68370607028754,0.418096723868955,0,0.226917057902973,0.698872785829308,0.368421052631579,0.84984520123839,0.1375,0.25193199381762,0.616260162601626,0.829046898638427,0.80184331797235,0.844375963020031,0.763955342902711,0,0.865030674846626,0.141104294478528,0.869085173501577,0.468599033816425,0.13719512195122,0.869230769230769,0.870866141732283,0.860282574568289,0.625978090766823,0.856920684292379,0.2432,0.301587301587302,0.826291079812207,0.7900466562986,0,0,0.861198738170347,0.823529411764706,0.141955835962145,0.857371794871795,0.852895148669797,0.451162790697674,0.82475884244373,0.693522906793049,0.800307219662058,0,0.838862559241706,0.420221169036335,0.874603174603175,0.8609375,0,0.731554160125589,0.852848101265823,0.135220125786164,0.707547169811321,0.424336973478939,0.806259314456036,0.678740157480315,0.841628959276018,0.209408194233687,0.849514563106796,0.858895705521472,0.859375,0.387358184764992,0.195348837209302,0.857585139318885,0.868827160493827,0.0061633281972265,0.796610169491525,0.495297805642633,0.325115562403698,0.713166144200627,0.863636363636364,0.788643533123028,0.862015503875969,0.13030303030303,0.140575079872204,0,0.768633540372671,0.1287284144427,0.135646687697161,0.358934169278997,0,0.8609375,0.831562974203338,0.876755070202808,0.858015267175573,0.211690363349131,0.125198098256735,0,0,0.297297297297297,0.192429022082019,0.259083728278041,0,0.136645962732919,0.862442040185471,0.0625,0.387658227848101,0.8704,0.603715170278638,0.862341772151899,0.664615384615385,0.636636636636637,0,0.86232980332829,0.459842519685039,0.558917197452229,0.818456883509834,0.853211009174312,0.463452566096423,0.009375,0.84012539184953,0.840667678300455,0,0.846737481031866,0.154330708661417,0.867430441898527,0.596006144393241,0,0.00940438871473354,0.5625,0.77337559429477,0.135384615384615,0.227564102564103,0.0123839009287926,0.0016025641025641,0.6996996996997,0.134069400630915,0.86863711001642,0.393893129770992,0.85935085007728,0.127300613496933,0.451713395638629,0.395569620253165,0.771565495207668,0.206451612903226,0.138198757763975,0.00312989045383412,0.17329093799682,0,0.859111791730475,0.144012944983819,0.853252647503782,0.1359375,0.865414710485133,0,0.539634146341463,0.563981042654028,0.864779874213837,0,0.868501529051988,0,0.45016077170418,0.859567901234568,0,0.648318042813456,0.856697819314642,0.71585557299843,0.829888712241653,0.151468315301391,0,0.8578125,0.350931677018634,0,0.657407407407407,0.131736526946108,0.151001540832049,0.859872611464968,0.86053882725832,0.854489164086687,0.845181674565561,0.845786963434022,0,0.8801261829653,0.0216049382716049,0.42967542503864,0.348909657320872,0.869362363919129,0.855345911949686,0.859281437125748,0.85099846390169,0.0604651162790698,0.149765990639626,0.855987055016181,0.843797856049005,0.763440860215054,0.849230769230769,0.863914373088685,0.860896445131376,0,0,0.884730538922156,0,0.187692307692308,0,0.852713178294574,0.348460291734198,0.298412698412698,0.214953271028037,0.819905213270142,0,0.21978021978022,0.878930817610063,0.865443425076453,0.634796238244514,0.498502994011976,0.326347305389222,0.278688524590164,0.642633228840125,0.124031007751938,0.248062015503876,0.564465408805031,0.3984375,0.745736434108527,0.149068322981366,0,0.129485179407176,0.412420382165605,0.869774919614148,0.609034267912773,0.336391437308869,0.672868217054264,0.794117647058823,0.874809160305344,0.859872611464968,0.85214626391097,0.872037914691943,0.868378812199037,0.561430793157076,0.469325153374233,0.8703125,0.142208774583964,0.1321044546851,0.805031446540881,0.0106870229007634,0.874039938556068,0.861963190184049,0,0.226537216828479,0,0.842433697347894,0,0.8484375,0.867394695787831,0.136712749615975,0.757861635220126,0.879443585780526,0.63015873015873,0.628659476117103,0.795238095238095,0,0,0.830894308943089,0.831594634873323,0.865533230293663,0,0,0.129032258064516,0.374233128834356,0.66875,0,0.484227129337539,0,0.806349206349206,0.869634340222575,0.253543307086614,0.336405529953917,0,0.419303797468354,0.608832807570978,1,0.854103343465046,0.721538461538462,0.136363636363636,0.870192307692308,0.0279503105590062,0.861464968152866,0,0.869831546707504,0.00782472613458529,0.86741214057508,0.15615141955836,0.0883280757097792,0,0,0.773846153846154,0.836569579288026,0.826153846153846,0.732628398791541,0.163358778625954,0.143987341772152,0.753869969040248,0.749620637329287,0,0.143081761006289,0.841538461538462,0,0.869218500797448,0.85099846390169,0.196232339089482,0.0331230283911672,0.13312693498452,0.860681114551084,0.500789889415482,0.211598746081505,0.224522292993631,0.230529595015576,0.726550079491256,0.230769230769231,0.85511811023622,0,0.788976377952756,0.868827160493827,0.00471698113207547,0,0.138138138138138,0,0.13953488372093,0.860501567398119,0.695721077654517,0.140157480314961,0.132283464566929,0.580286168521463,0.84375,0.543913713405239,0.0424242424242424,0.130781499202552,0.0491283676703645,0.0187207488299532,0,0.134281200631912,0.132824427480916,0.148969889064976,0.144859813084112,0.13767019667171,0.0407523510971787,0.046583850931677,0.143302180685358,0.0186625194401244,0.00647249190938511,0.028391167192429,0.0217391304347826,0.0507692307692308,0.138801261829653,0.0187793427230047,0.13614262560778,0.134706814580032,0.0365659777424483,0.128325508607199,0.0272727272727273,0.138036809815951,0.160883280757098,0.148484848484848,0.142633228840125
"765",0.965732087227414,0.961948249619482,0.990977443609023,0.94006309148265,0.973561430793157,0.970172684458399,0.90795631825273,0.976887519260401,0.96390977443609,0,0.969230769230769,0,0.589147286821705,0.963779527559055,0.0738461538461539,0.0475460122699387,0,0.0123076923076923,0.961360123647604,0.948837209302326,0.187878787878788,0.0681458003169572,0.953030303030303,0,0.926605504587156,0.281538461538462,0.143504531722054,0.958990536277603,0.491778774289985,0.696646341463415,0.0349544072948328,0.702909647779479,0.779874213836478,0.323216995447648,0,0.964615384615385,0.0212765957446809,0.958904109589041,0.293768545994065,0.889728096676737,0.00155038759689922,0.0136363636363636,0.00302114803625378,0.962848297213622,0.80564263322884,0.0566037735849057,0.530326594090202,0.0290076335877863,0.500740740740741,0.162929745889387,0,0.961948249619482,0.303353658536585,0.961597542242704,0.902668759811617,0.185758513931889,0,0.93953488372093,0.965256797583082,0.904334828101644,0.336377473363775,0.442424242424242,0.0344827586206897,0,0.875,0.825688073394495,0,0.955792682926829,0,0.0321100917431193,0.844311377245509,0.0411585365853659,0.0506134969325153,0.966966966966967,0,0.727952167414051,0.0784313725490196,0.597907324364723,0.913446676970634,0.296416938110749,0,0.731117824773414,0.235649546827795,0.957639939485628,0.147640791476408,0.945701357466063,0.96319018404908,0.961715160796325,0.942161339421613,0.00748502994011976,0.959183673469388,0.959028831562974,0,0,0.948194662480377,0,0.328725038402458,0.953030303030303,0.00611620795107034,0.00615384615384615,0.637770897832817,0,0.323943661971831,0.965996908809892,0.146487294469357,0.96551724137931,0.00619195046439629,0.978395061728395,0.035548686244204,0.0426829268292683,0.0427480916030534,0.922137404580153,0.356269113149847,0.961715160796325,0,0.976923076923077,0.731707317073171,0,0.0367534456355283,0.2515625,0,0.774343122102009,0.276497695852535,0.113237639553429,0.958333333333333,0.183890577507599,0.960960960960961,0.965891472868217,0,0.560975609756098,0.9515625,0.502354788069074,0.958074534161491,0,0.96411856474259,0.0509745127436282,0,0.236476043276662,0.62888198757764,0.540157480314961,0,0,0.968036529680365,0.761467889908257,0.196261682242991,0.963076923076923,0.04,0.939024390243902,0.429477020602219,0.983606557377049,0.148499210110585,0.960365853658537,0.9640625,0.831091180866966,0.965098634294385,0.0333863275039746,0.964885496183206,0.0398773006134969,0,0.741486068111455,0.879464285714286,0.948406676783004,0.0562310030395137,0,0.962462462462462,0.478125,0.963375796178344,0.963525835866261,0.967065868263473,0.316187594553706,0.967791411042945,0.037037037037037,0.938345864661654,0.04,0.91640866873065,0.396024464831804,0,0.95565749235474,0,0.829754601226994,0.960426179604262,0.15541601255887,0.959752321981424,0.92530487804878,0.954209748892171,0.950151057401813,0.125188536953243,0.402402402402402,0.927786499215071,0.94392523364486,0.0895295902883156,0.0407239819004525,0.9734375,0.876899696048632,0,0,0.335394126738794,0.00154083204930663,0.959641255605381,0.281859070464768,0.892018779342723,0.743865030674847,0.974588938714499,0.445652173913043,0.45933734939759,0.322981366459627,0.901081916537867,0.933125972006221,0.8910741301059,0,0.863636363636364,0.208530805687204,0.935285053929122,0.0356037151702786,0.102564102564103,0.547692307692308,0.958778625954198,0.95952023988006,0.844961240310077,0.96594427244582,0.875,0,0.0984848484848485,0.671150971599402,0.959438377535101,0,0.959028831562974,0.982430453879941,0.560790273556231,0.572530864197531,0.955792682926829,0.963836477987421,0.393518518518519,0,0.905465288035451,0.549689440993789,0.996913580246914,0.0365853658536585,0.94311377245509,0.967084639498433,0.968133535660091,0.932411674347158,0.560422960725076,0.0368098159509202,0.993836671802773,0.551515151515152,0.0401785714285714,0.0359820089955022,0.221705426356589,0.0352220520673813,0.16796267496112,0.686186186186186,0.0329835082458771,0.0393343419062027,0.0431432973805855,0.597579425113464,0.0717628705148206,0.961890243902439,0.0062111801242236,0.0333839150227618,0,0.261275272161742,0.970266040688576,0.952234206471495,0.891402714932127,0,0.885758998435055,0.840909090909091,0.709480122324159,0.620743034055728,0.476190476190476,0.471228615863142,0.00757575757575758,0.962323390894819,0.124242424242424,0.706896551724138,0.996884735202492,0.0432766615146832,0.767477203647416,0.036697247706422,0.152337858220211,0.965722801788376,0.963081861958267,0.90795631825273,0,0.658646616541353,0.897674418604651,0,0.0331325301204819,0.917043740573152,0.979719188767551,0,0.0390977443609023,0.0316742081447964,0.9640625,0.889937106918239,0.0398089171974522,0,0.420890937019969,0.97191887675507,0.803625377643505,0.416158536585366,0.68895800933126,0.936651583710407,0.0401854714064915,0.961367013372957,0.963246554364472,0.0416666666666667,0.959028831562974,0.966101694915254,0.941823899371069,0.966360856269113,0.220700152207002,0.333333333333333,0.312404287901991,0.975346687211094,0.910798122065728,0.0506134969325153,0.285046728971963,0.978395061728395,0.183359013867488,0.318047337278107,0.974124809741248,0.963133640552995,0.963246554364472,0.7046875,0.964338781575037,0.264566929133858,0.995426829268293,0.95800933125972,0,0.34841628959276,0.583975346687211,0.0519083969465649,0.0485584218512898,0.0434131736526946,0.888888888888889,0.0668693009118541,0.0307692307692308,0,0.261398176291793,0.965571205007825,0.107142857142857,0.976,0.995334370139969,0.978125,0.314553990610329,0.323343848580442,0.678955453149002,0.478330658105939,0,0.819571865443425,0.0471841704718417,0.0668693009118541,0.236722306525038,0.967136150234742,0.0398162327718224,0,0.345565749235474,0.0438066465256798,0.0578125,0.488372093023256,0.9629057187017,0.317262830482115,0.961783439490446,0.934984520123839,0,0.969298245614035,0.031866464339909,0.965465465465465,0.83033033033033,0.965408805031447,0.0474006116207951,0.945371775417299,0.0325077399380805,0.867069486404834,0.7359375,0.921331316187595,0.980509745127436,0.966360856269113,0.317073170731707,0.93394777265745,0.964071856287425,0.0356612184249629,0.0493827160493827,0.96141975308642,0.961538461538462,0.349157733537519,0.863568215892054,0.944,0.94359756097561,0.964939024390244,0,0.154929577464789,0.957055214723926,0.0363636363636364,0,0.993808049535604,0.00796178343949045,0.0808709175738725,0.960426179604262,0.992319508448541,0.00462249614791988,0.650075414781297,0.437403400309119,0.967084639498433,0.0328125,0.85511811023622,0.960753532182104,0.390092879256966,0.614916286149163,0.814132104454685,0,0.18693009118541,0.984276729559748,0.96793893129771,0.470319634703196,0.96793893129771,0.949096880131363,0.0627871362940276,0.00153374233128834,0.963636363636364,0.96078431372549,0.953775038520801,0.698484848484848,0.0384024577572965,0.885093167701863,0.254185692541857,0.2128,0.00455235204855842,0.627511591962906,0.606758832565284,0.626323751891074,0,0.306962025316456,0.917933130699088,0.652503793626707,0.539050535987749,0.115384615384615,0,0,0.964653902798233,0.938897168405365,0,0.996913580246914,0.00470219435736677,0,0,0.962732919254658,0,0.9703125,0.783333333333333,0.539730134932534,0.960665658093797,0,0,0.961832061068702,0.9375,0.727272727272727,0.036144578313253,0.0015625,0.893871449925262,0.623672230652504,0.966767371601209,0.552193645990923,0.390432098765432,0,0.952743902439024,0.0394321766561514,0.976489028213166,0.113707165109034,0,0.0449775112443778,0.157164869029276,0.491283676703645,0.949230769230769,0,0.96875,0.957446808510638,0.968085106382979,0,0.10077519379845,0.902755267423015,0.0429252782193959,0.960606060606061,0.965671641791045,0.0379362670713202,0.963470319634703,0.324116743471582,0.820121951219512,0.0429447852760736,0.2,0.959814528593508,0.00617283950617284,0.0382848392036753,0.971342383107089,0.0408805031446541,0.66510172143975,0.410769230769231,0,0.140909090909091,0.737833594976452,0.287650602409639,0.95475113122172,0.0337423312883436,0.165402124430956,0.476114649681529,0.936267071320182,0.891402714932127,0.93953488372093,0.749221183800623,0,0.948328267477204,0.0345864661654135,0.931192660550459,0.427892234548336,0.0358208955223881,0.966917293233083,0.965678627145086,0.964615384615385,0.642414860681115,0.977029096477795,0.159937888198758,0.22360248447205,0.932203389830508,0.896499238964992,0,0,0.963949843260188,0.925233644859813,0.0485133020344288,0.969230769230769,0.966463414634146,0.401799100449775,0.966719492868463,0.734567901234568,0.903177004538578,0,0.947530864197531,0.368584758942457,0.964497041420118,0.963963963963964,0,0.651771956856703,0.99079754601227,0.0403100775193798,0.691244239631336,0.404615384615385,0.790490341753343,0.701996927803379,0.929098966026588,0.105812220566319,0.961119751166407,0.963800904977376,0.975903614457831,0.332283464566929,0.132621951219512,0.960606060606061,0.966966966966967,0.00750750750750751,0.786039453717754,0.472012102874433,0.296352583586626,0.780674846625767,0.964560862865948,0.864696734059098,0.959214501510574,0.139430284857571,0.0317965023847377,0,0.836641221374046,0.0403100775193798,0.0396341463414634,0.301223241590214,0,0.963133640552995,0.915902140672783,0.966514459665145,0.965045592705167,0.118279569892473,0.0382262996941896,0,0,0.202830188679245,0.110260336906585,0.181538461538462,0,0.036036036036036,0.962518740629685,0.0182926829268293,0.330757341576507,0.965571205007825,0.61236802413273,0.944272445820433,0.683812405446294,0.666163141993958,0,0.96301775147929,0.421705426356589,0.513097072419106,0.939485627836611,0.971514242878561,0.412213740458015,0.00762195121951219,0.958715596330275,0.960843373493976,0,0.943786982248521,0.0484848484848485,0.966346153846154,0.449848024316109,0,0.00763358778625954,0.536507936507936,0.861280487804878,0.0346907993966818,0.17515923566879,0.00772797527047913,0.0015625,0.758208955223881,0.0531914893617021,0.964968152866242,0.344879518072289,0.970149253731343,0.0358208955223881,0.405731523378582,0.34375,0.877551020408163,0.122641509433962,0.0393343419062027,0.00154083204930663,0.0795631825273011,0,0.967213114754098,0.0590062111801242,0.980654761904762,0.0427480916030534,0.961119751166407,0,0.533733133433283,0.469767441860465,0.960183767228178,0,0.966666666666667,0,0.41875,0.957703927492447,0,0.673252279635258,0.960061443932412,0.755038759689923,0.981042654028436,0.0629685157421289,0,0.961180124223602,0.291277258566978,0,0.69558599695586,0.037037037037037,0.0509745127436282,0.968992248062015,0.961538461538462,0.962235649546828,0.942635658914729,0.953416149068323,0,0.948091603053435,0.0166414523449319,0.382530120481928,0.318181818181818,0.957317073170732,0.953488372093023,0.958271236959762,0.952815829528158,0.054380664652568,0.0523882896764253,0.961844197138315,0.940639269406393,0.726315789473684,0.948091603053435,0.96577380952381,0.993874425727412,0,0,0.947136563876652,0,0.0920060331825038,0,0.968133535660091,0.30379746835443,0.222049689440994,0.147368421052632,0.90077519379845,0,0.135176651305684,0.963691376701967,0.966565349544073,0.663109756097561,0.439767779390421,0.248546511627907,0.207575757575758,0.654743390357698,0.0302114803625378,0.163884673748103,0.565950920245399,0.275808936825886,0.705438066465257,0.0474006116207951,0,0.0325581395348837,0.347826086956522,0.9629057187017,0.650306748466258,0.258394160583942,0.642638036809816,0.889561270801815,0.95045045045045,0.953343701399689,0.958990536277603,0.964230171073095,0.963691376701967,0.571212121212121,0.453576864535769,0.962790697674419,0.0386904761904762,0.043609022556391,0.884673748103187,0.00749625187406297,0.965875370919881,0.934250764525994,0,0.14488188976378,0,0.945454545454545,0,0.960843373493976,0.96583850931677,0.0315315315315315,0.838212634822804,0.96206373292868,0.669811320754717,0.625,0.895638629283489,0,0,0.925445705024311,0.982456140350877,0.972768532526475,0,0,0.0361635220125786,0.259701492537313,0.51840490797546,0,0.476190476190476,0,0.91588785046729,0.959814528593508,0.193798449612403,0.262368815592204,0,0.38006230529595,0.575153374233129,0.854103343465046,1,0.789877300613497,0.0383435582822086,0.975077881619938,0.0168711656441718,0.959119496855346,0,0.976366322008863,0.00458015267175573,0.964230171073095,0.0477657935285054,0.0326086956521739,0,0,0.831325301204819,0.899843505477308,0.946969696969697,0.726726726726727,0.0641791044776119,0.0469483568075117,0.821374045801527,0.825633383010432,0,0.0490045941807044,0.933962264150943,0,0.950078003120125,0.995461422087746,0.098310291858679,0.0335365853658537,0.0321592649310873,0.963525835866261,0.488299531981279,0.098310291858679,0.131455399061033,0.146341463414634,0.711356466876972,0.131147540983607,0.96417445482866,0,0.767692307692308,0.949479940564636,0.0015527950310559,0,0.0433482810164425,0,0.0417310664605873,0.963133640552995,0.706521739130435,0.0342146189735614,0.0386398763523957,0.56386292834891,0.965571205007825,0.457703927492447,0.0410334346504559,0.0316957210776545,0.05320813771518,0.018348623853211,0,0.0570107858243451,0.0432190760059613,0.0385208012326656,0.0516717325227964,0.0308641975308642,0.0392464678178964,0.0460122699386503,0.0506134969325153,0.0202492211838006,0.0031104199066874,0.0278207109737249,0.0255639097744361,0.0496240601503759,0.0445468509984639,0.0226928895612708,0.0345911949685535,0.046656298600311,0.034375,0.0413476263399694,0.0256024096385542,0.0354391371340524,0.0657492354740061,0.0443786982248521,0.0374414976599064
"766",0.77373417721519,0.773940345368917,0.790769230769231,0.805031446540881,0.780410742496051,0.7744,0.802839116719243,0.80188679245283,0.765696784073507,0,0.769953051643192,0,0.628659476117103,0.772655007949126,0.264385692068429,0.240683229813665,0,0.0124416796267496,0.771565495207668,0.7890625,0.372093023255814,0.258675078864353,0.761467889908257,0,0.7782874617737,0.409235668789809,0.314465408805031,0.773524720893142,0.588325652841782,0.69969040247678,0.224299065420561,0.742236024844721,0.742496050552923,0.43613707165109,0,0.769706336939722,0.0168195718654434,0.770061728395062,0.484210526315789,0.743119266055046,0.00158227848101266,0.0107361963190184,0.00461538461538462,0.764890282131661,0.782113821138211,0.249216300940439,0.549606299212598,0.211356466876972,0.599393019726859,0.350689127105666,0,0.773082942097027,0.458528951486698,0.7640625,0.811410459587956,0.368421052631579,0,0.764331210191083,0.792307692307692,0.797839506172839,0.4296875,0.562305295950156,0.22662440570523,0,0.747980613893376,0.733644859813084,0,0.772727272727273,0,0.231746031746032,0.7339593114241,0.228971962616822,0.244131455399061,0.778120184899846,0,0.73780487804878,0.26905132192846,0.627300613496933,0.807874015748032,0.44991789819376,0,0.778120184899846,0.406106870229008,0.768160741885626,0.326018808777429,0.807395993836672,0.76791277258567,0.796296296296296,0.758513931888545,0.00308166409861325,0.762282091917591,0.774494556765163,0,0,0.78743961352657,0,0.513219284603421,0.767080745341615,0.00463678516228748,0.0063391442155309,0.768388106416275,0,0.511773940345369,0.77007874015748,0.319571865443425,0.7648,0.00473186119873817,0.801550387596899,0.227488151658768,0.232339089481947,0.231481481481481,0.807874015748032,0.485271317829457,0.76049766718507,0,0.793157076205288,0.776744186046512,0,0.224111282843895,0.423197492163009,0,0.746875,0.475667189952904,0.289855072463768,0.783410138248848,0.355384615384615,0.775729646697389,0.774343122102009,0,0.716257668711656,0.801574803149606,0.575757575757576,0.775351014040562,0,0.7728,0.241691842900302,0,0.441971383147854,0.618670886075949,0.694753577106518,0,0,0.796875,0.735849056603774,0.364207221350078,0.775193798449612,0.21996879875195,0.829192546583851,0.531001589825119,0.788343558282209,0.362916006339144,0.769716088328076,0.7648,0.736842105263158,0.772797527047913,0.216,0.782472613458529,0.241324921135647,0,0.717703349282297,0.788432267884323,0.765527950310559,0.245398773006135,0,0.772445820433437,0.5952,0.766025641025641,0.777434312210201,0.768645357686454,0.423728813559322,0.775351014040562,0.232339089481947,0.757942511346445,0.231003039513678,0.79585326953748,0.4953125,0,0.765527950310559,0,0.717425431711146,0.771384136858476,0.323717948717949,0.778471138845554,0.786936236391913,0.769687964338782,0.774045801526718,0.32348367029549,0.505426356589147,0.798092209856916,0.787735849056604,0.279251170046802,0.23208722741433,0.775316455696203,0.804347826086957,0,0,0.534920634920635,0.00153846153846154,0.773211567732116,0.428351309707242,0.814173228346457,0.695384615384615,0.781874039938556,0.659777424483307,0.541795665634675,0.511111111111111,0.741269841269841,0.762578616352201,0.786585365853659,0,0.746875,0.395161290322581,0.791068580542265,0.221350078492936,0.290273556231003,0.725429017160686,0.791021671826625,0.776595744680851,0.767801857585139,0.773643410852713,0.7625,0,0.281972265023112,0.690402476780186,0.772230889235569,0,0.766355140186916,0.779610194902549,0.731481481481482,0.59472049689441,0.779527559055118,0.782608695652174,0.577952755905512,0,0.793261868300153,0.615384615384615,0.796116504854369,0.229329173166927,0.761904761904762,0.775157232704403,0.774143302180685,0.779014308426073,0.614551083591331,0.237717908082409,0.808846761453397,0.561430793157076,0.220543806646526,0.233231707317073,0.369327073552426,0.225552050473186,0.382539682539683,0.900459418070444,0.224299065420561,0.231726283048211,0.238390092879257,0.794478527607362,0.256451612903226,0.786163522012579,0.00479233226837061,0.214618973561431,0,0.44620253164557,0.782193958664547,0.780063291139241,0.765990639625585,0,0.792270531400966,0.729357798165138,0.741835147744946,0.66046511627907,0.55,0.54066985645933,0.00615384615384615,0.77373417721519,0.32312404287902,0.760064412238325,0.797488226059655,0.234930448222566,0.756630265210608,0.235202492211838,0.341049382716049,0.773556231003039,0.767366720516963,0.815047021943574,0,0.791344667697063,0.809968847352025,0,0.23125,0.812883435582822,0.79746835443038,0,0.223088923556942,0.219325153374233,0.780952380952381,0.797169811320755,0.222044728434505,0,0.583076923076923,0.784126984126984,0.979938271604938,0.520376175548589,0.741433021806854,0.775038520801233,0.226708074534162,0.772657450076805,0.763157894736842,0.229067930489731,0.78021978021978,0.768867924528302,0.769230769230769,0.778637770897833,0.382215288611544,0.50386398763524,0.509433962264151,0.788401253918495,0.77491961414791,0.0356589147286822,0.431034482758621,0.792511700468019,0.329704510108865,0.466767371601208,0.791344667697063,0.782472613458529,0.781395348837209,0.727564102564103,0.763803680981595,0.427001569858713,0.811912225705329,0.772655007949126,0,0.503828483920367,0.702702702702703,0.231726283048211,0.0338461538461538,0.238670694864048,0.775351014040562,0.233024691358025,0.234009360374415,0,0.418897637795276,0.784810126582278,0.287267080745342,0.787337662337662,0.807098765432099,0.782270606531882,0.497607655502392,0.502384737678855,0.680555555555556,0.55877616747182,0,0.721439749608764,0.223241590214067,0.254573170731707,0.426380368098159,0.778471138845554,0.227987421383648,0,0.525345622119816,0.228878648233487,0.233908948194662,0.585669781931464,0.761526232114467,0.438985736925515,0.768729641693811,0.758620689655172,0,0.784546805349183,0.222052067381317,0.783950617283951,0.744976816074189,0.786991869918699,0.240249609984399,0.779635258358663,0.224648985959438,0.748822605965463,0.750793650793651,0.765696784073507,0.797169811320755,0.767660910518053,0.509287925696594,0.768867924528302,0.76355421686747,0.229135053110774,0.2359375,0.771653543307087,0.777602523659306,0.476923076923077,0.731132075471698,0.772292993630573,0.770186335403727,0.768645357686454,0,0.322006472491909,0.782071097372488,0.229199372056515,0,0.797448165869219,0.00637958532695375,0.269716088328076,0.780487804878049,0.8015625,0.00316455696202532,0.778649921507064,0.514913657770801,0.792063492063492,0.219869706840391,0.744783306581059,0.766192733017378,0.514150943396226,0.75968992248062,0.818466353677621,0,0.38801261829653,0.798092209856916,0.778996865203762,0.536585365853659,0.773291925465838,0.742148760330579,0.244992295839753,0,0.774844720496894,0.768388106416275,0.791862284820031,0.691717791411043,0.236677115987461,0.805687203791469,0.41588785046729,0.388609715242881,0.0031201248049922,0.642745709828393,0.667192429022082,0.697819314641745,0,0.443017656500803,0.790625,0.652777777777778,0.609907120743034,0.296686746987952,0,0,0.769924812030075,0.75,0,0.821705426356589,0.00159235668789809,0,0,0.775351014040562,0,0.788709677419355,0.812111801242236,0.716030534351145,0.770642201834862,0,0,0.769470404984424,0.788343558282209,0.738724727838258,0.223765432098765,0,0.812785388127854,0.747286821705426,0.784591194968553,0.580645161290323,0.505582137161085,0,0.771251931993818,0.22275641025641,0.817749603803486,0.292527821939587,0,0.237951807228916,0.340625,0.533117932148627,0.763076923076923,0,0.816793893129771,0.777434312210201,0.765432098765432,0,0.288188976377953,0.73538961038961,0.236714975845411,0.772519083969466,0.769585253456221,0.234836702954899,0.758566978193146,0.51937984496124,0.752351097178683,0.250388802488336,0.410543130990415,0.781733746130031,0.003125,0.243369734789392,0.800627943485086,0.233704292527822,0.695238095238095,0.534072900158479,0,0.335394126738794,0.717495987158908,0.476489028213166,0.777777777777778,0.223787167449139,0.340557275541796,0.527638190954774,0.791540785498489,0.786585365853659,0.781591263650546,0.712264150943396,0,0.775038520801233,0.227202472952087,0.740566037735849,0.594202898550725,0.226646248085758,0.764797507788162,0.781990521327014,0.7765625,0.621875,0.781109445277361,0.362776025236593,0.419303797468354,0.774294670846395,0.80811232449298,0,0,0.766192733017378,0.776190476190476,0.238170347003155,0.79179810725552,0.774960380348653,0.600313479623824,0.814173228346457,0.753554502369668,0.800307219662058,0,0.795069337442219,0.543171114599686,0.778996865203762,0.759811616954474,0,0.686614173228347,0.783094098883573,0.228971962616822,0.698717948717949,0.509404388714734,0.734421364985163,0.740506329113924,0.760606060606061,0.301369863013699,0.772727272727273,0.787365177195686,0.773993808049536,0.515873015873016,0.299373040752351,0.778481012658228,0.778816199376947,0.00462249614791988,0.749221183800623,0.565015479876161,0.4375,0.807874015748032,0.763779527559055,0.755070202808112,0.764797507788162,0.166153846153846,0.229903536977492,0,0.769592476489028,0.233542319749216,0.2171875,0.447530864197531,0,0.796296296296296,0.774143302180685,0.7625,0.780525502318393,0.303125,0.23943661971831,0,0,0.391373801916933,0.282334384858044,0.353503184713376,0,0.216848673946958,0.762996941896025,0.105100463678516,0.526813880126183,0.776190476190476,0.757097791798107,0.760629921259843,0.713414634146341,0.719568567026194,0,0.769461077844311,0.6109375,0.70125786163522,0.806060606060606,0.777947932618683,0.552959501557632,0.0046801872074883,0.809672386895476,0.800613496932515,0,0.770167427701674,0.236024844720497,0.785365853658537,0.54601226993865,0,0.0031055900621118,0.724306688417618,0.851097178683386,0.232919254658385,0.3408,0.00464396284829721,0.00158730158730159,0.698198198198198,0.242088607594937,0.777414075286416,0.475384615384615,0.791090629800307,0.23583460949464,0.493827160493827,0.443217665615142,0.804761904761905,0.322632423756019,0.240061162079511,0.00155763239875389,0.25314465408805,0,0.775075987841945,0.225239616613419,0.78517397881997,0.223809523809524,0.782884310618067,0,0.580495356037152,0.567233384853168,0.772307692307692,0,0.77947932618683,0,0.54066985645933,0.78,0,0.785604900459418,0.793427230046948,0.676236044657097,0.805732484076433,0.258751902587519,0,0.769706336939722,0.422291993720565,0,0.737248840803709,0.221719457013575,0.242009132420091,0.77511961722488,0.767145135566188,0.767228177641654,0.762870514820593,0.774294670846395,0,0.764430577223089,0.0108695652173913,0.557603686635945,0.446875,0.783206106870229,0.755905511811024,0.777945619335347,0.7782874617737,0.0660522273425499,0.247663551401869,0.780687397708674,0.781874039938556,0.708978328173375,0.773148148148148,0.778801843317972,0.789719626168224,0,0,0.763473053892216,0,0.282642089093702,0,0.799058084772371,0.433811802232855,0.390599675850891,0.341049382716049,0.752365930599369,0,0.322734499205087,0.766823161189358,0.784829721362229,0.712074303405573,0.639517345399698,0.394259818731118,0.368263473053892,0.626771653543307,0.223950233281493,0.309597523219814,0.7578125,0.425196850393701,0.697108066971081,0.233281493001555,0,0.2171875,0.53343949044586,0.779552715654952,0.724458204334365,0.463963963963964,0.654743390357698,0.808868501529052,0.762345679012346,0.796445880452342,0.778481012658228,0.782608695652174,0.780410742496051,0.618296529968454,0.557251908396947,0.78391167192429,0.230652503793627,0.224085365853659,0.788976377952756,0.00617283950617284,0.770167427701674,0.741691842900302,0,0.334394904458599,0,0.785266457680251,0,0.791601866251944,0.772797527047913,0.228043143297381,0.76056338028169,0.761102603369066,0.871382636655949,0.911214953271028,0.808176100628931,0,0,0.777235772357724,0.824587706146927,0.776744186046512,0,0,0.240322580645161,0.411229135053111,0.561815336463224,0,0.567651632970451,0,0.776357827476038,0.781591263650546,0.359055118110236,0.422664624808576,0,0.483412322274882,0.587774294670846,0.721538461538462,0.789877300613497,1,0.221518987341772,0.787096774193548,0.0327102803738318,0.774244833068362,0,0.77947932618683,0.00311526479750779,0.766773162939297,0.240566037735849,0.15987460815047,0,0,0.76271186440678,0.754414125200642,0.805255023183926,0.69969512195122,0.250381679389313,0.2328125,0.730529595015576,0.717325227963526,0,0.240566037735849,0.769470404984424,0,0.761146496815287,0.808936825885978,0.2703125,0.01875,0.22015503875969,0.770769230769231,0.557324840764331,0.282608695652174,0.304897314375987,0.326186830015314,0.712903225806452,0.308396946564885,0.785714285714286,0,0.738170347003155,0.757668711656442,0.00156985871271586,0,0.230075187969925,0,0.231726283048211,0.76625386996904,0.702229299363057,0.227848101265823,0.223454833597464,0.735340729001585,0.789391575663027,0.563076923076923,0.0338461538461538,0.235483870967742,0.0528,0.0215716486902928,0,0.224842767295597,0.233433734939759,0.22432859399684,0.23394495412844,0.218125960061444,0.0300632911392405,0.0342679127725857,0.23186119873817,0.021875,0.00797448165869218,0.0329153605015674,0.0243531202435312,0.0336906584992343,0.242612752721617,0.0249609984399376,0.214516129032258,0.230529595015576,0.0287081339712919,0.230046948356808,0.0383435582822086,0.229329173166927,0.232704402515723,0.230421686746988,0.214733542319749
"767",0.00319488817891374,0,0.0263565891472868,0.064,0.0142630744849445,0,0.0956112852664577,0.02660406885759,0,0,0,0,0.438485804416404,0,0.963665086887836,0.990580847723705,0,0.00157728706624606,0.00319488817891374,0.0169230769230769,0.85625,0.966019417475728,0.0108864696734059,0,0.0473933649289099,0.755868544600939,0.89937106918239,0.0095389507154213,0.536098310291859,0.304347826086957,1,0.328660436137072,0.240829346092504,0.720247295208655,0,0,0.0046801872074883,0.00306278713629403,0.748858447488584,0.0939907550077042,0,0,0,0,0.225961538461538,0.979299363057325,0.494488188976378,1,0.54337899543379,0.869499241274659,0,0.00784929356357928,0.736434108527132,0,0.103668261562998,0.84384858044164,0,0.0239234449760766,0.0352220520673813,0.0998463901689708,0.710485133020344,0.565625,1,0,0.0951612903225806,0.1859375,0,0.0110759493670886,0,1,0.151840490797546,0.996904024767802,0.985714285714286,0,0,0.295384615384615,0.96,0.433641975308642,0.101449275362319,0.746268656716418,0,0.309230769230769,0.795107033639144,0.00153846153846154,0.88871473354232,0.0978260869565217,0.00464396284829721,0.0309597523219814,0.0279937791601866,0,0.0125984251968504,0,0,0,0.0252764612954186,0,0.693498452012384,0.0188976377952756,0,0,0.378548895899054,0,0.727272727272727,0,0.90273556231003,0,0,0.0200927357032458,1,0.993759750390016,0.993769470404984,0.0752351097178683,0.672413793103448,0.00626959247648903,0,0.0124416796267496,0.306603773584906,0,1,0.764521193092622,0,0.242236024844721,0.761609907120743,0.926163723916533,0.0294117647058824,0.855403348554033,0.00154559505409583,0.00463678516228748,0,0.455974842767296,0.0665610142630745,0.506389776357827,0.0111287758346582,0,0.00321027287319422,0.976923076923077,0,0.807936507936508,0.378548895899054,0.477272727272727,0,0,0.0203761755485893,0.251968503937008,0.836248012718601,0,0.992236024844721,0.0794392523364486,0.596491228070175,0.0151057401812689,0.872785829307568,0.0141065830721003,0,0.15968992248062,0.00464396284829721,1,0,1,0,0.276629570747218,0.126911314984709,0.01875,0.98159509202454,0,0,0.55877616747182,0,0,0,0.729102167182663,0.02,1,0.0487062404870624,1,0.0962145110410095,0.643192488262911,0,0.0172143974960876,0,0.157076205287714,0,0.875404530744337,0.0157977883096366,0.0499219968798752,0.0075187969924812,0.0232198142414861,0.901869158878505,0.627871362940276,0.0784313725490196,0.0571428571428571,0.946456692913386,0.993710691823899,0.0156494522691706,0.124804992199688,0,0,0.716828478964401,0,0,0.749611197511664,0.108108108108108,0.25115562403698,0.0076103500761035,0.579439252336449,0.556923076923077,0.722662440570523,0.078003120124805,0.0298273155416013,0.11993769470405,0,0.122291021671827,0.833602584814216,0.0629032258064516,1,0.937404580152672,0.459119496855346,0.0171875,0.0201238390092879,0.179968701095462,0.0015527950310559,0.10989010989011,0,0.930340557275542,0.347352024922118,0.00477707006369427,0,0.00775193798449612,0.0198776758409786,0.444790046656299,0.460093896713615,0.009375,0,0.633385335413417,0,0.1015625,0.496025437201908,0.0257648953301127,1,0.0446841294298921,0,0,0.0520504731861199,0.470679012345679,0.998417721518987,0.02660406885759,0.471228615863142,0.995454545454545,0.998461538461539,0.816901408450704,1,0.86677367576244,0.33179012345679,1,0.9953125,0.990595611285266,0.419452887537994,0.971153846153846,0.0187207488299532,0,1,0,0.777080062794348,0,0.0249609984399376,0.101880877742947,0,0.128205128205128,0.138461538461538,0.330232558139535,0.422291993720565,0.555382215288612,0.541732283464567,0,0,0.908950617283951,0.305418719211823,0.0410742496050553,0.98613251155624,0.243034055727554,0.998442367601246,0.879815100154083,0,0,0.0965189873417722,0,0.354294478527607,0.100638977635783,0,1,0.0903522205206738,0.0174050632911392,0,1,0.998456790123457,0.0142405063291139,0.12280701754386,1,0,0.611197511664075,0.00777604976671851,0.211246200607903,0.616923076923077,0.337042925278219,0.0380517503805175,0.990697674418605,0,0,0.992175273865415,0.0361635220125786,0,0.0258899676375405,0.0015625,0.816164817749604,0.697819314641745,0.72952086553323,0.0190779014308426,0.0573770491803279,0,0.736925515055468,0.0250391236306729,0.8546875,0.69558599695586,0.0046801872074883,0.00319488817891374,0.0308641975308642,0.314696485623003,0.00306278713629403,0.756369426751592,0.0369230769230769,0.00316455696202532,0,0.681538461538462,0.456112852664577,0.9858934169279,0,0.99537750385208,0.0888208269525268,0.976708074534162,1,0,0.77115987460815,0.00782472613458529,0.926905132192846,0.0146103896103896,0.028169014084507,0.0125786163522013,0.735109717868339,0.729032258064516,0.340062111801242,0.550161812297735,0,0.188767550702028,0.989296636085627,0.961360123647604,0.813479623824451,0,0.998417721518987,0,0.685847589424572,0.989113530326594,0.977671451355662,0.529780564263323,0,0.7296,0,0.0317965023847377,0,0.00757575757575758,1,0.00154083204930663,0.179566563467492,0,0.987519500780031,0.0231124807395994,1,0.113385826771654,0.291935483870968,0.0521472392638037,0.0125588697017268,0,0.714946070878274,0.0393081761006289,0,1,0.978527607361963,0,0,0.690251572327044,0.109737248840804,0.0355411954765751,0.0481366459627329,0,0,0.894321766561514,0,0.9984375,0,0.0321027287319422,0,0.954186413902054,0,0.0327613104524181,0,0.363067292644757,0.593406593406593,0.0144,0.998402555910543,0.130573248407643,0.00158478605388273,0.622848200312989,0.396899224806202,0.214511041009464,0,0.8515625,0.0225442834138486,0.00155763239875389,0.566246056782334,0,0.0297520661157025,0.965891472868217,0,0.013953488372093,0.00475435816164818,0.0475435816164818,0.325581395348837,0.993620414673046,0.132911392405063,0.761829652996845,0.817578772802653,0,0.39968152866242,0.403508771929825,0.408450704225352,0,0.72258064516129,0.0819165378670788,0.37403400309119,0.496951219512195,0.927083333333333,0,0,0,0.0244648318042813,0,0.0825545171339564,0,0,0,0,0,0,0.218210361067504,0.47758887171561,0,0,0,0.00784929356357928,0.0333333333333333,0.295902883156297,1,0,0.102564102564103,0.408385093167702,0,0.472783825816485,0.662460567823344,0,0.0186046511627907,1,0.0448,0.905660377358491,0,0.990895295902883,0.887301587301587,0.513866231647635,0.0262751159196291,0,0.0490045941807044,0.021875,0,0,0.924290220820189,0.0706075533661741,0.996726677577741,0,0,0.993759750390016,0,0.72239263803681,0.185243328100471,0.990384615384615,0.8464,0.0423197492163009,0,1,0.0218068535825545,0.993670886075949,0.353968253968254,0.621069182389937,0,0.892355694227769,0.2656,0.758241758241758,0.0187207488299532,1,0.857142857142857,0.538211382113821,0.0585516178736518,0.115919629057187,0.0404354587869362,0.262321144674086,0,0.0187207488299532,1,0.0326594090202177,0.621621621621622,1,0,0,0,0.377179080824089,0.0139318885448916,0.876947040498442,0.8208,0.0505529225908373,0.108527131782946,0,0,0.0096,0.0672,0.985759493670886,0.0108695652173913,0.00625,0.642414860681115,0.0670926517571885,0.286168521462639,0.0952380952380952,0,0.0294573643410853,0.656786271450858,0,0.0015600624024961,0,0.37245696400626,0.0256821829855538,1,0.315541601255887,0.637795275590551,0.205705705705706,0.31924882629108,0.0478325859491779,0.917808219178082,0.0111821086261981,0,0.0218408736349454,0.703403565640194,0.884914463452566,0.00923076923076923,0,0,0.234567901234568,0.553654743390358,0.741140215716487,0.238244514106583,0,0.120253164556962,0,0.109756097560976,1,0,0.181959564541213,0.998452012383901,1,0.7339593114241,0,0.00940438871473354,0.0844854070660522,0.00158227848101266,0.00303030303030303,0.90952380952381,1,0,0,0.832550860719875,0.924646781789639,0.844197138314785,0,1,0,0.418856259659969,0.717908082408875,0,0.401550387596899,0.0267295597484277,0.354587869362364,0.372519083969466,0,0,0.610675039246468,0.509463722397476,0.0687022900763359,0.00914634146341463,0.624413145539906,0,0.045958795562599,0.0405616224648986,0,0.031866464339909,0.984301412872841,0.0128824476650564,0.565015479876161,0,0,0.484451718494272,0.164817749603803,1,0.869291338582677,0,0,0.264840182648402,0.980891719745223,0,0.684532924961715,0.00612557427258806,1,0.640432098765432,0.681962025316456,0.1184,0.909983633387889,0.995384615384615,0,0.963722397476341,0,0.00460829493087558,0.818032786885246,0.0185185185185185,0.995268138801262,0,0,0.490015360983103,0.550239234449761,0,0,0.00154083204930663,0,0.618506493506494,0.0107692307692308,0,0.331297709923664,0.015600624024961,0.27172195892575,0.0518638573743922,0.962790697674419,0,0,0.743221690590112,0,0.332298136645963,1,0.983024691358025,0,0,0.00766871165644172,0.023696682464455,0.0159744408945687,0,0.0234375,0,0.642313546423135,0.723926380368098,0.00778816199376947,0.00625,0.00460829493087558,0.00771604938271605,0.0250783699059561,0.988941548183254,0.0147058823529412,0.0444104134762634,0.290824261275272,0.0186915887850467,0,0.0218408736349454,0,0,0.018018018018018,0,0.937888198757764,0.00159235668789809,0.0481366459627329,0.720893141945773,0.798722044728435,0.881172839506173,0.0726698262243286,0.00156494522691706,0.902973395931142,0,0,0.373626373626374,0.581325301204819,0.797276853252648,0.824427480916031,0.366352201257862,1,0.88125,0.460093896713615,0.742088607594937,0.306501547987616,0.99211356466877,0,1,0.681672025723473,0,0.355799373040752,0.7821482602118,0.38863287250384,0.119266055045872,0.0106707317073171,0.0391517128874388,0.0207667731629393,0,0.0016,0.463836477987421,0.576923076923077,0.0015552099533437,0.995481927710843,0.98936170212766,0.12792511700468,0,0,0.029320987654321,0,0.892857142857143,0,0.0533751962323391,0,0.0234009360374415,0,0.993788819875776,0.15251572327044,0,0.339116719242902,0.376360808709176,0.108490566037736,0,0,0.0721311475409836,0.0597907324364723,0.00923076923076923,0,0,1,0.76840490797546,0.488151658767773,0,0.55868544600939,0,0.0806962025316456,0,0.813099041533546,0.769349845201238,0,0.666666666666667,0.420062695924765,0.136363636363636,0.0383435582822086,0.221518987341772,1,0.00961538461538462,0.0829346092503987,0,0,0.0138674884437596,0,0,0.980830670926518,0.621019108280255,0,0,0.174382716049383,0.0733652312599681,0.047040971168437,0.284403669724771,0.975609756097561,0.993690851735016,0.17984496124031,0.160849772382398,0,0.984472049689441,0.0330188679245283,0,0.0126582278481013,0.040625,0.937402190923318,0,0.998420221169036,0,0.544871794871795,0.925632911392405,0.9008,0.889763779527559,0.320512820512821,0.905718701700155,0,0,0.255520504731861,0.0186335403726708,0,0,1,0,1,0,0.2864,1,1,0.453821656050955,0.0375,0.575235109717868,0,1,0.0495207667731629,0.00775193798449612,0,0.812199036918138,0.99537750385208,1,0.984615384615385,1,0,0,0.989130434782609,0.00623052959501558,0.00316455696202532,0.0295031055900621,0.0062015503875969,0,0.995283018867924,0.0124031007751938,1,0.996875,0,0.996870109546166,0.0510046367851623,1,0.917701863354037,1,1
"768",0.991816693944354,0.987179487179487,0.981366459627329,0.947540983606557,0.993399339933993,0.98858075040783,0.898692810457516,0.985436893203884,0.988871224165342,0,0.987281399046105,0,0.589257503949447,0.988599348534202,0.0550161812297735,0.0208667736757624,0,0.016260162601626,0.991869918699187,0.974643423137876,0.17515923566879,0.0464344941956882,0.9796875,0,0.9456,0.26517571884984,0.1136,0.978930307941653,0.478056426332288,0.693910256410256,0.0110935023771791,0.705977382875606,0.788685524126456,0.285024154589372,0,0.991935483870968,0.0206677265500795,0.980952380952381,0.276234567901235,0.905660377358491,0.00161030595813205,0.0176565008025682,0.00632911392405063,0.985294117647059,0.781758957654723,0.0360655737704918,0.52572347266881,0.0127388535031847,0.490536277602524,0.14018691588785,0,0.986928104575163,0.280388978930308,0.987096774193548,0.888704318936877,0.177133655394525,0,0.959083469721768,0.963317384370016,0.92443729903537,0.288643533123028,0.441786283891547,0.00813008130081301,0,0.905073649754501,0.831746031746032,0,0.977564102564103,0,0.00980392156862745,0.858044164037855,0.0175718849840256,0.032258064516129,0.987460815047022,0,0.72884012539185,0.0540540540540541,0.582539682539683,0.918604651162791,0.286926994906621,0,0.723101265822785,0.225039619651347,0.987261146496815,0.123003194888179,0.915064102564103,0.984051036682616,0.971518987341772,0.963258785942492,0.0111642743221691,0.983792544570502,0.985759493670886,0,0,0.967105263157895,0,0.308306709265176,0.980861244019139,0.00625,0.00811688311688312,0.630225080385852,0,0.295638126009693,0.990353697749196,0.107981220657277,0.99009900990099,0.00966183574879227,0.983870967741935,0.0113636363636364,0.0176565008025682,0.019047619047619,0.908064516129032,0.34910277324633,0.982484076433121,0,0.995260663507109,0.728896103896104,0,0.0142630744849445,0.229534510433387,0,0.79126213592233,0.256,0.0840197693574959,0.977382875605816,0.150554675118859,0.987341772151899,0.9888,0,0.55591054313099,0.94524959742351,0.480519480519481,0.978998384491115,0,0.983579638752053,0.037914691943128,0,0.217741935483871,0.640322580645161,0.528830313014827,0,0,0.988993710691824,0.773311897106109,0.178807947019868,0.9872,0.0176848874598071,0.93603744149766,0.425986842105263,0.985736925515055,0.148692810457516,0.980861244019139,0.990243902439024,0.849445324881141,0.988782051282051,0.00649350649350649,0.987341772151899,0.0145631067961165,0,0.754071661237785,0.883359253499222,0.977707006369427,0.0317460317460317,0,0.992101105845182,0.471854304635762,0.988448844884488,0.987261146496815,0.9904,0.292913385826772,0.9888,0.00975609756097561,0.968944099378882,0.0109034267912773,0.917874396135266,0.386837881219904,0,0.9808,0,0.848242811501597,0.987179487179487,0.13237639553429,0.990521327014218,0.947452229299363,0.98145285935085,0.974763406940063,0.104928457869634,0.387658227848101,0.934533551554828,0.943894389438944,0.0700636942675159,0.0173775671406003,0.988524590163934,0.872239747634069,0,0,0.317512274959083,0.00160513643659711,0.989180834621329,0.263406940063092,0.886547811993517,0.764612954186414,0.993710691823899,0.4446227929374,0.432859399684044,0.310618066561014,0.928687196110211,0.963993453355156,0.896988906497623,0,0.879120879120879,0.186046511627907,0.958745874587459,0.0144927536231884,0.0794912559618442,0.55,0.973015873015873,0.993680884676145,0.856459330143541,0.990445859872611,0.893030794165316,0,0.0854838709677419,0.667716535433071,0.985365853658537,0,0.982758620689655,0.988924050632911,0.564516129032258,0.564019448946515,0.97741935483871,0.985221674876847,0.37459807073955,0,0.900311526479751,0.544861337683524,0.97875816993464,0.0113085621970921,0.96551724137931,0.990275526742301,0.987381703470032,0.945072697899838,0.538950715421304,0.0128824476650564,0.98202614379085,0.540064102564103,0.0170015455950541,0.0141065830721003,0.207119741100324,0.0144927536231884,0.153212520593081,0.689167974882261,0.012779552715655,0.0160771704180064,0.0176,0.598736176935229,0.0554649265905383,0.977049180327869,0.0127388535031847,0.0111287758346582,0,0.238325281803543,0.987075928917609,0.9712,0.909385113268608,0,0.891056910569106,0.863057324840764,0.707592891760905,0.642276422764228,0.470588235294118,0.444264943457189,0.0111464968152866,0.988654781199352,0.110032362459547,0.714521452145215,0.971246006389776,0.0220820189274448,0.766612641815235,0.0144694533762058,0.123028391167192,0.987361769352291,0.989966555183946,0.897520661157025,0,0.657643312101911,0.891803278688525,0,0.0126782884310618,0.902973395931142,0.99194847020934,0,0.0158478605388273,0.0125984251968504,0.986820428336079,0.911475409836066,0.0133333333333333,0,0.3952,0.998387096774194,0.799368088467615,0.398387096774194,0.67258064516129,0.968051118210863,0.0207006369426752,0.987480438184664,0.98876404494382,0.0144,0.977564102564103,0.988524590163934,0.966019417475728,0.987341772151899,0.199029126213592,0.325396825396825,0.303174603174603,0.986991869918699,0.94281045751634,0.0499194847020934,0.260162601626016,0.987158908507223,0.1648,0.307332293291732,0.99194847020934,0.985645933014354,0.987281399046105,0.699507389162562,0.984177215189873,0.241830065359477,0.976076555023923,0.9856,0,0.337984496124031,0.572115384615385,0.0318471337579618,0.0494417862838915,0.0186915887850467,0.908945686900958,0.0398724082934609,0.0111287758346582,0,0.240710823909531,0.98538961038961,0.0836012861736334,0.998293515358362,0.979066022544283,0.991883116883117,0.300324675324675,0.304635761589404,0.670967741935484,0.473244147157191,0,0.824921135646688,0.028169014084507,0.0555555555555556,0.207062600321027,0.98858075040783,0.0160513643659711,0,0.3424,0.023696682464455,0.0345394736842105,0.49512987012987,0.990291262135922,0.296416938110749,0.986599664991625,0.959935897435897,0,0.99075500770416,0.00950871632329636,0.987361769352291,0.833860759493671,0.985245901639344,0.023961661341853,0.967084639498433,0.0129659643435981,0.889064976228209,0.740924092409241,0.953271028037383,1,0.985781990521327,0.304838709677419,0.959481361426256,0.9858934169279,0.0125391849529781,0.0305958132045089,0.98705501618123,0.987138263665595,0.337559429477021,0.884984025559105,0.960066555740433,0.9616,0.987519500780031,0,0.129296235679214,0.990384615384615,0.0114566284779051,0,0.978964401294498,0.00991735537190083,0.0515297906602254,0.985623003194888,0.97875816993464,0.00323624595469256,0.635772357723577,0.426948051948052,0.998360655737705,0.0130932896890344,0.866883116883117,0.990082644628099,0.387254901960784,0.617363344051447,0.807692307692308,0,0.170454545454545,0.986820428336079,0.987301587301587,0.463375796178344,0.988941548183254,0.965753424657534,0.0388349514563107,0.00161030595813205,0.993650793650794,0.98389694041868,0.949511400651466,0.687203791469194,0.0162074554294976,0.884552845528455,0.245641838351823,0.1875,0.00802568218298555,0.629449838187702,0.606158833063209,0.632075471698113,0,0.295751633986928,0.934817170111288,0.648475120385233,0.539308176100629,0.0924499229583975,0,0,0.990825688073395,0.963836477987421,0,0.932038834951456,0.0130932896890344,0,0,0.990147783251232,0,0.988543371522095,0.778662420382166,0.530421216848674,0.987441130298273,0,0,0.988853503184713,0.964006259780908,0.739336492890995,0.0110935023771791,0.00328407224958949,0.886970172684458,0.602848101265823,0.990566037735849,0.535885167464115,0.359934853420195,0,0.97092084006462,0.0130081300813008,0.966129032258065,0.0917874396135266,0,0.0185758513931889,0.124797406807131,0.486531986531987,0.9616,0,0.960567823343849,0.972972972972973,0.990491283676704,0,0.083743842364532,0.939495798319328,0.0116086235489221,0.987421383647799,0.990654205607477,0.0161290322580645,0.987361769352291,0.314785373608903,0.83739837398374,0.0220820189274448,0.17258064516129,0.971246006389776,0.0111111111111111,0.0129449838187702,0.979133226324238,0.0182119205298013,0.668308702791461,0.401960784313726,0,0.125984251968504,0.767710049423394,0.271268057784912,0.987220447284345,0.0113636363636364,0.164012738853503,0.452100840336134,0.961965134706815,0.906645569620253,0.961165048543689,0.760262725779967,0,0.977671451355662,0.0126782884310618,0.965023847376789,0.398682042833608,0.0126984126984127,0.987261146496815,0.991803278688525,0.986991869918699,0.644444444444444,0.998427672955975,0.140549273021002,0.197044334975369,0.946031746031746,0.892063492063492,0,0,0.98538961038961,0.943273905996759,0.0278688524590164,0.983792544570502,0.996840442338073,0.378812199036918,0.938842975206612,0.734761120263591,0.889580093312597,0,0.966237942122186,0.344605475040258,0.990445859872611,0.987117552334944,0,0.64926590538336,0.983766233766234,0.0144,0.695439739413681,0.39652448657188,0.8109375,0.698051948051948,0.954898911353033,0.0930599369085174,0.978930307941653,0.990461049284579,0.992088607594937,0.313213703099511,0.107491856677524,0.993650793650794,0.985871271585557,0.00628930817610063,0.784810126582278,0.453821656050955,0.283891547049442,0.785031847133758,0.98705501618123,0.884868421052632,0.9888,0.127358490566038,0.0131795716639209,0,0.845906902086677,0.0128824476650564,0.0113268608414239,0.288676236044657,0,0.990384615384615,0.935126582278481,0.987138263665595,0.992150706436421,0.096,0.0130932896890344,0,0,0.182707993474715,0.0780487804878049,0.156606851549755,0,0.0111287758346582,0.987117552334944,0.0126182965299685,0.312803889789303,0.985245901639344,0.599033816425121,0.972624798711755,0.684627575277338,0.647425897035881,0,0.986342943854325,0.414634146341463,0.50801282051282,0.929797191887676,0.992175273865415,0.411575562700965,0.00969305331179321,0.960254372019078,0.960505529225908,0,0.961240310077519,0.0239234449760766,0.981788079470199,0.416801292407108,0,0.00958466453674121,0.534653465346535,0.863036303630363,0.0127186009538951,0.152209492635025,0.012987012987013,0.00165016501650165,0.75195007800312,0.0279605263157895,0.98981324278438,0.331210191082803,0.989010989010989,0.00949367088607595,0.373397435897436,0.320325203252033,0.889256198347107,0.0996677740863787,0.0160771704180064,0.00324149108589951,0.0485436893203883,0,0.988924050632911,0.0488215488215488,0.990625,0.0130293159609121,0.988654781199352,0,0.540247678018576,0.476345840130506,0.988727858293076,0,0.988906497622821,0,0.411666666666667,0.985849056603774,0,0.652931854199683,0.978583196046129,0.745980707395498,0.963934426229508,0.0429252782193959,0,0.99025974025974,0.265472312703583,0,0.710031347962382,0.0110935023771791,0.031055900621118,0.985148514851485,0.990275526742301,0.984399375975039,0.964401294498382,0.975688816855754,0,0.974358974358974,0.0236220472440945,0.365506329113924,0.304140127388535,0.988817891373802,0.983974358974359,0.982286634460548,0.980830670926518,0.0609951845906902,0.0245098039215686,0.995008319467554,0.9648,0.727699530516432,0.977777777777778,0.987179487179487,0.984101748807631,0,0,0.977307110438729,0,0.0810810810810811,0,0.961414790996785,0.28476821192053,0.224052718286656,0.134281200631912,0.922829581993569,0,0.113085621970921,0.9856,0.990430622009569,0.661290322580645,0.435054773082942,0.224770642201835,0.188473520249221,0.646579804560261,0.00630914826498423,0.137161084529506,0.563694267515924,0.249190938511327,0.720565149136578,0.0207336523125997,0,0.00975609756097561,0.338762214983713,0.990033222591362,0.648089171974522,0.231496062992126,0.63015873015873,0.893890675241158,0.977917981072555,0.9688013136289,0.986906710310966,0.991776315789474,0.988636363636364,0.568253968253968,0.4368,0.990353697749196,0.0153846153846154,0.0188679245283019,0.89540412044374,0.0110584518167457,0.990536277602524,0.963949843260188,0,0.122719734660033,0,0.965798045602606,0,0.972972972972973,0.985668789808917,0.0125786163522013,0.8592,0.9872,0.6721044045677,0.63349131121643,0.878246753246753,0,0,0.945091514143095,0.948995363214838,0.995290423861852,0,0,0.00646203554119548,0.231611893583725,0.5,0,0.46984126984127,0,0.928687196110211,0.987034035656402,0.178688524590164,0.256329113924051,0,0.343234323432343,0.596774193548387,0.870192307692308,0.975077881619938,0.787096774193548,0.00961538461538462,1,0.0145867098865478,0.986733001658375,0,0.987281399046105,0.00798722044728434,0.988636363636364,0.0276872964169381,0.0163398692810458,0,0,0.85031847133758,0.924466338259442,0.948275862068966,0.723809523809524,0.0390625,0.0163132137030995,0.842105263157895,0.837753510140406,0,0.0271132376395534,0.961476725521669,0,0.97029702970297,0.973101265822785,0.0754414125200642,0.0449438202247191,0.00967741935483871,0.988958990536278,0.479099678456592,0.0841423948220065,0.112582781456954,0.125996810207337,0.71523178807947,0.101721439749609,0.990131578947368,0,0.77258064516129,0.977883096366509,0.00484652665589661,0,0.0125,0,0.0144927536231884,0.988835725677831,0.721666666666667,0.011400651465798,0.013136288998358,0.559349593495935,0.967051070840198,0.4496,0.0491283676703645,0.014827018121911,0.0533117932148627,0.0191693290734824,0,0.0372168284789644,0.0155763239875389,0.011400651465798,0.0238095238095238,0.010989010989011,0.0536585365853659,0.0592948717948718,0.0273311897106109,0.0210016155088853,0.00493421052631579,0.0285714285714286,0.0251572327044025,0.060126582278481,0.0193861066235864,0.023961661341853,0.0116279069767442,0.0162337662337662,0.0470016207455429,0.0175438596491228,0.0248447204968944,0.0142857142857143,0.046474358974359,0.0108527131782946,0.0130293159609121
"769",0.0128617363344051,0.0140625,0.0138248847926267,0.0176565008025682,0.0128617363344051,0.00970873786407767,0.033175355450237,0.0190174326465927,0.0154320987654321,0.899350649350649,0.0190779014308426,0.891167192429022,0.0499219968798752,0.0142857142857143,0.0877742946708464,0.0870917573872473,0.899236641221374,0.888357256778309,0.0126582278481013,0.0141509433962264,0.0816640986132511,0.0779220779220779,0.015600624024961,0.90527950310559,0.0188087774294671,0.0664556962025316,0.0832,0.0145395799676898,0.0698757763975155,0.0512422360248447,0.0835913312693498,0.0438184663536776,0.0373376623376623,0.0694006309148265,0.89622641509434,0.0126782884310618,0.882716049382716,0.015527950310559,0.0739064856711916,0.0264385692068429,0.903481012658228,0.8798751950078,0.88871473354232,0.0177705977382876,0.0392156862745098,0.0944,0.0557324840764331,0.080824088748019,0.0711043872919818,0.0809160305343511,0.905132192846034,0.0156494522691706,0.0768025078369906,0.009375,0.0348101265822785,0.0784,0.895238095238095,0.0145161290322581,0.0234741784037559,0.0248833592534992,0.0757097791798107,0.0690737833594976,0.0977564102564103,0.902086677367576,0.0260162601626016,0.0267295597484277,0.908372827804107,0.016,0.905362776025237,0.0849358974358974,0.026984126984127,0.0860719874804382,0.0864779874213836,0.014218009478673,0.900943396226415,0.0497667185069984,0.0872274143302181,0.0488958990536278,0.025518341307815,0.0687919463087248,0.901116427432217,0.0451010886469673,0.0762052877138414,0.0154083204930663,0.0890625,0.0216383307573416,0.0170807453416149,0.0155763239875389,0.0202808112324493,0.897239263803681,0.0126782884310618,0.0125786163522013,0.880690737833595,0.903328050713154,0.0144230769230769,0.902476780185758,0.115625,0.0190174326465927,0.887692307692308,0.886762360446571,0.0425867507886435,0.892455858747994,0.0817307692307692,0.0128410914927769,0.0914728682170543,0.0160513643659711,0.892063492063492,0.0188087774294671,0.0922098569157393,0.0950871632329636,0.0808709175738725,0.0342019543973941,0.0769230769230769,0.01743264659271,0.903846153846154,0.0157232704402516,0.0525502318392581,0.901538461538462,0.0872274143302181,0.0806962025316456,0.906584992343032,0.0398724082934609,0.0864,0.0907643312101911,0.0140405616224649,0.073208722741433,0.0172684458398744,0.0141287284144427,0.901587301587302,0.0642633228840125,0.0204081632653061,0.0544871794871795,0.0125588697017268,0.900621118012422,0.0141287284144427,0.0867579908675799,0.897798742138365,0.082670906200318,0.0448,0.0631067961165049,0.895238095238095,0.897271268057785,0.0125588697017268,0.0344287949921753,0.0760517799352751,0.0093603744149766,0.0862619808306709,0.0249221183800623,0.0668789808917197,0.0170807453416149,0.0898692810457516,0.0187207488299532,0.0163398692810458,0.0277777777777778,0.0142857142857143,0.0844155844155844,0.0138248847926267,0.078740157480315,0.906103286384977,0.0317965023847377,0.0304878048780488,0.0125195618153365,0.0844854070660522,0.896764252696456,0.0153609831029186,0.0598705501618123,0.0145631067961165,0.0172684458398744,0.0158478605388273,0.0679012345679012,0.0124610591900312,0.0852090032154341,0.0183206106870229,0.0876132930513595,0.0241157556270096,0.0657276995305164,0.895330112721417,0.0158227848101266,0.902021772939347,0.0189274447949527,0.0124804992199688,0.083596214511041,0.0156985871271586,0.0204724409448819,0.0120300751879699,0.0186625194401244,0.101404056162246,0.0655226209048362,0.0274636510500808,0.0192,0.0870917573872473,0.0820433436532508,0.016025641025641,0.040625,0.900306748466258,0.904088050314465,0.0768025078369906,0.896661367249603,0.0124031007751938,0.0889235569422777,0.036624203821656,0.0346456692913386,0.0155763239875389,0.0678513731825525,0.0528771384136858,0.0812101910828025,0.0268987341772152,0.0171875,0.0232558139534884,0.96998420221169,0.0234741784037559,0.0842787682333874,0.0125588697017268,0.0822784810126582,0.0716510903426791,0.0641627543035994,0.0189274447949527,0.0153846153846154,0.0256410256410256,0.015748031496063,0.0235109717868339,0.90251572327044,0.0856697819314642,0.044822256568779,0.0145161290322581,0.904458598726115,0.0157232704402516,0.016566265060241,0.0590111642743222,0.063391442155309,0.0141287284144427,0.016260162601626,0.0700636942675159,0.898527004909984,0.0340557275541796,0.0518867924528302,0.014218009478673,0.0837209302325581,0.0137614678899083,0.0173775671406003,0.0155763239875389,0.0188383045525903,0.0618238021638331,0.0825396825396825,0.0159235668789809,0.0518053375196232,0.0882800608828006,0.0772727272727273,0.0709779179810726,0.0830721003134796,0.0807754442649435,0.0431432973805855,0.0776545166402536,0.084375,0.08125,0.0450310559006211,0.0888529886914378,0.0144694533762058,0.893987341772152,0.0904761904761905,0.902866242038217,0.0965189873417722,0.0142857142857143,0.0127388535031847,0.0267295597484277,0.901386748844376,0.0274636510500808,0.0292307692307692,0.0499219968798752,0.0393081761006289,0.0630914826498423,0.0576923076923077,0.900787401574803,0.0144694533762058,0.0965732087227414,0.0464,0.0141955835962145,0.089622641509434,0.0412044374009509,0.0861244019138756,0.0822981366459627,0.0168970814132104,0.0144230769230769,0.0334394904458599,0.899691358024691,0.0476923076923077,0.0378548895899054,0.898573692551506,0.0916149068322981,0.0290964777947933,0.0175718849840256,0.897196261682243,0.0889235569422777,0.0852713178294574,0.0159744408945687,0.0259319286871961,0.0910569105691057,0.913112164296998,0.0917721518987342,0.0141955835962145,0.0306278713629403,0.072,0.0476190476190476,0.0201550387596899,0.0926216640502355,0.0155763239875389,0.0156494522691706,0.0888888888888889,0.015600624024961,0.0174603174603175,0.0174880763116057,0.0171339563862928,0.0845070422535211,0.0729813664596273,0.0709779179810726,0.0206677265500795,0.0177133655394525,0.848818897637795,0.0656,0.0158227848101266,0.0826833073322933,0.0687022900763359,0.0141509433962264,0.0143769968051118,0.0158478605388273,0.0492063492063492,0.0138461538461538,0.0779014308426073,0.01875,0.0143769968051118,0.896661367249603,0.075,0.06957928802589,0.0906200317965024,0.852760736196319,0.0817901234567901,0.0234009360374415,0.0819165378670788,0.0704225352112676,0.899691358024691,0.0793650793650794,0.0158730158730159,0.0804416403785489,0.0146818923327896,0.0125,0.0140845070422535,0.0755905511811024,0.088379705400982,0.0410742496050553,0.0667752442996743,0.9015625,0.0298273155416013,0.0942812982998454,0.081377151799687,0.0837209302325581,0.0173775671406003,0.0815047021943574,0.901098901098901,0.0842607313195548,0.0849056603773585,0.078525641025641,0.0508744038155803,0.0191082802547771,0.0798045602605863,0.0163398692810458,0.0157977883096366,0.900306748466258,0.0165413533834586,0.0839813374805599,0.015600624024961,0.0296875,0.017515923566879,0.0825396825396825,0.0154798761609907,0.0839936608557845,0.0222929936305732,0.045016077170418,0.0203761755485893,0.0172143974960876,0.0140405616224649,0.0808709175738725,0.0159235668789809,0.0139751552795031,0.0771604938271605,0.0845070422535211,0.00955414012738853,0.0156739811912226,0.0657276995305164,0.0238473767885533,0.0228758169934641,0.014018691588785,0.0123456790123457,0.901273885350318,0.0772946859903382,0.0154798761609907,0.0990415335463259,0.906752411575563,0.0126182965299685,0.8864,0.0830670926517572,0.0153609831029186,0.015625,0.898595943837754,0.0592823712948518,0.0568720379146919,0.0160771704180064,0.0811688311688312,0.026813880126183,0.00961538461538462,0.0786516853932584,0.0482115085536547,0.0364500792393027,0.892405063291139,0.094488188976378,0.0126382306477093,0.0141955835962145,0.0595611285266458,0.0138888888888889,0.0165289256198347,0.0894819466248038,0.903125,0.0140405616224649,0.0142630744849445,0.0205371248025276,0.0453125,0.0897435897435897,0.0318471337579618,0.0754716981132075,0.122112211221122,0.892523364485981,0.0513643659711075,0.0489731437598736,0.0521327014218009,0.901716068642746,0.0756843800322061,0.0238095238095238,0.0500782472613459,0.0564263322884013,0.086890243902439,0.900943396226415,0.903225806451613,0.0149700598802395,0.0169230769230769,0.897798742138365,0.0175438596491228,0.882258064516129,0.901538461538462,0.900489396411093,0.0190174326465927,0.894984326018809,0.0161290322580645,0.0349206349206349,0.0597243491577335,0.0155763239875389,0.899053627760252,0.889067524115756,0.0171875,0.0168711656441718,0.0410094637223975,0.0829420970266041,0.895765472312704,0.0356589147286822,0.0556414219474498,0.0142405063291139,0.0476190476190476,0.0702875399361022,0.89010989010989,0.014018691588785,0.0807754442649435,0.0161030595813204,0.0903328050713154,0.899843505477308,0.0904907975460123,0.0814696485623003,0.0573770491803279,0.0189274447949527,0.896551724137931,0.021671826625387,0.020440251572327,0.0156494522691706,0.889589905362776,0.0822784810126582,0.0196078431372549,0.099009900990099,0.0171606864274571,0.0172684458398744,0.0846394984326019,0.015748031496063,0.0747663551401869,0.0330188679245283,0.0847723704866562,0.0944,0.0174050632911392,0.878205128205128,0.0774091627172196,0.0170807453416149,0.0879478827361563,0.0596774193548387,0.0701754385964912,0.903669724770642,0.0772797527047913,0.0305466237942122,0.088785046728972,0.0155038759689922,0.0845070422535211,0.0894819466248038,0.0618892508143322,0.0153139356814701,0.0230769230769231,0.0206022187004754,0.03486529318542,0.896988906497623,0.0188383045525903,0.0817901234567901,0.0141509433962264,0.0745542949756888,0.0826952526799387,0.0170807453416149,0.0110759493670886,0.0174603174603175,0.0455974842767296,0.0141955835962145,0.0769230769230769,0.0865384615384615,0.0190779014308426,0.0376175548589342,0.900311526479751,0.892405063291139,0.014308426073132,0.0192307692307692,0.0752,0.0223642172523962,0.0125786163522013,0.0784929356357928,0.0192,0.0351437699680511,0.0357698289269051,0.897515527950311,0.0207006369426752,0.102564102564103,0.015552099533437,0.0143540669856459,0.907975460122699,0.0407523510971787,0.0142857142857143,0.0863422291993721,0.0382775119617225,0.0619195046439628,0.0333333333333333,0.0414673046251994,0.018348623853211,0.0828220858895705,0.0227642276422764,0.0124031007751938,0.0171073094867807,0.113085621970921,0.132911392405063,0.0173228346456693,0.0169753086419753,0.882260596546311,0.0345368916797488,0.0553846153846154,0.0815047021943574,0.0469483568075117,0.0157977883096366,0.023696682464455,0.0156494522691706,0.715610510046368,0.0845528455284553,0.895223420647149,0.0315457413249211,0.0862619808306709,0.0856697819314642,0.0775316455696203,0.893081761006289,0.0141065830721003,0.0217391304347826,0.0158478605388273,0.0170278637770898,0.0865384615384615,0.0979462875197472,0.901840490797546,0.904306220095694,0.0930979133226324,0.082018927444795,0.0881410256410256,0.9015625,0.0858034321372855,0.016793893129771,0.552590266875981,0.0825396825396825,0.0158478605388273,0.0609375,0.0189873417721519,0.0530421216848674,0.0414746543778802,0.89622641509434,0.0122887864823349,0.0737179487179487,0.0666666666666667,0.0232198142414861,0.0186335403726708,0.0707547169811321,0.888357256778309,0.0172413793103448,0.0168711656441718,0.905750798722045,0.012326656394453,0.090625,0.0144230769230769,0.0514820592823713,0.899361022364217,0.889580093312597,0.0574162679425837,0.0337078651685393,0.0863422291993721,0.0794165316045381,0.898278560250391,0.895666131621188,0.0336906584992343,0.086677367576244,0.0161812297734628,0.0719874804381847,0.0139103554868624,0.0842433697347894,0.0606531881804044,0.0699523052464229,0.0285261489698891,0.0739549839228296,0.0807453416149068,0.88871473354232,0.0882825040128411,0.90625,0.013719512195122,0.277867528271405,0.0138461538461538,0.0855784469096672,0.0142405063291139,0.893081761006289,0.0478395061728395,0.0665610142630745,0.0172955974842767,0.897560975609756,0.0170542635658915,0.901771336553945,0.0645161290322581,0.0169753086419753,0.893682588597843,0.0576323987538941,0.01875,0.0336,0.0144694533762058,0.0859375,0.89375,0.0172143974960876,0.0779014308426073,0.902439024390244,0.0496894409937888,0.0869565217391304,0.0893416927899686,0.0158982511923688,0.016025641025641,0.0153609831029186,0.0175438596491228,0.016025641025641,0.900630914826498,0.0174880763116057,0.876175548589342,0.0778816199376947,0.0757341576506955,0.0154559505409583,0.0171073094867807,0.018348623853211,0.0168711656441718,0.807210031347962,0.0900473933649289,0.016260162601626,0.0201863354037267,0.0449612403100775,0.015625,0.015552099533437,0.0168711656441718,0.903875968992248,0.895705521472393,0.0120481927710843,0.89247311827957,0.0778816199376947,0.901743264659271,0.0238095238095238,0.0833333333333333,0.0837359098228663,0.0762052877138414,0.0159235668789809,0.884310618066561,0.0977917981072555,0.0156985871271586,0.0185471406491499,0.0420560747663551,0.0645645645645646,0.0675675675675676,0.0824427480916031,0.0337620578778135,0.075,0.0880503144654088,0.0554675118858954,0.0761904761904762,0.0421216848673947,0.0821484992101106,0.903069466882068,0.0857142857142857,0.110932475884244,0.0143540669856459,0.0737833594976452,0.0828220858895705,0.0470219435736677,0.032967032967033,0.0123456790123457,0.0146103896103896,0.00794912559618442,0.0161812297734628,0.0143540669856459,0.050314465408805,0.0658307210031348,0.0175718849840256,0.0843558282208589,0.0800604229607251,0.0266875981161695,0.883720930232558,0.0184049079754601,0.0139968895800933,0.894822006472492,0.0831973898858075,0.905660377358491,0.0126382306477093,0.897058823529412,0.0173775671406003,0.0173501577287066,0.0907692307692308,0.0237717908082409,0.0153609831029186,0.0432692307692308,0.0482115085536547,0.0364500792393027,0.898119122257053,0.898573692551506,0.0214521452145215,0.018348623853211,0.0171606864274571,0.9,0.894409937888199,0.0849358974358974,0.0727554179566563,0.0555555555555556,0.907936507936508,0.0565149136577708,0.891167192429022,0.0225442834138486,0.0174603174603175,0.1152,0.0665610142630745,0.897553516819572,0.0711974110032362,0.0456692913385827,0.0279503105590062,0.0168711656441718,0.0327102803738318,0.0829346092503987,0.0145867098865478,1,0.0162866449511401,0.90032154340836,0.0137825421133231,0.886970172684458,0.0159489633173844,0.0920634920634921,0.387096774193548,0.897476340694006,0.911858974358974,0.0219435736677116,0.0209339774557166,0.0311526479750779,0.0415384615384615,0.0886850152905199,0.0746031746031746,0.0313971742543171,0.0302114803625378,0.896,0.0830670926517572,0.025518341307815,0.903125,0.0145867098865478,0.0138248847926267,0.0883720930232558,0.870866141732283,0.0880503144654088,0.0155763239875389,0.0684713375796178,0.0841269841269841,0.0758064516129032,0.0899390243902439,0.036624203821656,0.0824261275272162,0.0142630744849445,0.894984326018809,0.0321543408360129,0.0154559505409583,0.895161290322581,0.892913385826772,0.0816640986132511,0.892744479495268,0.0834645669291339,0.0126182965299685,0.0383386581469649,0.0853462157809984,0.0821256038647343,0.0656,0.0206677265500795,0.0697674418604651,0.856697819314642,0.0755627009646302,0.817447495961228,0.888888888888889,0.898894154818325,0.213375796178344,0.0791476407914764,0.0862068965517241,0.0866141732283465,0.0842266462480858,0.855325914149444,0.838304552590267,0.0913385826771654,0.876175548589342,0.880382775119617,0.856692913385827,0.878693623639191,0.844936708860759,0.0835913312693498,0.864779874213837,0.0951612903225806,0.0922098569157393,0.85828025477707,0.0923317683881064,0.841614906832298,0.0868217054263566,0.133540372670807,0.086286594761171,0.0976377952755905
"770",0.996774193548387,1,0.967897271268058,0.934426229508197,0.982084690553746,1,0.8832,0.971337579617834,1,0,1,0,0.560192616372392,1,0.045958795562599,0.00801282051282051,0,0.0193861066235864,0.996688741721854,0.98256735340729,0.159305993690852,0.0311475409836066,0.991974317817014,0,0.953748006379585,0.253634894991922,0.110932475884244,0.986842105263158,0.468553459119497,0.672955974842767,0,0.69377990430622,0.764516129032258,0.287081339712919,0,1,0.0191082802547771,0.995222929936306,0.262422360248447,0.9,0.00161290322580645,0.0205047318611987,0.0078740157480315,1,0.76797385620915,0.0195439739413681,0.514469453376206,0,0.448818897637795,0.132605304212168,0,0.992025518341308,0.258842443729904,1,0.874587458745875,0.154228855721393,0,0.978896103896104,0.956310679611651,0.900630914826498,0.2864,0.4375,0,0,0.911037891268534,0.831746031746032,0,0.990384615384615,0,0,0.86031746031746,0.00477707006369427,0.0160513643659711,1,0,0.712480252764613,0.0445151033386327,0.56782334384858,0.895424836601307,0.250420168067227,0,0.701112877583466,0.201267828843106,0.998425196850394,0.108626198083067,0.903633491311216,0.998407643312102,0.966346153846154,0.971875,0.0139968895800933,0.990384615384615,1,0,0,0.968333333333333,0,0.300314465408805,0.979495268138801,0.00947867298578199,0.0113085621970921,0.5952,0,0.292134831460674,1,0.109204368174727,1,0.012987012987013,0.974068071312804,0,0.00638977635782748,0.00467289719626168,0.8976,0.328502415458937,0.993630573248408,0,0.983974358974359,0.704838709677419,0,0,0.216346153846154,0,0.761120263591433,0.253205128205128,0.0816993464052288,0.97444089456869,0.138263665594855,0.996815286624204,0.996820349761526,0,0.542264752791069,0.927184466019418,0.477198697068404,0.99009900990099,0,0.995090016366612,0.0217729393468118,0,0.20949263502455,0.633279483037157,0.51219512195122,0,0,0.979032258064516,0.76537216828479,0.168595041322314,1,0.00483870967741936,0.911575562700965,0.406862745098039,0.979462875197472,0.143092105263158,0.9872,1,0.834920634920635,0.995215311004785,0,1,0,0,0.75487012987013,0.853582554517134,0.980922098569157,0.0139968895800933,0,1,0.446254071661238,1,1,1,0.29559748427673,0.976228209191759,0.00163398692810458,0.945141065830721,0,0.883415435139573,0.36741214057508,0,0.98371335504886,0,0.852564102564103,1,0.119086460032626,0.983948635634029,0.955555555555556,0.99079754601227,0.97456279809221,0.0930599369085174,0.36608557844691,0.922442244224422,0.939837398373984,0.0477707006369427,0.00474683544303797,0.97875816993464,0.845047923322684,0,0,0.303571428571429,0.00159489633173844,1,0.249201277955272,0.868932038834951,0.757861635220126,0.989028213166144,0.435275080906149,0.422047244094488,0.294599018003273,0.920840064620355,0.962171052631579,0.8704,0,0.882165605095541,0.181518151815182,0.943089430894309,0,0.0684292379471229,0.53343949044586,0.975806451612903,0.976303317535545,0.828711256117455,0.998407643312102,0.890522875816993,0,0.0748407643312102,0.660347551342812,0.995192307692308,0,0.9936,0.978021978021978,0.548335974643423,0.541666666666667,0.991830065359477,1,0.365971107544141,0,0.871835443037975,0.511182108626198,0.966074313408724,0,0.948517940717629,0.99837925445705,1,0.957516339869281,0.52555910543131,0.0016025641025641,0.968454258675079,0.545886075949367,0.0031201248049922,0.00155763239875389,0.191558441558442,0,0.151315789473684,0.67192429022082,0,0.0015748031496063,0.00952380952380952,0.585516178736518,0.0397350993377483,0.983633387888707,0.0144230769230769,0,0,0.221674876847291,1,0.982258064516129,0.900158478605388,0,0.853658536585366,0.858267716535433,0.686900958466454,0.591482649842271,0.453100158982512,0.446601941747573,0.0144,1,0.0977917981072555,0.703764320785597,0.956521739130435,0.0095389507154213,0.740740740740741,0,0.123003194888179,1,1,0.881578947368421,0,0.642857142857143,0.872131147540984,0,0,0.887675507020281,0.976076555023923,0,0.00160513643659711,0,0.97875816993464,0.882450331125828,0,0,0.393890675241158,0.988745980707395,0.78783151326053,0.379968203497615,0.648604269293924,0.95253164556962,0.00798722044728434,1,1,0.00634920634920635,0.956937799043062,1,0.975165562913907,0.996768982229402,0.172248803827751,0.302547770700637,0.288888888888889,0.969255663430421,0.94195688225539,0.0469483568075117,0.245528455284553,0.969354838709677,0.153724247226624,0.28680981595092,0.995215311004785,0.998397435897436,0.969453376205788,0.699346405228758,0.998412698412698,0.238473767885533,0.958664546899841,0.998349834983498,0,0.317460317460317,0.537459283387622,0.0145395799676898,0.054140127388535,0.00473186119873817,0.900787401574803,0.0254372019077901,0,0,0.216260162601626,0.99198717948718,0.072,0.98135593220339,0.967948717948718,0.985507246376812,0.29126213592233,0.29450915141431,0.665594855305466,0.448333333333333,0,0.821543408360129,0.0158227848101266,0.0324574961360124,0.197115384615385,1,0.00161030595813205,0,0.326923076923077,0.0111111111111111,0.0145631067961165,0.463141025641026,1,0.271844660194175,1,0.972712680577849,0,0.990811638591118,0,0.998427672955975,0.833065810593901,1,0.0126582278481013,0.979430379746835,0,0.876623376623377,0.7085346215781,0.945945945945946,0.98256735340729,0.99836867862969,0.295527156549521,0.964573268921095,1,0,0.0222222222222222,1,1,0.30016051364366,0.882636655948553,0.967051070840198,0.944983818770227,1,0,0.105177993527508,1,0.0016,0,0.961038961038961,0.0129449838187702,0.0355987055016181,1,0.964227642276423,0.00489396411092985,0.612540192926045,0.410048622366288,0.981937602627258,0,0.866556836902801,0.998347107438017,0.374193548387097,0.595541401273885,0.785483870967742,0,0.169902912621359,0.970198675496689,0.998405103668262,0.438511326860841,1,0.974662162162162,0.0276422764227642,0.00159744408945687,0.984399375975039,0.996789727126806,0.953074433656958,0.68312101910828,0.00486223662884927,0.849757673667205,0.233278955954323,0.183673469387755,0.00783699059561128,0.610474631751228,0.599358974358974,0.611821086261981,0,0.274706867671692,0.911858974358974,0.632970451010886,0.498447204968944,0.0639625585023401,0,0,1,0.976452119309262,0,0.917207792207792,0.0129032258064516,0,0,0.998371335504886,0,1,0.768,0.525502318392581,1,0,0,0.993579454253612,0.95625,0.718152866242038,0,0.00329489291598023,0.8672,0.594043887147335,1,0.525741029641186,0.3354943273906,0,0.980861244019139,0,0.947115384615385,0.0855263157894737,0,0.0109034267912773,0.108414239482201,0.483277591973244,0.971428571428571,0,0.942097026604069,0.974643423137876,1,0,0.0698051948051948,0.940099833610649,0.00332778702163062,1,1,0.00805152979066022,1,0.305732484076433,0.799043062200957,0.00644122383252818,0.176375404530744,0.951534733441034,0.0128824476650564,0,0.96969696969697,0.00327332242225859,0.665584415584416,0.378861788617886,0,0.106687898089172,0.733333333333333,0.260450160771704,0.974842767295597,0,0.136942675159236,0.447412353923205,0.94556765163297,0.882911392405063,0.964912280701754,0.752427184466019,0,0.985691573926868,0,0.971383147853736,0.397708674304419,0,1,1,1,0.638709677419355,0.980738362760835,0.133550488599349,0.189102564102564,0.946031746031746,0.869354838709677,0,0,0.990306946688207,0.930081300813008,0.0112903225806452,0.986970684039088,0.991935483870968,0.376971608832808,0.922204213938412,0.734959349593496,0.872841444270016,0,0.963258785942492,0.351395730706076,1,0.998373983739837,0,0.65252854812398,0.969305331179321,0,0.678571428571429,0.367088607594937,0.801232665639445,0.687397708674304,0.957613814756672,0.0835913312693498,0.986820428336079,1,0.977346278317152,0.304918032786885,0.0888529886914378,0.988745980707395,1,0.00952380952380952,0.784565916398714,0.447619047619048,0.248803827751196,0.760765550239234,1,0.868878357030016,1,0.12241653418124,0,0,0.823338735818476,0.0032520325203252,0,0.263074484944533,0,0.988941548183254,0.90952380952381,0.998415213946117,0.995238095238095,0.088,0,0,0,0.170731707317073,0.0783034257748776,0.154723127035831,0,0,1,0.00794912559618442,0.302931596091205,1,0.571884984025559,0.97444089456869,0.648818897637795,0.629860031104199,0,1,0.398692810457516,0.495145631067961,0.916535433070866,0.987240829346092,0.381329113924051,0.012779552715655,0.942028985507246,0.948275862068966,0,0.970679012345679,0.0161290322580645,0.985148514851485,0.420221169036335,0,0.0109204368174727,0.502495840266223,0.828525641025641,0,0.126829268292683,0.0144694533762058,0.00163132137030995,0.74375,0.0242718446601942,1,0.309636650868878,0.9921875,0,0.380503144654088,0.316912972085386,0.851485148514851,0.0881863560732113,0.0046875,0.00322061191626409,0.0457516339869281,0,0.993660855784469,0.0398671096345515,0.975232198142415,0.00321543408360129,1,0,0.512779552715655,0.457735247208931,1,0,1,0,0.389525368248772,0.990654205607477,0,0.634340222575517,0.981937602627258,0.744,0.945072697899838,0.0333333333333333,0,1,0.241100323624595,0,0.68362480127186,0,0.0139103554868624,1,1,0.9921875,0.972536348949919,0.978964401294498,0,0.979299363057325,0.0251177394034537,0.354430379746835,0.275039745627981,0.990506329113924,0.992,0.995283018867924,0.990430622009569,0.0516962843295638,0.0130718954248366,0.981818181818182,0.952229299363057,0.726984126984127,0.976303317535545,1,0.968404423380727,0,0,0.984591679506934,0,0.0690208667736758,0,0.946945337620579,0.266886326194399,0.208809135399674,0.114241001564945,0.914927768860353,0,0.0950080515297907,1,1,0.615506329113924,0.406201550387597,0.20398773006135,0.18025078369906,0.656401944894652,0,0.1184,0.530805687203792,0.249594813614263,0.703416149068323,0.00482315112540193,0,0,0.32512315270936,1,0.614147909967846,0.2390625,0.613418530351438,0.857142857142857,0.9890625,0.954697986577181,0.983766233766234,1,0.998376623376623,0.524271844660194,0.411483253588517,0.998394863563403,0.00460122699386503,0.00625978090766823,0.859424920127795,0.0144230769230769,1,0.976076555023923,0,0.100164203612479,0,0.947967479674797,0,0.975609756097561,1,0.00641025641025641,0.831168831168831,1,0.647727272727273,0.622820919175911,0.866883116883117,0,0,0.922689075630252,0.93558282208589,0.987240829346092,0,0,0,0.216429699842022,0.495192307692308,0,0.429936305732484,0,0.923202614379085,1,0.150485436893204,0.230283911671924,0,0.330128205128205,0.589825119236884,0.861464968152866,0.959119496855346,0.774244833068362,0,0.986733001658375,0.0162866449511401,1,0,0.981102362204724,0.0095389507154213,1,0.0129659643435981,0.00974025974025974,0,0,0.825320512820513,0.930921052631579,0.930708661417323,0.713153724247227,0.0237341772151899,0.00485436893203883,0.82807570977918,0.843601895734597,0,0.0112359550561798,0.971107544141252,0,0.988673139158576,0.951104100946372,0.0547504025764895,0.0450885668276973,0.00321543408360129,1,0.450244698205546,0.0751633986928105,0.0939044481054366,0.1152,0.698019801980198,0.0853080568720379,1,0,0.766881028938907,0.9858934169279,0.00480769230769231,0,0,0,0,1,0.708196721311475,0,0,0.529605263157895,0.95024077046549,0.430622009569378,0.0500782472613459,0.00163934426229508,0.0528052805280528,0.0209339774557166,0,0.0286624203821656,0.0046656298600311,0.0016025641025641,0.0094488188976378,0,0.0533117932148627,0.0575079872204473,0.0096,0.0240384615384615,0.00492610837438424,0.0268987341772152,0.0268562401263823,0.0601626016260163,0.00483091787439614,0.0239234449760766,0,0.00325732899022801,0.0477759472817133,0.00478468899521531,0.0251572327044025,0,0.0339256865912763,0,0.00161812297734628
"771",0,0,0,0,0,0,0.0128617363344051,0.00157728706624606,0,1,0,1,0,0,0,0,1,0.983818770226537,0,0,0,0,0,1,0,0,0,0.00164203612479475,0,0,0,0,0,0,1,0,0.979365079365079,0,0,0,1,0.984126984126984,0.995245641838352,0,0,0,0,0,0,0,1,0,0,0,0.0130505709624796,0,1,0,0.00316957210776545,0,0,0,0,1,0,0,1,0,1,0,0,0,0,0,1,0.00156985871271586,0,0,0,0,1,0,0,0,0,0,0,0,0.00314465408805031,0.992211838006231,0,0,1,1,0,1,0.0173228346456693,0,0.993730407523511,0.991922455573506,0.0111642743221691,1,0,0,0,0,0.993589743589744,0.00319488817891374,0,0,0,0.0145161290322581,0,0,1,0,0,1,0,0,1,0,0,0,0,0,0,0,1,0.00789889415481832,0,0,0,1,0,0,1,0,0,0.00657894736842105,1,1,0,0,0,0,0,0,0,0,0,0,0,0,0,0,0,0,1,0,0.0046875,0,0,1,0,0,0,0,0,0,0,0,0,0,0.00324149108589951,0,1,0,1,0,0,0,0,0,0,0,0,0,0,0,0,0,0,0.0218408736349454,1,1,0,1,0,0,0.0129449838187702,0,0,0,0,0,0,0,0,1,0,0,0,0,0,0.00313479623824451,0,0,0,0,0,1,0,0,0,1,0,0,0.00478468899521531,0,0,0,0.0176282051282051,1,0.0157728706624606,0,0,0,0,0,0,0,0,0,0,0,0,0,0,0,0,0,0,0,0,0,0,0,0.991974317817014,0,1,0.00160513643659711,0,0,0,1,0.00163398692810458,0.0015600624024961,0,0,0,0,0.993730407523511,0,0,0,0,0,0,0,0,0,0,0.0146341463414634,1,0,0.0161812297734628,1,0,0.0138461538461538,0.00159744408945687,1,0,0,0,0,0,1,0.012779552715655,0,0,0,0,0,0,0,0,0,0,0,0,0,0,0,0,0.00324149108589951,0,0.94770206022187,0,0,0,0,0,0,0,0,0,0,0,0,1,0,0.00644122383252818,0,0.948598130841122,0,0,0,0,1,0,0,0,0,0,0,0,0,0,0,1,0,0,0,0,0,0,1,0,0,0,0.00161290322580645,0,0,0,0,1,0,0,0,0,0,0,0,0,0,0,0,0,0.00320512820512821,0,0,0,0,0,0,0,0,0,0,0,0,1,0,0,0,1,0,0.99349593495935,0,0,0,0.998394863563403,0.0112359550561798,0,0,0,0,0,0,0,0,1,0,0.00162866449511401,0,0,0,0,0,0.998394863563403,0,0,0,0,0,0.00482315112540193,0,0.0134228187919463,0.993630573248408,0,0,0,1,0,0,0,0,0,1,1,0,0,1,0,0.990338164251208,1,1,0,1,0,0.00158730158730159,0.0076103500761035,0,1,1,0,0,0,0,0.996810207336523,0.0201863354037267,0,0,0,0,1,0,0,0,0,1,0,0,0,0.00158227848101266,1,0,0,0,1,0,0,0,0,0,0,0,0,0,0,0,0,0.993610223642173,0,0,0,0,0.0128617363344051,1,0,0.00161290322580645,0,0,0,0,0,0,0,0,0,1,0,0,0,0.00485436893203883,0,0,0,0,0,0,0,0,0,0.0142630744849445,1,1,0,0,0,0,0,0,0,0,0.0171875,1,0,0.0112179487179487,0,0,1,0,0,0,0,0,0,0,0,0,0.00162337662337662,0,0,0.0144694533762058,0.0240770465489567,0,0,0.996884735202492,0,0,0,0,0,0,0,0.771028037383178,0,1,0,0,0,0,1,0,0,0,0,0,0,1,1,0,0,0,1,0,0,0.559561128526646,0,0,0.00943396226415094,0,0,0,1,0,0,0,0.0031104199066874,0,0,0.993710691823899,0,0,1,0.00153139356814701,0,0,0,1,0.993579454253612,0,0,0,0,0.990369181380417,1,0,0,0,0,0,0,0,0,0.00488599348534202,0,0,0.998394863563403,0,1,0,0.150413223140496,0.00154083204930663,0,0,1,0,0,0,1,0,1,0,0,1,0.0188087774294671,0,0,0,0,1,0,0,1,0,0,0,0,0,0,0.00315955766192733,0.00159235668789809,1,0,0.982704402515723,0.0171339563862928,0,0,0,0,0,0.913793103448276,0,0,0,0,0,0,0,1,1,0,1,0,0.998420221169036,0,0,0,0,0,0.998417721518987,0,0,0,0,0,0,0,0,0,0,0,0,0,0,1,0,0.0144694533762058,0,0.026984126984127,0,0,0.004739336492891,0,0,0,0,0,0,0,0,0,0,0.00159489633173844,0.993720565149137,0,0,1,0,1,0,1,0,0,0,0,0,0.00163934426229508,0,0.0192926045016077,1,1,0,0,0,1,1,0,0,0,1,0,1,0,0,0.0287539936102236,0,1,0,0,0,0,0,0,0,0.90032154340836,0,1,0,0.993650793650794,0,0,0.362459546925566,1,1,0.00157977883096367,0,0.00947867298578199,0,0,0,0,0,1,0,0,1,0,0,0,0.958074534161491,0,0,0,0,0,0,0,0,0,1,0,0,0.995230524642289,1,0,1,0,0,0,0,0,0.00654664484451719,0.0032258064516129,0,0.949447077409163,0,0.898550724637681,0.974723538704581,1,0.158319870759289,0,0,0.00470957613814757,0,0.950738916256158,0.94383775351014,0,0.976303317535545,0.993506493506494,0.94488188976378,0.971337579617834,0.941640378548896,0,0.965299684542587,0,0,0.953748006379585,0,0.924265842349305,0,0.0486656200941915,0,0
"772",0.982892690513219,0.980392156862745,0.981873111782477,0.94679186228482,0.979876160990712,0.982731554160126,0.897709923664122,0.977168949771689,0.98036253776435,0,0.982998454404946,0,0.570552147239264,0.981279251170047,0.058641975308642,0.0257186081694402,0,0.0138674884437596,0.984591679506934,0.966360856269113,0.171032357473035,0.0496794871794872,0.974358974358974,0,0.945121951219512,0.256289308176101,0.12326656394453,0.975077881619938,0.46996996996997,0.683658170914543,0.016566265060241,0.690909090909091,0.763322884012539,0.306748466257669,0,0.984472049689441,0.0197268588770865,0.975683890577508,0.263929618768328,0.899399399399399,0.00153139356814701,0.0151515151515152,0.00749625187406297,0.98,0.794071762870515,0.0390625,0.515337423312883,0.0169753086419753,0.463746223564955,0.136904761904762,0,0.978527607361963,0.27190332326284,0.98159509202454,0.88719512195122,0.1734375,0,0.957746478873239,0.965465465465465,0.900302114803625,0.307228915662651,0.436251920122888,0.0184899845916795,0,0.881435257410296,0.826807228915663,0,0.976744186046512,0,0.015527950310559,0.863429438543247,0.0228310502283105,0.0323076923076923,0.981707317073171,0,0.710682492581602,0.0621212121212121,0.563253012048193,0.904836193447738,0.269662921348315,0,0.718608169440242,0.211077844311377,0.98159509202454,0.122571001494768,0.929429429429429,0.978658536585366,0.974045801526718,0.962235649546828,0.0104166666666667,0.978527607361963,0.980332829046899,0,0,0.965625,0,0.290909090909091,0.968085106382979,0.00903614457831325,0.0107197549770291,0.609160305343511,0,0.290880503144654,0.98613251155624,0.112275449101796,0.982539682539682,0.00914634146341463,0.983050847457627,0.0170542635658915,0.0249221183800623,0.0261136712749616,0.912037037037037,0.325581395348837,0.978260869565217,0,0.983180428134557,0.719271623672231,0,0.0182094081942337,0.24191063174114,0,0.765069551777434,0.261868300153139,0.0913385826771654,0.971036585365854,0.153030303030303,0.980625931445604,0.985029940119761,0,0.543913713405239,0.954337899543379,0.504702194357367,0.979559748427673,0,0.979430379746835,0.0382848392036753,0,0.214953271028037,0.623475609756098,0.5141065830721,0,0,0.978755690440061,0.764079147640791,0.186119873817035,0.982998454404946,0.0232558139534884,0.940729483282675,0.421947449768161,0.98955223880597,0.133956386292835,0.973926380368098,0.9828125,0.833078101071976,0.980061349693252,0.0126382306477093,0.980091883614089,0.0199081163859112,0,0.746056782334385,0.869369369369369,0.966463414634146,0.036144578313253,0,0.983333333333333,0.454263565891473,0.98256735340729,0.980213089802131,0.983282674772036,0.302710843373494,0.978494623655914,0.0168711656441718,0.947209653092006,0.0176991150442478,0.901716068642746,0.371385083713851,0,0.967889908256881,0,0.844748858447489,0.984709480122324,0.134883720930233,0.980273141122914,0.94359756097561,0.976573938506589,0.965568862275449,0.105828220858896,0.384615384615385,0.92879746835443,0.945987654320988,0.0642201834862385,0.0228310502283105,0.979813664596273,0.854765506807867,0,0,0.3,0.00151745068285281,0.980683506686478,0.250750750750751,0.877708978328173,0.758620689655172,0.989583333333333,0.435508345978756,0.453313253012048,0.302469135802469,0.906298003072197,0.950693374422188,0.883156297420334,0,0.870481927710843,0.184542586750789,0.945482866043614,0.0154798761609907,0.0891530460624071,0.522205206738132,0.980273141122914,0.974512743628186,0.834621329211746,0.981707317073171,0.886850152905199,0,0.086890243902439,0.658132530120482,0.975039001560062,0,0.974397590361446,0.982222222222222,0.54601226993865,0.556221889055472,0.974006116207951,0.985981308411215,0.360983102918587,0,0.895833333333333,0.529141104294479,0.98145285935085,0.0199386503067485,0.956390977443609,0.984544049459042,0.983257229832572,0.945121951219512,0.532428355957768,0.0169230769230769,0.983206106870229,0.53323029366306,0.0252225519287834,0.0194029850746269,0.201550387596899,0.0199692780337942,0.155763239875389,0.668647845468053,0.0169491525423729,0.0226244343891403,0.0292758089368259,0.590704647676162,0.0509259259259259,0.978125,0.0106544901065449,0.0151745068285281,0,0.217125382262997,0.984567901234568,0.961832061068702,0.912844036697248,0,0.868421052631579,0.846038863976084,0.701863354037267,0.61171032357473,0.453004622496148,0.464285714285714,0.0105105105105105,0.98125,0.104790419161677,0.709320695102686,0.97428139183056,0.0300751879699248,0.746522411128284,0.0199081163859112,0.12143928035982,0.985141158989599,0.984177215189873,0.89589905362776,0,0.646616541353383,0.887864823348694,0,0.0196374622356495,0.901049475262369,0.98613251155624,0,0.0181818181818182,0.0181268882175227,0.978021978021978,0.888036809815951,0.021875,0,0.368098159509202,0.990595611285266,0.795216741405082,0.390168970814132,0.6671875,0.955022488755622,0.0317700453857791,0.980654761904762,0.983128834355828,0.0214723926380368,0.960365853658537,0.981790591805766,0.956869009584665,0.981762917933131,0.195987654320988,0.316417910447761,0.292682926829268,0.978361669242658,0.926984126984127,0.0453857791225416,0.281004709576138,0.979782270606532,0.16820987654321,0.312035661218425,0.984544049459042,0.978328173374613,0.968085106382979,0.688575899843505,0.980480480480481,0.257763975155279,0.978787878787879,0.978428351309707,0,0.323308270676692,0.54416403785489,0.0303490136570561,0.0491551459293395,0.0253353204172876,0.903963414634146,0.0407239819004525,0.0152671755725191,0,0.244274809160305,0.979969183359014,0.0829562594268477,0.987261146496815,0.981566820276498,0.982866043613707,0.283720930232558,0.289968652037618,0.669242658423493,0.46656050955414,0,0.822358346094946,0.0358744394618834,0.0539730134932534,0.207518796992481,0.979876160990712,0.0214067278287462,0,0.329230769230769,0.0302114803625378,0.0384615384615385,0.474654377880184,0.986111111111111,0.287925696594427,0.981191222570533,0.947692307692308,0,0.984011627906977,0.0165912518853695,0.982142857142857,0.825825825825826,0.981308411214953,0.0275650842266462,0.957639939485628,0.0183767228177642,0.88208269525268,0.70820189274448,0.928895612708018,0.984825493171472,0.976958525345622,0.290519877675841,0.955792682926829,0.978819969742814,0.0163690476190476,0.0352760736196319,0.978494623655914,0.978625954198473,0.330769230769231,0.877862595419847,0.960753532182104,0.950301204819277,0.981927710843373,0,0.125596184419714,0.978625954198473,0.0185758513931889,0,0.979876160990712,0.0109204368174727,0.0558139534883721,0.978851963746224,0.978494623655914,0.00465116279069767,0.621538461538461,0.427258805513017,0.981538461538462,0.0173228346456693,0.861586314152411,0.981072555205047,0.379785604900459,0.605740181268882,0.794478527607362,0,0.164362519201229,0.982919254658385,0.981395348837209,0.453846153846154,0.983433734939759,0.961038961038961,0.0443425076452599,0.00150829562594268,0.98030303030303,0.980122324159021,0.958139534883721,0.685410334346505,0.024390243902439,0.866459627329193,0.23216995447648,0.183574879227053,0.00757575757575758,0.615740740740741,0.613846153846154,0.620060790273556,0,0.277337559429477,0.91350531107739,0.638167938931298,0.529235382308846,0.0939306358381503,0,0,0.986899563318777,0.95952023988006,0,0.934650455927052,0.00930232558139535,0,0,0.983231707317073,0,0.984227129337539,0.776255707762557,0.516566265060241,0.980392156862745,0,0,0.97869101978691,0.949101796407186,0.716216216216216,0.0196078431372549,0.0031496062992126,0.878012048192771,0.595808383233533,0.984732824427481,0.536731634182909,0.370030581039755,0,0.961019490254873,0.0174603174603175,0.965244865718799,0.0976744186046512,0,0.0267857142857143,0.122670807453416,0.484751203852327,0.957251908396947,0,0.971385542168675,0.971036585365854,0.983358547655068,0,0.0782472613458529,0.920583468395462,0.0206349206349206,0.980683506686478,0.985007496251874,0.0259146341463415,0.981845688350983,0.301972685887709,0.806646525679758,0.0262751159196291,0.162717219589258,0.956856702619414,0.00918836140888208,0.0182648401826484,0.989393939393939,0.0220125786163522,0.650231124807396,0.392307692307692,0,0.130769230769231,0.737421383647799,0.268768768768769,0.970542635658915,0.0169230769230769,0.159332321699545,0.464516129032258,0.947447447447447,0.89237668161435,0.95738203957382,0.746932515337423,0,0.969788519637462,0.016566265060241,0.949386503067485,0.394080996884735,0.0192592592592593,0.984662576687117,0.98297213622291,0.98297213622291,0.624615384615385,0.986280487804878,0.131782945736434,0.193846153846154,0.94478527607362,0.881203007518797,0,0,0.9826224328594,0.94811320754717,0.031201248049922,0.989096573208723,0.986280487804878,0.366515837104072,0.947368421052632,0.735524256651017,0.885196374622356,0,0.969558599695586,0.330232558139535,0.98468606431853,0.981707317073171,0,0.642857142857143,0.976303317535545,0.0184049079754601,0.681538461538462,0.375951293759513,0.806499261447563,0.687888198757764,0.949177877428999,0.0936106983655275,0.976671850699845,0.984894259818731,0.978593272171254,0.2921875,0.100917431192661,0.981845688350983,0.978723404255319,0.00745156482861401,0.783132530120482,0.462595419847328,0.26412213740458,0.772865853658537,0.978593272171254,0.864485981308411,0.981762917933131,0.125186289120715,0.0157977883096366,0,0.819148936170213,0.0186046511627907,0.0180995475113122,0.27760736196319,0,0.979969183359014,0.912977099236641,0.984917043740573,0.984802431610942,0.103658536585366,0.0182926829268293,0,0,0.174183514774495,0.086687306501548,0.155864197530864,0,0.0196671709531014,0.981845688350983,0.0149925037481259,0.30381679389313,0.97984496124031,0.579754601226994,0.953917050691244,0.663157894736842,0.650075414781297,0,0.980769230769231,0.387944358578053,0.490825688073394,0.931034482758621,0.981981981981982,0.390769230769231,0.00904977375565611,0.963691376701967,0.965722801788376,0,0.961077844311377,0.0320121951219512,0.976377952755906,0.439209726443769,0,0.0076103500761035,0.5216,0.856697819314642,0.0182370820668693,0.150078988941548,0.0107197549770291,0.00158478605388273,0.738552437223043,0.0372093023255814,0.985645933014354,0.314759036144578,0.992492492492492,0.018018018018018,0.397572078907436,0.320493066255778,0.867924528301887,0.10223642172524,0.0182926829268293,0.00303490136570561,0.053125,0,0.983630952380952,0.0458135860979463,0.986822840409956,0.0234375,0.98297213622291,0,0.520119225037258,0.468277945619335,0.983231707317073,0,0.981981981981982,0,0.393026941362916,0.97583081570997,0,0.647951441578149,0.984591679506934,0.740399385560676,0.959247648902821,0.0531914893617021,0,0.983076923076923,0.272585669781931,0,0.690909090909091,0.017910447761194,0.0330827067669173,0.982919254658385,0.982892690513219,0.982116244411326,0.959938366718028,0.978560490045942,0,0.963076923076923,0.0212765957446809,0.349924585218703,0.289634146341463,0.978658536585366,0.975232198142415,0.975720789074355,0.974397590361446,0.0559757942511346,0.0290519877675841,0.977883096366509,0.943768996960486,0.714069591527988,0.966717095310136,0.981845688350983,0.98030303030303,0,0,0.963343108504399,0,0.0793893129770992,0,0.965891472868217,0.287066246056782,0.203442879499218,0.128398791540786,0.908527131782946,0,0.116843702579666,0.978658536585366,0.983333333333333,0.648401826484018,0.423357664233577,0.227678571428571,0.191904047976012,0.641975308641975,0.0121212121212121,0.135670731707317,0.545736434108527,0.26502311248074,0.700149925037481,0.0255639097744361,0,0.0139968895800933,0.31832298136646,0.981191222570533,0.617960426179604,0.232142857142857,0.623277182235835,0.874622356495468,0.967016491754123,0.968,0.975572519083969,0.985781990521327,0.982892690513219,0.549689440993789,0.43558282208589,0.983231707317073,0.0178041543026706,0.0267459138187221,0.87906976744186,0.0105580693815988,0.986404833836858,0.950844854070661,0,0.124409448818898,0,0.949230769230769,0,0.968085106382979,0.981651376146789,0.0165912518853695,0.836641221374046,0.982062780269058,0.649149922720247,0.617117117117117,0.880248833592535,0,0,0.931818181818182,0.958579881656805,0.989280245022971,0,0,0.0174050632911392,0.244377811094453,0.509146341463415,0,0.453172205438066,0,0.9328125,0.982919254658385,0.167692307692308,0.240853658536585,0,0.350387596899225,0.593272171253823,0.869831546707504,0.976366322008863,0.77947932618683,0.0138674884437596,0.987281399046105,0.0137825421133231,0.981102362204724,0,1,0.0075187969924812,0.984567901234568,0.0308641975308642,0.0187793427230047,0,0,0.824884792626728,0.925,0.943939393939394,0.719457013574661,0.0433482810164425,0.0278637770897833,0.848854961832061,0.833585476550681,0,0.0247295208655332,0.950540958268934,0,0.968203497615262,0.971428571428571,0.078907435508346,0.0396341463414634,0.0183767228177642,0.980421686746988,0.475155279503106,0.0847457627118644,0.1140625,0.12937595129376,0.68944099378882,0.104072398190045,0.983231707317073,0,0.760188087774295,0.969650986342944,0.0046801872074883,0,0.0194902548725637,0,0.0201550387596899,0.984917043740573,0.719047619047619,0.0186335403726708,0.0203125,0.528593508500773,0.967592592592593,0.435240963855422,0.0447093889716841,0.0171606864274571,0.0491283676703645,0.0166414523449319,0,0.0375586854460094,0.0238095238095238,0.0184331797235023,0.0301659125188537,0.0152439024390244,0.0460829493087558,0.0529500756429652,0.0320121951219512,0.0184899845916795,0.00628930817610063,0.0258358662613982,0.0242424242424242,0.0596330275229358,0.0232558139534884,0.0196374622356495,0.0174880763116057,0.0232198142414861,0.0435458786936236,0.0230769230769231,0.0242057488653555,0.0180722891566265,0.0568356374807988,0.0193740685543964,0.0202492211838006
"773",0.00802568218298555,0.00789889415481832,0.00768049155145929,0.00313971742543171,0.0078740157480315,0.00792393026941363,0.0205047318611987,0.0047244094488189,0.00923076923076923,0.990445859872611,0.0077639751552795,0.993730407523511,0.00312989045383412,0.00794912559618442,0,0,0.990769230769231,0.988958990536278,0.00807754442649435,0.00775193798449612,0,0,0.00622083981337481,0.992435703479576,0.00777604976671851,0,0,0.00964630225080386,0,0,0,0.00157232704402516,0.00318471337579618,0,0.9921875,0.00788643533123028,0.978395061728395,0.00927357032457496,0,0.00918836140888208,0.993720565149137,0.990697674418605,0.998442367601246,0.0046875,0.00323101777059774,0,0.00156985871271586,0,0.00303490136570561,0,0.992295839753467,0.00623052959501558,0,0.00473186119873817,0.0194174757281553,0,0.992012779552716,0.00796178343949045,0.0093603744149766,0.00152439024390244,0.0015527950310559,0,0,0.992063492063492,0.00647249190938511,0.00927357032457496,0.99203821656051,0.00941915227629513,0.993769470404984,0,0.00627943485086342,0,0,0.00460829493087558,0.993808049535604,0.00154559505409583,0,0.00309597523219814,0.0047244094488189,0,0.992076069730586,0,0,0.00612557427258806,0,0.00775193798449612,0.0077639751552795,0.00619195046439629,0.00762195121951219,0.996927803379416,0.0047244094488189,0.00769230769230769,0.995268138801262,0.993720565149137,0.00474683544303797,0.990668740279938,0.018957345971564,0.0078125,0.996904024767802,0.998447204968944,0.0109717868338558,0.99211356466877,0,0.00626959247648903,0,0.00810372771474878,0.996840442338073,0.00946372239747634,0,0,0,0.0172143974960876,0.00156985871271586,0.00789889415481832,0.993759750390016,0.009375,0.00156739811912226,0.993874425727412,0,0,0.992319508448541,0.00469483568075117,0,0,0.00791139240506329,0,0.00311526479750779,0.00462962962962963,0.992125984251969,0.0122511485451761,0.00626959247648903,0.00317965023847377,0.0063391442155309,0.992223950233281,0.00964630225080386,0,0.992211838006231,0,0.00156985871271586,0.0111464968152866,0.99198717948718,0.995192307692308,0.0062402496099844,0.00470219435736677,0,0.00632911392405063,0,0.00467289719626168,0.00161030595813205,0.00769230769230769,0,0.0078125,0.00636942675159236,0.00470219435736677,0.00625,0,0.00947867298578199,0,0.992236024844721,0.008,0.0091324200913242,0.00470219435736677,0,0.993827160493827,0.0062015503875969,0.00160771704180064,0.00814332247557003,0.00782472613458529,0.0062015503875969,0.00154559505409583,0.0093603744149766,0,0.00764525993883792,0,0.00797448165869218,0.00154083204930663,0.992050874403816,0.0077639751552795,0.993893129770992,0.00157977883096367,0.00933125972006221,0,0.0062402496099844,0.00622083981337481,0.0045045045045045,0.00933125972006221,0,0.00153609831029186,0.00160771704180064,0.00634920634920635,0,0,0.00783699059561128,0.0248833592534992,0.992378048780488,0.992211838006231,0,0.990668740279938,0.0060790273556231,0,0.0142405063291139,0.0015527950310559,0.0076103500761035,0,0.00306278713629403,0,0.0062015503875969,0.00772797527047913,0.00619195046439629,0.990491283676704,0.00775193798449612,0,0.00631911532385466,0,0,0.00473186119873817,0.00941915227629513,0.00771604938271605,0.00469483568075117,0.00940438871473354,0.00628930817610063,0.992150706436421,0,0.00153374233128834,0.00638977635782748,0.992088607594937,0.00923076923076923,0.00773993808049536,0.00921658986175115,0.0031496062992126,0.00933125972006221,0.00977198697068404,0.0253164556962025,0.991961414790997,0.0169753086419753,0,0.00483091787439614,0,0.00454545454545455,0.00793650793650794,0.00927357032457496,0.00788643533123028,0.0031104199066874,0,0.0047244094488189,0.0015527950310559,0,0,0.00156985871271586,0,0,0.00152439024390244,0,0,0,0.00153374233128834,0,0.00317965023847377,0.9968,0,0.993855606758833,0.00317460317460317,0.00642054574638844,0.0046875,0.004739336492891,0.993808049535604,0.00480769230769231,0.0123839009287926,0.00155038759689922,0,0.00157232704402516,0.00479233226837061,0.996884735202492,0.00793650793650794,0,0.00161812297734628,0.0062992125984252,0,0.00311526479750779,0,0,0.00765696784073507,0.00985221674876847,0.0173775671406003,0.990990990990991,0.00306278713629403,0.0222575516693164,0.992354740061162,0,0.0183767228177642,0.00637958532695375,0.992343032159265,0,0,0.00637958532695375,0.00319488817891374,0,0.995222929936306,0.0204724409448819,0.00778816199376947,0.00152671755725191,0.0031104199066874,0.00318471337579618,0.00619195046439629,0,0.0061633281972265,0.0062402496099844,0,0.0062015503875969,0.00158982511923688,0.00645161290322581,0.00777604976671851,0,0.00154083204930663,0,0.00635930047694754,0.00481540930979133,0.960183767228178,0,0.00952380952380952,0,0.00151745068285281,0.00793650793650794,0.00963081861958266,0.00783699059561128,0.00159489633173844,0.00924499229583975,0,0.00786163522012579,0.00950871632329636,0.993740219092332,0,0.0113268608414239,0,0.957186544342508,0,0.00460829493087558,0,0,0.992378048780488,0,0.00786163522012579,0,0.00810372771474878,0.00625978090766823,0.00631911532385466,0,0,0.00313479623824451,0.00163398692810458,0.99388379204893,0.00465116279069767,0,0,0,0.00791139240506329,0,0.992163009404389,0.0015527950310559,0,0,0.0031496062992126,0.00784929356357928,0,0.00647249190938511,0.00773993808049536,0.990825688073395,0.00448430493273543,0,0.00906344410876133,0.00313479623824451,0.00647249190938511,0,0.00458715596330275,0,0.00941915227629513,0.00315955766192733,0.00933125972006221,0.00775193798449612,0.00927357032457496,0,0.00955414012738853,0.00924499229583975,0,0,0.00803858520900321,0.00627943485086342,0,0.00930232558139535,0.00955414012738853,0.0062111801242236,0.00925925925925926,0.990551181102362,0,0.00933125972006221,0,0.993660855784469,0.00628930817610063,1,0,0.00764525993883792,0.00632911392405063,0.998420221169036,0.0125,0,0.0095389507154213,0,0.00479233226837061,0.00802568218298555,0,0.0015600624024961,0.0031496062992126,0.993610223642173,0,0.0048,0.00630914826498423,0.00158478605388273,0.00771604938271605,0.00977198697068404,0,0.993798449612403,0.0091324200913242,0.00626959247648903,0.00317460317460317,0.00309119010819165,0,0.00793650793650794,0,0.0183333333333333,1,0.00160513643659711,0.0015600624024961,0.0031201248049922,0.99375,0.00162337662337662,0.00788643533123028,0.00153846153846154,0,0,0.993836671802773,0.993827160493827,0.00744047619047619,0.00759878419452888,0.992199687987519,0.00459418070444104,0.996815286624204,0.995384615384615,0.990291262135922,0.00947867298578199,0.990740740740741,0.00486223662884927,0.0046656298600311,0.00909090909090909,0.00921658986175115,0.992125984251969,0.990551181102362,0.00631911532385466,0.00598802395209581,0.00470219435736677,0,0.995238095238095,0.0182370820668693,0.00153609831029186,0.00949367088607595,0.00153846153846154,0.00157728706624606,0.993740219092332,0.00628930817610063,0,0.00969305331179321,0,0.990811638591118,0,0,0.00162074554294976,0.00782472613458529,0.990668740279938,0.00614439324116743,0.00772797527047913,0.00928792569659443,0.993730407523511,0,0.00488599348534202,0,0.00924499229583975,0.00459418070444104,0,0.00928792569659443,0,0.0046656298600311,0,0.00160513643659711,0.00625,0.996865203761755,0,0.009375,0,0.0032,0.0156494522691706,0.992283950617284,0,0.00481540930979133,0,0.00934579439252336,0,0,0.0016260162601626,0.00303951367781155,0.00458715596330275,0.00627943485086342,0.0032,0.992101105845182,0.0077639751552795,0,0.00778816199376947,0.00649350649350649,0,0.0093167701863354,0.00788643533123028,0.00952380952380952,0.00159489633173844,0.00783699059561128,0,0,0.00930232558139535,0.0141732283464567,0.992331288343558,0.990551181102362,0.0046656298600311,0.00482315112540193,0,0.00963081861958266,0.00772797527047913,0,0.00637958532695375,0.00321027287319422,0.0166163141993958,0.990909090909091,0.00943396226415094,0.0159744408945687,0.0062402496099844,0.00788643533123028,0.992412746585736,0.00627943485086342,0.00475435816164818,0,0.00631911532385466,0,0.00740740740740741,0.00317965023847377,0.00921658986175115,0,0.00956937799043062,0.00928792569659443,0.00311526479750779,0.0192616372391653,0.0253565768621236,0.009375,0.0075642965204236,1,0.00156739811912226,0.00156985871271586,0,0.00314465408805031,0.00788643533123028,0.00479233226837061,0.00461538461538462,0.776234567901235,0,0.992260061919505,0.0062402496099844,0,0,0,0.993640699523052,0.00627943485086342,0.00463678516228748,0.00469483568075117,0.0077639751552795,0,0,0.990963855421687,0.990536277602524,0,0,0,0.992248062015504,0,0.00778816199376947,0.566770186335404,0,0.00473186119873817,0.010989010989011,0.00789889415481832,0.00303951367781155,0.00306748466257669,0.992272024729521,0.00895522388059702,0,0,0.00910470409711684,0.00921658986175115,0,0.998456790123457,0.0046801872074883,0.00464396284829721,0.992150706436421,0.00910470409711684,0,0.00644122383252818,0.00307692307692308,0.993640699523052,1,0,0.00318471337579618,0,0,0.998442367601246,0.990322580645161,0.00302114803625378,0,0.00825082508250825,0.00153846153846154,0.00918836140888208,0,0.00158227848101266,0,0.00955414012738853,0,0,1,0,0.992211838006231,0.00917431192660551,0.156351791530945,0.00606980273141123,0,0.00940438871473354,0.993827160493827,0.00151975683890578,0.0015748031496063,0.0063391442155309,0.992050874403816,0.00775193798449612,0.991922455573506,0,0.00775193798449612,0.995348837209302,0.0218408736349454,0.00631911532385466,0.0015600624024961,0.00477707006369427,0,0.990521327014218,0.0077639751552795,0,0.99236641221374,0.0015552099533437,0,0,0.00469483568075117,0.00630914826498423,0.00775193798449612,0.00928792569659443,0.00319488817891374,0.990610328638498,0.0077639751552795,0.987654320987654,0.0248062015503876,0,0.0077639751552795,0.00628930817610063,0.00458715596330275,0.00923076923076923,0.923913043478261,0,0.00805152979066022,0.00464396284829721,0.00464396284829721,0.00784929356357928,0.00773993808049536,0.00777604976671851,0.993836671802773,0.995433789954338,0.0091324200913242,0.992295839753467,0,0.992088607594937,0.00627943485086342,0,0,0,0.00646203554119548,0.990639625585023,0,0.00950871632329636,0.00934579439252336,0.00153609831029186,0,0,0,0.00156985871271586,0,0,0,0,0.00462249614791988,0,0.99194847020934,0,0.0192616372391653,0.00638977635782748,0.031055900621118,0,0.0015748031496063,0.00763358778625954,0.0091324200913242,0.00970873786407767,0.00641025641025641,0.00797448165869218,0.00792393026941363,0,0.0031055900621118,0.00938967136150235,0,0,0.00631911532385466,0.996978851963746,0.00769230769230769,0.00614439324116743,0.995230524642289,0,0.990610328638498,0.00469483568075117,0.993527508090615,0.00772797527047913,0.00775193798449612,0,0.00475435816164818,0.00763358778625954,0.0032,0,0.0221870047543582,0.992295839753467,0.993740219092332,0.0033112582781457,0.00449775112443778,0.0062111801242236,0.992319508448541,0.990867579908676,0,0,0.00463678516228748,0.990639625585023,0,0.995405819295559,0.00641025641025641,0.00792393026941363,0.0350877192982456,0,0.990853658536585,0.00160513643659711,0.00154798761609907,0.00782472613458529,0.00458015267175573,0.00311526479750779,0,0.00798722044728434,0.886970172684458,0.0095389507154213,0.993650793650794,0.0075187969924812,1,0.00801282051282051,0,0.369255150554675,0.993817619783617,0.992125984251969,0.00465116279069767,0.00631911532385466,0.0153139356814701,0.00463678516228748,0,0,0.00626959247648903,0.00757575757575758,0.996810207336523,0,0.0078125,0.993817619783617,0.00963081861958266,0.00622083981337481,0,0.967441860465116,0,0.00933125972006221,0.00320512820512821,0,0,0,0.00317460317460317,0,0.00789889415481832,0.992236024844721,0.00938967136150235,0.00775193798449612,0.998417721518987,0.990654205607477,0,0.992101105845182,0,0.00773993808049536,0.00321543408360129,0,0,0.00956937799043062,0.0110935023771791,0,0.961890243902439,0,0.916666666666667,0.976708074534162,0.993720565149137,0.154818325434439,0,0,0.00460122699386503,0,0.96551724137931,0.956181533646322,0,0.975116640746501,0.991974317817014,0.9484375,0.973561430793157,0.953846153846154,0,0.969088098918083,0,0,0.966876971608833,0,0.929663608562691,0,0.055379746835443,0,0
"774",0.996753246753247,1,0.970633693972179,0.936378466557912,0.988524590163934,1,0.884057971014493,0.971153846153846,1,0,1,0,0.561093247588424,1,0.0399361022364217,0.00471698113207547,0,0.0126984126984127,0.996763754045307,0.98256735340729,0.14785373608903,0.0311475409836066,0.990506329113924,0,0.9536,0.233494363929147,0.113782051282051,0.987075928917609,0.460244648318043,0.684294871794872,0,0.684713375796178,0.762135922330097,0.286624203821656,0,1,0.0156739811912226,0.995275590551181,0.254211332312404,0.915227629513344,0.00162074554294976,0.0143312101910828,0.00628930817610063,1,0.773333333333333,0.0227642276422764,0.49445324881141,0,0.458074534161491,0.131172839506173,0,0.9936,0.261980830670927,1,0.87459807073955,0.166394779771615,0,0.976038338658147,0.956386292834891,0.894899536321484,0.301261829652997,0.417322834645669,0,0,0.89344262295082,0.823622047244094,0,0.988993710691824,0,0,0.861852433281005,0.00474683544303797,0.0175718849840256,1,0,0.704225352112676,0.040625,0.5536,0.893719806763285,0.26271186440678,0,0.703588143525741,0.184496124031008,1,0.103896103896104,0.905362776025237,0.995230524642289,0.966453674121406,0.968602825745683,0.0124804992199688,0.988691437802908,1,0,0,0.973941368078176,0,0.3,0.982594936708861,0.00789889415481832,0.00801282051282051,0.609951845906902,0,0.280388978930308,1,0.105180533751962,1,0.00970873786407767,0.979462875197472,0,0.00797448165869218,0.00638977635782748,0.9024,0.332807570977918,0.992025518341308,0,0.988853503184713,0.704944178628389,0,0,0.240384615384615,0,0.756843800322061,0.237560192616372,0.0816666666666667,0.976525821596244,0.14622641509434,0.996850393700787,0.996850393700787,0,0.537007874015748,0.938110749185668,0.497545008183306,0.990147783251232,0,0.995121951219512,0.0219435736677116,0,0.1872,0.610845295055821,0.512437810945274,0,0,0.979397781299525,0.753225806451613,0.156862745098039,1,0.00793650793650794,0.92259083728278,0.406451612903226,0.9796875,0.137030995106036,0.982456140350877,1,0.839936608557845,0.996820349761526,0,1,0,0,0.736925515055468,0.853354134165367,0.982142857142857,0.0188087774294671,0,1,0.434571890145396,1,1,1,0.29570747217806,0.977883096366509,0.00160771704180064,0.945652173913043,0,0.885852090032154,0.347003154574132,0,0.985691573926868,0,0.84044233807267,1,0.112,0.984350547730829,0.947619047619048,0.990853658536585,0.9734375,0.0998415213946117,0.386895475819033,0.922077922077922,0.939641109298532,0.0544871794871795,0.00471698113207547,0.978896103896104,0.849921011058452,0,0,0.291325695581015,0.00159744408945687,1,0.257551669316375,0.870491803278688,0.739469578783151,0.990566037735849,0.419934640522876,0.434231378763867,0.27831715210356,0.92,0.964856230031949,0.871632329635499,0,0.88125,0.176182707993475,0.943639291465378,0,0.0564263322884013,0.528301886792453,0.97444089456869,0.977952755905512,0.823151125401929,0.998417721518987,0.89297124600639,0,0.0631911532385466,0.644200626959248,0.996726677577741,0,0.990506329113924,0.983128834355828,0.539936102236422,0.544426494345719,0.99185667752443,1,0.351648351648352,0,0.881064162754304,0.511437908496732,0.970540098199673,0,0.957943925233645,0.998371335504886,1,0.957006369426752,0.524332810047096,0,0.969205834683955,0.516746411483254,0.00464396284829721,0.00153374233128834,0.207006369426752,0,0.135399673735726,0.65990639625585,0,0.00318471337579618,0.00809061488673139,0.578125,0.0342019543973941,0.987220447284345,0.0112721417069243,0,0,0.22168284789644,1,0.977309562398703,0.913461538461538,0,0.864600326264274,0.847692307692308,0.685897435897436,0.606060606060606,0.442834138486312,0.446078431372549,0.0109717868338558,1,0.0925039872408294,0.702614379084967,0.963258785942492,0.0125786163522013,0.740384615384615,0.00161030595813205,0.115873015873016,1,1,0.888524590163934,0,0.636220472440945,0.882447665056361,0,0,0.887147335423197,0.979233226837061,0,0,0.00156739811912226,0.980327868852459,0.876422764227642,0,0,0.375198728139905,0.990415335463259,0.783699059561129,0.393987341772152,0.647342995169082,0.9640625,0.00806451612903226,1,1,0.00644122383252818,0.9664,1,0.975728155339806,0.996835443037975,0.175438596491228,0.304821150855365,0.278041074249605,0.974068071312804,0.941176470588235,0.0445151033386327,0.271103896103896,0.976038338658147,0.142410015649452,0.310664605873261,0.996784565916399,0.9968,0.969404186795491,0.673841059602649,0.998442367601246,0.244372990353698,0.966719492868463,0.9984,0,0.317965023847377,0.543689320388349,0.0189873417721519,0.0458860759493671,0.00775193798449612,0.908212560386473,0.0285714285714286,0,0,0.212903225806452,0.991935483870968,0.0664556962025316,0.985024958402662,0.9664,0.987240829346092,0.278955954323002,0.285714285714286,0.658064516129032,0.454394693200663,0,0.816,0.0125,0.0344827586206897,0.1984375,1,0.00157728706624606,0,0.328593996840442,0.00949367088607595,0.0177705977382876,0.457792207792208,1,0.275806451612903,1,0.970873786407767,0,0.992412746585736,0,0.998439937597504,0.8272,1,0.00940438871473354,0.98125,0,0.881064162754304,0.697019867549669,0.943396226415094,0.984472049689441,0.996810207336523,0.285031847133758,0.964458804523425,1,0,0.0237341772151899,1,1,0.330143540669856,0.889064976228209,0.960132890365448,0.952681388012618,1,0,0.12012987012987,1,0,0,0.966346153846154,0.0114192495921697,0.0463258785942492,1,0.970172684458399,0.00482315112540193,0.615262321144674,0.391935483870968,0.982286634460548,0.00162074554294976,0.863123993558776,0.998371335504886,0.358974358974359,0.596850393700787,0.778846153846154,0,0.156299840510367,0.974235104669887,0.998410174880763,0.432859399684044,1,0.97171381031614,0.0303514376996805,0.00158982511923688,0.983974358974359,0.996763754045307,0.947115384615385,0.664050235478807,0.00797448165869218,0.854132901134522,0.226917057902973,0.176859504132231,0.00635930047694754,0.603618421052632,0.587662337662338,0.5936,0,0.282009724473258,0.909235668789809,0.620094191522763,0.5203125,0.0790697674418605,0,0,1,0.975,0,0.921221864951768,0.00977198697068404,0,0,0.998387096774194,0,1,0.768987341772152,0.511737089201878,1,0,0,0.993650793650794,0.963246554364472,0.712732919254658,0,0.00329489291598023,0.867298578199052,0.586583463338534,1,0.51496062992126,0.351524879614767,0,0.985804416403785,0,0.951923076923077,0.0906148867313916,0,0.00770416024653313,0.108239095315024,0.475,0.969305331179321,0,0.951070336391437,0.974643423137876,1,0,0.0749601275917065,0.936426116838488,0.00166112956810631,1,1,0.00628930817610063,1,0.29047619047619,0.799679487179487,0.0078125,0.166392092257002,0.959807073954984,0.0114192495921697,0,0.973101265822785,0.00665557404326123,0.65,0.384984025559105,0,0.103286384976526,0.729335494327391,0.247208931419458,0.974683544303797,0,0.140625,0.465116279069767,0.94392523364486,0.880573248407643,0.966129032258065,0.737785016286645,0,0.985959438377535,0,0.9744,0.388797364085667,0,1,1,1,0.616719242902208,0.985849056603774,0.134087237479806,0.180817610062893,0.938582677165354,0.87519747235387,0,0,0.99025974025974,0.942716857610475,0.0160771704180064,0.985483870967742,0.99203821656051,0.369085173501577,0.93719806763285,0.735294117647059,0.875981161695447,0,0.96551724137931,0.33652312599681,1,0.998410174880763,0,0.64171974522293,0.974235104669887,0,0.67536704730832,0.381703470031546,0.790446841294299,0.667205169628433,0.958461538461538,0.0702028081123245,0.983686786296901,1,0.9826224328594,0.286885245901639,0.0958466453674121,0.992076069730586,1,0.00950871632329636,0.776190476190476,0.4375,0.254746835443038,0.759750390015601,1,0.876006441223833,1,0.120689655172414,0,0,0.809825673534073,0.00162337662337662,0,0.2784,0,0.988727858293076,0.910969793322735,0.998402555910543,0.996865203761755,0.0771704180064309,0,0,0,0.173267326732673,0.0789889415481833,0.15210355987055,0,0,1,0.00791139240506329,0.298045602605863,1,0.564102564102564,0.975767366720517,0.637083993660856,0.623052959501558,0,1,0.391442155309033,0.494290375203915,0.917956656346749,0.990625,0.385714285714286,0.0128617363344051,0.952380952380952,0.95748031496063,0,0.965891472868217,0.0144927536231884,0.985049833887043,0.42992125984252,0,0.00961538461538462,0.508305647840532,0.8304,0,0.135782747603834,0.0112359550561798,0.00163398692810458,0.746130030959752,0.0226171243941842,1,0.320634920634921,0.993779160186625,0,0.372424722662441,0.297208538587849,0.861111111111111,0.0943708609271523,0.00317965023847377,0.0032258064516129,0.0432692307692308,0,0.993740219092332,0.0394088669950739,0.978560490045942,0.00323624595469256,1,0,0.510140405616225,0.444267515923567,1,0,0.998427672955975,0,0.397372742200328,0.987577639751553,0,0.640062597809077,0.980582524271845,0.727714748784441,0.952768729641694,0.0391849529780564,0,1,0.268092105263158,0,0.684044233807267,0,0.0157728706624606,1,1,0.992199687987519,0.9696,0.979099678456592,0,0.975845410628019,0.0236220472440945,0.339144215530903,0.293103448275862,0.993700787401575,0.992012779552716,0.995327102803738,0.992012779552716,0.0543130990415335,0.012779552715655,0.983443708609272,0.959438377535101,0.703296703296703,0.977707006369427,1,0.976489028213166,0,0,0.983076923076923,0,0.0551181102362205,0,0.956112852664577,0.285245901639344,0.191626409017713,0.118483412322275,0.928687196110211,0,0.103503184713376,1,1,0.619741100323625,0.408194233687405,0.193846153846154,0.184663536776213,0.628617363344051,0,0.110591900311526,0.540192926045016,0.263578274760383,0.689655172413793,0.0110759493670886,0,0,0.312399355877617,1,0.618670886075949,0.221538461538462,0.598412698412698,0.864906832298137,0.987519500780031,0.963576158940397,0.985245901639344,1,0.998387096774194,0.54414125200642,0.423622047244094,0.9984,0.00462962962962963,0.00772797527047913,0.862681744749596,0.0110410094637224,1,0.976377952755906,0,0.100977198697068,0,0.948553054662379,0,0.974522292993631,1,0.00623052959501558,0.836702954898911,1,0.637987012987013,0.606060606060606,0.870340356564019,0,0,0.926421404682274,0.940729483282675,0.990595611285266,0,0,0,0.231378763866878,0.503164556962025,0,0.442700156985871,0,0.925686591276252,1,0.154605263157895,0.211023622047244,0,0.344771241830065,0.583732057416268,0.86741214057508,0.964230171073095,0.766773162939297,0,0.988636363636364,0.0159489633173844,1,0,0.984567901234568,0.00801282051282051,1,0.0176282051282051,0.00974025974025974,0,0,0.82051282051282,0.929508196721311,0.93125,0.723172628304821,0.0248833592534992,0.00650406504065041,0.840189873417722,0.832550860719875,0,0.0160513643659711,0.967741935483871,0,0.985413290113452,0.957074721780604,0.0625978090766823,0.0379746835443038,0.00158478605388273,1,0.468699839486356,0.0644122383252818,0.0833333333333333,0.113207547169811,0.677100494233937,0.0883280757097792,1,0,0.755700325732899,0.985849056603774,0.00317965023847377,0,0,0,0,1,0.706168831168831,0,0,0.529220779220779,0.959083469721768,0.425,0.0440251572327044,0,0.0509031198686371,0.01743264659271,0,0.0289855072463768,0.0031055900621118,0,0.00933125972006221,0,0.0436187399030695,0.0516431924882629,0.0143312101910828,0.0174603174603175,0.0033112582781457,0.0236593059936909,0.0220125786163522,0.0533751962323391,0.00642054574638844,0.0188383045525903,0,0.00162337662337662,0.0391517128874388,0.00482315112540193,0.0235109717868339,0,0.0347003154574132,0,0
"775",0.0144,0.0203761755485893,0.0444444444444444,0.0703764320785597,0.028892455858748,0.0206349206349206,0.122186495176849,0.0390015600624025,0.0200617283950617,0,0.0142630744849445,0,0.443396226415094,0.0176565008025682,0.935331230283912,0.97191887675507,0,0.00158478605388273,0.0161550888529887,0.0303514376996805,0.831230283911672,0.957377049180328,0.0295489891135303,0,0.0608424336973479,0.743670886075949,0.875389408099688,0.0243506493506494,0.552959501557632,0.322429906542056,0.978159126365055,0.323854660347551,0.246774193548387,0.711568938193344,0,0.0189873417721519,0.0062111801242236,0.0233281493001555,0.736600306278714,0.113354037267081,0,0,0,0.0174050632911392,0.233660130718954,0.972843450479233,0.502377179080824,0.982343499197432,0.54434250764526,0.859541984732824,0,0.0221870047543582,0.74294670846395,0.0172684458398744,0.127760252365931,0.858306188925081,0,0.0414673046251994,0.0520504731861199,0.108490566037736,0.70735524256651,0.580343213728549,0.977777777777778,0,0.11525974025974,0.1984375,0,0.0268562401263823,0,0.9824,0.149691358024691,0.976452119309262,0.97984496124031,0.0170278637770898,0,0.3078125,0.94679186228482,0.441130298273155,0.1168,0.749585406301824,0,0.313846153846154,0.805555555555556,0.0171606864274571,0.870514820592824,0.101088646967341,0.0171875,0.0483619344773791,0.0358814352574103,0,0.0240770465489567,0.0172684458398744,0,0,0.0350877192982456,0,0.689873417721519,0.0380952380952381,0,0,0.395534290271132,0,0.721417069243156,0.0161550888529887,0.897196261682243,0.0180623973727422,0,0.0412698412698413,0.9792,0.976076555023923,0.970266040688576,0.110223642172524,0.688291139240506,0.0284810126582278,0,0.0329153605015674,0.319314641744548,0,0.981191222570533,0.786392405063291,0,0.254746835443038,0.753993610223642,0.915584415584416,0.0363924050632911,0.846153846153846,0.0218408736349454,0.0218068535825545,0,0.459247648902821,0.0753532182103611,0.536231884057971,0.0305466237942122,0,0.0207336523125997,0.967289719626168,0,0.792544570502431,0.386687797147385,0.493610223642172,0,0,0.0313479623824451,0.255627009646302,0.829268292682927,0.0144230769230769,0.973101265822785,0.0890625,0.608414239482201,0.0308641975308642,0.864217252396166,0.0318471337579618,0.0178861788617886,0.16358024691358,0.0203125,0.982055464926591,0.0172955974842767,0.980830670926518,0,0.278662420382166,0.144409937888199,0.0349206349206349,0.989079563182527,0,0.0139751552795031,0.552504038772213,0.0199667221297837,0.0156494522691706,0.0170278637770898,0.711213517665131,0.0313971742543171,0.981012658227848,0.0596546310832025,0.98159509202454,0.117363344051447,0.629107981220657,0,0.0316455696202532,0,0.169811320754717,0.0203442879499218,0.867954911433172,0.025518341307815,0.0637636080870918,0.0292758089368259,0.047244094488189,0.9234375,0.641304347826087,0.0964630225080386,0.0713128038897893,0.936507936507937,0.979876160990712,0.037037037037037,0.149765990639626,0,0,0.696969696969697,0,0.013953488372093,0.753869969040248,0.143548387096774,0.25314465408805,0.0214395099540582,0.575320512820513,0.579439252336449,0.718196457326892,0.089622641509434,0.0458860759493671,0.1453125,0,0.133956386292835,0.830618892508143,0.0654952076677316,0.979527559055118,0.932203389830508,0.472527472527473,0.0394321766561514,0.0356037151702786,0.194267515923567,0.0203761755485893,0.125588697017268,0,0.933962264150943,0.358139534883721,0.0224358974358974,0,0.0248447204968944,0.0351145038167939,0.464454976303318,0.464788732394366,0.033175355450237,0.0210355987055016,0.609872611464968,0,0.114906832298137,0.5,0.0411184210526316,0.979719188767551,0.0584615384615385,0.0159744408945687,0.0172955974842767,0.0684713375796178,0.479134466769706,0.979099678456592,0.0421875,0.47723704866562,0.976635514018692,0.980122324159021,0.813586097946288,0.985804416403785,0.847154471544715,0.328173374613003,0.981308411214953,0.992272024729521,0.978159126365055,0.417818740399386,0.941558441558442,0.0305958132045089,0,0.982594936708861,0,0.772435897435897,0.0211726384364821,0.0441640378548896,0.110764430577223,0,0.148387096774194,0.16380655226209,0.327974276527331,0.43015873015873,0.552715654952077,0.568910256410256,0,0.0160513643659711,0.897959183673469,0.319422150882825,0.05103668261563,0.976452119309262,0.270440251572327,0.98256735340729,0.90251572327044,0.0167682926829268,0.0212418300653595,0.127214170692432,0,0.354938271604938,0.1264,0,0.981042654028436,0.117283950617284,0.0350877192982456,0,0.985826771653543,0.979623824451411,0.037037037037037,0.128205128205128,0.98389694041868,0,0.602825745682888,0.0238473767885533,0.233024691358025,0.627575277337559,0.362745098039216,0.0462962962962963,0.974921630094044,0.0201238390092879,0.0186915887850467,0.978998384491115,0.0486656200941915,0.0173228346456693,0.0422764227642276,0.0158982511923688,0.820634920634921,0.702362204724409,0.721337579617834,0.0385232744783307,0.0634146341463415,0.00156494522691706,0.757624398073836,0.0395569620253165,0.838304552590267,0.723823975720789,0.0235849056603774,0.0188679245283019,0.0423197492163009,0.336553945249597,0.018348623853211,0.771704180064309,0.0490506329113924,0.0208,0,0.682888540031397,0.461414790996785,0.973101265822785,0.00156494522691706,0.976851851851852,0.0947204968944099,0.959311424100156,0.982892690513219,0,0.783825816485226,0.0239234449760766,0.916932907348243,0.0314569536423841,0.0440944881889764,0.0287081339712919,0.726094003241491,0.707592891760905,0.354632587859425,0.570723684210526,0,0.199052132701422,0.9671875,0.953632148377125,0.806299212598425,0.0177133655394525,0.984423676012461,0,0.680314960629921,0.970633693972179,0.955625990491284,0.533541341653666,0.0193236714975845,0.746774193548387,0.0180623973727422,0.0544,0,0.0193740685543964,0.979938271604938,0.0198776758409786,0.195956454121306,0.016260162601626,0.97275641025641,0.0414110429447853,0.981132075471698,0.136075949367089,0.302066772655008,0.0782208588957055,0.03125,0.0225442834138486,0.709320695102686,0.0576923076923077,0.0169753086419753,0.981538461538462,0.970404984423676,0.0176848874598071,0.0203761755485893,0.699530516431925,0.137931034482759,0.0524590163934426,0.0628930817610063,0.0202808112324493,0,0.895330112721417,0.0171875,0.984301412872841,0,0.0476947535771065,0,0.993589743589744,0.0154320987654321,0.0487421383647799,0,0.387301587301587,0.586151368760064,0.0328407224958949,0.9792,0.132283464566929,0.024390243902439,0.628980891719745,0.407582938388626,0.227564102564103,0,0.840255591054313,0.0366826156299841,0.0203761755485893,0.564142194744977,0.0171875,0.0481727574750831,0.950715421303657,0,0.028391167192429,0.0235109717868339,0.0589147286821705,0.333333333333333,0.977635782747604,0.153354632587859,0.766091051805338,0.805042016806723,0,0.388709677419355,0.414173228346457,0.395931142410016,0,0.729468599033816,0.101286173633441,0.369969040247678,0.502347417840376,0.933846153846154,0,0,0.0151975683890578,0.0451713395638629,0,0.0959119496855346,0,0,0,0.0192,0,0.0179738562091503,0.222044728434505,0.483231707317073,0.014018691588785,0,0,0.0253968253968254,0.0488549618320611,0.292569659442724,0.9828125,0,0.133545310015898,0.404423380726698,0.0202808112324493,0.481072555205047,0.662480376766091,0,0.0330188679245283,0.980645161290323,0.0494417862838915,0.934065934065934,0,0.972350230414747,0.86677367576244,0.543189368770764,0.0404984423676012,0,0.0662557781201849,0.0325581395348837,0.0156494522691706,0,0.940418679549114,0.0787269681742044,0.97708674304419,0.0139318885448916,0.0215716486902928,0.979750778816199,0.0188679245283019,0.701112877583466,0.208722741433022,0.977812995245642,0.829821717990275,0.0583596214511041,0,0.979559748427673,0.0418604651162791,0.981878088962109,0.360975609756098,0.607594936708861,0,0.875786163522013,0.275806451612903,0.7425431711146,0.04375,0.982428115015974,0.853846153846154,0.567656765676568,0.0585516178736518,0.131455399061033,0.0557324840764331,0.282504012841092,0,0.0327613104524181,0.9828125,0.0508744038155803,0.615262321144674,0.986153846153846,0.0186915887850467,0.0172955974842767,0.0095389507154213,0.380877742946708,0.0265625,0.871632329635499,0.813291139240506,0.0709876543209877,0.140350877192982,0,0,0.0222929936305732,0.0811688311688312,0.967948717948718,0.0316455696202532,0.0253164556962025,0.629337539432177,0.0917874396135266,0.260032102728732,0.125,0,0.0448,0.650159744408946,0.0158478605388273,0.0205371248025276,0,0.373608903020668,0.0444444444444444,0.984251968503937,0.35031847133758,0.633228840125392,0.216133942161339,0.328548644338118,0.0666666666666667,0.91566265060241,0.0326797385620915,0.0187207488299532,0.0344827586206897,0.693290734824281,0.870458135860979,0.0315457413249211,0.0187207488299532,0,0.2328125,0.562111801242236,0.762658227848101,0.260188087774295,0.0192307692307692,0.121163166397415,0.0203125,0.112654320987654,0.983633387888707,0,0.201574803149606,0.980769230769231,0.979623824451411,0.751173708920188,0,0.0203761755485893,0.10061919504644,0.0157977883096366,0.0245398773006135,0.910828025477707,0.985826771653543,0,0,0.831168831168831,0.91283676703645,0.86984126984127,0,0.9826224328594,0.0157977883096366,0.435857805255023,0.704761904761905,0.0174880763116057,0.417721518987342,0.0463258785942492,0.355799373040752,0.36979969183359,0,0.0181268882175227,0.611290322580645,0.5,0.086286594761171,0.0290076335877863,0.616352201257862,0,0.0621019108280255,0.0526315789473684,0,0.0476190476190476,0.96474358974359,0.0263157894736842,0.590551181102362,0,0,0.491694352159468,0.188102893890675,0.984202211690363,0.871961102106969,0,0,0.259878419452888,0.962025316455696,0.0165562913907285,0.701095461658842,0.0234741784037559,0.979969183359014,0.618153364632238,0.6848,0.143086816720257,0.901153212520593,0.981308411214953,0,0.940609951845907,0,0.0211480362537764,0.7872,0.0321100917431193,0.98256735340729,0.0114192495921697,0,0.476851851851852,0.551342812006319,0.0157232704402516,0,0.0201863354037267,0,0.621405750798722,0.0293663060278207,0,0.355140186915888,0.0337620578778135,0.267828843106181,0.0657051282051282,0.95141065830721,0,0.0156739811912226,0.754385964912281,0,0.324451410658307,0.981762917933131,0.962441314553991,0.0210016155088853,0.0180921052631579,0.0217054263565891,0.0376766091051805,0.028892455858748,0,0.047244094488189,0,0.641860465116279,0.728813559322034,0.0280811232449298,0.0249609984399376,0.028125,0.0264797507788162,0.0253164556962025,0.97933227344992,0.0292682926829268,0.0518053375196232,0.308892355694228,0.0282131661442006,0.0170542635658915,0.0410742496050553,0,0,0.042042042042042,0,0.932496075353218,0.00156494522691706,0.0595611285266458,0.747572815533981,0.790163934426229,0.861586314152411,0.0849358974358974,0.00157977883096367,0.892857142857143,0.0126582278481013,0.0188976377952756,0.376395534290271,0.599085365853659,0.779122541603631,0.832307692307692,0.370607028753994,0.984301412872841,0.864566929133858,0.455271565495208,0.764521193092622,0.321372854914197,0.967592592592593,0,0.977198697068404,0.665064102564103,0.0178861788617886,0.364485981308411,0.775075987841945,0.399684044233807,0.141065830721003,0.0305343511450382,0.0535714285714286,0.0334928229665072,0.0145867098865478,0.0158227848101266,0.461059190031153,0.594043887147335,0.0174880763116057,0.980152671755725,0.972093023255814,0.147335423197492,0,0.0171339563862928,0.0474683544303797,0,0.882258064516129,0,0.0604133545310016,0,0.0391236306729265,0.0157728706624606,0.97984496124031,0.1808,0.0138888888888889,0.359223300970874,0.381475667189953,0.132165605095541,0,0,0.0767946577629382,0.0799396681749623,0.0218408736349454,0,0,0.983948635634029,0.787692307692308,0.517133956386293,0,0.575709779179811,0,0.0990415335463259,0.016025641025641,0.805825242718447,0.771604938271605,0,0.659711075441412,0.434022257551669,0.15615141955836,0.0477657935285054,0.240566037735849,0.980830670926518,0.0276872964169381,0.0920634920634921,0.0129659643435981,0,0.0308641975308642,0,0.0176282051282051,1,0.62621359223301,0,0,0.198449612403101,0.0917874396135266,0.0706436420722135,0.296923076923077,0.956856702619414,0.973058637083994,0.178628389154705,0.177195685670262,0,0.988976377952756,0.0418006430868167,0,0.0319488817891374,0.0590979782270607,0.933649289099526,0,0.982731554160126,0.013953488372093,0.541666666666667,0.921875,0.904376012965964,0.894154818325434,0.331699346405229,0.885321100917431,0.0174880763116057,0,0.261980830670927,0.0326594090202177,0,0,0.983257229832572,0,0.984276729559748,0.0188976377952756,0.298869143780291,0.977235772357724,0.985691573926868,0.469648562300319,0.0544871794871795,0.568778979907264,0,0.978792822185971,0.0514469453376206,0.00930232558139535,0,0.798092209856916,0.977029096477795,0.980861244019139,0.968454258675079,0.989028213166144,0,0,0.96551724137931,0.004739336492891,0.00327868852459016,0.0271132376395534,0.00475435816164818,0,0.973228346456693,0.0108695652173913,0.98546042003231,0.979166666666667,0,0.976415094339623,0.046875,0.984276729559748,0.897959183673469,0.978755690440061,0.981308411214953
"776",0.0146341463414634,0.0078125,0.0283018867924528,0.0434083601286174,0.0225442834138486,0.00823723228995058,0.087378640776699,0.0208,0.0109546165884194,0.380097879282219,0.0128824476650564,0.365384615384615,0.293375394321767,0.00978792822185971,0.608064516129032,0.611727416798732,0.362637362637363,0.353130016051364,0.00986842105263158,0.0239234449760766,0.531645569620253,0.579207920792079,0.01743264659271,0.361370716510903,0.0412698412698413,0.453074433656958,0.552215189873418,0.0211726384364821,0.321259842519685,0.199683042789223,0.623639191290824,0.20846394984326,0.161030595813205,0.453968253968254,0.359177215189873,0.00805152979066022,0.369255150554675,0.0171875,0.47239263803681,0.0681114551083591,0.35426731078905,0.364779874213836,0.359177215189873,0.0130932896890344,0.156351791530945,0.618589743589744,0.323854660347551,0.631160572337043,0.344827586206897,0.543035993740219,0.369496855345912,0.0142857142857143,0.464856230031949,0.00956937799043062,0.0917874396135266,0.518760195758564,0.380952380952381,0.0323624595469256,0.0333333333333333,0.0707547169811321,0.442700156985871,0.351437699680511,0.611821086261981,0.367741935483871,0.0681063122923588,0.0995260663507109,0.363929146537842,0.0129659643435981,0.37799043062201,0.60586319218241,0.0934579439252336,0.606741573033708,0.608,0.00941915227629513,0.380503144654088,0.193199381761978,0.601851851851852,0.275477707006369,0.0685154975530179,0.479522184300341,0.37459807073955,0.202830188679245,0.50390015600624,0.0094488188976378,0.556618819776715,0.0657276995305164,0.00952380952380952,0.0300157977883096,0.0253164556962025,0.359937402190923,0.0209339774557166,0.0110236220472441,0.368,0.36984126984127,0.0279605263157895,0.352290679304897,0.452076677316294,0.0221870047543582,0.3640625,0.363782051282051,0.244408945686901,0.373801916932907,0.456310679611651,0.00801282051282051,0.570987654320988,0.00972447325769854,0.352290679304897,0.0254777070063694,0.631410256410256,0.624012638230648,0.621835443037975,0.0764331210191083,0.427892234548336,0.0158982511923688,0.3696,0.0205371248025276,0.19435736677116,0.372056514913658,0.619344773790952,0.486356340288925,0.377151799687011,0.161858974358974,0.460567823343849,0.5814332247557,0.026813880126183,0.523659305993691,0.0109034267912773,0.0111287758346582,0.361290322580645,0.299531981279251,0.0497592295345104,0.340288924558588,0.0148514851485149,0.382165605095541,0.0148026315789474,0.6,0.36150234741784,0.494363929146538,0.253246753246753,0.316558441558442,0.369105691056911,0.350498338870432,0.027027027027027,0.162420382165605,0.520525451559934,0.0112,0.621794871794872,0.0507936507936508,0.365415986949429,0.0251968503937008,0.528641571194763,0.0161030595813204,0.0114566284779051,0.122257053291536,0.0178282009724473,0.625204582651391,0.0111464968152866,0.609120521172638,0.359300476947536,0.159539473684211,0.094488188976378,0.0220125786163522,0.61189358372457,0.371473354231975,0.00625978090766823,0.360197368421053,0.0130293159609121,0.00797448165869218,0.0109204368174727,0.446177847113885,0.0268562401263823,0.626003210272873,0.0408163265306122,0.614197530864197,0.0784313725490196,0.3953125,0.371941272430669,0.0178571428571429,0.375196232339089,0.1088,0.0110584518167457,0.532283464566929,0.0173228346456693,0.0379746835443038,0.0198170731707317,0.0221870047543582,0.550724637681159,0.408668730650155,0.0600649350649351,0.037156704361874,0.584814216478191,0.605345911949686,0.025518341307815,0.101246105919003,0.356037151702786,0.369009584664537,0.447452229299363,0.356576862123613,0.0109034267912773,0.465818759936407,0.0882352941176471,0.163522012578616,0.0153609831029186,0.3712,0.344773790951638,0.460655737704918,0.0588235294117647,0.032258064516129,0.0880503144654088,0.355411954765751,0.0880503144654088,0.508223684210526,0.046474358974359,0.625,0.582417582417582,0.299212598425197,0.022508038585209,0.0251968503937008,0.114649681528662,0.00933125972006221,0.0770465489566613,0.384370015948963,0.56418383518225,0.208655332302937,0.0145631067961165,0.370015948963317,0.014218009478673,0.0203125,0.298076923076923,0.2992,0.0159489633173844,0.0114942528735632,0.407936507936508,0.364516129032258,0.0784929356357928,0.303174603174603,0.0279146141215107,0.614649681528662,0.0358814352574103,0.00975609756097561,0.0110236220472441,0.0335463258785942,0.295489891135303,0.630744849445325,0.026984126984127,0.321316614420063,0.61608497723824,0.622083981337481,0.508744038155803,0.6224,0.524350649350649,0.222395023328149,0.624398073836276,0.621451104100946,0.615141955835962,0.272870662460568,0.591503267973856,0.0194489465153971,0.352180936995153,0.618210862619808,0.363207547169811,0.477759472817133,0.00807754442649435,0.0224719101123595,0.0781499202551834,0.361934477379095,0.0973597359735974,0.0782472613458529,0.197160883280757,0.267090620031797,0.358851674641148,0.3456,0.366826156299841,0.00967741935483871,0.563291139240506,0.195364238410596,0.0331230283911672,0.617977528089888,0.163751987281399,0.622186495176849,0.568503937007874,0.0108191653786708,0.013136288998358,0.0855263157894737,0.389147286821705,0.238170347003155,0.0861244019138756,0.365203761755486,0.630573248407643,0.0768025078369906,0.0206677265500795,0.3776,0.622820919175911,0.622820919175911,0.0195121951219512,0.0947030497592295,0.621970920840065,0.378812199036918,0.397151898734177,0.0159489633173844,0.152886115444618,0.394944707740916,0.220447284345048,0.0362204724409449,0.610492845786963,0.0108695652173913,0.0110584518167457,0.614649681528662,0.0302066772655008,0.0112540192926045,0.0293159609120521,0.0125984251968504,0.500797448165869,0.438985736925515,0.445859872611465,0.0191693290734824,0.0560131795716639,0.338006230529595,0.462519936204147,0.0241157556270096,0.529968454258675,0.434915773353752,0.0143540669856459,0.0112359550561798,0.0361067503924647,0.20655737704918,0.0109546165884194,0.467320261437909,0.0284810126582278,0.0114192495921697,0.354166666666667,0.430555555555556,0.300970873786408,0.60031847133758,0.346518987341772,0.631741140215716,0.0670926517571885,0.606583072100313,0.6288,0.365740740740741,0.480952380952381,0.0177705977382876,0.576802507836991,0.0163398692810458,0.0274193548387097,0.014446227929374,0.456591639871383,0.458881578947368,0.211930926216641,0.350993377483444,0.369668246445498,0.12,0.615146831530139,0.588697017268446,0.522222222222222,0.00974025974025974,0.620414673046252,0.373817034700315,0.422291993720565,0.622047244094488,0.597738287560582,0.34775641025641,0.0113085621970921,0.48202614379085,0.00847457627118644,0.0254777070063694,0.375987361769352,0.0167682926829268,0.615141955835962,0.0109204368174727,0.115384615384615,0.00826446280991736,0.630048465266559,0.0248833592534992,0.613312202852615,0.0725552050473186,0.215189873417722,0.0377952755905512,0.0174880763116057,0.0111642743221691,0.45324881141046,0.032258064516129,0.0108359133126935,0.6203125,0.6128,0.00972447325769854,0.0110759493670886,0.432646592709984,0.0694006309148265,0.0277324632952692,0.0378548895899054,0.00946372239747634,0.369458128078818,0.555016181229773,0.0125588697017268,0.623003194888179,0.359677419354839,0.0318979266347687,0.382594417077176,0.5829307568438,0.0108359133126935,0.028391167192429,0.373397435897436,0.2496,0.370015948963317,0.0146341463414634,0.621753246753247,0.102773246329527,0.011437908496732,0.386731391585761,0.252782193958665,0.147672552166934,0.360258481421648,0.520766773162939,0.0229508196721311,0.0141732283464567,0.365659777424483,0.00941915227629513,0.0268006700167504,0.594594594594595,0.380952380952381,0.0189274447949527,0.0157977883096366,0.0336,0.192546583850932,0.617224880382775,0.0941558441558442,0.480891719745223,0.512690355329949,0.36734693877551,0.242811501597444,0.247987117552335,0.261904761904762,0.37007874015748,0.450726978998384,0.0616113744075829,0.221003134796238,0.314641744548287,0.572948328267477,0.372670807453416,0.374613003095975,0.0106870229007634,0.0202808112324493,0.364632237871674,0.0625,0.363047001620746,0.35828025477707,0.369529983792545,0.0113085621970921,0.362790697674419,0.0114566284779051,0.139717425431711,0.309262166405024,0.00771604938271605,0.349673202614379,0.372168284789644,0.0158730158730159,0.0340030911901082,0.178683385579937,0.634375,0.373770491803279,0.0895061728395062,0.252380952380952,0.0110759493670886,0.30503144654088,0.404120443740095,0.358490566037736,0.0220820189274448,0.611475409836066,0.0326797385620915,0.585089141004862,0.381172839506173,0.603715170278638,0.536115569823435,0.32,0.0188679245283019,0.358609794628752,0.0369230769230769,0.026813880126183,0.00946372239747634,0.360062893081761,0.575206611570248,0.0494233937397035,0.625207296849088,0.00782472613458529,0.0125786163522013,0.613354037267081,0.0126582278481013,0.443217665615142,0.135860979462875,0.611556982343499,0.526829268292683,0.0288,0.357723577235772,0.623003194888179,0.0205696202531646,0.616393442622951,0.229508196721311,0.394230769230769,0.342443729903537,0.570739549839228,0.179445350734095,0.473851030110935,0.0252764612954186,0.646203554119548,0.543130990415335,0.325619834710744,0.0488958990536278,0.088646967340591,0.0333333333333333,0.167471819645733,0.36624203821656,0.0217054263565891,0.624213836477987,0.0255591054313099,0.390879478827362,0.619266055045872,0.0109717868338558,0.00964630225080386,0.00964630225080386,0.252380952380952,0.0141509433962264,0.553259141494436,0.521103896103896,0.0473933649289099,0.0898876404494382,0.384493670886076,0.358730158730159,0.0163132137030995,0.0499194847020934,0.613861386138614,0.0195121951219512,0.0126582278481013,0.402535657686212,0.0499194847020934,0.160883280757098,0.0791925465838509,0.391849529780564,0.0318979266347687,0.436908517350158,0.0095389507154213,0.0112903225806452,0.381846635367762,0.214968152866242,0.0241935483870968,0.608626198083067,0.196110210696921,0.393987341772152,0.114551083591331,0.201587301587302,0.0390015600624025,0.570754716981132,0.0209677419354839,0.00964630225080386,0.0191387559808612,0.44991789819376,0.624801271860095,0.0127591706539075,0.00943396226415094,0.36734693877551,0.1421875,0.335443037974684,0.460218408736349,0.176377952755906,0.0111821086261981,0.0810372771474878,0.00791139240506329,0.370486656200942,0.607201309328969,0.387247278382582,0.129392971246006,0.603864734299517,0.626182965299685,0.470304975922953,0.361198738170347,0.0171875,0.053125,0.0125588697017268,0.0125,0.560702875399361,0.6144,0.372128637059724,0.353035143769968,0.509771986970684,0.587859424920128,0.541666666666667,0.3648,0.616719242902208,0.0110236220472441,1,0.45016077170418,0.0130293159609121,0.278996865203762,0.0304975922953451,0.231012658227848,0.246467817896389,0.361370716510903,0.0108695652173913,0.392914653784219,0.325358851674641,0.0604651162790698,0.0173228346456693,0.384,0.36547433903577,0.0362776025236593,0.0364500792393027,0.371248025276461,0.0324074074074074,0.6032,0.0215946843853821,0.346394984326019,0.362760834670947,0.369565217391304,0.314475873544093,0.118971061093248,0.623211446740858,0.553571428571429,0.3744,0.362270450751252,0.180277349768875,0.607085346215781,0.0116279069767442,0.4359375,0.0126582278481013,0.616822429906542,0.407582938388626,0.44189852700491,0.0998363338788871,0.569331158238173,0.622432859399684,0.366129032258065,0.598387096774194,0.363779527559055,0.0125984251968504,0.797029702970297,0.0182926829268293,0.62621359223301,0.011437908496732,0.363349131121643,0.311912225705329,0.343450479233227,0.0128205128205128,0.372093023255814,0.00934579439252336,0.358974358974359,0.394088669950739,0.0173228346456693,0.3796875,0.229329173166927,0.0207667731629393,0.180936995153473,0.0416666666666667,0.6078125,0.389857369255151,0.00805152979066022,0.479806138933764,0.382215288611544,0.193910256410256,0.612752721617418,0.610328638497653,0.00981996726677578,0.00967741935483871,0.0141065830721003,0.0257234726688103,0.0225806451612903,0.369085173501577,0.0192307692307692,0.370716510903427,0.425196850393701,0.4448,0.0140405616224649,0.0191082802547771,0.0187207488299532,0.0176,0.377952755905512,0.6112,0.0148760330578512,0.0363924050632911,0.175911251980983,0.0287539936102236,0.00947867298578199,0.028436018957346,0.360374414976599,0.363494539781591,0.0168453292496172,0.352941176470588,0.58814352574103,0.373801916932907,0.0394944707740916,0.459415584415584,0.487562189054726,0.565149136577708,0.0609951845906902,0.362916006339144,0.573482428115016,0.00788643533123028,0.00782472613458529,0.246794871794872,0.373846153846154,0.519142419601838,0.525236593059937,0.255555555555556,0.618819776714514,0.533653846153846,0.304140127388535,0.467817896389325,0.184663536776213,0.607594936708861,0.375399361022364,0.6064,0.452032520325203,0.00985221674876847,0.240188383045526,0.502290076335878,0.24405705229794,0.0936507936507937,0.0155038759689922,0.0344827586206897,0.0194174757281553,0.0113085621970921,0.00961538461538462,0.278740157480315,0.369668246445498,0.0112179487179487,0.614197530864197,0.623052959501558,0.0881410256410256,0.369327073552426,0.00473186119873817,0.029874213836478,0.357723577235772,0.555374592833876,0.368670886075949,0.0452342487883683,0.351882160392799,0.0301109350237718,0.00956937799043062,0.626182965299685,0.117363344051447,0.0108695652173913,0.222042139384117,0.261217948717949,0.0904684975767367,0.378335949764521,0.363047001620746,0.0508196721311475,0.0397553516819572,0.0173775671406003,0.362928348909657,0.36150234741784,0.622764227642276,0.471786833855799,0.302737520128824,0.364217252396166,0.344497607655502,0.369668246445498,0.0516129032258065,0.011437908496732,0.610114192495922,0.481889763779528,0.364485981308411,0.413461538461538,0.262738853503185,0.0883280757097792,0.0326086956521739,0.15987460815047,0.621019108280255,0.0163398692810458,0.387096774193548,0.00974025974025974,0.362459546925566,0.0187793427230047,0.369255150554675,0.00974025974025974,0.62621359223301,1,0.34384858044164,0.364649681528662,0.12480252764613,0.0493421052631579,0.0477707006369427,0.19309262166405,0.598755832037325,0.618357487922705,0.1152,0.116822429906542,0.362916006339144,0.613418530351438,0.0253968253968254,0.377151799687011,0.016025641025641,0.0375586854460094,0.575320512820513,0.351351351351351,0.626582278481013,0.0109546165884194,0.349514563106796,0.575320512820513,0.548440065681445,0.552590266875981,0.185245901639344,0.562893081761006,0.0113268608414239,0.364928909952607,0.143086816720257,0.0218408736349454,0.369354838709677,0.367909238249595,0.63093415007657,0.373397435897436,0.614767255216693,0.0128205128205128,0.191735537190083,0.63681592039801,0.617263843648209,0.303079416531605,0.0332278481012658,0.35426731078905,0.3216,0.620521172638437,0.394779771615008,0.363919129082426,0.397435897435897,0.894822006472492,0.612903225806452,0.6048,0.6198738170347,0.620743034055728,0.354943273905997,0.333865814696486,0.624213836477987,0.367670364500792,0.385483870967742,0.388976377952756,0.355905511811024,0.3392,0.629032258064516,0.378548895899054,0.638752052545156,0.620414673046252,0.337096774193548,0.630573248407643,0.3861852433281,0.636942675159236,0.596184419713832,0.628048780487805,0.636655948553055
"777",0,0,0,0,0,0,0.0124804992199688,0.00155038759689922,0,1,0,1,0,0,0,0,1,0.982539682539682,0,0,0,0,0,1,0,0,0,0,0,0,0,0,0.00157232704402516,0,1,0,0.974474474474474,0,0,0,0.998430141287284,0.983024691358025,0.995391705069124,0,0,0,0,0,0,0,1,0,0,0,0.0125984251968504,0,1,0,0.00309597523219814,0,0,0,0,1,0,0,1,0,1,0,0,0,0,0,1,0.0015220700152207,0,0,0.00156739811912226,0,1,0,0,0,0,0,0,0,0.00308166409861325,0.989345509893455,0,0,1,1,0,1,0.0155038759689922,0,0.99079754601227,0.990625,0.00934579439252336,1,0,0,0,0,0.992050874403816,0.00309597523219814,0,0,0,0.015527950310559,0,0,1,0,0,1,0,0,1,0.00153139356814701,0,0,0,0,0,0,1,0.00610687022900763,0,0,0,1,0,0,1,0,0,0.00636942675159236,1,1,0,0,0,0,0,0,0,0,0,0,0,0,0,0,0,0,1,0,0.00600600600600601,0,0,1,0,0,0,0,0,0,0,0,0,0,0.00316455696202532,0,1,0,1,0,0,0,0,0,0,0,0,0,0,0,0,0,0,0.0186046511627907,1,1,0,0.998444790046656,0,0,0.0125195618153365,0,0,0,0,0,0,0,0.0015220700152207,1,0,0,0,0,0,0.00460122699386503,0,0,0.00155038759689922,0,0,1,0,0,0,1,0,0,0.00465116279069767,0,0,0,0.0155763239875389,1,0.0136986301369863,0,0,0,0,0,0,0,0,0,0,0,0,0,0,0,0,0,0,0,0,0,0,0,0.990639625585023,0,1,0.00317965023847377,0,0,0,1,0.0016025641025641,0.00150602409638554,0,0,0,0,0.990712074303406,0,0,0,0,0,0,0,0,0,0,0.0141509433962264,1,0,0.0155763239875389,1,0,0.0151975683890578,0.00154559505409583,1,0,0,0,0,0,1,0.015552099533437,0,0,0,0,0,0,0,0,0,0,0,0,0,0,0,0,0.00316957210776545,0,0.952959028831563,0,0,0,0,0,0,0,0,0,0,0,0,1,0,0.00786163522012579,0,0.946070878274268,0,0,0,0,1,0,0,0,0,0,0,0,0,0,0,1,0,0,0,0,0,0,1,0,0,0,0.00310077519379845,0,0,0,0,1,0,0,0,0,0,0,0,0,0,0,0,0,0,0,0,0,0,0,0,0,0,0,0,0,0,1,0,0,0,1,0,0.990491283676704,0,0,0,0.995290423861852,0.00927357032457496,0,0,0,0,0,0,0,0,1,0,0.0015600624024961,0,0,0,0,0,0.998439937597504,0,0,0,0,0,0.0063391442155309,0,0.0130932896890344,0.993836671802773,0,0,0,1,0,0.0015527950310559,0,0,0,1,1,0,0,1,0,0.992138364779874,1,1,0,1,0,0,0.00604229607250755,0,1,1,0,0,0,0,0.9968,0.0213740458015267,0,0,0,0,1,0,0,0.00158982511923688,0,1,0,0,0,0.00154798761609907,1,0,0,0,1,0,0,0,0,0,0,0,0,0,0,0.00158730158730159,0,0.990654205607477,0,0,0,0,0.0125588697017268,1,0,0.003125,0,0,0,0,0,0,0,0,0,1,0,0,0,0.00317965023847377,0,0,0,0,0,0,0,0,0,0.015625,1,1,0,0,0,0,0,0,0,0,0.0166666666666667,1,0,0.0141287284144427,0,0,1,0,0,0,0.0015600624024961,0,0,0,0,0,0.00321543408360129,0,0,0.0144230769230769,0.0232198142414861,0,0,0.99236641221374,0,0,0,0,0,0,0,0.769347496206373,0,1,0.00155763239875389,0,0,0,1,0,0,0,0,0,0,1,1,0,0,0,1,0,0,0.545871559633027,0,0,0.00918836140888208,0,0,0,1,0,0,0,0.00606980273141123,0,0,0.98937784522003,0,0,1,0.00149700598802395,0,0,0,1,0.990783410138249,0,0,0,0,0.990712074303406,0.998381877022654,0,0,0,0,0,0,0,0,0.0062992125984252,0,0,0.996923076923077,0,1,0,0.148148148148148,0.00148367952522255,0,0,1,0,0,0,1,0,1,0,0,1,0.0167427701674277,0,0,0.00158227848101266,0,1,0,0,1,0,0,0,0,0,0,0.00311526479750779,0,1,0,0.978560490045942,0.0151745068285281,0,0,0,0,0,0.919629057187017,0,0,0,0,0,0,0,1,1,0,1,0,0.998422712933754,0,0,0,0,0,0.998454404945904,0,0,0,0,0,0,0,0,0,0,0,0,0,0,1,0,0.0141065830721003,0,0.0280373831775701,0,0,0.00612557427258806,0,0.0016,0,0,0,0,0,0,0,0,0.00307219662058372,0.990867579908676,0,0,1,0,1,0,1,0,0,0,0,0,0,0,0.0188383045525903,1,1,0,0,0,1,1,0,0,0,1,0,1,0,0,0.0316455696202532,0,1,0,0,0,0,0,0,0,0.897476340694006,0,1,0,0.993817619783617,0,0,0.34384858044164,1,1,0.00153846153846154,0,0.00907715582450832,0,0,0,0,0,1,0,0,1,0,0,0,0.959938366718028,0,0,0,0,0,0,0,0,0,1,0,0,0.996884735202492,1,0,1,0,0,0,0,0,0.00475435816164818,0.00473186119873817,0,0.950920245398773,0,0.893312101910828,0.975193798449612,1,0.145962732919255,0,0,0.00462962962962963,0,0.950310559006211,0.946564885496183,0,0.975232198142415,0.991961414790997,0.9515625,0.972222222222222,0.941267387944359,0,0.970266040688576,0,0,0.955625990491284,0,0.927710843373494,0,0.0509259259259259,0,0
"778",0,0,0,0,0,0,0.0128205128205128,0.00158227848101266,0,1,0,1,0,0,0,0,1,0.983870967741935,0,0,0,0,0,1,0,0,0,0.00162074554294976,0,0,0,0,0.00158982511923688,0,1,0,0.979719188767551,0,0,0,1,0.984177215189873,0.993740219092332,0,0,0,0,0,0,0,1,0,0,0,0.0128,0,1,0,0.00155763239875389,0,0,0,0,1,0,0,1,0,1,0,0,0,0,0,1,0.00154798761609907,0,0,0.00161812297734628,0,1,0,0,0,0,0,0,0,0.004739336492891,0.990668740279938,0,0,1,1,0,1,0.0111111111111111,0,0.993700787401575,0.992088607594937,0.008,1,0,0,0,0,0.990506329113924,0.0015748031496063,0,0,0,0.0126984126984127,0,0,1,0,0,1,0,0,1,0.0016025641025641,0,0,0,0,0,0,1,0.0062992125984252,0,0,0,1,0,0,1,0,0,0.00487012987012987,1,1,0,0,0,0,0,0,0,0,0,0,0,0,0,0,0,0,1,0,0.00610687022900763,0,0,1,0,0,0,0,0,0,0,0,0,0,0.0032,0,1,0,1,0,0,0,0,0,0,0,0,0,0,0,0,0,0,0.0204081632653061,1,1,0,1,0,0,0.0111287758346582,0,0,0,0,0,0,0,0.00154798761609907,1,0,0,0,0,0,0.00159235668789809,0,0,0.00160513643659711,0,0,1,0,0,0,1,0,0,0.00482315112540193,0,0,0,0.0173228346456693,1,0.0123839009287926,0,0,0,0,0,0,0,0,0,0,0,0,0,0,0,0,0,0,0,0,0,0,0,0.991974317817014,0,1,0.0016260162601626,0,0,0,1,0.00161812297734628,0.00156985871271586,0,0,0,0,0.992050874403816,0,0,0,0,0,0,0,0,0,0,0.0114566284779051,1,0,0.0144,1,0,0.0138461538461538,0.00159744408945687,1,0,0,0,0,0,1,0.0141287284144427,0,0,0,0,0,0,0,0,0,0,0,0,0,0,0,0,0.0016260162601626,0,0.952830188679245,0,0,0,0,0,0,0,0,0,0,0,0,1,0,0.00321027287319422,0,0.949206349206349,0,0,0,0,1,0,0,0,0,0,0,0,0,0,0,1,0,0,0,0,0,0,1,0,0,0,0.0032258064516129,0,0,0,0,1,0,0,0,0,0,0,0,0,0,0,0,0,0.00320512820512821,0,0,0,0,0,0,0,0,0,0,0,0,1,0,0,0,1,0,0.991883116883117,0,0,0,0.998412698412698,0.00955414012738853,0,0,0,0,0,0,0,0,1,0,0.00161550888529887,0,0,0,0,0,0.998397435897436,0,0,0,0,0,0.00636942675159236,0,0.015025041736227,0.995230524642289,0,0,0,1,0,0.00158478605388273,0,0,0,1,1,0,0,1,0,0.990338164251208,1,1,0,1,0,0,0.0062402496099844,0,1,1,0,0,0,0,0.996747967479675,0.0186625194401244,0,0,0,0,1,0,0,0.00161030595813205,0,1,0,0,0,0.00157232704402516,1,0,0,0,1,0,0,0,0,0,0,0,0,0,0,0,0,0.991935483870968,0,0,0,0,0.012779552715655,1,0,0.0032626427406199,0,0,0,0,0,0,0,0,0,1,0,0,0,0.00325732899022801,0,0,0,0,0,0,0,0,0,0.0141732283464567,1,1,0,0,0,0,0,0,0,0,0.015625,1,0,0.0113268608414239,0,0,1,0,0,0,0.00161550888529887,0,0,0,0,0,0.0032626427406199,0,0,0.013136288998358,0.027027027027027,0,0,0.99537037037037,0,0,0,0,0,0,0,0.762870514820593,0,1,0.00158982511923688,0,0,0,1,0,0,0,0,0,0,1,1,0,0,0,1,0,0,0.557299843014129,0,0,0.00784929356357928,0,0,0,1,0,0,0,0.00469483568075117,0,0,0.992138364779874,0,0,1,0.00154083204930663,0,0,0,1,0.992125984251969,0,0,0,0,0.988924050632911,1,0,0,0,0,0,0,0,0,0.00646203554119548,0,0,0.998412698412698,0,1,0,0.158677685950413,0.00154798761609907,0,0,1,0,0,0,1,0,1,0,0,1,0.0156985871271586,0,0,0.00161550888529887,0,1,0,0,1,0,0,0,0,0,0,0.00481540930979133,0.00160513643659711,1,0,0.982704402515723,0.0154083204930663,0,0,0,0,0,0.9168,0,0,0,0,0,0,0,1,1,0,1,0,0.998425196850394,0,0,0,0,0,0.998430141287284,0,0,0,0,0,0,0,0,0,0,0,0,0,0,1,0,0.0143540669856459,0,0.0283464566929134,0,0,0.0062992125984252,0,0.00163934426229508,0,0,0,0,0,0,0,0,0.00318471337579618,0.990610328638498,0,0,1,0,1,0,1,0,0,0,0,0,0,0,0.0176,1,1,0,0,0,1,1,0,0,0,1,0,1,0,0,0.0327332242225859,0,1,0,0,0,0,0,0,0,0.911858974358974,0,1,0,0.992125984251969,0,0,0.364649681528662,1,1,0.0015600624024961,0,0.0063391442155309,0,0,0,0,0,1,0,0,1,0,0,0,0.963722397476341,0,0,0,0,0,0,0,0,0,1,0,0,0.995215311004785,1,0,1,0,0,0,0,0,0.00486223662884927,0.00323101777059774,0,0.95447409733124,0,0.901153212520593,0.976228209191759,1,0.160130718954248,0,0,0.00158227848101266,0,0.95016077170418,0.949606299212598,0,0.974723538704581,0.99347471451876,0.950715421303657,0.973058637083994,0.943037974683544,0,0.969889064976228,0,0,0.957006369426752,0,0.935779816513762,0,0.0500807754442649,0,0
"779",0.823343848580442,0.808641975308642,0.858695652173913,0.840579710144927,0.82753164556962,0.830940988835726,0.835680751173709,0.844375963020031,0.829493087557604,0.00159744408945687,0.827044025157233,0.0015600624024961,0.724137931034483,0.820919175911252,0.220679012345679,0.201550387596899,0,0.00941915227629513,0.829073482428115,0.833592534992224,0.311627906976744,0.194847020933977,0.811728395061728,0.00152905198776758,0.813084112149533,0.419906687402799,0.262422360248447,0.819488817891374,0.597560975609756,0.690993788819876,0.18348623853211,0.82398753894081,0.903726708074534,0.382352941176471,0.0015552099533437,0.825816485225505,0.0152671755725191,0.821428571428571,0.407575757575758,0.787461773700306,0.00155038759689922,0.0106870229007634,0.0062015503875969,0.823809523809524,0.752427184466019,0.193343898573693,0.6,0.160436137071651,0.565151515151515,0.293674698795181,0.00153609831029186,0.827315541601256,0.399075500770416,0.828438948995363,0.810641627543036,0.317683881064163,0,0.813374805598756,0.825885978428351,0.903726708074534,0.407176287051482,0.539412673879444,0.18408736349454,0.0016025641025641,0.815873015873016,0.791730474732006,0,0.810769230769231,0,0.158059467918623,0.753846153846154,0.177115987460815,0.185126582278481,0.827639751552795,0,0.824884792626728,0.217791411042945,0.658423493044822,0.898251192368839,0.42174629324547,0.00157728706624606,0.823439878234399,0.375766871165644,0.810030395136778,0.278890600924499,0.831029185867896,0.816614420062696,0.835384615384615,0.815336463223787,0.00757575757575758,0.827906976744186,0.818740399385561,0.00156739811912226,0.00155038759689922,0.836220472440945,0,0.423017107309487,0.817764165390505,0.00464396284829721,0.00623052959501558,0.662460567823344,0,0.421303656597774,0.816455696202532,0.259090909090909,0.815580286168522,0.0062992125984252,0.832550860719875,0.183544303797468,0.177293934681182,0.179289026275116,0.819314641744548,0.489922480620155,0.812596006144393,0.0015527950310559,0.846986089644513,0.825885978428351,0.00151057401812689,0.179245283018868,0.376971608832808,0.00151515151515152,0.912363067292645,0.384375,0.246376811594203,0.820592823712949,0.290519877675841,0.824884792626728,0.811437403400309,0.0015625,0.601236476043277,0.82807570977918,0.564668769716088,0.818325434439178,0,0.811616954474097,0.197568389057751,0,0.359253499222395,0.665625,0.601910828025478,0.0016,0.00159489633173844,0.834876543209877,0.79595015576324,0.315024232633279,0.814528593508501,0.180404354587869,0.82398753894081,0.543269230769231,0.819018404907976,0.283227848101266,0.813559322033898,0.834123222748815,0.75920245398773,0.813880126182965,0.159055118110236,0.809230769230769,0.184375,0,0.777777777777778,0.883861236802413,0.830246913580247,0.193798449612403,0.00152439024390244,0.823619631901841,0.574603174603175,0.828478964401295,0.823802163833076,0.812403100775194,0.392694063926941,0.836193447737909,0.183098591549296,0.819969742813918,0.182779456193353,0.882911392405063,0.507042253521127,0.00157728706624606,0.822706065318818,0.00155038759689922,0.801232665639445,0.838759689922481,0.279620853080569,0.835637480798771,0.826356589147287,0.831091180866966,0.81859756097561,0.262751159196291,0.509230769230769,0.82051282051282,0.824261275272162,0.224270353302611,0.174922600619195,0.850931677018634,0.811526479750779,0.00150829562594268,0.00154798761609907,0.442546583850932,0.0015552099533437,0.827743902439024,0.416158536585366,0.824644549763033,0.746564885496183,0.822556390977444,0.51937984496124,0.51896813353566,0.43217665615142,0.786163522012579,0.83695652173913,0.926040061633282,0.00156494522691706,0.787037037037037,0.325396825396825,0.829073482428115,0.172684458398744,0.24079754601227,0.600315955766193,0.81875,0.826153846153846,0.95046439628483,0.825077399380805,0.840873634945398,0.0015600624024961,0.244961240310078,0.733333333333333,0.815336463223787,0.00153846153846154,0.83179012345679,0.835082458770615,0.599378881987578,0.609642301710731,0.815336463223787,0.815705128205128,0.487577639751553,0.00159744408945687,0.845454545454545,0.68362480127186,0.846526655896607,0.174382716049383,0.824806201550388,0.837245696400626,0.824074074074074,0.822530864197531,0.582434514637905,0.181114551083591,0.843653250773994,0.612557427258805,0.170658682634731,0.167927382753404,0.337519623233909,0.171073094867807,0.306603773584906,0.685800604229607,0.168469860896445,0.179878048780488,0.187793427230047,0.640986132511556,0.213375796178344,0.823802163833076,0.0078003120124805,0.168992248062016,0,0.359937402190923,0.832278481012658,0.818885448916409,0.796296296296296,0.00155763239875389,0.88301282051282,0.780185758513932,0.816485225505443,0.770416024653313,0.611023622047244,0.518110236220472,0.00928792569659443,0.815457413249211,0.26875,0.82475884244373,0.849378881987578,0.184049079754601,0.729813664596273,0.175548589341693,0.28,0.820121951219512,0.822683706070288,0.831761006289308,0.00152671755725191,0.68348623853211,0.821596244131455,0,0.16796267496112,0.826546003016591,0.841692789968652,0.00153374233128834,0.172782874617737,0.167701863354037,0.842948717948718,0.921383647798742,0.177884615384615,0.00157232704402516,0.50611620795107,0.834375,0.811145510835913,0.510736196319018,0.679304897314376,0.806990881458967,0.183800623052959,0.82370820668693,0.809375,0.186440677966102,0.83641975308642,0.820592823712949,0.8272,0.830246913580247,0.336434108527132,0.428792569659443,0.429012345679012,0.828843106180666,0.838862559241706,0.0425531914893617,0.402173913043478,0.834633385335413,0.300469483568075,0.435240963855422,0.835658914728682,0.830985915492958,0.84447900466563,0.752380952380952,0.817091454272864,0.384615384615385,0.83641975308642,0.817757009345794,0.0015527950310559,0.436170212765957,0.612954186413902,0.182242990654206,0.0400616332819723,0.178517397881997,0.804878048780488,0.205564142194745,0.172782874617737,0,0.369631901840491,0.8203125,0.242612752721617,0.840836012861736,0.852941176470588,0.829652996845426,0.426771653543307,0.416534181240064,0.71671826625387,0.557507987220447,0.0015527950310559,0.806153846153846,0.178247734138973,0.207373271889401,0.358139534883721,0.8192,0.181538461538462,0.00153139356814701,0.451313755795981,0.183206106870229,0.195583596214511,0.617054263565891,0.820634920634921,0.423948220064725,0.814516129032258,0.81591263650546,0,0.8125,0.165905631659056,0.819571865443425,0.804347826086957,0.831210191082803,0.190327613104524,0.82542113323124,0.171339563862928,0.782131661442006,0.768503937007874,0.81039755351682,0.828483920367534,0.816074188562597,0.424100156494523,0.819182389937107,0.820395738203957,0.184615384615385,0.187888198757764,0.822784810126582,0.819595645412131,0.46749226006192,0.768518518518518,0.817292006525285,0.846036585365854,0.815548780487805,0,0.28006329113924,0.823161189358372,0.17879746835443,0.00159489633173844,0.85126582278481,0.00476190476190476,0.213836477987421,0.824242424242424,0.841269841269841,0.00469483568075117,0.66304347826087,0.551020408163265,0.839427662957075,0.166666666666667,0.7734375,0.822222222222222,0.504777070063694,0.645608628659476,0.84472049689441,0,0.312989045383412,0.841444270015699,0.828125,0.567901234567901,0.820710973724884,0.805647840531561,0.196261682242991,0.003125,0.830275229357798,0.832558139534884,0.822804314329738,0.727272727272727,0.170886075949367,0.884735202492212,0.38390092879257,0.334983498349835,0.0046583850931677,0.713831478537361,0.633693972179289,0.7046875,0.00155038759689922,0.424242424242424,0.867716535433071,0.72782874617737,0.669767441860465,0.263636363636364,0,0.00151745068285281,0.822485207100592,0.817351598173516,0.00154559505409583,0.818040435458787,0.00619195046439629,0.00154083204930663,0.00158730158730159,0.826356589147287,0.00153139356814701,0.828478964401295,0.726844583987441,0.581325301204819,0.822530864197531,0.00158227848101266,0.00158730158730159,0.83695652173913,0.840601503759398,0.809667673716012,0.176560121765601,0,0.816109422492401,0.654377880184332,0.828926905132193,0.634259259259259,0.477987421383648,0,0.822706065318818,0.182108626198083,0.849921011058452,0.25,0,0.1797583081571,0.284345047923323,0.538087520259319,0.8109375,0.00154559505409583,0.834597875569044,0.82225656877898,0.829230769230769,0.0015625,0.235015772870662,0.822764227642276,0.179611650485437,0.825545171339564,0.8125,0.177469135802469,0.82370820668693,0.4390625,0.777604976671851,0.180404354587869,0.3125,0.835130970724191,0.00473186119873817,0.176287051482059,0.839506172839506,0.189792663476874,0.785373608903021,0.544444444444444,0.00154559505409583,0.263565891472868,0.909952606635071,0.400611620795107,0.82225656877898,0.170807453416149,0.307926829268293,0.5248,0.826546003016591,0.907294832826748,0.834633385335413,0.786163522012579,0.00155038759689922,0.820987654320988,0.17357910906298,0.812792511700468,0.506410256410256,0.182228915662651,0.818885448916409,0.834621329211746,0.810047095761381,0.672926447574335,0.833841463414634,0.274322169059011,0.335453100158982,0.820592823712949,0.823255813953488,0.00154083204930663,0,0.826923076923077,0.807324840764331,0.196261682242991,0.838509316770186,0.84080370942813,0.493865030674847,0.821705426356589,0.708333333333333,0.828483920367534,0.0015015015015015,0.82574568288854,0.454113924050633,0.827371695178849,0.823889739663093,0.00149925037481259,0.704866562009419,0.835443037974684,0.170769230769231,0.786729857819905,0.498432601880878,0.777439024390244,0.752721617418352,0.809954751131222,0.260211800302572,0.828025477707006,0.818461538461538,0.846034214618974,0.4368,0.252321981424149,0.826086956521739,0.8202416918429,0.00461538461538462,0.798473282442748,0.530581039755352,0.407232704402516,0.845801526717557,0.8234375,0.779527559055118,0.820592823712949,0.139570552147239,0.170771756978654,0.00152439024390244,0.950078003120125,0.17219589257504,0.178963893249608,0.425076452599388,0.00156985871271586,0.829153605015674,0.852359208523592,0.814641744548287,0.81010719754977,0.2704,0.187207488299532,0.00150602409638554,0.00155763239875389,0.321543408360129,0.237129485179407,0.326498422712934,0,0.170769230769231,0.821374045801527,0.0910493827160494,0.424290220820189,0.832025117739403,0.638888888888889,0.816455696202532,0.724884080370943,0.687595712098009,0.00156985871271586,0.824483775811209,0.495283018867925,0.582018927444795,0.859541984732824,0.83206106870229,0.482225656877898,0.00625978090766823,0.838258164852255,0.828313253012048,0,0.805389221556886,0.193846153846154,0.811594202898551,0.505443234836703,0,0.00619195046439629,0.611475409836066,0.881889763779528,0.17601246105919,0.288401253918495,0.00771604938271605,0.00160771704180064,0.754147812971342,0.1850699844479,0.8288,0.475743348982786,0.826747720364742,0.172573189522342,0.450920245398773,0.473767885532591,0.906902086677368,0.234276729559748,0.184331797235023,0.0015552099533437,0.207488299531981,0.00154559505409583,0.81981981981982,0.168269230769231,0.837138508371385,0.1765625,0.818611987381703,0.00152439024390244,0.663663663663664,0.585826771653543,0.816901408450704,0.00161290322580645,0.827692307692308,0.00157728706624606,0.555023923444976,0.832572298325723,0.00152671755725191,0.662538699690402,0.818325434439178,0.730109204368175,0.850961538461538,0.210200927357032,0.00156985871271586,0.8171875,0.403426791277259,0,0.828926905132193,0.169415292353823,0.190548780487805,0.829113924050633,0.834394904458599,0.825825825825826,0.807511737089202,0.823712948517941,0.00155038759689922,0.813559322033898,0.0168453292496172,0.477794793261868,0.437403400309119,0.811526479750779,0.837712519319938,0.83030303030303,0.827426810477658,0.066358024691358,0.189735614307932,0.816558441558442,0.833850931677019,0.755351681957186,0.810477657935285,0.826893353941267,0.84472049689441,0.0015220700152207,0.00151745068285281,0.825633383010432,0.00153609831029186,0.236641221374046,0,0.827160493827161,0.4096,0.3744,0.285276073619632,0.850467289719626,0.00309119010819165,0.261205564142195,0.820592823712949,0.825077399380805,0.682888540031397,0.51044776119403,0.362962962962963,0.325337331334333,0.665625,0.172782874617737,0.282208588957055,0.624806201550388,0.390092879256966,0.755795981452859,0.171561051004637,0.0015600624024961,0.180952380952381,0.4576,0.821939586645469,0.650914634146341,0.369924812030075,0.720496894409938,0.891808346213292,0.813918305597579,0.858505564387917,0.816164817749604,0.833333333333333,0.824088748019017,0.673946957878315,0.543778801843318,0.81377151799687,0.177877428998505,0.171993911719939,0.910216718266254,0.00612557427258806,0.828746177370031,0.818461538461538,0.00157728706624606,0.268174474959612,0.00154320987654321,0.829153605015674,0.00158730158730159,0.824427480916031,0.8171875,0.178461538461538,0.784591194968553,0.822900763358779,0.688498402555911,0.664615384615385,0.83125,0.00152671755725191,0,0.834415584415584,0.824850299401198,0.829493087557604,0.00153846153846154,0,0.168503937007874,0.362406015037594,0.561622464898596,0.00155763239875389,0.607751937984496,0.00154083204930663,0.807692307692308,0.820754716981132,0.304625199362041,0.409711684370258,0,0.457547169811321,0.655063291139241,0.773846153846154,0.831325301204819,0.76271186440678,0.174382716049383,0.85031847133758,0.0219435736677116,0.825320512820513,0.00157977883096367,0.824884792626728,0.00465116279069767,0.82051282051282,0.198449612403101,0.12480252764613,0.00153846153846154,0.0015600624024961,1,0.808846761453397,0.831288343558282,0.698484848484848,0.192192192192192,0.179365079365079,0.746500777604977,0.742857142857143,0,0.187596899224806,0.819032761310452,0.00155763239875389,0.818897637795276,0.850381679389313,0.246105919003115,0.0263975155279503,0.157650695517774,0.819969742813918,0.5718901453958,0.244582043343653,0.286624203821656,0.286604361370716,0.814580031695721,0.249235474006116,0.8203125,0.00154083204930663,0.77373417721519,0.820121951219512,0.0031104199066874,0.0015625,0.165424739195231,0.0015600624024961,0.190697674418605,0.825688073394495,0.695859872611465,0.17981072555205,0.178963893249608,0.614779874213837,0.841692789968652,0.567233384853168,0.0385208012326656,0.172248803827751,0.0575079872204473,0.0170807453416149,0.00156494522691706,0.172741679873217,0.177541729893778,0.17879746835443,0.190993788819876,0.180981595092025,0.0303514376996805,0.0445468509984639,0.18622848200313,0.0171339563862928,0.00631911532385466,0.0328638497652582,0.0216049382716049,0.0436817472698908,0.19629057187017,0.0200927357032458,0.1808,0.196261682242991,0.0302547770700637,0.176744186046512,0.0339506172839506,0.180124223602484,0.19969040247678,0.173913043478261,0.171383647798742
"780",0.923202614379085,0.931854199683043,0.906200317965024,0.897106109324759,0.916802610114193,0.941272430668842,0.840460526315789,0.904306220095694,0.937898089171974,0,0.938709677419355,0,0.592532467532468,0.923824959481361,0.110754414125201,0.0705128205128205,0,0.0178861788617886,0.92358803986711,0.939102564102564,0.212662337662338,0.105436573311367,0.931089743589744,0,0.8976,0.322422258592471,0.179902755267423,0.916256157635468,0.537854889589905,0.689655172413793,0.073015873015873,0.709935897435897,0.806188925081433,0.333868378812199,0,0.930533117932149,0.0172955974842767,0.927099841521395,0.322530864197531,0.86875,0.00160771704180064,0.0141732283464567,0.00477707006369427,0.920711974110032,0.748366013071895,0.0959349593495935,0.5376,0.0744336569579288,0.491499227202473,0.214285714285714,0,0.92948717948718,0.336,0.927184466019418,0.817292006525285,0.222039473684211,0,0.916666666666667,0.886942675159236,0.879556259904913,0.36115569823435,0.502347417840376,0.074313408723748,0,0.890909090909091,0.834394904458599,0,0.937704918032787,0,0.0703764320785597,0.820872274143302,0.0745542949756888,0.0838709677419355,0.928343949044586,0,0.750793650793651,0.115873015873016,0.634185303514377,0.862068965517241,0.318027210884354,0,0.706624605678233,0.274603174603175,0.920127795527157,0.186900958466454,0.863422291993721,0.941176470588235,0.913657770800628,0.902912621359223,0.0078003120124805,0.93042071197411,0.91866028708134,0,0,0.909090909090909,0,0.347551342812006,0.91025641025641,0.00794912559618442,0.00802568218298555,0.622186495176849,0,0.337078651685393,0.927750410509031,0.161392405063291,0.924713584288052,0.00647249190938511,0.914421553090333,0.0629032258064516,0.0803858520900322,0.0740740740740741,0.847376788553259,0.386075949367089,0.927986906710311,0,0.922829581993569,0.708064516129032,0,0.0667726550079491,0.301612903225806,0,0.794165316045381,0.297939778129952,0.14983164983165,0.909235668789809,0.213946117274168,0.930599369085173,0.924193548387097,0,0.5744,0.880913539967374,0.5408,0.914191419141914,0,0.920065252854812,0.0932069510268562,0,0.26904376012966,0.630990415335463,0.559016393442623,0,0,0.916666666666667,0.811290322580645,0.234323432343234,0.930533117932149,0.073051948051948,0.8752,0.464696223316913,0.921875,0.204582651391162,0.923566878980892,0.928802588996764,0.812400635930048,0.925515055467512,0.0746268656716418,0.934294871794872,0.0747217806041336,0,0.783739837398374,0.820919175911252,0.914285714285714,0.089171974522293,0,0.926791277258567,0.476345840130506,0.933333333333333,0.931464174454829,0.925867507886435,0.346938775510204,0.907643312101911,0.0744336569579288,0.888364779874214,0.0734375,0.839669421487603,0.419558359621451,0,0.918918918918919,0,0.843949044585987,0.934713375796178,0.196141479099678,0.9216,0.917874396135266,0.922839506172839,0.919303797468354,0.1472,0.41185647425897,0.878289473684211,0.896890343698854,0.127831715210356,0.0733652312599681,0.923824959481361,0.800947867298578,0,0,0.35426731078905,0.00158227848101266,0.933858267716535,0.3046875,0.824561403508772,0.764044943820225,0.920255183413078,0.482926829268293,0.4896,0.352365415986949,0.861904761904762,0.903691813804173,0.85781990521327,0,0.817749603803486,0.254071661237785,0.887070376432079,0.0690789473684211,0.134493670886076,0.569105691056911,0.918006430868167,0.91875,0.830097087378641,0.93042071197411,1,0,0.132137030995106,0.71183800623053,0.923714759535655,0,0.927330173775671,0.916149068322981,0.577170418006431,0.568690095846645,0.918269230769231,0.924342105263158,0.405797101449275,0,0.84012539184953,0.559349593495935,0.919191919191919,0.0731319554848967,0.911949685534591,0.928571428571429,0.93312101910828,0.996789727126806,0.540157480314961,0.0761750405186386,0.912903225806452,0.56140350877193,0.0689655172413793,0.0745341614906832,0.240710823909531,0.0694668820678514,0.211475409836066,0.661490683229814,0.0707395498392283,0.0776545166402536,0.0761904761904762,0.61189358372457,0.106732348111658,0.927066450567261,0.00648298217179903,0.0688,0,0.277867528271405,0.933870967741935,0.915470494417863,0.858974358974359,0,0.831973898858075,0.839936608557845,0.688498402555911,0.627642276422764,0.495081967213115,0.505636070853462,0.00636942675159236,0.922570016474465,0.162460567823344,0.71499176276771,0.908646003262643,0.0870253164556962,0.741100323624595,0.0657051282051282,0.184834123222749,0.927899686520376,0.923841059602649,0.829508196721311,0,0.655007949125596,0.832236842105263,0,0.0752351097178683,0.837282780410742,0.909090909090909,0,0.0774091627172196,0.0682539682539682,0.925864909390445,0.859271523178808,0.0701468189233279,0,0.4185303514377,0.933870967741935,0.78125,0.428341384863124,0.665584415584416,0.898412698412698,0.0790322580645161,0.92776886035313,0.925566343042071,0.074313408723748,0.910685805422648,0.934959349593496,0.909240924092409,0.931419457735247,0.258785942492013,0.363636363636364,0.341269841269841,0.899676375404531,0.871880199667221,0.0476190476190476,0.328968903436989,0.916264090177134,0.219903691813804,0.357910906298003,0.928,0.927512355848435,0.911433172302738,0.745901639344262,0.930708661417323,0.315,0.91304347826087,0.927884615384615,0,0.374603174603175,0.556818181818182,0.0881410256410256,0.0488958990536278,0.082018927444795,0.865718799368088,0.0950871632329636,0.0726978998384491,0,0.302884615384615,0.924679487179487,0.142857142857143,0.923714759535655,0.9152,0.927152317880795,0.339256865912762,0.324414715719064,0.728,0.502495840266223,0,0.877221324717286,0.0684713375796178,0.109004739336493,0.258320126782884,0.932565789473684,0.0738362760834671,0,0.3776,0.0800627943485086,0.0889621087314662,0.50402576489533,0.921951219512195,0.338187702265372,0.926298157453936,0.921951219512195,0,0.92846034214619,0.0747217806041336,0.922239502332815,0.88780487804878,0.933444259567388,0.0725806451612903,0.914691943127962,0.0666666666666667,0.853658536585366,0.705785123966942,0.896166134185304,0.924528301886792,0.92515923566879,0.348242811501597,0.985483870967742,0.924646781789639,0.0786163522012579,0.0972447325769854,0.924071082390953,0.9344,0.376811594202899,0.861685214626391,0.892384105960265,0.910685805422648,0.930926216640502,0,0.167213114754098,0.925445705024311,0.0711974110032362,0,0.90228013029316,0.00814332247557003,0.110749185667752,0.932283464566929,0.901960784313726,0.00325732899022801,0.621138211382114,0.471910112359551,0.925986842105263,0.0766721044045677,0.839024390243902,0.925986842105263,0.429508196721311,0.614285714285714,0.758508914100486,0,0.224555735056543,0.913821138211382,0.932565789473684,0.494345718901454,0.932283464566929,0.923076923076923,0.100638977635783,0.00161812297734628,0.916932907348243,0.931309904153355,0.890879478827362,0.728260869565217,0.0829268292682927,0.815235008103728,0.29073482428115,0.230508474576271,0.00477707006369427,0.67862969004894,0.624193548387097,0.611727416798732,0,0.327814569536424,0.86698717948718,0.696062992125984,0.542452830188679,0.134466769706337,0,0,0.940548780487805,0.916403785488959,0,0.8624,0.00647249190938511,0,0,0.930807248764415,0,0.934102141680395,0.746815286624204,0.555729984301413,0.929245283018868,0,0,0.923566878980892,0.902973395931142,0.783783783783784,0.0673076923076923,0.00324675324675325,0.824367088607595,0.622848200312989,0.931309904153355,0.559677419354839,0.381107491856678,0,0.930868167202572,0.0822368421052632,0.909385113268608,0.153465346534653,0,0.0653188180404355,0.178170144462279,0.515966386554622,0.906940063091483,0,0.895148669796557,0.916264090177134,0.9296,0,0.140776699029126,0.876480541455161,0.0808080808080808,0.9296,0.928684627575277,0.0846645367412141,0.929712460063898,0.349436392914654,0.792604501607717,0.0786516853932584,0.227868852459016,0.912140575079872,0.00809061488673139,0.06957928802589,0.913249211356467,0.0715474209650582,0.696369636963696,0.413961038961039,0,0.168503937007874,0.735440931780366,0.310897435897436,0.903691813804173,0.0725806451612903,0.210110584518167,0.514382402707276,0.894899536321484,0.8625,0.979133226324238,0.811074918566775,0,0.962441314553991,0.0760697305863708,0.909531502423263,0.431372549019608,0.0702028081123245,0.928909952606635,0.932038834951456,0.928338762214984,0.624398073836276,0.920382165605096,0.19349593495935,0.249190938511327,0.889415481832543,0.810509554140127,0,0,0.9185303514377,0.878289473684211,0.088379705400982,0.92604501607717,0.937399678972713,0.419614147909968,0.876847290640394,0.730337078651685,0.830721003134796,0,0.909822866344606,0.382495948136143,0.92776886035313,0.92604501607717,0,0.69935691318328,0.907467532467532,0.0803858520900322,0.717041800643087,0.416666666666667,0.859154929577465,0.682333873581848,0.983050847457627,0.147465437788018,0.915171288743883,0.92822966507177,0.917460317460317,0.352066115702479,0.147727272727273,0.931089743589744,0.924528301886792,0.00634920634920635,0.815165876777251,0.497568881685575,0.313504823151125,0.746388443017656,0.928455284552846,0.848287112561175,0.928012519561815,0.131410256410256,0.0689075630252101,0,0.82475884244373,0.0689102564102564,0.0737179487179487,0.321259842519685,0,0.92604501607717,0.87719298245614,0.92443729903537,0.925278219395866,0.155993431855501,0.0625,0,0,0.245928338762215,0.145631067961165,0.223832528180354,0,0.0658105939004815,0.921725239616613,0.0365659777424483,0.340909090909091,0.921824104234528,0.615384615384615,0.915721231766613,0.659744408945687,0.623052959501558,0,0.930448222565688,0.442088091353997,0.54066985645933,0.857142857142857,0.929260450160772,0.433811802232855,0.00952380952380952,0.890850722311397,0.88871473354232,0,0.906103286384977,0.0779014308426073,0.932432432432432,0.471246006389776,0,0.0096,0.540133779264214,0.808306709265176,0.071656050955414,0.194805194805195,0.00974025974025974,0.00165289256198347,0.71097372488408,0.0882352941176471,0.928213689482471,0.356913183279743,0.927786499215071,0.0661417322834646,0.41786283891547,0.369885433715221,0.836601307189543,0.172529313232831,0.0699523052464229,0.0032,0.108414239482201,0,0.927444794952681,0.0889621087314662,0.917573872472784,0.0738362760834671,0.927631578947368,0,0.546456692913386,0.526570048309179,0.924071082390953,0,0.929356357927786,0,0.429260450160772,0.922955974842767,0,0.647058823529412,0.913539967373573,0.721498371335505,0.900326797385621,0.106518282988871,0,0.927652733118971,0.306320907617504,0,0.70364500792393,0.073094867807154,0.0901898734177215,0.929712460063898,0.932038834951456,0.922712933753943,0.903381642512077,0.912762520193861,0,0.915873015873016,0.0172955974842767,0.404458598726115,0.332268370607029,0.919484702093398,0.922712933753943,0.925349922239502,0.927330173775671,0.0523809523809524,0.0791599353796446,0.918739635157546,0.91679748822606,0.775,0.905808477237049,0.925515055467512,0.916666666666667,0,0,0.91820987654321,0,0.125198098256735,0,0.9,0.326194398682043,0.258116883116883,0.17981072555205,0.88961038961039,0,0.160771704180064,0.923809523809524,0.926517571884984,0.633711507293355,0.451761102603369,0.27906976744186,0.236391912908243,0.649837133550489,0.0726698262243286,0.192868719611021,0.575320512820513,0.325806451612903,0.762360446570973,0.0725806451612903,0,0.0690789473684211,0.367720465890183,0.927852348993289,0.6138147566719,0.284603421461897,0.680952380952381,0.825545171339564,0.910355486862442,0.907438016528926,0.918300653594771,0.937397034596376,0.941653160453809,0.567140600315956,0.444976076555024,0.932454695222405,0.078003120124805,0.0771653543307087,0.837359098228664,0.00794912559618442,0.927330173775671,0.908360128617363,0,0.176567656765677,0,0.90228013029316,0,0.915335463258786,0.925925925925926,0.076555023923445,0.801932367149758,0.932917316692668,0.635179153094462,0.619426751592357,0.817447495961228,0,0,0.890016920473773,0.877300613496933,0.932692307692308,0,0,0.0697674418604651,0.300314465408805,0.543548387096774,0,0.49047619047619,0,0.871710526315789,0.932038834951456,0.228013029315961,0.294025157232704,0,0.373134328358209,0.6120826709062,0.836569579288026,0.899843505477308,0.754414125200642,0.0733652312599681,0.924466338259442,0.0209339774557166,0.930921052631579,0,0.925,0.00631911532385466,0.929508196721311,0.0917874396135266,0.0493421052631579,0,0,0.808846761453397,1,0.8734375,0.714508580343214,0.0816326530612245,0.0684039087947883,0.794165316045381,0.804651162790698,0,0.0801282051282051,0.919484702093398,0,0.923076923076923,0.897356143079316,0.147011308562197,0.0388978930307942,0.0736,0.924290220820189,0.498366013071895,0.144694533762058,0.175609756097561,0.1792,0.757071547420965,0.166405023547881,0.92948717948718,0,0.797752808988764,0.956112852664577,0.00324675324675325,0,0.0709876543209877,0,0.0763116057233704,0.93026941362916,0.720394736842105,0.0775577557755776,0.0691318327974277,0.572607260726073,0.900489396411093,0.504746835443038,0.0491283676703645,0.0738916256157636,0.0595813204508857,0.0208667736757624,0,0.0780254777070064,0.0719874804381847,0.0736,0.0771653543307087,0.0640625,0.0488599348534202,0.0569620253164557,0.0770440251572327,0.0191387559808612,0.00498338870431894,0.0271565495207668,0.0205696202531646,0.056782334384858,0.0781758957654723,0.0225806451612903,0.0729335494327391,0.0718849840255591,0.0403877221324717,0.0718849840255591,0.0299212598425197,0.0737833594976452,0.111287758346582,0.0728682170542636,0.0733652312599681
"781",0.94375,0.933539412673879,0.954407294832827,0.905132192846034,0.937996820349762,0.938709677419355,0.962441314553991,0.942277691107644,0.934749620637329,0.00627943485086342,0.937404580152672,0.00920245398773006,0.595092024539877,0.94006309148265,0.0998487140695915,0.0689127105666156,0.00747384155455904,0.0232919254658385,0.934504792332268,0.928902627511592,0.218798151001541,0.0855784469096672,0.923312883435583,0.00766871165644172,0.910060975609756,0.284389489953632,0.158385093167702,0.925867507886435,0.514285714285714,0.718181818181818,0.0560606060606061,0.712962962962963,0.797822706065319,0.313935681470138,0.00907715582450832,0.93343653250774,0.0275229357798165,0.927803379416283,0.308259587020649,0.860816944024206,0.00769230769230769,0.0215384615384615,0.016793893129771,0.933014354066986,0.793650793650794,0.0772870662460568,0.510869565217391,0.0540123456790123,0.494720965309201,0.1797583081571,0.010752688172043,0.927244582043344,0.312404287901991,0.93343653250774,0.955905511811024,0.196875,0.00797448165869218,0.910216718266254,0.976851851851852,0.885885885885886,0.328746177370031,0.455792682926829,0.0575079872204473,0.00949367088607595,0.857369255150555,0.801223241590214,0.00930232558139535,0.925696594427245,0.00465116279069767,0.0517241379310345,0.822085889570552,0.0524691358024691,0.073959938366718,0.939117199391172,0.00754147812971342,0.749240121580547,0.100609756097561,0.572298325722983,0.915227629513344,0.311986863711002,0.00782472613458529,0.72239263803681,0.24390243902439,0.930981595092024,0.148773006134969,0.900306748466258,0.931087289433384,0.930930930930931,0.91324200913242,0.0209895052473763,0.926332288401254,0.93030303030303,0.0078125,0.00623052959501558,0.917316692667707,0.0109204368174727,0.340943683409437,0.926829268292683,0.0151285930408472,0.0199386503067485,0.677215189873418,0.00768049155145929,0.326153846153846,0.936908517350158,0.148648648648649,0.937007874015748,0.0203442879499218,0.966309341500766,0.0527950310559006,0.06,0.0653495440729483,0.973684210526316,0.368421052631579,0.927580893682589,0.00941915227629513,0.951070336391437,0.732006125574273,0.0104633781763827,0.0581929555895865,0.273993808049536,0.00754147812971342,0.795631825273011,0.29249617151608,0.112676056338028,0.923312883435583,0.17351598173516,0.9375,0.938271604938272,0.010989010989011,0.58868501529052,0.91358024691358,0.495283018867925,0.928012519561815,0.00914634146341463,0.926791277258567,0.06797583081571,0.0107033639143731,0.262345679012346,0.605504587155963,0.565560821484992,0.0110062893081761,0.00950871632329636,0.941085271317829,0.746543778801843,0.193037974683544,0.934883720930233,0.0544323483670296,0.908675799086758,0.445151033386327,0.947209653092006,0.185358255451713,0.937116564417178,0.929577464788732,0.815950920245399,0.936630602782071,0.0456692913385827,0.936825885978428,0.0514018691588785,0.00772797527047913,0.746894409937888,0.909365558912387,0.925581395348837,0.078907435508346,0.00909090909090909,0.937689969604863,0.480438184663537,0.940418679549114,0.926717557251908,0.934150076569678,0.316666666666667,0.940909090909091,0.0556414219474498,0.911940298507463,0.0590015128593041,0.938388625592417,0.393518518518519,0.00938967136150235,0.916795069337442,0.00910470409711684,0.817629179331307,0.938650306748466,0.1796875,0.930769230769231,0.903522205206738,0.927219796215429,0.923664122137405,0.13953488372093,0.405775075987842,0.896331738437002,0.906793048973144,0.110248447204969,0.0652503793626707,0.936406995230525,0.931087289433384,0.00602409638554217,0.0108864696734059,0.342635658914729,0.00917431192660551,0.930769230769231,0.302571860816944,0.957413249211357,0.732718894009217,0.93984962406015,0.462616822429907,0.457186544342508,0.335913312693498,0.8734375,0.899529042386185,0.897865853658537,0.0109034267912773,0.839506172839506,0.230283911671924,0.91640866873065,0.0590062111801242,0.128787878787879,0.578703703703704,0.931087289433384,0.934749620637329,0.854263565891473,0.937308868501529,0.861635220125786,0.00777604976671851,0.134351145038168,0.67530487804878,0.932389937106918,0.010752688172043,0.922492401215805,0.947049924357035,0.600624024960998,0.555900621118012,0.927357032457496,0.93730407523511,0.403426791277259,0.0110062893081761,0.95144157814871,0.559561128526646,0.958925750394945,0.0524691358024691,0.91553544494721,0.931464174454829,0.935483870967742,0.905572755417957,0.553191489361702,0.0579029733959311,0.953703703703704,0.528072837632777,0.0649546827794562,0.0618401206636501,0.239567233384853,0.0592823712948518,0.206842923794712,0.693474962063733,0.0493827160493827,0.0539291217257319,0.0698757763975155,0.615037593984962,0.0837282780410742,0.921752738654147,0.0188087774294671,0.0573643410852713,0.00930232558139535,0.264475743348983,0.939721792890263,0.925581395348837,0.869565217391304,0.00930232558139535,0.904836193447738,0.821917808219178,0.707692307692308,0.636222910216718,0.499210110584518,0.459968602825746,0.0217391304347826,0.932917316692668,0.146969696969697,0.720257234726688,0.944186046511628,0.0688073394495413,0.773700305810398,0.0633693972179289,0.160741885625966,0.933232169954476,0.927099841521395,0.9609375,0.00921658986175115,0.667678300455235,0.963607594936709,0.0107858243451464,0.0514372163388805,0.962349397590361,0.962616822429907,0.00603318250377074,0.0546282245827011,0.0561456752655539,0.93563579277865,0.87244094488189,0.0582677165354331,0.00788643533123028,0.423197492163009,0.948678071539658,0.801801801801802,0.423017107309487,0.692068429237947,0.918918918918919,0.0604651162790698,0.931921331316188,0.936434108527132,0.0552147239263804,0.927244582043344,0.938556067588326,0.920127795527157,0.932824427480916,0.222734254992319,0.356164383561644,0.330757341576507,0.960505529225908,0.892744479495268,0.0476190476190476,0.291731669266771,0.952453987730061,0.189969604863222,0.337367624810893,0.946319018404908,0.940438871473354,0.934049079754601,0.708006279434851,0.933634992458522,0.279365079365079,0.95398773006135,0.9359375,0.0093603744149766,0.364741641337386,0.603174603174603,0.0590062111801242,0.0535168195718654,0.0625954198473282,0.874617737003058,0.0775075987841945,0.0515933232169954,0.00906344410876133,0.265432098765432,0.935185185185185,0.116207951070336,0.953225806451613,0.952380952380952,0.94375,0.327044025157233,0.326984126984127,0.65284178187404,0.471246006389776,0.00927357032457496,0.808641975308642,0.06797583081571,0.0844645550527904,0.244274809160305,0.93603744149766,0.06,0.00928792569659443,0.372163388804841,0.0661538461538462,0.0724191063174114,0.498452012383901,0.932707355242567,0.328050713153724,0.941732283464567,0.90809968847352,0.0107033639143731,0.93859649122807,0.0501519756838906,0.935240963855422,0.813271604938272,0.93042071197411,0.0697674418604651,0.9209726443769,0.058641975308642,0.847352024922118,0.721153846153846,0.88821752265861,0.943076923076923,0.934477379095164,0.328746177370031,0.913312693498452,0.934848484848485,0.0568011958146487,0.0693374422187981,0.941732283464567,0.928353658536585,0.35981308411215,0.841463414634146,0.918918918918919,0.914241960183767,0.94,0.0031201248049922,0.155172413793103,0.936923076923077,0.058641975308642,0.0110410094637224,0.959311424100156,0.0158730158730159,0.0919003115264797,0.930197268588771,0.958204334365325,0.0140845070422535,0.687306501547988,0.444099378881988,0.934817170111288,0.0551181102362205,0.835423197492163,0.936908517350158,0.40952380952381,0.635258358662614,0.80690737833595,0.00618238021638331,0.21216848673947,0.950693374422188,0.937402190923318,0.463223787167449,0.943164362519201,0.921052631578947,0.0801232665639445,0.010752688172043,0.943251533742331,0.93343653250774,0.917445482866044,0.669195751138088,0.0610328638497653,0.908242612752722,0.279635258358663,0.236065573770492,0.0153374233128834,0.622257053291536,0.612852664576803,0.63969465648855,0.00758725341426404,0.318181818181818,0.917445482866044,0.638719512195122,0.549848942598187,0.12630014858841,0.00763358778625954,0.0075187969924812,0.93519882179676,0.911450381679389,0.00759878419452888,0.921052631578947,0.0216383307573416,0.00759878419452888,0.0110584518167457,0.939301972685888,0.00612557427258806,0.939968404423381,0.789554531490015,0.564491654021244,0.933035714285714,0.00941915227629513,0.00623052959501558,0.932618683001531,0.913173652694611,0.730827067669173,0.0517503805175038,0.0110062893081761,0.955589586523737,0.633587786259542,0.947204968944099,0.533639143730887,0.385350318471338,0.00622083981337481,0.929121725731895,0.0570522979397781,0.945226917057903,0.130030959752322,0.00917431192660551,0.0641791044776119,0.157320872274143,0.502439024390244,0.920122887864823,0.0106544901065449,0.936267071320182,0.928353658536585,0.942424242424242,0.0107361963190184,0.121684867394696,0.890522875816993,0.0606060606060606,0.934848484848485,0.939577039274924,0.0592705167173252,0.930197268588771,0.342465753424658,0.813559322033898,0.0660522273425499,0.219092331768388,0.927672955974843,0.0202492211838006,0.0583717357910906,0.940092165898618,0.0591054313099042,0.673534072900158,0.4234375,0.0107361963190184,0.175840978593272,0.758346581875994,0.297507788161994,0.930981595092024,0.05625,0.193548387096774,0.457095709570957,0.913561847988077,0.879204892966361,0.912307692307692,0.735433070866142,0.0078740157480315,0.927803379416283,0.0553846153846154,0.909647779479326,0.434579439252336,0.0540540540540541,0.936170212765957,0.941358024691358,0.93613707165109,0.621951219512195,0.946401225114854,0.188473520249221,0.254601226993865,0.912363067292645,0.948091603053435,0.0106060606060606,0.0109546165884194,0.933962264150943,0.89297124600639,0.0697305863708399,0.9421875,0.939907550077042,0.401826484018265,0.921507064364207,0.720379146919431,0.952887537993921,0.010752688172043,0.934782608695652,0.380434782608696,0.940809968847352,0.934984520123839,0.0104633781763827,0.652582159624413,0.950155763239875,0.0643642072213501,0.714285714285714,0.418856259659969,0.775297619047619,0.70625,0.902694610778443,0.136842105263158,0.943127962085308,0.94435857805255,0.954128440366973,0.33968253968254,0.1515625,0.934351145038168,0.942684766214178,0.015015015015015,0.774436090225564,0.477794793261868,0.302290076335878,0.774539877300613,0.937019969278034,0.856702619414484,0.931087289433384,0.135542168674699,0.0529695024077047,0.0107033639143731,0.845916795069337,0.0561622464898596,0.0589147286821705,0.30757341576507,0.00938967136150235,0.933846153846154,0.899082568807339,0.935779816513762,0.935779816513762,0.145510835913313,0.0576323987538941,0.00745156482861401,0.00757575757575758,0.230407523510972,0.117739403453689,0.194053208137715,0.00925925925925926,0.0525502318392581,0.937791601866252,0.0353846153846154,0.334883720930233,0.93563579277865,0.640364188163885,0.908385093167702,0.672699849170437,0.664661654135338,0.00457317073170732,0.936764705882353,0.430769230769231,0.533541341653666,0.958083832335329,0.947049924357035,0.433229813664596,0.0184899845916795,0.931297709923664,0.936267071320182,0.00613496932515337,0.907738095238095,0.0659509202453988,0.930756843800322,0.433641975308642,0.010989010989011,0.0196969696969697,0.560581583198708,0.837795275590551,0.0565749235474006,0.17384370015949,0.0216383307573416,0.0110759493670886,0.735338345864662,0.0707692307692308,0.938411669367909,0.358231707317073,0.942424242424242,0.0531107738998483,0.405775075987842,0.346092503987241,0.901116427432217,0.141479099678457,0.0622154779969651,0.0138461538461538,0.0951638065522621,0.00766871165644172,0.936555891238671,0.0855784469096672,0.95067264573991,0.062015503875969,0.935736677115988,0.00768049155145929,0.553544494720965,0.492331288343558,0.932098765432099,0.0094488188976378,0.93587786259542,0.00952380952380952,0.426791277258567,0.939209726443769,0.00909090909090909,0.711009174311927,0.93953488372093,0.7171875,0.943396226415094,0.0848484848484849,0.00769230769230769,0.936170212765957,0.309859154929577,0.00902255639097744,0.701700154559505,0.0633484162895928,0.0751533742331288,0.9390625,0.938080495356037,0.929878048780488,0.910355486862442,0.928571428571429,0.0076103500761035,0.917829457364341,0.0342261904761905,0.395061728395062,0.327102803738318,0.924615384615385,0.920684292379471,0.935435435435435,0.929878048780488,0.0652173913043478,0.0622083981337481,0.931746031746032,0.921658986175115,0.714932126696833,0.920489296636086,0.933434190620272,0.957055214723926,0.00909090909090909,0.00762195121951219,0.928882438316401,0.0105740181268882,0.12937595129376,0.0078003120124805,0.93613707165109,0.318110236220472,0.253565768621236,0.173978819969743,0.873846153846154,0.00918836140888208,0.157566302652106,0.938271604938272,0.936532507739938,0.654853620955316,0.461876832844575,0.251094890510949,0.217065868263473,0.628346456692913,0.0482654600301659,0.168970814132104,0.580343213728549,0.285493827160494,0.69969512195122,0.0657276995305164,0.00943396226415094,0.0441640378548896,0.368584758942457,0.938485804416404,0.695852534562212,0.272727272727273,0.619195046439629,0.916413373860182,0.922155688622755,0.931746031746032,0.925349922239502,0.94006309148265,0.9375,0.566153846153846,0.449074074074074,0.941358024691358,0.0578635014836795,0.0671641791044776,0.900763358778626,0.0214723926380368,0.932824427480916,0.912977099236641,0.00778816199376947,0.150554675118859,0.0077639751552795,0.9203125,0.00793650793650794,0.932618683001531,0.940458015267176,0.0546282245827011,0.835147744945568,0.931137724550898,0.704581358609795,0.655436447166922,0.9546875,0.00924499229583975,0.009375,0.904220779220779,0.933234421364985,0.944700460829493,0.00914634146341463,0.00613496932515337,0.0558213716108453,0.257621951219512,0.507788161993769,0.00614439324116743,0.482334869431644,0.00461538461538462,0.89358372456964,0.931034482758621,0.213836477987421,0.265460030165913,0.00748502994011976,0.370253164556962,0.586314152410575,0.826153846153846,0.946969696969697,0.805255023183926,0.047040971168437,0.948275862068966,0.0311526479750779,0.930708661417323,0.00947867298578199,0.943939393939394,0.0153139356814701,0.93125,0.0706436420722135,0.0477707006369427,0.00907715582450832,0.0063391442155309,0.831288343558282,0.8734375,1,0.708018154311649,0.081570996978852,0.0623052959501558,0.797546012269939,0.801815431164902,0.00469483568075117,0.0694444444444444,0.917701863354037,0.00610687022900763,0.916403785488959,0.952959028831563,0.106544901065449,0.0477657935285054,0.0514018691588785,0.934049079754601,0.486068111455108,0.131045241809672,0.14937106918239,0.159264931087289,0.715654952076677,0.141552511415525,0.937694704049844,0.0107197549770291,0.756630265210608,0.918836140888208,0.014018691588785,0.0107692307692308,0.0571847507331378,0.0062015503875969,0.0630769230769231,0.933130699088146,0.701444622792937,0.046875,0.0608424336973479,0.5875,0.961300309597523,0.474164133738602,0.0529500756429652,0.0533751962323391,0.0642633228840125,0.0202177293934681,0.0108864696734059,0.07981220657277,0.062874251497006,0.0508474576271186,0.0720858895705521,0.0547112462006079,0.0528771384136858,0.0624048706240487,0.0685975609756098,0.0200617283950617,0.00956937799043062,0.0354938271604938,0.0257966616084977,0.0567484662576687,0.0652173913043478,0.0294117647058824,0.0573248407643312,0.0665634674922601,0.043956043956044,0.0614439324116743,0.0360902255639098,0.0598159509202454,0.0893682588597843,0.055472263868066,0.0509259259259259
"782",0.709876543209877,0.709480122324159,0.710606060606061,0.694227769110764,0.705882352941177,0.712918660287081,0.722480620155039,0.717125382262997,0.71342383107089,0,0.702909647779479,0,0.591117917304747,0.713841368584759,0.313161875945537,0.300604229607251,0,0.00930232558139535,0.720565149136578,0.7217125382263,0.420091324200913,0.303571428571429,0.720121028744327,0,0.776255707762557,0.445987654320988,0.366261398176292,0.699376947040498,0.615269461077844,0.688549618320611,0.280597014925373,0.647058823529412,0.7125,0.473200612557427,0,0.708782742681048,0.0120300751879699,0.704268292682927,0.47787610619469,0.722560975609756,0,0.0106221547799697,0.00153609831029186,0.725705329153605,0.656050955414013,0.308641975308642,0.571653543307087,0.306027820710974,0.593471810089021,0.397301349325337,0,0.731782945736434,0.482442748091603,0.709480122324159,0.694573643410853,0.406940063091483,0,0.714733542319749,0.708649468892261,0.705089820359281,0.470858895705521,0.589939024390244,0.286370597243492,0,0.738582677165354,0.751506024096386,0,0.703245749613601,0,0.263888888888889,0.701515151515152,0.285714285714286,0.300153139356815,0.718181818181818,0,0.697151424287856,0.322137404580153,0.675883256528418,0.719874804381847,0.491909385113269,0,0.629685157421289,0.403903903903904,0.698484848484848,0.376524390243902,0.694736842105263,0.715596330275229,0.707762557077626,0.704160246533128,0.00595238095238095,0.721109399075501,0.70196671709531,0,0,0.721003134796238,0,0.514503816793893,0.714064914992272,0.00151745068285281,0.0031104199066874,0.66820987654321,0,0.511848341232227,0.718944099378882,0.364457831325301,0.711145996860283,0.00618238021638331,0.724505327245053,0.287051482059282,0.282608695652174,0.29803328290469,0.704866562009419,0.487062404870624,0.725581395348837,0,0.709480122324159,0.654545454545455,0,0.285496183206107,0.528682170542636,0,0.711811023622047,0.486196319018405,0.340694006309148,0.717987804878049,0.402439024390244,0.716236722306525,0.716279069767442,0,0.654263565891473,0.708006279434851,0.74414976599064,0.724247226624406,0,0.69826224328594,0.314674735249622,0,0.47900466562986,0.606153846153846,0.648177496038035,0,0,0.715384615384615,0.74347158218126,0.393026941362916,0.712098009188361,0.282208588957055,0.712749615975422,0.529320987654321,0.713432835820896,0.400309119010819,0.705607476635514,0.705426356589147,0.863777089783282,0.707951070336391,0.272300469483568,0.707692307692308,0.297045101088647,0,0.746894409937888,0.716196136701337,0.692541856925419,0.293674698795181,0,0.713859910581222,0.534883720930233,0.713831478537361,0.718844984802432,0.719325153374233,0.4779299847793,0.696456086286595,0.292913385826772,0.723467862481315,0.290178571428571,0.705607476635514,0.49923896499239,0,0.712962962962963,0,0.724615384615385,0.717325227963526,0.392801251956182,0.701399688958009,0.725609756097561,0.718934911242604,0.731117824773414,0.357361963190184,0.512084592145015,0.707086614173228,0.712715855572998,0.335365853658537,0.277272727272727,0.715610510046368,0.682852807283763,0,0,0.520186335403727,0,0.721461187214612,0.469604863221884,0.714285714285714,0.694656488549618,0.71969696969697,0.598159509202454,0.69558599695586,0.520801232665639,0.690513219284603,0.732307692307692,0.711711711711712,0,0.775229357798165,0.438095238095238,0.703703703703704,0.272024729520866,0.326865671641791,0.677469135802469,0.719754977029097,0.708083832335329,0.716236722306525,0.723502304147465,0.734157650695518,0,0.336377473363775,0.733736762481089,0.702160493827161,0,0.723146747352496,0.717065868263473,0.650306748466258,0.583206106870229,0.714064914992272,0.72397476340694,0.572317262830482,0,0.69195751138088,0.598473282442748,0.716323296354992,0.282706766917293,0.694277108433735,0.718701700154559,0.711246200607903,0.713405238828968,0.599695585996956,0.288786482334869,0.708782742681048,0.565217391304348,0.29160530191458,0.284431137724551,0.41471048513302,0.292758089368259,0.401883830455259,0.663125948406677,0.271341463414634,0.291793313069909,0.277016742770167,0.685074626865672,0.302547770700637,0.731974921630094,0.00777604976671851,0.282874617737003,0,0.46594427244582,0.721792890262751,0.708333333333333,0.725880551301684,0,0.70906200317965,0.731927710843373,0.632530120481928,0.627659574468085,0.556923076923077,0.6640625,0.00755287009063444,0.715610510046368,0.364329268292683,0.646687697160883,0.726006191950464,0.308510638297872,0.737327188940092,0.285060975609756,0.370942812982998,0.722473604826546,0.7136,0.708527131782946,0,0.730182926829268,0.696319018404908,0,0.274096385542169,0.717293233082707,0.710485133020344,0,0.295281582952816,0.278614457831325,0.705607476635514,0.697204968944099,0.290220820189274,0,0.569678407350689,0.726415094339623,0.713414634146341,0.507598784194529,0.731895223420647,0.682706766917293,0.289833080424886,0.71342383107089,0.711009174311927,0.294573643410853,0.714503816793893,0.714728682170543,0.720125786163522,0.735249621785174,0.428792569659443,0.506060606060606,0.511380880121396,0.709375,0.71563981042654,0.0380517503805175,0.548387096774194,0.71937984496124,0.376923076923077,0.579025110782866,0.717987804878049,0.718110236220472,0.711246200607903,0.738654147104851,0.718608169440242,0.532407407407407,0.720121028744327,0.69969040247678,0,0.501529051987768,0.613924050632911,0.289676425269646,0.0350076103500761,0.291729323308271,0.770416024653313,0.309090909090909,0.294027565084227,0,0.449922958397535,0.71875,0.350152905198777,0.722222222222222,0.718223583460949,0.704334365325077,0.503105590062112,0.517996870109546,0.7,0.533333333333333,0,0.73497688751926,0.297014925373134,0.308510638297872,0.4375,0.722834645669291,0.28310502283105,0,0.520673813169985,0.281391830559758,0.311728395061728,0.517450682852807,0.729938271604938,0.488958990536278,0.712,0.711213517665131,0,0.720588235294118,0.278860569715142,0.719640179910045,0.734254992319508,0.72408293460925,0.295208655332303,0.72289156626506,0.282245827010622,0.725429017160686,0.613312202852615,0.731707317073171,0.728376327769347,0.716049382716049,0.503852080123267,0.715384615384615,0.69683257918552,0.288922155688623,0.300153139356815,0.707882534775889,0.711656441717791,0.495384615384615,0.738058551617874,0.719551282051282,0.706686930091185,0.71969696969697,0,0.3765625,0.719135802469136,0.283969465648855,0,0.722910216718266,0.00625,0.314241486068111,0.713636363636364,0.72281776416539,0.00155038759689922,0.666156202143951,0.518348623853211,0.722650231124807,0.287949921752739,0.7328125,0.701421800947867,0.537383177570093,0.735068912710567,0.6609375,0,0.419354838709677,0.7234375,0.714285714285714,0.542242703533026,0.71969696969697,0.699507389162562,0.296754250386399,0,0.717125382262997,0.725308641975309,0.71606864274571,0.679273827534039,0.30030959752322,0.696540880503145,0.424924924924925,0.414239482200647,0.00308166409861325,0.679304897314376,0.669767441860465,0.6,0,0.478056426332288,0.721966205837174,0.680659670164918,0.579754601226994,0.354505169867061,0,0,0.698830409356725,0.714499252615845,0,0.724299065420561,0.00625978090766823,0,0,0.704441041347626,0,0.734472049689441,0.741885625965997,0.651057401812689,0.713213213213213,0,0,0.724349157733537,0.727272727272727,0.730182926829268,0.293051359516616,0,0.69079939668175,0.731818181818182,0.731707317073171,0.579754601226994,0.490654205607477,0,0.70381679389313,0.2875,0.705974842767296,0.329192546583851,0,0.289120715350224,0.386398763523957,0.608974358974359,0.710166919575114,0,0.725903614457831,0.726299694189602,0.719083969465649,0,0.33641975308642,0.731707317073171,0.296,0.714719271623672,0.719939117199391,0.29249617151608,0.704268292682927,0.524316109422492,0.739130434782609,0.287713841368585,0.415213946117274,0.728813559322034,0.00465116279069767,0.290076335877863,0.712765957446808,0.298722044728434,0.679566563467492,0.492935635792779,0,0.38796992481203,0.6578125,0.496217851739788,0.711043872919818,0.283763277693475,0.375375375375375,0.724193548387097,0.698650674662669,0.684370257966616,0.719814241486068,0.717628705148206,0,0.725075528700906,0.294117647058824,0.719568567026194,0.560629921259843,0.292101341281669,0.704268292682927,0.722222222222222,0.704160246533128,0.6109375,0.69969040247678,0.395672333848532,0.436619718309859,0.736923076923077,0.691489361702128,0,0,0.716951788491446,0.71608832807571,0.28125,0.710485133020344,0.728813559322034,0.571214392803598,0.701863354037267,0.720125786163522,0.694656488549618,0,0.735202492211838,0.54364471669219,0.718944099378882,0.706605222734255,0,0.70679012345679,0.722570532915361,0.291731669266771,0.691222570532915,0.541411042944785,0.697916666666667,0.608695652173913,0.729166666666667,0.326409495548961,0.709828393135725,0.716236722306525,0.712977099236641,0.512658227848101,0.359208523592085,0.702786377708978,0.708841463414634,0.00454545454545455,0.739393939393939,0.63206106870229,0.464723926380368,0.660550458715596,0.715384615384615,0.75,0.711480362537764,0.125377643504532,0.288643533123028,0,0.700152207001522,0.285271317829457,0.283720930232558,0.474885844748858,0,0.71671826625387,0.695195195195195,0.723502304147465,0.725341426403642,0.333850931677019,0.2890625,0,0,0.415481832543444,0.352395672333849,0.383076923076923,0,0.263157894736842,0.712328767123288,0.134932533733133,0.517295597484277,0.71563981042654,0.67687595712098,0.746130030959752,0.602427921092564,0.601208459214502,0,0.729013254786451,0.581395348837209,0.686520376175549,0.718140929535232,0.708018154311649,0.52824427480916,0.00459418070444104,0.69478527607362,0.717522658610272,0,0.704819277108434,0.298798798798799,0.714516129032258,0.661585365853659,0,0.00464396284829721,0.692675159235669,0.685185185185185,0.291603053435115,0.387045813586098,0.00606060606060606,0,0.655834564254062,0.285714285714286,0.707592891760905,0.520300751879699,0.715789473684211,0.277777777777778,0.524316109422492,0.459501557632399,0.702660406885759,0.360062893081761,0.287218045112782,0,0.328638497652582,0,0.727544910179641,0.269413629160063,0.702380952380952,0.285271317829457,0.711811023622047,0,0.56006006006006,0.597842835130971,0.709677419354839,0,0.715142428785607,0,0.538699690402477,0.706845238095238,0,0.67624810892587,0.719325153374233,0.653250773993808,0.704581358609795,0.319571865443425,0,0.714067278287462,0.493023255813954,0,0.649546827794562,0.275659824046921,0.315068493150685,0.715625,0.718110236220472,0.725903614457831,0.704334365325077,0.717829457364341,0,0.71097372488408,0.0135542168674699,0.547112462006079,0.489329268292683,0.710606060606061,0.720858895705521,0.716216216216216,0.724085365853659,0.0589123867069486,0.287925696594427,0.718600953895072,0.697709923664122,0.724242424242424,0.75712143928036,0.706505295007564,0.716692189892802,0,0,0.711738484398217,0,0.323170731707317,0.0015527950310559,0.729393468118196,0.480952380952381,0.4015625,0.380733944954128,0.731366459627329,0.00152439024390244,0.375766871165644,0.717425431711146,0.71889400921659,0.630602782071097,0.615727002967359,0.42120765832106,0.413333333333333,0.615503875968992,0.284178187403994,0.380733944954128,0.672307692307692,0.53858024691358,0.70516717325228,0.292758089368259,0,0.266141732283465,0.532608695652174,0.704510108864697,0.635114503816794,0.471641791044776,0.67427701674277,0.721538461538462,0.694610778443114,0.716346153846154,0.705426356589147,0.721259842519685,0.716279069767442,0.606758832565284,0.516228748068006,0.717522658610272,0.286558345642541,0.290611028315946,0.719325153374233,0.00603318250377074,0.724085365853659,0.724505327245053,0,0.365203761755486,0,0.710122699386503,0,0.73030303030303,0.71097372488408,0.278860569715142,0.736111111111111,0.720121028744327,0.690851735015773,0.643076923076923,0.703296703296703,0,0,0.711111111111111,0.704411764705882,0.709090909090909,0,0,0.275590551181102,0.524886877828054,0.710323574730354,0,0.551145038167939,0,0.709828393135725,0.709828393135725,0.402173913043478,0.425531914893617,0,0.525078369905956,0.592933947772657,0.732628398791541,0.726726726726727,0.69969512195122,0.284403669724771,0.723809523809524,0.0415384615384615,0.713153724247227,0,0.719457013574661,0.00463678516228748,0.723172628304821,0.296923076923077,0.19309262166405,0,0,0.698484848484848,0.714508580343214,0.708018154311649,1,0.302083333333333,0.289473684210526,0.695046439628483,0.661144578313253,0,0.292758089368259,0.736111111111111,0,0.710280373831776,0.721385542168675,0.343653250773994,0.0306748466257669,0.278637770897833,0.712781954887218,0.524256651017214,0.327131782945736,0.356918238993711,0.382848392036753,0.702362204724409,0.368340943683409,0.721183800623053,0,0.7578125,0.73071104387292,0.00154559505409583,0,0.290748898678414,0,0.295454545454545,0.704615384615385,0.704510108864697,0.283255086071987,0.288343558282209,0.654088050314465,0.705882352941177,0.598496240601504,0.0346907993966818,0.283227848101266,0.053968253968254,0.0138461538461538,0,0.269645608628659,0.287856071964018,0.28680981595092,0.28978978978979,0.298165137614679,0.0312989045383412,0.0395136778115502,0.302147239263804,0.013953488372093,0.0031496062992126,0.0244274809160305,0.0182648401826484,0.0393939393939394,0.30757341576507,0.0168711656441718,0.282091917591125,0.274570982839314,0.0344827586206897,0.283720930232558,0.037202380952381,0.278963414634146,0.295558958652374,0.281437125748503,0.288786482334869
"783",0.0244274809160305,0.0287009063444109,0.0539730134932534,0.0855365474339036,0.0403726708074534,0.0268987341772152,0.118098159509202,0.0479876160990712,0.0282738095238095,0,0.0256024096385542,0,0.440366972477064,0.0216383307573416,1,0.965465465465465,0,0.00153846153846154,0.0279503105590062,0.04,0.853474320241692,0.94375,0.0379362670713202,0,0.0661654135338346,0.731182795698925,0.880184331797235,0.0295489891135303,0.54954954954955,0.331316187594554,0.974588938714499,0.32572298325723,0.243788819875776,0.705614567526555,0,0.0274809160305344,0.00601503759398496,0.0302114803625378,0.752577319587629,0.123511904761905,0,0,0,0.0278207109737249,0.254658385093168,0.962674961119751,0.483180428134557,0.975384615384615,0.55425219941349,0.863976083707025,0,0.0350609756097561,0.752307692307692,0.0167427701674277,0.13125,0.826224328593997,0,0.0496124031007752,0.0647590361445783,0.115326251896813,0.703479576399395,0.584084084084084,0.976816074188563,0,0.116822429906542,0.187214611872146,0,0.0367534456355283,0,0.975346687211094,0.158850226928896,0.96969696969697,0.961538461538462,0.024024024024024,0,0.304932735426009,0.949852507374631,0.428139183055976,0.124223602484472,0.738562091503268,0,0.314842578710645,0.7847533632287,0.0253353204172876,0.879389312977099,0.113095238095238,0.0226244343891403,0.054380664652568,0.0546282245827011,0,0.037037037037037,0.0228310502283105,0,0,0.0542635658914729,0,0.693939393939394,0.0422960725075529,0,0,0.392749244712991,0,0.730769230769231,0.0248062015503876,0.90117994100295,0.0230414746543779,0,0.0437405731523379,0.978755690440061,0.969278033794163,0.977238239757208,0.106481481481481,0.693721286370597,0.0315789473684211,0,0.0392156862745098,0.320300751879699,0,0.975609756097561,0.751914241960184,0,0.248475609756098,0.764795144157815,0.904538341158059,0.0488549618320611,0.830838323353293,0.0271493212669683,0.0270676691729323,0,0.46969696969697,0.0944272445820433,0.489891135303266,0.0389408099688473,0,0.034375,0.958083832335329,0,0.806552262090484,0.373456790123457,0.492913385826772,0,0,0.0467571644042232,0.245083207261725,0.814756671899529,0.0188087774294671,0.978294573643411,0.100917431192661,0.605304212168487,0.0460624071322437,0.88006230529595,0.0317220543806647,0.0261538461538462,0.190690690690691,0.0270676691729323,0.976489028213166,0.0259146341463415,0.983128834355828,0,0.277349768875193,0.150220913107511,0.0442073170731707,0.960725075528701,0,0.0194610778443114,0.570287539936102,0.0189274447949527,0.0227272727272727,0.0238805970149254,0.701780415430267,0.0518292682926829,0.974203338391502,0.0717488789237668,0.973333333333333,0.129969418960245,0.634703196347032,0,0.0423600605143722,0,0.160550458715596,0.0241691842900302,0.910518053375196,0.0438729198184569,0.0719640179910045,0.0324963072378139,0.048411497730711,0.889570552147239,0.639760837070254,0.102803738317757,0.0758513931888545,0.952815829528158,0.975903614457831,0.0448916408668731,0.149618320610687,0,0,0.717357910906298,0,0.0209895052473763,0.75187969924812,0.135802469135802,0.258646616541353,0.0297619047619048,0.576036866359447,0.555219364599092,0.712121212121212,0.110764430577223,0.0579268292682927,0.137573964497041,0,0.144992526158445,0.841692789968652,0.0744186046511628,0.97583081570997,0.916417910447761,0.48030303030303,0.0505359877488515,0.0435435435435435,0.193061840120664,0.0257575757575758,0.118461538461538,0,0.919083969465649,0.359165424739195,0.0248062015503876,0,0.0303030303030303,0.0431547619047619,0.46412213740458,0.467175572519084,0.0359375,0.0264797507788162,0.634969325153374,0,0.127596439169139,0.479876160990712,0.0529595015576324,0.97428139183056,0.0569715142428786,0.0262751159196291,0.027231467473525,0.0696969696969697,0.487218045112782,0.973354231974922,0.0505359877488515,0.453292496171516,0.980882352941176,0.969253294289897,0.788253477588872,0.975460122699387,0.863076923076923,0.348214285714286,0.980061349693252,0.974664679582712,0.968133535660091,0.423831070889894,0.932496075353218,0.0385208012326656,0,0.978395061728395,0,0.794117647058823,0.0263975155279503,0.043010752688172,0.123853211009174,0,0.149136577708006,0.171171171171171,0.334355828220859,0.404615384615385,0.542113323124043,0.532507739938081,0,0.0232558139534884,0.910876132930514,0.319182389937107,0.060790273556231,0.965465465465465,0.269172932330827,0.975572519083969,0.872340425531915,0.025260029717682,0.0253968253968254,0.126365054602184,0,0.368975903614458,0.133846153846154,0,0.978819969742814,0.117474302496329,0.0509259259259259,0,0.97125567322239,0.977272727272727,0.044822256568779,0.126934984520124,0.970172684458399,0,0.615975422427035,0.0341085271317829,0.243323442136499,0.628224582701062,0.367441860465116,0.0634441087613293,0.965256797583082,0.0242057488653555,0.0257186081694402,0.964615384615385,0.0560606060606061,0.0273972602739726,0.0491283676703645,0.0226928895612708,0.800604229607251,0.699849170437406,0.730650154798762,0.04375,0.0893416927899686,0,0.723076923076923,0.0538461538461538,0.837138508371385,0.697916666666667,0.0288753799392097,0.0323076923076923,0.0546282245827011,0.331761006289308,0.0224550898203593,0.740279937791602,0.065052950075643,0.0307219662058372,0,0.698813056379822,0.470404984423676,0.958715596330275,0.003003003003003,0.968277945619335,0.11280487804878,0.956127080181543,0.970992366412214,0,0.76103500761035,0.0313971742543171,0.918711656441718,0.0414012738853503,0.0564024390243902,0.0368663594470046,0.727411944869832,0.730109204368175,0.331259720062208,0.551505546751189,0,0.189681335356601,0.964391691394659,0.941877794336811,0.813253012048193,0.027906976744186,0.975720789074355,0,0.692424242424242,0.960960960960961,0.973846153846154,0.529500756429652,0.0229709035222052,0.731974921630094,0.029874213836478,0.0523882896764253,0,0.0279411764705882,0.976047904191617,0.024024024024024,0.185015290519878,0.0233644859813084,0.966049382716049,0.0449775112443778,0.970903522205207,0.150076569678407,0.309006211180124,0.0725075528700906,0.039453717754173,0.0240963855421687,0.718796992481203,0.0581039755351682,0.0255255255255255,0.973094170403587,0.957251908396947,0.0214067278287462,0.0273972602739726,0.690076335877863,0.151376146788991,0.0691318327974277,0.0739644970414201,0.0211800302571861,0,0.874804381846635,0.0138248847926267,0.976887519260401,0,0.0605590062111801,0,0.93558282208589,0.0240601503759399,0.0619195046439628,0,0.388719512195122,0.580645161290323,0.0403726708074534,0.978260869565217,0.16796267496112,0.0266875981161695,0.640122511485452,0.420333839150228,0.23583460949464,0,0.860816944024206,0.0515625,0.0305343511450382,0.554364471669219,0.0166414523449319,0.0556438791732909,0.95,0,0.0424242424242424,0.0319634703196347,0.0702028081123245,0.315548780487805,0.968798751950078,0.153262518968134,0.772519083969466,0.807131280388979,0,0.387944358578053,0.425954198473282,0.415781487101669,0,0.730529595015576,0.117465224111283,0.365853658536585,0.497757847533632,0.910425844346549,0,0,0.023121387283237,0.0431547619047619,0,0.104387291981846,0,0,0,0.0232198142414861,0,0.0251572327044025,0.256488549618321,0.481536189069424,0.0254110612855007,0,0,0.0336391437308868,0.0678466076696165,0.292944785276074,0.976190476190476,0,0.125560538116592,0.423368740515933,0.0243531202435312,0.469604863221884,0.67629179331307,0,0.0376506024096386,0.974643423137876,0.0714285714285714,0.89010989010989,0,0.973333333333333,0.879204892966361,0.522906793048973,0.0468986384266263,0,0.0838235294117647,0.0495495495495495,0.024132730015083,0,0.908385093167702,0.0962479608482871,0.977848101265823,0.0267857142857143,0.0224215246636771,0.970104633781764,0.0223880597014925,0.724085365853659,0.223076923076923,0.964939024390244,0.864274570982839,0.0623100303951368,0,0.975460122699387,0.0513595166163142,0.965625,0.359013867488444,0.610606060606061,0,0.900914634146341,0.266563944530046,0.754573170731707,0.0460829493087558,0.974006116207951,0.864661654135338,0.54414125200642,0.077037037037037,0.134529147982063,0.0566615620214395,0.261205564142195,0,0.0399408284023669,0.977511244377811,0.0568356374807988,0.624012638230648,0.974963181148748,0.0274390243902439,0.0274390243902439,0.0244648318042813,0.374807987711214,0.037821482602118,0.888888888888889,0.83695652173913,0.0816640986132511,0.140888208269525,0,0,0.031201248049922,0.0826833073322933,0.980061349693252,0.0386996904024768,0.0345864661654135,0.665130568356375,0.0925644916540212,0.286821705426357,0.126099706744868,0,0.0590979782270607,0.67175572519084,0.0225563909774436,0.0289634146341463,0,0.37962962962963,0.0528771384136858,0.974085365853659,0.327217125382263,0.640243902439024,0.223372781065089,0.327160493827161,0.0695266272189349,0.901197604790419,0.0358814352574103,0.0213089802130898,0.0478325859491779,0.70625,0.872727272727273,0.0335365853658537,0.0242057488653555,0,0.24024024024024,0.569465648854962,0.736600306278714,0.262518968133536,0.0288753799392097,0.148773006134969,0.024132730015083,0.105812220566319,0.974723538704581,0,0.196319018404908,0.972477064220184,0.977272727272727,0.740181268882175,0,0.0319148936170213,0.10960960960961,0.0290076335877863,0.0302571860816944,0.895705521472393,0.972222222222222,0,0,0.84037558685446,0.904761904761905,0.840245775729647,0,0.975975975975976,0.0284857571214393,0.398496240601504,0.730354391371341,0.0261538461538462,0.425076452599388,0.0544323483670296,0.358118361153263,0.381872213967311,0,0.0235294117647059,0.629860031104199,0.525345622119816,0.0974889217134417,0.0389221556886228,0.633484162895928,0,0.0741301059001513,0.0693215339233038,0,0.0576070901033973,0.957831325301205,0.03486529318542,0.555219364599092,0,0,0.506369426751592,0.187786259541985,0.977238239757208,0.854037267080745,0,0,0.286131386861314,0.95679012345679,0.0256410256410256,0.702865761689291,0.0356612184249629,0.977341389728097,0.623672230652504,0.686520376175549,0.144427001569859,0.878740157480315,0.968562874251497,0,0.944024205748865,0,0.0329835082458771,0.79153605015674,0.051698670605613,0.973805855161787,0.0234009360374415,0,0.478978978978979,0.553680981595092,0.0244648318042813,0,0.0221565731166913,0,0.623639191290824,0.0343283582089552,0,0.358006042296073,0.0482115085536547,0.265116279069767,0.075968992248062,0.944277108433735,0,0.0245775729646697,0.736024844720497,0,0.325301204819277,0.976331360946746,0.974626865671642,0.0249221183800623,0.0233281493001555,0.0283582089552239,0.0401854714064915,0.0367534456355283,0,0.0428790199081164,0,0.653673163418291,0.724924012158055,0.0305810397553517,0.036144578313253,0.0298507462686567,0.026865671641791,0.0273141122913505,0.967791411042945,0.0418006430868167,0.0675675675675676,0.292609351432881,0.0483383685800604,0.0243161094224924,0.0563165905631659,0,0,0.0408163265306122,0,0.913767019667171,0.00153139356814701,0.0684931506849315,0.72884012539185,0.805900621118012,0.903759398496241,0.103186646433991,0.0015220700152207,0.892802450229709,0.0241691842900302,0.0256797583081571,0.395419847328244,0.592105263157895,0.780841799709724,0.816023738872404,0.342592592592593,0.975646879756469,0.897865853658537,0.464723926380368,0.719568567026194,0.308383233532934,0.963414634146341,0,0.975346687211094,0.673946957878315,0.0216383307573416,0.377099236641221,0.792284866468843,0.379939209726444,0.139880952380952,0.0377073906485671,0.0680379746835443,0.0414746543778802,0.0247678018575851,0.0291858678955453,0.465960665658094,0.604863221884498,0.0261136712749616,0.96769456681351,0.970544918998527,0.146747352496218,0,0.025297619047619,0.0567164179104478,0,0.865203761755486,0,0.0792682926829268,0,0.0517503805175038,0.0213740458015267,0.971556886227545,0.184615384615385,0.0239162929745889,0.37245696400626,0.39236641221374,0.135464231354642,0,0,0.0923566878980892,0.0851688693098385,0.0378787878787879,0,0,0.970633693972179,0.74739970282318,0.482388973966309,0,0.557251908396947,0,0.1078125,0.0199386503067485,0.8015625,0.760479041916168,0,0.671296296296296,0.422664624808576,0.163358778625954,0.0641791044776119,0.250381679389313,0.975609756097561,0.0390625,0.0886850152905199,0.0237341772151899,0,0.0433482810164425,0,0.0248833592534992,0.956856702619414,0.598755832037325,0,0,0.192192192192192,0.0816326530612245,0.081570996978852,0.302083333333333,1,0.978560490045942,0.188163884673748,0.180616740088106,0,0.967692307692308,0.0522273425499232,0,0.0374414976599064,0.0723981900452489,0.916918429003021,0.00302114803625378,0.96937212863706,0.0257186081694402,0.55045871559633,0.907575757575758,0.886075949367089,0.880484114977307,0.318252730109204,0.894970414201183,0.0260736196319018,0,0.258859784283513,0.0424242424242424,0,0,0.973372781065089,0,0.971342383107089,0.0271493212669683,0.311811023622047,0.973101265822785,0.976958525345622,0.472952086553323,0.0600924499229584,0.574660633484163,0.00298507462686567,0.970266040688576,0.05,0.00902255639097744,0,0.801232665639445,0.972140762463343,0.975497702909648,0.968036529680365,0.976261127596439,0.00313479623824451,0.00303030303030303,0.960546282245827,0.00613496932515337,0.00464396284829721,0.0262751159196291,0.00606060606060606,0.00150829562594268,0.969924812030075,0.00911854103343465,0.975,0.980273141122914,0.00307692307692308,0.969135802469136,0.0446428571428571,0.977064220183486,0.900763358778626,0.977941176470588,0.969135802469136
"784",0.00803858520900321,0.00626959247648903,0.0387596899224806,0.0690208667736758,0.0214168039538715,0.00649350649350649,0.106518282988871,0.0285714285714286,0.00462249614791988,0,0.00632911392405063,0,0.420221169036335,0.00480769230769231,0.957278481012658,0.985759493670886,0,0,0.00975609756097561,0.020440251572327,0.846031746031746,0.957377049180328,0.0186625194401244,0,0.0489731437598736,0.734726688102894,0.894060995184591,0.017741935483871,0.535321821036107,0.3203125,0.995275590551181,0.320907617504052,0.2304,0.716129032258065,0,0.00641025641025641,0.0046801872074883,0.00934579439252336,0.738131699846861,0.106583072100313,0,0,0,0.00491803278688525,0.231527093596059,0.9696,0.476422764227642,0.995176848874598,0.533026113671275,0.869085173501577,0,0.0096,0.729857819905213,0.00322061191626409,0.117073170731707,0.836538461538462,0,0.0337078651685393,0.0458860759493671,0.100946372239748,0.700159489633174,0.567610062893082,0.995145631067961,0,0.0951612903225806,0.182527301092044,0,0.0126782884310618,0,0.995215311004785,0.145736434108527,0.987361769352291,0.981102362204724,0.0046583850931677,0,0.288611544461778,0.958730158730159,0.42472266244057,0.1088,0.733558178752108,0,0.302839116719243,0.786271450858034,0.00316455696202532,0.887096774193548,0.105180533751962,0.00630914826498423,0.035031847133758,0.0393700787401575,0,0.0143312101910828,0.00637958532695375,0,0,0.0258481421647819,0,0.687797147385103,0.0253565768621236,0,0,0.380191693290735,0,0.702439024390244,0.00317460317460317,0.902140672782875,0.0048780487804878,0,0.0304975922953451,0.9952,0.985623003194888,0.998410174880763,0.0875202593192869,0.669291338582677,0.0143540669856459,0,0.0207336523125997,0.300632911392405,0,0.993680884676145,0.766192733017378,0,0.233070866141732,0.746456692913386,0.921182266009852,0.0329153605015674,0.843260188087774,0.0062992125984252,0.00938967136150235,0,0.454689984101749,0.0746031746031746,0.511326860841424,0.0181219110378913,0,0.0113821138211382,0.972006220839813,0,0.794258373205742,0.364649681528662,0.48440065681445,0,0,0.0302547770700637,0.238546603475513,0.815359477124183,0.00632911392405063,1,0.0841121495327103,0.588235294117647,0.0309597523219814,0.870431893687708,0.0219435736677116,0.00322061191626409,0.160125588697017,0.0126382306477093,0.993589743589744,0.00470219435736677,0.996794871794872,0,0.277597402597403,0.135725429017161,0.0221870047543582,0.975193798449612,0,0.00312989045383412,0.542673107890499,0.00484652665589661,0.00474683544303797,0.0046583850931677,0.717391304347826,0.0316957210776545,0.992063492063492,0.0542635658914729,0.993836671802773,0.1136,0.624413145539906,0,0.0142857142857143,0,0.149606299212598,0.00313971742543171,0.888529886914378,0.0267716535433071,0.0609375,0.0121580547112462,0.0314465408805031,0.895148669796557,0.62992125984252,0.076797385620915,0.0628019323671498,0.967948717948718,0.993730407523511,0.0257648953301127,0.1392,0,0,0.708133971291866,0,0.0031104199066874,0.7375,0.12741935483871,0.234472049689441,0.0184899845916795,0.571428571428571,0.563694267515924,0.708133971291866,0.0858505564387917,0.0378548895899054,0.126365054602184,0,0.121451104100946,0.818481848184819,0.0590111642743222,0.993640699523052,0.925581395348837,0.472929936305732,0.0285714285714286,0.0295031055900621,0.16984126984127,0.0063391442155309,0.10828025477707,0,0.929133858267717,0.344773790951638,0.0129659643435981,0,0.0157728706624606,0.0249221183800623,0.449206349206349,0.445151033386327,0.0179153094462541,0.00327332242225859,0.6224,0,0.114420062695925,0.486443381180223,0.03125,0.995253164556962,0.0448916408668731,0.00802568218298555,0.00632911392405063,0.0430622009569378,0.467716535433071,0.993548387096774,0.035426731078905,0.449768160741886,0.996899224806202,0.993846153846154,0.789889415481833,0.993569131832797,0.838550247116969,0.321316614420063,0.993569131832797,0.990654205607477,0.984152139461173,0.426100628930818,0.956730769230769,0.0194174757281553,0,0.996835443037975,0,0.764044943820225,0.00322061191626409,0.0192,0.103668261562998,0,0.14332784184514,0.14797507788162,0.329073482428115,0.412772585669782,0.529225908372828,0.542673107890499,0,0.00646203554119548,0.908805031446541,0.302479338842975,0.0465489566613162,0.984152139461173,0.264,0.993690851735016,0.876777251184834,0.00615384615384615,0.00658978583196046,0.105008077544426,0,0.3671875,0.112179487179487,0,0.993779160186625,0.104199066874028,0.027027027027027,0,0.993610223642173,0.996870109546166,0.0288,0.119162640901771,0.99349593495935,0,0.601910828025478,0.0162337662337662,0.219092331768388,0.607717041800643,0.358766233766234,0.0465116279069767,0.984251968503937,0.00313971742543171,0.00474683544303797,0.987301587301587,0.0396825396825397,0.00630914826498423,0.0327868852459016,0.00796178343949045,0.816164817749604,0.693146417445483,0.719492868462758,0.0289389067524116,0.06957928802589,0.00158730158730159,0.740031897926635,0.0317965023847377,0.838969404186795,0.686244204018547,0.012924071082391,0.00798722044728434,0.0395569620253165,0.304560260586319,0.00623052959501558,0.750402576489533,0.0432692307692308,0.00805152979066022,0,0.678627145085803,0.448165869218501,0.974603174603175,0.00157232704402516,0.986196319018405,0.0946372239747634,0.972093023255814,0.993610223642173,0,0.771929824561403,0.0162337662337662,0.926282051282051,0.0180921052631579,0.0334928229665072,0.0188383045525903,0.725938009787928,0.721951219512195,0.328502415458937,0.53257328990228,0,0.170111287758347,0.98116169544741,0.953775038520801,0.797147385103011,0.0064,0.993720565149137,0,0.675718849840256,0.98125,0.985553772070626,0.512539184952978,0.00470957613814757,0.728434504792332,0.0066006600660066,0.0412698412698413,0,0.0151285930408472,0.993610223642173,0.00626959247648903,0.17693522906793,0.00654664484451719,0.985623003194888,0.0248062015503876,0.995153473344103,0.123222748815166,0.303079416531605,0.05625,0.0207006369426752,0.0031496062992126,0.709779179810726,0.0351437699680511,0.00460829493087558,0.996908809891808,0.974683544303797,0.00638977635782748,0.0062992125984252,0.675548589341693,0.132701421800948,0.0418060200668896,0.0519685039370079,0.00313479623824451,0,0.884176182707993,0.00317965023847377,0.995283018867924,0,0.046474358974359,0,0.9472,0.00475435816164818,0.04,0,0.366826156299841,0.570287539936102,0.0226537216828479,0.993388429752066,0.134185303514377,0.00967741935483871,0.642628205128205,0.415481832543444,0.23015873015873,0,0.83495145631068,0.0307941653160454,0.0048,0.553054662379421,0.00627943485086342,0.0347107438016529,0.968152866242038,0,0.0221518987341772,0.00966183574879227,0.054140127388535,0.311526479750779,0.990243902439024,0.144694533762058,0.744075829383886,0.805647840531561,0,0.380487804878049,0.414673046251994,0.41875,0,0.721864951768489,0.0993690851735016,0.353218210361067,0.485804416403785,0.928792569659443,0,0,0.0045662100456621,0.0373831775700935,0,0.0916271721958926,0,0,0,0.00637958532695375,0,0.0033003300330033,0.240126382306477,0.477165354330709,0.00461538461538462,0,0,0.00786163522012579,0.0418604651162791,0.275541795665635,0.993808049535604,0,0.11128526645768,0.422291993720565,0.00628930817610063,0.466772151898734,0.657686212361331,0,0.0265625,0.995081967213115,0.051948051948052,0.905296950240771,0,0.987421383647799,0.89540412044374,0.522537562604341,0.0362204724409449,0,0.061633281972265,0.0328125,0.0031055900621118,0,0.922077922077922,0.0703517587939698,0.991735537190083,0.0046656298600311,0.00470957613814757,0.985781990521327,0.00470957613814757,0.703125,0.203852327447833,0.984152139461173,0.830342577487765,0.0452342487883683,0,0.993690851735016,0.036979969183359,0.987012987012987,0.33931484502447,0.603833865814696,0,0.888364779874214,0.264943457189015,0.738654147104851,0.0265210608424337,0.993650793650794,0.846275752773376,0.541038525963149,0.0554699537750385,0.1203125,0.0412698412698413,0.25974025974026,0,0.0231839258114374,0.998430141287284,0.0418006430868167,0.618892508143323,0.993798449612403,0.00632911392405063,0.00641025641025641,0.00477707006369427,0.364217252396166,0.0204724409448819,0.873397435897436,0.820634920634921,0.0565149136577708,0.125396825396825,0,0,0.0143312101910828,0.0657894736842105,0.990243902439024,0.025518341307815,0.014308426073132,0.632911392405063,0.0717781402936378,0.273311897106109,0.108695652173913,0,0.0351437699680511,0.659163987138264,0.00476190476190476,0.0078740157480315,0,0.37914691943128,0.0338709677419355,0.995153473344103,0.320907617504052,0.618897637795276,0.198776758409786,0.34094616639478,0.0459418070444104,0.902476780185758,0.0239234449760766,0.0062992125984252,0.025518341307815,0.693069306930693,0.87797147385103,0.0142405063291139,0.00470957613814757,0,0.219242902208202,0.555555555555556,0.73538961038961,0.242088607594937,0.0063391442155309,0.130365659777424,0.00473186119873817,0.103395061728395,0.996694214876033,0,0.17329093799682,0.9936,0.995230524642289,0.730586370839937,0,0.0125588697017268,0.0917573872472784,0.00637958532695375,0.0109204368174727,0.905362776025237,0.996768982229402,0,0,0.829545454545455,0.922204213938412,0.834415584415584,0,0.995245641838352,0.00473186119873817,0.422776911076443,0.7136,0.00648298217179903,0.405103668261563,0.023961661341853,0.375796178343949,0.374617737003058,0,0.00610687022900763,0.611821086261981,0.511182108626198,0.0839813374805599,0.0189873417721519,0.608832807570978,0,0.0566343042071197,0.0510046367851623,0,0.0417310664605873,0.977564102564103,0.0199004975124378,0.571205007824726,0,0,0.503246753246753,0.172523961661342,0.993680884676145,0.872785829307568,0,0,0.249614791987673,0.96656050955414,0.0067001675041876,0.690625,0.0141287284144427,0.995268138801262,0.623003194888179,0.669887278582931,0.139871382636656,0.901639344262295,0.990654205607477,0,0.951923076923077,0,0.0107033639143731,0.786885245901639,0.027231467473525,0.99203821656051,0.00480769230769231,0,0.469040247678019,0.543548387096774,0.00627943485086342,0,0.00470957613814757,0,0.611842105263158,0.015552099533437,0,0.337480559875583,0.0287081339712919,0.250401284109149,0.0492610837438424,0.963836477987421,0,0.00644122383252818,0.736672051696284,0,0.318611987381703,0.99390243902439,0.990625,0.00482315112540193,0.00484652665589661,0.0157977883096366,0.0323624595469256,0.0261437908496732,0,0.0329153605015674,0,0.645865834633385,0.710651828298887,0.0144,0.0126582278481013,0.00923076923076923,0.00941915227629513,0.0346456692913386,0.979591836734694,0.0217028380634391,0.040625,0.268562401263823,0.0250391236306729,0.00471698113207547,0.036624203821656,0,0,0.0229007633587786,0,0.925465838509317,0.0016,0.0480769230769231,0.719806763285024,0.782178217821782,0.890995260663507,0.0794165316045381,0.00157728706624606,0.906050955414013,0.00642054574638844,0.00626959247648903,0.370839936608558,0.591117917304747,0.78030303030303,0.829493087557604,0.354943273905997,0.99375,0.878125,0.463722397476341,0.741269841269841,0.295133437990581,0.981012658227848,0,0.9968,0.661835748792271,0.00483870967741936,0.362916006339144,0.770061728395062,0.371248025276461,0.133956386292835,0.0187793427230047,0.0400667779632721,0.0275080906148867,0.00646203554119548,0.00802568218298555,0.45440251572327,0.586750788643533,0.00476190476190476,0.989214175654854,0.987635239567233,0.13258785942492,0,0.0046656298600311,0.0387596899224806,0,0.885807504078303,0,0.0559105431309904,0,0.0317460317460317,0.0047244094488189,0.987441130298273,0.171474358974359,0.0062015503875969,0.344771241830065,0.371653543307087,0.119162640901771,0,0,0.0735785953177258,0.0565749235474006,0.020440251572327,0,0,0.995090016366612,0.76271186440678,0.5,0,0.555031446540881,0,0.0770465489566613,0.0064,0.808064516129032,0.75705329153605,0,0.65814696485623,0.405705229793978,0.143987341772152,0.0469483568075117,0.2328125,0.993690851735016,0.0163132137030995,0.0746031746031746,0.00485436893203883,0,0.0278637770897833,0,0.00650406504065041,0.973058637083994,0.618357487922705,0,0,0.179365079365079,0.0684039087947883,0.0623052959501558,0.289473684210526,0.978560490045942,1,0.171701112877583,0.166666666666667,0,0.979099678456592,0.0396825396825397,0,0.0225442834138486,0.05103668261563,0.932389937106918,0,0.992063492063492,0.00630914826498423,0.531948881789137,0.915335463258786,0.896607431340872,0.89358372456964,0.30514096185738,0.90894819466248,0.00632911392405063,0,0.248387096774194,0.023696682464455,0,0,0.995327102803738,0,0.995268138801262,0.0062992125984252,0.293729372937294,0.993548387096774,0.993517017828201,0.464052287581699,0.0511182108626198,0.568690095846645,0,0.99341021416804,0.0454545454545455,0.00783699059561128,0,0.809294871794872,0.987711213517665,0.995222929936306,0.977952755905512,0.995356037151703,0,0,0.977917981072555,0.00477707006369427,0.00325732899022801,0.0253565768621236,0.00477707006369427,0,0.98876404494382,0.0111287758346582,0.995065789473684,0.991961414790997,0,0.985645933014354,0.0419906687402799,0.995283018867924,0.90251572327044,0.992307692307692,0.99349593495935
"785",0.822047244094488,0.829192546583851,0.840490797546012,0.799679487179487,0.841680129240711,0.8432,0.789308176100629,0.830188679245283,0.835147744945568,0,0.837282780410742,0,0.59904912836767,0.840836012861736,0.223101265822785,0.172741679873217,0,0.00947867298578199,0.835463258785943,0.82015503875969,0.304953560371517,0.208400646203554,0.824615384615385,0,0.833333333333333,0.393258426966292,0.283048211508554,0.832792207792208,0.537267080745342,0.649452269170579,0.168730650154799,0.661904761904762,0.709984152139461,0.491392801251956,0,0.837025316455696,0.0154559505409583,0.827586206896552,0.362121212121212,0.772093023255814,0,0.0108359133126935,0.00311526479750779,0.8272,0.745192307692308,0.187898089171975,0.621621621621622,0.163779527559055,0.526234567901235,0.255742725880551,0,0.829855537720706,0.37442218798151,0.839313572542902,0.772655007949126,0.2896,0,0.822966507177033,0.809375,0.823076923076923,0.462848297213622,0.505511811023622,0.169871794871795,0,0.775477707006369,0.752688172043011,0,0.82120253164557,0,0.167974882260597,1,0.175,0.186520376175549,0.829007633587786,0,0.668217054263566,0.201238390092879,0.585889570552147,0.796208530805687,0.369384359400998,0,0.71671826625387,0.353211009174312,0.823802163833076,0.248833592534992,0.810477657935285,0.829721362229102,0.828746177370031,0.822981366459627,0.00759878419452888,0.82753164556962,0.819875776397516,0,0,0.825878594249201,0,0.3950233281493,0.812018489984592,0.00309119010819165,0.00475435816164818,0.643642072213501,0,0.388364779874214,0.823529411764706,0.263719512195122,0.839228295819936,0.00949367088607595,0.829457364341085,0.169811320754717,0.171653543307087,0.168970814132104,0.779527559055118,0.437694704049844,0.834123222748815,0,0.8453125,0.695517774343122,0,0.175925925925926,0.371382636655949,0,0.729559748427673,0.358695652173913,0.252396166134185,0.867716535433071,0.312404287901991,0.828967642526965,0.83695652173913,0,0.577223088923557,0.834645669291339,0.526813880126183,0.828711256117455,0,0.828200972447326,0.18,0,0.334384858044164,0.69435736677116,0.560386473429952,0,0,0.842767295597484,0.744514106583072,0.325396825396825,0.82753164556962,0.169036334913112,0.825816485225505,0.486312399355878,0.838414634146341,0.291666666666667,0.830482115085537,0.831730769230769,0.764797507788162,0.832288401253918,0.157723577235772,0.827102803738318,0.178233438485804,0,0.707740916271722,0.759571209800919,0.815503875968992,0.180834621329212,0,0.833333333333333,0.511254019292605,0.824193548387097,0.822981366459627,0.837962962962963,0.485407066052227,0.833075734157651,0.176100628930818,0.798165137614679,0.174382716049383,0.784251968503937,0.504643962848297,0,0.82472613458529,0,0.767295597484277,0.838509316770186,0.253543307086614,0.838957055214724,0.838509316770186,0.81981981981982,0.816074188562597,0.244548286604361,0.457757296466974,0.875,0.822784810126582,0.222395023328149,0.157076205287714,0.8192,0.75748031496063,0,0,0.410543130990415,0,0.834621329211746,0.360808709175739,0.7632,0.730182926829268,0.828746177370031,0.510204081632653,0.5,0.38351822503962,0.8,0.809076682316119,0.774691358024691,0,0.785381026438569,0.3125,0.875399361022364,0.166139240506329,0.230171073094868,0.586687306501548,0.820031298904538,0.820552147239264,0.751987281399046,0.845565749235474,0.783699059561129,0,0.241433021806854,0.658385093167702,0.825040128410915,0,0.817619783616692,0.829046898638427,0.595975232198142,0.576138147566719,0.819182389937107,0.83147853736089,0.436507936507937,0,0.770992366412214,0.556426332288401,0.839228295819936,0.164852255054432,0.828267477203647,0.829617834394904,0.826086956521739,0.811023622047244,0.558823529411765,0.175355450236967,0.830985915492958,0.658841940532081,0.179640718562874,0.168949771689498,0.31924882629108,0.169278996865204,0.283653846153846,0.659732540861813,0.168503937007874,0.17601246105919,0.163751987281399,0.609907120743034,0.195892575039494,0.840189873417722,0.00632911392405063,0.159937888198758,0,0.343499197431782,0.821717990275527,0.832807570977918,0.912363067292645,0,0.7632,0.753846153846154,0.671875,0.610759493670886,0.503961965134707,0.497622820919176,0.00782472613458529,0.825878594249201,0.24294670846395,0.671031096563011,0.829652996845426,0.185758513931889,0.702362204724409,0.172413793103448,0.252336448598131,0.828313253012048,0.828478964401295,0.772511848341232,0,0.659476117103236,0.758566978193146,0,0.172360248447205,0.762345679012346,0.842356687898089,0,0.175465838509317,0.169491525423729,0.819620253164557,0.8096,0.182258064516129,0,0.466141732283465,0.830427892234548,0.720496894409938,0.479623824451411,0.658227848101266,0.815789473684211,0.182242990654206,0.835913312693498,0.834108527131783,0.172955974842767,0.824451410658307,0.839427662957075,0.821256038647343,0.83125,0.341232227488152,0.419753086419753,0.378504672897196,0.826086956521739,0.812400635930048,0.0280811232449298,0.386435331230284,0.832550860719875,0.333333333333333,0.423600605143722,0.830721003134796,0.833068362480127,0.84399375975039,0.690590111642743,0.824159021406728,0.376582278481013,0.828967642526965,0.833333333333333,0,0.433846153846154,0.569620253164557,0.180379746835443,0.0306278713629403,0.172360248447205,0.774193548387097,0.188679245283019,0.16796267496112,0,0.393798449612403,0.840510366826156,0.217729393468118,0.825806451612903,0.83125,0.826498422712934,0.39047619047619,0.397435897435897,0.661949685534591,0.513157894736842,0,0.75625,0.187786259541985,0.180834621329212,0.315047021943574,0.84044233807267,0.179407176287051,0,0.43213728549142,0.175654853620955,0.192675159235669,0.537974683544304,0.838810641627543,0.375201288244767,0.822185970636215,0.795918367346939,0,0.830075187969925,0.180555555555556,0.83206106870229,0.751552795031056,0.846029173419773,0.176923076923077,0.821263482280431,0.167192429022082,0.764890282131661,0.727564102564103,0.806201550387597,0.838509316770186,0.826771653543307,0.399046104928458,0.819905213270142,0.832307692307692,0.159879336349925,0.194312796208531,0.82018927444795,0.826153846153846,0.419106317411402,0.763076923076923,0.829268292682927,0.835403726708075,0.836702954898911,0,0.265822784810127,0.842266462480858,0.182677165354331,0,0.828843106180666,0.00792393026941363,0.214849921011058,0.818604651162791,0.824261275272162,0.0015600624024961,0.628125,0.549520766773163,0.82475884244373,0.169059011164274,0.7616,0.819512195121951,0.461172741679873,0.614420062695925,0.772370486656201,0,0.296703296703297,0.816425120772947,0.834633385335413,0.566978193146417,0.84080370942813,0.818923327895595,0.2,0.00156985871271586,0.818181818181818,0.8328125,0.840189873417722,0.671296296296296,0.165869218500797,0.764150943396226,0.405909797822706,0.299509001636661,0.003125,0.636942675159236,0.691573926868045,0.680491551459293,0,0.395498392282958,0.812111801242236,0.643962848297214,0.563271604938272,0.212990936555891,0,0,0.829123328380386,0.81638846737481,0,0.808917197452229,0.00637958532695375,0,0,0.835703001579779,0,0.836012861736334,0.71585557299843,0.571209800918836,0.833080424886191,0,0,0.83015873015873,0.809160305343511,0.699376947040498,0.166153846153846,0.00163132137030995,0.75077399380805,0.616822429906542,0.835403726708075,0.630030959752322,0.421383647798742,0,0.8328125,0.170418006430868,0.829581993569132,0.238546603475513,0,0.178082191780822,0.252006420545746,0.584967320261438,0.815789473684211,0,0.839753466872111,0.847589424572317,0.841049382716049,0,0.229067930489731,0.793333333333333,0.164725457570715,0.827956989247312,0.843702579666161,0.173374613003096,0.823619631901841,0.394654088050314,0.746130030959752,0.170846394984326,0.307936507936508,0.840062111801242,0.00627943485086342,0.176197836166924,0.844827586206897,0.179527559055118,0.64,0.439873417721519,0,0.257009345794392,0.705024311183144,0.359567901234568,0.823255813953488,0.165615141955836,0.297674418604651,0.504838709677419,0.854324734446131,0.786707882534776,0.821086261980831,0.712241653418124,0,0.815100154083205,0.162037037037037,0.806299212598425,0.474025974025974,0.165634674922601,0.830482115085537,0.832288401253918,0.832535885167464,0.694099378881988,0.832288401253918,0.27536231884058,0.3248,0.832543443917852,0.765163297045101,0,0,0.846761453396525,0.888357256778309,0.182677165354331,0.844690966719493,0.830745341614907,0.469040247678019,0.82670906200318,0.70364500792393,0.761102603369066,0,0.84044233807267,0.410742496050553,0.830721003134796,0.8265625,0,0.648177496038035,0.826771653543307,0.167711598746081,0.638535031847134,0.452859350850077,0.740181268882175,0.725239616613419,0.805471124620061,0.228310502283105,0.82670906200318,0.834645669291339,0.84080370942813,0.400966183574879,0.227987421383648,0.84044233807267,0.820552147239264,0.00611620795107034,0.743670886075949,0.565485362095532,0.377535101404056,0.728549141965679,0.824367088607595,0.76056338028169,0.830455259026688,0.136434108527132,0.167752442996743,0,0.741885625965997,0.158478605388273,0.170347003154574,0.37962962962963,0,0.828885400313972,0.808868501529052,0.833850931677019,0.835147744945568,0.237261146496815,0.166139240506329,0,0,0.288244766505636,0.245669291338583,0.27892234548336,0,0.167434715821813,0.813880126182965,0.0754716981132075,0.410742496050553,0.830940988835726,0.6171875,0.810725552050473,0.696594427244582,0.658536585365854,0,0.82469512195122,0.476874003189793,0.54675118858954,0.795348837209302,0.827480916030534,0.487381703470032,0.00792393026941363,0.834130781499203,0.82542113323124,0,0.825493171471927,0.194053208137715,0.838658146964856,0.484326018808777,0,0.00618238021638331,0.562295081967213,0.780448717948718,0.175193798449612,0.300955414012739,0.0078003120124805,0,0.679331306990882,0.200317965023847,0.825082508250825,0.424427480916031,0.827692307692308,0.164110429447853,0.588509316770186,0.437795275590551,0.773162939297125,0.2608,0.164852255054432,0,0.215530903328051,0,0.824159021406728,0.178456591639871,0.830275229357798,0.173228346456693,0.830940988835726,0,0.568147013782542,0.535101404056162,0.834365325077399,0,0.838759689922481,0,0.480645161290323,0.830275229357798,0,0.636222910216718,0.84,0.757575757575758,0.812698412698413,0.202127659574468,0,0.828926905132193,0.369426751592357,0,0.671826625386997,0.168453292496172,0.178461538461538,0.831189710610932,0.826498422712934,0.835147744945568,0.825,0.823529411764706,0,0.817896389324961,0.0138674884437596,0.433384379785605,0.390357698289269,0.822530864197531,0.822152886115445,0.84,0.833590138674884,0.0559006211180124,0.176656151419558,0.821603927986907,0.819722650231125,0.697996918335901,0.815503875968992,0.835889570552147,0.842592592592593,0,0,0.817073170731707,0,0.223255813953488,0,0.833850931677019,0.376811594202899,0.363489499192246,0.255417956656347,0.800316957210777,0.0015527950310559,0.240625,0.818611987381703,0.832831325301205,0.645865834633385,0.492469879518072,0.360119047619048,0.314199395770393,0.717011128775835,0.168730650154799,0.269645608628659,0.572784810126582,0.393135725429017,0.691472868217054,0.1640625,0,0.177847113884555,0.405144694533762,0.823338735818476,0.6,0.350531107738998,0.627906976744186,0.76625386996904,0.825688073394495,0.833605220228385,0.8688,0.841091492776886,0.826580226904376,0.598736176935229,0.488372093023256,0.82807570977918,0.16966966966967,0.17737003058104,0.773940345368917,0.00925925925925926,0.830985915492958,0.815100154083205,0,0.268057784911718,0,0.834123222748815,0,0.84,0.830455259026688,0.172839506172839,0.763888888888889,0.824345146379045,0.643423137876387,0.611197511664075,0.76791277258567,0,0,0.802931596091205,0.807807807807808,0.836923076923077,0,0,0.152,0.367283950617284,0.532905296950241,0,0.506976744186047,0,0.890649762282092,0.82992125984252,0.286407766990291,0.377125193199382,0,0.424878836833603,0.641838351822504,0.753869969040248,0.821374045801527,0.730529595015576,0.17984496124031,0.842105263157895,0.0313971742543171,0.82807570977918,0,0.848854961832061,0.00626959247648903,0.840189873417722,0.178628389154705,0.1152,0,0,0.746500777604977,0.794165316045381,0.797546012269939,0.695046439628483,0.188163884673748,0.171701112877583,1,0.751902587519026,0,0.190174326465927,0.849056603773585,0,0.807631160572337,0.832550860719875,0.23208722741433,0.0202492211838006,0.173708920187793,0.834108527131783,0.522364217252396,0.236677115987461,0.25686591276252,0.26046511627907,0.672496025437202,0.23374613003096,0.841121495327103,0,0.73449920508744,0.82642089093702,0.00314465408805031,0,0.183333333333333,0,0.171561051004637,0.824074074074074,0.764423076923077,0.1743264659271,0.159489633173844,0.5712,0.814696485623003,0.513302034428795,0.0247295208655332,0.176661264181524,0.0357723577235772,0.0140845070422535,0,0.161648177496038,0.175038051750381,0.168224299065421,0.187793427230047,0.162037037037037,0.026813880126183,0.0295489891135303,0.173501577287066,0.0172413793103448,0.00646203554119548,0.0312989045383412,0.0187207488299532,0.0327613104524181,0.173913043478261,0.0190174326465927,0.1776,0.166931637519873,0.023696682464455,0.165876777251185,0.0261538461538462,0.166666666666667,0.182250396196513,0.171516079632466,0.168253968253968
"786",0.839009287925697,0.829787234042553,0.832585949177877,0.823076923076923,0.843226788432268,0.844827586206897,0.78328173374613,0.829493087557604,0.841554559043348,0,0.833333333333333,0,0.614457831325301,0.834365325077399,0.197268588770865,0.178947368421053,0,0.0153374233128834,0.830246913580247,0.822358346094946,0.276073619631902,0.181533646322379,0.835820895522388,0,0.801213960546282,0.389908256880734,0.243451463790447,0.833070866141732,0.494768310911809,0.645015105740181,0.163418290854573,0.664110429447853,0.706521739130435,0.373271889400922,0,0.830015313935682,0.0224887556221889,0.824508320726172,0.36,0.776946107784431,0.00153846153846154,0.0135542168674699,0.00609756097560976,0.834115805946792,0.735340729001585,0.186915887850467,0.588325652841782,0.165123456790123,0.50521609538003,0.268436578171091,0,0.842349304482226,0.34855403348554,0.833080424886191,0.769110764430577,0.311912225705329,0,0.819314641744548,0.821917808219178,0.786786786786787,0.401225114854518,0.475187969924812,0.175193798449612,0,0.779342723004695,0.735735735735736,0,0.819722650231125,0,0.164341085271318,0.773006134969325,0.173780487804878,0.193251533742331,0.831325301204819,0,0.671171171171171,0.206015037593985,0.600605143721634,0.784591194968553,0.383116883116883,0,0.692771084337349,0.343891402714932,0.842261904761905,0.256060606060606,0.804477611940299,0.839150227617602,0.822995461422088,0.898484848484848,0.0104790419161677,0.827906976744186,0.822556390977444,0,0,0.823712948517941,0,0.359583952451709,0.829230769230769,0.00755287009063444,0.00920245398773006,0.605828220858896,0,0.373643410852713,0.842433697347894,0.239162929745889,0.83968253968254,0.0106382978723404,0.828483920367534,0.165390505359877,0.172043010752688,0.177272727272727,0.78516228748068,0.427921092564492,0.844615384615385,0,0.835082458770615,0.681137724550898,0,0.168908819133034,0.341013824884793,0,0.717357910906298,0.356707317073171,0.234920634920635,0.836391437308868,0.269578313253012,0.838612368024133,0.837386018237082,0,0.539050535987749,0.812596006144393,0.514728682170543,0.8453125,0,0.839874411302983,0.181277860326894,0,0.314503816793893,0.686028257456829,0.524642289348172,0,0,0.836641221374046,0.708841463414634,0.287713841368585,0.826687116564417,0.165905631659056,0.817764165390505,0.49388379204893,0.839046199701937,0.272585669781931,0.837138508371385,0.82472613458529,0.765060240963855,0.835616438356164,0.160436137071651,0.821646341463415,0.172043010752688,0,0.677811550151976,0.749627421758569,0.823795180722892,0.188536953242836,0,0.834328358208955,0.504716981132076,0.837245696400626,0.839339339339339,0.844311377245509,0.390532544378698,0.844311377245509,0.170245398773006,0.821958456973294,0.162444113263785,0.779179810725552,0.485451761102603,0,0.824345146379045,0,0.743161094224924,0.832326283987915,0.240369799691834,0.839339339339339,0.825112107623318,0.832840236686391,0.821917808219178,0.253414264036419,0.465875370919881,0.811501597444089,0.80625,0.201515151515152,0.159398496240602,0.843505477308294,0.751533742331288,0,0,0.368827160493827,0.00153139356814701,0.841246290801187,0.37910447761194,0.766975308641975,0.698170731707317,0.845345345345345,0.453846153846154,0.463636363636364,0.37442218798151,0.802752293577982,0.813169984686064,0.774242424242424,0,0.781487101669196,0.304761904761905,0.835658914728682,0.166409861325116,0.23168908819133,0.51969696969697,0.829754601226994,0.829850746268657,0.747320061255743,0.841079460269865,0.782674772036474,0,0.238601823708207,0.631024096385542,0.834876543209877,0,0.827893175074184,0.829850746268657,0.52959028831563,0.56752655538695,0.842507645259939,0.829153605015674,0.399693721286371,0,0.766369047619048,0.582945736434109,0.827426810477658,0.169207317073171,0.815592203898051,0.827160493827161,0.831070889894419,0.806748466257669,0.569069069069069,0.158295281582953,0.83695652173913,0.61044776119403,0.168154761904762,0.151197604790419,0.4,0.163833075734158,0.267605633802817,0.634615384615385,0.173252279635258,0.175226586102719,0.17298937784522,0.569069069069069,0.199386503067485,0.8453125,0.0107858243451464,0.16036308623298,0,0.313846153846154,0.839506172839506,0.828967642526965,0.791411042944785,0,0.758190327613105,0.745098039215686,0.672205438066465,0.629573170731707,0.541984732824427,0.47112462006079,0.0106870229007634,0.827906976744186,0.238738738738739,0.675078864353312,0.813271604938272,0.175757575757576,0.679938744257274,0.161832061068702,0.272047832585949,0.82396449704142,0.858730158730159,0.756589147286822,0,0.611532625189681,0.773643410852713,0,0.153614457831325,0.76865671641791,0.844036697247706,0,0.172672672672673,0.164901664145234,0.84031007751938,0.785602503912363,0.178963893249608,0,0.418711656441718,0.830745341614907,0.720720720720721,0.473926380368098,0.634674922600619,0.829787234042553,0.172256097560976,0.852852852852853,0.838660578386606,0.165390505359877,0.817910447761194,0.825493171471927,0.813291139240506,0.831070889894419,0.335365853658537,0.383808095952024,0.349618320610687,0.827639751552795,0.807631160572337,0.0473282442748092,0.374613003095975,0.840182648401826,0.313725490196078,0.398518518518518,0.83661119515885,0.838509316770186,0.838660578386606,0.652448657187994,0.82934131736527,0.349453978159126,0.829528158295282,0.822804314329738,0,0.393759286775631,0.549689440993789,0.180704441041348,0.0548780487804878,0.175675675675676,0.78486646884273,0.178082191780822,0.166921898928025,0,0.375572519083969,0.846153846153846,0.221879815100154,0.834375,0.825954198473282,0.833846153846154,0.371340523882897,0.364500792393027,0.671253822629969,0.511737089201878,0,0.729230769230769,0.174174174174174,0.205128205128205,0.324283559577677,0.851393188854489,0.172782874617737,0,0.398496240601504,0.170403587443946,0.186915887850467,0.51840490797546,0.836391437308868,0.410296411856474,0.832258064516129,0.814024390243902,0,0.840116279069767,0.16191904047976,0.840840840840841,0.742081447963801,0.851097178683386,0.174045801526718,0.838167938931298,0.16338880484115,0.76271186440678,0.690658499234303,0.811292719167905,0.831050228310502,0.827426810477658,0.367127496159754,0.815100154083205,0.835311572700297,0.16191904047976,0.185867895545315,0.839258114374034,0.839150227617602,0.447289156626506,0.760242792109256,0.8224,0.82701062215478,0.827327327327327,0,0.251184834123223,0.835866261398176,0.158218125960061,0,0.828393135725429,0.0109034267912773,0.208398133748056,0.830815709969788,0.824806201550388,0.00309119010819165,0.602760736196319,0.537750385208012,0.830482115085537,0.157566302652106,0.763239875389408,0.824921135646688,0.422187981510015,0.59214501510574,0.733128834355828,0,0.278115501519757,0.833855799373041,0.83641975308642,0.540090771558245,0.832072617246596,0.830670926517572,0.185975609756098,0.00153139356814701,0.84779299847793,0.820395738203957,0.818740399385561,0.67420814479638,0.180152671755725,0.75,0.388127853881279,0.292682926829268,0.00604229607250755,0.632872503840246,0.600303951367781,0.611280487804878,0,0.394984326018809,0.786707882534776,0.646879756468798,0.578241430700447,0.239583333333333,0,0,0.83551673944687,0.822388059701493,0,0.796407185628742,0.009375,0,0,0.840490797546012,0,0.836220472440945,0.704892966360856,0.516516516516517,0.823353293413174,0,0,0.840490797546012,0.814868804664723,0.687975646879756,0.166416791604198,0.0031201248049922,0.757530120481928,0.576631259484067,0.844748858447489,0.603343465045593,0.437209302325581,0,0.819277108433735,0.167974882260597,0.8265625,0.259600614439324,0,0.17725258493353,0.25077399380805,0.528089887640449,0.834355828220859,0,0.836065573770492,0.83030303030303,0.829046898638427,0,0.228043143297381,0.797752808988764,0.162754303599374,0.842026825633383,0.846385542168675,0.178461538461538,0.841945288753799,0.359208523592085,0.734375,0.173106646058733,0.28414442700157,0.822458270106222,0.0107197549770291,0.157320872274143,0.833333333333333,0.162790697674419,0.636080870917574,0.443759630200308,0,0.243243243243243,0.688679245283019,0.340458015267176,0.858662613981763,0.165905631659056,0.303437967115097,0.49203821656051,0.824850299401198,0.781899109792285,0.813846153846154,0.710526315789474,0,0.838855421686747,0.164917541229385,0.8149300155521,0.410296411856474,0.165912518853695,0.831818181818182,0.828006088280061,0.830015313935682,0.683001531393568,0.831804281345566,0.259938837920489,0.312210200927357,0.813253012048193,0.771084337349398,0,0,0.850539291217257,0.814352574102964,0.167177914110429,0.833850931677019,0.832822085889571,0.4051593323217,0.804615384615385,0.6671826625387,0.76831091180867,0,0.813740458015267,0.36697247706422,0.846153846153846,0.835130970724191,0,0.624048706240487,0.82542113323124,0.158631415241058,0.648318042813456,0.46177370030581,0.727540500736377,0.665130568356375,0.818181818181818,0.250741839762611,0.809076682316119,0.826283987915408,0.836890243902439,0.37245696400626,0.231003039513678,0.83987915407855,0.838855421686747,0.00749625187406297,0.725075528700906,0.495481927710843,0.378995433789954,0.723564954682779,0.826219512195122,0.778625954198473,0.838905775075988,0.116941529235382,0.160990712074303,0,0.745038167938931,0.170807453416149,0.164615384615385,0.391768292682927,0,0.845220030349014,0.788753799392097,0.821646341463415,0.846953937592868,0.253822629969419,0.172839506172839,0,0,0.293663060278207,0.233024691358025,0.308282208588957,0,0.166919575113809,0.828483920367534,0.0792227204783259,0.368098159509202,0.836477987421384,0.586626139817629,0.823255813953488,0.657142857142857,0.623318385650224,0,0.832116788321168,0.413685847589425,0.499227202472952,0.781437125748503,0.831594634873323,0.450151057401813,0.0106870229007634,0.830275229357798,0.834586466165414,0,0.982035928143713,0.169207317073171,0.830963665086888,0.464767616191904,0,0.00914634146341463,0.503987240829346,0.765527950310559,0.154545454545455,0.2703125,0.0106544901065449,0.00156985871271586,0.700892857142857,0.182370820668693,0.833333333333333,0.42603550295858,0.827893175074184,0.164156626506024,0.444780635400908,0.442546583850932,0.762951334379906,0.213500784929356,0.170149253731343,0.00307219662058372,0.189230769230769,0,0.828148148148148,0.171653543307087,0.835798816568047,0.168711656441718,0.838759689922481,0,0.584962406015038,0.498480243161094,0.842592592592593,0,0.843609022556391,0,0.470957613814757,0.834586466165414,0,0.613876319758673,0.829192546583851,0.749613601236476,0.826356589147287,0.177710843373494,0,0.828220858895706,0.386895475819033,0,0.676557863501484,0.162280701754386,0.180722891566265,0.839753466872111,0.848297213622291,0.850746268656716,0.861111111111111,0.852080123266564,0,0.816232771822358,0.0194610778443114,0.401492537313433,0.398496240601504,0.831578947368421,0.819148936170213,0.837593984962406,0.830075187969925,0.0499243570347958,0.170245398773006,0.833065810593901,0.807866868381241,0.686186186186186,0.827272727272727,0.841149773071104,0.83030303030303,0,0,0.825327510917031,0,0.239819004524887,0.00154320987654321,0.822085889570552,0.397196261682243,0.368584758942457,0.237313432835821,0.814984709480122,0,0.234756097560976,0.816816816816817,0.831070889894419,0.636222910216718,0.452554744525547,0.328034682080925,0.306547619047619,0.682737169517885,0.159398496240602,0.245053272450533,0.545871559633027,0.34855403348554,0.691729323308271,0.172932330827068,0,0.180851063829787,0.377742946708464,0.83596214511041,0.579819277108434,0.345697329376855,0.625382262996942,0.764970059880239,0.827123695976155,0.830721003134796,0.849144634525661,0.838258164852255,0.836923076923077,0.605873261205564,0.490936555891239,0.830745341614907,0.171344165435746,0.172155688622754,0.774045801526718,0.0121212121212121,0.838565022421525,0.812785388127854,0,0.234836702954899,0,0.813846153846154,0,0.832326283987915,0.842507645259939,0.164201183431953,0.753067484662577,0.841317365269461,0.610591900311526,0.614439324116744,0.76219512195122,0,0,0.805111821086262,0.815674891146589,0.836115326251897,0,0,0.171339563862928,0.35249621785174,0.504545454545455,0,0.53680981595092,0,0.803432137285491,0.843076923076923,0.283018867924528,0.366666666666667,0,0.45046439628483,0.600600600600601,0.749620637329287,0.825633383010432,0.717325227963526,0.160849772382398,0.837753510140406,0.0302114803625378,0.843601895734597,0,0.833585476550681,0.00757575757575758,0.832550860719875,0.177195685670262,0.116822429906542,0,0,0.742857142857143,0.804651162790698,0.801815431164902,0.661144578313253,0.180616740088106,0.166666666666667,0.751902587519026,1,0,0.178018575851393,0.829268292682927,0,0.81651376146789,0.815315315315315,0.228658536585366,0.0368663594470046,0.156773211567732,0.831578947368421,0.518461538461538,0.247295208655332,0.277165354330709,0.245852187028658,0.670866141732283,0.23134328358209,0.839506172839506,0,0.691588785046729,0.834074074074074,0.0046583850931677,0,0.153618906942393,0,0.167692307692308,0.836581709145427,0.677725118483412,0.161490683229814,0.1640625,0.528125,0.821100917431193,0.468606431852986,0.043609022556391,0.159810126582278,0.0576323987538941,0.0197869101978691,0,0.158950617283951,0.154302670623145,0.153846153846154,0.169924812030075,0.159332321699545,0.0467289719626168,0.0542168674698795,0.170731707317073,0.0213089802130898,0.00627943485086342,0.0294117647058824,0.024024024024024,0.0540540540540541,0.163884673748103,0.0212443095599393,0.169303797468354,0.156441717791411,0.0416666666666667,0.172573189522342,0.0327868852459016,0.174045801526718,0.184848484848485,0.155882352941176,0.168949771689498
"787",0,0,0,0,0,0,0.00809061488673139,0.00162074554294976,0,1,0,1,0,0,0,0,1,0.9888,0,0,0,0,0,1,0,0,0,0.00164473684210526,0,0,0,0,0.0016260162601626,0,1,0,0.976340694006309,0,0,0,0.998402555910543,0.990353697749196,0.995245641838352,0,0,0,0,0,0,0,1,0,0,0,0.00654664484451719,0,1,0,0.00315955766192733,0,0,0,0,1,0,0,1,0,1,0,0,0,0,0,1,0,0,0,0.00160513643659711,0,1,0,0,0,0,0,0,0,0.00314465408805031,0.990639625585023,0,0,1,1,0,1,0.0126182965299685,0,0.995283018867924,0.995215311004785,0.00483091787439614,1,0,0,0,0,0.993640699523052,0.00316957210776545,0,0,0,0.0096,0,0,1,0,0,1,0,0,1,0.00161550888529887,0,0,0,0,0,0,1,0.00320512820512821,0,0,0,1,0,0,1,0,0,0.0032626427406199,1,1,0,0,0,0,0,0,0,0,0,0,0,0,0,0,0,0,1,0,0.003125,0,0,1,0,0,0,0,0,0,0,0,0,0,0,0,1,0,1,0,0,0,0,0,0,0,0,0,0,0,0,0,0,0.0141509433962264,1,1,0,0.998417721518987,0,0,0.00809061488673139,0,0,0,0,0,0,0,0.00156985871271586,1,0,0,0,0,0,0.00158730158730159,0,0,0.00160771704180064,0,0,1,0,0,0,1,0,0,0,0,0,0,0.0163132137030995,1,0.00791139240506329,0,0,0,0,0,0,0,0,0,0,0,0,0,0,0,0,0,0,0,0,0,0,0,0.988617886178862,0,1,0.00162074554294976,0,0,0,1,0,0.00154320987654321,0,0,0,0,0.990415335463259,0,0,0,0,0,0,0,0,0,0,0.00813008130081301,1,0,0.0113268608414239,1,0,0.00923076923076923,0.00159744408945687,1,0,0,0,0,0,1,0.0141955835962145,0,0,0,0,0,0,0,0,0,0,0,0,0,0,0,0,0.00327868852459016,0,0.948194662480377,0,0,0,0,0,0,0,0,0,0,0,0,1,0,0.00649350649350649,0,0.944532488114105,0,0,0,0,1,0,0,0,0,0,0,0,0,0,0,1,0,0,0,0,0,0,1,0,0,0,0.0016260162601626,0,0,0,0,1,0,0,0,0,0,0,0,0,0,0,0,0,0.00321543408360129,0,0,0,0,0,0,0,0,0,0,0,0,1,0,0,0,1,0,0.993366500829187,0,0,0,0.9968,0.00470219435736677,0,0,0,0,0,0,0,0,1,0,0.00164744645799012,0,0,0,0,0,0.998410174880763,0,0,0,0,0,0.0032,0,0.0118043844856661,0.995245641838352,0,0,0,1,0,0.00161030595813205,0,0,0,1,1,0,0,1,0,0.99185667752443,1,1,0,1,0,0,0.00313971742543171,0,1,1,0,0,0,0,0.998349834983498,0.0157232704402516,0,0,0,0,1,0,0,0.00161550888529887,0,1,0,0,0,0,1,0,0,0,1,0,0,0,0,0,0,0,0,0,0,0.00164744645799012,0,0.990243902439024,0,0,0,0,0.0145161290322581,1,0,0.00160513643659711,0,0,0,0,0,0,0,0,0,1,0,0,0,0.00329489291598023,0,0,0,0,0,0,0,0,0,0.00950871632329636,1,1,0,0,0,0,0,0,0,0,0.0124223602484472,1,0,0.0145161290322581,0,0,1,0,0,0,0.00164203612479475,0,0,0,0,0,0.0032626427406199,0,0,0.011400651465798,0.0222929936305732,0,0,0.995319812792512,0,0,0,0,0,0,0,0.761006289308176,0,1,0.00161030595813205,0,0,0,1,0,0,0,0,0,0,1,1,0,0,0,1,0,0,0.548895899053628,0,0,0.00470957613814757,0,0,0,1,0,0,0,0.00465116279069767,0,0,0.990551181102362,0,0,1,0,0,0,0,1,0.993589743589744,0,0,0,0,0.992063492063492,0.998347107438017,0,0,0,0,0,0,0,0,0.00325732899022801,0,0,0.996815286624204,0,1,0,0.155371900826446,0.00154559505409583,0,0,1,0,0,0,1,0,1,0,0,1,0.0156985871271586,0,0,0.00162074554294976,0,1,0,0,1,0,0,0,0,0,0,0.0032258064516129,0.00159235668789809,1,0,0.976452119309262,0.0156739811912226,0,0,0,0,0,0.919431279620853,0,0,0,0,0,0,0,1,1,0,1,0,0.998384491114701,0,0,0,0,0,0.998397435897436,0,0,0,0,0,0,0,0,0,0,0,0,0,0,1,0,0.0145631067961165,0,0.0238473767885533,0,0,0.0031104199066874,0,0.00166666666666667,0,0,0,0,0,0,0,0,0.0016260162601626,0.992050874403816,0,0,1,0,1,0,1,0,0,0,0,0,0,0,0.0128410914927769,1,1,0,0,0,1,1,0,0,0,1,0,1,0,0,0.027823240589198,0,1,0,0,0,0,0,0,0,0.896,0,1,0,0.996810207336523,0,0,0.362916006339144,1,1,0,0,0.00469483568075117,0,0,0,0,0,1,0,0,1,0,0,0,0.953376205787781,0,0,0,0,0,0,0,0,0,1,0,0,0.998394863563403,1,0,1,0,0,0,0,0,0.00161030595813205,0.00476190476190476,0,0.951334379905808,0,0.899835796387521,0.982484076433121,1,0.165316045380875,0,0,0.00630914826498423,0,0.948136142625608,0.939778129952456,0,0.979066022544283,0.996763754045307,0.957006369426752,0.976228209191759,0.9375,0,0.977742448330684,0,0,0.952845528455285,0,0.9296875,0,0.0552922590837283,0,0
"788",0.0144,0.0156494522691706,0.0421216848673947,0.0685805422647528,0.0275080906148867,0.0159235668789809,0.112698412698413,0.0361067503924647,0.0170542635658915,0,0.0174050632911392,0,0.453834115805947,0.0112903225806452,0.953198127925117,0.979591836734694,0,0.00156494522691706,0.0160513643659711,0.0282574568288854,0.834645669291339,0.957654723127036,0.0219092331768388,0,0.0644654088050314,0.747181964573269,0.870253164556962,0.025518341307815,0.555900621118012,0.325949367088608,0.986301369863014,0.335433070866142,0.24232633279483,0.705511811023622,0,0.0175718849840256,0.0062402496099844,0.0185758513931889,0.742424242424242,0.104361370716511,0,0,0,0.0160513643659711,0.228758169934641,0.974481658692185,0.507086614173228,0.982511923688394,0.538461538461538,0.868098159509202,0,0.0190174326465927,0.731437598736177,0.0140845070422535,0.126582278481013,0.855784469096672,0,0.0333863275039746,0.0543478260869565,0.115919629057187,0.70125786163522,0.578864353312303,0.982594936708861,0,0.109120521172638,0.190031152647975,0,0.0267295597484277,0,0.985576923076923,0.158139534883721,0.981132075471698,0.963836477987421,0.0154320987654321,0,0.310185185185185,0.950155763239875,0.428794992175274,0.111650485436893,0.772194304857621,0,0.317411402157165,0.802450229709035,0.0171339563862928,0.886614173228346,0.101721439749609,0.0188679245283019,0.0417310664605873,0.0460122699386503,0,0.025518341307815,0.0125,0,0,0.0387096774193548,0,0.68503937007874,0.0330188679245283,0,0,0.396899224806202,0,0.710610932475884,0.0160513643659711,0.892141756548536,0.0175438596491228,0,0.0365659777424483,0.985759493670886,0.974882260596546,0.977952755905512,0.0996835443037975,0.703125,0.0236220472440945,0,0.0251177394034537,0.30188679245283,0,0.9859375,0.774244833068362,0,0.236677115987461,0.750783699059561,0.902912621359223,0.0420560747663551,0.833073322932917,0.0203125,0.0186915887850467,0,0.457943925233645,0.0721153846153846,0.527821939586645,0.0275526742301459,0,0.0174880763116057,0.972093023255814,0,0.790996784565916,0.378378378378378,0.488745980707395,0,0,0.0313479623824451,0.259433962264151,0.822294022617124,0.0125984251968504,0.97933227344992,0.0875,0.626003210272873,0.0263157894736842,0.868589743589744,0.0315955766192733,0.0127591706539075,0.177394034536892,0.0139968895800933,0.984076433121019,0.01875,0.985668789808917,0,0.276190476190476,0.136923076923077,0.0239234449760766,1,0,0.0123647604327666,0.56,0.0161030595813204,0.0110062893081761,0.0171073094867807,0.70606531881804,0.0370942812982998,0.982758620689655,0.0692307692307692,0.983206106870229,0.117647058823529,0.641304347826087,0,0.0377952755905512,0,0.167731629392971,0.0154798761609907,0.875,0.0252365930599369,0.061633281972265,0.0226586102719033,0.0434782608695652,0.910493827160494,0.666666666666667,0.0834670947030498,0.0702875399361022,0.936708860759494,0.987538940809969,0.0300157977883096,0.142410015649452,0,0,0.70952380952381,0,0.0124031007751938,0.780715396578538,0.12779552715655,0.26530612244898,0.0259146341463415,0.581761006289308,0.570093457943925,0.711111111111111,0.097331240188383,0.0524642289348172,0.128125,0,0.130914826498423,0.82258064516129,0.0774193548387097,0.98125,0.93167701863354,0.47068145800317,0.0286168521462639,0.0353302611367127,0.178343949044586,0.0203125,0.124401913875598,0,0.9328125,0.361240310077519,0.0127186009538951,0,0.0186046511627907,0.0337423312883436,0.460443037974684,0.472783825816485,0.0287081339712919,0.017741935483871,0.6192,0,0.108864696734059,0.515772870662461,0.0398089171974522,0.982839313572543,0.0538461538461538,0.0141732283464567,0.0141287284144427,0.0599369085173502,0.478193146417445,0.9856,0.040625,0.460218408736349,0.978625954198473,0.981395348837209,0.817741935483871,0.987220447284345,0.844051446945338,0.339009287925697,0.98740157480315,1,0.978193146417445,0.427682737169518,0.956168831168831,0.029874213836478,0,0.984101748807631,0,0.784469096671949,0.0144927536231884,0.0391236306729265,0.110584518167457,0,0.135922330097087,0.160060975609756,0.325471698113208,0.440625,0.564465408805031,0.55591054313099,0,0.0159235668789809,0.9046875,0.308441558441558,0.0507131537242472,0.98125,0.264659270998415,0.990536277602524,0.904088050314465,0.0152671755725191,0.0164473684210526,0.117073170731707,0,0.352941176470588,0.118314424635332,0,0.984447900466563,0.110769230769231,0.0352,0,0.986024844720497,0.981279251170047,0.0304487179487179,0.131410256410256,0.987138263665595,0,0.597826086956522,0.024,0.233128834355828,0.649762282091918,0.346645367412141,0.0546021840873635,0.981042654028436,0.0154320987654321,0.0171606864274571,0.982594936708861,0.0440251572327044,0.0175718849840256,0.0375816993464052,0.0156985871271586,0.830940988835726,0.684451219512195,0.722929936305732,0.0352,0.076555023923445,0.00155038759689922,0.741214057507987,0.0394321766561514,0.849445324881141,0.708649468892261,0.018957345971564,0.0191082802547771,0.0412698412698413,0.330065359477124,0.0107858243451464,0.767145135566188,0.0484375,0.0158478605388273,0,0.683229813664596,0.443729903536977,0.974643423137876,0.00154798761609907,0.978328173374613,0.10641627543036,0.965244865718799,0.984350547730829,0,0.788732394366197,0.0254372019077901,0.925632911392405,0.027823240589198,0.0425867507886435,0.0253565768621236,0.715210355987055,0.724422442244224,0.342812006319115,0.577114427860697,0,0.184126984126984,0.972560975609756,0.961300309597523,0.806853582554517,0.0161550888529887,0.984496124031008,0,0.671875,0.973805855161787,0.966237942122186,0.541009463722397,0.0158730158730159,0.754385964912281,0.00977198697068404,0.0458860759493671,0,0.0196969696969697,0.981510015408321,0.0153846153846154,0.183962264150943,0.0146103896103896,0.976114649681529,0.0309597523219814,0.9826224328594,0.130094043887147,0.299837925445705,0.073208722741433,0.029595015576324,0.0187793427230047,0.712286158631415,0.0534591194968553,0.016793893129771,0.981366459627329,0.96411856474259,0.0173775671406003,0.0157728706624606,0.715179968701095,0.129829984544049,0.0472312703583062,0.0617088607594937,0.0141732283464567,0,0.900641025641026,0.0140625,0.985849056603774,0,0.0483091787439614,0,0.973058637083994,0.0107858243451464,0.0479233226837061,0,0.387301587301587,0.591125198098257,0.0271565495207668,0.979430379746835,0.145833333333333,0.0193861066235864,0.646592709984152,0.3950233281493,0.229166666666667,0,0.84037558685446,0.04,0.0173775671406003,0.566718995290424,0.0171073094867807,0.0382059800664452,0.962145110410095,0,0.0261538461538462,0.0207336523125997,0.0559875583203732,0.325545171339564,0.982456140350877,0.139871382636656,0.758730158730159,0.798347107438017,0,0.399361022364217,0.396468699839486,0.398744113029827,0,0.739130434782609,0.0903328050713154,0.381619937694704,0.523510971786834,0.928353658536585,0,0,0.0164670658682635,0.0341614906832298,0,0.0941915227629513,0,0,0,0.0176,0,0.0144230769230769,0.222919937205651,0.47887323943662,0.0139968895800933,0,0,0.0235478806907378,0.0538461538461538,0.302362204724409,0.982919254658385,0,0.124416796267496,0.404088050314465,0.0188383045525903,0.483253588516746,0.685714285714286,0,0.0347551342812006,0.985483870967742,0.0628019323671498,0.9376,0,0.975609756097561,0.883280757097792,0.504966887417219,0.0393081761006289,0,0.0590979782270607,0.0247295208655332,0.0139318885448916,0,0.933649289099526,0.0726072607260726,0.980392156862745,0.0139103554868624,0.0173501577287066,0.978227060653188,0.014218009478673,0.715179968701095,0.202786377708978,0.977883096366509,0.841680129240711,0.0517241379310345,0,0.984496124031008,0.0386398763523957,0.980582524271845,0.375,0.60031847133758,0,0.875394321766562,0.267515923566879,0.748031496062992,0.0390015600624025,0.985826771653543,0.850077279752705,0.548657718120805,0.0713201820940819,0.126348228043143,0.0474683544303797,0.26645264847512,0,0.0295489891135303,0.982839313572543,0.0424528301886792,0.59967585089141,0.986217457886677,0.013953488372093,0.0174603174603175,0.0141287284144427,0.37799043062201,0.0314465408805031,0.874603174603175,0.8224,0.0659340659340659,0.12480252764613,0,0,0.0220125786163522,0.0790322580645161,0.975922953451043,0.0238095238095238,0.0263565891472868,0.646417445482866,0.0878594249201278,0.275477707006369,0.117004680187207,0,0.0408163265306122,0.648264984227129,0.0126782884310618,0.0127388535031847,0,0.3712,0.0398724082934609,0.988976377952756,0.324921135646688,0.651898734177215,0.21482602118003,0.331761006289308,0.0560606060606061,0.917431192660551,0.0282131661442006,0.015748031496063,0.0328125,0.691082802547771,0.870458135860979,0.0264385692068429,0.015625,0,0.230529595015576,0.543171114599686,0.762204724409449,0.2574568288854,0.0174880763116057,0.136507936507936,0.0157232704402516,0.108728943338438,0.985530546623794,0,0.183514774494557,0.987179487179487,0.9826224328594,0.766091051805338,0,0.0201238390092879,0.0954616588419405,0.0174050632911392,0.0170807453416149,0.909810126582278,0.985691573926868,0,0,0.833333333333333,0.904761904761905,0.869426751592357,0,0.9858934169279,0.0156985871271586,0.419753086419753,0.716108452950558,0.0128,0.419558359621451,0.0463258785942492,0.35548686244204,0.376744186046512,0,0.0164917541229385,0.621236133122029,0.517515923566879,0.0871559633027523,0.0251572327044025,0.618524332810047,0,0.0589147286821705,0.0515625,0,0.0506912442396313,0.968304278922345,0.0232558139534884,0.582689335394127,0,0,0.490909090909091,0.177496038034865,0.984276729559748,0.880763116057234,0,0,0.266968325791855,0.959935897435897,0.0180623973727422,0.715384615384615,0.0200617283950617,0.984496124031008,0.609642301710731,0.676282051282051,0.143780290791599,0.893267651888342,0.983050847457627,0,0.9424,0,0.0171073094867807,0.795417348608838,0.0325581395348837,0.981102362204724,0.0111111111111111,0,0.499243570347958,0.552380952380952,0.0124031007751938,0,0.0139968895800933,0,0.636661211129296,0.0263157894736842,0,0.355590062111801,0.0219092331768388,0.27373417721519,0.0684713375796178,0.959876543209877,0,0.014308426073132,0.760252365930599,0,0.329133858267717,0.986342943854325,0.967791411042945,0.0191387559808612,0.0125984251968504,0.0263157894736842,0.0395569620253165,0.0317965023847377,0,0.0410742496050553,0,0.638461538461538,0.749608763693271,0.0234375,0.025518341307815,0.0250783699059561,0.018957345971564,0.0248447204968944,0.977848101265823,0.0327332242225859,0.0500782472613459,0.300623052959502,0.036979969183359,0.0171073094867807,0.037914691943128,0,0,0.033587786259542,0,0.934984520123839,0.00157232704402516,0.05229793977813,0.75487012987013,0.792,0.873831775700935,0.0989010989010989,0.00157232704402516,0.892355694227769,0.0141065830721003,0.0156739811912226,0.363207547169811,0.599085365853659,0.786039453717754,0.852760736196319,0.356576862123613,0.987538940809969,0.875981161695447,0.456279809220986,0.746056782334385,0.3125,0.974803149606299,0,0.985645933014354,0.662866449511401,0.0115702479338843,0.362363919129082,0.771689497716895,0.394944707740916,0.135670731707317,0.0258751902587519,0.0543657331136738,0.0349206349206349,0.00969305331179321,0.0191693290734824,0.485759493670886,0.608150470219436,0.0155038759689922,0.98030303030303,0.977272727272727,0.13125,0,0.0153846153846154,0.0449612403100775,0,0.882258064516129,0,0.0688575899843505,0,0.0342679127725857,0.0141955835962145,0.978227060653188,0.169303797468354,0.0138461538461538,0.348387096774194,0.38871473354232,0.125198098256735,0,0,0.0838709677419355,0.0776119402985075,0.0217729393468118,0,0,0.987117552334944,0.772797527047913,0.496845425867508,0,0.591549295774648,0,0.090032154340836,0.0176,0.78743961352657,0.770897832817337,0,0.676375404530744,0.41838351822504,0.143081761006289,0.0490045941807044,0.240566037735849,0.984472049689441,0.0271132376395534,0.0830670926517572,0.0112359550561798,0,0.0247295208655332,0,0.0160513643659711,0.988976377952756,0.613418530351438,0,0,0.187596899224806,0.0801282051282051,0.0694444444444444,0.292758089368259,0.967692307692308,0.979099678456592,0.190174326465927,0.178018575851393,0,1,0.0440944881889764,0,0.0260162601626016,0.0534351145038168,0.927444794952681,0,0.979527559055118,0.0155763239875389,0.5632,0.91496062992126,0.903691813804173,0.905132192846034,0.323296354992076,0.903276131045242,0.0172413793103448,0,0.256329113924051,0.028391167192429,0,0,0.987897125567322,0,0.985826771653543,0.0156985871271586,0.286173633440514,0.984101748807631,0.980922098569157,0.466882067851373,0.0536277602523659,0.577639751552795,0,0.980861244019139,0.0481540930979133,0.00770416024653313,0,0.80127186009539,0.975346687211094,0.980861244019139,0.967289719626168,0.989130434782609,0,0,0.971786833855799,0.00476190476190476,0.00162074554294976,0.0219092331768388,0.00618238021638331,0,0.979623824451411,0.0124804992199688,0.985576923076923,0.979365079365079,0,0.978125,0.0416666666666667,0.988976377952756,0.892018779342723,0.981623277182236,0.984177215189873
"789",0.971291866028708,0.968553459119497,0.943683409436834,0.925925925925926,0.9584,0.972624798711755,0.870192307692308,0.94488188976378,0.970404984423676,0,0.973228346456693,0,0.578199052132701,0.97007874015748,0.0764430577223089,0.0419906687402799,0,0.0110410094637224,0.966074313408724,0.956318252730109,0.192789968652038,0.0537459283387622,0.962790697674419,0,0.936532507739938,0.285251215559157,0.140822784810127,0.959546925566343,0.486780715396579,0.687402799377916,0.0276497695852535,0.704581358609795,0.783094098883573,0.310344827586207,0,0.970172684458399,0.0170015455950541,0.962558502340094,0.287461773700306,0.885758998435055,0,0.013953488372093,0.00313479623824451,0.974151857835218,0.764135702746365,0.0592,0.556270096463023,0.029126213592233,0.475683890577508,0.146788990825688,0,0.962025316455696,0.297674418604651,0.968602825745683,0.863057324840764,0.184168012924071,0,0.940514469453376,0.93125,0.892355694227769,0.326086956521739,0.446345256609642,0.035031847133758,0,0.891410048622366,0.847457627118644,0,0.953821656050955,0,0.0380348652931854,0.869029275808937,0.0409448818897638,0.0457413249211356,0.965678627145086,0,0.722480620155039,0.0788253477588872,0.591614906832298,0.884244372990354,0.287853577371048,0,0.704615384615385,0.245022970903522,0.967692307692308,0.127358490566038,0.890092879256966,0.967136150234742,0.94679186228482,0.94811320754717,0.0107197549770291,0.961783439490446,0.96551724137931,0,0,0.946078431372549,0,0.324031007751938,0.953051643192488,0.00464396284829721,0.0063391442155309,0.621835443037975,0,0.30173775671406,0.966613672496025,0.128086419753086,0.971061093247588,0.00940438871473354,0.945652173913043,0.0288461538461538,0.0397456279809221,0.036979969183359,0.890649762282092,0.347222222222222,0.973724884080371,0,0.9578125,0.717425431711146,0,0.0344287949921753,0.257911392405063,0,0.774091627172196,0.276827371695179,0.101123595505618,0.965625,0.171073094867807,0.966257668711656,0.971608832807571,0,0.554675118858954,0.9088,0.511146496815287,0.964401294498382,0,0.959935897435897,0.0525502318392581,0,0.238924050632911,0.653481012658228,0.538585209003215,0,0,0.952456418383518,0.804416403785489,0.2,0.968,0.0384615384615385,0.912363067292645,0.428571428571429,0.952234206471495,0.1712,0.965408805031447,0.9712,0.82472613458529,0.968304278922345,0.0318471337579618,0.968503937007874,0.0321543408360129,0,0.768488745980707,0.847926267281106,0.94488188976378,0.0506912442396313,0,0.97191887675507,0.462903225806452,0.970588235294118,0.968454258675079,0.964006259780908,0.307458143074581,0.953051643192488,0.0331230283911672,0.92,0.0320610687022901,0.885852090032154,0.4,0,0.949921752738654,0,0.830963665086888,0.970219435736677,0.161290322580645,0.960815047021944,0.9859375,0.956259426847662,0.958204334365325,0.130637636080871,0.387345679012346,0.914653784219002,0.91866028708134,0.083596214511041,0.0329153605015674,0.94770206022187,0.838759689922481,0,0,0.31911532385466,0,0.966049382716049,0.270186335403727,0.859677419354839,0.751926040061633,0.960998439937597,0.452830188679245,0.462145110410095,0.322632423756019,0.885579937304075,0.933753943217666,0.856259659969088,0,0.8671875,0.214170692431562,0.933438985736926,0.0300632911392405,0.0962732919254658,0.550314465408805,0.9546875,0.946287519747235,0.835147744945568,0.971786833855799,0.900641025641026,0,0.108864696734059,0.696875,0.967689822294023,0,0.961240310077519,0.952307692307692,0.563380281690141,0.551724137931034,0.951845906902087,0.967373572593801,0.385964912280702,0,0.863565891472868,0.528213166144201,0.944715447154472,0.028169014084507,0.93944099378882,0.962204724409449,0.967136150234742,0.940345368916798,0.537151702786378,0.0368,0.94488188976378,0.569678407350689,0.038109756097561,0.0323574730354391,0.213270142180095,0.0300157977883096,0.186688311688312,0.674347158218126,0.0267716535433071,0.0407523510971787,0.0408163265306122,0.591331269349845,0.0643086816720257,0.966613672496025,0.0110759493670886,0.0315955766192733,0,0.243670886075949,0.967897271268058,0.961119751166407,0.902053712480253,0,0.853462157809984,0.855813953488372,0.688783570300158,0.610759493670886,0.474258970358814,0.470494417862839,0.00940438871473354,0.968152866242038,0.123630672926448,0.71004942339374,0.942457231726283,0.0419906687402799,0.7359375,0.0394321766561514,0.152410575427683,0.966767371601209,0.965853658536585,0.86762360446571,0,0.647515527950311,0.861417322834646,0,0.031104199066874,0.866666666666667,0.953525641025641,0,0.0358255451713396,0.0263565891472868,0.953225806451613,0.871794871794872,0.0348101265822785,0,0.39937106918239,0.963492063492064,0.78003120124805,0.407936507936508,0.67246835443038,0.92755905511811,0.033175355450237,0.962790697674419,0.971742543171115,0.0349206349206349,0.948356807511737,0.965023847376789,0.939837398373984,0.976415094339623,0.215311004784689,0.3546875,0.316614420062696,0.951923076923077,0.922330097087379,0.0456692913385827,0.289099526066351,0.949606299212598,0.187697160883281,0.333841463414634,0.967136150234742,0.96998420221169,0.948194662480377,0.727126805778491,0.9640625,0.2688,0.93613707165109,0.968253968253968,0,0.359253499222395,0.547923322683706,0.0540540540540541,0.0467289719626168,0.0446153846153846,0.889763779527559,0.05320813771518,0.0324074074074074,0,0.25511811023622,0.968847352024922,0.0979782270606532,0.957236842105263,0.941362916006339,0.9632,0.312698412698413,0.315447154471545,0.699680511182109,0.465798045602606,0,0.829457364341085,0.0443425076452599,0.0643185298621746,0.220820189274448,0.968051118210863,0.0342679127725857,0,0.3640625,0.0429447852760736,0.0528846153846154,0.478537360890302,0.97339593114241,0.288244766505636,0.965742251223491,0.938291139240506,0,0.960843373493976,0.0200927357032458,0.964723926380368,0.837025316455696,0.969004893964111,0.0423861852433281,0.945736434108527,0.028125,0.859399684044234,0.727707006369427,0.9390625,0.958664546899841,0.963893249607535,0.320251177394035,0.936406995230525,0.96319018404908,0.0352760736196319,0.0564263322884013,0.969793322734499,0.968701095461659,0.346394984326019,0.863849765258216,0.957446808510638,0.933333333333333,0.965732087227414,0,0.137096774193548,0.965244865718799,0.0334394904458599,0,0.939586645468998,0.00947867298578199,0.072463768115942,0.967136150234742,0.936908517350158,0.00162337662337662,0.623211446740858,0.449206349206349,0.955484896661367,0.0303030303030303,0.845669291338583,0.962903225806452,0.383045525902669,0.609302325581395,0.789473684210526,0,0.19620253164557,0.944707740916272,0.965571205007825,0.478806907378336,0.971830985915493,0.949346405228758,0.0615141955835962,0.00158227848101266,0.957878315132605,0.967084639498433,0.926677067082683,0.713841368584759,0.0410094637223975,0.84430176565008,0.278125,0.205,0.00626959247648903,0.640699523052464,0.628980891719745,0.63166144200627,0,0.300492610837438,0.9,0.658841940532081,0.530516431924883,0.10590015128593,0,0,0.966565349544073,0.947772657450077,0,0.897035881435257,0.0112359550561798,0,0,0.972536348949919,0,0.964516129032258,0.774091627172196,0.539170506912442,0.970814132104455,0,0,0.958990536277603,0.940902021772939,0.748456790123457,0.0345368916797488,0.00321543408360129,0.852713178294574,0.596546310832025,0.968051118210863,0.563076923076923,0.360189573459716,0,0.955038759689922,0.0318471337579618,0.935794542536116,0.116613418530351,0,0.0417310664605873,0.127388535031847,0.50814332247557,0.946624803767661,0,0.924148606811146,0.974921630094044,0.964285714285714,0,0.0982286634460548,0.914754098360656,0.0358306188925081,0.96417445482866,0.96937212863706,0.0389408099688473,0.966876971608833,0.3198127925117,0.785031847133758,0.037914691943128,0.184640522875817,0.941823899371069,0.00964630225080386,0.0344287949921753,0.948275862068966,0.0405186385737439,0.673076923076923,0.41091492776886,0,0.136792452830189,0.75,0.282574568288854,0.951863354037267,0.0325581395348837,0.185243328100471,0.474631751227496,0.935384615384615,0.875384615384615,0.941915227629513,0.768370607028754,0,0.957943925233645,0.0305810397553517,0.940157480314961,0.415986949429038,0.0320121951219512,0.966049382716049,0.972624798711755,0.968304278922345,0.646781789638933,0.9578125,0.152996845425868,0.225806451612903,0.939778129952456,0.862714508580343,0,0,0.968253968253968,0.930645161290323,0.0487421383647799,0.96513470681458,0.967238689547582,0.382945736434109,0.907523510971787,0.737341772151899,0.861538461538462,0,0.9488,0.351822503961965,0.970266040688576,0.96969696969697,0,0.66510172143975,0.939935064935065,0.0285714285714286,0.680511182108626,0.39047619047619,0.803892215568862,0.700787401574803,0.940548780487805,0.106646058732612,0.955414012738854,0.965785381026439,0.952830188679245,0.322061191626409,0.121642969984202,0.966666666666667,0.968944099378882,0.0062111801242236,0.817054263565892,0.473851030110935,0.273301737756714,0.751181102362205,0.968652037617555,0.858730158730159,0.970358814352574,0.116564417177914,0.0324149108589951,0,0.812400635930048,0.0360501567398119,0.0363349131121643,0.280254777070064,0,0.97045101088647,0.899691358024691,0.96998420221169,0.964506172839506,0.114285714285714,0.0253565768621236,0,0,0.20096463022508,0.102564102564103,0.184126984126984,0,0.0329153605015674,0.966666666666667,0.0172955974842767,0.316957210776545,0.963141025641026,0.6,0.950793650793651,0.678071539657854,0.645608628659476,0,0.966966966966967,0.4064,0.511182108626198,0.9,0.95968992248062,0.425867507886435,0.009375,0.936708860759494,0.931888544891641,0,0.947611710323575,0.0488188976377953,0.960848287112561,0.454968944099379,0,0.00778816199376947,0.527004909983633,0.816164817749604,0.0346456692913386,0.144736842105263,0.009375,0,0.738863287250384,0.0516431924882629,0.965174129353234,0.325617283950617,0.963949843260188,0.0314465408805031,0.394695787831513,0.364069952305246,0.855325914149444,0.118226600985222,0.03125,0.00157232704402516,0.0749601275917065,0,0.96,0.0615883306320908,0.947932618683001,0.0383386581469649,0.969745222929936,0,0.526234567901235,0.472,0.97191887675507,0,0.970769230769231,0,0.397435897435897,0.968895800933126,0,0.647425897035881,0.95859872611465,0.756630265210608,0.92604501607717,0.0661417322834646,0,0.974842767295597,0.278846153846154,0,0.696400625978091,0.0290519877675841,0.0493827160493827,0.965079365079365,0.966929133858268,0.960183767228178,0.94620253164557,0.955696202531646,0,0.9546875,0.0234375,0.36547433903577,0.296875,0.963549920760697,0.95583596214511,0.961300309597523,0.96875,0.054858934169279,0.0462519936204147,0.958540630182421,0.938176197836167,0.737327188940092,0.95447409733124,0.967592592592593,0.949606299212598,0,0,0.946808510638298,0,0.0962732919254658,0,0.930817610062893,0.293159609120521,0.24203821656051,0.13953488372093,0.900161030595813,0.00158478605388273,0.131868131868132,0.963836477987421,0.967391304347826,0.638230647709321,0.437216338880484,0.233333333333333,0.199381761978362,0.6640625,0.0326594090202177,0.153364632237872,0.554160125588697,0.287066246056782,0.733229329173167,0.035548686244204,0,0.0336,0.335463258785943,0.969155844155844,0.61993769470405,0.254961832061069,0.643192488262911,0.861154446177847,0.956386292834891,0.926948051948052,0.964516129032258,0.971428571428571,0.975922953451043,0.558213716108453,0.42566510172144,0.967032967032967,0.0374251497005988,0.0397553516819572,0.859842519685039,0.00918836140888208,0.966153846153846,0.940717628705148,0,0.130148270181219,0,0.933649289099526,0,0.984350547730829,0.967948717948718,0.0384615384615385,0.817891373801917,0.973966309341501,0.65008025682183,0.63265306122449,0.85024154589372,0,0,0.907317073170732,0.912781954887218,0.965408805031447,0,0,0.032,0.257763975155279,0.52931854199683,0,0.460587326120556,0,0.915064102564103,0.96984126984127,0.18740157480315,0.259375,0,0.366666666666667,0.618670886075949,0.841538461538462,0.933962264150943,0.769470404984424,0.0330188679245283,0.961476725521669,0.025518341307815,0.971107544141252,0,0.950540958268934,0.0078125,0.967741935483871,0.0418006430868167,0.0253968253968254,0,0,0.819032761310452,0.919484702093398,0.917701863354037,0.736111111111111,0.0522273425499232,0.0396825396825397,0.849056603773585,0.829268292682927,0,0.0440944881889764,1,0,0.95024077046549,0.925581395348837,0.0990566037735849,0.0420560747663551,0.0356589147286822,0.968992248062015,0.478260869565217,0.105180533751962,0.130225080385852,0.134883720930233,0.720064724919094,0.115562403697997,0.971653543307087,0,0.785031847133758,0.949764521193093,0.00478468899521531,0,0.032258064516129,0,0.0344827586206897,0.970172684458399,0.733766233766234,0.0289855072463768,0.0288461538461538,0.549363057324841,0.932283464566929,0.447574334898279,0.0431432973805855,0.0289389067524116,0.0483091787439614,0.0125786163522013,0,0.0544,0.0303951367781155,0.0365079365079365,0.0464396284829721,0.0322085889570552,0.0462519936204147,0.053125,0.0487421383647799,0.0143312101910828,0.00476947535771065,0.0234009360374415,0.0173775671406003,0.0529595015576324,0.0423197492163009,0.0174880763116057,0.0325732899022801,0.0303030303030303,0.0464,0.0427892234548336,0.0216383307573416,0.0361067503924647,0.0632911392405063,0.0336906584992343,0.0380952380952381
"790",0,0,0,0,0,0,0.00923076923076923,0,0,1,0,1,0,0,0,0,1,0.982758620689655,0,0,0,0,0,1,0,0,0,0,0,0,0,0,0,0,1,0,0.980182926829268,0,0,0,0.998442367601246,0.986384266263237,0.993827160493827,0,0,0,0,0,0,0,1,0,0,0,0.00964630225080386,0,1,0,0,0,0,0,0,1,0,0,1,0,1,0,0,0,0,0,1,0.00150829562594268,0,0,0,0,1,0,0,0,0,0,0,0,0.00303030303030303,0.990881458966565,0,0,1,1,0,1,0.0138248847926267,0,0.993836671802773,0.992199687987519,0.00773993808049536,1,0,0,0,0,0.988941548183254,0,0,0,0,0.0125391849529781,0,0,1,0,0,1,0,0,1,0,0,0,0,0,0,0,1,0.00306278713629403,0,0,0,1,0,0,1,0,0,0.00320512820512821,1,1,0,0,0,0,0,0,0,0,0,0,0,0,0,0,0,0,1,0,0.00305810397553517,0,0,1,0,0,0,0,0,0,0,0,0,0,0.00314465408805031,0,1,0,1,0,0,0,0,0,0,0,0,0,0,0,0,0,0,0.0171875,1,1,0,0.998449612403101,0,0,0.00788643533123028,0,0,0,0,0,0,0,0,1,0,0,0,0,0,0.00311526479750779,0,0,0,0,0,1,0,0,0,1,0,0,0.0046656298600311,0,0,0,0.0123076923076923,1,0.0121028744326778,0,0,0,0,0,0,0,0,0,0,0,0,0,0,0,0,0,0,0,0,0,0,0,0.990476190476191,0,1,0.00309597523219814,0,0,0,1,0.00159489633173844,0.0015015015015015,0,0,0,0,0.989280245022971,0,0,0,0,0,0,0,0,0,0,0.0125,1,0,0.0109375,1,0,0.0122511485451761,0,1,0,0,0,0,0,1,0.0123839009287926,0,0,0,0,0,0,0,0,0,0,0,0,0,0,0,0,0,0,0.946646341463415,0,0,0,0,0,0,0,0,0,0,0,0,1,0,0.00469483568075117,0,0.941176470588235,0,0,0,0,1,0,0,0,0,0,0,0,0,0,0,1,0,0,0,0,0,0,1,0,0,0,0.0015625,0,0,0,0,1,0,0,0,0,0,0,0,0,0,0,0,0,0.00308166409861325,0,0,0,0,0,0,0,0,0,0,0,0,1,0,0,0,1,0,0.990491283676704,0,0,0,0.996870109546166,0.00618238021638331,0,0,0,0,0,0,0,0,1,0,0,0,0,0,0,0,0.998432601880878,0,0,0,0,0,0.00313479623824451,0,0.00964630225080386,0.9953125,0,0,0,1,0,0,0,0,0,1,1,0,0,1,0,0.992199687987519,1,1,0,1,0,0.00155038759689922,0.00306278713629403,0,1,1,0,0,0,0,0.998417721518987,0.0153374233128834,0,0,0,0,1,0,0,0,0,1,0,0,0,0.00153139356814701,1,0,0,0,1,0,0,0,0,0,0,0,0,0,0,0.00159489633173844,0,0.990521327014218,0,0,0,0,0.0107692307692308,1,0,0.0015748031496063,0,0,0,0,0,0,0,0,0,1,0,0,0,0.00159235668789809,0,0,0,0,0,0,0,0,0,0.00916030534351145,1,1,0,0,0,0,0,0,0,0,0.0121580547112462,1,0,0.0109034267912773,0,0,1,0,0,0,0,0,0,0,0,0,0,0,0,0.0111642743221691,0.0279937791601866,0,0,0.992424242424242,0,0,0,0,0,0,0,0.773556231003039,0,1,0,0,0,0,1,0,0,0,0,0,0,1,1,0,0,0,1,0,0,0.575342465753425,0,0,0.0062015503875969,0,0,0,1,0,0,0,0.00152671755725191,0,0,0.990769230769231,0,0,1,0.0015015015015015,0,0,0,1,0.992272024729521,0,0,0,0,0.989280245022971,0.998387096774194,0,0,0,0,0,0,0,0,0.00320512820512821,0,0,0.998456790123457,0,1,0,0.162974683544304,0,0,0,1,0,0,0,1,0,1,0,0,1,0.0138674884437596,0,0,0,0,1,0,0,1,0,0,0,0,0,0,0.00313479623824451,0,1,0,0.983024691358025,0.0122137404580153,0,0,0,0,0,0.912442396313364,0,0,0,0,0,0,0,1,1,0,1,0,1,0,0,0,0,0,0.998452012383901,0,0,0,0,0,0,0,0,0,0,0,0,0,0,1,0,0.0125786163522013,0,0.0262751159196291,0,0,0.00303490136570561,0,0.00159744408945687,0,0,0,0,0,0,0,0,0.00154798761609907,0.98780487804878,0,0,1,0,1,0,1,0,0,0,0,0,0.00156739811912226,0,0.0125195618153365,1,1,0,0,0,1,1,0,0,0,1,0,1,0,0,0.0348101265822785,0,1,0,0,0,0,0,0,0,0.903125,0,1,0,0.993817619783617,0,0,0.377151799687011,1,1,0.00155763239875389,0,0.00610687022900763,0,0,0,0,0,1,0,0,1,0,0,0,0.958904109589041,0,0,0,0,0,0,0,0,0,1,0,0,0.996875,1,0,1,0,0,0,0,0,0.00312989045383412,0,0,0.952453987730061,0,0.902208201892745,0.972350230414747,1,0.165634674922601,0,0,0.00453172205438067,0,0.949526813880126,0.943683409436834,0,0.975193798449612,0.992063492063492,0.945038167938931,0.969135802469136,0.942812982998454,0,0.964777947932619,0,0,0.952830188679245,0,0.927051671732523,0,0.0559875583203732,0,0
"791",0.980327868852459,0.983922829581994,0.950479233226837,0.918433931484502,0.968903436988543,0.988654781199352,0.874193548387097,0.955484896661367,0.985826771653543,0,0.987179487179487,0,0.5814696485623,0.985413290113452,0.0542264752791069,0.0237717908082409,0,0.0162866449511401,0.98531810766721,0.968503937007874,0.158982511923688,0.0373983739837398,0.985714285714286,0,0.942492012779553,0.256410256410256,0.116987179487179,0.973856209150327,0.477379095163807,0.6704,0.0124804992199688,0.685805422647528,0.749185667752443,0.294975688816856,0,0.985576923076923,0.0189873417721519,0.990536277602524,0.279320987654321,0.910658307210031,0.00161290322580645,0.0158730158730159,0.0078125,0.988524590163934,0.783606557377049,0.0358890701468189,0.510433386837881,0.0128205128205128,0.46749226006192,0.145996860282575,0,0.982229402261712,0.267090620031797,0.982286634460548,0.867430441898527,0.183006535947712,0,0.995137763371151,0.939778129952456,0.886255924170616,0.298869143780291,0.44620253164557,0.0146341463414634,0,0.895522388059702,0.815286624203822,0,0.977635782747604,0,0.0143540669856459,0.834123222748815,0.0159744408945687,0.0380952380952381,0.9875,0,0.712933753943218,0.0573248407643312,0.562401263823065,0.879478827361563,0.279661016949153,0,0.7140625,0.208978328173375,0.981337480559876,0.1256038647343,0.89589905362776,0.97933227344992,0.955271565495208,0.949764521193093,0.0126984126984127,0.977309562398703,0.984301412872841,0,0,0.959481361426256,0,0.305246422893482,0.972886762360447,0.00789889415481832,0.00961538461538462,0.610675039246468,0,0.286173633440514,0.983922829581994,0.113385826771654,0.985436893203884,0.0112721417069243,0.959935897435897,0.0130293159609121,0.0226171243941842,0.0191387559808612,0.882447665056361,0.341423948220065,0.976,0,0.968553459119497,0.708064516129032,0,0.0160513643659711,0.246753246753247,0,0.755591054313099,0.251993620414673,0.0852459016393443,0.956239870340357,0.162420382165605,0.984227129337539,0.979133226324238,0,0.547504025764895,0.92604501607717,0.499176276771005,0.975247524752475,0,0.981937602627258,0.0348101265822785,0,0.215210355987055,0.621533442088091,0.513911620294599,0,0,0.964630225080386,0.764423076923077,0.168333333333333,0.988617886178862,0.0206022187004754,0.906645569620253,0.419141914191419,0.9664,0.144480519480519,0.964630225080386,0.987117552334944,0.833597464342314,0.982315112540193,0.0142857142857143,0.985530546623794,0.0143769968051118,0,0.735483870967742,0.85625,0.988853503184713,0.025,0,0.982892690513219,0.444983818770227,0.988467874794069,0.987381703470032,0.985781990521327,0.29874213836478,0.957142857142857,0.0158227848101266,0.933544303797468,0.0170807453416149,0.874183006535948,0.363636363636364,0,0.971246006389776,0,0.860128617363344,0.985530546623794,0.138933764135703,0.97411003236246,0.9359375,0.984399375975039,0.963141025641026,0.114516129032258,0.38785046728972,0.90625,0.929967426710098,0.0620031796502385,0.018957345971564,0.965403624382208,0.844551282051282,0,0,0.307692307692308,0.00159235668789809,0.9859375,0.276295133437991,0.857374392220421,0.75,0.972179289026275,0.436102236421725,0.436102236421725,0.284539473684211,0.920127795527157,0.951377633711507,0.863924050632911,0,0.871428571428571,0.183606557377049,0.928104575163399,0.0157977883096366,0.0790697674418605,0.532051282051282,0.968304278922345,0.960691823899371,0.807383627608347,0.984202211690363,0.882447665056361,0,0.0782472613458529,0.66510172143975,0.983739837398374,0,0.9875,0.967084639498433,0.538095238095238,0.55111821086262,0.990369181380417,0.991735537190083,0.371382636655949,0,0.868131868131868,0.531502423263328,0.953947368421053,0.0143769968051118,0.953198127925117,0.982229402261712,0.984101748807631,0.944715447154472,0.538950715421304,0.0162337662337662,0.953451043338684,0.542319749216301,0.0187207488299532,0.0110236220472441,0.213483146067416,0.0146341463414634,0.164516129032258,0.659842519685039,0.0112,0.0126182965299685,0.0192307692307692,0.591263650546022,0.0490998363338789,0.972536348949919,0.0130081300813008,0.00961538461538462,0,0.239273927392739,0.983739837398374,0.962540716612378,0.878205128205128,0,0.854757929883139,0.851500789889415,0.687301587301587,0.603174603174603,0.468292682926829,0.463768115942029,0.0126382306477093,0.983606557377049,0.111111111111111,0.696869851729819,0.945072697899838,0.0253565768621236,0.731746031746032,0.0160771704180064,0.127214170692432,0.989230769230769,0.98671096345515,0.871335504885994,0,0.643769968051118,0.8736,0,0.0142857142857143,0.882352941176471,0.958333333333333,0,0.017515923566879,0.0156739811912226,0.965630114566285,0.864734299516908,0.0132669983416252,0,0.386687797147385,0.973898858075041,0.782131661442006,0.408517350157729,0.646481178396072,0.946957878315133,0.0224358974358974,0.9875,0.984,0.0224358974358974,0.963665086887836,0.990306946688207,0.99021207177814,0.982511923688394,0.205501618122977,0.308661417322835,0.279935275080906,0.96198347107438,0.927152317880795,0.0536277602523659,0.275080906148867,0.958266452648475,0.169354838709677,0.309815950920245,0.980769230769231,0.987158908507223,0.950871632329635,0.695222405271829,0.9828125,0.256410256410256,0.948031496062992,0.988543371522095,0,0.322884012539185,0.545454545454545,0.031496062992126,0.0572337042925278,0.0205371248025276,0.902362204724409,0.0403225806451613,0.0141732283464567,0,0.249190938511327,0.974068071312804,0.0832,0.965403624382208,0.9504,0.973101265822785,0.292880258899676,0.295190713101161,0.6608,0.462686567164179,0,0.814696485623003,0.0280373831775701,0.0542264752791069,0.20820189274448,0.983870967741935,0.01743264659271,0,0.326433121019108,0.0303030303030303,0.037037037037037,0.479871175523349,0.98705501618123,0.286885245901639,0.985,0.980982567353407,0,0.978260869565217,0.0157728706624606,0.988906497622821,0.832807570977918,0.986798679867987,0.0272435897435897,0.988993710691824,0.0144,0.890850722311397,0.705400981996727,0.93563579277865,0.966824644549763,0.985507246376812,0.293075684380032,0.954911433172303,0.982758620689655,0.0157232704402516,0.037914691943128,0.983870967741935,0.984350547730829,0.329581993569132,0.884984025559105,0.950248756218905,0.9504,0.988835725677831,0,0.12012987012987,0.988817891373802,0.01743264659271,0,0.948136142625608,0.0115131578947368,0.0554649265905383,0.988924050632911,0.952380952380952,0.00486223662884927,0.619582664526485,0.410048622366288,0.967793880837359,0.014446227929374,0.869983948635634,0.983633387888707,0.383147853736089,0.598101265822785,0.780487804878049,0,0.1669341894061,0.95253682487725,0.980922098569157,0.440842787682334,0.98740157480315,0.971380471380471,0.0368589743589744,0.00161290322580645,0.971061093247588,0.990491283676704,0.937096774193548,0.677115987460815,0.0228384991843393,0.847540983606557,0.251582278481013,0.177474402730375,0.00783699059561128,0.611382113821138,0.590982286634461,0.613418530351438,0,0.298187808896211,0.894060995184591,0.624803767660911,0.528571428571429,0.0869565217391304,0,0,0.984662576687117,0.984423676012461,0,0.915873015873016,0.0130293159609121,0,0,0.98694942903752,0,0.985270049099836,0.761075949367089,0.524332810047096,0.988976377952756,0,0,0.983922829581994,0.948916408668731,0.708133971291866,0.0126782884310618,0.00328407224958949,0.861417322834646,0.6,0.983974358974359,0.514469453376206,0.347967479674797,0,0.968404423380727,0.0147299509001637,0.936708860759494,0.0974025974025974,0,0.0203125,0.13474025974026,0.486577181208054,0.960505529225908,0,0.938679245283019,0.960443037974684,0.985804416403785,0,0.0880913539967374,0.945762711864407,0.0180623973727422,0.984101748807631,0.985849056603774,0.0253565768621236,0.985714285714286,0.296178343949045,0.7904,0.023961661341853,0.180781758957655,0.953376205787781,0.0112,0.0128410914927769,0.957142857142857,0.0229132569558101,0.662847790507365,0.398713826366559,0,0.125195618153365,0.735880398671096,0.269230769230769,0.958664546899841,0.0161030595813204,0.156494522691706,0.457429048414023,0.930379746835443,0.868878357030016,0.954471544715447,0.742998352553542,0,0.966981132075472,0.0174880763116057,0.975728155339806,0.385365853658537,0.0152905198776758,0.984126984126984,0.985483870967742,0.987034035656402,0.63258785942492,0.970172684458399,0.142857142857143,0.197712418300654,0.932069510268562,0.862179487179487,0,0,0.975688816855754,0.914893617021277,0.0274636510500808,0.973640856672158,0.9776,0.372424722662441,0.90671031096563,0.712887438825449,0.875786163522013,0,0.951298701298701,0.336012861736334,0.983974358974359,0.983792544570502,0,0.639871382636656,0.955954323001631,0.0144230769230769,0.668276972624799,0.3879173290938,0.78858024691358,0.686885245901639,0.948757763975155,0.0950155763239875,0.970779220779221,0.985714285714286,0.968051118210863,0.301666666666667,0.1056,0.97411003236246,0.987281399046105,0.00798722044728434,0.777251184834123,0.455555555555556,0.274038461538462,0.75594294770206,0.988906497622821,0.872611464968153,0.984025559105431,0.1248,0.0132890365448505,0,0.8016,0.0180032733224223,0.0128410914927769,0.285488958990536,0,0.97427652733119,0.906103286384977,0.988782051282051,0.982649842271293,0.0987261146496815,0.016,0,0,0.179276315789474,0.092948717948718,0.166666666666667,0,0.0111642743221691,0.984076433121019,0.0157232704402516,0.307443365695793,0.988709677419355,0.578099838969404,0.964343598055105,0.644444444444444,0.639751552795031,0,0.984662576687117,0.394736842105263,0.5,0.903276131045242,0.971786833855799,0.384370015948963,0.0111821086261981,0.931089743589744,0.936728395061728,0,0.948678071539658,0.0318471337579618,0.970247933884298,0.446345256609642,0,0.0111821086261981,0.509274873524452,0.824193548387097,0.0142857142857143,0.146864686468647,0.0145631067961165,0.00166112956810631,0.744945567651633,0.0403225806451613,0.98330550918197,0.32755905511811,0.979365079365079,0.0125786163522013,0.3872,0.333878887070376,0.850649350649351,0.111842105263158,0.0126582278481013,0.00321543408360129,0.0506535947712418,0,0.984375,0.0477759472817133,0.961180124223602,0.0146818923327896,0.983792544570502,0,0.525984251968504,0.47258064516129,0.987138263665595,0,0.989045383411581,0,0.406862745098039,0.974643423137876,0,0.644549763033175,0.969055374592834,0.732171156893819,0.932258064516129,0.0467289719626168,0,0.987341772151899,0.28130081300813,0,0.690590111642743,0.012326656394453,0.0299212598425197,0.983633387888707,0.985221674876847,0.976190476190476,0.957585644371941,0.965573770491803,0,0.967897271268058,0.0254372019077901,0.357366771159875,0.299050632911392,0.979527559055118,0.9792,0.993640699523052,0.982594936708861,0.0537974683544304,0.0302066772655008,0.966722129783694,0.94408945686901,0.706161137440758,0.966666666666667,0.987301587301587,0.962145110410095,0,0,0.992211838006231,0,0.0779014308426073,0,0.93900481540931,0.288052373158756,0.226973684210526,0.12755905511811,0.911433172302738,0,0.126984126984127,0.985736925515055,0.987460815047022,0.62962962962963,0.408882082695253,0.211981566820276,0.192846034214619,0.640322580645161,0.0111642743221691,0.128205128205128,0.537974683544304,0.271860095389507,0.689763779527559,0.0206677265500795,0,0.0095389507154213,0.323101777059774,0.986644407345576,0.621283255086072,0.229007633587786,0.606687898089172,0.861417322834646,0.990697674418605,0.940298507462687,0.96523178807947,0.986970684039088,0.983739837398374,0.550239234449761,0.423380726698262,0.988709677419355,0.0199386503067485,0.0235849056603774,0.859872611464968,0.0126382306477093,0.984051036682616,0.976114649681529,0,0.125611745513866,0,0.93431855500821,0,0.959612277867528,0.988727858293076,0.0236220472440945,0.818035426731079,0.984350547730829,0.652597402597403,0.610410094637224,0.862903225806452,0,0,0.920265780730897,0.921898928024502,0.971473851030111,0,0,0.0165562913907285,0.24405705229794,0.503961965134707,0,0.462279293739968,0,0.904065040650406,0.983792544570502,0.162640901771337,0.22848200312989,0,0.351612903225806,0.578947368421053,0.869218500797448,0.950078003120125,0.761146496815287,0.0126582278481013,0.97029702970297,0.0145867098865478,0.988673139158576,0,0.968203497615262,0.00963081861958266,0.985413290113452,0.0319488817891374,0.016025641025641,0,0,0.818897637795276,0.923076923076923,0.916403785488959,0.710280373831776,0.0374414976599064,0.0225442834138486,0.807631160572337,0.81651376146789,0,0.0260162601626016,0.95024077046549,0,1,0.937996820349762,0.0802568218298555,0.0455974842767296,0.0191387559808612,0.986003110419907,0.47172859450727,0.0850722311396469,0.10655737704918,0.132701421800948,0.675986842105263,0.108150470219436,0.987158908507223,0,0.755301794453507,0.970219435736677,0.00488599348534202,0,0.0107692307692308,0,0.016025641025641,0.987421383647799,0.692058346839546,0.0145631067961165,0.0162337662337662,0.53476821192053,0.933977455716586,0.441082802547771,0.0500782472613459,0.0130505709624796,0.0581395348837209,0.0191082802547771,0,0.0368589743589744,0.0187207488299532,0.0179738562091503,0.0251572327044025,0.0127591706539075,0.0528,0.0617088607594937,0.0225442834138486,0.0210355987055016,0.00483091787439614,0.0286168521462639,0.0252764612954186,0.0650793650793651,0.0192616372391653,0.0223642172523962,0.0162074554294976,0.0144927536231884,0.0446280991735537,0.0177705977382876,0.021875,0.0127186009538951,0.0476947535771065,0.0171339563862928,0.0144230769230769
"792",0.954898911353033,0.954682779456193,0.98780487804878,0.948837209302326,0.966981132075472,0.960443037974684,0.921752738654147,0.969135802469136,0.952023988005997,0,0.956521739130435,0,0.590769230769231,0.9546875,0.0884146341463415,0.0531914893617021,0,0.0122887864823349,0.95859872611465,0.944099378881988,0.200312989045383,0.0749601275917065,0.943511450381679,0,0.923076923076923,0.294392523364486,0.15015479876161,0.952978056426332,0.493087557603687,0.720247295208655,0.0455927051671733,0.708333333333333,0.795348837209302,0.328660436137072,0,0.958139534883721,0.013595166163142,0.947932618683001,0.308823529411765,0.885196374622356,0.00156494522691706,0.0136157337367625,0.00306748466257669,0.952904238618524,0.804724409448819,0.065625,0.525581395348837,0.0386398763523957,0.49923896499239,0.180327868852459,0,0.955315870570108,0.300613496932515,0.952086553323029,0.910077519379845,0.191153238546603,0,0.925867507886435,0.961948249619482,0.898484848484848,0.327217125382263,0.452887537993921,0.0432098765432099,0,0.873217115689382,0.82542113323124,0,0.9484375,0,0.0347003154574132,0.835889570552147,0.0492307692307692,0.0619195046439628,0.958904109589041,0,0.729198184568835,0.0842105263157895,0.594470046082949,0.924170616113744,0.306946688206785,0,0.735562310030395,0.257186081694402,0.952887537993921,0.159817351598174,0.936170212765957,0.955246913580247,0.960061443932412,0.932824427480916,0.00916030534351145,0.951638065522621,0.94969512195122,0,0,0.943307086614173,0,0.32572298325723,0.94435857805255,0.00769230769230769,0.00770416024653313,0.649769585253456,0,0.332273449920509,0.958139534883721,0.143504531722054,0.957210776545166,0.00770416024653313,0.975232198142415,0.0399385560675883,0.0512422360248447,0.048062015503876,0.934065934065934,0.357698289269051,0.950387596899225,0,0.967741935483871,0.729938271604938,0,0.0443425076452599,0.265243902439024,0,0.791021671826625,0.287925696594427,0.115987460815047,0.954407294832827,0.187116564417178,0.953242835595777,0.958461538461538,0,0.58678955453149,0.953488372093023,0.50788643533123,0.949764521193093,0,0.955696202531646,0.0577507598784195,0,0.262243285939968,0.628930817610063,0.555379746835443,0,0,0.961832061068702,0.761978361669243,0.214516129032258,0.953703703703704,0.0446841294298921,0.947530864197531,0.429457364341085,0.980243161094225,0.169036334913112,0.953775038520801,0.956043956043956,0.840735068912711,0.955792682926829,0.0345911949685535,0.955725190839695,0.0454545454545455,0,0.743348982785602,0.900452488687783,0.945288753799392,0.0657492354740061,0,0.953313253012048,0.496815286624204,0.953748006379585,0.9558599695586,0.957446808510638,0.309774436090226,0.961597542242704,0.046583850931677,0.9375,0.0476190476190476,0.927444794952681,0.4,0,0.947692307692308,0,0.835384615384615,0.952743902439024,0.170245398773006,0.955521472392638,0.917431192660551,0.949479940564636,0.936073059360731,0.130769230769231,0.409638554216867,0.925278219395866,0.933753943217666,0.095679012345679,0.0496124031007752,0.966719492868463,0.886676875957121,0,0,0.341692789968652,0.0015527950310559,0.953030303030303,0.294561933534743,0.903726708074534,0.74884437596302,0.967791411042945,0.461300309597523,0.464396284829721,0.3198127925117,0.902208201892745,0.930015552099533,0.901365705614568,0,0.875,0.220496894409938,0.933539412673879,0.0446841294298921,0.115501519756839,0.568147013782542,0.953488372093023,0.964885496183206,0.855140186915888,0.956923076923077,0.875,0,0.116030534351145,0.680659670164918,0.950078003120125,0,0.947852760736196,0.977544910179641,0.58,0.552036199095023,0.950233281493002,0.95748031496063,0.399068322981366,0,0.913767019667171,0.552099533437014,0.993710691823899,0.0481203007518797,0.944954128440367,0.961059190031153,0.961300309597523,0.923076923076923,0.550151975683891,0.0456692913385827,0.992343032159265,0.541856925418569,0.0491803278688525,0.0449775112443778,0.240944881889764,0.0476923076923077,0.195348837209302,0.719271623672231,0.0447530864197531,0.0501519756838906,0.0539291217257319,0.623318385650224,0.0803149606299213,0.957547169811321,0.00797448165869218,0.0375,0,0.252730109204368,0.961360123647604,0.941538461538462,0.89739663093415,0,0.905362776025237,0.838905775075988,0.703533026113671,0.628125,0.481366459627329,0.459968602825746,0.00917431192660551,0.95125786163522,0.146969696969697,0.721698113207547,0.993836671802773,0.0581929555895865,0.796557120500782,0.0421875,0.156346749226006,0.952959028831563,0.95583596214511,0.920886075949367,0,0.676737160120846,0.909379968203498,0,0.043609022556391,0.920060331825038,0.978294573643411,0,0.0487062404870624,0.0398162327718224,0.964451313755796,0.890995260663507,0.0445151033386327,0,0.413846153846154,0.970172684458399,0.816541353383459,0.419753086419753,0.696540880503145,0.935681470137825,0.0529595015576324,0.955927051671733,0.95679012345679,0.0464396284829721,0.952307692307692,0.958268933539413,0.937007874015748,0.959752321981424,0.210280373831776,0.342024539877301,0.310291858678955,0.971653543307087,0.91304347826087,0.0441400304414003,0.288643533123028,0.970219435736677,0.174114021571649,0.321958456973294,0.969604863221885,0.956181533646322,0.955108359133127,0.703001579778831,0.951293759512938,0.271450858034321,0.990867579908676,0.953125,0,0.354103343465046,0.582159624413146,0.0559006211180124,0.046656298600311,0.0534351145038168,0.885321100917431,0.0604651162790698,0.0414110429447853,0,0.256923076923077,0.957680250783699,0.118012422360248,0.974151857835218,0.99079754601227,0.971608832807571,0.312796208530806,0.328,0.687010954616588,0.465927099841521,0,0.816614420062696,0.0542986425339367,0.0759878419452888,0.251920122887865,0.956318252730109,0.0463678516228748,0,0.361963190184049,0.0508474576271186,0.0641627543035994,0.507739938080495,0.95968992248062,0.311216429699842,0.957210776545166,0.92846034214619,0,0.965925925925926,0.0408472012102874,0.959459459459459,0.819571865443425,0.955342902711324,0.05625,0.94359756097561,0.0445468509984639,0.864906832298137,0.753125,0.913897280966767,0.976923076923077,0.953560371517028,0.315870570107858,0.9265625,0.954614220877458,0.0437405731523379,0.0638629283489097,0.954186413902054,0.956589147286822,0.360429447852761,0.859111791730475,0.932692307692308,0.937878787878788,0.957120980091884,0,0.144654088050314,0.950844854070661,0.0419906687402799,0,0.996850393700787,0.0078125,0.0910518053375196,0.957511380880121,0.992260061919505,0.0046656298600311,0.662015503875969,0.449922958397535,0.964396284829721,0.0394944707740916,0.853810264385692,0.956661316211878,0.403149606299213,0.645259938837921,0.821316614420063,0,0.199081163859112,0.976708074534162,0.959375,0.476708074534161,0.960122699386503,0.940789473684211,0.0703363914373089,0.00152905198776758,0.962006079027356,0.959876543209877,0.941448382126348,0.708649468892261,0.0421875,0.901408450704225,0.267387944358578,0.219512195121951,0.00462962962962963,0.636932707355243,0.607198748043818,0.642967542503864,0,0.312893081761006,0.925696594427245,0.655487804878049,0.543939393939394,0.116766467065868,0,0,0.960468521229868,0.934451219512195,0,0.95565749235474,0.0078125,0,0,0.955108359133127,0,0.96474358974359,0.796324655436447,0.559577677224736,0.953030303030303,0,0,0.958652373660031,0.937219730941704,0.7357910906298,0.0434782608695652,0.00157232704402516,0.909228441754917,0.642201834862385,0.962962962962963,0.548091603053435,0.377535101404056,0,0.94359756097561,0.047244094488189,0.973724884080371,0.116822429906542,0,0.0491071428571429,0.16380655226209,0.494470774091627,0.939346811819596,0,0.966616084977238,0.949308755760369,0.960606060606061,0,0.109204368174727,0.889967637540453,0.048,0.952959028831563,0.95738203957382,0.0488549618320611,0.953416149068323,0.322480620155039,0.847094801223242,0.0513219284603421,0.211930926216641,0.955246913580247,0.00775193798449612,0.043343653250774,0.972519083969466,0.0477707006369427,0.668759811616955,0.426100628930818,0,0.151607963246554,0.761829652996845,0.295558958652374,0.951145038167939,0.0447530864197531,0.178947368421053,0.471153846153846,0.933434190620272,0.896341463414634,0.930817610062893,0.758190327613105,0,0.941717791411043,0.0393939393939394,0.933539412673879,0.430124223602484,0.0438729198184569,0.958904109589041,0.957943925233645,0.955974842767296,0.650231124807396,0.975039001560062,0.177018633540373,0.226209048361934,0.932824427480916,0.908814589665654,0,0,0.957680250783699,0.921383647798742,0.0581761006289308,0.971608832807571,0.961479198767334,0.400921658986175,0.964451313755796,0.74294670846395,0.911808669656203,0,0.950078003120125,0.367851622874807,0.959814528593508,0.955177743431221,0,0.654798761609907,0.989147286821705,0.0477657935285054,0.697965571205008,0.413685847589425,0.795252225519288,0.7217125382263,0.92089552238806,0.115963855421687,0.957345971563981,0.955725190839695,0.974203338391502,0.334913112164297,0.134883720930233,0.95852534562212,0.954128440366973,0.00762195121951219,0.793261868300153,0.471494607087827,0.288135593220339,0.782472613458529,0.954828660436137,0.8703125,0.953775038520801,0.136157337367625,0.0445859872611465,0,0.850234009360374,0.0452418096723869,0.0464396284829721,0.302611367127496,0,0.956656346749226,0.91238670694864,0.961597542242704,0.962006079027356,0.130503144654088,0.0477657935285054,0,0,0.208931419457735,0.116822429906542,0.180124223602484,0,0.0401854714064915,0.95738203957382,0.0239880059970015,0.321259842519685,0.955038759689922,0.629007633587786,0.934579439252336,0.706240487062405,0.677177177177177,0,0.956586826347305,0.418711656441718,0.520569620253165,0.944444444444444,0.964992389649924,0.418711656441718,0.00748502994011976,0.963246554364472,0.961890243902439,0,0.935240963855422,0.0552147239263804,0.961722488038278,0.449768160741886,0,0.00925925925925926,0.556451612903226,0.858490566037736,0.0396946564885496,0.17601246105919,0.00940438871473354,0.00160771704180064,0.746626686656672,0.0535433070866142,0.957723577235772,0.350983358547655,0.965361445783133,0.0438066465256798,0.409160305343511,0.348982785602504,0.891679748822606,0.140350877192982,0.0468277945619335,0.00153846153846154,0.0824261275272162,0,0.956845238095238,0.0653907496012759,0.973094170403587,0.0496124031007752,0.952380952380952,0,0.540540540540541,0.481366459627329,0.951788491446345,0,0.957186544342508,0,0.427892234548336,0.94969512195122,0,0.675716440422323,0.960191082802548,0.751533742331288,0.987441130298273,0.0832072617246596,0,0.954898911353033,0.296998420221169,0,0.704268292682927,0.0390977443609023,0.0616541353383459,0.959501557632399,0.961715160796325,0.951515151515152,0.931570762052877,0.94679186228482,0,0.940275650842266,0.0199692780337942,0.378834355828221,0.320610687022901,0.950693374422188,0.947692307692308,0.950844854070661,0.947209653092006,0.0552147239263804,0.0602782071097372,0.961661341853035,0.938080495356037,0.731523378582202,0.941896024464832,0.958778625954198,1,0,0,0.94289897510981,0,0.105666156202144,0,0.970542635658915,0.305732484076433,0.23961661341853,0.163636363636364,0.897196261682243,0,0.146189735614308,0.955384615384615,0.959627329192547,0.680685358255452,0.454545454545455,0.259796806966618,0.211394302848576,0.647515527950311,0.0384615384615385,0.161442006269592,0.580093312597201,0.284375,0.726574500768049,0.0552995391705069,0,0.0405616224648986,0.345911949685535,0.955766192733017,0.656923076923077,0.269746646795827,0.640122511485452,0.90519877675841,0.940998487140696,0.9472,0.950387596899225,0.96474358974359,0.953525641025641,0.576982892690513,0.442748091603053,0.955038759689922,0.0455882352941176,0.055472263868066,0.904173106646059,0.00909090909090909,0.957767722473605,0.934049079754601,0,0.152037617554859,0,0.945205479452055,0,0.951293759512938,0.953846153846154,0.0427480916030534,0.862928348909657,0.950844854070661,0.687010954616588,0.666666666666667,0.907407407407407,0,0,0.928687196110211,0.976225854383358,0.970903522205207,0,0,0.0427892234548336,0.261398176291793,0.51702786377709,0,0.482334869431644,0,0.918622848200313,0.951104100946372,0.196567862714509,0.285714285714286,0,0.376377952755906,0.589861751152074,0.85099846390169,0.995461422087746,0.808936825885978,0.040625,0.973101265822785,0.0138248847926267,0.951104100946372,0,0.971428571428571,0.00622083981337481,0.957074721780604,0.0590979782270607,0.0375586854460094,0,0,0.850381679389313,0.897356143079316,0.952959028831563,0.721385542168675,0.0723981900452489,0.05103668261563,0.832550860719875,0.815315315315315,0,0.0534351145038168,0.925581395348837,0,0.937996820349762,1,0.104134762633997,0.039453717754173,0.0416666666666667,0.957511380880121,0.4859375,0.109204368174727,0.133122028526149,0.155725190839695,0.711180124223602,0.138719512195122,0.958204334365325,0,0.76875,0.940729483282675,0.0015527950310559,0,0.0520059435364042,0,0.0464396284829721,0.955315870570108,0.717011128775835,0.0451010886469673,0.0470957613814757,0.585826771653543,0.9671875,0.463414634146341,0.0514372163388805,0.0444444444444444,0.0617088607594937,0.0168970814132104,0,0.0618238021638331,0.052790346907994,0.0436817472698908,0.0637329286798179,0.0376506024096386,0.0470219435736677,0.0580152671755725,0.0562310030395137,0.0171339563862928,0.00475435816164818,0.0246913580246914,0.0214395099540582,0.055045871559633,0.053680981595092,0.0183206106870229,0.037914691943128,0.0543478260869565,0.0431432973805855,0.0475460122699387,0.0211480362537764,0.0447530864197531,0.0713201820940819,0.0481927710843374,0.0477657935285054
"793",0.0613207547169811,0.0607476635514019,0.0828220858895705,0.123397435897436,0.0758064516129032,0.0559105431309904,0.151181102362205,0.0879120879120879,0.0626911314984709,0,0.0635658914728682,0,0.477379095163807,0.0569620253164557,0.904538341158059,0.930015552099533,0,0.00158982511923688,0.0664556962025316,0.078125,0.81832298136646,0.905996758508914,0.0782472613458529,0,0.111627906976744,0.761526232114467,0.880989180834621,0.0548387096774194,0.563636363636364,0.368421052631579,0.929121725731895,0.367762128325509,0.290015847860539,0.749608763693271,0,0.0580847723704867,0.00772797527047913,0.062015503875969,0.751131221719457,0.157164869029276,0,0,0,0.0642633228840125,0.277955271565495,0.924764890282132,0.54416403785489,0.941176470588235,0.558599695585997,0.836336336336336,0,0.0685358255451713,0.716981132075472,0.062111801242236,0.154818325434439,0.841935483870968,0,0.0922098569157393,0.0906298003072197,0.160883280757098,0.774494556765163,0.595015576323987,0.937597503900156,0,0.152487961476726,0.241112828438949,0,0.0748829953198128,0,0.931962025316456,0.213740458015267,0.933858267716535,0.962382445141066,0.0638629283489097,0,0.348228043143297,0.910631741140216,0.487616099071207,0.160453808752026,0.752883031301483,0,0.354838709677419,0.773556231003039,0.0581039755351682,0.869767441860465,0.140243902439024,0.0631741140215717,0.0872274143302181,0.100609756097561,0,0.0669856459330144,0.0634674922600619,0,0,0.0936507936507937,0,0.692546583850932,0.0841121495327103,0,0,0.42246835443038,0,0.722135007849294,0.0649762282091918,0.879336349924585,0.0636215334420881,0,0.078125,0.942947702060222,0.943307086614173,0.930232558139535,0.138314785373609,0.694006309148265,0.0777604976671851,0,0.0762052877138414,0.3578125,0,0.934272300469484,0.8125,0,0.29595015576324,0.760697305863708,0.925039872408293,0.089922480620155,0.830482115085537,0.0702290076335878,0.062111801242236,0,0.502340093603744,0.119496855345912,0.549520766773163,0.0733652312599681,0,0.0665610142630745,0.922360248447205,0,0.783359497645212,0.435126582278481,0.51207729468599,0,0,0.0865533230293663,0.31832298136646,0.801932367149758,0.0634920634920635,0.924382716049383,0.140822784810127,0.608763693270736,0.0786686838124055,0.839486356340289,0.0796875,0.0697305863708399,0.227906976744186,0.0612244897959184,0.940157480314961,0.0623052959501558,0.943037974683544,0,0.313880126182965,0.183076923076923,0.0740740740740741,0.924148606811146,0,0.0549618320610687,0.5728,0.0680713128038898,0.0709876543209877,0.0636645962732919,0.729938271604938,0.0858034321372855,0.9359375,0.112480739599384,0.942598187311178,0.161189358372457,0.665625,0,0.0815384615384615,0,0.218266253869969,0.0655226209048362,0.850722311396469,0.0766823161189358,0.117004680187207,0.0674662668665667,0.0925925925925926,0.896389324960754,0.647951441578149,0.152139461172742,0.125996810207337,0.897515527950311,0.929121725731895,0.0834670947030498,0.174183514774495,0,0,0.722397476340694,0,0.0602782071097372,0.757341576506955,0.1734375,0.312597200622084,0.0790273556231003,0.601895734597156,0.603100775193798,0.719685039370079,0.13166144200627,0.0970266040688576,0.174311926605505,0,0.177469135802469,0.822866344605475,0.11214953271028,0.938679245283019,0.884080370942813,0.506976744186047,0.0804953560371517,0.0830769230769231,0.243285939968404,0.0625,0.1859375,0,0.89375,0.406832298136646,0.0681458003169572,0,0.071097372488408,0.0777439024390244,0.482866043613707,0.4765625,0.0633693972179289,0.0585365853658537,0.633802816901408,0,0.157733537519142,0.520249221183801,0.0852090032154341,0.940993788819876,0.0971168437025797,0.0582677165354331,0.0672926447574335,0.108150470219436,0.509146341463415,0.939157566302652,0.0927672955974843,0.511664074650078,0.931993817619784,0.936267071320182,0.77373417721519,0.938080495356037,0.816037735849057,0.374810318664643,0.934375,0.933539412673879,0.934681181959565,0.455521472392638,0.903225806451613,0.0757097791798107,0,0.933649289099526,0,0.767295597484277,0.0645669291338583,0.0832049306625578,0.1671826625387,0,0.175438596491228,0.195454545454545,0.378164556962025,0.454828660436137,0.575235109717868,0.575949367088608,0,0.0678233438485804,0.875786163522013,0.363782051282051,0.0933544303797468,0.923076923076923,0.321316614420063,0.936236391912908,0.842679127725857,0.0605143721633888,0.0565428109854604,0.147249190938511,0,0.406106870229008,0.148031496062992,0,0.930015552099533,0.144171779141104,0.0832025117739403,0,0.939346811819596,0.93343653250774,0.090032154340836,0.179365079365079,0.940514469453376,0,0.622670807453416,0.080952380952381,0.267884322678843,0.633228840125392,0.409235668789809,0.0932721712538226,0.931464174454829,0.0679012345679012,0.0618238021638331,0.929797191887676,0.100308641975309,0.0670826833073323,0.080824088748019,0.0691823899371069,0.872472783825817,0.68895800933126,0.724031007751938,0.0699523052464229,0.105691056910569,0.0031055900621118,0.780063291139241,0.0729813664596273,0.841614906832298,0.735338345864662,0.0654205607476635,0.0673981191222571,0.095679012345679,0.368589743589744,0.0629800307219662,0.787974683544304,0.0996884735202492,0.0642633228840125,0,0.677811550151976,0.483253588516746,0.934579439252336,0.00462249614791988,0.933846153846154,0.158878504672897,0.925581395348837,0.929906542056075,0,0.833333333333333,0.0631911532385466,0.8875,0.0796747967479675,0.0841269841269841,0.0712025316455696,0.737261146496815,0.720447284345048,0.399375975039002,0.577302631578947,0,0.24483306836248,0.926040061633282,0.903875968992248,0.801223241590214,0.061128526645768,0.93613707165109,0,0.676380368098159,0.935185185185185,0.920634920634921,0.540031397174254,0.0660377358490566,0.748807631160572,0.0625,0.0947867298578199,0,0.0728083209509658,0.935779816513762,0.0625,0.240566037735849,0.0731707317073171,0.922480620155039,0.0858895705521472,0.93730407523511,0.186625194401244,0.352472089314195,0.118098159509202,0.0808709175738725,0.0614173228346457,0.738993710691824,0.0913385826771654,0.0655487804878049,0.940366972477064,0.967340590979782,0.0635930047694754,0.0653188180404355,0.707241910631741,0.181395348837209,0.0887096774193548,0.106870229007634,0.0681114551083591,0,0.872408293460925,0.055205047318612,0.936608557844691,0,0.0875796178343949,0,0.9152,0.0596330275229358,0.080370942812983,0,0.408517350157729,0.625786163522013,0.087378640776699,0.935126582278481,0.194662480376766,0.068362480127186,0.645007923930269,0.441538461538462,0.26984126984127,0,0.832550860719875,0.0714285714285714,0.0727848101265823,0.599374021909233,0.0540958268933539,0.0960264900662252,0.91640866873065,0,0.0677966101694915,0.0581761006289308,0.113671274961598,0.382945736434109,0.930817610062893,0.180379746835443,0.799687010954617,0.794019933554817,0,0.441640378548896,0.458461538461538,0.440494590417311,0,0.733226837060703,0.146645865834633,0.425233644859813,0.536585365853659,0.888059701492537,0,0,0.0610119047619048,0.0924499229583975,0,0.13125,0,0,0,0.0533751962323391,0,0.0717703349282297,0.277258566978193,0.500763358778626,0.0532724505327245,0,0,0.0682170542635659,0.0977099236641221,0.343653250773994,0.938837920489297,0,0.159754224270353,0.451313755795981,0.0654205607476635,0.531587057010786,0.678343949044586,0,0.0729813664596273,0.939297124600639,0.106918238993711,0.87741935483871,0,0.920731707317073,0.872,0.583196046128501,0.0882352941176471,0,0.109756097560976,0.080188679245283,0.0634674922600619,0,0.92018779342723,0.12876254180602,0.937806873977087,0.062111801242236,0.0703363914373089,0.933333333333333,0.058641975308642,0.719435736677116,0.271293375394322,0.924265842349305,0.831189710610932,0.0975232198142415,0,0.938582677165354,0.0913312693498452,0.924920127795527,0.403536977491961,0.625592417061611,0,0.847352024922118,0.318037974683544,0.757009345794392,0.0876923076923077,0.939873417721519,0.856925418569254,0.584564860426929,0.110773899848255,0.17530487804878,0.0941915227629513,0.3312,0,0.0801232665639445,0.933641975308642,0.0909090909090909,0.637096774193548,0.945371775417299,0.0667701863354037,0.0572337042925278,0.0534591194968553,0.430359937402191,0.0737833594976452,0.855345911949686,0.807266982622433,0.112852664576803,0.161949685534591,0,0,0.0723472668810289,0.138755980861244,0.934609250398724,0.0780254777070064,0.0668740279937792,0.664586583463339,0.129186602870813,0.32753164556962,0.146189735614308,0,0.0869565217391304,0.663522012578616,0.0669781931464174,0.071097372488408,0,0.417721518987342,0.0910543130990415,0.937996820349762,0.385714285714286,0.661466458658346,0.265460030165913,0.37245696400626,0.108270676691729,0.867669172932331,0.0740740740740741,0.0569620253164557,0.0822981366459627,0.702875399361022,0.844236760124611,0.0700934579439252,0.0653188180404355,0,0.273716951788491,0.614329268292683,0.762128325508607,0.292569659442724,0.065625,0.174726989079563,0.0658307210031348,0.113671274961598,0.934817170111288,0,0.245341614906832,0.938388625592417,0.93953488372093,0.747678018575851,0,0.0762052877138414,0.152173913043478,0.0580847723704867,0.0677966101694915,0.864906832298137,0.943127962085308,0,0,0.822866344605475,0.909233176838811,0.8234375,0,0.928682170542636,0.0573643410852713,0.389230769230769,0.71585557299843,0.0598425196850394,0.443057722308892,0.100158982511924,0.398753894080997,0.402457757296467,0,0.0625,0.638668779714738,0.54416403785489,0.124054462934947,0.0756172839506173,0.624420401854714,0,0.104199066874028,0.102134146341463,0,0.101361573373676,0.929797191887676,0.07085346215781,0.591263650546022,0,0,0.527868852459016,0.232854864433812,0.937888198757764,0.84310618066561,0,0,0.311077389984825,0.917329093799682,0.0587275693311582,0.707055214723926,0.0658499234303216,0.934250764525994,0.666666666666667,0.70429252782194,0.194888178913738,0.858306188925081,0.924731182795699,0,0.924290220820189,0,0.0653495440729483,0.755627009646302,0.0617469879518072,0.933544303797468,0.0610328638497653,0,0.506828528072838,0.56031746031746,0.061128526645768,0,0.0597243491577335,0,0.639553429027113,0.0713201820940819,0,0.388802488335925,0.080952380952381,0.324451410658307,0.118210862619808,0.911450381679389,0,0.0609375,0.767036450079239,0,0.383177570093458,0.93455098934551,0.925531914893617,0.0635930047694754,0.0623052959501558,0.0706605222734255,0.0886075949367089,0.0799373040752351,0,0.08125,0.00154320987654321,0.650231124807396,0.7425431711146,0.0625954198473282,0.0714285714285714,0.0647149460708783,0.0729813664596273,0.0282131661442006,0.932389937106918,0.0786516853932584,0.0995334370139969,0.342024539877301,0.0811232449297972,0.0612244897959184,0.0890625,0,0,0.0769230769230769,0,0.891975308641975,0,0.106918238993711,0.75,0.80188679245283,0.844854070660522,0.143974960876369,0.00157977883096367,0.865625,0.0555555555555556,0.0610328638497653,0.4078125,0.617339312406577,0.771173848439822,0.809815950920245,0.414556962025316,0.942073170731707,0.843014128728414,0.500780031201248,0.786377708978328,0.36085626911315,0.919558359621451,0,0.924764890282132,0.681089743589744,0.0593900481540931,0.381026438569207,0.771739130434783,0.442040185471406,0.172093023255814,0.0704441041347626,0.100478468899522,0.0792393026941363,0.0628019323671498,0.060126582278481,0.5015625,0.612403100775194,0.0558139534883721,0.933534743202417,0.934749620637329,0.190174326465927,0,0.0660522273425499,0.0942812982998454,0,0.850722311396469,0,0.106750392464678,0,0.0847723704866562,0.0727554179566563,0.924731182795699,0.244514106583072,0.060790273556231,0.388888888888889,0.430577223088924,0.162754303599374,0,0,0.132352941176471,0.114925373134328,0.075,0,0,0.941915227629513,0.818456883509834,0.547021943573668,0,0.585516178736518,0,0.142628205128205,0.0569620253164557,0.798722044728435,0.754601226993865,0,0.6992,0.472527472527473,0.196232339089482,0.098310291858679,0.2703125,0.937402190923318,0.0754414125200642,0.0883720930232558,0.0547504025764895,0,0.078907435508346,0,0.0625978090766823,0.933649289099526,0.575320512820513,0,0,0.246105919003115,0.147011308562197,0.106544901065449,0.343653250773994,0.916918429003021,0.932389937106918,0.23208722741433,0.228658536585366,0,0.927444794952681,0.0990566037735849,0,0.0802568218298555,0.104134762633997,1,0.0015527950310559,0.937106918238994,0.0633693972179289,0.569377990430622,0.887147335423197,0.869143780290792,0.853846153846154,0.365231259968102,0.87062404870624,0.0634920634920635,0,0.297770700636943,0.0868217054263566,0,0,0.939024390243902,0,0.935736677115988,0.0729813664596273,0.350245499181669,0.929712460063898,0.949367088607595,0.505582137161085,0.0917721518987342,0.585023400936037,0,0.937096774193548,0.0516962843295638,0.0109717868338558,0,0.752365930599369,0.92824427480916,0.942277691107644,0.927469135802469,0.94435857805255,0.00158227848101266,0.00310077519379845,0.924528301886792,0.00934579439252336,0.00316957210776545,0.0331230283911672,0.00934579439252336,0,0.934579439252336,0.0170278637770898,0.936893203883495,0.930817610062893,0,0.9296875,0.0491551459293395,0.931782945736434,0.87207488299532,0.933130699088146,0.930489731437599
"794",0.0495207667731629,0.0414746543778802,0.0428134556574924,0.0381558028616852,0.0415335463258786,0.0448717948717949,0.0559006211180124,0.0408163265306122,0.0442748091603053,0.9584,0.0485133020344288,0.960505529225908,0.0250783699059561,0.0443740095087163,0.00156494522691706,0,0.952743902439024,0.968652037617555,0.0431309904153355,0.0403100775193798,0.0123076923076923,0,0.0415384615384615,0.956454121306376,0.040625,0.00476190476190476,0.00626959247648903,0.0476947535771065,0.021671826625387,0.0295489891135303,0,0.028125,0.0296411856474259,0.0110062893081761,0.956923076923077,0.0456692913385827,0.947772657450077,0.0427480916030534,0.0104947526236882,0.0428134556574924,0.962145110410095,0.972222222222222,0.969325153374233,0.0423861852433281,0.0308441558441558,0,0.0189274447949527,0,0.0210843373493976,0.00613496932515337,0.951219512195122,0.0427892234548336,0.009375,0.0414746543778802,0.0519685039370079,0.00315955766192733,0.954911433172303,0.0455974842767296,0.043010752688172,0.027906976744186,0.0109375,0.0186915887850467,0,0.957345971563981,0.0336538461538462,0.0326086956521739,0.956112852664577,0.0357698289269051,0.9629057187017,0,0.0338461538461538,0,0,0.0425531914893617,0.956923076923077,0.0273972602739726,0.00152671755725191,0.0200308166409861,0.0322061191626409,0.0115321252059308,0.957613814756672,0.0229709035222052,0.00604229607250755,0.043010752688172,0.0062111801242236,0.0344287949921753,0.0447530864197531,0.0353302611367127,0.0405616224648986,0.966360856269113,0.042654028436019,0.0407523510971787,0.963779527559055,0.955384615384615,0.0411392405063291,0.956318252730109,0.0278207109737249,0.0403100775193798,0.962323390894819,0.966772151898734,0.0375586854460094,0.961300309597523,0.0110759493670886,0.046583850931677,0,0.0421393841166937,0.968553459119497,0.04375,0,0,0,0.0584518167456556,0.0109546165884194,0.0453125,0.958990536277603,0.0465116279069767,0.0250783699059561,0.960365853658537,0,0.0109034267912773,0.952743902439024,0.0248833592534992,0.0123076923076923,0.0032,0.0432098765432099,0.00778816199376947,0.0430769230769231,0.0357142857142857,0.953703703703704,0.0296411856474259,0.0392464678178964,0.0174880763116057,0.0414012738853503,0.967692307692308,0.0386473429951691,0,0.954828660436137,0.0141065830721003,0.0205371248025276,0.0338164251207729,0.954258675078864,0.958925750394945,0.0429447852760736,0.0372670807453416,0.00811688311688312,0.0374414976599064,0,0.0352760736196319,0.0143312101910828,0.0395738203957382,0.00638977635782748,0.0485133020344288,0.0384,0.0326086956521739,0.0419254658385093,0,0.0453834115805947,0,0.955555555555556,0.0304,0.0479134466769706,0.0401854714064915,0,0.964939024390244,0.043343653250774,0.0128617363344051,0.0372771474878444,0.0436817472698908,0.0427480916030534,0.0108359133126935,0.0431432973805855,0,0.0369230769230769,0,0.0438871473354232,0.0061633281972265,0.956112852664577,0.0409448818897638,0.956589147286822,0.0391236306729265,0.0417310664605873,0.0078740157480315,0.0403100775193798,0.0427480916030534,0.0377073906485671,0.0412844036697248,0,0.0137825421133231,0.0349761526232114,0.0321543408360129,0.00157977883096367,0,0.0412044374009509,0.0636645962732919,0.954198473282443,0.953703703703704,0.0142405063291139,0.958990536277603,0.0403100775193798,0.00768049155145929,0.0482315112540193,0.0258751902587519,0.0428790199081164,0.020440251572327,0.0170807453416149,0.015748031496063,0.0388198757763975,0.0440251572327044,0.0398162327718224,0.957878315132605,0.0353302611367127,0.00952380952380952,0.0412044374009509,0,0.00150375939849624,0.0246913580246914,0.0453834115805947,0.0413476263399694,0.0295489891135303,0.0393081761006289,0.0393700787401575,0.9578125,0.0015625,0.0287009063444109,0.0445859872611465,0.954968944099379,0.0411585365853659,0.038109756097561,0.0248447204968944,0.0157728706624606,0.0423861852433281,0.0401284109149278,0.028391167192429,0.961352657004831,0.0508474576271186,0.0158478605388273,0.0340909090909091,0,0.0382262996941896,0.0478468899521531,0.0417310664605873,0.0451010886469673,0.0197869101978691,0,0.0420560747663551,0.0199386503067485,0,0,0.00778816199376947,0,0.0126182965299685,0.0256410256410256,0,0,0,0.0229357798165138,0.0032258064516129,0.0357698289269051,0.973228346456693,0,0.959501557632399,0.0141065830721003,0.0423197492163009,0.0374414976599064,0.0357698289269051,0.959564541213064,0.0335463258785942,0.0384615384615385,0.021875,0.0168711656441718,0.015748031496063,0.017515923566879,0.967741935483871,0.0474683544303797,0.00311526479750779,0.0243111831442464,0.0373250388802488,0,0.0266875981161695,0,0.0046583850931677,0.0422960725075529,0.051948051948052,0.0521327014218009,0.95565749235474,0.0214723926380368,0.0560747663551402,0.961180124223602,0,0.0552995391705069,0.0449612403100775,0.956856702619414,0,0,0.0399361022364217,0.0332278481012658,0,0.956937799043062,0.0248447204968944,0.0408805031446541,0.0337423312883436,0.0124223602484472,0.0188383045525903,0.031055900621118,0,0.0425531914893617,0.0401854714064915,0,0.0390015600624025,0.0416666666666667,0.0446570972886762,0.0419906687402799,0.0062015503875969,0.0152905198776758,0.0141065830721003,0.0447284345047923,0.0323101777059774,0.995356037151703,0.0111464968152866,0.0361067503924647,0.003125,0.0135135135135135,0.0451010886469673,0.0418604651162791,0.0421875,0.0318979266347687,0.0348484848484849,0.009375,0.0430769230769231,0.0425867507886435,0.95583596214511,0.0170015455950541,0.0333863275039746,0,1,0.0015220700152207,0.0325581395348837,0,0,0.958715596330275,0.00930232558139535,0.0455974842767296,0.0046583850931677,0.0449438202247191,0.0421875,0.0386996904024768,0.00950871632329636,0.014308426073132,0.0235478806907378,0.0145631067961165,0.957251908396947,0.0370942812982998,0.00153609831029186,0,0.00773993808049536,0.0441640378548896,0,0.953560371517028,0.0186915887850467,0,0.00316957210776545,0.0187793427230047,0.0465116279069767,0.0108864696734059,0.040650406504065,0.0380348652931854,0.962558502340094,0.0391566265060241,0,0.0412844036697248,0.0309119010819165,0.048,0.00154559505409583,0.0396341463414634,0,0.0421216848673947,0.023696682464455,0.0401234567901235,0.0386398763523957,0.0446153846153846,0.00934579439252336,0.0412044374009509,0.0441400304414003,0,0.00152905198776758,0.0451713395638629,0.035548686244204,0.0107858243451464,0.0386398763523957,0.0500807754442649,0.0309119010819165,0.0449612403100775,0.954258675078864,0.00162337662337662,0.0430769230769231,0,0.959807073954984,0.0409448818897638,0.977491961414791,0,0.0447530864197531,0.0430769230769231,0.971786833855799,0.0358255451713396,0.0109546165884194,0.0440944881889764,0,0.0328125,0.0454545454545455,0.0125984251968504,0.0262345679012346,0.0220820189274448,0.958532695374801,0.0062015503875969,0.0458135860979463,0.0386996904024768,0.00921658986175115,0.0414110429447853,0.0442622950819672,0,0.961479198767334,0.0478395061728395,0.0431432973805855,0.0344827586206897,0.0261538461538462,0,0.0422535211267606,0.00934579439252336,0.0148514851485149,0.969040247678019,0.0286624203821656,0.0251968503937008,0.0296411856474259,0.955453149001536,0.0127388535031847,0.037914691943128,0.0292307692307692,0.0169753086419753,0,0.953846153846154,0.954198473282443,0.0416047548291233,0.0386996904024768,0.957120980091884,0.0357142857142857,0.968051118210863,0.960426179604262,0.95253164556962,0.0479876160990712,0.955453149001536,0.0381558028616852,0.0339506172839506,0.0287009063444109,0.0459418070444104,0.9552,0.956181533646322,0.0421216848673947,0.038109756097561,0.0277349768875193,0,0.96513470681458,0.0579268292682927,0.0246913580246914,0.0440251572327044,0.0152671755725191,0.0156739811912226,0.961059190031153,0.0417956656346749,0,0.0422535211267606,0.004739336492891,0.961890243902439,0.0015220700152207,0.0062992125984252,0.00977198697068404,0.0401234567901235,0.95679012345679,0.0424242424242424,0.0462962962962963,0.0352220520673813,0.959247648902821,0,0.0443349753694581,0.00158982511923688,0.0386398763523957,0.0396341463414634,0,0.0401854714064915,0.0125195618153365,0.0342679127725857,0,0.0112721417069243,0.0396196513470681,0.965408805031447,0,0.0369230769230769,0,0.0267716535433071,0.0250783699059561,0.960426179604262,0.00773993808049536,0.0271132376395534,0.0137404580152672,0.0416024653312789,0,0.00310077519379845,0.017741935483871,0.0354938271604938,0.0335365853658537,0.0423861852433281,0.0332805071315372,0.95968992248062,0.0495356037151703,0,0.0376175548589342,0.01743264659271,0,0.0419906687402799,0.046801872074883,0.0358255451713396,0.0219092331768388,0.0420560747663551,0.00470957613814757,0.00634920634920635,0.046801872074883,0.0532915360501567,0.958397534668721,0.960063897763578,0.043338683788122,0.0333863275039746,0,0.0363924050632911,0.0371517027863777,0.0093167701863354,0.0350877192982456,0.0363349131121643,0.0537634408602151,0.95738203957382,0.0359937402190923,0.0246913580246914,0.04375,0.0390015600624025,0.963470319634703,0.0280811232449298,0.0365079365079365,0,0.026984126984127,0.00783699059561128,0.033033033033033,0.0265625,0.0408472012102874,0.00150602409638554,0.042654028436019,0.0416024653312789,0.0406885758998435,0.0208333333333333,0.0260736196319018,0.0391236306729265,0.032258064516129,0.972222222222222,0.0330708661417323,0.0184899845916795,0.00617283950617284,0.031201248049922,0.0453834115805947,0.0347003154574132,0.0436817472698908,0.754545454545455,0,0.958904109589041,0.0286624203821656,0,0,0.00784929356357928,0.959375,0.04375,0.0324574961360124,0.0372670807453416,0.0460122699386503,0.00155038759689922,0,0.953172205438066,0.961360123647604,0.00625,0.0048,0.0046875,0.952234206471495,0,0.0449612403100775,0.543778801843318,0.010989010989011,0.0396196513470681,0.0327102803738318,0.0445151033386327,0.0276073619631902,0.0215384615384615,0.959938366718028,0.0476900149031297,0.0142405063291139,0.020440251572327,0.0488549618320611,0.0455927051671733,0.0200927357032458,0.959627329192547,0.0391849529780564,0.0422322775263952,0.960244648318043,0.0448430493273543,0,0.0401284109149278,0.0168970814132104,0.965023847376789,0.968798751950078,0.024390243902439,0.0310077519379845,0,0.00157232704402516,0.963893249607535,0.954983922829582,0.0303490136570561,0,0.0456026058631922,0.00923076923076923,0.0415384615384615,0,0.0137825421133231,0.00961538461538462,0.0405844155844156,0.00322061191626409,0,0.96551724137931,0.00158730158730159,0.953416149068323,0.0382262996941896,0.151757188498403,0.0442748091603053,0,0.0400641025641026,0.953560371517028,0.0214723926380368,0.020440251572327,0.0401234567901235,0.960191082802548,0.0436746987951807,0.954545454545455,0.0130081300813008,0.0424886191198786,0.959028831562974,0.0416666666666667,0.0380348652931854,0.031496062992126,0.0333863275039746,0,0.959375,0.0391236306729265,0.00159744408945687,0.954128440366973,0.0259938837920489,0,0.00153846153846154,0.0380348652931854,0.0432,0.0442073170731707,0.0418604651162791,0.0412698412698413,0.961300309597523,0.0403100775193798,0.955108359133127,0.031866464339909,0.00938967136150235,0.0418604651162791,0.0421875,0.0398773006134969,0.0476190476190476,0.888540031397174,0,0.0432692307692308,0.027906976744186,0.0320121951219512,0.0435458786936236,0.0385208012326656,0.0452418096723869,0.952887537993921,0.953488372093023,0.0436746987951807,0.961597542242704,0.00153374233128834,0.963375796178344,0.0347003154574132,0.00482315112540193,0.00642054574638844,0.00617283950617284,0.0408805031446541,0.953271028037383,0.00306278713629403,0.048062015503876,0.0453125,0.0235478806907378,0.0162962962962963,0.00744047619047619,0.00759878419452888,0.0255591054313099,0,0.00769230769230769,0.0186625194401244,0.00941915227629513,0.0323574730354391,0.00154083204930663,0.957074721780604,0,0.0269413629160063,0.0410094637223975,0.0612557427258806,0.00903614457831325,0.0249221183800623,0.0372093023255814,0.0499243570347958,0.0475435816164818,0.0429252782193959,0.040650406504065,0.0427892234548336,0.0154559505409583,0.0108527131782946,0.0438184663536776,0,0,0.0373250388802488,0.969183359013868,0.0418604651162791,0.0398773006134969,0.962264150943396,0.00475435816164818,0.954828660436137,0.0358255451713396,0.959481361426256,0.0400616332819723,0.0405616224648986,0,0.0311526479750779,0.044478527607362,0.0286624203821656,0.0214723926380368,0.0579937304075235,0.953775038520801,0.958664546899841,0.0357723577235772,0.0239880059970015,0.0403100775193798,0.959028831562974,0.96030534351145,0,0.00766871165644172,0.021875,0.953632148377125,0.0154320987654321,0.959564541213064,0.0380952380952381,0.0409448818897638,0.0322061191626409,0.00766871165644172,0.953172205438066,0.0143769968051118,0.0235109717868339,0.0331230283911672,0.0335365853658537,0.01875,0,0.0449438202247191,0.870866141732283,0.0450885668276973,0.958074534161491,0.0396341463414634,0.967441860465116,0.0379746835443038,0,0.351351351351351,0.959938366718028,0.963722397476341,0.0263975155279503,0.0388978930307942,0.0477657935285054,0.0306748466257669,0.00302114803625378,0,0.0202492211838006,0.0368663594470046,0.953376205787781,0,0.0420560747663551,0.958904109589041,0.0455974842767296,0.039453717754173,0.0015527950310559,1,0,0.0448916408668731,0.0157728706624606,0.00156985871271586,0,0.00614439324116743,0.0292207792207792,0.00460829493087558,0.0375,0.955177743431221,0.0345911949685535,0.0459418070444104,0.971473851030111,0.956112852664577,0,0.95625,0,0.0434108527131783,0.027027027027027,0,0,0.0257234726688103,0.0477707006369427,0.0154320987654321,0.992295839753467,0,0.950715421303657,0.945652173913043,0.958990536277603,0.150621118012422,0,0,0.00460122699386503,0,1,1,0.0015600624024961,0.944968553459119,0.954838709677419,0.913657770800628,0.947286821705426,1,0,0.932098765432099,0,0,1,0.0015527950310559,0.892749244712991,0,0.050314465408805,0.00150829562594268,0
"795",0.00475435816164818,0.00313971742543171,0.0307692307692308,0.0586370839936609,0.016,0.00315457413249211,0.0887480190174326,0.0236593059936909,0.00310077519379845,0,0.00316455696202532,0,0.4328125,0.00162074554294976,0.962441314553991,0.990683229813665,0,0,0.00481540930979133,0.0232919254658385,0.841940532081377,0.968,0.0139751552795031,0,0.0479134466769706,0.739336492890995,0.886942675159236,0.00967741935483871,0.53393665158371,0.308755760368664,0.998468606431853,0.303543913713405,0.220985691573927,0.705882352941177,0,0.0031496062992126,0.00618238021638331,0.0062111801242236,0.740629685157421,0.0883720930232558,0,0,0,0.00318979266347687,0.221324717285945,0.97339593114241,0.482484076433121,0.996830427892235,0.539755351681957,0.871951219512195,0,0.0094488188976378,0.740157480314961,0.00157232704402516,0.102685624012638,0.833333333333333,0,0.0286624203821656,0.0401234567901235,0.0876369327073552,0.6984375,0.558823529411765,0.996835443037975,0,0.106858054226475,0.171826625386997,0,0.0156739811912226,0,0.996820349761526,0.140215716486903,0.989296636085627,0.984177215189873,0.00301659125188537,0,0.283333333333333,0.959876543209877,0.418604651162791,0.10223642172524,0.732441471571906,0,0.288786482334869,0.807633587786259,0.00308641975308642,0.890262751159196,0.0839813374805599,0.00777604976671851,0.0278637770897833,0.0266875981161695,0,0.0140405616224649,0.00308166409861325,0,0,0.0288,0,0.684698608964451,0.0214395099540582,0,0,0.382488479262673,0,0.714738510301109,0.00158478605388273,0.891104294478528,0.00321027287319422,0,0.0188087774294671,0.998410174880763,0.992101105845182,0.989247311827957,0.0762052877138414,0.661442006269592,0.0110062893081761,0,0.0153846153846154,0.285932721712538,0,0.998442367601246,0.778662420382166,0,0.228615863141524,0.7453125,0.922330097087379,0.0276497695852535,0.855140186915888,0.00459418070444104,0.00467289719626168,0,0.453125,0.0678233438485804,0.518341307814992,0.0129032258064516,0,0.00955414012738853,0.978560490045942,0,0.793977812995246,0.36724960254372,0.477491961414791,0,0,0.0217729393468118,0.237871674491393,0.836734693877551,0.0015625,0.990551181102362,0.0751173708920188,0.57484076433121,0.0199081163859112,0.859450726978998,0.0173775671406003,0.00318979266347687,0.15919629057187,0.0078003120124805,0.998410174880763,0.00308641975308642,0.996865203761755,0,0.247603833865815,0.125382262996942,0.0233281493001555,0.976851851851852,0,0.00154083204930663,0.538095238095238,0.00327332242225859,0.00309597523219814,0.0015527950310559,0.704097116843703,0.021671826625387,0.996850393700787,0.0487062404870624,0.998473282442748,0.100478468899522,0.635658914728682,0,0.0188679245283019,0,0.154559505409583,0.00309119010819165,0.884080370942813,0.0186625194401244,0.0545171339563863,0.00909090909090909,0.0217054263565891,0.89937106918239,0.621004566210046,0.0829346092503987,0.0583596214511041,0.946957878315133,0.993759750390016,0.0188976377952756,0.116640746500778,0,0,0.698890649762282,0,0.00308641975308642,0.737248840803709,0.112540192926045,0.241860465116279,0.00769230769230769,0.560509554140127,0.575899843505477,0.700159489633174,0.0851735015772871,0.03486529318542,0.110599078341014,0,0.122480620155039,0.823622047244094,0.053968253968254,0.996865203761755,0.932926829268293,0.460691823899371,0.0248447204968944,0.0183767228177642,0.158478605388273,0.00156739811912226,0.10989010989011,0,0.935736677115988,0.335901386748844,0.008,0,0.0108024691358025,0.0212443095599393,0.442006269592476,0.454545454545455,0.0126782884310618,0.0016025641025641,0.621875,0,0.0975609756097561,0.47068145800317,0.0293159609120521,0.998442367601246,0.0387596899224806,0.00471698113207547,0.00314465408805031,0.0518867924528302,0.466458658346334,0.996825396825397,0.029874213836478,0.456386292834891,0.992401215805471,0.996978851963746,0.805687203791469,0.996913580246914,0.84430176565008,0.318042813455657,0.996937212863706,0.99537750385208,0.989113530326594,0.410493827160494,0.969648562300319,0.0157232704402516,0,0.996850393700787,0,0.766091051805338,0.00158730158730159,0.0234009360374415,0.09375,0,0.122186495176849,0.144376899696049,0.300157977883096,0.394736842105263,0.545878693623639,0.545166402535658,0,0.00159744408945687,0.900928792569659,0.29140127388535,0.0390625,0.9875,0.251177394034537,0.995245641838352,0.882896764252696,0.00154083204930663,0.0016025641025641,0.0951612903225806,0,0.350531107738998,0.097444089456869,0,0.996879875195008,0.0899390243902439,0.0157728706624606,0,0.995419847328244,0.995426829268293,0.0159235668789809,0.1104,0.996774193548387,0,0.6046875,0.00638977635782748,0.194189602446483,0.608763693270736,0.332802547770701,0.0388802488335925,0.990445859872611,0.00303951367781155,0.00155038759689922,0.990476190476191,0.0341614906832298,0.00313971742543171,0.0300157977883096,0.00471698113207547,0.821875,0.704225352112676,0.717391304347826,0.0221169036334913,0.0592,0.0015625,0.746031746031746,0.0204081632653061,0.845801526717557,0.702865761689291,0.00625978090766823,0.00480769230769231,0.0324074074074074,0.30016051364366,0.00611620795107034,0.768867924528302,0.0339506172839506,0.00649350649350649,0,0.68266253869969,0.441786283891547,0.981102362204724,0.00154798761609907,0.987823439878234,0.0815047021943574,0.975270479134467,0.996908809891808,0,0.78021978021978,0.0094488188976378,0.924290220820189,0.0144230769230769,0.0280811232449298,0.014018691588785,0.716828478964401,0.711726384364821,0.318611987381703,0.543089430894309,0,0.166144200626959,0.983206106870229,0.959876543209877,0.794753086419753,0.00317460317460317,0.995297805642633,0,0.681388012618297,0.987730061349693,0.97752808988764,0.536661466458658,0.00158227848101266,0.724358974358974,0.00161812297734628,0.0329153605015674,0,0.0119225037257824,0.996932515337423,0.00304878048780488,0.155660377358491,0.00317965023847377,0.984375,0.0244648318042813,0.996904024767802,0.115987460815047,0.279106858054226,0.0543478260869565,0.0125195618153365,0.00313971742543171,0.709828393135725,0.0379746835443038,0.0031055900621118,0.998435054773083,0.974960876369327,0.0015552099533437,0.00315955766192733,0.6671826625387,0.113924050632911,0.0369774919614148,0.0476923076923077,0.00305343511450382,0,0.885167464114832,0.003125,0.995275590551181,0,0.0345911949685535,0,0.961904761904762,0.00308641975308642,0.0279503105590062,0,0.374803149606299,0.575039494470774,0.0158982511923688,0.9968,0.125796178343949,0.00317965023847377,0.619808306709265,0.395672333848532,0.215625,0,0.8359375,0.0192,0.004739336492891,0.553459119496855,0.0015748031496063,0.0323101777059774,0.968354430379747,0,0.0123647604327666,0.0093603744149766,0.047244094488189,0.30829420970266,0.990551181102362,0.123222748815166,0.755451713395639,0.815307820299501,0,0.379365079365079,0.38810641627543,0.384976525821596,0,0.711256117455139,0.0876369327073552,0.348694316436252,0.472868217054264,0.92503748125937,0,0,0.00151057401812689,0.0306748466257669,0,0.0775193798449612,0,0,0,0.0046656298600311,0,0.00324149108589951,0.2203125,0.473035439137134,0.00308641975308642,0,0,0.0108527131782946,0.0413476263399694,0.272307692307692,0.996932515337423,0,0.101088646967341,0.402756508422665,0.00157232704402516,0.460218408736349,0.641838351822504,0,0.0262345679012346,0.9968,0.0381558028616852,0.912974683544304,0,0.986175115207373,0.887301587301587,0.514802631578947,0.0218408736349454,0,0.0487062404870624,0.0262345679012346,0.00313971742543171,0,0.924920127795527,0.070840197693575,0.993431855500821,0.0031055900621118,0.00152439024390244,0.990566037735849,0.0031055900621118,0.702194357366771,0.189735614307932,1,0.834394904458599,0.0379746835443038,0,0.996875,0.0277349768875193,0.993569131832797,0.341346153846154,0.592417061611374,0,0.8921875,0.2496,0.744186046511628,0.0187793427230047,0.998425196850394,0.850152905198777,0.555737704918033,0.0558069381598793,0.105182926829268,0.0368,0.251980982567353,0,0.0214395099540582,0.996946564885496,0.0394944707740916,0.603225806451613,0.996946564885496,0.00308166409861325,0.00156739811912226,0.00158478605388273,0.357366771159875,0.0139751552795031,0.864779874213837,0.812400635930048,0.0573643410852713,0.107981220657277,0,0,0.010989010989011,0.0643642072213501,0.985553772070626,0.0171073094867807,0.0109375,0.626373626373626,0.072,0.266773162939297,0.0977099236641221,0,0.031496062992126,0.64797507788162,0.00311526479750779,0.00315955766192733,0,0.355345911949686,0.0266457680250784,0.996845425867508,0.314285714285714,0.622641509433962,0.194233687405159,0.300476947535771,0.0407239819004525,0.919330289193303,0.0176565008025682,0.00153846153846154,0.0188976377952756,0.693311582381729,0.875384615384615,0.00938967136150235,0.00309597523219814,0,0.215384615384615,0.532507739938081,0.74294670846395,0.237654320987654,0.00313479623824451,0.11937984496124,0.00309597523219814,0.0980091883614089,0.9967585089141,0,0.16380655226209,0.9936,0.996845425867508,0.716951788491446,0,0.0093603744149766,0.0833333333333333,0.00469483568075117,0.00768049155145929,0.912974683544304,0.998405103668262,0,0,0.824561403508772,0.925867507886435,0.850863422291994,0,0.9984375,0.00308166409861325,0.427906976744186,0.712715855572998,0.00317965023847377,0.420647149460709,0.0236593059936909,0.336990595611285,0.359133126934985,0,0.00302571860816944,0.611464968152866,0.496835443037975,0.0751533742331288,0.00921658986175115,0.619344773790952,0,0.0424528301886792,0.0385208012326656,0,0.0289634146341463,0.981191222570533,0.0161812297734628,0.576036866359447,0,0,0.48,0.15962441314554,0.998417721518987,0.864734299516908,0,0,0.246223564954683,0.973561430793157,0.00328407224958949,0.685758513931889,0.00462962962962963,0.998442367601246,0.627145085803432,0.671497584541063,0.115384615384615,0.899361022364217,0.992248062015504,0,0.956937799043062,0,0.00914634146341463,0.804761904761905,0.0151057401812689,0.993660855784469,0.00317965023847377,0,0.48382126348228,0.543171114599686,0.00311526479750779,0,0.00462962962962963,0,0.596153846153846,0.0139968895800933,0,0.334869431643625,0.0221169036334913,0.250388802488336,0.0449438202247191,0.961832061068702,0,0,0.732258064516129,0,0.309815950920245,0.996923076923077,0.984399375975039,0.00323624595469256,0.0031496062992126,0.00768049155145929,0.0248833592534992,0.0174050632911392,0,0.0251572327044025,0,0.632558139534884,0.711180124223602,0.00777604976671851,0.00783699059561128,0.00924499229583975,0.009375,0.0252365930599369,0.9828125,0.0131795716639209,0.0419906687402799,0.269113149847095,0.0232919254658385,0.00313479623824451,0.0263565891472868,0,0,0.0209895052473763,0,0.936923076923077,0.0016,0.046875,0.713831478537361,0.789389067524116,0.88125,0.0799373040752351,0,0.895962732919255,0.00310077519379845,0.00314465408805031,0.370662460567823,0.587349397590361,0.794074074074074,0.808219178082192,0.349840255591054,0.996899224806202,0.8887171561051,0.44620253164557,0.748447204968944,0.289922480620155,0.984423676012461,0,0.998387096774194,0.668269230769231,0.00321543408360129,0.343701399688958,0.770864946889226,0.373626373626374,0.115740740740741,0.0121580547112462,0.0317965023847377,0.017515923566879,0.00323101777059774,0.00316957210776545,0.4453125,0.570093457943925,0.00470957613814757,0.992492492492492,0.990811638591118,0.107981220657277,0,0.00307219662058372,0.0341614906832298,0,0.883116883116883,0,0.0483619344773791,0,0.0282131661442006,0.0015748031496063,0.992331288343558,0.156494522691706,0.00303490136570561,0.340288924558588,0.36817472698908,0.106518282988871,0,0,0.0711974110032362,0.0568011958146487,0.0109034267912773,0,0,0.996820349761526,0.780966767371601,0.50788643533123,0,0.531446540880503,0,0.0814696485623003,0.00315955766192733,0.806603773584906,0.775888717156105,0,0.655660377358491,0.413522012578616,0.13312693498452,0.0321592649310873,0.22015503875969,0.998420221169036,0.00967741935483871,0.0880503144654088,0.00321543408360129,0,0.0183767228177642,0,0.00158478605388273,0.982731554160126,0.626582278481013,0,0,0.157650695517774,0.0736,0.0514018691588785,0.278637770897833,0.96937212863706,0.992063492063492,0.173708920187793,0.156773211567732,0,0.979527559055118,0.0356589147286822,0,0.0191387559808612,0.0416666666666667,0.937106918238994,0,1,0.00311526479750779,0.536891679748823,0.927580893682589,0.900641025641026,0.8828125,0.307073954983923,0.904468412942989,0.00317965023847377,0,0.235849056603774,0.0198170731707317,0,0,1,0,0.996845425867508,0.00306748466257669,0.270700636942675,0.996768982229402,0.996850393700787,0.457278481012658,0.0377952755905512,0.57427258805513,0,0.996840442338073,0.0445151033386327,0.00778816199376947,0,0.807874015748032,0.990783410138249,0.995222929936306,0.97984496124031,0.996875,0,0,0.979719188767551,0.00476947535771065,0.00161030595813205,0.0232919254658385,0.0062402496099844,0,0.989147286821705,0.0109546165884194,0.9968,0.993680884676145,0,0.990536277602524,0.0445468509984639,0.996904024767802,0.909090909090909,0.995419847328244,0.995305164319249
"796",0.99685534591195,1,0.967889908256881,0.933962264150943,0.984202211690363,1,0.886328725038402,0.972477064220184,1,0,1,0,0.554054054054054,1,0.0445468509984639,0.0093167701863354,0,0.015552099533437,0.996825396825397,0.98,0.153013910355487,0.0345368916797488,0.989247311827957,0,0.95738203957382,0.243410852713178,0.106750392464678,0.98740157480315,0.453313253012048,0.682779456193353,0,0.683153013910355,0.75920245398773,0.274268104776579,0,1,0.0182370820668693,0.995426829268293,0.256371814092954,0.901812688821752,0.0015600624024961,0.0151745068285281,0.00617283950617284,1,0.780096308186196,0.0233281493001555,0.495384615384615,0,0.443438914027149,0.133233532934132,0,0.995384615384615,0.249221183800623,1,0.881538461538461,0.156050955414013,0,0.973143759873618,0.956259426847662,0.898305084745763,0.293313069908815,0.424615384615385,0,0,0.895238095238095,0.810030395136778,0,0.987654320987654,0,0,0.862745098039216,0.0061633281972265,0.0154798761609907,1,0,0.695522388059701,0.0436746987951807,0.551145038167939,0.894154818325434,0.253634894991922,0,0.697428139183056,0.204783258594918,0.998473282442748,0.109062980030722,0.909228441754917,0.99537750385208,0.967987804878049,0.961832061068702,0.012012012012012,0.984709480122324,1,0,0,0.97196261682243,0,0.304147465437788,0.98159509202454,0.00753012048192771,0.00940438871473354,0.596302003081664,0,0.280125195618153,1,0.102985074626866,1,0.0108527131782946,0.975346687211094,0,0.00770416024653313,0.00611620795107034,0.907668231611894,0.321044546850998,0.992295839753467,0,0.984662576687117,0.700460829493088,0,0,0.215625,0,0.759630200308166,0.242283950617284,0.073015873015873,0.970903522205207,0.137825421133231,0.998496240601504,0.996908809891808,0,0.542113323124043,0.937694704049844,0.477379095163807,0.988888888888889,0,0.995297805642633,0.0226928895612708,0,0.205564142194745,0.62557781201849,0.504807692307692,0,0,0.977272727272727,0.741433021806854,0.173775671406003,1,0.00613496932515337,0.927692307692308,0.41185647425897,0.975720789074355,0.132701421800948,0.984472049689441,1,0.835384615384615,0.993846153846154,0,1,0,0,0.720565149136578,0.86404833836858,0.983024691358025,0.0180451127819549,0,1,0.442879499217527,1,1,1,0.281626506024096,0.973886328725038,0.00154083204930663,0.953030303030303,0,0.893081761006289,0.356374807987711,0,0.984496124031008,0,0.847560975609756,1,0.118670886075949,0.98,0.946070878274268,0.98955223880597,0.971212121212121,0.0937019969278034,0.369397217928903,0.93312101910828,0.939778129952456,0.0508474576271186,0.00464396284829721,0.981191222570533,0.856269113149847,0,0,0.29375,0.0015527950310559,1,0.24468085106383,0.873831775700935,0.748125937031484,0.987933634992459,0.423676012461059,0.418070444104135,0.2796875,0.916537867078825,0.967238689547582,0.874809160305344,0,0.881172839506173,0.167987321711569,0.943573667711599,0,0.0622154779969651,0.528963414634146,0.975039001560062,0.977544910179641,0.823802163833076,0.998463901689708,0.891104294478528,0,0.0680786686838124,0.643712574850299,0.993730407523511,0,0.992435703479576,0.979041916167665,0.541984732824427,0.539050535987749,0.990668740279938,1,0.362095531587057,0,0.88622754491018,0.509493670886076,0.971473851030111,0,0.951515151515152,0.998442367601246,1,0.949526813880126,0.517611026033691,0,0.970903522205207,0.532526475037821,0.00448430493273543,0.00150829562594268,0.192546583850932,0,0.145539906103286,0.667669172932331,0,0.00306748466257669,0.0105580693815988,0.584848484848485,0.0349761526232114,0.984423676012461,0.0125391849529781,0,0,0.216640502354788,1,0.977029096477795,0.893682588597843,0,0.868131868131868,0.846385542168675,0.679012345679012,0.586153846153846,0.438871473354232,0.426332288401254,0.0122324159021407,1,0.0888208269525268,0.693037974683544,0.960244648318043,0.0138461538461538,0.754658385093168,0.00155763239875389,0.114329268292683,1,1,0.892405063291139,0,0.645259938837921,0.877329192546584,0,0,0.894977168949772,0.978294573643411,0,0.00153846153846154,0,0.981132075471698,0.878315132605304,0,0,0.378086419753086,0.987616099071207,0.773556231003039,0.386503067484663,0.666666666666667,0.952815829528158,0.0108024691358025,1,1,0.00764525993883792,0.960426179604262,1,0.974921630094044,0.998480243161094,0.17984496124031,0.299694189602446,0.272445820433437,0.974803149606299,0.940438871473354,0.0513595166163142,0.246467817896389,0.973478939157566,0.134762633996937,0.295522388059701,0.993893129770992,0.996879875195008,0.966309341500766,0.6765625,0.998482549317147,0.229102167182663,0.963963963963964,0.998439937597504,0,0.312594840667678,0.544025157232704,0.0184049079754601,0.0524691358024691,0.00902255639097744,0.905343511450382,0.0258358662613982,0,0,0.212863705972435,0.992223950233281,0.0741301059001513,0.985668789808917,0.972222222222222,0.985826771653543,0.280811232449298,0.28169014084507,0.649842271293375,0.454253611556982,0,0.813559322033898,0.0120300751879699,0.0361990950226244,0.200305810397554,1,0.00155038759689922,0,0.31832298136646,0.0106060606060606,0.0215384615384615,0.479134466769706,1,0.265940902021773,1,0.962790697674419,0,0.989614243323442,0,0.998496240601504,0.816793893129771,1,0.0107692307692308,0.980030721966206,0,0.87789799072643,0.707620528771384,0.940548780487805,0.987748851454824,0.996899224806202,0.278963414634146,0.961300309597523,1,0,0.024653312788906,1,1,0.311526479750779,0.875766871165644,0.962962962962963,0.946564885496183,1,0,0.106349206349206,1,0.00154559505409583,0,0.964451313755796,0.0124804992199688,0.0403100775193798,1,0.967592592592593,0.0046583850931677,0.61609907120743,0.400621118012422,0.982704402515723,0.0015600624024961,0.860719874804382,0.996860282574568,0.364632237871674,0.608231707317073,0.786499215070644,0,0.155172413793103,0.974643423137876,0.998470948012232,0.432307692307692,1,0.972131147540984,0.0265210608424337,0.00154559505409583,0.983257229832572,0.996884735202492,0.952453987730061,0.678787878787879,0.0046801872074883,0.863076923076923,0.23338485316847,0.181076672104405,0.00770416024653313,0.603448275862069,0.585403726708075,0.602465331278891,0,0.273449920508744,0.910060975609756,0.624427480916031,0.504573170731707,0.0769230769230769,0,0,1,0.970014992503748,0,0.917829457364341,0.0108864696734059,0,0,0.998432601880878,0,1,0.770897832817337,0.519519519519519,1,0,0,0.993798449612403,0.959761549925484,0.701357466063348,0,0.00318979266347687,0.873860182370821,0.607305936073059,1,0.516516516516517,0.330733229329173,0,0.981873111782477,0,0.953051643192488,0.0839813374805599,0,0.00896860986547085,0.107981220657277,0.484076433121019,0.969135802469136,0,0.952380952380952,0.975384615384615,1,0,0.0698757763975155,0.935275080906149,0.0032258064516129,1,1,0.00917431192660551,1,0.287234042553192,0.81638846737481,0.00927357032457496,0.158730158730159,0.955108359133127,0.0109204368174727,0,0.969604863221885,0.00634920634920635,0.643642072213501,0.390551181102362,0,0.112612612612613,0.739747634069401,0.253067484662577,0.977029096477795,0,0.139817629179331,0.440381558028617,0.947129909365559,0.883058470764618,0.959938366718028,0.735524256651017,0,0.980273141122914,0,0.967592592592593,0.385826771653543,0,1,1,1,0.623639191290824,0.986280487804878,0.121069182389937,0.184899845916795,0.941717791411043,0.876923076923077,0,0,0.990521327014218,0.930817610062893,0.0141287284144427,0.982892690513219,0.992319508448541,0.359327217125382,0.931570762052877,0.722910216718266,0.886328725038402,0,0.969088098918083,0.334905660377358,1,0.998449612403101,0,0.617511520737327,0.974960876369327,0,0.674454828660436,0.373292867981791,0.779259259259259,0.674491392801252,0.956390977443609,0.0758928571428571,0.981132075471698,1,0.978428351309707,0.305379746835443,0.0969230769230769,0.989214175654854,1,0.00920245398773006,0.766214177978884,0.444954128440367,0.255707762557078,0.76103500761035,1,0.872699386503067,1,0.117378048780488,0,0,0.821705426356589,0.00312989045383412,0,0.263482280431433,0,0.989180834621329,0.91350531107739,0.998468606431853,0.99388379204893,0.0830769230769231,0,0,0,0.167721518987342,0.0695517774343122,0.151234567901235,0,0,1,0.0091324200913242,0.2875,1,0.580398162327718,0.973270440251572,0.644171779141104,0.633383010432191,0,1,0.385220125786164,0.492163009404389,0.922256097560976,0.987878787878788,0.374233128834356,0.0122887864823349,0.953416149068323,0.955223880597015,0,0.962630792227205,0.0124223602484472,0.987220447284345,0.404615384615385,0,0.0105740181268882,0.519354838709677,0.828173374613003,0,0.127131782945736,0.0121765601217656,0.00158730158730159,0.74702380952381,0.0217729393468118,1,0.304675716440422,0.992447129909366,0,0.366718027734977,0.310618066561014,0.863275039745628,0.0956937799043062,0.00453857791225416,0.00309119010819165,0.0429252782193959,0,0.993966817496229,0.0414673046251994,0.977744807121662,0.00464396284829721,1,0,0.510606060606061,0.446511627906977,1,0,0.998498498498498,0,0.380503144654088,0.987748851454824,0,0.641993957703928,0.978260869565217,0.734157650695518,0.956043956043956,0.0334855403348554,0,1,0.248447204968944,0,0.68133535660091,0,0.0151057401812689,1,1,0.989312977099237,0.965891472868217,0.978159126365055,0,0.973312401883831,0.0245775729646697,0.343465045592705,0.277862595419847,0.990783410138249,0.990839694656489,0.993911719939117,0.993984962406015,0.0522273425499232,0.0124223602484472,0.982142857142857,0.955589586523737,0.703533026113671,0.976958525345622,1,0.970814132104455,0,0,0.982274741506647,0,0.065052950075643,0,0.957251908396947,0.265723270440252,0.199059561128527,0.117199391171994,0.922600619195046,0,0.106646058732612,1,1,0.622464898595944,0.410979228486647,0.206140350877193,0.176737160120846,0.635792778649921,0,0.12210200927357,0.549141965678627,0.242748091603053,0.694152923538231,0.0122511485451761,0,0,0.321372854914197,1,0.613846153846154,0.224035608308605,0.605873261205564,0.874617737003058,0.986506746626687,0.956730769230769,0.978021978021978,1,1,0.542768273716952,0.411490683229814,0.998456790123457,0.00591715976331361,0.00892857142857143,0.867981790591806,0.0122137404580153,1,0.969135802469136,0,0.105678233438486,0,0.944968553459119,0,0.975646879756469,1,0.00764525993883792,0.837712519319938,1,0.642072213500785,0.621374045801527,0.876755070202808,0,0,0.930047694753577,0.947994056463596,0.986342943854325,0,0,0,0.2178517397882,0.485451761102603,0,0.434514637904468,0,0.926791277258567,1,0.162246489859594,0.232628398791541,0,0.3328125,0.579029733959311,0.860681114551084,0.963525835866261,0.770769230769231,0,0.988958990536278,0.0155763239875389,1,0,0.980421686746988,0.00933125972006221,1,0.013953488372093,0.0109546165884194,0,0,0.819969742813918,0.924290220820189,0.934049079754601,0.712781954887218,0.0257186081694402,0.00630914826498423,0.834108527131783,0.831578947368421,0,0.0155763239875389,0.968992248062015,0,0.986003110419907,0.957511380880121,0.0633693972179289,0.0448916408668731,0.00311526479750779,1,0.462616822429907,0.0697674418604651,0.0993690851735016,0.10752688172043,0.671406003159558,0.091324200913242,1,0,0.74414976599064,0.979938271604938,0.00465116279069767,0,0,0,0,1,0.7,0,0,0.528213166144201,0.956656346749226,0.418320610687023,0.0510510510510511,0.00157232704402516,0.0583596214511041,0.0184331797235023,0,0.0277777777777778,0.00451807228915663,0.0015600624024961,0.0076103500761035,0,0.0497667185069984,0.0594512195121951,0.0154320987654321,0.01875,0.00313479623824451,0.0231124807395994,0.0245398773006135,0.060790273556231,0.00766871165644172,0.021671826625387,0,0.0015625,0.0441640378548896,0.0077639751552795,0.0245022970903522,0,0.0356037151702786,0.00149253731343284,0.00156494522691706
"797",0.467741935483871,0.469291338582677,0.491365777080063,0.503236245954693,0.4736,0.461285008237232,0.509677419354839,0.486443381180223,0.471518987341772,0,0.48,0,0.611635220125786,0.453355155482815,0.589540412044374,0.546875,0,0.00636942675159236,0.466666666666667,0.484177215189873,0.569858712715856,0.545454545454545,0.468253968253968,0,0.491419656786271,0.573926868044515,0.5712,0.46677471636953,0.605304212168487,0.58307210031348,0.529780564263323,0.647151898734177,0.585326953748006,0.551181102362205,0,0.482539682539683,0.0126582278481013,0.465408805031447,0.619047619047619,0.486862442040185,0,0.00469483568075117,0.00155763239875389,0.457516339869281,0.553571428571429,0.55784469096672,0.594855305466238,0.53577106518283,0.720930232558139,0.574303405572755,0,0.475435816164818,0.599364069952305,0.464401294498382,0.518638573743922,0.709624796084829,0,0.478330658105939,0.489795918367347,0.548031496062992,0.582677165354331,0.593004769475358,0.537964458804523,0,0.499184339314845,0.504716981132076,0,0.468051118210863,0,0.511254019292605,0.506329113924051,0.546774193548387,0.541269841269841,0.471608832807571,0,0.600624024960998,0.557661927330174,0.594507269789984,0.52741935483871,0.814070351758794,0,0.600931677018634,0.578864353312303,0.444976076555024,0.565217391304348,0.515873015873016,0.461661341853035,0.479233226837061,0.487460815047022,0.0015552099533437,0.4624,0.459715639810427,0,0,0.495161290322581,0,0.594637223974763,0.500789889415482,0,0.00159489633173844,0.584518167456556,0,0.59805510534846,0.446774193548387,0.569659442724458,0.4592,0.00318471337579618,0.461658841940532,0.530645161290323,0.532488114104596,0.528571428571429,0.495161290322581,0.90894819466248,0.484126984126984,0,0.484076433121019,0.635646687697161,0,0.533123028391167,0.603559870550162,0,0.614516129032258,0.589540412044374,0.555023923444976,0.499210110584518,0.550702028081123,0.465007776049767,0.4656,0,0.590837282780411,0.506369426751592,0.547077922077922,0.458804523424879,0,0.458881578947368,0.550473186119874,0,0.584142394822006,0.601286173633441,0.60392798690671,0,0,0.487301587301587,0.571653543307087,0.579638752052545,0.471061093247588,0.525984251968504,0.493730407523511,0.916264090177134,0.484375,0.573070607553366,0.482484076433121,0.457326892109501,0.567140600315956,0.468652037617555,0.524350649350649,0.469483568075117,0.520128824476651,0,0.556982343499197,0.530232558139535,0.455538221528861,0.56043956043956,0,0.463338533541342,0.666666666666667,0.461920529801325,0.452978056426332,0.463722397476341,0.56828885400314,0.493650793650794,0.530448717948718,0.5,0.545176110260337,0.530645161290323,0.605055292259084,0,0.479559748427673,0,0.531001589825119,0.466876971608833,0.573268921095008,0.500784929356358,0.503937007874016,0.469604863221884,0.459375,0.649038461538462,0.944186046511628,0.513957307060755,0.501612903225806,0.556818181818182,0.538095238095238,0.489533011272142,0.540031397174254,0,0,0.584664536741214,0,0.467289719626168,0.811023622047244,0.532258064516129,0.557324840764331,0.46417445482866,0.596122778675283,0.549141965678627,0.594155844155844,0.549180327868853,0.47557003257329,0.550314465408805,0,0.482059282371295,0.574225122349103,0.512116316639742,0.541996830427892,0.550702028081123,0.586370839936609,0.467741935483871,0.478125,0.569377990430622,0.470774091627172,0.526315789473684,0,0.5536,0.569640062597809,0.463258785942492,0,0.480438184663537,0.468315301391036,0.576862123613312,0.89047619047619,0.466666666666667,0.459637561779242,0.583333333333333,0,0.517133956386293,0.682615629984051,0.483766233766234,0.535101404056162,0.485271317829457,0.458804523424879,0.459968602825746,0.502384737678855,0.742283950617284,0.560064935064935,0.496784565916399,0.60062893081761,0.530139103554869,0.52760736196319,0.583601286173633,0.534181240063593,0.579119086460033,0.572981366459627,0.531746031746032,0.542901716068643,0.526881720430108,0.583596214511041,0.532231404958678,0.469155844155844,0.00329489291598023,0.523885350318471,0,0.57097288676236,0.471636952998379,0.48792270531401,0.496815286624204,0,0.549755301794454,0.496875,0.627760252365931,0.674528301886792,0.626984126984127,0.535885167464115,0.0031496062992126,0.4448,0.588607594936709,0.630718954248366,0.483516483516484,0.539074960127592,0.565495207667732,0.551554828150573,0.613924050632911,0.464396284829721,0.459637561779242,0.51559934318555,0,0.577464788732394,0.513556618819777,0,0.520186335403727,0.521604938271605,0.488,0,0.519623233908948,0.525984251968504,0.510569105691057,0.574712643678161,0.544117647058823,0,0.599033816425121,0.492706645056726,0.549382716049383,1,0.574638844301766,0.519747235387046,0.553429027113238,0.462025316455696,0.456556082148499,0.544728434504792,0.505494505494505,0.471337579617834,0.48780487804878,0.463836477987421,0.627388535031847,0.589257503949447,0.585714285714286,0.473257698541329,0.496774193548387,0.0220125786163522,0.616747181964573,0.5056,0.588697017268446,0.626543209876543,0.480252764612954,0.469648562300319,0.466248037676609,0.560260586319218,0.445482866043614,0.587761674718196,0.482003129890454,0.45016077170418,0,0.607874015748031,0.595121951219512,0.563291139240506,0.0173501577287066,0.5328125,0.544585987261146,0.54858934169279,0.546325878594249,0,0.636507936507936,0.483818770226537,0.542721518987342,0.470394736842105,0.482371794871795,0.4848,0.5824,0.584288052373159,0.564724919093851,0.961666666666667,0,0.540322580645161,0.536547433903577,0.571205007824726,0.601587301587302,0.456730769230769,0.540412044374009,0,0.599364069952305,0.543343653250774,0.54066985645933,0.585874799357945,0.456692913385827,0.793214862681745,0.448675496688742,0.454838709677419,0,0.460829493087558,0.523052464228935,0.465007776049767,0.535657686212361,0.472402597402597,0.524642289348172,0.469291338582677,0.543269230769231,0.513556618819777,0.6557911908646,0.479938271604938,0.474603174603175,0.462639109697933,0.609105180533752,0.488924050632911,0.470679012345679,0.548136645962733,0.538461538461538,0.453525641025641,0.453396524486572,0.813099041533546,0.492845786963434,0.461920529801325,0.5109375,0.461538461538462,0,0.646381578947368,0.46551724137931,0.5392,0,0.484992101105845,0.00328407224958949,0.583870967741935,0.4484375,0.490291262135922,0,0.553090332805071,0.597423510466989,0.488636363636364,0.525040387722132,0.590909090909091,0.456628477905074,0.608414239482201,0.586583463338534,0.594339622641509,0,0.584,0.471636952998379,0.474193548387097,0.612698412698413,0.468998410174881,0.455611390284757,0.558730158730159,0,0.463722397476341,0.452648475120385,0.487844408427877,0.567567567567568,0.525641025641026,0.52572347266881,0.589257503949447,0.543946932006633,0.00156985871271586,0.615136876006441,0.540192926045016,0.615748031496063,0,0.832268370607029,0.52373417721519,0.589984350547731,0.737169517884914,0.610769230769231,0,0,0.451219512195122,0.476780185758514,0,0.502392344497608,0.0032258064516129,0,0,0.459677419354839,0,0.480519480519481,0.511146496815287,0.6015625,0.455538221528861,0,0,0.474842767295597,0.504587155963303,0.603803486529319,0.540247678018576,0,0.52112676056338,0.589424572317263,0.463768115942029,0.602523659305994,0.898058252427185,0,0.4765625,0.534201954397394,0.48792270531401,0.618892508143323,0,0.534668721109399,0.567524115755627,0.550335570469799,0.464630225080386,0,0.505392912172573,0.477657935285054,0.464454976303318,0,0.610492845786963,0.479661016949153,0.549833887043189,0.4546875,0.453271028037383,0.545741324921136,0.453968253968254,0.609177215189873,0.5424,0.547351524879615,0.544283413848631,0.506410256410256,0.00158730158730159,0.529968454258675,0.484227129337539,0.56260162601626,0.633986928104575,0.593004769475358,0,0.568938193343899,0.577235772357724,0.601926163723916,0.485981308411215,0.5424,0.61128526645768,0.551666666666667,0.506230529595016,0.546021840873635,0.483037156704362,0.558631921824104,0,0.490506329113924,0.538940809968847,0.458064516129032,0.604918032786885,0.542901716068643,0.466666666666667,0.478964401294498,0.459935897435897,0.590690208667737,0.472353870458136,0.576190476190476,0.583333333333333,0.484227129337539,0.513470681458003,0,0,0.469551282051282,0.496763754045307,0.541195476575121,0.480582524271845,0.467408585055644,0.581761006289308,0.514516129032258,0.530744336569579,0.511700468018721,0,0.469255663430421,0.585760517799353,0.464630225080386,0.457735247208931,0,0.577352472089314,0.489499192245557,0.539325842696629,0.600953895071542,0.763157894736842,0.533639143730887,0.650406504065041,0.484709480122324,0.563664596273292,0.484502446982055,0.481191222570533,0.4832,0.583606557377049,0.538585209003215,0.48006379585327,0.468051118210863,0.00155763239875389,0.545171339563863,0.562305295950156,0.792663476874003,0.583596214511041,0.462639109697933,0.544728434504792,0.468454258675079,0.140845070422535,0.531045751633987,0,0.573015873015873,0.545454545454545,0.521951219512195,0.808,0,0.4734375,0.5296875,0.466772151898734,0.472868217054264,0.566666666666667,0.536115569823435,0,0,0.586151368760064,0.570048309178744,0.652665589660743,0,0.546021840873635,0.458860759493671,0.248037676609105,0.5792,0.458265139116203,0.573692551505547,0.4848,0.6784,0.582417582417582,0,0.466257668711656,0.594155844155844,0.583198707592892,0.510046367851623,0.468553459119497,0.616954474097331,0.0031496062992126,0.500794912559618,0.485086342229199,0,0.488514548238897,0.526655896607431,0.471544715447154,0.534072900158479,0,0.00158227848101266,0.595779220779221,0.583468395461912,0.543443917851501,0.67156862745098,0.0032,0,0.577160493827161,0.545016077170418,0.442372881355932,0.872868217054264,0.467289719626168,0.533751962323391,0.559055118110236,0.578688524590164,0.548701298701299,0.538079470198676,0.541732283464567,0,0.544426494345719,0,0.463565891472868,0.458881578947368,0.483076923076923,0.543269230769231,0.480456026058632,0,0.599063962558502,0.605475040257649,0.458990536277603,0,0.465007776049767,0,0.850498338870432,0.472527472527473,0,0.56687898089172,0.479740680713128,0.557142857142857,0.491171749598716,0.571651090342679,0,0.460420032310178,0.740322580645161,0,0.624801271860095,0.527863777089783,0.543171114599686,0.472131147540984,0.455429497568882,0.471228615863142,0.475279106858054,0.469745222929936,0,0.466988727858293,0.0062402496099844,0.589341692789969,0.791332263242376,0.468454258675079,0.471518987341772,0.47360248447205,0.4688995215311,0.0496,0.551834130781499,0.469622331691297,0.492063492063492,0.551724137931034,0.467304625199362,0.458267716535433,0.478395061728395,0,0,0.465648854961832,0,0.545454545454545,0,0.468454258675079,0.801313628899836,0.5904,0.577044025157233,0.516129032258065,0,0.602848101265823,0.456556082148499,0.465408805031447,0.63258785942492,0.591805766312595,0.607305936073059,0.731182795698925,0.577922077922078,0.535211267605634,0.562998405103668,0.591346153846154,0.583333333333333,0.570300157977883,0.540284360189573,0,0.528846153846154,0.570287539936102,0.456053067993366,0.561014263074485,0.592248062015504,0.596825396825397,0.539781591263651,0.452566096423017,0.498366013071895,0.470873786407767,0.471819645732689,0.463414634146341,0.739747634069401,0.884615384615385,0.455858747993579,0.531297709923664,0.542944785276074,0.547923322683706,0.00311526479750779,0.47360248447205,0.473186119873817,0,0.558252427184466,0,0.495207667731629,0,0.481072555205047,0.469194312796209,0.534700315457413,0.561904761904762,0.455259026687598,0.567524115755627,0.584639498432602,0.516077170418006,0,0,0.508445945945946,0.503770739064857,0.477848101265823,0,0,0.530081300813008,0.621283255086072,0.539556962025316,0,0.759811616954474,0,0.512658227848101,0.475728155339806,0.55877616747182,0.588509316770186,0,0.791190864600326,0.594976452119309,0.500789889415482,0.488299531981279,0.557324840764331,0.544871794871795,0.479099678456592,0.0684713375796178,0.450244698205546,0,0.475155279503106,0.00320512820512821,0.468699839486356,0.541666666666667,0.349514563106796,0,0,0.5718901453958,0.498366013071895,0.486068111455108,0.524256651017214,0.55045871559633,0.531948881789137,0.522364217252396,0.518461538461538,0,0.5632,0.478260869565217,0,0.47172859450727,0.4859375,0.569377990430622,0.0157728706624606,0.536891679748823,0.462616822429907,1,0.550793650793651,0.601317957166392,0.663507109004739,0.601317957166392,0.55045871559633,0.468152866242038,0,0.530081300813008,0.475308641975309,0.00159235668789809,0,0.534992223950233,0,0.542319749216301,0.465116279069767,0.524046434494196,0.534313725490196,0.53257328990228,0.599018003273322,0.492063492063492,0.604395604395604,0.0171606864274571,0.517241379310345,0.0583468395461912,0.0157977883096366,0,0.467094703049759,0.518633540372671,0.532362459546926,0.53577106518283,0.532608695652174,0.0129449838187702,0.0256821829855538,0.541009463722397,0.0144,0.00495867768595041,0.0301587301587302,0.0157977883096366,0.0204081632653061,0.544585987261146,0.018957345971564,0.53322528363047,0.542536115569823,0.0193548387096774,0.55111821086262,0.0454545454545455,0.545023696682464,0.512820512820513,0.538102643856921,0.545741324921136
"798",0.0769230769230769,0.0849358974358974,0.0967238689547582,0.137820512820513,0.0881410256410256,0.0784,0.175806451612903,0.107424960505529,0.0712074303405573,0,0.0805687203791469,0,0.508634222919937,0.076555023923445,0.907086614173228,0.918876755070203,0,0.00157728706624606,0.072,0.0902021772939347,0.796825396825397,0.914893617021277,0.0786163522012579,0,0.1287284144427,0.7984,0.828346456692913,0.0786516853932584,0.546583850931677,0.357254290171607,0.923076923076923,0.369158878504673,0.291079812206573,0.694006309148265,0,0.0772797527047913,0.00771604938271605,0.0796875,0.714939024390244,0.171073094867807,0,0,0,0.0777777777777778,0.27823240589198,0.912420382165605,0.555379746835443,0.921752738654147,0.545731707317073,0.819722650231125,0,0.0766823161189358,0.71183800623053,0.071656050955414,0.17219589257504,0.797770700636943,0,0.104761904761905,0.0995405819295559,0.164319248826291,0.6875,0.584905660377358,0.927786499215071,0,0.178456591639871,0.243369734789392,0,0.0849056603773585,0,0.920760697305864,0.201248049921997,0.917956656346749,0.919175911251981,0.0724191063174114,0,0.355038759689922,0.886970172684458,0.472222222222222,0.170653907496013,0.725619834710744,0,0.362095531587057,0.854263565891473,0.0756172839506173,0.817204301075269,0.152798789712557,0.0724409448818898,0.0956112852664577,0.0995260663507109,0,0.0858505564387917,0.0749601275917065,0,0,0.0930979133226324,0,0.683464566929134,0.0929133858267717,0,0,0.4234375,0,0.707278481012658,0.0668789808917197,0.853168469860896,0.0759289176090469,0,0.100313479623824,0.933014354066986,0.920436817472699,0.91358024691358,0.144904458598726,0.670846394984326,0.0809968847352025,0,0.0876369327073552,0.356143079315708,0,0.922222222222222,0.747252747252747,0,0.293375394321767,0.741324921135647,0.87220447284345,0.0987654320987654,0.804992199687988,0.0785824345146379,0.0773993808049536,0,0.477165354330709,0.125,0.51685393258427,0.0884676145339652,0,0.07223113964687,0.912225705329154,0,0.765650080256822,0.435897435897436,0.506410256410256,0,0,0.0911949685534591,0.30952380952381,0.818181818181818,0.0800627943485086,0.920886075949367,0.138582677165354,0.603225806451613,0.0861538461538462,0.821371610845295,0.080952380952381,0.0718849840255591,0.223270440251572,0.0754716981132075,0.922222222222222,0.0776545166402536,0.927444794952681,0,0.326433121019108,0.192955589586524,0.0965189873417722,0.907120743034056,0,0.0794392523364486,0.564308681672026,0.077175697865353,0.0714285714285714,0.0745341614906832,0.681538461538462,0.0959119496855346,0.923676012461059,0.113003095975232,0.931714719271624,0.170616113744076,0.70440251572327,0,0.0930599369085174,0,0.2265625,0.0697305863708399,0.841017488076312,0.0941915227629513,0.1125,0.0807926829268293,0.086687306501548,0.860215053763441,0.62402496099844,0.137380191693291,0.1312,0.892638036809816,0.923676012461059,0.0928,0.197492163009404,0,0,0.6875,0,0.0732824427480916,0.726574500768049,0.1856,0.315457413249211,0.0814132104454685,0.576323987538941,0.571875,0.689873417721519,0.148562300319489,0.108320251177394,0.183458646616541,0,0.17984496124031,0.796084828711256,0.122611464968153,0.92755905511811,1,0.498447204968944,0.0910518053375196,0.0907692307692308,0.234920634920635,0.0756172839506173,0.184952978056426,0,1,0.403400309119011,0.0805152979066023,0,0.0811232449297972,0.0939393939393939,0.485086342229199,0.4765625,0.0832025117739403,0.0795454545454545,0.626373626373626,0,0.166407465007776,0.503184713375796,0.0977198697068404,0.927244582043344,0.116207951070336,0.0701754385964912,0.0734375,0.13237639553429,0.478193146417445,0.922098569157393,0.0958466453674121,0.518691588785047,0.924357034795764,0.923547400611621,0.767515923566879,0.929356357927786,0.811688311688312,0.361408882082695,0.928348909657321,0.923794712286159,0.919129082426128,0.445652173913043,0.910685805422648,0.0855784469096672,0,0.923809523809524,0,0.73968253968254,0.0755627009646302,0.0938967136150235,0.168503937007874,0,0.194805194805195,0.216383307573416,0.360501567398119,0.451816745655608,0.616954474097331,0.549450549450549,0,0.063391442155309,0.85202492211838,0.349593495934959,0.108864696734059,0.92093023255814,0.307814992025518,0.935433070866142,0.849612403100775,0.0793893129770992,0.0811258278145695,0.162420382165605,0,0.39906103286385,0.171428571428571,0,0.921135646687697,0.159442724458204,0.0947030497592295,0,0.93125,0.924528301886792,0.0909090909090909,0.191011235955056,0.926948051948052,0,0.607594936708861,0.0828025477707006,0.274390243902439,0.608695652173913,0.39968152866242,0.108191653786708,0.919937205651491,0.0819165378670788,0.0689655172413793,0.921725239616613,0.0985915492957746,0.0723270440251572,0.0919354838709677,0.0816326530612245,0.800312012480499,0.666666666666667,0.695102685624013,0.0935483870967742,0.128617363344051,0.00470219435736677,0.7152,0.0963665086887836,0.846273291925466,0.695384615384615,0.0806201550387597,0.0774193548387097,0.108490566037736,0.37037037037037,0.0670731707317073,0.740031897926635,0.103875968992248,0.0782747603833866,0,0.667185069984448,0.480830670926518,0.91496062992126,0.00463678516228748,0.920852359208524,0.146875,0.9015625,0.929356357927786,0,0.774803149606299,0.0822784810126582,0.858475894245723,0.0921052631578947,0.100946372239748,0.0837209302325581,0.712460063897764,0.700813008130081,0.39403453689168,0.567656765676568,0,0.262321144674086,0.911987860394537,0.916413373860182,0.783489096573209,0.0749185667752443,0.921630094043887,0,0.657232704402516,0.914728682170543,0.908082408874802,0.589622641509434,0.0763116057233704,0.723472668810289,0.0691318327974277,0.111111111111111,0,0.0814814814814815,0.924148606811146,0.0833333333333333,0.253918495297806,0.074313408723748,0.908661417322835,0.100308641975309,0.92846034214619,0.188383045525903,0.352180936995153,0.131699846860643,0.0830721003134796,0.0734375,0.696062992125984,0.12202852614897,0.0848765432098765,0.921898928024502,0.90809968847352,0.0698412698412698,0.0761904761904762,0.672897196261682,0.186520376175549,0.107843137254902,0.122699386503067,0.073094867807154,0,0.840064620355412,0.0758293838862559,0.921725239616613,0,0.103448275862069,0,0.904684975767367,0.06875,0.0963665086887836,0,0.418096723868955,0.662939297124601,0.0872374798061389,0.92755905511811,0.187702265372168,0.0743670886075949,0.631578947368421,0.436335403726708,0.272583201267829,0,0.81042654028436,0.0917721518987342,0.08125,0.624803767660911,0.0658307210031348,0.0960264900662252,0.911392405063291,0,0.0930232558139535,0.0755007704160247,0.1198738170347,0.391975308641975,0.92845786963434,0.194620253164557,0.768759571209801,0.770903010033445,0,0.437898089171975,0.453689167974882,0.434169278996865,0,0.703525641025641,0.156398104265403,0.425897035881435,0.511700468018721,0.874809160305344,0,0,0.0676691729323308,0.0923076923076923,0,0.138147566718995,0,0,0,0.0760697305863708,0,0.0798722044728434,0.27724358974359,0.501557632398754,0.0690184049079755,0,0,0.0770440251572327,0.106544901065449,0.347222222222222,0.92846034214619,0,0.180404354587869,0.44496855345912,0.0692913385826772,0.541085271317829,0.657051282051282,0,0.0933125972006221,0.928571428571429,0.116057233704293,0.866242038216561,0,0.914503816793893,0.824476650563607,0.558823529411765,0.0984375,0,0.114329268292683,0.105100463678516,0.0741324921135647,0,0.886075949367089,0.119800332778702,0.926350245499182,0.0763239875389408,0.0789473684210526,0.945820433436533,0.0812101910828025,0.69047619047619,0.251192368839428,0.917573872472784,0.810679611650485,0.114779874213836,0,0.92259083728278,0.0987654320987654,0.927066450567261,0.393841166936791,0.62200956937799,0,0.841091492776886,0.323717948717949,0.73094867807154,0.0892018779342723,0.925396825396825,0.844961240310077,0.561688311688312,0.126717557251908,0.18266253869969,0.110935023771791,0.332268370607029,0,0.102009273570325,0.925531914893617,0.10459587955626,0.597738287560582,0.919254658385093,0.0708661417322835,0.0804416403785489,0.073015873015873,0.421383647798742,0.0868217054263566,0.826645264847512,0.789808917197452,0.121495327102804,0.181240063593005,0,0,0.0744849445324881,0.134831460674157,0.922953451043339,0.0817307692307692,0.0809968847352025,0.640944881889764,0.135135135135135,0.326892109500805,0.180995475113122,0,0.097444089456869,0.645833333333333,0.0676100628930818,0.0751173708920188,0,0.418096723868955,0.10207336523126,0.923676012461059,0.38801261829653,0.619344773790952,0.285496183206107,0.38351822503962,0.10806697108067,1,0.0818619582664527,0.0758513931888545,0.0985691573926868,0.68,0.817034700315457,0.0807453416149068,0.0705329153605016,0,0.281931464174455,0.58161648177496,0.733124018838305,0.302795031055901,0.0770440251572327,0.180952380952381,0.0733229329173167,0.114551083591331,0.921951219512195,0,0.252730109204368,0.921221864951768,0.927018633540373,0.712050078247261,0,0.0863422291993721,0.16796267496112,0.0758293838862559,0.081377151799687,0.992063492063492,0.92845786963434,0,0,0.803514376996805,0.865079365079365,0.824644549763033,0,0.925117004680187,0.0670826833073323,0.397515527950311,0.685897435897436,0.0814696485623003,0.454545454545455,0.100158982511924,0.404651162790698,0.40527950310559,0,0.0768049155145929,0.609250398724083,0.526148969889065,0.145061728395062,0.0799373040752351,0.610852713178295,0,0.111111111111111,0.104615384615385,0,0.109230769230769,0.90795631825273,0.0910569105691057,0.562790697674419,0,0,0.505709624796085,0.238019169329073,0.921752738654147,0.831168831168831,0,0,0.29500756429652,0.917197452229299,0.0682196339434276,0.681047765793529,0.07981220657277,0.919629057187017,0.627172195892575,0.717219589257504,0.195548489666137,0.8432,0.917057902973396,0,0.899841017488076,0,0.0812883435582822,0.741883116883117,0.0870229007633588,0.927899686520376,0.0692431561996779,0,0.556732223903177,0.562599049128368,0.0725552050473186,0,0.0733229329173167,0,0.619124797406807,0.084375,0,0.389570552147239,0.0925039872408294,0.322429906542056,0.114516129032258,0.905864197530864,0,0.0729001584786054,0.719242902208202,0,0.351181102362205,0.923308270676692,0.906870229007634,0.0667726550079491,0.068362480127186,0.087962962962963,0.0919175911251981,0.0920634920634921,0,0.0921875,0,0.632970451010886,0.700156985871272,0.0842433697347894,0.0740157480314961,0.0857580398162328,0.088785046728972,0.0313971742543171,0.92246835443038,0.0841584158415842,0.117465224111283,0.34715821812596,0.0930599369085174,0.0722135007849294,0.100313479623824,0,0,0.0946564885496183,0,0.995384615384615,0,0.116169544740973,0.699836867862969,0.79047619047619,0.841538461538462,0.138582677165354,0.0015527950310559,0.853080568720379,0.0753532182103611,0.0799373040752351,0.405448717948718,0.587878787878788,0.814925373134328,0.777265745007681,0.413848631239936,0.918238993710692,0.8375,0.481072555205047,0.722308892355694,0.368827160493827,0.915625,0,0.924071082390953,0.679032258064516,0.0691318327974277,0.390432098765432,0.748484848484849,0.437403400309119,0.187878787878788,0.0716463414634146,0.116316639741519,0.0865384615384615,0.0684713375796178,0.0758293838862559,0.478193146417445,0.604395604395604,0.06875,0.921804511278196,0.918461538461538,0.20125786163522,0,0.0747663551401869,0.0998439937597504,0,0.845295055821372,0,0.121019108280255,0,0.100313479623824,0.0862068965517241,0.941358024691358,0.211690363349131,0.0747663551401869,0.386942675159236,0.406003159557662,0.1888,0,0,0.14168039538715,0.115501519756839,0.0870917573872473,0,0,0.928571428571429,0.744976816074189,0.510236220472441,0,0.55608214849921,0,0.140822784810127,0.0791139240506329,0.776714513556619,0.83179012345679,0,0.651273885350318,0.495192307692308,0.211598746081505,0.098310291858679,0.282608695652174,0.925632911392405,0.0841423948220065,0.0841269841269841,0.0751633986928105,0,0.0847457627118644,0,0.0644122383252818,0.921875,0.575320512820513,0,0,0.244582043343653,0.144694533762058,0.131045241809672,0.327131782945736,0.907575757575758,0.915335463258786,0.236677115987461,0.247295208655332,0,0.91496062992126,0.105180533751962,0,0.0850722311396469,0.109204368174727,0.887147335423197,0.00156985871271586,0.927580893682589,0.0697674418604651,0.550793650793651,1,0.962783171521036,0.825617283950617,0.3728,0.834108527131783,0.0742496050552923,0,0.30188679245283,0.0889235569422777,0,0,0.924012158054711,0,0.93217665615142,0.0770440251572327,0.349282296650718,0.924315619967794,0.917460317460317,0.486529318541997,0.108452950558214,0.570093457943925,0,0.933333333333333,0.0435483870967742,0.0111287758346582,0,0.753968253968254,0.917933130699088,0.929022082018927,0.923076923076923,0.922958397534669,0.00158730158730159,0.00310077519379845,0.912908242612753,0.00955414012738853,0.0048,0.0271565495207668,0.00928792569659443,0.00310077519379845,0.924528301886792,0.0157728706624606,0.932692307692308,0.930708661417323,0,0.916271721958926,0.04375,0.926216640502355,0.84037558685446,0.925076452599388,0.925117004680187
"799",0.0998363338788871,0.109149277688604,0.132911392405063,0.152823920265781,0.106969205834684,0.0983606557377049,0.194762684124386,0.124183006535948,0.0965732087227414,0,0.103174603174603,0,0.580385852090032,0.103109656301146,0.877221324717286,0.898251192368839,0,0.0016260162601626,0.102272727272727,0.114649681528662,0.789137380191693,0.880199667221298,0.1088,0,0.143759873617694,0.776337115072934,0.823151125401929,0.100660066006601,0.579365079365079,0.360446570972887,0.905956112852665,0.404458598726115,0.333333333333333,0.678972712680578,0,0.104065040650407,0.00794912559618442,0.108108108108108,0.726153846153846,0.18370607028754,0,0,0,0.0970394736842105,0.303630363036304,0.889430894308943,0.565428109854604,0.896103896103896,0.565625,0.818325434439178,0,0.107142857142857,0.709003215434084,0.10586319218241,0.200652528548124,0.788709677419355,0,0.119476268412439,0.132471728594507,0.192789968652038,0.671406003159558,0.610305958132045,0.900161030595813,0,0.200663349917081,0.258320126782884,0,0.1088,0,0.901315789473684,0.233807266982622,0.887640449438202,0.896496815286624,0.089622641509434,0,0.390282131661442,0.873617693522907,0.518167456556082,0.197044334975369,0.737649063032368,0,0.390205371248025,0.868462757527734,0.0913385826771654,0.817152103559871,0.189320388349515,0.092948717948718,0.125984251968504,0.130990415335463,0,0.102893890675241,0.0944,0,0,0.131795716639209,0,0.684126984126984,0.119236883942766,0,0,0.440705128205128,0,0.717285945072698,0.0963081861958267,0.84012539184953,0.100164203612479,0,0.121019108280255,0.901800327332242,0.897226753670473,0.894651539708266,0.17124394184168,0.699044585987261,0.106796116504854,0,0.110032362459547,0.389337641357027,0,0.901098901098901,0.749601275917065,0,0.348460291734198,0.743178170144462,0.848837209302326,0.116613418530351,0.811501597444089,0.102523659305994,0.0987261146496815,0,0.496012759170654,0.168852459016393,0.539708265802269,0.110561056105611,0,0.105175292153589,0.905511811023622,0,0.756888168557536,0.472178060413355,0.538842975206612,0,0,0.121951219512195,0.343089430894309,0.823723228995058,0.100977198697068,0.90032154340836,0.165354330708661,0.645695364238411,0.112,0.804523424878837,0.112721417069243,0.0935483870967742,0.26461038961039,0.109500805152979,0.899186991869919,0.106451612903226,0.898387096774194,0,0.338235294117647,0.23444976076555,0.123397435897436,0.89622641509434,0,0.103448275862069,0.580698835274542,0.100502512562814,0.0948553054662379,0.0984126984126984,0.6875,0.115689381933439,0.893548387096774,0.150234741784038,0.912087912087912,0.199675324675325,0.682539682539683,0,0.121359223300971,0,0.249190938511327,0.0972886762360447,0.815789473684211,0.126805778491172,0.148089171974522,0.105426356589147,0.117739403453689,0.842696629213483,0.665079365079365,0.177924217462932,0.149501661129568,0.875,0.904,0.115823817292007,0.22508038585209,0,0,0.714516129032258,0,0.0985915492957746,0.737678855325914,0.21078431372549,0.332802547770701,0.101721439749609,0.598684210526316,0.587579617834395,0.701954397394137,0.173354735152488,0.137318255250404,0.221337579617834,0,0.212460063897764,0.796416938110749,0.151612903225806,0.907317073170732,0.960191082802548,0.513687600644122,0.120826709062003,0.117554858934169,0.281505728314239,0.104333868378812,0.215780998389694,0,0.958664546899841,0.431034482758621,0.106382978723404,0,0.111287758346582,0.110248447204969,0.512987012987013,0.51294498381877,0.114331723027375,0.102819237147595,0.640983606557377,0,0.1953125,0.561290322580645,0.120200333889816,0.904912836767036,0.125786163522013,0.0922330097087379,0.0930979133226324,0.158833063209076,0.525236593059937,0.898387096774194,0.125996810207337,0.536624203821656,0.89010989010989,0.89358372456964,0.754838709677419,0.903225806451613,0.799347471451876,0.392523364485981,0.904458598726115,0.908507223113965,0.890701468189233,0.466248037676609,0.894563426688633,0.109477124183007,0,0.903752039151713,0,0.730578512396694,0.104669887278583,0.126602564102564,0.197389885807504,0,0.233333333333333,0.238317757009346,0.40194489465154,0.501602564102564,0.701923076923077,0.560975609756098,0,0.0826580226904376,0.837837837837838,0.384116693679092,0.136585365853659,0.886792452830189,0.317891373801917,0.9136,0.835987261146497,0.0987460815047022,0.100826446280992,0.195826645264847,0,0.402225755166932,0.199346405228758,0,0.898251192368839,0.191222570532915,0.123176661264182,0,0.896496815286624,0.899513776337115,0.116086235489221,0.224590163934426,0.9,0,0.641838351822504,0.113300492610837,0.300955414012739,0.652733118971061,0.395833333333333,0.133545310015898,0.902866242038217,0.101587301587302,0.0990415335463259,0.895765472312704,0.1184,0.0938511326860841,0.124183006535948,0.0990415335463259,0.7984,0.671428571428571,0.701923076923077,0.114754098360656,0.163366336633663,0.00635930047694754,0.726688102893891,0.130081300813008,0.825525040387722,0.6859375,0.114104595879556,0.106796116504854,0.132471728594507,0.398692810457516,0.088785046728972,0.72168284789644,0.135566188197767,0.0956239870340357,0,0.678233438485804,0.503311258278146,0.893203883495146,0.00485436893203883,0.8921875,0.180223285486443,0.870813397129187,0.913738019169329,0,0.778491171749599,0.106732348111658,0.845295055821372,0.11973018549747,0.13365539452496,0.11038961038961,0.713584288052373,0.712374581939799,0.424878836833603,0.6110183639399,0,0.274193548387097,0.886792452830189,0.902555910543131,0.77373417721519,0.102106969205835,0.894654088050314,0,0.652665589660743,0.886035313001605,0.884552845528455,0.618506493506494,0.0916530278232406,0.737274220032841,0.0963455149501661,0.127035830618893,0,0.106317411402157,0.910112359550562,0.097331240188383,0.263492063492063,0.105,0.896607431340872,0.121069182389937,0.9072,0.213483146067416,0.366942148760331,0.150641025641026,0.117363344051447,0.0957792207792208,0.703525641025641,0.136807817589577,0.100787401574803,0.896062992125984,0.899186991869919,0.0970394736842105,0.0943089430894309,0.7008,0.202229299363057,0.114617940199336,0.147619047619048,0.0956937799043062,0,0.840983606557377,0.103833865814696,0.899038461538462,0,0.137161084529506,0,0.873563218390805,0.0960629921259843,0.119354838709677,0,0.425806451612903,0.637820512820513,0.108374384236453,0.898839137645108,0.24390243902439,0.0946843853820598,0.66006600660066,0.4528,0.296052631578947,0,0.808064516129032,0.115321252059308,0.110210696920583,0.605815831987076,0.0969793322734499,0.112956810631229,0.901453957996769,0,0.1152,0.099025974025974,0.138613861386139,0.421974522292994,0.906050955414013,0.236928104575163,0.764521193092622,0.765202702702703,0,0.467105263157895,0.451718494271686,0.449206349206349,0,0.733113673805601,0.181818181818182,0.454545454545455,0.567524115755627,0.868421052631579,0,0,0.0941358024691358,0.107981220657277,0,0.170926517571885,0,0,0,0.10016155088853,0,0.103505843071786,0.296650717703349,0.525902668759812,0.0916271721958926,0,0,0.098546042003231,0.141965678627145,0.385103011093502,0.912,0,0.196232339089482,0.453543307086614,0.0920840064620355,0.539432176656151,0.683279742765273,0,0.121642969984202,0.904761904761905,0.143564356435644,0.856209150326797,0,0.891304347826087,0.818181818181818,0.568760611205433,0.123003194888179,0,0.148499210110585,0.125996810207337,0.0961538461538462,0,0.864077669902913,0.159592529711375,0.904841402337229,0.0998439937597504,0.10410094637224,0.924920127795527,0.105008077544426,0.697411003236246,0.266881028938907,0.893719806763285,0.787828947368421,0.142156862745098,0,0.900481540930979,0.1168,0.902155887230514,0.439024390243902,0.637254901960784,0,0.825196850393701,0.372742200328407,0.7312,0.122186495176849,0.900158478605388,0.839116719242902,0.576470588235294,0.159055118110236,0.206201550387597,0.135483870967742,0.359143327841845,0,0.12540192926045,0.905063291139241,0.131707317073171,0.621931260229133,0.897151898734177,0.0959119496855346,0.0964630225080386,0.0941558441558442,0.45933014354067,0.109177215189873,0.817589576547231,0.780130293159609,0.136807817589577,0.209003215434084,0,0,0.108766233766234,0.164744645799012,0.899835796387521,0.113237639553429,0.111290322580645,0.65,0.154220779220779,0.338815789473684,0.198748043818466,0,0.121794871794872,0.66504854368932,0.0991869918699187,0.105008077544426,0,0.436482084690554,0.130794701986755,0.898858075040783,0.410130718954248,0.648953301127214,0.305900621118012,0.39413680781759,0.131578947368421,0.965463108320251,0.105436573311367,0.104,0.1232,0.700331125827815,0.800963081861958,0.104430379746835,0.0933544303797468,0,0.316037735849057,0.586538461538462,0.752396166134185,0.3408,0.0979133226324237,0.219745222929936,0.0998415213946117,0.13166144200627,0.893333333333333,0,0.2776886035313,0.898222940226171,0.903381642512077,0.725832012678288,0,0.116613418530351,0.192926045016077,0.094551282051282,0.101105845181675,1,0.90311986863711,0,0,0.786407766990291,0.835772357723577,0.815181518151815,0,0.901116427432217,0.0969793322734499,0.367670364500792,0.696013289036545,0.107667210440457,0.475490196078431,0.125,0.427444794952681,0.417061611374408,0,0.0990712074303406,0.627642276422764,0.531502423263328,0.163751987281399,0.106918238993711,0.618441971383148,0,0.146774193548387,0.134706814580032,0,0.138801261829653,0.893312101910828,0.11686143572621,0.5744,0,0,0.541666666666667,0.269918699186992,0.894736842105263,0.821603927986907,0,0,0.340625,0.884244372990354,0.0941176470588235,0.696774193548387,0.110576923076923,0.894568690095847,0.600321027287319,0.728171334431631,0.231281198003328,0.836902800658979,0.896774193548387,0,0.874794069192751,0,0.107765451664025,0.715,0.117088607594937,0.904220779220779,0.101777059773829,0,0.63166144200627,0.591803278688525,0.0932475884244373,0,0.10031847133758,0,0.636513157894737,0.110935023771791,0,0.412225705329154,0.123993558776167,0.352845528455285,0.148208469055375,0.886581469648562,0,0.100638977635783,0.729200652528548,0,0.402576489533011,0.901716068642746,0.89622641509434,0.0806451612903226,0.0873146622734761,0.110584518167457,0.121794871794872,0.121405750798722,0,0.106796116504854,0,0.656645569620253,0.725239616613419,0.103668261562998,0.104404567699837,0.115141955835962,0.111635220125786,0.0369181380417336,0.895330112721417,0.110169491525424,0.129337539432177,0.384493670886076,0.119162640901771,0.0959119496855346,0.122222222222222,0,0,0.124804992199688,0,0.957613814756672,0,0.13946117274168,0.741721854304636,0.791318864774624,0.8224,0.178217821782178,0.00160513643659711,0.82306477093207,0.10031847133758,0.107717041800643,0.413570274636511,0.605546995377504,0.825153374233129,0.775700934579439,0.444444444444444,0.896661367249603,0.822222222222222,0.50974025974026,0.724306688417618,0.397456279809221,0.896166134185304,0,0.897226753670473,0.689935064935065,0.0981697171381032,0.408874801901743,0.754303599374022,0.472491909385113,0.21993670886076,0.115625,0.138613861386139,0.116693679092382,0.0965630114566285,0.0943089430894309,0.531400966183575,0.626198083067093,0.0919354838709677,0.903076923076923,0.898119122257053,0.232633279483037,0,0.101105845181675,0.1216,0,0.836700336700337,0,0.152350081037277,0,0.1216,0.1072,0.921135646687697,0.235864297253635,0.09375,0.404643449419569,0.4304,0.212662337662338,0,0,0.175379426644182,0.154320987654321,0.113057324840764,0,0,0.90787269681742,0.737678855325914,0.528180354267311,0,0.615635179153095,0,0.159802306425041,0.106035889070147,0.765751211631664,0.84044233807267,0,0.666666666666667,0.492706645056726,0.224522292993631,0.131455399061033,0.304897314375987,0.9008,0.112582781456954,0.0758064516129032,0.0939044481054366,0,0.1140625,0,0.0833333333333333,0.904376012965964,0.548440065681445,0,0,0.286624203821656,0.175609756097561,0.14937106918239,0.356918238993711,0.886075949367089,0.896607431340872,0.25686591276252,0.277165354330709,0,0.903691813804173,0.130225080385852,0,0.10655737704918,0.133122028526149,0.869143780290792,0,0.900641025641026,0.0993690851735016,0.601317957166392,0.962783171521036,1,0.804451510333863,0.413680781758958,0.830427892234548,0.103727714748784,0,0.331715210355987,0.110576923076923,0,0,0.894245723172628,0,0.901116427432217,0.1,0.339434276206323,0.901315789473684,0.893092105263158,0.523654159869494,0.128874388254486,0.6016,0.00315955766192733,0.9,0.0504885993485342,0.0096,0,0.742200328407225,0.897476340694006,0.904065040650406,0.892913385826772,0.899053627760252,0.00490196078431373,0.00316957210776545,0.887820512820513,0.00647249190938511,0.00327332242225859,0.0305466237942122,0.00647249190938511,0.00476947535771065,0.897560975609756,0.014446227929374,0.903814262023217,0.908646003262643,0.00164744645799012,0.896607431340872,0.0519685039370079,0.906902086677368,0.819063004846527,0.905660377358491,0.895666131621188
"800",0.114285714285714,0.111111111111111,0.14525993883792,0.168769716088328,0.127591706539075,0.116242038216561,0.201574803149606,0.140625,0.117737003058104,0,0.117924528301887,0,0.497674418604651,0.105511811023622,0.883647798742138,0.886850152905199,0,0,0.117739403453689,0.137071651090343,0.802795031055901,0.880952380952381,0.131045241809672,0,0.157407407407407,0.720379146919431,0.818897637795276,0.119162640901771,0.593607305936073,0.429012345679012,0.88208269525268,0.420970266040689,0.339652448657188,0.687402799377916,0,0.118461538461538,0.0060882800608828,0.118461538461538,0.754491017964072,0.190993788819876,0,0,0,0.109717868338558,0.318840579710145,0.903576982892691,0.511006289308176,0.894321766561514,0.615501519756839,0.805135951661631,0,0.116640746500778,0.71606864274571,0.113884555382215,0.205974842767296,0.917591125198098,0,0.129485179407176,0.155487804878049,0.211009174311927,0.688172043010753,0.617647058823529,0.890822784810127,0,0.199685534591195,0.298761609907121,0,0.133228840125392,0,0.886115444617785,0.23374613003096,0.882442748091603,0.87789799072643,0.114155251141553,0,0.391371340523883,0.878315132605304,0.487062404870624,0.213716108452951,0.873544093178037,0,0.380585516178737,0.764885496183206,0.112633181126332,0.833841463414634,0.197901049475262,0.120184899845917,0.145061728395062,0.13302752293578,0,0.126198083067093,0.11353032659409,0,0,0.13968253968254,0,0.675883256528418,0.139318885448916,0,0,0.46801872074883,0,0.729264475743349,0.104265402843602,0.824508320726172,0.10459587955626,0,0.132398753894081,0.897314375987362,0.886850152905199,0.888888888888889,0.186813186813187,0.794117647058823,0.107424960505529,0,0.133540372670807,0.38006230529595,0,0.895638629283489,0.76056338028169,0,0.3578125,0.731669266770671,0.846645367412141,0.135384615384615,0.808641975308642,0.114854517611026,0.112480739599384,0,0.520186335403727,0.180555555555556,0.556618819776715,0.123824451410658,0,0.10952380952381,0.888048411497731,0,0.777429467084639,0.425897035881435,0.539325842696629,0,0,0.131901840490798,0.343122102009274,0.789223454833597,0.112852664576803,0.886115444617785,0.181114551083591,0.709779179810726,0.1321044546851,0.8144,0.11864406779661,0.106349206349206,0.271889400921659,0.112654320987654,0.891509433962264,0.104294478527607,0.888188976377953,0,0.374803149606299,0.227067669172932,0.13587786259542,0.891729323308271,0,0.101669195751138,0.593949044585987,0.115569823434992,0.1,0.101823708206687,0.689497716894977,0.12210200927357,0.883720930232558,0.164362519201229,0.891044776119403,0.212264150943396,0.629860031104199,0,0.12597200622084,0,0.249609984399376,0.110077519379845,0.809148264984227,0.125581395348837,0.167950693374422,0.110778443113772,0.143511450381679,0.923195084485407,0.754887218045113,0.2,0.1743264659271,0.8609375,0.889230769230769,0.1296,0.231481481481481,0,0,0.711598746081505,0,0.110606060606061,0.844175491679274,0.214618973561431,0.320552147239264,0.117103235747304,0.603448275862069,0.586687306501548,0.718799368088468,0.1850699844479,0.141287284144427,0.236006051437216,0,0.210687022900763,0.801282051282051,0.169544740973312,0.883830455259027,0.823619631901841,0.518461538461538,0.125581395348837,0.132730015082956,0.290880503144654,0.108562691131498,0.216640502354788,0,0.832288401253918,0.426403641881639,0.116535433070866,0,0.116666666666667,0.12743628185907,0.511627906976744,0.55054432348367,0.116169544740973,0.115384615384615,0.648351648351648,0,0.207261724659607,0.561815336463224,0.141479099678457,0.893518518518518,0.155589123867069,0.113884555382215,0.122291021671827,0.159810126582278,0.565950920245399,0.88871473354232,0.137071651090343,0.499231950844854,0.887366818873668,0.883333333333333,0.772307692307692,0.890092879256966,0.805598755832037,0.403007518796992,0.88597842835131,0.887692307692308,0.889400921658986,0.486902927580894,0.86084142394822,0.123809523809524,0,0.878086419753086,0,0.735202492211838,0.108320251177394,0.129485179407176,0.221528861154446,0,0.236421725239617,0.252679938744257,0.41304347826087,0.491499227202473,0.59375,0.567610062893082,0,0.110764430577223,0.851226993865031,0.407166123778502,0.145339652448657,0.889400921658986,0.35968992248062,0.88390092879257,0.893023255813953,0.114854517611026,0.117932148626817,0.1984,0,0.440366972477064,0.205974842767296,0,0.881458966565349,0.207261724659607,0.1328125,0,0.889393939393939,0.88719512195122,0.1344,0.233438485804416,0.898089171974522,0,0.61875,0.130365659777424,0.32370820668693,0.755832037325039,0.438871473354232,0.14175654853621,0.886503067484663,0.113808801213961,0.109737248840804,0.876175548589342,0.143297380585516,0.118564742589704,0.138977635782748,0.115384615384615,0.790372670807453,0.687116564417178,0.725581395348837,0.140157480314961,0.17124394184168,0.0062111801242236,0.749611197511664,0.143740340030912,0.7947932618683,0.744326777609682,0.122670807453416,0.112852664576803,0.140888208269525,0.390127388535032,0.0961832061068702,0.769953051643192,0.146831530139104,0.113385826771654,0,0.669724770642202,0.492890995260663,0.900466562986003,0.00614439324116743,0.871212121212121,0.205287713841369,0.879499217527387,0.889561270801815,0,0.752688172043011,0.111459968602826,0.855345911949686,0.127035830618893,0.140215716486903,0.120556414219474,0.71097372488408,0.713821138211382,0.398133748055988,0.662866449511401,0,0.294117647058824,0.880551301684533,0.870229007633588,0.808411214953271,0.113029827315542,0.892307692307692,0,0.683641975308642,0.875957120980092,0.8828125,0.555555555555556,0.11993769470405,0.850556438791733,0.110047846889952,0.132605304212168,0,0.111929307805596,0.876146788990826,0.116843702579666,0.286384976525822,0.107667210440457,0.883830455259027,0.140243902439024,0.882442748091603,0.211981566820276,0.393987341772152,0.164869029275809,0.128086419753086,0.1109375,0.71585557299843,0.147515527950311,0.102134146341463,0.892911010558069,0.87111801242236,0.111459968602826,0.110942249240122,0.811526479750779,0.204615384615385,0.150882825040128,0.155963302752294,0.11791730474732,0,0.862179487179487,0.111111111111111,0.889235569422777,0,0.1421875,0,0.9015625,0.105022831050228,0.146645865834633,0,0.448494453248811,0.5796875,0.130094043887147,0.893376413570275,0.245192307692308,0.114467408585056,0.664546899841017,0.452307692307692,0.330721003134796,0,0.803100775193798,0.126182965299685,0.113354037267081,0.568535825545171,0.11890243902439,0.140065146579805,0.88006230529595,0,0.125377643504532,0.117370892018779,0.143079315707621,0.385432473444613,0.87962962962963,0.23444976076555,0.73374613003096,0.752864157119476,0,0.460218408736349,0.459968602825746,0.463678516228748,0,0.822866344605475,0.204651162790698,0.43778801843318,0.571870170015456,0.855639097744361,0,0,0.107302533532042,0.142857142857143,0,0.189230769230769,0,0,0,0.119496855345912,0,0.120826709062003,0.307692307692308,0.538461538461538,0.106382978723404,0,0,0.1198738170347,0.152238805970149,0.384732824427481,0.886503067484663,0,0.207001522070015,0.470588235294118,0.113846153846154,0.503076923076923,0.755868544600939,0,0.13323124042879,0.875,0.150943396226415,0.896389324960754,0,0.877245508982036,0.825196850393701,0.5328,0.139280125195618,0,0.167427701674277,0.130030959752322,0.111111111111111,0,0.912363067292645,0.166666666666667,0.891585760517799,0.101669195751138,0.103658536585366,0.877112135176651,0.109907120743034,0.721286370597244,0.299531981279251,0.890282131661442,0.774244833068362,0.145736434108527,0,0.886996904024768,0.138719512195122,0.894904458598726,0.453821656050955,0.606531881804043,0,0.829493087557604,0.350877192982456,0.72952086553323,0.141975308641975,0.893416927899687,0.807044410413476,0.581168831168831,0.156862745098039,0.212349397590361,0.147919876733436,0.343799058084772,0,0.129770992366412,0.889400921658986,0.136012364760433,0.641269841269841,0.89409984871407,0.104776579352851,0.1125,0.106012658227848,0.421947449768161,0.123456790123457,0.818466353677621,0.788643533123028,0.172628304821151,0.211746522411128,0,0,0.107476635514019,0.1824,0.883280757097792,0.123809523809524,0.120556414219474,0.669781931464174,0.175718849840256,0.355450236966825,0.199697428139183,0,0.139968895800933,0.663492063492063,0.114374034003091,0.11214953271028,0,0.456964006259781,0.137440758293839,0.891679748822606,0.406698564593301,0.740340030911901,0.288490284005979,0.421800947867299,0.157337367624811,0.821917808219178,0.1264,0.12,0.129429892141757,0.686614173228347,0.798107255520505,0.116923076923077,0.116138763197587,0,0.315384615384615,0.584097859327217,0.871715610510046,0.336906584992343,0.126959247648903,0.235202492211838,0.111111111111111,0.110773899848255,0.8743961352657,0,0.291021671826625,0.8859375,0.886153846153846,0.86687306501548,0,0.112480739599384,0.18140243902439,0.117465224111283,0.119083969465649,0.826291079812207,0.894736842105263,0,0,0.810897435897436,0.848341232227488,0.843700159489633,0,0.882352941176471,0.10752688172043,0.376722817764165,0.707086614173228,0.116535433070866,0.47175572519084,0.144409937888199,0.447530864197531,0.423076923076923,0,0.113095238095238,0.635646687697161,0.548286604361371,0.170437405731523,0.123456790123457,0.632558139534884,0,0.154083204930663,0.147640791476408,0,0.14027149321267,0.869029275808937,0.120385232744783,0.585253456221198,0,0,0.555374592833876,0.273301737756714,0.886292834890966,0.950636942675159,0,0,0.366766467065868,0.873217115689382,0.111111111111111,0.807044410413476,0.112291350531108,0.892802450229709,0.633435582822086,0.655172413793103,0.226984126984127,0.834123222748815,0.885448916408669,0,0.863849765258216,0,0.107197549770291,0.722852512155592,0.131024096385542,0.886970172684458,0.112,0,0.541284403669725,0.58814352574103,0.1112828438949,0,0.109422492401216,0,0.738362760834671,0.124624624624625,0,0.415007656967841,0.121306376360809,0.330708661417323,0.159305993690852,0.903522205206738,0,0.107858243451464,0.841194968553459,0,0.415384615384615,0.891851851851852,0.880434782608696,0.120063191153239,0.107476635514019,0.125766871165644,0.130841121495327,0.123076923076923,0,0.138198757763975,0,0.644961240310078,0.842679127725857,0.115085536547434,0.112480739599384,0.123493975903614,0.120426829268293,0.0353302611367127,0.894245723172628,0.139871382636656,0.13914373088685,0.359090909090909,0.14064914992272,0.108191653786708,0.137557959814529,0,0,0.13075780089153,0,0.829007633587786,0.0015527950310559,0.145061728395062,0.8496,0.750793650793651,0.818320610687023,0.198425196850394,0.00153374233128834,0.882629107981221,0.110769230769231,0.111963190184049,0.442546583850932,0.638805970149254,0.760059612518629,0.996941896024465,0.408874801901743,0.894409937888199,0.813169984686064,0.514820592823713,0.759316770186335,0.378582202111614,0.872239747634069,0,0.875981161695447,0.65511811023622,0.104761904761905,0.422535211267606,0.748872180451128,0.460815047021944,0.227692307692308,0.112307692307692,0.14951768488746,0.140405616224649,0.106180665610143,0.121835443037975,0.56468797564688,0.695384615384615,0.115987460815047,0.892215568862275,0.880844645550528,0.237003058103976,0,0.114155251141553,0.149773071104387,0,0.829953198127925,0,0.153488372093023,0,0.133435582822086,0.115919629057187,0.882442748091603,0.276729559748428,0.109756097560976,0.423622047244094,0.438759689922481,0.209627329192547,0,0,0.180194805194805,0.162962962962963,0.122324159021407,0,0,0.889776357827476,0.779122541603631,0.544615384615385,0,0.658346333853354,0,0.189189189189189,0.117829457364341,0.748792270531401,0.73587786259542,0,0.740384615384615,0.460815047021944,0.230529595015576,0.146341463414634,0.326186830015314,0.889763779527559,0.125996810207337,0.0899390243902439,0.1152,0,0.12937595129376,0,0.113207547169811,0.894154818325434,0.552590266875981,0,0,0.286604361370716,0.1792,0.159264931087289,0.382848392036753,0.880484114977307,0.89358372456964,0.26046511627907,0.245852187028658,0,0.905132192846034,0.134883720930233,0,0.132701421800948,0.155725190839695,0.853846153846154,0.00614439324116743,0.8828125,0.10752688172043,0.663507109004739,0.825617283950617,0.804451510333863,1,0.393939393939394,0.834862385321101,0.122065727699531,0,0.354938271604938,0.12824427480916,0,0,0.887218045112782,0,0.885093167701863,0.10752688172043,0.378763866877971,0.883096366508689,0.885579937304075,0.519230769230769,0.152276295133438,0.619047619047619,0.00914634146341463,0.888178913738019,0.062200956937799,0.00927357032457496,0,0.735524256651017,0.882621951219512,0.881064162754304,0.87673343605547,0.89041095890411,0.00467289719626168,0.0107858243451464,0.877708978328173,0.00766871165644172,0.00316455696202532,0.0169753086419753,0.00611620795107034,0.00768049155145929,0.887345679012346,0.0123456790123457,0.886942675159236,0.885220125786163,0.00938967136150235,0.885400313971743,0.0363636363636364,0.893682588597843,0.808641975308642,0.886736214605067,0.890795631825273
"801",0.697560975609756,0.685303514376997,0.721958925750395,0.707792207792208,0.69672131147541,0.686274509803922,0.728896103896104,0.703403565640194,0.6992,0,0.69620253164557,0,0.66068515497553,0.681229773462783,0.355095541401274,0.329563812600969,0,0.0161290322580645,0.687296416938111,0.704472843450479,0.439490445859873,0.333892617449664,0.688995215311005,0,0.736842105263158,0.496742671009772,0.387820512820513,0.676666666666667,0.756289308176101,0.691573926868045,0.317965023847377,0.782608695652174,0.910277324632953,0.502407704654896,0,0.684887459807074,0.0191387559808612,0.683544303797468,0.511450381679389,0.726837060702875,0.00162074554294976,0.0126984126984127,0.00313971742543171,0.691318327974277,0.706953642384106,0.334943639291465,0.633440514469453,0.3072,0.636923076923077,0.441130298273155,0,0.694041867954911,0.537360890302067,0.68860353130016,0.694308943089431,0.437704918032787,0,0.682410423452769,0.692063492063492,0.772585669781931,0.515723270440252,0.706539074960128,0.31869918699187,0,0.783387622149837,0.798107255520505,0,0.682410423452769,0,0.310569105691057,0.6736,0.309178743961353,0.317741935483871,0.694968553459119,0,0.920634920634921,0.35062893081761,0.786516853932584,0.76797385620915,0.502504173622704,0,0.759055118110236,0.5015625,0.68362480127186,0.435406698564593,0.725,0.695583596214511,0.720190779014308,0.689381933438986,0.00314465408805031,0.705107084019769,0.6832,0,0,0.685245901639344,0,0.524959742351047,0.703174603174603,0.00478468899521531,0.00650406504065041,0.6864,0,0.521531100478469,0.687702265372168,0.408736349453978,0.690048939641109,0.00484652665589661,0.706645056726094,0.302737520128824,0.320907617504052,0.313880126182965,0.720967741935484,0.543269230769231,0.685214626391097,0,0.706539074960128,0.771653543307087,0,0.304552590266876,0.51373182552504,0,0.893719806763285,0.535885167464115,0.38752052545156,0.696969696969697,0.427215189873418,0.687697160883281,0.673015873015873,0,0.660771704180064,0.707037643207856,0.660194174757282,0.68189233278956,0,0.681818181818182,0.304278922345483,0,0.495934959349593,0.663974151857835,0.677152317880795,0,0,0.705414012738854,0.86970684039088,0.46843853820598,0.679365079365079,0.304777594728171,0.707086614173228,0.604234527687296,0.694620253164557,0.440261865793781,0.701587301587302,0.678571428571429,0.7,0.688,0.307692307692308,0.690208667736758,0.324237560192616,0,0.85,0.747252747252747,0.696343402225755,0.338072669826224,0,0.685358255451713,0.620521172638437,0.699173553719008,0.695374800637959,0.679873217115689,0.493710691823899,0.704761904761905,0.330645161290323,0.697492163009404,0.314641744548287,0.746774193548387,0.565768621236133,0,0.681962025316456,0,0.7168,0.690821256038647,0.410828025477707,0.6992,0.7264,0.691019786910198,0.712050078247261,0.396496815286624,0.577223088923557,0.73134328358209,0.712662337662338,0.359746434231379,0.308917197452229,0.685154975530179,0.720634920634921,0,0,0.553366174055829,0.00158478605388273,0.694006309148265,0.508607198748044,0.723747980613893,0.715873015873016,0.700787401574803,0.609677419354839,0.633385335413417,0.551612903225806,0.686305732484076,0.693418940609952,0.763492063492063,0,0.712680577849117,0.461038961038961,0.719869706840391,0.32,0.377179080824089,0.659127625201939,0.692675159235669,0.70429252782194,0.850556438791733,0.681528662420382,0.817152103559871,0,0.387459807073955,0.85377358490566,0.6957928802589,0,0.691222570532915,0.691950464396285,0.667205169628433,0.646203554119548,0.686900958466454,0.690397350993378,0.580542264752791,0,0.724247226624406,0.729903536977492,0.712662337662338,0.312401883830455,0.716744913928013,0.6912,0.6875,0.741830065359477,0.631329113924051,0.328502415458937,0.719412724306688,0.64171974522293,0.298461538461538,0.298904538341158,0.423263327948304,0.293375394321767,0.426494345718901,0.675590551181102,0.305825242718447,0.315619967793881,0.324367088607595,0.6828125,0.327868852459016,0.710823909531502,0.00492610837438424,0.3152,0,0.493485342019544,0.711920529801324,0.705128205128205,0.701444622792937,0,0.745065789473684,0.759375,0.760904684975767,0.758454106280193,0.608695652173913,0.620967741935484,0.0048,0.679936305732484,0.4,0.764119601328904,0.7184,0.314785373608903,0.712680577849117,0.315955766192733,0.407232704402516,0.694488188976378,0.692691029900332,0.726677577741408,0,0.706349206349206,0.710823909531502,0,0.304075235109718,0.710077519379845,0.711974110032362,0,0.325914149443561,0.304140127388535,0.698541329011345,0.768472906403941,0.325,0,0.588328075709779,0.706168831168831,0.7398753894081,0.568690095846645,0.689320388349515,0.68362480127186,0.299363057324841,0.684627575277338,0.67304625199362,0.32569558101473,0.71474358974359,0.690553745928339,0.69281045751634,0.6957928802589,0.440705128205128,0.556603773584906,0.56043956043956,0.698019801980198,0.708818635607321,0.041335453100159,0.517184942716858,0.728455284552846,0.413629160063391,0.547839506172839,0.706924315619968,0.694308943089431,0.720893141945773,0.883870967741936,0.682965299684543,0.507269789983845,0.716300940438871,0.686495176848875,0,0.565768621236133,0.65252854812398,0.325396825396825,0.0476190476190476,0.320872274143302,0.712698412698413,0.34775641025641,0.315789473684211,0,0.477848101265823,0.698360655737705,0.384863123993559,0.705,0.717990275526742,0.707667731629393,0.560581583198708,0.535947712418301,0.823248407643312,0.608177172061329,0,0.831699346405229,0.316957210776545,0.328100470957614,0.468553459119497,0.69721767594108,0.3234375,0,0.57556270096463,0.320695102685624,0.33387358184765,0.616013071895425,0.681744749596123,0.50584307178631,0.670016750418761,0.713365539452496,0,0.683409436834094,0.289808917197452,0.67398119122257,0.821086261980831,0.70957095709571,0.32484076433121,0.699523052464229,0.3088,0.726688102893891,0.73841059602649,0.729001584786054,0.70253164556962,0.675675675675676,0.542993630573248,0.720893141945773,0.687598116169545,0.32753164556962,0.319935691318328,0.695581014729951,0.686119873817035,0.535657686212361,0.735015772870662,0.696517412935323,0.732371794871795,0.691573926868045,0,0.383223684210526,0.693163751987281,0.322368421052632,0,0.719745222929936,0.00657894736842105,0.345047923322684,0.682389937106918,0.705787781350482,0.00161290322580645,0.68370607028754,0.592948717948718,0.698360655737705,0.302287581699346,0.7056,0.684210526315789,0.6704,0.689102564102564,0.762903225806452,0,0.454106280193237,0.712439418416801,0.698387096774194,0.593851132686084,0.703349282296651,0.669505962521295,0.337539432176656,0,0.706814580031696,0.696574225122349,0.718649517684887,0.811111111111111,0.313213703099511,0.739130434782609,0.479623824451411,0.450171821305842,0.00484652665589661,0.865040650406504,0.664536741214057,0.711538461538462,0,0.523731587561375,0.734726688102894,0.840836012861736,0.682108626198083,0.369158878504673,0,0,0.680428134556575,0.687402799377916,0,0.688498402555911,0.00330578512396694,0,0,0.689935064935065,0,0.704132231404959,0.683279742765273,0.658346333853354,0.681528662420382,0,0,0.700949367088608,0.70606531881804,0.984202211690363,0.316037735849057,0.00167785234899329,0.70440251572327,0.681889763779528,0.688679245283019,0.642969984202212,0.556451612903226,0,0.692551505546751,0.322422258592471,0.730263157894737,0.383360522022838,0,0.31733746130031,0.413290113452188,0.586378737541528,0.684210526315789,0,0.70952380952381,0.700159489633174,0.6859375,0,0.369354838709677,0.707357859531773,0.304201680672269,0.685358255451713,0.679365079365079,0.323763955342903,0.685214626391097,0.547923322683706,0.728867623604466,0.317589576547231,0.444078947368421,0.728013029315961,0.0048,0.317817014446228,0.709470304975923,0.322061191626409,0.909240924092409,0.596747967479675,0,0.395833333333333,0.777408637873754,0.542857142857143,0.693290734824281,0.310289389067524,0.427230046948357,0.644518272425249,0.720496894409938,0.764150943396226,0.735725938009788,0.855973813420622,0,0.707936507936508,0.313664596273292,0.692058346839546,0.603252032520325,0.312893081761006,0.690363349131122,0.705314009661836,0.677884615384615,0.672,0.704654895666132,0.416129032258065,0.467637540453074,0.70048309178744,0.711356466876972,0,0,0.686786296900489,0.687702265372168,0.332247557003257,0.700320512820513,0.696682464454976,0.599041533546326,0.707119741100324,0.71264367816092,0.702830188679245,0,0.696141479099678,0.54071661237785,0.69983948635634,0.68370607028754,0,0.823723228995058,0.703703703703704,0.314009661835749,0.822075782537068,0.556982343499197,0.811437403400309,0.729903536977492,0.724349157733537,0.378335949764521,0.695581014729951,0.695859872611465,0.71656050955414,0.537953795379538,0.3568,0.688888888888889,0.687697160883281,0.00476947535771065,0.85062893081761,0.6120826709062,0.489731437598736,0.742718446601942,0.685154975530179,0.695934959349593,0.68370607028754,0.165876777251185,0.311036789297659,0,0.832268370607029,0.318181818181818,0.302737520128824,0.509554140127389,0,0.712903225806452,0.737421383647799,0.6875,0.683544303797468,0.402843601895735,0.311501597444089,0,0,0.462171052631579,0.385878489326765,0.435691318327974,0,0.304838709677419,0.671383647798742,0.1287284144427,0.552845528455285,0.679153094462541,0.676703645007924,0.697368421052632,0.71656050955414,0.694835680751174,0,0.698461538461538,0.605263157894737,0.662884927066451,0.731895223420647,0.696682464454976,0.592063492063492,0.0031496062992126,0.717285945072698,0.71606864274571,0,0.693023255813954,0.314785373608903,0.703150912106136,0.592417061611374,0,0.00322061191626409,0.684838160136286,0.763458401305057,0.313195548489666,0.414910858995138,0.00470957613814757,0.00166112956810631,0.70077519379845,0.329508196721311,0.685810810810811,0.564873417721519,0.69170579029734,0.302839116719243,0.536392405063291,0.539837398373984,0.771986970684039,0.373134328358209,0.311708860759494,0.00161030595813205,0.338762214983713,0,0.687789799072643,0.269102990033223,0.698142414860681,0.311708860759494,0.688311688311688,0,0.6390625,0.739344262295082,0.67047308319739,0,0.688291139240506,0,0.592532467532468,0.715189873417722,0,0.684044233807267,0.699186991869919,0.696141479099678,0.721311475409836,0.334913112164297,0,0.697262479871176,0.498333333333333,0,0.779365079365079,0.303875968992248,0.320251177394035,0.683954619124797,0.699680511182109,0.679365079365079,0.683042789223455,0.683954619124797,0,0.708333333333333,0.0141509433962264,0.567398119122257,0.516640253565769,0.677367576243981,0.688311688311688,0.695447409733124,0.708860759493671,0.0636942675159236,0.329617834394904,0.694214876033058,0.714285714285714,0.874411302982732,0.689274447949527,0.697637795275591,0.712715855572998,0,0,0.691358024691358,0,0.36650868878357,0,0.692556634304207,0.490131578947368,0.469421487603306,0.417981072555205,0.7376,0.0016,0.387301587301587,0.674157303370786,0.691455696202532,0.703883495145631,0.620583717357911,0.492354740061162,0.428346456692913,0.680194805194805,0.295886075949367,0.415730337078652,0.659711075441412,0.522364217252396,0.868878357030016,0.298887122416534,0,0.303715670436187,0.546191247974068,0.695364238410596,0.650238473767886,0.493788819875776,0.853968253968254,0.749603803486529,0.680817610062893,0.726666666666667,0.695652173913043,0.706176961602671,0.705691056910569,0.671474358974359,0.593354430379747,0.690048939641109,0.319083969465649,0.314152410575428,0.7648,0.00632911392405063,0.681962025316456,0.689873417721519,0,0.421138211382114,0,0.718901453957997,0,0.72107765451664,0.68503937007874,0.308544303797468,0.720634920634921,0.682242990654206,0.699346405228758,0.666139240506329,0.707472178060413,0,0,0.734426229508197,0.701700154559505,0.691823899371069,0,0,0.302479338842975,0.496050552922591,0.661264181523501,0,0.6224,0,0.69721767594108,0.697560975609756,0.400981996726678,0.51875,0,0.538336052202284,0.646302250803859,0.726550079491256,0.711356466876972,0.712903225806452,0.320512820512821,0.71523178807947,0.036624203821656,0.698019801980198,0,0.68944099378882,0.00317460317460317,0.677100494233937,0.331699346405229,0.185245901639344,0,0,0.814580031695721,0.757071547420965,0.715654952076677,0.702362204724409,0.318252730109204,0.30514096185738,0.672496025437202,0.670866141732283,0,0.323296354992076,0.720064724919094,0,0.675986842105263,0.711180124223602,0.365231259968102,0.0292207792207792,0.307073954983923,0.671406003159558,0.601317957166392,0.3728,0.413680781758958,0.393939393939394,1,0.392801251956182,0.690437601296596,0,0.855284552845528,0.700159489633174,0.0032,0,0.3125,0,0.332792207792208,0.676282051282051,0.674267100977199,0.315447154471545,0.323577235772358,0.67430441898527,0.710569105691057,0.723809523809524,0.0412044374009509,0.311367380560132,0.0619765494137353,0.0238853503184713,0,0.269480519480519,0.305993690851735,0.301282051282051,0.321144674085851,0.313572542901716,0.0368589743589744,0.0393081761006289,0.320325203252033,0.0256821829855538,0.0065359477124183,0.0415335463258786,0.026984126984127,0.0463258785942492,0.336012861736334,0.0258899676375405,0.31404958677686,0.320661157024793,0.0344262295081967,0.303370786516854,0.0393700787401575,0.315047021943574,0.323763955342903,0.30829420970266,0.316211878009631
"802",0.101404056162246,0.093167701863354,0.118361153262519,0.146875,0.10459587955626,0.0901898734177215,0.186830015313936,0.119195046439628,0.103186646433991,0,0.0840978593272171,0,0.468702290076336,0.0926216640502355,0.894333843797856,0.910060975609756,0,0.0046656298600311,0.105511811023622,0.113149847094801,0.796296296296296,0.893650793650794,0.107413010590015,0,0.137404580152672,0.71606864274571,0.819018404907976,0.102564102564103,0.634848484848485,0.380952380952381,0.911719939117199,0.3796875,0.307692307692308,0.703245749613601,0,0.0937019969278034,0.00454545454545455,0.0952380952380952,0.72700296735905,0.191424196018377,0.0015625,0.00151515151515152,0.00151745068285281,0.0979462875197472,0.298555377207063,0.88062015503876,0.510869565217391,0.908668730650155,0.565610859728507,1,0,0.102918586789555,0.734848484848485,0.0850077279752705,0.188589540412044,0.787735849056604,0,0.121019108280255,0.126331811263318,0.17984496124031,0.7,0.66464339908953,0.900928792569659,0,0.201892744479495,0.253776435045317,0,0.105182926829268,0,0.905053598774885,0.216995447647951,0.909090909090909,0.909090909090909,0.093558282208589,0,0.369760479041916,0.874622356495468,0.5,0.188291139240506,0.728013029315961,0,0.364741641337386,0.779122541603631,0.0953846153846154,0.998468606431853,0.181268882175227,0.0964777947932619,0.114803625377644,0.115326251896813,0,0.0977917981072555,0.0866965620328849,0,0,0.125386996904025,0,0.712074303405573,0.118003025718608,0.00154083204930663,0.0015527950310559,0.443076923076923,0,0.70404984423676,0.095679012345679,0.845577211394303,0.0875796178343949,0,0.11178247734139,0.914860681114551,0.892307692307692,0.905718701700155,0.16796267496112,0.666666666666667,0.106084243369735,0,0.0965309200603318,0.351145038167939,0,0.901234567901235,0.784283513097072,0,0.322085889570552,0.733024691358025,0.854430379746835,0.118098159509202,0.864615384615385,0.0916030534351145,0.0913312693498452,0,0.523809523809524,0.160686427457098,0.584786053882726,0.110759493670886,0,0.0973724884080371,0.886676875957121,0,0.776212832550861,0.400311526479751,0.546031746031746,0,0,0.119266055045872,0.328197226502311,0.84251968503937,0.095679012345679,0.907120743034056,0.165905631659056,0.589257503949447,0.109939759036145,0.820872274143302,0.109034267912773,0.0938967136150235,0.231839258114374,0.093558282208589,0.911214953271028,0.0897832817337461,0.902973395931142,0,0.344827586206897,0.209895052473763,0.112307692307692,0.900153609831029,0,0.0819423368740516,0.5744,0.0862619808306709,0.0838414634146342,0.0889570552147239,0.691376701966717,0.110248447204969,0.897709923664122,0.146341463414634,0.913946587537092,0.185126582278481,0.614220877458396,0,0.103235747303544,0,0.231240428790199,0.0944272445820433,0.845911949685535,0.10790273556231,0.146564885496183,0.0962962962962963,0.116138763197587,0.841049382716049,0.621951219512195,0.167202572347267,0.136577708006279,0.872472783825817,0.897709923664122,0.1,0.196620583717358,0,0,0.706976744186047,0.00151515151515152,0.0877458396369138,0.73071104387292,0.199376947040498,0.31866464339909,0.104072398190045,0.615146831530139,0.636500754147813,0.705790297339593,0.15668202764977,0.121875,0.192901234567901,0,0.210122699386503,0.77602523659306,0.137658227848101,0.910216718266254,0.848575712143928,0.540958268933539,0.117283950617284,0.110105580693816,0.243451463790447,0.10355486862442,0.199372056514914,0,0.854914196567863,0.435114503816794,0.101404056162246,0,0.100763358778626,0.11144578313253,0.528700906344411,0.478328173374613,0.0987654320987654,0.0909090909090909,0.661042944785276,0,0.189681335356601,0.508527131782946,0.11198738170347,0.903030303030303,0.126139817629179,0.0885093167701863,0.0907715582450832,0.135725429017161,0.502276176024279,0.908517350157729,0.117829457364341,0.478461538461538,0.916666666666667,0.903469079939668,0.77760736196319,0.896024464831804,0.798107255520505,0.393124065769806,0.904761904761905,0.904468412942989,0.898617511520737,0.47175572519084,0.877777777777778,0.107981220657277,0.0015600624024961,0.89938080495356,0,0.767080745341615,0.0985915492957746,0.11353032659409,0.186544342507645,0,0.201587301587302,0.226928895612708,0.387944358578053,0.436335403726708,0.552833078101072,0.62111801242236,0.0015220700152207,0.0903426791277259,0.865116279069767,0.373626373626374,0.11402157164869,0.892424242424242,0.328149300155521,0.899236641221374,0.830534351145038,0.100751879699248,0.0928,0.172741679873217,0,0.429878048780488,0.180967238689548,0,0.902777777777778,0.179604261796043,0.1125,0,0.907575757575758,0.906870229007634,0.107981220657277,0.190174326465927,0.893481717011129,0,0.648062015503876,0.110764430577223,0.307458143074581,0.612903225806452,0.404724409448819,0.128398791540786,0.9,0.0916030534351145,0.0885496183206107,0.906396255850234,0.121725731895223,0.0958268933539413,0.125396825396825,0.0948678071539658,0.804953560371517,0.692541856925419,0.708268330733229,0.106518282988871,0.146730462519936,0.00914634146341463,0.767441860465116,0.115384615384615,0.812596006144393,0.746268656716418,0.100763358778626,0.102009273570325,0.129969418960245,0.39937106918239,0.0918674698795181,0.783570300157978,0.124233128834356,0.10410094637224,0,0.698484848484848,0.509375,0.895061728395062,0.00914634146341463,0.907715582450832,0.17737003058104,0.886503067484663,0.91588785046729,0,0.766871165644172,0.10077519379845,0.989345509893455,0.107936507936508,0.110939907550077,0.101851851851852,0.716744913928013,0.714738510301109,0.408950617283951,0.544426494345719,0,0.265243902439024,0.896969696969697,0.875379939209726,0.768996960486322,0.0894819466248038,0.902627511591963,0,0.693251533742331,0.897709923664122,0.907232704402516,0.552631578947368,0.0954616588419405,0.724299065420561,0.102564102564103,0.122480620155039,0,0.102790014684288,0.897239263803681,0.0926756352765321,0.267175572519084,0.0984126984126984,0.896499238964992,0.107413010590015,0.909090909090909,0.2217125382263,0.351937984496124,0.139183055975794,0.11280487804878,0.0914728682170543,0.718461538461538,0.123076923076923,0.091324200913242,0.904689863842663,0.907715582450832,0.0889235569422777,0.098159509202454,0.670713201820941,0.218461538461538,0.133122028526149,0.146564885496183,0.0909090909090909,0,0.816745655608215,0.0897832817337461,0.906687402799378,0,0.11993769470405,0.0016,0.888540031397174,0.095166163141994,0.117829457364341,0.00157728706624606,0.438569206842924,0.576744186046512,0.112676056338028,0.906103286384977,0.217868338557994,0.101721439749609,0.725460122699387,0.463855421686747,0.291925465838509,0,0.800925925925926,0.108490566037736,0.0876369327073552,0.559139784946237,0.0949464012251149,0.115755627009646,0.892966360856269,0,0.112480739599384,0.104199066874028,0.137071651090343,0.392912172573189,0.908668730650155,0.213728549141966,0.70015455950541,0.777414075286416,0.00153609831029186,0.458860759493671,0.443410852713178,0.43778801843318,0,0.695102685624013,0.169230769230769,0.44,0.509090909090909,0.85672082717873,0,0,0.0976331360946746,0.122754491017964,0,0.163109756097561,0,0,0,0.0894819466248038,0,0.0910543130990415,0.313664596273292,0.534814814814815,0.0935143288084465,0,0,0.0934579439252336,0.132352941176471,0.372907153729072,0.905631659056317,0,0.186259541984733,0.47040971168437,0.10939907550077,0.490881458966565,0.661016949152542,0,0.113846153846154,0.901098901098901,0.136434108527132,0.84384858044164,0,0.894578313253012,0.984350547730829,0.553571428571429,0.118827160493827,0,0.14027149321267,0.121580547112462,0.0928462709284627,0,0.863496932515337,0.148867313915858,0.908064516129032,0.0935143288084465,0.0873493975903614,0.896499238964992,0.0925925925925926,0.707317073170732,0.267584097859327,0.899686520376176,0.777080062794348,0.125581395348837,0.00154320987654321,0.901386748844376,0.11864406779661,0.89589905362776,0.419713831478537,0.590062111801242,0,0.836858006042296,0.311424100156495,0.73394495412844,0.108396946564885,0.898773006134969,0.790519877675841,0.623987034035656,0.13595166163142,0.189969604863222,0.114599686028257,0.339622641509434,0,0.100151745068285,0.909638554216867,0.122861586314152,0.639810426540284,0.900452488687783,0.0915915915915916,0.0868878357030016,0.0890625,0.406940063091483,0.115151515151515,0.826086956521739,0.774803149606299,0.14576802507837,0.18944099378882,0,0,0.107309486780715,0.15112540192926,0.912772585669782,0.109034267912773,0.0996932515337423,0.679506933744222,0.154213036565978,0.357927786499215,0.18361153262519,0,0.120556414219474,0.677570093457944,0.0931297709923664,0.103076923076923,0,0.448382126348228,0.102201257861635,0.902021772939347,0.375384615384615,0.626339969372129,0.299850074962519,0.363349131121643,0.130105900151286,0.846497764530551,0.0900473933649289,0.102290076335878,0.114551083591331,0.710443037974684,0.818461538461538,0.102009273570325,0.0909090909090909,0.00151515151515152,0.306990881458967,0.587253414264036,0.723765432098765,0.313846153846154,0.0916149068322981,0.201248049921997,0.0938461538461538,0.120845921450151,0.901430842607313,0,0.256923076923077,0.900621118012422,0.911490683229814,0.724770642201835,0,0.106544901065449,0.158950617283951,0.093167701863354,0.104545454545455,0.834108527131783,0.89375,0,0,0.778481012658228,0.846153846153846,0.791601866251944,0,0.899068322981366,0.0888208269525268,0.365443425076453,0.721617418351477,0.090625,0.471317829457364,0.130298273155416,0.401826484018265,0.414893617021277,0,0.099112426035503,0.6513470681458,0.57433489827856,0.166666666666667,0.0990853658536585,0.642089093701997,0.00152905198776758,0.125581395348837,0.134351145038168,0,0.12125748502994,0.883076923076923,0.0988654781199352,0.634703196347032,0,0.00152905198776758,0.561688311688312,0.244131455399061,0.911450381679389,0.818897637795276,0.00153374233128834,0.00158730158730159,0.313343328335832,0.892857142857143,0.0920840064620355,0.686274509803922,0.0954545454545455,0.914156626506024,0.61608497723824,0.647425897035881,0.212933753943218,0.911717495987159,0.901515151515151,0.00152671755725191,0.86748844375963,0,0.0993975903614458,0.743630573248408,0.0986547085201794,0.905132192846034,0.0910518053375196,0,0.498480243161094,0.636785162287481,0.0820433436532508,0,0.0964777947932619,0,0.625196850393701,0.104863221884498,0,0.400928792569659,0.100313479623824,0.320987654320988,0.132398753894081,0.872699386503067,0,0.0904907975460123,0.736593059936908,0,0.380585516178737,0.901345291479821,0.912254160363086,0.0869565217391304,0.103875968992248,0.0970149253731343,0.109062980030722,0.102484472049689,0,0.116030534351145,0.00153139356814701,0.663636363636364,0.705521472392638,0.0954545454545455,0.0989180834621329,0.102102102102102,0.100303951367781,0.0350609756097561,0.899390243902439,0.103011093502377,0.120610687022901,0.361702127659574,0.113149847094801,0.0909090909090909,0.109422492401216,0,0,0.116347569955817,0,0.847662141779789,0,0.130030959752322,0.712698412698413,0.724522292993631,0.831269349845201,0.156832298136646,0,0.830015313935682,0.0966257668711656,0.098613251155624,0.415007656967841,0.636904761904762,0.783185840707965,0.783582089552239,0.400621118012422,0.904977375565611,0.842024539877301,0.5140625,0.766513056835638,0.389057750759878,0.90726429675425,0,0.902668759811617,0.68621236133122,0.0972886762360447,0.401225114854518,0.759286775631501,0.46046511627907,0.207373271889401,0.105022831050228,0.131955484896661,0.107424960505529,0.0928792569659443,0.0958268933539413,0.489263803680982,0.587786259541985,0.0934579439252336,0.905547226386807,0.912912912912913,0.205246913580247,0.00149925037481259,0.1,0.124042879019908,0,0.894154818325434,0,0.1484375,0,0.125581395348837,0.0950920245398773,0.895295902883156,0.235294117647059,0.0925644916540212,0.402208201892744,0.430769230769231,0.192248062015504,0,0,0.155591572123177,0.150664697193501,0.108396946564885,0,0,0.911490683229814,0.782414307004471,0.579109062980031,0,0.571207430340557,0,0.166929133858268,0.0925925925925926,0.770800627943485,0.756468797564688,0,0.638364779874214,0.451463790446841,0.230769230769231,0.131147540983607,0.308396946564885,0.905718701700155,0.101721439749609,0.0824261275272162,0.0853080568720379,0,0.104072398190045,0,0.0883280757097792,0.885321100917431,0.562893081761006,0,0,0.249235474006116,0.166405023547881,0.141552511415525,0.368340943683409,0.894970414201183,0.90894819466248,0.23374613003096,0.23134328358209,0,0.903276131045242,0.115562403697997,0,0.108150470219436,0.138719512195122,0.87062404870624,0.00460829493087558,0.904468412942989,0.091324200913242,0.55045871559633,0.834108527131783,0.830427892234548,0.834862385321101,0.392801251956182,1,0.0939907550077042,0,0.32398753894081,0.111111111111111,0,0,0.906389301634473,0,0.915492957746479,0.0989345509893455,0.353312302839117,0.906103286384977,0.903875968992248,0.52099533437014,0.124416796267496,0.660550458715596,0.00900900900900901,0.909810126582278,0.0485133020344288,0.0091324200913242,0,0.750392464678179,0.903417533432392,0.917057902973396,0.899082568807339,0.906202723146747,0.0062992125984252,0.00611620795107034,0.901990811638591,0.0061633281972265,0.00158227848101266,0.0217729393468118,0.00612557427258806,0.00770416024653313,0.903963414634146,0.0107692307692308,0.905956112852665,0.899845916795069,0.00625,0.91499227202473,0.0452488687782805,0.911042944785276,0.841781874039939,0.903759398496241,0.907692307692308
"803",0.998417721518987,1,0.973354231974922,0.933764135702746,0.985623003194888,1,0.894488188976378,0.974643423137876,1,0,1,0,0.5734375,1,0.0383386581469649,0.00792393026941363,0,0.0141287284144427,0.998410174880763,0.984202211690363,0.15015479876161,0.0309446254071661,0.995207667731629,0,0.962558502340094,0.263843648208469,0.116057233704293,0.987034035656402,0.461300309597523,0.687697160883281,0,0.696825396825397,0.7744,0.289719626168224,0,1,0.0110410094637224,0.993769470404984,0.262121212121212,0.90077519379845,0,0.0171606864274571,0.00631911532385466,1,0.78052805280528,0.0225442834138486,0.522906793048973,0,0.469230769230769,0.130970724191063,0,0.992150706436421,0.270735524256651,1,0.884126984126984,0.166123778501629,0,0.976076555023923,0.958333333333333,0.907086614173228,0.307453416149068,0.437209302325581,0,0,0.900326797385621,0.827315541601256,0,0.988871224165342,0,0,0.868544600938967,0.0046656298600311,0.0207336523125997,1,0,0.718266253869969,0.0462962962962963,0.577639751552795,0.89171974522293,0.272268907563025,0,0.712962962962963,0.21483771251932,0.998454404945904,0.109546165884194,0.90809968847352,0.995319812792512,0.965785381026439,0.962790697674419,0.0106870229007634,0.984227129337539,1,0,0,0.967689822294023,0,0.293375394321767,0.984276729559748,0.00625,0.00793650793650794,0.621069182389937,0,0.278219395866455,1,0.0949464012251149,1,0.00956937799043062,0.974960876369327,0,0.00792393026941363,0.00784929356357928,0.911111111111111,0.332273449920509,0.990536277602524,0,0.986068111455108,0.70679012345679,0,0,0.233704292527822,0,0.772292993630573,0.250391236306729,0.0826580226904376,0.9734375,0.144634525660964,0.996894409937888,0.995319812792512,0,0.559055118110236,0.938291139240506,0.485483870967742,0.990521327014218,0,0.9936,0.0280811232449298,0,0.205169628432956,0.625196850393701,0.524590163934426,0,0,0.979623824451411,0.760188087774295,0.173076923076923,1,0.00631911532385466,0.921875,0.420711974110032,0.981538461538462,0.127035830618893,0.984126984126984,1,0.841368584758942,0.995275590551181,0,1,0,0,0.744372990353698,0.869158878504673,0.982677165354331,0.0202492211838006,0,1,0.460547504025765,1,1,1,0.294851794071763,0.979591836734694,0.00156985871271586,0.952086553323029,0,0.894480519480519,0.381475667189953,0,0.982839313572543,0,0.852380952380952,1,0.11525974025974,0.984447900466563,0.949921752738654,0.990839694656489,0.975116640746501,0.0996835443037975,0.371875,0.924679487179487,0.9375,0.0506329113924051,0.00477707006369427,0.980861244019139,0.856012658227848,0,0,0.304487179487179,0,1,0.25625,0.877022653721683,0.756965944272446,0.992272024729521,0.441786283891547,0.425,0.294117647058824,0.919303797468354,0.959311424100156,0.87888198757764,0,0.892018779342723,0.178104575163399,0.946372239747634,0,0.0686427457098284,0.549763033175355,0.9858934169279,0.979938271604938,0.832807570977918,1,0.89622641509434,0,0.0640625,0.651305683563748,0.995184590690209,0,0.996879875195008,0.981735159817352,0.564742589703588,0.551181102362205,0.990369181380417,1,0.36,0,0.8887171561051,0.522222222222222,0.972668810289389,0,0.949921752738654,0.998410174880763,1,0.953821656050955,0.531782945736434,0.00161030595813205,0.97427652733119,0.544891640866873,0.00461538461538462,0.00154559505409583,0.207936507936508,0,0.147249190938511,0.674347158218126,0,0.00312989045383412,0.00933125972006221,0.595348837209302,0.0356564019448947,0.985714285714286,0.0112179487179487,0,0,0.229166666666667,1,0.977742448330684,0.908945686900958,0,0.874794069192751,0.852713178294574,0.7,0.597444089456869,0.469483568075117,0.447452229299363,0.0110410094637224,1,0.0818897637795276,0.714983713355049,0.962025316455696,0.0125,0.75,0,0.126959247648903,1,1,0.896440129449838,0,0.659476117103236,0.883870967741936,0,0,0.898461538461538,0.978998384491115,0,0.00157728706624606,0,0.984076433121019,0.882911392405063,0,0,0.382911392405063,0.990322580645161,0.798751950078003,0.389751552795031,0.6624,0.961059190031153,0.00940438871473354,1,1,0.00637958532695375,0.962145110410095,1,0.973813420621931,0.996845425867508,0.178233438485804,0.320552147239264,0.286821705426357,0.980613893376414,0.948136142625608,0.0479134466769706,0.264797507788162,0.973312401883831,0.151273885350318,0.295902883156297,0.99685534591195,0.996810207336523,0.971698113207547,0.690322580645161,0.996904024767802,0.237096774193548,0.964341085271318,1,0,0.317535545023697,0.560897435897436,0.0189873417721519,0.0488188976377953,0.00623052959501558,0.906645569620253,0.0265210608424337,0,0,0.220657276995305,0.99198717948718,0.0715421303656598,0.98694942903752,0.973058637083994,0.988817891373802,0.288709677419355,0.292483660130719,0.674641148325359,0.461412151067323,0,0.822115384615385,0.0154320987654321,0.0432098765432099,0.191950464396285,1,0.00159235668789809,0,0.33125,0.0108359133126935,0.0236593059936909,0.481832543443918,1,0.271544715447154,1,0.967897271268058,0,0.993966817496229,0,0.998459167950693,0.82992125984252,1,0.012779552715655,0.976708074534162,0,0.875399361022364,0.717073170731707,0.946708463949843,0.98740157480315,0.996835443037975,0.307332293291732,0.962441314553991,1,0,0.0270700636942675,1,1,0.329153605015674,0.876971608832808,0.965346534653465,0.947040498442368,1,0,0.107142857142857,1,0.00157728706624606,0,0.969105691056911,0.00949367088607595,0.0495207667731629,1,0.968503937007874,0.00317965023847377,0.631160572337043,0.431279620853081,0.985553772070626,0,0.869774919614148,0.996805111821086,0.370192307692308,0.609717868338558,0.792721518987342,0,0.16025641025641,0.975922953451043,0.998417721518987,0.452418096723869,1,0.981727574750831,0.0280373831775701,0,0.987616099071207,0.996794871794872,0.946456692913386,0.694488188976378,0.00786163522012579,0.865293185419968,0.242088607594937,0.169435215946844,0.00467289719626168,0.619047619047619,0.617834394904459,0.616113744075829,0,0.2912,0.906940063091483,0.63020030816641,0.517884914463453,0.0811638591117917,0,0,1,0.973805855161787,0,0.916139240506329,0.00958466453674121,0,0,0.998410174880763,0,1,0.772151898734177,0.532608695652174,1,0,0,0.9921875,0.961240310077519,0.71937984496124,0,0.00163132137030995,0.877519379844961,0.61214953271028,1,0.533026113671275,0.341772151898734,0,0.984496124031008,0,0.959415584415584,0.0913385826771654,0,0.00924499229583975,0.110759493670886,0.48019801980198,0.97196261682243,0,0.952380952380952,0.979750778816199,1,0,0.072,0.938333333333333,0.00332225913621262,1,1,0.00775193798449612,1,0.308661417322835,0.8078125,0.010989010989011,0.16366612111293,0.955625990491284,0.00796178343949045,0,0.975155279503106,0.00813008130081301,0.670926517571885,0.381180223285486,0,0.117088607594937,0.746794871794872,0.262992125984252,0.979969183359014,0,0.150470219435737,0.449346405228758,0.954268292682927,0.892355694227769,0.963607594936709,0.744749596122779,0,0.983024691358025,0,0.966346153846154,0.395498392282958,0,1,1,1,0.632423756019262,0.987519500780031,0.1232,0.189792663476874,0.946031746031746,0.877519379844961,0,0,0.992,0.9392,0.0128410914927769,0.990353697749196,0.993730407523511,0.379095163806552,0.931309904153355,0.733652312599681,0.892690513219285,0,0.971061093247588,0.327503974562798,1,0.998444790046656,0,0.638297872340426,0.974025974025974,0,0.681089743589744,0.389408099688474,0.801515151515152,0.687301587301587,0.96319018404908,0.0835866261398176,0.984177215189873,1,0.982839313572543,0.295638126009693,0.0864,0.993720565149137,1,0.00623052959501558,0.781733746130031,0.453543307086614,0.267716535433071,0.782677165354331,1,0.880382775119617,1,0.130568356374808,0,0,0.826433121019108,0.00321027287319422,0,0.272868217054264,0,0.992125984251969,0.912908242612753,0.998412698412698,0.993740219092332,0.0906200317965024,0,0,0,0.176848874598071,0.0832,0.170653907496013,0,0,1,0.00946372239747634,0.29570747217806,1,0.586750788643533,0.975688816855754,0.660910518053375,0.635514018691589,0,1,0.399355877616747,0.507154213036566,0.925925925925926,0.987577639751553,0.391912908242613,0.00940438871473354,0.952305246422893,0.954968944099379,0,0.964506172839506,0.0173228346456693,0.983606557377049,0.424764890282132,0,0.0063391442155309,0.530377668308703,0.848101265822785,0,0.136507936507936,0.00955414012738853,0,0.756548536209553,0.0269413629160063,1,0.319444444444444,0.993769470404984,0,0.37888198757764,0.324921135646688,0.866559485530547,0.0964052287581699,0.0046583850931677,0.0015552099533437,0.0420032310177706,0,0.996918335901387,0.0361842105263158,0.981481481481482,0.00482315112540193,1,0,0.521671826625387,0.458730158730159,1,0,0.998425196850394,0,0.397727272727273,0.98755832037325,0,0.651632970451011,0.988906497622821,0.742448330683625,0.956730769230769,0.0431432973805855,0,1,0.267741935483871,0,0.694704049844237,0,0.0171073094867807,1,1,0.992295839753467,0.966237942122186,0.979166666666667,0,0.973270440251572,0.0188383045525903,0.352112676056338,0.28548644338118,0.993670886075949,0.992088607594937,0.993720565149137,0.993817619783617,0.0493827160493827,0.0155763239875389,0.986906710310966,0.960691823899371,0.717219589257504,0.975116640746501,1,0.970542635658915,0,0,0.98159509202454,0,0.0628930817610063,0,0.957613814756672,0.288244766505636,0.212520593080725,0.123630672926448,0.920127795527157,0,0.107594936708861,1,1,0.640062597809077,0.41969696969697,0.212213740458015,0.178899082568807,0.648,0,0.120253164556962,0.557661927330174,0.25705329153605,0.70440251572327,0.00941915227629513,0,0,0.320325203252033,1,0.628930817610063,0.22644376899696,0.617693522906793,0.880368098159509,0.987748851454824,0.961920529801324,0.982229402261712,1,0.998392282958199,0.556942277691108,0.4125,0.998412698412698,0.00459418070444104,0.00768049155145929,0.875,0.0093603744149766,1,0.968701095461659,0,0.108766233766234,0,0.952,0,0.9734375,1,0.00619195046439629,0.84251968503937,1,0.65751211631664,0.632872503840246,0.881329113924051,0,0,0.940099833610649,0.943854324734446,0.990625,0,0,0,0.220657276995305,0.491228070175439,0,0.443037974683544,0,0.927884615384615,1,0.154589371980676,0.235023041474654,0,0.337641357027464,0.589622641509434,0.85511811023622,0.96417445482866,0.785714285714286,0,0.990131578947368,0.0142630744849445,1,0,0.983231707317073,0.00789889415481832,1,0.0174880763116057,0.0113268608414239,0,0,0.8203125,0.92948717948718,0.937694704049844,0.721183800623053,0.0260736196319018,0.00632911392405063,0.841121495327103,0.839506172839506,0,0.0172413793103448,0.971653543307087,0,0.987158908507223,0.958204334365325,0.0634920634920635,0.0375,0.00317965023847377,1,0.468152866242038,0.0742496050552923,0.103727714748784,0.122065727699531,0.690437601296596,0.0939907550077042,1,0,0.7648,0.982649842271293,0.00320512820512821,0,0,0,0,1,0.726537216828479,0,0,0.55111821086262,0.956451612903226,0.433021806853583,0.0497667185069984,0.00161812297734628,0.0501618122977346,0.0142630744849445,0,0.0302066772655008,0.00613496932515337,0.00159235668789809,0.0124610591900312,0,0.0496794871794872,0.0538461538461538,0.0127388535031847,0.0141509433962264,0.00638977635782748,0.0185471406491499,0.0187207488299532,0.0533751962323391,0.0062402496099844,0.0159235668789809,0,0.00316957210776545,0.0476190476190476,0.004739336492891,0.0186335403726708,0,0.0282131661442006,0.00152671755725191,0.00158982511923688
"804",0,0,0,0,0,0,0.0144,0.00156494522691706,0,1,0,1,0,0,0,0,1,0.979719188767551,0,0,0,0,0,1,0,0,0,0.00159744408945687,0,0,0,0,0.00157728706624606,0,1,0,0.978494623655914,0,0,0,0.998407643312102,0.981220657276995,0.992354740061162,0,0,0,0,0,0,0,1,0,0,0,0.0141065830721003,0,1,0,0.0030441400304414,0,0,0,0,1,0,0,1,0,1,0,0,0,0,0,1,0.00153374233128834,0,0,0.00158730158730159,0,1,0,0,0,0,0,0,0,0.00459418070444104,0.989473684210526,0,0,1,1,0,1,0.0205047318611987,0,0.992260061919505,0.990654205607477,0.0108864696734059,1,0,0,0,0,0.989180834621329,0.00313479623824451,0,0,0,0.0171606864274571,0,0,1,0,0,1,0,0,1,0.00154798761609907,0,0,0,0,0,0,1,0.00618238021638331,0,0,0,1,0,0,1,0,0,0.00635930047694754,1,1,0,0,0,0,0,0,0,0,0,0,0,0,0,0,0,0,1,0,0.00617283950617284,0,0,1,0,0,0,0,0,0,0,0,0,0,0.00313479623824451,0,1,0,1,0,0,0,0,0,0,0,0,0,0,0,0,0,0,0.0186915887850467,1,1,0,0.998449612403101,0,0,0.0126782884310618,0,0,0,0,0,0,0,0.00153139356814701,1,0,0,0,0,0,0.00467289719626168,0,0,0.00157232704402516,0,0,1,0,0,0,1,0,0,0.00476190476190476,0,0,0,0.0203761755485893,1,0.0154320987654321,0,0,0,0,0,0,0,0,0,0,0,0,0,0,0,0,0,0,0,0,0,0,0,0.988958990536278,0,1,0.00316455696202532,0,0,0,1,0.00162866449511401,0.00312989045383412,0,0,0,0,0.989197530864197,0,0,0,0,0,0,0,0,0,0,0.0156494522691706,1,0,0.0172684458398744,1,0,0.0168711656441718,0.00157977883096367,1,0,0,0,0,0,1,0.018957345971564,0,0,0,0,0,0,0,0,0,0,0,0,0,0,0,0,0.00313971742543171,0,0.947040498442368,0,0,0,0,0,0,0,0,0,0,0,0,1,0,0.00956937799043062,0,0.94,0,0,0,0,1,0,0,0,0,0,0,0,0,0,0,1,0,0,0,0,0,0,1,0,0,0,0.00313971742543171,0,0,0,0,1,0,0,0,0,0,0,0,0,0,0,0,0,0.0031055900621118,0,0,0,0,0,0,0,0,0,0,0,0,1,0,0,0,1,0,0.988888888888889,0,0,0,0.996860282574568,0.0094488188976378,0,0,0,0,0,0,0,0,1,0,0.00157728706624606,0,0,0,0,0,0.998430141287284,0,0,0,0,0,0.00642054574638844,0,0.0164744645799012,0.993865030674847,0,0,0,1,0,0.00156494522691706,0,0,0,1,1,0,0,1,0,0.990430622009569,1,1,0,1,0,0.00156985871271586,0.00611620795107034,0,1,1,0,0,0,0,0.996805111821086,0.0228310502283105,0,0,0,0,1,0,0,0.0016025641025641,0,1,0,0,0,0.00157232704402516,1,0,0,0,1,0,0,0,0,0,0,0,0,0,0,0.00157232704402516,0,0.9890625,0,0,0,0,0.00933125972006221,1,0,0.00317460317460317,0,0,0,0,0,0,0,0,0,1,0,0,0,0.00328407224958949,0,0,0,0,0,0,0,0,0,0.0154798761609907,1,1,0,0,0,0,0,0,0,0,0.018348623853211,1,0,0.0188976377952756,0,0,1,0,0,0,0.00159489633173844,0,0,0,0,0,0.00324675324675325,0,0,0.0179153094462541,0.0269413629160063,0,0,0.992295839753467,0,0,0,0,0,0,0,0.771028037383178,0,1,0.00155763239875389,0,0,0,1,0,0,0,0,0,0,1,1,0,0,0,1,0,0,0.561051004636785,0,0,0.00938967136150235,0,0,0,1,0,0,0,0.00618238021638331,0,0,0.988906497622821,0,0,1,0.0015220700152207,0,0,0,1,0.990625,0,0,0,0,0.987635239567233,0.998394863563403,0,0,0,0,0,0,0,0,0.00647249190938511,0,0,0.996875,0,1,0,0.166666666666667,0.0015220700152207,0,0,1,0,0,0,1,0,1,0,0,1,0.0202808112324493,0,0,0.00160513643659711,0,1,0,0,1,0,0,0,0,0,0,0.00474683544303797,0.00156985871271586,1,0,0.976958525345622,0.0216383307573416,0,0,0,0,0,0.919876733436055,0,0,0,0,0,0,0,1,1,0,1,0,0.998442367601246,0,0,0,0,0,0.998449612403101,0,0,0,0,0,0,0,0,0,0,0,0,0,0,1,0,0.0205047318611987,0,0.0295489891135303,0,0,0.0062015503875969,0,0.00161030595813205,0,0,0,0,0,0,0,0,0.00316957210776545,0.987616099071207,0,0,1,0,1,0,1,0,0,0,0,0,0.00156985871271586,0,0.0204724409448819,1,1,0,0,0,1,1,0,0,0,1,0,1,0,0,0.0402576489533011,0,1,0,0,0,0,0,0,0,0.894984326018809,0,1,0,0.992236024844721,0,0,0.364928909952607,1,1,0.00154083204930663,0,0.0107197549770291,0,0,0,0,0,1,0,0,1,0,0,0,0.955177743431221,0,0,0,0,0,0,0,0,0,1,0,0,0.995260663507109,1,0,1,0,0,0,0,0,0.00483091787439614,0.00469483568075117,0,0.947530864197531,0,0.894154818325434,0.972222222222222,1,0.160436137071651,0,0,0.00617283950617284,0,0.945141065830721,0.938650306748466,0,0.975193798449612,0.990322580645161,0.951937984496124,0.97045101088647,0.939393939393939,0,0.9703125,0,0,0.951104100946372,0,0.940998487140696,0,0.0599369085173502,0,0
"805",0.752012882447665,0.76031746031746,0.762870514820593,0.757188498402556,0.748387096774194,0.76537216828479,0.768488745980707,0.76,0.769470404984424,0,0.7664,0,0.63751987281399,0.758957654723127,0.293563579277865,0.251956181533646,0,0.01743264659271,0.75796178343949,0.778301886792453,0.414442700156986,0.286634460547504,0.746478873239437,0,0.783018867924528,0.439490445859873,0.314285714285714,0.742765273311897,0.738794435857805,0.666666666666667,0.237421383647799,0.727416798732171,0.798061389337641,0.469291338582677,0,0.764516129032258,0.0189274447949527,0.765625,0.478395061728395,0.805598755832037,0.00158730158730159,0.0173775671406003,0.00634920634920635,0.766025641025641,0.72168284789644,0.272,0.586261980830671,0.247619047619048,0.593558282208589,0.376360808709176,0,0.761904761904762,0.480830670926518,0.761980830670926,0.737678855325914,0.385483870967742,0,0.762439807383628,0.746031746031746,0.78021978021978,0.45839874411303,0.691222570532915,0.240770465489567,0,0.8784,1,0,0.751602564102564,0,0.238325281803543,0.73125,0.244929797191888,0.246835443037975,0.763076923076923,0,0.817472698907956,0.285271317829457,0.724409448818898,0.760129659643436,0.439189189189189,0,0.733124018838305,0.420560747663551,0.742635658914729,0.363076923076923,0.764252696456086,0.755980861244019,0.766457680250784,0.760765550239234,0.00934579439252336,0.7584,0.752351097178683,0,0,0.760586319218241,0,0.516693163751987,0.758293838862559,0.0093603744149766,0.0110236220472441,0.687203791469194,0,0.494363929146538,0.766233766233766,0.352941176470588,0.753623188405797,0.00815660685154975,0.761980830670926,0.235104669887279,0.245641838351823,0.238244514106583,0.759170653907496,0.472868217054264,0.749603803486529,0,0.77151799687011,0.741784037558685,0,0.240887480190174,0.463141025641026,0,0.798092209856916,0.492957746478873,0.310965630114566,0.755070202808112,0.394366197183099,0.7578125,0.746031746031746,0,0.675425038639876,0.765723270440252,0.683788121990369,0.755627009646302,0,0.755737704918033,0.252321981424149,0,0.4688995215311,0.629392971246006,0.665584415584416,0,0,0.765354330708661,0.896331738437002,0.403846153846154,0.749190938511327,0.2544,0.765527950310559,0.531045751633987,0.758566978193146,0.394039735099338,0.754303599374022,0.752025931928687,0.735340729001585,0.747634069400631,0.240829346092504,0.759493670886076,0.249206349206349,0,0.976038338658147,0.754250386398764,0.77337559429477,0.256172839506173,0,0.75,0.591935483870968,0.775777414075286,0.755102040816326,0.7453125,0.469230769230769,0.765079365079365,0.259554140127389,0.757716049382716,0.25077399380805,0.746794871794872,0.514195583596215,0,0.756289308176101,0,0.741269841269841,0.763116057233704,0.361290322580645,0.755868544600939,0.78021978021978,0.760670731707317,0.799377916018662,0.325396825396825,0.49922480620155,0.765451664025357,0.763843648208469,0.295418641390205,0.234645669291339,0.761827079934747,0.737007874015748,0,0,0.538338658146965,0.00157232704402516,0.766718506998445,0.446841294298921,0.751188589540412,0.703588143525741,0.761682242990654,0.625,0.642633228840125,0.522875816993464,0.725961538461538,0.753205128205128,0.746875,0,0.752321981424149,0.423701298701299,0.768608414239482,0.244019138755981,0.301092043681747,0.685214626391097,0.761829652996845,0.753532182103611,0.786053882725832,0.75314465408805,0.834394904458599,0,0.3088,0.865325077399381,0.761146496815287,0,0.746875,0.76416539050536,0.679873217115689,0.5796875,0.753205128205128,0.765472312703583,0.567783094098884,0,0.763116057233704,0.644444444444444,0.773095623987034,0.229199372056515,0.767441860465116,0.754385964912281,0.761526232114467,0.800319488817891,0.6046875,0.253246753246753,0.76303317535545,0.609984399375975,0.24653312788906,0.231839258114374,0.355661881977671,0.241758241758242,0.391304347826087,0.695517774343122,0.248818897637795,0.2515625,0.243410852713178,0.712732919254658,0.26797385620915,0.767145135566188,0.0095389507154213,0.240887480190174,0,0.461904761904762,0.775641025641026,0.750778816199377,0.749611197511664,0,0.748376623376623,0.912172573189522,0.724409448818898,0.688394276629571,0.569620253164557,0.663987138263666,0.00946372239747634,0.749598715890851,0.340764331210191,0.725165562913907,0.779552715654952,0.246056782334385,0.717460317460317,0.257503949447077,0.338582677165354,0.766091051805338,0.749582637729549,0.755627009646302,0,0.730829420970266,0.758454106280193,0,0.234177215189873,0.751166407465008,0.754414125200642,0,0.244548286604361,0.248833592534992,0.759016393442623,0.780448717948718,0.249190938511327,0,0.578864353312303,0.770226537216828,0.764521193092622,0.509463722397476,0.717781402936378,0.737756714060032,0.240126382306477,0.754303599374022,0.74414976599064,0.2528,0.764240506329114,0.758785942492013,0.77741935483871,0.766666666666667,0.381102362204724,0.516483516483517,0.526148969889065,0.754934210526316,0.763157894736842,0.0376766091051805,0.48489666136725,0.771790808240888,0.361464968152866,0.532208588957055,0.773015873015873,0.760629921259843,0.777429467084639,0.893030794165316,0.759375,0.488853503184713,0.774143302180685,0.754471544715447,0,0.522480620155039,0.630645161290323,0.252336448598131,0.0453834115805947,0.244582043343653,0.7484375,0.26530612244898,0.251980982567353,0,0.423380726698262,0.749206349206349,0.314785373608903,0.773333333333333,0.773228346456693,0.758346581875994,0.535483870967742,0.522727272727273,0.78343949044586,0.534426229508197,0,0.823809523809524,0.253799392097264,0.267801857585139,0.423197492163009,0.763458401305057,0.25,0,0.536050156739812,0.233281493001555,0.271241830065359,0.575,0.75,0.444264943457189,0.752475247524752,0.774960380348653,0,0.748125937031484,0.228878648233487,0.762996941896025,0.826224328593997,0.776872964169381,0.260252365930599,0.783359497645212,0.239811912225705,0.801587301587302,0.726688102893891,0.831496062992126,0.77151799687011,0.755591054313099,0.524642289348172,0.793269230769231,0.735015772870662,0.255451713395639,0.252730109204368,0.750809061488673,0.75705329153605,0.471875,0.813186813186813,0.749596122778675,0.783151326053042,0.750390015600624,0,0.311004784688995,0.7703125,0.249201277955272,0,0.767885532591415,0.0113821138211382,0.274760383386581,0.749230769230769,0.753993610223642,0.0048,0.687301587301587,0.552334943639291,0.776337115072934,0.24232633279483,0.727126805778491,0.747993579454254,0.640699523052464,0.683307332293292,0.748387096774194,0,0.401587301587302,0.761437908496732,0.756369426751592,0.568037974683544,0.762128325508607,0.753311258278146,0.267515923566879,0,0.7546875,0.767405063291139,0.761829652996845,0.76625386996904,0.263492063492063,0.74565560821485,0.423137876386688,0.406354515050167,0.00784929356357928,0.8112,0.663987138263666,0.682888540031397,0,0.455271565495208,0.751987281399046,0.769953051643192,0.605304212168487,0.291858678955453,0,0,0.750378214826021,0.773291925465838,0,0.755520504731861,0.00958466453674121,0,0,0.747603833865815,0,0.774557165861514,0.739403453689168,0.672307692307692,0.7425431711146,0,0,0.755905511811024,0.779635258358663,0.900311526479751,0.238170347003155,0.00320512820512821,0.744648318042814,0.684952978056426,0.759554140127389,0.59594383775351,0.467845659163987,0,0.75625,0.247557003257329,0.768982229402262,0.293838862559242,0,0.252696456086287,0.366987179487179,0.583193277310924,0.762951334379906,0,0.776758409785933,0.76056338028169,0.750783699059561,0,0.309791332263242,0.770017035775128,0.241435562805873,0.759873617693523,0.754224270353303,0.259083728278041,0.746835443037975,0.528951486697966,0.739469578783151,0.255961844197138,0.39708265802269,0.78328173374613,0.00794912559618442,0.257503949447077,0.772012578616352,0.250403877221325,0.809836065573771,0.536115569823435,0,0.334379905808477,0.737678855325914,0.508634222919937,0.762578616352201,0.245192307692308,0.352201257861635,0.669407894736842,0.76605504587156,0.7640625,0.777777777777778,0.818910256410256,0,0.771790808240888,0.241860465116279,0.770569620253165,0.589285714285714,0.247278382581649,0.752351097178683,0.769230769230769,0.752012882447665,0.640944881889764,0.753943217665615,0.36724960254372,0.424679487179487,0.751166407465008,0.740445859872611,0,0,0.7728,0.753646677471637,0.250403877221325,0.7552,0.771875,0.593406593406593,0.765273311897106,0.737007874015748,0.749230769230769,0,0.761453396524487,0.546623794212219,0.761526232114467,0.751582278481013,0,0.912140575079872,0.766505636070853,0.245161290322581,0.755267423014587,0.507064364207221,0.833585476550681,0.7223113964687,0.788753799392097,0.312788906009245,0.762738853503185,0.765923566878981,0.772727272727273,0.521951219512195,0.312202852614897,0.749611197511664,0.755795981452859,0.00770416024653313,0.913112164296998,0.604724409448819,0.436708860759494,0.72972972972973,0.754358161648177,0.739268680445151,0.767441860465116,0.158218125960061,0.243111831442464,0,0.771428571428571,0.245222929936306,0.253164556962025,0.451355661881978,0,0.774647887323944,0.758513931888545,0.748822605965463,0.758513931888545,0.330683624801272,0.233070866141732,0,0,0.4185667752443,0.290220820189274,0.355555555555556,0,0.236593059936909,0.746081504702194,0.107309486780715,0.526058631921824,0.762520193861066,0.690363349131122,0.769607843137255,0.705148205928237,0.680491551459293,0,0.765601217656012,0.601612903225806,0.666136724960254,0.751533742331288,0.764890282131661,0.56269592476489,0.00788643533123028,0.759554140127389,0.775384615384615,0,0.760188087774295,0.243285939968404,0.766830870279146,0.642969984202212,0,0.0110062893081761,0.681063122923588,0.758508914100486,0.240887480190174,0.341423948220065,0.0126782884310618,0.0016366612111293,0.684210526315789,0.258426966292135,0.760399334442596,0.483568075117371,0.749221183800623,0.230171073094868,0.519561815336463,0.459415584415584,0.750814332247557,0.330081300813008,0.251592356687898,0.003125,0.282988871224165,0,0.765793528505393,0.227953410981697,0.76103500761035,0.243243243243243,0.752039151712887,0,0.609230769230769,0.710862619808307,0.757911392405063,0,0.7601246105919,0,0.529695024077046,0.76049766718507,0,0.706436420722135,0.749598715890851,0.687598116169545,0.76984126984127,0.2625,0,0.762658227848101,0.431781701444623,0,0.7234375,0.238095238095238,0.259659969088099,0.746411483253589,0.762738853503185,0.757341576506955,0.751196172248804,0.752773375594295,0,0.784251968503937,0.0174603174603175,0.561014263074485,0.447619047619048,0.768253968253968,0.745283018867924,0.758566978193146,0.766355140186916,0.0637636080870918,0.261562998405104,0.772652388797364,0.75077399380805,0.831288343558282,0.75,0.74805598755832,0.775316455696203,0,0,0.769578313253012,0,0.299382716049383,0.00159744408945687,0.775,0.439024390243902,0.395424836601307,0.3515625,0.767145135566188,0.00155763239875389,0.3328125,0.750392464678179,0.763608087091757,0.658653846153846,0.622154779969651,0.43247344461305,0.375586854460094,0.652173913043478,0.247278382581649,0.36734693877551,0.679748822605965,0.483359746434231,0.817757009345794,0.2304,0,0.240829346092504,0.546774193548387,0.75487012987013,0.657232704402516,0.462006079027356,0.78391167192429,0.761240310077519,0.764705882352941,0.769354838709677,0.765079365079365,0.763116057233704,0.774557165861514,0.628930817610063,0.55111821086262,0.763866877971474,0.25,0.236476043276662,0.756289308176101,0.00928792569659443,0.761755485893417,0.762951334379906,0,0.361022364217252,0,0.766295707472178,0,0.766091051805338,0.759170653907496,0.24804992199688,0.728,0.753918495297806,0.705787781350482,0.682034976152623,0.745253164556962,0,0,0.769747899159664,0.76219512195122,0.75705329153605,0,0,0.2368,0.463790446841294,0.708133971291866,0,0.56140350877193,0,0.752427184466019,0.761904761904762,0.354066985645933,0.444790046656299,0,0.501607717041801,0.623417721518987,0.788976377952756,0.767692307692308,0.738170347003155,0.255520504731861,0.77258064516129,0.0321543408360129,0.766881028938907,0,0.760188087774295,0.00938967136150235,0.755700325732899,0.261980830670927,0.143086816720257,0,0,0.77373417721519,0.797752808988764,0.756630265210608,0.7578125,0.258859784283513,0.248387096774194,0.73449920508744,0.691588785046729,0,0.256329113924051,0.785031847133758,0,0.755301794453507,0.76875,0.297770700636943,0.0345911949685535,0.235849056603774,0.74414976599064,0.530081300813008,0.30188679245283,0.331715210355987,0.354938271604938,0.855284552845528,0.32398753894081,0.7648,0,1,0.765527950310559,0.004739336492891,0,0.243975903614458,0,0.249221183800623,0.750793650793651,0.72258064516129,0.244766505636071,0.240710823909531,0.687908496732026,0.7392,0.71608832807571,0.0452418096723869,0.238636363636364,0.0648298217179903,0.0245775729646697,0,0.221169036334913,0.238167938931298,0.247974068071313,0.263076923076923,0.239567233384853,0.0414673046251994,0.0469483568075117,0.26040061633282,0.0235849056603774,0.00805152979066022,0.0395569620253165,0.0252764612954186,0.0492307692307692,0.2608,0.0266875981161695,0.231527093596059,0.248803827751196,0.0372168284789644,0.237421383647799,0.0415384615384615,0.249605055292259,0.27373417721519,0.248854961832061,0.242902208201893
"806",0.979876160990712,0.987711213517665,0.952743902439024,0.926282051282051,0.971698113207547,0.981012658227848,0.870866141732283,0.959564541213064,0.983358547655068,0,0.984544049459042,0,0.570769230769231,0.979462875197472,0.0591805766312595,0.0210843373493976,0,0.0172684458398744,0.9796875,0.981395348837209,0.167692307692308,0.0540540540540541,0.981762917933131,0,0.941358024691358,0.273010920436817,0.121875,0.966772151898734,0.477134146341463,0.67530487804878,0.0152671755725191,0.681538461538462,0.774803149606299,0.299236641221374,0,0.982866043613707,0.0153609831029186,0.977168949771689,0.259259259259259,0.898021308980213,0.00154320987654321,0.0169230769230769,0.00606980273141123,0.982839313572543,0.768621236133122,0.0424528301886792,0.509404388714734,0.0185471406491499,0.469265367316342,0.150746268656716,0,0.98159509202454,0.268633540372671,0.981395348837209,0.854460093896714,0.180094786729858,0,0.968354430379747,0.943511450381679,0.892966360856269,0.302469135802469,0.444444444444444,0.018957345971564,0,0.900787401574803,0.81969696969697,0,0.984447900466563,0,0.0171606864274571,0.855813953488372,0.0216049382716049,0.0354938271604938,0.984894259818731,0,0.707207207207207,0.0582822085889571,0.592933947772657,0.884493670886076,0.28341384863124,0,0.696456086286595,0.222900763358779,0.978755690440061,0.131699846860643,0.894656488549618,0.983206106870229,0.949152542372881,0.949230769230769,0.0106870229007634,0.975193798449612,0.98145285935085,0,0,0.963722397476341,0,0.30441400304414,0.966205837173579,0.00771604938271605,0.00928792569659443,0.597222222222222,0,0.287758346581876,0.984350547730829,0.118003025718608,0.984101748807631,0.0109034267912773,0.961597542242704,0.0172413793103448,0.0232558139534884,0.0243531202435312,0.889580093312597,0.356037151702786,0.976958525345622,0,0.972644376899696,0.693498452012384,0,0.0197568389057751,0.246511627906977,0,0.769230769230769,0.256568778979907,0.0956937799043062,0.958588957055215,0.170992366412214,0.983308042488619,0.979750778816199,0,0.522935779816514,0.914596273291925,0.510301109350238,0.971653543307087,0,0.972843450479233,0.0393939393939394,0,0.22360248447205,0.628346456692913,0.503987240829346,0,0,0.967741935483871,0.764252696456086,0.172741679873217,0.984447900466563,0.0243531202435312,0.911353032659409,0.429699842022117,0.968229954614221,0.154574132492114,0.966049382716049,0.97933227344992,0.843076923076923,0.976816074188563,0.0175718849840256,0.98297213622291,0.0187793427230047,0,0.748456790123457,0.856711915535445,0.960606060606061,0.0338983050847458,0,0.983433734939759,0.434375,0.982343499197432,0.984779299847793,0.98159509202454,0.308166409861325,0.964560862865948,0.0185758513931889,0.939393939393939,0.0179372197309417,0.876175548589342,0.375191424196018,0,0.967642526964561,0,0.856481481481482,0.984567901234568,0.141321044546851,0.97360248447205,0.934150076569678,0.982008995502249,0.964777947932619,0.107033639143731,0.396630934150077,0.906645569620253,0.920508744038156,0.0740740740740741,0.0211800302571861,0.967238689547582,0.834645669291339,0,0,0.311912225705329,0.00154083204930663,0.98030303030303,0.281626506024096,0.85377358490566,0.761467889908257,0.97428139183056,0.433903576982893,0.454961832061069,0.30298273155416,0.915094339622642,0.950078003120125,0.874051593323217,0,0.863777089783282,0.183962264150943,0.936335403726708,0.0139751552795031,0.078907435508346,0.526964560862866,0.962441314553991,0.968085106382979,0.827856025039124,0.981735159817352,0.917573872472784,0,0.0782208588957055,0.670731707317073,0.976340694006309,0,0.981679389312977,0.968468468468468,0.53587786259542,0.565625,0.975232198142415,0.977952755905512,0.354489164086687,0,0.86697247706422,0.527386541471048,0.961904761904762,0.0171339563862928,0.948640483383686,0.979559748427673,0.984662576687117,0.97045101088647,0.545454545454545,0.0170807453416149,0.953632148377125,0.544049459041731,0.0226928895612708,0.0212121212121212,0.204724409448819,0.0172143974960876,0.167692307692308,0.666666666666667,0.0169491525423729,0.024653312788906,0.0182926829268293,0.58030303030303,0.0577223088923557,0.971786833855799,0.0110759493670886,0.0154083204930663,0,0.230889235569423,0.982919254658385,0.960876369327074,0.886503067484663,0,0.859399684044234,0.850381679389313,0.676380368098159,0.606758832565284,0.459293394777266,0.485981308411215,0.0124031007751938,0.981102362204724,0.111111111111111,0.687096774193548,0.948678071539658,0.0247295208655332,0.730593607305936,0.0154798761609907,0.13089802130898,0.98036253776435,0.982229402261712,0.865718799368088,0,0.636363636363636,0.863141524105754,0,0.0213740458015267,0.866666666666667,0.963020030816641,0,0.0196969696969697,0.0168970814132104,0.973312401883831,0.873239436619718,0.0192616372391653,0,0.372093023255814,0.985759493670886,0.775914634146341,0.410493827160494,0.643642072213501,0.949308755760369,0.0233644859813084,0.986363636363636,0.983050847457627,0.0203761755485893,0.95440251572327,0.98755832037325,0.960505529225908,0.978593272171254,0.207109737248841,0.314329738058552,0.28416149068323,0.957878315132605,0.928,0.0542635658914729,0.283464566929134,0.964777947932619,0.170992366412214,0.321100917431193,0.975497702909648,0.982839313572543,0.955792682926829,0.707165109034268,0.983508245877061,0.262345679012346,0.952453987730061,0.979591836734694,0,0.320726172465961,0.530516431924883,0.036979969183359,0.0590015128593041,0.0256024096385542,0.902587519025875,0.0412844036697248,0.0153609831029186,0,0.248466257668712,0.976525821596244,0.0870917573872473,0.96998420221169,0.955384615384615,0.974763406940063,0.297507788161994,0.28548644338118,0.68075117370892,0.472089314194577,0,0.825885978428351,0.0255255255255255,0.0509745127436282,0.2,0.981279251170047,0.0199386503067485,0,0.327718223583461,0.0273972602739726,0.03486529318542,0.469387755102041,0.981337480559876,0.295774647887324,0.982286634460548,0.957878315132605,0,0.976401179941003,0.0153374233128834,0.981762917933131,0.827692307692308,0.982456140350877,0.0248833592534992,0.966616084977238,0.0186046511627907,0.874425727411945,0.700626959247649,0.934650455927052,0.967840735068913,0.979719188767551,0.29393468118196,0.976744186046512,0.980030721966206,0.0182370820668693,0.0373250388802488,0.979623824451411,0.983180428134557,0.342024539877301,0.876876876876877,0.949286846275753,0.943511450381679,0.980392156862745,0,0.127158555729984,0.983257229832572,0.0170542635658915,0,0.950078003120125,0.0111821086261981,0.0541795665634675,0.984639016897081,0.953271028037383,0.00469483568075117,0.601866251944012,0.421630094043887,0.973312401883831,0.0208333333333333,0.862714508580343,0.981012658227848,0.387944358578053,0.594135802469136,0.766718506998445,0,0.167449139280125,0.957878315132605,0.986003110419907,0.453149001536098,0.981538461538462,0.973898858075041,0.043343653250774,0.00155763239875389,0.969788519637462,0.981424148606811,0.933333333333333,0.690548780487805,0.0218068535825545,0.856025039123631,0.255742725880551,0.189102564102564,0.00615384615384615,0.63182527301092,0.596875,0.615267175572519,0,0.306836248012719,0.893023255813953,0.645161290322581,0.526717557251908,0.0894187779433681,0,0,0.985141158989599,0.954268292682927,0,0.909230769230769,0.00930232558139535,0,0,0.985981308411215,0,0.985507246376812,0.756468797564688,0.51285930408472,0.981707317073171,0,0,0.981395348837209,0.947209653092006,0.73030303030303,0.0166414523449319,0.00158478605388273,0.847432024169184,0.59190031152648,0.9796875,0.542242703533026,0.361240310077519,0,0.963133640552995,0.0224719101123595,0.94679186228482,0.109204368174727,0,0.0224550898203593,0.137984496124031,0.48772504091653,0.955384615384615,0,0.933130699088146,0.96048632218845,0.983154670750383,0,0.0825545171339564,0.924558587479936,0.0227642276422764,0.98310291858679,0.983358547655068,0.0294117647058824,0.981845688350983,0.303076923076923,0.797822706065319,0.0262751159196291,0.184834123222749,0.952453987730061,0.00955414012738853,0.0170807453416149,0.959398496240601,0.0233644859813084,0.653968253968254,0.394695787831513,0,0.127080181543116,0.730891719745223,0.267387944358578,0.965996908809892,0.018348623853211,0.171993911719939,0.47741935483871,0.941265060240964,0.87072808320951,0.975039001560062,0.757097791798107,0,1,0.0180722891566265,0.959752321981424,0.381102362204724,0.016566265060241,0.978494623655914,0.984251968503937,0.979782270606532,0.631578947368421,0.968133535660091,0.143307086614173,0.19375,0.927162367223065,0.852080123266564,0,0,0.975077881619938,0.92,0.0299684542586751,0.973354231974922,0.978527607361963,0.368098159509202,0.912698412698413,0.720125786163522,0.862537764350453,0,0.953488372093023,0.340659340659341,0.983308042488619,0.981538461538462,0,0.648606811145511,0.952904238618524,0.01875,0.69701726844584,0.38863287250384,0.806259314456036,0.689655172413793,0.974777448071217,0.0945945945945946,0.968454258675079,0.978395061728395,0.96937212863706,0.298107255520505,0.102760736196319,0.975384615384615,0.983308042488619,0.00918836140888208,0.78,0.461068702290076,0.271889400921659,0.747720364741641,0.984472049689441,0.876160990712074,0.979907264296754,0.121725731895223,0.0157728706624606,0,0.819595645412131,0.0158982511923688,0.0186915887850467,0.29393468118196,0,0.975155279503106,0.903963414634146,0.984591679506934,0.981900452488688,0.106646058732612,0.015625,0,0,0.172523961661342,0.0941358024691358,0.179407176287051,0,0.0169230769230769,0.981845688350983,0.015220700152207,0.298921417565485,0.978227060653188,0.57032457496136,0.958990536277603,0.651515151515151,0.625570776255708,0,0.982169390787519,0.3950233281493,0.495297805642633,0.895136778115502,0.972850678733032,0.389147286821705,0.0108864696734059,0.929447852760736,0.936923076923077,0,0.956716417910448,0.0338461538461538,0.972886762360447,0.457886676875957,0,0.00928792569659443,0.5088,0.815748031496063,0.0169230769230769,0.151898734177215,0.0124223602484472,0.0016025641025641,0.74888558692422,0.0390015600624025,0.9808,0.343891402714932,0.98030303030303,0.016793893129771,0.375379939209726,0.343213728549142,0.8576,0.123595505617978,0.021671826625387,0.0015552099533437,0.0580847723704867,0,0.979010494752624,0.0566343042071197,0.966917293233083,0.0202808112324493,0.984276729559748,0,0.51285930408472,0.472952086553323,0.980332829046899,0,0.983433734939759,0,0.414556962025316,0.972602739726027,0,0.624233128834356,0.965408805031447,0.749211356466877,0.938582677165354,0.052790346907994,0,0.981366459627329,0.276729559748428,0,0.68429003021148,0.0165165165165165,0.0317700453857791,0.981132075471698,0.982945736434109,0.974358974358974,0.955108359133127,0.967136150234742,0,0.961715160796325,0.0228310502283105,0.34789156626506,0.302611367127496,0.972350230414747,0.978328173374613,0.980182926829268,0.977134146341463,0.0502283105022831,0.0310077519379845,0.970967741935484,0.949308755760369,0.721884498480243,0.958904109589041,0.984709480122324,0.960061443932412,0,0,0.968980797636632,0,0.0726429675425039,0,0.938080495356037,0.3,0.223101265822785,0.130827067669173,0.917981072555205,0,0.107033639143731,0.981366459627329,0.983024691358025,0.628125,0.416543574593796,0.217967599410898,0.197568389057751,0.648902821316614,0.0123076923076923,0.12962962962963,0.537404580152672,0.268330733229329,0.712098009188361,0.0277777777777778,0,0.0206022187004754,0.328638497652582,0.980861244019139,0.599085365853659,0.227544910179641,0.630030959752322,0.864741641337386,0.968373493975904,0.94912559618442,0.97339593114241,0.988871224165342,0.983024691358025,0.548686244204019,0.431432973805855,0.986003110419907,0.022354694485842,0.027190332326284,0.860643185298622,0.0121212121212121,0.980332829046899,0.960061443932412,0,0.130298273155416,0,0.946456692913386,0,0.954968944099379,0.98145285935085,0.0240963855421687,0.829984544049459,0.984709480122324,0.629337539432177,0.609494640122512,0.852201257861635,0,0,0.92520325203252,0.924778761061947,0.978625954198473,0,0,0.0158982511923688,0.257186081694402,0.523291925465838,0,0.461656441717791,0,0.909657320872274,0.979813664596273,0.166929133858268,0.237518910741301,0,0.360062893081761,0.58868501529052,0.868827160493827,0.949479940564636,0.757668711656442,0.0186335403726708,0.977883096366509,0.0154559505409583,0.9858934169279,0,0.969650986342944,0.00775193798449612,0.985849056603774,0.0326594090202177,0.0218408736349454,0,0,0.820121951219512,0.956112852664577,0.918836140888208,0.73071104387292,0.0424242424242424,0.023696682464455,0.82642089093702,0.834074074074074,0,0.028391167192429,0.949764521193093,0,0.970219435736677,0.940729483282675,0.0868217054263566,0.0459418070444104,0.0198170731707317,0.979938271604938,0.475308641975309,0.0889235569422777,0.110576923076923,0.12824427480916,0.700159489633174,0.111111111111111,0.982649842271293,0,0.765527950310559,1,0.0031055900621118,0,0.0149476831091181,0,0.0217729393468118,0.983333333333333,0.711323763955343,0.0204724409448819,0.0171875,0.526729559748428,0.948356807511737,0.445966514459665,0.0522273425499232,0.0223285486443381,0.0523809523809524,0.0186625194401244,0,0.0436817472698908,0.0236336779911374,0.0172413793103448,0.0299850074962519,0.0107197549770291,0.0519685039370079,0.0603318250377074,0.0296411856474259,0.0184331797235023,0.00641025641025641,0.0278207109737249,0.0244648318042813,0.0597243491577335,0.0246153846153846,0.0196078431372549,0.0193548387096774,0.0187793427230047,0.0489731437598736,0.0186915887850467,0.0241691842900302,0.0154320987654321,0.0501519756838906,0.0208955223880597,0.0201550387596899
"807",0.00481540930979133,0.0046656298600311,0.0031496062992126,0.00161550888529887,0.00486223662884927,0.00324149108589951,0.0208667736757624,0.00318979266347687,0.00469483568075117,0.995161290322581,0.00473186119873817,0.998430141287284,0.0031496062992126,0.00480769230769231,0,0,0.995341614906832,0.990445859872611,0.00487012987012987,0.0031496062992126,0,0,0.00313479623824451,0.996904024767802,0.00474683544303797,0,0,0.00648298217179903,0,0,0,0.00156739811912226,0.00320512820512821,0,0.996810207336523,0.00483091787439614,0.979876160990712,0.00465116279069767,0,0.00469483568075117,0.996805111821086,0.988906497622821,1,0.00161030595813205,0.00163132137030995,0,0.00160513643659711,0,0.00153846153846154,0,0.995215311004785,0.00159235668789809,0,0.00318979266347687,0.0188976377952756,0,0.99672131147541,0.00476947535771065,0.00791139240506329,0.00156985871271586,0.00154320987654321,0,0,0.995145631067961,0.0047244094488189,0.00478468899521531,0.996820349761526,0.00478468899521531,0.996879875195008,0,0.00156494522691706,0,0,0.00156494522691706,0.996870109546166,0.0015625,0,0.00313971742543171,0.00163132137030995,0,0.996779388083736,0,0,0.00309119010819165,0,0.00310077519379845,0.00315457413249211,0.00316455696202532,0.00617283950617284,0.996894409937888,0.00156739811912226,0.0031496062992126,0.998405103668262,0.995305164319249,0.0032626427406199,0.995207667731629,0.0203761755485893,0.00310077519379845,0.998439937597504,1,0.014308426073132,0.995275590551181,0,0.0032626427406199,0,0.0032626427406199,0.996779388083736,0.00797448165869218,0,0,0,0.0221518987341772,0.00158227848101266,0.0048,0.996779388083736,0.00469483568075117,0.00158478605388273,0.995341614906832,0,0,0.995334370139969,0.00317460317460317,0,0,0.00314465408805031,0,0.0015600624024961,0.00316455696202532,0.996830427892235,0.00950871632329636,0.00474683544303797,0.00329489291598023,0.00321027287319422,0.996860282574568,0.00479233226837061,0,0.995283018867924,0,0.00159744408945687,0.00983606557377049,0.995161290322581,0.996742671009772,0.0031201248049922,0.00320512820512821,0,0.00321027287319422,0,0.0032,0.00160771704180064,0.003125,0,0.00483870967741936,0.0032258064516129,0.00158478605388273,0.00313971742543171,0,0.00473186119873817,0,0.996850393700787,0.00324675324675325,0.00940438871473354,0.00156494522691706,0,0.998444790046656,0.003125,0,0.00323624595469256,0.00475435816164818,0.00313479623824451,0.00153374233128834,0.004739336492891,0,0.00311526479750779,0,0.00641025641025641,0.00157977883096367,0.995207667731629,0.00474683544303797,0.996879875195008,0.00159744408945687,0.0046656298600311,0,0.0015748031496063,0.00313479623824451,0,0.00469483568075117,0,0.00152439024390244,0,0.00323624595469256,0,0,0.00318979266347687,0.0299212598425197,0.995405819295559,0.996840442338073,0,0.995283018867924,0.0031104199066874,0,0.0174603174603175,0.0015625,0.00308166409861325,0,0.00314465408805031,0,0.00315457413249211,0.00318471337579618,0.00473186119873817,0.995176848874598,0.00473186119873817,0,0.00321543408360129,0,0,0.004739336492891,0.00473186119873817,0.00460122699386503,0.00316455696202532,0.00470957613814757,0.00318979266347687,0.996794871794872,0,0.00154083204930663,0.00322061191626409,0.995268138801262,0.00470219435736677,0.00305343511450382,0.0078125,0.00158478605388273,0.0048,0.00488599348534202,0.0220472440944882,0.996779388083736,0.0217054263565891,0,0.00324149108589951,0,0.00154320987654321,0.00322061191626409,0.0048,0.00483091787439614,0.00157232704402516,0,0.00318979266347687,0.00156739811912226,0,0,0.00160513643659711,0,0,0,0,0,0,0,0,0.00158982511923688,0.9967585089141,0,0.996865203761755,0.00479233226837061,0.00486223662884927,0.00317965023847377,0.0015748031496063,0.996889580093313,0.0032520325203252,0.00622083981337481,0.00158227848101266,0,0.00157728706624606,0.0032626427406199,0.996835443037975,0.004739336492891,0,0.00162866449511401,0.00316455696202532,0,0.0031496062992126,0,0,0.00469483568075117,0.00491803278688525,0.0196078431372549,0.995391705069124,0.00155763239875389,0.0241935483870968,0.995305164319249,0,0.0214395099540582,0.00646203554119548,0.996860282574568,0,0,0.00160513643659711,0.00321027287319422,0,0.996789727126806,0.0209339774557166,0.00323624595469256,0.0015625,0.00157977883096367,0.0032,0.00313971742543171,0,0.00312989045383412,0.00156494522691706,0,0.00315955766192733,0.00157232704402516,0.00322061191626409,0.00316455696202532,0,0.00154798761609907,0,0.00650406504065041,0.00323624595469256,0.960691823899371,0,0.00473186119873817,0,0,0.00471698113207547,0.00477707006369427,0.00475435816164818,0.0016260162601626,0.00463678516228748,0,0.0031104199066874,0.00485436893203883,0.996840442338073,0,0.0128205128205128,0,0.961904761904762,0,0.00158730158730159,0,0,0.996889580093313,0,0.00477707006369427,0,0.00490998363338789,0.00158478605388273,0.0031496062992126,0,0,0.0032,0.00165562913907285,0.996825396825397,0.00476947535771065,0,0,0,0.00323624595469256,0,0.995290423861852,0.00158227848101266,0,0,0.0048,0.00313971742543171,0,0.00328947368421053,0.00317965023847377,0.995253164556962,0.00150602409638554,0,0.00462249614791988,0.00318471337579618,0.00164203612479475,0,0.00155038759689922,0,0.00478468899521531,0.00164744645799012,0.00464396284829721,0.0046875,0.0062992125984252,0,0.00477707006369427,0.00462962962962963,0,0,0.00480769230769231,0.00476947535771065,0,0.00471698113207547,0.00492610837438424,0.0031496062992126,0.0046801872074883,0.995098039215686,0,0.0047244094488189,0,0.995260663507109,0.00316957210776545,0.99836867862969,0,0.00314465408805031,0.00315457413249211,0.998384491114701,0.0127591706539075,0,0.00486223662884927,0,0.00160771704180064,0.00323624595469256,0,0.00157232704402516,0.00159235668789809,0.996784565916399,0,0.00482315112540193,0.00157977883096367,0.00161030595813205,0.0031496062992126,0.00496688741721854,0,0.995268138801262,0.00471698113207547,0.00322061191626409,0.00158227848101266,0.0031055900621118,0,0.00794912559618442,0,0.015,1,0.00162337662337662,0,0.00157232704402516,0.995334370139969,0.00161030595813205,0.00315457413249211,0.00155038759689922,0,0,0.99685534591195,0.996889580093313,0.00302114803625378,0.0031201248049922,0.995268138801262,0.0016,0.996835443037975,0.996913580246914,0.995073891625616,0.00484652665589661,0.995275590551181,0.00163132137030995,0.00319488817891374,0.00921658986175115,0.00463678516228748,0.996768982229402,0.995222929936306,0.00313971742543171,0.00153609831029186,0.00313479623824451,0,1,0.0264385692068429,0.00157232704402516,0.00476190476190476,0.00154559505409583,0.00162074554294976,0.998422712933754,0.0031104199066874,0,0.004739336492891,0,0.995283018867924,0,0,0,0.0031496062992126,0.995275590551181,0.00462249614791988,0.00471698113207547,0.0046656298600311,0.996889580093313,0,0.00166666666666667,0,0.0046656298600311,0.00310077519379845,0,0.00475435816164818,0,0.003125,0,0.00161812297734628,0.00315457413249211,0.9968,0,0.00463678516228748,0,0.00162337662337662,0.0159489633173844,0.995327102803738,0,0.00483091787439614,0,0.00467289719626168,0,0,0,0.00154559505409583,0.00306278713629403,0.00474683544303797,0.00321027287319422,0.996789727126806,0.0031055900621118,0,0.00319488817891374,0.00490196078431373,0,0.00469483568075117,0.00481540930979133,0.00476190476190476,0.00160513643659711,0.00309597523219814,0,0,0.00471698113207547,0.020440251572327,0.996884735202492,0.995215311004785,0.00160513643659711,0.00324675324675325,0,0.00480769230769231,0.00473186119873817,0,0.00318471337579618,0.00159235668789809,0.0230061349693252,0.995419847328244,0.00481540930979133,0.0173775671406003,0.0032,0.00474683544303797,0.995412844036697,0.00159744408945687,0.00161812297734628,0,0.00321027287319422,0,0.00455927051671732,0.00159744408945687,0.00461538461538462,0,0.00648298217179903,0.00473186119873817,0,0.0192307692307692,0.0284810126582278,0.00474683544303797,0.0031055900621118,0.998427672955975,0.00157728706624606,0,0,0.00159235668789809,0.0046875,0.00321543408360129,0.0015527950310559,0.770670826833073,0,0.9953125,0.00318979266347687,0,0,0,0.996860282574568,0.00158982511923688,0.0031104199066874,0.00157728706624606,0.00315955766192733,0,0,0.99537037037037,0.995275590551181,0,0,0,0.995268138801262,0,0.00470219435736677,0.565485362095532,0,0.0016025641025641,0.0110410094637224,0.00480769230769231,0.0015527950310559,0.00154559505409583,0.996908809891808,0.0045045045045045,0,0,0.0108864696734059,0.00464396284829721,0,0.995297805642633,0.00470219435736677,0.00460122699386503,0.995297805642633,0.00458015267175573,0,0.00326797385620915,0.00158730158730159,0.996825396825397,0.996820349761526,0,0.00159489633173844,0,0,0.996860282574568,0.995090016366612,0.00306278713629403,0,0.0033112582781457,0.00153846153846154,0.00462962962962963,0,0.0015600624024961,0,0.00980392156862745,0,0,1,0,0.996860282574568,0.0046801872074883,0.155737704918033,0.00309119010819165,0,0.00487012987012987,0.995327102803738,0.00153139356814701,0.00159744408945687,0.00477707006369427,0.995169082125604,0.00470219435736677,0.996830427892235,0,0.0046656298600311,0.996884735202492,0.0218068535825545,0.00321543408360129,0.00157728706624606,0.00160513643659711,0,0.995215311004785,0.00317460317460317,0,0.996932515337423,0.00156739811912226,0,0,0.00161030595813205,0.00162074554294976,0.00462249614791988,0.008,0.00316957210776545,0.995283018867924,0.00476190476190476,0.984423676012461,0.025,0,0.0047244094488189,0.0032,0.00154798761609907,0.00474683544303797,0.914556962025316,0,0.00324675324675325,0.00156985871271586,0.00465116279069767,0.00478468899521531,0.00308641975308642,0.00317965023847377,0.996899224806202,0.995305164319249,0.00454545454545455,0.99537037037037,0,0.995268138801262,0.00473186119873817,0,0,0,0.00318979266347687,0.995260663507109,0,0.00477707006369427,0.00474683544303797,0,0,0,0,0.00158730158730159,0,0,0,0,0.00470219435736677,0,0.996789727126806,0,0.0210016155088853,0.00322061191626409,0.0376766091051805,0,0.0015552099533437,0.00934579439252336,0.0046801872074883,0.00650406504065041,0.00319488817891374,0.00323624595469256,0.00323101777059774,0,0.00156739811912226,0.00477707006369427,0,0,0.0047244094488189,0.996894409937888,0.00311526479750779,0.00314465408805031,0.998389694041868,0,0.995238095238095,0.00320512820512821,0.998355263157895,0.00474683544303797,0.00471698113207547,0,0.00315955766192733,0.0046583850931677,0.00161290322580645,0,0.0255591054313099,0.996850393700787,0.995238095238095,0.00165016501650165,0,0.0015748031496063,0.995319812792512,0.995305164319249,0,0,0.00317460317460317,0.995275590551181,0,0.996884735202492,0.00323624595469256,0.00320512820512821,0.0352,0,0.995419847328244,0.0016260162601626,0.00158982511923688,0.00471698113207547,0.0015527950310559,0.00156985871271586,0,0.00484652665589661,0.895161290322581,0.00480769230769231,0.995230524642289,0.0046801872074883,0.998417721518987,0.00317965023847377,0,0.369354838709677,0.996884735202492,0.995215311004785,0.0031104199066874,0.00324675324675325,0.014018691588785,0.00154559505409583,0,0,0.00314465408805031,0.0046583850931677,0.998394863563403,0,0.00478468899521531,0.996875,0.00488599348534202,0.0015527950310559,0,0.971473851030111,0,0.00465116279069767,0.00159235668789809,0,0,0,0.0032,0,0.00320512820512821,0.995260663507109,0.004739336492891,0.0031055900621118,1,0.995245641838352,0,0.995215311004785,0,0.00307219662058372,0.00163398692810458,0,0,0.00801282051282051,0.00788643533123028,0,0.964341085271318,0,0.915171288743883,0.981191222570533,0.996845425867508,0.157392686804452,0,0,0.00473186119873817,0,0.962843295638126,0.954898911353033,0,0.982704402515723,0.993548387096774,0.95679012345679,0.978125,0.957547169811321,0,0.971563981042654,0,0,0.966019417475728,0,0.939721792890263,0,0.055379746835443,0,0
"808",0,0,0,0,0,0,0.014308426073132,0.00156739811912226,0,1,0,1,0,0,0,0,1,0.982594936708861,0,0,0,0,0,1,0,0,0,0.00158227848101266,0,0,0,0,0.00157977883096367,0,1,0,0.978395061728395,0,0,0,1,0.983128834355828,0.993710691823899,0,0,0,0,0,0,0,1,0,0,0,0.0144230769230769,0,1,0,0.00308641975308642,0,0,0,0,1,0,0,1,0,1,0,0,0,0,0,1,0.00154798761609907,0,0,0.00161290322580645,0,1,0,0,0,0,0,0,0,0.00470219435736677,0.985915492957746,0,0,1,1,0,1,0.0186625194401244,0,0.992272024729521,0.990476190476191,0.0124416796267496,1,0,0,0,0,0.987220447284345,0.0031055900621118,0,0,0,0.015748031496063,0,0,1,0,0,1,0,0,1,0.00157232704402516,0,0,0,0,0,0,1,0.00791139240506329,0,0,0,1,0,0,1,0,0,0.00810372771474878,1,1,0,0,0,0,0,0,0,0,0,0,0,0,0,0,0,0,1,0,0.00618238021638331,0,0,1,0,0,0,0,0,0,0,0,0,0,0.00314465408805031,0,1,0,1,0,0,0,0,0,0,0,0,0,0,0,0,0,0,0.021505376344086,1,1,0,1,0,0,0.0144927536231884,0,0,0,0,0,0,0,0.00155038759689922,1,0,0,0,0,0,0.0046875,0,0,0.00158730158730159,0,0,1,0,0,0,1,0,0,0.00626959247648903,0,0,0,0.0204081632653061,1,0.0154798761609907,0,0,0,0,0,0,0,0,0,0,0,0,0,0,0,0,0,0,0,0,0,0,0,0.987341772151899,0,1,0.0031104199066874,0,0,0,1,0.00160771704180064,0.00308641975308642,0,0,0,0,0.987692307692308,0,0,0,0,0,0,0,0,0,0,0.0144230769230769,1,0,0.0174880763116057,1,0,0.0152439024390244,0.00156494522691706,1,0,0,0,0,0,1,0.0186046511627907,0,0,0,0,0,0,0,0,0,0,0,0,0,0,0,0,0.00313479623824451,0,0.948757763975155,0,0,0,0,0,0,0,0,0,0,0,0,1,0,0.00807754442649435,0,0.942635658914729,0,0,0,0,1,0,0,0,0,0,0,0,0,0,0,1,0,0,0,0,0,0,1,0,0,0,0.00316957210776545,0,0,0,0,1,0,0,0,0,0,0,0,0,0,0,0,0,0.00314465408805031,0,0,0,0,0,0,0,0,0,0,0,0,1,0,0,0,1,0,0.9888,0,0,0,0.996830427892235,0.0109546165884194,0,0,0,0,0,0,0,0,1,0,0.00158227848101266,0,0,0,0,0,0.998439937597504,0,0,0,0,0,0.00625,0,0.01669449081803,0.993690851735016,0,0,0,1,0,0.00155763239875389,0,0,0,1,1,0,0,1,0,0.987158908507223,1,1,0,1,0,0.00155763239875389,0.00758725341426404,0,1,1,0,0,0,0,0.996794871794872,0.0214067278287462,0,0,0,0,1,0,0,0.0016,0,1,0,0,0,0.00156985871271586,1,0,0,0,1,0,0,0,0,0,0,0,0,0,0,0,0,0.989028213166144,0,0,0,0,0.0126182965299685,1,0,0.00317460317460317,0,0,0,0,0,0,0,0,0,1,0,0,0,0.00482315112540193,0,0,0,0,0,0,0,0,0,0.0172143974960876,1,1,0,0,0,0,0,0,0,0,0.0183767228177642,1,0,0.0174603174603175,0,0,1,0,0,0,0.00158478605388273,0,0,0,0,0,0.00315955766192733,0,0,0.0177133655394525,0.0250391236306729,0,0,0.992283950617284,0,0,0,0,0,0,0,0.763975155279503,0,1,0.00158227848101266,0,0,0,1,0,0,0,0,0,0,1,1,0,0,0,1,0,0,0.576086956521739,0,0,0.0109034267912773,0,0,0,1,0,0,0,0.00612557427258806,0,0,0.988993710691824,0,0,1,0.00152905198776758,0,0,0,1,0.990625,0,0,0,0,0.987616099071207,1,0,0,0,0,0,0,0,0,0.00643086816720257,0,0,0.998459167950693,0,1,0,0.14975845410628,0.0015015015015015,0,0,1,0,0,0,1,0,1,0,0,1,0.0171073094867807,0,0,0.0015748031496063,0,1,0,0,1,0,0,0,0,0,0,0.00470219435736677,0.00156739811912226,1,0,0.978021978021978,0.0201550387596899,0,0,0,0,0,0.921752738654147,0,0,0,0,0,0,0,1,1,0,1,0,0.998430141287284,0,0,0,0,0,0.998435054773083,0,0,0,0,0,0,0,0,0,0,0,0,0,0,1,0,0.0193861066235864,0,0.0279937791601866,0,0,0.0062015503875969,0,0,0,0,0,0,0,0,0,0,0.00313479623824451,0.987711213517665,0,0,1,0,1,0,1,0,0,0,0,0,0.00161550888529887,0,0.0204724409448819,1,1,0,0,0,1,1,0,0,0,1,0,1,0,0,0.0329153605015674,0,1,0,0,0,0,0,0,0,0.892913385826772,0,1,0,0.990654205607477,0,0,0.367909238249595,1,1,0.0015625,0,0.0107692307692308,0,0,0,0,0,1,0,0,1,0,0,0,0.956112852664577,0,0,0,0,0,0,0,0,0,1,0,0,0.995245641838352,1,0,1,0,0,0,0,0,0.00628930817610063,0.004739336492891,0,0.948916408668731,0,0.903846153846154,0.97191887675507,1,0.158982511923688,0,0,0.00462962962962963,0,0.94620253164557,0.939252336448598,0,0.973561430793157,0.990476190476191,0.949526813880126,0.970724191063174,0.937791601866252,0,0.972093023255814,0,0,0.951845906902087,0,0.925076452599388,0,0.0500782472613459,0,0
"809",0.0030441400304414,0,0.0345345345345345,0.0648148148148148,0.0186046511627907,0,0.0987841945288754,0.0287878787878788,0,0,0,0,0.439509954058193,0,0.953172205438066,0.992481203007519,0,0,0.0031201248049922,0.0162962962962963,0.848854961832061,0.96875,0.00750750750750751,0,0.045045045045045,0.746564885496183,0.889393939393939,0.00930232558139535,0.537890044576523,0.313343328335832,1,0.309774436090226,0.227692307692308,0.724812030075188,0,0,0.00299850074962519,0.00443786982248521,0.746724890829694,0.0988023952095808,0,0,0,0,0.223270440251572,0.979938271604938,0.495412844036697,1,0.538461538461538,0.867362146050671,0,0.0075187969924812,0.755192878338279,0,0.105263157894737,0.847113884555382,0,0.0212443095599393,0.0432190760059613,0.0948795180722892,0.714285714285714,0.566517189835576,1,0,0.0990853658536585,0.175226586102719,0,0.0106221547799697,0,1,0.149773071104387,0.998487140695915,0.98468606431853,0,0,0.280415430267062,0.961367013372957,0.438805970149254,0.101088646967341,0.742448330683625,0,0.302571860816944,0.787296898079764,0.00147275405007364,0.893553223388306,0.1,0.00451807228915663,0.0312965722801788,0.028023598820059,0,0.015220700152207,0,0,0,0.0296411856474259,0,0.693939393939394,0.0193740685543964,0,0,0.386363636363636,0,0.723564954682779,0,0.904129793510325,0,0,0.0224887556221889,1,0.993957703927492,0.992548435171386,0.0833333333333333,0.665653495440729,0.00907715582450832,0,0.0162721893491124,0.29940119760479,0,1,0.770516717325228,0,0.231003039513678,0.764350453172205,0.925581395348837,0.0284431137724551,0.856711915535445,0.0029585798816568,0.00458015267175573,0,0.453592814371257,0.0703363914373089,0.51937984496124,0.00765696784073507,0,0.0062015503875969,0.977810650887574,0,0.796352583586626,0.383076923076923,0.479750778816199,0,0,0.0242424242424242,0.25,0.835658914728682,0,0.992458521870287,0.0785498489425982,0.57984496124031,0.0236686390532544,0.862015503875969,0.0168711656441718,0,0.167420814479638,0.00597014925373134,1,0,1,0,0.260061919504644,0.122571001494768,0.0136157337367625,0.98379970544919,0,0,0.563467492260062,0,0,0,0.717872968980798,0.0254872563718141,0.998496240601504,0.0491071428571429,1,0.099388379204893,0.62704309063893,0,0.018348623853211,0,0.148036253776435,0,0.876335877862595,0.0196374622356495,0.0523952095808383,0.00736377025036819,0.025260029717682,0.908814589665654,0.624629080118694,0.0794392523364486,0.0587326120556414,0.944024205748865,0.994011976047904,0.0198776758409786,0.118086696562033,0,0,0.710407239819005,0,0,0.73919523099851,0.109256449165402,0.247391952309985,0.0118168389955687,0.579666160849772,0.568249258160237,0.721109399075501,0.0773899848254932,0.0382262996941896,0.117994100294985,0,0.118440779610195,0.834108527131783,0.0581039755351682,1,0.93205317577548,0.459580838323353,0.0211480362537764,0.0221565731166913,0.167168674698795,0.00150602409638554,0.103658536585366,0,0.92503748125937,0.349042709867452,0.00609756097560976,0,0.00445765230312036,0.0238095238095238,0.45045045045045,0.456325301204819,0.0091324200913242,0,0.628398791540785,0,0.0989505247376312,0.479041916167665,0.0357698289269051,1,0.0431547619047619,0.00151975683890578,0,0.0474006116207951,0.471641791044776,0.998473282442748,0.0343796711509716,0.478260869565217,0.995588235294118,0.998525073746313,0.800307219662058,1,0.853658536585366,0.339130434782609,1,0.996983408748115,0.995475113122172,0.407952871870398,0.96417445482866,0.0168711656441718,0,1,0,0.78858024691358,0,0.0225563909774436,0.101823708206687,0,0.12093023255814,0.144144144144144,0.314199395770393,0.396084337349398,0.548632218844985,0.550151975683891,0,0,0.904903417533432,0.298461538461538,0.0473282442748092,0.992458521870287,0.258751902587519,0.998468606431853,0.886191198786039,0,0,0.10061919504644,0,0.362426035502959,0.105828220858896,0,1,0.0950965824665676,0.0233281493001555,0,1,0.998500749625187,0.0227272727272727,0.117829457364341,1,0,0.616666666666667,0.0107033639143731,0.216814159292035,0.615156017830609,0.346749226006192,0.0389221556886228,0.995454545454545,0,0,0.992412746585736,0.0370919881305638,0,0.0201550387596899,0.0029806259314456,0.825493171471927,0.706231454005935,0.733931240657698,0.0247678018575851,0.0571870170015456,0.00149253731343284,0.741248097412481,0.0273972602739726,0.851127819548872,0.705882352941177,0.00600600600600601,0.00303951367781155,0.033033033033033,0.317829457364341,0.00294985250737463,0.760606060606061,0.043026706231454,0.00307219662058372,0,0.698507462686567,0.449074074074074,0.986404833836858,0.00150375939849624,0.992559523809524,0.0917293233082707,0.973134328358209,1,0,0.782414307004471,0.00903614457831325,0.929984779299848,0.015600624024961,0.0342771982116244,0.0153846153846154,0.722910216718266,0.731669266770671,0.327272727272727,0.554160125588697,0,0.179640718562874,0.986861313868613,0.96274217585693,0.806596701649175,0,0.998496240601504,0,0.699544764795144,0.988165680473373,0.978787878787879,0.528787878787879,0,0.7328125,0,0.0287878787878788,0,0.0101744186046512,1,0.00148809523809524,0.175757575757576,0,0.990811638591118,0.0203193033381713,1,0.117199391171994,0.29742033383915,0.0540540540540541,0.0150602409638554,0,0.726172465960666,0.0350609756097561,0,1,0.97172619047619,0,0,0.6797583081571,0.118361153262519,0.0326594090202177,0.0481203007518797,0,0,0.891975308641975,0,0.998475609756098,0,0.0413476263399694,0,0.958778625954198,0,0.037821482602118,0,0.366718027734977,0.579908675799087,0.0185185185185185,0.998432601880878,0.134146341463415,0.00309597523219814,0.634259259259259,0.411589895988113,0.220858895705521,0,0.847094801223242,0.0278637770897833,0.00151745068285281,0.554711246200608,0,0.0212071778140294,0.973094170403587,0,0.0149253731343284,0.00603318250377074,0.0446153846153846,0.319054652880355,0.99388379204893,0.128398791540786,0.768532526475038,0.813397129186603,0,0.382175226586103,0.385208012326656,0.397280966767372,0,0.712050078247261,0.0866261398176292,0.36431784107946,0.486607142857143,0.921739130434783,0,0,0,0.0224550898203593,0,0.0876132930513595,0,0,0,0.00151975683890578,0,0,0.234678624813154,0.474702380952381,0,0,0,0.00599700149925037,0.0422740524781341,0.285289747399703,1,0,0.106666666666667,0.409495548961424,0,0.475482912332838,0.656394453004623,0,0.0134128166915052,1,0.044478527607362,0.905631659056317,0,0.992636229749632,0.888208269525268,0.515055467511886,0.0239520958083832,0,0.0530973451327434,0.0240601503759399,0,0,0.925418569254186,0.0643642072213501,0.9953125,0,0,0.992424242424242,0,0.722306525037936,0.198211624441133,0.993846153846154,0.838709677419355,0.0421052631578947,0,1,0.0282317979197623,0.993798449612403,0.334883720930233,0.586523736600306,0,0.895366218236173,0.258064516129032,0.755988023952096,0.0270676691729323,1,0.862068965517241,0.55379746835443,0.0531757754800591,0.111929307805596,0.0375375375375375,0.254211332312404,0,0.0148367952522255,1,0.0334855403348554,0.622083981337481,1,0,0,0,0.374617737003058,0.0164670658682635,0.876524390243902,0.8202416918429,0.0532724505327245,0.104229607250755,0,0,0.0060790273556231,0.0634674922600619,0.984779299847793,0.0168453292496172,0.00903614457831325,0.640601503759399,0.0785824345146379,0.26969696969697,0.100443131462334,0,0.0346907993966818,0.662100456621005,0,0.00149476831091181,0,0.36085626911315,0.0323076923076923,1,0.296583850931677,0.620689655172414,0.199708454810496,0.324615384615385,0.0424597364568082,0.910557184750733,0.0138248847926267,0,0.0227963525835866,0.694573643410853,0.887218045112782,0.0105421686746988,0,0,0.222388059701493,0.548725637181409,0.753424657534247,0.24390243902439,0,0.11854103343465,0,0.10762331838565,1,0,0.171212121212121,0.998484848484849,1,0.729071537290715,0,0.0106060606060606,0.0812407680945347,0.00152439024390244,0.00593471810089021,0.906870229007634,1,0,0,0.841049382716049,0.925190839694657,0.847094801223242,0,1,0,0.432432432432432,0.724770642201835,0,0.409836065573771,0.0304878048780488,0.353640416047548,0.368731563421829,0,0,0.615501519756839,0.510703363914373,0.069423929098966,0.013353115727003,0.638138138138138,0,0.0542986425339367,0.0496350364963504,0,0.032258064516129,0.987987987987988,0.0125786163522013,0.576168929110106,0,0,0.495297805642633,0.166919575113809,1,0.88208269525268,0,0,0.248908296943231,0.974085365853659,0,0.678994082840237,0.00746268656716418,1,0.635958395245171,0.681887366818874,0.124610591900312,0.912225705329154,0.995495495495496,0,0.963076923076923,0,0.0043731778425656,0.82015503875969,0.020497803806735,0.995412844036697,0,0,0.487444608567208,0.535768645357686,0,0,0.00149476831091181,0,0.604006163328197,0.0135746606334842,0,0.341753343239227,0.0198473282442748,0.261654135338346,0.0502283105022831,0.970014992503748,0,0,0.746932515337423,0,0.305970149253731,1,0.982062780269058,0,0,0.00739644970414201,0.0245022970903522,0.0166163141993958,0,0.0261941448382126,0,0.647234678624813,0.724397590361446,0.00906344410876133,0.00609756097560976,0.00592592592592593,0.00749625187406297,0.0299850074962519,0.986404833836858,0.0171073094867807,0.0390977443609023,0.280178837555887,0.0256410256410256,0,0.0335365853658537,0,0,0.0159651669085631,0,0.92921686746988,0,0.0507462686567164,0.720496894409938,0.806201550387597,0.876488095238095,0.0806697108066971,0.0014903129657228,0.893939393939394,0,0,0.377845220030349,0.596182085168869,0.78695652173913,0.82274741506647,0.365891472868217,1,0.880844645550528,0.461654135338346,0.745814307458143,0.29500756429652,0.989345509893455,0,1,0.665644171779141,0,0.349397590361446,0.782672540381791,0.383703703703704,0.117647058823529,0.00881057268722467,0.0452418096723869,0.0214723926380368,0,0.00152905198776758,0.452887537993921,0.583582089552239,0.00150375939849624,0.994169096209913,0.989690721649485,0.125,0,0,0.0283582089552239,0,0.896284829721362,0,0.050381679389313,0,0.0301204819277108,0,0.992570579494799,0.161631419939577,0,0.360681114551084,0.380809595202399,0.106382978723404,0,0,0.0689655172413793,0.0625,0.0134529147982063,0,0,1,0.774336283185841,0.498480243161094,0,0.555386949924128,0,0.0801232665639445,0,0.819295558958652,0.761280931586608,0,0.673405909797823,0.411854103343465,0.138138138138138,0.0433482810164425,0.230075187969925,1,0.0125,0.0816640986132511,0,0,0.0194902548725637,0,0,0.983257229832572,0.63093415007657,0,0,0.165424739195231,0.0709876543209877,0.0571847507331378,0.290748898678414,0.973372781065089,0.995327102803738,0.183333333333333,0.153618906942393,0,0.987897125567322,0.032258064516129,0,0.0107692307692308,0.0520059435364042,0.939024390243902,0,1,0,0.534992223950233,0.924012158054711,0.894245723172628,0.887218045112782,0.3125,0.906389301634473,0,0,0.243975903614458,0.0149476831091181,0,0,1,0,1,0,0.276234567901235,1,1,0.459375,0.0428790199081164,0.572280178837556,0,1,0.049306625577812,0.00448430493273543,0,0.822289156626506,0.995594713656388,1,0.985029940119761,1,0,0,0.984894259818731,0.003003003003003,0.00154559505409583,0.0254110612855007,0.003003003003003,0,0.993930197268589,0.00914634146341463,1,0.998482549317147,0,0.993930197268589,0.0437956204379562,1,0.91350531107739,0.998554913294798,1
"810",0,0,0,0,0,0,0.009375,0.00156739811912226,0,1,0,1,0,0,0,0,1,0.984126984126984,0,0,0,0,0,1,0,0,0,0.00161030595813205,0,0,0,0,0,0,1,0,0.973354231974922,0,0,0,0.998387096774194,0.984350547730829,0.993808049535604,0,0,0,0,0,0,0,1,0,0,0,0.00956937799043062,0,1,0,0.00156985871271586,0,0,0,0,1,0,0,1,0,1,0,0,0,0,0,1,0.00154559505409583,0,0,0,0,1,0,0,0,0,0,0,0,0.0046875,0.990712074303406,0,0,1,1,0,1,0.0156494522691706,0,0.9921875,0.990625,0.00792393026941363,1,0,0,0,0,0.992101105845182,0.00154798761609907,0,0,0,0.0093167701863354,0,0,1,0,0,1,0,0,1,0,0,0,0,0,0,0,1,0.00312989045383412,0,0,0,1,0,0,1,0,0,0.00477707006369427,1,1,0,0,0,0,0,0,0,0,0,0,0,0,0,0,0,0,1,0,0.00306278713629403,0,0,1,0,0,0,0,0,0,0,0,0,0,0.00157977883096367,0,1,0,1,0,0,0,0,0,0,0,0,0,0,0,0,0,0,0.0140625,1,1,0,0.998435054773083,0,0,0.00797448165869218,0,0,0,0,0,0,0,0,1,0,0,0,0,0,0.0031104199066874,0,0,0,0,0,1,0,0,0,1,0,0,0.00313971742543171,0,0,0,0.0110935023771791,1,0.00921658986175115,0,0,0,0,0,0,0,0,0,0,0,0,0,0,0,0,0,0,0,0,0,0,0,0.990430622009569,0,1,0.00315955766192733,0,0,0,1,0,0.003125,0,0,0,0,0.990506329113924,0,0,0,0,0,0,0,0,0,0,0.0094488188976378,1,0,0.00958466453674121,1,0,0.0107197549770291,0.00158730158730159,1,0,0,0,0,0,1,0.010989010989011,0,0,0,0,0,0,0,0,0,0,0,0,0,0,0,0,0.0016,0,0.955315870570108,0,0,0,0,0,0,0,0,0,0,0,0,1,0,0.00791139240506329,0,0.948916408668731,0,0,0,0,1,0,0,0,0,0,0,0,0,0,0,1,0,0,0,0,0,0,1,0,0,0,0.0015552099533437,0,0,0,0,1,0,0,0,0,0,0,0,0,0,0,0,0,0.00157232704402516,0,0,0,0,0,0,0,0,0,0,0,0,1,0,0,0,1,0,0.988782051282051,0,0,0,0.995297805642633,0.0062992125984252,0,0,0,0,0,0,0,0,1,0,0.00161550888529887,0,0,0,0,0,0.998407643312102,0,0,0,0,0,0.00315955766192733,0,0.00998336106489185,0.992125984251969,0,0,0,1,0,0,0,0,0,1,1,0,0,1,0,0.991909385113269,1,1,0,1,0,0,0.003125,0,1,1,0,0,0,0,0.996732026143791,0.0139968895800933,0,0,0,0,1,0,0,0,0,1,0,0,0,0.00156985871271586,1,0,0,0,1,0,0,0,0,0,0,0,0,0,0,0.00161290322580645,0,0.992063492063492,0,0,0,0,0.00949367088607595,1,0,0.00160513643659711,0,0,0,0,0,0,0,0,0,1,0,0,0,0,0,0,0,0,0,0,0,0,0,0.0093603744149766,1,1,0,0,0,0,0,0,0,0,0.0124804992199688,1,0,0.0112,0,0,1,0,0,0,0,0,0,0,0,0,0.00163398692810458,0,0,0.00975609756097561,0.0235109717868339,0,0,0.992248062015504,0,0,0,0,0,0,0,0.777777777777778,0,1,0,0,0,0,1,0,0,0,0,0,0,1,1,0,0,0,1,0,0,0.570987654320988,0,0,0.00625978090766823,0,0,0,1,0,0,0,0.00458015267175573,0,0,0.990625,0,0,1,0.00154083204930663,0,0,0,1,0.992163009404389,0,0,0,0,0.990566037735849,0.998397435897436,0,0,0,0,0,0,0,0,0.00325732899022801,0,0,0.996884735202492,0,1,0,0.150326797385621,0.00153609831029186,0,0,1,0,0,0,1,0,1,0,0,1,0.0139968895800933,0,0,0,0,1,0,0,1,0,0,0,0,0,0,0.00473186119873817,0.00158982511923688,1,0,0.981395348837209,0.013953488372093,0,0,0,0,0,0.91283676703645,0,0,0,0,0,0,0,1,1,0,1,0,0.998407643312102,0,0,0,0,0,1,0,0,0,0,0,0,0,0,0,0,0,0,0,0,1,0,0.0126582278481013,0,0.0252365930599369,0,0,0.00310077519379845,0,0.0016260162601626,0,0,0,0,0,0,0,0,0.00157977883096367,0.990712074303406,0,0,1,0,1,0,1,0,0,0,0,0,0,0,0.0128617363344051,1,1,0,0,0,1,1,0,0,0,1,0,1,0,0,0.0321543408360129,0,1,0,0,0,0,0,0,0,0.892744479495268,0,1,0,0.992101105845182,0,0,0.373397435897436,1,1,0.0015600624024961,0,0.0062015503875969,0,0,0,0,0,1,0,0,1,0,0,0,0.95625,0,0,0,0,0,0,0,0,0,1,0,0,0.995215311004785,1,0,1,0,0,0,0,0,0.00160513643659711,0.00156985871271586,0,0.955177743431221,0,0.903381642512077,0.978159126365055,1,0.158982511923688,0,0,0.0062015503875969,0,0.95859872611465,0.948356807511737,0,0.977848101265823,0.993517017828201,0.950793650793651,0.97360248447205,0.94556765163297,0,0.968503937007874,0,0,0.956661316211878,0,0.930015552099533,0,0.0520504731861199,0,0
"811",0.00317460317460317,0,0.037037037037037,0.0636942675159236,0.0188976377952756,0,0.104761904761905,0.0296411856474259,0,0,0,0,0.444961240310077,0,0.954968944099379,0.9921875,0,0.00158227848101266,0.00321027287319422,0.0171073094867807,0.836641221374046,0.9664,0.0125588697017268,0,0.046583850931677,0.758241758241758,0.88871473354232,0.0094488188976378,0.532110091743119,0.330246913580247,1,0.312893081761006,0.238546603475513,0.725705329153605,0,0,0.00462249614791988,0.00457317073170732,0.744292237442922,0.093558282208589,0,0,0,0,0.221498371335505,0.98125,0.491961414790997,1,0.53857791225416,0.873846153846154,0,0.0062992125984252,0.742589703588144,0,0.118483412322275,0.847133757961783,0,0.027027027027027,0.0462249614791988,0.0980091883614089,0.709627329192547,0.575899843505477,1,0,0.112179487179487,0.182945736434109,0,0.0125195618153365,0,1,0.145061728395062,0.993817619783617,0.978227060653188,0,0,0.305426356589147,0.958204334365325,0.434514637904468,0.110047846889952,0.741830065359477,0,0.3,0.801857585139319,0.00153609831029186,0.891679748822606,0.0921658986175115,0.0046801872074883,0.0339506172839506,0.0280373831775701,0,0.014218009478673,0,0,0,0.0303030303030303,0,0.706896551724138,0.0220820189274448,0,0,0.401587301587302,0,0.716981132075472,0,0.890743550834598,0,0,0.0251572327044025,1,0.990639625585023,0.992272024729521,0.0920634920634921,0.671317829457364,0.009375,0,0.0170807453416149,0.298299845440495,0,1,0.769110764430577,0,0.247663551401869,0.755134281200632,0.919224555735057,0.0282574568288854,0.848909657320872,0.00307692307692308,0.0046875,0,0.460949464012251,0.0698412698412698,0.518459069020867,0.00949367088607595,0,0.00484652665589661,0.977099236641221,0,0.787735849056604,0.376744186046512,0.492730210016155,0,0,0.0234009360374415,0.254658385093168,0.819620253164557,0,0.993710691823899,0.0811232449297972,0.595813204508857,0.0248447204968944,0.864734299516908,0.0124610591900312,0,0.177115987460815,0.0062402496099844,1,0,1,0,0.268562401263823,0.140458015267176,0.0218068535825545,0.982785602503912,0,0,0.556270096463023,0,0,0,0.716486902927581,0.0264797507788162,1,0.0475460122699387,1,0.11216429699842,0.632398753894081,0,0.0155763239875389,0,0.154818325434439,0,0.87797147385103,0.021875,0.059375,0.0106870229007634,0.0261538461538462,0.915756630265211,0.633846153846154,0.0768,0.0600315955766193,0.94488188976378,0.993779160186625,0.0222575516693164,0.139280125195618,0,0,0.713178294573643,0,0,0.736517719568567,0.127962085308057,0.254992319508449,0.0123839009287926,0.576190476190476,0.569018404907976,0.709119496855346,0.0747217806041336,0.0363924050632911,0.131172839506173,0,0.131618759455371,0.820224719101124,0.0661417322834646,1,0.943076923076923,0.470031545741325,0.026813880126183,0.0216049382716049,0.18025078369906,0.0015600624024961,0.117274167987322,0,0.935126582278481,0.358662613981763,0.00637958532695375,0,0.00914634146341463,0.0229709035222052,0.459247648902821,0.4546875,0.0111464968152866,0,0.629457364341085,0,0.112135176651306,0.495238095238095,0.0343698854337152,1,0.0506912442396313,0.0015748031496063,0,0.0518053375196232,0.473684210526316,0.998415213946117,0.0358814352574103,0.458461538461538,0.996965098634294,0.998475609756098,0.810509554140127,1,0.850891410048622,0.336874051593323,1,0.996875,0.992295839753467,0.437694704049844,0.95748031496063,0.016,0,1,0,0.773584905660377,0,0.0234009360374415,0.0965732087227414,0,0.138977635782748,0.152777777777778,0.309006211180124,0.415094339622642,0.553822152886115,0.544585987261146,0,0,0.907975460122699,0.298360655737705,0.0458860759493671,0.989180834621329,0.272870662460568,0.998427672955975,0.884676145339652,0,0,0.108832807570978,0,0.372881355932203,0.115141955835962,0,1,0.105666156202144,0.0235109717868339,0,0.998447204968944,0.9984375,0.0207667731629393,0.123003194888179,1,0,0.617924528301887,0.0126782884310618,0.223420647149461,0.6171875,0.366614664586583,0.038109756097561,0.990639625585023,0,0,0.995297805642633,0.0390015600624025,0,0.0306451612903226,0.00306278713629403,0.823712948517941,0.698757763975155,0.706336939721793,0.0258064516129032,0.0624,0.00153846153846154,0.743710691823899,0.029874213836478,0.844094488188976,0.705882352941177,0.00627943485086342,0.00317965023847377,0.0329153605015674,0.32512315270936,0.00306278713629403,0.755102040816326,0.0389408099688473,0.00313971742543171,0,0.686821705426357,0.469648562300319,0.982945736434109,0.0015220700152207,0.993893129770992,0.0984375,0.973520249221184,1,0,0.770542635658915,0.00949367088607595,0.933753943217666,0.017741935483871,0.0363349131121643,0.0157977883096366,0.710900473933649,0.706451612903226,0.330173775671406,0.547697368421053,0,0.198425196850394,0.986046511627907,0.960365853658537,0.803767660910518,0,0.998435054773083,0,0.686520376175549,0.990712074303406,0.974842767295597,0.5375,0,0.730891719745223,0,0.0360501567398119,0,0.0103857566765579,1,0.00154320987654321,0.179527559055118,0,0.985804416403785,0.0264385692068429,1,0.124401913875598,0.292604501607717,0.0567484662576687,0.0157232704402516,0,0.70735524256651,0.043613707165109,0,1,0.977987421383648,0,0,0.684129429892142,0.117554858934169,0.0374592833876222,0.0557275541795666,0,0,0.884430176565008,0,1,0,0.0410094637223975,0,0.960380348652932,0,0.0378548895899054,0,0.38125,0.59170653907496,0.0174880763116057,0.9984,0.139717425431711,0.00322061191626409,0.639109697933227,0.41692789968652,0.2171875,0,0.836767036450079,0.0286624203821656,0.00156739811912226,0.556765163297045,0,0.0326797385620915,0.965785381026439,0,0.0186335403726708,0.00631911532385466,0.0501567398119122,0.317073170731707,0.993769470404984,0.146263910969793,0.775157232704403,0.816091954022989,0,0.389067524115756,0.39652448657188,0.395672333848532,0,0.71658615136876,0.0910518053375196,0.368992248062016,0.507692307692308,0.92089552238806,0,0,0,0.0289634146341463,0,0.089622641509434,0,0,0,0.0015748031496063,0,0,0.232594936708861,0.49306625577812,0,0,0,0.00778816199376947,0.0422960725075529,0.295558958652374,1,0,0.11854103343465,0.420401854714065,0,0.4765625,0.665615141955836,0,0.0233644859813084,1,0.048,0.911251980982567,0,0.989296636085627,0.887323943661972,0.51063829787234,0.0246913580246914,0,0.0554699537750385,0.025,0,0,0.94006309148265,0.0693069306930693,0.995153473344103,0,0,0.992199687987519,0,0.699844479004666,0.21283255086072,0.990639625585023,0.834405144694534,0.0470219435736677,0,1,0.031104199066874,0.991935483870968,0.356012658227848,0.604068857589984,0,0.883830455259027,0.272292993630573,0.747303543913713,0.0267295597484277,1,0.853658536585366,0.55663430420712,0.0589123867069486,0.117283950617284,0.0427215189873418,0.262135922330097,0,0.0216383307573416,1,0.0373250388802488,0.615755627009646,1,0,0,0,0.3703125,0.0188087774294671,0.872641509433962,0.805993690851735,0.0579029733959311,0.124804992199688,0,0,0.00635930047694754,0.0631911532385466,0.985714285714286,0.01875,0.00786163522012579,0.640062597809077,0.0737179487179487,0.274603174603175,0.114503816793893,0,0.0312989045383412,0.661392405063291,0,0.00154320987654321,0,0.365625,0.0318979266347687,1,0.330143540669856,0.630030959752322,0.217717717717718,0.32484076433121,0.048411497730711,0.924924924924925,0.0172955974842767,0,0.0218408736349454,0.697411003236246,0.880877742946709,0.00940438871473354,0,0,0.234108527131783,0.545736434108527,0.746081504702194,0.238546603475513,0,0.128325508607199,0,0.104134762633997,1,0,0.184126984126984,0.998407643312102,1,0.733858267716535,0,0.009375,0.0970724191063174,0.00155763239875389,0.00613496932515337,0.914691943127962,1,0,0,0.824367088607595,0.921383647798742,0.848341232227488,0,1,0,0.413636363636364,0.706349206349206,0,0.428790199081164,0.0268987341772152,0.347222222222222,0.36322188449848,0,0,0.616242038216561,0.520440251572327,0.0857580398162328,0.0123456790123457,0.613846153846154,0,0.0569230769230769,0.0519083969465649,0,0.0322085889570552,0.987519500780031,0.0145161290322581,0.572317262830482,0,0,0.494345718901454,0.175548589341693,1,0.865930599369085,0,0,0.254518072289157,0.979495268138801,0,0.677224736048265,0.00614439324116743,1,0.63166144200627,0.682034976152623,0.135350318471338,0.907766990291262,0.996899224806202,0,0.961844197138315,0,0.00606980273141123,0.811382113821138,0.0229709035222052,0.998459167950693,0,0,0.490106544901065,0.541732283464567,0,0,0.00154798761609907,0,0.5984,0.0121396054628225,0,0.354489164086687,0.0238095238095238,0.265625,0.0569620253164557,0.961119751166407,0,0,0.737678855325914,0,0.304347826086957,1,0.984520123839009,0,0,0.00766871165644172,0.0234741784037559,0.0157728706624606,0,0.0282574568288854,0,0.638591117917305,0.722480620155039,0.00775193798449612,0.00923076923076923,0.00613496932515337,0.00920245398773006,0.0294117647058824,0.985645933014354,0.0176,0.0471698113207547,0.294478527607362,0.0231839258114374,0,0.0309119010819165,0,0,0.0212121212121212,0,0.936923076923077,0.00159489633173844,0.05,0.722488038277512,0.800319488817891,0.875583203732504,0.0828025477707006,0.00156985871271586,0.901869158878505,0,0,0.373643410852713,0.592814371257485,0.785074626865672,0.823619631901841,0.352564102564103,1,0.878461538461539,0.470404984423676,0.736677115987461,0.312597200622084,0.992163009404389,0,1,0.67258064516129,0,0.371695178849145,0.774436090225564,0.391035548686244,0.128637059724349,0.0122324159021407,0.0454545454545455,0.0225442834138486,0,0.00159489633173844,0.470588235294118,0.598145285935085,0.00157977883096367,0.995481927710843,0.990867579908676,0.13946117274168,0,0,0.0323076923076923,0,0.883116883116883,0,0.0535433070866142,0,0.0280811232449298,0,0.993817619783617,0.168486739469579,0,0.354632587859425,0.3861852433281,0.120253164556962,0,0,0.0674342105263158,0.0590841949778434,0.0137614678899083,0,0,1,0.768518518518518,0.5015625,0,0.558320373250389,0,0.0803149606299213,0,0.811290322580645,0.767441860465116,0,0.65818759936407,0.401263823064771,0.13953488372093,0.0417310664605873,0.231726283048211,1,0.0144927536231884,0.0834645669291339,0,0,0.0201550387596899,0,0,0.984276729559748,0.614767255216693,0,0,0.190697674418605,0.0763116057233704,0.0630769230769231,0.295454545454545,0.971342383107089,0.995268138801262,0.171561051004637,0.167692307692308,0,0.985826771653543,0.0344827586206897,0,0.016025641025641,0.0464396284829721,0.935736677115988,0,0.996845425867508,0,0.542319749216301,0.93217665615142,0.901116427432217,0.885093167701863,0.332792207792208,0.915492957746479,0,0,0.249221183800623,0.0217729393468118,0,0,1,0,1,0,0.289763779527559,1,1,0.464788732394366,0.0458135860979463,0.577708006279435,0,0.99837925445705,0.0436893203883495,0.0077639751552795,0,0.819047619047619,0.99390243902439,0.998427672955975,0.984496124031008,1,0,0,0.987654320987654,0.00625978090766823,0.00323101777059774,0.0314465408805031,0.00615384615384615,0,0.995334370139969,0.0126182965299685,1,0.998410174880763,0,0.993710691823899,0.0518292682926829,1,0.918367346938776,0.998487140695915,0.998435054773083
"812",0.998427672955975,1,0.966101694915254,0.931854199683043,0.985645933014354,1,0.88503937007874,0.971830985915493,1,0,1,0,0.568111455108359,1,0.046656298600311,0.009375,0,0.0141287284144427,0.998425196850394,0.982919254658385,0.15600624024961,0.0357142857142857,0.990740740740741,0,0.954828660436137,0.258675078864353,0.1109375,0.987381703470032,0.464831804281346,0.685185185185185,0,0.679626749611198,0.759554140127389,0.273716951788491,0,1,0.0153139356814701,0.996908809891808,0.272036474164134,0.903125,0,0.0154083204930663,0.00460122699386503,1,0.773885350318471,0.0220125786163522,0.488299531981279,0,0.458588957055215,0.133942161339422,0,0.993730407523511,0.256609642301711,1,0.871632329635499,0.165876777251185,0,0.979495268138801,0.961597542242704,0.897832817337461,0.291277258566978,0.43778801843318,0,0,0.9,0.817764165390505,0,0.990610328638498,0,0,0.851622874806801,0.0078125,0.0186915887850467,1,0,0.701700154559505,0.0459418070444104,0.564814814814815,0.896,0.270491803278689,0,0.700152207001522,0.204580152671756,0.998477929984779,0.116743471582181,0.905572755417957,0.995391705069124,0.968944099378882,0.970814132104455,0.0107197549770291,0.984472049689441,1,0,0,0.972179289026275,0,0.294117647058824,0.982919254658385,0.00622083981337481,0.00770416024653313,0.593114241001565,0,0.291798107255521,1,0.100299401197605,1,0.00943396226415094,0.975232198142415,0,0.00924499229583975,0.0077639751552795,0.899236641221374,0.330708661417323,0.992295839753467,0,0.984639016897081,0.702909647779479,0,0,0.240249609984399,0,0.754224270353303,0.245723172628305,0.0798722044728434,0.970903522205207,0.141104294478528,0.996927803379416,0.996908809891808,0,0.540752351097179,0.93968253968254,0.492822966507177,0.990445859872611,0,0.995192307692308,0.0214723926380368,0,0.202830188679245,0.609105180533752,0.5072,0,0,0.978461538461538,0.757433489827856,0.162717219589258,1,0.00631911532385466,0.925581395348837,0.407232704402516,0.97869101978691,0.137096774193548,0.984399375975039,1,0.833075734157651,0.995327102803738,0,1,0,0,0.732394366197183,0.863842662632375,0.986153846153846,0.0186625194401244,0,1,0.441269841269841,1,1,1,0.279752704791345,0.978361669242658,0,0.946564885496183,0,0.890453834115806,0.358346094946401,0,0.982594936708861,0,0.841049382716049,1,0.117739403453689,0.983076923076923,0.950617283950617,0.992503748125937,0.973478939157566,0.10077519379845,0.377272727272727,0.917197452229299,0.939907550077042,0.0565149136577708,0.00618238021638331,0.979495268138801,0.848297213622291,0,0,0.287735849056604,0,1,0.261868300153139,0.862559241706161,0.740458015267176,0.990839694656489,0.428571428571429,0.43140243902439,0.284591194968553,0.915227629513344,0.959564541213064,0.87308868501529,0,0.8796875,0.175523349436393,0.941915227629513,0,0.0664652567975831,0.525078369905956,0.978260869565217,0.977064220183486,0.829984544049459,1,0.893023255813953,0,0.0702028081123245,0.659574468085106,0.995327102803738,0,0.992283950617284,0.982008995502249,0.540458015267176,0.55054432348367,0.992138364779874,1,0.355905511811024,0,0.875757575757576,0.515723270440252,0.971107544141252,0,0.96577380952381,0.998422712933754,1,0.9536,0.531587057010786,0.0015748031496063,0.970358814352574,0.53323029366306,0.00304878048780488,0,0.191522762951334,0,0.142857142857143,0.668168168168168,0,0.00307692307692308,0.00771604938271605,0.582952815829528,0.0456692913385827,0.984375,0.0111111111111111,0,0,0.213607594936709,1,0.976635514018692,0.891135303265941,0,0.861066235864297,0.853211009174312,0.680124223602484,0.590342679127726,0.456521739130435,0.4546875,0.0107361963190184,1,0.0961832061068702,0.69551282051282,0.960629921259842,0.0108024691358025,0.75,0.00158730158730159,0.121351766513057,1,1,0.880382775119617,0,0.632621951219512,0.869634340222575,0,0,0.88855421686747,0.977812995245642,0,0.00154559505409583,0.00154798761609907,0.981220657276995,0.873040752351097,0,0,0.374213836477987,0.988958990536278,0.781733746130031,0.397815912636505,0.6578125,0.955725190839695,0.00777604976671851,1,1,0.00782472613458529,0.967238689547582,1,0.977491961414791,0.996908809891808,0.197472353870458,0.303543913713405,0.274418604651163,0.975806451612903,0.935064935064935,0.0507692307692308,0.266770670826833,0.970125786163522,0.162538699690402,0.305135951661631,0.99685534591195,0.998417721518987,0.970814132104455,0.678913738019169,0.998449612403101,0.244408945686901,0.9629057187017,0.998435054773083,0,0.312594840667678,0.546456692913386,0.0188679245283019,0.0573643410852713,0.00610687022900763,0.90809968847352,0.0230414746543779,0,0,0.24191063174114,0.993610223642173,0.0771653543307087,0.983948635634029,0.968701095461659,0.989010989010989,0.283676703645008,0.2816,0.662480376766091,0.455284552845528,0,0.813169984686064,0.0151975683890578,0.0367534456355283,0.208269525267994,1,0.00155038759689922,0,0.310872894333844,0.0123456790123457,0.0234009360374415,0.471317829457364,1,0.270142180094787,1,0.971518987341772,0,0.992537313432836,0,0.998466257668712,0.820472440944882,1,0.010752688172043,0.980030721966206,0,0.881889763779528,0.70906200317965,0.943511450381679,0.984591679506934,0.996918335901387,0.287250384024578,0.9671875,1,0,0.0251968503937008,1,1,0.32182103610675,0.877828054298643,0.963022508038585,0.96,1,0,0.115323854660348,1,0.00155763239875389,0,0.963258785942492,0.00950871632329636,0.0443037974683544,1,0.964451313755796,0.00319488817891374,0.604395604395604,0.4046875,0.982286634460548,0.00161812297734628,0.863057324840764,0.996850393700787,0.371653543307087,0.605633802816901,0.778830963665087,0,0.158878504672897,0.971473851030111,0.998442367601246,0.428792569659443,1,0.975206611570248,0.027906976744186,0.0015527950310559,0.986259541984733,0.998420221169036,0.951334379905808,0.669230769230769,0.00635930047694754,0.859399684044234,0.232339089481947,0.175496688741722,0.00470957613814757,0.608832807570978,0.579527559055118,0.599690880989181,0,0.288961038961039,0.912172573189522,0.632970451010886,0.512977099236641,0.0750750750750751,0,0,1,0.97583081570997,0,0.912636505460218,0.00941915227629513,0,0,0.998415213946117,0,1,0.77151799687011,0.516768292682927,1,0,0,0.995334370139969,0.960606060606061,0.711388455538221,0,0.00161812297734628,0.870030581039755,0.596302003081664,1,0.509954058192956,0.347003154574132,0,0.981481481481482,0,0.958333333333333,0.0846645367412141,0,0.00746268656716418,0.117554858934169,0.482142857142857,0.969040247678019,0,0.952671755725191,0.976816074188563,1,0,0.0746031746031746,0.93431855500821,0.00489396411092985,1,1,0.00628930817610063,1,0.286377708978328,0.800933125972006,0.00940438871473354,0.161695447409733,0.964006259780908,0.0078125,0,0.977134146341463,0.00783699059561128,0.650641025641026,0.386327503974563,0,0.110429447852761,0.735152487961477,0.252307692307692,0.975232198142415,0,0.142640364188164,0.447194719471947,0.943511450381679,0.876132930513595,0.959247648902821,0.731746031746032,0,0.983154670750383,0,0.968992248062015,0.388272583201268,0,1,1,1,0.611023622047244,0.984544049459042,0.123809523809524,0.184375,0.945736434108527,0.864615384615385,0,0,0.990654205607477,0.929022082018927,0.01743264659271,0.987341772151899,0.992199687987519,0.362229102167183,0.929936305732484,0.7168,0.878195488721805,0,0.968553459119497,0.323390894819466,1,0.9984375,0,0.638230647709321,0.971875,0,0.679186228482003,0.382075471698113,0.794947994056464,0.687010954616588,0.957251908396947,0.0844645550527904,0.985483870967742,1,0.978361669242658,0.289099526066351,0.09375,0.992199687987519,1,0.00609756097560976,0.770061728395062,0.438356164383562,0.247663551401869,0.761171032357473,1,0.880248833592535,1,0.125960061443932,0,0,0.817901234567901,0.003125,0,0.269890795631825,0,0.990610328638498,0.92,1,0.993865030674847,0.0900621118012422,0,0,0,0.17425431711146,0.0731319554848967,0.162204724409449,0,0,1,0.0108024691358025,0.287949921752739,1,0.575617283950617,0.9734375,0.656394453004623,0.625757575757576,0,1,0.38810641627543,0.488262910798122,0.919083969465649,0.987823439878234,0.369565217391304,0.0107692307692308,0.948517940717629,0.953453453453453,0,0.967016491754123,0.0172413793103448,0.985436893203884,0.427244582043344,0,0.00783699059561128,0.514851485148515,0.821766561514196,0,0.128367670364501,0.00928792569659443,0,0.732035928143713,0.0235849056603774,1,0.323076923076923,0.993920972644377,0,0.361963190184049,0.324324324324324,0.867834394904459,0.0916398713826367,0.00308166409861325,0.00154559505409583,0.0452418096723869,0,0.995412844036697,0.0422077922077922,0.979041916167665,0.0031055900621118,1,0,0.520547945205479,0.455399061032864,1,0,0.998466257668712,0,0.3984,0.989312977099237,0,0.62826420890937,0.984375,0.73482428115016,0.952380952380952,0.033434650455927,0,1,0.263406940063092,0,0.6734375,0,0.0197869101978691,1,1,0.989329268292683,0.971563981042654,0.979750778816199,0,0.975077881619938,0.0229357798165138,0.342943854324734,0.28416149068323,0.992378048780488,0.993808049535604,0.995447647951442,0.992223950233281,0.053680981595092,0.0156494522691706,0.983922829581994,0.963020030816641,0.707882534775889,0.976887519260401,1,0.970633693972179,0,0,0.983483483483483,0,0.067175572519084,0,0.954758190327613,0.28343949044586,0.196110210696921,0.119815668202765,0.922345483359746,0,0.109907120743034,1,1,0.63125,0.415151515151515,0.206537890044577,0.18140243902439,0.639498432601881,0,0.121725731895223,0.546031746031746,0.2609375,0.696594427244582,0.00766871165644172,0,0,0.308186195826645,1,0.617283950617284,0.229954614220877,0.609422492401216,0.865947611710324,0.987878787878788,0.960127591706539,0.982428115015974,1,0.998420221169036,0.549606299212598,0.415241057542768,1,0.00601503759398496,0.0107197549770291,0.867601246105919,0.00927357032457496,1,0.970496894409938,0,0.110584518167457,0,0.95125786163522,0,0.973805855161787,1,0.00462249614791988,0.82601880877743,1,0.638330757341577,0.611026033690659,0.864566929133858,0,0,0.928687196110211,0.943952802359882,0.989214175654854,0,0,0,0.239393939393939,0.5,0,0.447328244274809,0,0.918269230769231,1,0.161648177496038,0.238461538461538,0,0.344103392568659,0.575899843505477,0.860501567398119,0.963133640552995,0.76625386996904,0,0.988835725677831,0.0126182965299685,1,0,0.984917043740573,0.00773993808049536,1,0.0188976377952756,0.0128205128205128,0,0,0.825688073394495,0.93026941362916,0.933130699088146,0.704615384615385,0.0271493212669683,0.0062992125984252,0.824074074074074,0.836581709145427,0,0.0156985871271586,0.970172684458399,0,0.987421383647799,0.955315870570108,0.0729813664596273,0.0434108527131783,0.00306748466257669,1,0.465116279069767,0.0770440251572327,0.1,0.10752688172043,0.676282051282051,0.0989345509893455,1,0,0.750793650793651,0.983333333333333,0.00307219662058372,0,0,0,0,1,0.70048309178744,0,0,0.525984251968504,0.955177743431221,0.425076452599388,0.0473282442748092,0.00161290322580645,0.0484652665589661,0.0172143974960876,0,0.0284810126582278,0.00304878048780488,0.00159489633173844,0.00918836140888208,0,0.0490506329113924,0.0618238021638331,0.010752688172043,0.0186915887850467,0.00641025641025641,0.0249609984399376,0.024132730015083,0.0597243491577335,0.0062111801242236,0.0201863354037267,0,0.00315955766192733,0.0443740095087163,0.004739336492891,0.0240601503759399,0,0.0278637770897833,0.00150602409638554,0.00158982511923688
"813",0.712887438825449,0.7152,0.707006369426752,0.71900826446281,0.71107544141252,0.723509933774834,0.712887438825449,0.716323296354992,0.709728867623604,0,0.719412724306688,0,0.6176,0.707993474714519,0.317817014446228,0.296529968454259,0,0.00966183574879227,0.716417910447761,0.727416798732171,0.433962264150943,0.325581395348837,0.715654952076677,0,0.749598715890851,0.48705501618123,0.4,0.71900826446281,0.615023474178404,0.68,0.286846275752773,0.677316293929712,0.692682926829268,0.532051282051282,0,0.70429252782194,0.0157232704402516,0.707936507936508,0.489922480620155,0.710443037974684,0,0.00783699059561128,0,0.720516962843296,0.716193656093489,0.295566502463054,0.630470016207455,0.283870967741935,0.596875,0.391025641025641,0,0.711290322580645,0.497615262321145,0.722675367047308,0.679214402618658,0.396351575456053,0,0.712439418416801,0.69935691318328,0.722662440570523,0.556089743589744,0.602523659305994,0.291803278688525,0,0.720198675496689,0.718649517684887,0,0.697933227344992,0,0.28500823723229,0.771293375394322,0.286871961102107,0.305466237942122,0.7168,0,0.691222570532915,0.319935691318328,0.634768740031898,0.707037643207856,0.460767946577629,0,0.681458003169572,0.44131455399061,0.71656050955414,0.393312101910828,0.727707006369427,0.724247226624406,0.714748784440843,0.718196457326892,0.00632911392405063,0.711726384364821,0.700475435816165,0,0,0.734323432343234,0,0.482371794871795,0.698697068403909,0.0031496062992126,0.00326797385620915,0.651757188498403,0,0.517073170731707,0.710310965630115,0.388976377952756,0.70935960591133,0.00649350649350649,0.708399366085578,0.306188925081433,0.285483870967742,0.287539936102236,0.704361873990307,0.496784565916399,0.714285714285714,0,0.714968152866242,0.695374800637959,0,0.272012578616352,0.477124183006536,0,0.7104,0.484702093397746,0.376644736842105,0.7232,0.438095238095238,0.707740916271722,0.726688102893891,0,0.653225806451613,0.722222222222222,0.584158415841584,0.719211822660099,0,0.707717569786535,0.296062992125984,0,0.486088379705401,0.656301145662848,0.617304492512479,0,0,0.71107544141252,0.724025974025974,0.409836065573771,0.720893141945773,0.274636510500808,0.726550079491256,0.524207011686144,0.703296703296703,0.424040066777963,0.706260032102729,0.701639344262295,0.715434083601286,0.707993474714519,0.274193548387097,0.71451355661882,0.292483660130719,0,0.71264367816092,0.70429252782194,0.711538461538462,0.2928,0,0.713831478537361,0.568403908794788,0.726666666666667,0.709984152139461,0.720447284345048,0.524105754276827,0.715434083601286,0.286407766990291,0.711598746081505,0.294025157232704,0.704838709677419,0.547880690737834,0,0.702093397745572,0,0.69377990430622,0.719101123595506,0.36038961038961,0.719551282051282,0.728867623604466,0.719188767550702,0.719685039370079,0.354430379746835,0.504777070063694,0.754934210526316,0.723404255319149,0.33278955954323,0.290996784565916,0.727272727272727,0.685897435897436,0,0,0.545008183306056,0,0.7078125,0.45511811023622,0.718494271685761,0.678972712680578,0.719626168224299,0.607655502392344,0.554140127388535,0.531810766721044,0.686178861788618,0.712460063897764,0.700626959247649,0,0.771293375394322,0.439542483660131,0.747954173486088,0.28,0.335413416536661,0.656500802568218,0.735056542810985,0.714738510301109,0.714975845410628,0.720257234726688,0.738211382113821,0,0.358890701468189,0.687598116169545,0.720394736842105,0,0.70906200317965,0.716981132075472,0.650641025641026,0.566666666666667,0.7136,0.718954248366013,0.55111821086262,0,0.699680511182109,0.61437908496732,0.716417910447761,0.273162939297125,0.712025316455696,0.716346153846154,0.703525641025641,0.730263157894737,0.593004769475358,0.297208538587849,0.70906200317965,0.643769968051118,0.298600311041991,0.286392405063291,0.39870340356564,0.287337662337662,0.426229508196721,0.677777777777778,0.290791599353796,0.2912,0.289763779527559,0.688888888888889,0.296235679214403,0.730831973898858,0.00490196078431373,0.276252019386107,0,0.463295269168026,0.719269102990033,0.713141025641026,0.8336,0,0.713322091062395,0.701726844583987,0.691573926868045,0.65,0.531914893617021,0.553571428571429,0.00476947535771065,0.702614379084967,0.374407582938389,0.682724252491694,0.710355987055016,0.309791332263242,0.712218649517685,0.294212218649518,0.363492063492063,0.719685039370079,0.705192629815745,0.710569105691057,0,0.7136,0.688311688311688,0,0.288461538461538,0.701421800947867,0.714052287581699,0,0.29746835443038,0.2768,0.731666666666667,0.728314238952537,0.28006589785832,0,0.565217391304348,0.718494271685761,0.682389937106918,0.502377179080824,0.711256117455139,0.707667731629393,0.290791599353796,0.720634920634921,0.7136,0.293548387096774,0.703349282296651,0.72258064516129,0.703947368421053,0.719551282051282,0.432475884244373,0.512618296529968,0.515822784810127,0.710310965630115,0.718855218855219,0.0354838709677419,0.489430894308943,0.701444622792937,0.421725239616613,0.506230529595016,0.700813008130081,0.713128038897893,0.722675367047308,0.702439024390244,0.709984152139461,0.494327390599676,0.695721077654517,0.705592105263158,0,0.5296,0.623164763458401,0.285024154589372,0.0334928229665072,0.293563579277865,0.709119496855346,0.300314465408805,0.301127214170692,0,0.492776886035313,0.710569105691057,0.351701782820097,0.728643216080402,0.727126805778491,0.7168,0.517073170731707,0.522033898305085,0.681229773462783,0.526405451448041,0,0.716612377850163,0.28816199376947,0.305511811023622,0.470873786407767,0.720198675496689,0.29570747217806,0,0.539452495974235,0.296596434359805,0.3056,0.545454545454545,0.700325732899023,0.460132890365449,0.712605042016807,0.689320388349515,0,0.706240487062405,0.2921875,0.70906200317965,0.708399366085578,0.732558139534884,0.291935483870968,0.704838709677419,0.274478330658106,0.7,0.667221297836938,0.708064516129032,0.736421725239617,0.707667731629393,0.5232,0.727272727272727,0.703001579778831,0.296703296703297,0.310289389067524,0.708196721311475,0.717252396166134,0.489731437598736,0.703821656050955,0.74,0.728295819935691,0.732594936708861,0,0.350906095551895,0.7216,0.302100161550889,0,0.719672131147541,0.00499168053244592,0.329489291598023,0.704113924050633,0.709470304975923,0,0.6672,0.587096774193548,0.730081300813008,0.291457286432161,0.712680577849117,0.705490848585691,0.565217391304348,0.702702702702703,0.704730831973899,0,0.437001594896332,0.710310965630115,0.713821138211382,0.598715890850722,0.727126805778491,0.699324324324324,0.292604501607717,0,0.711783439490446,0.711038961038961,0.702614379084967,0.667706708268331,0.285483870967742,0.705882352941177,0.493569131832797,0.414261460101868,0.00159489633173844,0.663934426229508,0.99349593495935,0.65818759936407,0,0.457990115321252,0.703821656050955,0.658227848101266,0.56418383518225,0.329211746522411,0,0,0.709035222052067,0.712948517940718,0,0.706645056726094,0.00487012987012987,0,0,0.703525641025641,0,0.705211726384365,0.705787781350482,0.631083202511774,0.709320695102686,0,0,0.715421303656598,0.728971962616822,0.689763779527559,0.290271132376396,0.00166944908180301,0.696540880503145,0.693522906793049,0.724960254372019,0.618897637795276,0.491803278688525,0,0.724025974025974,0.288244766505636,0.721951219512195,0.344103392568659,0,0.288854003139717,0.388524590163934,0.735537190082645,0.726114649681529,0,0.711811023622047,0.753623188405797,0.69983948635634,0,0.333333333333333,0.673469387755102,0.283783783783784,0.701112877583466,0.703296703296703,0.295638126009693,0.714285714285714,0.5376,0.705128205128205,0.282296650717703,0.416393442622951,0.716857610474632,0.00642054574638844,0.281847133757962,0.714511041009464,0.294701986754967,0.673701298701299,0.521739130434783,0,0.390127388535032,0.66884176182708,0.5,0.728896103896104,0.287337662337662,0.393364928909953,0.567114093959732,0.733017377567141,0.706814580031696,0.730081300813008,0.706953642384106,0,0.717495987158908,0.277867528271405,0.684039087947883,0.555189456342669,0.287284144427002,0.70952380952381,0.722488038277512,0.711726384364821,0.662847790507365,0.716346153846154,0.398692810457516,0.458609271523179,0.7508038585209,0.710900473933649,0,0,0.713355048859935,0.757825370675453,0.296900489396411,0.735725938009788,0.725961538461538,0.590764331210191,0.719155844155844,0.788709677419355,0.704761904761905,0,0.745954692556634,0.514705882352941,0.71656050955414,0.72,0,0.666666666666667,0.716150081566069,0.276422764227642,0.677100494233937,0.50788643533123,0.714953271028037,0.692434210526316,0.738461538461539,0.342679127725857,0.71334431630972,0.712025316455696,0.719611021069692,0.492487479131886,0.356340288924559,0.72,0.708268330733229,0.00479233226837061,0.728155339805825,0.776898734177215,0.439418416801292,0.681159420289855,0.721498371335505,0.697115384615385,0.72859450726979,0.152487961476726,0.283531409168082,0,0.720257234726688,0.284779050736498,0.296950240770466,0.454983922829582,0,0.730210016155089,0.708399366085578,0.706451612903226,0.723809523809524,0.359223300970874,0.296296296296296,0,0,0.419834710743802,0.371019108280255,0.398042414355628,0,0.273162939297125,0.697933227344992,0.137876386687797,0.532362459546926,0.702439024390244,0.661858974358974,0.713584288052373,0.654838709677419,0.654631083202512,0,0.717987804878049,0.615008156606852,0.660194174757282,0.712025316455696,0.716535433070866,0.565830721003135,0.00476190476190476,0.728155339805825,0.72626582278481,0,0.721439749608764,0.295934959349594,0.717607973421927,0.556962025316456,0,0.00493421052631579,0.681208053691275,0.710823909531502,0.294117647058824,0.382113821138211,0.00481540930979133,0,0.66973886328725,0.296900489396411,0.723259762308998,0.496815286624204,0.71563981042654,0.287539936102236,0.606299212598425,0.490322580645161,0.703150912106136,0.385245901639344,0.288888888888889,0,0.328382838283828,0,0.716300940438871,0.274959083469722,0.702660406885759,0.289176090468498,0.707993474714519,0,0.581761006289308,0.602627257799672,0.707119741100324,0,0.709984152139461,0,0.531810766721044,0.714285714285714,0,0.66347687400319,0.715447154471545,0.703403565640194,0.715447154471545,0.314873417721519,0,0.707667731629393,0.461912479740681,0,0.679549114331723,0.282608695652174,0.291338582677165,0.718446601941748,0.708674304418985,0.696734059097978,0.710862619808307,0.725779967159278,0,0.703099510603589,0.0128,0.527733755942948,0.4608,0.716828478964401,0.717741935483871,0.722488038277512,0.724960254372019,0.0509554140127389,0.296474358974359,0.72,0.7072,0.70364500792393,0.7232,0.722044728434505,0.718849840255591,0,0,0.68895800933126,0,0.331240188383046,0.00163398692810458,0.717948717948718,0.455445544554455,0.451559934318555,0.399355877616747,0.723856209150327,0,0.376602564102564,0.701112877583466,0.716772151898734,0.680511182108626,0.619344773790952,0.448170731707317,0.406003159557662,0.682847896440129,0.28343949044586,0.373015873015873,0.690705128205128,0.511363636363636,0.690251572327044,0.282051282051282,0,0.289689034369885,0.509121061359867,0.698675496688742,0.62540192926045,0.478328173374613,0.662939297124601,0.712715855572998,0.70625,0.732441471571906,0.736065573770492,0.723509933774834,0.721231766612642,0.578778135048232,0.530708661417323,0.712418300653595,0.290372670807453,0.294392523364486,0.716612377850163,0.00643086816720257,0.717868338557994,0.6816,0,0.399334442595674,0,0.72463768115942,0,0.719551282051282,0.701782820097245,0.2984375,0.7140549273021,0.72,0.689883913764511,0.65814696485623,0.691803278688525,0,0,0.711409395973154,0.704160246533128,0.714060031595577,0,0,0.281923714759536,0.477093206951027,0.583333333333333,0,0.557165861513688,0,0.750814332247557,0.71869918699187,0.389351081530782,0.463492063492064,0,0.502495840266223,0.648387096774194,0.695721077654517,0.706521739130435,0.702229299363057,0.2864,0.721666666666667,0.0383386581469649,0.708196721311475,0,0.719047619047619,0.00321543408360129,0.706168831168831,0.298869143780291,0.191735537190083,0,0,0.695859872611465,0.720394736842105,0.701444622792937,0.704510108864697,0.311811023622047,0.293729372937294,0.764423076923077,0.677725118483412,0,0.286173633440514,0.733766233766234,0,0.692058346839546,0.717011128775835,0.350245499181669,0.027027027027027,0.270700636942675,0.7,0.524046434494196,0.349282296650718,0.339434276206323,0.378763866877971,0.674267100977199,0.353312302839117,0.726537216828479,0,0.72258064516129,0.711323763955343,0.00163398692810458,0,0.276234567901235,0,0.289763779527559,0.70048309178744,1,0.280130293159609,0.270049099836334,0.63474025974026,0.705882352941177,0.59047619047619,0.0348101265822785,0.298850574712644,0.0545454545454545,0.0145867098865478,0,0.256410256410256,0.272870662460568,0.289473684210526,0.304700162074554,0.282334384858044,0.0323624595469256,0.0395569620253165,0.296950240770466,0.0161812297734628,0.00328947368421053,0.0305466237942122,0.0190174326465927,0.0410094637223975,0.287112561174551,0.0209677419354839,0.283606557377049,0.286407766990291,0.0344262295081967,0.287539936102236,0.0442338072669826,0.3,0.281399046104928,0.291079812206573,0.293354943273906
"814",0,0,0.0238853503184713,0.0614886731391586,0.0147299509001637,0,0.0932069510268562,0.0272,0,0,0,0,0.431279620853081,0,0.955696202531646,0.990445859872611,0,0,0.00163132137030995,0.0204724409448819,0.849206349206349,0.965964343598055,0.00943396226415094,0,0.0440251572327044,0.763665594855305,0.887301587301587,0.0114754098360656,0.543035993740219,0.303514376996805,1,0.322734499205087,0.236334405144695,0.712,0,0,0.00473186119873817,0.00317965023847377,0.743827160493827,0.10062893081761,0,0,0,0,0.218905472636816,0.975490196078431,0.495921696574225,1,0.544186046511628,0.867601246105919,0,0.00806451612903226,0.741029641185647,0,0.0942148760330579,0.829821717990275,0,0.0272873194221509,0.0333333333333333,0.109872611464968,0.701112877583466,0.580188679245283,1,0,0.107317073170732,0.168503937007874,0,0.0130081300813008,0,1,0.145110410094637,0.993640699523052,0.98116169544741,0,0,0.293103448275862,0.958990536277603,0.427892234548336,0.100323624595469,0.729549248747913,0,0.304278922345483,0.794628751974723,0.00158478605388273,0.889240506329114,0.096875,0.00324149108589951,0.0317460317460317,0.0317965023847377,0,0.0146341463414634,0,0,0,0.028892455858748,0,0.688291139240506,0.0187207488299532,0,0,0.390675241157556,0,0.717741935483871,0,0.900928792569659,0,0,0.0206022187004754,1,0.990338164251208,0.992,0.0731319554848967,0.667731629392971,0.00631911532385466,0,0.0125984251968504,0.29746835443038,0,1,0.7568,0,0.22866344605475,0.768370607028754,0.922442244224422,0.026813880126183,0.857589984350548,0.00315955766192733,0.0047244094488189,0,0.466034755134281,0.0690737833594976,0.515548281505728,0.0112179487179487,0,0.00644122383252818,0.974921630094044,0,0.805466237942122,0.369255150554675,0.494252873563218,0,0,0.0224358974358974,0.240770465489567,0.842364532019704,0,0.992,0.0829346092503987,0.585644371941272,0.0186625194401244,0.868421052631579,0.0128205128205128,0,0.161030595813205,0.0048,1,0,1,0,0.26580226904376,0.126168224299065,0.0207006369426752,0.982892690513219,0,0,0.562295081967213,0,0,0,0.710236220472441,0.0255591054313099,0.998387096774194,0.046875,1,0.0974025974025974,0.647527910685805,0,0.0144927536231884,0,0.149765990639626,0,0.874388254486134,0.0206677265500795,0.0483619344773791,0.00765696784073507,0.0234741784037559,0.902053712480253,0.627358490566038,0.0699186991869919,0.0608,0.946774193548387,0.993630573248408,0.0196078431372549,0.1136,0,0,0.719869706840391,0,0,0.739403453689168,0.105177993527508,0.24031007751938,0.0108191653786708,0.579617834394904,0.560386473429952,0.731707317073171,0.0806962025316456,0.042483660130719,0.117739403453689,0,0.110759493670886,0.836065573770492,0.0585365853658537,1,0.935126582278481,0.482484076433121,0.0254372019077901,0.0234375,0.173354735152488,0.00158730158730159,0.112721417069243,0,0.927184466019418,0.34488188976378,0.00475435816164818,0,0.00786163522012579,0.01875,0.462025316455696,0.457680250783699,0.00801282051282051,0,0.6352,0,0.0981308411214953,0.482371794871795,0.0325732899022801,1,0.0423197492163009,0.0016,0,0.0512820512820513,0.468553459119497,0.998387096774194,0.0304,0.464788732394366,0.995356037151703,1,0.783387622149837,1,0.856451612903226,0.338509316770186,1,0.995283018867924,0.988976377952756,0.434579439252336,0.959481361426256,0.0144230769230769,0,1,0,0.782958199356913,0,0.0126984126984127,0.0949367088607595,0,0.126022913256956,0.154330708661417,0.323671497584541,0.401913875598086,0.541269841269841,0.543130990415335,0,0,0.912420382165605,0.310402684563758,0.0350877192982456,0.988976377952756,0.250401284109149,0.998412698412698,0.876582278481013,0,0,0.0863192182410423,0,0.364353312302839,0.0966183574879227,0,1,0.0832025117739403,0.0160513643659711,0,0.998412698412698,0.998430141287284,0.0193548387096774,0.132013201320132,1,0,0.614649681528662,0.0113268608414239,0.214733542319749,0.598101265822785,0.339285714285714,0.0445151033386327,0.990625,0,0,0.992012779552716,0.0348101265822785,0,0.0260162601626016,0.00318979266347687,0.807266982622433,0.706521739130435,0.731319554848967,0.0245098039215686,0.0693069306930693,0.00159235668789809,0.722132471728595,0.0272873194221509,0.856012658227848,0.686335403726708,0.00481540930979133,0.0032520325203252,0.0352564102564103,0.308943089430894,0.0031496062992126,0.745571658615137,0.0365079365079365,0.00323101777059774,0,0.692789968652038,0.455882352941176,0.982484076433121,0.00158478605388273,0.996899224806202,0.0936507936507937,0.974960876369327,1,0,0.767772511848341,0.0064,0.927884615384615,0.0115894039735099,0.0287081339712919,0.0146579804560261,0.728896103896104,0.735537190082645,0.328478964401294,0.540765391014975,0,0.180511182108626,0.990697674418605,0.961059190031153,0.796529968454259,0,1,0,0.689167974882261,0.989010989010989,0.978861788617886,0.522727272727273,0,0.717073170731707,0,0.0333333333333333,0,0.0076103500761035,1,0.00158982511923688,0.172302737520129,0,0.99203821656051,0.0221169036334913,1,0.117088607594937,0.312602291325696,0.0518053375196232,0.0142630744849445,0,0.725961538461538,0.0421393841166937,0,1,0.97626582278481,0,0,0.662939297124601,0.112359550561798,0.0383333333333333,0.0497667185069984,0,0,0.885993485342019,0,0.998405103668262,0,0.0304487179487179,0,0.956730769230769,0,0.0275080906148867,0,0.373801916932907,0.592356687898089,0.0177705977382876,0.998360655737705,0.13961038961039,0.00163398692810458,0.647435897435897,0.404458598726115,0.2272,0,0.846029173419773,0.0225442834138486,0.00160771704180064,0.569377990430622,0,0.0253807106598985,0.972447325769854,0,0.0158730158730159,0.00487012987012987,0.0498392282958199,0.309904153354633,0.9936,0.123993558776167,0.768740031897927,0.817420435510888,0,0.3856,0.391373801916933,0.400316455696203,0,0.712418300653595,0.0910543130990415,0.372424722662441,0.475743348982786,0.923547400611621,0,0,0,0.0268562401263823,0,0.0786516853932584,0,0,0,0.0016025641025641,0,0,0.22275641025641,0.489922480620155,0,0,0,0.00638977635782748,0.0447530864197531,0.283699059561129,1,0,0.0968253968253968,0.410852713178295,0,0.486656200941915,0.660743134087238,0,0.0237717908082409,1,0.0456769983686786,0.911908646003263,0,0.992283950617284,0.885807504078303,0.505067567567568,0.0285714285714286,0,0.0503937007874016,0.0266457680250784,0,0,0.92776886035313,0.0698835274542429,0.996632996632997,0,0,0.990521327014218,0,0.721417069243156,0.189873417721519,0.990461049284579,0.830371567043619,0.0400641025641026,0,1,0.0301109350237718,0.993517017828201,0.347266881028939,0.606451612903226,0,0.893987341772152,0.264462809917355,0.763578274760383,0.0251177394034537,1,0.858034321372855,0.550580431177446,0.0574534161490683,0.124018838304553,0.0416,0.258536585365854,0,0.0204081632653061,1,0.0299684542586751,0.614006514657981,1,0,0,0,0.364353312302839,0.0159744408945687,0.8784,0.821371610845295,0.0556438791732909,0.1,0,0,0.00964630225080386,0.0617886178861789,0.983844911147011,0.0176,0.00796178343949045,0.656,0.0706075533661741,0.280327868852459,0.0943396226415094,0,0.0363349131121643,0.660287081339713,0,0,0,0.369774919614148,0.0226537216828479,1,0.311897106109325,0.612698412698413,0.206738131699847,0.340836012861736,0.045662100456621,0.918586789554531,0.0112721417069243,0,0.0190779014308426,0.703099510603589,0.885532591414944,0.00803858520900321,0,0,0.216429699842022,0.541666666666667,0.733438485804416,0.237341772151899,0,0.12280701754386,0,0.111111111111111,1,0,0.182108626198083,0.996784565916399,1,0.712698412698413,0,0.00938967136150235,0.0902021772939347,0.00161550888529887,0.0047244094488189,0.909238249594814,1,0,0,0.843137254901961,0.92,0.836569579288026,0,1,0,0.430359937402191,0.722852512155592,0,0.423566878980892,0.0240384615384615,0.362204724409449,0.375389408099688,0,0,0.618357487922705,0.518341307814992,0.0647709320695103,0.0109546165884194,0.624223602484472,0,0.0509554140127389,0.0469483568075117,0,0.0342146189735614,0.984,0.0132450331125828,0.565977742448331,0,0,0.505,0.169082125603865,1,0.864686468646865,0,0,0.26502311248074,0.975767366720517,0,0.681818181818182,0.00784929356357928,1,0.619344773790952,0.67524115755627,0.133768352365416,0.911330049261084,0.998402555910543,0,0.964343598055105,0,0.00460829493087558,0.809210526315789,0.0186625194401244,0.995169082125604,0,0,0.485225505443235,0.557723577235772,0,0,0.00156494522691706,0,0.616393442622951,0.00794912559618442,0,0.34012539184953,0.0209339774557166,0.248387096774194,0.0465489566613162,0.962323390894819,0,0,0.730769230769231,0,0.320695102685624,1,0.981191222570533,0,0,0.00941915227629513,0.0272435897435897,0.0178282009724473,0,0.023961661341853,0,0.648148148148148,0.707740916271722,0.00789889415481832,0.00645161290322581,0.00465116279069767,0.00947867298578199,0.0304,0.982113821138211,0.0165016501650165,0.0380952380952381,0.27742946708464,0.0235109717868339,0,0.0302066772655008,0,0,0.0170015455950541,0,0.936708860759494,0.0016025641025641,0.0492845786963434,0.707920792079208,0.801932367149758,0.885093167701863,0.0868878357030016,0,0.894230769230769,0,0,0.370192307692308,0.599078341013825,0.790909090909091,0.807153965785381,0.355048859934853,1,0.878740157480315,0.480127186009539,0.73354735152488,0.300155520995334,0.995222929936306,0,1,0.672609400324149,0,0.357945425361156,0.780525502318393,0.386581469648562,0.115141955835962,0.0109204368174727,0.0376432078559738,0.0178571428571429,0,0.00163398692810458,0.440251572327044,0.591125198098257,0.00158227848101266,0.993836671802773,0.990668740279938,0.118780096308186,0,0,0.0280373831775701,0,0.894909688013136,0,0.0548387096774194,0,0.0283464566929134,0,0.992138364779874,0.158908507223114,0,0.352272727272727,0.384735202492212,0.099510603588907,0,0,0.07,0.0535987748851455,0.0126182965299685,0,0,1,0.760188087774295,0.498407643312102,0,0.54983922829582,0,0.06957928802589,0,0.81421647819063,0.761453396524487,0,0.660098522167488,0.4128,0.140157480314961,0.0342146189735614,0.227848101265823,1,0.011400651465798,0.0853462157809984,0,0,0.0186335403726708,0,0,0.977235772357724,0.63681592039801,0,0,0.17981072555205,0.0775577557755776,0.046875,0.283255086071987,0.973101265822785,0.993548387096774,0.1743264659271,0.161490683229814,0,0.984101748807631,0.0289855072463768,0,0.0145631067961165,0.0451010886469673,0.929712460063898,0,0.996768982229402,0,0.534313725490196,0.924315619967794,0.901315789473684,0.883096366508689,0.315447154471545,0.906103286384977,0,0,0.244766505636071,0.0204724409448819,0,0,1,0,1,0,0.280130293159609,1,1,0.469820554649266,0.040650406504065,0.561815336463224,0,0.998341625207297,0.0444078947368421,0.00635930047694754,0,0.819334389857369,0.9953125,0.998381877022654,0.984276729559748,1,0,0,0.992012779552716,0.00478468899521531,0.0016366612111293,0.0240384615384615,0.004739336492891,0,0.993506493506494,0.0111111111111111,1,0.9968,0,0.996805111821086,0.0467289719626168,1,0.909531502423263,1,0.998394863563403
"815",0.00316957210776545,0,0.0329153605015674,0.0581583198707593,0.0164744645799012,0,0.107424960505529,0.0271132376395534,0,0,0,0,0.420221169036335,0,0.959119496855346,0.996860282574568,0,0.00158478605388273,0.00328407224958949,0.0125391849529781,0.83015873015873,0.963815789473684,0.0110759493670886,0,0.0462519936204147,0.744372990353698,0.889776357827476,0.0129449838187702,0.536209553158706,0.318611987381703,1,0.307692307692308,0.228571428571429,0.716772151898734,0,0,0.0062015503875969,0.004739336492891,0.74079754601227,0.0940438871473354,0,0,0,0,0.221859706362153,0.977635782747604,0.488888888888889,1,0.525581395348837,0.869565217391304,0,0.00786163522012579,0.740219092331768,0,0.111111111111111,0.840322580645161,0,0.0238473767885533,0.043613707165109,0.0989010989010989,0.705229793977813,0.563291139240506,1,0,0.104265402843602,0.169036334913112,0,0.00947867298578199,0,1,0.129133858267717,0.99211356466877,0.985623003194888,0,0,0.292379471228616,0.959627329192547,0.411949685534591,0.100323624595469,0.736408566721582,0,0.289719626168224,0.781733746130031,0.00154083204930663,0.887323943661972,0.088646967340591,0.00469483568075117,0.031496062992126,0.0328638497652582,0,0.012987012987013,0,0,0,0.0273311897106109,0,0.686427457098284,0.0189873417721519,0,0,0.378594249201278,0,0.714968152866242,0,0.898617511520737,0,0,0.0222575516693164,1,0.993548387096774,0.992223950233281,0.0839936608557845,0.659842519685039,0.00477707006369427,0,0.014218009478673,0.290679304897314,0,1,0.770833333333333,0,0.231629392971246,0.752380952380952,0.930194805194805,0.0283464566929134,0.842022116903633,0.0015748031496063,0.00313479623824451,0,0.453978159126365,0.0649762282091918,0.51063829787234,0.0130293159609121,0,0.0048780487804878,0.982758620689655,0,0.780998389694042,0.37914691943128,0.469551282051282,0,0,0.0253565768621236,0.242857142857143,0.820554649265905,0,0.992125984251969,0.0812101910828025,0.585089141004862,0.0214723926380368,0.86437908496732,0.0109717868338558,0,0.151181102362205,0.004739336492891,1,0,1,0,0.260450160771704,0.1296875,0.0222575516693164,0.978159126365055,0,0,0.553366174055829,0,0,0,0.716510903426791,0.0250783699059561,0.998422712933754,0.0558139534883721,1,0.110754414125201,0.622848200312989,0,0.0142405063291139,0,0.147672552166934,0,0.88,0.0188087774294671,0.0527950310559006,0.00921658986175115,0.0220125786163522,0.909667194928685,0.624036979969183,0.0735294117647059,0.056782334384858,0.944707740916272,0.995297805642633,0.0191387559808612,0.1287284144427,0,0,0.701954397394137,0,0,0.745762711864407,0.120325203252033,0.243788819875776,0.0108359133126935,0.5696,0.565217391304348,0.706924315619968,0.0821484992101106,0.0317965023847377,0.121306376360809,0,0.124600638977636,0.824877250409165,0.0575079872204473,1,0.931464174454829,0.45718901453958,0.0220820189274448,0.0250391236306729,0.172143974960876,0.00155038759689922,0.104430379746835,0,0.929936305732484,0.342064714946071,0.00489396411092985,0,0.00950871632329636,0.0244274809160305,0.444267515923567,0.463607594936709,0.00952380952380952,0,0.6203125,0,0.105263157894737,0.488745980707395,0.0343137254901961,1,0.0392464678178964,0.00158730158730159,0,0.0458860759493671,0.468652037617555,0.998392282958199,0.0335463258785942,0.464285714285714,0.995426829268293,0.998456790123457,0.806138933764136,1,0.850162866449511,0.321875,1,0.99685534591195,0.990580847723705,0.41304347826087,0.958949096880131,0.0159489633173844,0,1,0,0.778491171749599,0,0.0160513643659711,0.087962962962963,0,0.132471728594507,0.139717425431711,0.311605723370429,0.411111111111111,0.534920634920635,0.538709677419355,0,0,0.908661417322835,0.3003300330033,0.045958795562599,0.985871271585557,0.26031746031746,0.998422712933754,0.886075949367089,0,0,0.102564102564103,0,0.356807511737089,0.107544141252006,0,1,0.0998439937597504,0.0210016155088853,0,0.998435054773083,0.998442367601246,0.0195439739413681,0.1201248049922,1,0,0.60596546310832,0.0113268608414239,0.210691823899371,0.601880877742947,0.345659163987138,0.0385802469135802,0.988817891373802,0,0,0.9952,0.0345368916797488,0,0.0275080906148867,0.00158227848101266,0.822966507177033,0.699367088607595,0.7203125,0.0225806451612903,0.0569105691056911,0.00159235668789809,0.747993579454254,0.0282131661442006,0.85126582278481,0.7,0.00473186119873817,0.00316455696202532,0.0349761526232114,0.31219512195122,0.00311526479750779,0.7584,0.0397456279809221,0.0032258064516129,0,0.688087774294671,0.438511326860841,0.982919254658385,0.00156985871271586,0.992248062015504,0.082670906200318,0.979655712050078,1,0,0.775510204081633,0.00473186119873817,0.92755905511811,0.0163132137030995,0.0333863275039746,0.0143769968051118,0.71405750798722,0.709624796084829,0.307210031347962,0.548440065681445,0,0.167721518987342,0.989247311827957,0.967238689547582,0.807210031347962,0,0.998430141287284,0,0.679304897314376,0.990668740279938,0.975845410628019,0.504777070063694,0,0.72741935483871,0,0.0366826156299841,0,0.00914634146341463,1,0.00154559505409583,0.160572337042925,0,0.985691573926868,0.0248062015503876,1,0.112179487179487,0.285714285714286,0.0499219968798752,0.0140625,0,0.708661417322835,0.0348101265822785,0,1,0.979166666666667,0,0,0.6796875,0.107255520504732,0.0345963756177924,0.0464396284829721,0,0,0.892282958199357,0,1,0,0.0365079365079365,0,0.958333333333333,0,0.0352564102564103,0,0.374203821656051,0.578199052132701,0.0194174757281553,0.998371335504886,0.11869918699187,0.00325732899022801,0.628205128205128,0.405362776025237,0.207606973058637,0,0.840189873417722,0.0242718446601942,0.0015748031496063,0.543720190779014,0,0.0305084745762712,0.964573268921095,0,0.0141732283464567,0.00641025641025641,0.0496794871794872,0.296875,0.993650793650794,0.133858267716535,0.773940345368917,0.813445378151261,0,0.379421221864952,0.399678972712681,0.397129186602871,0,0.70840197693575,0.0884676145339652,0.354587869362364,0.499212598425197,0.927803379416283,0,0,0,0.0249221183800623,0,0.076555023923445,0,0,0,0,0,0,0.221870047543582,0.46801872074883,0,0,0,0.0078740157480315,0.0354938271604938,0.280125195618153,1,0,0.111801242236025,0.411214953271028,0,0.475667189952904,0.657051282051282,0,0.0157232704402516,1,0.0491283676703645,0.914790996784566,0,0.989312977099237,0.881789137380192,0.522388059701492,0.031104199066874,0,0.0507692307692308,0.0221870047543582,0,0,0.931484502446982,0.0664451827242525,0.99670510708402,0,0,0.992088607594937,0,0.706624605678233,0.200317965023847,0.990415335463259,0.845528455284553,0.0408163265306122,0,1,0.0300157977883096,0.995169082125604,0.344605475040258,0.60223642172524,0,0.895734597156398,0.261865793780687,0.746875,0.0236593059936909,1,0.863987635239567,0.547697368421053,0.0552147239263804,0.119751166407465,0.0382165605095541,0.249201277955272,0,0.0169491525423729,1,0.0315457413249211,0.601941747572815,1,0,0,0,0.36608557844691,0.015748031496063,0.866666666666667,0.810207336523126,0.0544871794871795,0.1125,0,0,0.0112540192926045,0.0627009646302251,0.9872,0.015748031496063,0.00947867298578199,0.635499207606973,0.0717703349282297,0.259677419354839,0.105263157894737,0,0.0337078651685393,0.649038461538462,0,0.00157977883096367,0,0.359872611464968,0.0292682926829268,1,0.310725552050473,0.627388535031847,0.199081163859112,0.301765650080257,0.0472560975609756,0.9125,0.016,0,0.0237341772151899,0.690938511326861,0.887658227848101,0.00941915227629513,0,0,0.226917057902973,0.55607476635514,0.749603803486529,0.230283911671924,0,0.114779874213836,0,0.105511811023622,1,0,0.173775671406003,0.998405103668262,1,0.731437598736177,0,0.0109717868338558,0.0845070422535211,0.00158982511923688,0.00628930817610063,0.90952380952381,1,0,0,0.827697262479871,0.927184466019418,0.850793650793651,0,1,0,0.4140625,0.712241653418124,0,0.404945904173107,0.0238095238095238,0.34913112164297,0.374805598755832,0,0,0.59967845659164,0.507987220447284,0.0785824345146379,0.0108191653786708,0.631083202511774,0,0.0508744038155803,0.0467289719626168,0,0.037037037037037,0.984350547730829,0.014827018121911,0.570048309178744,0,0,0.482529118136439,0.154704944178628,1,0.871589085072231,0,0,0.248847926267281,0.975922953451043,0,0.670846394984326,0.00617283950617284,1,0.625196850393701,0.681672025723473,0.126229508196721,0.899835796387521,0.996870109546166,0,0.96031746031746,0,0.0061633281972265,0.813114754098361,0.0199386503067485,0.996875,0,0,0.469860896445131,0.536507936507936,0,0,0.00156494522691706,0,0.599025974025974,0.0078125,0,0.332805071315372,0.0195121951219512,0.263665594855305,0.0532258064516129,0.961240310077519,0,0,0.732786885245902,0,0.316770186335404,1,0.982758620689655,0,0,0.0109546165884194,0.0305466237942122,0.0223285486443381,0,0.0173501577287066,0,0.634108527131783,0.718995290423862,0.00770416024653313,0.0078125,0.00619195046439629,0.00627943485086342,0.0254777070063694,0.9872,0.0177133655394525,0.0374414976599064,0.27047913446677,0.0203125,0,0.028436018957346,0,0,0.0167427701674277,0,0.932496075353218,0.0016,0.0457413249211356,0.718901453957997,0.805872756933116,0.892744479495268,0.07223113964687,0.00158982511923688,0.890965732087227,0,0,0.370607028753994,0.588770864946889,0.781874039938556,0.819314641744548,0.354838709677419,1,0.874213836477987,0.451355661881978,0.746815286624204,0.288188976377953,0.988871224165342,0,1,0.666666666666667,0,0.35377358490566,0.775700934579439,0.376190476190476,0.126543209876543,0.00924499229583975,0.0405844155844156,0.0210355987055016,0,0.0016,0.456692913385827,0.58528951486698,0.00157728706624606,0.993798449612403,0.99079754601227,0.129337539432177,0,0,0.0267716535433071,0,0.882736156351791,0,0.0561797752808989,0,0.0286168521462639,0,0.99375,0.158982511923688,0,0.344262295081967,0.38351822503962,0.112903225806452,0,0,0.0751633986928105,0.0606060606060606,0.0125984251968504,0,0,1,0.76219512195122,0.510268562401264,0,0.549520766773163,0,0.0717781402936378,0,0.815359477124183,0.752721617418352,0,0.659744408945687,0.41091492776886,0.132283464566929,0.0386398763523957,0.223454833597464,1,0.013136288998358,0.0821256038647343,0,0,0.0203125,0,0,0.985691573926868,0.617263843648209,0,0,0.178963893249608,0.0691318327974277,0.0608424336973479,0.288343558282209,0.976958525345622,0.993517017828201,0.159489633173844,0.1640625,0,0.980922098569157,0.0288461538461538,0,0.0162337662337662,0.0470957613814757,0.949367088607595,0,0.996850393700787,0,0.53257328990228,0.917460317460317,0.893092105263158,0.885579937304075,0.323577235772358,0.903875968992248,0,0,0.240710823909531,0.0171875,0,0,1,0,1,0,0.270049099836334,1,1,0.461165048543689,0.0417335473515249,0.572555205047319,0,0.998366013071895,0.0423452768729642,0.00786163522012579,0,0.807631160572337,0.993855606758833,0.998397435897436,0.9828125,1,0,0,0.984472049689441,0.00480769230769231,0.00163398692810458,0.0251968503937008,0.0063391442155309,0,0.992138364779874,0.0110410094637224,1,0.996774193548387,0,0.993610223642173,0.0493827160493827,1,0.916535433070866,1,0.998397435897436
"816",0.550161812297735,0.552,0.559105431309904,0.568438003220612,0.538336052202284,0.540584415584416,0.628058727569331,0.558587479935794,0.540372670807453,0.00329489291598023,0.534700315457413,0.00320512820512821,0.638263665594855,0.536115569823435,0.484944532488114,0.482594936708861,0.00626959247648903,0.0158982511923688,0.553571428571429,0.570063694267516,0.610062893081761,0.454242928452579,0.539556962025316,0.00625,0.579872204472843,0.546623794212219,0.521531100478469,0.532362459546926,0.676609105180534,0.663507109004739,0.465408805031447,0.680577849117175,0.66936790923825,0.544444444444444,0.00477707006369427,0.526232114467409,0.0191082802547771,0.538950715421304,0.682242990654206,0.570977917981073,0.00316455696202532,0.0142405063291139,0.00941915227629513,0.5424,0.636963696369637,0.474959612277868,0.598705501618123,0.457463884430177,0.621913580246914,0.548387096774194,0.00477707006369427,0.545893719806763,0.60952380952381,0.533117932148627,0.635483870967742,0.558213716108453,0.00490998363338789,0.560386473429952,0.558502340093604,0.624213836477987,0.538095238095238,0.662440570522979,0.456026058631922,0.00655737704918033,0.608,0.632492113564669,0.00637958532695375,0.543130990415335,0.00316957210776545,0.459150326797386,0.567233384853168,0.458199356913183,0.48006379585327,0.540031397174254,0.00474683544303797,0.697819314641745,0.483720930232558,0.644094488188976,0.623397435897436,0.576666666666667,0.00324149108589951,0.667711598746082,0.568992248062016,0.53870458135861,0.549520766773163,0.601255886970173,0.534072900158479,0.556259904912837,0.542264752791069,0.00920245398773006,0.537124802527646,0.535433070866142,0.00476947535771065,0.0032,0.552287581699346,0.00474683544303797,0.756671899529042,0.536,0.0062402496099844,0.00963081861958266,0.936688311688312,0.00634920634920635,0.688394276629571,0.538585209003215,0.542452830188679,0.542071197411003,0.00958466453674121,0.562401263823065,0.444444444444444,0.462264150943396,0.462757527733756,0.594249201277955,0.594202898550725,0.534621578099839,0.00488599348534202,0.546603475513428,0.66403785488959,0.00470219435736677,0.454545454545455,0.569620253164557,0.00312989045383412,0.686274509803922,0.691437802907916,0.491935483870968,0.554502369668246,0.537735849056604,0.543887147335423,0.5344,0.00646203554119548,0.984227129337539,0.580952380952381,0.6224,0.551779935275081,0.00474683544303797,0.546492659053834,0.462015503875969,0.00636942675159236,0.660855784469097,0.577777777777778,0.967320261437909,0.00646203554119548,0.00484652665589661,0.568720379146919,0.667711598746082,0.556291390728477,0.530448717948718,0.451612903225806,0.609951845906902,0.568438003220612,0.531446540880503,0.613008130081301,0.534920634920635,0.5376,0.622820919175911,0.546474358974359,0.448275862068966,0.542721518987342,0.448717948717949,0.00321543408360129,0.675895765472313,0.641955835962145,0.550955414012739,0.46875,0.0047244094488189,0.5265625,0.615131578947368,0.545155993431856,0.545886075949367,0.544461778471139,0.540880503144654,0.545310015898251,0.471910112359551,0.554012345679012,0.466257668711656,0.615755627009646,0.596463022508039,0.00483091787439614,0.534920634920635,0.0031104199066874,0.588697017268446,0.539074960127592,0.531502423263328,0.548489666136725,0.583987441130298,0.528682170542636,0.553459119496855,0.530351437699681,0.580594679186229,0.6,0.57395498392283,0.491255961844197,0.472178060413355,0.556451612903226,0.651273885350318,0.00309119010819165,0.00650406504065041,0.77207062600321,0.00641025641025641,0.537984496124031,0.5875,0.650974025974026,0.60596546310832,0.541925465838509,0.837925445705024,0.629057187017002,0.715909090909091,0.563402889245586,0.555194805194805,0.609794628751975,0.00486223662884927,0.605095541401274,0.656814449917898,0.577235772357724,0.460191082802548,0.496923076923077,1,0.546774193548387,0.557120500782473,0.658615136876006,0.544740973312402,0.617363344051447,0.0064,0.503961965134707,0.679447852760736,0.543973941368078,0.00636942675159236,0.547021943573668,0.559190031152648,1,0.56782334384858,0.530351437699681,0.540362438220758,0.807017543859649,0.0065252854812398,0.609230769230769,0.647249190938511,0.570723684210526,0.467817896389325,0.555031446540881,0.522653721682848,0.525984251968504,0.578274760383387,0.60126582278481,0.485436893203884,0.569354838709677,0.591482649842271,0.448698315467075,0.453560371517028,0.502384737678855,0.463022508038585,0.596747967479675,0.749221183800623,0.449843260188088,0.468412942989214,0.473515248796148,0.915227629513344,0.479674796747967,0.561688311688312,0.00797448165869218,0.450479233226837,0.00645161290322581,0.681458003169572,0.543408360128617,0.538341158059468,0.594339622641509,0.00625978090766823,0.637239165329053,0.605633802816901,0.662420382165605,0.64274322169059,0.613057324840764,0.599673202614379,0.0109717868338558,0.517017828200972,0.561708860759494,0.673202614379085,0.55625,0.47581903276131,0.713607594936709,0.461049284578696,0.529133858267717,0.552631578947368,0.534426229508197,0.632520325203252,0.00619195046439629,0.8546875,0.61698717948718,0.00636942675159236,0.456556082148499,0.61609907120743,0.54983922829582,0.00470957613814757,0.477379095163807,0.45583596214511,0.560260586319218,0.624796084828711,0.461912479740681,0.00641025641025641,0.82306477093207,0.546178343949045,0.736760124610592,0.590189873417722,0.752396166134185,0.555205047318612,0.471428571428571,0.544323483670295,0.545016077170418,0.457278481012658,0.563779527559055,0.533333333333333,0.554649265905383,0.536277602523659,0.553054662379421,0.623622047244095,0.72107765451664,0.547854785478548,0.5718901453958,0.031496062992126,0.575079872204473,0.562398703403566,0.502392344497608,0.584992343032159,0.544303797468354,0.539452495974235,0.559241706161137,0.7,0.5375,0.560777957860616,0.581210191082803,0.551779935275081,0.00632911392405063,0.630094043887147,0.854132901134522,0.481717011128776,0.0347551342812006,0.457680250783699,0.585826771653543,0.468051118210863,0.468354430379747,0.00465116279069767,0.547619047619048,0.544570502431118,0.52755905511811,0.546052631578947,0.567783094098884,0.543035993740219,0.737942122186495,0.718801996672213,0.648089171974522,0.57660626029654,0.00313479623824451,0.621794871794872,0.462132921174652,0.465007776049767,0.628164556962025,0.545901639344262,0.460093896713615,0.00473186119873817,0.643533123028391,0.460815047021944,0.4739336492891,0.625,0.529695024077046,0.568881685575365,0.531045751633987,0.548076923076923,0.004739336492891,0.529680365296804,0.450704225352113,0.553323029366306,0.640127388535032,0.548281505728314,0.477707006369427,0.556962025316456,0.447409733124019,0.594249201277955,0.66504854368932,0.587025316455696,0.559429477020602,0.52555910543131,0.707086614173228,0.576923076923077,0.517884914463453,0.475,0.4608,0.535031847133758,0.530351437699681,0.57484076433121,0.570063694267516,0.558823529411765,0.577287066246057,0.525157232704403,0.00328407224958949,0.514754098360656,0.530805687203792,0.456310679611651,0.00634920634920635,0.566558441558442,0.00986842105263158,0.46031746031746,0.525902668759812,0.571658615136876,0.00811688311688312,0.945859872611465,0.598086124401914,0.567479674796748,0.447882736156352,0.589660743134087,0.526143790849673,0.658022690437601,0.850157728706625,0.662939297124601,0.00161030595813205,0.623397435897436,0.550324675324675,0.551834130781499,0.598425196850394,0.530063291139241,0.533783783783784,0.490445859872611,0.00320512820512821,0.548286604361371,0.543269230769231,0.563291139240506,0.6296875,0.456869009584665,0.640194489465154,0.540540540540541,0.646566164154104,0.00786163522012579,0.649918962722853,0.646203554119548,0.655226209048362,0.00470957613814757,0.591205211726384,0.5952,0.645211930926217,0.614285714285714,0.485671191553544,0.00476947535771065,0.0046656298600311,0.533232628398791,0.546310832025118,0.00317965023847377,0.605815831987076,0.00821018062397373,0.00313971742543171,0.00495049504950495,0.532154340836013,0.0046875,0.560457516339869,0.750798722044728,0.97542242703533,0.536891679748823,0.00642054574638844,0.00494233937397035,0.532591414944356,0.5828125,0.685847589424572,0.453100158982512,0.00487012987012987,0.635071090047393,0.855784469096672,0.555374592833876,0.599688473520249,0.573248407643312,0.00157977883096367,0.547286821705426,0.464401294498382,0.590032154340836,0.487883683360259,0.00476190476190476,0.4609375,0.544303797468354,0.555740432612313,0.538461538461538,0.00634920634920635,0.584097859327217,0.553990610328638,0.529411764705882,0.0062992125984252,0.504918032786885,0.540677966101695,0.480327868852459,0.536776212832551,0.53198127925117,0.454263565891473,0.522082018927445,0.746006389776358,0.680445151033386,0.479935794542536,0.627642276422764,0.5818759936407,0.00811688311688312,0.466034755134281,0.55608214849921,0.470491803278689,0.691927512355848,0.5829307568438,0.00630914826498423,0.511146496815287,0.656351791530945,0.708399366085578,0.556618819776715,0.453376205787781,0.528571428571429,0.617056856187291,0.574303405572755,0.6,0.565977742448331,0.640394088669951,0.00637958532695375,0.56782334384858,0.462616822429907,0.535657686212361,0.830870279146141,0.465732087227414,0.539184952978056,0.5424,0.530944625407166,0.590243902439024,0.543307086614173,0.586151368760064,0.653721682847896,0.5824,0.645669291338583,0.00470219435736677,0.00482315112540193,0.536,0.568438003220612,0.463651050080775,0.559485530546624,0.547619047619048,0.810207336523126,0.608064516129032,0.739770867430442,0.623052959501558,0.00623052959501558,0.558213716108453,0.778309409888357,0.526729559748428,0.531645569620253,0.00625978090766823,0.6896,0.55,0.459715639810427,0.65751211631664,0.592709984152139,0.62826420890937,0.665584415584416,0.562790697674419,0.497695852534562,0.554471544715447,0.547619047619048,0.568910256410256,0.740196078431373,0.54140127388535,0.550239234449761,0.533846153846154,0.00630914826498423,0.656200941915228,0.61259842519685,0.54675118858954,0.654458598726115,0.536624203821656,0.602523659305994,0.520440251572327,0.237048665620094,0.471169686985173,0.00625978090766823,0.659711075441412,0.459069020866774,0.450549450549451,0.576489533011272,0.0063391442155309,0.565560821484992,0.593650793650794,0.538338658146965,0.543035993740219,0.511146496815287,0.469918699186992,0.00465116279069767,0.00481540930979133,0.614634146341463,0.501618122977346,0.533117932148627,0.00474683544303797,0.440381558028617,0.516279069767442,0.1953125,0.745161290322581,0.541800643086817,0.971608832807571,0.5616,0.678683385579937,0.651090342679128,0.00470219435736677,0.525114155251142,0.830917874396135,0.876006441223833,0.603125,0.538819875776398,0.655948553054662,0.0094488188976378,0.57784911717496,0.588419405320814,0.00476190476190476,0.528861154446178,0.461049284578696,0.555189456342669,0.610492845786963,0.00646203554119548,0.00637958532695375,0.875838926174497,0.653354632587859,0.455414012738854,0.537953795379538,0.00956937799043062,0.00491803278688525,0.618098159509202,0.477346278317152,0.521666666666667,0.592823712948518,0.554868624420402,0.463492063492064,0.579277864992151,0.546492659053834,0.645320197044335,0.51888341543514,0.474842767295597,0.0063391442155309,0.480582524271845,0.00318979266347687,0.530769230769231,0.419934640522876,0.550613496932515,0.465079365079365,0.53921568627451,0.00316957210776545,0.618066561014263,0.661881977671451,0.545166402535658,0.00644122383252818,0.5390625,0.00483091787439614,0.606209150326797,0.54160125588697,0.0046875,0.9078125,0.548956661316212,0.581730769230769,0.573268921095008,0.481191222570533,0.00644122383252818,0.532182103610675,0.552287581699346,0.0046656298600311,0.67398119122257,0.446345256609642,0.461049284578696,0.530477759472817,0.530744336569579,0.533018867924528,0.545310015898251,0.538095238095238,0.00482315112540193,0.551282051282051,0.014018691588785,0.792890262751159,0.573482428115016,0.540157480314961,0.526984126984127,0.54559748427673,0.546031746031746,0.0744849445324881,0.491935483870968,0.555008210180624,0.565830721003135,0.653418124006359,0.551342812006319,0.531847133757962,0.584935897435897,0.00473186119873817,0.00623052959501558,0.54601226993865,0.0046801872074883,0.489827856025039,0.0064,0.584126984126984,0.556280587275693,0.542207792207792,0.537383177570093,0.5792,0.00477707006369427,0.542586750788643,0.533546325878594,0.558359621451104,0.655063291139241,0.821917808219178,0.584218512898331,0.527386541471048,0.6,0.452681388012618,0.49685534591195,0.882539682539683,0.565008025682183,0.647887323943662,0.466453674121406,0.0048780487804878,0.450885668276973,0.770226537216828,0.537337662337662,0.788216560509554,0.658423493044822,0.654028436018957,0.638932496075353,0.540625,0.572607260726073,0.544117647058823,0.538461538461538,0.549114331723027,0.629984051036683,0.587025316455696,0.545310015898251,0.466360856269113,0.47166921898928,0.627575277337559,0.0109717868338558,0.533950617283951,0.5260663507109,0.00484652665589661,0.553745928338762,0.00642054574638844,0.559618441971383,0.00662251655629139,0.559748427672956,0.535031847133758,0.459968602825746,0.627980922098569,0.530232558139535,0.844690966719493,0.789889415481833,0.641025641025641,0.00477707006369427,0.00642054574638844,0.574225122349103,0.594512195121951,0.552590266875981,0.00614439324116743,0.00470957613814757,0.45928338762215,0.554160125588697,0.618441971383148,0.00318979266347687,0.61198738170347,0.00465116279069767,0.572368421052632,0.543548387096774,0.56661316211878,0.59170653907496,0.00473186119873817,0.585760517799353,0.6,0.580286168521463,0.56386292834891,0.735340729001585,0.453821656050955,0.559349593495935,0.0656,0.529605263157895,0.00654664484451719,0.528593508500773,0.00956937799043062,0.529220779220779,0.469648562300319,0.303079416531605,0.00475435816164818,0.00486223662884927,0.614779874213837,0.572607260726073,0.5875,0.654088050314465,0.472952086553323,0.464052287581699,0.5712,0.528125,0.00161030595813205,0.466882067851373,0.549363057324841,0.00312989045383412,0.53476821192053,0.585826771653543,0.505582137161085,0.0257234726688103,0.457278481012658,0.528213166144201,0.599018003273322,0.486529318541997,0.523654159869494,0.519230769230769,0.67430441898527,0.52099533437014,0.55111821086262,0.00483091787439614,0.687908496732026,0.526729559748428,0.00801282051282051,0.00628930817610063,0.459375,0.00160513643659711,0.464788732394366,0.525984251968504,0.63474025974026,0.469820554649266,0.461165048543689,1,0.562700964630225,0.661442006269592,0.0328638497652582,0.450081833060556,0.0570962479608483,0.0222575516693164,0.00631911532385466,0.40032414910859,0.446676970633694,0.461290322580645,0.46129541864139,0.457943925233645,0.0243506493506494,0.0381558028616852,0.468599033816425,0.0191082802547771,0.0132013201320132,0.0384,0.0219092331768388,0.0330188679245283,0.471698113207547,0.0208,0.445350734094617,0.480519480519481,0.0288,0.4608,0.0504731861198738,0.471246006389776,0.45839874411303,0.46749226006192,0.447495961227787
"817",0.958266452648475,0.953674121405751,0.97360248447205,0.933764135702746,0.963141025641026,0.955271565495208,0.929936305732484,0.971061093247588,0.949843260188088,0.0032258064516129,0.956730769230769,0.00315955766192733,0.588785046728972,0.957928802588997,0.0822784810126582,0.0537974683544304,0.00311526479750779,0.0190779014308426,0.949756888168558,0.946456692913386,0.200626959247649,0.0737704918032787,0.951713395638629,0.00463678516228748,0.918110236220472,0.300324675324675,0.149136577708006,0.948717948717949,0.489953632148377,0.733333333333333,0.040625,0.722662440570523,0.789389067524116,0.306376360808709,0.00475435816164818,0.958466453674121,0.0203125,0.950155763239875,0.292758089368259,0.881619937694704,0.00318979266347687,0.0186335403726708,0.0126582278481013,0.957723577235772,0.795751633986928,0.0689102564102564,0.516962843295638,0.0362776025236593,0.493044822256569,0.167701863354037,0.0047244094488189,0.95583596214511,0.293838862559242,0.954041204437401,0.924071082390953,0.19773095623987,0.00487012987012987,0.927868852459016,1,0.897959183673469,0.325949367088608,0.451816745655608,0.0429936305732484,0.00325732899022801,0.870703764320786,0.804140127388535,0.00477707006369427,0.946117274167987,0.00470957613814757,0.0343137254901961,0.825196850393701,0.0471698113207547,0.054773082942097,0.960183767228178,0.00156494522691706,0.7339593114241,0.0774091627172196,0.583860759493671,0.946859903381642,0.30514096185738,0.00323624595469256,0.73953488372093,0.236024844720497,0.955177743431221,0.147151898734177,0.9171875,0.953846153846154,0.951334379905808,0.9328125,0.0138888888888889,0.952456418383518,0.951334379905808,0.00159235668789809,0.00470957613814757,0.939102564102564,0.00321027287319422,0.334379905808477,0.960815047021944,0.00930232558139535,0.014218009478673,0.647058823529412,0.00479233226837061,0.3168,0.960505529225908,0.144186046511628,0.954911433172303,0.0141732283464567,0.981042654028436,0.0400641025641026,0.0485133020344288,0.0491283676703645,0.937996820349762,0.374800637958533,0.952229299363057,0.00483870967741936,0.97045101088647,0.74414976599064,0.00469483568075117,0.0421875,0.246329526916803,0.00464396284829721,0.795918367346939,0.288611544461778,0.110223642172524,0.947368421052632,0.171296296296296,0.953632148377125,0.965354330708661,0.00470219435736677,0.573899371069182,0.931309904153355,0.48780487804878,0.948553054662379,0.0047244094488189,0.953150242326333,0.054773082942097,0.004739336492891,0.247987117552335,0.623604465709729,0.54635761589404,0.00482315112540193,0.00484652665589661,0.960567823343849,0.756329113924051,0.20032310177706,0.954330708661417,0.0505529225908373,0.924646781789639,0.45440251572327,0.972093023255814,0.174959871589085,0.954258675078864,0.95609756097561,0.820754716981132,0.960191082802548,0.0358306188925081,0.957345971563981,0.0351437699680511,0.00315457413249211,0.739903069466882,0.915902140672783,0.9456,0.0672926447574335,0.00311526479750779,0.957878315132605,0.487179487179487,0.953719008264463,0.951026856240126,0.954545454545455,0.312597200622084,0.970219435736677,0.0425196850393701,0.924382716049383,0.0365853658536585,0.946601941747573,0.406885758998435,0.0032,0.944356120826709,0.0031055900621118,0.82574568288854,0.957345971563981,0.145867098865478,0.967238689547582,0.914728682170543,0.950769230769231,0.935534591194969,0.131537242472266,0.423076923076923,0.906300484652666,0.921348314606742,0.0832,0.046031746031746,0.962962962962963,0.902325581395349,0.00154559505409583,0.00319488817891374,0.332258064516129,0.00632911392405063,0.959247648902821,0.30564263322884,0.921850079744817,0.749211356466877,0.96417445482866,0.459715639810427,0.443573667711599,0.326892109500805,0.891891891891892,0.927884615384615,0.921507064364207,0.00471698113207547,0.855555555555556,0.222222222222222,0.931818181818182,0.0431309904153355,0.10939907550077,0.548031496062992,0.944968553459119,0.955453149001536,0.857142857142857,0.959311424100156,0.876777251184834,0.00318979266347687,0.107594936708861,0.666149068322981,0.9568,0.0047244094488189,0.94383775351014,0.962674961119751,0.57345971563981,0.565977742448331,0.947784810126582,0.961165048543689,0.398724082934609,0.00490196078431373,0.924031007751938,0.55784469096672,0.966453674121406,0.0443037974683544,0.935681470137825,0.963317384370016,0.952904238618524,0.92332268370607,0.548989113530327,0.0430622009569378,0.972843450479233,0.555384615384615,0.0407239819004525,0.0421216848673947,0.223642172523962,0.0333333333333333,0.186795491143317,0.688549618320611,0.0359937402190923,0.0454545454545455,0.0507131537242472,0.616954474097331,0.0721311475409836,0.943910256410256,0.0176,0.0365079365079365,0.00311526479750779,0.256821829855538,0.962783171521036,0.947452229299363,0.874804381846635,0.00470957613814757,0.910714285714286,0.82398753894081,0.711568938193344,0.627358490566038,0.479935794542536,0.445512820512821,0.0172955974842767,0.95583596214511,0.145085803432137,0.729641693811075,0.969305331179321,0.0471698113207547,0.773082942097027,0.0401929260450161,0.1609375,0.961180124223602,0.960591133004926,0.920583468395462,0.00460122699386503,0.681114551083591,0.921348314606742,0.00469483568075117,0.0390015600624025,0.932721712538226,0.9824,0.00157728706624606,0.0405616224648986,0.0388198757763975,0.9568,0.885113268608414,0.0407166123778502,0.00317965023847377,0.410459587955626,0.968152866242038,0.809597523219814,0.425,0.68503937007874,0.929906542056075,0.046875,0.953488372093023,0.955271565495208,0.0477707006369427,0.939393939393939,0.959501557632399,0.932148626817447,0.952830188679245,0.213375796178344,0.348031496062992,0.330188679245283,0.990291262135922,0.909967845659164,0.0605590062111801,0.272873194221509,0.969889064976228,0.1875,0.318181818181818,0.962616822429907,0.949367088607595,0.950479233226837,0.694041867954911,0.955521472392638,0.267828843106181,0.965244865718799,0.958199356913183,0.00318979266347687,0.348159509202454,0.587378640776699,0.0541795665634675,0.0649149922720247,0.0446153846153846,0.884375,0.0667701863354037,0.0421875,0.0031055900621118,0.253918495297806,0.958664546899841,0.106012658227848,0.966996699669967,0.971473851030111,0.966507177033493,0.315286624203822,0.323624595469256,0.667194928684628,0.481907894736842,0.00157728706624606,0.810641627543036,0.0546021840873635,0.0703125,0.236476043276662,0.954545454545455,0.0412044374009509,0.00317460317460317,0.352664576802508,0.0502354788069074,0.0571428571428571,0.494488188976378,0.957074721780604,0.306818181818182,0.956882255389718,0.915227629513344,0.0046583850931677,0.966966966966967,0.0314465408805031,0.953343701399689,0.804075235109718,0.955882352941177,0.0543130990415335,0.93944099378882,0.0438871473354232,0.859842519685039,0.736245954692557,0.905362776025237,0.968503937007874,0.955766192733017,0.327044025157233,0.926868044515103,0.956656346749226,0.031201248049922,0.0586370839936609,0.957278481012658,0.953748006379585,0.358044164037855,0.864274570982839,0.935537190082645,0.933544303797468,0.961240310077519,0.0048,0.153970826580227,0.954186413902054,0.0440251572327044,0.00482315112540193,0.976,0.0129659643435981,0.0792880258899676,0.955315870570108,0.971291866028708,0.0096,0.647335423197492,0.457326892109501,0.959481361426256,0.0392156862745098,0.847649918962723,0.960330578512397,0.406698564593301,0.622257053291536,0.819935691318328,0.00323101777059774,0.195583596214511,0.979066022544283,0.955056179775281,0.4768,0.963949843260188,0.933333333333333,0.071656050955414,0.00476947535771065,0.959438377535101,0.950871632329635,0.937205651491366,0.6875,0.0476190476190476,0.914790996784566,0.284820031298905,0.217970049916805,0.0110935023771791,0.624183006535948,0.600638977635783,0.644654088050314,0.00462249614791988,0.324590163934426,0.944178628389155,0.651273885350318,0.553990610328638,0.113981762917933,0.00463678516228748,0.00470219435736677,0.956060606060606,0.9265625,0.00157977883096367,0.93312101910828,0.0127591706539075,0.0031104199066874,0.0048,0.962204724409449,0.00462962962962963,0.955128205128205,0.79304897314376,0.553488372093023,0.955038759689922,0.00482315112540193,0.00314465408805031,0.949606299212598,0.932411674347158,0.727129337539432,0.0403726708074534,0.00651465798045603,0.922839506172839,0.631329113924051,0.962264150943396,0.550925925925926,0.3936,0.00316455696202532,0.948995363214838,0.0421393841166937,0.961227786752827,0.128205128205128,0.00467289719626168,0.0479876160990712,0.144215530903328,0.480737018425461,0.937799043062201,0.00476947535771065,0.955453149001536,0.943217665615142,0.959501557632399,0.00475435816164818,0.111111111111111,0.903973509933775,0.0429752066115702,0.955108359133127,0.959055118110236,0.0440251572327044,0.954186413902054,0.341772151898734,0.82670906200318,0.0514469453376206,0.20032310177706,0.940988835725678,0.0142630744849445,0.0412044374009509,0.96594427244582,0.05,0.666131621187801,0.415335463258786,0.0047244094488189,0.146456692913386,0.760195758564437,0.293460925039872,0.954041204437401,0.0399361022364217,0.196923076923077,0.455611390284757,0.929555895865237,0.896604938271605,0.93015873015873,0.746753246753247,0.0048,0.947040498442368,0.0375586854460094,0.919303797468354,0.427642276422764,0.0352220520673813,0.957943925233645,0.961783439490446,0.95016077170418,0.634615384615385,0.969889064976228,0.182552504038772,0.227707006369427,0.920508744038156,0.920634920634921,0.0046583850931677,0.00323101777059774,0.948635634028893,0.912685337726524,0.0531400966183575,0.963375796178344,0.961538461538462,0.395638629283489,0.939393939393939,0.725938009787928,0.920807453416149,0.00308641975308642,0.936305732484076,0.371248025276461,0.962145110410095,0.961661341853035,0.00467289719626168,0.641357027463651,0.969502407704655,0.0416666666666667,0.706349206349206,0.397456279809221,0.776416539050536,0.713592233009709,0.920436817472699,0.11993769470405,0.966019417475728,0.953198127925117,0.965299684542587,0.338211382113821,0.120385232744783,0.961844197138315,0.959876543209877,0.00940438871473354,0.781789638932496,0.453834115805947,0.286858974358974,0.792993630573248,0.9552,0.856230031948882,0.951026856240126,0.131782945736434,0.0373376623376623,0.00458715596330275,0.850556438791733,0.0415335463258786,0.0337078651685393,0.305379746835443,0.004739336492891,0.947867298578199,0.908517350157729,0.967542503863988,0.960629921259842,0.122222222222222,0.0430622009569378,0.00460122699386503,0.00157977883096367,0.21405750798722,0.110576923076923,0.201938610662359,0.00159235668789809,0.0361635220125786,0.956043956043956,0.0278207109737249,0.333333333333333,0.956168831168831,0.614779874213837,0.931089743589744,0.691455696202532,0.6578125,0.0031104199066874,0.959090909090909,0.413290113452188,0.52,0.975270479134467,0.966772151898734,0.415625,0.015748031496063,0.953125,0.953125,0.00315457413249211,0.927803379416283,0.0574162679425837,0.949838187702265,0.422291993720565,0.00318471337579618,0.0125588697017268,0.548281505728314,0.860128617363344,0.0409448818897638,0.178743961352657,0.015625,0.0033112582781457,0.751926040061633,0.0493630573248408,0.966832504145937,0.368258859784284,0.970724191063174,0.0386398763523957,0.390551181102362,0.351612903225806,0.916393442622951,0.134426229508197,0.0484375,0.0064,0.0829268292682927,0.0031201248049922,0.956386292834891,0.0638297872340425,0.974124809741248,0.0418679549114332,0.959481361426256,0.00309597523219814,0.546583850931677,0.485668789808917,0.955484896661367,0.00492610837438424,0.956656346749226,0.00487012987012987,0.4368,0.9578125,0.0031104199066874,0.6765625,0.955414012738854,0.741784037558685,0.95024077046549,0.0758513931888545,0.00475435816164818,0.958860759493671,0.284345047923323,0.00460122699386503,0.717425431711146,0.0368663594470046,0.0577223088923557,0.956239870340357,0.955696202531646,0.96411856474259,0.927444794952681,0.953301127214171,0.00470957613814757,0.931854199683043,0.0277777777777778,0.3875,0.307324840764331,0.955905511811024,0.95125786163522,0.954898911353033,0.943037974683544,0.0683229813664596,0.0558213716108453,0.956591639871383,0.932601880877743,0.706708268330733,0.94375,0.956454121306376,0.971608832807571,0.00309597523219814,0.00312989045383412,0.940729483282675,0.0046583850931677,0.102803738317757,0.00474683544303797,0.95253164556962,0.313408723747981,0.263157894736842,0.155763239875389,0.891935483870968,0.00473186119873817,0.144444444444444,0.962025316455696,0.962204724409449,0.654028436018957,0.451951951951952,0.243975903614458,0.209375,0.647058823529412,0.0393081761006289,0.143081761006289,0.582018927444795,0.26984126984127,0.703703703703704,0.0486656200941915,0.00478468899521531,0.0336,0.354575163398693,0.962540716612378,0.67246835443038,0.264525993883792,0.630331753554502,0.921383647798742,0.94392523364486,0.956730769230769,0.953376205787781,0.961290322580645,0.955414012738854,0.576,0.462875197472354,0.963549920760697,0.0455927051671733,0.0476923076923077,0.919431279620853,0.0154083204930663,0.955905511811024,0.925515055467512,0.00475435816164818,0.141914191419142,0.0031201248049922,0.9328,0.00164473684210526,0.950871632329635,0.962674961119751,0.0403726708074534,0.847723704866562,0.953416149068323,0.682182985553772,0.637795275590551,0.920255183413078,0.00469483568075117,0.00316957210776545,0.919463087248322,0.945205479452055,0.973101265822785,0.00467289719626168,0.00305810397553517,0.0405844155844156,0.25077399380805,0.492063492063492,0.00157232704402516,0.489859594383775,0.0046583850931677,0.910858995137763,0.956661316211878,0.19422150882825,0.275700934579439,0.00311526479750779,0.371335504885993,0.591346153846154,0.84375,0.965571205007825,0.789391575663027,0.0375,0.967051070840198,0.0206677265500795,0.95024077046549,0.0032258064516129,0.967592592592593,0.0110935023771791,0.959083469721768,0.0544871794871795,0.0332278481012658,0.00473186119873817,0.00323101777059774,0.841692789968652,0.900489396411093,0.961300309597523,0.705882352941177,0.0600924499229584,0.0511182108626198,0.814696485623003,0.821100917431193,0.00476190476190476,0.0536277602523659,0.932283464566929,0,0.933977455716586,0.9671875,0.0917721518987342,0.0477707006369427,0.0377952755905512,0.956656346749226,0.492063492063492,0.108452950558214,0.128874388254486,0.152276295133438,0.710569105691057,0.124416796267496,0.956451612903226,0.00469483568075117,0.7392,0.948356807511737,0.00788643533123028,0.004739336492891,0.0428790199081164,0.00156985871271586,0.0458135860979463,0.955177743431221,0.705882352941177,0.040650406504065,0.0417335473515249,0.562700964630225,1,0.462249614791988,0.0533751962323391,0.0372168284789644,0.0610932475884244,0.0236220472440945,0.00477707006369427,0.0574162679425837,0.0476190476190476,0.0385232744783307,0.0528771384136858,0.0385802469135802,0.0511182108626198,0.062992125984252,0.0492845786963434,0.0205371248025276,0.00648298217179903,0.0297339593114241,0.0263975155279503,0.0637636080870918,0.0479233226837061,0.0265625,0.0391517128874388,0.0467741935483871,0.0499194847020934,0.0505529225908373,0.0276497695852535,0.0436817472698908,0.0672926447574335,0.0382848392036753,0.0411392405063291
"818",0.430599369085173,0.42967542503864,0.455235204855842,0.481132075471698,0.43217665615142,0.439102564102564,0.505460218408736,0.469325153374233,0.43531202435312,0,0.419656786271451,0,0.606201550387597,0.424528301886792,0.599693251533742,0.581679389312977,0,0.009375,0.415748031496063,0.455246913580247,0.656298600311042,0.591414944356121,0.43531202435312,0,0.466973886328725,0.600315955766193,0.608294930875576,0.41091492776886,0.989614243323442,0.581538461538462,0.570992366412214,0.637636080870918,0.639498432601881,0.603421461897356,0,0.432098765432099,0.0138248847926267,0.438650306748466,0.682779456193353,0.519756838905775,0.00158227848101266,0.00762195121951219,0.00153609831029186,0.434439178515008,0.56984126984127,0.578783151326053,0.624223602484472,0.565485362095532,0.663157894736842,0.726597325408618,0,0.455950540958269,0.66306027820711,0.428571428571429,0.4858934169279,0.626602564102564,0,0.446177847113885,0.448170731707317,0.525914634146341,0.624036979969183,0.978395061728395,0.561014263074485,0,0.560509554140127,0.615975422427035,0,0.428571428571429,0,0.580542264752791,0.492331288343558,0.57032457496136,0.572981366459627,0.447166921898928,0,0.725880551301684,0.590563165905632,0.684532924961715,0.525236593059937,0.629084967320261,0,0.618541033434651,0.649390243902439,0.423547400611621,0.71183800623053,0.510077519379845,0.421052631578947,0.454263565891473,0.447900466562986,0,0.433070866141732,0.430340557275542,0,0,0.448818897637795,0,0.671274961597542,0.443076923076923,0.00153609831029186,0.00154083204930663,0.608359133126935,0,0.68798751950078,0.430817610062893,0.635114503816794,0.428343949044586,0,0.453846153846154,0.574603174603175,0.571875,0.576271186440678,0.492913385826772,0.635239567233385,0.443759630200308,0,0.449386503067485,0.611801242236025,0,0.569678407350689,0.669303797468354,0,0.654743390357698,0.704866562009419,0.580952380952381,0.447328244274809,0.666153846153846,0.437308868501529,0.435384615384615,0,0.662037037037037,0.47906976744186,0.698890649762282,0.435331230283912,0,0.431924882629108,0.559270516717325,0,0.700468018720749,0.601246105919003,0.663461538461538,0,0,0.452859350850077,0.6875,0.662440570522979,0.427682737169518,0.567233384853168,0.467692307692308,0.622848200312989,0.448170731707317,0.647527910685805,0.447204968944099,0.433070866141732,0.508448540706605,0.415765069551777,0.563579277864992,0.427914110429448,0.576923076923077,0,0.727414330218069,0.532526475037821,0.453978159126365,0.572964669738863,0,0.429447852760736,0.663009404388715,0.440322580645161,0.441860465116279,0.423547400611621,0.599388379204893,0.445652173913043,0.577223088923557,0.462235649546828,0.581183611532625,0.493670886075949,0.620426829268293,0,0.434782608695652,0,0.514820592823713,0.43343653250774,0.635514018691589,0.447488584474886,0.468509984639017,0.434389140271493,0.462006079027356,0.617924528301887,0.632148377125193,0.496825396825397,0.480127186009539,0.597503900156006,0.557453416149068,0.431034482758621,0.498461538461538,0,0,0.70440251572327,0.00153846153846154,0.435114503816794,0.655384615384615,0.498422712933754,0.571648690292758,0.434250764525994,0.68075117370892,0.711213517665131,0.715408805031447,0.4484375,0.458461538461538,0.512269938650307,0,0.51840490797546,0.66131621187801,0.471608832807571,0.565420560747664,0.576807228915663,0.656298600311042,0.441130298273155,0.442424242424242,0.597791798107255,0.436532507739938,0.56298600311042,0,0.604037267080745,0.762269938650307,0.446909667194929,0,0.422187981510015,0.443778110944528,0.650695517774343,0.580745341614907,0.434645669291339,0.415185783521809,0.671406003159558,0,0.499243570347958,0.638065522620905,0.467511885895404,0.557959814528594,0.472560975609756,0.422776911076443,0.431888544891641,0.492138364779874,0.606758832565284,0.569400630914827,0.453978159126365,0.626168224299065,0.572298325722983,0.565809379727685,0.563779527559055,0.569422776911076,0.643879173290938,0.583081570996979,0.570769230769231,0.56989247311828,0.572964669738863,0.645801526717557,0.563291139240506,0.4546875,0.00158478605388273,0.562111801242236,0,0.674418604651163,0.43171114599686,0.45468509984639,0.487538940809969,0,0.519872813990461,0.595712098009188,0.624213836477987,0.639016897081413,0.601226993865031,0.700949367088608,0.00154320987654321,0.409657320872274,0.637345679012346,0.62843295638126,0.455813953488372,0.573394495412844,0.580745341614907,0.576377952755906,0.629230769230769,0.453717754172989,0.434294871794872,0.492868462757528,0,0.631498470948012,0.498412698412698,0,0.559577677224736,0.493865030674847,0.444794952681388,0,0.589147286821705,0.56989247311828,0.446570972886762,0.525078369905956,0.567353407290016,0,0.676923076923077,0.474015748031496,0.566009104704097,0.626153846153846,0.6198738170347,0.451367781155015,0.568535825545171,0.436641221374046,0.418495297805643,0.56786271450858,0.440677966101695,0.418495297805643,0.459715639810427,0.423728813559322,0.620904836193448,0.672307692307692,0.7,0.43581616481775,0.482371794871795,0.0259541984732824,0.652713178294574,0.464898595943838,0.613104524180967,0.67420814479638,0.447737909516381,0.435612082670906,0.455974842767296,0.772151898734177,0.429007633587786,0.6765625,0.467692307692308,0.427215189873418,0,0.664624808575804,0.635930047694754,0.561815336463224,0.0276923076923077,0.570336391437309,0.480559875583204,0.585516178736518,0.576323987538941,0,0.637480798771121,0.438985736925515,0.642745709828393,0.442122186495177,0.459627329192547,0.448494453248811,0.70846394984326,0.703821656050955,0.676470588235294,0.606451612903226,0,0.6078125,0.555219364599092,0.575572519083969,0.668721109399075,0.43879173290938,0.583463338533541,0,0.691833590138675,0.564885496183206,0.602825745682888,0.610510046367852,0.417054263565891,0.625196850393701,0.4375,0.458528951486698,0,0.43740795287187,0.548484848484848,0.409090909090909,0.600931677018634,0.43859649122807,0.578866768759571,0.454961832061069,0.569230769230769,0.540958268933539,0.598039215686274,0.482170542635659,0.452054794520548,0.4399375975039,0.696319018404908,0.474418604651163,0.417047184170472,0.576687116564417,0.573846153846154,0.423913043478261,0.431464174454829,0.61609907120743,0.541471048513302,0.450885668276973,0.485540334855403,0.441221374045802,0,0.590189873417722,0.441860465116279,0.565015479876161,0,0.473851030110935,0.00158227848101266,0.589905362776025,0.435508345978756,0.45226917057903,0.00156494522691706,0.612654320987654,0.625585023400936,0.4578125,0.573926868044515,0.488993710691824,0.433962264150943,0.921383647798742,0.624615384615385,0.584758942457232,0,0.660493827160494,0.451510333863275,0.428571428571429,0.629969418960245,0.435045317220544,0.444444444444444,0.575899843505477,0,0.443932411674347,0.436728395061728,0.464285714285714,0.660091047040971,0.571428571428571,0.52132701421801,0.615267175572519,0.647634584013051,0.0015600624024961,0.768388106416275,0.623839009287926,0.637904468412943,0,0.65008025682183,0.485179407176287,0.69218989280245,0.618181818181818,0.592481203007519,0,0,0.427934621099554,0.450532724505327,0,0.467692307692308,0,0,0,0.416149068322981,0,0.435406698564593,0.553291536050157,0.659732540861813,0.426829268292683,0,0,0.434579439252336,0.467571644042232,0.727554179566563,0.578703703703704,0,0.490015360983103,0.638167938931298,0.439814814814815,0.608964451313756,0.627575277337559,0,0.429892141756549,0.572115384615385,0.4770206022187,0.579778830963665,0,0.57973174366617,0.713405238828968,0.628289473684211,0.440860215053763,0,0.454819277108434,0.444444444444444,0.419354838709677,0,0.589540412044374,0.47571189279732,0.579967689822294,0.422600619195046,0.422664624808576,0.570107858243451,0.418351477449456,0.714067278287462,0.539781591263651,0.568503937007874,0.639109697933227,0.485981308411215,0.0015527950310559,0.56875,0.454545454545455,0.582258064516129,0.745627980922099,0.605678233438486,0,0.603975535168196,0.584664536741214,0.708074534161491,0.463565891472868,0.569858712715856,0.609831029185868,0.720588235294118,0.469953775038521,0.506807866868381,0.46656298600311,0.665610142630745,0,0.456221198156682,0.584097859327217,0.451713395638629,0.665615141955836,0.572713643178411,0.424514200298954,0.430577223088924,0.422839506172839,0.595611285266458,0.458333333333333,0.645865834633385,0.656739811912226,0.462595419847328,0.500772797527048,0,0,0.432859399684044,0.4608,0.57667731629393,0.432646592709984,0.44031007751938,0.705246913580247,0.47244094488189,0.595611285266458,0.492447129909366,0,0.445839874411303,0.672897196261682,0.432558139534884,0.427682737169518,0,0.831530139103555,0.435612082670906,0.561832061068702,0.665625,0.603421461897356,0.626112759643917,0.612244897959184,0.471025260029718,0.585735963581184,0.431279620853081,0.432307692307692,0.463076923076923,0.669303797468354,0.599071207430341,0.437209302325581,0.417797888386124,0.00154320987654321,0.676380368098159,0.649847094801223,0.62015503875969,0.583460949464012,0.417460317460317,0.49922480620155,0.435658914728682,0.155963302752294,0.564516129032258,0,0.589783281733746,0.564945226917058,0.565625,0.634408602150538,0,0.458333333333333,0.488619119878604,0.425696594427245,0.422018348623853,0.603448275862069,0.5640625,0,0,0.645468998410175,0.583860759493671,0.620094191522763,0,0.565891472868217,0.415503875968992,0.226356589147287,0.696734059097978,0.434022257551669,0.626356589147287,0.466981132075472,0.62557781201849,0.625,0,0.43134328358209,0.681388012618297,0.67398119122257,0.495495495495495,0.432766615146832,0.661490683229814,0.0015552099533437,0.479623824451411,0.461068702290076,0,0.457575757575758,0.560790273556231,0.458804523424879,0.692780337941628,0,0.00153846153846154,0.698051948051948,0.5600624024961,0.574074074074074,0.6176,0.00155038759689922,0.00159235668789809,0.54954954954955,0.567233384853168,0.431561996779388,0.655384615384615,0.44527736131934,0.563165905631659,0.596923076923077,0.597809076682316,0.5344,0.634340222575517,0.557959814528594,0.00154559505409583,0.56782334384858,0,0.424196018376723,0.5088,0.441930618401207,0.579937304075235,0.429017160686427,0,0.59214501510574,0.959876543209877,0.430981595092025,0,0.447488584474886,0,0.6513470681458,0.453292496171516,0,0.603076923076923,0.434850863422292,0.56,0.474339035769829,0.574018126888218,0,0.429892141756549,0.610328638497653,0,0.640791476407915,0.561933534743202,0.580152671755725,0.426517571884984,0.433070866141732,0.434049079754601,0.446153846153846,0.436728395061728,0,0.455813953488372,0.0060882800608828,0.669230769230769,0.615030674846626,0.445131375579598,0.439749608763693,0.45,0.426153846153846,0.0557275541795666,0.585669781931464,0.463651050080775,0.466049382716049,0.686244204018547,0.439878234398782,0.422664624808576,0.454545454545455,0,0,0.445440956651719,0,0.577099236641221,0.00154320987654321,0.454545454545455,0.617224880382775,0.618296529968454,0.617378048780488,0.497645211930926,0.00153139356814701,0.63302752293578,0.422839506172839,0.430340557275542,0.613354037267081,0.702380952380952,0.656671664167916,0.61969696969697,0.594679186228482,0.565687789799073,0.645061728395062,0.672386895475819,0.66304347826087,0.693815987933635,0.566978193146417,0,0.55205047318612,0.668238993710692,0.429252782193959,0.593220338983051,0.67814371257485,0.727975270479134,0.513719512195122,0.439209726443769,0.470588235294118,0.447409733124019,0.43879173290938,0.44496855345912,0.60741885625966,0.635239567233385,0.450617283950617,0.57957957957958,0.57315233785822,0.536697247706422,0.00153846153846154,0.435897435897436,0.458715596330275,0,0.663987138263666,0,0.476923076923077,0,0.439814814814815,0.437403400309119,0.574242424242424,0.513137557959815,0.422427035330261,0.610410094637224,0.596899224806202,0.489763779527559,0,0,0.479674796747967,0.465568862275449,0.441578148710167,0,0,0.559808612440191,0.660578386605784,0.722741433021807,0,0.629457364341085,0,0.480252764612954,0.43701399688958,0.596875,0.654490106544901,0,0.612698412698413,0.607963246554365,0.543913713405239,0.457703927492447,0.563076923076923,0.575235109717868,0.4496,0.0697674418604651,0.430622009569378,0,0.435240963855422,0,0.425,0.568778979907264,0.35426731078905,0,0,0.567233384853168,0.504746835443038,0.474164133738602,0.598496240601504,0.574660633484163,0.568690095846645,0.513302034428795,0.468606431852986,0,0.577639751552795,0.447574334898279,0,0.441082802547771,0.463414634146341,0.585023400936037,0.0154320987654321,0.57427258805513,0.418320610687023,0.604395604395604,0.570093457943925,0.6016,0.619047619047619,0.723809523809524,0.660550458715596,0.433021806853583,0,0.71608832807571,0.445966514459665,0,0,0.572280178837556,0,0.577708006279435,0.425076452599388,0.59047619047619,0.561815336463224,0.572555205047319,0.661442006269592,0.462249614791988,1,0.0230061349693252,0.559105431309904,0.0588235294117647,0.0170542635658915,0,0.494607087827427,0.580838323353293,0.590837282780411,0.576399394856278,0.552671755725191,0.0204724409448819,0.0262345679012346,0.577981651376147,0.0168453292496172,0.00316957210776545,0.0360501567398119,0.0182094081942337,0.0275650842266462,0.595384615384615,0.0231839258114374,0.562805872756933,0.564387917329094,0.0171339563862928,0.565420560747664,0.0514372163388805,0.576687116564417,0.568356374807988,0.585843373493976,0.576744186046512
"819",0.0588235294117647,0.0442748091603053,0.0492307692307692,0.045958795562599,0.0473186119873817,0.0487421383647799,0.0571870170015456,0.0474006116207951,0.0489296636085627,0.943217665615142,0.0490045941807044,0.953632148377125,0.0290964777947933,0.0438871473354232,0.00154559505409583,0,0.94578313253012,0.965785381026439,0.0506329113924051,0.0494590417310665,0.0137614678899083,0,0.0475460122699387,0.952671755725191,0.0453857791225416,0.0125,0.0061633281972265,0.0574534161490683,0.0302114803625378,0.037821482602118,0,0.0368663594470046,0.040625,0.015527950310559,0.948328267477204,0.0525502318392581,0.93993993993994,0.0464396284829721,0.0116959064327485,0.048411497730711,0.953560371517028,0.971342383107089,0.958778625954198,0.0514018691588785,0.0397456279809221,0.00155038759689922,0.0245398773006135,0,0.0273972602739726,0.011887072808321,0.941717791411043,0.0477657935285054,0.0137614678899083,0.0451713395638629,0.059748427672956,0.00614439324116743,0.943217665615142,0.0507936507936508,0.0547112462006079,0.0367534456355283,0.0167682926829268,0.0226928895612708,0,0.94794952681388,0.0440944881889764,0.0383435582822086,0.946070878274268,0.0474006116207951,0.955038759689922,0,0.0382262996941896,0,0,0.0514372163388805,0.954898911353033,0.0343283582089552,0.00459418070444104,0.0303490136570561,0.0420560747663551,0.00818330605564648,0.951638065522621,0.037593984962406,0.0076103500761035,0.0503048780487805,0.0107361963190184,0.047112462006079,0.0520673813169985,0.0485584218512898,0.0535987748851455,0.957317073170732,0.0486656200941915,0.0518292682926829,0.954968944099379,0.950387596899225,0.0515625,0.948995363214838,0.027355623100304,0.0474006116207951,0.95144157814871,0.963133640552995,0.043010752688172,0.953632148377125,0.014018691588785,0.0551181102362205,0.00302571860816944,0.0505529225908373,0.959375,0.0460829493087558,0,0,0,0.0645161290322581,0.0108695652173913,0.0499219968798752,0.952229299363057,0.0490045941807044,0.0325077399380805,0.957957957957958,0,0.0078003120124805,0.946889226100152,0.0373250388802488,0.0124804992199688,0,0.0520673813169985,0.00765696784073507,0.0529500756429652,0.0444104134762634,0.946624803767661,0.0352760736196319,0.043010752688172,0.0202492211838006,0.0486656200941915,0.96206373292868,0.0514018691588785,0,0.949924127465857,0.0156739811912226,0.0249609984399376,0.0375586854460094,0.94811320754717,0.952755905511811,0.049079754601227,0.036979969183359,0.0108191653786708,0.0464396284829721,0,0.0458015267175573,0.0156494522691706,0.0484848484848485,0.0095389507154213,0.0531914893617021,0.0421875,0.0428790199081164,0.0465116279069767,0,0.055045871559633,0,0.948249619482496,0.0372093023255814,0.0570570570570571,0.0475460122699387,0,0.957317073170732,0.0503048780487805,0.019047619047619,0.0481540930979133,0.0541353383458647,0.0442748091603053,0.0152439024390244,0.0493827160493827,0,0.0438729198184569,0,0.05,0.0153139356814701,0.947122861586314,0.0488549618320611,0.946483180428135,0.0396341463414634,0.0496124031007752,0.00618238021638331,0.0476190476190476,0.0499219968798752,0.0471976401179941,0.0516717325227964,0.00153374233128834,0.0151745068285281,0.0488188976377953,0.0420560747663551,0.00309597523219814,0,0.0515625,0.0709969788519638,0.952023988005997,0.953703703703704,0.0185185185185185,0.95405819295559,0.0476923076923077,0.0105263157894737,0.0537124802527646,0.0363086232980333,0.0494011976047904,0.0218408736349454,0.0198473282442748,0.0203442879499218,0.0479876160990712,0.0546021840873635,0.0484848484848485,0.951863354037267,0.0443425076452599,0.0110062893081761,0.0469483568075117,0,0.00149700598802395,0.027906976744186,0.0551301684532925,0.0481927710843374,0.0417310664605873,0.0524691358024691,0.049079754601227,0.952380952380952,0.00154320987654321,0.0382262996941896,0.0422535211267606,0.947772657450077,0.0501519756838906,0.0445765230312036,0.0383435582822086,0.0198776758409786,0.0454545454545455,0.0501567398119122,0.0383435582822086,0.954828660436137,0.054380664652568,0.021671826625387,0.0415335463258786,0,0.0455235204855842,0.0525502318392581,0.0553846153846154,0.0482115085536547,0.0226928895612708,0,0.0482866043613707,0.027355623100304,0,0,0.0124223602484472,0,0.0141287284144427,0.033434650455927,0,0,0,0.0313432835820895,0.00311526479750779,0.042654028436019,0.965625,0,0.954337899543379,0.0126582278481013,0.0518053375196232,0.0438871473354232,0.0449612403100775,0.950540958268934,0.0412698412698413,0.0514372163388805,0.0307692307692308,0.0257575757575758,0.0184331797235023,0.0236220472440945,0.95852534562212,0.0512422360248447,0.00459418070444104,0.0337078651685393,0.043613707165109,0,0.0367534456355283,0,0.0015220700152207,0.0528700906344411,0.0617088607594937,0.054773082942097,0.94856278366112,0.0317220543806647,0.062015503875969,0.953632148377125,0,0.0601503759398496,0.0539291217257319,0.946808510638298,0,0,0.0504731861198738,0.041335453100159,0,0.954616588419405,0.0337423312883436,0.0522273425499232,0.0447761194029851,0.0154798761609907,0.0342146189735614,0.0411585365853659,0,0.0540540540540541,0.0461538461538462,0,0.0485584218512898,0.0419254658385093,0.0454545454545455,0.0487062404870624,0.00457317073170732,0.0227963525835866,0.0201550387596899,0.0506329113924051,0.0423197492163009,0.983358547655068,0.00914634146341463,0.0462249614791988,0.0060882800608828,0.0148809523809524,0.0532724505327245,0.053125,0.0540123456790123,0.0390625,0.0487062404870624,0.00930232558139535,0.0517503805175038,0.0535433070866142,0.948995363214838,0.0244274809160305,0.0330708661417323,0.00155038759689922,0.984639016897081,0,0.0414110429447853,0.00153609831029186,0,0.951951951951952,0.00625,0.05625,0.00625978090766823,0.0529695024077047,0.0523076923076923,0.0450310559006211,0.0156494522691706,0.0171339563862928,0.0375,0.0191693290734824,0.9558599695586,0.0385208012326656,0.00151745068285281,0,0.010752688172043,0.0457413249211356,0,0.946236559139785,0.0229709035222052,0,0.00310077519379845,0.0246913580246914,0.046801872074883,0.0109717868338558,0.0461049284578696,0.0436817472698908,0.954198473282443,0.0441176470588235,0,0.05,0.0358255451713396,0.05103668261563,0.00305343511450382,0.0457317073170732,0,0.049306625577812,0.0298273155416013,0.0483383685800604,0.0458015267175573,0.0439393939393939,0.0154559505409583,0.0533536585365854,0.0500758725341426,0,0.00153846153846154,0.0449612403100775,0.044478527607362,0.0121765601217656,0.0503048780487805,0.053968253968254,0.0421686746987952,0.0542986425339367,0.946957878315133,0.003125,0.0526315789473684,0,0.95125786163522,0.0508474576271186,0.962382445141066,0,0.0557228915662651,0.0510046367851623,0.958268933539413,0.0419254658385093,0.0202808112324493,0.0519685039370079,0,0.04375,0.0527950310559006,0.0201238390092879,0.0320610687022901,0.037037037037037,0.947122861586314,0.00934579439252336,0.056782334384858,0.0416666666666667,0.0169491525423729,0.0502283105022831,0.046474358974359,0,0.954828660436137,0.0564024390243902,0.050381679389313,0.0393343419062027,0.0379939209726444,0.0015552099533437,0.0555555555555556,0.0151975683890578,0.0264900662251656,0.957767722473605,0.0377358490566038,0.0296411856474259,0.0341085271317829,0.950151057401813,0.0112903225806452,0.0446153846153846,0.0379939209726444,0.0225903614457831,0,0.946889226100152,0.950375939849624,0.0470588235294118,0.0449101796407186,0.953846153846154,0.0479134466769706,0.9546875,0.953937592867756,0.9504,0.0532915360501567,0.949924127465857,0.0477707006369427,0.036697247706422,0.0300751879699248,0.0508982035928144,0.948598130841122,0.950233281493002,0.0476190476190476,0.0508221225710015,0.0380517503805175,0,0.951486697965571,0.0630630630630631,0.0324574961360124,0.0546282245827011,0.0242057488653555,0.0141732283464567,0.951293759512938,0.0486322188449848,0,0.0540540540540541,0.00313479623824451,0.953101361573374,0.00149253731343284,0.00784929356357928,0.0143769968051118,0.0476923076923077,0.953242835595777,0.0510510510510511,0.0489296636085627,0.0438729198184569,0.958333333333333,0,0.0455284552845528,0,0.0481203007518797,0.045045045045045,0,0.0426829268292683,0.0151515151515152,0.0432766615146832,0,0.0126782884310618,0.0445468509984639,0.957120980091884,0,0.0474006116207951,0,0.0326594090202177,0.0243161094224924,0.954682779456193,0.00911854103343465,0.0375,0.0154559505409583,0.0479876160990712,0,0.00453857791225416,0.0224719101123595,0.0417910447761194,0.0440729483282675,0.0482866043613707,0.0392464678178964,0.951788491446345,0.0539291217257319,0,0.0446153846153846,0.0201863354037267,0,0.0532724505327245,0.0528771384136858,0.0409448818897638,0.0247678018575851,0.0453857791225416,0.00786163522012579,0.00927357032457496,0.0521472392638037,0.0523076923076923,0.954682779456193,0.94679186228482,0.0510835913312693,0.0379746835443038,0,0.0479134466769706,0.0393939393939394,0.0138036809815951,0.0423861852433281,0.0422535211267606,0.0640834575260805,0.95166163141994,0.0435458786936236,0.0266875981161695,0.0558139534883721,0.0496124031007752,0.957957957957958,0.0359375,0.0391236306729265,0,0.0337941628264209,0.00772797527047913,0.0352941176470588,0.0345911949685535,0.0497737556561086,0.00147275405007364,0.0543130990415335,0.0493827160493827,0.0521472392638037,0.0257234726688103,0.0275650842266462,0.0485584218512898,0.0440060698027314,0.960122699386503,0.0379939209726444,0.0200617283950617,0.00765696784073507,0.0396341463414634,0.0523076923076923,0.0429447852760736,0.0494590417310665,0.742128935532234,0,0.953030303030303,0.0420560747663551,0,0,0.00903614457831325,0.950233281493002,0.0529595015576324,0.0404191616766467,0.0446841294298921,0.0536512667660209,0,0,0.944108761329305,0.946153846153846,0.00778816199376947,0.0031496062992126,0.00615384615384615,0.947530864197531,0,0.0554699537750385,0.525037936267071,0.0155038759689922,0.0435458786936236,0.0387596899224806,0.0476923076923077,0.0287443267776097,0.0272727272727273,0.946319018404908,0.0513950073421439,0.0235849056603774,0.0294117647058824,0.0566318926974665,0.0483383685800604,0.0260336906584992,0.950540958268934,0.0430769230769231,0.0451807228915663,0.950310559006211,0.0499243570347958,0,0.0456692913385827,0.024653312788906,0.953775038520801,0.95852534562212,0.0287539936102236,0.0404354587869362,0,0.0046875,0.956656346749226,0.949447077409163,0.0368731563421829,0.00308166409861325,0.0536585365853659,0.0105580693815988,0.0465465465465465,0,0.0167427701674277,0.0140845070422535,0.0515625,0.00319488817891374,0.00153846153846154,0.958715596330275,0,0.94954128440367,0.0421686746987952,0.139280125195618,0.0536512667660209,0,0.05,0.951588502269289,0.027231467473525,0.0279503105590062,0.0482115085536547,0.953748006379585,0.046969696969697,0.95046439628483,0.0176,0.0474006116207951,0.95,0.0499243570347958,0.0453834115805947,0.0373831775700935,0.0482866043613707,0.00152905198776758,0.952380952380952,0.0460829493087558,0.0062015503875969,0.948249619482496,0.0303030303030303,0,0.00151745068285281,0.0456692913385827,0.0557275541795666,0.0510510510510511,0.0539291217257319,0.0514018691588785,0.955108359133127,0.043613707165109,0.94954128440367,0.0365296803652968,0.0106382978723404,0.0457317073170732,0.0482866043613707,0.0468986384266263,0.0519877675840979,0.894333843797856,0,0.0529695024077047,0.0385802469135802,0.0397553516819572,0.0519877675840979,0.0474006116207951,0.0540123456790123,0.948170731707317,0.950226244343891,0.0502958579881657,0.952023988005997,0.00150602409638554,0.955905511811024,0.0476190476190476,0.0093603744149766,0.00792393026941363,0.0091324200913242,0.0528771384136858,0.947611710323575,0.00770416024653313,0.0587326120556414,0.0518292682926829,0.0276923076923077,0.0206794682422452,0.0102189781021898,0.00909090909090909,0.03125,0,0.00463678516228748,0.0261136712749616,0.00940438871473354,0.0405405405405405,0,0.950715421303657,0,0.031496062992126,0.0475435816164818,0.0625,0.0104321907600596,0.0323574730354391,0.047112462006079,0.0536512667660209,0.0532915360501567,0.0498442367601246,0.0512422360248447,0.0497667185069984,0.0202177293934681,0.0167427701674277,0.0534351145038168,0,0,0.0475460122699387,0.963358778625954,0.0526315789473684,0.0442073170731707,0.954898911353033,0.0047244094488189,0.944869831546707,0.0451010886469673,0.9546875,0.0490045941807044,0.0431432973805855,0,0.0385208012326656,0.0482654600301659,0.0328125,0.0244274809160305,0.0666666666666667,0.952086553323029,0.952380952380952,0.0420032310177706,0.0381231671554252,0.052790346907994,0.950226244343891,0.960183767228178,0,0.00903614457831325,0.0259541984732824,0.946564885496183,0.0231481481481481,0.954682779456193,0.040625,0.0514018691588785,0.0428134556574924,0.0106221547799697,0.945619335347432,0.0124223602484472,0.029595015576324,0.0424242424242424,0.0410334346504559,0.0338461538461538,0,0.0491283676703645,0.856697819314642,0.0500782472613459,0.949447077409163,0.0447093889716841,0.961890243902439,0.0440251572327044,0,0.3216,0.950920245398773,0.95447409733124,0.0385208012326656,0.0491283676703645,0.0529500756429652,0.0346907993966818,0.00298507462686567,0,0.0247295208655332,0.043609022556391,0.951334379905808,0,0.0431432973805855,0.952453987730061,0.0500782472613459,0.0514372163388805,0,0.992295839753467,0,0.0510510510510511,0.0171606864274571,0,0.00315955766192733,0.00914634146341463,0.0412044374009509,0.00900900900900901,0.0497667185069984,0.947530864197531,0.0452418096723869,0.0522273425499232,0.964341085271318,0.948916408668731,0,0.955177743431221,0,0.0473282442748092,0.0348101265822785,0,0,0.0328638497652582,0.0533751962323391,0.0230061349693252,1,0,1,0.947932618683001,0.949230769230769,0.114854517611026,0,0,0.00606980273141123,0,0.992088607594937,0.98796992481203,0,0.944615384615385,0.953968253968254,0.917829457364341,0.947049924357035,0.987878787878788,0,0.941717791411043,0,0,1,0,0.898050974512744,0,0.0425531914893617,0,0
"820",0.0032626427406199,0.00158730158730159,0.0271565495207668,0.0642504118616145,0.0147783251231527,0.0016260162601626,0.0962479608482871,0.0243111831442464,0,0,0,0,0.426517571884984,0.00164203612479475,0.952614379084967,0.990384615384615,0,0.00162337662337662,0.0033500837520938,0.0145631067961165,0.840579710144927,0.967479674796748,0.0128,0,0.0483870967741935,0.738988580750408,0.88379705400982,0.0115894039735099,0.529874213836478,0.304278922345483,0.998442367601246,0.308064516129032,0.231132075471698,0.70859872611465,0,0.00161030595813205,0.00634920634920635,0.00476947535771065,0.733846153846154,0.0901898734177215,0,0,0,0.00163398692810458,0.234295415959253,0.978861788617886,0.481421647819063,0.998387096774194,0.541009463722397,0.866666666666667,0,0.00961538461538462,0.74198717948718,0.00161290322580645,0.107142857142857,0.832236842105263,0,0.0210696920583468,0.0381558028616852,0.0910543130990415,0.694136291600634,0.559105431309904,0.998363338788871,0,0.106907894736842,0.166666666666667,0,0.00966183574879227,0,0.998381877022654,0.1488,0.993527508090615,0.980676328502415,0.00156739811912226,0,0.28436018957346,0.954258675078864,0.421135646687697,0.110561056105611,0.725255972696246,0,0.285714285714286,0.796529968454259,0.00318471337579618,0.895498392282958,0.094551282051282,0.0063391442155309,0.0288461538461538,0.0299684542586751,0,0.0146103896103896,0.00158982511923688,0,0,0.027823240589198,0,0.6928,0.0176282051282051,0,0,0.37741935483871,0,0.718446601941748,0.00162337662337662,0.900158478605388,0.00165837479270315,0,0.0146103896103896,0.998360655737705,0.990445859872611,0.992025518341308,0.0814332247557003,0.665064102564103,0.00637958532695375,0,0.0141955835962145,0.281399046104928,0,0.998420221169036,0.768729641693811,0,0.227053140096618,0.754019292604502,0.921311475409836,0.0285261489698891,0.855784469096672,0.00315457413249211,0.00634920634920635,0,0.449760765550239,0.0715421303656598,0.512437810945274,0.0132013201320132,0,0.00487012987012987,0.974603174603175,0,0.798045602605863,0.367313915857605,0.486798679867987,0,0,0.0189873417721519,0.227707006369427,0.834710743801653,0.00163132137030995,0.99194847020934,0.0758064516129032,0.566502463054187,0.0157977883096366,0.866776315789474,0.0129032258064516,0,0.17329093799682,0.00646203554119548,0.998363338788871,0.00158227848101266,0.998384491114701,0,0.249594813614263,0.131329113924051,0.0158982511923688,0.980922098569157,0,0.0016025641025641,0.55718954248366,0,0.00159235668789809,0.00157728706624606,0.70440251572327,0.0219092331768388,0.996747967479675,0.0556414219474498,0.998410174880763,0.100486223662885,0.635048231511254,0,0.0214521452145215,0,0.15506329113924,0.00160771704180064,0.876019575856444,0.0143312101910828,0.0492845786963434,0.00925925925925926,0.0253164556962025,0.902755267423015,0.610675039246468,0.0814332247557003,0.060556464811784,0.946031746031746,0.996815286624204,0.0213114754098361,0.126959247648903,0,0,0.713355048859935,0,0,0.7424,0.117549668874172,0.242811501597444,0.0126382306477093,0.569105691056911,0.569157392686804,0.711256117455139,0.0786885245901639,0.0390243902439024,0.123417721518987,0,0.119808306709265,0.820846905537459,0.0504885993485342,0.998402555910543,0.937791601866252,0.460674157303371,0.0224719101123595,0.0222575516693164,0.174959871589085,0.00320512820512821,0.1104,0,0.934817170111288,0.333860759493671,0.0066006600660066,0,0.0096,0.0235109717868339,0.453074433656958,0.435534591194969,0.00814332247557003,0.00164203612479475,0.631578947368421,0,0.102484472049689,0.476650563607085,0.0298507462686567,0.998405103668262,0.0349761526232114,0.00328407224958949,0.00156739811912226,0.0520325203252033,0.473270440251572,0.996753246753247,0.0272435897435897,0.4576,0.993827160493827,0.996879875195008,0.812091503267974,0.998384491114701,0.849270664505673,0.334394904458599,0.998420221169036,0.993670886075949,0.990353697749196,0.414442700156986,1,0.0177993527508091,0,0.998381877022654,0,0.779050736497545,0.00161812297734628,0.0241157556270096,0.101748807631161,0,0.135313531353135,0.143759873617694,0.303858520900322,0.402866242038217,0.540983606557377,0.547077922077922,0,0.00162074554294976,0.90952380952381,0.291803278688525,0.0384,0.987179487179487,0.243243243243243,0.998387096774194,0.887301587301587,0.00156985871271586,0.00165562913907285,0.100660066006601,0,0.360501567398119,0.100813008130081,0,0.998405103668262,0.0929133858267717,0.0178571428571429,0,1,0.996815286624204,0.0202360876897133,0.114942528735632,0.998347107438017,0,0.613057324840764,0.0113085621970921,0.22397476340694,0.6032,0.339403973509934,0.0428571428571429,0.990306946688207,0.0015625,0.00161812297734628,0.99194847020934,0.0306946688206785,0.00161030595813205,0.021558872305141,0.00484652665589661,0.817307692307692,0.69701726844584,0.726837060702875,0.0198347107438017,0.067001675041876,0.00156985871271586,0.731391585760518,0.0192307692307692,0.851373182552504,0.689274447949527,0.00644122383252818,0.0032626427406199,0.0323624595469256,0.301482701812191,0.00474683544303797,0.752827140549273,0.0317965023847377,0.00328947368421053,0,0.690851735015773,0.455573505654281,0.982171799027553,0.0016,0.990566037735849,0.0954692556634304,0.967845659163987,1,0,0.775477707006369,0.00811688311688312,0.928909952606635,0.0134003350083752,0.0257648953301127,0.0144694533762058,0.722222222222222,0.723793677204659,0.324193548387097,0.530508474576271,0,0.163987138263666,0.985736925515055,0.958333333333333,0.809220985691574,0.00164203612479475,0.998407643312102,0,0.686495176848875,0.988853503184713,0.978827361563518,0.5376,0,0.708674304418985,0.00165562913907285,0.0309951060358891,0,0.010752688172043,0.998435054773083,0.0015625,0.159810126582278,0.00163934426229508,0.990291262135922,0.0190174326465927,1,0.111650485436893,0.289902280130293,0.053968253968254,0.0129449838187702,0.00161290322580645,0.71656050955414,0.0323624595469256,0.00158478605388273,0.998442367601246,0.974481658692185,0.00163934426229508,0.0016025641025641,0.671361502347418,0.114467408585056,0.0364842454394693,0.046031746031746,0.00161550888529887,0,0.877022653721683,0.00161290322580645,0.996815286624204,0,0.0324675324675325,0,0.9552,0.00157232704402516,0.0292682926829268,0,0.376582278481013,0.5792,0.0180032733224223,0.998341625207297,0.137763371150729,0.00323101777059774,0.618270799347471,0.389240506329114,0.217741935483871,0,0.844660194174757,0.0213114754098361,0.00321027287319422,0.552504038772213,0,0.0290598290598291,0.971153846153846,0,0.0142630744849445,0.00642054574638844,0.0452342487883683,0.306603773584906,0.993537964458804,0.131493506493506,0.754746835443038,0.813021702838063,0,0.380097879282219,0.410130718954248,0.388617886178862,0,0.714754098360656,0.0938511326860841,0.358044164037855,0.479623824451411,0.917956656346749,0,0,0,0.0221870047543582,0,0.0792393026941363,0,0,0,0.00323624595469256,0,0.00165289256198347,0.226837060702875,0.473851030110935,0,0,0,0.00967741935483871,0.043956043956044,0.271860095389507,0.998405103668262,0,0.110935023771791,0.401273885350318,0.00161290322580645,0.472266244057052,0.653658536585366,0,0.0190779014308426,1,0.0445544554455446,0.910891089108911,0,0.990595611285266,0.891089108910891,0.510033444816054,0.025518341307815,0,0.050314465408805,0.0242718446601942,0.00159235668789809,0,0.931596091205212,0.0693739424703892,0.993299832495812,0,0.00156985871271586,0.991961414790997,0.00159235668789809,0.710610932475884,0.201248049921997,0.990306946688207,0.834405144694534,0.0372168284789644,0,0.998392282958199,0.0303030303030303,0.993355481727575,0.338211382113821,0.604200323101777,0,0.896440129449838,0.191803278688525,0.754414125200642,0.0250783699059561,0.99837925445705,0.847244094488189,0.534223706176962,0.0530421216848674,0.110410094637224,0.0377668308702791,0.254457050243112,0,0.0220820189274448,0.998417721518987,0.0355987055016181,0.613114754098361,0.998425196850394,0,0.00160513643659711,0.00163132137030995,0.358974358974359,0.0144927536231884,0.873376623376623,0.811688311688312,0.0580645161290323,0.110223642172524,0,0,0.00969305331179321,0.066884176182708,0.983606557377049,0.0178282009724473,0.0110584518167457,0.645367412140575,0.0726978998384491,0.264026402640264,0.10641627543036,0,0.0357142857142857,0.653094462540717,0.00159235668789809,0,0,0.339256865912762,0.0262725779967159,0.998360655737705,0.314754098360656,0.61389337641357,0.197204968944099,0.303776683087028,0.0453125,0.92093023255814,0.0146818923327896,0.00159235668789809,0.0192,0.703703703703704,0.878640776699029,0.0095389507154213,0,0,0.216429699842022,0.557507987220447,0.730769230769231,0.23444976076555,0.00158982511923688,0.130081300813008,0,0.105769230769231,0.998322147651007,0,0.175609756097561,0.998387096774194,1,0.708943089430894,0,0.00963081861958266,0.0759493670886076,0.00158478605388273,0.004739336492891,0.918269230769231,0.998384491114701,0,0,0.831423895253682,0.917609046849758,0.844660194174757,0,0.998384491114701,0.00158730158730159,0.42472266244057,0.719354838709677,0,0.410628019323671,0.0345963756177924,0.341194968553459,0.378125,0,0,0.620745542949757,0.505672609400324,0.0758513931888545,0.00955414012738853,0.621794871794872,0,0.0430622009569378,0.0453834115805947,0,0.0296875,0.982484076433121,0.015177065767285,0.5696,0,0,0.483221476510067,0.166129032258065,0.998425196850394,0.86084142394822,0,0,0.272445820433437,0.974025974025974,0.0016750418760469,0.683544303797468,0.00782472613458529,0.998417721518987,0.621451104100946,0.676422764227642,0.135986733001658,0.907014681892333,0.993610223642173,0,0.958881578947368,0,0.00782472613458529,0.824013157894737,0.0140405616224649,0.99344262295082,0.00164744645799012,0,0.476340694006309,0.528548123980424,0.00161290322580645,0,0.00315955766192733,0,0.606611570247934,0.0125195618153365,0,0.346092503987241,0.0176565008025682,0.252818035426731,0.0528052805280528,0.958925750394945,0,0.00160771704180064,0.737190082644628,0,0.3104,0.998449612403101,0.98256735340729,0.00161550888529887,0.00162074554294976,0.0108864696734059,0.0226171243941842,0.0164744645799012,0,0.0244698205546493,0,0.643856920684292,0.699044585987261,0.00791139240506329,0.00967741935483871,0.00636942675159236,0.00975609756097561,0.032,0.985436893203884,0.015025041736227,0.0381558028616852,0.276995305164319,0.025518341307815,0,0.0287081339712919,0,0,0.0171073094867807,0,0.938485804416404,0.00161290322580645,0.0465489566613162,0.710743801652893,0.780327868852459,0.89047619047619,0.0880913539967374,0,0.895161290322581,0.00159744408945687,0.00158982511923688,0.379807692307692,0.582181259600614,0.787267080745342,0.816164817749604,0.350819672131148,0.998412698412698,0.875399361022364,0.446601941747573,0.738636363636364,0.296474358974359,0.987240829346092,0,0.998366013071895,0.672818791946309,0.00167224080267559,0.357827476038339,0.772445820433437,0.378861788617886,0.122611464968153,0.00938967136150235,0.0394088669950739,0.0211726384364821,0.00163132137030995,0.00321543408360129,0.452648475120385,0.571879936808847,0.0032,0.993740219092332,0.99375,0.132045088566828,0,0.00157728706624606,0.0285714285714286,0,0.892156862745098,0,0.0479233226837061,0,0.0268562401263823,0.00158730158730159,0.99203821656051,0.172523961661342,0,0.346905537459283,0.380655226209048,0.112561174551387,0,0,0.0767946577629382,0.0546021840873635,0.0126382306477093,0,0,0.998344370860927,0.759316770186335,0.493610223642172,0,0.5488,0,0.0819672131147541,0.00163398692810458,0.800970873786408,0.768253968253968,0,0.6645056726094,0.407894736842105,0.130781499202552,0.0316957210776545,0.235483870967742,1,0.014827018121911,0.0755627009646302,0.00163934426229508,0,0.0171606864274571,0,0,0.978792822185971,0.620521172638437,0,0,0.172248803827751,0.0738916256157636,0.0533751962323391,0.283227848101266,0.970266040688576,0.99341021416804,0.176661264181524,0.159810126582278,0,0.980861244019139,0.0289389067524116,0,0.0130505709624796,0.0444444444444444,0.937096774193548,0,0.996840442338073,0.00157232704402516,0.517241379310345,0.933333333333333,0.9,0.888178913738019,0.311367380560132,0.909810126582278,0.00161812297734628,0,0.238636363636364,0.0223285486443381,0,0,1,0,0.99837925445705,0.00161290322580645,0.298850574712644,0.998341625207297,0.998366013071895,0.450081833060556,0.0372168284789644,0.559105431309904,0,1,0.0447019867549669,0.00958466453674121,0,0.827079934747145,0.996884735202492,1,0.990415335463259,1,0,0,0.982594936708861,0.00644122383252818,0.00334448160535117,0.0318979266347687,0.00635930047694754,0,0.99347471451876,0.014446227929374,1,0.996747967479675,0,0.990430622009569,0.0506329113924051,1,0.908496732026144,0.996889580093313,1
"821",0.0642504118616145,0.0512820512820513,0.0608,0.0561797752808989,0.0483091787439614,0.0559210526315789,0.0693548387096774,0.0481540930979133,0.0524642289348172,0.896103896103896,0.0570032573289902,0.89983844911147,0.057784911717496,0.0510708401976936,0.0466988727858293,0.0509554140127389,0.8953125,0.906752411575563,0.0530546623794212,0.0528,0.0587301587301587,0.0416666666666667,0.0527156549520767,0.890995260663507,0.054140127388535,0.0487804878048781,0.0547504025764895,0.0602605863192182,0.0647709320695103,0.060126582278481,0.0435458786936236,0.0644122383252818,0.0591133004926108,0.0528846153846154,0.899038461538462,0.0569105691056911,0.891547049441786,0.048,0.0493827160493827,0.0530421216848674,0.906752411575563,0.920255183413078,0.8992,0.0573770491803279,0.0695364238410596,0.0480132450331126,0.0523731587561375,0.0512820512820513,0.0679304897314376,0.0533536585365854,0.889776357827476,0.0572831423895254,0.0559105431309904,0.0476947535771065,0.0778145695364238,0.0470016207455429,0.894563426688633,0.0588235294117647,0.0650793650793651,0.0494417862838915,0.0537974683544304,0.0627943485086342,0.0449438202247191,0.891625615763547,0.0552845528455285,0.0511182108626198,0.893203883495146,0.0525477707006369,0.9008,0.0409165302782324,0.054773082942097,0.0463258785942492,0.0496794871794872,0.0535433070866142,0.899841017488076,0.047244094488189,0.0533751962323391,0.0520504731861199,0.0611570247933884,0.0588235294117647,0.902960526315789,0.0654952076677316,0.0514820592823713,0.0542264752791069,0.0558213716108453,0.0569620253164557,0.0589171974522293,0.0535433070866142,0.0588235294117647,0.90015600624025,0.0589198036006547,0.053968253968254,0.898058252427185,0.901771336553945,0.0570962479608483,0.895161290322581,0.0715421303656598,0.054140127388535,0.89873417721519,0.912479740680713,0.0621019108280255,0.898692810457516,0.0592948717948718,0.0560897435897436,0.0523882896764253,0.0528052805280528,0.909238249594814,0.0558213716108453,0.0499194847020934,0.0447284345047923,0.0513643659711075,0.0765472312703583,0.0592948717948718,0.0544,0.893687707641196,0.055379746835443,0.0624,0.907378335949764,0.0509554140127389,0.0377049180327869,0.895569620253165,0.0581583198707593,0.0589171974522293,0.0462809917355372,0.063391442155309,0.0525477707006369,0.0568356374807988,0.048,0.892682926829268,0.0685805422647528,0.0536585365853659,0.0439739413680782,0.0528052805280528,0.907378335949764,0.0530679933665008,0.0486656200941915,0.904458598726115,0.0594855305466238,0.0528,0.0666666666666667,0.893617021276596,0.901960784313726,0.0516962843295638,0.0498392282958199,0.04,0.0516129032258065,0.0542264752791069,0.0543130990415335,0.0552845528455285,0.0550314465408805,0.0599001663893511,0.0592948717948718,0.0490196078431373,0.0573248407643312,0.0551181102362205,0.0471544715447154,0.0572337042925278,0.0413223140495868,0.891025641025641,0.0556464811783961,0.0676100628930818,0.0529695024077047,0.05320813771518,0.903174603174603,0.0527156549520767,0.0639344262295082,0.0542763157894737,0.0579937304075235,0.0521327014218009,0.0496124031007752,0.0561797752808989,0.05,0.0538827258320127,0.05,0.059967585089141,0.0509554140127389,0.891760904684976,0.0538827258320127,0.90282131661442,0.0512,0.054140127388535,0.0460526315789474,0.0521327014218009,0.0538827258320127,0.0523076923076923,0.0580645161290323,0.0386473429951691,0.063391442155309,0.0615883306320908,0.0507364975450082,0.0453074433656958,0.0494417862838915,0.0572831423895254,0.0817307692307692,0.901743264659271,0.903069466882068,0.0551948051948052,0.89540412044374,0.0551181102362205,0.0598425196850394,0.0704918032786885,0.0528,0.0550314465408805,0.0610561056105611,0.040453074433657,0.0666666666666667,0.0593080724876442,0.06645056726094,0.064873417721519,0.893481717011129,0.0589171974522293,0.0524590163934426,0.0583468395461912,0.0466237942122186,0.0436817472698908,0.0593900481540931,0.0578778135048231,0.0519685039370079,0.0580645161290323,0.060702875399361,0.0579710144927536,0.90032154340836,0.045016077170418,0.0580847723704867,0.0476973684210526,0.892109500805153,0.0563607085346216,0.0503937007874016,0.0669934640522876,0.0596774193548387,0.0454545454545455,0.0556464811783961,0.0748407643312102,0.907894736842105,0.0675039246467818,0.0615883306320908,0.0512396694214876,0.0527156549520767,0.0558213716108453,0.0590111642743222,0.0582677165354331,0.0626003210272873,0.0491283676703645,0.0561797752808989,0.0570962479608483,0.0505529225908373,0.0451010886469673,0.0517241379310345,0.0562700964630225,0.0532258064516129,0.0604575163398693,0.0580847723704867,0.045958795562599,0.0448717948717949,0.0432,0.0624,0.0457516339869281,0.0530546623794212,0.911003236245955,0.0412044374009509,0.904,0.0651465798045603,0.0554649265905383,0.0493630573248408,0.0551181102362205,0.8928,0.059504132231405,0.0608424336973479,0.057784911717496,0.0563607085346216,0.0607553366174056,0.0484652665589661,0.907348242811502,0.0520325203252033,0.0556438791732909,0.0683333333333333,0.0503246753246753,0.0489731437598736,0.057784911717496,0.0434083601286174,0.0576923076923077,0.059748427672956,0.0635451505016722,0.0696920583468395,0.896875,0.0585443037974684,0.0749185667752443,0.905750798722045,0.0488958990536278,0.0710900473933649,0.0551948051948052,0.89776357827476,0.0401284109149278,0.0507131537242472,0.0532445923460899,0.0492610837438424,0.0472312703583062,0.91042345276873,0.0758064516129032,0.0571895424836601,0.0582677165354331,0.0610932475884244,0.0563607085346216,0.0504731861198738,0.0455284552845528,0.0551181102362205,0.0515297906602254,0.0469255663430421,0.0561797752808989,0.0500807754442649,0.0493421052631579,0.0513643659711075,0.043338683788122,0.0672,0.0673076923076923,0.0558292282430213,0.0479338842975207,0.931089743589744,0.0369774919614148,0.0567260940032415,0.0438871473354232,0.0516431924882629,0.0623003194888179,0.0567260940032415,0.0597738287560582,0.0580645161290323,0.0517241379310345,0.0471544715447154,0.061128526645768,0.0568181818181818,0.893719806763285,0.061128526645768,0.0756578947368421,0.0512820512820513,0.926332288401254,0.050314465408805,0.0531400966183575,0.0488958990536278,0.048,0.895475819032761,0.0438311688311688,0.061389337641357,0.0554675118858954,0.0579470198675497,0.0665584415584416,0.0531400966183575,0.0570962479608483,0.0580431177446103,0.0487012987012987,0.0608552631578947,0.904388714733542,0.05103668261563,0.0482115085536547,0.0444444444444444,0.0557324840764331,0.0473083197389886,0.0492063492063492,0.893987341772152,0.0625,0.0522151898734177,0.0479338842975207,0.0511182108626198,0.0560131795716639,0.0554649265905383,0.050251256281407,0.0506535947712418,0.893416927899687,0.0515625,0.0457413249211356,0.0542264752791069,0.0467741935483871,0.0562913907284768,0.0504885993485342,0.0470957613814757,0.0464,0.0573248407643312,0.0626003210272873,0.0595611285266458,0.0476190476190476,0.0517799352750809,0.0528846153846154,0.062200956937799,0.0525477707006369,0.053125,0.0451612903225806,0.0470016207455429,0.0477707006369427,0.0549450549450549,0.0542264752791069,0.0603588907014682,0.048,0.0596546310832025,0.897226753670473,0.0527182866556837,0.0560897435897436,0.0452342487883683,0.890522875816993,0.0581583198707593,0.907894736842105,0.0456769983686786,0.0599369085173502,0.0580645161290323,0.908064516129032,0.0718849840255591,0.0467741935483871,0.0570962479608483,0.0412541254125413,0.0602605863192182,0.0587275693311582,0.0562700964630225,0.0576,0.0587275693311582,0.894651539708266,0.0679611650485437,0.0614886731391586,0.0511182108626198,0.05,0.0558213716108453,0.0489864864864865,0.0483870967741935,0.900316455696203,0.0566929133858268,0.0518867924528302,0.0512820512820513,0.0518867924528302,0.0435483870967742,0.0666666666666667,0.0491283676703645,0.0780984719864177,0.9008,0.0528846153846154,0.0540540540540541,0.0610932475884244,0.9008,0.0579470198675497,0.0535714285714286,0.0441640378548896,0.0578778135048231,0.0474732006125574,0.904610492845787,0.901430842607313,0.0514018691588785,0.0520504731861199,0.900943396226415,0.0591054313099042,0.903536977491961,0.897637795275591,0.899173553719008,0.0563607085346216,0.896272285251216,0.053156146179402,0.0621019108280255,0.0577223088923557,0.054858934169279,0.895595432300163,0.897727272727273,0.0545746388443018,0.0570987654320988,0.0569620253164557,0.0461049284578696,0.894909688013136,0.0748407643312102,0.0573248407643312,0.060126582278481,0.0412698412698413,0.0615883306320908,0.893915756630265,0.0564263322884013,0.0440456769983687,0.060655737704918,0.0583468395461912,0.900943396226415,0.0372670807453416,0.0522875816993464,0.0383333333333333,0.0559105431309904,0.89968152866242,0.0645669291338583,0.0524642289348172,0.0503246753246753,0.902668759811617,0.0516962843295638,0.0539629005059022,0.0493421052631579,0.0461783439490446,0.0537974683544304,0.0449438202247191,0.0494417862838915,0.0569620253164557,0.0633116883116883,0.0517799352750809,0.0570962479608483,0.0532258064516129,0.90224358974359,0.046474358974359,0.053125,0.0462046204620462,0.0499194847020934,0.0659163987138264,0.898089171974522,0.0554675118858954,0.0579470198675497,0.0598705501618123,0.0499194847020934,0.0452342487883683,0.0458135860979463,0.0515806988352745,0.05320813771518,0.053968253968254,0.0585365853658537,0.0471544715447154,0.901960784313726,0.0583596214511041,0.0485133020344288,0.0467741935483871,0.0639344262295082,0.0425196850393701,0.0568720379146919,0.0532258064516129,0.0533980582524272,0.0558213716108453,0.0522151898734177,0.067741935483871,0.0553745928338762,0.0623003194888179,0.0658105939004815,0.899212598425197,0.900163666121113,0.0594855305466238,0.0480928689883914,0.0477759472817133,0.0533117932148627,0.0448717948717949,0.0603174603174603,0.0556464811783961,0.059967585089141,0.0738993710691824,0.897637795275591,0.0509868421052632,0.0658105939004815,0.0584415584415584,0.0526315789473684,0.904468412942989,0.065359477124183,0.0503246753246753,0.0424143556280587,0.0515297906602254,0.0543130990415335,0.0448916408668731,0.0547504025764895,0.0589147286821705,0.0401234567901235,0.0554649265905383,0.0523809523809524,0.0592948717948718,0.0751252086811352,0.067524115755627,0.0493630573248408,0.0470957613814757,0.909952606635071,0.0491283676703645,0.0427892234548336,0.057784911717496,0.060126582278481,0.056,0.0517799352750809,0.054773082942097,0.72884012539185,0.0470588235294118,0.910112359550562,0.0608974358974359,0.0457516339869281,0.0420711974110032,0.0568720379146919,0.896331738437002,0.0608974358974359,0.0463258785942492,0.0490506329113924,0.0569620253164557,0.0402576489533011,0.0488599348534202,0.890453834115806,0.89171974522293,0.0560131795716639,0.059504132231405,0.0560897435897436,0.894488188976378,0.0414012738853503,0.0600315955766193,0.574367088607595,0.0590111642743222,0.0507364975450082,0.0670926517571885,0.0504885993485342,0.0545746388443018,0.0596546310832025,0.898278560250391,0.0578386605783866,0.065359477124183,0.0676328502415459,0.0670826833073323,0.0551181102362205,0.0670926517571885,0.892282958199357,0.054140127388535,0.0529695024077047,0.895833333333333,0.05320813771518,0.0380348652931854,0.048494983277592,0.0481540930979133,0.90032154340836,0.902053712480253,0.067001675041876,0.0573770491803279,0.0507131537242472,0.0376432078559738,0.903536977491961,0.901477832512315,0.0533536585365854,0.0457516339869281,0.0592216582064298,0.05229793977813,0.0518867924528302,0.0494417862838915,0.0522151898734177,0.0453074433656958,0.065359477124183,0.0498338870431894,0.0529695024077047,0.909967845659164,0.0436893203883495,0.892913385826772,0.0483619344773791,0.181967213114754,0.062015503875969,0.0521172638436482,0.0540983606557377,0.89983844911147,0.062992125984252,0.0562700964630225,0.0531400966183575,0.898858075040783,0.0508744038155803,0.899505766062603,0.0658978583196046,0.0523809523809524,0.896988906497623,0.0709779179810726,0.0514469453376206,0.0581583198707593,0.0571895424836601,0.0551181102362205,0.9,0.0527156549520767,0.0535714285714286,0.892018779342723,0.0588235294117647,0.0435458786936236,0.0474683544303797,0.0533117932148627,0.0603588907014682,0.0544871794871795,0.0561797752808989,0.0545746388443018,0.905448717948718,0.0507364975450082,0.893141945773525,0.07981220657277,0.0579710144927536,0.0514469453376206,0.0555555555555556,0.0512,0.0583596214511041,0.838095238095238,0.0537459283387622,0.0550918196994992,0.0429252782193959,0.0519685039370079,0.0522151898734177,0.0546875,0.0608974358974359,0.890822784810127,0.897151898734177,0.0549618320610687,0.903481012658228,0.0424528301886792,0.895833333333333,0.0571428571428571,0.0564784053156146,0.0504065040650407,0.0568181818181818,0.0592105263157895,0.896940418679549,0.0559105431309904,0.0589171974522293,0.0562700964630225,0.0596774193548387,0.0571870170015456,0.0492307692307692,0.061128526645768,0.0538336052202284,0.046474358974359,0.0495207667731629,0.0637958532695375,0.0485436893203883,0.050314465408805,0.0495207667731629,0.904376012965964,0.0476190476190476,0.0786885245901639,0.0511073253833049,0.0909090909090909,0.0604651162790698,0.0495207667731629,0.0572337042925278,0.0554675118858954,0.0634390651085142,0.0584415584415584,0.0564784053156146,0.0542264752791069,0.0515297906602254,0.0498392282958199,0.0614886731391586,0.0486656200941915,0.0438184663536776,0.0652866242038217,0.912698412698413,0.0591054313099042,0.0493630573248408,0.903536977491961,0.0494233937397035,0.900641025641026,0.0530546623794212,0.90228013029316,0.0556438791732909,0.0482315112540193,0.0398089171974522,0.0518638573743922,0.0538827258320127,0.0557377049180328,0.05229793977813,0.0762987012987013,0.89968152866242,0.902912621359223,0.0485762144053601,0.0539291217257319,0.0617088607594937,0.901990811638591,0.903691813804173,0.0492610837438424,0.037914691943128,0.0429936305732484,0.893964110929853,0.0614886731391586,0.902912621359223,0.0488599348534202,0.0570032573289902,0.0901771336553945,0.0516431924882629,0.89358372456964,0.0457516339869281,0.0518638573743922,0.0491283676703645,0.05320813771518,0.0528,0.0495207667731629,0.0533117932148627,0.817447495961228,0.0528052805280528,0.898550724637681,0.0491283676703645,0.916666666666667,0.0509031198686371,0.0514469453376206,0.394779771615008,0.893312101910828,0.901153212520593,0.0575079872204473,0.0595813204508857,0.0642633228840125,0.053968253968254,0.05,0.0454545454545455,0.0357723577235772,0.0576323987538941,0.899835796387521,0.0481540930979133,0.0483091787439614,0.902208201892745,0.0581395348837209,0.0617088607594937,0.0516962843295638,0.950715421303657,0.0445151033386327,0.0583596214511041,0.0583468395461912,0.0435483870967742,0.0504885993485342,0.062200956937799,0.0619765494137353,0.0485133020344288,0.0501618122977346,0.894154818325434,0.0648298217179903,0.0523809523809524,0.915171288743883,0.903846153846154,0.049306625577812,0.903381642512077,0.0436893203883495,0.0484652665589661,0.0545454545454545,0.0444078947368421,0.0423452768729642,0.0570962479608483,0.0610932475884244,0.0588235294117647,1,0.0447019867549669,1,0.888888888888889,0.908646003262643,0.226016260162602,0.04858934169279,0.044189852700491,0.050314465408805,0.0474683544303797,0.928338762214984,0.933544303797468,0.048,0.891167192429022,0.898527004909984,0.869143780290792,0.898278560250391,0.939873417721519,0.0488958990536278,0.890649762282092,0.0426229508196721,0.0453808752025932,0.938411669367909,0.0516129032258065,0.848580441640379,0.0532258064516129,0.088,0.0468986384266263,0.0452342487883683
"822",0.0177133655394525,0.013953488372093,0.0168453292496172,0.0157728706624606,0.0173775671406003,0.0158478605388273,0.0330708661417323,0.0172413793103448,0.018348623853211,0.972886762360447,0.0172413793103448,0.975,0.0186915887850467,0.0159235668789809,0.0108864696734059,0.00625,0.972560975609756,0.97007874015748,0.0176282051282051,0.021671826625387,0.0109204368174727,0.00803858520900321,0.0123076923076923,0.976047904191617,0.0187207488299532,0.0094488188976378,0.0108191653786708,0.0175438596491228,0.0170807453416149,0.0140845070422535,0.00918836140888208,0.019047619047619,0.0224719101123595,0.00933125972006221,0.974960876369327,0.0202177293934681,0.987635239567233,0.0200617283950617,0.0119940029985007,0.015220700152207,0.981042654028436,0.973684210526316,0.970814132104455,0.0191082802547771,0.0192616372391653,0.00788643533123028,0.0139751552795031,0.0062111801242236,0.0199081163859112,0.00757575757575758,0.97542242703533,0.0172143974960876,0.0140625,0.0125,0.028436018957346,0.00956937799043062,0.975728155339806,0.0141287284144427,0.0248062015503876,0.0200308166409861,0.00928792569659443,0.014018691588785,0.00949367088607595,0.97444089456869,0.0192,0.0217054263565891,0.968944099378882,0.0188087774294671,0.973684210526316,0.0063391442155309,0.0139318885448916,0.00783699059561128,0.0078740157480315,0.0197568389057751,0.976635514018692,0.0167173252279635,0.00758725341426404,0.0276497695852535,0.0190779014308426,0.0166666666666667,0.973143759873618,0.0201238390092879,0.0106060606060606,0.015527950310559,0.0125195618153365,0.0153609831029186,0.0202492211838006,0.0198776758409786,0.0198776758409786,0.977168949771689,0.0158478605388273,0.0185471406491499,0.974317817014446,0.973354231974922,0.0223285486443381,0.97007874015748,0.0323574730354391,0.0186335403726708,0.97542242703533,0.977917981072555,0.028391167192429,0.971742543171115,0.0174050632911392,0.0205696202531646,0.0106221547799697,0.0190174326465927,0.974522292993631,0.0172413793103448,0.00788643533123028,0.004739336492891,0.00923076923076923,0.0347003154574132,0.0168711656441718,0.0201238390092879,0.9728,0.0217054263565891,0.0189274447949527,0.977134146341463,0.00765696784073507,0.0109375,0.974085365853659,0.0234009360374415,0.0124031007751938,0.00650406504065041,0.0196671709531014,0.00765696784073507,0.0199386503067485,0.0137614678899083,0.971786833855799,0.024653312788906,0.0156985871271586,0.0159744408945687,0.0172955974842767,0.97542242703533,0.0128410914927769,0.00613496932515337,0.976377952755906,0.012779552715655,0.00943396226415094,0.0224719101123595,0.974643423137876,0.97444089456869,0.0141065830721003,0.0201238390092879,0.00632911392405063,0.015600624024961,0.00934579439252336,0.0184049079754601,0.0174880763116057,0.0167427701674277,0.0145161290322581,0.01875,0.0172413793103448,0.013677811550152,0.0170015455950541,0.00955414012738853,0.0218068535825545,0.00786163522012579,0.977099236641221,0.0220820189274448,0.0259541984732824,0.0186046511627907,0.00769230769230769,0.977134146341463,0.0184331797235023,0.0160513643659711,0.0160513643659711,0.02,0.0169491525423729,0.00462962962962963,0.0168970814132104,0.00782472613458529,0.0153374233128834,0.00606980273141123,0.0233644859813084,0.013677811550152,0.976228209191759,0.0141287284144427,0.973846153846154,0.0170015455950541,0.0199081163859112,0.00471698113207547,0.02,0.0169491525423729,0.0166414523449319,0.0198776758409786,0.00622083981337481,0.0167173252279635,0.016260162601626,0.0189873417721519,0.0126182965299685,0.0062015503875969,0.0206349206349206,0.0452418096723869,0.971036585365854,0.976525821596244,0.0174880763116057,0.975384615384615,0.013595166163142,0.0121396054628225,0.0348101265822785,0.0169753086419753,0.016566265060241,0.0172684458398744,0.0154559505409583,0.014446227929374,0.0173501577287066,0.015748031496063,0.0248447204968944,0.973354231974922,0.0186046511627907,0.00958466453674121,0.0161030595813204,0.00462962962962963,0.00765696784073507,0.020440251572327,0.0219092331768388,0.0183206106870229,0.0234009360374415,0.021505376344086,0.0218408736349454,0.978056426332288,0.00464396284829721,0.0199081163859112,0.0140845070422535,0.974882260596546,0.0168195718654434,0.0197568389057751,0.0233644859813084,0.0204081632653061,0.0190174326465927,0.0191387559808612,0.0296875,0.9776,0.0353302611367127,0.0110062893081761,0.0208667736757624,0.0062111801242236,0.0184049079754601,0.0172143974960876,0.0214395099540582,0.0172143974960876,0.0154798761609907,0.00784929356357928,0.0200617283950617,0.0108359133126935,0.00910470409711684,0.00906344410876133,0.0138674884437596,0.00949367088607595,0.00796178343949045,0.0123076923076923,0.00775193798449612,0.00925925925925926,0.0062015503875969,0.0182094081942337,0.00634920634920635,0.0189274447949527,0.972972972972973,0.00625978090766823,0.972307692307692,0.0141955835962145,0.0207006369426752,0.0125588697017268,0.020440251572327,0.968798751950078,0.0254372019077901,0.0233281493001555,0.0218408736349454,0.0141509433962264,0.0158478605388273,0.0111821086261981,0.970542635658915,0.0158730158730159,0.00930232558139535,0.0145867098865478,0.0125786163522013,0.00933125972006221,0.0155763239875389,0.0062111801242236,0.00918836140888208,0.0198473282442748,0.0193236714975845,0.0253565768621236,0.971168437025797,0.013719512195122,0.0361067503924647,0.97339593114241,0.00307692307692308,0.0288753799392097,0.0199081163859112,0.978294573643411,0.00612557427258806,0.00923076923076923,0.016,0.0192616372391653,0.00479233226837061,0.9765625,0.0278207109737249,0.0127186009538951,0.0184899845916795,0.015600624024961,0.0141287284144427,0.0155763239875389,0.00464396284829721,0.018348623853211,0.0141065830721003,0.00940438871473354,0.0182926829268293,0.0188976377952756,0.0192307692307692,0.0153846153846154,0.0109204368174727,0.0154320987654321,0.0171339563862928,0.0174050632911392,0.0208333333333333,0.942161339421613,0.0111821086261981,0.0186335403726708,0.0109546165884194,0.0104477611940299,0.019047619047619,0.0220125786163522,0.0185758513931889,0.0207667731629393,0.0214395099540582,0.0111642743221691,0.0202492211838006,0.0172143974960876,0.973058637083994,0.0151515151515152,0.0303030303030303,0.00622083981337481,0.935975609756098,0.00762195121951219,0.0203125,0.00765696784073507,0.00930232558139535,0.975535168195719,0.00928792569659443,0.0205047318611987,0.00930232558139535,0.0191387559808612,0.0154559505409583,0.0171875,0.0174880763116057,0.0143540669856459,0.0233281493001555,0.0209677419354839,0.976887519260401,0.0220125786163522,0.00916030534351145,0.00924499229583975,0.0123647604327666,0.017515923566879,0.00771604938271605,0.978428351309707,0.0156985871271586,0.00762195121951219,0.00791139240506329,0.0140405616224649,0.0141955835962145,0.0126582278481013,0.0130081300813008,0.0170542635658915,0.973724884080371,0.00900900900900901,0.00917431192660551,0.0164670658682635,0.0230061349693252,0.0158227848101266,0.00777604976671851,0.0138036809815951,0.0047244094488189,0.0154559505409583,0.0176282051282051,0.0171339563862928,0.0198776758409786,0.0171073094867807,0.0171606864274571,0.021671826625387,0.0151285930408472,0.00768049155145929,0.00949367088607595,0.0205371248025276,0.0172143974960876,0.0138248847926267,0.0203761755485893,0.0210016155088853,0.0138461538461538,0.0197869101978691,0.974643423137876,0.00791139240506329,0.0201550387596899,0.00634920634920635,0.971698113207547,0.0192,0.972843450479233,0.0062015503875969,0.0167682926829268,0.0173775671406003,0.971698113207547,0.0298273155416013,0.0124416796267496,0.020440251572327,0.00955414012738853,0.01743264659271,0.0176848874598071,0.0141287284144427,0.0138036809815951,0.0203125,0.97007874015748,0.00927357032457496,0.0206677265500795,0.0171073094867807,0.0153139356814701,0.0171875,0.0180032733224223,0.00766871165644172,0.9734375,0.0186046511627907,0.0171606864274571,0.0157977883096366,0.0214067278287462,0.0062402496099844,0.0232558139534884,0.00943396226415094,0.0230263157894737,0.973643410852713,0.0207336523125997,0.014308426073132,0.0139103554868624,0.972265023112481,0.0176,0.0249221183800623,0.0218068535825545,0.0138036809815951,0.00758725341426404,0.978625954198473,0.978658536585366,0.0207407407407407,0.015015015015015,0.97360248447205,0.0171875,0.971473851030111,0.972560975609756,0.971153846153846,0.0186046511627907,0.978227060653188,0.0208333333333333,0.0158227848101266,0.0243161094224924,0.0183206106870229,0.976152623211447,0.981308411214953,0.0185185185185185,0.0182648401826484,0.0202492211838006,0.00764525993883792,0.976114649681529,0.0333333333333333,0.0167682926829268,0.0214395099540582,0.0152671755725191,0.0125984251968504,0.975270479134467,0.0169230769230769,0.0062992125984252,0.0222929936305732,0.0109204368174727,0.975646879756469,0.00612557427258806,0.00794912559618442,0.00988467874794069,0.0215384615384615,0.97196261682243,0.0195488721804511,0.0228310502283105,0.0152671755725191,0.981191222570533,0.0111642743221691,0.00983606557377049,0.00323101777059774,0.0184049079754601,0.0167427701674277,0.0078003120124805,0.0201550387596899,0.0170807453416149,0.0188383045525903,0.00938967136150235,0.0156494522691706,0.0171339563862928,0.971518987341772,0.0062402496099844,0.0184049079754601,0.00811688311688312,0.0190779014308426,0.0294573643410853,0.973926380368098,0.00934579439252336,0.0238095238095238,0.0184899845916795,0.0171073094867807,0.00622083981337481,0.0108864696734059,0.0132013201320132,0.0167173252279635,0.0182926829268293,0.021978021978022,0.0238853503184713,0.977952755905512,0.0199692780337942,0.00928792569659443,0.015552099533437,0.0176565008025682,0.00766871165644172,0.0198776758409786,0.0203442879499218,0.0172684458398744,0.0140845070422535,0.0170015455950541,0.00941915227629513,0.0109717868338558,0.0217054263565891,0.0279937791601866,0.972685887708649,0.9728,0.0173775671406003,0.0206349206349206,0.0095389507154213,0.0219435736677116,0.0187207488299532,0.0138461538461538,0.0206022187004754,0.0140845070422535,0.0273141122913505,0.975572519083969,0.0202177293934681,0.0249221183800623,0.0201238390092879,0.0171875,0.976887519260401,0.0173775671406003,0.0127388535031847,0.00940438871473354,0.0202808112324493,0.0156985871271586,0.021021021021021,0.0143312101910828,0.0212121212121212,0.00910470409711684,0.0220125786163522,0.0187793427230047,0.0139751552795031,0.0272,0.0314465408805031,0.015625,0.0138248847926267,0.977029096477795,0.0199081163859112,0.00938967136150235,0.00940438871473354,0.0156494522691706,0.0202177293934681,0.0143540669856459,0.0154798761609907,0.775541795665635,0.00646203554119548,0.976993865030675,0.0265210608424337,0.0078003120124805,0.00938967136150235,0.0156985871271586,0.973765432098765,0.0170807453416149,0.0168970814132104,0.0156739811912226,0.0182648401826484,0.0094488188976378,0.00622083981337481,0.972768532526475,0.97196261682243,0.0094488188976378,0.00769230769230769,0.010989010989011,0.97196261682243,0.00925925925925926,0.0171875,0.547945205479452,0.0143769968051118,0.0142405063291139,0.0248447204968944,0.0173501577287066,0.0198170731707317,0.0181543116490166,0.970769230769231,0.0134128166915052,0.0126382306477093,0.0140405616224649,0.022354694485842,0.0168195718654434,0.0109546165884194,0.96793893129771,0.0171339563862928,0.0166919575113809,0.978090766823161,0.0212443095599393,0.0078125,0.0147299509001637,0.0170542635658915,0.974803149606299,0.9765625,0.0146341463414634,0.0205371248025276,0.0093603744149766,0.00961538461538462,0.973561430793157,0.974317817014446,0.0197568389057751,0.0078125,0.0162074554294976,0.0168195718654434,0.0181543116490166,0.00918836140888208,0.00933125972006221,0.0111464968152866,0.0211038961038961,0.00482315112540193,0.00772797527047913,0.979969183359014,0.00946372239747634,0.970404984423676,0.0152905198776758,0.160655737704918,0.014903129657228,0.00786163522012579,0.0207667731629393,0.977307110438729,0.0166919575113809,0.01743264659271,0.0188383045525903,0.971518987341772,0.0199081163859112,0.976377952755906,0.0143312101910828,0.0168711656441718,0.97542242703533,0.0401854714064915,0.0159235668789809,0.0124223602484472,0.0192307692307692,0.00769230769230769,0.979750778816199,0.0173775671406003,0.0110759493670886,0.972644376899696,0.0213740458015267,0.00448430493273543,0.00917431192660551,0.0142857142857143,0.0188976377952756,0.0122887864823349,0.0237341772151899,0.0141509433962264,0.978395061728395,0.0171339563862928,0.956923076923077,0.0352220520673813,0.0138036809815951,0.0202177293934681,0.0185185185185185,0.0154559505409583,0.0185471406491499,0.922839506172839,0.00773993808049536,0.0145631067961165,0.0139318885448916,0.0248447204968944,0.0201238390092879,0.0185471406491499,0.0201550387596899,0.975460122699387,0.972350230414747,0.0180451127819549,0.969788519637462,0.00617283950617284,0.975077881619938,0.015552099533437,0.0113268608414239,0.00966183574879227,0.0167682926829268,0.0205371248025276,0.978021978021978,0.00777604976671851,0.0203125,0.0170015455950541,0.0159235668789809,0.0179372197309417,0.00892857142857143,0.00917431192660551,0.0125786163522013,0.00769230769230769,0.00778816199376947,0.0124804992199688,0.00947867298578199,0.0213740458015267,0.00782472613458529,0.977671451355662,0.00789889415481832,0.028436018957346,0.0146818923327896,0.0485133020344288,0.0150829562594268,0.0168711656441718,0.0214395099540582,0.0168195718654434,0.0194805194805195,0.0173501577287066,0.015748031496063,0.0188976377952756,0.0140405616224649,0.015600624024961,0.0185185185185185,0.00911854103343465,0.0075187969924812,0.0236593059936909,0.973724884080371,0.0182648401826484,0.0170278637770898,0.971786833855799,0.00625978090766823,0.978227060653188,0.0172955974842767,0.9792663476874,0.0203442879499218,0.0155038759689922,0.0061633281972265,0.0170807453416149,0.0199386503067485,0.0111642743221691,0.0109546165884194,0.0342146189735614,0.975193798449612,0.973143759873618,0.0161812297734628,0.0151285930408472,0.0171875,0.974006116207951,0.973926380368098,0.0095389507154213,0.0137614678899083,0.0124223602484472,0.970724191063174,0.0109204368174727,0.979938271604938,0.01743264659271,0.0174050632911392,0.0414673046251994,0.0108359133126935,0.975646879756469,0.0157977883096366,0.0172143974960876,0.0187207488299532,0.018348623853211,0.0215716486902928,0.00775193798449612,0.0191693290734824,0.888888888888889,0.0209339774557166,0.974723538704581,0.0166414523449319,0.976708074534162,0.01743264659271,0.00930232558139535,0.363919129082426,0.975193798449612,0.976228209191759,0.0170807453416149,0.0208667736757624,0.0202177293934681,0.0138461538461538,0.00902255639097744,0.00783699059561128,0.0140845070422535,0.0197869101978691,0.982484076433121,0.00770416024653313,0.0125786163522013,0.972350230414747,0.0191082802547771,0.0168970814132104,0.0109717868338558,0.945652173913043,0.00778816199376947,0.0184331797235023,0.0157977883096366,0.0111287758346582,0.0096,0.00927357032457496,0.0238853503184713,0.0091324200913242,0.0142630744849445,0.972222222222222,0.0245775729646697,0.0186625194401244,0.981191222570533,0.97191887675507,0.00448430493273543,0.978159126365055,0.0077639751552795,0.0172143974960876,0.0145867098865478,0.00635930047694754,0.00786163522012579,0.0222575516693164,0.0236220472440945,0.0170542635658915,0.947932618683001,0.00958466453674121,0.888888888888889,1,0.977952755905512,0.166405023547881,0.00747384155455904,0.0062992125984252,0.0169230769230769,0.00759878419452888,0.938775510204082,0.931888544891641,0.00766871165644172,1,0.983974358974359,0.984447900466563,1,0.930340557275542,0.00313479623824451,1,0.00483870967741936,0.00946372239747634,0.944356120826709,0.00626959247648903,0.958778625954198,0.00618238021638331,0.0787037037037037,0.00451807228915663,0.00626959247648903
"823",0,0,0,0,0,0,0.0158982511923688,0.00158227848101266,0,1,0,1,0,0,0,0,1,0.982594936708861,0,0,0,0,0,1,0,0,0,0.00159744408945687,0,0,0,0,0.00159744408945687,0,1,0,0.976377952755906,0,0,0,0.998405103668262,0.982892690513219,0.995207667731629,0,0,0,0,0,0,0,1,0,0,0,0.0158227848101266,0,1,0,0.00308641975308642,0,0,0,0,1,0,0,1,0,1,0,0,0,0,0,1,0.00154559505409583,0,0,0.00162074554294976,0,1,0,0,0,0,0,0,0,0.0046875,0.989180834621329,0,0,1,1,0,1,0.0174603174603175,0,0.993808049535604,0.992125984251969,0.0127186009538951,1,0,0,0,0,0.988817891373802,0.00316957210776545,0,0,0,0.0176,0,0,1,0,0,1,0,0,1,0.0015748031496063,0,0,0,0,0,0,1,0.00784929356357928,0,0,0,1,0,0,1,0,0,0.00805152979066022,1,1,0,0,0,0,0,0,0,0,0,0,0,0,0,0,0,0,1,0,0.0062015503875969,0,0,1,0,0,0,0,0,0,0,0,0,0,0.0031496062992126,0,1,0,1,0,0,0,0,0,0,0,0,0,0,0,0,0,0,0.0245022970903522,1,1,0,0.998427672955975,0,0,0.014308426073132,0,0,0,0,0,0,0,0.0015600624024961,1,0,0,0,0,0,0.004739336492891,0,0,0.00156739811912226,0,0,1,0,0,0,1,0,0,0.00634920634920635,0,0,0,0.0175438596491228,1,0.0170278637770898,0,0,0,0,0,0,0,0,0,0,0,0,0,0,0,0,0,0,0,0,0,0,0,0.987281399046105,0,1,0.00312989045383412,0,0,0,1,0.00162337662337662,0.0015600624024961,0,0,0,0,0.987673343605547,0,0,0,0,0,0,0,0,0,0,0.016025641025641,1,0,0.0191693290734824,1,0,0.0169491525423729,0.00157728706624606,1,0,0,0,0,0,1,0.0156985871271586,0,0,0,0,0,0,0,0,0,0,0,0,0,0,0,0,0.00318471337579618,0,0.945141065830721,0,0,0,0,0,0,0,0,0,0,0,0,1,0,0.00956937799043062,0,0.944620253164557,0,0,0,0,1,0,0,0,0,0,0,0,0,0,0,1,0,0,0,0,0,0,1,0,0,0,0.00315457413249211,0,0,0,0,1,0,0,0,0,0,0,0,0,0,0,0,0,0,0,0,0,0,0,0,0,0,0,0,0,0,1,0,0,0,1,0,0.990476190476191,0,0,0,0.996820349761526,0.0111287758346582,0,0,0,0,0,0,0,0,1,0,0.00159489633173844,0,0,0,0,0,0.998427672955975,0,0,0,0,0,0.00635930047694754,0,0.013355592654424,0.99375,0,0,0,1,0,0.00156739811912226,0,0,0,1,1,0,0,1,0,0.988871224165342,1,1,0,1,0,0.00157728706624606,0.00770416024653313,0,1,1,0,0,0,0,0.998373983739837,0.0231124807395994,0,0,0,0,1,0,0,0.00158730158730159,0,1,0,0,0,0.00155763239875389,1,0,0,0,1,0,0,0,0,0,0,0,0,0,0,0,0,0.988871224165342,0,0,0,0,0.012779552715655,1,0,0.0032258064516129,0,0,0,0,0,0,0,0,0,1,0,0,0,0.00481540930979133,0,0,0,0,0,0,0,0,0,0.0171875,1,1,0,0,0,0,0,0,0,0,0.0202492211838006,1,0,0.015748031496063,0,0,1,0,0,0,0.00158730158730159,0,0,0,0,0,0.00316957210776545,0,0,0.0147540983606557,0.0266875981161695,0,0,0.992343032159265,0,0,0,0,0,0,0,0.773700305810398,0,1,0.00156985871271586,0,0,0,1,0,0,0,0,0,0,1,1,0,0,0,1,0,0,0.604430379746835,0,0,0.010989010989011,0,0,0,1,0,0,0,0.00611620795107034,0,0,0.992138364779874,0,0,1,0.00154320987654321,0,0,0,1,0.992063492063492,0,0,0,0,0.989045383411581,0.998357963875205,0,0,0,0,0,0,0,0,0.00638977635782748,0,0,0.9984375,0,1,0,0.163132137030995,0.00151745068285281,0,0,1,0,0,0,1,0,1,0,0,1,0.0157232704402516,0,0,0.00159235668789809,0,1,0,0,1,0,0,0,0,0,0,0.00475435816164818,0.00157977883096367,1,0,0.973643410852713,0.01875,0,0,0,0,0,0.926040061633282,0,0,0,0,0,0,0,1,1,0,1,0,0.998425196850394,0,0,0,0,0,0.998447204968944,0,0,0,0,0,0,0,0,0,0,0,0,0,0,1,0,0.0177133655394525,0,0.0327102803738318,0,0,0.00611620795107034,0,0,0,0,0,0,0,0,0,0,0.00314465408805031,0.987519500780031,0,0,1,0,1,0,1,0,0,0,0,0,0.00159489633173844,0,0.0226171243941842,1,1,0,0,0,1,1,0,0,0,1,0,1,0,0,0.03486529318542,0,1,0,0,0,0,0,0,0,0.898894154818325,0,1,0,0.993720565149137,0,0,0.397435897435897,1,1,0.00156494522691706,0,0.0108864696734059,0,0,0,0,0,1,0,0,1,0,0,0,0.958990536277603,0,0,0,0,0,0,0,0,0,1,0,0,0.996845425867508,1,0,1,0,0,0,0,0,0.00631911532385466,0.00477707006369427,0,0.949230769230769,0,0.908646003262643,0.977952755905512,1,0.177115987460815,0,0,0.0031201248049922,0,0.947867298578199,0.94392523364486,0,0.979462875197472,0.99344262295082,0.948275862068966,0.970496894409938,0.940993788819876,0,0.969936708860759,0,0,0.952305246422893,0,0.93140243902439,0,0.0571428571428571,0,0
"824",0.035426731078905,0.0299684542586751,0.0576323987538941,0.0745542949756888,0.0384615384615385,0.025974025974026,0.123417721518987,0.046031746031746,0.0283018867924528,0.163723916532905,0.0331230283911672,0.151757188498403,0.37245696400626,0.0305466237942122,0.787638668779715,0.802839116719243,0.159509202453988,0.156494522691706,0.0260162601626016,0.046875,0.70606531881804,0.777960526315789,0.040625,0.149842271293375,0.0752351097178683,0.604133545310016,0.726989079563182,0.0438311688311688,0.475,0.270866141732283,0.815047021943574,0.290015847860539,0.218500797448166,0.584375,0.145135566188198,0.0299212598425197,0.160686427457098,0.0338461538461538,0.636363636363636,0.0964230171073095,0.158576051779935,0.158139534883721,0.149136577708006,0.0353697749196141,0.226600985221675,0.80226904376013,0.422047244094488,0.811410459587956,0.476043276661515,0.716279069767442,0.1546875,0.0299684542586751,0.63015873015873,0.0253565768621236,0.128824476650564,0.701298701298701,0.161449752883031,0.0523809523809524,0.0641627543035994,0.113057324840764,0.572337042925278,0.500770416024653,0.80577849117175,0.152597402597403,0.108943089430894,0.159810126582278,0.159489633173844,0.0365079365079365,0.16380655226209,0.810985460420032,0.1375,0.803174603174603,0.78806907378336,0.0292758089368259,0.164817749603803,0.2671875,0.788819875776398,0.377535101404056,0.109149277688604,0.629324546952224,0.167741935483871,0.265210608424337,0.661538461538462,0.0232558139534884,0.73469387755102,0.111455108359133,0.0330708661417323,0.0543478260869565,0.0482866043613707,0.155384615384615,0.045016077170418,0.0300157977883096,0.1616,0.163232963549921,0.0532258064516129,0.156645569620253,0.61128526645768,0.0469255663430421,0.156923076923077,0.164274322169059,0.330696202531646,0.157320872274143,0.619651347068146,0.0224358974358974,0.751552795031056,0.025518341307815,0.154330708661417,0.0491283676703645,0.811501597444089,0.817322834645669,0.811819595645412,0.110062893081761,0.577106518282989,0.0361635220125786,0.15224358974359,0.043956043956044,0.275752773375594,0.163076923076923,0.805337519623234,0.636075949367089,0.160436137071651,0.21669341894061,0.632492113564669,0.758064516129032,0.0470957613814757,0.695583596214511,0.0342146189735614,0.028391167192429,0.163779527559055,0.388544891640867,0.0850722311396469,0.443910256410256,0.0372168284789644,0.164835164835165,0.0354838709677419,0.80184331797235,0.161137440758294,0.67483660130719,0.328571428571429,0.41747572815534,0.162118780096308,0.147487844408428,0.0473186119873817,0.225,0.685667752442997,0.0314465408805031,0.805379746835443,0.0863422291993721,0.506389776357827,0.046583850931677,0.716393442622951,0.0422535211267606,0.0291734197730956,0.155905511811024,0.0344827586206897,0.8096,0.0326594090202177,0.807692307692308,0.147798742138365,0.2464,0.145929339477727,0.043956043956044,0.803379416282642,0.160186625194401,0.0217391304347826,0.503215434083601,0.0308441558441558,0.0253164556962025,0.0251177394034537,0.573208722741433,0.0520504731861199,0.810126582278481,0.0712074303405573,0.811059907834101,0.124595469255663,0.525,0.161904761904762,0.0334928229665072,0.152037617554859,0.145800316957211,0.0362776025236593,0.736089030206677,0.0424528301886792,0.0744849445324881,0.0381679389312977,0.0464396284829721,0.739811912225705,0.548536209553159,0.0916530278232406,0.0674157303370786,0.777251184834123,0.806656101426308,0.0420032310177706,0.142410015649452,0.158950617283951,0.151273885350318,0.59170653907496,0.15251572327044,0.0298273155416013,0.628705148205928,0.139904610492846,0.211746522411128,0.0373250388802488,0.490506329113924,0.472353870458136,0.618210862619808,0.0990415335463259,0.0542264752791069,0.13312693498452,0.15814696485623,0.126365054602184,0.688311688311688,0.076555023923445,0.818910256410256,0.758461538461538,0.389324960753532,0.0425867507886435,0.0482866043613707,0.167456556082148,0.0250783699059561,0.106918238993711,0.176190476190476,0.753164556962025,0.301684532924962,0.0354838709677419,0.157566302652106,0.0385802469135802,0.0412844036697248,0.391849529780564,0.402190923317684,0.0333863275039746,0.0279146141215107,0.5488,0.156862745098039,0.12210200927357,0.425,0.0486223662884927,0.811708860759494,0.06,0.0300157977883096,0.0333333333333333,0.0567260940032415,0.407176287051482,0.813099041533546,0.0523809523809524,0.393416927899687,0.804878048780488,0.809891808346213,0.66131621187801,0.814465408805031,0.710097719869707,0.321316614420063,0.813880126182965,0.809968847352025,0.796529968454259,0.361963190184049,0.783521809369952,0.0465489566613162,0.145367412140575,0.805993690851735,0.163779527559055,0.654952076677316,0.0306946688206785,0.0431309904153355,0.109375,0.154559505409583,0.151712887438825,0.130232558139535,0.283676703645008,0.366197183098592,0.470125786163522,0.459807073954984,0.154929577464789,0.0269413629160063,0.745682888540031,0.302521008403361,0.0576923076923077,0.818897637795276,0.224683544303797,0.80824088748019,0.733438485804416,0.0308641975308642,0.0267111853088481,0.126009693053312,0.168195718654434,0.313880126182965,0.124600638977636,0.158555729984301,0.807395993836672,0.114599686028257,0.0377358490566038,0.165094339622642,0.814285714285714,0.808709175738725,0.0468497576736672,0.119935170178282,0.809983896940419,0.165329052969502,0.550793650793651,0.0368589743589744,0.210031347962382,0.528951486697966,0.291530944625407,0.0677165354330709,0.80188679245283,0.0327102803738318,0.0313479623824451,0.799058084772371,0.0543478260869565,0.0332278481012658,0.0506329113924051,0.0393081761006289,0.6734375,0.608628659476117,0.601587301587302,0.0416,0.0856219709208401,0.148902821316614,0.606060606060606,0.0526315789473684,0.694620253164557,0.581818181818182,0.029874213836478,0.0353130016051364,0.0626959247648903,0.278955954323002,0.03125,0.617977528089888,0.0561622464898596,0.0336538461538462,0.155802861685215,0.583596214511041,0.400958466453674,0.793322734499205,0.158805031446541,0.812206572769953,0.10989010989011,0.787925696594427,0.80188679245283,0.16358024691358,0.6288,0.0396196513470681,0.755980861244019,0.0361247947454844,0.0570522979397781,0.0346456692913386,0.588330632090762,0.611475409836066,0.286846275752773,0.467980295566502,0.166926677067083,0.1776,0.801232665639445,0.778649921507064,0.682098765432099,0.0321543408360129,0.805379746835443,0.168769716088328,0.583067092651757,0.8125,0.79585326953748,0.461049284578696,0.032,0.628019323671498,0.0264900662251656,0.0487421383647799,0.1609375,0.0363636363636364,0.811819595645412,0.0264797507788162,0.16403785488959,0.0308943089430894,0.806603773584906,0.0434108527131783,0.803149606299213,0.113564668769716,0.296774193548387,0.0680061823802164,0.0394944707740916,0.0265625,0.606635071090047,0.0588235294117647,0.0251177394034537,0.813953488372093,0.793798449612403,0.0269413629160063,0.0265210608424337,0.589171974522293,0.110062893081761,0.0585365853658537,0.0553846153846154,0.0282131661442006,0.162939297124601,0.733333333333333,0.0221870047543582,0.809375,0.1568,0.0511182108626198,0.160194174757282,0.774038461538462,0.0293663060278207,0.0523809523809524,0.161084529505582,0.332268370607029,0.488817891373802,0.0448717948717949,0.809135399673736,0.146031746031746,0.0357723577235772,0.543269230769231,0.35,0.211878009630819,0.155448717948718,0.703821656050955,0.0479233226837061,0.0317460317460317,0.466458658346334,0.0277777777777778,0.0436241610738255,0.778662420382166,0.166405023547881,0.0395569620253165,0.0349761526232114,0.0686900958466454,0.270353302611367,0.808846761453397,0.148867313915858,0.647244094488189,0.686666666666667,0.152307692307692,0.33868378812199,0.33652312599681,0.3640625,0.163265306122449,0.609271523178808,0.0956937799043062,0.316279069767442,0.426771653543307,0.763975155279503,0.17192429022082,0.172360248447205,0.0303030303030303,0.0414746543778802,0.156832298136646,0.0922098569157393,0.154093097913323,0.145736434108527,0.162520729684909,0.0287081339712919,0.155905511811024,0.0329489291598023,0.202786377708978,0.416923076923077,0.0276923076923077,0.154093097913323,0.161392405063291,0.0352,0.0594512195121951,0.258566978193146,0.818040435458787,0.154340836012862,0.125786163522013,0.346875,0.0268562401263823,0.396578538102644,0.5625,0.151033386327504,0.0429252782193959,0.797124600638978,0.058252427184466,0.746006389776358,0.170807453416149,0.807987711213518,0.723472668810289,0.433835845896147,0.0388802488335925,0.149068322981366,0.0737327188940092,0.050314465408805,0.0234741784037559,0.160125588697017,0.753205128205128,0.0775577557755776,0.824212271973466,0.0251572327044025,0.0294573643410853,0.807936507936508,0.0297339593114241,0.614533965244866,0.184251968503937,0.798092209856916,0.708943089430894,0.0565149136577708,0.146496815286624,0.817896389324961,0.0495356037151703,0.811382113821138,0.32741935483871,0.55993690851735,0.143974960876369,0.7515625,0.243941841680129,0.631578947368421,0.0500782472613459,0.829383886255924,0.714285714285714,0.462171052631579,0.081039755351682,0.125,0.0561797752808989,0.229032258064516,0.1552,0.0453125,0.810264385692068,0.0488188976377953,0.522653721682848,0.817901234567901,0.0296411856474259,0.026984126984127,0.0316957210776545,0.322274881516588,0.0376766091051805,0.73449920508744,0.693650793650794,0.073015873015873,0.131537242472266,0.170807453416149,0.154340836012862,0.0420032310177706,0.0840064620355412,0.803827751196172,0.0429252782193959,0.028436018957346,0.536891679748823,0.0838709677419355,0.232,0.123244929797192,0.165137614678899,0.0598425196850394,0.575709779179811,0.0318471337579618,0.0333863275039746,0.166149068322981,0.313291139240506,0.0476973684210526,0.799682034976153,0.283630470016207,0.532283464566929,0.186466165413534,0.2859450726979,0.0588235294117647,0.753105590062112,0.0434782608695652,0.0285714285714286,0.0490506329113924,0.59771986970684,0.765354330708661,0.03125,0.0277777777777778,0.163297045101089,0.204968944099379,0.452830188679245,0.629213483146067,0.22397476340694,0.0297339593114241,0.12755905511811,0.0267716535433071,0.22884012539185,0.798668885191348,0.169303797468354,0.17879746835443,0.80064829821718,0.82398753894081,0.623622047244095,0.160377358490566,0.0362204724409449,0.0858034321372855,0.0252764612954186,0.0317965023847377,0.735668789808917,0.80952380952381,0.164133738601824,0.147058823529412,0.698541329011345,0.765273311897106,0.699367088607595,0.1609375,0.814873417721519,0.0288,0.6859375,0.606060606060606,0.0274193548387097,0.359300476947536,0.05229793977813,0.320754716981132,0.351766513056836,0.161993769470405,0.0320121951219512,0.527910685805423,0.443561208267091,0.0924499229583975,0.0396946564885496,0.5265625,0.165354330708661,0.0692913385826772,0.0662557781201849,0.161137440758294,0.0531107738998483,0.789308176100629,0.0394736842105263,0.48489666136725,0.158478605388273,0.16403785488959,0.433497536945813,0.161904761904762,0.815748031496063,0.72258064516129,0.167456556082148,0.161500815660685,0.256880733944954,0.7984,0.0303030303030303,0.582689335394127,0.0336906584992343,0.805598755832037,0.514820592823713,0.578099838969404,0.149593495934959,0.746341463414634,0.81042654028436,0.155309033280507,0.784469096671949,0.158385093167702,0.0326086956521739,0.90655737704918,0.0409711684370258,0.817170111287758,0.0306451612903226,0.151799687010955,0.419753086419753,0.472,0.0296411856474259,0.16504854368932,0.0297805642633229,0.16031746031746,0.532154340836013,0.0391236306729265,0.172897196261682,0.303317535545024,0.0484652665589661,0.23186119873817,0.067524115755627,0.791862284820031,0.166666666666667,0.023961661341853,0.617834394904459,0.171296296296296,0.294303797468354,0.810477657935285,0.800933125972006,0.0271132376395534,0.0321027287319422,0.0324574961360124,0.0410094637223975,0.0402576489533011,0.161084529505582,0.0455259026687598,0.154574132492114,0.563271604938272,0.611023622047244,0.0345911949685535,0.0362776025236593,0.0375586854460094,0.0373831775700935,0.18125,0.799368088467615,0.0391517128874388,0.061128526645768,0.256609642301711,0.0479134466769706,0.029320987654321,0.0536277602523659,0.15527950310559,0.154446177847114,0.0414110429447853,0.143076923076923,0.766718506998445,0.165869218500797,0.0600315955766193,0.621533442088091,0.657467532467532,0.740279937791602,0.0899053627760252,0.151799687010955,0.752336448598131,0.0304487179487179,0.0295031055900621,0.333860759493671,0.506060606060606,0.655786350148368,0.692546583850932,0.319672131147541,0.810477657935285,0.733017377567141,0.39622641509434,0.604395604395604,0.260802469135802,0.790297339593114,0.166666666666667,0.811290322580645,0.590322580645161,0.0307443365695793,0.317535545023697,0.659574468085106,0.3424,0.140845070422535,0.032967032967033,0.0588235294117647,0.0445859872611465,0.0275526742301459,0.028436018957346,0.389240506329114,0.515007898894155,0.0344287949921753,0.807518796992481,0.814241486068111,0.143533123028391,0.158555729984301,0.0294573643410853,0.0485133020344288,0.149206349206349,0.743548387096774,0.162939297124601,0.0766773162939297,0.153473344103393,0.0549450549450549,0.0299684542586751,0.804281345565749,0.165354330708661,0.0265210608424337,0.319354838709677,0.35968992248062,0.13237639553429,0.167711598746081,0.161137440758294,0.0935960591133005,0.0692771084337349,0.0404354587869362,0.160550458715596,0.155038759689922,0.806763285024155,0.617647058823529,0.428571428571429,0.156494522691706,0.467304625199362,0.158805031446541,0.0940988835725678,0.0302066772655008,0.727714748784441,0.636222910216718,0.156105100463679,0.564308681672026,0.349056603773585,0.134281200631912,0.0570107858243451,0.224842767295597,0.812199036918138,0.0372168284789644,0.213375796178344,0.0286624203821656,0.158319870759289,0.0375586854460094,0.154818325434439,0.0289855072463768,0.798092209856916,0.894822006472492,0.145962732919255,0.160130718954248,0.172741679873217,0.0780254777070064,0.07981220657277,0.269645608628659,0.801232665639445,0.809294871794872,0.161648177496038,0.158950617283951,0.165316045380875,0.80127186009539,0.0544,0.165634674922601,0.0368589743589744,0.0618238021638331,0.752365930599369,0.150621118012422,0.807874015748032,0.0277777777777778,0.467094703049759,0.753968253968254,0.742200328407225,0.735524256651017,0.269480519480519,0.750392464678179,0.0302066772655008,0.160436137071651,0.221169036334913,0.0436817472698908,0.157392686804452,0.158982511923688,0.822289156626506,0.158982511923688,0.819047619047619,0.0284810126582278,0.256410256410256,0.819334389857369,0.807631160572337,0.40032414910859,0.0574162679425837,0.494607087827427,0.114854517611026,0.827079934747145,0.226016260162602,0.166405023547881,0.177115987460815,1,0.808411214953271,0.803174603174603,0.804651162790698,0.803738317757009,0.168284789644013,0.140845070422535,0.809302325581395,0.157392686804452,0.180921052631579,0.1921875,0.154446177847114,0.148205928237129,0.823717948717949,0.172955974842767,0.818035426731079,0.804416403785489,0.146067415730337,0.821543408360129,0.200617283950617,0.82018927444795,0.774091627172196,0.815100154083205,0.808917197452229
"825",0.00928792569659443,0.00455235204855842,0.0358744394618834,0.0677165354330709,0.0234009360374415,0.00632911392405063,0.110077519379845,0.0351145038167939,0.0045045045045045,0,0.00303951367781155,0,0.433734939759036,0.0015527950310559,0.957703927492447,0.987711213517665,0,0.00154559505409583,0.00617283950617284,0.0227617602427921,0.832307692307692,0.960380348652932,0.0164424514200299,0,0.0457317073170732,0.735159817351598,0.882896764252696,0.0190174326465927,0.544227886056971,0.308845577211394,0.995502248875562,0.302891933028919,0.230293663060278,0.705438066465257,0,0.00459418070444104,0.00453857791225416,0.0075642965204236,0.729289940828402,0.099554234769688,0,0,0,0.00618238021638331,0.225505443234837,0.973643410852713,0.467391304347826,0.995398773006135,0.522693997071742,0.867060561299852,0,0.00920245398773006,0.7217125382263,0.00613496932515337,0.11937984496124,0.825,0,0.0279503105590062,0.0440060698027314,0.109939759036145,0.702290076335878,0.577211394302849,0.993798449612403,0,0.104037267080745,0.176119402985075,0,0.0168453292496172,0,0.993846153846154,0.144360902255639,0.989473684210526,0.976744186046512,0.00597907324364723,0,0.292792792792793,0.948717948717949,0.43531202435312,0.110260336906585,0.72508038585209,0,0.287856071964018,0.789156626506024,0.00746268656716418,0.890577507598784,0.0945945945945946,0.0105105105105105,0.0377643504531722,0.0349544072948328,0,0.0212443095599393,0.00453172205438067,0,0,0.031201248049922,0,0.673716012084592,0.0164670658682635,0,0,0.363914373088685,0,0.708588957055215,0.00614439324116743,0.888558692421991,0.00618238021638331,0,0.0273141122913505,0.995290423861852,0.986322188449848,0.986404833836858,0.0917573872472784,0.648318042813456,0.0121951219512195,0,0.0225225225225225,0.285714285714286,0,0.995454545454545,0.755795981452859,0,0.227480916030534,0.746200607902736,0.915227629513344,0.0287009063444109,0.848484848484849,0.00750750750750751,0.00911854103343465,0,0.435703479576399,0.0718654434250764,0.517774343122102,0.015600624024961,0,0.0062992125984252,0.974512743628186,0,0.777265745007681,0.359013867488444,0.472783825816485,0,0,0.0256410256410256,0.242378048780488,0.829493087557604,0.00458715596330275,0.987841945288754,0.0805471124620061,0.576744186046512,0.0267459138187221,0.8515625,0.0212121212121212,0.00313479623824451,0.158371040723982,0.0106544901065449,0.993759750390016,0.00152439024390244,0.993930197268589,0,0.257274119448698,0.144578313253012,0.0184049079754601,0.976011994002999,0,0.00595238095238095,0.543443917851501,0.00317460317460317,0.00302114803625378,0.00603318250377074,0.700751879699248,0.0288315629742033,0.99390243902439,0.0538116591928251,0.994117647058824,0.116490166414523,0.615037593984962,0,0.0151285930408472,0,0.148710166919575,0.00612557427258806,0.869631901840491,0.0225563909774436,0.0476190476190476,0.0118343195266272,0.0327868852459016,0.895454545454546,0.603915662650602,0.0815047021943574,0.0654205607476635,0.938066465256798,0.990977443609023,0.0233644859813084,0.135464231354642,0,0,0.689969604863222,0,0.00298953662182362,0.732628398791541,0.124804992199688,0.239819004524887,0.0180722891566265,0.571865443425077,0.568862275449102,0.692660550458716,0.0797546012269939,0.0368098159509202,0.134238310708899,0,0.116490166414523,0.810126582278481,0.0640625,0.99388379204893,0.931137724550898,0.45635528330781,0.0257966616084977,0.0254110612855007,0.174962292609351,0.00454545454545455,0.102446483180428,0,0.927051671732523,0.344776119402985,0.010752688172043,0,0.0106544901065449,0.0221238938053097,0.441754916792738,0.43161094224924,0.00916030534351145,0.00615384615384615,0.61280487804878,0,0.113737075332349,0.472952086553323,0.0392464678178964,0.995454545454545,0.0451127819548872,0.00769230769230769,0.00605143721633888,0.0537634408602151,0.461538461538462,0.993788819875776,0.037821482602118,0.447604790419162,0.991111111111111,0.994152046783626,0.795698924731183,0.993846153846154,0.842679127725857,0.32,0.99388379204893,0.989505247376312,0.98937784522003,0.416167664670659,0.957413249211357,0.0185471406491499,0,0.995454545454545,0,0.762269938650307,0.00464396284829721,0.0228658536585366,0.0909090909090909,0,0.141304347826087,0.144560357675112,0.312781954887218,0.392481203007519,0.531490015360983,0.544207317073171,0,0.00465116279069767,0.900452488687783,0.300314465408805,0.0471841704718417,0.987767584097859,0.254573170731707,0.992307692307692,0.878923766816143,0.00294550810014728,0.00314465408805031,0.109567901234568,0,0.365671641791045,0.116030534351145,0,0.993957703927492,0.105341246290801,0.0260336906584992,0,0.998484848484849,0.992469879518072,0.0233644859813084,0.124615384615385,0.99375,0,0.598200899550225,0.0121765601217656,0.218236173393124,0.592760180995475,0.333843797856049,0.0422960725075529,0.99079754601227,0.00451127819548872,0.00609756097560976,0.990783410138249,0.0377073906485671,0.00611620795107034,0.0265210608424337,0.00911854103343465,0.806990881458967,0.680659670164918,0.702290076335878,0.0297805642633229,0.062111801242236,0.00149700598802395,0.724191063174114,0.0332829046898638,0.842424242424242,0.689248895434462,0.0091324200913242,0.00458015267175573,0.0347432024169184,0.312597200622084,0.00753012048192771,0.749608763693271,0.0438729198184569,0.0046875,0,0.66566265060241,0.436055469953775,0.978428351309707,0.00150375939849624,0.98644578313253,0.0974512743628186,0.969788519637462,0.996983408748115,0,0.762481089258699,0.012326656394453,0.924471299093656,0.021875,0.0378787878787879,0.0182648401826484,0.702619414483821,0.704225352112676,0.335365853658537,0.520634920634921,0,0.180428134556575,0.983679525222552,0.959028831562974,0.79607250755287,0.00458015267175573,0.996927803379416,0,0.662613981762918,0.986486486486487,0.973684210526316,0.525502318392581,0.00153609831029186,0.708978328173375,0.00632911392405063,0.0369230769230769,0,0.0131578947368421,0.994011976047904,0.00590841949778434,0.177978883861237,0.0031496062992126,0.987860394537178,0.0222882615156018,0.995461422087746,0.117293233082707,0.286370597243492,0.0557228915662651,0.0180722891566265,0.00454545454545455,0.696646341463415,0.0430769230769231,0.00597014925373134,0.995568685376662,0.972768532526475,0.0031104199066874,0.0045662100456621,0.656108597285068,0.118440779610195,0.0348101265822785,0.0509745127436282,0.00451807228915663,0,0.877934272300469,0.00452488687782805,0.993779160186625,0,0.0432766615146832,0,0.948328267477204,0.00594353640416048,0.0414746543778802,0,0.357251908396947,0.565284178187404,0.0217391304347826,0.995297805642633,0.13089802130898,0.00927357032457496,0.635093167701863,0.401515151515151,0.214175654853621,0,0.832831325301205,0.0325581395348837,0.00305810397553517,0.534954407294833,0.00457317073170732,0.0323101777059774,0.968325791855204,0,0.0195488721804511,0.00762195121951219,0.0535168195718654,0.31981981981982,0.987616099071207,0.144615384615385,0.754573170731707,0.814634146341463,0,0.384853168469861,0.386259541984733,0.393617021276596,0,0.693396226415094,0.0977099236641221,0.363774733637747,0.472560975609756,0.919236417033774,0,0,0.00290697674418605,0.026865671641791,0,0.0885496183206107,0,0,0,0.00763358778625954,0,0.00470957613814757,0.23609022556391,0.457227138643068,0.00451127819548872,0,0,0.00909090909090909,0.0398818316100443,0.27710843373494,0.993957703927492,0,0.117210682492582,0.408748114630468,0.00304878048780488,0.456845238095238,0.633846153846154,0,0.0225903614457831,0.996875,0.0540958268933539,0.901716068642746,0,0.991137370753324,0.889060092449923,0.521739130434783,0.0335365853658537,0,0.0544918998527246,0.0242792109256449,0.00610687022900763,0,0.922480620155039,0.0755627009646302,0.990369181380417,0.00299850074962519,0.00444444444444444,0.992537313432836,0.00455235204855842,0.690076335877863,0.20211161387632,0.986404833836858,0.828885400313972,0.0441400304414003,0,0.995481927710843,0.0318181818181818,0.9890625,0.341653666146646,0.583975346687211,0,0.877828054298643,0.258215962441315,0.7298937784522,0.0276497695852535,0.99388379204893,0.844984802431611,0.557299843014129,0.0597014925373134,0.125184094256259,0.0401234567901235,0.258914728682171,0,0.0238450074515648,0.99406528189911,0.0351681957186544,0.606864274570983,0.994029850746269,0.00303030303030303,0.0061633281972265,0.00617283950617284,0.348623853211009,0.0225563909774436,0.862654320987654,0.803076923076923,0.0503048780487805,0.120060790273556,0,0,0.0125588697017268,0.0625978090766823,0.98,0.0168195718654434,0.0120845921450151,0.632930513595166,0.0832049306625578,0.26625386996904,0.11177347242921,0,0.0336906584992343,0.649390243902439,0.00455235204855842,0.00453172205438067,0,0.367692307692308,0.0339506172839506,0.998493975903614,0.313271604938272,0.599085365853659,0.205240174672489,0.309597523219814,0.0457227138643068,0.913946587537092,0.021671826625387,0.00614439324116743,0.0256410256410256,0.691107644305772,0.877862595419847,0.0134932533733133,0.00446428571428571,0,0.230075187969925,0.54559043348281,0.73030303030303,0.232277526395173,0.00458715596330275,0.127853881278539,0.00301659125188537,0.0936555891238671,0.993710691823899,0,0.182926829268293,1,0.998463901689708,0.713414634146341,0,0.015220700152207,0.0869565217391304,0.00151285930408472,0.011887072808321,0.908256880733945,0.995341614906832,0,0,0.813271604938272,0.919083969465649,0.839506172839506,0,0.995440729483283,0.00603318250377074,0.413793103448276,0.700310559006211,0.00469483568075117,0.387692307692308,0.0278207109737249,0.335843373493976,0.355855855855856,0,0.0043859649122807,0.607963246554365,0.512232415902141,0.0823529411764706,0.018018018018018,0.593939393939394,0,0.0523882896764253,0.0491071428571429,0,0.0333817126269956,0.978787878787879,0.0207006369426752,0.571646341463415,0,0,0.495297805642633,0.169184290030211,0.995447647951442,0.855572998430141,0,0,0.24597364568082,0.974045801526718,0.00475435816164818,0.666666666666667,0.0119940029985007,0.995508982035928,0.616892911010558,0.665634674922601,0.138147566718995,0.903633491311216,0.989505247376312,0,0.955725190839695,0,0.0104477611940299,0.798107255520505,0.0281065088757396,0.990783410138249,0.00625,0,0.462686567164179,0.550989345509893,0.00598802395209581,0,0.00753012048192771,0,0.589341692789969,0.0162962962962963,0,0.324850299401198,0.0186625194401244,0.245022970903522,0.0557275541795666,0.957831325301205,0,0.00453172205438067,0.717628705148206,0,0.306184012066365,0.994152046783626,0.974926253687316,0.00614439324116743,0.00459418070444104,0.0147058823529412,0.0292307692307692,0.0246913580246914,0,0.0273972602739726,0,0.631818181818182,0.69683257918552,0.0105105105105105,0.013677811550152,0.0105263157894737,0.0104633781763827,0.0291858678955453,0.976851851851852,0.0190174326465927,0.0451127819548872,0.28166915052161,0.024132730015083,0.00302571860816944,0.0367534456355283,0,0,0.0205580029368576,0,0.929429429429429,0.00152439024390244,0.0501519756838906,0.702660406885759,0.787066246056782,0.875,0.0709876543209877,0.00149925037481259,0.891566265060241,0.00614439324116743,0.00591715976331361,0.364741641337386,0.584302325581395,0.79100145137881,0.811011904761905,0.347560975609756,0.993966817496229,0.876691729323308,0.457446808510638,0.728395061728395,0.29803328290469,0.985074626865672,0,0.995405819295559,0.65987460815047,0.0031104199066874,0.35618479880775,0.767751479289941,0.382753403933434,0.137518684603886,0.0133928571428571,0.042654028436019,0.0263975155279503,0.00630914826498423,0.00758725341426404,0.438948995363215,0.561456752655539,0.00609756097560976,0.991084695393759,0.989690721649485,0.135338345864662,0,0.00595238095238095,0.0319634703196347,0,0.885448916408669,0,0.0525502318392581,0,0.0257186081694402,0.0060882800608828,0.991017964071856,0.169491525423729,0.00299850074962519,0.345038167938931,0.368181818181818,0.119266055045872,0,0,0.072,0.0663716814159292,0.0180722891566265,0,0,0.995341614906832,0.75712143928036,0.504601226993865,0,0.54066265060241,0,0.0760869565217391,0.00613496932515337,0.805555555555556,0.763197586726998,0,0.644817073170732,0.401799100449775,0.132824427480916,0.0432190760059613,0.233433734939759,0.99537750385208,0.0155763239875389,0.0791476407914764,0.0046656298600311,0,0.0238095238095238,0,0.0031055900621118,0.977029096477795,0.612903225806452,0,0,0.177541729893778,0.0719874804381847,0.062874251497006,0.287856071964018,0.972140762463343,0.987711213517665,0.175038051750381,0.154302670623145,0,0.975346687211094,0.0303951367781155,0,0.0187207488299532,0.052790346907994,0.92824427480916,0,0.990783410138249,0.00451807228915663,0.518633540372671,0.917933130699088,0.897476340694006,0.882621951219512,0.305993690851735,0.903417533432392,0.00613496932515337,0,0.238167938931298,0.0236336779911374,0,0,0.995594713656388,0,0.99390243902439,0.00304878048780488,0.272870662460568,0.9953125,0.993855606758833,0.446676970633694,0.0476190476190476,0.580838323353293,0,0.996884735202492,0.04858934169279,0.00747384155455904,0,0.808411214953271,1,1,0.989489489489489,1,0,0,0.978819969742814,0.00615384615384615,0.00307692307692308,0.0288753799392097,0.00600600600600601,0,0.991004497751124,0.0121396054628225,0.996865203761755,0.995412844036697,0,0.987951807228916,0.0459940652818991,0.995433789954338,0.898050974512744,0.992603550295858,0.995447647951442
"826",0.00470219435736677,0.0015748031496063,0.0265210608424337,0.0586319218241042,0.0177133655394525,0.00162074554294976,0.0921875,0.0272435897435897,0,0,0,0,0.432646592709984,0.00158982511923688,0.963949843260188,0.990445859872611,0,0.00157232704402516,0,0.0110935023771791,0.836220472440945,0.964227642276423,0.0125391849529781,0,0.043956043956044,0.758730158730159,0.886075949367089,0.00809061488673139,0.547839506172839,0.292527821939587,0.998420221169036,0.308186195826645,0.228571428571429,0.711568938193344,0,0.0016,0.0062111801242236,0.00771604938271605,0.744257274119449,0.107476635514019,0,0,0,0.00162074554294976,0.217675941080196,0.975806451612903,0.484848484848485,0.998394863563403,0.519817073170732,0.878274268104777,0,0.00638977635782748,0.725677830940989,0.00158478605388273,0.101286173633441,0.8288,0,0.0256,0.0361067503924647,0.0998415213946117,0.703174603174603,0.576138147566719,0.998402555910543,0,0.103109656301146,0.1828125,0,0.00947867298578199,0,0.998407643312102,0.142635658914729,0.996840442338073,0.979430379746835,0.0015600624024961,0,0.28816199376947,0.952904238618524,0.424290220820189,0.10327868852459,0.732441471571906,0,0.289968652037618,0.785714285714286,0.00311526479750779,0.897637795275591,0.0919003115264797,0.0046583850931677,0.0296411856474259,0.0250783699059561,0,0.0112540192926045,0.00158227848101266,0,0,0.016260162601626,0,0.683307332293292,0.0190174326465927,0,0,0.378125,0,0.7168,0.00161550888529887,0.896604938271605,0.00163934426229508,0,0.0206677265500795,0.998381877022654,0.990476190476191,0.9921875,0.0738362760834671,0.673501577287066,0.00963081861958266,0,0.0173228346456693,0.297637795275591,0,0.998435054773083,0.7648,0,0.228295819935691,0.753918495297806,0.917741935483871,0.0269413629160063,0.851735015772871,0.00153139356814701,0.0062402496099844,0,0.453543307086614,0.062992125984252,0.509615384615385,0.00972447325769854,0,0.00322061191626409,0.978227060653188,0,0.791732909379968,0.368421052631579,0.469055374592834,0,0,0.0203125,0.239747634069401,0.826580226904376,0.00160513643659711,0.995222929936306,0.0734375,0.573268921095008,0.01875,0.856913183279743,0.0141509433962264,0,0.163009404388715,0.00474683544303797,0.998387096774194,0.00156985871271586,0.998402555910543,0,0.266025641025641,0.122137404580153,0.0221518987341772,0.98,0,0.0015600624024961,0.556818181818182,0,0.0015625,0.0015625,0.713395638629283,0.0219092331768388,0.996850393700787,0.0462962962962963,0.998456790123457,0.098705501618123,0.637223974763407,0,0.0186335403726708,0,0.15748031496063,0.0016025641025641,0.887301587301587,0.0141732283464567,0.0560747663551402,0.0091324200913242,0.0268562401263823,0.897151898734177,0.621538461538461,0.072463768115942,0.0552845528455285,0.94794952681388,0.995356037151703,0.0209003215434084,0.115264797507788,0,0,0.703403565640194,0,0,0.735614307931571,0.105008077544426,0.248826291079812,0.00928792569659443,0.56687898089172,0.572107765451664,0.698872785829308,0.078525641025641,0.0272435897435897,0.12210200927357,0,0.130708661417323,0.819805194805195,0.0555555555555556,0.998389694041868,0.93613707165109,0.464342313787639,0.0286624203821656,0.0170278637770898,0.170382165605096,0.00162074554294976,0.106918238993711,0,0.930708661417323,0.343122102009274,0.00483091787439614,0,0.0093603744149766,0.021505376344086,0.4528,0.449139280125196,0.0111464968152866,0.00162866449511401,0.614649681528662,0,0.0973724884080371,0.478605388272583,0.0296540362438221,0.998397435897436,0.0423197492163009,0.00317965023847377,0.00157728706624606,0.0482315112540193,0.459247648902821,0.996774193548387,0.0302066772655008,0.446345256609642,0.996923076923077,0.996927803379416,0.792880258899676,0.9984,0.845161290322581,0.330275229357798,0.998425196850394,0.996870109546166,0.990536277602524,0.417054263565891,0.959742351046699,0.0189873417721519,0,0.998417721518987,0,0.763955342902711,0.00161812297734628,0.0251968503937008,0.10641627543036,0,0.12199036918138,0.156645569620253,0.310618066561014,0.398073836276083,0.538461538461538,0.553054662379421,0,0.00161290322580645,0.901743264659271,0.299835255354201,0.0396196513470681,0.9859375,0.247226624405705,0.996870109546166,0.8798751950078,0.00153846153846154,0.00161550888529887,0.0906148867313916,0,0.365054602184087,0.0964630225080386,0,0.9984375,0.0885093167701863,0.0172684458398744,0,1,0.998439937597504,0.0179153094462541,0.121753246753247,0.99837925445705,0,0.602184087363494,0.00791139240506329,0.204334365325077,0.609448818897638,0.33868378812199,0.0387596899224806,0.989147286821705,0.0015527950310559,0.00156494522691706,0.991896272285251,0.0345911949685535,0.00161550888529887,0.0293159609120521,0.00314465408805031,0.813880126182965,0.673015873015873,0.711356466876972,0.0238473767885533,0.0532258064516129,0.00155763239875389,0.738437001594896,0.0236593059936909,0.856025039123631,0.69478527607362,0.00473186119873817,0.00479233226837061,0.031496062992126,0.302287581699346,0.0046875,0.751203852327448,0.0347003154574132,0.00323101777059774,0,0.66403785488959,0.434294871794872,0.979397781299525,0.0015625,0.990811638591118,0.0887480190174326,0.968798751950078,1,0,0.768867924528302,0.00956937799043062,0.929356357927786,0.0148514851485149,0.0272,0.0144,0.7184,0.714983713355049,0.325949367088608,0.53921568627451,0,0.182250396196513,0.984496124031008,0.9629057187017,0.80952380952381,0.00161030595813205,0.996840442338073,0,0.663551401869159,0.987441130298273,0.974522292993631,0.526315789473684,0,0.712460063897764,0.0016366612111293,0.0388349514563107,0,0.00754147812971342,0.998447204968944,0.00307692307692308,0.180533751962323,0.00164203612479475,0.990291262135922,0.027906976744186,1,0.130573248407643,0.294117647058824,0.0573643410852713,0.0158227848101266,0.0015748031496063,0.710031347962382,0.0334394904458599,0.0015552099533437,0.998475609756098,0.977635782747604,0.00157728706624606,0.00158227848101266,0.673566878980892,0.126582278481013,0.034257748776509,0.0496124031007752,0.00154798761609907,0,0.875,0.0015600624024961,0.996810207336523,0,0.0321027287319422,0,0.9536,0.00154083204930663,0.0348101265822785,0,0.359177215189873,0.584126984126984,0.0144927536231884,0.998371335504886,0.127009646302251,0.00328407224958949,0.639423076923077,0.395638629283489,0.211783439490446,0,0.830963665086888,0.0258064516129032,0.00157728706624606,0.559561128526646,0,0.0302521008403361,0.972972972972973,0,0.0108864696734059,0.00791139240506329,0.0474683544303797,0.314241486068111,0.995260663507109,0.127760252365931,0.766929133858268,0.804713804713805,0,0.38961038961039,0.401587301587302,0.39652448657188,0,0.713114754098361,0.0842607313195548,0.369969040247678,0.481481481481481,0.922374429223744,0,0,0,0.0279503105590062,0,0.0726698262243286,0,0,0,0.00317965023847377,0,0.00160771704180064,0.228706624605678,0.470404984423676,0,0,0,0.0063391442155309,0.0294573643410853,0.275,0.998425196850394,0,0.100156494522692,0.40405616224649,0.00156985871271586,0.478806907378336,0.650641025641026,0,0.0170542635658915,1,0.0482315112540193,0.901453957996769,0,0.992260061919505,0.897271268057785,0.513201320132013,0.0204081632653061,0,0.046875,0.0252764612954186,0.0015527950310559,0,0.924315619967794,0.0732538330494037,0.99347471451876,0,0.00155038759689922,0.992063492063492,0.00157232704402516,0.700787401574803,0.174050632911392,0.987158908507223,0.816425120772947,0.0425867507886435,0,0.998405103668262,0.0263975155279503,0.991721854304636,0.336633663366337,0.610845295055821,0,0.888024883359253,0.252045826513912,0.737909516380655,0.0219435736677116,0.998405103668262,0.852255054432348,0.548123980424144,0.0525502318392581,0.113207547169811,0.0362204724409449,0.256038647342995,0,0.0170542635658915,0.998442367601246,0.0368,0.6,0.998449612403101,0,0.00157232704402516,0.0016,0.364069952305246,0.0159489633173844,0.866352201257862,0.809148264984227,0.0491283676703645,0.0992125984251968,0,0,0.00481540930979133,0.0700325732899023,0.988835725677831,0.0175438596491228,0.00793650793650794,0.637931034482759,0.0684039087947883,0.270015698587127,0.0956112852664577,0,0.0273311897106109,0.645468998410175,0.00158730158730159,0.00156494522691706,0,0.372990353697749,0.0300157977883096,0.998427672955975,0.305111821086262,0.607874015748031,0.202177293934681,0.325878594249201,0.047040971168437,0.918960244648318,0.0111464968152866,0.00158227848101266,0.021875,0.681063122923588,0.870662460567823,0.00941915227629513,0,0,0.222910216718266,0.552590266875981,0.735202492211838,0.235849056603774,0.00157977883096367,0.1216,0,0.108695652173913,0.998363338788871,0,0.177672955974843,0.998410174880763,1,0.717665615141956,0,0.00947867298578199,0.0924499229583975,0.00157232704402516,0.0062992125984252,0.917197452229299,0.998384491114701,0,0,0.8256,0.917874396135266,0.841346153846154,0,0.998420221169036,0.00157728706624606,0.417818740399386,0.704180064308682,0,0.404024767801858,0.0288461538461538,0.346333853354134,0.352484472049689,0,0,0.617263843648209,0.501607717041801,0.0667701863354037,0.0093603744149766,0.592063492063492,0,0.0504731861198738,0.0442748091603053,0,0.0262345679012346,0.982343499197432,0.012924071082391,0.572998430141287,0,0,0.481054365733114,0.1584,0.998432601880878,0.860162601626016,0,0,0.251524390243902,0.970967741935484,0.00163132137030995,0.678125,0.00617283950617284,0.998439937597504,0.625978090766823,0.6677471636953,0.12741935483871,0.897893030794165,0.993670886075949,0,0.954983922829582,0,0.00769230769230769,0.792822185970636,0.0214395099540582,0.993759750390016,0.0016025641025641,0,0.483771251931994,0.55608214849921,0.00160513643659711,0,0.00313479623824451,0,0.597423510466989,0.013953488372093,0,0.329153605015674,0.0208333333333333,0.259259259259259,0.0482315112540193,0.957878315132605,0,0.00159489633173844,0.7223113964687,0,0.308777429467085,0.998482549317147,0.986068111455108,0.00162337662337662,0.00161030595813205,0.00770416024653313,0.0207006369426752,0.0130081300813008,0,0.0255591054313099,0,0.628304821150855,0.704866562009419,0.0078740157480315,0.0111111111111111,0.0093167701863354,0.00923076923076923,0.0252365930599369,0.983948635634029,0.0116472545757072,0.0377358490566038,0.281931464174455,0.0189873417721519,0,0.0265625,0,0,0.0212765957446809,0,0.932389937106918,0.00159235668789809,0.0501567398119122,0.710097719869707,0.79549114331723,0.886115444617785,0.0738362760834671,0.00159744408945687,0.897435897435897,0.00158478605388273,0.00156494522691706,0.35828025477707,0.584732824427481,0.784732824427481,0.80811232449298,0.350877192982456,0.998432601880878,0.888024883359253,0.455858747993579,0.735668789808917,0.297839506172839,0.987616099071207,0,0.998384491114701,0.663907284768212,0.00163132137030995,0.336463223787167,0.76840490797546,0.38610662358643,0.114374034003091,0.014018691588785,0.0444078947368421,0.0189274447949527,0.00164744645799012,0.00158478605388273,0.445512820512821,0.579527559055118,0.00314465408805031,0.993874425727412,0.996946564885496,0.1232,0,0.00156494522691706,0.0312989045383412,0,0.887438825448613,0,0.0512,0,0.028436018957346,0.00159235668789809,0.992211838006231,0.143312101910828,0,0.341384863123994,0.382306477093207,0.10031847133758,0,0,0.0642504118616145,0.0563165905631659,0.0109204368174727,0,0,0.998349834983498,0.765258215962441,0.507064364207221,0,0.551181102362205,0,0.0764331210191083,0.00159235668789809,0.809756097560976,0.76625386996904,0,0.648387096774194,0.421974522292994,0.148969889064976,0.0385208012326656,0.22432859399684,1,0.011400651465798,0.0862068965517241,0.0016025641025641,0,0.0184331797235023,0,0,0.980861244019139,0.6048,0,0,0.17879746835443,0.0736,0.0508474576271186,0.28680981595092,0.975497702909648,0.995222929936306,0.168224299065421,0.153846153846154,0,0.980861244019139,0.0365079365079365,0,0.0179738562091503,0.0436817472698908,0.942277691107644,0,0.995222929936306,0.0015600624024961,0.532362459546926,0.929022082018927,0.904065040650406,0.881064162754304,0.301282051282051,0.917057902973396,0.00159235668789809,0,0.247974068071313,0.0172413793103448,0,0,1,0,0.998427672955975,0.00159489633173844,0.289473684210526,0.998381877022654,0.998397435897436,0.461290322580645,0.0385232744783307,0.590837282780411,0,1,0.044189852700491,0.0062992125984252,0,0.803174603174603,1,1,1,1,0,0,0.982839313572543,0.00317460317460317,0.00163934426229508,0.0171339563862928,0.00462962962962963,0,0.993710691823899,0.00946372239747634,1,0.996779388083736,0,0.992125984251969,0.0453834115805947,1,0.919685039370079,0.996974281391831,1
"827",0.0141065830721003,0.00940438871473354,0.0422322775263952,0.0804416403785489,0.0282574568288854,0.012779552715655,0.114728682170543,0.0418604651162791,0.00768049155145929,0.00630914826498423,0.00924499229583975,0.00615384615384615,0.441717791411043,0.00625,0.950844854070661,0.976851851851852,0.00603318250377074,0.00622083981337481,0.0142630744849445,0.0247295208655332,0.843076923076923,0.957074721780604,0.0247678018575851,0.00606060606060606,0.0557275541795666,0.755134281200632,0.883830455259027,0.0221870047543582,0.542168674698795,0.319083969465649,0.983333333333333,0.327131782945736,0.243410852713178,0.721698113207547,0.0061633281972265,0.00941915227629513,0.00909090909090909,0.0106870229007634,0.745937961595273,0.108231707317073,0.00469483568075117,0.00462249614791988,0.0060882800608828,0.0110062893081761,0.240829346092504,0.965571205007825,0.512578616352201,0.984375,0.530642750373692,0.860182370820669,0.00619195046439629,0.0187207488299532,0.748043818466354,0.0109546165884194,0.125984251968504,0.82992125984252,0.00637958532695375,0.0361067503924647,0.0519083969465649,0.118098159509202,0.699544764795144,0.57427258805513,0.9828125,0.00469483568075117,0.117460317460317,0.190108191653787,0.00615384615384615,0.0154083204930663,0.00625,0.982839313572543,0.153139356814701,0.983180428134557,0.964451313755796,0.00921658986175115,0.00461538461538462,0.306990881458967,0.949074074074074,0.435114503816794,0.115625,0.727272727272727,0.00478468899521531,0.311926605504587,0.793577981651376,0.0106382978723404,0.881278538812785,0.105828220858896,0.0138248847926267,0.0479134466769706,0.0398773006134969,0.00605143721633888,0.0250783699059561,0.0106707317073171,0.00156494522691706,0.00615384615384615,0.0330708661417323,0.00459418070444104,0.70015455950541,0.0278207109737249,0.00455927051671732,0.00465116279069767,0.398763523956723,0.00623052959501558,0.723172628304821,0.0108864696734059,0.893939393939394,0.0126984126984127,0.00631911532385466,0.032258064516129,0.984301412872841,0.979876160990712,0.976780185758514,0.100156494522692,0.666146645865835,0.0201550387596899,0.00469483568075117,0.0275229357798165,0.311926605504587,0.00461538461538462,0.990853658536585,0.770542635658915,0.00602409638554217,0.252336448598131,0.755795981452859,0.912,0.033434650455927,0.858461538461538,0.0136986301369863,0.0123839009287926,0.00611620795107034,0.458966565349544,0.081377151799687,0.520440251572327,0.0205047318611987,0.00308166409861325,0.0144,0.958904109589041,0.0046656298600311,0.797805642633229,0.383540372670807,0.4928,0.00157977883096367,0.00641025641025641,0.032967032967033,0.254658385093168,0.82807570977918,0.009375,0.979462875197472,0.0924499229583975,0.589341692789969,0.0348484848484849,0.852848101265823,0.0280373831775701,0.009375,0.172360248447205,0.0168453292496172,0.982371794871795,0.0061633281972265,0.982866043613707,0.00455927051671732,0.275862068965517,0.147192716236722,0.029320987654321,0.971471471471472,0.00609756097560976,0.0122137404580153,0.573899371069182,0.00797448165869218,0.00916030534351145,0.0123076923076923,0.70392749244713,0.0367534456355283,0.984732824427481,0.0609756097560976,0.984917043740573,0.12111801242236,0.649769585253456,0.00467289719626168,0.0263565891472868,0.00455235204855842,0.169724770642202,0.0124223602484472,0.865533230293663,0.0303490136570561,0.0638629283489097,0.0180722891566265,0.0336391437308868,0.902777777777778,0.625570776255708,0.0851735015772871,0.0768025078369906,0.93167701863354,0.982919254658385,0.0349206349206349,0.147640791476408,0.00603318250377074,0.00461538461538462,0.7,0.0061633281972265,0.00753012048192771,0.73780487804878,0.138629283489097,0.257668711656442,0.0213414634146341,0.565830721003135,0.565809379727685,0.704,0.0992248062015504,0.0464396284829721,0.133333333333333,0.00617283950617284,0.125766871165644,0.829855537720706,0.0673981191222571,0.981481481481482,0.932533733133433,0.473520249221184,0.0372093023255814,0.0321100917431193,0.196620583717358,0.0108359133126935,0.114374034003091,0.00613496932515337,0.927692307692308,0.355421686746988,0.0173228346456693,0.00606060606060606,0.0153846153846154,0.0315789473684211,0.460815047021944,0.455108359133127,0.0154083204930663,0.00947867298578199,0.630841121495327,0.00478468899521531,0.117283950617284,0.492307692307692,0.0481540930979133,0.982998454404946,0.055045871559633,0.0140405616224649,0.0106870229007634,0.0552922590837283,0.465648854961832,0.981424148606811,0.0449612403100775,0.469512195121951,0.984939759036145,0.983433734939759,0.806962025316456,0.986046511627907,0.850793650793651,0.343465045592705,0.984567901234568,0.981845688350983,0.981481481481482,0.429864253393665,0.95016077170418,0.0297339593114241,0.00625978090766823,0.984472049689441,0.0061633281972265,0.762790697674419,0.00952380952380952,0.0341085271317829,0.114678899082569,0.00153374233128834,0.145367412140575,0.16030534351145,0.326625386996904,0.423017107309487,0.553488372093023,0.551083591331269,0.00458715596330275,0.00956937799043062,0.89618320610687,0.311793214862682,0.0572755417956656,0.978461538461538,0.268104776579353,0.984447900466563,0.867283950617284,0.00898203592814371,0.0095389507154213,0.113207547169811,0.00303951367781155,0.373088685015291,0.1265625,0.00610687022900763,0.984779299847793,0.110773899848255,0.0326594090202177,0.00303951367781155,0.989180834621329,0.981873111782477,0.0330188679245283,0.137007874015748,0.984326018808777,0.0046656298600311,0.611544461778471,0.0172143974960876,0.215926493108729,0.610248447204969,0.369734789391576,0.055045871559633,0.98125,0.00902255639097744,0.0125588697017268,0.979719188767551,0.0497667185069984,0.0125,0.0333333333333333,0.0139103554868624,0.812111801242236,0.68558282208589,0.710323574730354,0.0376175548589342,0.0667726550079491,0.00303490136570561,0.7421875,0.0388198757763975,0.855606758832565,0.696562032884903,0.015552099533437,0.0124031007751938,0.0430769230769231,0.322683706070288,0.0137825421133231,0.755451713395639,0.0525502318392581,0.0124610591900312,0.0047244094488189,0.685670261941448,0.45583596214511,0.97196261682243,0.00606980273141123,0.975867269984917,0.0920436817472699,0.963302752293578,0.986111111111111,0.00302571860816944,0.769349845201238,0.0202492211838006,0.91304347826087,0.0306451612903226,0.0450310559006211,0.0264797507788162,0.713615023474178,0.700475435816165,0.323529411764706,0.543859649122807,0.00454545454545455,0.203732503888025,0.973214285714286,0.943854324734446,0.808868501529052,0.00941915227629513,0.983180428134557,0.0062111801242236,0.673780487804878,0.977099236641221,0.965408805031447,0.535603715170279,0.0078003120124805,0.718110236220472,0.00963081861958266,0.0360501567398119,0.00606980273141123,0.0207715133531157,0.983050847457627,0.0105263157894737,0.189735614307932,0.00949367088607595,0.975308641975309,0.0284857571214393,0.984662576687117,0.124042879019908,0.313291139240506,0.0594512195121951,0.0273972602739726,0.0109546165884194,0.702743902439024,0.0436817472698908,0.0121580547112462,0.983282674772036,0.964341085271318,0.00952380952380952,0.00933125972006221,0.67530487804878,0.122137404580153,0.0461783439490446,0.0617283950617284,0.00910470409711684,0.003125,0.886255924170616,0.0107692307692308,0.984472049689441,0.00157728706624606,0.0505529225908373,0.00632911392405063,0.9484375,0.0122324159021407,0.0519685039370079,0.0046656298600311,0.3801261829653,0.599378881987578,0.029874213836478,0.982731554160126,0.1359375,0.0142630744849445,0.631083202511774,0.406201550387597,0.242566510172144,0.00476190476190476,0.835637480798771,0.0393081761006289,0.00927357032457496,0.571646341463415,0.00916030534351145,0.0407830342577488,0.955315870570108,0.00154320987654321,0.0274809160305344,0.0137404580152672,0.0606531881804044,0.325688073394495,0.982785602503912,0.1546875,0.774343122102009,0.810766721044046,0.00307692307692308,0.397798742138365,0.421052631578947,0.420890937019969,0.0060882800608828,0.710651828298887,0.1015625,0.375191424196018,0.48382126348228,0.916542473919523,0.0060790273556231,0.0060790273556231,0.00891530460624071,0.0320121951219512,0.00458715596330275,0.0978260869565217,0.0062992125984252,0.00308166409861325,0.00158730158730159,0.0141509433962264,0.00612557427258806,0.00956937799043062,0.244615384615385,0.490015360983103,0.00904977375565611,0.00311526479750779,0.0046583850931677,0.0203125,0.0468277945619335,0.291158536585366,0.986280487804878,0.00313971742543171,0.126348228043143,0.413846153846154,0.00928792569659443,0.487730061349693,0.655226209048362,0.00612557427258806,0.0263565891472868,0.987220447284345,0.0617088607594937,0.900158478605388,0.00612557427258806,0.980421686746988,0.876755070202808,0.524271844660194,0.0385208012326656,0.00464396284829721,0.0635400907715582,0.0388198757763975,0.0107033639143731,0.0062015503875969,0.919937205651491,0.0819672131147541,0.9792,0.00750750750750751,0.0106060606060606,0.980030721966206,0.010752688172043,0.697674418604651,0.218266253869969,0.974882260596546,0.821656050955414,0.054380664652568,0.0062111801242236,0.984423676012461,0.0401234567901235,0.982343499197432,0.352941176470588,0.606635071090047,0.00455235204855842,0.888544891640867,0.270700636942675,0.74079754601227,0.0398773006134969,0.981538461538462,0.846737481031866,0.557911908646003,0.0667678300455235,0.130500758725341,0.0453834115805947,0.27373417721519,0.00471698113207547,0.0320121951219512,0.984939759036145,0.0384615384615385,0.606864274570983,0.981873111782477,0.00928792569659443,0.00933125972006221,0.0108695652173913,0.379256965944272,0.0309119010819165,0.862341772151899,0.812403100775194,0.0639269406392694,0.125766871165644,0.00602409638554217,0.0061633281972265,0.0171339563862928,0.0760697305863708,0.974723538704581,0.0266457680250784,0.0184899845916795,0.636503067484663,0.0922098569157393,0.28062015503876,0.116030534351145,0.00603318250377074,0.0453125,0.657770800627943,0.0108527131782946,0.00920245398773006,0.00602409638554217,0.379095163806552,0.0424528301886792,0.988958990536278,0.340659340659341,0.623839009287926,0.212574850299401,0.353312302839117,0.0561299852289513,0.917664670658683,0.02660406885759,0.0107033639143731,0.0321100917431193,0.696682464454976,0.873065015479876,0.0202492211838006,0.00914634146341463,0.00455927051671732,0.238670694864048,0.564814814814815,0.744186046511628,0.244929797191888,0.00941915227629513,0.125,0.0061633281972265,0.109256449165402,0.985668789808917,0.0060882800608828,0.196620583717358,0.988924050632911,0.989280245022971,0.73030303030303,0.00622083981337481,0.0246913580246914,0.104294478527607,0.00772797527047913,0.0182370820668693,0.909516380655226,0.982785602503912,0.00443786982248521,0.00464396284829721,0.823622047244094,0.911532385466035,0.832558139534884,0.00455927051671732,0.987786259541985,0.0124031007751938,0.425339366515837,0.710191082802548,0.0109204368174727,0.420401854714065,0.0342146189735614,0.37403400309119,0.386850152905199,0.00460829493087558,0.00892857142857143,0.60596546310832,0.509433962264151,0.0926756352765321,0.0245022970903522,0.611801242236025,0.00462962962962963,0.0574534161490683,0.0529500756429652,0.0062111801242236,0.036144578313253,0.970588235294118,0.0288,0.575193798449612,0.00618238021638331,0.00460829493087558,0.497592295345104,0.172839506172839,0.986384266263237,0.861685214626391,0.00462962962962963,0.00636942675159236,0.272047832585949,0.965625,0.00967741935483871,0.680428134556575,0.0197869101978691,0.986384266263237,0.633587786259542,0.682888540031397,0.143540669856459,0.897476340694006,0.98,0.00625,0.949764521193093,0.00461538461538462,0.0121028744326778,0.80064308681672,0.0344827586206897,0.984202211690363,0.0125588697017268,0.00609756097560976,0.493108728943338,0.549230769230769,0.010752688172043,0.00474683544303797,0.013595166163142,0.00628930817610063,0.606635071090047,0.0211161387631976,0.00606980273141123,0.355957767722474,0.0297339593114241,0.273570324574961,0.0626959247648903,0.951515151515152,0.0046656298600311,0.0108024691358025,0.736760124610592,0.00605143721633888,0.332312404287902,0.982062780269058,0.968325791855204,0.0107858243451464,0.0109034267912773,0.0165165165165165,0.028169014084507,0.0266875981161695,0.00623052959501558,0.0315457413249211,0.00460122699386503,0.650914634146341,0.705343511450382,0.0184331797235023,0.0184615384615385,0.0152905198776758,0.0153139356814701,0.0320121951219512,0.970172684458399,0.0273311897106109,0.0578386605783866,0.294385432473445,0.0319634703196347,0.00762195121951219,0.0451010886469673,0.00451127819548872,0.0060882800608828,0.0269865067466267,0.00303951367781155,0.928462709284627,0.0077639751552795,0.0574534161490683,0.720447284345048,0.805732484076433,0.872534142640364,0.0871632329635499,0.00770416024653313,0.888379204892966,0.0109034267912773,0.0123076923076923,0.370199692780338,0.582582582582583,0.799113737075332,0.807926829268293,0.369905956112853,0.981481481481482,0.88006230529595,0.46749226006192,0.749216300940439,0.312024353120244,0.976744186046512,0.00615384615384615,0.984496124031008,0.677316293929712,0.00798722044728434,0.356814701378254,0.773556231003039,0.390894819466248,0.142638036809816,0.0166919575113809,0.0528846153846154,0.028125,0.0109204368174727,0.0109546165884194,0.446875,0.587227414330218,0.00918836140888208,0.981900452488688,0.978947368421053,0.144200626959248,0.0060882800608828,0.0121765601217656,0.0368098159509202,0.00628930817610063,0.881889763779528,0.00465116279069767,0.0602782071097372,0.00634920634920635,0.0381679389312977,0.0123456790123457,0.980480480480481,0.177469135802469,0.00755287009063444,0.356357927786499,0.386949924127466,0.1265625,0.00612557427258806,0.00311526479750779,0.0815660685154976,0.0720720720720721,0.0229709035222052,0.00300751879699248,0.00601503759398496,0.985668789808917,0.763277693474962,0.501567398119122,0.00612557427258806,0.560862865947612,0.00458015267175573,0.0870253164556962,0.00930232558139535,0.80564263322884,0.766666666666667,0.00605143721633888,0.65511811023622,0.442572741194487,0.144859813084112,0.0516717325227964,0.23394495412844,0.984615384615385,0.0238095238095238,0.0866141732283465,0.0094488188976378,0.00470957613814757,0.0301659125188537,0.00460122699386503,0.00933125972006221,0.968454258675079,0.6198738170347,0.00462962962962963,0.00158227848101266,0.190993788819876,0.0771653543307087,0.0720858895705521,0.28978978978979,0.968036529680365,0.977952755905512,0.187793427230047,0.169924812030075,0.00630914826498423,0.967289719626168,0.0464396284829721,0.00453172205438067,0.0251572327044025,0.0637329286798179,0.927469135802469,0.00460122699386503,0.97984496124031,0.0076103500761035,0.53577106518283,0.923076923076923,0.892913385826772,0.87673343605547,0.321144674085851,0.899082568807339,0.0124610591900312,0.00617283950617284,0.263076923076923,0.0299850074962519,0.00473186119873817,0.00462962962962963,0.985029940119761,0.0062015503875969,0.984496124031008,0.00918836140888208,0.304700162074554,0.984276729559748,0.9828125,0.46129541864139,0.0528771384136858,0.576399394856278,0.00606980273141123,0.990415335463259,0.050314465408805,0.0169230769230769,0.0031201248049922,0.804651162790698,0.989489489489489,1,1,0.990839694656489,0.00476947535771065,0.00458715596330275,0.971168437025797,0.0138888888888889,0.0128617363344051,0.0408472012102874,0.013719512195122,0.00455927051671732,0.982919254658385,0.0185471406491499,0.9888,0.985981308411215,0.00625,0.978361669242658,0.0479041916167665,0.986024844720497,0.900306748466258,0.983679525222552,0.983076923076923
"828",0.00157232704402516,0,0.0256024096385542,0.062111801242236,0.0127388535031847,0,0.09375,0.0200617283950617,0,0,0,0,0.43558282208589,0,0.958652373660031,0.990895295902883,0,0,0.0032258064516129,0.0153846153846154,0.850539291217257,0.963722397476341,0.00754147812971342,0,0.0395738203957382,0.747252747252747,0.892690513219285,0.00471698113207547,0.520423600605144,0.317557251908397,1,0.304615384615385,0.233070866141732,0.706153846153846,0,0,0.00451807228915663,0.00597907324364723,0.752958579881657,0.0948012232415902,0,0,0,0,0.224489795918367,0.979969183359014,0.478461538461538,1,0.526315789473684,0.868381240544629,0,0.00770416024653313,0.732115677321157,0,0.103395061728395,0.847003154574132,0,0.0234741784037559,0.0369230769230769,0.086890243902439,0.714946070878274,0.55690440060698,1,0,0.0990415335463259,0.167692307692308,0,0.00772797527047913,0,1,0.14050822122571,0.995412844036697,0.983050847457627,0,0,0.282934131736527,0.955223880597015,0.419354838709677,0.101105845181675,0.745513866231648,0,0.289833080424886,0.792168674698795,0.00153139356814701,0.892261001517451,0.0863636363636364,0.00306748466257669,0.0259938837920489,0.024132730015083,0,0.0124031007751938,0,0,0,0.0265210608424337,0,0.680555555555556,0.0151057401812689,0,0,0.382126348228043,0,0.729813664596273,0,0.907575757575758,0,0,0.0170807453416149,1,0.992331288343558,0.993827160493827,0.0763239875389408,0.670245398773006,0.00617283950617284,0,0.0107361963190184,0.288343558282209,0,1,0.772445820433437,0,0.229329173166927,0.761609907120743,0.917445482866044,0.0274809160305344,0.858015267175573,0.00303030303030303,0.0031055900621118,0,0.454268292682927,0.0585516178736518,0.525902668759812,0.00930232558139535,0,0.00475435816164818,0.976261127596439,0,0.800618238021638,0.3734375,0.489731437598736,0,0,0.0197268588770865,0.236280487804878,0.835463258785943,0,0.995384615384615,0.0735068912710567,0.58740157480315,0.0168453292496172,0.863275039745628,0.0138461538461538,0,0.16358024691358,0.0015552099533437,1,0,1,0,0.258566978193146,0.132621951219512,0.0135542168674699,0.987933634992459,0,0,0.537360890302067,0,0,0,0.708018154311649,0.0169753086419753,0.998456790123457,0.0507462686567164,1,0.103286384976526,0.634294385432473,0,0.0170015455950541,0,0.148148148148148,0,0.883096366508689,0.0150602409638554,0.0547945205479452,0.00888888888888889,0.0274809160305344,0.90937019969278,0.622356495468278,0.0776545166402536,0.0560747663551402,0.946070878274268,0.995419847328244,0.0186625194401244,0.122887864823349,0,0,0.703588143525741,0,0,0.739457831325301,0.110764430577223,0.239757207890744,0.0105740181268882,0.563380281690141,0.578625954198473,0.709375,0.0736196319018405,0.0382848392036753,0.118975903614458,0,0.118361153262519,0.824193548387097,0.0505529225908373,1,0.932432432432432,0.468412942989214,0.0216383307573416,0.0151745068285281,0.175384615384615,0.00151515151515152,0.101538461538462,0,0.934150076569678,0.329323308270677,0.00156739811912226,0,0.00604229607250755,0.0194029850746269,0.448484848484848,0.447692307692308,0.0109204368174727,0,0.627329192546584,0,0.0989345509893455,0.489859594383775,0.0255591054313099,1,0.0333839150227618,0.0015527950310559,0,0.0384615384615385,0.463268365817091,1,0.0261538461538462,0.46142208774584,0.998502994011976,0.998496240601504,0.806501547987616,1,0.851968503937008,0.315789473684211,1,0.998468606431853,0.993930197268589,0.412121212121212,0.957746478873239,0.0170807453416149,0,1,0,0.775,0,0.021671826625387,0.0980091883614089,0,0.132471728594507,0.15,0.30568356374808,0.410216718266254,0.54531490015361,0.551401869158878,0,0,0.907012195121951,0.295238095238095,0.0325581395348837,0.990839694656489,0.265745007680492,0.998466257668712,0.888888888888889,0,0,0.0916149068322981,0,0.368098159509202,0.0985915492957746,0,1,0.0917293233082707,0.0169491525423729,0,1,0.998477929984779,0.0170807453416149,0.106518282988871,1,0,0.610510046367852,0.00777604976671851,0.210843373493976,0.609160305343511,0.350387596899225,0.0350609756097561,0.993874425727412,0,0,0.99537750385208,0.0308166409861325,0,0.0219092331768388,0.00305810397553517,0.822900763358779,0.684766214177979,0.713629402756508,0.019047619047619,0.0584518167456556,0,0.748456790123457,0.0231481481481481,0.849923430321593,0.698198198198198,0.0031055900621118,0.00154083204930663,0.0274390243902439,0.289763779527559,0.00150375939849624,0.762128325508607,0.0290076335877863,0.00154559505409583,0,0.6797583081571,0.448062015503876,0.983050847457627,0,0.990977443609023,0.0925925925925926,0.978294573643411,1,0,0.781055900621118,0.00789889415481832,0.929984779299848,0.0096,0.0242424242424242,0.0124223602484472,0.719626168224299,0.717252396166134,0.317111459968603,0.543548387096774,0,0.172839506172839,0.989473684210526,0.957957957957958,0.816640986132512,0,1,0,0.66973886328725,0.990895295902883,0.976599063962558,0.521060842433697,0,0.731629392971246,0,0.0306748466257669,0,0.00589101620029455,1,0,0.161538461538462,0,0.992260061919505,0.0213089802130898,1,0.12111801242236,0.27602523659306,0.0534351145038168,0.0107197549770291,0,0.718223583460949,0.0327102803738318,0,1,0.976958525345622,0,0,0.687878787878788,0.121212121212121,0.036624203821656,0.0405405405405405,0,0,0.885758998435055,0,0.998461538461539,0,0.0297805642633229,0,0.964230171073095,0,0.0263157894736842,0,0.367127496159754,0.576982892690513,0.0124610591900312,0.998407643312102,0.129485179407176,0,0.616224648985959,0.412121212121212,0.206422018348624,0,0.852080123266564,0.0202177293934681,0.00151057401812689,0.549844236760125,0,0.0226537216828479,0.968992248062015,0,0.0135338345864662,0.00462249614791988,0.044478527607362,0.301972685887709,0.99537037037037,0.129890453834116,0.76605504587156,0.807504078303426,0,0.371294851794072,0.395348837209302,0.394126738794436,0,0.716323296354992,0.0861538461538462,0.35375191424196,0.487915407854985,0.922155688622755,0,0,0,0.021021021021021,0,0.0745341614906832,0,0,0,0.0015625,0,0,0.230293663060278,0.467065868263473,0,0,0,0.00455927051671732,0.0359281437125748,0.278195488721804,1,0,0.106927710843373,0.418320610687023,0,0.462235649546828,0.648902821316614,0,0.0150602409638554,1,0.0370942812982998,0.915360501567398,0,0.995495495495496,0.889589905362776,0.518638573743922,0.0262345679012346,0,0.0479041916167665,0.0243531202435312,0,0,0.936808846761453,0.0632090761750405,0.9968,0,0,0.992401215805471,0,0.707882534775889,0.202472952086553,0.989247311827957,0.840189873417722,0.0354391371340524,0,1,0.0260736196319018,0.993690851735016,0.334905660377358,0.594427244582043,0,0.888208269525268,0.25508607198748,0.751543209876543,0.0199692780337942,1,0.853846153846154,0.561996779388084,0.0478325859491779,0.10752688172043,0.0323076923076923,0.238473767885533,0,0.0121951219512195,1,0.0308641975308642,0.616852146263911,1,0,0,0,0.362385321100917,0.0123456790123457,0.880989180834621,0.816770186335404,0.0571870170015456,0.107858243451464,0,0,0.00924499229583975,0.0644654088050314,0.982866043613707,0.0124223602484472,0.00615384615384615,0.635528330781011,0.0659340659340659,0.2734375,0.100600600600601,0,0.0328125,0.65615141955836,0,0,0,0.359013867488444,0.0234009360374415,1,0.317610062893082,0.622926093514329,0.193452380952381,0.297805642633229,0.0384047267355982,0.914414414414414,0.0108864696734059,0,0.0171606864274571,0.691693290734824,0.876923076923077,0.00609756097560976,0,0,0.208774583963691,0.552671755725191,0.748466257668712,0.231481481481481,0,0.123052959501558,0,0.112633181126332,1,0,0.180404354587869,0.998456790123457,1,0.741140215716487,0,0.00615384615384615,0.0798771121351766,0.00152905198776758,0.00153609831029186,0.907407407407407,1,0,0,0.83125,0.923076923076923,0.848909657320872,0,1,0,0.430930930930931,0.712050078247261,0,0.408602150537634,0.0278207109737249,0.328725038402458,0.359398496240601,0,0,0.609448818897638,0.509954058192956,0.0744047619047619,0.0106221547799697,0.605828220858896,0,0.0415384615384615,0.0406015037593985,0,0.0267459138187221,0.983024691358025,0.0128617363344051,0.576631259484067,0,0,0.496062992125984,0.161189358372457,1,0.879310344827586,0,0,0.2555720653789,0.976780185758514,0,0.679273827534039,0.00759878419452888,1,0.618683001531394,0.680817610062893,0.133333333333333,0.904761904761905,0.995426829268293,0,0.957746478873239,0,0.00457317073170732,0.795238095238095,0.0163204747774481,0.995341614906832,0,0,0.487767584097859,0.527777777777778,0,0,0.00150375939849624,0,0.605723370429253,0.0105580693815988,0,0.334869431643625,0.0156494522691706,0.2601246105919,0.0376175548589342,0.964939024390244,0,0,0.752351097178683,0,0.306870229007634,1,0.981845688350983,0,0,0.00903614457831325,0.0170278637770898,0.0139318885448916,0,0.0230414746543779,0,0.639393939393939,0.725308641975309,0.00462962962962963,0.00759878419452888,0.00600600600600601,0.00758725341426404,0.0276497695852535,0.987480438184664,0.0111111111111111,0.0358744394618834,0.273141122913505,0.0227617602427921,0,0.02,0,0,0.0178837555886736,0,0.932634730538922,0.0015552099533437,0.0428790199081164,0.731746031746032,0.794628751974723,0.881913303437967,0.0801232665639445,0.00153846153846154,0.910741301059002,0,0,0.348367029548989,0.585798816568047,0.79502196193265,0.826546003016591,0.356807511737089,1,0.87962962962963,0.461300309597523,0.757433489827856,0.280060882800609,0.990726429675425,0,1,0.6625,0,0.348484848484849,0.789473684210526,0.375757575757576,0.118618618618619,0.0104477611940299,0.0343213728549142,0.0202177293934681,0,0.00156494522691706,0.456221198156682,0.581538461538462,0.00151515151515152,0.995594713656388,0.991017964071856,0.126738794435858,0,0,0.027190332326284,0,0.890675241157556,0,0.0417956656346749,0,0.0243161094224924,0,0.992458521870287,0.170278637770898,0,0.349056603773585,0.370597243491577,0.107309486780715,0,0,0.0725806451612903,0.0512445095168375,0.0105740181268882,0,0,1,0.775417298937785,0.5,0,0.561240310077519,0,0.0748829953198128,0,0.805295950155763,0.764350453172205,0,0.661466458658346,0.402173913043478,0.13767019667171,0.0308641975308642,0.218125960061444,1,0.010989010989011,0.0842266462480858,0,0,0.0152439024390244,0,0,0.989028213166144,0.620743034055728,0,0,0.180981595092025,0.0640625,0.0547112462006079,0.298165137614679,0.976261127596439,0.995356037151703,0.162037037037037,0.159332321699545,0,0.989130434782609,0.0322085889570552,0,0.0127591706539075,0.0376506024096386,0.94435857805255,0,0.996875,0,0.532608695652174,0.922958397534669,0.899053627760252,0.89041095890411,0.313572542901716,0.906202723146747,0,0,0.239567233384853,0.0107197549770291,0,0,1,0,1,0,0.282334384858044,1,1,0.457943925233645,0.0385802469135802,0.552671755725191,0,1,0.0474683544303797,0.00759878419452888,0,0.803738317757009,1,1,0.990839694656489,1,0,0,0.987654320987654,0.0060882800608828,0.003125,0.0280373831775701,0.00599700149925037,0,0.996875,0.0124416796267496,1,0.998442367601246,0,0.992343032159265,0.0508221225710015,1,0.900914634146341,0.998489425981873,1
"829",0.057784911717496,0.0496124031007752,0.0482115085536547,0.0439024390243902,0.0450885668276973,0.0468497576736672,0.05229793977813,0.047244094488189,0.0500782472613459,0.944353518821604,0.0505529225908373,0.954041204437401,0.029874213836478,0.0466237942122186,0.0015748031496063,0,0.943396226415094,0.966772151898734,0.0485436893203883,0.0458860759493671,0.0126582278481013,0,0.0438871473354232,0.949843260188088,0.0425867507886435,0.012779552715655,0.0064,0.0593080724876442,0.0245398773006135,0.0362204724409449,0,0.0361635220125786,0.0357723577235772,0.016025641025641,0.946031746031746,0.054140127388535,0.937106918238994,0.0470219435736677,0.0107858243451464,0.0490506329113924,0.949044585987261,0.9671875,0.961119751166407,0.0545746388443018,0.0392798690671031,0,0.0225806451612903,0,0.0263157894736842,0.00930232558139535,0.944267515923567,0.0518638573743922,0.015600624024961,0.0466237942122186,0.0543130990415335,0.00330578512396694,0.949096880131363,0.0504065040650407,0.0519685039370079,0.0382165605095541,0.0158730158730159,0.020440251572327,0,0.946774193548387,0.0441176470588235,0.0397456279809221,0.946372239747634,0.0429252782193959,0.957278481012658,0,0.0394944707740916,0,0,0.0464396284829721,0.952755905511811,0.0300632911392405,0.0015748031496063,0.02660406885759,0.0362438220757825,0.0102389078498294,0.949526813880126,0.0330188679245283,0.0093167701863354,0.0515625,0.00789889415481832,0.0434108527131783,0.0536277602523659,0.0485133020344288,0.0550314465408805,0.96141975308642,0.046474358974359,0.0481366459627329,0.952076677316294,0.948303715670436,0.0485436893203883,0.950479233226837,0.0298273155416013,0.0494417862838915,0.952153110047847,0.95859872611465,0.0378548895899054,0.958532695374801,0.0112903225806452,0.0528846153846154,0,0.0508196721311475,0.958990536277603,0.0506329113924051,0,0,0,0.0618066561014263,0.00637958532695375,0.0534591194968553,0.949346405228758,0.0526315789473684,0.0302547770700637,0.959814528593508,0,0.0128410914927769,0.944530046224962,0.0336,0.0126782884310618,0.00323101777059774,0.0489731437598736,0.00963081861958266,0.0517241379310345,0.047244094488189,0.948717948717949,0.0316455696202532,0.0443037974683544,0.0207667731629393,0.0502431118314425,0.955974842767296,0.0517799352750809,0.00156494522691706,0.947535771065183,0.0143312101910828,0.0225442834138486,0.0325732899022801,0.950558213716108,0.952922077922078,0.0504731861198738,0.0330708661417323,0.00970873786407767,0.0445859872611465,0,0.0427215189873418,0.0144694533762058,0.044822256568779,0.0065252854812398,0.0504731861198738,0.0405186385737439,0.036624203821656,0.0506329113924051,0,0.0536277602523659,0,0.949286846275753,0.0369774919614148,0.0478395061728395,0.0474683544303797,0,0.957943925233645,0.0518053375196232,0.0228384991843393,0.0443349753694581,0.0522151898734177,0.0473186119873817,0.0170278637770898,0.0503937007874016,0,0.0481366459627329,0,0.0446570972886762,0.0109546165884194,0.948303715670436,0.0538827258320127,0.953198127925117,0.0432,0.0518867924528302,0.00649350649350649,0.0488188976377953,0.047244094488189,0.0442073170731707,0.0446570972886762,0,0.0108359133126935,0.0439024390243902,0.0394088669950739,0.00476947535771065,0,0.0500807754442649,0.0679304897314376,0.949152542372881,0.951612903225806,0.0162337662337662,0.952681388012618,0.0535987748851455,0.00946372239747634,0.0502431118314425,0.0353302611367127,0.0478395061728395,0.0211038961038961,0.01743264659271,0.0195439739413681,0.0507936507936508,0.0496,0.0441640378548896,0.949044585987261,0.0410742496050553,0.00822368421052632,0.0484652665589661,0,0.0015600624024961,0.0299212598425197,0.0565428109854604,0.0476923076923077,0.0305466237942122,0.0500782472613459,0.0494417862838915,0.947452229299363,0.0032,0.028169014084507,0.0439024390243902,0.950078003120125,0.05320813771518,0.0450310559006211,0.0314465408805031,0.0172955974842767,0.0479233226837061,0.0504065040650407,0.0288461538461538,0.95253682487725,0.0495356037151703,0.0253968253968254,0.0421393841166937,0,0.0467289719626168,0.0551053484602917,0.0485133020344288,0.0497592295345104,0.0250391236306729,0,0.0507131537242472,0.0220472440944882,0,0,0.00807754442649435,0,0.0128,0.028391167192429,0,0,0,0.0261538461538462,0.0032520325203252,0.0403877221324717,0.963141025641026,0,0.956386292834891,0.0125984251968504,0.0507364975450082,0.0458135860979463,0.0412044374009509,0.94620253164557,0.038961038961039,0.0457413249211356,0.0267295597484277,0.0237717908082409,0.0224358974358974,0.0210696920583468,0.958860759493671,0.0481540930979133,0.00319488817891374,0.0293159609120521,0.0414673046251994,0,0.0314465408805031,0,0.00313971742543171,0.0483619344773791,0.0582362728785358,0.0558213716108453,0.947449768160742,0.0251177394034537,0.0587301587301587,0.954113924050633,0,0.0570107858243451,0.0543130990415335,0.947867298578199,0,0,0.0492610837438424,0.0369181380417336,0,0.952998379254457,0.0250783699059561,0.0498392282958199,0.0403100775193798,0.012779552715655,0.028892455858748,0.0409448818897638,0,0.0513219284603421,0.0456692913385827,0,0.0470957613814757,0.0454545454545455,0.0520325203252033,0.0488958990536278,0.00793650793650794,0.0217054263565891,0.0174880763116057,0.0512,0.0407830342577488,0.995215311004785,0.0146103896103896,0.0468497576736672,0.00473186119873817,0.0168970814132104,0.05229793977813,0.0572337042925278,0.0513219284603421,0.0304487179487179,0.0435458786936236,0.0129032258064516,0.048062015503876,0.0476947535771065,0.945945945945946,0.0232558139534884,0.0309951060358891,0,1,0,0.043343653250774,0,0,0.948275862068966,0.00938967136150235,0.0494417862838915,0.00476190476190476,0.0505709624796085,0.0496794871794872,0.0525477707006369,0.0112903225806452,0.0130718954248366,0.0306451612903226,0.0149006622516556,0.953198127925117,0.0364500792393027,0.00156985871271586,0.00154798761609907,0.00625978090766823,0.048,0,0.945859872611465,0.0253968253968254,0,0.00160771704180064,0.0238853503184713,0.0494417862838915,0.0112359550561798,0.0440456769983687,0.0470016207455429,0.954186413902054,0.0455235204855842,0,0.0415384615384615,0.0345368916797488,0.0535714285714286,0.0016,0.0436817472698908,0,0.0509554140127389,0.0276872964169381,0.05,0.0515625,0.0492845786963434,0.014308426073132,0.048,0.0515625,0,0.00318979266347687,0.0521172638436482,0.0455974842767296,0.0112179487179487,0.0455974842767296,0.0554649265905383,0.0393081761006289,0.0552922590837283,0.9472,0.00161812297734628,0.0503937007874016,0,0.949756888168558,0.0472312703583062,0.966074313408724,0.00161812297734628,0.0559875583203732,0.0547504025764895,0.961414790996785,0.0318471337579618,0.0178571428571429,0.0507364975450082,0,0.0485436893203883,0.0542763157894737,0.0159235668789809,0.0250391236306729,0.036624203821656,0.951377633711507,0.00638977635782748,0.0528846153846154,0.0464,0.0112903225806452,0.0506329113924051,0.0439189189189189,0,0.952755905511811,0.054773082942097,0.0432692307692308,0.0398089171974522,0.0362204724409449,0,0.0516962843295638,0.0139968895800933,0.0168067226890756,0.960567823343849,0.0356564019448947,0.0286624203821656,0.0365659777424483,0.952830188679245,0.0113636363636364,0.0440944881889764,0.0347551342812006,0.0236220472440945,0.00154083204930663,0.949367088607595,0.953198127925117,0.0452488687782805,0.046583850931677,0.952456418383518,0.0448,0.957585644371941,0.95800933125972,0.949263502454992,0.0566343042071197,0.949526813880126,0.0478547854785479,0.0286168521462639,0.0251177394034537,0.0465116279069767,0.951456310679612,0.9472,0.0543130990415335,0.048062015503876,0.0358814352574103,0,0.956168831168831,0.0652173913043478,0.0235478806907378,0.0543130990415335,0.0172684458398744,0.00961538461538462,0.955766192733017,0.0504731861198738,0,0.0549273021001615,0.00481540930979133,0.953051643192488,0.00154320987654321,0.00807754442649435,0.0197368421052632,0.0482866043613707,0.951104100946372,0.0479134466769706,0.0485133020344288,0.0446153846153846,0.955271565495208,0,0.0499168053244592,0,0.0482115085536547,0.0425196850393701,0,0.0461783439490446,0.0158227848101266,0.0384615384615385,0,0.0114192495921697,0.0429936305732484,0.960848287112561,0,0.0492845786963434,0,0.0306946688206785,0.027027027027027,0.955974842767296,0.00636942675159236,0.028006589785832,0.0141509433962264,0.0495207667731629,0,0.0047244094488189,0.0232945091514143,0.0430769230769231,0.0421875,0.0528846153846154,0.0403225806451613,0.950558213716108,0.0535433070866142,0,0.0428571428571429,0.0210355987055016,0,0.0490506329113924,0.0515297906602254,0.0379746835443038,0.0241935483870968,0.0440251572327044,0.0064,0.00638977635782748,0.0457413249211356,0.0563380281690141,0.957878315132605,0.948387096774194,0.0497592295345104,0.0400641025641026,0,0.0450885668276973,0.0429252782193959,0.00946372239747634,0.036741214057508,0.0434083601286174,0.0653188180404355,0.952160493827161,0.0411392405063291,0.0253164556962025,0.0528,0.0461049284578696,0.952671755725191,0.0288461538461538,0.0432,0,0.0302547770700637,0.00786163522012579,0.0363636363636364,0.0341463414634146,0.0511627906976744,0.00154798761609907,0.0504885993485342,0.0458860759493671,0.0458135860979463,0.0225806451612903,0.023696682464455,0.0523809523809524,0.0407523510971787,0.960691823899371,0.0380952380952381,0.0221870047543582,0.0063391442155309,0.0348101265822785,0.0503937007874016,0.0461783439490446,0.056782334384858,0.746875,0,0.949843260188088,0.0334394904458599,0,0,0.00946372239747634,0.954186413902054,0.0534591194968553,0.0362204724409449,0.04375,0.0540958268933539,0,0,0.945904173106646,0.950715421303657,0.00488599348534202,0.00474683544303797,0.00646203554119548,0.943307086614173,0,0.0551181102362205,0.544891640866873,0.012924071082391,0.0516129032258065,0.0352564102564103,0.0431309904153355,0.0348101265822785,0.0280373831775701,0.956318252730109,0.0548780487804878,0.016,0.0224,0.0553846153846154,0.0484375,0.027027027027027,0.952305246422893,0.046474358974359,0.0451010886469673,0.949921752738654,0.0514018691588785,0.00157977883096367,0.0444078947368421,0.0204724409448819,0.950479233226837,0.962441314553991,0.0252951096121417,0.038961038961039,0,0,0.957278481012658,0.950657894736842,0.0350076103500761,0,0.0569514237855946,0.00772797527047913,0.0462249614791988,0,0.0170807453416149,0.0129449838187702,0.0470779220779221,0.0032258064516129,0,0.956112852664577,0.00326797385620915,0.94488188976378,0.0451713395638629,0.155115511551155,0.0525502318392581,0,0.0536585365853659,0.946540880503145,0.031201248049922,0.0241935483870968,0.0482315112540193,0.950980392156863,0.0489731437598736,0.952076677316294,0.0145867098865478,0.0470219435736677,0.950233281493002,0.0443037974683544,0.0451612903225806,0.0366826156299841,0.0440456769983687,0,0.947619047619048,0.0441640378548896,0.00159235668789809,0.947449768160742,0.0294573643410853,0,0.00157728706624606,0.0401929260450161,0.0481540930979133,0.0486656200941915,0.0544,0.0522875816993464,0.955766192733017,0.0463258785942492,0.959183673469388,0.0283464566929134,0.0095389507154213,0.0477707006369427,0.0498392282958199,0.0479134466769706,0.0517241379310345,0.878548895899054,0,0.0542763157894737,0.0386398763523957,0.0373831775700935,0.0517241379310345,0.0453834115805947,0.0500782472613459,0.94556765163297,0.947611710323575,0.0545454545454545,0.953416149068323,0.00315955766192733,0.94896331738437,0.0444444444444444,0.00496688741721854,0.00797448165869218,0.00777604976671851,0.0495049504950495,0.944,0.0016025641025641,0.0566037735849057,0.0507131537242472,0.0301587301587302,0.0183767228177642,0.0108359133126935,0.00782472613458529,0.027027027027027,0,0.00792393026941363,0.0238853503184713,0.0111821086261981,0.0403100775193798,0,0.945425361155698,0,0.026578073089701,0.0487012987012987,0.0570522979397781,0.00925925925925926,0.0303030303030303,0.0396196513470681,0.0558139534883721,0.0596026490066225,0.0471544715447154,0.0411861614497529,0.0448717948717949,0.0174880763116057,0.0126984126984127,0.0518867924528302,0,0,0.0446570972886762,0.9671875,0.05,0.0441640378548896,0.955414012738854,0.00481540930979133,0.948717948717949,0.05,0.950738916256158,0.0455974842767296,0.0441640378548896,0,0.0366826156299841,0.0564263322884013,0.0309446254071661,0.021978021978022,0.0657051282051282,0.9484375,0.950715421303657,0.0397350993377483,0.0367534456355283,0.045958795562599,0.951713395638629,0.956723338485317,0,0.0078125,0.0240770465489567,0.946287519747235,0.0208667736757624,0.952380952380952,0.0388978930307942,0.0481540930979133,0.0373376623376623,0.0139318885448916,0.945397815912636,0.0114192495921697,0.0285714285714286,0.0407523510971787,0.0392464678178964,0.0300632911392405,0,0.0536585365853659,0.855325914149444,0.0533117932148627,0.950738916256158,0.0460829493087558,0.96551724137931,0.0436187399030695,0,0.354943273905997,0.950310559006211,0.95016077170418,0.0303514376996805,0.0488599348534202,0.0528771384136858,0.0312989045383412,0.00313479623824451,0,0.026813880126183,0.0467289719626168,0.948136142625608,0,0.0462519936204147,0.949526813880126,0.0528,0.0470219435736677,0.00158227848101266,1,0,0.0497667185069984,0.0129449838187702,0.00158730158730159,0.00490196078431373,0.00467289719626168,0.0368589743589744,0.0062992125984252,0.0496794871794872,0.945141065830721,0.0414673046251994,0.0519685039370079,0.962843295638126,0.94620253164557,0,0.95859872611465,0,0.0490506329113924,0.0323624595469256,0,0,0.0243506493506494,0.0511182108626198,0.0204724409448819,0.992088607594937,0,0.928338762214984,0.938775510204082,0.947867298578199,0.168284789644013,0,0,0.00476947535771065,0,1,1,0,0.9376,0.951612903225806,0.910518053375196,0.937597503900156,1,0,0.927099841521395,0,0,1,0,0.901253918495298,0,0.0512,0,0
"830",0.0649762282091918,0.0567484662576687,0.0563165905631659,0.0543130990415335,0.0570522979397781,0.0561797752808989,0.0627943485086342,0.0564263322884013,0.0565749235474006,0.937299035369775,0.0598159509202454,0.948916408668731,0.036979969183359,0.056782334384858,0.00151975683890578,0,0.936923076923077,0.956043956043956,0.0576923076923077,0.0532724505327245,0.0168970814132104,0,0.0555555555555556,0.94478527607362,0.0534351145038168,0.0158982511923688,0.00784929356357928,0.0672926447574335,0.0346907993966818,0.0455927051671733,0,0.0412844036697248,0.0424528301886792,0.0185758513931889,0.942989214175655,0.0598425196850394,0.92802450229709,0.0549618320610687,0.0148367952522255,0.0560606060606061,0.942989214175655,0.958966565349544,0.955589586523737,0.0580847723704867,0.0434083601286174,0.00158227848101266,0.0277349768875193,0,0.0318181818181818,0.00916030534351145,0.934681181959565,0.0586370839936609,0.0169230769230769,0.0546875,0.0666666666666667,0.00628930817610063,0.936,0.0599369085173502,0.0593607305936073,0.0416024653312789,0.0185471406491499,0.027355623100304,0,0.938871473354232,0.0511182108626198,0.0443425076452599,0.938271604938272,0.0538461538461538,0.947204968944099,0,0.0457317073170732,0,0,0.0547112462006079,0.949230769230769,0.0367534456355283,0.00307219662058372,0.0290519877675841,0.0471698113207547,0.0163398692810458,0.944444444444444,0.0350609756097561,0.012012012012012,0.0606980273141123,0.00768049155145929,0.0519083969465649,0.0583717357910906,0.050381679389313,0.06,0.954337899543379,0.0563380281690141,0.0590062111801242,0.950617283950617,0.939346811819596,0.0588235294117647,0.942097026604069,0.0325077399380805,0.0521472392638037,0.946319018404908,0.95125786163522,0.0514820592823713,0.950540958268934,0.0172413793103448,0.0599369085173502,0.00152905198776758,0.0594855305466238,0.952904238618524,0.0571870170015456,0,0,0,0.0741885625965997,0.015220700152207,0.0580847723704867,0.943217665615142,0.0571870170015456,0.0357698289269051,0.951515151515152,0,0.0125588697017268,0.935975609756098,0.040625,0.015552099533437,0.00474683544303797,0.0561456752655539,0.00921658986175115,0.0576631259484067,0.0526315789473684,0.937205651491366,0.0396946564885496,0.0541795665634675,0.0236220472440945,0.0602218700475436,0.95625,0.0599369085173502,0,0.938744257274119,0.0201863354037267,0.0283018867924528,0.0427892234548336,0.943661971830986,0.946117274167987,0.0589147286821705,0.0467289719626168,0.00947867298578199,0.0546875,0,0.0490045941807044,0.0251177394034537,0.052790346907994,0.0110410094637224,0.0596546310832025,0.0502354788069074,0.0492307692307692,0.0513219284603421,0,0.0609375,0,0.939814814814815,0.0436817472698908,0.0584707646176912,0.0571870170015456,0,0.949618320610687,0.0567484662576687,0.0257234726688103,0.0544871794871795,0.0599078341013825,0.0523076923076923,0.0198170731707317,0.0571870170015456,0,0.053030303030303,0,0.0550314465408805,0.0168711656441718,0.940438871473354,0.059748427672956,0.943164362519201,0.0478395061728395,0.0576323987538941,0.00934579439252336,0.0577223088923557,0.0564885496183206,0.0536512667660209,0.0547112462006079,0.00154559505409583,0.0211800302571861,0.0508744038155803,0.0483091787439614,0.00471698113207547,0,0.0589171974522293,0.0792682926829268,0.943198804185351,0.940993788819876,0.0217391304347826,0.944186046511628,0.0547945205479452,0.015015015015015,0.063391442155309,0.0353302611367127,0.0612557427258806,0.0265210608424337,0.0216383307573416,0.0267716535433071,0.0590062111801242,0.0609375,0.0491551459293395,0.940809968847352,0.0494590417310665,0.0159744408945687,0.05625,0,0.00306278713629403,0.0325077399380805,0.0636645962732919,0.0567484662576687,0.0454545454545455,0.0558139534883721,0.0555555555555556,0.94435857805255,0.0046656298600311,0.039453717754173,0.053125,0.939907550077042,0.0581039755351682,0.0515933232169954,0.0398773006134969,0.0261136712749616,0.0571870170015456,0.060126582278481,0.0354391371340524,0.947452229299363,0.0590015128593041,0.0278207109737249,0.0499194847020934,0,0.0528700906344411,0.0636645962732919,0.0571870170015456,0.0606531881804044,0.0294117647058824,0,0.0592823712948518,0.0305343511450382,0,0,0.00941915227629513,0,0.0205371248025276,0.036144578313253,0,0,0,0.0363636363636364,0.00480769230769231,0.050314465408805,0.9625,0,0.948872180451128,0.0189873417721519,0.0592823712948518,0.0497667185069984,0.0495356037151703,0.946070878274268,0.0451612903225806,0.0552147239263804,0.0342146189735614,0.0306748466257669,0.0267716535433071,0.0265210608424337,0.950233281493002,0.0608424336973479,0.0061633281972265,0.0333333333333333,0.0520504731861199,0,0.0410958904109589,0,0.00465116279069767,0.0604229607250755,0.0669856459330144,0.064,0.94081942336874,0.0379362670713202,0.0685358255451713,0.945736434108527,0,0.0700152207001522,0.0612244897959184,0.941538461538462,0,0,0.0584518167456556,0.0457413249211356,0,0.945397815912636,0.0373250388802488,0.056782334384858,0.047040971168437,0.0215384615384615,0.0360501567398119,0.0487062404870624,0,0.0564024390243902,0.0557275541795666,0,0.0516717325227964,0.0512422360248447,0.0595813204508857,0.0599078341013825,0.00766871165644172,0.0259938837920489,0.0229709035222052,0.0591054313099042,0.0444444444444444,0.99537750385208,0.0125984251968504,0.053680981595092,0.00918836140888208,0.018018018018018,0.0615384615384615,0.0596546310832025,0.0589147286821705,0.0423197492163009,0.0519877675840979,0.0109204368174727,0.0568356374807988,0.0616113744075829,0.941732283464567,0.0276073619631902,0.0427215189873418,0.00156739811912226,1,0.00151975683890578,0.0478395061728395,0.00154320987654321,0,0.943338437978561,0.0124610591900312,0.062111801242236,0.00612557427258806,0.0601626016260163,0.0582822085889571,0.0533751962323391,0.016,0.0189873417721519,0.0374414976599064,0.0253164556962025,0.947049924357035,0.0446153846153846,0.00301204819277108,0,0.0124031007751938,0.0546875,0,0.937888198757764,0.0289634146341463,0,0.00467289719626168,0.0297805642633229,0.0573643410852713,0.0175438596491228,0.0513643659711075,0.0557275541795666,0.948091603053435,0.0548148148148148,0,0.0542168674698795,0.0416666666666667,0.0625,0.00308166409861325,0.0515151515151515,0,0.0578125,0.0345911949685535,0.0580152671755725,0.0540958268933539,0.0570107858243451,0.0185758513931889,0.0561622464898596,0.0569230769230769,0,0.00153374233128834,0.055205047318612,0.0506912442396313,0.01875,0.0537634408602151,0.0619047619047619,0.049306625577812,0.0603318250377074,0.939297124600639,0.0031201248049922,0.0571870170015456,0,0.944272445820433,0.054858934169279,0.959311424100156,0.0015625,0.0606980273141123,0.0589147286821705,0.954113924050633,0.0489296636085627,0.021505376344086,0.0571428571428571,0,0.0495356037151703,0.0596546310832025,0.021978021978022,0.0374414976599064,0.0359937402190923,0.940157480314961,0.0124223602484472,0.0596546310832025,0.0479134466769706,0.0170807453416149,0.0557275541795666,0.0553745928338762,0,0.946287519747235,0.0625,0.0530421216848674,0.046583850931677,0.0395738203957382,0.00153609831029186,0.0594679186228482,0.0184049079754601,0.0225806451612903,0.950844854070661,0.0421875,0.0345368916797488,0.0412213740458015,0.93815987933635,0.0174880763116057,0.0538827258320127,0.0400616332819723,0.0334855403348554,0,0.941984732824428,0.944193061840121,0.0546528803545052,0.0532724505327245,0.942812982998454,0.0514820592823713,0.948356807511737,0.949924127465857,0.940988835725678,0.0628930817610063,0.936630602782071,0.0543130990415335,0.0401234567901235,0.0392156862745098,0.0606980273141123,0.937699680511182,0.938582677165354,0.0552147239263804,0.0590015128593041,0.0396946564885496,0,0.944794952681388,0.0717557251908397,0.0349544072948328,0.0630769230769231,0.0224887556221889,0.0202492211838006,0.947449768160742,0.0554699537750385,0,0.0603174603174603,0.00784929356357928,0.943251533742331,0.00148148148148148,0.0063391442155309,0.0210696920583468,0.0539291217257319,0.944954128440367,0.0572289156626506,0.0547945205479452,0.0516717325227964,0.947611710323575,0,0.0594059405940594,0.00160513643659711,0.0566615620214395,0.048411497730711,0,0.0514372163388805,0.02,0.049306625577812,0,0.0158227848101266,0.0475460122699387,0.952380952380952,0,0.0547945205479452,0,0.0361067503924647,0.0311526479750779,0.949618320610687,0.0091324200913242,0.0390625,0.0182094081942337,0.0597243491577335,0,0.00906344410876133,0.0227272727272727,0.0481203007518797,0.0438066465256798,0.0555555555555556,0.0424528301886792,0.944530046224962,0.0585585585585586,0,0.050314465408805,0.0238095238095238,0,0.0575757575757576,0.0599078341013825,0.0484375,0.0295489891135303,0.0533536585365854,0.0093167701863354,0.0109717868338558,0.0603715170278638,0.0660522273425499,0.945121951219512,0.940625,0.0549450549450549,0.042654028436019,0,0.0534591194968553,0.0460122699386503,0.0185471406491499,0.0475435816164818,0.047244094488189,0.0680786686838124,0.942336874051593,0.0528771384136858,0.0266457680250784,0.062111801242236,0.0542635658914729,0.948872180451128,0.0436817472698908,0.0488188976377953,0,0.0362204724409449,0.0137404580152672,0.042962962962963,0.0428571428571429,0.0591805766312595,0.00300751879699248,0.0571428571428571,0.058641975308642,0.0568356374807988,0.0242718446601942,0.0325077399380805,0.0552995391705069,0.0487804878048781,0.957186544342508,0.0444104134762634,0.0230061349693252,0.0108359133126935,0.0434108527131783,0.0607476635514019,0.049079754601227,0.0598159509202454,0.751902587519026,0,0.944530046224962,0.0390015600624025,0,0,0.0141509433962264,0.941085271317829,0.0607476635514019,0.0475460122699387,0.0507692307692308,0.0597243491577335,0.00157232704402516,0,0.937404580152672,0.942635658914729,0.00961538461538462,0.00775193798449612,0.0108359133126935,0.938461538461538,0,0.060882800608828,0.527439024390244,0.0170807453416149,0.0560747663551402,0.0442073170731707,0.0546021840873635,0.0383435582822086,0.0332326283987915,0.946319018404908,0.062407132243685,0.0247678018575851,0.0341085271317829,0.0632530120481928,0.0546282245827011,0.0320121951219512,0.947692307692308,0.0506134969325153,0.0528700906344411,0.94478527607362,0.0582959641255605,0.00153609831029186,0.0517799352750809,0.0249221183800623,0.946319018404908,0.958139534883721,0.034257748776509,0.0438184663536776,0,0.00630914826498423,0.948995363214838,0.939935064935065,0.0406015037593985,0.00156494522691706,0.0620031796502385,0.0151975683890578,0.0587326120556414,0,0.0185758513931889,0.0187793427230047,0.0557324840764331,0.00475435816164818,0.00153374233128834,0.952012383900929,0.00313971742543171,0.939117199391172,0.0496987951807229,0.136807817589577,0.0590909090909091,0,0.0586370839936609,0.940993788819876,0.0347957639939486,0.0325581395348837,0.0546021840873635,0.949286846275753,0.0606980273141123,0.943661971830986,0.0220125786163522,0.0576631259484067,0.943251533742331,0.0574534161490683,0.0498442367601246,0.0446841294298921,0.0476190476190476,0.00154559505409583,0.944530046224962,0.0546021840873635,0.00471698113207547,0.940366972477064,0.0365853658536585,0,0.00150829562594268,0.053125,0.0623003194888179,0.0592705167173252,0.0612244897959184,0.059190031152648,0.944700460829493,0.0513219284603421,0.946646341463415,0.036697247706422,0.0169491525423729,0.0584615384615385,0.0540123456790123,0.0579268292682927,0.0585516178736518,0.878971255673222,0,0.0604133545310016,0.0418604651162791,0.0409711684370258,0.0583717357910906,0.0517503805175038,0.0598159509202454,0.937784522003035,0.942942942942943,0.0621301775147929,0.94856278366112,0.00459418070444104,0.947204968944099,0.0529595015576324,0.0125391849529781,0.0127186009538951,0.0106544901065449,0.0600315955766193,0.94081942336874,0.00609756097560976,0.0651162790697674,0.0597243491577335,0.0356037151702786,0.025297619047619,0.00886262924667651,0.0138036809815951,0.0395569620253165,0,0.00766871165644172,0.0294117647058824,0.0122887864823349,0.0440060698027314,0.0015600624024961,0.942307692307692,0,0.0288,0.0587301587301587,0.0706605222734255,0.0119940029985007,0.0320121951219512,0.0473282442748092,0.0664652567975831,0.0659163987138264,0.0579937304075235,0.0556438791732909,0.0579029733959311,0.0280811232449298,0.0227617602427921,0.0607476635514019,0,0,0.0527950310559006,0.956989247311828,0.0596330275229358,0.0511627906976744,0.95260663507109,0.00483091787439614,0.936630602782071,0.0501567398119122,0.942766295707472,0.0570107858243451,0.0540958268933539,0,0.0431432973805855,0.0583717357910906,0.0394321766561514,0.0290519877675841,0.0714285714285714,0.940809968847352,0.94392523364486,0.0464,0.0419790104947526,0.0578386605783866,0.944024205748865,0.94969512195122,0,0.0108024691358025,0.027906976744186,0.941448382126348,0.0275650842266462,0.945454545454545,0.0469483568075117,0.0565149136577708,0.0378548895899054,0.0150602409638554,0.937595129375951,0.0172413793103448,0.0325581395348837,0.046583850931677,0.0460122699386503,0.0342679127725857,0,0.0592948717948718,0.838304552590267,0.0575079872204473,0.94383775351014,0.0529500756429652,0.956181533646322,0.0516431924882629,0,0.333865814696486,0.946564885496183,0.949606299212598,0.0445468509984639,0.0569620253164557,0.0624048706240487,0.0395136778115502,0.00303030303030303,0,0.0295489891135303,0.0542168674698795,0.939778129952456,0,0.053125,0.943683409436834,0.0617088607594937,0.0580152671755725,0.00310077519379845,1,0,0.0594512195121951,0.0256821829855538,0.00310077519379845,0.00316957210776545,0.0107858243451464,0.0393081761006289,0.00611620795107034,0.0538461538461538,0.938650306748466,0.0469483568075117,0.0603318250377074,0.954898911353033,0.939252336448598,0,0.948356807511737,0,0.0618238021638331,0.0395569620253165,0,0,0.0381558028616852,0.062992125984252,0.0262345679012346,0.98796992481203,0,0.933544303797468,0.931888544891641,0.94392523364486,0.140845070422535,0,0,0.00458715596330275,0,1,1,0.00154798761609907,0.92802450229709,0.942857142857143,0.906396255850234,0.932411674347158,1,0,0.921658986175115,0,0,1,0.00155038759689922,0.889221556886228,0,0.0417956656346749,0.00149476831091181,0
"831",0.0175718849840256,0.00938967136150235,0.0413476263399694,0.0698757763975155,0.0268562401263823,0.0159489633173844,0.112877583465819,0.0358255451713396,0.0151745068285281,0,0.015527950310559,0,0.435857805255023,0.0158730158730159,0.951334379905808,0.973312401883831,0,0.00158227848101266,0.0174880763116057,0.029874213836478,0.834890965732087,0.958730158730159,0.0186335403726708,0,0.0635658914728682,0.738654147104851,0.875981161695447,0.023696682464455,0.542296072507553,0.328149300155521,0.989230769230769,0.327073552425665,0.248826291079812,0.700468018720749,0,0.0173228346456693,0.00753012048192771,0.0200617283950617,0.747384155455904,0.105740181268882,0,0,0,0.0142405063291139,0.238019169329073,0.965299684542587,0.5,0.988993710691824,0.539274924471299,0.86232980332829,0,0.0203125,0.7359375,0.0110759493670886,0.120634920634921,0.835443037974684,0,0.0317460317460317,0.0479876160990712,0.115384615384615,0.689814814814815,0.575384615384615,0.987220447284345,0,0.118564742589704,0.198461538461538,0,0.0248833592534992,0,0.9826224328594,0.149300155520995,0.98297213622291,0.968798751950078,0.0136986301369863,0,0.293129770992366,0.943164362519201,0.433641975308642,0.10952380952381,0.728618421052632,0,0.301684532924962,0.796042617960426,0.0122324159021407,0.884080370942813,0.0977099236641221,0.0182926829268293,0.0400616332819723,0.0401854714064915,0,0.0277349768875193,0.0140405616224649,0,0,0.0382775119617225,0,0.700468018720749,0.0344827586206897,0,0,0.39375,0,0.722480620155039,0.0125,0.890225563909774,0.0144230769230769,0,0.0297339593114241,0.985849056603774,0.976152623211447,0.978294573643411,0.0920436817472699,0.680491551459293,0.0236220472440945,0,0.0261538461538462,0.302795031055901,0,0.987596899224806,0.7609375,0,0.248037676609105,0.74806800618238,0.906902086677368,0.0385802469135802,0.841368584758942,0.0184615384615385,0.0185758513931889,0,0.471317829457364,0.0722135007849294,0.522222222222222,0.0270700636942675,0,0.0192307692307692,0.966257668711656,0,0.784591194968553,0.385103011093502,0.500789889415482,0,0,0.0390015600624025,0.242990654205607,0.818619582664527,0.0174880763116057,0.978090766823161,0.0828125,0.595541401273885,0.0321592649310873,0.859903381642512,0.0278637770897833,0.0143540669856459,0.175548589341693,0.0217391304347826,0.987261146496815,0.0155763239875389,0.985871271585557,0,0.27602523659306,0.13713405238829,0.0266875981161695,0.966205837173579,0,0.0123456790123457,0.570747217806041,0.0159744408945687,0.0124031007751938,0.0108191653786708,0.699088145896657,0.0375,0.9859375,0.0679012345679012,0.984756097560976,0.11875,0.630368098159509,0,0.0328125,0,0.168486739469579,0.0153139356814701,0.867834394904459,0.0357698289269051,0.0666666666666667,0.0228658536585366,0.0412844036697248,0.902476780185758,0.635258358662614,0.0966719492868463,0.0654205607476635,0.930340557275542,0.976415094339623,0.0345368916797488,0.135384615384615,0,0,0.717628705148206,0,0.0137825421133231,0.740740740740741,0.132492113564669,0.262269938650307,0.0276073619631902,0.572542901716069,0.572964669738863,0.701923076923077,0.102201257861635,0.053125,0.12888198757764,0,0.12792511700468,0.8112,0.0719874804381847,0.990521327014218,0.923312883435583,0.476708074534161,0.0296411856474259,0.0366412213740458,0.191588785046729,0.0154559505409583,0.116352201257862,0,0.915094339622642,0.348159509202454,0.0190779014308426,0,0.0125195618153365,0.0289193302891933,0.465732087227414,0.463949843260188,0.021875,0.00955414012738853,0.636080870917574,0,0.117199391171994,0.4875,0.0373376623376623,0.986153846153846,0.0579268292682927,0.0110236220472441,0.0153846153846154,0.0615141955835962,0.48062015503876,0.985826771653543,0.0371517027863777,0.468315301391036,0.980182926829268,0.984802431610942,0.801251956181534,0.987538940809969,0.83495145631068,0.34,0.982866043613707,0.981651376146789,0.978527607361963,0.426810477657935,0.945945945945946,0.03125,0,0.984520123839009,0,0.787735849056604,0.0142405063291139,0.0386398763523957,0.114374034003091,0,0.138263665594855,0.155384615384615,0.327102803738318,0.422839506172839,0.541471048513302,0.55868544600939,0,0.0126182965299685,0.900466562986003,0.311688311688312,0.0536277602523659,0.9796875,0.269470404984424,0.98613251155624,0.869767441860465,0.0121396054628225,0.0129032258064516,0.112698412698413,0,0.360730593607306,0.117088607594937,0,0.984544049459042,0.107575757575758,0.0296875,0,0.984472049689441,0.983024691358025,0.0352,0.126760563380282,0.983948635634029,0,0.615975422427035,0.0254372019077901,0.231240428790199,0.617554858934169,0.364928909952607,0.06,0.976635514018692,0.013953488372093,0.0124610591900312,0.975077881619938,0.0521472392638037,0.0111287758346582,0.0355987055016181,0.0185185185185185,0.80625,0.678899082568807,0.717868338557994,0.0377358490566038,0.0810372771474878,0.00155038759689922,0.731366459627329,0.0374414976599064,0.833592534992224,0.695195195195195,0.0200617283950617,0.0172684458398744,0.0455974842767296,0.31974921630094,0.0154798761609907,0.743670886075949,0.0432098765432099,0.0112359550561798,0,0.672360248447205,0.459842519685039,0.970266040688576,0,0.996927803379416,0.109034267912773,0.96594427244582,0.987480438184664,0,0.754658385093168,0.0235478806907378,0.922480620155039,0.032520325203252,0.0402476780185759,0.0251177394034537,0.720447284345048,0.722402597402597,0.339089481946625,0.54281098546042,0,0.189358372456964,0.974085365853659,0.948328267477204,0.794753086419753,0.00964630225080386,0.986024844720497,0,0.667682926829268,0.978125,0.958730158730159,0.522012578616352,0.0141732283464567,0.728706624605678,0.014218009478673,0.0429252782193959,0,0.0254110612855007,0.984399375975039,0.0166919575113809,0.17601246105919,0.0176282051282051,0.973520249221184,0.0340557275541796,0.990625,0.128482972136223,0.31139646869984,0.0699844479004666,0.0288753799392097,0.0123076923076923,0.703245749613601,0.0471698113207547,0.0075642965204236,0.987860394537178,0.966929133858268,0.0143540669856459,0.013953488372093,0.682170542635659,0.120556414219474,0.0424143556280587,0.0576323987538941,0.0108191653786708,0,0.87719298245614,0.0155763239875389,0.985849056603774,0,0.0425196850393701,0,0.941915227629513,0.0168453292496172,0.0380952380952381,0,0.3861852433281,0.596825396825397,0.0365079365079365,0.980769230769231,0.154213036565978,0.0174880763116057,0.640378548895899,0.407176287051482,0.229559748427673,0,0.833333333333333,0.0268562401263823,0.0110410094637224,0.567233384853168,0.0137825421133231,0.0363636363636364,0.956043956043956,0,0.0321592649310873,0.020440251572327,0.0632911392405063,0.321646341463415,0.977987421383648,0.146875,0.752307692307692,0.840197693574959,0,0.385103011093502,0.40405616224649,0.392307692307692,0,0.7232,0.0987460815047022,0.361538461538462,0.492307692307692,0.909774436090226,0,0,0.0134932533733133,0.0334855403348554,0,0.0907668231611894,0,0,0,0.0158227848101266,0,0.0129032258064516,0.240188383045526,0.491577335375191,0.0121951219512195,0,0,0.0231839258114374,0.054380664652568,0.285276073619632,0.98780487804878,0,0.120060790273556,0.413109756097561,0.013953488372093,0.48698315467075,0.666666666666667,0,0.031201248049922,0.984202211690363,0.0586370839936609,0.895545314900154,0,0.978851963746224,0.886255924170616,0.487684729064039,0.0447530864197531,0,0.0605143721633888,0.0386996904024768,0.00771604938271605,0,0.925278219395866,0.0754098360655738,0.986906710310966,0.0108359133126935,0.0139751552795031,0.975270479134467,0.0123647604327666,0.708920187793427,0.206201550387597,0.97933227344992,0.838862559241706,0.0530421216848674,0,0.986003110419907,0.0414746543778802,0.984051036682616,0.355769230769231,0.604724409448819,0,0.878315132605304,0.274603174603175,0.741885625965997,0.0383435582822086,0.984326018808777,0.838167938931298,0.556280587275693,0.0689127105666156,0.130699088145897,0.0515625,0.254045307443366,0,0.029320987654321,0.984802431610942,0.0464396284829721,0.629337539432177,0.986301369863014,0.0121028744326778,0.015748031496063,0.0127388535031847,0.383045525902669,0.0280811232449298,0.868544600938967,0.815789473684211,0.0612557427258806,0.12111801242236,0,0,0.0224,0.0818619582664527,0.969889064976228,0.0300632911392405,0.0230769230769231,0.646604938271605,0.0744849445324881,0.270735524256651,0.120845921450151,0,0.0420560747663551,0.669278996865204,0.0154559505409583,0.0139751552795031,0,0.375,0.0304487179487179,0.9890625,0.330721003134796,0.619195046439629,0.217585692995529,0.323899371069182,0.0568862275449102,0.905120481927711,0.0306946688206785,0.012326656394453,0.0339506172839506,0.715909090909091,0.91588785046729,0.0229357798165138,0.012326656394453,0,0.237654320987654,0.537267080745342,0.741379310344828,0.248073959938367,0.0121580547112462,0.139968895800933,0.0139751552795031,0.108728943338438,0.983766233766234,0,0.189655172413793,0.984227129337539,0.984326018808777,0.729393468118196,0,0.0246153846153846,0.0929878048780488,0.0172413793103448,0.0201550387596899,0.901898734177215,0.984152139461173,0,0,0.829073482428115,0.91025641025641,0.835443037974684,0,0.984423676012461,0.0154320987654321,0.431221020092736,0.713385826771654,0.015748031496063,0.426153846153846,0.0450310559006211,0.354838709677419,0.38145896656535,0,0.0135135135135135,0.613207547169811,0.513470681458003,0.0878787878787879,0.0261538461538462,0.604294478527607,0,0.0603715170278638,0.0581929555895865,0,0.0426179604261796,0.974203338391502,0.0321543408360129,0.582677165354331,0,0,0.501618122977346,0.184542586750789,0.984447900466563,0.866877971473851,0,0,0.27218045112782,0.963665086887836,0.0114192495921697,0.686544342507645,0.021505376344086,0.984802431610942,0.619047619047619,0.671474358974359,0.139937106918239,0.890850722311397,0.985981308411215,0,0.946708463949843,0,0.0225563909774436,0.806873977086743,0.0284005979073244,0.988871224165342,0.016,0,0.475609756097561,0.553291536050157,0.0123647604327666,0,0.0153139356814701,0,0.611023622047244,0.0277349768875193,0,0.343987823439878,0.0285714285714286,0.262090483619345,0.0610328638497653,0.948678071539658,0,0.0139968895800933,0.720748829953198,0,0.32398753894081,0.987933634992459,0.969183359013868,0.0173501577287066,0.0156985871271586,0.0243161094224924,0.031496062992126,0.0313971742543171,0,0.0394321766561514,0,0.638888888888889,0.715396578538103,0.0232558139534884,0.0187207488299532,0.0230414746543779,0.0200308166409861,0.0264797507788162,0.968652037617555,0.0342019543973941,0.0533536585365854,0.290030211480363,0.0403100775193798,0.0138036809815951,0.0386398763523957,0,0,0.031390134529148,0,0.920731707317073,0.00157728706624606,0.0495356037151703,0.718901453957997,0.781499202551834,0.874806800618238,0.0990415335463259,0.0015625,0.897035881435257,0.0138036809815951,0.0124416796267496,0.381026438569207,0.593607305936073,0.770588235294118,0.817629179331307,0.365079365079365,0.984639016897081,0.863422291993721,0.458267716535433,0.737421383647799,0.307219662058372,0.998417721518987,0,0.986003110419907,0.678855325914149,0.0142857142857143,0.358814352574103,0.775229357798165,0.390092879256966,0.13323124042879,0.0214067278287462,0.0501618122977346,0.0315457413249211,0.012779552715655,0.0157728706624606,0.463836477987421,0.594090202177294,0.0123647604327666,0.984894259818731,0.977203647416413,0.138674884437596,0,0.010752688172043,0.0337423312883436,0,0.8752,0,0.0658307210031348,0,0.0430769230769231,0.0124416796267496,0.983128834355828,0.17879746835443,0.0155763239875389,0.363067292644757,0.394171779141104,0.122222222222222,0,0,0.0796747967479675,0.0625931445603577,0.0245022970903522,0,0,0.983844911147011,0.753030303030303,0.512461059190031,0,0.554160125588697,0,0.0984126984126984,0.014218009478673,0.844051446945338,0.759571209800919,0,0.65818759936407,0.421461897356143,0.143302180685358,0.0506134969325153,0.23186119873817,0.989130434782609,0.0273311897106109,0.0913385826771654,0.0096,0,0.0320121951219512,0,0.0143312101910828,0.96551724137931,0.624213836477987,0,0,0.18622848200313,0.0770440251572327,0.0685975609756098,0.302147239263804,0.960546282245827,0.977917981072555,0.173501577287066,0.170731707317073,0,0.971786833855799,0.0487421383647799,0,0.0225442834138486,0.0562310030395137,0.924528301886792,0.0015600624024961,0.979719188767551,0.0154320987654321,0.541009463722397,0.912908242612753,0.887820512820513,0.877708978328173,0.320325203252033,0.901990811638591,0.0127388535031847,0,0.26040061633282,0.0296411856474259,0,0,0.984894259818731,0,0.987654320987654,0.010752688172043,0.296950240770466,0.992012779552716,0.984472049689441,0.468599033816425,0.0492845786963434,0.577981651376147,0,0.982594936708861,0.048,0.00766871165644172,0,0.809302325581395,0.978819969742814,0.982839313572543,0.971168437025797,0.987654320987654,0,0.00154798761609907,1,0.0062015503875969,0.00322061191626409,0.0282574568288854,0.00764525993883792,0,0.990639625585023,0.0123839009287926,0.987012987012987,0.985959438377535,0.00156985871271586,1,0.0485584218512898,0.990654205607477,0.902021772939347,0.986384266263237,0.989096573208723
"832",0.0192926045016077,0.0139751552795031,0.0173775671406003,0.0144,0.0193236714975845,0.0147058823529412,0.0285261489698891,0.0205047318611987,0.0184049079754601,0.974068071312804,0.0188087774294671,0.974842767295597,0.0221518987341772,0.0191693290734824,0.00946372239747634,0.0015527950310559,0.974006116207951,0.971786833855799,0.0177133655394525,0.0216383307573416,0.00933125972006221,0.00645161290322581,0.015600624024961,0.976671850699845,0.0219092331768388,0.00791139240506329,0.00631911532385466,0.0194174757281553,0.0154083204930663,0.015552099533437,0.00606060606060606,0.0201550387596899,0.0224358974358974,0.00625978090766823,0.978361669242658,0.0206022187004754,0.987538940809969,0.0217054263565891,0.00900900900900901,0.0186046511627907,0.981102362204724,0.972434915773354,0.973846153846154,0.0193236714975845,0.0196399345335516,0.00630914826498423,0.015600624024961,0.00473186119873817,0.0182370820668693,0.00604229607250755,0.975077881619938,0.015748031496063,0.0126984126984127,0.0159235668789809,0.0257648953301127,0.00650406504065041,0.97741935483871,0.017515923566879,0.0214067278287462,0.0202808112324493,0.0062992125984252,0.015552099533437,0.00482315112540193,0.974358974358974,0.0207006369426752,0.0232198142414861,0.971428571428571,0.0205696202531646,0.975039001560062,0.00483091787439614,0.0171073094867807,0.00631911532385466,0.00313971742543171,0.0199081163859112,0.976816074188563,0.0154320987654321,0.00613496932515337,0.0263157894736842,0.0176282051282051,0.01,0.974522292993631,0.0202492211838006,0.00617283950617284,0.0168195718654434,0.009375,0.01875,0.0201863354037267,0.0217054263565891,0.0231481481481481,0.976851851851852,0.0171606864274571,0.0203125,0.977848101265823,0.976489028213166,0.0223285486443381,0.970172684458399,0.0287539936102236,0.0172143974960876,0.975155279503106,0.980922098569157,0.0265625,0.973015873015873,0.0143312101910828,0.0190174326465927,0.00916030534351145,0.0207336523125997,0.973015873015873,0.0187207488299532,0.00626959247648903,0.004739336492891,0.00623052959501558,0.03125,0.0139968895800933,0.0236220472440945,0.975728155339806,0.0234375,0.0188976377952756,0.976923076923077,0.00462962962962963,0.0062402496099844,0.978428351309707,0.0237341772151899,0.0139103554868624,0.00486223662884927,0.0182370820668693,0.00626959247648903,0.0215716486902928,0.0157728706624606,0.973228346456693,0.0231124807395994,0.0156985871271586,0.0175438596491228,0.0191082802547771,0.978021978021978,0.0159744408945687,0.00460122699386503,0.977952755905512,0.0111111111111111,0.0113085621970921,0.0163132137030995,0.976076555023923,0.977272727272727,0.0140405616224649,0.0203761755485893,0.00654664484451719,0.0177133655394525,0.00630914826498423,0.0186625194401244,0.0143312101910828,0.0185185185185185,0.00961538461538462,0.0220125786163522,0.0192307692307692,0.0154320987654321,0.0172684458398744,0.00646203554119548,0.0236220472440945,0.0063391442155309,0.975270479134467,0.022508038585209,0.0276497695852535,0.0202492211838006,0.00626959247648903,0.976708074534162,0.0152905198776758,0.0160513643659711,0.0194805194805195,0.0216383307573416,0.0186335403726708,0.00455927051671732,0.0186046511627907,0.0046583850931677,0.0154320987654321,0.00455927051671732,0.0222222222222222,0.0125,0.977382875605816,0.0155763239875389,0.975460122699387,0.0204724409448819,0.0217054263565891,0.00473186119873817,0.0218068535825545,0.015600624024961,0.0180995475113122,0.0186915887850467,0.00467289719626168,0.0137404580152672,0.016,0.0210016155088853,0.00786163522012579,0.003125,0.0188679245283019,0.0388802488335925,0.974203338391502,0.979462875197472,0.0158227848101266,0.980091883614089,0.015600624024961,0.00759878419452888,0.028436018957346,0.0217391304347826,0.0186046511627907,0.0144230769230769,0.0153609831029186,0.0127388535031847,0.0189274447949527,0.0156494522691706,0.025,0.973101265822785,0.0170015455950541,0.00818330605564648,0.0175718849840256,0.00314465408805031,0.00769230769230769,0.0188383045525903,0.0221518987341772,0.0196969696969697,0.0235478806907378,0.0232558139534884,0.0208667736757624,0.977671451355662,0.0046875,0.0200308166409861,0.0158982511923688,0.976525821596244,0.0168970814132104,0.0196969696969697,0.0189274447949527,0.0172684458398744,0.0205047318611987,0.0210355987055016,0.03125,0.979133226324238,0.0276923076923077,0.0109717868338558,0.0227642276422764,0.00309597523219814,0.0201238390092879,0.018957345971564,0.0233644859813084,0.0188087774294671,0.0170542635658915,0.0062992125984252,0.0206677265500795,0.0125,0.00611620795107034,0.00458715596330275,0.00946372239747634,0.00625,0.00796178343949045,0.0151975683890578,0.00625978090766823,0.00625,0.0046875,0.0186046511627907,0.00480769230769231,0.018957345971564,0.9744,0.00471698113207547,0.974882260596546,0.0110935023771791,0.0221518987341772,0.014018691588785,0.0219092331768388,0.972093023255814,0.024390243902439,0.0233281493001555,0.0217729393468118,0.0155038759689922,0.015748031496063,0.0143312101910828,0.970266040688576,0.0161290322580645,0.0078125,0.0178282009724473,0.016,0.00611620795107034,0.0172143974960876,0.00313479623824451,0.00623052959501558,0.0213414634146341,0.0197044334975369,0.0221518987341772,0.972222222222222,0.0154320987654321,0.0347551342812006,0.973561430793157,0.00154320987654321,0.0296411856474259,0.021978021978022,0.980122324159021,0.00471698113207547,0.0061633281972265,0.0161550888529887,0.0191387559808612,0.00484652665589661,0.976303317535545,0.025,0.014308426073132,0.0198170731707317,0.0123456790123457,0.0174603174603175,0.0171073094867807,0.00469483568075117,0.0199386503067485,0.0156494522691706,0.00627943485086342,0.0187793427230047,0.0203761755485893,0.0208667736757624,0.0171339563862928,0.00788643533123028,0.0139968895800933,0.0157728706624606,0.0206022187004754,0.0228384991843393,0.94392523364486,0.00950871632329636,0.0172143974960876,0.00777604976671851,0.0107033639143731,0.0204081632653061,0.023696682464455,0.0204724409448819,0.0206677265500795,0.0213414634146341,0.00955414012738853,0.0215716486902928,0.0223285486443381,0.976303317535545,0.0139968895800933,0.0240770465489567,0.00465116279069767,0.935285053929122,0.00306748466257669,0.0202177293934681,0.00470957613814757,0.00617283950617284,0.976958525345622,0.00801282051282051,0.0222222222222222,0.0062111801242236,0.0210016155088853,0.0140405616224649,0.0189274447949527,0.0160771704180064,0.016,0.0218068535825545,0.0179738562091503,0.979559748427673,0.021875,0.00610687022900763,0.00615384615384615,0.0125588697017268,0.0207667731629393,0.00471698113207547,0.98116169544741,0.015600624024961,0.0046875,0.00636942675159236,0.0125588697017268,0.0159235668789809,0.0095389507154213,0.0133111480865225,0.019047619047619,0.975116640746501,0.0104790419161677,0.00619195046439629,0.0185471406491499,0.0205047318611987,0.0163132137030995,0.00470957613814757,0.0138461538461538,0.00308641975308642,0.0169753086419753,0.0174050632911392,0.0170015455950541,0.0219092331768388,0.0157977883096366,0.0140405616224649,0.0220472440944882,0.0184049079754601,0.00619195046439629,0.0061633281972265,0.022508038585209,0.0200617283950617,0.00934579439252336,0.0218408736349454,0.0228384991843393,0.0157232704402516,0.0201550387596899,0.9744,0.00485436893203883,0.0220472440944882,0.00476190476190476,0.974683544303797,0.01743264659271,0.97456279809221,0.00478468899521531,0.0185185185185185,0.0173228346456693,0.971061093247588,0.025,0.0110062893081761,0.0206349206349206,0.00648298217179903,0.0189274447949527,0.018957345971564,0.012779552715655,0.0137825421133231,0.0205696202531646,0.973354231974922,0.0093603744149766,0.0241157556270096,0.0172143974960876,0.0156494522691706,0.0172684458398744,0.0184873949579832,0.0061633281972265,0.975,0.020440251572327,0.0173501577287066,0.0159235668789809,0.0200308166409861,0.00159744408945687,0.0222929936305732,0.0078125,0.0249169435215947,0.976887519260401,0.025,0.0176,0.0154083204930663,0.973270440251572,0.0112359550561798,0.0222929936305732,0.0214067278287462,0.0108695652173913,0.00452488687782805,0.976780185758514,0.976780185758514,0.022354694485842,0.0170278637770898,0.975308641975309,0.0172143974960876,0.975961538461538,0.973724884080371,0.972668810289389,0.020440251572327,0.981337480559876,0.0223285486443381,0.018957345971564,0.0229357798165138,0.0214723926380368,0.977812995245642,0.980891719745223,0.0188976377952756,0.0182648401826484,0.0199081163859112,0.0046583850931677,0.980613893376414,0.0319634703196347,0.0139318885448916,0.0234375,0.0169230769230769,0.0142405063291139,0.974960876369327,0.0170807453416149,0.00324675324675325,0.0224358974358974,0.00950871632329636,0.972136222910217,0.00306278713629403,0.0063391442155309,0.00991735537190083,0.0233281493001555,0.97339593114241,0.0196374622356495,0.0234009360374415,0.0154559505409583,0.982594936708861,0.0063391442155309,0.0115511551155116,0.00324675324675325,0.0198776758409786,0.0169230769230769,0.00465116279069767,0.0220125786163522,0.0142405063291139,0.0203125,0.00631911532385466,0.0141955835962145,0.0186046511627907,0.973228346456693,0.0062402496099844,0.0185471406491499,0.00479233226837061,0.0193861066235864,0.0313971742543171,0.97112462006079,0.00778816199376947,0.0223285486443381,0.016793893129771,0.0182926829268293,0.00475435816164818,0.00775193798449612,0.0161812297734628,0.0167682926829268,0.0197568389057751,0.0234375,0.0228013029315961,0.980922098569157,0.0201863354037267,0.00619195046439629,0.015552099533437,0.0144927536231884,0.00609756097560976,0.0212765957446809,0.0220820189274448,0.0172143974960876,0.0156739811912226,0.0141287284144427,0.00797448165869218,0.00947867298578199,0.0247295208655332,0.0251572327044025,0.97360248447205,0.974603174603175,0.0188383045525903,0.0223642172523962,0.00636942675159236,0.0223285486443381,0.0203442879499218,0.014018691588785,0.0192616372391653,0.0176565008025682,0.0276073619631902,0.976851851851852,0.0221169036334913,0.023696682464455,0.0236593059936909,0.0186046511627907,0.978625954198473,0.018957345971564,0.0142857142857143,0.00634920634920635,0.0205047318611987,0.0093167701863354,0.0212443095599393,0.0158982511923688,0.0180722891566265,0.00758725341426404,0.0240770465489567,0.0223285486443381,0.0186625194401244,0.0258064516129032,0.0298273155416013,0.0172684458398744,0.014018691588785,0.9734375,0.0200927357032458,0.00925925925925926,0.0062402496099844,0.0155763239875389,0.0204081632653061,0.0159489633173844,0.0156739811912226,0.768518518518518,0.00324675324675325,0.978125,0.0267716535433071,0.004739336492891,0.00623052959501558,0.00940438871473354,0.97456279809221,0.0187793427230047,0.0184615384615385,0.0156494522691706,0.0202492211838006,0.00784929356357928,0.00627943485086342,0.975794251134644,0.971830985915493,0.00642054574638844,0.0047244094488189,0.00794912559618442,0.973312401883831,0.00623052959501558,0.0156985871271586,0.552671755725191,0.0141955835962145,0.0159489633173844,0.0217391304347826,0.0191387559808612,0.0184615384615385,0.0184899845916795,0.976635514018692,0.0135542168674699,0.0127591706539075,0.0140845070422535,0.0198776758409786,0.0171339563862928,0.00934579439252336,0.970266040688576,0.0173501577287066,0.0169230769230769,0.977987421383648,0.0228658536585366,0.0046801872074883,0.0146818923327896,0.0153846153846154,0.979559748427673,0.979430379746835,0.014827018121911,0.019047619047619,0.00625978090766823,0.00480769230769231,0.972307692307692,0.974358974358974,0.0196374622356495,0.00484652665589661,0.0164473684210526,0.0108359133126935,0.0214395099540582,0.0061633281972265,0.00782472613458529,0.00961538461538462,0.0257234726688103,0.00478468899521531,0.00623052959501558,0.981102362204724,0.00637958532695375,0.972049689440994,0.0167173252279635,0.163398692810458,0.0197268588770865,0.00484652665589661,0.0221518987341772,0.979813664596273,0.0182370820668693,0.0191693290734824,0.0217729393468118,0.971291866028708,0.0231124807395994,0.977564102564103,0.00964630225080386,0.0197568389057751,0.976780185758514,0.0352220520673813,0.0204081632653061,0.0142857142857143,0.0205696202531646,0.00626959247648903,0.978193146417445,0.0188679245283019,0.00482315112540193,0.975384615384615,0.0214723926380368,0.0015220700152207,0.0062015503875969,0.0159235668789809,0.0208,0.0141955835962145,0.0265625,0.0174603174603175,0.978227060653188,0.0188976377952756,0.958397534668721,0.0294573643410853,0.00777604976671851,0.021978021978022,0.0188383045525903,0.018348623853211,0.0217054263565891,0.910377358490566,0.00625,0.0163398692810458,0.0138674884437596,0.0246153846153846,0.0203761755485893,0.0201863354037267,0.0218408736349454,0.976744186046512,0.975497702909648,0.0181818181818182,0.972179289026275,0.00463678516228748,0.982511923688394,0.0156985871271586,0.00805152979066022,0.0113268608414239,0.0139103554868624,0.0204724409448819,0.977742448330684,0.00618238021638331,0.0221870047543582,0.0186625194401244,0.0110062893081761,0.0151515151515152,0.0104477611940299,0.0076103500761035,0.014308426073132,0.00623052959501558,0.0111287758346582,0.009375,0.0110935023771791,0.0231124807395994,0.00632911392405063,0.976489028213166,0.00474683544303797,0.0286624203821656,0.0179153094462541,0.0451010886469673,0.0121396054628225,0.0184049079754601,0.0246913580246914,0.018348623853211,0.0225806451612903,0.0192616372391653,0.019047619047619,0.020440251572327,0.0126382306477093,0.0138674884437596,0.0215384615384615,0.00610687022900763,0.00304878048780488,0.0237341772151899,0.975039001560062,0.0201550387596899,0.0187207488299532,0.97258064516129,0.0048,0.978361669242658,0.0174050632911392,0.977742448330684,0.0172955974842767,0.0171073094867807,0.0015527950310559,0.0189274447949527,0.0201238390092879,0.0142405063291139,0.0139318885448916,0.0333333333333333,0.978361669242658,0.979233226837061,0.0180623973727422,0.0164179104477612,0.0186046511627907,0.973846153846154,0.976887519260401,0.00642054574638844,0.0124223602484472,0.0141509433962264,0.971830985915493,0.009375,0.976671850699845,0.0224,0.0189873417721519,0.0421393841166937,0.00923076923076923,0.978593272171254,0.0112721417069243,0.018957345971564,0.0186625194401244,0.0202492211838006,0.021875,0.00623052959501558,0.0210016155088853,0.876175548589342,0.0240384615384615,0.976303317535545,0.0184899845916795,0.975116640746501,0.0174603174603175,0.004739336492891,0.367670364500792,0.975232198142415,0.974723538704581,0.0171339563862928,0.0191387559808612,0.0200617283950617,0.013953488372093,0.00613496932515337,0.00477707006369427,0.0172413793103448,0.0213089802130898,0.979066022544283,0.00476190476190476,0.0143312101910828,0.975193798449612,0.0210355987055016,0.0171339563862928,0.00934579439252336,0.944968553459119,0.00476947535771065,0.01875,0.0144,0.00955414012738853,0.00647249190938511,0.00766871165644172,0.0256821829855538,0.0061633281972265,0.0141509433962264,0.975193798449612,0.0235849056603774,0.0184331797235023,0.982704402515723,0.973561430793157,0.003003003003003,0.977848101265823,0.00625978090766823,0.0186915887850467,0.0161812297734628,0.00478468899521531,0.00480769230769231,0.0191082802547771,0.0205371248025276,0.0168453292496172,0.944615384615385,0.00644122383252818,0.891167192429022,1,0.979462875197472,0.157392686804452,0.00615384615384615,0.00317460317460317,0.0138888888888889,0.0060882800608828,0.9376,0.92802450229709,0.0062015503875969,1,0.985365853658537,0.987321711568938,1,0.929245283018868,0.0046583850931677,0.998444790046656,0.00323101777059774,0.0062402496099844,0.941362916006339,0.00467289719626168,0.958588957055215,0.00462249614791988,0.0694006309148265,0.00451127819548872,0.0031055900621118
"833",0.00491803278688525,0.00638977635782748,0.00476947535771065,0.0033003300330033,0.00490196078431373,0.00327332242225859,0.0114192495921697,0.00638977635782748,0.0031496062992126,0.991896272285251,0.00641025641025641,0.99347471451876,0.00805152979066022,0.00492610837438424,0.00482315112540193,0,0.99211356466877,0.986906710310966,0.00495867768595041,0.00628930817610063,0.00317965023847377,0.00329489291598023,0.00635930047694754,0.99211356466877,0.00644122383252818,0.00484652665589661,0.00321543408360129,0.00668896321070234,0.00465116279069767,0.00631911532385466,0.00321027287319422,0.00480769230769231,0.00966183574879227,0.0032,0.992012779552716,0.00481540930979133,0.971473851030111,0.00638977635782748,0.00462249614791988,0.00628930817610063,0.9936,0.988941548183254,0.990461049284579,0.00488599348534202,0.0066334991708126,0.00165289256198347,0.00488599348534202,0.00319488817891374,0.00786163522012579,0.00158982511923688,0.992025518341308,0.00160513643659711,0.00631911532385466,0.00323624595469256,0.0129449838187702,0.0033112582781457,0.993421052631579,0.00495049504950495,0.0078740157480315,0.004739336492891,0.00157977883096367,0.00159235668789809,0.00321543408360129,0.99349593495935,0.00495049504950495,0.00789889415481832,0.990461049284579,0.00641025641025641,0.991896272285251,0.00319488817891374,0.00473186119873817,0.0032,0.00161550888529887,0.0047244094488189,0.993730407523511,0.00310077519379845,0.00316455696202532,0.008,0.00165289256198347,0.00340715502555366,0.993589743589744,0.0078740157480315,0.00312989045383412,0.00635930047694754,0.00323101777059774,0.00626959247648903,0.0048,0.00630914826498423,0.00788643533123028,0.987421383647799,0.0048,0.0064,0.995098039215686,0.990306946688207,0.00658978583196046,0.990384615384615,0.0191082802547771,0.0048,0.991974317817014,0.993558776167472,0.0144230769230769,0.99025974025974,0.00476947535771065,0.00492610837438424,0.0015748031496063,0.00655737704918033,0.991961414790997,0.00635930047694754,0.0032258064516129,0.00159489633173844,0.00318471337579618,0.016260162601626,0.00634920634920635,0.00648298217179903,0.99025974025974,0.00635930047694754,0.00794912559618442,0.993670886075949,0.00158730158730159,0.00318471337579618,0.993690851735016,0.00815660685154975,0.0016025641025641,0.00163398692810458,0.0064,0.0032258064516129,0.00474683544303797,0.00321027287319422,0.990196078431373,0.0126782884310618,0.00484652665589661,0.00657894736842105,0.00651465798045603,0.993620414673046,0.00661157024793388,0.00156494522691706,0.991961414790997,0.00483091787439614,0.00648298217179903,0.0115702479338843,0.993399339933993,0.991776315789474,0.00318471337579618,0.00814332247557003,0.00161030595813205,0.00638977635782748,0.00319488817891374,0.00482315112540193,0.0065252854812398,0.00637958532695375,0.00330578512396694,0.00484652665589661,0.00491803278688525,0.00642054574638844,0.00318471337579618,0.00323624595469256,0.00475435816164818,0.0032520325203252,0.9952,0.00645161290322581,0.00950871632329636,0.00632911392405063,0.00315457413249211,0.992175273865415,0.00474683544303797,0.00673400673400673,0.00498338870431894,0.00637958532695375,0.00481540930979133,0.00156494522691706,0.00631911532385466,0.00325732899022801,0.0047244094488189,0.00153609831029186,0.00646203554119548,0.00321543408360129,0.993464052287582,0.0065252854812398,0.990430622009569,0.00643086816720257,0.00646203554119548,0.0016260162601626,0.00632911392405063,0.00318979266347687,0.0046656298600311,0.00475435816164818,0.00160771704180064,0.00469483568075117,0.00654664484451719,0.00649350649350649,0.00643086816720257,0.00162337662337662,0.00486223662884927,0.0190174326465927,0.99211356466877,0.990291262135922,0.00496688741721854,0.995161290322581,0.00313479623824451,0.00158478605388273,0.0162866449511401,0.00791139240506329,0.0047244094488189,0.00323101777059774,0.00642054574638844,0.00490998363338789,0.00644122383252818,0.00477707006369427,0.00630914826498423,0.99184339314845,0.00635930047694754,0.00165562913907285,0.00650406504065041,0.00163132137030995,0.0032,0.00788643533123028,0.00788643533123028,0.00467289719626168,0.00811688311688312,0.0063391442155309,0.00321543408360129,0.991922455573506,0,0.00625978090766823,0.0032520325203252,0.990491283676704,0.0031496062992126,0.00625,0.012779552715655,0.008,0.00482315112540193,0.00487012987012987,0.0194805194805195,0.993355481727575,0.0173228346456693,0.0032258064516129,0.00658978583196046,0.00159235668789809,0.00475435816164818,0.00487012987012987,0.00641025641025641,0.00481540930979133,0.00481540930979133,0.00327868852459016,0.00322061191626409,0.00317460317460317,0.00307692307692308,0.0031104199066874,0.00326797385620915,0.00320512820512821,0.00493421052631579,0.00632911392405063,0.0032,0.00321027287319422,0.00157728706624606,0.004739336492891,0.00328407224958949,0.00327868852459016,0.987117552334944,0.00322061191626409,0.993670886075949,0.00483091787439614,0.00482315112540193,0.00475435816164818,0.00645161290322581,0.990369181380417,0.00810372771474878,0.00933125972006221,0.00972447325769854,0.00320512820512821,0.008,0.00805152979066022,0.98876404494382,0.00656814449917898,0.00159489633173844,0.00164744645799012,0.0064,0.00316957210776545,0.00806451612903226,0,0,0.00632911392405063,0.00665557404326123,0.0114754098360656,0.990566037735849,0.00783699059561128,0.0180032733224223,0.992050874403816,0,0.0141732283464567,0.00654664484451719,0.995253164556962,0.00161290322580645,0.0032,0.00488599348534202,0.00487012987012987,0.00165562913907285,0.99185667752443,0.0191693290734824,0.00325732899022801,0.0062992125984252,0.00478468899521531,0.00809061488673139,0.00476190476190476,0.00158982511923688,0.00625978090766823,0.00482315112540193,0.00321027287319422,0.00475435816164818,0.00487012987012987,0.00665557404326123,0.00649350649350649,0.00321027287319422,0.0063391442155309,0.0048780487804878,0.00648298217179903,0.00496688741721854,0.951486697965571,0.00325732899022801,0.00487012987012987,0,0.00155763239875389,0.00641025641025641,0.00482315112540193,0.00642054574638844,0.00651465798045603,0.00632911392405063,0.00323624595469256,0.0063391442155309,0.00655737704918033,0.99198717948718,0.00630914826498423,0.0127388535031847,0.00323101777059774,0.950558213716108,0.00156494522691706,0.00642054574638844,0.0016,0.00316455696202532,0.993690851735016,0.00319488817891374,0.00638977635782748,0.00323624595469256,0.0066334991708126,0.00477707006369427,0.00483091787439614,0.00491803278688525,0.00327332242225859,0.00647249190938511,0.00667779632721202,0.995297805642633,0.00807754442649435,0.00313479623824451,0.00318471337579618,0.00476947535771065,0.00483091787439614,0.00318979266347687,0.995297805642633,0.00635930047694754,0.0031496062992126,0.00325732899022801,0.00483870967741936,0.00325732899022801,0.00325732899022801,0.0033500837520938,0.00490196078431373,0.990506329113924,0.00305343511450382,0.00311526479750779,0.00476947535771065,0.008,0.00329489291598023,0.0016025641025641,0.00476190476190476,0.00160513643659711,0.00322061191626409,0.00822368421052632,0.0063391442155309,0.00641025641025641,0.00802568218298555,0.00318471337579618,0.00802568218298555,0.00476947535771065,0.00315457413249211,0.00159744408945687,0.00644122383252818,0.00483091787439614,0.00317460317460317,0.00483091787439614,0.00662251655629139,0.00637958532695375,0.00477707006369427,0.992012779552716,0.00165837479270315,0.00638977635782748,0.00316455696202532,0.990066225165563,0.00481540930979133,0.988654781199352,0.00161812297734628,0.0062992125984252,0.00481540930979133,0.99185667752443,0.0113085621970921,0.00486223662884927,0.00654664484451719,0.0033003300330033,0.00643086816720257,0.00490196078431373,0.00323101777059774,0.00632911392405063,0.00821018062397373,0.991922455573506,0.00161550888529887,0.00658978583196046,0.00483870967741936,0.00482315112540193,0.00316957210776545,0.00677966101694915,0.00315955766192733,0.99198717948718,0.00480769230769231,0.00637958532695375,0.00485436893203883,0.00643086816720257,0.00161030595813205,0.00644122383252818,0.00321543408360129,0.0134453781512605,0.988817891373802,0.00643086816720257,0.00648298217179903,0.00649350649350649,0.990536277602524,0.00489396411092985,0.00644122383252818,0.0048,0.00318979266347687,0.00305343511450382,0.99198717948718,0.992125984251969,0.00615384615384615,0.00312989045383412,0.992012779552716,0.00318979266347687,0.987075928917609,0.992150706436421,0.990228013029316,0.0066334991708126,0.992025518341308,0.00497512437810945,0.00966183574879227,0.0110410094637224,0.00471698113207547,0.993506493506494,0.993388429752066,0.0064,0.00464396284829721,0.00645161290322581,0.00159744408945687,0.990033222591362,0.0172143974960876,0.00789889415481832,0.00636942675159236,0.00636942675159236,0.00482315112540193,0.992025518341308,0.00317965023847377,0,0.00651465798045603,0.00323624595469256,0.990521327014218,0,0.00320512820512821,0.00168350168350168,0.00792393026941363,0.992125984251969,0.00473186119873817,0.008,0.00645161290322581,0.995207667731629,0.00325732899022801,0.00335570469798658,0.00165016501650165,0.00628930817610063,0.00473186119873817,0.00313479623824451,0.00644122383252818,0.00476190476190476,0.00810372771474878,0.00319488817891374,0.00484652665589661,0.00482315112540193,0.988835725677831,0.00327332242225859,0.00641025641025641,0.00166944908180301,0.00483870967741936,0.0227642276422764,0.992088607594937,0.00157977883096367,0.00490196078431373,0.00483091787439614,0.00645161290322581,0.00324149108589951,0.00318979266347687,0.00496688741721854,0.00617283950617284,0.00475435816164818,0.00648298217179903,0.00825082508250825,0.9936,0.00631911532385466,0.0031496062992126,0.00323624595469256,0.00823723228995058,0.00308641975308642,0.00631911532385466,0.0048780487804878,0.00484652665589661,0.00643086816720257,0.00319488817891374,0.00319488817891374,0,0.00644122383252818,0.0112,0.99375,0.99185667752443,0.00327332242225859,0.00668896321070234,0.00327332242225859,0.00650406504065041,0.00632911392405063,0.00318471337579618,0.00648298217179903,0.00162074554294976,0.0157232704402516,0.992175273865415,0.00814332247557003,0.0144694533762058,0.0062992125984252,0.00482315112540193,0.990740740740741,0.00649350649350649,0.00329489291598023,0.00320512820512821,0.0065252854812398,0.00479233226837061,0.00770416024653313,0.00645161290322581,0.00775193798449612,0.0046875,0.00496688741721854,0.00476947535771065,0.00318979266347687,0.0181219110378913,0.0255591054313099,0.00643086816720257,0.00636942675159236,0.990322580645161,0.00796178343949045,0.00158227848101266,0.00162074554294976,0.00792393026941363,0.00646203554119548,0.00644122383252818,0.00161030595813205,0.758241758241758,0.00332778702163062,0.993700787401575,0.00637958532695375,0.00321027287319422,0.00318471337579618,0.00321543408360129,0.990506329113924,0.00474683544303797,0.00642054574638844,0.00316957210776545,0.00631911532385466,0.00328407224958949,0.00319488817891374,0.990697674418605,0.990384615384615,0,0.00323101777059774,0.00161030595813205,0.990476190476191,0.00315955766192733,0.00632911392405063,0.57345971563981,0.00162866449511401,0.00488599348534202,0.0128617363344051,0.00651465798045603,0.00634920634920635,0.00789889415481832,0.992025518341308,0.0031201248049922,0.00162337662337662,0.00487012987012987,0.0078125,0.004739336492891,0.00323101777059774,0.987075928917609,0.00648298217179903,0.0031201248049922,0.991909385113269,0.00793650793650794,0.00159744408945687,0.00333333333333333,0.00788643533123028,0.993537964458804,0.990369181380417,0.00499168053244592,0.00646203554119548,0.00316455696202532,0.00165016501650165,0.9888,0.991694352159468,0.00622083981337481,0.00323101777059774,0.00505050505050505,0.00475435816164818,0.00627943485086342,0.00319488817891374,0.00157232704402516,0.00651465798045603,0.00657894736842105,0.00165016501650165,0.00318979266347687,0.992150706436421,0.00325732899022801,0.992063492063492,0.0047244094488189,0.162479061976549,0.00622083981337481,0.00163398692810458,0.00661157024793388,0.992076069730586,0.00631911532385466,0.00646203554119548,0.00483870967741936,0.991869918699187,0.0062992125984252,0.993517017828201,0.00328407224958949,0.00470219435736677,0.992175273865415,0.0188976377952756,0.00651465798045603,0.00485436893203883,0.00497512437810945,0.003125,0.992063492063492,0.0032,0.00160771704180064,0.993700787401575,0.0078740157480315,0,0.00316957210776545,0.0032520325203252,0.00641025641025641,0.004739336492891,0.00974025974025974,0.00646203554119548,0.995145631067961,0.00636942675159236,0.979527559055118,0.0222929936305732,0.00160513643659711,0.00634920634920635,0.00650406504065041,0.00630914826498423,0.00473186119873817,0.915335463258786,0.00321543408360129,0.0050251256281407,0.00322061191626409,0.0095389507154213,0.00642054574638844,0.00316455696202532,0.00632911392405063,0.993660855784469,0.992101105845182,0.00615384615384615,0.990625,0.00160513643659711,0.993464052287582,0.00483870967741936,0.00333333333333333,0.00327332242225859,0.00637958532695375,0.00647249190938511,0.990275526742301,0,0.00476190476190476,0.004739336492891,0.00476190476190476,0.00457317073170732,0.00463678516228748,0.00314465408805031,0.00323624595469256,0.00316455696202532,0.00476190476190476,0.00317965023847377,0.0032520325203252,0.00782472613458529,0.00317965023847377,0.993506493506494,0.00324675324675325,0.0195758564437194,0.00495867768595041,0.0207006369426752,0.0031201248049922,0.00635930047694754,0.00784929356357928,0.00313971742543171,0.00831946755407654,0.00490196078431373,0.00493421052631579,0.00481540930979133,0.00314465408805031,0.0048,0.00484652665589661,0.00312989045383412,0.00156739811912226,0.008,0.990521327014218,0.00627943485086342,0.00478468899521531,0.991869918699187,0.00329489291598023,0.992,0.00644122383252818,0.993399339933993,0.00477707006369427,0.00649350649350649,0.00159489633173844,0.00643086816720257,0.00631911532385466,0.00484652665589661,0.00476947535771065,0.016366612111293,0.990369181380417,0.9904,0.00667779632721202,0.00459418070444104,0.00471698113207547,0.992076069730586,0.992163009404389,0.0032626427406199,0.0031201248049922,0.00321027287319422,0.990445859872611,0.0032520325203252,0.992101105845182,0.00815660685154975,0.00482315112540193,0.0357723577235772,0.00474683544303797,0.992295839753467,0.00483091787439614,0.00805152979066022,0.00647249190938511,0.0031104199066874,0.00797448165869218,0.00316455696202532,0.00493421052631579,0.880382775119617,0.00492610837438424,0.993506493506494,0.00628930817610063,0.991974317817014,0.0033112582781457,0.00327868852459016,0.385483870967742,0.991961414790997,0.99347471451876,0.00631911532385466,0.00498338870431894,0.00956937799043062,0.0031496062992126,0.00464396284829721,0.00325732899022801,0.00646203554119548,0.00627943485086342,0.996763754045307,0.00162074554294976,0.00476947535771065,0.992063492063492,0.00483091787439614,0.00475435816164818,0.00316957210776545,0.954838709677419,0.00161030595813205,0.00313479623824451,0.00495867768595041,0.0048,0.00327332242225859,0.00316455696202532,0.0065359477124183,0.00158227848101266,0.00638977635782748,0.990322580645161,0.00805152979066022,0.00641025641025641,0.993548387096774,0.990476190476191,0.00154559505409583,0.993517017828201,0.00323101777059774,0.00641025641025641,0.00328947368421053,0.0016366612111293,0.00163398692810458,0.0132013201320132,0.00648298217179903,0.00316957210776545,0.953968253968254,0.00334448160535117,0.898527004909984,0.983974358974359,0.99344262295082,0.180921052631579,0.00307692307692308,0.00163934426229508,0.0128617363344051,0.003125,0.951612903225806,0.942857142857143,0.00322061191626409,0.985365853658537,1,0.959871589085072,0.974683544303797,0.940705128205128,0.00318471337579618,0.971473851030111,0.00163132137030995,0.00324675324675325,0.957166392092257,0.00324675324675325,0.934681181959565,0.00319488817891374,0.0560897435897436,0.0015625,0.0016366612111293
"834",0.027027027027027,0.0215384615384615,0.0247678018575851,0.0226171243941842,0.0241545893719807,0.0224,0.0407523510971787,0.0236220472440945,0.0247295208655332,0.946456692913386,0.0296875,0.946624803767661,0.0346456692913386,0.0269413629160063,0.032967032967033,0.0252764612954186,0.945904173106646,0.948678071539658,0.023696682464455,0.0278637770897833,0.0328125,0.0271132376395534,0.0258751902587519,0.95046439628483,0.0264385692068429,0.028436018957346,0.028169014084507,0.0287081339712919,0.0352220520673813,0.029595015576324,0.0323076923076923,0.0379746835443038,0.0412698412698413,0.0252365930599369,0.948757763975155,0.0256,0.970858895705521,0.0280373831775701,0.0303951367781155,0.0250783699059561,0.953125,0.941823899371069,0.942901234567901,0.027027027027027,0.0414673046251994,0.0272435897435897,0.033175355450237,0.0232198142414861,0.0410958904109589,0.0216049382716049,0.946624803767661,0.0219435736677116,0.0380952380952381,0.0220125786163522,0.045958795562599,0.0255591054313099,0.952691680261011,0.0272,0.0324574961360124,0.0308166409861325,0.0296411856474259,0.0368663594470046,0.0253565768621236,0.947619047619048,0.0305466237942122,0.0337941628264209,0.941548183254344,0.0283018867924528,0.954545454545455,0.0288,0.0295489891135303,0.0247678018575851,0.0254777070063694,0.0243531202435312,0.951713395638629,0.0308641975308642,0.0325077399380805,0.0452418096723869,0.0336538461538462,0.0278688524590164,0.939968404423381,0.0384615384615385,0.0290964777947933,0.024653312788906,0.0249609984399376,0.027906976744186,0.024653312788906,0.0296875,0.0305810397553517,0.948170731707317,0.0220820189274448,0.0246153846153846,0.946957878315133,0.945820433436533,0.0289855072463768,0.939721792890263,0.0564024390243902,0.0232558139534884,0.952453987730061,0.956656346749226,0.0377358490566038,0.948194662480377,0.0394944707740916,0.0254372019077901,0.0259146341463415,0.0255591054313099,0.949843260188088,0.0232198142414861,0.0267295597484277,0.0234375,0.0293663060278207,0.0440251572327044,0.031496062992126,0.0298273155416013,0.948387096774194,0.0278637770897833,0.0375,0.947530864197531,0.0245775729646697,0.028391167192429,0.955521472392638,0.0410094637223975,0.0366412213740458,0.0253164556962025,0.0252764612954186,0.0277777777777778,0.0276497695852535,0.0173228346456693,0.945054945054945,0.0478395061728395,0.031201248049922,0.0289389067524116,0.0238473767885533,0.945820433436533,0.0238853503184713,0.0259541984732824,0.948995363214838,0.0347551342812006,0.0266457680250784,0.0439739413680782,0.949367088607595,0.951768488745981,0.021875,0.033175355450237,0.0240384615384615,0.0234375,0.0265210608424337,0.027906976744186,0.0316957210776545,0.0246913580246914,0.0351437699680511,0.0253565768621236,0.0252365930599369,0.0263975155279503,0.0218408736349454,0.0273311897106109,0.0296411856474259,0.0300157977883096,0.9515625,0.0361067503924647,0.043343653250774,0.0311526479750779,0.0214723926380368,0.952380952380952,0.0230769230769231,0.0379746835443038,0.0273311897106109,0.029320987654321,0.0221518987341772,0.0201863354037267,0.0266875981161695,0.0235849056603774,0.0200308166409861,0.0226928895612708,0.032967032967033,0.0337423312883436,0.946031746031746,0.0189274447949527,0.948598130841122,0.0265625,0.029595015576324,0.0254372019077901,0.0278637770897833,0.0266457680250784,0.0290964777947933,0.0288753799392097,0.0248833592534992,0.0320610687022901,0.028391167192429,0.0301109350237718,0.0333863275039746,0.0232198142414861,0.0283464566929134,0.0622083981337481,0.94856278366112,0.949447077409163,0.0412044374009509,0.949386503067485,0.0228310502283105,0.0275650842266462,0.0458135860979463,0.0307692307692308,0.0229357798165138,0.0407523510971787,0.0322085889570552,0.0412698412698413,0.0250391236306729,0.0221169036334913,0.0388198757763975,0.942675159235669,0.0278207109737249,0.0291734197730956,0.02660406885759,0.0253968253968254,0.029320987654321,0.0342146189735614,0.0297339593114241,0.0259938837920489,0.0405616224648986,0.0296411856474259,0.0303514376996805,0.951788491446345,0.0249221183800623,0.0353846153846154,0.0221518987341772,0.948837209302326,0.024653312788906,0.0275229357798165,0.0371517027863777,0.0324574961360124,0.0266875981161695,0.0286168521462639,0.0599369085173502,0.946688206785137,0.0424242424242424,0.0264797507788162,0.0274193548387097,0.0278207109737249,0.0261136712749616,0.0252365930599369,0.028125,0.0285714285714286,0.0340557275541796,0.0237717908082409,0.023696682464455,0.0295031055900621,0.0302571860816944,0.0290964777947933,0.0284810126582278,0.0301109350237718,0.031496062992126,0.0247678018575851,0.0235849056603774,0.027906976744186,0.028125,0.036144578313253,0.0258899676375405,0.0269413629160063,0.938193343898574,0.0280811232449298,0.950844854070661,0.0348101265822785,0.0286168521462639,0.0204081632653061,0.0305810397553517,0.942097026604069,0.0437601296596434,0.0372670807453416,0.0364500792393027,0.0328125,0.0310077519379845,0.027027027027027,0.941267387944359,0.0219092331768388,0.0312989045383412,0.0337620578778135,0.0234375,0.028125,0.029595015576324,0.0251968503937008,0.0245022970903522,0.0258358662613982,0.0272435897435897,0.037037037037037,0.944615384615385,0.0309119010819165,0.0527156549520767,0.944700460829493,0.0202492211838006,0.0428790199081164,0.032,0.956723338485317,0.0274809160305344,0.0262751159196291,0.021978021978022,0.0349761526232114,0.0256,0.954041204437401,0.0493827160493827,0.0192,0.0290964777947933,0.031496062992126,0.0336538461538462,0.0234009360374415,0.0220472440944882,0.0271084337349398,0.0233644859813084,0.0301109350237718,0.0264797507788162,0.0270700636942675,0.0305466237942122,0.0233644859813084,0.0264385692068429,0.0373250388802488,0.0425196850393701,0.0268562401263823,0.0285714285714286,0.913928012519562,0.0268562401263823,0.0266457680250784,0.027906976744186,0.0242424242424242,0.0266875981161695,0.0273311897106109,0.0263157894736842,0.0417335473515249,0.0263975155279503,0.0284810126582278,0.0292307692307692,0.0253968253968254,0.950636942675159,0.0419254658385093,0.0494417862838915,0.0279503105590062,0.908527131782946,0.0276073619631902,0.0267295597484277,0.0263157894736842,0.0232558139534884,0.950844854070661,0.0278207109737249,0.0298273155416013,0.025,0.0277777777777778,0.0219092331768388,0.0266457680250784,0.0412044374009509,0.0385232744783307,0.0380348652931854,0.0325732899022801,0.948598130841122,0.0392464678178964,0.0273972602739726,0.0217054263565891,0.031201248049922,0.026984126984127,0.0261136712749616,0.95440251572327,0.0368663594470046,0.0248062015503876,0.028391167192429,0.028391167192429,0.0234375,0.0241157556270096,0.0180032733224223,0.0250391236306729,0.945820433436533,0.0195195195195195,0.0261941448382126,0.0261538461538462,0.0313479623824451,0.0208333333333333,0.0267716535433071,0.0212765957446809,0.0203442879499218,0.026813880126183,0.0382775119617225,0.0290519877675841,0.0263565891472868,0.0233644859813084,0.0389408099688473,0.0297805642633229,0.0198170731707317,0.0292758089368259,0.0235849056603774,0.0271565495207668,0.0261538461538462,0.0294573643410853,0.0327102803738318,0.032258064516129,0.0213089802130898,0.0276073619631902,0.950155763239875,0.0222575516693164,0.0278207109737249,0.021875,0.947784810126582,0.0238095238095238,0.942947702060222,0.0250391236306729,0.0261538461538462,0.0251177394034537,0.941269841269841,0.0470219435736677,0.026984126984127,0.028391167192429,0.0257234726688103,0.028391167192429,0.0244299674267101,0.0327613104524181,0.0353846153846154,0.0345368916797488,0.944620253164557,0.0318471337579618,0.0306451612903226,0.0251968503937008,0.0360501567398119,0.0231481481481481,0.0249584026622296,0.0248062015503876,0.946372239747634,0.02660406885759,0.0252365930599369,0.028169014084507,0.0372093023255814,0.0221169036334913,0.0380348652931854,0.0325077399380805,0.053156146179402,0.945652173913043,0.0380348652931854,0.0314465408805031,0.0325581395348837,0.946070878274268,0.032051282051282,0.0356589147286822,0.0351681957186544,0.0245022970903522,0.0223880597014925,0.95046439628483,0.949618320610687,0.0281899109792285,0.0243161094224924,0.947286821705426,0.0250783699059561,0.947452229299363,0.944186046511628,0.942307692307692,0.0252365930599369,0.951863354037267,0.0285261489698891,0.0295031055900621,0.0464396284829721,0.0262345679012346,0.947535771065183,0.952830188679245,0.02660406885759,0.0276923076923077,0.0326594090202177,0.0260736196319018,0.945425361155698,0.046583850931677,0.0353302611367127,0.03125,0.0292307692307692,0.0316957210776545,0.946372239747634,0.0249609984399376,0.0304487179487179,0.0330188679245283,0.0238473767885533,0.946483180428135,0.0230061349693252,0.0264797507788162,0.0261011419249592,0.03125,0.947449768160742,0.0277349768875193,0.031104199066874,0.0218068535825545,0.952755905511811,0.0222929936305732,0.0228384991843393,0.0245901639344262,0.024390243902439,0.0250783699059561,0.0250783699059561,0.0279937791601866,0.0405616224648986,0.0345368916797488,0.0266875981161695,0.0383386581469649,0.0280811232449298,0.943307086614173,0.0265625,0.0247678018575851,0.0272435897435897,0.0313971742543171,0.0543130990415335,0.949074074074074,0.0326086956521739,0.0354838709677419,0.043613707165109,0.0248062015503876,0.023696682464455,0.0354391371340524,0.0260586319218241,0.0274809160305344,0.0306748466257669,0.0269413629160063,0.0382165605095541,0.960380348652932,0.0290519877675841,0.0323076923076923,0.021978021978022,0.0412698412698413,0.0260336906584992,0.0261538461538462,0.0282131661442006,0.0238853503184713,0.0363349131121643,0.0219092331768388,0.0321027287319422,0.0334394904458599,0.0295031055900621,0.043613707165109,0.944530046224962,0.943661971830986,0.0267716535433071,0.0330708661417323,0.0302547770700637,0.0282574568288854,0.0283464566929134,0.0356589147286822,0.0315457413249211,0.029874213836478,0.04,0.951588502269289,0.028436018957346,0.0520504731861199,0.0294117647058824,0.0248447204968944,0.951293759512938,0.0347003154574132,0.0252764612954186,0.0235849056603774,0.0307941653160454,0.0306278713629403,0.0346385542168675,0.0362776025236593,0.024132730015083,0.0280811232449298,0.0317460317460317,0.0265625,0.0217054263565891,0.0559105431309904,0.0594679186228482,0.0267295597484277,0.0248447204968944,0.947530864197531,0.0341085271317829,0.0307692307692308,0.021875,0.0296875,0.0283018867924528,0.0270700636942675,0.0217391304347826,0.746105919003115,0.0244698205546493,0.947611710323575,0.0424528301886792,0.0288,0.0298273155416013,0.0314465408805031,0.953488372093023,0.0280373831775701,0.0292307692307692,0.0234009360374415,0.0218068535825545,0.031104199066874,0.028169014084507,0.948249619482496,0.942277691107644,0.0288,0.0253968253968254,0.0251572327044025,0.942635658914729,0.0265210608424337,0.0234741784037559,0.567692307692308,0.0368589743589744,0.0238473767885533,0.0438184663536776,0.0266875981161695,0.0375,0.0396946564885496,0.949074074074074,0.0192878338278932,0.0348101265822785,0.0365079365079365,0.0305810397553517,0.0280373831775701,0.0361635220125786,0.933125972006221,0.0268562401263823,0.0229709035222052,0.948356807511737,0.0302571860816944,0.0280373831775701,0.024390243902439,0.0309597523219814,0.950715421303657,0.94556765163297,0.0372168284789644,0.0348101265822785,0.0278207109737249,0.0269413629160063,0.949308755760369,0.946341463414634,0.0316742081447964,0.0283464566929134,0.0247524752475248,0.0357698289269051,0.0245775729646697,0.0263565891472868,0.0309597523219814,0.0317460317460317,0.0369774919614148,0.0211382113821138,0.0263157894736842,0.957413249211357,0.0268987341772152,0.942812982998454,0.0243531202435312,0.199029126213592,0.0259146341463415,0.026984126984127,0.028436018957346,0.954128440366973,0.0350609756097561,0.0330708661417323,0.0268562401263823,0.941368078175896,0.0276923076923077,0.95125786163522,0.0273752012882448,0.0261538461538462,0.955108359133127,0.06,0.0268987341772152,0.0319488817891374,0.0253565768621236,0.0184049079754601,0.953051643192488,0.028391167192429,0.0206677265500795,0.943768996960486,0.0366412213740458,0.0214723926380368,0.0295489891135303,0.0222929936305732,0.0268987341772152,0.0185758513931889,0.033175355450237,0.0253565768621236,0.94811320754717,0.0264385692068429,0.934984520123839,0.0631741140215717,0.0309119010819165,0.0279937791601866,0.0302066772655008,0.024653312788906,0.0267716535433071,0.895148669796557,0.0234009360374415,0.0208667736757624,0.0218068535825545,0.0446153846153846,0.029595015576324,0.0280811232449298,0.0262345679012346,0.949618320610687,0.949230769230769,0.0269058295964126,0.944615384615385,0.0233644859813084,0.95253164556962,0.021978021978022,0.0274636510500808,0.0365079365079365,0.0341085271317829,0.0265625,0.948837209302326,0.0263565891472868,0.0293663060278207,0.0261538461538462,0.028391167192429,0.036144578313253,0.027027027027027,0.0232198142414861,0.0319488817891374,0.0276497695852535,0.0263565891472868,0.0294573643410853,0.028169014084507,0.0396946564885496,0.0298273155416013,0.95260663507109,0.0268562401263823,0.0549273021001615,0.0241545893719807,0.0714285714285714,0.0337423312883436,0.0332278481012658,0.0344287949921753,0.0230061349693252,0.0292682926829268,0.0314465408805031,0.0245098039215686,0.0287539936102236,0.0314465408805031,0.0294573643410853,0.02660406885759,0.0286144578313253,0.024390243902439,0.0376175548589342,0.939814814814815,0.0262751159196291,0.0248833592534992,0.94620253164557,0.0192307692307692,0.957142857142857,0.0235849056603774,0.952998379254457,0.0234009360374415,0.0218408736349454,0.0246913580246914,0.0299212598425197,0.0259146341463415,0.028169014084507,0.0232919254658385,0.0488958990536278,0.948757763975155,0.952380952380952,0.0275526742301459,0.026865671641791,0.0248833592534992,0.947530864197531,0.950310559006211,0.0289389067524116,0.0320121951219512,0.0249609984399376,0.941448382126348,0.0264797507788162,0.947530864197531,0.032,0.0236220472440945,0.0746031746031746,0.030441400304414,0.948012232415902,0.0349761526232114,0.0346456692913386,0.028391167192429,0.0278207109737249,0.0329153605015674,0.0295031055900621,0.0285714285714286,0.856692913385827,0.0268987341772152,0.94488188976378,0.0258358662613982,0.9484375,0.0236593059936909,0.0271132376395534,0.388976377952756,0.9515625,0.950715421303657,0.0328638497652582,0.0271565495207668,0.0354938271604938,0.0244274809160305,0.0262751159196291,0.0253565768621236,0.0312989045383412,0.0294117647058824,0.957006369426752,0.0219092331768388,0.0234009360374415,0.945038167938931,0.0286168521462639,0.0246913580246914,0.0331230283911672,0.913657770800628,0.0232919254658385,0.0231124807395994,0.0301587301587302,0.0271565495207668,0.0305466237942122,0.0169753086419753,0.0415335463258786,0.0217729393468118,0.0185471406491499,0.951937984496124,0.0395569620253165,0.0278207109737249,0.95679012345679,0.949526813880126,0.0254110612855007,0.950793650793651,0.0314465408805031,0.0249609984399376,0.0305466237942122,0.0240384615384615,0.0251968503937008,0.0384,0.0297339593114241,0.0360501567398119,0.917829457364341,0.0318979266347687,0.869143780290792,0.984447900466563,0.948275862068966,0.1921875,0.0288753799392097,0.0171339563862928,0.0408472012102874,0.0280373831775701,0.910518053375196,0.906396255850234,0.0282574568288854,0.987321711568938,0.959871589085072,1,0.981651376146789,0.904468412942989,0.015748031496063,0.977848101265823,0.024232633279483,0.0286624203821656,0.917329093799682,0.028125,1,0.0280811232449298,0.109907120743034,0.027231467473525,0.0265210608424337
"835",0.0253164556962025,0.0169491525423729,0.0215716486902928,0.0205047318611987,0.0225442834138486,0.0190174326465927,0.0327613104524181,0.0217391304347826,0.0243161094224924,0.971698113207547,0.0249609984399376,0.970588235294118,0.0231124807395994,0.0235478806907378,0.009375,0.00463678516228748,0.96969696969697,0.970172684458399,0.023696682464455,0.0274809160305344,0.010752688172043,0.00636942675159236,0.0198473282442748,0.974045801526718,0.0245022970903522,0.0093167701863354,0.00777604976671851,0.0254372019077901,0.0164179104477612,0.0183767228177642,0.00605143721633888,0.0248833592534992,0.025,0.00463678516228748,0.97360248447205,0.0248062015503876,0.990909090909091,0.0274390243902439,0.0117994100294985,0.0198776758409786,0.978125,0.971212121212121,0.969650986342944,0.0251177394034537,0.0272435897435897,0.00786163522012579,0.0168970814132104,0.0031055900621118,0.0225225225225225,0.00599700149925037,0.969088098918083,0.0219092331768388,0.0138888888888889,0.0186625194401244,0.031496062992126,0.0047244094488189,0.969502407704655,0.0218068535825545,0.0260736196319018,0.0275229357798165,0.00771604938271605,0.0184049079754601,0.00476947535771065,0.968354430379747,0.0264385692068429,0.0231124807395994,0.967084639498433,0.0262345679012346,0.972093023255814,0.00473186119873817,0.0197869101978691,0.00462962962962963,0.00470957613814757,0.0259146341463415,0.970679012345679,0.0211161387631976,0.00618238021638331,0.0276073619631902,0.0249609984399376,0.0149253731343284,0.968553459119497,0.0231481481481481,0.0106060606060606,0.0217729393468118,0.00927357032457496,0.0212121212121212,0.0259938837920489,0.0260336906584992,0.0261136712749616,0.977064220183486,0.021978021978022,0.0246913580246914,0.970266040688576,0.970496894409938,0.028125,0.964506172839506,0.0338983050847458,0.021505376344086,0.972644376899696,0.976635514018692,0.0245398773006135,0.971653543307087,0.0188383045525903,0.0248833592534992,0.0120481927710843,0.0253164556962025,0.969793322734499,0.0187207488299532,0.00615384615384615,0.00611620795107034,0.0062111801242236,0.0342146189735614,0.0170807453416149,0.0279937791601866,0.96984126984127,0.0275650842266462,0.0245775729646697,0.974124809741248,0.00461538461538462,0.00626959247648903,0.973886328725038,0.0262345679012346,0.0184899845916795,0.00473186119873817,0.024390243902439,0.00462249614791988,0.0259938837920489,0.0184899845916795,0.967289719626168,0.0287878787878788,0.0232198142414861,0.0172955974842767,0.0219092331768388,0.972560975609756,0.0191693290734824,0.00601503759398496,0.972093023255814,0.0138248847926267,0.0141287284144427,0.0224719101123595,0.968354430379747,0.971830985915493,0.0197869101978691,0.0232919254658385,0.00791139240506329,0.0216049382716049,0.0062111801242236,0.0248062015503876,0.0173228346456693,0.0225903614457831,0.014308426073132,0.0249221183800623,0.0238473767885533,0.0182094081942337,0.0230061349693252,0.00623052959501558,0.0291411042944785,0.00622083981337481,0.972222222222222,0.0233281493001555,0.0302114803625378,0.0256410256410256,0.00457317073170732,0.97289156626506,0.0216383307573416,0.0187207488299532,0.0243506493506494,0.0278637770897833,0.0216383307573416,0.00302114803625378,0.0228658536585366,0.00308166409861325,0.0198473282442748,0.00299850074962519,0.0296411856474259,0.0182926829268293,0.970358814352574,0.0171606864274571,0.969135802469136,0.0235109717868339,0.0279937791601866,0.0046875,0.0264797507788162,0.0215716486902928,0.0236686390532544,0.0244274809160305,0.00617283950617284,0.0182094081942337,0.0202177293934681,0.0231481481481481,0.00765696784073507,0.00467289719626168,0.0266457680250784,0.0430769230769231,0.968703427719821,0.975155279503106,0.0186335403726708,0.972179289026275,0.0213414634146341,0.0121212121212121,0.031201248049922,0.0230414746543779,0.0242792109256449,0.0217729393468118,0.0153846153846154,0.0172143974960876,0.0235478806907378,0.0202492211838006,0.0290519877675841,0.967741935483871,0.0214395099540582,0.00966183574879227,0.0218408736349454,0.00309597523219814,0.00757575757575758,0.01875,0.0249609984399376,0.0253731343283582,0.0312989045383412,0.0277349768875193,0.0248447204968944,0.975039001560062,0.00460122699386503,0.0224550898203593,0.0203761755485893,0.970125786163522,0.0215716486902928,0.0254872563718141,0.0217729393468118,0.0203442879499218,0.0247678018575851,0.0272,0.0373831775700935,0.971830985915493,0.0319148936170213,0.0155038759689922,0.027027027027027,0.00464396284829721,0.0241691842900302,0.0236593059936909,0.0274809160305344,0.0203125,0.0182094081942337,0.00313479623824451,0.0244648318042813,0.0152439024390244,0.0060790273556231,0.00457317073170732,0.0123839009287926,0.00614439324116743,0.00940438871473354,0.0138036809815951,0.00614439324116743,0.00612557427258806,0.00610687022900763,0.0224215246636771,0.00475435816164818,0.0247678018575851,0.97007874015748,0.00307692307692308,0.966412213740458,0.0172684458398744,0.0282131661442006,0.0185185185185185,0.0260336906584992,0.966565349544073,0.0303030303030303,0.0263975155279503,0.0231124807395994,0.0213414634146341,0.0139751552795031,0.0124416796267496,0.967741935483871,0.021978021978022,0.0122887864823349,0.0222575516693164,0.0187207488299532,0.00614439324116743,0.0200308166409861,0.00610687022900763,0.00918836140888208,0.0254491017964072,0.0258899676375405,0.0268987341772152,0.966717095310136,0.0181818181818182,0.0377358490566038,0.967084639498433,0.00153139356814701,0.0327380952380952,0.0264385692068429,0.975683890577508,0.00460829493087558,0.00615384615384615,0.0207006369426752,0.0270700636942675,0.00316957210776545,0.97196261682243,0.0294573643410853,0.0172955974842767,0.0214067278287462,0.0153846153846154,0.0204081632653061,0.0214395099540582,0.0046656298600311,0.0260336906584992,0.0202808112324493,0.00625978090766823,0.024653312788906,0.0247295208655332,0.025518341307815,0.0217054263565891,0.00933125972006221,0.0169753086419753,0.0201550387596899,0.0237341772151899,0.0285261489698891,0.941628264208909,0.00933125972006221,0.0232198142414861,0.0122324159021407,0.0119581464872945,0.0244274809160305,0.02660406885759,0.024390243902439,0.0221870047543582,0.0257186081694402,0.00943396226415094,0.0274809160305344,0.0234009360374415,0.970266040688576,0.0169230769230769,0.0309119010819165,0.00310077519379845,0.939117199391172,0.00600600600600601,0.0246153846153846,0.00610687022900763,0.00459418070444104,0.970014992503748,0.0093603744149766,0.0282574568288854,0.0046583850931677,0.0271132376395534,0.0201863354037267,0.0249609984399376,0.0202808112324493,0.019047619047619,0.0234741784037559,0.0193861066235864,0.975384615384615,0.0234009360374415,0.00604229607250755,0.00457317073170732,0.0138248847926267,0.0253164556962025,0.0046583850931677,0.974882260596546,0.015220700152207,0.00460829493087558,0.00625978090766823,0.0168970814132104,0.0204081632653061,0.0127591706539075,0.0163398692810458,0.0234375,0.969278033794163,0.0162962962962963,0.00612557427258806,0.024390243902439,0.0231124807395994,0.0207336523125997,0.0046875,0.0182648401826484,0.00309597523219814,0.0218068535825545,0.0202808112324493,0.0231481481481481,0.0247295208655332,0.021505376344086,0.0198776758409786,0.0263565891472868,0.018348623853211,0.00452488687782805,0.00618238021638331,0.0265625,0.0247295208655332,0.0137404580152672,0.0245022970903522,0.0286624203821656,0.0184049079754601,0.0258358662613982,0.968992248062015,0.00637958532695375,0.0265210608424337,0.00313479623824451,0.971786833855799,0.021978021978022,0.974235104669887,0.00625978090766823,0.0242057488653555,0.0235109717868339,0.968553459119497,0.0287878787878788,0.0141509433962264,0.0266875981161695,0.0062992125984252,0.021978021978022,0.0233644859813084,0.0153609831029186,0.0197268588770865,0.0232919254658385,0.965732087227414,0.0125195618153365,0.0282574568288854,0.0229007633587786,0.0184899845916795,0.0211480362537764,0.0198019801980198,0.0031055900621118,0.969325153374233,0.0257186081694402,0.0234375,0.021505376344086,0.0229709035222052,0.00154798761609907,0.028391167192429,0.00933125972006221,0.0276422764227642,0.975,0.0236220472440945,0.0186046511627907,0.0186625194401244,0.969465648854962,0.0142857142857143,0.0296411856474259,0.0231839258114374,0.0167173252279635,0.0029673590504451,0.972307692307692,0.974124809741248,0.0263157894736842,0.0212121212121212,0.972434915773354,0.0219435736677116,0.974882260596546,0.968085106382979,0.968152866242038,0.0247678018575851,0.977134146341463,0.028169014084507,0.0200308166409861,0.0274809160305344,0.0258358662613982,0.972843450479233,0.973186119873817,0.021875,0.0239520958083832,0.0216049382716049,0.00457317073170732,0.977382875605816,0.0351145038167939,0.0181543116490166,0.0289193302891933,0.0198170731707317,0.0172684458398744,0.971080669710807,0.0229709035222052,0.0062402496099844,0.028125,0.00938967136150235,0.969325153374233,0.00605143721633888,0.00619195046439629,0.0129659643435981,0.0265210608424337,0.970542635658915,0.0257186081694402,0.0277349768875193,0.0182094081942337,0.975270479134467,0.00630914826498423,0.0163132137030995,0.00479233226837061,0.0244648318042813,0.0229709035222052,0.00462962962962963,0.0261538461538462,0.0186335403726708,0.0247678018575851,0.00619195046439629,0.0172684458398744,0.025,0.970496894409938,0.00307692307692308,0.0227272727272727,0.0063391442155309,0.0206349206349206,0.0349206349206349,0.969558599695586,0.0108024691358025,0.0286168521462639,0.0215384615384615,0.0246913580246914,0.00311526479750779,0.00911854103343465,0.0165016501650165,0.0224550898203593,0.0254872563718141,0.0246913580246914,0.0236593059936909,0.979559748427673,0.0260336906584992,0.00605143721633888,0.0186915887850467,0.0189274447949527,0.00458015267175573,0.0243161094224924,0.0282131661442006,0.0232919254658385,0.0202177293934681,0.0199386503067485,0.00946372239747634,0.015748031496063,0.0279503105590062,0.0292758089368259,0.968229954614221,0.97007874015748,0.0248062015503876,0.026984126984127,0.00628930817610063,0.0265210608424337,0.0263975155279503,0.0169230769230769,0.0271132376395534,0.0219435736677116,0.0289634146341463,0.97112462006079,0.0250391236306729,0.0298273155416013,0.0276923076923077,0.0231481481481481,0.97583081570997,0.0186335403726708,0.0188087774294671,0.0062402496099844,0.0203125,0.0136157337367625,0.0237388724035608,0.020440251572327,0.0223880597014925,0.00603318250377074,0.0287081339712919,0.0258358662613982,0.0213089802130898,0.0321543408360129,0.0296411856474259,0.0232558139534884,0.0196374622356495,0.969650986342944,0.0200617283950617,0.0138248847926267,0.00769230769230769,0.0201238390092879,0.0264385692068429,0.0186915887850467,0.0217391304347826,0.739663093415008,0.00321027287319422,0.972560975609756,0.0326594090202177,0.0046583850931677,0.00464396284829721,0.0139968895800933,0.972350230414747,0.0248833592534992,0.0241691842900302,0.0216383307573416,0.0214067278287462,0.0093167701863354,0.00625978090766823,0.969879518072289,0.968036529680365,0.00956937799043062,0.00156985871271586,0.00941915227629513,0.967791411042945,0.00460122699386503,0.021671826625387,0.549618320610687,0.0184049079754601,0.0205047318611987,0.0229709035222052,0.0235849056603774,0.0214067278287462,0.0227963525835866,0.96937212863706,0.017725258493353,0.0201863354037267,0.0187207488299532,0.0226586102719033,0.0228658536585366,0.0139318885448916,0.964831804281346,0.0232198142414861,0.0229357798165138,0.975308641975309,0.027027027027027,0.00614439324116743,0.0207006369426752,0.0154798761609907,0.974723538704581,0.975384615384615,0.0192616372391653,0.0234009360374415,0.00614439324116743,0.0078125,0.968277945619335,0.971153846153846,0.0254110612855007,0.00630914826498423,0.0227272727272727,0.0150829562594268,0.0226244343891403,0.0060790273556231,0.0107197549770291,0.00941915227629513,0.029874213836478,0.00314465408805031,0.00606060606060606,0.977168949771689,0.00623052959501558,0.967492260061919,0.0228658536585366,0.163461538461538,0.0224215246636771,0.00623052959501558,0.0273311897106109,0.975609756097561,0.0180722891566265,0.0203761755485893,0.0263975155279503,0.966824644549763,0.0261538461538462,0.973270440251572,0.014218009478673,0.0244648318042813,0.972932330827068,0.0364188163884674,0.021978021978022,0.0188087774294671,0.0252764612954186,0.00458015267175573,0.976887519260401,0.0246913580246914,0.00778816199376947,0.969834087481146,0.0229709035222052,0.00446428571428571,0.00603318250377074,0.0204081632653061,0.0250391236306729,0.0198473282442748,0.0296411856474259,0.0217391304347826,0.97112462006079,0.0232919254658385,0.958904109589041,0.0364741641337386,0.0137404580152672,0.0273972602739726,0.0248447204968944,0.0226928895612708,0.0247678018575851,0.904320987654321,0.00462962962962963,0.0192616372391653,0.0167682926829268,0.0258751902587519,0.0258358662613982,0.0261538461538462,0.0247295208655332,0.971168437025797,0.969558599695586,0.0240601503759399,0.967791411042945,0.00600600600600601,0.975308641975309,0.0202177293934681,0.00955414012738853,0.0111642743221691,0.0166919575113809,0.0248447204968944,0.97239263803681,0.010752688172043,0.0276923076923077,0.0225903614457831,0.0170807453416149,0.0193452380952381,0.0104477611940299,0.00759878419452888,0.0172143974960876,0.00458715596330275,0.0076103500761035,0.0123647604327666,0.00777604976671851,0.0227617602427921,0.00777604976671851,0.971563981042654,0.00313479623824451,0.0349206349206349,0.022508038585209,0.0529500756429652,0.0150602409638554,0.0200617283950617,0.0259146341463415,0.0226928895612708,0.0273311897106109,0.0251177394034537,0.022508038585209,0.0264797507788162,0.0201863354037267,0.0138036809815951,0.0244648318042813,0.00602409638554217,0.00453172205438067,0.0288753799392097,0.969418960244648,0.024390243902439,0.0226244343891403,0.971653543307087,0.00157232704402516,0.975155279503106,0.021505376344086,0.977777777777778,0.021505376344086,0.0215716486902928,0.0030441400304414,0.0219435736677116,0.0260736196319018,0.0172955974842767,0.0152439024390244,0.0359937402190923,0.975193798449612,0.97339593114241,0.0222929936305732,0.0220913107511046,0.0244274809160305,0.969879518072289,0.974358974358974,0.0064,0.0121765601217656,0.0154320987654321,0.965996908809892,0.0106870229007634,0.974164133738602,0.0232558139534884,0.0235109717868339,0.0396825396825397,0.010752688172043,0.974474474474474,0.0143540669856459,0.0214395099540582,0.0217391304347826,0.0255639097744361,0.0243531202435312,0.0062015503875969,0.0251572327044025,0.878693623639191,0.0268562401263823,0.971337579617834,0.0242424242424242,0.973561430793157,0.0220125786163522,0.00475435816164818,0.355905511811024,0.972222222222222,0.973058637083994,0.0216049382716049,0.0205696202531646,0.0257966616084977,0.0182648401826484,0.00606060606060606,0.00477707006369427,0.0187207488299532,0.024024024024024,0.976228209191759,0.00618238021638331,0.0173775671406003,0.969135802469136,0.0252764612954186,0.0214395099540582,0.00934579439252336,0.947286821705426,0.0062402496099844,0.0245398773006135,0.0157977883096366,0.00928792569659443,0.00647249190938511,0.00611620795107034,0.026984126984127,0.00612557427258806,0.0187207488299532,0.97045101088647,0.0252764612954186,0.0244648318042813,0.978125,0.970724191063174,0.003003003003003,0.97360248447205,0.00615384615384615,0.024132730015083,0.0190174326465927,0.004739336492891,0.0063391442155309,0.0219092331768388,0.0263975155279503,0.0182094081942337,0.947049924357035,0.00635930047694754,0.898278560250391,1,0.970496894409938,0.154446177847114,0.00600600600600601,0.00462962962962963,0.013719512195122,0.00599700149925037,0.937597503900156,0.932411674347158,0.00764525993883792,1,0.974683544303797,0.981651376146789,1,0.935085007727975,0.00309119010819165,1,0.0032258064516129,0.00625,0.944620253164557,0.00606980273141123,0.958715596330275,0.00307219662058372,0.0723076923076923,0.00592592592592593,0.00463678516228748
"836",0.0664556962025316,0.0577223088923557,0.0564885496183206,0.0523809523809524,0.0557324840764331,0.0595813204508857,0.0618066561014263,0.0590062111801242,0.0582822085889571,0.937106918238994,0.0612244897959184,0.943661971830986,0.0338983050847458,0.0558213716108453,0.00155763239875389,0,0.935483870967742,0.959247648902821,0.0591054313099042,0.05625,0.0123456790123457,0,0.0570987654320988,0.942249240121581,0.050381679389313,0.0141065830721003,0.00622083981337481,0.069620253164557,0.0346385542168675,0.0435458786936236,0,0.0421875,0.0456692913385827,0.0186915887850467,0.940275650842266,0.062111801242236,0.931192660550459,0.0535168195718654,0.0134328358208955,0.0565749235474006,0.943037974683544,0.96177370030581,0.951713395638629,0.062111801242236,0.0466237942122186,0.00158227848101266,0.0267295597484277,0,0.0287443267776097,0.0106544901065449,0.933641975308642,0.0585443037974684,0.0172413793103448,0.059190031152648,0.0618066561014263,0.0062992125984252,0.936406995230525,0.0598425196850394,0.0630769230769231,0.0449612403100775,0.0202492211838006,0.0295489891135303,0,0.936204146730462,0.0495207667731629,0.0462249614791988,0.93563579277865,0.0559006211180124,0.944272445820433,0,0.0458715596330275,0,0,0.0578386605783866,0.946070878274268,0.0398162327718224,0.00303490136570561,0.0313971742543171,0.0492063492063492,0.00974025974025974,0.944968553459119,0.0397553516819572,0.0105740181268882,0.0591805766312595,0.00921658986175115,0.0555555555555556,0.0597243491577335,0.055379746835443,0.0625,0.953101361573374,0.0561622464898596,0.057542768273717,0.946624803767661,0.940993788819876,0.0591054313099042,0.942546583850932,0.0231481481481481,0.0559006211180124,0.947611710323575,0.952978056426332,0.0421875,0.948275862068966,0.014218009478673,0.0604133545310016,0.00150829562594268,0.0631911532385466,0.954616588419405,0.0595611285266458,0,0,0,0.0705329153605016,0.0125391849529781,0.0615141955835962,0.941640378548896,0.0592823712948518,0.0351681957186544,0.95,0,0.0142630744849445,0.934250764525994,0.0430769230769231,0.0108695652173913,0.0016,0.0579268292682927,0.0106870229007634,0.0621212121212121,0.0526315789473684,0.937597503900156,0.0325077399380805,0.05320813771518,0.0253565768621236,0.0569620253164557,0.953703703703704,0.0632911392405063,0,0.939346811819596,0.0141065830721003,0.0280373831775701,0.0334394904458599,0.93968253968254,0.946601941747573,0.0577223088923557,0.0467289719626168,0.0128617363344051,0.05320813771518,0,0.0522273425499232,0.0220820189274448,0.0522273425499232,0.00636942675159236,0.0603715170278638,0.0520504731861199,0.045662100456621,0.0535168195718654,0,0.0625978090766823,0,0.939628482972136,0.0456692913385827,0.0611620795107034,0.0572755417956656,0,0.951219512195122,0.0614439324116743,0.0238473767885533,0.0531400966183575,0.0627871362940276,0.0559757942511346,0.0197268588770865,0.0579029733959311,0,0.0576631259484067,0,0.0549450549450549,0.0151975683890578,0.940809968847352,0.0615384615384615,0.943854324734446,0.0499219968798752,0.0587326120556414,0.00792393026941363,0.0598159509202454,0.0573643410852713,0.0547945205479452,0.0564024390243902,0.00154559505409583,0.0166666666666667,0.0536277602523659,0.0503937007874016,0.00470957613814757,0,0.0583596214511041,0.0778816199376947,0.942336874051593,0.943661971830986,0.0175718849840256,0.945397815912636,0.0568356374807988,0.0106870229007634,0.0565149136577708,0.0401234567901235,0.0596330275229358,0.0246913580246914,0.0230769230769231,0.0221518987341772,0.0600315955766193,0.0628930817610063,0.0533536585365854,0.938679245283019,0.049079754601227,0.00958466453674121,0.0566037735849057,0,0.00308166409861325,0.0280811232449298,0.0636645962732919,0.0599078341013825,0.043613707165109,0.0595611285266458,0.0608424336973479,0.9421875,0.0046656298600311,0.0440060698027314,0.0529695024077047,0.940625,0.06,0.053030303030303,0.0321592649310873,0.0233281493001555,0.0546021840873635,0.0600315955766193,0.0345368916797488,0.947368421052632,0.0542168674698795,0.0264385692068429,0.0501618122977346,0,0.0542168674698795,0.0626959247648903,0.0574534161490683,0.0614173228346457,0.03125,0,0.059375,0.0276923076923077,0,0,0.0140405616224649,0,0.0142405063291139,0.0350076103500761,0,0,0,0.0316265060240964,0.00317965023847377,0.0529595015576324,0.957345971563981,0,0.944186046511628,0.0111287758346582,0.0585443037974684,0.0498442367601246,0.0497667185069984,0.945205479452055,0.043956043956044,0.0585516178736518,0.034375,0.029320987654321,0.0249221183800623,0.0264797507788162,0.948249619482496,0.0603174603174603,0.00306278713629403,0.0336538461538462,0.0530421216848674,0,0.040625,0,0.00307692307692308,0.060882800608828,0.0696920583468395,0.0590111642743222,0.938650306748466,0.0342146189735614,0.0638629283489097,0.948598130841122,0,0.0646616541353384,0.062992125984252,0.943076923076923,0,0,0.0592,0.0452418096723869,0,0.943396226415094,0.0321592649310873,0.0630914826498423,0.0487062404870624,0.015527950310559,0.0411392405063291,0.0491551459293395,0,0.0587326120556414,0.0544323483670296,0,0.0530421216848674,0.0512422360248447,0.0605095541401274,0.0615384615384615,0.00775193798449612,0.0243531202435312,0.02,0.0615141955835962,0.0466237942122186,0.995363214837713,0.01743264659271,0.0519685039370079,0.00934579439252336,0.0179372197309417,0.0618238021638331,0.062992125984252,0.0608424336973479,0.0448,0.0544629349470499,0.0159489633173844,0.0571870170015456,0.0594679186228482,0.940438871473354,0.0276073619631902,0.0331230283911672,0.00156985871271586,1,0,0.046656298600311,0.00154559505409583,0,0.94359756097561,0.0124031007751938,0.0596546310832025,0.00786163522012579,0.0625,0.0573643410852713,0.0552922590837283,0.0127186009538951,0.0145161290322581,0.0420560747663551,0.0211726384364821,0.941807044410414,0.046801872074883,0.00302571860816944,0,0.00920245398773006,0.0540540540540541,0,0.933125972006221,0.0276923076923077,0,0.00315457413249211,0.028125,0.0542635658914729,0.0111287758346582,0.0550161812297735,0.055205047318612,0.948012232415902,0.0578635014836795,0,0.0531914893617021,0.0434782608695652,0.0635930047694754,0.00315457413249211,0.0551301684532925,0,0.0565149136577708,0.032,0.0555555555555556,0.0590979782270607,0.057542768273717,0.0184049079754601,0.0605590062111801,0.0593607305936073,0,0.00156739811912226,0.0595611285266458,0.0565149136577708,0.0122887864823349,0.0552995391705069,0.0650406504065041,0.049079754601227,0.0638629283489097,0.940625,0.00315457413249211,0.061633281972265,0,0.941823899371069,0.0582677165354331,0.959247648902821,0,0.0647149460708783,0.059375,0.952012383900929,0.042654028436019,0.0206677265500795,0.0573248407643312,0,0.0516431924882629,0.0627009646302251,0.0252365930599369,0.0327102803738318,0.0421875,0.942546583850932,0.00626959247648903,0.0651828298887122,0.0492063492063492,0.0156985871271586,0.0599078341013825,0.0549273021001615,0,0.944012441679627,0.0649546827794562,0.0565149136577708,0.0498442367601246,0.0444104134762634,0.00157977883096367,0.0613207547169811,0.0171339563862928,0.0211726384364821,0.951070336391437,0.045958795562599,0.0344827586206897,0.0398162327718224,0.940458015267176,0.0143769968051118,0.0505359877488515,0.0451713395638629,0.0278637770897833,0,0.937888198757764,0.942249240121581,0.0553064275037369,0.0559757942511346,0.945820433436533,0.053030303030303,0.94912559618442,0.946401225114854,0.939586645468998,0.0660377358490566,0.937404580152672,0.0537974683544304,0.0353846153846154,0.0307692307692308,0.0578386605783866,0.938871473354232,0.939346811819596,0.059190031152648,0.0562310030395137,0.0465116279069767,0,0.947535771065183,0.0732824427480916,0.0325581395348837,0.0652173913043478,0.0214395099540582,0.0188383045525903,0.947530864197531,0.055045871559633,0,0.063391442155309,0.00464396284829721,0.940458015267176,0.00151975683890578,0.00946372239747634,0.0193236714975845,0.0559006211180124,0.94488188976378,0.0595238095238095,0.0584615384615385,0.0571870170015456,0.942812982998454,0,0.0598705501618123,0,0.0582822085889571,0.0526315789473684,0,0.0567484662576687,0.0153609831029186,0.0515625,0,0.0110236220472441,0.0494590417310665,0.951713395638629,0,0.0582822085889571,0,0.0364500792393027,0.0280811232449298,0.950617283950617,0.00773993808049536,0.0364500792393027,0.0138674884437596,0.0583717357910906,0,0.00610687022900763,0.024232633279483,0.048048048048048,0.05,0.0612244897959184,0.045958795562599,0.941455696202532,0.0614439324116743,0,0.0532915360501567,0.0210696920583468,0,0.0600924499229584,0.0639625585023401,0.0453834115805947,0.0279937791601866,0.0525502318392581,0.00470219435736677,0.00792393026941363,0.0602782071097372,0.0623052959501558,0.944954128440367,0.936708860759494,0.0587301587301587,0.0449438202247191,0,0.0550314465408805,0.049079754601227,0.0124031007751938,0.048,0.0474683544303797,0.0667678300455235,0.942249240121581,0.0482115085536547,0.02660406885759,0.0606531881804044,0.0582822085889571,0.948795180722892,0.0404984423676012,0.0476947535771065,0,0.0378548895899054,0.0110236220472441,0.0465465465465465,0.0383386581469649,0.0601503759398496,0.00302571860816944,0.0579937304075235,0.0572755417956656,0.0579937304075235,0.0225806451612903,0.0263565891472868,0.0576631259484067,0.0504587155963303,0.95738203957382,0.0478395061728395,0.0230769230769231,0.0077639751552795,0.0435458786936236,0.0602782071097372,0.0532915360501567,0.06,0.748103186646434,0,0.941538461538462,0.04375,0,0,0.00925925925925926,0.938271604938272,0.0602782071097372,0.0492307692307692,0.05320813771518,0.0644171779141104,0.00156739811912226,0,0.936555891238671,0.942546583850932,0.00634920634920635,0.00479233226837061,0.00777604976671851,0.93613707165109,0,0.0632716049382716,0.542635658914729,0.0141955835962145,0.0584518167456556,0.0357142857142857,0.0517241379310345,0.0373831775700935,0.0348484848484849,0.944272445820433,0.062780269058296,0.0220820189274448,0.0297339593114241,0.0664652567975831,0.0559875583203732,0.0294573643410853,0.94435857805255,0.055379746835443,0.0568356374807988,0.938967136150235,0.0610687022900763,0,0.0512820512820513,0.0264385692068429,0.943127962085308,0.954828660436137,0.028892455858748,0.047244094488189,0,0.00478468899521531,0.95046439628483,0.937399678972713,0.0466165413533835,0.0015625,0.0685154975530179,0.0107858243451464,0.0580152671755725,0,0.0200617283950617,0.0176,0.0566929133858268,0.00486223662884927,0.00154798761609907,0.951863354037267,0.0015748031496063,0.9375,0.0498489425981873,0.149443561208267,0.0618401206636501,0,0.0612244897959184,0.937694704049844,0.0336906584992343,0.0338983050847458,0.0604651162790698,0.94551282051282,0.0584615384615385,0.941548183254344,0.017515923566879,0.055045871559633,0.940548780487805,0.0513595166163142,0.0521327014218009,0.0436817472698908,0.0492845786963434,0.00149700598802395,0.942812982998454,0.0542635658914729,0.00628930817610063,0.9375,0.0364741641337386,0,0.00152439024390244,0.0544323483670296,0.0596546310832025,0.0615615615615616,0.0643642072213501,0.0643642072213501,0.947286821705426,0.0499219968798752,0.944869831546707,0.0338461538461538,0.0109204368174727,0.0590062111801242,0.0546021840873635,0.0551301684532925,0.0599078341013825,0.874809160305344,0,0.0635179153094463,0.0434108527131783,0.0462962962962963,0.059190031152648,0.0539291217257319,0.0598159509202454,0.937404580152672,0.940366972477064,0.0625,0.945121951219512,0.00452488687782805,0.945904173106646,0.0543478260869565,0.00961538461538462,0.0111821086261981,0.00924499229583975,0.0603174603174603,0.939628482972136,0.00460829493087558,0.0666666666666667,0.0613496932515337,0.0327613104524181,0.0240601503759399,0.0102790014684288,0.00892857142857143,0.0360501567398119,0,0.00766871165644172,0.0307692307692308,0.015600624024961,0.049306625577812,0,0.940438871473354,0,0.0251968503937008,0.0581583198707593,0.0673981191222571,0.0105580693815988,0.0353846153846154,0.0473282442748092,0.0678733031674208,0.0665610142630745,0.055205047318612,0.056782334384858,0.0564263322884013,0.021875,0.0198473282442748,0.0648148148148148,0,0,0.0549450549450549,0.956989247311828,0.0629800307219662,0.0509259259259259,0.951104100946372,0.00635930047694754,0.937212863705972,0.0527131782945736,0.9392,0.0587326120556414,0.0510835913312693,0,0.0462249614791988,0.0590909090909091,0.0352,0.0276923076923077,0.0712074303405573,0.94,0.942675159235669,0.0502431118314425,0.0433482810164425,0.0583717357910906,0.944108761329305,0.94969512195122,0,0.0138461538461538,0.0297339593114241,0.939157566302652,0.0248062015503876,0.944869831546707,0.0450310559006211,0.0609375,0.0390625,0.0121951219512195,0.936459909228442,0.0159235668789809,0.0324574961360124,0.0507692307692308,0.0496240601503759,0.0336906584992343,0,0.060126582278481,0.844936708860759,0.0601626016260163,0.941640378548896,0.0596330275229358,0.953846153846154,0.0533751962323391,0,0.3392,0.941267387944359,0.943037974683544,0.0436817472698908,0.056782334384858,0.0567484662576687,0.0393939393939394,0.00150829562594268,0,0.0327613104524181,0.0540540540540541,0.9375,0,0.0529595015576324,0.942812982998454,0.0650793650793651,0.055045871559633,0,1,0,0.060790273556231,0.0204081632653061,0.00310077519379845,0.00476947535771065,0.00768049155145929,0.0463258785942492,0.00770416024653313,0.0533751962323391,0.939393939393939,0.0492307692307692,0.0597243491577335,0.957547169811321,0.937791601866252,0,0.94556765163297,0,0.0597243491577335,0.0410094637223975,0,0,0.0330188679245283,0.0637636080870918,0.0275650842266462,0.987878787878788,0,0.939873417721519,0.930340557275542,0.940993788819876,0.148205928237129,0,0,0.00455927051671732,0,1,1,0,0.929245283018868,0.940705128205128,0.904468412942989,0.935085007727975,1,0,0.920684292379471,0,0,1,0,0.885496183206107,0,0.0403726708074534,0,0
"837",0.0111642743221691,0.00627943485086342,0.0404984423676012,0.0669856459330144,0.0225442834138486,0.00802568218298555,0.105345911949686,0.0333333333333333,0.00614439324116743,0,0.0047244094488189,0,0.458658346333853,0.00797448165869218,0.959438377535101,0.984202211690363,0,0.00160513643659711,0.00801282051282051,0.0188679245283019,0.852255054432348,0.962722852512156,0.0153609831029186,0,0.0498442367601246,0.749603803486529,0.882539682539683,0.016025641025641,0.556060606060606,0.315384615384615,0.995319812792512,0.3296875,0.259615384615385,0.69826224328594,0,0.0078125,0.00308166409861325,0.0126582278481013,0.763358778625954,0.106221547799697,0,0,0,0.00483870967741936,0.221674876847291,0.971383147853736,0.484992101105845,0.993740219092332,0.537519142419602,0.874051593323217,0,0.00946372239747634,0.742857142857143,0.0062992125984252,0.112341772151899,0.844094488188976,0,0.0272435897435897,0.0460122699386503,0.106976744186047,0.697347893915757,0.580343213728549,0.993640699523052,0,0.115755627009646,0.190402476780186,0,0.0125,0,0.992050874403816,0.150076569678407,0.990654205607477,0.974522292993631,0.00771604938271605,0,0.30568356374808,0.952887537993921,0.447737909516381,0.1136,0.750836120401338,0,0.299065420560748,0.785276073619632,0.00769230769230769,0.892523364485981,0.100308641975309,0.0109034267912773,0.0404354587869362,0.0368663594470046,0,0.0235849056603774,0.00782472613458529,0,0,0.0350877192982456,0,0.703296703296703,0.0249609984399376,0,0,0.402476780185758,0,0.736925515055468,0.00478468899521531,0.89739663093415,0.00647249190938511,0,0.0267295597484277,0.993700787401575,0.984251968503937,0.984202211690363,0.0881889763779528,0.679245283018868,0.0140625,0,0.021875,0.316118935837246,0,0.993798449612403,0.774647887323944,0,0.2609375,0.761526232114467,0.912559618441971,0.0375586854460094,0.843653250773994,0.00933125972006221,0.0125195618153365,0,0.46875,0.069620253164557,0.519872813990461,0.0176,0,0.00963081861958266,0.973846153846154,0,0.804992199687988,0.373801916932907,0.496805111821086,0,0,0.0313971742543171,0.263406940063092,0.821829855537721,0.00782472613458529,0.987321711568938,0.0849056603773585,0.5953125,0.0264385692068429,0.868378812199037,0.0234741784037559,0.00483870967741936,0.172043010752688,0.0124416796267496,0.993589743589744,0.00778816199376947,0.99203821656051,0,0.29073482428115,0.136923076923077,0.0265625,0.975346687211094,0,0.00766871165644172,0.56,0.00646203554119548,0.0062015503875969,0.00613496932515337,0.700763358778626,0.0315457413249211,0.992076069730586,0.060790273556231,0.992401215805471,0.115323854660348,0.634796238244514,0,0.0231124807395994,0,0.166924265842349,0.00788643533123028,0.867507886435331,0.0221518987341772,0.061633281972265,0.0120663650075415,0.0294573643410853,0.902668759811617,0.643185298621746,0.0769230769230769,0.0709677419354839,0.939721792890263,0.985981308411215,0.0238095238095238,0.135860979462875,0,0,0.713607594936709,0,0.00614439324116743,0.749240121580547,0.12280701754386,0.259026687598116,0.0186915887850467,0.579778830963665,0.584615384615385,0.731012658227848,0.0906200317965024,0.0445151033386327,0.128682170542636,0,0.13125,0.823151125401929,0.0710900473933649,0.99375,0.93140243902439,0.475894245723173,0.0313479623824451,0.0261136712749616,0.196875,0.00626959247648903,0.121019108280255,0,0.92846034214619,0.352220520673813,0.0112179487179487,0,0.0109034267912773,0.0255639097744361,0.461778471138846,0.463949843260188,0.0125,0.00321543408360129,0.639191290824261,0,0.111111111111111,0.484992101105845,0.0418679549114332,0.993827160493827,0.0527950310559006,0.0063391442155309,0.0078125,0.0552922590837283,0.462732919254658,0.993650793650794,0.0390625,0.469578783151326,0.989296636085627,0.990909090909091,0.80811232449298,0.992125984251969,0.84789644012945,0.335901386748844,0.992088607594937,0.987519500780031,0.984423676012461,0.429017160686427,0.9568,0.0255591054313099,0,0.992138364779874,0,0.77938808373591,0.00631911532385466,0.0326594090202177,0.105180533751962,0,0.130645161290323,0.153374233128834,0.335949764521193,0.405023547880691,0.561128526645768,0.546165884194053,0,0.0062992125984252,0.905956112852665,0.320450885668277,0.048,0.986046511627907,0.260596546310832,0.992260061919505,0.882352941176471,0.00460122699386503,0.00648298217179903,0.111287758346582,0,0.375,0.113782051282051,0,0.992260061919505,0.107858243451464,0.0271132376395534,0,0.995327102803738,0.990811638591118,0.0275526742301459,0.128980891719745,0.992012779552716,0,0.620689655172414,0.0177133655394525,0.226646248085758,0.623233908948195,0.3536,0.0482115085536547,0.984101748807631,0.00612557427258806,0.00470219435736677,0.984276729559748,0.0417956656346749,0.00478468899521531,0.0304487179487179,0.00938967136150235,0.823622047244094,0.6953125,0.7359375,0.0305466237942122,0.0694668820678514,0.00154320987654321,0.745192307692308,0.0299212598425197,0.84458398744113,0.710806697108067,0.010989010989011,0.0110759493670886,0.0407523510971787,0.3296,0.00928792569659443,0.761526232114467,0.0421216848673947,0.00478468899521531,0,0.686153846153846,0.461661341853035,0.975116640746501,0.00153846153846154,0.993769470404984,0.0987654320987654,0.975039001560062,0.996815286624204,0,0.775510204081633,0.016,0.927215189873418,0.0226904376012966,0.0406885758998435,0.0191693290734824,0.716772151898734,0.733858267716535,0.347619047619048,0.552117263843648,0,0.191588785046729,0.981651376146789,0.963133640552995,0.812018489984592,0.00480769230769231,0.990668740279938,0,0.679127725856698,0.981132075471698,0.971337579617834,0.534072900158479,0.00631911532385466,0.737012987012987,0.00813008130081301,0.04,0,0.0150375939849624,0.992260061919505,0.00917431192660551,0.18408736349454,0.00797448165869218,0.979813664596273,0.0325581395348837,0.996835443037975,0.125581395348837,0.296178343949045,0.0559875583203732,0.0217391304347826,0.0046656298600311,0.725274725274725,0.0400616332819723,0.00310077519379845,0.992283950617284,0.971518987341772,0.0063391442155309,0.004739336492891,0.685758513931889,0.122257053291536,0.0480132450331126,0.0570987654320988,0.00622083981337481,0,0.891373801916933,0.00783699059561128,0.992012779552716,0,0.0391236306729265,0,0.949921752738654,0.00777604976671851,0.0366826156299841,0,0.388625592417062,0.585173501577287,0.0222222222222222,0.990275526742301,0.127388535031847,0.0111642743221691,0.641148325358852,0.402777777777778,0.224683544303797,0,0.840625,0.0337078651685393,0.0046656298600311,0.559875583203733,0.00619195046439629,0.0328947368421053,0.966929133858268,0,0.0200308166409861,0.0110236220472441,0.0556438791732909,0.330246913580247,0.987281399046105,0.141494435612083,0.756714060031596,0.825082508250825,0,0.404458598726115,0.403815580286169,0.401253918495298,0,0.720447284345048,0.100470957613815,0.385692068429238,0.488335925349922,0.922038980509745,0,0,0.0029940119760479,0.0356589147286822,0,0.088646967340591,0,0,0,0.00638977635782748,0,0.00488599348534202,0.240188383045526,0.486902927580894,0.00307219662058372,0,0,0.014018691588785,0.0472560975609756,0.305164319248826,0.993827160493827,0,0.116030534351145,0.4109375,0.0078125,0.478593272171254,0.673469387755102,0,0.0232198142414861,0.995176848874598,0.055205047318612,0.909090909090909,0,0.983282674772036,0.891509433962264,0.508196721311475,0.0297339593114241,0,0.0538461538461538,0.0325077399380805,0.0031104199066874,0,0.933962264150943,0.075,0.993537964458804,0.00460829493087558,0.00612557427258806,0.98740157480315,0.00467289719626168,0.722741433021807,0.201550387596899,0.985871271585557,0.849206349206349,0.0495356037151703,0,0.993660855784469,0.033175355450237,0.990491283676704,0.361769352290679,0.597156398104265,0,0.890092879256966,0.275477707006369,0.755070202808112,0.0283018867924528,0.992211838006231,0.849923430321593,0.562398703403566,0.0656488549618321,0.128834355828221,0.0415335463258786,0.276357827476038,0,0.0244274809160305,0.992199687987519,0.037914691943128,0.631410256410256,0.993865030674847,0.00612557427258806,0.00809061488673139,0.00635930047694754,0.373817034700315,0.0231124807395994,0.873617693522907,0.819334389857369,0.0659340659340659,0.119195046439628,0,0,0.0142857142857143,0.0707395498392283,0.982511923688394,0.023961661341853,0.0152905198776758,0.646031746031746,0.0732484076433121,0.280254777070064,0.109923664122137,0,0.0420032310177706,0.669278996865204,0.00630914826498423,0.00471698113207547,0,0.394321766561514,0.0363349131121643,0.993808049535604,0.322932917316693,0.628930817610063,0.214392803598201,0.318471337579618,0.0472560975609756,0.917417417417417,0.0210355987055016,0.00783699059561128,0.0293663060278207,0.69951534733441,0.893481717011129,0.0139968895800933,0.00463678516228748,0,0.244929797191888,0.541284403669725,0.755070202808112,0.246489859594384,0.00478468899521531,0.126182965299685,0.00626959247648903,0.107197549770291,0.993464052287582,0,0.193447737909516,0.992101105845182,0.993640699523052,0.734157650695518,0,0.0170015455950541,0.1,0.00622083981337481,0.0122887864823349,0.907936507936508,0.99198717948718,0,0,0.827751196172249,0.918789808917197,0.840944881889764,0,0.992163009404389,0.00619195046439629,0.424615384615385,0.713385826771654,0.00631911532385466,0.418351477449456,0.0333863275039746,0.353582554517134,0.376543209876543,0,0.00302571860816944,0.622820919175911,0.5184,0.0832049306625578,0.0198473282442748,0.619273301737757,0,0.0552922590837283,0.0492307692307692,0,0.0353846153846154,0.978361669242658,0.0241545893719807,0.578294573643411,0,0,0.49672131147541,0.169036334913112,0.993740219092332,0.870607028753994,0,0,0.271623672230652,0.967084639498433,0.0065252854812398,0.699530516431925,0.00775193798449612,0.992101105845182,0.617873651771957,0.681388012618297,0.140600315955766,0.896440129449838,0.987635239567233,0,0.953525641025641,0,0.0121396054628225,0.815960912052117,0.0229007633587786,0.990566037735849,0.00789889415481832,0,0.493129770992366,0.559055118110236,0.00625,0,0.00763358778625954,0,0.610305958132045,0.0216383307573416,0,0.353677621283255,0.0256,0.260596546310832,0.0590111642743222,0.955246913580247,0,0.00625978090766823,0.756451612903226,0,0.331775700934579,0.99388379204893,0.979876160990712,0.00796178343949045,0.00634920634920635,0.0169491525423729,0.028391167192429,0.0221870047543582,0,0.0297339593114241,0,0.650769230769231,0.725,0.0122324159021407,0.0139968895800933,0.0139103554868624,0.0138674884437596,0.027906976744186,0.976190476190476,0.0197693574958814,0.0501567398119122,0.296583850931677,0.0295031055900621,0.00460829493087558,0.0371517027863777,0,0,0.0257575757575758,0,0.930448222565688,0.00157977883096367,0.0537124802527646,0.738782051282051,0.787337662337662,0.883256528417819,0.0904761904761905,0.0015748031496063,0.898911353032659,0.00636942675159236,0.00631911532385466,0.378164556962025,0.6,0.781899109792285,0.819444444444444,0.356340288924559,0.992223950233281,0.884012539184953,0.477165354330709,0.739403453689168,0.316590563165906,0.993660855784469,0,0.993680884676145,0.674050632911392,0.00811688311688312,0.368012422360248,0.788519637462236,0.396899224806202,0.130434782608696,0.0169491525423729,0.05,0.0270700636942675,0.00643086816720257,0.00797448165869218,0.458528951486698,0.589984350547731,0.008,0.989441930618401,0.987673343605547,0.138198757763975,0,0.00465116279069767,0.0330188679245283,0,0.882539682539683,0,0.0632911392405063,0,0.0362776025236593,0.00623052959501558,0.989247311827957,0.167464114832536,0.00622083981337481,0.37220447284345,0.391236306729264,0.118296529968454,0,0,0.0731707317073171,0.0597014925373134,0.0170015455950541,0,0,0.991883116883117,0.771472392638037,0.514150943396226,0,0.559375,0,0.0816,0.00637958532695375,0.81658692185008,0.758513931888545,0,0.660771704180064,0.426307448494453,0.138801261829653,0.0445468509984639,0.242612752721617,0.995283018867924,0.0193861066235864,0.0835913312693498,0.00483091787439614,0,0.0232558139534884,0,0.00642054574638844,0.973228346456693,0.629032258064516,0,0,0.19629057187017,0.0781758957654723,0.0652173913043478,0.30757341576507,0.969924812030075,0.98876404494382,0.173913043478261,0.163884673748103,0,0.979623824451411,0.0423197492163009,0,0.0192616372391653,0.053680981595092,0.934579439252336,0,0.989147286821705,0.00766871165644172,0.544585987261146,0.924528301886792,0.897560975609756,0.887345679012346,0.336012861736334,0.903963414634146,0.0062402496099844,0,0.2608,0.0246153846153846,0,0,0.993930197268589,0,0.995334370139969,0.0062111801242236,0.287112561174551,0.993506493506494,0.992138364779874,0.471698113207547,0.0479233226837061,0.595384615384615,0,0.99347471451876,0.0488958990536278,0.00313479623824451,0,0.823717948717949,0.991004497751124,0.993710691823899,0.982919254658385,0.996875,0,0,0.990639625585023,0.0046583850931677,0.00318471337579618,0.015748031496063,0.00309119010819165,0,1,0.00628930817610063,0.995184590690209,0.992,0,0.993680884676145,0.0107858243451464,0.998444790046656,1,0.990825688073395,0.996835443037975
"838",0.0221870047543582,0.0140625,0.0182648401826484,0.0176565008025682,0.01743264659271,0.0144694533762058,0.0332278481012658,0.0186335403726708,0.0230769230769231,0.968304278922345,0.021875,0.9671875,0.0230769230769231,0.0224358974358974,0.0141732283464567,0.00923076923076923,0.964777947932619,0.964506172839506,0.0206022187004754,0.021875,0.0170807453416149,0.0130081300813008,0.0184899845916795,0.969418960244648,0.0234375,0.0140845070422535,0.015625,0.0207336523125997,0.0181268882175227,0.0201238390092879,0.0136986301369863,0.024653312788906,0.0250783699059561,0.0124031007751938,0.970633693972179,0.0203442879499218,0.989180834621329,0.0228310502283105,0.0180995475113122,0.0182926829268293,0.973270440251572,0.963581183611533,0.967642526964561,0.021978021978022,0.0258064516129032,0.0144927536231884,0.015748031496063,0.0109717868338558,0.027231467473525,0.0105421686746988,0.967741935483871,0.0187793427230047,0.0188679245283019,0.0142857142857143,0.0329153605015674,0.0111287758346582,0.966772151898734,0.018957345971564,0.0246153846153846,0.0228310502283105,0.0154320987654321,0.0213414634146341,0.0124804992199688,0.965023847376789,0.0221169036334913,0.0248062015503876,0.964723926380368,0.0234375,0.971875,0.0110584518167457,0.0199692780337942,0.0124804992199688,0.0109204368174727,0.0217729393468118,0.970588235294118,0.0167173252279635,0.0138674884437596,0.0291411042944785,0.0253968253968254,0.0198019801980198,0.963893249607535,0.0231839258114374,0.0136157337367625,0.0184331797235023,0.015625,0.0200617283950617,0.021671826625387,0.0216049382716049,0.0245775729646697,0.967889908256881,0.0171073094867807,0.0203125,0.967238689547582,0.968354430379747,0.023696682464455,0.962848297213622,0.0430769230769231,0.0186625194401244,0.965678627145086,0.971875,0.0265625,0.969040247678019,0.0267716535433071,0.0206677265500795,0.016793893129771,0.0208667736757624,0.966824644549763,0.0186625194401244,0.0125195618153365,0.00947867298578199,0.0139103554868624,0.0335463258785942,0.0217729393468118,0.0236220472440945,0.966929133858268,0.0230061349693252,0.0234009360374415,0.969512195121951,0.0108024691358025,0.0126984126984127,0.971080669710807,0.0277349768875193,0.0247295208655332,0.0111464968152866,0.0200308166409861,0.0121396054628225,0.0212121212121212,0.0124416796267496,0.963949843260188,0.0278207109737249,0.0200617283950617,0.0192,0.0176,0.967340590979782,0.0176565008025682,0.0108527131782946,0.970125786163522,0.0191387559808612,0.0141955835962145,0.0207336523125997,0.968152866242038,0.970684039087948,0.0184899845916795,0.0236220472440945,0.012779552715655,0.0189873417721519,0.014218009478673,0.0217391304347826,0.0203125,0.0196374622356495,0.0221169036334913,0.0218408736349454,0.0189873417721519,0.0167682926829268,0.0169491525423729,0.0142857142857143,0.0248447204968944,0.0125195618153365,0.967642526964561,0.0219092331768388,0.0289634146341463,0.0236593059936909,0.0122137404580153,0.970724191063174,0.0169230769230769,0.0207667731629393,0.0192926045016077,0.0232558139534884,0.0201550387596899,0.00768049155145929,0.021505376344086,0.00928792569659443,0.0154083204930663,0.00899550224887556,0.0253164556962025,0.0185185185185185,0.970219435736677,0.0156494522691706,0.96875,0.0215716486902928,0.0233281493001555,0.00471698113207547,0.021671826625387,0.02,0.0196969696969697,0.0214395099540582,0.00938967136150235,0.0215384615384615,0.0173775671406003,0.0177705977382876,0.0125984251968504,0.0108864696734059,0.0235849056603774,0.04375,0.964992389649924,0.97007874015748,0.0237717908082409,0.968992248062015,0.0183206106870229,0.0170807453416149,0.035031847133758,0.0216049382716049,0.0181543116490166,0.0252764612954186,0.0198776758409786,0.0238853503184713,0.021978021978022,0.0172684458398744,0.0292307692307692,0.96513470681458,0.021671826625387,0.0177705977382876,0.0188976377952756,0.00786163522012579,0.013719512195122,0.0217729393468118,0.0217729393468118,0.0231124807395994,0.0283018867924528,0.0233281493001555,0.0248833592534992,0.96875,0.00930232558139535,0.0229709035222052,0.0189274447949527,0.969183359013868,0.0216049382716049,0.0212121212121212,0.023696682464455,0.021671826625387,0.0203442879499218,0.0240384615384615,0.0443037974683544,0.969889064976228,0.0303490136570561,0.0141509433962264,0.0224719101123595,0.0108864696734059,0.0198776758409786,0.0204724409448819,0.0231839258114374,0.0247678018575851,0.0263565891472868,0.0112179487179487,0.0217391304347826,0.0154798761609907,0.0135746606334842,0.0121765601217656,0.0170807453416149,0.0141287284144427,0.0143769968051118,0.0153139356814701,0.0108864696734059,0.013719512195122,0.0108695652173913,0.0231839258114374,0.0128,0.0221870047543582,0.963317384370016,0.0109375,0.965996908809892,0.0204081632653061,0.0235849056603774,0.0156739811912226,0.0234741784037559,0.963020030816641,0.0286624203821656,0.0260336906584992,0.0235478806907378,0.0233644859813084,0.0172684458398744,0.0140405616224649,0.964230171073095,0.0174603174603175,0.0185471406491499,0.0251177394034537,0.0156985871271586,0.0139103554868624,0.0217054263565891,0.0093603744149766,0.015552099533437,0.0213089802130898,0.0210016155088853,0.0257234726688103,0.963636363636364,0.0184049079754601,0.0378548895899054,0.965785381026439,0.00462962962962963,0.0304878048780488,0.021671826625387,0.973886328725038,0.0108191653786708,0.0140405616224649,0.0159489633173844,0.0237341772151899,0.00635930047694754,0.971786833855799,0.0377358490566038,0.0171073094867807,0.0212121212121212,0.0185185185185185,0.0222929936305732,0.0200308166409861,0.00940438871473354,0.0199386503067485,0.015625,0.0140405616224649,0.0200308166409861,0.0217729393468118,0.0207006369426752,0.0184899845916795,0.015625,0.0234741784037559,0.0265210608424337,0.0222222222222222,0.0224719101123595,0.930015552099533,0.0142405063291139,0.0202492211838006,0.0155763239875389,0.013719512195122,0.0217729393468118,0.021505376344086,0.0217729393468118,0.0255591054313099,0.0213089802130898,0.0158730158730159,0.0229709035222052,0.019047619047619,0.969325153374233,0.0215716486902928,0.0369774919614148,0.0110935023771791,0.924031007751938,0.0121212121212121,0.0217729393468118,0.0124031007751938,0.0125786163522013,0.970948012232416,0.015600624024961,0.0232558139534884,0.0109034267912773,0.0228384991843393,0.0169230769230769,0.0200927357032458,0.0271132376395534,0.025518341307815,0.025,0.0245098039215686,0.97239263803681,0.0247678018575851,0.0136157337367625,0.0121951219512195,0.021671826625387,0.0220820189274448,0.0109034267912773,0.969135802469136,0.0200308166409861,0.0108024691358025,0.0127591706539075,0.0158478605388273,0.0186335403726708,0.0172413793103448,0.0128824476650564,0.0207006369426752,0.967987804878049,0.0149253731343284,0.0135746606334842,0.0201238390092879,0.0232558139534884,0.0175438596491228,0.0109204368174727,0.0154559505409583,0.00933125972006221,0.0200927357032458,0.0188383045525903,0.0210843373493976,0.0200308166409861,0.0190779014308426,0.0235478806907378,0.0221169036334913,0.0167427701674277,0.0107033639143731,0.0124416796267496,0.0206349206349206,0.0233644859813084,0.0171875,0.0248447204968944,0.0240384615384615,0.0123647604327666,0.0215716486902928,0.96969696969697,0.0111287758346582,0.0215384615384615,0.0110410094637224,0.971428571428571,0.0188087774294671,0.969404186795491,0.0110410094637224,0.0215716486902928,0.0219435736677116,0.966929133858268,0.031496062992126,0.0138888888888889,0.021875,0.0142630744849445,0.020440251572327,0.0223285486443381,0.01743264659271,0.021671826625387,0.020440251572327,0.965463108320251,0.0186335403726708,0.0254777070063694,0.0201238390092879,0.0186335403726708,0.0170542635658915,0.0165016501650165,0.00940438871473354,0.968847352024922,0.0215384615384615,0.0188383045525903,0.0203761755485893,0.0243531202435312,0.00791139240506329,0.0268562401263823,0.0186335403726708,0.0394736842105263,0.9703125,0.0236220472440945,0.0222575516693164,0.0201238390092879,0.965891472868217,0.0208333333333333,0.0267295597484277,0.0216383307573416,0.015527950310559,0.0106382978723404,0.971830985915493,0.971036585365854,0.0224215246636771,0.0171073094867807,0.966153846153846,0.0170278637770898,0.963836477987421,0.963246554364472,0.963375796178344,0.0203442879499218,0.973805855161787,0.0224719101123595,0.0217729393468118,0.0271084337349398,0.0231124807395994,0.9664,0.971518987341772,0.0200308166409861,0.0194902548725637,0.0184899845916795,0.0105740181268882,0.971518987341772,0.0379939209726444,0.0200308166409861,0.0230414746543779,0.0168970814132104,0.0172955974842767,0.968847352024922,0.0201238390092879,0.0110935023771791,0.0256,0.0157977883096366,0.966616084977238,0.0105740181268882,0.0112,0.0161030595813204,0.0232558139534884,0.967441860465116,0.0227963525835866,0.0248833592534992,0.0153374233128834,0.974723538704581,0.0141732283464567,0.0165016501650165,0.00963081861958266,0.0200617283950617,0.0184899845916795,0.0108864696734059,0.0219092331768388,0.0246913580246914,0.0232919254658385,0.0139103554868624,0.0235478806907378,0.0216049382716049,0.960567823343849,0.009375,0.0185471406491499,0.0128,0.0221169036334913,0.0345911949685535,0.966616084977238,0.0153846153846154,0.0256,0.0278207109737249,0.0203761755485893,0.0110584518167457,0.0169491525423729,0.0162866449511401,0.0198776758409786,0.0213414634146341,0.0219435736677116,0.0253565768621236,0.976076555023923,0.0214395099540582,0.013719512195122,0.0186335403726708,0.0223642172523962,0.0122511485451761,0.0201238390092879,0.0235849056603774,0.0206022187004754,0.0203442879499218,0.0172413793103448,0.0172955974842767,0.0217391304347826,0.0248062015503876,0.0279937791601866,0.966767371601209,0.964341085271318,0.0206022187004754,0.023961661341853,0.0141065830721003,0.0237341772151899,0.0217391304347826,0.0215716486902928,0.0224358974358974,0.0221169036334913,0.0303951367781155,0.967791411042945,0.0218068535825545,0.0376175548589342,0.0247295208655332,0.0200927357032458,0.971342383107089,0.0220820189274448,0.0173775671406003,0.0125786163522013,0.0203125,0.0169230769230769,0.0240601503759399,0.0234009360374415,0.0196969696969697,0.0104477611940299,0.0252764612954186,0.021671826625387,0.0200927357032458,0.0429252782193959,0.0423197492163009,0.0188087774294671,0.0166919575113809,0.968847352024922,0.0217391304347826,0.0198776758409786,0.0111464968152866,0.0170542635658915,0.0202177293934681,0.0203442879499218,0.0170278637770898,0.7673343605547,0.00964630225080386,0.96969696969697,0.0297339593114241,0.0126182965299685,0.0124804992199688,0.0186915887850467,0.970172684458399,0.0216049382716049,0.02,0.0184331797235023,0.0168970814132104,0.014018691588785,0.0109717868338558,0.968181818181818,0.961059190031153,0.0161550888529887,0.00947867298578199,0.015600624024961,0.964560862865948,0.0109717868338558,0.0182370820668693,0.563076923076923,0.0218068535825545,0.015748031496063,0.0247295208655332,0.0189873417721519,0.0231124807395994,0.0218408736349454,0.967692307692308,0.0179910044977511,0.0220820189274448,0.0205047318611987,0.0227963525835866,0.0197568389057751,0.0186335403726708,0.959876543209877,0.0199386503067485,0.0200308166409861,0.970679012345679,0.0245775729646697,0.0125588697017268,0.0176,0.0201238390092879,0.970724191063174,0.96875,0.0228013029315961,0.0220125786163522,0.0138674884437596,0.0126182965299685,0.968944099378882,0.967741935483871,0.0242792109256449,0.0142405063291139,0.0163934426229508,0.0215384615384615,0.0182648401826484,0.0121765601217656,0.0124416796267496,0.0141955835962145,0.0285261489698891,0.00978792822185971,0.0122324159021407,0.975346687211094,0.0126382306477093,0.963893249607535,0.0196078431372549,0.179487179487179,0.0196671709531014,0.0127186009538951,0.0224358974358974,0.972179289026275,0.0196671709531014,0.021875,0.0247295208655332,0.963549920760697,0.0215716486902928,0.972929936305732,0.0176565008025682,0.0199081163859112,0.968992248062015,0.0397553516819572,0.0219092331768388,0.0171606864274571,0.0203761755485893,0.010752688172043,0.9734375,0.0219435736677116,0.012779552715655,0.964831804281346,0.0232198142414861,0.00763358778625954,0.0122137404580153,0.0174880763116057,0.0221518987341772,0.0153139356814701,0.0280373831775701,0.0173775671406003,0.968847352024922,0.0186915887850467,0.94954128440367,0.0446841294298921,0.0186046511627907,0.0232198142414861,0.0202808112324493,0.0185185185185185,0.0247295208655332,0.932098765432099,0.0109034267912773,0.0193548387096774,0.0139318885448916,0.0260336906584992,0.0202177293934681,0.0249221183800623,0.0202492211838006,0.969135802469136,0.968085106382979,0.0209267563527653,0.966514459665145,0.0108359133126935,0.970633693972179,0.0172413793103448,0.0159744408945687,0.0191082802547771,0.0215384615384615,0.0209339774557166,0.971742543171115,0.0139751552795031,0.0249221183800623,0.0201550387596899,0.0170542635658915,0.024390243902439,0.0133928571428571,0.0122511485451761,0.015748031496063,0.0123647604327666,0.00930232558139535,0.0174050632911392,0.0173775671406003,0.0261941448382126,0.0138248847926267,0.9703125,0.0110062893081761,0.0463258785942492,0.0206677265500795,0.0545171339563863,0.0210526315789474,0.0200617283950617,0.0215716486902928,0.0199692780337942,0.0224719101123595,0.0220125786163522,0.0207667731629393,0.0219092331768388,0.0172143974960876,0.0184615384615385,0.0218408736349454,0.0136570561456753,0.00907715582450832,0.0278207109737249,0.964831804281346,0.0198473282442748,0.0214395099540582,0.968602825745683,0.00961538461538462,0.976452119309262,0.0188679245283019,0.972536348949919,0.0170542635658915,0.0171073094867807,0.00918836140888208,0.0219092331768388,0.0214395099540582,0.0173775671406003,0.0138888888888889,0.03486529318542,0.970724191063174,0.968602825745683,0.0178861788617886,0.0196969696969697,0.0200927357032458,0.966463414634146,0.969512195121951,0.0142857142857143,0.018348623853211,0.0185471406491499,0.962264150943396,0.0122699386503067,0.971742543171115,0.0205371248025276,0.0205696202531646,0.0587301587301587,0.0153609831029186,0.968421052631579,0.0220472440944882,0.0200617283950617,0.0187793427230047,0.0226928895612708,0.0249609984399376,0.0124031007751938,0.023961661341853,0.864779874213837,0.0239234449760766,0.965299684542587,0.0196374622356495,0.969088098918083,0.0188383045525903,0.0108695652173913,0.378548895899054,0.970266040688576,0.969889064976228,0.0200927357032458,0.0225806451612903,0.0294117647058824,0.0168711656441718,0.00911854103343465,0.0111287758346582,0.0190174326465927,0.0212443095599393,0.977742448330684,0.0124804992199688,0.0174880763116057,0.964777947932619,0.0223642172523962,0.0183206106870229,0.0170278637770898,0.932098765432099,0.0109546165884194,0.021671826625387,0.018957345971564,0.0157728706624606,0.014446227929374,0.0123456790123457,0.0258899676375405,0.0107692307692308,0.0159235668789809,0.9703125,0.0266875981161695,0.0196078431372549,0.971563981042654,0.972093023255814,0.00914634146341463,0.968503937007874,0.0126182965299685,0.0201863354037267,0.0209677419354839,0.0111111111111111,0.0110410094637224,0.0208,0.0265625,0.0231839258114374,0.941717791411043,0.014446227929374,0.890649762282092,1,0.969936708860759,0.172955974842767,0.0121396054628225,0.00946372239747634,0.0185471406491499,0.0124416796267496,0.927099841521395,0.921658986175115,0.0123839009287926,0.998444790046656,0.971473851030111,0.977848101265823,1,0.920684292379471,0.00628930817610063,1,0.0095389507154213,0.0139968895800933,0.934713375796178,0.0125984251968504,0.954476479514416,0.0109717868338558,0.0724409448818898,0.0106382978723404,0.00924499229583975
"839",0,0,0.0272,0.0591133004926108,0.0132231404958678,0,0.0916530278232406,0.0209003215434084,0,0,0,0,0.447325769854133,0,0.958064516129032,0.992025518341308,0,0.0016025641025641,0.00166389351081531,0.017515923566879,0.851612903225806,0.968227424749164,0.0127388535031847,0,0.043956043956044,0.739059967585089,0.887122416534181,0.00826446280991736,0.526984126984127,0.304140127388535,1,0.316957210776545,0.24390243902439,0.710862619808307,0,0,0.00321027287319422,0.00482315112540193,0.748043818466354,0.0930979133226324,0,0,0,0,0.230252100840336,0.980551053484603,0.494345718901454,1,0.519809825673534,0.876160990712074,0,0.00797448165869218,0.731391585760518,0,0.102106969205835,0.837620578778135,0,0.0277324632952692,0.0398724082934609,0.104,0.702265372168285,0.568,1,0,0.0962479608482871,0.1648,0,0.0127388535031847,0,1,0.144674085850556,0.99347471451876,0.982343499197432,0,0,0.289137380191693,0.959119496855346,0.434920634920635,0.104477611940299,0.744932432432432,0,0.2914653784219,0.803486529318542,0.00158982511923688,0.894822006472492,0.0949367088607595,0.00478468899521531,0.0251177394034537,0.0288,0,0.0132890365448505,0,0,0,0.0294599018003273,0,0.689381933438986,0.0145161290322581,0,0,0.3728,0,0.713584288052373,0,0.900943396226415,0,0,0.0179738562091503,1,0.993650793650794,0.99198717948718,0.0802568218298555,0.666666666666667,0.008,0,0.0095389507154213,0.294871794871795,0,1,0.773095623987034,0,0.247987117552335,0.75767366720517,0.922570016474465,0.0241157556270096,0.856682769726248,0.0031496062992126,0.00321027287319422,0,0.424635332252836,0.0686274509803922,0.502454991816694,0.0133111480865225,0,0.00492610837438424,0.987220447284345,0,0.794407894736842,0.377049180327869,0.463934426229508,0,0,0.017741935483871,0.233278955954323,0.839607201309329,0,0.993527508090615,0.0825242718446602,0.591433278418451,0.0172684458398744,0.874380165289256,0.0144694533762058,0,0.161392405063291,0.00323101777059774,1,0,1,0,0.257748776508972,0.125,0.0161030595813204,0.982892690513219,0,0,0.54606365159129,0,0,0,0.711783439490446,0.0176282051282051,0.998376623376623,0.0471698113207547,1,0.100328947368421,0.6304,0,0.0146579804560261,0,0.157894736842105,0,0.879282218597064,0.0191082802547771,0.0494417862838915,0.00626959247648903,0.0225442834138486,0.906300484652666,0.625796178343949,0.0759075907590759,0.0532445923460899,0.947284345047923,0.9952,0.0147540983606557,0.12480252764613,0,0,0.701468189233279,0,0,0.763116057233704,0.115755627009646,0.240944881889764,0.00631911532385466,0.572593800978793,0.561708860759494,0.707119741100324,0.0754414125200642,0.0377049180327869,0.121069182389937,0,0.115755627009646,0.83112582781457,0.0524590163934426,1,0.942277691107644,0.456342668863262,0.0193236714975845,0.0224358974358974,0.179445350734095,0.00158982511923688,0.106109324758842,0,0.932907348242812,0.339622641509434,0.00325732899022801,0,0.00950871632329636,0.0141955835962145,0.441935483870968,0.462519936204147,0.00801282051282051,0,0.615008156606852,0,0.103286384976526,0.48936170212766,0.0229132569558101,1,0.0412044374009509,0,0,0.0520325203252033,0.461049284578696,1,0.0225806451612903,0.4656,0.995319812792512,0.998425196850394,0.809446254071661,1,0.856209150326797,0.329113924050633,1,0.998422712933754,0.993506493506494,0.401587301587302,0.962108731466227,0.012924071082391,0,1,0,0.776143790849673,0,0.0210016155088853,0.103059581320451,0,0.126644736842105,0.141479099678457,0.315619967793881,0.405797101449275,0.565573770491803,0.543831168831169,0,0,0.911717495987159,0.305418719211823,0.0358890701468189,0.988835725677831,0.245585874799358,0.998402555910543,0.894991922455573,0,0,0.0945273631840796,0,0.352564102564103,0.101141924959217,0,1,0.0875796178343949,0.0177133655394525,0,1,0.998397435897436,0.0163934426229508,0.119086460032626,1,0,0.605136436597111,0.00970873786407767,0.202194357366771,0.606109324758842,0.336079077429984,0.0416,0.990353697749196,0,0,0.993537964458804,0.0318979266347687,0,0.0245098039215686,0.00317965023847377,0.812903225806452,0.685126582278481,0.7152,0.0183028286189684,0.0628099173553719,0,0.747954173486088,0.0258481421647819,0.845295055821372,0.713615023474178,0.0015748031496063,0.00324675324675325,0.0288461538461538,0.305882352941176,0.00318471337579618,0.768092105263158,0.0318979266347687,0.00163132137030995,0,0.674085850556439,0.44281045751634,0.985623003194888,0,0.995283018867924,0.0914826498422713,0.977491961414791,1,0,0.766612641815235,0.0065252854812398,0.931707317073171,0.0133111480865225,0.0253968253968254,0.00813008130081301,0.717781402936378,0.711666666666667,0.33063209076175,0.549579831932773,0,0.178282009724473,0.990521327014218,0.967897271268058,0.8016,0,0.998402555910543,0,0.66504854368932,0.990445859872611,0.980165289256198,0.538338658146965,0,0.73489932885906,0,0.0294117647058824,0,0.00309119010819165,1,0.00159489633173844,0.163723916532905,0,0.990338164251208,0.0221169036334913,1,0.117073170731707,0.292282430213465,0.0542264752791069,0.014308426073132,0,0.707317073170732,0.0403225806451613,0,1,0.9728,0,0,0.683360258481422,0.113237639553429,0.0367278797996661,0.0496,0,0,0.887070376432079,0,0.998389694041868,0,0.0304487179487179,0,0.962662337662338,0,0.0289855072463768,0,0.36038961038961,0.576298701298701,0.0147058823529412,0.998366013071895,0.116776315789474,0.00164203612479475,0.623778501628665,0.393890675241158,0.212071778140294,0,0.8432,0.0211038961038961,0.00161030595813205,0.552504038772213,0,0.03035413153457,0.971061093247588,0,0.0159489633173844,0.00480769230769231,0.0425531914893617,0.310725552050473,0.995065789473684,0.129449838187702,0.761980830670926,0.811320754716981,0,0.395695364238411,0.405582922824302,0.403252032520325,0,0.721753794266442,0.090032154340836,0.372239747634069,0.484126984126984,0.928902627511592,0,0,0,0.0222575516693164,0,0.0790322580645161,0,0,0,0.00166112956810631,0,0,0.215654952076677,0.452681388012618,0,0,0,0.00650406504065041,0.040625,0.279179810725552,1,0,0.101910828025478,0.395534290271132,0,0.466772151898734,0.652032520325203,0,0.0190174326465927,1,0.0420711974110032,0.917073170731707,0,0.993700787401575,0.885,0.527182866556837,0.0254777070063694,0,0.0505529225908373,0.023696682464455,0,0,0.92891760904685,0.0715502555366269,0.998316498316498,0,0,0.992063492063492,0,0.70873786407767,0.188102893890675,0.990275526742301,0.84219001610306,0.0388349514563107,0,1,0.0257648953301127,0.99510603588907,0.339805825242718,0.601612903225806,0,0.900630914826498,0.256578947368421,0.742448330683625,0.0206022187004754,1,0.863708399366086,0.551839464882943,0.0546021840873635,0.12379421221865,0.0390243902439024,0.262023217247098,0,0.0189873417721519,1,0.0337620578778135,0.608910891089109,1,0,0,0,0.37459807073955,0.0158982511923688,0.878688524590164,0.823529411764706,0.0484652665589661,0.112903225806452,0,0,0.011437908496732,0.0639344262295082,0.988745980707395,0.0146579804560261,0.00637958532695375,0.633116883116883,0.0693548387096774,0.26797385620915,0.101105845181675,0,0.0293637846655791,0.65210355987055,0,0,0,0.351132686084142,0.0229132569558101,1,0.329032258064516,0.624798711755233,0.199074074074074,0.316831683168317,0.043343653250774,0.923913043478261,0.0148026315789474,0,0.0196399345335516,0.704132231404959,0.877616747181965,0.00803858520900321,0,0,0.2208,0.555905511811024,0.7536,0.239482200647249,0,0.110223642172524,0,0.104265402843602,1,0,0.182707993474715,0.99835255354201,1,0.734076433121019,0,0.00809061488673139,0.0950871632329636,0.00162866449511401,0.00317965023847377,0.924590163934426,1,0,0,0.834697217675941,0.924713584288052,0.862012987012987,0,1,0,0.444270015698587,0.706840390879479,0,0.400966183574879,0.0243111831442464,0.347334410339257,0.378548895899054,0,0,0.604575163398693,0.5,0.0753532182103611,0.00938967136150235,0.608346709470305,0,0.0465489566613162,0.043956043956044,0,0.029874213836478,0.985483870967742,0.00831946755407654,0.560975609756098,0,0,0.470588235294118,0.160714285714286,1,0.886326194398682,0,0,0.25115562403698,0.975806451612903,0,0.681020733652313,0.00773993808049536,1,0.628125,0.690163934426229,0.127906976744186,0.905158069883527,0.996815286624204,0,0.955665024630542,0,0.00470219435736677,0.80865224625624,0.0154798761609907,0.995033112582781,0,0,0.493610223642172,0.529886914378029,0,0,0,0,0.609271523178808,0.0109546165884194,0,0.335433070866142,0.0164203612479475,0.255663430420712,0.0480928689883914,0.965354330708661,0,0,0.743464052287582,0,0.315286624203822,1,0.988941548183254,0,0,0.00958466453674121,0.0241545893719807,0.0180921052631579,0,0.0228384991843393,0,0.635930047694754,0.722929936305732,0.00798722044728434,0.00481540930979133,0.00625978090766823,0.00786163522012579,0.0209677419354839,0.98694942903752,0.0151260504201681,0.0403225806451613,0.286624203821656,0.0211726384364821,0,0.0224719101123595,0,0,0.0186046511627907,0,0.937699680511182,0,0.0476190476190476,0.728925619834711,0.795681063122924,0.895498392282958,0.0798045602605863,0,0.894480519480519,0,0,0.368167202572347,0.587326120556414,0.790199081163859,0.830985915492958,0.354679802955665,1,0.885483870967742,0.459459459459459,0.748376623376623,0.296474358974359,0.99198717948718,0,1,0.66334991708126,0,0.341384863123994,0.786163522012579,0.386942675159236,0.123222748815166,0.0109717868338558,0.0404040404040404,0.0197044334975369,0,0.0016,0.447325769854133,0.584518167456556,0.00161550888529887,0.993779160186625,0.992101105845182,0.123778501628664,0,0,0.0321543408360129,0,0.891803278688525,0,0.048,0,0.0272873194221509,0,0.992,0.1664,0,0.337133550488599,0.380191693290735,0.106969205834684,0,0,0.0698466780238501,0.0556414219474498,0.00811688311688312,0,0,1,0.764521193092622,0.5,0,0.562700964630225,0,0.0766721044045677,0,0.814634146341463,0.769953051643192,0,0.662847790507365,0.406199021207178,0.13614262560778,0.0345911949685535,0.214516129032258,1,0.0116279069767442,0.0951612903225806,0,0,0.0174880763116057,0,0,0.98546042003231,0.638752052545156,0,0,0.1808,0.0729335494327391,0.0573248407643312,0.282091917591125,0.975,0.995065789473684,0.1776,0.169303797468354,0,0.985576923076923,0.0325732899022801,0,0.0162074554294976,0.037914691943128,0.936893203883495,0,0.9968,0,0.53322528363047,0.932692307692308,0.903814262023217,0.886942675159236,0.31404958677686,0.905956112852665,0,0,0.231527093596059,0.0193548387096774,0,0,1,0,1,0,0.283606557377049,1,1,0.445350734094617,0.0391517128874388,0.562805872756933,0,1,0.0426229508196721,0.00483870967741936,0,0.818035426731079,0.996865203761755,1,0.9888,1,0,0,0.987012987012987,0.00323101777059774,0.00163132137030995,0.024232633279483,0.0032258064516129,0,0.995184590690209,0.0095389507154213,1,1,0,0.995145631067961,0.0427215189873418,1,0.914790996784566,1,1
"840",0.00643086816720257,0.0016025641025641,0.0358814352574103,0.0653907496012759,0.0209677419354839,0.00165016501650165,0.103833865814696,0.0331230283911672,0.00309119010819165,0,0.00317460317460317,0,0.452380952380952,0.00324149108589951,0.963893249607535,0.987577639751553,0,0.00159489633173844,0.00481540930979133,0.0205696202531646,0.848341232227488,0.963081861958267,0.0124804992199688,0,0.0436817472698908,0.746774193548387,0.887122416534181,0.012987012987013,0.525741029641186,0.317683881064163,0.998430141287284,0.333848531684699,0.239165329052969,0.71937984496124,0,0.0015748031496063,0.004739336492891,0.00627943485086342,0.758409785932722,0.0934150076569678,0,0,0,0.00159489633173844,0.228155339805825,0.980891719745223,0.483516483516484,0.998412698412698,0.542635658914729,0.875,0,0.00947867298578199,0.731132075471698,0.00317460317460317,0.108974358974359,0.834415584415584,0,0.0235849056603774,0.0510835913312693,0.112341772151899,0.70440251572327,0.553488372093023,0.996794871794872,0,0.104166666666667,0.180379746835443,0,0.0127186009538951,0,0.996794871794872,0.133545310015898,0.992125984251969,0.977952755905512,0.00309119010819165,0,0.294851794071763,0.956318252730109,0.440625,0.11470113085622,0.730508474576271,0,0.3078125,0.806106870229008,0.0046583850931677,0.892018779342723,0.0976744186046512,0.00791139240506329,0.0312989045383412,0.0280373831775701,0,0.01743264659271,0.0031055900621118,0,0,0.0300632911392405,0,0.697063369397218,0.0203761755485893,0,0,0.383647798742138,0,0.733226837060703,0.00158730158730159,0.903076923076923,0.00161550888529887,0,0.028169014084507,0.996820349761526,0.988941548183254,0.992163009404389,0.0851735015772871,0.68167701863354,0.00938967136150235,0,0.0188087774294671,0.296825396825397,0,1,0.763492063492063,0,0.241758241758242,0.762790697674419,0.91869918699187,0.02660406885759,0.848765432098765,0.0046656298600311,0.00470957613814757,0,0.455676516329705,0.0692913385826772,0.497584541062802,0.0127388535031847,0,0.00964630225080386,0.971875,0,0.793548387096774,0.372611464968153,0.490353697749196,0,0,0.026813880126183,0.244019138755981,0.831987075928918,0.00159235668789809,0.992125984251969,0.0824088748019017,0.603252032520325,0.0258751902587519,0.872374798061389,0.0172955974842767,0.00323101777059774,0.151702786377709,0.00943396226415094,0.998381877022654,0.00316455696202532,0.998394863563403,0,0.260731319554849,0.142857142857143,0.0173228346456693,0.978361669242658,0,0.00309119010819165,0.563694267515924,0.00328407224958949,0.00158227848101266,0.00153139356814701,0.709677419354839,0.0253164556962025,0.995268138801262,0.0570107858243451,0.998484848484849,0.113057324840764,0.638668779714738,0,0.0191082802547771,0,0.14375,0,0.880452342487884,0.0222929936305732,0.0458135860979463,0.00914634146341463,0.0266875981161695,0.901253918495298,0.641185647425897,0.0846645367412141,0.0530546623794212,0.953198127925117,0.992199687987519,0.0225442834138486,0.130298273155416,0,0,0.711323763955343,0,0.00307219662058372,0.756923076923077,0.119354838709677,0.237341772151899,0.0123839009287926,0.576433121019108,0.55,0.711290322580645,0.0806962025316456,0.0391849529780564,0.131172839506173,0,0.117739403453689,0.833607907742998,0.062402496099844,0.996830427892235,0.936073059360731,0.468998410174881,0.0238095238095238,0.0247295208655332,0.189274447949527,0.00311526479750779,0.110047846889952,0,0.932496075353218,0.341085271317829,0.00964630225080386,0,0.0077639751552795,0.0245398773006135,0.469194312796209,0.458730158730159,0.0111821086261981,0.00323624595469256,0.637380191693291,0,0.11128526645768,0.483091787439614,0.0378289473684211,0.996865203761755,0.0419906687402799,0.00320512820512821,0.00158730158730159,0.05229793977813,0.473520249221184,1,0.0345911949685535,0.457496136012365,0.996899224806202,0.995363214837713,0.79874213836478,0.9984,0.8528,0.33695652173913,0.996840442338073,0.992248062015504,0.990654205607477,0.406299212598425,0.953225806451613,0.0157977883096366,0,0.996805111821086,0,0.774244833068362,0.00319488817891374,0.0205371248025276,0.102964118564743,0,0.138662316476346,0.148773006134969,0.329652996845426,0.409657320872274,0.56418383518225,0.533546325878594,0,0.00158982511923688,0.903374233128834,0.323101777059774,0.0464,0.987519500780031,0.267080745341615,0.996875,0.875583203732504,0.00304878048780488,0.00327868852459016,0.104333868378812,0,0.356374807987711,0.109177215189873,0,0.998447204968944,0.0938967136150235,0.0253968253968254,0,0.996840442338073,0.995334370139969,0.0210696920583468,0.131921824104235,0.996747967479675,0,0.612954186413902,0.0125786163522013,0.221020092735703,0.61875,0.344051446945338,0.0425196850393701,0.98755832037325,0.00310077519379845,0.00158478605388273,0.990595611285266,0.0342146189735614,0.00314465408805031,0.0242718446601942,0.00158227848101266,0.807210031347962,0.681747269890796,0.7223113964687,0.0287081339712919,0.0620915032679739,0,0.727707006369427,0.0298273155416013,0.844690966719493,0.676970633693972,0.00930232558139535,0.0064,0.0375586854460094,0.318910256410256,0.0061633281972265,0.744372990353698,0.043613707165109,0.00473186119873817,0,0.67906976744186,0.454833597464342,0.982539682539682,0,0.992260061919505,0.0852713178294574,0.975308641975309,0.996865203761755,0,0.765354330708661,0.00952380952380952,0.930379746835443,0.0147058823529412,0.0333333333333333,0.0176,0.724025974025974,0.723684210526316,0.335433070866142,0.552238805970149,0,0.187301587301587,0.987823439878234,0.954616588419405,0.811912225705329,0.00319488817891374,0.996825396825397,0,0.669303797468354,0.987480438184664,0.979066022544283,0.542319749216301,0.00158730158730159,0.729468599033816,0.00324149108589951,0.0316957210776545,0,0.0106382978723404,0.996865203761755,0.00463678516228748,0.178233438485804,0.00159235668789809,0.9888,0.0202492211838006,1,0.11609907120743,0.300632911392405,0.059748427672956,0.0188383045525903,0.00318471337579618,0.711598746081505,0.0409448818897638,0.00307692307692308,0.996955859969559,0.970358814352574,0.00318979266347687,0.00157232704402516,0.675590551181102,0.11214953271028,0.0403225806451613,0.0475435816164818,0.00308641975308642,0,0.889430894308943,0.00157977883096367,0.995245641838352,0,0.0445859872611465,0,0.951923076923077,0.00157977883096367,0.0401284109149278,0,0.377207062600321,0.577170418006431,0.0193861066235864,0.996784565916399,0.124797406807131,0.00644122383252818,0.621187800963082,0.403426791277259,0.226171243941842,0,0.841692789968652,0.0307941653160454,0.00159235668789809,0.558544303797468,0.00158478605388273,0.0283806343906511,0.968503937007874,0,0.0203442879499218,0.00952380952380952,0.0461783439490446,0.322378716744914,0.991909385113269,0.151273885350318,0.758675078864353,0.823333333333333,0,0.387820512820513,0.399046104928458,0.406940063091483,0,0.717990275526742,0.0993690851735016,0.368012422360248,0.486068111455108,0.919452887537994,0,0,0.00149253731343284,0.0265625,0,0.0875796178343949,0,0,0,0.00318471337579618,0,0.00322061191626409,0.232704402515723,0.471582181259601,0.00306278713629403,0,0,0.00634920634920635,0.043010752688172,0.289514866979656,1,0,0.115562403697997,0.406542056074766,0.00318979266347687,0.463452566096423,0.664025356576862,0,0.0219435736677116,0.996779388083736,0.0503246753246753,0.901771336553945,0,0.992354740061162,0.887459807073955,0.495921696574225,0.0313971742543171,0,0.0552147239263804,0.0253565768621236,0.003125,0,0.922953451043339,0.0721311475409836,0.996710526315789,0.00315955766192733,0.0031055900621118,0.990654205607477,0.00156985871271586,0.712050078247261,0.211690363349131,0.9872,0.839228295819936,0.0364500792393027,0,0.996870109546166,0.0280373831775701,0.990430622009569,0.353322528363047,0.598116169544741,0,0.888888888888889,0.273905996758509,0.748837209302326,0.0263975155279503,0.998444790046656,0.840625,0.538079470198676,0.0567484662576687,0.130970724191063,0.0382165605095541,0.2528,0,0.0170807453416149,1,0.0365079365079365,0.629449838187702,0.996899224806202,0.00156985871271586,0.00158730158730159,0.0032258064516129,0.373040752351097,0.0188383045525903,0.873397435897436,0.82475884244373,0.0545171339563863,0.117739403453689,0,0,0.0127186009538951,0.0658105939004815,0.9824,0.0207336523125997,0.0108527131782946,0.658767772511848,0.0801282051282051,0.270998415213946,0.104037267080745,0,0.0338709677419355,0.672,0.00315457413249211,0.00474683544303797,0,0.366826156299841,0.032,0.998402555910543,0.31875,0.617460317460317,0.213213213213213,0.329093799682035,0.0424886191198786,0.921898928024502,0.0161550888529887,0.00158227848101266,0.0251968503937008,0.707472178060413,0.886792452830189,0.0127388535031847,0.00155038759689922,0,0.21996879875195,0.538827258320127,0.740973312401884,0.24375,0.0032,0.117174959871589,0.00310077519379845,0.109375,0.998355263157895,0,0.192733017377567,0.9952,0.996860282574568,0.72386895475819,0,0.0126582278481013,0.0932069510268562,0.0048,0.00770416024653313,0.925278219395866,0.996875,0,0,0.8416,0.92246835443038,0.847860538827258,0,0.996879875195008,0.00317460317460317,0.431888544891641,0.722570532915361,0.00159235668789809,0.417197452229299,0.0283464566929134,0.362068965517241,0.376543209876543,0,0.00303030303030303,0.617224880382775,0.514150943396226,0.0835913312693498,0.0154798761609907,0.609302325581395,0,0.0512,0.0482866043613707,0,0.0305810397553517,0.981395348837209,0.0147299509001637,0.553627760252366,0,0,0.486042692939245,0.174050632911392,0.996840442338073,0.86741214057508,0,0,0.260211800302572,0.97741935483871,0.0033167495854063,0.68944099378882,0.0109375,0.996918335901387,0.630265210608424,0.696969696969697,0.141935483870968,0.904684975767367,0.993779160186625,0,0.959055118110236,0,0.0091324200913242,0.804838709677419,0.0246153846153846,0.993527508090615,0.00323101777059774,0,0.501543209876543,0.530448717948718,0.0031055900621118,0,0.00313479623824451,0,0.619582664526485,0.0124610591900312,0,0.345256609642302,0.0238853503184713,0.257142857142857,0.0583468395461912,0.965996908809892,0,0.00313971742543171,0.733755942947702,0,0.32967032967033,1,0.981538461538462,0.00161290322580645,0.00160513643659711,0.0109204368174727,0.0251572327044025,0.0192926045016077,0,0.0287539936102236,0,0.649206349206349,0.724522292993631,0.0109546165884194,0.00943396226415094,0.00933125972006221,0.00625,0.029320987654321,0.9858934169279,0.0179738562091503,0.0423197492163009,0.294753086419753,0.0251177394034537,0.00155763239875389,0.0365659777424483,0,0,0.0196078431372549,0,0.938775510204082,0,0.0479876160990712,0.721231766612642,0.805466237942122,0.881804043545879,0.0784,0,0.900630914826498,0.00157728706624606,0.0031055900621118,0.375594294770206,0.58751902587519,0.795180722891566,0.816770186335404,0.349358974358974,0.996889580093313,0.878930817610063,0.46129541864139,0.728731942215088,0.300155520995334,0.990521327014218,0,0.996805111821086,0.680194805194805,0.0016260162601626,0.363354037267081,0.792307692307692,0.387301587301587,0.135384615384615,0.0108695652173913,0.0453074433656958,0.0243506493506494,0.00322061191626409,0.00318979266347687,0.450320512820513,0.586314152410575,0.00473186119873817,0.992307692307692,0.986111111111111,0.140157480314961,0,0.00311526479750779,0.0297805642633229,0,0.891410048622366,0,0.0575079872204473,0,0.0264797507788162,0.00316455696202532,0.990580847723705,0.178456591639871,0,0.353130016051364,0.382581648522551,0.113564668769716,0,0,0.0812603648424544,0.0670731707317073,0.0140625,0,0,0.996789727126806,0.756548536209553,0.486614173228346,0,0.556962025316456,0,0.0825242718446602,0.00316455696202532,0.818619582664527,0.77639751552795,0,0.66884176182708,0.396825396825397,0.134706814580032,0.046656298600311,0.230529595015576,0.996875,0.0162337662337662,0.0922098569157393,0.00325732899022801,0,0.0232198142414861,0,0.00162337662337662,0.979166666666667,0.620414673046252,0,0,0.196261682242991,0.0718849840255591,0.0665634674922601,0.274570982839314,0.980273141122914,0.991961414790997,0.166931637519873,0.156441717791411,0,0.979365079365079,0.0303030303030303,0,0.0144927536231884,0.0543478260869565,0.930817610062893,0,0.993680884676145,0.0015625,0.542536115569823,0.930708661417323,0.908646003262643,0.885220125786163,0.320661157024793,0.899845916795069,0.00316957210776545,0,0.248803827751196,0.0187793427230047,0,0,0.998482549317147,0,0.998410174880763,0.00315955766192733,0.286407766990291,0.9968,0.996774193548387,0.480519480519481,0.0467741935483871,0.564387917329094,0,0.996747967479675,0.0453808752025932,0.00946372239747634,0,0.804416403785489,0.995412844036697,0.996779388083736,0.985981308411215,0.998442367601246,0,0,0.985959438377535,0.0062402496099844,0.00324675324675325,0.0286624203821656,0.00625,0,0.992,0.0139968895800933,1,1,0,0.993670886075949,0.0546875,0.998410174880763,0.908517350157729,0.995391705069124,0.996850393700787
"841",0.0547504025764895,0.0448717948717949,0.0438871473354232,0.0422077922077922,0.0485436893203883,0.0455284552845528,0.0530546623794212,0.0457413249211356,0.0438184663536776,0.950900163666121,0.0507131537242472,0.957142857142857,0.0284810126582278,0.0422077922077922,0.00161550888529887,0,0.951863354037267,0.966346153846154,0.0463258785942492,0.0445151033386327,0.0127186009538951,0,0.0423861852433281,0.9515625,0.0441640378548896,0.00970873786407767,0.00318471337579618,0.0555555555555556,0.0249221183800623,0.032967032967033,0,0.0335463258785942,0.0355987055016181,0.0141955835962145,0.952681388012618,0.0496794871794872,0.941362916006339,0.0414012738853503,0.0091324200913242,0.0407523510971787,0.956661316211878,0.970031545741325,0.963434022257552,0.0483870967741935,0.0279605263157895,0,0.0238473767885533,0,0.0217391304347826,0.00778816199376947,0.946708463949843,0.0422764227642276,0.0127388535031847,0.042654028436019,0.0532258064516129,0.00487012987012987,0.950657894736842,0.0477707006369427,0.0477707006369427,0.031496062992126,0.012779552715655,0.0189873417721519,0,0.952768729641694,0.0368,0.0316455696202532,0.952076677316294,0.0402576489533011,0.962264150943396,0,0.0349206349206349,0,0,0.0470219435736677,0.956043956043956,0.0283464566929134,0.00157977883096367,0.0220472440944882,0.0356564019448947,0.0134228187919463,0.954692556634304,0.0299212598425197,0.0046801872074883,0.0455974842767296,0.00788643533123028,0.037914691943128,0.0503937007874016,0.041335453100159,0.0438871473354232,0.961180124223602,0.0496794871794872,0.0474683544303797,0.957006369426752,0.954186413902054,0.0453074433656958,0.955696202531646,0.0268987341772152,0.0456692913385827,0.955696202531646,0.963141025641026,0.0380952380952381,0.957074721780604,0.011437908496732,0.0521172638436482,0,0.0507364975450082,0.961661341853035,0.0448,0,0,0,0.0555555555555556,0.0128,0.0494417862838915,0.952305246422893,0.0464396284829721,0.0283018867924528,0.962790697674419,0,0.00802568218298555,0.948194662480377,0.0319488817891374,0.012779552715655,0.00162866449511401,0.0492063492063492,0.0078740157480315,0.0471698113207547,0.0444444444444444,0.953451043338684,0.0317965023847377,0.0396196513470681,0.0162074554294976,0.0516962843295638,0.962382445141066,0.0470016207455429,0.00157232704402516,0.951612903225806,0.0161030595813204,0.0237717908082409,0.0338164251207729,0.952076677316294,0.957516339869281,0.0443740095087163,0.0339256865912763,0.00985221674876847,0.0416,0,0.037037037037037,0.0179738562091503,0.0462249614791988,0.00654664484451719,0.0504731861198738,0.0372168284789644,0.0345911949685535,0.0455974842767296,0,0.0494417862838915,0,0.953416149068323,0.032520325203252,0.046801872074883,0.0430622009569378,0,0.957746478873239,0.0469483568075117,0.0163132137030995,0.0462046204620462,0.0466988727858293,0.0440251572327044,0.015625,0.0474683544303797,0,0.0430769230769231,0,0.0419354838709677,0.0111642743221691,0.949511400651466,0.0465489566613162,0.95,0.0409448818897638,0.0473933649289099,0.00477707006369427,0.0446570972886762,0.0488958990536278,0.0423197492163009,0.0453125,0,0.015600624024961,0.0392798690671031,0.0360655737704918,0.00318979266347687,0,0.0513643659711075,0.0619047619047619,0.950540958268934,0.953748006379585,0.0174603174603175,0.957142857142857,0.0445468509984639,0.0124610591900312,0.0469255663430421,0.031496062992126,0.0449612403100775,0.0177705977382876,0.0142405063291139,0.0175718849840256,0.0418006430868167,0.0496,0.0425867507886435,0.951456310679612,0.0382775119617225,0.00983606557377049,0.0475409836065574,0,0,0.0256821829855538,0.0489731437598736,0.0410094637223975,0.0349761526232114,0.0476190476190476,0.0436893203883495,0.95447409733124,0,0.0295489891135303,0.0418006430868167,0.949044585987261,0.0482115085536547,0.0464396284829721,0.0332278481012658,0.0224719101123595,0.0416666666666667,0.0421393841166937,0.0286624203821656,0.955737704918033,0.0453834115805947,0.0224,0.0374592833876222,0,0.0421875,0.0502431118314425,0.0455259026687598,0.045958795562599,0.0189274447949527,0,0.0445151033386327,0.0221518987341772,0,0,0.0127591706539075,0,0.0146103896103896,0.0308641975308642,0,0,0,0.0280811232449298,0.00162074554294976,0.037953795379538,0.964458804523425,0,0.957680250783699,0.0129032258064516,0.0465489566613162,0.0427215189873418,0.0364500792393027,0.952978056426332,0.034257748776509,0.0443740095087163,0.0256,0.0224,0.0177133655394525,0.0222575516693164,0.962323390894819,0.0485436893203883,0.00313971742543171,0.029126213592233,0.0390243902439024,0,0.0304,0,0.00312989045383412,0.0484375,0.0558292282430213,0.0474631751227496,0.953488372093023,0.0283464566929134,0.0542264752791069,0.956386292834891,0,0.05320813771518,0.0501618122977346,0.952978056426332,0,0,0.0436187399030695,0.0370967741935484,0,0.957860615883306,0.0235849056603774,0.0456769983686786,0.0373250388802488,0.0174603174603175,0.0273752012882448,0.0330188679245283,0,0.0479134466769706,0.0440944881889764,0,0.0440944881889764,0.0425867507886435,0.0438311688311688,0.0445151033386327,0.00464396284829721,0.0186625194401244,0.0172143974960876,0.0484652665589661,0.0375816993464052,0.993730407523511,0.0111642743221691,0.0434083601286174,0.00316455696202532,0.0137825421133231,0.0489731437598736,0.0465489566613162,0.0448,0.0355987055016181,0.040625,0.00981996726677578,0.048062015503876,0.0471544715447154,0.953225806451613,0.0202492211838006,0.0272873194221509,0,0.998439937597504,0.0015552099533437,0.0412044374009509,0,0,0.957746478873239,0.00473186119873817,0.051948051948052,0.00643086816720257,0.0476973684210526,0.0458860759493671,0.0440944881889764,0.0113636363636364,0.0129449838187702,0.0284810126582278,0.0196399345335516,0.95447409733124,0.0378548895899054,0.00155038759689922,0.00156494522691706,0.00794912559618442,0.0450885668276973,0,0.952681388012618,0.0205696202531646,0,0.00319488817891374,0.0221169036334913,0.0477707006369427,0.0115321252059308,0.0421393841166937,0.0439024390243902,0.960815047021944,0.0426179604261796,0,0.0432098765432099,0.0335463258785942,0.0523731587561375,0.00160771704180064,0.0421216848673947,0,0.0412698412698413,0.0228384991843393,0.043956043956044,0.0429252782193959,0.048,0.0142630744849445,0.0464,0.0453834115805947,0,0,0.0439024390243902,0.0380348652931854,0.0156494522691706,0.0423861852433281,0.0509868421052632,0.0361635220125786,0.0504731861198738,0.951060358890702,0.00325732899022801,0.0467289719626168,0,0.954911433172303,0.0482315112540193,0.968852459016393,0,0.0526315789473684,0.0467741935483871,0.961476725521669,0.0316957210776545,0.016,0.048,0,0.0388349514563107,0.0490998363338789,0.0130505709624796,0.028169014084507,0.0258064516129032,0.952305246422893,0.00792393026941363,0.0512820512820513,0.041335453100159,0.0143312101910828,0.0457413249211356,0.0442176870748299,0,0.955974842767296,0.0525477707006369,0.045016077170418,0.0351437699680511,0.032051282051282,0.0016,0.0466988727858293,0.00947867298578199,0.0182119205298013,0.963779527559055,0.0303030303030303,0.0271565495207668,0.0279503105590062,0.956043956043956,0.0149253731343284,0.043338683788122,0.0313479623824451,0.0216049382716049,0.00151975683890578,0.950793650793651,0.956521739130435,0.0460122699386503,0.0406885758998435,0.955271565495208,0.0384,0.961722488038278,0.956856702619414,0.95702479338843,0.0525477707006369,0.953416149068323,0.0426929392446634,0.0301109350237718,0.0282131661442006,0.0438871473354232,0.951534733441034,0.952691680261011,0.0470957613814757,0.043613707165109,0.03486529318542,0,0.958266452648475,0.055205047318612,0.025518341307815,0.0480769230769231,0.020440251572327,0.0162074554294976,0.954545454545455,0.045958795562599,0,0.0476190476190476,0.00480769230769231,0.957680250783699,0.00154320987654321,0.00484652665589661,0.0146341463414634,0.0449612403100775,0.952305246422893,0.04375,0.0424528301886792,0.037914691943128,0.958333333333333,0,0.0447019867549669,0.00166944908180301,0.0409448818897638,0.0469483568075117,0,0.0427215189873418,0.0157232704402516,0.0366826156299841,0,0.0113636363636364,0.0398724082934609,0.961904761904762,0,0.0438184663536776,0,0.0289855072463768,0.027027027027027,0.95800933125972,0.00792393026941363,0.0292682926829268,0.0124804992199688,0.0454545454545455,0,0.00470219435736677,0.020066889632107,0.0390015600624025,0.0386398763523957,0.0451612903225806,0.0352564102564103,0.958266452648475,0.0514820592823713,0,0.0411392405063291,0.0165289256198347,0,0.0455259026687598,0.0492845786963434,0.036741214057508,0.0208,0.0428571428571429,0.00641025641025641,0.00801282051282051,0.0470957613814757,0.050314465408805,0.9578125,0.9536,0.0466237942122186,0.035426731078905,0,0.0438311688311688,0.0378548895899054,0.0127591706539075,0.0374592833876222,0.0445859872611465,0.0583717357910906,0.953560371517028,0.0381558028616852,0.0225442834138486,0.0498392282958199,0.0398089171974522,0.961300309597523,0.0288461538461538,0.037156704361874,0,0.0275526742301459,0.00952380952380952,0.0338983050847458,0.025974025974026,0.0467289719626168,0,0.0528052805280528,0.0440251572327044,0.0457413249211356,0.0213464696223317,0.0176,0.0458860759493671,0.04,0.963302752293578,0.03125,0.0188976377952756,0.00791139240506329,0.0333863275039746,0.0498392282958199,0.0431309904153355,0.0458135860979463,0.752755905511811,0,0.954545454545455,0.0334394904458599,0,0,0.0128617363344051,0.9536,0.0477707006369427,0.0387596899224806,0.0405844155844156,0.0501567398119122,0,0,0.94954128440367,0.955766192733017,0.00815660685154975,0.00322061191626409,0.00806451612903226,0.951104100946372,0,0.0523809523809524,0.53343949044586,0.0144230769230769,0.0440456769983687,0.0340557275541796,0.0476190476190476,0.0249221183800623,0.0185471406491499,0.956043956043956,0.0494590417310665,0.0194489465153971,0.024232633279483,0.0527131782945736,0.0453125,0.021978021978022,0.955414012738854,0.0408805031446541,0.0448916408668731,0.955974842767296,0.0496124031007752,0,0.0413907284768212,0.0208,0.959807073954984,0.961904761904762,0.0250417362270451,0.0366826156299841,0,0.0032626427406199,0.956937799043062,0.951986754966887,0.0340030911901082,0,0.0459016393442623,0.0109717868338558,0.0429252782193959,0,0.0143312101910828,0.00974025974025974,0.0454545454545455,0.00490998363338789,0,0.959742351046699,0.00158478605388273,0.950540958268934,0.0369230769230769,0.143092105263158,0.0504587155963303,0,0.0473083197389886,0.949367088607595,0.0265210608424337,0.0226171243941842,0.0440944881889764,0.957860615883306,0.0450310559006211,0.954765751211632,0.0197693574958814,0.046801872074883,0.955177743431221,0.0429252782193959,0.0452342487883683,0.0336538461538462,0.0387096774193548,0.0015527950310559,0.955271565495208,0.0421393841166937,0.00484652665589661,0.953271028037383,0.0280373831775701,0,0.00157977883096367,0.044189852700491,0.0492845786963434,0.0483619344773791,0.0492063492063492,0.0468497576736672,0.959627329192547,0.042654028436019,0.955038759689922,0.0277349768875193,0.0110759493670886,0.0431309904153355,0.0448717948717949,0.0417310664605873,0.0476190476190476,0.883464566929134,0,0.0504885993485342,0.03486529318542,0.0311526479750779,0.0492063492063492,0.0397456279809221,0.0443037974683544,0.95141065830721,0.953271028037383,0.0472560975609756,0.959311424100156,0,0.964285714285714,0.0380348652931854,0.00983606557377049,0.00490196078431373,0.00788643533123028,0.0456026058631922,0.946031746031746,0.00317460317460317,0.0522151898734177,0.0471698113207547,0.0255591054313099,0.0169491525423729,0.00903614457831325,0.0108359133126935,0.0258481421647819,0,0.00318979266347687,0.0192307692307692,0.00967741935483871,0.0347551342812006,0.00159235668789809,0.952998379254457,0,0.0275526742301459,0.044189852700491,0.0523809523809524,0.00772797527047913,0.0271565495207668,0.0373250388802488,0.0497667185069984,0.0488599348534202,0.0502431118314425,0.0454545454545455,0.0452342487883683,0.0191082802547771,0.014218009478673,0.0487804878048781,0,0,0.0382165605095541,0.965678627145086,0.046656298600311,0.0391236306729265,0.96,0.00485436893203883,0.950949367088608,0.0428571428571429,0.957446808510638,0.0444444444444444,0.0380348652931854,0,0.035031847133758,0.0471698113207547,0.0306946688206785,0.0222929936305732,0.057784911717496,0.952,0.957377049180328,0.0396039603960396,0.0320610687022901,0.0461783439490446,0.954968944099379,0.95968992248062,0,0.00625,0.0235849056603774,0.951104100946372,0.0208333333333333,0.954330708661417,0.0385852090032154,0.0464,0.0342019543973941,0.009375,0.952086553323029,0.0130505709624796,0.024232633279483,0.0365659777424483,0.034375,0.0287081339712919,0,0.0470016207455429,0.85828025477707,0.0477759472817133,0.953748006379585,0.0435458786936236,0.966876971608833,0.0391517128874388,0,0.337096774193548,0.955625990491284,0.957006369426752,0.0302547770700637,0.0403877221324717,0.043956043956044,0.0344827586206897,0.00307692307692308,0,0.023696682464455,0.0416666666666667,0.952845528455285,0,0.0464,0.952830188679245,0.0446280991735537,0.0431432973805855,0,1,0,0.0441640378548896,0.0193548387096774,0,0.00164744645799012,0.00938967136150235,0.0344262295081967,0.00625,0.0476190476190476,0.951104100946372,0.0372168284789644,0.0489731437598736,0.966019417475728,0.951845906902087,0,0.956661316211878,0,0.0443740095087163,0.0344262295081967,0,0,0.0288,0.0499194847020934,0.0171339563862928,1,0,0.938411669367909,0.944356120826709,0.952305246422893,0.146067415730337,0,0,0.00625,0,1,1,0.00156985871271586,0.941362916006339,0.957166392092257,0.917329093799682,0.944620253164557,1,0,0.934713375796178,0,0,1,0.0015748031496063,0.9078125,0,0.0475435816164818,0.00154083204930663,0
"842",0.00963081861958266,0.00463678516228748,0.0375586854460094,0.0674157303370786,0.0225806451612903,0.008,0.104333868378812,0.0327613104524181,0.0062015503875969,0,0.0078003120124805,0,0.438080495356037,0.00643086816720257,0.948916408668731,0.985871271585557,0,0,0.00801282051282051,0.0186335403726708,0.839563862928349,0.962903225806452,0.0187793427230047,0,0.0546021840873635,0.721518987341772,0.886792452830189,0.0160513643659711,0.534351145038168,0.315789473684211,0.996923076923077,0.313572542901716,0.234349919743178,0.697637795275591,0,0.00789889415481832,0.00623052959501558,0.0108527131782946,0.746606334841629,0.0947204968944099,0,0,0,0.00635930047694754,0.227848101265823,0.974723538704581,0.48503937007874,0.995283018867924,0.538343558282209,0.872919818456883,0,0.014218009478673,0.737421383647799,0.00317965023847377,0.111642743221691,0.837359098228664,0,0.0304,0.0457413249211356,0.102009273570325,0.691472868217054,0.569875776397516,0.995319812792512,0,0.109500805152979,0.172360248447205,0,0.0126984126984127,0,0.992088607594937,0.147465437788018,0.990610328638498,0.976816074188563,0.00611620795107034,0,0.29320987654321,0.950693374422188,0.418897637795276,0.100486223662885,0.750830564784053,0,0.291217257318952,0.785714285714286,0.00612557427258806,0.895962732919255,0.096875,0.00627943485086342,0.0287081339712919,0.0328125,0,0.014218009478673,0.00471698113207547,0,0,0.0304487179487179,0,0.698587127158556,0.0263157894736842,0,0,0.376160990712074,0,0.72755905511811,0.00793650793650794,0.894009216589862,0.00807754442649435,0,0.0266875981161695,0.993527508090615,0.990521327014218,0.984251968503937,0.0910518053375196,0.677621283255086,0.0157977883096366,0,0.0202177293934681,0.293478260869565,0,0.993817619783617,0.777424483306836,0,0.231132075471698,0.748019017432647,0.920840064620355,0.031201248049922,0.852895148669797,0.00924499229583975,0.0108695652173913,0,0.460815047021944,0.0717628705148206,0.512578616352201,0.0173228346456693,0,0.00805152979066022,0.975346687211094,0,0.791139240506329,0.370716510903427,0.498376623376623,0,0,0.031201248049922,0.248025276461295,0.821543408360129,0.00789889415481832,0.9858934169279,0.073094867807154,0.588235294117647,0.0245775729646697,0.875,0.0172955974842767,0.00638977635782748,0.16793893129771,0.0110410094637224,0.993548387096774,0.00630914826498423,0.993610223642173,0,0.257911392405063,0.126911314984709,0.0218068535825545,0.976923076923077,0,0.00609756097560976,0.553627760252366,0.00818330605564648,0.00784929356357928,0.00617283950617284,0.697530864197531,0.0298273155416013,0.993798449612403,0.0597243491577335,0.992378048780488,0.10223642172524,0.613846153846154,0,0.0219092331768388,0,0.143533123028391,0.00635930047694754,0.872,0.0233281493001555,0.0543478260869565,0.0120481927710843,0.0248833592534992,0.903125,0.645801526717557,0.0803149606299213,0.0586370839936609,0.938485804416404,0.987616099071207,0.028391167192429,0.126738794435858,0,0,0.712948517940718,0,0.00625,0.752688172043011,0.12280701754386,0.2375,0.0167427701674277,0.57345971563981,0.560747663551402,0.7104,0.0838607594936709,0.0434782608695652,0.122699386503067,0,0.120253164556962,0.819063004846527,0.0625,0.995363214837713,0.926791277258567,0.469387755102041,0.0251572327044025,0.0289634146341463,0.173228346456693,0.00941915227629513,0.105845181674566,0,0.918622848200313,0.342105263157895,0.0112540192926045,0,0.012326656394453,0.027190332326284,0.457231726283048,0.460218408736349,0.0172413793103448,0.0048780487804878,0.624203821656051,0,0.1046875,0.489827856025039,0.0341463414634146,0.9921875,0.0440729483282675,0.00630914826498423,0.0061633281972265,0.0456692913385827,0.476851851851852,0.992150706436421,0.0332278481012658,0.455950540958269,0.987897125567322,0.995363214837713,0.814873417721519,0.995341614906832,0.84789644012945,0.32348367029549,0.992248062015504,0.988958990536278,0.984544049459042,0.425038639876352,0.959935897435897,0.0204081632653061,0,0.9921875,0,0.77115987460815,0.00645161290322581,0.0265210608424337,0.100308641975309,0,0.129449838187702,0.140215716486903,0.316037735849057,0.410658307210031,0.546031746031746,0.544871794871795,0,0.00796178343949045,0.90795631825273,0.313915857605178,0.0430622009569378,0.984520123839009,0.252782193958665,0.992150706436421,0.875192604006163,0.0046656298600311,0.00490998363338789,0.107371794871795,0,0.36055469953775,0.108661417322835,0,0.993846153846154,0.101071975497703,0.0268562401263823,0,0.992150706436421,0.992236024844721,0.0193236714975845,0.123595505617978,0.993589743589744,0,0.604361370716511,0.0158730158730159,0.220679012345679,0.622464898595944,0.3486529318542,0.046656298600311,0.982704402515723,0.00618238021638331,0.00630914826498423,0.985691573926868,0.044822256568779,0.00473186119873817,0.0322061191626409,0.0094488188976378,0.808777429467085,0.693877551020408,0.716981132075472,0.0302547770700637,0.0650406504065041,0.0031104199066874,0.748807631160572,0.0284810126582278,0.830218068535826,0.700751879699248,0.0124416796267496,0.00792393026941363,0.0374414976599064,0.309148264984227,0.00770416024653313,0.762658227848101,0.0356589147286822,0.008,0,0.68160741885626,0.462757527733756,0.979623824451411,0.00154798761609907,1,0.0902021772939347,0.970542635658915,0.993670886075949,0,0.758998435054773,0.0158227848101266,0.928125,0.0245499181669394,0.0311526479750779,0.0188087774294671,0.722488038277512,0.714285714285714,0.328149300155521,0.547231270358306,0,0.176287051482059,0.981481481481482,0.959501557632399,0.811232449297972,0.00476190476190476,0.993680884676145,0,0.672386895475819,0.984375,0.968354430379747,0.535143769968051,0.0062402496099844,0.741573033707865,0.00483870967741936,0.0380952380952381,0,0.015015015015015,0.992319508448541,0.00904977375565611,0.1703125,0.00809061488673139,0.984,0.0277349768875193,0.993779160186625,0.11353032659409,0.296650717703349,0.0546875,0.0204724409448819,0.004739336492891,0.702660406885759,0.0334394904458599,0.00154798761609907,0.995341614906832,0.970219435736677,0.00793650793650794,0.0062402496099844,0.691222570532915,0.107858243451464,0.0411861614497529,0.0518053375196232,0.00467289719626168,0,0.889952153110048,0.00622083981337481,0.990506329113924,0,0.0412044374009509,0,0.950793650793651,0.00769230769230769,0.0327102803738318,0,0.374414976599064,0.56418383518225,0.0252365930599369,0.992050874403816,0.138755980861244,0.0095389507154213,0.630573248407643,0.407176287051482,0.210776545166403,0,0.838862559241706,0.0287539936102236,0.00625978090766823,0.549295774647887,0.00619195046439629,0.0333889816360601,0.968652037617555,0,0.0219092331768388,0.0124223602484472,0.0543478260869565,0.311248073959938,0.985736925515055,0.130298273155416,0.750392464678179,0.836633663366337,0,0.364365971107544,0.392744479495268,0.389830508474576,0,0.724025974025974,0.0884676145339652,0.348909657320872,0.49388379204893,0.928464977645306,0,0,0.00757575757575758,0.0308166409861325,0,0.0754716981132075,0,0,0,0.00946372239747634,0,0.00637958532695375,0.227629513343799,0.48159509202454,0.00625,0,0,0.0123839009287926,0.0441400304414003,0.273006134969325,0.995268138801262,0,0.115740740740741,0.411580594679186,0.00465116279069767,0.44822256568779,0.667194928684628,0,0.0278207109737249,0.99194847020934,0.0429936305732484,0.906200317965024,0,0.989247311827957,0.889589905362776,0.504091653027823,0.0324574961360124,0,0.0582822085889571,0.0278207109737249,0.00465116279069767,0,0.930379746835443,0.0756578947368421,0.99512987012987,0.0062111801242236,0.00609756097560976,0.984639016897081,0.00617283950617284,0.70125786163522,0.192604006163328,0.985804416403785,0.8272,0.0456692913385827,0,0.995192307692308,0.031055900621118,0.990275526742301,0.341935483870968,0.602218700475436,0,0.885400313971743,0.259554140127389,0.739811912225705,0.0248833592534992,0.99198717948718,0.848159509202454,0.555189456342669,0.054380664652568,0.119815668202765,0.0376175548589342,0.246445497630332,0,0.0202177293934681,0.992283950617284,0.0377358490566038,0.61637239165329,0.995412844036697,0.00464396284829721,0.00797448165869218,0.00475435816164818,0.372274143302181,0.0235478806907378,0.875598086124402,0.816164817749604,0.0569230769230769,0.117283950617284,0,0,0.0111287758346582,0.0705128205128205,0.979527559055118,0.0192926045016077,0.0157232704402516,0.637071651090343,0.0718849840255591,0.270998415213946,0.105100463678516,0,0.0345368916797488,0.661341853035144,0.00626959247648903,0.00635930047694754,0,0.353968253968254,0.0297339593114241,0.995222929936306,0.333860759493671,0.625,0.190760059612519,0.303514376996805,0.0482654600301659,0.905487804878049,0.0205696202531646,0.00630914826498423,0.0236593059936909,0.700980392156863,0.902668759811617,0.0186625194401244,0.0031201248049922,0,0.204368174726989,0.543343653250774,0.756630265210608,0.248833592534992,0.00625,0.120063191153239,0.0062015503875969,0.110939907550077,0.991883116883117,0,0.177672955974843,0.992138364779874,0.993670886075949,0.737909516380655,0,0.0170278637770898,0.0895061728395062,0.00778816199376947,0.0107361963190184,0.904088050314465,0.993700787401575,0,0,0.828200972447326,0.922834645669291,0.840579710144927,0,0.992248062015504,0.00771604938271605,0.433641975308642,0.7125,0.00796178343949045,0.411023622047244,0.0330708661417323,0.340062111801242,0.36817472698908,0,0.00748502994011976,0.615748031496063,0.518053375196232,0.0732824427480916,0.013953488372093,0.607476635514019,0,0.0527131782945736,0.0479876160990712,0,0.0336906584992343,0.979782270606532,0.0210696920583468,0.572327044025157,0,0,0.491027732463295,0.172684458398744,0.992211838006231,0.869426751592357,0,0,0.267175572519084,0.973270440251572,0.00490196078431373,0.693023255813954,0.013953488372093,0.993817619783617,0.615023474178404,0.664,0.1328,0.898876404494382,0.990769230769231,0,0.955974842767296,0,0.0139318885448916,0.810593900481541,0.0272727272727273,0.992,0.00634920634920635,0,0.486111111111111,0.542130365659777,0.00477707006369427,0,0.00928792569659443,0,0.610032362459547,0.0187207488299532,0,0.347286821705426,0.0222222222222222,0.255520504731861,0.0514469453376206,0.959876543209877,0,0.0062111801242236,0.752808988764045,0,0.316118935837246,0.996941896024465,0.976816074188563,0.00786163522012579,0.00801282051282051,0.0122887864823349,0.028169014084507,0.0242718446601942,0,0.0312989045383412,0,0.633996937212864,0.730529595015576,0.0140845070422535,0.00778816199376947,0.0122511485451761,0.0125195618153365,0.0309119010819165,0.9826224328594,0.0224,0.0442073170731707,0.269470404984424,0.0266875981161695,0.0077639751552795,0.0296875,0,0,0.0255639097744361,0,0.924499229583975,0.00157232704402516,0.046875,0.741935483870968,0.787928221859706,0.880551301684533,0.0885668276972625,0.0015625,0.903937007874016,0.00786163522012579,0.00462962962962963,0.371875,0.588502269288956,0.780120481927711,0.822358346094946,0.360189573459716,0.993827160493827,0.868217054263566,0.459752321981424,0.748019017432647,0.290423861852433,1,0,0.993610223642173,0.662440570522979,0.00805152979066022,0.358024691358025,0.78234398782344,0.378504672897196,0.11864406779661,0.0168711656441718,0.0456026058631922,0.0223285486443381,0.00797448165869218,0.009375,0.468454258675079,0.589783281733746,0.00635930047694754,0.987878787878788,0.98644578313253,0.125391849529781,0,0.00609756097560976,0.0264797507788162,0,0.883683360258481,0,0.0565749235474006,0,0.0309119010819165,0.00470219435736677,0.987654320987654,0.162939297124601,0.00615384615384615,0.356120826709062,0.371913580246914,0.113564668769716,0,0,0.0711920529801325,0.0619335347432024,0.0157728706624606,0,0,0.993506493506494,0.773993808049536,0.502332814930016,0,0.568075117370892,0,0.0782747603833866,0.0064,0.830670926517572,0.758039816232772,0,0.65818759936407,0.395569620253165,0.128325508607199,0.0413476263399694,0.230046948356808,0.996870109546166,0.0175438596491228,0.0923317683881064,0.00478468899521531,0,0.0230769230769231,0,0.00482315112540193,0.976415094339623,0.630573248407643,0,0,0.176744186046512,0.0718849840255591,0.0614439324116743,0.283720930232558,0.969135802469136,0.985645933014354,0.165876777251185,0.172573189522342,0,0.978125,0.0427892234548336,0,0.0177705977382876,0.0475460122699387,0.9296875,0.0015527950310559,0.990536277602524,0.0077639751552795,0.55111821086262,0.916271721958926,0.896607431340872,0.885400313971743,0.303370786516854,0.91499227202473,0.004739336492891,0,0.237421383647799,0.0186915887850467,0,0,0.993930197268589,0,0.993710691823899,0.004739336492891,0.287539936102236,0.996805111821086,0.993610223642173,0.4608,0.0505529225908373,0.565420560747664,0,0.990430622009569,0.0516129032258065,0.00626959247648903,0,0.821543408360129,0.987951807228916,0.992125984251969,0.978361669242658,0.992343032159265,0,0.00155038759689922,1,0.00467289719626168,0.00324675324675325,0.028125,0.00606980273141123,0,0.993680884676145,0.0125984251968504,0.995145631067961,0.993670886075949,0.0015748031496063,1,0.0444104134762634,0.993855606758833,0.908372827804107,0.995384615384615,0.995297805642633
"843",0.0233281493001555,0.0184615384615385,0.0226586102719033,0.0221518987341772,0.0220472440944882,0.0172143974960876,0.0387596899224806,0.0245775729646697,0.0224887556221889,0.929012345679012,0.0274809160305344,0.927131782945736,0.0395136778115502,0.021978021978022,0.053680981595092,0.0491551459293395,0.922492401215805,0.920807453416149,0.0200927357032458,0.0290076335877863,0.0561456752655539,0.0473933649289099,0.0196671709531014,0.933634992458522,0.0287009063444109,0.043343653250774,0.0510046367851623,0.0235849056603774,0.0423600605143722,0.0426179604261796,0.0535987748851455,0.0412213740458015,0.0399385560675883,0.0449612403100775,0.929770992366412,0.0229357798165138,0.945205479452055,0.0289634146341463,0.0491803278688525,0.027027027027027,0.936532507739938,0.920122887864823,0.930408472012103,0.0279937791601866,0.0393700787401575,0.0408805031446541,0.0376766091051805,0.0379939209726444,0.0464767616191904,0.0421052631578947,0.924961715160796,0.0229007633587786,0.0565749235474006,0.0213740458015267,0.0462249614791988,0.0483619344773791,0.923317683881064,0.0233644859813084,0.0274390243902439,0.0328849028400598,0.0484848484848485,0.0508221225710015,0.046583850931677,0.922834645669291,0.0297805642633229,0.0349013657056146,0.924615384615385,0.0305343511450382,0.934650455927052,0.048062015503876,0.0272727272727273,0.0440729483282675,0.0445468509984639,0.024024024024024,0.930722891566265,0.0375375375375375,0.0466867469879518,0.0535987748851455,0.0345911949685535,0.0516962843295638,0.919254658385093,0.036036036036036,0.042042042042042,0.0210526315789474,0.0475460122699387,0.0227272727272727,0.0244274809160305,0.0259938837920489,0.0259938837920489,0.92781954887218,0.0202808112324493,0.0242057488653555,0.92093023255814,0.928682170542636,0.02660406885759,0.924265842349305,0.076103500761035,0.0215384615384615,0.933434190620272,0.935285053929122,0.0482866043613707,0.930618401206637,0.0602782071097372,0.0250391236306729,0.0464071856287425,0.0235478806907378,0.930232558139535,0.0214723926380368,0.0454545454545455,0.0412844036697248,0.0554699537750385,0.0419906687402799,0.0538461538461538,0.0262751159196291,0.921259842519685,0.0240601503759399,0.036979969183359,0.926940639269406,0.0488549618320611,0.0399385560675883,0.926093514328808,0.04,0.0572289156626506,0.043956043956044,0.0244274809160305,0.045662100456621,0.0256797583081571,0.0185185185185185,0.924846625766871,0.0599078341013825,0.0246153846153846,0.0419254658385093,0.0218408736349454,0.925644916540212,0.0207006369426752,0.0463378176382661,0.926380368098159,0.0530421216848674,0.0341085271317829,0.0491283676703645,0.931888544891641,0.93015873015873,0.0213089802130898,0.0379939209726444,0.044822256568779,0.0216049382716049,0.0481366459627329,0.0269058295964126,0.0440944881889764,0.0243161094224924,0.0572337042925278,0.0231839258114374,0.0220472440944882,0.0293663060278207,0.018348623853211,0.0501567398119122,0.0292307692307692,0.0487804878048781,0.930091185410334,0.0361067503924647,0.0421686746987952,0.0277349768875193,0.0389805097451274,0.930930930930931,0.021021021021021,0.0568720379146919,0.021978021978022,0.027231467473525,0.0198170731707317,0.0439393939393939,0.0229709035222052,0.0482115085536547,0.0239880059970015,0.0433482810164425,0.0338461538461538,0.0455927051671733,0.9234375,0.0154559505409583,0.927051671732523,0.0305343511450382,0.0258751902587519,0.0403726708074534,0.0261136712749616,0.0239520958083832,0.0266666666666667,0.028657616892911,0.0427480916030534,0.0447761194029851,0.0268987341772152,0.0219092331768388,0.0540958268933539,0.0467571644042232,0.0248447204968944,0.0581039755351682,0.926865671641791,0.934049079754601,0.0543478260869565,0.927051671732523,0.0226244343891403,0.0494752623688156,0.0419254658385093,0.0363636363636364,0.0222551928783383,0.050314465408805,0.0466867469879518,0.0561622464898596,0.0231839258114374,0.0202808112324493,0.0379362670713202,0.925696594427245,0.0321100917431193,0.0543130990415335,0.0265210608424337,0.046583850931677,0.048048048048048,0.0523076923076923,0.024653312788906,0.0271084337349398,0.0351681957186544,0.0269461077844311,0.0353302611367127,0.930340557275542,0.0428790199081164,0.038863976083707,0.0215384615384615,0.931921331316188,0.0211480362537764,0.0266272189349112,0.0504587155963303,0.0398773006134969,0.0265210608424337,0.0268987341772152,0.0693374422187981,0.921383647798742,0.0432190760059613,0.0353302611367127,0.0236593059936909,0.0458015267175573,0.0255255255255255,0.0231839258114374,0.0269865067466267,0.0292307692307692,0.0472560975609756,0.0463678516228748,0.0259938837920489,0.0390977443609023,0.0499265785609398,0.0513595166163142,0.0451010886469673,0.0500758725341426,0.0543478260869565,0.0416666666666667,0.0441400304414003,0.047112462006079,0.047976011994003,0.046969696969697,0.04858934169279,0.0268562401263823,0.920560747663551,0.0490045941807044,0.931649331352155,0.059190031152648,0.028125,0.0217054263565891,0.0337423312883436,0.922018348623853,0.0425196850393701,0.0392156862745098,0.0383435582822086,0.038109756097561,0.0303490136570561,0.0426829268292683,0.929447852760736,0.0202808112324493,0.0580152671755725,0.0379746835443038,0.0182926829268293,0.0500758725341426,0.0400616332819723,0.0430769230769231,0.0474732006125574,0.0211480362537764,0.023961661341853,0.034375,0.922619047619048,0.0393343419062027,0.0514820592823713,0.93455098934551,0.0393343419062027,0.0416666666666667,0.0245398773006135,0.935143288084465,0.039039039039039,0.0481203007518797,0.0214395099540582,0.037037037037037,0.0423861852433281,0.934579439252336,0.0700152207001522,0.0186915887850467,0.0285285285285285,0.0515933232169954,0.0459418070444104,0.0229007633587786,0.0488549618320611,0.0224550898203593,0.0201550387596899,0.0495356037151703,0.0227617602427921,0.0245398773006135,0.0285714285714286,0.0211800302571861,0.0472560975609756,0.0544629349470499,0.0564885496183206,0.0246153846153846,0.0267295597484277,0.892586989409985,0.0450310559006211,0.0247678018575851,0.046969696969697,0.0413589364844904,0.0230061349693252,0.0262751159196291,0.0260336906584992,0.0474683544303797,0.0239520958083832,0.0447530864197531,0.0275229357798165,0.0217054263565891,0.930448222565688,0.0560606060606061,0.0576323987538941,0.0473282442748092,0.89209726443769,0.0467571644042232,0.031055900621118,0.0501519756838906,0.0533536585365854,0.932126696832579,0.0457317073170732,0.0277777777777778,0.0491551459293395,0.0236593059936909,0.02,0.0245398773006135,0.0630769230769231,0.0517241379310345,0.0460122699386503,0.0414012738853503,0.927601809954751,0.0400616332819723,0.0496240601503759,0.0466165413533835,0.0562310030395137,0.0247678018575851,0.0398162327718224,0.928462709284627,0.0504587155963303,0.0454545454545455,0.0526315789473684,0.0400616332819723,0.0217054263565891,0.0495356037151703,0.019047619047619,0.0291411042944785,0.926646706586826,0.021865889212828,0.0523168908819133,0.0255255255255255,0.0365853658536585,0.0208667736757624,0.0453172205438066,0.0224215246636771,0.0446153846153846,0.0319148936170213,0.0408805031446541,0.0303951367781155,0.0245022970903522,0.0229007633587786,0.0566615620214395,0.0296411856474259,0.0181818181818182,0.0481203007518797,0.0453857791225416,0.0218068535825545,0.0256410256410256,0.0476190476190476,0.0349013657056146,0.0287081339712919,0.0180722891566265,0.0255255255255255,0.935837245696401,0.0389408099688473,0.0242792109256449,0.0496124031007752,0.939024390243902,0.0219092331768388,0.9234375,0.0387596899224806,0.0242424242424242,0.0212443095599393,0.925465838509317,0.0591805766312595,0.0398162327718224,0.0249609984399376,0.0471698113207547,0.03125,0.0232919254658385,0.0432766615146832,0.0488549618320611,0.0309597523219814,0.930232558139535,0.0521472392638037,0.0277349768875193,0.0233644859813084,0.045662100456621,0.0224887556221889,0.0209677419354839,0.047040971168437,0.925418569254186,0.0242057488653555,0.0213414634146341,0.0234741784037559,0.0468986384266263,0.0463678516228748,0.0400616332819723,0.0590015128593041,0.0714285714285714,0.929121725731895,0.0421875,0.0401854714064915,0.0336906584992343,0.924585218702866,0.0526315789473684,0.0338983050847458,0.0424886191198786,0.0438066465256798,0.0381231671554252,0.931297709923664,0.928571428571429,0.0246020260492041,0.0242424242424242,0.919282511210762,0.0242792109256449,0.922958397534669,0.920236336779911,0.925349922239502,0.0213740458015267,0.934749620637329,0.023696682464455,0.0367534456355283,0.0566318926974665,0.0226928895612708,0.922720247295209,0.938366718027735,0.0199692780337942,0.0251851851851852,0.0333333333333333,0.0438729198184569,0.925349922239502,0.0454545454545455,0.0482654600301659,0.0277349768875193,0.0360902255639098,0.0453125,0.932411674347158,0.0243531202435312,0.0467289719626168,0.0276923076923077,0.0463678516228748,0.930513595166163,0.0441826215022091,0.0402476780185759,0.0372771474878444,0.0288315629742033,0.924012158054711,0.0257186081694402,0.0276497695852535,0.0182094081942337,0.934749620637329,0.0472560975609756,0.0210355987055016,0.0470957613814757,0.0214067278287462,0.024024024024024,0.0489296636085627,0.0255639097744361,0.0670731707317073,0.0400616332819723,0.043343653250774,0.0518053375196232,0.0258358662613982,0.922018348623853,0.0495356037151703,0.0226928895612708,0.0488958990536278,0.0403726708074534,0.065015479876161,0.92526158445441,0.0528700906344411,0.0388198757763975,0.0563165905631659,0.0234009360374415,0.0462249614791988,0.0574018126888218,0.0429936305732484,0.025297619047619,0.0284857571214393,0.0279937791601866,0.0395569620253165,0.936363636363636,0.0257186081694402,0.0525525525525526,0.0245775729646697,0.0522151898734177,0.0524737631184408,0.0226586102719033,0.0262345679012346,0.0246913580246914,0.0416024653312789,0.0199386503067485,0.057542768273717,0.0549618320610687,0.027355623100304,0.0440060698027314,0.927191679049034,0.925,0.0247678018575851,0.0343213728549142,0.0463678516228748,0.0265625,0.0242792109256449,0.0599078341013825,0.029595015576324,0.0390015600624025,0.0434782608695652,0.933333333333333,0.0292758089368259,0.0672926447574335,0.0262345679012346,0.0244274809160305,0.924107142857143,0.037037037037037,0.0248447204968944,0.0446153846153846,0.034375,0.0440729483282675,0.0402985074626866,0.0357698289269051,0.0252225519287834,0.0431547619047619,0.0309597523219814,0.0228658536585366,0.0226928895612708,0.0800627943485086,0.0778625954198473,0.018348623853211,0.0241691842900302,0.931921331316188,0.0347432024169184,0.0442748091603053,0.0428790199081164,0.0274390243902439,0.0259541984732824,0.0310077519379845,0.0228310502283105,0.711077844311377,0.0515625,0.92921686746988,0.0414110429447853,0.0514820592823713,0.0521472392638037,0.0556414219474498,0.935779816513762,0.0276073619631902,0.0285285285285285,0.0225903614457831,0.0197869101978691,0.0460829493087558,0.0479876160990712,0.92433234421365,0.924012158054711,0.0544323483670296,0.0405616224648986,0.0482115085536547,0.922503725782414,0.0489296636085627,0.0214723926380368,0.560902255639098,0.0549618320610687,0.0217729393468118,0.0531914893617021,0.0233281493001555,0.043609022556391,0.0434131736526946,0.925531914893617,0.0206185567010309,0.0513219284603421,0.0553846153846154,0.0301204819277108,0.0243161094224924,0.0531107738998483,0.917808219178082,0.024132730015083,0.0224887556221889,0.932098765432099,0.029940119760479,0.0490045941807044,0.0158478605388273,0.0441400304414003,0.930015552099533,0.92412746585736,0.0507936507936508,0.0324574961360124,0.0500758725341426,0.0483619344773791,0.934848484848485,0.916932907348243,0.029585798816568,0.049079754601227,0.0177133655394525,0.052790346907994,0.0193164933135215,0.0507462686567164,0.0427480916030534,0.0404984423676012,0.0340557275541796,0.0404984423676012,0.0498489425981873,0.930875576036866,0.0457317073170732,0.924499229583975,0.0254491017964072,0.215311004784689,0.0224550898203593,0.05,0.028169014084507,0.927492447129909,0.0374251497005988,0.0510835913312693,0.0260336906584992,0.924646781789639,0.0240601503759399,0.93603744149766,0.0485133020344288,0.0238805970149254,0.934131736526946,0.0621212121212121,0.0263565891472868,0.0369230769230769,0.0248447204968944,0.0417910447761194,0.931782945736434,0.0273972602739726,0.0438184663536776,0.926756352765321,0.037821482602118,0.0451127819548872,0.0484848484848485,0.0233281493001555,0.0219092331768388,0.0195195195195195,0.0342146189735614,0.0197568389057751,0.929339477726575,0.0201238390092879,0.910876132930514,0.0700152207001522,0.05,0.0254110612855007,0.0261941448382126,0.0239880059970015,0.0274809160305344,0.89409984871407,0.0461538461538462,0.0207336523125997,0.0213089802130898,0.046969696969697,0.0257966616084977,0.0254491017964072,0.0229357798165138,0.922503725782414,0.931297709923664,0.025297619047619,0.927835051546392,0.048048048048048,0.93394777265745,0.0213740458015267,0.0492063492063492,0.0599369085173502,0.0560606060606061,0.0200308166409861,0.929878048780488,0.0537634408602151,0.0288753799392097,0.0226586102719033,0.032258064516129,0.0529411764705882,0.0423357664233577,0.043609022556391,0.0359375,0.048411497730711,0.0500758725341426,0.0450310559006211,0.0458015267175573,0.0406626506024096,0.0505359877488515,0.934375,0.0461538461538462,0.0722135007849294,0.023696682464455,0.0742424242424242,0.0562962962962963,0.0414110429447853,0.031866464339909,0.0239880059970015,0.028391167192429,0.0297339593114241,0.021875,0.0276073619631902,0.0473282442748092,0.0443425076452599,0.0244648318042813,0.0460624071322437,0.0475482912332838,0.0364188163884674,0.918836140888208,0.0225563909774436,0.0226586102719033,0.925117004680187,0.0410094637223975,0.940548780487805,0.0231124807395994,0.92822966507177,0.0226244343891403,0.0198776758409786,0.0404191616766467,0.0356589147286822,0.0252225519287834,0.0373250388802488,0.0374251497005988,0.0510046367851623,0.929003021148036,0.929770992366412,0.0255591054313099,0.025,0.0239880059970015,0.927927927927928,0.928571428571429,0.0505529225908373,0.0448430493273543,0.0443425076452599,0.932203389830508,0.0393343419062027,0.93030303030303,0.0251968503937008,0.0231124807395994,0.0948678071539658,0.0466867469879518,0.927083333333333,0.0513219284603421,0.0409090909090909,0.0272727272727273,0.0256024096385542,0.0383435582822086,0.0510046367851623,0.0248447204968944,0.841614906832298,0.0251572327044025,0.924265842349305,0.0242057488653555,0.929663608562691,0.0235109717868339,0.046875,0.3861852433281,0.927710843373494,0.935779816513762,0.0339506172839506,0.0299212598425197,0.0360902255639098,0.037202380952381,0.0446428571428571,0.0419906687402799,0.0261538461538462,0.0327868852459016,0.9296875,0.0416666666666667,0.0216383307573416,0.927051671732523,0.021875,0.0211480362537764,0.0491551459293395,0.892749244712991,0.0445468509984639,0.0245022970903522,0.0454545454545455,0.04375,0.0519685039370079,0.0363636363636364,0.0393700787401575,0.0452488687782805,0.0186335403726708,0.940998487140696,0.0415384615384615,0.0241691842900302,0.939721792890263,0.925076452599388,0.0437956204379562,0.930015552099533,0.0518292682926829,0.0240601503759399,0.0442338072669826,0.0467289719626168,0.0493827160493827,0.0504731861198738,0.0276497695852535,0.0514372163388805,0.898050974512744,0.0506329113924051,0.848580441640379,0.958778625954198,0.93140243902439,0.200617283950617,0.0459940652818991,0.0453834115805947,0.0479041916167665,0.0508221225710015,0.901253918495298,0.889221556886228,0.0485584218512898,0.958588957055215,0.934681181959565,1,0.958715596330275,0.885496183206107,0.0107858243451464,0.954476479514416,0.0427215189873418,0.0546875,0.9078125,0.0444104134762634,1,0.0496987951807229,0.137825421133231,0.0461309523809524,0.0496124031007752
"844",0.00315457413249211,0,0.0306278713629403,0.0619047619047619,0.0193861066235864,0,0.107936507936508,0.0233281493001555,0,0,0,0,0.43701399688958,0,0.963076923076923,0.993788819875776,0,0.00156739811912226,0.00317965023847377,0.0168711656441718,0.849230769230769,0.971337579617834,0.00768049155145929,0,0.0430769230769231,0.746434231378764,0.889235569422777,0.0110935023771791,0.546142208774584,0.291079812206573,1,0.31937984496124,0.24251968503937,0.722397476340694,0,0,0.00455927051671732,0.00611620795107034,0.749253731343284,0.0964777947932619,0,0,0,0,0.225806451612903,0.981102362204724,0.489763779527559,1,0.541353383458647,0.875375375375375,0,0.00782472613458529,0.735109717868339,0,0.110759493670886,0.850393700787402,0,0.0220820189274448,0.0412213740458015,0.104134762633997,0.715160796324655,0.581395348837209,1,0,0.104265402843602,0.180277349768875,0,0.0109546165884194,0,1,0.139784946236559,0.99537750385208,0.982892690513219,0,0,0.283536585365854,0.95398773006135,0.431888544891641,0.102685624012638,0.736585365853659,0,0.296466973886329,0.789954337899543,0.00152671755725191,0.890432098765432,0.100763358778626,0.00305810397553517,0.0339506172839506,0.0291411042944785,0,0.0125588697017268,0,0,0,0.0266457680250784,0,0.689922480620155,0.0200617283950617,0,0,0.392523364485981,0,0.721617418351477,0,0.904689863842663,0,0,0.0204081632653061,1,0.992163009404389,0.99236641221374,0.0872274143302181,0.676470588235294,0.0093167701863354,0,0.0168453292496172,0.298761609907121,0,1,0.770670826833073,0,0.244094488188976,0.752721617418352,0.916006339144215,0.0277777777777778,0.854070660522273,0.00308166409861325,0.0046656298600311,0,0.460815047021944,0.0680061823802164,0.521531100478469,0.0125984251968504,0,0.00641025641025641,0.980213089802131,0,0.797805642633229,0.384136858475894,0.487138263665595,0,0,0.0250783699059561,0.2625,0.837925445705024,0,0.99211356466877,0.0788253477588872,0.588888888888889,0.0214395099540582,0.867834394904459,0.0123647604327666,0,0.164869029275809,0.00622083981337481,1,0,1,0,0.270700636942675,0.136923076923077,0.0154083204930663,0.984709480122324,0,0,0.566929133858268,0,0,0,0.711684370257967,0.0248833592534992,0.998459167950693,0.0565749235474006,1,0.109697933227345,0.636785162287481,0,0.0154798761609907,0,0.14064914992272,0,0.883280757097792,0.02,0.0524691358024691,0.0104790419161677,0.0247678018575851,0.90809968847352,0.637048192771084,0.0737179487179487,0.0658105939004815,0.949367088607595,0.995384615384615,0.0205371248025276,0.132921174652241,0,0,0.7046875,0,0,0.750759878419453,0.121875,0.234472049689441,0.0122887864823349,0.568778979907264,0.570776255707763,0.712264150943396,0.0816326530612245,0.0341085271317829,0.118827160493827,0,0.116279069767442,0.828250401284109,0.0584518167456556,1,0.941538461538462,0.461656441717791,0.0185185185185185,0.0261136712749616,0.178403755868545,0.00153846153846154,0.105345911949686,0,0.934579439252336,0.351063829787234,0.00625978090766823,0,0.00766871165644172,0.022354694485842,0.456488549618321,0.459752321981424,0.0108864696734059,0,0.626934984520124,0,0.107361963190184,0.492211838006231,0.0316455696202532,1,0.0440729483282675,0.00156739811912226,0,0.0500782472613459,0.473282442748092,0.998425196850394,0.031104199066874,0.471494607087827,0.995502248875562,0.998475609756098,0.80625,1,0.858954041204437,0.332829046898638,1,0.996899224806202,0.993874425727412,0.422018348623853,0.956869009584665,0.0156739811912226,0,1,0,0.779014308426073,0,0.0230769230769231,0.102643856920684,0,0.1328,0.150306748466258,0.324367088607595,0.417818740399386,0.549844236760125,0.554313099041534,0,0,0.911585365853659,0.2976,0.0390015600624025,0.992319508448541,0.238317757009346,0.998452012383901,0.892141756548536,0,0,0.10377358490566,0,0.365853658536585,0.109872611464968,0,1,0.0966257668711656,0.0219435736677116,0,1,0.998456790123457,0.0224,0.126782884310618,1,0,0.617088607594937,0.0126782884310618,0.205564142194745,0.614307931570762,0.336553945249597,0.0440060698027314,0.993779160186625,0,0,0.993700787401575,0.0365296803652968,0,0.0253565768621236,0.0031104199066874,0.81591263650546,0.6921875,0.712962962962963,0.0223285486443381,0.0581583198707593,0.00151285930408472,0.740095087163233,0.0283464566929134,0.849144634525661,0.695121951219512,0.00617283950617284,0.00317965023847377,0.0357698289269051,0.320695102685624,0.0030441400304414,0.756289308176101,0.0368098159509202,0.00314465408805031,0,0.683563748079877,0.455414012738854,0.985871271585557,0.0015600624024961,0.99388379204893,0.0864197530864197,0.975346687211094,1,0,0.771604938271605,0.00938967136150235,0.931142410015649,0.0146341463414634,0.0293663060278207,0.0142857142857143,0.723270440251572,0.711783439490446,0.326086956521739,0.553772070626003,0,0.178461538461538,0.98613251155624,0.963581183611533,0.806501547987616,0,1,0,0.675968992248062,0.989247311827957,0.979397781299525,0.528125,0,0.738170347003155,0,0.0306748466257669,0,0.0102941176470588,1,0.00151975683890578,0.1703125,0,0.987711213517665,0.021505376344086,1,0.122065727699531,0.295055821371611,0.057542768273717,0.0139103554868624,0,0.703588143525741,0.0376175548589342,0,1,0.978125,0,0,0.675925925925926,0.117465224111283,0.0340356564019449,0.0507692307692308,0,0,0.88301282051282,0,0.998439937597504,0,0.0360501567398119,0,0.962025316455696,0,0.0297339593114241,0,0.386292834890966,0.582417582417582,0.0206022187004754,0.998392282958199,0.132492113564669,0.00315457413249211,0.638065522620905,0.398763523956723,0.222919937205651,0,0.846761453396525,0.0254777070063694,0.00156739811912226,0.5578125,0,0.0284280936454849,0.968602825745683,0,0.0186335403726708,0.00625,0.0557275541795666,0.316358024691358,0.993690851735016,0.137440758293839,0.772093023255814,0.819967266775777,0,0.389589905362776,0.412225705329154,0.388198757763975,0,0.7312,0.0869565217391304,0.364632237871674,0.488653555219365,0.92,0,0,0,0.0239162929745889,0,0.0824261275272162,0,0,0,0.0015625,0,0,0.23583460949464,0.48103186646434,0,0,0,0.00626959247648903,0.0379939209726444,0.294027565084227,1,0,0.108231707317073,0.406106870229008,0,0.469040247678019,0.652647975077882,0,0.0216383307573416,1,0.0475435816164818,0.91679748822606,0,0.990936555891239,0.891509433962264,0.513029315960912,0.0277777777777778,0,0.052790346907994,0.0277349768875193,0,0,0.9359375,0.0689655172413793,0.9967585089141,0,0,0.995384615384615,0,0.703416149068323,0.177018633540373,0.990639625585023,0.837320574162679,0.0405616224648986,0,1,0.0273972602739726,0.993720565149137,0.335453100158982,0.612852664576803,0,0.88719512195122,0.269170579029734,0.744186046511628,0.0282131661442006,1,0.857791225416036,0.558064516129032,0.0576631259484067,0.123100303951368,0.0388198757763975,0.253164556962025,0,0.0168195718654434,1,0.0296875,0.620745542949757,1,0,0,0,0.3796875,0.0171875,0.879310344827586,0.820472440944882,0.0512422360248447,0.116923076923077,0,0,0.0109375,0.0675039246467818,0.98740157480315,0.014308426073132,0.00934579439252336,0.632237871674491,0.0706260032102729,0.271428571428571,0.105182926829268,0,0.0328125,0.662480376766091,0,0.00155763239875389,0,0.37245696400626,0.0251572327044025,1,0.320450885668277,0.630434782608696,0.204204204204204,0.329153605015674,0.0424886191198786,0.916918429003021,0.0156985871271586,0,0.0248062015503876,0.702229299363057,0.885579937304075,0.0109204368174727,0,0,0.236363636363636,0.555382215288612,0.750387596899225,0.229230769230769,0,0.119685039370079,0,0.102760736196319,1,0,0.184663536776213,0.998417721518987,1,0.731974921630094,0,0.0124031007751938,0.093558282208589,0.0015220700152207,0.00615384615384615,0.911949685534591,1,0,0,0.829383886255924,0.919129082426128,0.856012658227848,0,1,0,0.440548780487805,0.712286158631415,0,0.423017107309487,0.0253968253968254,0.348694316436252,0.374429223744292,0,0,0.604068857589984,0.501572327044025,0.0754147812971342,0.0139318885448916,0.61890243902439,0,0.0521472392638037,0.0492537313432836,0,0.0321592649310873,0.9859375,0.0163398692810458,0.574961360123648,0,0,0.479233226837061,0.161993769470405,1,0.872841444270016,0,0,0.258646616541353,0.974683544303797,0,0.694915254237288,0.00615384615384615,1,0.628086419753086,0.673501577287066,0.128980891719745,0.907617504051864,0.995405819295559,0,0.960063897763578,0,0.00457317073170732,0.815409309791332,0.019578313253012,0.995348837209302,0,0,0.490825688073394,0.553822152886115,0,0,0.00151745068285281,0,0.609046849757674,0.0122324159021407,0,0.348159509202454,0.0171606864274571,0.268330733229329,0.0442338072669826,0.969278033794163,0,0,0.748031496062992,0,0.317411402157165,1,0.984615384615385,0,0,0.0106221547799697,0.0262345679012346,0.0186915887850467,0,0.0263975155279503,0,0.642965204236006,0.729938271604938,0.0093603744149766,0.00947867298578199,0.0061633281972265,0.00917431192660551,0.03125,0.985849056603774,0.0192616372391653,0.0432098765432099,0.283076923076923,0.0247678018575851,0,0.029595015576324,0,0,0.0194902548725637,0,0.934150076569678,0.00155038759689922,0.043010752688172,0.731319554848967,0.800632911392405,0.874425727411945,0.0766823161189358,0,0.901990811638591,0,0,0.380434782608696,0.583952451708767,0.790977443609023,0.821752265861027,0.361464968152866,1,0.881172839506173,0.468652037617555,0.736024844720497,0.299847792998478,0.993846153846154,0,1,0.671899529042386,0,0.355038759689922,0.783004552352049,0.379785604900459,0.126153846153846,0.0106707317073171,0.0407166123778502,0.0205047318611987,0,0.0015748031496063,0.463678516228748,0.591397849462366,0.0015600624024961,0.99400299850075,0.990950226244344,0.12962962962963,0,0,0.0248062015503876,0,0.888188976377953,0,0.0514018691588785,0,0.0297805642633229,0,0.995419847328244,0.15015479876161,0,0.355905511811024,0.38109756097561,0.113884555382215,0,0,0.0741935483870968,0.0504451038575668,0.0139968895800933,0,0,1,0.767123287671233,0.510903426791277,0,0.557993730407524,0,0.0780254777070064,0,0.819047619047619,0.763803680981595,0,0.663551401869159,0.405956112852665,0.138036809815951,0.0354391371340524,0.229329173166927,1,0.0142857142857143,0.0868217054263566,0,0,0.0180722891566265,0,0,0.984276729559748,0.636942675159236,0,0,0.180124223602484,0.0737833594976452,0.0598159509202454,0.278963414634146,0.977064220183486,0.995283018867924,0.166666666666667,0.174045801526718,0,0.988976377952756,0.0361067503924647,0,0.0127186009538951,0.0447530864197531,0.931782945736434,0,0.996904024767802,0,0.545023696682464,0.926216640502355,0.906902086677368,0.893682588597843,0.315047021943574,0.911042944785276,0,0,0.249605055292259,0.0154320987654321,0,0,1,0,1,0,0.3,1,1,0.471246006389776,0.0436817472698908,0.576687116564417,0,1,0.0532258064516129,0.00618238021638331,0,0.82018927444795,0.995433789954338,1,0.986024844720497,1,0,0,0.990654205607477,0.00462249614791988,0.00319488817891374,0.0280811232449298,0.00307219662058372,0,0.998444790046656,0.0109717868338558,1,0.998410174880763,0,0.993855606758833,0.0496987951807229,1,0.916139240506329,0.998475609756098,1
"845",0.0332805071315372,0.0354391371340524,0.0545171339563863,0.0992,0.0368,0.0271565495207668,0.110935023771791,0.0566037735849057,0.0299684542586751,0.0565428109854604,0.0377358490566038,0.055205047318612,0.419906687402799,0.0265625,0.878930817610063,0.907120743034056,0.0569230769230769,0.053125,0.029874213836478,0.0530421216848674,0.792834890965732,0.888529886914378,0.0448916408668731,0.0540123456790123,0.0657492354740061,0.692429022082019,0.813953488372093,0.0414012738853503,0.532625189681335,0.304953560371517,0.916413373860182,0.318110236220472,0.257142857142857,0.667721518987342,0.054773082942097,0.0347003154574132,0.0725308641975309,0.0434108527131783,0.717717717717718,0.126153846153846,0.0524642289348172,0.0514820592823713,0.0490506329113924,0.033175355450237,0.231884057971014,0.897151898734177,0.473354231974922,0.917460317460317,0.496240601503759,0.811263318112633,0.0527950310559006,0.0401854714064915,0.69922480620155,0.0328638497652582,0.120385232744783,0.781102362204724,0.0543130990415335,0.0579029733959311,0.0698757763975155,0.130769230769231,0.665629860031104,0.556589147286822,0.907523510971787,0.053968253968254,0.133550488599349,0.205882352941176,0.0492063492063492,0.046801872074883,0.059375,0.909667194928685,0.156589147286822,0.9109375,0.903276131045242,0.0351681957186544,0.0518053375196232,0.296296296296296,0.877675840978593,0.449526813880126,0.131621187800963,0.687086092715232,0.0584518167456556,0.300613496932515,0.728813559322034,0.0280373831775701,0.818885448916409,0.117824773413897,0.0370942812982998,0.0702028081123245,0.0605590062111801,0.0545454545454545,0.0457413249211356,0.0340557275541796,0.0502354788069074,0.0532915360501567,0.0636942675159236,0.0470957613814757,0.669218989280245,0.0506329113924051,0.0618238021638331,0.0571428571428571,0.378716744913928,0.0560747663551402,0.702702702702703,0.0330708661417323,0.837461300309598,0.0349761526232114,0.0581761006289308,0.0486656200941915,0.9184,0.904088050314465,0.902476780185758,0.0979462875197472,0.625776397515528,0.0327613104524181,0.054140127388535,0.0444104134762634,0.310077519379845,0.0495356037151703,0.9140625,0.725118483412322,0.0476923076923077,0.261682242990654,0.710526315789474,0.837060702875399,0.0605590062111801,0.78516228748068,0.0368098159509202,0.0357698289269051,0.0577223088923557,0.445987654320988,0.0924764890282132,0.500802568218299,0.0380952380952381,0.0526315789473684,0.032051282051282,0.891437308868501,0.0464396284829721,0.75796178343949,0.369327073552426,0.479099678456592,0.0563607085346216,0.0525477707006369,0.0497667185069984,0.255813953488372,0.76038338658147,0.0346456692913386,0.912908242612753,0.108191653786708,0.564465408805031,0.0509259259259259,0.812600969305331,0.0425867507886435,0.0368,0.189814814814815,0.0393700787401575,0.913183279742765,0.0338461538461538,0.912698412698413,0.0556438791732909,0.292452830188679,0.149847094801223,0.0515625,0.890092879256966,0.0557275541795666,0.0308641975308642,0.549206349206349,0.0288,0.0373250388802488,0.0321100917431193,0.664615384615385,0.05320813771518,0.913928012519562,0.0821705426356589,0.91131498470948,0.123809523809524,0.601550387596899,0.0537124802527646,0.0344827586206897,0.0552147239263804,0.182527301092044,0.0373831775700935,0.806603773584906,0.0560747663551402,0.0837209302325581,0.042042042042042,0.0645161290322581,0.832298136645963,0.594761171032357,0.100486223662885,0.0979133226324237,0.864274570982839,0.900621118012422,0.0491283676703645,0.154929577464789,0.0581039755351682,0.0549450549450549,0.665610142630745,0.05320813771518,0.0336906584992343,0.697428139183056,0.131410256410256,0.265210608424337,0.0458715596330275,0.557324840764331,0.5546875,0.68362480127186,0.1109375,0.0689655172413793,0.147692307692308,0.0511182108626198,0.145736434108527,0.781199351701783,0.0833333333333333,0.916666666666667,0.855828220858896,0.453978159126365,0.0571428571428571,0.0539291217257319,0.19496855345912,0.0353302611367127,0.150234741784038,0.05320813771518,0.851851851851852,0.357361963190184,0.0353697749196141,0.0519685039370079,0.0357142857142857,0.0488549618320611,0.447900466562986,0.434850863422292,0.0395569620253165,0.0338709677419355,0.61128526645768,0.0605095541401274,0.127329192546584,0.456418383518225,0.0579710144927536,0.924764890282132,0.0791925465838509,0.0382775119617225,0.0370942812982998,0.08125,0.449139280125196,0.911717495987159,0.0533751962323391,0.454828660436137,0.907575757575758,0.911987860394537,0.755134281200632,0.909516380655226,0.786283891547049,0.319508448540707,0.905511811023622,0.899845916795069,0.908527131782946,0.412942989214176,0.87758346581876,0.0506329113924051,0.0536277602523659,0.914556962025316,0.0510835913312693,0.718354430379747,0.0317460317460317,0.0427892234548336,0.117739403453689,0.0514820592823713,0.153225806451613,0.187116564417178,0.3203125,0.391442155309033,0.518808777429467,0.530063291139241,0.0529595015576324,0.0332805071315372,0.847352024922118,0.304065040650407,0.0715396578538103,0.905572755417957,0.269938650306748,0.911111111111111,0.805471124620061,0.0302114803625378,0.0294117647058824,0.114516129032258,0.0594512195121951,0.360501567398119,0.13258785942492,0.0563380281690141,0.912087912087912,0.112291350531108,0.0501567398119122,0.0635658914728682,0.905132192846034,0.918711656441718,0.0537974683544304,0.1488,0.915993537964459,0.0522151898734177,0.593798449612403,0.04375,0.228043143297381,0.586687306501548,0.352201257861635,0.0763239875389408,0.906396255850234,0.0322085889570552,0.0267716535433071,0.918622848200313,0.0678233438485804,0.0365079365079365,0.057784911717496,0.0358255451713396,0.767801857585139,0.653188180404355,0.684615384615385,0.0497592295345104,0.0941558441558442,0.0482115085536547,0.699212598425197,0.0499219968798752,0.773291925465838,0.661654135338346,0.0341614906832298,0.0381558028616852,0.0638629283489097,0.328548644338118,0.0389408099688473,0.723472668810289,0.0670826833073323,0.031201248049922,0.0543478260869565,0.649068322981366,0.45253164556962,0.904984423676013,0.0464396284829721,0.904761904761905,0.114551083591331,0.891135303265941,0.911076443057722,0.0553846153846154,0.71830985915493,0.0410742496050553,0.864566929133858,0.0432692307692308,0.0543478260869565,0.0470957613814757,0.676703645007924,0.694668820678514,0.362341772151899,0.524193548387097,0.0527950310559006,0.214285714285714,0.906441717791411,0.877300613496933,0.764341085271318,0.0303030303030303,0.91601866251944,0.0533751962323391,0.641185647425897,0.9046875,0.894736842105263,0.496894409937888,0.0333333333333333,0.676948051948052,0.0385232744783307,0.063391442155309,0.0543478260869565,0.0402985074626866,0.915625,0.0379362670713202,0.207874015748031,0.0335463258785942,0.9078125,0.0506134969325153,0.911811023622047,0.153965785381026,0.309061488673139,0.0939907550077042,0.0442073170731707,0.0276923076923077,0.692546583850932,0.0710900473933649,0.0337423312883436,0.91271056661562,0.886792452830189,0.0316455696202532,0.0326594090202177,0.635093167701863,0.143962848297214,0.0729335494327391,0.0789473684210526,0.0309119010819165,0.0542264752791069,0.819488817891374,0.0340557275541796,0.906940063091483,0.0574162679425837,0.0586370839936609,0.0483091787439614,0.872813990461049,0.0341614906832298,0.053968253968254,0.0551181102362205,0.379310344827586,0.558176100628931,0.0512,0.907348242811502,0.141524105754277,0.0382775119617225,0.60702875399361,0.384259259259259,0.224489795918367,0.0554675118858954,0.789638932496075,0.053968253968254,0.0361635220125786,0.538102643856921,0.0322085889570552,0.0613598673300166,0.889235569422777,0.0566929133858268,0.0460829493087558,0.0411392405063291,0.0842433697347894,0.341984732824427,0.903785488958991,0.14873417721519,0.708074534161491,0.775919732441472,0.0589147286821705,0.397435897435897,0.37914691943128,0.394080996884735,0.0547112462006079,0.6752,0.115506329113924,0.387096774193548,0.465224111282844,0.850453172205438,0.0540958268933539,0.0563165905631659,0.0284005979073244,0.0599078341013825,0.0545171339563863,0.0987460815047022,0.0524642289348172,0.047112462006079,0.0573248407643312,0.0329153605015674,0.0508474576271186,0.0307443365695793,0.244094488188976,0.464831804281346,0.0321592649310873,0.055379746835443,0.0609951845906902,0.0401854714064915,0.0758725341426404,0.295107033639144,0.912442396313364,0.0500807754442649,0.115151515151515,0.394080996884735,0.0358255451713396,0.457496136012365,0.6234375,0.0534591194968553,0.0446841294298921,0.91653290529695,0.07981220657277,0.82992125984252,0.0463678516228748,0.900763358778626,0.82484076433121,0.491776315789474,0.057542768273717,0.05,0.0768049155145929,0.0511627906976744,0.0358255451713396,0.0489731437598736,0.866666666666667,0.0903010033444816,0.912972085385878,0.0325077399380805,0.0321592649310873,0.907550077041603,0.0342146189735614,0.680952380952381,0.221350078492936,0.90894819466248,0.792993630573248,0.0764331210191083,0.0569620253164557,0.909090909090909,0.0564885496183206,0.92109500805153,0.352564102564103,0.58307210031348,0.043956043956044,0.822981366459627,0.273752012882448,0.707882534775889,0.0527131782945736,0.924290220820189,0.789230769230769,0.52741935483871,0.0865533230293663,0.147192716236722,0.0747663551401869,0.286634460547504,0.0547504025764895,0.0570107858243451,0.906832298136646,0.0577223088923557,0.608214849921011,0.916918429003021,0.031104199066874,0.0348101265822785,0.0348101265822785,0.370892018779343,0.0385802469135802,0.808477237048666,0.76303317535545,0.0858034321372855,0.123456790123457,0.0521472392638037,0.0512,0.0380952380952381,0.0848,0.901273885350318,0.0443037974683544,0.043956043956044,0.602167182662539,0.0917721518987342,0.279809220985692,0.117465224111283,0.0574886535552194,0.0636942675159236,0.638230647709321,0.0342146189735614,0.0297339593114241,0.0555555555555556,0.385466034755134,0.05103668261563,0.918367346938776,0.320813771517997,0.597200622083981,0.223404255319149,0.320126782884311,0.0803030303030303,0.858231707317073,0.0544871794871795,0.0312989045383412,0.0510835913312693,0.669887278582931,0.820872274143302,0.0359937402190923,0.032258064516129,0.0554699537750385,0.247692307692308,0.51937984496124,0.695447409733124,0.25,0.0347551342812006,0.143540669856459,0.0323574730354391,0.149922720247295,0.91025641025641,0.0517503805175038,0.207278481012658,0.921850079744817,0.910518053375196,0.687211093990755,0.0574534161490683,0.0498442367601246,0.119815668202765,0.034375,0.0341614906832298,0.824451410658307,0.911949685534591,0.0531107738998483,0.0447530864197531,0.774091627172196,0.839171974522293,0.77567140600316,0.0501567398119122,0.912442396313364,0.0324074074074074,0.425269645608629,0.675762439807384,0.0301109350237718,0.402777777777778,0.059375,0.355694227769111,0.354642313546423,0.05320813771518,0.0285285285285285,0.589905362776025,0.491283676703645,0.0987841945288754,0.0400616332819723,0.584876543209877,0.0513219284603421,0.0769230769230769,0.0662557781201849,0.0579029733959311,0.0582822085889571,0.898753894080997,0.0388978930307942,0.54,0.05103668261563,0.054858934169279,0.477198697068404,0.184887459807074,0.912087912087912,0.797124600638978,0.0537974683544304,0.0568181818181818,0.267669172932331,0.894984326018809,0.0295081967213115,0.653726708074534,0.0348484848484849,0.904615384615385,0.591679506933744,0.635350318471338,0.14785373608903,0.835748792270531,0.90937019969278,0.0504731861198738,0.875590551181102,0.0552995391705069,0.0410334346504559,0.779411764705882,0.0449101796407186,0.910094637223975,0.0386473429951691,0.0538461538461538,0.46048632218845,0.541269841269841,0.034375,0.0435483870967742,0.0311526479750779,0.0544,0.562903225806452,0.0414110429447853,0.0540958268933539,0.342064714946071,0.0434083601286174,0.270866141732283,0.0759289176090469,0.879389312977099,0.0527131782945736,0.0359375,0.701587301587302,0.0538461538461538,0.317073170731707,0.91044776119403,0.896499238964992,0.0353130016051364,0.0330708661417323,0.0350609756097561,0.0614173228346457,0.0427892234548336,0.0527950310559006,0.0489731437598736,0.0476190476190476,0.622848200312989,0.677018633540373,0.0379362670713202,0.0434782608695652,0.0420560747663551,0.0399385560675883,0.0809968847352025,0.8890625,0.0459770114942529,0.0807453416149068,0.307098765432099,0.059190031152648,0.0262751159196291,0.0589147286821705,0.0597243491577335,0.0515933232169954,0.0513595166163142,0.0563380281690141,0.846860643185299,0.0551181102362205,0.0740157480314961,0.683464566929134,0.742448330683625,0.815503875968992,0.105511811023622,0.0590979782270607,0.834355828220859,0.0375586854460094,0.035548686244204,0.352755905511811,0.576751117734724,0.735820895522388,0.747320061255743,0.348101265822785,0.917829457364341,0.814241486068111,0.446708463949843,0.69620253164557,0.317484662576687,0.898753894080997,0.0576,0.90952380952381,0.654516640253566,0.032,0.352201257861635,0.753403933434191,0.384496124031008,0.139103554868624,0.043010752688172,0.0630048465266559,0.0543130990415335,0.0293159609120521,0.0360501567398119,0.450155763239875,0.560250391236307,0.0364500792393027,0.914285714285714,0.908536585365854,0.1515625,0.0502283105022831,0.0347432024169184,0.05320813771518,0.0520504731861199,0.822784810126582,0.0599369085173502,0.0783699059561129,0.0529695024077047,0.0608424336973479,0.028391167192429,0.90937019969278,0.186119873817035,0.0340557275541796,0.35062893081761,0.37111801242236,0.125,0.0527950310559006,0.0587301587301587,0.102439024390244,0.0855855855855856,0.0461538461538462,0.0619195046439628,0.0564263322884013,0.910543130990415,0.724031007751938,0.499217527386541,0.0523076923076923,0.521806853582555,0.0559875583203732,0.0979133226324237,0.0332278481012658,0.772151898734177,0.702325581395349,0.0580152671755725,0.634768740031898,0.414596273291925,0.160883280757098,0.0657492354740061,0.232704402515723,0.917701863354037,0.046474358974359,0.133540372670807,0.0339256865912763,0.0486656200941915,0.0568356374807988,0.055379746835443,0.0347003154574132,0.897959183673469,0.596184419713832,0.0509259259259259,0.0500807754442649,0.19969040247678,0.111287758346582,0.0893682588597843,0.295558958652374,0.900763358778626,0.90251572327044,0.182250396196513,0.184848484848485,0.0552922590837283,0.892018779342723,0.0632911392405063,0.0559875583203732,0.0476947535771065,0.0713201820940819,0.87207488299532,0.050314465408805,0.909090909090909,0.0356037151702786,0.512820512820513,0.84037558685446,0.819063004846527,0.808641975308642,0.323763955342903,0.841781874039939,0.0282131661442006,0.0599369085173502,0.27373417721519,0.0501519756838906,0.055379746835443,0.0500782472613459,0.91350531107739,0.0520504731861199,0.918367346938776,0.0278637770897833,0.281399046104928,0.909531502423263,0.916535433070866,0.45839874411303,0.0672926447574335,0.568356374807988,0.0425531914893617,0.908496732026144,0.088,0.0787037037037037,0.0571428571428571,0.774091627172196,0.898050974512744,0.919685039370079,0.900306748466258,0.900914634146341,0.0512,0.0417956656346749,0.902021772939347,0.0694006309148265,0.0560897435897436,0.109907120743034,0.0723076923076923,0.0403726708074534,1,0.0724409448818898,0.914790996784566,0.908517350157729,0.0475435816164818,0.908372827804107,0.137825421133231,0.916139240506329,1,0.905263157894737,0.908227848101266
"846",0.0046583850931677,0,0.0347432024169184,0.0681114551083591,0.0154083204930663,0.00156739811912226,0.0969230769230769,0.0242792109256449,0.00150375939849624,0,0.00149700598802395,0,0.430534351145038,0.0015527950310559,0.961019490254873,0.989457831325301,0,0.00149476831091181,0.00467289719626168,0.0135338345864662,0.847432024169184,0.965678627145086,0.0134932533733133,0,0.0461997019374069,0.75077399380805,0.89209726443769,0.0109546165884194,0.547904191616767,0.314589665653495,1,0.321699544764795,0.235294117647059,0.711684370257967,0,0.00153139356814701,0.00601503759398496,0.00754147812971342,0.745213549337261,0.101190476190476,0,0,0,0.0015527950310559,0.225,0.976923076923077,0.482280431432974,0.998468606431853,0.534124629080119,0.877245508982036,0,0.00750750750750751,0.741839762611276,0,0.105182926829268,0.833592534992224,0,0.0276073619631902,0.0406626506024096,0.101796407185629,0.695252679938744,0.585476550680787,1,0,0.101694915254237,0.175675675675676,0,0.0105740181268882,0,0.998466257668712,0.138763197586727,0.990922844175492,0.978658536585366,0.00148367952522255,0,0.293051359516616,0.959881129271917,0.425373134328358,0.102803738317757,0.730645161290323,0,0.301349325337331,0.797037037037037,0,0.890577507598784,0.0979228486646884,0.00451807228915663,0.0328849028400598,0.0254110612855007,0,0.0123456790123457,0,0,0,0.0260736196319018,0,0.696296296296296,0.0167427701674277,0,0,0.384962406015038,0,0.721538461538462,0.0015552099533437,0.89807976366322,0.00155038759689922,0,0.024024024024024,0.998454404945904,0.990909090909091,0.989441930618401,0.0816640986132511,0.66966966966967,0.00904977375565611,0,0.0134328358208955,0.302752293577982,0,0.998482549317147,0.767080745341615,0,0.24390243902439,0.759818731117825,0.921383647798742,0.0287878787878788,0.854354354354354,0.00147710487444609,0.00453172205438067,0,0.455639097744361,0.0681818181818182,0.509174311926605,0.0106382978723404,0,0.0031201248049922,0.976047904191617,0,0.804043545878694,0.370597243491577,0.4828125,0,0,0.0241691842900302,0.244648318042813,0.832807570977918,0.00153609831029186,0.990922844175492,0.0787878787878788,0.583333333333333,0.0223880597014925,0.875394321766562,0.0151975683890578,0,0.157894736842105,0.00451807228915663,0.998452012383901,0.00150375939849624,0.998452012383901,0,0.271056661562021,0.129080118694362,0.0211161387631976,0.980568011958146,0,0.0015015015015015,0.548286604361371,0.00156494522691706,0.00150375939849624,0.00148809523809524,0.705014749262537,0.0226586102719033,0.996941896024465,0.0496240601503759,0.998533724340176,0.103975535168196,0.629742033383915,0,0.0137404580152672,0,0.151515151515152,0.00151515151515152,0.876899696048632,0.0165912518853695,0.0521609538002981,0.00734214390602056,0.0255255255255255,0.902402402402402,0.624629080118694,0.0791925465838509,0.0582822085889571,0.942336874051593,0.992503748125937,0.0154320987654321,0.126506024096386,0,0,0.720858895705521,0,0.00147492625368732,0.743666169895678,0.11280487804878,0.236959761549925,0.0103550295857988,0.587057010785824,0.571212121212121,0.712074303405573,0.0848484848484849,0.0299850074962519,0.123711340206186,0,0.117469879518072,0.825816485225505,0.0564024390243902,0.998473282442748,0.932432432432432,0.468986384266263,0.0259146341463415,0.0221565731166913,0.174506828528073,0.00301659125188537,0.11178247734139,0,0.930827067669173,0.34962962962963,0.00309597523219814,0,0.0104790419161677,0.0191176470588235,0.453172205438066,0.45565749235474,0.0138888888888889,0.0015600624024961,0.623853211009174,0,0.101796407185629,0.479876160990712,0.0328125,0.998480243161094,0.0443131462333826,0.00151057401812689,0,0.0478395061728395,0.47289156626506,0.996969696969697,0.0321100917431193,0.454954954954955,0.994100294985251,0.998516320474777,0.787365177195686,1,0.85935085007728,0.339259259259259,0.998484848484849,0.993957703927492,0.989457831325301,0.427514792899408,0.959752321981424,0.02,0,0.998466257668712,0,0.775541795665635,0.00153609831029186,0.0225563909774436,0.101515151515152,0,0.125386996904025,0.145864661654135,0.319148936170213,0.406855439642325,0.532724505327245,0.552147239263804,0,0.00154559505409583,0.917910447761194,0.305164319248826,0.0446153846153846,0.986486486486487,0.252279635258359,0.996955859969559,0.871987951807229,0.00149925037481259,0.0015748031496063,0.102009273570325,0,0.368263473053892,0.107197549770291,0,0.998511904761905,0.0957290132547865,0.0214723926380368,0,0.998487140695915,0.99702823179792,0.0202492211838006,0.121351766513057,0.998447204968944,0,0.610015174506829,0.00924499229583975,0.224188790560472,0.621861152141802,0.349618320610687,0.0390977443609023,0.989393939393939,0.00149476831091181,0.00151057401812689,0.99075500770416,0.0364741641337386,0.00151975683890578,0.0313971742543171,0.00303030303030303,0.81203007518797,0.701807228915663,0.725637181409295,0.024390243902439,0.0527131782945736,0.00298953662182362,0.738931297709924,0.0254872563718141,0.847662141779789,0.705710102489019,0.00602409638554217,0.0030441400304414,0.0305810397553517,0.315132605304212,0.00297176820208024,0.756923076923077,0.0417910447761194,0.00462962962962963,0,0.69311377245509,0.450617283950617,0.981927710843373,0.00149253731343284,0.99261447562777,0.0854961832061069,0.97317436661699,0.998487140695915,0,0.770045385779123,0.00924499229583975,0.928462709284627,0.0171875,0.0335365853658537,0.0136986301369863,0.724458204334365,0.719626168224299,0.332826747720365,0.551020408163265,0,0.194189602446483,0.985250737463127,0.961251862891207,0.812312312312312,0.00154798761609907,0.996992481203008,0,0.676737160120846,0.986526946107784,0.976993865030675,0.538343558282209,0.00154083204930663,0.7328125,0,0.036979969183359,0,0.00723589001447178,0.998518518518518,0.00298953662182362,0.179059180576631,0.00157728706624606,0.987748851454824,0.0269058295964126,0.998475609756098,0.13109756097561,0.297839506172839,0.0548148148148148,0.0134529147982063,0.00153374233128834,0.714932126696833,0.0354391371340524,0,0.99851411589896,0.972809667673716,0.00153374233128834,0.00148809523809524,0.673716012084592,0.129129129129129,0.0391236306729265,0.0496987951807229,0.00148367952522255,0,0.88390092879257,0.00148809523809524,0.996946564885496,0,0.0350076103500761,0,0.952887537993921,0.00148809523809524,0.0384615384615385,0,0.368098159509202,0.576744186046512,0.0154083204930663,0.99685534591195,0.127527216174184,0.00308166409861325,0.645259938837921,0.405775075987842,0.221020092735703,0,0.848254931714719,0.0247295208655332,0.00303490136570561,0.54337899543379,0.00148588410104012,0.0273311897106109,0.966257668711656,0,0.0148588410104012,0.00758725341426404,0.0467571644042232,0.325892857142857,0.993846153846154,0.131498470948012,0.775112443778111,0.812199036918138,0,0.392307692307692,0.406441717791411,0.395738203957382,0,0.715408805031447,0.0867579908675799,0.373313343328336,0.486607142857143,0.91800878477306,0,0,0.00146842878120411,0.028023598820059,0,0.0843373493975904,0,0,0,0.00154320987654321,0,0.0015600624024961,0.227480916030534,0.482962962962963,0.00148809523809524,0,0,0.0075187969924812,0.0355555555555556,0.291666666666667,1,0,0.105654761904762,0.414670658682635,0.00149925037481259,0.455772113943028,0.649691358024691,0,0.0121212121212121,0.998427672955975,0.0478395061728395,0.905718701700155,0,0.989690721649485,0.893617021276596,0.517295597484277,0.0239520958083832,0,0.051622418879056,0.028657616892911,0,0,0.92802450229709,0.0691318327974277,0.996879875195008,0,0.00149925037481259,0.991004497751124,0.00150375939849624,0.712328767123288,0.196048632218845,0.987823439878234,0.837173579109063,0.0454545454545455,0,0.998489425981873,0.026865671641791,0.99375,0.348694316436252,0.606980273141123,0,0.898330804248862,0.263803680981595,0.748114630467572,0.0256024096385542,0.998466257668712,0.851470588235294,0.5515625,0.0545722713864307,0.116176470588235,0.0377073906485671,0.267496111975117,0,0.0211480362537764,0.998484848484849,0.0318181818181818,0.610248447204969,1,0,0.00153139356814701,0.00154320987654321,0.367069486404834,0.0164917541229385,0.876524390243902,0.814307458143075,0.0592705167173252,0.109256449165402,0,0,0.00928792569659443,0.0651162790697674,0.984544049459042,0.0183767228177642,0.0060790273556231,0.645550527903469,0.0728682170542636,0.275541795665635,0.101341281669151,0,0.0367534456355283,0.656923076923077,0.00153139356814701,0.00150829562594268,0,0.367127496159754,0.0305343511450382,0.998461538461539,0.316030534351145,0.627596439169139,0.206489675516224,0.314984709480122,0.0502215657311669,0.916053019145803,0.015552099533437,0.00150375939849624,0.0211480362537764,0.692789968652038,0.882800608828006,0.0121765601217656,0.00149253731343284,0,0.226666666666667,0.55187969924812,0.748125937031484,0.243609022556391,0.00153374233128834,0.120481927710843,0.00150375939849624,0.109118086696562,0.998432601880878,0,0.180851063829787,0.995405819295559,1,0.727409638554217,0,0.0120845921450151,0.0923994038748137,0.00304878048780488,0.0030441400304414,0.915022761760243,0.998463901689708,0,0,0.824884792626728,0.924148606811146,0.838612368024133,0,0.998507462686567,0.00150375939849624,0.433333333333333,0.722480620155039,0.00154798761609907,0.419790104947526,0.0231124807395994,0.345185185185185,0.36849925705795,0,0.00142045454545455,0.622699386503067,0.525190839694657,0.0679468242245199,0.0134932533733133,0.620272314674735,0,0.053680981595092,0.0476900149031297,0,0.0311111111111111,0.981900452488688,0.0158478605388273,0.576168929110106,0,0,0.494470774091627,0.17457886676876,0.998482549317147,0.8640625,0,0,0.240822320117474,0.973886328725038,0.00159744408945687,0.685074626865672,0.00887573964497041,0.998520710059172,0.622754491017964,0.688073394495413,0.125574272588055,0.908372827804107,0.996974281391831,0,0.961119751166407,0,0.00742942050520059,0.805598755832037,0.0220264317180617,0.993865030674847,0,0,0.477744807121662,0.553680981595092,0.00151057401812689,0,0.00297176820208024,0,0.610248447204969,0.0134932533733133,0,0.338345864661654,0.0231839258114374,0.25652841781874,0.0523076923076923,0.958208955223881,0,0.00151745068285281,0.742331288343558,0,0.324364723467862,1,0.985007496251874,0.0015220700152207,0.00153374233128834,0.00746268656716418,0.0199081163859112,0.0182926829268293,0,0.0245022970903522,0,0.645645645645646,0.715789473684211,0.0105740181268882,0.00610687022900763,0.00879765395894428,0.00907715582450832,0.031390134529148,0.984779299847793,0.0158982511923688,0.0393343419062027,0.295081967213115,0.0182648401826484,0.00150375939849624,0.0287443267776097,0,0,0.0218340611353712,0,0.935532233883059,0.00153139356814701,0.0482654600301659,0.72360248447205,0.809375,0.887048192771084,0.0652173913043478,0.0015220700152207,0.895136778115502,0.00151515151515152,0,0.36890243902439,0.593294460641399,0.788937409024745,0.819940476190476,0.342105263157895,1,0.883058470764618,0.475609756097561,0.740121580547112,0.308148148148148,0.98937784522003,0,1,0.668730650154799,0.00155038759689922,0.35618479880775,0.784140969162996,0.393124065769806,0.125,0.0146627565982405,0.0434108527131783,0.0200617283950617,0.00154320987654321,0.00308166409861325,0.457703927492447,0.572072072072072,0,0.992657856093979,0.99112426035503,0.137825421133231,0,0,0.0286144578313253,0,0.892018779342723,0,0.0514372163388805,0,0.0303030303030303,0,0.992435703479576,0.159574468085106,0.00150375939849624,0.365625,0.38301043219076,0.104776579352851,0,0,0.0727848101265823,0.0609579100145138,0.0119225037257824,0,0,0.998454404945904,0.766961651917404,0.51044776119403,0,0.546142208774584,0,0.0834621329211747,0.00153846153846154,0.817757009345794,0.774336283185841,0,0.656394453004623,0.400306748466258,0.148484848484848,0.0443786982248521,0.230421686746988,1,0.0108527131782946,0.086286594761171,0,0,0.0193740685543964,0,0,0.978755690440061,0.628048780487805,0,0,0.173913043478261,0.0728682170542636,0.055472263868066,0.281437125748503,0.977941176470588,0.992307692307692,0.171516079632466,0.155882352941176,0,0.981623277182236,0.0336906584992343,0,0.0171339563862928,0.0481927710843374,0.933130699088146,0.00150829562594268,0.995419847328244,0.00149253731343284,0.538102643856921,0.925076452599388,0.905660377358491,0.886736214605067,0.30829420970266,0.903759398496241,0.00152671755725191,0,0.248854961832061,0.0208955223880597,0,0,0.998554913294798,0,0.998487140695915,0.00150602409638554,0.291079812206573,1,1,0.46749226006192,0.0382848392036753,0.585843373493976,0,0.996889580093313,0.0468986384266263,0.00451807228915663,0,0.815100154083205,0.992603550295858,0.996974281391831,0.983679525222552,0.998489425981873,0,0.00149476831091181,0.986384266263237,0.00451127819548872,0.0015625,0.027231467473525,0.00592592592592593,0,0.990825688073395,0.0106382978723404,1,0.995391705069124,0.00154083204930663,0.995384615384615,0.0461309523809524,0.998475609756098,0.905263157894737,1,0.998454404945904
"847",0.00486223662884927,0.0015600624024961,0.0340030911901082,0.0638977635782748,0.0174603174603175,0.0016260162601626,0.0932069510268562,0.0253968253968254,0,0,0,0,0.44031007751938,0.00159489633173844,0.9578125,0.990639625585023,0,0.00157728706624606,0.00162337662337662,0.0172955974842767,0.839622641509434,0.973856209150327,0.0107858243451464,0,0.0453125,0.749606299212598,0.89589905362776,0.0127186009538951,0.543076923076923,0.302362204724409,0.998449612403101,0.320552147239264,0.234076433121019,0.710485133020344,0,0.00155763239875389,0.0062992125984252,0.00625,0.737082066869301,0.101226993865031,0,0,0,0.00159235668789809,0.225283630470016,0.976076555023923,0.500794912559618,0.998417721518987,0.532012195121951,0.875379939209726,0,0.00933125972006221,0.729984301412873,0.00157977883096367,0.101105845181675,0.840836012861736,0,0.0224358974358974,0.0361635220125786,0.0990712074303406,0.714285714285714,0.574102964118565,0.998397435897436,0,0.106451612903226,0.175,0,0.00946372239747634,0,0.998405103668262,0.136363636363636,0.995334370139969,0.977812995245642,0.0015552099533437,0,0.293663060278207,0.957547169811321,0.418711656441718,0.0993589743589744,0.747107438016529,0,0.297872340425532,0.789877300613497,0.0031104199066874,0.893353941267388,0.0945736434108527,0.0062402496099844,0.0338983050847458,0.031055900621118,0,0.0142857142857143,0.00156739811912226,0,0,0.0254777070063694,0,0.676656151419558,0.0205371248025276,0,0,0.367924528301887,0,0.71656050955414,0.00160513643659711,0.895454545454546,0.00163398692810458,0,0.0173775671406003,0.998407643312102,0.990521327014218,0.989147286821705,0.0789889415481833,0.6625,0.0093167701863354,0,0.0168711656441718,0.302469135802469,0,0.998435054773083,0.761829652996845,0,0.230647709320695,0.752351097178683,0.926517571884984,0.0276497695852535,0.850931677018634,0.00306748466257669,0.0062402496099844,0,0.452713178294574,0.0671875,0.498381877022654,0.0129659643435981,0,0.0062992125984252,0.973886328725038,0,0.784,0.374009508716323,0.468954248366013,0,0,0.0217391304347826,0.251980982567353,0.83147853736089,0.00158478605388273,0.992050874403816,0.0807453416149068,0.594551282051282,0.0228310502283105,0.858505564387917,0.0188679245283019,0,0.159442724458204,0.00783699059561128,0.998387096774194,0.00158227848101266,0.998430141287284,0,0.26031746031746,0.128012048192771,0.0185185185185185,0.984520123839009,0,0.0015625,0.55111821086262,0,0.0015527950310559,0.0015625,0.714285714285714,0.0247678018575851,0.996845425867508,0.0509259259259259,0.998477929984779,0.103174603174603,0.640432098765432,0,0.0171073094867807,0,0.154205607476636,0.00155763239875389,0.874603174603175,0.0218068535825545,0.0556414219474498,0.00906344410876133,0.0278207109737249,0.906793048973144,0.622699386503067,0.0763116057233704,0.0659163987138264,0.944620253164557,0.9921875,0.0223642172523962,0.118195956454121,0,0,0.705511811023622,0,0,0.75077399380805,0.104761904761905,0.25,0.0123839009287926,0.554313099041534,0.551617873651772,0.70048309178744,0.082018927444795,0.036624203821656,0.115625,0,0.120184899845917,0.817152103559871,0.0560897435897436,0.998405103668262,0.933641975308642,0.458003169572108,0.0235109717868339,0.0231839258114374,0.17384370015949,0.0015552099533437,0.107086614173228,0,0.923197492163009,0.345256609642302,0.008,0,0.0078125,0.0211161387631976,0.451664025356577,0.452566096423017,0.0078125,0.0016,0.614649681528662,0,0.0973724884080371,0.480314960629921,0.0338709677419355,0.998444790046656,0.04375,0.00317460317460317,0.00155038759689922,0.0520504731861199,0.471228615863142,0.996779388083736,0.0358814352574103,0.471698113207547,0.993846153846154,0.996937212863706,0.812893081761006,0.998422712933754,0.848631239935588,0.330745341614907,0.9984375,0.995305164319249,0.989164086687306,0.405487804878049,0.961538461538462,0.0190174326465927,0,0.998425196850394,0,0.764516129032258,0.00160513643659711,0.025,0.0972222222222222,0,0.127009646302251,0.148377125193199,0.322734499205087,0.4046875,0.552631578947368,0.53968253968254,0,0.00157232704402516,0.896604938271605,0.306688417618271,0.0428571428571429,0.989010989010989,0.259375,0.998432601880878,0.887675507020281,0.00153374233128834,0.00162337662337662,0.0904761904761905,0,0.356697819314642,0.101088646967341,0,0.998442367601246,0.0893682588597843,0.0202808112324493,0,1,0.996904024767802,0.022508038585209,0.124394184168013,0.998392282958199,0,0.599686028257457,0.0129449838187702,0.2052067381317,0.605590062111801,0.352380952380952,0.042654028436019,0.990610328638498,0.00154320987654321,0.00154559505409583,0.99203821656051,0.0370942812982998,0.00157728706624606,0.024,0.00464396284829721,0.818181818181818,0.670906200317965,0.714953271028037,0.0225806451612903,0.0555555555555556,0,0.731012658227848,0.0223642172523962,0.856697819314642,0.68693009118541,0.00630914826498423,0.00476190476190476,0.0328638497652582,0.313291139240506,0.0046875,0.754414125200642,0.0386996904024768,0.00157728706624606,0,0.669796557120501,0.434083601286174,0.98116169544741,0,0.995412844036697,0.0872274143302181,0.975270479134467,1,0,0.774447949526814,0.00956937799043062,0.930124223602484,0.0176848874598071,0.0332805071315372,0.0158730158730159,0.718799368088468,0.714285714285714,0.330708661417323,0.542904290429043,0,0.177672955974843,0.987730061349693,0.958652373660031,0.802180685358255,0.00157728706624606,0.99685534591195,0,0.662100456621005,0.989079563182527,0.974522292993631,0.530254777070064,0,0.731825525040388,0.00165562913907285,0.0299684542586751,0,0.012012012012012,0.998454404945904,0.00308641975308642,0.166144200626959,0.00162337662337662,0.990491283676704,0.0202492211838006,1,0.124416796267496,0.281645569620253,0.06,0.015552099533437,0.0016,0.695721077654517,0.0331230283911672,0.00154320987654321,0.998484848484849,0.971875,0.0016025641025641,0.00156985871271586,0.6828125,0.118110236220472,0.0375203915171289,0.0488188976377953,0.00154559505409583,0,0.8816,0.0015600624024961,0.996850393700787,0,0.0380952380952381,0,0.960691823899371,0.00153609831029186,0.0348101265822785,0,0.359937402190923,0.591414944356121,0.0207667731629393,0.996820349761526,0.1256038647343,0.00481540930979133,0.636217948717949,0.390282131661442,0.220820189274448,0,0.831496062992126,0.0253565768621236,0.00313479623824451,0.564541213063764,0,0.0315091210613599,0.967136150234742,0,0.0188383045525903,0.0062992125984252,0.050314465408805,0.316770186335404,0.993640699523052,0.130503144654088,0.758887171561051,0.81135225375626,0,0.380191693290735,0.4,0.386792452830189,0,0.720190779014308,0.0888888888888889,0.369565217391304,0.483076923076923,0.920731707317073,0,0,0,0.0277349768875193,0,0.0841269841269841,0,0,0,0.00314465408805031,0,0.00159744408945687,0.219047619047619,0.46412213740458,0,0,0,0.00941915227629513,0.037593984962406,0.277089783281734,0.998447204968944,0,0.102009273570325,0.395384615384615,0.00156739811912226,0.478260869565217,0.658767772511848,0,0.0204724409448819,1,0.0440944881889764,0.906497622820919,0,0.992401215805471,0.892455858747994,0.513029315960912,0.0235109717868339,0,0.05,0.0233281493001555,0.0015527950310559,0,0.934609250398724,0.0689655172413793,0.9967585089141,0,0.00155038759689922,0.993798449612403,0.00154320987654321,0.701726844583987,0.198767334360555,0.988745980707395,0.826086956521739,0.043343653250774,0,0.998420221169036,0.0276923076923077,0.993517017828201,0.345218800648298,0.6046875,0,0.89010989010989,0.261011419249592,0.741784037558685,0.0279503105590062,0.998422712933754,0.846273291925466,0.548013245033113,0.0544629349470499,0.12093023255814,0.0365079365079365,0.255663430420712,0,0.0201863354037267,0.998444790046656,0.0318979266347687,0.606741573033708,0.998477929984779,0,0.00157977883096367,0.00160771704180064,0.370662460567823,0.0171073094867807,0.868878357030016,0.810725552050473,0.059375,0.111111111111111,0,0,0.00952380952380952,0.0626003210272873,0.982677165354331,0.0159489633173844,0.0109546165884194,0.636220472440945,0.0782747603833866,0.256,0.0952380952380952,0,0.0348101265822785,0.64274322169059,0.00158227848101266,0.00156985871271586,0,0.367088607594937,0.0304975922953451,0.9984375,0.3184,0.623824451410658,0.206896551724138,0.311111111111111,0.0422960725075529,0.914893617021277,0.0127591706539075,0.0015625,0.020440251572327,0.682926829268293,0.879443585780526,0.0121765601217656,0,0,0.225155279503106,0.541341653666147,0.748807631160572,0.24251968503937,0.00158227848101266,0.120063191153239,0,0.109567901234568,0.998392282958199,0,0.184542586750789,0.998417721518987,1,0.733124018838305,0,0.0141287284144427,0.0913312693498452,0.00159235668789809,0.00775193798449612,0.910094637223975,0.998402555910543,0,0,0.82875605815832,0.930489731437599,0.850556438791733,0,0.998412698412698,0.00157728706624606,0.438948995363215,0.704113924050633,0,0.403755868544601,0.0287539936102236,0.341049382716049,0.357142857142857,0,0,0.608346709470305,0.497622820919176,0.0704441041347626,0.0108864696734059,0.604938271604938,0,0.0457413249211356,0.0423861852433281,0,0.0323076923076923,0.986024844720497,0.0193548387096774,0.561622464898596,0,0,0.477124183006536,0.167197452229299,0.998430141287284,0.865079365079365,0,0,0.24886191198786,0.974603174603175,0.00163398692810458,0.685847589424572,0.00618238021638331,0.998463901689708,0.621495327102804,0.678456591639871,0.132701421800948,0.905073649754501,0.995319812792512,0,0.963317384370016,0,0.00449101796407186,0.818035426731079,0.0181818181818182,0.996794871794872,0.00161812297734628,0,0.486280487804878,0.562998405103668,0.00157232704402516,0,0.00307692307692308,0,0.604166666666667,0.0152671755725191,0,0.323943661971831,0.0173228346456693,0.2578125,0.0512820512820513,0.959564541213064,0,0.0015527950310559,0.7424,0,0.316770186335404,0.998489425981873,0.980061349693252,0.00159489633173844,0.00162074554294976,0.0106707317073171,0.023696682464455,0.01743264659271,0,0.0285714285714286,0,0.628125,0.7140625,0.0108864696734059,0.00934579439252336,0.00775193798449612,0.00778816199376947,0.0219435736677116,0.984126984126984,0.0178282009724473,0.0438871473354232,0.284829721362229,0.0219435736677116,0,0.0343213728549142,0,0,0.0179910044977511,0,0.934782608695652,0.00158982511923688,0.046801872074883,0.722222222222222,0.783171521035599,0.876524390243902,0.0812101910828025,0.0015600624024961,0.897832817337461,0.00156494522691706,0.0015552099533437,0.379527559055118,0.578866768759571,0.789156626506024,0.821263482280431,0.353218210361067,0.998430141287284,0.876947040498442,0.438095238095238,0.731746031746032,0.300623052959502,0.992088607594937,0,0.998410174880763,0.656050955414013,0.00164473684210526,0.329249617151608,0.77217125382263,0.383647798742138,0.117378048780488,0.0122511485451761,0.0419354838709677,0.0192307692307692,0.00161290322580645,0.00318979266347687,0.452076677316294,0.579598145285935,0.00313479623824451,0.993975903614458,0.989296636085627,0.121875,0,0.00155763239875389,0.0307219662058372,0,0.883757961783439,0,0.05,0,0.0326594090202177,0.00158730158730159,0.993788819875776,0.161949685534591,0,0.33974358974359,0.375586854460094,0.103448275862069,0,0,0.0657894736842105,0.0618401206636501,0.0139968895800933,0,0,0.998381877022654,0.76625386996904,0.500782472613459,0,0.553291536050157,0,0.0769230769230769,0.00158227848101266,0.812400635930048,0.7640625,0,0.653354632587859,0.42015503875969,0.142633228840125,0.0374414976599064,0.214733542319749,1,0.0130293159609121,0.0976377952755905,0.00161812297734628,0,0.0202492211838006,0,0,0.981308411214953,0.636655948553055,0,0,0.171383647798742,0.0733652312599681,0.0509259259259259,0.288786482334869,0.969135802469136,0.99349593495935,0.168253968253968,0.168949771689498,0,0.984177215189873,0.0380952380952381,0,0.0144230769230769,0.0477657935285054,0.930489731437599,0,0.995305164319249,0.00156494522691706,0.545741324921136,0.925117004680187,0.895666131621188,0.890795631825273,0.316211878009631,0.907692307692308,0.00158982511923688,0,0.242902208201893,0.0201550387596899,0,0,1,0,0.998435054773083,0.00158982511923688,0.293354943273906,0.998394863563403,0.998397435897436,0.447495961227787,0.0411392405063291,0.576744186046512,0,1,0.0452342487883683,0.00626959247648903,0,0.808917197452229,0.995447647951442,1,0.983076923076923,1,0,0,0.989096573208723,0.0031055900621118,0.0016366612111293,0.0265210608424337,0.00463678516228748,0,0.996835443037975,0.00924499229583975,1,0.996850393700787,0,0.995297805642633,0.0496124031007752,1,0.908227848101266,0.998454404945904,1
